remote_unit_id,time_stamp,entries,exits,num_people_exited,sum_exit_entry,week_num,z_score_num_people_exited,z_score_sum_exit_entry
116,1546311600,90,164,74,254,1,-0.5184915273729889,-0.9957880479935205
116,1546326000,73,93,20,166,1,-0.6988225784513418,-1.1473022971139375
116,1546340400,126,237,111,363,1,-0.39493136274522866,-0.808116989423913
116,1546354800,245,497,252,742,1,0.07593304840380379,-0.15557266650757118
116,1546369200,338,798,460,1136,1,0.7705415414463481,0.5227979488724781
116,1546383600,404,339,0,743,1,-0.7656118566285095,-0.15385091367665735
116,1546398000,145,67,0,212,1,-0.7656118566285095,-1.0681016668919014
116,1546412400,25,226,201,251,1,-0.0943796109479739,-1.000953306486262
116,1546426800,305,1254,949,1559,1,2.403539392878099,1.2510993963490284
116,1546441200,329,797,468,1126,1,0.7972572527172151,0.5055804205633397
116,1546455600,1192,845,0,2037,1,-0.7656118566285095,2.074097249525839
116,1546470000,504,431,0,935,1,-0.7656118566285095,0.1767256298587981
116,1546484400,168,87,0,255,1,-0.7656118566285095,-0.9940662951626066
116,1546498800,36,236,200,272,1,-0.09771907485683229,-0.9647964970370715
116,1546513200,268,1286,1018,1554,1,2.633962402589327,1.242490632194459
116,1546527600,341,756,415,1097,1,0.6202656655477207,0.4556495884668387
116,1546542000,1099,1042,0,2141,1,-0.7656118566285095,2.253159543940878
116,1546556400,571,378,0,949,1,-0.7656118566285095,0.20083016949159174
116,1546570800,174,89,0,263,1,-0.7656118566285095,-0.9802922725152959
116,1546585200,35,241,206,276,1,-0.07768229140368198,-0.9579094857134162
116,1546599600,259,1282,1023,1541,1,2.6506597221336192,1.2201078453925793
116,1546614000,370,723,353,1093,1,0.4132189031985008,0.44876257714318335
116,1546628400,1085,964,0,2049,1,-0.7656118566285095,2.0947582834968053
116,1546642800,553,536,0,1089,1,-0.7656118566285095,0.441875565819528
116,1546657200,213,126,0,339,1,-0.7656118566285095,-0.8494390573658449
116,1546671600,32,109,77,141,1,-0.5084731356464137,-1.1903461178867834
116,1546686000,120,383,263,503,1,0.11266715140124603,-0.5670715930959767
116,1546700400,228,652,424,880,1,0.6503208407274462,0.08202922415853744
116,1546714800,431,712,281,1143,1,0.17277750176069698,0.5348502186888748
116,1546729200,328,428,100,756,1,-0.4316654657426709,-0.13146812687477755
116,1546743600,161,131,0,292,1,-0.7656118566285095,-0.9303614404187949
116,1546758000,33,70,37,103,1,-0.6420516920007492,-1.255772725461509
116,1546772400,122,326,204,448,1,-0.08436121922139875,-0.6617679987962374
116,1546786800,209,823,614,1032,1,1.2848189834105395,0.3437356544574397
116,1546801200,404,719,315,1123,1,0.2863192746618821,0.5004151620705982
116,1546815600,322,251,0,573,1,-0.7656118566285095,-0.4465488949320085
116,1546830000,89,51,0,140,1,-0.7656118566285095,-1.192067870717697
116,1546844400,32,222,190,254,1,-0.13111371394541615,-0.9957880479935205
116,1546858800,267,1282,1015,1549,1,2.6239440108627523,1.23388186803989
116,1546873200,275,634,359,909,1,0.4332556866516511,0.13196005625503854
116,1546887600,1144,744,0,1888,1,-0.7656118566285095,1.8175560777196786
116,1546902000,468,315,0,783,1,-0.7656118566285095,-0.08498080044010412
116,1546916400,130,67,0,197,2,-0.637733953693141,-1.093506834684961
116,1546930800,28,237,209,265,2,-0.021618100125191247,-0.9847615608293168
116,1546945200,235,1370,1135,1605,2,2.708158361137591,1.1581600122083797
116,1546959600,300,663,363,963,2,0.43236200250382434,0.13147669139479676
116,1546974000,1136,849,0,1985,2,-0.637733953693141,1.7658541896369804
116,1546988400,558,328,0,886,2,-0.637733953693141,0.008338660705317184
116,1547002800,124,83,0,207,2,-0.637733953693141,-1.0775148826473664
116,1547017200,29,237,208,266,2,-0.024566022869535506,-0.9831623656255574
116,1547031600,327,1330,1003,1657,2,2.3190325588841487,1.2413181628038725
116,1547046000,406,674,268,1080,2,0.15230934179111993,0.3185825302346553
116,1547060400,1285,874,0,2159,2,-0.637733953693141,2.0441141550911293
116,1547074800,588,352,0,940,2,-0.637733953693141,0.09469520170832883
116,1547089200,133,84,0,217,2,-0.637733953693141,-1.0615229306097715
116,1547103600,29,219,190,248,2,-0.07762863226773213,-1.011947879293228
116,1547118000,269,1399,1130,1668,2,2.6934187474158695,1.2589093100452267
116,1547132400,349,699,350,1048,2,0.394039006827349,0.26740828371435216
116,1547146800,1196,921,0,2117,2,-0.637733953693141,1.976947956533231
116,1547161200,591,334,0,925,2,-0.637733953693141,0.07070727365193671
116,1547175600,138,78,0,216,2,-0.637733953693141,-1.063122125813531
116,1547190000,28,199,171,227,2,-0.13363916441027301,-1.045530978572177
116,1547204400,251,1314,1063,1565,2,2.4959079235448045,1.0941922040580008
116,1547218800,361,666,305,1027,2,0.26138248333185743,0.23382518443540315
116,1547233200,1277,883,0,2160,2,-0.637733953693141,2.0457133502948883
116,1547247600,590,427,0,1017,2,-0.637733953693141,0.2178332323978084
116,1547262000,292,112,0,404,2,-0.637733953693141,-0.7624734275067497
116,1547276400,174,106,0,280,2,-0.637733953693141,-0.9607736327729247
116,1547290800,122,299,177,421,2,-0.11595162794420748,-0.7352871090428387
116,1547305200,371,657,286,1028,2,0.20537195118931656,0.23542437963916263
116,1547319600,575,563,0,1138,2,-0.637733953693141,0.4113358520527049
116,1547334000,331,415,84,746,2,-0.3901084431682234,-0.21554866782100932
116,1547348400,175,136,0,311,2,-0.637733953693141,-0.911198581456381
116,1547362800,41,77,36,118,2,-0.5316087348967478,-1.2198432557819596
116,1547377200,103,298,195,401,2,-0.06288901854601085,-0.7672710131180281
116,1547391600,185,535,350,720,2,0.394039006827349,-0.2571277431187557
116,1547406000,368,411,43,779,2,-0.510973275686338,-0.16277522609694664
116,1547420400,272,195,0,467,2,-0.637733953693141,-0.6617241296699028
116,1547434800,86,67,0,153,2,-0.637733953693141,-1.163871423650378
116,1547449200,29,209,180,238,2,-0.1071078597111747,-1.0279398313308226
116,1547463600,251,1316,1065,1567,2,2.5018037690334927,1.0973905944655196
116,1547478000,330,605,275,935,2,0.17294480100152973,0.08669922568953146
116,1547492400,1206,675,0,1881,2,-0.637733953693141,1.5995378884459948
116,1547506800,473,288,0,761,2,-0.637733953693141,-0.19156073976461718
116,1547521200,129,80,0,209,3,-0.7900401129840962,-1.1196831582434863
116,1547535600,32,228,196,260,3,-0.16179337707943237,-1.031660208011991
116,1547550000,250,1310,1060,1560,3,2.6076208056839834,1.212062052790826
116,1547564400,349,660,311,1009,3,0.20682077919116115,0.26106900225055496
116,1547578800,1156,900,0,2056,3,-0.7900401129840962,2.0681283922971314
116,1547593200,598,333,0,931,3,-0.7900401129840962,0.12644566660238596
116,1547607600,151,101,0,252,3,-0.7900401129840962,-1.0454677296169315
116,1547622000,29,225,196,254,3,-0.16179337707943237,-1.0420158492156963
116,1547636400,273,1348,1075,1621,3,2.655700913023626,1.3173444050284964
116,1547650800,381,702,321,1083,3,0.23887418408425626,0.38878857709625375
116,1547665200,1230,764,0,1994,3,-0.7900401129840962,1.9611200998588432
116,1547679600,563,376,0,939,3,-0.7900401129840962,0.14025318820732635
116,1547694000,166,93,0,259,3,-0.7900401129840962,-1.0333861482126085
116,1547708400,28,239,211,267,3,-0.11371326973978974,-1.0195786266076683
116,1547722800,286,1332,1046,1618,3,2.5627460388336503,1.3121665844266437
116,1547737200,389,665,276,1054,3,0.09463386206532834,0.33873631127834475
116,1547751600,1224,902,0,2126,3,-0.7900401129840962,2.18894420634036
116,1547766000,599,390,0,989,3,-0.7900401129840962,0.22655019823820394
116,1547780400,178,117,0,295,3,-0.7900401129840962,-0.9712523009903767
116,1547794800,35,235,200,270,3,-0.14897201512219435,-1.0144008060058156
116,1547809200,249,1248,999,1497,3,2.4120950358361033,1.10332782015192
116,1547823600,386,628,242,1014,3,-0.014347714571194962,0.2696987032536427
116,1547838000,1088,845,0,1933,3,-0.7900401129840962,1.8558377476211725
116,1547852400,462,473,11,935,3,-0.7547813676016916,0.13334942740485614
116,1547866800,210,165,0,375,3,-0.7900401129840962,-0.8331770849409726
116,1547881200,32,148,116,180,3,-0.4182206162241931,-1.1697354240613953
116,1547895600,153,527,374,680,3,0.40875723001766023,-0.30676532375261945
116,1547910000,295,920,625,1215,3,1.213297692834347,0.6166126835777705
116,1547924400,401,933,532,1334,3,0.9152010273285627,0.8219995674512591
116,1547938800,372,604,232,976,3,-0.046401119464290055,0.20411297563017577
116,1547953200,157,108,0,265,3,-0.7900401129840962,-1.0230305070089034
116,1547967600,25,75,50,100,3,-0.6297730885186207,-1.3078106401107994
116,1547982000,135,482,347,617,3,0.3222130368063035,-0.4154995563915252
116,1547996400,242,907,665,1149,3,1.3415113124067273,0.5027006303370122
116,1548010800,419,696,277,1115,3,0.09783920255463785,0.44401866351601543
116,1548025200,320,366,46,686,3,-0.6425944504758587,-0.29640968254891414
116,1548039600,102,75,0,177,3,-0.7900401129840962,-1.1749132446632478
116,1548054000,22,139,117,161,3,-0.41501527573488356,-1.2025282878731287
116,1548068400,112,438,326,550,3,0.2549008865308038,-0.5311375498329012
116,1548082800,258,539,281,797,3,0.11066056451187589,-0.10483032028036594
116,1548097200,289,509,220,798,3,-0.08486520533600415,-0.1031043800797484
116,1548111600,227,198,0,425,3,-0.7900401129840962,-0.7468800749100951
116,1548126000,68,51,0,119,4,-0.7631564757439311,-1.3092244941456412
116,1548140400,26,252,226,278,4,-0.1750836337434932,-1.0619466942218754
116,1548154800,262,1330,1068,1592,4,2.0158780165413246,0.9815943692990583
116,1548169200,339,630,291,969,4,-0.0059476393628362665,0.012700851358767794
116,1548183600,1230,698,0,1928,4,-0.7631564757439311,1.504143682345507
116,1548198000,523,362,0,885,4,-0.7631564757439311,-0.11793647690284441
116,1548212400,124,55,0,179,4,-0.7631564757439311,-1.2159121168159184
116,1548226800,21,227,206,248,4,-0.22712547816831072,-1.108602882886737
116,1548241200,303,1298,995,1601,4,1.8259252843907405,0.9955912258985167
116,1548255600,369,701,332,1070,4,0.10073814170803964,0.16977668653046818
116,1548270000,1385,795,0,2180,4,-0.7631564757439311,1.8960556671303435
116,1548284400,518,383,0,901,4,-0.7631564757439311,-0.09305317628158494
116,1548298800,144,76,0,220,4,-0.7631564757439311,-1.152148658973941
116,1548313200,36,203,167,239,4,-0.32860707479670487,-1.1225997394861953
116,1548327600,288,1303,1015,1591,4,1.877967128815558,0.9800391630102295
116,1548342000,342,1701,1359,2043,4,2.773086852922419,1.6829924055608092
116,1548356400,1244,934,0,2178,4,-0.7631564757439311,1.892945254552686
116,1548370800,576,424,0,1000,4,-0.7631564757439311,0.06091224631245801
116,1548385200,141,63,0,204,4,-0.7631564757439311,-1.1770319595952003
116,1548399600,31,244,213,275,4,-0.2089108326196246,-1.0666123130883616
116,1548414000,274,1388,1114,1662,4,2.1355742587184046,1.0904588095170684
116,1548428400,367,704,337,1071,4,0.11374860281424402,0.1713318928192969
116,1548442800,1132,971,0,2103,4,-0.7631564757439311,1.7763047828905323
116,1548457200,549,569,20,1118,4,-0.7111146313191136,0.24442658839424658
116,1548471600,216,178,0,394,4,-0.7631564757439311,-0.8815427647177443
116,1548486000,26,122,96,148,4,-0.513355622504807,-1.2641235117696086
116,1548500400,141,578,437,719,4,0.37395782493833163,-0.37610072084841134
116,1548514800,267,965,698,1232,4,1.0531038946822002,0.4217201053207203
116,1548529200,461,887,426,1348,4,0.34533481050468195,0.6021240348248514
116,1548543600,425,622,197,1047,4,-0.2505443081594786,0.1340069418874077
116,1548558000,214,186,0,400,4,-0.7631564757439311,-0.872211526984772
116,1548572400,40,72,32,112,4,-0.6798895246642231,-1.3201109381674423
116,1548586800,126,486,360,612,4,0.17359672390278416,-0.542507793753084
116,1548601200,235,889,654,1124,4,0.9386118369476016,0.25375782612721887
116,1548615600,431,803,372,1234,4,0.20482183055767467,0.4248305178983777
116,1548630000,329,319,0,648,4,-0.7631564757439311,-0.4865203673552502
116,1548644400,108,76,0,184,4,-0.7631564757439311,-1.2081360853717749
116,1548658800,29,248,219,277,4,-0.19329827929217933,-1.063501900510704
116,1548673200,242,1395,1153,1637,4,2.237055855346799,1.0515786522963506
116,1548687600,306,637,331,943,4,0.09813604948679877,-0.02773451215077884
116,1548702000,1052,720,0,1772,4,-0.7631564757439311,1.2615315012882273
116,1548716400,472,398,0,870,4,-0.7631564757439311,-0.14126457123527517
116,1548730800,133,84,0,217,5,-0.6931706893466402,-1.048969990377791
116,1548745200,27,240,213,267,5,-0.02255166074984313,-0.969457739661663
116,1548759600,282,1395,1113,1677,5,2.8110498685323977,1.2727877305331425
116,1548774000,295,615,320,910,5,0.3143320766203788,0.0530698045477412
116,1548788400,1678,826,0,2504,5,-0.6931706893466402,2.587920357377897
116,1548802800,661,344,0,1005,5,-0.6931706893466402,0.20414308090838412
116,1548817200,129,66,0,195,5,-0.6931706893466402,-1.0839553806928872
116,1548831600,28,245,217,273,5,-0.009957876175255393,-0.9599162695757277
116,1548846000,281,1307,1026,1588,5,2.5371350540351147,1.131255924258435
116,1548860400,316,750,434,1066,5,0.6732549369961294,0.3011480267820601
116,1548862313,70,91,21,161,5,-0.6270533203300546,-1.1380237111798541
116,1548874800,1224,931,0,2155,5,-0.6931706893466402,2.032924847379325
116,1548889200,527,374,0,901,5,-0.6931706893466402,0.03875759941883818
116,1548903600,106,76,0,182,5,-0.6931706893466402,-1.1046285658790804
116,1548918000,23,233,210,256,5,-0.031996999180783935,-0.9869504348192112
116,1548932400,254,1330,1076,1584,5,2.6945573612174614,1.1248949442011447
116,1548946800,314,645,331,959,5,0.3489649842004951,0.1309918102495465
116,1548961200,1079,984,0,2063,5,-0.6931706893466402,1.8866223060616494
116,1548975600,498,380,0,878,5,-0.6931706893466402,0.002181964089419369
116,1548990000,130,75,0,205,5,-0.6931706893466402,-1.0680529305496615
116,1549004400,29,238,209,267,5,-0.03514544532443087,-0.969457739661663
116,1549018800,238,1158,920,1396,5,2.2033997628085396,0.825928881508504
116,1549033200,350,626,276,976,5,0.17580044629991373,0.15802597549302996
116,1549047600,1164,838,0,2002,5,-0.6931706893466402,1.7896173601879735
116,1549062000,500,492,0,992,5,-0.6931706893466402,0.18346989572219088
116,1549076400,215,131,0,346,5,-0.6931706893466402,-0.8438283835301811
116,1549090800,34,99,65,133,5,-0.4885216900095894,-1.1825505715808857
116,1549105200,124,443,319,567,5,0.3111836304767319,-0.4923842353648959
116,1549119600,292,681,389,973,5,0.5315748605320173,0.1532552404500623
116,1549134000,496,638,142,1134,5,-0.24609133694877547,0.409284687755994
116,1549148400,375,471,96,846,5,-0.39091985955653447,-0.04870587636890246
116,1549162800,232,126,0,358,5,-0.6931706893466402,-0.8247454433583103
116,1549177200,35,84,49,119,5,-0.5388968283079404,-1.2048140017814015
116,1549191600,151,352,201,503,5,-0.060333014473606346,-0.5941599162815396
116,1549206000,264,604,340,868,5,0.3773009994933175,-0.013720486053806203
116,1549220400,512,543,31,1055,5,-0.5955688588935851,0.283655331624512
116,1549234800,331,231,0,562,5,-0.6931706893466402,-0.5003354604365087
116,1549249200,93,79,0,172,5,-0.6931706893466402,-1.120531016022306
116,1549263600,34,244,210,278,5,-0.031996999180783935,-0.9519650445041149
116,1549278000,287,1222,935,1509,5,2.2506264549632435,1.005626568126953
116,1549292400,308,632,324,940,5,0.3269258611949666,0.10077715497741792
116,1549306800,1069,718,0,1787,5,-0.6931706893466402,1.447714682108624
116,1549321200,480,386,0,866,5,-0.6931706893466402,-0.016900976082451318
116,1549335600,129,55,0,184,6,-0.723724501752037,-1.2070743200771863
116,1549350000,31,239,208,270,6,-0.08451135370777502,-1.0666616942642078
116,1549364400,291,1282,991,1573,6,2.321757371862692,1.0607528572975484
116,1549378800,325,647,322,972,6,0.26582662166263776,0.07949718155801241
116,1549393200,1094,912,0,2006,6,-0.723724501752037,1.7677141012163824
116,1549407600,599,416,0,1015,6,-0.723724501752037,0.14970349446450168
116,1549422000,160,67,0,227,6,-0.723724501752037,-1.1368680071706971
116,1549436400,28,208,180,236,6,-0.17055927748296412,-1.1221736626088736
116,1549450800,294,1366,1072,1660,6,2.5706817227837746,1.2027981880618408
116,1549465200,347,747,400,1094,6,0.5055315521792361,0.2786871856182843
116,1549479600,1239,954,0,2193,6,-0.723724501752037,2.073029927112045
116,1549494000,507,401,0,908,6,-0.723724501752037,-0.024995935326064634
116,1549508400,153,72,0,225,6,-0.723724501752037,-1.1401334170733244
116,1549522800,36,251,215,287,6,-0.06299937276397774,-1.0389057100918748
116,1549537200,266,1350,1084,1616,6,2.6075594044017127,1.1309591702040378
116,1549551600,344,690,346,1034,6,0.33958198489851416,0.18072488853946206
116,1549566000,1165,914,0,2079,6,-0.723724501752037,1.8869015626622827
116,1549580400,606,368,0,974,6,-0.723724501752037,0.08276259146063983
116,1549594800,176,61,0,237,6,-0.723724501752037,-1.12054095765756
116,1549609200,31,233,202,264,6,-0.10295019451674411,-1.07645792397209
116,1549623600,284,1251,967,1535,6,2.2480020086268153,0.9987100691476277
116,1549638000,404,676,272,1080,6,0.11216961492122866,0.2558293162998925
116,1549652400,1097,982,0,2079,6,-0.723724501752037,1.8869015626622827
116,1549666800,599,548,0,1147,6,-0.723724501752037,0.3652205480379106
116,1549681200,221,151,0,372,6,-0.723724501752037,-0.9001257892302099
116,1549695600,34,137,103,171,6,-0.4071910678647342,-1.2282994844442645
116,1549710000,157,409,252,566,6,0.05070681222466501,-0.5833810286753514
116,1549724400,322,781,459,1103,6,0.6868468201340988,0.29338153018010765
116,1549738800,521,779,258,1300,6,0.06914565303363411,0.6150244055889074
116,1549753200,382,487,105,869,6,-0.40104478759507783,-0.08867142842729908
116,1549767600,219,152,0,371,6,-0.723724501752037,-0.9017584941815237
116,1549782000,46,90,44,136,6,-0.588506335819597,-1.285444157740244
116,1549796400,137,424,287,561,6,0.1582667169436514,-0.5915445534319199
116,1549810800,315,672,357,987,6,0.3733865263816242,0.10398775582771798
116,1549825200,443,552,109,995,6,-0.38875222705576506,0.11704939543822761
116,1549839600,355,292,0,647,6,-0.723724501752037,-0.4511319276189414
116,1549854000,95,83,0,178,6,-0.723724501752037,-1.2168705497850685
116,1549868400,26,268,242,294,6,0.019975410876383187,-1.0274767754326788
116,1549882800,286,1360,1074,1646,6,2.576828003053431,1.179940318743449
116,1549897200,326,668,342,994,6,0.32728942435920144,0.1154166904869139
116,1549911600,1128,703,0,1831,6,-0.723724501752037,1.481990734736484
116,1549926000,481,382,0,863,6,-0.723724501752037,-0.09846765813518131
116,1549940400,122,79,0,201,7,-0.7609321798634996,-1.1072899402819563
116,1549954800,26,231,205,257,7,-0.09541646328839284,-1.0112470133764604
116,1549969200,268,1298,1030,1566,7,2.5828784936602074,1.2337564030395034
116,1549983600,338,622,284,960,7,0.16105056895274586,0.19443472974074544
116,1549998000,1047,822,0,1869,7,-0.7609321798634996,1.7534172396888823
116,1550012400,548,349,0,897,7,-0.7609321798634996,0.08638643697206269
116,1550026800,127,51,0,178,7,-0.7609321798634996,-1.1467361424038562
116,1550041200,32,208,176,240,7,-0.18956258904779819,-1.0404029019013432
116,1550046647,66,475,409,541,7,0.5668528351570792,-0.5241721697843034
116,1550046738,6,6,0,12,7,-0.7609321798634996,-1.4314348185880046
116,1550055600,233,1360,1127,1593,7,2.89778105223477,1.2800628142260817
116,1550070000,368,713,345,1081,7,0.35908207486046057,0.40195605394726314
116,1550084400,1211,843,0,2054,7,-0.7609321798634996,2.070701908930252
116,1550098800,602,438,0,1040,7,-0.7609321798634996,0.33163891103431087
116,1550113200,173,70,0,243,7,-0.7609321798634996,-1.0352577451028344
116,1550127600,26,256,230,282,7,-0.014256010047526167,-0.9683707067222214
116,1550142000,311,1363,1052,1674,7,2.6542996925121702,1.4189820477858166
116,1550156400,414,763,349,1177,7,0.3720677473789992,0.5666010714995416
116,1550170800,1228,1005,0,2233,7,-0.7609321798634996,2.3776962645746047
116,1550185200,629,513,0,1142,7,-0.7609321798634996,0.5065742421836067
116,1550199600,214,81,0,295,7,-0.7609321798634996,-0.946075027262017
116,1550214000,43,242,199,285,7,-0.11489497206620085,-0.9632255499237126
116,1550226413,247,1088,841,1335,7,1.9693054671592554,0.8375793295543332
116,1550228231,46,97,51,143,7,-0.5953648552521316,-1.2067629717197912
116,1550228400,187,1210,1023,1397,7,2.560153566752765,0.9439125700568465
116,1550242800,409,743,334,1152,7,0.3233714754344792,0.5237247648453024
116,1550257200,1027,1033,6,2060,7,-0.7414536710856916,2.0809922225272697
116,1550271600,513,563,50,1076,7,-0.5986112733817662,0.3933807926164153
116,1550286000,250,147,0,397,7,-0.7609321798634996,-0.771139696112721
116,1550300400,42,123,81,165,7,-0.49797231136309156,-1.1690318218640607
116,1550314800,201,483,282,684,7,0.15455773269347653,-0.27891969572205516
116,1550329200,243,700,457,943,7,0.7226809053795432,0.1652788412158628
116,1550343600,455,777,322,1232,7,0.2844144578788632,0.6609289461388678
116,1550358000,418,537,119,955,7,-0.37460842243697423,0.18585946840989762
116,1550372400,228,168,0,396,7,-0.7609321798634996,-0.7728547483788906
116,1550386800,46,75,29,121,7,-0.6667860541040942,-1.2444941215755216
116,1550401200,182,366,184,548,7,-0.16359124401072084,-0.5121668039211164
116,1550415600,266,714,448,980,7,0.6934631422128312,0.2287357750641368
116,1550430000,427,686,259,1113,7,0.07989011571187918,0.4568377264646893
116,1550444400,355,358,3,713,7,-0.7511929254745956,-0.22918318000313773
116,1550458800,111,89,0,200,7,-0.7609321798634996,-1.1090049925481258
116,1550473200,27,133,106,160,7,-0.4168118581222249,-1.1776070831949086
116,1550487600,191,486,295,677,7,0.1967611683787272,-0.2909250615852422
116,1550502000,292,574,282,866,7,0.15455773269347653,0.0332198167208061
116,1550516400,475,665,190,1140,7,-0.14411273523291285,0.5031441376512676
116,1550530800,329,343,14,672,7,-0.7154823260486143,-0.29950032291608997
116,1550545200,113,77,0,190,8,-0.7384728018133916,-1.3100528722059746
116,1550559600,31,215,184,246,8,-0.23899418444351306,-1.225411440601089
116,1550574000,319,1280,961,1599,8,1.8702171508629848,0.8195860051383786
116,1550588400,330,722,392,1052,8,0.3256338178006975,-0.007179407145057259
116,1550602800,1020,959,0,1979,8,-0.7384728018133916,1.3939385767429595
116,1550617200,562,394,0,956,8,-0.7384728018133916,-0.15227900418200396
116,1550631600,146,86,0,232,8,-0.7384728018133916,-1.2465717985023104
116,1550646000,32,237,205,269,8,-0.18198847267847257,-1.1906479954776539
116,1550660400,302,1369,1067,1671,8,2.1579602673912843,0.9284107029160887
116,1550674800,372,817,445,1189,8,0.4695053760648473,0.1998898094597521
116,1550689200,1070,845,0,1915,8,-0.7384728018133916,1.2972055120516617
116,1550703600,528,406,0,934,8,-0.7384728018133916,-0.18553099516963759
116,1550718000,149,93,0,242,8,-0.7384728018133916,-1.2314572571442952
116,1550732400,25,235,210,260,8,-0.16841568416298675,-1.2042510826998676
116,1550746800,360,1376,1016,1736,8,2.019517824533329,1.0266552217431881
116,1550761200,350,726,376,1076,8,0.28220089455114283,0.02909549211417942
116,1550775600,1049,1092,43,2141,8,-0.6217468205802135,1.638794146742807
116,1550790000,644,480,0,1124,8,-0.7384728018133916,0.10164529063265278
116,1550804400,175,99,0,274,8,-0.7384728018133916,-1.1830907247986462
116,1550818800,37,238,201,275,8,-0.19284670349086122,-1.1815792706628447
116,1550833200,295,1376,1081,1671,8,2.1959640752346448,0.9284107029160887
116,1550847600,418,757,339,1175,8,0.1817622595365477,0.1787294515585307
116,1550862000,1016,1007,0,2023,8,-0.7384728018133916,1.4604425587182266
116,1550876400,562,571,9,1133,8,-0.7140417824855171,0.11524837785486652
116,1551495600,9882,7679,0,17561,9,-0.8065983139859703,4.097691721156096
116,1551510000,42,113,71,155,9,-0.49750306802672883,-0.39179163620797564
116,1551524400,186,391,205,577,9,0.08585979054423375,-0.28294629685329115
116,1551538800,245,656,411,901,9,0.9826713492428777,-0.19937783725395997
116,1551553200,396,667,271,1063,9,0.373187765661275,-0.15759360745429435
116,1551567600,401,475,74,876,9,-0.4844427055214088,-0.20582602086501947
116,1551582000,217,177,0,394,9,-0.8065983139859703,-0.33014700088624677
116,1551596400,57,104,47,161,9,-0.6019859680692893,-0.39024407214132134
116,1551610800,191,366,175,557,9,-0.04474383450896684,-0.2881048437421388
116,1551625200,263,663,400,926,9,0.9347833533900375,-0.19292965364290046
116,1551639600,388,598,210,986,9,0.10762706138643384,-0.17745401297635763
116,1551654000,271,282,11,553,9,-0.75871031813313,-0.2891365531199083
116,1551668400,81,73,0,154,9,-0.8065983139859703,-0.39204956355241805
116,1551682800,31,196,165,227,9,-0.08827837619336704,-0.37322086740812427
116,1551697200,307,1246,939,1553,9,3.281295150179208,-0.031209208677528015
116,1551711600,295,651,356,946,9,0.7432313699786767,-0.18777110675405284
116,1551726000,931,737,0,1668,9,-0.8065983139859703,-0.0015475640666542817
116,1551740400,487,387,0,874,9,-0.8065983139859703,-0.20634187555390424
116,1551754800,158,83,0,241,10,-0.7602990350020484,-1.0547191131710054
116,1551769200,30,220,190,250,10,-0.14639776015469977,-1.0411445873017973
116,1551783600,346,1410,1064,1756,10,2.677548104143104,1.2303260748123472
116,1551798000,369,682,313,1051,10,0.25102253882542597,0.16698821505771783
116,1551812400,1323,1058,0,2381,10,-0.7602990350020484,2.1730014823962387
116,1551826800,618,416,0,1034,10,-0.7602990350020484,0.14134744397143598
116,1551841200,135,67,0,202,10,-0.7602990350020484,-1.1135420586042402
116,1551855600,29,265,236,294,10,0.002230969545184644,-0.9747802386078914
116,1551870000,337,1409,1072,1746,10,2.7033965788735186,1.215243268291005
116,1551884400,357,865,508,1222,10,0.8810791103792838,0.4249042065726705
116,1551898800,1200,875,0,2075,10,-0.7602990350020484,1.7114676028431657
116,1551913200,611,430,0,1041,10,-0.7602990350020484,0.15190540853637557
116,1551927600,143,77,0,220,10,-0.7602990350020484,-1.086393006865824
116,1551942000,32,241,209,273,10,-0.0850076326699649,-1.00645413230271
116,1551944672,25,140,115,165,10,-0.3887272107523374,-1.1693484427332066
116,1551956400,345,1269,924,1614,10,2.225199796360847,1.016150222209287
116,1551970800,396,748,352,1144,10,0.3770338531361975,0.3072583157062009
116,1551985200,1236,976,0,2212,10,-0.7602990350020484,1.9181020521855545
116,1551999600,609,453,0,1062,10,-0.7602990350020484,0.1835793022311943
116,1552014000,156,108,0,264,10,-0.7602990350020484,-1.0200286581719182
116,1552028400,35,242,207,277,10,-0.09146975135256857,-1.0004210096941732
116,1552042800,321,1251,930,1572,10,2.244586152408658,0.9528024348196497
116,1552057200,449,728,279,1177,10,0.14116652122116355,0.3570315772266303
116,1552071600,1186,1060,0,2246,10,-0.7602990350020484,1.9693835943581182
116,1552086000,501,537,36,1038,10,-0.6439808987151824,0.1473805665799729
116,1552100400,219,158,0,377,10,-0.7602990350020484,-0.8495929444807506
116,1552114800,39,126,87,165,10,-0.47919687230878877,-1.1693484427332066
116,1552129200,174,429,255,603,10,0.06362109702991951,-0.5087215170984155
116,1552143600,262,659,397,921,10,0.5224315234947801,-0.029088269719731576
116,1552158000,443,631,188,1074,10,-0.15285987883730345,0.20167867005680504
116,1552172400,418,483,65,901,10,-0.5502801778174292,-0.0592538827624161
116,1552190400,197,167,0,364,10,-0.7602990350020484,-0.8692005929584955
116,1552204800,45,144,99,189,10,-0.44042416021316677,-1.1331497070819851
116,1552219200,137,403,266,540,10,0.0991627497842397,-0.6037431981828717
116,1552233600,251,631,380,882,10,0.4675035146926489,-0.0879112151529664
116,1552248000,419,589,170,1008,10,-0.21101894698073648,0.1021321470159461
116,1552262400,267,239,0,506,10,-0.7602990350020484,-0.6550247403554355
116,1552276800,51,47,0,98,10,-0.7602990350020484,-1.2704032464261996
116,1552291200,71,469,398,540,10,0.5256625828360819,-0.6037431981828717
116,1552305600,349,1283,934,1632,10,2.2575103897738655,1.0432992739477032
116,1552320000,418,627,209,1045,10,-0.0850076326699649,0.15793853114491246
116,1552334400,1236,854,0,2090,10,-0.7602990350020484,1.734091812625179
116,1552348800,327,286,0,613,11,-0.8087689698935361,-0.5436219199447776
116,1552363200,61,74,13,135,11,-0.7642495770553598,-1.2804900358593923
116,1552377600,61,473,412,534,11,0.6021533262086667,-0.6654055625331763
116,1552392000,350,1302,952,1652,11,2.451420413332913,1.058064214857073
116,1552406400,462,760,298,1222,11,0.21175249670465912,0.3951912235531309
116,1552420800,1259,965,0,2224,11,-0.8087689698935361,1.9398394498009213
116,1552435200,473,298,0,771,11,-0.8087689698935361,-0.30005463476798033
116,1552449600,88,70,0,158,11,-0.8087689698935361,-1.2450340386501115
116,1552464000,67,468,401,535,11,0.5644830707302098,-0.6638639974371205
116,1552478400,353,1270,917,1623,11,2.331560509537823,1.0133588270714582
116,1552492800,442,715,273,1157,11,0.1261382797081662,0.29498949230951177
116,1552507200,1292,880,0,2172,11,-0.8087689698935361,1.859678064806026
116,1552521600,475,350,0,825,11,-0.8087689698935361,-0.21681011958097368
116,1552536000,84,54,0,138,11,-0.8087689698935361,-1.2758653405712252
116,1552550400,72,494,422,566,11,0.6363990130072639,-0.6160754794593946
116,1552564800,417,1329,912,1746,11,2.3144376661385246,1.2029713338863068
116,1552579200,508,750,242,1258,11,0.01997665063251504,0.4506875670111354
116,1552593600,1342,1032,0,2374,11,-0.8087689698935361,2.1710742142092734
116,1552608000,575,357,0,932,11,-0.8087689698935361,-0.05186265430301601
116,1552622400,92,70,0,162,11,-0.8087689698935361,-1.2388677782658888
116,1552636800,64,468,404,532,11,0.574756776769789,-0.6684886927252877
116,1552651200,438,1201,763,1639,11,1.8041769328394268,1.0380238686083492
116,1552665600,569,790,221,1359,11,-0.05193929164453898,0.606385641712759
116,1552680000,1275,1071,0,2346,11,-0.8087689698935361,2.1279103915197144
116,1552694400,439,395,0,834,11,-0.8087689698935361,-0.20293603371647256
116,1552708800,115,127,12,242,11,-0.7676741457352195,-1.1155425705814346
116,1552723200,44,232,188,276,11,-0.1649500580799096,-1.0631293573155414
116,1552737600,269,658,389,927,11,0.5233882465718932,-0.059570479783294404
116,1552752000,389,735,346,1124,11,0.37613179333792546,0.24411784413967436
116,1552766400,523,670,147,1193,11,-0.30535737395415796,0.35048583576751624
116,1552780800,373,402,29,775,11,-0.7094564781776044,-0.29388837438375764
116,1552795200,100,116,16,216,11,-0.7539758710157807,-1.1556232630788823
116,1552809600,42,158,116,200,11,-0.4115190030298091,-1.180288304615773
116,1552824000,198,553,355,751,11,0.4069529114566629,-0.33088593668909394
116,1552838400,305,604,299,909,11,0.21517706538451883,-0.08731865151229663
116,1552852800,378,461,83,839,11,-0.5245297694651797,-0.19522820823619416
116,1552867200,200,219,19,419,11,-0.7437021649762016,-0.8426855485795793
116,1552881600,35,46,11,81,11,-0.7710987144150793,-1.363734551046399
116,1552896000,59,476,417,535,11,0.6192761696079653,-0.6638639974371205
116,1552910400,323,1331,1008,1654,11,2.643196259405057,1.0611473450491842
116,1552924800,407,661,254,1068,11,0.06107147479083162,0.15779019876055633
116,1552939200,1183,658,0,1841,11,-0.8087689698935361,1.3494200180115963
116,1552953600,409,312,0,721,12,-0.7303270286417293,-0.37468849545760485
116,1552968000,80,61,0,141,12,-0.7303270286417293,-1.290267966753347
116,1552982400,74,452,378,526,12,0.6240324978991063,-0.6825126280484147
116,1552996800,444,1238,794,1682,12,2.1145445694361107,1.1423319733617197
116,1553011200,530,673,143,1203,12,-0.21796350405088408,0.3861896168950636
116,1553025600,1341,984,0,2325,12,-0.7303270286417293,2.1573623182637234
116,1553040000,505,361,0,866,12,-0.7303270286417293,-0.14579362763366935
116,1553054400,106,41,0,147,12,-0.7303270286417293,-1.280796454981322
116,1553068800,68,459,391,527,12,0.6706110001346377,-0.6809340427530772
116,1553083200,409,1296,887,1705,12,2.447760008505681,1.1786394351544818
116,1553097600,496,757,261,1253,12,0.20482597777932388,0.46511888166193793
116,1553112000,1341,906,0,2247,12,-0.7303270286417293,2.0342326652273997
116,1553126400,532,349,0,881,12,-0.7303270286417293,-0.12211484820360705
116,1553140800,98,62,0,160,12,-0.7303270286417293,-1.2602748461419349
116,1553155200,77,438,361,515,12,0.563122148821873,-0.6998770662971271
116,1553169600,366,1271,905,1637,12,2.51225331929334,1.0712956350715328
116,1553184000,457,735,278,1192,12,0.26573632685655724,0.3688251786463512
116,1553198400,1300,1004,0,2304,12,-0.7303270286417293,2.124212027061636
116,1553212800,559,284,0,843,12,-0.7303270286417293,-0.18210108942643152
116,1553227200,102,49,0,151,12,-0.7303270286417293,-1.2744821137999722
116,1553241600,76,435,359,511,12,0.555956225401022,-0.7061914074784771
116,1553256000,349,1160,811,1509,12,2.175454918513344,0.8692367172683344
116,1553270400,519,704,185,1223,12,-0.06747911221301345,0.41776132280181333
116,1553284800,1073,1059,0,2132,12,-0.7303270286417293,1.8526953562635886
116,1553299200,519,388,0,907,12,-0.7303270286417293,-0.08107163052483239
116,1553313600,158,104,0,262,12,-0.7303270286417293,-1.0992591460175112
116,1553328000,56,230,174,286,12,-0.10689169102769384,-1.0613730989294115
116,1553342400,331,491,160,822,12,-0.15705315497365072,-0.21525138062851873
116,1553356800,352,682,330,1034,12,0.45205033579868276,0.11940870198302839
116,1553371200,549,623,74,1172,12,-0.46518786207024293,0.33725347273960155
116,1553385600,462,348,0,810,12,-0.7303270286417293,-0.23419440417256857
116,1553400000,134,124,0,258,12,-0.7303270286417293,-1.1055734871988612
116,1553414400,49,146,97,195,12,-0.3827797427304567,-1.2050243608051228
116,1553428800,278,411,133,689,12,-0.25379312115513897,-0.42520322490840445
116,1553443200,327,627,300,954,12,0.344561484485918,-0.006878121643970528
116,1553457600,459,422,0,881,12,-0.7303270286417293,-0.12211484820360705
116,1553472000,257,240,0,497,12,-0.7303270286417293,-0.7282916016132018
116,1553486400,43,55,12,98,12,-0.6873314881166234,-1.3581471344528588
116,1553500800,60,452,392,512,12,0.6741939618450632,-0.7046128221831396
116,1553515200,320,1263,943,1583,12,2.6484058642895087,0.9860520291233085
116,1553529600,416,609,193,1025,12,-0.03881541852960952,0.10520143432499102
116,1553544000,1070,795,0,1865,12,-0.7303270286417293,1.4312130824084797
116,1553558400,440,321,0,761,13,-0.7988405023843059,-0.29350331113784633
116,1553572800,74,38,0,112,13,-0.7988405023843059,-1.336297009651326
116,1553587200,72,465,393,537,13,0.5674076928654458,-0.6534197802703878
116,1553601600,377,1252,875,1629,13,2.243060695690841,1.1011730067507521
116,1553616000,453,668,215,1121,13,-0.05140192228584123,0.28493387139659543
116,1553630400,1189,904,0,2093,13,-0.7988405023843059,1.8467142642395884
116,1553644800,580,291,0,871,13,-0.7988405023843059,-0.11675861647454466
116,1553659200,97,53,0,150,13,-0.7988405023843059,-1.2752397514949128
116,1553673600,54,493,439,547,13,0.7273247844213964,-0.6373520807555423
116,1553688000,387,1372,985,1759,13,2.625471132020288,1.310053100443745
116,1553702400,437,739,302,1176,13,0.25104996826563053,0.37330621872824626
116,1553716800,1284,845,0,2129,13,-0.7988405023843059,1.9045579824930325
116,1553731200,493,347,0,840,13,-0.7988405023843059,-0.16656848497056603
116,1553745600,91,48,0,139,13,-0.7988405023843059,-1.292914220961243
116,1553760000,58,463,405,521,13,0.6091251950104764,-0.6791280994941409
116,1553774400,370,1298,928,1668,13,2.427312996831393,1.16383703485865
116,1553788800,419,727,308,1146,13,0.2719087193381458,0.32510312018370946
116,1553803200,1289,945,0,2234,13,-0.7988405023843059,2.0732688273989113
116,1553817600,581,453,0,1034,13,-0.7988405023843059,0.14514488561743868
116,1553832000,106,52,0,158,13,-0.7988405023843059,-1.2623855918830362
116,1553846400,47,432,385,479,13,0.5395960247687588,-0.7466124374564924
116,1553860800,375,1206,831,1581,13,2.0900965211590625,1.0240480490794932
116,1553875200,491,783,292,1274,13,0.2162853831447717,0.5307696739737332
116,1553889600,1069,1004,0,2073,13,-0.7988405023843059,1.8145788652098973
116,1553904000,557,368,0,925,13,-0.7988405023843059,-0.0299930390943784
116,1553918400,148,101,0,249,13,-0.7988405023843059,-1.1161695262979412
116,1553932800,36,179,143,215,13,-0.30170693515602476,-1.1707997046484164
116,1553947200,250,434,184,684,13,-0.15917213616050357,-0.41722459740215745
116,1553961600,276,680,404,956,13,0.6056487364983905,0.019816829401642973
116,1553976000,448,774,326,1222,13,0.3344849725556917,0.44721763649653606
116,1553990400,436,404,0,840,13,-0.7988405023843059,-0.16656848497056603
116,1554004800,145,122,0,267,13,-0.7988405023843059,-1.0872476671712192
116,1554019200,45,138,93,183,13,-0.47552986076031883,-1.2222163430959223
116,1554033600,208,423,215,631,13,-0.05140192228584123,-0.5023834048308392
116,1554048000,257,614,357,871,13,0.44225518643035405,-0.11675861647454466
116,1554062400,382,536,154,918,13,-0.26346589152308003,-0.041240428754770325
116,1554076800,288,222,0,510,13,-0.7988405023843059,-0.696802568960471
116,1554091200,45,39,0,84,13,-0.7988405023843059,-1.3812865682928939
116,1554105600,64,409,345,473,13,0.40053768428532344,-0.7562530571653997
116,1554120000,327,1183,856,1510,13,2.1770079839612095,0.9099673825240895
116,1554134400,416,632,216,1048,13,-0.047925463773755346,0.16763966493822255
116,1554148800,1322,694,0,2016,13,-0.7988405023843059,1.7229929779752773
116,1554163200,438,287,0,725,14,-0.8824100928657564,-0.49910192428566513
116,1554177600,97,57,0,154,14,-0.8824100928657564,-1.376692828913484
116,1554192000,80,459,379,539,14,0.3971930644848049,-0.7849721664236237
116,1554206400,374,1165,791,1539,14,1.788212855588845,0.7519646192643256
116,1554220800,431,715,284,1146,14,0.07644820973994126,0.14794846248896149
116,1554235200,1286,982,0,2268,14,-0.8824100928657564,1.8723915360308405
116,1554249600,590,268,0,858,14,-0.8824100928657564,-0.2946893317891679
116,1554264000,97,54,0,151,14,-0.8824100928657564,-1.381303639270548
116,1554278400,68,487,419,555,14,0.532243529640537,-0.7603811778526165
116,1554292800,369,1230,861,1599,14,2.0245511696113763,0.8441808264056025
116,1554307200,523,721,198,1244,14,-0.21391029034488268,0.2985682674863805
116,1554321600,1354,1027,0,2381,14,-0.8824100928657564,2.046065392813579
116,1554336000,614,309,0,923,14,-0.8824100928657564,-0.1947884407194512
116,1554350400,118,41,0,159,14,-0.8824100928657564,-1.3690081449850444
116,1554364800,56,487,431,543,14,0.5727586691872566,-0.7788244192808719
116,1554379200,437,1274,837,1711,14,1.9435208905179369,1.0163177464026527
116,1554393600,483,714,231,1197,14,-0.10249365659140372,0.22633223855904688
116,1554408000,1239,1044,0,2283,14,-0.8824100928657564,1.8954455878161598
116,1554422400,588,353,0,941,14,-0.8824100928657564,-0.1671235785770681
116,1554436800,124,76,0,200,14,-0.8824100928657564,-1.3059937367718386
116,1554451200,63,433,370,496,14,0.3668067098247652,-0.8510604482082055
116,1554465600,404,1256,852,1660,14,1.9941648149513365,0.9379339703325674
116,1554480000,544,773,229,1317,14,-0.10924617984919031,0.4107646528416008
116,1554494400,1163,1037,0,2200,14,-0.8824100928657564,1.76787983460406
116,1554508800,537,396,0,933,14,-0.8824100928657564,-0.1794190728625717
116,1554523200,173,127,0,300,14,-0.8824100928657564,-1.1523000582030436
116,1554537600,53,245,192,298,14,-0.23416786011824248,-1.1553739317744194
116,1554552000,324,722,398,1046,14,0.46134203543377766,-0.005745216079833441
116,1554566400,357,1151,794,1508,14,1.7983416404755248,0.7043195789079991
116,1554580800,531,1280,749,1811,14,1.6464098671753264,1.1700114249714477
116,1554595200,575,660,85,1235,14,-0.5954278544098257,0.28473583641518896
116,1554609600,190,174,0,364,14,-0.8824100928657564,-1.053936103919015
116,1554624000,51,166,115,217,14,-0.49414000554302673,-1.2798658114151433
116,1554638400,293,580,287,873,14,0.08657699462662118,-0.2716352800038487
116,1554652800,355,927,572,1282,14,1.0488115588612121,0.35697186534252257
116,1554667200,444,865,421,1309,14,0.5389960528983236,0.3984691585560972
116,1554681600,356,397,41,753,14,-0.743983366081131,-0.4560676942864026
116,1554696000,73,108,35,181,14,-0.7642409358544908,-1.3351955356999095
116,1554710400,75,412,337,487,14,0.2553900760712863,-0.8648928792793971
116,1554724800,362,1221,859,1583,14,2.0177986463535893,0.8195898378345953
116,1554739200,406,616,210,1022,14,-0.17339515079816306,-0.04263169893634423
116,1554753600,1267,831,0,2098,14,-0.8824100928657564,1.6111122824638893
116,1554768000,455,265,0,720,15,-0.8271842805576737,-0.37517902172314216
116,1554782400,110,38,0,148,15,-0.8271842805576737,-1.2624774080983732
116,1554796800,68,467,399,535,15,0.5932942202458502,-0.6621548984354109
116,1554811200,350,1215,865,1565,15,2.252299186096582,0.9356026854220856
116,1554825600,433,663,230,1096,15,-0.008362087112033356,0.20808005743260413
116,1554840000,1297,1007,0,2304,15,-0.8271842805576737,2.0819549713159593
116,1554854400,600,303,0,903,15,-0.8271842805576737,-0.09130558692127626
116,1554868800,109,60,0,169,15,-0.8271842805576737,-1.2299017680391426
116,1554883200,71,472,401,543,15,0.600414413232334,-0.6497451307937993
116,1554897600,344,1274,930,1618,15,2.4837054581573064,1.0178173960477626
116,1554912000,483,832,349,1315,15,0.41528939558375444,0.5477974466217224
116,1554926400,1278,1039,0,2317,15,-0.8271842805576737,2.102120843733578
116,1554940800,608,361,0,969,15,-0.8271842805576737,0.011074996122019625
116,1554955200,110,36,0,146,15,-0.8271842805576737,-1.265579850008776
116,1554969600,73,428,355,501,15,0.4366499745432059,-0.7148964109122603
116,1554984000,382,1307,925,1689,15,2.465904975691097,1.1279540838670656
116,1554998400,481,707,226,1188,15,-0.02260247308500101,0.3507923853111378
116,1555012800,1252,1036,0,2288,15,-0.8271842805576737,2.057135436032736
116,1555027200,603,369,0,972,15,-0.8271842805576737,0.015728658987623986
116,1555041600,113,49,0,162,15,-0.8271842805576737,-1.2407603147255528
116,1555056000,63,430,367,493,15,0.4793711324621089,-0.7273061785538719
116,1555059807,48,375,327,423,15,0.3369672727324323,-0.8358916454179737
116,1555070400,380,1085,705,1465,15,1.6826837471778757,0.7804805899019402
116,1555084800,516,717,201,1233,15,-0.11160488541604886,0.4205973282952032
116,1555099200,1154,1130,0,2284,15,-0.8271842805576737,2.05093055221193
116,1555113600,501,333,0,834,15,-0.8271842805576737,-0.1983398328301765
116,1555128000,148,99,0,247,15,-0.8271842805576737,-1.1089065335334294
116,1555142400,36,208,172,244,15,-0.21484768372006438,-1.1135601963990338
116,1555156800,163,548,385,711,15,0.5434528693404633,-0.3891400103199552
116,1555171200,312,652,340,964,15,0.38324852714457724,0.0033188913460123616
116,1555185600,443,719,276,1162,15,0.1554023515770947,0.31046064047590005
116,1555200000,474,450,0,924,15,-0.8271842805576737,-0.05872994686204575
116,1555214400,171,94,0,265,15,-0.8271842805576737,-1.0809845563398033
116,1555228800,43,153,110,196,15,-0.4355736663010631,-1.1880188022487035
116,1555243200,171,501,330,672,15,0.3476475622121581,-0.4496376275728119
116,1555257600,312,648,336,960,15,0.36900814117160957,-0.0028859924747934498
116,1555272000,424,532,108,956,15,-0.4426938592875469,-0.009090876295599262
116,1555286400,317,288,0,605,15,-0.8271842805576737,-0.5535694315713092
116,1555300800,64,52,0,116,15,-0.8271842805576737,-1.3121164786648196
116,1555315200,52,465,413,517,15,0.643135571151237,-0.6900768756290371
116,1555329600,377,1343,966,1720,15,2.6118689319140156,1.1760419334783108
116,1555344000,449,724,275,1173,15,0.1518422550838528,0.32752407098311603
116,1555358400,1227,821,0,2048,15,-0.8271842805576737,1.6848424067843872
116,1555372800,398,311,0,709,16,-0.8679318307365068,-0.3956862704908915
116,1555387200,82,43,0,125,16,-0.8679318307365068,-1.288628845024021
116,1555401600,60,460,400,520,16,0.5817852856259226,-0.6846693982079489
116,1555416000,430,1346,916,1776,16,2.4519203657334563,1.2357687415413847
116,1555430400,467,737,270,1204,16,0.11062722280813299,0.36117430210140156
116,1555444800,1276,1133,0,2409,16,-0.8679318307365068,2.2036328677048624
116,1555459200,572,309,0,881,16,-0.8679318307365068,-0.1326963341557917
116,1555473600,97,40,0,137,16,-0.8679318307365068,-1.2702807099308746
116,1555488000,70,519,449,589,16,0.7593756323803201,-0.5791676214223566
116,1555502400,414,1315,901,1729,16,2.3975559738698653,1.1639052124265608
116,1555516800,478,844,366,1322,16,0.458559330735116,0.5415976305173421
116,1555531200,1315,1188,0,2503,16,-0.8679318307365068,2.34735992593451
116,1555545600,552,367,0,919,16,-0.8679318307365068,-0.0745939063608278
116,1555560000,105,50,0,155,16,-0.8679318307365068,-1.242758507291155
116,1555574400,59,472,413,531,16,0.6289010919077015,-0.6678502743725646
116,1555588800,428,1335,907,1763,16,2.419301730615302,1.2158915951904758
116,1555603200,546,724,178,1270,16,-0.22280771395522578,0.4620890451137073
116,1555617600,1156,1059,0,2215,16,-0.8679318307365068,1.9070046836989942
116,1555632000,588,378,0,966,16,-0.8679318307365068,-0.002730377246004018
116,1555646400,109,84,0,193,16,-0.8679318307365068,-1.184656079496191
116,1555660800,48,360,312,408,16,0.26284752002618805,-0.8559186590773162
116,1555675200,374,1079,705,1453,16,1.6871945868522749,0.7418981052841914
116,1555689600,508,911,403,1419,16,0.5926581639986408,0.6899117225202763
116,1555704000,656,1095,439,1751,16,0.7231327044712594,1.1975434600973294
116,1555718400,516,350,0,866,16,-0.8679318307365068,-0.15563150302222484
116,1555732800,135,62,0,197,16,-0.8679318307365068,-1.1785400344651422
116,1555747200,29,164,135,193,16,-0.3786523039641869,-1.184656079496191
116,1555761600,280,497,217,777,16,-0.0814602951098889,-0.29171350496306137
116,1555776000,255,664,409,919,16,0.6144039207440772,-0.0745939063608278
116,1555790400,427,798,371,1225,16,0.4766807946896464,0.3932835385144079
116,1555804800,411,348,0,759,16,-0.8679318307365068,-0.31923570760278114
116,1555819200,125,89,0,214,16,-0.8679318307365068,-1.1525468430831847
116,1555833600,37,133,96,170,16,-0.5199997228095238,-1.2198233384247217
116,1555848000,281,498,217,779,16,-0.0814602951098889,-0.28865548244753697
116,1555862400,323,673,350,996,16,0.4005706460806189,0.04313996048686223
116,1555876800,366,523,157,889,16,-0.2989178625642533,-0.12046424409369405
116,1555891200,265,268,3,533,16,-0.8570589523637886,-0.6647922518570402
116,1555905600,60,45,0,105,16,-0.8679318307365068,-1.3192090701792654
116,1555920000,56,402,346,458,16,0.38607347491699456,-0.7794680961892058
116,1555934400,409,1199,790,1608,16,1.995259474079291,0.9788948502373337
116,1555948800,371,679,308,1050,16,0.24835034886256377,0.12570656840602146
116,1555963200,1191,771,0,1962,16,-0.8679318307365068,1.5201648354851554
116,1555977600,446,285,0,731,17,-0.8040823998521963,-0.28960585020864515
116,1555992000,78,39,0,117,17,-0.8040823998521963,-1.2259380246027043
116,1556006400,68,422,354,490,17,0.46923881406584056,-0.6571238535131537
116,1556020800,401,1261,860,1662,17,2.289296820400662,1.1301421210631286
116,1556035200,430,712,282,1142,17,0.21025822818420592,0.3371572176675085
116,1556049600,1158,1110,0,2268,17,-0.8040823998521963,2.0542745277126397
116,1556064000,593,346,0,939,17,-0.8040823998521963,0.02758811114960292
116,1556078400,101,44,0,145,17,-0.8040823998521963,-1.1832388374967864
116,1556092800,95,444,349,539,17,0.4512540511573937,-0.5824002760777972
116,1556107200,423,1316,893,1739,17,2.407996255596411,1.2475648856044033
116,1556121600,408,775,367,1183,17,0.5159991976278023,0.399681027358317
116,1556136000,1198,1074,0,2272,17,-0.8040823998521963,2.0603744115849136
116,1556150400,516,350,0,866,17,-0.8040823998521963,-0.08373476951939761
116,1556164800,121,66,0,187,17,-0.8040823998521963,-1.1191900568379094
116,1556179200,72,488,416,560,17,0.6922498741305815,-0.5503758857483587
116,1556193600,391,1301,910,1692,17,2.46914444948513,1.1758912501051837
116,1556208000,481,726,245,1207,17,0.07717098266169925,0.43628033059196103
116,1556222400,1224,1158,0,2382,17,-0.8040823998521963,2.228121218072449
116,1556236800,559,352,0,911,17,-0.8040823998521963,-0.015111075956315093
116,1556251200,120,76,0,196,17,-0.8040823998521963,-1.105465318125293
116,1556265600,52,438,386,490,17,0.5843412966799004,-0.6571238535131537
116,1556266340,7,28,21,35,17,-0.7285463956367195,-1.3509856439843213
116,1556280000,338,1200,862,1538,17,2.2964907255640403,0.9410457210226346
116,1556294400,450,702,252,1152,17,0.10234965073352484,0.3524069273481935
116,1556308800,1040,1001,0,2041,17,-0.8040823998521963,1.7081061179610901
116,1556323200,446,371,0,817,17,-0.8040823998521963,-0.15845834695475414
116,1556337600,112,109,0,221,17,-0.8040823998521963,-1.0673410439235804
116,1556352000,47,167,120,214,17,-0.37244809004947194,-1.0780158407000597
116,1556366400,294,462,168,756,17,-0.19979436612838222,-0.25148157600693266
116,1556380800,306,720,414,1026,17,0.6850559689672028,0.16026058537156246
116,1556395200,381,792,411,1173,17,0.6742651112221346,0.384431317677632
116,1556409600,383,344,0,727,17,-0.8040823998521963,-0.29570573408091916
116,1556424000,119,96,0,215,17,-0.8040823998521963,-1.0764908697319913
116,1556438400,47,125,78,172,17,-0.5235200984804255,-1.142064621358937
116,1556452800,235,448,213,683,17,-0.03793149995236058,-0.3628044566759332
116,1556467200,237,677,440,914,17,0.7785767360911263,-0.010536163052109592
116,1556481600,393,548,155,941,17,-0.24655474969034402,0.030638053085739917
116,1556496000,294,253,0,547,17,-0.8040823998521963,-0.5702005083332492
116,1556510400,40,48,8,88,17,-0.7753067791986814,-1.270162182676691
116,1556524800,69,485,416,554,17,0.6922498741305815,-0.5595257115567697
116,1556526926,30,195,165,225,17,-0.21058522387345033,-1.0612411600513063
116,1556539200,407,1232,825,1639,17,2.163403480041534,1.095067788797553
116,1556553600,391,617,226,1008,17,0.008828883609601226,0.13281110794632944
116,1556568000,1292,824,0,2116,17,-0.8040823998521963,1.8224789405662276
116,1556582400,343,317,0,660,18,-0.8590860234764517,-0.4491271188708591
116,1556596800,60,54,0,114,18,-0.8590860234764517,-1.3138644074431103
116,1556611200,77,469,392,546,18,0.508312844485689,-0.6296766626386917
116,1556625600,362,1281,919,1643,18,2.346627138914384,1.1077167541447506
116,1556640000,444,684,240,1128,18,-0.021903043091467584,0.2920762713339276
116,1556654400,1210,1047,0,2257,18,-0.8590860234764517,2.080150261806586
116,1556668800,451,312,0,763,18,-0.8590860234764517,-0.2859990223086945
116,1556683200,250,45,0,295,18,-0.8590860234764517,-1.027202412513481
116,1556697600,70,505,435,575,18,0.658308128471332,-0.5837473927328396
116,1556712000,357,1287,930,1644,18,2.384998025515362,1.1093005220725385
116,1556726400,443,795,352,1238,18,0.36878234775485835,0.4662907433906082
116,1556740800,1303,949,0,2252,18,-0.8590860234764517,2.072231422167646
116,1556755200,440,320,0,760,18,-0.8590860234764517,-0.29075032609205853
116,1556769600,87,51,0,138,18,-0.8590860234764517,-1.275853977176198
116,1556784000,99,420,321,519,18,0.26064621278846456,-0.6724383966889679
116,1556790354,84,744,660,828,18,1.4431671725822546,-0.18305410700247413
116,1556798400,433,1274,841,1707,18,2.0745426702892638,1.209077901523183
116,1556812800,422,787,365,1209,18,0.4141297591923783,0.42036147348475605
116,1556827200,1146,1091,0,2237,18,-0.8590860234764517,2.048474903250826
116,1556841600,474,345,0,819,18,-0.8590860234764517,-0.19730801835256617
116,1556856000,80,67,0,147,18,-0.8590860234764517,-1.261600065826106
116,1556870400,69,436,367,505,18,0.42110628402891986,-0.694611147678
116,1556884800,366,1273,907,1639,18,2.3047679898951343,1.1013816824335985
116,1556899200,484,687,203,1171,18,-0.150968752567486,0.36017829222881187
116,1556913600,1098,983,0,2081,18,-0.8590860234764517,1.801407106515897
116,1556928000,407,433,26,840,18,-0.7683912006014118,-0.16404889186901805
116,1556942400,113,83,0,196,18,-0.8590860234764517,-1.1839954373644939
116,1556956800,51,205,154,256,18,-0.32189361106275355,-1.0889693616972134
116,1556971200,248,528,280,776,18,0.11762745363936311,-0.26541003924745044
116,1556985600,280,627,347,907,18,0.3513410356635045,-0.05793644070722167
116,1557000000,370,673,303,1043,18,0.19785748925959076,0.1574559974719471
116,1557014400,375,526,151,901,18,-0.33235839831756586,-0.06743904827394971
116,1557028800,93,93,0,186,18,-0.8590860234764517,-1.199833116642374
116,1557043200,33,140,107,173,18,-0.4858419447214796,-1.220422099703618
116,1557057600,213,470,257,683,18,0.03739741801913546,-0.412700456531735
116,1557072000,282,687,405,969,18,0.553660255923209,0.04025717081563469
116,1557086400,416,531,115,947,18,-0.4579358453753135,0.005414276404298561
116,1557100800,204,235,31,439,18,-0.750949888510058,-0.7991398309120084
116,1557115200,43,54,11,97,18,-0.8207151368754733,-1.3407884622155064
116,1557129600,72,450,378,522,18,0.4594771706298983,-0.6676870929056039
116,1557144000,393,1253,860,1646,18,2.1408196562364084,1.1124680579281145
116,1557158400,414,647,233,1061,18,-0.04632088001936296,0.18596382017213123
116,1557172800,1206,851,0,2057,18,-0.8590860234764517,1.7633966762489848
116,1557187200,383,279,0,662,19,-0.7802071818293445,-0.41149521734808686
116,1557201600,79,40,0,119,19,-0.7802071818293445,-1.2300351150227897
116,1557216000,60,456,396,516,19,0.44943423276230315,-0.6315814513453366
116,1557230400,354,1300,946,1654,19,2.157269530806258,1.0838852218661033
116,1557244800,427,708,281,1135,19,0.09234139771674892,0.30152388320464696
116,1557259200,1247,1053,0,2300,19,-0.7802071818293445,2.0576914353059896
116,1557273600,535,331,0,866,19,-0.7802071818293445,-0.1039774657354913
116,1557288000,80,44,0,124,19,-0.7802071818293445,-1.2224979152283635
116,1557302400,76,531,455,607,19,0.6326383829161093,-0.49440441508677685
116,1557316800,383,1376,993,1759,19,2.3032118199118323,1.242166417549057
116,1557331200,464,799,335,1263,19,0.26001977243379176,0.49447619794196185
116,1557345600,1227,964,0,2191,19,-0.7802071818293445,1.8933804797874947
116,1557360000,471,315,0,786,19,-0.7802071818293445,-0.22457266244631308
116,1557374400,71,52,0,123,19,-0.7802071818293445,-1.2240053551872487
116,1557388800,108,378,270,486,19,0.05818469175586982,-0.6768046501118948
116,1557403200,471,1620,1149,2091,19,2.787616013538845,1.7426364838989674
116,1557417600,446,683,237,1129,19,-0.04428542612676748,0.29247924345133536
116,1557432000,1261,1031,0,2292,19,-0.7802071818293445,2.045631915634907
116,1557446400,473,304,0,777,19,-0.7802071818293445,-0.23813962207628053
116,1557460800,92,40,0,132,19,-0.7802071818293445,-1.2104383955572813
116,1557475200,64,426,362,490,19,0.34385895979231323,-0.6707748902763537
116,1557489600,346,1220,874,1566,19,1.9336983645168675,0.9512305054841994
116,1557504000,475,656,181,1131,19,-0.21817411101851564,0.29549412336910585
116,1557518400,1111,990,0,2101,19,-0.7802071818293445,1.7577108834878203
116,1557532800,494,316,0,810,19,-0.7802071818293445,-0.18839410343306653
116,1557547200,103,76,0,179,19,-0.7802071818293445,-1.1395887174896735
116,1557561600,51,143,92,194,19,-0.4945329137929011,-1.1169771181063943
116,1557576000,172,507,335,679,19,0.26001977243379176,-0.3858687380470372
116,1557590400,249,720,471,969,19,0.6823208643137516,0.05128885002969176
116,1557604800,380,904,524,1284,19,0.8468940839434418,0.5261324370785525
116,1557619200,401,378,0,779,19,-0.7802071818293445,-0.23512474215850998
116,1557633600,109,60,0,169,19,-0.7802071818293445,-1.1546631170785262
116,1557648000,29,96,67,125,19,-0.5721617909767173,-1.220990475269478
116,1557662400,107,469,362,576,19,0.34385895979231323,-0.5411350538122203
116,1557676800,202,743,541,945,19,0.8996817204284367,0.015110291016445222
116,1557691200,323,478,155,801,19,-0.2989081432896844,-0.201961063063034
116,1557705600,223,215,0,438,19,-0.7802071818293445,-0.7491617681383879
116,1557720000,35,39,4,74,19,-0.7677865614799338,-1.297869913172627
116,1557734400,55,406,351,461,19,0.3097022538314341,-0.7144906490840266
116,1557748800,283,1266,983,1549,19,2.272160269038306,0.9256040261831497
116,1557763200,430,619,189,1049,19,-0.19333287031969448,0.17188404674051355
116,1557777600,1200,688,0,1888,19,-0.7802071818293445,1.4366261722452571
116,1557792000,381,251,0,632,20,-0.8382607132025411,-0.5697953279691252
116,1557806400,70,34,0,104,20,-0.8382607132025411,-1.4169814622663643
116,1557820800,63,480,417,543,20,0.5535953856815418,-0.7125975362124098
116,1557835200,337,1300,963,1637,20,2.376025673429046,1.0427464617443696
116,1557849600,432,707,275,1139,20,0.07962999949079887,0.2436959032594737
116,1557864000,1238,981,0,2219,20,-0.8382607132025411,1.9765766325038263
116,1557878400,473,281,0,754,20,-0.8382607132025411,-0.3740439863322631
116,1557892800,392,292,0,684,20,-0.8382607132025411,-0.4863603298943971
116,1557907200,73,499,426,572,20,0.5836354453696874,-0.6660664795938115
116,1557921600,391,1291,900,1682,20,2.1657452556120265,1.1149498254628845
116,1557936000,417,831,414,1248,20,0.5435820324521599,0.41858849537765375
116,1557950400,1280,957,0,2237,20,-0.8382607132025411,2.0054579779912323
116,1557964800,585,354,0,939,20,-0.8382607132025411,-0.07720793548948049
116,1557979200,117,66,0,183,20,-0.8382607132025411,-1.2902244459605274
116,1557993600,70,479,409,549,20,0.52689311040319,-0.7029704210499412
116,1558008000,354,1318,964,1672,20,2.37936345783884,1.0989046335254367
116,1558022400,487,766,279,1253,20,0.09298113712997472,0.4266110913463776
116,1558036800,1174,1038,0,2212,20,-0.8382607132025411,1.9653449981476128
116,1558051200,648,350,0,998,20,-0.8382607132025411,0.017458696941461006
116,1558065600,114,74,0,188,20,-0.8382607132025411,-1.2822018499918035
116,1558080000,78,481,403,559,20,0.5068664039444263,-0.6869252291124934
116,1558094400,348,1206,858,1554,20,2.02555831040068,0.9095713686635537
116,1558108800,518,720,202,1238,20,-0.1640282624241605,0.40254330344020606
116,1558123200,1003,1056,53,2059,20,-0.6613581394834611,1.7198535615046628
116,1558137600,530,384,0,914,20,-0.8382607132025411,-0.11732091533309977
116,1558152000,115,90,0,205,20,-0.8382607132025411,-1.2549250236981424
116,1558166400,45,190,145,235,20,-0.35428197378241644,-1.2067894478857992
116,1558180800,239,462,223,701,20,-0.09393478981848725,-0.45908350360073596
116,1558195200,278,733,455,1011,20,0.6804311932537124,0.038317446460143026
116,1558209600,432,871,439,1303,20,0.6270266426970089,0.5068370510336162
116,1558224000,448,504,56,952,20,-0.6513447862540792,-0.056349185970798465
116,1558238400,144,117,0,261,20,-0.8382607132025411,-1.1650719488484351
116,1558252800,40,140,100,180,20,-0.5044822722231448,-1.2950380035417617
116,1558267200,240,433,193,673,20,-0.19406832211230618,-0.5040100410255896
116,1558281600,269,658,389,927,20,0.46013742220731074,-0.09646216581441774
116,1558296000,390,557,167,947,20,-0.2808507167669492,-0.06437178193952232
116,1558310400,316,287,0,603,20,-0.8382607132025411,-0.6163263845877236
116,1558324800,53,51,0,104,20,-0.8382607132025411,-1.4169814622663643
116,1558339200,61,459,398,520,20,0.4901774818954564,-0.7495014776685396
116,1558353600,366,1295,929,1661,20,2.262541003496051,1.0812549223942443
116,1558368000,411,902,491,1313,20,0.800591432006295,0.5228822429710639
116,1558382400,1300,794,0,2094,20,-0.8382607132025411,1.77601173328573
116,1558396800,527,306,0,833,21,-0.7921177350948323,-0.0933821891583817
116,1558411200,91,48,0,139,21,-0.7921177350948323,-1.2491800870728236
116,1558425600,70,408,338,478,21,0.43201718406543754,-0.6846044568235501
116,1558440000,339,1290,951,1629,21,2.6521198628975244,1.2322880222823902
116,1558454400,499,754,255,1253,21,0.13141600569176182,0.6060920430088598
116,1558468800,1231,1057,0,2288,21,-0.7921177350948323,2.329796400849562
116,1558483200,598,319,0,917,21,-0.7921177350948323,0.04651265727506659
116,1558497600,102,59,0,161,21,-0.7921177350948323,-1.212540960625968
116,1558512000,83,467,384,550,21,0.5986154275014506,-0.5646945884520229
116,1558526400,358,1358,1000,1716,21,2.829583209166321,1.3771791132313187
116,1558540800,451,823,372,1274,21,0.5551550161703168,0.6410657546172218
116,1558555200,1241,1078,0,2319,21,-0.7921177350948323,2.3814242608428584
116,1558569600,581,342,0,923,21,-0.7921177350948323,0.05650514630602718
116,1558584000,123,66,0,189,21,-0.7921177350948323,-1.165909345148152
116,1558598400,64,472,408,536,21,0.6855362501637183,-0.588010396190931
116,1558612800,325,1378,1053,1703,21,3.021533359212162,1.355528720330904
116,1558627200,493,781,288,1274,21,0.25093213685237986,0.6410657546172218
116,1558641600,1188,1097,0,2285,21,-0.7921177350948323,2.324800156334082
116,1558656000,553,309,0,862,21,-0.7921177350948323,-0.04508515884207217
116,1558670400,112,79,0,191,21,-0.7921177350948323,-1.162578515471165
116,1558684800,60,456,396,516,21,0.6420758388325845,-0.6213186929607997
116,1558699200,373,1112,739,1485,21,1.8843192627141598,0.992468285539336
116,1558713600,731,678,0,1409,21,-0.7921177350948323,0.8658967578138351
116,1558728000,641,935,294,1576,21,0.2726623425179468,1.1440210358422382
116,1558742400,447,399,0,846,21,-0.7921177350948323,-0.07173179625796708
116,1558756800,139,99,0,238,21,-0.7921177350948323,-1.0843040180619739
116,1558771200,37,188,151,225,21,-0.24524089251139813,-1.1059544109623884
116,1558785600,234,497,263,731,21,0.16038961324585105,-0.2632545026847118
116,1558800000,263,605,342,868,21,0.4465039878424822,-0.035092669811111574
116,1558814400,406,705,299,1111,21,0.29077084723925256,0.3696031359427924
116,1558828800,411,320,0,731,21,-0.7921177350948323,-0.2632545026847118
116,1558843200,143,96,0,239,21,-0.7921177350948323,-1.0826386032234803
116,1558857600,40,145,105,185,21,-0.4118391359474112,-1.1725710045021256
116,1558872000,205,403,198,608,21,-0.07502094813112392,-0.4681005278194039
116,1558886400,269,659,390,928,21,0.6203456331670175,0.06483222049849434
116,1558900800,361,545,184,906,21,-0.12572476135078006,0.02819309405163884
116,1558915200,328,292,0,620,21,-0.7921177350948323,-0.4481155497574827
116,1558929600,74,59,0,133,21,-0.7921177350948323,-1.2591725761037842
116,1558944000,40,163,123,203,21,-0.3466485189507104,-1.142593537409244
116,1558958400,236,424,188,660,21,-0.11123795757373546,-0.38149895621774543
116,1558972800,264,518,254,782,21,0.12779430474750067,-0.17831834592154672
116,1558987200,305,516,211,821,21,-0.027938835855728927,-0.11336716722030288
116,1559001600,292,215,0,507,22,-0.8143011205278445,-0.6720816873360104
116,1559016000,59,52,0,111,22,-0.8143011205278445,-1.2641400890188772
116,1559030400,60,459,399,519,22,0.5467659229397016,-0.6541405236486507
116,1559044800,332,1295,963,1627,22,2.4706802400216463,1.002426923484219
116,1559059200,429,681,252,1110,22,0.04532017008323728,0.22946178795380948
116,1559073600,1172,958,0,2130,22,-0.8143011205278445,1.7544607013793752
116,1559088000,505,247,0,752,22,-0.8143011205278445,-0.3057829287190852
116,1559102400,105,29,0,134,22,-0.8143011205278445,-1.2297528586181046
116,1559116800,71,441,370,512,22,0.447841250607474,-0.6646062024662772
116,1559131200,344,1307,963,1651,22,2.4706802400216463,1.038309250858938
116,1559145600,473,780,307,1253,22,0.23293592795470353,0.44326065522817804
116,1559160000,1454,1022,0,2476,22,-0.8143011205278445,2.27176425436491
116,1559174400,522,277,0,799,22,-0.8143011205278445,-0.23551337094359345
116,1559188800,107,49,0,156,22,-0.8143011205278445,-1.1968607251912786
116,1559203200,120,506,386,626,22,0.5024203801700824,-0.494165147436361
116,1559217600,463,1272,809,1735,22,1.9453561179815408,1.1638973966704553
116,1559232000,453,791,338,1244,22,0.3386829914822572,0.4298047824626583
116,1559246400,1448,1040,0,2488,22,-0.8143011205278445,2.28970541805227
116,1559260800,537,292,0,829,22,-0.8143011205278445,-0.19066046172519446
116,1559275200,101,61,0,162,22,-0.8143011205278445,-1.1878901433475988
116,1559289600,95,506,411,601,22,0.5877002701116579,-0.5315425717850268
116,1559304000,410,1254,844,1664,22,2.064747963899747,1.0577455115202443
116,1559318400,554,741,187,1295,22,-0.1764075437648592,0.5060547281339366
116,1559332800,1124,1053,0,2177,22,-0.8143011205278445,1.8247302591548669
116,1559347200,545,420,0,965,22,-0.8143011205278445,0.012672726731547661
116,1559361600,142,121,0,263,22,-0.8143011205278445,-1.0368853489789889
116,1559376000,48,155,107,203,22,-0.44930319157790105,-1.126591167415787
116,1559390400,233,432,199,665,22,-0.13547319659290294,-0.4358563654524423
116,1559404800,252,676,424,928,22,0.6320458128812773,-0.04264586130447777
116,1559419200,330,748,418,1078,22,0.6115786392952991,0.18161868478751722
116,1559433600,347,359,12,706,22,-0.7733667733558882,-0.37455738952063033
116,1559448000,95,102,7,197,22,-0.7904227513442034,-1.1355617492594667
116,1559462400,36,93,57,129,22,-0.6198629714610522,-1.2372283434878377
116,1559476800,213,417,204,630,22,-0.11841721860458782,-0.48818475954057444
116,1559491200,241,686,445,927,22,0.7036809204322007,-0.0441409582784244
116,1559505600,376,532,156,908,22,-0.28215460729241293,-0.07254780078341043
116,1559520000,170,263,93,433,22,-0.4970599299451834,-0.7827188634080612
116,1559534400,159,39,0,198,22,-0.8143011205278445,-1.13406665228552
116,1559548800,77,471,394,548,22,0.5297099449513866,-0.6107827114041984
116,1559563200,354,1313,959,1667,22,2.4570354576309943,1.0622308024420841
116,1559577600,394,716,322,1110,22,0.28410386191964887,0.22946178795380948
116,1559592000,1279,782,0,2061,22,-0.8143011205278445,1.6512990101770575
116,1559606400,478,311,0,789,23,-0.821025765081307,-0.2879325823633782
116,1559620800,104,62,0,166,23,-0.821025765081307,-1.2676522117678197
116,1559635200,67,471,404,538,23,0.5613085454862279,-0.6826510847398065
116,1559649600,379,1280,901,1659,23,2.2618534770507446,1.0802152147182658
116,1559664000,404,670,266,1074,23,0.08912504336167389,0.16025376495647065
116,1559678400,1251,1217,0,2468,23,-0.821025765081307,2.352435407636714
116,1559692800,579,291,0,870,23,-0.821025765081307,-0.16055330470405277
116,1559707200,99,59,0,158,23,-0.821025765081307,-1.2802328811662718
116,1559721600,66,512,446,578,23,0.7050165678719617,-0.619747737747547
116,1559736000,370,1256,886,1626,23,2.210529183341554,1.0283199534496517
116,1559750400,441,905,464,1346,23,0.7666057203229905,0.5879965245038352
116,1559764800,1301,960,0,2261,23,-0.821025765081307,2.026910586951771
116,1559779200,521,336,0,857,23,-0.821025765081307,-0.18099689247653708
116,1559793600,101,52,0,153,23,-0.821025765081307,-1.2880957995403042
116,1559808000,85,463,378,548,23,0.4723464363902974,-0.6669252479917417
116,1559822400,357,1336,979,1693,23,2.528739804338536,1.1336830596616863
116,1559836800,478,795,317,1273,23,0.2636276419729221,0.4731979162429616
116,1559851200,1212,1130,0,2342,23,-0.821025765081307,2.1542898646110964
116,1559865600,584,342,0,926,23,-0.821025765081307,-0.07248861891488947
116,1559880000,128,73,0,201,23,-0.821025765081307,-1.2126117831495926
116,1559894400,120,459,339,579,23,0.3389032727464017,-0.6181751540727405
116,1559908800,372,1248,876,1620,23,2.176312987535427,1.0188844514008126
116,1559923200,508,706,198,1214,23,-0.1435450881199904,0.38041547942937887
116,1559937600,1034,1069,35,2103,23,-0.7012690797598621,1.778442366332346
116,1559952000,500,399,0,899,23,-0.821025765081307,-0.11494837813466463
116,1559966400,160,104,0,264,23,-0.821025765081307,-1.113539011636784
116,1559980800,48,199,151,247,23,-0.3043612084087877,-1.1402729341084943
116,1559995200,200,492,292,692,23,0.17808715245760434,-0.4404731988196075
116,1560009600,253,648,395,901,23,0.5305139692607135,-0.11180321078505165
116,1560024000,417,707,290,1124,23,0.17124391329637892,0.238882948696795
116,1560038400,414,388,0,802,23,-0.821025765081307,-0.26748899459089387
116,1560052800,136,75,0,211,23,-0.821025765081307,-1.1968859464015278
116,1560067200,46,160,114,206,23,-0.430961132891458,-1.2047488647755602
116,1560081600,233,538,305,771,23,0.22256820700556956,-0.316239088509895
116,1560096000,321,644,323,965,23,0.2841573594565983,-0.011157855597436471
116,1560110400,402,566,164,968,23,-0.2598801538608225,-0.006440104573017009
116,1560124800,307,244,0,551,23,-0.821025765081307,-0.6622074969673222
116,1560139200,77,58,0,135,23,-0.821025765081307,-1.3164023056868208
116,1560153600,72,480,408,552,23,0.5749950238086786,-0.6606349132925157
116,1560168000,329,1239,910,1568,23,2.292648053276259,0.9371101003108754
116,1560182400,454,691,237,1145,23,-0.010101924476094704,0.2719072058677312
116,1560196800,1071,714,0,1785,23,-0.821025765081307,1.2783607577438831
116,1560211200,350,268,0,618,24,-0.8342671970700316,-0.6659789041566765
116,1560225600,83,39,0,122,24,-0.8342671970700316,-1.3862308233972578
116,1560240000,104,439,335,543,24,0.23893412524085697,-0.7748879645257161
116,1560254400,350,1220,870,1570,24,1.9528526549015297,0.7164401021276648
116,1560268800,412,726,314,1138,24,0.17165881846912964,0.08912391440199732
116,1560283200,1116,992,0,2108,24,-0.8342671970700316,1.4976810951749082
116,1560297600,506,280,0,786,24,-0.8342671970700316,-0.4220226089300281
116,1560312000,98,40,0,138,24,-0.8342671970700316,-1.3629968905185292
116,1560326400,71,507,436,578,24,0.562496314952498,-0.7240637363534976
116,1560340800,383,1314,931,1697,24,2.1482714031432137,0.9008594443525717
116,1560355200,433,864,431,1297,24,0.5464783847687534,0.3200111223843611
116,1560369600,1174,1152,0,2326,24,-0.8342671970700316,1.814243430647583
116,1560384000,482,295,0,777,24,-0.8342671970700316,-0.4350916961743128
116,1560398400,88,48,0,136,24,-0.8342671970700316,-1.3659011321283703
116,1560412800,75,457,382,532,24,0.3895026689680563,-0.7908612933798418
116,1560427200,343,1173,830,1516,24,1.8247092134315728,0.6380255786619564
116,1560441600,471,794,323,1265,24,0.20049109279986993,0.2735432566269042
116,1560456000,1233,1013,0,2246,24,-0.8342671970700316,1.698073766253941
116,1560470400,483,314,0,797,24,-0.8342671970700316,-0.40604928007590224
116,1560484800,80,61,0,141,24,-0.8342671970700316,-1.3586405281037677
116,1560499200,73,444,371,517,24,0.35426322256381815,-0.8126431054536497
116,1560513600,403,1210,807,1613,24,1.7510267345863475,0.7788812967392474
116,1560528000,580,732,152,1312,24,-0.3473221194841956,0.34179293445816894
116,1560542400,999,1067,68,2066,24,-0.616423346571105,1.4366920213682461
116,1561161600,9860,8143,0,18003,25,-0.8182232082122204,4.090262375823764
116,1561176000,138,76,0,214,25,-0.8182232082122204,-0.3706034050465387
116,1561190400,56,142,86,198,25,-0.43440213963266977,-0.3746156515187364
116,1561204800,254,365,111,619,25,-0.32282624760373063,-0.2690434162190345
116,1561219200,273,611,338,884,25,0.6902828520190367,-0.20259058402326013
116,1561233600,333,822,489,1155,25,1.364201239873829,-0.13463315940041162
116,1561248000,358,380,22,738,25,-0.720036423226754,-0.23920233308206412
116,1561262400,110,81,0,191,25,-0.8182232082122204,-0.3763710093503229
116,1561276800,37,102,65,139,25,-0.5281258889369786,-0.3894108103849654
116,1561291200,218,360,142,578,25,-0.18447214148784608,-0.27932479780404107
116,1561305600,290,626,336,916,25,0.6813567806567216,-0.19456609107886474
116,1561320000,338,505,167,843,25,-0.07289624945890695,-0.21287196560826674
116,1561334400,271,311,40,582,25,-0.6397017809659178,-0.27832173618599165
116,1561348800,56,45,0,101,25,-0.8182232082122204,-0.39893989575643496
116,1561363200,70,489,419,559,25,1.0517887421927996,-0.28408934048977585
116,1561377600,371,1233,862,1604,25,3.0289135489456007,-0.022039492774363748
116,1561392000,431,654,223,1085,25,0.17703374868591673,-0.15218673771627655
116,1561406400,1184,861,0,2045,25,-0.8182232082122204,0.0885480506155853
116,1561420800,398,275,0,673,26,-0.8986303234552765,-0.5291829528508241
116,1561435200,73,43,0,116,26,-0.8986303234552765,-1.3598127166049958
116,1561449600,62,447,385,509,26,0.3731053959803809,-0.7737489874211727
116,1561464000,359,1333,974,1692,26,2.318695886233893,0.9904072253637201
116,1561478400,462,723,261,1185,26,-0.036492601967726926,0.23434027702733748
116,1561492800,1216,1016,0,2232,26,-0.8986303234552765,1.7956856318758436
116,1561507200,472,333,0,805,26,-0.8986303234552765,-0.33233712014786054
116,1561521600,81,46,0,127,26,-0.8986303234552765,-1.3434088972130822
116,1561536000,58,373,315,431,26,0.1418807197193523,-0.8900669794729238
116,1561550400,476,1679,1203,2155,26,3.0751308985735437,1.6808588961324482
116,1561564800,446,749,303,1195,26,0.10224220378889023,0.24925284011089532
116,1561579200,1235,1068,0,2303,26,-0.8986303234552765,1.9015648297691043
116,1561593600,501,388,0,889,26,-0.8986303234552765,-0.20707159024597466
116,1561608000,93,61,0,154,26,-0.8986303234552765,-1.303144976887476
116,1561622400,78,479,401,557,26,0.4259567505543303,-0.7021686846200951
116,1561636800,407,1321,914,1728,26,2.1205033065815826,1.0440924524645283
116,1561651200,460,834,374,1294,26,0.3367700897107907,0.39688721463811794
116,1561665600,1213,1288,75,2501,26,-0.6508895988898886,2.1968335788235493
116,1561680000,494,437,0,931,26,-0.8986303234552765,-0.14443882529503171
116,1561694400,118,96,0,214,26,-0.8986303234552765,-1.213669598386129
116,1561708800,73,387,314,460,26,0.13857751005848046,-0.8468205465306061
116,1561723200,374,1193,819,1567,26,1.8066983887987582,0.804000186819247
116,1561737600,624,789,165,1413,26,-0.3536007294114233,0.5743467153324563
116,1561752000,1044,1298,254,2342,26,-0.05961506959382979,1.9597238257949798
116,1561766400,447,572,125,1019,26,-0.4857291158462968,-0.013208270159722708
116,1561780800,181,178,0,359,26,-0.8986303234552765,-0.9974374336745403
116,1561795200,55,186,131,241,26,-0.46590985788106576,-1.1734056780605229
116,1561809600,227,498,271,725,26,-0.0034605053590085555,-0.4516376248163233
116,1561824000,308,725,417,1033,26,0.4788081051282797,0.00766931815725827
116,1561838400,403,906,503,1309,26,0.7628841359632577,0.4192560592634547
116,1561852800,381,535,154,916,26,-0.38993603568101354,-0.1668076699203685
116,1561867200,147,156,9,303,26,-0.8689014365074299,-1.0809477869424642
116,1561881600,45,153,108,198,26,-0.541883680081118,-1.2375296993198215
116,1561896000,269,506,237,775,26,-0.11576963382865102,-0.37707480939853405
116,1561910400,408,809,401,1217,26,0.4259567505543303,0.2820604788947226
116,1561924800,371,998,627,1369,26,1.1724821339113656,0.5087314377648018
116,1561939200,383,550,167,933,26,-0.3469943100896796,-0.14145631267832015
116,1561953600,98,112,14,210,26,-0.8523853882030707,-1.219634623619552
116,1561968000,75,478,403,553,26,0.43256316987607396,-0.7081337098535182
116,1561982400,380,1227,847,1607,26,1.8991882593031697,0.8636504391534784
116,1561996800,380,635,255,1015,26,-0.05631185993295795,-0.019173295393145846
116,1562011200,1095,820,0,1915,26,-0.8986303234552765,1.32295738212706
116,1562025600,402,329,0,731,27,-0.8915779498655758,-0.028460375086448924
116,1562040000,94,48,0,142,27,-0.8915779498655758,-1.16669969721671
116,1562054400,70,473,403,543,27,0.8859642366665123,-0.3917693607579075
116,1562068800,360,1282,922,1642,27,3.1751562833418316,1.732042209736417
116,1562083200,439,705,266,1144,27,0.28168810873873046,0.7696598966279787
116,1562097600,1141,948,0,2089,27,-0.8915779498655758,2.5958672980084487
116,1562112000,473,310,0,783,27,-0.8915779498655758,0.07202934435459281
116,1562126400,98,47,0,145,27,-0.8915779498655758,-1.160902213402804
116,1562139834,44,273,229,317,27,0.11848944645166529,-0.828513141405512
116,1562140800,59,453,394,512,27,0.8462672647588477,-0.4516766935016055
116,1562143196,23,220,197,243,27,-0.022655342553364037,-0.9715177421485329
116,1562155200,376,1103,727,1479,27,2.315055225342434,1.4170455891808438
116,1562169600,812,722,0,1534,27,-0.8915779498655758,1.5233327924357918
116,1562184000,692,967,275,1659,27,0.321385080646395,1.764894618015219
116,1562198400,482,318,0,800,27,-0.8915779498655758,0.10488175263339493
116,1562212800,103,71,0,174,27,-0.8915779498655758,-1.1048598698683767
116,1562227200,42,156,114,198,27,-0.38874963903515886,-1.0584799993571268
116,1562241600,223,309,86,532,27,-0.5122513294145595,-0.41302680140889714
116,1562256000,239,441,202,680,27,-0.0006014692713282044,-0.12701759992285525
116,1562270400,297,397,100,694,27,-0.4505004842248592,-0.0999626754579594
116,1562284800,192,483,291,675,27,0.3919574751489096,-0.13668007294603235
116,1562299200,78,89,11,167,27,-0.843059428645097,-1.1183873321008246
116,1562313600,54,360,306,414,27,0.45811909499501713,-0.6410611647558765
116,1562328000,257,743,486,1000,27,1.2520585331483072,0.49138067356047854
116,1562342400,366,665,299,1031,27,0.427243672400167,0.5512880063041765
116,1562356800,505,855,350,1360,27,0.6521931798769325,1.187078731229229
116,1562371200,418,350,0,768,27,-0.8915779498655758,0.043041925285061546
116,1562385600,100,76,0,176,27,-0.8915779498655758,-1.100994880659106
116,1562400000,38,151,113,189,27,-0.393160413691566,-1.0758724507988455
116,1562414400,230,364,134,594,27,-0.30053414590701555,-0.2932121359215012
116,1562428800,219,573,354,792,27,0.6698362785025611,0.08942179579631158
116,1562443200,344,607,263,951,27,0.26845578476950893,0.3966884379333431
116,1562457600,290,318,28,608,27,-0.7680762594861752,-0.26615721145660537
116,1562472000,87,68,0,155,27,-0.8915779498655758,-1.1415772673564497
116,1562486400,25,104,79,129,27,-0.5431267520094097,-1.1918221270769707
116,1562500800,205,406,201,611,27,-0.005012243927735371,-0.2603597276426991
116,1562515200,235,580,345,815,27,0.6301393065948966,0.1338691717029262
116,1562529600,327,464,137,791,27,-0.287301821937794,0.08748930119167617
116,1562544000,215,224,9,439,27,-0.8518809779579114,-0.592748799639991
116,1562558400,42,45,3,87,27,-0.8783456258963543,-1.272986900471658
116,1562572800,81,453,372,534,27,0.7492302223178902,-0.4091618121996263
116,1562587200,347,1230,883,1577,27,3.0031360717419524,1.6064300604351147
116,1562601600,356,671,315,1027,27,0.4978160669026816,0.5435580278856348
116,1562616000,1125,756,0,1881,27,-0.8915779498655758,2.193908420244282
116,1562630400,392,272,0,664,28,-0.8367944796382171,-0.40221121715258784
116,1562644800,72,51,0,123,28,-0.8367944796382171,-1.237625462208003
116,1562659200,75,444,369,519,28,0.4469160500359191,-0.6261207652728008
116,1562673600,382,1259,877,1641,28,2.2141923347905563,1.1064758760436055
116,1562688000,422,663,241,1085,28,0.0016180885229396332,0.2478985742860994
116,1562702400,1215,973,0,2188,28,-0.8367944796382171,1.9511553437798574
116,1562716800,504,314,0,818,28,-0.8367944796382171,-0.16440383501112027
116,1562731200,102,45,0,147,28,-0.8367944796382171,-1.2005645714846573
116,1562745600,79,448,369,527,28,0.4469160500359191,-0.6137671350316856
116,1562748961,126,366,240,492,28,-0.0018608018013805188,-0.6678142673365646
116,1562760000,306,1332,1026,1638,28,2.732546993114259,1.1018432647031875
116,1562774400,439,743,304,1182,28,0.22078817895510922,0.3976863409596212
116,1562788800,1235,1086,0,2321,28,-0.8367944796382171,2.1565344465383975
116,1562803200,489,333,0,822,28,-0.8367944796382171,-0.15822701989056268
116,1562817600,83,46,0,129,28,-0.8367944796382171,-1.2283602395271667
116,1562832000,88,438,350,526,28,0.3808171338738362,-0.615311338811825
116,1562846400,397,1346,949,1743,28,2.464672438141607,1.2639846616178243
116,1562860800,425,777,352,1202,28,0.38777491452247653,0.4285704165624092
116,1562875200,1211,1117,0,2328,28,-0.8367944796382171,2.1673438729993735
116,1562889600,409,274,0,683,28,-0.8367944796382171,-0.3728713453299392
116,1562904000,81,51,0,132,28,-0.8367944796382171,-1.2237276281867484
116,1562918400,51,466,415,517,28,0.6069450049546461,-0.6292091728330795
116,1562932800,364,1165,801,1529,28,1.949796670142225,0.9335250526679928
116,1562947200,586,748,162,1334,28,-0.2732142470983524,0.6324053155408099
116,1562961600,1014,1038,24,2052,28,-0.7533011118545334,1.741143629680899
116,1562976000,480,411,0,891,28,-0.8367944796382171,-0.051676959060944105
116,1562990400,118,93,0,211,28,-0.8367944796382171,-1.1017355295557358
116,1563004800,45,179,134,224,28,-0.37062317617931667,-1.0816608804139236
116,1563019200,280,417,137,697,28,-0.3601865052063562,-0.3512524924079876
116,1563033600,253,617,364,870,28,0.42952159841431836,-0.0841052384438715
116,1563048000,393,853,460,1246,28,0.763495069549053,0.49651538288854274
116,1563062400,274,662,388,936,28,0.513014966198002,0.017812211045328877
116,1563076800,76,123,47,199,28,-0.6732866343951699,-1.1202659749174086
116,1563091200,26,101,75,127,28,-0.5758777053142057,-1.2314486470874455
116,1563105600,237,328,91,565,28,-0.5202154601250832,-0.5550873913863884
116,1563120000,221,579,358,800,28,0.4086482564683974,-0.19219950305362948
116,1563134400,309,529,220,838,28,-0.07143860828778356,-0.13351975940833227
116,1563148800,208,252,44,460,28,-0.6837233053681303,-0.7172287883010253
116,1563163200,44,29,0,73,28,-0.8367944796382171,-1.314835651214973
116,1563177600,83,462,379,545,28,0.4817049532791206,-0.5859714669891763
116,1563192000,356,1256,900,1612,28,2.2942068122499197,1.061693966419563
116,1563206400,389,656,267,1045,28,0.09206923695526359,0.18613042308052344
116,1563220800,1154,917,0,2071,28,-0.8367944796382171,1.7704835015035476
116,1563235200,445,300,0,745,29,-0.8163441754473314,-0.25358937387273783
116,1563249600,89,38,0,127,29,-0.8163441754473314,-1.2101604810142552
116,1563264000,76,434,358,510,29,0.472863998276655,-0.6173340505365834
116,1563278400,417,1281,864,1698,29,2.2950409142105577,1.221511378725751
116,1563292800,427,736,309,1163,29,0.2964081309233719,0.393411795682528
116,1563307200,1221,1050,0,2271,29,-0.8163441754473314,2.108429249910362
116,1563321600,466,316,0,782,29,-0.8163441754473314,-0.19631893541928128
116,1563336000,91,46,0,137,29,-0.8163441754473314,-1.1946819841349428
116,1563350400,65,448,383,513,29,0.56289250202833,-0.6126905014727897
116,1563364800,399,1416,1017,1815,29,2.846015357170809,1.4026097922137082
116,1563379200,432,845,413,1277,29,0.67092670653034,0.5698666601066914
116,1563393600,1214,1178,0,2392,29,-0.8163441754473314,2.295719062150044
116,1563408000,421,254,0,675,29,-0.8163441754473314,-0.36193885202792586
116,1563422400,64,50,0,114,29,-0.8163441754473314,-1.2302825269573616
116,1563436800,69,485,416,554,29,0.681730126980541,-0.5492286642676081
116,1563451200,388,1191,803,1579,29,2.0753713650564705,1.0373172658619314
116,1563465600,449,715,266,1164,29,0.14155910447049086,0.39495964537045924
116,1563480000,1187,1135,0,2322,29,-0.8163441754473314,2.187369583994856
116,1563494400,504,345,0,849,29,-0.8163441754473314,-0.09261300632788699
116,1563508800,91,57,0,148,29,-0.8163441754473314,-1.1776556375676988
116,1563523200,67,464,397,531,29,0.613308464129268,-0.5848292070900271
116,1563537600,419,1158,739,1577,29,1.8448983954521825,1.0342215664860688
116,1563552000,591,757,166,1348,29,-0.21855491053620923,0.6797639879498107
116,1563566400,827,747,0,1574,29,-0.8163441754473314,1.029578017422275
116,1563580800,326,308,0,634,29,-0.8163441754473314,-0.4254006892331075
116,1563595200,126,64,0,190,29,-0.8163441754473314,-1.112645950674586
116,1563609600,40,152,112,192,29,-0.41301647863982727,-1.1095502512987234
116,1563624000,276,405,129,681,29,-0.35179709608868825,-0.3526517539003383
116,1563638400,237,572,335,809,29,0.3900377748251139,-0.15452699384513732
116,1563652800,275,738,463,1013,29,0.8509837140336901,0.16123434249283933
116,1563667200,252,306,54,558,29,-0.6218826073437134,-0.543037265515883
116,1563681600,88,79,0,167,29,-0.8163441754473314,-1.148246493497005
116,1563696000,29,120,91,149,29,-0.4886404217912343,-1.1761077878797677
116,1563710400,240,371,131,611,29,-0.3445948157885543,-0.4610012320555264
116,1563724800,219,547,328,766,29,0.3648297937746449,-0.2210845304261814
116,1563739200,293,547,254,840,29,0.09834542266968686,-0.10654365351926831
116,1563753600,230,252,22,482,29,-0.7371190921458574,-0.6606738417986586
116,1563768000,50,37,0,87,29,-0.8163441754473314,-1.2720744685315055
116,1563782400,70,448,378,518,29,0.5448868012779949,-0.6049512530331334
116,1563796800,391,1219,828,1610,29,2.1653998688081457,1.0853006061878003
116,1563811200,396,661,265,1057,29,0.13795796432042387,0.22933972876181466
116,1563825600,1159,783,0,1942,29,-0.8163441754473314,1.5991867025809778
116,1563840000,329,233,0,562,30,-0.8836719549981927,-0.586169554390643
116,1563854400,65,36,0,101,30,-0.8836719549981927,-1.2889632203830654
116,1563868800,67,451,384,518,30,0.5233634177148937,-0.6532474747890521
116,1563883200,405,1331,926,1736,30,2.5093352198255525,1.2035913216941811
116,1563897600,418,723,305,1141,30,0.23389520301610772,0.2965148981247856
116,1563912000,1223,963,0,2186,30,-0.8836719549981927,1.8896155075870014
116,1563926400,528,288,0,816,30,-0.8836719549981927,-0.19894701390891786
116,1563940800,93,52,0,145,30,-0.8836719549981927,-1.2218852999846563
116,1563955200,78,447,369,525,30,0.4684010984682888,-0.6425759874529416
116,1563969600,420,1250,830,1670,30,2.1575763766472806,1.1029744410965676
116,1563984000,425,833,408,1258,30,0.6113031285094617,0.4748811864569189
116,1563998400,1278,1079,0,2357,30,-0.8836719549981927,2.150304698226273
116,1564012800,548,315,0,863,30,-0.8836719549981927,-0.12729559893788997
116,1564027200,107,63,0,170,30,-0.8836719549981927,-1.183772845212833
116,1564041600,83,437,354,520,30,0.41343877922168387,-0.6501984784073063
116,1564056000,396,1272,876,1668,30,2.326127489003536,1.0999254447148217
116,1564070400,440,796,356,1236,30,0.4207670884545645,0.44134222625771435
116,1564084800,1165,1068,0,2233,30,-0.8836719549981927,1.9612669225580293
116,1564099200,527,383,0,910,30,-0.8836719549981927,-0.05564418396686208
116,1564113600,119,57,0,176,30,-0.8836719549981927,-1.1746258560675955
116,1564128000,68,440,372,508,30,0.4793935623176098,-0.6684924566977815
116,1564142400,398,1154,756,1552,30,1.8864289350306964,0.9230836545735615
116,1564156800,579,742,163,1321,30,-0.286414752518419,0.5709245724819138
116,1564171200,979,1174,195,2153,30,-0.1691618047923285,1.8393070672881946
116,1564185600,455,417,0,872,30,-0.8836719549981927,-0.11357511522003357
116,1564200000,120,102,0,222,30,-0.8836719549981927,-1.1044989392874405
116,1564214400,38,155,117,193,30,-0.4549658648746742,-1.1487093868227556
116,1564228800,233,423,190,656,30,-0.18748257787453015,-0.44286672444858727
116,1564243200,268,658,390,926,30,0.5453483454135357,-0.03125221291289514
116,1564257600,327,778,451,1105,30,0.7688617770163958,0.24163296325336
116,1564272000,325,434,109,759,30,-0.4842791018061968,-0.2858434107886751
116,1564286400,103,99,0,202,30,-0.8836719549981927,-1.1349889031048992
116,1564300800,31,98,67,129,30,-0.6381735956966906,-1.2462772710386234
116,1564315200,210,410,200,620,30,-0.15084103171012686,-0.4977486593200129
116,1564329600,277,664,387,941,30,0.5343558815642148,-0.008384740049801135
116,1564344000,307,564,257,871,30,0.05801578142697192,-0.1150996134109065
116,1564358400,196,274,78,470,30,-0.597867894915847,-0.726423387950953
116,1564372800,45,43,0,88,30,-0.8836719549981927,-1.3087816968644137
116,1564387200,67,462,395,529,30,0.5636691184957374,-0.6364779946894499
116,1564401600,411,1268,857,1679,30,2.25650855129117,1.116694924814424
116,1564416000,369,706,337,1075,30,0.3511481507421983,0.19589801752717198
116,1564430400,1172,919,0,2091,30,-0.8836719549981927,1.7447881794540727
116,1564444800,433,332,0,765,31,-0.8158622066952059,-0.44101950710290383
116,1564459200,114,41,0,155,31,-0.8158622066952059,-1.3593083497188627
116,1564472464,48,288,240,336,31,-0.04581765106027821,-1.0868324800246192
116,1564473600,75,451,376,526,31,0.3905409304661808,-0.800808086422927
116,1564488000,398,1285,887,1683,31,2.0300941301722144,0.9409299314568506
116,1564502400,463,721,258,1184,31,0.011935690612341376,0.18973955036609083
116,1564516800,1105,1021,0,2126,31,-0.8158622066952059,1.6078183860123747
116,1564531200,494,330,0,824,31,-0.8158622066952059,-0.35220140593185206
116,1564545600,92,70,0,162,31,-0.8158622066952059,-1.3487706089019582
116,1564560000,71,489,418,560,31,0.5252987277022932,-0.7496247738836769
116,1564574400,334,1278,944,1612,31,2.21297971213551,0.8340471317425341
116,1564588800,533,795,262,1328,31,0.024769766539590173,0.406515932885268
116,1564603200,1213,902,0,2115,31,-0.8158622066952059,1.5912590790143821
116,1564617600,439,327,0,766,31,-0.8158622066952059,-0.43951411555763176
116,1564632000,88,50,0,138,31,-0.8158622066952059,-1.3849000059884877
116,1564646400,83,424,341,507,31,0.2782427661027539,-0.8294105257830963
116,1564660800,402,1284,882,1686,31,2.0140515352631536,0.9454461060926668
116,1564675200,457,748,291,1205,31,0.11781681701214394,0.22135277281680418
116,1564689600,1176,1035,0,2211,31,-0.8158622066952059,1.7357766673605002
116,1564704000,556,442,0,998,31,-0.8158622066952059,-0.090263277054513
116,1564718400,147,53,0,200,31,-0.8158622066952059,-1.2915657301816197
116,1564732800,73,439,366,512,31,0.35845574064805885,-0.8218835680567359
116,1564747200,360,1203,843,1563,31,1.8889192949724778,0.760282946024203
116,1564761600,616,698,82,1314,31,-0.5527636501866057,0.3854404512514591
116,1564776000,903,1070,167,1973,31,-0.2800395367325687,1.377493479585749
116,1565395200,9894,7641,0,17535,32,-0.863686818222191,4.090155898443899
116,1565409600,132,73,0,205,32,-0.863686818222191,-0.37625276270315544
116,1565424000,39,137,98,176,32,-0.42271907658863245,-0.38372684528672524
116,1565438400,286,414,128,700,32,-0.28772895159876755,-0.2486779048111882
116,1565452800,255,634,379,889,32,0.8416884274831018,-0.19996750452516435
116,1565467200,333,790,457,1123,32,1.1926627524567504,-0.1396593898853253
116,1565481600,328,360,32,688,32,-0.7196973515663351,-0.2517706286388723
116,1565496000,124,75,0,199,32,-0.863686818222191,-0.3777991246169975
116,1565510400,35,84,49,119,32,-0.6432029474054117,-0.39841728346822447
116,1565524800,236,407,171,643,32,-0.09424310577996127,-0.26336834299268747
116,1565539200,299,606,307,905,32,0.5177121275074261,-0.19584387275491896
116,1565553600,352,537,185,889,32,-0.03124771411802433,-0.19996750452516435
116,1565568000,259,315,56,574,32,-0.6117052515744432,-0.28115150500187075
116,1565582400,53,52,0,105,32,-0.863686818222191,-0.40202546126718924
116,1565596800,80,436,356,516,32,0.7381959983242053,-0.2960996701690104
116,1565611200,395,1256,861,1651,32,3.0105297689869306,-0.003579541467226921
116,1565625600,396,772,376,1168,32,0.8281894149841152,-0.1280616755315101
116,1565640000,1043,840,0,1883,32,-0.863686818222191,0.05621311920133146
116,1565654400,366,327,0,693,33,-0.6817169894008788,-0.05819408227439978
116,1565668800,78,46,0,124,33,-0.6817169894008788,-0.8368739132898568
116,1565683200,75,461,386,536,33,0.7944411289598862,-0.273049501377083
116,1565697600,394,1188,794,1582,33,2.3547326115795544,1.158407622071367
116,1565712000,397,728,331,1125,33,0.5841077183126269,0.5330004467215184
116,1565726400,1123,1008,0,2131,33,-0.6817169894008788,1.9097173360036794
116,1565740800,449,299,0,748,33,-0.6817169894008788,0.017073739704247203
116,1565755200,80,50,0,130,33,-0.6817169894008788,-0.8286628781649135
116,1565769600,67,425,358,492,33,0.6873623017212814,-0.3332637589600006
116,1565784000,393,1210,817,1603,33,2.442690219668408,1.1871462450086685
116,1565798400,402,748,346,1150,33,0.6414713757618794,0.5672130930754488
116,1565812800,1118,1029,0,2147,33,-0.6817169894008788,1.931613429670195
116,1565827200,442,289,0,731,33,-0.6817169894008788,-0.006190859816425502
116,1565841600,97,52,0,149,33,-0.6817169894008788,-0.8026612669359263
116,1565856000,90,431,341,521,33,0.6223501566121286,-0.29357708918944125
116,1565870400,426,1311,885,1737,33,2.7027388001050197,1.3705260294657358
116,1565884800,460,699,239,1159,33,0.23227728595721142,0.5795296457628638
116,1565899200,1075,1232,157,2307,33,-0.08131070809870238,2.15057436633535
116,1565913600,480,348,0,828,33,-0.6817169894008788,0.12655420803682463
116,1565928000,100,53,0,153,33,-0.6817169894008788,-0.7971872435192975
116,1565942400,75,387,312,462,33,0.5114470855435737,-0.3743189345847171
116,1565956800,426,1102,676,1528,33,1.9034718396454349,1.0845083059468772
116,1565971200,557,771,214,1328,33,0.13667119020845722,0.8108071351154336
116,1565985600,854,1032,178,1886,33,-0.0010015876697488432,1.574433401735161
116,1566000000,368,389,21,757,33,-0.6014078689719252,0.029390292391662163
116,1566014400,9,12,3,21,33,-0.6702442579110283,-0.9778300162680502
116,1566028800,1,3,2,4,33,-0.6740685017409784,-1.0010946157887228
116,1566043200,0,1,1,1,33,-0.6778927455709286,-1.0052001333511946
116,1566057600,0,0,0,0,33,-0.6817169894008788,-1.006568639205352
116,1566072000,2,1,0,3,33,-0.6817169894008788,-1.00246312164288
116,1566086400,0,1,1,1,33,-0.6778927455709286,-1.0052001333511946
116,1566100800,0,0,0,0,33,-0.6817169894008788,-1.006568639205352
116,1566115200,0,0,0,0,33,-0.6817169894008788,-1.006568639205352
116,1566129600,0,0,0,0,33,-0.6817169894008788,-1.006568639205352
116,1566144000,0,0,0,0,33,-0.6817169894008788,-1.006568639205352
116,1566158400,1,2,1,3,33,-0.6778927455709286,-1.00246312164288
116,1566172800,0,0,0,0,33,-0.6817169894008788,-1.006568639205352
116,1566187200,0,0,0,0,33,-0.6817169894008788,-1.006568639205352
116,1566201600,46,411,365,457,33,0.7141320085309326,-0.3811614638555032
116,1566216000,380,1127,747,1507,33,2.1749931515718965,1.0557696830095755
116,1566230400,336,648,312,984,33,0.5114470855435737,0.34004112128535063
116,1566244800,1108,796,0,1904,33,-0.6817169894008788,1.599066507109991
116,1566259200,342,260,0,602,34,-0.6296485962130388,-0.1242083943981594
116,1566273600,62,46,0,108,34,-0.6296485962130388,-0.8472936264332351
116,1566288000,64,413,349,477,34,0.6662499046702415,-0.3071753053382089
116,1566302400,380,1200,820,1580,34,2.4151559044296254,1.307324716796788
116,1566316800,388,714,326,1102,34,0.580846851603435,0.6076592493620387
116,1566331200,1106,864,0,1970,34,-0.6296485962130388,1.8781814789297426
116,1566345600,368,308,0,676,34,-0.6296485962130388,-0.015891983121650063
116,1566360000,88,53,0,141,34,-0.6296485962130388,-0.7989903619450621
116,1566374400,60,427,367,487,34,0.7330870766355683,-0.29253795246300496
116,1566388800,385,1259,874,1644,34,2.6156674203256056,1.4010037751980935
116,1566403200,416,771,355,1187,34,0.6885289619920171,0.7320767488012724
116,1566417600,1106,893,0,1999,34,-0.6296485962130388,1.9206298022678343
116,1566432000,390,290,0,680,34,-0.6296485962130388,-0.010037041971568478
116,1566446400,74,43,0,117,34,-0.6296485962130388,-0.8341200088455516
116,1566460800,69,449,380,518,34,0.7813583674994153,-0.24716215854987267
116,1566475200,411,1285,874,1696,34,2.6156674203256056,1.4771180101491541
116,1566489600,397,650,253,1047,34,0.309784987521832,0.527153808548417
116,1566504000,1026,1011,0,2037,34,-0.6296485962130388,1.9762517431936093
116,1566518400,393,262,0,655,34,-0.6296485962130388,-0.04663042415957839
116,1566532800,68,46,0,114,34,-0.6296485962130388,-0.8385112147081127
116,1566547200,65,377,312,442,34,0.528862384519292,-0.3584060404014228
116,1566561600,340,1028,688,1368,34,1.9250166433505624,0.9970128358424641
116,1566576000,530,615,85,1145,34,-0.3140286174878846,0.6705998667254158
116,1566590400,788,848,60,1636,34,-0.40685802299528284,1.3892938928979304
116,1566604800,355,343,0,698,34,-0.6296485962130388,0.016310193203798652
116,1566619200,11,2,0,13,34,-0.6296485962130388,-0.9863484787476728
116,1566633600,2,1,0,3,34,-0.6296485962130388,-1.0009858316228768
116,1566648000,0,1,1,1,34,-0.6259354199927428,-1.0039133021979176
116,1566662400,1,1,0,2,34,-0.6296485962130388,-1.0024495669103972
116,1566676800,6,7,1,13,34,-0.6259354199927428,-0.9863484787476728
116,1566691200,0,0,0,0,34,-0.6296485962130388,-1.005377037485438
116,1566705600,0,0,0,0,34,-0.6296485962130388,-1.005377037485438
116,1566720000,0,0,0,0,34,-0.6296485962130388,-1.005377037485438
116,1566734400,4,3,0,7,34,-0.6296485962130388,-0.9951308904727951
116,1566748800,0,0,0,0,34,-0.6296485962130388,-1.005377037485438
116,1566763200,1,1,0,2,34,-0.6296485962130388,-1.0024495669103972
116,1566777600,0,0,0,0,34,-0.6296485962130388,-1.005377037485438
116,1566792000,0,1,1,1,34,-0.6259354199927428,-1.0039133021979176
116,1566806400,54,405,351,459,34,0.6736762571108333,-0.33352254051357605
116,1566820800,352,1116,764,1468,34,2.207218036093053,1.1433863645945037
116,1566835200,335,596,261,931,34,0.33949039728419944,0.357360515196051
116,1566849600,1070,752,0,1822,34,-0.6296485962130388,1.661548656376724
116,1566864000,299,274,0,573,35,-0.9027442891134395,-0.38615665801336446
116,1566878400,49,48,0,97,35,-0.9027442891134395,-1.2925842624519202
116,1566892800,62,389,327,451,35,0.6177720300776297,-0.6184763381425741
116,1566907200,394,1125,731,1519,35,2.496330418313691,1.4152729928246057
116,1566921600,364,608,244,972,35,0.23183057902913204,0.37364295158954264
116,1566936000,1044,940,0,1984,35,-0.9027442891134395,2.300753740858069
116,1566950400,354,284,0,638,35,-0.9027442891134395,-0.26237977925599865
116,1566964800,61,43,0,104,35,-0.9027442891134395,-1.2792544447395886
116,1566979200,66,396,330,462,35,0.6317217210793827,-0.5975294817374814
116,1566993600,357,1138,781,1495,35,2.7288252683429066,1.3695707606680398
116,1567008000,405,706,301,1111,35,0.4968747080624377,0.6383350461629864
116,1567022400,1097,846,0,1943,35,-0.9027442891134395,2.222679094257269
116,1567036800,337,244,0,581,35,-0.9027442891134395,-0.3709225806278425
116,1567051200,55,38,0,93,35,-0.9027442891134395,-1.3002013011446811
116,1567065600,69,409,340,478,35,0.6782206910852258,-0.5670613269664375
116,1567080000,380,1082,702,1462,35,2.361483405296746,1.3067301914527618
116,1567094400,398,656,258,1054,35,0.2969291370373124,0.5297922447911426
116,1567108800,990,964,0,1954,35,-0.9027442891134395,2.243625950662362
116,1567123200,352,394,42,746,35,-0.7074486150888986,-0.05671973455145234
116,1567137600,68,58,0,126,35,-0.9027442891134395,-1.237360731929403
116,1567152000,58,349,291,407,35,0.4503757380565946,-0.7022637637629449
116,1567166400,365,932,567,1297,35,1.7337473102178642,0.9925273453763718
116,1567180800,612,662,50,1274,35,-0.6702494390842241,0.9487293728929961
116,1567195200,493,870,377,1363,35,0.8502668801068453,1.1182084838069277
116,1567209600,362,349,0,711,35,-0.9027442891134395,-0.12336882311311086
116,1567224000,108,103,0,211,35,-0.9027442891134395,-1.0754986597082326
116,1567238400,34,135,101,169,35,-0.43310469205442426,-1.1554775659822227
116,1567252800,268,405,137,673,35,-0.26570840003338914,-0.1957306906943401
116,1567267200,226,607,381,833,35,0.8688664681091824,0.10895085701609883
116,1567281600,349,790,441,1139,35,1.147860288144241,0.6916543170123133
116,1567296000,372,437,65,809,35,-0.6005009840754594,0.06324862485953299
116,1567310400,135,95,0,230,35,-0.9027442891134395,-1.0393177259176178
116,1567324800,36,102,66,138,35,-0.5958510870748751,-1.2145096158511204
116,1567339200,225,469,244,694,35,0.23183057902913204,-0.15574123755734498
116,1567353600,245,598,353,843,35,0.7386693520928218,0.12799345374800125
116,1567368000,381,661,280,1042,35,0.3992268710501672,0.5069411287128597
116,1567382400,313,333,20,646,35,-0.8097463491017534,-0.2471457018704767
116,1567396800,106,90,0,196,35,-0.9027442891134395,-1.104062554806086
116,1567411200,36,159,123,195,35,-0.33080695804156945,-1.1059668144792765
116,1567425600,177,319,142,496,35,-0.24245891503046757,-0.5327846528490132
116,1567440000,188,475,287,663,35,0.43177615005425735,-0.21477328742624255
116,1567454400,269,442,173,711,35,-0.09831210801235396,-0.12336882311311086
116,1567468800,232,192,0,424,36,-0.835351953686905,-0.8148187675278823
116,1567483200,46,44,0,90,36,-0.835351953686905,-1.3714971716033282
116,1567497600,66,408,342,474,36,0.4556955460719398,-0.7314836770974262
116,1567512000,351,1194,843,1545,36,2.346966883437967,1.0535539599229409
116,1567526400,409,676,267,1085,36,0.17257109437043877,0.2868711279627458
116,1567540800,1096,798,0,1894,36,-0.835351953686905,1.6352328911275236
116,1567555200,393,268,0,661,36,-0.835351953686905,-0.4198104388875209
116,1567569600,67,48,0,115,36,-0.835351953686905,-1.3298296263881002
116,1567584000,67,429,362,496,36,0.5311953998590068,-0.6948162373080257
116,1567598400,342,1109,767,1451,36,2.0600674390471125,0.8968839899136836
116,1567612800,396,714,318,1110,36,0.36509572152745945,0.3285386731779738
116,1567627200,1164,797,0,1961,36,-0.835351953686905,1.7469019123043348
116,1567641600,426,278,0,704,36,-0.835351953686905,-0.34814226111732877
116,1567656000,88,59,0,147,36,-0.835351953686905,-1.2764951685126085
116,1567670400,81,473,392,554,36,0.6444451805396072,-0.5981475324086967
116,1567684800,415,1225,810,1640,36,2.2223921246893066,1.2118906317408071
116,1567699200,468,745,277,1213,36,0.21032102126397223,0.5002089594647131
116,1567713600,1196,1015,0,2211,36,-0.835351953686905,2.1635773644566147
116,1567728000,505,343,0,848,36,-0.835351953686905,-0.10813720067761554
116,1567742400,92,58,0,150,36,-0.835351953686905,-1.271495063086781
116,1567756800,68,434,366,502,36,0.5462953706164201,-0.684816026456371
116,1567771200,365,1185,820,1550,36,2.26014205158284,1.0618874689659865
116,1567785600,463,713,250,1176,36,0.10839621865143186,0.4385409925461757
116,1567800000,1162,974,0,2136,36,-0.835351953686905,2.038574728810931
116,1567814400,411,346,0,757,36,-0.835351953686905,-0.2598070652610454
116,1567828800,124,85,0,209,36,-0.835351953686905,-1.173159656378843
116,1567843200,43,183,140,226,36,-0.3068529771774363,-1.1448257256324879
116,1567857600,366,536,170,902,36,-0.1936031964968359,-0.018135303012723085
116,1567872000,337,633,296,970,36,0.2820458823616858,0.09520041997269704
116,1567886400,411,710,299,1121,36,0.29337086042974586,0.3468723930726741
116,1567900800,412,451,39,863,36,-0.6881272388021245,-0.08313667354847874
116,1567915200,151,119,0,270,36,-0.835351953686905,-1.0714908460536867
116,1567929600,39,129,90,168,36,-0.4956026116451037,-1.241494430531817
116,1567944000,282,466,184,748,36,-0.14075329884588905,-0.2748073815385275
116,1567958400,376,846,470,1222,36,0.9388946103091682,0.5152092757421952
116,1567972800,370,599,229,969,36,0.029121372175011567,0.09353371816408793
116,1567987200,279,239,0,518,36,-0.835351953686905,-0.658148797518625
116,1568001600,60,38,0,98,36,-0.835351953686905,-1.3581635571344552
116,1568016000,71,520,449,591,36,0.859619763832748,-0.5364795654901593
116,1568030400,366,1210,844,1576,36,2.35074187612732,1.1052217159898234
116,1568044800,406,676,270,1082,36,0.18389607243849881,0.2818710225369184
116,1568059200,1190,724,0,1914,36,-0.835351953686905,1.668566927299706
116,1568073600,350,267,0,617,37,-0.7552939408651511,-0.4934833886383065
116,1568088000,84,33,0,117,37,-0.7552939408651511,-1.2333385440180764
116,1568102400,66,492,426,558,37,0.5740115076848473,-0.5807862969731193
116,1568116800,361,1324,963,1685,37,2.2496852773359017,1.0868472232528819
116,1568131200,461,696,235,1157,37,-0.021991639434987643,0.30556017917184497
116,1568145600,1252,992,0,2244,37,-0.7552939408651511,1.9140052869674646
116,1568160000,445,295,0,740,37,-0.7552939408651511,-0.3114790204148831
116,1568174400,79,37,0,116,37,-0.7552939408651511,-1.234818254328836
116,1568188800,69,417,348,486,37,0.3306175523165378,-0.6873254393478062
116,1568203200,346,1201,855,1547,37,1.91267826221055,0.8826472003680654
116,1568217600,707,1847,1140,2554,37,2.80200232990245,2.372715483302922
116,1568232000,1181,959,0,2140,37,-0.7552939408651511,1.7601154146484725
116,1568246400,474,379,0,853,37,-0.7552939408651511,-0.14427175529905512
116,1568260800,81,58,0,139,37,-0.7552939408651511,-1.2007849171813665
116,1568275200,70,451,381,521,37,0.4335919180492841,-0.6355355784712223
116,1568289600,331,1268,937,1599,37,2.1685539588797984,0.9595921365275616
116,1568304000,472,718,246,1190,37,0.012333149142594474,0.35439061942690975
116,1568318400,1183,926,0,2109,37,-0.7552939408651511,1.7142443950149269
116,1568332800,522,324,0,846,37,-0.7552939408651511,-0.1546297274743719
116,1568347200,91,41,0,132,37,-0.7552939408651511,-1.2111428893566833
116,1568361600,73,488,415,561,37,0.5396867191072652,-0.5763471660408407
116,1568376000,374,1270,896,1644,37,2.0406161105451743,1.0261791005117409
116,1568390400,515,706,191,1221,37,-0.15929079374531613,0.40026163906045553
116,1568404800,1071,1076,5,2147,37,-0.7396917642389774,1.7704733868237894
116,1568419200,442,356,0,798,37,-0.7552939408651511,-0.22565582239082982
116,1568433600,128,91,0,219,37,-0.7552939408651511,-1.0824080923206034
116,1568448000,37,132,95,169,37,-0.458852584967851,-1.1563936078585804
116,1568462400,316,376,60,692,37,-0.5680678213510668,-0.382505115331341
116,1568476800,270,578,308,848,37,0.20580013930714824,-0.15167030685285282
116,1568491200,375,767,392,1142,37,0.46791670662686624,0.28336452451045185
116,1568505600,357,365,8,722,37,-0.7303304582632731,-0.33811380600855484
116,1568520000,115,102,0,217,37,-0.7552939408651511,-1.0853675129421225
116,1568534400,34,94,60,128,37,-0.5680678213510668,-1.2170617305997216
116,1568548800,196,384,188,580,37,-0.16865209972102033,-0.5482326701364095
116,1568563200,254,584,330,838,37,0.2744497164623125,-0.16646740996044823
116,1568577600,320,554,234,874,37,-0.025112074760222383,-0.1131978387731048
116,1568592000,263,272,9,535,37,-0.7272100229380385,-0.6148196341205888
116,1568606400,34,41,7,75,37,-0.7334508935885079,-1.2954863770699772
116,1568620800,66,502,436,568,37,0.6052158609371947,-0.5659891938655239
116,1568635200,364,1187,823,1551,37,1.8128243318030384,0.8885660416111036
116,1568649600,455,633,178,1088,37,-0.1998564529733677,0.20346016772943673
116,1568664000,1198,756,0,1954,37,-0.7552939408651511,1.484889296847198
116,1568678400,380,318,0,698,38,-0.8181951000091013,-0.4042808723250622
116,1568692800,69,44,0,113,38,-0.8181951000091013,-1.3197814283643965
116,1568707200,78,508,430,586,38,0.6304915182423075,-0.5795561924556698
116,1568721600,373,1263,890,1636,38,2.1802492959066053,1.0636499337687764
116,1568736000,452,827,375,1279,38,0.445194392652011,0.5049598508524646
116,1568750400,1192,988,0,2180,38,-0.8181951000091013,1.9149872029745845
116,1568764800,489,271,0,760,38,-0.8181951000091013,-0.3072534629670473
116,1568779200,75,44,0,119,38,-0.8181951000091013,-1.3103916790716854
116,1568793600,75,512,437,587,38,0.6540747887719816,-0.5779912342402179
116,1568808000,383,1295,912,1678,38,2.2543681461427236,1.1293781788177542
116,1568822400,494,679,185,1173,38,-0.19492295029628592,0.3390742800145682
116,1568836800,1209,1030,0,2239,38,-0.8181951000091013,2.007319737686244
116,1568851200,498,325,0,823,38,-0.8181951000091013,-0.20866109539358052
116,1568865600,81,53,0,134,38,-0.8181951000091013,-1.2869173058399075
116,1568880000,72,482,410,554,38,0.5631107453003815,-0.6296348553501291
116,1568894400,334,1240,906,1574,38,2.234153914260146,0.9666225244107615
116,1568908800,467,653,186,1120,38,-0.1915539116491896,0.25613149459561996
116,1568923200,1173,1081,0,2254,38,-0.8181951000091013,2.0307941109180216
116,1568937600,507,354,0,861,38,-0.8181951000091013,-0.1491926832064101
116,1568952000,92,72,0,164,38,-0.8181951000091013,-1.239968559376352
116,1568966400,83,440,357,523,38,0.3845516970042776,-0.6781485600291366
116,1568980800,361,1191,830,1552,38,1.9781069770808273,0.9321934436708207
116,1568995200,526,699,173,1225,38,-0.23535141406144153,0.4204521072180646
116,1569009600,1046,1149,103,2195,38,-0.4711841193581825,1.9384615762063624
116,1569024000,493,390,0,883,38,-0.8181951000091013,-0.11476360246646931
116,1569038400,141,121,0,262,38,-0.8181951000091013,-1.0866026542620704
116,1569052800,32,142,110,174,38,-0.44760084882850837,-1.2243189772218335
116,1569067200,162,466,304,628,38,0.20599264870817374,-0.5138279474066919
116,1569081600,250,750,500,1000,38,0.8663242235390484,0.06833650874139754
116,1569096000,347,826,479,1173,38,0.7955744119500262,0.3390742800145682
116,1569110400,377,392,15,769,38,-0.7676595203026568,-0.29316883902798063
116,1569124800,148,146,0,294,38,-0.8181951000091013,-1.036523991367611
116,1569139200,61,71,10,132,38,-0.7845047135381383,-1.2900472222708113
116,1569153600,157,392,235,549,38,-0.02647101794147094,-0.6374596464273884
116,1569168000,274,742,468,1016,38,0.7585149868319668,0.0933758401886272
116,1569182400,401,713,312,1114,38,0.23294495788494413,0.24674174530290885
116,1569196800,348,305,0,653,38,-0.8181951000091013,-0.4747039920203956
116,1569211200,60,43,0,103,38,-0.8181951000091013,-1.335431010518915
116,1569225600,71,429,358,500,38,0.3879207356513739,-0.7141425989845293
116,1569240000,328,1323,995,1651,38,2.533998353851717,1.087124307000554
116,1569254400,489,709,220,1198,38,-0.07700659764791544,0.37819823540086456
116,1569268800,1206,834,0,2040,38,-0.8181951000091013,1.695893052811325
116,1569283200,404,312,0,716,39,-0.715093999301465,-0.06494772500111237
116,1569297600,86,39,0,125,39,-0.715093999301465,-0.9224318034581223
116,1569312000,72,483,411,555,39,0.632413491046119,-0.2985432184555601
116,1569326400,349,1393,1044,1742,39,2.707771742603347,1.423679456888722
116,1569340800,485,733,248,1218,39,0.09800054475255161,0.6634059253972276
116,1569355200,1242,1102,0,2344,39,-0.715093999301465,2.297123475892309
116,1569369600,502,359,0,861,39,-0.715093999301465,0.1454333094764958
116,1569384000,102,56,0,158,39,-0.715093999301465,-0.8745519818183908
116,1569398400,71,456,385,527,39,0.5471697082017463,-0.33916852166502925
116,1569412800,353,1289,936,1642,39,2.3536821830959522,1.2785890882834752
116,1569427200,508,776,268,1284,39,0.16357268540206907,0.7591655686766907
116,1569441600,1276,924,0,2200,39,-0.715093999301465,2.0881933451007537
116,1569456000,522,324,0,846,39,-0.715093999301465,0.12366975418570876
116,1569470400,94,54,0,148,39,-0.715093999301465,-0.8890610186789155
116,1569484800,73,448,375,521,39,0.5143836378769875,-0.34787394378134406
116,1569499200,358,1348,990,1706,39,2.53072696284965,1.3714469241908331
116,1569513600,534,695,161,1229,39,-0.18723826707284938,0.6793658659438049
116,1569528000,1220,1119,0,2339,39,-0.715093999301465,2.2898689574620468
116,1569542400,511,325,0,836,39,-0.715093999301465,0.10916071732518405
116,1569556800,105,62,0,167,39,-0.715093999301465,-0.8614938486439185
116,1569571200,77,428,351,505,39,0.43569706909756656,-0.3710884027581836
116,1569585600,331,1227,896,1558,39,2.2225379017969176,1.1567131786550675
116,1569600000,475,719,244,1194,39,0.08488611662264811,0.6285842369319684
116,1569614400,1048,1143,95,2191,39,-0.403626331216257,2.0751352119262814
116,1569628800,478,406,0,884,39,-0.715093999301465,0.17880409425570262
116,1569643200,147,119,0,266,39,-0.715093999301465,-0.717854383724724
116,1569657600,47,180,133,227,39,-0.2790392639821738,-0.7744396274807703
116,1569672000,189,557,368,746,39,0.4914333886496564,-0.02142061441953827
116,1569686400,258,824,566,1082,39,1.1405975810798792,0.46608302409409175
116,1569700800,393,1042,649,1435,39,1.4127219647753768,0.9782520252706137
116,1569715200,370,497,127,867,39,-0.29871090617702906,0.15413873159281063
116,1569729600,114,105,0,219,39,-0.715093999301465,-0.7860468569691901
116,1569744000,31,98,67,129,39,-0.4954273281255815,-0.9166281887139124
116,1569758400,201,477,276,678,39,0.18980154166187607,-0.12008206507110625
116,1569772800,218,808,590,1026,39,1.2192841498593003,0.3848324176751534
116,1569787200,385,742,357,1127,39,0.4553687112924218,0.531373689966453
116,1569801600,265,314,49,579,39,-0.5544422547101472,-0.2637215299903008
116,1569816000,46,41,0,87,39,-0.715093999301465,-0.9775661435281162
116,1569830400,56,364,308,420,39,0.29471696670110403,-0.4944152160726436
116,1569842589,150,1109,959,1259,39,2.4290901448428976,0.722892976525379
116,1569842670,1,0,0,1,39,-0.715093999301465,-1.1023438605286286
116,1569842751,2,6,4,8,39,-0.7019795711715615,-1.0921875347262613
116,1569842831,1,3,2,4,39,-0.7085367852365133,-1.0979911494704713
116,1569842912,2,5,3,7,39,-0.7052581782040374,-1.093638438412314
116,1569842992,2,6,4,8,39,-0.7019795711715615,-1.0921875347262613
116,1569843072,3,1,0,4,39,-0.715093999301465,-1.0979911494704713
116,1569843153,2,0,0,2,39,-0.715093999301465,-1.100892956842576
116,1569843234,2,13,11,15,39,-0.6790293219442304,-1.082031208923894
116,1569843314,2,3,1,5,39,-0.7118153922689892,-1.0965402457844187
116,1569843408,3,0,0,3,39,-0.715093999301465,-1.0994420531565237
116,1569843488,2,0,0,2,39,-0.715093999301465,-1.100892956842576
116,1569843569,2,2,0,4,39,-0.715093999301465,-1.0979911494704713
116,1569844800,310,1051,741,1361,39,1.7143538117631572,0.8708851525027309
116,1569859200,329,706,377,1035,39,0.5209408519419393,0.39789055084962566
116,1569873600,1010,730,0,1740,39,-0.715093999301465,1.4207776495166171
116,1569888000,342,266,0,608,40,-0.8342231950208525,-0.5505439358441565
116,1569902400,73,43,0,116,40,-0.8342231950208525,-1.3147301312014246
116,1569916800,62,418,356,480,40,0.3810247796431953,-0.7493566045549904
116,1569931200,319,1215,896,1534,40,2.224378449077425,0.8877414643607829
116,1569945600,346,720,374,1066,40,0.44246990195766966,0.1608326443867963
116,1569960000,1051,965,0,2016,40,-0.8342231950208525,1.636395419975017
116,1569974400,486,301,0,787,40,-0.8342231950208525,-0.2725168444438496
116,1569988800,92,47,0,139,40,-0.8342231950208525,-1.2790059797924465
116,1570003200,76,561,485,637,40,0.8213814895635947,-0.5055004405893582
116,1570017600,357,1299,942,1656,40,2.381404872769971,1.0772347892257965
116,1570032000,485,765,280,1250,40,0.12158981875985926,0.4466258556586201
116,1570046400,1261,1018,0,2279,40,-0.8342231950208525,2.0448933252168087
116,1570060800,506,346,0,852,40,-0.8342231950208525,-0.17155728611412924
116,1570075200,110,54,0,164,40,-0.8342231950208525,-1.2401753804348619
116,1570089600,65,400,335,465,40,0.30933880360964194,-0.7726549641695413
116,1570104000,361,1353,992,1714,40,2.552085768087955,1.1673217797353932
116,1570118400,456,787,331,1243,40,0.2956843319842032,0.4357532878384964
116,1570132800,1234,1091,0,2325,40,-0.8342231950208525,2.116341628034765
116,1570147200,507,315,0,822,40,-0.8342231950208525,-0.21815400534323096
116,1570161600,110,68,0,178,40,-0.8342231950208525,-1.2184302447946143
116,1570176000,67,497,430,564,40,0.633632504713812,-0.6188857907135057
116,1570190400,440,1228,788,1668,40,1.8557077151905792,1.0958734769174372
116,1570204800,511,717,206,1228,40,-0.13101790631075744,0.4124549282239455
116,1570219200,1129,1181,52,2310,40,-0.6567150638901489,2.093043268420214
116,1570233600,509,427,0,936,40,-0.8342231950208525,-0.04108647227264446
116,1570248000,152,107,0,259,40,-0.8342231950208525,-1.0926191028760397
116,1570262400,35,191,156,226,40,-0.3016988016287417,-1.1438754940280516
116,1570276800,290,500,210,790,40,-0.1173634346853187,-0.26785717252093943
116,1570291200,291,704,413,995,40,0.5756010003056974,0.05055374221125557
116,1570305600,451,834,383,1285,40,0.4731924631149068,0.5009886947592388
116,1570320000,383,395,12,778,40,-0.7932597801445364,-0.2864958602125801
116,1570334400,136,106,0,242,40,-0.8342231950208525,-1.1190239104391972
116,1570348800,44,112,68,156,40,-0.602097177388394,-1.252601172229289
116,1570363200,215,456,241,671,40,-0.011541279588168455,-0.4526908254630429
116,1570377600,278,655,377,933,40,0.4527107556767487,-0.04574614419555463
116,1570392000,384,625,241,1009,40,-0.011541279588168455,0.07229887785150303
116,1570406400,256,223,0,479,40,-0.8342231950208525,-0.7509098285292939
116,1570420800,58,37,0,95,40,-0.8342231950208525,-1.3473478346617958
116,1570435200,63,535,472,598,40,0.7770044567809188,-0.5660761755871904
116,1570449600,390,1289,899,1679,40,2.2346193027965042,1.1129589406347746
116,1570464000,441,766,325,1207,40,0.2752026245460451,0.37983722476357434
116,1570478400,1140,844,0,1984,40,-0.8342231950208525,1.5866922527973086
116,1570492800,407,348,0,755,41,-0.8975999961584198,-0.3417606397545108
116,1570507200,72,49,0,121,41,-0.8975999961584198,-1.3715673971815916
116,1570521600,69,541,472,610,41,0.7176888858172986,-0.577284267241777
116,1570536000,371,1261,890,1632,41,2.1481777685839307,1.0827512313236436
116,1570550400,562,760,198,1322,41,-0.2199999990584362,0.5792179587646609
116,1570564800,1099,902,0,2001,41,-0.8975999961584198,1.6821182557567553
116,1570579200,489,358,0,847,41,-0.8975999961584198,-0.19232495886603854
116,1570593600,89,53,0,142,41,-0.8975999961584198,-1.3374570787179187
116,1570608000,61,412,351,473,41,0.303599998700642,-0.799813487695263
116,1570622400,323,1120,797,1443,41,1.829911103279393,0.7757583651505864
116,1570636800,366,760,394,1126,41,0.450755553626396,0.26085498643704597
116,1570651200,980,946,0,1926,41,-0.8975999961584198,1.560295689815066
116,1570665600,452,307,0,759,41,-0.8975999961584198,-0.3352634362376207
116,1570680000,80,60,0,140,41,-0.8975999961584198,-1.3407056804763637
116,1570694400,75,499,424,574,41,0.5534222198536662,-0.6357590988937879
116,1570708800,381,1295,914,1676,41,2.2303111015657473,1.1542204700094347
116,1570723200,470,807,337,1277,41,0.2556888877945826,0.5061244191996472
116,1570737600,1181,1167,0,2348,41,-0.8975999961584198,2.2457506608469715
116,1570752000,599,419,0,1018,41,-0.8975999961584198,0.08543049148101324
116,1570766400,118,84,0,202,41,-0.8975999961584198,-1.2399990259645672
116,1570780800,73,408,335,481,41,0.24884444337943123,-0.7868190806614827
116,1570795200,377,1248,871,1625,41,2.083155546639993,1.071381125169086
116,1570809600,537,754,217,1291,41,-0.1549777771144984,0.5288646315087626
116,1570824000,1104,1238,134,2342,41,-0.43902222034327937,2.2360048555716365
116,1570838400,480,364,0,844,41,-0.8975999961584198,-0.1971978615037061
116,1570852800,144,123,0,267,41,-0.8975999961584198,-1.134419468815103
116,1570867200,45,173,128,218,41,-0.45955555358873346,-1.2140102118970069
116,1570881600,212,592,380,804,41,0.4028444427203366,-0.2621698966726071
116,1570896000,259,857,598,1116,41,1.1488888839718336,0.2446119776448207
116,1570910400,448,1084,636,1532,41,1.2789333278597093,0.9203211434013912
116,1570924800,464,446,0,910,41,-0.8975999961584198,-0.08999400347501946
116,1570939200,125,112,0,237,41,-0.8975999961584198,-1.1831484951917788
116,1570953600,38,97,59,135,41,-0.695688885911455,-1.3488271848724764
116,1570968000,144,543,399,687,41,0.4678666646642744,-0.4522130995416425
116,1570982400,257,879,622,1136,41,1.2310222169536498,0.2770979952292712
116,1570996800,417,797,380,1214,41,0.4028444427203366,0.40379346380862813
116,1571011200,308,350,42,658,41,-0.7538666634402414,-0.4993178250390958
116,1571025600,75,56,0,131,41,-0.8975999961584198,-1.3553243883893664
116,1571040000,42,355,313,397,41,0.17355555481276638,-0.9232603545161748
116,1571054400,308,1087,779,1395,41,1.768311103543031,0.6977919229479052
116,1571068800,357,703,346,1060,41,0.28648888766276365,0.1536511284083593
116,1571083200,908,767,0,1675,41,-0.8975999961584198,1.1525961691302122
116,1571097600,351,352,1,703,42,-0.8479028869034042,-0.4543498459707305
116,1571112000,75,64,0,139,42,-0.85106895387086,-1.3083919941499613
116,1571126400,81,507,426,588,42,0.49767557426531606,-0.6284896456881268
116,1571140800,413,1347,934,1760,42,2.1060375937328684,1.1462220523013384
116,1571155200,458,713,255,1171,42,-0.04372187716962784,0.25432342592267365
116,1571169600,1205,1004,0,2209,42,-0.85106895387086,1.8261244007631727
116,1571184000,764,353,0,1117,42,-0.85106895387086,0.17255343301189627
116,1571198400,168,68,0,236,42,-0.85106895387086,-1.1615088587361573
116,1571212800,113,541,428,654,42,0.5040077082002277,-0.5285485432416211
116,1571227200,369,1322,953,1691,42,2.166192866114529,1.0417381724709005
116,1571241600,417,724,307,1141,42,0.1209136051380744,0.20889565208335287
116,1571256000,1198,1026,0,2224,42,-0.85106895387086,1.848838287682833
116,1571270400,440,299,0,739,42,-0.85106895387086,-0.3998365173635456
116,1571284800,87,60,0,147,42,-0.85106895387086,-1.2962779211261424
116,1571299200,71,546,475,617,42,0.6528128556706508,-0.5845761309767834
116,1571313600,399,1481,1082,1880,42,2.574615504916329,1.3279331476586214
116,1571328000,455,821,366,1276,42,0.3077115562179673,0.4133206343602964
116,1571342400,1152,1193,41,2345,42,-0.7212602082051717,2.0320636421680938
116,1571356800,598,342,0,940,42,-0.85106895387086,-0.09547043264009636
116,1571371200,102,75,0,177,42,-0.85106895387086,-1.2508501472868216
116,1571385600,77,467,390,544,42,0.38369716343690685,-0.6951170473191307
116,1571400000,419,1362,943,1781,42,2.134532196439971,1.178021493988863
116,1571414400,505,763,258,1268,42,-0.0342236762672604,0.40120656133647753
116,1571428800,1063,1146,83,2209,42,-0.5882853955720275,1.8261244007631727
116,1571443200,523,404,0,927,42,-0.85106895387086,-0.11515580130380203
116,1571457600,150,109,0,259,42,-0.85106895387086,-1.1266808987926782
116,1571472000,35,187,152,222,42,-0.36982677481757653,-1.1827084865278403
116,1571486400,178,533,355,711,42,0.2728848195759534,-0.44223577294691163
116,1571500800,286,887,601,1173,42,1.0517372935700833,0.2573519441786284
116,1571515200,426,960,534,1386,42,0.8396108067505438,0.579889138437806
116,1571529600,450,443,0,893,42,-0.85106895387086,-0.16664061165503224
116,1571544000,125,106,0,231,42,-0.85106895387086,-1.169080154376044
116,1571558400,55,85,30,140,42,-0.7560869448471856,-1.3068777350219838
116,1571572800,183,476,293,659,42,0.07658866759369302,-0.5209772476017344
116,1571587200,252,796,544,1048,42,0.8712714764251019,0.06806955318145846
116,1571601600,367,595,228,962,42,-0.12920568529093476,-0.06215673182459445
116,1571616000,229,249,20,478,42,-0.7877476145217438,-0.7950581497656364
116,1571630400,48,33,0,81,42,-0.85106895387086,-1.3962190235726482
116,1571644800,55,467,412,522,42,0.4533506367209347,-0.7284307481346326
116,1571659200,414,1302,888,1716,42,1.960398513229901,1.0795946506703344
116,1571673600,400,691,291,1091,42,0.0702565336587814,0.1331826956844849
116,1571688000,1151,922,0,2073,42,-0.85106895387086,1.620185159358252
116,1571702400,448,316,0,764,43,-0.8237128358383623,-0.3648178936595946
116,1571716800,89,46,0,135,43,-0.8237128358383623,-1.3468597842953367
116,1571731200,71,470,399,541,43,0.4976023458386048,-0.7129821887498498
116,1571745600,326,1303,977,1629,43,2.411687997490953,0.9856848653227851
116,1571760000,445,759,314,1204,43,0.21611916177208298,0.3221430473256621
116,1571774400,1214,934,0,2148,43,-0.8237128358383623,1.7959865207122132
116,1571788800,497,307,0,804,43,-0.8237128358383623,-0.30236689902457126
116,1571803200,73,46,0,119,43,-0.8237128358383623,-1.371840182149346
116,1571817600,75,582,507,657,43,0.855251567946656,-0.5318743043082821
116,1571832000,431,1319,888,1750,43,2.116958545938948,1.1745991240937308
116,1571846400,499,776,277,1275,43,0.09359118753136172,0.4329935628028285
116,1571860800,1175,1036,0,2211,43,-0.8237128358383623,1.8943468372623748
116,1571875200,514,385,0,899,43,-0.8237128358383623,-0.15404578676639086
116,1571889600,102,62,0,164,43,-0.8237128358383623,-1.3015828131849447
116,1571904000,74,454,380,528,43,0.4346825752825587,-0.7332787620062323
116,1571918400,374,1312,938,1686,43,2.2825368895074902,1.0746775326776934
116,1571932800,444,799,355,1243,43,0.3518934034982876,0.3830327670948099
116,1571947200,1169,1162,0,2331,43,-0.8237128358383623,2.0816998211674447
116,1571961600,589,420,0,1009,43,-0.8237128358383623,0.01769444847992334
116,1571976000,121,73,0,194,43,-0.8237128358383623,-1.2547445672086772
116,1571990400,66,513,447,579,43,0.6565575556644053,-0.6536537438465776
116,1572004800,403,1343,940,1746,43,2.289160023250232,1.1683540246302284
116,1572019200,487,759,272,1246,43,0.0770333531745075,0.3877165916924366
116,1572033600,1012,1116,104,2128,43,-0.47930988121579443,1.7647610233947015
116,1572048000,482,458,0,940,43,-0.8237128358383623,-0.09003351726549193
116,1572062400,161,102,0,263,43,-0.8237128358383623,-1.147016601463262
116,1572076800,50,169,119,219,43,-0.42963637814523176,-1.2157126955617876
116,1572091200,301,557,256,858,43,0.02404828323257398,-0.21805805626728977
116,1572105600,344,768,424,1112,43,0.5803915176228759,0.17850575966510843
116,1572120000,529,843,314,1372,43,0.21611916177208298,0.5844372247927602
116,1572134400,529,477,0,1006,43,-0.8237128358383623,0.013010623882296589
116,1572148800,146,123,0,269,43,-0.8237128358383623,-1.1376489522680084
116,1572163200,59,111,52,170,43,-0.6515113585270783,-1.2922151639896913
116,1572177600,195,461,266,656,43,0.05716395194628243,-0.5334355791741576
116,1572192000,276,650,374,926,43,0.41481317405433366,-0.11189136538775009
116,1572206400,431,548,117,979,43,-0.43625951188797346,-0.029143797496344166
116,1572220800,298,190,0,488,43,-0.8237128358383623,-0.7957297566412557
116,1572235200,62,38,0,100,43,-0.8237128358383623,-1.4015044046009821
116,1572249600,65,567,502,632,43,0.8386937335898018,-0.5709061759551717
116,1572264000,451,1370,919,1821,43,2.219617118951444,1.2854496395708972
116,1572278400,425,731,306,1156,43,0.18962662680111622,0.2472018537636341
116,1572292800,1027,918,0,1945,43,-0.8237128358383623,1.4790477229394694
116,1572307200,490,306,0,796,44,-0.852327967760367,-0.36725934806195265
116,1572321600,83,47,0,130,44,-0.852327967760367,-1.3379629207244539
116,1572336000,79,505,426,584,44,0.37539427124524777,-0.6762520768974636
116,1572350400,428,1318,890,1746,44,1.7126316395518326,1.017377880210384
116,1572364800,454,687,233,1141,44,-0.18082730652020684,0.13558259273168533
116,1572379200,1241,964,0,2205,44,-0.852327967760367,1.6863762883967022
116,1572393600,431,346,0,777,44,-0.852327967760367,-0.3949520926273994
116,1572408000,81,49,0,130,44,-0.852327967760367,-1.3379629207244539
116,1572422400,63,529,466,592,44,0.4906733547199534,-0.6645919739225387
116,1572436800,382,1462,1080,1844,44,2.2602072860566844,1.1602141416532143
116,1572451200,513,977,464,1490,44,0.4849094005462181,0.6442545850127858
116,1572465600,1179,1043,0,2222,44,-0.852327967760367,1.7111540072184177
116,1572480000,471,336,0,807,44,-0.852327967760367,-0.3512267064714309
116,1572494400,110,55,0,165,44,-0.852327967760367,-1.2869499702091574
116,1572508800,62,486,424,548,44,0.3696303170715125,-0.7287225402846258
116,1572523200,369,1295,926,1664,44,1.8163828146790677,0.8978618247174033
116,1572537600,642,631,0,1273,44,-0.852327967760367,0.32797429181794685
116,1572552000,1445,886,0,2331,44,-0.852327967760367,1.87002291025177
116,1572566400,433,744,311,1177,44,0.04396690625546911,0.18805305611884757
116,1572580800,137,92,0,229,44,-0.852327967760367,-1.1936691464097577
116,1572595200,75,522,447,597,44,0.4359157900694682,-0.6573044095632106
116,1572609600,453,1762,1309,2215,44,2.920180038949374,1.7009514171153584
116,1572624000,493,1127,634,1620,44,0.9748455053137169,0.833731258355316
116,1572638400,1027,1500,473,2527,44,0.5108471943280268,2.155695433137431
116,1572652800,476,506,30,982,44,-0.7658686551543379,-0.09616195389494783
116,1572667200,128,96,0,224,44,-0.852327967760367,-1.2009567107690857
116,1572681600,48,223,175,271,44,-0.34798197755853,-1.1324536057914019
116,1572696000,247,592,345,839,44,0.14195412720896888,-0.30458629457173114
116,1572710400,301,869,568,1170,44,0.7846350175804527,0.17785046601578824
116,1572724800,446,985,539,1431,44,0.7010576820612912,0.5582613255727144
116,1572739200,467,365,0,832,44,-0.852327967760367,-0.31478888467479044
116,1572750000,139,115,0,254,44,-0.852327967760367,-1.1572313246131174
116,1572764400,113,136,23,249,44,-0.7860424947624113,-1.1645188889724454
116,1572778800,162,438,276,600,44,-0.0569022917848983,-0.6529318709476137
116,1572793200,266,841,575,1107,44,0.8048088571885261,0.08602715508825434
116,1572807600,464,1078,614,1542,44,0.9172059635763642,0.7200452543497979
116,1572822000,349,339,0,688,44,-0.852327967760367,-0.5246707382234393
116,1572836400,97,67,0,164,44,-0.852327967760367,-1.2884074830810228
116,1572850800,33,240,207,273,44,-0.2557587107787655,-1.1295385800476705
116,1572865200,324,1301,977,1625,44,1.9633636461093174,0.8410188227146441
116,1572879600,368,673,305,1041,44,0.02667504373426327,-0.010168694454876408
116,1572894000,1247,757,0,2004,44,-0.852327967760367,1.393416201151713
116,1572908400,546,411,0,957,44,-0.852327967760367,-0.13259977569158826
116,1572922800,164,77,0,241,45,-0.7732151216720309,-1.1645778666923354
116,1572937200,35,227,192,262,45,-0.23514067041527761,-1.1321846130916973
116,1572951600,309,1389,1080,1698,45,2.253453666647206,1.0828969188376647
116,1572966000,352,786,434,1138,45,0.44305733585625506,0.2190768228206434
116,1572980400,1085,1134,49,2219,45,-0.6358940377575469,1.8865581153106439
116,1572994800,643,440,0,1083,45,-0.7732151216720309,0.13423734910468593
116,1573009200,172,89,0,261,45,-0.7732151216720309,-1.1337271489774419
116,1573023600,35,276,241,311,45,-0.09781958650079374,-1.0566003546902079
116,1573038000,306,1630,1324,1936,45,2.93725661511933,1.450020459644899
116,1573052400,363,843,480,1206,45,0.5719710064698522,0.3239692630512817
116,1573066800,1147,1094,0,2241,45,-0.7732151216720309,1.9204939047970269
116,1573081200,645,505,0,1150,45,-0.7732151216720309,0.23758725344957957
116,1573095600,196,129,0,325,45,-0.7732151216720309,-1.0350048522897823
116,1573110000,38,312,274,350,45,-0.005338040191039279,-0.9964414551461653
116,1573124400,332,1564,1232,1896,45,2.6794292738921355,1.3883190242151116
116,1573138800,360,827,467,1187,45,0.5355388821660095,0.29466108122213275
116,1573153200,1103,1129,26,2232,45,-0.7003508730643455,1.9066110818253246
116,1573167600,674,532,0,1206,45,-0.7732151216720309,0.3239692630512817
116,1573182000,243,118,0,361,45,-0.7732151216720309,-0.9794735604029738
116,1573196400,40,272,232,312,45,-0.12304182640345404,-1.0550578188044633
116,1573210800,317,1254,937,1571,45,1.8527002993049366,0.8869948613480902
116,1573225200,407,778,371,1185,45,0.2665016565376329,0.2915760094506434
116,1573239600,1071,1139,68,2210,45,-0.5826470868519308,1.8726752923389416
116,1573254000,580,530,0,1110,45,-0.7732151216720309,0.1758858180197923
116,1573268400,245,149,0,394,45,-0.7732151216720309,-0.9285698761733994
116,1573282800,37,105,68,142,45,-0.5826470868519308,-1.3172889193810589
116,1573297200,160,483,323,643,45,0.1319830437234446,-0.5444784406229738
116,1573311600,250,775,525,1025,45,0.6980822059831537,0.04477026773149442
116,1573326000,473,813,340,1286,45,0.17962505242846963,0.4473721339108562
116,1573340400,438,530,92,968,45,-0.5153877804448366,-0.043154277755952396
116,1573354800,219,171,0,390,45,-0.7732151216720309,-0.934740019716378
116,1573369200,36,60,24,96,45,-0.7059558152649367,-1.3882455701253142
116,1573383600,146,409,263,555,45,-0.03616522229429076,-0.6802215985685056
116,1573398000,223,862,639,1085,45,1.0175639114168509,0.1373224208761753
116,1573412400,454,736,282,1190,45,0.01708172861132544,0.29928868887936677
116,1573426800,326,277,0,603,45,-0.7732151216720309,-0.606179876052761
116,1573441200,102,70,0,172,45,-0.7732151216720309,-1.2710128428087184
116,1573455600,32,237,205,269,45,-0.19870854611143496,-1.1213868618914844
116,1573470000,282,1251,969,1533,45,1.9423793745143956,0.8283784976897924
116,1573484400,306,725,419,1031,45,0.4010202693518212,0.05402548304596251
116,1573498800,895,897,2,1792,45,-0.7676101794714396,1.2278952920976647
116,1573513200,468,498,30,966,45,-0.6891409886631631,-0.046239349527441756
116,1573527600,193,113,0,306,46,-0.7376356944743578,-1.0637539312615287
116,1573542000,40,289,249,329,46,0.021710116413803823,-1.0258747548534397
116,1573556400,289,1336,1047,1625,46,2.4552762091397193,1.1085344897067022
116,1573570800,368,724,356,1092,46,0.3480153443858251,0.23072574946707586
116,1573585200,1044,885,0,1929,46,-0.7376356944743578,1.6091983865788342
116,1573599600,644,421,0,1065,46,-0.7376356944743578,0.18625889020540623
116,1573614000,176,128,0,304,46,-0.7376356944743578,-1.0670477726883192
116,1573628400,37,284,247,321,46,0.015610953274139873,-1.039050120560601
116,1573642800,301,1439,1138,1740,46,2.732788131994429,1.2979303717471469
116,1573657200,377,813,436,1190,46,0.591981869972383,0.39212397937980265
116,1573671600,1174,1000,0,2174,46,-0.7376356944743578,2.012693961360651
116,1573686000,603,502,0,1105,46,-0.7376356944743578,0.2521357187412131
116,1573700400,216,113,0,329,46,-0.7376356944743578,-1.0258747548534397
116,1573714800,38,293,255,331,46,0.04000760583279567,-1.0225809134266495
116,1573729200,303,1395,1092,1698,46,2.592507379782158,1.2287597017845497
116,1573743600,410,685,275,1095,46,0.10099923722943516,0.23566651160726138
116,1573758000,1169,955,0,2124,46,-0.7376356944743578,1.9303479256908926
116,1573772400,727,546,0,1273,46,-0.7376356944743578,0.5288183985916018
116,1573786800,279,166,0,445,46,-0.7376356944743578,-0.8348319520995999
116,1573801200,53,253,200,306,46,-0.12771938050796292,-1.0637539312615287
116,1573815600,313,1227,914,1540,46,2.0496818603520666,0.9685462290681126
116,1573830000,442,728,286,1170,46,0.13454463449758688,0.3591855651118992
116,1573844400,1097,960,0,2057,46,-0.7376356944743578,1.820004237893416
116,1573858800,535,560,25,1095,46,-0.6613961552285584,0.23566651160726138
116,1573873200,232,132,0,364,46,-0.7376356944743578,-0.9682325298846088
116,1573887600,35,143,108,178,46,-0.4082808849325046,-1.2745597825761106
116,1573902000,185,457,272,642,46,0.09185049251993924,-0.5103885715607512
116,1573916400,276,658,382,934,46,0.42730446520145643,-0.0294877232493612
116,1573930800,442,629,187,1071,46,-0.16736394091577858,0.19614041448577726
116,1573945200,287,508,221,795,46,-0.06367816754149146,-0.25840970241129
116,1573959600,176,148,0,324,46,-0.7376356944743578,-1.0341093584204157
116,1573974000,29,106,77,135,46,-0.5028179135972958,-1.345377373252103
116,1573988400,116,358,242,474,46,0.00036304542498000105,-0.78707125141114
116,1574002800,244,651,407,895,46,0.5035440044472558,-0.09371763107177287
116,1574017200,394,540,146,934,46,-0.2923967852788895,-0.0294877232493612
116,1574031600,308,262,0,570,46,-0.7376356944743578,-0.6289668629252035
116,1574046000,100,76,0,176,46,-0.7376356944743578,-1.277853624002901
116,1574060400,41,253,212,294,46,-0.09112440166997923,-1.0835169798222708
116,1574074800,294,1361,1067,1655,46,2.5162678405363588,1.1579421111085573
116,1574089200,352,670,318,1022,46,0.23213124473221006,0.11544129952941387
116,1574103600,1213,756,0,1969,46,-0.7376356944743578,1.675075215114641
116,1574118000,504,401,0,905,46,-0.7376356944743578,-0.07724842393782116
116,1574132400,162,107,0,269,47,-0.7195681528441931,-1.1459897430072794
116,1574146800,42,271,229,313,47,0.02733520287083487,-1.0769456636841792
116,1574161200,338,1343,1005,1681,47,2.558326486865864,1.0696975298158449
116,1574175600,390,707,317,1097,47,0.31435483301460104,0.15329429516378784
116,1574190000,1185,1048,0,2233,47,-0.7195681528441931,1.9358868885965563
116,1574204400,621,412,0,1033,47,-0.7195681528441931,0.052866543421096666
116,1574218800,189,113,0,302,47,-0.7195681528441931,-1.0942066835149542
116,1574233200,50,260,210,310,47,-0.034634944546569194,-1.0816532145471178
116,1574247600,316,1328,1012,1644,47,2.581157593809118,1.0116377358396016
116,1574262000,398,804,406,1202,47,0.6046360498645464,0.31805857536664056
116,1574276400,1205,934,0,2139,47,-0.7195681528441931,1.7883836282244787
116,1574290800,618,521,0,1139,47,-0.7195681528441931,0.21920000724492894
116,1574305200,210,103,0,313,47,-0.7195681528441931,-1.0769456636841792
116,1574319600,38,281,243,319,47,0.07299741675734313,-1.0675305619583018
116,1574334000,331,1347,1016,1678,47,2.5942039406338346,1.0649899789529063
116,1574348400,424,721,297,1145,47,0.24912309889101783,0.22861510897080625
116,1574362800,1127,957,0,2084,47,-0.7195681528441931,1.7020785290706035
116,1574377200,665,463,0,1128,47,-0.7195681528441931,0.2019389874141539
116,1574391600,204,114,0,318,47,-0.7195681528441931,-1.0690997455792814
116,1574406000,51,178,127,229,47,-0.30534664115943955,-1.2087570878464613
116,1574420400,322,1458,1136,1780,47,2.9855943453753344,1.2250467082928203
116,1574434800,395,758,363,1153,47,0.4643878214988425,0.24116857793864263
116,1574449200,1084,904,0,1988,47,-0.7195681528441931,1.5514369014565668
116,1574463600,560,574,14,1134,47,-0.6739059389576848,0.2113540891400312
116,1574478000,268,167,0,435,47,-0.7195681528441931,-0.885505261924674
116,1574492400,49,96,47,145,47,-0.5662735776537725,-1.3405685120087436
116,1574506800,213,367,154,580,47,-0.21728380009260223,-0.6579736368826393
116,1574521200,336,722,386,1058,47,0.5394043157409631,0.09209613394558541
116,1574535600,526,820,294,1346,47,0.23933833877248034,0.5440210167876958
116,1574550000,479,582,103,1061,47,-0.38362472210773946,0.09680368480852407
116,1574564400,208,168,0,376,47,-0.7195681528441931,-0.9780870955624675
116,1574578800,29,77,48,106,47,-0.5630119909475934,-1.401766673226946
116,1574593200,162,292,130,454,47,-0.2955618810409021,-0.8556907731260627
116,1574607600,250,742,492,992,47,0.8851325065959543,-0.011469985039064871
116,1574622000,432,654,222,1086,47,0.004504095927580742,0.1360332753330128
116,1574636400,642,420,0,1062,47,-0.7195681528441931,0.09837286842950362
116,1574650800,144,70,0,214,47,-0.7195681528441931,-1.2322948421611546
116,1574665200,30,222,192,252,47,-0.0933435052577941,-1.1726658645639316
116,1574679600,589,1101,512,1690,47,0.9503642407195376,1.083820182404661
116,1574694000,488,799,311,1287,47,0.29478531277752607,0.45143918314990233
116,1574708400,1214,986,0,2200,47,-0.7195681528441931,1.8841038291042311
116,1574722800,541,455,0,996,47,-0.7195681528441931,-0.005193250555146673
116,1574737200,183,94,0,277,48,-0.750417371345794,-0.9857906242621554
116,1574751600,33,185,152,218,48,-0.12590107638144138,-1.095975070221633
116,1574766000,321,1333,1012,1654,48,3.4075463819695013,1.5858022924531125
116,1574780400,425,744,319,1169,48,0.5602451161122882,0.6800487960065585
116,1574794800,1157,1006,0,2163,48,-0.750417371345794,2.536376580476403
116,1574809200,650,411,0,1061,48,-0.750417371345794,0.47835523391124335
116,1574823600,221,120,0,341,48,-0.750417371345794,-0.8662685133908575
116,1574838000,31,191,160,222,48,-0.09303179769910704,-1.088504938292177
116,1574852400,279,983,704,1262,48,2.142079152699629,0.8537293633664131
116,1574866800,581,810,229,1391,48,0.19046573093602676,1.0946411180913729
116,1574881200,815,971,156,1786,48,-0.1094664370402742,1.8323166461251643
116,1574895600,471,532,61,1003,48,-0.49978912139299464,0.3700383209341297
116,1574910000,147,101,0,248,48,-0.750417371345794,-1.0399490807507121
116,1574924400,34,118,84,152,48,-0.40528994518128336,-1.2192322470576589
116,1574938800,121,445,324,566,48,0.5807884152887471,-0.446073592358951
116,1574953200,381,427,46,808,48,-0.5614190189223716,0.0058693893731440305
116,1574967600,302,465,163,767,48,-0.08070581819323165,-0.07069946290378115
116,1574982000,260,290,30,550,48,-0.6271575762870403,-0.47595412007677546
116,1574996400,95,83,0,178,48,-0.750417371345794,-1.1706763895161942
116,1575010800,22,168,146,190,48,-0.15055303539319215,-1.148265993727826
116,1575025200,205,743,538,948,48,1.4600416200411912,0.26732400690410807
116,1575039600,305,848,543,1153,48,1.4805849192176501,0.650168268288734
116,1575054000,582,877,295,1459,48,0.46163728006528515,1.2216333608921268
116,1575068400,504,467,0,971,48,-0.750417371345794,0.3102772654984807
116,1575082800,274,95,0,369,48,-0.750417371345794,-0.8139775898846647
116,1575097200,35,101,66,136,48,-0.47924582221653567,-1.2491127747754833
116,1575111600,175,406,231,581,48,0.19868305060661035,-0.41806059762349057
116,1575126000,281,638,357,919,48,0.7163741898533763,0.21316555041555124
116,1575140400,639,763,124,1402,48,-0.2409435517696116,1.1151839808973771
116,1575154800,578,484,0,1062,48,-0.750417371345794,0.4802227668936074
116,1575169200,297,161,0,458,48,-0.750417371345794,-0.6477671544542661
116,1575183600,29,81,52,110,48,-0.5367670599106208,-1.2976686323169482
116,1575198000,126,345,219,471,48,0.1493791325831088,-0.6234892256835337
116,1575212400,274,563,289,837,48,0.4369853210535344,0.060027845861700874
116,1575226800,422,484,62,906,48,-0.49568046155770284,0.18888762164481887
116,1575241200,273,252,0,525,48,-0.750417371345794,-0.5226424446358762
116,1575255600,85,56,0,141,48,-0.750417371345794,-1.2397751098636633
116,1575270000,39,212,173,251,48,-0.03961921984031371,-1.03434648180362
116,1575284400,281,1230,949,1511,48,3.148700812346118,1.3187450759750563
116,1575298800,353,540,187,893,48,0.017902017853771404,0.1646096928740865
116,1575313200,1118,753,0,1871,48,-0.750417371345794,1.9910569496261068
116,1575327600,462,362,0,824,48,-0.750417371345794,0.035749917090968496
116,1575342000,148,66,0,214,49,-0.7796922108882477,-1.2493273239693337
116,1575356400,42,204,162,246,49,-0.2729071704904986,-1.2018120168377817
116,1575370800,316,1286,970,1602,49,2.2547614260612376,0.8116491228617344
116,1575385200,377,702,325,1079,49,0.23700617262575507,0.035070821930431366
116,1575399600,1319,1029,0,2348,49,-0.7796922108882477,1.9193497203660403
116,1575414000,889,421,0,1310,49,-0.7796922108882477,0.3780719452863224
116,1575428400,179,84,0,263,49,-0.7796922108882477,-1.1765695099241447
116,1575442800,15,205,190,220,49,-0.18531469437236917,-1.2404182038821676
116,1575457200,315,1372,1057,1687,49,2.52692376257114,0.9378616574299193
116,1575471600,390,721,331,1111,49,0.2557759889367828,0.08258612906198337
116,1575486000,1203,1079,0,2282,49,-0.7796922108882477,1.8213493994072143
116,1575500400,697,590,0,1287,49,-0.7796922108882477,0.3439203182855194
116,1575514800,231,107,0,338,49,-0.7796922108882477,-1.0652055088345695
116,1575529200,39,245,206,284,49,-0.1352618508762952,-1.1453875896190637
116,1575543600,326,1274,948,1600,49,2.185938766254136,0.8086794161660124
116,1575558000,451,661,210,1112,49,-0.12274864000227668,0.08407098240984437
116,1575572400,1142,1234,92,2376,49,-0.4918883607858223,1.9609256141061484
116,1575586800,770,494,0,1264,49,-0.7796922108882477,0.30976869128471635
116,1575601200,255,97,0,352,49,-0.7796922108882477,-1.0444175619645157
116,1575615600,43,244,201,287,49,-0.1509033644688183,-1.1409330295754807
116,1575630000,328,1302,974,1630,49,2.267274636935256,0.8532250166018424
116,1575644400,486,921,435,1407,49,0.5811194716612638,0.5221027200288394
116,1575658800,1175,1146,0,2321,49,-0.7796922108882477,1.8792586799737934
116,1575673200,650,713,63,1363,49,-0.5826091396224564,0.45676917272295536
116,1575687600,346,149,0,495,49,-0.7796922108882477,-0.8320835332203926
116,1575702000,45,141,96,186,49,-0.47937514991180386,-1.2909032177094417
116,1575716400,210,482,272,692,49,0.07120612854501,-0.5395674236917757
116,1575730800,331,884,553,1215,49,0.9502591924448094,0.23701087723952738
116,1575745200,605,1056,451,1661,49,0.6311723151573377,0.8992554703855333
116,1575759600,539,762,223,1301,49,-0.08208070466171657,0.36470826515557336
116,1575774000,323,253,0,576,49,-0.7796922108882477,-0.7118104120436517
116,1575788400,38,107,69,145,49,-0.5638393233114287,-1.3517822049717427
116,1575802800,139,367,228,506,49,-0.06643919106919345,-0.8157501463939216
116,1575817200,270,826,556,1096,49,0.9596441006003232,0.06031332884406837
116,1575831600,535,806,271,1341,49,0.06807782582650539,0.42410239907001335
116,1575846000,445,387,0,832,49,-0.7796922108882477,-0.33168795499123566
116,1575860400,133,75,0,208,49,-0.7796922108882477,-1.2582364440564997
116,1575874800,37,235,198,272,49,-0.16028827262433218,-1.1632058297933956
116,1575889200,288,1373,1085,1661,49,2.6145162386892697,0.8992554703855333
116,1575903600,367,669,302,1036,49,0.16505521010014873,-0.028777872027591633
116,1575918000,1143,954,0,2097,49,-0.7796922108882477,1.5466515300529293
116,1575932400,543,480,0,1023,49,-0.7796922108882477,-0.04808096554978463
116,1575946800,157,102,0,259,50,-0.8046900870479685,-1.167337300589848
116,1575961200,33,216,183,249,50,-0.2250417263121966,-1.1817573495971345
116,1575975600,335,1307,972,1642,50,2.2740979273518693,0.826955477117855
116,1575990000,382,759,377,1141,50,0.389448885615343,0.10451102185280858
116,1576004400,1211,1061,0,2272,50,-0.8046900870479685,1.7354185645768956
116,1576018800,682,426,0,1108,50,-0.8046900870479685,0.056924860128763605
116,1576033200,184,95,0,279,50,-0.8046900870479685,-1.1384972025752753
116,1576047600,31,239,208,270,50,-0.14585479178545183,-1.151475246681833
116,1576062000,307,1338,1031,1645,50,2.460979092834987,0.831281491820041
116,1576076400,427,869,442,1296,50,0.5953349153848795,0.3280217814657471
116,1576090800,1204,1089,0,2293,50,-0.8046900870479685,1.765700667492197
116,1576105200,629,476,0,1105,50,-0.8046900870479685,0.052598845426577695
116,1576119600,187,89,0,276,50,-0.8046900870479685,-1.1428232172774613
116,1576134000,33,234,201,267,50,-0.16802713345294035,-1.155801261384019
116,1576148400,362,1396,1034,1758,50,2.4704815249781964,0.9942280456023768
116,1576162800,478,897,419,1375,50,0.5224829356202743,0.4419401686233093
116,1576177200,1257,1106,0,2363,50,-0.8046900870479685,1.8666410105432014
116,1576191600,751,584,0,1335,50,-0.8046900870479685,0.3842599725941639
116,1576206000,244,95,0,339,50,-0.8046900870479685,-1.0519769085315571
116,1576220400,40,207,167,247,50,-0.2757213644093133,-1.1846413593985916
116,1576234800,407,1276,869,1683,50,1.9478477571016806,0.8860776780477291
116,1576249200,479,894,415,1373,50,0.5098130260959951,0.43905615882185206
116,1576263600,1179,1281,102,2460,50,-0.48160739417884973,2.006515485913879
116,1576278000,637,694,57,1331,50,-0.6241438763269904,0.3784919529912494
116,1576292400,284,174,0,458,50,-0.8046900870479685,-0.8803783253448496
116,1576306800,37,117,80,154,50,-0.5512918965623852,-1.3187478151663548
116,1576321200,141,392,251,533,50,-0.00965326439945076,-0.7722279577902019
116,1576335600,311,899,588,1210,50,1.0577866130210691,0.20400936000308445
116,1576350000,613,1002,389,1615,50,0.42745861418818054,0.7880213447981819
116,1576364400,539,730,191,1269,50,-0.1997019072636383,0.28908764914607393
116,1576378800,325,200,0,525,50,-0.8046900870479685,-0.7837639969960309
116,1576393200,41,92,51,133,50,-0.6431487406134091,-1.349029918081656
116,1576407600,136,359,223,495,50,-0.09834263106940494,-0.82702414401789
116,1576422000,329,902,573,1231,50,1.0102744523050222,0.2342914629183858
116,1576436400,590,870,280,1460,50,0.08220357965157321,0.5645105851852433
116,1576450800,485,398,0,883,50,-0.8046900870479685,-0.2675262425351794
116,1576465200,128,61,0,189,50,-0.8046900870479685,-1.2682776436408525
116,1576479600,36,223,187,259,50,-0.21237181678791744,-1.167337300589848
116,1576494000,328,1311,983,1639,50,2.308940178543637,0.8226294624156691
116,1576508400,380,777,397,1157,50,0.45279843323673885,0.12758310026446676
116,1576522800,1317,910,0,2227,50,-0.8046900870479685,1.670528344044107
116,1576537200,604,471,0,1075,50,-0.8046900870479685,0.009338698404718628
116,1576551600,170,80,0,250,51,-0.8317701873818011,-1.1761245309510406
116,1576566000,42,241,199,283,51,-0.16778401487587044,-1.1279648582998312
116,1576580400,297,1331,1034,1628,51,2.6182886185032856,0.8349066482418933
116,1576594800,358,648,290,1006,51,0.1358478529534747,-0.07283021203242089
116,1576609200,1194,1122,0,2316,51,-0.8317701873818011,1.8389628538186267
116,1576623600,651,518,0,1169,51,-0.8317701873818011,0.16504938318415985
116,1576638000,192,107,0,299,51,-0.8317701873818011,-1.1046147139840932
116,1576652400,35,213,178,248,51,-0.23785290745187318,-1.179043298990508
116,1576666800,321,1398,1077,1719,51,2.761763017587482,0.9677105940376531
116,1576681200,512,890,378,1402,51,0.42946987898624805,0.5050858597820943
116,1576695600,1247,1120,0,2367,51,-0.8317701873818011,1.9133914388250415
116,1576710000,654,521,0,1175,51,-0.8317701873818011,0.17380568730256157
116,1576724400,234,107,0,341,51,-0.8317701873818011,-1.043320585155281
116,1576738800,34,239,205,273,51,-0.1477643312827268,-1.1425586984971674
116,1576753200,330,1324,994,1654,51,2.4848240612156616,0.8728506327549675
116,1576767600,432,807,375,1239,51,0.4194600371896762,0.26720626456551355
116,1576782000,1221,1247,26,2468,51,-0.7450182251448453,2.0607892248181376
116,1576796400,705,585,0,1290,51,-0.8317701873818011,0.34163484957192836
116,1576810800,214,112,0,326,51,-0.8317701873818011,-1.0652113454512853
116,1576825200,40,204,164,244,51,-0.28456550250254165,-1.1848808350694424
116,1576839600,305,1190,885,1495,51,2.1211331426068853,0.6408085736173214
116,1576854000,488,841,353,1329,51,0.3460545306814829,0.3985508263415397
116,1576868400,1073,1308,235,2381,51,-0.04766591331700863,1.9338228151013124
116,1576882800,639,738,99,1377,51,-0.5014454080949311,0.4686012592887537
116,1576897200,271,151,0,422,51,-0.8317701873818011,-0.9251104795568574
116,1576911600,45,108,63,153,51,-0.6215635096537929,-1.3176847808652024
116,1576926000,159,330,171,489,51,-0.2612092049772074,-0.8273317502347045
116,1576940400,282,853,571,1135,51,1.073436367899035,0.11543032651321662
116,1576954800,622,920,298,1542,51,0.16254076441099954,0.7093996225448016
116,1576969200,560,700,140,1260,51,-0.3646442368751162,0.2978533289799196
116,1576983600,287,168,0,455,51,-0.8317701873818011,-0.8769508069056478
116,1576998000,46,81,35,127,51,-0.7149886997551298,-1.3556287653782766
116,1577012400,126,410,284,536,51,0.11582816936033107,-0.7587407013072243
116,1577026800,294,769,475,1063,51,0.7531214304087368,0.010354677092395683
116,1577041200,540,912,372,1452,51,0.4094501953931044,0.5780550607687754
116,1577055600,472,489,17,961,51,-0.7750477505345608,-0.13850249292043398
116,1577070000,152,80,0,232,51,-0.8317701873818011,-1.202393443306246
116,1577084400,33,195,162,228,51,-0.2912387303669229,-1.2082309793851804
116,1577098800,258,979,721,1237,51,1.573928457727626,0.2642874965260463
116,1577113200,473,822,349,1295,51,0.3327080749527205,0.34893176967059647
116,1577127600,893,1213,320,2106,51,0.23594627091919287,1.5324922096745657
116,1577142000,690,686,0,1376,51,-0.8317701873818011,0.46714187526902
116,1577156400,301,85,0,386,52,-1.0369983802132596,-0.8738812589817181
116,1577170800,40,172,132,212,52,-0.4183146008317895,-1.1903061386754366
116,1577185200,216,694,478,910,52,1.203386820880246,0.07903044768212371
116,1577199600,484,655,171,1139,52,-0.23552166601453695,0.49547468589971866
116,1577214000,594,824,230,1418,52,0.04101123537566564,1.0028456136844741
116,1577228400,435,452,17,887,52,-0.9573194086262522,0.0372041704812299
116,1577242800,156,139,0,295,52,-1.0369983802132596,-1.03936783399395
116,1577257200,28,66,38,94,52,-0.8588924437246547,-1.4048931260539352
116,1577271600,93,276,183,369,52,-0.17927768607076694,-0.9047963334345526
116,1577286000,185,466,281,651,52,0.2800481501366882,-0.39196980427576755
116,1577300400,400,719,319,1119,52,0.4581540866252933,0.4591040100728545
116,1577314800,384,377,0,761,52,-1.0369983802132596,-0.1919310872280145
116,1577329200,148,82,0,230,52,-1.0369983802132596,-1.1575725304312587
116,1577343600,22,199,177,221,52,-0.20739967604265194,-1.1739393345533475
116,1577358000,248,863,615,1111,52,1.8455055919049537,0.4445557397421088
116,1577372400,351,885,534,1236,52,1.465858727284506,0.67187246366001
116,1577386800,733,1083,350,1816,52,0.6034510348133658,1.7266220626390716
116,1577401200,600,589,0,1189,52,-1.0369983802132596,0.5864013754668792
116,1577415600,281,105,0,386,52,-1.0369983802132596,-0.8738812589817181
116,1577430000,39,194,155,233,52,-0.310513639272897,-1.152116929057229
116,1577444400,320,934,614,1254,52,1.8408185935763062,0.7046060719041878
116,1577458800,424,852,428,1276,52,0.9690369044478709,0.7446138153137384
116,1577473200,776,1343,567,2119,52,1.6205296721298736,2.277637801416064
116,1577487600,732,753,21,1485,52,-0.9385714153116621,1.1246873777044692
