remote_unit_id,time_stamp,entries,exits,num_people_exited,sum_exit_entry,week_num,z_score_num_people_exited,z_score_sum_exit_entry
125,1546300800,0,0,0,0,1,-0.4192981861043337,-0.9507477329561929
125,1546315200,34,60,26,94,1,-0.16378835394700536,-0.609484704525331
125,1546329600,16,22,6,38,1,-0.36033437868341184,-0.8127903384841423
125,1546344000,50,62,12,112,1,-0.3013705712624899,-0.5441364650385703
125,1546358400,79,122,43,201,1,0.003275767078940131,-0.2210257253540309
125,1546372800,120,73,0,193,1,-0.4192981861043337,-0.2500693873481468
125,1546387200,50,24,0,74,1,-0.4192981861043337,-0.6820938595106207
125,1546401600,9,7,0,16,1,-0.4192981861043337,-0.8926604089679611
125,1546416000,37,117,80,154,1,0.3668859128412921,-0.3916572395694618
125,1546430400,113,452,339,565,1,2.9121569331777555,1.1004608953782424
125,1546444800,329,157,0,486,1,-0.4192981861043337,0.813654733186348
125,1546459200,780,118,0,898,1,-0.4192981861043337,2.309403325883317
125,1546473600,129,45,0,174,1,-0.4192981861043337,-0.31904808458417205
125,1546488000,31,11,0,42,1,-0.4192981861043337,-0.7982685074870843
125,1546502400,42,128,86,170,1,0.425849720262214,-0.33356991558123
125,1546516800,121,415,294,536,1,2.469928377520841,0.9951776206495723
125,1546531200,311,133,0,444,1,-0.4192981861043337,0.6611755077172395
125,1546545600,821,102,0,923,1,-0.4192981861043337,2.400164769614929
125,1546560000,120,49,0,169,1,-0.4192981861043337,-0.3372003733304945
125,1546574400,30,12,0,42,1,-0.4192981861043337,-0.7982685074870843
125,1546588800,42,104,62,146,1,0.18999449057852627,-0.4207009015635777
125,1546603200,125,454,329,579,1,2.8138839208095523,1.1512873038679452
125,1546617600,295,177,0,472,1,-0.4192981861043337,0.7628283246966452
125,1546632000,754,114,0,868,1,-0.4192981861043337,2.200489593405382
125,1546646400,119,43,0,162,1,-0.4192981861043337,-0.3626135775753459
125,1546660800,35,10,0,45,1,-0.4192981861043337,-0.7873771342392909
125,1546675200,11,22,11,33,1,-0.3111978724993102,-0.8309426272304647
125,1546689600,59,52,0,111,1,-0.4192981861043337,-0.5477669227878348
125,1546704000,105,84,0,189,1,-0.4192981861043337,-0.26459121834520477
125,1546718400,107,45,0,152,1,-0.4192981861043337,-0.3989181550679908
125,1546732800,52,39,0,91,1,-0.4192981861043337,-0.6203760777731245
125,1546747200,18,19,1,37,1,-0.40947088486751343,-0.8164207962334068
125,1546761600,17,12,0,29,1,-0.4192981861043337,-0.8454644582275227
125,1546776000,51,36,0,87,1,-0.4192981861043337,-0.6348979087701825
125,1546790400,105,79,0,184,1,-0.4192981861043337,-0.2827435070915272
125,1546804800,82,79,0,161,1,-0.4192981861043337,-0.3662440353246104
125,1546819200,42,26,0,68,1,-0.4192981861043337,-0.7038766060062077
125,1546833600,11,4,0,15,1,-0.4192981861043337,-0.8962908667172256
125,1546848000,36,122,86,158,1,0.425849720262214,-0.37713540857240385
125,1546862400,112,529,417,641,1,3.6786864296497406,1.3763756843223436
125,1546876800,304,134,0,438,1,-0.4192981861043337,0.6393927612216526
125,1546891200,905,97,0,1002,1,-0.4192981861043337,2.6869709318068233
125,1546905600,98,30,0,128,2,-0.3916341995105075,-0.3433413604863342
125,1546920000,1,5,4,6,2,-0.3555296382240074,-0.6751490299720273
125,1546934400,32,94,62,126,2,0.16798650043024332,-0.3487808304779029
125,1546948800,127,511,384,638,2,3.074403683993497,1.0437234873636942
125,1546963200,305,121,0,426,2,-0.3916341995105075,0.46713966825740794
125,1546977600,887,125,0,1012,2,-0.3916341995105075,2.0609043757870484
125,1546992000,103,30,0,133,2,-0.3916341995105075,-0.3297426855074123
125,1547006400,1,3,2,4,2,-0.37358191886725745,-0.680588499963596
125,1547020800,42,143,101,185,2,0.5200059729736188,-0.1883164657266251
125,1547035200,142,524,382,666,2,3.0563514033502472,1.1198760672456565
125,1547049600,335,123,0,458,2,-0.3916341995105075,0.5541711881225078
125,1547064000,929,118,0,1047,2,-0.3916341995105075,2.1560951006395013
125,1547078400,109,18,0,127,2,-0.3916341995105075,-0.34606109548211855
125,1547092800,1,5,4,6,2,-0.3555296382240074,-0.6751490299720273
125,1547107200,41,119,78,160,2,0.31240474557624354,-0.25630984062123435
125,1547121600,121,553,432,674,2,3.5076584194314977,1.1416339472119315
125,1547136000,358,145,0,503,2,-0.3916341995105075,0.6765592629328044
125,1547149491,812,123,0,935,2,-0.3916341995105075,1.851484781111652
125,1547149571,2,0,0,2,2,-0.3916341995105075,-0.6860279699551648
125,1547149652,1,0,0,1,2,-0.3916341995105075,-0.6887477049509492
125,1547149732,2,5,3,7,2,-0.3645557785456324,-0.6724292949762429
125,1547149813,1,0,0,1,2,-0.3916341995105075,-0.6887477049509492
125,1547149894,1,0,0,1,2,-0.3916341995105075,-0.6887477049509492
125,1547149975,1,0,0,1,2,-0.3916341995105075,-0.6887477049509492
125,1547150055,3,0,0,3,2,-0.3916341995105075,-0.6833082349593804
125,1547150136,3,1,0,4,2,-0.3916341995105075,-0.680588499963596
125,1547150217,4,0,0,4,2,-0.3916341995105075,-0.680588499963596
125,1547150297,3,0,0,3,2,-0.3916341995105075,-0.6833082349593804
125,1547150378,1,0,0,1,2,-0.3916341995105075,-0.6887477049509492
125,1547150400,1257,7,0,1264,2,-0.3916341995105075,2.7462775947247096
125,1547164800,108,37,0,145,2,-0.3916341995105075,-0.2971058655579999
125,1547179200,3,11,8,14,2,-0.3194250769375074,-0.6533911500057523
125,1547193600,38,122,84,160,2,0.3665615875059936,-0.25630984062123435
125,1547208000,135,467,332,602,2,2.6050443872689963,0.9458130275154569
125,1547222400,437,136,0,573,2,-0.3916341995105075,0.8669407126377102
125,1547236800,1215,112,0,1327,2,-0.3916341995105075,2.9176208994591253
125,1547251200,94,23,0,117,2,-0.3916341995105075,-0.3732584454399622
125,1547265600,0,0,0,0,2,-0.3916341995105075,-0.6914674399467335
125,1547280000,2,1,0,3,2,-0.3916341995105075,-0.6833082349593804
125,1547294400,3,3,0,6,2,-0.3916341995105075,-0.6751490299720273
125,1547308800,2,3,1,5,2,-0.38260805918888247,-0.6778687649678117
125,1547323200,2,0,0,2,2,-0.3916341995105075,-0.6860279699551648
125,1547337600,2,3,1,5,2,-0.38260805918888247,-0.6778687649678117
125,1547352000,1,2,1,3,2,-0.38260805918888247,-0.6833082349593804
125,1547366400,0,3,3,3,2,-0.3645557785456324,-0.6833082349593804
125,1547380800,0,0,0,0,2,-0.3916341995105075,-0.6914674399467335
125,1547395200,0,1,1,1,2,-0.38260805918888247,-0.6887477049509492
125,1547409600,2,1,0,3,2,-0.3916341995105075,-0.6833082349593804
125,1547424000,1,1,0,2,2,-0.3916341995105075,-0.6860279699551648
125,1547438400,0,2,2,2,2,-0.37358191886725745,-0.6860279699551648
125,1547452800,40,124,84,164,2,0.3665615875059936,-0.2454309006380969
125,1547467200,130,504,374,634,2,2.984142280777247,1.0328445473805568
125,1547481600,322,114,0,436,2,-0.3916341995105075,0.4943370182152516
125,1547496000,913,83,0,996,2,-0.3916341995105075,2.0173886158544985
125,1547510400,90,30,0,120,3,-0.4349210902044614,-0.39997324150532065
125,1547524800,1,4,3,5,3,-0.4073279092549337,-0.77120128848278
125,1547539200,42,144,102,186,3,0.5032470620794826,-0.18692062323999611
125,1547553600,136,510,374,646,3,3.0050288015033333,1.2979915646698414
125,1547568000,292,125,0,417,3,-0.4349210902044614,0.5587635406886398
125,1547582400,930,106,0,1036,3,-0.4349210902044614,2.5569388544194864
125,1547596800,110,17,0,127,3,-0.4349210902044614,-0.3773767516893014
125,1547611200,0,5,5,5,3,-0.3889324552885818,-0.77120128848278
125,1547625600,38,135,97,173,3,0.45725842716360293,-0.22888553289831762
125,1547640000,127,510,383,637,3,3.0878083443519166,1.2689389349063882
125,1547654400,301,135,0,436,3,-0.4349210902044614,0.6200968701892635
125,1547668800,906,107,0,1013,3,-0.4349210902044614,2.4826932450239947
125,1547683200,103,30,0,133,3,-0.4349210902044614,-0.35800833184699915
125,1547697600,0,4,4,4,3,-0.3981301822717577,-0.7744293584564971
125,1547712000,34,143,109,177,3,0.567631150961714,-0.21597325300344947
125,1547726400,120,495,375,615,3,3.014226528486509,1.1979213954846133
125,1547740800,324,116,0,440,3,-0.4349210902044614,0.6330091500841316
125,1547755200,893,114,0,1007,3,-0.4349210902044614,2.4633248251816924
125,1547769600,101,28,0,129,3,-0.4349210902044614,-0.3709206117418673
125,1547784000,1,9,8,10,3,-0.36133927433905405,-0.7550609386141949
125,1547798400,40,129,89,169,3,0.3836766112981956,-0.24179781279318577
125,1547812800,117,462,345,579,3,2.7382947189912317,1.0817108764307999
125,1547827200,363,114,0,477,3,-0.4349210902044614,0.7524477391116621
125,1547841600,753,115,0,868,3,-0.4349210902044614,2.014623098835024
125,1547856000,67,32,0,99,3,-0.4349210902044614,-0.46776271095337846
125,1547870400,1,1,0,2,3,-0.4349210902044614,-0.7808854984039312
125,1547884800,2,4,2,6,3,-0.41652563623810956,-0.7679732185090631
125,1547899200,6,3,0,9,3,-0.4349210902044614,-0.7582890085879119
125,1547913600,1,1,0,2,3,-0.4349210902044614,-0.7808854984039312
125,1547928000,2,1,0,3,3,-0.4349210902044614,-0.7776574284302141
125,1547942400,1,1,0,2,3,-0.4349210902044614,-0.7808854984039312
125,1547956800,0,0,0,0,3,-0.4349210902044614,-0.7873416383513653
125,1547971200,0,1,1,1,3,-0.4257233632212855,-0.7841135683776482
125,1547985600,0,2,2,2,3,-0.41652563623810956,-0.7808854984039312
125,1548000000,0,0,0,0,3,-0.4349210902044614,-0.7873416383513653
125,1548014400,2,2,0,4,3,-0.4349210902044614,-0.7744293584564971
125,1548028800,1,1,0,2,3,-0.4349210902044614,-0.7808854984039312
125,1548043200,0,1,1,1,3,-0.4257233632212855,-0.7841135683776482
125,1548057600,19,43,24,62,3,-0.2141756426082393,-0.5872012999809089
125,1548072000,69,131,62,200,3,0.1353379827524457,-0.14172764360795756
125,1548086400,129,76,0,205,3,-0.4349210902044614,-0.12558729373937239
125,1548100800,203,32,0,235,3,-0.4349210902044614,-0.028745194527861225
125,1548115200,55,25,0,80,4,-0.4612294802622489,-0.6185294469908535
125,1548129600,13,4,0,17,4,-0.4612294802622489,-0.817463313131342
125,1548144000,38,122,84,160,4,0.24903573421405578,-0.36591501379658253
125,1548158400,125,464,339,589,4,2.405197992445695,0.9887298842076958
125,1548172800,290,127,0,417,4,-0.4612294802622489,0.4456088528400131
125,1548187200,855,106,0,961,4,-0.4612294802622489,2.163386998561056
125,1548201600,133,32,0,165,4,-0.4612294802622489,-0.3501266117219406
125,1548216000,24,7,0,31,4,-0.4612294802622489,-0.7732557873223446
125,1548230400,33,137,104,170,4,0.4181464995655569,-0.33433820964729866
125,1548244800,118,539,421,657,4,3.09855213038685,1.203452152422826
125,1548259200,316,132,0,448,4,-0.4612294802622489,0.5434969457027932
125,1548273600,846,106,0,952,4,-0.4612294802622489,2.1349678748267005
125,1548288000,169,31,0,200,4,-0.4612294802622489,-0.23960779719944705
125,1548302400,35,8,0,43,4,-0.4612294802622489,-0.735363622343204
125,1548316800,31,125,94,156,4,0.33359111688980636,-0.3785457354562961
125,1548331200,121,514,393,635,4,2.8617970588947483,1.1339831832944016
125,1548345600,298,124,0,422,4,-0.4612294802622489,0.46139725491465505
125,1548360000,823,95,0,918,4,-0.4612294802622489,2.0276067407191354
125,1548374400,148,40,0,188,4,-0.4612294802622489,-0.2774999621785877
125,1548388800,35,7,0,42,4,-0.4612294802622489,-0.7385213027581323
125,1548403200,40,127,87,167,4,0.27440234901678096,-0.34381125089208386
125,1548417600,141,453,312,594,4,2.1768984592211686,1.0045182862823379
125,1548432000,322,136,0,458,4,-0.4612294802622489,0.575073749852077
125,1548446400,776,103,0,879,4,-0.4612294802622489,1.9044572045369283
125,1548460800,79,22,0,101,4,-0.4612294802622489,-0.5522181582773574
125,1548475200,0,5,5,5,4,-0.4189517889243736,-0.8553554781104826
125,1548489600,0,0,0,0,4,-0.4612294802622489,-0.8711438801851246
125,1548504000,1,1,0,2,4,-0.4612294802622489,-0.8648285193552678
125,1548518400,1,1,0,2,4,-0.4612294802622489,-0.8648285193552678
125,1548532800,1,2,1,3,4,-0.45277394199467386,-0.8616708389403395
125,1548547200,2,2,0,4,4,-0.4612294802622489,-0.8585131585254111
125,1548561600,0,0,0,0,4,-0.4612294802622489,-0.8711438801851246
125,1548576000,9,10,1,19,4,-0.45277394199467386,-0.8111479523014853
125,1548590400,0,0,0,0,4,-0.4612294802622489,-0.8711438801851246
125,1548604800,0,1,1,1,4,-0.45277394199467386,-0.8679861997701962
125,1548619200,2,3,1,5,4,-0.45277394199467386,-0.8553554781104826
125,1548633600,2,2,0,4,4,-0.4612294802622489,-0.8585131585254111
125,1548648000,0,0,0,0,4,-0.4612294802622489,-0.8711438801851246
125,1548662400,33,127,94,160,4,0.33359111688980636,-0.36591501379658253
125,1548676800,112,466,354,578,4,2.532031066459321,0.9539953996434836
125,1548691200,282,113,0,395,4,-0.4612294802622489,0.3761398837115886
125,1548705600,850,109,0,959,4,-0.4612294802622489,2.157071637731199
125,1548720000,151,27,0,178,5,-0.47528737521829073,-0.462285667304176
125,1548734400,42,9,0,51,5,-0.47528737521829073,-0.8837953680563938
125,1548748800,39,139,100,178,5,0.4358066347848225,-0.462285667304176
125,1548763200,128,487,359,615,5,2.795540120692886,0.9881059801660541
125,1548777600,318,144,0,462,5,-0.47528737521829073,0.48030295485039004
125,1548792000,935,107,0,1042,5,-0.47528737521829073,2.4053078874195744
125,1548806400,153,30,0,183,5,-0.47528737521829073,-0.44569079719582094
125,1548820800,34,5,0,39,5,-0.47528737521829073,-0.9236230563164459
125,1548835200,41,129,88,170,5,0.32647535358444896,-0.48883745947754403
125,1548849600,124,497,373,621,5,2.9230932820933213,1.00801982429608
125,1548864000,333,129,0,462,5,-0.47528737521829073,0.48030295485039004
125,1548878400,906,108,0,1014,5,-0.47528737521829073,2.312376614812786
125,1548892800,146,30,0,176,5,-0.47528737521829073,-0.468923615347518
125,1548907200,26,7,0,33,5,-0.47528737521829073,-0.943536900446472
125,1548921600,28,106,78,134,5,0.23536595258413762,-0.6083205242577002
125,1548936000,135,400,265,535,5,1.9391117512899594,0.7225880584323735
125,1548950400,286,91,0,377,5,-0.47528737521829073,0.19819016300835446
125,1548964800,832,103,0,935,5,-0.47528737521829073,2.0501776671007765
125,1548979200,140,30,0,170,5,-0.47528737521829073,-0.48883745947754403
125,1548993600,30,13,0,43,5,-0.47528737521829073,-0.9103471602297619
125,1549008000,39,147,108,186,5,0.5086941555850716,-0.4357338751308079
125,1549022400,135,447,312,582,5,2.3673259359914223,0.8785798374509108
125,1549036800,376,127,0,503,5,-0.47528737521829073,0.6163808897389014
125,1549051200,796,107,0,903,5,-0.47528737521829073,1.9439704984073043
125,1549065600,126,33,0,159,5,-0.47528737521829073,-0.5253461737159251
125,1549080000,42,19,0,61,5,-0.47528737521829073,-0.8506056278396837
125,1549094400,8,22,14,30,5,-0.34773421381785485,-0.953493822511485
125,1549108800,55,64,9,119,5,-0.39328891431801055,-0.6581051345827653
125,1549123200,124,83,0,207,5,-0.47528737521829073,-0.36603542067571676
125,1549137600,138,66,0,204,5,-0.47528737521829073,-0.3759923427407298
125,1549152000,56,54,0,110,5,-0.47528737521829073,-0.6879759007778045
125,1549166400,17,15,0,32,5,-0.47528737521829073,-0.946855874468143
125,1549180800,15,21,6,36,5,-0.4206217346181039,-0.9335799783814589
125,1549195200,46,48,2,94,5,-0.45706549501822846,-0.7410794851245406
125,1549209600,76,75,0,151,5,-0.47528737521829073,-0.5518979658892932
125,1549224000,107,72,0,179,5,-0.47528737521829073,-0.45896669328250495
125,1549238400,61,40,0,101,5,-0.47528737521829073,-0.7178466669728435
125,1549252800,15,13,0,28,5,-0.47528737521829073,-0.960131770554827
125,1549267200,36,142,106,178,5,0.4904722753850093,-0.462285667304176
125,1549281600,127,498,371,625,5,2.904871401893259,1.0212957203827642
125,1549296000,312,140,0,452,5,-0.47528737521829073,0.44711321463368
125,1549310400,876,92,0,968,5,-0.47528737521829073,2.1597038098159196
125,1549324800,161,51,0,212,6,-0.48680175568127193,-0.4192967824105119
125,1549339200,28,9,0,37,6,-0.48680175568127193,-0.9969596410266811
125,1549353600,37,145,108,182,6,0.41705938380716423,-0.5183247010304266
125,1549368000,121,480,359,601,6,2.5176996246552887,0.8647652290277156
125,1549382400,319,155,0,474,6,-0.48680175568127193,0.44554704020340996
125,1549396800,833,114,0,947,6,-0.48680175568127193,2.0068872237773987
125,1549411200,159,30,0,189,6,-0.48680175568127193,-0.4952181866857798
125,1549425600,35,10,0,45,6,-0.48680175568127193,-0.9705521960613704
125,1549440000,39,170,131,209,6,0.6095483301797017,-0.4291995742725034
125,1549454400,124,519,395,643,6,2.818986671151434,1.0034043150955962
125,1549468800,326,137,0,463,6,-0.48680175568127193,0.4092368033761079
125,1549483200,926,117,0,1043,6,-0.48680175568127193,2.323776563361126
125,1549497600,175,34,0,209,6,-0.48680175568127193,-0.4291995742725034
125,1549512000,46,12,0,58,6,-0.48680175568127193,-0.9276400979927407
125,1549526400,42,146,104,188,6,0.3835830453075925,-0.49851911730644366
125,1549540800,136,489,353,625,6,2.4674851169059315,0.9439875639236474
125,1549555200,319,132,0,451,6,-0.48680175568127193,0.369625635928142
125,1549569600,886,112,0,998,6,-0.48680175568127193,2.1752346854312536
125,1549584000,163,32,0,195,6,-0.48680175568127193,-0.4754126029617969
125,1549598400,41,11,0,52,6,-0.48680175568127193,-0.9474456817167237
125,1549612800,42,132,90,174,6,0.26641586055909156,-0.5447321459957372
125,1549627200,142,497,355,639,6,2.4842232861557174,0.9902005926129409
125,1549641600,347,163,0,510,6,-0.48680175568127193,0.5643805425473076
125,1549656000,827,112,0,939,6,-0.48680175568127193,1.980479778812088
125,1549670400,145,74,0,219,6,-0.48680175568127193,-0.3961902680658651
125,1549684800,55,14,0,69,6,-0.48680175568127193,-0.8913298611654387
125,1549699200,18,25,7,43,6,-0.42821816330702145,-0.9771540573026981
125,1549713600,68,97,29,165,6,-0.24409830155937703,-0.5744405215817117
125,1549728000,128,92,0,220,6,-0.48680175568127193,-0.3928893374452013
125,1549742400,156,108,0,264,6,-0.48680175568127193,-0.24764839013599305
125,1549756800,98,71,0,169,6,-0.48680175568127193,-0.5612367990990563
125,1549771200,31,17,0,48,6,-0.48680175568127193,-0.960649404199379
125,1549785600,19,17,0,36,6,-0.48680175568127193,-1.000260571647345
125,1549800000,45,70,25,115,6,-0.2775746400589488,-0.7394870526149028
125,1549814400,101,66,0,167,6,-0.48680175568127193,-0.567838660340384
125,1549828800,118,80,0,198,6,-0.48680175568127193,-0.46550981109980544
125,1549843200,40,40,0,80,6,-0.48680175568127193,-0.8550196243381366
125,1549857600,28,12,0,40,6,-0.48680175568127193,-0.9870568491646896
125,1549872000,42,147,105,189,6,0.39195212993248546,-0.4952181866857798
125,1549886400,133,515,382,648,6,2.7101885710278264,1.0199089681989153
125,1549900800,325,145,0,470,6,-0.48680175568127193,0.4323433177207547
125,1549915200,914,102,0,1016,6,-0.48680175568127193,2.2346514366032024
125,1549929600,150,22,0,172,7,-0.45208043289794186,-0.47224527571185654
125,1549944000,39,6,0,45,7,-0.45208043289794186,-0.9283300667035355
125,1549958400,42,137,95,179,7,0.4593904752692072,-0.4471067439249136
125,1549972800,101,459,358,560,7,2.9827257263003673,0.9211476290501232
125,1549987200,294,124,0,418,7,-0.45208043289794186,0.4111945556578523
125,1550001600,855,105,0,960,7,-0.45208043289794186,2.3576351597325766
125,1550016000,150,37,0,187,7,-0.45208043289794186,-0.41837699331126454
125,1550030400,36,5,0,41,7,-0.45208043289794186,-0.94269494201036
125,1550044800,33,148,115,181,7,0.6512790875149228,-0.4399243062715013
125,1550059200,158,539,381,697,7,3.2033976303829403,1.4131446083088635
125,1550073600,325,145,0,470,7,-0.45208043289794186,0.5979379346465712
125,1550088000,906,121,0,1027,7,-0.45208043289794186,2.5982468211218874
125,1550102400,179,40,0,219,7,-0.45208043289794186,-0.30345799085666825
125,1550116800,39,6,0,45,7,-0.45208043289794186,-0.9283300667035355
125,1550131200,32,142,110,174,7,0.6033069344534938,-0.4650628380584443
125,1550145600,130,484,354,614,7,2.9443480038512244,1.1150734456922544
125,1550160000,310,167,0,477,7,-0.45208043289794186,0.6230764664335141
125,1550174400,879,109,0,988,7,-0.45208043289794186,2.4581892868803483
125,1550188800,143,58,0,201,7,-0.45208043289794186,-0.36809992973737865
125,1550203200,34,16,0,50,7,-0.45208043289794186,-0.9103739725700047
125,1550217600,50,107,57,157,7,0.09480211200234757,-0.5261135581124485
125,1550232000,128,446,318,574,7,2.598948501808936,0.9714246926240091
125,1550246400,400,139,0,539,7,-0.45208043289794186,0.8457320336892944
125,1550260800,755,134,0,889,7,-0.45208043289794186,2.102658623036441
125,1550275200,138,63,0,201,7,-0.45208043289794186,-0.36809992973737865
125,1550289600,46,20,0,66,7,-0.45208043289794186,-0.8529144713427067
125,1550304000,14,33,19,47,7,-0.26978625126451206,-0.9211476290501232
125,1550318400,55,99,44,154,7,-0.029925485957367562,-0.5368872145925669
125,1550332800,167,121,0,288,7,-0.45208043289794186,-0.055663891813945064
125,1550347200,162,84,0,246,7,-0.45208043289794186,-0.20649508253560267
125,1550361600,80,46,0,126,7,-0.45208043289794186,-0.6374413417403386
125,1550376000,16,14,0,30,7,-0.45208043289794186,-0.9821983491041275
125,1550390400,18,15,0,33,7,-0.45208043289794186,-0.9714246926240091
125,1550404800,54,66,12,120,7,-0.3369472655505125,-0.6589886547005754
125,1550419200,115,117,2,232,7,-0.4328915716733703,-0.2567721461094885
125,1550433600,114,81,0,195,7,-0.45208043289794186,-0.38964724269761547
125,1550448000,47,40,0,87,7,-0.45208043289794186,-0.7774988759818778
125,1550462400,15,12,0,27,7,-0.45208043289794186,-0.9929720055842458
125,1550476800,27,44,17,71,7,-0.2889751124890836,-0.834958377209176
125,1550491200,72,169,97,241,7,0.47857933649377876,-0.22445117666913333
125,1550505600,157,119,0,276,7,-0.45208043289794186,-0.09875851773441867
125,1550520000,346,97,0,443,7,-0.45208043289794186,0.5009750263255056
125,1550534400,97,32,0,129,8,-0.5936364750528506,-0.8684240907683589
125,1550548800,16,9,0,25,8,-0.5936364750528506,-1.2028765719530254
125,1550563200,35,137,102,172,8,0.2114727165977745,-0.730140853355468
125,1550577600,169,476,307,645,8,1.8295843272681485,0.7909747581863327
125,1550592000,272,152,0,424,8,-0.5936364750528506,0.0802632356689163
125,1550606400,896,131,0,1027,8,-0.5936364750528506,2.0194444486915497
125,1550620800,171,43,0,214,8,-0.5936364750528506,-0.5950735051847372
125,1550635200,33,6,0,39,8,-0.5936364750528506,-1.1578541225627819
125,1550649600,36,149,113,185,8,0.298298217658136,-0.6883342932073846
125,1550664000,117,478,361,595,8,2.255818605200832,0.6301802960783199
125,1550678400,318,117,0,435,8,-0.5936364750528506,0.1156380173326791
125,1550692800,839,92,0,931,8,-0.5936364750528506,1.7107190814441655
125,1550707200,150,38,0,188,8,-0.5936364750528506,-0.6786866254809039
125,1550721600,34,8,0,42,8,-0.5936364750528506,-1.1482064548363011
125,1550736000,30,157,127,187,8,0.40880340082586886,-0.6819025147230642
125,1550750400,119,487,368,606,8,2.3110711967846984,0.6655550777420827
125,1550764800,338,144,0,482,8,-0.5936364750528506,0.2667848117142111
125,1550779200,855,110,0,965,8,-0.5936364750528506,1.8200593156776141
125,1550793600,176,40,0,216,8,-0.5936364750528506,-0.5886417267004167
125,1550808000,40,11,0,51,8,-0.5936364750528506,-1.1192634516568587
125,1550822400,28,118,90,146,8,0.1167539881682892,-0.8137539736516346
125,1550836800,113,450,337,563,8,2.0663811483418617,0.5272718403291917
125,1550851200,296,130,0,426,8,-0.5936364750528506,0.08669501415323681
125,1550865600,768,116,0,884,8,-0.5936364750528506,1.5595722870626336
125,1551484800,8680,5494,0,14174,9,-0.3220490033502478,4.112999475976235
125,1551499200,0,1,1,1,9,-0.3075204768833193,-0.27651934831145053
125,1551513600,0,0,0,0,9,-0.3220490033502478,-0.2768290582404908
125,1551528000,1,2,1,3,9,-0.3075204768833193,-0.27589992845337
125,1551542400,4,2,0,6,9,-0.3220490033502478,-0.27497079866624924
125,1551556800,6,10,4,16,9,-0.2639348974825339,-0.27187369937584654
125,1551571200,1,1,0,2,9,-0.3220490033502478,-0.27620963838241025
125,1551585600,0,0,0,0,9,-0.3220490033502478,-0.2768290582404908
125,1551600000,1,0,0,1,9,-0.3220490033502478,-0.27651934831145053
125,1551614400,1,4,3,5,9,-0.27846342394946233,-0.27528050859528946
125,1551628800,0,2,2,2,9,-0.2929919504163908,-0.27620963838241025
125,1551643200,2,2,0,4,9,-0.3220490033502478,-0.27559021852432974
125,1551657600,1,1,0,2,9,-0.3220490033502478,-0.27620963838241025
125,1551672000,1,1,0,2,9,-0.3220490033502478,-0.27620963838241025
125,1551686400,20,117,97,137,9,1.0872180639418136,-0.2343987979619744
125,1551700800,112,403,291,515,9,3.9057521985259367,-0.11732844478475399
125,1551715200,241,137,0,378,9,-0.3220490033502478,-0.1597587050632704
125,1551729600,754,87,0,841,9,-0.3220490033502478,-0.016363007917627383
125,1551744000,128,26,0,154,10,-0.4947962094185049,-0.6438586137809525
125,1551758400,44,5,0,49,10,-0.4947962094185049,-0.9911878476370994
125,1551772800,41,154,113,195,10,0.5070394603341505,-0.5082348177037904
125,1551787200,132,517,385,649,10,2.918537709650277,0.9935506315408825
125,1551801600,370,134,0,504,10,-0.4947962094185049,0.5139054990728702
125,1551816000,920,113,0,1033,10,-0.4947962094185049,2.263783258214791
125,1551830400,194,58,0,252,10,-0.4947962094185049,-0.3196846621818822
125,1551844800,40,6,0,46,10,-0.4947962094185049,-1.0011115400329893
125,1551859200,39,135,96,174,10,0.3563208197518926,-0.5777006644750198
125,1551873600,132,529,397,661,10,3.0249273382965765,1.033245401124442
125,1551888000,342,133,0,475,10,-0.4947962094185049,0.4179764725792678
125,1551902400,886,130,0,1016,10,-0.4947962094185049,2.2075490013047485
125,1551916800,186,35,0,221,10,-0.4947962094185049,-0.4222294836060779
125,1551931200,34,7,0,41,10,-0.4947962094185049,-1.0176510273594725
125,1551945600,43,155,112,198,10,0.49817365794695884,-0.49831112530790056
125,1551960000,144,501,357,645,10,2.670295242808911,0.980319041679696
125,1551974400,345,129,0,474,10,-0.4947962094185049,0.41466857511397115
125,1551988800,923,124,0,1047,10,-0.4947962094185049,2.3100938227289443
125,1552003200,186,44,0,230,10,-0.4947962094185049,-0.3924584064184082
125,1552017600,37,10,0,47,10,-0.4947962094185049,-0.9978036425676926
125,1552032000,35,141,106,176,10,0.444978843623809,-0.5710848695444265
125,1552046400,176,483,307,659,10,2.227005123449329,1.026629606193849
125,1552060800,392,153,0,545,10,-0.4947962094185049,0.6495292951500323
125,1552075200,775,115,0,890,10,-0.4947962094185049,1.7907539206773722
125,1552089600,133,53,0,186,10,-0.4947962094185049,-0.5380058948914602
125,1552104000,34,26,0,60,10,-0.4947962094185049,-0.9548009755188364
125,1552118400,17,39,22,56,10,-0.2997485569002888,-0.9680325653800229
125,1552132800,98,118,20,216,10,-0.3174801616746721,-0.43876897093256106
125,1552147200,175,122,0,297,10,-0.4947962094185049,-0.17082927624353353
125,1552161600,184,100,0,284,10,-0.4947962094185049,-0.2138319432923898
125,1552176000,79,63,0,142,10,-0.4947962094185049,-0.6835533833645122
125,1552194000,29,24,0,53,10,-0.4947962094185049,-0.9779562577759129
125,1552208400,22,22,0,44,10,-0.4947962094185049,-1.0077273349635825
125,1552222800,55,60,5,115,10,-0.4504671974825467,-0.7728666149275214
125,1552237200,106,89,0,195,10,-0.4947962094185049,-0.5082348177037904
125,1552251600,110,58,0,168,10,-0.4947962094185049,-0.5975480492667996
125,1552266000,45,26,0,71,10,-0.4947962094185049,-0.9184141034005734
125,1552280400,6,3,0,9,10,-0.4947962094185049,-1.1235037462489648
125,1552294800,74,309,235,383,10,1.5886673515715308,0.11364990577197721
125,1552309200,156,345,189,501,10,1.1808404417607152,0.5039818066769803
125,1552323600,462,124,0,586,10,-0.4947962094185049,0.7851530912271945
125,1552338000,787,109,0,896,10,-0.4947962094185049,1.8106013054691519
125,1552352400,99,36,0,135,11,-0.5603691986005763,-0.7997966261801197
125,1552366800,13,10,0,23,11,-0.5603691986005763,-1.2046436432414867
125,1552381200,71,357,286,428,11,2.3310203261374487,0.2593120880964921
125,1552395600,174,331,157,505,11,1.0268621139304375,0.5376444123261819
125,1552410000,476,144,0,620,11,-0.5603691986005763,0.9533355459159784
125,1552424400,764,84,0,848,11,-0.5603691986005763,1.7774884020766182
125,1552438800,124,34,0,158,11,-0.5603691986005763,-0.7166583994621605
125,1552453200,8,6,0,14,11,-0.5603691986005763,-1.2371759928267752
125,1552467600,73,355,282,428,11,2.290581311805448,0.2593120880964921
125,1552482000,158,367,209,525,11,1.5525693002464418,0.6099385225157117
125,1552496400,466,161,0,627,11,-0.5603691986005763,0.9786384844823137
125,1552510800,769,83,0,852,11,-0.5603691986005763,1.7919472241145242
125,1552525200,120,47,0,167,11,-0.5603691986005763,-0.684126049876872
125,1552539600,11,11,0,22,11,-0.5603691986005763,-1.2082583487509633
125,1552554000,74,342,268,416,11,2.149044761643447,0.2159356219827742
125,1552568400,160,389,229,549,11,1.7547643719064436,0.6966914547431474
125,1552582800,476,128,0,604,11,-0.5603691986005763,0.8955002577643545
125,1552597200,761,115,0,876,11,-0.5603691986005763,1.8787001563419596
125,1552611600,139,31,0,170,11,-0.5603691986005763,-0.6732819333484426
125,1552626000,24,8,0,32,11,-0.5603691986005763,-1.1721112936561984
125,1552640400,62,300,238,362,11,1.8457521541534445,0.020741524471043684
125,1552654800,176,331,155,507,11,1.0066426067644372,0.5448738233451349
125,1552669200,454,153,0,607,11,-0.5603691986005763,0.9063443742927839
125,1552683600,697,100,0,797,11,-0.5603691986005763,1.5931384210933173
125,1552698000,113,58,0,171,11,-0.5603691986005763,-0.669667227838966
125,1552712400,25,11,0,36,11,-0.5603691986005763,-1.1576524716182923
125,1552726800,21,42,21,63,11,-0.34806437335757445,-1.060055422862427
125,1552741200,100,127,27,227,11,-0.28740585185957396,-0.46724371930828257
125,1552755600,197,175,0,372,11,-0.5603691986005763,0.05688857956580859
125,1552770000,230,102,0,332,11,-0.5603691986005763,-0.08769964081325105
125,1552784400,76,60,0,136,11,-0.5603691986005763,-0.7961819206706432
125,1552798800,14,15,1,29,11,-0.5502594450175762,-1.1829554101846278
125,1552813200,28,21,0,49,11,-0.5603691986005763,-1.110661299995098
125,1552827600,72,82,10,154,11,-0.4592716627705754,-0.7311172215000664
125,1552842000,135,113,0,248,11,-0.5603691986005763,-0.39133490360927625
125,1552856400,148,68,0,216,11,-0.5603691986005763,-0.507005479912524
125,1552870800,59,45,0,104,11,-0.5603691986005763,-0.9118524969738909
125,1552885200,7,2,0,9,11,-0.5603691986005763,-1.2552495203741576
125,1552899600,67,340,273,407,11,2.1995935295584474,0.18340327239748577
125,1552914000,161,333,172,494,11,1.1785084176754388,0.49788265172194046
125,1552928400,484,158,0,642,11,-0.5603691986005763,1.032859067124461
125,1552942800,911,91,0,1002,11,-0.5603691986005763,2.3341530505359978
125,1552957200,186,32,0,218,12,-0.5541984393556616,-0.46732437579742336
125,1552971600,16,13,0,29,12,-0.5541984393556616,-1.1433559176460633
125,1552986000,72,397,325,469,12,2.7345162910033065,0.43047412686928893
125,1553000400,181,340,159,521,12,1.0547419979584183,0.6164722230392851
125,1553014800,488,134,0,622,12,-0.5541984393556616,0.9777377559848546
125,1553029200,782,103,0,885,12,-0.5541984393556616,1.9184588962292581
125,1553043600,141,34,0,175,12,-0.5541984393556616,-0.621130493784151
125,1553058000,14,6,0,20,12,-0.5541984393556616,-1.175547895829332
125,1553072400,74,337,263,411,12,2.107130711673288,0.22301471191044703
125,1553086800,173,373,200,546,12,1.4696260100960112,0.7058943846594755
125,1553101200,455,226,0,681,12,-0.5541984393556616,1.1887740574085042
125,1553115600,825,103,0,928,12,-0.5541984393556616,2.0722650142159855
125,1553130000,141,23,0,164,12,-0.5541984393556616,-0.6604762448970348
125,1553144400,15,8,0,23,12,-0.5541984393556616,-1.164817236434909
125,1553158800,60,364,304,424,12,2.522014723810881,0.26951423595294605
125,1553173200,177,355,178,532,12,1.2470053206563272,0.6558179741521689
125,1553187600,470,151,0,621,12,-0.5541984393556616,0.974160869520047
125,1553202000,789,106,0,895,12,-0.5541984393556616,1.9542277608773342
125,1553216400,119,36,0,155,12,-0.5541984393556616,-0.6926682230803034
125,1553230800,24,16,0,40,12,-0.5541984393556616,-1.1040101665331794
125,1553242501,42,160,118,202,12,0.6398579858208253,-0.5245545592343452
125,1553245200,63,203,140,266,12,0.8624786752605094,-0.2956338254866577
125,1553259600,180,344,164,524,12,1.10533760919471,0.6272028824337079
125,1553274000,507,178,0,685,12,-0.5541984393556616,1.2030816032677345
125,1553288400,661,105,0,766,12,-0.5541984393556616,1.4928094069171516
125,1553302800,124,62,0,186,12,-0.5541984393556616,-0.5817847426712671
125,1553317200,12,20,8,32,12,-0.47324546137759466,-1.1326252582516405
125,1553331600,24,34,10,58,12,-0.45300721688307793,-1.0396262101666425
125,1553346000,85,101,16,186,12,-0.3922924833995277,-0.5817847426712671
125,1553360400,167,119,0,286,12,-0.5541984393556616,-0.2240960961905053
125,1553374800,134,86,0,220,12,-0.5541984393556616,-0.46017060286780814
125,1553389200,55,55,0,110,12,-0.5541984393556616,-0.8536281139966462
125,1553403600,12,11,0,23,12,-0.5541984393556616,-1.164817236434909
125,1553418000,21,16,0,37,12,-0.5541984393556616,-1.1147408259276024
125,1553432400,89,82,0,171,12,-0.5541984393556616,-0.6354380396433814
125,1553446800,115,76,0,191,12,-0.5541984393556616,-0.5639003103472291
125,1553461200,91,54,0,145,12,-0.5541984393556616,-0.7284370877283796
125,1553475600,51,28,0,79,12,-0.5541984393556616,-0.9645115944056823
125,1553490000,10,10,0,20,12,-0.5541984393556616,-1.175547895829332
125,1553504400,63,380,317,443,12,2.6535633130252396,0.33747507878429084
125,1553518800,169,322,153,491,12,0.9940272644748681,0.5091656290950565
125,1553533200,499,160,0,659,12,-0.5541984393556616,1.1100825551827365
125,1553547600,747,106,0,853,12,-0.5541984393556616,1.8039985293554144
125,1553562000,122,23,0,145,13,-0.540380271999993,-0.550348473005306
125,1553576400,17,7,0,24,13,-0.540380271999993,-0.9021561383905845
125,1553590800,94,333,239,427,13,2.1772235207534787,0.2695669124380706
125,1553605200,193,373,180,566,13,1.5063506179398602,0.673709602426118
125,1553619600,500,132,0,632,13,-0.540380271999993,0.8656046926362699
125,1553634000,811,127,0,938,13,-0.540380271999993,1.7553001108833384
125,1553648400,143,42,0,185,13,-0.540380271999993,-0.43404841833248653
125,1553662800,14,11,0,25,13,-0.540380271999993,-0.899248637023764
125,1553677200,79,363,284,442,13,2.688906243238442,0.3131794329403779
125,1553691600,190,307,117,497,13,0.7899948064609117,0.47309200811550456
125,1553706000,457,176,0,633,13,-0.540380271999993,0.8685121940030904
125,1553720400,859,98,0,957,13,-0.540380271999993,1.8105426368529274
125,1553734800,130,52,0,182,13,-0.540380271999993,-0.442770922432948
125,1553749200,11,12,1,23,13,-0.5290095448336605,-0.905063639757405
125,1553763600,65,334,269,399,13,2.5183453357434544,0.1881568741670971
125,1553778000,194,317,123,511,13,0.8582191694589067,0.5137970272509913
125,1553792400,461,151,0,612,13,-0.540380271999993,0.8074546652998602
125,1553806800,806,121,0,927,13,-0.540380271999993,1.723317595848313
125,1553821200,124,40,0,164,13,-0.540380271999993,-0.49510594703571675
125,1553835600,12,10,0,22,13,-0.540380271999993,-0.9079711411242255
125,1553850000,65,298,233,363,13,2.1089991577554836,0.08348682496155964
125,1553864400,199,340,141,539,13,1.0628922584528921,0.5952070655219649
125,1553878800,486,178,0,664,13,-0.540380271999993,0.9586447363745254
125,1553893200,661,102,0,763,13,-0.540380271999993,1.2464873716897533
125,1553907600,56,27,0,83,13,-0.540380271999993,-0.7306135577481759
125,1553922000,5,12,7,17,13,-0.46078518183566536,-0.9225086479583279
125,1553936400,6,16,10,22,13,-0.42667300033666783,-0.9079711411242255
125,1553950800,5,7,2,12,13,-0.517638817667328,-0.9370461547924304
125,1553965200,1,11,10,12,13,-0.42667300033666783,-0.9370461547924304
125,1553979600,0,6,6,6,13,-0.4721559090019979,-0.9544911629933532
125,1553994000,3,9,6,12,13,-0.4721559090019979,-0.9370461547924304
125,1554008400,2,4,2,6,13,-0.517638817667328,-0.9544911629933532
125,1554022800,1,4,3,5,13,-0.5062680905009954,-0.9573986643601737
125,1554037200,1,13,12,14,13,-0.4039315460040028,-0.9312311520587894
125,1554051600,1,4,3,5,13,-0.5062680905009954,-0.9573986643601737
125,1554066000,1,7,6,8,13,-0.4721559090019979,-0.9486761602597122
125,1554080400,2,4,2,6,13,-0.517638817667328,-0.9544911629933532
125,1554094800,4,2,0,6,13,-0.540380271999993,-0.9544911629933532
125,1554109200,102,361,259,463,13,2.404638064080129,0.3742369616436081
125,1554123600,257,338,81,595,13,0.38064862847294095,0.758027142063912
125,1554138000,743,144,0,887,13,-0.540380271999993,1.6070175411754937
125,1554152400,1152,89,0,1241,13,-0.540380271999993,2.636273025029945
125,1554166800,165,35,0,200,14,-0.5387268891770673,-0.3727816346630276
125,1554181200,12,13,1,25,14,-0.5283286679705247,-0.9113987006691715
125,1554195600,69,353,284,422,14,2.414367933481048,0.3104925862133377
125,1554210000,119,332,213,451,14,1.6760942278165194,0.3997491285800701
125,1554224400,667,157,0,824,14,-0.5387268891770673,1.5477729321245939
125,1554238800,867,78,0,945,14,-0.5387268891770673,1.9201881606202704
125,1554253200,119,41,0,160,14,-0.5387268891770673,-0.49589410689300334
125,1554267600,8,6,0,14,14,-0.5387268891770673,-0.9452546305324148
125,1554282000,79,367,288,446,14,2.4559608183072186,0.3843600695513231
125,1554296400,169,315,146,484,14,0.9794134069781609,0.5013169181698001
125,1554310800,480,180,0,660,14,-0.5387268891770673,1.0430117959816934
125,1554325200,839,100,0,939,14,-0.5387268891770673,1.901721289785774
125,1554339600,121,43,0,164,14,-0.5387268891770673,-0.4835828596700058
125,1554354000,12,9,0,21,14,-0.5387268891770673,-0.9237099478921691
125,1554368400,66,346,280,412,14,2.3727750486548773,0.2797144681558438
125,1554382800,207,335,128,542,14,0.7922454252603931,0.6798300029032649
125,1554397200,505,155,0,660,14,-0.5387268891770673,1.0430117959816934
125,1554411600,814,118,0,932,14,-0.5387268891770673,1.8801766071455284
125,1554426000,137,44,0,181,14,-0.5387268891770673,-0.4312600589722661
125,1554440400,13,6,0,19,14,-0.5387268891770673,-0.9298655715036678
125,1554454800,66,309,243,375,14,1.9880408640127991,0.1658354313431162
125,1554469200,211,345,134,556,14,0.854634752499649,0.7229193681837564
125,1554483600,554,157,0,711,14,-0.5387268891770673,1.1999801980749123
125,1554498000,730,111,0,841,14,-0.5387268891770673,1.6000957328223335
125,1554512400,40,26,0,66,14,-0.5387268891770673,-0.7852084166334463
125,1554526800,0,2,2,2,14,-0.517930446763982,-0.9821883722014075
125,1554541200,0,0,0,0,14,-0.5387268891770673,-0.9883439958129063
125,1554555600,0,1,1,1,14,-0.5283286679705247,-0.9852661840071569
125,1554570000,0,1,1,1,14,-0.5283286679705247,-0.9852661840071569
125,1554584400,0,0,0,0,14,-0.5387268891770673,-0.9883439958129063
125,1554598800,1,2,1,3,14,-0.5283286679705247,-0.9791105603956581
125,1554613200,2,1,0,3,14,-0.5387268891770673,-0.9791105603956581
125,1554627600,4,1,0,5,14,-0.5387268891770673,-0.9729549367841593
125,1554642000,13,14,1,27,14,-0.5283286679705247,-0.9052430770576727
125,1554656400,12,9,0,21,14,-0.5387268891770673,-0.9237099478921691
125,1554670800,4,10,6,14,14,-0.47633756193781135,-0.9452546305324148
125,1554685200,2,6,4,8,14,-0.49713400435089666,-0.9637215013669111
125,1554699600,1,0,0,1,14,-0.5387268891770673,-0.9852661840071569
125,1554714000,68,311,243,379,14,1.9880408640127991,0.17814667856611377
125,1554728400,157,357,200,514,14,1.5409173521314647,0.5936512723422819
125,1554742800,447,166,0,613,14,-0.5387268891770673,0.8983546411114718
125,1554757200,754,91,0,845,14,-0.5387268891770673,1.6124069800453311
125,1554771600,140,32,0,172,15,-0.5452870171985486,-0.6525147722703285
125,1554786000,14,8,0,22,15,-0.5452870171985486,-1.176322502303849
125,1554800400,74,379,305,453,15,2.5197093366028587,0.3287517086591335
125,1554814800,168,313,145,481,15,0.9118423969037599,0.426529151598724
125,1554829200,490,156,0,646,15,-0.5452870171985486,1.0027176546355967
125,1554843600,812,124,0,936,15,-0.5452870171985486,2.0154125993670697
125,1554858000,125,26,0,151,15,-0.5452870171985486,-0.7258478544750213
125,1554872400,13,9,0,22,15,-0.5452870171985486,-1.176322502303849
125,1554886800,69,372,303,441,15,2.4996109998566203,0.28684709025645183
125,1554901200,191,366,175,557,15,1.213317448097341,0.6919250681490411
125,1554915600,473,137,0,610,15,-0.5452870171985486,0.8770037994275518
125,1554930000,796,103,0,899,15,-0.5452870171985486,1.886206692625468
125,1554944400,129,39,0,168,15,-0.5452870171985486,-0.6664829784045557
125,1554958800,16,16,0,32,15,-0.5452870171985486,-1.141401986968281
125,1554973200,69,354,285,423,15,2.3187259691404716,0.22399016265242938
125,1554987600,169,340,171,509,15,1.1731207746048635,0.5243065945383145
125,1555002000,518,146,0,664,15,-0.5452870171985486,1.0655745822396192
125,1555016400,783,112,0,895,15,-0.5452870171985486,1.8722384864912407
125,1555030800,129,41,0,170,15,-0.5452870171985486,-0.6594988753374421
125,1555045200,14,15,1,29,15,-0.5352378488254292,-1.1518781415689514
125,1555059600,61,325,264,386,15,2.1076934333049646,0.09478425591082762
125,1555074000,185,318,133,503,15,0.7912523764263275,0.5033542853369737
125,1555088400,532,161,0,693,15,-0.5452870171985486,1.1668440767127666
125,1555102800,705,90,0,795,15,-0.5452870171985486,1.5230333331355606
125,1555117200,108,46,0,154,15,-0.5452870171985486,-0.7153716998743509
125,1555131600,17,11,0,28,15,-0.5452870171985486,-1.1553701931025082
125,1555146000,19,41,22,60,15,-0.32420531298992245,-1.0436245440286904
125,1555160400,113,105,0,218,15,-0.5452870171985486,-0.4918804017267155
125,1555174800,159,128,0,287,15,-0.5452870171985486,-0.250928845911296
125,1555189200,181,127,0,308,15,-0.5452870171985486,-0.1775957637066031
125,1555203600,70,43,0,113,15,-0.5452870171985486,-0.8585458127501799
125,1555218000,13,18,5,31,15,-0.4950411753329517,-1.1448940385018378
125,1555232400,15,20,5,35,15,-0.4950411753329517,-1.1309258323676106
125,1555246800,71,77,6,148,15,-0.48499200695983236,-0.7363240090756917
125,1555261200,142,86,0,228,15,-0.5452870171985486,-0.45695988639114743
125,1555275600,99,77,0,176,15,-0.5452870171985486,-0.6385465661361013
125,1555290000,36,42,6,78,15,-0.48499200695983236,-0.980767616424668
125,1555304400,12,15,3,27,15,-0.5151395120791905,-1.158862244636065
125,1555318800,67,333,266,400,15,2.1277917700512035,0.14367297738062287
125,1555333200,191,375,184,566,15,1.3037599634554153,0.7233535319510523
125,1555347600,463,146,0,609,15,-0.5452870171985486,0.873511747893995
125,1555362000,818,131,0,949,15,-0.5452870171985486,2.060809269303308
125,1555376400,119,34,0,153,16,-0.5560171691596891,-0.5919946980495907
125,1555390800,10,8,0,18,16,-0.5560171691596891,-0.9601558231654771
125,1555405200,78,300,222,378,16,1.7911289305890132,0.021607177143553404
125,1555419600,185,449,264,634,16,2.235183598109038,0.7197497551410862
125,1555434000,471,162,0,633,16,-0.5560171691596891,0.7170226356957834
125,1555448400,828,93,0,921,16,-0.5560171691596891,1.5024330359430078
125,1555462800,334,45,0,379,16,-0.5560171691596891,0.024334296588856264
125,1555477200,16,12,0,28,16,-0.5560171691596891,-0.9328846287124485
125,1555491600,75,373,298,448,16,2.594656424196677,0.21250553831475377
125,1555506000,211,373,162,584,16,1.1567651198461206,0.5833937828759431
125,1555520400,503,165,0,668,16,-0.5560171691596891,0.8124718162813835
125,1555534800,837,107,0,944,16,-0.5560171691596891,1.5651567831849735
125,1555549200,131,57,0,188,16,-0.5560171691596891,-0.4965455174639905
125,1555563600,17,10,0,27,16,-0.5560171691596891,-0.9356117481577514
125,1555578000,71,337,266,408,16,2.2563290584671343,0.10342076050263928
125,1555592400,173,349,176,522,16,1.3047833423527957,0.41431237726716563
125,1555606800,496,160,0,656,16,-0.5560171691596891,0.7797463829377492
125,1555621200,746,116,0,862,16,-0.5560171691596891,1.3415329886701388
125,1555635600,130,61,0,191,16,-0.5560171691596891,-0.4883641591280819
125,1555650000,26,6,0,32,16,-0.5560171691596891,-0.9219761509312371
125,1555664400,52,225,173,277,16,1.273065151815651,-0.2538318868320357
125,1555722000,1188,664,0,1852,16,-0.5560171691596891,4.041381239519973
125,1555736400,16,22,6,38,16,-0.4925807880853999,-0.9056134342594199
125,1555750800,16,30,14,46,16,-0.4079989466530142,-0.883796478696997
125,1555765200,80,77,0,157,16,-0.5560171691596891,-0.5810862202683792
125,1555779600,119,122,3,241,16,-0.5242989786225446,-0.3520081868629388
125,1555794000,116,74,0,190,16,-0.5560171691596891,-0.49109127857338475
125,1555808400,56,44,0,100,16,-0.5560171691596891,-0.7365320286506424
125,1555822800,13,12,0,25,16,-0.5560171691596891,-0.9410659870483571
125,1555837200,13,47,34,60,16,-0.19654434307205007,-0.8456168064627569
125,1555851600,62,73,11,135,16,-0.43971713719015887,-0.6410828480650422
125,1555866000,80,78,0,158,16,-0.5560171691596891,-0.5783591008230764
125,1555880400,106,74,0,180,16,-0.5560171691596891,-0.5183624730264134
125,1555894800,43,24,0,67,16,-0.5560171691596891,-0.8265269703456368
125,1555909200,6,7,1,13,16,-0.545444438980641,-0.9737914203919914
125,1555923600,60,292,232,352,16,1.8968562323794953,-0.04929792843432102
125,1555938000,164,353,189,517,16,1.4422288346804224,0.40067678004065127
125,1555952400,414,137,0,551,16,-0.5560171691596891,0.4933988411809486
125,1555966800,709,91,0,800,16,-0.5560171691596891,1.1724515830613613
125,1555981200,116,25,0,141,17,-0.5687144520112123,-0.7692888209698889
125,1555995600,12,10,0,22,17,-0.5687144520112123,-1.2164748557695522
125,1556010000,58,311,253,369,17,2.032731853228195,0.08750459024291127
125,1556024400,169,360,191,529,17,1.395223272497589,0.6887631244273325
125,1556038800,426,170,0,596,17,-0.5687144520112123,0.9405401356170588
125,1556053200,826,96,0,922,17,-0.5687144520112123,2.165604399017817
125,1556067600,129,57,0,186,17,-0.5687144520112123,-0.6001848582305205
125,1556082000,13,11,0,24,17,-0.5687144520112123,-1.208959124092247
125,1556096400,61,343,282,404,17,2.3309213506667037,0.21902989459575342
125,1556110800,156,359,203,515,17,1.5186120300583514,0.6361530026861957
125,1556125200,430,166,0,596,17,-0.5687144520112123,0.9405401356170588
125,1556139600,720,108,0,828,17,-0.5687144520112123,1.8123650101844697
125,1556154000,131,54,0,185,17,-0.5687144520112123,-0.6039427240691732
125,1556168400,13,15,2,28,17,-0.5481496590844186,-1.1939276607376366
125,1556182800,61,333,272,394,17,2.228097386032735,0.1814512362092271
125,1556197200,153,336,183,489,17,1.312964100790414,0.5384484908812271
125,1556211600,466,166,0,632,17,-0.5687144520112123,1.0758233058085536
125,1556226000,759,101,0,860,17,-0.5687144520112123,1.9326167170213537
125,1556240400,143,50,0,193,17,-0.5687144520112123,-0.5738797973599521
125,1556254800,16,11,0,27,17,-0.5687144520112123,-1.1976855265762891
125,1556269200,62,291,229,353,17,1.78595433810667,0.02737873682446915
125,1556283600,170,308,138,478,17,0.850256259937555,0.49711196665604823
125,1556298000,450,148,0,598,17,-0.5687144520112123,0.9480558672943642
125,1556312400,612,90,0,702,17,-0.5687144520112123,1.3388739145142379
125,1556326800,126,68,0,194,17,-0.5687144520112123,-0.5701219315212994
125,1556341200,20,12,0,32,17,-0.5687144520112123,-1.1788961973830259
125,1556355600,18,62,44,80,17,-0.11628900762175028,-0.9985186371276996
125,1556370000,116,119,3,235,17,-0.5378672626210218,-0.4160494321365415
125,1556384400,198,124,0,322,17,-0.5687144520112123,-0.08911510417376246
125,1556398800,176,87,0,263,17,-0.5687144520112123,-0.3108291886542678
125,1556413200,66,61,0,127,17,-0.5687144520112123,-0.8218989427110258
125,1556427600,28,10,0,38,17,-0.5687144520112123,-1.15634900235111
125,1556442000,26,37,11,63,17,-0.45560809091384685,-1.0624023563847944
125,1556456400,64,84,20,148,17,-0.36306652274327506,-0.7429837600993205
125,1556470800,137,87,0,224,17,-0.5687144520112123,-0.45738595636172047
125,1556485200,115,56,0,171,17,-0.5687144520112123,-0.65655284581031
125,1556499600,44,30,0,74,17,-0.5687144520112123,-1.0210658321596153
125,1556514000,9,8,0,17,17,-0.5687144520112123,-1.2352641849628154
125,1556528400,70,348,278,418,17,2.2897917648131165,0.2716400163368903
125,1556542800,157,371,214,528,17,1.631718391155717,0.6850052585886799
125,1556557200,457,168,0,625,17,-0.5687144520112123,1.0495182449379852
125,1556571600,806,84,0,890,17,-0.5687144520112123,2.045352692180933
125,1556586000,121,47,0,168,18,-0.571420205285784,-0.6923078898356558
125,1556600400,15,11,0,26,18,-0.571420205285784,-1.2084234217081373
125,1556614800,71,331,260,402,18,2.1286700767223343,0.15819235282744734
125,1556629200,143,381,238,524,18,1.900200899013955,0.6016155562671849
125,1556643600,457,154,0,611,18,-0.571420205285784,0.9178271849496207
125,1556658000,807,104,0,911,18,-0.571420205285784,2.0082121114407787
125,1556672400,144,34,0,178,18,-0.571420205285784,-0.6559617256192839
125,1556686800,12,11,0,23,18,-0.571420205285784,-1.219327270973049
125,1556701200,80,346,266,426,18,2.190979852460983,0.24542314694673997
125,1556715600,167,326,159,493,18,1.0797888517884113,0.48894244719643193
125,1556730000,504,173,0,677,18,-0.571420205285784,1.1577118687776755
125,1556744400,792,79,0,871,18,-0.571420205285784,1.862827454575291
125,1556758800,132,22,0,154,18,-0.571420205285784,-0.7431925197385766
125,1556773200,14,4,0,18,18,-0.571420205285784,-1.2375003530812347
125,1556787600,80,356,276,436,18,2.2948294786920647,0.2817693111631119
125,1556802000,175,352,177,527,18,1.266718179004358,0.6125194055320965
125,1556816400,460,166,0,626,18,-0.571420205285784,0.9723464312741786
125,1556830800,787,116,0,903,18,-0.571420205285784,1.979135180067681
125,1556845200,155,42,0,197,18,-0.571420205285784,-0.5869040136081772
125,1556859600,36,14,0,50,18,-0.571420205285784,-1.1211926275888446
125,1556874000,86,296,210,382,18,1.6094219455669267,0.08550002439470347
125,1556888400,191,375,184,566,18,1.3394129173661151,0.754269445975947
125,1556902800,529,180,0,709,18,-0.571420205285784,1.2740195942700656
125,1556917200,685,138,0,823,18,-0.571420205285784,1.6883658663367056
125,1556931600,141,59,0,200,18,-0.571420205285784,-0.5760001643432656
125,1556946000,20,15,0,35,18,-0.571420205285784,-1.1757118739134025
125,1556960400,24,62,38,86,18,-0.17679162560767442,-0.9903464364099057
125,1556974800,125,151,26,276,18,-0.30141117708497217,-0.299769316298839
125,1556989200,182,139,0,321,18,-0.571420205285784,-0.1362115773251653
125,1557003600,179,91,0,270,18,-0.571420205285784,-0.32157701482866213
125,1557018000,92,56,0,148,18,-0.571420205285784,-0.7650002182683997
125,1557032400,25,23,0,48,18,-0.571420205285784,-1.128461860432119
125,1557046800,15,27,12,42,18,-0.4468006538084862,-1.1502695589619423
125,1557061200,73,72,0,145,18,-0.571420205285784,-0.7759040675333113
125,1557075600,135,103,0,238,18,-0.571420205285784,-0.43788474032105235
125,1557090000,83,65,0,148,18,-0.571420205285784,-0.7650002182683997
125,1557104400,49,26,0,75,18,-0.571420205285784,-1.0303272170479147
125,1557118800,15,12,0,27,18,-0.571420205285784,-1.2047888052865001
125,1557133200,73,321,248,394,18,2.0040505252450362,0.1291154214543498
125,1557147600,144,361,217,505,18,1.6821166839286839,0.5325578442560782
125,1557162000,421,157,0,578,18,-0.571420205285784,0.7978848430355933
125,1557176400,717,102,0,819,18,-0.571420205285784,1.6738274006501568
125,1557190800,113,44,0,157,19,-0.5610411177079604,-0.6415106617676343
125,1557205200,17,13,0,30,19,-0.5610411177079604,-1.1304306805834472
125,1557219600,82,329,247,411,19,1.9816589937391262,0.33632937586399164
125,1557234000,120,360,240,480,19,1.9095986666940672,0.6019630868741577
125,1557248400,428,138,0,566,19,-0.5610411177079604,0.9330427846549445
125,1557262800,754,128,0,882,19,-0.5610411177079604,2.1495681858029516
125,1557277200,146,66,0,212,19,-0.5610411177079604,-0.4297736457450381
125,1557291600,17,11,0,28,19,-0.5610411177079604,-1.1381302084388143
125,1557306000,93,336,243,429,19,1.9404816639990925,0.4056251265622958
125,1557320400,127,339,212,466,19,1.6213573585138306,0.5480663918865878
125,1557334800,433,145,0,578,19,-0.5610411177079604,0.9792399517871473
125,1557349200,739,105,0,844,19,-0.5610411177079604,2.003277156550976
125,1557363600,122,43,0,165,19,-0.5610411177079604,-0.6107125503461658
125,1557378000,16,18,2,34,19,-0.5404524528379435,-1.115031624872713
125,1557392400,71,379,308,450,19,2.6096132722746415,0.4864701690436507
125,1557406800,141,348,207,489,19,1.5698856963387884,0.6366109622233098
125,1557421200,434,161,0,595,19,-0.5610411177079604,1.0446859385577678
125,1557435600,800,108,0,908,19,-0.5610411177079604,2.2496620479227243
125,1557450000,133,40,0,173,19,-0.5610411177079604,-0.5799144389246972
125,1557464400,17,15,0,32,19,-0.5610411177079604,-1.12273115272808
125,1557478800,73,319,246,392,19,1.9713646613041178,0.26318386123800386
125,1557493200,143,352,209,495,19,1.5904743612088053,0.6597095457894112
125,1557507600,432,180,0,612,19,-0.5610411177079604,1.1101319253283886
125,1557522000,644,96,0,740,19,-0.5610411177079604,1.602901708071885
125,1557536400,144,59,0,203,19,-0.5610411177079604,-0.4644215210941902
125,1557550800,15,14,0,29,19,-0.5610411177079604,-1.1342804445111307
125,1557565200,29,47,18,76,19,-0.37574313387780833,-0.9533415399100031
125,1557579600,112,103,0,215,19,-0.5610411177079604,-0.4182243539619874
125,1557594000,170,130,0,300,19,-0.5610411177079604,-0.09099442010888426
125,1557608400,156,102,0,258,19,-0.5610411177079604,-0.25268450507159407
125,1557622800,85,46,0,131,19,-0.5610411177079604,-0.741604523887407
125,1557637200,14,18,4,32,19,-0.5198637879679266,-1.12273115272808
125,1557651600,19,21,2,40,19,-0.5404524528379435,-1.0919330413066115
125,1557666000,65,72,7,137,19,-0.4889807906629013,-0.7185059403213057
125,1557680400,84,62,0,146,19,-0.5610411177079604,-0.6838580649721535
125,1557694800,81,58,0,139,19,-0.5610411177079604,-0.7108064124659385
125,1557709200,47,43,0,90,19,-0.5610411177079604,-0.8994448449224333
125,1557723600,8,4,0,12,19,-0.5610411177079604,-1.1997264312817515
125,1557735928,59,197,138,256,19,0.8595767583232055,-0.2603840329269612
125,1557736009,2,1,0,3,19,-0.5610411177079604,-1.2343743066309036
125,1557738000,67,146,79,213,19,0.252211144657707,-0.4259238818173546
125,1557752400,117,353,236,470,19,1.8684213369540332,0.5634654475973221
125,1557766800,402,167,0,569,19,-0.5610411177079604,0.9445920764379951
125,1557781200,659,94,0,753,19,-0.5610411177079604,1.6529486391317714
125,1557795600,141,53,0,194,20,-0.5727420174341108,-0.6669033228397648
125,1557810000,14,11,0,25,20,-0.5727420174341108,-1.1840758111514278
125,1557824400,74,388,314,462,20,2.7141690904514646,0.15322819708642246
125,1557838800,109,354,245,463,20,1.991886076298265,0.15628838932495304
125,1557853200,419,182,0,601,20,-0.5727420174341108,0.5785949182421689
125,1557867600,735,89,0,824,20,-0.5727420174341108,1.2610177874344815
125,1557882000,130,65,0,195,20,-0.5727420174341108,-0.6638431306012343
125,1557896400,11,9,0,20,20,-0.5727420174341108,-1.1993767723440805
125,1557910800,77,359,282,436,20,2.3791972578007057,0.07366319888462819
125,1557925200,124,326,202,450,20,1.5417676761738073,0.11650589022405589
125,1557939600,428,176,0,604,20,-0.5727420174341108,0.5877754949577605
125,1557954000,819,116,0,935,20,-0.5727420174341108,1.6006991259113725
125,1557968400,148,62,0,210,20,-0.5727420174341108,-0.6179402470232761
125,1557982800,26,12,0,38,20,-0.5727420174341108,-1.1442933120505305
125,1557997200,75,340,265,415,20,2.2012434717049896,0.00939916187548664
125,1558011600,230,373,143,603,20,0.9241633597239698,0.58471530271923
125,1558026000,638,162,0,800,20,-0.5727420174341108,1.1875731737097484
125,1558040400,1041,113,0,1154,20,-0.5727420174341108,2.270881226149563
125,1558054800,249,94,0,343,20,-0.5727420174341108,-0.21093467929871293
125,1558069200,25,22,0,47,20,-0.5727420174341108,-1.1167515819037557
125,1558083600,121,340,219,461,20,1.7197214622695232,0.15016800484789192
125,1558098000,270,385,115,655,20,0.6310630061545555,0.7438452991228186
125,1558112400,751,178,0,929,20,-0.5727420174341108,1.5823379724801891
125,1558126800,892,119,0,1011,20,-0.5727420174341108,1.8332737360396942
125,1558141200,161,63,0,224,20,-0.5727420174341108,-0.5750975556838483
125,1558155600,18,20,2,38,20,-0.5518062778934383,-1.1442933120505305
125,1558170000,23,66,43,89,20,-0.12262361730965297,-0.9882235078854725
125,1558184400,99,133,34,232,20,-0.21683444524267903,-0.550616017775604
125,1558198800,200,160,0,360,20,-0.5727420174341108,-0.1589114112436936
125,1558213200,208,95,0,303,20,-0.5727420174341108,-0.33334236883993495
125,1558227600,114,41,0,155,20,-0.5727420174341108,-0.7862508201424563
125,1558242000,23,26,3,49,20,-0.5413384081231021,-1.1106311974266945
125,1558256400,28,46,18,74,20,-0.38432036156805865,-1.0341263914634309
125,1558270800,73,99,26,172,20,-0.30057740340536887,-0.734227552087437
125,1558285200,152,100,0,252,20,-0.5727420174341108,-0.48941217300499296
125,1558299600,157,61,0,218,20,-0.5727420174341108,-0.5934587091150316
125,1558314000,79,41,0,120,20,-0.5727420174341108,-0.8933575484910256
125,1558328400,7,9,2,16,20,-0.5518062778934383,-1.2116175412982026
125,1558342800,135,334,199,469,20,1.5103640668627984,0.1746495427561363
125,1558357200,224,410,186,634,20,1.3742817598484276,0.679581262113677
125,1558371600,675,178,0,853,20,-0.5727420174341108,1.3497633623518674
125,1558386000,1075,93,0,1168,20,-0.5727420174341108,2.3137239174889905
125,1558400400,168,47,0,215,21,-0.5049105923228788,-0.4828343289636521
125,1558414800,18,12,0,30,21,-0.5049105923228788,-1.0165485383286883
125,1558429200,128,384,256,512,21,2.9671974125152816,0.3739933476926495
125,1558443600,268,362,94,630,21,0.7700040657036332,0.7144164650173754
125,1558458000,701,167,0,868,21,-0.5049105923228788,1.401032583011314
125,1558472400,1120,125,0,1245,21,-0.5049105923228788,2.4886555934470906
125,1558486800,231,58,0,289,21,-0.5049105923228788,-0.2693486452176375
125,1558501200,12,5,0,17,21,-0.5049105923228788,-1.0540527800678532
125,1558515600,136,348,212,484,21,2.370428849183723,0.2932149808698332
125,1558530000,214,364,150,578,21,1.529527691761981,0.5643994980607165
125,1558544400,699,172,0,871,21,-0.5049105923228788,1.4096874080280444
125,1558558800,1038,129,0,1167,21,-0.5049105923228788,2.2636301430121026
125,1558573200,208,45,0,253,21,-0.5049105923228788,-0.37320654541840137
125,1558587600,24,18,0,42,21,-0.5049105923228788,-0.9819292382617671
125,1558602000,106,355,249,461,21,2.8722569592579883,0.2268613224082341
125,1558616400,244,375,131,619,21,1.2718321757778988,0.6826821066226976
125,1558630800,674,185,0,859,21,-0.5049105923228788,1.375068107961123
125,1558645200,1115,113,0,1228,21,-0.5049105923228788,2.439611585018952
125,1558659600,210,48,0,258,21,-0.5049105923228788,-0.35878183705718414
125,1558674000,15,14,0,29,21,-0.5049105923228788,-1.019433480000932
125,1558687184,107,12,0,119,21,-0.5049105923228788,-0.7597887294990223
125,1558688400,66,316,250,382,21,2.8858198811518876,-0.0010490696989976442
125,1558688977,4,1,0,5,21,-0.5049105923228788,-1.0886720801347745
125,1558702800,271,346,75,617,21,0.512308549719551,0.6769122232782107
125,1558717200,878,186,0,1064,21,-0.5049105923228788,1.9664811507710283
125,1558731600,596,109,0,705,21,-0.5049105923228788,0.9307870904356333
125,1558746000,152,61,0,213,21,-0.5049105923228788,-0.48860421230813894
125,1558760400,22,19,0,41,21,-0.5049105923228788,-0.9848141799340105
125,1558774800,30,53,23,83,21,-0.19296338876320032,-0.8636466296997861
125,1558789200,113,150,37,263,21,-0.003082482248613415,-0.34435712869596696
125,1558803600,211,146,0,357,21,-0.5049105923228788,-0.07317261150508364
125,1558818000,201,89,0,290,21,-0.5049105923228788,-0.2664637035453941
125,1558832400,84,55,0,139,21,-0.5049105923228788,-0.7020898960541535
125,1558846800,22,22,0,44,21,-0.5049105923228788,-0.9761593549172802
125,1558861200,20,33,13,53,21,-0.32859260770219095,-0.9501948798670893
125,1558875600,91,153,62,244,21,0.3359905650988632,-0.3991710204685923
125,1558890000,175,143,0,318,21,-0.5049105923228788,-0.18568533672257778
125,1558904400,174,68,0,242,21,-0.5049105923228788,-0.4049409038130792
125,1558918800,99,50,0,149,21,-0.5049105923228788,-0.673240479331719
125,1558933200,13,11,0,24,21,-0.5049105923228788,-1.033858188362149
125,1558947600,27,43,16,70,21,-0.28790384202049374,-0.9011508714389508
125,1558962000,77,147,70,224,21,0.44449394025005573,-0.45686985391346113
125,1558976400,137,123,0,260,21,-0.5049105923228788,-0.3530119537126973
125,1558990800,182,81,0,263,21,-0.5049105923228788,-0.34435712869596696
125,1559005200,92,28,0,120,22,-0.5487823915091457,-0.8644686429724936
125,1559019600,11,13,2,24,22,-0.5250451510937141,-1.1324632276614905
125,1559034000,103,350,247,453,22,2.382766799796661,0.06513757266746448
125,1559048400,249,381,132,630,22,1.0178754759093422,0.5592525881878025
125,1559062800,661,144,0,805,22,-0.5487823915091457,1.0477843831937865
125,1559077200,1129,121,0,1250,22,-0.5487823915091457,2.290050947637574
125,1559091600,163,28,0,191,22,-0.5487823915091457,-0.666264314712923
125,1559106000,16,9,0,25,22,-0.5487823915091457,-1.1296716174043135
125,1559120400,130,371,241,501,22,2.311555078550366,0.19913486501196295
125,1559134800,244,394,150,638,22,1.231510639648227,0.581585470245219
125,1559149200,680,151,0,831,22,-0.5487823915091457,1.12036624988039
125,1559163600,1076,110,0,1186,22,-0.5487823915091457,2.111387891178243
125,1559178000,175,39,0,214,22,-0.5487823915091457,-0.6020572787978508
125,1559192400,18,5,0,23,22,-0.5487823915091457,-1.1352548379186675
125,1559206800,119,366,247,485,22,2.382766799796661,0.15446910089713012
125,1559221200,254,365,111,619,22,0.76863445154731,0.528544875358855
125,1559235600,666,168,0,834,22,-0.5487823915091457,1.1287410806519211
125,1559250000,1058,115,0,1173,22,-0.5487823915091457,2.0750969578349414
125,1559264400,178,45,0,223,22,-0.5487823915091457,-0.5769327864832573
125,1559278800,26,10,0,36,22,-0.5487823915091457,-1.0989639045753659
125,1559293200,107,249,142,356,22,1.1365616779865004,-0.2056486222787095
125,1559307600,246,419,173,665,22,1.5044889044256906,0.6569589471889994
125,1559322000,719,165,0,884,22,-0.5487823915091457,1.2683215935107737
125,1559336400,856,151,0,1007,22,-0.5487823915091457,1.611689655143551
125,1559350800,184,67,0,251,22,-0.5487823915091457,-0.4987676992822999
125,1559365200,25,27,2,52,22,-0.5250451510937141,-1.0542981404605332
125,1559379600,30,54,24,84,22,-0.2639355065239661,-0.9649666122308675
125,1559394000,114,138,24,252,22,-0.2639355065239661,-0.49597608902512286
125,1559408400,211,109,0,320,22,-0.5487823915091457,-0.30614659153708335
125,1559422800,217,94,0,311,22,-0.5487823915091457,-0.3312710838516768
125,1559437200,112,58,0,170,22,-0.5487823915091457,-0.7248881301136411
125,1559451600,23,17,0,40,22,-0.5487823915091457,-1.0877974635466579
125,1559466000,26,24,0,50,22,-0.5487823915091457,-1.0598813609748872
125,1559480400,82,112,30,194,22,-0.19272378527767114,-0.6578894839413918
125,1559494800,134,100,0,234,22,-0.5487823915091457,-0.5462250736543098
125,1559509200,115,65,0,180,22,-0.5487823915091457,-0.6969720275418706
125,1559523600,50,28,0,78,22,-0.5487823915091457,-0.9817162737739298
125,1559538000,6,7,1,13,22,-0.5369137713014298,-1.1631709404904382
125,1559552400,83,383,300,466,22,3.0118036708055995,0.10142850601076615
125,1559566800,218,334,116,552,22,0.8279775525858891,0.3415069881279926
125,1559581200,491,203,0,694,22,-0.5487823915091457,0.7379156446471339
125,1559595600,839,93,0,932,22,-0.5487823915091457,1.4023188858552722
125,1559610000,115,56,0,171,23,-0.5624670789102106,-0.7328828924871045
125,1559624400,13,3,0,16,23,-0.5624670789102106,-1.270427129135784
125,1559636123,36,5,0,41,23,-0.5624670789102106,-1.1837264458053518
125,1559638800,55,388,333,443,23,2.6146398650406004,0.21042054214799782
125,1559653200,190,344,154,534,23,0.90682562189587,0.5260110294707709
125,1559667600,482,181,0,663,23,-0.5624670789102106,0.9733865554558011
125,1559682000,827,101,0,928,23,-0.5624670789102106,1.8924137987583824
125,1559696400,159,70,0,229,23,-0.5624670789102106,-0.5317373071605017
125,1559710800,26,8,0,34,23,-0.5624670789102106,-1.208002637137873
125,1559725200,83,346,263,429,23,1.9467795464923818,0.1618681594829558
125,1559739600,200,394,194,594,23,1.2884600896377092,0.7340926694638082
125,1559754000,473,172,0,645,23,-0.5624670789102106,0.9109620634578899
125,1559768400,850,135,0,985,23,-0.5624670789102106,2.090091356751768
125,1559782800,137,55,0,192,23,-0.5624670789102106,-0.6600543184895414
125,1559797200,15,7,0,22,23,-0.5624670789102106,-1.2496189651364802
125,1559811600,59,365,306,424,23,2.357036599314859,0.14452802281686936
125,1559826000,198,373,175,571,23,1.1071837174603356,0.6543280407998107
125,1559840400,500,210,0,710,23,-0.5624670789102106,1.1363838401170137
125,1559854800,796,117,0,913,23,-0.5624670789102106,1.8403933887601232
125,1559869200,168,50,0,218,23,-0.5624670789102106,-0.5698856078258919
125,1559883600,22,19,0,41,23,-0.5624670789102106,-1.1837264458053518
125,1559898000,71,354,283,425,23,2.1375967803633014,0.14799605015008663
125,1559912400,214,395,181,609,23,1.1644288876216116,0.7861130794620675
125,1559926800,547,191,0,738,23,-0.5624670789102106,1.2334886054470977
125,1559941200,655,133,0,788,23,-0.5624670789102106,1.406889972107962
125,1559955600,149,80,0,229,23,-0.5624670789102106,-0.5317373071605017
125,1559970000,18,23,5,41,23,-0.5147627704424808,-1.1837264458053518
125,1559984400,25,55,30,80,23,-0.2762412281038313,-1.0484733798098775
125,1559998800,139,159,20,298,23,-0.3716498450392911,-0.2924434211685089
125,1560013200,218,194,0,412,23,-0.5624670789102106,0.1029116948182619
125,1560027600,226,96,0,322,23,-0.5624670789102106,-0.209210765171294
125,1560042000,90,81,0,171,23,-0.5624670789102106,-0.7328828924871045
125,1560056400,22,22,0,44,23,-0.5624670789102106,-1.1733223638057
125,1560070800,24,44,20,68,23,-0.3716498450392911,-1.090089707808485
125,1560085200,76,137,61,213,23,0.019525484396094063,-0.5872257444919784
125,1560099600,119,140,21,259,23,-0.3621089833457451,-0.4276964871639831
125,1560114000,153,79,0,232,23,-0.5624670789102106,-0.5213332251608499
125,1560128400,58,45,0,103,23,-0.5624670789102106,-0.96870875114588
125,1560142800,14,9,0,23,23,-0.5624670789102106,-1.246150937803263
125,1560157200,72,411,339,483,23,2.671885035201876,0.3491416354766893
125,1560171600,179,329,150,508,23,0.8686621751216862,0.4358423188071215
125,1560186000,503,169,0,672,23,-0.5624670789102106,1.0045988014547567
125,1560200400,815,104,0,919,23,-0.5624670789102106,1.861201552759427
125,1560214800,108,33,0,141,24,-0.6576380313619787,-0.9260033225903619
125,1560229200,9,10,1,19,24,-0.6475444134071904,-1.3015188607208437
125,1560243600,73,406,333,479,24,2.703536747582538,0.11435939780392343
125,1560258000,211,392,181,603,24,1.1693068184547106,0.4960309283627737
125,1560272400,502,205,0,707,24,-0.6576380313619787,0.8161425346379384
125,1560286800,824,141,0,965,24,-0.6576380313619787,1.6102655578974818
125,1560301200,165,41,0,206,24,-0.6576380313619787,-0.725933568668384
125,1560315600,16,15,0,31,24,-0.6576380313619787,-1.2645829061506324
125,1560327492,40,186,146,226,24,0.8160301900371186,-0.6643736443846985
125,1560330000,66,198,132,264,24,0.6747195386700819,-0.547409788245696
125,1560344400,170,385,215,555,24,1.512489828917514,0.3482871100819284
125,1560358800,486,203,0,689,24,-0.6576380313619787,0.7607386027826214
125,1560373200,787,112,0,899,24,-0.6576380313619787,1.4071178077613193
125,1560387600,147,62,0,209,24,-0.6576380313619787,-0.7166995800258311
125,1560402000,13,21,8,34,24,-0.576889087723672,-1.2553489175080794
125,1560414419,45,220,175,265,24,1.1087451107259805,-0.5443317920315117
125,1560416400,78,145,67,223,24,0.018634371608839944,-0.6736076330272512
125,1560430800,209,369,160,578,24,0.9573408414041554,0.41908102300816674
125,1560445200,460,187,0,647,24,-0.6576380313619787,0.6314627617868819
125,1560459600,794,137,0,931,24,-0.6576380313619787,1.5056136866152163
125,1560474000,147,65,0,212,24,-0.6576380313619787,-0.7074655913832784
125,1560488400,14,12,0,26,24,-0.6576380313619787,-1.2799728872215537
125,1560502800,75,351,276,426,24,2.1282005241596025,-0.04877440154784321
125,1560517200,203,23,0,226,24,-0.6576380313619787,-0.6643736443846985
125,1560531600,626,563,0,1189,24,-0.6576380313619787,2.2997367098747596
125,1560546000,603,135,0,738,24,-0.6576380313619787,0.9115604172776509
125,1561165200,9145,6413,0,15558,25,-0.35068330810989845,4.11121733245302
125,1561179600,0,0,0,0,25,-0.35068330810989845,-0.28335853066031585
125,1561194000,1,0,0,1,25,-0.35068330810989845,-0.28307606659918244
125,1561208400,0,0,0,0,25,-0.35068330810989845,-0.28335853066031585
125,1561222800,0,1,1,1,25,-0.3382819337563068,-0.28307606659918244
125,1561237200,1,1,0,2,25,-0.35068330810989845,-0.2827936025380491
125,1561251600,1,1,0,2,25,-0.35068330810989845,-0.2827936025380491
125,1561266000,0,0,0,0,25,-0.35068330810989845,-0.28335853066031585
125,1561280400,1,2,1,3,25,-0.3382819337563068,-0.28251113847691567
125,1561294800,0,0,0,0,25,-0.35068330810989845,-0.28335853066031585
125,1561309200,1,1,0,2,25,-0.35068330810989845,-0.2827936025380491
125,1561323600,2,3,1,5,25,-0.3382819337563068,-0.2819462103546489
125,1561338000,1,3,2,4,25,-0.32588055940271504,-0.2822286744157823
125,1561352400,0,0,0,0,25,-0.35068330810989845,-0.28335853066031585
125,1561366800,74,373,299,447,25,3.357327623614018,-0.15709709533368899
125,1561381200,152,357,205,509,25,2.191598434376399,-0.1395843235434186
125,1561395600,435,172,0,607,25,-0.35068330810989845,-0.11190284555234603
125,1561410000,807,109,0,916,25,-0.35068330810989845,-0.024621450662127453
125,1561424400,121,39,0,160,26,-0.5802569563663075,-0.7654937679174911
125,1561438800,12,11,0,23,26,-0.5802569563663075,-1.2640958893344307
125,1561453200,61,400,339,461,26,2.628169662951551,0.3299751265825002
125,1561467600,163,371,208,534,26,1.3883351876399304,0.5956536292353221
125,1561482000,435,179,0,614,26,-0.5802569563663075,0.8868081526904692
125,1561496400,816,116,0,932,26,-0.5802569563663075,2.0441473834246797
125,1561510800,144,56,0,200,26,-0.5802569563663075,-0.6199165061899174
125,1561525200,9,10,1,19,26,-0.5707925710585852,-1.278653615507188
125,1561539600,77,393,316,470,26,2.4104888008739382,0.3627300104712043
125,1561554000,206,342,136,548,26,0.7068994454839248,0.6466056708399728
125,1561568400,419,171,0,590,26,-0.5802569563663075,0.7994617956539251
125,1561582800,792,133,0,925,26,-0.5802569563663075,2.0186713626223542
125,1561597200,154,69,0,223,26,-0.5802569563663075,-0.5362095806965627
125,1561611600,13,12,0,25,26,-0.5802569563663075,-1.256817026248052
125,1561626000,63,359,296,422,26,2.2212010947194925,0.18803729639811598
125,1561640400,190,404,214,594,26,1.445121499486264,0.8140195218266825
125,1561654800,432,221,0,653,26,-0.5802569563663075,1.0287459828748535
125,1561669200,780,155,0,935,26,-0.5802569563663075,2.0550656780542473
125,1561683600,155,63,0,218,26,-0.5802569563663075,-0.5544067384125094
125,1561698000,19,13,0,32,26,-0.5802569563663075,-1.2313410054457266
125,1561712400,54,308,254,362,26,1.8236969117951558,-0.03032859619324443
125,1561726800,184,336,152,520,26,0.8583296104074816,0.5447015876306712
125,1561741200,470,203,0,673,26,-0.5802569563663075,1.1015346137386404
125,1561755600,607,142,0,749,26,-0.5802569563663075,1.37813141102103
125,1561770000,134,81,0,215,26,-0.5802569563663075,-0.5653250330420774
125,1561784400,17,25,8,42,26,-0.5045418739045291,-1.1949466900138332
125,1561798800,22,63,41,85,26,-0.1922171587496933,-1.0384511336566915
125,1561813200,89,153,64,242,26,0.025463703327919505,-0.46706038137596523
125,1561827600,176,161,0,337,26,-0.5802569563663075,-0.12131438477297793
125,1561842000,155,97,0,252,26,-0.5802569563663075,-0.4306660659440718
125,1561856400,83,74,0,157,26,-0.5802569563663075,-0.7764120625470591
125,1561870800,24,31,7,55,26,-0.5140062592122514,-1.1476340799523719
125,1561885200,17,30,13,47,26,-0.4572199473659176,-1.1767495322978865
125,1561899600,86,135,49,221,26,-0.11650207628791494,-0.5434884437829414
125,1561914000,134,113,0,247,26,-0.5802569563663075,-0.4488632236600185
125,1561928400,134,87,0,221,26,-0.5802569563663075,-0.5434884437829414
125,1561942800,58,45,0,103,26,-0.5802569563663075,-0.9729413658792835
125,1561957200,14,18,4,32,26,-0.5423994151354182,-1.2313410054457266
125,1561971600,61,364,303,425,26,2.2874517918735484,0.19895559102768398
125,1561986000,183,353,170,536,26,1.028688545946483,0.6029324923217008
125,1562000400,405,194,0,599,26,-0.5802569563663075,0.8322166795426291
125,1562014800,761,95,0,856,26,-0.5802569563663075,1.7675505861422895
125,1562029200,142,56,0,198,27,-0.5145370602438835,-0.22168171728159433
125,1562043600,12,16,4,28,27,-0.4612550499445169,-0.9218567587502368
125,1562058000,57,382,325,439,27,3.8146262765796544,0.7709193709180693
125,1562072400,176,376,200,552,27,2.1495634547244475,1.2363298396589903
125,1562086800,427,206,0,633,27,-0.5145370602438835,1.5699426535352259
125,1562101200,815,121,0,936,27,-0.5145370602438835,2.817901698035218
125,1562115600,138,56,0,194,27,-0.5145370602438835,-0.23815642413968005
125,1562130000,13,12,0,25,27,-0.5145370602438835,-0.934212788893801
125,1562144400,88,347,259,435,27,2.935473106640105,0.7544446640599836
125,1562158800,243,336,93,579,27,0.7242696792163904,1.3475341109510688
125,1562173200,593,188,0,781,27,-0.5145370602438835,2.179506807284397
125,1562187600,514,121,0,635,27,-0.5145370602438835,1.5781800069642686
125,1562202000,123,54,0,177,27,-0.5145370602438835,-0.3081739282865443
125,1562216400,14,12,0,26,27,-0.5145370602438835,-0.9300941121792796
125,1562230800,25,56,31,81,27,-0.10160148042379219,-0.7035668928806011
125,1562245200,65,191,126,256,27,1.1638462641861649,0.017201532160648347
125,1562259600,137,151,14,288,27,-0.3280500241961003,0.14899918702533396
125,1562274000,154,186,32,340,27,-0.08828097784895055,0.3631703761804481
125,1562288400,195,91,0,286,27,-0.5145370602438835,0.14076183359629113
125,1562302800,13,13,0,26,27,-0.5145370602438835,-0.9300941121792796
125,1562315371,32,118,86,150,27,0.6310261611924988,-0.41937819957862277
125,1562315451,1,0,0,1,27,-0.5145370602438835,-1.0330610300423153
125,1562315535,28,7,0,35,27,-0.5145370602438835,-0.8930260217485867
125,1562315615,2,0,0,2,27,-0.5145370602438835,-1.0289423533277937
125,1562317200,14,71,57,85,27,0.24473158652209082,-0.6870921860225154
125,1562331600,150,246,96,396,27,0.7642311869409153,0.593816272193648
125,1562346000,349,165,0,514,27,-0.5145370602438835,1.0798201245071761
125,1562360400,345,122,0,467,27,-0.5145370602438835,0.8862423189246692
125,1562374800,87,52,0,139,27,-0.5145370602438835,-0.46468364343835844
125,1562389200,12,17,5,29,27,-0.4479345473696752,-0.9177380820357153
125,1562403600,23,42,19,65,27,-0.26144751132189203,-0.7694657203129439
125,1562418000,93,115,22,208,27,-0.2214860035973671,-0.1804949501363801
125,1562432400,123,102,0,225,27,-0.5145370602438835,-0.11047744598951585
125,1562446800,136,91,0,227,27,-0.5145370602438835,-0.10224009256047299
125,1562461200,74,38,0,112,27,-0.5145370602438835,-0.575887914730437
125,1562475600,16,27,11,43,27,-0.3680115319206253,-0.8600766080324154
125,1562490000,22,35,13,57,27,-0.341370526770942,-0.8024151340291154
125,1562504400,55,100,45,155,27,0.08488555562399096,-0.3987848160060157
125,1562518800,119,123,4,242,27,-0.4612550499445169,-0.040459941842651614
125,1562533200,139,64,0,203,27,-0.5145370602438835,-0.2010883337089872
125,1562547600,64,37,0,101,27,-0.5145370602438835,-0.6211933585901727
125,1562562000,11,6,0,17,27,-0.5145370602438835,-0.9671622026099724
125,1562574527,41,246,205,287,27,2.2161659675986556,0.14488051031081253
125,1562574607,0,0,0,0,27,-0.5145370602438835,-1.0371797067568367
125,1562574689,57,3,0,60,27,-0.5145370602438835,-0.7900591038855511
125,1562574770,1,0,0,1,27,-0.5145370602438835,-1.0330610300423153
125,1562574851,1,1,0,2,27,-0.5145370602438835,-1.0289423533277937
125,1562576400,15,118,103,133,27,0.8574747049648069,-0.489395703725487
125,1562590800,151,371,220,522,27,2.4159735062212806,1.1127695382233476
125,1562605200,403,170,0,573,27,-0.5145370602438835,1.3228220506639403
125,1562619600,782,95,0,877,27,-0.5145370602438835,2.574899771878454
125,1562634000,126,39,0,165,28,-0.5759119939097089,-0.758321127407014
125,1562648400,14,9,0,23,28,-0.5759119939097089,-1.2289868786668152
125,1562662800,76,387,311,463,28,2.1765806751164964,0.2294140407297523
125,1562677200,201,395,194,596,28,1.141077002203101,0.6702488640928057
125,1562691600,450,184,0,634,28,-0.5759119939097089,0.7962016707679638
125,1562706000,816,132,0,948,28,-0.5759119939097089,1.83696959961006
125,1562720400,143,50,0,193,28,-0.5759119939097089,-0.6655137961726869
125,1562734800,12,12,0,24,28,-0.5759119939097089,-1.2256723311227322
125,1562749200,70,454,384,524,28,2.8226641633445126,0.4316014409188219
125,1562763600,230,414,184,644,28,1.0525724147746054,0.8293471462087949
125,1562778000,443,166,0,609,28,-0.5759119939097089,0.7133379821658861
125,1562792400,797,148,0,945,28,-0.5759119939097089,1.8270259569778107
125,1562806800,152,41,0,193,28,-0.5759119939097089,-0.6655137961726869
125,1562821200,20,11,0,31,28,-0.5759119939097089,-1.2024704983141503
125,1562835600,70,394,324,464,28,2.2916366387735403,0.2327285882738354
125,1562850000,185,387,202,572,28,1.2118806721458972,0.5906997230348111
125,1562864400,469,171,0,640,28,-0.5759119939097089,0.8160889560324625
125,1562878800,824,139,0,963,28,-0.5759119939097089,1.8866878127713065
125,1562893200,120,49,0,169,28,-0.5759119939097089,-0.7450629372306815
125,1562907600,16,14,0,30,28,-0.5759119939097089,-1.2057850458582335
125,1562922000,65,344,279,409,28,1.8933659953453112,0.05042847334926446
125,1562936400,277,358,81,635,28,0.14097516426110332,0.7995162183120469
125,1562950800,739,180,0,919,28,-0.5759119939097089,1.7408477208316497
125,1562965200,787,137,0,924,28,-0.5759119939097089,1.7574204585520654
125,1562979600,138,69,0,207,28,-0.5759119939097089,-0.6191101305555233
125,1562994000,29,22,0,51,28,-0.5759119939097089,-1.1361795474324883
125,1563008400,24,76,52,100,28,-0.11568813928153318,-0.973766717772416
125,1563022800,90,183,93,273,28,0.24718066917529774,-0.40034999264603827
125,1563037200,172,125,0,297,28,-0.5759119939097089,-0.32080085158804367
125,1563051600,173,94,0,267,28,-0.5759119939097089,-0.4202372779105369
125,1563066000,118,61,0,179,28,-0.5759119939097089,-0.7119174617898504
125,1563080400,16,22,6,38,28,-0.5228092414526118,-1.1792686655055686
125,1563094800,22,36,14,58,28,-0.4520055715098155,-1.1129777146239066
125,1563109200,75,135,60,210,28,-0.04488446933873691,-0.6091664879232741
125,1563123600,117,122,5,239,28,-0.5316597001954613,-0.5130446091448639
125,1563138000,170,71,0,241,28,-0.5759119939097089,-0.5064155140566977
125,1563152400,67,33,0,100,28,-0.5759119939097089,-0.973766717772416
125,1563166800,11,8,0,19,28,-0.5759119939097089,-1.2422450688431477
125,1563181200,69,391,322,460,28,2.2739357212878413,0.21947039809750296
125,1563195600,165,387,222,552,28,1.3888898470028879,0.524408772153149
125,1563210000,451,162,0,613,28,-0.5759119939097089,0.7265961723422185
125,1563224400,785,133,0,918,28,-0.5759119939097089,1.7375331732875667
125,1563238800,154,69,0,223,29,-0.5474579220005401,-0.5385589362857972
125,1563253200,17,14,0,31,29,-0.5474579220005401,-1.2000515058906847
125,1563267600,74,407,333,481,29,2.5567810381975686,0.3503217041207701
125,1563282000,168,392,224,560,29,1.5406787959705601,0.6224983343227811
125,1563296400,474,182,0,656,29,-0.5474579220005401,0.9532446191252247
125,1563310800,825,124,0,949,29,-0.5474579220005401,1.9627098425326832
125,1563325200,171,75,0,246,29,-0.5474579220005401,-0.45931763888521177
125,1563339600,14,12,0,26,29,-0.5474579220005401,-1.217277874890812
125,1563354000,65,399,334,464,29,2.5661030771170825,0.2917520495203374
125,1563368400,218,424,206,642,29,1.372882095419311,0.9050107859248684
125,1563382800,487,186,0,673,29,-0.5474579220005401,1.0118142737256575
125,1563397200,789,125,0,914,29,-0.5474579220005401,1.8421252595317923
125,1563411600,171,51,0,222,29,-0.5474579220005401,-0.5420042100858227
125,1563426000,17,14,0,31,29,-0.5474579220005401,-1.2000515058906847
125,1563440400,70,373,303,443,29,2.277119870612154,0.21940129971980285
125,1563454800,181,380,199,561,29,1.3076278229827143,0.6259436081228066
125,1563469200,461,198,0,659,29,-0.5474579220005401,0.9635804405253011
125,1563483600,810,115,0,925,29,-0.5474579220005401,1.8800232713320724
125,1563498000,167,72,0,239,29,-0.5474579220005401,-0.48343455548538994
125,1563512400,18,18,0,36,29,-0.5474579220005401,-1.1828251368905573
125,1563526091,54,293,239,347,29,1.6805093797632678,-0.11134498508264082
125,1563526171,1,0,0,1,29,-0.5474579220005401,-1.3034097198914483
125,1563526800,54,54,0,108,29,-0.5474579220005401,-0.9347654232887246
125,1563541200,214,345,131,559,29,0.6737291764557731,0.6190530605227557
125,1563555600,517,197,0,714,29,-0.5474579220005401,1.1530704995267012
125,1563570000,659,148,0,807,29,-0.5474579220005401,1.4734809629290684
125,1563584400,159,83,0,242,29,-0.5474579220005401,-0.4730987340853136
125,1563598800,22,22,0,44,29,-0.5474579220005401,-1.1552629464903537
125,1563613200,33,69,36,102,29,-0.2118645208980418,-0.9554370660888772
125,1563627600,235,167,0,402,29,-0.5474579220005401,0.0781450739187592
125,1563642000,171,128,0,299,29,-0.5474579220005401,-0.27671812748386265
125,1563656400,205,78,0,283,29,-0.5474579220005401,-0.3318425082842699
125,1563670800,99,67,0,166,29,-0.5474579220005401,-0.7349395428872482
125,1563685200,18,21,3,39,29,-0.5194918052419986,-1.172489315490481
125,1563699600,28,43,15,71,29,-0.4076273382078325,-1.0622405538896664
125,1563714000,77,137,60,214,29,0.011864413170290349,-0.5695664004860264
125,1563728400,111,112,1,223,29,-0.5381358830810262,-0.5385589362857972
125,1563742800,144,102,0,246,29,-0.5474579220005401,-0.45931763888521177
125,1563757200,74,57,0,131,29,-0.5474579220005401,-0.8555241258881391
125,1563771600,8,10,2,18,29,-0.5288138441615123,-1.2448400652910154
125,1563786000,73,386,313,459,29,2.370340259807292,0.27452568052021015
125,1563800400,188,373,185,561,29,1.1771192781095206,0.6259436081228066
125,1563814800,449,182,0,631,29,-0.5474579220005401,0.8671127741245884
125,1563829200,892,150,0,1042,29,-0.5474579220005401,2.2831203059350504
125,1563843600,131,36,0,167,30,-0.6040855850664224,-0.7849045326540723
125,1563858000,13,7,0,20,30,-0.6040855850664224,-1.3098179408653206
125,1563872400,68,376,308,444,30,2.116823582210472,0.2042180120705245
125,1563886800,168,394,226,562,30,1.3924256870263636,0.6255770744441795
125,1563901200,434,172,0,606,30,-0.6040855850664224,0.7826940129563899
125,1563915600,814,129,0,943,30,-0.6040855850664224,1.9860669283794552
125,1563930000,142,38,0,180,30,-0.6040855850664224,-0.7384836190027375
125,1563944400,16,6,0,22,30,-0.6040855850664224,-1.3026762618420382
125,1563958800,65,386,321,451,30,2.2316671509591717,0.22921388865201253
125,1563973200,174,395,221,569,30,1.348255083661479,0.6505729510256675
125,1563987600,457,201,0,658,30,-0.6040855850664224,0.9683776675617293
125,1564002000,807,136,0,943,30,-0.6040855850664224,1.9860669283794552
125,1564016400,158,62,0,220,30,-0.6040855850664224,-0.5956500385370918
125,1564030800,16,8,0,24,30,-0.6040855850664224,-1.2955345828187559
125,1564045200,66,395,329,461,30,2.302340116342987,0.26492228376842397
125,1564059600,160,363,203,523,30,1.1892409115478941,0.4863143334901749
125,1564074000,457,221,0,678,30,-0.6040855850664224,1.0397944577945522
125,1564088400,850,141,0,991,30,-0.6040855850664224,2.15746722493823
125,1564102800,175,65,0,240,30,-0.6040855850664224,-0.5242332483042689
125,1564117200,16,23,7,39,30,-0.5422467403555838,-1.2419719901441388
125,1564131600,55,337,282,392,30,1.8871364447130716,0.018534357465185034
125,1564146000,170,377,207,547,30,1.224577394239802,0.5720144817695624
125,1564160400,531,185,0,716,30,-0.6040855850664224,1.1754863592369156
125,1564174800,587,148,0,735,30,-0.6040855850664224,1.2433323099580973
125,1564189200,122,81,0,203,30,-0.6040855850664224,-0.6563543102349911
125,1564203600,25,19,0,44,30,-0.6040855850664224,-1.224117792585933
125,1564218000,30,69,39,99,30,-0.25955487882032213,-1.0277216194456702
125,1564232400,112,209,97,321,30,0.25282412021233974,-0.2349952478613362
125,1564246800,169,166,0,335,30,-0.6040855850664224,-0.18500349469836017
125,1564261200,217,103,0,320,30,-0.6040855850664224,-0.23856608737297733
125,1564275600,118,54,0,172,30,-0.6040855850664224,-0.7670503350958666
125,1564290000,18,20,2,38,30,-0.5864173437204685,-1.24554282965578
125,1564304400,25,43,18,68,30,-0.44507141295283764,-1.1384176443065457
125,1564318800,76,141,65,217,30,-0.029867741322921987,-0.6063625570720151
125,1564333200,128,139,11,267,30,-0.5069102576636761,-0.42782058148995794
125,1564347600,334,71,0,405,30,-0.6040855850664224,0.0649552711165199
125,1564362000,73,48,0,121,30,-0.6040855850664224,-0.949163150189565
125,1564376400,11,9,0,20,30,-0.6040855850664224,-1.3098179408653206
125,1564390800,62,383,321,445,30,2.2316671509591717,0.20778885158216567
125,1564405200,165,380,215,545,30,1.2952503596236173,0.56487280274628
125,1564419600,415,191,0,606,30,-0.6040855850664224,0.7826940129563899
125,1564434000,755,134,0,889,30,-0.6040855850664224,1.7932415947508336
125,1564448400,141,48,0,189,31,-0.6978187978596119,-0.9361128842108475
125,1564462800,12,14,2,26,31,-0.6814156135808355,-1.492067583320129
125,1564477200,75,342,267,417,31,1.4920063033570352,-0.1584584584628958
125,1564491600,191,454,263,645,31,1.4591999347994824,0.6191959672850559
125,1564506000,463,195,0,658,31,-0.6978187978596119,0.66353591261279
125,1564520400,801,132,0,933,31,-0.6978187978596119,1.6014962945456266
125,1564534800,145,44,0,189,31,-0.6978187978596119,-0.9361128842108475
125,1564549200,13,11,0,24,31,-0.6978187978596119,-1.4988891133705495
125,1564563600,90,385,295,475,31,1.7216508832599045,0.03936591299930244
125,1564578000,153,388,235,541,31,1.2295553548966132,0.26447640466318323
125,1564592400,452,186,0,638,31,-0.6978187978596119,0.5953206121085838
125,1564606800,832,127,0,959,31,-0.6978187978596119,1.6901761852010948
125,1564621200,144,41,0,185,31,-0.6978187978596119,-0.9497559443116887
125,1564635600,14,12,0,26,31,-0.6978187978596119,-1.492067583320129
125,1564650000,61,380,319,441,31,1.918489094605221,-0.07660009785784826
125,1564664400,164,375,211,539,31,1.0327171435512965,0.2576548746127626
125,1564678800,475,189,0,664,31,-0.6978187978596119,0.6840005027640519
125,1564693200,808,140,0,948,31,-0.6978187978596119,1.6526577699237812
125,1564707600,154,63,0,217,31,-0.6978187978596119,-0.8406114635049587
125,1564722000,22,14,0,36,31,-0.6978187978596119,-1.4579599330680257
125,1564736400,62,299,237,361,31,1.2459585391753896,-0.3494612998746734
125,1564750800,172,385,213,557,31,1.0491203278300727,0.31904864506654823
125,1564765200,521,203,0,724,31,-0.6978187978596119,0.8886464042766707
125,1564779600,599,132,0,731,31,-0.6978187978596119,0.912521759453143
125,1565398800,8729,6754,0,15483,32,-0.5422355686442422,4.114182445206589
125,1565413200,31,18,0,49,32,-0.5422355686442422,-0.30737916032276663
125,1565427600,19,60,41,79,32,-0.010094811118376859,-0.2987847033987106
125,1565442000,98,184,86,282,32,0.5739621178734265,-0.2406288782125982
125,1565456400,178,203,25,381,32,-0.21775949698212918,-0.21226717036321333
125,1565470800,212,114,0,326,32,-0.5422355686442422,-0.2280236747239827
125,1565485200,76,71,0,147,32,-0.5422355686442422,-0.2793039343708503
125,1565499600,20,24,4,44,32,-0.4903193971783041,-0.3088115698101093
125,1565514000,21,30,9,51,32,-0.42542418284588146,-0.3068061965278296
125,1565528400,74,138,64,212,32,0.28842317481076707,-0.2606826110353956
125,1565542800,115,142,27,257,32,-0.19180141124916014,-0.24779092564931154
125,1565557200,166,93,0,259,32,-0.5422355686442422,-0.24721796185437447
125,1565571600,67,42,0,109,32,-0.5422355686442422,-0.2901902464746546
125,1565586000,10,13,3,23,32,-0.5032984400447886,-0.3148276896569485
125,1565600400,62,341,279,403,32,3.078917391104939,-0.20596456861890555
125,1565614800,166,380,214,546,32,2.2352796047834453,-0.16499765728090518
125,1565629200,451,170,0,621,32,-0.5422355686442422,-0.1435115149707651
125,1565643600,810,113,0,923,32,-0.5422355686442422,-0.05699398193526779
125,1565658000,50,11,0,61,33,-0.600888339510732,-1.043520191422616
125,1565672400,1,2,1,3,33,-0.5917011133514852,-1.247436057482739
125,1565686800,78,384,306,462,33,2.210402865218765,0.3663119170275444
125,1565701200,170,372,202,542,33,1.254931344657106,0.6475751805587484
125,1565715600,414,167,0,581,33,-0.600888339510732,0.7846910215302104
125,1565730000,766,108,0,874,33,-0.600888339510732,1.814817724213245
125,1565744400,39,14,0,53,33,-0.600888339510732,-1.0716465177757364
125,1565758800,1,2,1,3,33,-0.5917011133514852,-1.247436057482739
125,1565773200,69,367,298,436,33,2.136905055944791,0.27490135637990304
125,1565787600,143,369,226,512,33,1.4754247724790273,0.5421014567345469
125,1565802000,433,186,0,619,33,-0.600888339510732,0.9182910717075323
125,1565816400,824,116,0,940,33,-0.600888339510732,2.0468599166264885
125,1565830800,37,11,0,48,33,-0.600888339510732,-1.0892254717464367
125,1565845200,1,2,1,3,33,-0.5917011133514852,-1.247436057482739
125,1565859600,61,316,255,377,33,1.7418543310971821,0.06746969952564007
125,1565874000,165,372,207,537,33,1.3008674754533396,0.6299962265880482
125,1565888400,440,200,0,640,33,-0.600888339510732,0.9921226783844734
125,1565902800,747,164,0,911,33,-0.600888339510732,1.944901983596427
125,1565917200,52,21,0,73,33,-0.600888339510732,-1.0013307018929354
125,1565931600,1,0,0,1,33,-0.600888339510732,-1.254467639071019
125,1565946000,93,407,314,500,33,2.2839006744927386,0.4999119672048663
125,1565960400,166,432,266,598,33,1.842913818848896,0.8444594650305913
125,1565974800,474,200,0,674,33,-0.600888339510732,1.111659565385235
125,1565989200,595,135,0,730,33,-0.600888339510732,1.308543849857078
125,1566003600,136,53,0,189,33,-0.600888339510732,-0.5934989697726895
125,1566018000,18,21,3,39,33,-0.5733266610329918,-1.120867588893697
125,1566032400,32,46,14,78,33,-0.4722671732812779,-0.9837517479222351
125,1566046800,107,172,65,279,33,-0.00371863915969504,-0.2770777983000849
125,1566061200,204,222,18,426,33,-0.435518268644291,0.23974344843850257
125,1566075600,201,123,0,324,33,-0.600888339510732,-0.11886721256378262
125,1566090000,96,61,0,157,33,-0.600888339510732,-0.7060042751851711
125,1566104400,9,26,17,35,33,-0.4447054948035377,-1.1349307520702572
125,1566118800,19,34,15,53,33,-0.46307994712203115,-1.0716465177757364
125,1566133200,82,143,61,225,33,-0.04046754379668193,-0.46693050118364765
125,1566147600,163,160,0,323,33,-0.600888339510732,-0.12238300335792267
125,1566162000,166,83,0,249,33,-0.600888339510732,-0.38255152212428645
125,1566176400,63,40,0,103,33,-0.600888339510732,-0.8958569780687339
125,1566190800,7,6,0,13,33,-0.600888339510732,-1.2122781495413384
125,1566205200,55,332,277,387,33,1.9439733066006102,0.10262760746704058
125,1566219600,158,358,200,516,33,1.2365568923386125,0.5561646199111071
125,1566234000,414,188,0,602,33,-0.600888339510732,0.8585226282071515
125,1566248400,735,117,0,852,33,-0.600888339510732,1.737470326742164
125,1566262800,130,39,0,169,34,-0.6092155297103098,-0.7425374938021023
125,1566277200,13,22,9,35,34,-0.5189790601842529,-1.2380320414803372
125,1566291600,74,349,275,423,34,2.1480099280303167,0.1966835144835069
125,1566306000,172,363,191,535,34,1.3058028791204523,0.6108282110503898
125,1566320400,461,182,0,643,34,-0.6092155297103098,1.0101820255970266
125,1566334800,786,160,0,946,34,-0.6092155297103098,2.130591338630647
125,1566349200,149,36,0,185,34,-0.6092155297103098,-0.6833739657211191
125,1566363600,11,9,0,20,34,-0.6092155297103098,-1.293497849056259
125,1566378000,61,352,291,413,34,2.308430318298862,0.15970630943289235
125,1566392400,155,348,193,503,34,1.3258554279040207,0.4925011548884232
125,1566406800,399,161,0,560,34,-0.6092155297103098,0.7032712236769261
125,1566421200,764,134,0,898,34,-0.6092155297103098,1.9531007543876973
125,1566435600,146,38,0,184,34,-0.6092155297103098,-0.6870716862261805
125,1566450000,12,18,6,30,34,-0.5490578833596051,-1.2565206440056444
125,1566464400,60,345,285,405,34,2.2482726719481576,0.13012454539240073
125,1566478800,176,349,173,525,34,1.1253299400683388,0.5738510059997751
125,1566493200,420,166,0,586,34,-0.6092155297103098,0.7994119568085238
125,1566507600,759,164,0,923,34,-0.6092155297103098,2.0455437670142333
125,1566522000,169,60,0,229,34,-0.6092155297103098,-0.5206742634984152
125,1566536400,13,15,2,28,34,-0.5891629809267416,-1.2639160850157674
125,1566550800,70,312,242,382,34,1.8171428731014414,0.045076973775987295
125,1566565200,156,328,172,484,34,1.1153036656765547,0.42224446529225557
125,1566579600,503,168,0,671,34,-0.6092155297103098,1.1137181997387473
125,1566594000,650,132,0,782,34,-0.6092155297103098,1.5241651758005688
125,1566608400,123,52,0,175,34,-0.6092155297103098,-0.7203511707717336
125,1566622800,20,20,0,40,34,-0.6092155297103098,-1.21954343895503
125,1566637200,30,66,36,96,34,-0.24826965160608233,-1.0124710906715884
125,1566651600,98,219,121,317,34,0.6039636716955658,-0.1952748590530072
125,1566666000,202,199,0,401,34,-0.6092155297103098,0.11533366337215492
125,1566680400,220,115,0,335,34,-0.6092155297103098,-0.12871588996190103
125,1566694800,89,70,0,159,34,-0.6092155297103098,-0.7795146988527168
125,1566709200,19,16,0,35,34,-0.6092155297103098,-1.2380320414803372
125,1566723600,23,27,4,50,34,-0.5691104321431734,-1.1825662339044154
125,1566738000,89,140,51,229,34,-0.09787553572932091,-0.5206742634984152
125,1566752400,155,171,16,326,34,-0.44879513944176425,-0.1619953745074541
125,1566766800,165,96,0,261,34,-0.6092155297103098,-0.4023472073364486
125,1566781200,65,43,0,108,34,-0.6092155297103098,-0.968098444610851
125,1566795600,8,12,4,20,34,-0.5691104321431734,-1.293497849056259
125,1566810000,59,349,290,408,34,2.298404043907078,0.1412177069075851
125,1566824400,159,350,191,509,34,1.3058028791204523,0.5146874779187919
125,1566838800,450,180,0,630,34,-0.6092155297103098,0.9621116590312279
125,1566853200,760,114,0,874,34,-0.6092155297103098,1.8643554622662226
125,1566867600,54,17,0,71,35,-0.4867292265999837,-0.6124785225405665
125,1566882000,0,4,4,4,35,-0.44228873199737645,-0.8420050323859725
125,1566896400,71,372,301,443,35,2.8574179922462086,0.6619074724219866
125,1566910800,174,317,143,491,35,1.102018455443224,0.8263443749977999
125,1566925200,468,154,0,622,35,-0.4867292265999837,1.2751200882776237
125,1566939600,759,118,0,877,35,-0.4867292265999837,2.148691133211632
125,1566954000,42,17,0,59,35,-0.4867292265999837,-0.6535877481845198
125,1566968400,0,2,2,2,35,-0.46450897929868007,-0.8488565699932981
125,1566982800,57,342,285,399,35,2.6796560138357797,0.5111736450608244
125,1566997200,145,340,195,485,35,1.6797448852771177,0.8057897621758232
125,1567011600,437,162,0,599,35,-0.4867292265999837,1.1963274057933797
125,1567026000,767,119,0,886,35,-0.4867292265999837,2.1795230524445968
125,1567040400,51,13,0,64,35,-0.4867292265999837,-0.6364589041662059
125,1567054800,0,1,1,1,35,-0.47561910294933185,-0.8522823387969608
125,1567069200,61,341,280,402,35,2.6241053955825207,0.5214509514718128
125,1567083600,165,355,190,520,35,1.6241942670238587,0.9256916703040204
125,1567098000,473,191,0,664,35,-0.4867292265999837,1.4190023780314602
125,1567112400,762,117,0,879,35,-0.4867292265999837,2.1555426708189573
125,1567126800,51,18,0,69,35,-0.4867292265999837,-0.619330060147892
125,1567141200,2,1,0,3,35,-0.4867292265999837,-0.8454308011896353
125,1567155600,61,297,236,358,35,2.1352599549538414,0.37071712411065055
125,1567170000,179,312,133,491,35,0.9909172189367059,0.8263443749977999
125,1567184400,569,205,0,774,35,-0.4867292265999837,1.795836946434366
125,1567198800,428,121,0,549,35,-0.4867292265999837,1.025038965610241
125,1567213200,48,19,0,67,35,-0.4867292265999837,-0.6261815977552175
125,1567227600,2,1,0,3,35,-0.4867292265999837,-0.8454308011896353
125,1567242000,3,4,1,7,35,-0.47561910294933185,-0.8317277259749842
125,1567256400,1,1,0,2,35,-0.4867292265999837,-0.8488565699932981
125,1567270800,0,0,0,0,35,-0.4867292265999837,-0.8557081076006237
125,1567285200,2,4,2,6,35,-0.46450897929868007,-0.835153494778647
125,1567299600,2,2,0,4,35,-0.4867292265999837,-0.8420050323859725
125,1567314000,0,1,1,1,35,-0.47561910294933185,-0.8522823387969608
125,1567328400,0,1,1,1,35,-0.47561910294933185,-0.8522823387969608
125,1567342800,3,2,0,5,35,-0.4867292265999837,-0.8385792635823097
125,1567357200,2,1,0,3,35,-0.4867292265999837,-0.8454308011896353
125,1567371600,2,1,0,3,35,-0.4867292265999837,-0.8454308011896353
125,1567386000,1,1,0,2,35,-0.4867292265999837,-0.8488565699932981
125,1567400400,1,1,0,2,35,-0.4867292265999837,-0.8488565699932981
125,1567414800,22,38,16,60,35,-0.30896724818955484,-0.650161979380857
125,1567429200,71,120,49,191,35,0.05766683228195458,-0.20138626610103322
125,1567443600,132,104,0,236,35,-0.4867292265999837,-0.047226669936208256
125,1567458000,105,81,0,186,35,-0.4867292265999837,-0.2185151101193471
125,1567472400,53,29,0,82,36,-0.5941263147569494,-1.0615124123073647
125,1567486800,8,11,3,19,36,-0.5650883335081613,-1.2839885978887737
125,1567501200,72,365,293,437,36,2.2419165205413516,0.1921232366037489
125,1567515600,174,373,199,547,36,1.3320597747459921,0.5805737193649391
125,1567530000,473,199,0,672,36,-0.5941263147569494,1.021994722502655
125,1567544400,756,108,0,864,36,-0.5941263147569494,1.700017383322187
125,1567558800,120,38,0,158,36,-0.5941263147569494,-0.7931284423996334
125,1567573200,11,14,3,25,36,-0.5650883335081613,-1.2628003897381634
125,1567587600,71,354,283,425,36,2.145123249712058,0.14974682030252814
125,1567602000,163,342,179,505,36,1.138473233087405,0.43225626231066644
125,1567616400,471,169,0,640,36,-0.5941263147569494,0.9089909456993999
125,1567630800,807,109,0,916,36,-0.5941263147569494,1.883648520627477
125,1567645200,135,52,0,187,36,-0.5941263147569494,-0.6907187696716833
125,1567659600,8,13,5,21,36,-0.5457296793423027,-1.2769258618385702
125,1567674000,80,392,312,472,36,2.4258237351170093,0.3157211174823094
125,1567688400,176,370,194,546,36,1.2836631393313453,0.5770423513398373
125,1567702800,508,192,0,700,36,-0.5941263147569494,1.1208730272055036
125,1567717200,777,116,0,893,36,-0.5941263147569494,1.8024270560501372
125,1567731600,143,62,0,205,36,-0.5941263147569494,-0.6271541452198521
125,1567746000,19,16,0,35,36,-0.5941263147569494,-1.227486709487146
125,1567760400,87,337,250,424,36,1.8257054559753891,0.1462154522774264
125,1567774800,160,357,197,517,36,1.3127011205801333,0.4746326786118872
125,1567789200,571,177,0,748,36,-0.5941263147569494,1.2903786924103866
125,1567803600,710,120,0,830,36,-0.5941263147569494,1.5799508704687282
125,1567818000,141,89,0,230,36,-0.5941263147569494,-0.538869944592309
125,1567832400,23,14,0,37,36,-0.5941263147569494,-1.2204239734369426
125,1567846800,24,57,33,81,36,-0.2747085210202807,-1.0650437803324666
125,1567861200,105,164,59,269,36,-0.023046016864117495,-0.40114659161334154
125,1567875600,221,203,0,424,36,-0.5941263147569494,0.1462154522774264
125,1567890000,217,122,0,339,36,-0.5941263147569494,-0.15395082985622052
125,1567904400,98,89,0,187,36,-0.5941263147569494,-0.6907187696716833
125,1567918800,14,22,8,36,36,-0.5166916980935146,-1.2239553414620443
125,1567933200,23,24,1,47,36,-0.58444698767402,-1.1851102931859252
125,1567947600,87,140,53,227,36,-0.08112197936169362,-0.5494640486676141
125,1567962000,158,164,6,322,36,-0.5360503522593733,-0.2139840862829499
125,1567976400,183,98,0,281,36,-0.5941263147569494,-0.3587701753121208
125,1567990800,52,46,0,98,36,-0.5941263147569494,-1.0050105239057372
125,1568005200,9,12,3,21,36,-0.5650883335081613,-1.2769258618385702
125,1568019600,85,362,277,447,36,2.0870472872144816,0.22743691685476616
125,1568034000,164,384,220,548,36,1.5353256434875084,0.5841050873900407
125,1568048400,494,195,0,689,36,-0.5941263147569494,1.0820279789293845
125,1568062800,810,108,0,918,36,-0.5941263147569494,1.8907112566776805
125,1568077200,143,43,0,186,37,-0.536278521156803,-0.7605296867134178
125,1568091600,16,6,0,22,37,-0.536278521156803,-1.2161331379294573
125,1568106000,86,375,289,461,37,2.3325397643439794,0.0034395150207947303
125,1568120400,177,428,251,605,37,1.9553249032746722,0.4034815697470733
125,1568134800,531,159,0,690,37,-0.536278521156803,0.6396175048285572
125,1568149200,820,122,0,942,37,-0.536278521156803,1.3396911005995447
125,1568163600,146,68,0,214,37,-0.536278521156803,-0.6827437316277525
125,1568178000,16,17,1,33,37,-0.5263518142865581,-1.1855743698600887
125,1568192400,83,398,315,481,37,2.590634142970347,0.05900091151055564
125,1568206800,174,406,232,580,37,1.7667174727400188,0.33402982413487214
125,1568221200,504,171,0,675,37,-0.536278521156803,0.5979464574612364
125,1568235600,833,111,0,944,37,-0.536278521156803,1.3452472402485207
125,1568250000,171,60,0,231,37,-0.536278521156803,-0.6355165446114557
125,1568264400,16,9,0,25,37,-0.536278521156803,-1.2077989284559931
125,1568278800,85,391,306,476,37,2.501293781138143,0.045110562388115415
125,1568293200,162,345,183,507,37,1.2803088360980177,0.13123072694724483
125,1568307600,509,189,0,698,37,-0.536278521156803,0.6618420634244615
125,1568322000,1140,126,0,1266,37,-0.536278521156803,2.239785723733671
125,1568336400,196,54,0,250,37,-0.536278521156803,-0.5827332179461828
125,1568350800,24,13,0,37,37,-0.536278521156803,-1.1744620905621366
125,1568365200,136,369,233,505,37,1.7766441796102637,0.12567458729826872
125,1568379600,313,364,51,677,37,-0.03001647077431204,0.6035025971102126
125,1568394000,917,183,0,1100,37,-0.536278521156803,1.7786261328686557
125,1568408400,945,145,0,1090,37,-0.536278521156803,1.7508454346237752
125,1568422800,143,77,0,220,37,-0.536278521156803,-0.6660753126808242
125,1568437200,21,19,0,40,37,-0.536278521156803,-1.1661278810886724
125,1568451600,36,64,28,100,37,-0.25833072878994523,-0.9994436916193897
125,1568466000,125,149,24,274,37,-0.29803755627092493,-0.5160595421584697
125,1568480400,276,146,0,422,37,-0.536278521156803,-0.10490520813423904
125,1568494800,282,151,0,433,37,-0.536278521156803,-0.07434644006487054
125,1568509200,142,92,0,234,37,-0.536278521156803,-0.6271823351379916
125,1568523600,26,30,4,56,37,-0.4965716936758233,-1.1216787638968637
125,1568538000,39,44,5,83,37,-0.4866449868055784,-1.0466708786356864
125,1568552400,131,129,0,260,37,-0.536278521156803,-0.5549525197013024
125,1568566800,248,144,0,392,37,-0.536278521156803,-0.18824730286888042
125,1568581200,268,107,0,375,37,-0.536278521156803,-0.2354744898851772
125,1568595600,93,54,0,147,37,-0.536278521156803,-0.8688744098684515
125,1568610000,26,7,0,33,37,-0.536278521156803,-1.1855743698600887
125,1568624400,150,366,216,516,37,1.6078901628161,0.15623335536763724
125,1568638800,261,392,131,653,37,0.7641200788452818,0.5368289213224995
125,1568653200,773,180,0,953,37,-0.536278521156803,1.370249868668913
125,1568667600,1298,126,0,1424,37,-0.536278521156803,2.6787207560027824
125,1568682000,228,61,0,289,38,-0.6007273647542255,-0.4258806147199199
125,1568696400,21,13,0,34,38,-0.6007273647542255,-1.2311739381045144
125,1568710800,116,413,297,529,38,2.2216730676164747,0.3320425131714631
125,1568725200,169,374,205,543,38,1.3473941458046752,0.37625469563179376
125,1568739600,540,178,0,718,38,-0.6007273647542255,0.9289069763859271
125,1568754000,917,114,0,1031,38,-0.6007273647542255,1.9173650556776056
125,1568768400,168,66,0,234,38,-0.6007273647542255,-0.5995713315283618
125,1568782800,27,28,1,55,38,-0.5912243329954016,-1.1648556644140182
125,1568797200,82,359,277,441,38,2.0316124324399962,0.054137366277956005
125,1568811600,189,365,176,554,38,1.0718062247987818,0.41099283899348216
125,1568826000,539,153,0,692,38,-0.6007273647542255,0.8467986375310274
125,1568840400,874,118,0,992,38,-0.6007273647542255,1.7942025473952559
125,1568854800,180,79,0,259,38,-0.6007273647542255,-0.5206210057063427
125,1568869200,14,9,0,23,38,-0.6007273647542255,-1.2659120814662026
125,1568883600,91,303,212,394,38,1.4139153681164425,-0.09428924626743983
125,1568898000,176,425,249,601,38,1.765527543192927,0.559419451538878
125,1568912400,550,206,0,756,38,-0.6007273647542255,1.0489114716353962
125,1568926800,850,135,0,985,38,-0.6007273647542255,1.7720964561650905
125,1568941200,157,61,0,218,38,-0.6007273647542255,-0.650099540054454
125,1568955600,16,12,0,28,38,-0.6007273647542255,-1.2501220163017988
125,1568970000,79,372,293,451,38,2.183660940581179,0.08571749660676363
125,1568984400,204,373,169,577,38,1.0052850024870146,0.48362713874973967
125,1568998800,703,264,0,967,38,-0.6007273647542255,1.7152522215732369
125,1569013200,850,152,0,1002,38,-0.6007273647542255,1.8257826777240636
125,1569027600,145,88,0,233,38,-0.6007273647542255,-0.6027293445612426
125,1569042000,21,21,0,42,38,-0.6007273647542255,-1.2059098338414682
125,1569056400,34,70,36,104,38,-0.2586182214365649,-1.010113025802861
125,1569070800,98,163,65,261,38,0.016969699569328395,-0.5143049796405812
125,1569085200,197,212,15,409,38,-0.4581818883718669,-0.046919050774228394
125,1569099600,247,130,0,377,38,-0.6007273647542255,-0.1479754678264128
125,1569114000,85,87,2,172,38,-0.5817213012365777,-0.7953681395669691
125,1569128400,14,30,16,44,38,-0.44867885661304296,-1.1995938077757067
125,1569142800,19,34,15,53,38,-0.4581818883718669,-1.1711716904797798
125,1569157200,85,144,59,229,38,-0.04004849098361504,-0.6153613966927656
125,1569171600,162,138,0,300,38,-0.6007273647542255,-0.3911424713582315
125,1569186000,196,82,0,278,38,-0.6007273647542255,-0.46061875808160824
125,1569200400,62,48,0,110,38,-0.6007273647542255,-0.9911649476055763
125,1569214800,12,8,0,20,38,-0.6007273647542255,-1.275386120564845
125,1569229200,79,399,320,478,38,2.4402427980694243,0.1709838484945442
125,1569243600,154,402,248,556,38,1.756024511434103,0.4173088650592437
125,1569258000,545,187,0,732,38,-0.6007273647542255,0.9731191588462579
125,1569272400,895,136,0,1031,38,-0.6007273647542255,1.9173650556776056
125,1569286800,146,33,0,179,39,-0.5990557581824508,-0.7451571685667632
125,1569301200,11,13,2,24,39,-0.5811097226306228,-1.2886835738742846
125,1569315600,80,386,306,466,39,2.1466876812472417,0.2612433367445829
125,1569330000,198,393,195,591,39,1.1506827081207847,0.699571082960326
125,1569344400,486,174,0,660,39,-0.5990557581824508,0.9415279988714161
125,1569358800,810,118,0,928,39,-0.5990557581824508,1.8813026867579692
125,1569373200,146,58,0,204,39,-0.5990557581824508,-0.6574916193236147
125,1569387600,16,15,0,31,39,-0.5990557581824508,-1.264137220086203
125,1569402000,84,428,344,512,39,2.487662356731975,0.4225479473519763
125,1569416400,194,424,230,618,39,1.4647383302777757,0.7942498761429264
125,1569430800,506,184,0,690,39,-0.5990557581824508,1.0467266579631944
125,1569445200,797,135,0,932,39,-0.5990557581824508,1.895329174636873
125,1569459600,158,45,0,203,39,-0.5990557581824508,-0.6609982412933405
125,1569474000,16,15,0,31,39,-0.5990557581824508,-1.264137220086203
125,1569488400,80,425,345,505,39,2.496635374507889,0.3980015935638947
125,1569502800,178,392,214,570,39,1.3211700458631512,0.6259320215960811
125,1569517200,514,184,0,698,39,-0.5990557581824508,1.074779633721002
125,1569531600,799,133,0,932,39,-0.5990557581824508,1.895329174636873
125,1569546000,162,56,0,218,39,-0.5990557581824508,-0.6083989117474514
125,1569560400,18,18,0,36,39,-0.5990557581824508,-1.2466041102375733
125,1569574800,81,356,275,437,39,1.868524130193907,0.15955129962253048
125,1569589200,203,393,190,596,39,1.1058176192412146,0.7171041928089557
125,1569603600,552,178,0,730,39,-0.5990557581824508,1.1869915367522323
125,1569618000,693,140,0,833,39,-0.5990557581824508,1.5481735996340045
125,1569632400,150,76,0,226,39,-0.5990557581824508,-0.5803459359896438
125,1569646800,15,16,1,31,39,-0.5900827404065367,-1.264137220086203
125,1569661200,33,69,36,102,39,-0.2760271182495458,-1.015167060235661
125,1569675600,81,204,123,285,39,0.5046254282549747,-0.3734552397758131
125,1569690000,224,130,0,354,39,-0.5990557581824508,-0.13149832386472293
125,1569704400,211,114,0,325,39,-0.5990557581824508,-0.2331903609867753
125,1569718800,82,62,0,144,39,-0.5990557581824508,-0.8678889375071713
125,1569733200,10,27,17,37,39,-0.44651445599191236,-1.2430974882678474
125,1569747600,30,49,19,79,39,-0.4285684204400843,-1.0958193655393578
125,1569762000,78,141,63,219,39,-0.03375563829986703,-0.6048922897777255
125,1569776400,146,110,0,256,39,-0.5990557581824508,-0.4751472768978655
125,1569790800,155,81,0,236,39,-0.5990557581824508,-0.5452797162923844
125,1569805200,67,44,0,111,39,-0.5990557581824508,-0.9836074625081275
125,1569819600,10,11,1,21,39,-0.5900827404065367,-1.2992034397834624
125,1569834000,53,346,293,399,39,2.0300384501603594,0.026299664772944584
125,1569848400,188,338,150,526,39,0.7468969082046534,0.47164065492813956
125,1569862800,439,177,0,616,39,-0.5990557581824508,0.7872366322034746
125,1569877200,746,106,0,852,39,-0.5990557581824508,1.6147994170587976
125,1569891600,150,43,0,193,40,-0.592454504696612,-0.6732420459743186
125,1569906000,13,10,0,23,40,-0.592454504696612,-1.2684560390719701
125,1569920400,67,335,268,402,40,1.935471160528962,0.05852103965750023
125,1569934800,159,374,215,533,40,1.4355455625552478,0.5171859402209847
125,1569949200,404,163,0,567,40,-0.592454504696612,0.636228738840515
125,1569963600,765,108,0,873,40,-0.592454504696612,1.707613926416288
125,1569978000,146,45,0,191,40,-0.592454504696612,-0.6802445635401733
125,1569992400,8,10,2,18,40,-0.5735893877919435,-1.285962332986607
125,1570006800,76,273,197,349,40,1.2657595104132318,-0.12704567583764997
125,1570021200,177,448,271,625,40,1.9637688358859648,0.8393017482503021
125,1570035600,487,174,0,661,40,-0.592454504696612,0.9653470644356872
125,1570050000,832,105,0,937,40,-0.592454504696612,1.9316944885236393
125,1570064400,159,55,0,214,40,-0.592454504696612,-0.5997156115328439
125,1570078800,12,10,0,22,40,-0.592454504696612,-1.2719572978548976
125,1570093200,80,385,305,465,40,2.284475823265329,0.2791003429819241
125,1570107600,175,395,220,570,40,1.482708354816919,0.6467325151892972
125,1570122000,514,187,0,701,40,-0.592454504696612,1.1053974157527817
125,1570136400,801,130,0,931,40,-0.592454504696612,1.9106869358260752
125,1570150800,166,54,0,220,40,-0.592454504696612,-0.5787080588352798
125,1570165200,14,9,0,23,40,-0.592454504696612,-1.2684560390719701
125,1570179600,78,366,288,444,40,2.1241223295756466,0.20557390854044946
125,1570194000,175,375,200,550,40,1.2940571857702343,0.5767073395307499
125,1570208400,559,190,0,749,40,-0.592454504696612,1.273457837333295
125,1570222800,725,146,0,871,40,-0.592454504696612,1.7006114088504334
125,1570237200,135,65,0,200,40,-0.592454504696612,-0.648733234493827
125,1570251600,20,24,4,44,40,-0.554724270887275,-1.1949296046304956
125,1570266000,25,67,42,92,40,-0.19628704969857425,-1.026869183049982
125,1570280400,89,194,105,283,40,0.3979641327984823,-0.35812875551085593
125,1570294800,221,196,0,417,40,-0.592454504696612,0.11103992140141067
125,1570309200,224,123,0,347,40,-0.592454504696612,-0.1340481934035047
125,1570323600,104,61,0,165,40,-0.592454504696612,-0.7712772918962847
125,1570338000,19,15,0,34,40,-0.592454504696612,-1.229942192459769
125,1570352400,22,31,9,53,40,-0.5075614786256039,-1.1634182755841493
125,1570366800,102,117,15,219,40,-0.45096612791159846,-0.5822093176182072
125,1570381200,201,129,0,330,40,-0.592454504696612,-0.19356959271326987
125,1570395600,122,92,0,214,40,-0.592454504696612,-0.5997156115328439
125,1570410000,63,29,0,92,40,-0.592454504696612,-1.026869183049982
125,1570424400,9,15,6,24,40,-0.5358591539826065,-1.2649547802890428
125,1570438800,61,375,314,436,40,2.3693688493363365,0.17756383827703057
125,1570453200,170,347,177,517,40,1.077108341366547,0.46116579969414695
125,1570467600,481,173,0,654,40,-0.592454504696612,0.9408382529551956
125,1570482000,831,98,0,929,40,-0.592454504696612,1.9036844182602206
125,1570496400,140,38,0,178,41,-0.5944457191432376,-0.6853313791002924
125,1570510800,17,12,0,29,41,-0.5944457191432376,-1.2441856677467953
125,1570523178,52,225,173,277,41,1.2737763783246732,-0.31401208664389113
125,1570525200,86,191,105,277,41,0.539446305331506,-0.31401208664389113
125,1570539600,159,396,237,555,41,1.9649105646711835,0.7286824921730739
125,1570554000,540,187,0,727,41,-0.5944457191432376,1.3738028790670236
125,1570568400,858,120,0,978,41,-0.5944457191432376,2.3152285599413336
125,1570582800,156,73,0,229,41,-0.5944457191432376,-0.4940456829863887
125,1570597200,19,14,0,33,41,-0.5944457191432376,-1.229182868051587
125,1570611600,52,358,306,410,41,2.710039609326015,0.1848310032217792
125,1570626000,153,316,163,469,41,1.165786661708031,0.4061222987260991
125,1570640400,420,144,0,564,41,-0.5944457191432376,0.7624387914872922
125,1570654800,791,125,0,916,41,-0.5944457191432376,2.0826851646656075
125,1570669200,153,65,0,218,41,-0.5944457191432376,-0.535303382148211
125,1570683600,17,8,0,25,41,-0.5944457191432376,-1.2591884674420033
125,1570698000,78,374,296,452,41,2.6020498927093727,0.34236040002146456
125,1570712400,188,406,218,594,41,1.7597301030995633,0.8749597892013532
125,1570726800,477,173,0,650,41,-0.5944457191432376,1.084998984934267
125,1570741200,822,111,0,933,41,-0.5944457191432376,2.146447063370242
125,1570755600,139,56,0,195,41,-0.5944457191432376,-0.6215694803956578
125,1570770000,19,16,0,35,41,-0.5944457191432376,-1.221681468203983
125,1570784400,76,325,249,401,41,2.0944982246111543,0.15107470390756092
125,1570798800,204,371,167,575,41,1.2089825483546879,0.8036964906491146
125,1570813200,542,200,0,742,41,-0.5944457191432376,1.4300633779240541
125,1570827600,650,136,0,786,41,-0.5944457191432376,1.5950941745713434
125,1570842000,145,96,0,241,41,-0.5944457191432376,-0.4490372839007643
125,1570856400,29,28,0,57,41,-0.5944457191432376,-1.1391660698803383
125,1570870800,25,55,30,80,41,-0.2704765692933109,-1.0528999716328915
125,1570885200,108,164,56,272,41,0.01029669390995895,-0.3327655862629013
125,1570899600,168,134,0,302,41,-0.5944457191432376,-0.22024458854884033
125,1570914000,192,120,0,312,41,-0.5944457191432376,-0.18273758931082
125,1570928400,93,64,0,157,41,-0.5944457191432376,-0.7640960775001351
125,1570942800,20,28,8,48,41,-0.5080539458499238,-1.1729223691945565
125,1570957200,21,46,25,67,41,-0.324471427601632,-1.101659070642318
125,1570971600,116,133,17,249,41,-0.4108632008949458,-0.41903168451034806
125,1570986000,135,130,0,265,41,-0.5944457191432376,-0.3590204857295155
125,1571000400,146,98,0,244,41,-0.5944457191432376,-0.4377851841293582
125,1571014800,63,48,0,111,41,-0.5944457191432376,-0.9366282739950286
125,1571029200,11,11,0,22,41,-0.5944457191432376,-1.2704405672134094
125,1571043600,57,242,185,299,41,1.403364038264644,-0.23149668832024642
125,1571058000,135,267,132,402,41,0.8310185401964401,0.15482540383136295
125,1571072400,304,176,0,480,41,-0.5944457191432376,0.4473799978879215
125,1571086800,544,111,0,655,41,-0.5944457191432376,1.1037524845532771
125,1571101200,109,38,0,147,42,-0.5766410784993563,-0.8259919020039231
125,1571115600,14,5,0,19,42,-0.5766410784993563,-1.2532317693687942
125,1571130000,104,417,313,521,42,2.408363642855581,0.42234958545280943
125,1571144400,195,396,201,591,42,1.3402469374506192,0.6559963879179733
125,1571158800,514,200,0,714,42,-0.5766410784993563,1.066547197963904
125,1571173200,841,130,0,971,42,-0.5766410784993563,1.924364744157434
125,1571187600,166,48,0,214,42,-0.5766410784993563,-0.6023585339301234
125,1571202000,21,12,0,33,42,-0.5766410784993563,-1.2065024088757614
125,1571216400,85,400,315,485,42,2.427437155452098,0.30218837275643945
125,1571230800,165,373,208,538,42,1.4070042315384292,0.47909238033720636
125,1571245200,517,196,0,713,42,-0.5766410784993563,1.063209386500116
125,1571259600,875,122,0,997,42,-0.5766410784993563,2.0111478422159235
125,1571274000,147,57,0,204,42,-0.5766410784993563,-0.6357366485680039
125,1571288400,13,19,6,32,42,-0.5194205407098048,-1.2098402203395495
125,1571302800,77,390,313,467,42,2.408363642855581,0.24210776640825446
125,1571317200,203,365,162,568,42,0.9683134418185344,0.579226724250848
125,1571331600,523,184,0,707,42,-0.5766410784993563,1.0431825177173877
125,1571346000,822,156,0,978,42,-0.5766410784993563,1.9477294244039505
125,1571360400,197,57,0,254,42,-0.5766410784993563,-0.46884607537860123
125,1571374800,22,16,0,38,42,-0.5766410784993563,-1.189813351556821
125,1571388303,68,288,220,356,42,1.5214453071175325,-0.12838930607221963
125,1571389200,81,48,0,129,42,-0.5766410784993563,-0.8860725083521082
125,1571403600,185,415,230,600,42,1.6168128701001183,0.6860366910920658
125,1571418000,540,198,0,738,42,-0.5766410784993563,1.1466546730948173
125,1571432400,685,132,0,817,42,-0.5766410784993563,1.4103417787340737
125,1571446800,165,80,0,245,42,-0.5766410784993563,-0.49888637855269374
125,1571461200,26,32,6,58,42,-0.5194205407098048,-1.12305712228106
125,1571475600,25,47,22,72,42,-0.36683243993766745,-1.0763277617880271
125,1571490000,108,173,65,281,42,0.04324808088745172,-0.37872516585632376
125,1571504400,202,188,0,390,42,-0.5766410784993563,-0.014903716303425761
125,1571518800,227,100,0,327,42,-0.5766410784993563,-0.22518583852207322
125,1571533200,116,55,0,171,42,-0.5766410784993563,-0.7458844268730098
125,1571547600,21,25,4,46,42,-0.5384940533063219,-1.1631108598465167
125,1571562000,18,26,8,44,42,-0.5003470281132877,-1.1697864827740927
125,1571576400,98,143,45,241,42,-0.14748704507771998,-0.5122376244078459
125,1571590800,137,102,0,239,42,-0.5766410784993563,-0.5189132473354221
125,1571605200,134,96,0,230,42,-0.5766410784993563,-0.5489535505095146
125,1571619600,57,41,0,98,42,-0.5766410784993563,-0.9895446637295378
125,1571634000,11,10,0,21,42,-0.5766410784993563,-1.246556146441218
125,1571648400,73,331,258,404,42,1.8838420464513586,0.03182564418960701
125,1571662800,189,413,224,602,42,1.5595923323105667,0.6927123140196418
125,1571677200,535,163,0,698,42,-0.5766410784993563,1.0131422145432951
125,1571691600,846,118,0,964,42,-0.5766410784993563,1.9010000639109177
125,1571706000,151,54,0,205,43,-0.5787036221863521,-0.6555161332197114
125,1571720400,21,9,0,30,43,-0.5787036221863521,-1.2392383986867428
125,1571734800,77,356,279,433,43,2.0456187635642955,0.10499058978876406
125,1571749200,163,367,204,530,43,1.3401557566420783,0.42853950264763296
125,1571763600,497,189,0,686,43,-0.5787036221863521,0.9488862078639583
125,1571778000,831,116,0,947,43,-0.5787036221863521,1.8194662723605024
125,1571792400,135,51,0,186,43,-0.5787036221863521,-0.7188916934704176
125,1571806800,16,11,0,27,43,-0.5787036221863521,-1.2492450660947492
125,1571821200,86,421,335,507,43,2.5723644753995507,0.35182171918625166
125,1571835600,189,396,207,585,43,1.368374276918967,0.6119950717944143
125,1571850000,488,192,0,680,43,-0.5787036221863521,0.9288728730479457
125,1571864400,871,126,0,997,43,-0.5787036221863521,1.98624406249394
125,1571878800,168,62,0,230,43,-0.5787036221863521,-0.5721272381529925
125,1571893200,13,11,0,24,43,-0.5787036221863521,-1.2592517335027553
125,1571907600,85,370,285,455,43,2.1020558041180726,0.1783728174474766
125,1571922000,173,408,235,581,43,1.6317471328365947,0.5986528485837393
125,1571936400,522,197,0,719,43,-0.5787036221863521,1.058959549352027
125,1571950800,875,142,0,1017,43,-0.5787036221863521,2.052955178547315
125,1571965200,168,56,0,224,43,-0.5787036221863521,-0.592140572969005
125,1571979600,26,16,0,42,43,-0.5787036221863521,-1.1992117290547177
125,1571994000,78,351,273,429,43,1.989181723010518,0.09164836657808906
125,1572008400,201,381,180,582,43,1.114407594426969,0.6019884043864081
125,1572022800,566,246,0,812,43,-0.5787036221863521,1.3691662390002208
125,1572037200,686,138,0,824,43,-0.5787036221863521,1.4091929086322459
125,1572051600,155,73,0,228,43,-0.5787036221863521,-0.57879834975833
125,1572066000,30,26,0,56,43,-0.5787036221863521,-1.1525139478173554
125,1572080400,31,80,49,111,43,-0.11780112433050356,-0.969058378670574
125,1572094800,117,160,43,277,43,-0.17423816488428093,-0.4153561154275612
125,1572109200,213,196,0,409,43,-0.5787036221863521,0.02493725052471402
125,1572123600,196,117,0,313,43,-0.5787036221863521,-0.2952761065314861
125,1572138000,126,69,0,195,43,-0.5787036221863521,-0.6888716912463988
125,1572152400,22,30,8,52,43,-0.5034542347813156,-1.1658561710280304
125,1572166800,26,41,15,67,43,-0.4376110208019086,-1.115822833987999
125,1572181200,93,92,0,185,43,-0.5787036221863521,-0.7222272492730863
125,1572195600,129,107,0,236,43,-0.5787036221863521,-0.55211390333698
125,1572210000,134,68,0,202,43,-0.5787036221863521,-0.6655228006277176
125,1572224400,63,50,0,113,43,-0.5787036221863521,-0.9623872670652365
125,1572238800,9,8,0,17,43,-0.5787036221863521,-1.2826006241214367
125,1572253200,77,325,248,402,43,1.7540273873697791,0.001588359906032757
125,1572267600,202,425,223,627,43,1.51887305172904,0.7520884155065019
125,1572282000,507,153,0,660,43,-0.5787036221863521,0.8621617569945706
125,1572296400,836,126,0,962,43,-0.5787036221863521,1.8694996094005336
125,1572310800,46,25,0,71,44,-0.5360974144151236,-0.99324764420288
125,1572325200,0,4,4,4,44,-0.49635144547349047,-1.1938360517518183
125,1572339600,87,421,334,508,44,2.7826909922112466,0.315067790108851
125,1572354000,226,390,164,616,44,1.0934873121918365,0.638404327650423
125,1572368400,529,197,0,726,44,-0.5360974144151236,0.9677285788501723
125,1572382800,876,129,0,1005,44,-0.5360974144151236,1.8030146341658997
125,1572397200,69,23,0,92,44,-0.5360974144151236,-0.9303766507920188
125,1572411600,0,1,1,1,44,-0.5261609221797153,-1.202817622239084
125,1572426000,178,393,215,571,44,1.6002484161976593,0.5036807703414347
125,1572440400,320,376,56,696,44,0.020346150767740826,0.8779128739775134
125,1572454800,758,192,0,950,44,-0.5360974144151236,1.638352508566025
125,1572469200,822,153,0,975,44,-0.5360974144151236,1.7131989292932408
125,1572483600,49,27,0,76,44,-0.5360974144151236,-0.978278360057437
125,1572498000,2,7,5,9,44,-0.48641495323808215,-1.178866767606375
125,1572512400,90,307,217,397,44,1.620121400668476,-0.017250317919986855
125,1572526800,163,391,228,554,44,1.7294228152579671,0.452785204246928
125,1572541200,518,138,0,656,44,-0.5360974144151236,0.7581586008139681
125,1572555600,789,119,0,908,44,-0.5360974144151236,1.5126105217443029
125,1572570000,46,40,0,86,44,-0.5360974144151236,-0.9483397917665506
125,1572584400,0,1,1,1,44,-0.5261609221797153,-1.202817622239084
125,1572598800,77,354,277,431,44,2.2163109347929737,0.08454081426902654
125,1572613200,192,357,165,549,44,1.1034238044272449,0.43781592010148485
125,1572627600,595,162,0,757,44,-0.5360974144151236,1.0605381405519196
125,1572642000,701,124,0,825,44,-0.5360974144151236,1.2641204049299466
125,1572656400,121,71,0,192,44,-0.5360974144151236,-0.6309909678831559
125,1572670800,24,20,0,44,44,-0.5360974144151236,-1.074081778588273
125,1572685200,30,48,18,78,44,-0.35724055417777434,-0.9722906463992597
125,1572699600,122,163,41,285,44,-0.12870123276338358,-0.35256228277791335
125,1572714000,270,205,0,475,44,-0.5360974144151236,0.21627051474892625
125,1572728400,208,133,0,341,44,-0.5360974144151236,-0.18490630034895011
125,1572742800,97,69,0,166,44,-0.5360974144151236,-0.7088312454394603
125,1572753600,21,35,14,56,44,-0.3969865231194075,-1.0381554966392095
125,1572768000,27,68,41,95,44,-0.12870123276338358,-0.9213950803047529
125,1572782400,93,107,14,200,44,-0.3969865231194075,-0.6070401132504468
125,1572796800,152,141,0,293,44,-0.5360974144151236,-0.32861142814520433
125,1572811200,189,102,0,291,44,-0.5360974144151236,-0.3345991418033816
125,1572825600,84,49,0,133,44,-0.5360974144151236,-0.8076285207993851
125,1572840000,20,12,0,32,44,-0.5360974144151236,-1.1100080605373366
125,1572854400,56,147,91,203,44,0.3681233790070311,-0.5980585427631809
125,1572868800,186,566,380,752,44,3.239769635040028,1.0455688564064767
125,1572883200,429,178,0,607,44,-0.5360974144151236,0.6114596161886253
125,1572897600,1059,150,0,1209,44,-0.5360974144151236,2.41376142729998
125,1572912000,173,46,0,219,45,-0.4919523166771621,-0.5119146412347326
125,1572926400,51,14,0,65,45,-0.4919523166771621,-0.900354798379999
125,1572940800,57,154,97,211,45,0.4100340641251594,-0.5320933506968244
125,1572955200,225,504,279,729,45,2.1024208817130203,0.774478086973617
125,1572969600,527,145,0,672,45,-0.4919523166771621,0.6307047820562132
125,1572984000,1419,126,0,1545,45,-0.4919523166771621,2.8327064521069762
125,1572998400,258,71,0,329,45,-0.4919523166771621,-0.23445738613097092
125,1573012800,48,12,0,60,45,-0.4919523166771621,-0.9129664917938063
125,1573027200,81,151,70,232,45,0.1589656900873998,-0.4791242383588335
125,1573041600,282,577,295,859,45,2.251202140402063,1.1023821157326081
125,1573056000,631,179,0,810,45,-0.4919523166771621,0.978787520277296
125,1573070400,1580,177,0,1757,45,-0.4919523166771621,3.367442252852408
125,1573084800,220,49,0,269,45,-0.4919523166771621,-0.3857977070966591
125,1573099200,53,8,0,61,45,-0.4919523166771621,-0.9104441531110449
125,1573113600,47,158,111,205,45,0.5402176654780718,-0.5472273827933932
125,1573128000,201,566,365,767,45,2.9021201471666247,0.8703269569185528
125,1573142400,342,153,0,495,45,-0.4919523166771621,0.18425083520743304
125,1573156800,963,191,0,1154,45,-0.4919523166771621,1.8464720271472417
125,1573171200,223,68,0,291,45,-0.4919523166771621,-0.3303062560759068
125,1573185600,53,21,0,74,45,-0.4919523166771621,-0.8776537502351457
125,1573200000,56,137,81,193,45,0.2612528054361167,-0.5774954469865308
125,1573214400,127,559,432,686,45,3.525141667926991,0.6660175236148738
125,1573228800,413,170,0,583,45,-0.4919523166771621,0.4062166392904424
125,1573243200,840,152,0,992,45,-0.4919523166771621,1.4378531605398834
125,1573257600,170,67,0,237,45,-0.4919523166771621,-0.46651254494502614
125,1573272000,43,29,0,72,45,-0.4919523166771621,-0.8826984276006686
125,1573286400,21,37,16,58,45,-0.34317105798811937,-0.9180111691593292
125,1573300800,87,153,66,240,45,0.12177037541513913,-0.45894552889674173
125,1573315200,205,166,0,371,45,-0.4919523166771621,-0.1285191614549892
125,1573329600,218,126,0,344,45,-0.4919523166771621,-0.19662230588954888
125,1573344000,138,75,0,213,45,-0.4919523166771621,-0.5270486733313015
125,1573358400,36,48,12,84,45,-0.38036637266038004,-0.852430363407531
125,1573372800,21,28,7,49,45,-0.4268605160007059,-0.9407122173041824
125,1573387200,81,93,12,174,45,-0.38036637266038004,-0.6254198819589988
125,1573401600,132,143,11,275,45,-0.38966520132844523,-0.3706636750000903
125,1573416000,160,102,0,262,45,-0.4919523166771621,-0.4034540778759894
125,1573430400,68,69,1,137,45,-0.4826534880090969,-0.7187464132211732
125,1573444800,20,17,0,37,45,-0.4919523166771621,-0.9709802814973201
125,1573459200,30,133,103,163,45,0.4658270361335504,-0.6531656074693749
125,1573473600,123,387,264,510,45,1.962938451692043,0.2220859154488551
125,1573488000,258,161,0,419,45,-0.4919523166771621,-0.007446904682438652
125,1573502400,677,142,0,819,45,-0.4919523166771621,1.0014885684221493
125,1573516800,159,61,0,220,46,-0.4898781902114325,-0.5072194624914237
125,1573531200,40,12,0,52,46,-0.4898781902114325,-1.0206236408502654
125,1573545600,45,144,99,189,46,0.306413254237018,-0.6019547573076385
125,1573560000,155,540,385,695,46,2.60681076042143,0.9443697322731585
125,1573574400,365,174,0,539,46,-0.4898781902114325,0.46763728093994833
125,1573588800,985,137,0,1122,46,-0.4898781902114325,2.2492720189352147
125,1573603200,215,76,0,291,46,-0.4898781902114325,-0.29024507758977036
125,1573617600,37,14,0,51,46,-0.4898781902114325,-1.0236796181024013
125,1573632000,44,156,112,200,46,0.4109767772454003,-0.5683390075341429
125,1573646400,145,579,434,724,46,3.0009348086837946,1.0329930725851013
125,1573660800,337,171,0,508,46,-0.4898781902114325,0.3729019861237335
125,1573675200,946,170,0,1116,46,-0.4898781902114325,2.2309361554223988
125,1573689600,232,56,0,288,46,-0.4898781902114325,-0.29941300934617826
125,1573704000,51,16,0,67,46,-0.4898781902114325,-0.9747839820682259
125,1573718400,45,144,99,189,46,0.306413254237018,-0.6019547573076385
125,1573732800,162,499,337,661,46,2.2207300600827877,0.8404665057005357
125,1573747200,349,154,0,503,46,-0.4898781902114325,0.3576220998630537
125,1573761600,949,155,0,1104,46,-0.4898781902114325,2.194264428396767
125,1573776000,245,70,0,315,46,-0.4898781902114325,-0.21690162353850725
125,1573790400,37,10,0,47,46,-0.4898781902114325,-1.0359035271109451
125,1573804800,48,130,82,178,46,0.1696763395337487,-0.6355705070811342
125,1573819200,165,508,343,673,46,2.268990147625118,0.8771382327261673
125,1573833600,387,196,0,583,46,-0.4898781902114325,0.6021002800339307
125,1573848000,831,170,0,1001,46,-0.4898781902114325,1.879498771426763
125,1573862400,176,105,0,281,46,-0.4898781902114325,-0.32080485011112997
125,1573876800,56,31,0,87,46,-0.4898781902114325,-0.9136644370255067
125,1573891200,28,46,18,74,46,-0.34509792758444147,-0.9533921413032742
125,1573905600,87,152,65,239,46,0.03293942483047943,-0.4491558947008404
125,1573920000,195,138,0,333,46,-0.4898781902114325,-0.16189403300005994
125,1573934400,210,108,0,318,46,-0.4898781902114325,-0.20773369178209938
125,1573948800,88,64,0,152,46,-0.4898781902114325,-0.7150259156366692
125,1573963200,27,30,3,57,46,-0.4657481464402673,-1.0053437545895856
125,1573977600,15,18,3,33,46,-0.4657481464402673,-1.0786872086408488
125,1573992000,64,104,40,168,46,-0.16814427326256362,-0.6661302796024937
125,1574006400,160,101,0,261,46,-0.4898781902114325,-0.38192439515384924
125,1574020800,152,96,0,248,46,-0.4898781902114325,-0.42165209943161674
125,1574035200,77,57,0,134,46,-0.4898781902114325,-0.7700335061751165
125,1574049600,18,8,0,26,46,-0.4898781902114325,-1.1000790494058004
125,1574064000,46,161,115,207,46,0.4351068210165655,-0.5469471667691912
125,1574078400,146,569,423,715,46,2.9124579815228557,1.0054892773158777
125,1574092800,335,145,0,480,46,-0.4898781902114325,0.28733462306392654
125,1574107200,919,163,0,1082,46,-0.4898781902114325,2.127032928849776
125,1574121600,183,50,0,233,47,-0.48262416325236,-0.4529291520196572
125,1574136000,40,11,0,51,47,-0.48262416325236,-0.9890379222330762
125,1574150400,47,131,84,178,47,0.18667538389949775,-0.614940044117119
125,1574164800,137,579,442,716,47,3.039166311046701,0.9698210458544163
125,1574179200,347,126,0,473,47,-0.48262416325236,0.2540274680419942
125,1574193600,971,170,0,1141,47,-0.48262416325236,2.221723393880257
125,1574208000,207,64,0,271,47,-0.48262416325236,-0.34099435384322907
125,1574222400,42,16,0,58,47,-0.48262416325236,-0.9684183541479447
125,1574236800,44,150,106,194,47,0.36196812243927,-0.5678096027796756
125,1574251200,161,561,400,722,47,2.7045165374707723,0.9874949613559575
125,1574265600,382,155,0,537,47,-0.48262416325236,0.4425492333917679
125,1574280000,1003,143,0,1146,47,-0.48262416325236,2.236451656798208
125,1574294400,198,51,0,249,47,-0.48262416325236,-0.4057987106822138
125,1574308800,51,14,0,65,47,-0.48262416325236,-0.9477987860628132
125,1574323200,44,128,84,172,47,0.18667538389949775,-0.6326139596186603
125,1574337600,158,541,383,699,47,2.5690630576900393,0.9197449519333826
125,1574352000,380,162,0,542,47,-0.48262416325236,0.457277496309719
125,1574366400,925,170,0,1095,47,-0.48262416325236,2.0862233750351074
125,1574380800,239,67,0,306,47,-0.48262416325236,-0.2378965134175716
125,1574395200,40,15,0,55,47,-0.48262416325236,-0.9772553118987154
125,1574409600,40,147,107,187,47,0.3699359741910779,-0.5884291708648071
125,1574424000,168,532,364,700,47,2.4176738744056903,0.9226906045169728
125,1574438400,398,178,0,576,47,-0.48262416325236,0.5574296841517863
125,1574452800,836,148,0,984,47,-0.48262416325236,1.7592559382565935
125,1574467200,173,79,0,252,47,-0.48262416325236,-0.39696175293144315
125,1574481600,40,18,0,58,47,-0.48262416325236,-0.9684183541479447
125,1574496000,18,40,22,58,47,-0.30733142471258773,-0.9684183541479447
125,1574510400,91,120,29,211,47,-0.2515564624499329,-0.5177335088586419
125,1574524800,200,134,0,334,47,-0.48262416325236,-0.15541824107704558
125,1574539200,194,120,0,314,47,-0.48262416325236,-0.21433129274884988
125,1574553600,106,67,0,173,47,-0.48262416325236,-0.62966830703507
125,1574568000,38,24,0,62,47,-0.48262416325236,-0.9566357438135838
125,1574582400,18,17,0,35,47,-0.48262416325236,-1.0361683635705197
125,1574596800,56,63,7,119,47,-0.4268492009897052,-0.7887335465489417
125,1574611200,98,120,22,218,47,-0.30733142471258773,-0.49711394077351045
125,1574625600,125,78,0,203,47,-0.48262416325236,-0.5412987295273637
125,1574640000,59,37,0,96,47,-0.48262416325236,-0.8564835559715166
125,1574654400,10,10,0,20,47,-0.48262416325236,-1.0803531523243728
125,1574668800,40,147,107,187,47,0.3699359741910779,-0.5884291708648071
125,1574683200,166,527,361,693,47,2.393770319150267,0.9020710364318413
125,1574697600,381,407,26,788,47,-0.2754600177053564,1.1819080318729116
125,1574712000,912,161,0,1073,47,-0.48262416325236,2.0214190181961227
125,1574726400,167,52,0,219,48,-0.38272494238307414,-0.13718781906165894
125,1574740800,29,8,0,37,48,-0.38272494238307414,-0.8515363809876267
125,1574755200,46,150,104,196,48,0.690969693666552,-0.2274626373270285
125,1574769600,146,546,400,692,48,3.74686981165395,1.7193334435261585
125,1574784000,358,176,0,534,48,-0.38272494238307414,1.0991846919640544
125,1574798400,885,126,0,1011,48,-0.38272494238307414,2.9714059229458494
125,1574812800,183,58,0,241,48,-0.38272494238307414,-0.050837992894783725
125,1574827200,34,16,0,50,48,-0.38272494238307414,-0.8005114837072005
125,1574841600,39,128,89,167,48,0.5361098903901637,-0.34128740818336406
125,1574856000,161,425,264,586,48,2.3428075952813616,1.3032842810857597
125,1574870400,514,180,0,694,48,-0.38272494238307414,1.727183427723147
125,1574884800,456,128,0,584,48,-0.38272494238307414,1.2954342968887709
125,1574899200,109,65,0,174,48,-0.38272494238307414,-0.31381246349390374
125,1574913600,21,21,0,42,48,-0.38272494238307414,-0.8319114204951551
125,1574928000,16,25,9,41,48,-0.28980906041724114,-0.8358364125936494
125,1574942400,34,49,15,83,48,-0.22786513910668577,-0.6709867444568877
125,1574956800,100,85,0,185,48,-0.38272494238307414,-0.2706375504104661
125,1574971200,69,40,0,109,48,-0.38272494238307414,-0.568936949896035
125,1574985600,54,36,0,90,48,-0.38272494238307414,-0.6435117997674273
125,1575000000,11,13,2,24,48,-0.36207696861288907,-0.902561278268053
125,1575014400,29,59,30,88,48,-0.07300533583029736,-0.651361783964416
125,1575028800,102,165,63,267,48,0.2676862313777571,0.05121180166606881
125,1575043200,204,135,0,339,48,-0.38272494238307414,0.33381123275766045
125,1575057600,243,76,0,319,48,-0.38272494238307414,0.2553113907877739
125,1575072000,96,58,0,154,48,-0.38272494238307414,-0.3923123054637903
125,1575086400,27,11,0,38,48,-0.38272494238307414,-0.8476113888891325
125,1575100800,13,16,3,29,48,-0.3517529817277965,-0.8829363177755813
125,1575115200,57,103,46,160,48,0.09217845433118359,-0.36876235287282433
125,1575129600,126,93,0,219,48,-0.38272494238307414,-0.13718781906165894
125,1575144000,132,101,0,233,48,-0.38272494238307414,-0.08223792968273835
125,1575158400,71,70,0,141,48,-0.38272494238307414,-0.44333720274421656
125,1575172800,13,14,1,27,48,-0.37240095549798163,-0.89078630197257
125,1575187200,16,16,0,32,48,-0.38272494238307414,-0.8711613414800984
125,1575201600,52,81,29,133,48,-0.08332932271538993,-0.4747371395321712
125,1575216000,89,76,0,165,48,-0.38272494238307414,-0.3491373923803527
125,1575230400,94,66,0,160,48,-0.38272494238307414,-0.36876235287282433
125,1575244800,42,29,0,71,48,-0.38272494238307414,-0.7180866496388195
125,1575259200,14,7,0,21,48,-0.38272494238307414,-0.914336254563536
125,1575273600,44,109,65,153,48,0.2883342051479422,-0.39623729756228465
125,1575288000,133,570,437,703,48,4.1288573264023745,1.762508356609596
125,1575302400,367,151,0,518,48,-0.38272494238307414,1.0363848183881452
125,1575316800,812,125,0,937,48,-0.38272494238307414,2.680956507657269
125,1575331200,95,26,0,121,49,-0.4533747674697177,-0.522821085129884
125,1575345600,2,4,2,6,49,-0.4388224249143275,-0.8322092058328172
125,1575360000,48,141,93,189,49,0.223309161355929,-0.3398785441924975
125,1575374400,147,548,401,695,49,2.464369914886028,1.0214291869004082
125,1575388800,374,130,0,504,49,-0.4533747674697177,0.5075758733851019
125,1575403200,964,175,0,1139,49,-0.4533747674697177,2.215936365962168
125,1575417600,145,26,0,171,49,-0.4533747674697177,-0.3883045109112175
125,1575432000,1,2,1,3,49,-0.4460985961920226,-0.8402802002859372
125,1575446400,42,145,103,187,49,0.29607087413288025,-0.3452592071612442
125,1575460800,160,573,413,733,49,2.5516839702183693,1.123661783306595
125,1575475200,388,166,0,554,49,-0.4533747674697177,0.6420924476037685
125,1575489600,992,139,0,1131,49,-0.4533747674697177,2.194413714087181
125,1575504000,128,27,0,155,49,-0.4533747674697177,-0.43134981466119077
125,1575518400,2,3,1,5,49,-0.4460985961920226,-0.8348995373171905
125,1575532800,48,128,80,176,49,0.12871893474589233,-0.3748528534893508
125,1575547200,133,580,447,713,49,2.7990737936600034,1.0698551536191283
125,1575561600,362,182,0,544,49,-0.4533747674697177,0.6151891327600352
125,1575576000,925,150,0,1075,49,-0.4533747674697177,2.0437551509622742
125,1575590400,149,37,0,186,49,-0.4533747674697177,-0.3479495386456175
125,1575604800,1,5,4,6,49,-0.4242700823589372,-0.8322092058328172
125,1575619200,42,137,95,179,49,0.23786150391131922,-0.36678185903623084
125,1575633600,138,554,416,692,49,2.5735124840514545,1.0133581924472883
125,1575648000,412,163,0,575,49,-0.4533747674697177,0.6985894087756085
125,1575662400,857,151,0,1008,49,-0.4533747674697177,1.8635029415092612
125,1575676800,118,32,0,150,49,-0.4533747674697177,-0.4448014720830574
125,1575691200,0,1,1,1,49,-0.4460985961920226,-0.8456608632546838
125,1575705600,0,1,1,1,49,-0.4460985961920226,-0.8456608632546838
125,1575720000,0,0,0,0,49,-0.4533747674697177,-0.8483511947390572
125,1575734400,1,0,0,1,49,-0.4533747674697177,-0.8456608632546838
125,1575748800,1,0,0,1,49,-0.4533747674697177,-0.8456608632546838
125,1575763200,1,0,0,1,49,-0.4533747674697177,-0.8456608632546838
125,1575777600,0,2,2,2,49,-0.4388224249143275,-0.8429705317703106
125,1575792000,1,0,0,1,49,-0.4533747674697177,-0.8456608632546838
125,1575806400,0,0,0,0,49,-0.4533747674697177,-0.8483511947390572
125,1575820800,1,0,0,1,49,-0.4533747674697177,-0.8456608632546838
125,1575835200,2,0,0,2,49,-0.4533747674697177,-0.8429705317703106
125,1575849600,1,1,0,2,49,-0.4533747674697177,-0.8429705317703106
125,1575864000,1,1,0,2,49,-0.4533747674697177,-0.8429705317703106
125,1575878400,35,137,102,172,49,0.2887947028551851,-0.3856141794268441
125,1575892800,122,577,455,699,49,2.8572831638815646,1.0321905128379016
125,1575907200,312,109,0,421,49,-0.4533747674697177,0.28427836018211544
125,1575921600,888,152,0,1040,49,-0.4533747674697177,1.9495935490092078
125,1575936000,120,25,0,145,50,-0.45722145907596945,-0.3788357261983063
125,1575950400,2,7,5,9,50,-0.4205179015813389,-0.7549062281177928
125,1575964800,50,131,81,181,50,0.13737617233704588,-0.27928765216079515
125,1575979200,105,566,461,671,50,2.92684654192897,1.0756722444608844
125,1575993600,143,27,0,170,50,-0.45722145907596945,-0.30970511922781246
125,1576008000,936,139,0,1075,50,-0.45722145907596945,2.192822853104065
125,1576022400,151,33,0,184,50,-0.45722145907596945,-0.2709919793243359
125,1576036800,0,2,2,2,50,-0.44254003607811726,-0.7742627980695311
125,1576051200,45,143,98,188,50,0.2621682678187898,-0.25993108220905686
125,1576065600,113,547,434,660,50,2.7286473314579647,1.045254777393867
125,1576080000,214,37,0,251,50,-0.45722145907596945,-0.08572195264341238
125,1576094400,1008,192,0,1200,50,-0.45722145907596945,2.538475887956534
125,1576108800,157,29,0,186,50,-0.45722145907596945,-0.2654615307666964
125,1576123200,0,7,7,7,50,-0.40583647858348665,-0.7604366766754324
125,1576137600,38,126,88,164,50,0.18876115282952868,-0.326296464900731
125,1576152000,100,517,417,617,50,2.6038552359762206,0.9263501334046177
125,1576166400,232,23,0,255,50,-0.45722145907596945,-0.07466105552813336
125,1576180800,1003,149,0,1152,50,-0.45722145907596945,2.4057451225731863
125,1576195200,135,30,0,165,50,-0.45722145907596945,-0.32353124062191124
125,1576209600,0,4,4,4,50,-0.427858613080265,-0.7687323495118916
125,1576224000,37,129,92,166,50,0.21812399882523315,-0.3207660163430915
125,1576238400,80,462,382,542,50,2.3469303335138068,0.7189583124931361
125,1576252800,165,36,0,201,50,-0.45722145907596945,-0.2239831665844001
125,1576267200,834,156,0,990,50,-0.45722145907596945,1.9577787894043859
125,1576281600,133,48,0,181,50,-0.45722145907596945,-0.27928765216079515
125,1576296000,1,1,0,2,50,-0.45722145907596945,-0.7742627980695311
125,1576310400,0,7,7,7,50,-0.40583647858348665,-0.7604366766754324
125,1576324800,1,1,0,2,50,-0.45722145907596945,-0.7742627980695311
125,1576339200,0,2,2,2,50,-0.44254003607811726,-0.7742627980695311
125,1576353600,4,6,2,10,50,-0.44254003607811726,-0.7521410038389731
125,1576368000,2,4,2,6,50,-0.44254003607811726,-0.7632019009542521
125,1576382400,0,0,0,0,50,-0.45722145907596945,-0.7797932466271706
125,1576396800,0,2,2,2,50,-0.44254003607811726,-0.7742627980695311
125,1576411200,2,4,2,6,50,-0.44254003607811726,-0.7632019009542521
125,1576425600,0,1,1,1,50,-0.4498807475770434,-0.7770280223483509
125,1576440000,0,2,2,2,50,-0.44254003607811726,-0.7742627980695311
125,1576454400,0,1,1,1,50,-0.4498807475770434,-0.7770280223483509
125,1576468800,0,0,0,0,50,-0.45722145907596945,-0.7797932466271706
125,1576483200,37,138,101,175,50,0.2841904023155682,-0.2958789978337137
125,1576497600,136,559,423,695,50,2.6478995049697773,1.1420376271525585
125,1576512000,327,175,0,502,50,-0.45722145907596945,0.6083493413403459
125,1576526400,872,193,0,1065,50,-0.45722145907596945,2.1651706103158674
125,1576540800,93,38,0,131,51,-0.44037548878344135,-0.4679099313699554
125,1576555200,0,3,3,3,51,-0.41594250261579996,-0.8361013527758219
125,1576569600,36,109,73,145,51,0.1541605079624993,-0.4276389946536887
125,1576584000,135,597,462,732,51,3.3223043810333337,1.260863851949777
125,1576598400,306,153,0,459,51,-0.44037548878344135,0.47558058598257746
125,1576612800,876,177,0,1053,51,-0.44037548878344135,2.1842189009441766
125,1576627200,125,40,0,165,51,-0.44037548878344135,-0.37010908505902207
125,1576641600,1,2,1,3,51,-0.4322311600608942,-0.8361013527758219
125,1576656000,44,138,94,182,51,0.3251914111359891,-0.32120866190355546
125,1576670400,130,532,402,662,51,2.8336446576805057,1.0595091683684439
125,1576684800,319,161,0,480,51,-0.44037548878344135,0.5359869910569774
125,1576699200,876,172,0,1048,51,-0.44037548878344135,2.16983642354551
125,1576713600,114,35,0,149,51,-0.44037548878344135,-0.4161330127347554
125,1576728000,0,3,3,3,51,-0.41594250261579996,-0.8361013527758219
125,1576742400,31,124,93,155,51,0.3170470824134419,-0.3988740398563554
125,1576756800,126,560,434,686,51,3.094263176802014,1.128545059882044
125,1576771200,323,178,0,501,51,-0.44037548878344135,0.5963933961313774
125,1576785600,953,149,0,1102,51,-0.44037548878344135,2.32516717945111
125,1576800000,123,25,0,148,51,-0.44037548878344135,-0.41900950821448874
125,1576814400,0,1,1,1,51,-0.4322311600608942,-0.8418543437352886
125,1576828800,52,116,64,168,51,0.08086154945957512,-0.3614795986198221
125,1576843200,158,475,317,633,51,2.141376716264,0.9760907994561773
125,1576857600,447,180,0,627,51,-0.44037548878344135,0.9588318265777772
125,1576872000,843,160,0,1003,51,-0.44037548878344135,2.04039412695751
125,1576886400,95,39,0,134,51,-0.44037548878344135,-0.45928044493075537
125,1576900800,0,0,0,0,51,-0.44037548878344135,-0.8447308392150219
125,1576915200,0,1,1,1,51,-0.4322311600608942,-0.8418543437352886
125,1576929600,0,0,0,0,51,-0.44037548878344135,-0.8447308392150219
125,1576944000,2,0,0,2,51,-0.44037548878344135,-0.8389778482555552
125,1576958400,3,1,0,4,51,-0.44037548878344135,-0.8332248572960885
125,1576972800,3,1,0,4,51,-0.44037548878344135,-0.8332248572960885
125,1576987200,0,4,4,4,51,-0.4077981738932528,-0.8332248572960885
125,1577001600,1,3,2,4,51,-0.42408683133834707,-0.8332248572960885
125,1577016000,3,1,0,4,51,-0.44037548878344135,-0.8332248572960885
125,1577030400,1,1,0,2,51,-0.44037548878344135,-0.8389778482555552
125,1577044800,0,3,3,3,51,-0.41594250261579996,-0.8361013527758219
125,1577059200,3,0,0,3,51,-0.44037548878344135,-0.8361013527758219
125,1577073600,0,0,0,0,51,-0.44037548878344135,-0.8447308392150219
125,1577088000,35,103,68,138,51,0.11343886434976364,-0.44777446301182205
125,1577102400,142,388,246,530,51,1.5631293769631533,0.679811765043644
125,1577116800,306,201,0,507,51,-0.44037548878344135,0.6136523690097774
125,1577131200,619,136,0,755,51,-0.44037548878344135,1.3270232479836437
125,1577145600,64,23,0,87,52,-0.5409125535820197,-0.6844520899170743
125,1577160000,0,4,4,4,52,-0.4711173853778882,-1.1386254953517219
125,1577174400,35,81,46,116,52,0.2617318807654934,-0.5257649964519565
125,1577188800,110,254,144,364,52,1.9717135017667173,0.8312832511118097
125,1577203200,371,140,0,511,52,-0.5409125535820197,1.6356626559177516
125,1577217600,215,84,0,299,52,-0.5409125535820197,0.4756052830003387
125,1577232000,44,53,9,97,52,-0.3838734251227237,-0.6297324025153096
125,1577246400,9,13,4,22,52,-0.4711173853778882,-1.0401300580285453
125,1577260800,17,19,2,36,52,-0.506014969479954,-0.9635224956660746
125,1577275200,34,57,23,91,52,-0.13959033640826318,-0.6625642149563684
125,1577289600,107,67,0,174,52,-0.5409125535820197,-0.20839080952172087
125,1577304000,82,71,0,153,52,-0.5409125535820197,-0.32330215306542687
125,1577318400,46,60,14,106,52,-0.29662946486755926,-0.5804846838537213
125,1577332800,9,13,4,22,52,-0.4711173853778882,-1.0401300580285453
125,1577347200,26,90,64,116,52,0.5758101376840856,-0.5257649964519565
125,1577361600,93,287,194,380,52,2.844153104318362,0.9188347509546333
125,1577376000,244,132,0,376,52,-0.5409125535820197,0.8969468759939274
125,1577390400,444,100,0,544,52,-0.5409125535820197,1.8162376243435754
125,1577404800,48,29,0,77,52,-0.5409125535820197,-0.7391717773188391
125,1577419200,0,4,4,4,52,-0.4711173853778882,-1.1386254953517219
125,1577433600,31,78,47,109,52,0.27918067281652637,-0.5640687776331919
125,1577448000,83,268,185,351,52,2.687113975859066,0.7601476574895155
125,1577462400,309,174,0,483,52,-0.5409125535820197,1.4824475311928103
125,1577476800,478,90,0,568,52,-0.5409125535820197,1.9475648741078107
