remote_unit_id,time_stamp,entries,exits,num_people_exited,sum_exit_entry,week_num,z_score_num_people_exited,z_score_sum_exit_entry
189,1546311600,466,230,0,696,1,-0.4408851754492396,-0.15570325536266408
189,1546326000,141,48,0,189,1,-0.4408851754492396,-1.2834396906322454
189,1546340400,81,128,47,209,1,3.0264747302750594,-1.2389530462429128
189,1546354800,334,362,28,696,1,1.6247760449822577,-0.15570325536266408
189,1546369200,580,404,0,984,1,-0.4408851754492396,0.4849044238437253
189,1546383600,498,296,0,794,1,-0.4408851754492396,0.06228130214506563
189,1546398000,169,56,0,225,1,-0.4408851754492396,-1.2033637307314466
189,1546412400,46,78,32,124,1,1.9198705050439,-1.4280212848975762
189,1546426800,516,481,0,997,1,-0.4408851754492396,0.5138207426967915
189,1546441200,491,434,0,925,1,-0.4408851754492396,0.35366882289519413
189,1546455600,818,669,0,1487,1,-0.4408851754492396,1.60374353023544
189,1546470000,600,464,0,1064,1,-0.4408851754492396,0.6628510014010557
189,1546484400,222,56,0,278,1,-0.4408851754492396,-1.0854741230997154
189,1546498800,75,77,2,152,1,-0.2933379454184184,-1.3657399827525105
189,1546513200,599,496,0,1095,1,-0.4408851754492396,0.7318053002045212
189,1546527600,509,438,0,947,1,-0.4408851754492396,0.40260413172346
189,1546542000,846,697,0,1543,1,-0.4408851754492396,1.7283061345255712
189,1546556400,685,469,0,1154,1,-0.4408851754492396,0.8630409011530523
189,1546570800,279,86,0,365,1,-0.4408851754492396,-0.8919572200061184
189,1546585200,82,81,0,163,1,-0.4408851754492396,-1.3412723283383776
189,1546599600,636,497,0,1133,1,-0.4408851754492396,0.8163299245442531
189,1546614000,510,481,0,991,1,-0.4408851754492396,0.5004747493799917
189,1546628400,855,801,0,1656,1,-0.4408851754492396,1.9796556753253003
189,1546642800,775,539,0,1314,1,-0.4408851754492396,1.2189340562677131
189,1546657200,410,167,0,577,1,-0.4408851754492396,-0.420398789479193
189,1546671600,72,81,9,153,1,0.22307735968945588,-1.363515650533044
189,1546686000,189,228,39,417,1,2.4362858101517744,-0.7762919445938538
189,1546700400,404,406,2,810,1,-0.2933379454184184,0.09787061765653171
189,1546714800,625,635,10,1260,1,0.2968509747048665,1.098820116416515
189,1546729200,688,528,0,1216,1,-0.4408851754492396,1.0009494987599834
189,1546743600,434,188,0,622,1,-0.4408851754492396,-0.3203038396031947
189,1546758000,74,37,0,111,1,-0.4408851754492396,-1.4569376037506425
189,1546772400,159,192,33,351,1,1.9936441200593107,-0.9230978710786513
189,1546786800,430,479,49,909,1,3.1740219603058804,0.31807950738372803
189,1546801200,619,506,0,1125,1,-0.4408851754492396,0.79853526678852
189,1546815600,472,358,0,830,1,-0.4408851754492396,0.1423572620458643
189,1546830000,155,60,0,215,1,-0.4408851754492396,-1.225607052926113
189,1546844400,62,61,0,123,1,-0.4408851754492396,-1.4302456171170428
189,1546858800,662,478,0,1140,1,-0.4408851754492396,0.8319002500805195
189,1546873200,423,406,0,829,1,-0.4408851754492396,0.14013292982639766
189,1546887600,745,696,0,1441,1,-0.4408851754492396,1.501424248139975
189,1546902000,560,302,0,862,1,-0.4408851754492396,0.21353589306879645
189,1546916400,192,32,0,224,2,-0.3869187967438899,-1.1953887005057993
189,1546930800,62,79,17,141,2,1.1827404127739363,-1.3663406618597218
189,1546945200,681,520,0,1201,2,-0.3869187967438899,0.8169012542265179
189,1546959600,451,409,0,860,2,-0.3869187967438899,0.1145564491459446
189,1546974000,784,654,0,1438,2,-0.3869187967438899,1.3050411920684413
189,1546988400,626,437,0,1063,2,-0.3869187967438899,0.5326678726983094
189,1547002800,177,75,0,252,2,-0.3869187967438899,-1.1377181593261627
189,1547017200,72,92,20,164,2,1.4597390968064938,-1.3189684316050203
189,1547031600,599,533,0,1132,2,-0.3869187967438899,0.6747845634624137
189,1547046000,513,403,0,916,2,-0.3869187967438899,0.22989753150521763
189,1547060400,839,744,0,1583,2,-0.3869187967438899,1.603692208891559
189,1547074800,700,405,0,1105,2,-0.3869187967438899,0.6191736844677641
189,1547089200,214,70,0,284,2,-0.3869187967438899,-1.0718089694065782
189,1547103600,60,80,20,140,2,1.4597390968064938,-1.3684003240447087
189,1547118000,707,516,0,1223,2,-0.3869187967438899,0.8622138222962323
189,1547132400,468,397,0,865,2,-0.3869187967438899,0.12485476007087969
189,1547146800,861,773,0,1634,2,-0.3869187967438899,1.7087349803258969
189,1547161200,703,473,0,1176,2,-0.3869187967438899,0.7654096996018425
189,1547175600,238,96,0,334,2,-0.3869187967438899,-0.9688258601572272
189,1547190000,71,73,2,144,2,-0.20225300738885155,-1.3601616753047607
189,1547204400,660,486,0,1146,2,-0.3869187967438899,0.7036198340522319
189,1547218800,473,423,0,896,2,-0.3869187967438899,0.18870428780547727
189,1547233200,794,826,32,1620,2,2.567733832936724,1.6798997097360788
189,1547247600,753,610,0,1363,2,-0.3869187967438899,1.1505665281944149
189,1547262000,365,154,0,519,2,-0.3869187967438899,-0.5877883559346287
189,1547276400,66,41,0,107,2,-0.3869187967438899,-1.4363691761492805
189,1547290800,197,218,21,415,2,1.5520719914840129,-0.8019932231732787
189,1547305200,481,453,0,934,2,-0.3869187967438899,0.26697145083498397
189,1547319600,744,627,0,1371,2,-0.3869187967438899,1.1670438256743112
189,1547334000,717,481,0,1198,2,-0.3869187967438899,0.8107222676715569
189,1547348400,403,172,0,575,2,-0.3869187967438899,-0.4724472735753557
189,1547362800,99,46,0,145,2,-0.3869187967438899,-1.3581020131197736
189,1547377200,127,182,55,309,2,4.691390410519665,-1.0203174147819027
189,1547391600,435,390,0,825,2,-0.3869187967438899,0.042468272671398945
189,1547406000,610,463,0,1073,2,-0.3869187967438899,0.5532644945481796
189,1547420400,468,212,0,680,2,-0.3869187967438899,-0.25618274415171877
189,1547434800,162,51,0,213,2,-0.3869187967438899,-1.2180449845406565
189,1547449200,57,66,9,123,2,0.4440772553537827,-1.403414581189488
189,1547463600,654,534,0,1188,2,-0.3869187967438899,0.7901256458216867
189,1547478000,399,366,0,765,2,-0.3869187967438899,-0.08111145842782216
189,1547492400,806,683,0,1489,2,-0.3869187967438899,1.4100839635027793
189,1547506800,541,410,0,951,2,-0.3869187967438899,0.30198570797976326
189,1547521200,172,52,0,224,3,-0.4527606773626287,-1.1648972830781124
189,1547535600,75,76,1,151,3,-0.3862713471205643,-1.3181443040133862
189,1547550000,715,524,0,1239,3,-0.4527606773626287,0.9658660902000104
189,1547564400,464,440,0,904,3,-0.4527606773626287,0.2626092133052605
189,1547578800,794,698,0,1492,3,-0.4527606773626287,1.4969824778250005
189,1547593200,691,495,0,1186,3,-0.4527606773626287,0.8546045544524827
189,1547607600,164,59,0,223,3,-0.4527606773626287,-1.1669965573374996
189,1547622000,79,90,11,169,3,0.2786219553000792,-1.2803573673444146
189,1547636400,706,525,0,1231,3,-0.4527606773626287,0.9490718961249118
189,1547650800,505,478,0,983,3,-0.4527606773626287,0.4284518797968582
189,1547665200,829,757,0,1586,3,-0.4527606773626287,1.694314258207408
189,1547679600,732,454,0,1186,3,-0.4527606773626287,0.8546045544524827
189,1547694000,191,70,0,261,3,-0.4527606773626287,-1.087224135480782
189,1547708400,74,83,9,157,3,0.1456432948159505,-1.3055486584570624
189,1547722800,709,590,0,1299,3,-0.4527606773626287,1.091822545763249
189,1547737200,501,417,0,918,3,-0.4527606773626287,0.2919990529366829
189,1547751600,808,787,0,1595,3,-0.4527606773626287,1.713207726541894
189,1547766000,730,507,0,1237,3,-0.4527606773626287,0.9616675416812357
189,1547780400,238,76,0,314,3,-0.4527606773626287,-0.9759625997332542
189,1547794800,84,85,1,169,3,-0.3862713471205643,-1.2803573673444146
189,1547809200,678,518,0,1196,3,-0.4527606773626287,0.8755972970463559
189,1547823600,469,407,0,876,3,-0.4527606773626287,0.20382953404241574
189,1547838000,791,838,47,1629,3,2.6722378440143957,1.7845830513610625
189,1547852400,718,566,0,1284,3,-0.4527606773626287,1.0603334318724396
189,1547866800,389,125,0,514,3,-0.4527606773626287,-0.5561077478557916
189,1547881200,76,52,0,128,3,-0.4527606773626287,-1.3664276119792944
189,1547895600,198,205,7,403,3,0.012664634331821795,-0.7891271906477834
189,1547910000,477,527,50,1004,3,2.871705834740589,0.4725366392439918
189,1547924400,697,532,0,1229,3,-0.4527606773626287,0.9448733476061373
189,1547938800,656,452,0,1108,3,-0.4527606773626287,0.6908611622202724
189,1547953200,395,156,0,551,3,-0.4527606773626287,-0.478434600258461
189,1547967600,61,26,0,87,3,-0.4527606773626287,-1.4524978566141742
189,1547982000,126,150,24,276,3,1.1429832484469158,-1.0557350215899721
189,1547996400,377,422,45,799,3,2.5392591835302674,0.04218541606959263
189,1548010800,574,433,0,1007,3,-0.4527606773626287,0.47883446202215374
189,1548025200,472,278,0,750,3,-0.4527606773626287,-0.060679022640385716
189,1548039600,214,94,0,308,3,-0.4527606773626287,-0.9885582452895781
189,1548054000,41,75,34,116,3,1.8078765508675594,-1.3916189030919421
189,1548068400,247,299,52,546,3,3.004684495224718,-0.48893097155539755
189,1548082800,367,372,5,739,3,-0.12031402615230691,-0.08377103949364616
189,1548097200,544,447,0,991,3,-0.4527606773626287,0.44524607387195675
189,1548111600,403,246,0,649,3,-0.4527606773626287,-0.2727057228385043
189,1548126000,123,52,0,175,4,-0.38854680350419046,-1.3262724051759318
189,1548140400,56,75,19,131,4,1.4792866253894479,-1.4153817091121297
189,1548154800,672,575,0,1247,4,-0.38854680350419046,0.844754272542343
189,1548169200,408,383,0,791,4,-0.38854680350419046,-0.0787421500691619
189,1548183600,777,642,0,1419,4,-0.38854680350419046,1.193090642474753
189,1548198000,629,403,0,1032,4,-0.38854680350419046,0.40933381012683084
189,1548212400,178,59,0,237,4,-0.38854680350419046,-1.2007092950840166
189,1548226800,77,78,1,155,4,-0.2902397809308411,-1.3667766342378398
189,1548241200,675,508,0,1183,4,-0.38854680350419046,0.7151407395442371
189,1548255600,488,383,0,871,4,-0.38854680350419046,0.08327476617847056
189,1548270000,843,647,0,1490,4,-0.38854680350419046,1.3368806556445267
189,1548284400,645,476,0,1121,4,-0.38854680350419046,0.589577629452322
189,1548298800,197,78,0,275,4,-0.38854680350419046,-1.1237512598663912
189,1548313200,83,70,0,153,4,-0.38854680350419046,-1.3708270571440306
189,1548327600,663,568,0,1231,4,-0.38854680350419046,0.8123508892928166
189,1548342000,406,437,31,843,4,2.6589708962696403,0.026568845491799196
189,1548356400,774,806,32,1580,4,2.75727791884299,1.519149686423113
189,1548370800,742,492,0,1234,4,-0.38854680350419046,0.8184265236521028
189,1548385200,272,105,0,377,4,-0.38854680350419046,-0.9171796916506598
189,1548399600,75,78,3,153,4,-0.09362573578414228,-1.3708270571440306
189,1548414000,684,538,0,1222,4,-0.38854680350419046,0.7941239862149579
189,1548428400,518,451,0,969,4,-0.38854680350419046,0.2817454885818203
189,1548442800,860,848,0,1708,4,-0.38854680350419046,1.778376752419325
189,1548457200,805,648,0,1453,4,-0.38854680350419046,1.2619478318799966
189,1548471600,462,160,0,622,4,-0.38854680350419046,-0.42100288564228544
189,1548486000,65,41,0,106,4,-0.38854680350419046,-1.4660119954395148
189,1548500400,208,251,43,459,4,3.8386551671498332,-0.7511123524968366
189,1548514800,495,492,0,987,4,-0.38854680350419046,0.3181992947375376
189,1548529200,826,655,0,1481,4,-0.38854680350419046,1.318653752566668
189,1548543600,765,508,0,1273,4,-0.38854680350419046,0.8974097703228237
189,1548558000,470,178,0,648,4,-0.38854680350419046,-0.36834738786180493
189,1548572400,69,36,0,105,4,-0.38854680350419046,-1.4680372068926102
189,1548586800,151,177,26,328,4,2.1674357834028934,-1.0164150528523348
189,1548601200,490,407,0,897,4,-0.38854680350419046,0.1359302639589511
189,1548615600,663,444,0,1107,4,-0.38854680350419046,0.5612246691089863
189,1548630000,531,264,0,795,4,-0.38854680350419046,-0.07064130425678028
189,1548644400,169,46,0,215,4,-0.38854680350419046,-1.2452639470521156
189,1548658800,74,85,11,159,4,0.6928304448026528,-1.3586757884254583
189,1548673200,684,553,0,1237,4,-0.38854680350419046,0.824502158011389
189,1548687600,453,426,0,879,4,-0.38854680350419046,0.0994764578032338
189,1548702000,743,682,0,1425,4,-0.38854680350419046,1.2052419111933252
189,1548716400,599,483,0,1082,4,-0.38854680350419046,0.5105943827816012
189,1548730800,164,50,0,214,5,-0.30024787680304804,-1.1827536405181134
189,1548745200,75,76,1,151,5,-0.23963445566440453,-1.3014452357084658
189,1548759600,715,556,0,1271,5,-0.30024787680304804,0.8086275676755804
189,1548774000,471,415,0,886,5,-0.30024787680304804,0.08329004151231453
189,1548788400,865,805,0,1670,5,-0.30024787680304804,1.560341003881147
189,1548802800,582,488,0,1070,5,-0.30024787680304804,0.42994485921112213
189,1548817200,192,63,0,255,5,-0.30024787680304804,-1.1055099039656615
189,1548831600,86,92,6,178,5,0.06343265002881297,-1.2505774091983148
189,1548846000,706,553,0,1259,5,-0.30024787680304804,0.78601964478218
189,1548860400,499,443,0,942,5,-0.30024787680304804,0.18879368168151686
189,1548874800,809,791,0,1600,5,-0.30024787680304804,1.428461453669644
189,1548889200,583,461,0,1044,5,-0.30024787680304804,0.38096102627542106
189,1548903600,133,51,0,184,5,-0.30024787680304804,-1.2392734477516145
189,1548918000,70,79,9,149,5,0.24527291344474347,-1.305213222857366
189,1548932400,661,525,0,1186,5,-0.30024787680304804,0.648488113847327
189,1548946800,402,373,0,775,5,-0.30024787680304804,-0.12583324525164005
189,1548961200,773,740,0,1513,5,-0.30024787680304804,1.2645540126924906
189,1548975600,600,438,0,1038,5,-0.30024787680304804,0.36965706482872085
189,1548990000,206,81,0,287,5,-0.30024787680304804,-1.0452221095832603
189,1549004400,73,77,4,150,5,-0.057794192248474034,-1.303329229282916
189,1549018800,618,488,0,1106,5,-0.30024787680304804,0.49776862789132365
189,1549021029,47,21,0,68,5,-0.30024787680304804,-1.4578167023878192
189,1549033200,394,484,90,878,5,5.1549600256748676,0.0682180929167142
189,1549047600,814,810,0,1624,5,-0.30024787680304804,1.473677299456445
189,1549062000,747,597,0,1344,5,-0.30024787680304804,0.9461590986104335
189,1549076400,458,119,0,577,5,-0.30024787680304804,-0.49886397299274826
189,1549090800,74,32,0,106,5,-0.30024787680304804,-1.3862249465587178
189,1549105200,206,227,21,433,5,0.9726339671084655,-0.7701590477135543
189,1549119600,627,445,0,1072,5,-0.30024787680304804,0.4337128463600222
189,1549134000,945,556,0,1501,5,-0.30024787680304804,1.24194608979909
189,1549148400,1058,501,0,1559,5,-0.30024787680304804,1.3512177171171924
189,1549162800,562,236,0,798,5,-0.30024787680304804,-0.0825013930392891
189,1549177200,86,37,0,123,5,-0.30024787680304804,-1.3541970557930672
189,1549191600,158,218,60,376,5,3.336557391515562,-0.8775466814572066
189,1549206000,577,433,0,1010,5,-0.30024787680304804,0.3169052447441197
189,1549220400,814,458,0,1272,5,-0.30024787680304804,0.8105115612500305
189,1549234800,586,187,0,773,5,-0.30024787680304804,-0.12960123240054014
189,1549249200,185,78,0,263,5,-0.30024787680304804,-1.0904379553700612
189,1549263600,73,95,22,168,5,1.033247388247109,-1.2694173449428152
189,1549278000,847,492,0,1339,5,-0.30024787680304804,0.9367391307381833
189,1549292400,565,435,0,1000,5,-0.30024787680304804,0.29806530899961925
189,1549306800,1153,691,0,1844,5,-0.30024787680304804,1.8881558858354541
189,1549321200,798,343,0,1141,5,-0.30024787680304804,0.563708402997075
189,1549335600,196,59,0,255,6,-0.33191575695480846,-1.1688593713580886
189,1549350000,72,84,12,156,6,0.582212885150238,-1.3398096796981143
189,1549364400,834,545,0,1379,6,-0.33191575695480846,0.7720309980781633
189,1549378800,575,373,0,948,6,-0.33191575695480846,0.02779278702209169
189,1549393200,1149,712,0,1861,6,-0.33191575695480846,1.604334519491218
189,1549407600,887,548,0,1435,6,-0.33191575695480846,0.8687301623917133
189,1549422000,257,91,0,348,6,-0.33191575695480846,-1.0082696877659432
189,1549436400,80,94,14,174,6,0.7345676588344122,-1.308727805454473
189,1549450800,886,519,0,1405,6,-0.33191575695480846,0.8169270386523115
189,1549465200,606,394,0,1000,6,-0.33191575695480846,0.11758486817038803
189,1549479600,1179,693,0,1872,6,-0.33191575695480846,1.6233289981956653
189,1549494000,900,543,0,1443,6,-0.33191575695480846,0.8825443287222204
189,1549508400,191,79,0,270,6,-0.33191575695480846,-1.1429578094883877
189,1549522800,66,84,18,150,6,1.039277206202761,-1.3501703044459945
189,1549537200,906,581,0,1487,6,-0.33191575695480846,0.9585222435400096
189,1549551600,624,465,0,1089,6,-0.33191575695480846,0.27126746859727985
189,1549566000,1313,805,0,2118,6,-0.33191575695480846,2.0481146128587597
189,1549580400,876,522,0,1398,6,-0.33191575695480846,0.8048396431131177
189,1549594800,261,63,0,324,6,-0.33191575695480846,-1.0497121867574646
189,1549609200,78,98,20,176,6,1.1916319798869355,-1.3052742638718464
189,1549623600,716,589,0,1305,6,-0.33191575695480846,0.6442499595209724
189,1549638000,549,462,0,1011,6,-0.33191575695480846,0.13657934687483533
189,1549652400,921,920,0,1841,6,-0.33191575695480846,1.5697991036649501
189,1549666800,915,719,0,1634,6,-0.33191575695480846,1.212357549863078
189,1549681200,451,125,0,576,6,-0.33191575695480846,-0.6145659473464898
189,1549695600,70,49,0,119,6,-0.33191575695480846,-1.4037001989767097
189,1549710000,217,278,61,495,6,4.3149048404125105,-0.7544343814428746
189,1549724400,573,571,0,1144,6,-0.33191575695480846,0.36623986211951637
189,1549738800,744,680,0,1424,6,-0.33191575695480846,0.8497356836872659
189,1549753200,727,530,0,1257,6,-0.33191575695480846,0.5613649615379296
189,1549767600,496,179,0,675,6,-0.33191575695480846,-0.4436156390064641
189,1549782000,88,50,0,138,6,-0.33191575695480846,-1.3708915539417552
189,1549796400,151,208,57,359,6,4.010195293044162,-0.9892752090614958
189,1549810800,470,452,0,922,6,-0.33191575695480846,-0.017103253552056486
189,1549825200,731,487,0,1218,6,-0.33191575695480846,0.49402090067670734
189,1549839600,520,256,0,776,6,-0.33191575695480846,-0.2692117890838116
189,1549854000,184,60,0,244,6,-0.33191575695480846,-1.1878538500625357
189,1549868400,70,71,1,141,6,-0.25573837011272127,-1.3657112415678152
189,1549882800,693,500,0,1193,6,-0.33191575695480846,0.45085163089387253
189,1549897200,449,409,0,858,6,-0.33191575695480846,-0.12761658419611352
189,1549911600,794,709,0,1503,6,-0.33191575695480846,0.9861505762010239
189,1549926000,642,377,0,1019,6,-0.33191575695480846,0.15039351320534247
189,1549940400,193,38,0,231,7,-0.4407507013412454,-1.2255200644721278
189,1549954800,87,72,0,159,7,-0.4407507013412454,-1.3637149660257584
189,1549969200,680,575,0,1255,7,-0.4407507013412454,0.739918535401731
189,1549983600,439,455,16,894,7,0.20594028403280895,0.04702465400088822
189,1549998000,715,764,49,1479,7,1.539740441366796,1.1698582291241375
189,1550012400,627,420,0,1047,7,-0.4407507013412454,0.34068881980235344
189,1550026800,190,34,0,224,7,-0.4407507013412454,-1.238955679900953
189,1550041200,75,64,0,139,7,-0.4407507013412454,-1.4021024386795446
189,1550055600,686,592,0,1278,7,-0.4407507013412454,0.7840641289535852
189,1550070000,465,491,26,956,7,0.610122149891593,0.16602581922762577
189,1550084400,832,868,36,1700,7,1.0143040157503769,1.5940398019484763
189,1550098800,755,462,0,1217,7,-0.4407507013412454,0.666982337359537
189,1550113200,223,50,0,273,7,-0.4407507013412454,-1.1449063718991765
189,1550127600,94,77,0,171,7,-0.4407507013412454,-1.3406824824334866
189,1550142000,698,598,0,1296,7,-0.4407507013412454,0.8186128543419929
189,1550156400,480,478,0,958,7,-0.4407507013412454,0.16986456649300438
189,1550170800,872,934,62,1806,7,2.065176866983215,1.7974934070135435
189,1550185200,777,535,0,1312,7,-0.4407507013412454,0.8493228324650219
189,1550199600,327,38,0,365,7,-0.4407507013412454,-0.9683239976917595
189,1550214000,89,76,0,165,7,-0.4407507013412454,-1.3521987242296225
189,1550228400,634,557,0,1191,7,-0.4407507013412454,0.6170786229096148
189,1550242800,449,465,16,914,7,0.20594028403280895,0.08541212665467453
189,1550257200,911,895,0,1806,7,-0.4407507013412454,1.7974934070135435
189,1550271600,861,715,0,1576,7,-0.4407507013412454,1.3560374714950012
189,1550286000,505,181,0,686,7,-0.4407507013412454,-0.3522050615984893
189,1550300400,89,52,0,141,7,-0.4407507013412454,-1.3982636914141662
189,1550314800,176,303,127,479,7,4.6923589950653115,-0.7495154035651775
189,1550329200,524,555,31,1079,7,0.8122130828209849,0.4021087760484115
189,1550343600,845,690,0,1535,7,-0.4407507013412454,1.2773431525547392
189,1550358000,854,666,0,1520,7,-0.4407507013412454,1.2485525480643995
189,1550372400,532,182,0,714,7,-0.4407507013412454,-0.2984625998831885
189,1550386800,99,57,0,156,7,-0.4407507013412454,-1.3694730869238263
189,1550401200,150,214,64,364,7,2.146013240154972,-0.9702433713244488
189,1550415600,494,522,28,1016,7,0.6909585230633497,0.28118823718898467
189,1550430000,747,547,0,1294,7,-0.4407507013412454,0.8147741070766142
189,1550444400,681,331,0,1012,7,-0.4407507013412454,0.2735107426582274
189,1550458800,273,83,0,356,7,-0.4407507013412454,-0.9855983603859633
189,1550473200,58,59,1,117,7,-0.40033251475536696,-1.4443286585987096
189,1550487600,283,285,2,568,7,-0.3599143281694886,-0.5786911502558285
189,1550502000,509,457,0,966,7,-0.4407507013412454,0.1852195555545189
189,1550516400,672,498,0,1170,7,-0.4407507013412454,0.5767717766231392
189,1550530800,553,381,0,934,7,-0.4407507013412454,0.12379959930846082
189,1550545200,179,70,0,249,8,-0.3222421143247335,-1.264447759803558
189,1550559600,77,62,0,139,8,-0.3222421143247335,-1.464121290481952
189,1550574000,652,583,0,1235,8,-0.3222421143247335,0.5253531606409566
189,1550588400,440,417,0,857,8,-0.3222421143247335,-0.16079769932661594
189,1550602800,842,677,0,1519,8,-0.3222421143247335,1.040873912574265
189,1550617200,721,535,0,1256,8,-0.3222421143247335,0.5634726528613773
189,1550631600,218,72,0,290,8,-0.3222421143247335,-1.1900239892779747
189,1550646000,83,83,0,166,8,-0.3222421143247335,-1.4151105147699825
189,1550660400,678,561,0,1239,8,-0.3222421143247335,0.5326140163019891
189,1550674800,520,512,0,1032,8,-0.3222421143247335,0.1568647358435565
189,1550689200,792,789,0,1581,8,-0.3222421143247335,1.1534171753202689
189,1550703600,659,546,0,1205,8,-0.3222421143247335,0.47089674318321273
189,1550718000,193,78,0,271,8,-0.3222421143247335,-1.2245130536678792
189,1550732400,77,99,22,176,8,1.144515095705088,-1.3969583756174013
189,1550746800,625,561,0,1186,8,-0.3222421143247335,0.4364076787933083
189,1550761200,460,532,72,992,8,4.478054209409228,0.08425617923323139
189,1550775600,862,822,0,1684,8,-0.3222421143247335,1.3403842085918563
189,1550790000,786,719,0,1505,8,-0.3222421143247335,1.0154609177606513
189,1550804400,266,113,0,379,8,-0.3222421143247335,-1.0284699508200013
189,1550818800,92,82,0,174,8,-0.3222421143247335,-1.4005888034479175
189,1550833200,618,542,0,1160,8,-0.3222421143247335,0.38921211699659697
189,1550847600,525,531,6,1056,8,0.07778257931976328,0.2004298698097516
189,1550862000,894,910,16,1804,8,0.7444904020605912,1.5582098784228315
189,1550876400,884,655,0,1539,8,-0.3222421143247335,1.0771781908794276
189,1551495600,5123,7633,2510,12756,9,4.1212078668776355,4.07648756464052
189,1551510000,99,47,0,146,9,-0.25586191439441064,-0.45314262350037593
189,1551524400,179,249,70,428,9,-0.13379223921949304,-0.35184558043489356
189,1551538800,463,470,7,933,9,-0.24365494687691888,-0.17044484728571413
189,1551553200,698,639,0,1337,9,-0.25586191439441064,-0.025324260766370593
189,1551567600,704,536,0,1240,9,-0.25586191439441064,-0.06016756990591595
189,1551582000,497,168,0,665,9,-0.25586191439441064,-0.2667129591351797
189,1551596400,98,50,0,148,9,-0.25586191439441064,-0.45242420475523065
189,1551610800,144,158,14,302,9,-0.23144797935942713,-0.39710596137904525
189,1551625200,495,407,0,902,9,-0.25586191439441064,-0.18158033783546576
189,1551639600,743,546,0,1289,9,-0.25586191439441064,-0.042566310649856956
189,1551654000,460,297,0,757,9,-0.25586191439441064,-0.23366569685849747
189,1551668400,157,41,0,198,9,-0.25586191439441064,-0.43446373612659905
189,1551682800,63,67,4,130,9,-0.24888650438441537,-0.45888997346153804
189,1551697200,582,388,0,970,9,-0.25586191439441064,-0.15715410050052672
189,1551711600,395,367,0,762,9,-0.25586191439441064,-0.2318696499956343
189,1551726000,654,690,36,1344,9,-0.19308322430445302,-0.022809795158362164
189,1551740400,581,447,0,1028,9,-0.25586191439441064,-0.13631995689131404
189,1551754800,176,73,0,249,10,-0.3175473005911173,-1.2291763852635387
189,1551769200,81,84,3,165,10,-0.14472288478267734,-1.3845946784879908
189,1551783600,674,581,0,1255,10,-0.3175473005911173,0.6321426978769237
189,1551798000,493,490,0,983,10,-0.3175473005911173,0.12888346267393586
189,1551812400,855,830,0,1685,10,-0.3175473005911173,1.4277363417639999
189,1551826800,746,583,0,1329,10,-0.3175473005911173,0.76905881333656
189,1551841200,203,100,0,303,10,-0.3175473005911173,-1.1292646253335337
189,1551855600,85,77,0,162,10,-0.3175473005911173,-1.3901453318174355
189,1551870000,601,562,0,1163,10,-0.3175473005911173,0.46192266244061897
189,1551884400,480,415,0,895,10,-0.3175473005911173,-0.033935701656442566
189,1551898800,877,722,0,1599,10,-0.3175473005911173,1.2686176129865847
189,1551913200,628,524,0,1152,10,-0.3175473005911173,0.44157026689932166
189,1551927600,190,102,0,292,10,-0.3175473005911173,-1.149617020874831
189,1551942000,69,85,16,154,10,0.6041829170538958,-1.404947074029288
189,1551956400,617,554,0,1171,10,-0.3175473005911173,0.47672440465247157
189,1551970800,449,437,0,886,10,-0.3175473005911173,-0.05058766164477672
189,1551985200,948,873,0,1821,10,-0.3175473005911173,1.679365959365494
189,1551999600,809,654,0,1463,10,-0.3175473005911173,1.0169879953850909
189,1552014000,310,127,0,437,10,-0.3175473005911173,-0.8813354432850029
189,1552028400,103,94,0,197,10,-0.3175473005911173,-1.3253877096405804
189,1552042800,641,533,0,1174,10,-0.3175473005911173,0.4822750579819163
189,1552057200,547,578,31,1125,10,1.4683049960960957,0.3916143869343192
189,1552071600,956,898,0,1854,10,-0.3175473005911173,1.7404231459893857
189,1552086000,899,783,0,1682,10,-0.3175473005911173,1.4221856884345552
189,1552100400,498,182,0,680,10,-0.3175473005911173,-0.4317325235999807
189,1552114800,80,56,0,136,10,-0.3175473005911173,-1.4382509940059562
189,1552129200,246,304,58,550,10,3.023724738372055,-0.6722608345425852
189,1552143600,569,537,0,1106,10,-0.3175473005911173,0.3564602491811693
189,1552158000,845,746,0,1591,10,-0.3175473005911173,1.2538158707747322
189,1552172400,858,597,0,1455,10,-0.3175473005911173,1.0021862531732382
189,1552190400,579,232,0,811,10,-0.3175473005911173,-0.1893539948808947
189,1552204800,98,61,0,159,10,-0.3175473005911173,-1.3956959851468802
189,1552219200,183,274,91,457,10,4.924793312264895,-0.8443310877553715
189,1552233600,495,475,0,970,10,-0.3175473005911173,0.1048306315796754
189,1552248000,604,453,0,1057,10,-0.3175473005911173,0.26579957813357225
189,1552262400,508,251,0,759,10,-0.3175473005911173,-0.2855653192579365
189,1552276800,110,30,0,140,10,-0.3175473005911173,-1.43085012290003
189,1552291200,171,198,27,369,10,1.2378724416848423,-1.0071502520857498
189,1552305600,654,574,0,1228,10,-0.3175473005911173,0.5821868179119212
189,1552320000,600,469,0,1069,10,-0.3175473005911173,0.2880021914513511
189,1552334400,868,846,0,1714,10,-0.3175473005911173,1.4813926572819656
189,1552348800,622,241,0,863,11,-0.2716401773854872,0.019453344024628425
189,1552363200,129,19,0,148,11,-0.2716401773854872,-1.3265925570343335
189,1552377600,199,148,0,347,11,-0.2716401773854872,-0.9519588027535874
189,1552392000,680,575,0,1255,11,-0.2716401773854872,0.757425362507304
189,1552406400,586,544,0,1130,11,-0.2716401773854872,0.5221026525319611
189,1552420800,900,911,11,1811,11,2.9462511547195143,1.8041407764776296
189,1552435200,699,227,0,926,11,-0.2716401773854872,0.1380559898522013
189,1552449600,167,20,0,187,11,-0.2716401773854872,-1.2531718715220264
189,1552464000,188,189,1,377,11,0.02089539826042208,-0.8954813523595051
189,1552478400,690,570,0,1260,11,-0.2716401773854872,0.7668382709063177
189,1552492800,649,528,0,1177,11,-0.2716401773854872,0.61058399148269
189,1552507200,941,888,0,1829,11,-0.2716401773854872,1.838027246714079
189,1552521600,696,252,0,948,11,-0.2716401773854872,0.17947278680786166
189,1552536000,136,30,0,166,11,-0.2716401773854872,-1.2927060867978841
189,1552550400,176,174,0,350,11,-0.2716401773854872,-0.9463110577141792
189,1552564800,703,501,0,1204,11,-0.2716401773854872,0.6614136968373641
189,1552579200,678,512,0,1190,11,-0.2716401773854872,0.6350575533201257
189,1552593600,908,850,0,1758,11,-0.2716401773854872,1.7043639474480843
189,1552608000,814,329,0,1143,11,-0.2716401773854872,0.5465762143693967
189,1552622400,213,19,0,232,11,-0.2716401773854872,-1.168455695930903
189,1552636800,168,177,9,345,11,2.361180003427696,-0.9557239661131929
189,1552651200,663,539,0,1202,11,-0.2716401773854872,0.6576485334777586
189,1552665600,670,583,0,1253,11,-0.2716401773854872,0.7536601991476986
189,1552680000,968,986,18,1954,11,4.994000184240879,2.0733499566894222
189,1552694400,867,309,0,1176,11,-0.2716401773854872,0.6087014098028872
189,1552708800,324,91,0,415,11,-0.2716401773854872,-0.8239432485270008
189,1552723200,86,41,0,127,11,-0.2716401773854872,-1.366126772310191
189,1552737600,315,201,0,516,11,-0.2716401773854872,-0.6338024988669237
189,1552752000,561,346,0,907,11,-0.2716401773854872,0.10228693793594916
189,1552766400,844,354,0,1198,11,-0.2716401773854872,0.6501182067585476
189,1552780800,690,226,0,916,11,-0.2716401773854872,0.11923017305417385
189,1552795200,305,75,0,380,11,-0.2716401773854872,-0.8898336073200969
189,1552809600,59,29,0,88,11,-0.2716401773854872,-1.439547457822498
189,1552824000,231,132,0,363,11,-0.2716401773854872,-0.9218374958767435
189,1552838400,488,305,0,793,11,-0.2716401773854872,-0.11232737356156365
189,1552852800,579,283,0,862,11,-0.2716401773854872,0.017570762344825682
189,1552867200,470,132,0,602,11,-0.2716401773854872,-0.4719004744038877
189,1552881600,108,35,0,143,11,-0.2716401773854872,-1.336005465433347
189,1552896000,157,157,0,314,11,-0.2716401773854872,-1.014083998187078
189,1552910400,602,493,0,1095,11,-0.2716401773854872,0.456212293738865
189,1552924800,526,498,0,1024,11,-0.2716401773854872,0.32254899447287017
189,1552939200,963,875,0,1838,11,-0.2716401773854872,1.8549704818323036
189,1552953600,764,367,0,1131,12,-0.3561937968783304,0.5643752185817759
189,1552968000,99,38,0,137,12,-0.3561937968783304,-1.3449587684866318
189,1552982400,175,184,9,359,12,-0.09853585408970637,-0.9185280389804079
189,1552996800,695,532,0,1227,12,-0.3561937968783304,0.7487776962060889
189,1553011200,558,458,0,1016,12,-0.3561937968783304,0.34347641726098427
189,1553025600,871,892,21,1763,12,0.24500806962845903,1.77835819627517
189,1553040000,687,411,0,1098,12,-0.3561937968783304,0.5009868668984183
189,1553054400,154,50,0,204,12,-0.3561937968783304,-1.2162612059779967
189,1553068800,186,206,20,392,12,0.2163794093186119,-0.8551396872970504
189,1553083200,698,453,0,1151,12,-0.3561937968783304,0.6027924014201744
189,1553097600,581,439,0,1020,12,-0.3561937968783304,0.351159853828664
189,1553112000,840,919,79,1759,12,1.9054703675995919,1.77067475970749
189,1553126400,746,471,0,1217,12,-0.3561937968783304,0.7295691047868896
189,1553140800,167,50,0,217,12,-0.3561937968783304,-1.1912900371330375
189,1553155200,160,186,26,346,12,0.3881513711776946,-0.943499207825367
189,1553169600,659,503,0,1162,12,-0.3561937968783304,0.6239218519812937
189,1553184000,540,453,0,993,12,-0.3561937968783304,0.29929665699682595
189,1553198400,778,935,157,1713,12,4.138505871767666,1.6823152391791736
189,1553212800,725,529,0,1254,12,-0.3561937968783304,0.800640893037927
189,1553227200,166,59,0,225,12,-0.3561937968783304,-1.1759231639976782
189,1553241600,149,172,23,321,12,0.30226539024815324,-0.9915206863733651
189,1553242488,50,5,0,55,12,-0.3561937968783304,-1.5024692181240658
189,1553256000,648,528,0,1176,12,-0.3561937968783304,0.6508138799681726
189,1553270400,593,517,0,1110,12,-0.3561937968783304,0.5240371766014574
189,1553284800,900,1056,156,1956,12,4.109877211457819,2.149084010665716
189,1553299200,881,302,0,1183,12,-0.3561937968783304,0.6642598939616121
189,1553313600,313,83,0,396,12,-0.3561937968783304,-0.8474562507293706
189,1553328000,75,39,0,114,12,-0.3561937968783304,-1.38913852875079
189,1553342400,290,186,0,476,12,-0.3561937968783304,-0.6937875193757764
189,1553356800,596,323,0,919,12,-0.3561937968783304,0.15715308049475132
189,1553371200,853,312,0,1165,12,-0.3561937968783304,0.6296844294070534
189,1553385600,798,258,0,1056,12,-0.3561937968783304,0.42031078293778135
189,1553400000,353,86,0,439,12,-0.3561937968783304,-0.7648593076268138
189,1553414400,67,21,0,88,12,-0.3561937968783304,-1.4390808664407082
189,1553428800,217,142,0,359,12,-0.3561937968783304,-0.9185280389804079
189,1553443200,573,197,0,770,12,-0.3561937968783304,-0.12905493165131782
189,1553457600,703,309,0,1012,12,-0.3561937968783304,0.33579298069330454
189,1553472000,523,133,0,656,12,-0.3561937968783304,-0.34803287383018955
189,1553486400,113,24,0,137,12,-0.3561937968783304,-1.3449587684866318
189,1553500800,181,183,2,364,12,-0.2989364762586362,-0.9089237432708083
189,1553515200,634,564,0,1198,12,-0.3561937968783304,0.693072781090411
189,1553529600,567,498,0,1065,12,-0.3561937968783304,0.4375985152150607
189,1553544000,779,821,42,1600,12,0.8462099361352485,1.4652581561422218
189,1553558400,695,407,0,1102,13,-0.39047473139531613,0.3114884364460734
189,1553572800,142,56,0,198,13,-0.39047473139531613,-1.371054308607919
189,1553587200,184,159,0,343,13,-0.39047473139531613,-1.1011774302530197
189,1553601600,679,569,0,1248,13,-0.39047473139531613,0.583226534651696
189,1553616000,451,466,15,917,13,0.15256959703525594,-0.03283723593776354
189,1553630400,872,808,0,1680,13,-0.39047473139531613,1.3872735101642233
189,1553644800,735,490,0,1225,13,-0.39047473139531613,0.5404184780850568
189,1553659200,147,43,0,190,13,-0.39047473139531613,-1.3859440674137065
189,1553673600,194,183,0,377,13,-0.39047473139531613,-1.0378959553284226
189,1553688000,679,566,0,1245,13,-0.39047473139531613,0.5776428750995257
189,1553702400,620,501,0,1121,13,-0.39047473139531613,0.3468516136098188
189,1553716800,863,953,90,1816,13,2.8677912391881164,1.6403994098626116
189,1553731200,771,498,0,1269,13,-0.39047473139531613,0.6223121515168883
189,1553745600,161,41,0,202,13,-0.39047473139531613,-1.3636094292050251
189,1553760000,175,176,1,351,13,-0.3542717761666114,-1.0862876714472323
189,1553774400,700,610,0,1310,13,-0.39047473139531613,0.6986221653965495
189,1553788800,606,494,0,1100,13,-0.39047473139531613,0.3077659967446265
189,1553803200,883,829,0,1712,13,-0.39047473139531613,1.4468325453873736
189,1553817600,847,497,0,1344,13,-0.39047473139531613,0.7619036403211465
189,1553832000,197,69,0,266,13,-0.39047473139531613,-1.2444913587587247
189,1553846400,158,194,36,352,13,0.912831656838057,-1.0844264515965087
189,1553860800,638,546,0,1184,13,-0.39047473139531613,0.4641084642053957
189,1553875200,676,537,0,1213,13,-0.39047473139531613,0.5180838398763755
189,1553889600,928,1056,128,1984,13,4.243503537878899,1.95308434478415
189,1553904000,833,495,0,1328,13,-0.39047473139531613,0.7321241227095715
189,1553918400,303,105,0,408,13,-0.39047473139531613,-0.9801981399559959
189,1553932800,63,81,18,144,13,0.26117846272137035,-1.471560180546985
189,1553947200,268,345,77,613,13,2.397152821214954,-0.5986480705576902
189,1553961600,611,675,64,1286,13,1.9265144032417916,0.6539528889791869
189,1553976000,911,789,0,1700,13,-0.39047473139531613,1.4244979071786923
189,1553990400,961,536,0,1497,13,-0.39047473139531613,1.0466702774818333
189,1554004800,428,111,0,539,13,-0.39047473139531613,-0.7363783395112249
189,1554019200,77,58,0,135,13,-0.39047473139531613,-1.4883111592034959
189,1554033600,252,276,24,528,13,0.4783961940935992,-0.7568517578691828
189,1554048000,587,501,0,1088,13,-0.39047473139531613,0.2854313585359452
189,1554062400,616,511,0,1127,13,-0.39047473139531613,0.35801893271415947
189,1554076800,521,238,0,759,13,-0.39047473139531613,-0.32690997235206753
189,1554091200,103,40,0,143,13,-0.39047473139531613,-1.4734214003977084
189,1554105600,176,171,0,347,13,-0.39047473139531613,-1.0937325508501259
189,1554120000,644,622,0,1266,13,-0.39047473139531613,0.616728491964718
189,1554134400,566,460,0,1026,13,-0.39047473139531613,0.17003572779109175
189,1554148800,812,760,0,1572,13,-0.39047473139531613,1.1862617662860915
189,1554163200,598,377,0,975,14,-0.3329137556357952,0.019922942467673455
189,1554177600,96,39,0,135,14,-0.3329137556357952,-1.46923258774318
189,1554192000,197,207,10,404,14,-0.13680747601863671,-0.9923482572351806
189,1554206400,650,934,284,1584,14,5.236504585491506,1.0995607018705422
189,1554220800,602,524,0,1126,14,-0.3329137556357952,0.2876163770651007
189,1554235200,916,929,13,1845,14,-0.07797559213348917,1.562262598757486
189,1554249600,662,427,0,1089,14,-0.3329137556357952,0.22202262156771788
189,1554264000,137,33,0,170,14,-0.3329137556357952,-1.4071844406510612
189,1554278400,197,202,5,399,14,-0.23486061582721596,-1.0012122782483404
189,1554292800,696,584,0,1280,14,-0.3329137556357952,0.5606282242704238
189,1554307200,637,479,0,1116,14,-0.3329137556357952,0.269888335038781
189,1554321600,930,898,0,1828,14,-0.3329137556357952,1.5321249273127426
189,1554336000,754,430,0,1184,14,-0.3329137556357952,0.3904390208177549
189,1554350400,155,41,0,196,14,-0.3329137556357952,-1.36109153138263
189,1554364800,179,214,35,393,14,0.3534582230242595,-1.0118491034641321
189,1554379200,704,554,0,1258,14,-0.3329137556357952,0.5216265318125205
189,1554393600,640,509,0,1149,14,-0.3329137556357952,0.32839087372563597
189,1554408000,996,996,0,1992,14,-0.3329137556357952,1.8228648165443855
189,1554422400,857,531,0,1388,14,-0.3329137556357952,0.7520910781546765
189,1554436800,205,61,0,266,14,-0.3329137556357952,-1.2369952371983923
189,1554451200,172,183,11,355,14,-0.11719684805692086,-1.079215663164147
189,1554465600,670,611,0,1281,14,-0.3329137556357952,0.5624010284730558
189,1554480000,703,495,0,1198,14,-0.3329137556357952,0.41525827965460244
189,1554494400,919,1065,146,1984,14,2.5302379267747184,1.8086823829233296
189,1554508800,843,545,0,1388,14,-0.3329137556357952,0.7520910781546765
189,1554523200,263,95,0,358,14,-0.3329137556357952,-1.0738972505562512
189,1554537600,74,85,11,159,14,-0.11719684805692086,-1.4266852868800128
189,1554552000,302,415,113,717,14,1.8830872040380955,-0.43746054181137445
189,1554566400,674,592,0,1266,14,-0.3329137556357952,0.5358089654335763
189,1554580800,968,717,0,1685,14,-0.3329137556357952,1.2786139263363712
189,1554595200,939,446,0,1385,14,-0.3329137556357952,0.7467726655467806
189,1554609600,392,101,0,493,14,-0.3329137556357952,-0.8345686832009354
189,1554624000,73,65,0,138,14,-0.3329137556357952,-1.4639141751352842
189,1554638400,230,297,67,527,14,0.9809983177991667,-0.7742933403114485
189,1554652800,574,456,0,1030,14,-0.3329137556357952,0.11742717361243173
189,1554667200,801,513,0,1314,14,-0.3329137556357952,0.6209035671599108
189,1554681600,530,287,0,817,14,-0.3329137556357952,-0.26018012154817755
189,1554696000,115,45,0,160,14,-0.3329137556357952,-1.424912482677381
189,1554710400,190,183,0,373,14,-0.3329137556357952,-1.0473051875167716
189,1554724800,664,567,0,1231,14,-0.3329137556357952,0.4737608183414574
189,1554739200,643,467,0,1110,14,-0.3329137556357952,0.2592515098229892
189,1554753600,857,875,18,1732,14,0.02007754767509007,1.3619357238600736
189,1554768000,672,361,0,1033,15,-0.3762745586694476,0.15691481752405945
189,1554782400,128,42,0,170,15,-0.3762745586694476,-1.4077439103926006
189,1554796800,197,182,0,379,15,-0.3762745586694476,-1.0288172891474303
189,1554811200,684,646,0,1330,15,-0.3762745586694476,0.6953894898198277
189,1554825600,619,460,0,1079,15,-0.3762745586694476,0.2403149351186902
189,1554840000,947,917,0,1864,15,-0.3762745586694476,1.6635560723314111
189,1554854400,696,378,0,1074,15,-0.3762745586694476,0.23124970494536076
189,1554868800,138,45,0,183,15,-0.3762745586694476,-1.384174311941944
189,1554883200,201,202,1,403,15,-0.32233759121512406,-0.985304184315449
189,1554897600,680,584,0,1264,15,-0.3762745586694476,0.5757284515318792
189,1554912000,641,465,0,1106,15,-0.3762745586694476,0.2892671780546691
189,1554926400,1011,848,0,1859,15,-0.3762745586694476,1.6544908421580815
189,1554940800,793,472,0,1265,15,-0.3762745586694476,0.577541497566545
189,1554955200,110,45,0,155,15,-0.3762745586694476,-1.4349396009125888
189,1554969600,194,197,3,391,15,-0.21446365630647696,-1.0070607367314397
189,1554984000,731,558,0,1289,15,-0.3762745586694476,0.6210546023985264
189,1554998400,623,501,0,1124,15,-0.3762745586694476,0.3219020066786551
189,1555012800,974,922,0,1896,15,-0.3762745586694476,1.7215735454407195
189,1555027200,810,460,0,1270,15,-0.3762745586694476,0.5866067277398745
189,1555041600,172,62,0,234,15,-0.3762745586694476,-1.2917089641739838
189,1555056000,187,212,25,399,15,0.9721496276886411,-0.9925563684541125
189,1555070400,705,638,0,1343,15,-0.3762745586694476,0.7189590882704843
189,1555084800,743,584,0,1327,15,-0.3762745586694476,0.6899503517158301
189,1555099200,971,1023,52,1994,15,2.4284477489553766,1.8992520568379763
189,1555113600,834,390,0,1224,15,-0.3762745586694476,0.5032066101452437
189,1555128000,275,71,0,346,15,-0.3762745586694476,-1.0886478082914046
189,1555142400,63,82,19,145,15,0.6485278229626997,-1.4530700612592478
189,1555156800,298,380,82,678,15,4.046556772585083,-0.48671652478233024
189,1555171200,594,520,0,1114,15,-0.3762745586694476,0.3037715463319962
189,1555185600,791,838,47,1629,15,2.158762911683759,1.2374902541849278
189,1555200000,831,509,0,1340,15,-0.3762745586694476,0.7135199501664865
189,1555214400,361,98,0,459,15,-0.3762745586694476,-0.8837736063741594
189,1555228800,84,54,0,138,15,-0.3762745586694476,-1.465761383501909
189,1555243200,239,301,62,540,15,2.9678174234986123,-0.7369168775662226
189,1555257600,591,513,0,1104,15,-0.3762745586694476,0.2856410859853374
189,1555272000,697,480,0,1177,15,-0.3762745586694476,0.41799344651594705
189,1555286400,560,263,0,823,15,-0.3762745586694476,-0.2238248497557767
189,1555300800,122,27,0,149,15,-0.3762745586694476,-1.445817877120584
189,1555315200,182,184,2,366,15,-0.2684006237608005,-1.0523868875980869
189,1555329600,700,633,0,1333,15,-0.3762745586694476,0.7008286279238254
189,1555344000,626,485,0,1111,15,-0.3762745586694476,0.29833240822799856
189,1555358400,936,708,0,1644,15,-0.3762745586694476,1.264685944704916
189,1555372800,646,320,0,966,16,-0.46350568571056794,0.040356217669361
189,1555387200,103,28,0,131,16,-0.46350568571056794,-1.440075323820688
189,1555401600,222,197,0,419,16,-0.46350568571056794,-0.9294594148995693
189,1555416000,700,569,0,1269,16,-0.46350568571056794,0.5775667051801213
189,1555430400,639,515,0,1154,16,-0.46350568571056794,0.37367493599286905
189,1555444800,932,899,0,1831,16,-0.46350568571056794,1.5739769163386932
189,1555459200,759,399,0,1158,16,-0.46350568571056794,0.3807668236167735
189,1555473600,146,33,0,179,16,-0.46350568571056794,-1.354972672333835
189,1555488000,164,214,50,378,16,1.5728163644823039,-1.0021512630445897
189,1555502400,747,595,0,1342,16,-0.46350568571056794,0.7069936543163771
189,1555516800,676,554,0,1230,16,-0.46350568571056794,0.5084208008470532
189,1555531200,971,999,28,1970,16,0.6768346623974403,1.820420011269372
189,1555545600,817,448,0,1265,16,-0.46350568571056794,0.5704748175562169
189,1555560000,138,38,0,176,16,-0.46350568571056794,-1.3602915880517632
189,1555574400,182,224,42,406,16,1.2470048364514443,-0.9525080496772588
189,1555588800,677,634,0,1311,16,-0.46350568571056794,0.6520315252311178
189,1555603200,677,535,0,1212,16,-0.46350568571056794,0.47650730653948326
189,1555617600,987,1018,31,2005,16,0.7990139854090126,1.882474027978536
189,1555632000,906,413,0,1319,16,-0.46350568571056794,0.6662153004789266
189,1555646400,208,66,0,274,16,-0.46350568571056794,-1.1865403412661049
189,1555660800,114,149,35,263,16,0.9619197494244422,-1.206043032231842
189,1555675200,548,545,0,1093,16,-0.46350568571056794,0.26552364972832654
189,1555689600,767,592,0,1359,16,-0.46350568571056794,0.7371341767179709
189,1555704000,1008,885,0,1893,16,-0.46350568571056794,1.6839011745092118
189,1555718400,839,595,0,1434,16,-0.46350568571056794,0.8701070696661789
189,1555732800,293,80,0,373,16,-0.46350568571056794,-1.0110161225744703
189,1555747200,66,70,4,136,16,-0.3005999216951382,-1.4312104642908074
189,1555761600,248,354,106,602,16,3.85349706069832,-0.6050055561059419
189,1555776000,607,553,0,1160,16,-0.46350568571056794,0.38431276742872567
189,1555790400,811,751,0,1562,16,-0.46350568571056794,1.0970474736311207
189,1555804800,805,562,0,1367,16,-0.46350568571056794,0.7513179519657798
189,1555819200,336,80,0,416,16,-0.46350568571056794,-0.9347783306174977
189,1555833600,64,52,0,116,16,-0.46350568571056794,-1.4666699024103296
189,1555848000,220,286,66,506,16,2.2244394205440225,-0.775210859079648
189,1555862400,503,509,6,1012,16,-0.21914703968742336,0.1219129253442619
189,1555876800,631,486,0,1117,16,-0.46350568571056794,0.3080749754717531
189,1555891200,536,278,0,814,16,-0.46350568571056794,-0.2291355120390072
189,1555905600,106,40,0,146,16,-0.46350568571056794,-1.4134807452310465
189,1555920000,154,176,22,330,16,0.4324760163742956,-1.0872539145314428
189,1555934400,597,599,2,1196,16,-0.3820528037028531,0.4481397560438655
189,1555948800,594,452,0,1046,16,-0.46350568571056794,0.18219397014744954
189,1555963200,797,883,86,1680,16,3.0389682406211715,1.3062581585363011
189,1555977600,652,241,0,893,17,-0.2833677766413742,-0.08190722383995383
189,1555992000,117,14,0,131,17,-0.2833677766413742,-1.4471982612221856
189,1556006400,192,184,0,376,17,-0.2833677766413742,-1.0082267334549326
189,1556020800,681,657,0,1338,17,-0.2833677766413742,0.7154084082270976
189,1556035200,642,518,0,1160,17,-0.2833677766413742,0.39648215540027704
189,1556049600,988,871,0,1859,17,-0.2833677766413742,1.6488947999280723
189,1556064000,788,247,0,1035,17,-0.2833677766413742,0.172517090212903
189,1556078400,146,21,0,167,17,-0.2833677766413742,-1.382696322448222
189,1556092800,194,189,0,383,17,-0.2833677766413742,-0.9956846898044397
189,1556107200,694,621,0,1315,17,-0.2833677766413742,0.6741988362326208
189,1556121600,656,551,0,1207,17,-0.2833677766413742,0.4806930199107296
189,1556136000,957,896,0,1853,17,-0.2833677766413742,1.6381444767990785
189,1556150400,761,244,0,1005,17,-0.2833677766413742,0.11876547456793327
189,1556164800,132,29,0,161,17,-0.2833677766413742,-1.3934466455772159
189,1556179200,171,175,4,346,17,-0.15258264896073995,-1.0619783490999024
189,1556193600,691,662,0,1353,17,-0.2833677766413742,0.7422842160495825
189,1556208000,742,554,0,1296,17,-0.2833677766413742,0.6401561463241399
189,1556222400,1055,933,0,1988,17,-0.2833677766413742,1.880026747201442
189,1556236800,852,319,0,1171,17,-0.2833677766413742,0.4161910811367659
189,1556251200,213,25,0,238,17,-0.2833677766413742,-1.2554841654217934
189,1556265600,161,191,30,352,17,0.6975206809633828,-1.0512280259709084
189,1556280000,683,635,0,1318,17,-0.2833677766413742,0.6795739977971177
189,1556294400,629,523,0,1152,17,-0.2833677766413742,0.3821483912282851
189,1556308800,863,1046,183,1909,17,5.700051814747644,1.738480826003022
189,1556323200,836,542,0,1378,17,-0.2833677766413742,0.7870772290870572
189,1556337600,299,79,0,378,17,-0.2833677766413742,-1.0046432924119346
189,1556352000,69,60,0,129,17,-0.2833677766413742,-1.4507817022651837
189,1556366400,294,366,72,660,17,2.0707645216100423,-0.49937810534921895
189,1556380800,742,569,0,1311,17,-0.2833677766413742,0.6670319541466248
189,1556395200,944,716,0,1660,17,-0.2833677766413742,1.292342416149773
189,1556409600,888,508,0,1396,17,-0.2833677766413742,0.8193281984740391
189,1556424000,388,114,0,502,17,-0.2833677766413742,-0.7824699477460597
189,1556438400,80,50,0,130,17,-0.2833677766413742,-1.4489899817436847
189,1556452800,249,291,42,540,17,1.0898760640052856,-0.714384567929098
189,1556467200,560,394,0,954,17,-0.2833677766413742,0.027387727971484678
189,1556481600,615,510,0,1125,17,-0.2833677766413742,0.3337719371478123
189,1556496000,530,252,0,782,17,-0.2833677766413742,-0.28078820172634195
189,1556510400,108,31,0,139,17,-0.2833677766413742,-1.4328644970501938
189,1556524800,176,209,33,385,17,0.7956095267238585,-0.9921012487614417
189,1556539200,675,622,0,1297,17,-0.2833677766413742,0.6419478668456389
189,1556553600,607,433,0,1040,17,-0.2833677766413742,0.181475692820398
189,1556568000,820,794,0,1614,17,-0.2833677766413742,1.2099232721608193
189,1556582400,676,221,0,897,18,-0.2792117999941488,0.04909456230858031
189,1556596800,130,20,0,150,18,-0.2792117999941488,-1.3771024727556804
189,1556611200,179,203,24,382,18,1.426518469061015,-0.9341604217049327
189,1556625600,701,588,0,1289,18,-0.2792117999941488,0.7975138899460504
189,1556640000,620,498,0,1118,18,-0.2792117999941488,0.4710350505939908
189,1556654400,919,821,0,1740,18,-0.2792117999941488,1.6585779633248745
189,1556668800,746,248,0,994,18,-0.2792117999941488,0.23429016123928084
189,1556683200,153,24,0,177,18,-0.2792117999941488,-1.325553182331671
189,1556697600,188,209,21,397,18,1.2133021854291195,-0.9055219270249275
189,1556712000,772,568,0,1340,18,-0.2792117999941488,0.8948847718580683
189,1556726400,665,528,0,1193,18,-0.2792117999941488,0.6142275239940169
189,1556740800,1013,872,0,1885,18,-0.2792117999941488,1.9354167452315918
189,1556755200,769,300,0,1069,18,-0.2792117999941488,0.37748263463930704
189,1556769600,144,30,0,174,18,-0.2792117999941488,-1.331280881267672
189,1556784000,198,206,8,404,18,0.2893649563575724,-0.8921572961742584
189,1556798400,739,586,0,1325,18,-0.2792117999941488,0.866246277178063
189,1556812800,669,510,0,1179,18,-0.2792117999941488,0.5874982622926788
189,1556827200,890,870,0,1760,18,-0.2792117999941488,1.696762622898215
189,1556841600,810,248,0,1058,18,-0.2792117999941488,0.3564810718739698
189,1556856000,183,28,0,211,18,-0.2792117999941488,-1.2606392610569925
189,1556870400,181,193,12,374,18,0.573653334533433,-0.9494342855342689
189,1556884800,696,600,0,1296,18,-0.2792117999941488,0.8108785207967196
189,1556899200,725,466,0,1191,18,-0.2792117999941488,0.6104090580366829
189,1556913600,925,1012,87,1937,18,5.90406042533082,2.034696860122277
189,1556928000,806,305,0,1111,18,-0.2792117999941488,0.4576704197433217
189,1556942400,327,88,0,415,18,-0.2792117999941488,-0.8711557334089213
189,1556956800,91,44,0,135,18,-0.2792117999941488,-1.4057409674356858
189,1556971200,313,203,0,516,18,-0.2792117999941488,-0.6783232025635527
189,1556985600,649,343,0,992,18,-0.2792117999941488,0.2304716952819468
189,1557000000,825,304,0,1129,18,-0.2792117999941488,0.49203661335932797
189,1557014400,816,195,0,1011,18,-0.2792117999941488,0.2667471218766201
189,1557028800,391,83,0,474,18,-0.2792117999941488,-0.7585109876675673
189,1557043200,68,30,0,98,18,-0.2792117999941488,-1.4763825876463652
189,1557057600,210,165,0,375,18,-0.2792117999941488,-0.9475250525556019
189,1557072000,535,287,0,822,18,-0.2792117999941488,-0.09409791109144587
189,1557086400,608,305,0,913,18,-0.2792117999941488,0.07964228996725256
189,1557100800,443,95,0,538,18,-0.2792117999941488,-0.6363200770328783
189,1557115200,114,25,0,139,18,-0.2792117999941488,-1.3981040355210177
189,1557129600,199,190,0,389,18,-0.2792117999941488,-0.9207957908542637
189,1557144000,648,625,0,1273,18,-0.2792117999941488,0.7669661622873782
189,1557158400,590,485,0,1075,18,-0.2792117999941488,0.3889380325113091
189,1557172800,818,831,13,1649,18,0.6447254290773982,1.4848377622661761
189,1557187200,697,320,0,1017,19,-0.4263630882930331,0.18093334594196825
189,1557201600,137,33,0,170,19,-0.4263630882930331,-1.4075471201339396
189,1557216000,203,214,11,417,19,0.31416227558434023,-0.9443184600149912
189,1557230400,666,625,0,1291,19,-0.4263630882930331,0.6947983373289797
189,1557244800,619,474,0,1093,19,-0.4263630882930331,0.3234652413631831
189,1557259200,945,854,0,1799,19,-0.4263630882930331,1.6475115330392054
189,1557273600,751,416,0,1167,19,-0.4263630882930331,0.4622462974312081
189,1557288000,150,45,0,195,19,-0.4263630882930331,-1.3606616282190662
189,1557302400,195,204,9,399,19,0.1795213003339087,-0.9780760141936999
189,1557316800,712,570,0,1282,19,-0.4263630882930331,0.6779195602396253
189,1557331200,658,489,0,1147,19,-0.4263630882930331,0.42473790389930943
189,1557345600,938,877,0,1815,19,-0.4263630882930331,1.6775182478647244
189,1557360000,822,349,0,1171,19,-0.4263630882930331,0.46974797613758784
189,1557374400,142,50,0,192,19,-0.4263630882930331,-1.3662878872488509
189,1557388800,198,221,23,419,19,1.1220081270869293,-0.9405676206618013
189,1557403200,727,594,0,1321,19,-0.4263630882930331,0.7510609276268277
189,1557417600,735,457,0,1192,19,-0.4263630882930331,0.5091317893460814
189,1557432000,951,998,47,1949,19,2.737699830092107,1.928824484528445
189,1557446400,845,468,0,1313,19,-0.4263630882930331,0.7360575702140683
189,1557460800,243,50,0,293,19,-0.4263630882930331,-1.1768704999127628
189,1557475200,189,203,14,392,19,0.5161237384599875,-0.9912039519298644
189,1557489600,731,532,0,1263,19,-0.4263630882930331,0.6422865863843216
189,1557504000,700,536,0,1236,19,-0.4263630882930331,0.5916502551162585
189,1557518400,950,999,49,1949,19,2.8723408053425388,1.928824484528445
189,1557532800,887,484,0,1371,19,-0.4263630882930331,0.8448319114565743
189,1557547200,395,81,0,476,19,-0.4263630882930331,-0.8336686990958901
189,1557561600,79,84,5,163,19,-0.08976065016695432,-1.420675057870104
189,1557576000,284,299,15,583,19,0.5834442260852033,-0.6329987937002324
189,1557590400,644,517,0,1161,19,-0.4263630882930331,0.45099377937163854
189,1557604800,826,653,0,1479,19,-0.4263630882930331,1.047377236528827
189,1557619200,871,393,0,1264,19,-0.4263630882930331,0.6441620060609166
189,1557633600,354,76,0,430,19,-0.4263630882930331,-0.9199380042192571
189,1557648000,68,45,0,113,19,-0.4263630882930331,-1.5144460416998506
189,1557662400,231,298,67,529,19,4.084109582596422,-0.7342714562363587
189,1557676800,466,353,0,819,19,-0.4263630882930331,-0.19039975002382836
189,1557691200,472,404,0,876,19,-0.4263630882930331,-0.08350082845791722
189,1557705600,429,190,0,619,19,-0.4263630882930331,-0.5654836853428148
189,1557720000,99,28,0,127,19,-0.4263630882930331,-1.4881901662275216
189,1557734400,197,191,0,388,19,-0.4263630882930331,-0.9987056306362442
189,1557748800,645,551,0,1196,19,-0.4263630882930331,0.5166334680524611
189,1557763200,606,458,0,1064,19,-0.4263630882930331,0.2690780707419301
189,1557777600,748,774,26,1522,19,1.3239695899625767,1.128020282622409
189,1557792000,613,273,0,886,20,-0.3569574195113905,-0.1188956708969479
189,1557806400,135,32,0,167,20,-0.3569574195113905,-1.4511448247915806
189,1557820800,250,210,0,460,20,-0.3569574195113905,-0.9082393976829194
189,1557835200,681,637,0,1318,20,-0.3569574195113905,0.6815655731676992
189,1557849600,648,454,0,1102,20,-0.3569574195113905,0.28133495113537565
189,1557864000,910,913,3,1823,20,-0.13862424058694778,1.6172899441229
189,1557878400,678,395,0,1073,20,-0.3569574195113905,0.22760028428844334
189,1557892800,145,44,0,189,20,-0.3569574195113905,-1.4103805947697698
189,1557907200,204,213,9,417,20,0.29804211726193763,-0.9879149381800949
189,1557921600,715,582,0,1297,20,-0.3569574195113905,0.6426542626923344
189,1557936000,661,445,0,1106,20,-0.3569574195113905,0.2887466293211594
189,1557950400,903,909,6,1812,20,0.07970893833749493,1.5969078291119947
189,1557964800,825,411,0,1236,20,-0.3569574195113905,0.529626170359132
189,1557979200,184,51,0,235,20,-0.3569574195113905,-1.3251462956332565
189,1557993600,199,246,47,445,20,3.063595716971545,-0.9360331908796085
189,1558008000,693,605,0,1298,20,-0.3569574195113905,0.6445071822387803
189,1558022400,706,474,0,1180,20,-0.3569574195113905,0.42586267575815917
189,1558036800,1021,939,0,1960,20,-0.3569574195113905,1.8711399219859943
189,1558051200,919,466,0,1385,20,-0.3569574195113905,0.8057111827795773
189,1558065600,194,54,0,248,20,-0.3569574195113905,-1.3010583415294592
189,1558080000,194,212,18,406,20,0.9530416540352658,-1.0082970531910003
189,1558094400,672,502,0,1174,20,-0.3569574195113905,0.4147451584794835
189,1558108800,748,535,0,1283,20,-0.3569574195113905,0.6167133890420913
189,1558123200,973,941,0,1914,20,-0.3569574195113905,1.785905622849481
189,1558137600,883,502,0,1385,20,-0.3569574195113905,0.8057111827795773
189,1558152000,345,77,0,422,20,-0.3569574195113905,-0.9786503404478651
189,1558166400,100,73,0,173,20,-0.3569574195113905,-1.4400273075129049
189,1558180800,270,316,46,586,20,2.9908179906633974,-0.6747715348307306
189,1558195200,635,537,0,1172,20,-0.3569574195113905,0.4110393193865916
189,1558209600,797,613,0,1410,20,-0.3569574195113905,0.8520341714407259
189,1558224000,852,444,0,1296,20,-0.3569574195113905,0.6408013431458884
189,1558238400,339,98,0,437,20,-0.3569574195113905,-0.9508565472511761
189,1558252800,78,59,0,137,20,-0.3569574195113905,-1.5067324111849587
189,1558267200,241,304,63,545,20,4.228039337901906,-0.7507412362350142
189,1558281600,562,418,0,980,20,-0.3569574195113905,0.05527876646897069
189,1558296000,690,524,0,1214,20,-0.3569574195113905,0.4888619403373212
189,1558310400,600,270,0,870,20,-0.3569574195113905,-0.148542383640083
189,1558324800,105,45,0,150,20,-0.3569574195113905,-1.4826444570811614
189,1558339200,190,204,14,394,20,0.6619307488026754,-1.0305320877483515
189,1558353600,690,602,0,1292,20,-0.3569574195113905,0.6333896649601047
189,1558368000,704,562,0,1266,20,-0.3569574195113905,0.5852137567525102
189,1558382400,904,860,0,1764,20,-0.3569574195113905,1.5079676908825896
189,1558396800,761,369,0,1130,21,-0.35100695095440826,0.4373931843860632
189,1558411200,165,57,0,222,21,-0.35100695095440826,-1.2620375541122406
189,1558425600,238,193,0,431,21,-0.35100695095440826,-0.8708690250966619
189,1558440000,712,577,0,1289,21,-0.35100695095440826,0.734980725598872
189,1558454400,653,531,0,1184,21,-0.35100695095440826,0.5384606512130549
189,1558468800,965,1026,61,1991,21,1.3699112403603821,2.048857794349763
189,1558483200,835,490,0,1325,21,-0.35100695095440826,0.8023590368168664
189,1558497600,190,54,0,244,21,-0.35100695095440826,-1.2208619194790218
189,1558512000,228,207,0,435,21,-0.35100695095440826,-0.8633825460724402
189,1558526400,692,612,0,1304,21,-0.35100695095440826,0.763055021939703
189,1558540800,674,485,0,1159,21,-0.35100695095440826,0.49167015731166985
189,1558555200,969,897,0,1866,21,-0.35100695095440826,1.8149053248428382
189,1558569600,838,476,0,1314,21,-0.35100695095440826,0.781771219500257
189,1558584000,168,45,0,213,21,-0.35100695095440826,-1.2788821319167392
189,1558598400,198,209,11,407,21,-0.04067744104518378,-0.9157878992419914
189,1558612800,726,585,0,1311,21,-0.35100695095440826,0.7761563602320908
189,1558627200,692,488,0,1180,21,-0.35100695095440826,0.5309741721888332
189,1558641600,904,876,0,1780,21,-0.35100695095440826,1.6539460258220737
189,1558656000,841,448,0,1289,21,-0.35100695095440826,0.734980725598872
189,1558670400,212,57,0,269,21,-0.35100695095440826,-1.1740714255776368
189,1558684800,163,205,42,368,21,0.8338875414262671,-0.9887810697281522
189,1558687298,118,45,0,163,21,-0.35100695095440826,-1.3724631197195092
189,1558699200,474,640,166,1114,21,4.33214747131207,0.4074472682891768
189,1558713600,711,689,0,1400,21,-0.35100695095440826,0.9427305185210214
189,1558728000,969,840,0,1809,21,-0.35100695095440826,1.7082229987476802
189,1558742400,826,476,0,1302,21,-0.35100695095440826,0.7593117824275921
189,1558756800,331,111,0,442,21,-0.35100695095440826,-0.8502812077800525
189,1558771200,72,64,0,136,21,-0.35100695095440826,-1.422996853133005
189,1558785600,240,350,110,590,21,2.7522881481378367,-0.5732814838838531
189,1558800000,557,470,0,1027,21,-0.35100695095440826,0.24461634951235695
189,1558814400,791,591,0,1382,21,-0.35100695095440826,0.9090413629120242
189,1558828800,795,503,0,1298,21,-0.35100695095440826,0.7518253034033705
189,1558843200,327,86,0,413,21,-0.35100695095440826,-0.9045581807056591
189,1558857600,61,56,0,117,21,-0.35100695095440826,-1.4585576284980577
189,1558872000,254,270,16,524,21,0.1003814270953728,-0.6968083877835096
189,1558886400,530,460,0,990,21,-0.35100695095440826,0.17536641853830712
189,1558900800,648,552,0,1200,21,-0.35100695095440826,0.5684065673099412
189,1558915200,628,370,0,998,21,-0.35100695095440826,0.19033937658675032
189,1558929600,197,78,0,275,21,-0.35100695095440826,-1.1628417070413044
189,1558944000,60,66,6,126,21,-0.18173630918574035,-1.4417130506935592
189,1558958400,199,322,123,521,21,3.1190412053032834,-0.7024232470516758
189,1558972800,467,453,0,920,21,-0.35100695095440826,0.04435303561442906
189,1558987200,621,462,0,1083,21,-0.35100695095440826,0.3494270558514594
189,1559001600,549,213,0,762,22,-0.440965020031097,-0.3232580984669742
189,1559016000,115,50,0,165,22,-0.440965020031097,-1.4293407350609848
189,1559030400,183,225,42,408,22,0.34554892874024284,-0.9791261945377945
189,1559044800,628,572,0,1200,22,-0.440965020031097,0.48823971531556626
189,1559059200,583,489,0,1072,22,-0.440965020031097,0.2510896692786595
189,1559073600,830,806,0,1636,22,-0.440965020031097,1.29603205962878
189,1559088000,636,241,0,877,22,-0.440965020031097,-0.11019360398069071
189,1559102400,141,20,0,161,22,-0.440965020031097,-1.436751673999638
189,1559116800,231,191,0,422,22,-0.440965020031097,-0.9531879082525079
189,1559131200,686,602,0,1288,22,-0.440965020031097,0.6512803719659397
189,1559145600,660,529,0,1189,22,-0.440965020031097,0.4678596332342696
189,1559160000,907,987,80,1894,22,1.0571567871524072,1.7740376211719202
189,1559174400,710,238,0,948,22,-0.440965020031097,0.021350562180406034
189,1559188800,126,16,0,142,22,-0.440965020031097,-1.4719536339582415
189,1559203200,205,199,0,404,22,-0.440965020031097,-0.9865371334764479
189,1559217600,691,587,0,1278,22,-0.440965020031097,0.6327530246193064
189,1559232000,659,484,0,1143,22,-0.440965020031097,0.3826338354397562
189,1559246400,906,992,86,1898,22,1.1695159226911702,1.7814485601105736
189,1559260800,759,281,0,1040,22,-0.440965020031097,0.1918021577694328
189,1559275200,207,34,0,241,22,-0.440965020031097,-1.2885328952265713
189,1559289600,173,191,18,364,22,-0.10388761341480848,-1.0606465228629811
189,1559304000,680,597,0,1277,22,-0.440965020031097,0.630900289884643
189,1559318400,714,536,0,1250,22,-0.440965020031097,0.580876452048733
189,1559332800,950,899,0,1849,22,-0.440965020031097,1.6906645581120703
189,1559347200,947,537,0,1484,22,-0.440965020031097,1.0144163799599533
189,1559361600,314,118,0,432,22,-0.440965020031097,-0.9346605609058745
189,1559376000,77,83,6,160,22,-0.32860588449233413,-1.4386044087343015
189,1559390400,275,424,149,699,22,2.3492868458481797,-0.43998038675076423
189,1559404800,577,661,84,1238,22,1.1320628775115826,0.5586436352327729
189,1559419200,798,949,151,1747,22,2.3867398910277675,1.5016856151764102
189,1559433600,736,557,0,1293,22,-0.440965020031097,0.6605440456392564
189,1559448000,325,108,0,433,22,-0.440965020031097,-0.9328078261712112
189,1559462400,85,56,0,141,22,-0.440965020031097,-1.4738063686929048
189,1559476800,234,473,239,707,22,4.034673878929623,-0.4251585088734575
189,1559491200,589,723,134,1312,22,2.0683890070012727,0.6957460055978597
189,1559505600,710,690,0,1400,22,-0.440965020031097,0.8587866622482332
189,1559520000,538,307,0,845,22,-0.440965020031097,-0.1694811154899174
189,1559534400,113,51,0,164,22,-0.440965020031097,-1.431193469795648
189,1559548800,199,181,0,380,22,-0.440965020031097,-1.031002767108368
189,1559563200,670,562,0,1232,22,-0.440965020031097,0.5475272268247929
189,1559577600,639,479,0,1118,22,-0.440965020031097,0.3363154670731729
189,1559592000,826,813,0,1639,22,-0.440965020031097,1.30159026383277
189,1559606400,380,377,0,757,23,-0.4079271132522685,-0.2231728964808027
189,1559620800,50,48,0,98,23,-0.4079271132522685,-1.4251537154719793
189,1559635200,188,207,19,395,23,0.6030226891555273,-0.8834415709494005
189,1559649600,718,577,0,1295,23,-0.4079271132522685,0.7581103821493231
189,1559664000,618,510,0,1128,23,-0.4079271132522685,0.4535112975187822
189,1559678400,974,935,0,1909,23,-0.4079271132522685,1.8780136034855635
189,1559692800,380,450,70,830,23,3.3166247903554003,-0.0900247936183507
189,1559707200,47,42,0,89,23,-0.4079271132522685,-1.4415692350029665
189,1559721600,205,196,0,401,23,-0.4079271132522685,-0.8724978912620757
189,1559736000,742,572,0,1314,23,-0.4079271132522685,0.7927653678258518
189,1559750400,604,524,0,1128,23,-0.4079271132522685,0.4535112975187822
189,1559764800,910,923,13,1833,23,0.28377538313201284,1.7393936607794491
189,1559779200,409,396,0,805,23,-0.4079271132522685,-0.13562345898220413
189,1559793600,46,41,0,87,23,-0.4079271132522685,-1.4452171282320747
189,1559808000,193,215,22,408,23,0.7626463421672844,-0.8597302649601967
189,1559822400,688,609,0,1297,23,-0.4079271132522685,0.7617582753784314
189,1559836800,647,545,0,1192,23,-0.4079271132522685,0.570243880850247
189,1559851200,952,883,0,1835,23,-0.4079271132522685,1.7430415540085573
189,1559865600,428,477,49,905,23,2.1992592192730998,0.04677120247320961
189,1559880000,76,67,0,143,23,-0.4079271132522685,-1.343076117817043
189,1559894400,177,197,20,374,23,0.6562305734927796,-0.9217444498550373
189,1559908800,674,583,0,1257,23,-0.4079271132522685,0.688800410796266
189,1559923200,764,522,0,1286,23,-0.4079271132522685,0.741694862618336
189,1559937600,1007,1089,82,2096,23,3.9551194024024285,2.219091620407187
189,1559952000,875,543,0,1418,23,-0.4079271132522685,0.982455815739482
189,1559966400,356,97,0,453,23,-0.4079271132522685,-0.7776526673052605
189,1559980800,99,40,0,139,23,-0.4079271132522685,-1.3503719042752595
189,1559995200,308,197,0,505,23,-0.4079271132522685,-0.6828074433484453
189,1560009600,704,323,0,1027,23,-0.4079271132522685,0.26929268944881435
189,1560024000,802,383,0,1185,23,-0.4079271132522685,0.557476254548368
189,1560038400,807,299,0,1106,23,-0.4079271132522685,0.4133844719985912
189,1560052800,378,81,0,459,23,-0.4079271132522685,-0.7667089876179356
189,1560067200,68,44,0,112,23,-0.4079271132522685,-1.3996184628682213
189,1560081600,241,238,0,479,23,-0.4079271132522685,-0.7302300553268529
189,1560096000,590,324,0,914,23,-0.4079271132522685,0.06318672200419684
189,1560110400,695,358,0,1053,23,-0.4079271132522685,0.31671530142722193
189,1560124800,529,184,0,713,23,-0.4079271132522685,-0.30342654752118475
189,1560139200,114,41,0,155,23,-0.4079271132522685,-1.3211887584423934
189,1560153600,206,210,4,416,23,-0.19509557590325885,-0.8451386920437636
189,1560168000,724,548,0,1272,23,-0.4079271132522685,0.7161596100145781
189,1560182400,553,455,0,1008,23,-0.4079271132522685,0.23463770377228574
189,1560196800,807,850,43,1657,23,1.8800119132495852,1.4183790566179209
189,1560211200,597,274,0,871,24,-0.3278817355188534,-0.1967022212726482
189,1560225600,117,19,0,136,24,-0.3278817355188534,-1.5011485307649461
189,1560240000,178,206,28,384,24,3.2259332042983964,-1.0610088236165245
189,1560254400,674,525,0,1199,24,-0.3278817355188534,0.3854180365688127
189,1560268800,656,434,0,1090,24,-0.3278817355188534,0.19196953624954674
189,1560283200,905,848,0,1753,24,-0.3278817355188534,1.3686333501181094
189,1560297600,751,321,0,1072,24,-0.3278817355188534,0.1600239123436129
189,1560312000,152,44,0,196,24,-0.3278817355188534,-1.3946631177451667
189,1560326400,214,243,29,457,24,3.352855166434727,-0.9314515711091262
189,1560340800,758,577,0,1335,24,-0.3278817355188534,0.6267849727469794
189,1560355200,694,535,0,1229,24,-0.3278817355188534,0.4386607430787024
189,1560369600,998,955,0,1953,24,-0.3278817355188534,1.7235847268507076
189,1560384000,711,291,0,1002,24,-0.3278817355188534,0.035790930487203575
189,1560398400,108,59,0,167,24,-0.3278817355188534,-1.4461310673713934
189,1560412800,196,184,0,380,24,-0.3278817355188534,-1.0681078511511766
189,1560427200,712,554,0,1266,24,-0.3278817355188534,0.504326747774233
189,1560441600,608,484,0,1092,24,-0.3278817355188534,0.19551905001687273
189,1560456000,898,891,0,1789,24,-0.3278817355188534,1.432524597929977
189,1560470400,751,335,0,1086,24,-0.3278817355188534,0.18487050871489477
189,1560484800,151,62,0,213,24,-0.3278817355188534,-1.3644922507228958
189,1560499200,178,183,5,361,24,0.3067280751627983,-1.1018282319407733
189,1560513600,706,646,0,1352,24,-0.3278817355188534,0.6569558397692502
189,1560528000,696,567,0,1263,24,-0.3278817355188534,0.4990024771232441
189,1560542400,985,933,0,1918,24,-0.3278817355188534,1.6614682359225028
189,1561161600,5477,8633,3156,14110,25,4.122307736734045,4.075565395584675
189,1561176000,353,105,0,458,25,-0.25096592256952616,-0.3609144292149693
189,1561190400,100,80,0,180,25,-0.25096592256952616,-0.4512558730542823
189,1561204800,305,359,54,664,25,-0.17613804626965518,-0.29397076939159344
189,1561219200,664,456,0,1120,25,-0.25096592256952616,-0.14578480395732465
189,1561233600,777,661,0,1438,25,-0.25096592256952616,-0.04244459122026875
189,1561248000,767,442,0,1209,25,-0.25096592256952616,-0.11686254315984673
189,1561262400,353,109,0,462,25,-0.25096592256952616,-0.359614552325195
189,1561276800,67,55,0,122,25,-0.25096592256952616,-0.4701040879560095
189,1561291200,241,273,32,514,25,-0.2066234773547878,-0.3427161527581293
189,1561305600,562,517,0,1079,25,-0.25096592256952616,-0.1591085420775111
189,1561320000,723,599,0,1322,25,-0.25096592256952616,-0.0801410210237231
189,1561334400,599,268,0,867,25,-0.25096592256952616,-0.22800201723554836
189,1561348800,128,42,0,170,25,-0.25096592256952616,-0.454505565278718
189,1561363200,208,186,0,394,25,-0.25096592256952616,-0.3817124594513579
189,1561377600,689,532,0,1221,25,-0.25096592256952616,-0.11296291249052387
189,1561392000,643,558,0,1201,25,-0.25096592256952616,-0.11946229693939531
189,1561406400,843,861,18,1704,25,-0.22602329713623584,0.043997221949721395
189,1561420800,715,295,0,1010,26,-0.2982960002179227,-0.2206773834860991
189,1561435200,128,53,0,181,26,-0.2982960002179227,-1.3428580809367374
189,1561449600,195,187,0,382,26,-0.2982960002179227,-1.0707732556199965
189,1561464000,707,575,0,1282,26,-0.2982960002179227,0.14751700699227682
189,1561478400,591,465,0,1056,26,-0.2982960002179227,-0.15840921450813847
189,1561492800,921,900,0,1821,26,-0.2982960002179227,0.8771375087122938
189,1561507200,735,382,0,1117,26,-0.2982960002179227,-0.07583620781997329
189,1561521600,152,42,0,194,26,-0.2982960002179227,-1.3252605549212269
189,1561536000,197,206,9,403,26,-0.2713112989359367,-1.04234648282571
189,1561550400,740,664,0,1404,26,-0.2982960002179227,0.3126630203686072
189,1561564800,696,597,0,1293,26,-0.2982960002179227,0.16240722131309349
189,1561579200,1000,1010,10,2010,26,-0.2683129987934938,1.1329784638608713
189,1561593600,874,388,0,1262,26,-0.2982960002179227,0.12044389004533741
189,1561608000,249,53,0,302,26,-0.2982960002179227,-1.1790657234077542
189,1561622400,204,186,0,390,26,-0.2982960002179227,-1.0599440088412206
189,1561636800,740,603,0,1343,26,-0.2982960002179227,0.23009001368044202
189,1561651200,770,573,0,1343,26,-0.2982960002179227,0.23009001368044202
189,1561665600,1148,1123,0,2271,26,-0.2982960002179227,1.4862826400184304
189,1561680000,995,505,0,1500,26,-0.2982960002179227,0.44261398171391636
189,1561694400,331,103,0,434,26,-0.2982960002179227,-1.000383151557954
189,1561708800,183,197,14,380,26,-0.25631979822372225,-1.0734805673146903
189,1561708883,0,0,0,0,26,-0.2982960002179227,-1.5878697893065392
189,1561723200,673,715,42,1388,26,-0.17236739423532138,0.29100452681105565
189,1561737600,907,1021,114,1928,26,0.04351021602056655,1.0219786843784195
189,1561752000,1632,1687,55,3319,26,-0.13338949238356385,2.9049139680380556
189,1561766400,1634,833,0,2467,26,-0.2982960002179227,1.7515991860984366
189,1561780800,625,159,0,784,26,-0.2982960002179227,-0.5266036049865144
189,1561795200,116,96,0,212,26,-0.2982960002179227,-1.3008947496689813
189,1561809600,343,394,51,737,26,-0.1453826929533354,-0.590225429811822
189,1561824000,910,914,4,1824,26,-0.28630279964815114,0.8811984762543347
189,1561838400,1268,1046,0,2314,26,-0.2982960002179227,1.5444898414543502
189,1561852800,1321,706,0,2027,26,-0.2982960002179227,1.1559906132657698
189,1561867200,743,199,0,942,26,-0.2982960002179227,-0.3127259811056931
189,1561881600,128,78,0,206,26,-0.2982960002179227,-1.3090166847530633
189,1561896000,200,1125,925,1325,26,2.4751316315417484,0.20572420842819655
189,1561910400,106,1914,1808,2020,26,5.122630657318818,1.146515022334341
189,1561924800,178,1180,1002,1358,26,2.706000742509851,0.25039485139064654
189,1561939200,273,517,244,790,26,0.433289234538142,-0.5184816699024326
189,1561953600,527,144,0,671,26,-0.2982960002179227,-0.679566715736722
189,1561968000,222,207,0,429,26,-0.2982960002179227,-1.007151430794689
189,1561982400,663,616,0,1279,26,-0.2982960002179227,0.1434560394502359
189,1561996800,664,560,0,1224,26,-0.2982960002179227,0.06900496784615254
189,1562011200,994,824,0,1818,26,-0.2982960002179227,0.8730765411702529
189,1562025600,710,420,0,1130,27,-0.4478443979320412,0.7032812160898197
189,1562040000,189,54,0,243,27,-0.4478443979320412,-1.140882817429582
189,1562054400,202,169,0,371,27,-0.4478443979320412,-0.8747576806872106
189,1562068800,667,561,0,1228,27,-0.4478443979320412,0.9070332739081978
189,1562083200,623,481,0,1104,27,-0.4478443979320412,0.6492245476890255
189,1562097600,931,854,0,1785,27,-0.4478443979320412,2.065093439263673
189,1562112000,777,407,0,1184,27,-0.4478443979320412,0.8155527581530077
189,1562126400,184,48,0,232,27,-0.4478443979320412,-1.1637529463683796
189,1562140800,176,176,0,352,27,-0.4478443979320412,-0.9142606306724064
189,1562155200,553,569,16,1122,27,0.18176111547869453,0.6866483950434215
189,1562169600,728,618,0,1346,27,-0.4478443979320412,1.1523673843425715
189,1562184000,993,853,0,1846,27,-0.4478443979320412,2.19191869974246
189,1562198400,774,486,0,1260,27,-0.4478443979320412,0.9735645580937906
189,1562212800,221,51,0,272,27,-0.4478443979320412,-1.0805888411363884
189,1562227200,65,77,12,142,27,0.024359737126010594,-1.3508721831403594
189,1562241600,228,292,64,520,27,2.070577655710902,-0.5649713886980439
189,1562256000,482,413,0,895,27,-0.4478443979320412,0.21469209785187227
189,1562270400,488,439,0,927,27,-0.4478443979320412,0.2812233820374651
189,1562284800,497,266,0,763,27,-0.4478443979320412,-0.059749449413698225
189,1562299200,211,49,0,260,27,-0.4478443979320412,-1.1055380727059858
189,1562313600,73,141,68,214,27,2.2279790340635857,-1.2011767937227755
189,1562328000,345,431,86,776,27,2.9362852366506638,-0.03272111521330113
189,1562342400,535,478,0,1013,27,-0.4478443979320412,0.46002620828624585
189,1562356800,752,657,0,1409,27,-0.4478443979320412,1.2833508500829574
189,1562371200,652,470,0,1122,27,-0.4478443979320412,0.6866483950434215
189,1562385600,254,77,0,331,27,-0.4478443979320412,-0.9579217859192016
189,1562400000,77,49,0,126,27,-0.4478443979320412,-1.3841378252331558
189,1562414400,129,225,96,354,27,3.3297886825323735,-0.9101024254108068
189,1562428800,529,444,0,973,27,-0.4478443979320412,0.3768621030542548
189,1562443200,594,564,0,1158,27,-0.4478443979320412,0.7614960897522135
189,1562457600,560,419,0,979,27,-0.4478443979320412,0.38933671883905346
189,1562472000,260,72,0,332,27,-0.4478443979320412,-0.9558426832884018
189,1562486400,56,67,11,123,27,-0.014990607462160393,-1.3903751331255552
189,1562500800,182,252,70,434,27,2.306679723239928,-0.7437742149468246
189,1562515200,453,456,3,909,27,-0.3297933641675283,0.24379953468306914
189,1562529600,529,516,0,1045,27,-0.4478443979320412,0.5265574924718387
189,1562544000,449,209,0,658,27,-0.4478443979320412,-0.27805522564767476
189,1562558400,114,52,0,166,27,-0.4478443979320412,-1.3009737200011648
189,1562572800,156,167,11,323,27,-0.014990607462160393,-0.9745546069655998
189,1562587200,643,532,0,1175,27,-0.4478443979320412,0.7968408344758097
189,1562601600,543,443,0,986,27,-0.4478443979320412,0.4038904372546519
189,1562616000,812,853,41,1665,27,1.1655197301829692,1.8156011235677
189,1562630400,636,327,0,963,28,-0.43236516118420026,0.06556442275717166
189,1562644800,131,47,0,178,28,-0.43236516118420026,-1.3509880138771317
189,1562659200,181,192,11,373,28,-0.11378030557478955,-0.9991055614647889
189,1562673600,701,590,0,1291,28,-0.43236516118420026,0.6574487529687023
189,1562688000,620,536,0,1156,28,-0.43236516118420026,0.4138378243755418
189,1562702400,1200,892,0,2092,28,-0.43236516118420026,2.102873595954788
189,1562716800,932,345,0,1277,28,-0.43236516118420026,0.6321853974108931
189,1562731200,125,28,0,153,28,-0.43236516118420026,-1.3961011488017911
189,1562745600,182,178,0,360,28,-0.43236516118420026,-1.0225643916256117
189,1562760000,705,556,0,1261,28,-0.43236516118420026,0.6033129910591111
189,1562774400,576,520,0,1096,28,-0.43236516118420026,0.30556630055635936
189,1562788800,955,939,0,1894,28,-0.43236516118420026,1.7455775673514857
189,1562803200,756,388,0,1144,28,-0.43236516118420026,0.39218351961170533
189,1562817600,109,33,0,142,28,-0.43236516118420026,-1.4159509281686413
189,1562832000,192,218,26,410,28,0.32065358843804326,-0.932338121776293
189,1562846400,727,598,0,1325,28,-0.43236516118420026,0.718802616466239
189,1562860800,616,468,0,1084,28,-0.43236516118420026,0.2839119957925229
189,1562875200,883,981,98,1864,28,2.405936279699641,1.6914418054418945
189,1562889600,729,419,0,1148,28,-0.43236516118420026,0.39940162119965084
189,1562904000,141,43,0,184,28,-0.43236516118420026,-1.3401608614952136
189,1562918400,153,199,46,352,28,0.8998987804551536,-1.0370005948015029
189,1562932800,662,582,0,1244,28,-0.43236516118420026,0.5726360593103427
189,1562947200,716,557,0,1273,28,-0.43236516118420026,0.6249672958229475
189,1562961600,952,1030,78,1982,28,1.8266910876825302,1.904375802286287
189,1562976000,874,517,0,1391,28,-0.43236516118420026,0.8379012926673397
189,1562990400,326,92,0,418,28,-0.43236516118420026,-0.9179019186004022
189,1563004800,68,86,18,154,28,0.0889555116311991,-1.3942966234048049
189,1563019200,258,354,96,612,28,2.3480117604979296,-0.5678239915850456
189,1563033600,635,613,0,1248,28,-0.43236516118420026,0.5798541608982882
189,1563048000,754,602,0,1356,28,-0.43236516118420026,0.7747429037728166
189,1563062400,702,598,0,1300,28,-0.43236516118420026,0.6736894815415796
189,1563076800,323,130,0,453,28,-0.43236516118420026,-0.854743529705879
189,1563091200,82,60,0,142,28,-0.43236516118420026,-1.4159509281686413
189,1563105600,206,351,145,557,28,3.7671624809398505,-0.6670728884192961
189,1563120000,478,442,0,920,28,-0.43236516118420026,-0.012030169313242424
189,1563134400,548,471,0,1019,28,-0.43236516118420026,0.1666178449884086
189,1563148800,552,249,0,801,28,-0.43236516118420026,-0.22676869155462093
189,1563163200,117,49,0,166,28,-0.43236516118420026,-1.3726423186409684
189,1563177600,179,187,8,366,28,-0.20066708437735611,-1.0117372392436936
189,1563192000,647,535,0,1182,28,-0.43236516118420026,0.4607554846971875
189,1563206400,484,434,0,918,28,-0.43236516118420026,-0.015639220107215173
189,1563220800,785,886,101,1671,28,2.492823058502207,1.3431684038235243
189,1563235200,635,329,0,964,29,-0.36460945934698646,0.23293152021676564
189,1563249600,107,37,0,144,29,-0.36460945934698646,-1.3995799889947542
189,1563264000,189,203,14,392,29,-0.11903057951190278,-0.9058448008429776
189,1563278400,703,609,0,1312,29,-0.36460945934698646,0.9257534777845814
189,1563292800,588,484,0,1072,29,-0.36460945934698646,0.4479452311860878
189,1563307200,824,1126,302,1950,29,4.932877805666961,2.1959270666589106
189,1563321600,885,389,0,1274,29,-0.36460945934698646,0.8501005054064866
189,1563336000,159,38,0,197,29,-0.36460945934698646,-1.2940640012042537
189,1563350400,185,201,16,386,29,-0.08394788239260512,-0.9177900070079399
189,1563364800,746,614,0,1360,29,-0.36460945934698646,1.0213151271042802
189,1563379200,627,514,0,1141,29,-0.36460945934698646,0.5853151020831547
189,1563393600,849,1020,171,1869,29,2.6349611443529644,2.0346667834319185
189,1563408000,751,363,0,1114,29,-0.36460945934698646,0.5315616743408241
189,1563422400,99,30,0,129,29,-0.36460945934698646,-1.4294430044071602
189,1563436800,178,202,24,380,29,0.05638290608458555,-0.9297352131729022
189,1563451200,661,561,0,1222,29,-0.36460945934698646,0.7465753853101463
189,1563465600,555,545,0,1100,29,-0.36460945934698646,0.5036895266225787
189,1563480000,802,959,157,1761,29,2.3893822645178804,1.8196530724625966
189,1563494400,781,440,0,1221,29,-0.36460945934698646,0.7445845176159859
189,1563508800,155,36,0,191,29,-0.36460945934698646,-1.306009207369216
189,1563523200,149,178,29,327,29,0.1440896488828297,-1.035251200963403
189,1563537600,694,528,0,1222,29,-0.36460945934698646,0.7465753853101463
189,1563552000,597,514,0,1111,29,-0.36460945934698646,0.525589071258343
189,1563566400,510,535,25,1045,29,0.07392425464423438,0.39419180344375726
189,1563580800,625,393,0,1018,29,-0.36460945934698646,0.3404383757014267
189,1563595200,280,99,0,379,29,-0.36460945934698646,-0.9317260808670625
189,1563609600,82,63,0,145,29,-0.36460945934698646,-1.397589121300594
189,1563624000,239,296,57,535,29,0.635247408552997,-0.6211507205780418
189,1563638400,440,415,0,855,29,-0.36460945934698646,0.01592694155328312
189,1563652800,546,547,1,1093,29,-0.3470681107873376,0.489753452763456
189,1563667200,609,397,0,1006,29,-0.36460945934698646,0.31654796337150204
189,1563681600,237,101,0,338,29,-0.36460945934698646,-1.0133516563276386
189,1563696000,68,47,0,115,29,-0.36460945934698646,-1.4573151521254055
189,1563710400,212,271,59,483,29,0.6703301056722947,-0.7246758406743821
189,1563724800,449,429,0,878,29,-0.36460945934698646,0.061716898518972094
189,1563739200,524,423,0,947,29,-0.36460945934698646,0.199086769416039
189,1563753600,470,222,0,692,29,-0.36460945934698646,-0.3085844925948605
189,1563768000,115,28,0,143,29,-0.36460945934698646,-1.4015708566889147
189,1563782400,175,167,0,342,29,-0.36460945934698646,-1.005388185550997
189,1563796800,688,532,0,1220,29,-0.36460945934698646,0.7425936499218255
189,1563811200,557,420,0,977,29,-0.36460945934698646,0.25881280024085074
189,1563825600,753,771,18,1524,29,-0.048865185273307445,1.347817428946584
189,1563840000,510,300,0,810,30,-0.34807854216148426,-0.13650915724797869
189,1563854400,99,28,0,127,30,-0.34807854216148426,-1.4527786311355466
189,1563868800,171,166,0,337,30,-0.34807854216148426,-1.0480691296474218
189,1563883200,665,608,0,1273,30,-0.34807854216148426,0.7557789341282204
189,1563897600,530,479,0,1009,30,-0.34807854216148426,0.2470012751145777
189,1563912000,822,838,16,1660,30,0.3585945102026167,1.5016007297277647
189,1563926400,700,417,0,1117,30,-0.34807854216148426,0.45513759016561334
189,1563940800,160,55,0,215,30,-0.34807854216148426,-1.2831860781309992
189,1563955200,188,198,10,386,30,0.09359211556607883,-0.953636912633526
189,1563969600,684,611,0,1295,30,-0.34807854216148426,0.7981770723793573
189,1563984000,524,431,0,955,30,-0.34807854216148426,0.14293311758905988
189,1563998400,875,886,11,1761,30,0.13775918133883513,1.6962467280625295
189,1564012800,817,387,0,1204,30,-0.34807854216148426,0.6228029550678365
189,1564027200,122,49,0,171,30,-0.34807854216148426,-1.3679823546332728
189,1564041600,185,176,0,361,30,-0.34807854216148426,-1.0018166151916361
189,1564056000,693,580,0,1273,30,-0.34807854216148426,0.7557789341282204
189,1564070400,617,458,0,1075,30,-0.34807854216148426,0.3741956898679884
189,1564084800,954,892,0,1846,30,-0.34807854216148426,1.860057716760104
189,1564099200,840,428,0,1268,30,-0.34807854216148426,0.7461429936165984
189,1564113600,183,50,0,233,30,-0.34807854216148426,-1.2484966922891598
189,1564128000,176,177,1,353,30,-0.30391147638872795,-1.0172341200102313
189,1564142400,620,575,0,1195,30,-0.34807854216148426,0.6054582621469169
189,1564156800,639,583,0,1222,30,-0.34807854216148426,0.6574923409096758
189,1564171200,959,943,0,1902,30,-0.34807854216148426,1.9679802504902706
189,1564185600,844,528,0,1372,30,-0.34807854216148426,0.9465705562583364
189,1564200000,277,88,0,365,30,-0.34807854216148426,-0.9941078627823385
189,1564214400,89,78,0,167,30,-0.34807854216148426,-1.3756911070425706
189,1564228800,228,308,80,536,30,3.185286719659021,-0.6645586972848654
189,1564243200,558,471,0,1029,30,-0.34807854216148426,0.2855450371610658
189,1564257600,689,633,0,1322,30,-0.34807854216148426,0.8502111511421162
189,1564272000,670,458,0,1128,30,-0.34807854216148426,0.4763366592911818
189,1564286400,289,93,0,382,30,-0.34807854216148426,-0.9613456650428236
189,1564300800,57,47,0,104,30,-0.34807854216148426,-1.497103957489008
189,1564315200,193,314,121,507,30,4.996136416342029,-0.7204471522522731
189,1564329600,452,463,11,915,30,0.13775918133883513,0.06584559349608374
189,1564344000,550,567,17,1117,30,0.402761575975373,0.45513759016561334
189,1564358400,517,256,0,773,30,-0.34807854216148426,-0.20781511703398164
189,1564372800,96,42,0,138,30,-0.34807854216148426,-1.4315795620099783
189,1564387200,165,206,41,371,30,1.4627711545215245,-0.982544734168392
189,1564401600,630,559,0,1189,30,-0.34807854216148426,0.5938951335329704
189,1564416000,523,442,0,965,30,-0.34807854216148426,0.16220499861230395
189,1564430400,772,795,23,1567,30,0.6677639706119108,1.3223722362115953
189,1564444800,662,313,0,975,31,-0.42472372655932356,-0.03474050325697023
189,1564459200,111,43,0,154,31,-0.42472372655932356,-1.5196144212078162
189,1564473600,188,188,0,376,31,-0.42472372655932356,-1.1181016200079528
189,1564488000,647,577,0,1224,31,-0.42472372655932356,0.41560493592666026
189,1564502400,596,512,0,1108,31,-0.42472372655932356,0.20580545421862356
189,1564516800,819,908,89,1727,31,2.212514296495081,1.3253388954020262
189,1564531200,829,415,0,1244,31,-0.42472372655932356,0.4517772603590804
189,1564545600,146,49,0,195,31,-0.42472372655932356,-1.4454611561213548
189,1564560000,186,209,23,395,31,0.2568096951288933,-1.0837379117971537
189,1564574400,728,589,0,1317,31,-0.42472372655932356,0.5838062445374138
189,1564588800,621,482,0,1103,31,-0.42472372655932356,0.19676237311051856
189,1564603200,818,963,145,1781,31,3.8719000188663912,1.4230041713695607
189,1564617600,726,425,0,1151,31,-0.42472372655932356,0.28357595174832684
189,1564632000,118,42,0,160,31,-0.42472372655932356,-1.50876272387809
189,1564646400,174,204,30,378,31,0.4642329104253071,-1.1144843875647108
189,1564660800,673,614,0,1287,31,-0.42472372655932356,0.5295477578887836
189,1564675200,593,547,0,1140,31,-0.42472372655932356,0.2636811733104958
189,1564689600,946,876,0,1822,31,-0.42472372655932356,1.4971574364560218
189,1564704000,831,423,0,1254,31,-0.42472372655932356,0.46986342257529046
189,1564718400,192,65,0,257,31,-0.42472372655932356,-1.3333269503808525
189,1564732800,166,206,40,372,31,0.760551789420184,-1.125336084894437
189,1564747200,638,622,0,1260,31,-0.42472372655932356,0.4807151199050165
189,1564761600,647,645,0,1292,31,-0.42472372655932356,0.5385908389968886
189,1564776000,936,953,17,1889,31,0.07901836773196716,1.6183347233046292
189,1565395200,5505,8631,3126,14136,32,4.1148740168831415,4.082049514088951
189,1565409600,283,90,0,373,32,-0.27160164206617277,-0.3689687797486364
189,1565424000,67,36,0,103,32,-0.27160164206617277,-0.4562880371297414
189,1565438400,251,390,139,641,32,-0.07655362012312905,-0.2822963316814655
189,1565452800,544,552,8,1096,32,-0.2603758566306019,-0.13514721276145517
189,1565467200,747,540,0,1287,32,-0.27160164206617277,-0.07337692328074753
189,1565481600,620,401,0,1021,32,-0.27160164206617277,-0.15940256203398434
189,1565496000,344,81,0,425,32,-0.27160164206617277,-0.3521517375863495
189,1565510400,68,52,0,120,32,-0.27160164206617277,-0.4507901579613015
189,1565524800,221,372,151,593,32,-0.059714941969772756,-0.29781975521588416
189,1565539200,505,447,0,952,32,-0.27160164206617277,-0.18171748336471116
189,1565553600,688,512,0,1200,32,-0.27160164206617277,-0.10151312843688137
189,1565568000,561,272,0,833,32,-0.27160164206617277,-0.2202026375437908
189,1565582400,124,36,0,160,32,-0.27160164206617277,-0.43785397168261925
189,1565596800,154,187,33,341,32,-0.22529527714444295,-0.3793177287715822
189,1565611200,573,600,27,1173,32,-0.2337146162211211,-0.11024505417499188
189,1565625600,770,466,0,1236,32,-0.27160164206617277,-0.08987056078606737
189,1565640000,793,767,0,1560,32,-0.27160164206617277,0.01491254807125867
189,1565654400,603,313,0,916,33,-0.5155536068121803,0.4932319772973426
189,1565668800,117,32,0,149,33,-0.5155536068121803,-0.7858207943202015
189,1565683200,143,199,56,342,33,1.9180174414353532,-0.46397309559505673
189,1565683988,34,8,0,42,33,-0.5155536068121803,-0.964254492577147
189,1565684072,18,37,19,55,33,0.3101222845575185,-0.9425756320412564
189,1565697600,584,533,0,1117,33,-0.5155536068121803,0.828420513275343
189,1565712000,528,469,0,997,33,-0.5155536068121803,0.6283079544825069
189,1565726400,826,895,69,1721,33,2.4829535776356737,1.8356537258659513
189,1565740800,685,415,0,1100,33,-0.5155536068121803,0.8000712341130246
189,1565755200,144,50,0,194,33,-0.5155536068121803,-0.7107785847728879
189,1565769600,159,196,37,355,33,1.0923415500656541,-0.44229423505916615
189,1565784000,651,588,0,1239,33,-0.5155536068121803,1.031868281381393
189,1565798400,576,496,0,1072,33,-0.5155536068121803,0.7533783037280295
189,1565812800,831,858,27,1689,33,0.6577752914500232,1.7822903768545284
189,1565827200,720,397,0,1117,33,-0.5155536068121803,0.828420513275343
189,1565841600,146,43,0,189,33,-0.5155536068121803,-0.7191166080559228
189,1565856000,154,200,46,354,33,1.4834511828197223,-0.44396183971577313
189,1565870400,591,551,0,1142,33,-0.5155536068121803,0.8701106296905172
189,1565884800,541,512,0,1053,33,-0.5155536068121803,0.7216938152524971
189,1565899200,898,963,65,1861,33,2.309127074189421,2.069118377790927
189,1565913600,769,431,0,1200,33,-0.5155536068121803,0.9668316997737213
189,1565928000,169,46,0,215,33,-0.5155536068121803,-0.6757588869841417
189,1565942400,159,177,18,336,33,0.2666656586959554,-0.47397872353469855
189,1565956800,542,593,51,1135,33,1.7007343121275378,0.8584373970942685
189,1565971200,590,502,0,1092,33,-0.5155536068121803,0.7867303968601689
189,1565985600,794,890,96,1684,33,3.656282475897877,1.7739523535714936
189,1566000000,755,436,0,1191,33,-0.5155536068121803,0.9518232578642586
189,1566014400,5,9,4,14,33,-0.341727103365928,-1.010947422962142
189,1566028800,0,1,1,1,33,-0.47209698095061725,-1.0326262834980326
189,1566043200,0,2,2,2,33,-0.4286403550890542,-1.0309586788414258
189,1566057600,0,0,0,0,33,-0.5155536068121803,-1.0342938881546395
189,1566072000,2,1,0,3,33,-0.5155536068121803,-1.0292910741848187
189,1566086400,2,3,1,5,33,-0.47209698095061725,-1.0259558648716047
189,1566100800,1,1,0,2,33,-0.5155536068121803,-1.0309586788414258
189,1566115200,0,1,1,1,33,-0.47209698095061725,-1.0326262834980326
189,1566129600,0,1,1,1,33,-0.47209698095061725,-1.0326262834980326
189,1566144000,0,0,0,0,33,-0.5155536068121803,-1.0342938881546395
189,1566158400,0,1,1,1,33,-0.47209698095061725,-1.0326262834980326
189,1566172800,4,4,0,8,33,-0.5155536068121803,-1.020953050901784
189,1566187200,0,2,2,2,33,-0.4286403550890542,-1.0309586788414258
189,1566201600,160,153,0,313,33,-0.5155536068121803,-0.5123336306366588
189,1566216000,529,554,25,1083,33,0.5708620397268971,0.7717219549507062
189,1566230400,481,420,0,901,33,-0.5155536068121803,0.46821790744823805
189,1566244800,723,673,0,1396,33,-0.5155536068121803,1.2936822124686869
189,1566259200,529,291,0,820,34,-0.33603610116439936,0.30654104804274496
189,1566273600,109,24,0,133,34,-0.33603610116439936,-0.8501132477890013
189,1566288000,179,171,0,350,34,-0.33603610116439936,-0.48476538433122995
189,1566302400,598,569,0,1167,34,-0.33603610116439936,0.8907609034337435
189,1566316800,515,477,0,992,34,-0.33603610116439936,0.5961255296774762
189,1566331200,785,943,158,1728,34,5.323698841289799,1.8352777301609773
189,1566345600,814,383,0,1197,34,-0.33603610116439936,0.9412698246491036
189,1566360000,139,35,0,174,34,-0.33603610116439936,-0.7810843887946759
189,1566374400,151,171,20,322,34,0.3803860434500561,-0.5319070441322327
189,1566388800,612,571,0,1183,34,-0.33603610116439936,0.9176989947486022
189,1566403200,547,467,0,1014,34,-0.33603610116439936,0.633165405235407
189,1566417600,795,763,0,1558,34,-0.33603610116439936,1.5490605099406034
189,1566432000,678,393,0,1071,34,-0.33603610116439936,0.7291323555445911
189,1566446400,130,67,0,197,34,-0.33603610116439936,-0.7423608825295664
189,1566460800,156,184,28,340,34,0.6669549012958383,-0.5016016914030167
189,1566475200,596,551,0,1147,34,-0.33603610116439936,0.8570882892901701
189,1566489600,545,501,0,1046,34,-0.33603610116439936,0.6870415878651244
189,1566504000,842,800,0,1642,34,-0.33603610116439936,1.6904854893436116
189,1566518400,767,420,0,1187,34,-0.33603610116439936,0.9244335175773168
189,1566532800,141,43,0,184,34,-0.33603610116439936,-0.7642480817228892
189,1566547200,130,174,44,304,34,1.2400926169874027,-0.5622123968614487
189,1566561600,531,540,9,1071,34,-0.013646136087894405,0.7291323555445911
189,1566576000,576,512,0,1088,34,-0.33603610116439936,0.7577540775666285
189,1566590400,830,914,84,1744,34,2.6729369062163135,1.862215821475836
189,1566604800,701,449,0,1150,34,-0.33603610116439936,0.8621391814117061
189,1566619200,0,1,1,1,34,-0.30021499393367657,-1.0723525011365858
189,1566633600,1,3,2,4,34,-0.26439388670295383,-1.0673016090150498
189,1566648000,0,0,0,0,34,-0.33603610116439936,-1.0740361318437646
189,1566662400,0,0,0,0,34,-0.33603610116439936,-1.0740361318437646
189,1566676800,0,0,0,0,34,-0.33603610116439936,-1.0740361318437646
189,1566691200,1,2,1,3,34,-0.30021499393367657,-1.0689852397222284
189,1566705600,0,1,1,1,34,-0.30021499393367657,-1.0723525011365858
189,1566720000,0,5,5,5,34,-0.1569305650107855,-1.0656179783078712
189,1566734400,0,0,0,0,34,-0.33603610116439936,-1.0740361318437646
189,1566748800,0,1,1,1,34,-0.30021499393367657,-1.0723525011365858
189,1566763200,0,1,1,1,34,-0.30021499393367657,-1.0723525011365858
189,1566777600,0,0,0,0,34,-0.33603610116439936,-1.0740361318437646
189,1566792000,0,1,1,1,34,-0.30021499393367657,-1.0723525011365858
189,1566806400,143,177,34,320,34,0.881881544680175,-0.5352743055465901
189,1566820800,590,594,4,1184,34,-0.19275167224150827,0.9193826254557809
189,1566835200,501,441,0,942,34,-0.33603610116439936,0.5119439943185428
189,1566849600,817,704,0,1521,34,-0.33603610116439936,1.4867661737749926
189,1566864000,542,285,0,827,35,-0.4827091432145979,0.07057937816583425
189,1566878400,99,55,0,154,35,-0.4827091432145979,-1.3646700486222754
189,1566892800,153,182,29,335,35,0.5960793640062834,-0.9786668595455327
189,1566907200,595,558,0,1153,35,-0.4827091432145979,0.7658116413648294
189,1566921600,520,498,0,1018,35,-0.4827091432145979,0.4779087102854909
189,1566936000,788,907,119,1695,35,3.9440436967607417,1.921688594290766
189,1566950400,741,276,0,1017,35,-0.4827091432145979,0.4757760959811995
189,1566964800,133,43,0,176,35,-0.4827091432145979,-1.3177525339278646
189,1566979200,155,182,27,337,35,0.5216801566117397,-0.9744016309369499
189,1566993600,623,557,0,1180,35,-0.4827091432145979,0.8233922275806971
189,1567008000,577,506,0,1083,35,-0.4827091432145979,0.6165286400644316
189,1567022400,833,825,0,1658,35,-0.4827091432145979,1.8427818650319845
189,1567036800,625,290,0,915,35,-0.4827091432145979,0.25824943694347713
189,1567051200,123,58,0,181,35,-0.4827091432145979,-1.3070894624064076
189,1567065600,158,177,19,335,35,0.22408332703356562,-0.9786668595455327
189,1567080000,601,514,0,1115,35,-0.4827091432145979,0.6847722978017563
189,1567094400,586,504,0,1090,35,-0.4827091432145979,0.6314569401944714
189,1567108800,812,877,65,1689,35,1.935265097108067,1.9088929084650177
189,1567123200,672,372,0,1044,35,-0.4827091432145979,0.5333566821970672
189,1567137600,173,55,0,228,35,-0.4827091432145979,-1.206856590104712
189,1567152000,136,158,22,294,35,0.3356821381253809,-1.06610404602148
189,1567166400,497,454,0,951,35,-0.4827091432145979,0.33502355189796734
189,1567180800,665,573,0,1238,35,-0.4827091432145979,0.9470838572295981
189,1567195200,834,780,0,1614,35,-0.4827091432145979,1.748946835643163
189,1567209600,683,438,0,1121,35,-0.4827091432145979,0.6975679836275047
189,1567224000,299,91,0,390,35,-0.4827091432145979,-0.8613730728095058
189,1567238400,72,63,0,135,35,-0.4827091432145979,-1.4051897204038117
189,1567252800,229,300,71,529,35,2.1584627192916974,-0.5649396845130018
189,1567267200,496,500,4,996,35,-0.33391072842551084,0.4309911955910802
189,1567281600,650,574,0,1224,35,-0.4827091432145979,0.9172272569695185
189,1567296000,681,451,0,1132,35,-0.4827091432145979,0.7210267409747101
189,1567310400,282,98,0,380,35,-0.4827091432145979,-0.8826992158524198
189,1567324800,67,47,0,114,35,-0.4827091432145979,-1.4499746207939312
189,1567339200,196,246,50,442,35,1.3772710416489904,-0.7504771289863532
189,1567353600,408,488,80,896,35,2.493259152567143,0.2177297651619406
189,1567368000,638,578,0,1216,35,-0.4827091432145979,0.9001663425351873
189,1567382400,614,337,0,951,35,-0.4827091432145979,0.33502355189796734
189,1567396800,242,82,0,324,35,-0.4827091432145979,-1.002125616892738
189,1567411200,54,62,8,116,35,-0.18511231363642378,-1.4457093921853483
189,1567425600,205,256,51,461,35,1.414470645346262,-0.7099574572048167
189,1567440000,380,359,0,739,35,-0.4827091432145979,-0.1170906806118086
189,1567454400,459,392,0,851,35,-0.4827091432145979,0.12176212146882776
189,1567468800,406,259,0,665,36,-0.46324192604080733,-0.49559317100662814
189,1567483200,111,34,0,145,36,-0.46324192604080733,-1.5351393537558364
189,1567497600,189,201,12,390,36,0.035633994310831356,-1.0453531714989979
189,1567512000,615,501,0,1116,36,-0.46324192604080733,0.40601322980085836
189,1567526400,563,464,0,1027,36,-0.46324192604080733,0.2280909023687823
189,1567540800,854,821,0,1675,36,-0.46324192604080733,1.5235253762562573
189,1567555200,613,402,0,1015,36,-0.46324192604080733,0.2041013750745698
189,1567569600,120,55,0,175,36,-0.46324192604080733,-1.4751655355203053
189,1567584000,188,200,12,388,36,0.035633994310831356,-1.0493514260480334
189,1567598400,653,625,0,1278,36,-0.46324192604080733,0.7298718482727271
189,1567612800,634,461,0,1095,36,-0.46324192604080733,0.3640315570359865
189,1567627200,829,882,53,1711,36,1.7401267221789303,1.595493958138895
189,1567641600,733,354,0,1087,36,-0.46324192604080733,0.3480385388398448
189,1567656000,517,120,0,637,36,-0.46324192604080733,-0.551568734693124
189,1567670400,196,209,13,405,36,0.07720698767346791,-1.0153662623812323
189,1567684800,704,628,0,1332,36,-0.46324192604080733,0.8378247210966834
189,1567699200,666,524,0,1190,36,-0.46324192604080733,0.5539486481151688
189,1567713600,879,894,15,1773,36,0.16035297439874102,1.7194398491589928
189,1567728000,715,414,0,1129,36,-0.46324192604080733,0.4320018843695886
189,1567742400,165,59,0,224,36,-0.46324192604080733,-1.3772082990689376
189,1567756800,157,208,51,365,36,1.6569807354536572,-1.0953313533619407
189,1567771200,637,603,0,1240,36,-0.46324192604080733,0.6539050118410542
189,1567785600,680,548,0,1228,36,-0.46324192604080733,0.6299154845468417
189,1567800000,901,974,73,1875,36,2.571586589431661,1.923350831159799
189,1567814400,784,549,0,1333,36,-0.46324192604080733,0.839823848371201
189,1567828800,329,107,0,436,36,-0.46324192604080733,-0.9533933168711833
189,1567843200,71,103,32,174,36,0.8670938615635625,-1.477164662794823
189,1567857600,271,338,67,609,36,2.322148629255842,-0.6075442983796198
189,1567872000,575,586,11,1161,36,-0.005938999051805201,0.4959739571541552
189,1567886400,765,664,0,1429,36,-0.46324192604080733,1.031740066724901
189,1567900800,794,498,0,1292,36,-0.46324192604080733,0.757859630115975
189,1567915200,378,129,0,507,36,-0.46324192604080733,-0.811455280380426
189,1567929600,76,50,0,126,36,-0.46324192604080733,-1.573122771971673
189,1567944000,225,335,110,560,36,4.109787343849214,-0.7055015348309875
189,1567958400,542,520,0,1062,36,-0.46324192604080733,0.2980603569769021
189,1567972800,642,508,0,1150,36,-0.46324192604080733,0.47398355713446044
189,1567987200,521,270,0,791,36,-0.46324192604080733,-0.24370313441739688
189,1568001600,103,39,0,142,36,-0.46324192604080733,-1.5411367355793897
189,1568016000,201,220,19,421,36,0.3266449478492872,-0.983380225988949
189,1568030400,679,587,0,1266,36,-0.46324192604080733,0.7058823209785147
189,1568044800,595,508,0,1103,36,-0.46324192604080733,0.3800245752321281
189,1568059200,819,796,0,1615,36,-0.46324192604080733,1.403577739785195
189,1568073600,636,308,0,944,37,-0.31473559957900155,-0.003335891691756671
189,1568088000,112,31,0,143,37,-0.31473559957900155,-1.423919034654748
189,1568102400,208,198,0,406,37,-0.31473559957900155,-0.9574853684883726
189,1568116800,699,580,0,1279,37,-0.31473559957900155,0.590790641257809
189,1568131200,637,487,0,1124,37,-0.31473559957900155,0.3158962752662189
189,1568145600,918,853,0,1771,37,-0.31473559957900155,1.4633585642762756
189,1568160000,687,372,0,1059,37,-0.31473559957900155,0.2006179927536166
189,1568174400,141,44,0,185,37,-0.31473559957900155,-1.3494315290312204
189,1568188800,221,178,0,399,37,-0.31473559957900155,-0.9698999527589605
189,1568203200,699,617,0,1316,37,-0.31473559957900155,0.6564105866880595
189,1568217600,592,517,0,1109,37,-0.31473559957900155,0.2892935946863876
189,1568232000,932,938,6,1870,37,-0.058058023223310946,1.6389362561031622
189,1568246400,749,364,0,1113,37,-0.31473559957900155,0.29638764284100927
189,1568260800,130,31,0,161,37,-0.31473559957900155,-1.3919958179589504
189,1568275200,184,198,14,382,37,0.28417874525094317,-1.0000496574161026
189,1568289600,696,620,0,1316,37,-0.31473559957900155,0.6564105866880595
189,1568304000,629,459,0,1088,37,-0.31473559957900155,0.2520498418746238
189,1568318400,974,919,0,1893,37,-0.31473559957900155,1.679727032992237
189,1568332800,754,421,0,1175,37,-0.31473559957900155,0.40634538923764535
189,1568347200,183,49,0,232,37,-0.31473559957900155,-1.2660764632144157
189,1568361600,187,220,33,407,37,1.0969910703772967,-0.9557118564497171
189,1568376000,678,574,0,1252,37,-0.31473559957900155,0.5429058162141126
189,1568390400,680,622,0,1302,37,-0.31473559957900155,0.6315814181468836
189,1568404800,1076,1050,0,2126,37,-0.31473559957900155,2.0929553379989496
189,1568419200,878,571,0,1449,37,-0.31473559957900155,0.8922876878292304
189,1568433600,348,81,0,429,37,-0.31473559957900155,-0.9166945915992979
189,1568448000,62,74,12,136,37,0.19861955313237964,-1.436333618925336
189,1568462400,274,373,99,647,37,3.920444410289893,-0.5300689671724164
189,1568476800,596,580,0,1176,37,-0.31473559957900155,0.40811890127630074
189,1568491200,870,703,0,1573,37,-0.31473559957900155,1.1122031806225023
189,1568505600,782,530,0,1312,37,-0.31473559957900155,0.6493165385334378
189,1568520000,323,80,0,403,37,-0.31473559957900155,-0.9628059046043388
189,1568534400,59,56,0,115,37,-0.31473559957900155,-1.4735773717370997
189,1568548800,227,258,31,485,37,1.011431878258733,-0.8173779174345944
189,1568563200,526,523,0,1049,37,-0.31473559957900155,0.1828828723670624
189,1568577600,711,487,0,1198,37,-0.31473559957900155,0.44713616612671997
189,1568592000,542,264,0,806,37,-0.31473559957900155,-0.2480805530262046
189,1568606400,113,37,0,150,37,-0.31473559957900155,-1.41150445038416
189,1568620800,216,185,0,401,37,-0.31473559957900155,-0.9663529286816497
189,1568635200,713,624,0,1337,37,-0.31473559957900155,0.6936543394998234
189,1568649600,603,478,0,1081,37,-0.31473559957900155,0.23963525760403584
189,1568664000,907,1021,114,1928,37,4.56213835117912,1.7417999543451765
189,1568678400,777,334,0,1111,38,-0.29268337141048156,0.3133655681598323
189,1568692800,108,34,0,142,38,-0.29268337141048156,-1.5077613621513
189,1568707200,215,210,0,425,38,-0.29268337141048156,-0.9758945703266865
189,1568721600,726,654,0,1380,38,-0.29268337141048156,0.8189209285867617
189,1568736000,618,520,0,1138,38,-0.29268337141048156,0.36410904299822294
189,1568750400,932,891,0,1823,38,-0.29268337141048156,1.6514897935277644
189,1568764800,708,371,0,1079,38,-0.29268337141048156,0.25322515353655445
189,1568779200,118,41,0,159,38,-0.29268337141048156,-1.4758117668826836
189,1568793600,221,214,0,435,38,-0.29268337141048156,-0.9571006907569122
189,1568808000,740,613,0,1353,38,-0.29268337141048156,0.768177453748371
189,1568822400,620,488,0,1108,38,-0.29268337141048156,0.3077274042889
189,1568836800,995,907,0,1902,38,-0.29268337141048156,1.7999614421289813
189,1568851200,729,412,0,1141,38,-0.29268337141048156,0.36974720686915524
189,1568865600,129,39,0,168,38,-0.29268337141048156,-1.4588972752698866
189,1568880000,200,229,29,429,38,0.33715469639511303,-0.9683770184987767
189,1568894400,729,548,0,1277,38,-0.29268337141048156,0.6253439690180861
189,1568908800,662,494,0,1156,38,-0.29268337141048156,0.39793802622381674
189,1568923200,959,903,0,1862,38,-0.29268337141048156,1.7247859238498842
189,1568937600,780,465,0,1245,38,-0.29268337141048156,0.5652035543948083
189,1568952000,194,49,0,243,38,-0.29268337141048156,-1.3179431784965792
189,1568966400,184,229,45,413,38,0.6846515613913032,-0.9984472258104157
189,1568980800,694,584,0,1278,38,-0.29268337141048156,0.6272233569750635
189,1568995200,652,570,0,1222,38,-0.29268337141048156,0.5219776313843273
189,1569009600,990,1045,55,2035,38,0.9018371020139221,2.04992004040698
189,1569024000,871,305,0,1176,38,-0.29268337141048156,0.4355257853633654
189,1569038400,361,647,286,1008,38,5.918823090396417,0.11978860859115673
189,1569052800,66,86,20,152,38,0.1416877098347561,-1.4889674825815256
189,1569067200,294,378,84,672,38,1.5316751698195166,-0.5116857449532606
189,1569081600,606,510,0,1116,38,-0.29268337141048156,0.32276250794471945
189,1569096000,780,551,0,1331,38,-0.29268337141048156,0.7268309186948675
189,1569110400,733,406,0,1139,38,-0.29268337141048156,0.3659884309552004
189,1569124800,349,104,0,453,38,-0.29268337141048156,-0.9232717075313184
189,1569139200,72,45,0,117,38,-0.29268337141048156,-1.5547460610757358
189,1569153600,234,272,38,506,38,0.5326216829554701,-0.8236641458115144
189,1569168000,547,459,0,1006,38,-0.29268337141048156,0.11602983267720186
189,1569182400,630,440,0,1070,38,-0.29268337141048156,0.23631066192375755
189,1569196800,511,232,0,743,38,-0.29268337141048156,-0.3782492000078629
189,1569211200,135,29,0,164,38,-0.29268337141048156,-1.4664148270977964
189,1569225600,189,198,9,387,38,-0.09721638485012463,-1.047311312691829
189,1569240000,722,607,0,1329,38,-0.29268337141048156,0.7230721427809126
189,1569254400,605,469,0,1074,38,-0.29268337141048156,0.24382821375166727
189,1569268800,884,808,0,1692,38,-0.29268337141048156,1.4052899711637206
189,1569283200,603,316,0,919,39,-0.292752453099408,-0.03982694242641381
189,1569297600,121,32,0,153,39,-0.292752453099408,-1.4572079067434331
189,1569312000,214,217,3,431,39,-0.13578730803334244,-0.9428059379704157
189,1569326400,710,628,0,1338,39,-0.292752453099408,0.7354767443214074
189,1569340800,641,560,0,1201,39,-0.292752453099408,0.4819764935231938
189,1569355200,943,917,0,1860,39,-0.292752453099408,1.7013682108664259
189,1569369600,733,388,0,1121,39,-0.292752453099408,0.33394714999139025
189,1569384000,114,43,0,157,39,-0.292752453099408,-1.4498064395668429
189,1569398400,208,220,12,428,39,0.33510812716485433,-0.9483570383528582
189,1569412800,761,591,0,1352,39,-0.292752453099408,0.7613818794394731
189,1569427200,595,517,0,1112,39,-0.292752453099408,0.3172938488440623
189,1569441600,975,890,0,1865,39,-0.292752453099408,1.7106200448371636
189,1569456000,732,427,0,1159,39,-0.292752453099408,0.4042610881689969
189,1569470400,133,42,0,175,39,-0.292752453099408,-1.416499837272187
189,1569484800,204,214,10,418,39,0.23046469712081058,-0.9668607062943337
189,1569499200,758,680,0,1438,39,-0.292752453099408,0.920513423736162
189,1569513600,702,536,0,1238,39,-0.292752453099408,0.550440064906653
189,1569528000,1014,898,0,1912,39,-0.292752453099408,1.7975872841620981
189,1569542400,770,396,0,1166,39,-0.292752453099408,0.41721365572802976
189,1569556800,201,48,0,249,39,-0.292752453099408,-1.2795726945052688
189,1569571200,187,208,21,395,39,0.806003562363051,-1.0094191425597272
189,1569585600,699,564,0,1263,39,-0.292752453099408,0.5966992347603416
189,1569600000,720,545,0,1265,39,-0.292752453099408,0.6003999683486366
189,1569614400,981,964,0,1945,39,-0.292752453099408,1.8586493883689672
189,1569628800,853,576,0,1429,39,-0.292752453099408,0.903860122588834
189,1569643200,357,132,0,489,39,-0.292752453099408,-0.8354846639098581
189,1569657600,69,80,11,149,39,0.28278641214283246,-1.4646093739200232
189,1569672000,279,368,89,647,39,4.363880183860537,-0.543126710434546
189,1569686400,658,543,0,1201,39,-0.292752453099408,0.4819764935231938
189,1569700800,804,643,0,1447,39,-0.292752453099408,0.9371667248834898
189,1569715200,744,437,0,1181,39,-0.292752453099408,0.4449691576402429
189,1569729600,361,109,0,470,39,-0.292752453099408,-0.8706416329986614
189,1569744000,75,53,0,128,39,-0.292752453099408,-1.5034670765971216
189,1569758400,217,306,89,523,39,4.363880183860537,-0.7725721929088415
189,1569772800,505,452,0,957,39,-0.292752453099408,0.03048699575119289
189,1569787200,710,450,0,1160,39,-0.292752453099408,0.4061114549631445
189,1569801600,552,261,0,813,39,-0.292752453099408,-0.23596582260605356
189,1569816000,102,36,0,138,39,-0.292752453099408,-1.4849634086556462
189,1569830400,224,169,0,393,39,-0.292752453099408,-1.0131198761480222
189,1569844800,577,563,0,1140,39,-0.292752453099408,0.3691041190801936
189,1569859200,558,495,0,1053,39,-0.292752453099408,0.20812220798935718
189,1569873600,821,803,0,1624,39,-0.292752453099408,1.2646816474476053
189,1569888000,295,356,61,651,40,1.784220802762805,-0.4697106638944722
189,1569902400,29,55,26,84,40,0.5262809562106117,-1.4407749706904578
189,1569916800,171,177,6,348,40,-0.19254181324778477,-0.9886392087960307
189,1569931200,674,606,0,1280,40,-0.4081886440853037,0.607537041528235
189,1569945600,632,441,0,1073,40,-0.4081886440853037,0.2530215009519228
189,1569960000,859,874,15,1733,40,0.1309284330084936,1.3833609056879907
189,1569974400,372,360,0,732,40,-0.4081886440853037,-0.3309871914950457
189,1569988800,45,40,0,85,40,-0.4081886440853037,-1.4390623352287366
189,1570003200,185,233,48,418,40,1.3169860026148474,-0.8687547264755386
189,1570017600,728,617,0,1345,40,-0.4081886440853037,0.7188583465401205
189,1570032000,679,483,0,1162,40,-0.4081886440853037,0.4054460570451198
189,1570046400,924,904,0,1828,40,-0.4081886440853037,1.5460612745515157
189,1570060800,384,407,23,791,40,0.41845754079185216,-0.2299416992534881
189,1570075200,43,39,0,82,40,-0.4081886440853037,-1.4442002416139006
189,1570089600,195,199,4,394,40,-0.2644240901936244,-0.9098579775568502
189,1570104000,751,602,0,1353,40,-0.4081886440853037,0.732559430233891
189,1570118400,644,508,0,1152,40,-0.4081886440853037,0.38831970242790664
189,1570132800,981,912,0,1893,40,-0.4081886440853037,1.6573825795634012
189,1570147200,386,539,153,925,40,5.090805542271428,-0.00044854738283186575
189,1570161600,63,67,4,130,40,-0.2644240901936244,-1.3619937394512773
189,1570176000,161,224,63,385,40,1.8561030797086449,-0.925271696712342
189,1570190400,649,627,0,1276,40,-0.4081886440853037,0.6006864996813498
189,1570204800,725,570,0,1295,40,-0.4081886440853037,0.6332265734540548
189,1570219200,1360,1065,0,2425,40,-0.4081886440853037,2.5685046451991407
189,1570233600,1214,495,0,1709,40,-0.4081886440853037,1.3422576546066791
189,1570248000,428,106,0,534,40,-0.4081886440853037,-0.6700890129158661
189,1570262400,102,103,1,205,40,-0.37224750561238384,-1.2335460798221787
189,1570276800,382,405,23,787,40,0.41845754079185216,-0.23679224110037336
189,1570291200,598,557,0,1155,40,-0.4081886440853037,0.3934576088130706
189,1570305600,868,649,0,1517,40,-0.4081886440853037,1.0134316459561867
189,1570320000,793,527,0,1320,40,-0.4081886440853037,0.6760424599970876
189,1570334400,312,119,0,431,40,-0.4081886440853037,-0.8464904654731615
189,1570348800,72,66,0,138,40,-0.4081886440853037,-1.3482926557575068
189,1570363200,229,279,50,508,40,1.388868279560687,-0.7146175349206203
189,1570377600,508,451,0,959,40,-0.4081886440853037,0.05778105831569285
189,1570392000,686,535,0,1221,40,-0.4081886440853037,0.5064915492866774
189,1570406400,480,273,0,753,40,-0.4081886440853037,-0.2950218467988981
189,1570420800,106,57,0,163,40,-0.4081886440853037,-1.305476769214474
189,1570435200,210,184,0,394,40,-0.4081886440853037,-0.9098579775568502
189,1570449600,718,613,0,1331,40,-0.4081886440853037,0.6948814500760221
189,1570464000,610,569,0,1179,40,-0.4081886440853037,0.4345608598943822
189,1570478400,910,807,0,1717,40,-0.4081886440853037,1.3559587383004497
189,1570492800,629,363,0,992,41,-0.268717519962465,0.10026358291678084
189,1570507200,92,43,0,135,41,-0.268717519962465,-1.466773934888954
189,1570521600,215,208,0,423,41,-0.268717519962465,-0.9401615601771084
189,1570536000,734,611,0,1345,41,-0.268717519962465,0.745729444976786
189,1570550400,684,461,0,1145,41,-0.268717519962465,0.3800264069824488
189,1570564800,912,910,0,1822,41,-0.268717519962465,1.61793119059328
189,1570579200,660,418,0,1078,41,-0.268717519962465,0.2575158892543458
189,1570593600,142,46,0,188,41,-0.268717519962465,-1.3698626298204546
189,1570608000,142,187,45,329,41,1.4947412047912119,-1.1120419880344468
189,1570622400,642,597,0,1239,41,-0.268717519962465,0.5519068348397872
189,1570636800,569,510,0,1079,41,-0.268717519962465,0.2593444044443175
189,1570651200,777,930,153,1707,41,5.727042144200036,1.4076519437465362
189,1570665600,611,410,0,1021,41,-0.268717519962465,0.15329052342595972
189,1570680000,122,41,0,163,41,-0.268717519962465,-1.4155755095697466
189,1570694400,198,200,2,398,41,-0.1903415766400794,-0.9858744399264006
189,1570708800,757,600,0,1357,41,-0.268717519962465,0.7676716272564461
189,1570723200,669,497,0,1166,41,-0.268717519962465,0.41842522597185416
189,1570737600,1038,942,0,1980,41,-0.268717519962465,1.9068365906088065
189,1570752000,789,545,0,1334,41,-0.268717519962465,0.7256157778870974
189,1570766400,207,62,0,269,41,-0.268717519962465,-1.221752899432748
189,1570780800,182,171,0,353,41,-0.268717519962465,-1.0681576234751264
189,1570795200,706,601,0,1307,41,-0.268717519962465,0.6762458677578619
189,1570809600,749,606,0,1355,41,-0.268717519962465,0.7640145968765027
189,1570824000,1089,954,0,2043,41,-0.268717519962465,2.0220330475770227
189,1570838400,845,545,0,1390,41,-0.268717519962465,0.8280126285255118
189,1570852800,346,85,0,431,41,-0.268717519962465,-0.9255334386573348
189,1570867200,83,77,0,160,41,-0.268717519962465,-1.4210610551396616
189,1570881600,281,335,54,616,41,1.8474329497419473,-0.587258128512573
189,1570896000,605,533,0,1138,41,-0.268717519962465,0.36722680065264696
189,1570910400,843,666,0,1509,41,-0.268717519962465,1.0456059361321424
189,1570924800,899,471,0,1370,41,-0.268717519962465,0.791442324726078
189,1570939200,382,93,0,475,41,-0.268717519962465,-0.8450787702985807
189,1570953600,73,64,0,137,41,-0.268717519962465,-1.4631169045090104
189,1570968000,240,271,31,511,41,0.9461096015345123,-0.7792522234596
189,1570982400,617,431,0,1048,41,-0.268717519962465,0.20266043355519525
189,1570996800,778,489,0,1267,41,-0.268717519962465,0.6031052601589945
189,1571011200,560,233,0,793,41,-0.268717519962465,-0.2636109398875846
189,1571025600,145,45,0,190,41,-0.268717519962465,-1.3662055994405111
189,1571040000,163,166,3,329,41,-0.15115360497888658,-1.1120419880344468
189,1571054400,574,542,0,1116,41,-0.268717519962465,0.3269994664732699
189,1571068800,554,501,0,1055,41,-0.268717519962465,0.21546003988499704
189,1571083200,814,784,0,1598,41,-0.268717519962465,1.2083437880396224
189,1571097600,636,334,0,970,42,-0.36400049508229554,-0.006728249806138225
189,1571112000,124,36,0,160,42,-0.36400049508229554,-1.428436687103158
189,1571126400,226,208,0,434,42,-0.36400049508229554,-0.9475130922644129
189,1571140800,690,602,0,1292,42,-0.36400049508229554,0.5584447339094671
189,1571155200,655,574,0,1229,42,-0.36400049508229554,0.44786741100858785
189,1571169600,962,797,0,1759,42,-0.36400049508229554,1.378121079857255
189,1571184000,668,520,0,1188,42,-0.36400049508229554,0.3759043913429362
189,1571198400,134,42,0,176,42,-0.36400049508229554,-1.4003535574775379
189,1571212800,213,227,14,440,42,0.7992184783328662,-0.9369819186548054
189,1571227200,754,650,0,1404,42,-0.36400049508229554,0.7550266412888081
189,1571241600,706,483,0,1189,42,-0.36400049508229554,0.37765958694453744
189,1571256000,881,929,48,1810,42,3.624178842341116,1.4676360555389192
189,1571270400,608,392,0,1000,42,-0.36400049508229554,0.04592761824189954
189,1571284800,97,34,0,131,42,-0.36400049508229554,-1.4793373595495944
189,1571299200,206,215,9,421,42,0.38378313068459413,-0.9703306350852293
189,1571313600,724,688,0,1412,42,-0.36400049508229554,0.7690682061016182
189,1571328000,662,547,0,1209,42,-0.36400049508229554,0.41276349897656267
189,1571342400,1030,1058,28,2088,42,1.962437451748028,1.955580432784069
189,1571356800,792,492,0,1284,42,-0.36400049508229554,0.5444031690966571
189,1571371200,184,51,0,235,42,-0.36400049508229554,-1.2967970169830636
189,1571385600,210,209,0,419,42,-0.36400049508229554,-0.9738410262884318
189,1571400000,795,595,0,1390,42,-0.36400049508229554,0.7304539028663904
189,1571414400,724,628,0,1352,42,-0.36400049508229554,0.6637564700055426
189,1571428800,1079,978,0,2057,42,-0.36400049508229554,1.90116936913443
189,1571443200,895,536,0,1431,42,-0.36400049508229554,0.8024169225320421
189,1571457600,330,86,0,416,42,-0.36400049508229554,-0.9791066130932357
189,1571472000,78,88,10,166,42,0.4668702002142485,-1.4179055134935503
189,1571486400,329,384,55,713,42,4.205788329048697,-0.45781351941766174
189,1571500800,680,526,0,1206,42,-0.36400049508229554,0.40749791217175885
189,1571515200,918,765,0,1683,42,-0.36400049508229554,1.2447262141355593
189,1571529600,821,469,0,1290,42,-0.36400049508229554,0.5549343427062646
189,1571544000,339,95,0,434,42,-0.36400049508229554,-0.9475130922644129
189,1571558400,75,48,0,123,42,-0.36400049508229554,-1.4933789243624045
189,1571572800,291,311,20,602,42,1.2977408955107927,-0.6526402311954015
189,1571587200,662,510,0,1172,42,-0.36400049508229554,0.3478212617173161
189,1571601600,627,542,0,1169,42,-0.36400049508229554,0.34255567491251226
189,1571616000,461,192,0,653,42,-0.36400049508229554,-0.5631252555137373
189,1571630400,117,36,0,153,42,-0.36400049508229554,-1.4407230563143667
189,1571644800,223,164,0,387,42,-0.36400049508229554,-1.0300072855396722
189,1571659200,686,621,0,1307,42,-0.36400049508229554,0.584772667933486
189,1571673600,657,505,0,1162,42,-0.36400049508229554,0.3302693057013035
189,1571688000,936,849,0,1785,42,-0.36400049508229554,1.4237561654988877
189,1571702400,358,356,0,714,43,-0.5013996048240628,-0.4031683439360535
189,1571716800,50,50,0,100,43,-0.5013996048240628,-1.4283019717632026
189,1571731200,201,212,11,413,43,-0.11532190910953445,-0.9057175653952911
189,1571745600,747,592,0,1339,43,-0.5013996048240628,0.6403308700573801
189,1571760000,609,477,0,1086,43,-0.5013996048240628,0.21792238823283822
189,1571774400,970,957,0,1927,43,-0.5013996048240628,1.6220549305824026
189,1571788800,356,388,32,744,43,0.6217355099818378,-0.35308038166436867
189,1571803200,35,42,7,77,43,-0.25571379846027203,-1.466702742838161
189,1571817600,197,207,10,404,43,-0.15041988144721885,-0.9207439540767965
189,1571832000,785,644,0,1429,43,-0.5013996048240628,0.7905947568724345
189,1571846400,669,548,0,1217,43,-0.5013996048240628,0.4366398234858619
189,1571860800,1025,955,0,1980,43,-0.5013996048240628,1.7105436639290459
189,1571875200,416,461,45,877,43,1.0780091503717348,-0.13102374892656599
189,1571889600,47,47,0,94,43,-0.5013996048240628,-1.4383195642175397
189,1571904000,198,207,9,405,43,-0.18551785378490324,-0.9190743553344071
189,1571918400,743,636,0,1379,43,-0.5013996048240628,0.7071148197529599
189,1571932800,700,514,0,1214,43,-0.5013996048240628,0.4316310272586934
189,1571947200,1019,1010,0,2029,43,-0.5013996048240628,1.792354002306131
189,1571961600,436,549,113,985,43,3.464671269334273,0.049292915251499335
189,1571976000,67,62,0,129,43,-0.5013996048240628,-1.3798836082339074
189,1571990400,173,209,36,382,43,0.7621273993325753,-0.9574751264093654
189,1572004800,752,579,0,1331,43,-0.5013996048240628,0.6269740801182642
189,1572019200,691,543,0,1234,43,-0.5013996048240628,0.4650230021064833
189,1572033600,1042,1107,65,2149,43,1.7799685971254227,1.9927058513928704
189,1572048000,867,562,0,1429,43,-0.5013996048240628,0.7905947568724345
189,1572062400,322,90,0,412,43,-0.5013996048240628,-0.9073871641376806
189,1572076800,80,103,23,183,43,0.30585375894267824,-1.2897252761448748
189,1572091200,325,428,103,753,43,3.1136915459574293,-0.3380539929828632
189,1572105600,683,615,0,1298,43,-0.5013996048240628,0.5718773216194108
189,1572120000,1075,864,0,1939,43,-0.5013996048240628,1.6420901154910763
189,1572134400,895,543,0,1438,43,-0.5013996048240628,0.80562114555394
189,1572148800,415,171,0,586,43,-0.5013996048240628,-0.6168769829619087
189,1572163200,83,52,0,135,43,-0.5013996048240628,-1.3698660157795703
189,1572177600,258,327,69,585,43,1.9203604864761603,-0.6185465817042982
189,1572192000,456,527,71,983,43,1.990556431151529,0.045953717766720345
189,1572206400,632,535,0,1167,43,-0.5013996048240628,0.3531598863663872
189,1572220800,516,286,0,802,43,-0.5013996048240628,-0.256243654605778
189,1572235200,117,32,0,149,43,-0.5013996048240628,-1.3464916333861174
189,1572249600,197,203,6,400,43,-0.2908117707979564,-0.9274223490463546
189,1572264000,736,600,0,1336,43,-0.5013996048240628,0.6353220738302117
189,1572278400,659,454,0,1113,43,-0.5013996048240628,0.26300155427735455
189,1572292800,942,842,0,1784,43,-0.5013996048240628,1.383302310420705
189,1572307200,641,406,0,1047,44,-0.24647455363557622,0.06092250213377901
189,1572321600,134,42,0,176,44,-0.24647455363557622,-1.4036028331784345
189,1572336000,213,220,7,433,44,-0.17903015304984127,-0.9714753806236253
189,1572350400,721,652,0,1373,44,-0.24647455363557622,0.6090686092655605
189,1572364800,671,511,0,1182,44,-0.24647455363557622,0.28791552195828973
189,1572379200,984,927,0,1911,44,-0.24647455363557622,1.5136778290106476
189,1572393600,679,433,0,1112,44,-0.24647455363557622,0.17021543760483973
189,1572408000,136,32,0,168,44,-0.24647455363557622,-1.4170542713902574
189,1572422400,208,187,0,395,44,-0.24647455363557622,-1.0353697121297838
189,1572436800,763,586,0,1349,44,-0.24647455363557622,0.5687142946300919
189,1572451200,680,500,0,1180,44,-0.24647455363557622,0.284552662405334
189,1572465600,991,823,0,1814,44,-0.24647455363557622,1.3505791406922956
189,1572480000,768,390,0,1158,44,-0.24647455363557622,0.24756120732282116
189,1572494400,126,52,0,178,44,-0.24647455363557622,-1.400239973625479
189,1572508800,196,196,0,392,44,-0.24647455363557622,-1.0404140014592174
189,1572523200,750,629,0,1379,44,-0.24647455363557622,0.6191571879244276
189,1572537600,656,509,0,1165,44,-0.24647455363557622,0.25933121575816614
189,1572552000,890,1479,589,2369,44,5.42849000993555,2.283772666637506
189,1572566400,532,904,372,1436,44,3.3377135917777667,0.7149986851836655
189,1572580800,448,85,0,533,44,-0.24647455363557622,-0.8033324029758395
189,1572595200,206,205,0,411,44,-0.24647455363557622,-1.0084668357061382
189,1572609600,701,601,0,1302,44,-0.24647455363557622,0.4896870951356326
189,1572624000,745,619,0,1364,44,-0.24647455363557622,0.5939357412772598
189,1572638400,1056,1090,34,2146,44,0.08111253492370782,1.908813826482944
189,1572652800,896,617,0,1513,44,-0.24647455363557622,0.8444687779724604
189,1572667200,343,97,0,440,44,-0.24647455363557622,-0.9597053721882803
189,1572681600,83,86,3,169,44,-0.2175698105274041,-1.4153728416137796
189,1572696000,296,356,60,652,44,0.3316203085278662,-0.6032422595749746
189,1572710400,688,628,0,1316,44,-0.24647455363557622,0.5132271120063225
189,1572724800,998,850,0,1848,44,-0.24647455363557622,1.4077477530925426
189,1572739200,849,338,0,1187,44,-0.24647455363557622,0.29632267084067904
189,1572750000,341,138,0,479,44,-0.24647455363557622,-0.8941296109056439
189,1572764400,71,54,0,125,44,-0.24647455363557622,-1.4893557517788052
189,1572778800,279,230,0,509,44,-0.24647455363557622,-0.8436867176113081
189,1572793200,542,577,35,1119,44,0.09074744929309853,0.18198544604018474
189,1572807600,763,714,0,1477,44,-0.24647455363557622,0.7839373060192576
189,1572822000,555,316,0,871,44,-0.24647455363557622,-0.23500913852632385
189,1572836400,190,52,0,242,44,-0.24647455363557622,-1.292628467930896
189,1572850800,89,85,0,174,44,-0.24647455363557622,-1.4069656927313903
189,1572865200,756,585,0,1341,44,-0.24647455363557622,0.555262856418269
189,1572879600,497,436,0,933,44,-0.24647455363557622,-0.1307604923846967
189,1572894000,1017,812,0,1829,44,-0.24647455363557622,1.3758005873394634
189,1572908400,715,551,0,1266,44,-0.24647455363557622,0.4291556231824297
189,1572922800,223,79,0,302,45,-0.18145222614225903,-1.2848870125780423
189,1572937200,89,92,3,181,45,-0.14302704884154535,-1.492928424561399
189,1572951600,764,663,0,1427,45,-0.18145222614225903,0.6493823137134955
189,1572966000,566,499,0,1065,45,-0.18145222614225903,0.026977428275685077
189,1572980400,995,843,0,1838,45,-0.18145222614225903,1.356035374252004
189,1572994800,769,583,0,1352,45,-0.18145222614225903,0.5204310252940596
189,1573009200,234,105,0,339,45,-0.18145222614225903,-1.221271043624454
189,1573023600,99,93,0,192,45,-0.18145222614225903,-1.4740155689265484
189,1573038000,769,614,0,1383,45,-0.18145222614225903,0.5737308911740931
189,1573052400,593,528,0,1121,45,-0.18145222614225903,0.12326105696219718
189,1573066800,988,909,0,1897,45,-0.18145222614225903,1.4574770544752935
189,1573081200,777,606,0,1383,45,-0.18145222614225903,0.5737308911740931
189,1573095600,890,278,0,1168,45,-0.18145222614225903,0.204070531038377
189,1573110000,86,119,33,205,45,0.24122472416559146,-1.4516640122671793
189,1573124400,775,628,0,1403,45,-0.18145222614225903,0.608117901419276
189,1573138800,608,500,0,1108,45,-0.18145222614225903,0.1009095003028283
189,1573153200,1019,935,0,1954,45,-0.18145222614225903,1.5554800336740648
189,1573167600,132,644,512,776,45,6.376444699846209,-0.46991486976720775
189,1573182000,1253,620,0,1873,45,-0.18145222614225903,1.4162126421810741
189,1573196400,93,96,3,189,45,-0.14302704884154535,-1.4791736204633257
189,1573210800,715,575,0,1290,45,-0.18145222614225903,0.4138312935339927
189,1573225200,630,525,0,1155,45,-0.18145222614225903,0.1817189743790081
189,1573239600,1007,1011,4,2018,45,-0.13021865640797411,1.66551846645865
189,1573254000,971,756,0,1727,45,-0.18145222614225903,1.1651874673912388
189,1573268400,512,226,0,738,45,-0.18145222614225903,-0.5352501892330552
189,1573282800,93,47,0,140,45,-0.18145222614225903,-1.5634217955640237
189,1573297200,273,263,0,536,45,-0.18145222614225903,-0.8825589927094025
189,1573311600,624,627,3,1251,45,-0.14302704884154535,0.346776623555886
189,1573326000,829,788,0,1617,45,-0.18145222614225903,0.976058911042733
189,1573340400,988,667,0,1655,45,-0.18145222614225903,1.0413942305085804
189,1573354800,576,189,0,765,45,-0.18145222614225903,-0.4888277254020583
189,1573369200,91,46,0,137,45,-0.18145222614225903,-1.5685798471008012
189,1573383600,211,245,34,456,45,0.25403311659916267,-1.0201070336901341
189,1573398000,603,587,0,1190,45,-0.18145222614225903,0.24189624230807816
189,1573412400,800,697,0,1497,45,-0.18145222614225903,0.7697368495716356
189,1573426800,641,445,0,1086,45,-0.18145222614225903,0.06308378903312711
189,1573441200,255,75,0,330,45,-0.18145222614225903,-1.2367451982347863
189,1573455600,80,83,3,163,45,-0.14302704884154535,-1.5238767337820636
189,1573470000,708,568,0,1276,45,-0.18145222614225903,0.3897603863623646
189,1573484400,518,451,0,969,45,-0.18145222614225903,-0.13808022090119282
189,1573498800,898,804,0,1702,45,-0.18145222614225903,1.1222037045847604
189,1573513200,691,526,0,1217,45,-0.18145222614225903,0.28831870613907506
189,1573527600,238,87,0,325,46,-0.333865081429562,-1.1618141832722089
189,1573542000,91,104,13,195,46,0.615563743885755,-1.3963852530746073
189,1573556400,805,581,0,1386,46,-0.333865081429562,0.7526466248842889
189,1573570800,543,476,0,1019,46,-0.333865081429562,0.09043445090367186
189,1573585200,930,751,0,1681,46,-0.333865081429562,1.28494251405127
189,1573599600,735,548,0,1283,46,-0.333865081429562,0.566794161887004
189,1573614000,220,116,0,336,46,-0.333865081429562,-1.1419658619812367
189,1573628400,88,90,2,178,46,-0.1877991083041286,-1.4270599314333825
189,1573642800,767,630,0,1397,46,-0.333865081429562,0.772494946175261
189,1573657200,567,473,0,1040,46,-0.333865081429562,0.12832670064098237
189,1573671600,919,876,0,1795,46,-0.333865081429562,1.490643298339527
189,1573686000,800,608,0,1408,46,-0.333865081429562,0.7923432674662333
189,1573700400,283,131,0,414,46,-0.333865081429562,-1.0012232200997977
189,1573714800,79,99,20,178,46,1.1267946498247718,-1.4270599314333825
189,1573729200,800,618,0,1418,46,-0.333865081429562,0.8103871959125716
189,1573743600,536,428,0,964,46,-0.333865081429562,-0.008807155551189
189,1573758000,1029,861,0,1890,46,-0.333865081429562,1.6620606185797413
189,1573772400,893,673,0,1566,46,-0.333865081429562,1.077437336918379
189,1573786800,386,151,0,537,46,-0.333865081429562,-0.779282900209836
189,1573801200,95,99,4,194,46,-0.04173313517869523,-1.398189645919241
189,1573815600,706,523,0,1229,46,-0.333865081429562,0.469356948276777
189,1573830000,608,531,0,1139,46,-0.333865081429562,0.3069615922597319
189,1573844400,965,949,0,1914,46,-0.333865081429562,1.7053660468509533
189,1573858800,975,676,0,1651,46,-0.333865081429562,1.230810728712255
189,1573873200,556,225,0,781,46,-0.333865081429562,-0.3390110461191806
189,1573887600,78,66,0,144,46,-0.333865081429562,-1.4884092881509328
189,1573902000,242,299,57,541,46,3.8290151526452894,-0.7720653288313007
189,1573916400,517,530,13,1047,46,0.615563743885755,0.1409574505534192
189,1573930800,800,723,0,1523,46,-0.333865081429562,0.9998484445991241
189,1573945200,789,573,0,1362,46,-0.333865081429562,0.7093411966130769
189,1573959600,579,213,0,792,46,-0.333865081429562,-0.31916272482820846
189,1573974000,101,41,0,142,46,-0.333865081429562,-1.4920180738402005
189,1573988400,154,221,67,375,46,4.559345018272456,-1.0715945410405172
189,1574002800,559,470,0,1029,46,-0.333865081429562,0.1084783793500102
189,1574017200,696,611,0,1307,46,-0.333865081429562,0.610099590158216
189,1574031600,553,326,0,879,46,-0.333865081429562,-0.16218054734506487
189,1574046000,198,50,0,248,46,-0.333865081429562,-1.300752432309014
189,1574060400,70,86,16,156,46,0.834662703573905,-1.4667565740153268
189,1574074800,741,592,0,1333,46,-0.333865081429562,0.6570138041186957
189,1574089200,555,456,0,1011,46,-0.333865081429562,0.07599930814660119
189,1574103600,884,791,0,1675,46,-0.333865081429562,1.274116156983467
189,1574118000,685,526,0,1211,46,-0.333865081429562,0.43687787707336795
189,1574132400,234,77,0,311,47,-0.4386730095598905,-1.1549600716119401
189,1574146800,95,111,16,206,47,1.6227833710292452,-1.3404164478065461
189,1574161200,742,601,0,1343,47,-0.4386730095598905,0.6678111687007576
189,1574175600,525,410,0,935,47,-0.4386730095598905,-0.05281932165542521
189,1574190000,1017,856,0,1873,47,-0.4386730095598905,1.603924305683054
189,1574204400,854,515,0,1369,47,-0.4386730095598905,0.7137336999489458
189,1574218800,255,107,0,362,47,-0.4386730095598905,-1.0648812603174174
189,1574233200,80,97,17,177,47,1.7516243948160664,-1.3916377326602944
189,1574247600,772,658,0,1430,47,-0.4386730095598905,0.8214750232620026
189,1574262000,523,444,0,967,47,-0.4386730095598905,0.003700716803883254
189,1574276400,987,830,0,1817,47,-0.4386730095598905,1.5050142383792642
189,1574290800,841,666,0,1507,47,-0.4386730095598905,0.9574763658047135
189,1574305200,300,99,0,399,47,-0.4386730095598905,-0.9995299658488419
189,1574319600,91,109,18,200,47,1.8804654186028873,-1.3510139550176665
189,1574334000,785,636,0,1421,47,-0.4386730095598905,0.805578762445322
189,1574348400,581,492,0,1073,47,-0.4386730095598905,0.19092334420034254
189,1574362800,979,820,0,1799,47,-0.4386730095598905,1.4732217167459032
189,1574377200,890,599,0,1489,47,-0.4386730095598905,0.9256838441713525
189,1574391600,400,155,0,555,47,-0.4386730095598905,-0.7239947783597132
189,1574406000,76,96,20,172,47,2.1381474661765294,-1.4004689886695614
189,1574420400,739,588,0,1327,47,-0.4386730095598905,0.6395511494711035
189,1574434800,613,500,0,1113,47,-0.4386730095598905,0.2615733922744781
189,1574449200,939,958,19,1897,47,2.0093064423897085,1.6463143345275355
189,1574463600,952,695,0,1647,47,-0.4386730095598905,1.2047515340641881
189,1574478000,480,198,0,678,47,-0.4386730095598905,-0.5067458805317463
189,1574492400,83,60,0,143,47,-0.4386730095598905,-1.4516902735233097
189,1574506800,239,272,33,511,47,3.813080775405202,-0.8017098312412623
189,1574521200,579,519,0,1098,47,-0.4386730095598905,0.23507962424667728
189,1574535600,888,719,0,1607,47,-0.4386730095598905,1.1341014859900524
189,1574550000,794,554,0,1348,47,-0.4386730095598905,0.6766424247100247
189,1574564400,528,224,0,752,47,-0.4386730095598905,-0.3760432915945955
189,1574578800,67,39,0,106,47,-0.4386730095598905,-1.517041567991885
189,1574593200,172,189,17,361,47,1.7516243948160664,-1.0666475115192708
189,1574607600,467,444,0,911,47,-0.4386730095598905,-0.09520935049990656
189,1574622000,670,484,0,1154,47,-0.4386730095598905,0.3339896915504671
189,1574636400,525,323,0,848,47,-0.4386730095598905,-0.2064831762166701
189,1574650800,164,66,0,230,47,-0.4386730095598905,-1.2980264189620647
189,1574665200,78,81,3,159,47,-0.05214993819942753,-1.4234302542936554
189,1574679600,709,588,0,1297,47,-0.4386730095598905,0.5865636134155018
189,1574694000,555,491,0,1046,47,-0.4386730095598905,0.14323456175030103
189,1574708400,940,837,0,1777,47,-0.4386730095598905,1.4343641903051287
189,1574722800,682,429,0,1111,47,-0.4386730095598905,0.25804088987077134
189,1574737200,234,78,0,312,48,-0.41947520746064265,-0.7760556966692437
189,1574751600,58,82,24,140,48,0.32625849469161095,-1.0623279176270688
189,1574766000,572,624,52,1196,48,1.1962811472025734,0.6952503691837646
189,1574780400,568,474,0,1042,48,-0.41947520746064265,0.43893686902385143
189,1574794800,1042,803,0,1845,48,-0.41947520746064265,1.7754286912862558
189,1574809200,772,681,0,1453,48,-0.41947520746064265,1.1229943272428407
189,1574823600,286,103,0,389,48,-0.41947520746064265,-0.647898946589287
189,1574838000,84,72,0,156,48,-0.41947520746064265,-1.0356979435844804
189,1574852400,543,506,0,1049,48,-0.41947520746064265,0.45058748266748383
189,1574866800,673,530,0,1203,48,-0.41947520746064265,0.706900982827397
189,1574881200,905,703,0,1608,48,-0.41947520746064265,1.3809722007804155
189,1574895600,620,483,0,1103,48,-0.41947520746064265,0.5404636450612196
189,1574910000,262,91,0,353,48,-0.41947520746064265,-0.707816388185111
189,1574924400,59,56,0,115,48,-0.41947520746064265,-1.1039372520686133
189,1574938800,239,150,0,389,48,-0.41947520746064265,-0.647898946589287
189,1574953200,438,398,0,836,48,-0.41947520746064265,0.09607595322552595
189,1574967600,369,333,0,702,48,-0.41947520746064265,-0.12695007938115177
189,1574982000,282,278,0,560,48,-0.41947520746064265,-0.3632910990091237
189,1574996400,132,98,0,230,48,-0.41947520746064265,-0.9125343136375091
189,1575010800,37,69,32,106,48,0.5748363954090288,-1.1189166124675691
189,1575025200,201,267,66,468,48,1.6312924734580547,-0.5164134497540069
189,1575039600,404,502,98,906,48,2.625604076327726,0.21258208966185013
189,1575082800,1736,1411,0,3147,48,-0.41947520746064265,3.9424428290018856
189,1575097200,63,43,0,106,48,-0.41947520746064265,-1.1189166124675691
189,1575111600,148,217,69,365,48,1.7245091862270865,-0.6878439076531696
189,1575126000,474,425,0,899,48,-0.41947520746064265,0.2009314760182177
189,1575140400,656,535,0,1191,48,-0.41947520746064265,0.6869285022954558
189,1575154800,612,471,0,1083,48,-0.41947520746064265,0.5071761775079842
189,1575169200,414,162,0,576,48,-0.41947520746064265,-0.33666112496653533
189,1575183600,64,38,0,102,48,-0.41947520746064265,-1.1255741059782163
189,1575198000,152,171,19,323,48,0.17089730674322479,-0.7577475895149641
189,1575212400,400,340,0,740,48,-0.41947520746064265,-0.06370389103000436
189,1575226800,425,428,3,853,48,-0.32625849469161095,0.1243703006457761
189,1575241200,332,75,0,407,48,-0.41947520746064265,-0.6179402257913751
189,1575255600,124,282,158,406,48,4.48993833170836,-0.6196045991690369
189,1575270000,60,79,19,139,48,0.17089730674322479,-1.0639922910047306
189,1575284400,721,524,0,1245,48,-0.41947520746064265,0.7768046646891915
189,1575298800,465,402,0,867,48,-0.41947520746064265,0.14767152793304095
189,1575313200,756,725,0,1481,48,-0.41947520746064265,1.1695967818173703
189,1575327600,562,478,0,1040,48,-0.41947520746064265,0.43560812226852785
189,1575342000,177,73,0,250,49,-0.4065639436501612,-1.295366900901891
189,1575356400,78,83,5,161,49,-0.12005915114501402,-1.4510558329481684
189,1575370800,724,622,0,1346,49,-0.4065639436501612,0.6218810712635008
189,1575385200,442,513,71,955,49,3.661804109922928,-0.062100641434189245
189,1575399600,917,862,0,1779,49,-0.4065639436501612,1.379333965376288
189,1575414000,686,586,0,1272,49,-0.4065639436501612,0.4924318468654725
189,1575428400,234,65,0,299,49,-0.4065639436501612,-1.2096505225842777
189,1575442800,99,99,0,198,49,-0.4065639436501612,-1.3863312207491543
189,1575457200,727,662,0,1389,49,-0.4065639436501612,0.6971015665218144
189,1575471600,613,482,0,1095,49,-0.4065639436501612,0.18280329661613454
189,1575486000,932,816,0,1748,49,-0.4065639436501612,1.3251052362365734
189,1575500400,775,594,0,1369,49,-0.4065639436501612,0.6621152896574826
189,1575514800,229,118,0,347,49,-0.4065639436501612,-1.1256834581098811
189,1575529200,92,101,9,193,49,0.1091446828591037,-1.3950777899652373
189,1575543600,749,669,0,1418,49,-0.4065639436501612,0.7478316679750958
189,1575558000,575,552,0,1127,49,-0.4065639436501612,0.2387813395990657
189,1575572400,1013,868,0,1881,49,-0.4065639436501612,1.557763977384381
189,1575586800,895,616,0,1511,49,-0.4065639436501612,0.9105178553942395
189,1575601200,367,124,0,491,49,-0.4065639436501612,-0.873782264686691
189,1575615600,97,89,0,186,49,-0.4065639436501612,-1.4073229868677535
189,1575630000,755,621,0,1376,49,-0.4065639436501612,0.6743604865599987
189,1575644400,624,537,0,1161,49,-0.4065639436501612,0.29825801026843
189,1575658800,982,1029,47,2011,49,2.286581105898222,1.7851747770025388
189,1575673200,937,689,0,1626,49,-0.4065639436501612,1.1116889473641482
189,1575687600,587,202,0,789,49,-0.4065639436501612,-0.35248673940814457
189,1575702000,92,57,0,149,49,-0.4065639436501612,-1.4720475990667676
189,1575716400,242,301,59,543,49,2.974192607910575,-0.7828179448394278
189,1575730800,653,659,6,1312,49,-0.06275819264398459,0.5624044005941364
189,1575745200,977,759,0,1736,49,-0.4065639436501612,1.3041134701179742
189,1575759600,889,588,0,1477,49,-0.4065639436501612,0.8510411847248751
189,1575774000,549,249,0,798,49,-0.4065639436501612,-0.3367429148191952
189,1575788400,106,51,0,157,49,-0.4065639436501612,-1.4580530883210348
189,1575802800,203,257,54,460,49,2.687687815405428,-0.9280109938264055
189,1575817200,567,499,0,1066,49,-0.4065639436501612,0.13207319516285318
189,1575831600,814,525,0,1339,49,-0.4065639436501612,0.6096358743609845
189,1575846000,554,297,0,851,49,-0.4065639436501612,-0.24402928112871547
189,1575860400,197,69,0,266,49,-0.4065639436501612,-1.2673778794104256
189,1575874800,79,100,21,179,49,0.7967561848714568,-1.4195681837702696
189,1575889200,697,618,0,1315,49,-0.4065639436501612,0.5676523421237862
189,1575903600,528,522,0,1050,49,-0.4065639436501612,0.1040841736713876
189,1575918000,824,850,26,1674,49,1.083260977376604,1.195656011838545
189,1575932400,692,559,0,1251,49,-0.4065639436501612,0.4556962561579239
189,1575946800,203,75,0,278,50,-0.276279074752521,-1.257165571833173
189,1575961200,75,81,6,156,50,-0.1426469694979427,-1.4588852558712884
189,1575975600,785,701,0,1486,50,-0.276279074752521,0.7401899881507898
189,1575990000,565,456,0,1021,50,-0.276279074752521,-0.028659627240387862
189,1576004400,901,797,0,1698,50,-0.276279074752521,1.090719275167843
189,1576018800,798,555,0,1353,50,-0.276279074752521,0.520282463748582
189,1576033200,248,105,0,353,50,-0.276279074752521,-1.133157569350725
189,1576047600,89,108,19,197,50,0.1468892585536436,-1.3910942145142167
189,1576062000,798,677,0,1475,50,-0.276279074752521,0.7220021477866975
189,1576076400,568,446,0,1014,50,-0.276279074752521,-0.04023370747208301
189,1576090800,980,846,0,1826,50,-0.276279074752521,1.3023595994045543
189,1576105200,851,585,0,1436,50,-0.276279074752521,0.6575179864958245
189,1576119600,264,96,0,360,50,-0.276279074752521,-1.1215834891190297
189,1576134000,75,101,26,176,50,0.3027933813506516,-1.4258164552093022
189,1576148400,808,676,0,1484,50,-0.276279074752521,0.7368831080845912
189,1576162800,576,531,0,1107,50,-0.276279074752521,0.11353621560615254
189,1576177200,952,886,0,1838,50,-0.276279074752521,1.322200879801746
189,1576191600,853,603,0,1456,50,-0.276279074752521,0.6905867871578106
189,1576206000,344,135,0,479,50,-0.276279074752521,-0.9248241251802122
189,1576220400,78,107,29,185,50,0.3696094339779407,-1.4109354949114083
189,1576234800,769,641,0,1410,50,-0.276279074752521,0.6145285456352425
189,1576249200,658,582,0,1240,50,-0.276279074752521,0.33344374000836036
189,1576263600,1081,1117,36,2198,50,0.5255135567749487,1.9174392917174963
189,1576278000,1027,827,0,1854,50,-0.276279074752521,1.3486559203313349
189,1576292400,575,211,0,786,50,-0.276279074752521,-0.417218035018725
189,1576306800,63,61,0,124,50,-0.276279074752521,-1.5117953369304662
189,1576321200,220,267,47,487,50,0.7705057497416756,-0.9115966049154177
189,1576335600,625,604,0,1229,50,-0.276279074752521,0.315255899644268
189,1576350000,969,772,0,1741,50,-0.276279074752521,1.161817196591113
189,1576364400,935,680,0,1615,50,-0.276279074752521,0.9534837524206005
189,1576378800,601,242,0,843,50,-0.276279074752521,-0.3229719531320645
189,1576393200,103,41,0,144,50,-0.276279074752521,-1.47872653626848
189,1576407600,178,253,75,431,50,1.3941222409297076,-1.004189246768979
189,1576422000,641,532,0,1173,50,-0.276279074752521,0.22266325779070678
189,1576436400,825,584,0,1409,50,-0.276279074752521,0.6128751056021432
189,1576450800,641,354,0,995,50,-0.276279074752521,-0.07164906810096984
189,1576465200,226,108,0,334,50,-0.276279074752521,-1.1645729299796117
189,1576479600,97,97,0,194,50,-0.276279074752521,-1.3960545346135147
189,1576494000,729,580,0,1309,50,-0.276279074752521,0.44753110229221255
189,1576508400,694,977,283,1671,50,6.0267018897550875,1.0460763942741615
189,1576522800,893,843,0,1736,50,-0.276279074752521,1.1535499964256166
189,1576537200,755,554,0,1309,50,-0.276279074752521,0.44753110229221255
189,1576551600,256,86,0,342,51,-0.46239609786430597,-1.075880205275666
189,1576566000,83,98,15,181,51,0.24985217023963727,-1.3692192620908772
189,1576580400,714,589,0,1303,51,-0.46239609786430597,0.6750442270188556
189,1576594800,511,497,0,1008,51,-0.46239609786430597,0.13755961981085993
189,1576609200,870,897,27,1767,51,0.8196507847227918,1.5204437447968557
189,1576623600,759,641,0,1400,51,-0.46239609786430597,0.851776453795722
189,1576638000,256,107,0,363,51,-0.46239609786430597,-1.0376185891693341
189,1576652400,96,85,0,181,51,-0.46239609786430597,-1.3692192620908772
189,1576666800,748,611,0,1359,51,-0.46239609786430597,0.7770752033024073
189,1576681200,590,520,0,1110,51,-0.46239609786430597,0.323401755184472
189,1576695600,954,919,0,1873,51,-0.46239609786430597,1.7135738070478643
189,1576710000,896,673,0,1569,51,-0.46239609786430597,1.1596913643657263
189,1576724400,275,99,0,374,51,-0.46239609786430597,-1.0175767902564936
189,1576738800,91,98,7,189,51,-0.13001357274913247,-1.354643408336084
189,1576753200,645,596,0,1241,51,-0.46239609786430597,0.5620813604192091
189,1576767600,577,549,0,1126,51,-0.46239609786430597,0.3525534626940582
189,1576782000,887,935,48,1822,51,1.8167983600683122,1.6206527393610581
189,1576796400,788,695,0,1483,51,-0.46239609786430597,1.0030009365017005
189,1576810800,341,107,0,448,51,-0.46239609786430597,-0.8827501430246574
189,1576825200,75,84,9,159,51,-0.035047137001940024,-1.4093028599165582
189,1576839600,577,600,23,1177,51,0.629717913228407,0.4454745303808642
189,1576854000,622,556,0,1178,51,-0.46239609786430597,0.4472965121002134
189,1576868400,975,891,0,1866,51,-0.46239609786430597,1.7008199350124202
189,1576882800,766,710,0,1476,51,-0.46239609786430597,0.9902470644662564
189,1576897200,441,159,0,600,51,-0.46239609786430597,-0.6058089216835884
189,1576911600,76,54,0,130,51,-0.46239609786430597,-1.4621403297776832
189,1576926000,196,248,52,444,51,2.0067312315626973,-0.8900380699020539
189,1576940400,519,491,0,1010,51,-0.46239609786430597,0.1412035832495582
189,1576954800,773,613,0,1386,51,-0.46239609786430597,0.826268709724834
189,1576969200,784,509,0,1293,51,-0.46239609786430597,0.6568244098253643
189,1576983600,434,173,0,607,51,-0.46239609786430597,-0.5930550496481444
189,1576998000,73,39,0,112,51,-0.46239609786430597,-1.4949360007259678
189,1577012400,152,254,102,406,51,4.380892125242508,-0.9592733752373211
189,1577026800,435,475,40,910,51,1.4369326170795427,-0.040994588685355604
189,1577041200,738,600,0,1338,51,-0.46239609786430597,0.7388135871960755
189,1577055600,549,350,0,899,51,-0.46239609786430597,-0.06103638759819612
189,1577070000,208,89,0,297,51,-0.46239609786430597,-1.157869382646377
189,1577084400,63,94,31,157,51,1.0095836562171767,-1.4129468233552565
189,1577098800,373,428,55,801,51,2.149180885183486,-0.23959059609441163
189,1577113200,562,530,0,1092,51,-0.46239609786430597,0.2906060842361875
189,1577127600,857,745,0,1602,51,-0.46239609786430597,1.2198167611042479
189,1577142000,595,491,0,1086,51,-0.46239609786430597,0.2796741939200927
189,1577156400,242,103,0,345,52,-0.6256155099408702,-0.7216489846000488
189,1577170800,55,64,9,119,52,-0.3781192642499765,-1.2242458120872939
189,1577185200,255,338,83,593,52,1.6568498669862606,-0.1701268022246648
189,1577199600,516,486,0,1002,52,-0.6256155099408702,0.7394400227411903
189,1577214000,626,583,0,1209,52,-0.6256155099408702,1.1997831346432244
189,1577228400,441,376,0,817,52,-0.6256155099408702,0.3280222657272949
189,1577242800,204,115,0,319,52,-0.6256155099408702,-0.7794698585587584
189,1577257200,49,28,0,77,52,-0.6256155099408702,-1.3176487623282862
189,1577271600,111,122,11,233,52,-0.323120098540889,-0.9707235185760287
189,1577286000,309,251,0,560,52,-0.6256155099408702,-0.24351483455687317
189,1577300400,339,350,11,689,52,-0.323120098540889,0.043365655469032205
189,1577314800,281,243,0,524,52,-0.6256155099408702,-0.32357450619200956
189,1577329200,124,67,0,191,52,-0.6256155099408702,-1.064126468817021
189,1577343600,46,70,24,116,52,0.034374478568179684,-1.230917451390222
189,1577358000,247,344,97,591,52,2.041844026949873,-0.17457456175995018
189,1577372400,451,492,41,943,52,0.5018673870954233,0.6082311164502723
189,1577386800,682,735,53,1417,52,0.8318623813499483,1.6623501263129012
189,1577401200,616,444,0,1060,52,-0.6256155099408702,0.8684250492644655
189,1577415600,235,109,0,344,52,-0.6256155099408702,-0.7238728643676915
189,1577430000,62,72,10,134,52,-0.35061968139543276,-1.1908876155726538
189,1577444400,284,421,137,705,52,3.141827341131623,0.07894773175131505
189,1577458800,516,575,59,1091,52,0.9968598784772108,0.9373653220613885
189,1577473200,826,837,11,1663,52,-0.323120098540889,2.209424549153
189,1577487600,697,629,0,1326,52,-0.6256155099408702,1.4599770674574177
