remote_unit_id,time_stamp,entries,exits,num_people_exited,sum_exit_entry,week_num,z_score_num_people_exited,z_score_sum_exit_entry
177,1546300800,0,0,0,0,1,-0.6291493010751189,-1.3013163083452992
177,1546315200,192,76,0,268,1,-0.6291493010751189,-0.7570987208760558
177,1546329600,28,106,78,134,1,0.06017949836370703,-1.0292075146106774
177,1546344000,99,189,90,288,1,0.16623008289275717,-0.7164854680798436
177,1546358400,265,249,0,514,1,-0.6291493010751189,-0.2575557114826458
177,1546372800,264,196,0,460,1,-0.6291493010751189,-0.3672114940324187
177,1546387200,121,86,0,207,1,-0.6291493010751189,-0.8809691419045029
177,1546401600,34,14,0,48,1,-0.6291493010751189,-1.20384450163439
177,1546416000,129,371,242,500,1,1.509537486927392,-0.2859849884399943
177,1546430400,426,842,416,1268,1,3.047270962598619,1.273563918934554
177,1546444800,752,424,0,1176,1,-0.6291493010751189,1.086742956071978
177,1546459200,946,499,0,1445,1,-0.6291493010751189,1.6329912061810319
177,1546473600,297,185,0,482,1,-0.6291493010751189,-0.3225369159565853
177,1546488000,54,18,0,72,1,-0.6291493010751189,-1.1551085982789353
177,1546502400,156,388,232,544,1,1.4211619998198504,-0.19663583228832746
177,1546516800,480,766,286,1246,1,1.898389630200576,1.2288893408587207
177,1546531200,729,535,0,1264,1,-0.6291493010751189,1.2654412683753116
177,1546545600,1078,449,0,1527,1,-0.6291493010751189,1.799505542645502
177,1546560000,325,198,0,523,1,-0.6291493010751189,-0.23927974772435026
177,1546574400,50,22,0,72,1,-0.6291493010751189,-1.1551085982789353
177,1546588800,165,381,216,546,1,1.2797612204477835,-0.19257450700870624
177,1546603200,528,788,260,1316,1,1.6686133637209675,1.3710357256454633
177,1546617600,733,499,0,1232,1,-0.6291493010751189,1.200460063901372
177,1546632000,959,484,0,1443,1,-0.6291493010751189,1.6289298809014108
177,1546646400,328,195,0,523,1,-0.6291493010751189,-0.23927974772435026
177,1546660800,56,40,0,96,1,-0.6291493010751189,-1.1063726949234807
177,1546675200,66,168,102,234,1,0.2722806674218073,-0.8261412506296165
177,1546689600,188,372,184,560,1,0.9969596617036499,-0.1641452300513577
177,1546704000,402,310,0,712,1,-0.6291493010751189,0.144515491199855
177,1546718400,363,256,0,619,1,-0.6291493010751189,-0.04433613430253172
177,1546732800,215,175,0,390,1,-0.6291493010751189,-0.5093578788191614
177,1546747200,47,32,0,79,1,-0.6291493010751189,-1.140893959800261
177,1546761600,35,118,83,153,1,0.10436724191747793,-0.9906249244542759
177,1546776000,168,307,139,475,1,0.5992699697197119,-0.33675155443525956
177,1546790400,316,400,84,716,1,0.1132047906282321,0.15263814175909743
177,1546804800,345,295,0,640,1,-0.6291493010751189,-0.0016922188665089185
177,1546819200,171,114,0,285,1,-0.6291493010751189,-0.7225774559992754
177,1546833600,25,18,0,43,1,-0.6291493010751189,-1.213997814833443
177,1546848000,143,360,217,503,1,1.2885987691585377,-0.2798930005205625
177,1546862400,483,844,361,1327,1,2.5612057835071393,1.39337301468338
177,1546876800,799,515,0,1314,1,-0.6291493010751189,1.3669744003658422
177,1546891200,1102,569,0,1671,1,-0.6291493010751189,2.0919209627782296
177,1546905600,339,180,0,519,2,-0.6263800732444337,-0.5110036828410763
177,1546920000,48,19,0,67,2,-0.6263800732444337,-1.3113414367438068
177,1546934400,179,421,242,600,2,0.8422536209785014,-0.367580324287711
177,1546948800,553,881,328,1434,2,1.3641647685122718,1.1091490711876808
177,1546963200,780,548,0,1328,2,-0.6263800732444337,0.9214592439450051
177,1546977600,1096,439,0,1535,2,-0.6263800732444337,1.2879856046924945
177,1546992000,313,218,0,531,2,-0.6263800732444337,-0.4897557778702074
177,1547006400,35,16,0,51,2,-0.6263800732444337,-1.3396719767049652
177,1547020800,167,383,216,550,2,0.6844665298636408,-0.4561132616663316
177,1547035200,544,864,320,1408,2,1.3156148943230839,1.063111943750798
177,1547049600,828,518,0,1346,2,-0.6263800732444337,0.9533311014013085
177,1547064000,1139,472,0,1611,2,-0.6263800732444337,1.4225556695079977
177,1547078400,361,217,0,578,2,-0.6263800732444337,-0.406534816734304
177,1547092800,55,22,0,77,2,-0.6263800732444337,-1.2936348492680825
177,1547107200,170,430,260,600,2,0.9514908379041743,-0.367580324287711
177,1547121600,551,982,431,1533,2,1.9892443986980666,1.2844442871973496
177,1547136000,837,560,0,1397,2,-0.6263800732444337,1.0436346975275015
177,1547150400,1184,565,0,1749,2,-0.6263800732444337,1.6669065766729907
177,1547164800,300,254,0,554,2,-0.6263800732444337,-0.44903062667604193
177,1547179200,41,27,0,68,2,-0.6263800732444337,-1.3095707779962342
177,1547193600,167,470,303,637,2,1.2124464116710594,-0.3020659506275317
177,1547208000,506,1053,547,1559,2,2.6932175744412916,1.3304814146342323
177,1547222400,823,615,0,1438,2,-0.6263800732444337,1.1162317061779705
177,1547236800,997,595,0,1592,2,-0.6263800732444337,1.388913153304122
177,1547251200,346,185,0,531,2,-0.6263800732444337,-0.4897557778702074
177,1547265600,51,26,0,77,2,-0.6263800732444337,-1.2936348492680825
177,1547280000,39,267,228,306,2,0.7572913411474226,-0.8881539960740001
177,1547294400,224,467,243,691,2,0.8483223552521499,-0.20645037825862145
177,1547308800,383,363,0,746,2,-0.6263800732444337,-0.10906414714213877
177,1547323200,451,276,0,727,2,-0.6263800732444337,-0.14270666334601462
177,1547337600,219,143,0,362,2,-0.6263800732444337,-0.788997106209945
177,1547352000,39,43,4,82,2,-0.6021051361498396,-1.2847815555302204
177,1547366400,40,145,105,185,2,0.010837025488658059,-1.102403704530262
177,1547380800,180,388,208,568,2,0.6359166556744528,-0.42424140421002815
177,1547395200,310,325,15,635,2,-0.5353490591397062,-0.3056072681226765
177,1547409600,352,266,0,618,2,-0.6263800732444337,-0.33570846683140754
177,1547424000,164,99,0,263,2,-0.6263800732444337,-0.9642923222196139
177,1547438400,23,18,0,41,2,-0.6263800732444337,-1.3573785641806895
177,1547452800,164,418,254,582,2,0.9150784322622834,-0.39945218174401437
177,1547467200,488,1119,631,1607,2,3.2029912534277654,1.415473034517708
177,1547481600,743,654,0,1397,2,-0.6263800732444337,1.0436346975275015
177,1547496000,1110,629,0,1739,2,-0.6263800732444337,1.6491999891972666
177,1547510400,337,213,0,550,3,-0.5960782502362933,-0.4429292568849609
177,1547524800,44,19,0,63,3,-0.5960782502362933,-1.2211849926744112
177,1547539200,170,492,322,662,3,0.7512996966458111,-0.26394641826397847
177,1547553600,584,1047,463,1631,3,1.34130059885195,1.2845747480193426
177,1547568000,949,682,0,1631,3,-0.5960782502362933,1.2845747480193426
177,1547582400,1486,733,0,2219,3,-0.5960782502362933,2.2242346507795006
177,1547596800,342,234,0,576,3,-0.5960782502362933,-0.4013796693479471
177,1547611200,49,24,0,73,3,-0.5960782502362933,-1.205204382083252
177,1547625600,187,465,278,652,3,0.5671859399290018,-0.2799270288551376
177,1547640000,523,1610,1087,2133,3,3.9523684213812453,2.0868013996955317
177,1547654400,832,571,0,1403,3,-0.5960782502362933,0.9202168265409141
177,1547668800,1232,717,0,1949,3,-0.5960782502362933,1.7927581648182036
177,1547683200,355,236,0,591,3,-0.5960782502362933,-0.3774087534612084
177,1547697600,47,25,0,72,3,-0.5960782502362933,-1.206802443142368
177,1547712000,171,435,264,606,3,0.5086042900645624,-0.35343783757446967
177,1547726400,573,1100,527,1673,3,1.6091024268036724,1.351693312502211
177,1547740800,792,688,0,1480,3,-0.5960782502362933,1.0432675280928396
177,1547755200,1150,681,0,1831,3,-0.5960782502362933,1.6041869598425256
177,1547769600,360,230,0,590,3,-0.5960782502362933,-0.3790068145203243
177,1547784000,47,22,0,69,3,-0.5960782502362933,-1.2115966263197158
177,1547798400,147,467,320,614,3,0.7429308895223197,-0.3406533491015424
177,1547812800,497,1202,705,1699,3,2.353926260794401,1.3932429000392248
177,1547827200,780,610,0,1390,3,-0.5960782502362933,0.8994420327724072
177,1547841600,954,531,0,1485,3,-0.5960782502362933,1.051257833388419
177,1547856000,312,176,0,488,3,-0.5960782502362933,-0.5420090425501476
177,1547870400,63,37,0,100,3,-0.5960782502362933,-1.1620567334871224
177,1547884800,63,226,163,289,3,0.08597953032825018,-0.8600231933142146
177,1547899200,221,550,329,771,3,0.7805905215780307,-0.0897577628203438
177,1547913600,417,456,39,873,3,-0.4328865113282124,0.07324446520947947
177,1547928000,409,300,0,709,3,-0.5960782502362933,-0.1888375484855305
177,1547942400,193,137,0,330,3,-0.5960782502362933,-0.794502689890462
177,1547956800,27,31,4,58,3,-0.5793406359893106,-1.2291752979699908
177,1547971200,51,154,103,205,3,-0.16508468337648977,-0.9942603222799514
177,1547985600,148,380,232,528,3,0.37470337608870113,-0.478086600185511
177,1548000000,259,338,79,597,3,-0.26551036885838575,-0.36782038710651294
177,1548014400,295,299,4,594,3,-0.5793406359893106,-0.37261457028386064
177,1548028800,131,112,0,243,3,-0.5960782502362933,-0.9335340020335466
177,1548043200,35,11,0,46,3,-0.5960782502362933,-1.2483520306793818
177,1548057600,55,358,303,413,3,0.6717960289726433,-0.6618636219838412
177,1548072000,203,847,644,1050,3,2.0986776435279153,0.35610127267299635
177,1548086400,382,499,117,881,3,-0.10650303351205044,0.08602895368240679
177,1548100800,514,410,0,924,3,-0.5960782502362933,0.1547455792243911
177,1548115200,147,109,0,256,4,-0.6396392070878303,-0.9667792931474007
177,1548129600,28,13,0,41,4,-0.6396392070878303,-1.2702631635889299
177,1548144000,109,483,374,592,4,1.1516698791905864,-0.4924975235271505
177,1548158400,439,1064,625,1503,4,2.3538585975218234,0.7934271554134685
177,1548172800,775,632,0,1407,4,-0.6396392070878303,0.6579180783791113
177,1548187200,1191,690,0,1881,4,-0.6396392070878303,1.32699414623625
177,1548201600,330,239,0,569,4,-0.6396392070878303,-0.5249632398999652
177,1548216000,42,14,0,56,4,-0.6396392070878303,-1.2490898703023117
177,1548230400,158,501,343,659,4,1.0031923880819476,-0.39792348018025536
177,1548244800,565,1187,622,1752,4,2.339489808059697,1.1449038239713325
177,1548259200,723,798,75,1521,4,-0.28041947053467187,0.8188351073574105
177,1548273600,1201,648,0,1849,4,-0.6396392070878303,1.2818244538914643
177,1548288000,327,271,0,598,4,-0.6396392070878303,-0.48402820621250314
177,1548302400,50,25,0,75,4,-0.6396392070878303,-1.222270365472595
177,1548316800,159,517,358,676,4,1.0750363353925794,-0.37392708112208795
177,1548331200,809,1032,223,1841,4,0.4284408095968941,1.2705320308052679
177,1548345600,738,757,19,1495,4,-0.5486368738276969,0.782134732327272
177,1548360000,1150,726,0,1876,4,-0.6396392070878303,1.3199363818073773
177,1548374400,337,280,0,617,4,-0.6396392070878303,-0.45720870138278663
177,1548388800,53,29,0,82,4,-0.6396392070878303,-1.2123894952721732
177,1548403200,159,482,323,641,4,0.9074004583344387,-0.4233314321241973
177,1548417600,645,1069,424,1714,4,1.3911497035593587,1.0912648143118995
177,1548432000,1239,693,0,1932,4,-0.6396392070878303,1.3989833434107524
177,1548446400,1245,585,0,1830,4,-0.6396392070878303,1.2550049490617479
177,1548460800,352,219,0,571,4,-0.6396392070878303,-0.5221401341284161
177,1548475200,57,46,0,103,4,-0.6396392070878303,-1.1827468846709075
177,1548489600,65,261,196,326,4,0.29912170443775704,-0.867970591143182
177,1548504000,204,624,420,828,4,1.371991317609857,-0.15937104248435566
177,1548518400,572,559,0,1131,4,-0.6396392070878303,0.2683294819053343
177,1548532800,504,370,0,874,4,-0.6396392070878303,-0.09443960973872617
177,1548547200,243,155,0,398,4,-0.6396392070878303,-0.766338783367414
177,1548561600,36,36,0,72,4,-0.6396392070878303,-1.2265050241299187
177,1548576000,55,135,80,190,4,-0.2564714880977947,-1.0599417836085214
177,1548590400,163,434,271,597,4,0.6583414409909155,-0.4854397590982777
177,1548604800,342,440,98,782,4,-0.17025875132503662,-0.22430247522998517
177,1548619200,347,328,0,675,4,-0.6396392070878303,-0.3753386340078625
177,1548633600,166,106,0,272,4,-0.6396392070878303,-0.9441944469750079
177,1548648000,24,18,0,42,4,-0.6396392070878303,-1.2688516107031553
177,1548662400,155,508,353,663,4,1.051088352955702,-0.3922772686371571
177,1548676800,557,1362,805,1919,4,3.215985965249404,1.380633155895683
177,1548691200,1187,901,0,2088,4,-0.6396392070878303,1.6191855935915829
177,1548705600,1797,727,0,2524,4,-0.6396392070878303,2.2346226517892886
177,1548720000,732,253,0,985,5,-0.5659803115156387,-0.08745641092016646
177,1548734400,52,27,0,79,5,-0.5659803115156387,-1.2019545181988587
177,1548748800,176,487,311,663,5,0.561663805174,-0.483558387237759
177,1548763200,539,1120,581,1659,5,1.5406474434576094,0.7416514525520616
177,1548777600,1144,843,0,1987,5,-0.5659803115156387,1.1451342110370626
177,1548792000,1868,795,0,2663,5,-0.5659803115156387,1.97670233523176
177,1548806400,793,206,0,999,5,-0.5659803115156387,-0.07023458586287981
177,1548820800,40,18,0,58,5,-0.5659803115156387,-1.2277872557847886
177,1548835200,165,451,286,616,5,0.4710171719995918,-0.5413745142157927
177,1548849600,638,1422,784,2060,5,2.2766981048338044,1.2349337274072
177,1548864000,1196,884,0,2080,5,-0.5659803115156387,1.2595363346318953
177,1548878400,1562,739,0,2301,5,-0.5659803115156387,1.531395144464777
177,1548892800,772,223,0,995,5,-0.5659803115156387,-0.07515510730781885
177,1548907200,40,30,0,70,5,-0.5659803115156387,-1.2130256914499715
177,1548921600,112,490,378,602,5,0.8045967820814143,-0.5585963392730794
177,1548936000,468,1185,717,1653,5,2.03376512792639,0.734270670384653
177,1548950400,1068,777,0,1845,5,-0.5659803115156387,0.9704556997417267
177,1548964800,1633,676,0,2309,5,-0.5659803115156387,1.5412361873546552
177,1548979200,768,233,0,1001,5,-0.5659803115156387,-0.0677743251404103
177,1548993600,53,19,0,72,5,-0.5659803115156387,-1.210565430727502
177,1549008000,129,557,428,686,5,0.9858900484302309,-0.4552653889293596
177,1549022400,563,1461,898,2024,5,2.6900467521091063,1.1906490344027487
177,1549036800,1336,668,0,2004,5,-0.5659803115156387,1.1660464271780535
177,1549051200,1246,704,0,1950,5,-0.5659803115156387,1.0996193876713765
177,1549065600,346,218,0,564,5,-0.5659803115156387,-0.6053412930000003
177,1549080000,57,27,0,84,5,-0.5659803115156387,-1.1958038663926849
177,1549094400,53,186,133,239,5,-0.0837402230277867,-1.005133660401297
177,1549108800,184,522,338,706,5,0.659562169002361,-0.4306627817046644
177,1549123200,539,398,0,937,5,-0.5659803115156387,-0.14650266825943492
177,1549137600,414,271,0,685,5,-0.5659803115156387,-0.45649551929059434
177,1549152000,211,138,0,349,5,-0.5659803115156387,-0.8698193206654735
177,1549166400,44,22,0,66,5,-0.5659803115156387,-1.2179462128949106
177,1549180800,53,118,65,171,5,-0.33029906526217717,-1.0887825249652607
177,1549195200,158,344,186,502,5,0.1084306393019588,-0.6816093753965553
177,1549209600,292,312,20,604,5,-0.493463004976112,-0.5561360785506099
177,1549224000,320,291,0,611,5,-0.5659803115156387,-0.5475251660219665
177,1549238400,179,113,0,292,5,-0.5659803115156387,-0.9399367512558549
177,1549252800,29,19,0,48,5,-0.5659803115156387,-1.2400885593971362
177,1549267200,166,531,365,697,5,0.7574605328307219,-0.4417339549557772
177,1549281600,522,1588,1066,2110,5,3.2991921270411297,1.296440245468938
177,1549296000,1151,736,0,1887,5,-0.5659803115156387,1.0221211749135868
177,1549310400,1733,710,0,2443,5,-0.5659803115156387,1.706073655760113
177,1549324800,687,231,0,918,6,-0.5684472000666165,-0.239553766120207
177,1549339200,45,26,0,71,6,-0.5684472000666165,-1.2197568574429865
177,1549353600,139,479,340,618,6,0.6181375122490222,-0.5867331373089127
177,1549368000,527,1416,889,1943,6,2.5341228271351564,0.9466424187745378
177,1549382400,1235,859,0,2094,6,-0.5684472000666165,1.1213893689395198
177,1549396800,1679,827,0,2506,6,-0.5684472000666165,1.5981823720386756
177,1549411200,768,253,0,1021,6,-0.5684472000666165,-0.12035551534541801
177,1549425600,54,20,0,74,6,-0.5684472000666165,-1.2162850637310993
177,1549440000,185,526,341,711,6,0.6216274672852447,-0.479107532240414
177,1549454400,589,1486,897,2075,6,2.562042467424936,1.0994013420975683
177,1549468800,1187,883,0,2070,6,-0.5684472000666165,1.0936150192444232
177,1549483200,1724,826,0,2550,6,-0.5684472000666165,1.6491020131463525
177,1549497600,895,280,0,1175,6,-0.5684472000666165,0.05786322853145097
177,1549512000,62,22,0,84,6,-0.5684472000666165,-1.2047124180248092
177,1549526400,185,526,341,711,6,0.6216274672852447,-0.479107532240414
177,1549540800,552,1490,938,2042,6,2.7051306239100574,1.0612116112668106
177,1549555200,1223,885,0,2108,6,-0.5684472000666165,1.137591072928326
177,1549569600,1854,774,0,2628,6,-0.5684472000666165,1.7393686496554162
177,1549584000,889,290,0,1179,6,-0.5684472000666165,0.06249228681396704
177,1549598400,60,26,0,86,6,-0.5684472000666165,-1.2023978888835511
177,1549612800,169,519,350,688,6,0.6530370626112468,-0.5057246173648815
177,1549627200,599,1433,834,2032,6,2.342175300142921,1.0496389655605205
177,1549641600,1393,783,0,2176,6,-0.5684472000666165,1.2162850637310993
177,1549656000,1310,744,0,2054,6,-0.5684472000666165,1.075098786114359
177,1549670400,380,206,0,586,6,-0.5684472000666165,-0.6237656035690414
177,1549684800,56,32,0,88,6,-0.5684472000666165,-1.200083359742293
177,1549699200,56,215,159,271,6,-0.013544349307244331,-0.9883039433171825
177,1549713600,217,561,344,778,6,0.6320973323939121,-0.4015708060082697
177,1549728000,598,396,0,994,6,-0.5684472000666165,-0.15160165875240153
177,1549742400,496,274,0,770,6,-0.5684472000666165,-0.41082892257330184
177,1549756800,216,147,0,363,6,-0.5684472000666165,-0.8818356028193127
177,1549771200,41,33,0,74,6,-0.5684472000666165,-1.2162850637310993
177,1549785600,43,152,109,195,6,-0.1880421011183677,-1.076256050684988
177,1549800000,156,341,185,497,6,0.0771944816345398,-0.7267621503550241
177,1549814400,363,335,0,698,6,-0.5684472000666165,-0.49415197165859126
177,1549828800,313,302,0,615,6,-0.5684472000666165,-0.5902049310207999
177,1549843200,175,103,0,278,6,-0.5684472000666165,-0.9802030913227794
177,1549857600,26,11,0,37,6,-0.5684472000666165,-1.259103852844373
177,1549872000,165,486,321,651,6,0.5518283665607954,-0.5485434064781551
177,1549886400,568,1361,793,1929,6,2.1990871436577994,0.9304407147857315
177,1549900800,1219,928,0,2147,6,-0.5684472000666165,1.1827243911828578
177,1549915200,1774,891,0,2665,6,-0.5684472000666165,1.7821874387686898
177,1549929600,851,220,0,1071,7,-0.5987870288579793,0.27550222856200784
177,1549944000,49,19,0,68,7,-0.5987870288579793,-1.1567588564772822
177,1549958400,176,512,336,688,7,0.994816469726425,-0.27141302125857847
177,1549972800,531,1103,572,1634,7,2.1141332127797567,1.079453366026734
177,1549987200,734,638,0,1372,7,-0.5987870288579793,0.7053233517891527
177,1550001600,1017,757,0,1774,7,-0.5987870288579793,1.2793701675277316
177,1550016000,266,225,0,491,7,-0.5987870288579793,-0.5527245205135537
177,1550030400,43,19,0,62,7,-0.5987870288579793,-1.1653267193987535
177,1550044800,183,438,255,621,7,0.6106441977462561,-0.3670874905483416
177,1550059200,596,1374,778,1970,7,3.0911639291737663,1.559253689629128
177,1550073600,1142,908,0,2050,7,-0.5987870288579793,1.6734918619154124
177,1550088000,1673,825,0,2498,7,-0.5987870288579793,2.3132256267186047
177,1550102400,769,280,0,1049,7,-0.5987870288579793,0.24408673118327964
177,1550116800,50,19,0,69,7,-0.5987870288579793,-1.1553308793237036
177,1550131200,164,496,332,660,7,0.9758449995051821,-0.311396381558778
177,1550145600,598,1274,676,1872,7,2.6073914385320722,1.41931192857843
177,1550160000,1219,862,0,2081,7,-0.5987870288579793,1.7177591536763477
177,1550174400,1730,672,0,2402,7,-0.5987870288579793,2.1761398199750634
177,1550188800,728,247,0,975,7,-0.5987870288579793,0.1384164218184666
177,1550203200,55,42,0,97,7,-0.5987870288579793,-1.115347519023504
177,1550217600,143,523,380,666,7,1.203502642160097,-0.3028285186373067
177,1550226400,220,923,703,1143,7,2.7354488625254616,0.37831658361966375
177,1550228215,77,194,117,271,7,-0.04387152488662423,-0.8668794943008357
177,1550232000,150,322,172,472,7,0.21698619065546576,-0.5798560864315463
177,1550246400,1122,769,0,1891,7,-0.5987870288579793,1.4464434944964224
177,1550260800,1264,638,0,1902,7,-0.5987870288579793,1.4621512431857866
177,1550275200,346,180,0,526,7,-0.5987870288579793,-0.5027453201383043
177,1550289600,54,34,0,88,7,-0.5987870288579793,-1.1281993134057111
177,1550304000,69,222,153,291,7,0.12687170710456194,-0.8383199512292646
177,1550318400,179,475,296,654,7,0.8051017675139959,-0.31996424448024935
177,1550332800,537,367,0,904,7,-0.5987870288579793,0.03703004391438926
177,1550347200,429,212,0,641,7,-0.5987870288579793,-0.33852794747677056
177,1550361600,214,123,0,337,7,-0.5987870288579793,-0.772633002164651
177,1550376000,44,22,0,66,7,-0.5987870288579793,-1.1596148107844393
177,1550390400,36,105,69,141,7,-0.2715291675415391,-1.0525165242660477
177,1550404800,190,324,134,514,7,0.03675722355365813,-0.519881045981247
177,1550419200,305,340,35,645,7,-0.43278666442210384,-0.3328160388624563
177,1550433600,341,249,0,590,7,-0.5987870288579793,-0.4113547823092768
177,1550448000,168,107,0,275,7,-0.5987870288579793,-0.8611675856865214
177,1550462400,28,13,0,41,7,-0.5987870288579793,-1.1953142396239032
177,1550476800,73,265,192,338,7,0.3118435417616803,-0.7712050250110726
177,1550491200,275,630,355,905,7,1.0849309532773288,0.038458021067967814
177,1550505600,453,426,0,879,7,-0.5987870288579793,0.0013306150749253973
177,1550520000,628,323,0,951,7,-0.5987870288579793,0.10414497013258131
177,1550534400,230,135,0,365,8,-0.6212920701001154,-1.1200951926091087
177,1550548800,36,18,0,54,8,-0.6212920701001154,-1.489419330862163
177,1550563200,120,475,355,595,8,0.4858839259787349,-0.8469615855409337
177,1550577600,524,1274,750,1798,8,1.7178121469678782,0.581645933167826
177,1550592000,1188,931,0,2119,8,-0.6212920701001154,0.9628454456412356
177,1550606400,1631,729,0,2360,8,-0.6212920701001154,1.2490419643518018
177,1550620800,782,264,0,1046,8,-0.6212920701001154,-0.31138220820290324
177,1550635200,51,13,0,64,8,-0.6212920701001154,-1.4775439566418076
177,1550649600,153,457,304,610,8,0.32682483921811134,-0.8291485242104005
177,1550664000,567,1477,910,2044,8,2.2168210466090503,0.8737801389885699
177,1550678400,1129,834,0,1963,8,-0.6212920701001154,0.7775896078036908
177,1550692800,1565,835,0,2400,8,-0.6212920701001154,1.2965434612332236
177,1550707200,734,302,0,1036,8,-0.6212920701001154,-0.3232575824232587
177,1550721600,40,22,0,62,8,-0.6212920701001154,-1.4799190314858788
177,1550736000,164,510,346,674,8,0.45781467537391896,-0.7531461292001257
177,1550750400,526,1465,939,1991,8,2.3072664096690128,0.8108406556206861
177,1550764800,1127,821,0,1948,8,-0.6212920701001154,0.7597765464731576
177,1550779200,1771,744,0,2515,8,-0.6212920701001154,1.4331102647673113
177,1550793600,793,340,0,1133,8,-0.6212920701001154,-0.20806645248581088
177,1550808000,52,25,0,77,8,-0.6212920701001154,-1.4621059701553456
177,1550822400,137,484,347,621,8,0.4609334809966763,-0.8160856125680095
177,1550836800,576,1406,830,1982,8,1.9673165967884643,0.8001528188223661
177,1550851200,1342,811,0,2153,8,-0.6212920701001154,1.0032217179904441
177,1550865600,1209,578,0,1787,8,-0.6212920701001154,0.568583021525435
177,1551484800,7724,8246,522,15970,9,2.103434446437395,4.088180505371734
177,1551499200,47,44,0,91,9,-0.7071272797750289,-0.39285187795709886
177,1551513600,64,157,93,221,9,-0.20639501820844755,-0.35616605329353385
177,1551528000,183,529,346,712,9,1.155812101967306,-0.21760651552576152
177,1551542400,519,441,0,960,9,-0.7071272797750289,-0.14762125001372986
177,1551556800,498,356,0,854,9,-0.7071272797750289,-0.17753430704709822
177,1551571200,233,187,0,420,9,-0.7071272797750289,-0.3000085216931536
177,1551585600,49,29,0,78,9,-0.7071272797750289,-0.39652046042345535
177,1551600000,37,128,91,165,9,-0.2171634539410622,-0.37196917776399263
177,1551614400,147,329,182,476,9,0.27280037189290446,-0.2842053972226949
177,1551628800,369,465,96,834,9,-0.19024236460952557,-0.18317828007226206
177,1551643200,348,341,0,689,9,-0.7071272797750289,-0.22409708450469992
177,1551657600,152,106,0,258,9,-0.7071272797750289,-0.3457247031969808
177,1551672000,24,17,0,41,9,-0.7071272797750289,-0.40696181052000846
177,1551686400,112,453,341,565,9,1.1288910126357694,-0.2590897172607158
177,1551700800,456,1051,595,1507,9,2.49648235067783,0.006741412224501264
177,1551715200,609,707,98,1316,9,-0.1794739288769109,-0.04715853016581344
177,1551729600,923,616,0,1539,9,-0.7071272797750289,0.015771769064763415
177,1551744000,313,239,0,552,10,-0.6053983780950453,-0.6112646051744649
177,1551758400,61,31,0,92,10,-0.6053983780950453,-1.232497228634258
177,1551772800,186,433,247,619,10,0.7249135842769099,-0.5207807230618429
177,1551787200,584,1222,638,1806,10,2.8307920348333244,1.0822695466050574
177,1551801600,1185,674,0,1859,10,-0.6053983780950453,1.1538463488732509
177,1551816000,1582,551,0,2133,10,-0.6053983780950453,1.5238849115427797
177,1551830400,799,258,0,1057,10,-0.6053983780950453,0.0707407749281338
177,1551844800,45,25,0,70,10,-0.6053983780950453,-1.262208354104074
177,1551859200,192,424,232,616,10,0.644125408424362,-0.5248322401713633
177,1551873600,589,1104,515,1693,10,2.168328992842432,0.9296624021464561
177,1551888000,1151,630,0,1781,10,-0.6053983780950453,1.0485069040257209
177,1551902400,1598,656,0,2254,10,-0.6053983780950453,1.6872961016267687
177,1551916800,805,242,0,1047,10,-0.6053983780950453,0.057235717896399176
177,1551931200,37,25,0,62,10,-0.6053983780950453,-1.2730123997294618
177,1551945600,172,448,276,620,10,0.8811040575918357,-0.5194302173586695
177,1551960000,568,1148,580,1716,10,2.518411088203473,0.9607240333194458
177,1551974400,1140,730,0,1870,10,-0.6053983780950453,1.1687019116081592
177,1551988800,1755,614,0,2369,10,-0.6053983780950453,1.842604257491717
177,1552003200,834,267,0,1101,10,-0.6053983780950453,0.13016302586776618
177,1552017600,54,26,0,80,10,-0.6053983780950453,-1.2487032970723393
177,1552032000,155,438,283,593,10,0.9188052063230248,-0.555893871344353
177,1552046400,585,1117,532,1702,10,2.2598889254753196,0.9418169534750174
177,1552060800,1318,618,0,1936,10,-0.6053983780950453,1.2578352880176076
177,1552075200,1274,438,0,1712,10,-0.6053983780950453,0.9553220105067519
177,1552089600,362,229,0,591,10,-0.6053983780950453,-0.5585948827506999
177,1552104000,62,51,0,113,10,-0.6053983780950453,-1.204136608867615
177,1552118400,55,167,112,222,10,-0.002179998396021097,-1.0569314872217077
177,1552132800,201,454,253,655,10,0.757228854617929,-0.47216251774759826
177,1552147200,527,373,0,900,10,-0.6053983780950453,-0.14128862047009985
177,1552161600,473,364,0,837,10,-0.6053983780950453,-0.22637047977002803
177,1552176000,237,149,0,386,10,-0.6053983780950453,-0.8354485519012598
177,1552194000,40,42,2,82,10,-0.5946266213147056,-1.2460022856659925
177,1552208400,69,163,94,232,10,-0.09912580941907856,-1.043426430189973
177,1552222800,171,340,169,511,10,0.30481506984366086,-0.6666353390045769
177,1552237200,331,317,0,648,10,-0.6053983780950453,-0.48161605766981247
177,1552251600,303,246,0,549,10,-0.6053983780950453,-0.6153161222839854
177,1552266000,126,95,0,221,10,-0.6053983780950453,-1.058281992924881
177,1552280400,9,29,20,38,10,-0.4976808102916481,-1.3054245366056247
177,1552294800,284,725,441,1009,10,1.7697739919698623,0.005916501175807588
177,1552309200,698,1025,327,1723,10,1.1557838554904987,0.9701775732416601
177,1552323600,1391,602,0,1993,10,-0.6053983780950453,1.334814113098495
177,1552338000,1511,633,0,2144,10,-0.6053983780950453,1.5387404742776878
177,1552352400,362,144,0,506,11,-0.6159565461715887,-0.693292488608656
177,1552366800,21,35,14,56,11,-0.553928382248161,-1.2700952369778773
177,1552381200,356,708,352,1064,11,0.9436087181888785,0.021942919369178422
177,1552395600,669,1039,370,1708,11,1.0233592146618569,0.8474117414797973
177,1552410000,1396,678,0,2074,11,-0.6159565461715887,1.316544643486764
177,1552424400,1697,590,0,2287,11,-0.6159565461715887,1.5895646110481954
177,1552438800,400,195,0,595,11,-0.6159565461715887,-0.5792137228200767
177,1552453200,16,51,35,67,11,-0.4608861363630195,-1.2559956142399629
177,1552467600,338,739,401,1077,11,1.1607072919208754,0.03860610987762259
177,1552482000,723,1053,330,1776,11,0.8461358891663493,0.934573045677813
177,1552496400,1242,657,0,1899,11,-0.6159565461715887,1.0922324635654002
177,1552510800,1629,643,0,2272,11,-0.6159565461715887,1.5703378527692213
177,1552525200,462,198,0,660,11,-0.6159565461715887,-0.49589777027785575
177,1552539600,15,52,37,67,11,-0.45202497008824416,-1.2559956142399629
177,1552554000,310,737,427,1047,11,1.2759024534929553,0.00015259331967450819
177,1552568400,686,1005,319,1691,11,0.7973994746550847,0.8256214154302934
177,1552582800,1405,642,0,2047,11,-0.6159565461715887,1.2819364785846106
177,1552597200,1534,556,0,2090,11,-0.6159565461715887,1.3370531856510028
177,1552611600,362,214,0,576,11,-0.6159565461715887,-0.6035676166401104
177,1552626000,15,45,30,60,11,-0.483039052049958,-1.2649681014368175
177,1552640400,261,1058,797,1319,11,2.915218214326401,0.34879781011173716
177,1552654800,765,1451,686,2216,11,2.4234234860763673,1.4985579551943848
177,1552669200,1387,729,0,2116,11,-0.6159565461715887,1.3703795666678913
177,1552683600,758,673,0,1431,11,-0.6159565461715887,0.49235760526141
177,1552698000,214,127,0,341,11,-0.6159565461715887,-0.9047868296773705
177,1552712400,17,21,4,38,11,-0.598234213622038,-1.2931673469126461
177,1552726800,98,274,176,372,11,0.16382608600864487,-0.8650515292341574
177,1552741200,341,631,290,972,11,0.6689125636708416,-0.0959811980751957
177,1552755600,695,483,0,1178,11,-0.6159565461715887,0.16806628228938114
177,1552770000,390,225,0,615,11,-0.6159565461715887,-0.5535780451147779
177,1552784400,167,121,0,288,11,-0.6159565461715887,-0.972721375596412
177,1552798800,16,18,2,34,11,-0.6070953798968133,-1.2982944824537057
177,1552813200,73,188,115,261,11,-0.10643948537200426,-1.0073295404985654
177,1552827600,237,355,118,592,11,-0.09314773595984119,-0.5830590744758715
177,1552842000,311,277,0,588,11,-0.6159565461715887,-0.5881862100169312
177,1552856400,301,237,0,538,11,-0.6159565461715887,-0.6522754042801779
177,1552870800,116,66,0,182,11,-0.6159565461715887,-1.1085904674344953
177,1552885200,7,29,22,36,11,-0.5184837171490595,-1.295730914683176
177,1552899600,304,858,554,1162,11,1.838586511941192,0.14755774012514217
177,1552914000,523,1283,760,1806,11,2.7512866382430565,0.973026562235761
177,1552928400,1390,716,0,2106,11,-0.6159565461715887,1.3575617278152419
177,1552942800,1486,673,0,2159,11,-0.6159565461715887,1.4254962737342836
177,1552957200,414,156,0,570,12,-0.6574193776666596,-0.5943991376809395
177,1552971600,17,28,11,45,12,-0.5946138043659986,-1.2861810961874696
177,1552986000,332,785,453,1117,12,1.9290283228060177,0.1263717790868165
177,1553000400,738,1192,454,1930,12,1.934737920378805,1.1976455548312144
177,1553014800,1368,730,0,2098,12,-0.6574193776666596,1.419015781553304
177,1553029200,1616,632,0,2248,12,-0.6574193776666596,1.616667769698027
177,1553043600,405,172,0,577,12,-0.6574193776666596,-0.5851753782341859
177,1553058000,20,32,12,52,12,-0.5889042067932112,-1.2769573367407159
177,1553072400,314,730,416,1044,12,1.717773212612885,0.030181144856384692
177,1553086800,734,1046,312,1780,12,1.1239750650429987,0.9999935666864915
177,1553101200,1262,672,0,1934,12,-0.6574193776666596,1.2029162745150737
177,1553115600,1549,621,0,2170,12,-0.6574193776666596,1.513888735862771
177,1553130000,367,162,0,529,12,-0.6574193776666596,-0.6484240144404971
177,1553144400,22,35,13,57,12,-0.5831946092204239,-1.2703689371358917
177,1553158800,323,748,425,1071,12,1.7691595907679714,0.0657585027224348
177,1553173200,650,1142,492,1792,12,2.151702628144725,1.0158057257380693
177,1553187600,1369,629,0,1998,12,-0.6574193776666596,1.2872477894568222
177,1553202000,1633,629,0,2262,12,-0.6574193776666596,1.6351152885915343
177,1553216400,411,149,0,560,12,-0.6574193776666596,-0.6075759368905878
177,1553230800,22,19,0,41,12,-0.6574193776666596,-1.2914518158713288
177,1553245200,275,785,510,1060,12,2.2544753844548975,0.0512640235918218
177,1553259600,760,1049,289,1809,12,0.9926543208688894,1.0382062843944713
177,1553274000,1388,585,0,1973,12,-0.6574193776666596,1.2543057914327016
177,1553288400,974,578,0,1552,12,-0.6574193776666596,0.6995625447065128
177,1553302800,258,181,0,439,12,-0.6574193776666596,-0.7670152073273309
177,1553317200,16,23,7,39,12,-0.6174521946571481,-1.2940871757132584
177,1553331600,98,286,188,384,12,0.4159849660173653,-0.8394876029803959
177,1553346000,312,514,202,826,12,0.49591933203638844,-0.25707307791394585
177,1553360400,548,321,0,869,12,-0.6574193776666596,-0.20041284131245865
177,1553374800,381,261,0,642,12,-0.6574193776666596,-0.4995261833714726
177,1553389200,198,125,0,323,12,-0.6574193776666596,-0.9198660781592498
177,1553403600,13,19,6,32,12,-0.6231617922299354,-1.3033109351600123
177,1553418000,81,181,100,262,12,-0.08645962038792296,-1.000244553338104
177,1553432400,190,392,202,582,12,0.49591933203638844,-0.5785869786293617
177,1553446800,374,326,0,700,12,-0.6574193776666596,-0.42310074795551306
177,1553461200,316,242,0,558,12,-0.6574193776666596,-0.6102112967325174
177,1553475600,124,89,0,213,12,-0.6574193776666596,-1.06481086946538
177,1553490000,9,29,20,38,12,-0.5432274262109122,-1.2954048556342233
177,1553504400,301,723,422,1024,12,1.7520307980496093,0.0038275464370883124
177,1553518800,713,1015,302,1728,12,1.0668790893151252,0.931474210796321
177,1553533200,1338,643,0,1981,12,-0.6574193776666596,1.2648472308004202
177,1553547600,1401,576,0,1977,12,-0.6574193776666596,1.2595765111165609
177,1553562000,382,146,0,528,13,-0.6833390741874922,-0.6512294635594957
177,1553576400,17,31,14,48,13,-0.5912668066296908,-1.3080957258979875
177,1553590800,330,732,402,1062,13,1.9604503228293773,0.07953425329207627
177,1553605200,663,940,277,1603,13,1.1383765053490076,0.8198772698027513
177,1553619600,1254,595,0,1849,13,-0.6833390741874922,1.1565212292512284
177,1553634000,1614,614,0,2228,13,-0.6833390741874922,1.6751718822226627
177,1553648400,468,165,0,633,13,-0.6833390741874922,-0.5075399686729507
177,1553662800,14,26,12,40,13,-0.6044199877093767,-1.3190434969369624
177,1553677200,347,695,348,1042,13,1.6053144336778575,0.052164825694639115
177,1553691600,681,1053,372,1734,13,1.7631526066340883,0.9991470205659647
177,1553706000,1118,642,0,1760,13,-0.6833390741874922,1.034727276442633
177,1553720400,1508,741,0,2249,13,-0.6833390741874922,1.7039097811999715
177,1553734800,392,171,0,563,13,-0.6833390741874922,-0.6033329652639807
177,1553749200,19,25,6,44,13,-0.6438795309484344,-1.3135696114174749
177,1553763600,314,738,424,1052,13,2.1051353147059224,0.06584953949335769
177,1553778000,720,974,254,1694,13,0.9871149229326195,0.9444081653710904
177,1553792400,1347,706,0,2053,13,-0.6833390741874922,1.4356893907450874
177,1553806800,1598,547,0,2145,13,-0.6833390741874922,1.5615887576932983
177,1553821200,436,160,0,596,13,-0.6833390741874922,-0.5581734097282095
177,1553835600,16,27,11,43,13,-0.6109965782492196,-1.3149380827973467
177,1553850000,332,708,376,1040,13,1.7894589687934603,0.0494278829348954
177,1553864400,738,995,257,1733,13,1.0068446945521483,0.9977785491860929
177,1553878800,1386,520,0,1906,13,-0.6833390741874922,1.2345240979039243
177,1553893200,981,514,0,1495,13,-0.6833390741874922,0.6720823607765907
177,1553907600,299,188,0,487,13,-0.6833390741874922,-0.707336790134242
177,1553922000,18,25,7,43,13,-0.6373029404085915,-1.3149380827973467
177,1553936400,107,284,177,391,13,0.4807174513647116,-0.8387100426019403
177,1553950800,277,468,191,745,13,0.5727897189225131,-0.35427117412730263
177,1553965200,535,367,0,902,13,-0.6833390741874922,-0.13942116748742098
177,1553979600,415,308,0,723,13,-0.6833390741874922,-0.3843775444844835
177,1553994000,192,177,0,369,13,-0.6833390741874922,-0.8688164129591212
177,1554008400,23,29,6,52,13,-0.6438795309484344,-1.3026218403785002
177,1554022800,70,200,130,270,13,0.1716176959920925,-1.0042950795664352
177,1554037200,207,357,150,564,13,0.3031495067889517,-0.6019644938841089
177,1554051600,303,390,87,693,13,-0.11117569722115474,-0.42543168588063923
177,1554066000,315,258,0,573,13,-0.6833390741874922,-0.5896482514652622
177,1554080400,120,110,0,230,13,-0.6833390741874922,-1.0590339347613094
177,1554094800,11,28,17,39,13,-0.5715370350101618,-1.3204119683168343
177,1554109200,322,772,450,1094,13,2.2761266687418393,0.12332533744797572
177,1554123600,708,1104,396,1812,13,1.9209907795903194,1.1058877881959697
177,1554138000,1323,594,0,1917,13,-0.6833390741874922,1.2495772830825147
177,1554152400,1552,567,0,2119,13,-0.6833390741874922,1.52600850181663
177,1554166800,416,168,0,584,14,-0.6681251491617353,-0.6046471687900241
177,1554181200,13,29,16,42,14,-0.5634921731103053,-1.3309895513935128
177,1554195600,365,675,310,1040,14,1.3591387618347206,0.00644531546678554
177,1554210000,740,1177,437,1917,14,2.1896630092429463,1.1817262555835006
177,1554224400,1390,701,0,2091,14,-0.6681251491617353,1.4149062824709673
177,1554238800,1681,572,0,2253,14,-0.6681251491617353,1.6320049281937814
177,1554253200,458,156,0,614,14,-0.6681251491617353,-0.5644437158783919
177,1554267600,17,33,16,50,14,-0.5634921731103053,-1.3202686306170774
177,1554282000,357,726,369,1083,14,1.7449728610243687,0.06407026464012504
177,1554296400,691,1040,349,1731,14,1.6141816409600813,0.9324648475313808
177,1554310800,1215,547,0,1762,14,-0.6681251491617353,0.9740084155400675
177,1554325200,1575,632,0,2207,14,-0.6681251491617353,1.5703596337292787
177,1554339600,419,191,0,610,14,-0.6681251491617353,-0.5698041762666095
177,1554354000,12,22,10,34,14,-0.6027295391295915,-1.341710472169948
177,1554368400,363,753,390,1116,14,1.8823036420918706,0.10829406284292048
177,1554382800,699,1080,381,1779,14,1.8234475930629412,0.9967903721899923
177,1554397200,1385,643,0,2028,14,-0.6681251491617353,1.3304790313565398
177,1554411600,1631,604,0,2235,14,-0.6681251491617353,1.607882856446802
177,1554426000,430,222,0,652,14,-0.6681251491617353,-0.5135193421903244
177,1554440400,21,30,9,51,14,-0.6092691001328059,-1.318928515520023
177,1554454800,356,704,348,1060,14,1.607642079956867,0.03324761740787368
177,1554469200,812,1090,278,1902,14,1.1498728097318607,1.1616245291276845
177,1554483600,1491,450,0,1941,14,-0.6681251491617353,1.2138890179128063
177,1554498000,1101,586,0,1687,14,-0.6681251491617353,0.8734997832609869
177,1554512400,321,134,0,455,14,-0.6681251491617353,-0.7775220163100426
177,1554526800,17,20,3,37,14,-0.6485064661520922,-1.3376901268787849
177,1554541200,122,304,182,426,14,0.5220749534232808,-0.8163853541246204
177,1554555600,329,499,170,828,14,0.44360022138470834,-0.27765908510874876
177,1554570000,609,441,0,1050,14,-0.6681251491617353,0.01984646643732961
177,1554584400,424,302,0,726,14,-0.6681251491617353,-0.4143508250082983
177,1554598800,202,147,0,349,14,-0.6681251491617353,-0.9195742165978098
177,1554613200,15,18,3,33,14,-0.6485064661520922,-1.3430505872670024
177,1554627600,77,219,142,296,14,0.26049251329470585,-0.9906003167416934
177,1554642000,272,374,102,646,14,-0.0010899268338690933,-0.5215600327726508
177,1554656400,408,397,0,805,14,-0.6681251491617353,-0.3084817323410001
177,1554670800,326,243,0,569,14,-0.6681251491617353,-0.6247488952458402
177,1554685200,103,67,0,170,14,-0.6681251491617353,-1.1594548189705487
177,1554699600,9,29,20,38,14,-0.5373339290974478,-1.3363500117817304
177,1554714000,334,725,391,1059,14,1.888843203095085,0.03190750231081928
177,1554728400,713,1078,365,1791,14,1.7188146170115113,1.0128717533546452
177,1554742800,1332,423,0,1755,14,-0.6681251491617353,0.9646276098606866
177,1554757200,1460,516,0,1976,14,-0.6681251491617353,1.2607930463097106
177,1554771600,469,168,0,637,15,-0.6678608549177494,-0.5377397316157116
177,1554786000,19,35,16,54,15,-0.5557723198266585,-1.327417977288155
177,1554800400,353,736,383,1089,15,2.015258453825237,0.07449794770494747
177,1554814800,707,965,258,1672,15,1.13956677342609,0.8641761933773906
177,1554829200,1367,588,0,1955,15,-0.6678608549177494,1.2475019970228476
177,1554843600,1671,651,0,2322,15,-0.6678608549177494,1.7446064844358606
177,1554858000,437,150,0,587,15,-0.6678608549177494,-0.6054651386202093
177,1554872400,16,27,11,43,15,-0.5907999870426245,-1.3423175668291443
177,1554886800,352,748,396,1100,15,2.1063303885867484,0.08939753724593695
177,1554901200,727,1057,330,1784,15,1.6439651813359988,1.0158811050674654
177,1554915600,1245,528,0,1773,15,-0.6678608549177494,1.0009815155264759
177,1554930000,1551,594,0,2145,15,-0.6678608549177494,1.5048585436399389
177,1554944400,426,198,0,624,15,-0.6678608549177494,-0.5553483374368811
177,1554958800,18,25,7,43,15,-0.6188221208153971,-1.3423175668291443
177,1554973200,337,680,343,1017,15,1.73503711609751,-0.023026638381529217
177,1554987600,734,1094,360,1828,15,1.854131184631794,1.0754794632314233
177,1555002000,1420,641,0,2061,15,-0.6678608549177494,1.3910798598723826
177,1555016400,1583,569,0,2152,15,-0.6678608549177494,1.5143401006205686
177,1555030800,436,192,0,628,15,-0.6678608549177494,-0.5499303048765213
177,1555045200,12,28,16,40,15,-0.5557723198266585,-1.346381091249414
177,1555059600,346,772,426,1118,15,2.3164963918825436,0.11377868376755612
177,1555074000,812,1076,264,1888,15,1.181599974085249,1.1567499516368207
177,1555088400,1396,514,0,1910,15,-0.6678608549177494,1.1865491307187996
177,1555102800,1040,498,0,1538,15,-0.6678608549177494,0.6826721026053367
177,1555117200,323,160,0,483,15,-0.6678608549177494,-0.7463339851895646
177,1555131600,21,28,7,49,15,-0.6188221208153971,-1.3341905179886047
177,1555146000,110,322,212,432,15,0.8173122350392038,-0.8154139003341523
177,1555160400,330,513,183,843,15,0.6141517651866018,-0.2587110547571812
177,1555174800,596,468,0,1064,15,-0.6678608549177494,0.040635244202698616
177,1555189200,530,347,0,877,15,-0.6678608549177494,-0.21265777799412275
177,1555203600,213,162,0,375,15,-0.6678608549177494,-0.8926208643192797
177,1555218000,12,33,21,45,15,-0.5207446526106927,-1.3396085505489643
177,1555232400,71,193,122,264,15,0.18681422515181806,-1.0429712678692644
177,1555246800,256,345,89,601,15,-0.04436837847355674,-0.5865020246589501
177,1555261200,440,356,0,796,15,-0.6678608549177494,-0.32237293734140904
177,1555275600,331,239,0,570,15,-0.6678608549177494,-0.6284917770017386
177,1555290000,139,85,0,224,15,-0.6678608549177494,-1.0971515934728626
177,1555304400,10,24,14,34,15,-0.569783386713045,-1.354508140089954
177,1555318800,320,658,338,978,15,1.700009448881544,-0.07585245584503741
177,1555333200,740,948,208,1688,15,0.7892901012664312,0.8858483236188298
177,1555347600,1366,575,0,1941,15,-0.6678608549177494,1.2285388830615882
177,1555362000,1519,637,0,2156,15,-0.6678608549177494,1.5197581331809282
177,1555376400,415,148,0,563,16,-0.7313673826629935,-0.5061734315908526
177,1555390800,20,25,5,45,16,-0.6980006326392636,-1.2871882668880577
177,1555405200,346,751,405,1097,16,1.9713393692591266,0.29896541406302285
177,1555419600,726,1131,405,1857,16,1.9713393692591266,1.444855906004868
177,1555434000,1390,580,0,1970,16,-0.7313673826629935,1.6152317291488527
177,1555448400,1681,493,0,2174,16,-0.7313673826629935,1.9228128611964006
177,1555462800,386,160,0,546,16,-0.7313673826629935,-0.531805192594815
177,1555477200,15,28,13,43,16,-0.6446138326012958,-1.2902037681826415
177,1555491600,412,646,234,1058,16,0.8301965184475647,0.24016313881863868
177,1555506000,743,1012,269,1755,16,1.0637637686136738,1.291065339981094
177,1555520400,1188,542,0,1730,16,-0.7313673826629935,1.2533715737987965
177,1555534800,1499,506,0,2005,16,-0.7313673826629935,1.6680030018040692
177,1555549200,413,192,0,605,16,-0.7313673826629935,-0.4428479044045927
177,1555563600,15,28,13,43,16,-0.6446138326012958,-1.2902037681826415
177,1555578000,346,661,315,1007,16,1.3707378688319887,0.1632678558067517
177,1555592400,758,1096,338,1854,16,1.524224918941146,1.4403326540629924
177,1555606800,1401,540,0,1941,16,-0.7313673826629935,1.5715069603773877
177,1555621200,1417,621,0,2038,16,-0.7313673826629935,1.7177587731647022
177,1555635600,354,162,0,516,16,-0.7313673826629935,-0.577037712013572
177,1555650000,23,37,14,60,16,-0.6379404825965498,-1.264572007178679
177,1555664400,223,601,378,824,16,1.7911589191309853,-0.11265051264766629
177,1555678800,455,853,398,1308,16,1.9246259192259048,0.6171008006416141
177,1555693200,836,536,0,1372,16,-0.7313673826629935,0.7135968420682958
177,1555707600,643,451,0,1094,16,-0.7313673826629935,0.29444216212114716
177,1555722000,277,167,0,444,16,-0.7313673826629935,-0.6855957586185889
177,1555736400,13,30,17,43,16,-0.6179204325823119,-1.2902037681826415
177,1555750800,69,356,287,425,16,1.1838840686991015,-0.714243020917135
177,1555765200,258,462,204,720,16,0.6299960183051855,-0.26945657996602407
177,1555779600,341,405,64,746,16,-0.30427298235925104,-0.2302550631364346
177,1555794000,325,272,0,597,16,-0.7313673826629935,-0.45490990958292793
177,1555808400,166,107,0,273,16,-0.7313673826629935,-0.9434211193055041
177,1555822800,13,23,10,36,16,-0.6646338826155337,-1.3007580227136848
177,1555837200,78,195,117,273,16,0.04941456789228563,-0.9434211193055041
177,1555851600,153,351,198,504,16,0.5899559182767096,-0.5951307197810748
177,1555866000,254,345,91,599,16,-0.12409253223110972,-0.45189440828834415
177,1555880400,228,266,38,494,16,-0.4777800824826464,-0.6102082262539938
177,1555894800,109,100,0,209,16,-0.7313673826629935,-1.0399171607321858
177,1555909200,7,43,36,50,16,-0.49112678249213837,-1.2796495136515982
177,1555923600,267,629,362,896,16,1.6843853190550495,-0.004092466042649374
177,1555938000,423,815,392,1238,16,1.884585819197429,0.5115582553311809
177,1555952400,844,495,0,1339,16,-0.7313673826629935,0.6638410707076631
177,1555966800,779,576,0,1355,16,-0.7313673826629935,0.6879650810643334
177,1555981200,247,130,0,377,17,-0.6464576514616405,-0.7586136850009632
177,1555995600,17,38,21,55,17,-0.5107940425698494,-1.300376812633084
177,1556010000,330,684,354,1014,17,1.6404431841428366,0.31313511096692814
177,1556024400,467,864,397,1331,17,1.9182305737784087,0.8464857676730844
177,1556038800,905,540,0,1445,17,-0.6464576514616405,1.0382901047850774
177,1556053200,845,597,0,1442,17,-0.6464576514616405,1.0332426222294988
177,1556067600,281,148,0,429,17,-0.6464576514616405,-0.6711239873709312
177,1556082000,15,32,17,47,17,-0.5366347299778096,-1.3138367661146273
177,1556096400,351,599,248,950,17,0.9556649678318915,0.20545548311458114
177,1556110800,498,998,500,1496,17,2.5836282745333836,1.1240973082299166
177,1556125200,998,672,0,1670,17,-0.6464576514616405,1.416851296453485
177,1556139600,922,617,0,1539,17,-0.6464576514616405,1.1964445581932122
177,1556154000,288,187,0,475,17,-0.6464576514616405,-0.5937292548520567
177,1556168400,26,36,10,62,17,-0.58185593294174,-1.2885993533367335
177,1556182800,343,623,280,966,17,1.162390467095573,0.2323753900776679
177,1556197200,467,900,433,1367,17,2.15079676045005,0.9070555583400296
177,1556211600,944,575,0,1519,17,-0.6464576514616405,1.1627946744893538
177,1556226000,897,552,0,1449,17,-0.6464576514616405,1.0450200815258492
177,1556240400,311,156,0,467,17,-0.6464576514616405,-0.6071892083336001
177,1556254800,17,38,21,55,17,-0.5107940425698494,-1.300376812633084
177,1556266225,175,372,197,547,17,0.626196203380399,-0.4725896735181664
177,1556269200,135,207,72,342,17,-0.181325278118357,-0.8175009814827154
177,1556283600,442,970,528,1412,17,2.7645130863891048,0.9827677966737111
177,1556298000,926,502,0,1428,17,-0.6464576514616405,1.009687703636798
177,1556312400,833,581,0,1414,17,-0.6464576514616405,0.986132785044097
177,1556326800,277,164,0,441,17,-0.6464576514616405,-0.6509340571486162
177,1556341201,23,28,5,51,17,-0.6141567922016902,-1.3071067893738557
177,1556355600,136,268,132,404,17,0.2062850330010459,-0.7131863420007543
177,1556370000,300,518,218,818,17,0.76185981227219,-0.016633749330884552
177,1556384400,453,347,0,800,17,-0.6464576514616405,-0.04691864466435715
177,1556398800,369,308,0,677,17,-0.6464576514616405,-0.25386542944308654
177,1556413200,209,171,0,380,17,-0.6464576514616405,-0.7535662024453844
177,1556427600,16,25,9,41,17,-0.58831610479373,-1.323931731225785
177,1556442000,88,242,154,330,17,0.34840881374482696,-0.8376909117050305
177,1556456400,326,301,0,627,17,-0.6464576514616405,-0.33799013870273265
177,1556470800,323,365,42,688,17,-0.37513043367805843,-0.23535799340596442
177,1556485200,332,287,0,619,17,-0.6464576514616405,-0.35145009218427603
177,1556499600,141,91,0,232,17,-0.6464576514616405,-1.0025753418539367
177,1556514000,15,31,16,46,17,-0.5430949018297997,-1.3155192602998202
177,1556526776,253,601,348,854,17,1.6016821530308962,0.04393604133606064
177,1556528400,77,182,105,259,17,0.031860392997314586,-0.9571479988537279
177,1556542800,738,1034,296,1772,17,1.2657532167274137,1.588465703343163
177,1556557200,1421,562,0,1983,17,-0.6464576514616405,1.9434719764188697
177,1556571600,1519,588,0,2107,17,-0.6464576514616405,2.152101255382792
177,1556586000,391,70,0,461,18,-0.7044352327532741,-0.6865270260352457
177,1556600400,7,26,19,33,18,-0.5755995612193128,-1.2575312197591106
177,1556614800,373,738,365,1111,18,1.7705658256622985,0.1806522401341751
177,1556629200,749,1111,362,1860,18,1.7502233512095677,1.1799095791509386
177,1556643600,1401,585,0,1986,18,-0.7044352327532741,1.3480089445930108
177,1556658000,1590,532,0,2122,18,-0.7044352327532741,1.5294495295146129
177,1556672400,372,84,0,456,18,-0.7044352327532741,-0.6931976357750105
177,1556686800,6,27,21,33,18,-0.5620379115841591,-1.2575312197591106
177,1556701200,350,731,381,1081,18,1.879059022743529,0.14062858169558645
177,1556715600,698,1021,323,1719,18,1.4857711833240683,0.9917983844895719
177,1556730000,1223,599,0,1822,18,-0.7044352327532741,1.1292129451287263
177,1556744400,1594,638,0,2232,18,-0.7044352327532741,1.6762029437894381
177,1556758800,440,78,0,518,18,-0.7044352327532741,-0.6104820750019273
177,1556773200,8,23,15,31,18,-0.6027228604896204,-1.2601994636550164
177,1556787600,381,696,315,1077,18,1.431524584783453,0.13529209390377464
177,1556790256,109,274,165,383,18,0.4144008621469162,-0.7905885379755763
177,1556802000,621,843,222,1464,18,0.8009078767488002,0.6515972877615683
177,1556816400,1368,654,0,2022,18,-0.7044352327532741,1.3960373347193173
177,1556830800,1651,700,0,2351,18,-0.7044352327532741,1.8349634555958396
177,1556845200,443,92,0,535,18,-0.7044352327532741,-0.587802001886727
177,1556859600,18,22,4,40,18,-0.6773119334829665,-1.24819236612344
177,1556874000,350,744,394,1094,18,1.967209745372029,0.15797216701897487
177,1556878205,152,415,263,567,18,1.0789216942694535,-0.5451100995522326
177,1556888400,569,708,139,1277,18,0.2380994168899165,0.4021164834943657
177,1556902800,1304,509,0,1813,18,-0.7044352327532741,1.1172058475971496
177,1556917200,1150,579,0,1729,18,-0.7044352327532741,1.0051396039691014
177,1556931600,285,179,0,464,18,-0.7044352327532741,-0.6825246601913869
177,1556946000,10,26,16,36,18,-0.5959420356720435,-1.2535288539152516
177,1556960400,117,258,141,375,18,0.2516610665250703,-0.8012615135592
177,1556974800,353,523,170,876,18,0.44830498623480075,-0.13286641763476936
177,1556989200,549,446,0,995,18,-0.7044352327532741,0.025894094171632315
177,1557003600,452,292,0,744,18,-0.7044352327532741,-0.30897051476455945
177,1557018000,102,57,0,159,18,-0.7044352327532741,-1.0894318543170383
177,1557032400,9,18,9,27,18,-0.6434078093950819,-1.2655359514468283
177,1557046800,62,182,120,244,18,0.1092637453559552,-0.9760314887410371
177,1557061200,185,414,229,599,18,0.8483736504718385,-0.502418197217738
177,1557075600,388,376,0,764,18,-0.7044352327532741,-0.2822880758055003
177,1557090000,320,187,0,507,18,-0.7044352327532741,-0.6251574164294098
177,1557104400,52,36,0,88,18,-0.7044352327532741,-1.1841545126216981
177,1557118800,5,31,26,36,18,-0.5281337874962745,-1.2535288539152516
177,1557133200,360,777,417,1137,18,2.123168716176298,0.21533941078095195
177,1557147600,678,1133,455,1811,18,2.3808400592442207,1.1145376037012438
177,1557162000,1364,693,0,2057,18,-0.7044352327532741,1.4427316028976709
177,1557176400,1562,628,0,2190,18,-0.7044352327532741,1.620169821975414
177,1557190800,291,203,0,494,19,-0.7130442588146676,-0.6360726460363836
177,1557205200,27,48,21,75,19,-0.5663717532169933,-1.2124333706174693
177,1557219600,375,711,336,1086,19,1.6337158307481208,0.178260406355031
177,1557226452,250,621,371,871,19,1.8781700067442444,-0.11748555017225641
177,1557227069,36,42,6,78,19,-0.6711378286439035,-1.2083066828519724
177,1557234000,428,458,30,886,19,-0.5035121079608472,-0.09685211134477124
177,1557248400,1392,673,0,2065,19,-0.7130442588146676,1.5249361804955628
177,1557262800,1615,640,0,2255,19,-0.7130442588146676,1.786293072310375
177,1557277200,264,204,0,468,19,-0.7130442588146676,-0.6718372733373579
177,1557291600,9,57,48,66,19,-0.377792817448555,-1.2248134339139605
177,1557306000,389,727,338,1116,19,1.647684640805042,0.21952728401000132
177,1557320400,757,1103,346,1860,19,1.7035598810327277,1.2429458498532657
177,1557334800,1277,578,0,1855,19,-0.7130442588146676,1.2360680369107706
177,1557349200,1524,567,0,2091,19,-0.7130442588146676,1.5607008077965372
177,1557363600,269,226,0,495,19,-0.7130442588146676,-0.6346970834478847
177,1557378000,9,41,32,50,19,-0.48954329790392587,-1.2468224353299446
177,1557392400,397,734,337,1131,19,1.6407002357765814,0.2401607228374865
177,1557406800,767,1035,268,1802,19,1.1587762888127946,1.163163219720323
177,1557421200,1380,578,0,1958,19,-0.7130442588146676,1.3777509835261688
177,1557435600,1529,509,0,2038,19,-0.7130442588146676,1.4877959906060896
177,1557450000,340,231,0,571,19,-0.7130442588146676,-0.5301543267219597
177,1557464400,14,56,42,70,19,-0.41969924761931904,-1.2193111835599644
177,1557478800,338,723,385,1061,19,1.975951677142694,0.14387134164255572
177,1557493200,684,969,285,1653,19,1.277511174296626,0.9582043940339704
177,1557507600,1385,468,0,1853,19,-0.7130442588146676,1.2333169117337726
177,1557522000,980,426,0,1406,19,-0.7130442588146676,0.6184404346747145
177,1557536400,259,176,0,435,19,-0.7130442588146676,-0.7172308387578253
177,1557550800,14,58,44,72,19,-0.4057304375623977,-1.2165600583829663
177,1557565200,98,291,193,389,19,0.6349459116782435,-0.7805067178287798
177,1557579600,264,435,171,699,19,0.48128900105210864,-0.35408231539408636
177,1557594000,448,375,0,823,19,-0.7130442588146676,-0.18351255442020895
177,1557608400,384,331,0,715,19,-0.7130442588146676,-0.33207331397810214
177,1557622800,188,166,0,354,19,-0.7130442588146676,-0.8286514084262452
177,1557637200,18,24,6,42,19,-0.6711378286439035,-1.2578269360379366
177,1557651600,76,185,109,261,19,0.0482558892875465,-0.9565787291566532
177,1557666000,163,382,219,545,19,0.8165404424182213,-0.565918954022934
177,1557680400,281,341,60,622,19,-0.2939799571070268,-0.4600006347085102
177,1557694800,252,268,16,520,19,-0.6012937783592968,-0.6003080187354094
177,1557709200,133,100,0,233,19,-0.7130442588146676,-0.9950944816346255
177,1557723600,11,39,28,50,19,-0.5174809180177685,-1.2468224353299446
177,1557738000,318,741,423,1059,19,2.2413590682241997,0.1411202164655577
177,1557752400,686,1064,378,1750,19,1.9270608419434692,1.0916339651183744
177,1557766800,1415,597,0,2012,19,-0.7130442588146676,1.4520313633051152
177,1557781200,1517,630,0,2147,19,-0.7130442588146676,1.6377323127524817
177,1557795600,396,161,0,557,20,-0.6309211972272382,-0.5840598893605965
177,1557810000,21,18,0,39,20,-0.6309211972272382,-1.367415228299573
177,1557824400,339,782,443,1121,20,2.681415088215762,0.2688598233065518
177,1557838800,691,972,281,1663,20,1.4701318416203537,1.0885096181037048
177,1557853200,1433,666,0,2099,20,-0.6309211972272382,1.7478588995272448
177,1557867600,1610,643,0,2253,20,-0.6309211972272382,1.9807483246172108
177,1557882000,434,202,0,636,20,-0.6309211972272382,-0.4645906388274321
177,1557896400,20,43,23,63,20,-0.45894888443900117,-1.3311207724413967
177,1557910800,376,682,306,1058,20,1.6570582685640896,0.17358687667883838
177,1557925200,607,868,261,1475,20,1.320590700065365,0.8042030472146555
177,1557939600,1126,586,0,1712,20,-0.6309211972272382,1.1626107988141485
177,1557954000,1247,522,0,1769,20,-0.6309211972272382,1.248810131477318
177,1557968400,343,177,0,520,20,-0.6309211972272382,-0.640013842141952
177,1557982800,18,28,10,46,20,-0.5561506264497439,-1.3568293453409384
177,1557997200,379,679,300,1058,20,1.6121959260975929,0.17358687667883838
177,1558011600,626,1013,387,1639,20,2.2626998918617938,1.0522151622455285
177,1558026000,1307,544,0,1851,20,-0.6309211972272382,1.3728161889927544
177,1558040400,1312,518,0,1830,20,-0.6309211972272382,1.3410585401168498
177,1558054800,353,223,0,576,20,-0.6309211972272382,-0.5553267784728735
177,1558069200,19,26,7,45,20,-0.5785817976829921,-1.358341614335029
177,1558083600,346,689,343,1035,20,1.9337093804408185,0.13880468981475255
177,1558098000,736,876,140,1612,20,0.415866793657683,1.01138389940508
177,1558112400,1134,400,0,1534,20,-0.6309211972272382,0.893426917866006
177,1558126800,803,407,0,1210,20,-0.6309211972272382,0.40345176378062303
177,1558141200,285,186,0,471,20,-0.6309211972272382,-0.7141150228523957
177,1558155600,23,24,1,47,20,-0.6234441401494888,-1.3553170763468476
177,1558170000,125,238,113,363,20,0.2139862525584482,-0.8774400742141901
177,1558184400,328,424,96,752,20,0.08687628223670775,-0.2891674355129123
177,1558198800,498,332,0,830,20,-0.6309211972272382,-0.17121045397383858
177,1558213200,466,266,0,732,20,-0.6309211972272382,-0.31941281539472605
177,1558227600,212,195,0,407,20,-0.6309211972272382,-0.8109002384741998
177,1558242000,13,20,7,33,20,-0.5785817976829921,-1.3764888422641173
177,1558256400,68,188,120,256,20,0.26632565210269427,-1.0392528565818937
177,1558270800,233,349,116,582,20,0.2364174237916965,-0.5462531645083293
177,1558285200,420,267,0,687,20,-0.6309211972272382,-0.387464920128807
177,1558299600,325,263,0,588,20,-0.6309211972272382,-0.5371795505437852
177,1558314000,139,107,0,246,20,-0.6309211972272382,-1.0543755465228006
177,1558328400,8,28,20,36,20,-0.48138005567224945,-1.3719520352818453
177,1558342800,340,732,392,1072,20,2.300085177250541,0.19475864259610803
177,1558357200,746,924,178,1670,20,0.6999949626121617,1.0990955010623398
177,1558371600,1278,539,0,1817,20,-0.6309211972272382,1.3213990431936709
177,1558386000,1093,532,0,1625,20,-0.6309211972272382,1.0310433963282588
177,1558400400,291,176,0,467,21,-0.6302935713356197,-0.43898806066279455
177,1558414800,14,35,21,49,21,-0.43772085070446526,-1.1798247214439865
177,1558429200,368,739,371,1107,21,2.771824493148108,0.6953073051265903
177,1558443600,729,975,246,1704,21,1.625558298915046,1.7533922010270009
177,1558454665,852,432,0,1284,21,-0.6302935713356197,1.0090108672277172
177,1558458000,356,108,0,464,21,-0.6302935713356197,-0.44430507018993226
177,1558472400,1331,602,0,1933,21,-0.6302935713356197,2.159257261598515
177,1558486800,323,214,0,537,21,-0.6302935713356197,-0.3149245050295806
177,1558501200,29,25,0,54,21,-0.6302935713356197,-1.1709630388987569
177,1558515600,367,666,299,1033,21,2.111575165269864,0.5641544034571927
177,1558530000,687,936,249,1623,21,1.6530686875766396,1.6098329437942818
177,1558544400,1110,571,0,1681,21,-0.6302935713356197,1.7126284613189449
177,1558558800,1135,674,0,1809,21,-0.6302935713356197,1.9394875344768219
177,1558573200,287,224,0,511,21,-0.6302935713356197,-0.3610052542647743
177,1558587600,20,35,15,55,21,-0.4927416280276522,-1.169190702389711
177,1558602000,349,573,224,922,21,1.4238154487300272,0.36742505095309624
177,1558616400,557,877,320,1434,21,2.3041478859010187,1.2748613435846041
177,1558630800,1046,543,0,1589,21,-0.6302935713356197,1.5495735024867208
177,1558645200,919,500,0,1419,21,-0.6302935713356197,1.2482762959489155
177,1558659600,309,188,0,497,21,-0.6302935713356197,-0.3858179653914171
177,1558674000,16,48,32,64,21,-0.3368494256119558,-1.1532396738082977
177,1558687131,252,570,318,822,21,2.28580762679329,0.19019140004850488
177,1558688400,60,102,42,162,21,-0.24514813007331085,-0.9795506959217982
177,1558688940,18,32,14,50,21,-0.5019117575815167,-1.1780523849349407
177,1558702800,490,755,265,1245,21,1.7997907604384715,0.9398897433749265
177,1558717200,990,547,0,1537,21,-0.6302935713356197,1.4574120040163332
177,1558731600,762,310,0,1072,21,-0.6302935713356197,0.6332755273099834
177,1558746000,268,153,0,421,21,-0.6302935713356197,-0.5205155400789065
177,1558760400,23,27,4,50,21,-0.5936130531201617,-1.1780523849349407
177,1558774800,121,231,110,352,21,0.37842067958947484,-0.6428067592030746
177,1558789200,228,369,141,597,21,0.6626946957592742,-0.20858431448682574
177,1558803600,375,365,0,740,21,-0.6302935713356197,0.04485980630673994
177,1558818000,324,253,0,577,21,-0.6302935713356197,-0.244031044667744
177,1558832400,160,141,0,301,21,-0.6302935713356197,-0.7331959211644162
177,1558846800,12,13,1,25,21,-0.6211234417817552,-1.2223607976610884
177,1558861200,97,166,69,263,21,0.002445367881030523,-0.800544708508161
177,1558875600,190,280,90,470,21,0.19501808851218494,-0.4336710511356568
177,1558890000,268,314,46,582,21,-0.20846761185785287,-0.23516936212251444
177,1558904400,237,211,0,448,21,-0.6302935713356197,-0.4726624543346669
177,1558918800,133,107,0,240,21,-0.6302935713356197,-0.841308448216217
177,1558933200,11,9,0,20,21,-0.6302935713356197,-1.231222480206318
177,1558947600,90,186,96,276,21,0.2500388658353719,-0.7775043338905641
177,1558962000,191,311,120,502,21,0.47012197512811976,-0.37695628284618754
177,1558976400,349,303,0,652,21,-0.6302935713356197,-0.11110580648930048
177,1558990800,282,239,0,521,21,-0.6302935713356197,-0.3432818891743152
177,1559005200,131,111,0,242,22,-0.6595175102625156,-1.0311300699259793
177,1559019600,13,29,16,42,22,-0.5401542549712658,-1.374472226638162
177,1559034000,343,646,303,989,22,1.6009241368155276,0.2512528853940222
177,1559048400,510,852,342,1362,22,1.8918720715879491,0.8915860076622425
177,1559062800,1006,539,0,1545,22,-0.6595175102625156,1.2057440810538895
177,1559077200,997,580,0,1577,22,-0.6595175102625156,1.2606788261278388
177,1559091600,255,171,0,426,22,-0.6595175102625156,-0.7152552857507716
177,1559106000,14,46,32,60,22,-0.420790999680016,-1.3435714325340655
177,1559120400,357,714,357,1071,22,2.0037751234234955,0.392023169646017
177,1559134800,623,917,294,1540,22,1.5337823057141995,1.197160527136085
177,1559149200,1107,496,0,1603,22,-0.6595175102625156,1.3053133065004223
177,1559163600,983,708,0,1691,22,-0.6595175102625156,1.4563838554537827
177,1559178000,287,203,0,490,22,-0.6595175102625156,-0.6053857956028732
177,1559192400,25,54,29,79,22,-0.44317161004712535,-1.3109539276464082
177,1559206800,364,644,280,1008,22,1.429339457334356,0.2838703902816795
177,1559221200,573,877,304,1450,22,1.6083843402712308,1.0426565566156027
177,1559235600,1091,499,0,1590,22,-0.6595175102625156,1.2829960663141307
177,1559250000,1114,545,0,1659,22,-0.6595175102625156,1.4014491103798334
177,1559264400,250,178,0,428,22,-0.6595175102625156,-0.7118218641836497
177,1559278800,20,37,17,57,22,-0.5326940515155627,-1.3487215648847481
177,1559293200,330,643,313,973,22,1.6755261713725587,0.22378551285704756
177,1559307600,498,871,373,1369,22,2.1231383787147453,0.9036029831471689
177,1559322000,1017,522,0,1539,22,-0.6595175102625156,1.195443816352524
177,1559336400,760,422,0,1182,22,-0.6595175102625156,0.5825780666212783
177,1559350800,294,182,0,476,22,-0.6595175102625156,-0.6294197465727259
177,1559365200,21,47,26,68,22,-0.4655522204142347,-1.3298377462655782
177,1559379600,130,221,91,351,22,0.019361004206467653,-0.8440085945178399
177,1559394000,239,296,57,535,22,-0.2342859132874382,-0.5281338103426321
177,1559408400,420,268,0,688,22,-0.6595175102625156,-0.2654770604578125
177,1559422800,404,279,0,683,22,-0.6595175102625156,-0.274060614375617
177,1559437200,204,173,0,377,22,-0.6595175102625156,-0.7993741141452563
177,1559451600,15,18,3,33,22,-0.6371368998954063,-1.3899226236902102
177,1559466000,92,186,94,278,22,0.041741614573576995,-0.9693284817177866
177,1559480400,230,337,107,567,22,0.13872425949771747,-0.4731990652686829
177,1559494800,404,322,0,726,22,-0.6595175102625156,-0.2002420506824978
177,1559509200,305,213,0,518,22,-0.6595175102625156,-0.5573178936631676
177,1559523600,133,107,0,240,22,-0.6595175102625156,-1.0345634914931012
177,1559538000,13,30,17,43,22,-0.5326940515155627,-1.372755515854601
177,1559552400,358,705,347,1063,22,1.9291730888664644,0.3782894833775297
177,1559566800,548,859,311,1407,22,1.6606057644611525,0.9688379929224836
177,1559581200,1086,559,0,1645,22,-0.6595175102625156,1.3774151594099808
177,1559595600,1106,615,0,1721,22,-0.6595175102625156,1.50788517896061
177,1559610000,276,138,0,414,23,-0.678314633590127,-0.7727323927082136
177,1559624400,18,26,8,44,23,-0.6208042331646203,-1.4199035801340092
177,1559638800,328,668,340,996,23,1.7658773844939035,0.24525039399938928
177,1559653200,560,890,330,1450,23,1.6939893839620201,1.0393469320840143
177,1559667600,1096,602,0,1698,23,-0.678314633590127,1.473126538791034
177,1559682000,1036,591,0,1627,23,-0.678314633590127,1.3489396352579759
177,1559696400,350,195,0,545,23,-0.678314633590127,-0.5435988101331346
177,1559710800,19,33,14,52,23,-0.5776714328454904,-1.4059106895950733
177,1559725200,355,671,316,1026,23,1.5933461832173836,0.2977237335203997
177,1559739600,545,940,395,1485,23,2.161261387419261,1.1005658281918598
177,1559754000,1126,528,0,1654,23,-0.678314633590127,1.3961656408268854
177,1559768400,1046,674,0,1720,23,-0.678314633590127,1.5116069877731084
177,1559782800,314,178,0,492,23,-0.678314633590127,-0.6363017099535865
177,1559797200,23,29,6,52,23,-0.635181833270997,-1.4059106895950733
177,1559811600,353,706,353,1059,23,1.8593317851853515,0.3554444069935112
177,1559826000,588,850,262,1438,23,1.205150980345214,1.01835759627561
177,1559840400,1248,488,0,1736,23,-0.678314633590127,1.5395927688509805
177,1559854800,1076,497,0,1573,23,-0.678314633590127,1.254487624120157
177,1559869200,274,202,0,476,23,-0.678314633590127,-0.6642874910314587
177,1559883600,19,31,12,50,23,-0.5920490329518671,-1.4094089122298072
177,1559898000,297,656,359,953,23,1.9024645855044815,0.17003860735260762
177,1559912400,487,800,313,1287,23,1.5717797830578186,0.7542417873531907
177,1559926800,950,513,0,1463,23,-0.678314633590127,1.0620853792097855
177,1559941200,750,516,0,1266,23,-0.678314633590127,0.7175104496884834
177,1559955600,288,193,0,481,23,-0.678314633590127,-0.6555419344446236
177,1559970000,25,32,7,57,23,-0.6279930332178086,-1.3971651330082382
177,1559984400,111,272,161,383,23,0.47908217497319333,-0.8269548435465911
177,1559998800,249,365,116,614,23,0.1555861725797187,-0.4229101292348106
177,1560013200,354,377,23,731,23,-0.5129722323667955,-0.21826410510286978
177,1560027600,392,341,0,733,23,-0.678314633590127,-0.21476588246813574
177,1560042000,250,147,0,397,23,-0.678314633590127,-0.8024672851034529
177,1560056400,18,32,14,50,23,-0.5776714328454904,-1.4094089122298072
177,1560070800,82,181,99,263,23,0.03337657167551719,-1.0368482016306328
177,1560085200,196,393,197,589,23,0.737878976887973,-0.4666379121689859
177,1560099600,440,369,0,809,23,-0.678314633590127,-0.08183342234824259
177,1560114000,319,238,0,557,23,-0.678314633590127,-0.5226094743247305
177,1560128400,152,115,0,267,23,-0.678314633590127,-1.0298517563611649
177,1560142800,15,27,12,42,23,-0.5920490329518671,-1.4234018027687434
177,1560157200,339,673,334,1012,23,1.7227445841747735,0.2732361750772615
177,1560171600,497,789,292,1286,23,1.4208149819408638,0.7524926760358237
177,1560186000,1006,518,0,1524,23,-0.678314633590127,1.1687811695691734
177,1560200400,980,612,0,1592,23,-0.678314633590127,1.2877207391501304
177,1560214800,244,192,0,436,24,-0.7082572395284856,-1.0387495748469284
177,1560229200,16,44,28,60,24,-0.5009624377152704,-1.7120007537177666
177,1560243600,382,653,271,1035,24,1.2980603065922767,0.0337968510669869
177,1560258000,593,850,257,1443,24,1.194412905685669,0.7643460026076837
177,1560272400,1134,563,0,1697,24,-0.7082572395284856,1.2191486606746862
177,1560286800,1078,533,0,1611,24,-0.7082572395284856,1.0651603591244412
177,1560301200,297,236,0,533,24,-0.7082572395284856,-0.8650650951914195
177,1560315600,30,45,15,75,24,-0.5972064528428346,-1.6851423290287704
177,1560330000,350,727,377,1077,24,2.0828191991708773,0.10900044019617627
177,1560344400,665,784,119,1449,24,0.1727456681776794,0.7750893724832822
177,1560358800,1137,525,0,1662,24,-0.7082572395284856,1.1564790030670284
177,1560373200,1003,634,0,1637,24,-0.7082572395284856,1.1117149619187014
177,1560387600,341,231,0,572,24,-0.7082572395284856,-0.7952331910000294
177,1560402000,34,57,23,91,24,-0.5379793666104874,-1.656493342693841
177,1560416400,386,639,253,1025,24,1.1647993625694955,0.01589123460765609
177,1560430800,514,871,357,1385,24,1.9347514835900093,0.6604934271435651
177,1560445200,1066,478,0,1544,24,-0.7082572395284856,0.9451927288469248
177,1560459600,1017,546,0,1563,24,-0.7082572395284856,0.9792134001196534
177,1560474000,365,221,0,586,24,-0.7082572395284856,-0.7701653279569662
177,1560488400,29,51,22,80,24,-0.5453827523895308,-1.676189520799105
177,1560502800,301,630,329,931,24,1.727456681776794,-0.15242156011005348
177,1560517200,532,777,245,1309,24,1.105572276337148,0.5244107420526509
177,1560531600,957,490,0,1447,24,-0.7082572395284856,0.771508249191416
177,1560546000,744,395,0,1139,24,-0.7082572395284856,0.22001526224402726
177,1561165200,9494,7421,0,16915,25,-0.7844561231362062,4.09215974819561
177,1561179600,17,26,9,43,25,-0.7025734607985351,-0.4114715274676973
177,1561194000,114,322,208,436,25,1.1079431842233014,-0.3065683096313009
177,1561208400,264,484,220,748,25,1.217120067340196,-0.22328636570011598
177,1561222800,457,498,41,955,25,-0.41143510582014936,-0.16803199905346444
177,1561237200,467,310,0,777,25,-0.7844561231362062,-0.2155454157834353
177,1561251600,224,176,0,400,25,-0.7844561231362062,-0.31617776470028375
177,1561266000,11,42,31,53,25,-0.5024158417508949,-0.4088022343929798
177,1561280400,85,283,198,368,25,1.0169624482925557,-0.32471950253937965
177,1561294800,235,330,95,565,25,0.0798608682058766,-0.2721344289674456
177,1561309200,354,442,88,796,25,0.016174353054354707,-0.21047375894147213
177,1561323600,328,327,0,655,25,-0.7844561231362062,-0.2481107912949884
177,1561338000,153,169,16,322,25,-0.6388869456470132,-0.33699825068308
177,1561352400,11,24,13,35,25,-0.6661811664262369,-0.41360696192747126
177,1561366800,339,647,308,986,25,2.017750543530757,-0.1597571905218403
177,1561381200,532,857,325,1389,25,2.172417794613024,-0.052184679610726446
177,1561395600,924,542,0,1466,25,-0.7844561231362062,-0.03163112293540196
177,1561410000,982,630,0,1612,25,-0.7844561231362062,0.007340555955473029
177,1561424400,333,157,0,490,26,-0.628232955436359,-0.6201466738913121
177,1561438800,17,27,10,44,26,-0.5523681362059764,-1.4039390964897909
177,1561453200,352,605,253,957,26,1.2911469710923216,0.20055077308960648
177,1561467600,597,884,287,1481,26,1.5490873564756227,1.1214190005371467
177,1561482000,1047,629,0,1676,26,-0.628232955436359,1.4641085126598001
177,1561496400,1039,592,0,1631,26,-0.628232955436359,1.3850263175545723
177,1561510800,237,206,0,443,26,-0.628232955436359,-0.7027436332234387
177,1561525200,16,25,9,41,26,-0.5599546181290147,-1.4092112428301393
177,1561539600,371,683,312,1054,26,1.7387494045515792,0.3710168380942084
177,1561554000,658,852,194,1510,26,0.843544537633064,1.1723830818271823
177,1561568400,1139,584,0,1723,26,-0.628232955436359,1.5467054719919267
177,1561582800,1070,600,0,1670,26,-0.628232955436359,1.453564219979103
177,1561597200,380,259,0,639,26,-0.628232955436359,-0.3582967389873359
177,1561611600,22,38,16,60,26,-0.5068492446677468,-1.3758209826745988
177,1561626000,356,567,211,923,26,0.9725147303247146,0.14079978123232334
177,1561640400,511,987,476,1498,26,2.9829324399298542,1.1512944964657883
177,1561654800,1138,479,0,1617,26,-0.628232955436359,1.3604229679662794
177,1561669200,1066,447,0,1513,26,-0.628232955436359,1.1776552281675308
177,1561683600,286,230,0,516,26,-0.628232955436359,-0.5744547389416249
177,1561698000,19,32,13,51,26,-0.5296086904368617,-1.3916374216956444
177,1561712400,298,578,280,876,26,1.4959819830143548,0.05820282190019663
177,1561726800,501,756,255,1257,26,1.3063199349383983,0.7277654071244578
177,1561741200,912,529,0,1441,26,-0.628232955436359,1.0511237159991664
177,1561755600,773,465,0,1238,26,-0.628232955436359,0.6943751469689172
177,1561770000,298,187,0,485,26,-0.628232955436359,-0.6289335844585595
177,1561784400,19,19,0,38,26,-0.628232955436359,-1.414483389170488
177,1561798800,106,374,268,480,26,1.4049441999378955,-0.6377204950258071
177,1561813200,352,393,41,745,26,-0.31718719659179023,-0.17201423496168844
177,1561827600,386,379,0,765,26,-0.628232955436359,-0.13686659269269835
177,1561842000,324,291,0,615,26,-0.628232955436359,-0.400473909710124
177,1561856400,161,160,0,321,26,-0.628232955436359,-0.9171442510642782
177,1561870800,14,30,16,44,26,-0.5068492446677468,-1.4039390964897909
177,1561885200,87,136,49,223,26,-0.25649534120748413,-1.0893676981823297
177,1561899600,238,245,7,483,26,-0.5751275819750912,-0.6324483486854585
177,1561914000,313,316,3,629,26,-0.6054735096672442,-0.3758705601218309
177,1561928400,264,340,76,604,26,-0.051660329285451036,-0.41980511295806855
177,1561942800,125,105,0,230,26,-0.628232955436359,-1.077066023388183
177,1561957200,10,23,13,33,26,-0.5296086904368617,-1.4232702997377356
177,1561971600,296,611,315,907,26,1.761508850320694,0.11268166741713126
177,1561986000,494,868,374,1362,26,2.2091112837799516,0.9122905290366558
177,1562000400,1005,523,0,1528,26,-0.628232955436359,1.2040159598692735
177,1562014800,974,586,0,1560,26,-0.628232955436359,1.2602521874996575
177,1562029200,224,178,0,402,27,-0.6338882625604134,-0.4393589317427085
177,1562043600,15,48,33,63,27,-0.39090891798868155,-1.117562163231298
177,1562058000,340,650,310,990,27,1.6486449743255525,0.7369935759720131
177,1562072400,519,865,346,1384,27,1.913713350221987,1.525229780120993
177,1562086800,1070,614,0,1684,27,-0.6338882625604134,2.125409630995851
177,1562101200,919,562,0,1481,27,-0.6338882625604134,1.7192879319038639
177,1562115600,291,208,0,499,27,-0.6338882625604134,-0.2453007799598378
177,1562130000,21,44,23,65,27,-0.4645390224043579,-1.1135609642254656
177,1562144400,296,610,314,906,27,1.678097016091823,0.5689432177270528
177,1562158800,494,860,366,1354,27,2.06097355905334,1.4652117950335073
177,1562173200,1035,460,0,1495,27,-0.6338882625604134,1.7472963249446907
177,1562187600,748,362,0,1110,27,-0.6338882625604134,0.9770655163219563
177,1562202000,221,165,0,386,27,-0.6338882625604134,-0.4713685237893676
177,1562216400,14,14,0,28,27,-0.6338882625604134,-1.1875831458333648
177,1562230308,124,222,98,346,27,0.0876867607132145,-0.5513925039060154
177,1562230388,1,0,0,1,27,-0.6338882625604134,-1.241599332412102
177,1562230800,5,6,1,11,27,-0.6265252521188458,-1.22159333738294
177,1562245200,157,294,137,451,27,0.37484416793435216,-0.3413295560998151
177,1562259600,288,242,0,530,27,-0.6338882625604134,-0.1832821953694358
177,1562274000,296,187,0,483,27,-0.6338882625604134,-0.2773103720064969
177,1562288400,158,212,54,370,27,-0.2362856987157613,-0.5033781158360268
177,1562302800,12,38,26,50,27,-0.442449991079655,-1.1435699567692086
177,1562317200,153,584,431,737,27,2.5395692377552357,0.23084190173421618
177,1562331600,297,638,341,935,27,1.876898298014149,0.6269606033116224
177,1562346000,617,473,0,1090,27,-0.6338882625604134,0.9370535262636324
177,1562360400,595,289,0,884,27,-0.6338882625604134,0.5249300286628966
177,1562374800,182,114,0,296,27,-0.6338882625604134,-0.651422479051825
177,1562389200,22,29,7,51,27,-0.58234718946944,-1.1415693572662924
177,1562403600,142,236,94,378,27,0.05823471894694398,-0.48737331981269716
177,1562418000,91,252,161,343,27,0.5515564185319753,-0.557394302414764
177,1562432400,282,223,0,505,27,-0.6338882625604134,-0.23329718294234064
177,1562446800,249,178,0,427,27,-0.6338882625604134,-0.3893439441698037
177,1562461200,140,107,0,247,27,-0.6338882625604134,-0.7494518546947184
177,1562475600,16,19,3,35,27,-0.6117992312357106,-1.1735789493129514
177,1562490000,73,157,84,230,27,-0.01539538546873234,-0.7834620462442937
177,1562504400,120,271,151,391,27,0.477926314116299,-0.46136552627478666
177,1562518800,278,271,0,549,27,-0.6338882625604134,-0.14527080481402813
177,1562533200,258,284,26,542,27,-0.442449991079655,-0.1592750013344415
177,1562547600,160,115,0,275,27,-0.6338882625604134,-0.693435068613065
177,1562562000,9,33,24,42,27,-0.4571760119627903,-1.159574752792538
177,1562576400,272,635,363,907,27,2.0388845277286367,0.570943817229969
177,1562590800,481,876,395,1357,27,2.274500861858801,1.471213593542256
177,1562605200,997,532,0,1529,27,-0.6338882625604134,1.8153167080438413
177,1562619600,927,585,0,1512,27,-0.6338882625604134,1.7813065164942659
177,1562634000,245,160,0,405,28,-0.7043712414952782,-0.721269213205305
177,1562648400,14,25,11,39,28,-0.6189817076273122,-1.3889405576225005
177,1562662800,354,643,289,997,28,1.5390446937631017,0.35868006519627893
177,1562677200,564,909,345,1473,28,1.9737550480000197,1.227017660667823
177,1562691600,1015,522,0,1537,28,-0.7043712414952782,1.3437689340085346
177,1562706000,988,623,0,1611,28,-0.7043712414952782,1.4787625938087325
177,1562720400,262,189,0,451,28,-0.7043712414952782,-0.6373542354916685
177,1562734800,22,24,2,46,28,-0.6888458717011026,-1.3761708871008602
177,1562749200,387,697,310,1084,28,1.702061076601946,0.517388827393809
177,1562763600,526,883,357,1409,28,2.0669072667650736,1.110266387327111
177,1562778000,960,525,0,1485,28,-0.7043712414952782,1.2489085244192062
177,1562792400,974,630,0,1604,28,-0.7043712414952782,1.4659929232870923
177,1562806800,290,238,0,528,28,-0.7043712414952782,-0.4968878597536246
177,1562821200,18,28,10,46,28,-0.6267443925244,-1.3761708871008602
177,1562835600,369,613,244,982,28,1.18972387339415,0.3313164855070496
177,1562850000,519,827,308,1346,28,1.6865357068077704,0.9953393526323479
177,1562864400,1087,469,0,1556,28,-0.7043712414952782,1.3784294682815583
177,1562878800,899,547,0,1446,28,-0.7043712414952782,1.1777632172272101
177,1562893200,227,184,0,411,28,-0.7043712414952782,-0.7103237813296134
177,1562907600,15,33,18,48,28,-0.5646429133476975,-1.372522409808963
177,1562922000,324,619,295,943,28,1.5856208031456287,0.2601711783150534
177,1562936400,498,779,281,1277,28,1.4769432145863992,0.8694668860618929
177,1562950800,795,541,0,1336,28,-0.7043712414952782,0.9770969661728617
177,1562965200,800,375,0,1175,28,-0.7043712414952782,0.6833945441751336
177,1562979600,255,205,0,460,28,-0.7043712414952782,-0.6209360876781309
177,1562994000,24,47,23,71,28,-0.5258294888622583,-1.3305649209521446
177,1563008400,123,303,180,426,28,0.6929120399805294,-0.682960201640384
177,1563022800,259,313,54,572,28,-0.28518625705253586,-0.41662135933188527
177,1563037200,305,331,26,636,28,-0.5025414341709948,-0.2998700859911735
177,1563051600,336,292,0,628,28,-0.7043712414952782,-0.31446399515876244
177,1563066000,164,220,56,384,28,-0.26966088725836024,-0.7595782247702261
177,1563080400,12,31,19,43,28,-0.5568802284506096,-1.381643603038706
177,1563094800,55,152,97,207,28,0.04860919352224038,-1.0824684651031322
177,1563109200,162,286,124,448,28,0.2582016857436115,-0.6428269514295143
177,1563123600,226,284,58,510,28,-0.2541355174641846,-0.5297241553806998
177,1563138000,234,242,8,476,28,-0.6422697623185756,-0.5917482693429529
177,1563152400,94,101,7,195,28,-0.6500324472156634,-1.1043593288545155
177,1563166800,9,25,16,34,28,-0.5801682831418731,-1.3980617508522437
177,1563181200,309,626,317,935,28,1.7563998708815607,0.2455772691474644
177,1563195600,480,836,356,1316,28,2.0591445818679857,0.9406121932538892
177,1563210000,986,537,0,1523,28,-0.7043712414952782,1.3182295929652539
177,1563224400,927,590,0,1517,28,-0.7043712414952782,1.3072841610895622
177,1563238800,281,161,0,442,29,-0.6531841568275106,-0.609441268109551
177,1563253200,17,19,2,36,29,-0.6398126173161643,-1.3310653632436085
177,1563267600,369,659,290,1028,29,1.2856890723177066,0.4321146918622657
177,1563274295,236,516,280,752,29,1.218831374760975,-0.0584475008889654
177,1563282000,333,405,72,738,29,-0.1718087344190429,-0.08333109037634669
177,1563296400,1031,631,0,1662,29,-0.6531841568275106,1.5589858157908183
177,1563310800,971,615,0,1586,29,-0.6531841568275106,1.4239034728593198
177,1563325200,299,202,0,501,29,-0.6531841568275106,-0.5045747124127299
177,1563339600,14,26,12,40,29,-0.5729549197594327,-1.3239557662472137
177,1563354000,332,652,320,984,29,1.4862621649879015,0.3539091249019245
177,1563368400,514,897,383,1411,29,1.9074656595953108,1.1128586042670539
177,1563382800,1022,622,0,1644,29,-0.6531841568275106,1.5269926293070424
177,1563397200,987,658,0,1645,29,-0.6531841568275106,1.528770028556141
177,1563411600,231,184,0,415,29,-0.6531841568275106,-0.657431047835215
177,1563426000,20,27,7,47,29,-0.6063837685377985,-1.3115139715035231
177,1563440400,339,675,336,1014,29,1.593234481078672,0.4072311023748844
177,1563454800,526,942,416,1468,29,2.128096061532525,1.2141703614656776
177,1563469200,959,509,0,1468,29,-0.6531841568275106,1.2141703614656776
177,1563483600,995,578,0,1573,29,-0.6531841568275106,1.4007972826210373
177,1563498000,270,191,0,461,29,-0.6531841568275106,-0.5756706823766765
177,1563512400,13,26,13,39,29,-0.5662691500037595,-1.3257331654963125
177,1563526800,313,648,335,961,29,1.5865487113229988,0.31302894217265526
177,1563541200,470,806,336,1276,29,1.593234481078672,0.8729097056387343
177,1563555600,872,584,0,1456,29,-0.6531841568275106,1.1928415704764936
177,1563570000,603,294,0,897,29,-0.6531841568275106,0.1992753902303408
177,1563584400,192,134,0,326,29,-0.6531841568275106,-0.815619581004996
177,1563598800,17,27,10,44,29,-0.586326459270779,-1.316846169250819
177,1563613200,88,218,130,306,29,0.21596591141000057,-0.8511675659869693
177,1563627600,226,320,94,546,29,-0.024721799794233307,-0.42459174620329004
177,1563642000,309,313,4,622,29,-0.626441077804818,-0.28950940327179164
177,1563656400,269,228,0,497,29,-0.6531841568275106,-0.5116843094091246
177,1563670800,163,138,0,301,29,-0.6531841568275106,-0.8600545622324626
177,1563685200,9,17,8,26,29,-0.5996979987821254,-1.348839355734595
177,1563699600,84,155,71,239,29,-0.17849450417471605,-0.9702533156765797
177,1563714000,154,252,98,406,29,0.002021279228459344,-0.673427641077103
177,1563728400,218,296,78,514,29,-0.1316941158850039,-0.4814685221744473
177,1563742800,240,229,0,469,29,-0.6531841568275106,-0.5614514883838871
177,1563757200,124,107,0,231,29,-0.6531841568275106,-0.9844725096693691
177,1563771600,14,39,25,53,29,-0.48603991293568155,-1.3008495760089311
177,1563786000,301,675,374,976,29,1.8472937317942522,0.3396899309091352
177,1563800400,493,1000,507,1493,29,2.736501109298783,1.2586053426931443
177,1563814800,1017,631,0,1648,29,-0.6531841568275106,1.534102226303437
177,1563829200,902,607,0,1509,29,-0.6531841568275106,1.2870437306787228
177,1563843600,232,142,0,374,30,-0.6420203754418452,-0.7443502639678119
177,1563858000,18,29,11,47,30,-0.5681758265554733,-1.3346121465719165
177,1563872400,356,656,300,1012,30,1.371921866913753,0.40729218588362187
177,1563879198,206,470,264,676,30,1.1302487978310811,-0.19921543660866925
177,1563886800,274,406,132,680,30,0.2441142111946179,-0.1919951077694753
177,1563888293,67,55,0,122,30,-0.6420203754418452,-1.1992309808370303
177,1563901200,943,591,0,1534,30,-0.6420203754418452,1.3495450993984313
177,1563915600,1013,565,0,1578,30,-0.6420203754418452,1.4289687166295646
177,1563930000,276,214,0,490,30,-0.6420203754418452,-0.5349607276311875
177,1563944400,16,28,12,44,30,-0.5614626857476213,-1.340027393201312
177,1563958800,354,708,354,1062,30,1.7344314705377606,0.4975462963735462
177,1563973200,490,936,446,1426,30,2.352040424860144,1.154596220740195
177,1563987600,1085,627,0,1712,30,-0.6420203754418452,1.6708497327425618
177,1564002000,986,655,0,1641,30,-0.6420203754418452,1.5426888958468692
177,1564016400,274,189,0,463,30,-0.6420203754418452,-0.5836979472957466
177,1564030800,17,30,13,47,30,-0.5547495449397692,-1.3346121465719165
177,1564045200,324,662,338,986,30,1.6270212176121286,0.36036004842886127
177,1564059600,529,918,389,1447,30,1.9693913988125802,1.1925029471459632
177,1564074000,1033,598,0,1631,30,-0.6420203754418452,1.5246380737488845
177,1564088400,937,622,0,1559,30,-0.6420203754418452,1.3946721546433936
177,1564102800,309,201,0,510,30,-0.6420203754418452,-0.49885908343521784
177,1564117200,22,38,16,60,30,-0.5346101225162133,-1.3111460778445363
177,1564131600,309,604,295,913,30,1.3383561628744929,0.22858904711357184
177,1564146000,465,791,326,1256,30,1.5464635279179046,0.8477322450744523
177,1564160400,842,533,0,1375,30,-0.6420203754418452,1.0625370280404722
177,1564174800,785,462,0,1247,30,-0.6420203754418452,0.831486505186266
177,1564189200,274,153,0,427,30,-0.6420203754418452,-0.6486809068484921
177,1564203600,17,42,25,59,30,-0.47419185524554536,-1.3129511600543349
177,1564218000,123,231,108,354,30,0.08299883180617007,-0.7804519081637815
177,1564232400,256,331,75,587,30,-0.1385348148529457,-0.35986775328073445
177,1564246800,372,351,0,723,30,-0.6420203754418452,-0.11437657274814042
177,1564261200,330,315,0,645,30,-0.6420203754418452,-0.2551729851124223
177,1564275600,185,137,0,322,30,-0.6420203754418452,-0.8382145388773331
177,1564290000,11,17,6,28,30,-0.6017415305947332,-1.3689087085580878
177,1564304400,85,134,49,219,30,-0.3130764758570975,-1.024138006486577
177,1564318800,197,261,64,458,30,-0.21237936373931762,-0.5927233583447391
177,1564333200,272,375,103,647,30,0.049433127766910105,-0.2515628206928253
177,1564347600,285,254,0,539,30,-0.6420203754418452,-0.4465116993510618
177,1564362000,137,106,0,243,30,-0.6420203754418452,-0.9808160334514134
177,1564376400,11,36,25,47,30,-0.47419185524554536,-1.3346121465719165
177,1564390800,316,658,342,974,30,1.6538737808435366,0.33869906191127946
177,1564405200,464,979,515,1443,30,2.8152471406019313,1.185282618306769
177,1564419600,929,640,0,1569,30,-0.6420203754418452,1.4127229767413783
177,1564434000,881,543,0,1424,30,-0.6420203754418452,1.150986056320598
177,1564448400,246,221,0,467,31,-0.72987315753259,-0.9181353953508832
177,1564462800,14,37,23,51,31,-0.5999505574171466,-1.6595349252104123
177,1564477200,317,689,372,1006,31,1.3714836791171885,0.04247601473153559
177,1564491600,513,976,463,1489,31,1.88552527087829,0.9032836419482485
177,1564506000,1042,589,0,1631,31,-0.72987315753259,1.1563575199291454
177,1564520400,948,659,0,1607,31,-0.72987315753259,1.1135844701295572
177,1564534800,277,219,0,496,31,-0.72987315753259,-0.8664512935097141
177,1564549200,17,49,32,66,31,-0.5491112791111037,-1.6328017690856695
177,1564563600,343,699,356,1042,31,1.2811027399064452,0.10663558943091792
177,1564578000,477,953,476,1430,31,1.9589597839870188,0.7981332278575941
177,1564592400,1016,608,0,1624,31,-0.72987315753259,1.1438820470709323
177,1564606800,861,664,0,1525,31,-0.72987315753259,0.9674432166476308
177,1564621200,191,159,0,350,31,-0.72987315753259,-1.1266540131238758
177,1564635600,16,40,24,56,31,-0.5943017487164752,-1.6506238731688314
177,1564650000,333,658,325,991,31,1.1059896701856304,0.015742858606792955
177,1564664400,536,799,263,1335,31,0.7557635307440007,0.6288232390675574
177,1564678800,977,544,0,1521,31,-0.72987315753259,0.9603143750143661
177,1564693200,907,564,0,1471,31,-0.72987315753259,0.8712038545985573
177,1564707600,256,212,0,468,31,-0.72987315753259,-0.916353184942567
177,1564722000,12,46,34,58,31,-0.5378136617097607,-1.647059452352199
177,1564736400,294,657,363,951,31,1.3206444008111453,-0.05554555772585408
177,1564750800,456,826,370,1282,31,1.3601860617158454,0.5343660874268001
177,1564765200,847,548,0,1395,31,-0.72987315753259,0.735755863566528
177,1564779600,812,448,0,1260,31,-0.72987315753259,0.49515745844384423
177,1565398800,8563,6706,0,15269,32,-0.5212514551660903,4.085800349975128
177,1565413200,19,16,0,35,32,-0.5212514551660903,-0.4047725495514349
177,1565427600,119,240,121,359,32,0.5863443198112216,-0.3092660759104603
177,1565442000,253,348,95,601,32,0.34834853345246036,-0.23793099374652255
177,1565456400,399,314,0,713,32,-0.5212514551660903,-0.20491641026569182
177,1565470800,347,271,0,618,32,-0.5212514551660903,-0.23291985161103929
177,1565485200,180,123,0,303,32,-0.5212514551660903,-0.32577336765087567
177,1565499600,19,15,0,34,32,-0.5212514551660903,-0.405067322618228
177,1565514000,99,130,31,229,32,-0.23748724835372112,-0.3475865745935674
177,1565528400,179,244,65,423,32,0.07373801073081279,-0.2904005996356999
177,1565542800,323,287,0,610,32,-0.5212514551660903,-0.23527803614538434
177,1565557200,314,241,0,555,32,-0.5212514551660903,-0.25149055481900656
177,1565571600,169,89,0,258,32,-0.5212514551660903,-0.3390381556565666
177,1565586000,8,23,15,31,32,-0.3839461938052665,-0.4059516418186074
177,1565600400,317,650,333,967,32,2.5269253470441977,-0.13004405130023647
177,1565614800,471,836,365,1307,32,2.819843237947288,-0.02982120859057181
177,1565629200,947,613,0,1560,32,-0.5212514551660903,0.04475637730809042
177,1565643600,871,604,0,1475,32,-0.5212514551660903,0.019700666630674254
177,1565658000,266,177,0,443,33,-0.7135149579639861,-0.700344426160743
177,1565672400,13,31,18,44,33,-0.5878059604760407,-1.4634375271751598
177,1565686800,358,675,317,1033,33,1.5003601644626068,0.42803885604102637
177,1565701200,474,843,369,1317,33,1.8635194905388932,0.9711928427279798
177,1565715600,951,532,0,1483,33,-0.7135149579639861,1.2886701729745793
177,1565730000,879,572,0,1451,33,-0.7135149579639861,1.2274697237704155
177,1565744400,276,169,0,445,33,-0.7135149579639861,-0.6965193980854827
177,1565758800,15,36,21,51,33,-0.5668544608947165,-1.450049928911749
177,1565773200,312,670,358,982,33,1.786697325407371,0.3305006401218904
177,1565787600,511,889,378,1400,33,1.926373989282866,1.1299315078512795
177,1565802000,1012,604,0,1616,33,-0.7135149579639861,1.543034539979385
177,1565816400,887,551,0,1438,33,-0.7135149579639861,1.202607041281224
177,1565830800,264,189,0,453,33,-0.7135149579639861,-0.6812192857844418
177,1565845200,16,41,25,57,33,-0.5389191281196175,-1.4385748446859683
177,1565859600,312,701,389,1013,33,2.003196154414388,0.38978857528842403
177,1565874000,512,842,330,1354,33,1.5911499959816784,1.0419558621202942
177,1565888400,923,597,0,1520,33,-0.7135149579639861,1.3594331923668936
177,1565902800,927,597,0,1524,33,-0.7135149579639861,1.367083248517414
177,1565917200,275,199,0,474,33,-0.7135149579639861,-0.6410564909942094
177,1565931600,19,40,21,59,33,-0.5668544608947165,-1.4347498166107082
177,1565946000,298,644,346,942,33,1.7028913270820742,0.2540000786166857
177,1565960400,500,784,284,1284,33,1.2698936690680402,0.908079879486186
177,1565974800,880,453,0,1333,33,-0.7135149579639861,1.0017930673300617
177,1565989200,784,482,0,1266,33,-0.7135149579639861,0.8736546268088438
177,1566003600,273,145,0,418,33,-0.7135149579639861,-0.7481572771014959
177,1566018000,17,36,19,53,33,-0.580822127282266,-1.446224900836489
177,1566032400,120,284,164,404,33,0.4318336858150715,-0.7749324736283175
177,1566046800,282,407,125,689,33,0.15946419125785655,-0.22986597290373403
177,1566061200,399,397,0,796,33,-0.7135149579639861,-0.025226970877311468
177,1566075600,369,298,0,667,33,-0.7135149579639861,-0.27194128173159665
177,1566090000,195,149,0,344,33,-0.7135149579639861,-0.8896833158861246
177,1566104400,13,21,8,34,33,-0.6576442924137882,-1.4825626675514612
177,1566118800,94,222,128,316,33,0.18041569083918077,-0.9432337089397679
177,1566133200,184,305,121,489,33,0.13152885848275758,-0.6123687804297575
177,1566147600,323,372,49,695,33,-0.3713071314690238,-0.21839088867795334
177,1566162000,295,400,105,695,33,0.019787527382361732,-0.21839088867795334
177,1566176400,211,82,0,293,33,-0.7135149579639861,-0.9872215318052606
177,1566190800,7,28,21,35,33,-0.5668544608947165,-1.480650153513831
177,1566205200,300,643,343,943,33,1.68193982750075,0.2559125926543158
177,1566219600,437,789,352,1226,33,1.7447943262447227,0.7971540653036391
177,1566234000,915,598,0,1513,33,-0.7135149579639861,1.3460455941034828
177,1566248400,794,600,0,1394,33,-0.7135149579639861,1.1184564236254988
177,1566262800,236,150,0,386,34,-0.7041528231313994,-0.7959256930786267
177,1566277200,16,49,33,65,34,-0.5061500207657837,-1.414301201295422
177,1566291600,331,663,332,994,34,1.2878753703650976,0.3753276059737454
177,1566306000,468,903,435,1371,34,1.905884117142625,1.1015817075243117
177,1566320400,954,551,0,1505,34,-0.7041528231313994,1.3597197701444068
177,1566334800,809,656,0,1465,34,-0.7041528231313994,1.282663632048856
177,1566349200,249,201,0,450,34,-0.7041528231313994,-0.6726358721257454
177,1566363600,8,37,29,45,34,-0.5301503604464645,-1.4528292703431973
177,1566378000,286,700,414,986,34,1.7798823338190513,0.35991637835463525
177,1566392400,449,898,449,1347,34,1.9898853060250075,1.055348024666981
177,1566406800,925,494,0,1419,34,-0.7041528231313994,1.1940490732389726
177,1566421200,777,707,0,1484,34,-0.7041528231313994,1.3192652976442427
177,1566435600,255,201,0,456,34,-0.7041528231313994,-0.6610774514114128
177,1566450001,12,75,63,87,34,-0.3261474731606786,-1.371920325342869
177,1566464400,300,695,395,995,34,1.6658807203358181,0.3772540094261342
177,1566478800,499,835,336,1334,34,1.311875710045778,1.0303047797859273
177,1566493200,935,546,0,1481,34,-0.7041528231313994,1.3134860872870764
177,1566507600,815,582,0,1397,34,-0.7041528231313994,1.1516681972864196
177,1566522000,239,184,0,423,34,-0.7041528231313994,-0.7246487653402423
177,1566536400,17,38,21,55,34,-0.5781510398078258,-1.4335652358193096
177,1566550800,265,643,378,908,34,1.5638792766929253,0.2096569090683112
177,1566565200,439,857,418,1296,34,1.803882673499732,0.9571014485951539
177,1566579600,1004,590,0,1594,34,-0.7041528231313994,1.5311696774070074
177,1566594000,723,384,0,1107,34,-0.7041528231313994,0.5930111960936764
177,1566608400,247,162,0,409,34,-0.7041528231313994,-0.751618413673685
177,1566622800,20,35,15,55,34,-0.6141515493288469,-1.4335652358193096
177,1566637200,127,300,173,427,34,0.33386186805804025,-0.7169431515306871
177,1566651600,238,399,161,637,34,0.26186084901599815,-0.3123984265290454
177,1566666000,395,381,0,776,34,-0.7041528231313994,-0.04462834664700643
177,1566680400,369,232,0,601,34,-0.7041528231313994,-0.3817489508150412
177,1566694800,202,178,0,380,34,-0.7041528231313994,-0.8074841137929593
177,1566709200,14,24,10,38,34,-0.6441519739296977,-1.4663140945099187
177,1566723600,84,211,127,295,34,0.05785796173021234,-0.9712284072460048
177,1566738000,206,295,89,501,34,-0.17014526523625417,-0.5743892960539182
177,1566752400,284,407,123,691,34,0.03385762204953166,-0.20837264010005188
177,1566766800,291,333,42,624,34,-0.45214925648425225,-0.33744167141009945
177,1566781200,176,123,0,299,34,-0.7041528231313994,-0.9635227934364496
177,1566795600,13,31,18,44,34,-0.5961512945683364,-1.454755673795586
177,1566810000,297,678,381,975,34,1.5818795314534357,0.3387259403783588
177,1566824400,441,928,487,1369,34,2.217888532991474,1.097728900619534
177,1566838800,908,608,0,1516,34,-0.7041528231313994,1.3809102081206832
177,1566853200,727,551,0,1278,34,-0.7041528231313994,0.922426186452156
177,1566867600,230,182,0,412,35,-0.6469591050946113,-0.6552868454345014
177,1566882000,11,47,36,58,35,-0.4469995452207249,-1.149945904021025
177,1566896400,297,772,475,1069,35,1.991396198796945,0.2627668310947244
177,1566910800,603,1116,513,1719,35,2.20246462310827,1.1710391138100924
177,1566925200,1318,815,0,2133,35,-0.6469591050946113,1.7495386908011112
177,1566939600,1505,690,0,2195,35,-0.6469591050946113,1.8361738931524234
177,1566954000,343,242,0,585,35,-0.6469591050946113,-0.41354668403487266
177,1566968400,15,37,22,52,35,-0.5247615962827918,-1.1583299558614744
177,1566982800,292,740,448,1032,35,1.8414265288915304,0.21106517807861883
177,1566997200,670,1138,468,1808,35,1.9525151732659116,1.2954025494434274
177,1567011600,1211,593,0,1804,35,-0.6469591050946113,1.2898131815497944
177,1567026000,1472,718,0,2190,35,-0.6469591050946113,1.829187183285382
177,1567040400,430,224,0,654,35,-0.6469591050946113,-0.31713008786970287
177,1567054800,10,49,39,59,35,-0.43033624856456765,-1.1485485620476166
177,1567069200,298,792,494,1090,35,2.0969304109526075,0.29211101253629784
177,1567083600,641,1115,474,1756,35,1.985841766578226,1.222740766826198
177,1567098000,1418,719,0,2137,35,-0.6469591050946113,1.7551280586947444
177,1567112400,1550,573,0,2123,35,-0.6469591050946113,1.7355652710670288
177,1567126800,320,224,0,544,35,-0.6469591050946113,-0.4708377049446113
177,1567141200,10,53,43,63,35,-0.40811851968969143,-1.1429591941539836
177,1567155600,239,760,521,999,35,2.246900080858022,0.1649528929561463
177,1567170000,727,1055,328,1782,35,1.1748946626452423,1.2590716581348127
177,1567184400,1403,573,0,1976,35,-0.6469591050946113,1.5301560009760147
177,1567198800,861,328,0,1189,35,-0.6469591050946113,0.4304478679037154
177,1567213200,268,189,0,457,35,-0.6469591050946113,-0.5924064566311298
177,1567227600,19,31,12,50,35,-0.5803059184699825,-1.1611246398082908
177,1567242000,122,326,204,448,35,0.4861450675240782,-0.604982534391804
177,1567256400,274,496,222,770,35,0.5861248474610214,-0.15503841895434486
177,1567270800,485,429,0,914,35,-0.6469591050946113,0.046178825216444334
177,1567285200,329,305,0,634,35,-0.6469591050946113,-0.34507692733786804
177,1567299600,164,137,0,301,35,-0.6469591050946113,-0.8103918044828181
177,1567314000,9,24,15,33,35,-0.5636426218138253,-1.1848794533562312
177,1567328400,81,183,102,264,35,-0.08040701878526652,-0.8620934574989236
177,1567342800,162,284,122,446,35,0.03068162558911481,-0.6077772183386206
177,1567357200,290,293,3,583,35,-0.630295808438454,-0.4163413679816892
177,1567371600,271,215,0,486,35,-0.6469591050946113,-0.5518835394022903
177,1567386000,122,134,12,256,35,-0.5803059184699825,-0.8732721932861897
177,1567400400,13,27,14,40,35,-0.5691970540325443,-1.1750980595423735
177,1567414800,84,250,166,334,35,0.2750766432127537,-0.7642795193603455
177,1567429200,160,319,159,479,35,0.23619561768172026,-0.5616649332161481
177,1567443600,299,280,0,579,35,-0.6469591050946113,-0.42193073587532226
177,1567458000,277,220,0,497,35,-0.6469591050946113,-0.5365127776947994
177,1567472400,158,117,0,275,36,-0.6931027411728345,-1.0111699080295447
177,1567486800,9,41,32,50,36,-0.5148535861524959,-1.285960143000477
177,1567501200,327,795,468,1122,36,1.9137911509996177,0.02326266539436462
177,1567515600,672,1120,448,1792,36,1.802385429111906,0.8415269206411405
177,1567530000,1322,1151,0,2473,36,-0.6931027411728345,1.6732253651531621
177,1567544400,1702,744,0,2446,36,-0.6931027411728345,1.6402505369566502
177,1567558800,321,183,0,504,36,-0.6931027411728345,-0.7314945133257958
177,1567573200,15,44,29,59,36,-0.5315644444356526,-1.2749685336016396
177,1567587600,370,829,459,1199,36,1.8636585761501474,0.11730199025108365
177,1567602000,667,1181,514,1848,36,2.170024311341354,0.9099191569005726
177,1567616400,1190,684,0,1874,36,-0.6931027411728345,0.9416726951638803
177,1567630800,1577,716,0,2293,36,-0.6931027411728345,1.4533931771764164
177,1567645200,479,187,0,666,36,-0.6931027411728345,-0.5336455441467247
177,1567659600,17,56,39,73,36,-0.47586158349179686,-1.2578704745367817
177,1567674000,378,833,455,1211,36,1.841377431772605,0.13195746944953338
177,1567688400,794,1067,273,1861,36,0.8275853625944292,0.9257959260322265
177,1567702800,1395,697,0,2092,36,-0.6931027411728345,1.2079139006023836
177,1567717200,1728,675,0,2403,36,-0.6931027411728345,1.5877350698288721
177,1567731600,331,205,0,536,36,-0.6931027411728345,-0.6924132354632633
177,1567746000,16,58,42,74,36,-0.4591507252086401,-1.2566491846035774
177,1567760400,353,801,448,1154,36,1.802385429111906,0.062343943256897204
177,1567774800,792,1041,249,1833,36,0.6938984963291753,0.8915998079025105
177,1567789200,1596,524,0,2120,36,-0.6931027411728345,1.2421100187320995
177,1567803600,1122,503,0,1625,36,-0.6931027411728345,0.6375715017960487
177,1567818000,282,177,0,459,36,-0.6931027411728345,-0.7864525603199823
177,1567832400,11,39,28,50,36,-0.5371347305300382,-1.285960143000477
177,1567846800,97,298,201,395,36,0.4265247637986674,-0.8646151160450475
177,1567861200,415,548,133,963,36,0.04774530938044783,-0.17092243398509416
177,1567875600,786,399,0,1185,36,-0.6931027411728345,0.10020393118622564
177,1567890000,421,400,0,821,36,-0.6931027411728345,-0.3443456045000825
177,1567904400,230,186,0,416,36,-0.6931027411728345,-0.8389680274477604
177,1567918800,15,29,14,44,36,-0.6151187358514364,-1.2932878825997018
177,1567933200,79,216,137,295,36,0.07002645375799016,-0.9867441093654619
177,1567947600,193,379,186,572,36,0.34297047238288364,-0.6484467978679141
177,1567962000,344,373,29,717,36,-0.5315644444356526,-0.4713597575533134
177,1567976400,302,371,69,673,36,-0.30875300066022937,-0.5250965146142957
177,1567990800,188,115,0,303,36,-0.6931027411728345,-0.9769737898998286
177,1568005200,7,48,41,55,36,-0.4647210113030257,-1.2798536933344562
177,1568019600,376,896,520,1272,36,2.2034460279076677,0.2064561553749861
177,1568034000,726,1138,412,1864,36,1.601855129714025,0.9294597958318389
177,1568048400,1462,628,0,2090,36,-0.6931027411728345,1.2054713207359753
177,1568062800,1855,712,0,2567,36,-0.6931027411728345,1.7880266188743517
177,1568077200,414,146,0,560,37,-0.6164714201896448,-0.6270066183035312
177,1568091600,18,44,26,62,37,-0.4568349983620204,-1.2444487288702288
177,1568106000,405,831,426,1236,37,1.9991099528322012,0.21112765226491773
177,1568120400,886,1157,271,2043,37,1.0474312842444404,1.2116814338458914
177,1568134800,1801,650,0,2451,37,-0.6164714201896448,1.7175376208161979
177,1568149200,1832,616,0,2448,37,-0.6164714201896448,1.7138180900296516
177,1568163600,397,163,0,560,37,-0.6164714201896448,-0.6270066183035312
177,1568178000,19,41,22,60,37,-0.4813944478739626,-1.2469284160612597
177,1568192400,381,817,436,1198,37,2.0605085766120568,0.16401359563533036
177,1568206800,706,1000,294,1706,37,1.1886481189381082,0.7938541421571825
177,1568221200,1324,627,0,1951,37,-0.6164714201896448,1.0976158230584694
177,1568235600,1629,555,0,2184,37,-0.6164714201896448,1.3864993808135708
177,1568250000,357,173,0,530,37,-0.6164714201896448,-0.6642019261689949
177,1568264400,19,46,27,65,37,-0.4506951359840348,-1.2407291980836823
177,1568278800,379,879,500,1258,37,2.4534597688031323,0.23840421136625778
177,1568293200,746,931,185,1677,37,0.5194031197376828,0.7578986778872343
177,1568307600,1507,639,0,2146,37,-0.6164714201896448,1.3393853241839835
177,1568322000,1750,636,0,2386,37,-0.6164714201896448,1.6369477871076932
177,1568336400,428,233,0,661,37,-0.6164714201896448,-0.50178241515647
177,1568350800,15,43,28,58,37,-0.4445552736060493,-1.2494081032522906
177,1568365200,382,893,511,1275,37,2.5209982549609733,0.25948155249002053
177,1568379600,811,1077,266,1888,37,1.0167319723545127,1.0195056765409958
177,1568394000,1473,545,0,2018,37,-0.6164714201896448,1.1806853439580052
177,1568408400,1127,495,0,1622,37,-0.6164714201896448,0.6897072801338842
177,1568422800,315,154,0,469,37,-0.6164714201896448,-0.7398323854954377
177,1568437200,28,28,0,56,37,-0.6164714201896448,-1.2518877904433214
177,1568451600,110,274,164,384,37,0.39046600979998614,-0.8452190911142516
177,1568466000,299,416,117,715,37,0.10189247803466508,-0.4348308609986353
177,1568480400,508,293,0,801,37,-0.6164714201896448,-0.32820431178430604
177,1568494800,396,219,0,615,37,-0.6164714201896448,-0.5588152205501811
177,1568509200,208,121,0,329,37,-0.6164714201896448,-0.9134104888676017
177,1568523600,13,23,10,36,37,-0.5550727964097892,-1.2766846623536305
177,1568538000,104,137,33,241,37,-0.4138559617161215,-1.022516725272962
177,1568552400,225,290,65,515,37,-0.21738036562058377,-0.6827995801017267
177,1568566800,421,254,0,675,37,-0.6164714201896448,-0.48442460481925365
177,1568581200,303,198,0,501,37,-0.6164714201896448,-0.7001573904389431
177,1568595600,134,76,0,210,37,-0.6164714201896448,-1.0609518767339412
177,1568610000,11,33,22,44,37,-0.4813944478739626,-1.266765913589507
177,1568624400,368,844,476,1212,37,2.3061030717314788,0.18137140597254678
177,1568638800,672,1010,338,1682,37,1.4588020635694727,0.7640978958648116
177,1568653200,1336,542,0,1878,37,-0.6164714201896448,1.007107240585841
177,1568667600,1652,702,0,2354,37,-0.6164714201896448,1.5972727920511987
177,1568682000,428,137,0,565,38,-0.594424773274554,-0.7102446721980331
177,1568696400,27,34,7,61,38,-0.5424898896660194,-1.2803796445563178
177,1568710800,534,853,319,1387,38,1.7723220654572363,0.21961831843393104
177,1568725200,923,1151,228,2074,38,1.0971685785462866,0.996766584327069
177,1568739600,1628,788,0,2416,38,-0.594424773274554,1.3836438869987622
177,1568754000,1783,732,0,2515,38,-0.594424773274554,1.495634685140568
177,1568768400,427,148,0,575,38,-0.594424773274554,-0.6989324703655275
177,1568782800,18,33,15,51,38,-0.4831357369705513,-1.2916918463888234
177,1568797200,507,745,238,1252,38,1.171361269415622,0.06690359369510479
177,1568811600,779,1080,301,1859,38,1.638775221892433,0.7535542449281976
177,1568826000,1584,771,0,2355,38,-0.594424773274554,1.3146394558204777
177,1568840400,1710,789,0,2499,38,-0.594424773274554,1.477535162208559
177,1568854800,413,152,0,565,38,-0.594424773274554,-0.7102446721980331
177,1568869200,22,22,0,44,38,-0.594424773274554,-1.2996103876715774
177,1568883600,472,800,328,1272,38,1.839095487239638,0.08952799736011609
177,1568898000,804,1050,246,1854,38,1.2307154221110899,0.7478981440119448
177,1568912400,1624,802,0,2426,38,-0.594424773274554,1.3949560888312678
177,1568926800,1793,777,0,2570,38,-0.594424773274554,1.5578517952193491
177,1568941200,466,201,0,667,38,-0.594424773274554,-0.5948602135064756
177,1568955600,20,31,11,51,38,-0.5128128133182853,-1.2916918463888234
177,1568970000,472,773,301,1245,38,1.638775221892433,0.05898505241235084
177,1568984400,859,1034,175,1893,38,0.7039473169388105,0.7920157311587168
177,1568998800,1516,742,0,2258,38,-0.594424773274554,1.204911098045173
177,1569013200,1158,663,0,1821,38,-0.594424773274554,0.7105678779646761
177,1569027600,385,136,0,521,38,-0.594424773274554,-0.7600183602610581
177,1569042000,31,27,0,58,38,-0.594424773274554,-1.2837733051060696
177,1569056400,166,277,111,443,38,0.2291140953750658,-0.8482535345546021
177,1569070800,405,500,95,905,38,0.11040578998412963,-0.3256298098928412
177,1569085200,611,367,0,978,38,-0.594424773274554,-0.24305073651554995
177,1569099600,476,294,0,770,38,-0.594424773274554,-0.4783445346316674
177,1569114000,265,202,0,467,38,-0.594424773274554,-0.8211042501565885
177,1569128400,24,29,5,53,38,-0.5573284278398865,-1.2894294060223224
177,1569142800,136,155,19,291,38,-0.45345866062281726,-1.020199002408688
177,1569157200,322,378,56,700,38,-0.17894570440627733,-0.5575299474592069
177,1569171600,465,461,0,926,38,-0.594424773274554,-0.30187418604457933
177,1569186000,408,284,0,692,38,-0.594424773274554,-0.5665797089252115
177,1569200400,176,100,0,276,38,-0.594424773274554,-1.0371673051574464
177,1569214800,12,33,21,45,38,-0.4386201224489502,-1.298479167488327
177,1569229200,536,877,341,1413,38,1.9355459853697736,0.2490300431984457
177,1569243600,807,1355,548,2162,38,3.4713346863650107,1.0963139604531187
177,1569258000,1604,889,0,2493,38,-0.594424773274554,1.4707478411090555
177,1569272400,1704,928,0,2632,38,-0.594424773274554,1.6279874465808841
177,1569286800,411,168,0,579,39,-0.6649891106938758,-0.7036441266526066
177,1569301200,23,26,3,49,39,-0.6467146007816776,-1.301017057975529
177,1569315600,566,886,320,1452,39,1.2842919466072562,0.2803305319226976
177,1569330000,879,1371,492,2250,39,2.3320305149066147,1.1797712851221165
177,1569344400,1607,1096,0,2703,39,-0.6649891106938758,1.6903560735924632
177,1569358800,1761,1048,0,2809,39,-0.6649891106938758,1.8098306598570477
177,1569373200,518,199,0,717,39,-0.6649891106938758,-0.5481017407609777
177,1569387600,29,34,5,63,39,-0.6345315941735457,-1.2852373956386969
177,1569402000,535,838,303,1373,39,1.1807363904381334,0.1912881515934318
177,1569416400,862,1288,426,2150,39,1.929991296838256,1.0670594112876028
177,1569430800,1671,1033,0,2704,39,-0.6649891106938758,1.6914831923308085
177,1569445200,1739,1055,0,2794,39,-0.6649891106938758,1.7929238787818707
177,1569459600,454,230,0,684,39,-0.6649891106938758,-0.5852966591263672
177,1569474000,23,29,6,52,39,-0.6284400908694796,-1.2976357017604934
177,1569488400,523,849,326,1372,39,1.3208409664316523,0.19016103285508668
177,1569502800,877,1201,324,2078,39,1.3086579598235202,0.9859068621267529
177,1569517200,1577,966,0,2543,39,-0.6649891106938758,1.5100170754572415
177,1569531600,1704,926,0,2630,39,-0.6649891106938758,1.6080764056932684
177,1569546000,399,233,0,632,39,-0.6649891106938758,-0.6439068335203143
177,1569560400,26,33,7,59,39,-0.6223485875654136,-1.2897458705920775
177,1569574800,504,882,378,1386,39,1.6375991382430863,0.20594069519191857
177,1569589200,823,1250,427,2073,39,1.936082800142322,0.9802712684350273
177,1569603600,1567,782,0,2349,39,-0.6649891106938758,1.2913560402182849
177,1569618000,1210,662,0,1872,39,-0.6649891106938758,0.7537204020276549
177,1569632400,407,192,0,599,39,-0.6649891106938758,-0.6811017518857038
177,1569646800,34,44,10,78,39,-0.6040740776532154,-1.2683306145635198
177,1569661200,157,332,175,489,39,0.40102396751768077,-0.8050848131036688
177,1569675600,416,611,195,1027,39,0.5228540335990015,-0.1986949318739854
177,1569690000,650,758,108,1408,39,-0.007106753854743739,0.23073730743551157
177,1569704400,596,499,0,1095,39,-0.6649891106938758,-0.12205085766651613
177,1569718800,329,144,0,473,39,-0.6649891106938758,-0.823118712917191
177,1569733200,17,38,21,55,39,-0.537067541308489,-1.294254345545458
177,1569747600,188,175,0,363,39,-0.6649891106938758,-0.947101774135156
177,1569762000,316,363,47,679,39,-0.378688455402772,-0.5909322528180929
177,1569776400,445,586,141,1031,39,0.1939128551794355,-0.19418645692060485
177,1569790800,454,399,0,853,39,-0.6649891106938758,-0.39481359234603913
177,1569805200,134,96,0,230,39,-0.6649891106938758,-1.097008566335059
177,1569819600,12,21,9,33,39,-0.6101655809572815,-1.319050957789051
177,1569834000,232,621,389,853,39,1.7046056745878126,-0.39481359234603913
177,1569848400,352,825,473,1177,39,2.21629195212936,-0.029627121122214942
177,1569862800,772,549,0,1321,39,-0.6649891106938758,0.1326779771994847
177,1569877200,779,622,0,1401,39,-0.6649891106938758,0.2228474762670956
177,1569891600,231,122,0,353,40,-0.6792050795136988,-0.8600045444526552
177,1569906000,16,27,11,43,40,-0.6219436293795146,-1.259535664440294
177,1569920400,243,694,451,937,40,1.668514375987849,-0.10733946679852241
177,1569934800,403,971,568,1374,40,2.2775679819605346,0.45587053137760086
177,1569949200,887,722,0,1609,40,-0.6792050795136988,0.7587408965295207
177,1569963600,840,709,0,1549,40,-0.6792050795136988,0.6814122926609454
177,1569978000,190,138,0,328,40,-0.6792050795136988,-0.8922247960645615
177,1569992400,15,33,18,48,40,-0.5855045247486703,-1.2530916141179127
177,1570006800,307,815,508,1122,40,1.9652327994104393,0.1310903951295847
177,1570021200,742,1024,282,1766,40,0.788770278471748,0.9610840766522927
177,1570035600,1281,652,0,1933,40,-0.6792050795136988,1.1763153574198273
177,1570050000,1628,794,0,2422,40,-0.6792050795136988,1.8065434789487158
177,1570064400,399,168,0,567,40,-0.6792050795136988,-0.5841991906547366
177,1570078800,12,31,19,43,40,-0.5802989383728353,-1.259535664440294
177,1570093200,318,815,497,1133,40,1.9079713492762551,0.1452673058388235
177,1570107600,700,1113,413,1813,40,1.4707020937061221,1.0216581496826767
177,1570122000,1516,715,0,2231,40,-0.6792050795136988,1.5603807566337513
177,1570136400,1715,591,0,2306,40,-0.6792050795136988,1.6570415114694703
177,1570150800,407,207,0,614,40,-0.6792050795136988,-0.5236251176243527
177,1570165200,19,35,16,54,40,-0.5959156975003401,-1.2453587537310553
177,1570179600,273,779,506,1052,40,1.9548216266587695,0.04087369061624687
177,1570194000,818,1048,230,1866,40,0.5180797869283322,1.0899650830999181
177,1570208400,1532,555,0,2087,40,-0.6792050795136988,1.3747921073491707
177,1570222800,1102,620,0,1722,40,-0.6792050795136988,0.9043764338153375
177,1570237200,207,166,0,373,40,-0.6792050795136988,-0.83422834316313
177,1570251600,18,32,14,50,40,-0.6063268702520099,-1.2505139939889602
177,1570266000,94,398,304,492,40,0.9032931787401162,-0.6808599454904557
177,1570280400,394,464,70,858,40,-0.3148140332052546,-0.20915546189214654
177,1570294800,613,463,0,1076,40,-0.6792050795136988,0.07180513216367698
177,1570309200,343,314,0,657,40,-0.6792050795136988,-0.4682062848518737
177,1570323600,148,159,11,307,40,-0.6219436293795146,-0.9192898074185628
177,1570338000,18,28,10,46,40,-0.6271492157553497,-1.2556692342468654
177,1570352400,63,174,111,237,40,-0.10138499179602295,-1.0095065119319007
177,1570366800,163,405,242,568,40,0.5805468234383513,-0.5829103805902603
177,1570381200,327,437,110,764,40,-0.10659057817185787,-0.33030360795291447
177,1570395600,259,323,64,582,40,-0.34604755146026406,-0.5648670396875928
177,1570410000,94,118,24,212,40,-0.5542710064936608,-1.041726763543807
177,1570424400,9,33,24,42,40,-0.5542710064936608,-1.2608244745047703
177,1570438800,279,840,561,1119,40,2.24112887732969,0.12722396493615593
177,1570453200,759,1175,416,1934,40,1.4863188528336269,1.1776041674843034
177,1570467600,1466,792,0,2258,40,-0.6792050795136988,1.59517862837461
177,1570482000,1659,646,0,2305,40,-0.6792050795136988,1.655752701404994
177,1570496400,396,62,0,458,41,-0.703399390361535,-0.6762228035383483
177,1570510800,11,35,24,46,41,-0.5558699302108011,-1.2623164370183173
177,1570525200,464,740,276,1204,41,0.9931894013719051,0.38500498912198367
177,1570539600,568,991,423,1559,41,1.8968073447951506,0.8900128529214714
177,1570554000,1131,661,0,1792,41,-0.703399390361535,1.2214687184574733
177,1570568400,970,717,0,1687,41,-0.703399390361535,1.07210019536185
177,1570582800,185,90,0,275,41,-0.703399390361535,-0.9365508009335772
177,1570597200,9,45,36,54,41,-0.4821052001354341,-1.2509359781157936
177,1570611600,313,695,382,1008,41,1.64477785037098,0.10618374601015382
177,1570626000,441,845,404,1286,41,1.7800131888424862,0.5016546928728512
177,1570640400,881,610,0,1491,41,-0.703399390361535,0.7932789522500202
177,1570654800,882,759,0,1641,41,-0.703399390361535,1.006662556672339
177,1570669200,196,72,0,268,41,-0.703399390361535,-0.9465087024732854
177,1570683600,10,34,24,44,41,-0.5558699302108011,-1.265161551743948
177,1570698000,452,809,357,1261,41,1.4911013293806321,0.4660907588024648
177,1570712400,842,1275,433,2117,41,1.9582779531912895,1.6837998613724972
177,1570726800,1628,788,0,2416,41,-0.703399390361535,2.109144512854319
177,1570741200,1761,776,0,2537,41,-0.703399390361535,2.2812739537549898
177,1570755600,390,75,0,465,41,-0.703399390361535,-0.6662649019986401
177,1570770000,8,33,25,41,41,-0.5497228693711872,-1.2694292238323945
177,1570784400,354,800,446,1154,41,2.0381897441062704,0.31387712098121073
177,1570798800,754,1006,252,1760,41,0.8456599412211712,1.1759468828473785
177,1570813200,1477,653,0,2130,41,-0.703399390361535,1.702293107089098
177,1570827600,1108,455,0,1563,41,-0.703399390361535,0.8957030823727332
177,1570842000,206,140,0,346,41,-0.703399390361535,-0.8355492281736797
177,1570856400,16,33,17,49,41,-0.5988993560880985,-1.2580487649298708
177,1570870800,89,263,174,352,41,0.366189195731286,-0.8270138839967869
177,1570885200,310,515,205,825,41,0.5567480817593173,-0.15414425138507507
177,1570899600,557,422,0,979,41,-0.703399390361535,0.06492958248850553
177,1570914000,328,387,59,715,41,-0.3407228008243141,-0.31062556129477553
177,1570928400,136,202,66,338,41,-0.2976933749470167,-0.8469296870762033
177,1570942800,14,23,9,37,41,-0.6480758428050097,-1.2751194532836563
177,1570957200,82,171,89,253,41,-0.1563109756358967,-0.9678470629155173
177,1570971600,164,358,194,522,41,0.48913041252356426,-0.585179132318159
177,1570986000,426,427,1,853,41,-0.6972523295219211,-0.11431264522624224
177,1571000400,278,306,28,584,41,-0.5312816868523454,-0.49698057582360056
177,1571014800,225,60,0,285,41,-0.703399390361535,-0.9223252273054227
177,1571029200,112,93,0,205,41,-0.703399390361535,-1.0361298163306594
177,1571043600,198,617,419,815,41,1.872219101436695,-0.16836982501322967
177,1571058000,390,853,463,1243,41,2.142689778379707,0.44048472627178653
177,1571072400,789,493,0,1282,41,-0.703399390361535,0.49596446342158945
177,1571086800,661,600,0,1261,41,-0.703399390361535,0.4660907588024648
177,1571101200,223,121,0,344,42,-0.6448563023037417,-0.9069500648380078
177,1571115600,14,37,23,51,42,-0.5048732287790708,-1.2813983498981094
177,1571130000,364,802,438,1166,42,2.0209083152530343,0.14354990212241361
177,1571144400,714,1070,356,1784,42,1.5218382270346422,0.9333418480853581
177,1571158800,1437,689,0,2126,42,-0.6448563023037417,1.3704111774046577
177,1571173200,1640,639,0,2279,42,-0.6448563023037417,1.5659421931527653
177,1571187600,384,210,0,594,42,-0.6448563023037417,-0.58745494106659
177,1571202000,15,41,26,56,42,-0.4866145670149833,-1.275008447422681
177,1571216400,387,771,384,1158,42,1.692252403499459,0.13332605816172827
177,1571230800,847,1015,168,1862,42,0.3776287564851587,1.0330243267020405
177,1571245200,1467,647,0,2114,42,-0.6448563023037417,1.3550754114636296
177,1571259600,1721,688,0,2409,42,-0.6448563023037417,1.7320796575139024
177,1571274000,406,231,0,637,42,-0.6448563023037417,-0.5325017797779062
177,1571288400,16,35,19,51,42,-0.5292181111311874,-1.2813983498981094
177,1571302800,355,825,470,1180,42,2.2156673740699677,0.161441629053613
177,1571317200,744,1125,381,1869,42,1.6739937417353714,1.0419701901676401
177,1571331600,1543,716,0,2259,42,-0.6448563023037417,1.5403825832510518
177,1571346000,1711,589,0,2300,42,-0.6448563023037417,1.5927797835495643
177,1571360400,372,250,0,622,42,-0.6448563023037417,-0.5516714872041913
177,1571374800,15,35,20,50,42,-0.5231318905431583,-1.282676330393195
177,1571389200,356,823,467,1179,42,2.19740871230588,0.16016364855852736
177,1571403600,802,1086,284,1888,42,1.083630344696542,1.0662518195742678
177,1571408770,423,267,0,690,42,-0.6448563023037417,-0.4647688135383657
177,1571418000,1072,287,0,1359,42,-0.6448563023037417,0.39020013767394807
177,1571432400,1189,504,0,1693,42,-0.6448563023037417,0.8170456230325621
177,1571446800,293,199,0,492,42,-0.6448563023037417,-0.7178089515653285
177,1571461200,19,25,6,44,42,-0.6083389787755666,-1.290344213363709
177,1571475600,109,259,150,368,42,0.26807678590063366,-0.8762785329559517
177,1571490000,353,479,126,832,42,0.12200749178793359,-0.2832955832362004
177,1571504400,602,423,0,1025,42,-0.6448563023037417,-0.03664534768466596
177,1571518800,412,297,0,709,42,-0.6448563023037417,-0.44048718413173793
177,1571533200,169,160,0,329,42,-0.6448563023037417,-0.9261197722642929
177,1571547600,24,29,5,53,42,-0.6144251993635959,-1.2788423889079379
177,1571562000,87,236,149,323,42,0.26199056531260445,-0.9337876552348069
177,1571576400,254,385,131,639,42,0.15243859472807944,-0.5299458187877348
177,1571590800,335,386,51,721,42,-0.33445905231425405,-0.4251514181907099
177,1571605200,314,217,0,531,42,-0.6448563023037417,-0.6679677122569874
177,1571619600,130,70,0,200,42,-0.6448563023037417,-1.0909792561303444
177,1571634000,9,31,22,40,42,-0.5109594493670999,-1.2954561353440517
177,1571648400,305,830,525,1135,42,2.550409506411572,0.10393250677475784
177,1571662800,750,1105,355,1855,42,1.5157520064466132,1.0240784632364408
177,1571677200,1489,620,0,2109,42,-0.6448563023037417,1.3486855089882013
177,1571691600,1597,586,0,2183,42,-0.6448563023037417,1.4432560656245408
177,1571706000,377,208,0,585,43,-0.6671143362127374,-0.6426741811344066
177,1571720400,14,39,25,53,43,-0.5203575683469561,-1.3228841144993435
177,1571734800,381,797,416,1178,43,1.7749182810738642,0.11552974834944219
177,1571749200,758,1235,477,1993,43,2.1330047946663706,1.157580680102118
177,1571763600,1522,606,0,2128,43,-0.6671143362127374,1.3301903436439724
177,1571778000,1673,606,0,2279,43,-0.6671143362127374,1.523257448790787
177,1571792400,401,242,0,643,43,-0.6671143362127374,-0.5685159553164247
177,1571806800,20,27,7,47,43,-0.6260224412103187,-1.3305556551012037
177,1571821200,368,810,442,1178,43,1.927545319654277,0.11552974834944219
177,1571835600,725,989,264,1714,43,0.8826371324499135,0.8008540421156192
177,1571850000,1221,654,0,1875,43,-0.6671143362127374,1.0067070482655343
177,1571864400,1694,662,0,2356,43,-0.6671143362127374,1.6217088865146596
177,1571878800,415,236,0,651,43,-0.6671143362127374,-0.5582872345139445
177,1571893200,16,38,22,54,43,-0.5379683804908498,-1.3216055243990334
177,1571907600,359,778,419,1137,43,1.792529093217758,0.0631075542367309
177,1571922000,758,1195,437,1953,43,1.8981939660811207,1.1064370760897166
177,1571936400,1491,626,0,2117,43,-0.6671143362127374,1.316125852540562
177,1571950800,1779,609,0,2388,43,-0.6671143362127374,1.6626237697245805
177,1571965200,380,263,0,643,43,-0.6671143362127374,-0.5685159553164247
177,1571979600,17,40,23,57,43,-0.5320981097762186,-1.3177697540981033
177,1571994000,323,836,513,1159,43,2.344334540393096,0.09123653644355159
177,1572008400,841,1025,184,1866,43,0.41301547527941324,0.995199737362744
177,1572022800,1512,550,0,2062,43,-0.6671143362127374,1.2458033970235103
177,1572037200,1118,522,0,1640,43,-0.6671143362127374,0.7062383746926768
177,1572051600,276,234,0,510,43,-0.6671143362127374,-0.738568438657659
177,1572066000,29,41,12,70,43,-0.5966710876371624,-1.301148082794073
177,1572080400,109,323,214,432,43,0.5891235967183508,-0.8382984664818415
177,1572094800,347,500,153,847,43,0.23103708312584437,-0.3076835748531783
177,1572109200,602,419,0,1021,43,-0.6671143362127374,-0.08520889739923278
177,1572123600,485,367,0,852,43,-0.6671143362127374,-0.3012906243516281
177,1572138000,225,233,8,458,43,-0.6201521704956874,-0.8050551238737806
177,1572152400,14,60,46,74,43,-0.3970818833396998,-1.2960337223928329
177,1572166800,95,198,103,293,43,-0.06247645260571832,-1.0160224904249358
177,1572181200,209,333,124,542,43,0.060799232401538006,-0.697653555447738
177,1572195600,314,371,57,685,43,-0.332508905478756,-0.5148151711034035
177,1572210000,329,292,0,621,43,-0.6671143362127374,-0.5966449375232454
177,1572224400,143,119,0,262,43,-0.6671143362127374,-1.0556587835345468
177,1572238800,10,33,23,43,43,-0.5320981097762186,-1.3356700155024437
177,1572253200,336,792,456,1128,43,2.0097291096591143,0.05160024333394061
177,1572267600,698,1046,348,1744,43,1.375739872478939,0.8392117451249201
177,1572282000,1405,629,0,2034,43,-0.6671143362127374,1.2100028742148292
177,1572296400,1648,661,0,2309,43,-0.6671143362127374,1.561615151800088
177,1572310800,382,136,0,518,44,-0.7028039543609075,-0.6797178641401223
177,1572325200,13,34,21,47,44,-0.5605006743456824,-1.2788435954781743
177,1572339600,401,813,412,1214,44,2.0890508726044605,0.20561442675432381
177,1572354000,741,1053,312,1794,44,1.4114162058652935,0.9433913358330289
177,1572368400,1585,610,0,2195,44,-0.7028039543609075,1.4534750264202025
177,1572382800,1720,680,0,2400,44,-0.7028039543609075,1.7142410029049173
177,1572397200,346,160,0,506,44,-0.7028039543609075,-0.69498221398313
177,1572411600,9,50,41,59,44,-0.424973740997849,-1.2635792456351664
177,1572426000,393,755,362,1148,44,1.7502335392348771,0.1216605026177815
177,1572440400,732,986,254,1718,44,1.0183880991565768,0.8467171201606468
177,1572454800,1328,557,0,1885,44,-0.7028039543609075,1.0591459888091705
177,1572469200,1597,751,0,2348,44,-0.7028039543609075,1.6480954869185507
177,1572483600,419,193,0,612,44,-0.7028039543609075,-0.5601471237032287
177,1572498000,13,35,22,48,44,-0.5537243276782907,-1.2775715663245901
177,1572512400,383,748,365,1131,44,1.770562579237052,0.10003600700685393
177,1572526800,769,1038,269,1807,44,1.1200332991674518,0.9599277148296206
177,1572541200,1511,594,0,2105,44,-0.7028039543609075,1.338992402597645
177,1572555600,1660,531,0,2191,44,-0.7028039543609075,1.4483869098058666
177,1572570000,335,179,0,514,44,-0.7028039543609075,-0.6848059807544582
177,1572584400,21,27,6,48,44,-0.6621458743565575,-1.2775715663245901
177,1572598800,355,743,388,1098,44,1.9264185525870605,0.058059044938582785
177,1572613200,781,1044,263,1825,44,1.0793752191631016,0.9828242395941321
177,1572627600,1303,570,0,1873,44,-0.7028039543609075,1.043881638966163
177,1572642000,1191,603,0,1794,44,-0.7028039543609075,0.9433913358330289
177,1572656400,272,259,0,531,44,-0.7028039543609075,-0.6631814851435306
177,1572670800,17,28,11,45,44,-0.6282641410195992,-1.2813876537853421
177,1572685200,106,311,205,417,44,0.686347112454385,-0.8081928086521037
177,1572699600,247,504,257,751,44,1.0387171391587517,-0.3833350713550563
177,1572714000,413,441,28,854,44,-0.5130662476739407,-0.25231606853590693
177,1572728400,299,315,16,614,44,-0.5943824076826407,-0.5576030653960607
177,1572742800,157,165,8,322,44,-0.6485931810217741,-0.9290355782425813
177,1572753600,20,56,36,76,44,-0.45885547433480733,-1.241954750024239
177,1572768000,58,143,85,201,44,-0.1268144876326155,-1.0829511058262422
177,1572782400,193,412,219,605,44,0.7812159657978683,-0.5690513277783166
177,1572796800,510,509,0,1019,44,-0.7028039543609075,-0.04243125819455119
177,1572811200,379,323,0,702,44,-0.7028039543609075,-0.44566449988067103
177,1572825600,188,104,0,292,44,-0.7028039543609075,-0.9671964528501005
177,1572840000,27,16,0,43,44,-0.7028039543609075,-1.28393171209251
177,1572854400,192,513,321,705,44,1.4724033258718185,-0.4418484124199191
177,1572868800,606,1061,455,1667,44,2.3804337793023023,0.7818436333278641
177,1572883200,1275,749,0,2024,44,-0.7028039543609075,1.235958041157343
177,1572897600,1790,663,0,2453,44,-0.7028039543609075,1.781658548044868
177,1572912000,731,286,0,1017,45,-0.6249763187034969,-0.06469017020995867
177,1572926400,58,16,0,74,45,-0.6249763187034969,-1.2923465580085334
177,1572940800,191,496,305,687,45,1.055180374390269,-0.49430481281179284
177,1572955200,588,1210,622,1798,45,2.8014415931139536,0.9520644839477155
177,1572969600,1276,745,0,2021,45,-0.6249763187034969,1.2423798333422884
177,1572984000,1872,661,0,2533,45,-0.6249763187034969,1.9089334606518007
177,1572998400,752,279,0,1031,45,-0.6249763187034969,-0.04646409446321419
177,1573012800,43,18,0,61,45,-0.6249763187034969,-1.309270771201939
177,1573027200,217,453,236,670,45,0.6750793520182369,-0.516436476218554
177,1573041600,627,1082,455,1709,45,1.8814869447642524,0.8361987167005542
177,1573056000,1179,660,0,1839,45,-0.6249763187034969,1.00544084863461
177,1573070400,1666,685,0,2351,45,-0.6249763187034969,1.6719944759441225
177,1573084800,788,285,0,1073,45,-0.6249763187034969,0.008214132777019252
177,1573099200,43,20,0,63,45,-0.6249763187034969,-1.306667046095261
177,1573113600,221,538,317,759,45,1.1212849000201877,-0.40057070897139263
177,1573128000,603,1187,584,1790,45,2.592110595285878,0.9416495835210044
177,1573142400,1246,728,0,1974,45,-0.6249763187034969,1.1811922933353605
177,1573156800,1845,639,0,2484,45,-0.6249763187034969,1.845142195538195
177,1573171200,758,287,0,1045,45,-0.6249763187034969,-0.028238018716469707
177,1573185600,46,20,0,66,45,-0.6249763187034969,-1.3027614584352445
177,1573200000,172,405,233,577,45,0.6585532206107572,-0.6375096936790708
177,1573214400,636,1092,456,1728,45,1.8869956552334122,0.8609341052139932
177,1573228800,1404,647,0,2051,45,-0.6249763187034969,1.2814357099424551
177,1573243200,1304,569,0,1873,45,-0.6249763187034969,1.0497041754481324
177,1573257600,384,320,0,704,45,-0.6249763187034969,-0.4721731494050317
177,1573272000,67,43,0,110,45,-0.6249763187034969,-1.2454795060883332
177,1573286400,69,218,149,287,45,0.19582154120132653,-1.0150498341473495
177,1573300800,253,439,186,692,45,0.3996438285602424,-0.48779550004509836
177,1573315200,553,478,0,1031,45,-0.6249763187034969,-0.04646409446321419
177,1573329600,476,438,0,914,45,-0.6249763187034969,-0.1987820132038645
177,1573344000,233,270,37,503,45,-0.421154031344581,-0.7338475226261488
177,1573358400,43,55,12,98,45,-0.5588717930735781,-1.2611018567283998
177,1573372800,46,138,92,184,45,-0.11817495554078712,-1.1491416771412553
177,1573387200,217,331,114,548,45,0.003016674780730434,-0.6752637077258987
177,1573401600,386,474,88,860,45,-0.14020979741742667,-0.2690825910841646
177,1573416000,393,431,38,824,45,-0.4156453208754211,-0.31594964300436473
177,1573430400,175,173,0,348,45,-0.6249763187034969,-0.935636218393677
177,1573444800,34,29,0,63,45,-0.6249763187034969,-1.306667046095261
177,1573459200,124,411,287,535,45,0.956023585945391,-0.6921879209193044
177,1573473600,563,1117,554,1680,45,2.4268492812110813,0.7984447026537264
177,1573488000,1201,738,0,1939,45,-0.6249763187034969,1.1356271039684993
177,1573502400,1673,534,0,2207,45,-0.6249763187034969,1.484526268263322
177,1573516800,527,249,0,776,46,-0.5809170094703269,-0.3161831634067996
177,1573531200,45,34,0,79,46,-0.5809170094703269,-1.2449355139557308
177,1573545600,197,448,251,645,46,0.5831253995462453,-0.4907406353177178
177,1573560000,537,1288,751,1825,46,2.901934979260532,1.0816091116661255
177,1573574400,1194,712,0,1906,46,-0.5809170094703269,1.1895415942980674
177,1573588800,1638,627,0,2265,46,-0.5809170094703269,1.6679090173211182
177,1573603200,518,284,0,802,46,-0.5809170094703269,-0.28153816898173184
177,1573617600,37,33,0,70,46,-0.5809170094703269,-1.2569280120259465
177,1573632000,159,409,250,568,46,0.5784877803868167,-0.5933431188073415
177,1573646400,544,1239,695,1783,46,2.642228306332532,1.0256441206717855
177,1573660800,888,609,0,1497,46,-0.5809170094703269,0.6445491819960403
177,1573675200,1427,655,0,2082,46,-0.5809170094703269,1.4240615565600645
177,1573689600,466,339,0,805,46,-0.5809170094703269,-0.27754066962499324
177,1573704000,41,31,0,72,46,-0.5809170094703269,-1.2542630124547876
177,1573718400,154,397,243,551,46,0.5460244462708167,-0.6159956151621934
177,1573732800,507,1213,706,1720,46,2.693242117086246,0.9416966341802752
177,1573747200,1114,728,0,1842,46,-0.5809170094703269,1.1042616080209775
177,1573761600,1666,762,0,2428,46,-0.5809170094703269,1.8851064823705812
177,1573776000,451,357,0,808,46,-0.5809170094703269,-0.27354317026825464
177,1573790400,48,31,0,79,46,-0.5809170094703269,-1.2449355139557308
177,1573804800,142,424,282,566,46,0.726891593488531,-0.5960081183785005
177,1573819200,515,1164,649,1679,46,2.4288978249988173,0.8870641429715145
177,1573833600,1272,753,0,2025,46,-0.5809170094703269,1.3481090687820312
177,1573848000,1261,653,0,1914,46,-0.5809170094703269,1.2002015925827036
177,1573862400,326,302,0,628,46,-0.5809170094703269,-0.5133931316725697
177,1573876800,62,57,0,119,46,-0.5809170094703269,-1.1916355225325497
177,1573891200,62,231,169,293,46,0.20284062847310216,-0.9597805598417117
177,1573905600,280,534,254,814,46,0.597038257024531,-0.2655481715547775
177,1573920000,591,478,0,1069,46,-0.5809170094703269,0.07423927376800223
177,1573934400,514,428,0,942,46,-0.5809170094703269,-0.09498819900059786
177,1573948800,223,247,24,470,46,-0.4696141496440411,-0.7239280977941353
177,1573963200,29,65,36,94,46,-0.4139627197308982,-1.224948017172038
177,1573977600,51,142,91,193,46,-0.15889366596232662,-1.0930305383996646
177,1573992000,210,365,155,575,46,0.13791396024110214,-0.5840156203082847
177,1574006400,388,385,0,773,46,-0.5809170094703269,-0.3201806627635381
177,1574020800,393,373,0,766,46,-0.5809170094703269,-0.32950816126259486
177,1574035200,172,139,0,311,46,-0.5809170094703269,-0.9357955637012803
177,1574049600,29,19,0,48,46,-0.5809170094703269,-1.2862430073086961
177,1574064000,136,437,301,573,46,0.8150063575176739,-0.5866806198794438
177,1574078400,608,1012,404,1620,46,1.292681130938817,0.8084466556223223
177,1574092800,1336,683,0,2019,46,-0.5809170094703269,1.340114070068554
177,1574107200,1782,682,0,2464,46,-0.5809170094703269,1.9330764746514444
177,1574121600,695,219,0,914,47,-0.6149039282250275,-0.16046967814730775
177,1574136000,39,20,0,59,47,-0.6149039282250275,-1.3092866921564437
177,1574150400,167,520,353,687,47,1.2127956788046954,-0.4654772362526573
177,1574164800,587,1182,595,1769,47,2.465779545380313,0.9883473358618282
177,1574179200,1196,733,0,1929,47,-0.6149039282250275,1.2033306367290348
177,1574193600,1759,663,0,2422,47,-0.6149039282250275,1.8657479325261157
177,1574208000,668,295,0,963,47,-0.6149039282250275,-0.09463104225672568
177,1574222400,36,30,0,66,47,-0.6149039282250275,-1.2998811727435033
177,1574236800,184,450,266,634,47,0.7623428011514776,-0.5366904546649195
177,1574251200,539,1113,574,1652,47,2.357049540429536,0.8311407971026833
177,1574265600,1156,660,0,1816,47,-0.6149039282250275,1.0514986804915702
177,1574280000,1636,646,0,2282,47,-0.6149039282250275,1.6776375442673097
177,1574294400,538,338,0,876,47,-0.6149039282250275,-0.21152821210326936
177,1574308800,40,39,0,79,47,-0.6149039282250275,-1.2824137795480428
177,1574323200,191,512,321,703,47,1.0471118617368451,-0.4439789061659366
177,1574337600,559,1017,458,1576,47,1.756445703558579,0.7290237291907601
177,1574352000,1140,682,0,1822,47,-0.6149039282250275,1.0595605542740905
177,1574366400,1656,683,0,2339,47,-0.6149039282250275,1.7542253452012522
177,1574380800,494,312,0,806,47,-0.6149039282250275,-0.30558340623267227
177,1574395200,36,50,14,86,47,-0.542417258257843,-1.2730082601351025
177,1574409600,186,438,252,624,47,0.6898561311842931,-0.5501269109691199
177,1574424000,599,1106,507,1705,47,2.0101490484437248,0.9023540155149455
177,1574438400,1381,620,0,2001,47,-0.6149039282250275,1.300073122119278
177,1574452800,1360,611,0,1971,47,-0.6149039282250275,1.2597637532066768
177,1574467200,380,305,0,685,47,-0.6149039282250275,-0.46816452751349735
177,1574481600,66,82,16,148,47,-0.5320620196911023,-1.18970223104906
177,1574496000,71,238,167,309,47,0.24975849209781592,-0.9733752845514332
177,1574510400,247,446,199,693,47,0.41544230916566616,-0.45741536247013703
177,1574524800,563,388,0,951,47,-0.6149039282250275,-0.11075478982176619
177,1574539200,509,377,0,886,47,-0.6149039282250275,-0.19809175579906893
177,1574553600,249,232,0,481,47,-0.6149039282250275,-0.7422682361191859
177,1574568000,55,59,4,114,47,-0.5941934510915462,-1.2353861824833414
177,1574582400,39,177,138,216,47,0.09960753288007665,-1.0983343281804971
177,1574596800,235,316,81,551,47,-0.1955167662720316,-0.648213041989783
177,1574611200,358,418,60,776,47,-0.3042467712228083,-0.34589277514527356
177,1574625600,410,380,0,790,47,-0.6149039282250275,-0.32708173631939297
177,1574640000,207,170,0,377,47,-0.6149039282250275,-0.8820073816828703
177,1574654400,21,26,5,47,47,-0.589015831808176,-1.325410439721484
177,1574668800,162,462,300,624,47,0.9383818567860684,-0.5501269109691199
177,1574683200,572,1250,678,1822,47,2.895521945900049,1.0595605542740905
177,1574697600,1202,669,0,1871,47,-0.6149039282250275,1.1253991901646725
177,1574712000,1734,548,0,2282,47,-0.6149039282250275,1.6776375442673097
177,1574726400,654,271,0,925,48,-0.571753689832305,0.28598986820348393
177,1574740800,48,21,0,69,48,-0.571753689832305,-1.0318655203701705
177,1574755200,172,479,307,651,48,1.3765000302252373,-0.13584702019509234
177,1574769600,621,1104,483,1725,48,2.4934142150139262,1.51763041827232
177,1574784000,1306,637,0,1943,48,-0.571753689832305,1.8532524681660776
177,1574798400,1700,613,0,2313,48,-0.571753689832305,2.4228862225729144
177,1574812800,581,250,0,831,48,-0.571753689832305,0.14127210357039574
177,1574827200,61,28,0,89,48,-0.571753689832305,-1.0010745066184497
177,1574841600,151,450,299,601,48,1.3257312036439333,-0.21282455457439461
177,1574856000,519,1065,546,1584,48,2.8932187243416956,1.3005537713226876
177,1574870400,1167,644,0,1811,48,-0.571753689832305,1.6500317774047197
177,1574884800,1179,498,0,1677,48,-0.571753689832305,1.4437319852681898
177,1574899200,365,199,0,564,48,-0.571753689832305,-0.2697879300150783
177,1574913600,29,24,0,53,48,-0.571753689832305,-1.0564983313715473
177,1574928000,57,115,58,172,48,-0.20367969711785075,-0.8732917995488079
177,1574942400,172,206,34,378,48,-0.35598617686176287,-0.5561443579060826
177,1574956800,202,288,86,490,48,-0.025988804083286632,-0.3837146808964456
177,1574971200,205,153,0,358,48,-0.571753689832305,-0.5869353716578035
177,1574985600,133,116,0,249,48,-0.571753689832305,-0.7547463966046825
177,1575000000,24,19,0,43,48,-0.571753689832305,-1.0718938382474077
177,1575014400,63,275,212,338,48,0.7736202145722519,-0.6177263854095244
177,1575028800,236,627,391,863,48,1.9095727093289299,0.19053772557314916
177,1575043200,477,497,20,974,48,-0.4448316233790449,0.36142785189520016
177,1575057600,529,345,0,874,48,-0.571753689832305,0.20747278313659567
177,1575072000,237,156,0,393,48,-0.571753689832305,-0.533051097592292
177,1575086400,38,33,0,71,48,-0.571753689832305,-1.0287864189949985
177,1575100800,53,163,110,216,48,0.12631767566062546,-0.8055515692950219
177,1575115200,190,348,158,538,48,0.4309306351484497,-0.30981624789231543
177,1575129600,359,369,10,728,48,-0.508292656605675,-0.0173016172509669
177,1575144000,380,342,0,722,48,-0.571753689832305,-0.026538921376483168
177,1575158400,247,189,0,436,48,-0.571753689832305,-0.466850418026092
177,1575172800,31,43,12,74,48,-0.49560044996034897,-1.0241677669322402
177,1575187200,40,142,102,182,48,0.07554884907932144,-0.8578962926729474
177,1575201600,181,262,81,443,48,-0.057719320696601656,-0.4560735632129897
177,1575216000,254,248,0,502,48,-0.571753689832305,-0.365240072645413
177,1575230400,228,265,37,493,48,-0.3369478668937739,-0.3790960288336875
177,1575244800,159,124,0,283,48,-0.571753689832305,-0.7024016732267568
177,1575259200,18,18,0,36,48,-0.571753689832305,-1.08267069306051
177,1575273600,175,433,258,608,48,1.06554096741475,-0.20204769976129228
177,1575288000,511,1091,580,1602,48,3.1089862373122377,1.3282656836992364
177,1575302400,1149,766,0,1915,48,-0.571753689832305,1.8101450489136683
177,1575316800,1603,628,0,2231,48,-0.571753689832305,2.2966430661908586
177,1575331200,623,208,0,831,49,-0.6096870171519025,-0.26576085164188384
177,1575345600,48,17,0,65,49,-0.6096870171519025,-1.2970065540930582
177,1575360000,158,463,305,621,49,1.0404483493631769,-0.5484783418700125
177,1575374400,555,1112,557,1667,49,2.403838881696948,0.8597240142186666
177,1575388800,1236,714,0,1950,49,-0.6096870171519025,1.240719489145145
177,1575403200,1624,634,0,2258,49,-0.6096870171519025,1.6553718081464004
177,1575417600,708,285,0,993,49,-0.6096870171519025,-0.047664502037327396
177,1575432000,47,16,0,63,49,-0.6096870171519025,-1.2996991016190402
177,1575446400,168,448,280,616,49,0.9051913521078426,-0.555209710684968
177,1575460800,546,1035,489,1581,49,2.035939849162438,0.743944470601433
177,1575475200,1098,681,0,1779,49,-0.6096870171519025,1.0105066756736687
177,1575489600,1578,716,0,2294,49,-0.6096870171519025,1.7038376636140795
177,1575504000,749,278,0,1027,49,-0.6096870171519025,-0.0018911940956303685
177,1575518400,43,24,0,67,49,-0.6096870171519025,-1.294314006567076
177,1575532800,194,496,302,690,49,1.0242175096925368,-0.4555854522236274
177,1575547200,607,1172,565,1779,49,2.4471211208186547,1.0105066756736687
177,1575561600,1251,732,0,1983,49,-0.6096870171519025,1.2851465233238508
177,1575576000,1756,659,0,2415,49,-0.6096870171519025,1.8667367889360014
177,1575590400,770,274,0,1044,49,-0.6096870171519025,0.020995459875218146
177,1575604800,48,27,0,75,49,-0.6096870171519025,-1.2835438164631472
177,1575619200,178,414,236,592,49,0.6671390369384541,-0.5875202809967541
177,1575633600,594,1063,469,1657,49,1.9277342513581706,0.8462612765887558
177,1575648000,1073,574,0,1647,49,-0.6096870171519025,0.8327985389588449
177,1575662400,1376,567,0,1943,49,-0.6096870171519025,1.2312955728042072
177,1575676800,472,227,0,699,49,-0.6096870171519025,-0.4434689883567076
177,1575691200,59,47,0,106,49,-0.6096870171519025,-1.2418093298104234
177,1575705600,70,241,171,311,49,0.3154708440745847,-0.9658232083972502
177,1575720000,250,538,288,788,49,0.9484735912295496,-0.32365062345050066
177,1575734400,565,492,0,1057,49,-0.6096870171519025,0.038497018794102306
177,1575748800,456,408,0,864,49,-0.6096870171519025,-0.2213338174631779
177,1575763200,288,230,0,518,49,-0.6096870171519025,-0.6871445394580947
177,1575777600,56,51,0,107,49,-0.6096870171519025,-1.2404630560474323
177,1575792000,47,145,98,192,49,-0.07947958791099173,-1.1260297861931898
177,1575806400,208,303,95,511,49,-0.09571042758163185,-0.6965684557990324
177,1575820800,359,394,35,753,49,-0.4203272209944344,-0.37077020515518877
177,1575835200,355,357,2,712,49,-0.5988664573714758,-0.42596742943782345
177,1575849600,189,125,0,314,49,-0.6096870171519025,-0.961784387108277
177,1575864000,37,15,0,52,49,-0.6096870171519025,-1.3145081130119423
177,1575878400,185,411,226,596,49,0.6130362380363203,-0.5821351859447897
177,1575892800,547,1162,615,1709,49,2.7176351153293234,0.9162675122642924
177,1575907200,1167,668,0,1835,49,-0.6096870171519025,1.0858980064011696
177,1575921600,1754,678,0,2432,49,-0.6096870171519025,1.88962344290685
177,1575936000,821,305,0,1126,50,-0.5834907555907517,0.22397973033569513
177,1575950400,51,23,0,74,50,-0.5834907555907517,-1.2315269041973187
177,1575964800,184,456,272,640,50,1.0359937905386816,-0.44843112934400514
177,1575979200,606,1236,630,1842,50,3.167521244635509,1.2146097211395335
177,1575993600,1329,757,0,2086,50,-0.5834907555907517,1.5521987124190535
177,1576008000,1735,547,0,2282,50,-0.5834907555907517,1.823376754594406
177,1576022400,720,340,0,1060,50,-0.5834907555907517,0.13266467531746423
177,1576036800,63,29,0,92,50,-0.5834907555907517,-1.2066227982832556
177,1576051200,173,436,263,609,50,0.9824079048211635,-0.49132153397378026
177,1576065600,592,1033,441,1625,50,2.0422176445676308,0.9143768887311076
177,1576080000,1062,690,0,1752,50,-0.5834907555907517,1.0900891915692186
177,1576094400,1655,589,0,2244,50,-0.5834907555907517,1.7708014198869395
177,1576108800,742,286,0,1028,50,-0.5834907555907517,0.08839070924801895
177,1576123200,51,36,0,87,50,-0.5834907555907517,-1.2135406054816065
177,1576137600,173,461,288,634,50,1.1312575873698245,-0.45673249798202614
177,1576152000,621,1096,475,1717,50,2.2446532128338097,1.0416645411807628
177,1576166400,1233,685,0,1918,50,-0.5834907555907517,1.319760390554466
177,1576180800,1728,660,0,2388,50,-0.5834907555907517,1.9700342671994433
177,1576195200,741,299,0,1040,50,-0.5834907555907517,0.10499344652406092
177,1576209600,65,44,0,109,50,-0.5834907555907517,-1.183102253808863
177,1576224000,167,402,235,569,50,0.815696260366663,-0.5466639915605869
177,1576238400,568,975,407,1543,50,1.8397820763014516,0.800924850678154
177,1576252800,1063,717,0,1780,50,-0.5834907555907517,1.1288289118799832
177,1576267200,1124,540,0,1664,50,-0.5834907555907517,0.968335784878244
177,1576281600,427,244,0,671,50,-0.5834907555907517,-0.40554072471423
177,1576296000,61,31,0,92,50,-0.5834907555907517,-1.2066227982832556
177,1576310400,66,158,92,224,50,-0.03572392381167867,-1.0239926882467938
177,1576324800,233,412,179,645,50,0.48227297145766207,-0.4415133221456543
177,1576339200,491,400,0,891,50,-0.5834907555907517,-0.10115720798679367
177,1576353600,508,417,0,925,50,-0.5834907555907517,-0.054116119038008066
177,1576368000,276,212,0,488,50,-0.5834907555907517,-0.6587324681738702
177,1576382400,48,69,21,117,50,-0.4584570222498763,-1.1720337622915016
177,1576396800,46,113,67,159,50,-0.18457360636033981,-1.1139241818253545
177,1576411200,184,331,147,515,50,0.29174537779537585,-0.6213763093027758
177,1576425600,370,398,28,768,50,-0.41677911113625116,-0.271335265066224
177,1576440000,402,398,0,800,50,-0.5834907555907517,-0.2270612989967787
177,1576454400,221,131,0,352,50,-0.5834907555907517,-0.8468968239690127
177,1576468800,36,24,0,60,50,-0.5834907555907517,-1.250896764352701
177,1576483200,178,424,246,602,50,0.8811901206880739,-0.5010064640514714
177,1576497600,636,1157,521,1793,50,2.5185366287233464,1.1468152105956952
177,1576509944,625,463,0,1088,50,-0.5834907555907517,0.17140439562822885
177,1576510029,16,3,0,19,50,-0.5834907555907517,-1.3076227833791776
177,1576512000,199,63,0,262,50,-0.5834907555907517,-0.9714173535393276
177,1576526400,1373,668,0,2041,50,-0.5834907555907517,1.4899384476338962
177,1576540800,542,273,0,815,51,-0.6058866014793782,-0.05623698311810686
177,1576555200,43,17,0,60,51,-0.6058866014793782,-1.2710017887551424
177,1576569600,144,372,228,516,51,0.8906236115117299,-0.5373160253505223
177,1576584000,544,1072,528,1616,51,2.859715997026346,1.232539982862377
177,1576598400,1073,621,0,1694,51,-0.6058866014793782,1.3580388634447462
177,1576612800,1514,643,0,2157,51,-0.6058866014793782,2.1029873469016303
177,1576627200,459,297,0,756,51,-0.6058866014793782,-0.15116562355861693
177,1576641600,44,31,0,75,51,-0.6058866014793782,-1.2468673886431483
177,1576656000,132,429,297,561,51,1.3435148601800915,-0.46491282501453995
177,1576670400,578,1012,434,1590,51,2.242733716231766,1.1907070226682541
177,1576684800,893,542,0,1435,51,-0.6058866014793782,0.9413182215109819
177,1576699200,1478,577,0,2055,51,-0.6058866014793782,1.9388734261400706
177,1576713600,514,250,0,764,51,-0.6058866014793782,-0.13829394349888674
177,1576728000,47,25,0,72,51,-0.6058866014793782,-1.251694268665547
177,1576742400,162,436,274,598,51,1.192551110623971,-0.40538130473828793
177,1576756800,556,990,434,1546,51,2.242733716231766,1.1199127823397381
177,1576771200,1215,632,0,1847,51,-0.6058866014793782,1.604209744587086
177,1576785600,1231,568,0,1799,51,-0.6058866014793782,1.526979664228705
177,1576800000,462,233,0,695,51,-0.6058866014793782,-0.24931218401405952
177,1576814400,46,29,0,75,51,-0.6058866014793782,-1.2468673886431483
177,1576828800,136,383,247,519,51,1.0153327959276555,-0.5324891453281234
177,1576843200,570,955,385,1525,51,1.921115293264379,1.0861246221829464
177,1576857600,1058,572,0,1630,51,-0.6058866014793782,1.255065422966905
177,1576872000,914,492,0,1406,51,-0.6058866014793782,0.89465838129446
177,1576886400,333,185,0,518,51,-0.6058866014793782,-0.5340981053355897
177,1576900800,51,58,7,109,51,-0.5599411124840372,-1.192162748389295
177,1576915200,56,144,88,200,51,-0.028286168395090915,-1.0457473877098642
177,1576929600,193,338,145,531,51,0.3458413848526861,-0.5131816252385282
177,1576944000,428,391,0,819,51,-0.6058866014793782,-0.049801143088241774
177,1576958400,457,319,0,776,51,-0.6058866014793782,-0.11898642340929147
177,1576972800,221,175,0,396,51,-0.6058866014793782,-0.7303912262464749
177,1576987200,37,43,6,80,51,-0.5665047537690859,-1.2388225886058168
177,1577001600,51,118,67,169,51,-0.16612263538111402,-1.0956251479413186
177,1577016000,162,254,92,416,51,-0.0020316032548960365,-0.6982120260971494
177,1577030400,340,291,0,631,51,-0.6058866014793782,-0.35228562449190093
177,1577044800,350,294,0,644,51,-0.6058866014793782,-0.3313691443948394
177,1577059200,181,149,0,330,51,-0.6058866014793782,-0.8365825867392488
177,1577073600,31,20,0,51,51,-0.6058866014793782,-1.2854824288223388
177,1577088000,90,374,284,464,51,1.2581875234744582,-0.6209819457387684
177,1577102400,435,796,361,1231,51,1.7635879024232095,0.6130903799878623
177,1577116800,702,507,0,1209,51,-0.6058866014793782,0.5776932598236043
177,1577131200,886,432,0,1318,51,-0.6058866014793782,0.7530699006374281
177,1577145600,295,169,0,464,52,-0.5897149353976718,-0.2390969031068309
177,1577160000,37,30,0,67,52,-0.5897149353976718,-1.2007327379746586
177,1577174400,89,322,233,411,52,0.9433794015357456,-0.3674764981899414
177,1577188800,352,661,309,1013,52,1.443444507144929,1.0907219214333137
177,1577203200,692,435,0,1127,52,-0.5897149353976718,1.3668591636875516
177,1577217600,549,246,0,795,52,-0.5897149353976718,0.5626700020348593
177,1577232000,190,117,0,307,52,-0.5897149353976718,-0.6193911753341582
177,1577246400,22,18,0,40,52,-0.5897149353976718,-1.2661336637717149
177,1577260800,37,90,53,127,52,-0.24098532227547817,-1.0553973473145335
177,1577275200,95,134,39,229,52,-0.33310257857190667,-0.8083271831923209
177,1577289600,174,205,31,379,52,-0.3857410107412944,-0.4449887065420081
177,1577304000,173,188,15,361,52,-0.49101787508006983,-0.48858932374004566
177,1577318400,97,99,2,196,52,-0.5765553273553249,-0.8882616480553897
177,1577332800,22,16,0,38,52,-0.5897149353976718,-1.2709781767937192
177,1577347200,67,333,266,400,52,1.16051293423447,-0.3941213198109643
177,1577361600,264,794,530,1058,52,2.8975811958242645,1.1997234644284076
177,1577376000,508,516,8,1024,52,-0.537076503228284,1.1173667430543368
177,1577390400,718,468,0,1186,52,-0.5897149353976718,1.5097722978366745
177,1577404800,286,167,0,453,52,-0.5897149353976718,-0.26574172472785385
177,1577419200,43,19,0,62,52,-0.5897149353976718,-1.212844020529669
177,1577433600,85,320,235,405,52,0.9565390095780925,-0.3820100372559539
177,1577448000,308,738,430,1046,52,2.2396007937069182,1.1706563862963826
177,1577462400,634,590,0,1224,52,-0.5897149353976718,1.6018180452547537
177,1577476800,778,315,0,1093,52,-0.5897149353976718,1.2845024423134805
