remote_unit_id,time_stamp,entries,exits,num_people_exited,sum_exit_entry,week_num,z_score_num_people_exited,z_score_sum_exit_entry
167,1546300800,0,0,0,0,1,-1.1169991129413086,-1.4573167563733946
167,1546315200,122,476,354,598,1,0.9323028134174494,-0.5385926686958299
167,1546329600,35,172,137,207,1,-0.32390768946348414,-1.1392968798696221
167,1546344000,202,247,45,449,1,-0.8564946307770597,-0.7675055266623134
167,1546358400,365,552,187,917,1,-0.03445826483654092,-0.048504066740740974
167,1546372800,373,644,271,1017,1,0.45181676853672365,0.1051287238407916
167,1546387200,192,325,133,517,1,-0.3470636434336396,-0.6630352290668713
167,1546401600,27,59,32,86,1,-0.9317514811800649,-1.3251925564732767
167,1546416000,246,248,2,494,1,-1.1054211359562307,-0.6983707709006237
167,1546430400,839,912,73,1751,1,-0.6944029529859714,1.2327934067092408
167,1546444800,538,807,269,1345,1,0.44023879155164597,0.6090442769482184
167,1546459200,749,1283,534,2032,1,1.9743207420744449,1.6645015482433474
167,1546473600,236,566,330,802,1,0.7933670895965167,-0.22518177590950342
167,1546488000,42,68,26,110,1,-0.966485412135298,-1.288320686733709
167,1546502400,270,302,32,572,1,-0.9317514811800649,-0.5785371942470283
167,1546516800,874,933,59,1807,1,-0.7754487918815155,1.3188277694348989
167,1546531200,619,821,202,1440,1,0.05237656255154204,0.7549954280006743
167,1546545600,761,1428,667,2189,1,2.744256211582114,1.9057050294563536
167,1546560000,289,650,361,939,1,0.9728257328652214,-0.014704852812803806
167,1546574400,47,87,40,134,1,-0.885439573239754,-1.251448816994141
167,1546588800,237,282,45,519,1,-0.8564946307770597,-0.6599625732552405
167,1546603200,892,867,0,1759,1,-1.1169991129413086,1.2450840299557633
167,1546617600,627,883,256,1510,1,0.3649819411486407,0.8625383814077472
167,1546632000,753,1275,522,2028,1,1.9048528801639786,1.6583562366200861
167,1546646400,333,614,281,947,1,0.5097066534621123,-0.002414229566281201
167,1546660800,51,122,71,173,1,-0.7059809299710492,-1.1915320286673432
167,1546675200,50,133,83,183,1,-0.6365130680605828,-1.17616874960919
167,1546689600,365,674,309,1039,1,0.6717983312532005,0.13892793776872878
167,1546704000,555,711,156,1266,1,-0.21391690810524572,0.4876743723888077
167,1546718400,581,891,310,1472,1,0.6775873197457394,0.8041579209867648
167,1546732800,293,515,222,808,1,0.16815633240231934,-0.21596380847461147
167,1546747200,63,173,110,236,1,-0.4802103787620335,-1.0947433706009777
167,1546761600,39,120,81,159,1,-0.6480910450456605,-1.213040619348758
167,1546776000,341,493,152,834,1,-0.23707286207540118,-0.176019282923413
167,1546790400,606,839,233,1445,1,0.23183520582024683,0.762677067529751
167,1546804800,476,915,439,1391,1,1.4243668352832528,0.6797153606157235
167,1546819200,209,408,199,617,1,0.03500959707392545,-0.5094024384853387
167,1546833600,32,51,19,83,1,-1.00700833158307,-1.3298015401907226
167,1546848000,304,314,10,618,1,-1.0591092280159198,-0.5078661105795234
167,1546862400,932,905,0,1837,1,-1.1169991129413086,1.3649176066093587
167,1546876800,575,826,251,1401,1,0.3360369986859464,0.6950786396738766
167,1546891200,754,1355,601,2109,1,2.362182971074549,1.7827987969911274
167,1546905600,260,532,272,792,2,0.3980728593423609,-0.4129846443016759
167,1546920000,32,62,30,94,2,-0.8659110651674035,-1.4199760634439806
167,1546934400,324,321,0,645,2,-1.0226032872140685,-0.6250587683903848
167,1546948800,949,1021,72,1970,2,-0.6465419543020725,1.2864937106404943
167,1546963200,582,758,176,1340,2,-0.10334225120696712,0.3776046074031707
167,1546977600,806,1355,549,2161,2,1.844864376239901,1.562045803844191
167,1546992000,325,651,326,976,2,0.6801188590263579,-0.1475313189117274
167,1547006400,41,59,18,100,2,-0.9285879539860695,-1.4113199767464824
167,1547020800,321,276,0,597,2,-1.0226032872140685,-0.6943074619703713
167,1547035200,931,970,39,1901,2,-0.818903398553404,1.1869487136192638
167,1547049600,628,826,198,1454,2,0.011565378293920554,0.5420702546556389
167,1547064000,830,1527,697,2357,2,2.617879338336782,1.8448113026291362
167,1547078400,301,695,394,996,2,1.0352878956654652,-0.11867769658673301
167,1547092800,42,57,15,99,2,-0.944257176190736,-1.412762657862732
167,1547107200,320,353,33,673,2,-0.850241842962737,-0.5846636971353926
167,1547121600,949,1047,98,1996,2,-0.5107420285282961,1.324003419662987
167,1547136000,606,877,271,1483,2,0.3928497852741387,0.5839080070268807
167,1547150400,811,1407,596,2218,2,2.090348857446343,1.644278627470425
167,1547164800,292,736,444,1028,2,1.2964415990765736,-0.07251190086674196
167,1547179200,46,51,5,97,2,-0.9964879168729577,-1.4156480200952315
167,1547193600,282,340,58,622,2,-0.7196649912571828,-0.6582404340641284
167,1547208000,909,906,0,1815,2,-1.0226032872140685,1.0628781376217877
167,1547222400,672,925,253,1597,2,0.29883445204613973,0.7483736542793488
167,1547236800,800,1320,520,2120,2,1.6933952282614584,1.5028958780779524
167,1547251200,371,657,286,1028,2,0.4711958962974712,-0.07251190086674196
167,1547265600,67,98,31,165,2,-0.8606879910991813,-1.3175457041902505
167,1547280000,57,129,72,186,2,-0.6465419543020725,-1.2872494007490063
167,1547294400,386,609,223,995,2,0.14214222999947473,-0.12012037770298273
167,1547308800,535,733,198,1268,2,0.011565378293920554,0.27373156703319085
167,1547323200,611,849,238,1460,2,0.22048834102280723,0.5507263413531371
167,1547337600,308,581,273,889,2,0.40329593341058306,-0.27304457602545307
167,1547352000,75,140,65,215,2,-0.6831034727796277,-1.2454116483777644
167,1547366400,45,129,84,174,2,-0.5838650654834064,-1.3045615741440029
167,1547380800,339,436,97,775,2,-0.5159651025965183,-0.43751022327792116
167,1547395200,492,674,182,1166,2,-0.07200380679763412,0.1265780931757194
167,1547409600,417,769,352,1186,2,0.8159187848001342,0.15543171550071383
167,1547424000,211,383,172,594,2,-0.12423454747985578,-0.6986355053191206
167,1547438400,36,42,6,78,2,-0.9912648428047355,-1.4430589613039762
167,1547452800,308,323,15,631,2,-0.944257176190736,-0.6452563040178808
167,1547467200,928,921,0,1849,2,-1.0226032872140685,1.1119292955742783
167,1547481600,571,798,227,1369,2,0.1630345262723634,0.4194423597744126
167,1547496000,745,1383,638,2128,2,2.309717968311674,1.51443732700795
167,1547510400,273,565,292,838,3,0.5790225056517274,-0.243459745662519
167,1547524800,31,69,38,100,3,-0.8302889454759541,-1.3704427618745019
167,1547539200,332,337,5,669,3,-1.0133884647169522,-0.5015358022205476
167,1547553600,931,950,19,1881,3,-0.9357098807965287,1.3492818341601072
167,1547568000,588,754,166,1342,3,-0.12008474963208308,0.5261871922383474
167,1547582400,780,1474,694,2254,3,2.809507558223885,1.9188816512970577
167,1547596800,311,619,308,930,3,0.6677980301322114,-0.10296863795045606
167,1547611200,54,57,3,111,3,-1.0244854052770125,-1.3536449120393639
167,1547625600,307,348,41,655,3,-0.8136435346358634,-0.5229148838289049
167,1547640000,973,908,0,1881,3,-1.0411308161171033,1.3492818341601072
167,1547654400,585,918,333,1503,3,0.8065097871329674,0.7720466307344575
167,1547668800,780,1375,595,2155,3,2.260209000500891,1.7677010027808162
167,1547683200,298,676,378,974,3,1.0561909497343283,-0.03577723860990424
167,1547697600,34,74,40,108,3,-0.8191920049158936,-1.3582261438125833
167,1547712000,308,345,37,653,3,-0.8358374157559844,-0.5259690383443846
167,1547726400,962,965,3,1927,3,-1.0244854052770125,1.4195273880161388
167,1547740800,589,831,242,1420,3,0.30159899165021536,0.6452992183420528
167,1547755200,818,1344,526,2162,3,1.8773645511788044,1.778390543584995
167,1547769600,316,732,416,1048,3,1.2670328203754775,0.077226478462842
167,1547784000,41,73,32,114,3,-0.8635797671561356,-1.3490636802661444
167,1547798400,270,315,45,585,3,-0.7914496535157424,-0.6298102918706919
167,1547812800,908,969,61,1877,3,-0.7026741290352585,1.343173525129148
167,1547827200,583,876,293,1459,3,0.5845709759317577,0.7048552313939056
167,1547841600,713,1336,623,2049,3,2.415566168341738,1.6058308134603958
167,1547856000,333,594,261,927,3,0.4070199269707899,-0.10754986972367551
167,1547870400,65,104,39,169,3,-0.8247404751959239,-1.2650744310904547
167,1547884800,50,131,81,181,3,-0.5917047234346536,-1.246749503997577
167,1547899200,374,550,176,924,3,-0.06460004683178065,-0.11213110149689495
167,1547913600,571,764,193,1335,3,0.029723947928733466,0.5154976514341687
167,1547928000,533,731,198,1264,3,0.057466299328884675,0.4070751661346419
167,1547942400,298,437,139,735,3,-0.26989344719289965,-0.40074870320971984
167,1547956800,63,108,45,171,3,-0.7914496535157424,-1.262020276574975
167,1547971200,34,109,75,143,3,-0.6249955451148351,-1.30477843979169
167,1547985600,268,374,106,642,3,-0.45299296643389764,-0.5427668881795226
167,1548000000,464,601,137,1065,3,-0.2809903877529601,0.10318679184441885
167,1548014400,448,683,235,1131,3,0.2627596996900036,0.2039738908552466
167,1548028800,197,289,92,486,3,-0.530671550354321,-0.7809909403869336
167,1548043200,34,62,28,96,3,-0.8857736482762565,-1.3765510709054611
167,1548057600,99,177,78,276,3,-0.6083501342747444,-1.1016771645122945
167,1548072000,457,638,181,1095,3,-0.03685769543162944,0.14899910957661328
167,1548086400,476,719,243,1195,3,0.30714746193024556,0.30170683535059467
167,1548100800,489,873,384,1362,3,1.0894817714145097,0.5567287373931437
167,1548115200,164,359,195,523,4,0.03148603385362648,-0.780991330309698
167,1548129600,23,38,15,61,4,-0.9603240325356062,-1.4721189708136146
167,1548144000,279,335,56,614,4,-0.7344117396358365,-0.6448601283922599
167,1548158400,935,867,0,1802,4,-1.0429748714013756,1.1323252329035254
167,1548172800,563,872,309,1435,4,0.6596324092334739,0.5833125834123191
167,1548187200,748,1254,506,2002,4,1.7451134263372452,1.4315146876671256
167,1548201600,315,708,393,1023,4,1.1224771068817825,-0.033017693400697455
167,1548216000,57,68,11,125,4,-0.9823642562331447,-1.3763783452892624
167,1548230400,301,353,52,654,4,-0.756451963333375,-0.5850222374395398
167,1548244800,1000,918,0,1918,4,-1.0429748714013756,1.3058551166664136
167,1548259200,565,801,236,1366,4,0.25739832675339613,0.4800922215188769
167,1548273600,609,1184,575,1793,4,2.1253072851197845,1.1188617074391634
167,1548288000,259,749,490,1008,4,1.6569525315470912,-0.055456902507967476
167,1548302400,41,90,49,131,4,-0.7729821311065289,-1.3674026616463546
167,1548316800,293,315,22,608,4,-0.9217536410649138,-0.6538358120351679
167,1548331200,1008,969,0,1977,4,-1.0429748714013756,1.3941160058216757
167,1548345600,571,794,223,1365,4,0.185767599736396,0.47859627424505896
167,1548360000,844,1361,517,2205,4,1.805724041505476,1.73519198425218
167,1548374400,278,694,416,972,4,1.2492083931426288,-0.10931100436541552
167,1548388800,33,98,65,131,4,-0.6848212363163749,-1.3674026616463546
167,1548403200,257,339,82,596,4,-0.5911502856018362,-0.671787179320984
167,1548417600,961,955,0,1916,4,-1.0429748714013756,1.3028632221187775
167,1548432000,630,945,315,1575,4,0.6926927447797816,0.7927452017468392
167,1548446400,807,1332,525,2139,4,1.849804488900553,1.636459464180192
167,1548460800,374,632,258,1006,4,0.3786195570898579,-0.05844879705560348
167,1548475200,72,106,34,178,4,-0.8556329699722983,-1.2970931397769085
167,1548489600,53,141,88,194,4,-0.5580899500555285,-1.2731579833958204
167,1548504000,371,528,157,899,4,-0.1778960912729893,-0.2185151553541296
167,1548518400,565,747,182,1312,4,-0.04014469316337366,0.3993110687327049
167,1548532800,615,758,143,1373,4,-0.25503687421437404,0.49056385243560297
167,1548547200,308,538,230,846,4,0.2243379912070884,-0.29780036086648365
167,1548561600,74,163,89,237,4,-0.5525798941311438,-1.2088322506216465
167,1548576000,35,104,69,139,4,-0.6627810126188364,-1.3554350834558104
167,1548590400,326,455,129,781,4,-0.3321776571557588,-0.39503693366465376
167,1548604800,552,693,141,1245,4,-0.2660569860631433,0.2990826013868988
167,1548619200,415,674,259,1089,4,0.38412961301424253,0.06571482667129062
167,1548633600,209,337,128,546,4,-0.33768771308014345,-0.746584543011884
167,1548648000,31,42,11,73,4,-0.9823642562331447,-1.4541676035277986
167,1548662400,297,321,24,618,4,-0.9107335292161446,-0.638876339296988
167,1548676800,992,910,0,1902,4,-1.0429748714013756,1.2819199602853255
167,1548691200,540,884,344,1424,4,0.8524843665869357,0.566857163400321
167,1548705600,740,1352,612,2092,4,2.3291793543220156,1.566149942310746
167,1548720000,287,709,422,996,5,1.0134793117821068,-0.06071821547114403
167,1548734400,26,70,44,96,5,-0.7652333474640384,-1.405952201565964
167,1548748800,307,292,0,599,5,-0.9722792654715261,-0.6541158737818591
167,1548763200,949,906,0,1855,5,-0.9722792654715261,1.223232889034912
167,1548777600,598,864,266,1462,5,0.27940742066465013,0.6358140484401739
167,1548792000,814,1399,585,2213,5,1.7804903262189367,1.7583370746148514
167,1548806400,306,756,450,1062,5,1.1452358050595992,0.0379322768424761
167,1548820800,34,75,41,109,5,-0.7793501146009125,-1.3865210439890387
167,1548835200,295,312,17,607,5,-0.8922842516959059,-0.6421582383499052
167,1548849600,951,886,0,1837,5,-0.9722792654715261,1.1963282093130154
167,1548862316,513,256,0,769,5,-0.9722792654715261,-0.4000161208528375
167,1548862400,375,775,400,1150,5,0.9099563527783631,0.1694662665939696
167,1548862483,392,166,0,558,5,-0.9722792654715261,-0.7153987553706231
167,1548864000,98,104,6,202,5,-0.9440457311977778,-1.247513532092574
167,1548878400,743,1448,705,2191,5,2.3451610116939032,1.7254535771769781
167,1548892800,262,667,405,929,5,0.9334842980064867,-0.1608634122137584
167,1548907200,34,64,30,98,5,-0.8311115941027845,-1.4029627927079755
167,1548921600,283,317,34,600,5,-0.8122892379202855,-0.6526211693528648
167,1548936000,904,894,0,1798,5,-0.9722792654715261,1.13803473658224
167,1548950400,507,763,256,1270,5,0.23235153020840293,0.34883079807327894
167,1548964800,732,1277,545,2009,5,1.5922667643939477,1.4534173711000256
167,1548979200,273,690,417,963,5,0.9899513665539833,-0.1100434616279541
167,1548993600,46,91,45,137,5,-0.7605277584184136,-1.3446693199772
167,1549008000,277,323,46,600,5,-0.7558221693727889,-0.6526211693528648
167,1549022400,856,853,0,1709,5,-0.9722792654715261,1.0050060424017522
167,1549036800,627,845,218,1472,5,0.05353914647466346,0.6507610927301163
167,1549051200,756,1354,598,2110,5,1.841662983812058,1.6043825184284441
167,1549065600,376,637,261,1013,5,0.25587947543652656,-0.03530824017824188
167,1549080000,57,98,41,155,5,-0.7793501146009125,-1.3177646402553036
167,1549094400,51,152,101,203,5,-0.49701477186342913,-1.24601882766358
167,1549108800,410,623,213,1033,5,0.030011201246539842,-0.0054141515983569906
167,1549123200,621,1059,438,1680,5,1.0887687365121026,0.9616596139609191
167,1549137600,664,994,330,1658,5,0.5805651195846324,0.9287761165230458
167,1549152000,395,622,227,1017,5,0.09588944788528596,-0.0293294224622649
167,1549166400,63,159,96,222,5,-0.5205427170915528,-1.2176194435126892
167,1549180800,41,114,73,155,5,-0.6287712651409214,-1.3177646402553036
167,1549195200,309,481,172,790,5,-0.1629179496240738,-0.3686273278439584
167,1549209600,499,752,253,1251,5,0.21823476307152875,0.3204314139223883
167,1549224000,437,799,362,1236,5,0.7311439690446235,0.29801084748747464
167,1549238400,270,421,151,691,5,-0.261735319582193,-0.5166030663143886
167,1549252800,33,60,27,93,5,-0.8452283612396586,-1.4104363148529468
167,1549267200,296,283,0,579,5,-0.9722792654715261,-0.6840099623617439
167,1549281600,951,919,0,1870,5,-0.9722792654715261,1.2456534554698255
167,1549296000,546,809,263,1355,5,0.265290653527776,0.4758806745377897
167,1549310400,743,1503,760,2246,5,2.6039684092032633,1.8076623207716616
167,1549324800,249,687,438,936,6,1.0325377968308624,-0.2558036778110318
167,1549339200,43,92,49,135,6,-0.8210609862284309,-1.401861385750669
167,1549353600,305,323,18,628,6,-0.9687770846213309,-0.6964850436604804
167,1549368000,1010,998,0,2008,6,-1.0545477223978534,1.2779964007299058
167,1549382400,548,900,352,1448,6,0.6227447496763657,0.47675755373090856
167,1549396800,792,1457,665,2249,6,2.1142008399014527,1.6228152616705458
167,1549411200,273,768,495,1041,6,1.3041448164565173,-0.10557139399871983
167,1549425600,48,57,9,105,6,-1.0116624035095922,-1.4447848954113296
167,1549440000,311,250,0,561,6,-1.0545477223978534,-0.792347548569289
167,1549454400,1005,959,0,1964,6,-1.0545477223978534,1.2150419198942704
167,1549468800,602,881,279,1483,6,0.27489716313824636,0.5268349816683459
167,1549483200,809,1342,533,2151,6,1.4852161628736205,1.4825984634457212
167,1549497600,285,740,455,1025,6,1.113543399175356,-0.12846393248440546
167,1549512000,41,70,29,111,6,-0.9163616948690116,-1.4362001934791975
167,1549526400,309,324,15,633,6,-0.983072190917418,-0.6893311253837036
167,1549540800,1063,1022,0,2085,6,-1.0545477223978534,1.388166742192268
167,1549555200,579,871,292,1450,6,0.33684262375462376,0.4796191210416193
167,1549569600,829,1219,390,2048,6,0.8038160960934689,1.33522774694412
167,1549584000,340,791,451,1131,6,1.0944832574472398,0.023199134983261878
167,1549598400,41,73,32,114,6,-0.9020665885729245,-1.4319078425131315
167,1549612800,293,305,12,598,6,-0.9973672972135051,-0.739408553321141
167,1549627200,1006,897,0,1903,6,-1.0545477223978534,1.1277641169175938
167,1549641600,608,904,296,1512,6,0.3559027654827399,0.5683277076736512
167,1549656000,794,1487,693,2281,6,2.2476218319982655,1.668600338641917
167,1549670400,366,752,386,1118,6,0.7847559543653527,0.004598947463642297
167,1549684800,65,129,64,194,6,-0.7495854547479955,-1.3174451500847033
167,1549699200,65,129,64,194,6,-0.7495854547479955,-1.3174451500847033
167,1549713600,379,636,257,1015,6,0.17006638363360765,-0.142771769037959
167,1549728000,615,907,292,1522,6,0.33684262375462376,0.5826355442272046
167,1549742400,665,959,294,1624,6,0.3463726946186818,0.7285754770734506
167,1549756800,390,641,251,1031,6,0.14147617104143345,-0.11987923055227336
167,1549771200,69,180,111,249,6,-0.525628789442631,-1.238752049040159
167,1549785600,36,105,69,141,6,-0.7257602775878503,-1.3932766838185369
167,1549800000,346,503,157,849,6,-0.3064371595692955,-0.3802818558269475
167,1549814400,549,778,229,1327,6,0.03664539153679476,0.3036327314329109
167,1549828800,460,875,415,1335,6,0.9229419818941946,0.3150790006757538
167,1549843200,192,412,220,604,6,-0.0062399273514665244,-0.7308238513890088
167,1549857600,37,51,14,88,6,-0.987837226349447,-1.4691082175523706
167,1549872000,307,294,0,601,6,-1.0545477223978534,-0.7351162023550749
167,1549886400,946,882,0,1828,6,-1.0545477223978534,1.0204553427659424
167,1549900800,522,808,286,1330,6,0.30825241116244956,0.307925082398977
167,1549915200,744,1427,683,2171,6,2.199971477677975,1.5112141365528284
167,1549929600,265,649,384,914,7,0.817218535102904,-0.20037351179514523
167,1549944000,30,48,18,78,7,-1.0794612032025823,-1.4725435933938518
167,1549958400,304,308,4,612,7,-1.1520117942853059,-0.6599373450999412
167,1549972800,930,872,0,1802,7,-1.1727405345946553,1.150926766266639
167,1549987200,570,866,296,1436,7,0.36118624829721335,0.593971921930363
167,1550001600,727,1374,647,2101,7,2.1801332104426385,1.605925395929334
167,1550016000,280,619,339,899,7,0.5840202066227212,-0.22319953000564835
167,1550030400,28,46,18,74,7,-1.0794612032025823,-1.4786305315833193
167,1550044800,335,298,0,633,7,-1.1727405345946553,-0.6279809196052368
167,1550046650,178,100,0,278,7,-1.1727405345946553,-1.1681966839204772
167,1550059200,1031,1006,0,2037,7,-1.1727405345946553,1.5085343848978543
167,1550073600,610,885,275,1495,7,0.25236036167312803,0.6837542602250085
167,1550088000,688,1399,711,2087,7,2.511793055392232,1.584621112266198
167,1550102400,309,747,438,1056,7,1.0970565292791232,0.015712793930950864
167,1550116800,35,53,18,88,7,-1.0794612032025823,-1.4573262479201832
167,1550131200,311,308,0,619,7,-1.1727405345946553,-0.649285203268373
167,1550145600,985,975,0,1960,7,-1.1727405345946553,1.3913608247506049
167,1550160000,583,875,292,1458,7,0.3404575079878638,0.6274500819724342
167,1550174400,871,1341,470,2212,7,1.26288645175392,1.7748379306870572
167,1550188800,327,702,375,1029,7,0.7705788694068675,-0.025374038847954732
167,1550203200,51,78,27,129,7,-1.0328215375065457,-1.3949351314781413
167,1550217600,265,306,41,571,7,-0.9602709464238222,-0.722328461541983
167,1550232000,891,957,66,1848,7,-0.8307163194903874,1.220926555445515
167,1550246400,583,878,295,1461,7,0.35600406321987593,0.6320152856145348
167,1550260800,739,1206,467,1945,7,1.2473398965219078,1.3685348065401017
167,1550275200,315,641,326,956,7,0.5166518006173352,-0.13646066080573652
167,1550289600,77,181,104,258,7,-0.6337932865515664,-1.1986313748678146
167,1550304000,66,137,71,203,7,-0.8048053941037003,-1.2823267749729925
167,1550318400,358,889,531,1247,7,1.578999741471501,0.30636409247802376
167,1550332800,585,781,196,1366,7,-0.1570322594365261,0.4874505036146818
167,1550347200,625,1022,397,1647,7,0.8845869411082902,0.9150579114247733
167,1550361600,331,667,336,998,7,0.5684736513907092,-0.07254780981632783
167,1550376000,71,183,112,254,7,-0.5923358059328672,-1.204718313057282
167,1550390400,40,133,93,173,7,-0.6907973224022778,-1.3279788113939988
167,1550404800,296,498,202,794,7,-0.12593914897250172,-0.3829816574791701
167,1550419200,497,851,354,1348,7,0.6617529827827822,0.46005928176207805
167,1550433600,457,831,374,1288,7,0.7653966843295301,0.36875520892006564
167,1550448000,259,464,205,723,7,-0.11039259374048954,-0.4910248103422182
167,1550462400,46,92,46,138,7,-0.9343600210371352,-1.3812395205518395
167,1550476800,117,228,111,345,7,-0.5975179910102046,-1.0662404692468965
167,1550491200,484,839,355,1323,7,0.6669351678601196,0.4220159180779062
167,1550505600,591,897,306,1488,7,0.4130080990705873,0.6731021183934404
167,1550520000,581,1012,431,1593,7,1.0607812337377616,0.8328842458669622
167,1550534400,243,511,268,754,8,0.2700462793818879,-0.6033099949809306
167,1550548800,27,61,34,88,8,-0.9510325491275183,-1.5696700470678324
167,1550563200,265,312,47,577,8,-0.8831948364325513,-0.8601354142292513
167,1550577600,882,977,95,1859,8,-0.6327171280203654,1.0000351364845745
167,1550592000,542,794,252,1336,8,0.18655370991115927,0.2411668072932088
167,1550606400,745,1332,587,2077,8,1.93467938320454,1.316351189570077
167,1550620800,290,656,366,946,8,0.7814382673901008,-0.32471970969461655
167,1550635200,44,76,32,120,8,-0.9614691203113593,-1.5232383328534467
167,1550649600,295,324,29,619,8,-0.977123977087121,-0.7991937893228701
167,1550664000,937,888,0,1825,8,-1.1284542592528166,0.9507014401317898
167,1550678400,631,869,238,1500,8,0.11349771162427173,0.47912934264193535
167,1550692800,777,1281,504,2058,8,1.5015616790751352,1.2887823592552854
167,1550707200,272,687,415,959,8,1.0371342613942072,-0.3058568257950224
167,1550721600,29,62,33,91,8,-0.9562508347194388,-1.5653170738602338
167,1550736000,294,340,46,634,8,-0.8884131220244719,-0.7774289232848769
167,1550750400,956,988,32,1944,8,-0.9614691203113593,1.1233693773665365
167,1550764800,588,906,318,1494,8,0.5309605589779148,0.47042339622673807
167,1550779200,750,1251,501,2001,8,1.4859068222993737,1.206075868310911
167,1550793600,330,818,488,1148,8,1.4180691096044065,-0.031619513716307016
167,1550808000,44,85,41,129,8,-0.9145045499840745,-1.5101794132306507
167,1550822400,241,329,88,570,8,-0.6692451271638091,-0.8702923517136482
167,1550836800,899,955,56,1854,8,-0.8362302661052664,0.9927801811385768
167,1550851200,623,868,245,1491,8,0.1500257107677155,0.46607042301913937
167,1550865600,763,1238,475,2001,8,1.3502313969094395,1.206075868310911
167,1551484800,9957,9195,0,19152,9,-0.9060617711608043,4.08781420871811
167,1551499200,58,110,52,168,9,-0.5228381752247389,-0.40772894553485994
167,1551513600,60,158,98,218,9,-0.18383268651206558,-0.39588859799415993
167,1551528000,443,635,192,1078,9,0.5089176599877451,-0.1922346202941202
167,1551542400,631,726,95,1357,9,-0.20594174012376165,-0.1261654810170143
167,1551556800,701,827,126,1528,9,0.022518480530431206,-0.08567149242782034
167,1551571200,366,583,217,949,9,0.6931597734185457,-0.22278271694912616
167,1551585600,72,149,77,221,9,-0.33859606179393814,-0.39517817714171793
167,1551600000,51,137,86,188,9,-0.2722689009588499,-0.40299280651857994
167,1551614400,370,526,156,896,9,0.24360901664739204,-0.23533348534226814
167,1551628800,609,568,0,1177,9,-0.9060617711608043,-0.16879073216353424
167,1551643200,491,628,137,1119,9,0.10358501043998351,-0.18252553531074622
167,1551657600,228,359,131,587,9,0.05936690321659135,-0.30850683314379407
167,1551672000,27,50,23,77,9,-0.7365590268044676,-0.4292783780589339
167,1551686400,233,242,9,475,9,-0.8397346103257161,-0.335029211634962
167,1551700800,815,781,0,1596,9,-0.9060617711608043,-0.06956861977246837
167,1551715200,512,723,211,1235,9,0.6489416661951536,-0.15505592901632226
167,1551729600,696,1299,603,1995,9,3.5378580047901083,0.02491735360231751
167,1551744000,257,573,316,830,10,0.5180358234767117,-0.4744977593178482
167,1551758400,29,41,12,70,10,-0.8844835561141823,-1.5951761520241536
167,1551772800,327,359,32,686,10,-0.7922125442989919,-0.6868368231990429
167,1551787200,950,953,3,1903,10,-0.926005511431018,1.107723181963554
167,1551801600,616,852,236,1468,10,0.14895177621595018,0.46628225982244503
167,1551816000,837,1509,672,2346,10,2.160459833787101,1.7609607187647296
167,1551830400,306,777,471,1083,10,1.2331361650444375,-0.10142982069324917
167,1551844800,36,60,24,96,10,-0.829120949025068,-1.556837154378938
167,1551859200,351,328,0,679,10,-0.9398461632032965,-0.6971588610266011
167,1551873600,965,985,20,1950,10,-0.8475751513881061,1.177028293091444
167,1551888000,635,789,154,1424,10,-0.22935937222633046,0.40140087919208
167,1551902400,788,1355,567,2143,10,1.6760370217573513,1.4616216217655453
167,1551916800,279,747,468,1026,10,1.2192955132721588,-0.1854807001462221
167,1551931200,36,51,15,87,10,-0.8706429043419037,-1.5701083458715126
167,1551945600,341,340,0,681,10,-0.9398461632032965,-0.6942097073615845
167,1551960000,1014,910,0,1924,10,-0.9398461632032965,1.1386892954462284
167,1551974400,639,844,205,1483,10,0.00593170790240506,0.4884009123100695
167,1551988800,798,1495,697,2293,10,2.2757985985560887,1.68280814664179
167,1552003200,353,818,465,1171,10,1.2054548614998803,0.028332940567480938
167,1552017600,55,68,13,123,10,-0.8798700055234228,-1.517023579901214
167,1552032000,318,339,21,657,10,-0.8429616007973466,-0.7295995513417836
167,1552046400,943,996,53,1939,10,-0.695327981893042,1.160807947933853
167,1552060800,670,906,236,1576,10,0.14895177621595018,0.6255365577333412
167,1552075200,785,1300,515,2085,10,1.4361323910378563,1.376096165480064
167,1552089600,353,143,0,496,10,-0.9398461632032965,-0.9670064213756193
167,1552104000,382,872,490,1254,10,1.3207936262688682,0.15072281766566956
167,1552118400,71,150,79,221,10,-0.5753756665332944,-1.3725150503154009
167,1552132800,461,603,142,1064,10,-0.2847219793154447,-0.1294467805109068
167,1552147200,707,841,134,1548,10,-0.32163038404152083,0.5842484064231088
167,1552161600,763,927,164,1690,10,-0.18322386631873525,0.793638316639287
167,1552176000,385,653,268,1038,10,0.29658539512025484,-0.16778577815612253
167,1552194000,85,198,113,283,10,-0.4185149464474708,-1.2810912866998865
167,1552208400,95,187,92,282,10,-0.5153995088534207,-1.2825658635323949
167,1552222800,430,601,171,1031,10,-0.15092901218341861,-0.1781078159836806
167,1552237200,674,783,109,1457,10,-0.43696914881050886,0.4500619146648538
167,1552251600,440,740,300,1180,10,0.44421901402455943,0.04160413206005561
167,1552266000,205,293,88,498,10,-0.5338537112164587,-0.9640572677106027
167,1552280400,19,37,18,56,10,-0.8568022525696252,-1.61582022767927
167,1552294800,721,610,0,1331,10,-0.9398461632032965,0.2642652337688084
167,1552309200,665,760,95,1425,10,-0.5015588570811421,0.4028754560245883
167,1552323600,674,1003,329,1677,10,0.5780119811565856,0.7744688178166791
167,1552338000,676,1445,769,2121,10,2.607974241090774,1.4291809314503627
167,1552352400,237,225,0,462,11,-0.5937731045490721,-0.803686382026668
167,1552366800,28,15,0,43,11,-0.5937731045490721,-1.4120253622367978
167,1552381200,780,615,0,1395,11,-0.5937731045490721,0.5509204641214249
167,1552395600,706,874,168,1580,11,0.15625608014449263,0.8195188205387853
167,1552410000,702,942,240,1644,11,0.4776971592988775,0.9124393330291154
167,1552424400,716,1426,710,2142,11,2.5759930926677788,1.6354770708444961
167,1552438800,263,254,0,517,11,-0.5937731045490721,-0.7238328166052906
167,1552453200,15,15,0,30,11,-0.5937731045490721,-1.430899841336396
167,1552467600,777,621,0,1398,11,-0.5937731045490721,0.5552761131444092
167,1552482000,720,854,134,1574,11,0.00446445943269979,0.8108075224928168
167,1552496400,714,927,213,1641,11,0.3571567546159832,0.9080836840061312
167,1552510800,741,1438,697,2179,11,2.5179551200426813,1.6891967421279683
167,1552525200,267,240,0,507,11,-0.5937731045490721,-0.7383516466819047
167,1552539600,24,16,0,40,11,-0.5937731045490721,-1.4163810112597819
167,1552554000,734,612,0,1346,11,-0.5937731045490721,0.479778196746016
167,1552568400,769,882,113,1651,11,-0.0892891886539958,0.9226025140827452
167,1552582800,719,1074,355,1793,11,0.9911099940593533,1.1287699011706651
167,1552597200,719,1347,628,2066,11,2.209907419186396,1.5251339622622293
167,1552611600,272,301,29,573,11,-0.4643037810007781,-0.6425273681762518
167,1552626000,27,17,0,44,11,-0.5937731045490721,-1.4105734792291362
167,1552640400,678,673,0,1351,11,-0.5937731045490721,0.48703761178432303
167,1552654800,715,906,191,1621,11,0.2589386470965878,0.879046023852903
167,1552669200,731,1002,271,1733,11,0.616095401712571,1.0416569207109807
167,1552683600,683,1321,638,2004,11,2.254552013513394,1.435117215787222
167,1552698000,321,235,0,556,11,-0.5937731045490721,-0.6672093793064957
167,1552712400,47,18,0,65,11,-0.5937731045490721,-1.3800839360682466
167,1552726800,134,157,23,291,11,-0.49109053759697685,-1.0519583763367686
167,1552741200,488,329,0,817,11,-0.5937731045490721,-0.28826791430686843
167,1552755600,642,363,0,1005,11,-0.5937731045490721,-0.015313908866523875
167,1552770000,625,342,0,967,11,-0.5937731045490721,-0.07048546315765736
167,1552784400,292,176,0,468,11,-0.5937731045490721,-0.7949750839806996
167,1552798800,51,18,0,69,11,-0.5937731045490721,-1.374276404037601
167,1552813200,129,101,0,230,11,-0.5937731045490721,-1.1405232398041145
167,1552827600,443,338,0,781,11,-0.5937731045490721,-0.3405357025826791
167,1552842000,561,327,0,888,11,-0.5937731045490721,-0.18518422076290852
167,1552856400,433,211,0,644,11,-0.5937731045490721,-0.5394436746322919
167,1552870800,186,84,0,270,11,-0.5937731045490721,-1.0824479194976582
167,1552885200,27,19,0,46,11,-0.5937731045490721,-1.4076697132138134
167,1552899600,681,627,0,1308,11,-0.5937731045490721,0.42460664245488255
167,1552914000,646,818,172,1464,11,0.1741139178752918,0.6511003916500621
167,1552928400,632,883,251,1515,11,0.5268062130585752,0.7251464250407939
167,1552942800,591,1344,753,1935,11,2.7679648482738695,1.3349372882585848
167,1552957200,186,452,266,638,12,0.40114345917852084,-0.6520702279843241
167,1552971600,18,39,21,57,12,-0.8489371570985776,-1.5819876906266872
167,1552986000,740,623,0,1363,12,-0.9560869242080432,0.5083259173095026
167,1553000400,707,854,147,1561,12,-0.20603855444178415,0.8252341059552649
167,1553014800,707,902,195,1609,12,0.038875198951280034,0.9020603335057528
167,1553029200,689,1414,725,2103,12,2.743131225999697,1.6927302587128568
167,1553043600,169,489,320,658,12,0.676671431745718,-0.6200592998382876
167,1553058000,17,35,18,52,12,-0.8642442666856441,-1.5899904226631965
167,1553072400,686,613,0,1299,12,-0.9560869242080432,0.40589094724218544
167,1553086800,675,875,200,1550,12,0.06438704826305755,0.8076280954749447
167,1553101200,669,935,266,1604,12,0.40114345917852084,0.8940576014692435
167,1553115600,712,1246,534,1958,12,1.7685785822897957,1.4606510296540913
167,1553130000,238,487,249,725,12,0.31440317151847724,-0.5128226905490649
167,1553144400,18,54,36,72,12,-0.7724016091632451,-1.55797949451716
167,1553158800,658,645,0,1303,12,-0.9560869242080432,0.41229313287139274
167,1553173200,686,874,188,1560,12,0.003158609914791509,0.823633559547963
167,1553187600,735,933,198,1668,12,0.054182308538346546,0.9964925715365607
167,1553202000,678,1342,664,2020,12,2.431886664396011,1.5598849069068048
167,1553216400,215,540,325,755,12,0.7021832810574955,-0.46480629833001
167,1553230800,21,42,21,63,12,-0.8489371570985776,-1.5723844121828763
167,1553245200,628,539,0,1167,12,-0.9560869242080432,0.1946188214783439
167,1553259600,615,907,292,1522,12,0.5338050755997639,0.7628127960704935
167,1553274000,689,936,247,1625,12,0.30419843179376627,0.927669076022582
167,1553288400,665,1269,604,1934,12,2.125744472654681,1.4222379158788474
167,1553302800,300,499,199,799,12,0.059284678400702055,-0.3943822564087295
167,1553317200,52,62,10,114,12,-0.9050632255844882,-1.490756545410483
167,1553331600,118,180,62,298,12,-0.639739992742002,-1.1962560064669463
167,1553346000,426,578,152,1004,12,-0.18052670513000663,-0.06627024291185438
167,1553360400,575,609,34,1184,12,-0.7826063488879561,0.22182811040247502
167,1553374800,534,636,102,1170,12,-0.4356451982477818,0.19942046070024938
167,1553389200,284,428,144,712,12,-0.22134566402885067,-0.5336297938439887
167,1553403600,50,89,39,139,12,-0.7570944995761786,-1.4507428852279372
167,1553418000,85,132,47,217,12,-0.7162755406773346,-1.3259002654583945
167,1553432400,376,439,63,815,12,-0.6346376228796465,-0.3687735138919002
167,1553446800,448,554,106,1002,12,-0.4152357187983598,-0.06947133572645803
167,1553461200,396,631,235,1027,12,0.2429699934455002,-0.029457675543912286
167,1553475600,156,258,102,414,12,-0.4356451982477818,-1.010592623219934
167,1553490000,25,28,3,53,12,-0.9407798146209767,-1.5883898762558946
167,1553504400,685,560,0,1245,12,-0.9560869242080432,0.3194614412478866
167,1553518800,668,737,69,1405,12,-0.6040234037055134,0.5755488664161794
167,1553533200,624,942,318,1566,12,0.6664666920210071,0.8332368379917741
167,1553547600,604,1273,669,1877,12,2.4573985137077887,1.3310067706626432
167,1553562000,175,486,311,661,13,0.5530086370207643,-0.6908822812185251
167,1553576400,16,34,18,50,13,-0.8775829726444713,-1.650162721681126
167,1553590800,722,592,0,1314,13,-0.9654691466170796,0.3343388769190828
167,1553605200,730,865,135,1595,13,-0.3063228418225171,0.7755136785066292
167,1553619600,621,841,220,1462,13,0.1086952019370222,0.5667014058691073
167,1553634000,665,1601,936,2266,13,3.604611899958554,1.82899514421924
167,1553648400,213,516,303,729,13,0.5139481152551606,-0.5841211192685138
167,1553662800,33,39,6,72,13,-0.9361737552928768,-1.6156223457561225
167,1553677200,713,579,0,1292,13,-0.9654691466170796,0.2997985009940792
167,1553691600,692,778,86,1470,13,-0.5455685376368399,0.5792615425691086
167,1553706000,660,881,221,1541,13,0.11357776715772266,0.6907327557816203
167,1553720400,695,1395,700,2090,13,2.4523265078732446,1.5526721368192111
167,1553734800,222,575,353,797,13,0.7580763762901838,-0.4773599573185026
167,1553749200,26,44,18,70,13,-0.8775829726444713,-1.6187623799311228
167,1553763600,704,601,0,1305,13,-0.9654691466170796,0.32020872313158133
167,1553778000,691,871,180,1562,13,-0.08660740689099632,0.7237031146191238
167,1553792400,817,895,78,1712,13,-0.5846290594024436,0.9592056777441486
167,1553806800,816,1171,355,1987,13,0.7678415067315847,1.390960376806694
167,1553821200,280,595,315,875,13,0.5725388979035662,-0.3548986244934897
167,1553835600,23,36,13,59,13,-0.9019957987479736,-1.6360325678936245
167,1553850000,676,586,0,1262,13,-0.9654691466170796,0.25269798836907426
167,1553864400,838,830,0,1668,13,-0.9654691466170796,0.8901249258941413
167,1553878800,815,956,141,1771,13,-0.2770274504983144,1.0518366859066584
167,1553893200,747,1334,587,2081,13,1.9005966379340922,1.5385419830317095
167,1553907600,276,521,245,797,13,0.23075933245453376,-0.4773599573185026
167,1553922000,33,107,74,140,13,-0.6041593202852454,-1.5088611838061112
167,1553936400,110,231,121,341,13,-0.3746787549123236,-1.193287749218578
167,1553950800,461,622,161,1083,13,-0.1793761460843051,-0.028335070293455347
167,1553965200,548,764,216,1312,13,0.08916494105422035,0.3311988427440825
167,1553979600,579,832,253,1411,13,0.2698198542201375,0.48663053440659887
167,1553994000,286,502,216,788,13,0.08916494105422035,-0.4914901111060041
167,1554008400,51,119,68,170,13,-0.6334547116094482,-1.4617606711811062
167,1554022800,94,201,107,295,13,-0.4430346680021301,-1.2655085352435855
167,1554037200,433,653,220,1086,13,0.1086952019370222,-0.02362501903095485
167,1554051600,589,763,174,1352,13,-0.1159027982151991,0.3939995262440891
167,1554066000,363,713,350,1076,13,0.7434286806280824,-0.0393251899059565
167,1554080400,180,258,78,438,13,-0.5846290594024436,-1.040996091731062
167,1554094800,21,24,3,45,13,-0.9508214509549783,-1.6580128071186269
167,1554109200,730,622,0,1352,13,-0.9654691466170796,0.3939995262440891
167,1554123600,620,778,158,1398,13,-0.1940238417464065,0.4662203122690967
167,1554138000,669,925,256,1594,13,0.2844675498822389,0.7739436614191291
167,1554152400,623,1252,629,1875,13,2.1056643772035115,1.2151184630066756
167,1554166800,186,419,233,605,14,-0.12349927675528803,-0.8638202925503997
167,1554181200,15,29,14,44,14,-1.1053025158176388,-1.7364176658868422
167,1554195600,748,652,0,1400,14,-1.16806619320062,0.37274817768573515
167,1554210000,649,813,164,1462,14,-0.43283454385712455,0.4691849640437733
167,1554224400,692,1001,309,1693,14,0.21721782903803916,0.8284897648293672
167,1554238800,699,1369,670,2068,14,1.8356240815563434,1.411776779091695
167,1554253200,209,538,329,747,14,0.30688022529944103,-0.6429489431497316
167,1554267600,23,28,5,51,14,-1.1456505941352697,-1.725529641620612
167,1554282000,762,593,0,1355,14,-1.16806619320062,0.3027537359742558
167,1554296400,699,843,144,1542,14,-0.5224969401185264,0.5936195270864033
167,1554310800,660,1011,351,1671,14,0.40550886118698315,0.794270259992644
167,1554325200,657,1393,736,2050,14,2.1315099892189697,1.3837790024071033
167,1554339600,235,546,311,781,14,0.22618406866417934,-0.5900642538566139
167,1554354000,12,54,42,66,14,-0.9797751610516762,-1.702198161050119
167,1554368400,724,602,0,1326,14,-1.16806619320062,0.25764620687130246
167,1554382800,757,892,135,1649,14,-0.5628450184361573,0.7600507551559208
167,1554397200,695,858,163,1553,14,-0.43731766367019465,0.6107292795047649
167,1554411600,739,1453,714,2192,14,2.0328813533314274,1.6046503518077715
167,1554426000,260,591,331,851,14,0.3158464649255812,-0.48118401119431276
167,1554440400,18,44,26,62,14,-1.0515050780607977,-1.7084198892022504
167,1554454800,654,563,0,1217,14,-1.16806619320062,0.08810411472571918
167,1554469200,740,909,169,1649,14,-0.4104189447917741,0.7600507551559208
167,1554483600,678,1007,329,1685,14,0.30688022529944103,0.8160463085251043
167,1554498000,678,1351,673,2029,14,1.8490734409955536,1.3511149296084128
167,1554512400,319,595,276,914,14,0.06927487520672604,-0.38319179279824167
167,1554526800,41,85,44,126,14,-0.970808921425536,-1.6088722387681464
167,1554541200,148,315,167,463,14,-0.4193851844179143,-1.084691641951068
167,1554555600,529,838,309,1367,14,0.21721782903803916,0.3214189204306503
167,1554570000,587,1014,427,1601,14,0.7462259669803103,0.6853900173303428
167,1554584400,592,1165,573,1757,14,1.4007614596885443,0.9280374152634712
167,1554598800,310,711,401,1021,14,0.6296648518404879,-0.21676056472872415
167,1554613200,41,173,132,214,14,-0.5762943778753676,-1.4719942194212536
167,1554627600,94,194,100,288,14,-0.7197542118936107,-1.356892248606821
167,1554642000,444,815,371,1259,14,0.495171257448385,0.1534322603230999
167,1554656400,609,1048,439,1657,14,0.8000234047371515,0.7724942114601838
167,1554670800,404,949,545,1353,14,1.2752341049225815,0.29964287189819006
167,1554685200,176,440,264,616,14,0.015477437449884899,-0.8467105401320382
167,1554699600,26,55,29,81,14,-1.0380557186215873,-1.6788666804796257
167,1554714000,728,638,0,1366,14,-1.16806619320062,0.3198634883926174
167,1554728400,693,771,78,1464,14,-0.8183828477811527,0.47229582811983906
167,1554742800,631,854,223,1485,14,-0.16833047488598898,0.5049599009185294
167,1554757200,619,1336,717,1955,14,2.046330712770638,1.2360129587939803
167,1554771600,201,444,243,645,15,0.20542561887014452,-0.7091774315612566
167,1554786000,21,39,18,60,15,-0.9818967654251864,-1.6306692869454689
167,1554800400,750,627,0,1377,15,-1.076882556168813,0.44386878748360403
167,1554814800,650,852,202,1502,15,-0.010930904490338032,0.6407687565827946
167,1554829200,624,921,297,1545,15,0.49038299110102396,0.7085023459529163
167,1554843600,743,1332,589,2075,15,2.0312635964976313,1.5433582149334848
167,1554858000,235,553,318,788,15,0.6011997469685881,-0.4839238669117824
167,1554872400,31,42,11,73,15,-1.018835684047708,-1.610191690159153
167,1554886800,746,636,0,1382,15,-1.076882556168813,0.45174478624757164
167,1554901200,703,856,153,1559,15,-0.2695033348479879,0.7305551424920256
167,1554915600,711,925,214,1636,15,0.05239295600541295,0.851845523457127
167,1554930000,715,1433,718,2148,15,2.7119950968269544,1.658347796887412
167,1554944400,253,602,349,855,15,0.7647863865826116,-0.37838548347461626
167,1554958800,17,39,22,56,15,-0.9607888119266028,-1.636970085956643
167,1554973200,739,647,0,1386,15,-1.076882556168813,0.4580455852587457
167,1554987600,693,900,207,1593,15,0.015454037382891545,0.7841119340870055
167,1555002000,724,982,258,1706,15,0.2845804444898332,0.9621095061526739
167,1555016400,687,1310,623,1997,15,2.2106812012355928,1.4204926342155897
167,1555030800,219,520,301,739,15,0.5114909445996076,-0.5611086547986652
167,1555045200,19,48,29,67,15,-0.9238498933040814,-1.6196428886759142
167,1555059600,689,664,0,1353,15,-1.076882556168813,0.4060639934165594
167,1555074000,723,909,186,1632,15,-0.09536271848467268,0.845544724445953
167,1555088400,686,1024,338,1710,15,0.7067395144615065,0.968410305163848
167,1555102800,687,1305,618,1992,15,2.184296259362363,1.412616635451622
167,1555117200,261,490,229,751,15,0.1315477816251017,-0.5422062577651429
167,1555131600,35,58,23,93,15,-0.955511823551957,-1.5786876951032827
167,1555146000,144,249,105,393,15,-0.5227987768309919,-1.106127769265225
167,1555160400,502,582,80,1084,15,-0.6547234861971397,-0.017664740084898923
167,1555174800,534,791,257,1325,15,0.2793034561151873,0.3619584003383407
167,1555189200,561,713,152,1274,15,-0.2747803232226338,0.2816232129458709
167,1555203600,264,505,241,769,15,0.19487164212085267,-0.5138526622148594
167,1555218000,38,85,47,123,15,-0.828864102560455,-1.5314317025194768
167,1555232400,79,185,106,264,15,-0.5175217884563459,-1.3093285373755896
167,1555246800,421,515,94,936,15,-0.5808456489520969,-0.2507943034983407
167,1555261200,520,726,206,1246,15,0.01017704900824563,0.23751761986765219
167,1555275600,396,711,315,1107,15,0.5853687818446505,0.01856485422935216
167,1555290000,167,291,124,458,15,-0.42253599771271944,-1.0037397853336458
167,1555304400,21,24,3,45,15,-1.0610515910448752,-1.6542972832373717
167,1555318800,739,621,0,1360,15,-1.076882556168813,0.41709039168611406
167,1555333200,801,817,16,1618,15,-0.9924507421744784,0.8234919279068437
167,1555347600,526,893,367,1419,15,0.859772177326238,0.510027177100932
167,1555362000,673,1185,512,1858,15,1.624935491649896,1.2015398685772898
167,1555376400,205,392,187,597,16,-0.16146164606089466,-0.742123871304761
167,1555390800,23,32,9,55,16,-1.0304949548810878,-1.5968523209066623
167,1555405200,795,660,0,1455,16,-1.0744348412821088,0.6109333422716806
167,1555419600,723,874,151,1597,16,-0.33722119166497866,0.8348658881083412
167,1555434000,727,950,223,1677,16,0.014297899543189312,0.9610250688613893
167,1555448400,753,1471,718,2224,16,2.4309916515993444,1.823638467260356
167,1555462800,230,539,309,769,16,0.4341679251529455,-0.47088163268570743
167,1555477200,20,23,3,43,16,-1.0597882124817684,-1.6157761980196197
167,1555491600,742,674,0,1416,16,-1.0744348412821088,0.5494307416545696
167,1555506000,733,949,216,1682,16,-0.019877567657604796,0.9689100176584549
167,1555520400,720,947,227,1667,16,0.03382673794364309,0.9452551712672582
167,1555534800,696,1404,708,2100,16,2.38216955559821,1.6280917370931316
167,1555549200,257,537,280,794,16,0.2925838467496556,-0.4314568887003799
167,1555563600,28,40,12,68,16,-1.0158483260807474,-1.576351454034292
167,1555578000,674,639,0,1313,16,-1.0744348412821088,0.3870007964350201
167,1555592400,707,940,233,1647,16,0.06311999554432375,0.9137153760789962
167,1555606800,653,924,271,1577,16,0.24864396034863462,0.8033260929200791
167,1555621200,682,1356,674,2038,16,2.2161744291943526,1.5303183720095193
167,1555635600,240,555,315,795,16,0.46346118275362613,-0.4298798989409668
167,1555650000,22,48,26,70,16,-0.9474973916791591,-1.5731974745154658
167,1555664400,418,498,80,916,16,-0.6838580732730332,-0.23906413805198143
167,1555678800,641,893,252,1534,16,0.15588197794647918,0.7355155332653157
167,1555693200,642,1064,422,1706,16,0.9858576099657647,1.0067577718843692
167,1555707600,541,1079,538,1620,16,1.5521939235789244,0.8711366525748425
167,1555722000,320,479,159,799,16,-0.2981635148640711,-0.4235719399033144
167,1555736400,29,71,42,100,16,-0.869382038077344,-1.5258877817330727
167,1555750800,112,231,119,343,16,-0.49345189886860885,-1.142679270195689
167,1555765200,431,620,189,1051,16,-0.15169722686066778,-0.026170520531212636
167,1555779600,538,833,295,1371,16,0.36581699075135726,0.47846620248098004
167,1555794000,540,796,256,1336,16,0.17541081634693295,0.42327156090152146
167,1555808400,244,494,250,738,16,0.1461175587462523,-0.5197683152275137
167,1555822800,36,88,52,124,16,-0.8205599420762096,-1.4880400275071584
167,1555837200,105,191,86,296,16,-0.6545648156723525,-1.2167977888881047
167,1555851600,364,454,90,818,16,-0.6350359772718988,-0.39360913447446544
167,1555866000,406,724,318,1130,16,0.4781078115539665,0.09841167046242243
167,1555880400,352,612,260,964,16,0.19493965474738673,-0.16336862960015253
167,1555894800,167,287,120,454,16,-0.4885696892684954,-0.9676334069008347
167,1555909200,21,35,14,56,16,-1.0060839068805205,-1.5952753311472492
167,1555923600,595,577,0,1172,16,-1.0744348412821088,0.16464524035777273
167,1555938000,633,757,124,1390,16,-0.46904085086804165,0.508429007909829
167,1555952400,588,816,228,1404,16,0.03870894754375653,0.5305068645416124
167,1555966800,573,1360,787,1933,16,2.7678641140071716,1.3647344472711433
167,1555981200,186,417,231,603,17,0.0028460084517889545,-0.7864203293826291
167,1555995600,16,24,8,40,17,-1.0633825979264129,-1.6987790335618875
167,1556010000,641,595,0,1236,17,-1.101632951518456,0.23937551385977004
167,1556024400,705,855,150,1560,17,-0.3844388216676476,0.764427414666306
167,1556038800,639,920,281,1559,17,0.24191071840205844,0.7628068841082613
167,1556053200,652,1391,739,2043,17,2.4317434615465268,1.5471436742019755
167,1556067600,214,529,315,743,17,0.4044747211682417,-0.559546051256348
167,1556082000,13,29,16,42,17,-1.0251322443343698,-1.695537972445798
167,1556096400,679,609,0,1288,17,-1.101632951518456,0.323643102878103
167,1556110800,668,835,167,1503,17,-0.303156820284556,0.6720571728577488
167,1556125200,651,877,226,1528,17,-0.02106046254323799,0.7125704368088704
167,1556139600,670,1395,725,2065,17,2.364805342760451,1.5827953464789626
167,1556154000,220,585,365,805,17,0.6435394311185112,-0.45907315665756643
167,1556168400,27,29,2,56,17,-1.0920703631204451,-1.6728505446331698
167,1556182800,638,598,0,1236,17,-1.101632951518456,0.23937551385977004
167,1556197200,674,910,236,1584,17,0.026752479446815903,0.8033201480593828
167,1556211600,684,942,258,1626,17,0.13194095182493448,0.8713824314972671
167,1556226000,669,1276,607,1945,17,1.8006126272778153,1.388331679513579
167,1556240400,258,557,299,815,17,0.32797401398415543,-0.4428678510771178
167,1556254800,43,55,12,98,17,-1.0442574211303914,-1.6047882611952855
167,1556269200,580,604,24,1184,17,-0.9868818907423267,0.15510792484143712
167,1556283600,618,841,223,1459,17,-0.03540434514025416,0.6007538283037748
167,1556298000,670,982,312,1652,17,0.3901308385712255,0.9135162260064336
167,1556312400,629,1299,670,1928,17,2.101834161815155,1.3607826600268162
167,1556326800,259,551,292,810,17,0.2945049545911177,-0.4509705038673421
167,1556341200,46,106,60,152,17,-0.8147552995781326,-1.5172796110608628
167,1556355600,130,273,143,403,17,-0.4179078810606853,-1.1105264409916018
167,1556370000,478,649,171,1127,17,-0.28403164348853444,0.06273768303287985
167,1556384400,595,916,321,1511,17,0.433162486362274,0.6850214173221078
167,1556398800,582,836,254,1418,17,0.1128157750289129,0.5343120754239353
167,1556413200,268,585,317,853,17,0.41403730956625245,-0.381287689871413
167,1556427600,50,106,56,156,17,-0.8338804763741542,-1.5107974888286835
167,1556442000,97,203,106,300,17,-0.5948157664238848,-1.277441088470223
167,1556456400,447,614,167,1061,17,-0.303156820284556,-0.04421733379808119
167,1556470800,491,644,153,1135,17,-0.3700949390706314,0.07570192749723877
167,1556485200,417,802,385,1219,17,0.7391653150986189,0.21182649437300735
167,1556499600,157,302,145,459,17,-0.40834529266267455,-1.0197767297410896
167,1556514000,47,44,0,91,17,-1.101632951518456,-1.6161319751015994
167,1556528400,739,589,0,1328,17,-1.101632951518456,0.3884643251998976
167,1556542800,610,789,179,1399,17,-0.2457812898964913,0.503521994821083
167,1556557200,675,967,292,1642,17,0.2945049545911177,0.8973109204259849
167,1556571600,638,1408,770,2046,17,2.5799635817156936,1.55200526587611
167,1556586000,186,416,230,602,18,0.17717057968636724,-0.7310295215916063
167,1556600400,32,32,0,64,18,-0.9206278807179351,-1.5399195401942178
167,1556614800,736,627,0,1363,18,-0.9206278807179351,0.4131439062087422
167,1556629200,662,952,290,1614,18,0.46355278674835915,0.7905256806869123
167,1556643600,719,991,272,1710,18,0.37763812462976154,0.9348629330769694
167,1556658000,706,1389,683,2095,18,2.339356243004406,1.5137154556829275
167,1556672400,214,460,246,674,18,0.25353916823623174,-0.6227765822990634
167,1556686800,34,29,0,63,18,-0.9206278807179351,-1.5414230532399475
167,1556701200,718,615,0,1333,18,-0.9206278807179351,0.36803851483684935
167,1556715600,750,859,109,1609,18,-0.4003668712219831,0.7830081154582635
167,1556730000,754,1033,279,1787,18,0.41104938212032727,1.050633437598161
167,1556744400,743,1433,690,2176,18,2.3727675004949718,1.6355000123870382
167,1556758800,213,451,238,664,18,0.2153548739612995,-0.6378117127563611
167,1556773200,35,17,0,52,18,-0.9206278807179351,-1.557961696742975
167,1556787600,754,621,0,1375,18,-0.9206278807179351,0.4311860627574993
167,1556802000,746,886,140,1632,18,-0.25240273090662063,0.817588915510048
167,1556816400,709,927,218,1636,18,0.11989413827396884,0.823602967692967
167,1556830800,744,1453,709,2197,18,2.4634551993979357,1.6670737863473633
167,1556845200,238,557,319,795,18,0.6019708534949886,-0.44085150376576226
167,1556859600,28,31,3,59,18,-0.9063087703648355,-1.5474371054228666
167,1556874000,671,563,0,1234,18,-0.9206278807179351,0.21919072330960299
167,1556888400,673,863,190,1536,18,-0.01375089168829405,0.673251663119991
167,1556902800,737,980,243,1717,18,0.23922005788313214,0.9453875243970777
167,1556917200,717,1252,535,1969,18,1.6329467989181592,1.3242728119209777
167,1556931600,257,507,250,764,18,0.27263131537369784,-0.4874604081833849
167,1556946000,43,81,38,124,18,-0.7392524829120068,-1.4497087574504322
167,1556960400,141,209,68,350,18,-0.5960613793810109,-1.1099148091155062
167,1556974800,479,525,46,1004,18,-0.7010681886370747,-0.12661727720824215
167,1556989200,515,663,148,1178,18,-0.21421843663168838,0.13499399274873633
167,1557003600,526,711,185,1237,18,-0.03761607561012671,0.22370126244679225
167,1557018000,285,393,108,678,18,-0.40513990800634964,-0.6167625301161443
167,1557032400,44,82,38,126,18,-0.7392524829120068,-1.4467017313589727
167,1557046800,96,131,35,227,18,-0.7535715932651065,-1.2948469137402667
167,1557061200,417,562,145,979,18,-0.22853754698478798,-0.1642051033514862
167,1557075600,536,655,119,1191,18,-0.3526365033783178,0.15453966234322325
167,1557090000,399,583,184,982,18,-0.04238911239449324,-0.1596945642142969
167,1557104400,171,202,31,373,18,-0.7726637404025726,-1.0753340090637216
167,1557118800,18,18,0,36,18,-0.9206278807179351,-1.5820179054746513
167,1557133200,707,595,0,1302,18,-0.9206278807179351,0.32142961041922674
167,1557147600,663,819,156,1482,18,-0.17603414235675613,0.5920619586505839
167,1557162000,620,987,367,1607,18,0.8310766191445821,0.780001089366804
167,1557176400,660,1449,789,2109,18,2.8452981421472585,1.5347646383231441
167,1557190800,225,479,254,704,19,0.16334732171115668,-0.5891878494408601
167,1557205200,23,30,7,53,19,-1.0233229271904816,-1.5930872810736882
167,1557219600,751,600,0,1351,19,-1.0569532581310137,0.40854322930943143
167,1557234000,677,887,210,1564,19,-0.04804332991504608,0.7370080203045042
167,1557248400,697,959,262,1656,19,0.20178198564319355,0.8788801366028455
167,1557262800,736,1403,667,2139,19,2.1475368472025598,1.6237087471691374
167,1557277200,224,605,381,829,19,0.773497611632242,-0.396426821861592
167,1557291600,24,44,20,68,19,-0.9608665983009216,-1.569955957764176
167,1557306000,767,627,0,1394,19,-1.0569532581310137,0.47485302279669966
167,1557320400,713,901,188,1614,19,-0.15373865572814746,0.8141124313362115
167,1557334800,719,953,234,1672,19,0.06726066188106451,0.9035535481329918
167,1557349200,699,1374,675,2073,19,2.1859715111345968,1.5219309246072839
167,1557363600,253,586,333,839,19,0.5428896280400207,-0.3810059396552506
167,1557378000,33,54,21,87,19,-0.9560622653094171,-1.5406562815721272
167,1557392400,782,701,0,1483,19,-1.0569532581310137,0.6120988744331385
167,1557406800,743,850,107,1593,19,-0.5428896280400207,0.7817285787028944
167,1557421200,722,1019,297,1741,19,0.36993364034585485,1.0099576353567479
167,1557435600,699,1462,763,2161,19,2.6087528143870022,1.6576346880230886
167,1557450000,247,585,338,832,19,0.5669112929975437,-0.3918005571996896
167,1557464400,18,42,24,60,19,-0.9416492663349032,-1.5822926635292491
167,1557478800,621,598,0,1219,19,-1.0569532581310137,0.20498758418572435
167,1557493200,725,952,227,1677,19,0.033630330940532256,0.9112639892361626
167,1557507600,710,954,244,1664,19,0.11530399179611059,0.8912168423679186
167,1557522000,659,1202,543,1861,19,1.5517995562559885,1.195008221832845
167,1557536400,290,543,253,833,19,0.15854298871965206,-0.3902584689790554
167,1557550800,30,34,4,64,19,-1.0377359261649954,-1.5761243106467127
167,1557565200,201,107,0,308,19,-1.0569532581310137,-1.1998547848119814
167,1557579600,222,309,87,531,19,-0.6389762878701128,-0.8559691116105671
167,1557594000,421,840,419,1261,19,0.9560622653094171,0.26975528945235844
167,1557608400,523,783,260,1306,19,0.19217331966018433,0.3391492593808949
167,1557622800,265,465,200,730,19,-0.09608665983009217,-0.5490935557043723
167,1557637200,35,99,64,134,19,-0.7494759466747188,-1.4681781352023224
167,1557651600,81,194,113,275,19,-0.5140636300909931,-1.2507436960929081
167,1557666000,266,651,385,917,19,0.7927149435982603,-0.2607230584457873
167,1557680400,469,713,244,1182,19,0.11530399179611059,0.147930320022261
167,1557694800,371,641,270,1012,19,0.2402166495752304,-0.11422467748554357
167,1557709200,192,243,51,435,19,-0.8119322755642788,-1.0040095807914449
167,1557723600,27,27,0,54,19,-1.0569532581310137,-1.591545192853054
167,1557738000,710,580,0,1290,19,-1.0569532581310137,0.3144758478507486
167,1557752400,650,838,188,1488,19,-0.15373865572814746,0.6198093155363092
167,1557766800,658,863,205,1521,19,-0.07206499487256912,0.670698226817236
167,1557781200,619,1321,702,1940,19,2.315688501905221,1.3168331912629425
167,1557795600,198,458,260,656,20,0.18376851244832698,-0.7307254707057148
167,1557810000,23,30,7,53,20,-0.996838629798301,-1.6652009943924917
167,1557824400,748,619,0,1367,20,-1.029503649544255,0.37111880349212656
167,1557838800,747,847,100,1594,20,-0.5628605103163389,0.7229031216959381
167,1557853200,682,958,276,1640,20,0.2584314147247936,0.7941898117284285
167,1557867600,702,1553,851,2255,20,2.941629465285312,1.747261863249768
167,1557882000,216,483,267,699,20,0.21643353219428113,-0.6640879126318651
167,1557896400,20,39,19,59,20,-0.940841453090951,-1.6559027304752103
167,1557910800,735,615,0,1350,20,-1.029503649544255,0.34477372239316273
167,1557925200,671,831,160,1502,20,-0.2828746267795892,0.5803297416309572
167,1557939600,697,950,253,1647,20,0.15110349270237286,0.8050377862985901
167,1557954000,714,1235,521,1949,20,1.4017071058331882,1.2730504034684187
167,1557968400,231,508,277,739,20,0.2630978461170727,-0.602099486516656
167,1557982800,18,42,24,60,20,-0.9175092961295552,-1.65435301982233
167,1557997200,732,701,0,1433,20,-1.029503649544255,0.4733997065822215
167,1558011600,701,855,154,1556,20,-0.31087321513326416,0.6640141168864895
167,1558026000,687,1000,313,1687,20,0.4310893762391226,0.8670262124137992
167,1558040400,703,1484,781,2187,20,2.6149792678257704,1.6418815388539127
167,1558054800,265,577,312,842,20,0.4264229448468434,-0.4424792892699926
167,1558069200,35,40,5,75,20,-1.0061714925828593,-1.6311073600291266
167,1558083600,666,666,0,1332,20,-1.029503649544255,0.3168789306413186
167,1558098000,685,815,130,1500,20,-0.42286756854796403,0.5772303203251967
167,1558112400,664,976,312,1640,20,0.4264229448468434,0.7941898117284285
167,1558126800,688,1279,591,1967,20,1.7283573032927297,1.3009451952202626
167,1558141200,302,569,267,871,20,0.21643353219428113,-0.397537680336466
167,1558155600,43,93,50,136,20,-0.796182079930297,-1.5365750102034328
167,1558170000,155,270,115,425,20,-0.49286403943215146,-1.0887086315210472
167,1558184400,498,671,173,1169,20,-0.2222110186799601,0.06427609422184162
167,1558198800,559,829,270,1388,20,0.23043282637111862,0.4036627272026113
167,1558213200,622,909,287,1531,20,0.30976216003986434,0.6252713505644838
167,1558227600,329,566,237,895,20,0.07644059042590626,-0.3603446246673406
167,1558242000,33,121,88,154,20,-0.6188576870236888,-1.5086802184515888
167,1558256400,115,222,107,337,20,-0.5301954905703847,-1.2250831689745072
167,1558270800,468,601,133,1069,20,-0.40886827437112655,-0.09069497106618107
167,1558285200,547,851,304,1398,20,0.3890914937086101,0.4191598337314136
167,1558299600,429,726,297,1155,20,0.356426473962656,0.04258014508151845
167,1558314000,157,281,124,438,20,-0.450866156901639,-1.0685623930336043
167,1558328400,14,45,31,59,20,-0.8848442763836011,-1.6559027304752103
167,1558342800,722,620,0,1342,20,-1.029503649544255,0.3323760371701209
167,1558357200,668,911,243,1579,20,0.10443917877958124,0.6996574619027347
167,1558371600,680,796,116,1476,20,-0.48819760803987233,0.5400372646560713
167,1558386000,667,1478,811,2145,20,2.754972209594145,1.5767936914329432
167,1558400400,223,452,229,675,21,0.20373506191958937,-0.5213363182255559
167,1558414800,23,42,19,65,21,-1.0195074473593608,-1.5183978644288065
167,1558429200,738,634,0,1372,21,-1.1301817696274563,0.617929087846027
167,1558443600,694,959,265,1653,21,0.41343377779598084,1.0772312099494916
167,1558458000,771,889,118,1660,21,-0.4428359786992843,1.088672899823955
167,1558472400,737,1500,763,2237,21,3.314266014086063,2.0317950509047344
167,1558486800,291,554,263,845,21,0.4017838491361813,-0.24346670698858452
167,1558501200,30,43,13,73,21,-1.0544572333387594,-1.5053216474294195
167,1558515600,713,632,0,1345,21,-1.1301817696274563,0.5737968554730962
167,1558530000,723,823,100,1546,21,-0.5476853366374801,0.9023368075826919
167,1558544400,757,985,228,1742,21,0.1979100975896896,1.2227041240676706
167,1558558800,728,1405,677,2133,21,2.8133190817146834,1.861804229912705
167,1558573200,269,532,263,801,21,0.4017838491361813,-0.3153859004852124
167,1558587600,33,49,16,82,21,-1.0369823403490601,-1.4906109033051094
167,1558602000,738,638,0,1376,21,-1.1301817696274563,0.6244671963457205
167,1558616400,717,873,156,1590,21,-0.22148733416309332,0.9742560010793198
167,1558630800,682,903,221,1585,21,0.15713534728039125,0.966083365454703
167,1558645200,682,1295,613,1977,21,2.440521364601098,1.6068179984246607
167,1558659600,254,506,252,760,21,0.33770924150728393,-0.3824015126070702
167,1558674000,27,52,25,79,21,-0.9845576613799623,-1.4955144846798794
167,1558688400,560,634,74,1194,21,-0.6991344092148739,0.3269832596096686
167,1558702800,628,883,255,1511,21,0.3551841344969832,0.8451283582103742
167,1558717200,709,990,281,1699,21,0.5066332070743771,1.152419457695966
167,1558731600,540,988,448,1528,21,1.4794022501676374,0.8729153193340714
167,1558746000,292,460,168,752,21,-0.15158776220429618,-0.39547772960645716
167,1558760400,34,89,55,123,21,-0.8098087314829694,-1.4235952911832515
167,1558774800,123,198,75,321,21,-0.6933094448849741,-1.099958920448426
167,1558789200,350,589,239,939,21,0.26198470521858697,-0.08982115724578854
167,1558803600,474,633,159,1107,21,-0.20401244117339404,0.18477939974133617
167,1558818000,449,710,261,1159,21,0.3901339204763818,0.26977481023735095
167,1558832400,249,425,176,674,21,-0.10498804756509808,-0.5229708453504793
167,1558846800,27,79,52,106,21,-0.8272836244726687,-1.4513822523069486
167,1558861200,82,172,90,254,21,-0.6059349799364777,-1.2094722378182912
167,1558875600,356,455,99,811,21,-0.5535103009673799,-0.2990406292359788
167,1558890000,464,610,146,1074,21,-0.279736977462091,0.13084000461886525
167,1558904400,398,701,303,1099,21,0.6347824223321719,0.1717031827419493
167,1558918800,165,322,157,487,21,-0.21566236983319356,-0.8286274177111479
167,1558933200,24,52,28,76,21,-0.967082768390263,-1.5004180660546496
167,1558947600,85,245,160,330,21,-0.19818747684349428,-1.0852481763241157
167,1558962000,355,512,157,867,21,-0.21566236983319356,-0.20750711024027058
167,1558976400,415,663,248,1078,21,0.3144093841876849,0.1373781131185587
167,1558990800,332,629,297,961,21,0.5998326363527733,-0.05386156049747459
167,1559005200,143,286,143,429,22,-0.4349824993450662,-1.0459223132774544
167,1559019600,18,38,20,56,22,-1.0441230771755383,-1.6410848195360213
167,1559034000,664,656,0,1320,22,-1.1431703256032575,0.37576614001043557
167,1559048400,664,914,250,1578,22,0.09492027974323071,0.7874335035887472
167,1559062800,676,970,294,1646,22,0.31282422628421264,0.8959349792605502
167,1559077200,651,1486,835,2137,22,2.992052296254013,1.6793794580084223
167,1559091600,237,489,252,726,22,0.10482500458600262,-0.572026162181491
167,1559106000,17,44,27,61,22,-1.0094565402258366,-1.633106769854271
167,1559120400,696,667,0,1363,22,-1.1431703256032575,0.44437736727348753
167,1559134800,693,925,232,1618,22,0.005777756158283564,0.851257901042749
167,1559149200,701,987,286,1688,22,0.273205326913125,0.9629505965872521
167,1559163600,649,1356,707,2005,22,2.358149906316611,1.4687589464102164
167,1559178000,205,462,257,667,22,0.12958681669293237,-0.6661671484261438
167,1559192400,22,55,33,77,22,-0.979742365697521,-1.6075770108726704
167,1559206800,736,578,0,1314,22,-1.1431703256032575,0.3661924803923353
167,1559221200,685,878,193,1563,22,-0.1873643782757686,0.7634993545434965
167,1559235600,657,973,316,1630,22,0.4217761995547036,0.8704052202789495
167,1559250000,712,1357,645,2069,22,2.0511034361906817,1.5708779823366192
167,1559264400,278,525,247,803,22,0.08006319247907286,-0.44916419708253763
167,1559278800,25,62,37,87,22,-0.9599329160119772,-1.5916209115091697
167,1559293200,603,623,20,1226,22,-1.0441230771755383,0.22577880599353137
167,1559307600,697,849,152,1546,22,-0.39041123755259266,0.7363739856255457
167,1559322000,684,1023,339,1707,22,0.5356805352465805,0.9932671853779029
167,1559336400,591,1185,594,1776,22,1.7985329526999982,1.103364270986056
167,1559350800,269,552,283,821,22,0.25834823964896714,-0.4204432182282368
167,1559365200,25,120,95,145,22,-0.6726958955715919,-1.4990755352008671
167,1559379600,116,260,144,376,22,-0.43003013692368025,-1.1304896399040067
167,1559394000,455,725,270,1180,22,0.19396752817094975,0.15238074892142928
167,1559408400,499,754,255,1253,22,0.11968209185016047,0.26886027427498255
167,1559422800,532,757,225,1289,22,-0.028888780791418104,0.32630223198358416
167,1559437200,326,521,195,847,22,-0.1774596534329967,-0.37895735988313567
167,1559451600,35,117,82,152,22,-0.7370766070496093,-1.4879062656464168
167,1559466000,93,179,86,272,22,-0.7172671573640655,-1.2964330732844116
167,1559480400,382,589,207,971,22,-0.11803130437636525,-0.1811017277757301
167,1559494800,498,877,379,1375,22,0.7337750321020187,0.46352468650968803
167,1559509200,366,745,379,1111,22,0.7337750321020187,0.04228366331327619
167,1559523600,156,339,183,495,22,-0.23688800248962813,-0.9406120574783515
167,1559538000,24,48,24,72,22,-1.0243136274899947,-1.6155550605544204
167,1559552400,690,595,0,1285,22,-1.1431703256032575,0.319919792238184
167,1559566800,627,763,136,1390,22,-0.4696490362947679,0.48745883555493874
167,1559581200,626,844,218,1470,22,-0.06355531774111978,0.6151076304629424
167,1559595600,649,1304,655,1953,22,2.1006270604045416,1.385787229720014
167,1559610000,233,422,189,655,23,-0.1783071859133073,-0.69533048982087
167,1559624400,22,50,28,72,23,-0.8934395650033334,-1.6126722125446749
167,1559638800,710,556,0,1266,23,-1.0178104135407293,0.26606881135279187
167,1559653200,715,898,183,1613,23,-0.20495808202846355,0.8120680871420892
167,1559667600,683,965,282,1648,23,0.23478170387161462,0.8671400602044103
167,1559682000,729,1480,751,2209,23,2.317993416872995,1.7498651141461847
167,1559696400,235,546,311,781,23,0.3635943684282032,-0.49707138679651414
167,1559710800,21,54,33,75,23,-0.8712304849073699,-1.6079517577107616
167,1559725200,712,615,0,1327,23,-1.0178104135407293,0.3620513929756943
167,1559739600,759,821,62,1580,23,-0.7424178203507813,0.7601430839690436
167,1559754000,672,972,300,1644,23,0.3147343922170834,0.8608461204258593
167,1559768400,703,1548,845,2251,23,2.7355241226771096,1.81595148182097
167,1559782800,222,565,343,787,23,0.5057324810423699,-0.4876304771286877
167,1559797200,16,57,41,73,23,-0.8356959567538282,-1.6110987276000373
167,1559811600,672,742,70,1414,23,-0.7068832921972397,0.49894458315917806
167,1559826000,724,852,128,1576,23,-0.4492579630840625,0.7538491441904926
167,1559840400,715,931,216,1646,23,-0.05837815339510415,0.8639930903151347
167,1559854800,684,1362,678,2046,23,1.9937408474719274,1.4933870681702326
167,1559869200,263,635,372,898,23,0.6345451455989585,-0.31297364827389806
167,1559883600,22,65,43,87,23,-0.8268123247154427,-1.5890699383751088
167,1559898000,623,630,7,1253,23,-0.9867177014063803,0.2456135070725012
167,1559912400,604,682,78,1286,23,-0.6713487640436979,0.2975385102455468
167,1559926800,719,1043,324,1762,23,0.4213379766777084,1.046517343893113
167,1559941200,662,1306,644,1968,23,1.8427191028193755,1.3706552424884884
167,1559955600,296,548,252,844,23,0.10152722329583336,-0.39794183528433624
167,1559970000,42,93,51,135,23,-0.7912777965619011,-1.513542661032497
167,1559984400,144,249,105,393,23,-0.5514197315254948,-1.107583545315959
167,1559998800,454,633,179,1087,23,-0.2227253461052344,-0.015584993737364359
167,1560013200,504,726,222,1230,23,-0.0317272572799479,0.2094233533458331
167,1560027600,479,743,264,1222,23,0.15482901552614586,0.19683547378873112
167,1560042000,270,527,257,797,23,0.1237363033917969,-0.47189562768231025
167,1560056400,39,119,80,158,23,-0.6624651320053125,-1.477352507305829
167,1560070800,99,169,70,268,23,-0.7068832921972397,-1.3042691633956771
167,1560085200,368,531,163,899,23,-0.29379440241231775,-0.3114001633292603
167,1560099600,477,773,296,1250,23,0.29696712814031256,0.24089305223858798
167,1560114000,402,722,320,1124,23,0.4035707126009376,0.042633949214232185
167,1560128400,184,306,122,490,23,-0.47590885919921877,-0.9549555056860978
167,1560142800,22,28,6,50,23,-0.9911595174255731,-1.6472888813267053
167,1560157200,695,530,0,1225,23,-1.0178104135407293,0.20155592862264438
167,1560171600,647,814,167,1461,23,-0.2760271383355469,0.5728983755571521
167,1560186000,640,907,267,1547,23,0.168154463583724,0.708218080795998
167,1560200400,549,1424,875,1973,23,2.868778603252891,1.3785226672116773
167,1560214800,176,509,333,685,24,0.2947741249169156,-0.8843592405618635
167,1560229200,14,42,28,56,24,-0.9965164761553897,-1.8521219876094814
167,1560243600,707,633,0,1340,24,-1.115061187073503,0.12340641812842229
167,1560258000,681,861,180,1542,24,-0.35298804545706053,0.434198270121457
167,1560272400,664,959,295,1623,24,0.1338920172423333,0.5588227256236145
167,1560286800,713,1430,717,2143,24,1.9205301603653264,1.3588809584769712
167,1560301200,236,561,325,797,24,0.26090420751174037,-0.7120390057934483
167,1560315600,19,52,33,71,24,-0.9753477777771553,-1.8290433847387115
167,1560330000,708,669,0,1377,24,-1.115061187073503,0.18033363854298806
167,1560344400,709,946,237,1655,24,-0.11166488394518706,0.6080570784145902
167,1560358800,766,958,192,1724,24,-0.3021831693492977,0.7142186516201319
167,1560373200,656,1500,844,2156,24,2.458215099172483,1.3788824142983052
167,1560387600,297,625,328,922,24,0.2736054265386811,-0.519717315203699
167,1560402000,18,58,40,76,24,-0.945711600047627,-1.8213505171151216
167,1560416400,721,658,0,1379,24,-1.115061187073503,0.18341078559242405
167,1560430800,733,905,172,1638,24,-0.3868579628622358,0.5819013284943844
167,1560445200,685,936,251,1621,24,-0.05239252848613042,0.5557455785741785
167,1560459600,721,1325,604,2046,24,1.4421175770172263,1.2096393265793257
167,1560474000,242,714,472,956,24,0.8832639398318352,-0.46740581536328724
167,1560488400,17,50,33,67,24,-0.9753477777771553,-1.8351976788375834
167,1560502800,618,657,39,1275,24,-0.9499453397232739,0.023399139021752703
167,1560517200,664,884,220,1548,24,-0.18363845843118443,0.44342971126976494
167,1560531600,670,1041,371,1711,24,0.45565623259149796,0.6942171957987979
167,1560546000,610,1217,607,1827,24,1.454818796044167,0.8726917246660851
167,1561165200,9355,8353,0,17708,25,-1.2870711144237363,4.087827075667193
167,1561179600,37,120,83,157,25,-0.7196812516473827,-0.43598849260639094
167,1561194000,132,260,128,392,25,-0.4120602417083959,-0.3754166358150804
167,1561208400,491,685,194,1176,25,0.03911723953545146,-0.1733386114559846
167,1561222800,495,701,206,1196,25,0.12114950885251462,-0.1681835598141709
167,1561237200,487,833,346,1320,25,1.0781926508849182,-0.13622223963492616
167,1561251600,302,570,268,872,25,0.5449829003240076,-0.25169539641155236
167,1561266000,17,113,96,130,25,-0.630812959887231,-0.4429478123228394
167,1561280400,120,176,56,296,25,-0.9042538576107748,-0.40016088369578595
167,1561294800,421,584,163,1005,25,-0.17279945620029505,-0.21741430299349143
167,1561309200,467,770,303,1237,25,0.7842436858321085,-0.1576157039484529
167,1561323600,434,795,361,1229,25,1.1807329875312471,-0.15967772460517837
167,1561338000,153,411,258,564,25,0.47662267589312163,-0.33108319169548284
167,1561352400,22,50,28,72,25,-1.0956624860172555,-0.45789746208409904
167,1561366800,629,630,1,1259,25,-1.2802350919806478,-0.15194514714245785
167,1561381200,648,804,156,1452,25,-0.2206516133019152,-0.10219889879895597
167,1561395600,645,792,147,1437,25,-0.2821758152897126,-0.10606518753031621
167,1561410000,588,1183,595,1771,25,2.7803622392139786,-0.019975825112027962
167,1561424400,206,577,371,783,26,0.5199766709774765,-0.49874613839191023
167,1561438800,19,49,30,68,26,-0.8974888034676647,-1.7012716989229877
167,1561450551,313,165,0,478,26,-1.022192510896856,-1.0117115872897824
167,1561453200,707,570,0,1277,26,-1.022192510896856,0.33208970342956146
167,1561467600,714,926,212,1640,26,-0.14095297839723742,0.9426026803145701
167,1561482000,624,829,205,1453,26,-0.1700505101307154,0.6280959952525959
167,1561496400,671,1464,793,2135,26,2.2741421554814343,1.7751203760668544
167,1561510800,198,776,578,974,26,1.3804322522388965,-0.17751203760668535
167,1561525200,30,67,37,97,26,-0.8683912717341867,-1.6524979349294195
167,1561539600,681,603,0,1284,26,-1.022192510896856,0.3438626809452503
167,1561554000,727,970,243,1697,26,-0.012092480720406418,1.0384683543708937
167,1561568400,693,974,281,1667,26,0.14586554868990256,0.9880127364465128
167,1561582800,623,1475,852,2098,26,2.519392780092177,1.7128917806267847
167,1561597200,230,679,449,909,26,0.8442063102933739,-0.28683254310951056
167,1561611600,27,51,24,78,26,-0.9224295449535029,-1.6844531596148609
167,1561626000,655,577,0,1232,26,-1.022192510896856,0.25640627654299014
167,1561640400,735,926,191,1661,26,-0.22824557359767134,0.9779216128616366
167,1561654800,687,868,181,1555,26,-0.2698134760740684,0.7996450961954908
167,1561666041,579,238,0,817,26,-1.022192510896856,-0.4415631047442786
167,1561669200,501,1343,842,1844,26,2.47782487761578,1.28570088220036
167,1561683600,241,892,651,1133,26,1.6838779403165953,0.08990273739253327
167,1561698000,18,90,72,108,26,-0.7229036130667968,-1.63399754169048
167,1561712400,602,600,0,1202,26,-1.022192510896856,0.20595065861860926
167,1561726800,650,859,209,1509,26,-0.15342334914015657,0.7222798153781068
167,1561741200,653,1021,368,1674,26,0.5075063002345573,0.9997857139622016
167,1561755600,728,1270,542,1998,26,1.230787803323867,1.5447063875455151
167,1561770000,265,603,338,868,26,0.38280259280536605,-0.3557885542728311
167,1561784400,39,140,101,179,26,-0.6023566958852452,-1.5145859126027785
167,1561798800,109,262,153,371,26,-0.38620360300798035,-1.191669957886741
167,1561813200,424,591,167,1015,26,-0.3280085395410244,-0.10855602644336484
167,1561827600,527,684,157,1211,26,-0.36957644201742146,0.22108734399592353
167,1561842000,457,747,290,1204,26,0.18327666091865996,0.20931436648023466
167,1561856400,258,523,265,781,26,0.0793569047276672,-0.5021098462535356
167,1561870800,26,136,110,162,26,-0.5649455836564878,-1.5431774294265943
167,1561885200,98,174,76,272,26,-0.706276452076238,-1.3581734970371977
167,1561899600,482,538,56,1020,26,-0.7894122570290322,-0.10014675678930136
167,1561914000,609,766,157,1375,26,-0.36957644201742146,0.49691138864920564
167,1561928400,397,880,483,1277,26,0.985537178713124,0.33208970342956146
167,1561942800,169,437,268,606,26,0.09182727547058633,-0.7964342841457575
167,1561957200,22,73,51,95,26,-0.8101962082672307,-1.6558616427910449
167,1561971600,597,507,0,1104,26,-1.022192510896856,0.04112897339896508
167,1561986000,642,747,105,1389,26,-0.5857295348946864,0.5204573436805834
167,1562000400,571,766,195,1337,26,-0.2116184126071125,0.43300093927832317
167,1562014800,573,1290,717,1863,26,1.9582260966608163,1.3176561068858013
167,1562029200,224,503,279,727,27,0.426093843165855,-0.31480886711633016
167,1562043600,15,47,32,62,27,-1.004423156511355,-1.5691043961547182
167,1562058000,596,576,0,1172,27,-1.189753294121358,0.524531750059734
167,1562072400,678,872,194,1550,27,-0.06618933486071527,1.2374997349868178
167,1562086800,656,872,216,1528,27,0.06122513474616176,1.1960042438005853
167,1562101200,604,1393,789,1997,27,3.3797929113252767,2.0806126695434486
167,1562115600,227,616,389,843,27,1.0631661912002401,-0.09601445904346848
167,1562130000,38,64,26,102,27,-1.0391725573132307,-1.4936580485433866
167,1562144400,518,571,53,1089,27,-0.8828002537047908,0.3679805787662209
167,1562158800,620,850,230,1470,27,0.14230706995053805,1.0866070397641545
167,1562173200,642,1008,366,1650,27,0.9299601547930505,1.4261156040151466
167,1562187600,589,1030,441,1619,27,1.3643276648164948,1.3676446846163648
167,1562202000,222,450,228,672,27,0.13072393634991286,-0.4185475950819111
167,1562216400,23,70,47,93,27,-0.9175496545066663,-1.5106334767559362
167,1562230800,118,219,101,337,27,-0.6048050472897863,-1.0504107563268132
167,1562245200,358,408,50,766,27,-0.9001749541057285,-0.2412486781952818
167,1562259600,378,531,153,909,27,-0.3036435736735315,0.028472014515228673
167,1562274000,359,474,115,833,27,-0.52372311208541,-0.11487604594630138
167,1562288400,151,511,360,662,27,0.895210753991175,-0.437409181984744
167,1562302800,19,93,74,112,27,-0.7611773508982262,-1.4747964616405536
167,1562317200,252,432,180,684,27,-0.14727127006509155,-0.39591369079851163
167,1562331600,375,685,310,1060,27,0.6056324139755453,0.3132819767480055
167,1562346000,531,731,200,1262,27,-0.031439934058839714,0.6942860321852301
167,1562360400,459,795,336,1254,27,0.7562131507836728,0.6791967626629638
167,1562374800,237,402,165,639,27,-0.23414477206978043,-0.48079083186125965
167,1562389200,30,72,42,102,27,-0.9465074885082292,-1.4936580485433866
167,1562403600,108,275,167,383,27,-0.22256163846915525,-0.9636474565737819
167,1562418000,287,424,137,711,27,-0.396308642478533,-0.34498740616086276
167,1562432400,473,705,232,1178,27,0.15389020355116323,0.5358487022014338
167,1562446800,503,721,218,1224,27,0.07280826834678694,0.6226120019544651
167,1562461200,242,420,178,662,27,-0.15885440366571674,-0.437409181984744
167,1562475600,33,90,57,123,27,-0.8596339865035404,-1.4540487160474374
167,1562490000,88,183,95,271,27,-0.6395544480916618,-1.1748972298855105
167,1562504400,400,532,132,932,27,-0.42526647648009597,0.07185366439174434
167,1562518800,477,782,305,1259,27,0.5766745799739824,0.6886275561143802
167,1562533200,400,706,306,1106,27,0.582466146774295,0.40004527650103683
167,1562547600,174,370,196,544,27,-0.05460620126009008,-0.6599759074381722
167,1562562000,16,35,19,51,27,-1.0797135249154188,-1.5898521417478342
167,1562576400,634,584,0,1218,27,-1.189753294121358,0.6112950498127653
167,1562590800,638,786,148,1424,27,-0.3326014076750945,0.9998437400111231
167,1562605200,548,821,273,1369,27,0.3913444423639795,0.8961050120455422
167,1562619600,553,1342,789,1895,27,3.3797929113252767,1.8882244831345527
167,1562634000,169,430,261,599,28,0.3230116116253708,-0.666978306969414
167,1562648400,19,46,27,65,28,-0.6987322310055092,-1.5399861545743172
167,1562662800,687,600,0,1287,28,-0.8166257513090722,0.45779584874626655
167,1562677200,654,865,211,1519,28,0.10469027772988364,0.8370801570689961
167,1562691600,580,857,277,1437,28,0.3928744384719267,0.7030227722307899
167,1562706000,650,1294,644,1944,28,1.9953530292648025,1.5318897736084789
167,1562720400,260,452,192,712,28,0.021728170849598508,-0.4822406912777397
167,1562734800,27,19,0,46,28,-0.8166257513090722,-1.5710482315490235
167,1562749200,682,560,0,1242,28,-0.8166257513090722,0.38422777170090955
167,1562763600,698,781,83,1479,28,-0.45421233704256353,0.7716863108064564
167,1562778000,623,711,88,1334,28,-0.4323802036530148,0.5346336181047505
167,1562792400,604,1408,804,2012,28,2.6939812977303617,1.6430593122547963
167,1562806800,224,520,296,744,28,0.4758365453522118,-0.42992561426770803
167,1562821200,28,13,0,41,28,-0.8166257513090722,-1.579222462331841
167,1562835600,689,603,0,1292,28,-0.8166257513090722,0.46597007952908404
167,1562850000,710,885,175,1595,28,-0.05250108267486713,0.9613284649678212
167,1562864400,651,931,280,1582,28,0.40597371850565594,0.9400754649324958
167,1562878800,655,1515,860,2170,28,2.938501191693307,1.9013650049918278
167,1562893200,221,464,243,685,28,0.24441593142299542,-0.5263815375049539
167,1562907600,22,20,0,42,28,-0.8166257513090722,-1.5775876161752775
167,1562922000,591,601,10,1192,28,-0.7729614845299748,0.3024854638727351
167,1562936400,631,798,167,1429,28,-0.08743249609814507,0.6899440029782821
167,1562950800,569,1007,438,1576,28,1.0958691336153954,0.9302663879931149
167,1562965200,604,1147,543,1751,28,1.5543439347959185,1.2163644653917256
167,1562979600,271,540,269,811,28,0.3579430250486488,-0.3203909217779543
167,1562994000,15,61,46,76,28,-0.615770124125224,-1.5220028468521187
167,1563008400,142,220,78,362,28,-0.47604447043211223,-1.054436846074961
167,1563022800,446,510,64,956,28,-0.5371744439228486,-0.08333822907624835
167,1563037200,541,587,46,1128,28,-0.615770124125224,0.1978553098526718
167,1563051600,515,491,0,1006,28,-0.8166257513090722,-0.0015959212480738912
167,1563066000,229,290,61,519,28,-0.5502737239565779,-0.7977659994944931
167,1563080400,33,116,83,149,28,-0.45421233704256353,-1.4026590774229841
167,1563094800,90,110,20,200,28,-0.7292972177508774,-1.3192819234382462
167,1563109200,419,442,23,861,28,-0.7161979377171481,-0.23864861394977982
167,1563123600,495,591,96,1086,28,-0.39744879022973684,0.12919177127700524
167,1563138000,346,608,262,954,28,0.32737803830328055,-0.08660792138937533
167,1563152400,165,213,48,378,28,-0.6070372707694045,-1.028279307569945
167,1563166800,14,18,4,32,28,-0.7991600445974333,-1.5939360777409124
167,1563181200,648,622,0,1270,28,-0.8166257513090722,0.43000346408468726
167,1563195600,597,726,129,1323,28,-0.25335670985871533,0.5166503103825522
167,1563210000,596,848,252,1444,28,0.2837137715241831,0.7144666953267343
167,1563224400,594,1369,775,1963,28,2.5673549240709788,1.5629518505831852
167,1563238800,184,360,176,544,29,0.08917933600700934,-0.5109901193767579
167,1563253200,12,11,0,23,29,-0.6257668662186753,-1.3133248295251672
167,1563267600,701,597,0,1298,29,-0.6257668662186753,0.6501622250606715
167,1563282000,680,865,185,1545,29,0.12573908498445913,1.0305397172039672
167,1563296400,626,819,193,1445,29,0.15823663963108114,0.8765407325305682
167,1563310800,625,1544,919,2169,29,3.1073897238120303,1.9914933815659777
167,1563325200,231,466,235,697,29,0.3288488015258468,-0.27537167282645725
167,1563339600,26,15,0,41,29,-0.6257668662186753,-1.2856050122839555
167,1563354000,655,579,0,1234,29,-0.6257668662186753,0.5516028748696961
167,1563368400,690,814,124,1504,29,-0.12205476919603386,0.9674001334878736
167,1563382800,577,879,302,1456,29,0.6010158216913063,0.8934806208446421
167,1563397200,568,1423,855,1991,29,2.847409286639054,1.7173751888473272
167,1563411600,195,433,238,628,29,0.34103538451833004,-0.3816309722511026
167,1563426000,16,13,0,29,29,-0.6257668662186753,-1.3040848904447633
167,1563440400,675,577,0,1252,29,-0.6257668662186753,0.5793226921109078
167,1563454800,649,844,195,1493,29,0.16636102829273666,0.9504602451737997
167,1563469200,613,847,234,1460,29,0.32478660719501906,0.899640580231578
167,1563483600,633,1401,768,2034,29,2.4939983798570395,1.783594752256889
167,1563498000,224,449,225,673,29,0.28822685821756927,-0.312331429148073
167,1563512400,24,12,0,36,29,-0.6257668662186753,-1.2933049615176253
167,1563526800,532,571,39,1103,29,-0.4673412873163929,0.34986420494754317
167,1563541200,1092,797,0,1889,29,-0.6257668662186753,1.5602962244804601
167,1563555600,626,915,289,1541,29,0.5482072953905455,1.0243797578170313
167,1563570000,301,593,292,894,29,0.5603938783830288,0.02800632698013903
167,1563584400,195,340,145,535,29,-0.03674868824865103,-0.5248500279973638
167,1563598800,23,14,0,37,29,-0.6257668662186753,-1.2917649716708914
167,1563613200,122,121,0,243,29,-0.6257668662186753,-0.9745270632436892
167,1563622409,209,123,0,332,29,-0.6257668662186753,-0.837467966884364
167,1563627600,308,117,0,425,29,-0.6257668662186753,-0.6942489111381028
167,1563642000,419,190,0,609,29,-0.6257668662186753,-0.41089077933904844
167,1563656400,366,135,0,501,29,-0.6257668662186753,-0.5772096827863195
167,1563670800,200,84,0,284,29,-0.6257668662186753,-0.9113874795275956
167,1563685200,30,13,0,43,29,-0.6257668662186753,-1.2825250325904873
167,1563699600,87,85,0,172,29,-0.6257668662186753,-1.0838663423618025
167,1563714000,314,179,0,493,29,-0.6257668662186753,-0.5895296015601914
167,1563728400,375,189,0,564,29,-0.6257668662186753,-0.48019032244207804
167,1563742800,325,146,0,471,29,-0.6257668662186753,-0.6234093781883392
167,1563757200,123,73,0,196,29,-0.6257668662186753,-1.0469065860401867
167,1563771600,21,15,0,36,29,-0.6257668662186753,-1.2933049615176253
167,1563786000,636,554,0,1190,29,-0.6257668662186753,0.4838433216134004
167,1563800400,589,752,163,1341,29,0.036370809706248536,0.716381788470233
167,1563814800,566,750,184,1316,29,0.12167689065363137,0.6778820423018833
167,1563829200,515,1378,863,1893,29,2.8799068412856763,1.5664561838673963
167,1563843600,229,462,233,691,30,0.3357168364886645,-0.43505836128501896
167,1563858000,16,38,22,54,30,-0.6374995864627732,-1.4731917360459357
167,1563872400,711,576,0,1287,30,-0.7389723888558141,0.5362563818193865
167,1563886800,668,860,192,1528,30,0.14660843202890644,0.9290195581418055
167,1563901200,607,746,139,1353,30,-0.09784877373614662,0.6438180815591361
167,1563915600,594,1265,671,1859,30,2.355948084131933,1.4684577795638831
167,1563930000,251,591,340,842,30,0.8292436481275453,-0.18897023006225852
167,1563944400,19,64,45,83,30,-0.5314143839609577,-1.4259297770693788
167,1563958800,660,591,0,1251,30,-0.7389723888558141,0.4775863637795231
167,1563973200,688,758,70,1446,30,-0.41610438124159305,0.7953822948287833
167,1563987600,629,819,190,1448,30,0.1373836318113573,0.7986417402754423
167,1564002000,654,1313,659,1967,30,2.300599282826638,1.6444678336834733
167,1564016400,235,726,491,961,30,1.5257160645525079,0.004966774013956674
167,1564030800,20,63,43,83,30,-0.5406391841785069,-1.4259297770693788
167,1564045200,698,573,0,1271,30,-0.7389723888558141,0.5101808182461139
167,1564059600,718,860,142,1578,30,-0.08401157340982286,1.0105056943082824
167,1564074000,598,883,285,1481,30,0.575561642144943,0.8524225901453172
167,1564088400,647,1346,699,1993,30,2.4850952871776215,1.6868406244900414
167,1564102800,463,730,267,1193,30,0.49253844018700044,0.3830624458264098
167,1564117200,21,72,51,93,30,-0.5037399833083102,-1.4096325498360835
167,1564131600,558,603,45,1161,30,-0.5314143839609577,0.33091131867986456
167,1564146000,675,772,97,1447,30,-0.2915695783046792,0.7970120175521128
167,1564160400,684,909,225,1593,30,0.2988176356184678,1.0349515351582257
167,1564174800,648,1190,542,1838,30,1.7609484701000118,1.4342336023739628
167,1564189200,295,456,161,751,30,0.0036240286568942803,-0.3372749978852466
167,1564203600,31,32,1,63,30,-0.7343599887470396,-1.4585242315359697
167,1564218000,133,129,0,262,30,-0.7389723888558141,-1.1342094095933914
167,1564232400,471,185,0,656,30,-0.7389723888558141,-0.49209865660155283
167,1564246800,579,175,0,754,30,-0.7389723888558141,-0.332385829715258
167,1564261200,519,145,0,664,30,-0.7389723888558141,-0.47906087481491655
167,1564275600,246,107,0,353,30,-0.7389723888558141,-0.9859046417704033
167,1564290000,21,15,0,36,30,-0.7389723888558141,-1.5025267450658673
167,1564304400,102,85,0,187,30,-0.7389723888558141,-1.2564386138431067
167,1564318800,414,158,0,572,30,-0.7389723888558141,-0.6289953653612341
167,1564333200,503,197,0,700,30,-0.7389723888558141,-0.4203908567750531
167,1564347600,401,145,0,546,30,-0.7389723888558141,-0.6713681561678022
167,1564362000,179,88,0,267,30,-0.7389723888558141,-1.1260607959767437
167,1564376400,25,14,0,39,30,-0.7389723888558141,-1.4976375768958787
167,1564390800,634,614,0,1248,30,-0.7389723888558141,0.4726971956095345
167,1564405200,612,808,196,1420,30,0.1650580324640048,0.7530095040222152
167,1564419600,595,787,192,1382,30,0.14660843202890644,0.6910800405356927
167,1564434000,551,1282,731,1833,30,2.6326920906584084,1.426084988757315
167,1564448400,184,516,332,700,31,0.3135556783319125,-0.7936420974401608
167,1564462800,18,44,26,62,31,-0.9523887425969302,-1.8637590220618359
167,1564477200,643,608,0,1251,31,-1.0599526476431718,0.13054979200583117
167,1564491600,693,855,162,1548,31,-0.38974677773966676,0.6287076707090247
167,1564506000,628,827,199,1455,31,-0.23667506671232305,0.4727188400039843
167,1564520400,593,1379,786,1972,31,2.1917869433701305,1.3398825547836175
167,1564534800,230,673,443,903,31,0.7727708114139437,-0.45315034869690063
167,1564549200,21,43,22,64,31,-0.9689370356809673,-1.86040442355205
167,1564563600,635,576,0,1211,31,-1.0599526476431718,0.06345782181011488
167,1564578000,671,848,177,1519,31,-0.32769067867452745,0.5800659923171304
167,1564592400,654,908,254,1562,31,-0.009136036806812103,0.6521898602775253
167,1564606800,599,1314,715,1913,31,1.8980547411284705,1.240921898744936
167,1564621200,203,561,358,764,31,0.421119583378154,-0.6862949451270147
167,1564635600,23,44,21,67,31,-0.9730741089519767,-1.8553725257873712
167,1564650000,635,628,0,1263,31,-1.0599526476431718,0.15067738306454606
167,1564664400,658,800,142,1458,31,-0.4724882431598526,0.477750737768663
167,1564678800,668,788,120,1456,31,-0.5635038551220569,0.4743961392588772
167,1564693200,653,1405,752,2058,31,2.051126452155814,1.4841302907044074
167,1564707600,241,762,521,1003,31,1.0954625265526683,-0.28542042320760985
167,1564722000,24,85,61,109,31,-0.8075911781116051,-1.7849259570818692
167,1564736400,494,563,69,1057,31,-0.7744945919435308,-0.19484626344339287
167,1564750800,599,851,252,1450,31,-0.017410183348830682,0.46433234372951976
167,1564765200,654,889,235,1543,31,-0.08774042895598862,0.6203211744345601
167,1564779600,633,1135,502,1768,31,1.0168581344034917,0.9977135067854643
167,1565398800,8582,7906,0,16488,32,-1.3220993478247347,4.083532056023757
167,1565413200,30,95,65,125,32,-0.9660090538664153,-0.45467766226282447
167,1565427600,134,264,130,398,32,-0.609918759908096,-0.37896225230791175
167,1565442000,421,652,231,1073,32,-0.05660922621901494,-0.19175382110070996
167,1565456400,529,882,353,1411,32,0.611744863979677,-0.09801093258510375
167,1565470800,455,852,397,1307,32,0.8527906014283855,-0.12685489828221336
167,1565485200,242,587,345,829,32,0.56791836626173,-0.2594262021593133
167,1565499600,28,117,89,145,32,-0.8345295607125743,-0.4491307457826111
167,1565514000,86,201,115,287,32,-0.6920934431292466,-0.409747638773096
167,1565528400,394,561,167,955,32,-0.407221207962591,-0.22448062833396895
167,1565542800,469,831,362,1300,32,0.6610496739123674,-0.12879631905028804
167,1565557200,308,886,578,1194,32,1.8443651122969364,-0.158194976395419
167,1565571600,173,472,299,645,32,0.3159160043835346,-0.3104578337772764
167,1565586000,15,33,18,48,32,-1.223489727959354,-0.47603329071164596
167,1565600400,593,498,0,1091,32,-1.3220993478247347,-0.1867615962685179
167,1565614800,577,836,259,1413,32,0.0967835157937996,-0.09745624093708241
167,1565629200,512,802,290,1314,32,0.26661119445084425,-0.12491347751413867
167,1565643600,545,1191,646,1736,32,2.216890342899486,-0.00787353978163623
167,1565658000,164,510,346,674,33,0.7964989781606239,-0.14024969158472267
167,1565672400,14,60,46,74,33,-0.5609903623430158,-1.0210778422385312
167,1565684006,294,165,0,459,33,-0.7691387278869072,-0.45587977890233733
167,1565686800,611,543,0,1154,33,-0.7691387278869072,0.5644128289383241
167,1565701200,686,827,141,1513,33,-0.13111873785019654,1.0914416724128528
167,1565715600,603,822,219,1425,33,0.22182849068074978,0.9622535436502943
167,1565730000,604,1400,796,2004,33,2.8327329889160833,1.8122527090312193
167,1565744400,193,616,423,809,33,1.1449212422232247,0.05793664231238423
167,1565758800,34,46,12,80,33,-0.7148391542667616,-1.012269560731993
167,1565773200,600,504,0,1104,33,-0.7691387278869072,0.4910104830505067
167,1565787600,661,851,190,1512,33,0.09060452109873128,1.0899736254950965
167,1565802000,569,851,282,1420,33,0.5069012521865142,0.9549133090615125
167,1565816400,574,1310,736,1884,33,2.5612351208153554,1.6360870789004576
167,1565830800,194,590,396,784,33,1.0227472015778971,0.02123546936847555
167,1565845200,20,57,37,77,33,-0.601715042558125,-1.016673701485262
167,1565859600,605,576,0,1181,33,-0.7691387278869072,0.6040500957177455
167,1565874000,607,744,137,1351,33,-0.1492185957235784,0.8536180717363245
167,1565888400,636,878,242,1514,33,0.32590267345269547,1.0929097193306092
167,1565902800,629,1198,569,1827,33,1.8055660546016628,1.5524084045883457
167,1565917200,198,576,378,774,33,0.9412978411476788,0.006555000190912074
167,1565931600,22,59,37,81,33,-0.601715042558125,-1.0108015138142368
167,1565946000,477,523,46,1000,33,-0.5609903623430158,0.33833360360384657
167,1565960400,596,850,254,1446,33,0.38020224707284106,0.9930825289231775
167,1565974800,606,853,247,1459,33,0.3485274957944228,1.01216713885401
167,1565989200,531,1107,576,1638,33,1.837240805880081,1.2749475371323962
167,1566003600,166,403,237,569,33,0.30327785111096817,-0.2943946179491391
167,1566018000,1,3,2,4,33,-0.7600887989502163,-1.1238411264814754
167,1566032400,1,4,3,5,33,-0.7555638344818708,-1.122373079563719
167,1566046800,0,1,1,1,33,-0.7646137634185617,-1.1282452672347445
167,1566061200,1,3,2,4,33,-0.7600887989502163,-1.1238411264814754
167,1566075600,0,2,2,2,33,-0.7600887989502163,-1.1267772203169881
167,1566090000,0,0,0,0,33,-0.7691387278869072,-1.1297133141525009
167,1566104400,0,1,1,1,33,-0.7646137634185617,-1.1282452672347445
167,1566118800,0,1,1,1,33,-0.7646137634185617,-1.1282452672347445
167,1566133200,2,2,0,4,33,-0.7691387278869072,-1.1238411264814754
167,1566147600,0,0,0,0,33,-0.7691387278869072,-1.1297133141525009
167,1566162000,1,0,0,1,33,-0.7691387278869072,-1.1282452672347445
167,1566176400,1,4,3,5,33,-0.7555638344818708,-1.122373079563719
167,1566190800,4,3,0,7,33,-0.7691387278869072,-1.1194369857282063
167,1566205200,565,482,0,1047,33,-0.7691387278869072,0.4073318087383949
167,1566219600,581,729,148,1310,33,-0.09944398657177828,0.7934281481083143
167,1566234000,552,704,152,1256,33,-0.08134412869839641,0.7141536145494716
167,1566248400,491,1138,647,1629,33,2.158513283132609,1.261735114872589
167,1566262800,169,426,257,595,34,1.1253931752469584,0.5839981306780082
167,1566277200,20,48,28,68,34,-0.25134132489348654,-0.4027952793873378
167,1566283207,37,43,6,80,34,-0.3836040279637476,-0.3803256002207644
167,1566283286,0,6,6,6,34,-0.3836040279637476,-0.5188886217479667
167,1566283365,0,1,1,1,34,-0.41366373320698874,-0.5282509880673723
167,1566283445,1,0,0,1,34,-0.419675674255637,-0.5282509880673723
167,1566283524,48,17,0,65,34,-0.419675674255637,-0.4084126991789811
167,1566283585,1,0,0,1,34,-0.419675674255637,-0.5282509880673723
167,1566283656,2,0,0,2,34,-0.419675674255637,-0.5263785148034912
167,1566283725,1,0,0,1,34,-0.419675674255637,-0.5282509880673723
167,1566283799,4,0,0,4,34,-0.419675674255637,-0.5226335682757289
167,1566283866,1,0,0,1,34,-0.419675674255637,-0.5282509880673723
167,1566283944,0,6,6,6,34,-0.3836040279637476,-0.5188886217479667
167,1566284006,2,0,0,2,34,-0.419675674255637,-0.5263785148034912
167,1566284080,1,0,0,1,34,-0.419675674255637,-0.5282509880673723
167,1566284144,1,0,0,1,34,-0.419675674255637,-0.5282509880673723
167,1566284224,3,0,0,3,34,-0.419675674255637,-0.52450604153961
167,1566284304,2,5,3,7,34,-0.4016398511096923,-0.5170161484840856
167,1566284386,1,0,0,1,34,-0.419675674255637,-0.5282509880673723
167,1566284464,1,0,0,1,34,-0.419675674255637,-0.5282509880673723
167,1566284547,1,0,0,1,34,-0.419675674255637,-0.5282509880673723
167,1566284624,2,0,0,2,34,-0.419675674255637,-0.5263785148034912
167,1566284706,4,2,0,6,34,-0.419675674255637,-0.5188886217479667
167,1566284795,5,0,0,5,34,-0.419675674255637,-0.5207610950118479
167,1566284866,3,0,0,3,34,-0.419675674255637,-0.52450604153961
167,1566284944,3,0,0,3,34,-0.419675674255637,-0.52450604153961
167,1566285006,41,25,0,66,34,-0.419675674255637,-0.4065402259151
167,1566285079,3,3,0,6,34,-0.419675674255637,-0.5188886217479667
167,1566285145,26,91,65,117,34,-0.02889950609350199,-0.3110440894571633
167,1566285228,7,0,0,7,34,-0.419675674255637,-0.5170161484840856
167,1566285305,5,0,0,5,34,-0.419675674255637,-0.5207610950118479
167,1566285388,1,4,3,5,34,-0.4016398511096923,-0.5207610950118479
167,1566285466,5,0,0,5,34,-0.419675674255637,-0.5207610950118479
167,1566285548,5,0,0,5,34,-0.419675674255637,-0.5207610950118479
167,1566285626,2,7,5,9,34,-0.3896159690123958,-0.5132712019563234
167,1566285706,2,0,0,2,34,-0.419675674255637,-0.5263785148034912
167,1566285788,35,8,0,43,34,-0.419675674255637,-0.44960711098436557
167,1566285866,4,0,0,4,34,-0.419675674255637,-0.5226335682757289
167,1566285945,4,0,0,4,34,-0.419675674255637,-0.5226335682757289
167,1566286026,8,8,0,16,34,-0.419675674255637,-0.5001638891091555
167,1566291600,434,425,0,859,34,-0.419675674255637,1.0783310723426218
167,1566292654,74,16,0,90,34,-0.419675674255637,-0.3616008675819533
167,1566292722,4,5,1,9,34,-0.41366373320698874,-0.5132712019563234
167,1566292789,4,1,0,5,34,-0.419675674255637,-0.5207610950118479
167,1566292869,5,0,0,5,34,-0.419675674255637,-0.5207610950118479
167,1566292935,7,0,0,7,34,-0.419675674255637,-0.5170161484840856
167,1566293025,7,7,0,14,34,-0.419675674255637,-0.5039088356369178
167,1566293090,3,1,0,4,34,-0.419675674255637,-0.5226335682757289
167,1566293153,6,0,0,6,34,-0.419675674255637,-0.5188886217479667
167,1566293217,5,0,0,5,34,-0.419675674255637,-0.5207610950118479
167,1566293282,7,0,0,7,34,-0.419675674255637,-0.5170161484840856
167,1566293344,3,7,4,10,34,-0.3956279100610441,-0.5113987286924423
167,1566293415,4,0,0,4,34,-0.419675674255637,-0.5226335682757289
167,1566293481,6,0,0,6,34,-0.419675674255637,-0.5188886217479667
167,1566293548,4,5,1,9,34,-0.41366373320698874,-0.5132712019563234
167,1566293612,5,0,0,5,34,-0.419675674255637,-0.5207610950118479
167,1566293677,2,0,0,2,34,-0.419675674255637,-0.5263785148034912
167,1566293743,7,0,0,7,34,-0.419675674255637,-0.5170161484840856
167,1566293809,5,8,3,13,34,-0.4016398511096923,-0.5057813089007989
167,1566293885,5,1,0,6,34,-0.419675674255637,-0.5188886217479667
167,1566293950,7,0,0,7,34,-0.419675674255637,-0.5170161484840856
167,1566294015,2,0,0,2,34,-0.419675674255637,-0.5263785148034912
167,1566294078,7,0,0,7,34,-0.419675674255637,-0.5170161484840856
167,1566294152,5,2,0,7,34,-0.419675674255637,-0.5170161484840856
167,1566294215,4,0,0,4,34,-0.419675674255637,-0.5226335682757289
167,1566294279,198,30,0,228,34,-0.419675674255637,-0.10319955716635985
167,1566294341,3,0,0,3,34,-0.419675674255637,-0.52450604153961
167,1566294402,2,0,0,2,34,-0.419675674255637,-0.5263785148034912
167,1566294464,5,0,0,5,34,-0.419675674255637,-0.5207610950118479
167,1566294525,3,1,0,4,34,-0.419675674255637,-0.5226335682757289
167,1566294594,5,0,0,5,34,-0.419675674255637,-0.5207610950118479
167,1566294655,1,0,0,1,34,-0.419675674255637,-0.5282509880673723
167,1566294737,5,0,0,5,34,-0.419675674255637,-0.5207610950118479
167,1566294798,4,4,0,8,34,-0.419675674255637,-0.5151436752202044
167,1566294860,1,3,2,4,34,-0.4076517921583405,-0.5226335682757289
167,1566306000,435,799,364,1234,34,1.7686708674523193,1.7805085462980388
167,1566320400,600,776,176,1376,34,0.6384259503064517,2.0463997497691566
167,1566334800,519,1290,771,1809,34,4.215530874252149,2.8571806730296783
167,1566349200,197,541,344,738,34,1.6484320464793545,0.8517618074130072
167,1566363600,18,53,35,71,34,-0.2092577375529489,-0.3971778595956944
167,1566378000,590,494,0,1084,34,-0.419675674255637,1.499637556715872
167,1566392400,620,821,201,1441,34,0.7887244765226574,2.168110511921429
167,1566406800,576,861,285,1437,34,1.293727524609109,2.1606206188659045
167,1566421200,526,1312,786,1838,34,4.305709989981873,2.9114823976822306
167,1566435600,199,520,321,719,34,1.5101574023604452,0.8161848153992661
167,1566450000,14,72,58,86,34,-0.0709830934340396,-0.36909076063747775
167,1566464400,571,539,0,1110,34,-0.419675674255637,1.5483218615767809
167,1566478800,582,861,279,1443,34,1.2576558783172194,2.1718554584491914
167,1566493200,623,909,286,1532,34,1.299739465657757,2.33850557893461
167,1566507600,546,1269,723,1815,34,3.9269577039170342,2.8684155126129647
167,1566522000,201,566,365,767,34,1.7746828085009674,0.9060635320655595
167,1566536400,17,66,49,83,34,-0.12509056287187367,-0.3747081804291211
167,1566550800,474,576,102,1050,34,0.19354231270648256,1.4359734657439143
167,1566565200,561,753,192,1314,34,0.7346170070848234,1.9303064074085279
167,1566579600,565,794,229,1359,34,0.9570588258848078,2.014567704283178
167,1566594000,544,1056,512,1600,34,2.6584381426522574,2.465833760878526
167,1566608400,176,415,239,591,34,1.0171782363712902,0.5765082376224837
167,1566622800,5,14,9,19,34,-0.3655682048178029,-0.4945464693175122
167,1566637200,3,6,3,9,34,-0.4016398511096923,-0.5132712019563234
167,1566651600,0,2,2,2,34,-0.4076517921583405,-0.5263785148034912
167,1566666000,0,3,3,3,34,-0.4016398511096923,-0.52450604153961
167,1566680400,0,2,2,2,34,-0.4076517921583405,-0.5263785148034912
167,1566694800,2,1,0,3,34,-0.419675674255637,-0.52450604153961
167,1566709200,0,3,3,3,34,-0.4016398511096923,-0.52450604153961
167,1566723600,5,7,2,12,34,-0.4076517921583405,-0.50765378216468
167,1566738000,9,7,0,16,34,-0.419675674255637,-0.5001638891091555
167,1566752400,1,2,1,3,34,-0.41366373320698874,-0.52450604153961
167,1566766800,0,3,3,3,34,-0.4016398511096923,-0.52450604153961
167,1566781200,0,4,4,4,34,-0.3956279100610441,-0.5226335682757289
167,1566795600,3,7,4,10,34,-0.3956279100610441,-0.5113987286924423
167,1566810000,551,490,0,1041,34,-0.419675674255637,1.4191212063689842
167,1566824400,518,731,213,1249,34,0.8608677691064361,1.8085956452562555
167,1566838800,486,730,244,1216,34,1.0472379416145314,1.7468040275481789
167,1566853200,450,1207,757,1657,34,4.131363699571074,2.572564736919749
167,1566867600,145,102,0,247,35,-0.9144143125945209,-1.0324662646823624
167,1566882000,14,15,1,29,35,-0.9087000734740076,-1.4297956661379656
167,1566896400,549,542,0,1091,35,-0.9144143125945209,0.5058182070081378
167,1566910800,655,720,65,1375,35,-0.5429887697611565,1.0234399960603915
167,1566925200,609,769,160,1378,35,-0.00013605331239314284,1.0289078318602392
167,1566939600,508,1226,718,1734,35,3.1884093759340275,1.6777576801088387
167,1566954000,181,134,0,315,35,-0.9144143125945209,-0.9085286532191467
167,1566968400,19,20,1,39,35,-0.9087000734740076,-1.4115695468051397
167,1566982800,566,614,48,1180,35,-0.6401308348098825,0.6680306690702877
167,1566997200,639,791,152,1430,35,-0.04584996627649953,1.1236836523909335
167,1567011600,656,799,143,1455,35,-0.09727811836111921,1.1692489507229982
167,1567026000,527,1235,708,1762,35,3.1312669847288945,1.728790814240751
167,1567040400,152,92,0,244,35,-0.9144143125945209,-1.03793410048221
167,1567054800,11,14,3,25,35,-0.897271595232981,-1.4370861138710957
167,1567069200,545,608,63,1153,35,-0.5544172480021831,0.618820146871658
167,1567083600,628,776,148,1404,35,-0.06870692275855272,1.0762957421255863
167,1567098000,639,746,107,1385,35,-0.302990726699598,1.0416661153932172
167,1567112400,568,1216,648,1784,35,2.7884126374980966,1.768888276772968
167,1567126800,193,88,0,281,35,-0.9144143125945209,-0.9704974589507546
167,1567141200,20,19,0,39,35,-0.9144143125945209,-1.4115695468051397
167,1567155600,426,508,82,934,35,-0.44584670471243043,0.21966813348277228
167,1567170000,559,725,166,1284,35,0.034149381410686644,0.8575823101316764
167,1567184400,650,934,284,1584,35,0.7084295976312559,1.4043658901164513
167,1567198800,536,823,287,1359,35,0.7255723149927957,0.9942782051278701
167,1567213200,203,410,207,613,35,0.2684331853517319,-0.3653902971009369
167,1567227600,22,47,25,69,35,-0.7715583345816884,-1.3568911888066622
167,1567242000,117,177,60,294,35,-0.571559965363723,-0.946803503818081
167,1567256400,323,487,164,810,35,0.02272090316966005,-0.006335746244268037
167,1567270800,391,569,178,960,35,0.10272025085684623,0.2670560437481194
167,1567285200,342,566,224,908,35,0.36557525040045796,0.17228022321742512
167,1567299600,188,395,207,583,35,0.2684331853517319,-0.42006865509941443
167,1567314000,20,78,58,98,35,-0.5829884436047496,-1.3040354427414673
167,1567328400,78,143,65,221,35,-0.5429887697611565,-1.0798541749477095
167,1567342800,325,470,145,795,35,-0.08584964012009262,-0.033674925243506786
167,1567357200,373,591,218,964,35,0.33128981567737814,0.2743464914812498
167,1567371600,306,609,303,915,35,0.8170001409210085,0.1850385067504032
167,1567386000,151,433,282,584,35,0.6970011193902292,-0.41824604316613184
167,1567400400,27,29,2,56,35,-0.9029858343534943,-1.3805851439393357
167,1567414800,63,205,142,268,35,-0.10299235748163252,-0.9941914140834281
167,1567429200,291,457,166,748,35,0.034149381410686644,-0.1193376861077882
167,1567443600,346,578,232,924,35,0.41128916336456434,0.20144201414994645
167,1567458000,293,552,259,845,35,0.5655736196184233,0.05745567142062238
167,1567472400,146,268,122,414,36,-0.4921346852316609,-1.0452434830220536
167,1567486800,14,34,20,48,36,-0.9629486627958491,-1.6476761934946644
167,1567501200,644,648,4,1292,36,-1.0368018357470943,0.3999366257073244
167,1567515600,613,770,157,1383,36,-0.33058086940081194,0.5497218078193671
167,1567530000,632,801,169,1433,36,-0.27519098968737804,0.6320213584303794
167,1567544400,559,1362,803,1921,36,2.651240988505714,1.4352649723938606
167,1567558800,177,489,312,666,36,0.38487174356437615,-0.630453747942551
167,1567573200,22,56,34,78,36,-0.8983271364635096,-1.598296463128057
167,1567587600,674,634,0,1308,36,-1.0552651289849058,0.4262724819028484
167,1567602000,661,886,225,1547,36,-0.01670488435801976,0.8196643338234878
167,1567616400,603,956,353,1559,36,0.574120499251942,0.8394162259701308
167,1567630800,634,1340,706,1974,36,2.2035061274887897,1.5225024960415339
167,1567645200,240,564,324,804,36,0.44026162327781004,-0.40330698825615674
167,1567659600,22,78,56,100,36,-0.7967790236555474,-1.5620846608592116
167,1567674000,699,590,0,1289,36,-1.0552651289849058,0.3949986526706637
167,1567688400,683,826,143,1509,36,-0.3952023957331515,0.7571166753591183
167,1567702800,669,950,281,1619,36,0.24178122097133853,0.9381756867033456
167,1567717200,652,1361,709,2013,36,2.2173535974171483,1.5866961455181234
167,1567731600,232,618,386,850,36,0.7264426684638853,-0.3275914016940253
167,1567746000,17,51,34,68,36,-0.8983271364635096,-1.6147563732502594
167,1567760400,651,668,17,1319,36,-0.9767961327242076,0.4443783830372711
167,1567774800,634,821,187,1455,36,-0.19210617011722717,0.6682331606992249
167,1567789200,686,996,310,1682,36,0.37564009694547046,1.0418731204732212
167,1567803600,604,1276,672,1880,36,2.046568134967394,1.3677793408928305
167,1567818000,226,417,191,643,36,-0.17364287687941585,-0.6683115412236167
167,1567832400,44,111,67,155,36,-0.7460049672515663,-1.4715551551870978
167,1567846800,138,263,125,401,36,-0.47828721530330237,-1.0666413661809169
167,1567861200,432,597,165,1029,36,-0.29365428292518936,-0.03295901050660086
167,1567875600,470,757,287,1227,36,0.2694761608280555,0.2929472099130083
167,1567890000,469,810,341,1279,36,0.5187306195385081,0.3785387425484612
167,1567904400,246,493,247,739,36,0.08484322844994242,-0.5102964040504728
167,1567918800,43,112,69,155,36,-0.7367733206326607,-1.4715551551870978
167,1567933200,89,143,54,232,36,-0.8060106702744531,-1.3448138472461388
167,1567947600,435,550,115,985,36,-0.5244454483978307,-0.10538261504429179
167,1567962000,451,737,286,1188,36,0.26486033751860266,0.22875356043641862
167,1567976400,354,708,354,1062,36,0.5787363225613948,0.02135869289666733
167,1567990800,155,310,155,465,36,-0.3398125160197176,-0.9612979413988209
167,1568005200,22,46,24,68,36,-0.9444853695580379,-1.6147563732502594
167,1568019600,727,637,0,1364,36,-1.0552651289849058,0.5184479785871823
167,1568034000,619,721,102,1340,36,-0.5844511514207174,0.47894419429389634
167,1568048400,630,868,238,1498,36,0.043300818664866986,0.7390107742246956
167,1568062800,630,1388,758,2018,36,2.443528939580337,1.5949261005792248
167,1568077200,207,405,198,612,37,-0.13106314972800306,-0.6845511407179442
167,1568091600,23,45,22,68,37,-0.9462864681968032,-1.5259939643313944
167,1568102141,320,76,0,396,37,-1.0481893830054032,-1.0186534383291672
167,1568102206,10,0,0,10,37,-1.0481893830054032,-1.6157066183195932
167,1568106000,743,610,0,1353,37,-1.0481893830054032,0.461605352476112
167,1568120400,698,809,111,1507,37,-0.5340428582892849,0.6998079165137432
167,1568134800,659,893,234,1552,37,0.03568707450425151,0.7694125618494145
167,1568149200,676,1430,754,2106,37,2.4443014245257064,1.6263230844263474
167,1568163600,215,545,330,760,37,0.48035433912359704,-0.45562919605840263
167,1568178000,37,42,5,79,37,-1.0250296296398123,-1.5089794954715636
167,1568192400,766,627,0,1393,37,-1.0481893830054032,0.5234761483300422
167,1568206800,682,878,196,1560,37,-0.14032705107423943,0.7817867210202006
167,1568221200,701,932,231,1633,37,0.021791222484896962,0.8947009234536232
167,1568235600,676,1369,693,2045,37,2.161752433465497,1.5319701207491039
167,1568250000,220,542,322,762,37,0.4432987337386516,-0.45253565626570613
167,1568264400,21,56,35,77,37,-0.8860711094462668,-1.5120730352642602
167,1568278800,762,668,0,1430,37,-1.0481893830054032,0.5807066344949275
167,1568293200,663,912,249,1575,37,0.10516633460102424,0.8049882694654245
167,1568307600,636,969,333,1605,37,0.49425019114295154,0.8513913663558721
167,1568322000,660,1412,752,2072,37,2.4350375231794703,1.5737329079505067
167,1568336400,238,564,326,802,37,0.4618265364311243,-0.390664860411776
167,1568350800,24,60,36,84,37,-0.8814391587731486,-1.5012456459898225
167,1568365200,652,667,15,1319,37,-0.9787101229086305,0.4090151760002714
167,1568379600,662,815,153,1477,37,-0.33950093001832127,0.6534048196232956
167,1568394000,690,954,264,1644,37,0.17464559469779697,0.911715392313454
167,1568408400,672,1300,628,1972,37,1.8606756397128155,1.4190559183156812
167,1568422800,266,587,321,853,37,0.43866678306553336,-0.31177959569801506
167,1568437200,33,108,75,141,37,-0.7007930825215395,-1.413079761897972
167,1568451600,125,250,125,375,37,-0.46919554886563036,-1.0511356061524806
167,1568466000,433,649,216,1082,37,-0.047688037611875775,0.04243071056573516
167,1568480400,547,775,228,1322,37,0.007895370465542416,0.41365548568931615
167,1568494800,503,801,298,1304,37,0.33213191758381516,0.38581362755504756
167,1568509200,242,494,252,736,37,0.11906218662037879,-0.4927516735707608
167,1568523600,33,96,63,129,37,-0.7563764905989577,-1.431641000654151
167,1568538000,92,165,73,257,37,-0.7100569838677758,-1.2336544539215744
167,1568552400,361,607,246,968,37,0.0912704825816697,-0.1339010576179658
167,1568566800,488,733,245,1221,37,0.08663853190855152,0.25743172615814247
167,1568581200,357,735,378,1092,37,0.7026879714332698,0.057898409529217695
167,1568595600,147,328,181,475,37,-0.20980631117101214,-0.896458616517655
167,1568610000,18,39,21,57,37,-0.9509184188699213,-1.5430084331912253
167,1568624400,732,618,0,1350,37,-1.0481893830054032,0.45696504278706723
167,1568638800,577,820,243,1397,37,0.07737463056231515,0.5296632279154352
167,1568653200,685,956,271,1641,37,0.20706924940962426,0.9070750826244092
167,1568667600,637,1471,834,2108,37,2.814857478375161,1.6294166242190438
167,1568682000,176,400,224,576,38,-0.1584720791348968,-0.7959320419548999
167,1568696400,12,36,24,48,38,-1.1072714125156042,-1.631937771239789
167,1568710800,727,630,0,1357,38,-1.221127332521289,0.4406597659456651
167,1568725200,703,899,196,1602,38,-0.29130398580819583,0.8285790910873276
167,1568739600,682,1002,320,1684,38,0.2969516008878427,0.9584133141959656
167,1568754000,684,1238,554,1922,38,1.4070468209432703,1.3352492300478664
167,1568768400,218,505,287,723,38,0.140399710880026,-0.5631804468699024
167,1568782800,22,40,18,62,38,-1.1357353925170255,-1.6097709526602653
167,1568797200,730,631,0,1361,38,-1.221127332521289,0.4469931426826718
167,1568811600,710,926,216,1636,38,-0.19642405247012512,0.8824127933518848
167,1568826000,702,923,221,1625,38,-0.17270406913560743,0.8649960073251163
167,1568840400,665,1380,715,2045,38,2.17083028431474,1.5300005647108235
167,1568854800,235,537,302,772,38,0.21155966088357905,-0.4855965818415699
167,1568869200,17,37,20,54,38,-1.1262473991832183,-1.6224377061342787
167,1568883600,705,695,0,1400,38,-1.221127332521289,0.5087435658684875
167,1568898000,693,891,198,1584,38,-0.28181599247438877,0.8000788957707973
167,1568912400,659,930,271,1589,38,0.06449576420956941,0.8079956166920557
167,1568926800,688,1334,646,2022,38,1.8434945142983956,1.4935836484730347
167,1568941200,203,549,346,752,38,0.4202955142273347,-0.5172634655266035
167,1568955600,20,74,54,94,38,-0.9649515125084981,-1.5591039387642114
167,1568970000,642,601,0,1243,38,-1.221127332521289,0.26015852894097313
167,1568984400,673,915,242,1588,38,-0.07308013913063316,0.806412272507804
167,1568998800,701,911,210,1612,38,-0.22488803247154632,0.8444125329298444
167,1569013200,678,1309,631,1987,38,1.7723345642948427,1.4381666020242259
167,1569027600,207,596,389,803,38,0.6242873709041867,-0.43651291212976767
167,1569042000,36,122,86,158,38,-0.8131436191675849,-1.4577699109721036
167,1569056400,107,275,168,382,38,-0.42413589248149486,-1.1031008136997265
167,1569070800,262,735,473,997,38,1.0227830909240838,-0.12934414038494105
167,1569085200,406,895,489,1301,38,1.0986870375945403,0.3519924916275708
167,1569099600,377,738,361,1115,38,0.4914554642308877,0.05749047335675763
167,1569114000,227,537,310,764,38,0.24951163421880734,-0.49826333531558337
167,1569128400,46,85,39,131,38,-1.036111462512051,-1.5005202039468992
167,1569142800,71,178,107,249,38,-0.7135196891626107,-1.3136855902052005
167,1569157200,262,670,408,932,38,0.7144233075753539,-0.2322615123613005
167,1569171600,378,776,398,1154,38,0.6669833409063186,0.11924089654257329
167,1569186000,357,673,316,1030,38,0.27797561422022854,-0.07709378230463548
167,1569200400,122,313,191,435,38,-0.3150239691427135,-1.0191835719343874
167,1569214800,26,44,18,70,38,-1.1357353925170255,-1.5971041991862518
167,1569229200,705,622,0,1327,38,-1.221127332521289,0.39315944041811457
167,1569243600,614,783,169,1397,38,-0.41939189581459135,0.5039935333157324
167,1569258000,644,992,348,1636,38,0.42978350756114175,0.8824127933518848
167,1569272400,620,1466,846,2086,38,2.792293847679103,1.5949176762651425
167,1569286800,227,429,202,656,39,-0.2810763985133368,-0.6600245474371538
167,1569301200,20,28,8,48,39,-1.2026902798359393,-1.6226922903749628
167,1569315600,746,639,0,1385,39,-1.240694975972954,0.4942267430261072
167,1569330000,675,886,211,1561,39,-0.23832111535919545,0.7728937212449466
167,1569344400,701,986,285,1687,39,0.11322232390818907,0.9723939442879794
167,1569358800,761,1581,820,2342,39,2.6547863780710363,2.0094784370910466
167,1569373200,221,582,361,803,39,0.4742669372098272,-0.42727428722028227
167,1569387600,31,32,1,63,39,-1.2359443889558273,-1.5989422638222206
167,1569402000,723,666,0,1389,39,-1.240694975972954,0.5005600834401718
167,1569416400,696,913,217,1609,39,-0.20981759325643454,0.848893806213721
167,1569430800,651,1044,393,1695,39,0.6262857217578854,0.9850606251161085
167,1569445200,740,1373,633,2113,39,1.7664266058683216,1.6468946983858521
167,1569459600,231,526,295,757,39,0.16072819407945724,-0.5001077019820244
167,1569474000,21,70,49,91,39,-1.00791621213374,-1.554608880923769
167,1569488400,711,661,0,1372,39,-1.240694975972954,0.47364338668039746
167,1569502800,657,911,254,1568,39,-0.034045873622742286,0.7839770669695595
167,1569517200,654,985,331,1639,39,0.3317493266960227,0.896393859319205
167,1569531600,680,1371,691,2051,39,2.041960652861677,1.5487279219678518
167,1569546000,237,516,279,753,39,0.08471880180542816,-0.5064410423960889
167,1569560400,26,63,37,89,39,-1.0649232563392617,-1.5577755511308011
167,1569574800,663,616,0,1279,39,-1.240694975972954,0.3263932220533971
167,1569589200,684,829,145,1513,39,-0.5518598584895654,0.6968936362761722
167,1569603600,686,1071,385,1757,39,0.5882810256208708,1.0832274015341088
167,1569618000,658,1222,564,1880,39,1.4386361016865712,1.277977619266593
167,1569632400,222,542,320,764,39,0.2794928695076277,-0.4890243562574114
167,1569646800,40,101,61,141,39,-0.9509091679282181,-1.4754421257479624
167,1569661200,107,320,213,427,39,-0.22881994132494182,-1.0226082861423482
167,1569675600,270,730,460,1000,39,0.9445750519053822,-0.11535727182760402
167,1569690000,412,845,433,1257,39,0.8163092024429581,0.29155984977604216
167,1569704400,438,803,365,1241,39,0.49326928527833447,0.26622648811978405
167,1569718800,292,472,180,764,39,-0.3855893128901268,-0.4890243562574114
167,1569733200,27,117,90,144,39,-0.8131421444315404,-1.470692120437414
167,1569747600,83,190,107,273,39,-0.7323821651403845,-1.2664418920838327
167,1569762000,212,645,433,857,39,0.8163092024429581,-0.34177419163041106
167,1569776400,357,756,399,1113,39,0.6547892438606463,0.063559594869719
167,1569790800,341,781,440,1122,39,0.8495633115628458,0.0778096108013642
167,1569805200,156,257,101,413,39,-0.7608856872431454,-1.0447749775915742
167,1569819600,15,29,14,44,39,-1.1741867577331786,-1.6290256307890272
167,1569834000,482,509,27,991,39,-1.11242912651053,-0.12960728775924923
167,1569848400,541,835,294,1376,39,0.15597760706233044,0.479976727094462
167,1569862800,554,773,219,1327,39,-0.2003164192221809,0.40239330702217146
167,1569877200,527,1179,652,1706,39,1.8566877591937312,1.002477311254786
167,1569891600,160,344,184,504,40,-0.24016993024943786,-0.906601374536164
167,1569906000,20,27,7,47,40,-1.090371483332448,-1.62332392418183
167,1569920400,603,548,0,1151,40,-1.1239952735673693,0.10810210384621238
167,1569934800,631,817,186,1448,40,-0.23056313303946036,0.5738933450820173
167,1569949200,628,769,141,1397,40,-0.44671607026395443,0.493908990526374
167,1569963600,617,1356,739,1973,40,2.4257162955193223,1.3972617008018744
167,1569978000,172,405,233,577,40,-0.004803398604988757,-0.7921139650741648
167,1569992400,16,43,27,59,40,-0.9943035112326728,-1.6045040760510905
167,1570006800,717,650,0,1367,40,-1.1239952735673693,0.44685937019952504
167,1570021200,656,946,290,1602,40,0.26899032187937044,0.8154147294265087
167,1570035600,659,983,324,1642,40,0.43230587444898816,0.878147556528974
167,1570050000,667,1359,692,2026,40,2.199956561084851,1.480382696712641
167,1570064400,183,481,298,664,40,0.3074175107192805,-0.6556700661263027
167,1570078800,23,42,19,65,40,-1.032730700072583,-1.5950941519857207
167,1570093200,732,632,0,1364,40,-1.1239952735673693,0.4421544081668401
167,1570107600,704,892,188,1596,40,-0.22095633582948285,0.8060048053611388
167,1570122000,678,915,237,1593,40,0.014410195814966272,0.8012998433284539
167,1570136400,696,1530,834,2226,40,2.8820391629932547,1.7940468322249674
167,1570150800,257,562,305,819,40,0.34104130095420176,-0.4125803611042496
167,1570165200,20,44,24,64,40,-1.008713707047639,-1.5966624726632823
167,1570179600,676,662,0,1338,40,-1.1239952735673693,0.40137807055023766
167,1570194000,680,891,211,1571,40,-0.11047816791474142,0.7667967884220981
167,1570208400,680,1017,337,1697,40,0.494750056313842,0.9644051937948638
167,1570222800,708,1340,632,2048,40,1.9117526447855255,1.5148857516189969
167,1570237200,269,550,281,819,40,0.22575973443447162,-0.4125803611042496
167,1570251600,39,124,85,163,40,-0.7157063921433249,-1.4413987255846805
167,1570266000,117,257,140,374,40,-0.45151946886894323,-1.1104830626191762
167,1570280400,461,726,265,1187,40,0.1489053567546515,0.16456164823843114
167,1570294800,481,803,322,1284,40,0.4226990772390107,0.31668875396190954
167,1570309200,513,854,341,1367,40,0.513963650733797,0.44685937019952504
167,1570323600,250,494,244,744,40,0.048033986049887574,-0.5302044119213721
167,1570338000,31,125,94,156,40,-0.672475804698426,-1.4523769703276121
167,1570352400,95,165,70,260,40,-0.7877573712181563,-1.2892716198612022
167,1570366800,397,574,177,971,40,-0.2737937204843592,-0.1741956181148815
167,1570381200,476,808,332,1284,40,0.47073306328889825,0.31668875396190954
167,1570395600,400,767,367,1167,40,0.6388520144635047,0.1331952346871985
167,1570410000,156,300,144,456,40,-0.43230587444898816,-0.9818807670591223
167,1570424400,16,31,15,47,40,-1.051944294492538,-1.62332392418183
167,1570438800,703,590,0,1293,40,-1.1239952735673693,0.3308036400599642
167,1570453200,653,842,189,1495,40,-0.21615293722449408,0.647604416927414
167,1570467600,683,925,242,1608,40,0.03842718883991006,0.8248246534918785
167,1570482000,661,1273,612,1934,40,1.8156846726857503,1.3360971943769706
167,1570496400,247,455,208,702,41,0.128636957338386,-0.049020489754813316
167,1570510800,21,43,22,64,41,-0.7195285040831504,-0.9925993183394345
167,1570525200,699,555,0,1254,41,-0.8198491500577407,0.7673674622494358
167,1570538350,618,315,0,933,41,-0.8198491500577407,0.2926201205947909
167,1570538427,575,162,0,737,41,-0.8198491500577407,0.00274323908603581
167,1570538508,3,0,0,3,41,-0.8198491500577407,-1.0828161028906287
167,1570538587,2,0,0,2,41,-0.8198491500577407,-1.0842950665717959
167,1570538673,9,5,0,14,41,-0.8198491500577407,-1.0665475023977904
167,1570538753,5,2,0,7,41,-0.8198491500577407,-1.0769002481659602
167,1570538831,3,3,0,6,41,-0.8198491500577407,-1.0783792118471274
167,1570538913,3,0,0,3,41,-0.8198491500577407,-1.0828161028906287
167,1570538992,4,0,0,4,41,-0.8198491500577407,-1.0813371392094615
167,1570539078,5,0,0,5,41,-0.8198491500577407,-1.0798581755282946
167,1570539155,2,0,0,2,41,-0.8198491500577407,-1.0842950665717959
167,1570539236,4,0,0,4,41,-0.8198491500577407,-1.0813371392094615
167,1570539316,3,3,0,6,41,-0.8198491500577407,-1.0783792118471274
167,1570539402,2,2,0,4,41,-0.8198491500577407,-1.0813371392094615
167,1570539483,3,0,0,3,41,-0.8198491500577407,-1.0828161028906287
167,1570539563,3,0,0,3,41,-0.8198491500577407,-1.0828161028906287
167,1570539600,288,967,679,1255,41,2.2764107870671153,0.7688464259306028
167,1570539643,0,0,0,0,41,-0.8198491500577407,-1.08725299393413
167,1570539724,3,1,0,4,41,-0.8198491500577407,-1.0813371392094615
167,1570539805,5,0,0,5,41,-0.8198491500577407,-1.0798581755282946
167,1570554000,697,1026,329,1723,41,0.6804005101986328,1.461001428716814
167,1570568400,627,1329,702,1956,41,2.381291462404187,1.8055999664287528
167,1570582800,241,555,314,796,41,0.6120000697614122,0.09000209627489576
167,1570597200,29,52,23,81,41,-0.714968474720669,-0.9674569357595935
167,1570611600,505,515,10,1020,41,-0.774248856432927,0.4212899608563302
167,1570626000,590,887,297,1477,41,0.5344795705992287,1.0971763631497031
167,1570640400,600,899,299,1499,41,0.5435996293241915,1.1297135641353797
167,1570654800,576,1329,753,1905,41,2.6138529598907376,1.7301728186892296
167,1570669200,221,500,279,721,41,0.4523990420745639,-0.020920179812638075
167,1570683600,26,42,16,68,41,-0.7468886802580387,-0.986683463614766
167,1570698000,724,605,0,1329,41,-0.8198491500577407,0.8782897383369695
167,1570712400,692,924,232,1616,41,0.23807766203793912,1.3027523148319324
167,1570726800,708,922,214,1630,41,0.1559971335132743,1.323457806368272
167,1570741200,724,1467,743,2191,41,2.5682526662659235,2.1531564315030254
167,1570755600,221,675,454,896,41,1.2504041805088053,0.23789846439160756
167,1570770000,34,55,21,89,41,-0.7240885334456317,-0.9556252263102566
167,1570784400,638,617,0,1255,41,-0.8198491500577407,0.7688464259306028
167,1570798800,682,896,214,1578,41,0.1559971335132743,1.246551694947582
167,1570813200,723,949,226,1672,41,0.21071748586305084,1.385574280977291
167,1570827600,671,1272,601,1943,41,1.9207284967935678,1.78637343857358
167,1570842000,259,582,323,841,41,0.6530403340237445,0.15655546192741607
167,1570856400,91,97,6,188,41,-0.7924889738828524,-0.8092078218747119
167,1570870800,104,241,137,345,41,-0.19512512739779186,-0.5770105239314743
167,1570885200,282,739,457,1021,41,1.2640842685962494,0.42276892453749726
167,1570899600,423,756,333,1179,41,0.6986406276485584,0.656445186161902
167,1570914000,399,824,425,1223,41,1.1181633289968451,0.7215195881332551
167,1570928400,264,527,263,791,41,0.37943857227486183,0.08260727786906018
167,1570942800,33,99,66,132,41,-0.5188872121339697,-0.8920297880200705
167,1570957200,86,195,109,281,41,-0.32280594954727043,-0.67166419952617
167,1570971600,270,644,374,914,41,0.8856018315102948,0.26451981065261565
167,1570986000,388,788,400,1176,41,1.0041625949348107,0.6520082951184005
167,1571000400,396,744,348,1140,41,0.767041068085779,0.5987656025963843
167,1571014800,181,381,200,562,41,0.092156722438535,-0.2560754051182098
167,1571029200,27,40,13,67,41,-0.7605687683454828,-0.9881624272959332
167,1571035651,29,28,0,57,41,-0.8198491500577407,-1.0029520641076044
167,1571043600,405,448,43,853,41,-0.6237678874710414,0.17430302610142148
167,1571058000,584,704,120,1288,41,-0.27264562655997526,0.8176522274091178
167,1571072400,549,829,280,1378,41,0.4569590714370453,0.9507589587141584
167,1571086800,532,1146,614,1678,41,1.9800088785058259,1.3944480630642937
167,1571101200,161,353,192,514,42,-0.21935841412349938,-0.8881758736814058
167,1571115600,13,34,21,47,42,-1.031105982845236,-1.6256659381619019
167,1571130000,653,568,0,1221,42,-1.1307942807584317,0.22832407404388458
167,1571144400,643,898,255,1541,42,0.07970647961608779,0.7336705850369439
167,1571158800,726,903,177,1629,42,-0.2905643412043535,0.8726408755600352
167,1571173200,671,1333,662,2004,42,2.011760634409929,1.4648438181300267
167,1571187600,233,491,258,724,42,0.09394766503225861,-0.5565422258422107
167,1571202001,18,30,12,48,42,-1.0738295390937485,-1.6240867303150486
167,1571216400,686,615,0,1301,42,-1.1307942807584317,0.3546607017921494
167,1571230800,716,886,170,1602,42,-0.32379377384208535,0.8300022636949959
167,1571245200,688,998,310,1686,42,0.3407948789125528,0.9626557228306739
167,1571259600,641,1508,867,2149,42,2.984908304514935,1.6938289559237567
167,1571274000,216,476,260,692,42,0.10344178864303916,-0.6070768769415166
167,1571288400,14,37,23,51,42,-1.0216118592344554,-1.6193491067744885
167,1571302800,711,640,0,1351,42,-1.1307942807584317,0.4336210941348149
167,1571317200,689,854,165,1543,42,-0.3475290828690367,0.7368290007306505
167,1571331600,740,995,255,1735,42,0.07970647961608779,1.0400369073264861
167,1571346000,741,1325,584,2066,42,1.6414898135894875,1.562754704634932
167,1571360400,228,577,349,805,42,0.5259302893227734,-0.42862639024709254
167,1571374800,32,67,35,99,42,-0.9646471175697722,-1.5435471301255297
167,1571389200,620,661,41,1281,42,-0.9361647467374306,0.3230765448550832
167,1571403600,687,957,270,1644,42,0.15091240669694186,0.8963289932628349
167,1571418000,753,971,218,1724,42,-0.0959348071833523,1.0226656210110998
167,1571432400,699,1323,624,2022,42,1.8313722858050983,1.4932695593733862
167,1571446800,249,554,305,803,42,0.3170595698856014,-0.43178480594079915
167,1571461200,37,100,63,137,42,-0.8317293870188446,-1.483537231945104
167,1571475600,107,289,182,396,42,-0.2668290321774021,-1.0745223996100965
167,1571490000,328,741,413,1069,42,0.8297422448677508,-0.011715518677818594
167,1571504400,428,794,366,1222,42,0.6066303400144081,0.2299032818907379
167,1571518800,451,810,359,1261,42,0.5734009073766761,0.291492387918017
167,1571533200,239,546,307,785,42,0.32655369349638197,-0.46021054718415877
167,1571547600,41,128,87,169,42,-0.717799903689478,-1.433002580845798
167,1571562000,61,169,108,230,42,-0.6181116057762823,-1.336670902187746
167,1571576400,309,620,311,929,42,0.34554194071794303,-0.23280461723728205
167,1571590800,444,860,416,1304,42,0.8439834302839216,0.3593983253327093
167,1571605200,382,729,347,1111,42,0.5164361657119929,0.05461121089002044
167,1571619600,179,255,76,434,42,-0.770017583548771,-1.0145125014296708
167,1571634000,18,30,12,48,42,-1.0738295390937485,-1.6240867303150486
167,1571646690,437,348,0,785,42,-1.1307942807584317,-0.46021054718415877
167,1571648400,635,606,0,1241,42,-1.1307942807584317,0.2599082309809508
167,1571662800,624,802,178,1426,42,-0.2858172793989632,0.5520616826488132
167,1571677200,642,873,231,1515,42,-0.03422300371327875,0.6926111810187578
167,1571691600,604,1338,734,1942,42,2.3535490843980282,1.3669329316251213
167,1571706000,191,450,259,641,43,0.0951922863171641,-0.7191154160817257
167,1571720400,14,38,24,52,43,-1.015384387383084,-1.6269733983746437
167,1571734800,668,607,0,1275,43,-1.128804983846088,0.25810353260029484
167,1571749200,641,877,236,1518,43,-0.013502451959881454,0.6326527511014478
167,1571763600,685,909,224,1594,43,-0.07021275019138348,0.7497957165585984
167,1571778000,681,1278,597,1959,43,1.6925323531711376,1.3123902217146513
167,1571792400,213,517,304,730,43,0.30785590468529667,-0.5819348381121676
167,1571806800,19,27,8,46,43,-1.0909981183584199,-1.636221527226524
167,1571821200,718,584,0,1302,43,-1.128804983846088,0.29972011243375624
167,1571835600,699,912,213,1611,43,-0.122197190236927,0.7759987483055927
167,1571850000,695,1034,339,1729,43,0.47326094119384426,0.9578786157259057
167,1571864400,711,1542,831,2253,43,2.7983831686854272,1.765548535456787
167,1571878800,225,556,331,781,43,0.4354540757061762,-0.5033257428711848
167,1571893200,19,48,29,67,43,-0.9917550964532914,-1.603853076244943
167,1571907600,734,659,0,1393,43,-1.128804983846088,0.43998340002060776
167,1571922000,715,803,88,1518,43,-0.7129294634817398,0.6326527511014478
167,1571936400,727,959,232,1686,43,-0.032405884703715464,0.8916003589540967
167,1571950800,719,1472,753,2191,43,2.429766230180664,1.6699845373206903
167,1571965200,234,576,342,810,43,0.48743851575171976,-0.45862645342042996
167,1571979600,25,57,32,82,43,-0.9775775218954159,-1.580732754115242
167,1571994000,650,643,0,1293,43,-1.128804983846088,0.28584791915593577
167,1572008400,700,861,161,1561,43,-0.3679418159067691,0.6989310078732567
167,1572022800,726,1052,326,1778,43,0.41182478477638373,1.033405001349595
167,1572037200,703,1279,576,1982,43,1.5932893312660092,1.3478413823135258
167,1572051600,303,602,299,905,43,0.2842266137555042,-0.3121977465989916
167,1572066000,46,107,61,153,43,-0.8405276345026194,-1.471296562701325
167,1572080400,135,245,110,380,43,-0.6089605833906527,-1.1214090211385195
167,1572094800,442,696,254,1138,43,0.07156299538737158,0.04693792381569418
167,1572109200,573,885,312,1458,43,0.3456627701729647,0.5401714625826446
167,1572123600,553,866,313,1419,43,0.3503886283589232,0.4800586250454225
167,1572138000,211,575,364,786,43,0.5914073958428068,-0.49561896882795126
167,1572152400,38,157,119,195,43,-0.5664278597170262,-1.4065596607381627
167,1572166800,67,132,65,199,43,-0.8216242017587854,-1.400394241503576
167,1572181200,351,566,215,917,43,-0.11274547386500999,-0.29370148889523096
167,1572195600,457,725,268,1182,43,0.13772500999079063,0.11475753539614986
167,1572210000,350,654,304,1004,43,0.30785590468529667,-0.15960362054296628
167,1572224400,135,304,169,439,43,-0.3301349504191011,-1.030469087428363
167,1572238800,17,36,19,53,43,-1.0390136783128765,-1.625432043565997
167,1572253200,696,622,0,1318,43,-1.128804983846088,0.32438178937210377
167,1572267600,636,792,156,1428,43,-0.39157110683656166,0.493930818323243
167,1572282000,662,989,327,1651,43,0.41655064296234223,0.8376529406514616
167,1572296400,634,1406,772,2040,43,2.5195575357138758,1.4372399612150355
167,1572310800,184,409,225,593,44,0.004484636443235629,-0.8179702103853603
167,1572325200,15,40,25,55,44,-0.9868560510088583,-1.598232574192672
167,1572339600,759,630,0,1389,44,-1.11077363694037,0.3364700156195099
167,1572354000,678,815,137,1493,44,-0.4317052660356857,0.487301401931704
167,1572368400,707,966,259,1673,44,0.1730125533100916,0.7483557243951169
167,1572382800,700,1439,739,2139,44,2.552230203195117,1.4241963592170634
167,1572397200,216,551,335,767,44,0.5497220145418873,-0.5656176986707279
167,1572411600,16,41,25,57,44,-0.9868560510088583,-1.5953319706097453
167,1572426000,738,570,0,1308,44,-1.11077363694037,0.21899557051097412
167,1572440400,717,895,178,1612,44,-0.22848042510800645,0.6598873151158492
167,1572454800,684,988,304,1672,44,0.39606420798681274,0.7469054226036534
167,1572469200,653,1381,728,2034,44,2.497706465385252,1.271914671113406
167,1572483600,226,588,362,814,44,0.6835530073479199,-0.49745351447194786
167,1572498000,22,51,29,73,44,-0.9670292372598164,-1.5721271419463307
167,1572512400,701,691,0,1392,44,-1.11077363694037,0.3408209209939001
167,1572526800,761,846,85,1607,44,-0.6894538447732301,0.6526358061585321
167,1572541200,574,966,392,1540,44,0.832254110465734,0.555465586130484
167,1572555600,1325,1307,0,2632,44,-1.11077363694037,2.139195142408522
167,1572570000,213,666,453,879,44,1.1346130201386226,-0.4031838980268265
167,1572584400,29,103,74,132,44,-0.7439775825830953,-1.4865593362499898
167,1572598800,603,683,80,1286,44,-0.7142373619595325,0.18708893109877922
167,1572613200,699,959,260,1658,44,0.17796925674735206,0.7266011975231658
167,1572627600,707,1030,323,1737,44,0.49024157329476165,0.8411750390487748
167,1572642000,709,1418,709,2127,44,2.403529100077303,1.4067927377195026
167,1572656400,299,629,330,928,44,0.524938497355585,-0.3321191102451197
167,1572670800,38,93,55,131,44,-0.8381549478910442,-1.4880096380414534
167,1572685200,126,253,127,379,44,-0.4812723004082904,-1.1283347937585289
167,1572699600,437,658,221,1095,44,-0.015342177305806249,-0.0899187110707311
167,1572714000,541,911,370,1452,44,0.7232066348460037,0.4278390284817044
167,1572728400,607,858,251,1465,44,0.13335892581200784,0.44669295177072865
167,1572742800,205,570,365,775,44,0.6984231176597013,-0.5540152843390206
167,1572753600,31,132,101,163,44,-0.6101465897770626,-1.4415999807146243
167,1572768000,85,145,60,230,44,-0.8133714307047418,-1.3444297606865763
167,1572782400,382,562,180,944,44,-0.2185670182334855,-0.3089142815817052
167,1572796800,671,968,297,1639,44,0.36136728392598944,0.6990454634853611
167,1572811200,761,1077,316,1838,44,0.45554464923393834,0.9876555199865786
167,1572825600,238,423,185,661,44,-0.19378350104718314,-0.7193496885658488
167,1572840000,34,60,26,94,44,-0.9818993475715978,-1.5416708043255993
167,1572854400,353,308,0,661,44,-1.11077363694037,-0.7193496885658488
167,1572868800,926,930,4,1856,44,-1.0909468231913282,1.0137609522329198
167,1572883200,618,815,197,1433,44,-0.13430305980005752,0.4002832944438997
167,1572897600,788,1393,605,2181,44,1.8880319426022143,1.4851090344585265
167,1572912000,274,715,441,989,45,0.9375393223845782,-0.19255245083360673
167,1572926400,28,77,49,105,45,-0.8741563822797052,-1.4623725919615198
167,1572940800,315,347,32,662,45,-0.9527248184513706,-0.6622709872010588
167,1572955200,985,1051,66,2036,45,-0.7955879461080398,1.3114087344163086
167,1572969600,609,872,263,1481,45,0.11488157894008212,0.5141800259027431
167,1572984000,842,1459,617,2301,45,1.7509537203971135,1.6920674871299928
167,1572998400,274,738,464,1012,45,1.0438377948521254,-0.15951414399430583
167,1573012800,38,64,26,102,45,-0.9804548547472524,-1.4666819363318635
167,1573027200,343,329,0,672,45,-1.1006183453627405,-0.6479065059665801
167,1573041600,968,958,0,1926,45,-1.1006183453627405,1.1533994408370434
167,1573056000,628,963,335,1591,45,0.44764201449066476,0.6721893194820083
167,1573070400,783,1344,561,2127,45,1.492140048302216,1.4421255136500644
167,1573084800,316,866,550,1182,45,1.4413016484264325,0.08468203699183133
167,1573099200,48,64,16,112,45,-1.0266715819070555,-1.4523174550973847
167,1573113600,340,355,15,695,45,-1.0312932546230358,-0.6148681991272792
167,1573128000,1011,995,0,2006,45,-1.1006183453627405,1.2683152907128725
167,1573142400,608,964,356,1572,45,0.5446971415262514,0.6448968051364989
167,1573156800,814,1451,637,2265,45,1.8433871747167199,1.6403553546858698
167,1573171200,333,840,507,1173,45,1.242569721639279,0.07175400388080054
167,1573185600,61,97,36,158,45,-0.9342381275874493,-1.386240841418783
167,1573200000,260,347,87,607,45,-0.6985328190724532,-0.7412756339906914
167,1573214400,831,889,58,1720,45,-0.8325613278358823,0.857491127406783
167,1573228800,616,947,331,1563,45,0.4291553236267435,0.6319687720254681
167,1573243200,763,1412,649,2175,45,1.8988472473084836,1.511075023575562
167,1573257600,418,786,368,1204,45,0.6001572141180151,0.11628389570768437
167,1573272000,69,116,47,185,45,-0.8833997277116659,-1.3474567420856907
167,1573286400,72,131,59,203,45,-0.8279396551199021,-1.321600675863629
167,1573300800,409,661,252,1070,45,0.06404317906429867,-0.07620015283432961
167,1573315200,584,806,222,1390,45,-0.07460700241511077,0.38346324666898735
167,1573329600,624,1041,417,1665,45,0.8266191772010506,0.7784864806171504
167,1573344000,329,572,243,901,45,0.02244812462047583,-0.3189598856970189
167,1573358400,77,172,95,249,45,-0.6615594373446108,-1.2555240621850272
167,1573372800,38,113,75,151,45,-0.753992891664217,-1.396295978282918
167,1573387200,350,468,118,818,45,-0.5552609648770634,-0.4381850799431917
167,1573401600,539,720,181,1259,45,-0.2640955837703037,0.19528854249731697
167,1573416000,438,852,414,1290,45,0.8127541590531097,0.2398184343242008
167,1573430400,199,397,198,596,45,-0.1855271475986383,-0.7570765633486178
167,1573444800,39,54,15,93,45,-1.0312932546230358,-1.4796099694428944
167,1573459200,229,280,51,509,45,-0.8649130368477446,-0.8820475500885822
167,1573473600,858,958,100,1816,45,-0.6384510737647091,0.9953901472577781
167,1573488000,560,869,309,1429,45,0.32747852387517656,0.43948472348345413
167,1573502400,683,1425,742,2108,45,2.3286628098946527,1.4148329993045548
167,1573516800,273,656,383,929,46,1.0384325942845358,-0.20469285411779034
167,1573531200,40,87,47,127,46,-0.6663557689708586,-1.3729195735524982
167,1573545600,320,334,14,654,46,-0.8337903403620134,-0.6052693476895418
167,1573560000,987,987,0,1974,46,-0.9048231888309881,1.317497821454865
167,1573574400,594,946,352,1540,46,0.8811455726746631,0.685315282508901
167,1573588800,824,1243,419,2067,46,1.2210884903476138,1.4529655083718573
167,1573603200,334,838,504,1172,46,1.6523593560521033,0.14927110202015725
167,1573617600,55,70,15,125,46,-0.8287165654713723,-1.3758328571421108
167,1573632000,327,316,0,643,46,-0.9048231888309881,-0.6212924074324118
167,1573646400,970,982,12,1952,46,-0.8439378901432955,1.285451701969125
167,1573660800,600,857,257,1457,46,0.3991369580637629,0.5644140135399723
167,1573675200,800,1336,536,2136,46,1.8147201525526169,1.5534737922134967
167,1573689600,330,966,636,1296,46,2.3220976416167223,0.32989468457614696
167,1573704000,47,94,47,141,46,-0.6663557689708586,-1.352526588425209
167,1573718400,309,358,49,667,46,-0.6562082191895764,-0.5863330043570589
167,1573732800,980,1094,114,2074,46,-0.32641285129790787,1.4631620009355017
167,1573747200,613,768,155,1381,46,-0.11838808078162465,0.4537092371346883
167,1573761600,886,1410,524,2296,46,1.7538348538649242,1.7865364793825156
167,1573776000,401,861,460,1262,46,1.4291132608638968,0.28036886355273044
167,1573790400,48,137,89,185,46,-0.4532572235639343,-1.2884343494537287
167,1573804800,287,351,64,638,46,-0.5801015958299606,-0.6285756164064437
167,1573819200,894,895,1,1789,46,-0.899749413940347,1.0480190894156867
167,1573833600,673,988,315,1661,46,0.693415901720944,0.8615689396804715
167,1573848000,796,1283,487,2079,46,1.5661051829112054,1.4704452099095338
167,1573862400,382,401,19,783,46,-0.808421465908808,-0.41736255615952017
167,1573876800,70,32,0,102,46,-0.9048231888309881,-1.4093356184226573
167,1573891200,65,88,23,153,46,-0.7881263663462439,-1.3350468868875325
167,1573905600,485,297,0,782,46,-0.9048231888309881,-0.41881919795432654
167,1573920000,566,279,0,845,46,-0.9048231888309881,-0.32705076488152535
167,1573934400,652,340,0,992,46,-0.9048231888309881,-0.11292442104498912
167,1573948800,346,280,0,626,46,-0.9048231888309881,-0.6460553179441201
167,1573963200,71,183,112,254,46,-0.33656040107919,-1.1879260656120891
167,1573977600,50,93,43,143,46,-0.6866508685334227,-1.3496133048355963
167,1573992000,323,466,143,789,46,-0.17927337946931732,-0.40862270539068196
167,1574006400,538,788,250,1326,46,0.3636205338292755,0.37359393842033806
167,1574020800,444,812,368,1256,46,0.96232597092492,0.27162901278389223
167,1574035200,222,391,169,613,46,-0.04735523231264989,-0.6649916612766029
167,1574049600,34,50,16,84,46,-0.8236427905807312,-1.4355551707291718
167,1574064000,320,298,0,618,46,-0.9048231888309881,-0.657708452302571
167,1574078400,915,950,35,1865,46,-0.7272410676585512,1.1587238658209709
167,1574092800,551,866,315,1417,46,0.693415901720944,0.5061483417477176
167,1574107200,755,1272,517,2027,46,1.718318429630437,1.3946998365796024
167,1574121600,273,716,443,989,47,1.2419544216799783,-0.06398481380313413
167,1574136000,40,69,29,109,47,-0.9359258735754091,-1.2967812263451952
167,1574150400,342,309,0,651,47,-1.0884827058517526,-0.5374907086204257
167,1574164800,951,988,37,1939,47,-0.8938412301888315,1.2668749497365908
167,1574166909,84,47,0,131,47,-1.0884827058517526,-1.2659613160316436
167,1574166987,5,1,0,6,47,-1.0884827058517526,-1.4410744428131863
167,1574167068,5,0,0,5,47,-1.0884827058517526,-1.4424753478274386
167,1574179200,508,856,348,1364,47,0.7421992814643701,0.46135456654149415
167,1574193600,816,1398,582,2214,47,1.9731751005217628,1.652123828655985
167,1574208000,347,790,443,1137,47,1.2419544216799783,0.1433491283062125
167,1574222400,62,75,13,137,47,-1.0200951603485642,-1.2575558859461295
167,1574236800,329,313,0,642,47,-1.0884827058517526,-0.5500988537486968
167,1574251200,983,980,0,1963,47,-1.0884827058517526,1.3004966700786469
167,1574265600,586,899,313,1485,47,0.5580789666480933,0.6308640732660276
167,1574268833,177,217,40,394,47,-0.878059488918865,-0.8975232972832776
167,1574280000,782,1248,466,2030,47,1.3629477714163887,1.394357306033554
167,1574294400,323,854,531,1177,47,1.7048854989323312,0.19938532887630617
167,1574308800,54,85,31,139,47,-0.9254047127287647,-1.2547540759176248
167,1574323200,322,319,0,641,47,-1.0884827058517526,-0.5514997587629491
167,1574337600,962,1018,56,1980,47,-0.7938902021457099,1.3243120553209369
167,1574352000,597,865,268,1462,47,0.3213528475985947,0.5986432579382236
167,1574366400,881,1328,447,2209,47,1.262996743373267,1.6451193035847231
167,1574380800,347,842,495,1189,47,1.5155046036927322,0.2161961890473343
167,1574395200,49,96,47,145,47,-0.8412354259556096,-1.2463486458321107
167,1574409600,279,322,43,601,47,-0.8622777476488984,-0.6075359593330428
167,1574424000,925,1089,164,2014,47,-0.2257475164269132,1.3719428258055164
167,1574438400,635,1043,408,1678,47,1.0578341068637016,0.9012387410167295
167,1574452800,849,1390,541,2239,47,1.757491303165553,1.6871464540122934
167,1574467200,371,748,377,1119,47,0.8947561137407136,0.11813283804967033
167,1574481600,68,127,59,195,47,-0.7781084608757434,-1.1763033951194937
167,1574496000,64,139,75,203,47,-0.6939391741025883,-1.165096155005475
167,1574510400,390,617,227,1007,47,0.10566905024238486,-0.03876852354659197
167,1574524800,572,833,261,1405,47,0.28452878463533937,0.5187916721258401
167,1574539200,575,889,314,1464,47,0.5633395470714155,0.6014450679667284
167,1574553600,342,602,260,944,47,0.2792682042120172,-0.12702553944448952
167,1574568000,65,179,114,244,47,-0.4887765375930228,-1.107659049421129
167,1574582400,46,111,65,157,47,-0.7465449783358102,-1.2295377856610827
167,1574596800,336,538,202,874,47,-0.025845460340669923,-0.22508889044215347
167,1574611200,528,795,267,1323,47,0.31609226717527256,0.4039174609571481
167,1574625600,392,784,392,1176,47,0.9736648200905464,0.19798442386205384
167,1574640000,207,454,247,661,47,0.2108806587088287,-0.5234816584779023
167,1574654400,29,57,28,86,47,-0.9411864539987312,-1.329002041672999
167,1574668800,297,303,6,600,47,-1.0569192233118194,-0.6089368643472952
167,1574683200,953,979,26,1932,47,-0.9517076148453757,1.2570686146368244
167,1574697600,600,924,324,1524,47,0.6159453513046375,0.6854993688218689
167,1574712000,741,1270,529,2011,47,1.6943643380856868,1.3677401107627594
167,1574726400,264,633,369,897,48,1.0496502180876015,-0.03776813775708979
167,1574740800,33,55,22,88,48,-1.1845548758818312,-1.366221331039074
167,1574755200,301,289,0,590,48,-1.3262047665657721,-0.5418906721669404
167,1574769600,917,1052,135,1969,48,-0.4569895282779525,1.7225555003124864
167,1574784000,599,997,398,1596,48,1.2363705285346147,1.1100548314692478
167,1574798400,823,1341,518,2164,48,2.0090062959015658,2.0427636247747696
167,1574812800,330,691,361,1021,48,0.9981411669298049,0.165851387542003
167,1574827200,48,93,45,141,48,-1.0364663538031655,-1.2791904049031715
167,1574841600,240,296,56,536,48,-0.9656414084611952,-0.6305636912488034
167,1574856000,730,1014,284,1744,48,0.5023665495360115,1.3530845874713906
167,1574870400,714,1047,333,1761,48,0.8178594878775164,1.381000167552718
167,1574884800,850,1067,217,1917,48,0.0709782460894639,1.6371666671225444
167,1574899200,415,530,115,945,48,-0.5857621561724443,0.04105232364901064
167,1574913600,55,101,46,156,48,-1.030027722408441,-1.2545590107137652
167,1574928000,78,144,66,222,48,-0.9012550945139493,-1.1461808762803771
167,1574942400,338,504,166,842,48,-0.2573919550414902,-0.1280832497849132
167,1574956800,383,608,225,991,48,0.12248729724726062,0.11658859916319021
167,1574971200,299,534,235,833,48,0.18687361119450652,-0.14286208629855704
167,1574985600,250,380,130,630,48,-0.48918268525157543,-0.47620695432852345
167,1575000000,30,72,42,102,48,-1.0557822479873393,-1.3432320297956282
167,1575014400,81,205,124,286,48,-0.527814473619923,-1.0410869277389099
167,1575028800,420,696,276,1116,48,0.4508574983782147,0.32185021740824343
167,1575043200,518,883,365,1401,48,1.0238956925087033,0.7898467070069647
167,1575057600,518,969,451,1487,48,1.577617992455018,0.9310667003595613
167,1575072000,293,540,247,833,48,0.2641371879312016,-0.14286208629855704
167,1575086400,52,98,46,150,48,-1.030027722408441,-1.2644115683895276
167,1575100800,36,138,102,174,48,-0.669464364303864,-1.2250013376864775
167,1575115200,310,589,279,899,48,0.4701733925623885,-0.034483951865168935
167,1575129600,483,731,248,1214,48,0.27057581932592617,0.4827753261123651
167,1575144000,528,831,303,1359,48,0.6247005460357786,0.7208788032766268
167,1575158400,268,634,366,902,48,1.030334323903428,-0.02955767302728766
167,1575172800,77,156,79,233,48,-0.8175528863825295,-1.1281178538748124
167,1575187200,48,128,80,176,48,-0.811114254987805,-1.2217171517945566
167,1575201600,263,487,224,750,48,0.11604866585253604,-0.27915580081327235
167,1575216000,451,718,267,1169,48,0.3929098158256934,0.40888114354414595
167,1575230400,336,755,419,1091,48,1.3715817878238312,0.28079789375923275
167,1575244800,193,297,104,490,48,-0.6565871015144148,-0.706099966762983
167,1575259200,32,48,16,80,48,-1.2231866642501787,-1.3793580746067575
167,1575273600,332,275,0,607,48,-1.3262047665657721,-0.5139750920856132
167,1575288000,932,936,4,1868,48,-1.300450240986874,1.5567041127704835
167,1575302400,497,734,237,1231,48,0.19975087398395572,0.5106909061936924
167,1575316800,664,1315,651,1979,48,2.865344271399936,1.7389764297720907
167,1575331200,218,620,402,838,49,0.7756604191888791,-0.4770696912092939
167,1575345600,27,52,25,79,49,-0.959303145924373,-1.575915617247579
167,1575360000,325,322,0,647,49,-1.0743537802157028,-0.7535908662729467
167,1575374400,947,997,50,1944,49,-0.8442525116330434,1.1241471654420148
167,1575388800,518,911,393,1429,49,0.7342421908440003,0.378553421160438
167,1575403200,777,1394,617,2171,49,1.7650958740943146,1.4527875148632148
167,1575417600,275,889,614,1164,49,1.751289797979355,-0.005101612304839425
167,1575432000,45,70,25,115,49,-0.959303145924373,-1.523796442890032
167,1575446400,326,294,0,620,49,-1.0743537802157028,-0.7926802470411071
167,1575460800,998,1055,57,2053,49,-0.812038334031471,1.2819524433579215
167,1575475200,601,950,349,1551,49,0.5317530744912601,0.5551795120387921
167,1575489600,835,1399,564,2234,49,1.5211885293966956,1.5439960699889221
167,1575504000,331,902,571,1233,49,1.5534027069982679,0.09479347188045922
167,1575518400,50,88,38,138,49,-0.8994768160928815,-1.4904980814949322
167,1575532800,333,311,0,644,49,-1.0743537802157028,-0.7579341308027423
167,1575547200,959,956,0,1915,49,-1.0743537802157028,1.082162274987324
167,1575561600,656,915,259,1571,49,0.11757079104247307,0.5841346089040961
167,1575576000,835,1336,501,2171,49,1.2312609309825446,1.4527875148632148
167,1575590400,325,818,493,1143,49,1.1944447280093191,-0.03550446401340858
167,1575604800,54,131,77,185,49,-0.7199978265984073,-1.4224536038614681
167,1575619200,305,293,0,598,49,-1.0743537802157028,-0.8245308535929413
167,1575633600,977,1001,24,1978,49,-0.9639051712960263,1.1733708301130317
167,1575648000,648,925,277,1573,49,0.20040724773223048,0.5870301185906265
167,1575662400,856,1388,532,2244,49,1.3739237175037935,1.5584736184215742
167,1575676800,387,757,370,1144,49,0.628395607295977,-0.03405670917014338
167,1575691200,78,173,95,251,49,-0.6371613699086498,-1.326901784205965
167,1575705600,63,150,87,213,49,-0.6739775728818753,-1.3819164682500424
167,1575720000,409,596,187,1005,49,-0.2137750357165565,-0.23529463238400586
167,1575734400,644,952,308,1596,49,0.3430700342534793,0.620328479985726
167,1575748800,742,946,204,1688,49,-0.1355406043984523,0.7535219255661242
167,1575763200,380,712,332,1092,49,0.4535186431731558,-0.10933996101993367
167,1575777600,82,204,122,286,49,-0.5129066848740138,-1.276230364691683
167,1575792000,48,121,73,169,49,-0.73840592808502,-1.4456176813537112
167,1575806400,377,542,165,919,49,-0.31501959389292666,-0.35980154890481286
167,1575820800,600,812,212,1412,49,-0.09872440142522679,0.3539415888249296
167,1575835200,308,524,216,832,49,-0.08031629993861403,-0.4857562202688851
167,1575849600,547,1088,541,1635,49,1.4153419458486722,0.6767909188730687
167,1575864000,322,97,0,419,49,-1.0743537802157028,-1.0836789705374117
167,1575878400,328,274,0,602,49,-1.0743537802157028,-0.8187398342198806
167,1575892800,985,963,0,1948,49,-1.0743537802157028,1.1299381848150756
167,1575907200,580,864,284,1444,49,0.23262142533380278,0.40026974380941593
167,1575921600,701,1442,741,2143,49,2.33574702017931,1.412250379251789
167,1575936000,274,640,366,914,50,0.6982834686342291,-0.36164636331704686
167,1575950400,37,69,32,106,50,-1.0172192455515792,-1.5044744651447128
167,1575964800,328,310,0,638,50,-1.1815787870304588,-0.7520183386938238
167,1575979200,992,1003,11,1995,50,-1.1250801946470939,1.1673105402419963
167,1575993600,635,987,352,1622,50,0.6263761692372192,0.6397426169972941
167,1576008000,799,1415,616,2214,50,1.9823423864379777,1.477062216356178
167,1576022400,318,810,492,1128,50,1.3454491632073184,-0.058966643278531385
167,1576036800,42,61,19,103,50,-1.083990309277374,-1.5087176387901124
167,1576051200,349,293,0,642,50,-1.1815787870304588,-0.7463607738332908
167,1576065600,968,1029,61,1997,50,-0.8682684110863442,1.1701393226722627
167,1576080000,589,917,328,1506,50,0.5031065131280593,0.4756732360418371
167,1576094400,844,1317,473,2161,50,1.2478606854542336,1.4020994819541157
167,1576108800,335,782,447,1117,50,1.1143185580026436,-0.07452494664499713
167,1576123200,38,78,40,116,50,-0.9761293601818591,-1.4903305529933804
167,1576137600,330,310,0,640,50,-1.1815787870304588,-0.7491895562635573
167,1576152000,1039,1038,0,2077,50,-1.1815787870304588,1.2832906198829228
167,1576166400,678,971,293,1649,50,0.32333826463553444,0.6779311798058918
167,1576180800,850,1348,498,2198,50,1.3762665772346083,1.454431956914046
167,1576195200,353,820,467,1173,50,1.2170432714269435,0.004680961402464864
167,1576209600,44,102,58,146,50,-0.8836771180999893,-1.447898816539383
167,1576224000,279,331,52,610,50,-0.9144945321272792,-0.7916212927175549
167,1576238400,962,1065,103,2027,50,-0.6525465128953145,1.2125710591262604
167,1576252800,652,960,308,1612,50,0.40038179970375937,0.6255987048459616
167,1576267200,794,1411,617,2205,50,1.9874786221091927,1.4643326954199787
167,1576281600,397,781,384,1178,50,0.7907357107160989,0.011752917478131114
167,1576296000,87,182,95,269,50,-0.6936363982650344,-1.273928697077993
167,1576310400,59,132,73,191,50,-0.8066335830317644,-1.3842512118583865
167,1576324800,422,604,182,1026,50,-0.24678389486932992,-0.20323454722212286
167,1576339200,648,874,226,1522,50,-0.02078952533587016,0.49830349548396907
167,1576353600,717,1066,349,1783,50,0.6109674622235741,0.8674596026337473
167,1576368000,448,774,326,1222,50,0.4928340417856293,0.07398613094399412
167,1576382400,100,247,147,347,50,-0.4265521433618547,-1.1636061822975996
167,1576396800,42,113,71,155,50,-0.8169060543741943,-1.4351692956031836
167,1576411200,381,521,140,902,50,-0.46250579306035966,-0.37861905789864586
167,1576425600,557,977,420,1534,50,0.9756401948798388,0.5152761900655681
167,1576440000,498,970,472,1468,50,1.2427244497830185,0.42192636986677357
167,1576454400,256,472,216,728,50,-0.0721518820480201,-0.6247231293318314
167,1576468800,34,42,8,76,50,-1.140488901660739,-1.5469062015987103
167,1576483200,303,325,22,628,50,-1.0685816022637291,-0.7661622508451563
167,1576497600,935,987,52,1922,50,-0.9144945321272792,1.064059981537269
167,1576512000,599,908,309,1507,50,0.4055180353749744,0.47708762725697035
167,1576526400,768,1305,537,2073,50,1.576579768411993,1.2776330550223898
167,1576540800,285,568,283,853,51,0.37312720859329157,-0.36241224858841287
167,1576555200,36,55,19,91,51,-1.1804719235443042,-1.47116299936019
167,1576569600,307,305,0,612,51,-1.2922839822966312,-0.7130801369558647
167,1576584000,974,1039,65,2013,51,-0.9097690444597231,1.325449786707206
167,1576598400,610,896,286,1506,51,0.3907817441857643,0.5877376730047242
167,1576612800,792,1339,547,2131,51,1.9267263407308874,1.497146097194174
167,1576627200,320,762,442,1082,51,1.3088175949943437,-0.02920500196539847
167,1576641600,55,95,40,150,51,-1.0568901743969954,-1.3853148441167058
167,1576656000,329,303,0,632,51,-1.2922839822966312,-0.6839790673818023
167,1576670400,1009,1021,12,2030,51,-1.2216658399267404,1.3501856958451588
167,1576684800,640,1016,376,1656,51,0.9204178119599447,0.8059956948101922
167,1576699200,803,1432,629,2235,51,2.409283646925141,1.6484716589792985
167,1576713600,351,776,425,1127,51,1.2087752266369984,0.03627240457624191
167,1576728000,53,81,28,134,51,-1.1275083167668862,-1.408595699775956
167,1576742400,298,300,2,598,51,-1.2805142919016494,-0.7334508856577083
167,1576756800,950,1011,61,1961,51,-0.9333084252496867,1.2497870058146436
167,1576771200,591,932,341,1523,51,0.7144482300477634,0.6124735821426772
167,1576785600,909,1383,474,2292,51,1.4971326413140522,1.7314097072653762
167,1576800000,367,816,449,1183,51,1.3500115113767799,0.11775539938361661
167,1576814400,73,109,36,182,51,-1.080429555186959,-1.338753132798206
167,1576828800,270,324,54,594,51,-0.9745023416321229,-0.7392710995725208
167,1576843200,848,1079,231,1927,51,0.06711525832376515,1.2003151875387374
167,1576857600,747,1045,298,1792,51,0.461399886555655,1.0038829679138164
167,1576872000,817,1328,511,2145,51,1.7148719136212154,1.5175168458960175
167,1576886400,406,693,287,1099,51,0.39666658938325516,-0.004469092827445438
167,1576900800,68,169,101,237,51,-0.697914617350051,-1.2587251914695345
167,1576915200,48,144,96,192,51,-0.7273388433375054,-1.324202598011175
167,1576929600,347,551,204,898,51,-0.09177556200848896,-0.29693484204677245
167,1576944000,590,818,228,1408,51,0.04946072273129247,0.44514243209181853
167,1576958400,607,881,274,1488,51,0.32016360181587356,0.561546710388068
167,1576972800,339,581,242,920,51,0.13184855549616498,-0.26492366551530383
167,1576987200,63,180,117,243,51,-0.6037570941901966,-1.2499948705973158
167,1577001600,45,109,64,154,51,-0.9156538896572141,-1.3794946302018933
167,1577016000,324,441,117,765,51,-0.6037570941901966,-0.49045695471428735
167,1577030400,496,733,237,1229,51,0.1024243295087105,0.1846878594039601
167,1577044800,425,833,408,1258,51,1.1087328582796532,0.22688441028635056
167,1577059200,234,422,188,656,51,-0.18593308516834325,-0.6490577838929275
167,1577073600,37,84,47,121,51,-1.0156962580145592,-1.4275113949990963
167,1577088000,160,277,117,437,51,-0.6037570941901966,-0.9677144957289106
167,1577102400,627,915,288,1542,51,0.40255143458074605,0.6401195982380365
167,1577116800,610,853,243,1463,51,0.13773340069365586,0.5251703734204901
167,1577131200,686,1042,356,1728,51,0.8027209080101267,0.9107595452768168
167,1577145600,265,579,314,844,52,1.2672984035684718,0.1181639212688537
167,1577160000,44,75,31,119,52,-1.292169558678647,-1.2498016343386342
167,1577174400,99,256,157,355,52,-0.1526184518124386,-0.8045052603753692
167,1577188800,569,752,183,1321,52,0.0825270146837631,1.0181909144064698
167,1577203200,540,728,188,1268,52,0.12774729670226342,0.918187915168957
167,1577217600,468,796,328,1264,52,1.3939151932202727,0.9106405190000881
167,1577232000,252,376,124,628,52,-0.4510723131345408,-0.28939547185006687
167,1577246400,37,75,38,112,52,-1.2288611638527465,-1.2630095776341548
167,1577260800,29,103,74,132,52,-0.9032751333195441,-1.2252725967898104
167,1577275200,150,247,97,397,52,-0.6952618360344426,-0.7252576006022458
167,1577289600,294,432,138,726,52,-0.32445552348273987,-0.10448426571277881
167,1577304000,258,491,233,749,52,0.5347298348687665,-0.06108673774178265
167,1577318400,164,304,140,468,52,-0.30636741067533974,-0.5912913186048228
167,1577332800,29,51,22,80,52,-1.3735660663119476,-1.323388746985106
167,1577347200,103,227,124,330,52,-0.4510723131345408,-0.8516764864307999
167,1577361600,448,761,313,1209,52,1.2582543471647718,0.8068638216781407
167,1577376000,504,757,253,1261,52,0.7156109629427677,0.9049799718734364
167,1577390400,611,955,344,1566,52,1.5386200956794738,1.48046892974969
167,1577404800,280,549,269,829,52,0.8603158654019688,0.08986118563559532
167,1577419200,48,78,30,126,52,-1.301213615082347,-1.2365936910431137
167,1577433600,115,246,131,361,52,-0.3877639183086403,-0.7931841661220659
167,1577448000,479,777,298,1256,52,1.1225935011092707,0.8955457266623503
167,1577462400,1066,774,0,1840,52,-1.572535307193349,1.9974655673172095
167,1577476800,584,928,344,1512,52,1.5386200956794738,1.3785790814699599
