remote_unit_id,time_stamp,entries,exits,num_people_exited,sum_exit_entry,week_num,z_score_num_people_exited,z_score_sum_exit_entry
180,1546300800,0,0,0,0,1,-1.0085082744406237,-1.4240250581601936
180,1546315200,79,240,161,319,1,1.3158042517241675,-0.8689809047526684
180,1546329600,97,127,30,224,1,-0.5754065614906627,-1.034276185548013
180,1546344000,199,196,0,395,1,-1.0085082744406237,-0.7367446801163928
180,1546358400,345,283,0,628,1,-1.0085082744406237,-0.3313362545867583
180,1546372800,252,451,199,703,1,1.8643997547941182,-0.2008399802746442
180,1546387200,116,267,151,383,1,1.1714370140741805,-0.7576240840063311
180,1546401600,20,60,40,80,1,-0.43103932384067567,-1.284829032227272
180,1546416000,367,311,0,678,1,-1.0085082744406237,-0.24433873837868225
180,1546430400,632,714,82,1346,1,0.17530307428926992,0.917948078161214
180,1546444800,710,703,0,1413,1,-1.0085082744406237,1.0345247498800358
180,1546459200,839,889,50,1728,1,-0.2866720861906886,1.5826091019909152
180,1546473600,213,428,215,641,1,2.0953873350340975,-0.30871690037265853
180,1546488000,24,86,62,110,1,-0.11343140101070416,-1.2326305225024263
180,1546502400,351,414,63,765,1,-0.09899467724570546,-0.09296306017662988
180,1546516800,720,816,96,1536,1,0.3774172069992518,1.2485386397519032
180,1546531200,780,690,0,1470,1,-1.0085082744406237,1.1337019183572428
180,1546545600,949,944,0,1893,1,-1.0085082744406237,1.869700905477566
180,1546560000,211,391,180,602,1,1.5901020032591429,-0.37657496301495785
180,1546574400,30,97,67,127,1,-0.04124778218571064,-1.2030513669916805
180,1546588800,344,400,56,744,1,-0.20005174360069639,-0.12950201698402183
180,1546603200,735,848,113,1583,1,0.6228415110042297,1.3303163049874946
180,1546617600,859,754,0,1613,1,-1.0085082744406237,1.3825148147123403
180,1546632000,914,847,0,1761,1,-1.0085082744406237,1.6400274626882454
180,1546646400,219,380,161,599,1,1.3158042517241675,-0.3817948139874424
180,1546660800,29,144,115,173,1,0.6517149585342271,-1.1230136520802505
180,1546675200,134,376,242,510,1,2.4851788766890626,-0.5366503928378178
180,1546689600,629,350,0,979,1,-1.0085082744406237,0.2793863091939357
180,1546704000,502,459,0,961,1,-1.0085082744406237,0.2480672033590283
180,1546718400,433,474,41,907,1,-0.41660260007567695,0.15410988585430616
180,1546732800,167,310,143,477,1,1.0559432239541908,-0.594068753535148
180,1546747200,46,122,76,168,1,0.08868273169927769,-1.131713403701058
180,1546761600,82,105,23,187,1,-0.6764636278456536,-1.0986543475419892
180,1546776000,308,239,0,547,1,-1.0085082744406237,-0.4722722308438415
180,1546790400,416,471,55,887,1,-0.2144884673656951,0.11931087937107572
180,1546804800,341,506,165,847,1,1.3735511467841623,0.04971286640461487
180,1546819200,120,256,136,376,1,0.9548861575991999,-0.7698037362754617
180,1546833600,28,57,29,85,1,-0.5898432852556614,-1.2761292806064644
180,1546848000,369,478,109,847,1,0.5650946159442349,0.04971286640461487
180,1546862400,726,767,41,1493,1,-0.41660260007567695,1.1737207758129578
180,1546876800,760,746,0,1506,1,-1.0085082744406237,1.1963401300270575
180,1546891200,1025,1058,33,2083,1,-0.5320963901956666,2.200291467068255
180,1546905600,211,336,125,547,2,1.0991465478898552,-0.6288154126358837
180,1546920000,35,73,38,108,2,-0.42505894963937846,-1.3124700254185018
180,1546934400,376,511,135,887,2,1.2743425820886176,-0.09933348018465318
180,1546948800,746,796,50,1542,2,-0.21482370860086347,0.9206978896846291
180,1546963200,786,692,0,1478,2,-1.090803879594676,0.8210307023996916
180,1546977600,1061,953,0,2014,2,-1.090803879594676,1.6557433959110432
180,1546992000,237,403,166,640,2,1.8174502881047814,-0.4839865311124589
180,1547006400,39,75,36,114,2,-0.460098156479131,-1.303126226610539
180,1547020800,407,470,63,877,2,0.012931135857527755,-0.11490647819792467
180,1547035200,777,843,66,1620,2,0.0654899461171565,1.0421672741881467
180,1547049600,774,734,0,1508,2,-1.090803879594676,0.8677496964395061
180,1547064000,1089,1016,0,2105,2,-1.090803879594676,1.7974576778318139
180,1547078400,221,414,193,635,2,2.29047958044144,-0.4917730301190946
180,1547092800,33,85,52,118,2,-0.179784501761111,-1.2968970274052303
180,1547107200,370,493,123,863,2,1.0641073410501027,-0.13670867541650475
180,1547121600,799,795,0,1594,2,-1.090803879594676,1.0016774793536407
180,1547136000,789,728,0,1517,2,-1.090803879594676,0.8817653946514503
180,1547150400,1058,1088,30,2146,2,-0.5652157769983884,1.861306969686227
180,1547164800,224,398,174,622,2,1.9576071154637913,-0.5120179275363476
180,1547179200,22,89,67,111,2,0.08300954953703275,-1.3077981260145204
180,1547193600,358,450,92,808,2,0.520999635033939,-0.2223601644894979
180,1547208000,727,771,44,1498,2,-0.31994132912012097,0.8521766984262346
180,1547222400,823,782,0,1605,2,-1.090803879594676,1.0188077771682393
180,1547236800,958,1038,80,1996,2,0.310764393995424,1.6277119994871547
180,1547251200,233,410,177,643,2,2.0101659257234203,-0.47931463170847743
180,1547265600,31,109,78,140,2,0.2757251871556715,-1.262636431776033
180,1547280000,139,151,12,290,2,-0.880568638556161,-1.0290414615769607
180,1547294400,338,394,56,732,2,-0.10970608808160599,-0.34071494939036123
180,1547308800,528,393,0,921,2,-1.090803879594676,-0.04638528693953014
180,1547323200,414,542,128,956,2,1.151705358149484,0.008120206106920056
180,1547337600,201,321,120,522,2,1.011548530790474,-0.6677479076690623
180,1547352000,34,103,69,137,2,0.11804875637678525,-1.2673083311800146
180,1547366400,92,135,43,227,2,-0.3374609325399972,-1.1271513490605711
180,1547380800,290,265,0,555,2,-1.090803879594676,-0.6163570142252665
180,1547395200,300,352,52,652,2,-0.179784501761111,-0.46529893349653306
180,1547409600,273,427,154,700,2,1.6072150470662665,-0.39054854303282993
180,1547424000,145,239,94,384,2,0.5560388418736915,-0.8826552802522089
180,1547438400,26,56,30,82,2,-0.5652157769983884,-1.3529598202530078
180,1547452800,384,435,51,819,2,-0.19730410518098723,-0.2052298666748993
180,1547467200,748,765,17,1513,2,-0.7929706214567797,0.8755361954461418
180,1547481600,769,755,0,1524,2,-1.090803879594676,0.8926664932607404
180,1547496000,1162,1021,0,2183,2,-1.090803879594676,1.9189270623353314
180,1547510400,226,364,138,590,3,1.4174829990433682,-0.42713704870816127
180,1547524800,33,75,42,108,3,-0.24862458069781165,-1.247376321526224
180,1547539200,428,479,51,907,3,-0.09242699509707605,0.11231492117425755
180,1547540747,170,123,0,293,3,-0.9775466468345778,-0.9325541939923203
180,1547553600,614,641,27,1255,3,-0.508953890032371,0.7045208691839792
180,1547568000,788,728,0,1516,3,-0.9775466468345778,1.1486753301912704
180,1547582400,1068,1099,31,2167,3,-0.43953274087648847,2.256508870864629
180,1547596800,234,315,81,549,3,0.4282316235720426,-0.49690843913459404
180,1547611200,62,86,24,148,3,-0.5610197518992829,-1.1793066723297043
180,1547625600,409,518,109,927,3,0.91417966766322,0.14634974577251741
180,1547640000,780,847,67,1627,3,0.1852576015264539,1.3375686067116126
180,1547654400,784,783,0,1567,3,-0.9775466468345778,1.235464132916833
180,1547668800,1098,970,0,2068,3,-0.9775466468345778,2.0880364891032426
180,1547683200,215,422,207,637,3,2.614997821982341,-0.3471552109022506
180,1547697600,34,78,44,112,3,-0.2139140061198704,-1.240569356606572
180,1547712000,384,451,67,835,3,0.1852576015264539,-0.010210447379477959
180,1547726400,813,708,0,1521,3,-0.9775466468345778,1.1571840363408354
180,1547740800,815,679,0,1494,3,-0.9775466468345778,1.1112370231331845
180,1547755200,1074,1062,0,2136,3,-0.9775466468345778,2.2037548927373263
180,1547769600,248,430,182,678,3,2.1811156397580755,-0.2773838204758179
180,1547784000,26,88,62,114,3,0.09848116508160079,-1.237165874146746
180,1547798400,359,466,107,825,3,0.8794690930852788,-0.027227859678607892
180,1547812800,742,737,0,1479,3,-0.9775466468345778,1.0857109046844897
180,1547827200,791,730,0,1521,3,-0.9775466468345778,1.1571840363408354
180,1547841600,824,850,26,1674,3,-0.5263091773213416,1.4175504445175233
180,1547856000,206,367,161,573,3,1.8166546066896925,-0.4560666496166822
180,1547870400,35,143,108,178,3,0.8968243803742494,-1.1282544354323145
180,1547884800,143,163,20,306,3,-0.6304409010551654,-0.9104315580034513
180,1547899200,336,340,4,676,3,-0.9081254976786953,-0.28078730293564386
180,1547913600,441,478,37,919,3,-0.33540101714266474,0.13273581593321346
180,1547928000,398,493,95,891,3,0.6712056456176313,0.08508706149564967
180,1547942400,145,317,172,462,3,2.0075627668683693,-0.6449599261370245
180,1547956800,28,99,71,127,3,0.25467875068233636,-1.215043238157877
180,1547971200,98,135,37,233,3,-0.33540101714266474,-1.0346586677871
180,1547985600,358,213,0,571,3,-0.9775466468345778,-0.45947013207650816
180,1548000000,367,335,0,702,3,-0.9775466468345778,-0.23654203095790605
180,1548014400,242,342,100,584,3,0.7579820820624844,-0.43734749608763923
180,1548028800,119,232,113,351,3,0.9836008168191025,-0.8338532026573666
180,1548043200,19,58,39,77,3,-0.3006904425647235,-1.3001302996535269
180,1548057600,213,182,0,395,3,-0.9775466468345778,-0.758976588541195
180,1548072000,365,289,0,654,3,-0.9775466468345778,-0.31822560999372973
180,1548086400,377,435,58,812,3,0.029060015925718302,-0.049350495667476804
180,1548100800,381,523,142,904,3,1.4869041481992507,0.10720969748451857
180,1548115200,123,238,115,361,4,0.3314290249857149,-0.9058759151228988
180,1548129600,20,66,46,86,4,-0.25710119217641847,-1.3328097225929882
180,1548144000,370,449,79,819,4,0.024369781248949656,-0.19483706486362262
180,1548158400,761,624,0,1385,4,-0.6494546702845074,0.6838703352384523
180,1548172800,735,633,0,1368,4,-0.6494546702845074,0.6574780635039377
180,1548187200,1041,942,0,1983,4,-0.6494546702845074,1.6122573056643195
180,1548201600,218,379,161,597,4,0.7237825030938039,-0.5394890839849312
180,1548216000,25,89,64,114,4,-0.10357157030803586,-1.2893400985596701
180,1548230400,349,508,159,857,4,0.7067236562195391,-0.13584257510411937
180,1548244800,772,776,4,1548,4,-0.615336976535978,0.936925646575269
180,1548259200,759,743,0,1502,4,-0.6494546702845074,0.8655112642348176
180,1548273600,1111,995,0,2106,4,-0.6494546702845074,1.8032131540963958
180,1548288000,194,428,234,622,4,1.3464304140044667,-0.5006769196694685
180,1548302400,35,92,57,127,4,-0.16327753436796244,-1.2691577731156294
180,1548316800,365,454,89,819,4,0.10966401562027334,-0.19483706486362262
180,1548331200,784,621,0,1405,4,-0.6494546702845074,0.7149200666908224
180,1548345600,734,1425,691,2159,4,5.244376924773959,1.8854949424451768
180,1548360000,1031,974,0,2005,4,-0.6494546702845074,1.6464120102619266
180,1548374400,235,393,158,628,4,0.6981942327824067,-0.4913620002337575
180,1548388800,34,101,67,135,4,-0.07798329999663876,-1.2567378805346814
180,1548403200,342,545,203,887,4,1.0820182874533633,-0.08926797792556415
180,1548417600,764,742,0,1506,4,-0.6494546702845074,0.8717212105252917
180,1548432000,855,774,0,1629,4,-0.6494546702845074,1.062677058957368
180,1548446400,967,989,22,1956,4,-0.4618073546675953,1.5703401682036198
180,1548460800,241,438,197,679,4,1.030841746830569,-0.4121851850302136
180,1548475200,36,138,102,174,4,0.22054652030299413,-1.1961909042025596
180,1548489600,137,144,7,281,4,-0.5897487062245809,-1.0300748409323794
180,1548504000,382,353,0,735,4,-0.6494546702845074,-0.32524593696357723
180,1548518400,532,484,0,1016,4,-0.6494546702845074,0.11100278994222325
180,1548532800,414,535,121,949,4,0.3826055656085091,0.006986189576783281
180,1548547200,198,345,147,543,4,0.6043705749739506,-0.6233233589063305
180,1548561600,52,124,72,176,4,-0.03533618281097692,-1.1930859310573225
180,1548576000,86,105,19,191,4,-0.4873956249789924,-1.169798632468045
180,1548590400,280,221,0,501,4,-0.6494546702845074,-0.6885277949563079
180,1548604800,390,374,0,764,4,-0.6494546702845074,-0.28022382635764054
180,1548619200,328,426,98,754,4,0.18642882655446466,-0.2957486920838256
180,1548633600,107,247,140,354,4,0.5446646109140241,-0.9167433211312284
180,1548648000,18,57,39,75,4,-0.31680715623634503,-1.3498870748917917
180,1548662400,376,460,84,836,4,0.06701689843461149,-0.168444793129108
180,1548676800,750,773,23,1523,4,-0.45327793123046295,0.8981134822598063
180,1548691200,743,588,0,1331,4,-0.6494546702845074,0.6000360603170529
180,1548705600,1249,934,0,2183,4,-0.6494546702845074,1.9227546201880208
180,1548720000,216,455,239,671,5,1.988570732014298,-0.43429577361494354
180,1548734400,24,83,59,107,5,-0.08131701878125379,-1.3735451377517809
180,1548748800,391,551,160,942,5,1.080119996942917,0.017010215181302826
180,1548763200,777,742,0,1519,5,-0.7597802259864623,0.9779089440943439
180,1548777600,761,729,0,1490,5,-0.7597802259864623,0.9296142072858895
180,1548792000,1076,994,0,2070,5,-0.7597802259864623,1.895508943454978
180,1548806400,231,396,165,627,5,1.13761687890946,-0.507570546703633
180,1548820800,23,63,40,86,5,-0.29980517025411757,-1.40851718854411
180,1548835200,387,468,81,855,5,0.17166926187153586,-0.1278739952440604
180,1548849600,775,799,24,1574,5,-0.4837951925470555,1.0695024104552058
180,1548864000,752,729,0,1481,5,-0.7597802259864623,0.9146261855177485
180,1548878400,974,1088,114,2062,5,0.5511486828507203,1.8821862574388524
180,1548892800,192,393,201,585,5,1.5515944290685704,-0.577514648288291
180,1548907200,17,69,52,86,5,-0.16181265353441412,-1.40851718854411
180,1548921600,344,352,8,696,5,-0.6677852148399934,-0.39266237981455177
180,1548936000,736,748,12,1484,5,-0.621787709266759,0.9196221927737955
180,1548950400,713,656,0,1369,5,-0.7597802259864623,0.7281085812919935
180,1548964800,866,922,56,1788,5,-0.11581514796117966,1.425884261386559
180,1548979200,197,412,215,609,5,1.712585698574891,-0.537546590239915
180,1548993600,30,69,39,99,5,-0.3113045466474262,-1.3868678237679062
180,1549008000,364,391,27,755,5,-0.44929706336712966,-0.2944075704456273
180,1549022400,751,793,42,1544,5,-0.27680641746750034,1.0195423378947357
180,1549036800,786,655,0,1441,5,-0.7597802259864623,0.8480127554371217
180,1549051200,860,1024,164,1884,5,1.1261175025161514,1.5857564935800632
180,1549065600,226,404,178,630,5,1.287108772022472,-0.5025745394475859
180,1549080000,37,104,67,141,5,0.010677992365215171,-1.3169237221832482
180,1549094400,126,125,0,251,5,-0.7597802259864623,-1.1337367894615247
180,1549108800,371,376,5,747,5,-0.7022833440199193,-0.30773025646175267
180,1549123200,487,412,0,899,5,-0.7597802259864623,-0.05459922215537095
180,1549137600,389,452,63,841,5,-0.03531951320801931,-0.15118869577227975
180,1549152000,174,302,128,476,5,0.712139952357041,-0.759036245257999
180,1549166400,29,123,94,152,5,0.3211611549845479,-1.2986050289110758
180,1549180800,94,119,25,213,5,-0.4722958161537469,-1.19701954803812
180,1549195200,535,375,0,910,5,-0.7597802259864623,-0.03628052888319859
180,1549209600,449,290,0,739,5,-0.7597802259864623,-0.321052942477878
180,1549224000,272,686,414,958,5,4.000961600843307,0.04365558721355353
180,1549238400,210,246,36,456,5,-0.3458026758273521,-0.7923429602983124
180,1549252800,62,61,0,123,5,-0.7597802259864623,-1.3468997657195303
180,1549267200,397,456,59,853,5,-0.08131701878125379,-0.13120466674809173
180,1549281600,773,761,0,1534,5,-0.7597802259864623,1.002888980374579
180,1549296000,711,716,5,1427,5,-0.7022833440199193,0.8246980549089024
180,1549310400,979,982,3,1961,5,-0.7252820968065365,1.71398734648527
180,1549324800,223,423,200,646,6,2.128051618314823,-0.4927050179606365
180,1549339200,31,70,39,101,6,-0.18023921310077418,-1.3660221823650789
180,1549353600,319,429,110,748,6,0.8377027063433711,-0.329258502787695
180,1549368000,754,701,0,1455,6,-0.7393904082884032,0.8036501857149486
180,1549382400,693,663,0,1356,6,-0.7393904082884032,0.6450109209882701
180,1549396800,909,1041,132,1950,6,1.153121329269726,1.5968465093483413
180,1549411200,225,441,216,666,6,2.357446980443081,-0.46065668165221657
180,1549425600,53,94,41,147,6,-0.15156479283474192,-1.292311008855713
180,1549440000,392,497,105,889,6,0.7660166556782904,-0.10331773181333465
180,1549454400,811,772,0,1583,6,-0.7393904082884032,1.008759538088836
180,1549468800,819,758,0,1577,6,-0.7393904082884032,0.99914503719631
180,1549483200,1070,948,0,2018,6,-0.7393904082884032,1.705810852796969
180,1549497600,203,452,249,655,6,2.830574914832613,-0.4782832666218475
180,1549512000,20,74,54,94,6,0.03481893889446777,-1.3772391000730257
180,1549526400,398,462,64,860,6,0.17819104022462906,-0.1497878194605435
180,1549540800,813,819,6,1632,6,-0.6533671474903064,1.0872779620444648
180,1549555200,823,701,0,1524,6,-0.7393904082884032,0.9142169459789973
180,1549569600,1004,1035,31,2039,6,-0.2949368941649032,1.73946160592081
180,1549584000,232,450,218,682,6,2.386121400709113,-0.4350180126054806
180,1549598400,23,75,52,98,6,0.0061445186284355136,-1.3708294328113417
180,1549612800,370,421,51,791,6,-0.008192691504580617,-0.2603545797245922
180,1549627200,847,734,0,1581,6,-0.7393904082884032,1.005554704457994
180,1549641600,845,783,0,1628,6,-0.7393904082884032,1.0808682947827808
180,1549656000,1077,884,0,1961,6,-0.7393904082884032,1.6144730943179721
180,1549670400,423,412,0,835,6,-0.7393904082884032,-0.18984823984606838
180,1549684800,49,105,56,154,6,0.06349335916050003,-1.2810940911477662
180,1549699200,207,146,0,353,6,-0.7393904082884032,-0.962213144878988
180,1549713600,370,299,0,669,6,-0.7393904082884032,-0.45584943120595356
180,1549728000,486,418,0,904,6,-0.7393904082884032,-0.07928147958201973
180,1549742400,484,425,0,909,6,-0.7393904082884032,-0.07126939550491475
180,1549756800,191,352,161,543,6,1.5689004231271937,-0.6577539499489989
180,1549771200,27,101,74,128,6,0.3215631415547904,-1.322756928348712
180,1549785600,90,98,8,188,6,-0.6246927272242742,-1.2266119194234522
180,1549800000,300,236,0,536,6,-0.7393904082884032,-0.6689708676569459
180,1549814400,406,392,0,798,6,-0.7393904082884032,-0.2491376620166452
180,1549828800,319,411,92,730,6,0.5796329239490807,-0.3581020054652729
180,1549843200,122,249,127,371,6,1.0814352786046453,-0.9333696422014102
180,1549857600,36,62,26,98,6,-0.36662294482998387,-1.3708294328113417
180,1549872000,424,478,54,902,6,0.03481893889446777,-0.0824863132128617
180,1549886400,794,769,0,1563,6,-0.7393904082884032,0.976711201780416
180,1549900800,820,770,0,1590,6,-0.7393904082884032,1.019976455796783
180,1549915200,1142,952,0,2094,6,-0.7393904082884032,1.8275945307689647
180,1549929600,225,433,208,658,7,2.25263121465686,-0.31073293613950803
180,1549944000,37,73,36,110,7,-0.36288167772164825,-1.245412646243777
180,1549958400,396,471,75,867,7,0.23017066415487397,0.045741624830915706
180,1549972800,686,770,84,1456,7,0.36702889689560986,1.0503517512021099
180,1549987200,762,683,0,1445,7,-0.9103146086845919,1.0315899322036666
180,1550001600,876,1002,126,1878,7,1.0057006496857106,1.7701233527787552
180,1550016000,174,351,177,525,7,1.7812306352165475,-0.5375803840297777
180,1550030400,25,68,43,93,7,-0.2564363855899648,-1.2744081846959168
180,1550044800,397,474,77,871,7,0.2605836047639264,0.052564104466713286
180,1550046634,192,166,0,358,7,-0.9103146086845919,-0.8224189088243268
180,1550059200,675,665,0,1340,7,-0.9103146086845919,0.85249984176398
180,1550073600,754,753,0,1507,7,-0.9103146086845919,1.137338366558529
180,1550088000,990,1006,16,1996,7,-0.6670110838121724,1.9713865020347838
180,1550102400,216,441,225,657,7,2.5111412098338057,-0.31243855604845744
180,1550116800,24,95,71,119,7,0.16934478293676913,-1.2300620670632325
180,1550131200,382,512,130,894,7,1.0665265309038154,0.0917933623725494
180,1550144725,806,838,32,1644,7,-0.4237075589397531,1.3710082940845962
180,1550145600,44,37,0,81,7,-0.9103146086845919,-1.2948756236033094
180,1550160000,819,638,0,1457,7,-0.9103146086845919,1.0520573711110592
180,1550174400,1148,1068,0,2216,7,-0.9103146086845919,2.346622882003651
180,1550188800,234,421,187,655,7,1.9332953382618094,-0.31584979586635625
180,1550203200,23,102,79,125,7,0.2909965453729788,-1.2198283476095362
180,1550217600,394,495,101,889,7,0.6255388920725554,0.08326526282780242
180,1550232000,742,739,0,1481,7,-0.9103146086845919,1.0929922489258448
180,1550246400,817,798,0,1615,7,-0.9103146086845919,1.321545316725064
180,1550260800,910,1001,91,1911,7,0.4734741890272933,1.8264088097740852
180,1550275200,240,428,188,668,7,1.9485018085663357,-0.29367673705001407
180,1550289600,44,125,81,169,7,0.32140948598203123,-1.1447810716157627
180,1550304000,138,135,0,273,7,-0.9103146086845919,-0.9673966010850255
180,1550318400,344,331,0,675,7,-0.9103146086845919,-0.28173739768736833
180,1550332800,447,436,0,883,7,-0.9103146086845919,0.07303154337410604
180,1550347200,397,506,109,903,7,0.7471906545087652,0.10714394155309397
180,1550361600,229,307,78,536,7,0.2757900750684526,-0.5188185650313344
180,1550376000,41,99,58,140,7,-0.028339331022071625,-1.1942440489752952
180,1550390400,89,95,6,184,7,-0.8190757868574347,-1.1191967729815218
180,1550404800,292,193,0,485,7,-0.9103146086845919,-0.6058051803877536
180,1550419200,558,347,0,905,7,-0.9103146086845919,0.11055518137099275
180,1550433600,306,379,73,685,7,0.19975772354582155,-0.26468119859787437
180,1550448000,122,278,156,400,7,1.461894758821497,-0.7507828726484522
180,1550462400,19,58,39,77,7,-0.3172622668080696,-1.301698103239107
180,1550476800,220,170,0,390,7,-0.9103146086845919,-0.7678390717379462
180,1550491200,406,315,0,721,7,-0.9103146086845919,-0.2032788818756961
180,1550505600,572,426,0,998,7,-0.9103146086845919,0.26917783290328656
180,1550520000,470,558,88,1028,7,0.4278547781137147,0.32034643017176845
180,1550534400,147,299,152,446,8,1.1984669015990979,-0.9530840959807507
180,1550548800,24,78,54,102,8,-0.10592650541667181,-1.5282366649754937
180,1550563200,327,346,19,673,8,-0.5717812936365896,-0.5735502786499175
180,1550577600,753,731,0,1484,8,-0.8246738929559735,0.7824053418580377
180,1550592000,672,687,15,1359,8,-0.6250218408617231,0.5734109490547153
180,1550606400,933,950,17,1883,8,-0.5984015672491563,1.4495154436862425
180,1550620800,219,424,205,643,8,1.903904152332116,-0.6237089329227148
180,1550635200,54,91,37,145,8,-0.332198831123489,-1.4563425938511507
180,1550649600,315,355,40,670,8,-0.29226842070463893,-0.5785661440771972
180,1550664000,761,655,0,1416,8,-0.8246738929559735,0.6687123921730304
180,1550678400,615,697,82,1312,8,0.2667573251592624,0.4948290573606662
180,1550692800,826,965,139,1791,8,1.0254351231174141,1.2956955705829971
180,1550707200,242,459,217,701,8,2.0636257940075167,-0.5267355346619732
180,1550721600,21,84,63,105,8,0.013864725839878474,-1.5232207995482139
180,1550736000,329,354,25,683,8,-0.4919204727988894,-0.5568307272256516
180,1550750400,748,780,32,1528,8,-0.3987495151549058,0.8559713681248071
180,1550764800,678,652,0,1330,8,-0.8246738929559735,0.5249242499243446
180,1550779200,961,870,0,1831,8,-0.8246738929559735,1.3625737762800603
180,1550793600,222,488,266,710,8,2.7158224975154015,-0.511687938380134
180,1550808000,37,96,59,133,8,-0.039375821385254986,-1.4764060555602698
180,1550822400,300,350,50,650,8,-0.15916705264180528,-0.6120052469257288
180,1550836800,699,634,0,1333,8,-0.8246738929559735,0.5299401153516243
180,1550851200,713,728,15,1441,8,-0.6250218408617231,0.7105112707336948
180,1550865600,1110,906,0,2016,8,-0.8246738929559735,1.6718854776289773
180,1551499200,30,122,92,152,9,1.0008516569252086,-1.1677010165454653
180,1551513600,141,125,0,266,9,-0.773677619164883,-0.8687835407531382
180,1551528000,340,336,0,676,9,-0.773677619164883,0.20627053885084556
180,1551542400,508,451,0,959,9,-0.773677619164883,0.9483200620896929
180,1551556800,409,505,96,914,9,1.0780051037117344,0.8303263216453532
180,1551571200,184,334,150,518,9,2.1195766353298318,-0.208018594264836
180,1551585600,57,115,58,172,9,0.34504735923974,-1.115259354125759
180,1551600000,106,120,14,226,9,-0.503640555412043,-0.9736668655925512
180,1551614400,315,241,0,556,9,-0.773677619164883,-0.10837943566739358
180,1551628800,386,346,0,732,9,-0.773677619164883,0.35310719362602383
180,1551643200,304,446,142,750,9,1.9652697417567802,0.4003046898037597
180,1551657600,110,218,108,328,9,1.3094654440713116,-0.706214387252048
180,1551672000,19,52,33,71,9,-0.1371616831760458,-1.3800897493452768
180,1551686400,289,267,0,556,9,-0.773677619164883,-0.10837943566739358
180,1551700800,610,534,0,1144,9,-0.773677619164883,1.4334054394719782
180,1551708476,222,248,26,470,9,-0.2721802150524658,-0.33387858407213167
180,1551715200,322,325,3,647,9,-0.7158125340749887,0.1302301283422711
180,1551729600,837,778,0,1615,9,-0.773677619164883,2.668406589456067
180,1551744000,365,375,10,740,10,-0.6262824031477197,-0.39145677413597674
180,1551758400,31,84,53,115,10,0.014185331894625536,-1.3675886560652435
180,1551772800,402,525,123,927,10,1.056807226149606,-0.09939811506274013
180,1551787200,808,817,9,1625,10,-0.6411770016370765,0.9907459706758649
180,1551801600,786,770,0,1556,10,-0.7752283880412884,0.8829810109108739
180,1551816000,1122,1138,16,2260,10,-0.5369148122115784,1.982495962716
180,1551830400,300,477,177,777,10,1.8611155445748768,-0.33366976672576415
180,1551844800,26,66,40,92,10,-0.1794444484670137,-1.4035103093202403
180,1551859200,403,465,62,868,10,0.14823671829883733,-0.19154496471686291
180,1551873600,821,778,0,1599,10,-0.7752283880412884,0.9501388843876074
180,1551888000,812,756,0,1568,10,-0.7752283880412884,0.9017227430439158
180,1551902400,1065,999,0,2064,10,-0.7752283880412884,1.676381004542982
180,1551916800,206,394,188,600,10,2.0249561279578026,-0.6101103156881325
180,1551931200,37,71,34,108,10,-0.2688120394031549,-1.3785213331428512
180,1551945600,400,502,102,902,10,0.7440206578731119,-0.1384433903399108
180,1551960000,876,740,0,1616,10,-0.7752283880412884,0.9766896715760834
180,1551974400,770,839,69,1609,10,0.25249890772433536,0.9657569944984756
180,1551988800,1069,978,0,2047,10,-0.7752283880412884,1.6498302173545059
180,1552003200,186,486,300,672,10,3.6931511587657715,-0.4976599228898809
180,1552017600,25,95,70,120,10,0.26739350621369223,-1.3597796010098093
180,1552032000,396,488,92,884,10,0.5950746729795433,-0.16655598853947368
180,1552046400,819,805,0,1624,10,-0.7752283880412884,0.989184159664778
180,1552060800,905,804,0,1709,10,-0.7752283880412884,1.1219380956071583
180,1552075200,970,955,0,1925,10,-0.7752283880412884,1.459289274001913
180,1552089600,262,420,158,682,10,1.5781181732770964,-0.48204181277901265
180,1552104000,31,126,95,157,10,0.6397584684476139,-1.3019925935995966
180,1552118400,150,161,11,311,10,-0.6113878046583628,-1.0614736978922255
180,1552132800,425,370,0,795,10,-0.7752283880412884,-0.30555716852620124
180,1552147200,595,498,0,1093,10,-0.7752283880412884,0.1598625127776731
180,1552161600,482,492,10,974,10,-0.6262824031477197,-0.02599299754165928
180,1552176000,242,352,110,594,10,0.8631774457879668,-0.6194811817546534
180,1552194000,43,137,94,180,10,0.624863869958257,-1.2660709403445998
180,1552208400,107,147,40,254,10,-0.1794444484670137,-1.1504969255241746
180,1552222800,302,224,0,526,10,-0.7752283880412884,-0.7256843305085576
180,1552237200,430,337,0,767,10,-0.7752283880412884,-0.3492878768366324
180,1552251600,282,375,93,657,10,0.6099692714689001,-0.5210870880561833
180,1552266000,78,233,155,311,10,1.5334343778090258,-1.0614736978922255
180,1552280400,29,48,19,77,10,-0.4922310167435079,-1.4269374744865428
180,1552294800,882,621,0,1503,10,-0.7752283880412884,0.800205027323272
180,1552309200,602,589,0,1191,10,-0.7752283880412884,0.3129199918641821
180,1552323600,950,872,0,1822,10,-0.7752283880412884,1.2984227398599697
180,1552338000,825,881,56,1706,10,0.05886912736269613,1.1172526625738979
180,1552352400,140,364,224,504,11,2.590238772840152,-0.6210599757114896
180,1552366800,37,80,43,117,11,-0.029895842961950535,-1.227871703901168
180,1552381200,760,677,0,1437,11,-0.6523587627381406,0.8418737255830061
180,1552395600,638,587,0,1225,11,-0.6523587627381406,0.5094600656961539
180,1552410000,1081,850,0,1931,11,-0.6523587627381406,1.6164602726778412
180,1552424400,894,933,39,1827,11,-0.08779937038299147,1.4533894206578757
180,1552438800,173,361,188,534,11,2.0691070260507836,-0.5740203068595766
180,1552452956,32,70,38,102,11,-0.10227525223825172,-1.2513915383271244
180,1552453036,1,0,0,1,11,-0.6523587627381406,-1.4097584234618983
180,1552453118,2,0,0,2,11,-0.6523587627381406,-1.408190434500168
180,1552453200,0,1,1,1,11,-0.6378828808828805,-1.4097584234618983
180,1552467600,829,665,0,1494,11,-0.6523587627381406,0.9312490964016409
180,1552482000,617,568,0,1185,11,-0.6523587627381406,0.44674050722693653
180,1552486136,169,189,20,358,11,-0.36284112563293597,-0.8499863641241331
180,1552496400,883,673,0,1556,11,-0.6523587627381406,1.028464412028928
180,1552510800,935,970,35,1905,11,-0.14570289780403242,1.5756925596728497
180,1552525200,175,395,220,570,11,2.5323352454191115,-0.517572704237281
180,1552539600,32,66,34,98,11,-0.16017877965929267,-1.257663494174046
180,1552554000,762,660,0,1422,11,-0.6523587627381406,0.8183538911570496
180,1552568400,631,636,5,1267,11,-0.5799793534618395,0.5753156020888321
180,1552582800,997,802,0,1799,11,-0.6523587627381406,1.4094857297294237
180,1552597200,865,916,51,1781,11,0.08591121188013134,1.3812619284182757
180,1552611600,172,420,248,592,11,2.937659937366398,-0.4830769470792114
180,1552626000,28,80,52,108,11,0.10038709373539159,-1.2419836045567418
180,1552640400,687,663,0,1350,11,-0.6523587627381406,0.7054586859124583
180,1552654800,661,609,0,1270,11,-0.6523587627381406,0.5800195689740235
180,1552669200,977,724,0,1701,11,-0.6523587627381406,1.2558228114798409
180,1552683600,745,841,96,1586,11,0.737325895366842,1.075504080880841
180,1552698000,165,362,197,527,11,2.1993899627481257,-0.5849962295916896
180,1552712400,28,71,43,99,11,-0.029895842961950535,-1.2560955052123157
180,1552726800,226,210,0,436,11,-0.6523587627381406,-0.7276832251091592
180,1552741200,489,385,0,874,11,-0.6523587627381406,-0.04090405987122873
180,1552755600,632,623,0,1255,11,-0.6523587627381406,0.556499734548067
180,1552770000,472,498,26,970,11,-0.27598583450137454,0.10962288045489302
180,1552784400,141,276,135,417,11,1.3018852877219913,-0.7574750153820374
180,1552798800,24,93,69,117,11,0.3464770852748156,-1.227871703901168
180,1552813200,161,152,0,313,11,-0.6523587627381406,-0.9205458674020027
180,1552827600,334,256,0,590,11,-0.6523587627381406,-0.4862129250026722
180,1552842000,485,374,0,859,11,-0.6523587627381406,-0.06442389429718526
180,1552856400,264,409,145,673,11,1.4466441062745936,-0.35606984117904616
180,1552870800,140,217,77,357,11,0.4622841401168975,-0.8515543530858636
180,1552885200,21,52,31,73,11,-0.20360642522507336,-1.296863218217307
180,1552899600,738,704,0,1442,11,-0.6523587627381406,0.8497136703916582
180,1552914000,560,556,0,1116,11,-0.6523587627381406,0.3385492688675365
180,1552928400,1015,808,0,1823,11,-0.6523587627381406,1.447117464810954
180,1552942800,842,898,56,1740,11,0.15829062115643253,1.316974380987328
180,1552957200,133,334,201,467,12,1.786719109648713,-0.7953360150929416
180,1552971600,34,53,19,87,12,-0.5897696452068226,-1.3853226663075988
180,1552986000,728,815,87,1543,12,0.29814923023370726,0.8752577657148768
180,1553000400,657,593,0,1250,12,-0.8378646251093236,0.42034700569936495
180,1553014800,1057,839,0,1896,12,-0.8378646251093236,1.423324312764282
180,1553029200,858,953,95,1811,12,0.40261027440318137,1.2913536144662665
180,1553043600,145,383,238,528,12,2.269851438932531,-0.7006276316084835
180,1553058000,23,56,33,79,12,-0.4069628179102429,-1.3977434379121179
180,1553072400,809,690,0,1499,12,-0.8378646251093236,0.8069435218900218
180,1553086800,632,684,52,1316,12,-0.15886783800774193,0.5228183714366474
180,1553101200,1080,889,0,1969,12,-0.8378646251093236,1.5366638536555188
180,1553115600,799,1080,281,1879,12,2.8313295513434538,1.3969301731046788
180,1553130000,138,380,242,518,12,2.322081961017268,-0.7161535961141324
180,1553144400,25,50,25,75,12,-0.511423862079717,-1.4039538237143774
180,1553158800,750,773,23,1523,12,-0.5375391231220855,0.8442058367035791
180,1553173200,583,641,58,1224,12,-0.08052205488063635,0.3799794979846779
180,1553187600,1042,918,0,1960,12,-0.8378646251093236,1.5226904856004349
180,1553202000,822,838,16,1660,12,-0.6289425367703754,1.0569115504309687
180,1553216400,140,309,169,449,12,1.3688749329708167,-0.8232827512031096
180,1553230800,25,61,36,86,12,-0.3677899263466901,-1.3868752627581635
180,1553245200,654,706,52,1360,12,-0.15886783800774193,0.5911326152615025
180,1553259600,650,643,0,1293,12,-0.8378646251093236,0.4871086530736551
180,1553274000,1047,885,0,1932,12,-0.8378646251093236,1.479217784984618
180,1553288400,711,852,141,1563,12,1.0032612783776573,0.9063096947261746
180,1553302800,191,343,152,534,12,1.1468952141106843,-0.6913120529050942
180,1553317200,22,82,60,104,12,-0.05440679383826782,-1.3589285266479956
180,1553331600,234,238,4,472,12,-0.7856341030245865,-0.7875730328401171
180,1553346000,386,362,0,748,12,-0.8378646251093236,-0.3590564124842084
180,1553360400,524,501,0,1025,12,-0.8378646251093236,0.07101280432226535
180,1553374800,411,531,120,942,12,0.7290510374327879,-0.05785270107462028
180,1553389200,140,299,159,439,12,1.238298627758974,-0.8388087157087585
180,1553403600,23,73,50,96,12,-0.18498309905011046,-1.3713492982525148
180,1553418000,135,152,17,287,12,-0.6158849062491911,-1.0748033761946214
180,1553432400,339,232,0,571,12,-0.8378646251093236,-0.6338659842341934
180,1553446800,436,374,0,810,12,-0.8378646251093236,-0.26279543254918536
180,1553461200,283,377,94,660,12,0.3895526438819971,-0.4956849001339184
180,1553475600,82,220,138,302,12,0.9640883868141046,-1.051514429436148
180,1553490000,29,54,25,83,12,-0.511423862079717,-1.3915330521098583
180,1553504400,770,635,0,1405,12,-0.8378646251093236,0.6609994555369224
180,1553518800,564,578,14,1142,12,-0.6550577978127439,0.25266658903835715
180,1553533200,999,877,0,1876,12,-0.8378646251093236,1.3922723837529842
180,1553547600,786,880,94,1666,12,0.3895526438819971,1.066227129134358
180,1553562000,138,247,109,385,13,0.8301689200662837,-0.9111521367782834
180,1553576400,26,46,20,72,13,-0.5855114737328808,-1.3988758221924826
180,1553590800,751,780,29,1531,13,-0.4423527822251001,0.8745710053452698
180,1553605200,632,694,62,1326,13,0.08256241997009572,0.555135364738526
180,1553619600,1063,841,0,1904,13,-0.9036418993057267,1.455788048985833
180,1553634000,835,928,93,1763,13,0.575664579608007,1.2360786571538775
180,1553648400,117,290,173,407,13,1.8481862818993908,-0.8768712387619501
180,1553662800,33,51,18,84,13,-0.6173245162901654,-1.3801771505472098
180,1553677200,699,740,41,1439,13,-0.25147452688139255,0.7312145227315116
180,1553691600,623,580,0,1203,13,-0.9036418993057267,0.3634739803744797
180,1553706000,1121,839,0,1960,13,-0.9036418993057267,1.5430485166637726
180,1553720400,840,898,58,1738,13,0.018936334855526534,1.1971230912262258
180,1553734800,134,331,197,465,13,2.2299427925868063,-0.7864943258097981
180,1553749200,29,49,20,78,13,-0.5855114737328808,-1.3895264863698462
180,1553763600,787,736,0,1523,13,-0.9036418993057267,0.8621052242484213
180,1553778000,597,605,8,1202,13,-0.7763897290765883,0.3619157577373736
180,1553792400,1016,844,0,1860,13,-0.9036418993057267,1.387226252953166
180,1553806800,790,923,133,1713,13,1.2119254307536989,1.1581675252985741
180,1553821200,145,327,182,472,13,1.9913449734071713,-0.7755867673500556
180,1553835600,36,70,34,106,13,-0.3628201758318886,-1.3458962525308764
180,1553850000,681,702,21,1383,13,-0.5696049524542385,0.6439540550535718
180,1553864400,609,647,38,1256,13,-0.2991940907173194,0.44605978014110126
180,1553878800,1018,812,0,1830,13,-0.9036418993057267,1.340479573839984
180,1553893200,768,749,0,1517,13,-0.9036418993057267,0.8527558884257849
180,1553907600,167,345,178,512,13,1.9277188882926022,-0.713257861865813
180,1553922000,26,111,85,137,13,0.44841240937886856,-1.2975913507805883
180,1553936400,224,173,0,397,13,-0.9036418993057267,-0.8924534651330107
180,1553950800,466,373,0,839,13,-0.9036418993057267,-0.20371905953212888
180,1553965200,507,524,17,1031,13,-0.6332310375688076,0.09545968679223607
180,1553979600,347,498,151,845,13,1.4982428137692603,-0.19436972370949246
180,1553994000,152,329,177,481,13,1.91181236701396,-0.761562763616101
180,1554008400,22,79,57,101,13,0.0030298135768842363,-1.3536873657164066
180,1554022800,173,153,0,326,13,-0.9036418993057267,-1.0030872723675415
180,1554037200,303,238,0,541,13,-0.9036418993057267,-0.668069405389737
180,1554051600,363,396,33,759,13,-0.3787266971105309,-0.32837687050061426
180,1554066000,258,404,146,662,13,1.4187102073760487,-0.4795244662999028
180,1554080400,111,175,64,286,13,0.11437546252738032,-1.065416177851784
180,1554094800,27,59,32,86,13,-0.3946332183891732,-1.3770607052729977
180,1554109200,882,747,0,1629,13,-0.9036418993057267,1.0272768237816643
180,1554123600,573,652,79,1225,13,0.35297328170701475,0.39775487839081314
180,1554138000,991,841,0,1832,13,-0.9036418993057267,1.343596019114196
180,1554152400,846,977,131,1823,13,1.1801123881964142,1.3295720153802415
180,1554166800,123,257,134,380,14,1.183618606137982,-0.9325082773876149
180,1554181200,27,59,32,86,14,-0.40641654867390725,-1.3940527783168384
180,1554195600,750,777,27,1527,14,-0.4843594484195881,0.8681432279383013
180,1554210000,618,616,0,1234,14,-0.9052511070462647,0.40816860626393914
180,1554224400,1013,927,0,1940,14,-0.9052511070462647,1.51650336019602
180,1554238800,775,921,146,1696,14,1.370681565527616,1.1334528220098619
180,1554253200,135,330,195,465,14,2.1345219830352886,-0.799068540724404
180,1554267600,29,58,29,87,14,-0.45318228852131576,-1.392482899061977
180,1554282000,779,698,0,1477,14,-0.9052511070462647,0.7896492651952361
180,1554296400,580,628,48,1208,14,-0.15699926948772855,0.36735174563754525
180,1554310800,1004,881,0,1885,14,-0.9052511070462647,1.4301600011786484
180,1554325200,886,964,78,1850,14,0.3106581289863566,1.3752142272585026
180,1554339600,136,372,236,508,14,2.7736537609498715,-0.7315637327653679
180,1554354000,36,63,27,99,14,-0.4843594484195881,-1.3736443480036413
180,1554368400,764,709,0,1473,14,-0.9052511070462647,0.783369748175791
180,1554382800,626,631,5,1257,14,-0.8273082073005839,0.44427582912574914
180,1554397200,1076,883,0,1959,14,-0.9052511070462647,1.5463310660383849
180,1554411600,844,903,59,1747,14,0.014475109952769332,1.2135166640077883
180,1554426000,166,378,212,544,14,2.3995278421706034,-0.675048079590361
180,1554440400,23,64,41,87,14,-0.26611932913168174,-1.392482899061977
180,1554454800,716,685,0,1401,14,-0.9052511070462647,0.6703384418257771
180,1554469200,640,683,43,1323,14,-0.23494216923340938,0.5478878599465953
180,1554483600,1089,885,0,1974,14,-0.9052511070462647,1.5698792548613045
180,1554498000,707,855,148,1562,14,1.4018587254258885,0.923089001858447
180,1554512400,163,321,158,484,14,1.5577445249172501,-0.7692408348820392
180,1554526800,27,82,55,109,14,-0.04787920984377535,-1.3579455554550284
180,1554541200,202,244,42,446,14,-0.25053074918254553,-0.8288962465667687
180,1554555600,489,407,0,896,14,-0.9052511070462647,-0.12245058187918174
180,1554570000,528,574,46,1102,14,-0.18817642938600088,0.20094454462224698
180,1554584400,388,458,70,846,14,0.1859494893932672,-0.20094454462224698
180,1554598800,134,296,162,430,14,1.6200988447137947,-0.8540143146445497
180,1554613200,19,96,77,115,14,0.2950695490372204,-1.3485262799258606
180,1554627600,165,159,0,324,14,-0.9052511070462647,-1.020421515659848
180,1554642000,393,258,0,651,14,-0.9052511070462647,-0.5070709993202014
180,1554656400,381,401,20,782,14,-0.5934795080635413,-0.30141681693337047
180,1554670800,267,376,109,643,14,0.7939041074095778,-0.5196300333590917
180,1554685200,88,185,97,273,14,0.6068411480199438,-1.1004853576577744
180,1554699600,18,51,33,69,14,-0.3908279687247711,-1.4207407256494806
180,1554714000,665,693,28,1358,14,-0.4687708684704519,0.6028336338667409
180,1554728400,572,616,44,1188,14,-0.2193535892842732,0.3359541605403192
180,1554742800,992,809,0,1801,14,-0.9052511070462647,1.2982901437702987
180,1554757200,792,830,38,1622,14,-0.31288506897909024,1.0172817571501254
180,1554771600,158,312,154,470,15,1.5624654461038985,-0.7126437358588431
180,1554786000,30,65,35,95,15,-0.2821118166576484,-1.3102615385034775
180,1554800400,690,698,8,1388,15,-0.7006293468640498,0.7503246450152218
180,1554814800,624,661,37,1285,15,-0.2511105181238409,0.5861789552221622
180,1554829200,1056,830,0,1886,15,-0.8246345409992798,1.5439610869272962
180,1554843600,793,888,95,1681,15,0.647927139356577,1.2172633548148961
180,1554858000,152,350,198,502,15,2.244494013847664,-0.6616470166998344
180,1554872400,37,59,22,96,15,-0.4836202571273972,-1.3086678910297584
180,1554883463,425,486,61,911,15,0.12090506428184924,-0.009845199948753132
180,1554886800,353,306,0,659,15,-0.8246345409992798,-0.4114443633259474
180,1554901200,621,619,0,1240,15,-0.8246345409992798,0.5144648189048061
180,1554915600,1033,911,0,1944,15,-0.8246345409992798,1.6363926404029994
180,1554930000,849,920,71,1769,15,0.2759115569508868,1.3575043325021703
180,1554944400,167,324,157,491,15,1.6089673939046099,-0.6791771389107436
180,1554958800,33,69,36,102,15,-0.26661116739074464,-1.2991060061874444
180,1554973200,776,707,0,1483,15,-0.8246345409992798,0.9017211550185291
180,1554987600,623,606,0,1229,15,-0.8246345409992798,0.4969346966938968
180,1555002000,1008,888,0,1896,15,-0.8246345409992798,1.5598975616644866
180,1555016400,827,942,115,1769,15,0.9579401246946521,1.3575043325021703
180,1555030800,165,352,187,517,15,2.0739868719117225,-0.637742304594049
180,1555045200,33,80,47,113,15,-0.09610402545480333,-1.281575883976535
180,1555058751,628,582,0,1210,15,-0.8246345409992798,0.46665539469323536
180,1555059566,70,80,10,150,15,-0.6696280483302423,-1.2226109274489312
180,1555059600,7,13,6,20,15,-0.7316306453978573,-1.4297850990324044
180,1555074000,607,646,39,1253,15,-0.22010921959003338,0.5351822360631534
180,1555088400,1052,884,0,1936,15,-0.8246345409992798,1.6236434606132475
180,1555102800,738,923,185,1661,15,2.042985573377915,1.1853904053405155
180,1555117200,157,337,180,494,15,1.965482327043396,-0.6743961964895865
180,1555131600,22,79,57,101,15,0.05890246721423423,-1.3006996536611632
180,1555146000,241,201,0,442,15,-0.8246345409992798,-0.7572658651229759
180,1555160400,450,377,0,827,15,-0.8246345409992798,-0.14371158774115123
180,1555174800,540,535,0,1075,15,-0.8246345409992798,0.251512985741167
180,1555189200,423,527,104,950,15,0.7874329827587108,0.05230705152628884
180,1555203600,144,320,176,464,15,1.903479729975781,-0.7222056207011572
180,1555218000,37,136,99,173,15,0.709929736424192,-1.1859570355533935
180,1555232400,164,164,0,328,15,-0.8246345409992798,-0.9389416771269447
180,1555246800,359,255,0,614,15,-0.8246345409992798,-0.48315849964330354
180,1555261200,444,430,0,874,15,-0.8246345409992798,-0.06881015647635706
180,1555275600,280,408,128,688,15,1.1594485651644009,-0.3652285865880957
180,1555290000,100,204,104,304,15,0.7874329827587108,-0.9771892164962013
180,1555304400,27,50,23,77,15,-0.46811960786049345,-1.33894719303042
180,1555318800,681,644,0,1325,15,-0.8246345409992798,0.6499248541709232
180,1555333200,619,588,0,1207,15,-0.8246345409992798,0.46187445227207824
180,1555347600,993,907,0,1900,15,-0.8246345409992798,1.5662721515593625
180,1555362000,807,867,60,1674,15,0.10540441501494549,1.2061078224988628
180,1555376400,145,269,124,414,16,1.0343005076070946,-0.8606665630708544
180,1555390800,28,59,31,87,16,-0.39123858297628983,-1.4163451347714522
180,1555405200,768,769,1,1537,16,-0.851089902519317,1.0476729966226357
180,1555419600,609,622,13,1231,16,-0.6671493747021061,0.5276802047560213
180,1555434000,1064,873,0,1937,16,-0.8664182798374179,1.7274021363175565
180,1555448400,843,942,99,1785,16,0.6510910746545718,1.4691050632334866
180,1555462800,155,321,166,476,16,1.6780923549673326,-0.7553085464181417
180,1555477200,37,68,31,105,16,-0.39123858297628983,-1.3857573234851808
180,1555491600,710,777,67,1487,16,0.1605830004753428,0.9627068541607705
180,1555506000,631,668,37,1299,16,-0.29926831906768436,0.6432341585041578
180,1555520400,1050,830,0,1880,16,-0.8664182798374179,1.6305407339110303
180,1555534800,863,909,46,1772,16,-0.16131292320477622,1.4470138661934016
180,1555549200,154,350,196,504,16,2.13794367451036,-0.7077275066394974
180,1555563600,36,62,26,98,16,-0.46788046956679435,-1.3976525834298419
180,1555578000,705,666,0,1371,16,-0.8664182798374179,0.7655854036492435
180,1555592400,624,673,49,1297,16,-0.11532779125047352,0.6398355128056832
180,1555606800,970,806,0,1776,16,-0.8664182798374179,1.4538111575903507
180,1555621200,760,878,118,1638,16,0.9423302436984891,1.219304604395603
180,1555635600,146,400,254,546,16,3.0269895589602123,-0.6363559469715306
180,1555650000,27,57,30,84,16,-0.4065669602943907,-1.4214431033191641
180,1555664400,473,524,51,997,16,-0.0846710366142717,0.13003865803449258
180,1555678800,554,512,0,1066,16,-0.8664182798374179,0.2472919346318664
180,1555693200,755,711,0,1466,16,-0.8664182798374179,0.9270210743267872
180,1555707600,652,723,71,1375,16,0.22189650974774644,0.7723826950461927
180,1555722000,242,318,76,560,16,0.29853839633825097,-0.6125654270822084
180,1555736400,21,78,57,99,16,0.007299227294333739,-1.3959532605806046
180,1555750800,194,216,22,410,16,-0.5291939788391979,-0.8674638544678037
180,1555765200,328,319,0,647,16,-0.8664182798374179,-0.4647243391985631
180,1555779600,447,457,10,904,16,-0.7131345066564089,-0.027998366944576508
180,1555794000,581,443,0,1024,16,-0.8664182798374179,0.17592037496389973
180,1555808400,113,277,164,390,16,1.6474356003311308,-0.9014503114525497
180,1555822800,25,71,46,96,16,-0.16131292320477622,-1.4010512291283166
180,1555837200,149,167,18,316,16,-0.5905074881116016,-1.02720020229611
180,1555851600,331,273,0,604,16,-0.8664182798374179,-0.5377952217157671
180,1555866000,365,428,63,793,16,0.09926949120293918,-0.21662320320991701
180,1555880400,246,430,184,676,16,1.954003146693149,-0.4154439765706814
180,1555894800,92,261,169,353,16,1.7240774869216353,-0.9643252568743299
180,1555909200,38,48,10,86,16,-0.7131345066564089,-1.4180444576206894
180,1555923600,640,505,0,1145,16,-0.8664182798374179,0.3815384397216133
180,1555938000,815,553,0,1368,16,-0.8664182798374179,0.7604874351015316
180,1555952400,740,759,19,1499,16,-0.5751791107935007,0.9830987283516182
180,1555966800,668,794,126,1462,16,1.0649572622432963,0.920223782929838
180,1555981200,123,307,184,430,17,1.7165073109584519,-0.8664537910096456
180,1555995600,26,62,36,88,17,-0.28383191756005893,-1.456551095739746
180,1556010000,722,575,0,1297,17,-0.7704009190915886,0.6294946394026267
180,1556024400,584,633,49,1217,17,-0.10812644478478436,0.49146018215581966
180,1556038800,864,778,0,1642,17,-0.7704009190915886,1.2247682362794825
180,1556053200,1085,961,0,2046,17,-0.7704009190915886,1.9218422453758588
180,1556067600,188,382,194,570,17,1.8516653669394323,-0.624893490827733
180,1556082000,40,77,37,117,17,-0.2703161119619609,-1.4065136049877784
180,1556096400,895,563,0,1458,17,-0.7704009190915886,0.9072889846118262
180,1556110800,602,572,0,1174,17,-0.7704009190915886,0.4172666613856608
180,1556125200,844,859,15,1703,17,-0.5676638351201179,1.330019509930173
180,1556139600,746,846,100,1592,17,0.5811796407182159,1.138496700500228
180,1556154000,142,371,229,513,17,2.3247185628728637,-0.7232430416160832
180,1556168400,30,55,25,85,17,-0.43250577913913746,-1.4617273878865014
180,1556182800,592,560,0,1152,17,-0.7704009190915886,0.37930718564278887
180,1556197200,646,552,0,1198,17,-0.7704009190915886,0.45867699855970295
180,1556211600,859,823,0,1682,17,-0.7704009190915886,1.2937854649028862
180,1556226000,738,853,115,1591,17,0.7839167246896867,1.136771269784643
180,1556240400,153,391,238,544,17,2.446360813255746,-0.6697546894329454
180,1556254800,35,80,45,115,17,-0.16218966717717653,-1.4099644664189488
180,1556269200,555,512,0,1067,17,-0.7704009190915886,0.23264557481805626
180,1556283600,581,585,4,1166,17,-0.7163376966991964,0.4034632156609801
180,1556298000,876,726,0,1602,17,-0.7704009190915886,1.155751007656079
180,1556312400,688,762,74,1450,17,0.22976869516766676,0.8934855388871454
180,1556326800,142,371,229,513,17,2.3247185628728637,-0.7232430416160832
180,1556341200,38,94,56,132,17,-0.013515805598098046,-1.3806321442540022
180,1556355600,234,222,0,456,17,-0.7704009190915886,-0.8215925924044333
180,1556370000,484,414,0,898,17,-0.7704009190915886,-0.05895221611582382
180,1556384400,525,519,0,1044,17,-0.7704009190915886,0.1929606683595992
180,1556398800,384,491,107,875,17,0.6757902799049023,-0.09863712257428087
180,1556413200,167,311,144,478,17,1.17587508703453,-0.7836331166615613
180,1556427600,26,82,56,108,17,-0.013515805598098046,-1.4220424814280443
180,1556442000,205,132,0,337,17,-0.7704009190915886,-1.026918847559059
180,1556456400,377,252,0,629,17,-0.7704009190915886,-0.5230930786082129
180,1556470800,398,413,15,811,17,-0.5676638351201179,-0.2090646883717266
180,1556485200,281,442,161,723,17,1.4056437822021968,-0.36090259134321445
180,1556499600,104,234,130,338,17,0.9866538086611574,-1.0251934168434738
180,1556514000,26,54,28,80,17,-0.3919583623448433,-1.4703545414644268
180,1556528400,690,693,3,1383,17,-0.7298535022972945,0.7778816809429444
180,1556542800,601,591,0,1192,17,-0.7704009190915886,0.4483244142661924
180,1556557200,1002,871,0,1873,17,-0.7704009190915886,1.6233427315796383
180,1556571600,831,951,120,1782,17,0.8514957526801769,1.4663285364613952
180,1556586000,177,272,95,449,18,0.6115730636329184,-0.8638226799177807
180,1556600400,55,116,61,171,18,0.07456416331380325,-1.3122392300192725
180,1556614800,749,717,0,1466,18,-0.8888929813763738,0.776607649050626
180,1556629200,597,638,41,1235,18,-0.24132342510920565,0.40400253008140086
180,1556643600,957,897,0,1854,18,-0.8888929813763738,1.402455208185082
180,1556658000,907,847,0,1754,18,-0.8888929813763738,1.2411542908823872
180,1556672400,189,305,116,494,18,0.9432550314770778,-0.7912372671315681
180,1556686800,45,135,90,180,18,0.5326011665271662,-1.29772214746203
180,1556700263,624,645,21,1269,18,-0.5572110135322146,0.45884484196431713
180,1556701200,88,118,30,206,18,-0.41506159874186055,-1.2557839089633294
180,1556715600,595,613,18,1208,18,-0.6045941517956659,0.3604512824096733
180,1556730000,1114,918,0,2032,18,-0.8888929813763738,1.6895708409838788
180,1556744400,805,934,129,1739,18,1.1485819639520336,1.216959153286983
180,1556758800,183,376,193,559,18,2.1594222469056623,-0.6863916708848165
180,1556773200,69,115,46,184,18,-0.16235152800345343,-1.291270110769922
180,1556787600,734,698,0,1432,18,-0.8888929813763738,0.7217653371677097
180,1556802000,619,573,0,1192,18,-0.8888929813763738,0.3346431356412421
180,1556816400,1030,1118,88,2148,18,0.5010124076848653,1.8766799050550047
180,1556830800,809,1077,268,1886,18,3.3440007034919454,1.4540715017219443
180,1556845200,260,325,65,585,18,0.13774168099840503,-0.6444534323861157
180,1556859600,85,130,45,215,18,-0.17814590742460387,-1.2412668264060867
180,1556874000,699,665,0,1364,18,-0.8888929813763738,0.6120807134018772
180,1556888400,660,690,30,1350,18,-0.41506159874186055,0.5894985849794999
180,1556902800,1002,929,0,1931,18,-0.8888929813763738,1.5266569145081572
180,1556917200,666,830,164,1496,18,1.7013852436922992,0.8249979242414345
180,1556931600,273,436,163,709,18,1.6855908642711488,-0.44444029493077414
180,1556946000,50,117,67,167,18,0.16933043984070592,-1.3186912667113804
180,1556960400,260,239,0,499,18,-0.8888929813763738,-0.7831722212664334
180,1556974800,454,360,0,814,18,-0.8888929813763738,-0.2750743317629445
180,1556989200,513,557,44,1070,18,-0.19394028684575432,0.13785601653195434
180,1557003600,481,475,0,956,18,-0.8888929813763738,-0.046027029193117804
180,1557018000,240,338,98,578,18,0.6589562018963697,-0.6557444965973044
180,1557032400,60,121,61,181,18,0.07456416331380325,-1.296109138289003
180,1557046800,141,183,42,324,18,-0.2255290456880552,-1.0654488265461493
180,1557061200,368,241,0,609,18,-0.8888929813763738,-0.605741212233469
180,1557075600,371,375,4,746,18,-0.8257154636917721,-0.38475895552877704
180,1557090000,271,424,153,695,18,1.5276470700596443,-0.4670224233531514
180,1557104400,116,204,88,320,18,0.5010124076848653,-1.0719008632382572
180,1557118800,33,72,39,105,18,-0.2729121839515065,-1.4186978354390511
180,1557133200,721,675,0,1396,18,-0.8888929813763738,0.6636970069387396
180,1557147600,631,650,19,1281,18,-0.5887997723745154,0.4782009520406405
180,1557162000,1050,862,0,1912,18,-0.8888929813763738,1.4960097402206451
180,1557176400,716,858,142,1574,18,1.3539088964269894,0.9508126397375365
180,1557190800,181,421,240,602,19,2.0519966594949843,-0.41931101038465024
180,1557205200,29,84,55,113,19,-0.18722409280281788,-1.1900880200359674
180,1557219600,750,693,0,1443,19,-0.8529383705129753,0.9062993477273286
180,1557225805,308,334,26,642,19,-0.5382370755954463,-0.3562617662413932
180,1557226464,26,31,5,57,19,-0.7924188907211427,-1.2783569618365271
180,1557227078,26,25,0,51,19,-0.8529383705129753,-1.2878143484580158
180,1557229042,59,55,0,114,19,-0.8529383705129753,-1.188511788932386
180,1557234000,175,192,17,367,19,-0.6471721392207448,-0.7897253197262852
180,1557248400,997,898,0,1895,19,-0.8529383705129753,1.618755806546133
180,1557262800,793,940,147,1733,19,0.9263343353668999,1.363406367765942
180,1557277200,200,408,208,608,19,1.6646719888272563,-0.4098536237631617
180,1557291600,51,63,12,114,19,-0.7076916190125773,-1.188511788932386
180,1557305051,663,615,0,1278,19,-0.8529383705129753,0.6462212156363933
180,1557306000,86,109,23,195,19,-0.5745487634705458,-1.0608370695422904
180,1557320400,629,628,0,1257,19,-0.8529383705129753,0.6131203624611834
180,1557334800,1070,890,0,1960,19,-0.8529383705129753,1.7212108282789256
180,1557349200,866,1015,149,1881,19,0.9505421272836329,1.596688571095993
180,1557363600,213,469,256,682,19,2.245658994828848,-0.2932125220981362
180,1557378000,53,100,47,153,19,-0.2840552604697498,-1.1270387758927103
180,1557392400,728,689,0,1417,19,-0.8529383705129753,0.8653173390342115
180,1557406800,615,715,100,1330,19,0.3574512253236745,0.7281852330226275
180,1557421200,1022,971,0,1993,19,-0.8529383705129753,1.7732264546971126
180,1557435600,765,931,166,1696,19,1.1563083585758633,1.3050858169334292
180,1557450000,192,427,235,619,19,1.9914771797031516,-0.392515081623766
180,1557464400,31,94,63,125,19,-0.09039292513588588,-1.1711732467929903
180,1557478800,670,681,11,1351,19,-0.7197955149709437,0.7612860861978374
180,1557493200,626,651,25,1277,19,-0.5503409715538128,0.6446449845328119
180,1557507600,983,792,0,1775,19,-0.8529383705129753,1.429608074116362
180,1557522000,696,781,85,1477,19,0.17589278594817706,0.9598912052490971
180,1557536400,195,410,215,605,19,1.7493992605358217,-0.41458231707390597
180,1557550800,28,126,98,154,19,0.3332434334069415,-1.1254625447891289
180,1557565200,220,187,0,407,19,-0.8529383705129753,-0.7266760755830283
180,1557579600,383,365,0,748,19,-0.8529383705129753,-0.18918126926176212
180,1557594000,469,518,49,987,19,-0.2598474685530169,0.18753796449419857
180,1557608400,335,503,168,838,19,1.1805161504925963,-0.04732046993943383
180,1557622800,107,363,256,470,19,2.245658994828848,-0.6273735160573984
180,1557637200,27,94,67,121,19,-0.0419773413024199,-1.177478171207316
180,1557651600,128,126,0,254,19,-0.8529383705129753,-0.9678394344309863
180,1557666000,266,197,0,463,19,-0.8529383705129753,-0.6384071337824684
180,1557680400,282,351,69,633,19,-0.017769549385686905,-0.3704478461736261
180,1557694800,231,340,109,571,19,0.466386288948973,-0.46817417459567445
180,1557709200,71,226,155,297,19,1.0231655030338318,-0.900061496976985
180,1557723600,20,48,28,68,19,-0.5140292836787133,-1.2610184196971315
180,1557738000,668,668,0,1336,19,-0.8529383705129753,0.737642619644116
180,1557752400,550,599,49,1149,19,-0.2598474685530169,0.44288740327438947
180,1557766800,1018,920,0,1938,19,-0.8529383705129753,1.6865337440001342
180,1557781200,687,866,179,1553,19,1.3136590060346278,1.0796847691212854
180,1557795600,134,296,162,430,20,1.1774027114172283,-0.860154747315872
180,1557810000,25,69,44,94,20,-0.34816964755392,-1.389728863701423
180,1557824400,742,723,0,1465,20,-0.9170271373397719,0.7711226647646192
180,1557838800,669,689,20,1358,20,-0.6584555510734755,0.6024785265108873
180,1557853200,1088,898,0,1986,20,-0.9170271373397719,1.5922777678505478
180,1557867600,831,1084,253,1915,20,2.3539034289288767,1.4803737134952677
180,1557882000,127,360,233,487,20,2.09533184266258,-0.7703162811433232
180,1557896400,31,53,22,84,20,-0.6325983924468459,-1.4054899981176594
180,1557910800,735,715,0,1450,20,-0.9170271373397719,0.7474809631402642
180,1557925200,661,656,0,1317,20,-0.9170271373397719,0.5378578754043171
180,1557939600,1010,1014,4,2024,20,-0.8653128200865127,1.652170078632247
180,1557954000,852,1010,158,1862,20,1.125688394163969,1.3968397010892135
180,1557968400,156,403,247,559,20,2.2763319530489876,-0.6568361133464194
180,1557982800,27,75,48,102,20,-0.2964553303006607,-1.3771199561684335
180,1557997200,695,730,35,1425,20,-0.4645268613737533,0.7080781270996727
180,1558011600,605,743,138,1348,20,0.8671168078976728,0.5867173920946507
180,1558026000,1047,879,0,1926,20,-0.9170271373397719,1.4977109613531279
180,1558040400,851,977,126,1828,20,0.711973856137895,1.3432518440740089
180,1558054800,249,407,158,656,20,1.125688394163969,-0.5039531095089241
180,1558069200,25,83,58,108,20,-0.16716953716751254,-1.3676632755186915
180,1558083600,705,699,0,1404,20,-0.9170271373397719,0.6749797448255758
180,1558086872,188,219,31,407,20,-0.5162411786270126,-0.8964053564732163
180,1558098000,485,486,1,971,20,-0.9040985580264571,-0.007477375397470314
180,1558112400,1020,790,0,1810,20,-0.9170271373397719,1.314881802124783
180,1558126800,699,798,99,1497,20,0.36290221467839495,0.8215582948965764
180,1558141200,177,376,199,553,20,1.6557601460098765,-0.6662927939961615
180,1558155600,30,85,55,115,20,-0.20595527510745698,-1.3566304814273258
180,1558170000,230,246,16,476,20,-0.7101698683267348,-0.7876535290011835
180,1558184400,470,336,0,806,20,-0.9170271373397719,-0.2675360932653747
180,1558198800,509,583,74,1092,20,0.03968773184552453,0.1832323510389929
180,1558213200,395,532,137,927,20,0.854188228584358,-0.07682636682891149
180,1558227600,140,335,195,475,20,1.6040458287566173,-0.7892296424428071
180,1558242000,22,103,81,125,20,0.13018778703872824,-1.3408693470110893
180,1558256400,164,177,13,341,20,-0.7489556062666792,-1.000428843620378
180,1558270800,356,279,0,635,20,-0.9170271373397719,-0.5370514917830211
180,1558285200,401,369,0,770,20,-0.9170271373397719,-0.32427617716382656
180,1558299600,262,398,136,660,20,0.8412596492710431,-0.4976486557424295
180,1558314000,106,232,126,338,20,0.711973856137895,-1.005157183945249
180,1558328400,25,53,28,78,20,-0.555026916566957,-1.4149466787674014
180,1558342800,704,652,0,1356,20,-0.9170271373397719,0.59932629962764
180,1558357200,542,663,121,1205,20,0.6473309595713209,0.36133316994246684
180,1558371600,1013,777,0,1790,20,-0.9170271373397719,1.2833595332923098
180,1558386000,835,867,32,1702,20,-0.5033125993136978,1.1446615504294273
180,1558400400,130,348,218,478,21,1.9496642923292016,-0.6142492508395238
180,1558414800,34,58,24,92,21,-0.527242151981271,-1.2910192330813965
180,1558429200,668,728,60,1396,21,-0.0676100282947915,0.995271069621718
180,1558443600,596,667,71,1263,21,0.07283312060941055,0.7620834850668757
180,1558454670,686,628,0,1314,21,-0.8336635677722573,0.8515012806480559
180,1558454755,9,7,0,16,21,-0.8336635677722573,-1.4242692813984492
180,1558458000,337,206,0,543,21,-0.8336635677722573,-0.500285393726255
180,1558472400,864,917,53,1781,21,-0.1569829412338292,1.6702877617541558
180,1558486800,162,407,245,569,21,2.294388385094061,-0.4546998508809475
180,1558501200,28,70,42,98,21,-0.29742609013803123,-1.2804994924247872
180,1558515600,731,714,0,1445,21,-0.8336635677722573,1.0811822849840282
180,1558530000,601,610,9,1211,21,-0.7187555368506374,0.6709123993762608
180,1558544400,1015,856,0,1871,21,-0.8336635677722573,1.8280838716032974
180,1558558800,800,950,150,1750,21,1.0814702809214072,1.615935768361674
180,1558573200,117,368,251,485,21,2.3709937390418077,-0.6019762200734794
180,1558587600,44,67,23,111,21,-0.5400097109725621,-1.2577067210021335
180,1558602000,730,720,0,1450,21,-0.8336635677722573,1.0899487355312028
180,1558616400,570,637,67,1207,21,0.02176288464424617,0.6638992389385211
180,1558630800,982,837,0,1819,21,-0.8336635677722573,1.7369127859126823
180,1558645200,791,790,0,1581,21,-0.8336635677722573,1.3196297398671752
180,1558659600,127,347,220,474,21,1.9751994103117838,-0.6212624112772633
180,1558674000,30,84,54,114,21,-0.14421538224253808,-1.2524468506738287
180,1558688400,636,673,37,1309,21,-0.3612638850944867,0.8427348301008813
180,1558702800,546,641,95,1187,21,0.37925453640039686,0.6288334367498231
180,1558717200,1069,923,0,1992,21,-0.8336635677722573,2.0402319748449207
180,1558731600,687,770,83,1457,21,0.2260438285049037,1.102221766297247
180,1558746000,169,393,224,562,21,2.026269646276948,-0.4669728816469918
180,1558760400,31,113,82,144,21,0.21327626951361262,-1.1998481473907816
180,1558774800,237,199,0,436,21,-0.8336635677722573,-0.6878874354357897
180,1558789200,381,276,0,657,21,-0.8336635677722573,-0.30041032125067596
180,1558803600,446,463,17,909,21,-0.6166150649203087,0.1414187863269198
180,1558818000,330,451,121,781,21,0.7112110701739653,-0.08300234768074789
180,1558832400,128,320,192,448,21,1.6177077585556332,-0.6668479541225708
180,1558846800,20,87,67,107,21,0.02176288464424617,-1.264719881439873
180,1558861200,157,164,7,321,21,-0.7442906548332197,-0.8895157980208036
180,1558875600,349,238,0,587,21,-0.8336635677722573,-0.42314062891111925
180,1558890000,380,373,0,753,21,-0.8336635677722573,-0.1320944707449252
180,1558904400,266,419,153,685,21,1.1197729578952804,-0.25131819818649864
180,1558918800,96,272,176,368,21,1.4134268146949758,-0.8071111628773632
180,1558933200,21,69,48,90,21,-0.22082073619028467,-1.2945258133002664
180,1558947600,223,192,0,415,21,-0.8336635677722573,-0.7247065277339226
180,1558962000,350,262,0,612,21,-0.8336635677722573,-0.37930837617524665
180,1558976400,452,417,0,869,21,-0.8336635677722573,0.07128718194952365
180,1558990800,303,387,84,690,21,0.23881138749619482,-0.24255174763932413
180,1559005200,105,291,186,396,22,1.7099063492653852,-0.9350060115660696
180,1559019600,33,54,21,87,22,-0.6176621049497238,-1.444666560858541
180,1559034000,719,730,11,1449,22,-0.7587268597506396,0.801798384566527
180,1559048400,573,616,43,1189,22,-0.3073196443877093,0.37295779292884884
180,1559062800,1000,917,0,1917,22,-0.9138980900316468,1.5737114495143476
180,1559077200,787,861,74,1648,22,0.12998109549512937,1.1300263758584421
180,1559091600,124,386,262,510,22,2.7819984857523448,-0.7469759060018568
180,1559106000,30,90,60,120,22,-0.0675095612261526,-1.3902367934583741
180,1559120400,732,787,55,1519,22,-0.13804193862661046,0.9172554669305173
180,1559134800,570,636,66,1206,22,0.01712929165439682,0.4009973700743893
180,1559149200,1036,828,0,1864,22,-0.9138980900316468,1.486293944295898
180,1559163600,777,897,120,1674,22,0.7788789675793416,1.17291043502221
180,1559178000,124,351,227,475,22,2.28827184394914,-0.804704447183852
180,1559192400,19,79,60,98,22,-0.0675095612261526,-1.4265233050584853
180,1559206800,687,630,0,1317,22,-0.9138980900316468,0.5840793149658596
180,1559221200,628,608,0,1236,22,-0.9138980900316468,0.4504789768018137
180,1559235600,1054,828,0,1882,22,-0.9138980900316468,1.5159829083323526
180,1559250000,808,892,84,1700,22,0.2710458502960451,1.2157944941859777
180,1559264400,162,375,213,537,22,2.090781187227858,-0.7024424599471749
180,1559278800,46,72,26,118,22,-0.547129727549266,-1.3935355672402023
180,1559293200,725,676,0,1401,22,-0.9138980900316468,0.722627813802648
180,1559307600,603,650,47,1253,22,-0.25089374246734303,0.4785185539473542
180,1559322000,1005,882,0,1887,22,-0.9138980900316468,1.5242298427869232
180,1559336400,714,826,112,1540,22,0.666027163738609,0.9518925916397143
180,1559350800,255,407,152,662,22,1.2302861829422718,-0.4962690985829065
180,1559365200,24,108,84,132,22,0.2710458502960451,-1.3704441507674043
180,1559379600,254,220,0,474,22,-0.9138980900316468,-0.8063538340747661
180,1559394000,456,319,0,775,22,-0.9138980900316468,-0.30988837990960794
180,1559408400,458,500,42,958,22,-0.32142611986780084,-0.008050578872319095
180,1559422800,391,453,62,844,22,-0.03929661026596946,-0.19608068443653182
180,1559437200,181,314,133,495,22,0.962263148820532,-0.771716709365569
180,1559451600,25,88,63,113,22,-0.02519013478587789,-1.4017825016947731
180,1559466000,174,173,0,347,22,-0.9138980900316468,-1.0158259692208629
180,1559480400,310,219,0,529,22,-0.9138980900316468,-0.7156375550744881
180,1559494800,414,405,0,819,22,-0.9138980900316468,-0.2373153567093855
180,1559509200,320,478,158,798,22,1.3149250358228213,-0.2719524814185826
180,1559523600,142,212,70,354,22,0.0735551935747631,-1.0042802609844637
180,1559538000,41,55,14,96,22,-0.7164074333103648,-1.4298220788403135
180,1559552400,678,698,20,1376,22,-0.6317685804298154,0.6813931415297942
180,1559566800,567,635,68,1202,22,0.04534224261457996,0.39439982251073274
180,1559581200,949,873,0,1822,22,-0.9138980900316468,1.4170196948775038
180,1559595600,717,905,188,1622,22,1.7381193002255684,1.0871423166946743
180,1559610000,130,349,219,479,23,1.7202840637559924,-0.7048123803104592
180,1559624400,40,63,23,103,23,-0.5654805403910177,-1.3183233112114248
180,1559638800,625,589,0,1214,23,-0.8337080194490852,0.49447095536031144
180,1559653200,598,613,15,1211,23,-0.6587770548459977,0.48957592133716543
180,1559667600,896,877,0,1773,23,-0.8337080194490852,1.4065789616731832
180,1559682000,754,958,204,1712,23,1.545353099152905,1.3070466032025478
180,1559696400,136,384,248,520,23,2.058483928655295,-0.6379135819941305
180,1559710800,25,74,49,99,23,-0.2622668684123327,-1.3248500232422862
180,1559725200,729,717,0,1446,23,-0.8337080194490852,0.873020253150269
180,1559725917,41,42,1,83,23,-0.8220459551422128,-1.3509568713657316
180,1559735023,396,412,16,808,23,-0.6471149905391252,-0.16799031577211423
180,1559735115,6,2,0,8,23,-0.8337080194490852,-1.4733327219443817
180,1559739600,181,173,0,354,23,-0.8337080194490852,-0.908772131274876
180,1559754000,939,853,0,1792,23,-0.8337080194490852,1.4375808438197746
180,1559768400,794,1003,209,1797,23,1.6036634206872675,1.4457392338583512
180,1559782800,134,381,247,515,23,2.0468218643484226,-0.6460719720327072
180,1559797200,35,63,28,98,23,-0.5071702188566553,-1.3264817012500016
180,1559811600,638,637,0,1275,23,-0.8337080194490852,0.5940033138309468
180,1559826000,641,595,0,1236,23,-0.8337080194490852,0.5303678715300488
180,1559840400,909,845,0,1754,23,-0.8337080194490852,1.375577079526592
180,1559854800,792,947,155,1739,23,0.9739119481161523,1.3511019094108618
180,1559869200,129,387,258,516,23,2.17510457172402,-0.6444402940249918
180,1559883600,26,76,50,102,23,-0.2506048041054602,-1.3199549892191402
180,1559898000,691,720,29,1411,23,-0.49550815454978275,0.8159115228802323
180,1559912400,668,699,31,1367,23,-0.47218402593603775,0.7441176905407576
180,1559926800,1043,922,0,1965,23,-0.8337080194490852,1.7198611391545275
180,1559941200,732,841,109,1573,23,0.43745699000001725,1.0802433601301165
180,1559955600,210,389,179,599,23,1.2538014914810922,-0.5090110193846191
180,1559970000,27,110,83,137,23,0.13424331802133227,-1.2628462589491034
180,1559984400,257,226,0,483,23,-0.8337080194490852,-0.6982856682795978
180,1559998800,461,449,0,910,23,-0.8337080194490852,-0.0015591589851501506
180,1560013200,584,692,108,1276,23,0.42579492569314475,0.5956349918386622
180,1560027600,581,517,0,1098,23,-0.8337080194490852,0.3051963064653327
180,1560042000,161,349,188,510,23,1.3587600702429448,-0.6542303620712838
180,1560056400,27,104,77,131,23,0.06427093218009727,-1.2726363269953955
180,1560070800,173,181,8,354,23,-0.7404115049941052,-0.908772131274876
180,1560085200,339,250,0,589,23,-0.8337080194490852,-0.5253277994617724
180,1560099600,419,492,73,911,23,0.017622674952607272,7.251902256518368e-05
180,1560114000,311,411,100,722,23,0.33249841123816476,-0.308314624435633
180,1560128400,108,232,124,340,23,0.6123879546031048,-0.9316156233828906
180,1560142800,27,51,24,78,23,-0.5538184760841453,-1.3591152614043083
180,1560157200,675,701,26,1376,23,-0.5304943474704003,0.7588027926101956
180,1560171600,546,631,85,1177,23,0.15756744663507727,0.4340988690748441
180,1560186000,957,742,0,1699,23,-0.8337080194490852,1.2858347891022486
180,1560200400,701,952,251,1653,23,2.0934701215759124,1.2107776007473432
180,1560214800,107,326,219,433,24,1.703410247126773,-1.100698326796987
180,1560229200,16,66,50,82,24,-0.2830854292234832,-1.62654660587246
180,1560243600,678,669,0,1347,24,-0.8708060435282926,0.26860459934256437
180,1560258000,594,718,124,1312,24,0.5867410799476348,0.21616958575953996
180,1560272400,1000,859,0,1859,24,-0.8708060435282926,1.0356539408999497
180,1560286800,920,1040,120,1960,24,0.5397234308032501,1.1869664086681058
180,1560301200,185,390,205,575,24,1.5388484751214264,-0.8879619859744309
180,1560315600,25,89,64,114,24,-0.11852365721813653,-1.5786060220251235
180,1560330000,695,697,2,1392,24,-0.8472972189561002,0.3360210453778814
180,1560344400,648,613,0,1261,24,-0.8708060435282926,0.13976428025284726
180,1560358800,1018,856,0,1874,24,-0.8708060435282926,1.0581260895783888
180,1560373200,795,942,147,1737,24,0.8570925625278472,0.852880464981979
180,1560387600,137,397,260,534,24,2.1853411508567167,-0.9493858590288309
180,1560402000,29,78,49,107,24,-0.29483984150957937,-1.5890930247417285
180,1560416400,673,673,0,1346,24,-0.8708060435282926,0.2671064560973351
180,1560430800,555,666,111,1221,24,0.4339337202283844,0.07983855044367653
180,1560445200,1005,846,0,1851,24,-0.8708060435282926,1.0236687949381156
180,1560459600,805,874,69,1679,24,-0.05975159578765557,0.7659881567586815
180,1560474000,133,388,255,521,24,2.1265690894262357,-0.9688617212168114
180,1560488400,31,78,47,109,24,-0.31834866608177176,-1.5860967382512698
180,1560502800,663,719,56,1382,24,-0.21255895550690604,0.32103961292558875
180,1560517200,696,645,0,1341,24,-0.8708060435282926,0.25961573987118874
180,1560531600,1396,916,0,2312,24,-0.8708060435282926,1.7143128309888083
180,1560546000,869,807,0,1676,24,-0.8708060435282926,0.7614937270229937
180,1561179600,28,109,81,137,25,0.222042996511301,-1.1790146775273709
180,1561194000,218,260,42,478,25,-0.3512457157356467,-0.4126019058107223
180,1561208400,406,375,0,781,25,-0.9686335596938982,0.2684041640723994
180,1561222800,528,511,0,1039,25,-0.9686335596938982,0.8482707186263446
180,1561237200,339,480,141,819,25,1.1040256307373744,0.35381086590592625
180,1561251600,131,381,250,512,25,2.706294082914741,-0.33618538311756674
180,1561266000,29,107,78,136,25,0.17794386479999733,-1.1812622223124638
180,1561280400,156,201,45,357,25,-0.3071465840243431,-0.6845548248069525
180,1561294800,316,291,0,607,25,-0.9686335596938982,-0.12266862853374971
180,1561309200,432,445,13,877,25,-0.7775373222782489,0.48416846344130926
180,1561323600,269,442,173,711,25,1.5744163689912802,0.11107602911590264
180,1561338000,112,232,120,344,25,0.7953317087582488,-0.713772907013159
180,1561352400,29,59,30,88,25,-0.5276422425808615,-1.2891443719969187
180,1561365933,487,585,98,1072,25,0.4719380762086885,0.9224396965344074
180,1561366800,57,65,8,122,25,-0.8510358751304217,-1.212727849303763
180,1561370758,203,242,39,445,25,-0.3953448474469504,-0.4867708837187851
180,1561381200,388,400,12,788,25,-0.7922370328486835,0.28413697756804907
180,1561395600,890,791,0,1681,25,-0.9686335596938982,2.2911944706559293
180,1561410000,727,849,122,1576,25,0.8247311298991179,2.0552022682211843
180,1561424400,125,342,217,467,26,1.7106279079163635,-0.7641959501254477
180,1561438800,36,59,23,95,26,-0.6901220934023283,-1.456425318617812
180,1561453200,623,562,0,1185,26,-0.9747470935586681,0.5718811643302448
180,1561467600,612,681,69,1293,26,-0.12087209308964879,0.7728509809893184
180,1561482000,848,768,0,1616,26,-0.9747470935586681,1.3738995993308067
180,1561496400,737,875,138,1612,26,0.7330029073793705,1.3664562727878782
180,1561510800,135,381,246,516,26,2.0695029081134875,-0.6730151999745717
180,1561525200,25,70,45,95,26,-0.41787209325278596,-1.456425318617812
180,1561539600,585,626,41,1211,26,-0.4673720932799755,0.620262786859281
180,1561554000,714,839,125,1553,26,0.5721279072910046,1.2566672062796804
180,1561568400,763,727,0,1490,26,-0.9747470935586681,1.1394348132285543
180,1561582800,773,901,128,1674,26,0.6092529073113967,1.4818278342032722
180,1561597200,160,399,239,559,26,1.982877908065906,-0.5929994396380888
180,1561611600,39,90,51,129,26,-0.34362209321200166,-1.3931570430029185
180,1561626000,573,579,6,1152,26,-0.9004970935178838,0.5104737203510835
180,1561640400,560,625,65,1185,26,-0.17037209311683832,0.5718811643302448
180,1561654800,872,797,0,1669,26,-0.9747470935586681,1.4725236760246114
180,1561669200,725,787,62,1512,26,-0.20749709313723044,1.1803731092146619
180,1561683600,145,412,267,557,26,2.3293779082562325,-0.596721102909553
180,1561698000,26,86,60,112,26,-0.23224709315082523,-1.4247911808103653
180,1561708680,297,277,0,574,26,-0.9747470935586681,-0.5650869651021063
180,1561712400,239,264,25,503,26,-0.6653720933887336,-0.6972060112390899
180,1561726800,589,600,11,1189,26,-0.8386220934838969,0.5793244908731735
180,1561741200,838,807,0,1645,26,-0.9747470935586681,1.4278637167670394
180,1561755600,751,783,32,1534,26,-0.5787470933411519,1.2213114052007694
180,1561770000,184,390,206,574,26,1.5745029078415924,-0.5650869651021063
180,1561784400,24,104,80,128,26,0.015252906985122402,-1.3950178746386508
180,1561798800,220,183,0,403,26,-0.9747470935586681,-0.8832891748123061
180,1561813200,360,338,0,698,26,-0.9747470935586681,-0.3343438422713182
180,1561827600,416,486,70,902,26,-0.10849709308285141,0.0452658114180429
180,1561842000,306,496,190,802,26,1.3765029077328343,-0.14081735215517333
180,1561856400,152,342,190,494,26,1.3765029077328343,-0.7139534959606793
180,1561870800,21,99,78,120,26,-0.00949709302847236,-1.409904527724508
180,1561885200,153,118,0,271,26,-0.9747470935586681,-1.1289189507289514
180,1561899600,410,253,0,663,26,-0.9747470935586681,-0.3994729495219439
180,1561914000,393,412,19,805,26,-0.7396220934295178,-0.13523485724797685
180,1561928400,268,456,188,724,26,1.3517529077192396,-0.285962219742282
180,1561942800,114,307,193,421,26,1.4136279077532266,-0.8497942053691271
180,1561957200,33,78,45,111,26,-0.41787209325278596,-1.4266520124460975
180,1561971600,565,618,53,1183,26,-0.31887209319840687,0.5681595010587805
180,1561986000,510,610,100,1120,26,0.26275290712107,0.4509271080076543
180,1562000400,837,730,0,1567,26,-0.9747470935586681,1.2827188491799308
180,1562014800,751,876,125,1627,26,0.5721279072910046,1.3943687473238606
180,1562029200,133,380,247,513,27,2.170607468623517,-0.24086322268850938
180,1562043600,30,106,76,136,27,0.036702865549941066,-0.9172291030203292
180,1562058000,559,639,80,1198,27,0.08661876269786097,0.988077435208829
180,1562072400,541,632,91,1173,27,0.22388747985464072,0.943225586380459
180,1562086800,837,775,0,1612,27,-0.9116991802605371,1.7308240518066365
180,1562101200,725,895,170,1620,27,1.2097264485260588,1.7451766434317149
180,1562115600,121,406,285,527,27,2.644808491528756,-0.21574618734462217
180,1562130000,26,100,74,126,27,0.011744916975981113,-0.9351698425516772
180,1562144400,504,603,99,1107,27,0.3237192741504805,0.8248167054735621
180,1562158800,548,543,0,1091,27,-0.9116991802605371,0.7961115222234053
180,1562173200,823,890,67,1713,27,-0.07560790303287872,1.9120255210732513
180,1562187600,648,746,98,1394,27,0.31124029986350055,1.33971593002325
180,1562202000,129,335,206,464,27,1.658969522857338,-0.3287728463921146
180,1562216400,30,73,43,103,27,-0.37510328592039816,-0.9764335434737776
180,1562230277,182,216,34,398,27,-0.48741405450321795,-0.44718172729901146
180,1562230360,3,0,0,3,27,-0.9116991802605371,-1.1558409387872577
180,1562230423,3,0,0,3,27,-0.9116991802605371,-1.1558409387872577
180,1562230518,1,8,7,9,27,-0.8243463602516773,-1.1450764950684489
180,1562230602,2,3,1,5,27,-0.8992202059735571,-1.152252790880988
180,1562230682,1,8,7,9,27,-0.8243463602516773,-1.1450764950684489
180,1562230800,5,3,0,8,27,-0.9116991802605371,-1.1468705690215837
180,1562245200,306,248,0,554,27,-0.9116991802605371,-0.16730619060998256
180,1562259600,415,376,0,791,27,-0.9116991802605371,0.2578893362829652
180,1562274000,306,339,33,645,27,-0.4998930287901979,-0.004045460874715719
180,1562288400,125,379,254,504,27,2.257960288632377,-0.2570098882667226
180,1562302800,27,106,79,133,27,0.074139788410881,-0.9226113248797336
180,1562315638,307,368,61,675,27,-0.1504817487547586,0.049776757719328296
180,1562315721,4,4,0,8,27,-0.9116991802605371,-1.1468705690215837
180,1562315799,2,9,7,11,27,-0.8243463602516773,-1.1414883471621793
180,1562317200,47,95,48,142,27,-0.3127084144854983,-0.9064646593015204
180,1562331600,457,440,0,897,27,-0.9116991802605371,0.448061175315254
180,1562346000,741,633,0,1374,27,-0.9116991802605371,1.303834450960554
180,1562360400,481,584,103,1065,27,0.3736351712984004,0.7494655994419005
180,1562374800,136,368,232,504,27,1.9834228543188175,-0.2570098882667226
180,1562389200,21,96,75,117,27,0.024223891262961088,-0.9513165081298904
180,1562403600,128,185,57,313,27,-0.2003976459026785,-0.5996780133154694
180,1562418000,204,369,165,573,27,1.147331577091159,-0.13321878550042135
180,1562432400,349,532,183,881,27,1.3719531142567984,0.4193559920650972
180,1562446800,295,405,110,700,27,0.46098799130726026,0.09462860654769831
180,1562461200,109,335,226,444,27,1.9085490085969374,-0.36465432545481063
180,1562475600,35,84,49,119,27,-0.30022944019851827,-0.9477283602236208
180,1562490000,107,139,32,246,27,-0.5123720030771779,-0.7198809681755012
180,1562504400,251,264,13,515,27,-0.7494725145297975,-0.23727507478223978
180,1562518800,368,452,84,820,27,0.13653465984578086,0.3099174809238744
180,1562533200,245,410,165,655,27,1.147331577091159,0.013895278656632287
180,1562547600,126,266,140,392,27,0.8353572199166596,-0.45794617101782026
180,1562562000,23,48,25,71,27,-0.5997248230860377,-1.0338439099740913
180,1562576400,820,636,0,1456,27,-0.9116991802605371,1.4509485151176076
180,1562590800,799,647,0,1446,27,-0.9116991802605371,1.4330077755862596
180,1562605200,1177,775,0,1952,27,-0.9116991802605371,2.3408091958724686
180,1562619600,911,884,0,1795,27,-0.9116991802605371,2.0591395852303047
180,1562634000,191,320,129,511,28,0.6880833059735308,-0.6939485982613576
180,1562648400,34,65,31,99,28,-0.6010158689864387,-1.3380210368107315
180,1562662800,895,582,0,1477,28,-1.0087921386166332,0.8161824105704273
180,1562677200,863,682,0,1545,28,-1.0087921386166332,0.9224856285834308
180,1562691600,1287,782,0,2069,28,-1.0087921386166332,1.741645720330693
180,1562706000,1141,849,0,1990,28,-1.0087921386166332,1.6181463935214684
180,1562720400,232,373,141,605,28,0.8459321845400578,-0.5470000321845586
180,1562734800,34,67,33,101,28,-0.5747077225586842,-1.334894471575055
180,1562749200,1010,566,0,1576,28,-1.0087921386166332,0.9709473897364177
180,1562763600,595,640,45,1235,28,-0.4168588439921573,0.43786801705356193
180,1562778000,919,812,0,1731,28,-1.0087921386166332,1.213256195501352
180,1562792400,770,893,123,1663,28,0.6091588666902674,1.1069529774883486
180,1562806800,140,387,247,527,28,2.240263945211045,-0.668936076375945
180,1562821200,26,72,46,98,28,-0.40370477077828004,-1.33958431942857
180,1562835600,645,633,0,1278,28,-1.0087921386166332,0.5050891696206082
180,1562850000,531,674,143,1205,28,0.8722403309678123,0.3909695385184133
180,1562864400,1004,763,0,1767,28,-1.0087921386166332,1.2695343697435304
180,1562878800,1104,935,0,2039,28,-1.0087921386166332,1.6947472417955443
180,1562893200,219,302,83,521,28,0.08299593813517783,-0.6783157720829747
180,1562907600,22,58,36,80,28,-0.5352455029170524,-1.367723406549659
180,1562922000,780,567,0,1347,28,-1.0087921386166332,0.61295567025145
180,1562936400,793,923,130,1716,28,0.7012373791874081,1.1898069562337779
180,1562950800,930,859,0,1789,28,-1.0087921386166332,1.3039265873359727
180,1562965200,740,756,16,1496,28,-0.7983269671945973,0.8458847803093548
180,1562979600,163,363,200,526,28,1.622022504158815,-0.6704993589937832
180,1562994000,25,104,79,129,28,0.030379645279668875,-1.291122558275583
180,1563008400,157,235,78,392,28,0.017225572065791634,-0.8799792297841136
180,1563022800,279,425,146,704,28,0.9117025506094439,-0.3922350530185682
180,1563037200,367,548,181,915,28,1.3720951130951473,-0.062382420654689755
180,1563051600,237,453,216,690,28,1.8324876755808506,-0.41412100966830423
180,1563066000,101,330,229,431,28,2.0034906273612547,-0.8190112076884204
180,1563080400,24,114,90,138,28,0.17507445063231852,-1.2770530147150383
180,1563094800,101,130,29,231,28,-0.6273240154141931,-1.1316677312560777
180,1563109200,216,213,0,429,28,-1.0087921386166332,-0.8221377729240971
180,1563123600,257,359,102,616,28,0.33292332919884543,-0.5298039233883375
180,1563138000,212,358,146,570,28,0.9117025506094439,-0.6017149238088986
180,1563152400,87,256,169,343,28,1.2142462345286205,-0.9565800780581897
180,1563166800,17,48,31,65,28,-0.6010158689864387,-1.3911726458172333
180,1563181200,597,606,9,1203,28,-0.890405479691738,0.38784297328273676
180,1563195600,506,649,143,1155,28,0.8722403309678123,0.312805407626499
180,1563210000,834,768,0,1602,28,-1.0087921386166332,1.0115927378002132
180,1563224400,666,836,170,1502,28,1.2274003077424978,0.8552644760163844
180,1563238800,133,334,201,467,29,1.5415890881041598,-0.668514127972476
180,1563253200,24,54,30,78,29,-0.46900888358423165,-1.3109350661673702
180,1563267600,640,651,11,1291,29,-0.6924086582162751,0.6922952629596394
180,1563279532,480,545,65,1025,29,-0.05748298294625677,0.25300485278009727
180,1563282000,90,115,25,205,29,-0.5277982979610851,-1.1011986673222505
180,1563291448,460,448,0,908,29,-0.821745369845353,0.059783131009396404
180,1563296400,436,336,0,772,29,-0.821745369845353,-0.16481647720270032
180,1563310800,730,838,108,1568,29,0.44810598069468377,1.1497518179210422
180,1563325200,131,339,208,470,29,1.6238942682317548,-0.6635597248501504
180,1563339600,44,80,36,124,29,-0.39846158633200734,-1.2349675516250436
180,1563350831,544,400,0,944,29,-0.821745369845353,0.11923596847730436
180,1563354000,339,256,0,595,29,-0.821745369845353,-0.4571262614199144
180,1563368400,541,684,143,1225,29,0.8596318813326587,0.5832983942684747
180,1563382800,1272,735,0,2007,29,-0.821745369845353,1.8747461414880309
180,1563397200,1131,883,0,2014,29,-0.821745369845353,1.8863064154401241
180,1563411600,198,358,160,556,29,1.0595158902139608,-0.521533502010148
180,1563426000,43,60,17,103,29,-0.6218613609640509,-1.269648373481323
180,1563440400,918,595,0,1513,29,-0.821745369845353,1.0589210940117384
180,1563454800,708,712,4,1420,29,-0.7747138383438701,0.9053345972196428
180,1563469200,1044,1435,391,2479,29,3.7755868344245944,2.654238899400602
180,1563483600,1098,868,0,1966,29,-0.821745369845353,1.8070359654829136
180,1563498000,237,337,100,574,29,0.3540429176917181,-0.49180708327619405
180,1563512400,45,77,32,122,29,-0.4454931178334902,-1.2382704870399273
180,1563526800,837,608,0,1445,29,-0.821745369845353,0.94662128990569
180,1563541200,578,652,74,1230,29,0.04833796293207962,0.5915557328056842
180,1563555600,785,793,8,1578,29,-0.7276823068423872,1.166266494995461
180,1563570000,458,489,31,947,29,-0.45725100070886093,0.12419037159963002
180,1563584400,129,345,216,474,29,1.7179573312347205,-0.6569538540203828
180,1563598800,25,109,84,134,29,0.1659167916857867,-1.2184528745506247
180,1563613200,172,193,21,365,29,-0.574829829462568,-0.8369638341315485
180,1563627600,319,286,0,605,29,-0.821745369845353,-0.4406115843454955
180,1563642000,360,382,22,742,29,-0.5630719465871973,-0.21436050842595694
180,1563656400,282,354,72,636,29,0.024822197181338202,-0.389416085414797
180,1563670800,109,318,209,427,29,1.6356521511071256,-0.7345728362701516
180,1563685200,22,95,73,117,29,0.036580080056708916,-1.2465278255771366
180,1563699600,174,179,5,353,29,-0.7629559554684994,-0.8567814466208512
180,1563714000,315,239,0,554,29,-0.821745369845353,-0.5248364374250318
180,1563728400,349,449,100,798,29,0.3540429176917181,-0.12187831680921123
180,1563742800,214,333,119,547,29,0.5774426923237616,-0.536396711377125
180,1563757200,88,271,183,359,29,1.329947196347487,-0.8468726403761999
180,1563771600,28,62,34,90,29,-0.4219773520827488,-1.2911174536780676
180,1563786000,543,690,147,1233,29,0.9066634128341414,0.5965101359280098
180,1563800400,562,588,26,1150,29,-0.5160404150857144,0.4594383162103332
180,1563814800,861,668,0,1529,29,-0.821745369845353,1.0853445773308086
180,1563829200,651,841,190,1492,29,1.412252376475082,1.0242402721554587
180,1563843600,110,274,164,384,30,1.260191879782879,-0.8530443295662521
180,1563858000,26,50,24,76,30,-0.6814744482467696,-1.4376439125893543
180,1563872400,625,585,0,1210,30,-1.0143315330518523,0.7147454612684315
180,1563879207,290,380,90,670,30,0.23388253496720762,-0.3102018596162284
180,1563886800,259,298,39,557,30,-0.47343877024359293,-0.5246815767643147
180,1563888300,57,53,0,110,30,-1.0143315330518523,-1.3731101923855054
180,1563901200,819,690,0,1509,30,-1.0143315330518523,1.2822625889434562
180,1563915600,695,817,122,1512,30,0.6776919813739845,1.2879567407261487
180,1563930000,127,343,216,470,30,1.9813822301938917,-0.6898119784623988
180,1563944400,33,77,44,110,30,-0.4040935442425341,-1.3731101923855054
180,1563958800,614,641,27,1255,30,-0.6398673126461343,0.8001577380088198
180,1563973200,601,653,52,1254,30,-0.2931411826408399,0.798259687414589
180,1563987600,854,746,0,1600,30,-1.0143315330518523,1.4549851930184636
180,1564002000,722,982,260,1704,30,2.5916202190032096,1.6523824548184722
180,1564016400,156,382,226,538,30,2.1200726821960094,-0.5607445380547008
180,1564030800,31,69,38,100,30,-0.48730781544380475,-1.3920906983278138
180,1564045200,634,689,55,1323,30,-0.25153404704020454,0.9292251784165177
180,1564059600,545,605,60,1150,30,-0.18218882103914566,0.6008624256145805
180,1564074000,858,742,0,1600,30,-1.0143315330518523,1.4549851930184636
180,1564088400,708,801,93,1509,30,0.27548967056784296,1.2822625889434562
180,1564102800,135,377,242,512,30,2.3419774053993976,-0.610093853504703
180,1564117200,28,74,46,102,30,-0.3763554538421105,-1.3882945971393523
180,1564131600,557,597,40,1154,30,-0.45956972504338117,0.6084546279915038
180,1564146000,574,618,44,1192,30,-0.4040935442425341,0.6805805505722762
180,1564160400,866,786,0,1652,30,-1.0143315330518523,1.553683823918468
180,1564174800,632,716,84,1348,30,0.15066826376593698,0.9766764432722891
180,1564189200,166,349,183,515,30,1.5237037385869028,-0.6043997017220104
180,1564203600,30,116,86,146,30,0.17840635416636053,-1.3047803709931947
180,1564218000,205,331,126,536,30,0.7331681621748316,-0.5645406392431626
180,1564232400,443,342,0,785,30,-1.0143315330518523,-0.09192604127968047
180,1564246800,421,398,0,819,30,-1.0143315330518523,-0.027392321075831512
180,1564261200,351,433,82,784,30,0.12293017336551341,-0.09382409187391133
180,1564275600,144,309,165,453,30,1.2740609249830908,-0.7220788385643233
180,1564290000,24,105,81,129,30,0.10906112816530164,-1.3370472310951191
180,1564304400,139,157,18,296,30,-0.7646887194480403,-1.020072781858567
180,1564318800,327,241,0,568,30,-1.0143315330518523,-0.5038030202277753
180,1564333200,322,390,68,712,30,-0.07123645943745145,-0.23048373465853264
180,1564347600,255,404,149,659,30,1.0521562017797024,-0.3310804161527678
180,1564362000,96,244,148,340,30,1.0382871565794907,-0.9365585557124095
180,1564376400,29,64,35,93,30,-0.5289149510444401,-1.4053770524874298
180,1564390800,568,572,4,1140,30,-0.9588553522510052,0.5818819196722719
180,1564405200,502,564,62,1066,30,-0.1544507306387221,0.44142617569918885
180,1564419600,813,741,0,1554,30,-1.0143315330518523,1.3676748656838444
180,1564434000,715,760,45,1475,30,-0.3902244990423223,1.2177288687396073
180,1564448400,132,343,211,475,31,1.5298042820933775,-0.9970443062452798
180,1564462800,26,66,40,92,31,-0.5252912248497391,-1.6654246492300095
180,1564477200,606,683,77,1289,31,-0.08062143679771967,0.42348206239589503
180,1564491600,510,610,100,1120,31,0.1957949179373194,0.12855705465589679
180,1564506000,840,762,0,1602,31,-1.0060153200411115,0.9697041181510396
180,1564520400,751,857,106,1608,31,0.26790353221602525,0.9801748284850041
180,1564534800,124,395,271,519,31,2.2508904248804362,-0.9202590971295407
180,1564549200,22,75,53,97,31,-0.36905589391254306,-1.6566990572850393
180,1564563600,587,559,0,1146,31,-1.0060153200411115,0.17393013276974267
180,1564578000,575,729,154,1304,31,0.8447724464456721,0.4496588382308061
180,1564592400,827,758,0,1585,31,-1.0060153200411115,0.9400371055381405
180,1564606800,747,899,152,1646,31,0.8207362416861034,1.0464893272667788
180,1564621200,151,362,211,513,31,1.5298042820933775,-0.9307298074635051
180,1564635600,25,66,41,91,31,-0.5132731224699547,-1.6671697676190036
180,1564650000,889,706,0,1595,31,-1.0060153200411115,0.9574882894280812
180,1564664400,567,605,38,1172,31,-0.5493274296093077,0.21930321088358856
180,1564678800,1017,815,0,1832,31,-1.0060153200411115,1.3710813476196764
180,1564693200,714,855,141,1569,31,0.6885371155084761,0.9121152113142352
180,1564707600,133,377,244,510,31,1.92640166062626,-0.9359651626304873
180,1564722000,24,76,52,100,31,-0.38107399629232735,-1.651463702118057
180,1564736400,545,579,34,1124,31,-0.597399839128445,0.1355375282118731
180,1564750800,565,518,0,1083,31,-1.0060153200411115,0.06398767426311612
180,1564765200,820,754,0,1574,31,-1.0060153200411115,0.9208408032592056
180,1564779600,691,775,84,1466,31,0.00350527986077048,0.7323680172478458
180,1565413200,26,92,66,118,32,-0.2260568557157536,-1.3510043780073941
180,1565427600,189,226,37,415,32,-0.6313151461443592,-0.6581429148728759
180,1565442000,357,301,0,658,32,-1.1483688270360284,-0.09125626321736083
180,1565456400,419,476,57,895,32,-0.35182666998670015,0.4616331871627094
180,1565470800,320,474,154,794,32,1.0036924393779463,0.22601363235938832
180,1565485200,144,337,193,481,32,1.5486949678853814,-0.5041737008429829
180,1565499600,24,82,58,106,32,-0.3378522461788172,-1.378998780558284
180,1565514000,163,300,137,463,32,0.7661272346439361,-0.5461653046693173
180,1565528400,499,226,0,725,32,-1.1483688270360284,0.06504581769177295
180,1565542800,378,433,55,811,32,-0.3797755176024661,0.26567236930648197
180,1565557200,246,399,153,645,32,0.9897180155700633,-0.12158353264749126
180,1565571600,98,269,171,367,32,1.2412576441119565,-0.7701205250764344
180,1565586000,27,42,15,69,32,-0.9387524699177842,-1.4653148550901935
180,1565600400,614,605,0,1219,32,-1.1483688270360284,1.2174820560367294
180,1565614800,517,602,85,1119,32,0.039457196634022515,0.9841953681126492
180,1565629200,761,755,0,1516,32,-1.1483688270360284,1.910343519171248
180,1565643600,617,833,216,1450,32,1.870106715466689,1.7563743051413547
180,1565658000,138,325,187,463,33,2.7767286822287507,0.19326620057293126
180,1565668727,15,48,33,63,33,0.05922802638114557,-0.5302955178170624
180,1565668790,1,0,0,1,33,-0.5230935427290555,-0.6424475841675115
180,1565668853,0,1,1,1,33,-0.5054474345742009,-0.6424475841675115
180,1565668918,0,0,0,0,33,-0.5230935427290555,-0.6442564884634865
180,1565668980,0,0,0,0,33,-0.5230935427290555,-0.6442564884634865
180,1565669049,1,0,0,1,33,-0.5230935427290555,-0.6424475841675115
180,1565669117,0,0,0,0,33,-0.5230935427290555,-0.6442564884634865
180,1565669180,0,1,1,1,33,-0.5054474345742009,-0.6424475841675115
180,1565669242,0,2,2,2,33,-0.48780132641934637,-0.6406386798715364
180,1565669305,1,0,0,1,33,-0.5230935427290555,-0.6424475841675115
180,1565669372,1,0,0,1,33,-0.5230935427290555,-0.6424475841675115
180,1565669438,0,1,1,1,33,-0.5054474345742009,-0.6424475841675115
180,1565669501,1,1,0,2,33,-0.5230935427290555,-0.6406386798715364
180,1565669563,0,1,1,1,33,-0.5054474345742009,-0.6424475841675115
180,1565669629,0,1,1,1,33,-0.5054474345742009,-0.6424475841675115
180,1565669694,0,0,0,0,33,-0.5230935427290555,-0.6442564884634865
180,1565669758,0,0,0,0,33,-0.5230935427290555,-0.6442564884634865
180,1565669821,0,0,0,0,33,-0.5230935427290555,-0.6442564884634865
180,1565669883,1,0,0,1,33,-0.5230935427290555,-0.6424475841675115
180,1565669951,0,2,2,2,33,-0.48780132641934637,-0.6406386798715364
180,1565670015,0,1,1,1,33,-0.5054474345742009,-0.6424475841675115
180,1565670079,0,0,0,0,33,-0.5230935427290555,-0.6442564884634865
180,1565670141,0,0,0,0,33,-0.5230935427290555,-0.6442564884634865
180,1565670203,1,0,0,1,33,-0.5230935427290555,-0.6424475841675115
180,1565670265,1,0,0,1,33,-0.5230935427290555,-0.6424475841675115
180,1565670333,1,2,1,3,33,-0.5054474345742009,-0.6388297755755615
180,1565670399,1,1,0,2,33,-0.5230935427290555,-0.6406386798715364
180,1565670461,1,0,0,1,33,-0.5230935427290555,-0.6424475841675115
180,1565670524,1,0,0,1,33,-0.5230935427290555,-0.6424475841675115
180,1565670600,0,1,1,1,33,-0.5054474345742009,-0.6424475841675115
180,1565670664,1,0,0,1,33,-0.5230935427290555,-0.6424475841675115
180,1565670733,1,0,0,1,33,-0.5230935427290555,-0.6424475841675115
180,1565670800,0,0,0,0,33,-0.5230935427290555,-0.6442564884634865
180,1565670862,0,0,0,0,33,-0.5230935427290555,-0.6442564884634865
180,1565670932,1,0,0,1,33,-0.5230935427290555,-0.6424475841675115
180,1565671001,1,0,0,1,33,-0.5230935427290555,-0.6424475841675115
180,1565671066,1,0,0,1,33,-0.5230935427290555,-0.6424475841675115
180,1565671134,1,0,0,1,33,-0.5230935427290555,-0.6424475841675115
180,1565671206,1,3,2,4,33,-0.48780132641934637,-0.6370208712795865
180,1565671285,1,3,2,4,33,-0.48780132641934637,-0.6370208712795865
180,1565671365,0,2,2,2,33,-0.48780132641934637,-0.6406386798715364
180,1565671445,1,0,0,1,33,-0.5230935427290555,-0.6424475841675115
180,1565671534,0,2,2,2,33,-0.48780132641934637,-0.6406386798715364
180,1565671616,1,0,0,1,33,-0.5230935427290555,-0.6424475841675115
180,1565671694,2,0,0,2,33,-0.5230935427290555,-0.6406386798715364
180,1565671774,0,0,0,0,33,-0.5230935427290555,-0.6442564884634865
180,1565671855,0,0,0,0,33,-0.5230935427290555,-0.6442564884634865
180,1565671935,1,2,1,3,33,-0.5054474345742009,-0.6388297755755615
180,1565672016,0,0,0,0,33,-0.5230935427290555,-0.6442564884634865
180,1565672096,1,4,3,5,33,-0.47015521826449175,-0.6352119669836115
180,1565672176,1,0,0,1,33,-0.5230935427290555,-0.6424475841675115
180,1565672257,0,0,0,0,33,-0.5230935427290555,-0.6442564884634865
180,1565672337,1,3,2,4,33,-0.48780132641934637,-0.6370208712795865
180,1565672400,1,0,0,1,33,-0.5230935427290555,-0.6424475841675115
180,1565672417,0,0,0,0,33,-0.5230935427290555,-0.6442564884634865
180,1565672500,0,0,0,0,33,-0.5230935427290555,-0.6442564884634865
180,1565672584,2,0,0,2,33,-0.5230935427290555,-0.6406386798715364
180,1565672664,2,0,0,2,33,-0.5230935427290555,-0.6406386798715364
180,1565672744,1,2,1,3,33,-0.5054474345742009,-0.6388297755755615
180,1565672827,1,1,0,2,33,-0.5230935427290555,-0.6406386798715364
180,1565701200,1090,1165,75,2255,33,0.8003645688850378,3.434822698960103
180,1565706036,183,176,0,359,33,-0.5230935427290555,0.0051401537915329015
180,1565715600,615,487,0,1102,33,-0.5230935427290555,1.3491560457009462
180,1565730000,721,900,179,1621,33,2.635559816989914,2.287977375311963
180,1565744400,130,317,187,447,33,2.7767286822287507,0.1643237318373315
180,1565758800,27,50,23,77,33,-0.11723305516740021,-0.5049708576734127
180,1565773200,589,619,30,1208,33,0.006289701916581836,1.5408999010742945
180,1565787600,558,636,78,1194,33,0.8533028933496015,1.5155752409306447
180,1565802000,805,720,0,1525,33,-0.5230935427290555,2.1143225628983644
180,1565816400,695,911,216,1606,33,3.2884658187195335,2.260843810872338
180,1565830800,221,367,146,588,33,2.0532382478797127,0.41937923756980433
180,1565845200,28,64,36,92,33,0.1121663508457093,-0.47783729323378793
180,1565859600,557,601,44,1158,33,0.25333521608454596,1.4504546862755452
180,1565874000,598,645,47,1243,33,0.30627354054910966,1.604211551433419
180,1565888400,827,822,0,1649,33,-0.5230935427290555,2.3386266955992627
180,1565902800,738,814,76,1552,33,0.8180106770398924,2.163162978889689
180,1565917200,153,391,238,544,33,3.676680198126334,0.339787448546905
180,1565931600,36,68,32,104,33,0.04158191822629099,-0.4561304416820881
180,1565946000,502,538,36,1040,33,0.1121663508457093,1.2370039793504972
180,1565960400,549,534,0,1083,33,-0.5230935427290555,1.3147868640774214
180,1565974800,832,694,0,1526,33,-0.5230935427290555,2.1161314671943394
180,1565989200,677,760,83,1437,33,0.9415334341238744,1.955138984852566
180,1566003600,166,350,184,516,33,2.723790357764187,0.28913812825960544
180,1566018000,23,96,73,119,33,0.7650723525753287,-0.4289968772424633
180,1566032400,207,242,35,449,33,0.09452024269085472,0.1679415404292815
180,1566046800,344,331,0,675,33,-0.5230935427290555,0.5767539113196279
180,1566061200,463,455,0,918,33,-0.5230935427290555,1.016317655241549
180,1566075600,360,464,104,824,33,1.3121017053758206,0.8462806514199006
180,1566090000,150,311,161,461,33,2.3179298702025317,0.1896483919809813
180,1566104400,18,84,66,102,33,0.6415495954913466,-0.45974825027403804
180,1566118800,156,164,8,320,33,-0.38192467749021886,-0.06540711375149148
180,1566133200,324,266,0,590,33,-0.5230935427290555,0.42299704616175426
180,1566147600,366,419,53,785,33,0.4121501894782371,0.7757333838768762
180,1566162000,244,391,147,635,33,2.0708843560345676,0.5043977394806286
180,1566176400,94,247,153,341,33,2.1767610049636947,-0.027420123536016815
180,1566190800,21,45,24,66,33,-0.09958694701254563,-0.5248688049291375
180,1566205200,550,557,7,1107,33,-0.3995707856450735,1.358200567180821
180,1566219600,503,589,86,1092,33,0.9944717585884382,1.3310670027411964
180,1566234000,730,720,0,1450,33,-0.5230935427290555,1.9786547407002406
180,1566248400,697,817,120,1514,33,1.594439435853494,2.0944246156426396
180,1566262800,155,342,187,497,34,1.4617093663383212,-0.7070650430118125
180,1566277200,29,54,25,83,34,-0.7479041703348486,-1.518794012237311
180,1566291600,552,623,71,1175,34,-0.12048304263752874,0.6222881964444383
180,1566306000,583,584,1,1167,34,-1.0752543239160588,0.6066026124980519
180,1566320400,875,672,0,1547,34,-1.0888939136486093,1.3516678499514079
180,1566334800,726,846,120,1572,34,0.5478568542574423,1.4006852997838655
180,1566349200,153,353,200,506,34,1.6390240328614767,-0.6894187610721279
180,1566363600,22,68,46,90,34,-0.4614727859512895,-1.5050691262842228
180,1566378000,557,640,83,1197,34,0.043192034153076424,0.665423552297001
180,1566392400,552,603,51,1155,34,-0.39327483728853735,0.5830742365784722
180,1566406800,780,693,0,1473,34,-1.0888939136486093,1.2065761984473333
180,1566421200,693,897,204,1590,34,1.6935823917916786,1.435977863663235
180,1566435600,144,343,199,487,34,1.6253844431289264,-0.7266720229447956
180,1566450000,28,65,37,93,34,-0.5842290935442433,-1.499187032304328
180,1566464400,535,586,51,1121,34,-0.39327483728853735,0.5164105048063299
180,1566478800,523,567,44,1090,34,-0.4887519654163903,0.4556288670140824
180,1566493200,774,779,5,1553,34,-1.0206959649858571,1.3634320379111977
180,1566507600,689,797,108,1486,34,0.3841817774668372,1.2320652723602112
180,1566522000,135,331,196,466,34,1.584465673931275,-0.76784668080406
180,1566536400,27,69,42,96,34,-0.5160311448814912,-1.493304938324433
180,1566550800,485,572,87,1057,34,0.09775039308327815,0.39092583323523833
180,1566565200,528,570,42,1098,34,-0.5160311448814912,0.4713144509604688
180,1566579600,811,832,21,1643,34,-0.8024625292650502,1.539894857308045
180,1566594000,614,774,160,1388,34,1.0934404435594596,1.0399168690169773
180,1566608400,189,341,152,530,34,0.9843237256990561,-0.6423620092329685
180,1566622800,25,122,97,147,34,0.23414629040878246,-1.3933093406662194
180,1566637200,221,240,19,461,34,-0.8297417087301511,-0.7776501707705515
180,1566651600,391,304,0,695,34,-1.0888939136486093,-0.31884684033874816
180,1566666000,448,476,28,924,34,-0.7069854011371972,0.13015300012656372
180,1566680400,376,484,108,860,34,0.3841817774668372,0.004668328555472208
180,1566694800,139,352,213,491,34,1.8163386993846324,-0.7188292309716023
180,1566709200,29,90,61,119,34,-0.256878939963033,-1.4482088844785719
180,1566723600,142,176,34,318,34,-0.6251478627418946,-1.0580299838122091
180,1566738000,326,233,0,559,34,-1.0888939136486093,-0.5855017674273176
180,1566752400,414,379,0,793,34,-1.0888939136486093,-0.12669843699551422
180,1566766800,324,458,134,782,34,0.7388111105131484,-0.1482661149217956
180,1566781200,104,282,178,386,34,1.3389530587453673,-0.9247025202679244
180,1566795600,22,47,25,69,34,-0.7479041703348486,-1.546243784143487
180,1566810000,556,634,78,1190,34,-0.025005914509675722,0.6516986663439129
180,1566824400,521,508,0,1029,34,-1.0888939136486093,0.33602628942288576
180,1566838800,793,716,0,1509,34,-1.0888939136486093,1.2771613262060721
180,1566853200,641,887,246,1528,34,2.2664451605587965,1.3144145880787401
180,1566867600,201,332,131,533,35,0.7212367293016234,-0.5137150677251936
180,1566882000,33,64,31,97,35,-0.6132100826220851,-1.4091224844569419
180,1566896400,590,582,0,1172,35,-1.0268885943184347,0.7985907563380795
180,1566910800,524,588,64,1112,35,-0.17284263468726124,0.675369552200683
180,1566925200,813,742,0,1555,35,-1.0268885943184347,1.585152776081794
180,1566939600,687,896,209,1583,35,1.762105242602116,1.6426560046792458
180,1566954000,128,368,240,496,35,2.1757837542984655,-0.5897014769432548
180,1566968400,34,64,30,98,35,-0.6265545507413222,-1.4070687977213185
180,1566982800,570,641,71,1211,35,-0.07943135785260165,0.8786845390273873
180,1566997200,541,641,100,1182,35,0.3075582176052738,0.8191276236943122
180,1567011600,780,737,0,1517,35,-1.0268885943184347,1.5071126801281096
180,1567026000,698,860,162,1558,35,1.134915240997973,1.5913138362886639
180,1567040400,148,347,199,495,35,1.6286605614097451,-0.591755163678878
180,1567054800,22,68,46,90,35,-0.41304306083352876,-1.4234982916063048
180,1567069200,577,630,53,1207,35,-0.31963178399886916,0.8704697920848942
180,1567083600,571,606,35,1177,35,-0.5598322101451367,0.8088591900161959
180,1567098000,756,684,0,1440,35,-1.0268885943184347,1.3489788014851174
180,1567112400,658,777,119,1435,35,0.5611031118707784,1.3387103678070011
180,1567126800,121,387,266,508,35,2.52273992539863,-0.5650572361157755
180,1567141200,29,80,51,109,35,-0.34632072023734334,-1.3844782436294625
180,1567155600,504,595,91,1099,35,0.18745800453214004,0.6486716246375804
180,1567170000,568,579,11,1147,35,-0.8800994450068268,0.7472485879474976
180,1567184400,843,798,0,1641,35,-1.0268885943184347,1.7617698353453959
180,1567198800,577,723,146,1300,35,0.9214037510901797,1.0614626584978588
180,1567213200,155,359,204,514,35,1.6953829020059306,-0.5527351157020358
180,1567227600,24,114,90,138,35,0.17411353641290298,-1.3249213282963874
180,1567242000,207,213,6,420,35,-0.9468217856030122,-0.7457816688506238
180,1567256400,371,288,0,659,35,-1.0268885943184347,-0.2549505390366609
180,1567270800,452,445,0,897,35,-1.0268885943184347,0.23382690404167875
180,1567285200,307,460,153,767,35,1.0148150279248394,-0.0331523715893471
180,1567299600,127,300,173,427,35,1.281704390309581,-0.7314058617012609
180,1567314000,27,88,61,115,35,-0.2128760390449725,-1.372156123215723
180,1567328400,171,157,0,328,35,-1.0268885943184347,-0.9347208485279651
180,1567342800,298,235,0,533,35,-1.0268885943184347,-0.5137150677251936
180,1567357200,408,425,17,833,35,-0.8000326362914042,0.1023909529617891
180,1567371600,303,418,115,721,35,0.5077252393938301,-0.12762196142801777
180,1567386000,131,261,130,392,35,0.7078922611823864,-0.8032848974480755
180,1567400400,28,68,40,96,35,-0.4931098695489513,-1.411176171192565
180,1567414800,167,202,35,369,35,-0.5598322101451367,-0.8505196923674108
180,1567429200,297,275,0,572,35,-1.0268885943184347,-0.4336212850358859
180,1567443600,363,394,31,757,35,-0.6132100826220851,-0.05368923894557985
180,1567458000,235,357,122,592,35,0.6011365162284896,-0.3925475503234203
180,1567472400,80,243,163,323,36,1.182278543683259,-0.9687980628662436
180,1567486800,22,45,23,67,36,-0.7026040921676995,-1.3934090310152965
180,1567501200,646,744,98,1390,36,0.3071544627524569,0.8009671832862537
180,1567515600,535,549,14,1084,36,-0.8237751187581183,0.29342438542058913
180,1567530000,798,748,0,1546,36,-1.0122633823432141,1.059714492002083
180,1567544400,740,863,123,1603,36,0.6437406477258424,1.1542567778790203
180,1567558800,136,347,211,483,36,1.828524018832159,-0.7034162077730856
180,1567573200,30,54,24,84,36,-0.6891406447687641,-1.3652122089116483
180,1567587600,672,679,7,1351,36,-0.9180192505506662,0.7362803561072965
180,1567602000,600,534,0,1134,36,-1.0122633823432141,0.37635621513720097
180,1567616400,1005,731,0,1736,36,-1.0122633823432141,1.374855444925208
180,1567630800,718,862,144,1580,36,0.9264730431034861,1.116108136209379
180,1567645200,131,337,206,468,36,1.761206781837482,-0.7282957566880691
180,1567659600,32,88,56,120,36,-0.2583103280028307,-1.3055012915156878
180,1567674000,739,816,77,1555,36,0.024422067374813082,1.074642221351073
180,1567688400,613,568,0,1181,36,-1.0122633823432141,0.45431213507081614
180,1567702800,973,852,0,1825,36,-1.0122633823432141,1.522474101820777
180,1567717200,713,858,145,1571,36,0.9399364905024216,1.1011804068603888
180,1567731600,147,393,246,540,36,2.299744677794899,-0.6088739218961481
180,1567746000,28,77,49,105,36,-0.35255445979537864,-1.3303808404306714
180,1567760400,706,823,117,1529,36,0.5629599633322299,1.0315176698984347
180,1567774800,597,606,9,1203,36,-0.8910923557527954,0.4908021401461254
180,1567789200,977,960,0,1937,36,-1.0122633823432141,1.7082414003859876
180,1567803600,625,709,84,1334,36,0.11866619916736101,0.7080835340036484
180,1567818000,164,319,155,483,36,1.0745709644917758,-0.7034162077730856
180,1567832400,22,90,68,112,36,-0.09674895921560568,-1.3187703842703458
180,1567846800,277,221,0,498,36,-1.0122633823432141,-0.678536658858102
180,1567852009,146,146,0,292,36,-1.0122633823432141,-1.020215797290543
180,1567861200,238,207,0,445,36,-1.0122633823432141,-0.7664443983577106
180,1567875600,488,517,29,1005,36,-0.6218234077740871,0.16239209446834235
180,1567890000,331,493,162,824,36,1.1688150962843238,-0.1378211291057926
180,1567904400,136,320,184,456,36,1.465010939060903,-0.748199395820056
180,1567918800,30,125,95,155,36,0.26676412055565063,-1.2474490107140594
180,1567933200,158,140,0,298,36,-1.0122633823432141,-1.0102639777245495
180,1567947600,337,219,0,556,36,-1.0122633823432141,-0.5823357363868322
180,1567962000,354,385,31,739,36,-0.5948965129762162,-0.2788052396240328
180,1567976400,251,392,141,643,36,0.8860827009066798,-0.43803435267992763
180,1567990800,74,238,164,312,36,1.1957419910821945,-0.9870430654038982
180,1568005200,23,55,32,78,36,-0.5814330655772808,-1.3751640284776419
180,1568019600,749,881,132,1630,36,0.7649116743162611,1.1990399659259907
180,1568034000,569,615,46,1184,36,-0.3929448019921849,0.45928804485381286
180,1568048400,993,831,0,1824,36,-1.0122633823432141,1.5208154652264447
180,1568062800,762,960,198,1722,36,1.6534992026459987,1.3516345326045567
180,1568077200,209,355,146,564,37,3.3456647866153975,-0.106489325354168
180,1568091600,27,62,35,89,37,0.4211940444300569,-0.7230474621560917
180,1568099305,170,197,27,367,37,0.21042137832660895,-0.36219869998570264
180,1568099385,6,18,12,24,37,-0.18477737061735602,-0.8074185756131971
180,1568099466,15,16,1,31,37,-0.474589786509597,-0.7983324557024318
180,1568099545,6,5,0,11,37,-0.500936369772528,-0.8242927983046181
180,1568099625,6,7,1,13,37,-0.474589786509597,-0.8216967640443995
180,1568099706,6,1,0,7,37,-0.500936369772528,-0.8294848668250554
180,1568099786,8,30,22,38,37,0.07868846201195395,-0.7892463357916667
180,1568099866,6,6,0,12,37,-0.500936369772528,-0.8229947811745087
180,1568099946,8,23,15,31,37,-0.10573762082856303,-0.7983324557024318
180,1568100026,7,4,0,11,37,-0.500936369772528,-0.8242927983046181
180,1568100106,7,17,10,24,37,-0.23747053714321803,-0.8074185756131971
180,1568100188,9,11,2,20,37,-0.448243203246666,-0.8126106441336343
180,1568100266,10,16,6,26,37,-0.342856870194942,-0.8048225413529784
180,1568100346,8,6,0,14,37,-0.500936369772528,-0.8203987469142902
180,1568100426,8,0,0,8,37,-0.500936369772528,-0.828186849694946
180,1568100506,6,24,18,30,37,-0.02669787103977004,-0.7996304728325412
180,1568100586,7,9,2,16,37,-0.448243203246666,-0.8178027126540716
180,1568100666,8,9,1,17,37,-0.474589786509597,-0.8165046955239622
180,1568100746,7,30,23,37,37,0.10503504527488496,-0.7905443529217759
180,1568100826,9,16,7,25,37,-0.316510286932011,-0.8061205584830877
180,1568100906,9,22,13,31,37,-0.15843078735442503,-0.7983324557024318
180,1568100986,7,21,14,28,37,-0.13208420409149402,-0.8022265070927598
180,1568101066,9,15,6,24,37,-0.342856870194942,-0.8074185756131971
180,1568101146,11,22,11,33,37,-0.211123953880287,-0.7957364214422132
180,1568101226,10,1,0,11,37,-0.500936369772528,-0.8242927983046181
180,1568101309,8,24,16,32,37,-0.07939103756563204,-0.7970344385723225
180,1568101386,10,27,17,37,37,-0.053044454302701036,-0.7905443529217759
180,1568101467,9,21,12,30,37,-0.18477737061735602,-0.7996304728325412
180,1568101547,10,2,0,12,37,-0.500936369772528,-0.8229947811745087
180,1568101627,9,8,0,17,37,-0.500936369772528,-0.8165046955239622
180,1568101707,7,20,13,27,37,-0.15843078735442503,-0.8035245242228691
180,1568101787,12,26,14,38,37,-0.13208420409149402,-0.7892463357916667
180,1568101867,8,31,23,39,37,0.10503504527488496,-0.7879483186615573
180,1568106000,420,399,0,819,37,-0.500936369772528,0.22450504282370684
180,1568120400,687,660,0,1347,37,-0.500936369772528,0.9098580875214242
180,1568134800,1457,906,0,2363,37,-0.500936369772528,2.228643491712486
180,1568149200,1067,1018,0,2085,37,-0.500936369772528,1.8677947295420971
180,1568163600,310,364,54,674,37,0.9217791264257458,0.03629255895785644
180,1568178000,52,57,5,109,37,-0.36920345345787303,-0.6970871195539055
180,1568192400,1044,751,0,1795,37,-0.500936369772528,1.4913697618103963
180,1568206800,905,578,0,1483,37,-0.500936369772528,1.0863884172162908
180,1568221200,1583,907,0,2490,37,-0.500936369772528,2.393491667236369
180,1568235600,1100,993,0,2093,37,-0.500936369772528,1.8781788665829717
180,1568250000,282,408,126,690,37,2.8187331213567774,0.05706083303960545
180,1568264400,42,57,15,99,37,-0.10573762082856303,-0.7100672908549985
180,1568278800,985,869,0,1854,37,-0.500936369772528,1.5679527724868458
180,1568293200,675,554,0,1229,37,-0.500936369772528,0.7566920661685251
180,1568307600,1121,915,0,2036,37,-0.500936369772528,1.8041918901667409
180,1568322000,994,987,0,1981,37,-0.500936369772528,1.7328009480107285
180,1568336400,277,393,116,670,37,2.5552672887274674,0.03110049043741919
180,1568350800,40,66,26,106,37,0.18407479506367794,-0.7009811709442334
180,1568365200,975,728,0,1703,37,-0.500936369772528,1.3719521858403396
180,1568379600,642,652,10,1294,37,-0.23747053714321803,0.8410631796256305
180,1568394000,1256,998,0,2254,37,-0.500936369772528,2.087159624530571
180,1568408400,989,954,0,1943,37,-0.500936369772528,1.6834762970665746
180,1568422800,356,398,42,754,37,0.6056201272705739,0.1401339293666015
180,1568437200,40,75,35,115,37,0.4211940444300569,-0.6892990167732496
180,1568451600,340,220,0,560,37,-0.500936369772528,-0.11168139387460524
180,1568466000,621,288,0,909,37,-0.500936369772528,0.341326584533545
180,1568480400,585,441,0,1026,37,-0.500936369772528,0.49319458875633465
180,1568494800,413,452,39,865,37,0.5265803774817809,0.28421383080873525
180,1568509200,170,298,128,468,37,2.8714262878826395,-0.23109896984466205
180,1568523600,27,74,47,101,37,0.7373530435852289,-0.7074712565947799
180,1568538000,159,354,195,513,37,4.636647366499017,-0.17268819898974297
180,1568552400,683,249,0,932,37,-0.500936369772528,0.3711809785260592
180,1568566800,590,400,0,990,37,-0.500936369772528,0.44646597207239935
180,1568581200,407,523,116,930,37,2.5552672887274674,0.3685849442658406
180,1568595600,277,229,0,506,37,-0.500936369772528,-0.18177431890050816
180,1568610000,43,48,5,91,37,-0.36920345345787303,-0.720451427895873
180,1568624400,975,709,0,1684,37,-0.500936369772528,1.3472898603682626
180,1568638800,590,552,0,1142,37,-0.500936369772528,0.6437645758490149
180,1568653200,1268,820,0,2088,37,-0.500936369772528,1.871688780932425
180,1568667600,1022,866,0,1888,37,-0.500936369772528,1.6120853549105625
180,1568682000,150,315,165,465,38,2.0310761484705533,-0.9380420026078385
180,1568696400,28,58,30,86,38,-0.1090840005404181,-1.451372331180156
180,1568710800,918,718,0,1636,38,-0.5846751447650784,0.647999724986314
180,1568725200,854,610,0,1464,38,-0.5846751447650784,0.415037148431067
180,1568739600,1141,884,0,2025,38,-0.5846751447650784,1.1748743894048668
180,1568754000,863,926,63,1789,38,0.4140662581067083,0.8552280634337139
180,1568768400,122,371,249,493,38,3.362731352299602,-0.9001178622383798
180,1568782800,29,60,31,89,38,-0.09323096239959609,-1.4473090304262854
180,1568797200,1034,738,0,1772,38,-0.5846751447650784,0.8322026924951139
180,1568811600,894,565,0,1459,38,-0.5846751447650784,0.40826498050794935
180,1568826000,1540,798,0,2338,38,-0.5846751447650784,1.5988121013920313
180,1568840400,1102,959,0,2061,38,-0.5846751447650784,1.2236339984513138
180,1568854800,214,389,175,603,38,2.1896065298787732,-0.7511301679297916
180,1568869200,43,72,29,115,38,-0.1249370386812401,-1.4120937572260737
180,1568883600,1052,685,0,1737,38,-0.5846751447650784,0.7847975170332904
180,1568898000,875,598,0,1473,38,-0.5846751447650784,0.42722705069267874
180,1568912400,1445,924,0,2369,38,-0.5846751447650784,1.6407995425153608
180,1568926800,1165,922,0,2087,38,-0.5846751447650784,1.2588492716515256
180,1568941200,229,423,194,652,38,2.4908142545543916,-0.6847629222832387
180,1568955600,40,76,36,116,38,-0.013965771695486035,-1.4107393236414503
180,1568970000,988,626,0,1614,38,-0.5846751447650784,0.6182021861245963
180,1568984400,878,704,0,1582,38,-0.5846751447650784,0.5748603114166434
180,1568998800,1509,835,0,2344,38,-0.5846751447650784,1.6069387028997726
180,1569013200,1027,822,0,1849,38,-0.5846751447650784,0.9364940785111256
180,1569027600,284,403,119,687,38,1.3018363939927409,-0.6373577468214151
180,1569042000,38,99,61,137,38,0.3823601818250642,-1.3822962183643561
180,1569056400,317,233,0,550,38,-0.5846751447650784,-0.8229151479148386
180,1569070800,646,375,0,1021,38,-0.5846751447650784,-0.1849769295571564
180,1569085200,788,530,0,1318,38,-0.5846751447650784,0.21728984507603175
180,1569099600,517,454,0,971,38,-0.5846751447650784,-0.25269860878833283
180,1569114000,202,343,141,545,38,1.6506032330908251,-0.8296873158379562
180,1569128400,31,92,61,123,38,0.3823601818250642,-1.4012582885490854
180,1569142800,232,229,0,461,38,-0.5846751447650784,-0.9434597369463327
180,1569157200,599,272,0,871,38,-0.5846751447650784,-0.3881419672506857
180,1569171600,695,482,0,1177,38,-0.5846751447650784,0.026314709644114146
180,1569186000,361,438,77,799,38,0.6360087920782164,-0.4856611853435798
180,1569200400,129,235,106,364,38,1.0957468981620546,-1.074839794654815
180,1569214800,42,54,12,96,38,-0.3944386870752143,-1.4378279953339208
180,1569229200,1009,838,0,1847,38,-0.5846751447650784,0.9337852113418786
180,1569243600,791,553,0,1344,38,-0.5846751447650784,0.2525051182762435
180,1569258000,1380,841,0,2221,38,-0.5846751447650784,1.4403433719910785
180,1569272400,1012,856,0,1868,38,-0.5846751447650784,0.9622283166189727
180,1569286800,217,311,94,528,39,1.1343191132938735,-0.8321816491913192
180,1569301200,43,50,7,93,39,-0.4368719556886184,-1.3948744223491802
180,1569315600,1067,813,0,1880,39,-0.5632896279056006,0.916693360715412
180,1569330000,836,637,0,1473,39,-0.5632896279056006,0.3902198924964478
180,1569344400,1579,845,0,2424,39,-0.5632896279056006,1.6203827138139784
180,1569358800,1166,981,0,2147,39,-0.5632896279056006,1.2620703042398922
180,1569373200,185,388,203,573,39,3.10282286638688,-0.7739720519680923
180,1569387600,45,58,13,103,39,-0.32851395093120517,-1.3819389562995743
180,1569402000,1096,803,0,1899,39,-0.5632896279056006,0.9412707462096633
180,1569416400,868,702,0,1570,39,-0.5632896279056006,0.5156939131776259
180,1569430800,1480,922,0,2402,39,-0.5632896279056006,1.591924688504845
180,1569445200,1143,958,0,2101,39,-0.5632896279056006,1.2025671604117045
180,1569459600,208,389,181,597,39,2.705510182276365,-0.7429269334490378
180,1569474000,52,64,12,116,39,-0.34657361839077405,-1.3651228504350865
180,1569488400,1213,703,0,1916,39,-0.5632896279056006,0.9632610384939936
180,1569502800,889,572,0,1461,39,-0.5632896279056006,0.37469733323692056
180,1569517200,1510,879,0,2389,39,-0.5632896279056006,1.5751085826403572
180,1569531600,1213,1000,0,2213,39,-0.5632896279056006,1.3474443801672917
180,1569546000,234,380,146,614,39,2.0734218211914546,-0.7209366411647076
180,1569560400,37,66,29,103,39,-0.03955927157810323,-1.3819389562995743
180,1569574800,1019,685,0,1704,39,-0.5632896279056006,0.6890291582423463
180,1569589200,883,692,0,1575,39,-0.5632896279056006,0.522161646202429
180,1569603600,1543,886,0,2429,39,-0.5632896279056006,1.6268504468387814
180,1569618000,1063,929,0,1992,39,-0.5632896279056006,1.0615705804709992
180,1569632400,232,378,146,610,39,2.0734218211914546,-0.72611082758455
180,1569646800,37,106,69,143,39,0.6828274268046516,-1.3301970921011501
180,1569661200,321,255,0,576,39,-0.5632896279056006,-0.7700914121532104
180,1569675600,571,395,0,966,39,-0.5632896279056006,-0.26560823621857643
180,1569690000,751,473,0,1224,39,-0.5632896279056006,0.06812678786125836
180,1569704400,476,491,15,967,39,-0.29239461601206745,-0.2643146896136158
180,1569718800,191,294,103,485,39,1.2968561204299933,-0.887804153204625
180,1569733200,33,96,63,129,39,0.5744694220472384,-1.3483067445705985
180,1569747600,245,167,0,412,39,-0.5632896279056006,-0.9822330553667489
180,1569762000,447,281,0,728,39,-0.5632896279056006,-0.5734723281991992
180,1569776400,581,377,0,958,39,-0.5632896279056006,-0.27595660905826125
180,1569790800,403,477,74,880,39,0.773125764102496,-0.376853244245188
180,1569805200,125,257,132,382,39,1.8205864767574906,-1.021039453515567
180,1569819600,37,60,23,97,39,-0.14791727633551646,-1.3897002359293378
180,1569834000,831,498,0,1329,39,-0.5632896279056006,0.20394918138212137
180,1569848400,773,529,0,1302,39,-0.5632896279056006,0.16902342304818516
180,1569862800,1213,730,0,1943,39,-0.5632896279056006,0.9981867968279298
180,1569877200,940,823,0,1763,39,-0.5632896279056006,0.7653484079350218
180,1569891600,217,313,96,530,40,0.8862745461747837,-0.7704576379844389
180,1569906000,49,55,6,104,40,-0.5627383364120165,-1.3262159051517337
180,1569920400,824,649,0,1473,40,-0.6593391952511366,0.4597772116370609
180,1569934800,808,638,0,1446,40,-0.6593391952511366,0.42455309611237324
180,1569949200,1198,728,0,1926,40,-0.6593391952511366,1.0507595943290433
180,1569963600,1095,913,0,2008,40,-0.6593391952511366,1.1577365377743911
180,1569978000,192,368,176,560,40,2.1742859973630506,-0.731319731845897
180,1569992400,44,58,14,102,40,-0.4339371912931899,-1.3288250988943031
180,1570006800,1061,663,0,1724,40,-0.6593391952511366,0.787231026329528
180,1570021200,847,633,0,1480,40,-0.6593391952511366,0.46890938973605406
180,1570035600,1661,877,0,2538,40,-0.6593391952511366,1.8491728795552977
180,1570050000,1319,989,0,2308,40,-0.6593391952511366,1.54911559915981
180,1570064400,204,346,142,550,40,1.6268811306080373,-0.7443657005587443
180,1570078800,37,60,23,97,40,-0.2890359030345099,-1.3353480832507267
180,1570093200,1089,724,0,1813,40,-0.6593391952511366,0.903340147873869
180,1570107600,949,709,0,1658,40,-0.6593391952511366,0.7011276328247359
180,1570122000,1456,943,0,2399,40,-0.6593391952511366,1.6678339144467205
180,1570136400,1173,855,0,2028,40,-0.6593391952511366,1.1838284752000858
180,1570150800,233,392,159,625,40,1.900583563985544,-0.6465209352123896
180,1570165200,45,75,30,120,40,-0.1763349010555365,-1.305342355211178
180,1570179600,1038,632,0,1670,40,-0.6593391952511366,0.7167827952801527
180,1570194000,908,626,0,1534,40,-0.6593391952511366,0.5393576207854295
180,1570208400,1482,946,0,2428,40,-0.6593391952511366,1.7056672237139776
180,1570222800,1158,908,0,2066,40,-0.6593391952511366,1.2334031563089054
180,1570237200,304,371,67,675,40,0.419370395119037,-0.5812910916481532
180,1570251600,32,86,54,118,40,0.2100685343009436,-1.3079515489537474
180,1570266000,316,219,0,535,40,-0.6593391952511366,-0.7639346536280153
180,1570280400,422,423,1,845,40,-0.6432390521112833,-0.35950962352974913
180,1570294800,528,505,0,1033,40,-0.6593391952511366,-0.11424541172822
180,1570309200,398,472,74,870,40,0.5320713970980103,-0.3268947017476309
180,1570323600,145,314,169,459,40,2.0615849953840772,-0.8630840158456546
180,1570338000,22,110,88,132,40,0.7574734010559571,-1.2896871927557612
180,1570352400,169,144,0,313,40,-0.6593391952511366,-1.0535551590532253
180,1570366800,310,238,0,548,40,-0.6593391952511366,-0.7469748943013138
180,1570381200,415,391,0,806,40,-0.6593391952511366,-0.4103889015098536
180,1570395600,225,439,214,664,40,2.786091436677477,-0.5956416572322851
180,1570410000,90,206,116,296,40,1.2082774089718504,-1.0757333058650655
180,1570424400,30,53,23,83,40,-0.2890359030345099,-1.353612439448713
180,1570438800,701,823,122,1524,40,1.3048782678109705,0.5263116520725821
180,1570453200,626,618,0,1244,40,-0.6593391952511366,0.1610245281128579
180,1570467600,972,920,0,1892,40,-0.6593391952511366,1.0064033007053625
180,1570482000,847,993,146,1840,40,1.6912817031674505,0.9385642633985566
180,1570496400,162,263,101,425,41,0.8474781421038489,-0.8525715592284863
180,1570510800,41,87,46,128,41,-0.16267382294253438,-1.3293267315876622
180,1570525200,744,827,83,1571,41,0.5168829535432143,0.9870292068442937
180,1570539600,619,624,5,1243,41,-0.9156961968862019,0.46051171009745967
180,1570554000,1102,933,0,2035,41,-1.0075281937086003,1.7318588363885954
180,1570568400,855,923,68,1778,41,0.2413869630760189,1.3193131148522044
180,1570582800,162,296,134,458,41,1.4535693211316787,-0.799598762299689
180,1570597200,34,92,58,126,41,0.05772296943122195,-1.3325372041288015
180,1570611600,592,685,93,1277,41,0.7005469471880112,0.5150897432968267
180,1570626000,603,601,0,1204,41,-1.0075281937086003,0.3979074955452446
180,1570640400,901,778,0,1679,41,-1.0075281937086003,1.1603947240658123
180,1570654800,756,839,83,1595,41,0.5168829535432143,1.0255548773379646
180,1570669200,129,266,137,395,41,1.5086685192251177,-0.9007286473455748
180,1570683600,28,88,60,116,41,0.09445576816018134,-1.3485895668344976
180,1570698000,722,745,23,1467,41,-0.5851010083255673,0.8200846347050537
180,1570712400,616,664,48,1280,41,-0.125941024213575,0.5199054521085354
180,1570726800,1039,921,0,1960,41,-1.0075281937086003,1.6114661160958743
180,1570741200,917,860,0,1777,41,-1.0075281937086003,1.3177078785816347
180,1570755600,162,300,138,462,41,1.5270349185895973,-0.7931778172174105
180,1570770000,47,113,66,160,41,0.20465416434705952,-1.2779591709294345
180,1570784400,1302,729,0,2031,41,-1.0075281937086003,1.7254378913063169
180,1570798800,667,659,0,1326,41,-1.0075281937086003,0.5937463205547377
180,1570813200,1066,889,0,1955,41,-1.0075281937086003,1.6034399347430264
180,1570827600,787,869,82,1656,41,0.49851655417873464,1.123474289842711
180,1570842000,164,333,169,497,41,2.0963932988884677,-0.736994547747474
180,1570856400,27,105,78,132,41,0.42505095672081583,-1.3229057865053837
180,1570870800,231,226,0,457,41,-1.0075281937086003,-0.8012039985702586
180,1570885200,391,355,0,746,41,-1.0075281937086003,-0.3372907163756395
180,1570899600,549,483,0,1032,41,-1.0075281937086003,0.12180685700727067
180,1570914000,378,508,130,886,41,1.3801037236737599,-0.11255763849589327
180,1570928400,162,336,174,498,41,2.1882252957108665,-0.7353893114769043
180,1570942800,26,83,57,109,41,0.03935657006674226,-1.359826220728485
180,1570957200,176,161,0,337,41,-1.0075281937086003,-0.9938323510386124
180,1570971600,346,347,1,693,41,-0.9891617943441207,-0.4223682387158292
180,1570986000,382,412,30,794,41,-0.45653621277420947,-0.26023937538829794
180,1571000400,298,408,110,706,41,1.012775736384166,-0.4015001671984242
180,1571014800,96,264,168,360,41,2.078026899523988,-0.9569119168155114
180,1571029200,26,60,34,86,41,-0.3830706153162907,-1.3967466549515861
180,1571043600,395,460,65,855,41,0.18628776498257982,-0.16231996288355138
180,1571058000,483,490,7,973,41,-0.8789633981572424,0.027097917043663326
180,1571072400,758,750,0,1508,41,-1.0075281937086003,0.8858993217984079
180,1571086800,664,720,56,1384,41,0.020990170702262563,0.6868500242477755
180,1571101200,155,308,153,463,42,1.0424512103738455,-0.8505886520594049
180,1571115600,34,51,17,85,42,-0.6844865256051003,-1.4244188241622016
180,1571130000,762,690,0,1452,42,-0.9003537426024685,0.6507818246857427
180,1571144400,668,646,0,1314,42,-0.9003537426024685,0.44128826979107094
180,1571158800,1041,919,0,1960,42,-0.9003537426024685,1.4219609977762735
180,1571173200,835,929,94,1764,42,0.293264986677097,1.124419427056305
180,1571187600,178,424,246,602,42,2.2233718680653305,-0.639577027926366
180,1571202000,119,128,9,247,42,-0.7860710983097441,-1.1784916075467173
180,1571216400,737,779,42,1516,42,-0.36703473590308816,0.7479382559412426
180,1571230800,699,730,31,1429,42,-0.5067135233719735,0.6158662322032974
180,1571245200,1029,883,0,1912,42,-0.9003537426024685,1.3490936743346487
180,1571259600,773,930,157,1703,42,1.0932434967261675,1.0318172035159066
180,1571274000,122,335,213,457,42,1.8043355056586745,-0.8596970674896081
180,1571288400,31,65,34,96,42,-0.46861930860773204,-1.4077200625401625
180,1571302800,733,774,41,1507,42,-0.37973280749116867,0.734275632795938
180,1571317200,681,751,70,1432,42,-0.011488731436834636,0.620420439918399
180,1571331600,1110,985,0,2095,42,-0.9003537426024685,1.6269003449558437
180,1571346000,844,934,90,1778,42,0.24247270032477503,1.1456723963934456
180,1571360400,142,378,236,520,42,2.0963911521845255,-0.7640587054724752
180,1571374800,44,85,41,129,42,-0.37973280749116867,-1.3576237776740452
180,1571389200,728,755,27,1483,42,-0.5575058097242954,0.6978419710751255
180,1571403600,639,652,13,1291,42,-0.7352788119574222,0.40637267730862564
180,1571418000,1096,992,0,2088,42,-0.9003537426024685,1.6162738602872735
180,1571432400,717,997,280,1714,42,2.6551063020600667,1.0485159651379456
180,1571446800,151,367,216,518,42,1.8424297204229159,-0.7670948439492097
180,1571461200,30,105,75,135,42,0.05200162650356778,-1.3485153622438422
180,1571475600,203,227,24,430,42,-0.5956000244885369,-0.9006849369255221
180,1571490000,488,453,0,941,42,-0.9003537426024685,-0.12495155611988969
180,1571504400,552,634,82,1186,42,0.14088812762013117,0.24697540728007103
180,1571518800,407,487,80,894,42,0.1154919844439702,-0.19630081032314747
180,1571533200,149,327,178,476,42,1.3599030000758576,-0.8308537519606315
180,1571547600,34,109,75,143,42,0.05200162650356778,-1.3363708083369046
180,1571562000,166,176,10,342,42,-0.7733730267216636,-1.0342750299018346
180,1571576400,361,327,0,688,42,-0.9003537426024685,-0.5090230734267879
180,1571590800,363,419,56,782,42,-0.1892617336699614,-0.3663245650202724
180,1571605200,221,392,171,613,42,1.2710164989592942,-0.622878266304327
180,1571619600,82,187,105,269,42,0.4329437741459823,-1.1450940843026391
180,1571634000,31,53,22,84,42,-0.6209961676646979,-1.4259368934005687
180,1571648400,726,740,14,1466,42,-0.7225807403693417,0.6720347940228834
180,1571662800,583,538,0,1121,42,-0.9003537426024685,0.14830090678620392
180,1571677200,1150,912,0,2062,42,-0.9003537426024685,1.5768040600897266
180,1571691600,858,934,76,1792,42,0.06469969809164826,1.1669253657305863
180,1571706000,125,342,217,467,43,2.157647773575893,-0.2316174053690992
180,1571720400,33,61,28,94,43,-0.2923204123364466,-0.7536998332885689
180,1571734800,718,765,47,1483,43,-0.04602731428176694,1.1904623446742821
180,1571749200,630,678,48,1308,43,-0.03306451964731012,0.9455175058380698
180,1571763600,1104,826,0,1930,43,-0.6552786621012376,1.8161214473016358
180,1571778000,787,894,107,1681,43,0.7317403637856424,1.4675999337575396
180,1571792400,112,423,311,535,43,3.376150469214835,-0.13643883942131385
180,1571806800,29,57,28,86,43,-0.2923204123364466,-0.7648973116353672
180,1571821200,754,754,0,1508,43,-0.6552786621012376,1.2254544645080268
180,1571827894,336,351,15,687,43,-0.46083674258438534,0.07631324916785344
180,1571827960,3,3,0,6,43,-0.6552786621012376,-0.87687209510335
180,1571828038,4,4,0,8,43,-0.6552786621012376,-0.8740727255166504
180,1571828119,4,0,0,4,43,-0.6552786621012376,-0.8796714646900495
180,1571828199,3,6,3,9,43,-0.6163902781978672,-0.8726730407233007
180,1571828279,5,7,2,12,43,-0.629353072832324,-0.8684739863432512
180,1571828359,6,1,0,7,43,-0.6552786621012376,-0.8754724103100002
180,1571828440,5,2,0,7,43,-0.6552786621012376,-0.8754724103100002
180,1571828520,4,4,0,8,43,-0.6552786621012376,-0.8740727255166504
180,1571828600,5,4,0,9,43,-0.6552786621012376,-0.8726730407233007
180,1571828684,6,1,0,7,43,-0.6552786621012376,-0.8754724103100002
180,1571828765,5,8,3,13,43,-0.6163902781978672,-0.8670743015499015
180,1571828852,4,2,0,6,43,-0.6552786621012376,-0.87687209510335
180,1571828932,6,8,2,14,43,-0.629353072832324,-0.8656746167565517
180,1571829013,6,6,0,12,43,-0.6552786621012376,-0.8684739863432512
180,1571829093,5,2,0,7,43,-0.6552786621012376,-0.8754724103100002
180,1571829175,4,1,0,5,43,-0.6552786621012376,-0.8782717798966998
180,1571829254,3,3,0,6,43,-0.6552786621012376,-0.87687209510335
180,1571829334,7,7,0,14,43,-0.6552786621012376,-0.8656746167565517
180,1571829414,2,10,8,12,43,-0.5515763050255831,-0.8684739863432512
180,1571829496,5,11,6,16,43,-0.5775018942944967,-0.8628752471698521
180,1571829575,4,1,0,5,43,-0.6552786621012376,-0.8782717798966998
180,1571829655,3,1,0,4,43,-0.6552786621012376,-0.8796714646900495
180,1571829735,5,7,2,12,43,-0.629353072832324,-0.8684739863432512
180,1571829815,5,9,4,14,43,-0.6034274835634104,-0.8656746167565517
180,1571829897,4,3,0,7,43,-0.6552786621012376,-0.8754724103100002
180,1571829976,4,4,0,8,43,-0.6552786621012376,-0.8740727255166504
180,1571835600,228,258,30,486,43,-0.2663948230675329,-0.2050233942954533
180,1571850000,1083,967,0,2050,43,-0.6552786621012376,1.98408362250361
180,1571864400,883,1062,179,1945,43,1.6650615774665338,1.8371167192018827
180,1571878800,146,424,278,570,43,2.9483782462777595,-0.08744987165407138
180,1571893200,27,52,25,79,43,-0.3312087962398171,-0.7746951051888157
180,1571907600,746,801,55,1547,43,0.057675042793887646,1.2800421714486683
180,1571922000,705,622,0,1327,43,-0.6552786621012376,0.9721115169117157
180,1571936400,1023,952,0,1975,43,-0.6552786621012376,1.8791072630023762
180,1571950800,918,1012,94,1930,43,0.5632240335377038,1.8161214473016358
180,1571965200,141,400,259,541,43,2.70208514822308,-0.12804073066121513
180,1571979600,38,73,35,111,43,-0.20158084989524883,-0.7299051918016226
180,1571994000,688,763,75,1451,43,0.31693093548302415,1.145672431287089
180,1572008400,689,729,40,1418,43,-0.13676687672296473,1.099482833106546
180,1572022800,1097,969,0,2066,43,-0.6552786621012376,2.0064785791972066
180,1572037200,848,913,65,1761,43,0.1873029891384559,1.5795747172255223
180,1572051600,144,399,255,543,43,2.6502339696852526,-0.12524136107451556
180,1572066000,34,103,69,137,43,0.23915416767628317,-0.6935133871745282
180,1572080400,208,262,54,470,43,0.04471224815943082,-0.22741835098904986
180,1572094800,457,466,9,923,43,-0.5386135103911263,0.40663886039840264
180,1572109200,581,577,0,1158,43,-0.6552786621012376,0.7355647868356021
180,1572123600,429,597,168,1026,43,1.5224708364875088,0.5508063941134305
180,1572138000,165,345,180,510,43,1.6780243721009906,-0.17143095925505847
180,1572152400,36,110,74,146,43,0.3039681408485673,-0.6809162240343801
180,1572166800,156,190,34,346,43,-0.21454364452970565,-0.4009792653644232
180,1572181200,316,309,0,625,43,-0.6552786621012376,-0.010467208019833215
180,1572195600,355,447,92,802,43,0.5372984442687901,0.2372770004030787
180,1572210000,241,393,152,634,43,1.3150661223361995,0.002129955120314848
180,1572224400,82,257,175,339,43,1.6132103989287065,-0.41077705891787164
180,1572238800,26,45,19,71,43,-0.408985564046558,-0.785892583535614
180,1572253200,735,799,64,1534,43,0.17434019450399907,1.261846269135121
180,1572267600,644,747,103,1391,43,0.6798891852478152,1.061691343686102
180,1572282000,1091,895,0,1986,43,-0.6552786621012376,1.894503795729224
180,1572296400,829,903,74,1732,43,0.3039681408485673,1.5389838582183786
180,1572310800,117,341,224,458,44,1.4606069699288344,-0.5938751005541403
180,1572325200,27,59,32,86,44,-0.5379430459373018,-1.1263701290108994
180,1572335284,324,449,125,773,44,0.430104617997858,-0.14297205226414272
180,1572335364,9,11,2,20,44,-0.8502164859163855,-1.2208450534145179
180,1572335445,10,17,7,27,44,-0.7981709125865383,-1.2108249856747402
180,1572335525,10,3,0,13,44,-0.8710347152483244,-1.2308651211542956
180,1572335605,9,0,0,9,44,-0.8710347152483244,-1.2365908741484544
180,1572335686,8,17,9,25,44,-0.7773526832545994,-1.2136878621718195
180,1572335766,10,10,0,20,44,-0.8710347152483244,-1.2208450534145179
180,1572335846,9,13,4,22,44,-0.8293982565844467,-1.2179821769174386
180,1572339600,357,417,60,774,44,-0.2464878352901569,-0.14154061401560306
180,1572354000,611,640,29,1251,44,-0.5691703899352102,0.5412554305378219
180,1572368400,1114,785,0,1899,44,-0.8710347152483244,1.468827415591531
180,1572382800,846,1001,155,1847,44,0.7423780579769418,1.3943926266674682
180,1572397200,134,362,228,496,44,1.5022434285927124,-0.5394804471096327
180,1572411600,28,61,33,89,44,-0.5275339312713323,-1.1220758142652805
180,1572426000,725,729,4,1454,44,-0.8293982565844467,0.8318373949913759
180,1572440400,647,765,118,1412,44,0.35724081533607177,0.7717169885527095
180,1572454800,1018,1003,0,2021,44,-0.8710347152483244,1.6434628819133714
180,1572469200,869,1014,145,1883,44,0.6382869113172472,1.4459244036148964
180,1572483600,150,360,210,510,44,1.3148793646052621,-0.5194403116300772
180,1572498000,32,59,27,91,44,-0.5899886192671491,-1.119212937768201
180,1572512400,704,690,0,1394,44,-0.8710347152483244,0.7459511000789953
180,1572526800,646,646,0,1292,44,-0.8710347152483244,0.5999443987279486
180,1572541200,1094,825,0,1919,44,-0.8710347152483244,1.4974561805623245
180,1572555600,851,847,0,1698,44,-0.8710347152483244,1.1811083276350565
180,1572570000,155,396,241,551,44,1.6375619192503155,-0.46075134343995056
180,1572584400,33,80,47,113,44,-0.3818063259477599,-1.0877212963003282
180,1572598800,764,695,0,1459,44,-0.8710347152483244,0.8389945862340743
180,1572613200,718,632,0,1350,44,-0.8710347152483244,0.6829678171432497
180,1572627600,1174,950,0,2124,44,-0.8710347152483244,1.790901021512958
180,1572642000,810,888,78,1698,44,-0.0591237713027066,1.1811083276350565
180,1572656400,165,416,251,581,44,1.74165306591001,-0.4178081959837603
180,1572670800,32,102,70,134,44,-0.1423966886304623,-1.057661093080995
180,1572685200,187,306,119,493,44,0.36764993000204127,-0.5437747618552516
180,1572699600,387,579,192,966,44,1.1275153006178118,0.13329552970401454
180,1572714000,405,576,171,981,44,0.9089238926324532,0.15476710343210967
180,1572728400,242,633,391,875,44,3.1989291191457343,0.0030346490869041175
180,1572742800,117,331,214,448,44,1.3565158232691399,-0.608189483039537
180,1572753600,21,117,96,138,44,0.12824029268474368,-1.0519353400868363
180,1572768000,97,132,35,229,44,-0.5067157019393934,-0.9216744594697259
180,1572782400,303,378,75,681,44,-0.09035111530061499,-0.2746643711297928
180,1572796800,641,947,306,1588,44,2.3141543725383302,1.0236501202956922
180,1572811200,409,504,95,913,44,0.11783117801877421,0.05742930253141176
180,1572825600,119,273,154,392,44,0.7319689433109724,-0.6883500249577589
180,1572840000,17,58,41,75,44,-0.44426101394357664,-1.1421159497448359
180,1572854400,406,562,156,968,44,0.7527871726429113,0.13615840620109387
180,1572868800,783,823,40,1606,44,-0.4546701286095461,1.0494160087694064
180,1572883200,828,789,0,1617,44,-0.8710347152483244,1.065161829503343
180,1572897600,1111,1070,0,2181,44,-0.8710347152483244,1.8724930016797194
180,1572912000,194,444,250,638,45,1.859671920167272,-0.5719588017077413
180,1572926400,29,80,51,109,45,-0.3759348570015467,-1.3932242403200683
180,1572940800,348,506,158,854,45,0.8261250684108332,-0.23662168499646968
180,1572955200,754,777,23,1531,45,-0.6904925944926368,0.8144117780291361
180,1572969600,1029,676,0,1705,45,-0.9488793074317464,1.0845444553798826
180,1572984000,1146,925,0,2071,45,-0.9488793074317464,1.652754569807315
180,1572998400,209,450,241,659,45,1.7585640759737073,-0.5393565820274787
180,1573012800,22,73,51,95,45,-0.3759348570015467,-1.4149590534402434
180,1573027200,386,620,234,1006,45,1.6799246416009348,-0.00064371397742673
180,1573041600,885,796,0,1681,45,-0.9488793074317464,1.047284775745297
180,1573056000,823,809,0,1632,45,-0.9488793074317464,0.9712129298246844
180,1573070400,1092,1190,98,2282,45,0.15207277378706874,1.980329253261381
180,1573084800,229,453,224,682,45,1.567582592496974,-0.5036493890443341
180,1573099200,27,92,65,119,45,-0.2186559882560017,-1.3776993738056578
180,1573113600,405,597,192,1002,45,1.2080880353642998,-0.006853660583191018
180,1573128000,833,878,45,1711,45,-0.44334008646392314,1.093859375288529
180,1573142400,912,829,0,1741,45,-0.9488793074317464,1.1404339748317613
180,1573156800,1124,1119,0,2243,45,-0.9488793074317464,1.9197822738551793
180,1573171200,271,455,184,726,45,1.118214396081131,-0.4353399763809269
180,1573185600,32,114,82,146,45,-0.02767450477926843,-1.3357822342167487
180,1573200000,380,492,112,872,45,0.30935164253261377,-0.2086769252705304
180,1573214400,794,717,0,1511,45,-0.9488793074317464,0.7833620450003147
180,1573228800,897,793,0,1690,45,-0.9488793074317464,1.0612571556082666
180,1573243200,1038,1124,86,2162,45,0.017262314862315862,1.7940308550884525
180,1573257600,234,473,239,707,45,1.7360956661529152,-0.4648372227583073
180,1573272000,28,136,108,164,45,0.26441482289102947,-1.3078374744908094
180,1573286400,144,177,33,321,45,-0.578150545388676,-1.0640970702145611
180,1573300800,413,359,0,772,45,-0.9488793074317464,-0.3639255904146376
180,1573315200,547,486,0,1033,45,-0.9488793074317464,0.041273425611482215
180,1573329600,377,627,250,1004,45,1.859671920167272,-0.0037486872803088743
180,1573344000,147,335,188,482,45,1.1631512157227153,-0.8141467193325485
180,1573358400,30,110,80,140,45,-0.05014291460006058,-1.345097154125395
180,1573372800,97,131,34,228,45,-0.56691634047828,-1.2084783287985807
180,1573387200,307,240,0,547,45,-0.9488793074317464,-0.7132350869888788
180,1573401600,406,409,3,815,45,-0.9151766927005582,-0.2971686644026715
180,1573416000,302,471,169,773,45,0.94970132242519,-0.36237310376319654
180,1573430400,126,328,202,454,45,1.3204300844682604,-0.8576163455728986
180,1573459200,321,378,57,699,45,-0.3085296275391703,-0.47725711596983583
180,1573473600,642,602,0,1244,45,-0.9488793074317464,0.36884810906554844
180,1573488000,610,614,4,1224,45,-0.9039424877901622,0.33779837603672697
180,1573502400,964,824,0,1788,45,-0.9488793074317464,1.2134008474494917
180,1573516800,162,406,244,568,46,1.7428419187267428,-0.6658188032051211
180,1573531200,30,101,71,131,46,-0.0945767378995649,-1.3011418244698363
180,1573545600,488,450,0,938,46,-0.8486618513126738,-0.127902286344836
180,1573560000,807,817,10,1624,46,-0.742452680409419,0.8694240124826116
180,1573574400,831,757,0,1588,46,-0.8486618513126738,0.8170861892205299
180,1573588800,1152,1062,0,2214,46,-0.8486618513126738,1.7271827826111745
180,1573603200,194,493,299,687,46,2.326992358694644,-0.49281322075546186
180,1573617600,27,86,59,113,46,-0.22202774298347064,-1.3273107361008771
180,1573632000,432,528,96,960,46,0.17094618935857206,-0.09591806101800822
180,1573646400,860,838,0,1698,46,-0.8486618513126738,0.9770073158546687
180,1573660800,795,668,0,1463,46,-0.8486618513126738,0.6353576362271902
180,1573675200,1186,1170,0,2356,46,-0.8486618513126738,1.9336264188116081
180,1573689600,252,496,244,748,46,1.7428419187267428,-0.4041296868947121
180,1573704000,28,96,68,124,46,-0.12643948917054135,-1.3113186234374634
180,1573718400,382,463,81,845,46,0.011632433003689881,-0.26310832977188064
180,1573732800,821,909,88,1730,46,0.08597885263596823,1.0235298254209637
180,1573747200,875,756,0,1631,46,-0.8486618513126738,0.8796008114502386
180,1573761600,1129,1079,0,2208,46,-0.8486618513126738,1.718459812067494
180,1573776000,239,493,254,732,46,1.8490510896299976,-0.4273909416778596
180,1573790400,63,115,52,178,46,-0.296374162615749,-1.2328118885443407
180,1573804800,383,510,127,893,46,0.5001946191586619,-0.19332456542243823
180,1573819200,803,917,114,1720,46,0.36212269698443067,1.0089915411814965
180,1573833600,897,868,0,1765,46,-0.8486618513126738,1.0744138202590987
180,1573848000,957,996,39,1953,46,-0.4344460847899802,1.3477335639610815
180,1573862400,233,522,289,755,46,2.2207831877913895,-0.39395288792708516
180,1573876800,34,126,92,160,46,0.12846252099727015,-1.2589808001753815
180,1573891200,153,127,0,280,46,-0.8486618513126738,-1.0845213893017756
180,1573905600,407,360,0,767,46,-0.8486618513126738,-0.3765069468397245
180,1573920000,590,544,0,1134,46,-0.8486618513126738,0.15704808474872048
180,1573934400,401,650,249,1051,46,1.7959465041783702,0.036380325561143
180,1573948800,159,394,235,553,46,1.6472536649138134,-0.687626229564322
180,1573963200,32,147,115,179,46,0.37274361407475615,-1.231358060120394
180,1573977600,99,133,34,232,46,-0.4875506702416076,-1.1543051536512179
180,1573992000,345,225,0,570,46,-0.8486618513126738,-0.6629111463572277
180,1574006400,420,422,2,842,46,-0.8274200171320228,-0.2674698150437208
180,1574020800,283,474,191,757,46,1.1799333129394924,-0.3910452310791917
180,1574035200,108,274,166,382,46,0.9144103856813556,-0.9362308900592105
180,1574049600,22,77,55,99,46,-0.2645114113447726,-1.3476643340361312
180,1574064000,434,374,0,808,46,-0.8486618513126738,-0.31689998145790915
180,1574078400,773,855,82,1628,46,0.02225335009401536,0.8752393261783985
180,1574092800,774,724,0,1498,46,-0.8486618513126738,0.6862416310653253
180,1574107200,1343,1186,0,2529,46,-0.8486618513126738,2.18513873615439
180,1574121600,277,399,122,676,47,0.49245175117665574,-0.5286971546487153
180,1574136000,37,77,40,114,47,-0.4668264338077346,-1.3623779374884688
180,1574150400,616,555,0,1171,47,-0.9347670118489005,0.20559463806601447
180,1574164800,1103,761,0,1864,47,-0.9347670118489005,1.233603147866636
180,1574179200,826,744,0,1570,47,-0.9347670118489005,0.7974783255269784
180,1574193600,1057,1132,75,2189,47,-0.05737842802171432,1.7157139208611556
180,1574208000,212,489,277,701,47,2.305721491086174,-0.4916117105722137
180,1574222400,25,104,79,129,47,-0.010584370217597724,-1.340126671042568
180,1574236800,450,456,6,906,47,-0.8645759251427256,-0.18751106914490143
180,1574251200,879,868,0,1747,47,-0.9347670118489005,1.060043269588609
180,1574265600,821,869,48,1690,47,-0.3732383181995014,0.9754884570941856
180,1574280000,1139,1093,0,2232,47,-0.9347670118489005,1.779500884672738
180,1574294400,210,506,296,716,47,2.527993265655728,-0.46936044412631284
180,1574308800,25,81,56,106,47,-0.27965020259126816,-1.3742452795929494
180,1574323200,379,525,146,904,47,0.7732160980013554,-0.19047790467102155
180,1574337600,829,835,6,1664,47,-0.8645759251427256,0.936919595254624
180,1574352000,843,756,0,1599,47,-0.9347670118489005,0.8404974406557201
180,1574366400,1096,1190,94,2286,47,0.16489334654783952,1.8596054438779812
180,1574380800,236,521,285,757,47,2.3993096066944073,-0.4085403158408504
180,1574395200,56,124,68,180,47,-0.13926802917891837,-1.2644723651265048
180,1574409600,385,472,87,857,47,0.08300374539063547,-0.26019853953484434
180,1574424000,796,815,19,1611,47,-0.7124952372793467,0.8582984538124409
180,1574438400,936,830,0,1766,47,-0.9347670118489005,1.0882282070867502
180,1574452800,1019,1137,118,2156,47,0.44565769337253913,1.6667611346801736
180,1574467200,236,478,242,714,47,1.8962734853001537,-0.47232727965243293
180,1574481600,35,157,122,192,47,0.49245175117665574,-1.2466713519697843
180,1574496000,148,181,33,329,47,-0.5487160349649386,-1.043443118430556
180,1574510400,408,378,0,786,47,-0.9347670118489005,-0.36552120071210864
180,1574524800,611,572,0,1183,47,-0.9347670118489005,0.2233956512227352
180,1574539200,418,578,160,996,47,0.9369953003157634,-0.05400347046949602
180,1574553600,174,361,187,535,47,1.2528551904935505,-0.7378590592401837
180,1574568000,27,145,118,172,47,0.44565769337253913,-1.2763397072309854
180,1574582400,100,116,16,216,47,-0.7475907806324342,-1.2110693256563427
180,1574596800,319,238,0,557,47,-0.9347670118489005,-0.7052238684528623
180,1574611200,413,404,0,817,47,-0.9347670118489005,-0.31953525005724676
180,1574625600,299,457,158,756,47,0.9135982714137051,-0.4100237336039104
180,1574640000,120,300,180,420,47,1.1709655893363464,-0.9084521019920906
180,1574654400,19,68,49,87,47,-0.3615398037484722,-1.4024302170910905
180,1574668800,390,525,135,915,47,0.6445324390400347,-0.17416030927736087
180,1574683200,738,768,30,1506,47,-0.5838115783180261,0.7025395886911345
180,1574697600,785,726,0,1511,47,-0.9347670118489005,0.7099566775064349
180,1574712000,987,1091,104,2078,47,0.281878491058131,1.5510545491614889
180,1574726400,219,407,188,626,48,1.492183586542548,-0.2815385900169069
180,1574740800,23,76,53,99,48,-0.42851583132266136,-1.227723702594225
180,1574755200,364,526,162,890,48,1.1222711060648038,0.1924516751072144
180,1574769600,753,818,65,1571,48,-0.2577869941790872,1.4151311090069365
180,1574784000,726,741,15,1467,48,-0.9691571489439795,1.2284076712307674
180,1574798400,1005,1019,14,2024,48,-0.9833845520392773,2.2284553139358265
180,1574812800,215,439,224,654,48,2.0043700979732706,-0.23126689523101526
180,1574827200,34,95,61,129,48,-0.3146966065602786,-1.1738611724664838
180,1574841600,373,395,22,768,48,-0.8695653272768946,-0.026589280745599235
180,1574856000,708,717,9,1425,48,-1.0545215675157666,1.1530001290519298
180,1574870400,968,848,0,1816,48,-1.1825681953734473,1.8550084383834884
180,1574884800,726,886,160,1612,48,1.0938162998742083,1.4887432335148492
180,1574899200,179,334,155,513,48,1.022679284397719,-0.4844207868313982
180,1574913600,29,90,61,119,48,-0.3146966065602786,-1.1918153491757308
180,1574928000,118,142,24,260,48,-0.8411105210862989,-0.9386614575753478
180,1574942400,221,241,20,462,48,-0.8980201334674903,-0.575987088048558
180,1574956800,329,410,81,739,48,-0.030148544654321645,-0.07865639320241559
180,1574971200,254,411,157,665,48,1.0511340905883146,-0.21151730085084353
180,1574985600,142,246,104,388,48,0.29708172653752885,-0.708847995696986
180,1575000000,30,82,52,112,48,-0.4427432344179592,-1.2043832728722037
180,1575014400,191,268,77,459,48,-0.08705815703551303,-0.5813733410613321
180,1575028800,429,445,16,874,48,-0.9549297458486816,0.16372499237241916
180,1575043200,518,544,26,1062,48,-0.8126557148957032,0.5012635145062632
180,1575057600,538,646,108,1184,48,0.3539913389187202,0.7203044703590767
180,1575072000,172,380,208,552,48,1.7767316484485047,-0.41439949766533485
180,1575086400,28,117,89,145,48,0.08367068010806113,-1.1451344897316886
180,1575100800,127,154,27,281,48,-0.7984283118004053,-0.9009576864859291
180,1575115200,347,287,0,634,48,-1.1825681953734473,-0.2671752486495093
180,1575129600,457,430,0,887,48,-1.1825681953734473,0.1870654220944403
180,1575144000,386,552,166,938,48,1.1791807184459953,0.2786317233116001
180,1575158400,161,397,236,558,48,2.1750989351168446,-0.40362699163978666
180,1575172800,30,125,95,155,48,0.1690350986798482,-1.1271803130224416
180,1575187200,91,118,27,209,48,-0.7984283118004053,-1.0302277587925077
180,1575201600,289,213,0,502,48,-1.1825681953734473,-0.50417038121157
180,1575216000,357,372,15,729,48,-0.9691571489439795,-0.09661056991166261
180,1575230400,278,409,131,687,48,0.6812216101105707,-0.17201811209050008
180,1575244800,105,259,154,364,48,1.008451881302421,-0.7519380197991788
180,1575259200,18,67,49,85,48,-0.4854254437038527,-1.2528595499871706
180,1575273600,385,488,103,873,48,0.282854323442231,0.16192957470149447
180,1575288000,743,931,188,1674,48,1.492183586542548,1.6000591291121806
180,1575302400,871,783,0,1654,48,-1.1825681953734473,1.5641507756936868
180,1575316800,942,1091,149,2033,48,0.9373148658259319,2.244614072974149
180,1575331200,170,405,235,575,49,2.1076350609715218,-0.6940292867621816
180,1575345600,23,70,47,93,49,-0.3278817605462795,-1.4078033611989629
180,1575360000,400,520,120,920,49,0.6178242392983987,-0.18313290568191287
180,1575374400,782,893,111,1675,49,0.501230348906589,0.9349156963922984
180,1575388800,822,722,0,1544,49,-0.9367609659257298,0.7409231574893558
180,1575403200,1140,1144,4,2284,49,-0.8849414590849255,1.8367588734296423
180,1575417600,254,438,184,692,49,1.4469363487512672,-0.5207687749175687
180,1575432000,24,98,74,122,49,0.021899910629149418,-1.3648584480067083
180,1575446400,390,491,101,881,49,0.37168158180457833,-0.24088640963011715
180,1575460800,888,840,0,1728,49,-0.9367609659257298,1.0134012273988324
180,1575475200,890,904,14,1794,49,-0.7553926919829148,1.1111379263881012
180,1575489600,1136,1161,25,2297,49,-0.612889048170703,1.856010041412377
180,1575504000,247,480,233,727,49,2.0817253075511197,-0.46893870727174436
180,1575518400,24,98,74,122,49,0.021899910629149418,-1.3648584480067083
180,1575532800,400,600,200,1000,49,1.6542143761144843,-0.06466417963431431
180,1575547200,915,831,0,1746,49,-0.9367609659257298,1.040056690759542
180,1575561600,887,792,0,1679,49,-0.9367609659257298,0.9408391326946783
180,1575576000,1113,1073,0,2186,49,-0.9367609659257298,1.691634684021334
180,1575590400,274,473,199,747,49,1.6412594994042833,-0.43932152575984473
180,1575604800,40,110,70,150,49,-0.02991959621165486,-1.3233943938900488
180,1575619200,421,501,80,922,49,0.09962917089035583,-0.1801711875307229
180,1575633600,854,824,0,1678,49,-0.9367609659257298,0.9393582736190833
180,1575648000,952,744,0,1696,49,-0.9367609659257298,0.966013736979793
180,1575662400,1067,1020,0,2087,49,-0.9367609659257298,1.545029635537431
180,1575676800,282,482,200,764,49,1.6542143761144843,-0.41414692147473003
180,1575691200,46,164,118,210,49,0.5919144858779966,-1.23454284935435
180,1575705600,165,148,0,313,49,-0.9367609659257298,-1.0820143645680669
180,1575720000,467,382,0,849,49,-0.9367609659257298,-0.2882739000491566
180,1575734400,584,598,14,1182,49,-0.7553926919829148,0.20485217212397236
180,1575748800,498,552,54,1050,49,-0.23719762357487198,0.009378774145434773
180,1575763200,200,384,184,584,49,1.4469363487512672,-0.6807015550818267
180,1575777600,33,154,121,187,49,0.6307791160085997,-1.2686026080930346
180,1575792000,112,129,17,241,49,-0.7165280618523115,-1.1886362180109056
180,1575806400,409,293,0,702,49,-0.9367609659257298,-0.5059601841616189
180,1575820800,467,371,0,838,49,-0.9367609659257298,-0.3045633498807014
180,1575835200,329,467,138,796,49,0.8510120200820179,-0.3667594310556906
180,1575849600,120,306,186,426,49,1.4728461021716692,-0.9146772890258339
180,1575864000,23,70,47,93,49,-0.3278817605462795,-1.4078033611989629
180,1575878400,396,542,146,938,49,0.9546510337636265,-0.1564774423212032
180,1575892800,808,778,0,1586,49,-0.9367609659257298,0.803119238664345
180,1575907200,837,764,0,1601,49,-0.9367609659257298,0.8253321247982698
180,1575921600,1044,1085,41,2129,49,-0.4056110208074859,1.6072257167124202
180,1575936000,215,426,211,641,50,1.603711572053642,-0.6005836636354497
180,1575950400,31,82,51,113,50,-0.24958881731875251,-1.3961480459769904
180,1575964800,417,482,65,899,50,-0.08742503324866804,-0.21184197680946956
180,1575979200,874,800,0,1674,50,-0.8403283164312032,0.9558898343926024
180,1575993600,835,835,0,1670,50,-0.8403283164312032,0.9498628314960756
180,1576008000,1141,954,0,2095,50,-0.8403283164312032,1.5902318892520506
180,1576022400,223,542,319,765,50,2.8546893348800078,-0.41374657384311814
180,1576036800,25,117,92,142,50,0.22531940745792348,-1.3524522749771708
180,1576051200,429,529,100,958,50,0.31798442692654316,-0.12294368408569892
180,1576065600,875,800,0,1675,50,-0.8403283164312032,0.9573965851167341
180,1576080000,892,710,0,1602,50,-0.8403283164312032,0.8474037822551196
180,1576094400,1132,1126,0,2258,50,-0.8403283164312032,1.8358322572855186
180,1576108800,255,506,251,761,50,2.06703666939674,-0.41977357673964494
180,1576123200,27,108,81,135,50,0.09790500568857138,-1.3629995300460929
180,1576137600,411,516,105,927,50,0.3759000640944305,-0.1696529565337818
180,1576152000,850,825,0,1675,50,-0.8403283164312032,0.9573965851167341
180,1576166400,875,717,0,1592,50,-0.8403283164312032,0.8323362750138026
180,1576180800,1119,1105,0,2224,50,-0.8403283164312032,1.7846027326650407
180,1576195200,256,492,236,748,50,1.8932897578930783,-0.43936133615335715
180,1576209600,23,93,70,116,50,-0.02950939608078072,-1.3916277938045951
180,1576224000,387,459,72,846,50,-0.006343141213625793,-0.29169976518845
180,1576238400,896,813,0,1709,50,-0.8403283164312032,1.0086261097372122
180,1576252800,916,790,0,1706,50,-0.8403283164312032,1.004105857564817
180,1576267200,966,1128,162,2094,50,1.036138327808346,1.5887251385279189
180,1576281600,274,491,217,765,50,1.6732103366551065,-0.41374657384311814
180,1576296000,38,163,125,201,50,0.6075626127659798,-1.2635539822534
180,1576310400,167,169,2,336,50,-0.8171620615640482,-1.06014263449562
180,1576324800,457,376,0,833,50,-0.8403283164312032,-0.31128752460216214
180,1576339200,626,494,0,1120,50,-0.8403283164312032,0.12114993322363743
180,1576353600,445,610,165,1055,50,1.0708877101090784,0.02321113615507655
180,1576368000,231,370,139,601,50,0.7697263968360643,-0.6608536926007179
180,1576382400,35,144,109,179,50,0.42223257382874035,-1.2967024981842978
180,1576396800,116,112,0,228,50,-0.8403283164312032,-1.2228717127018442
180,1576411200,369,241,0,610,50,-0.8403283164312032,-0.6472929360835326
180,1576425600,491,372,0,863,50,-0.8403283164312032,-0.26608500287821096
180,1576440000,353,525,172,878,50,1.1519696021441206,-0.24348374201623538
180,1576454400,139,312,173,451,50,1.163552729577698,-0.8868663012204737
180,1576468800,25,70,45,95,50,-0.3190875819202173,-1.423269559011361
180,1576483200,427,512,85,939,50,0.14423751542288124,-0.15157194784420133
180,1576497600,855,827,0,1682,50,-0.8403283164312032,0.967943840185656
180,1576512000,890,733,0,1623,50,-0.8403283164312032,0.8790455474618855
180,1576526400,1125,1054,0,2179,50,-0.8403283164312032,1.7167989500791139
180,1576540800,218,424,206,642,51,1.6048740235787178,-0.4892118753548713
180,1576555200,28,84,56,112,51,-0.2726944719729855,-1.3305822180419946
180,1576569600,389,534,145,923,51,0.8413295020543583,-0.043126844609434244
180,1576584000,822,782,0,1604,51,-0.9736533769789546,1.0379546711828882
180,1576598400,876,811,0,1687,51,-0.9736533769789546,1.1697164418301171
180,1576612800,1129,1129,0,2258,51,-0.9736533769789546,2.076173924234546
180,1576627200,218,473,255,691,51,2.2182130654589405,-0.41142480593662784
180,1576641600,26,75,49,101,51,-0.3603143350987317,-1.348044621380784
180,1576656000,381,562,181,943,51,1.291945940986767,-0.011377020357089972
180,1576670400,861,802,0,1663,51,-0.9736533769789546,1.131616652727304
180,1576684800,885,768,0,1653,51,-0.9736533769789546,1.1157417406011318
180,1576699200,1100,1081,0,2181,51,-0.9736533769789546,1.9539371008630209
180,1576713600,234,444,210,678,51,1.6549425167934297,-0.43206219170065163
180,1576728000,25,100,75,125,51,-0.03486912920310313,-1.3099448322779708
180,1576742400,350,487,137,837,51,0.7411925156249342,-0.17965108889451462
180,1576756800,787,744,0,1531,51,-0.9736533769789546,0.9220678126618317
180,1576771200,755,763,8,1518,51,-0.8735163905495305,0.901430426897808
180,1576785600,950,1142,192,2092,51,1.4296342973272251,1.8126503829400888
180,1576800000,266,445,179,711,51,1.266911694379411,-0.37967498168428354
180,1576814400,29,113,84,142,51,0.07778498052999905,-1.2829574816634781
180,1576828800,357,459,102,816,51,0.30309319999620343,-0.2129884043594761
180,1576843200,784,750,0,1534,51,-0.9736533769789546,0.9268302862996833
180,1576857600,901,787,0,1688,51,-0.9736533769789546,1.1713039330427342
180,1576872000,956,1067,111,2023,51,0.41574730972930557,1.703113489269501
180,1576886400,266,468,202,734,51,1.5548055303640054,-0.34316268379408765
180,1576900800,48,148,100,196,51,0.2780589533888474,-1.1972329561821486
180,1576915200,124,175,51,299,51,-0.33528008849137564,-1.0337213612825755
180,1576929600,372,265,0,637,51,-0.9736533769789546,-0.49714933141795736
180,1576944000,455,373,0,828,51,-0.9736533769789546,-0.19393850980806954
180,1576958400,376,574,198,950,51,1.5047370371492934,-0.0002645818687694755
180,1576972800,181,373,192,554,51,1.4296342973272251,-0.6289111020651861
180,1576987200,38,140,102,178,51,0.30309319999620343,-1.2258077980092585
180,1577001600,102,96,0,198,51,-0.9736533769789546,-1.1940579737569141
180,1577016000,293,190,0,483,51,-0.9736533769789546,-0.7416229781610083
180,1577030400,402,299,0,701,51,-0.9736533769789546,-0.3955498938104557
180,1577044800,329,485,156,814,51,0.9790178583948165,-0.21616338678471053
180,1577059200,162,290,128,452,51,0.628538405891832,-0.790835205752142
180,1577073600,25,86,61,111,51,-0.21010885545459543,-1.3321697092546119
180,1577088000,282,331,49,613,51,-0.3603143350987317,-0.5352491205207704
180,1577102400,590,560,0,1150,51,-0.9736533769789546,0.3172336606546733
180,1577116800,614,652,38,1266,51,-0.4980026914391899,0.50138264131827
180,1577131200,813,777,0,1590,51,-0.9736533769789546,1.0157297942062473
180,1577145600,167,396,229,563,52,2.5540048100022625,-0.3050660975882136
180,1577160000,44,90,46,134,52,-0.30971465017898264,-1.2612184692071626
180,1577174400,238,283,45,521,52,-0.32536339039855233,-0.3986754206837751
180,1577188800,504,470,0,974,52,-1.0295567002791863,0.6109679927040662
180,1577203200,683,649,0,1332,52,-1.0295567002791863,1.4088760324233758
180,1577217600,526,687,161,1213,52,1.4898904750715267,1.1436496169859516
180,1577232000,168,306,138,474,52,1.1299694500214248,-0.5034287108145225
180,1577246400,35,83,48,118,52,-0.2784171697398434,-1.2968791637197574
180,1577260800,64,110,46,174,52,-0.30971465017898264,-1.1720667329256755
180,1577275200,183,185,2,368,52,-0.9982592198400472,-0.7396808119604632
180,1577289600,329,264,0,593,52,-1.0295567002791863,-0.2382022953770983
180,1577304000,303,362,59,665,52,-0.10628102732457725,-0.07772917007042156
180,1577318400,111,246,135,357,52,1.083023229362716,-0.7641975394378722
180,1577332800,18,76,58,94,52,-0.1219297675441469,-1.3503702054886497
180,1577347200,234,283,49,517,52,-0.26276842952027374,-0.4075905943119238
180,1577361600,427,462,35,889,52,-0.4818507925942488,0.42152055310590614
180,1577376000,561,644,83,1205,52,0.2692887379450943,1.125819269729654
180,1577390400,648,735,87,1383,52,0.3318836988233729,1.5225444961822716
180,1577404800,199,400,201,599,52,2.1158400838543123,-0.22482953493487526
180,1577419200,30,113,83,143,52,0.2692887379450943,-1.241159328543828
180,1577433600,224,298,74,522,52,0.12845007596896743,-0.3964466272767379
180,1577448000,536,494,0,1030,52,-1.0295567002791863,0.7357804234981481
180,1577462400,716,631,0,1347,52,-1.0295567002791863,1.4423079335289333
180,1577476800,823,759,0,1582,52,-1.0295567002791863,1.96607438418267
