remote_unit_id,time_stamp,entries,exits,num_people_exited,sum_exit_entry,week_num,z_score_num_people_exited,z_score_sum_exit_entry
166,1546300800,0,0,0,0,1,-0.29059913176989355,-1.387626368326203
166,1546315200,142,112,0,254,1,-0.29059913176989355,-0.778084251415859
166,1546329600,30,39,9,69,1,0.07101457882479711,-1.2220420924726056
166,1546344000,232,145,0,377,1,-0.29059913176989355,-0.48291228141596815
166,1546358400,353,256,0,609,1,-0.29059913176989355,0.07383484899033019
166,1546372800,388,202,0,590,1,-0.29059913176989355,0.02823917882774541
166,1546387200,143,118,0,261,1,-0.29059913176989355,-0.7612858466191172
166,1546401600,26,12,0,38,1,-0.29059913176989355,-1.2964350280010333
166,1546416000,192,154,0,346,1,-0.29059913176989355,-0.5573052169443959
166,1546430400,675,352,0,1027,1,-0.29059913176989355,1.0769395925671952
166,1546444800,547,332,0,879,1,-0.29059913176989355,0.721773319721798
166,1546459200,854,591,0,1445,1,-0.29059913176989355,2.08004433614406
166,1546473600,237,226,0,463,1,-0.29059913176989355,-0.27653187962742654
166,1546488000,30,15,0,45,1,-0.29059913176989355,-1.2796366232042915
166,1546502400,189,213,24,402,1,0.6737040964826149,-0.42291797857046187
166,1546516800,724,523,0,1247,1,-0.29059913176989355,1.6048894576076507
166,1546531200,545,461,0,1006,1,-0.29059913176989355,1.02654437817697
166,1546545600,779,618,0,1397,1,-0.29059913176989355,1.9648552746806882
166,1546560000,258,225,0,483,1,-0.29059913176989355,-0.2285364373510215
166,1546574400,34,20,0,54,1,-0.29059913176989355,-1.2580386741799092
166,1546588800,164,195,31,359,1,0.9549592047229298,-0.5261081794647327
166,1546601676,175,328,153,503,1,5.8568339483398475,-0.18054099507461646
166,1546603200,694,346,0,1040,1,-0.29059913176989355,1.1081366300468585
166,1546617600,527,314,0,841,1,-0.29059913176989355,0.6305819793966285
166,1546632000,785,570,0,1355,1,-0.29059913176989355,1.8640648459002378
166,1546646400,279,226,0,505,1,-0.29059913176989355,-0.17574145084697596
166,1546660800,45,37,0,82,1,-0.29059913176989355,-1.1908450549929424
166,1546675200,43,90,47,133,1,1.5978280235579354,-1.0684566771881094
166,1546689600,286,293,7,579,1,-0.009344023529578587,0.0018416855757226454
166,1546704000,558,343,0,901,1,-0.29059913176989355,0.7745683062258436
166,1546718400,636,274,0,910,1,-0.29059913176989355,0.7961662552502259
166,1546732800,289,213,0,502,1,-0.29059913176989355,-0.18294076718843671
166,1546747200,56,49,0,105,1,-0.29059913176989355,-1.1356502963750765
166,1546761600,23,63,40,86,1,1.3165729153176204,-1.1812459665376613
166,1546776000,283,250,0,533,1,-0.29059913176989355,-0.10854783166000892
166,1546790400,530,308,0,838,1,-0.29059913176989355,0.6233826630551678
166,1546804800,501,253,0,754,1,-0.29059913176989355,0.42180180549426666
166,1546819200,185,120,0,305,1,-0.29059913176989355,-0.6556958736110262
166,1546833600,20,16,0,36,1,-0.29059913176989355,-1.3012345722286738
166,1546848000,234,146,0,380,1,-0.29059913176989355,-0.4757129650745074
166,1546862400,705,322,0,1027,1,-0.29059913176989355,1.0769395925671952
166,1546876800,509,322,0,831,1,-0.29059913176989355,0.606584258258426
166,1546891200,738,529,0,1267,1,-0.29059913176989355,1.6528848998840555
166,1546905600,237,162,0,399,2,-0.2793185054021643,-0.3147649547707768
166,1546920000,33,16,0,49,2,-0.2793185054021643,-1.0901657887009955
166,1546934400,204,200,0,404,2,-0.2793185054021643,-0.3036878000003451
166,1546948800,702,487,0,1189,2,-0.2793185054021643,1.435425498957431
166,1546963200,460,376,0,836,2,-0.2793185054021643,0.6533783721649533
166,1546977600,752,599,0,1351,2,-0.2793185054021643,1.794325313519418
166,1546992000,255,226,0,481,2,-0.2793185054021643,-0.13309961653569702
166,1547006400,32,23,0,55,2,-0.2793185054021643,-1.0768732029764774
166,1547020800,212,224,12,436,2,0.9077851425570338,-0.23279400946958226
166,1547035200,733,380,0,1113,2,-0.2793185054021643,1.2670527464468693
166,1547049600,521,337,0,858,2,-0.2793185054021643,0.7021178531548528
166,1547064000,815,605,0,1420,2,-0.2793185054021643,1.9471900493513754
166,1547078400,278,221,0,499,2,-0.2793185054021643,-0.0932218593621429
166,1547092800,31,17,0,48,2,-0.2793185054021643,-1.0923812196550817
166,1547107200,215,180,0,395,2,-0.2793185054021643,-0.3236266785871222
166,1547121600,705,379,0,1084,2,-0.2793185054021643,1.2028052487783654
166,1547136000,520,315,0,835,2,-0.2793185054021643,0.651162941210867
166,1547149145,663,554,0,1217,2,-0.2793185054021643,1.4974575656718485
166,1547149226,3,1,0,4,2,-0.2793185054021643,-1.1898601816348806
166,1547149307,2,0,0,2,2,-0.2793185054021643,-1.1942910435430534
166,1547149388,4,0,0,4,2,-0.2793185054021643,-1.1898601816348806
166,1547149468,3,0,0,3,2,-0.2793185054021643,-1.192075612588967
166,1547149548,3,0,0,3,2,-0.2793185054021643,-1.192075612588967
166,1547149629,4,11,7,15,2,0.4131586225740346,-1.165490441139931
166,1547149709,5,0,0,5,2,-0.2793185054021643,-1.1876447506807943
166,1547150400,836,369,0,1205,2,-0.2793185054021643,1.4708723942228124
166,1547164800,265,213,0,478,2,-0.2793185054021643,-0.13974590939795603
166,1547179200,31,23,0,54,2,-0.2793185054021643,-1.0790886339305636
166,1547193600,180,165,0,345,2,-0.2793185054021643,-0.4343982262914391
166,1547208000,681,430,0,1111,2,-0.2793185054021643,1.2626218845386965
166,1547222400,508,354,0,862,2,-0.2793185054021643,0.7109795769711982
166,1547236800,842,545,0,1387,2,-0.2793185054021643,1.8740808278665262
166,1547251200,317,228,0,545,2,-0.2793185054021643,0.008687964525828687
166,1547265600,45,26,0,71,2,-0.2793185054021643,-1.041426307711096
166,1547280000,41,86,45,127,2,4.172320174444829,-0.917362174282261
166,1547294400,300,242,0,542,2,-0.2793185054021643,0.0020416716635696694
166,1547308800,475,333,0,808,2,-0.2793185054021643,0.5913463054505358
166,1547323200,586,309,0,895,2,-0.2793185054021643,0.7840887984560473
166,1547337600,266,164,0,430,2,-0.2793185054021643,-0.24608659519410028
166,1547352000,52,43,0,95,2,-0.2793185054021643,-0.9882559648130238
166,1547366400,18,68,50,86,2,4.666946694427828,-1.008194843399801
166,1547380800,243,242,0,485,2,-0.2793185054021643,-0.12423789271935165
166,1547395200,453,313,0,766,2,-0.2793185054021643,0.4982982053789096
166,1547409600,424,241,0,665,2,-0.2793185054021643,0.27453967901618936
166,1547424000,161,96,0,257,2,-0.2793185054021643,-0.629356150251037
166,1547438400,27,13,0,40,2,-0.2793185054021643,-1.1101046672877726
166,1547452002,149,129,0,278,2,-0.2793185054021643,-0.5828321002152238
166,1547452800,92,122,30,214,2,2.688440614495831,-0.7246196812767495
166,1547467200,709,344,0,1053,2,-0.2793185054021643,1.134126889201689
166,1547481600,437,324,0,761,2,-0.2793185054021643,0.4872210506084779
166,1547496000,705,625,0,1330,2,-0.2793185054021643,1.7478012634836049
166,1547510400,230,174,0,404,3,-0.34682925075337273,-0.456582162902816
166,1547524800,24,21,0,45,3,-0.34682925075337273,-1.3441976673185796
166,1547539200,208,186,0,394,3,-0.34682925075337273,-0.48130682876397934
166,1547553600,727,341,0,1068,3,-0.34682925075337273,1.185135650278429
166,1547568000,469,328,0,797,3,-0.34682925075337273,0.5150972054409028
166,1547582400,774,630,0,1404,3,-0.34682925075337273,2.015884423213517
166,1547596800,264,235,0,499,3,-0.34682925075337273,-0.22169783722176442
166,1547611200,27,18,0,45,3,-0.34682925075337273,-1.3441976673185796
166,1547625600,204,152,0,356,3,-0.34682925075337273,-0.5752605590364
166,1547640000,752,405,0,1157,3,-0.34682925075337273,1.4051851764427825
166,1547654400,601,328,0,929,3,-0.34682925075337273,0.8414627948082587
166,1547668800,759,652,0,1411,3,-0.34682925075337273,2.033191689316331
166,1547683200,294,199,0,493,3,-0.34682925075337273,-0.23653263673846242
166,1547697600,30,11,0,41,3,-0.34682925075337273,-1.354087533663045
166,1547712000,212,176,0,388,3,-0.34682925075337273,-0.49614162828067737
166,1547726400,725,373,0,1098,3,-0.34682925075337273,1.259309647861919
166,1547740800,553,317,0,870,3,-0.34682925075337273,0.6955872662273951
166,1547755200,767,554,0,1321,3,-0.34682925075337273,1.810669696565861
166,1547769600,259,220,0,479,3,-0.34682925075337273,-0.2711471689440911
166,1547784000,37,20,0,57,3,-0.34682925075337273,-1.3145280682851834
166,1547798400,177,148,0,325,3,-0.34682925075337273,-0.6519070232060064
166,1547812800,667,353,0,1020,3,-0.34682925075337273,1.066457254144845
166,1547827200,553,329,0,882,3,-0.34682925075337273,0.725256865260791
166,1547841600,797,497,0,1294,3,-0.34682925075337273,1.74391309874072
166,1547856000,287,244,0,531,3,-0.34682925075337273,-0.14257890646604177
166,1547870400,45,80,35,125,3,2.7619451309994196,-1.1464003404292729
166,1547884800,38,73,35,111,3,2.7619451309994196,-1.1810148726349015
166,1547899200,305,310,5,615,3,0.09728137521131187,0.06510828676773019
166,1547913600,492,349,0,841,3,-0.34682925075337273,0.6238857352300214
166,1547928000,508,267,0,775,3,-0.34682925075337273,0.4607029405463434
166,1547942400,268,178,0,446,3,-0.34682925075337273,-0.35273856628593003
166,1547956800,55,31,0,86,3,-0.34682925075337273,-1.2428265372878098
166,1547971200,19,68,49,87,3,4.005454883700536,-1.2403540707016936
166,1547985600,217,225,8,442,3,0.3637477507901226,-0.3626284326303954
166,1548000000,394,353,0,747,3,-0.34682925075337273,0.3914738761350861
166,1548014400,437,249,0,686,3,-0.34682925075337273,0.2406534143819898
166,1548028800,178,95,0,273,3,-0.34682925075337273,-0.7804752856840557
166,1548043200,31,19,0,50,3,-0.34682925075337273,-1.3318353343879978
166,1548057600,59,91,32,150,3,2.4954787554206086,-1.0845886757763645
166,1548072000,334,252,0,586,3,-0.34682925075337273,-0.00659324422964346
166,1548086400,390,279,0,669,3,-0.34682925075337273,0.19862148241801217
166,1548100800,417,310,0,727,3,-0.34682925075337273,0.3420245444127595
166,1548115200,182,105,0,287,4,-0.29571757809312244,-0.7250383033283635
166,1548129600,23,10,0,33,4,-0.29571757809312244,-1.3238874702781671
166,1548144000,181,141,0,322,4,-0.29571757809312244,-0.6425197173313434
166,1548158400,724,360,0,1084,4,-0.29571757809312244,1.1540277835180672
166,1548172800,458,329,0,787,4,-0.29571757809312244,0.4537986394862103
166,1548187200,728,586,0,1314,4,-0.29571757809312244,1.6962927772127712
166,1548201600,246,235,0,481,4,-0.29571757809312244,-0.26764956951630886
166,1548216000,31,15,0,46,4,-0.29571757809312244,-1.293237709764988
166,1548230400,193,151,0,344,4,-0.29571757809312244,-0.5906508918475021
166,1548244800,753,344,0,1097,4,-0.29571757809312244,1.184677544031246
166,1548259200,510,327,0,837,4,-0.29571757809312244,0.5716823337676676
166,1548273600,660,539,0,1199,4,-0.29571757809312244,1.425160280365419
166,1548288000,241,210,0,451,4,-0.29571757809312244,-0.3383797860851833
166,1548302400,29,19,0,48,4,-0.29571757809312244,-1.2885223619937298
166,1548316800,194,144,0,338,4,-0.29571757809312244,-0.604796935161277
166,1548331200,714,384,0,1098,4,-0.29571757809312244,1.1870352179168753
166,1548345600,491,368,0,859,4,-0.29571757809312244,0.623551159251509
166,1548360000,777,547,0,1324,4,-0.29571757809312244,1.7198695160690627
166,1548374400,286,237,0,523,4,-0.29571757809312244,-0.16862726631988467
166,1548388800,33,26,0,59,4,-0.29571757809312244,-1.2625879492518093
166,1548403200,185,222,37,407,4,4.4708984331504755,-0.44211743705286577
166,1548407675,112,111,0,223,4,-0.29571757809312244,-0.8759294320086289
166,1548408317,12,24,12,36,4,1.2502119390669633,-1.3168144486212796
166,1548417600,717,391,0,1108,4,-0.29571757809312244,1.2106119567731668
166,1548432000,550,423,0,973,4,-0.29571757809312244,0.8923259822132318
166,1548446400,859,532,0,1391,4,-0.29571757809312244,1.8778336664062154
166,1548460800,301,210,0,511,4,-0.29571757809312244,-0.19691935294743443
166,1548475200,66,36,0,102,4,-0.29571757809312244,-1.161207972169756
166,1548489600,42,71,29,113,4,3.4402787550437512,-1.1352735594278351
166,1548504000,327,269,0,596,4,-0.29571757809312244,0.0034829273310431077
166,1548518400,497,325,0,822,4,-0.29571757809312244,0.5363172254832305
166,1548532800,559,305,0,864,4,-0.29571757809312244,0.6353395286796547
166,1548547200,260,176,0,436,4,-0.29571757809312244,-0.3737448943696205
166,1548561600,52,29,0,81,4,-0.29571757809312244,-1.210719123767968
166,1548576000,27,50,23,77,4,2.6673139964637085,-1.2201498193104845
166,1548590400,225,216,0,441,4,-0.29571757809312244,-0.3619565249414748
166,1548604800,450,393,0,843,4,-0.29571757809312244,0.5858283770814425
166,1548619200,428,257,0,685,4,-0.29571757809312244,0.21331590315203725
166,1548633600,169,108,0,277,4,-0.29571757809312244,-0.748615042184655
166,1548648000,29,11,0,40,4,-0.29571757809312244,-1.307383753078763
166,1548662400,212,148,0,360,4,-0.29571757809312244,-0.5529281096774358
166,1548676800,723,320,0,1043,4,-0.29571757809312244,1.0573631542072721
166,1548691200,483,399,0,882,4,-0.29571757809312244,0.6777776586209794
166,1548705600,751,566,0,1317,4,-0.29571757809312244,1.7033657988696587
166,1548720000,254,187,0,441,5,-0.26212144838105134,-0.43049468940628793
166,1548734400,27,15,0,42,5,-0.26212144838105134,-1.3923920234156977
166,1548748800,212,142,0,354,5,-0.26212144838105134,-0.6402317020850314
166,1548763200,712,357,0,1069,5,-0.26212144838105134,1.0834690342977455
166,1548777600,516,343,0,859,5,-0.26212144838105134,0.577207279555951
166,1548792000,808,636,0,1444,5,-0.26212144838105134,1.9875078820509502
166,1548806400,305,247,0,552,5,-0.26212144838105134,-0.16289919047133933
166,1548820800,33,15,0,48,5,-0.26212144838105134,-1.3779274018516465
166,1548835200,222,169,0,391,5,-0.26212144838105134,-0.5510332024400485
166,1548849600,717,343,0,1060,5,-0.26212144838105134,1.0617721019516686
166,1548864000,516,334,0,850,5,-0.26212144838105134,0.555510347209874
166,1548878400,750,633,0,1383,5,-0.26212144838105134,1.8404508961497623
166,1548892800,254,260,6,514,5,0.630508348808475,-0.25450846037699737
166,1548907200,24,22,0,46,5,-0.26212144838105134,-1.3827489423729968
166,1548921600,216,129,0,345,5,-0.26212144838105134,-0.6619286344311083
166,1548936000,699,350,0,1049,5,-0.26212144838105134,1.0352536290842413
166,1548950400,419,288,0,707,5,-0.26212144838105134,0.2107701999333186
166,1548964800,707,551,0,1258,5,-0.26212144838105134,1.5391046135653608
166,1548979200,259,226,0,485,5,-0.26212144838105134,-0.3244207979365786
166,1548993600,23,31,8,54,5,0.928051614538317,-1.3634627802875952
166,1549008000,194,134,0,328,5,-0.26212144838105134,-0.7029117288625869
166,1549022400,678,328,0,1006,5,-0.26212144838105134,0.9315905078752071
166,1549036800,531,403,0,934,5,-0.26212144838105134,0.7580150491065919
166,1549051200,799,489,0,1288,5,-0.26212144838105134,1.6114277213856172
166,1549065600,269,220,0,489,5,-0.26212144838105134,-0.31477771689387773
166,1549080000,55,25,0,80,5,-0.26212144838105134,-1.3007827535100396
166,1549094400,36,58,22,94,5,3.0108544746472115,-1.2670319698605867
166,1549108800,342,265,0,607,5,-0.26212144838105134,-0.030306826134202634
166,1549123200,519,308,0,827,5,-0.26212144838105134,0.5000626312143441
166,1549137600,706,307,0,1013,5,-0.26212144838105134,0.9484658996999337
166,1549152000,246,167,0,413,5,-0.26212144838105134,-0.4979962567051939
166,1549166400,66,65,0,131,5,-0.26212144838105134,-1.1778334702156037
166,1549180800,30,68,38,98,5,5.3912006004859485,-1.257388888817886
166,1549195200,267,233,0,500,5,-0.26212144838105134,-0.28825924402645037
166,1549209600,438,297,0,735,5,-0.26212144838105134,0.2782717672322246
166,1549224000,415,245,0,660,5,-0.26212144838105134,0.09746399768158363
166,1549238400,236,108,0,344,5,-0.26212144838105134,-0.6643394046917835
166,1549252800,25,13,0,38,5,-0.26212144838105134,-1.4020351044583985
166,1549267200,196,157,0,353,5,-0.26212144838105134,-0.6426424723457066
166,1549281600,722,351,0,1073,5,-0.26212144838105134,1.0931121153404464
166,1549296000,434,359,0,793,5,-0.26212144838105134,0.4180964423513869
166,1549310400,707,560,0,1267,5,-0.26212144838105134,1.5608015459114377
166,1549324800,347,210,0,557,6,-0.3018702716196832,-0.1761565024201146
166,1549339200,27,12,0,39,6,-0.3018702716196832,-1.3879260931877584
166,1549353600,224,161,0,385,6,-0.3018702716196832,-0.5785201503197955
166,1549368000,727,359,0,1086,6,-0.3018702716196832,1.0613456472248344
166,1549382400,475,329,0,804,6,-0.3018702716196832,0.4016564105521016
166,1549396800,753,549,0,1302,6,-0.3018702716196832,1.566639530633736
166,1549411200,303,252,0,555,6,-0.3018702716196832,-0.18083514948871554
166,1549425600,31,18,0,49,6,-0.3018702716196832,-1.3645328578447538
166,1549440000,212,157,0,369,6,-0.3018702716196832,-0.615949326868603
166,1549454400,735,412,0,1147,6,-0.3018702716196832,1.204044382817163
166,1549468800,492,382,0,874,6,-0.3018702716196832,0.5654090579531346
166,1549483200,746,632,0,1378,6,-0.3018702716196832,1.7444281192405717
166,1549497600,321,251,0,572,6,-0.3018702716196832,-0.14106664940560756
166,1549512000,26,53,27,79,6,4.249706161503072,-1.2943531518157396
166,1549526400,189,152,0,341,6,-0.3018702716196832,-0.6814503858290163
166,1549527090,12,9,0,21,6,-0.3018702716196832,-1.4300339168051668
166,1549540800,744,345,0,1089,6,-0.3018702716196832,1.0683636178277358
166,1549555200,550,323,0,873,6,-0.3018702716196832,0.5630697344188341
166,1549569600,747,539,0,1286,6,-0.3018702716196832,1.5292103540849284
166,1549584000,307,267,0,574,6,-0.3018702716196832,-0.13638800233700663
166,1549598400,37,26,0,63,6,-0.3018702716196832,-1.3317823283645471
166,1549612800,174,158,0,332,6,-0.3018702716196832,-0.7025042976377205
166,1549627200,709,379,0,1088,6,-0.3018702716196832,1.0660242942934353
166,1549641600,586,346,0,932,6,-0.3018702716196832,0.7010898229425618
166,1549656000,796,598,0,1394,6,-0.3018702716196832,1.7818572957893792
166,1549670400,365,229,0,594,6,-0.3018702716196832,-0.0896015316509972
166,1549684800,59,26,0,85,6,-0.3018702716196832,-1.2803172106099368
166,1549699200,50,69,19,119,6,2.901090922059293,-1.2007802104437206
166,1549713600,309,313,4,622,6,0.3724373481022065,-0.024100472690584022
166,1549728000,540,344,0,884,6,-0.3018702716196832,0.5888022932961393
166,1549742400,632,334,0,966,6,-0.3018702716196832,0.7806268231087778
166,1549756800,345,172,0,517,6,-0.3018702716196832,-0.2697294437921334
166,1549771200,69,44,0,113,6,-0.3018702716196832,-1.2148161516495235
166,1549785600,38,61,23,99,6,3.5753985417811824,-1.2475666811297301
166,1549800000,254,258,4,512,6,0.3724373481022065,-0.2814260614636358
166,1549814400,514,322,0,836,6,-0.3018702716196832,0.4765147636497167
166,1549828800,427,216,0,643,6,-0.3018702716196832,0.02502532152972586
166,1549843200,171,130,0,301,6,-0.3018702716196832,-0.7750233272010351
166,1549857600,20,11,0,31,6,-0.3018702716196832,-1.4066406814621621
166,1549872000,207,145,0,352,6,-0.3018702716196832,-0.6557178269517111
166,1549886400,719,340,0,1059,6,-0.3018702716196832,0.9981839117987217
166,1549900800,531,373,0,904,6,-0.3018702716196832,0.6355887639821487
166,1549915200,753,610,0,1363,6,-0.3018702716196832,1.7093382662260648
166,1549929600,279,198,0,477,7,-0.254184791863975,-0.321080801827223
166,1549944000,18,15,0,33,7,-0.254184791863975,-1.4135909904719104
166,1549958400,182,153,0,335,7,-0.254184791863975,-0.6704872135108844
166,1549972800,680,367,0,1047,7,-0.254184791863975,1.0814660619733893
166,1549987200,487,327,0,814,7,-0.254184791863975,0.5081442737882267
166,1550001600,718,547,0,1265,7,-0.254184791863975,1.617878722163799
166,1550016000,262,209,0,471,7,-0.254184791863975,-0.33584445302512417
166,1550030400,24,11,0,35,7,-0.254184791863975,-1.4086697734059435
166,1550044800,211,152,0,363,7,-0.254184791863975,-0.6015901745873454
166,1550046654,168,84,0,252,7,-0.254184791863975,-0.8747177217485174
166,1550059200,620,342,0,962,7,-0.254184791863975,0.8723143366697892
166,1550073600,492,342,0,834,7,-0.254184791863975,0.5573564444478973
166,1550088000,781,583,0,1364,7,-0.254184791863975,1.8614789669291685
166,1550102400,316,239,0,555,7,-0.254184791863975,-0.12915333625450764
166,1550116800,31,24,0,55,7,-0.254184791863975,-1.3594576027462728
166,1550131200,210,148,0,358,7,-0.254184791863975,-0.6138932172522631
166,1550145600,739,397,0,1136,7,-0.254184791863975,1.3004602214089236
166,1550160000,497,337,0,834,7,-0.254184791863975,0.5573564444478973
166,1550174400,825,526,0,1351,7,-0.254184791863975,1.8294910560003825
166,1550188800,304,241,0,545,7,-0.254184791863975,-0.15375942158434294
166,1550203200,37,16,0,53,7,-0.254184791863975,-1.36437881981224
166,1550217600,185,151,0,336,7,-0.254184791863975,-0.6680266049779008
166,1550232000,715,341,0,1056,7,-0.254184791863975,1.103611538770241
166,1550246400,559,347,0,906,7,-0.254184791863975,0.7345202588227115
166,1550260800,831,465,0,1296,7,-0.254184791863975,1.6941575866862884
166,1550275200,301,238,0,539,7,-0.254184791863975,-0.16852307278224413
166,1550289600,51,38,0,89,7,-0.254184791863975,-1.2757969126248327
166,1550304000,44,67,23,111,7,2.2348128235169287,-1.2216635248991952
166,1550318400,318,265,0,583,7,-0.254184791863975,-0.06025629733096879
166,1550332800,553,347,0,900,7,-0.254184791863975,0.7197566076248103
166,1550347200,691,344,0,1035,7,-0.254184791863975,1.0519387595775869
166,1550361600,251,190,0,441,7,-0.254184791863975,-0.4096627090146301
166,1550376000,73,36,0,109,7,-0.254184791863975,-1.226584741965162
166,1550390400,29,55,26,84,7,2.559464686392699,-1.2880999552897505
166,1550404800,285,262,0,547,7,-0.254184791863975,-0.14883820451837587
166,1550419200,542,371,0,913,7,-0.254184791863975,0.7517445185535963
166,1550433600,519,240,0,759,7,-0.254184791863975,0.37281080447413256
166,1550448000,220,156,0,376,7,-0.254184791863975,-0.5696022636585596
166,1550462400,28,15,0,43,7,-0.254184791863975,-1.388984905142075
166,1550476800,52,104,52,156,7,5.3731141646493725,-1.1109361409149363
166,1550491200,395,359,0,754,7,-0.254184791863975,0.3605077618092149
166,1550505600,575,379,0,954,7,-0.254184791863975,0.852629468405921
166,1550520000,666,330,0,996,7,-0.254184791863975,0.9559750267912293
166,1550534400,228,168,0,396,8,0.0,-0.6633798896898978
166,1550548800,31,17,0,48,8,0.0,-1.447715795506719
166,1550563200,182,124,0,306,8,0.0,-0.8662253825735585
166,1550577600,727,341,0,1068,8,0.0,0.8511997905081019
166,1550592000,506,350,0,856,8,0.0,0.37338596282659015
166,1550606400,758,579,0,1337,8,0.0,1.4574824303492655
166,1550620800,280,225,0,505,8,0.0,-0.4177114594196865
166,1550635200,26,22,0,48,8,0.0,-1.447715795506719
166,1550649600,213,133,0,346,8,0.0,-0.7760718301808204
166,1550664000,742,359,0,1101,8,0.0,0.9255764712321108
166,1550678400,521,341,0,862,8,0.0,0.38690899568550086
166,1550692800,744,532,0,1276,8,0.0,1.31999826295034
166,1550707200,278,226,0,504,8,0.0,-0.41996529822950496
166,1550721600,28,28,0,56,8,0.0,-1.4296850850281715
166,1550736000,189,132,0,321,8,0.0,-0.8324178004262817
166,1550750400,751,387,0,1138,8,0.0,1.0089685071953935
166,1550764800,526,363,0,889,8,0.0,0.447762643550599
166,1550779200,803,527,0,1330,8,0.0,1.4417055586805363
166,1550793600,295,219,0,514,8,0.0,-0.3974269101313205
166,1550808000,38,29,0,67,8,0.0,-1.4048928581201685
166,1550822400,168,130,0,298,8,0.0,-0.8842560930521061
166,1550836800,706,367,0,1073,8,0.0,0.8624689845571942
166,1550851200,538,376,0,914,8,0.0,0.5041086137960603
166,1550865600,805,510,0,1315,8,0.0,1.4078979765332595
166,1551484800,9475,9934,459,19409,9,4.227170724306667,4.2270705075788095
166,1551499200,54,38,0,92,9,-0.2652928251301406,-0.3336846998265978
166,1551513600,48,71,23,119,9,-0.04018027254398245,-0.3273099837423225
166,1551528000,334,300,0,634,9,-0.2652928251301406,-0.20571817694966396
166,1551542400,575,325,0,900,9,-0.2652928251301406,-0.14291541848976655
166,1551556800,732,305,0,1037,9,-0.2652928251301406,-0.11056963687696224
166,1551571200,261,182,0,443,9,-0.2652928251301406,-0.2508133907310189
166,1551585600,64,56,0,120,9,-0.2652928251301406,-0.3270738831466086
166,1551600000,29,62,33,91,9,0.057694750319564565,-0.3339208004223117
166,1551614400,280,212,0,492,9,-0.2652928251301406,-0.2392444615410378
166,1551628800,565,308,0,873,9,-0.2652928251301406,-0.14929013457404186
166,1551643200,610,281,0,891,9,-0.2652928251301406,-0.14504032385119164
166,1551657600,187,105,0,292,9,-0.2652928251301406,-0.2864645806838178
166,1551672000,24,10,0,34,9,-0.2652928251301406,-0.34737853437800403
166,1551686400,159,109,0,268,9,-0.2652928251301406,-0.2921309949809514
166,1551687692,80,19,0,99,9,-0.2652928251301406,-0.3320319956566005
166,1551700800,564,316,0,880,9,-0.2652928251301406,-0.14763743040404456
166,1551715200,477,306,0,783,9,-0.2652928251301406,-0.17053918818829286
166,1551729600,652,492,0,1144,9,-0.2652928251301406,-0.08530687313557493
166,1551744000,275,173,0,448,10,-0.21869204508436985,-0.4609207455614278
166,1551758400,26,22,0,48,10,-0.21869204508436985,-1.3691389634164581
166,1551772800,208,147,0,355,10,-0.21869204508436985,-0.6720814812127224
166,1551787200,758,338,0,1096,10,-0.21869204508436985,1.0103927673637212
166,1551801600,503,376,0,879,10,-0.21869204508436985,0.5176843841773672
166,1551816000,845,598,0,1443,10,-0.21869204508436985,1.7982720713529599
166,1551830400,290,258,0,548,10,-0.21869204508436985,-0.2338661910976703
166,1551844800,29,22,0,51,10,-0.21869204508436985,-1.3623273267825453
166,1551859200,214,145,0,359,10,-0.21869204508436985,-0.6629992990341721
166,1551873600,780,377,0,1157,10,-0.21869204508436985,1.1488960455866133
166,1551888000,570,335,0,905,10,-0.21869204508436985,0.5767185683379442
166,1551902400,811,661,0,1472,10,-0.21869204508436985,1.8641178921474495
166,1551916800,310,228,0,538,10,-0.21869204508436985,-0.256571646544046
166,1551931200,24,23,0,47,10,-0.21869204508436985,-1.3714095089610956
166,1551945600,216,172,0,388,10,-0.21869204508436985,-0.5971534782396823
166,1551946257,42,20,0,62,10,-0.21869204508436985,-1.337351325791532
166,1551960000,716,351,0,1067,10,-0.21869204508436985,0.9445469465692314
166,1551974400,563,364,0,927,10,-0.21869204508436985,0.6266705703199709
166,1551988800,820,557,0,1377,10,-0.21869204508436985,1.6484160654068798
166,1552003200,293,255,0,548,10,-0.21869204508436985,-0.2338661910976703
166,1552017600,28,20,0,48,10,-0.21869204508436985,-1.3691389634164581
166,1552032000,189,159,0,348,10,-0.21869204508436985,-0.6879753000251854
166,1552046400,752,361,0,1113,10,-0.21869204508436985,1.0489920416225598
166,1552060800,573,320,0,893,10,-0.21869204508436985,0.5494720218022933
166,1552075200,818,619,0,1437,10,-0.21869204508436985,1.7846487980851344
166,1552089600,340,252,0,592,10,-0.21869204508436985,-0.13396218713361696
166,1552104000,57,33,0,90,10,-0.21869204508436985,-1.2737760505416797
166,1552118400,44,69,25,113,10,3.8346518939793817,-1.2215535030150155
166,1552132800,388,212,0,600,10,-0.21869204508436985,-0.11579782277651635
166,1552147200,659,262,0,921,10,-0.21869204508436985,0.6130472970521453
166,1552161600,825,317,0,1142,10,-0.21869204508436985,1.1148378624170496
166,1552176000,326,195,0,521,10,-0.21869204508436985,-0.2951709208028848
166,1552194000,65,48,0,113,10,-0.21869204508436985,-1.2215535030150155
166,1552208400,50,83,33,133,10,5.131721954479782,-1.1761425921222641
166,1552222800,374,228,0,602,10,-0.21869204508436985,-0.1112567316872412
166,1552237200,677,261,0,938,10,-0.21869204508436985,0.6516465713109841
166,1552251600,464,191,0,655,10,-0.21869204508436985,0.009082182178550302
166,1552266000,137,85,0,222,10,-0.21869204508436985,-0.9740640386495198
166,1552280400,19,11,0,30,10,-0.21869204508436985,-1.4100087832199344
166,1552294800,523,257,0,780,10,-0.21869204508436985,0.29290037525824725
166,1552309200,574,306,0,880,10,-0.21869204508436985,0.5199549297220047
166,1552323600,558,340,0,898,10,-0.21869204508436985,0.5608247495254811
166,1552338000,683,526,0,1209,10,-0.21869204508436985,1.2669644139077672
166,1552352400,185,76,0,261,11,-0.30485538042484617,-0.9384606703487112
166,1552366800,16,14,0,30,11,-0.30485538042484617,-1.50741308075446
166,1552381200,562,265,0,827,11,-0.30485538042484617,0.4555958850177553
166,1552395600,564,305,0,869,11,-0.30485538042484617,0.5590417778188005
166,1552410000,639,352,0,991,11,-0.30485538042484617,0.8595274664313604
166,1552424400,684,580,0,1264,11,-0.30485538042484617,1.5319257696381543
166,1552438800,176,108,0,284,11,-0.30485538042484617,-0.8818117290529007
166,1552453200,9,13,4,22,11,1.4023347499542922,-1.5271170603356115
166,1552467600,549,245,0,794,11,-0.30485538042484617,0.37431696924550545
166,1552482000,560,282,0,842,11,-0.30485538042484617,0.4925408467324143
166,1552496400,642,351,0,993,11,-0.30485538042484617,0.8644534613266482
166,1552510800,648,606,0,1254,11,-0.30485538042484617,1.507295795161715
166,1552525200,179,117,0,296,11,-0.30485538042484617,-0.8522557596811735
166,1552539600,20,14,0,34,11,-0.30485538042484617,-1.4975610909638841
166,1552554000,510,275,0,785,11,-0.30485538042484617,0.35214999221671006
166,1552568400,629,330,0,959,11,-0.30485538042484617,0.7807115481067546
166,1552582800,655,370,0,1025,11,-0.30485538042484617,0.9432693796512541
166,1552597200,744,571,0,1315,11,-0.30485538042484617,1.657538639467995
166,1552611600,235,94,0,329,11,-0.30485538042484617,-0.7709768439089237
166,1552626000,19,29,10,48,11,3.963119945523,-1.463079126696869
166,1552640400,446,257,0,703,11,-0.30485538042484617,0.1501842015099075
166,1552654800,609,314,0,923,11,-0.30485538042484617,0.6920436399915729
166,1552669200,694,422,0,1116,11,-0.30485538042484617,1.167402147386852
166,1552683600,637,575,0,1212,11,-0.30485538042484617,1.4038499023606699
166,1552698000,272,102,0,374,11,-0.30485538042484617,-0.6601419587649467
166,1552712400,33,16,0,49,11,-0.30485538042484617,-1.4606161292492252
166,1552726800,115,125,10,240,11,3.963119945523,-0.9901836167492338
166,1552741200,413,315,0,728,11,-0.30485538042484617,0.21175913770100585
166,1552755600,674,350,0,1024,11,-0.30485538042484617,0.9408063822036102
166,1552770000,564,236,0,800,11,-0.30485538042484617,0.38909495393136906
166,1552784400,209,97,0,306,11,-0.30485538042484617,-0.8276257852047342
166,1552798800,21,21,0,42,11,-0.30485538042484617,-1.4778571113827328
166,1552813200,105,111,6,216,11,2.2559298151438614,-1.0492955554926882
166,1552827600,367,299,0,666,11,-0.30485538042484617,0.059053295947081946
166,1552842000,566,323,0,889,11,-0.30485538042484617,0.6083017267716792
166,1552856400,372,225,0,597,11,-0.30485538042484617,-0.11089352794034948
166,1552870800,131,52,0,183,11,-0.30485538042484617,-1.130574471264938
166,1552885200,17,15,0,32,11,-0.30485538042484617,-1.5024870858591721
166,1552899600,484,239,0,723,11,-0.30485538042484617,0.19944415046278616
166,1552914000,542,295,0,837,11,-0.30485538042484617,0.4802258594941946
166,1552928400,596,359,0,955,11,-0.30485538042484617,0.7708595583161788
166,1552942800,569,559,0,1128,11,-0.30485538042484617,1.1969581167585792
166,1552957200,166,141,0,307,12,-0.2882096598487934,-0.8043888289087946
166,1552971600,9,10,1,19,12,-0.16341784836787254,-1.5442479479477103
166,1552986000,485,225,0,710,12,-0.2882096598487934,0.23090014669079922
166,1553000400,556,337,0,893,12,-0.2882096598487934,0.7010189619134436
166,1553014800,680,375,0,1055,12,-0.2882096598487934,1.1171897163728337
166,1553029200,611,549,0,1160,12,-0.2882096598487934,1.386930020189105
166,1553043600,177,180,3,357,12,0.0861657745939692,-0.6759410651867606
166,1553058000,13,9,0,22,12,-0.2882096598487934,-1.5365410821243881
166,1553072400,503,244,0,747,12,-0.2882096598487934,0.32595149184510436
166,1553086800,540,339,0,879,12,-0.2882096598487934,0.665053588071274
166,1553101200,659,325,0,984,12,-0.2882096598487934,0.9347938918875454
166,1553115600,678,536,0,1214,12,-0.2882096598487934,1.5256536050089016
166,1553130000,185,168,0,353,12,-0.2882096598487934,-0.6862168862845233
166,1553144400,15,15,0,30,12,-0.2882096598487934,-1.5159894399288627
166,1553158800,477,226,0,703,12,-0.2882096598487934,0.21291745976971446
166,1553173200,579,328,0,907,12,-0.2882096598487934,0.7369843357556131
166,1553187600,694,387,0,1081,12,-0.2882096598487934,1.1839825535082913
166,1553202000,711,567,0,1278,12,-0.2882096598487934,1.690066742573105
166,1553216400,208,224,16,432,12,1.7084593238459402,-0.4832694196037096
166,1553230800,16,18,2,34,12,-0.03862603688695167,-1.5057136188311
166,1553245200,434,240,0,674,12,-0.2882096598487934,0.13841775681093477
166,1553259600,528,331,0,859,12,-0.2882096598487934,0.6136744825824605
166,1553274000,677,375,0,1052,12,-0.2882096598487934,1.1094828505495116
166,1553288400,674,504,0,1178,12,-0.2882096598487934,1.4331712151290372
166,1553302800,279,151,0,430,12,-0.2882096598487934,-0.488407330152591
166,1553317200,23,21,0,44,12,-0.2882096598487934,-1.4800240660866932
166,1553331600,81,112,31,193,12,3.5803364960597532,-1.097249730195032
166,1553346000,405,262,0,667,12,-0.2882096598487934,0.12043506988985002
166,1553360400,488,302,0,790,12,-0.2882096598487934,0.4364165686460536
166,1553374800,491,208,0,699,12,-0.2882096598487934,0.20264163867195176
166,1553389200,200,90,0,290,12,-0.2882096598487934,-0.8480610685742861
166,1553403600,33,16,0,49,12,-0.2882096598487934,-1.4671792897144897
166,1553418000,56,97,41,153,12,4.828254610868962,-1.2000079411726592
166,1553432400,321,261,0,582,12,-0.2882096598487934,-0.09792612843760773
166,1553446800,446,361,0,807,12,-0.2882096598487934,0.48008880831154516
166,1553461200,365,168,0,533,12,-0.2882096598487934,-0.22380493688520103
166,1553475600,125,51,0,176,12,-0.2882096598487934,-1.1409219698605235
166,1553490000,12,15,3,27,12,0.0861657745939692,-1.5236963057521848
166,1553504400,500,275,0,775,12,-0.2882096598487934,0.3978822395294434
166,1553518800,559,277,0,836,12,-0.2882096598487934,0.5545885112703248
166,1553533200,621,341,0,962,12,-0.2882096598487934,0.8782768758498505
166,1553547600,581,523,0,1104,12,-0.2882096598487934,1.243068524820427
166,1553562000,170,126,0,296,13,-0.3372648862149062,-0.8847952964251437
166,1553576400,12,9,0,21,13,-0.3372648862149062,-1.585665310396093
166,1553590800,504,275,0,779,13,-0.3372648862149062,0.3461873099311053
166,1553605200,551,316,0,867,13,-0.3372648862149062,0.570465714401809
166,1553619600,573,338,0,911,13,-0.3372648862149062,0.6826049166371609
166,1553634000,628,613,0,1241,13,-0.3372648862149062,1.5236489334023
166,1553648400,201,202,1,403,13,-0.22210126653176748,-0.6120931455346289
166,1553662800,12,16,4,28,13,0.12338959251764862,-1.5678249827677415
166,1553677200,496,245,0,741,13,-0.3372648862149062,0.24933981709148326
166,1553691600,640,301,0,941,13,-0.3372648862149062,0.7590634636158099
166,1553706000,635,410,0,1045,13,-0.3372648862149062,1.02411975980846
166,1553720400,646,512,0,1158,13,-0.3372648862149062,1.3121136200947043
166,1553734800,191,194,3,385,13,0.00822597283450993,-0.6579682737218183
166,1553749200,17,12,0,29,13,-0.3372648862149062,-1.5652763645351198
166,1553763600,522,229,0,751,13,-0.3372648862149062,0.2748259994176996
166,1553778000,623,318,0,941,13,-0.3372648862149062,0.7590634636158099
166,1553792400,628,327,0,955,13,-0.3372648862149062,0.7947441188725128
166,1553806800,700,507,0,1207,13,-0.3372648862149062,1.4369959134931645
166,1553821200,189,212,23,401,13,2.311498366497284,-0.6171903819998722
166,1553835600,15,16,1,31,13,-0.22210126653176748,-1.5601791280698765
166,1553850000,418,225,0,643,13,-0.3372648862149062,-0.0004247697054368423
166,1553864400,575,326,0,901,13,-0.3372648862149062,0.6571187343109446
166,1553878800,665,374,0,1039,13,-0.3372648862149062,1.00882805041273
166,1553893200,720,558,0,1278,13,-0.3372648862149062,1.6179478080093004
166,1553907600,229,209,0,438,13,-0.3372648862149062,-0.5228915073928717
166,1553922000,26,37,11,63,13,0.9295349302996194,-1.4786233446259842
166,1553936400,94,134,40,228,13,4.269279901110641,-1.0581013362434148
166,1553950800,407,295,0,702,13,-0.3372648862149062,0.14994370601923954
166,1553965200,542,312,0,854,13,-0.3372648862149062,0.5373336773777279
166,1553979600,621,262,0,883,13,-0.3372648862149062,0.6112436061237552
166,1553994000,226,190,0,416,13,-0.3372648862149062,-0.5789611085105476
166,1554008400,32,37,5,69,13,0.23855321220078732,-1.4633316352302546
166,1554022800,58,93,35,151,13,3.693461802694948,-1.2543449401552806
166,1554037200,353,291,0,644,13,-0.3372648862149062,0.0021238485271847913
166,1554051600,528,317,0,845,13,-0.3372648862149062,0.5143961132841331
166,1554066000,371,226,0,597,13,-0.3372648862149062,-0.11766120840603199
166,1554080400,128,85,0,213,13,-0.3372648862149062,-1.0963306097327392
166,1554094800,8,8,0,16,13,-0.3372648862149062,-1.598408401559201
166,1554109200,506,284,0,790,13,-0.3372648862149062,0.3742221104899433
166,1554123600,538,287,0,825,13,-0.3372648862149062,0.46342374863170044
166,1554138000,650,383,0,1033,13,-0.3372648862149062,0.9935363410170003
166,1554152400,726,528,0,1254,13,-0.3372648862149062,1.5567809704263813
166,1554166800,262,119,0,381,14,-0.21339165079019193,-0.7408345912325153
166,1554181200,17,10,0,27,14,-0.21339165079019193,-1.6224360561312696
166,1554195600,527,297,0,824,14,-0.21339165079019193,0.36241243970010667
166,1554210000,522,293,0,815,14,-0.21339165079019193,0.3399988431348841
166,1554224400,684,402,0,1086,14,-0.21339165079019193,1.0148971397099191
166,1554238800,717,598,0,1315,14,-0.21339165079019193,1.5851986523139157
166,1554253200,260,147,0,407,14,-0.21339165079019193,-0.6760842011552056
166,1554267600,16,9,0,25,14,-0.21339165079019193,-1.6274168553679857
166,1554282000,535,245,0,780,14,-0.21339165079019193,0.25283485649235193
166,1554296400,617,297,0,914,14,-0.21339165079019193,0.5865484053523323
166,1554310800,668,333,0,1001,14,-0.21339165079019193,0.8032131721494838
166,1554325200,733,561,0,1294,14,-0.21339165079019193,1.5329002603283963
166,1554339600,244,162,0,406,14,-0.21339165079019193,-0.6785746007735637
166,1554354000,15,12,0,27,14,-0.21339165079019193,-1.6224360561312696
166,1554368400,525,247,0,772,14,-0.21339165079019193,0.2329116595454874
166,1554382800,587,276,0,863,14,-0.21339165079019193,0.45953802481607114
166,1554397200,599,359,0,958,14,-0.21339165079019193,0.6961259885600871
166,1554411600,787,546,0,1333,14,-0.21339165079019193,1.6300258454443608
166,1554426000,286,163,0,449,14,-0.21339165079019193,-0.571487417184167
166,1554440400,22,12,0,34,14,-0.21339165079019193,-1.6050032588027632
166,1554454800,464,281,0,745,14,-0.21339165079019193,0.1656708698498197
166,1554469200,579,317,0,896,14,-0.21339165079019193,0.5417212122218872
166,1554483600,734,395,0,1129,14,-0.21339165079019193,1.1219843232993159
166,1554498000,684,479,0,1163,14,-0.21339165079019193,1.20665791032349
166,1554512400,313,161,0,474,14,-0.21339165079019193,-0.5092274267252154
166,1554526800,36,21,0,57,14,-0.21339165079019193,-1.5477240675805277
166,1554541200,104,129,25,233,14,2.8985699232334405,-1.1094137347495086
166,1554555600,412,396,0,808,14,-0.21339165079019193,0.3225660458063777
166,1554570000,564,378,0,942,14,-0.21339165079019193,0.6562795946663581
166,1554584400,611,349,0,960,14,-0.21339165079019193,0.7011067877968032
166,1554598800,297,187,0,484,14,-0.21339165079019193,-0.48432343054163474
166,1554613200,48,34,0,82,14,-0.21339165079019193,-1.4854640771215761
166,1554627600,66,113,47,179,14,5.637096108374237,-1.243895314140844
166,1554642000,393,378,0,771,14,-0.21339165079019193,0.23042125992712933
166,1554656400,544,360,0,904,14,-0.21339165079019193,0.5616444091687517
166,1554670800,484,228,0,712,14,-0.21339165079019193,0.08348768244400362
166,1554685200,186,115,0,301,14,-0.21339165079019193,-0.9400665607011603
166,1554699600,16,16,0,32,14,-0.21339165079019193,-1.6099840580394793
166,1554714000,504,257,0,761,14,-0.21339165079019193,0.20551726374354873
166,1554728400,516,304,0,820,14,-0.21339165079019193,0.3524508412266744
166,1554742800,632,402,0,1034,14,-0.21339165079019193,0.8853963595552999
166,1554757200,787,511,0,1298,14,-0.21339165079019193,1.5428618588018286
166,1554771600,232,102,0,334,15,-0.22080833788026047,-0.7630999571703029
166,1554786000,15,9,0,24,15,-0.22080833788026047,-1.5366453890395146
166,1554800400,549,304,0,853,15,-0.22080833788026047,0.5319648142494421
166,1554814800,548,297,0,845,15,-0.22080833788026047,0.512002351491527
166,1554829200,635,352,0,987,15,-0.22080833788026047,0.8663360654445208
166,1554843600,718,490,0,1208,15,-0.22080833788026047,1.4177990991319267
166,1554858000,264,120,0,384,15,-0.22080833788026047,-0.6383345649333332
166,1554872400,14,8,0,22,15,-0.22080833788026047,-1.5416360047289934
166,1554886800,523,284,0,807,15,-0.22080833788026047,0.41718065339143
166,1554887545,49,16,0,65,15,-0.22080833788026047,-1.4343377674051996
166,1554901200,554,281,0,835,15,-0.22080833788026047,0.48704927304413304
166,1554915600,634,348,0,982,15,-0.22080833788026047,0.8538595262208238
166,1554930000,765,515,0,1280,15,-0.22080833788026047,1.597461263953163
166,1554944400,294,129,0,423,15,-0.22080833788026047,-0.5410175589884969
166,1554958800,14,9,0,23,15,-0.22080833788026047,-1.539140696884254
166,1554973200,520,228,0,748,15,-0.22080833788026047,0.26995749055180585
166,1554987600,601,276,0,877,15,-0.22080833788026047,0.5918522025231875
166,1555002000,633,337,0,970,15,-0.22080833788026047,0.8239158320839511
166,1555016400,746,485,0,1231,15,-0.22080833788026047,1.4751911795609327
166,1555030800,263,140,0,403,15,-0.22080833788026047,-0.5909237158832847
166,1555045200,25,16,0,41,15,-0.22080833788026047,-1.494225155678945
166,1555059600,477,242,0,719,15,-0.22080833788026047,0.19759356305436346
166,1555074000,558,314,0,872,15,-0.22080833788026047,0.5793756632994905
166,1555088400,699,400,0,1099,15,-0.22080833788026047,1.1458105440553328
166,1555102800,773,417,0,1190,15,-0.22080833788026047,1.3728835579266174
166,1555117200,268,139,0,407,15,-0.22080833788026047,-0.5809424845043272
166,1555131600,30,10,0,40,15,-0.22080833788026047,-1.4967204635236844
166,1555146000,83,130,47,213,15,4.629774823598071,-1.0650322063837694
166,1555160400,418,315,0,733,15,-0.22080833788026047,0.23252787288071494
166,1555174800,559,384,0,943,15,-0.22080833788026047,0.7565425202759875
166,1555189200,559,252,0,811,15,-0.22080833788026047,0.4271618847703876
166,1555203600,307,118,0,425,15,-0.22080833788026047,-0.5360269432990181
166,1555218000,37,16,0,53,15,-0.22080833788026047,-1.4642814615420723
166,1555232400,58,103,45,161,15,4.42336702949261,-1.1947882143102178
166,1555246800,343,324,0,667,15,-0.22080833788026047,0.06783755512791502
166,1555261200,523,358,0,881,15,-0.22080833788026047,0.6018334339021452
166,1555275600,466,180,0,646,15,-0.22080833788026047,0.015436090388387768
166,1555290000,209,70,0,279,15,-0.22080833788026047,-0.9003418886309694
166,1555304400,18,13,0,31,15,-0.22080833788026047,-1.519178234126339
166,1555318800,518,226,0,744,15,-0.22080833788026047,0.2599762591728483
166,1555333200,546,337,0,883,15,-0.22080833788026047,0.606824049591624
166,1555347600,663,434,0,1097,15,-0.22080833788026047,1.140819928365854
166,1555362000,771,505,0,1276,15,-0.22080833788026047,1.5874800325742053
166,1555376400,249,95,0,344,16,-0.17676190879824746,-0.7165595248162646
166,1555390800,19,9,0,28,16,-0.17676190879824746,-1.5248357455677064
166,1555405200,553,303,0,856,16,-0.17676190879824746,0.5930525796924007
166,1555419600,585,252,0,837,16,-0.17676190879824746,0.5444536930016495
166,1555434000,674,345,0,1019,16,-0.17676190879824746,1.009979870776214
166,1555448400,818,483,0,1301,16,-0.17676190879824746,1.7312896627126273
166,1555462800,270,149,0,419,16,-0.17676190879824746,-0.5247218141948781
166,1555477200,25,10,0,35,16,-0.17676190879824746,-1.506930892576377
166,1555491600,509,246,0,755,16,-0.17676190879824746,0.3347111293889335
166,1555506000,702,339,0,1041,16,-0.17676190879824746,1.0662522658918208
166,1555520400,662,364,0,1026,16,-0.17676190879824746,1.0278847237675435
166,1555534800,770,540,0,1310,16,-0.17676190879824746,1.7543101879871936
166,1555549200,291,127,0,418,16,-0.17676190879824746,-0.5272796503364966
166,1555563600,16,16,0,32,16,-0.17676190879824746,-1.5146044010012325
166,1555578000,508,244,0,752,16,-0.17676190879824746,0.32703762096407807
166,1555592400,612,376,0,988,16,-0.17676190879824746,0.930686950386041
166,1555606800,694,376,0,1070,16,-0.17676190879824746,1.1404295139987568
166,1555621200,757,444,0,1201,16,-0.17676190879824746,1.4755060485507787
166,1555635600,292,136,0,428,16,-0.17676190879824746,-0.5017012889203117
166,1555650000,20,9,0,29,16,-0.17676190879824746,-1.5222779094260879
166,1555664400,303,145,0,448,16,-0.17676190879824746,-0.45054456608794197
166,1555678800,560,366,0,926,16,-0.17676190879824746,0.7721011096056948
166,1555693200,624,386,0,1010,16,-0.17676190879824746,0.9869593455016477
166,1555707600,621,332,0,953,16,-0.17676190879824746,0.8411626854293939
166,1555722000,286,115,0,401,16,-0.17676190879824746,-0.5707628647440108
166,1555736400,36,18,0,54,16,-0.17676190879824746,-1.4583320058856257
166,1555750800,74,110,36,184,16,6.341872386395659,-1.1258133074752226
166,1555765200,387,304,0,691,16,-0.17676190879824746,0.17100961632535033
166,1555779600,560,292,0,852,16,-0.17676190879824746,0.5828212351259268
166,1555794000,496,181,0,677,16,-0.17676190879824746,0.13519991034269152
166,1555808400,225,129,0,354,16,-0.17676190879824746,-0.6909811634000798
166,1555822800,26,20,0,46,16,-0.17676190879824746,-1.4787946950185737
166,1555837200,54,59,5,113,16,0.7286039655342396,-1.307419673530135
166,1555851600,383,245,0,628,16,-0.17676190879824746,0.009865939403385674
166,1555866000,443,260,0,703,16,-0.17676190879824746,0.2017036500247722
166,1555880400,328,153,0,481,16,-0.17676190879824746,-0.3661359734145319
166,1555894800,137,91,0,228,16,-0.17676190879824746,-1.013268517244009
166,1555909200,19,11,0,30,16,-0.17676190879824746,-1.5197200732844693
166,1555923600,435,210,0,645,16,-0.17676190879824746,0.053349153810899955
166,1555938000,534,315,0,849,16,-0.17676190879824746,0.5751477267010713
166,1555952400,621,340,0,961,16,-0.17676190879824746,0.8616253745623418
166,1555966800,672,419,0,1091,16,-0.17676190879824746,1.194144072972745
166,1555981200,242,75,0,317,17,-0.18303824241710434,-0.5613700624013553
166,1555995600,25,17,0,42,17,-0.18303824241710434,-1.2509290041386627
166,1556010000,489,190,0,679,17,-0.18303824241710434,0.3463402536310275
166,1556024400,549,306,0,855,17,-0.18303824241710434,0.7876579763429042
166,1556038800,632,373,0,1005,17,-0.18303824241710434,1.1637810354723446
166,1556053200,728,482,0,1210,17,-0.18303824241710434,1.6778158829492464
166,1556067600,242,156,0,398,17,-0.18303824241710434,-0.3582636104714575
166,1556082000,11,13,2,24,17,0.3955987819982577,-1.2960637712341956
166,1556096400,483,231,0,714,17,-0.18303824241710434,0.43410230076123024
166,1556110800,556,311,0,867,17,-0.18303824241710434,0.8177478210732595
166,1556125200,591,336,0,927,17,-0.18303824241710434,0.9681970447250356
166,1556139600,707,515,0,1222,17,-0.18303824241710434,1.7079057276796017
166,1556154000,276,144,0,420,17,-0.18303824241710434,-0.3030988951324729
166,1556168400,18,10,0,28,17,-0.18303824241710434,-1.2860338229907438
166,1556182800,505,195,0,700,17,-0.18303824241710434,0.39899748190914913
166,1556197200,621,322,0,943,17,-0.18303824241710434,1.0083168376988425
166,1556211600,640,344,0,984,17,-0.18303824241710434,1.1111238071942229
166,1556226000,627,449,0,1076,17,-0.18303824241710434,1.341812616793613
166,1556240400,291,135,0,426,17,-0.18303824241710434,-0.2880539727672953
166,1556254800,28,9,0,37,17,-0.18303824241710434,-1.2634664394429773
166,1556266346,182,109,0,291,17,-0.18303824241710434,-0.6265647259837916
166,1556269200,237,89,0,326,17,-0.18303824241710434,-0.5388026788535889
166,1556283600,607,362,0,969,17,-0.18303824241710434,1.0735115012812788
166,1556298000,608,328,0,936,17,-0.18303824241710434,0.990764428272802
166,1556312400,619,473,0,1092,17,-0.18303824241710434,1.38193240976742
166,1556326800,255,130,0,385,17,-0.18303824241710434,-0.39086094226267565
166,1556341200,34,21,0,55,17,-0.18303824241710434,-1.2183316723474444
166,1556355600,121,84,0,205,17,-0.18303824241710434,-0.8422086132180041
166,1556370000,427,339,0,766,17,-0.18303824241710434,0.564491627926103
166,1556384400,573,309,0,882,17,-0.18303824241710434,0.8553601269862035
166,1556398800,567,219,0,786,17,-0.18303824241710434,0.6146413691433616
166,1556413200,227,118,0,345,17,-0.18303824241710434,-0.4911604246971931
166,1556427600,25,11,0,36,17,-0.18303824241710434,-1.2659739265038403
166,1556442000,60,84,24,144,17,6.760606050567241,-0.9951653239306433
166,1556456400,363,301,0,664,17,-0.18303824241710434,0.30872794771808343
166,1556470800,466,340,0,806,17,-0.18303824241710434,0.6647911103606203
166,1556485200,439,201,0,640,17,-0.18303824241710434,0.24854825825737298
166,1556499600,187,72,0,259,17,-0.18303824241710434,-0.7068043119314056
166,1556514000,15,10,0,25,17,-0.18303824241710434,-1.2935562841733326
166,1556523462,68,26,0,94,17,-0.18303824241710434,-1.12053967697379
166,1556523543,1,1,0,2,17,-0.18303824241710434,-1.35122848657318
166,1556523628,2,7,5,9,17,1.2635543186213007,-1.3336760771471396
166,1556523709,4,1,0,5,17,-0.18303824241710434,-1.3437060253905913
166,1556523789,2,0,0,2,17,-0.18303824241710434,-1.35122848657318
166,1556526929,392,225,0,617,17,-0.18303824241710434,0.19087605585752546
166,1556528400,153,67,0,220,17,-0.18303824241710434,-0.8045963073050602
166,1556542800,540,317,0,857,17,-0.18303824241710434,0.79267295046463
166,1556557200,640,362,0,1002,17,-0.18303824241710434,1.1562585742897558
166,1556571600,745,464,0,1209,17,-0.18303824241710434,1.6753083958883834
166,1556586000,262,66,0,328,18,-0.24980924632189438,-0.6000249529127379
166,1556600400,14,13,0,27,18,-0.24980924632189438,-1.3423557800973904
166,1556614800,535,284,0,819,18,-0.24980924632189438,0.6108867950861472
166,1556629200,538,306,0,844,18,-0.24980924632189438,0.6725421794038094
166,1556643600,638,415,0,1053,18,-0.24980924632189438,1.1879811922994652
166,1556658000,738,476,0,1214,18,-0.24980924632189438,1.5850418673052096
166,1556672400,260,90,0,350,18,-0.24980924632189438,-0.5457682147131953
166,1556686800,20,15,0,35,18,-0.24980924632189438,-1.3226260571157387
166,1556696535,74,36,0,110,18,-0.24980924632189438,-1.1376599041627522
166,1556696615,2,0,0,2,18,-0.24980924632189438,-1.4040111644150528
166,1556696696,5,1,0,6,18,-0.24980924632189438,-1.3941463029242267
166,1556696777,1,3,2,4,18,0.5329263921533747,-1.3990787336696398
166,1556701200,571,269,0,840,18,-0.24980924632189438,0.6626773179129835
166,1556715600,594,370,0,964,18,-0.24980924632189438,0.9684880241285878
166,1556730000,679,391,0,1070,18,-0.24980924632189438,1.2299068536354754
166,1556744400,740,450,0,1190,18,-0.24980924632189438,1.5258526983602538
166,1556758800,263,91,0,354,18,-0.24980924632189438,-0.5359033532223693
166,1556773200,20,16,0,36,18,-0.24980924632189438,-1.320159841743032
166,1556787600,521,288,0,809,18,-0.24980924632189438,0.5862246413590824
166,1556790354,186,61,0,247,18,-0.24980924632189438,-0.7997883981019633
166,1556802000,414,253,0,667,18,-0.24980924632189438,0.23602205843476118
166,1556816400,681,345,0,1026,18,-0.24980924632189438,1.12139337723639
166,1556830800,727,512,0,1239,18,-0.24980924632189438,1.6466972516228717
166,1556845200,291,106,0,397,18,-0.24980924632189438,-0.4298560921959903
166,1556859600,22,12,0,34,18,-0.24980924632189438,-1.325092272488445
166,1556874000,470,256,0,726,18,-0.24980924632189438,0.3815287654244439
166,1556888400,559,372,0,931,18,-0.24980924632189438,0.8871029168292738
166,1556902800,575,352,0,927,18,-0.24980924632189438,0.8772380553384478
166,1556917200,639,405,0,1044,18,-0.24980924632189438,1.1657852539451068
166,1556931600,268,79,0,347,18,-0.24980924632189438,-0.5531668608313146
166,1556946000,32,12,0,44,18,-0.24980924632189438,-1.3004301187613803
166,1556960400,90,103,13,193,18,4.837972403767354,-0.9329640282281136
166,1556974800,414,363,0,777,18,-0.24980924632189438,0.5073057494324748
166,1556989200,486,263,0,749,18,-0.24980924632189438,0.43825171899669313
166,1557003600,496,224,0,720,18,-0.24980924632189438,0.366731473188205
166,1557018000,291,88,0,379,18,-0.24980924632189438,-0.47424796890470705
166,1557032400,36,14,0,50,18,-0.24980924632189438,-1.2856328265251413
166,1557046800,67,79,12,146,18,4.44660458452972,-1.0488761507453186
166,1557061200,341,314,0,655,18,-0.24980924632189438,0.20642747396228334
166,1557075600,529,352,0,881,18,-0.24980924632189438,0.7637921481939495
166,1557090000,460,162,0,622,18,-0.24980924632189438,0.12504236666296928
166,1557104400,153,44,0,197,18,-0.24980924632189438,-0.9230991667372878
166,1557118800,13,16,3,29,18,0.9242942113910093,-1.3374233493519776
166,1557133200,543,247,0,790,18,-0.24980924632189438,0.5393665492776591
166,1557147600,530,295,0,825,18,-0.24980924632189438,0.6256840873223861
166,1557162000,634,347,0,981,18,-0.24980924632189438,1.0104136854645982
166,1557176400,732,441,0,1173,18,-0.24980924632189438,1.4839270370242437
166,1557190800,268,88,0,356,19,0.0,-0.5424878496411641
166,1557205200,24,12,0,36,19,0.0,-1.3661318289065696
166,1557219600,514,261,0,775,19,0.0,0.5359709857094762
166,1557226556,342,147,0,489,19,0.0,-0.20016082075897998
166,1557226640,162,83,0,245,19,0.0,-0.8281893549488517
166,1557227145,20,7,0,27,19,0.0,-1.3892968158234091
166,1557227228,8,7,0,15,19,0.0,-1.420183465045862
166,1557229076,46,23,0,69,19,0.0,-1.2811935435448247
166,1557234000,204,132,0,336,19,0.0,-0.593965598345252
166,1557248400,659,325,0,984,19,0.0,1.0739134596671942
166,1557262800,775,460,0,1235,19,0.0,1.7199592059034967
166,1557277200,292,143,0,435,19,0.0,-0.3391507422600172
166,1557291600,25,13,0,38,19,0.0,-1.3609840540361609
166,1557306000,519,252,0,771,19,0.0,0.5256754359686586
166,1557320400,575,292,0,867,19,0.0,0.7727686297482803
166,1557334800,685,375,0,1060,19,0.0,1.269528904742728
166,1557349200,700,478,0,1178,19,0.0,1.5732476220968463
166,1557363600,293,117,0,410,19,0.0,-0.40349792814012697
166,1557378000,16,15,0,31,19,0.0,-1.3790012660825917
166,1557392400,510,299,0,809,19,0.0,0.6234831585064255
166,1557406800,572,279,0,851,19,0.0,0.73158643078501
166,1557421200,657,369,0,1026,19,0.0,1.1820167319457786
166,1557435600,731,504,0,1235,19,0.0,1.7199592059034967
166,1557450000,288,137,0,425,19,0.0,-0.3648896166120611
166,1557464400,121,46,0,167,19,0.0,-1.0289525748947943
166,1557478800,439,257,0,696,19,0.0,0.3326338783283292
166,1557493200,590,330,0,920,19,0.0,0.9091846638141131
166,1557507600,674,360,0,1034,19,0.0,1.2026078314274138
166,1557522000,677,389,0,1066,19,0.0,1.2849722293539543
166,1557536400,310,110,0,420,19,0.0,-0.37775905378808305
166,1557550800,49,20,0,69,19,0.0,-1.2811935435448247
166,1557565200,74,42,0,116,19,0.0,-1.1602208340902183
166,1557579600,318,187,0,505,19,0.0,-0.1589786217957097
166,1557594000,551,247,0,798,19,0.0,0.5951703967191773
166,1557608400,555,185,0,740,19,0.0,0.44588492547732245
166,1557622800,303,102,0,405,19,0.0,-0.41636736531614893
166,1557637200,45,13,0,58,19,0.0,-1.309506305332073
166,1557651600,59,37,0,96,19,0.0,-1.211698582794306
166,1557666000,283,162,0,445,19,0.0,-0.31341186790797326
166,1557680400,506,200,0,706,19,0.0,0.3583727526803731
166,1557694800,494,148,0,642,19,0.0,0.19364395682729202
166,1557709200,196,50,0,246,19,0.0,-0.8256154675136473
166,1557723600,17,4,0,21,19,0.0,-1.4047401404346356
166,1557738000,547,231,0,778,19,0.0,0.5436926480150894
166,1557752400,548,336,0,884,19,0.0,0.8165247161467549
166,1557766800,607,374,0,981,19,0.0,1.066191797361581
166,1557781200,670,472,0,1142,19,0.0,1.4805876744294881
166,1557795600,240,85,0,325,20,0.0,-0.7869330275597636
166,1557810000,27,11,0,38,20,0.0,-1.535875766290005
166,1557824400,522,248,0,770,20,0.0,0.3743196509592521
166,1557838800,576,241,0,817,20,0.0,0.4969688102635077
166,1557853200,681,300,0,981,20,0.0,0.9249360895379315
166,1557867600,737,512,0,1249,20,0.0,1.6242972532302824
166,1557882000,263,137,0,400,20,0.0,-0.5912162839891429
166,1557896400,16,9,0,25,20,0.0,-1.569800001842246
166,1557910800,549,235,0,784,20,0.0,0.41085344309243466
166,1557925200,566,235,0,801,20,0.0,0.455215904968442
166,1557939600,628,309,0,937,20,0.0,0.8101155999765007
166,1557954000,771,439,0,1210,20,0.0,1.5225245465735597
166,1557968400,300,99,0,399,20,0.0,-0.5938258405700846
166,1557982800,17,12,0,29,20,0.0,-1.5593617755184797
166,1557997200,526,248,0,774,20,0.0,0.3847578772830186
166,1558011600,552,243,0,795,20,0.0,0.4395585654827923
166,1558026000,683,325,0,1008,20,0.0,0.9953941172233549
166,1558040400,782,459,0,1241,20,0.0,1.6034208005827497
166,1558054800,369,174,0,543,20,0.0,-0.21804969291449294
166,1558069200,37,16,0,53,20,0.0,-1.496732417575881
166,1558083600,468,251,0,719,20,0.0,0.2412322653312301
166,1558086916,68,51,0,119,20,0.0,-1.3245016832337349
166,1558098000,559,257,0,816,20,0.0,0.4943592536825661
166,1558112400,659,338,0,997,20,0.0,0.9666889948329972
166,1558126800,653,397,0,1050,20,0.0,1.1049954936229025
166,1558141200,292,133,0,425,20,0.0,-0.5259773694656027
166,1558155600,32,15,0,47,20,0.0,-1.5123897570615306
166,1558170000,139,93,0,232,20,0.0,-1.0296217895873332
166,1558184400,462,267,0,729,20,0.0,0.2673278311406462
166,1558198800,584,292,0,876,20,0.0,0.6509326485390626
166,1558213200,578,250,0,828,20,0.0,0.5256739326538654
166,1558227600,272,156,0,428,20,0.0,-0.5181486997227779
166,1558242000,38,15,0,53,20,0.0,-1.496732417575881
166,1558256400,77,62,0,139,20,0.0,-1.2723105516149027
166,1558270800,368,332,0,700,20,0.0,0.19165069029333953
166,1558285200,545,244,0,789,20,0.0,0.4239012259971427
166,1558299600,437,195,0,632,20,0.0,0.014200842789310181
166,1558314000,173,55,0,228,20,0.0,-1.0400600159110995
166,1558328400,14,8,0,22,20,0.0,-1.577628671585071
166,1558342800,470,201,0,671,20,0.0,0.1159735494460329
166,1558357200,678,335,0,1013,20,0.0,1.008441900128063
166,1558371600,693,363,0,1056,20,0.0,1.1206528331085521
166,1558386000,748,446,0,1194,20,0.0,1.4807716412784941
166,1558400400,292,100,0,392,21,-0.2324395254519492,-0.5506697174852415
166,1558414800,25,13,0,38,21,-0.2324395254519492,-1.4975134042633809
166,1558429200,509,324,0,833,21,-0.2324395254519492,0.6288728414671861
166,1558443600,587,314,0,901,21,-0.2324395254519492,0.8107524197183542
166,1558458000,699,471,0,1170,21,-0.2324395254519492,1.5302466336825333
166,1558472400,793,466,0,1259,21,-0.2324395254519492,1.7682949052171504
166,1558486800,368,149,0,517,21,-0.2324395254519492,-0.21633225746471213
166,1558501200,18,20,2,38,21,0.14303970797043028,-1.4975134042633809
166,1558515600,524,238,0,762,21,-0.2324395254519492,0.43896916417552545
166,1558530000,594,332,0,926,21,-0.2324395254519492,0.87761991172246
166,1558544400,683,436,0,1119,21,-0.2324395254519492,1.3938369499941574
166,1558558800,702,483,0,1185,21,-0.2324395254519492,1.570367128884997
166,1558573200,326,135,0,461,21,-0.2324395254519492,-0.3661154395539093
166,1558587600,18,10,0,28,21,-0.2324395254519492,-1.5242604010650231
166,1558602000,511,268,0,779,21,-0.2324395254519492,0.4844390587383175
166,1558616400,581,338,0,919,21,-0.2324395254519492,0.8588970139613104
166,1558630800,646,294,0,940,21,-0.2324395254519492,0.9150657072447593
166,1558645200,715,459,0,1174,21,-0.2324395254519492,1.5409454324031904
166,1558659600,323,121,0,444,21,-0.2324395254519492,-0.4115853341167013
166,1558674000,16,13,0,29,21,-0.2324395254519492,-1.5215857013848588
166,1558688400,371,281,0,652,21,-0.2324395254519492,0.14475219935745962
166,1558702800,540,326,0,866,21,-0.2324395254519492,0.7171379309126059
166,1558717200,735,403,0,1138,21,-0.2324395254519492,1.4446562439172779
166,1558731600,685,321,0,1006,21,-0.2324395254519492,1.0915958861355988
166,1558746000,336,120,0,456,21,-0.2324395254519492,-0.3794889379547305
166,1558760400,36,13,0,49,21,-0.2324395254519492,-1.4680917077815743
166,1558774800,99,99,0,198,21,-0.2324395254519492,-1.0695614554371031
166,1558789200,367,260,0,627,21,-0.2324395254519492,0.07788470735335373
166,1558803600,459,280,0,739,21,-0.2324395254519492,0.37745107153174806
166,1558818000,467,175,0,642,21,-0.2324395254519492,0.11800520255581726
166,1558832400,273,124,0,397,21,-0.2324395254519492,-0.5372962190844204
166,1558846800,34,15,0,49,21,-0.2324395254519492,-1.4680917077815743
166,1558861200,57,81,24,138,21,4.273311275616605,-1.2300434362469572
166,1558875600,326,230,0,556,21,-0.2324395254519492,-0.11201896993830697
166,1558890000,460,292,0,752,21,-0.2324395254519492,0.4122221673738831
166,1558904400,427,186,0,613,21,-0.2324395254519492,0.040438911831054435
166,1558918800,208,80,0,288,21,-0.2324395254519492,-0.828838484222322
166,1558933200,17,10,0,27,21,-0.2324395254519492,-1.5269351007451875
166,1558947600,57,83,26,140,21,4.648790509038984,-1.2246940368866288
166,1558962000,310,240,0,550,21,-0.2324395254519492,-0.12806716801929238
166,1558976400,401,258,0,659,21,-0.2324395254519492,0.16347509711860925
166,1558990800,476,179,0,655,21,-0.2324395254519492,0.15277629839795231
166,1559005200,203,70,0,273,22,0.0,-0.8769941116471461
166,1559019600,29,8,0,37,22,0.0,-1.447460421835262
166,1559034000,516,278,0,794,22,0.0,0.3823827849969574
166,1559048400,539,359,0,898,22,0.0,0.6337747183001949
166,1559062800,637,344,0,981,22,0.0,0.8344048189172019
166,1559077200,832,421,0,1253,22,0.0,1.4918914137102846
166,1559091600,294,110,0,404,22,0.0,-0.5603369648901835
166,1559106000,20,15,0,35,22,0.0,-1.4522948820910937
166,1559120400,524,269,0,793,22,0.0,0.37996555486904166
166,1559134800,580,300,0,880,22,0.0,0.5902645759977115
166,1559149200,629,380,0,1009,22,0.0,0.9020872624988427
166,1559163600,667,479,0,1146,22,0.0,1.2332477900232999
166,1559178000,246,112,0,358,22,0.0,-0.6715295507743078
166,1559192400,20,11,0,31,22,0.0,-1.4619638026027566
166,1559206800,503,261,0,764,22,0.0,0.309865881159485
166,1559221200,620,374,0,994,22,0.0,0.8658288105801065
166,1559235600,661,380,0,1041,22,0.0,0.9794386265921465
166,1559250000,679,403,0,1082,22,0.0,1.078545061836692
166,1559264400,272,137,0,409,22,0.0,-0.5482508142506047
166,1559278800,22,13,0,35,22,0.0,-1.4522948820910937
166,1559293200,466,241,0,707,22,0.0,0.1720837638682875
166,1559307600,581,291,0,872,22,0.0,0.5709267349743855
166,1559322000,653,382,0,1035,22,0.0,0.9649352458246521
166,1559336400,660,364,0,1024,22,0.0,0.9383457144175789
166,1559350800,307,150,0,457,22,0.0,-0.43222376811064894
166,1559365200,30,20,0,50,22,0.0,-1.4160364301723574
166,1559379600,90,89,0,179,22,0.0,-1.1042137436712263
166,1559394000,416,191,0,607,22,0.0,-0.06963924892328706
166,1559408400,485,229,0,714,22,0.0,0.18900437476369772
166,1559422800,548,229,0,777,22,0.0,0.3412898728223897
166,1559437200,258,121,0,379,22,0.0,-0.6207677180880771
166,1559451600,24,16,0,40,22,0.0,-1.4402087314515148
166,1559466000,65,54,0,119,22,0.0,-1.249247551346171
166,1559480400,389,174,0,563,22,0.0,-0.17599737455157988
166,1559494800,552,210,0,762,22,0.0,0.30503142090365354
166,1559509200,395,182,0,577,22,0.0,-0.14215615276075944
166,1559523600,125,70,0,195,22,0.0,-1.0655380616245742
166,1559538000,18,8,0,26,22,0.0,-1.4740499532423352
166,1559552400,542,238,0,780,22,0.0,0.34854156320613694
166,1559566800,560,331,0,891,22,0.0,0.6168541074047847
166,1559581200,620,284,0,904,22,0.0,0.6482780990676894
166,1559595600,1149,680,0,1829,22,0.0,2.8842159673897543
166,1559610000,313,119,0,432,23,-0.20464687117164015,-0.4619251752599455
166,1559624400,27,18,0,45,23,-0.20464687117164015,-1.5266917128719546
166,1559638800,517,240,0,757,23,-0.20464687117164015,0.4322586095563414
166,1559641711,207,60,0,267,23,-0.20464687117164015,-0.915895404474368
166,1559645378,168,95,0,263,23,-0.20464687117164015,-0.9269007433644146
166,1559653200,328,178,0,506,23,-0.20464687117164015,-0.2583264057940832
166,1559667600,580,352,0,932,23,-0.20464687117164015,0.9137421859958804
166,1559682000,723,505,0,1228,23,-0.20464687117164015,1.7281372638593293
166,1559696400,330,129,0,459,23,-0.20464687117164015,-0.3876391377521309
166,1559710800,19,10,0,29,23,-0.20464687117164015,-1.570713068432141
166,1559725200,541,251,0,792,23,-0.20464687117164015,0.5285553248442492
166,1559726009,64,19,0,83,23,-0.20464687117164015,-1.422140993416512
166,1559735081,451,186,0,637,23,-0.20464687117164015,0.10209844285494316
166,1559739600,381,194,0,575,23,-0.20464687117164015,-0.06848430994077925
166,1559754000,617,340,0,957,23,-0.20464687117164015,0.9825255540586717
166,1559768400,723,473,0,1196,23,-0.20464687117164015,1.6400945527389565
166,1559782800,294,143,0,437,23,-0.20464687117164015,-0.4481685016473872
166,1559797200,21,13,0,34,23,-0.20464687117164015,-1.5569563948195828
166,1559811600,553,233,0,786,23,-0.20464687117164015,0.5120473165091792
166,1559826000,622,251,0,873,23,-0.20464687117164015,0.751413437367693
166,1559840400,699,298,0,997,23,-0.20464687117164015,1.0925789429591377
166,1559854800,694,439,0,1133,23,-0.20464687117164015,1.4667604652207225
166,1559869200,333,167,0,500,23,-0.20464687117164015,-0.27483441412915316
166,1559883600,32,10,0,42,23,-0.20464687117164015,-1.5349457170394896
166,1559898000,473,246,0,719,23,-0.20464687117164015,0.3277078901008986
166,1559912400,595,280,0,875,23,-0.20464687117164015,0.7569161068127163
166,1559926800,686,395,0,1081,23,-0.20464687117164015,1.3236910596501166
166,1559941200,712,460,0,1172,23,-0.20464687117164015,1.5740625193986768
166,1559955600,371,146,0,517,23,-0.20464687117164015,-0.22806172384645507
166,1559970000,27,15,0,42,23,-0.20464687117164015,-1.5349457170394896
166,1559984400,106,121,15,227,23,3.1574088695053053,-1.0259487933748341
166,1559998800,409,313,0,722,23,-0.20464687117164015,0.33596189426843354
166,1560013200,546,295,0,841,23,-0.20464687117164015,0.6633707262473201
166,1560027600,489,216,0,705,23,-0.20464687117164015,0.2891892039857355
166,1560042000,307,111,0,418,23,-0.20464687117164015,-0.5004438613751085
166,1560056400,47,18,0,65,23,-0.20464687117164015,-1.4716650184217217
166,1560070800,65,92,27,157,23,5.847053462046862,-1.2185422239506496
166,1560085200,372,268,0,640,23,-0.20464687117164015,0.11035244702247811
166,1560099600,450,298,0,748,23,-0.20464687117164015,0.40749659705373653
166,1560114000,474,208,0,682,23,-0.20464687117164015,0.2259085053679675
166,1560128400,240,69,0,309,23,-0.20464687117164015,-0.8003393461288786
166,1560142800,17,11,0,28,23,-0.20464687117164015,-1.5734644031546527
166,1560157200,505,249,0,754,23,-0.20464687117164015,0.4240046053888064
166,1560171600,570,288,0,858,23,-0.20464687117164015,0.7101434165300182
166,1560186000,636,359,0,995,23,-0.20464687117164015,1.0870762735141144
166,1560200400,644,436,0,1080,23,-0.20464687117164015,1.320939724927605
166,1560214800,225,91,0,316,24,0.0,-1.0124883511958418
166,1560229200,16,8,0,24,24,0.0,-1.785420634984563
166,1560243600,524,189,0,713,24,0.0,0.038381911352522106
166,1560258000,603,295,0,898,24,0.0,0.5280821596433214
166,1560272400,612,288,0,900,24,0.0,0.5333762163816003
166,1560286800,661,442,0,1103,24,0.0,1.0707229753169099
166,1560301200,262,126,0,388,24,0.0,-0.821902308617801
166,1560315600,14,8,0,22,24,0.0,-1.7907146917228418
166,1560330000,525,281,0,806,24,0.0,0.28455554968249147
166,1560344400,593,269,0,862,24,0.0,0.432789138354301
166,1560358800,618,319,0,937,24,0.0,0.6313162660397602
166,1560373200,675,586,0,1261,24,0.0,1.4889534576409438
166,1560387600,334,151,0,485,24,0.0,-0.5651405568112738
166,1560402000,22,15,0,37,24,0.0,-1.75100926618575
166,1560416400,523,227,0,750,24,0.0,0.13632196101068197
166,1560430800,607,340,0,947,24,0.0,0.6577865497311547
166,1560445200,662,314,0,976,24,0.0,0.7345503724361989
166,1560459600,677,436,0,1113,24,0.0,1.0971932590083044
166,1560474000,272,173,0,445,24,0.0,-0.671021691576852
166,1560488400,16,10,0,26,24,0.0,-1.7801265782462838
166,1560502800,462,262,0,724,24,0.0,0.06749922341305611
166,1560517200,616,322,0,938,24,0.0,0.6339632944088996
166,1560531600,654,370,0,1024,24,0.0,0.8616077341548928
166,1560546000,683,386,0,1069,24,0.0,0.9807240107661683
166,1561165200,8207,7450,0,15657,25,0.0,4.446435606240686
166,1561179600,37,20,0,57,25,0.0,-0.3464293310438345
166,1561194000,123,75,0,198,25,0.0,-0.3031092056491475
166,1561208400,451,156,0,607,25,0.0,-0.1774501185113674
166,1561222800,507,274,0,781,25,0.0,-0.12399124036473239
166,1561237200,498,176,0,674,25,0.0,-0.15686537807559417
166,1561251600,249,120,0,369,25,0.0,-0.2505720322981441
166,1561266000,30,15,0,45,25,0.0,-0.35011615022636106
166,1561280400,90,46,0,136,25,0.0,-0.3221577714255347
166,1561294800,392,194,0,586,25,0.0,-0.18390205208078889
166,1561309200,492,218,0,710,25,0.0,-0.1458049205280145
166,1561323600,431,179,0,610,25,0.0,-0.1765284137157358
166,1561338000,146,81,0,227,25,0.0,-0.29419939262470834
166,1561352400,20,10,0,30,25,0.0,-0.35472467420451925
166,1561364456,263,156,0,419,25,0.0,-0.23521028570428346
166,1561366800,318,83,0,401,25,0.0,-0.2407405144780733
166,1561366861,0,0,0,0,25,0.0,-0.36394172216083565
166,1561367912,71,36,0,107,25,0.0,-0.33106758444997386
166,1561381200,837,248,0,1085,25,0.0,-0.030591821074059656
166,1561395600,592,479,0,1071,25,0.0,-0.03489311012034064
166,1561410000,681,425,0,1106,25,0.0,-0.024139887504638188
166,1561424400,196,118,0,314,26,-0.22003822449269084,-0.8322925728309389
166,1561438800,21,10,0,31,26,-0.22003822449269084,-1.5884363869919524
166,1561453200,492,257,0,749,26,-0.22003822449269084,0.32997795423634335
166,1561467600,635,308,0,943,26,-0.22003822449269084,0.84832389044566
166,1561482000,598,541,0,1139,26,-0.22003822449269084,1.3720135991932172
166,1561496400,793,457,0,1250,26,-0.22003822449269084,1.6685929750655581
166,1561510800,199,138,0,337,26,-0.22003822449269084,-0.7708391886411746
166,1561525200,20,8,0,28,26,-0.22003822449269084,-1.596452045799313
166,1561539600,490,246,0,736,26,-0.22003822449269084,0.2952434327377809
166,1561554000,661,294,0,955,26,-0.22003822449269084,0.8803865256751023
166,1561568400,609,399,0,1008,26,-0.22003822449269084,1.0219964979384724
166,1561582800,667,445,0,1112,26,-0.22003822449269084,1.299872669926972
166,1561597200,238,194,0,432,26,-0.22003822449269084,-0.5170099930747566
166,1561611600,20,9,0,29,26,-0.22003822449269084,-1.5937801595301928
166,1561626000,485,228,0,713,26,-0.22003822449269084,0.23379004854801655
166,1561640400,598,281,0,879,26,-0.22003822449269084,0.677323169221968
166,1561654800,588,542,0,1130,26,-0.22003822449269084,1.3479666227711355
166,1561669200,665,405,0,1070,26,-0.22003822449269084,1.1876534466239241
166,1561683600,231,178,0,409,26,-0.22003822449269084,-0.578463377264521
166,1561698000,19,12,0,31,26,-0.22003822449269084,-1.5884363869919524
166,1561712400,423,229,0,652,26,-0.22003822449269084,0.07080498613168501
166,1561726800,578,351,0,929,26,-0.22003822449269084,0.8109174826779775
166,1561741200,648,313,0,961,26,-0.22003822449269084,0.8964178432898234
166,1561755600,703,347,0,1050,26,-0.22003822449269084,1.1342157212415203
166,1561770000,256,150,0,406,26,-0.22003822449269084,-0.5864790360718816
166,1561784400,35,30,0,65,26,-0.22003822449269084,-1.497592253841866
166,1561798800,80,90,10,170,26,5.216200262973788,-1.2170441955842461
166,1561813200,385,274,0,659,26,-0.22003822449269084,0.08950819001552635
166,1561827600,516,274,0,790,26,-0.22003822449269084,0.4395252912702711
166,1561842000,483,232,0,715,26,-0.22003822449269084,0.23913382108625694
166,1561856400,265,135,0,400,26,-0.22003822449269084,-0.6025103536866027
166,1561870800,33,31,0,64,26,-0.22003822449269084,-1.5002641401109862
166,1561885200,80,87,7,167,26,3.5853287167338443,-1.2250598543916067
166,1561899600,482,253,0,735,26,-0.22003822449269084,0.29257154646866074
166,1561914000,599,289,0,888,26,-0.22003822449269084,0.7013701456440496
166,1561928400,418,181,0,599,26,-0.22003822449269084,-0.07080498613168501
166,1561942800,202,75,0,277,26,-0.22003822449269084,-0.9311523647883859
166,1561957200,20,10,0,30,26,-0.22003822449269084,-1.5911082732610726
166,1561971600,457,215,0,672,26,-0.22003822449269084,0.1242427115140888
166,1561986000,509,316,0,825,26,-0.22003822449269084,0.5330413106894778
166,1562000400,563,332,0,895,26,-0.22003822449269084,0.720073349527891
166,1562014800,651,376,0,1027,26,-0.22003822449269084,1.072762337051756
166,1562029200,253,108,0,361,27,-0.15249857033260467,-0.4024744213989164
166,1562043600,21,10,0,31,27,-0.15249857033260467,-1.4182798444325107
166,1562058000,474,212,0,686,27,-0.15249857033260467,0.5979400103765928
166,1562072400,574,330,0,904,27,-0.15249857033260467,1.2689872292290885
166,1562086800,566,412,0,978,27,-0.15249857033260467,1.4967738998487428
166,1562101200,655,436,0,1091,27,-0.15249857033260467,1.8446103022814584
166,1562115600,245,145,0,390,27,-0.15249857033260467,-0.31320667210202485
166,1562130000,23,16,0,39,27,-0.15249857033260467,-1.393654258419575
166,1562139844,132,97,0,229,27,-0.15249857033260467,-0.8087965906123541
166,1562144400,282,114,0,396,27,-0.15249857033260467,-0.29473748259232313
166,1562145416,67,29,0,96,27,-0.15249857033260467,-1.2181969580774086
166,1562158800,489,246,0,735,27,-0.15249857033260467,0.7487717247058235
166,1562173200,610,348,0,958,27,-0.15249857033260467,1.4352099348164038
166,1562187600,587,296,0,883,27,-0.15249857033260467,1.2043450659451325
166,1562202000,200,127,0,327,27,-0.15249857033260467,-0.5071331619538928
166,1562216400,25,9,0,34,27,-0.15249857033260467,-1.4090452496776598
166,1562230800,85,69,0,154,27,-0.15249857033260467,-1.0396614594836255
166,1562245200,323,207,0,530,27,-0.15249857033260467,0.1177410831243484
166,1562259600,422,221,0,643,27,-0.15249857033260467,0.46557748555706396
166,1562274000,388,125,0,513,27,-0.15249857033260467,0.06541171284686023
166,1562288400,143,111,0,254,27,-0.15249857033260467,-0.7318416343219303
166,1562302800,17,21,4,38,27,6.557438524302,-1.3967324566711918
166,1562317200,177,163,0,340,27,-0.15249857033260467,-0.4671165846828724
166,1562331600,359,334,0,693,27,-0.15249857033260467,0.6194873981379115
166,1562346000,555,274,0,829,27,-0.15249857033260467,1.038122360357817
166,1562360400,470,199,0,669,27,-0.15249857033260467,0.5456106400991048
166,1562374800,241,137,0,378,27,-0.15249857033260467,-0.35014505112142824
166,1562389200,28,20,0,48,27,-0.15249857033260467,-1.3659504741550224
166,1562403600,104,66,0,170,27,-0.15249857033260467,-0.9904102874577543
166,1562418000,315,265,0,580,27,-0.15249857033260467,0.271650995705196
166,1562432400,584,236,0,820,27,-0.15249857033260467,1.0104185760932645
166,1562446800,647,204,0,851,27,-0.15249857033260467,1.10584272189339
166,1562461200,198,83,0,281,27,-0.15249857033260467,-0.6487302815282726
166,1562475600,21,11,0,32,27,-0.15249857033260467,-1.4152016461808936
166,1562490000,64,54,0,118,27,-0.15249857033260467,-1.1504765965418358
166,1562504400,408,151,0,559,27,-0.15249857033260467,0.20700883242124002
166,1562518800,579,198,0,777,27,-0.15249857033260467,0.8780560512737355
166,1562533200,493,172,0,665,27,-0.15249857033260467,0.533297847092637
166,1562547600,143,56,0,199,27,-0.15249857033260467,-0.9011425381608626
166,1562562000,18,10,0,28,27,-0.15249857033260467,-1.4275144391873613
166,1562576400,481,198,0,679,27,-0.15249857033260467,0.5763926226152742
166,1562590800,532,283,0,815,27,-0.15249857033260467,0.9950275848351797
166,1562605200,516,326,0,842,27,-0.15249857033260467,1.0781389376288373
166,1562619600,590,404,0,994,27,-0.15249857033260467,1.546025071874614
166,1562634000,230,91,0,321,28,-0.15617376188860604,-0.7355956465327529
166,1562648400,21,9,0,30,28,-0.15617376188860604,-1.558896927844411
166,1562662800,554,228,0,782,28,-0.15617376188860604,0.5686720190503205
166,1562677200,587,350,0,937,28,-0.15617376188860604,1.0072001929448462
166,1562691600,580,307,0,887,28,-0.15617376188860604,0.8657394916885476
166,1562706000,574,388,0,962,28,-0.15617376188860604,1.0779305435729956
166,1562720400,199,127,0,326,28,-0.15617376188860604,-0.721449576407123
166,1562734800,19,18,0,37,28,-0.15617376188860604,-1.539092429668529
166,1562749200,539,196,0,735,28,-0.15617376188860604,0.43569895986939977
166,1562763600,589,279,0,868,28,-0.15617376188860604,0.8119844252111541
166,1562778000,584,392,0,976,28,-0.15617376188860604,1.1175395399247592
166,1562792400,631,442,0,1073,28,-0.15617376188860604,1.3919733003619785
166,1562806800,243,99,0,342,28,-0.15617376188860604,-0.6761821520051075
166,1562821200,17,14,0,31,28,-0.15617376188860604,-1.5560677138192849
166,1562835600,521,224,0,745,28,-0.15617376188860604,0.46399110012065947
166,1562850000,621,323,0,944,28,-0.15617376188860604,1.027004691120728
166,1562864400,625,340,0,965,28,-0.15617376188860604,1.0864181856483734
166,1562878800,683,383,0,1066,28,-0.15617376188860604,1.3721688021860967
166,1562893200,229,105,0,334,28,-0.15617376188860604,-0.6988158642061152
166,1562907600,22,12,0,34,28,-0.15617376188860604,-1.547580071743907
166,1562922000,432,209,0,641,28,-0.15617376188860604,0.16975284150755834
166,1562936400,544,323,0,867,28,-0.15617376188860604,0.8091552111860282
166,1562950800,617,343,0,960,28,-0.15617376188860604,1.0722721155227435
166,1562965200,618,331,0,949,28,-0.15617376188860604,1.041150761246358
166,1562979600,263,167,0,430,28,-0.15617376188860604,-0.4272113177940218
166,1562994000,26,15,0,41,28,-0.15617376188860604,-1.5277755735680252
166,1563008400,103,76,0,179,28,-0.15617376188860604,-1.137344038100641
166,1563022800,452,155,0,607,28,-0.15617376188860604,0.07355956465327529
166,1563037200,564,180,0,744,28,-0.15617376188860604,0.46116188609553355
166,1563051600,541,153,0,694,28,-0.15617376188860604,0.3197011848392349
166,1563066000,196,73,0,269,28,-0.15617376188860604,-0.8827147758393035
166,1563080400,22,12,0,34,28,-0.15617376188860604,-1.547580071743907
166,1563094800,57,64,7,121,28,6.4031242374328485,-1.3014384515579474
166,1563109200,377,170,0,547,28,-0.15617376188860604,-0.09619327685428307
166,1563123600,480,159,0,639,28,-0.15617376188860604,0.1640944134573064
166,1563138000,422,141,0,563,28,-0.15617376188860604,-0.05092585245226751
166,1563152400,144,61,0,205,28,-0.15617376188860604,-1.0637844734473656
166,1563166800,18,10,0,28,28,-0.15617376188860604,-1.5645553558946628
166,1563181200,500,216,0,716,28,-0.15617376188860604,0.3819438933920063
166,1563195600,559,302,0,861,28,-0.15617376188860604,0.7921799270352723
166,1563210000,560,284,0,844,28,-0.15617376188860604,0.7440832886081308
166,1563224400,633,435,0,1068,28,-0.15617376188860604,1.3778272302363486
166,1563238800,227,109,0,336,29,-0.15617376188860607,-0.681339658674878
166,1563253200,17,13,0,30,29,-0.15617376188860607,-1.5487569239834003
166,1563267600,519,211,0,730,29,-0.15617376188860607,0.43553093783348057
166,1563282000,554,345,0,899,29,-0.15617376188860607,0.9145947216149847
166,1563296400,601,389,0,990,29,-0.15617376188860607,1.1725521436511792
166,1563310800,683,397,0,1080,29,-0.15617376188860607,1.427674868741921
166,1563325200,235,146,0,381,29,-0.15617376188860607,-0.5537782961295071
166,1563339600,12,14,2,26,29,6.403124237432849,-1.560095711765211
166,1563354000,554,215,0,769,29,-0.15617376188860607,0.5460841187061354
166,1563368400,602,287,0,889,29,-0.15617376188860607,0.8862477521604578
166,1563382800,588,406,0,994,29,-0.15617376188860607,1.18389093143299
166,1563397200,592,466,0,1058,29,-0.15617376188860607,1.3653115359419619
166,1563411600,218,120,0,338,29,-0.15617376188860607,-0.6756702647839726
166,1563426000,14,12,0,26,29,-0.15617376188860607,-1.560095711765211
166,1563440400,492,241,0,733,29,-0.15617376188860607,0.4440350286698386
166,1563454800,596,341,0,937,29,-0.15617376188860607,1.0223132055421866
166,1563469200,601,386,0,987,29,-0.15617376188860607,1.1640480528148212
166,1563483600,709,421,0,1130,29,-0.15617376188860607,1.5694097160145553
166,1563498000,261,133,0,394,29,-0.15617376188860607,-0.5169272358386222
166,1563512400,16,11,0,27,29,-0.15617376188860607,-1.5572610148197583
166,1563526800,418,186,0,604,29,-0.15617376188860607,0.07835912270644203
166,1563541200,560,336,0,896,29,-0.15617376188860607,0.9060906307786266
166,1563555600,584,382,0,966,29,-0.15617376188860607,1.1045194169603147
166,1563570000,343,282,0,625,29,-0.15617376188860607,0.13788775856094845
166,1563584400,174,75,0,249,29,-0.15617376188860607,-0.9279582929292618
166,1563598800,20,9,0,29,29,-0.15617376188860607,-1.551591620928853
166,1563613200,106,103,0,209,29,-0.15617376188860607,-1.0413461707473692
166,1563627600,360,245,0,605,29,-0.15617376188860607,0.08119381965189472
166,1563642000,505,232,0,737,29,-0.15617376188860607,0.45537381645164937
166,1563656400,505,199,0,704,29,-0.15617376188860607,0.36182881725171073
166,1563670800,203,112,0,315,29,-0.15617376188860607,-0.7408682945293844
166,1563685200,24,16,0,40,29,-0.15617376188860607,-1.5204099545288734
166,1563699600,68,66,0,134,29,-0.15617376188860607,-1.2539484416563207
166,1563714000,321,267,0,588,29,-0.15617376188860607,0.03300397157919905
166,1563728400,451,291,0,742,29,-0.15617376188860607,0.4695473011789128
166,1563742800,447,140,0,587,29,-0.15617376188860607,0.03016927463374636
166,1563757200,121,64,0,185,29,-0.15617376188860607,-1.1093788974382337
166,1563771600,11,8,0,19,29,-0.15617376188860607,-1.5799385903833798
166,1563786000,489,202,0,691,29,-0.15617376188860607,0.32497775696082576
166,1563800400,536,316,0,852,29,-0.15617376188860607,0.7813639651787083
166,1563814800,509,317,0,826,29,-0.15617376188860607,0.7076618445969385
166,1563829200,477,373,0,850,29,-0.15617376188860607,0.775694571287803
166,1563843600,201,72,0,273,30,-0.24148568233586468,-0.9630703828094037
166,1563858000,24,9,0,33,30,-0.24148568233586468,-1.6455612052727606
166,1563872400,493,195,0,688,30,-0.24148568233586468,0.21706999770015115
166,1563886800,550,333,0,883,30,-0.24148568233586468,0.7715937909516287
166,1563901200,543,317,0,860,30,-0.24148568233586468,0.7061884204655571
166,1563915600,555,416,0,971,30,-0.24148568233586468,1.0218404258548597
166,1563930000,261,135,0,396,30,-0.24148568233586468,-0.6132938362969332
166,1563944400,14,12,0,26,30,-0.24148568233586468,-1.6654671875946085
166,1563958800,470,213,0,683,30,-0.24148568233586468,0.20285143889883123
166,1563973200,602,335,0,937,30,-0.24148568233586468,0.925154226005884
166,1563987600,575,358,0,933,30,-0.24148568233586468,0.9137793789648281
166,1564002000,630,488,0,1118,30,-0.24148568233586468,1.439866054613666
166,1564016400,282,182,0,464,30,-0.24148568233586468,-0.41992143659898207
166,1564030800,16,7,0,23,30,-0.24148568233586468,-1.6739983228754005
166,1564045200,500,236,0,736,30,-0.24148568233586468,0.35356816219282255
166,1564059600,627,306,0,933,30,-0.24148568233586468,0.9137793789648281
166,1564074000,587,336,0,923,30,-0.24148568233586468,0.8853422613621882
166,1564088400,643,476,0,1119,30,-0.24148568233586468,1.44270976637393
166,1564102800,315,193,0,508,30,-0.24148568233586468,-0.2947981191473666
166,1564117200,24,17,0,41,30,-0.24148568233586468,-1.6228115111906487
166,1564131600,400,193,0,593,30,-0.24148568233586468,-0.05308261952492766
166,1564146000,592,320,0,912,30,-0.24148568233586468,0.8540614319992844
166,1564160400,635,323,0,958,30,-0.24148568233586468,0.9848721729714278
166,1564174800,600,359,0,959,30,-0.24148568233586468,0.9877158847316918
166,1564189200,318,142,0,460,30,-0.24148568233586468,-0.431296283640038
166,1564203600,38,30,0,68,30,-0.24148568233586468,-1.5460312936635212
166,1564218000,98,99,1,197,30,0.8854475018981706,-1.1791924765894668
166,1564232400,496,236,0,732,30,-0.24148568233586468,0.3421933151517666
166,1564246800,642,251,0,893,30,-0.24148568233586468,0.8000309085542686
166,1564261200,632,216,0,848,30,-0.24148568233586468,0.6720638793423892
166,1564275600,316,89,0,405,30,-0.24148568233586468,-0.5877004304545573
166,1564290000,18,23,5,41,30,5.3931802388343115,-1.6228115111906487
166,1564304400,73,76,3,149,30,3.139313870366241,-1.315690641082138
166,1564318800,376,256,0,632,30,-0.24148568233586468,0.05782213912536786
166,1564333200,615,258,0,873,30,-0.24148568233586468,0.7431566733489888
166,1564347600,473,189,0,662,30,-0.24148568233586468,0.14313349193328748
166,1564362000,148,94,0,242,30,-0.24148568233586468,-1.0512254473775873
166,1564376400,19,14,0,33,30,-0.24148568233586468,-1.6455612052727606
166,1564390800,484,221,0,705,30,-0.24148568233586468,0.26541309762463894
166,1564405200,559,307,0,866,30,-0.24148568233586468,0.7232506910271409
166,1564419600,511,328,0,839,30,-0.24148568233586468,0.6464704735000133
166,1564434000,638,437,0,1075,30,-0.24148568233586468,1.3175864489223144
166,1564448400,257,115,0,372,31,0.0,-0.860097069367816
166,1564462800,16,8,0,24,31,0.0,-1.8062944776080687
166,1564477200,618,214,0,832,31,0.0,0.3906236426738973
166,1564491600,762,356,0,1118,31,0.0,1.1682456505954844
166,1564506000,674,346,0,1020,31,0.0,0.9017877597692062
166,1564520400,629,427,0,1056,31,0.0,0.9996702502768186
166,1564534800,252,135,0,387,31,0.0,-0.8193126983229775
166,1564549200,16,4,0,20,31,0.0,-1.8171703098866923
166,1564563600,527,212,0,739,31,0.0,0.13776054219589876
166,1564578000,587,387,0,974,31,0.0,0.7767156885650349
166,1564592400,595,322,0,917,31,0.0,0.6217350785946487
166,1564606800,580,441,0,1021,31,0.0,0.9045067178388622
166,1564621200,270,113,0,383,31,0.0,-0.8301885306016011
166,1564635600,14,8,0,22,31,0.0,-1.8117323937473806
166,1564650000,477,222,0,699,31,0.0,0.029002219409662813
166,1564664400,614,345,0,959,31,0.0,0.7359313175201965
166,1564678800,609,312,0,921,31,0.0,0.6326109108732723
166,1564693200,622,458,0,1080,31,0.0,1.0649252439485601
166,1564707600,318,183,0,501,31,0.0,-0.5093514783822051
166,1564722000,23,18,0,41,31,0.0,-1.7600721904239185
166,1564736400,401,217,0,618,31,0.0,-0.19123338423246497
166,1564750800,572,382,0,954,31,0.0,0.722336527171917
166,1564765200,566,318,0,884,31,0.0,0.5320094622960041
166,1564779600,637,341,0,978,31,0.0,0.7875915208436585
166,1565398800,7214,7243,29,14457,32,4.113289707911236,4.104508127099418
166,1565413200,33,18,0,51,32,-0.25969853553003736,-0.38524456389559536
166,1565427600,112,80,0,192,32,-0.25969853553003736,-0.34130071206786405
166,1565442000,414,222,0,636,32,-0.25969853553003736,-0.20292432758905068
166,1565456400,535,267,0,802,32,-0.25969853553003736,-0.1511890126712961
166,1565470800,520,304,0,824,32,-0.25969853553003736,-0.14433252515207565
166,1565485200,240,155,0,395,32,-0.25969853553003736,-0.2780340317768751
166,1565499600,23,18,0,41,32,-0.25969853553003736,-0.3883611491316047
166,1565514000,78,80,2,158,32,0.04188686056936085,-0.3518971018702957
166,1565528400,352,307,0,659,32,-0.25969853553003736,-0.19575618154622926
166,1565542800,480,278,0,758,32,-0.25969853553003736,-0.16490198770973707
166,1565557200,431,174,0,605,32,-0.25969853553003736,-0.21258574182067955
166,1565571600,177,118,0,295,32,-0.25969853553003736,-0.3091998841369682
166,1565586000,15,9,0,24,32,-0.25969853553003736,-0.3936593440328205
166,1565600400,460,187,0,647,32,-0.25969853553003736,-0.19949608382944042
166,1565614800,544,282,0,826,32,-0.25969853553003736,-0.14370920810487378
166,1565629200,520,340,0,860,32,-0.25969853553003736,-0.13311281830244212
166,1565643600,554,384,0,938,32,-0.25969853553003736,-0.10880345346156949
166,1565658000,234,139,0,373,33,-0.30096463271442303,-0.19709668856915033
166,1565672400,19,9,0,28,33,-0.30096463271442303,-1.0303623981511811
166,1565684002,240,127,0,367,33,-0.30096463271442303,-0.2115882661270987
166,1565686800,273,97,0,370,33,-0.30096463271442303,-0.2043424773481245
166,1565701200,567,318,0,885,33,-0.30096463271442303,1.0395179297091097
166,1565715600,580,411,0,991,33,-0.30096463271442303,1.295535799899531
166,1565730000,569,462,0,1031,33,-0.30096463271442303,1.39214631695252
166,1565744400,239,152,0,391,33,-0.30096463271442303,-0.15362195589530525
166,1565758800,16,9,0,25,33,-0.30096463271442303,-1.0376081869301552
166,1565773200,511,194,0,705,33,-0.30096463271442303,0.604770602970659
166,1565787600,609,287,0,896,33,-0.30096463271442303,1.0660858218986817
166,1565802000,564,421,0,985,33,-0.30096463271442303,1.2810442223415826
166,1565816400,609,459,0,1068,33,-0.30096463271442303,1.4815110452265348
166,1565830800,235,192,0,427,33,-0.30096463271442303,-0.06667249054761508
166,1565845200,19,8,0,27,33,-0.30096463271442303,-1.032777661077506
166,1565859600,462,195,0,657,33,-0.30096463271442303,0.4888379825070721
166,1565874000,600,330,0,930,33,-0.30096463271442303,1.1482047613937225
166,1565888400,589,423,0,1012,33,-0.30096463271442303,1.3462563213523502
166,1565902800,643,395,0,1038,33,-0.30096463271442303,1.409053157436793
166,1565917200,221,175,0,396,33,-0.30096463271442303,-0.1415456412636816
166,1565931600,23,6,0,29,33,-0.30096463271442303,-1.0279471352248564
166,1565946000,397,189,0,586,33,-0.30096463271442303,0.3173543147380165
166,1565960400,501,329,0,830,33,-0.30096463271442303,0.9066784687612498
166,1565974800,734,371,0,1105,33,-0.30096463271442303,1.5708757735005496
166,1565989200,671,317,0,988,33,-0.30096463271442303,1.2882900111205566
166,1566003600,185,140,0,325,33,-0.30096463271442303,-0.31302930903273724
166,1566018000,0,1,1,1,33,2.287331208629615,-1.0955744971619488
166,1566032400,2,2,0,4,33,-0.30096463271442303,-1.0883287083829745
166,1566046800,2,3,1,5,33,2.287331208629615,-1.0859134454566497
166,1566061200,0,0,0,0,33,-0.30096463271442303,-1.0979897600882735
166,1566075600,0,0,0,0,33,-0.30096463271442303,-1.0979897600882735
166,1566090000,0,0,0,0,33,-0.30096463271442303,-1.0979897600882735
166,1566104400,0,0,0,0,33,-0.30096463271442303,-1.0979897600882735
166,1566118800,0,0,0,0,33,-0.30096463271442303,-1.0979897600882735
166,1566133200,0,0,0,0,33,-0.30096463271442303,-1.0979897600882735
166,1566147600,14,3,0,17,33,-0.30096463271442303,-1.0569302903407531
166,1566162000,0,0,0,0,33,-0.30096463271442303,-1.0979897600882735
166,1566176400,0,2,2,2,33,4.875627049973653,-1.093159234235624
166,1566190800,2,3,1,5,33,2.287331208629615,-1.0859134454566497
166,1566205200,405,191,0,596,33,-0.30096463271442303,0.34150694400126375
166,1566219600,508,278,0,786,33,-0.30096463271442303,0.8004069000029619
166,1566234000,498,243,0,741,33,-0.30096463271442303,0.6917200683183492
166,1566248400,558,368,0,926,33,-0.30096463271442303,1.1385437096884237
166,1566262800,195,91,0,286,34,-0.29949302356453156,-0.3758450211428975
166,1566277200,15,12,0,27,34,-0.29949302356453156,-1.0642508369355288
166,1566291600,458,189,0,647,34,-0.29949302356453156,0.583670420946446
166,1566306000,512,275,0,787,34,-0.29949302356453156,0.9557816727262467
166,1566320400,533,319,0,852,34,-0.29949302356453156,1.1285476110525827
166,1566334800,576,390,0,966,34,-0.29949302356453156,1.431552487501849
166,1566349200,228,119,0,347,34,-0.29949302356453156,-0.21371083286741285
166,1566363600,194,45,0,239,34,-0.29949302356453156,-0.500768084240402
166,1566378000,463,200,0,663,34,-0.29949302356453156,0.6261974211498518
166,1566392400,551,311,0,862,34,-0.29949302356453156,1.1551269861797113
166,1566406800,547,249,0,796,34,-0.29949302356453156,0.9797031103406625
166,1566421200,537,365,0,902,34,-0.29949302356453156,1.261444486688226
166,1566435600,232,139,0,371,34,-0.29949302356453156,-0.14992033256230414
166,1566450000,19,7,0,26,34,-0.29949302356453156,-1.0669087744482417
166,1566464400,450,188,0,638,34,-0.29949302356453156,0.5597489833320302
166,1566478800,552,302,0,854,34,-0.29949302356453156,1.1338634860780086
166,1566493200,573,263,0,836,34,-0.29949302356453156,1.086020610849177
166,1566507600,564,357,0,921,34,-0.29949302356453156,1.3119452994297702
166,1566522000,218,118,0,336,34,-0.29949302356453156,-0.24294814550725433
166,1566536400,18,15,0,33,34,-0.29949302356453156,-1.0483032118592517
166,1566550800,366,167,0,533,34,-0.29949302356453156,0.2806655444971796
166,1566565200,511,309,0,820,34,-0.29949302356453156,1.043493610645771
166,1566579600,560,335,0,895,34,-0.29949302356453156,1.242838924099236
166,1566594000,565,292,0,857,34,-0.29949302356453156,1.1418372986161471
166,1566608400,202,106,0,308,34,-0.29949302356453156,-0.31737039586321447
166,1566622800,0,0,0,0,34,-0.29949302356453156,-1.1360151497787763
166,1566637200,0,1,1,1,34,0.8440257936818617,-1.1333572122660633
166,1566651600,4,1,0,5,34,-0.29949302356453156,-1.1227254622152119
166,1566666000,0,2,2,2,34,1.9875446109282549,-1.1306992747533504
166,1566680400,0,0,0,0,34,-0.29949302356453156,-1.1360151497787763
166,1566694800,0,0,0,0,34,-0.29949302356453156,-1.1360151497787763
166,1566709200,0,1,1,1,34,0.8440257936818617,-1.1333572122660633
166,1566723600,0,0,0,0,34,-0.29949302356453156,-1.1360151497787763
166,1566738000,0,5,5,5,34,5.418101062667435,-1.1227254622152119
166,1566752400,0,0,0,0,34,-0.29949302356453156,-1.1360151497787763
166,1566766800,0,0,0,0,34,-0.29949302356453156,-1.1360151497787763
166,1566781200,0,0,0,0,34,-0.29949302356453156,-1.1360151497787763
166,1566795600,1,3,2,4,34,1.9875446109282549,-1.1253833997279248
166,1566810000,440,156,0,596,34,-0.29949302356453156,0.44811560779808995
166,1566824400,482,307,0,789,34,-0.29949302356453156,0.9610975477516724
166,1566838800,512,307,0,819,34,-0.29949302356453156,1.0408356731330584
166,1566853200,560,367,0,927,34,-0.29949302356453156,1.3278929245060473
166,1566867600,140,77,0,217,35,-0.24237397052490325,-0.8819892321417541
166,1566882000,14,4,0,18,35,-0.24237397052490325,-1.5007290342435484
166,1566896400,449,206,0,655,35,-0.24237397052490325,0.47986018152953236
166,1566910800,525,339,0,864,35,-0.24237397052490325,1.1296924359982512
166,1566925200,512,378,0,890,35,-0.24237397052490325,1.2105328121522545
166,1566939600,587,357,0,944,35,-0.24237397052490325,1.378432054933646
166,1566954000,138,65,0,203,35,-0.24237397052490325,-0.9255186654554481
166,1566968400,12,13,1,25,35,-0.09484198846626649,-1.4789643175867015
166,1566982800,434,192,0,626,35,-0.24237397052490325,0.3896920696654517
166,1566997200,547,319,0,866,35,-0.24237397052490325,1.135910926471636
166,1567011600,549,325,0,874,35,-0.24237397052490325,1.1607848883651755
166,1567026000,563,371,0,934,35,-0.24237397052490325,1.3473396025667217
166,1567040400,151,71,0,222,35,-0.24237397052490325,-0.8664430059582918
166,1567054800,10,7,0,17,35,-0.24237397052490325,-1.503838279480241
166,1567069200,438,193,0,631,35,-0.24237397052490325,0.4052382958489139
166,1567083600,575,298,0,873,35,-0.24237397052490325,1.1576756431284831
166,1567098000,563,319,0,882,35,-0.24237397052490325,1.185658850258715
166,1567112400,594,365,0,959,35,-0.24237397052490325,1.4250707334840325
166,1567126800,180,90,0,270,35,-0.24237397052490325,-0.717199234597055
166,1567141200,18,18,0,36,35,-0.24237397052490325,-1.4447626199830848
166,1567155600,326,189,0,515,35,-0.24237397052490325,0.044565848392591506
166,1567170000,493,318,0,811,35,-0.24237397052490325,0.9649024384535522
166,1567184400,595,346,0,941,35,-0.24237397052490325,1.3691043192235686
166,1567198800,544,228,0,772,35,-0.24237397052490325,0.8436418742225472
166,1567213200,215,100,0,315,35,-0.24237397052490325,-0.5772831989458954
166,1567227600,20,17,0,37,35,-0.24237397052490325,-1.4416533747463922
166,1567242000,84,67,0,151,35,-0.24237397052490325,-1.0871994177634547
166,1567256400,317,249,0,566,35,-0.24237397052490325,0.20313735546390568
166,1567270800,385,271,0,656,35,-0.24237397052490325,0.4829694267662248
166,1567285200,397,174,0,571,35,-0.24237397052490325,0.21868358164736784
166,1567299600,200,127,0,327,35,-0.24237397052490325,-0.5399722561055862
166,1567314000,33,13,0,46,35,-0.24237397052490325,-1.4136701676161603
166,1567328400,52,61,9,113,35,1.0854138680028278,-1.2053507367577672
166,1567342800,325,302,0,627,35,-0.24237397052490325,0.3928013149021442
166,1567357200,364,298,0,662,35,-0.24237397052490325,0.5016248981863795
166,1567371600,429,238,0,667,35,-0.24237397052490325,0.5171711243698416
166,1567386000,190,102,0,292,35,-0.24237397052490325,-0.6487958393898214
166,1567400400,22,7,0,29,35,-0.24237397052490325,-1.4665273366399318
166,1567414800,58,98,40,156,35,5.658905311820567,-1.0716531915799925
166,1567429200,277,296,19,573,35,2.5607336885891954,0.22490207212075272
166,1567443600,352,314,0,666,35,-0.24237397052490325,0.5140618791331492
166,1567458000,349,180,0,529,35,-0.24237397052490325,0.08809528170628558
166,1567472400,174,67,0,241,36,-0.2136601813865043,-1.0277808026761008
166,1567486800,14,17,3,31,36,0.3715829241504422,-1.581708494677519
166,1567501200,536,184,0,720,36,-0.2136601813865043,0.2357018852699913
166,1567515600,502,344,0,846,36,-0.2136601813865043,0.5680585004708423
166,1567530000,538,379,0,917,36,-0.2136601813865043,0.7553388153856075
166,1567544400,605,438,0,1043,36,-0.2136601813865043,1.0876954305864583
166,1567558800,192,127,0,319,36,-0.2136601813865043,-0.8220362313612883
166,1567573200,20,10,0,30,36,-0.2136601813865043,-1.5843462455918116
166,1567587600,524,224,0,748,36,-0.2136601813865043,0.30955891087018045
166,1567602000,538,310,0,848,36,-0.2136601813865043,0.5733340022994272
166,1567616400,627,383,0,1010,36,-0.2136601813865043,1.000649650414807
166,1567630800,658,531,0,1189,36,-0.2136601813865043,1.4728070640731588
166,1567645200,234,145,0,379,36,-0.2136601813865043,-0.6637711765037402
166,1567659600,14,13,0,27,36,-0.2136601813865043,-1.592259498334689
166,1567674000,510,302,0,812,36,-0.2136601813865043,0.4783749693848984
166,1567688400,599,241,0,840,36,-0.2136601813865043,0.5522319949850875
166,1567702800,685,415,0,1100,36,-0.2136601813865043,1.2380472327011292
166,1567717200,671,518,0,1189,36,-0.2136601813865043,1.4728070640731588
166,1567731600,211,164,0,375,36,-0.2136601813865043,-0.6743221801609101
166,1567746000,18,14,0,32,36,-0.2136601813865043,-1.5790707437632265
166,1567760400,459,312,0,771,36,-0.2136601813865043,0.3702271818989072
166,1567774800,557,337,0,894,36,-0.2136601813865043,0.6946705443568807
166,1567789200,687,437,0,1124,36,-0.2136601813865043,1.3013532546441484
166,1567803600,649,502,0,1151,36,-0.2136601813865043,1.372572529330045
166,1567818000,233,137,0,370,36,-0.2136601813865043,-0.6875109347323725
166,1567832400,31,22,0,53,36,-0.2136601813865043,-1.5236779745630848
166,1567846800,108,98,0,206,36,-0.2136601813865043,-1.1201020846763372
166,1567861200,388,296,0,684,36,-0.2136601813865043,0.14074285235546247
166,1567875600,484,319,0,803,36,-0.2136601813865043,0.45463521115626615
166,1567890000,490,290,0,780,36,-0.2136601813865043,0.3939669401275394
166,1567904400,286,131,0,417,36,-0.2136601813865043,-0.5635366417606265
166,1567918800,38,35,0,73,36,-0.2136601813865043,-1.4709229562772355
166,1567933200,80,112,32,192,36,6.028932944340926,-1.1570305974764317
166,1567947600,350,361,11,711,36,1.9322312055822997,0.2119621270413591
166,1567962000,469,321,0,790,36,-0.2136601813865043,0.42034444927046405
166,1567976400,394,242,0,636,36,-0.2136601813865043,0.01413080846942402
166,1567990800,187,110,0,297,36,-0.2136601813865043,-0.8800667514757226
166,1568005200,13,12,0,25,36,-0.2136601813865043,-1.5975350001632738
166,1568019600,539,289,0,828,36,-0.2136601813865043,0.5205789840135778
166,1568034000,563,300,0,863,36,-0.2136601813865043,0.6129002660138142
166,1568048400,585,375,0,960,36,-0.2136601813865043,0.8687621047001836
166,1568062800,665,498,0,1163,36,-0.2136601813865043,1.4042255403015547
166,1568077200,189,134,0,323,37,-0.22124883943435486,-0.8036474992399563
166,1568091600,17,10,0,27,37,-0.22124883943435486,-1.5329668444878677
166,1568106000,554,287,0,841,37,-0.22124883943435486,0.4726613549438886
166,1568120400,604,327,0,931,37,-0.22124883943435486,0.6944138585665643
166,1568134800,693,376,0,1069,37,-0.22124883943435486,1.0344343641213338
166,1568149200,726,537,0,1263,37,-0.22124883943435486,1.512434205263546
166,1568163600,240,152,0,392,37,-0.22124883943435486,-0.6336372464625716
166,1568178000,17,11,0,28,37,-0.22124883943435486,-1.530502927780949
166,1568192400,546,242,0,788,37,-0.22124883943435486,0.34207376947720175
166,1568206800,593,333,0,926,37,-0.22124883943435486,0.6820942750319713
166,1568221200,672,385,0,1057,37,-0.22124883943435486,1.0048673636383105
166,1568235600,682,591,0,1273,37,-0.22124883943435486,1.5370733723327323
166,1568250000,222,152,0,374,37,-0.22124883943435486,-0.6779877471871067
166,1568264400,12,11,0,23,37,-0.22124883943435486,-1.5428225113155423
166,1568278800,521,278,0,799,37,-0.22124883943435486,0.36917685325330657
166,1568293200,546,338,0,884,37,-0.22124883943435486,0.5786097733413893
166,1568307600,661,369,0,1030,37,-0.22124883943435486,0.9383416125515077
166,1568322000,709,553,0,1262,37,-0.22124883943435486,1.5099702885566275
166,1568336400,237,160,0,397,37,-0.22124883943435486,-0.6213176629279785
166,1568350800,20,10,0,30,37,-0.22124883943435486,-1.5255750943671118
166,1568365200,475,269,0,744,37,-0.22124883943435486,0.2336614343727825
166,1568379600,584,313,0,897,37,-0.22124883943435486,0.6106406905313313
166,1568394000,692,381,0,1073,37,-0.22124883943435486,1.0442900309490084
166,1568408400,734,522,0,1256,37,-0.22124883943435486,1.4951867883151158
166,1568422800,227,209,0,436,37,-0.22124883943435486,-0.5252249113581523
166,1568437200,21,24,3,45,37,3.761230270384033,-1.4886163437633326
166,1568451600,107,86,0,193,37,-0.22124883943435486,-1.123956671139377
166,1568466000,380,250,0,630,37,-0.22124883943435486,-0.047225070215940114
166,1568480400,487,286,0,773,37,-0.22124883943435486,0.30511501887342246
166,1568494800,525,229,0,754,37,-0.22124883943435486,0.2583006014419687
166,1568509200,192,153,0,345,37,-0.22124883943435486,-0.7494413316877467
166,1568523600,41,26,0,67,37,-0.22124883943435486,-1.434410176211123
166,1568538000,67,71,4,138,37,5.088723306990162,-1.259472090019901
166,1568552400,372,289,0,661,37,-0.22124883943435486,0.029156347698537092
166,1568566800,486,275,0,761,37,-0.22124883943435486,0.27554801839039905
166,1568581200,379,243,0,622,37,-0.22124883943435486,-0.06693640387128907
166,1568595600,121,90,0,211,37,-0.22124883943435486,-1.0796061704148416
166,1568610000,12,11,0,23,37,-0.22124883943435486,-1.5428225113155423
166,1568624400,558,280,0,838,37,-0.22124883943435486,0.46526960482313273
166,1568638800,552,258,0,810,37,-0.22124883943435486,0.3962799370294114
166,1568653200,603,373,0,976,37,-0.22124883943435486,0.8052901103779022
166,1568667600,717,578,0,1295,37,-0.22124883943435486,1.591279539884942
166,1568682000,199,119,0,318,38,-0.23165825829096495,-0.7901557304843866
166,1568696400,15,14,0,29,38,-0.23165825829096495,-1.4843443709461326
166,1568710800,562,287,0,849,38,-0.23165825829096495,0.4853258199833891
166,1568725200,558,313,0,871,38,-0.23165825829096495,0.5381706299839373
166,1568739600,630,345,0,975,38,-0.23165825829096495,0.7879824590774376
166,1568754000,687,543,0,1230,38,-0.23165825829096495,1.4005018477201547
166,1568768400,209,157,0,366,38,-0.23165825829096495,-0.6748579632104633
166,1568782800,19,14,0,33,38,-0.23165825829096495,-1.4747362236733057
166,1568797200,539,291,0,830,38,-0.23165825829096495,0.43968712043746117
166,1568811600,590,287,0,877,38,-0.23165825829096495,0.5525828508931776
166,1568826000,673,348,0,1021,38,-0.23165825829096495,0.8984761527149473
166,1568840400,700,611,0,1311,38,-0.23165825829096495,1.5950668299949
166,1568854800,207,164,0,371,38,-0.23165825829096495,-0.6628477791194296
166,1568869200,16,10,0,26,38,-0.23165825829096495,-1.4915504814007527
166,1568883600,548,262,0,810,38,-0.23165825829096495,0.39164638407332647
166,1568898000,742,278,0,1020,38,-0.23165825829096495,0.8960741158967406
166,1568912400,711,314,0,1025,38,-0.23165825829096495,0.9080842999877742
166,1568926800,809,586,0,1395,38,-0.23165825829096495,1.7968379227242657
166,1568941200,245,206,0,451,38,-0.23165825829096495,-0.47068483366289093
166,1568955600,22,9,0,31,38,-0.23165825829096495,-1.4795402973097191
166,1568970000,472,276,0,748,38,-0.23165825829096495,0.24272010134450897
166,1568984400,566,367,0,933,38,-0.23165825829096495,0.6870969127127547
166,1568998800,702,388,0,1090,38,-0.23165825829096495,1.0642166931712118
166,1569013200,682,563,0,1245,38,-0.23165825829096495,1.4365323999932555
166,1569027600,252,179,0,431,38,-0.23165825829096495,-0.5187255700270256
166,1569042000,37,17,0,54,38,-0.23165825829096495,-1.4242934504909643
166,1569056400,79,83,4,162,38,0.46331651658193,-1.164873474124637
166,1569070800,246,229,0,475,38,-0.23165825829096495,-0.41303595002592935
166,1569085200,477,297,0,774,38,-0.23165825829096495,0.3051730586178841
166,1569099600,452,223,0,675,38,-0.23165825829096495,0.06737141361541742
166,1569114000,222,126,0,348,38,-0.23165825829096495,-0.7180946259381845
166,1569128400,30,63,33,93,38,5.501883634410419,-1.3306140145809016
166,1569142800,57,76,19,133,38,3.069471922355286,-1.2345325418526323
166,1569157200,246,236,0,482,38,-0.23165825829096495,-0.3962216922984822
166,1569171600,471,269,0,740,38,-0.23165825829096495,0.2235038067988551
166,1569186000,440,180,0,620,38,-0.23165825829096495,-0.06474061138595294
166,1569200400,140,89,0,229,38,-0.23165825829096495,-1.0039370073047857
166,1569214800,15,10,0,25,38,-0.23165825829096495,-1.4939525182189595
166,1569229200,540,263,0,803,38,-0.23165825829096495,0.3748321263458793
166,1569243600,510,316,0,826,38,-0.23165825829096495,0.4300789731646342
166,1569258000,647,384,0,1031,38,-0.23165825829096495,0.9224965208970146
166,1569272400,771,645,0,1416,38,-0.23165825829096495,1.847280695906607
166,1569286800,688,393,0,1081,39,-0.2514580390099601,1.0474271933202532
166,1569301200,21,6,0,27,39,-0.2514580390099601,-1.5664465872705897
166,1569315600,567,288,0,855,39,-0.2514580390099601,0.4869571037438485
166,1569330000,558,307,0,865,39,-0.2514580390099601,0.5117566652295301
166,1569344400,690,411,0,1101,39,-0.2514580390099601,1.0970263162916163
166,1569358800,705,620,0,1325,39,-0.2514580390099601,1.6525364935708846
166,1569373200,259,156,0,415,39,-0.2514580390099601,-0.6042236016261429
166,1569387600,19,9,0,28,39,-0.2514580390099601,-1.5639666311220217
166,1569402000,555,282,0,837,39,-0.2514580390099601,0.44231789306962155
166,1569416400,595,326,0,921,39,-0.2514580390099601,0.6506342095493471
166,1569430800,623,393,0,1016,39,-0.2514580390099601,0.8862300436633226
166,1569445200,710,603,0,1313,39,-0.2514580390099601,1.6227770197880667
166,1569459600,246,140,0,386,39,-0.2514580390099601,-0.6761423299346195
166,1569474000,22,15,0,37,39,-0.2514580390099601,-1.5416470257849082
166,1569488400,590,242,0,832,39,-0.2514580390099601,0.4299181123267808
166,1569502800,622,304,0,926,39,-0.2514580390099601,0.663033990292188
166,1569517200,642,386,0,1028,39,-0.2514580390099601,0.9159895174461405
166,1569531600,689,537,0,1226,39,-0.2514580390099601,1.4070208348626367
166,1569546000,297,165,0,462,39,-0.2514580390099601,-0.48766566264343925
166,1569560400,20,17,0,37,39,-0.2514580390099601,-1.5416470257849082
166,1569574800,481,315,0,796,39,-0.2514580390099601,0.3406396909783269
166,1569589200,601,344,0,945,39,-0.2514580390099601,0.7101531571149831
166,1569603600,714,441,0,1155,39,-0.2514580390099601,1.2309439483142972
166,1569618000,725,508,0,1233,39,-0.2514580390099601,1.4243805279026138
166,1569632400,210,195,0,405,39,-0.2514580390099601,-0.6290231631118245
166,1569646800,41,14,0,55,39,-0.2514580390099601,-1.4970078151106812
166,1569661200,73,87,14,160,39,3.354818227767029,-1.2366124195110242
166,1569675600,253,259,6,512,39,1.2940889324658924,-0.36366785521503114
166,1569690000,459,382,0,841,39,-0.2514580390099601,0.4522377176638942
166,1569704400,468,254,0,722,39,-0.2514580390099601,0.15712293598428292
166,1569718800,286,149,0,435,39,-0.2514580390099601,-0.5546244786547796
166,1569733200,32,24,0,56,39,-0.2514580390099601,-1.4945278589621132
166,1569747600,50,71,21,121,39,5.157956361155524,-1.3333307093051825
166,1569762000,304,262,0,566,39,-0.2514580390099601,-0.22975022319235036
166,1569776400,638,325,0,963,39,-0.2514580390099601,0.75479236778921
166,1569790800,419,178,0,597,39,-0.2514580390099601,-0.15287158258673733
166,1569805200,153,61,0,214,39,-0.2514580390099601,-1.1026947874883435
166,1569819600,12,10,0,22,39,-0.2514580390099601,-1.5788463680134306
166,1569834000,392,196,0,588,39,-0.2514580390099601,-0.1751911879238508
166,1569848400,461,286,0,747,39,-0.2514580390099601,0.21912183969848698
166,1569862800,518,308,0,826,39,-0.2514580390099601,0.4150383754353718
166,1569877200,547,439,0,986,39,-0.2514580390099601,0.8118313592062777
166,1569891600,187,91,0,278,40,-0.15617376188860602,-0.9049833832471444
166,1569906000,13,9,0,22,40,-0.15617376188860602,-1.517920790281683
166,1569920400,458,225,0,683,40,-0.15617376188860602,0.06470274897546512
166,1569934800,525,334,0,859,40,-0.15617376188860602,0.48609721631171027
166,1569949200,532,386,0,918,40,-0.15617376188860602,0.6273601343392016
166,1569963600,614,538,0,1152,40,-0.15617376188860602,1.1876232329567094
166,1569978000,185,135,0,320,40,-0.15617376188860602,-0.8044233399055405
166,1569992400,20,16,0,36,40,-0.15617376188860602,-1.4844007758344815
166,1570006800,537,297,0,834,40,-0.15617376188860602,0.4262400476559936
166,1570021200,587,318,0,905,40,-0.15617376188860602,0.5962344066382289
166,1570035600,652,417,0,1069,40,-0.15617376188860602,0.98889743301973
166,1570050000,718,638,0,1356,40,-0.15617376188860602,1.676057729187357
166,1570064400,217,137,0,354,40,-0.15617376188860602,-0.7230175905337659
166,1570078800,16,10,0,26,40,-0.15617376188860602,-1.508343643296768
166,1570093200,525,299,0,824,40,-0.15617376188860602,0.40229718019370697
166,1570107600,629,358,0,987,40,-0.15617376188860602,0.7925659198289795
166,1570122000,712,380,0,1092,40,-0.15617376188860602,1.0439660281829894
166,1570136400,783,584,0,1367,40,-0.15617376188860602,1.7023948833958724
166,1570150800,239,176,0,415,40,-0.15617376188860602,-0.5769660990138172
166,1570165200,15,14,0,29,40,-0.15617376188860602,-1.5011607830580822
166,1570179600,474,280,0,754,40,-0.15617376188860602,0.23469710795770038
166,1570194000,601,340,0,941,40,-0.15617376188860602,0.6824287295024608
166,1570208400,687,440,0,1127,40,-0.15617376188860602,1.1277660643009926
166,1570222800,726,557,0,1283,40,-0.15617376188860602,1.5012747967126645
166,1570237200,282,163,0,445,40,-0.15617376188860602,-0.5051374966269573
166,1570251600,37,19,0,56,40,-0.15617376188860602,-1.4365150409099081
166,1570266000,90,81,0,171,40,-0.15617376188860602,-1.1611720650936117
166,1570280400,454,224,0,678,40,-0.15617376188860602,0.052731315244321786
166,1570294800,536,317,0,853,40,-0.15617376188860602,0.47173149583433827
166,1570309200,540,266,0,806,40,-0.15617376188860602,0.35920001876159097
166,1570323600,249,151,0,400,40,-0.15617376188860602,-0.6128804002072472
166,1570338000,30,27,0,57,40,-0.15617376188860602,-1.4341207541636796
166,1570352400,65,70,5,135,40,6.403124237432848,-1.2473663879578436
166,1570366800,353,195,0,548,40,-0.15617376188860602,-0.2585259617654047
166,1570381200,514,270,0,784,40,-0.15617376188860602,0.30652571034456033
166,1570395600,408,258,0,666,40,-0.15617376188860602,0.0239998742895778
166,1570410000,138,77,0,215,40,-0.15617376188860602,-1.0558234482595503
166,1570424400,13,9,0,22,40,-0.15617376188860602,-1.517920790281683
166,1570438800,536,324,0,860,40,-0.15617376188860602,0.4884915030579389
166,1570453200,572,315,0,887,40,-0.15617376188860602,0.5531372452061128
166,1570467600,628,378,0,1006,40,-0.15617376188860602,0.8380573680073241
166,1570482000,729,602,0,1331,40,-0.15617376188860602,1.6162005605316405
166,1570496400,211,152,0,363,41,-0.21359103395608017,-0.6668880482245803
166,1570510800,13,14,1,27,41,0.022483266732218964,-1.5197311960764406
166,1570525200,558,304,0,862,41,-0.21359103395608017,0.5996855552816052
166,1570539600,575,319,0,894,41,-0.21359103395608017,0.6809087122198776
166,1570554000,661,389,0,1050,41,-0.21359103395608017,1.0768716022939555
166,1570568400,707,514,0,1221,41,-0.21359103395608017,1.5109078471828488
166,1570582800,224,145,0,369,41,-0.21359103395608017,-0.6516587062986542
166,1570597200,18,25,7,43,41,1.4389290708620137,-1.4791196176073043
166,1570611600,427,199,0,626,41,-0.21359103395608017,0.0006647728618461169
166,1570626000,524,318,0,842,41,-0.21359103395608017,0.5489210821951849
166,1570640400,550,351,0,901,41,-0.21359103395608017,0.6986762778001246
166,1570654800,643,525,0,1168,41,-0.21359103395608017,1.376381993503835
166,1570669200,243,165,0,408,41,-0.21359103395608017,-0.5526679837801347
166,1570683600,17,13,0,30,41,-0.21359103395608017,-1.5121165251134774
166,1570698000,538,295,0,833,41,-0.21359103395608017,0.5260770693062957
166,1570712400,584,329,0,913,41,-0.21359103395608017,0.7291349616519768
166,1570726800,663,362,0,1025,41,-0.21359103395608017,1.0134160109359303
166,1570741200,700,680,0,1380,41,-0.21359103395608017,1.9144854082198897
166,1570755600,262,163,0,425,41,-0.21359103395608017,-0.5095181816566774
166,1570770000,29,17,0,46,41,-0.21359103395608017,-1.4715049466443413
166,1570784400,448,277,0,725,41,-0.21359103395608017,0.2519489146396264
166,1570798800,623,454,0,1077,41,-0.21359103395608017,1.145403640960623
166,1570813200,705,404,0,1109,41,-0.21359103395608017,1.2266267978988952
166,1570827600,690,581,0,1271,41,-0.21359103395608017,1.6378190298988993
166,1570842000,241,194,0,435,41,-0.21359103395608017,-0.4841359451134673
166,1570856400,30,22,0,52,41,-0.21359103395608017,-1.456275604718415
166,1570870800,54,81,27,135,41,6.160415084627997,-1.2456030414097712
166,1570885200,316,217,0,533,41,-0.21359103395608017,-0.23539002699000808
166,1570899600,452,300,0,752,41,-0.21359103395608017,0.3204809533062937
166,1570914000,481,265,0,746,41,-0.21359103395608017,0.30525161138036766
166,1570928400,215,157,0,372,41,-0.21359103395608017,-0.6440440353356911
166,1570942800,29,26,0,55,41,-0.21359103395608017,-1.4486609337554521
166,1570957200,54,57,3,111,41,0.49463186810881726,-1.3065204091134754
166,1570971600,258,203,0,461,41,-0.21359103395608017,-0.418142130101121
166,1570986000,486,269,0,755,41,-0.21359103395608017,0.32809562426925676
166,1571000400,425,236,0,661,41,-0.21359103395608017,0.08950260076308156
166,1571014800,170,123,0,293,41,-0.21359103395608017,-0.8445637040270512
166,1571029200,19,19,0,38,41,-0.21359103395608017,-1.4918107358789094
166,1571043600,374,152,0,526,41,-0.21359103395608017,-0.25315759257025516
166,1571058000,474,326,0,800,41,-0.21359103395608017,0.44231568871370236
166,1571072400,492,366,0,858,41,-0.21359103395608017,0.5895326606643211
166,1571086800,602,488,0,1090,41,-0.21359103395608017,1.178400548466796
166,1571101200,174,125,0,299,42,-0.1561737618886061,-0.8753376740634577
166,1571115600,17,17,0,34,42,-0.1561737618886061,-1.4999375145767468
166,1571130000,538,233,0,771,42,-0.1561737618886061,0.23715713620926857
166,1571144400,547,309,0,856,42,-0.1561737618886061,0.43750048127956886
166,1571158800,646,373,0,1019,42,-0.1561737618886061,0.8216883077084977
166,1571173200,744,612,0,1356,42,-0.1561737618886061,1.6159907463989822
166,1571187600,230,187,0,417,42,-0.1561737618886061,-0.5972139714952761
166,1571202000,14,11,0,25,42,-0.1561737618886061,-1.5211503393488963
166,1571216400,524,258,0,782,42,-0.1561737618886061,0.2630839220418957
166,1571230800,629,341,0,970,42,-0.1561737618886061,0.7061962617267951
166,1571245200,683,422,0,1105,42,-0.1561737618886061,1.0243886333090368
166,1571259600,689,684,0,1373,42,-0.1561737618886061,1.6560594154130424
166,1571274000,197,219,22,416,42,6.403124237432849,-0.599570952025515
166,1571288400,16,13,0,29,42,-0.1561737618886061,-1.5117224172279409
166,1571302800,550,263,0,813,42,-0.1561737618886061,0.33615031847929927
166,1571317200,623,311,0,934,42,-0.1561737618886061,0.6213449626381974
166,1571331600,681,441,0,1122,42,-0.1561737618886061,1.0644573023230968
166,1571346000,813,625,0,1438,42,-0.1561737618886061,1.809263149878566
166,1571360400,256,214,0,470,42,-0.1561737618886061,-0.47229400339261834
166,1571374800,20,14,0,34,42,-0.1561737618886061,-1.4999375145767468
166,1571389200,461,232,0,693,42,-0.1561737618886061,0.053312654850640066
166,1571403600,568,292,0,860,42,-0.1561737618886061,0.44692840340052414
166,1571418000,686,429,0,1115,42,-0.1561737618886061,1.047958438611425
166,1571432400,739,573,0,1312,42,-0.1561737618886061,1.5122836030684739
166,1571446800,315,190,0,505,42,-0.1561737618886061,-0.38979968483425936
166,1571461200,37,23,0,60,42,-0.1561737618886061,-1.4386560207905374
166,1571475600,95,90,0,185,42,-0.1561737618886061,-1.144033454510684
166,1571490000,339,255,0,594,42,-0.1561737618886061,-0.18002841764300379
166,1571504400,485,321,0,806,42,-0.1561737618886061,0.3196514547676275
166,1571518800,487,268,0,755,42,-0.1561737618886061,0.19944544772544734
166,1571533200,264,144,0,408,42,-0.1561737618886061,-0.6184267962674256
166,1571547600,43,29,0,72,42,-0.1561737618886061,-1.4103722544276713
166,1571562000,75,60,0,135,42,-0.1561737618886061,-1.2618824810226252
166,1571576400,302,250,0,552,42,-0.1561737618886061,-0.27902159991303455
166,1571590800,603,377,0,980,42,-0.1561737618886061,0.7297660670291833
166,1571605200,467,223,0,690,42,-0.1561737618886061,0.046241713259923586
166,1571619600,163,82,0,245,42,-0.1561737618886061,-1.0026146226963544
166,1571634000,11,6,0,17,42,-0.1561737618886061,-1.540006183590807
166,1571648400,510,256,0,766,42,-0.1561737618886061,0.22537223355807443
166,1571662800,557,264,0,821,42,-0.1561737618886061,0.3550061627212099
166,1571677200,593,404,0,997,42,-0.1561737618886061,0.7698347360432435
166,1571691600,748,577,0,1325,42,-0.1561737618886061,1.5429243499615786
166,1571706000,213,142,0,355,43,-0.24358616461857263,-0.7584001344779645
166,1571720400,16,11,0,27,43,-0.24358616461857263,-1.5413527912951437
166,1571734800,528,242,0,770,43,-0.24358616461857263,0.23222594045840564
166,1571749200,551,330,0,881,43,-0.24358616461857263,0.49718857736909744
166,1571763600,635,408,0,1043,43,-0.24358616461857263,0.8838908042117286
166,1571778000,722,617,0,1339,43,-0.24358616461857263,1.5904578359735733
166,1571792400,202,205,3,407,43,0.13532564701031813,-0.6342734937630459
166,1571806800,15,9,0,24,43,-0.24358616461857263,-1.5485139436440813
166,1571821200,561,272,0,833,43,-0.24358616461857263,0.3826101397860956
166,1571835600,608,281,0,889,43,-0.24358616461857263,0.5162849836329311
166,1571850000,647,386,0,1033,43,-0.24358616461857263,0.8600202963819366
166,1571864400,776,689,0,1465,43,-0.24358616461857263,1.8912262346289532
166,1571878800,238,177,0,415,43,-0.24358616461857263,-0.6151770874992122
166,1571893200,12,13,1,25,43,-0.11728222740894238,-1.5461268928611023
166,1571907600,563,263,0,826,43,-0.24358616461857263,0.36590078430524114
166,1571922000,653,330,0,983,43,-0.24358616461857263,0.7406677572329763
166,1571936400,642,383,0,1025,43,-0.24358616461857263,0.840923890118103
166,1571950800,707,595,0,1302,43,-0.24358616461857263,1.5021369570033427
166,1571965200,248,206,0,454,43,-0.24358616461857263,-0.5220821069630232
166,1571979600,23,12,0,35,43,-0.24358616461857263,-1.5222563850313102
166,1571994000,490,258,0,748,43,-0.24358616461857263,0.17971082323286314
166,1572008400,596,315,0,911,43,-0.24358616461857263,0.5688001008584735
166,1572022800,695,409,0,1104,43,-0.24358616461857263,1.0295009019734602
166,1572037200,712,529,0,1241,43,-0.24358616461857263,1.3565268592416113
166,1572051600,273,217,0,490,43,-0.24358616461857263,-0.4361482787757718
166,1572066000,26,29,3,55,43,0.13532564701031813,-1.4745153693717261
166,1572080400,100,87,0,187,43,-0.24358616461857263,-1.159424666018471
166,1572094800,419,328,0,747,43,-0.24358616461857263,0.17732377244988393
166,1572109200,505,369,0,874,43,-0.24358616461857263,0.480479221888243
166,1572123600,560,282,0,842,43,-0.24358616461857263,0.4040935968329084
166,1572138000,256,171,0,427,43,-0.24358616461857263,-0.5865324781034618
166,1572152400,33,22,0,55,43,-0.24358616461857263,-1.4745153693717261
166,1572166800,48,89,41,137,43,4.934875260976268,-1.278777205167431
166,1572181200,323,356,33,679,43,3.924443763299226,0.015004319207297978
166,1572195600,443,291,0,734,43,-0.24358616461857263,0.14629211227115427
166,1572210000,392,191,0,583,43,-0.24358616461857263,-0.21415255595870572
166,1572224400,150,95,0,245,43,-0.24358616461857263,-1.020975720605677
166,1572238800,14,13,0,27,43,-0.24358616461857263,-1.5413527912951437
166,1572253200,531,253,0,784,43,-0.24358616461857263,0.2656446514201145
166,1572267600,555,294,0,849,43,-0.24358616461857263,0.42080295231376286
166,1572282000,632,375,0,1007,43,-0.24358616461857263,0.7979569760244772
166,1572296400,739,658,0,1397,43,-0.24358616461857263,1.7289067813863672
166,1572310800,211,163,0,374,44,-0.24940739061143652,-0.754791682925661
166,1572325200,16,13,0,29,44,-0.24940739061143652,-1.5257038902699076
166,1572339600,560,300,0,860,44,-0.24940739061143652,0.33118899176797334
166,1572354000,637,324,0,961,44,-0.24940739061143652,0.556876333628173
166,1572368400,671,397,0,1068,44,-0.24940739061143652,0.795970844311751
166,1572382800,762,649,0,1411,44,-0.24940739061143652,1.5624139953815381
166,1572397200,224,187,0,411,44,-0.24940739061143652,-0.6721141418481621
166,1572411600,13,19,6,32,44,1.5991415045086226,-1.5190003058582184
166,1572426000,564,209,0,773,44,-0.24940739061143652,0.1367850438289894
166,1572440400,581,344,0,925,44,-0.24940739061143652,0.47643332068790384
166,1572454800,657,404,0,1061,44,-0.24940739061143652,0.7803291473511431
166,1572469200,743,599,0,1342,44,-0.24940739061143652,1.4082315539126888
166,1572483600,259,158,0,417,44,-0.24940739061143652,-0.6587069730247839
166,1572498000,13,16,3,29,44,0.6748670569485931,-1.5257038902699076
166,1572512400,503,286,0,789,44,-0.24940739061143652,0.1725374940246646
166,1572526800,607,316,0,923,44,-0.24940739061143652,0.4719642644134444
166,1572541200,662,419,0,1081,44,-0.24940739061143652,0.825019710095737
166,1572555600,671,551,0,1222,44,-0.24940739061143652,1.1400881774451248
166,1572570000,233,189,0,422,44,-0.24940739061143652,-0.6475343323386353
166,1572584400,25,14,0,39,44,-0.24940739061143652,-1.5033586088976105
166,1572598800,451,269,0,720,44,-0.24940739061143652,0.018355052555815286
166,1572613200,625,334,0,959,44,-0.24940739061143652,0.5524072773537136
166,1572627600,661,439,0,1100,44,-0.24940739061143652,0.8674757447031014
166,1572642000,742,608,0,1350,44,-0.24940739061143652,1.4261077790105265
166,1572656400,257,181,0,438,44,-0.24940739061143652,-0.6117818821429601
166,1572670800,28,33,5,61,44,1.2910500219886127,-1.4541989898785572
166,1572685200,119,110,0,229,44,-0.24940739061143652,-1.0787982628239676
166,1572699600,505,325,0,830,44,-0.24940739061143652,0.26415314765108233
166,1572714000,575,361,0,936,44,-0.24940739061143652,0.5010131301974305
166,1572728400,618,330,0,948,44,-0.24940739061143652,0.527827467844187
166,1572742800,246,157,0,403,44,-0.24940739061143652,-0.6899903669459997
166,1572753600,23,43,20,66,44,5.91242225978876,-1.4430263491924087
166,1572768000,92,56,0,148,44,-0.24940739061143652,-1.2597950419395731
166,1572782400,330,303,0,633,44,-0.24940739061143652,-0.17604889538316865
166,1572796800,758,339,0,1097,44,-0.24940739061143652,0.8607721602914122
166,1572811200,1067,342,0,1409,44,-0.24940739061143652,1.5579449391070788
166,1572825600,204,142,0,346,44,-0.24940739061143652,-0.8173584707680926
166,1572840000,31,18,0,49,44,-0.24940739061143652,-1.4810133275253137
166,1572854400,237,155,0,392,44,-0.24940739061143652,-0.7145701764555263
166,1572868800,790,372,0,1162,44,-0.24940739061143652,1.0060164892113428
166,1572883200,601,372,0,973,44,-0.24940739061143652,0.5836906712749295
166,1572897600,794,683,0,1477,44,-0.24940739061143652,1.7098928524386983
166,1572912000,301,269,0,570,45,-0.2215485717252717,-0.22860929201524022
166,1572926400,34,19,0,53,45,-0.2215485717252717,-1.390327561806705
166,1572940800,229,151,0,380,45,-0.2215485717252717,-0.6555463737567844
166,1572955200,801,370,0,1171,45,-0.2215485717252717,1.1218601086514335
166,1572969600,556,336,0,892,45,-0.2215485717252717,0.49493670967306086
166,1572984000,806,634,0,1440,45,-0.2215485717252717,1.726313134906567
166,1572998400,268,237,0,505,45,-0.2215485717252717,-0.3746667147162948
166,1573012800,28,23,0,51,45,-0.2215485717252717,-1.3948216363513528
166,1573027200,240,174,0,414,45,-0.2215485717252717,-0.5791471064977711
166,1573041600,869,359,0,1228,45,-0.2215485717252717,1.2499412331738968
166,1573056000,539,346,0,885,45,-0.2215485717252717,0.47920744876679344
166,1573070400,836,595,0,1431,45,-0.2215485717252717,1.7060897994556519
166,1573084800,369,266,0,635,45,-0.2215485717252717,-0.08255186931418566
166,1573099200,33,19,0,52,45,-0.2215485717252717,-1.3925745990790288
166,1573113600,235,140,0,375,45,-0.2215485717252717,-0.666781560118404
166,1573128000,787,365,0,1152,45,-0.2215485717252717,1.0791664004772792
166,1573142400,531,360,0,891,45,-0.2215485717252717,0.4926896724007369
166,1573156800,876,618,0,1494,45,-0.2215485717252717,1.8476531476120586
166,1573171200,358,251,0,609,45,-0.2215485717252717,-0.14097483839460748
166,1573185600,48,25,0,73,45,-0.2215485717252717,-1.3453868163602267
166,1573200000,166,143,0,309,45,-0.2215485717252717,-0.8150860200917824
166,1573214400,706,389,0,1095,45,-0.2215485717252717,0.9510852759548158
166,1573228800,620,389,0,1009,45,-0.2215485717252717,0.757840070534959
166,1573243200,896,592,0,1488,45,-0.2215485717252717,1.834170923978115
166,1573257600,326,250,0,576,45,-0.2215485717252717,-0.21512706838129672
166,1573272000,53,48,0,101,45,-0.2215485717252717,-1.282469772735157
166,1573286400,44,61,17,105,45,5.051307435336194,-1.2734816236458613
166,1573300800,345,264,0,609,45,-0.2215485717252717,-0.14097483839460748
166,1573315200,530,348,0,878,45,-0.2215485717252717,0.463478187860526
166,1573329600,676,309,0,985,45,-0.2215485717252717,0.7039111759991851
166,1573344000,356,240,0,596,45,-0.2215485717252717,-0.1701863229348184
166,1573358400,70,40,0,110,45,-0.2215485717252717,-1.2622464372842417
166,1573372800,31,44,13,75,45,3.8106354336746735,-1.340892741815579
166,1573387200,305,296,0,601,45,-0.2215485717252717,-0.15895113657319881
166,1573401600,538,296,0,834,45,-0.2215485717252717,0.3646085478782737
166,1573416000,482,242,0,724,45,-0.2215485717252717,0.11743444792264289
166,1573430400,212,126,0,338,45,-0.2215485717252717,-0.7499219391943889
166,1573444800,32,17,0,49,45,-0.2215485717252717,-1.3993157108960006
166,1573459200,154,132,0,286,45,-0.2215485717252717,-0.8667678773552325
166,1573473600,690,350,0,1040,45,-0.2215485717252717,0.8274982259770005
166,1573488000,495,364,0,859,45,-0.2215485717252717,0.4207844796863716
166,1573502400,687,558,0,1245,45,-0.2215485717252717,1.2881408668034033
166,1573516800,258,200,0,458,46,-0.23824285225869954,-0.463985694756321
166,1573531200,39,23,0,62,46,-0.23824285225869954,-1.3341943184806255
166,1573545600,235,154,0,389,46,-0.23824285225869954,-0.6156129549507073
166,1573560000,831,343,0,1174,46,-0.23824285225869954,1.1094218168260073
166,1573574400,566,329,0,895,46,-0.23824285225869954,0.49632028647479276
166,1573588800,792,549,0,1341,46,-0.23824285225869954,1.4764037364269134
166,1573603200,331,253,0,584,46,-0.23824285225869954,-0.1871011326622241
166,1573617600,33,19,0,52,46,-0.23824285225869954,-1.3561692837261887
166,1573632000,226,139,0,365,46,-0.23824285225869954,-0.6683528715400592
166,1573646400,871,356,0,1227,46,-0.23824285225869954,1.2258891326274926
166,1573660800,581,316,0,897,46,-0.23824285225869954,0.5007152795239054
166,1573675200,813,651,0,1464,46,-0.23824285225869954,1.7466958089473412
166,1573689600,327,310,0,637,46,-0.23824285225869954,-0.07063381686073893
166,1573704000,36,18,0,54,46,-0.23824285225869954,-1.351774290677076
166,1573718400,226,148,0,374,46,-0.23824285225869954,-0.6485754028190522
166,1573732800,844,364,0,1208,46,-0.23824285225869954,1.1841366986609223
166,1573747200,568,293,0,861,46,-0.23824285225869954,0.4216054046398777
166,1573761600,883,667,0,1550,46,-0.23824285225869954,1.9356805100591852
166,1573776000,335,288,0,623,46,-0.23824285225869954,-0.10139876820452746
166,1573790400,38,28,0,66,46,-0.23824285225869954,-1.3254043323824
166,1573804800,205,162,0,367,46,-0.23824285225869954,-0.6639578784909465
166,1573819200,781,364,0,1145,46,-0.23824285225869954,1.0456944176138738
166,1573833600,551,334,0,885,46,-0.23824285225869954,0.4743453212292295
166,1573848000,879,564,0,1443,46,-0.23824285225869954,1.7005483819316585
166,1573862400,396,156,0,552,46,-0.23824285225869954,-0.2574210214480265
166,1573876800,55,18,0,73,46,-0.23824285225869954,-1.310021856710506
166,1573891200,46,66,20,112,46,4.1122787976827695,-1.2243194922528091
166,1573905600,383,288,0,671,46,-0.23824285225869954,0.004081064974176102
166,1573920000,511,363,0,874,46,-0.23824285225869954,0.45017285945910995
166,1573934400,690,271,0,961,46,-0.23824285225869954,0.6413550570955102
166,1573948800,286,118,0,404,46,-0.23824285225869954,-0.5826505070823625
166,1573963200,39,42,3,81,46,0.41433539523252083,-1.2924418845140553
166,1573977600,25,48,23,73,46,4.76485704517399,-1.310021856710506
166,1573992000,260,258,0,518,46,-0.23824285225869954,-0.3321359032829415
166,1574006400,536,327,0,863,46,-0.23824285225869954,0.4260003976889904
166,1574020800,457,263,0,720,46,-0.23824285225869954,0.111758394677436
166,1574035200,163,102,0,265,46,-0.23824285225869954,-0.8881025239956916
166,1574049600,22,15,0,37,46,-0.23824285225869954,-1.3891317315945335
166,1574064000,217,148,0,365,46,-0.23824285225869954,-0.6683528715400592
166,1574078400,777,344,0,1121,46,-0.23824285225869954,0.9929545010245221
166,1574092800,569,335,0,904,46,-0.23824285225869954,0.5160977551957997
166,1574107200,773,616,0,1389,46,-0.23824285225869954,1.581883569605617
166,1574121600,292,232,0,524,47,-0.22320169516538768,-0.325732991888325
166,1574136000,35,16,0,51,47,-0.22320169516538768,-1.3860331093475193
166,1574150400,212,141,0,353,47,-0.22320169516538768,-0.7090550216674417
166,1574164800,794,344,0,1138,47,-0.22320169516538768,1.050639676441369
166,1574179200,521,322,0,843,47,-0.22320169516538768,0.38935313383996883
166,1574193600,813,582,0,1395,47,-0.22320169516538768,1.626743545758521
166,1574208000,309,240,0,549,47,-0.22320169516538768,-0.26969175946447754
166,1574222400,37,23,0,60,47,-0.22320169516538768,-1.3658582656749343
166,1574236800,209,162,0,371,47,-0.22320169516538768,-0.6687053343222715
166,1574251200,803,331,0,1134,47,-0.22320169516538768,1.0416730792535536
166,1574265600,560,311,0,871,47,-0.22320169516538768,0.452119314154678
166,1574280000,839,648,0,1487,47,-0.22320169516538768,1.8329752810782798
166,1574294400,302,253,0,555,47,-0.22320169516538768,-0.25624186368275415
166,1574308800,38,23,0,61,47,-0.22320169516538768,-1.3636166163779804
166,1574323200,225,157,0,382,47,-0.22320169516538768,-0.6440471920557787
166,1574337600,818,351,0,1169,47,-0.22320169516538768,1.12013080464694
166,1574352000,563,303,0,866,47,-0.22320169516538768,0.4409110676699085
166,1574366400,840,603,0,1443,47,-0.22320169516538768,1.7343427120123083
166,1574380800,364,329,0,693,47,-0.22320169516538768,0.05310573929688394
166,1574395200,42,30,0,72,47,-0.22320169516538768,-1.3389584741114875
166,1574409600,185,139,0,324,47,-0.22320169516538768,-0.7740628512791048
166,1574424000,755,415,0,1170,47,-0.22320169516538768,1.1223724539438937
166,1574438400,630,383,0,1013,47,-0.22320169516538768,0.7704335143221317
166,1574452800,811,583,0,1394,47,-0.22320169516538768,1.6245018964615672
166,1574467200,318,260,0,578,47,-0.22320169516538768,-0.20468392985281447
166,1574481600,56,47,0,103,47,-0.22320169516538768,-1.2694673459059165
166,1574496000,40,56,16,96,47,4.188314162221098,-1.285158890984594
166,1574510400,331,229,0,560,47,-0.22320169516538768,-0.24503361719798464
166,1574524800,576,339,0,915,47,-0.22320169516538768,0.5507518832206495
166,1574539200,645,365,0,1010,47,-0.22320169516538768,0.7637085664312699
166,1574553600,355,225,0,580,47,-0.22320169516538768,-0.20020063125890666
166,1574568000,63,53,0,116,47,-0.22320169516538768,-1.2403259050455158
166,1574582400,24,42,18,66,47,4.739753644394408,-1.3524083698932108
166,1574596800,234,222,0,456,47,-0.22320169516538768,-0.47816514408119015
166,1574611200,529,315,0,844,47,-0.22320169516538768,0.3915947831369227
166,1574625600,522,255,0,777,47,-0.22320169516538768,0.24140428024101146
166,1574640000,192,134,0,326,47,-0.22320169516538768,-0.7695795526851971
166,1574654400,22,14,0,36,47,-0.22320169516538768,-1.4196578488018279
166,1574668800,209,137,0,346,47,-0.22320169516538768,-0.724746566746119
166,1574683200,791,334,0,1125,47,-0.22320169516538768,1.0214982355809683
166,1574697600,568,351,0,919,47,-0.22320169516538768,0.5597184804084652
166,1574712000,751,589,0,1340,47,-0.22320169516538768,1.5034528344260567
166,1574726400,297,214,0,511,48,-0.26818588581045366,-0.13135339980272573
166,1574740800,28,14,0,42,48,-0.26818588581045366,-1.2153078486146611
166,1574755200,188,151,0,339,48,-0.26818588581045366,-0.5288804044842884
166,1574769600,792,371,0,1163,48,-0.26818588581045366,1.3755512923622675
166,1574784000,575,325,0,900,48,-0.26818588581045366,0.7677047677619712
166,1574798400,797,549,0,1346,48,-0.26818588581045366,1.7985015357153253
166,1574812800,291,218,0,509,48,-0.26818588581045366,-0.1359758068339067
166,1574827200,37,18,0,55,48,-0.26818588581045366,-1.1852622029119848
166,1574841600,156,126,0,282,48,-0.26818588581045366,-0.6606190048729458
166,1574856000,679,358,0,1037,48,-0.26818588581045366,1.084339649397867
166,1574870400,811,503,0,1314,48,-0.26818588581045366,1.72454302321643
166,1574884800,1107,629,0,1736,48,-0.26818588581045366,2.6998709067956126
166,1574899200,504,266,0,770,48,-0.26818588581045366,0.4672483107352087
166,1574913600,56,21,0,77,48,-0.26818588581045366,-1.1344157255689942
166,1574928000,60,104,44,164,48,5.775808223673917,-0.9333410197126224
166,1574942400,339,208,0,547,48,-0.26818588581045366,-0.04815007324146843
166,1574956800,340,169,0,509,48,-0.26818588581045366,-0.1359758068339067
166,1574971200,254,166,0,420,48,-0.26818588581045366,-0.34167291972145947
166,1574985600,163,112,0,275,48,-0.26818588581045366,-0.6767974294820791
166,1575000000,17,19,2,36,48,0.0065411191661086335,-1.229175069708204
166,1575014400,55,68,13,123,48,1.5175396465372013,-1.0281003638518322
166,1575028800,337,286,0,623,48,-0.26818588581045366,0.1275013939434081
166,1575043200,544,314,0,858,48,-0.26818588581045366,0.670634220107171
166,1575057600,632,322,0,954,48,-0.26818588581045366,0.8925097576038571
166,1575072000,211,186,0,397,48,-0.26818588581045366,-0.3948306005800405
166,1575086400,35,33,0,68,48,-0.26818588581045366,-1.1552165572093085
166,1575100800,37,46,9,83,48,0.9680856365840766,-1.1205485044754513
166,1575115200,295,221,0,516,48,-0.26818588581045366,-0.11979738222477332
166,1575129600,524,312,0,836,48,-0.26818588581045366,0.6197877427641805
166,1575144000,581,323,0,904,48,-0.26818588581045366,0.776949581824333
166,1575158400,244,200,0,444,48,-0.26818588581045366,-0.2862040353472879
166,1575172800,49,36,0,85,48,-0.26818588581045366,-1.1159260974442704
166,1575187200,31,45,14,76,48,1.6549031490254824,-1.1367269290845847
166,1575201600,244,194,0,438,48,-0.26818588581045366,-0.3000712564408308
166,1575216000,409,294,0,703,48,-0.26818588581045366,0.31239767519064654
166,1575230400,428,277,0,705,48,-0.26818588581045366,0.3170200822218275
166,1575244800,165,92,0,257,48,-0.26818588581045366,-0.7183990927627077
166,1575259200,22,16,0,38,48,-0.26818588581045366,-1.224552662677023
166,1575273600,227,131,0,358,48,-0.26818588581045366,-0.4849675376880692
166,1575288000,754,340,0,1094,48,-0.26818588581045366,1.2160782497865243
166,1575302400,526,353,0,879,48,-0.26818588581045366,0.7191694939345711
166,1575316800,727,651,0,1378,48,-0.26818588581045366,1.8724600482142209
166,1575331200,252,214,0,466,49,-0.27510758810453695,-0.5080410321206051
166,1575345600,24,13,0,37,49,-0.27510758810453695,-1.3855221782813665
166,1575360000,228,137,0,365,49,-0.27510758810453695,-0.7146275024288496
166,1575374400,807,323,0,1130,49,-0.27510758810453695,0.8501116043613193
166,1575388800,548,340,0,888,49,-0.27510758810453695,0.3551222398603769
166,1575403200,812,625,0,1437,49,-0.27510758810453695,1.4780526576744981
166,1575417600,291,266,0,557,49,-0.27510758810453695,-0.32190866778347393
166,1575432000,35,19,0,54,49,-0.27510758810453695,-1.350750198130474
166,1575446400,228,144,0,372,49,-0.27510758810453695,-0.7003096282490704
166,1575460800,880,342,0,1222,49,-0.27510758810453695,1.0382893792955619
166,1575475200,593,334,0,927,49,-0.27510758810453695,0.4348932531477189
166,1575489600,842,623,0,1465,49,-0.27510758810453695,1.5353241543936154
166,1575504000,320,308,0,628,49,-0.27510758810453695,-0.17668451538856939
166,1575518400,26,21,0,47,49,-0.27510758810453695,-1.3650680723102533
166,1575532800,226,143,0,369,49,-0.27510758810453695,-0.7064458600404043
166,1575547200,877,381,0,1258,49,-0.27510758810453695,1.1119241607915697
166,1575561600,642,357,0,999,49,-0.27510758810453695,0.5821628161397348
166,1575576000,918,616,0,1534,49,-0.27510758810453695,1.6764574855942973
166,1575590400,300,286,0,586,49,-0.27510758810453695,-0.2625917604672453
166,1575604800,35,42,7,77,49,1.3425250299501403,-1.3037057543969133
166,1575619200,202,126,0,328,49,-0.27510758810453695,-0.7903076945219689
166,1575633600,889,416,0,1305,49,-0.27510758810453695,1.2080584588558023
166,1575648000,661,367,0,1028,49,-0.27510758810453695,0.6414797234559634
166,1575662400,914,589,0,1503,49,-0.27510758810453695,1.613049757083846
166,1575676800,335,304,0,639,49,-0.27510758810453695,-0.15418499882034475
166,1575691200,44,49,5,93,49,0.8803442819345182,-1.270979184843132
166,1575705600,43,57,14,100,49,2.960157648004818,-1.2566613106633526
166,1575720000,401,256,0,657,49,-0.27510758810453695,-0.11736760807234077
166,1575734400,599,357,0,956,49,-0.27510758810453695,0.4942101604639475
166,1575748800,769,435,0,1204,49,-0.27510758810453695,1.0014719885475578
166,1575763200,353,243,0,596,49,-0.27510758810453695,-0.242137654496132
166,1575777600,67,59,0,126,49,-0.27510758810453695,-1.203480635138458
166,1575792000,33,57,24,90,49,5.271061388082928,-1.277115416634466
166,1575806400,346,280,0,626,49,-0.27510758810453695,-0.18077533658279205
166,1575820800,546,323,0,869,49,-0.27510758810453695,0.3162594385152616
166,1575835200,485,295,0,780,49,-0.27510758810453695,0.13421789537235307
166,1575849600,228,161,0,389,49,-0.27510758810453695,-0.6655376480981777
166,1575864000,31,15,0,46,49,-0.27510758810453695,-1.3671134829073646
166,1575878400,216,123,0,339,49,-0.27510758810453695,-0.7678081779537443
166,1575892800,854,372,0,1226,49,-0.27510758810453695,1.0464710216840072
166,1575907200,571,346,0,917,49,-0.27510758810453695,0.4144391471766055
166,1575921600,1080,689,0,1769,49,-0.27510758810453695,2.1571289759154606
166,1575936000,256,231,0,487,50,-0.2202614552325137,-0.5050698584987681
166,1575950400,36,18,0,54,50,-0.2202614552325137,-1.4584848934436088
166,1575964800,210,152,0,362,50,-0.2202614552325137,-0.7803051457230293
166,1575979200,860,329,0,1189,50,-0.2202614552325137,1.0406515145526827
166,1575993600,600,382,0,982,50,-0.2202614552325137,0.5848618789093062
166,1576008000,815,570,0,1385,50,-0.2202614552325137,1.4722204449203242
166,1576022400,318,272,0,590,50,-0.2202614552325137,-0.2782759818259769
166,1576036800,33,21,0,54,50,-0.2202614552325137,-1.4584848934436088
166,1576051200,214,172,0,386,50,-0.2202614552325137,-0.7274599705759711
166,1576065600,849,338,0,1187,50,-0.2202614552325137,1.0362477499570946
166,1576080000,556,294,0,850,50,-0.2202614552325137,0.29421341560048636
166,1576094400,843,510,0,1353,50,-0.2202614552325137,1.4017602113909133
166,1576108800,327,277,0,604,50,-0.2202614552325137,-0.24744962965685963
166,1576123200,150,45,0,195,50,-0.2202614552325137,-1.1480194894546423
166,1576137600,224,160,0,384,50,-0.2202614552325137,-0.7318637351715593
166,1576152000,1095,341,0,1436,50,-0.2202614552325137,1.5845164421078228
166,1576166400,630,365,0,995,50,-0.2202614552325137,0.6134863487806294
166,1576180800,869,561,0,1430,50,-0.2202614552325137,1.5713051483210583
166,1576195200,373,94,0,467,50,-0.2202614552325137,-0.5491075044546498
166,1576209600,226,208,0,434,50,-0.2202614552325137,-0.6217696202818549
166,1576224000,177,134,0,311,50,-0.2202614552325137,-0.8926011429105278
166,1576238400,846,371,0,1217,50,-0.2202614552325137,1.1023042188909171
166,1576252800,646,405,0,1051,50,-0.2202614552325137,0.7367917574570984
166,1576267200,939,627,0,1566,50,-0.2202614552325137,1.8707611408210545
166,1576281600,424,317,0,741,50,-0.2202614552325137,0.054208245140930617
166,1576296000,63,54,0,117,50,-0.2202614552325137,-1.3197663086825813
166,1576310400,36,60,24,96,50,5.194947005118068,-1.366005836936257
166,1576324800,366,264,0,630,50,-0.2202614552325137,-0.19020068991421332
166,1576339200,649,290,0,939,50,-0.2202614552325137,0.49018094010416036
166,1576353600,738,322,0,1060,50,-0.2202614552325137,0.7566086981372452
166,1576368000,340,250,0,590,50,-0.2202614552325137,-0.2782759818259769
166,1576382400,83,75,0,158,50,-0.2202614552325137,-1.2294891344730234
166,1576396800,32,49,17,81,50,3.6155112041824813,-1.3990340714031684
166,1576411200,329,232,0,561,50,-0.2202614552325137,-0.34213056846200546
166,1576425600,620,316,0,936,50,-0.2202614552325137,0.4835752932107781
166,1576440000,561,338,0,899,50,-0.2202614552325137,0.40210564819239675
166,1576454400,210,169,0,379,50,-0.2202614552325137,-0.7428731466605297
166,1576468800,19,15,0,34,50,-0.2202614552325137,-1.5025225393994905
166,1576483200,227,132,0,359,50,-0.2202614552325137,-0.7869107926164115
166,1576497600,794,349,0,1143,50,-0.2202614552325137,0.9393649288541546
166,1576512000,597,382,0,979,50,-0.2202614552325137,0.5782562320159239
166,1576526400,942,475,0,1417,50,-0.2202614552325137,1.542680678449735
166,1576540800,323,241,0,564,51,-0.27073959521658203,-0.2585273630026814
166,1576555200,31,17,0,48,51,-0.27073959521658203,-1.3768517164945195
166,1576569600,214,119,0,333,51,-0.27073959521658203,-0.7591725677635625
166,1576584000,876,405,0,1281,51,-0.27073959521658203,1.2954233374888844
166,1576598400,622,358,0,980,51,-0.27073959521658203,0.6430674646186455
166,1576612800,879,636,0,1515,51,-0.27073959521658203,1.8025704280258807
166,1576627200,304,255,0,559,51,-0.27073959521658203,-0.26936383929620694
166,1576641600,36,15,0,51,51,-0.27073959521658203,-1.370349830718404
166,1576656000,204,154,0,358,51,-0.27073959521658203,-0.7049901862959346
166,1576670400,829,376,0,1205,51,-0.27073959521658203,1.130708897827296
166,1576684800,627,410,0,1037,51,-0.27073959521658203,0.7666032943648369
166,1576699200,886,670,0,1556,51,-0.27073959521658203,1.8914295336327902
166,1576713600,366,276,0,642,51,-0.27073959521658203,-0.08947833282368262
166,1576728000,38,22,0,60,51,-0.27073959521658203,-1.3508441733900582
166,1576742400,187,137,0,324,51,-0.27073959521658203,-0.7786782250919084
166,1576756800,783,404,0,1187,51,-0.27073959521658203,1.0916975831706037
166,1576771200,673,375,0,1048,51,-0.27073959521658203,0.7904435422105931
166,1576785600,902,562,0,1464,51,-0.27073959521658203,1.69203836983192
166,1576800000,430,234,0,664,51,-0.27073959521658203,-0.04179783713217013
166,1576814400,72,29,0,101,51,-0.27073959521658203,-1.2619850677831486
166,1576828800,171,147,0,318,51,-0.27073959521658203,-0.7916819966441391
166,1576843200,771,378,0,1149,51,-0.27073959521658203,1.0093403633398095
166,1576857600,706,378,0,1084,51,-0.27073959521658203,0.8684661715239772
166,1576872000,852,527,0,1379,51,-0.27073959521658203,1.5078182728419853
166,1576886400,372,246,0,618,51,-0.27073959521658203,-0.14149341903260532
166,1576900800,50,49,0,99,51,-0.27073959521658203,-1.2663196583005587
166,1576915200,43,58,15,101,51,2.3943532951966473,-1.2619850677831486
166,1576929600,327,245,0,572,51,-0.27073959521658203,-0.2411890009330405
166,1576944000,597,309,0,906,51,-0.27073959521658203,0.4826876154744671
166,1576958400,612,330,0,942,51,-0.27073959521658203,0.5607102447878511
166,1576972800,346,241,0,587,51,-0.27073959521658203,-0.20867957205246382
166,1576987200,43,44,1,87,51,-0.09306673585570005,-1.2923272014050202
166,1577001600,23,52,29,75,51,4.881773326248994,-1.3183347445094815
166,1577016000,263,220,0,483,51,-0.27073959521658203,-0.4340782789577955
166,1577030400,557,307,0,864,51,-0.27073959521658203,0.3916612146088524
166,1577044800,476,319,0,795,51,-0.27073959521658203,0.24211784175819961
166,1577059200,220,135,0,355,51,-0.27073959521658203,-0.7114920720720499
166,1577073600,29,18,0,47,51,-0.27073959521658203,-1.3790190117532246
166,1577088000,99,118,19,217,51,3.1050447326401747,-1.0105788177733555
166,1577102400,565,352,0,917,51,-0.27073959521658203,0.5065278633202234
166,1577116800,631,315,0,946,51,-0.27073959521658203,0.5693794258226716
166,1577131200,736,444,0,1180,51,-0.27073959521658203,1.076526516359668
166,1577145600,229,233,4,462,52,0.020676874372541662,-0.003994297945852449
166,1577160000,27,24,0,51,52,-0.47556811056845866,-1.1628106196484418
166,1577174400,79,101,22,180,52,2.253779306607043,-0.7990945478731765
166,1577188800,403,308,0,711,52,-0.47556811056845866,0.6980623057133805
166,1577203200,572,340,0,912,52,-0.47556811056845866,1.2647826966190263
166,1577217600,511,294,0,805,52,-0.47556811056845866,0.9630957223558217
166,1577232000,180,121,0,301,52,-0.47556811056845866,-0.4579345115568424
166,1577246400,27,20,0,47,52,-0.47556811056845866,-1.1740886373779074
166,1577260800,17,26,9,43,52,0.640983105548792,-1.185366655107373
166,1577275200,194,98,0,292,52,-0.47556811056845866,-0.48331005144814
166,1577289600,249,154,0,403,52,-0.47556811056845866,-0.17034505945546988
166,1577304000,211,142,0,353,52,-0.47556811056845866,-0.31132028107378973
166,1577318400,99,130,31,229,52,3.370330522724294,-0.660938830687223
166,1577332800,22,20,0,42,52,-0.47556811056845866,-1.1881861595397392
166,1577347200,61,78,17,139,52,1.6334730754307927,-0.9146942296001987
166,1577361600,356,330,0,686,52,-0.47556811056845866,0.6275746949042205
166,1577376000,523,327,0,850,52,-0.47556811056845866,1.0899734218123096
166,1577390400,636,418,0,1054,52,-0.47556811056845866,1.6651523260150545
166,1577404800,236,179,0,415,52,-0.47556811056845866,-0.1365110062670731
166,1577419200,33,23,0,56,52,-0.47556811056845866,-1.1487130974866098
166,1577433600,84,93,9,177,52,0.640983105548792,-0.8075530611702756
166,1577448000,471,338,0,809,52,-0.47556811056845866,0.9743737400852873
166,1577462400,622,335,0,957,52,-0.47556811056845866,1.391660396075514
166,1577476800,703,445,0,1148,52,-0.47556811056845866,1.9301857426574958
