remote_unit_id,time_stamp,entries,exits,num_people_exited,sum_exit_entry,week_num,z_score_num_people_exited,z_score_sum_exit_entry
173,1546300800,0,0,0,0,1,-0.5789668855468343,-1.678091676446825
173,1546315200,61,96,35,157,1,0.23766400737536406,-1.0525714452231203
173,1546329600,78,32,0,110,1,-0.5789668855468343,-1.23982909406079
173,1546344000,156,43,0,199,1,-0.5789668855468343,-0.8852348228575433
173,1546358400,241,106,0,347,1,-0.5789668855468343,-0.2955724392836051
173,1546372800,176,188,12,364,1,-0.298979150830652,-0.2278409492784906
173,1546387200,84,121,37,205,1,0.2843286298280611,-0.8613295910910322
173,1546401600,19,41,22,60,1,-0.06565603856716677,-1.439039358781715
173,1546416000,456,64,0,520,1,-0.5789668855468343,0.3936950766507955
173,1546430400,617,107,0,724,1,-0.5789668855468343,1.2064729567121697
173,1546444800,365,183,0,548,1,-0.5789668855468343,0.5052528248945135
173,1546459200,307,471,164,778,1,3.247532155574324,1.4216200426107688
173,1546473600,123,199,76,322,1,1.1942887676556535,-0.39517757164406764
173,1546488000,28,49,21,77,1,-0.08898834979351529,-1.3713078687766003
173,1546502400,453,64,0,517,1,-0.5789668855468343,0.38174246076754004
173,1546516800,702,119,0,821,1,-0.5789668855468343,1.5929408702707644
173,1546531200,363,188,0,551,1,-0.5789668855468343,0.5172054407777691
173,1546545600,337,455,118,792,1,2.1742458391622916,1.4773989167326278
173,1546560000,136,211,75,347,1,1.170956456429305,-0.2955724392836051
173,1546574400,32,39,7,71,1,-0.41564070696239463,-1.3952131005431114
173,1546588800,459,53,0,512,1,-0.5789668855468343,0.3618214342954475
173,1546601556,626,55,0,681,1,-0.5789668855468343,1.0351521290521741
173,1546603200,672,96,0,768,1,-0.5789668855468343,1.3817779896665838
173,1546617600,354,210,0,564,1,-0.5789668855468343,0.5690001096052095
173,1546632000,366,456,90,822,1,1.5209411248245328,1.5969250755651827
173,1546646400,180,251,71,431,1,1.077627211523911,0.03910080544754895
173,1546660800,33,73,40,106,1,0.35432556350710664,-1.255765915238464
173,1546675200,157,47,0,204,1,-0.5789668855468343,-0.8653137963854507
173,1546689600,356,103,0,459,1,-0.5789668855468343,0.15065855369126696
173,1546704000,372,197,0,569,1,-0.5789668855468343,0.588921136077302
173,1546718400,265,233,0,498,1,-0.5789668855468343,0.3060425601735885
173,1546732800,144,183,39,327,1,0.33099325228075815,-0.37525654517197515
173,1546747200,35,76,41,111,1,0.3776578747334552,-1.2358448887663713
173,1546761600,113,32,0,145,1,-0.5789668855468343,-1.1003819087561424
173,1546776000,248,86,0,334,1,-0.5789668855468343,-0.34736710811104565
173,1546790400,315,186,0,501,1,-0.5789668855468343,0.317995176056844
173,1546804800,209,212,3,421,1,-0.5089699518677887,-0.0007412474966360581
173,1546819200,110,138,28,248,1,0.07433782879092438,-0.6900087634310367
173,1546833600,19,32,13,51,1,-0.2756468396043035,-1.4748972064314814
173,1546848000,538,79,0,617,1,-0.5789668855468343,0.7801629902093901
173,1546862400,716,126,0,842,1,-0.5789668855468343,1.6766091814535529
173,1546876800,361,224,0,585,1,-0.5789668855468343,0.652668420787998
173,1546891200,315,490,175,805,1,3.504187579064158,1.5291935855600682
173,1546905600,130,223,93,353,2,1.2801027840263774,-0.549728810402196
173,1546920000,24,51,27,75,2,-0.09419811346437328,-1.5532675205735595
173,1546934400,542,56,0,598,2,-0.6564121169833167,0.33468480107976106
173,1546948800,761,127,0,888,2,-0.6564121169833167,1.3815417289563632
173,1546963200,409,238,0,647,2,-0.6564121169833167,0.5115675233761524
173,1546977600,487,475,0,962,2,-0.6564121169833167,1.6486707381386687
173,1546992000,168,206,38,374,2,0.1348520361174185,-0.4739219294180283
173,1547006400,31,62,31,93,2,-0.010907149980085358,-1.4882901940157014
173,1547020800,563,66,0,629,2,-0.6564121169833167,0.44659019681829437
173,1547035200,806,130,0,936,2,-0.6564121169833167,1.5548145997773182
173,1547049600,404,276,0,680,2,-0.6564121169833167,0.6306926220655589
173,1547064000,346,483,137,829,2,2.1963033823535447,1.1685604919056063
173,1547078400,133,241,108,374,2,1.5924438970924573,-0.4739219294180283
173,1547092800,24,58,34,82,2,0.05156107263313058,-1.5279985602455037
173,1547107200,548,62,0,610,2,-0.6564121169833167,0.37800301878499976
173,1547121600,741,143,0,884,2,-0.6564121169833167,1.367102323054617
173,1547136000,393,203,0,596,2,-0.6564121169833167,0.3274650981288879
173,1547150400,350,510,160,860,2,2.6752264223882003,1.2804658876441397
173,1547164800,125,223,98,348,2,1.3842164883817374,-0.5677780677793788
173,1547179200,26,52,26,78,2,-0.11502085433544526,-1.5424379661472498
173,1547193600,552,55,0,607,2,-0.6564121169833167,0.3671734643586901
173,1547208000,709,118,0,827,2,-0.6564121169833167,1.1613407889547331
173,1547222400,383,248,0,631,2,-0.6564121169833167,0.4538098997691675
173,1547236800,371,518,147,889,2,2.4045307910642646,1.3851515804317998
173,1547251200,156,240,84,396,2,1.0926981161867295,-0.39450519695842395
173,1547265600,38,74,36,112,2,0.09320655437527454,-1.419703015982407
173,1547280000,170,38,0,208,2,-0.6564121169833167,-1.0731572743404971
173,1547294400,359,110,0,469,2,-0.6564121169833167,-0.13098603925155514
173,1547308800,365,193,0,558,2,-0.6564121169833167,0.19029074206229865
173,1547323200,295,264,0,559,2,-0.6564121169833167,0.19390059353773523
173,1547337600,155,202,47,357,2,0.32225670395706635,-0.5352894045004498
173,1547352000,39,78,39,117,2,0.15567477698849047,-1.401653758605224
173,1547366400,106,27,0,133,2,-0.6564121169833167,-1.343896134998239
173,1547380800,267,71,0,338,2,-0.6564121169833167,-0.6038765825337444
173,1547395200,319,139,0,458,2,-0.6564121169833167,-0.17069440548135728
173,1547409600,196,184,0,380,2,-0.6564121169833167,-0.4522628205654089
173,1547424000,103,149,46,252,2,0.30143396308599435,-0.9143238094212885
173,1547438400,23,44,21,67,2,-0.21913455869080517,-1.582146332377052
173,1547452800,595,70,0,665,2,-0.6564121169833167,0.5765448499340106
173,1547467200,724,123,0,847,2,-0.6564121169833167,1.2335378184634644
173,1547481600,400,224,0,624,2,-0.6564121169833167,0.4285409394411116
173,1547496000,340,492,152,832,2,2.5086444954196243,1.179390046331916
173,1547510400,140,203,63,343,3,0.6137052167731476,-0.47020970314593286
173,1547524800,23,55,32,78,3,-0.01348802674226693,-1.3278685028860562
173,1547539200,578,74,0,652,3,-0.6609133103710819,0.5298528218340601
173,1547553600,753,149,0,902,3,-0.6609133103710819,1.3389648970605916
173,1547568000,400,239,0,639,3,-0.6609133103710819,0.48777899392228047
173,1547582400,381,477,96,858,3,1.281362540515363,1.196561171820722
173,1547596800,137,277,140,414,3,2.171572305504984,-0.2404218737815979
173,1547611200,19,51,32,70,3,-0.01348802674226693,-1.3537600892933053
173,1547625600,552,74,0,626,3,-0.6609133103710819,0.4457051660105008
173,1547640000,788,72,0,860,3,-0.6609133103710819,1.2030340684225342
173,1547654400,1100,387,0,1487,3,-0.6609133103710819,3.2322871530906756
173,1547668800,366,492,126,858,3,1.8883237439173772,1.196561171820722
173,1547683200,146,286,140,432,3,2.171572305504984,-0.18216580436528765
173,1547697600,27,46,19,73,3,-0.276504548216473,-1.344050744390587
173,1547712000,519,70,0,589,3,-0.6609133103710819,0.32595657887697416
173,1547726400,789,113,0,902,3,-0.6609133103710819,1.3389648970605916
173,1547740800,438,219,0,657,3,-0.6609133103710819,0.5460350633385908
173,1547755200,344,529,185,873,3,3.082014110608005,1.2451078963343138
173,1547769600,128,244,116,372,3,1.6860033427833725,-0.3763527024196552
173,1547784000,30,51,21,81,3,-0.23604046798967207,-1.3181591579833378
173,1547798400,512,55,0,567,3,-0.6609133103710819,0.2547547162570394
173,1547812800,727,118,0,845,3,-0.6609133103710819,1.1544873439089425
173,1547827200,434,220,0,654,3,-0.6609133103710819,0.5363257184358723
173,1547841600,402,517,115,919,3,1.665771302669972,1.3939845181759958
173,1547856000,181,260,79,441,3,0.9374178585875551,-0.1530377696571325
173,1547870400,43,64,21,107,3,-0.23604046798967207,-1.2340115021597786
173,1547884800,171,42,0,213,3,-0.6609133103710819,-0.8909479822637293
173,1547899200,364,106,0,470,3,-0.6609133103710819,-0.05918076893085485
173,1547913600,380,211,0,591,3,-0.6609133103710819,0.3324294754787864
173,1547928000,271,166,0,437,3,-0.6609133103710819,-0.16598356286075702
173,1547942400,132,186,54,318,3,0.4316168557525434,-0.551120910668586
173,1547956800,37,57,20,94,3,-0.25627250810307256,-1.2760853300715582
173,1547971200,92,33,0,125,3,-0.6609133103710819,-1.1757554327434683
173,1547985600,237,55,0,292,3,-0.6609133103710819,-0.6352685664921452
173,1548000000,262,142,0,404,3,-0.6609133103710819,-0.27278635679065916
173,1548014400,186,180,0,366,3,-0.6609133103710819,-0.39577139222509194
173,1548028800,88,138,50,226,3,0.3506886952989415,-0.8488741543519496
173,1548043200,24,34,10,58,3,-0.45859290923707724,-1.3925974689041787
173,1548057600,208,36,0,244,3,-0.6609133103710819,-0.7906180849356393
173,1548072000,376,103,0,479,3,-0.6609133103710819,-0.030052734222699714
173,1548086400,242,185,0,427,3,-0.6609133103710819,-0.19834804586981827
173,1548100800,206,259,53,465,3,0.4113848156391429,-0.07536301043538549
173,1548115200,117,141,24,258,4,-0.0423686358296629,-0.8872786645373988
173,1548129600,16,37,21,53,4,-0.12325421332265565,-1.6598787152723304
173,1548144000,515,61,0,576,4,-0.6894532557736048,0.3111936092855682
173,1548158400,713,113,0,826,4,-0.6894532557736048,1.2533887931086554
173,1548172800,367,212,0,579,4,-0.6894532557736048,0.3224999514914452
173,1548187200,340,466,126,806,4,2.70774099893209,1.1780131784028085
173,1548201600,136,220,84,356,4,1.575342914030192,-0.5179381524787486
173,1548216000,27,56,29,83,4,0.09244065999199166,-1.54681529321356
173,1548230400,483,85,0,568,4,-0.6894532557736048,0.2810433634032294
173,1548244800,750,132,0,882,4,-0.6894532557736048,1.464440514285027
173,1548259200,407,212,0,619,4,-0.6894532557736048,0.4732511809031392
173,1548273600,357,484,127,841,4,2.7347028580964214,1.3099205041380406
173,1548288000,133,219,86,352,4,1.6292666323588538,-0.533013275419918
173,1548302400,35,50,15,85,4,-0.2850253683086411,-1.539277731742975
173,1548316800,489,73,0,562,4,-0.6894532557736048,0.2584306789914753
173,1548331200,720,137,0,857,4,-0.6894532557736048,1.3702209959027183
173,1548345600,352,192,0,544,4,-0.6894532557736048,0.19059262575621302
173,1548360000,372,445,73,817,4,1.278762463222552,1.2194697664910243
173,1548374400,141,238,97,379,4,1.925847083166494,-0.4312561955670246
173,1548388800,29,50,21,79,4,-0.12325421332265565,-1.5618904161547293
173,1548403200,492,66,0,558,4,-0.6894532557736048,0.2433555560503059
173,1548417600,736,134,0,870,4,-0.6894532557736048,1.4192151454615187
173,1548432000,391,243,0,634,4,-0.6894532557736048,0.5297828919325245
173,1548446400,411,498,87,909,4,1.6562284915231849,1.5661975941379205
173,1548460800,171,235,64,406,4,1.0361057307435737,-0.32949911571413115
173,1548475200,38,85,47,123,4,0.5777541249499482,-1.396064063801866
173,1548489600,156,33,0,189,4,-0.6894532557736048,-1.147324535272571
173,1548504000,387,135,0,522,4,-0.6894532557736048,0.10767944957978134
173,1548518400,387,202,0,589,4,-0.6894532557736048,0.3601877588443687
173,1548532800,337,312,0,649,4,-0.6894532557736048,0.5863146029619096
173,1548547200,159,170,11,329,4,-0.3928728049659648,-0.619695232331642
173,1548561600,43,98,55,141,4,0.7934489982645955,-1.3282260105666037
173,1548576000,128,49,0,177,4,-0.6894532557736048,-1.1925499040960792
173,1548590400,276,66,0,342,4,-0.6894532557736048,-0.5707010827728415
173,1548604800,312,198,0,510,4,-0.6894532557736048,0.06245408075627315
173,1548619200,230,214,0,444,4,-0.6894532557736048,-0.1862854477730219
173,1548633600,121,145,24,266,4,-0.0423686358296629,-0.8571284186550601
173,1548648000,20,46,26,66,4,0.011555082498998922,-1.6108845657135298
173,1548662400,515,71,0,586,4,-0.6894532557736048,0.3488814166384917
173,1548676800,719,164,0,883,4,-0.6894532557736048,1.4682092950203194
173,1548691200,386,224,0,610,4,-0.6894532557736048,0.43933215428550804
173,1548705600,371,428,57,799,4,0.8473727165932573,1.151631713255762
173,1548720000,144,173,29,317,5,0.0086922391951664,-0.6407737871023765
173,1548734400,22,58,36,80,5,0.16617516108406338,-1.593302518663828
173,1548748800,471,144,0,615,5,-0.643737008630264,0.5569205673504191
173,1548763200,565,119,0,684,5,-0.643737008630264,0.8342390588176771
173,1548777600,364,183,0,547,5,-0.643737008630264,0.2836211844551503
173,1548792000,341,440,99,781,5,1.5835214580841364,1.224092590300634
173,1548806400,126,237,111,363,5,1.8534921813222454,-0.4558947927908712
173,1548820800,21,51,30,72,5,0.031189799465008827,-1.6254553872397421
173,1548835200,553,66,0,619,5,-0.643737008630264,0.5729970016383761
173,1548849600,738,133,0,871,5,-0.643737008630264,1.5858123617796662
173,1548862240,332,182,0,514,5,-0.643737008630264,0.1509906015795051
173,1548864000,311,119,0,430,5,-0.643737008630264,-0.18661451846759164
173,1548878400,343,520,177,863,5,3.338331159131845,1.5536594932037524
173,1548892800,112,216,104,328,5,1.6960092594333485,-0.5965635928104949
173,1548907200,18,46,28,64,5,-0.013805321074676026,-1.6576082558156562
173,1548921600,498,58,0,556,5,-0.643737008630264,0.3197931616030535
173,1548936000,626,123,0,749,5,-0.643737008630264,1.0954811159969782
173,1548950400,374,146,0,520,5,-0.643737008630264,0.1751052530114406
173,1548964800,309,451,142,760,5,2.5509165496873605,1.13969131028886
173,1548979200,115,204,89,319,5,1.3585458553857122,-0.6327355699583981
173,1548993600,21,61,40,82,5,0.2561654021634331,-1.5852643015198495
173,1549008000,531,56,0,587,5,-0.643737008630264,0.44438552733472014
173,1549013478,437,38,0,475,5,-0.643737008630264,-0.005754632728075534
173,1549022400,711,77,0,788,5,-0.643737008630264,1.2522263503045588
173,1549036800,382,239,0,621,5,-0.643737008630264,0.5810352187823545
173,1549051200,388,439,51,827,5,0.5036385651316998,1.4089715846121393
173,1549065600,162,255,93,417,5,1.4485360964650817,-0.23886292990345187
173,1549080000,30,70,40,100,5,0.2561654021634331,-1.5129203472240431
173,1549094400,158,30,0,188,5,-0.643737008630264,-1.1592387928889893
173,1549108800,367,130,0,497,5,-0.643737008630264,0.0826657558556879
173,1549123200,372,190,0,562,5,-0.643737008630264,0.34390781303498896
173,1549137600,308,261,0,569,5,-0.643737008630264,0.3720415730389137
173,1549152000,147,204,57,351,5,0.6386239267507543,-0.5041240956547421
173,1549166400,37,64,27,101,5,-0.03630288134451845,-1.508901238652054
173,1549180800,123,38,0,161,5,-0.643737008630264,-1.2677547243326992
173,1549195200,277,72,0,349,5,-0.643737008630264,-0.5121623127987207
173,1549209600,317,176,0,493,5,-0.643737008630264,0.06658932156773091
173,1549224000,241,212,0,453,5,-0.643737008630264,-0.09417502131183897
173,1549238400,113,129,16,242,5,-0.28377604431278514,-0.9422069300015701
173,1549252800,32,29,0,61,5,-0.643737008630264,-1.669665581531624
173,1549267200,569,64,0,633,5,-0.643737008630264,0.6292645216462255
173,1549281600,773,105,0,878,5,-0.643737008630264,1.613946121783591
173,1549296000,396,244,0,640,5,-0.643737008630264,0.6573982816501502
173,1549310400,373,463,90,836,5,1.3810434156555544,1.4451435617600428
173,1549324800,134,233,99,367,6,2.0948706549313676,-0.51618948994072
173,1549339200,24,53,29,77,6,0.11944437944784114,-1.571243241712688
173,1549353600,481,75,0,556,6,-0.6989465061096197,0.17141450690376953
173,1549362786,614,63,0,677,6,-0.6989465061096197,0.6116265895396596
173,1549368000,721,138,0,859,6,-0.6989465061096197,1.2737637716862051
173,1549382400,420,189,0,609,6,-0.6989465061096197,0.36423467533106024
173,1549396800,394,464,70,858,6,1.2764797693739067,1.2701256553007845
173,1549411200,145,223,78,368,6,1.5022427722863096,-0.5125513735552994
173,1549425600,25,49,24,74,6,-0.021657497372410742,-1.5821575908689498
173,1549440000,534,66,0,600,6,-0.6989465061096197,0.33149162786227504
173,1549454400,773,160,0,933,6,-0.6989465061096197,1.5429843842073279
173,1549468800,382,258,0,640,6,-0.6989465061096197,0.4770162832790982
173,1549483200,381,516,135,897,6,3.110804168037181,1.412012194332187
173,1549497600,136,227,91,363,6,1.8691076520189644,-0.5307419554824023
173,1549512000,23,45,22,68,6,-0.0780982481005115,-1.6039862891814731
173,1549526400,547,66,0,613,6,-0.6989465061096197,0.37878714087274257
173,1549540800,786,123,0,909,6,-0.6989465061096197,1.4556695909572341
173,1549555200,444,237,0,681,6,-0.6989465061096197,0.626179055081342
173,1549569600,348,426,78,774,6,1.5022427722863096,0.9645238789254559
173,1549584000,153,226,73,379,6,1.3611408954660578,-0.47253209331567303
173,1549598400,22,68,46,90,6,0.5991907606366975,-1.5239477287022205
173,1549612800,558,62,0,620,6,-0.6989465061096197,0.4042539555706866
173,1549627200,830,127,0,957,6,-0.6989465061096197,1.6302991774574218
173,1549641600,377,199,0,576,6,-0.6989465061096197,0.24417683461218112
173,1549656000,396,425,29,821,6,0.11944437944784114,1.135515349040223
173,1549670400,169,253,84,422,6,1.671565024470612,-0.3160930887425881
173,1549684800,36,61,25,97,6,0.006562877991639634,-1.4984809140042765
173,1549699200,167,42,0,209,6,-0.6989465061096197,-1.0910118788371714
173,1549713600,377,119,0,496,6,-0.6989465061096197,-0.04687247622146524
173,1549728000,394,207,0,601,6,-0.6989465061096197,0.3351297442476956
173,1549742400,345,277,0,622,6,-0.6989465061096197,0.41153018834152777
173,1549756800,140,167,27,307,6,0.06300362871974038,-0.7344764730659548
173,1549771200,36,61,25,97,6,0.006562877991639634,-1.4984809140042765
173,1549785600,109,33,0,142,6,-0.6989465061096197,-1.3347656766603504
173,1549800000,275,84,0,359,6,-0.6989465061096197,-0.5452944210240847
173,1549814400,301,161,0,462,6,-0.6989465061096197,-0.17056843332576493
173,1549828800,228,196,0,424,6,-0.6989465061096197,-0.30881685597174696
173,1549843200,111,138,27,249,6,0.06300362871974038,-0.9454872234203483
173,1549857600,20,42,22,62,6,-0.0780982481005115,-1.6258149874939967
173,1549872000,597,54,0,651,6,-0.6989465061096197,0.5170355635187246
173,1549886400,726,115,0,841,6,-0.6989465061096197,1.2082776767486347
173,1549900800,407,207,0,614,6,-0.6989465061096197,0.3824252572581631
173,1549915200,390,471,81,861,6,1.5869038983784607,1.2810400044570462
173,1549929600,126,244,118,370,7,2.692264937092767,-0.4406442332281471
173,1549944000,23,51,28,74,7,0.2046674151639821,-1.5625138026511094
173,1549958400,559,53,0,612,7,-0.5692518138805289,0.4765599417730586
173,1549972800,695,113,0,808,7,-0.5692518138805289,1.2194195215261012
173,1549987200,346,203,0,549,7,-0.5692518138805289,0.23778364828100917
173,1550001600,287,444,157,731,7,3.770223863261908,0.927581829480263
173,1550016000,104,188,84,292,7,1.752505873253004,-0.7362720251706845
173,1550030400,19,50,31,69,7,0.2875873325616083,-1.5814643021346055
173,1550044800,550,64,0,614,7,-0.5692518138805289,0.48414014156645696
173,1550059200,758,133,0,891,7,-0.5692518138805289,1.5339978129521346
173,1550073600,394,220,0,614,7,-0.5692518138805289,0.48414014156645696
173,1550088000,451,508,57,959,7,1.0062266166743685,1.7917246059276801
173,1550102400,177,280,103,457,7,2.277665350104636,-0.11090554221531697
173,1550116800,29,62,33,91,7,0.34286727749335905,-1.4980821044072232
173,1550131200,547,61,0,608,7,-0.5692518138805289,0.4613995421862618
173,1550145600,762,129,0,891,7,-0.5692518138805289,1.5339978129521346
173,1550160000,431,226,0,657,7,-0.5692518138805289,0.6471144371245224
173,1550174400,526,499,0,1025,7,-0.5692518138805289,2.041871199109827
173,1550188800,176,235,59,411,7,1.0615065616061192,-0.28525013746348005
173,1550203200,39,70,31,109,7,0.2875873325616083,-1.4298603062666375
173,1550217600,518,63,0,581,7,-0.5692518138805289,0.3590668449753835
173,1550232000,727,153,0,880,7,-0.5692518138805289,1.4923067140884434
173,1550246400,394,232,0,626,7,-0.5692518138805289,0.5296213403268474
173,1550260800,408,445,37,853,7,0.4534271673568606,1.3899740168775652
173,1550275200,193,236,43,429,7,0.6192670021521129,-0.2170283393228945
173,1550289600,34,74,40,108,7,0.5363470847544868,-1.4336504061633368
173,1550304000,153,38,0,191,7,-0.5692518138805289,-1.1190721147373035
173,1550318400,355,118,0,473,7,-0.5692518138805289,-0.050263943868129816
173,1550332800,372,175,0,547,7,-0.5692518138805289,0.23020344848761076
173,1550347200,310,245,0,555,7,-0.5692518138805289,0.26052424766120436
173,1550361600,175,172,0,347,7,-0.5692518138805289,-0.5278165308522287
173,1550376000,41,74,33,115,7,0.34286727749335905,-1.4071197068864425
173,1550390400,106,28,0,134,7,-0.5692518138805289,-1.3351078088491577
173,1550404800,250,82,0,332,7,-0.5692518138805289,-0.5846680293027167
173,1550419200,369,160,0,529,7,-0.5692518138805289,0.16198165034702522
173,1550433600,338,214,0,552,7,-0.5692518138805289,0.24915394797110677
173,1550448000,148,134,0,282,7,-0.5692518138805289,-0.7741730241376765
173,1550462400,34,45,11,79,7,-0.2652121167558996,-1.5435633031676135
173,1550476800,296,29,0,325,7,-0.5692518138805289,-0.611198728579611
173,1550491200,511,89,0,600,7,-0.5692518138805289,0.43107874301266824
173,1550505600,296,207,0,503,7,-0.5692518138805289,0.0634390530328461
173,1550520000,287,263,0,550,7,-0.5692518138805289,0.24157374817770835
173,1550534400,111,173,62,284,8,0.6205118955668885,-0.949925692826918
173,1550548800,23,42,19,65,8,-0.3352616510376324,-1.7645462576006627
173,1550563200,460,52,0,512,8,-0.7575801948861416,-0.10182757059671808
173,1550577600,732,104,0,836,8,-0.7575801948861416,1.1033644978356714
173,1550592000,399,209,0,608,8,-0.7575801948861416,0.2552663756054714
173,1550606400,335,474,139,809,8,2.3320133627424258,1.0029318254663055
173,1550620800,136,226,90,362,8,1.2428760654489022,-0.6597868615376391
173,1550635200,31,77,46,108,8,0.26487522706288075,-1.604597927530932
173,1550649600,480,50,0,530,8,-0.7575801948861416,-0.03487245568380756
173,1550664000,683,114,0,797,8,-0.7575801948861416,0.9582950821910318
173,1550678400,380,204,0,584,8,-0.7575801948861416,0.165992889054924
173,1550692800,292,415,123,707,8,1.976376694238418,0.6235195076264792
173,1550707200,109,219,110,328,8,1.6874219010789115,-0.7862576341509145
173,1550721600,33,64,31,97,8,-0.06853414965962655,-1.6455149421999329
173,1550736000,459,64,0,523,8,-0.7575801948861416,-0.06091055592771721
173,1550750400,765,131,0,896,8,-0.7575801948861416,1.3265482142120397
173,1550764800,413,198,0,611,8,-0.7575801948861416,0.2664255614242898
173,1550779200,351,444,93,795,8,1.3095579407934035,0.9508556249784862
173,1550793600,181,247,66,428,8,0.7094210626928904,-0.41428477352363385
173,1550808000,26,65,39,91,8,0.10928418459237733,-1.6678333138375696
173,1550822400,443,54,0,497,8,-0.7575801948861416,-0.1576234996908102
173,1550836800,705,109,0,814,8,-0.7575801948861416,1.0215304684976696
173,1550851200,419,233,0,652,8,-0.7575801948861416,0.41893443428147487
173,1550865600,508,503,0,1011,8,-0.7575801948861416,1.7543170039334124
173,1551484800,5496,3550,0,9046,9,-0.46392845071295064,4.094138405305666
173,1551499200,32,68,36,100,9,1.143695271543691,-0.41943728158200516
173,1551513600,226,40,0,266,9,-0.46392845071295064,-0.3356843680985093
173,1551528000,584,152,0,736,9,-0.46392845071295064,-0.09855262510306939
173,1551542400,507,210,0,717,9,-0.46392845071295064,-0.1081388019475659
173,1551556800,424,234,0,658,9,-0.46392845071295064,-0.13790640372784452
173,1551571200,194,176,0,370,9,-0.46392845071295064,-0.2832126632654758
173,1551585600,47,70,23,117,9,0.563164482951015,-0.41086017598429775
173,1551600000,158,33,0,191,9,-0.46392845071295064,-0.3735245398531008
173,1551614400,549,91,0,640,9,-0.46392845071295064,-0.1469880449489465
173,1551628800,539,210,0,749,9,-0.46392845071295064,-0.0919936619989402
173,1551643200,282,262,0,544,9,-0.46392845071295064,-0.1954234647948236
173,1551657600,105,127,22,232,9,0.518508268443886,-0.35283857929392415
173,1551672000,25,39,14,64,9,0.16125855238685446,-0.43760056402420905
173,1551686400,383,60,0,443,9,-0.46392845071295064,-0.24638156275767342
173,1551700800,593,94,0,687,9,-0.46392845071295064,-0.12327487064940248
173,1551715200,321,181,0,502,9,-0.46392845071295064,-0.2166139609773948
173,1551729600,305,397,92,702,9,3.6444432839429117,-0.11570683629848419
173,1551744000,127,193,66,320,10,1.1813818314053985,-0.6936789212240329
173,1551758400,19,39,20,58,10,-0.1620141063669558,-1.6326926804993753
173,1551772800,581,63,0,644,10,-0.7460992967027621,0.46754420093326077
173,1551787200,779,161,0,940,10,-0.7460992967027621,1.5284147075954797
173,1551801600,403,224,0,627,10,-0.7460992967027621,0.40661582723982254
173,1551816000,373,466,93,839,10,1.9698968383587372,1.1664284874168172
173,1551830400,165,246,81,411,10,1.6194457241572533,-0.3675329208650399
173,1551844800,27,68,41,95,10,0.45127534348564086,-1.500083867166598
173,1551859200,567,62,0,629,10,-0.7460992967027621,0.4137838712037564
173,1551873600,754,115,0,869,10,-0.7460992967027621,1.2739491468758257
173,1551888000,399,208,0,607,10,-0.7460992967027621,0.3349353876004834
173,1551902400,366,465,99,831,10,2.145122395459479,1.1377563115610816
173,1551916800,140,225,85,365,10,1.7362627622244147,-0.5323979320355199
173,1551931200,26,54,28,80,10,0.07161996976736673,-1.5538441968961023
173,1551945600,567,64,0,631,10,-0.7460992967027621,0.42095191516769037
173,1551960000,783,101,0,884,10,-0.7460992967027621,1.3277094766053301
173,1551974400,441,219,0,660,10,-0.7460992967027621,0.5248885526447321
173,1551988800,375,480,105,855,10,2.320347952560221,1.2237728391282885
173,1552003200,167,246,79,413,10,1.5610372051236727,-0.360364876901106
173,1552017600,29,54,25,83,10,-0.015992808783004214,-1.5430921309502015
173,1552032000,550,62,0,612,10,-0.7460992967027621,0.3528554975103182
173,1552046400,727,150,0,877,10,-0.7460992967027621,1.3026213227315615
173,1552060800,427,226,0,653,10,-0.7460992967027621,0.4998003987709634
173,1552075200,423,449,26,872,10,0.013211450733786101,1.2847012128217268
173,1552089600,201,238,37,439,10,0.3344583054184796,-0.2671803053699652
173,1552104000,28,72,44,100,10,0.5388881220360118,-1.4821637572567632
173,1552118400,173,41,0,214,10,-0.7460992967027621,-1.0735852513125301
173,1552132800,420,114,0,534,10,-0.7460992967027621,0.07330178291689564
173,1552147200,416,241,0,657,10,-0.7460992967027621,0.5141364866988312
173,1552161600,340,244,0,584,10,-0.7460992967027621,0.2525028820152434
173,1552176000,153,204,51,357,10,0.743317938653544,-0.5610701078912556
173,1552194000,42,59,17,101,10,-0.24962688491732674,-1.4785797352747962
173,1552208400,146,46,0,192,10,-0.7460992967027621,-1.1524337349158031
173,1552222800,258,71,0,329,10,-0.7460992967027621,-0.6614227233863303
173,1552237200,269,160,0,429,10,-0.7460992967027621,-0.30302052518963474
173,1552251600,208,234,26,442,10,0.013211450733786101,-0.2564282394240643
173,1552266000,75,134,59,209,10,0.9769520147878664,-1.091505361222365
173,1552280400,29,27,0,56,10,-0.7460992967027621,-1.6398607244633092
173,1552294800,916,87,0,1003,10,-0.7460992967027621,1.754208092459398
173,1552309200,471,113,0,584,10,-0.7460992967027621,0.2525028820152434
173,1552323600,431,302,0,733,10,-0.7460992967027621,0.7865221573283199
173,1552338000,330,421,91,751,10,1.9114883193251566,0.851034553003725
173,1552352400,98,205,107,303,11,1.4471885457392302,-0.7872634393329169
173,1552366800,36,37,1,73,11,-0.6122199436392933,-1.590444315648426
173,1552381200,928,93,0,1021,11,-0.6316483256145624,1.7200577310781078
173,1552395600,480,139,0,619,11,-0.6316483256145624,0.31623724290926114
173,1552410000,400,293,0,693,11,-0.6316483256145624,0.5746519596368598
173,1552424400,341,487,146,828,11,2.2048954427747245,1.0460842131263979
173,1552438800,93,213,120,306,11,1.6997575114177284,-0.7767871670331493
173,1552453200,36,44,8,80,11,-0.47622126981240975,-1.565999680282302
173,1552467600,804,107,0,911,11,-0.6316483256145624,1.335927746753299
173,1552482000,474,117,0,591,11,-0.6316483256145624,0.21845870144476437
173,1552496400,422,241,0,663,11,-0.6316483256145624,0.46988923663918464
173,1552510800,333,499,166,832,11,2.5934630822801066,1.0600525761927546
173,1552525200,86,213,127,299,11,1.835756185244612,-0.8012318023992735
173,1552539600,29,47,18,76,11,-0.2819374500597188,-1.5799680433486587
173,1552554000,827,102,0,929,11,-0.6316483256145624,1.3987853805519042
173,1552568400,503,123,0,626,11,-0.6316483256145624,0.3406818782753853
173,1552582800,415,301,0,716,11,-0.6316483256145624,0.6549700472684107
173,1552597200,368,495,127,863,11,1.835756185244612,1.1683073899570189
173,1552611600,105,202,97,307,11,1.2529047259865393,-0.7732950762665601
173,1552626000,28,44,16,72,11,-0.32079421401025704,-1.5939364064150152
173,1552640400,851,76,0,927,11,-0.6316483256145624,1.3918011990187258
173,1552654800,487,161,0,648,11,-0.6316483256145624,0.4175078751403471
173,1552669200,449,317,0,766,11,-0.6316483256145624,0.8295745855978692
173,1552683600,385,480,95,865,11,1.2140479620360012,1.1752915714901973
173,1552698000,140,244,104,384,11,1.3889033998134228,-0.5044040872391939
173,1552712400,34,61,27,95,11,-0.10708201228229702,-1.5136183187834644
173,1552726800,268,69,0,337,11,-0.6316483256145624,-0.668532353268885
173,1552741200,415,153,0,568,11,-0.6316483256145624,0.13814061381321344
173,1552755600,372,284,0,656,11,-0.6316483256145624,0.44544460127306046
173,1552770000,305,273,0,578,11,-0.6316483256145624,0.17306152147910514
173,1552784400,123,190,67,313,11,0.6700532667284665,-0.7523425316670251
173,1552798800,49,55,6,104,11,-0.5150780337629479,-1.4821895018841618
173,1552813200,176,44,0,220,11,-0.6316483256145624,-1.077106972959818
173,1552827600,347,116,0,463,11,-0.6316483256145624,-0.2285289166786495
173,1552842000,296,189,0,485,11,-0.6316483256145624,-0.15170291981368775
173,1552856400,232,241,9,473,11,-0.4567928878371406,-0.1936080090127578
173,1552870800,102,124,22,226,11,-0.20422392215864246,-1.056154428360283
173,1552885200,34,40,6,74,11,-0.5150780337629479,-1.5869522248818368
173,1552896838,604,46,0,650,11,-0.6316483256145624,0.4244920566735254
173,1552899600,854,102,0,956,11,-0.6316483256145624,1.4930718312498117
173,1552914000,472,143,0,615,11,-0.6316483256145624,0.30226887984290446
173,1552928400,432,249,0,681,11,-0.6316483256145624,0.5327468704377897
173,1552942800,351,480,129,831,11,1.8746129491951502,1.0565604854261654
173,1552957200,114,167,53,281,12,0.5175595064045839,-0.7867631056208105
173,1552971600,34,40,6,74,12,-0.43282418256532185,-1.4906962578557932
173,1552986000,901,81,0,982,12,-0.554149759880629,1.5970878108850968
173,1553000400,483,145,0,628,12,-0.554149759880629,0.3932601012658511
173,1553014800,429,314,0,743,12,-0.554149759880629,0.7843340747297304
173,1553029200,350,483,133,833,12,2.1352338706086793,1.0903919670058098
173,1553043600,78,164,86,242,12,1.184850181638773,-0.9193881922737783
173,1553058000,29,33,4,62,12,-0.47326604167042424,-1.531503976825937
173,1553072400,902,76,0,978,12,-0.554149759880629,1.5834852378950488
173,1553086800,482,106,0,588,12,-0.554149759880629,0.25723437136537136
173,1553101200,409,282,0,691,12,-0.554149759880629,0.6075006258591067
173,1553115600,319,476,157,795,12,2.620536179869908,0.961167523600354
173,1553130000,106,164,58,270,12,0.6186641541673399,-0.8241701813434424
173,1553144400,34,47,13,81,12,-0.29127767569746355,-1.4668917551232092
173,1553158800,862,75,0,937,12,-0.554149759880629,1.4440588647470571
173,1553173200,485,148,0,633,12,-0.554149759880629,0.4102633175034111
173,1553187600,412,319,0,731,12,-0.554149759880629,0.7435263557595865
173,1553202000,350,513,163,863,12,2.7418617571852146,1.1924112644311695
173,1553216400,90,166,76,256,12,0.9826408861132613,-0.8717791868086104
173,1553230800,40,38,0,78,12,-0.554149759880629,-1.4770936848657452
173,1553245200,803,87,0,890,12,-0.554149759880629,1.2842286321139933
173,1553259600,457,133,0,590,12,-0.554149759880629,0.26403565786039535
173,1553274000,468,281,0,749,12,-0.554149759880629,0.8047379342148023
173,1553288400,348,505,157,853,12,2.620536179869908,1.1584048319560496
173,1553302800,130,173,43,303,12,0.3153502108790721,-0.7119489541755467
173,1553317200,40,40,0,80,12,-0.554149759880629,-1.4702923983707212
173,1553331600,260,60,0,320,12,-0.554149759880629,-0.6541380189678428
173,1553346000,388,139,0,527,12,-0.554149759880629,0.049795133267139795
173,1553360400,393,205,0,598,12,-0.554149759880629,0.29124080384049134
173,1553374800,306,275,0,581,12,-0.554149759880629,0.23342986863278742
173,1553389200,139,170,31,309,12,0.07269905624845784,-0.6915450946904748
173,1553403600,38,49,11,87,12,-0.33171953480256594,-1.4464878956381373
173,1553418000,187,39,0,226,12,-0.554149759880629,-0.9737984842339702
173,1553432400,315,109,0,424,12,-0.554149759880629,-0.30047112122659553
173,1553446800,309,204,0,513,12,-0.554149759880629,0.002186127801971885
173,1553461200,204,204,0,408,12,-0.554149759880629,-0.3548814131867874
173,1553475600,101,129,28,230,12,0.012036267590804272,-0.9601959112439222
173,1553490000,35,34,0,69,12,-0.554149759880629,-1.5076994740933531
173,1553504400,885,106,0,991,12,-0.554149759880629,1.6276936001127047
173,1553518800,458,144,0,602,12,-0.554149759880629,0.3048433768305393
173,1553533200,410,253,0,663,12,-0.554149759880629,0.5122826149287709
173,1553547600,314,446,132,760,12,2.115012941056128,0.8421450099374342
173,1553562000,106,136,30,242,13,0.2696538900064861,-0.8975393871175467
173,1553576400,27,24,0,51,13,-0.5530189947590648,-1.5278519988182346
173,1553590800,912,93,0,1005,13,-0.5530189947590648,1.6204109936553588
173,1553605200,474,129,0,603,13,-0.5530189947590648,0.29378444965705214
173,1553619600,412,322,0,734,13,-0.5530189947590648,0.7260930995669481
173,1553634000,325,485,160,810,13,3.83456972399054,0.9768981178352847
173,1553648400,100,169,69,269,13,1.339128640201702,-0.8084376043116902
173,1553662800,32,30,0,62,13,-0.5530189947590648,-1.491551272489923
173,1553677200,891,76,0,967,13,-0.5530189947590648,1.4950084845211906
173,1553691600,502,138,0,640,13,-0.5530189947590648,0.4158868927613739
173,1553706000,432,297,0,729,13,-0.5530189947590648,0.7095927694177154
173,1553720400,376,453,77,829,13,1.5585080761391823,1.0395993724023689
173,1553734800,100,159,59,259,13,1.064904345279852,-0.8414382646101556
173,1553749200,30,31,1,61,13,-0.5255965652668797,-1.4948513385197693
173,1553763600,907,83,0,990,13,-0.5530189947590648,1.5709100032076608
173,1553778000,485,136,0,621,13,-0.5530189947590648,0.3531856381942898
173,1553792400,429,281,0,710,13,-0.5530189947590648,0.6468915148506313
173,1553806800,331,461,130,792,13,3.0118968392249887,0.9174969292980472
173,1553821200,106,166,60,272,13,1.0923267747720369,-0.7985374062221506
173,1553835600,31,37,6,68,13,-0.3884844178059546,-1.4717508763108436
173,1553850000,839,80,0,919,13,-0.5530189947590648,1.3366053150885568
173,1553864400,488,117,0,605,13,-0.5530189947590648,0.3003845817167452
173,1553878800,481,337,0,818,13,-0.5530189947590648,1.003298646074057
173,1553893200,392,417,25,809,13,0.13254174254556095,0.9735980518054382
173,1553907600,136,194,58,330,13,1.0374819157876667,-0.6071335764910517
173,1553922000,38,66,28,104,13,0.21480903102211601,-1.3529484992363683
173,1553936400,226,64,0,290,13,-0.5530189947590648,-0.739136217684913
173,1553950800,427,140,0,567,13,-0.5530189947590648,0.17498207258257692
173,1553965200,396,229,0,625,13,-0.5530189947590648,0.3663859023136759
173,1553979600,298,253,0,551,13,-0.5530189947590648,0.12218101610503238
173,1553994000,141,179,38,320,13,0.4890333259439663,-0.640134236789517
173,1554008400,38,47,9,85,13,-0.3062171293293995,-1.4156497538034525
173,1554022800,173,41,0,214,13,-0.5530189947590648,-0.9899412359532497
173,1554037200,298,99,0,397,13,-0.5530189947590648,-0.3860291524913339
173,1554051600,246,177,0,423,13,-0.5530189947590648,-0.300227435715324
173,1554066000,220,224,4,444,13,-0.44332927679032463,-0.23092604908854678
173,1554080400,82,101,19,183,13,-0.031992834407549235,-1.0922432828784923
173,1554094800,29,32,3,61,13,-0.4707517062825097,-1.4948513385197693
173,1554109200,940,95,0,1035,13,-0.5530189947590648,1.719412974550755
173,1554123600,447,129,0,576,13,-0.5530189947590648,0.20468266685119574
173,1554138000,447,277,0,724,13,-0.5530189947590648,0.6930924392684827
173,1554152400,361,432,71,793,13,1.3939734991860722,0.9207969953278936
173,1554166800,102,159,57,261,14,0.6295921198395151,-0.9013106489429064
173,1554181200,30,31,1,61,14,-0.578238765855868,-1.5683011741054833
173,1554195600,959,86,0,1045,14,-0.5998071745289998,1.7132922096943957
173,1554210000,497,118,0,615,14,-0.5998071745289998,0.279262580594855
173,1554224400,429,304,0,733,14,-0.5998071745289998,0.6727869904407754
173,1554238800,342,482,140,824,14,2.419770039709458,0.976267679389748
173,1554253200,105,163,58,268,14,0.651160528512647,-0.8779659805622162
173,1554267600,34,40,6,74,14,-0.47039672249020875,-1.5249467899699158
173,1554282000,915,101,0,1016,14,-0.5998071745289998,1.616578583545822
173,1554296400,482,140,0,622,14,-0.5998071745289998,0.3026072489755452
173,1554310800,441,279,0,720,14,-0.5998071745289998,0.6294326063052079
173,1554325200,366,531,165,897,14,2.9589802565377545,1.2197192210740886
173,1554339600,103,192,89,295,14,1.3197811973797342,-0.7879222596652683
173,1554354000,38,32,0,70,14,-0.5998071745289998,-1.5382866004731675
173,1554368400,894,86,0,980,14,-0.5998071745289998,1.496520289016558
173,1554382800,487,144,0,631,14,-0.5998071745289998,0.33262182260786116
173,1554397200,440,302,0,742,14,-0.5998071745289998,0.7028015640730914
173,1554411600,335,473,138,808,14,2.3766332223631945,0.9229084373767418
173,1554426000,123,222,99,345,14,1.5354652841110525,-0.621174628374624
173,1554440400,32,41,9,73,14,-0.4056914964708132,-1.5282817425957287
173,1554454800,879,99,0,978,14,-0.5998071745289998,1.4898503837649324
173,1554469200,459,114,0,573,14,-0.5998071745289998,0.1391945703107138
173,1554483600,438,278,0,716,14,-0.5998071745289998,0.6160927958019564
173,1554498000,357,494,137,851,14,2.3550648136900625,1.0663114002866958
173,1554512400,143,211,68,354,14,0.8668446152439654,-0.591160054742308
173,1554526800,42,56,14,98,14,-0.29784945310515404,-1.4449079269504066
173,1554541200,268,57,0,325,14,-0.5998071745289998,-0.6878736808908817
173,1554555600,446,130,0,576,14,-0.5998071745289998,0.14919942818815246
173,1554570000,416,293,0,709,14,-0.5998071745289998,0.5927481274212661
173,1554584400,311,274,0,585,14,-0.5998071745289998,0.17921400182046843
173,1554598800,159,185,26,344,14,-0.03902854902757192,-0.6245095810004369
173,1554613200,46,68,22,114,14,-0.1253021837200993,-1.3915486849374004
173,1554627600,182,46,0,228,14,-0.5998071745289998,-1.0113640855947315
173,1554642000,352,109,0,461,14,-0.5998071745289998,-0.23432012378032932
173,1554656400,348,195,0,543,14,-0.5998071745289998,0.03914599153632726
173,1554670800,217,243,26,460,14,-0.03902854902757192,-0.2376550764061422
173,1554685200,85,112,27,197,14,-0.017460140354440077,-1.114747616994931
173,1554699600,30,37,7,67,14,-0.44882831381707694,-1.548291458350606
173,1554714000,866,83,0,949,14,-0.5998071745289998,1.3931367576163587
173,1554728400,529,139,0,668,14,-0.5998071745289998,0.4560150697629379
173,1554742800,415,231,0,646,14,-0.5998071745289998,0.38264611199505444
173,1554757200,356,435,79,791,14,1.1040971106484156,0.8662142427379228
173,1554771600,118,182,64,300,15,0.7489203407494015,-0.7903607443057974
173,1554786000,37,35,0,72,15,-0.6480941463667618,-1.5580343914781594
173,1554800400,924,87,0,1011,15,-0.6480941463667618,1.6035689185869633
173,1554814800,516,129,0,645,15,-0.6480941463667618,0.3712506954944873
173,1554829200,450,254,0,704,15,-0.6480941463667618,0.5699030866487389
173,1554843600,340,458,118,798,15,1.9276513142536642,0.8864001166233092
173,1554858000,101,204,103,305,15,1.6002260438358136,-0.7735257959028947
173,1554872400,31,59,28,90,15,-0.03690030825344031,-1.4974285772277098
173,1554886800,894,87,0,981,15,-0.6480941463667618,1.5025592281695472
173,1554901200,514,168,0,682,15,-0.6480941463667618,0.4958293136759671
173,1554915600,384,263,0,647,15,-0.6480941463667618,0.37798467485564835
173,1554930000,370,483,113,853,15,1.8185095574477141,1.0715845490552387
173,1554944400,92,184,92,276,15,1.360114178862723,-0.8711684966397302
173,1554958800,32,44,12,76,15,-0.3861539300324811,-1.5445664327558373
173,1554973200,884,94,0,978,15,-0.6480941463667618,1.4924582591278055
173,1554987600,523,146,0,669,15,-0.6480941463667618,0.45205844782842014
173,1555002000,442,235,0,677,15,-0.6480941463667618,0.47899436527306444
173,1555016400,363,537,174,900,15,3.150038990480307,1.2298330640425237
173,1555030800,119,203,84,322,15,1.1854873679732025,-0.7162869713330255
173,1555045200,29,58,29,87,15,-0.015071956892250259,-1.5075295462694513
173,1555059600,873,84,0,957,15,-0.6480941463667618,1.4217514758356142
173,1555074000,472,137,0,609,15,-0.6480941463667618,0.250039066993588
173,1555088400,498,322,0,820,15,-0.6480941463667618,0.9604738895960809
173,1555102800,360,460,100,820,15,1.5347409897522435,0.9604738895960809
173,1555117200,149,216,67,365,15,0.8144053948329717,-0.5715064150680625
173,1555131600,38,56,18,94,15,-0.25518382186534083,-1.4839606185053877
173,1555146000,249,46,0,295,15,-0.6480941463667618,-0.8071956927087001
173,1555160400,469,129,0,598,15,-0.6480941463667618,0.21300218050720213
173,1555174800,433,228,0,661,15,-0.6480941463667618,0.42512253038377584
173,1555189200,295,269,0,564,15,-0.6480941463667618,0.09852453136746395
173,1555203600,139,210,71,349,15,0.9017188002777319,-0.6253782499573511
173,1555218000,35,52,17,87,15,-0.2770121732265309,-1.5075295462694513
173,1555232400,181,57,0,238,15,-0.6480941463667618,-0.9991141045017906
173,1555246800,325,113,0,438,15,-0.6480941463667618,-0.3257161683856835
173,1555261200,338,195,0,533,15,-0.6480941463667618,-0.005852148730532653
173,1555275600,226,224,0,450,15,-0.6480941463667618,-0.28531229221871707
173,1555290000,110,135,25,245,15,-0.10238536233701047,-0.9755451767377268
173,1555304400,31,39,8,70,15,-0.47346733547724135,-1.5647683708393205
173,1555318800,878,89,0,967,15,-0.6480941463667618,1.4554213726414196
173,1555333200,495,135,0,630,15,-0.6480941463667618,0.3207458502857793
173,1555347600,437,353,0,790,15,-0.6480941463667618,0.8594641991786649
173,1555362000,341,465,124,806,15,2.0586214224208046,0.9133360340679535
173,1555376400,99,177,78,276,16,1.06229498656038,-1.134383664845198
173,1555390800,28,31,3,59,16,-0.5732031599035481,-1.8066055583041793
173,1555405200,939,91,0,1030,16,-0.6386230857621051,1.201355080168959
173,1555419600,493,131,0,624,16,-0.6386230857621051,-0.05635039791558708
173,1555434000,399,300,0,699,16,-0.6386230857621051,0.17598435788820838
173,1555448400,348,400,52,748,16,0.49532229578621817,0.32777639834668804
173,1555462800,106,221,115,327,16,1.8691407388159178,-0.976396030898617
173,1555477200,39,35,0,74,16,-0.6386230857621051,-1.7601386071434204
173,1555491600,946,95,0,1041,16,-0.6386230857621051,1.2354308443535156
173,1555506000,508,141,0,649,16,-0.6386230857621051,0.02109452068567807
173,1555520400,425,305,0,730,16,-0.6386230857621051,0.2720160569537772
173,1555534800,383,538,155,921,16,2.7414064169300127,0.863695235067443
173,1555549200,85,202,117,287,16,1.9127540227216224,-1.1003079006606413
173,1555563600,35,51,16,86,16,-0.2897168145164672,-1.7229650462148132
173,1555578000,863,73,0,936,16,-0.6386230857621051,0.910162186228202
173,1555592400,500,132,0,632,16,-0.6386230857621051,-0.03156802396318223
173,1555606800,445,268,0,713,16,-0.6386230857621051,0.21935351230491684
173,1555621200,338,473,135,811,16,2.305273577872965,0.5229375932218763
173,1555635600,123,205,82,328,16,1.1495215543717894,-0.9732982341545664
173,1555650000,37,47,10,84,16,-0.42055666623358146,-1.7291606397029142
173,1555664400,571,62,0,633,16,-0.6386230857621051,-0.028470227219131627
173,1555678800,440,153,0,593,16,-0.6386230857621051,-0.15238209698115587
173,1555693200,443,270,0,713,16,-0.6386230857621051,0.21935351230491684
173,1555707600,317,345,28,662,16,-0.028037111082238744,0.06136587835833595
173,1555722000,164,204,40,368,16,0.23364259235198973,-0.8493863643925422
173,1555736400,92,133,41,225,16,0.2554492343048421,-1.2923712987917788
173,1555750800,788,109,0,897,16,-0.6386230857621051,0.7893481132102284
173,1555765200,979,171,0,1150,16,-0.6386230857621051,1.5730906894550316
173,1555779600,979,303,0,1282,16,-0.6386230857621051,1.9819998596697117
173,1555794000,613,464,0,1077,16,-0.6386230857621051,1.3469515271393375
173,1555808400,323,405,82,728,16,1.1495215543717894,0.26582046346567595
173,1555822800,89,142,53,231,16,0.5171289377390705,-1.2737845183274752
173,1555837200,539,105,0,644,16,-0.6386230857621051,0.00560553696542504
173,1555851600,833,174,0,1007,16,-0.6386230857621051,1.130105755055795
173,1555866000,815,332,0,1147,16,-0.6386230857621051,1.56379729922288
173,1555880400,542,426,0,968,16,-0.6386230857621051,1.0092916820378213
173,1555894800,231,322,91,553,16,1.3457813319474607,-0.2762939667431801
173,1555909200,105,88,0,193,16,-0.6386230857621051,-1.3915007946013982
173,1555923600,770,72,0,842,16,-0.6386230857621051,0.618969292287445
173,1555938000,470,148,0,618,16,-0.6386230857621051,-0.07493717837989071
173,1555952400,377,299,0,676,16,-0.6386230857621051,0.10473503277504444
173,1555966800,289,421,132,710,16,2.239853652014408,0.21006012207276503
173,1555981200,80,142,62,222,17,0.7120523323568818,-0.9761507274575595
173,1555995600,30,34,4,64,17,-0.573187354677324,-1.4147800437833666
173,1556010000,760,82,0,842,17,-0.6618245744727864,0.7450529188842155
173,1556024400,479,131,0,610,17,-0.6618245744727864,0.10098961896277715
173,1556038800,426,266,0,692,17,-0.6618245744727864,0.32863268186604416
173,1556053200,334,450,116,784,17,1.908654799595625,0.5840370939038559
173,1556067600,115,201,86,316,17,1.2438756511296567,-0.7151940455928388
173,1556082000,38,31,0,69,17,-0.6618245744727864,-1.4008993692160943
173,1556096400,765,82,0,847,17,-0.6618245744727864,0.7589335934514879
173,1556110800,498,130,0,628,17,-0.6618245744727864,0.15096004740495772
173,1556125200,436,281,0,717,17,-0.6618245744727864,0.3980360547024061
173,1556139600,352,434,82,786,17,1.1552384313341941,0.589589363730765
173,1556154000,97,173,76,270,17,1.0222826016410005,-0.8428962516117446
173,1556168400,36,42,6,78,17,-0.5288687447795928,-1.375914154995004
173,1556182800,754,80,0,834,17,-0.6618245744727864,0.7228438395765798
173,1556197200,509,148,0,657,17,-0.6618245744727864,0.23146795989513752
173,1556211600,468,295,0,763,17,-0.6618245744727864,0.525738260721312
173,1556226000,311,488,177,799,17,3.2603724014764275,0.6256791176056731
173,1556240400,116,214,98,330,17,1.5097873105160438,-0.6763281568044761
173,1556254800,33,53,20,86,17,-0.2186384754954741,-1.3537050756873683
173,1556269200,691,70,0,761,17,-0.6618245744727864,0.520185990894403
173,1556283600,489,152,0,641,17,-0.6618245744727864,0.18704980127986592
173,1556298000,419,277,0,696,17,-0.6618245744727864,0.3397372215198621
173,1556312400,331,443,112,774,17,1.8200175798001625,0.5562757447693112
173,1556326800,177,228,51,405,17,0.46829997791936,-0.4681180382953904
173,1556341200,109,176,67,285,17,0.8228488571012099,-0.8012542279099275
173,1556355600,916,137,0,1053,17,-0.6618245744727864,1.33081738562311
173,1556370000,1210,213,0,1423,17,-0.6618245744727864,2.357987303601266
173,1556384400,1163,428,0,1591,17,-0.6618245744727864,2.824377969061618
173,1556398800,784,490,0,1274,17,-0.6618245744727864,1.9443432014965492
173,1556413200,280,392,112,672,17,1.8200175798001625,0.27310998359695465
173,1556427600,44,131,87,175,17,1.2660349560785222,-1.1066290683899198
173,1556442000,257,79,0,336,17,-0.6618245744727864,-0.6596713473237492
173,1556456400,341,152,0,493,17,-0.6618245744727864,-0.22381816591139653
173,1556470800,378,238,0,616,17,-0.6618245744727864,0.11764642844350401
173,1556485200,220,268,48,488,17,0.4018220630727632,-0.2376988404786689
173,1556499600,106,150,44,256,17,0.31318484327730073,-0.8817621404001074
173,1556514000,38,34,0,72,17,-0.6618245744727864,-1.392570964475731
173,1556528400,940,84,0,1024,17,-0.6618245744727864,1.2503094731329303
173,1556542800,472,133,0,605,17,-0.6618245744727864,0.08710894439550478
173,1556554579,244,101,0,345,17,-0.6618245744727864,-0.634686133102659
173,1556554640,3,0,0,3,17,-0.6618245744727864,-1.5841242735040897
173,1556554735,337,174,0,511,17,-0.6618245744727864,-0.17384773746921597
173,1556557200,83,81,0,164,17,-0.6618245744727864,-1.137166552437919
173,1556571600,330,426,96,756,17,1.4654687006183127,0.5063053163271306
173,1556586000,97,164,67,261,18,0.76679415356541,-0.6265412826062379
173,1556600400,24,34,10,58,18,-0.3921106467095846,-1.2422502470484675
173,1556614800,930,105,0,1035,18,-0.5954272783367767,1.721038709897633
173,1556629200,479,145,0,624,18,-0.5954272783367767,0.47445553558356196
173,1556643600,438,316,0,754,18,-0.5954272783367767,0.8687519167534627
173,1556658000,329,438,109,767,18,1.6207240063996167,0.9081815548704528
173,1556672400,95,191,96,286,18,1.356412385284267,-0.55071505545818
173,1556686800,22,49,27,71,18,-0.04647237294335816,-1.2028206089314775
173,1556696471,392,53,0,445,18,-0.5954272783367767,-0.06846025079653217
173,1556696553,4,8,4,12,18,-0.5141006256858999,-1.381770505000894
173,1556696634,5,1,0,6,18,-0.5954272783367767,-1.3999687995164278
173,1556696719,9,3,0,12,18,-0.5954272783367767,-1.381770505000894
173,1556696800,5,0,0,5,18,-0.5954272783367767,-1.40300184860235
173,1556696886,6,6,0,12,18,-0.5954272783367767,-1.381770505000894
173,1556696966,9,0,0,9,18,-0.5954272783367767,-1.390869652258661
173,1556701200,865,79,0,944,18,-0.5954272783367767,1.4450312430787025
173,1556715600,483,118,0,601,18,-0.5954272783367767,0.40469540660734876
173,1556730000,421,262,0,683,18,-0.5954272783367767,0.6534054316529785
173,1556744400,357,545,188,902,18,3.2269253962544338,1.3176431814699652
173,1556758800,91,214,123,305,18,1.9053672906776855,-0.4930871228256561
173,1556773200,23,34,11,57,18,-0.37177898354686545,-1.2452832961343898
173,1556787600,894,99,0,993,18,-0.5954272783367767,1.5936506482888957
173,1556802000,522,125,0,647,18,-0.5954272783367767,0.5442156645597752
173,1556816400,410,288,0,698,18,-0.5954272783367767,0.6989011679418132
173,1556830800,364,475,111,839,18,1.6613873327250552,1.1265610890568594
173,1556845200,93,194,101,287,18,1.458070701097863,-0.5476820063722577
173,1556859600,27,41,14,68,18,-0.3107839940587078,-1.2119197561892445
173,1556874000,836,88,0,924,18,-0.5954272783367767,1.3843702613602562
173,1556888400,501,146,0,647,18,-0.5954272783367767,0.5442156645597752
173,1556902800,456,353,0,809,18,-0.5954272783367767,1.03556961647919
173,1556917200,393,463,70,856,18,0.8277891430535677,1.1781229235175388
173,1556931600,120,235,115,355,18,1.742713985375932,-0.3414346685295404
173,1556946000,37,55,18,92,18,-0.229457341407831,-1.139126578127109
173,1556960400,291,65,0,356,18,-0.5954272783367767,-0.3384016194436181
173,1556974800,425,164,0,589,18,-0.5954272783367767,0.368298817576281
173,1556989200,415,275,0,690,18,-0.5954272783367767,0.6746367752544347
173,1557003600,331,277,0,608,18,-0.5954272783367767,0.42592675020880494
173,1557018000,114,213,99,327,18,1.4174073747724247,-0.42636004293536517
173,1557032400,34,58,24,92,18,-0.10746736243151578,-1.139126578127109
173,1557046800,172,49,0,221,18,-0.5954272783367767,-0.7478632460431305
173,1557061200,296,100,0,396,18,-0.5954272783367767,-0.21707965600672555
173,1557075600,297,225,0,522,18,-0.5954272783367767,0.165084528819486
173,1557090000,226,274,48,500,18,0.3804925534737451,0.09835744892919508
173,1557104400,106,134,28,240,18,-0.026140709780638954,-0.6902353134106065
173,1557118800,27,29,2,56,18,-0.5547639520113382,-1.2483163452203123
173,1557133200,965,86,0,1051,18,-0.5954272783367767,1.7695674952723899
173,1557147600,485,141,0,626,18,-0.5954272783367767,0.48052163375540663
173,1557162000,430,327,0,757,18,-0.5954272783367767,0.8778510640112297
173,1557176400,323,493,170,816,18,2.860955459325488,1.0568009600806463
173,1557190800,89,179,90,268,19,1.257247161588132,-0.8254377050820068
173,1557205200,29,35,6,64,19,-0.5063981609100509,-1.4903197448622674
173,1557219600,921,118,0,1039,19,-0.6323728268027782,1.687425298205155
173,1557234000,495,162,0,657,19,-0.6323728268027782,0.4424010864597648
173,1557248400,449,277,0,726,19,-0.6323728268027782,0.6672876587383824
173,1557262800,362,508,146,870,19,2.433010709920254,1.1366161574068017
173,1557277200,88,182,94,270,19,1.3412302721832836,-0.8189192537116121
173,1557291600,30,36,6,66,19,-0.5063981609100509,-1.4838012934918727
173,1557306000,911,110,0,1021,19,-0.6323728268027782,1.6287592358716025
173,1557320400,502,119,0,621,19,-0.6323728268027782,0.3250689617926599
173,1557334800,445,300,0,745,19,-0.6323728268027782,0.7292129467571321
173,1557349200,341,491,150,832,19,2.5169938205154057,1.0127655813693022
173,1557363600,92,193,101,285,19,1.488200715724799,-0.7700308684336518
173,1557378000,18,32,14,50,19,-0.3384319397197477,-1.5359489044550305
173,1557392400,921,84,0,1005,19,-0.6323728268027782,1.5766116249084448
173,1557406800,520,128,0,648,19,-0.6323728268027782,0.41306805529298857
173,1557421200,447,290,0,737,19,-0.6323728268027782,0.7031391412755533
173,1557435600,330,475,145,805,19,2.412014932271466,0.9247664878689735
173,1557450000,115,205,90,320,19,1.257247161588132,-0.6559579694517442
173,1557464400,16,39,23,55,19,-0.14946994088065668,-1.5196527760290437
173,1557478800,871,91,0,962,19,-0.6323728268027782,1.4364649204449584
173,1557493200,447,134,0,581,19,-0.6323728268027782,0.1946999343847657
173,1557507600,479,325,0,804,19,-0.6323728268027782,0.9215072621837761
173,1557522000,372,439,67,811,19,0.7743442756660105,0.9443218419801577
173,1557536400,114,177,63,291,19,0.690361165070859,-0.7504755143224676
173,1557550800,35,48,13,83,19,-0.35942771736853557,-1.4283944568435176
173,1557565200,269,65,0,334,19,-0.6323728268027782,-0.6103288098589813
173,1557579600,423,146,0,569,19,-0.6323728268027782,0.15558922616239743
173,1557594000,423,245,0,668,19,-0.6323728268027782,0.4782525689969357
173,1557608400,313,257,0,570,19,-0.6323728268027782,0.15884845184759477
173,1557622800,139,190,51,329,19,0.4384118332854043,-0.6266249382849681
173,1557637200,35,56,21,91,19,-0.19146149617823247,-1.4023206513619388
173,1557651600,218,45,0,263,19,-0.6323728268027782,-0.8417338335079936
173,1557666000,325,102,0,427,19,-0.6323728268027782,-0.30722082113562715
173,1557680400,248,168,0,416,19,-0.6323728268027782,-0.34307230367279806
173,1557694800,161,194,33,355,19,0.06048783560722223,-0.5418850704698368
173,1557709200,98,110,12,208,19,-0.3804234950173235,-1.0209912461938482
173,1557723600,30,27,0,57,19,-0.6323728268027782,-1.513134324658649
173,1557738000,921,106,0,1027,19,-0.6323728268027782,1.6483145899827867
173,1557752400,458,100,0,558,19,-0.6323728268027782,0.1197377436252265
173,1557766800,388,319,0,707,19,-0.6323728268027782,0.6053623707196326
173,1557781200,279,419,140,698,19,2.3070360440275266,0.5760293395528564
173,1557795600,92,153,61,245,20,0.440207656747685,-1.2171899087289704
173,1557810000,31,19,0,50,20,-0.6808778468184872,-1.7314424417436862
173,1557824400,910,88,0,998,20,-0.6808778468184872,0.7686160264509325
173,1557838800,468,154,0,622,20,-0.6808778468184872,-0.22296834490051964
173,1557853200,441,334,0,775,20,-0.6808778468184872,0.18052210408025743
173,1557867600,334,499,165,833,20,2.351566548073618,0.3334792677461729
173,1557882000,93,181,88,274,20,0.9364258304573022,-1.1407113268960125
173,1557896400,35,35,0,70,20,-0.6808778468184872,-1.6786985922037152
173,1557910800,927,82,0,1009,20,-0.6808778468184872,0.7976251436979165
173,1557925200,498,114,0,612,20,-0.6808778468184872,-0.24934026967050507
173,1557939600,430,286,0,716,20,-0.6808778468184872,0.024927747937343397
173,1557954000,321,460,139,781,20,1.8737268252421349,0.1963452589422487
173,1557968400,108,203,95,311,20,1.0650749866042402,-1.0431352052470664
173,1557982800,29,39,10,68,20,-0.49709333803714745,-1.6839729771577123
173,1557997200,908,106,0,1014,20,-0.6808778468184872,0.8108111060829092
173,1558011600,531,151,0,682,20,-0.6808778468184872,-0.06473679628060706
173,1558026000,434,288,0,722,20,-0.6808778468184872,0.04075090279933465
173,1558040400,345,494,149,839,20,2.0575113340234745,0.3493024226081642
173,1558054800,116,251,135,367,20,1.8002130217295989,-0.895452426535148
173,1558069200,33,39,6,72,20,-0.5706071415496834,-1.6734242072497183
173,1558083600,873,84,0,957,20,-0.6808778468184872,0.6604911348939922
173,1558098000,493,129,0,622,20,-0.6808778468184872,-0.22296834490051964
173,1558112400,469,295,0,764,20,-0.6808778468184872,0.15151298683327347
173,1558126800,365,484,119,849,20,1.5061578076794553,0.3756743473781496
173,1558141200,176,279,103,455,20,1.2121025936293117,-0.6633794885592763
173,1558155600,104,173,69,277,20,0.5872352637727568,-1.1327997494650168
173,1558170000,944,150,0,1094,20,-0.6808778468184872,1.0217865042427925
173,1558184400,1217,256,0,1473,20,-0.6808778468184872,2.0212824530252402
173,1558198800,1154,433,0,1587,20,-0.6808778468184872,2.321922395403074
173,1558213200,799,481,0,1280,20,-0.6808778468184872,1.5123043049645215
173,1558227600,360,467,107,827,20,1.2856163971418477,0.31765611288418166
173,1558242000,100,194,94,294,20,1.046696535726106,-1.0879674773560417
173,1558256400,618,114,0,732,20,-0.6808778468184872,0.06712282756932009
173,1558270800,936,232,0,1168,20,-0.6808778468184872,1.2169387475406848
173,1558285200,921,348,0,1269,20,-0.6808778468184872,1.4832951877175375
173,1558299600,613,458,0,1071,20,-0.6808778468184872,0.9611310772718261
173,1558314000,249,382,133,631,20,1.763456119973331,-0.19923361260753275
173,1558328400,110,82,0,192,20,-0.6808778468184872,-1.356961110009893
173,1558342800,910,83,0,993,20,-0.6808778468184872,0.7554300640659398
173,1558357200,489,147,0,636,20,-0.6808778468184872,-0.18604765022254002
173,1558371600,402,305,0,707,20,-0.6808778468184872,0.0011930156443565123
173,1558386000,327,410,83,737,20,0.8445335760666324,0.0803087899543128
173,1558400400,105,173,68,278,21,1.3165320765748958,-0.7560491273611961
173,1558414800,27,38,11,65,21,-0.2678548946582322,-1.501283921390343
173,1558429200,943,84,0,1027,21,-0.5736137838435726,1.8645182938962275
173,1558443600,514,128,0,642,21,-0.5736137838435726,0.51749765680129
173,1558458000,424,277,0,701,21,-0.5736137838435726,0.7239241959924622
173,1558472400,336,483,147,819,21,3.5124368261787047,1.1367772743748066
173,1558486800,112,219,107,331,21,2.400586320050194,-0.5706151175792956
173,1558501200,38,48,10,86,21,-0.295651157311445,-1.427810068457892
173,1558515600,902,89,0,991,21,-0.5736137838435726,1.7385631174405967
173,1558530000,555,122,0,677,21,-0.5736137838435726,0.6399540783553752
173,1558544400,415,277,0,692,21,-0.5736137838435726,0.6924354018785546
173,1558558800,333,460,127,793,21,2.9565115731144496,1.045809646934629
173,1558573200,98,153,55,251,21,0.9551806620831297,-0.8505155097029189
173,1558587600,28,54,26,82,21,0.1490890451399594,-1.4418050880640731
173,1558602000,913,85,0,998,21,-0.5736137838435726,1.7630544017514138
173,1558616400,500,121,0,621,21,-0.5736137838435726,0.4440238038688389
173,1558630800,466,316,0,782,21,-0.5736137838435726,1.007323343017631
173,1558645200,337,414,77,751,21,1.5666984404538107,0.8988619410697268
173,1558659600,123,192,69,315,21,1.3443283392281085,-0.6265951960040202
173,1558674000,37,44,7,81,21,-0.37903994527108326,-1.4453038429656184
173,1558687126,677,84,0,761,21,-0.5736137838435726,0.9338494900851797
173,1558688400,802,71,0,873,21,-0.5736137838435726,1.3257100390582524
173,1558688932,36,3,0,39,21,-0.5736137838435726,-1.5922515488305207
173,1558702800,466,143,0,609,21,-0.5736137838435726,0.4020387450502954
173,1558717200,467,378,0,845,21,-0.5736137838435726,1.2277449018149842
173,1558731600,400,415,15,815,21,-0.1566698440453811,1.1227822547686255
173,1558746000,145,212,67,357,21,1.288735813921683,-0.47964749013911806
173,1558760400,37,54,17,91,21,-0.10107731873895555,-1.4103162939501657
173,1558774800,265,64,0,329,21,-0.5736137838435726,-0.5776126273823862
173,1558789200,433,160,0,593,21,-0.5736137838435726,0.3460586666255707
173,1558803600,402,229,0,631,21,-0.5736137838435726,0.4790113528842918
173,1558818000,277,276,0,553,21,-0.5736137838435726,0.20610847056375908
173,1558832400,149,171,22,320,21,0.03790399452710832,-0.6091014214962939
173,1558846800,42,59,17,101,21,-0.10107731873895555,-1.3753287449347127
173,1558861200,184,52,0,236,21,-0.5736137838435726,-0.9029968332260984
173,1558875600,368,110,0,478,21,-0.5736137838435726,-0.05629814705213778
173,1558890000,411,184,0,595,21,-0.5736137838435726,0.35305617642866133
173,1558904400,244,252,8,496,21,-0.3512436826178705,0.006679441175677465
173,1558918800,114,143,29,257,21,0.2324778330995977,-0.8295229802936472
173,1558933200,39,46,7,85,21,-0.37903994527108326,-1.4313088233594373
173,1558947600,189,43,0,232,21,-0.5736137838435726,-0.9169918528322795
173,1558962000,359,110,0,469,21,-0.5736137838435726,-0.0877869411660454
173,1558976400,320,186,0,506,21,-0.5736137838435726,0.041666990191130376
173,1558990800,232,254,22,486,21,0.03790399452710832,-0.02830810783977545
173,1559005200,90,149,59,239,22,0.4196146562470048,-1.2520834318288088
173,1559019600,27,27,0,54,22,-0.6534556411524565,-1.7527621547617431
173,1559034000,936,96,0,1032,22,-0.6534556411524565,0.8940691480945255
173,1559048400,467,160,0,627,22,-0.6534556411524565,-0.2020112994073035
173,1559062800,381,295,0,676,22,-0.6534556411524565,-0.06939909711695876
173,1559077200,316,484,168,800,22,2.402066561612111,0.26619096582187285
173,1559091600,94,193,99,287,22,1.1471199426195209,-1.1221776010137774
173,1559106000,29,34,5,63,22,-0.562517480355892,-1.7284048114839248
173,1559120400,919,79,0,998,22,-0.6534556411524565,0.8020525179338782
173,1559134800,486,147,0,633,22,-0.6534556411524565,-0.18577307055542455
173,1559149200,423,269,0,692,22,-0.6534556411524565,-0.02609715351194822
173,1559163600,291,416,125,707,22,1.6199983787616563,0.01449841861774915
173,1559178000,101,188,87,289,22,0.928868356707766,-1.116764858063151
173,1559192400,38,40,2,78,22,-0.6170803768338307,-1.6878092393542274
173,1559206800,909,67,0,976,22,-0.6534556411524565,0.7425123454769887
173,1559221200,511,172,0,683,22,-0.6534556411524565,-0.05045449678976665
173,1559235600,424,318,0,742,22,-0.6534556411524565,0.10922142025370969
173,1559250000,330,504,174,834,22,2.511192354567988,0.3582075959825202
173,1559264400,105,186,81,291,22,0.8197425637518887,-1.1113521151125247
173,1559278800,33,36,3,69,22,-0.5988927446745178,-1.7121665826320458
173,1559293200,867,84,0,951,22,-0.6534556411524565,0.6748530585941598
173,1559307600,484,148,0,632,22,-0.6534556411524565,-0.18847944203073771
173,1559322000,438,342,0,780,22,-0.6534556411524565,0.2120635363156097
173,1559336400,366,414,48,780,22,0.21955070249456285,0.2120635363156097
173,1559350800,211,294,83,505,22,0.8561178280705145,-0.5321886193955088
173,1559365200,135,205,70,340,22,0.6196786099994467,-0.9787399128221799
173,1559379600,987,147,0,1134,22,-0.6534556411524565,1.1701190385764677
173,1559394000,1195,232,0,1427,22,-0.6534556411524565,1.963085880843223
173,1559408400,1120,420,0,1540,22,-0.6534556411524565,2.26890585755361
173,1559422800,795,476,0,1271,22,-0.6534556411524565,1.5408919306943702
173,1559437200,368,443,75,811,22,0.7106167707960113,0.2959610520503176
173,1559451600,101,207,106,308,22,1.2744333677347113,-1.0653438000322009
173,1559466000,615,142,0,757,22,-0.6534556411524565,0.14981699238340707
173,1559480400,916,245,0,1161,22,-0.6534556411524565,1.243191068409923
173,1559494800,883,351,0,1234,22,-0.6534556411524565,1.4407561861077836
173,1559509200,501,456,0,957,22,-0.6534556411524565,0.6910912874460386
173,1559523600,273,393,120,666,22,1.5290602179650918,-0.09646281187009033
173,1559538000,98,118,20,216,22,-0.2897029979661984,-1.3143299757610114
173,1559552400,918,113,0,1031,22,-0.6534556411524565,0.8913627766192124
173,1559566800,483,159,0,642,22,-0.6534556411524565,-0.16141572727760614
173,1559581200,448,306,0,754,22,-0.6534556411524565,0.14169787795746758
173,1559595600,309,493,184,802,22,2.6930686761611176,0.2716037087724992
173,1559610000,99,158,59,257,23,1.0267482994086183,-0.521397795875584
173,1559624400,28,38,10,66,23,-0.30759126269203335,-1.0870868065312007
173,1559638800,828,121,0,949,23,-0.5799054590391051,1.528114221787698
173,1559641652,156,19,0,175,23,-0.5799054590391051,-0.7642590465235451
173,1559645228,109,27,0,136,23,-0.5799054590391051,-0.8797662267097706
173,1559653200,508,112,0,620,23,-0.5799054590391051,0.5537074966269756
173,1559667600,427,297,0,724,23,-0.5799054590391051,0.8617266437902433
173,1559682000,335,388,53,723,23,0.8633597816003752,0.8587649212213658
173,1559696400,123,217,94,340,23,1.9798479866233694,-0.2755748226587453
173,1559710800,28,52,24,80,23,0.07364861219386709,-1.0456226905669146
173,1559725200,927,118,0,1045,23,-0.5799054590391051,1.8124395883999451
173,1559739600,519,132,0,651,23,-0.5799054590391051,0.6455208962621805
173,1559754000,436,302,0,738,23,-0.5799054590391051,0.9031907597545294
173,1559768400,326,451,125,777,23,2.824021995299292,1.0186979399407547
173,1559782800,98,178,80,276,23,1.5986081117374689,-0.4651250670669101
173,1559797200,26,44,18,70,23,-0.08973990561437595,-1.0752399162556905
173,1559811600,870,113,0,983,23,-0.5799054590391051,1.6288127891295354
173,1559826000,471,167,0,638,23,-0.5799054590391051,0.607018502866772
173,1559840400,445,242,0,687,23,-0.5799054590391051,0.7521429087417731
173,1559854800,306,443,137,749,23,3.150799030915778,0.9357697080121827
173,1559869200,121,159,38,280,23,0.45488848707976753,-0.45327817679139976
173,1559883600,25,50,25,75,23,0.10088003182857427,-1.0604313034113027
173,1559898000,886,114,0,1000,23,-0.5799054590391051,1.6791620728004542
173,1559912400,496,166,0,662,23,-0.5799054590391051,0.6780998445198337
173,1559926800,448,343,0,791,23,-0.5799054590391051,1.0601620559050409
173,1559941200,345,396,51,741,23,0.8088969423309609,0.9120759274611622
173,1559955600,49,93,44,142,23,0.6182770048880106,-0.8619958912965051
173,1559970000,0,1,1,1,23,-0.552674039404398,-1.279598773508243
173,1559984400,5,6,1,11,23,-0.552674039404398,-1.2499815478194674
173,1559998800,0,3,3,3,23,-0.4982112001349836,-1.273675328370488
173,1560013200,0,1,1,1,23,-0.552674039404398,-1.279598773508243
173,1560027600,1,0,0,1,23,-0.5799054590391051,-1.279598773508243
173,1560042000,1,12,11,13,23,-0.2803598430573262,-1.2440581026817121
173,1560056400,0,5,5,5,23,-0.44374836086556924,-1.2677518832327328
173,1560070800,162,44,0,206,23,-0.5799054590391051,-0.6724456468883403
173,1560085200,290,113,0,403,23,-0.5799054590391051,-0.08898630081945809
173,1560099600,285,174,0,459,23,-0.5799054590391051,0.0768701630376861
173,1560114000,201,191,0,392,23,-0.5799054590391051,-0.1215652490771114
173,1560128400,79,117,38,196,23,0.45488848707976753,-0.7020628725771161
173,1560142800,30,29,0,59,23,-0.5799054590391051,-1.1078188645133438
173,1560157200,860,87,0,947,23,-0.5799054590391051,1.5221907766499427
173,1560171600,458,143,0,601,23,-0.5799054590391051,0.4974347678183017
173,1560186000,396,262,0,658,23,-0.5799054590391051,0.6662529542443234
173,1560200400,302,421,119,723,23,2.6606334774910487,0.8587649212213658
173,1560214800,149,275,126,424,24,1.3253580100133961,-0.7101215686559886
173,1560229200,53,110,57,163,24,0.14383730341230652,-1.6501790317276719
173,1560243600,1122,86,0,1208,24,-0.8322015411712022,2.1136525732911364
173,1560258000,526,115,0,641,24,-0.8322015411712022,0.07145877420437634
173,1560272400,406,239,0,645,24,-0.8322015411712022,0.085865785132678
173,1560286800,337,430,93,767,24,0.7602828894650489,0.5252796184458786
173,1560301200,203,370,167,573,24,2.027421038573464,-0.17346041157675185
173,1560315600,66,125,59,191,24,0.17808428041523663,-1.5493299552295603
173,1560330000,914,118,0,1032,24,-0.8322015411712022,1.4797440924458634
173,1560333039,174,18,0,192,24,-0.8322015411712022,-1.5457282024974848
173,1560344400,489,131,0,620,24,-0.8322015411712022,-0.004178033169207366
173,1560358800,410,286,0,696,24,-0.8322015411712022,0.2695551744685242
173,1560373200,329,438,109,767,24,1.0342587054884897,0.5252796184458786
173,1560387600,187,343,156,530,24,1.839062665057348,-0.3283357790559947
173,1560402000,64,95,31,159,24,-0.30137339762578513,-1.6645860426559735
173,1560416400,867,102,0,969,24,-0.8322015411712022,1.2528336703251124
173,1560430800,482,107,0,589,24,-0.8322015411712022,-0.11583236786354521
173,1560445200,430,260,0,690,24,-0.8322015411712022,0.24794465807607166
173,1560459600,358,488,130,846,24,1.3938519640192564,0.8098180842798364
173,1560474000,169,309,140,478,24,1.565086849033907,-0.5156269211239163
173,1560488400,73,128,55,201,24,0.10959032640937638,-1.5133124279088062
173,1560502800,835,86,0,921,24,-0.8322015411712022,1.0799495391854925
173,1560517200,496,181,0,677,24,-0.8322015411712022,0.20112187255909128
173,1560531600,409,303,0,712,24,-0.8322015411712022,0.3271832181817308
173,1560546000,373,465,92,838,24,0.7431594009635838,0.7810040624232331
173,1561165200,6606,4806,0,11412,25,-0.6500865026687911,4.06815700602241
173,1561179600,127,248,121,375,25,1.4049039223132511,-0.4627213009255043
173,1561194000,927,151,0,1078,25,-0.6500865026687911,-0.17412771120145032
173,1561208400,1267,259,0,1526,25,-0.6500865026687911,0.009783993203067706
173,1561222800,1157,397,0,1554,25,-0.6500865026687911,0.021278474728350084
173,1561237200,775,633,0,1408,25,-0.6500865026687911,-0.038657036082050886
173,1561251600,332,510,178,842,25,2.372957263007271,-0.2710097697716875
173,1561266000,105,229,124,334,25,1.4558540981392523,-0.47955250601609634
173,1561280400,661,111,0,772,25,-0.6500865026687911,-0.29974597358489347
173,1561294800,1011,276,0,1287,25,-0.6500865026687911,-0.08832961695916401
173,1561309200,971,393,0,1364,25,-0.6500865026687911,-0.056719792764637476
173,1561323600,673,510,0,1183,25,-0.6500865026687911,-0.1310234054816414
173,1561338000,311,394,83,705,25,0.7595350285172378,-0.32725062580610487
173,1561352400,82,132,50,214,25,0.1990830944312263,-0.5288145696958779
173,1561366800,835,98,0,933,25,-0.6500865026687911,-0.23365270481451977
173,1561381200,471,131,0,602,25,-0.6500865026687911,-0.36953389713125073
173,1561395600,389,290,0,679,25,-0.6500865026687911,-0.3379240729367242
173,1561410000,319,452,133,771,25,1.6087046256172555,-0.30015649078222495
173,1561424400,180,367,187,547,26,2.1506421782802847,-0.04249761588857895
173,1561438800,56,132,76,188,26,0.41508845919725085,-1.55734171132119
173,1561453200,806,85,0,891,26,-0.7732185917064482,1.4090521580078506
173,1561467600,476,127,0,603,26,-0.7732185917064482,0.1938011845131654
173,1561482000,390,320,0,710,26,-0.7732185917064482,0.6453006781379269
173,1561496400,353,447,94,800,26,0.6965296028323374,1.025066607355016
173,1561510800,167,344,177,511,26,1.9942859873719037,-0.1944039875754146
173,1561525200,66,138,72,204,26,0.35254598283389826,-1.4898277683492631
173,1561539600,857,81,0,938,26,-0.7732185917064482,1.607374365487886
173,1561554000,541,156,0,697,26,-0.7732185917064482,0.5904455994732363
173,1561568400,418,252,0,670,26,-0.7732185917064482,0.4765158207081095
173,1561582800,335,526,191,861,26,2.2131846546436376,1.2824635149354875
173,1561597200,209,376,167,585,26,1.8379297964635222,0.11784799866974757
173,1561611600,54,123,69,177,26,0.30563912556138384,-1.60375754711439
173,1561626000,796,100,0,896,26,-0.7732185917064482,1.4301502651865778
173,1561640400,524,173,0,697,26,-0.7732185917064482,0.5904455994732363
173,1561654800,394,217,0,611,26,-0.7732185917064482,0.22755815599912887
173,1561669200,338,522,184,860,26,2.1037353210077705,1.2782438934997422
173,1561683600,220,369,149,589,26,1.5564886528284354,0.1347264844127293
173,1561698000,82,139,57,221,26,0.11801169647132606,-1.4180942039415907
173,1561712400,755,85,0,840,26,-0.7732185917064482,1.1938514647848335
173,1561726800,540,154,0,694,26,-0.7732185917064482,0.577786735166
173,1561741200,466,312,0,778,26,-0.7732185917064482,0.9322349357686165
173,1561755600,337,465,128,802,26,1.2281406519208344,1.0335058502265069
173,1561770000,170,266,96,436,26,0.7278008410140138,-0.5108755952563222
173,1561784400,53,98,45,151,26,-0.06961573261873169,-1.7134677044437712
173,1561798800,259,83,0,342,26,-0.7732185917064482,-0.9075200102163931
173,1561813200,440,132,0,572,26,-0.7732185917064482,0.06299292000505692
173,1561827600,401,224,0,625,26,-0.7732185917064482,0.28663285609956496
173,1561842000,266,253,0,519,26,-0.7732185917064482,-0.16064701608945112
173,1561856400,141,210,69,351,26,0.30563912556138384,-0.8695434172946842
173,1561870800,51,84,33,135,26,-0.25724316170878947,-1.780981647415698
173,1561885200,212,50,0,262,26,-0.7732185917064482,-1.2450897250760278
173,1561899600,395,120,0,515,26,-0.7732185917064482,-0.17752550183243287
173,1561914000,397,179,0,576,26,-0.7732185917064482,0.07987140574803865
173,1561928400,198,268,70,466,26,0.32127474465222194,-0.38428695218395914
173,1561942800,113,160,47,273,26,-0.0383444944370554,-1.1986738892828281
173,1561957200,40,70,30,110,26,-0.3041500189813039,-1.8864721833093339
173,1561971600,751,82,0,833,26,-0.7732185917064482,1.1643141147346154
173,1561986000,397,132,0,529,26,-0.7732185917064482,-0.11845080173199678
173,1562000400,386,244,0,630,26,-0.7732185917064482,0.30773096327829214
173,1562014800,283,419,136,702,26,1.3532256046475397,0.6115437066519634
173,1562029200,129,207,78,336,27,1.2993835105185203,-0.8230871174129188
173,1562043600,21,24,3,45,27,-0.5781660574325527,-1.707929297817589
173,1562058000,807,88,0,895,27,-0.6532680401505956,0.8766612635018943
173,1562072400,500,127,0,627,27,-0.6532680401505956,0.061755062991751375
173,1562086800,432,310,0,742,27,-0.6532680401505956,0.4114349624643873
173,1562101200,318,436,118,754,27,2.300743280092426,0.4479232998006624
173,1562115600,125,203,78,328,27,1.2993835105185203,-0.8474126756371022
173,1562130000,31,45,14,76,27,-0.30279212079972856,-1.6136677596988784
173,1562144400,757,80,0,837,27,-0.6532680401505956,0.7003009663765649
173,1562158800,522,123,0,645,27,-0.6532680401505956,0.11648756899616396
173,1562173200,409,318,0,727,27,-0.6532680401505956,0.36582454079404353
173,1562187600,339,377,38,716,27,0.29802374094461476,0.33237689823579136
173,1562202000,143,195,52,338,27,0.6484996602954817,-0.817005727856873
173,1562216400,27,38,11,65,27,-0.37789410351777153,-1.6471154022571306
173,1562230800,193,47,0,240,27,-0.6532680401505956,-1.1149938161031192
173,1562245200,351,113,0,464,27,-0.6532680401505956,-0.43387818582598486
173,1562259600,341,177,0,518,27,-0.6532680401505956,-0.2696806678127471
173,1562274000,247,166,0,413,27,-0.6532680401505956,-0.5889536195051538
173,1562288400,95,146,51,241,27,0.6234656660561341,-1.1119531213250964
173,1562302800,30,54,24,84,27,-0.05245217840625219,-1.589342201474695
173,1562317200,466,80,0,546,27,-0.6532680401505956,-0.18454121402810528
173,1562331600,416,121,0,537,27,-0.6532680401505956,-0.21190746703031157
173,1562346000,406,281,0,687,27,-0.6532680401505956,0.24419674967312666
173,1562360400,278,323,45,601,27,0.47326170062004824,-0.017303001236844587
173,1562374800,149,219,70,368,27,1.0991115566037393,-0.7257848845161853
173,1562389200,106,186,80,292,27,1.3494514989972157,-0.9568776876459274
173,1562403600,833,142,0,975,27,-0.6532680401505956,1.119916845743728
173,1562418000,1108,220,0,1328,27,-0.6532680401505956,2.1932821023858193
173,1562432400,972,344,0,1316,27,-0.6532680401505956,2.156793765049544
173,1562446800,653,447,0,1100,27,-0.6532680401505956,1.5000036929965932
173,1562461200,307,404,97,711,27,1.7750294010661254,0.3171734243456768
173,1562475600,129,163,34,292,27,0.1978877639872242,-0.9568776876459274
173,1562490000,587,122,0,709,27,-0.6532680401505956,0.31109203478963093
173,1562504400,904,165,0,1069,27,-0.6532680401505956,1.4057421548778828
173,1562518800,824,297,0,1121,27,-0.6532680401505956,1.5638582833350747
173,1562533200,553,465,0,1018,27,-0.6532680401505956,1.2506667211987137
173,1562547600,271,403,132,674,27,2.6512191994432928,0.20466771755882868
173,1562562000,89,120,31,209,27,0.12278578126918128,-1.2092553542218298
173,1562576400,822,106,0,928,27,-0.6532680401505956,0.9770041911766507
173,1562590800,455,126,0,581,27,-0.6532680401505956,-0.07811689679730302
173,1562605200,371,255,0,626,27,-0.6532680401505956,0.05871436821372845
173,1562619600,281,421,140,702,27,2.851491153358074,0.2898071713434705
173,1562634000,108,187,79,295,28,0.8819701026220521,-0.90273747895884
173,1562648400,34,40,6,74,28,-0.4793407909973767,-1.6823306623865277
173,1562662800,844,104,0,948,28,-0.5912293575962339,1.400766361666861
173,1562677200,489,164,0,653,28,-0.5912293575962339,0.36013292677469905
173,1562691600,467,243,0,710,28,-0.5912293575962339,0.5612044718216592
173,1562706000,452,556,104,1008,28,1.3481724634506236,1.6124206196110298
173,1562720400,115,199,84,314,28,0.9752105747877664,-0.8357136306098534
173,1562734800,37,69,32,106,28,0.005509664264337687,-1.569448391482971
173,1562742973,259,30,0,289,28,-0.5912293575962339,-0.923902904753257
173,1562748886,733,88,0,821,28,-0.5912293575962339,0.952764849018371
173,1562749200,634,44,0,678,28,-0.5912293575962339,0.4483222009181026
173,1562763600,511,130,0,641,28,-0.5912293575962339,0.31780207518586534
173,1562778000,386,269,0,655,28,-0.5912293575962339,0.3671880687061713
173,1562792400,330,487,157,817,28,2.336521468407195,0.9386545651554264
173,1562806800,125,186,61,311,28,0.5463044028254807,-0.8462963435070618
173,1562821200,32,97,65,129,28,0.6208967805580521,-1.4883142592710399
173,1562835600,790,103,0,893,28,-0.5912293575962339,1.2067499585513732
173,1562850000,499,117,0,616,28,-0.5912293575962339,0.22961280104246176
173,1562864400,410,321,0,731,28,-0.5912293575962339,0.6352834621021182
173,1562878800,302,484,182,786,28,2.802723829235767,0.829299865217606
173,1562893200,90,201,111,291,28,1.4787091244826236,-0.9168477628217846
173,1562907600,28,62,34,90,28,0.042805853130623406,-1.6258895269347493
173,1562922000,771,107,0,878,28,-0.5912293575962339,1.1538363940653311
173,1562936400,489,136,0,625,28,-0.5912293575962339,0.261360939734087
173,1562950800,451,283,0,734,28,-0.5912293575962339,0.6458661749993266
173,1562965200,565,416,0,981,28,-0.5912293575962339,1.517176203536154
173,1562979600,226,295,69,521,28,0.6954891582906235,-0.1055064407024718
173,1562994000,88,133,45,221,28,0.24793489189519488,-1.1637777304233146
173,1563008400,352,93,0,445,28,-0.5912293575962339,-0.37360183409841863
173,1563022800,641,179,0,820,28,-0.5912293575962339,0.9492372780526349
173,1563037200,516,304,0,820,28,-0.5912293575962339,0.9492372780526349
173,1563051600,285,206,0,491,28,-0.5912293575962339,-0.21133356967455608
173,1563066000,3,4,1,7,28,-0.572581263163091,-1.9186779170908492
173,1563080400,48,79,31,127,28,-0.013138430168805173,-1.495369401202512
173,1563094800,258,64,0,322,28,-0.5912293575962339,-0.8074930628839643
173,1563109200,565,133,0,698,28,-0.5912293575962339,0.5188736202328255
173,1563123600,423,268,0,691,28,-0.5912293575962339,0.4941806234726725
173,1563138000,276,302,26,578,28,-0.10637890233451948,0.09556510434448834
173,1563152400,131,194,63,325,28,0.5836005916917664,-0.7969103499867558
173,1563166800,53,66,13,119,28,-0.3488041299653767,-1.5235899689284012
173,1563181200,824,81,0,905,28,-0.5912293575962339,1.249080810140207
173,1563195600,479,128,0,607,28,-0.5912293575962339,0.1978646623508365
173,1563210000,399,262,0,661,28,-0.5912293575962339,0.3883534945005882
173,1563224400,288,520,232,808,28,3.73512855089291,0.9069064264638012
173,1563238800,112,198,86,310,29,0.6757000019623123,-0.8994433911384132
173,1563253200,39,91,52,130,29,0.12589965848528553,-1.5885183847547897
173,1563267600,854,101,0,955,29,-0.7149714550678142,1.5697420026536026
173,1563282000,490,130,0,620,29,-0.7149714550678142,0.28729687564534634
173,1563296400,385,305,0,690,29,-0.7149714550678142,0.5552704842739372
173,1563310800,291,487,196,778,29,2.454465819093869,0.8921515922641657
173,1563325200,119,232,113,351,29,1.1123061570764217,-0.7424874203702385
173,1563339600,50,74,24,124,29,-0.32687709496638356,-1.611487551208669
173,1563354000,824,129,0,953,29,-0.7149714550678142,1.562085613835643
173,1563368400,451,143,0,594,29,-0.7149714550678142,0.18776382101186975
173,1563382800,381,246,0,627,29,-0.7149714550678142,0.31409423650820545
173,1563397200,323,453,130,776,29,1.387206328814935,0.884495203446206
173,1563411600,81,196,115,277,29,1.144647353751541,-1.0257738066347488
173,1563426000,47,80,33,127,29,-0.18134170992834708,-1.6000029679817294
173,1563440400,819,103,0,922,29,-0.7149714550678142,1.443411587157267
173,1563454800,469,163,0,632,29,-0.7149714550678142,0.3332352085531048
173,1563469200,376,249,0,625,29,-0.7149714550678142,0.3064378476902457
173,1563483600,280,453,173,733,29,2.082542057329998,0.7198828438600716
173,1563498000,112,213,101,325,29,0.9182589770257064,-0.8420204750037151
173,1563512400,51,90,39,141,29,-0.08431811990298942,-1.5464082462560111
173,1563526800,736,99,0,835,29,-0.7149714550678142,1.1103586735760183
173,1563541200,465,117,0,582,29,-0.7149714550678142,0.1418254881041113
173,1563555600,378,305,0,683,29,-0.7149714550678142,0.5284731234110781
173,1563570000,477,558,81,1035,29,0.5948470102745143,1.8759975553719923
173,1563584400,150,291,141,441,29,1.5650829105280908,-0.3979499235620503
173,1563598800,64,89,25,153,29,-0.31070649662882394,-1.5004699133482526
173,1563613200,347,89,0,436,29,-0.7149714550678142,-0.4170908956069496
173,1563627600,607,149,0,756,29,-0.7149714550678142,0.8079313152666087
173,1563642000,445,242,0,687,29,-0.7149714550678142,0.5437859010469976
173,1563656400,307,272,0,579,29,-0.7149714550678142,0.1303409048771717
173,1563670800,139,278,139,417,29,1.5327417138529715,-0.4898265893775672
173,1563685200,45,92,47,137,29,0.04504666679748747,-1.5617210238919306
173,1563699600,263,56,0,319,29,-0.7149714550678142,-0.8649896414575944
173,1563714000,480,121,0,601,29,-0.7149714550678142,0.21456118187472883
173,1563728400,376,188,0,564,29,-0.7149714550678142,0.07291798874247367
173,1563742800,247,319,72,566,29,0.4493116252364777,0.0805743775604334
173,1563757200,130,197,67,327,29,0.3684586335486797,-0.8343640861857554
173,1563771600,54,54,0,108,29,-0.7149714550678142,-1.6727386617523468
173,1563786000,871,102,0,973,29,-0.7149714550678142,1.6386495020152403
173,1563800400,471,135,0,606,29,-0.7149714550678142,0.23370215391962817
173,1563814800,362,334,0,696,29,-0.7149714550678142,0.5782396507278165
173,1563829200,237,460,223,697,29,2.891071974207979,0.5820678451367963
173,1563843600,73,156,83,229,30,1.2603531537743264,-0.22818264778508493
173,1563858000,41,57,16,98,30,-0.13393253242902448,-0.6194513665412517
173,1563872400,796,94,0,890,30,-0.46689627838803366,1.7460816506716035
173,1563886261,460,133,0,593,30,-0.46689627838803366,0.8590067692167829
173,1563886800,424,75,0,499,30,-0.46689627838803366,0.5782490626283885
173,1563888155,29,6,0,35,30,-0.46689627838803366,-0.8076187656377287
173,1563888219,4,0,0,4,30,-0.46689627838803366,-0.900209073129646
173,1563888281,4,0,0,4,30,-0.46689627838803366,-0.900209073129646
173,1563888348,2,0,0,2,30,-0.46689627838803366,-0.9061826413549311
173,1563888414,2,0,0,2,30,-0.46689627838803366,-0.9061826413549311
173,1563888478,2,0,0,2,30,-0.46689627838803366,-0.9061826413549311
173,1563888540,1,0,0,1,30,-0.46689627838803366,-0.9091694254675736
173,1563888603,2,3,1,5,30,-0.44608604426559556,-0.8972222890170036
173,1563888672,2,7,5,9,30,-0.3628451077758433,-0.8852751525664336
173,1563888735,2,4,2,6,30,-0.4252758101431575,-0.8942355049043611
173,1563888804,0,2,2,2,30,-0.4252758101431575,-0.9061826413549311
173,1563888874,1,0,0,1,30,-0.46689627838803366,-0.9091694254675736
173,1563888940,1,1,0,2,30,-0.46689627838803366,-0.9061826413549311
173,1563889005,2,0,0,2,30,-0.46689627838803366,-0.9061826413549311
173,1563889076,1,0,0,1,30,-0.46689627838803366,-0.9091694254675736
173,1563889140,1,0,0,1,30,-0.46689627838803366,-0.9091694254675736
173,1563889208,1,0,0,1,30,-0.46689627838803366,-0.9091694254675736
173,1563889276,0,0,0,0,30,-0.46689627838803366,-0.912156209580216
173,1563889340,1,0,0,1,30,-0.46689627838803366,-0.9091694254675736
173,1563889408,0,0,0,0,30,-0.46689627838803366,-0.912156209580216
173,1563889476,5,0,0,5,30,-0.46689627838803366,-0.8972222890170036
173,1563889556,3,0,0,3,30,-0.46689627838803366,-0.9031958572422886
173,1563889636,1,0,0,1,30,-0.46689627838803366,-0.9091694254675736
173,1563889717,1,1,0,2,30,-0.46689627838803366,-0.9061826413549311
173,1563889796,1,10,9,11,30,-0.279604171286091,-0.8793015843411486
173,1563889877,2,2,0,4,30,-0.46689627838803366,-0.900209073129646
173,1563889957,7,0,0,7,30,-0.46689627838803366,-0.8912487207917186
173,1563890037,1,0,0,1,30,-0.46689627838803366,-0.9091694254675736
173,1563890117,0,0,0,0,30,-0.46689627838803366,-0.912156209580216
173,1563890198,3,0,0,3,30,-0.46689627838803366,-0.9031958572422886
173,1563890278,3,0,0,3,30,-0.46689627838803366,-0.9031958572422886
173,1563890358,1,5,4,6,30,-0.3836553418982814,-0.8942355049043611
173,1563890438,2,0,0,2,30,-0.46689627838803366,-0.9061826413549311
173,1563890518,3,3,0,6,30,-0.46689627838803366,-0.8942355049043611
173,1563890598,1,4,3,5,30,-0.4044655760207194,-0.8972222890170036
173,1563901200,373,233,0,606,30,-0.46689627838803366,0.8978349626811353
173,1563915600,332,507,175,839,30,3.1748946930386293,1.5937556609268364
173,1563930000,100,207,107,307,30,1.7597987727128401,0.004786513001029594
173,1563944400,50,46,0,96,30,-0.46689627838803366,-0.6254249347665366
173,1563958800,835,97,0,932,30,-0.46689627838803366,1.8715265834025883
173,1563973200,501,117,0,618,30,-0.46689627838803366,0.9336763720328453
173,1563987600,380,288,0,668,30,-0.46689627838803366,1.08301557766497
173,1564002000,323,474,151,797,30,2.6754490741001153,1.4683107281958516
173,1564016400,102,207,105,309,30,1.7181783044679642,0.010760081226314583
173,1564030800,38,48,10,86,30,-0.2587939371636529,-0.6552927758929615
173,1564045200,790,93,0,883,30,-0.46689627838803366,1.7251741618831062
173,1564059600,557,144,0,701,30,-0.46689627838803366,1.1815794533821722
173,1564074000,392,296,0,688,30,-0.46689627838803366,1.1427512599178198
173,1564088400,324,505,181,829,30,3.2997560977732574,1.5638878198004114
173,1564102800,106,208,102,314,30,1.6557476021006499,0.025694001789527052
173,1564117200,37,49,12,86,30,-0.21717346891877679,-0.6552927758929615
173,1564131600,718,85,0,803,30,-0.46689627838803366,1.4862314328717066
173,1564146000,485,165,0,650,30,-0.46689627838803366,1.029253463637405
173,1564160400,415,271,0,686,30,-0.46689627838803366,1.1367776916925347
173,1564174800,357,466,109,823,30,1.8014192409577163,1.5459671151245564
173,1564189200,140,276,136,416,30,2.363295562263544,0.33034598127906145
173,1564203600,51,107,56,158,30,0.6984768324684985,-0.440244319782702
173,1564218000,400,97,0,497,30,-0.46689627838803366,0.5722754944031034
173,1564232400,663,190,0,853,30,-0.46689627838803366,1.6355706385038313
173,1564246800,536,289,0,825,30,-0.46689627838803366,1.5519406833498415
173,1564261200,363,347,0,710,30,-0.46689627838803366,1.2084605103959547
173,1564275600,152,302,150,454,30,2.6546388399776775,0.44384377755947624
173,1564290000,44,93,49,137,30,0.5528051936114319,-0.5029667861481943
173,1564304400,256,89,0,345,30,-0.46689627838803366,0.11828430928144437
173,1564318800,539,141,0,680,30,-0.46689627838803366,1.1188569870166798
173,1564333200,493,199,0,692,30,-0.46689627838803366,1.15469839636839
173,1564347600,272,288,16,560,30,-0.13393253242902448,0.7604428934995806
173,1564362000,118,245,127,363,30,2.176003455161602,0.17204642330900927
173,1564376400,47,52,5,99,30,-0.3628451077758433,-0.6164645824286091
173,1564390800,793,113,0,906,30,-0.46689627838803366,1.7938701964738835
173,1564405200,484,128,0,612,30,-0.46689627838803366,0.9157556673569902
173,1564419600,365,267,0,632,30,-0.46689627838803366,0.9754913496098402
173,1564434000,289,423,134,712,30,2.3216750940186683,1.2144340786212398
173,1564448400,101,212,111,313,31,1.584180330315704,-0.9017422717429833
173,1564462800,35,34,0,69,31,-0.6230667407936241,-1.7317647086066912
173,1564477200,816,111,0,927,31,-0.6230667407936241,1.1869207456107733
173,1564491600,491,124,0,615,31,-0.6230667407936241,0.12558058044078627
173,1564506000,372,352,0,724,31,-0.6230667407936241,0.4963692919905574
173,1564520400,311,495,184,806,31,3.03579326897319,0.7753112584775412
173,1564534800,109,201,92,310,31,1.206363264089783,-0.9119474656388485
173,1564549200,38,49,11,87,31,-0.4043305445575646,-1.6705335452314996
173,1564563600,840,116,0,956,31,-0.6230667407936241,1.2855709532708042
173,1564578000,451,146,0,597,31,-0.6230667407936241,0.0643494170655947
173,1564592400,409,314,0,723,31,-0.6230667407936241,0.49296756069193565
173,1564606800,319,444,125,763,31,1.8625718527979618,0.6290368126368058
173,1564621200,124,183,59,307,31,0.5501546753816043,-0.9221526595347138
173,1564635600,32,35,3,67,31,-0.563411414547426,-1.7385681712039347
173,1564650000,763,96,0,859,31,-0.6230667407936241,0.9556030173044942
173,1564664400,507,130,0,637,31,-0.6230667407936241,0.20041866901046484
173,1564678800,448,271,0,719,31,-0.6230667407936241,0.4793606354974486
173,1564693200,412,462,50,874,31,0.3711886966430102,1.0066289867838205
173,1564707600,121,203,82,324,31,1.0075121766024562,-0.864323227458144
173,1564722000,38,39,1,77,31,-0.6031816320448915,-1.7045508582177171
173,1564736400,716,115,0,831,31,-0.6230667407936241,0.860354540943085
173,1564750800,477,159,0,636,31,-0.6230667407936241,0.1970169377118431
173,1564765200,483,398,0,881,31,-0.6230667407936241,1.0304411058741727
173,1564779600,369,403,34,772,31,0.05302695666328719,0.6596523943244016
173,1565398800,9434,5518,0,14952,32,-0.38569697945156256,4.113331983849664
173,1565413200,34,51,17,85,32,0.13652990423064162,-0.3528831684662028
173,1565427600,287,59,0,346,32,-0.38569697945156256,-0.27447581293015383
173,1565442000,429,133,0,562,32,-0.38569697945156256,-0.20958696696928564
173,1565456400,410,230,0,640,32,-0.38569697945156256,-0.1861548837056388
173,1565470800,329,244,0,573,32,-0.38569697945156256,-0.20628244240646365
173,1565485200,176,189,13,365,32,0.013652990423064167,-0.26876799777618854
173,1565499600,39,61,22,100,32,0.2901260464901134,-0.34837699860780924
173,1565514000,185,53,0,238,32,-0.38569697945156256,-0.30692023591058787
173,1565528400,364,116,0,480,32,-0.38569697945156256,-0.2342206955285041
173,1565542800,343,210,0,553,32,-0.38569697945156256,-0.21229066888432183
173,1565557200,264,230,0,494,32,-0.38569697945156256,-0.23001493699400338
173,1565571600,124,157,33,281,32,0.6280375594609513,-0.29400254898319284
173,1565586000,34,34,0,68,32,-0.38569697945156256,-0.3579901609723823
173,1565600400,753,118,0,871,32,-0.38569697945156256,-0.116759867886377
173,1565614800,453,131,0,584,32,-0.38569697945156256,-0.20297791784364166
173,1565629200,393,278,0,671,32,-0.38569697945156256,-0.17684213266495866
173,1565643600,335,476,141,811,32,3.945714232265543,-0.1347845473199515
173,1565658000,116,181,65,297,33,0.6342671437837657,-1.0412199089557792
173,1565672400,39,34,0,73,33,-0.7476556834546064,-1.8831448684277148
173,1565686800,807,126,0,933,33,-0.7476556834546064,1.3492456009734666
173,1565701200,468,145,0,613,33,-0.7476556834546064,0.1464956588707014
173,1565715600,407,263,0,670,33,-0.7476556834546064,0.3607354923077564
173,1565730000,357,458,101,815,33,1.3996397865619412,0.9057315598230719
173,1565744400,100,208,108,308,33,1.5484622448799197,-0.9998753796959966
173,1565758800,43,43,0,86,33,-0.7476556834546064,-1.83428315202979
173,1565773200,793,131,0,924,33,-0.7476556834546064,1.3154182588518262
173,1565787600,492,143,0,635,33,-0.7476556834546064,0.2291847173902665
173,1565802000,425,262,0,687,33,-0.7476556834546064,0.42463158298196585
173,1565816400,329,434,105,763,33,1.4846811913150717,0.7102846942313725
173,1565830800,110,207,97,317,33,1.3145983818088105,-0.9660480375743563
173,1565845200,30,44,14,74,33,-0.4500107668186493,-1.8793862748586436
173,1565859600,759,122,0,881,33,-0.7476556834546064,1.1537987353817671
173,1565874000,493,154,0,647,33,-0.7476556834546064,0.27428784021912017
173,1565888400,454,267,0,721,33,-0.7476556834546064,0.5524237643303846
173,1565902800,350,463,113,813,33,1.654764000821333,0.8982143726849295
173,1565917200,116,221,105,337,33,1.4846811913150717,-0.8908761661929335
173,1565931600,41,49,8,90,33,-0.5775728739483452,-1.8192487777535054
173,1565946000,734,109,0,843,33,-0.7476556834546064,1.0109721797570639
173,1565960400,485,155,0,640,33,-0.7476556834546064,0.2479776852356222
173,1565974800,443,285,0,728,33,-0.7476556834546064,0.5787339193138826
173,1565989200,370,447,77,817,33,0.8893913580431575,0.9132487469612142
173,1566003600,164,228,64,392,33,0.6130067925954831,-0.6841535198940207
173,1566018000,64,162,98,226,33,1.335858732997093,-1.3080800523598302
173,1566032400,464,112,0,576,33,-0.7476556834546064,0.00742769681506918
173,1566046800,615,229,0,844,33,-0.7476556834546064,1.014730773326135
173,1566061200,628,336,0,964,33,-0.7476556834546064,1.465762001614672
173,1566075600,367,442,75,809,33,0.8468706556665921,0.883179998408645
173,1566090000,183,322,139,505,33,2.2075331317166818,-0.25943244658898185
173,1566104400,68,129,61,197,33,0.5492257390306351,-1.4170792658628932
173,1566118800,297,75,0,372,33,-0.7476556834546064,-0.7593253912754436
173,1566133200,511,190,0,701,33,-0.7476556834546064,0.4772518929489618
173,1566147600,517,282,0,799,33,-0.7476556834546064,0.8455940627179336
173,1566162000,322,329,7,651,33,-0.5988332251366278,0.28932221449540474
173,1566176400,148,260,112,408,33,1.6335036496330502,-0.6240160227888825
173,1566190800,61,74,13,135,33,-0.47127111800693194,-1.650112067145304
173,1566205200,740,112,0,852,33,-0.7476556834546064,1.044799521878704
173,1566219600,464,136,0,600,33,-0.7476556834546064,0.09763394247277657
173,1566234000,391,254,0,645,33,-0.7476556834546064,0.2667706530809779
173,1566248400,303,418,115,721,33,1.6972847031978981,0.5524237643303846
173,1566262800,110,173,63,283,34,0.6989870203977425,-1.059726792960985
173,1566277200,32,30,0,62,34,-0.7096341951181956,-1.9218868501319786
173,1566291600,776,128,0,904,34,-0.7096341951181956,1.3629039559222138
173,1566306000,517,138,0,655,34,-0.7096341951181956,0.39151095033136596
173,1566320400,357,293,0,650,34,-0.7096341951181956,0.37200506668496336
173,1566334800,315,439,124,754,34,2.0628901020877777,0.7777274465301368
173,1566349200,98,184,86,282,34,1.2132455593956246,-1.0636279696902655
173,1566363600,36,43,7,79,34,-0.5531207267275358,-1.8555668457342098
173,1566378000,759,109,0,868,34,-0.7096341951181956,1.2224615936681154
173,1566392400,441,138,0,579,34,-0.7096341951181956,0.09502151890604692
173,1566406800,387,234,0,621,34,-0.7096341951181956,0.25887094153582846
173,1566421200,329,407,78,736,34,1.0343730240920135,0.7075062654030875
173,1566435600,106,196,90,302,34,1.3026818270474303,-0.9856044351046553
173,1566450000,29,45,16,74,34,-0.3518891245109732,-1.8750727293806124
173,1566464400,737,104,0,841,34,-0.7096341951181956,1.1171298219775414
173,1566478800,485,132,0,617,34,-0.7096341951181956,0.24326623461870642
173,1566493200,413,279,0,692,34,-0.7096341951181956,0.5358544893147449
173,1566507600,319,495,176,814,34,3.2255615815612506,1.0117980502869677
173,1566522000,139,193,54,332,34,0.49775541818117996,-0.8685691332262399
173,1566536400,36,53,17,89,34,-0.3295300575980218,-1.8165550784414046
173,1566550800,679,103,0,782,34,-0.7096341951181956,0.8869603949499911
173,1566565200,481,151,0,632,34,-0.7096341951181956,0.30178388555791413
173,1566579600,438,289,0,727,34,-0.7096341951181956,0.6723956748395629
173,1566594000,322,409,87,731,34,1.235604626308576,0.688000381756685
173,1566608400,144,218,74,362,34,0.9449367564402079,-0.7515338313478245
173,1566622800,76,145,69,221,34,0.8331414218754508,-1.301599750176377
173,1566637200,493,110,0,603,34,-0.7096341951181956,0.18864976040877923
173,1566651600,622,204,0,826,34,-0.7096341951181956,1.0586121710383338
173,1566666000,574,323,0,897,34,-0.7096341951181956,1.3355957188172503
173,1566680400,409,370,0,779,34,-0.7096341951181956,0.8752568647621496
173,1566694800,187,296,109,483,34,1.7275040983935068,-0.2794914471048824
173,1566709200,63,111,48,174,34,0.36360101670347156,-1.484955056452561
173,1566723600,336,85,0,421,34,-0.7096341951181956,-0.5213644043202742
173,1566738000,505,144,0,649,34,-0.7096341951181956,0.3681038899556829
173,1566752400,490,282,0,772,34,-0.7096341951181956,0.847948627657186
173,1566766800,305,361,56,666,34,0.5424735520070828,0.4344238943534516
173,1566781200,178,238,60,416,34,0.6319098196588884,-0.5408702879666768
173,1566795600,48,57,9,105,34,-0.508402592901633,-1.7541362507729164
173,1566810000,715,120,0,835,34,-0.7096341951181956,1.0937227616018583
173,1566824400,469,144,0,613,34,-0.7096341951181956,0.22766152770158438
173,1566838800,373,244,0,617,34,-0.7096341951181956,0.24326623461870642
173,1566853200,320,430,110,750,34,1.7498631653064582,0.7621227396130147
173,1566867600,186,270,84,456,35,2.0701931790657153,0.4654225039211068
173,1566882000,59,99,40,158,35,0.738548079374306,-0.5224190729141028
173,1566896400,805,105,0,910,35,-0.47203837489061146,1.970389201515688
173,1566910800,467,152,0,619,35,-0.47203837489061146,1.0057519570222448
173,1566925200,427,282,0,709,35,-0.47203837489061146,1.3040933728449593
173,1566939600,344,458,114,802,35,2.978133019764403,1.6123795025284307
173,1566954000,206,292,86,498,35,2.130722501778961,0.6046484979717068
173,1566968400,69,95,26,164,35,0.3148428203815849,-0.5025296451925886
173,1566982800,771,107,0,878,35,-0.47203837489061146,1.8643122536676118
173,1566997200,470,148,0,618,35,-0.47203837489061146,1.0024370524019925
173,1567011600,440,264,0,704,35,-0.47203837489061146,1.2875188497436973
173,1567026000,352,486,134,838,35,3.583426246896862,1.7317160688575166
173,1567040400,148,276,128,424,35,3.4018382787571246,0.3593455560730306
173,1567054800,55,119,64,174,35,1.4648999519332566,-0.46938059899006473
173,1567069200,740,111,0,851,35,-0.47203837489061146,1.7748098289207974
173,1567083600,524,167,0,691,35,-0.47203837489061146,1.2444250896804163
173,1567098000,429,278,0,707,35,-0.47203837489061146,1.2974635636044545
173,1567112400,397,419,22,816,35,0.19378417495509312,1.658788167211964
173,1567126800,184,288,104,472,35,2.675486406198174,0.5184609778451449
173,1567141200,75,115,40,190,35,0.738548079374306,-0.41634212506602664
173,1567155600,692,97,0,789,35,-0.47203837489061146,1.5692857424651496
173,1567170000,500,163,0,663,35,-0.47203837489061146,1.1516077603133497
173,1567184400,463,305,0,768,35,-0.47203837489061146,1.4996727454398497
173,1567198800,376,345,0,721,35,-0.47203837489061146,1.3438722282879878
173,1567213200,137,205,68,342,35,1.5859585973597483,0.08752337721233532
173,1567227600,39,69,30,108,35,0.4359014658080766,-0.6881643039267219
173,1567242000,293,66,0,359,35,-0.47203837489061146,0.14387675575662578
173,1567256400,400,129,0,529,35,-0.47203837489061146,0.7074105411995306
173,1567261903,172,63,0,235,35,-0.47203837489061146,-0.26717141715466947
173,1567261983,2,0,0,2,35,-0.47203837489061146,-1.0395441936734744
173,1567262064,3,0,0,3,35,-0.47203837489061146,-1.0362292890532219
173,1567262144,5,0,0,5,35,-0.47203837489061146,-1.029599479812717
173,1567262224,3,0,0,3,35,-0.47203837489061146,-1.0362292890532219
173,1567262305,4,0,0,4,35,-0.47203837489061146,-1.0329143844329696
173,1567262385,4,10,6,14,35,-0.29045040675087386,-0.9997653382304457
173,1567262465,3,1,0,4,35,-0.47203837489061146,-1.0329143844329696
173,1567262546,6,1,0,7,35,-0.47203837489061146,-1.0229696705722124
173,1567262626,1,0,0,1,35,-0.47203837489061146,-1.0428590982937267
173,1567262706,2,0,0,2,35,-0.47203837489061146,-1.0395441936734744
173,1567262786,3,0,0,3,35,-0.47203837489061146,-1.0362292890532219
173,1567262867,4,0,0,4,35,-0.47203837489061146,-1.0329143844329696
173,1567262947,2,0,0,2,35,-0.47203837489061146,-1.0395441936734744
173,1567263027,2,0,0,2,35,-0.47203837489061146,-1.0395441936734744
173,1567263108,4,0,0,4,35,-0.47203837489061146,-1.0329143844329696
173,1567263188,3,0,0,3,35,-0.47203837489061146,-1.0362292890532219
173,1567263268,3,0,0,3,35,-0.47203837489061146,-1.0362292890532219
173,1567263348,0,0,0,0,35,-0.47203837489061146,-1.046174002913979
173,1567263429,4,0,0,4,35,-0.47203837489061146,-1.0329143844329696
173,1567263509,1,0,0,1,35,-0.47203837489061146,-1.0428590982937267
173,1567263589,8,0,0,8,35,-0.47203837489061146,-1.01965476595196
173,1567263670,5,7,2,12,35,-0.4115090521773656,-1.0063951474709505
173,1567263750,3,7,4,10,35,-0.3509797294641197,-1.0130249567114553
173,1567263830,3,8,5,11,35,-0.3207150681074968,-1.0097100520912028
173,1567270800,337,128,0,465,35,-0.47203837489061146,0.4952566455033782
173,1567285200,278,215,0,493,35,-0.47203837489061146,0.5880739748704449
173,1567299600,151,177,26,328,35,0.3148428203815849,0.04111471252880198
173,1567314000,46,45,0,91,35,-0.47203837489061146,-0.7445176824710124
173,1567328400,184,55,0,239,35,-0.47203837489061146,-0.2539117986736599
173,1567342800,336,98,0,434,35,-0.47203837489061146,0.3924946022755544
173,1567357200,370,185,0,555,35,-0.47203837489061146,0.7935980613260925
173,1567371600,270,225,0,495,35,-0.47203837489061146,0.5947037841109496
173,1567386000,112,156,44,268,35,0.8596067248007977,-0.15777956468634088
173,1567400400,36,47,11,83,35,-0.13912709996775915,-0.7710369194330314
173,1567414800,181,55,0,236,35,-0.47203837489061146,-0.2638565125344171
173,1567429200,248,101,0,349,35,-0.47203837489061146,0.11072770955410198
173,1567443600,277,138,0,415,35,-0.47203837489061146,0.32951141449075916
173,1567458000,191,198,7,389,35,-0.26018574539425093,0.24332389436419724
173,1567472400,120,184,64,304,36,0.8106806002586492,-0.7847353274434573
173,1567486800,39,31,0,70,36,-0.5988339233475921,-1.5815509900237135
173,1567501200,834,107,0,941,36,-0.5988339233475921,1.3843739762472398
173,1567515600,475,128,0,603,36,-0.5988339233475921,0.23341801918686983
173,1567530000,398,238,0,636,36,-0.5988339233475921,0.34578945878152134
173,1567544400,348,484,136,832,36,2.396384439315671,1.0132077060709666
173,1567558800,126,221,95,347,36,1.4934141976304225,-0.6383119364564872
173,1567573200,56,37,0,93,36,-0.5988339233475921,-1.5032315018213804
173,1567587600,823,104,0,927,36,-0.5988339233475921,1.3367012442979935
173,1567602000,505,131,0,636,36,-0.5988339233475921,0.34578945878152134
173,1567616400,432,295,0,727,36,-0.5988339233475921,0.6556622164516209
173,1567630800,312,452,140,764,36,2.484479097041061,0.7816544366031999
173,1567645200,115,192,77,307,36,1.096988237866167,-0.7745197420257618
173,1567659600,39,47,8,86,36,-0.4226446078968119,-1.5270678677960035
173,1567674000,870,99,0,969,36,-0.5988339233475921,1.4797194401457319
173,1567688400,487,127,0,614,36,-0.5988339233475921,0.27087516571842035
173,1567702800,494,300,0,794,36,-0.5988339233475921,0.8838102907801557
173,1567717200,376,470,94,846,36,1.4713905331990749,1.0608804380202126
173,1567731600,129,196,67,325,36,0.8767515935526918,-0.7132262295195883
173,1567746000,46,50,4,96,36,-0.5107392656222021,-1.493015916403685
173,1567760400,864,130,0,994,36,-0.5988339233475921,1.5648493186265284
173,1567774800,468,132,0,600,36,-0.5988339233475921,0.22320243376917426
173,1567789200,489,339,0,828,36,-0.5988339233475921,0.9995869255140392
173,1567803600,339,488,149,827,36,2.6826920769231886,0.9961817303748073
173,1567818000,143,201,58,344,36,0.6785386136705641,-0.6485275218741828
173,1567832400,31,53,22,84,36,-0.11431330585794663,-1.5338782580744672
173,1567846800,289,45,0,334,36,-0.5988339233475921,-0.6825794732665015
173,1567861200,408,139,0,547,36,-0.5988339233475921,0.04272709138988549
173,1567875600,441,266,0,707,36,-0.5988339233475921,0.5875583136669836
173,1567890000,331,259,0,590,36,-0.5988339233475921,0.1891504823768556
173,1567904400,131,197,66,328,36,0.8547279291213443,-0.7030106441018926
173,1567918800,38,65,27,103,36,-0.004194983701209036,-1.469179550429062
173,1567933200,187,49,0,236,36,-0.5988339233475921,-1.016288596911224
173,1567947600,328,106,0,434,36,-0.5988339233475921,-0.34205995934331507
173,1567962000,329,158,0,487,36,-0.5988339233475921,-0.16158461696402632
173,1567976400,262,213,0,475,36,-0.5988339233475921,-0.2024469586348087
173,1567990800,121,130,9,251,36,-0.4006209434654644,-0.9652106698227461
173,1568005200,49,27,0,76,36,-0.5988339233475921,-1.5611198191883222
173,1568019600,930,130,0,1060,36,-0.5988339233475921,1.7895921978158313
173,1568034000,481,141,0,622,36,-0.5988339233475921,0.29811672683227525
173,1568048400,470,305,0,775,36,-0.5988339233475921,0.8191115831347504
173,1568062800,351,477,126,828,36,2.1761477950021955,0.9995869255140392
173,1568077200,125,184,59,309,37,0.60528407165967,-1.1238847246524983
173,1568091600,36,43,7,79,37,-0.4633823895405881,-1.79625274596563
173,1568106000,925,98,0,1023,37,-0.6072413362406228,0.9633794806413098
173,1568120400,517,145,0,662,37,-0.6072413362406228,-0.09194597889799658
173,1568134800,482,288,0,770,37,-0.6072413362406228,0.22377465719686515
173,1568149200,376,471,95,847,37,1.3451300832598485,0.4488717773756092
173,1568163600,109,209,100,318,37,1.4478864737598733,-1.0975746716445933
173,1568178000,40,33,0,73,37,-0.6072413362406228,-1.8137927813042334
173,1568192400,940,118,0,1058,37,-0.6072413362406228,1.0656963534498298
173,1568206800,494,142,0,636,37,-0.6072413362406228,-0.16795279869861146
173,1568221200,480,312,0,792,37,-0.6072413362406228,0.2880881201050777
173,1568235600,353,432,79,785,37,1.0163096336597692,0.26762474554337373
173,1568250000,121,187,66,308,37,0.7491430183597046,-1.126808063875599
173,1568264400,34,42,8,76,37,-0.4428311114405831,-1.8050227636349316
173,1568278800,969,107,0,1076,37,-0.6072413362406228,1.11831645946564
173,1568293200,518,150,0,668,37,-0.6072413362406228,-0.07440594355939316
173,1568307600,493,268,0,761,37,-0.6072413362406228,0.19746460418896
173,1568322000,378,383,5,761,37,-0.504484945740598,0.19746460418896
173,1568336400,99,217,118,316,37,1.8178094795599626,-1.1034213500907943
173,1568350800,30,41,11,71,37,-0.38117727714056826,-1.8196394597504344
173,1568365200,880,102,0,982,37,-0.6072413362406228,0.8435225724941864
173,1568379600,504,120,0,624,37,-0.6072413362406228,-0.2030328693758183
173,1568394000,534,348,0,882,37,-0.6072413362406228,0.5511886501841292
173,1568408400,485,441,0,926,37,-0.6072413362406228,0.6798155760005543
173,1568422800,177,276,99,453,37,1.4273351956598683,-0.7029238765260161
173,1568437200,121,176,55,297,37,0.5230789592596501,-1.1589647953297053
173,1568451600,841,150,0,991,37,-0.6072413362406228,0.8698326255020915
173,1568466000,1023,233,0,1256,37,-0.6072413362406228,1.644517519623743
173,1568480400,817,280,0,1097,37,-0.6072413362406228,1.179706583150752
173,1568494800,662,549,0,1211,37,-0.6072413362406228,1.5129672545842172
173,1568509200,285,438,153,723,37,2.5371042130601364,0.0863777137111383
173,1568523600,96,170,74,266,37,0.9135532431597444,-1.249588311245823
173,1568538000,486,118,0,604,37,-0.6072413362406228,-0.26149965383782975
173,1568552400,860,227,0,1087,37,-0.6072413362406228,1.1504731909197463
173,1568566800,857,349,0,1206,37,-0.6072413362406228,1.4983505584687145
173,1568581200,573,487,0,1060,37,-0.6072413362406228,1.0715430318960308
173,1568595600,243,359,116,602,37,1.7767069233599528,-0.2673463322840309
173,1568610000,95,108,13,203,37,-0.3400747209405583,-1.433758682301159
173,1568624400,910,100,0,1010,37,-0.6072413362406228,0.9253760707410024
173,1568638800,477,155,0,632,37,-0.6072413362406228,-0.17964615559101374
173,1568653200,470,317,0,787,37,-0.6072413362406228,0.27347142398957486
173,1568667600,327,510,183,837,37,3.1536425560602854,0.41963838514460344
173,1568682000,117,209,92,326,38,2.035300657327956,-0.8267992563464935
173,1568696400,65,103,38,168,38,0.4555395721740189,-1.3449444886739401
173,1568710800,1005,124,0,1129,38,-0.6561441544157887,1.8065591079505925
173,1568725200,495,135,0,630,38,-0.6561441544157887,0.1701384058531505
173,1568739600,460,306,0,766,38,-0.6561441544157887,0.616136833679307
173,1568754000,389,461,72,850,38,1.450203959122794,0.8916064508660507
173,1568768400,126,244,118,370,38,2.795926364994666,-0.6825056473439135
173,1568782800,65,93,28,158,38,0.16299122307143799,-1.377738490719981
173,1568797200,1010,113,0,1123,38,-0.6561441544157887,1.786882706722968
173,1568811600,502,118,0,620,38,-0.6561441544157887,0.13734440380710958
173,1568826000,468,311,0,779,38,-0.6561441544157887,0.6587690363391602
173,1568840400,398,435,37,833,38,0.4262847372637608,0.8358566473877812
173,1568854800,116,218,102,334,38,2.3278490064305366,-0.8005640547096607
173,1568869200,61,88,27,149,38,0.1337363881611799,-1.4072530925614177
173,1568883600,997,107,0,1104,38,-0.6561441544157887,1.7245741028354902
173,1568898000,494,116,0,610,38,-0.6561441544157887,0.10455040176106864
173,1568912400,499,315,0,814,38,-0.6561441544157887,0.7735480435003035
173,1568926800,410,469,59,879,38,1.0698911052894389,0.9867090567995694
173,1568941200,140,245,105,385,38,2.415613511161311,-0.6333146442748521
173,1568955600,70,90,20,160,38,-0.07104745621062675,-1.371179690310773
173,1568970000,918,121,0,1039,38,-0.6561441544157887,1.511413089536224
173,1568984400,506,161,0,667,38,-0.6561441544157887,0.2914762134235019
173,1568998800,485,342,0,827,38,-0.6561441544157887,0.8161802461601566
173,1569013200,414,447,33,861,38,0.3092653976227285,0.9276798531166958
173,1569027600,171,193,22,364,38,-0.012537786390110566,-0.702182048571538
173,1569042000,55,63,8,118,38,-0.4221054751337239,-1.5089144989041448
173,1569056400,320,65,0,385,38,-0.6561441544157887,-0.6333146442748521
173,1569070800,473,178,0,651,38,-0.6561441544157887,0.23900581014983643
173,1569085200,468,266,0,734,38,-0.6561441544157887,0.5111960271319761
173,1569099600,364,228,0,592,38,-0.6561441544157887,0.045521198078194984
173,1569114000,120,192,72,312,38,1.450203959122794,-0.8727108592109508
173,1569128400,56,67,11,123,38,-0.3343409704029496,-1.4925174978811242
173,1569142800,227,49,0,276,38,-0.6561441544157887,-0.9907692665766982
173,1569157200,367,120,0,487,38,-0.6561441544157887,-0.2988158234052347
173,1569171600,418,210,0,628,38,-0.6561441544157887,0.16357960544394232
173,1569186000,236,199,0,435,38,-0.6561441544157887,-0.4693446340446475
173,1569200400,119,143,24,262,38,0.04597188343040562,-1.0366808694411553
173,1569214800,48,39,0,87,38,-0.6561441544157887,-1.6105759052468716
173,1569229200,980,99,0,1079,38,-0.6561441544157887,1.6425890977203879
173,1569243600,470,164,0,634,38,-0.6561441544157887,0.18325600667156686
173,1569258000,462,279,0,741,38,-0.6561441544157887,0.5341518285642047
173,1569272400,359,433,74,792,38,1.50871362894331,0.7014012389990134
173,1569286800,100,166,66,266,39,0.8225447393963877,-0.9533233154513728
173,1569301200,40,43,3,83,39,-0.5184616564402371,-1.5536217754349262
173,1569315600,974,108,0,1082,39,-0.5823191038610287,1.723417358573652
173,1569330000,510,144,0,654,39,-0.5823191038610287,0.3194406324918988
173,1569344400,488,289,0,777,39,-0.5823191038610287,0.7229199252677297
173,1569358800,391,507,116,898,39,1.8868355297429156,1.1198385791366365
173,1569373200,118,215,97,333,39,1.482405029411235,-0.7335419120694162
173,1569387600,43,49,6,92,39,-0.4546042090194454,-1.524098900353768
173,1569402000,993,123,0,1116,39,-0.5823191038610287,1.8349482199913614
173,1569416400,516,149,0,665,39,-0.5823191038610287,0.3555241464799812
173,1569430800,501,289,0,790,39,-0.5823191038610287,0.7655640781627363
173,1569445200,383,478,95,861,39,1.4398333977973738,0.9984667593585411
173,1569459600,121,214,93,335,39,1.3972617661835127,-0.7269812731624921
173,1569474000,45,49,4,94,39,-0.49717584063330655,-1.5175382614468438
173,1569488400,974,85,0,1059,39,-0.5823191038610287,1.6479700111440252
173,1569502800,493,146,0,639,39,-0.5823191038610287,0.2702358406899682
173,1569517200,492,278,0,770,39,-0.5823191038610287,0.6999576890934954
173,1569531600,356,520,164,876,39,2.908554688475582,1.0476715511604717
173,1569546000,112,194,82,306,39,1.1631177923072766,-0.8221105373128913
173,1569560400,42,59,17,101,39,-0.22046023514320934,-1.4945760252726095
173,1569574800,913,112,0,1025,39,-0.5823191038610287,1.5364391497263157
173,1569589200,519,146,0,665,39,-0.5823191038610287,0.3555241464799812
173,1569603600,526,300,0,826,39,-0.5823191038610287,0.8836555784873698
173,1569618000,409,428,19,837,39,-0.1778886035293482,0.9197390924754522
173,1569632400,147,229,82,376,39,1.1631177923072766,-0.5924881755705484
173,1569646800,50,61,11,111,39,-0.34817512998479266,-1.4617728307379891
173,1569661200,325,68,0,393,39,-0.5823191038610287,-0.5367227448616938
173,1569675600,446,165,0,611,39,-0.5823191038610287,0.17838689599303104
173,1569690000,438,236,0,674,39,-0.5823191038610287,0.38504702156113957
173,1569704400,322,290,0,612,39,-0.5823191038610287,0.18166721544649309
173,1569718800,132,179,47,311,39,0.4181142390647073,-0.805708940045581
173,1569733200,55,62,7,117,39,-0.43331839321251486,-1.442090914017217
173,1569747600,180,45,0,225,39,-0.5823191038610287,-1.0878164130433166
173,1569762000,374,108,0,482,39,-0.5823191038610287,-0.24477431350357215
173,1569776400,375,201,0,576,39,-0.5823191038610287,0.06357571512185964
173,1569790800,288,235,0,523,39,-0.5823191038610287,-0.11028121591162851
173,1569805200,112,167,55,279,39,0.5884007655201517,-0.9106791625563664
173,1569819600,38,42,4,80,39,-0.49717584063330655,-1.5634627337953124
173,1569834000,725,102,0,827,39,-0.5823191038610287,0.8869358979408317
173,1569848400,441,155,0,596,39,-0.5823191038610287,0.12918210419110043
173,1569862800,404,266,0,670,39,-0.5823191038610287,0.3719257437472914
173,1569877200,292,473,181,765,39,3.2704135571934017,0.6835560918261853
173,1569891600,128,179,51,307,40,0.5234939266239601,-0.7951891099410734
173,1569906000,33,32,0,65,40,-0.6506673203169012,-1.5769943056695577
173,1569920400,782,100,0,882,40,-0.6506673203169012,1.0624058799096643
173,1569934800,477,139,0,616,40,-0.6506673203169012,0.20306628460480122
173,1569949200,465,281,0,746,40,-0.6506673203169012,0.6230442823101854
173,1569963600,374,482,108,856,40,1.8357917908519816,0.9784102803685873
173,1569978000,116,219,103,335,40,1.7206779431126815,-0.7047323104352984
173,1569992400,36,48,12,84,40,-0.3743940857425809,-1.5156129060049246
173,1570006800,987,126,0,1113,40,-0.6506673203169012,1.8086744758323083
173,1570021200,529,142,0,671,40,-0.6506673203169012,0.38074928363400223
173,1570035600,491,316,0,807,40,-0.6506673203169012,0.8201108812334811
173,1570050000,353,479,126,832,40,2.250201642713462,0.9008758807922087
173,1570064400,107,193,86,300,40,1.329290860799061,-0.8178033098175171
173,1570078800,37,42,5,79,40,-0.5355534725776011,-1.5317659059166702
173,1570093200,954,104,0,1058,40,-0.6506673203169012,1.6309914768031073
173,1570107600,501,127,0,628,40,-0.6506673203169012,0.24183348439299054
173,1570122000,510,302,0,812,40,-0.6506673203169012,0.8362638811452265
173,1570136400,360,493,133,853,40,2.411361029548482,0.9687184804215401
173,1570150800,93,208,115,301,40,1.9969511776870017,-0.814572709835168
173,1570165200,44,42,0,86,40,-0.6506673203169012,-1.5091517060402264
173,1570179600,877,107,0,984,40,-0.6506673203169012,1.3919270781092732
173,1570194000,491,162,0,653,40,-0.6506673203169012,0.32259848395171825
173,1570208400,515,349,0,864,40,-0.6506673203169012,1.0042550802273802
173,1570222800,405,441,36,846,40,0.17815238340605968,0.9461042805450963
173,1570237200,119,202,83,321,40,1.2602225521554808,-0.7499607101881859
173,1570251600,35,52,17,87,40,-0.25928023800328076,-1.5059211060578774
173,1570266000,309,68,0,377,40,-0.6506673203169012,-0.5690471111766358
173,1570280400,432,128,0,560,40,-0.6506673203169012,0.022152685593251138
173,1570294800,466,235,0,701,40,-0.6506673203169012,0.4776672831044755
173,1570309200,325,288,0,613,40,-0.6506673203169012,0.19337448465775392
173,1570323600,131,216,85,347,40,1.306268091251201,-0.6659651106471091
173,1570338000,36,58,22,94,40,-0.14416639026398065,-1.4833069061814337
173,1570352400,179,40,0,219,40,-0.6506673203169012,-1.079481908387795
173,1570366800,344,100,0,444,40,-0.6506673203169012,-0.3525969123592455
173,1570381200,383,225,0,608,40,-0.6506673203169012,0.17722148474600835
173,1570395600,237,275,38,512,40,0.22419792250177975,-0.13291611355950608
173,1570410000,102,154,52,256,40,0.5465166961718201,-0.959949709040878
173,1570424400,37,36,0,73,40,-0.6506673203169012,-1.551149505810765
173,1570438800,930,95,0,1025,40,-0.6506673203169012,1.5243816773855867
173,1570453200,472,135,0,607,40,-0.6506673203169012,0.17399088476365926
173,1570467600,472,317,0,789,40,-0.6506673203169012,0.7619600815511971
173,1570482000,353,468,115,821,40,1.9969511776870017,0.8653392809863686
173,1570496400,97,176,79,273,41,1.4599098794175038,-0.3689688383512084
173,1570510800,29,43,14,72,41,-0.16726948735336955,-0.9228918406221449
173,1570525200,944,95,0,1039,41,-0.5177388894270961,1.7420014091091767
173,1570539600,484,126,0,610,41,-0.5177388894270961,0.5597478370980733
173,1570554000,459,346,0,805,41,-0.5177388894270961,1.0971358243758476
173,1570568400,370,506,136,876,41,2.886821016431962,1.2928001684616013
173,1570582800,124,213,89,337,41,1.7102451666130227,-0.1925953450908107
173,1570597200,35,36,1,71,41,-0.4927053607075442,-0.9256476764543387
173,1570611600,799,92,0,891,41,-0.5177388894270961,1.334137705944507
173,1570621007,337,58,0,395,41,-0.5177388894270961,-0.03275686682357526
173,1570621759,373,82,0,455,41,-0.5177388894270961,0.1325932831080476
173,1570626000,119,54,0,173,41,-0.5177388894270961,-0.6445524215705798
173,1570640400,457,286,0,743,41,-0.5177388894270961,0.9262740027798373
173,1570654800,331,407,76,738,41,1.384809293258848,0.9124948236188687
173,1570669200,108,174,66,282,41,1.1344740060633292,-0.34416631586146496
173,1570683600,44,45,1,89,41,-0.4927053607075442,-0.8760426314748518
173,1570698000,979,98,0,1077,41,-0.5177388894270961,1.8467231707325378
173,1570712400,538,133,0,671,41,-0.5177388894270961,0.7278538228618898
173,1570726800,538,286,0,824,41,-0.5177388894270961,1.1494967051875282
173,1570741200,390,533,143,923,41,3.062055717468825,1.4223244525747059
173,1570755600,112,239,127,351,41,2.661519257955995,-0.15401364344009869
173,1570770000,50,46,0,96,41,-0.5177388894270961,-0.8567517806494959
173,1570784400,866,83,0,949,41,-0.5177388894270961,1.4939761842117425
173,1570798800,498,130,0,628,41,-0.5177388894270961,0.6093528820775601
173,1570813200,500,319,0,819,41,-0.5177388894270961,1.1357175260265595
173,1570827600,436,474,38,910,41,0.433535201915876,1.3864985867561876
173,1570842000,119,184,65,303,41,1.1094404773437772,-0.28629376338539697
173,1570856400,0,14,14,14,41,-0.16726948735336955,-1.0827303188893804
173,1570870800,9,8,0,17,41,-0.5177388894270961,-1.0744628113927992
173,1570885200,15,5,0,20,41,-0.5177388894270961,-1.0661953038962182
173,1570899600,5,2,0,7,41,-0.5177388894270961,-1.1020211697147364
173,1570914000,0,0,0,0,41,-0.5177388894270961,-1.1213120205400924
173,1570928400,0,1,1,1,41,-0.4927053607075442,-1.1185561847078986
173,1570942800,0,0,0,0,41,-0.5177388894270961,-1.1213120205400924
173,1570957200,3,1,0,4,41,-0.5177388894270961,-1.1102886772113176
173,1570971600,2,1,0,3,41,-0.5177388894270961,-1.1130445130435112
173,1570986000,1,0,0,1,41,-0.5177388894270961,-1.1185561847078986
173,1571000400,0,0,0,0,41,-0.5177388894270961,-1.1213120205400924
173,1571014800,1,1,0,2,41,-0.5177388894270961,-1.115800348875705
173,1571029200,7,0,0,7,41,-0.5177388894270961,-1.1020211697147364
173,1571043600,554,76,0,630,41,-0.5177388894270961,0.6148645537419476
173,1571058000,397,144,0,541,41,-0.5177388894270961,0.369595164676707
173,1571072400,357,231,0,588,41,-0.5177388894270961,0.49911944878981157
173,1571086800,304,364,60,668,41,0.9842728337460177,0.7195863153653087
173,1571101200,112,167,55,279,42,0.9407701220248741,-0.8458032774257555
173,1571115600,28,36,8,64,42,-0.36980166405635484,-1.5520732603325957
173,1571130000,940,129,0,1069,42,-0.5928777127510321,1.7493282876737974
173,1571144400,526,121,0,647,42,-0.5928777127510321,0.3630681351775806
173,1571158800,426,286,0,712,42,-0.5928777127510321,0.5765916183819741
173,1571173200,389,473,84,862,42,1.749420798543079,1.069338118084421
173,1571187600,106,167,61,273,42,1.108077158545882,-0.8655131374138533
173,1571202000,39,51,12,90,42,-0.2582636397090162,-1.4666638670508383
173,1571216400,895,112,0,1007,42,-0.5928777127510321,1.5456597344634528
173,1571230800,518,143,0,661,42,-0.5928777127510321,0.40905780848314227
173,1571245200,468,330,0,798,42,-0.5928777127510321,0.8590996115447103
173,1571259600,323,477,154,800,42,3.701336224621505,0.8656695648740763
173,1571274000,90,154,64,244,42,1.191730676806386,-0.9607774606896596
173,1571288400,43,43,0,86,42,-0.5928777127510321,-1.4798037737095702
173,1571302800,916,108,0,1024,42,-0.5928777127510321,1.6015043377630633
173,1571317200,528,145,0,673,42,-0.5928777127510321,0.448477528459338
173,1571331600,537,305,0,842,42,-0.5928777127510321,1.0036385847907614
173,1571346000,366,464,98,830,42,2.139803883758764,0.9642188648145656
173,1571360400,115,209,94,324,42,2.028265859411426,-0.6979793275150215
173,1571374800,35,46,11,81,42,-0.2861481457958509,-1.4962286570329852
173,1571389200,870,85,0,955,42,-0.5928777127510321,1.374840947899938
173,1571403600,486,157,0,643,42,-0.5928777127510321,0.3499282285188487
173,1571418000,428,299,0,727,42,-0.5928777127510321,0.6258662683522188
173,1571432400,321,323,2,644,42,-0.5371087005773628,0.35321320518353166
173,1571446800,152,221,69,373,42,1.3311532072405592,-0.5370154709455555
173,1571461200,33,55,22,88,42,0.02058142115933032,-1.4732338203802042
173,1571475600,265,65,0,330,42,-0.5928777127510321,-0.6782694675269235
173,1571490000,470,146,0,616,42,-0.5928777127510321,0.2612338585724083
173,1571504400,480,208,0,688,42,-0.5928777127510321,0.4977521784295827
173,1571518800,366,258,0,624,42,-0.5928777127510321,0.2875136718898721
173,1571533200,141,182,41,323,42,0.5503870368091888,-0.7012643041797044
173,1571547600,34,66,32,100,42,0.29942648202767685,-1.4338141004040086
173,1571562000,202,52,0,254,42,-0.5928777127510321,-0.9279276940428299
173,1571576400,321,118,0,439,42,-0.5928777127510321,-0.3202070110764789
173,1571590800,308,192,0,500,42,-0.5928777127510321,-0.11982343453081723
173,1571605200,213,194,0,407,42,-0.5928777127510321,-0.4253262643463342
173,1571619600,92,113,21,205,42,-0.007303084927504339,-1.0888915506122958
173,1571634000,38,37,0,75,42,-0.5928777127510321,-1.515938517021083
173,1571648400,901,103,0,1004,42,-0.5928777127510321,1.535804804469404
173,1571662800,503,122,0,625,42,-0.5928777127510321,0.29079864855455506
173,1571677200,462,271,0,733,42,-0.5928777127510321,0.6455761283403167
173,1571691600,374,439,65,813,42,1.2196151828932207,0.908374261514955
173,1571706000,109,190,81,299,43,1.3632528161434805,-0.7991063599409327
173,1571720400,29,31,2,60,43,-0.5222298199399159,-1.566707282532998
173,1571734800,901,110,0,1011,43,-0.5699635575622805,1.487637811128316
173,1571749200,489,127,0,616,43,-0.5699635575622805,0.2190086712795052
173,1571763600,481,301,0,782,43,-0.5699635575622805,0.7521540819501447
173,1571778000,346,512,166,858,43,3.39193666509397,0.9962447518957387
173,1571792400,108,215,107,323,43,1.9837914052342185,-0.7220250957475873
173,1571806800,37,32,0,69,43,-0.5699635575622805,-1.5378018084604934
173,1571821200,932,123,0,1055,43,-0.5699635575622805,1.6289534621494492
173,1571835600,506,133,0,639,43,-0.5699635575622805,0.2928782161314613
173,1571850000,488,277,0,765,43,-0.5699635575622805,0.697554853146525
173,1571864400,382,484,102,866,43,1.8644570611783073,1.0219385066268538
173,1571878800,106,209,103,315,43,1.8883239299894894,-0.7477188504787025
173,1571893200,33,46,13,79,43,-0.2596942630169114,-1.5056846150465995
173,1571907600,928,112,0,1040,43,-0.5699635575622805,1.5807776720286084
173,1571922000,520,162,0,682,43,-0.5699635575622805,0.43098214781120525
173,1571936400,542,336,0,878,43,-0.5699635575622805,1.0604791387235266
173,1571950800,370,403,33,773,43,0.21764311320673324,0.7232486078776401
173,1571965200,129,223,94,352,43,1.6735221106888494,-0.6288852348472949
173,1571979600,38,47,9,85,43,-0.3551617382616403,-1.4864142989982632
173,1571994000,883,108,0,991,43,-0.5699635575622805,1.423403424300528
173,1572008400,472,152,0,624,43,-0.5699635575622805,0.24470242601062037
173,1572022800,506,313,0,819,43,-0.5699635575622805,0.8709876975815523
173,1572037200,427,464,37,891,43,0.31311058845146217,1.1022314901615886
173,1572051600,152,207,55,359,43,0.7427142270527424,-0.6064031994575692
173,1572066000,47,44,0,91,43,-0.5699635575622805,-1.4671439829499269
173,1572080400,299,52,0,351,43,-0.5699635575622805,-0.6320969541886843
173,1572094800,446,126,0,572,43,-0.5699635575622805,0.07769302025837188
173,1572109200,448,246,0,694,43,-0.5699635575622805,0.469522779907878
173,1572123600,310,274,0,584,43,-0.5699635575622805,0.11623365235504461
173,1572138000,144,180,36,324,43,0.28924371964027995,-0.7188133764061979
173,1572152400,33,59,26,92,43,0.05057503152845762,-1.4639322636085375
173,1572166800,190,46,0,236,43,-0.5699635575622805,-1.0014446784484645
173,1572181200,346,74,0,420,43,-0.5699635575622805,-0.41048831963281607
173,1572195600,280,193,0,473,43,-0.5699635575622805,-0.24026719453917816
173,1572210000,232,177,0,409,43,-0.5699635575622805,-0.4458172323880994
173,1572224400,113,133,20,246,43,-0.09262618133863577,-0.9693274850345707
173,1572238800,38,33,0,71,43,-0.5699635575622805,-1.5313783697777146
173,1572253200,904,108,0,1012,43,-0.5699635575622805,1.4908495304697054
173,1572267600,479,122,0,601,43,-0.5699635575622805,0.1708328811586643
173,1572282000,478,304,0,782,43,-0.5699635575622805,0.7521540819501447
173,1572296400,350,469,119,819,43,2.270193830968405,0.8709876975815523
173,1572310800,118,184,66,302,44,1.396775752610167,-0.8078277761381767
173,1572325200,37,41,4,78,44,-0.4523366316282036,-1.5459827603949723
173,1572339600,946,128,0,1074,44,-0.5716342048048727,1.736170651746851
173,1572354000,478,150,0,628,44,-0.5716342048048727,0.2664513527355526
173,1572368400,482,325,0,807,44,-0.5716342048048727,0.8563162731907598
173,1572382800,365,469,104,834,44,2.530102697788523,0.9452903114717128
173,1572397200,117,189,72,306,44,1.5757221123751703,-0.7946464371335911
173,1572411600,37,35,0,72,44,-0.5716342048048727,-1.5657547689018507
173,1572426000,939,115,0,1054,44,-0.5716342048048727,1.6702639567239228
173,1572440400,500,127,0,627,44,-0.5716342048048727,0.2631560179844062
173,1572454800,449,255,0,704,44,-0.5716342048048727,0.5168967938226796
173,1572469200,353,486,133,839,44,3.3950101033193736,0.9617669852274449
173,1572483600,118,182,64,300,44,1.3371269660218323,-0.8144184456404695
173,1572498000,43,47,4,90,44,-0.4523366316282036,-1.5064387433812154
173,1572512400,899,108,0,1007,44,-0.5716342048048727,1.5153832234200415
173,1572526800,478,118,0,596,44,-0.5716342048048727,0.1610006406988675
173,1572541200,495,336,0,831,44,-0.5716342048048727,0.9354043072182735
173,1572555600,363,414,51,777,44,0.9494098531976579,0.7574562306563675
173,1572570000,134,177,43,311,44,0.7108147068443198,-0.778169763377859
173,1572584400,41,49,8,90,44,-0.33303905845153453,-1.5064387433812154
173,1572598800,807,107,0,914,44,-0.5716342048048727,1.2089170915634255
173,1572613200,478,144,0,622,44,-0.5716342048048727,0.24667934422867413
173,1572627600,573,297,0,870,44,-0.5716342048048727,1.0639223625129834
173,1572642000,405,448,43,853,44,0.7108147068443198,1.0079016717434945
173,1572656400,154,238,84,392,44,1.9336148319051776,-0.5112476485349998
173,1572670800,40,43,3,83,44,-0.48216102492237084,-1.5295060866392403
173,1572685200,278,64,0,342,44,-0.5716342048048727,-0.6760143860923203
173,1572699600,440,159,0,599,44,-0.5716342048048727,0.17088664495230674
173,1572714000,455,248,0,703,44,-0.5716342048048727,0.5136014590715332
173,1572728400,378,323,0,701,44,-0.5716342048048727,0.5070107895692404
173,1572742800,144,222,78,366,44,1.754668472140174,-0.5969263520648065
173,1572753600,50,50,0,100,44,-0.5716342048048727,-1.4734853958697511
173,1572768000,141,32,0,173,44,-0.5716342048048727,-1.2329259590360633
173,1572782400,329,101,0,430,44,-0.5716342048048727,-0.38602492799143634
173,1572796800,328,199,0,527,44,-0.5716342048048727,-0.0663774571302347
173,1572811200,267,242,0,509,44,-0.5716342048048727,-0.12569348265087005
173,1572825600,120,147,27,267,44,0.23362441413764357,-0.923164492428301
173,1572840000,34,47,13,81,44,-0.1839170919806982,-1.536096756141533
173,1572854400,571,96,0,667,44,-0.5716342048048727,0.39496940803026254
173,1572868800,747,140,0,887,44,-0.5716342048048727,1.1199430532824723
173,1572883200,436,251,0,687,44,-0.5716342048048727,0.4608761030531907
173,1572897600,436,444,8,880,44,-0.33303905845153453,1.0968757100244475
173,1572912000,157,249,92,406,45,2.413440540747821,-0.3927144482364584
173,1572926400,19,51,32,70,45,0.35736543503973817,-1.5396486977217443
173,1572940800,506,67,0,573,45,-0.7392079546712393,0.17733918171604976
173,1572955200,675,134,0,809,45,-0.7392079546712393,0.9829239521878577
173,1572969600,486,219,0,705,45,-0.7392079546712393,0.6279204940138406
173,1572984000,423,476,53,899,45,1.076991722037567,1.2901384832999878
173,1572998400,144,224,80,368,45,2.0022255196062044,-0.52242725026158
173,1573012800,28,44,16,72,45,-0.1909212598157506,-1.5328217081414748
173,1573027200,582,73,0,655,45,-0.7392079546712393,0.4572457545071017
173,1573041600,773,133,0,906,45,-0.7392079546712393,1.3140329468309313
173,1573056000,495,227,0,722,45,-0.7392079546712393,0.6859499054461319
173,1573070400,453,485,32,938,45,0.35736543503973817,1.4232647801152443
173,1573084800,85,104,19,189,45,-0.08811750453034646,-1.1334428176957054
173,1573099200,47,134,87,181,45,2.242100948605481,-1.1607507760167837
173,1573113600,562,82,0,644,45,-0.7392079546712393,0.4196973118156191
173,1573128000,781,157,0,938,45,-0.7392079546712393,1.4232647801152443
173,1573142400,516,209,0,725,45,-0.7392079546712393,0.6961903898165362
173,1573156800,478,533,55,1011,45,1.1455275588945033,1.6724498997950832
173,1573171200,81,161,80,242,45,2.0022255196062044,-0.9525275938185622
173,1573185600,2,5,3,7,45,-0.6364041993858353,-1.7546988695002355
173,1573200000,542,56,0,598,45,-0.7392079546712393,0.26267655146941926
173,1573214400,799,147,0,946,45,-0.7392079546712393,1.4505727384363225
173,1573228800,481,263,0,744,45,-0.7392079546712393,0.7610467908290971
173,1573243200,469,517,48,986,45,0.9056521298952269,1.5871125300417137
173,1573257600,161,233,72,394,45,1.72808217217846,-0.43367638571807576
173,1573272000,25,54,29,79,45,0.254561679754334,-1.5089272446105313
173,1573286400,171,51,0,222,45,-0.7392079546712393,-1.0207974896212577
173,1573300800,398,129,0,527,45,-0.7392079546712393,0.020318421369849914
173,1573315200,430,200,0,630,45,-0.7392079546712393,0.37190838475373217
173,1573329600,361,267,0,628,45,-0.7392079546712393,0.36508139517346266
173,1573344000,140,184,44,324,45,0.7685804561813547,-0.6726210210275103
173,1573358400,48,66,18,114,45,-0.12238542295881451,-1.389454926955814
173,1573372800,126,41,0,167,45,-0.7392079546712393,-1.2085397030786706
173,1573387200,310,101,0,411,45,-0.7392079546712393,-0.3756469742857845
173,1573401600,366,201,0,567,45,-0.7392079546712393,0.15685821297524108
173,1573416000,259,240,0,499,45,-0.7392079546712393,-0.07525943275392391
173,1573430400,130,174,44,304,45,0.7685804561813547,-0.7408909168302059
173,1573444800,21,61,40,82,45,0.6315087824674825,-1.498686760240127
173,1573459200,407,67,0,474,45,-0.7392079546712393,-0.16059680250729338
173,1573473600,634,113,0,747,45,-0.7392079546712393,0.7712872751995014
173,1573488000,412,209,0,621,45,-0.7392079546712393,0.3411869316425192
173,1573502400,349,411,62,760,45,1.3854029878937797,0.8156627074712535
173,1573516800,84,142,58,226,46,1.186444956239947,-0.6283983106039552
173,1573531200,3,8,5,11,46,-0.38710764212256216,-1.22784311542923
173,1573545600,838,67,0,905,46,-0.5355560004586479,1.264732026495401
173,1573560000,1145,100,0,1245,46,-0.5355560004586479,2.212691252730719
173,1573574400,489,194,0,683,46,-0.5355560004586479,0.6457704140711636
173,1573587045,420,341,0,761,46,-0.5355560004586479,0.8632434130310308
173,1573587124,2,4,2,6,46,-0.47617665712421364,-1.2417836922856318
173,1573587204,283,262,0,545,46,-0.5355560004586479,0.2610104928344757
173,1573588800,27,35,8,62,46,-0.2980386271209107,-1.0856492314939323
173,1573593642,66,105,39,171,46,0.622341194562821,-0.7817446560243744
173,1573593709,2,0,0,2,46,-0.5355560004586479,-1.252936153770753
173,1573593771,3,0,0,3,46,-0.5355560004586479,-1.2501480383994727
173,1573593843,0,0,0,0,46,-0.5355560004586479,-1.258512384513314
173,1573593926,0,0,0,0,46,-0.5355560004586479,-1.258512384513314
173,1573594007,2,0,0,2,46,-0.5355560004586479,-1.252936153770753
173,1573594088,1,1,0,2,46,-0.5355560004586479,-1.252936153770753
173,1573603200,37,73,36,110,46,0.5332721795611696,-0.9518196936724755
173,1573617600,5,11,6,16,46,-0.357417970455345,-1.2139025385728281
173,1573632000,822,64,0,886,46,-0.5355560004586479,1.2117578344410742
173,1573646400,869,124,0,993,46,-0.5355560004586479,1.5100861791680715
173,1573660800,460,242,0,702,46,-0.5355560004586479,0.6987446061254903
173,1573675200,407,519,112,926,46,2.789687226269673,1.323282449292288
173,1573689600,72,169,97,241,46,2.3443421512614155,-0.58657658003475
173,1573704000,5,24,19,29,46,0.028547761218477984,-1.1776570387461838
173,1573718400,586,56,0,642,46,-0.5355560004586479,0.5314576838486694
173,1573732800,798,135,0,933,46,-0.5355560004586479,1.3427992568912506
173,1573747200,490,214,0,704,46,-0.5355560004586479,0.704320836868051
173,1573761600,427,501,74,928,46,1.6614797029154214,1.328858680034849
173,1573776000,74,196,122,270,46,3.0865839429418447,-0.50572123426762
173,1573790400,3,24,21,27,46,0.08792710455291229,-1.1832332694887444
173,1573804800,597,66,0,663,46,-0.5355560004586479,0.5900081066455567
173,1573819200,753,125,0,878,46,-0.5355560004586479,1.1894529114708314
173,1573833600,460,214,0,674,46,-0.5355560004586479,0.6206773757296405
173,1573848000,480,477,0,957,46,-0.5355560004586479,1.409714025801979
173,1573862400,156,239,83,395,46,1.9286867479203755,-0.15720681285757646
173,1573876800,38,77,39,115,46,0.622341194562821,-0.9378791168160738
173,1573891200,180,50,0,230,46,-0.5355560004586479,-0.6172458491188338
173,1573905600,433,147,0,580,46,-0.5355560004586479,0.3585945308292879
173,1573920000,487,272,0,759,46,-0.5355560004586479,0.8576671822884702
173,1573934400,391,303,0,694,46,-0.5355560004586479,0.6764396831552475
173,1573948800,163,177,14,340,46,-0.11990059711760778,-0.31055315827799557
173,1573963200,45,69,24,114,46,0.17699611955456376,-0.9406672321873542
173,1573977600,117,33,0,150,46,-0.5355560004586479,-0.8402950788212616
173,1573992000,305,94,0,399,46,-0.5355560004586479,-0.14605435137245507
173,1574006400,352,192,0,544,46,-0.5355560004586479,0.2582223774631954
173,1574020800,278,246,0,524,46,-0.5355560004586479,0.2024600700375884
173,1574035200,124,147,23,271,46,0.1473064478873466,-0.5029331188963396
173,1574049600,21,51,30,72,46,0.35513414955786665,-1.0577680777811287
173,1574064000,575,64,0,639,46,-0.5355560004586479,0.5230933377348284
173,1574078400,730,135,0,865,46,-0.5355560004586479,1.153207411644187
173,1574092800,473,205,0,678,46,-0.5355560004586479,0.6318298372147619
173,1574107200,387,513,126,900,46,3.2053426296107133,1.2507914496389991
173,1574121600,73,159,86,232,47,2.0564244452439073,-0.9205774479474182
173,1574136000,1,27,26,28,47,0.12277160867127808,-1.5103417349231532
173,1574150400,605,77,0,682,47,-0.7151446205101947,0.3803731850872912
173,1574164800,783,134,0,917,47,-0.7151446205101947,1.059758515672084
173,1574179200,464,236,0,700,47,-0.7151446205101947,0.4324112104086795
173,1574193600,443,526,83,969,47,1.959741803415276,1.2100905888227613
173,1574208000,68,163,95,231,47,2.346472370729802,-0.923468449354162
173,1574222400,1,7,6,8,47,-0.5217793368529318,-1.5681617630580291
173,1574236800,869,80,0,949,47,-0.7151446205101947,1.1522705606878854
173,1574251200,1119,98,0,1217,47,-0.7151446205101947,1.9270589376952234
173,1574265600,616,195,0,811,47,-0.7151446205101947,0.7533123665572412
173,1574280000,529,573,44,1102,47,0.7028674596430668,1.5945937759196867
173,1574294400,82,166,84,248,47,1.9919693506914864,-0.8743214254395174
173,1574308800,5,21,16,26,47,-0.19950386409082682,-1.5161237377366408
173,1574323200,660,80,0,740,47,-0.7151446205101947,0.5480512666784315
173,1574337600,790,140,0,930,47,-0.7151446205101947,1.0973415339597532
173,1574352000,503,234,0,737,47,-0.7151446205101947,0.5393782624582001
173,1574366400,434,464,30,898,47,0.25168179777612004,1.0048294889439517
173,1574380800,84,176,92,260,47,2.2497897289011703,-0.8396294085585918
173,1574395200,0,15,15,15,47,-0.23173141136703732,-1.5479247532108225
173,1574409600,569,79,0,648,47,-0.7151446205101947,0.28207913725800204
173,1574424000,740,156,0,896,47,-0.7151446205101947,0.9990474861304641
173,1574438400,511,307,0,818,47,-0.7151446205101947,0.7735493764044478
173,1574452800,499,568,69,1067,47,1.508556141548329,1.4934087266836535
173,1574467200,155,213,58,368,47,1.1540531215100138,-0.5274012566302616
173,1574481600,28,59,31,87,47,0.2839093450523305,-1.339772651925269
173,1574496000,207,43,0,250,47,-0.7151446205101947,-0.8685394226260298
173,1574510400,397,148,0,545,47,-0.7151446205101947,-0.01569400763660924
173,1574524800,460,217,0,677,47,-0.7151446205101947,0.3659181780535722
173,1574539200,384,246,0,630,47,-0.7151446205101947,0.23004111193661364
173,1574553600,163,214,51,377,47,0.9284602905765403,-0.5013822439695674
173,1574568000,46,63,17,109,47,-0.16727631681461633,-1.2761706209769055
173,1574582400,121,37,0,158,47,-0.7151446205101947,-1.1345115520464593
173,1574596800,284,69,0,353,47,-0.7151446205101947,-0.5707662777314185
173,1574611200,329,166,0,495,47,-0.7151446205101947,-0.16024407797379916
173,1574625600,233,244,11,477,47,-0.36064160047187926,-0.21228210329518754
173,1574640000,109,159,50,268,47,0.8962327433003299,-0.8165013973046414
173,1574654400,27,35,8,62,47,-0.4573242423005107,-1.4120476870938639
173,1574668800,576,73,0,649,47,-0.7151446205101947,0.2849701386647458
173,1574683200,762,165,0,927,47,-0.7151446205101947,1.0886685297395218
173,1574697600,437,222,0,659,47,-0.7151446205101947,0.3138801527321838
173,1574712000,419,479,60,898,47,1.2185082160624348,1.0048294889439517
173,1574726400,157,257,100,414,48,2.777689524835265,-0.1254112050492099
173,1574740800,36,46,10,82,48,-0.23341928780128285,-1.4284464039447848
173,1574755200,533,58,0,591,48,-0.5679869336497881,0.5692792473740333
173,1574769600,760,125,0,885,48,-0.5679869336497881,1.7231718632634885
173,1574784000,476,245,0,721,48,-0.5679869336497881,1.079503873447602
173,1574798400,440,481,41,921,48,0.8037404143290837,1.8644648366377075
173,1574812800,166,255,89,421,48,2.4096651144019092,-0.09793757133755622
173,1574827200,37,50,13,87,48,-0.13304899404673126,-1.4088223798650323
173,1574841600,487,79,0,566,48,-0.5679869336497881,0.47115912697527024
173,1574856000,690,149,0,839,48,-0.5679869336497881,1.542630841729764
173,1574870400,482,311,0,793,48,-0.5679869336497881,1.3620898201960399
173,1574884800,446,473,27,919,48,0.3353457101411762,1.8566152270058063
173,1574899200,181,207,26,388,48,0.30188894555632567,-0.2274561302639236
173,1574913600,41,59,18,100,48,0.03423482887752142,-1.3577999172576753
173,1574928000,142,32,0,174,48,-0.5679869336497881,-1.0673643608773364
173,1574942400,246,109,0,355,48,-0.5679869336497881,-0.356974689190291
173,1574956800,354,188,0,542,48,-0.5679869336497881,0.37696381139245755
173,1574971200,263,171,0,434,48,-0.5679869336497881,-0.04691510873019936
173,1574985600,131,132,1,263,48,-0.5345301690649377,-0.7180567322577395
173,1575000000,32,38,6,70,48,-0.36724634614068496,-1.4755440617361912
173,1575014400,208,49,0,257,48,-0.5679869336497881,-0.7416055611534427
173,1575028800,359,83,0,442,48,-0.5679869336497881,-0.015516670202595149
173,1575043200,422,166,0,588,48,-0.5679869336497881,0.5575048329261818
173,1575057600,321,311,0,632,48,-0.5679869336497881,0.730196244828005
173,1575072000,138,208,70,346,48,1.7739865872897491,-0.39229793253384576
173,1575086400,36,62,26,98,48,0.30188894555632567,-1.3656495268895765
173,1575100800,165,30,0,195,48,-0.5679869336497881,-0.9849434597423754
173,1575115200,360,98,0,458,48,-0.5679869336497881,0.047280206852613284
173,1575129600,429,207,0,636,48,-0.5679869336497881,0.7458954640918071
173,1575144000,329,276,0,605,48,-0.5679869336497881,0.6242265147973408
173,1575158400,173,226,53,399,48,1.20522158934729,-0.18428327728846783
173,1575172800,56,90,34,146,48,0.56954306223513,-1.1772588957239511
173,1575187200,123,37,0,160,48,-0.5679869336497881,-1.1223116283006438
173,1575201600,283,92,0,375,48,-0.5679869336497881,-0.27847859287128046
173,1575216000,289,162,0,451,48,-0.5679869336497881,0.019806573140959596
173,1575230400,209,232,23,441,48,0.20151865180177408,-0.019441475018545675
173,1575244800,95,129,34,224,48,0.56954306223513,-0.8711241200798101
173,1575259200,27,55,28,82,48,0.36880247472602673,-1.4284464039447848
173,1575273600,560,69,0,629,48,-0.5679869336497881,0.7184218303801534
173,1575275309,166,17,0,183,48,-0.5679869336497881,-1.0320411175337816
173,1575288000,685,110,0,795,48,-0.5679869336497881,1.369939429827941
173,1575302400,439,215,0,654,48,-0.5679869336497881,0.8165419507789166
173,1575316800,342,473,131,815,48,3.814849226965632,1.4484355261469515
173,1575331200,135,223,88,358,49,1.7365681506460329,-0.6708403118551639
173,1575345600,15,38,23,53,49,-0.02910449414490562,-1.7189515930924675
173,1575360000,559,68,0,627,49,-0.6538809684555453,0.253559473891835
173,1575374400,771,121,0,892,49,-0.6538809684555453,1.1642135379176888
173,1575388800,484,244,0,728,49,-0.6538809684555453,0.6006389473507453
173,1575403200,457,508,51,965,49,0.7314929528419601,1.4150729593285845
173,1575417600,170,278,108,448,49,2.279852041350937,-0.3615615731294022
173,1575432000,21,37,16,58,49,-0.21925385589162205,-1.7017694409410362
173,1575446400,613,67,0,680,49,-0.6538809684555453,0.4356902866970057
173,1575460800,785,115,0,900,49,-0.6538809684555453,1.1917049813599787
173,1575475200,488,248,0,736,49,-0.6538809684555453,0.6281303907930352
173,1575489600,425,488,63,913,49,1.0574632872649028,1.2363785769537
173,1575504000,139,294,155,433,49,3.5565691845074614,-0.4131080295836958
173,1575518400,19,41,22,60,49,-0.05626868868015082,-1.6948965800804636
173,1575532800,604,72,0,676,49,-0.6538809684555453,0.42194456497586075
173,1575547200,766,144,0,910,49,-0.6538809684555453,1.2260692856628412
173,1575561600,514,206,0,720,49,-0.6538809684555453,0.5731475039084554
173,1575576000,458,514,56,972,49,0.8673139255181862,1.439127972340588
173,1575590400,193,275,82,468,49,1.5735829834345616,-0.29283296452367735
173,1575604800,21,37,16,58,49,-0.21925385589162205,-1.7017694409410362
173,1575619200,537,50,0,587,49,-0.6538809684555453,0.1161022566803853
173,1575633600,729,164,0,893,49,-0.6538809684555453,1.167649968347975
173,1575648000,515,244,0,759,49,-0.6538809684555453,0.7071682906896187
173,1575662400,494,511,17,1005,49,-0.19208966135637684,1.5525301765400341
173,1575676800,184,290,106,474,49,2.2255236522804465,-0.2722143819419599
173,1575691200,36,86,50,122,49,0.7043287583067149,-1.4818378934027168
173,1575705600,188,38,0,226,49,-0.6538809684555453,-1.1244491286529477
173,1575720000,440,128,0,568,49,-0.6538809684555453,0.05081007850494673
173,1575734400,482,216,0,698,49,-0.6538809684555453,0.49754603444215806
173,1575748800,376,290,0,666,49,-0.6538809684555453,0.38758026067299833
173,1575763200,163,197,34,360,49,0.26970164574279165,-0.6639674509945914
173,1575777600,58,78,20,136,49,-0.11059707775064123,-1.4337278673787093
173,1575792000,131,35,0,166,49,-0.6538809684555453,-1.3306349544701221
173,1575806400,329,92,0,421,49,-0.6538809684555453,-0.4543451947471307
173,1575820800,361,191,0,552,49,-0.6538809684555453,-0.004172808379633125
173,1575835200,273,273,0,546,49,-0.6538809684555453,-0.024791390961350572
173,1575849600,143,162,19,305,49,-0.13776127228588644,-0.8529711246603346
173,1575864000,36,66,30,102,49,0.16104486760181083,-1.5505665020084416
173,1575878400,536,59,0,595,49,-0.6538809684555453,0.14359370012267525
173,1575892800,739,122,0,861,49,-0.6538809684555453,1.0576841945788154
173,1575907200,433,278,0,711,49,-0.6538809684555453,0.5422196300358791
173,1575921600,386,441,55,827,49,0.840149730982941,0.9408455599490831
173,1575936000,84,179,95,263,50,1.6408812520757199,-0.9920378857264918
173,1575950400,15,20,5,35,50,-0.5822481862204167,-1.7723052199126834
173,1575964800,616,45,0,661,50,-0.7057553772368688,0.37000772394940434
173,1575979200,860,143,0,1003,50,-0.7057553772368688,1.540408725228692
173,1575993600,478,259,0,737,50,-0.7057553772368688,0.6300968353448015
173,1576008000,418,532,114,950,50,2.1102085779382374,1.3590307922819018
173,1576022400,145,279,134,424,50,2.604237342004046,-0.44105963658624237
173,1576036800,22,55,33,77,50,0.10939208347171461,-1.628571763615227
173,1576051200,592,63,0,655,50,-0.7057553772368688,0.3494743730497677
173,1576065600,795,120,0,915,50,-0.7057553772368688,1.2392529120340214
173,1576080000,543,261,0,804,50,-0.7057553772368688,0.8593859203907439
173,1576094400,396,497,101,893,50,1.7890898812954623,1.1639639587353539
173,1576108800,179,271,92,450,50,1.5667769374658487,-0.352081782687817
173,1576123200,24,63,39,87,50,0.25760071269145707,-1.5943495121158329
173,1576137600,630,78,0,708,50,-0.7057553772368688,0.5308523059965579
173,1576152000,765,118,0,883,50,-0.7057553772368688,1.1297417072359595
173,1576166400,475,235,0,710,50,-0.7057553772368688,0.5376967562964368
173,1576180800,436,442,6,878,50,-0.5575467480171263,1.1126305814862623
173,1576195200,156,275,119,431,50,2.2337157689546894,-0.41710406053666627
173,1576209600,34,89,55,123,50,0.6528237239441036,-1.471149406718013
173,1576224000,549,82,0,631,50,-0.7057553772368688,0.2673409694512212
173,1576238400,731,150,0,881,50,-0.7057553772368688,1.1228972569360807
173,1576252800,500,268,0,768,50,-0.7057553772368688,0.7361858149929241
173,1576267200,461,502,41,963,50,0.3070035890980379,1.4035197192311144
173,1576281600,167,240,73,407,50,1.097449611603331,-0.4992374641352128
173,1576296000,49,98,49,147,50,0.5046150947243611,-1.3890160031194665
173,1576310400,152,37,0,189,50,-0.7057553772368688,-1.2452825468220101
173,1576324800,400,128,0,528,50,-0.7057553772368688,-0.08514822099254085
173,1576339200,450,208,0,658,50,-0.7057553772368688,0.359741048499586
173,1576353600,377,280,0,657,50,-0.7057553772368688,0.3563188233496466
173,1576368000,145,232,87,377,50,1.4432697464493967,-0.6019042186333959
173,1576382400,53,78,25,131,50,-0.08821942215460862,-1.4437716055184975
173,1576396800,119,35,0,154,50,-0.7057553772368688,-1.3650604270698905
173,1576411200,342,87,0,429,50,-0.7057553772368688,-0.42394851083654517
173,1576425600,389,208,0,597,50,-0.7057553772368688,0.15098531435328033
173,1576440000,274,238,0,512,50,-0.7057553772368688,-0.13990382339157187
173,1576454400,145,179,34,324,50,0.13409352167500502,-0.7832821515801861
173,1576468800,34,60,26,94,50,-0.06351798395131822,-1.5703939360662567
173,1576483200,546,60,0,606,50,-0.7057553772368688,0.18178534070273528
173,1576497600,747,152,0,899,50,-0.7057553772368688,1.1844973096349904
173,1576512000,456,238,0,694,50,-0.7057553772368688,0.4829411538974058
173,1576526400,408,480,72,888,50,1.0727481734000406,1.1468528329856567
173,1576540800,154,279,125,433,51,2.8993705955293776,-0.3455071964822215
173,1576555200,37,54,17,91,51,-0.16983477700767177,-1.5115939846097186
173,1576569600,505,55,0,560,51,-0.6529504374996148,0.08751333595108883
173,1576584000,751,117,0,868,51,-0.6529504374996148,1.1376733673641564
173,1576598400,438,235,0,673,51,-0.6529504374996148,0.472799321501987
173,1576612800,401,464,63,865,51,1.1374193631469975,1.127444535889354
173,1576627200,159,274,115,433,51,2.615184912887058,-0.3455071964822215
173,1576641600,24,58,34,82,51,0.3132808834842712,-1.5422804790341265
173,1576656000,597,76,0,673,51,-0.6529504374996148,0.472799321501987
173,1576670400,788,152,0,940,51,-0.6529504374996148,1.383165322759419
173,1576684800,482,226,0,708,51,-0.6529504374996148,0.5921356887080175
173,1576699200,418,434,16,852,51,-0.19825334527190372,1.0831195994985425
173,1576713600,129,250,121,379,51,2.78569632247245,-0.5296261630286684
173,1576728000,34,66,32,100,51,0.2564437469558073,-1.4809074901853108
173,1576742400,559,65,0,624,51,-0.6529504374996148,0.30572840741354446
173,1576756800,725,144,0,869,51,-0.6529504374996148,1.1410829778557574
173,1576771200,490,183,0,673,51,-0.6529504374996148,0.472799321501987
173,1576785600,644,720,76,1364,51,1.5068607505820126,2.828840171198187
173,1576800000,157,242,85,399,51,1.7626278649601002,-0.46143395319665104
173,1576814400,28,67,39,95,51,0.45537372480543087,-1.497955542643315
173,1576828800,530,56,0,586,51,-0.6529504374996148,0.17616320873271143
173,1576843200,775,137,0,912,51,-0.6529504374996148,1.2876962289945946
173,1576857600,509,274,0,783,51,-0.6529504374996148,0.8478564755780826
173,1576872000,405,370,0,775,51,-0.6529504374996148,0.8205795916452756
173,1576886400,178,198,20,376,51,-0.08457907221497596,-0.5398549945034711
173,1576900800,34,79,45,113,51,0.6258851343908225,-1.4365825537944996
173,1576915200,150,31,0,181,51,-0.6529504374996148,-1.2047290403656405
173,1576929600,379,114,0,493,51,-0.6529504374996148,-0.14093056698616938
173,1576944000,470,205,0,675,51,-0.6529504374996148,0.47961854248518876
173,1576958400,348,302,0,650,51,-0.6529504374996148,0.394378280195167
173,1576972800,166,208,42,374,51,0.5406294295981267,-0.5466742154866727
173,1576987200,38,84,46,122,51,0.6543037026550544,-1.4058960593700918
173,1577001600,112,31,0,143,51,-0.6529504374996148,-1.3342942390464734
173,1577016000,349,80,0,429,51,-0.6529504374996148,-0.35914563844862496
173,1577030400,389,187,0,576,51,-0.6529504374996148,0.14206710381670273
173,1577044800,290,254,0,544,51,-0.6529504374996148,0.032959568085474934
173,1577059200,121,161,40,282,51,0.4837922930696628,-0.8603583807139527
173,1577073600,31,69,38,100,51,0.426955156541199,-1.4809074901853108
173,1577088000,369,62,0,431,51,-0.6529504374996148,-0.35232641746542326
173,1577102400,614,105,0,719,51,-0.6529504374996148,0.629641404115627
173,1577116800,454,240,0,694,51,-0.6529504374996148,0.5444011418256053
173,1577131200,396,407,11,803,51,-0.3403461865930634,0.9160486854101
173,1577145600,136,268,132,404,52,3.9389983877557935,0.04666563218610248
173,1577160000,25,54,29,79,52,0.44269533047309273,-1.4093020920202923
173,1577174400,267,59,0,326,52,-0.5417006759463084,-0.30276662162343226
173,1577188800,444,111,0,555,52,-0.5417006759463084,0.7231306363558428
173,1577203200,405,234,0,639,52,-0.5417006759463084,1.0994422943045725
173,1577217600,327,304,0,631,52,-0.5417006759463084,1.0636030887856458
173,1577232000,115,147,32,262,52,0.5445294001026859,-0.5894802657748454
173,1577246400,32,41,9,73,52,-0.23619846705752873,-1.4361814961594872
173,1577260800,88,33,0,121,52,-0.5417006759463084,-1.2211462630459273
173,1577275200,151,56,0,207,52,-0.5417006759463084,-0.835874803717466
173,1577289600,242,136,0,378,52,-0.5417006759463084,-0.0698117857504091
173,1577304000,204,179,0,383,52,-0.5417006759463084,-0.04741228230107995
173,1577318400,97,123,26,220,52,0.3408612608434995,-0.7776360947492102
173,1577332800,26,35,9,61,52,-0.23619846705752873,-1.4899403044378772
173,1577347200,313,43,0,356,52,-0.5417006759463084,-0.16836960092745737
173,1577361600,460,121,0,581,52,-0.5417006759463084,0.8396080542923544
173,1577376000,371,208,0,579,52,-0.5417006759463084,0.8306482529126228
173,1577390400,357,395,38,752,52,0.7481975393618723,1.6056710722594114
173,1577404800,154,221,67,375,52,1.7325935457812733,-0.08325148782000659
173,1577419200,22,47,25,69,52,0.30691657096696845,-1.4541010989189507
173,1577433600,286,45,0,331,52,-0.5417006759463084,-0.2803671181741031
173,1577448000,512,127,0,639,52,-0.5417006759463084,1.0994422943045725
173,1577462400,456,199,0,655,52,-0.5417006759463084,1.1711207053424257
173,1577476800,377,393,16,770,52,0.0014143620781887746,1.6863092846769963
