remote_unit_id,time_stamp,entries,exits,num_people_exited,sum_exit_entry,week_num,z_score_num_people_exited,z_score_sum_exit_entry
11,1546311600,421,900,479,1321,1,-0.1202024429231394,-0.37198446722404604
11,1546326000,118,179,61,297,1,-0.6073386589800729,-1.0672305654541
11,1546340400,298,566,268,864,1,-0.36610134624374463,-0.6822651966099198
11,1546354800,565,807,242,1372,1,-0.3964016850415443,-0.3373579525661039
11,1546369200,643,1150,507,1793,1,-0.08757130883320127,-0.05151946882113049
11,1546383600,437,716,279,1153,1,-0.3532819721369832,-0.4860482802149143
11,1546398000,89,124,35,213,1,-0.6376389977778726,-1.1242624719495342
11,1546412400,633,496,0,1129,1,-0.6784279153902953,-0.5023431106421812
11,1546426800,2029,1342,0,3371,1,-0.6784279153902953,1.0198656317716677
11,1546441200,718,1204,486,1922,1,-0.11204465940065488,0.03606524472542907
11,1546455600,1110,3981,2871,5091,1,2.6674287264744327,2.1876618123924616
11,1546470000,547,1474,927,2021,1,0.4018957025158707,0.103281420237905
11,1546484400,109,190,81,299,1,-0.5840307060586886,-1.0658726629184947
11,1546498800,669,614,0,1283,1,-0.6784279153902953,-0.397784615400552
11,1546513200,2067,1508,0,3575,1,-0.6784279153902953,1.1583716904034362
11,1546527600,679,1356,677,2035,1,0.11054629099856596,0.11278673798714402
11,1546542000,1248,4456,3208,5704,1,3.0601677331997594,2.6038589395555705
11,1546556400,608,1763,1155,2371,1,0.6676063658196526,0.34091436396888053
11,1546570800,97,196,99,293,1,-0.5630535484294427,-1.0699463705253114
11,1546585200,624,578,0,1202,1,-0.6784279153902953,-0.45277966809257775
11,1546599600,1926,1644,0,3570,1,-0.6784279153902953,1.1549769340644225
11,1546614000,672,1573,901,2245,1,0.371595363718071,0.2553665042257293
11,1546628400,1230,4088,2858,5318,1,2.6522785570755327,2.3417837501836947
11,1546642800,555,1632,1077,2187,1,0.5767053494262535,0.21598733069316767
11,1546657200,163,250,87,413,1,-0.5770383201822732,-0.9884722183889768
11,1546671600,129,190,61,319,1,-0.6073386589800729,-1.0522936375624388
11,1546686000,571,974,403,1545,1,-0.20877266402440003,-0.2198993832362217
11,1546700400,658,1073,415,1731,1,-0.19478789227156942,-0.0936144474249033
11,1546714800,651,1468,817,2119,1,0.2737019614482566,0.16981864448257816
11,1546729200,448,761,313,1209,1,-0.31365845217062976,-0.44802700921795824
11,1546743600,143,220,77,363,1,-0.5886922966429654,-1.0224197817791163
11,1546758000,57,127,70,184,1,-0.5968500801654499,-1.1439520587158152
11,1546772400,431,580,149,1011,1,-0.5047836661259817,-0.5824593602429101
11,1546786800,546,851,305,1397,1,-0.3229816333391835,-0.3203841708710342
11,1546801200,572,1165,593,1737,1,0.012652888728751558,-0.08954073981808656
11,1546815600,427,588,161,1015,1,-0.49079889437315105,-0.579743555171699
11,1546830000,100,122,22,222,1,-0.6527891671767725,-1.1181519105393092
11,1546844400,675,561,0,1236,1,-0.6784279153902953,-0.42969532498728297
11,1546858800,2308,1357,0,3665,1,-0.6784279153902953,1.2194773045056873
11,1546873200,653,1394,741,2047,1,0.18513174034699598,0.12093415320077747
11,1546887600,1198,4354,3156,5552,1,2.9995670556041603,2.500658346849547
11,1546902000,615,1484,869,2099,1,0.334302639043856,0.1562396191265224
11,1546916400,101,188,87,289,2,-0.5720164253230604,-1.1043064997554577
11,1546930800,661,515,0,1176,2,-0.6641825656940471,-0.5637464981233199
11,1546945200,2304,1564,0,3868,2,-0.6641825656940471,1.0768256827038671
11,1546959600,653,1310,657,1963,2,0.031830701245473075,-0.08412899949367791
11,1546974000,1204,4212,3008,5416,2,2.5224352531097227,2.020215629182502
11,1546988400,600,1539,939,2139,2,0.3305761217583265,0.02312980579071469
11,1547002800,107,159,52,266,2,-0.609094757656216,-1.1183232754460317
11,1547017200,659,486,0,1145,2,-0.6641825656940471,-0.5826386740540936
11,1547031600,2168,1629,0,3797,2,-0.6641825656940471,1.0335565055720952
11,1547046000,671,1278,607,1949,2,-0.021138344944749164,-0.09266094991402733
11,1547060400,1267,4147,2880,5414,2,2.386834494862754,2.0189967791224523
11,1547074800,619,1633,1014,2252,2,0.4100296910436598,0.09199483418353495
11,1547089200,102,178,76,280,2,-0.5836696154849094,-1.1097913250256823
11,1547103600,650,567,0,1217,2,-0.6641825656940471,-0.5387600718922966
11,1547118000,2235,1497,0,3732,2,-0.6641825656940471,0.9939438786204728
11,1547132400,2818,1376,0,4194,2,-0.6641825656940471,1.2754982424920034
11,1547146800,1226,4256,3030,5482,2,2.5457416334334204,2.0604376811641494
11,1547161200,577,1722,1145,2299,2,0.5488085920620421,0.12063781059470798
11,1547175600,104,191,87,295,2,-0.5720164253230604,-1.100649949575308
11,1547190000,639,628,0,1267,2,-0.6641825656940471,-0.5082888203910487
11,1547204400,2087,1759,0,3846,2,-0.6641825656940471,1.0634183320433181
11,1547218800,660,1591,931,2251,2,0.3221010743678909,0.09138540915351
11,1547233200,1248,4336,3088,5584,2,2.607185727014078,2.122599034226695
11,1547247600,623,1666,1043,2289,2,0.44075173783398874,0.11454356029445839
11,1547262000,146,270,124,416,2,-0.532819331142296,-1.026909520942288
11,1547276400,138,204,66,342,2,-0.5942634247229538,-1.0720069731641348
11,1547290800,598,957,359,1555,2,-0.2838648140482515,-0.3327744117438608
11,1547305200,611,1024,413,1635,2,-0.22665824416281144,-0.2840204093418642
11,1547319600,661,1350,689,2011,2,0.06573089080721531,-0.054876598052479936
11,1547334000,475,887,412,1362,2,-0.2277176250866159,-0.4503934425386777
11,1547348400,142,205,63,347,2,-0.597441567494367,-1.0689598480140101
11,1547362800,73,127,54,200,2,-0.6069759958086071,-1.158545327427679
11,1547377200,388,610,222,998,2,-0.42900000060946036,-0.6722241534677624
11,1547391600,479,836,357,1315,2,-0.2859835758958603,-0.4790364189498507
11,1547406000,541,959,418,1500,2,-0.22136133954378923,-0.3662927883952335
11,1547420400,376,631,255,1007,2,-0.3940404301239137,-0.6667393281975378
11,1547434800,94,98,4,192,2,-0.6599450419988293,-1.1634207276678785
11,1547449200,674,595,0,1269,2,-0.6641825656940471,-0.5070699703309988
11,1547451902,503,185,0,688,2,-0.6641825656940471,-0.8611459127754995
11,1547463600,2018,1327,0,3345,2,-0.6641825656940471,0.758096392000814
11,1547478000,635,1371,736,2006,2,0.11552179422602421,-0.05792372320260473
11,1547492400,1211,4433,3222,5644,2,2.7491427708038736,2.1591645360281926
11,1547506800,591,1512,921,2103,2,0.3115072651298465,0.0011905047098162034
11,1547521200,97,155,58,252,3,-0.6299326926188946,-1.0758825619935977
11,1547535600,688,587,0,1275,3,-0.6968736974726701,-0.4133707505587123
11,1547550000,2307,1614,0,3921,3,-0.6968736974726701,1.3002228496922232
11,1547564400,644,1480,836,2124,3,0.26800009662657703,0.13645576743563548
11,1547578800,1272,4474,3202,5746,3,2.9987314325581784,2.482123197559932
11,1547593200,610,1601,991,2211,3,0.4468941613220116,0.19279841415590435
11,1547607600,106,174,68,280,3,-0.6183911400578987,-1.0577492963824768
11,1547622000,678,520,0,1198,3,-0.6968736974726701,-0.46323723098929503
11,1547636400,2269,1527,0,3796,3,-0.6968736974726701,1.2192707710711472
11,1547650800,657,1488,831,2145,3,0.26222932034607915,0.15005571664397624
11,1547665200,1239,4224,2985,5463,3,2.74827974198457,2.298847691561816
11,1547679600,594,1681,1087,2275,3,0.5576930659075711,0.23424587840989522
11,1547694000,101,234,133,335,3,-0.5433710484114262,-1.0221303817892033
11,1547708400,726,632,0,1358,3,-0.6968736974726701,-0.3596185703543179
11,1547722800,2265,1556,0,3821,3,-0.6968736974726701,1.2354611867953624
11,1547737200,675,1411,736,2086,3,0.15258457101661924,0.1118463355348284
11,1547751600,1285,4351,3066,5636,3,2.8417663177286356,2.410885368373385
11,1547758628,407,1116,709,1523,3,0.12142237910193064,-0.25276182657449764
11,1547758722,138,956,818,1094,3,0.24722530201678464,-0.5305893604020302
11,1547766000,335,463,128,798,3,-0.5491418246919241,-0.722283882576738
11,1547780400,105,229,124,334,3,-0.5537584457163224,-1.022777998418172
11,1547794800,596,546,0,1142,3,-0.6968736974726701,-0.4995037622115371
11,1547809200,1990,1949,0,3939,3,-0.6968736974726701,1.3118799490136581
11,1547823600,654,1536,882,2190,3,0.32109123840715764,0.17919846494756358
11,1547838000,1130,4269,3139,5399,3,2.9260196514239047,2.257400227307825
11,1547852400,610,1484,874,2094,3,0.311857996358361,0.11702726856657726
11,1547866800,172,245,73,417,3,-0.6126203637774009,-0.9690258182137775
11,1547881200,132,206,74,338,3,-0.6114662085213013,-1.0201875319022975
11,1547895600,622,974,352,1596,3,-0.29061104732561865,-0.20548581265978927
11,1547910000,610,984,374,1594,3,-0.265219631691428,-0.2067810459177265
11,1547924400,632,1116,484,1748,3,-0.1382625535204744,-0.10704808505656094
11,1547938800,406,725,319,1131,3,-0.3286981707769047,-0.5066275451301918
11,1547953200,157,212,55,369,3,-0.6333951583871933,-1.0001114164042706
11,1547967600,61,109,48,170,3,-0.6414742451798904,-1.1289871255690236
11,1547982000,341,486,145,827,3,-0.5295211853382313,-0.7035030003366485
11,1547996400,466,740,274,1206,3,-0.38063515730138575,-0.4580562979575462
11,1548010800,498,881,383,1379,3,-0.25483223438653174,-0.3460186211459771
11,1548025200,352,559,207,911,3,-0.45796355946005746,-0.6491032035032854
11,1548039600,79,113,34,192,3,-0.6576324187652844,-1.1147395597317142
11,1548054000,313,407,94,720,3,-0.5883831033993098,-0.7727979796362895
11,1548068400,1072,1781,709,2853,3,0.12142237910193064,0.6085682899537503
11,1548082800,601,1138,537,1739,3,-0.07709232494719676,-0.1128766347172784
11,1548097200,938,2344,1406,3282,3,0.9258685926033364,0.886395823781283
11,1548111600,473,805,332,1278,3,-0.31369415244761023,-0.41142790067180646
11,1548126000,95,111,16,206,4,-0.7088435667291486,-1.1863106601750086
11,1548140400,647,512,0,1159,4,-0.7250766255092055,-0.6247971083359668
11,1548154800,2462,1120,0,3582,4,-0.7250766255092055,0.8028496241991837
11,1548169200,655,1498,843,2153,4,0.13020265896503927,-0.03912610043669335
11,1548183600,1350,4580,3230,5930,4,2.551972115714769,2.1863058883314714
11,1548198000,702,1777,1075,2479,4,0.3655820112758635,0.15295513555441645
11,1548212400,92,158,66,250,4,-0.658115258041471,-1.1603855853786624
11,1548226800,614,486,0,1100,4,-0.7250766255092055,-0.6595602768128854
11,1548241200,2315,1680,0,3995,4,-0.7250766255092055,1.046191803537614
11,1548255600,691,1385,694,2076,4,-0.020967700924240048,-0.08449498133029905
11,1548270000,1259,4294,3035,5553,4,2.3541317118328267,1.964175133826415
11,1548284400,595,1756,1161,2351,4,0.45283470221866895,0.07753673614686413
11,1548298800,98,174,76,272,4,-0.6479695963039355,-1.1474230479804894
11,1548313200,613,579,0,1192,4,-0.7250766255092055,-0.6053533022387072
11,1548327600,2685,1597,0,4282,4,-0.7250766255092055,1.2152939959592355
11,1548342000,726,1737,1011,2463,4,0.3006497761556361,0.1435278356284724
11,1548356400,1279,4493,3214,5772,4,2.5357390569347125,2.093211301562774
11,1548370800,634,1730,1096,2364,4,0.38688790092468806,0.08519641733669367
11,1548385200,113,227,114,340,4,-0.6094160817013005,-1.1073570232952272
11,1548399600,662,617,0,1279,4,-0.7250766255092055,-0.5540923588913865
11,1548414000,2051,1900,0,3951,4,-0.7250766255092055,1.0202667287412681
11,1548428400,638,1547,909,2185,4,0.19716402643277375,-0.020271500584805275
11,1548442800,1319,4352,3033,5671,4,2.352102579485319,2.0337014707802523
11,1548457200,710,1853,1143,2563,4,0.434572511091105,0.20244846016562265
11,1548471600,152,262,110,414,4,-0.6134743463963147,-1.0637557611377362
11,1548486000,130,234,104,364,4,-0.6195617434388361,-1.0932160734063112
11,1548500400,609,1082,473,1691,4,-0.24518682532377514,-0.3113393857983275
11,1548514800,682,1251,569,1933,4,-0.14778847264343412,-0.1687514744184239
11,1548529200,723,1475,752,2198,4,0.037877137153466,-0.012611819394975745
11,1548543600,530,893,363,1423,4,-0.35678910443666595,-0.46924665955789013
11,1548558000,149,267,118,416,4,-0.6053578170062863,-1.0625773486469932
11,1548572400,73,119,46,192,4,-0.6784065815165421,-1.1945595476102098
11,1548586800,425,700,275,1125,4,-0.44607092772697854,-0.6448301206785979
11,1548601200,560,989,429,1549,4,-0.28982773696893144,-0.39500667264108086
11,1548615600,638,1214,576,1852,4,-0.14068650942715924,-0.2164771802935156
11,1548630000,466,634,168,1100,4,-0.5546295083186087,-0.6595602768128854
11,1548644400,103,116,13,219,4,-0.7118872652504094,-1.1786509789851791
11,1548658800,634,557,0,1191,4,-0.7250766255092055,-0.6059425084840787
11,1548673200,2320,1630,0,3950,4,-0.7250766255092055,1.0196775224958965
11,1548687600,682,1429,747,2111,4,0.032804306284698236,-0.06387276274229646
11,1548702000,1267,4585,3318,5852,4,2.641253939005082,2.1403478011924943
11,1548716400,614,1853,1239,2467,4,0.5319708637714461,0.14588466060995842
11,1548730800,107,159,52,266,5,-0.6786768995576657,-1.1351358681225339
11,1548745200,704,616,0,1320,5,-0.7297935788222084,-0.5231272134396405
11,1548759600,2382,1753,0,4135,5,-0.7297935788222084,1.1114120303291877
11,1548774000,668,1427,759,2095,5,0.016313335827557764,-0.07312084970221891
11,1548788400,1348,4794,3446,6142,5,2.657669435516519,2.2767833490659686
11,1548802800,620,1972,1352,2592,5,0.5992400820558994,0.21546387646229534
11,1548817200,104,170,66,274,5,-0.6649147166787505,-1.1304906411420186
11,1548831600,648,562,0,1210,5,-0.7297935788222084,-0.5869990844217262
11,1548846000,2701,1290,0,3991,5,-0.7297935788222084,1.027797944679912
11,1548860400,628,1477,849,2105,5,0.10478451147772766,-0.06731431597657477
11,1548874800,1448,4769,3321,6217,5,2.534792802669061,2.3203323520083
11,1548889200,659,1791,1132,2450,5,0.38297720824437304,0.1330110975581484
11,1548903600,94,159,65,253,5,-0.6658977297415302,-1.1426843619658713
11,1548918000,600,473,0,1073,5,-0.7297935788222084,-0.6665485964630511
11,1548932400,2491,1074,0,3565,5,-0.7297935788222084,0.7804396079674711
11,1548946800,706,1520,814,2226,5,0.07037905428043936,0.0029447421037194577
11,1548961200,1296,4453,3157,5749,5,2.373578660373196,2.0485865736481537
11,1548975600,657,1847,1190,2504,5,0.43999196588559364,0.16436637967662684
11,1548990000,107,231,124,338,5,-0.6078999590375299,-1.093328825297896
11,1549004400,620,623,3,1243,5,-0.7268445396338694,-0.5678375231271005
11,1549018800,2234,1293,0,3527,5,-0.7297935788222084,0.7583747798100234
11,1549033200,638,1665,1027,2303,5,0.2797608366525081,0.04765505179117941
11,1549047600,1241,4663,3422,5904,5,2.634077122009807,2.138587846395638
11,1549062000,672,1692,1020,2364,5,0.2728797452130505,0.08307490751760872
11,1549076400,144,278,134,422,5,-0.5980698284097332,-1.0445539420024852
11,1549090800,132,252,120,384,5,-0.6118320112886485,-1.066618770159933
11,1549105200,588,1177,589,1765,5,-0.15079888484498538,-0.2647364626484759
11,1549119600,695,1333,638,2028,5,-0.10263124476878177,-0.11202462566403472
11,1549134000,697,1709,1012,2406,5,0.2650156407108131,0.10746234916531416
11,1549148400,512,878,366,1390,5,-0.3700107978448508,-0.48248147736013147
11,1549162800,164,225,61,389,5,-0.6698297819926488,-1.0637155032971108
11,1549177200,66,141,75,207,5,-0.6560675991137335,-1.1693944171038344
11,1549191600,435,730,295,1165,5,-0.43980472530220704,-0.6131284861871249
11,1549206000,508,940,432,1448,5,-0.30513193570139285,-0.4488035817513954
11,1549220400,635,1287,652,1922,5,-0.08886906188986646,-0.1735738831558627
11,1549234800,380,666,286,1046,5,-0.44865184286722404,-0.6822262375222903
11,1549249200,130,138,8,268,5,-0.7219294743199711,-1.133974561377405
11,1549263600,603,530,0,1133,5,-0.7297935788222084,-0.6317093941091861
11,1549278000,2328,1626,0,3954,5,-0.7297935788222084,1.0063137698950286
11,1549292400,647,1335,688,1982,5,-0.05348059162979849,-0.1387346808019978
11,1549306800,1259,4300,3041,5559,5,2.2595491450907548,1.9382624328609146
11,1549321200,490,1475,985,1965,5,0.23847428801576218,-0.14860578813559286
11,1549335600,96,161,65,257,6,-0.7020036353366529,-1.2004151302947146
11,1549350000,590,485,0,1075,6,-0.769337973207114,-0.7014379462410291
11,1549364400,2196,1701,0,3897,6,-0.769337973207114,1.0199723390884337
11,1549378800,640,1421,781,2061,6,0.03970999412873348,-0.09998134052350598
11,1549393200,1170,4231,3061,5401,6,2.4015913840464442,1.9374071616027893
11,1549407600,541,1718,1177,2259,6,0.4499314986933885,0.020797977866016917
11,1549422000,106,177,71,283,6,-0.6957881579947642,-1.1845552197991207
11,1549436400,532,603,71,1135,6,-0.6957881579947642,-0.6648381527896585
11,1549450800,1752,2223,471,3975,6,-0.28142300186885,1.0675520705752153
11,1549465200,699,1352,653,2051,6,-0.09288685583155906,-0.10608130609873441
11,1549479600,1293,4565,3272,5858,6,2.620169003902864,2.2161755883907284
11,1549494000,758,2343,1585,3101,6,0.872583957941821,0.5344150793002507
11,1549508400,103,251,148,354,6,-0.6160228654405258,-1.1412454642149987
11,1549522800,626,612,0,1238,6,-0.769337973207114,-0.6020085073648057
11,1549537200,2367,1719,0,4086,6,-0.769337973207114,1.1352616884602509
11,1549551600,646,1474,828,2120,6,0.0883978999735284,-0.06399154362965824
11,1549566000,1269,4234,2965,5503,6,2.302143746576225,1.9996268104701191
11,1549580400,639,1941,1302,2580,6,0.5794206099827367,0.21660687283084948
11,1549594800,131,282,151,413,6,-0.6129151267695814,-1.105255667321151
11,1549609200,575,500,0,1075,6,-0.769337973207114,-0.7014379462410291
11,1549623600,2106,1466,0,3572,6,-0.769337973207114,0.8217234578935096
11,1549638000,756,1675,919,2431,6,0.18266597299217388,0.1257173857599459
11,1549652400,1150,4327,3177,5477,6,2.5217572793229595,1.9837668999745253
11,1549666800,673,1782,1109,2455,6,0.3794894221519831,0.14035730314049413
11,1549681200,171,286,115,457,6,-0.6502079908209136,-1.078415818790146
11,1549695600,155,186,31,341,6,-0.7372246736073556,-1.1491754194627957
11,1549710000,716,1154,438,1870,6,-0.3156081272492379,-0.21649068301036897
11,1549724400,734,1362,628,2096,6,-0.11878467808942869,-0.07863146101020647
11,1549738800,714,1761,1047,2475,6,0.31526282295246644,0.15255723429095097
11,1549753200,544,1055,511,1599,6,-0.2399864862562586,-0.38179975009905937
11,1549767600,181,244,63,425,6,-0.7040754611172825,-1.097935708630877
11,1549782000,74,124,50,198,6,-0.7175423286913747,-1.2364049271885622
11,1549796400,464,717,253,1181,6,-0.5072520119574733,-0.6367783111436077
11,1549810800,641,1082,441,1723,6,-0.3125003885782936,-0.3061601769662269
11,1549825200,627,1259,632,1886,6,-0.11464102652816956,-0.20673073809000347
11,1549839600,468,688,220,1156,6,-0.5414371373378611,-0.6520282250816788
11,1549854000,112,121,9,233,6,-0.7600147571942809,-1.2150550476752628
11,1549868400,662,543,0,1205,6,-0.769337973207114,-0.6221383937630595
11,1549882800,2290,1492,0,3782,6,-0.769337973207114,0.9498227349733066
11,1549897200,645,1429,784,2074,6,0.042817732799677835,-0.09205138527570902
11,1549911600,1350,4359,3009,5709,6,2.3477239137500754,2.125286101319825
11,1549926000,612,1767,1155,2379,6,0.42714141510646325,0.09399756476875806
11,1549940400,109,166,57,275,7,-0.42720837926037036,-0.5814770157996777
11,1549954800,601,558,0,1159,7,-0.5083779713198407,0.025183409307307923
11,1549969200,1825,1793,0,3618,7,-0.5083779713198407,1.7127150669295679
11,1549983600,566,1503,937,2069,7,0.8259361999033826,0.6496867880939108
11,1549998000,1146,4408,3262,5554,7,4.1368011391712525,3.0413288486118355
11,1550012400,549,1471,922,2020,7,0.8045757809403641,0.6160596830823245
11,1550026800,84,153,69,237,7,-0.4101200440899555,-0.6075551788698875
11,1550041200,616,570,0,1186,7,-0.5083779713198407,0.043712630436141195
11,1550046793,1073,362,0,1435,7,-0.5083779713198407,0.21459322529093694
11,1550049485,582,492,0,1074,7,-0.5083779713198407,-0.03314932387605608
11,1550055600,2070,881,0,2951,7,-0.5083779713198407,1.2549746783024645
11,1550070000,703,1476,773,2179,7,0.5923956192410469,0.725176207507676
11,1550072419,147,518,371,665,7,0.019936391032150617,-0.31383271060541934
11,1550084400,1177,4023,2846,5200,7,3.544405519930206,2.798390171589354
11,1550098800,626,1881,1255,2507,7,1.2787770819193751,0.9502719308505394
11,1550113200,110,235,125,345,7,-0.33037447996135305,-0.5334382943545545
11,1550127600,619,504,0,1123,7,-0.5083779713198407,0.00047778113553022657
11,1550142000,2238,1772,0,4010,7,-0.5083779713198407,1.9817319070222583
11,1550144747,156,200,44,356,7,-0.44572074236165304,-0.5258893524131779
11,1550156400,544,1288,744,1832,7,0.5510988092458777,0.48704140262970763
11,1550170800,1232,4349,3117,5581,7,3.930317089195407,3.0598580697406685
11,1550185200,559,1635,1076,2194,7,1.023876082294021,0.7354702192459167
11,1550199600,136,208,72,344,7,-0.4058479602973518,-0.5341245618037704
11,1550214000,606,520,0,1126,7,-0.5083779713198407,0.0025365834831783678
11,1550228400,1930,2161,231,4091,7,-0.17942751928935555,2.037319570408758
11,1550242800,654,1533,879,2187,7,0.7433425799130444,0.7306663471014043
11,1550257200,1261,4032,2771,5293,7,3.4376034251151135,2.862213044366447
11,1550271600,659,1697,1038,2356,7,0.9697630209210406,0.8466455460189163
11,1550286000,162,285,123,447,7,-0.33322253582308886,-0.46343901453451763
11,1550300400,134,195,61,329,7,-0.42151226753689874,-0.5444185735420112
11,1550314800,606,1210,604,1816,7,0.3517348989243716,0.4760611234422509
11,1550329200,694,1228,534,1922,7,0.2520529437636185,0.5488054730591518
11,1550343600,754,1665,911,2419,7,0.7889114737008173,0.8898803953195273
11,1550358000,527,1068,541,1595,7,0.2620211392796938,0.3243960171655045
11,1550372400,185,242,57,427,7,-0.42720837926037036,-0.47716436351883856
11,1550386800,62,122,60,184,7,-0.4229362954677666,-0.643927353678338
11,1550401200,474,796,322,1270,7,-0.04984097758037654,0.10135909617028915
11,1550415600,607,969,362,1576,7,0.0071201396543395055,0.31135693563039957
11,1550430000,626,1309,683,1935,7,0.4642331054629358,0.5577269498989605
11,1550444400,438,694,256,1132,7,-0.143826821017658,0.006654188178474651
11,1550458800,118,145,27,263,7,-0.46992921718640734,-0.5897122251902703
11,1550473200,260,329,69,589,7,-0.4101200440899555,-0.36598903674583894
11,1550487600,1002,1632,630,2634,7,0.388759625126937,1.0374278969009774
11,1550494481,256,147,0,403,7,-0.5083779713198407,-0.4936347823000237
11,1550494564,3,0,0,3,7,-0.5083779713198407,-0.7681417619864426
11,1550494645,2,0,0,2,7,-0.5083779713198407,-0.7688280294356586
11,1550494726,1,6,5,7,7,-0.5012578316655012,-0.7653966921895784
11,1550494806,4,3,0,7,7,-0.5083779713198407,-0.7653966921895784
11,1550494886,3,4,1,7,7,-0.5069539433889728,-0.7653966921895784
11,1550494967,4,2,0,6,7,-0.5083779713198407,-0.7660829596387945
11,1550495047,2,1,0,3,7,-0.5083779713198407,-0.7681417619864426
11,1550495127,2,0,0,2,7,-0.5083779713198407,-0.7688280294356586
11,1550495208,2,0,0,2,7,-0.5083779713198407,-0.7688280294356586
11,1550495288,3,0,0,3,7,-0.5083779713198407,-0.7681417619864426
11,1550495368,4,3,0,7,7,-0.5083779713198407,-0.7653966921895784
11,1550495448,4,3,0,7,7,-0.5083779713198407,-0.7653966921895784
11,1550495529,4,8,4,12,7,-0.5026818595963691,-0.7619653549434982
11,1550495609,4,2,0,6,7,-0.5083779713198407,-0.7660829596387945
11,1550495689,3,2,0,5,7,-0.5083779713198407,-0.7667692270880104
11,1550495770,2,1,0,3,7,-0.5083779713198407,-0.7681417619864426
11,1550495850,3,0,0,3,7,-0.5083779713198407,-0.7681417619864426
11,1550495930,4,0,0,4,7,-0.5083779713198407,-0.7674554945372265
11,1550496010,8,0,0,8,7,-0.5083779713198407,-0.7647104247403623
11,1550496090,6,0,0,6,7,-0.5083779713198407,-0.7660829596387945
11,1550496171,3,1,0,4,7,-0.5083779713198407,-0.7674554945372265
11,1550496251,3,7,4,10,7,-0.5026818595963691,-0.7633378898419302
11,1550496331,2,4,2,6,7,-0.5055299154581049,-0.7660829596387945
11,1550496411,2,9,7,11,7,-0.4984097758037654,-0.7626516223927142
11,1550496491,3,0,0,3,7,-0.5083779713198407,-0.7681417619864426
11,1550496572,2,0,0,2,7,-0.5083779713198407,-0.7688280294356586
11,1550496653,6,0,0,6,7,-0.5083779713198407,-0.7660829596387945
11,1550496733,3,8,5,11,7,-0.5012578316655012,-0.7626516223927142
11,1550496813,2,1,0,3,7,-0.5083779713198407,-0.7681417619864426
11,1550496893,2,0,0,2,7,-0.5083779713198407,-0.7688280294356586
11,1550496974,3,4,1,7,7,-0.5069539433889728,-0.7653966921895784
11,1550497054,5,2,0,7,7,-0.5083779713198407,-0.7653966921895784
11,1550502000,656,1232,576,1888,7,0.31186211686007037,0.5254723797858063
11,1550516400,900,2199,1299,3099,7,1.3414343108775628,1.3565422607864392
11,1550530800,561,1031,470,1592,7,0.16091515618807284,0.3223372148178563
11,1550545200,99,145,46,244,8,-0.7641764109822643,-1.3552748506217522
11,1550559600,637,559,0,1196,8,-0.8067613767954196,-0.8126424176592394
11,1550574000,2401,1739,0,4140,8,-0.8067613767954196,0.8654141817542456
11,1550588400,671,1468,797,2139,8,-0.0689305560761853,-0.2751399131596075
11,1550602800,1250,4334,3084,5584,8,2.0482828529387316,1.688482704020914
11,1550617200,666,1768,1102,2434,8,0.21342628246756182,-0.10699225798740031
11,1550631600,103,193,90,296,8,-0.7234429654218548,-1.3256352639473292
11,1550646000,606,547,0,1153,8,-0.8067613767954196,-0.8371520758707816
11,1550660400,2136,1924,0,4060,8,-0.8067613767954196,0.8198148176397486
11,1550674800,663,2126,1463,2789,8,0.5476256880881937,0.09535492027067957
11,1550689200,1280,4650,3370,5930,8,2.313050249081393,1.8856999538161132
11,1550703600,577,1614,1037,2191,8,0.15325187425332062,-0.24550032648518455
11,1550718000,107,205,98,312,8,-0.7160368844108713,-1.3165153911244298
11,1550732400,497,581,84,1078,8,-0.7289975261800925,-0.8799014797281224
11,1550746800,2324,1484,0,3808,8,-0.8067613767954196,0.6761768206790835
11,1550761200,730,1515,785,2245,8,-0.08003967759266059,-0.21472075570789917
11,1550775600,1321,4267,2946,5588,8,1.9205279554992656,1.690762672226639
11,1550790000,674,1895,1221,2569,8,0.32359173750594183,-0.03004333104418683
11,1550804400,135,199,64,334,8,-0.7475127287075514,-1.3039755659929433
11,1550818800,555,587,32,1142,8,-0.7771370527514855,-0.8434219884365248
11,1550833200,2034,1773,0,3807,8,-0.8067613767954196,0.6756068286276523
11,1550847600,693,1515,822,2208,8,-0.04578655291686176,-0.23581046161085398
11,1550862000,1256,3999,2743,5255,8,1.7325986498455586,1.5009553191000458
11,1550876400,644,1775,1131,2419,8,0.24027332613237712,-0.11554213875886847
11,1551495600,9750,5742,0,15492,9,-0.8233881641272335,3.9016229632460835
11,1551510000,117,206,89,323,9,-0.6558449355063992,-0.6013800215353498
11,1551524400,657,1118,461,1775,9,0.04444810996495286,-0.17034565315888192
11,1551538800,616,1040,424,1656,9,-0.025204692944832165,-0.20567147260571367
11,1551553200,631,1429,798,2060,9,0.6788533689000218,-0.08574179986184793
11,1551567600,500,955,455,1455,9,0.03315306084444718,-0.2653394533520429
11,1551582000,143,230,87,373,9,-0.6596099518799011,-0.5865372402551684
11,1551596400,68,121,53,189,9,-0.7236152302294333,-0.6411586753662359
11,1551610800,530,753,223,1283,9,-0.4035888384817724,-0.3163986209558669
11,1551625200,545,973,428,1518,9,-0.01767466019782838,-0.24663754893901432
11,1551639600,663,1474,811,2137,9,0.7033259753277842,-0.06288391669036858
11,1551654000,431,662,231,1093,9,-0.38852877298776484,-0.3728011898205562
11,1551668400,92,123,31,215,9,-0.7650304103379542,-0.6334404291005417
11,1551682800,399,417,18,816,9,-0.7895030167657164,-0.4550301981127612
11,1551697200,1780,1868,88,3648,9,-0.6577274436931502,0.38566493359671333
11,1551711600,602,1143,541,1745,9,0.1950487649050286,-0.17925132192699075
11,1551726000,1094,3406,2312,4500,9,3.528970763640955,0.6385859266110044
11,1551740400,589,1412,823,2001,9,0.7259160735687955,-0.10325628177246199
11,1551754800,103,156,53,259,10,-0.5853354198490448,-1.0101995292534147
11,1551769200,653,611,0,1264,10,-0.642182845730448,-0.4192229256282856
11,1551776823,1609,537,0,2146,10,-0.642182845730448,0.09942519815018586
11,1551777863,235,150,0,385,10,-0.642182845730448,-0.9361069401422045
11,1551779594,1830,367,0,2197,10,-0.642182845730448,0.12941505564758046
11,1551779670,6,4,0,10,10,-0.642182845730448,-1.1566205982112825
11,1551779755,278,316,38,594,10,-0.6014243139664232,-0.8132073280450384
11,1551779839,1243,613,0,1856,10,-0.642182845730448,-0.07110536408990115
11,1551779922,25,13,0,38,10,-0.642182845730448,-1.1401555784087913
11,1551780012,38,35,0,73,10,-0.642182845730448,-1.1195743036556773
11,1551783600,306,312,6,618,10,-0.6357472880834968,-0.7990944539286173
11,1551798000,726,1511,785,2237,10,0.19980261307901498,0.1529365125082821
11,1551812400,1705,4695,2990,6400,10,2.564870048333621,2.600932135285807
11,1551826800,732,1962,1230,2694,10,0.6771064718945704,0.42166915714179853
11,1551841200,109,201,92,310,10,-0.5435042951438613,-0.9802096717560201
11,1551855600,670,491,0,1161,10,-0.642182845730448,-0.4797906770445924
11,1551870000,2454,1634,0,4088,10,-0.642182845730448,1.2413919287372512
11,1551884400,656,1462,806,2118,10,0.22232706484334455,0.08296017834769469
11,1551898800,1395,4774,3379,6169,10,2.9821087024442976,2.465095721915255
11,1551913200,693,1937,1244,2630,10,0.6921227730707902,0.3840348261646759
11,1551927600,117,226,109,343,10,-0.5252702151441659,-0.9608044698459413
11,1551942000,664,476,0,1140,10,-0.642182845730448,-0.49213944189646075
11,1551946169,458,228,0,686,10,-0.642182845730448,-0.7591079772654246
11,1551956400,2420,1696,0,4116,10,-0.642182845730448,1.2578569485397424
11,1551970800,742,1462,720,2204,10,0.1300840719037091,0.13353131059820325
11,1551985200,1351,4441,3090,5792,10,2.6721293424494763,2.243405991003142
11,1551999600,663,2155,1492,2818,10,0.958125822478111,0.49458567340997367
11,1552014000,131,219,88,350,10,-0.5477946669084955,-0.9566882148953184
11,1552028400,614,571,0,1185,10,-0.642182845730448,-0.4656778029281714
11,1552042800,2094,1866,0,3960,10,-0.642182845730448,1.166123266783006
11,1552057200,698,1694,996,2392,10,0.42611972366346934,0.24408215784350104
11,1552071600,1317,4268,2951,5585,10,2.5230389236284374,2.1216824517490105
11,1552086000,660,1821,1161,2481,10,0.6030975589546304,0.2964173993585622
11,1552100400,170,283,113,453,10,-0.5209798433795317,-0.8961204634790116
11,1552114800,133,198,65,331,10,-0.5724643045551422,-0.9678609069041517
11,1552129200,647,1248,601,1895,10,0.0024455119058414683,-0.04817194365071703
11,1552143600,659,1168,509,1827,10,-0.09623303868074529,-0.08815842031390984
11,1552158000,687,1699,1012,2386,10,0.4432812107220062,0.24055393931439578
11,1552172400,565,1061,496,1626,10,-0.11017674691580645,-0.20635374103893567
11,1552190400,194,253,59,447,10,-0.5788998622020936,-0.8996486820081169
11,1552204800,134,229,95,363,10,-0.5402865163203856,-0.9490437414155904
11,1552219200,482,803,321,1285,10,-0.297880511618553,-0.40687416077641725
11,1552233600,547,1045,498,1592,10,-0.10803156103348935,-0.22634697937053205
11,1552248000,594,1204,610,1798,10,0.012098848376268434,-0.10521147653791854
11,1552262400,377,540,163,917,10,-0.4673501963216041,-0.6232715638948725
11,1552276800,39,60,21,99,10,-0.6196583939661184,-1.1042853566962214
11,1552291200,1329,595,0,1924,10,-0.642182845730448,-0.031118887426708333
11,1552305600,1820,1705,0,3525,10,-0.642182845730448,0.9103274234228754
11,1552320000,676,1729,1053,2405,10,0.4872575213095068,0.2517266313232291
11,1552334400,1292,4382,3090,5674,10,2.6721293424494763,2.1740176932640716
11,1552348800,437,1072,635,1509,11,-0.0646866814976853,-0.39171152659295333
11,1552363200,56,90,34,146,11,-0.6901252941210093,-1.2279242369774834
11,1552377600,1313,776,0,2089,11,-0.7255078445855567,-0.03587633068464264
11,1552392000,1853,2039,186,3892,11,-0.531944480279503,1.0702803214234335
11,1552406400,677,1850,1173,2527,11,0.4951901464413302,0.2328405931219782
11,1552420800,1253,4731,3478,5984,11,2.8939189352878554,2.3537410625272024
11,1552435200,441,1242,801,1683,11,0.10806341782922282,-0.28496096782046015
11,1552449600,56,84,28,140,11,-0.696369273614753,-1.231605290728259
11,1552464000,1265,840,0,2105,11,-0.7255078445855567,-0.026060187349240965
11,1552464282,27,15,0,42,11,-0.7255078445855567,-1.2917291686575945
11,1552478400,1751,1872,121,3623,11,-0.5995875914617261,0.9052464115969929
11,1552492800,680,1875,1195,2555,11,0.5180847379183903,0.25001884395893115
11,1552507200,1279,4560,3281,5839,11,2.688908275243272,2.2647822635501247
11,1552521600,472,1192,720,1664,11,0.02376969466368331,-0.29661763803124963
11,1552536000,56,85,29,141,11,-0.6953286103657957,-1.2309917817697964
11,1552550400,1275,820,0,2095,11,-0.7255078445855567,-0.03219527693386701
11,1552552066,301,179,0,480,11,-0.7255078445855567,-1.0230122448509735
11,1552564800,1777,1668,0,3445,11,-0.7255078445855567,0.7960418169906492
11,1552579200,673,1806,1133,2479,11,0.45356361648303906,0.20339216311577318
11,1552593600,1330,4338,3008,5668,11,2.404807208277935,2.1598722316530194
11,1552608000,497,1321,824,1818,11,0.1319986725552402,-0.2021372584280085
11,1552622400,70,102,32,172,11,-0.6922066206189239,-1.2119730040574557
11,1552636800,1175,729,0,1904,11,-0.7255078445855567,-0.1493754880002245
11,1552651200,1605,1981,376,3586,11,-0.33421846297762026,0.8825465801338765
11,1552665600,695,2058,1363,2753,11,0.692916163743213,0.3714936177345268
11,1552680000,1155,4031,2876,5186,11,2.267439659415574,1.864160913674044
11,1552694400,565,1257,692,1822,11,-0.0053688763071204695,-0.19968322259415808
11,1552708800,100,139,39,239,11,-0.6849219778762229,-1.1708679038404612
11,1552723200,253,404,151,657,11,-0.5683676939930078,-0.9144211592030925
11,1552737600,753,1208,455,1961,11,-0.25200606630999534,-0.11440547736785604
11,1552752000,763,1476,713,2239,11,0.016485051920982367,0.056150013084748054
11,1552766400,736,1597,861,2333,11,0.1705032127666595,0.1138198551802329
11,1552780800,483,874,391,1357,11,-0.3186085142432611,-0.48496488827926926
11,1552795200,91,144,53,235,11,-0.6703526923908211,-1.1733219396743118
11,1552809600,161,198,37,359,11,-0.6870033043741375,-1.0972468288249486
11,1552824000,600,873,273,1473,11,-0.4414067776202199,-0.4137978490976071
11,1552838400,589,1158,569,1747,11,-0.13337045592886565,-0.24569639447885344
11,1552852800,656,1308,652,1964,11,-0.046995406265411585,-0.11256495049246822
11,1552867200,399,663,264,1062,11,-0.4507727468608354,-0.6659500310257376
11,1552881600,38,70,32,108,11,-0.6922066206189239,-1.2512375773990625
11,1552896000,1285,772,0,2057,11,-0.7255078445855567,-0.05550861735544599
11,1552910400,1725,1506,0,3231,11,-0.7255078445855567,0.6647508998796519
11,1552924800,644,1844,1200,2488,11,0.5232880541631767,0.2089137437419366
11,1552939200,1316,4316,3000,5632,11,2.396481902286277,2.1377859091483655
11,1552953600,481,966,485,1447,12,-0.22821799690133673,-0.4543743402071675
11,1552968000,64,56,0,120,12,-0.722915671298736,-1.2351450881386632
11,1552982400,1263,819,0,2082,12,-0.722915671298736,-0.08075759195057383
11,1552996800,1859,1959,100,3818,12,-0.6209161508044269,0.9406576442280822
11,1553011200,653,1860,1207,2513,12,0.5082185410675752,0.17283109859838974
11,1553025600,1273,4302,3029,5575,12,2.3666498044738877,1.9744287098766413
11,1553040000,501,1153,652,1654,12,-0.057878797675840477,-0.33258116400383697
11,1553054400,62,47,0,109,12,-0.722915671298736,-1.2416171892895649
11,1553068800,1343,873,0,2216,12,-0.722915671298736,-0.001915632475954068
11,1553083200,1852,1875,23,3727,12,-0.699455781585045,0.8871157165251687
11,1553097600,647,1859,1212,2506,12,0.5133185170922907,0.1687124887750887
11,1553112000,1321,4437,3116,5758,12,2.4553893873039367,2.0821009381143685
11,1553126400,453,1041,588,1494,12,-0.12315849079219832,-0.42672081710786053
11,1553140800,53,61,8,114,12,-0.7147557096591913,-1.2386753251300642
11,1553155200,1271,833,0,2104,12,-0.722915671298736,-0.06781338964877058
11,1553169600,1900,1710,0,3610,12,-0.722915671298736,0.8182760951928515
11,1553184000,698,2126,1428,2824,12,0.7336374813599984,0.3558150493193356
11,1553198400,1519,5270,3751,6789,12,3.1030863424427997,2.6887133278034203
11,1553212800,529,1277,748,1806,12,0.04004074199869629,-0.24314849355501453
11,1553227200,77,87,10,164,12,-0.7127157192493051,-1.2092566835350567
11,1553241600,1303,582,0,1885,12,-0.722915671298736,-0.19666703983490288
11,1553256000,1948,1506,0,3454,12,-0.722915671298736,0.7264899334164285
11,1553270400,726,2210,1484,2936,12,0.7907572128368116,0.42171280649215215
11,1553284800,1272,4099,2827,5371,12,2.1606107730753834,1.8544006521690113
11,1553299200,519,1142,623,1661,12,-0.08745865861919012,-0.32846255418053594
11,1553313600,85,127,42,212,12,-0.6800758726911261,-1.1810147876038497
11,1553328000,282,383,101,665,12,-0.6198961555994837,-0.9144818947530828
11,1553342400,708,1193,485,1901,12,-0.22821799690133673,-0.18725307452450052
11,1553356800,665,1323,658,1988,12,-0.051758826446181926,-0.1360646381491877
11,1553371200,641,1629,988,2270,12,0.2848395911850382,0.029856500446653896
11,1553385600,432,841,409,1273,12,-0.3057376324770117,-0.5567512129577932
11,1553400000,79,167,88,246,12,-0.633156093263744,-1.1610101113192446
11,1553414400,133,184,51,317,12,-0.6708959158466383,-1.1192356402543342
11,1553428800,535,809,274,1344,12,-0.443436985144329,-0.5149767418928827
11,1553443200,571,976,405,1547,12,-0.30981761329678403,-0.39553705701715275
11,1553457600,545,1246,701,1791,12,-0.007899032633629,-0.25197408603351673
11,1553472000,389,607,218,996,12,-0.5005567166211421,-0.719730487394134
11,1553486400,47,53,6,100,12,-0.7167957000690774,-1.2469125447766662
11,1553500800,1234,1232,0,2466,12,-0.722915671298736,0.1451775754990828
11,1553515200,1773,2671,898,4444,12,0.19304002274016,1.3089790369975745
11,1553522618,319,629,310,948,12,-0.4067171577663777,-0.7479723833253411
11,1553529600,530,1074,544,1604,12,-0.16803827980969432,-0.3619998055988443
11,1553544000,1286,4293,3007,5579,12,2.34420990996514,1.976782201204242
11,1553558400,474,946,472,1420,13,-0.24486283805271186,-0.4824603982439448
11,1553572800,69,63,0,132,13,-0.7538587154869368,-1.2783178940024225
11,1553587200,1325,878,0,2203,13,-0.7538587154869368,0.0013566973918377801
11,1553601600,1829,1921,92,3750,13,-0.6546476546311133,0.9572507547974005
11,1553616000,687,1885,1198,2572,13,0.5380418378312867,0.22936245510525255
11,1553630400,1285,4339,3054,5624,13,2.5395171524878997,2.115198695054689
11,1553644800,523,1045,522,1568,13,-0.1909437832397643,-0.3910109344456104
11,1553659200,64,68,4,132,13,-0.749545191101901,-1.2783178940024225
11,1553673600,1223,1213,0,2436,13,-0.7538587154869368,0.1453278126959723
11,1553688000,1968,3133,1165,5101,13,0.5024552616547413,1.7920360628484124
11,1553702400,668,1929,1261,2597,13,0.6059798468956006,0.244809999665782
11,1553716800,1230,4437,3207,5667,13,2.7045094602155193,2.1417684716987995
11,1553731200,488,1062,574,1550,13,-0.13486796623429886,-0.4021331665291916
11,1553745600,196,784,588,980,13,-0.11977063088667353,-0.7543371825092633
11,1553760000,1337,973,0,2310,13,-0.7538587154869368,0.06747218811090386
11,1553774400,1928,2164,236,4092,13,-0.4993607767698243,1.1685731643854436
11,1553788800,712,1977,1265,2689,13,0.6102933712806364,0.3016569636485304
11,1553803200,1272,4464,3192,5736,13,2.688333743771635,2.1844036946858605
11,1553817600,484,1178,694,1662,13,-0.005462234683224714,-0.3329281668980197
11,1553832000,69,59,0,128,13,-0.7538587154869368,-1.280789501132107
11,1553846400,1228,874,0,2102,13,-0.7538587154869368,-0.061051382632701226
11,1553852945,612,363,0,975,13,-0.7538587154869368,-0.7574266914213691
11,1553853030,1278,1220,0,2498,13,-0.7538587154869368,0.18363772320608537
11,1553857318,118,205,87,323,13,-0.660039560112408,-1.1602986535599773
11,1553857401,354,505,151,859,13,-0.5910231699518352,-0.8291032981822258
11,1553860800,1518,605,0,2123,13,-0.7538587154869368,-0.048075445201856484
11,1553875200,710,2110,1400,2820,13,0.7558748192755947,0.38260209714570476
11,1553889600,1215,4064,2849,5279,13,2.318449027754815,1.9020225801193822
11,1553904000,500,1201,701,1701,13,0.002086432990587944,-0.30882999738359374
11,1553918400,80,170,90,250,13,-0.6568044168236312,-1.2054054836767234
11,1553932800,255,407,152,662,13,-0.5899447888555762,-0.950829949319198
11,1553947200,705,1292,587,1997,13,-0.12084901198293249,-0.12593106978692495
11,1553961600,641,1337,696,1978,13,-0.003305472490706812,-0.13767120365292734
11,1553976000,680,1836,1156,2516,13,0.4927498317884107,0.19475995528966658
11,1553990400,496,927,431,1423,13,-0.2890764629993289,-0.4806066928966813
11,1554004800,99,181,82,280,13,-0.6654314655937028,-1.186868430204088
11,1554019200,136,196,60,332,13,-0.6891558497113998,-1.1547375375181868
11,1554033600,553,914,361,1467,13,-0.36456313973745547,-0.45341901447014943
11,1554048000,611,1096,485,1707,13,-0.2308438838013455,-0.30512258668906667
11,1554062400,620,1229,609,1849,13,-0.09712462786523555,-0.21738053358525933
11,1554076800,404,607,203,1011,13,-0.5349473529463697,-0.7351822272542067
11,1554091200,55,71,16,126,13,-0.7366046179467935,-1.2820253046969494
11,1554105600,1294,1059,0,2353,13,-0.7538587154869368,0.09404196475501451
11,1554120000,1951,2298,347,4249,13,-0.3796604750850808,1.2655837442255684
11,1554134400,691,1788,1097,2479,13,0.4291253471091326,0.17189758934008298
11,1554148800,1228,4301,3073,5529,13,2.56000639331682,2.0564980257246765
11,1554163200,463,1179,716,1642,14,-0.10074545948165001,-0.4139604777818401
11,1554177600,68,74,6,142,14,-0.8349169164080437,-1.3020154408443225
11,1554192000,1352,1000,0,2352,14,-0.8411211822412245,0.006385538067734954
11,1554206400,1748,2106,358,3854,14,-0.47093332086143724,0.8956245744143008
11,1554220800,614,1950,1336,2564,14,0.5403620099470318,0.1318973061805658
11,1554235200,1251,4385,3134,5636,14,2.399573671290209,1.95063387053253
11,1554249600,522,1193,671,1715,14,-0.14727745323050595,-0.37074180291279923
11,1554264000,52,68,16,120,14,-0.8245764733527423,-1.315040246969239
11,1554278400,1378,887,0,2265,14,-0.8411211822412245,-0.04512164978988903
11,1554292800,1719,1874,155,3593,14,-0.680844314884054,0.7411030108414288
11,1554307200,658,1937,1279,2595,14,0.48142148453181427,0.1502504420838571
11,1554321600,1256,4324,3068,5580,14,2.33132674712522,1.9174798185781972
11,1554336000,433,1275,842,1708,14,0.029544123015146608,-0.37488605940709085
11,1554350400,61,91,30,152,14,-0.8100998530753205,-1.296095074423906
11,1554364800,1304,1147,0,2451,14,-0.8411211822412245,0.0649971656298588
11,1554379200,1830,2811,981,4641,14,0.17327628148383495,1.3615574117010831
11,1554393600,679,1989,1310,2668,14,0.5134768580032484,0.19346911695289792
11,1554408000,1268,4388,3120,5656,14,2.385097051012787,1.9624746033733629
11,1554422400,490,1349,859,1839,14,0.04712287620915885,-0.29732925929963405
11,1554436800,77,104,27,181,14,-0.8132019859919108,-1.278926011804698
11,1554451200,1224,1034,0,2258,14,-0.8411211822412245,-0.049265906284180615
11,1554465600,1610,2382,772,3992,14,-0.04283897837196262,0.9773256310160491
11,1554480000,727,2350,1623,3077,14,0.8371327256341796,0.4356121035479348
11,1554494400,1395,4839,3444,6234,14,2.7201274060045497,2.3046717824734397
11,1554508800,544,1306,762,1850,14,-0.053179421427263944,-0.29081685623717585
11,1554523200,82,160,78,242,14,-0.7604657264098742,-1.242811776640157
11,1554537600,261,389,128,650,14,-0.7087635111333676,-1.0012608266871619
11,1554552000,741,1193,452,1934,14,-0.37373315614160485,-0.24108577830567682
11,1554566400,655,1360,705,2015,14,-0.11211994684248146,-0.19313081030030277
11,1554580800,620,1688,1068,2308,14,0.26323813606495644,-0.019664074182097865
11,1554595200,453,775,322,1228,14,-0.508158915860522,-0.6590636475870852
11,1554609600,91,136,45,227,14,-0.7945891884923685,-1.2516923262707818
11,1554624000,139,194,55,333,14,-0.7842487454370672,-1.1889364422143665
11,1554638400,544,828,284,1372,14,-0.5474525994706669,-0.5738103711330869
11,1554652800,523,1154,631,1677,14,-0.18863922545171122,-0.39323919531038215
11,1554667200,577,1376,799,1953,14,-0.014919782122649062,-0.2298370821068854
11,1554681600,415,554,139,969,14,-0.6973890237725361,-0.8124011378758739
11,1554696000,93,68,0,161,14,-0.8411211822412245,-1.290766744645531
11,1554710400,1198,1110,0,2308,14,-0.8411211822412245,-0.019664074182097865
11,1554724800,1825,2775,950,4600,14,0.14122090801240086,1.3372839093773754
11,1554739200,668,1730,1062,2398,14,0.25703387023177565,0.03361922360165108
11,1554753600,1127,4064,2937,5191,14,2.1958669431007727,1.6871775648239935
11,1554768000,441,1031,590,1472,15,-0.16837992672764918,-0.4555884078387443
11,1554782400,61,99,38,160,15,-0.7503977731023387,-1.2436332213976535
11,1554796800,1285,1038,0,2323,15,-0.7904642190484223,0.05555956193155419
11,1554811200,1726,2496,770,4222,15,0.021408501438010437,1.1961823522885424
11,1554825600,673,2061,1388,2734,15,0.6730154381401084,0.30242421008148684
11,1554840000,1242,4730,3488,5972,15,2.8872137667394706,2.2473091996422703
11,1554854400,436,1303,867,1739,15,0.12368337661617144,-0.29521648312820414
11,1554868800,63,87,24,150,15,-0.7651590952930011,-1.249639660525389
11,1554883200,1327,1351,24,2678,15,-0.7651590952930011,0.26878815096616754
11,1554887458,490,205,0,695,15,-0.7904642190484223,-0.9222887280637995
11,1554887543,889,1492,603,2381,15,-0.15467298469346266,0.09039690887242059
11,1554897600,1692,1398,0,3090,15,-0.7904642190484223,0.5162534430288738
11,1554912000,671,1981,1310,2652,15,0.5907737859349893,0.253171409234055
11,1554926400,1259,4284,3025,5543,15,2.399035754291135,1.9896329610624135
11,1554940800,508,1283,775,1791,15,0.026680402220389872,-0.2639829996639791
11,1554955200,57,94,37,151,15,-0.7514521532588145,-1.2490390166126155
11,1554969600,1290,1263,0,2553,15,-0.7904642190484223,0.19370766186947272
11,1554984000,1765,2482,717,4247,15,-0.03447364685521156,1.2111984501078812
11,1554998400,674,2002,1328,2676,15,0.6097526287515552,0.2675868631406204
11,1555012800,1310,4341,3031,5651,15,2.4053620352299903,2.0545025036419577
11,1555027200,465,1298,833,1763,15,0.08783445129599131,-0.28080102922163874
11,1555041600,68,87,19,155,15,-0.7704309960753805,-1.2466364409615212
11,1555056000,1239,977,0,2216,15,-0.7904642190484223,-0.008709336735216603
11,1555057848,211,107,0,318,15,-0.7904642190484223,-1.148731483179431
11,1555059750,249,106,0,355,15,-0.7904642190484223,-1.1265076584068094
11,1555070400,1654,2294,640,3948,15,-0.11566091890385484,1.0316059201885872
11,1555084800,672,1994,1322,2666,15,0.6034263478126999,0.26158042401288484
11,1555099200,1237,4469,3232,5706,15,2.6172924466816436,2.0875379188445033
11,1555113600,651,1546,895,2197,15,0.15320602099749628,-0.020121571077914218
11,1555128000,94,160,66,254,15,-0.7208751287210138,-1.1871726935969389
11,1555142400,276,400,124,676,15,-0.6597210796454124,-0.9337009624064971
11,1555156800,744,1296,552,2040,15,-0.20844637267373287,-0.11442266538336295
11,1555171200,743,1392,649,2135,15,-0.10617149749557186,-0.05736149366987486
11,1555185600,698,1716,1018,2414,15,0.28289478024403036,0.11021815799394803
11,1555200000,467,902,435,1369,15,-0.3318088509814116,-0.5174547308544208
11,1555214400,95,136,41,231,15,-0.747234632632911,-1.2009875035907307
11,1555228800,151,239,88,390,15,-0.6976787652785443,-1.105485121459735
11,1555243200,521,822,301,1343,15,-0.47309579194918044,-0.5330714725865334
11,1555257600,657,1142,485,1799,15,-0.27908984315761726,-0.25917784836179064
11,1555272000,652,1285,633,1937,15,-0.12304157999918605,-0.1762889883990395
11,1555286400,405,618,213,1023,15,-0.5658812457190585,-0.7252775246740722
11,1555300800,44,70,26,114,15,-0.7630503349800493,-1.2712628413852372
11,1555315200,1195,922,0,2117,15,-0.7904642190484223,-0.06817308409979893
11,1555329600,1818,2464,646,4282,15,-0.10933463796499952,1.2322209870549559
11,1555344000,706,1875,1169,2581,15,0.44210618387188927,0.21052569142713234
11,1555358400,1305,4389,3084,5694,15,2.4612441835232124,2.0803301918912207
11,1555372800,452,1132,680,1584,16,-0.13363937736586534,-0.40345418967088126
11,1555387200,60,81,21,141,16,-0.8804128185107165,-1.2661529203677997
11,1555401600,1355,1027,0,2382,16,-0.90420984774295,0.07363076327169728
11,1555416000,1741,2392,651,4133,16,-0.1665019415437116,1.1204675459815407
11,1555430400,720,1838,1118,2558,16,0.3626986609064333,0.17885250727908303
11,1555444800,1327,4342,3015,5669,16,2.5123636348848595,2.0387664027732706
11,1555459200,440,1214,774,1654,16,-0.02711934175491539,-0.36160463239521645
11,1555473600,48,75,27,123,16,-0.8736136673015069,-1.2769142350958276
11,1555488000,1329,1408,79,2737,16,-0.814687690155024,0.2858678037411401
11,1555502400,1777,2917,1140,4694,16,0.38762888200686846,1.4558618550050828
11,1555516800,692,1953,1261,2645,16,0.5247450980592614,0.2308655284645521
11,1555531200,1316,4483,3167,5799,16,2.6846087988515017,2.1164870091423627
11,1555545600,442,1372,930,1814,16,0.14965858968453347,-0.26594850147941124
11,1555560000,59,84,25,143,16,-0.8758800510379101,-1.264957218731352
11,1555574400,1273,1285,12,2558,16,-0.8906115453245309,0.17885250727908303
11,1555588800,1832,2675,843,4507,16,0.05107089715099468,1.3440637519972354
11,1555603200,746,2009,1263,2755,16,0.5270114817956646,0.2966291184691682
11,1555617600,1268,4304,3036,5572,16,2.536160664117093,1.980774873405564
11,1555632000,523,1473,950,1996,16,0.17232242704856535,-0.1571396525626828
11,1555646400,77,113,36,190,16,-0.8634149404876926,-1.2368582302748343
11,1555660800,927,1173,246,2100,16,-0.6254446481653576,-0.09496316746740942
11,1555675200,1188,2355,1167,3543,16,0.4182250624483115,0.7677355632295089
11,1555689600,752,2267,1515,3019,16,0.8125758325824666,0.4544617344802468
11,1555704000,965,3043,2078,4008,16,1.450562854379965,1.0457361937035679
11,1555718400,494,1147,653,1641,16,-0.1642355578073084,-0.36937669303212567
11,1555725291,44,90,46,134,16,-0.8520830218056766,-1.270337876095366
11,1555725373,0,0,0,0,16,-0.90420984774295,-1.350449885737353
11,1555732800,84,133,49,217,16,-0.8486834462010718,-1.2207162581827922
11,1555747200,248,433,185,681,16,-0.694569352125655,-0.943313478526957
11,1555761600,806,1488,682,2294,16,-0.13137299362946214,0.021019891268004406
11,1555776000,645,1505,860,2150,16,0.07033515891042179,-0.0650706265562203
11,1555790400,685,1663,978,2348,16,0.20405179935821002,0.053303835452088666
11,1555804800,414,981,567,1395,16,-0.2616900584726456,-0.5164479943151762
11,1555819200,86,154,68,240,16,-0.8271528007052416,-1.2069656893636451
11,1555833600,135,231,96,366,16,-0.7954234283955969,-1.1316364862674484
11,1555848000,631,1032,401,1663,16,-0.4497999085941104,-0.35622397503120246
11,1555862400,617,1282,665,1899,16,-0.15063725538888925,-0.21513118193038974
11,1555876800,681,1304,623,1985,16,-0.19823131385335627,-0.16371601156314441
11,1555891200,482,586,104,1068,16,-0.7863578934499841,-0.7119452118743531
11,1555905600,43,76,33,119,16,-0.8668145160922974,-1.279305638368723
11,1555920000,1158,1124,0,2282,16,-0.90420984774295,0.013845681449319015
11,1555934400,1565,2088,523,3653,16,-0.31155050067351575,0.833499153234125
11,1555948800,750,2114,1364,2864,16,0.6414638604840257,0.3617948576555605
11,1555963200,1444,4622,3178,6066,16,2.6970739094017193,2.2761131776081123
11,1555977600,453,871,418,1324,17,-0.3397324643114082,-0.5130584586447251
11,1555992000,57,84,27,141,17,-0.7516783804631402,-1.1840437764936407
11,1556006400,1231,1113,0,2344,17,-0.7801247736500884,0.0654749515039596
11,1556020800,1626,3168,1542,4794,17,0.8444803483600669,1.4550895150963885
11,1556035200,666,1748,1082,2414,17,0.35983809406391165,0.10517822474945757
11,1556049600,1223,3772,2549,4995,17,1.9054254572214329,1.569094628272747
11,1556064000,524,1236,712,1760,17,-0.029982849609082835,-0.265763785287052
11,1556078400,82,89,7,171,17,-0.7727497828238425,-1.1670280879598558
11,1556092800,1294,1169,0,2463,17,-0.7801247736500884,0.13297051602130613
11,1556107200,1609,2826,1217,4435,17,0.5020700599986528,1.2514684423087632
11,1556121600,1950,1943,0,3893,17,-0.7801247736500884,0.9440516694650504
11,1556136000,1174,4353,3179,5527,17,2.5691746315835586,1.8708395049385316
11,1556150400,466,1280,814,1746,17,0.07748130243049943,-0.2737044399361516
11,1556164800,59,76,17,135,17,-0.7622140816434914,-1.1874469142003978
11,1556179200,1128,1184,56,2312,17,-0.7211248470401217,0.047324883734589096
11,1556193600,1798,2889,1091,4687,17,0.3693202251262277,1.3944002259925559
11,1556208000,704,2196,1492,2900,17,0.7918018424583109,0.380832378996772
11,1556222400,1489,5620,4131,7109,17,3.5721733839529928,2.7681334802867856
11,1556236800,540,1372,832,1912,17,0.09644556455513159,-0.17955096338254214
11,1556251200,103,130,27,233,17,-0.7516783804631402,-1.1318623316567005
11,1556265600,1198,1454,256,2652,17,-0.5104108234330976,0.24016935378415066
11,1556265855,18,10,0,28,17,-0.7801247736500884,-1.2481362033042303
11,1556266287,66,38,0,104,17,-0.7801247736500884,-1.2050297923519755
11,1556266371,137,200,63,337,17,-0.7137498562138759,-1.0728746114062464
11,1556272533,799,356,0,1155,17,-0.7801247736500884,-0.6089135040517131
11,1556280000,1489,2787,1298,4276,17,0.5874092395594976,1.1612852930797035
11,1556294400,800,2353,1553,3153,17,0.8560696196584533,0.5243313522983576
11,1556308800,1322,4062,2740,5384,17,2.1066573497661407,1.7897313895941571
11,1556323200,543,1222,679,1765,17,-0.0647506635042418,-0.2629278371980879
11,1556337600,99,156,57,255,17,-0.7200712769220866,-1.1193841600652583
11,1556352000,296,554,258,850,17,-0.5083036831970275,-0.7819063374785256
11,1556366400,836,1409,573,2245,17,-0.17642909601596454,0.009323179342469613
11,1556380800,740,1345,605,2085,17,-0.1427148522388407,-0.08142715950438288
11,1556395200,740,1637,897,2377,17,0.1649276222274144,0.08419220889112293
11,1556409600,558,1038,480,1596,17,-0.27441111699323073,-0.35878288260507585
11,1556424000,112,205,93,317,17,-0.6821427526728222,-1.084218403762103
11,1556438400,152,220,68,372,17,-0.7084820056237002,-1.0530229747834974
11,1556452800,684,969,285,1653,17,-0.47985729001007915,-0.3264530743908846
11,1556467200,658,1095,437,1753,17,-0.3197146320687409,-0.2697341126116018
11,1556481600,679,1335,656,2014,17,-0.08898277621904957,-0.12169762236767369
11,1556496000,452,565,113,1017,17,-0.6610713503121198,-0.6871856713071233
11,1556510400,57,63,6,120,17,-0.7738033529418777,-1.19595475846729
11,1556524800,1297,1435,138,2732,17,-0.6347320973612418,0.2855445232075769
11,1556526835,332,112,0,444,17,-0.7801247736500884,-1.0121853223024138
11,1556526919,427,673,246,1100,17,-0.5209465246134488,-0.6401089330303186
11,1556539200,1581,2297,716,3878,17,-0.025768569136942355,0.9355438251981579
11,1556553600,661,1829,1168,2490,17,0.450445124214932,0.1482846357017125
11,1556568000,1280,4244,2964,5524,17,2.342657056206008,1.869137936085153
11,1556582400,433,1020,587,1453,18,-0.0794364595969649,-0.45403479540463454
11,1556596800,52,67,15,119,18,-0.7289245254031876,-1.3405405136799
11,1556611200,1328,1099,0,2427,18,-0.7459565551009033,0.19323399739904495
11,1556625600,1898,2634,736,4532,18,0.08974836873367706,1.5921054643926233
11,1556640000,688,1802,1114,2490,18,0.518955517116111,0.23510045935657248
11,1556654400,1245,4406,3161,5651,18,2.8432598365310375,2.335733574400136
11,1556668800,438,1175,737,1613,18,0.09088383738019143,-0.3477072729728186
11,1556683200,53,89,36,142,18,-0.7050796838263858,-1.3252559323303263
11,1556697600,1315,1456,141,2771,18,-0.5858554759423764,0.4218381706274492
11,1556700205,547,797,250,1344,18,-0.46208939347230943,-0.5264704200613092
11,1556700286,17,38,21,55,18,-0.7221117135241014,-1.3830715226526262
11,1556703799,618,1307,689,1925,18,0.03638134234750141,-0.14036860423077754
11,1556712000,1702,961,0,2663,18,-0.7459565551009033,0.3500670929859735
11,1556726400,646,1951,1305,2597,18,0.7358300286003567,0.3062069899828494
11,1556740800,1239,4333,3094,5572,18,2.7671834372145745,2.283234360199427
11,1556755200,438,1166,728,1604,18,0.08066461956156205,-0.3536881961096083
11,1556769600,55,97,42,152,18,-0.6982668719472995,-1.3186104621783379
11,1556784000,1262,1238,0,2500,18,-0.7459565551009033,0.241745929508561
11,1556790310,658,347,0,1005,18,-0.7459565551009033,-0.7517518582137191
11,1556790393,1189,1779,590,2968,18,-0.07603005365742177,0.5527539326216226
11,1556798400,1689,784,0,2473,18,-0.7459565551009033,0.22380316009819204
11,1556812800,710,1890,1180,2600,18,0.5938964477860598,0.30820063102844597
11,1556827200,1241,4114,2873,5355,18,2.5162448663348975,2.1390276579012766
11,1556841600,503,1269,766,1772,18,0.12381242812910832,-0.24204429755620152
11,1556856000,75,106,31,181,18,-0.7107570270589577,-1.2993385987375712
11,1556870400,1187,1120,0,2307,18,-0.7459565551009033,0.11348835557518301
11,1556878245,714,449,0,1163,18,-0.7459565551009033,-0.6467534298123009
11,1556878330,1269,1928,659,3197,18,0.0023172829520701436,0.7049351991021592
11,1556884800,1603,606,0,2209,18,-0.7459565551009033,0.04836274808569575
11,1556899200,717,2095,1378,2812,18,0.8187192397959061,0.44908459825060204
11,1556913600,1206,4152,2946,5358,18,2.599134077530447,2.1410212989468733
11,1556928000,496,1229,733,1725,18,0.08634196279413393,-0.27327800727054746
11,1556942400,118,174,56,292,18,-0.6823703108960982,-1.225573880050499
11,1556956800,301,470,169,771,18,-0.5540623538399738,-0.9072558597702499
11,1556971200,812,1343,531,2155,18,-0.14302270380176993,0.012477209264957875
11,1556985600,726,1368,642,2094,18,-0.01698568403867424,-0.02806015866217195
11,1557000000,736,1591,855,2327,18,0.22486913766888775,0.12677929587916
11,1557014400,468,903,435,1371,18,-0.25202769386714996,-0.5085276506509402
11,1557028800,108,176,68,284,18,-0.6687446871379258,-1.2308902561720898
11,1557043200,143,230,87,373,18,-0.6471707828541526,-1.171745571819392
11,1557057600,695,935,240,1630,18,-0.4734440799374532,-0.33640997371443815
11,1557072000,681,1111,430,1792,18,-0.25770503709972187,-0.22875335725222454
11,1557086400,703,1298,595,2001,18,-0.07035271042484989,-0.08986303107566496
11,1557100800,413,491,78,904,18,-0.657390000672782,-0.8188711067488029
11,1557115200,50,43,0,93,18,-0.7459565551009033,-1.35781873607507
11,1557129600,1195,1129,0,2324,18,-0.7459565551009033,0.12478565483356346
11,1557144000,1745,1954,209,3699,18,-0.5086436079793988,1.0385378007319817
11,1557158400,658,1714,1056,2372,18,0.4530983356182772,0.15668391156310824
11,1557172800,1265,4193,2928,5458,18,2.578695641893188,2.207476000466758
11,1557187200,435,1093,658,1528,19,-0.04956171828724265,-0.4023239171258212
11,1557201600,53,93,40,146,19,-0.7453421288098384,-1.230666370307975
11,1557216000,1309,1290,0,2599,19,-0.7903764595879998,0.23961151511592027
11,1557226507,814,617,0,1431,19,-0.7903764595879998,-0.4604637275155961
11,1557226590,1532,2535,1003,4067,19,0.3388593846744006,1.1195006043137508
11,1557227110,23,20,0,43,19,-0.7903764595879998,-1.2924024576290762
11,1557227193,39,52,13,91,19,-0.7757403020850974,-1.2636322421784658
11,1557229054,107,134,27,241,19,-0.7599782863127409,-1.1737253188953087
11,1557230400,1686,529,0,2215,19,-0.7903764595879998,0.009449791511038171
11,1557244800,730,1909,1179,2639,19,0.5370104400983113,0.2635866946580955
11,1557259200,1200,4023,2823,5223,19,2.38792143508075,1.8123832930826145
11,1557273600,480,1235,755,1715,19,0.05964653384979907,-0.29023995276615205
11,1557288000,53,82,29,135,19,-0.7577265697738328,-1.237259544682073
11,1557302400,1377,1090,0,2467,19,-0.7903764595879998,0.16049342262674204
11,1557316800,1675,2318,643,3993,19,-0.06644959232905323,1.0751465221607266
11,1557331200,700,1643,943,2343,19,0.27130788850715826,0.08617036604599887
11,1557345600,1317,3820,2503,5137,19,2.027646788855458,1.7608366570669378
11,1557360000,463,1279,816,1742,19,0.1283238882864954,-0.2740567065751838
11,1557374400,52,83,31,135,19,-0.7554748532349247,-1.237259544682073
11,1557388800,1337,1301,0,2638,19,-0.7903764595879998,0.2629873151695411
11,1557403200,1734,2754,1020,4488,19,0.35799897525511926,1.371839368995145
11,1557417600,732,1867,1135,2599,19,0.48747267624233365,0.23961151511592027
11,1557432000,1293,4109,2816,5402,19,2.380040427194572,1.9196722215338486
11,1557446400,465,1219,754,1684,19,0.05852067558034503,-0.30882071691133783
11,1557460800,63,92,29,155,19,-0.7577265697738328,-1.2252719549109856
11,1557475200,1230,1179,0,2409,19,-0.7903764595879998,0.12572941229058798
11,1557489600,1697,2473,776,4170,19,0.08328955750833388,1.181236691634852
11,1557504000,759,2160,1401,2919,19,0.7869509759171078,0.431412951453322
11,1557518400,1138,3737,2599,4875,19,2.135729182723046,1.6037992310656901
11,1557532800,486,1225,739,1711,19,0.04163280153853446,-0.29263747072036955
11,1557547200,89,152,63,241,19,-0.7194473886123954,-1.1737253188953087
11,1557561600,301,424,123,725,19,-0.6518958924451532,-0.8836256464349886
11,1557576000,765,1227,462,1992,19,-0.2702299391002342,-0.12421183443658866
11,1557590400,662,1416,754,2078,19,0.05852067558034503,-0.07266519842091194
11,1557604800,666,1616,950,2282,19,0.27918889639333655,0.04960821724418166
11,1557619200,482,947,465,1429,19,-0.26685236429187204,-0.46166248649270486
11,1557633600,83,143,60,226,19,-0.7228249634207576,-1.1827160112236246
11,1557648000,134,240,106,374,19,-0.6710354830258718,-1.0940078469175762
11,1557662400,574,1137,563,1711,19,-0.1565182538853763,-0.29263747072036955
11,1557676800,621,1341,720,1962,19,0.020241494418907727,-0.14219321909322008
11,1557691200,637,1327,690,1964,19,-0.013534253664713424,-0.14099446011611133
11,1557705600,484,578,94,1062,19,-0.6845457822593203,-0.6816347587921625
11,1557720000,48,49,1,97,19,-0.7892506013185459,-1.2600359652471396
11,1557734400,1417,903,0,2320,19,-0.7903764595879998,0.07238463780924811
11,1557748800,2133,1912,0,4045,19,-0.7903764595879998,1.1063142555655543
11,1557763200,798,2158,1360,2956,19,0.7407907868694923,0.45358999252983406
11,1557777600,1554,5406,3852,6960,19,3.5464295943489557,2.8535054647015734
11,1557792000,440,1054,614,1494,20,-0.2162238652911285,-0.5386575361746785
11,1557806400,56,65,9,121,20,-0.8678187914115713,-1.3732597577085868
11,1557820800,1323,1396,73,2719,20,-0.7988897413756897,0.2059802798333607
11,1557835200,1971,2940,969,4911,20,0.16611695912665198,1.5384260697840724
11,1557849600,683,2109,1426,2792,20,0.6583134570391187,0.2503546149913908
11,1557864000,1338,5037,3699,6375,20,3.1063717497197247,2.4283442433642923
11,1557878400,460,1227,767,1687,20,-0.05144035504909916,-0.4213390884281058
11,1557892800,63,79,16,142,20,-0.8602796765638967,-1.360494538005592
11,1557907200,1336,1135,0,2471,20,-0.8775119390728672,0.05522911381703929
11,1557921600,1757,2673,916,4430,20,0.10903508956568757,1.2460417518249975
11,1557936000,714,1891,1177,2605,20,0.39013637174326704,0.1366833728742452
11,1557950400,1260,4068,2808,5328,20,2.146750131251436,1.791906861029258
11,1557964800,422,1178,756,1600,20,-0.06328753552401631,-0.4742235700547992
11,1557979200,60,95,35,155,20,-0.8398163648344944,-1.3525922591418331
11,1557993600,1323,1266,0,2589,20,-0.8775119390728672,0.12695749119577285
11,1558008000,1744,2521,777,4265,20,-0.04067019098099267,1.1457435970157515
11,1558022400,657,1935,1278,2592,20,0.4989150288311426,0.12878109401048643
11,1558036800,1205,4102,2897,5307,20,2.242604591457584,1.779141641326263
11,1558051200,464,1288,824,1752,20,0.009949580139107845,-0.3818276941093119
11,1558065600,77,118,41,195,20,-0.8333542663936305,-1.3282775549456523
11,1558080000,1153,1264,111,2417,20,-0.7579631179168851,0.02240426315219511
11,1558094400,1508,2302,794,3810,20,-0.02236091206521163,0.869163836784194
11,1558108800,689,2120,1431,2809,20,0.6636985390731719,0.26068836427476766
11,1558123200,1162,3882,2720,5044,20,2.051972687452099,1.6192724612363738
11,1558137600,564,1252,688,1816,20,-0.13652465118714044,-0.3429241673954225
11,1558152000,96,179,83,275,20,-0.7881195773075832,-1.2796481465532905
11,1558166400,308,488,180,796,20,-0.6836489858469502,-0.9629491243980347
11,1558180800,754,1319,565,2073,20,-0.2689976692248503,-0.18670219293496038
11,1558195200,661,1296,635,1957,20,-0.19360652074810486,-0.25721483510388493
11,1558209600,690,1803,1113,2493,20,0.3212073217073855,0.06860220112493877
11,1558224000,562,1022,460,1584,20,-0.38208439193996846,-0.48394945173327153
11,1558238400,127,161,34,288,20,-0.8408933812413051,-1.2717458676895317
11,1558252800,148,259,111,407,20,-0.7579631179168851,-1.1994096227058937
11,1558267200,603,922,319,1525,20,-0.53394370530027,-0.5198136404226383
11,1558281600,602,1243,641,1845,20,-0.18714442230724096,-0.3252960068531913
11,1558296000,628,1468,840,2096,20,0.02718184264807823,-0.1727212380221564
11,1558310400,624,610,0,1234,20,-0.8775119390728672,-0.6967031134498541
11,1558324800,122,66,0,188,20,-0.8775119390728672,-1.3325326281799839
11,1558339200,1095,953,0,2048,20,-0.8775119390728672,-0.20189888305757342
11,1558353600,1832,2077,245,3909,20,-0.6136429194042581,0.9293427296697416
11,1558368000,704,1861,1157,2565,20,0.36859604360705406,0.11236866867806433
11,1558382400,1123,4134,3011,5257,20,2.365384461833998,1.748748261081037
11,1558396800,436,1012,576,1448,21,-0.029597602421579952,-0.33242042468850025
11,1558411200,60,82,22,142,21,-0.7465798268622121,-1.2302933423032085
11,1558425600,1319,974,0,2293,21,-0.7750520451612987,0.24851572797951546
11,1558440000,1653,2215,562,3868,21,-0.047716286793725894,1.3313257166802548
11,1558454400,658,1858,1200,2516,21,0.777978043879782,0.4018278724114297
11,1558454788,13,62,49,75,21,-0.7116366498587878,-1.2763557354733353
11,1558468800,1199,4282,3083,5481,21,3.214941091933411,2.4402606447909165
11,1558483200,450,1150,700,1600,21,0.1308821734459984,-0.22792066704880984
11,1558497600,58,89,31,147,21,-0.7349321011944041,-1.226855850275587
11,1558512000,1297,1061,0,2358,21,-0.7750520451612987,0.2932031243385936
11,1558526400,1777,2160,383,3937,21,-0.2793766084090204,1.37876310666143
11,1558540800,1368,2244,876,3612,21,0.3586599198386902,1.1553261248660394
11,1558555200,1250,4124,2874,5374,21,2.9444550180920896,2.3666983153998187
11,1558569600,496,1168,672,1664,21,0.0946448047017065,-0.183920769095256
11,1558584000,64,90,26,154,21,-0.7414030598987419,-1.2220433614369173
11,1558597371,1109,196,0,1305,21,-0.7750520451612987,-0.43073269667847214
11,1558598400,1391,812,0,2203,21,-0.7750520451612987,0.18664087148233036
11,1558612800,1960,1872,0,3832,21,-0.7750520451612987,1.3065757740813808
11,1558627200,747,1962,1215,2709,21,0.7973909199927955,0.5345150646776156
11,1558641600,1270,4025,2755,5295,21,2.7904462009288493,2.312385941363401
11,1558656000,450,1140,690,1590,21,0.11794025603732271,-0.23479565110405265
11,1558670400,65,95,30,160,21,-0.7362262929352716,-1.2179183710037715
11,1558684800,1164,1062,0,2226,21,-0.7750520451612987,0.20245333480938876
11,1558687191,218,129,0,347,21,-0.7750520451612987,-1.0893561691707314
11,1558687273,379,480,101,859,21,-0.6443386793336744,-0.7373569855423006
11,1558699200,1295,1823,528,3118,21,-0.09171880598322318,0.8157019125370456
11,1558713600,786,2564,1778,3350,21,1.5260208701012359,0.9752015426186783
11,1558728000,986,3264,2278,4250,21,2.1731167405350194,1.5939501075905291
11,1558742400,506,1261,755,1767,21,0.20206271919371457,-0.11310843332625527
11,1558756800,95,146,51,241,21,-0.7090482663770528,-1.162231000156305
11,1558771200,231,484,253,715,21,-0.44762153472180416,-0.8363567559377967
11,1558785600,652,1249,597,1901,21,-0.00241957586336104,-0.020983646986001886
11,1558800000,657,1302,645,1959,21,0.05970162769828219,0.018891260534406294
11,1558814400,766,1498,732,2264,21,0.17229630915376054,0.22857827421931137
11,1558828800,451,901,450,1352,21,-0.19266576177089342,-0.39842027161883103
11,1558843200,83,131,48,214,21,-0.7129308415996555,-1.1807934571054606
11,1558857600,153,248,95,401,21,-0.6521038297788798,-1.0522312552724202
11,1558872000,639,923,284,1562,21,-0.4075015907549096,-0.2540456064587325
11,1558886400,585,1037,452,1622,21,-0.19007737828915827,-0.21279570212727572
11,1558900800,594,1416,822,2010,21,0.2887735658318416,0.05395367921614452
11,1558915200,433,594,161,1027,21,-0.5666871748816203,-0.6218572534142217
11,1558929600,61,102,41,163,21,-0.7219901837857284,-1.2158558757871987
11,1558944000,178,360,182,538,21,-0.5395091483234015,-0.9580439737155941
11,1558958400,570,1032,462,1602,21,-0.17713546088048263,-0.2265456702377613
11,1558972800,651,996,345,1647,21,-0.32855589456198797,-0.19560824198916874
11,1558987200,604,1348,744,1952,21,0.18782661004417134,0.014078771695736342
11,1559001600,489,524,35,1013,22,-0.7328669237102696,-0.7169484641413849
11,1559016000,60,72,12,132,22,-0.7558452513122561,-1.2342158507197094
11,1559030400,1239,923,0,2162,22,-0.767833943974162,-0.04232845599326362
11,1559044800,1632,2114,482,3746,22,-0.2862881220542733,0.8876959938819533
11,1559059200,646,1786,1140,2432,22,0.37109185890690255,0.11619843887183016
11,1559073600,1103,4299,3196,5402,22,2.4251545349801207,1.859994282387862
11,1559088000,474,1091,617,1565,22,-0.15141532960783144,-0.39284903463941545
11,1559102400,57,64,7,121,22,-0.7608405399213836,-1.240674353843843
11,1559116800,1321,1025,0,2346,22,-0.767833943974162,0.06570468717405956
11,1559131200,1606,2285,679,3891,22,-0.08947375085465073,0.9728308077909851
11,1559145600,683,1829,1146,2512,22,0.3770862052378555,0.16316937068370982
11,1559160000,1584,5307,3723,6891,22,2.951657954382157,2.7342407507364714
11,1559174400,419,1102,683,1521,22,-0.08547751996734876,-0.4186830471359492
11,1559188800,59,89,30,148,22,-0.7378622123193972,-1.2248216643573335
11,1559203200,1316,1087,0,2403,22,-0.767833943974162,0.0991714760900238
11,1559203707,85,17,0,102,22,-0.767833943974162,-1.2518299501491643
11,1559217600,1648,2158,510,3806,22,-0.2583145058431594,0.922924192740863
11,1559232000,701,1880,1179,2581,22,0.41005511005809686,0.203681799371456
11,1559246400,1397,5178,3781,6575,22,3.0096033022480357,2.548705570079547
11,1559260800,431,1181,750,1612,22,-0.018540652605040574,-0.36525361219993613
11,1559275200,67,93,26,160,22,-0.7418584432066991,-1.2177760245855516
11,1559289600,1204,1072,0,2276,22,-0.767833943974162,0.02460512183866487
11,1559304000,1511,2165,654,3676,22,-0.11445019390028811,0.8465964285465586
11,1559318400,687,2322,1635,3009,22,0.8656254312105227,0.45497628456501205
11,1559332800,1149,3722,2573,4871,22,1.8027415742828374,1.5482247224865107
11,1559347200,535,1285,750,1820,22,-0.018540652605040574,-0.24312918948904907
11,1559361600,95,210,115,305,22,-0.6529423059642301,-1.1326412106765198
11,1559376000,252,465,213,717,22,-0.5550346492253315,-0.8907409118453397
11,1559390400,673,1246,573,1919,22,-0.19537386936815324,-0.185002661371848
11,1559404800,685,1417,732,2102,22,-0.036523691597899484,-0.07755665485217335
11,1559419200,694,1598,904,2292,22,0.13531423655608568,0.0339993082010408
11,1559433600,432,892,460,1324,22,-0.3082673919344342,-0.5343489667227028
11,1559448000,93,181,88,274,22,-0.6799168644535184,-1.1508424467536231
11,1559462400,157,250,93,407,22,-0.6749215758443909,-1.0727532726163733
11,1559476800,522,830,308,1352,22,-0.46012416565190944,-0.517909140588545
11,1559491200,613,1159,546,1772,22,-0.2223484278574416,-0.27131174857617685
11,1559505600,663,1339,676,2002,22,-0.09247092402012722,-0.1362703196170229
11,1559520000,454,838,384,1292,22,-0.38419577879317185,-0.5531373394474547
11,1559534400,92,76,0,168,22,-0.767833943974162,-1.2130789314043637
11,1559548800,1263,860,0,2123,22,-0.767833943974162,-0.06522678525155494
11,1559563200,1647,1866,219,3513,22,-0.5490403028943786,0.7508931549798538
11,1559577600,654,1739,1085,2393,22,0.31614368420650035,0.09330010961353885
11,1559592000,1147,4191,3044,5338,22,2.2732977612626457,1.8224175369383582
11,1559606400,432,998,566,1430,23,-0.15376636680042674,-0.4735875837338831
11,1559620800,57,92,35,149,23,-0.7059639373391864,-1.2633065438112945
11,1559635200,1257,1092,0,2349,23,-0.7423611406703664,0.0929633329805128
11,1559641678,797,400,0,1197,23,-0.7423611406703664,-0.6172288934122881
11,1559645350,144,142,0,286,23,-0.7423611406703664,-1.178847919665623
11,1559649600,1747,2078,331,3825,23,-0.39814758916692117,1.002897123046289
11,1559664000,639,1883,1244,2522,23,0.551299457729289,0.19961546420095946
11,1559678400,1199,4375,3176,5574,23,2.560425081610426,2.081131675095776
11,1559692800,432,1140,708,1572,23,-0.006097713285353546,-0.38604652805004824
11,1559707200,54,79,25,133,23,-0.7163631382909521,-1.2731703247334167
11,1559721600,1303,928,0,2231,23,-0.7423611406703664,0.02021794867986132
11,1559736000,1679,2056,377,3735,23,-0.3503112647887988,0.9474133553593515
11,1559750400,650,1868,1218,2518,23,0.5242615352546981,0.19714951897042893
11,1559764800,1263,4210,2947,5473,23,2.3222833798149907,2.0188665580248792
11,1559779200,464,1072,608,1536,23,-0.11008972280301073,-0.40824003512482326
11,1559793600,67,91,24,158,23,-0.7174030583861287,-1.2577581670426008
11,1559808000,1352,954,0,2306,23,-0.7423611406703664,0.0664544217523093
11,1559822400,1698,2056,358,3754,23,-0.3700697465971537,0.9591265952043716
11,1559836800,627,2051,1424,2678,23,0.738485074861072,0.29578732819165127
11,1559851200,1122,4329,3207,5451,23,2.5926626045608994,2.005303859256961
11,1559865600,466,1237,771,1703,23,0.05941725271077048,-0.30528682175017247
11,1559880000,69,109,40,178,23,-0.7007643368633035,-1.245428440889948
11,1559894400,1191,923,0,2114,23,-0.7423611406703664,-0.051910949313157526
11,1559908800,2679,1836,0,4515,23,-0.7423611406703664,1.4282726753128103
11,1559923200,706,2149,1443,2855,23,0.7582435566694268,0.4049054046426285
11,1559937600,1150,3932,2782,5082,23,2.150696564110856,1.7778204117405172
11,1559952000,498,1151,653,1649,23,-0.06329331852006499,-0.338577082362335
11,1559966400,82,170,88,252,23,-0.650848172294828,-1.1998084541251326
11,1559980800,289,505,216,794,23,-0.5177384001122269,-0.865672875388242
11,1559995200,725,1136,411,1861,23,-0.3149539815527954,-0.20788198514421538
11,1560009600,617,1424,807,2041,23,0.09685437613712707,-0.09691444977034022
11,1560024000,694,1536,842,2230,23,0.1332515794683071,0.01960146237222868
11,1560038400,493,907,414,1400,23,-0.3118342212672657,-0.4920821729628623
11,1560052800,87,201,114,288,23,-0.6238102498202373,-1.1776149470503576
11,1560067200,126,232,106,358,23,-0.6321296105816498,-1.1344609055160728
11,1560081600,554,813,259,1367,23,-0.4730218360196343,-0.5124262211147393
11,1560096000,581,948,367,1529,23,-0.36071046574056453,-0.4125554392782518
11,1560110400,590,1251,661,1841,23,-0.05497395775865242,-0.22021171129686817
11,1560124800,436,604,168,1040,23,-0.5676545646807024,-0.7140172437106126
11,1560139200,50,62,12,112,23,-0.7298820995282476,-1.2861165371937022
11,1560153600,1255,826,0,2081,23,-0.7423611406703664,-0.07225499746503464
11,1560168000,1742,1844,102,3586,23,-0.6362892909623561,0.8555568955220881
11,1560182400,752,2184,1432,2936,23,0.7468044356224844,0.4548407955608723
11,1560196800,1279,4753,3474,6032,23,2.870321269973044,2.363482403991525
11,1560211200,385,1002,617,1387,24,-0.18301074480189022,-0.6758995064771333
11,1560225600,51,65,14,116,24,-0.7597428969635054,-1.4497544450158626
11,1560240000,1279,908,0,2187,24,-0.773133029849513,-0.188815359481867
11,1560254400,1880,1904,24,3784,24,-0.7501785163306428,0.7835263689574333
11,1560268800,657,1841,1184,2498,24,0.3592896370814196,0.0005386026625427573
11,1560283200,1213,4465,3252,5678,24,2.3372035519574066,1.9366980869687263
11,1560297600,461,1223,762,1684,24,-0.04432722562538243,-0.49506951690514067
11,1560312000,62,82,20,144,24,-0.7540042685837879,-1.4327064998710284
11,1560326400,1352,1026,0,2378,24,-0.773133029849513,-0.07252401938674718
11,1560333116,1214,1405,191,2619,24,-0.5904533597618373,0.07421007989557678
11,1560340800,1666,793,0,2459,24,-0.773133029849513,-0.023206749503476475
11,1560340942,5,6,1,11,24,-0.7721765917862268,-1.5136842393089913
11,1560355200,653,1979,1326,2632,24,0.4951038420680686,0.08212519728424986
11,1560369600,1261,4303,3042,5564,24,2.136351558667292,1.8672885960219008
11,1560384000,481,1254,773,1735,24,-0.03380640692923357,-0.46401790253419245
11,1560398400,58,86,28,144,24,-0.7463527640774978,-1.4327064998710284
11,1560412800,1359,817,0,2176,24,-0.773133029849513,-0.19551276650305194
11,1560427200,2121,1783,0,3904,24,-0.773133029849513,0.8565889910067233
11,1560441600,740,1981,1241,2721,24,0.4138066066887364,0.13631330863747324
11,1560456000,1221,4170,2949,5391,24,2.0474028187816695,1.7619566492341745
11,1560470400,489,1344,855,1833,24,0.04462151426023981,-0.40435009452727233
11,1560484800,72,87,15,159,24,-0.7587864589002192,-1.423573672114867
11,1560499200,1235,1139,0,2374,24,-0.773133029849513,-0.07495944012172352
11,1560513600,1479,1996,517,3475,24,-0.2786545511305163,0.5953901171805117
11,1560528000,736,2229,1493,2965,24,0.6548289986368742,0.28487397347102944
11,1560542400,1097,3810,2713,4907,24,1.8216834358461123,1.4672707403020384
11,1561161600,8035,6566,0,14601,25,-0.8103283042087511,3.7820650789314634
11,1561176000,98,165,67,263,25,-0.7113756984092621,-0.6938537926130798
11,1561190400,251,490,239,741,25,-0.4573481133717678,-0.5446356854434402
11,1561204800,660,1253,593,1913,25,0.0654761023449356,-0.17877036828273407
11,1561219200,687,1287,600,1974,25,0.07581443429413595,-0.15972789017112735
11,1561233600,632,1599,967,2231,25,0.6178384093450685,-0.07949974468452199
11,1561248000,519,956,437,1475,25,-0.16492100966581502,-0.31550160455951676
11,1561262400,92,167,75,259,25,-0.6995604618958902,-0.6951024797023654
11,1561276800,167,259,92,426,25,-0.6744530843049751,-0.642969793724688
11,1561291200,562,946,384,1508,25,-0.24319695156690338,-0.3051999360729098
11,1561305600,578,1092,514,1670,25,-0.0511993582246112,-0.2546281089568395
11,1561320000,629,1373,744,2002,25,0.2884886915348288,-0.15098708054612753
11,1561334400,496,809,313,1305,25,-0.34805717562307836,-0.3685708058541584
11,1561348800,75,103,28,178,25,-0.7689749764119497,-0.7203883932604006
11,1561363200,1305,1134,0,2439,25,-0.8103283042087511,-0.014568016041666295
11,1561377600,1634,2316,682,3950,25,0.19692060855619717,0.45712353193600175
11,1561392000,636,1797,1161,2433,25,0.9043578947943354,-0.016441046675594824
11,1561406400,1197,4177,2980,5374,25,3.590847297022255,0.9016561357217061
11,1561420800,449,1070,621,1519,26,-0.12114008486795895,-0.4469748361875446
11,1561435200,48,82,34,130,26,-0.7428450279002373,-1.3251467773424601
11,1561449600,1454,779,0,2233,26,-0.778855194958325,0.004439682159906543
11,1561464000,1944,1959,15,3903,26,-0.7629683565503451,1.060269157846522
11,1561478400,669,1933,1264,2602,26,0.5598757215541109,0.23773373996132036
11,1561492800,1250,4325,3075,5575,26,2.4779466786775455,2.1173630999710853
11,1561507200,462,1128,666,1590,26,-0.07347956964401939,-0.40208627764038907
11,1561521600,63,100,37,163,26,-0.7396676602186414,-1.3042830811163173
11,1561535761,1275,193,0,1468,26,-0.778855194958325,-0.47921873035521967
11,1561535845,1316,853,0,2169,26,-0.778855194958325,-0.036023243854430814
11,1561536000,577,372,0,949,26,-0.778855194958325,-0.8073477710027367
11,1561550400,1754,2105,351,3859,26,-0.40710317621159636,1.032450896211665
11,1561564800,699,2028,1329,2727,26,0.6287186879886902,0.31676289233307303
11,1561579200,1240,4259,3019,5499,26,2.4186358152877543,2.06931337532906
11,1561593600,455,1256,801,1711,26,0.06950197602779933,-0.3255860581445325
11,1561608000,63,101,38,164,26,-0.7386085376581094,-1.3036508478973434
11,1561622400,1295,1179,0,2474,26,-0.778855194958325,0.15680788793264566
11,1561636800,1834,1965,131,3799,26,-0.6401101395286343,0.9945169030732237
11,1561651200,698,1977,1279,2675,26,0.5757625599620908,0.2838867649464239
11,1561665600,1186,4614,3428,5800,26,2.851816942545338,2.2596155742402404
11,1561680000,520,1247,727,1767,26,-0.008873093451567966,-0.2901809978819873
11,1561694400,75,126,51,201,26,-0.7248399443711935,-1.2802582187953047
11,1561708800,1229,915,0,2144,26,-0.778855194958325,-0.051829074328781345
11,1561708860,0,0,0,0,26,-0.778855194958325,-1.4073370958090827
11,1561723200,1526,2290,764,3816,26,0.03031444128811568,1.005264867795782
11,1561737600,722,2398,1676,3120,26,0.9962342164932909,0.5652305473898633
11,1561752000,1089,3822,2733,4911,26,2.115726762975605,1.6975602425723353
11,1561766400,558,1400,842,1958,26,0.11292600100961094,-0.1694244530579493
11,1561780800,100,218,118,318,26,-0.6538787328155502,-1.206286932175344
11,1561795200,353,465,112,818,26,-0.6602334681787421,-0.8901703226883335
11,1561809600,659,1253,594,1912,26,-0.1497363940023227,-0.19850718113075427
11,1561824000,691,1475,784,2166,26,0.05149689249875549,-0.03791994351135288
11,1561838400,729,1668,939,2397,26,0.215660889381214,0.10812593007164602
11,1561852800,421,864,443,1285,26,-0.30966390064265326,-0.5949174094274655
11,1561867200,111,175,64,286,26,-0.7110713510842777,-1.2265183951825127
11,1561881600,169,243,74,412,26,-0.7004801254789578,-1.146857009591786
11,1561896000,640,901,261,1541,26,-0.5024242066594755,-0.4330657053701161
11,1561910400,723,1099,376,1822,26,-0.3806251121982966,-0.25540817083841616
11,1561924800,635,1448,813,2083,26,0.08221144675418321,-0.09039530068619664
11,1561939200,504,897,393,1401,26,-0.3626200286692528,-0.5215783560264791
11,1561953600,86,120,34,206,26,-0.7428450279002373,-1.2770970527004344
11,1561968000,1191,1303,112,2494,26,-0.6602334681787421,0.16945255231212608
11,1561982400,1708,2317,609,4025,26,-0.13384955559434283,1.1374016105613525
11,1561996800,663,1940,1277,2603,26,0.5736443148410267,0.2383659731802944
11,1562011200,1133,4341,3208,5474,26,2.6188099792283004,2.053507544854709
11,1562025600,448,1025,577,1473,27,-0.03667414004358546,-0.31401909488155466
11,1562040000,58,99,41,157,27,-0.7807459531813998,-1.28968002614809
11,1562054400,1329,1299,0,2628,27,-0.8376618941117178,0.5422790628789685
11,1562063255,705,536,0,1241,27,-0.8376618941117178,-0.48602011012003205
11,1562068800,1719,2430,711,4149,27,0.14934381324086812,1.6699236498519174
11,1562083200,714,1942,1228,2656,27,0.8670399464353644,0.5630378060974054
11,1562097600,1168,4065,2897,5233,27,3.183935200403671,2.4735835658799754
11,1562112000,431,1176,745,1607,27,0.19654239840259516,-0.21467368090760652
11,1562126400,59,103,44,162,27,-0.776581372137718,-1.2859731077162264
11,1562140800,1242,1311,69,2553,27,-0.7418765301070364,0.4866752864010125
11,1562155200,1503,2554,1051,4057,27,0.6213296648581385,1.6017163507056247
11,1562169600,859,2705,1846,3564,27,1.7249436414338148,1.23621419332386
11,1562184000,996,3234,2238,4230,27,2.269115564474903,1.7299757284481099
11,1562198400,455,1207,752,1662,27,0.20625975417118603,-0.1738975781571054
11,1562212800,72,133,61,205,27,-0.7529820795568545,-1.2540936092021984
11,1562227200,192,468,276,660,27,-0.4545204380929924,-0.9167640319025983
11,1562241600,565,1104,539,1669,27,-0.08942549993022156,-0.1687078923524962
11,1562256000,557,975,418,1532,27,-0.2573969353587207,-0.2702774573855626
11,1562270400,560,916,356,1476,27,-0.34346494359481117,-0.31179494382243644
11,1562284800,387,922,535,1309,27,-0.09497827465513062,-0.43560601944668526
11,1562299200,70,168,98,238,27,-0.7016189133514457,-1.2296279475518976
11,1562313600,770,807,37,1577,27,-0.786298727906309,-0.23691519149878895
11,1562328000,964,1503,539,2467,27,-0.08942549993022156,0.4229162893729562
11,1562342400,685,1574,889,2259,27,0.3964422884993214,0.26870848260742475
11,1562356800,803,2642,1839,3445,27,1.7152262856652238,1.1479895346455031
11,1562371200,462,929,467,1391,27,-0.1893754449785847,-0.37481255716411993
11,1562385600,74,151,77,225,27,-0.7307709806572182,-1.2392659354747433
11,1562400000,206,366,160,572,27,-0.6155509051153553,-0.9820057963034
11,1562414400,634,1055,421,1689,27,-0.2532323543150389,-0.15388021862504123
11,1562428800,655,1202,547,1857,27,-0.07831995048040342,-0.029327759314419683
11,1562443200,628,1441,813,2069,27,0.2909395687260492,0.12784558219660275
11,1562457600,397,774,377,1171,27,-0.3143128762890386,-0.5379169681661243
11,1562472000,80,166,86,246,27,-0.7182772375261729,-1.2236968780609156
11,1562486400,138,237,99,375,27,-0.7002307196702184,-1.1280583825188313
11,1562500800,562,724,162,1286,27,-0.6127745177529007,-0.45265784423325844
11,1562515200,651,940,289,1591,27,-0.43647392023703796,-0.22653581988957047
11,1562529600,621,1111,490,1732,27,-0.15744699031035758,-0.12200072011101311
11,1562544000,499,616,117,1115,27,-0.6752432334081276,-0.5794344546029983
11,1562558400,63,87,24,150,27,-0.8043452457622634,-1.2948697119526995
11,1562572800,1330,1076,0,2406,27,-0.8376618941117178,0.3776918845042186
11,1562587200,1929,2055,126,3984,27,-0.6627494902770823,1.547595341600414
11,1562601600,636,1696,1060,2332,27,0.6338234079891838,0.3228294917126353
11,1562616000,1153,3999,2846,5152,27,3.1131373226610806,2.413531487283783
11,1562630400,424,938,514,1362,28,-0.26468232192465996,-0.5718454233005137
11,1562644800,52,69,17,121,28,-0.8037572353655178,-1.3525496810738222
11,1562659200,1355,933,0,2288,28,-0.8221964175154063,0.010694578873606966
11,1562673600,1678,2122,444,3800,28,-0.34060836607125966,0.9618830057497089
11,1562688000,616,1722,1106,2338,28,0.3774350800008689,0.04214922261950981
11,1562702400,1118,3961,2843,5079,28,2.261485632610064,1.7664927927699037
11,1562716800,464,1077,613,1541,28,-0.1573012023458975,-0.4592377986901815
11,1562731200,56,76,20,132,28,-0.8005032620449491,-1.3456296594497237
11,1562745600,1405,1001,0,2406,28,-0.8221964175154063,0.08492753811393768
11,1562760000,1786,2211,425,3997,28,-0.36121686376819384,1.0858143021085662
11,1562774400,726,1888,1162,2614,28,0.43817591531814865,0.21577885609689348
11,1562788800,1159,4016,2857,5175,28,2.2766708414393837,1.8268857087620372
11,1562803200,447,1108,661,1555,28,-0.10523762921680059,-0.4504304984413287
11,1562817600,64,95,31,159,28,-0.7885720265361978,-1.328644151826936
11,1562832000,1310,1185,0,2495,28,-0.8221964175154063,0.14091680398164474
11,1562846400,1727,2450,723,4177,28,-0.037988847258383716,1.1990510195938164
11,1562860800,674,2083,1409,2757,28,0.7060863853782933,0.30573913721017565
11,1562875200,1364,4731,3367,6095,28,2.829846305936039,2.4056511536866494
11,1562889600,513,1266,753,1779,28,-0.0054491140526981355,-0.30951369445968396
11,1562904000,58,71,13,129,28,-0.8080958664596092,-1.3475169380744778
11,1562918400,1260,1188,0,2448,28,-0.8221964175154063,0.11134943886049606
11,1562932800,1516,2345,829,3861,28,0.07698487673503868,1.0002576711197104
11,1562947200,756,2208,1452,2964,28,0.752726669639776,0.4359613623182134
11,1562961600,1096,3713,2617,4809,28,2.0163529757938994,1.5966377165420282
11,1562976000,545,1257,712,1802,28,-0.049920082767135096,-0.2950445583365687
11,1562990400,98,171,73,269,28,-0.743016400048238,-1.25944393558595
11,1563004800,272,442,170,714,28,-0.6378045960165213,-0.9794976062474146
11,1563019200,709,1175,466,1884,28,-0.3167458950537569,-0.24345894259328799
11,1563033600,702,1263,561,1965,28,-0.21370340656908587,-0.1925024197249254
11,1563048000,694,1524,830,2218,28,0.07806953450856152,-0.033341922370657015
11,1563062400,459,909,450,1368,28,-0.33410041943012253,-0.5680708660510053
11,1563076800,88,135,47,223,28,-0.7712175021598322,-1.2883822078321805
11,1563091200,140,229,89,369,28,-0.7256618756718723,-1.1965346480941441
11,1563105600,548,775,227,1323,28,-0.5759791029257186,-0.5963800454223179
11,1563120000,634,1007,373,1641,28,-0.41761906799138215,-0.3963285111983758
11,1563134400,578,1246,668,1824,28,-0.09764502480214061,-0.2812045150883714
11,1563148800,487,644,157,1131,28,-0.6519051470723184,-0.7171658774065848
11,1563163200,72,76,4,148,28,-0.8178577864213148,-1.3355641734510346
11,1563177600,1273,1231,0,2504,28,-0.8221964175154063,0.14657863985590724
11,1563192000,1639,2304,665,3943,28,-0.10089899812270918,1.051843286862991
11,1563206400,672,1833,1161,2505,28,0.4370912575446258,0.1472077327308253
11,1563220800,1071,4399,3328,5470,28,2.7875446527686476,2.012468106862864
11,1563235200,408,1054,646,1462,29,-0.12867775837095283,-0.45432204819875915
11,1563249600,59,82,23,141,29,-0.7562840485466074,-1.1806923490291628
11,1563264000,1312,1031,0,2343,29,-0.7794541042031724,0.03010810701061673
11,1563278400,1836,2161,325,3997,29,-0.4520511438386657,0.9395831089587526
11,1563279624,23,39,16,62,29,-0.7633358046159967,-1.2241316024474835
11,1563292800,671,1891,1220,2562,29,0.44956623931897605,0.15052831585381005
11,1563307200,1099,4422,3323,5521,29,2.568115241308384,1.7775757951552211
11,1563321600,522,1104,582,1626,29,-0.19315095671965568,-0.3641443575581943
11,1563336000,84,90,6,174,29,-0.7734097418579815,-1.1625468381075856
11,1563350400,1444,1403,0,2847,29,-0.7794541042031724,0.3072395465401575
11,1563364800,2085,3397,1312,5482,29,0.5422464619452364,1.756131100429721
11,1563379200,721,1988,1267,2709,29,0.4969137443563047,0.23135831904992613
11,1563393600,1206,4295,3089,5501,29,2.3323851098459394,1.7665785158088108
11,1563408000,484,1499,1015,1983,29,0.24305052585828715,-0.16784292122476954
11,1563422400,56,90,34,146,29,-0.745202717580424,-1.17794302919256
11,1563436800,1456,1604,148,3060,29,-0.630359833021797,0.42436057157942775
11,1563451200,2355,3524,1169,5879,29,0.39818915938485344,1.9744270954559664
11,1563465600,729,1791,1062,2520,29,0.29039803089561583,0.12743402922634833
11,1563480000,1146,4429,3283,5575,29,2.527819492340445,1.807268449390529
11,1563494400,436,1113,677,1549,29,-0.09744855292079987,-0.4064838830418741
11,1563508800,62,96,34,158,29,-0.745202717580424,-1.1713446615847138
11,1563523200,1176,1327,151,2503,29,-0.6273376518492015,0.11808634178189953
11,1563537600,1623,2525,902,4148,29,0.12921503502385864,1.0226125680241507
11,1563545596,190,600,410,790,29,-0.3664226772817947,-0.8238306342381468
11,1563545725,4,8,4,12,29,-0.7754245293063785,-1.2516248008135094
11,1563552000,781,2412,1631,3193,29,0.8636050599645523,0.49749247923305656
11,1563566400,1107,3834,2727,4941,29,1.9677085816860889,1.458654694109321
11,1563580800,532,1173,641,1705,29,-0.13371472699194523,-0.3207051041398734
11,1563595200,96,132,36,228,29,-0.743187930132027,-1.1328541838722777
11,1563609600,259,474,215,733,29,-0.5628644535004987,-0.8551728803754164
11,1563624000,711,1169,458,1880,29,-0.3180677785202675,-0.22447890985878285
11,1563638400,635,1145,510,1780,29,-0.2656833048619464,-0.2794653065908346
11,1563652800,622,1276,654,1898,29,-0.12061860857736496,-0.21458135844701354
11,1563667200,516,805,289,1321,29,-0.48831731790981103,-0.5318528675909521
11,1563681600,106,142,36,248,29,-0.743187930132027,-1.1218569045258673
11,1563696000,163,218,55,381,29,-0.7240474493722558,-1.0487249968722385
11,1563710400,596,759,163,1355,29,-0.6152489271588197,-0.5131574927020545
11,1563724800,606,1007,401,1613,29,-0.37548922079958097,-0.371292589133361
11,1563739200,652,1154,502,1806,29,-0.27374245465553426,-0.2651688434405011
11,1563753600,493,583,90,1076,29,-0.688788669025309,-0.6665695395844788
11,1563768000,57,65,8,122,29,-0.7713949544095845,-1.1911397644082524
11,1563782400,1317,1200,0,2517,29,-0.7794541042031724,0.12578443732438677
11,1563796800,1765,2357,592,4122,29,-0.18307701947767088,1.0083161048738172
11,1563811200,758,1931,1173,2689,29,0.40221873428164734,0.22036103970351578
11,1563825600,1337,5276,3939,6613,29,3.1886697754146494,2.3780272474692263
11,1563840000,444,883,439,1327,30,-0.281960957767109,-0.6485854375856893
11,1563854400,43,83,40,126,30,-0.7175064833284928,-1.3918758921323853
11,1563868800,1482,1243,0,2725,30,-0.7611701951642204,0.21662693165351216
11,1563879279,880,777,0,1657,30,-0.7611701951642204,-0.44435075815154307
11,1563883200,2059,2693,634,4752,30,-0.06910036256793654,1.4711229777535562
11,1563897600,707,1752,1045,2459,30,0.37954427654416545,0.052001402170230616
11,1563912000,1136,4279,3143,5415,30,2.6697059623280825,1.8814490155257955
11,1563926400,444,1052,608,1496,30,-0.09748177526115955,-0.5439925259966871
11,1563940800,57,105,48,162,30,-0.7087737409613472,-1.3695957452850238
11,1563955200,1329,1214,0,2543,30,-0.7611701951642204,0.10398841148074058
11,1563969600,1891,2688,797,4579,30,0.10882926316265379,1.364054494292625
11,1563984000,699,1754,1055,2453,30,0.3904602045030974,0.048288044362337045
11,1563998400,1206,4168,2962,5374,30,2.472127666271415,1.8560744038385226
11,1564012800,471,1267,796,1738,30,0.1077376703667606,-0.3942204277449799
11,1564027200,69,98,29,167,30,-0.7295140040833178,-1.3665012804451127
11,1564041600,1279,1372,93,2651,30,-0.6596520651461535,0.1708288520228248
11,1564056000,1964,2596,632,4560,30,-0.07128354815972293,1.3522955279009619
11,1564070400,737,1938,1201,2675,30,0.5498327527035034,0.1856822832543991
11,1564084800,1181,4162,2981,5343,30,2.4928679293933853,1.8368887218310725
11,1564099200,559,1206,647,1765,30,-0.05490965622132504,-0.3775103176094588
11,1564113600,64,106,42,170,30,-0.7153232977367063,-1.3646446015411657
11,1564128000,1172,1264,92,2436,30,-0.6607436579420467,0.0377668639066386
11,1564142400,1636,2660,1024,4296,30,0.35662082783040844,1.1889077843536449
11,1564156800,791,2254,1463,3045,30,0.8358300652275198,0.4146726814078358
11,1564171200,1028,3744,2716,4772,30,2.2035958384816894,1.4835008371132012
11,1564185600,799,1352,553,2151,30,-0.1575193790352851,-0.1386176319683059
11,1564200000,125,130,5,255,30,-0.7557122311847544,-1.3120386992626736
11,1564214400,329,400,71,729,30,-0.6836671066558038,-1.0186834324390817
11,1564228800,804,1021,217,1825,30,-0.5242945584553977,-0.34037673953052316
11,1564243200,856,1267,411,2123,30,-0.3125255560521184,-0.15594663507180923
11,1564257600,794,1456,662,2250,30,-0.03853576428292716,-0.07734722813806202
11,1564272000,576,937,361,1513,30,-0.36710519584677803,-0.5334713455409887
11,1564286400,141,184,43,325,30,-0.7142317049408131,-1.2687161915039153
11,1564300800,183,196,13,379,30,-0.7469794888176089,-1.2352959712328733
11,1564315200,731,683,0,1414,30,-0.7611701951642204,-0.5947417493712326
11,1564329600,785,1026,241,1811,30,-0.4980963313539611,-0.3490412410822748
11,1564344000,770,1373,603,2143,30,-0.1029397392406255,-0.143568775712164
11,1564358400,677,696,19,1373,30,-0.7404299320422497,-0.6201163610585053
11,1564372800,97,74,0,171,30,-0.7611701951642204,-1.3640257085731835
11,1564387200,1432,1342,0,2774,30,-0.7611701951642204,0.24695268708464296
11,1564401600,1970,2190,220,4160,30,-0.5210197800677181,1.1047383407080573
11,1564416000,786,1756,970,2542,30,0.29767481685217606,0.10336951851275832
11,1564430400,1196,4304,3108,5500,30,2.6315002144718207,1.9340549178042876
11,1564444800,514,993,479,1507,31,-0.45183128488213736,-0.7671615646926144
11,1564459200,77,77,0,154,31,-0.8867515269490428,-1.5367167322406845
11,1564473600,1499,1219,0,2718,31,-0.8867515269490428,-0.07837271923754204
11,1564488000,2042,2228,186,4270,31,-0.7178680926600148,0.8043690546239545
11,1564502400,813,2063,1250,2876,31,0.24821778950947865,0.011494033513821656
11,1564516800,1154,4425,3271,5579,31,2.083236180359616,1.5488980378615183
11,1564531200,532,1142,610,1674,31,-0.33288650051728436,-0.6721758196959199
11,1564545600,83,71,0,154,31,-0.8867515269490428,-1.5367167322406845
11,1564560000,1554,1458,0,3012,31,-0.8867515269490428,0.08884769410993218
11,1564574400,2018,3095,1077,5113,31,0.09113803611161927,1.2838479949366102
11,1564588800,791,1991,1200,2782,31,0.2028190168511378,-0.04197099660407826
11,1564603200,1253,4659,3406,5912,31,2.2058128665371366,1.7383007509387596
11,1564617600,449,1007,558,1456,31,-0.38010122408195884,-0.7961691874161558
11,1564632000,63,95,32,158,31,-0.8576963124477046,-1.534441624576093
11,1564646400,1277,1229,0,2506,31,-0.8867515269490428,-0.1989534254608908
11,1564660800,1784,2383,599,4167,31,-0.34287423050211935,0.7457850322607238
11,1564675200,695,1939,1244,2634,31,0.24276993679047773,-0.12614998019396323
11,1564689600,1083,4304,3221,5387,31,2.037837407701275,1.4396928699611269
11,1564704000,453,1149,696,1602,31,-0.25480061154493805,-0.7131277576585666
11,1564718400,84,103,19,187,31,-0.8694999933388733,-1.5179470940078048
11,1564732800,1180,1355,175,2535,31,-0.7278558226448498,-0.18245889489260253
11,1564747200,1505,2568,1063,4073,31,0.07842637976728382,0.6923200021428239
11,1564761600,838,2243,1405,3081,31,0.38895398475033527,0.12809330132413532
11,1564776000,1027,3975,2948,5002,31,1.789960108986734,1.2207137572441964
11,1565395200,9356,6867,0,16223,32,-0.6866525807010498,3.841702991592716
11,1565409600,93,156,63,249,32,-0.5969963888167676,-0.6478983894079295
11,1565424000,265,400,135,665,32,-0.4945321695204452,-0.5309787591026667
11,1565438400,707,1191,484,1898,32,0.002134671235340051,-0.18443572024115445
11,1565452800,721,1178,457,1899,32,-0.036289411000780876,-0.18415466343753603
11,1565467200,751,1324,573,2075,32,0.12879183119884977,-0.13468866600069407
11,1565481600,518,1024,506,1542,32,0.03344318268699414,-0.2844919423293121
11,1565496000,92,127,35,219,32,-0.636843585209782,-0.6563300935164821
11,1565510400,143,226,83,369,32,-0.5685341056789004,-0.614171572973719
11,1565524800,634,862,228,1496,32,-0.362182552929362,-0.2974205552957594
11,1565539200,643,1008,365,1651,32,-0.1672159134349707,-0.25385675073490427
11,1565553600,751,1276,525,2027,32,0.06048235166796812,-0.14817939257437823
11,1565568000,484,693,209,1177,32,-0.38922172191033605,-0.3870776756500355
11,1565582400,55,92,37,147,32,-0.6339973568959952,-0.6765661833770084
11,1565596800,1238,1252,14,2490,32,-0.6667289825045427,-0.018050092499049646
11,1565611200,1723,2445,722,4168,32,0.34083584057596156,0.4535632239726596
11,1565625600,648,1781,1133,2429,32,0.9257357590591356,-0.03519455751977328
11,1565640000,1068,4184,3116,5252,32,3.7477711321786833,0.7582287990950272
11,1565654400,476,964,488,1440,33,-0.24177197299826572,-0.46658455742013916
11,1565668800,58,61,3,119,33,-0.8041085782517383,-1.2946358779864995
11,1565682481,1130,196,0,1326,33,-0.8075869490058835,-0.5380439446605366
11,1565683200,1276,1488,212,2764,33,-0.5617820823796233,0.3633472733367579
11,1565697600,1802,2662,860,4464,33,0.18954600051573797,1.4289697146409308
11,1565705931,240,292,52,532,33,-0.7472951892673668,-1.0357523084226032
11,1565712000,729,1751,1022,2480,33,0.3773780212395783,0.18532564196594314
11,1565726400,1178,4111,2933,5289,33,2.593100191630065,1.9461100170385441
11,1565740800,449,1065,616,1514,33,-0.0933614874880709,-0.42019863938689866
11,1565755200,49,60,11,109,33,-0.7948329229073511,-1.3009042452882886
11,1565769600,1304,1310,6,2614,33,-0.8006302074975931,0.2693217638099191
11,1565772606,458,214,0,672,33,-0.8075869490058835,-0.9479951661975538
11,1565784000,1773,2716,943,4489,33,0.28578092471375494,1.444640632895404
11,1565798400,749,1933,1184,2682,33,0.5652100419634186,0.31194666146208605
11,1565812800,1169,4317,3148,5486,33,2.84238342901047,2.0695968528837927
11,1565827200,461,1054,593,1515,33,-0.12002899660318403,-0.41957180265671973
11,1565841600,59,82,23,141,33,-0.7809194398907703,-1.280845469922563
11,1565856000,1248,1407,159,2655,33,-0.6232332990361883,0.29502206974725503
11,1565870400,1766,2839,1073,4605,33,0.43651032406004653,1.5173536935961593
11,1565884800,724,1951,1227,2675,33,0.6150666894394997,0.30755880435083355
11,1565899200,1182,3903,2721,5085,33,2.3472953250038047,1.8182353240820435
11,1565913600,526,1240,714,1766,33,0.020265290480672018,-0.26223578338180953
11,1565928000,72,108,36,180,33,-0.7658464999561412,-1.256398837445585
11,1565942400,1107,1267,160,2374,33,-0.62207384211814,0.11888094856697706
11,1565945989,334,190,0,524,33,-0.8075869490058835,-1.0407670022640347
11,1565956800,1447,2626,1179,4073,33,0.5594127573731766,1.1838765531409712
11,1565971200,720,1980,1260,2700,33,0.6533287677350968,0.3232297226053067
11,1565985600,1012,3738,2726,4750,33,2.353092609594047,1.6082450194721034
11,1566000000,599,1117,518,1716,33,-0.2069882654568138,-0.29357761989075576
11,1566014400,97,170,73,267,33,-0.7229465939883505,-1.2018640419200184
11,1566028800,292,442,150,734,33,-0.633668411298624,-0.9091312889264604
11,1566043200,777,1020,243,1797,33,-0.5258389179201229,-0.24280384474626282
11,1566057600,772,1261,489,2033,33,-0.2406125160802173,-0.09487037642403646
11,1566072000,713,1453,740,2166,33,0.05041117034993034,-0.0115010913102394
11,1566086400,537,866,329,1403,33,-0.42612562296796086,-0.4897775164367594
11,1566100800,101,158,57,259,33,-0.7414979046771248,-1.2068787357614499
11,1566115200,153,218,65,371,33,-0.7322222493327376,-1.1366730219814103
11,1566129600,631,813,182,1444,33,-0.5965657899210752,-0.46407721049942346
11,1566144000,648,911,263,1559,33,-0.502649779559155,-0.39199098652884706
11,1566158400,679,1412,733,2091,33,0.04229497192359156,-0.058513846073658796
11,1566172800,534,550,16,1084,33,-0.7890356383171091,-0.6897384333638366
11,1566187200,61,78,17,139,33,-0.7878761813990607,-1.282099143382921
11,1566201600,1207,1393,186,2600,33,-0.5919279622488817,0.2605460495874142
11,1566216000,1834,2539,705,4373,33,0.009830178218236445,1.3719275721946487
11,1566230400,698,1721,1023,2419,33,0.37853747815762673,0.1470886014250287
11,1566244800,1050,3952,2902,5002,33,2.5571570271705646,1.7662078754771926
11,1566259200,439,875,436,1314,34,-0.3639691878164223,-0.6423864600328768
11,1566273600,42,81,39,123,34,-0.8096162900084495,-1.3819366442391958
11,1566288000,1271,1304,33,2575,34,-0.8163515106964901,0.14063014977750796
11,1566302400,1791,2553,762,4344,34,0.0019778029004564606,1.23908881968597
11,1566316800,704,1775,1071,2479,34,0.3488416683345532,0.08101905180621775
11,1566331200,1032,4139,3107,5171,34,2.634326555143035,1.752613590751147
11,1566345600,460,1094,634,1554,34,-0.14170690511107875,-0.49335871510465135
11,1566360000,54,72,18,126,34,-0.8331895624165919,-1.380073797427593
11,1566374400,1223,1366,143,2589,34,-0.6928724647490772,0.14932343489832112
11,1566388800,1830,2700,870,4530,34,0.1232117752851893,1.3545853220053448
11,1566403200,717,1824,1107,2541,34,0.3892529924627975,0.11951788591267601
11,1566417600,1178,4443,3265,5621,34,2.8116873665947737,2.0320406124915698
11,1566432000,458,1101,643,1559,34,-0.1316040740790177,-0.49025397041864666
11,1566446400,60,80,20,140,34,-0.8309444888539117,-1.37138051230678
11,1566460800,1353,1538,185,2891,34,-0.6457259199327922,0.33685001393300484
11,1566475200,1818,3086,1268,4904,34,0.5699814142585566,1.5868202245184961
11,1566489600,695,1715,1020,2410,34,0.2915922924862071,0.03817357513935293
11,1566504000,1180,4135,2955,5315,34,2.463700964379337,1.8420302377080824
11,1566518400,552,1368,816,1920,34,0.06259478909282287,-0.2660914040891075
11,1566532800,68,85,17,153,34,-0.8343120991979321,-1.3633081761231676
11,1566547200,1168,1235,67,2403,34,-0.7781852601309261,0.03382693257894635
11,1566561600,1680,2497,817,4177,34,0.063717325874163,1.135390347173413
11,1566576000,798,2014,1216,2812,34,0.5116095016288704,0.28779504789413063
11,1566590400,1034,3584,2550,4618,34,2.009073567936589,1.4092288284790275
11,1566604800,572,1082,510,1654,34,-0.2809014659972535,-0.4312638213845574
11,1566619200,92,196,104,288,34,-0.7366513992213417,-1.2794800696010409
11,1566633600,320,511,191,831,34,-0.6389906992447514,-0.9423047967009306
11,1566648000,783,1187,404,1970,34,-0.39989036481930607,-0.23504395722906046
11,1566662400,733,1177,444,1910,34,-0.35498889356570135,-0.27230089346111686
11,1566676800,885,1651,766,2536,34,0.006467950025816936,0.11641314122667132
11,1566691200,645,986,341,1631,34,-0.47061018204373356,-0.445545646940179
11,1566705600,127,152,25,279,34,-0.8253318049472111,-1.2850686100358493
11,1566720000,152,256,104,408,34,-0.7366513992213417,-1.204966197136928
11,1566734400,602,842,240,1444,34,-0.5839863969590856,-0.5616630981967546
11,1566748800,694,1034,340,1728,34,-0.47173271882507367,-0.38531360003168785
11,1566763200,670,1343,673,2013,34,-0.09792797063881412,-0.20834315292942007
11,1566777600,527,631,104,1158,34,-0.7366513992213417,-0.7392544942362234
11,1566792000,60,80,20,140,34,-0.8309444888539117,-1.37138051230678
11,1566806400,1258,1338,80,2596,34,-0.7635922819735046,0.15367007745872768
11,1566820800,1844,2607,763,4451,34,0.0031003396817965794,1.3055303559664706
11,1566835200,759,1607,848,2366,34,0.09851596609570669,0.01085182190251159
11,1566849600,1026,3940,2914,4966,34,2.417676956344392,1.6253190586249544
11,1566864000,521,979,458,1500,35,-0.2558789275528566,-0.4003415427140362
11,1566878400,76,145,69,221,35,-0.7427253137597474,-1.2664180999011247
11,1566892800,1353,1263,0,2616,35,-0.8290810994879619,0.35535934690347026
11,1566907200,1880,2299,419,4179,35,-0.30468871948619525,1.4137468831688491
11,1566921600,673,1789,1116,2462,35,0.5676298696814214,0.2510780413469326
11,1566936000,1176,4107,2931,5283,35,2.839162494271413,2.161321956768963
11,1566950400,465,1162,697,1627,35,0.04323748967965469,-0.31434332319663183
11,1566964800,55,110,55,165,35,-0.7602467775306895,-1.3043385746489566
11,1566979200,1211,1443,232,2654,35,-0.5387254141409217,0.3810910976252133
11,1566993600,1832,2325,493,4157,35,-0.2120752681255014,1.3988495538036294
11,1567008000,780,1931,1151,2711,35,0.6114335291087766,0.4196887237078279
11,1567022400,1213,4422,3209,5635,35,3.1870887034372632,2.3996792266124776
11,1567036800,474,1106,632,1580,35,-0.03811216354257642,-0.3461694359314193
11,1567051200,55,97,42,152,35,-0.7765167081751356,-1.3131415420011319
11,1567065600,1245,1315,70,2560,35,-0.7414737806332515,0.31743887215563843
11,1567080000,1812,2524,712,4336,35,0.062010486577092634,1.5200596427297348
11,1567094400,757,1651,894,2408,35,0.28978951559933974,0.2145118692686662
11,1567108800,1087,4110,3023,5197,35,2.9543035419090327,2.10308694197765
11,1567123200,592,1212,620,1804,35,-0.05313056106052678,-0.1944875369400918
11,1567137600,66,118,52,184,35,-0.764001376910177,-1.2914726992880852
11,1567152000,1038,1306,268,2344,35,-0.49367022158707063,0.17117418384257263
11,1567166400,1348,2345,997,3693,35,0.4186974276284136,1.084651334464451
11,1567180800,847,2441,1594,3288,35,1.165862704146444,0.8104050438774527
11,1567195200,988,3258,2270,4246,35,2.0118990976576474,1.4591160225992907
11,1567209600,536,1170,634,1706,35,-0.03560909728958469,-0.2608483677487976
11,1567224000,92,227,135,319,35,-0.6601241274110204,-1.200057269092419
11,1567238400,253,485,232,738,35,-0.5387254141409217,-0.9163308598184627
11,1567252800,725,1404,679,2129,35,0.020709893402729152,0.02558664686428957
11,1567267200,714,1192,478,1906,35,-0.23084826502293934,-0.12541810079225518
11,1567281600,673,1364,691,2037,35,0.03572829092067951,-0.03671127593571993
11,1567296000,524,926,402,1450,35,-0.32596478263662493,-0.43419910945317186
11,1567310400,91,192,101,283,35,-0.7026762537118798,-1.2244347171445966
11,1567324800,139,251,112,390,35,-0.6889093893204252,-1.1519795243228466
11,1567339200,674,841,167,1515,35,-0.6200750673631528,-0.39018427269229555
11,1567353600,644,832,188,1476,35,-0.5937928717067397,-0.41659317474882135
11,1567368000,714,1262,548,1976,35,-0.1432409461682289,-0.07801750735746535
11,1567382400,500,786,286,1286,35,-0.47114262531014506,-0.5452519283575366
11,1567396800,65,155,90,220,35,-0.7164431181033343,-1.2670952512359075
11,1567411200,168,305,137,473,35,-0.6576210611580287,-1.0957759635358815
11,1567425600,628,860,232,1488,35,-0.5387254141409217,-0.4084673587314288
11,1567440000,675,950,275,1625,35,-0.4849094897015996,-0.31569762586619726
11,1567454400,690,1122,432,1812,35,-0.28841878884174904,-0.18907032626183012
11,1567468800,473,598,125,1071,36,-0.6420849454938122,-0.7590595615102392
11,1567483200,46,115,69,161,36,-0.6990150088934219,-1.3014781170103114
11,1567497600,1290,1100,0,2390,36,-0.7691609798679411,0.027149311791513413
11,1567512000,1851,2248,397,4099,36,-0.36556749469570804,1.0458232803075826
11,1567526400,650,1502,852,2152,36,0.0969892704261208,-0.11471400272389003
11,1567540800,1124,4263,3139,5387,36,2.4219723953351813,1.8135541588615307
11,1567555200,443,963,520,1406,36,-0.24052467687156528,-0.5593780053646084
11,1567569600,47,144,97,191,36,-0.6705499771936171,-1.28359618660921
11,1567584000,1273,1174,0,2447,36,-0.7691609798679411,0.06112497955360583
11,1567598400,1870,2307,437,4177,36,-0.3249031636959868,1.092316299350446
11,1567612800,736,1864,1128,2600,36,0.3775731543241972,0.15232282459922233
11,1567627200,1151,4203,3052,5354,36,2.3335274754107878,1.7938840354203194
11,1567641600,447,1110,663,1557,36,-0.09514969354756193,-0.46937228901239864
11,1567656000,53,132,79,185,36,-0.6888489261434917,-1.2871725726894303
11,1567670400,1354,1319,0,2673,36,-0.7691609798679411,0.19583552190856876
11,1567684800,1846,2371,525,4217,36,-0.23544163549660013,1.116158873218581
11,1567699200,713,1830,1117,2543,36,0.3663904632992738,0.11834715683712992
11,1567713600,1165,4218,3053,5383,36,2.3345440836857807,1.8111699014747171
11,1567728000,442,1149,707,1591,36,-0.050418929447868605,-0.44910610122448386
11,1567742400,72,93,21,165,36,-0.7478122060930874,-1.2990938596234978
11,1567756800,1213,1329,116,2542,36,-0.6512344199687495,0.11775109249042653
11,1567771200,1719,2575,856,4294,36,0.10105570352609292,1.162055827914741
11,1567785600,771,2365,1594,3136,36,0.8513126104709493,0.4718133144322318
11,1567800000,1330,4876,3546,6206,36,2.8357319632573446,2.3017308588115957
11,1567814400,555,1070,515,1625,36,-0.24560771824653044,-0.4288399134365691
11,1567828800,131,165,34,296,36,-0.7345962985181781,-1.2210094302053556
11,1567843200,262,410,148,672,36,-0.6187029551689726,-0.9968892358448862
11,1567857600,692,1332,640,2024,36,-0.11853168387240164,-0.19101023910192214
11,1567872000,791,1197,406,1988,36,-0.35641802022077074,-0.21246855558324365
11,1567886400,792,1692,900,2484,36,0.14578646762578626,0.08317936038163073
11,1567900800,530,850,320,1380,36,-0.44384633187017136,-0.5748756783788962
11,1567915200,101,176,75,277,36,-0.6929153592434638,-1.2323346527927197
11,1567929600,148,245,97,393,36,-0.6705499771936171,-1.163191188575128
11,1567944000,644,978,334,1622,36,-0.42961381602026893,-0.4306281064766792
11,1567958400,624,950,326,1574,36,-0.4377466822202132,-0.45923919511844125
11,1567972800,758,1319,561,2077,36,-0.19884373759685103,-0.1594188287266432
11,1567987200,417,612,195,1029,36,-0.5709223662443002,-0.7840942640717811
11,1568001600,51,76,25,127,36,-0.7437457729931153,-1.321744304798226
11,1568016000,1353,1384,31,2737,36,-0.7376461233431572,0.23398364009758482
11,1568030400,1830,2489,659,4319,36,-0.09921612664753406,1.1769574365823254
11,1568044800,684,1740,1056,2424,36,0.304377358524699,0.04741549957942819
11,1568059200,1065,4427,3362,5492,36,2.648676040658627,1.8761409152653852
11,1568073600,431,1119,688,1550,37,-0.08983141158424864,-0.5024797965468691
11,1568088000,40,70,30,110,37,-0.7635304320841936,-1.3659540995772612
11,1568102400,1414,1011,0,2425,37,-0.794246192897261,0.02220076953062605
11,1568116800,2056,2384,328,4440,37,-0.4584205413410574,1.2304651588405149
11,1568131200,702,1694,992,2396,37,0.22142163132150097,0.004811356483486211
11,1568145600,1197,4450,3253,5647,37,2.5363661379330136,1.954224522561128
11,1568160000,485,1268,783,1753,37,0.007435164323798115,-0.38075390521689023
11,1568174400,58,83,25,141,37,-0.7686497255530381,-1.3473654166648013
11,1568188800,1365,1328,0,2693,37,-0.794246192897261,0.18290293148350456
11,1568203200,1797,2611,814,4408,37,0.03917478383063443,1.2112768409953951
11,1568217600,705,1854,1149,2559,37,0.38216744624322035,0.1025518505070653
11,1568232000,1118,4205,3087,5323,37,2.366405594767374,1.75994280437929
11,1568246400,449,1213,764,1662,37,-0.012018150857811235,-0.4353206840889497
11,1568260800,54,92,38,146,37,-0.7553395625340422,-1.3443672420015014
11,1568275200,1382,1136,0,2518,37,-0.794246192897261,0.07796681826800554
11,1568289600,1866,2345,479,4211,37,-0.3038178785819515,1.0931487592613762
11,1568304000,693,1938,1245,2631,37,0.480457880845036,0.1457255656585849
11,1568318400,1267,4764,3497,6031,37,2.7861876592126285,2.184484336702566
11,1568332800,494,1383,889,1877,37,0.11596418586330291,-0.30639917356705093
11,1568347200,63,88,25,151,37,-0.7686497255530381,-1.3413690673382013
11,1568361600,1248,1142,0,2390,37,-0.794246192897261,0.0012135468875262441
11,1568376000,1663,2440,777,4103,37,0.0012920121611846363,1.0283881865340967
11,1568390400,803,2122,1319,2925,37,0.5562234241839356,0.3220182358606233
11,1568404800,1139,4068,2929,5207,37,2.2046359211518856,1.6903851521907307
11,1568419200,560,1234,674,1794,37,-0.10416543329701343,-0.35616887297783045
11,1568433600,102,181,79,283,37,-0.7133613560895168,-1.2622172562270821
11,1568448000,300,460,160,760,37,-0.6304288018942348,-0.9761913933482648
11,1568462400,744,1250,506,1994,37,-0.27617369385019086,-0.23624188644583155
11,1568476800,766,1375,609,2141,37,-0.1707162483919928,-0.14809555134481237
11,1568491200,776,1621,845,2397,37,0.07091440333747073,0.005410991416146206
11,1568505600,493,897,404,1390,37,-0.38060728061462,-0.5984213857724682
11,1568520000,102,158,56,260,37,-0.7369101060462018,-1.276008859678262
11,1568534400,146,239,93,385,37,-0.699027334376752,-1.2010544930957627
11,1568548800,656,930,274,1586,37,-0.5137089108045787,-0.4808929389711093
11,1568563200,691,1069,378,1760,37,-0.4072276066526117,-0.37655646068827026
11,1568577600,781,1300,519,2081,37,-0.26286353083119496,-0.18407364730441203
11,1568592000,520,607,87,1127,37,-0.7051704865393654,-0.7561253730620467
11,1568606400,54,82,28,136,37,-0.7655781494717313,-1.3503635913281014
11,1568620800,1384,1100,0,2484,37,-0.794246192897261,0.057579230557565725
11,1568635200,1965,2440,475,4405,37,-0.30791331335702715,1.209477936197415
11,1568649600,753,1698,945,2451,37,0.17330027271436205,0.03779127777978591
11,1568664000,1113,4451,3338,5564,37,2.623394126903371,1.9044548231503486
11,1568678400,517,1029,512,1546,38,-0.2618855255513554,-0.5129340777265302
11,1568692800,81,67,0,148,38,-0.7888915466496473,-1.353874416917655
11,1568707200,1475,1261,0,2736,38,-0.7888915466496473,0.20288781328737435
11,1568721600,1894,2579,685,4473,38,-0.08381513170369041,1.2477471617673341
11,1568736000,712,1879,1167,2591,38,0.4123116303458734,0.11566581816383135
11,1568750400,1191,4376,3185,5567,38,2.4894564556903127,1.9058220766994447
11,1568764800,463,1263,800,1726,38,0.03455536131643374,-0.40465849757316646
11,1568779200,65,61,0,126,38,-0.7888915466496473,-1.3671080989363995
11,1568793600,1373,1261,0,2634,38,-0.7888915466496473,0.14153165120046823
11,1568808000,1932,2639,707,4571,38,-0.06117034173462318,1.306697199850832
11,1568822400,722,1826,1104,2548,38,0.34746518634354456,0.08979998512719446
11,1568836800,1141,4450,3309,5591,38,2.6170907264250554,1.9202588207198932
11,1568851200,454,1265,811,1719,38,0.045877756300967354,-0.4088692145791306
11,1568865600,68,60,0,128,38,-0.7888915466496473,-1.3659050369346954
11,1568880000,1352,1116,0,2468,38,-0.7888915466496473,0.04167750505903282
11,1568894400,1887,2225,338,4112,38,-0.44098522803397805,1.0305944704597547
11,1568908800,754,1992,1238,2746,38,0.4853925434278631,0.20890312329589455
11,1568923200,1156,4295,3139,5451,38,2.442108258482263,1.8360444806006102
11,1568937600,502,1340,838,1842,38,0.07366908944482259,-0.3348809014743321
11,1568952000,77,69,0,146,38,-0.7888915466496473,-1.355077478919359
11,1568966400,1288,1219,0,2507,38,-0.7888915466496473,0.06513721409226161
11,1568980800,1718,2608,890,4326,38,0.12719313846261787,1.1593221046420872
11,1568995200,746,2067,1321,2813,38,0.570825160129344,0.24920570035297993
11,1569009600,1166,4246,3080,5412,38,2.3813790490197646,1.8125847715673815
11,1569024000,578,1248,670,1826,38,-0.09925476122805443,-0.3445053974879644
11,1569038400,94,186,92,280,38,-0.694195152233548,-1.2744723248051884
11,1569052800,309,430,121,739,38,-0.6643452018197775,-0.9983695954141109
11,1569067200,783,1207,424,1990,38,-0.3524646854276243,-0.24585431334823304
11,1569081600,826,1297,471,2123,38,-0.30408717958461706,-0.16585069023491428
11,1569096000,785,1683,898,2468,38,0.13542760754227867,0.04167750505903282
11,1569110400,536,858,322,1394,38,-0.4574541661932997,-0.6043667898560373
11,1569124800,110,159,49,269,38,-0.7384554235367249,-1.2810891658145604
11,1569139200,148,219,71,367,38,-0.7158106335676576,-1.2221391277310625
11,1569153600,648,961,313,1609,38,-0.4667179439079181,-0.4750376246728529
11,1569168000,751,935,184,1686,38,-0.5994987578174487,-0.4287197376072473
11,1569182400,695,1178,483,1873,38,-0.2917354759651259,-0.31623344044791946
11,1569196800,510,659,149,1169,38,-0.6355245600409647,-0.739711265047742
11,1569211200,48,74,26,122,38,-0.7621295221407497,-1.3695142229398076
11,1569225600,1341,1278,0,2619,38,-0.7888915466496473,0.13250868618768794
11,1569240000,1936,2394,458,4330,38,-0.3174681918390659,1.161728228645495
11,1569254400,670,1813,1143,2483,38,0.38760822310689097,0.05070047007181313
11,1569268800,1140,4332,3192,5472,38,2.496661616135016,1.8486766316185026
11,1569283200,439,1125,686,1564,39,-0.1314983426137863,-0.5098589911002328
11,1569297600,50,79,29,129,39,-0.772927592407815,-1.3354689157002069
11,1569312000,1344,1295,0,2639,39,-0.8012402990197279,0.10862927994155958
11,1569326400,2091,2552,461,4643,39,-0.35116589391311115,1.2616064847487707
11,1569340800,727,1847,1120,2574,39,0.2922159563369115,0.07123231471577679
11,1569355200,1140,4483,3343,5623,39,2.462531363174241,1.8254376527682652
11,1569369600,433,1177,744,1610,39,-0.07487292938996032,-0.48339344647890964
11,1569384000,52,70,18,122,39,-0.7836668949157819,-1.3394962811860605
11,1569398400,1421,1283,0,2704,39,-0.8012402990197279,0.1460262451673424
11,1569412800,1979,2575,596,4554,39,-0.21936536313351623,1.2104014092857758
11,1569427200,683,1920,1237,2603,39,0.40644308301256044,0.08791711458574142
11,1569441600,1208,4278,3070,5486,39,2.19600140093106,1.7466163568308462
11,1569456000,475,1271,796,1746,39,-0.02410531753411635,-0.405147488468041
11,1569470400,55,97,42,152,39,-0.760235689443854,-1.3222361433895453
11,1569484800,1325,1174,0,2499,39,-0.8012402990197279,0.02808197022448894
11,1569499200,1991,2330,339,4321,39,-0.4702745217287451,1.0763476723995082
11,1569513600,782,2040,1258,2822,39,0.4269453878004974,0.21391612050030193
11,1569528000,1230,4686,3456,5916,39,2.5728532889379023,1.994011665247563
11,1569542400,500,1209,709,1709,39,-0.1090434373698553,-0.42643499175040966
11,1569556800,55,77,22,132,39,-0.7797616940037939,-1.3337429019205553
11,1569571200,1235,1224,0,2459,39,-0.8012402990197279,0.005068453162468756
11,1569585600,1660,2494,834,4154,39,0.01299409112976963,0.980266238665574
11,1569600000,776,2117,1341,2893,39,0.5079783067242484,0.25476511328538776
11,1569614400,1187,4162,2975,5349,39,2.1032528792713454,1.667795060893427
11,1569628800,677,1127,450,1804,39,-0.36190519642107816,-0.37177788872811174
11,1569643200,121,167,46,288,39,-0.7563304885318659,-1.2439901853786768
11,1569657600,243,244,1,487,39,-0.8002639987917309,-1.1294979379951262
11,1569672000,1245,4291,3046,5536,39,2.1725701954591323,1.7753832531583713
11,1569686400,751,1314,563,2065,39,-0.2515832706574172,-0.22161468989843006
11,1569700800,756,1457,701,2213,39,-0.1168538391938313,-0.13646467676895538
11,1569715200,452,897,445,1349,39,-0.36678669756106314,-0.6335566453085913
11,1569729600,89,162,73,251,39,-0.7299703823759469,-1.2652776886610453
11,1569744000,150,232,82,382,39,-0.721183680323974,-1.1899084202829293
11,1569758400,591,967,376,1558,39,-0.4341514132928561,-0.5133110186595359
11,1569772800,617,1070,453,1687,39,-0.35897629573708717,-0.43909242613452076
11,1569787200,705,1276,571,1981,39,-0.24377286883344124,-0.26994307572867243
11,1569801600,492,518,26,1010,39,-0.7758564930918059,-0.8285962024092124
11,1569816000,53,76,23,129,39,-0.7787853937757969,-1.3354689157002069
11,1569830400,1173,1201,28,2374,39,-0.7739038926358119,-0.043835270594324134
11,1569844800,1682,2169,487,3851,39,-0.3257820879851892,0.8059388469207711
11,1569859200,680,1756,1076,2436,39,0.2492587463050435,-0.00816431914819285
11,1569873600,1079,4025,2946,5104,39,2.0749401726594323,1.5268372688885534
11,1569888000,424,903,479,1327,40,-0.29629175930171336,-0.6240039683181478
11,1569902400,46,56,10,102,40,-0.7589070949647722,-1.332332797219829
11,1569916800,1283,1104,0,2387,40,-0.7687709613968203,-0.011082695962407171
11,1569931200,1737,2315,578,4052,40,-0.19863948162443656,0.9516662837284494
11,1569945600,684,1716,1032,2400,40,0.24918005439054997,-0.0035657369618179
11,1569960000,1139,4237,3098,5376,40,2.2870548592517004,1.7172396465576951
11,1569974400,487,984,497,1471,40,-0.2785367997240267,-0.5407391916962357
11,1569988800,51,77,26,128,40,-0.7431249086734951,-1.3172988792186504
11,1570003200,1304,1192,0,2496,40,-0.7687709613968203,0.051944114119456715
11,1570017600,1913,2437,524,4350,40,-0.25190436035749664,1.1239781131265727
11,1570032000,703,1885,1182,2588,40,0.39713805087127235,0.10514105473901156
11,1570046400,1291,5005,3714,6296,40,2.8946690314658667,2.2492090527532436
11,1570060800,445,1133,688,1578,40,-0.09013695087190679,-0.4788688368452318
11,1570075200,58,89,31,147,40,-0.738192975457471,-1.3063125545254815
11,1570089600,1533,1059,0,2592,40,-0.7687709613968203,0.10745396520073133
11,1570104000,2298,2372,74,4670,40,-0.6957783497996639,1.3090109500641547
11,1570118400,818,2044,1226,2862,40,0.4405390631722843,0.26357542136681616
11,1570132800,1250,4905,3655,6155,40,2.8364722195167826,2.1676789589776213
11,1570147200,526,1429,903,1955,40,0.12193617741712867,-0.2608770258281429
11,1570161600,74,87,13,161,40,-0.7559479350351577,-1.2982173679094624
11,1570176000,1292,1237,0,2529,40,-0.7687709613968203,0.07102562542864486
11,1570190400,1742,2643,901,4385,40,0.11996340413071904,1.1442160796666208
11,1570204800,713,2111,1398,2824,40,0.6101975658035127,0.2416027719804783
11,1570219200,1186,4128,2942,5314,40,2.133178542911749,1.6813895344010386
11,1570233600,591,1253,662,1844,40,-0.11578300359523201,-0.3250602911408667
11,1570248000,105,228,123,333,40,-0.6474454042826279,-1.198762218055512
11,1570262400,269,443,174,712,40,-0.5971396854791823,-0.9796139518075632
11,1570276800,810,1321,511,2131,40,-0.26472738671915924,-0.1591089655124728
11,1570291200,729,1266,537,1995,40,-0.23908133399583403,-0.23774792121094518
11,1570305600,812,1643,831,2455,40,0.05091633910638191,0.028236781886829015
11,1570320000,510,934,424,1444,40,-0.35054302467797827,-0.5563513373128443
11,1570334400,93,168,75,261,40,-0.6947919631564591,-1.240394606366468
11,1570348800,136,256,120,392,40,-0.6504045642122424,-1.1646467887451453
11,1570363200,578,977,399,1555,40,-0.37520269075809864,-0.4921680720001205
11,1570377600,617,1200,583,1817,40,-0.19370754840841248,-0.3406724367574752
11,1570392000,769,1275,506,2044,40,-0.26965931993518333,-0.20941476805487794
11,1570406400,538,519,0,1057,40,-0.7687709613968203,-0.7801254244842326
11,1570420800,49,64,15,113,40,-0.753975161748748,-1.3259722934500997
11,1570435200,1333,1025,0,2358,40,-0.7687709613968203,-0.027851296809875543
11,1570449600,1884,2514,630,4398,40,-0.14734737617778612,1.15173303866721
11,1570464000,719,1715,996,2434,40,0.21367013523517658,0.016094001962800194
11,1570478400,1197,4374,3177,5571,40,2.3649794040648806,1.8299940315665342
11,1570492800,508,1229,721,1737,41,0.19162010659058212,0.02468540134695482
11,1570507200,56,107,51,163,41,-0.5993105411619197,-0.9102389385740512
11,1570521600,1337,1238,0,2575,41,-0.6595157098714385,0.5224405454726239
11,1570536000,2104,2476,372,4580,41,-0.22037212634318376,1.7133702160835624
11,1570550400,706,1984,1278,2690,41,0.8491549883788561,0.5907482323156453
11,1570564800,1184,4391,3207,5575,41,3.1263269578035966,2.3043802022470956
11,1570579200,435,1095,660,1530,41,0.1196100028399812,-0.09826843497048372
11,1570593600,56,65,9,121,41,-0.6488912683344646,-0.9351860937688938
11,1570608000,1260,1221,0,2481,41,-0.6595157098714385,0.4666064362270238
11,1570622400,1688,2686,998,4374,41,0.5186168072285567,1.5910103596517153
11,1570636800,763,2206,1443,2969,41,1.0439364165567109,0.7564686203956712
11,1570651200,1161,4177,3016,5338,41,2.900852698518928,2.163606969361912
11,1570665600,459,1041,582,1500,41,0.027531509519540694,-0.11608783153822844
11,1570680000,57,78,21,135,41,-0.6347253462851661,-0.926870375370613
11,1570694400,1322,1172,0,2494,41,-0.6595157098714385,0.47432817473971317
11,1570708800,1918,2338,420,4256,41,-0.1637084381459896,1.5209207331519194
11,1570723200,717,1841,1124,2558,41,0.6673589887461915,0.5123428874175685
11,1570737600,1174,4474,3300,5648,41,3.2361128536856603,2.3477407338952743
11,1570752000,469,1241,772,1710,41,0.2518252753001009,0.008647944435984578
11,1570766400,64,104,40,168,41,-0.6122959697071101,-0.9072690391460938
11,1570780800,1250,1242,0,2492,41,-0.6595157098714385,0.4731402149685302
11,1570795200,1704,2354,650,4058,41,0.10780506779889909,1.4033127158048044
11,1570809600,706,2247,1541,2953,41,1.1596247799593158,0.7469649422262074
11,1570824000,1186,4346,3160,5532,41,3.0708437631105103,2.2788390671666616
11,1570838400,593,1185,592,1778,41,0.03933644456062281,0.04903857665620594
11,1570852800,105,189,84,294,41,-0.5603542555263488,-0.832427573561566
11,1570867200,293,369,76,662,41,-0.5697982035592144,-0.6138429756638974
11,1570881600,830,1261,431,2091,41,-0.15072300960079926,0.23495428084634248
11,1570896000,834,1261,427,2095,41,-0.15544498361723214,0.23733020038870845
11,1570906320,349,398,49,747,41,-0.6016715281701361,-0.5633546853886208
11,1570906398,538,1116,578,1654,41,0.022809535503107846,-0.024614929157138893
11,1570906478,2,12,10,14,41,-0.6477107748303564,-0.9987419415271833
11,1570906559,5,9,4,14,41,-0.6547937358550057,-0.9987419415271833
11,1570906640,6,9,3,15,41,-0.6559742293591139,-0.9981479616415919
11,1570906720,15,16,1,31,41,-0.6583352163673303,-0.9886442834721281
11,1570906801,6,18,12,24,41,-0.64534978782214,-0.9928021426712684
11,1570906881,6,12,6,18,41,-0.6524327488467893,-0.9963660219848174
11,1570906961,17,8,0,25,41,-0.6595157098714385,-0.992208162785677
11,1570907041,7,1,0,8,41,-0.6595157098714385,-1.0023058208407323
11,1570907122,20,42,22,62,41,-0.6335448527810579,-0.9702309070187918
11,1570907203,8,10,2,18,41,-0.6571547228632221,-0.9963660219848174
11,1570907283,3,14,11,17,41,-0.6465302813262482,-0.9969600018704089
11,1570907364,4,2,0,6,41,-0.6595157098714385,-1.0034937806119153
11,1570907444,8,0,0,8,41,-0.6595157098714385,-1.0023058208407323
11,1570907525,3,0,0,3,41,-0.6595157098714385,-1.0052757202686897
11,1570907606,2,1,0,3,41,-0.6595157098714385,-1.0052757202686897
11,1570910400,357,1113,756,1470,41,0.23293737923436952,-0.13390722810597316
11,1570924800,500,956,456,1456,41,-0.12121067199809399,-0.14222294650425402
11,1570939200,97,196,99,293,41,-0.5426468529647256,-0.8330215534471576
11,1570953600,142,248,106,390,41,-0.534383398435968,-0.775405504544783
11,1570968000,626,958,332,1584,41,-0.2675918665075122,-0.06619352114854322
11,1570982400,729,1150,421,1879,41,-0.1625279446418814,0.10903054510094648
11,1570996800,685,1292,607,1977,41,0.057043847122245986,0.16724057388891256
11,1571011200,527,870,343,1397,41,-0.2546064379623219,-0.17726775975415196
11,1571025600,63,92,29,155,41,-0.6252813982523003,-0.9149907776587832
11,1571040000,922,1001,79,1923,41,-0.5662567230468898,0.13516566006697206
11,1571054400,1432,2210,778,3642,41,0.2589082363247502,1.1562170833987442
11,1571068800,708,1690,982,2398,41,0.49972891116282536,0.4173061057229301
11,1571083200,971,3272,2301,4243,41,2.056799843081557,1.5131989946392301
11,1571097600,473,790,317,1263,42,-0.457613741404489,-0.6792024847771575
11,1571112000,46,63,17,109,42,-0.7624532593036839,-1.3481328138421802
11,1571126400,1366,1104,0,2470,42,-0.7797274986513049,0.02044994778911849
11,1571135754,1465,582,0,2047,42,-0.7797274986513049,-0.22474721789069488
11,1571140800,1968,2505,537,4473,42,-0.23406476161174614,1.181513595204405
11,1571155200,776,1978,1202,2754,42,0.44166283639813575,0.1850740495694187
11,1571169600,1150,4394,3244,5544,42,2.516603821565322,1.8023319508618048
11,1571184000,453,1073,620,1526,42,-0.14972582832630224,-0.5267512919313161
11,1571198400,51,104,53,155,42,-0.7258725171557805,-1.3214683466524133
11,1571212800,1339,1114,0,2453,42,-0.7797274986513049,0.01059568817550897
11,1571227200,1939,2496,557,4435,42,-0.21374212708513315,1.1594864266563365
11,1571241600,713,2302,1589,3015,42,0.8349058144880971,0.3363659177548355
11,1571256000,1526,5097,3571,6623,42,2.848878896075444,2.427787605160903
11,1571270400,491,1372,881,1863,42,0.11548455224599727,-0.3314050866497626
11,1571284800,50,85,35,135,42,-0.7441628882297322,-1.3330615932566596
11,1571299200,1355,1055,0,2410,42,-0.7797274986513049,-0.014329792023620995
11,1571313600,2015,2532,517,4547,42,-0.25438739613835915,1.2244086076401168
11,1571328000,770,1988,1218,2758,42,0.4579209440194261,0.187392698890268
11,1571342400,1227,4415,3188,5642,42,2.4597004448908053,1.8591388592226126
11,1571356800,500,1265,765,1765,42,-0.002386728008358072,-0.38821199501057047
11,1571371200,72,133,61,205,42,-0.7177434633451353,-1.292485230141797
11,1571385600,1264,1310,46,2574,42,-0.7329854392400951,0.08073483013120027
11,1571400000,1919,2421,502,4340,42,-0.2696293720333189,1.1044185052861657
11,1571414400,790,2149,1359,2939,42,0.6011955174320477,0.2923115806586988
11,1571428800,1223,4288,3065,5511,42,2.3347162425521355,1.783203093964798
11,1571443200,543,1289,746,1832,42,-0.021693230808640412,-0.3493746188863447
11,1571457600,89,170,81,259,42,-0.6974208288185223,-1.2611834643103315
11,1571472000,291,436,145,727,42,-0.6323883983333607,-0.9899014937709635
11,1571486400,956,1266,310,2222,42,-0.4647266634888036,-0.12330631010353804
11,1571500800,705,1332,627,2037,42,-0.1426129062419877,-0.23054384119281812
11,1571515200,742,1615,873,2357,42,0.10735549843535207,-0.0450518955248742
11,1571529600,445,828,383,1273,42,-0.3905490474666662,-0.6734058614750342
11,1571544000,75,159,84,234,42,-0.6943724336395304,-1.2756750225656397
11,1571558400,149,199,50,348,42,-0.7289209123347724,-1.2095935169214345
11,1571572800,609,966,357,1575,42,-0.41696847235126305,-0.4983478377509121
11,1571587200,675,1202,527,1877,42,-0.24422607887505265,-0.3232898140267901
11,1571601600,819,1538,719,2357,42,-0.04912878741956795,-0.0450518955248742
11,1571616000,412,531,119,943,42,-0.6588078232179576,-0.8646944304451014
11,1571630400,50,58,8,108,42,-0.7715984448406598,-1.3487124761723925
11,1571644800,1351,1278,0,2629,42,-0.7797274986513049,0.11261625829287812
11,1571659200,1957,2317,360,4274,42,-0.4139200771722711,1.0661607914921523
11,1571673600,720,1926,1206,2646,42,0.44572736330345836,0.12247051790648764
11,1571688000,1191,4248,3057,5439,42,2.3265871887414904,1.7414674061895106
11,1571702400,489,1019,530,1508,43,-0.1348191832365854,-0.37846674969738725
11,1571716800,96,85,0,181,43,-0.7162611940817917,-1.1617306023852298
11,1571731200,1300,1263,0,2563,43,-0.7162611940817917,0.24424867199490652
11,1571745600,2124,2695,571,4819,43,-0.0898397069259185,1.575856246722693
11,1571760000,774,1844,1070,2618,43,0.4575934315868323,0.2767125091447417
11,1571774400,1335,4894,3559,6229,43,3.1881767617636596,2.4081109809275594
11,1571788800,507,1292,785,1799,43,0.1449312182078063,-0.2067035385955318
11,1571803200,53,76,23,129,43,-0.6910288049319053,-1.1924236847814376
11,1571817600,1379,1210,0,2589,43,-0.7162611940817917,0.25959521319301043
11,1571832000,2000,2544,544,4544,43,-0.11946033766708938,1.413537060973517
11,1571846400,731,1882,1151,2613,43,0.546455323810345,0.27376125122202943
11,1571860800,1193,4416,3223,5609,43,2.8195644680957552,2.042154998511235
11,1571875200,432,1244,812,1676,43,0.17455184894897718,-0.27930448349425424
11,1571889600,59,96,37,155,43,-0.6756699593624094,-1.1770771435833336
11,1571904000,1383,1223,0,2606,43,-0.7162611940817917,0.26962949013023224
11,1571918400,2048,2578,530,4626,43,-0.1348191832365854,1.4619376909059985
11,1571932800,770,1951,1181,2721,43,0.5793671357449792,0.33750842235261497
11,1571947200,1262,4361,3099,5623,43,2.6835289787659335,2.0504185206948295
11,1571961600,468,1244,776,1712,43,0.135057674627416,-0.2580554264507257
11,1571976000,78,133,55,211,43,-0.6559228722016287,-1.144023054848956
11,1571990400,1264,1000,0,2264,43,-0.7162611940817917,0.0677634482167114
11,1572004800,1656,1254,0,2910,43,-0.7162611940817917,0.4490659718311396
11,1572019200,648,1934,1286,2582,43,0.6945584775161994,0.25546345210121324
11,1572033600,1065,3509,2444,4574,43,1.964954418193084,1.4312446085097907
11,1572034757,31,38,7,69,43,-0.7085817712970437,-1.2278387798539852
11,1572034838,1,7,6,8,43,-0.7096788316948648,-1.2638441265110751
11,1572034918,4,13,9,17,43,-0.7063876505014014,-1.2585318622501929
11,1572034998,3,1,0,4,43,-0.7162611940817917,-1.266205132849245
11,1572048000,547,1153,606,1700,43,-0.05144259300217846,-0.26513844546523524
11,1572062400,100,155,55,255,43,-0.6559228722016287,-1.1180519851290878
11,1572076800,267,426,159,693,43,-0.5418285908282298,-0.859521791099491
11,1572091200,788,1145,357,1933,43,-0.3246106320596433,-0.12760982626684236
11,1572105600,698,1240,542,1938,43,-0.12165445846273167,-0.12465856834413008
11,1572120000,739,1652,913,2391,43,0.28535494912891274,0.14272539945360363
11,1572134400,526,926,400,1452,43,-0.2774370349533341,-0.41152083843176496
11,1572148800,99,188,89,287,43,-0.6186228186757099,-1.0991639344237292
11,1572163200,154,198,44,352,43,-0.6679905365776613,-1.0607975814284694
11,1572177600,665,917,252,1582,43,-0.4398019738308634,-0.33478813244124533
11,1572192000,603,1101,498,1704,43,-0.169925115966862,-0.26277743912706536
11,1572206400,637,1096,459,1733,43,-0.2127104714818866,-0.24566014317533408
11,1572220800,364,436,72,800,43,-0.6372728454386692,-0.7963648715534479
11,1572235200,365,585,220,950,43,-0.47490790656114,-0.7078271338720791
11,1572249600,1451,1138,0,2589,43,-0.7162611940817917,0.25959521319301043
11,1572264000,2093,2170,77,4263,43,-0.6317875434495636,1.247676365717086
11,1572278400,744,1602,858,2346,43,0.2250166272487498,0.11616407814919301
11,1572292800,1101,3835,2734,4936,43,2.2831019335612157,1.6449156821141606
11,1572307200,436,1040,604,1476,44,-0.16069177442106802,-0.5240451022450934
11,1572321600,54,91,37,145,44,-0.7471368282912852,-1.276513531801354
11,1572336000,1473,1056,0,2529,44,-0.7854057295138568,0.07125862151354109
11,1572350400,2127,2594,467,4721,44,-0.30239013840734624,1.3104853665077736
11,1572364800,752,1956,1204,2708,44,0.4598850021611724,0.1724546011458256
11,1572379200,1316,4815,3499,6131,44,2.833591172588242,2.10761570886264
11,1572393600,465,1242,777,1707,44,0.01824119616014463,-0.3934514078592961
11,1572408000,49,82,33,131,44,-0.7512740068018335,-1.284428301158069
11,1572422400,1371,1002,0,2373,44,-0.7854057295138568,-0.016934522746997353
11,1572436800,2099,2318,219,4417,44,-0.558895206061339,1.138621803333391
11,1572451200,692,2066,1374,2758,44,0.6357150888594739,0.20072163456266484
11,1572465600,1199,4443,3244,5642,44,2.5698460425407896,1.8311641220459525
11,1572480000,472,1154,682,1626,44,-0.08001679346537677,-0.4392440019945757
11,1572494400,69,83,14,152,44,-0.7709256047269378,-1.2725561471229967
11,1572508800,1427,1457,30,2884,44,-0.7543768906847447,0.2719545587730997
11,1572510955,228,151,0,379,44,-0.7854057295138568,-1.1442238154105464
11,1572523200,2209,3136,927,5345,44,0.17338539030570474,1.6632579435499273
11,1572537600,674,2039,1365,2713,44,0.6264064372107403,0.1752813044875095
11,1572552000,1107,3972,2865,5079,44,2.1778483786663414,1.5128773257723427
11,1572566400,449,1196,747,1645,44,-0.01278764266896739,-0.42850252929617677
11,1572580800,105,146,41,251,44,-0.742999649780737,-1.2165874209576548
11,1572595200,1334,1167,0,2501,44,-0.7854057295138568,0.055429082800111114
11,1572609600,1935,2558,623,4493,44,-0.14104017649596376,1.1815876941269867
11,1572624000,759,2113,1354,2872,44,0.6150291963067325,0.26517047075305833
11,1572638400,1234,4045,2811,5279,44,2.1219964687739394,1.6259454594396996
11,1572652800,558,1206,648,1764,44,-0.11518281080503706,-0.36122698976409934
11,1572667200,93,163,70,256,44,-0.713005105579262,-1.213760717615971
11,1572681600,296,450,154,746,44,-0.6261243568577484,-0.9367437901309463
11,1572696000,783,1312,529,2095,44,-0.2382638714938481,-0.17409922854462356
11,1572710400,810,1420,610,2230,44,-0.15448600665524562,-0.09777823831915759
11,1572724800,763,1768,1005,2531,44,0.254060371261396,0.07238930285021467
11,1572739200,490,837,347,1327,44,-0.42650549372379437,-0.6082808618272744
11,1572750000,95,173,78,268,44,-0.7047307485581655,-1.2069766295959297
11,1572764400,83,128,45,211,44,-0.7388624712701887,-1.2392010476911264
11,1572778800,668,763,95,1431,44,-0.6871477398883353,-0.5494854323202487
11,1572793200,815,1119,304,1934,44,-0.47098016271218823,-0.26511907614684593
11,1572807600,699,1726,1027,2425,44,0.2768148530694115,0.012463192006515461
11,1572822000,535,812,277,1347,44,-0.49890611765838905,-0.5969740484605387
11,1572836400,102,130,28,232,44,-0.7564454799400189,-1.2273288936560538
11,1572850800,709,651,0,1360,44,-0.7854057295138568,-0.5896246197721604
11,1572865200,2650,2768,118,5418,44,-0.6633589634526827,1.7045278123385126
11,1572879600,710,1372,662,2082,44,-0.10070268601811812,-0.18144865723300177
11,1572894000,1213,4695,3482,5908,44,2.816008163918412,1.9815447398235373
11,1572908400,596,1612,1016,2208,44,0.26543761216540374,-0.11021573302256686
11,1572922800,138,220,82,358,45,-0.7077537493721759,-1.1161505811522132
11,1572937200,688,572,0,1260,45,-0.7938086094900144,-0.6197691922178886
11,1572951600,2436,3150,714,5586,45,-0.04450165675664064,1.7608803516068214
11,1572966000,684,1422,738,2106,45,-0.019314868429468408,-0.15420527310653753
11,1572980400,1247,4322,3075,5569,45,2.4332486449289275,1.7515250482677045
11,1572994800,651,1773,1122,2424,45,0.38367374480528726,0.0207939305310625
11,1573009200,102,226,124,328,45,-0.6636768697996246,-1.1326599399859492
11,1573023600,712,630,0,1342,45,-0.7938086094900144,-0.5746436114056772
11,1573038000,2540,2856,316,5396,45,-0.46218256318224676,1.656321078993161
11,1573052400,786,1436,650,2222,45,-0.11166642562909991,-0.09036908561609223
11,1573066800,1165,4406,3241,5571,45,2.6074572641918685,1.7526256721899536
11,1573081200,624,1774,1150,2398,45,0.41305833118698815,0.006485819541824763
11,1573095600,109,248,139,357,45,-0.6479351270951419,-1.1167008931133378
11,1573110000,674,649,0,1323,45,-0.7938086094900144,-0.5850995386670433
11,1573124400,2415,2858,443,5273,45,-0.32890247495096037,1.588632707774844
11,1573138800,727,1478,751,2205,45,-0.005672024752250118,-0.09972438895520923
11,1573153200,1327,4693,3366,6020,45,2.7386384533958905,1.9997157427348666
11,1573167600,702,2106,1404,2808,45,0.6796185076495609,0.23211372360288143
11,1573182000,124,222,98,346,45,-0.6909625571540612,-1.1227543246857077
11,1573196400,682,635,0,1317,45,-0.7938086094900144,-0.5884014104337905
11,1573210800,2264,2600,336,4864,45,-0.4411935729096032,1.363555115674912
11,1573225200,718,1689,971,2407,45,0.22520686824682865,0.01143862719194552
11,1573239600,1233,4436,3203,5669,45,2.567578182673846,1.8065562443801573
11,1573254000,742,1748,1006,2490,45,0.2619376012239548,0.05711451996528138
11,1573268400,145,300,155,445,45,-0.6311439348770271,-1.0682734405343792
11,1573282800,146,196,50,342,45,-0.7413361338084056,-1.1249555725302056
11,1573297200,796,1072,276,1868,45,-0.5041605437275338,-0.2851795198541753
11,1573311600,724,1211,487,1935,45,-0.2827266963511446,-0.2483086184588319
11,1573326000,719,1801,1082,2520,45,0.3416957642600002,0.07362387879901723
11,1573340400,574,1056,482,1630,45,-0.28797394391930553,-0.4161537666018131
11,1573354800,170,268,98,438,45,-0.6909625571540612,-1.072125624262251
11,1573369200,73,141,68,214,45,-0.7224460425630265,-1.1953955035541453
11,1573383600,568,853,285,1421,45,-0.4947154981048442,-0.5311689664768395
11,1573398000,645,974,329,1619,45,-0.44853971950502847,-0.4222071981741829
11,1573412400,754,1198,444,1952,45,-0.3278530254373282,-0.2389533151197149
11,1573426800,526,728,202,1254,45,-0.5818198077363148,-0.6230710639846357
11,1573441200,91,138,47,229,45,-0.7444844823493021,-1.1871408241372774
11,1573455600,516,526,10,1042,45,-0.7833141143536927,-0.7397371997430358
11,1573470000,2050,2582,532,4632,45,-0.2355014682376967,1.2358827406940214
11,1573484400,723,1307,584,2030,45,-0.18093009352882353,-0.1960289821520017
11,1573498800,1079,3913,2834,4992,45,2.180331312143573,1.4339950466988516
11,1573513200,572,1447,875,2019,45,0.12445971493813973,-0.20208241372437152
11,1573527600,105,187,82,292,46,-0.6817949420002963,-1.2042881252852757
11,1573542000,712,601,0,1313,46,-0.7544825899772968,-0.6539536830712133
11,1573556400,2820,2623,0,5443,46,-0.7544825899772968,1.572178781516522
11,1573570800,703,1508,805,2211,46,-0.04090263117869532,-0.16991810118264516
11,1573585200,1285,4934,3649,6219,46,2.480117744999221,1.9904545182041933
11,1573599600,620,1934,1314,2554,46,0.4102926471175632,0.014964086554302335
11,1573614000,103,221,118,324,46,-0.6498832916689303,-1.1870396412981552
11,1573628400,685,592,0,1277,46,-0.7544825899772968,-0.6733582275567238
11,1573642800,2614,2237,0,4851,46,-0.7544825899772968,1.2530818277547933
11,1573657200,677,1457,780,2134,46,-0.06306349946436617,-0.2114222657766538
11,1573671600,1309,4654,3345,5963,46,2.210641586645463,1.8524666463072295
11,1573686000,626,1915,1289,2541,46,0.38813177883189237,0.007956889934534646
11,1573700400,97,240,143,337,46,-0.6277224233832595,-1.1800324446783874
11,1573714800,696,542,0,1238,46,-0.7544825899772968,-0.6943798174160268
11,1573729200,2511,2475,0,4986,46,-0.7544825899772968,1.3258488695754578
11,1573743600,671,1369,698,2040,46,-0.13575114744136657,-0.26208968748882017
11,1573758000,1194,4464,3270,5658,46,2.144158981788451,1.6880670333049876
11,1573772400,587,1928,1341,2515,46,0.4342263848660877,-0.0060575033050007335
11,1573786800,121,264,143,385,46,-0.6277224233832595,-1.1541597186977068
11,1573801200,660,542,0,1202,46,-0.7544825899772968,-0.7137843619015374
11,1573815600,2208,2553,345,4761,46,-0.44866260763503896,1.204570466541017
11,1573830000,721,1629,908,2350,46,0.05040014615826859,-0.09499499886359064
11,1573844400,1138,4232,3094,5370,46,1.988146469057328,1.5328306774209033
11,1573858800,764,1847,1083,2611,46,0.20552622415796457,0.045687948656360666
11,1573873200,167,296,129,463,46,-0.6401325096232351,-1.1121165389791006
11,1573887600,831,4384,3553,5215,46,2.395020010782245,1.4492833331082886
11,1573902000,733,1145,412,1878,46,-0.3892714806294411,-0.3494101376736175
11,1573916400,758,1361,603,2119,46,-0.2199624469269158,-0.2195074926456165
11,1573930800,829,1811,982,2640,46,0.11599631628385432,0.06131938726968859
11,1573945200,604,1001,397,1605,46,-0.4025680016008436,-0.496561266688739
11,1573959600,169,263,94,432,46,-0.6711577252231743,-1.1288260078416237
11,1573974000,69,106,37,175,46,-0.7216845049145039,-1.267352894863185
11,1573988400,490,756,266,1246,46,-0.5186909514177589,-0.6900676964192467
11,1574002800,640,950,310,1590,46,-0.47968782323497816,-0.5046464935577017
11,1574017200,704,1301,597,2005,46,-0.2252810553154768,-0.2809552168497332
11,1574031600,464,690,226,1154,46,-0.5541483406748322,-0.7396570878822181
11,1574046000,84,128,44,212,46,-0.715479461794516,-1.2474093352530768
11,1574060400,720,669,0,1389,46,-0.7544825899772968,-0.6129885336018022
11,1574074800,2586,2059,0,4645,46,-0.7544825899772968,1.1420447120877053
11,1574089200,715,1514,799,2229,46,-0.046221239567256316,-0.1602158289398899
11,1574103600,1161,4728,3567,5889,46,2.4074300970222207,1.8125795270870135
11,1574118000,658,1983,1325,2641,46,0.4200434291632584,0.061858402394286104
11,1574132400,104,182,78,286,47,-0.6726389258697111,-1.1829193646682983
11,1574146800,810,622,0,1432,47,-0.750311295314518,-0.5542269090273131
11,1574161200,2825,2726,0,5551,47,-0.750311295314518,1.7054451893891072
11,1574175600,811,1360,549,2171,47,-0.20361731037606903,-0.14881353667243702
11,1574190000,1114,4600,3486,5714,47,2.721046139103393,1.7948665421547971
11,1574204400,568,1797,1229,2365,47,0.47352642324532496,-0.04238566896357916
11,1574218800,99,236,137,335,47,-0.6138867489819725,-1.1560380991129682
11,1574233200,752,591,0,1343,47,-0.750311295314518,-0.6030520648318922
11,1574247600,2772,2899,127,5671,47,-0.62384474506464,1.7712768601368543
11,1574262000,835,1554,719,2389,47,-0.03433137697072054,-0.029219334814029732
11,1574276400,1198,4471,3273,5669,47,2.508940822542574,1.7701796656243918
11,1574290800,708,1792,1084,2500,47,0.32913548004664533,0.03167496062763636
11,1574305200,110,218,108,328,47,-0.6427649376217084,-1.1598782799065868
11,1574319600,782,531,0,1313,47,-0.750311295314518,-0.619509982518829
11,1574334000,2762,2068,0,4830,47,-0.750311295314518,1.3099065676463932
11,1574348400,675,1432,757,2107,47,0.003509008143416182,-0.18392376107123548
11,1574362800,1137,4494,3357,5631,47,2.5925879896369817,1.7493329698876052
11,1574377200,597,1875,1278,2472,47,0.5223206040503959,0.016314237453162034
11,1574391600,104,281,177,385,47,-0.5740547646513022,-1.1286082363014067
11,1574406000,608,580,0,1188,47,-0.750311295314518,-0.6880846395477322
11,1574420400,2199,2580,381,4779,47,-0.370911644564884,1.2819281075786007
11,1574434800,794,1828,1034,2622,47,0.27934549963330757,0.09860382588784594
11,1574449200,1183,4234,3051,5417,47,2.2878733095073542,1.631933157054123
11,1574463600,659,1870,1211,2529,47,0.45560203029652335,0.04758428105834192
11,1574478000,333,476,143,809,47,-0.6079119513323719,-0.8960029996593669
11,1574492400,463,453,0,916,47,-0.750311295314518,-0.8373030932426258
11,1574506800,682,1222,540,1904,47,-0.21257950685046983,-0.29528900408617437
11,1574521200,707,1286,579,1993,47,-0.17374332212806637,-0.24646384828159526
11,1574535600,792,1729,937,2521,47,0.18275293763143224,0.04319550300849211
11,1574550000,565,940,375,1505,47,-0.37688644221448453,-0.5141793093224336
11,1574564400,164,282,118,446,47,-0.6328069415390408,-1.095143803671302
11,1574578800,80,105,25,185,47,-0.725416305107849,-1.238327687547652
11,1574593200,513,801,288,1314,47,-0.4635210081336923,-0.6189613852625978
11,1574607600,613,1007,394,1620,47,-0.3579662496574162,-0.4510906248558426
11,1574622000,716,1226,510,1942,47,-0.2424534950984725,-0.2744423083493878
11,1574636400,490,601,111,1091,47,-0.6397775387969081,-0.7412985734021612
11,1574650800,118,116,0,234,47,-0.750311295314518,-1.211446421992322
11,1574665200,718,749,31,1467,47,-0.7194415074582485,-0.5350260050592202
11,1574679600,2489,3095,606,5584,47,-0.14685673270486396,1.7235488988447376
11,1574694000,742,1384,642,2126,47,-0.11100794680726074,-0.1735004132028422
11,1574708400,1204,4364,3160,5568,47,2.3964154668084308,1.714771342745038
11,1574722800,586,1737,1151,2323,47,0.39585405380051797,-0.06542675372529065
11,1574737200,110,182,72,292,48,-0.6324383776256955,-1.1061344417598082
11,1574751600,674,621,0,1295,48,-0.7239321179471855,-0.4367043629807532
11,1574766000,2391,2842,451,5233,48,-0.15082549454451952,2.191626295276394
11,1574780400,753,1594,841,2347,48,0.3447655988635508,0.26542967777255266
11,1574794800,1159,4352,3193,5511,48,3.333561116032221,2.377171222395613
11,1574809200,707,1828,1121,2535,48,0.7005745890026782,0.3909061033064134
11,1574823600,234,146,0,380,48,-0.7239321179471855,-1.0474007957652351
11,1574838000,598,681,83,1279,48,-0.6184601672988013,-0.44738320770703927
11,1574852400,1971,3140,1169,5111,48,0.7615704158836715,2.110200104238463
11,1574866800,801,2267,1466,3068,48,1.1389820947098173,0.7466451182508165
11,1574881200,1021,3754,2733,4775,48,2.749017775089369,1.8859443649864565
11,1574895600,578,1327,749,1905,48,0.22785693067498036,-0.02957340779109867
11,1574910000,148,224,76,372,48,-0.6273553920522794,-1.052740218128378
11,1574924400,133,208,75,341,48,-0.6286261384456334,-1.0734304797855572
11,1574938800,591,1191,600,1782,48,0.03851571806523043,-0.11166702662442246
11,1574953200,623,1484,861,2107,48,0.37018052673063134,0.10524700687826236
11,1574967600,584,1110,526,1694,48,-0.05551951504296753,-0.17040067261899558
11,1574982000,483,639,156,1122,48,-0.5256956805839573,-0.5521693715837208
11,1574996400,180,158,0,338,48,-0.7239321179471855,-1.075432763171736
11,1575010800,285,353,68,638,48,-0.6375213631991117,-0.8752044245538729
11,1575025200,1043,1587,544,2630,48,-0.032646079962595054,0.4543117438687367
11,1575039600,769,1277,508,2046,48,-0.07839295012334001,0.0645339113592969
11,1575054000,833,2096,1263,2929,48,0.88102057685895,0.6538726546912067
11,1575068400,632,946,314,1578,48,-0.32491775043402116,-0.24782229688456922
11,1575082800,155,213,58,368,48,-0.650228827132652,-1.0554099293099495
11,1575097200,120,182,62,302,48,-0.6451458415592358,-1.0994601638058794
11,1575111600,628,911,283,1539,48,-0.36431088862799593,-0.2738519809048914
11,1575126000,744,1013,269,1757,48,-0.38210133813495234,-0.12835272150924437
11,1575140400,744,1318,574,2062,48,0.00547631183802574,0.07521275608558292
11,1575154800,641,810,169,1451,48,-0.5091759774703549,-0.3325856268994645
11,1575169200,319,189,0,508,48,-0.7239321179471855,-0.9619700379549468
11,1575183600,117,241,124,358,48,-0.5663595651712862,-1.0620842072638783
11,1575198000,704,848,144,1552,48,-0.5409446373042056,-0.265175419564784
11,1575212400,813,912,99,1725,48,-0.5981282250051368,-0.14971041096181642
11,1575226800,835,1106,271,1941,48,-0.3795598453482443,-0.00554600715695512
11,1575241200,507,343,0,850,48,-0.7239321179471855,-0.7337097319305832
11,1575255600,354,362,8,716,48,-0.7137661468003532,-0.8231450565132287
11,1575270000,536,621,85,1157,48,-0.6159186745120931,-0.5288093987449701
11,1575284400,2445,2142,0,4587,48,-0.7239321179471855,1.7604679394525957
11,1575298800,728,1719,991,2447,48,0.5353775578666548,0.3321724573118403
11,1575313200,1152,4283,3131,5435,48,3.2547748396442713,2.326446709945755
11,1575327600,509,1299,790,1808,48,0.27995753280249547,-0.09431390394420767
11,1575342000,108,173,65,281,49,-0.681786860463915,-1.1763328815083878
11,1575356400,630,657,27,1287,49,-0.7175125098598178,-0.6471108436288742
11,1575370800,2570,3814,1244,6384,49,0.42664841947738597,2.034245743917727
11,1575385200,785,1568,783,2353,49,-0.006760116615014153,-0.08632486710843527
11,1575399600,1243,4358,3115,5601,49,2.1856665778914435,1.6223363446536523
11,1575414000,647,1850,1203,2497,49,0.38810232407654344,-0.010571414370214641
11,1575428400,122,207,85,329,49,-0.6629838870976503,-1.1510817305956476
11,1575442800,705,596,0,1301,49,-0.7428965239042751,-0.6397459246126582
11,1575457200,2589,2523,0,5112,49,-0.7428965239042751,1.3650902447301114
11,1575471600,813,1545,732,2358,49,-0.054707698698989005,-0.08369453888835816
11,1575486000,1229,4465,3236,5694,49,2.2994245667573447,1.6712604495470864
11,1575500400,601,1927,1326,2528,49,0.503740610279071,0.005736620594263412
11,1575514800,133,216,83,349,49,-0.6648641844342768,-1.140560417715339
11,1575529200,654,612,0,1266,49,-0.7428965239042751,-0.658158222153198
11,1575543600,2678,2681,3,5359,49,-0.7400760778993354,1.4950284588019205
11,1575558000,835,1519,684,2354,49,-0.09983483477802416,-0.08579880146441986
11,1575572400,1202,4709,3507,5911,49,2.5542048558702306,1.7854166942984329
11,1575586800,654,2040,1386,2694,49,0.560149530377865,0.09306351750082331
11,1575601200,125,249,124,374,49,-0.6263180890334342,-1.1274087766149536
11,1575615600,634,524,0,1158,49,-0.7428965239042751,-0.7149733117068634
11,1575630000,2332,2670,338,5002,49,-0.42512627401440256,1.307223023888415
11,1575644400,734,1595,861,2329,49,0.06657147951341796,-0.09895044256480538
11,1575658800,1153,4253,3100,5406,49,2.1715643478667452,1.5197535440706453
11,1575673200,664,1968,1304,2632,49,0.4830573395761799,0.0604474475718672
11,1575687600,197,344,147,541,49,-0.60469466966223,-1.0395558140643784
11,1575702000,155,229,74,384,49,-0.6733255224490959,-1.1221481201747994
11,1575716400,837,1305,468,2142,49,-0.3029069471336823,-0.19732471799568913
11,1575730800,834,1286,452,2120,49,-0.31794932582669405,-0.20889816216402837
11,1575745200,824,1936,1112,2760,49,0.3025487952600393,0.1277838500058411
11,1575759600,772,1113,341,1885,49,-0.42230582800946287,-0.33252358850765235
11,1575774000,234,342,108,576,49,-0.641360467726446,-1.0211435165238385
11,1575788400,96,122,26,218,49,-0.718452658528131,-1.2094750170813593
11,1575802800,644,816,172,1460,49,-0.5811909529543992,-0.5561014872142063
11,1575817200,796,1154,358,1950,49,-0.4063233006481379,-0.29832932164665
11,1575831600,841,1449,608,2290,49,-0.1712861335698298,-0.11946700268140681
11,1575846000,576,699,123,1275,49,-0.6272582377017475,-0.6534236313570592
11,1575860400,120,168,48,288,49,-0.6977693878252399,-1.1726504220002798
11,1575874800,678,512,0,1190,49,-0.7428965239042751,-0.69813921109837
11,1575889200,2956,1059,0,4015,49,-0.7428965239042751,0.7879962332451945
11,1575903600,889,1414,525,2303,49,-0.2493184730398281,-0.11262814930920632
11,1575918000,1502,5526,4024,7028,49,3.040261717388172,2.373032018663658
11,1575932400,669,2065,1396,2734,49,0.5695510170609973,0.11410614326144015
11,1575946800,146,186,40,332,50,-0.701427813964194,-1.179352500256152
11,1575961200,686,570,0,1256,50,-0.7394112695940239,-0.6675114840298383
11,1575975600,2848,2138,0,4986,50,-0.7394112695940239,1.3986865576629648
11,1575990000,890,1478,588,2368,50,-0.18105447183552295,-0.05152965497825732
11,1576004400,1268,4839,3571,6107,50,2.651561731759049,2.0196538511583086
11,1576018800,634,1942,1308,2576,50,0.502647729501417,0.0636899677220384
11,1576033200,127,291,164,418,50,-0.5836791015117209,-1.1317136177935296
11,1576047600,656,544,0,1200,50,-0.7394112695940239,-0.6985321516799179
11,1576062000,2712,1914,0,4626,50,-0.7394112695940239,1.199267979912453
11,1576076400,742,1532,790,2274,50,0.010761979095118534,-0.10360006139089097
11,1576090800,1163,4454,3291,5617,50,2.385677542350239,1.7482230092201119
11,1576105200,612,1953,1341,2565,50,0.5339840803960267,0.05759662229077277
11,1576119600,141,312,171,453,50,-0.5770319967765006,-1.11232570051223
11,1576134000,683,594,0,1277,50,-0.7394112695940239,-0.6558787336610584
11,1576148400,2653,2579,0,5232,50,-0.7394112695940239,1.5349559191258146
11,1576162800,820,1562,742,2382,50,-0.03481816766067746,-0.043774488065737416
11,1576177200,1166,4420,3254,5586,50,2.3505428458926465,1.7310508539138179
11,1576191600,685,2128,1443,2813,50,0.6308418922520932,0.19497386474112535
11,1576206000,244,551,307,795,50,-0.4478882476350787,-0.9228780516492437
11,1576220400,637,569,0,1206,50,-0.7394112695940239,-0.6952085087174094
11,1576234800,2222,2564,342,4786,50,-0.41465272395897745,1.2878984589126805
11,1576249200,753,1640,887,2393,50,0.10287185899745628,-0.037681142634471775
11,1576263600,1318,4828,3510,6146,50,2.5936369619235586,2.041257530414614
11,1576278000,788,2137,1349,2925,50,0.5415807715219927,0.2570152000412846
11,1576292400,209,482,273,691,50,-0.4801741849204342,-0.9804878629993916
11,1576306800,150,184,34,334,50,-0.7071253323086684,-1.178244619268649
11,1576321200,756,1057,301,1813,50,-0.4535857659795532,-0.3589666290102964
11,1576335600,719,1172,453,1891,50,-0.30924863458619917,-0.3157592704976855
11,1576350000,766,1656,890,2422,50,0.10572061816969353,-0.02161686831568054
11,1576364400,564,1129,565,1693,50,-0.2028949588226752,-0.425439488260467
11,1576378800,172,327,155,499,50,-0.5922253790284326,-1.0868444377996647
11,1576393200,85,117,32,202,50,-0.7090245050901599,-1.2513647644438368
11,1576407600,529,766,237,1295,50,-0.5143592949872812,-0.6459078047735328
11,1576422000,711,969,258,1680,50,-0.4944179807816204,-0.4326407146792355
11,1576436400,748,1480,732,2228,50,-0.04431403156813496,-0.12908132410345635
11,1576450800,560,767,207,1327,50,-0.5428468867096536,-0.6281817089734874
11,1576465200,121,147,26,268,50,-0.7147220234346344,-1.214804691856243
11,1576479600,639,576,0,1215,50,-0.7394112695940239,-0.6902230442736466
11,1576494000,2508,2413,0,4921,50,-0.7394112695940239,1.3626804255691225
11,1576508400,763,1525,762,2288,50,-0.01582643984576246,-0.09584489447837105
11,1576522800,1201,4495,3294,5696,50,2.3885263015224765,1.7919843082264744
11,1576537200,597,1984,1387,2581,50,0.5776650543703312,0.06645967019079552
11,1576551600,129,165,36,294,51,-0.30307771686310975,-0.2697186811268916
11,1576566000,656,609,0,1265,51,-0.37213073428138627,0.48946968223803505
11,1576580400,2941,2095,0,5036,51,-0.37213073428138627,3.4378726876439454
11,1576594800,809,1798,989,2607,51,1.5249091053484887,1.5387289856733921
11,1576609200,1188,4655,3467,5843,51,6.27805847097319,4.068835621975043
11,1576623600,659,1967,1308,2626,51,2.136795565249328,1.5535843707443844
11,1576638000,131,230,99,361,51,-0.18223493638112578,-0.21733390219233953
11,1576652400,684,524,0,1208,51,-0.37213073428138627,0.4449035270250579
11,1576666800,2534,2364,0,4898,51,-0.37213073428138627,3.329975680286211
11,1576681200,812,1618,806,2430,51,1.1738896001389163,1.4003393458015156
11,1576695600,1240,4668,3428,5908,51,6.203251035436724,4.11965667616528
11,1576710000,677,1952,1275,2629,51,2.073496965949241,1.555929957860857
11,1576724400,135,261,126,396,51,-0.1304451733174184,-0.18996871916682725
11,1576738800,678,576,0,1254,51,-0.37213073428138627,0.4808691961443026
11,1576753200,2711,2127,0,4838,51,-0.37213073428138627,3.2830639379567614
11,1576767600,850,1106,256,1956,51,0.11891294513746911,1.0297365813988635
11,1576777004,1469,840,0,2309,51,-0.37213073428138627,1.3057339987704588
11,1576777084,4,18,14,22,51,-0.3452767830631676,-0.48238524635373004
11,1576777164,7,9,2,16,51,-0.3682944555359265,-0.487076420586675
11,1576777228,729,2748,2019,3477,51,3.5005926592602896,2.218949249450412
11,1576777297,9,22,13,31,51,-0.3471949224358975,-0.4753484850043126
11,1576777364,13,59,46,72,51,-0.2838963231358107,-0.4432921277458553
11,1576777428,16,50,34,66,51,-0.3069139956085695,-0.44798330197880026
11,1576777498,357,851,494,1208,51,0.5754301158471863,0.4449035270250579
11,1576777564,10,39,29,49,51,-0.3165046924722191,-0.4612749623054777
11,1576777627,9,22,13,31,51,-0.3471949224358975,-0.4753484850043126
11,1576777690,27,114,87,141,51,-0.20525260885388463,-0.38934362406698825
11,1576777764,15,64,49,79,51,-0.278141905017621,-0.43781909114075285
11,1576777827,19,44,25,63,51,-0.3241772499631387,-0.45032888909527274
11,1576777891,10,24,14,34,51,-0.3452767830631676,-0.4730028978878401
11,1576777964,9,55,46,64,51,-0.2838963231358107,-0.44954702672311525
11,1576778028,25,22,0,47,51,-0.37213073428138627,-0.4628386870497927
11,1576778091,21,80,59,101,51,-0.25896051129032194,-0.420618118953288
11,1576778164,15,40,25,55,51,-0.3241772499631387,-0.45658378807253275
11,1576778227,8,17,9,25,51,-0.35486747992681716,-0.48003965923725755
11,1576778297,6,22,16,28,51,-0.34144050431770784,-0.4776940721207851
11,1576778365,2,20,18,22,51,-0.337604225572248,-0.48238524635373004
11,1576778428,32,124,92,156,51,-0.1956619119902351,-0.37761568848462584
11,1576778498,6,27,21,33,51,-0.3318498074540583,-0.4737847602599976
11,1576778564,9,36,27,45,51,-0.32034097121767885,-0.4644024117941077
11,1576778629,24,54,30,78,51,-0.3145865530994892,-0.43860095351291034
11,1576778698,6,4,0,10,51,-0.37213073428138627,-0.49176759481961996
11,1576778764,31,81,50,112,51,-0.2762237656448911,-0.41201763285955556
11,1576778844,8,23,15,31,51,-0.3433586436904377,-0.4753484850043126
11,1576778924,12,26,14,38,51,-0.3452767830631676,-0.46987544839921014
11,1576778988,22,18,0,40,51,-0.37213073428138627,-0.46831172365489515
11,1576779058,34,150,116,184,51,-0.14962656704471744,-0.35572354206421597
11,1576779124,31,75,44,106,51,-0.28773260188127053,-0.4167088070925005
11,1576779204,13,47,34,60,51,-0.3069139956085695,-0.4526744762117452
11,1576779285,8,36,28,44,51,-0.31842283184494896,-0.4651842741662652
11,1576779364,15,41,26,56,51,-0.3222591105904088,-0.45580192570037525
11,1576779444,12,33,21,45,51,-0.3318498074540583,-0.4644024117941077
11,1576779524,12,36,24,48,51,-0.32609538933586857,-0.4620568246776352
11,1576779605,12,38,26,50,51,-0.3222591105904088,-0.4604930999333202
11,1576779685,16,34,18,50,51,-0.337604225572248,-0.4604930999333202
11,1576779765,8,21,13,29,51,-0.3471949224358975,-0.4769122097486276
11,1576779845,13,39,26,52,51,-0.3222591105904088,-0.45892937518900523
11,1576779925,10,35,25,45,51,-0.3241772499631387,-0.4644024117941077
11,1576780005,38,165,127,203,51,-0.12852703394468848,-0.3408681569932236
11,1576780085,4,19,15,23,51,-0.3433586436904377,-0.48160338398157254
11,1576780165,3,13,10,16,51,-0.3529493405540872,-0.487076420586675
11,1576780245,5,34,29,39,51,-0.3165046924722191,-0.46909358602705264
11,1576780325,3,29,26,32,51,-0.3222591105904088,-0.4745666226321551
11,1576780405,3,20,17,23,51,-0.3395223649449779,-0.48160338398157254
11,1576780485,45,262,217,307,51,0.04410550960100286,-0.2595544702888442
11,1576780565,9,19,10,28,51,-0.3529493405540872,-0.4776940721207851
11,1576780645,7,18,11,25,51,-0.35103120118135733,-0.48003965923725755
11,1576780725,8,26,18,34,51,-0.337604225572248,-0.4730028978878401
11,1576780805,9,23,14,32,51,-0.3452767830631676,-0.4745666226321551
11,1576780885,13,34,21,47,51,-0.3318498074540583,-0.4628386870497927
11,1576780965,10,29,19,39,51,-0.3356860861995181,-0.46909358602705264
11,1576781045,11,46,35,57,51,-0.30499585623583964,-0.45502006332821776
11,1576781125,8,27,19,35,51,-0.3356860861995181,-0.4722210355156826
11,1576781205,6,23,17,29,51,-0.3395223649449779,-0.4769122097486276
11,1576781285,8,27,19,35,51,-0.3356860861995181,-0.4722210355156826
11,1576781365,8,34,26,42,51,-0.3222591105904088,-0.46674799891058016
11,1576781445,8,25,17,33,51,-0.3395223649449779,-0.4737847602599976
11,1576781525,128,257,129,385,51,-0.12469075519922868,-0.19856920526055968
11,1576781605,32,198,166,230,51,-0.053719598408222234,-0.31975787294497127
11,1576781685,9,18,9,27,51,-0.35486747992681716,-0.47847593449294257
11,1576781766,6,15,9,21,51,-0.35486747992681716,-0.48316710872588753
11,1576781846,3,21,18,24,51,-0.337604225572248,-0.48082152160941505
11,1576781926,4,11,7,15,51,-0.35870375867227694,-0.4878582829588325
11,1576782000,51,189,138,240,51,-0.10742750084465955,-0.31193924922339633
11,1576782006,0,7,7,7,51,-0.35870375867227694,-0.49411318193609244
11,1576782086,3,14,11,17,51,-0.35103120118135733,-0.4862945582145175
11,1576782166,3,12,9,15,51,-0.35486747992681716,-0.4878582829588325
11,1576782246,3,14,11,17,51,-0.35103120118135733,-0.4862945582145175
11,1576782326,4,13,9,17,51,-0.35486747992681716,-0.4862945582145175
11,1576782406,3,11,8,14,51,-0.35678561929954705,-0.48864014533099
11,1576782486,4,10,6,14,51,-0.3606218980450069,-0.48864014533099
11,1576782566,3,12,9,15,51,-0.35486747992681716,-0.4878582829588325
11,1576782646,3,12,9,15,51,-0.35486747992681716,-0.4878582829588325
11,1576782726,3,7,4,10,51,-0.36445817679046666,-0.49176759481961996
11,1576782806,3,6,3,9,51,-0.36637631616319655,-0.49254945719177745
11,1576782886,4,8,4,12,51,-0.36445817679046666,-0.49020387007530497
11,1576782966,3,34,31,37,51,-0.31266841372675924,-0.47065731077136763
11,1576783046,2,26,24,28,51,-0.32609538933586857,-0.4776940721207851
11,1576783126,4,15,11,19,51,-0.35103120118135733,-0.4847308334702025
11,1576783206,3,7,4,10,51,-0.36445817679046666,-0.49176759481961996
11,1576783286,4,19,15,23,51,-0.3433586436904377,-0.48160338398157254
11,1576783366,5,11,6,16,51,-0.3606218980450069,-0.487076420586675
11,1576783446,109,394,285,503,51,0.17453898694663633,-0.10630944534597539
11,1576783526,8,27,19,35,51,-0.3356860861995181,-0.4722210355156826
11,1576783606,7,21,14,28,51,-0.3452767830631676,-0.4776940721207851
11,1576783686,9,27,18,36,51,-0.337604225572248,-0.4714391731435251
11,1576783766,7,18,11,25,51,-0.35103120118135733,-0.48003965923725755
11,1576783846,8,18,10,26,51,-0.3529493405540872,-0.47925779686510006
11,1576783927,4,19,15,23,51,-0.3433586436904377,-0.48160338398157254
11,1576784006,8,22,14,30,51,-0.3452767830631676,-0.4761303473764701
11,1576784087,7,20,13,27,51,-0.3471949224358975,-0.47847593449294257
11,1576784167,3,12,9,15,51,-0.35486747992681716,-0.4878582829588325
11,1576784247,6,15,9,21,51,-0.35486747992681716,-0.48316710872588753
11,1576784327,7,26,19,33,51,-0.3356860861995181,-0.4737847602599976
11,1576784407,4,19,15,23,51,-0.3433586436904377,-0.48160338398157254
11,1576784487,8,22,14,30,51,-0.3452767830631676,-0.4761303473764701
11,1576784567,9,22,13,31,51,-0.3471949224358975,-0.4753484850043126
11,1576784647,9,21,12,30,51,-0.34911306180862745,-0.4761303473764701
11,1576784727,7,20,13,27,51,-0.3471949224358975,-0.47847593449294257
11,1576784807,4,10,6,14,51,-0.3606218980450069,-0.48864014533099
11,1576784887,7,15,8,22,51,-0.35678561929954705,-0.48238524635373004
11,1576784967,8,15,7,23,51,-0.35870375867227694,-0.48160338398157254
11,1576785047,6,25,19,31,51,-0.3356860861995181,-0.4753484850043126
11,1576785127,3,19,16,22,51,-0.34144050431770784,-0.48238524635373004
11,1576785207,4,25,21,29,51,-0.3318498074540583,-0.4769122097486276
11,1576785287,5,15,10,20,51,-0.3529493405540872,-0.483948971098045
11,1576785367,5,10,5,15,51,-0.36254003741773677,-0.4878582829588325
11,1576785447,7,16,9,23,51,-0.35486747992681716,-0.48160338398157254
11,1576785527,6,9,3,15,51,-0.36637631616319655,-0.4878582829588325
11,1576785607,4,21,17,25,51,-0.3395223649449779,-0.48003965923725755
11,1576785687,7,18,11,25,51,-0.35103120118135733,-0.48003965923725755
11,1576785780,3,20,17,23,51,-0.3395223649449779,-0.48160338398157254
11,1576785860,56,358,302,414,51,0.2071473562830447,-0.17589519646799237
11,1576785940,125,235,110,360,51,-0.16113540328109685,-0.21811576456449702
11,1576786020,5,0,0,5,51,-0.37213073428138627,-0.4956769066804074
11,1576786101,3,1,0,4,51,-0.37213073428138627,-0.4964587690525649
11,1576786182,48,86,38,134,51,-0.2992414381176499,-0.3948166606720907
11,1576786262,6,18,12,24,51,-0.34911306180862745,-0.48082152160941505
11,1576786342,6,5,0,11,51,-0.37213073428138627,-0.49098573244746246
11,1576796400,424,1150,726,1574,51,1.020438450320524,0.7310651552347007
11,1576810800,145,309,164,454,51,-0.057555877153682045,-0.1446207015816926
11,1576825200,629,536,0,1165,51,-0.37213073428138627,0.4112834450222857
11,1576839600,2276,2381,105,4657,51,-0.17072610014474637,3.141546848596255
11,1576854000,749,1458,709,2207,51,0.9878300809841156,1.2259840368103945
11,1576868400,1745,3837,2092,5582,51,3.6406168334695725,3.864769542841937
11,1576882800,661,1798,1137,2459,51,1.8087937325125145,1.423013354594083
11,1576897200,212,350,138,562,51,-0.10742750084465955,-0.060179565388683236
11,1576911600,142,195,53,337,51,-0.2704693475267014,-0.2360985991241194
11,1576926000,652,1136,484,1788,51,0.5562487221198872,0.8983837028764045
11,1576940400,707,1305,598,2012,51,0.7749166106110963,1.0735208742396831
11,1576954800,748,1780,1032,2528,51,1.6073890983758745,1.47696185827295
11,1576969200,570,882,312,1452,51,0.22632875001034372,0.6356779458314865
11,1576983600,191,276,85,467,51,-0.20908888759934446,-0.13445649074364519
11,1576998000,79,128,49,207,51,-0.278141905017621,-0.3377407075045936
11,1577012400,520,792,272,1312,51,0.14960317510114757,0.5262172137294373
11,1577026800,583,1077,494,1660,51,0.5754301158471863,0.7983053192402453
11,1577041200,713,1419,706,2132,51,0.9820756628659258,1.1673443588985823
11,1577055600,490,820,330,1310,51,0.260855258719482,0.5246534889851223
11,1577070000,117,153,36,270,51,-0.30307771686310975,-0.2884833780586715
11,1577084400,546,498,0,1044,51,-0.37213073428138627,0.31667809799122887
11,1577098800,1758,1943,185,3701,51,-0.017274950326354063,2.3940864208136907
11,1577113200,733,1610,877,2343,51,1.3100774956027395,1.3323173194238136
11,1577127600,933,3433,2500,4366,51,4.423217697543373,2.9140248982984245
11,1577142000,530,1373,843,1903,51,1.2448607569299226,0.9882978756745163
11,1577156400,125,220,95,345,52,-0.627562909778215,-0.9238691497668288
11,1577170800,471,325,0,796,52,-0.7813691384446132,-0.5573758343346069
11,1577182368,383,615,232,998,52,-0.4057581379119355,-0.39322583496141666
11,1577185200,1193,1682,489,2875,52,0.010328185954004917,1.1320689611944157
11,1577190351,134,248,114,382,52,-0.5968016640449354,-0.8938020706737196
11,1577190432,3,7,4,10,52,-0.7748930867112912,-1.1960981091233571
11,1577190528,2,6,4,8,52,-0.7748930867112912,-1.1977233566419037
11,1577190609,2,3,1,5,52,-0.7797501255112826,-1.2001612279197234
11,1577199600,666,1906,1240,2572,52,1.226206898885216,0.8858439621346302
11,1577214000,746,2307,1561,3053,52,1.7459100504843086,1.2767159903450487
11,1577228400,420,805,385,1225,52,-0.15804915911236786,-0.20876024160639595
11,1577242800,112,200,88,312,52,-0.6388960003115286,-0.950685733822845
11,1577257200,54,111,57,165,52,-0.6890854012447742,-1.0701414264360083
11,1577271600,326,576,250,902,52,-0.37661590511198634,-0.4712377158516457
11,1577286000,495,769,274,1264,52,-0.3377595947120542,-0.1770679149947404
11,1577300400,542,1015,473,1557,52,-0.015576020979283203,0.06103084647231282
11,1577314800,389,656,267,1045,52,-0.34909268524536774,-0.35503251827557536
11,1577329200,84,125,41,209,52,-0.7149896081780625,-1.0343859810279865
11,1577343600,486,475,0,961,52,-0.7813691384446132,-0.4232929140545258
11,1577358000,1388,1909,521,3297,52,0.06213659982058115,1.4749961876077142
11,1577372400,836,1432,596,2268,52,0.1835625698203692,0.6388063393155716
11,1577386800,873,3085,2212,3958,52,2.799887470082469,2.0121404924873123
11,1577401200,589,1163,574,1752,52,0.14794428528709805,0.21949247953059056
11,1577415600,118,213,95,331,52,-0.627562909778215,-0.9352458823966538
11,1577430000,514,452,0,966,52,-0.7813691384446132,-0.4192297952581597
11,1577444400,1391,2050,659,3441,52,0.2855603846201912,1.5920140089430577
11,1577458800,760,1495,735,2255,52,0.40860536755330973,0.6282422304450198
11,1577473200,829,3214,2385,4043,52,3.0799767075486466,2.0812135120255357
11,1577487600,668,1312,644,1980,52,0.2612751906202336,0.4047706966448845
