remote_unit_id,time_stamp,entries,exits,num_people_exited,sum_exit_entry,week_num,z_score_num_people_exited,z_score_sum_exit_entry
164,1546300800,0,0,0,0,1,-0.6854555507579073,-1.3003771655152034
164,1546315200,150,110,0,260,1,-0.6854555507579073,-0.8091595562919427
164,1546329600,23,52,29,75,1,-0.2725550261173875,-1.1586797782392628
164,1546344000,112,182,70,294,1,0.3112008880295543,-0.7449234073935164
164,1546358400,288,393,105,681,1,0.8095291074232851,-0.013764889049662892
164,1546372800,582,252,0,834,1,-0.6854555507579073,0.2752977809932559
164,1546387200,166,99,0,265,1,-0.6854555507579073,-0.79971306380688
164,1546401600,20,18,0,38,1,-0.6854555507579073,-1.228583822628727
164,1546416000,129,282,153,411,1,1.4929506654489733,-0.523875483243049
164,1546430400,527,676,149,1203,1,1.4359988689468326,0.9724489263908835
164,1546444800,592,414,0,1006,1,-0.6854555507579073,0.600257122479413
164,1546459200,882,721,0,1603,1,-0.6854555507579073,1.7281683251959001
164,1546473600,457,165,0,622,1,-0.6854555507579073,-0.1252335003734028
164,1546488000,20,23,3,43,1,-0.6427417033813019,-1.219137330143664
164,1546502400,134,296,162,430,1,1.6210922075787897,-0.48797881179981073
164,1546516800,591,757,166,1348,1,1.6780440040809304,1.246397208457702
164,1546531200,664,430,0,1094,1,-0.6854555507579073,0.7665153902165166
164,1546545600,956,898,0,1854,1,-0.6854555507579073,2.202382247946048
164,1546560000,652,191,0,843,1,-0.6854555507579073,0.29230146746636876
164,1546574400,20,23,3,43,1,-0.6427417033813019,-1.219137330143664
164,1546588800,129,329,200,458,1,2.162134274349126,-0.43507845388345956
164,1546603200,563,760,197,1323,1,2.1194204269725203,1.1991647460323884
164,1546617600,683,406,0,1089,1,-0.6854555507579073,0.7570688977314539
164,1546632000,947,808,0,1755,1,-0.6854555507579073,2.0153416967418067
164,1546646400,442,191,0,633,1,-0.6854555507579073,-0.10445121690626487
164,1546660800,50,31,0,81,1,-0.6854555507579073,-1.1473439872571876
164,1546675200,33,83,50,116,1,0.02644190551885098,-1.0812185398617487
164,1546689600,213,331,118,544,1,0.9946224460552424,-0.27259878314038105
164,1546704000,424,491,67,915,1,0.2684870406529488,0.42833095925127174
164,1546718400,606,494,0,1100,1,-0.6854555507579073,0.7778511811985919
164,1546732800,639,169,0,808,1,-0.6854555507579073,0.22617602007092982
164,1546747200,30,31,1,61,1,-0.6712176016323722,-1.1851299571974383
164,1546761600,27,55,28,82,1,-0.2867929752429227,-1.145454688760175
164,1546776000,172,275,103,447,1,0.7810532091722148,-0.4558607373505975
164,1546790400,395,418,23,813,1,-0.3579827208705985,0.23562251255599254
164,1546804800,418,315,0,733,1,-0.6854555507579073,0.08447863279498925
164,1546819200,165,135,0,300,1,-0.6854555507579073,-0.7335876164114411
164,1546833600,15,23,8,38,1,-0.571551957753626,-1.228583822628727
164,1546848000,143,366,223,509,1,2.489607104236435,-0.33872423053581996
164,1546862400,599,763,164,1362,1,1.6495681058298601,1.2728473874158777
164,1546876800,686,413,0,1099,1,-0.6854555507579073,0.7759618827015793
164,1546891200,896,799,0,1695,1,-0.6854555507579073,1.9019837869210539
164,1546905600,494,186,0,680,2,-0.6997287378945508,-0.2631911020423803
164,1546920000,20,19,0,39,2,-0.6997287378945508,-1.365841405370261
164,1546934400,146,361,215,507,2,1.6588194155910012,-0.5607862697112155
164,1546948800,622,773,151,1395,2,0.956739965251116,0.9667542441033838
164,1546963200,622,447,0,1069,2,-0.6997287378945508,0.4059679743921683
164,1546977600,1041,840,0,1881,2,-0.6997287378945508,1.8027730388262388
164,1546992000,459,205,0,664,2,-0.6997287378945508,-0.2907143545435442
164,1547006400,32,23,0,55,2,-0.6997287378945508,-1.338318152869097
164,1547020800,141,391,250,532,2,2.0427691149956257,-0.5177811876781468
164,1547035200,621,760,139,1381,2,0.8251000683123875,0.9426713981648653
164,1547049600,646,473,0,1119,2,-0.6997287378945508,0.4919781384583056
164,1547064000,1074,797,0,1871,2,-0.6997287378945508,1.7855710060130114
164,1547078400,435,225,0,660,2,-0.6997287378945508,-0.2975951676688352
164,1547092800,53,25,0,78,2,-0.6997287378945508,-1.298753477398674
164,1547107200,138,384,246,522,2,1.9988891493493832,-0.5349832204913743
164,1547121600,667,834,167,1501,2,1.1322598278360874,1.149095791923595
164,1547136000,675,438,0,1113,2,-0.6997287378945508,0.48165691877036915
164,1547150400,1119,921,0,2040,2,-0.6997287378945508,2.0762853605565557
164,1547164800,714,246,0,960,2,-0.6997287378945508,0.21846581672798887
164,1547179200,23,22,0,45,2,-0.6997287378945508,-1.3555201856823247
164,1547193600,120,359,239,479,2,1.9220992094684581,-0.6089519615882524
164,1547208000,579,822,243,1401,2,1.965979175114701,0.9770754637913203
164,1547222400,667,461,0,1128,2,-0.6997287378945508,0.5074599679902103
164,1547236800,1089,856,0,1945,2,-0.6997287378945508,1.9128660488308946
164,1547251200,605,191,0,796,2,-0.6997287378945508,-0.06364752140894164
164,1547265600,37,38,1,75,2,-0.6887587464829901,-1.3039140872426422
164,1547280000,42,71,29,113,2,-0.3815989869592903,-1.2385463625523778
164,1547294400,231,352,121,583,2,0.6276402229042948,-0.43005082033068676
164,1547308800,430,554,124,984,2,0.6605501971389769,0.2597506954797348
164,1547323200,614,501,0,1115,2,-0.6997287378945508,0.48509732533301464
164,1547337600,491,160,0,651,2,-0.6997287378945508,-0.31307699720073995
164,1547352000,168,31,0,199,2,-0.6997287378945508,-1.0906088803586216
164,1547366400,29,63,34,92,2,-0.32674902990148674,-1.2746706314601555
164,1547380800,172,300,128,472,2,0.7044301627852197,-0.6209933845575116
164,1547395200,394,590,196,984,2,1.4503895787713479,0.2597506954797348
164,1547409600,458,340,0,798,2,-0.6997287378945508,-0.06020711484629614
164,1547424000,214,99,0,313,2,-0.6997287378945508,-0.8945057062878284
164,1547438400,21,23,2,44,2,-0.6777887550714293,-1.3572403889636473
164,1547452800,149,342,193,491,2,1.4174796045366658,-0.5883095222123794
164,1547467200,614,815,201,1429,2,1.5052395358291513,1.0252411556683572
164,1547481600,580,419,0,999,2,-0.6997287378945508,0.285553744699576
164,1547496000,1005,778,0,1783,2,-0.6997287378945508,1.6341931172566095
164,1547510400,447,221,0,668,3,-0.7262282525589921,-0.2751011184575523
164,1547524800,21,28,7,49,3,-0.6451993697307783,-1.3551492727401628
164,1547539200,143,370,227,513,3,1.9014226620130878,-0.5455493638756534
164,1547553600,630,736,106,1366,3,0.5007805445539615,0.9427883996188
164,1547568000,627,446,0,1073,3,-0.7262282525589921,0.43155397440909915
164,1547582400,1100,805,0,1905,3,-0.7262282525589921,1.8832503627178747
164,1547596800,536,231,0,767,3,-0.7262282525589921,-0.1023632068679264
164,1547611200,31,26,0,57,3,-0.7262282525589921,-1.3411906536218092
164,1547625600,164,374,210,538,3,1.7046382322874256,-0.5019286791307984
164,1547640000,642,847,205,1489,3,1.6467604588387013,1.1574021685634868
164,1547654400,750,534,0,1284,3,-0.7262282525589921,0.7997125536556755
164,1547668800,1161,974,0,2135,3,-0.7262282525589921,2.284560662370541
164,1547683200,714,255,0,969,3,-0.7262282525589921,0.2500919258705022
164,1547697600,45,23,0,68,3,-0.7262282525589921,-1.321997552334073
164,1547712000,148,357,209,505,3,1.6930626775976807,-0.5595079829940071
164,1547726400,618,782,164,1400,3,1.1721627165591626,1.0021125308718029
164,1547740800,674,484,0,1158,3,-0.7262282525589921,0.5798643025416063
164,1547755200,1166,842,0,2008,3,-0.7262282525589921,2.0629675838666772
164,1547769600,588,260,0,848,3,-0.7262282525589921,0.03896781170540389
164,1547784000,28,27,0,55,3,-0.7262282525589921,-1.3446803084013976
164,1547798400,132,377,245,509,3,2.1097826464284952,-0.5525286734348303
164,1547812800,622,814,192,1436,3,1.4962782478720182,1.064926316904394
164,1547827200,699,447,0,1146,3,-0.7262282525589921,0.5589263738640758
164,1547841600,971,886,0,1857,3,-0.7262282525589921,1.799498648007753
164,1547856000,602,215,0,817,3,-0.7262282525589921,-0.015121837378216343
164,1547870400,39,40,1,79,3,-0.7146526978692473,-1.3028044510463368
164,1547884800,37,91,54,128,3,-0.10114829931277047,-1.217307908946421
164,1547899200,284,527,243,811,3,2.0866315370490054,-0.02559080171698155
164,1547913600,494,657,163,1151,3,1.1605871618694177,0.5676505108130468
164,1547928000,650,628,0,1278,3,-0.7262282525589921,0.7892435893169103
164,1547942400,871,186,0,1057,3,-0.7262282525589921,0.40363673617239193
164,1547956800,49,46,0,95,3,-0.7262282525589921,-1.2748872128096296
164,1547971200,35,55,20,90,3,-0.4947171587640952,-1.2836113497586006
164,1547985600,154,302,148,456,3,0.9869538415232451,-0.6450045250939229
164,1548000000,394,513,119,907,3,0.6512627555206445,0.14191262770326174
164,1548014400,496,337,0,833,3,-0.7262282525589921,0.012795400858490874
164,1548028800,204,137,0,341,3,-0.7262282525589921,-0.8456596749202561
164,1548043200,40,117,77,157,3,0.16508945855136098,-1.166707914642389
164,1548057600,67,145,78,212,3,0.17666501324110584,-1.070742408203708
164,1548072000,245,404,159,649,3,1.1142849431104385,-0.30825283886364213
164,1548086400,412,420,8,832,3,-0.6336238150410334,0.011050573468696673
164,1548100800,508,474,0,982,3,-0.7262282525589921,0.27277468193782684
164,1548115200,338,96,0,434,4,-0.6501661605255963,-0.645104561679444
164,1548129600,16,17,1,33,4,-0.6373204887415252,-1.354056594458772
164,1548144000,151,239,88,390,4,0.48025295647265637,-0.7228948096652057
164,1548158400,627,798,171,1425,4,1.5464437145505536,1.106943978181688
164,1548172800,584,454,0,1038,4,-0.6501661605255963,0.42274338794328437
164,1548187200,1027,757,0,1784,4,-0.6501661605255963,1.7416416833382435
164,1548201600,634,214,0,848,4,-0.6501661605255963,0.08683095345931353
164,1548216000,26,28,2,54,4,-0.6244748169574542,-1.3169294306473858
164,1548230400,145,311,166,456,4,1.4822153556301985,-0.6062094376865631
164,1548244800,669,781,112,1450,4,0.7885490792903617,1.1511429827190527
164,1548259200,598,455,0,1053,4,-0.6501661605255963,0.4492627906657031
164,1548273600,999,763,0,1762,4,-0.6501661605255963,1.7027465593453628
164,1548288000,478,231,0,709,4,-0.6501661605255963,-0.15891551176843355
164,1548302400,18,25,7,43,4,-0.5602464580370989,-1.336376992643826
164,1548316800,149,314,165,463,4,1.4693696838461274,-0.593833716416101
164,1548331200,658,768,110,1426,4,0.7628577357222195,1.1087119383631827
164,1548345600,590,510,0,1100,4,-0.6501661605255963,0.5323569191959485
164,1548360000,1012,830,0,1842,4,-0.6501661605255963,1.8441833738649296
164,1548374400,712,234,0,946,4,-0.6501661605255963,0.2600910512457827
164,1548388800,23,28,5,51,4,-0.585937801605241,-1.3222333111918694
164,1548403200,141,288,147,429,4,1.2381475917328484,-0.6539443625869169
164,1548407672,287,213,0,500,4,-0.6501661605255963,-0.5284191897008015
164,1548408314,36,18,0,54,4,-0.6501661605255963,-1.3169294306473858
164,1548417600,397,741,344,1138,4,3.7687449331948457,0.5995394060927427
164,1548432000,646,462,0,1108,4,-0.6501661605255963,0.5465006006479052
164,1548446400,1026,830,0,1856,4,-0.6501661605255963,1.8689348164058537
164,1548460800,788,244,0,1032,4,-0.6501661605255963,0.41213562685431687
164,1548475200,46,38,0,84,4,-0.6501661605255963,-1.2638906252025481
164,1548489600,40,98,58,138,4,0.09488280295052479,-1.1684207754018407
164,1548504000,241,412,171,653,4,1.5464437145505536,-0.2579212819321302
164,1548518400,530,615,85,1145,4,0.4417159411204432,0.6119151273632047
164,1548532800,667,531,0,1198,4,-0.6501661605255963,0.7056170169824177
164,1548547200,676,213,0,889,4,-0.6501661605255963,0.15931732090059145
164,1548561600,36,48,12,84,4,-0.49601809911674366,-1.2638906252025481
164,1548576000,30,68,38,98,4,-0.16203063273089627,-1.239139182661624
164,1548590400,197,327,130,524,4,1.0197711714036404,-0.48598814534493145
164,1548604800,447,504,57,951,4,0.08203713116645373,0.26893085215325563
164,1548619200,501,412,0,913,4,-0.6501661605255963,0.20174836525646145
164,1548633600,182,160,0,342,4,-0.6501661605255963,-0.8077568983769456
164,1548648000,18,26,8,44,4,-0.5474007862530279,-1.3346090324623314
164,1548662400,148,328,180,476,4,1.6620547606071931,-0.5708502340566715
164,1548676800,618,788,170,1406,4,1.5335980427664826,1.073352734733291
164,1548691200,534,440,0,974,4,-0.6501661605255963,0.30959393632763105
164,1548705600,980,828,0,1808,4,-0.6501661605255963,1.7840727276941135
164,1548720000,479,209,0,688,5,-0.6819487026899242,-0.26256623829945475
164,1548734400,29,30,1,59,5,-0.6710533712017772,-1.282895248574056
164,1548748800,146,310,164,456,5,1.1048856613661735,-0.6389038064770501
164,1548763200,653,762,109,1415,5,0.5056424295180919,0.916732951636372
164,1548777600,658,446,0,1104,5,-0.6819487026899242,0.4122459529155438
164,1548792000,1082,828,0,1910,5,-0.6819487026899242,1.7196945733946032
164,1548806400,649,250,0,899,5,-0.6819487026899242,0.07970629137930652
164,1548820800,21,20,0,41,5,-0.6819487026899242,-1.312093853001628
164,1548835200,142,398,256,540,5,2.1072561582756917,-0.5026436524817138
164,1548849600,638,899,261,1537,5,2.161732815716426,1.1146346038676938
164,1548864000,682,456,0,1138,5,-0.6819487026899242,0.46739887238984656
164,1548878400,1153,804,0,1957,5,-0.6819487026899242,1.7959353738443746
164,1548892800,810,229,0,1039,5,-0.6819487026899242,0.30680654803820023
164,1548907200,20,17,0,37,5,-0.6819487026899242,-1.3185824317633106
164,1548921600,152,368,216,520,5,1.671442898749814,-0.5350865462901272
164,1548936000,576,812,236,1388,5,1.8893495285127528,0.872935044995014
164,1548950400,589,422,0,1011,5,-0.6819487026899242,0.2613864967064215
164,1548964800,1048,873,0,1921,5,-0.6819487026899242,1.7375381649892305
164,1548979200,793,231,0,1024,5,-0.6819487026899242,0.2824743776818902
164,1548993600,31,31,0,62,5,-0.6819487026899242,-1.2780288145027938
164,1549008000,136,399,263,535,5,2.1835234786927202,-0.5107543759338172
164,1549011204,139,184,45,323,5,-0.19165878572331205,-0.8546490503029991
164,1549022400,602,737,135,1339,5,0.7889210482099123,0.7934499551644011
164,1549036800,774,461,0,1235,5,-0.6819487026899242,0.6247469073606515
164,1549051200,1004,827,0,1831,5,-0.6819487026899242,1.5915451428513705
164,1549065600,1423,805,0,2228,5,-0.6819487026899242,2.235536584948376
164,1549080000,37,29,0,66,5,-0.6819487026899242,-1.2715402357411112
164,1549094400,43,77,34,120,5,-0.31150743209292836,-1.183944422458395
164,1549108800,245,407,162,652,5,1.0830949983898794,-0.32096344715459885
164,1549121877,3,175,172,178,5,1.1920483132713489,-1.0898600304139963
164,1549123200,495,498,3,993,5,-0.6492627082254834,0.23218789227884945
164,1549137600,601,448,0,1049,5,-0.6819487026899242,0.32302799494240697
164,1549152000,489,202,0,691,5,-0.6819487026899242,-0.2576998042281928
164,1549166400,160,39,0,199,5,-0.6819487026899242,-1.0557949919151621
164,1549180800,31,63,32,94,5,-0.3332980950692222,-1.2261201844093326
164,1549195200,179,303,124,482,5,0.6690724018402959,-0.5967280445261127
164,1549209600,335,443,108,778,5,0.49474709802994493,-0.1165732161615945
164,1549224000,394,304,0,698,5,-0.6819487026899242,-0.24634479139524806
164,1549238400,191,122,0,313,5,-0.6819487026899242,-0.8708704972072059
164,1549252800,17,15,0,32,5,-0.6819487026899242,-1.326693155215414
164,1549267200,132,345,213,477,5,1.6387569042853734,-0.604838767978216
164,1549281600,587,807,220,1394,5,1.715024224702402,0.8826679131375379
164,1549296000,653,441,0,1094,5,-0.6819487026899242,0.3960245060113371
164,1549310400,953,894,0,1847,5,-0.6819487026899242,1.6174994578981012
164,1549324800,365,244,0,609,6,-0.6082785386505075,-0.33858935533048407
164,1549339200,24,23,0,47,6,-0.6082785386505075,-1.2496357215724185
164,1549353600,137,266,129,403,6,1.0099876927272178,-0.6725316176896273
164,1549368000,663,675,12,1338,6,-0.457742145033975,0.8431771944744451
164,1549382400,539,442,0,981,6,-0.6082785386505075,0.2644520116481629
164,1549396800,953,862,0,1815,6,-0.6082785386505075,1.6164318505196456
164,1549411200,560,210,0,770,6,-0.6082785386505075,-0.07759564542843524
164,1549425600,32,23,0,55,6,-0.6082785386505075,-1.2366670900244905
164,1549440000,150,409,259,559,6,2.6407986235729872,-0.4196433025050334
164,1549454400,673,828,155,1501,6,1.3361498788963717,1.107413062263476
164,1549468800,661,489,0,1150,6,-0.6082785386505075,0.5384143530981397
164,1549483200,1114,868,0,1982,6,-0.6082785386505075,1.8871520340826402
164,1549497600,997,275,0,1272,6,-0.6082785386505075,0.73618598420404
164,1549512000,29,18,0,47,6,-0.6082785386505075,-1.2496357215724185
164,1549526400,149,346,197,495,6,1.8630272565542356,-0.5233923548884565
164,1549540800,688,854,166,1542,6,1.47414157304486,1.1738772989466064
164,1549555200,672,507,0,1179,6,-0.6082785386505075,0.5854256424593782
164,1549569600,1073,819,0,1892,6,-0.6082785386505075,1.7412549291684514
164,1549584000,665,235,0,900,6,-0.6082785386505075,0.133144617225393
164,1549598400,28,28,0,56,6,-0.6082785386505075,-1.2350460110809995
164,1549609646,35,58,23,93,6,-0.31975045088548676,-1.175066090171833
164,1549609647,23,89,66,112,6,0.21967162624042164,-1.1442655902455043
164,1549612800,151,297,146,448,6,1.2232475836839722,-0.5995830652325329
164,1549627200,641,927,286,1568,6,2.9795055092101856,1.216025351477372
164,1549628524,30,23,0,53,6,-0.6082785386505075,-1.2399092479114726
164,1549641600,761,524,0,1285,6,-0.6082785386505075,0.7572600104694228
164,1549656000,1133,922,0,2055,6,-0.6082785386505075,2.0054907969574822
164,1549670400,725,209,0,934,6,-0.6082785386505075,0.18826130130408655
164,1549684800,44,38,0,82,6,-0.6082785386505075,-1.192897958550234
164,1549699200,44,84,40,128,6,-0.10649055992873228,-1.1183283271496485
164,1549713600,269,395,126,664,6,0.9723535943230847,-0.24943001343847981
164,1549728000,507,514,7,1021,6,-0.5204656423741969,0.3292951693878024
164,1549742400,614,522,0,1136,6,-0.6082785386505075,0.5157192478892658
164,1549756800,703,150,0,853,6,-0.6082785386505075,0.05695390688131665
164,1549771200,50,43,0,93,6,-0.6082785386505075,-1.175066090171833
164,1549785600,33,52,19,85,6,-0.3699292487576643,-1.1880347217197609
164,1549800000,202,302,100,504,6,0.6461914081539306,-0.5088026443970376
164,1549814400,431,468,37,899,6,-0.14412465833286542,0.13152353828190202
164,1549828800,557,326,0,883,6,-0.6082785386505075,0.10558627518604624
164,1549843200,173,108,0,281,6,-0.6082785386505075,-0.8703032487955277
164,1549857600,15,29,14,44,6,-0.43265274609788623,-1.2544989584028914
164,1549872000,150,345,195,495,6,1.8379378576181469,-0.5233923548884565
164,1549886400,631,836,205,1467,6,1.9633848522985908,1.0522963781847823
164,1549900800,653,455,0,1108,6,-0.6082785386505075,0.4703290374715182
164,1549915200,1052,868,0,1920,6,-0.6082785386505075,1.786645139586199
164,1549929600,391,175,0,566,7,-0.5636753664049502,-0.4424350288857493
164,1549944000,23,22,0,45,7,-0.5636753664049502,-1.3436976710453066
164,1549958400,160,343,183,503,7,1.5033135964712174,-0.5514168838877688
164,1549972800,638,840,202,1478,7,1.7179190079173767,1.1352070625720554
164,1549987200,701,421,0,1122,7,-0.5636753664049502,0.5193730882749299
164,1550001600,1037,804,0,1841,7,-0.5636753664049502,1.7631501318694054
164,1550016000,623,223,0,846,7,-0.5636753664049502,0.041928771123225815
164,1550030400,22,19,0,41,7,-0.5636753664049502,-1.3506171539025777
164,1550044800,170,325,155,495,7,1.1870529901295086,-0.5652558496023109
164,1550059200,687,1102,415,1789,7,4.123758620445375,1.6731968547248814
164,1550073600,718,521,0,1239,7,-0.5636753664049502,0.7217679618501088
164,1550088000,1120,887,0,2007,7,-0.5636753664049502,2.050308670446155
164,1550102400,600,249,0,849,7,-0.5636753664049502,0.04711838326617912
164,1550116800,24,19,0,43,7,-0.5636753664049502,-1.3471574124739423
164,1550131200,156,374,218,530,7,1.8986393543983533,-0.504710374601189
164,1550145600,681,800,119,1481,7,0.7804322105473118,1.1403966747150087
164,1550160000,713,470,0,1183,7,-0.5636753664049502,0.6248952018483137
164,1550174400,1069,918,0,1987,7,-0.5636753664049502,2.0157112561597996
164,1550188800,750,219,0,969,7,-0.5636753664049502,0.2547028689843113
164,1550203200,36,24,0,60,7,-0.5636753664049502,-1.3177496103305402
164,1550217600,140,328,188,468,7,1.5597887047465224,-0.6119623588888906
164,1550232000,642,845,203,1487,7,1.7292140295724379,1.1507758990009154
164,1550246400,726,489,0,1215,7,-0.5636753664049502,0.6802510647064823
164,1550260800,1042,729,0,1771,7,-0.5636753664049502,1.6420591818671615
164,1550275200,575,199,0,774,7,-0.5636753664049502,-0.0826219203076535
164,1550289600,42,35,0,77,7,-0.5636753664049502,-1.288341808187138
164,1550304000,51,83,32,134,7,-0.2022346734429974,-1.1897391774710253
164,1550318400,256,341,85,597,7,0.3964014742752369,-0.3888090367418985
164,1550332800,471,498,27,969,7,-0.2587097817183025,0.2547028689843113
164,1550347200,646,496,0,1142,7,-0.5636753664049502,0.5539705025612852
164,1550361600,719,173,0,892,7,-0.5636753664049502,0.12150282398184316
164,1550376000,42,46,4,88,7,-0.5184952797847061,-1.2693132303296426
164,1550390400,31,46,15,77,7,-0.3942500415790348,-1.288341808187138
164,1550404800,198,287,89,485,7,0.441581560895481,-0.5825545567454886
164,1550419200,421,430,9,851,7,-0.46202017150940095,0.05057812469481466
164,1550433600,492,383,0,875,7,-0.5636753664049502,0.0920950218384411
164,1550448000,402,117,0,519,7,-0.5636753664049502,-0.5237389524586844
164,1550462400,21,28,7,49,7,-0.484610214819523,-1.3367781881880356
164,1550476800,82,140,58,222,7,0.09143588958858924,-1.0375105546110617
164,1550491200,295,356,61,651,7,0.12532095455377232,-0.295396018168739
164,1550505600,447,473,26,920,7,-0.2700048033733635,0.16993920398274068
164,1550520000,616,561,0,1177,7,-0.5636753664049502,0.6145159775624072
164,1550534400,589,149,0,738,8,-0.6440980917307274,-0.3257029612699732
164,1550548800,26,20,0,46,8,-0.6440980917307274,-1.4798046853518414
164,1550563200,135,218,83,353,8,0.7581351309223973,-0.9677971285698566
164,1550577600,687,747,60,1434,8,0.3695644788618928,0.8350698710435821
164,1550592000,628,450,0,1078,8,-0.6440980917307274,0.24134123842343025
164,1550606400,924,804,0,1728,8,-0.6440980917307274,1.3253963260725838
164,1550620800,587,247,0,834,8,-0.6440980917307274,-0.16559636370948283
164,1550635200,25,24,0,49,8,-0.6440980917307274,-1.4748013541780762
164,1550649600,129,232,103,361,8,1.0960226544532707,-0.9544549121064824
164,1550664000,642,724,82,1366,8,0.7412407547458535,0.7216610311049014
164,1550678400,629,480,0,1109,8,-0.6440980917307274,0.29304232721900525
164,1550692800,1014,882,0,1896,8,-0.6440980917307274,1.6055828718034422
164,1550707200,956,219,0,1175,8,-0.6440980917307274,0.4031156130418424
164,1550721600,28,20,0,48,8,-0.6440980917307274,-1.4764691312359979
164,1550736000,140,254,114,394,8,1.281860792395251,-0.8994182691950638
164,1550750400,645,858,213,1503,8,2.9544040338730744,0.9501464880401845
164,1550764800,571,465,0,1036,8,-0.6440980917307274,0.1712946019907157
164,1550779200,992,823,0,1815,8,-0.6440980917307274,1.4704929301117784
164,1550793600,535,249,0,784,8,-0.6440980917307274,-0.24898521660557157
164,1550808000,23,27,4,50,8,-0.5765205870245528,-1.4731335771201544
164,1550822400,120,248,128,368,8,1.5183820588668624,-0.9427804727010299
164,1550836800,600,728,128,1328,8,1.5183820588668624,0.658285502903874
164,1550851200,616,494,0,1110,8,-0.6440980917307274,0.29471010427692707
164,1550865600,1011,785,0,1796,8,-0.6440980917307274,1.4388051660112646
164,1551484800,7659,9295,1636,16954,9,4.208958731106044,4.212697845849494
164,1551499200,33,36,3,69,9,-0.32388967396258594,-0.38451102889863825
164,1551513600,44,87,43,131,9,-0.21285848216666114,-0.36763054620782487
164,1551528000,266,412,146,678,9,0.07304683670784526,-0.21870112633887442
164,1551542400,490,616,126,1106,9,0.017531240809882852,-0.10217134260229162
164,1551556800,616,522,0,1138,9,-0.3322170133472803,-0.09345883540703309
164,1551571200,609,130,0,739,9,-0.3322170133472803,-0.20209290949791286
164,1551585600,46,34,0,80,9,-0.3322170133472803,-0.38151610455026813
164,1551600000,42,49,7,91,9,-0.3127865547829935,-0.378521180201898
164,1551614400,173,296,123,469,9,0.009203901425188489,-0.2756046889579067
164,1551628800,408,445,37,853,9,-0.22951316093604987,-0.17105460261480435
164,1551643200,554,311,0,865,9,-0.3322170133472803,-0.1677874124165824
164,1551657600,206,126,0,332,9,-0.3322170133472803,-0.31290511038760727
164,1551672000,17,32,15,49,9,-0.2905803164238085,-0.38995634589567485
164,1551686400,145,179,34,324,9,-0.23784050032074422,-0.3150832371864219
164,1551700800,565,608,43,1173,9,-0.21285848216666114,-0.08392953066221907
164,1551713870,410,372,0,782,9,-0.3322170133472803,-0.1903854779542842
164,1551715200,320,372,52,692,9,-0.18787646401257804,-0.2148894044409488
164,1551729600,805,814,9,1619,9,-0.30723499519319725,0.037501038371696646
164,1551744000,474,200,0,674,10,-0.5973269952188506,-0.3785190723125114
164,1551758400,34,22,0,56,10,-0.5973269952188506,-1.3979049449980838
164,1551772800,195,399,204,594,10,1.9966404123002126,-0.5104784085824884
164,1551787200,668,804,136,1472,10,1.1319846097938582,0.9377753069805091
164,1551801600,688,474,0,1162,10,-0.5973269952188506,0.4264328789343483
164,1551816000,1145,919,0,2064,10,-0.5973269952188506,1.9142743953783392
164,1551830400,489,242,0,731,10,-0.5973269952188506,-0.2844980452201528
164,1551844800,22,21,0,43,10,-0.5973269952188506,-1.419348337141955
164,1551859200,166,361,195,527,10,1.882200673733195,-0.6209943527085942
164,1551873600,714,878,164,1592,10,1.488019352002357,1.1357143113854746
164,1551888000,712,479,0,1191,10,-0.5973269952188506,0.47426813833221493
164,1551902400,1185,904,0,2089,10,-0.5973269952188506,1.955511687962707
164,1551916800,847,266,0,1113,10,-0.5973269952188506,0.34560778546898735
164,1551931200,20,32,12,52,10,-0.4447406771294939,-1.4045029118115826
164,1551945600,158,386,228,544,10,2.301813048478926,-0.592952993751224
164,1551960000,709,824,115,1533,10,0.864958553137484,1.0383943008863665
164,1551974400,722,539,0,1261,10,-0.5973269952188506,0.5897325575684448
164,1551988800,1195,904,0,2099,10,-0.5973269952188506,1.972006604996454
164,1552003200,882,271,0,1153,10,-0.5973269952188506,0.41158745360397586
164,1552017600,56,37,0,93,10,-0.5973269952188506,-1.3368737519732194
164,1552032000,140,340,200,480,10,1.945778306270427,-0.6985204627672056
164,1552046400,694,825,131,1519,10,1.0684069772566263,1.0153014170391206
164,1552060800,757,563,0,1320,10,-0.5973269952188506,0.6870525680675529
164,1552075200,998,939,0,1937,10,-0.5973269952188506,1.7047889490497505
164,1552089600,738,215,0,953,10,-0.5973269952188506,0.08168911292903337
164,1552104000,61,40,0,101,10,-0.5973269952188506,-1.3236778183462217
164,1552118400,46,75,29,121,10,-0.22857672650290528,-1.2906879842787273
164,1552132800,286,377,91,663,10,0.5597859169587708,-0.3966634810496332
164,1552147200,556,496,0,1052,10,-0.5973269952188506,0.24498879156312992
164,1552161600,657,499,0,1156,10,-0.5973269952188506,0.4165359287141
164,1552176000,637,205,0,842,10,-0.5973269952188506,-0.10140446614555972
164,1552194000,56,50,0,106,10,-0.5973269952188506,-1.3154303598293482
164,1552208400,59,90,31,149,10,-0.20314567348801252,-1.2445022165842354
164,1552222800,272,327,55,599,10,0.1020269626907008,-0.5022309500656148
164,1552237200,485,447,0,932,10,-0.5973269952188506,0.04704978715816441
164,1552251600,484,226,0,710,10,-0.5973269952188506,-0.31913737099102174
164,1552266000,132,88,0,220,10,-0.5973269952188506,-1.1273883056446308
164,1552280400,10,23,13,33,10,-0.4320251506220475,-1.435843254175702
164,1552294800,396,689,293,1085,10,3.1283222714629413,0.2994220177744954
164,1552309200,526,602,76,1128,10,0.36905301934707496,0.37035016101960805
164,1552323600,784,460,0,1244,10,-0.5973269952188506,0.5616911986110747
164,1552338000,855,698,0,1553,10,-0.5973269952188506,1.0713841349538609
164,1552352400,302,134,0,436,11,-0.6363145542823374,-0.8212002289664218
164,1552366800,14,22,8,36,11,-0.5346010955578534,-1.5787317382260246
164,1552381200,425,657,232,1082,11,2.3133757487276982,0.4022131584878368
164,1552395600,548,660,112,1208,11,0.7876738678604385,0.6408355839046117
164,1552410000,838,483,0,1321,11,-0.6363145542823374,0.8548382352704496
164,1552424400,927,801,0,1728,11,-0.6363145542823374,1.6256265459420953
164,1552438800,462,128,0,590,11,-0.6363145542823374,-0.5295505979014747
164,1552453200,19,20,1,39,11,-0.6236003719417769,-1.5730502519065777
164,1552467600,439,663,224,1102,11,2.2116622900032143,0.44008973395081696
164,1552482000,534,699,165,1233,11,1.4615255319101448,0.6881813032333369
164,1552496400,921,510,0,1431,11,-0.6363145542823374,1.0631594003168403
164,1552510800,951,813,0,1764,11,-0.6363145542823374,1.6938043817754598
164,1552525200,578,117,0,695,11,-0.6363145542823374,-0.330698576720829
164,1552539600,11,28,17,39,11,-0.4201734544928089,-1.5730502519065777
164,1552554000,401,623,222,1024,11,2.1862339253220933,0.29237108964519437
164,1552568400,591,678,87,1269,11,0.469819309346426,0.7563591390667012
164,1552582800,905,529,0,1434,11,-0.6363145542823374,1.0688408866362873
164,1552597200,966,671,0,1637,11,-0.6363145542823374,1.4532881275855358
164,1552611600,474,140,0,614,11,-0.6363145542823374,-0.48409870734589855
164,1552626000,15,25,10,40,11,-0.5091727308767324,-1.5711564231334287
164,1552640400,354,600,246,954,11,2.4913743014955454,0.1598030755247639
164,1552654800,576,648,72,1224,11,0.27910657423801855,0.6711368442749959
164,1552669200,885,458,0,1343,11,-0.6363145542823374,0.8965024682797277
164,1552683600,856,791,0,1647,11,-0.6363145542823374,1.472226415317026
164,1552698000,671,144,0,815,11,-0.6363145542823374,-0.1034391239429481
164,1552712400,20,22,2,42,11,-0.6108861896012163,-1.5673687655871307
164,1552726800,69,232,163,301,11,1.436097167229024,-1.0768671133415377
164,1552741200,388,505,117,893,11,0.851244779563241,0.044279520362674456
164,1552755600,579,488,0,1067,11,-0.6363145542823374,0.3738057268906017
164,1552770000,553,561,8,1114,11,-0.5346010955578534,0.46281567922860506
164,1552784400,521,121,0,642,11,-0.6363145542823374,-0.43107150169772634
164,1552798800,20,25,5,45,11,-0.5727436425795349,-1.5616872792676837
164,1552813200,71,119,48,190,11,-0.026033801935433445,-1.2870821071610776
164,1552827600,425,410,0,835,11,-0.6363145542823374,-0.06556254847996795
164,1552842000,430,487,57,917,11,0.08839383912961105,0.08973141091825063
164,1552856400,353,279,0,632,11,-0.6363145542823374,-0.45000978942921643
164,1552870800,123,116,0,239,11,-0.6363145542823374,-1.194284497276776
164,1552885200,9,21,12,30,11,-0.4837443661956114,-1.5900947108649186
164,1552899600,380,594,214,974,11,2.0845204665976094,0.19767965098774404
164,1552914000,526,606,80,1132,11,0.3808200329625025,0.4969045971452872
164,1552928400,754,458,0,1212,11,-0.6363145542823374,0.6484108989972077
164,1552942800,840,714,0,1554,11,-0.6363145542823374,1.2961003394141681
164,1552957200,323,145,0,468,12,-0.7135940416474349,-0.7335900010955663
164,1552971600,9,19,10,28,12,-0.5969755601330681,-1.5755191540111086
164,1552986000,396,605,209,1001,12,1.723732222002831,0.28629235914076123
164,1553000400,510,626,116,1136,12,0.63918034391922,0.54461153105803
164,1553014800,810,491,0,1301,12,-0.7135940416474349,0.8603349634013583
164,1553029200,869,848,0,1717,12,-0.7135940416474349,1.656340707976053
164,1553043600,528,174,0,702,12,-0.7135940416474349,-0.28583676977230055
164,1553058000,11,23,12,34,12,-0.5736518638301947,-1.5640383019258968
164,1553072400,401,583,182,984,12,1.4088623219140408,0.2537632782326607
164,1553086800,566,675,109,1241,12,0.5575474068591632,0.7455264425492389
164,1553101200,843,523,0,1366,12,-0.7135940416474349,0.9847108609911543
164,1553115600,993,681,0,1674,12,-0.7135940416474349,1.574061268032034
164,1553130000,368,151,0,519,12,-0.7135940416474349,-0.6360027583712647
164,1553144400,12,22,10,34,12,-0.5969755601330681,-1.5640383019258968
164,1553158800,374,617,243,991,12,2.120235059151678,0.26715760566540797
164,1553173200,530,708,178,1238,12,1.3622149293082941,0.7397860165066329
164,1553187600,888,525,0,1413,12,-0.7135940416474349,1.0746442023253147
164,1553202000,1013,833,0,1846,12,-0.7135940416474349,1.9031790278081098
164,1553216400,514,188,0,702,12,-0.7135940416474349,-0.28583676977230055
164,1553230800,11,23,12,34,12,-0.5736518638301947,-1.5640383019258968
164,1553245200,350,592,242,942,12,2.1085732110002415,0.17339731363617714
164,1553259600,524,611,87,1135,12,0.3009867475275562,0.5426980557104946
164,1553274000,880,458,0,1338,12,-0.7135940416474349,0.9311335512601653
164,1553288400,838,720,0,1558,12,-0.7135940416474349,1.3520981277179365
164,1553302800,411,146,0,557,12,-0.7135940416474349,-0.5632906951649225
164,1553317200,24,22,0,46,12,-0.7135940416474349,-1.5410765977554728
164,1553331600,89,213,124,302,12,0.7324751291307133,-1.05122690878643
164,1553346000,316,566,250,882,12,2.201867996211735,0.058588792784057715
164,1553360400,559,542,0,1101,12,-0.7135940416474349,0.4776398938942936
164,1553374800,540,591,51,1131,12,-0.11883978592416425,0.5350441543203533
164,1553389200,559,146,0,705,12,-0.7135940416474349,-0.28009634372969455
164,1553403600,15,19,4,34,12,-0.6669466490416882,-1.5640383019258968
164,1553418000,59,125,66,184,12,0.056087936347385944,-1.2770169997955982
164,1553432400,287,507,220,794,12,1.8520125516686343,-0.10979703779905077
164,1553446800,410,498,88,908,12,0.3126485956789929,0.10833915181997614
164,1553461200,400,331,0,731,12,-0.7135940416474349,-0.23034598469377615
164,1553475600,106,91,0,197,12,-0.7135940416474349,-1.252141820277639
164,1553490000,6,18,12,24,12,-0.5736518638301947,-1.58317305540125
164,1553504400,386,613,227,999,12,1.9336454887286911,0.28246540844569057
164,1553518800,479,597,118,1076,12,0.6625040402220933,0.4298030102059105
164,1553533200,800,441,0,1241,12,-0.7135940416474349,0.7455264425492389
164,1553547600,824,620,0,1444,12,-0.7135940416474349,1.1339619380989097
164,1553562000,300,137,0,437,13,-0.6447372762873541,-0.7621901580841208
164,1553576400,11,27,16,38,13,-0.44957356022199285,-1.5328884425934854
164,1553590800,408,598,190,1006,13,1.6728318519888108,0.33687581656707816
164,1553605200,520,689,169,1209,13,1.416679474653024,0.7289854700893864
164,1553619600,824,434,0,1258,13,-0.6447372762873541,0.8236326278361504
164,1553634000,922,855,0,1777,13,-0.6447372762873541,1.8261198700926922
164,1553648400,532,176,0,708,13,-0.6447372762873541,-0.23873342850507878
164,1553662800,14,18,4,32,13,-0.5959463472710138,-1.5444778904808443
164,1553677200,380,555,175,935,13,1.4898658681775345,0.19973401656666492
164,1553691600,533,667,134,1200,13,0.9897588457600464,0.7116012982583481
164,1553706000,819,472,0,1291,13,-0.6447372762873541,0.8873745912166242
164,1553720400,954,720,0,1674,13,-0.6447372762873541,1.6271676813596985
164,1553734800,411,167,0,578,13,-0.6447372762873541,-0.48983813273118754
164,1553749200,14,21,7,35,13,-0.5593531505087586,-1.5386831665371647
164,1553763600,379,661,282,1040,13,2.795023219364638,0.40254935459544505
164,1553778000,593,666,73,1259,13,0.24569717826085663,0.8255642024840436
164,1553792400,879,472,0,1351,13,-0.6447372762873541,1.003269070090213
164,1553806800,956,662,0,1618,13,-0.6447372762873541,1.5189995010776824
164,1553821200,423,194,0,617,13,-0.6447372762873541,-0.41450672146335493
164,1553835600,13,23,10,36,13,-0.5227599537465033,-1.5367515918892716
164,1553850000,331,619,288,950,13,2.8682096128891486,0.22870763628506208
164,1553864400,517,645,128,1162,13,0.9165724522355359,0.6382014616384086
164,1553878800,878,504,0,1382,13,-0.6447372762873541,1.0631478841749002
164,1553893200,811,695,0,1506,13,-0.6447372762873541,1.3026631405136502
164,1553907600,407,158,0,565,13,-0.6447372762873541,-0.5149486031537984
164,1553922000,19,21,2,40,13,-0.620341811779184,-1.529025293297699
164,1553936400,88,145,57,233,13,0.050533462195495364,-1.1562313862543223
164,1553950800,349,483,134,832,13,0.9897588457600464,0.0007818278336710763
164,1553965200,544,451,0,995,13,-0.6447372762873541,0.31562849544025356
164,1553979600,575,428,0,1003,13,-0.6447372762873541,0.33108109262339874
164,1553994000,358,154,0,512,13,-0.6447372762873541,-0.617322059492135
164,1554008400,20,25,5,45,13,-0.5837486150169288,-1.5193674200582334
164,1554022800,43,92,49,135,13,-0.047048395837185265,-1.3455257017478504
164,1554037200,287,362,75,649,13,0.2700926427690268,-0.3526963327307743
164,1554051600,463,517,54,980,13,0.013940265433240128,0.2866548757218564
164,1554066000,491,248,0,739,13,-0.6447372762873541,-0.17885461442039133
164,1554080400,123,95,0,218,13,-0.6447372762873541,-1.1852050059727195
164,1554094800,6,21,15,27,13,-0.46177129247607795,-1.55413576372031
164,1554109200,387,623,236,1010,13,2.2339275356767243,0.34460211515865075
164,1554123600,488,605,117,1093,13,0.7823973974406,0.5049228109337817
164,1554138000,797,458,0,1255,13,-0.6447372762873541,0.817837903892471
164,1554152400,867,630,0,1497,13,-0.6447372762873541,1.2852789686826118
164,1554166800,202,149,0,351,14,-0.6603329193435208,-0.9678211912796043
164,1554181200,10,21,11,31,14,-0.5257046991497771,-1.5600397883360082
164,1554195600,419,624,205,1043,14,1.8486475479035203,0.31285152485486917
164,1554210000,534,543,9,1077,14,-0.5501825573668214,0.3757747507921121
164,1554224400,842,501,0,1343,14,-0.6603329193435208,0.8680564595952479
164,1554238800,950,794,0,1744,14,-0.6603329193435208,1.610180389031554
164,1554253200,437,181,0,618,14,-0.6603329193435208,-0.4736887993606673
164,1554267600,10,26,16,36,14,-0.4645100536071664,-1.550786372757002
164,1554278594,151,388,237,539,14,2.240293279376229,-0.619892765508967
164,1554282000,418,562,144,980,14,1.102072872283669,0.19625848855938965
164,1554296400,529,629,100,1158,14,0.5635599915086944,0.5256800831720143
164,1554310800,916,504,0,1420,14,-0.6603329193435208,1.0105590595119451
164,1554325200,921,720,0,1641,14,-0.6603329193435208,1.4195600281040242
164,1554339600,405,189,0,594,14,-0.6603329193435208,-0.5181051941398976
164,1554354000,10,29,19,39,14,-0.4277932662815999,-1.5452343234095982
164,1554368400,425,648,223,1073,14,2.068948271856919,0.36837201832890704
164,1554382800,540,629,89,1169,14,0.42893177131495075,0.5460375974458282
164,1554397200,827,555,0,1382,14,-0.6603329193435208,0.9402331011114972
164,1554411600,1089,829,0,1918,14,-0.6603329193435208,1.9321992511809738
164,1554426000,466,172,0,638,14,-0.6603329193435208,-0.43667513704464206
164,1554440400,18,38,20,56,14,-0.41555433717307777,-1.5137727104409768
164,1554454800,349,641,292,990,14,2.9134343803449476,0.2147653197174023
164,1554469200,561,628,67,1189,14,0.1596753309274634,0.5830512597618535
164,1554483600,923,566,0,1489,14,-0.6603329193435208,1.1382561945022323
164,1554498000,988,754,0,1742,14,-0.6603329193435208,1.6064790227999515
164,1554512400,679,184,0,863,14,-0.6603329193435208,-0.020271435989358034
164,1554526800,20,32,12,52,14,-0.513465770041255,-1.5211754429041817
164,1554541200,79,176,97,255,14,0.5268432041831279,-1.1454867703965255
164,1554555600,365,555,190,920,14,1.665063611275688,0.08521750161131392
164,1554570000,603,595,0,1198,14,-0.6603329193435208,0.5997074078040648
164,1554584400,607,630,23,1237,14,-0.37883754984751133,0.6718840493203141
164,1554598800,436,193,0,629,14,-0.6603329193435208,-0.45333128508685344
164,1554613200,28,50,22,78,14,-0.3910764789560335,-1.473057681893349
164,1554627600,49,101,52,150,14,-0.023908605700368898,-1.3398084975556581
164,1554642000,309,450,141,759,14,1.0653560849581025,-0.2127424800326893
164,1554656400,509,495,0,1004,14,-0.6603329193435208,0.24067488333861994
164,1554670800,468,334,0,802,14,-0.6603329193435208,-0.13316310605323503
164,1554685200,128,132,4,260,14,-0.6113772029094322,-1.1362333548175192
164,1554699600,10,25,15,35,14,-0.47674898271568855,-1.5526370558728033
164,1554714000,420,657,237,1077,14,2.240293279376229,0.3757747507921121
164,1554728400,508,603,95,1111,14,0.5023653459660836,0.438697976729355
164,1554742800,789,476,0,1265,14,-0.6603329193435208,0.7237031765627494
164,1554757200,906,719,0,1625,14,-0.6603329193435208,1.389949098251204
164,1554771600,192,127,0,319,15,-0.6153273821863404,-0.9873822581090081
164,1554786000,15,19,4,34,15,-0.5763596687341863,-1.508186664286416
164,1554800400,419,638,219,1057,15,1.518154929319097,0.36122704630827956
164,1554814800,570,669,99,1239,15,0.34912352575447375,0.6938109127092909
164,1554829200,888,473,0,1361,15,-0.6153273821863404,0.9167517462308479
164,1554843600,1033,766,0,1799,15,-0.6153273821863404,1.7171458862508642
164,1554858000,392,117,0,509,15,-0.6153273821863404,-0.6401793206574029
164,1554872400,14,16,2,30,15,-0.5958435254602634,-1.515496199811713
164,1554886800,397,669,272,1066,15,2.034477132560139,0.37767350124019766
164,1554901200,597,677,80,1274,15,0.16402688685674174,0.7577693485556392
164,1554915600,855,613,0,1468,15,-0.6153273821863404,1.1122818215325414
164,1554930000,1031,778,0,1809,15,-0.6153273821863404,1.7354197250641066
164,1554944400,519,182,0,701,15,-0.6153273821863404,-0.2893216154431492
164,1554958800,15,22,7,37,15,-0.5471338836450708,-1.5027045126424432
164,1554973200,387,646,259,1033,15,1.9078320638406383,0.31736983315649786
164,1554987600,551,682,131,1233,15,0.6608652333717067,0.6828466094213455
164,1555002000,877,476,0,1353,15,-0.6153273821863404,0.902132675180254
164,1555016400,973,757,0,1730,15,-0.6153273821863404,1.5910563984394919
164,1555030800,548,182,0,730,15,-0.6153273821863404,-0.2363274828847463
164,1555045200,10,21,11,31,15,-0.5081661701929167,-1.5136688159303888
164,1555057851,63,438,375,501,15,3.0378957539531073,-0.6547983917079968
164,1555059600,357,694,337,1051,15,2.667702476157643,0.3502627430203341
164,1555074000,555,692,137,1247,15,0.7193168035499379,0.7084299837598848
164,1555088400,891,572,0,1463,15,-0.6153273821863404,1.1031449021259203
164,1555102800,891,742,0,1633,15,-0.6153273821863404,1.4138001619510407
164,1555117200,714,121,0,835,15,-0.6153273821863404,-0.044452175345701304
164,1555131600,22,24,2,46,15,-0.5958435254602634,-1.486258057710525
164,1555146000,84,127,43,211,15,-0.19642446257568377,-1.1847397172920258
164,1555160400,306,465,159,771,15,0.9336392275367854,-0.16140474375045255
164,1555174800,508,415,0,923,15,-0.6153273821863404,0.11635760621083165
164,1555189200,596,409,0,1005,15,-0.6153273821863404,0.26620308447941915
164,1555203600,502,123,0,625,15,-0.6153273821863404,-0.4282027904237913
164,1555218000,16,31,15,47,15,-0.46919845674076255,-1.4844306738292008
164,1555232400,49,141,92,190,15,0.28093002721320404,-1.2231147787998349
164,1555246800,289,322,33,611,15,-0.29384374620606907,-0.45378616476233063
164,1555261200,424,415,0,839,15,-0.6153273821863404,-0.037142639820404354
164,1555275600,484,206,0,690,15,-0.6153273821863404,-0.3094228381377158
164,1555290000,125,94,0,219,15,-0.6153273821863404,-1.170120646241432
164,1555304400,9,19,10,28,15,-0.5179080985559552,-1.5191509675743615
164,1555318800,405,614,209,1019,15,1.420735645688712,0.2917864588179585
164,1555333200,497,717,220,1214,15,1.5278968576821357,0.648126315676185
164,1555347600,879,484,0,1363,15,-0.6153273821863404,0.9204065139934964
164,1555362000,893,714,0,1607,15,-0.6153273821863404,1.3662881810366105
164,1555376400,459,114,0,573,16,-0.5667654817415011,-0.3081579872203368
164,1555390800,11,20,9,31,16,-0.4169309290971962,-1.348086917563791
164,1555393972,8,23,15,31,16,-0.31704122733432627,-1.348086917563791
164,1555394052,1,0,0,1,16,-0.5667654817415011,-1.4056475594647202
164,1555394133,0,0,0,0,16,-0.5667654817415011,-1.4075662475280846
164,1555404715,280,551,271,831,16,3.944919381214791,0.1868635331276543
164,1555405200,430,574,144,1004,16,1.8305873605673773,0.5187965680896793
164,1555419600,558,683,125,1241,16,1.5142699716516226,0.9735256391070201
164,1555434000,828,479,0,1307,16,-0.5667654817415011,1.1001590512890642
164,1555448400,989,769,0,1758,16,-0.5667654817415011,1.9654873678663665
164,1555462800,413,162,0,575,16,-0.5667654817415011,-0.30432061109360825
164,1555477200,10,24,14,34,16,-0.33368951096147126,-1.3423308533736982
164,1555491600,433,613,180,1046,16,2.429925571144597,0.5993814667509803
164,1555506000,554,641,87,1195,16,0.8816351938201129,0.885265988192262
164,1555520400,869,470,0,1339,16,-0.5667654817415011,1.161557069316722
164,1555534800,986,780,0,1766,16,-0.5667654817415011,1.9808368723732808
164,1555549200,450,204,0,654,16,-0.5667654817415011,-0.15274425408782802
164,1555563600,17,34,17,51,16,-0.2837446600800363,-1.309713156296505
164,1555578000,421,607,186,1028,16,2.529815272907467,0.5648450816104227
164,1555592400,600,658,58,1258,16,0.39883496863290824,1.0061433361842134
164,1555606800,874,491,0,1365,16,-0.5667654817415011,1.2114429589641942
164,1555621200,940,680,0,1620,16,-0.5667654817415011,1.7007084151220924
164,1555635600,522,159,0,681,16,-0.5667654817415011,-0.10093967637699172
164,1555650000,18,23,5,41,16,-0.48352406360577616,-1.328900036930148
164,1555664400,233,316,83,549,16,0.815042059311533,-0.35420650074108023
164,1555678800,499,523,24,1022,16,-0.16720667469002137,0.5533329532302369
164,1555693200,695,508,0,1203,16,-0.5667654817415011,0.9006154926991764
164,1555707600,662,456,0,1118,16,-0.5667654817415011,0.7375270073132103
164,1555722000,357,147,0,504,16,-0.5667654817415011,-0.44054746359247404
164,1555736400,17,25,8,42,16,-0.4335792127243412,-1.3269813488667836
164,1555750800,69,124,55,193,16,0.34889011775147327,-1.0372594512987734
164,1555765200,302,360,58,662,16,0.39883496863290824,-0.13739474958091355
164,1555779600,490,363,0,853,16,-0.5667654817415011,0.22907467052166905
164,1555794000,536,415,0,951,16,-0.5667654817415011,0.4171061007313711
164,1555808400,382,139,0,521,16,-0.5667654817415011,-0.4079297665152808
164,1555822800,18,24,6,42,16,-0.46687577997863117,-1.3269813488667836
164,1555837200,63,75,12,138,16,-0.36698607821576124,-1.1427872947838102
164,1555851600,254,266,12,520,16,-0.36698607821576124,-0.4098484545786451
164,1555866000,383,318,0,701,16,-0.5667654817415011,-0.06256591510970559
164,1555880400,347,258,0,605,16,-0.5667654817415011,-0.24675996919267904
164,1555894800,93,103,10,196,16,-0.4002826454700512,-1.0315033871086805
164,1555909200,8,24,16,32,16,-0.3003929437071813,-1.3461682295004267
164,1555923600,358,471,113,829,16,1.3144905681258827,0.18302615700092567
164,1555938000,478,536,58,1014,16,0.39883496863290824,0.5379834487233224
164,1555952400,662,449,0,1111,16,-0.5667654817415011,0.7240961908696602
164,1555966800,822,688,0,1510,16,-0.5667654817415011,1.4896527281520187
164,1555981200,198,109,0,307,17,-0.5704272142056754,-1.0653409227363426
164,1555995600,17,19,2,36,17,-0.5246622801146757,-1.5911967873698938
164,1556010000,414,456,42,870,17,0.3906364017053194,0.02711978497099759
164,1556024400,512,602,90,1114,17,1.4889948198893135,0.5005841058956708
164,1556038800,690,436,0,1126,17,-0.5704272142056754,0.5238692364329498
164,1556053200,848,743,0,1591,17,-0.5704272142056754,1.4261680447525116
164,1556067600,338,147,0,485,17,-0.5704272142056754,-0.719944819766704
164,1556082000,14,24,10,38,17,-0.3416025437506767,-1.5873159322803472
164,1556096400,412,428,16,840,17,-0.20430774147767744,-0.03109304137219994
164,1556110800,600,643,43,1243,17,0.4135188687508193,0.7508992591714202
164,1556125200,668,479,0,1147,17,-0.5704272142056754,0.5646182148731881
164,1556139600,857,906,49,1763,17,0.5508136710238185,1.7599215824535106
164,1556154000,660,172,0,832,17,-0.5704272142056754,-0.046616461730385944
164,1556168400,15,30,15,45,17,-0.2271902085231773,-1.5737329394669344
164,1556182800,402,410,8,812,17,-0.38736747784167647,-0.08542501262585096
164,1556197200,561,617,56,1178,17,0.7109909403423177,0.6247714687611589
164,1556211600,702,497,0,1199,17,-0.5704272142056754,0.6655204472013971
164,1556226000,923,874,0,1797,17,-0.5704272142056754,1.8258961189758012
164,1556240400,694,211,0,905,17,-0.5704272142056754,0.09503474903806138
164,1556254800,82,60,0,142,17,-0.5704272142056754,-1.385511467623929
164,1556269200,364,436,72,800,17,1.0771104130703157,-0.10871014316312998
164,1556283600,566,624,58,1190,17,0.7567558744333174,0.6480565992984378
164,1556298000,808,593,0,1401,17,-0.5704272142056754,1.0574868112455937
164,1556312400,882,765,0,1647,17,-0.5704272142056754,1.5348319872598135
164,1556326800,544,201,0,745,17,-0.5704272142056754,-0.2154336581256588
164,1556341200,68,33,0,101,17,-0.5704272142056754,-1.4650689969596324
164,1556355600,98,144,46,242,17,0.48216626988731887,-1.191468713146604
164,1556370000,395,464,69,859,17,1.008463011933816,0.005775081978491829
164,1556384400,685,566,0,1251,17,-0.5704272142056754,0.7664226795296062
164,1556398800,624,461,0,1085,17,-0.5704272142056754,0.44431170709724654
164,1556413200,580,187,0,767,17,-0.5704272142056754,-0.17274425214064726
164,1556427600,62,37,0,99,17,-0.5704272142056754,-1.4689498520491788
164,1556442000,77,167,90,244,17,1.4889948198893135,-1.1875878580570576
164,1556456400,331,383,52,714,17,0.6194610721603182,-0.27558691201362956
164,1556470800,470,400,0,870,17,-0.5704272142056754,0.02711978497099759
164,1556485200,472,289,0,761,17,-0.5704272142056754,-0.18438681740928675
164,1556499600,191,101,0,292,17,-0.5704272142056754,-1.0944473359079414
164,1556514000,36,25,0,61,17,-0.5704272142056754,-1.5426860987505624
164,1556528400,442,670,228,1112,17,4.646775272168297,0.4967032508061243
164,1556542800,518,619,101,1137,17,1.7407019573898121,0.5452139394254556
164,1556557200,823,503,0,1326,17,-0.5704272142056754,0.9119547453876
164,1556571600,956,823,0,1779,17,-0.5704272142056754,1.7909684231698826
164,1556586000,333,115,0,448,18,-0.648947386294085,-0.8207069907479888
164,1556600400,38,22,0,60,18,-0.648947386294085,-1.4894190468094501
164,1556614800,441,645,204,1086,18,1.5689150811042876,0.2788762354561667
164,1556629200,567,638,71,1205,18,0.12295572735927021,0.48397091244408913
164,1556643600,824,530,0,1354,18,-0.648947386294085,0.7407701298491348
164,1556658000,958,896,0,1854,18,-0.648947386294085,1.6025124701345232
164,1556672400,600,149,0,749,18,-0.648947386294085,-0.30193810189618503
164,1556686800,32,25,0,57,18,-0.648947386294085,-1.4945895008511625
164,1556701200,422,625,203,1047,18,1.5580432062640994,0.2116603329139064
164,1556715600,564,680,116,1244,18,0.6121900951677348,0.5511868149863495
164,1556730000,941,520,0,1461,18,-0.648947386294085,0.9251829906702079
164,1556744400,965,782,0,1747,18,-0.648947386294085,1.4180996093134501
164,1556758800,560,106,0,666,18,-0.648947386294085,-0.44498733038355953
164,1556773200,17,20,3,37,18,-0.6163317617735208,-1.529059194462578
164,1556787600,411,674,263,1085,18,2.2103556966753857,0.2771527507755959
164,1556802000,589,702,113,1291,18,0.5795744706471705,0.6321905949731759
164,1556816400,933,556,0,1489,18,-0.648947386294085,0.9734405617261898
164,1556830800,1014,808,0,1822,18,-0.648947386294085,1.5473609603562584
164,1556845200,579,113,0,692,18,-0.648947386294085,-0.4001767286887193
164,1556859600,38,23,0,61,18,-0.648947386294085,-1.4876955621288794
164,1556874000,356,674,318,1030,18,2.8083088128857314,0.1823610933442032
164,1556888400,567,707,140,1274,18,0.8731150913322493,0.6028913554034727
164,1556902800,1245,1048,0,2293,18,-0.648947386294085,2.359122244905094
164,1556917200,919,779,0,1698,18,-0.648947386294085,1.333648859965482
164,1556931600,489,128,0,617,18,-0.648947386294085,-0.5294380797315276
164,1556946000,35,30,0,65,18,-0.648947386294085,-1.4808016234065964
164,1556960400,83,206,123,289,18,0.6882932190490515,-1.0947410549587424
164,1556974800,369,635,266,1004,18,2.24297132119595,0.137550491649363
164,1556989200,559,484,0,1043,18,-0.648947386294085,0.2047663941916233
164,1557003600,498,588,90,1086,18,0.32952134932284416,0.2788762354561667
164,1557018000,531,154,0,685,18,-0.648947386294085,-0.41224112145271474
164,1557032400,30,33,3,63,18,-0.6163317617735208,-1.4842485927677378
164,1557046800,65,117,52,182,18,-0.08360989460430374,-1.2791539157798155
164,1557061200,326,465,139,791,18,0.8622432164920611,-0.22955174531221242
164,1557075600,543,504,0,1047,18,-0.648947386294085,0.2116603329139064
164,1557090000,484,280,0,764,18,-0.648947386294085,-0.2760858316876234
164,1557104400,137,101,0,238,18,-0.648947386294085,-1.1826387736678519
164,1557118800,10,24,14,34,18,-0.49674113853145163,-1.5342296485042903
164,1557133200,417,679,262,1096,18,2.1994838218351975,0.2961110822618745
164,1557147600,533,660,127,1193,18,0.731780718409804,0.4632890962772398
164,1557162000,824,498,0,1322,18,-0.648947386294085,0.68561862007087
164,1557176400,851,696,0,1547,18,-0.648947386294085,1.0734026731992947
164,1557190800,246,148,0,394,19,-0.5822561095307742,-0.7710340774325216
164,1557205200,10,19,9,29,19,-0.49853300881393087,-1.4309577229007744
164,1557219600,430,832,402,1262,19,3.1573757224882284,0.7983185917906112
164,1557223160,186,159,0,345,19,-0.5822561095307742,-0.8596265668241501
164,1557230920,248,240,0,488,19,-0.5822561095307742,-0.6010811385996017
164,1557234000,361,605,244,966,19,1.687570176570312,0.2631476354656718
164,1557248400,803,500,0,1303,19,-0.5822561095307742,0.8724470012815655
164,1557262800,939,820,0,1759,19,-0.5822561095307742,1.6968995556199855
164,1557277200,308,177,0,485,19,-0.5822561095307742,-0.6065051685623545
164,1557291600,16,27,11,43,19,-0.479927875321299,-1.4056455830745949
164,1557306000,410,649,239,1059,19,1.6410573428387325,0.4312925643110075
164,1557320400,512,685,173,1197,19,1.027087937581881,0.6807979425976346
164,1557334800,853,538,0,1391,19,-0.5822561095307742,1.0315518801889798
164,1557349200,875,784,0,1659,19,-0.5822561095307742,1.5160985568615601
164,1557363600,285,177,0,462,19,-0.5822561095307742,-0.6480893982767924
164,1557378000,15,14,0,29,19,-0.5822561095307742,-1.4309577229007744
164,1557392400,424,802,378,1226,19,2.934114120576646,0.733230232237578
164,1557406800,579,644,65,1223,19,0.022410728979761072,0.7278062022748252
164,1557421200,963,533,0,1496,19,-0.5822561095307742,1.2213929288853267
164,1557435600,952,783,0,1735,19,-0.5822561095307742,1.6535073159179634
164,1557450000,303,168,0,471,19,-0.5822561095307742,-0.631817308388534
164,1557464400,16,19,3,35,19,-0.5543484092918264,-1.420109662975269
164,1557478800,397,625,228,1022,19,1.5387291086292572,0.3643961947703901
164,1557493200,554,667,113,1221,19,0.46893393280292556,0.7241901822996567
164,1557507600,959,587,0,1546,19,-0.5822561095307742,1.3117934282645394
164,1557522000,863,643,0,1506,19,-0.5822561095307742,1.2394730287611693
164,1557536400,476,168,0,644,19,-0.5822561095307742,-0.319031580536458
164,1557550800,27,31,4,58,19,-0.5450458425455105,-1.378525433260831
164,1557565200,61,145,84,206,19,0.1991594971597637,-1.1109399550983614
164,1557579600,197,437,240,634,19,1.6503599095850483,-0.3371116804123006
164,1557594000,449,497,48,946,19,-0.13573290570760968,0.22698743571398675
164,1557608400,435,431,0,866,19,-0.5822561095307742,0.08234663670724642
164,1557622800,249,141,0,390,19,-0.5822561095307742,-0.7782661173828587
164,1557637200,29,46,17,75,19,-0.4241124748434034,-1.3477892634718986
164,1557651600,38,79,41,117,19,-0.2008508729318212,-1.27185284399336
164,1557666000,248,305,57,553,19,-0.052009804990766344,-0.48356048940662516
164,1557680400,466,376,0,842,19,-0.5822561095307742,0.038954397005224316
164,1557694800,382,290,0,672,19,-0.5822561095307742,-0.2684073008840989
164,1557709200,113,111,0,224,19,-0.5822561095307742,-1.078395775321845
164,1557723600,9,27,18,36,19,-0.4148099080970875,-1.4183016529876846
164,1557738000,414,693,279,1107,19,2.0131600126913693,0.5180770437150517
164,1557752400,594,695,101,1289,19,0.35730313184713447,0.847134861455386
164,1557766800,925,484,0,1409,19,-0.5822561095307742,1.0640960599654965
164,1557781200,925,755,0,1680,19,-0.5822561095307742,1.5540667666008294
164,1557795600,233,157,0,390,20,-0.5348114102733443,-0.8992386650918928
164,1557810000,10,19,9,29,20,-0.41660923107529513,-1.5621479968210779
164,1557824400,444,672,228,1116,20,2.4596437960772373,0.43392525411970956
164,1557838800,548,605,57,1153,20,0.213802391314301,0.5018688698371053
164,1557853200,888,654,0,1542,20,-0.5348114102733443,1.2161949918389143
164,1557867600,1075,887,0,1962,20,-0.5348114102733443,1.987446845928271
164,1557882000,419,107,0,526,20,-0.5348114102733443,-0.6494999694820058
164,1557896400,296,174,0,470,20,-0.5348114102733443,-0.7523335500272533
164,1557910800,500,644,144,1144,20,1.3564234568954439,0.48534204439233336
164,1557925200,613,665,52,1278,20,0.1481345139820514,0.7314081121256043
164,1557939600,893,567,0,1460,20,-0.5348114102733443,1.065617248897659
164,1557954000,896,658,0,1554,20,-0.5348114102733443,1.2382307590986101
164,1557968400,360,202,0,562,20,-0.5348114102733443,-0.5833926677029181
164,1557982800,62,37,0,99,20,-0.5348114102733443,-1.4336060211395185
164,1557997200,444,694,250,1138,20,2.7485824563391352,0.4743241607624854
164,1558011600,618,677,59,1295,20,0.24006954224720087,0.7626254490768402
164,1558026000,883,553,0,1436,20,-0.5348114102733443,1.0215457143782671
164,1558040400,931,820,0,1751,20,-0.5348114102733443,1.5999846049452846
164,1558054800,521,169,0,690,20,-0.5348114102733443,-0.3483444835994951
164,1558069200,17,23,6,40,20,-0.45600995747464484,-1.54194854349969
164,1558083600,386,621,235,1007,20,2.5515788243423865,0.23376703484413844
164,1558086912,182,128,0,310,20,-0.5348114102733443,-1.046143780156532
164,1558098000,386,648,262,1034,20,2.9061853619365343,0.2833475111784542
164,1558112400,915,649,0,1564,20,-0.5348114102733443,1.25659389848169
164,1558126800,882,735,0,1617,20,-0.5348114102733443,1.3539185372120137
164,1558141200,571,170,0,741,20,-0.5348114102733443,-0.2546924727457875
164,1558155600,29,27,0,56,20,-0.5348114102733443,-1.5125675204867621
164,1558170000,103,145,42,248,20,0.016798759317552227,-1.1599952443316277
164,1558184400,390,434,44,824,20,0.04306591025045207,-0.10227841586622413
164,1558198800,570,520,0,1090,20,-0.5348114102733443,0.3861810917237018
164,1558213200,585,434,0,1019,20,-0.5348114102733443,0.2558028021038343
164,1558227600,508,168,0,676,20,-0.5348114102733443,-0.37405287873580695
164,1558242000,25,33,8,58,20,-0.429742806541745,-1.5088948926101462
164,1558256400,64,88,24,152,20,-0.21960559907854632,-1.3362813824091948
164,1558270800,277,352,75,629,20,0.45020674971039953,-0.4603596338362826
164,1558285200,473,419,0,892,20,-0.5348114102733443,0.022590931938719336
164,1558299600,442,337,0,779,20,-0.5348114102733443,-0.1849125430900838
164,1558314000,137,117,0,254,20,-0.5348114102733443,-1.1489773607017797
164,1558328400,11,20,9,31,20,-0.41660923107529513,-1.558475368944462
164,1558342800,424,623,199,1047,20,2.0787701075501896,0.30721959237645813
164,1558357200,525,573,48,1098,20,0.09560021211625175,0.40087160323016574
164,1558371600,805,534,0,1339,20,-0.5348114102733443,0.8434232623623918
164,1558386000,893,834,0,1727,20,-0.5348114102733443,1.5559130704258928
164,1558400400,238,146,0,384,21,-0.5806839611742931,-0.7380285256908615
164,1558414800,16,27,11,43,21,-0.44457716551748405,-1.3951643206996727
164,1558429200,454,655,201,1109,21,1.9063583958273989,0.6591076953689277
164,1558443600,588,682,94,1270,21,0.5824104744384386,0.9693682906663429
164,1558458000,835,512,0,1347,21,-0.5806839611742931,1.1177537927651067
164,1558472400,951,800,0,1751,21,-0.5806839611742931,1.8962959076729065
164,1558486800,439,210,0,649,21,-0.5806839611742931,-0.22735114833797307
164,1558501200,15,25,10,40,21,-0.45695051057719394,-1.400945574028196
164,1558515600,430,679,249,1109,21,2.5002789586934746,0.6591076953689277
164,1558530000,572,702,130,1274,21,1.0278508965879953,0.9770766284377072
164,1558544400,889,532,0,1421,21,-0.5806839611742931,1.2603580415353473
164,1558558800,972,862,0,1834,21,-0.5806839611742931,2.0562439164287167
164,1558573200,569,195,0,764,21,-0.5806839611742931,-0.005736437411247902
164,1558587600,11,23,12,34,21,-0.4322038204577741,-1.4125080806852424
164,1558602000,409,729,320,1138,21,3.378786457932878,0.7149931442113192
164,1558616400,569,639,70,1208,21,0.2854501930054007,0.8498890552101954
164,1558630800,864,538,0,1402,21,-0.5806839611742931,1.2237434371213665
164,1558645200,925,768,0,1693,21,-0.5806839611742931,1.7845250099881234
164,1558659600,555,151,0,706,21,-0.5806839611742931,-0.11750733509603103
164,1558674000,17,21,4,38,21,-0.5311905809354535,-1.404799742913878
164,1558687005,202,484,282,686,21,2.9085993456639017,-0.1560490239528528
164,1558688400,330,529,199,859,21,1.881611705707979,0.1773365846586555
164,1558702800,531,597,66,1128,21,0.23595681276656108,0.6957222997829083
164,1558717200,945,581,0,1526,21,-0.5806839611742931,1.4627019080336614
164,1558731600,710,480,0,1190,21,-0.5806839611742931,0.8152015352390558
164,1558746000,400,162,0,562,21,-0.5806839611742931,-0.39500749486514775
164,1558760400,17,25,8,42,21,-0.48169720069661376,-1.3970914051425138
164,1558774800,77,113,36,190,21,-0.13524353902473626,-1.1118829076020327
164,1558789200,299,369,70,668,21,0.2854501930054007,-0.1907365439239924
164,1558803600,448,408,0,856,21,-0.5806839611742931,0.17155533133013223
164,1558818000,471,377,0,848,21,-0.5806839611742931,0.15613865578740352
164,1558832400,481,135,0,616,21,-0.5806839611742931,-0.290944934951729
164,1558846800,13,25,12,38,21,-0.4322038204577741,-1.404799742913878
164,1558861200,51,95,44,146,21,-0.03625677854705697,-1.1966746230870406
164,1558875600,262,311,49,573,21,0.025609946751492585,-0.3738095659938958
164,1558890000,328,375,47,703,21,0.0008632566320727641,-0.1232885884245543
164,1558904400,458,277,0,735,21,-0.5806839611742931,-0.061621886253639464
164,1558918800,125,96,0,221,21,-0.5806839611742931,-1.0521432898739589
164,1558933200,11,19,8,30,21,-0.48169720069661376,-1.4202164184566068
164,1558947600,60,101,41,161,21,-0.07337681372618671,-1.1677683564444243
164,1558962000,250,272,22,522,21,-0.308470369860675,-0.4720908725787913
164,1558976400,379,412,33,791,21,-0.172363574203866,0.046294842545461484
164,1558990800,348,327,0,675,21,-0.5806839611742931,-0.17724695282410477
164,1559005200,158,127,0,285,22,-0.4799131976042568,-0.7090092333170794
164,1559019600,8,14,6,22,22,-0.40158908523560954,-1.1717125295016746
164,1559034000,410,678,268,1088,22,3.018563821528654,0.7037312489499548
164,1559048400,503,607,104,1110,22,0.8777047501189622,0.7424364676422023
164,1559062800,781,510,0,1291,22,-0.4799131976042568,1.0608748577920568
164,1559077200,890,799,0,1689,22,-0.4799131976042568,1.7610874504972618
164,1559091600,609,147,0,756,22,-0.4799131976042568,0.11963431232149231
164,1559106000,14,21,7,35,22,-0.3885350665075017,-1.1488412639108012
164,1559120400,424,693,269,1117,22,3.0316178402567617,0.7547517644988265
164,1559134800,552,682,130,1234,22,1.217109237049767,0.9605931548166883
164,1559149200,898,579,0,1477,22,-0.4799131976042568,1.3881098885537857
164,1559163600,951,842,0,1793,22,-0.4799131976042568,1.9440575752242502
164,1559178000,492,168,0,660,22,-0.4799131976042568,-0.049261187426496836
164,1559192400,26,17,0,43,22,-0.4799131976042568,-1.134766638931802
164,1559206800,424,696,272,1120,22,3.0707798964410853,0.7600297488659512
164,1559221200,585,661,76,1246,22,0.5121922257319417,0.9817050922851869
164,1559235600,872,483,0,1355,22,-0.4799131976042568,1.1734718576240495
164,1559250000,984,795,0,1779,22,-0.4799131976042568,1.9194269815110017
164,1559264400,614,172,0,786,22,-0.4799131976042568,0.17241415599273893
164,1559278800,23,23,0,46,22,-0.4799131976042568,-1.1294886545646774
164,1559293200,359,652,293,1011,22,3.3449142897313506,0.5682629835270885
164,1559307600,572,708,136,1280,22,1.2954333494184143,1.041522248445933
164,1559322000,897,590,0,1487,22,-0.4799131976042568,1.4057031697775346
164,1559336400,795,647,0,1442,22,-0.4799131976042568,1.3265334042706647
164,1559350800,459,188,0,647,22,-0.4799131976042568,-0.07213245301737037
164,1559365200,18,28,10,46,22,-0.3493730103231781,-1.1294886545646774
164,1559379600,79,124,45,203,22,0.10751764516059756,-0.8532741393518202
164,1559394000,322,355,33,677,22,-0.049130579576696934,-0.019352609346123758
164,1559408400,507,504,0,1011,22,-0.4799131976042568,0.5682629835270885
164,1559422800,492,482,0,974,22,-0.4799131976042568,0.5031678429992177
164,1559437200,504,170,0,674,22,-0.4799131976042568,-0.024630593713248418
164,1559451600,21,27,6,48,22,-0.40158908523560954,-1.1259699983199276
164,1559466000,55,133,78,188,22,0.5383002631881575,-0.8796640611874434
164,1559480400,312,292,0,604,22,-0.4799131976042568,-0.1477835622794905
164,1559494800,470,495,25,965,22,-0.15356272940155993,0.48733388989784365
164,1559509200,473,300,0,773,22,-0.4799131976042568,0.14954289040186539
164,1559523600,180,140,0,320,22,-0.4799131976042568,-0.6474327490339584
164,1559538000,9,23,14,32,22,-0.29715693541074656,-1.154119248277926
164,1559552400,449,533,84,982,22,0.6166243755568047,0.5172424679782167
164,1559566800,521,675,154,1196,22,1.530405686524356,0.8937386861664426
164,1559577430,348,221,0,569,22,-0.4799131976042568,-0.20936004656261153
164,1559577510,2,2,0,4,22,-0.4799131976042568,-1.2033804357044227
164,1559577590,4,3,0,7,22,-0.4799131976042568,-1.198102451337298
164,1559577670,2,0,0,2,22,-0.4799131976042568,-1.2068990919491724
164,1559577750,5,3,0,8,22,-0.4799131976042568,-1.196343123214923
164,1559577830,5,0,0,5,22,-0.4799131976042568,-1.2016211075820478
164,1559577910,310,315,5,625,22,-0.41464310396371745,-0.11083767170961788
164,1559577991,6,13,7,19,22,-0.3885350665075017,-1.1769905138687993
164,1559578078,7,1,0,8,22,-0.4799131976042568,-1.196343123214923
164,1559578150,5,3,0,8,22,-0.4799131976042568,-1.196343123214923
164,1559578232,14,9,0,23,22,-0.4799131976042568,-1.1699532013792997
164,1559580432,682,353,0,1035,22,-0.4799131976042568,0.6104868584640858
164,1559580889,131,69,0,200,22,-0.4799131976042568,-0.8585521237189448
164,1559581200,124,106,0,230,22,-0.4799131976042568,-0.8057722800476982
164,1559595600,826,779,0,1605,22,-0.4799131976042568,1.6133038882177713
164,1559610000,292,138,0,430,23,-0.597241115000822,-0.7739325281007998
164,1559624400,15,20,5,35,23,-0.5097179927746025,-1.5129839666083846
164,1559638800,443,465,22,908,23,-0.212139377205456,0.1204132633083787
164,1559653200,523,616,93,1139,23,1.0306889584068617,0.5526180286128144
164,1559667600,688,509,0,1197,23,-0.597241115000822,0.6611369740139281
164,1559682000,864,872,8,1736,23,-0.45720411943887074,1.6696147597242779
164,1559696400,367,174,0,541,23,-0.597241115000822,-0.5662497187986685
164,1559710800,13,23,10,36,23,-0.42219487054838295,-1.5111129503083653
164,1559725200,424,604,180,1028,23,2.553591285143082,0.34493521931068294
164,1559739600,549,720,171,1269,23,2.396049665135887,0.7958501476153106
164,1559754000,886,538,0,1424,23,-0.597241115000822,1.085857674118287
164,1559768400,907,792,0,1699,23,-0.597241115000822,1.6003871566235675
164,1559782800,356,161,0,517,23,-0.597241115000822,-0.6111541099991292
164,1559797200,19,25,6,44,23,-0.4922133683293586,-1.496144819908212
164,1559811600,460,490,30,950,23,-0.0721023816435047,0.19899594790918518
164,1559826000,608,617,9,1225,23,-0.43969949499362687,0.7135254304144657
164,1559840400,764,499,0,1263,23,-0.597241115000822,0.7846240498151954
164,1559854800,930,802,0,1732,23,-0.597241115000822,1.6621306945242011
164,1559869200,443,189,0,632,23,-0.597241115000822,-0.39598723549692105
164,1559883600,16,26,10,42,23,-0.42219487054838295,-1.4998868525082503
164,1559898000,363,539,176,902,23,2.4835727873621063,0.10918716550826349
164,1559912400,521,650,129,1171,23,1.6608554384356424,0.6124905502134288
164,1559926800,850,604,0,1454,23,-0.597241115000822,1.141988163118863
164,1559941200,832,835,3,1667,23,-0.5447272416650903,1.540514635022953
164,1559955600,522,174,0,696,23,-0.597241115000822,-0.27624219229569213
164,1559970000,22,36,14,58,23,-0.35217637276740726,-1.469950591707943
164,1559984400,85,144,59,229,23,0.4355317272685687,-1.1500068044046594
164,1559998800,349,388,39,737,23,0.0854392383636905,-0.19953052399490484
164,1560013200,508,525,17,1033,23,-0.29966249943167556,0.35429030081077895
164,1560027600,526,490,0,1016,23,-0.597241115000822,0.3224830237104525
164,1560042000,524,152,0,676,23,-0.597241115000822,-0.31366251829607616
164,1560056400,17,27,10,44,23,-0.42219487054838295,-1.496144819908212
164,1560070800,64,81,17,145,23,-0.29966249943167556,-1.3071721736062725
164,1560085200,264,358,94,622,23,1.0481935828521056,-0.41469739849711307
164,1560099600,465,433,0,898,23,-0.597241115000822,0.10170310030818669
164,1560114000,417,321,0,738,23,-0.597241115000822,-0.19765950769488563
164,1560128400,147,92,0,239,23,-0.597241115000822,-1.1312966414044674
164,1560142800,10,24,14,34,23,-0.35217637276740726,-1.514854982908404
164,1560157200,416,598,182,1014,23,2.58860053403357,0.3187409911104141
164,1560171600,515,650,135,1165,23,1.765883185107106,0.6012644524133136
164,1560186000,891,522,0,1413,23,-0.597241115000822,1.0652764948180757
164,1560200400,870,765,0,1635,23,-0.597241115000822,1.4806421134223386
164,1560214800,295,143,0,438,24,-0.7316637447422127,-1.0097147468798755
164,1560229200,16,21,5,37,24,-0.6654498311908813,-1.7355509228562662
164,1560243600,409,586,177,995,24,1.6123087949749213,-0.0015083877306243222
164,1560258000,564,672,108,1236,24,0.6985567879665471,0.43471734396590983
164,1560272400,861,555,0,1416,24,-0.7316637447422127,0.7605290937807486
164,1560286800,924,752,0,1676,24,-0.7316637447422127,1.2311460657355158
164,1560301200,326,187,0,513,24,-0.7316637447422127,-0.8739598511236926
164,1560315600,14,25,11,39,24,-0.5859931349292835,-1.731930792302768
164,1560330000,449,632,183,1081,24,1.6917654912365192,0.15415722606979865
164,1560344400,573,726,153,1299,24,1.2944820099285304,0.5487514564011033
164,1560358800,889,558,0,1447,24,-0.7316637447422127,0.8166411173599708
164,1560373200,906,812,0,1718,24,-0.7316637447422127,1.307168807358978
164,1560387600,363,177,0,540,24,-0.7316637447422127,-0.8250880886514668
164,1560402000,12,26,14,38,24,-0.5462647867984847,-1.7337408575795172
164,1560416400,446,608,162,1054,24,1.4136670543209269,0.10528546359757283
164,1560430800,623,773,150,1396,24,1.2547536617977313,0.7243277882457665
164,1560445200,918,516,0,1434,24,-0.7316637447422127,0.7931102687622325
164,1560459600,922,792,0,1714,24,-0.7316637447422127,1.2999285462519816
164,1560474000,508,220,0,728,24,-0.7316637447422127,-0.48479581662263516
164,1560488400,17,31,14,48,24,-0.5462647867984847,-1.715640204812026
164,1560502800,384,554,170,938,24,1.5196093160030573,-0.10468210850532327
164,1560517200,529,708,179,1237,24,1.638794360395454,0.4365274092426589
164,1560531600,907,577,0,1484,24,-0.7316637447422127,0.8836135325996877
164,1560546000,784,610,0,1394,24,-0.7316637447422127,0.7207076576922683
164,1561165200,7231,8529,1298,15760,25,4.107977453271629,4.092196866875976
164,1561179600,20,31,11,51,25,-0.26885213245667705,-0.4053418673787396
164,1561194000,82,112,30,194,25,-0.20423693266737025,-0.364400493707696
164,1561208400,314,333,19,647,25,-0.24164573254538996,-0.23470509319732705
164,1561222800,476,535,59,1011,25,-0.10561373298895464,-0.130490687489216
164,1561237200,523,409,0,932,25,-0.30626093233469676,-0.1531086491676247
164,1561251600,432,160,0,592,25,-0.30626093233469676,-0.25045177537849767
164,1561266000,13,45,32,58,25,-0.1974353326895485,-0.4033377441920452
164,1561280400,57,83,26,140,25,-0.21784013262301377,-0.3798608725764817
164,1561294800,289,251,0,540,25,-0.30626093233469676,-0.26533954762251355
164,1561309200,400,396,0,796,25,-0.30626093233469676,-0.19204589965197388
164,1561323600,427,272,0,699,25,-0.30626093233469676,-0.21981732095331116
164,1561338000,115,137,22,252,25,-0.23144333257865732,-0.34779490158937065
164,1561352400,9,24,15,33,25,-0.2552489325010335,-0.4104953270016682
164,1561366800,431,439,8,870,25,-0.27905453242340966,-0.17085945453548979
164,1561381200,532,633,101,1165,25,0.03721986654530243,-0.08639997738193823
164,1561395600,690,437,0,1127,25,-0.30626093233469676,-0.09727950325256521
164,1561410000,801,734,0,1535,25,-0.30626093233469676,0.019532248200482338
164,1561424400,288,162,0,450,26,-0.6007300637569652,-0.6975727341833965
164,1561438800,9,22,13,31,26,-0.26569572789250867,-1.5266882938321478
164,1561453200,433,498,65,931,26,1.0744416155653178,0.25422818274034903
164,1561467600,581,690,109,1271,26,2.2084039831065554,0.9270188516677367
164,1561482000,741,528,0,1269,26,-0.6007300637569652,0.9230612594975756
164,1561496400,848,805,0,1653,26,-0.6007300637569652,1.6829189561685074
164,1561510800,372,216,0,588,26,-0.6007300637569652,-0.4244988744422803
164,1561525200,13,26,13,39,26,-0.26569572789250867,-1.5108579251515033
164,1561539600,409,522,113,931,26,2.31149147106485,0.25422818274034903
164,1561554000,624,769,145,1393,26,3.136191374731205,1.168431974047564
164,1561568400,759,577,0,1336,26,-0.6007300637569652,1.0556405971979725
164,1561582800,869,879,10,1748,26,-0.3430113438612294,1.87090458425116
164,1561597200,496,205,0,701,26,-0.6007300637569652,-0.20089491682817792
164,1561611600,18,22,4,40,26,-0.49764257579867094,-1.5088791290664227
164,1561626000,402,388,0,790,26,-0.6007300637569652,-0.024782065256008807
164,1561640400,559,640,81,1199,26,1.4867915673984953,0.7845455335419369
164,1561654800,704,514,0,1218,26,-0.6007300637569652,0.8221426591584674
164,1561669200,853,881,28,1734,26,0.12088235195109513,1.8432014390600322
164,1561683600,451,228,0,679,26,-0.6007300637569652,-0.24442843069995007
164,1561698000,12,31,19,43,26,-0.11106449595506714,-1.502942740811181
164,1561712400,331,395,64,726,26,1.0486697435757442,-0.15142501470116412
164,1561726800,543,584,41,1127,26,0.4559166878155518,0.6420722154161372
164,1561741200,751,540,0,1291,26,-0.6007300637569652,0.9665947733693477
164,1561755600,758,689,0,1447,26,-0.6007300637569652,1.2752869626419139
164,1561770000,420,184,0,604,26,-0.6007300637569652,-0.39283813708099147
164,1561784400,14,34,20,48,26,-0.08529262396549356,-1.4930487603857783
164,1561798800,83,151,68,234,26,1.1517572315340385,-1.1249926885607957
164,1561813200,341,340,0,681,26,-0.6007300637569652,-0.24047083852978896
164,1561827600,620,502,0,1122,26,-0.6007300637569652,0.6321782349907344
164,1561842000,499,467,0,966,26,-0.6007300637569652,0.32348604571816836
164,1561856400,439,159,0,598,26,-0.6007300637569652,-0.40471091359147476
164,1561870800,28,32,4,60,26,-0.49764257579867094,-1.4693032073648118
164,1561885200,64,82,18,146,26,-0.1368363679446407,-1.2991267440478842
164,1561899600,343,261,0,604,26,-0.6007300637569652,-0.39283813708099147
164,1561914000,422,381,0,803,26,-0.6007300637569652,0.0009422838500383687
164,1561928400,363,308,0,671,26,-0.6007300637569652,-0.2602587993805945
164,1561942800,125,132,7,257,26,-0.42032695982995016,-1.079480378603943
164,1561957200,11,26,15,37,26,-0.2141519839133615,-1.5148155173216644
164,1561971600,371,385,14,756,26,-0.23992385590293508,-0.09206113214874757
164,1561986000,476,604,128,1080,26,2.698069550908454,0.5490687994173512
164,1562000400,612,400,0,1012,26,-0.6007300637569652,0.4145106656318737
164,1562014800,720,672,0,1392,26,-0.6007300637569652,1.1664531779624834
164,1562029200,335,157,0,492,27,-0.5821507307144098,-0.353791094151697
164,1562043600,27,23,0,50,27,-0.5821507307144098,-1.4012835776974868
164,1562058000,366,418,52,784,27,0.6791758525001448,0.33821751488760293
164,1562072400,530,616,86,1146,27,1.5038893876788921,1.196118598696598
164,1562086800,704,486,0,1190,27,-0.5821507307144098,1.300393868551835
164,1562101200,837,790,0,1627,27,-0.5821507307144098,2.3360368896140753
164,1562115600,544,212,0,756,27,-0.5821507307144098,0.27186052497972485
164,1562130000,31,26,0,57,27,-0.5821507307144098,-1.3846943302205172
164,1562144400,322,391,69,713,27,1.0915326200895183,0.16995514762119782
164,1562158800,489,605,116,1094,27,2.2315778010719045,1.0728841888676817
164,1562173200,777,551,0,1328,27,-0.5821507307144098,1.6274390330978057
164,1562187600,688,629,0,1317,27,-0.5821507307144098,1.6013702156339964
164,1562202000,445,161,0,606,27,-0.5821507307144098,-0.08362334952676484
164,1562216400,20,24,4,44,27,-0.48512560892867485,-1.4155029326777464
164,1562230800,69,87,18,156,27,-0.14553768267860245,-1.150074973046234
164,1562245200,218,395,177,613,27,3.7112109083043627,-0.06703410204979532
164,1562259600,364,416,52,780,27,0.6791758525001448,0.32873794490076325
164,1562274000,505,298,0,803,27,-0.5821507307144098,0.38324547232509165
164,1562288400,176,175,0,351,27,-0.5821507307144098,-0.6879459361877973
164,1562302800,13,28,15,41,27,-0.21830652401790368,-1.422612610167876
164,1562317200,144,268,124,412,27,2.4256280446433744,-0.5433824938884916
164,1562331600,347,371,24,718,27,0.0,0.1818046101047475
164,1562346000,570,394,0,964,27,-0.5821507307144098,0.7647981642953906
164,1562360400,511,506,0,1017,27,-0.5821507307144098,0.890402466621017
164,1562374800,421,144,0,565,27,-0.5821507307144098,-0.18078894189187203
164,1562389200,20,21,1,41,27,-0.5578944502679761,-1.422612610167876
164,1562403600,69,115,46,184,27,0.5336381698215423,-1.0837179831383559
164,1562418000,227,316,89,543,27,1.5766582290181932,-0.23292657681949053
164,1562432400,408,371,0,779,27,-0.5821507307144098,0.3263680524040533
164,1562446800,480,419,0,899,27,-0.5821507307144098,0.610755152009245
164,1562461200,346,127,0,473,27,-0.5821507307144098,-0.39881905158918574
164,1562475600,17,22,5,39,27,-0.4608693284822411,-1.4273523951612959
164,1562490000,50,68,18,118,27,-0.14553768267860245,-1.2401308879212114
164,1562504400,246,204,0,450,27,-0.5821507307144098,-0.45332657901351414
164,1562518800,388,363,0,751,27,-0.5821507307144098,0.2600110624961752
164,1562533200,375,280,0,655,27,-0.5821507307144098,0.0325013828120218
164,1562547600,127,111,0,238,27,-0.5821507307144098,-0.9557437883160196
164,1562562000,9,25,16,34,27,-0.19405024357146994,-1.4392018576448455
164,1562576400,380,401,21,781,27,-0.07276884133930123,0.3311078373974732
164,1562590800,469,544,75,1013,27,1.237070302768121,0.8809228966341772
164,1562605200,575,388,0,963,27,-0.5821507307144098,0.7624282717986807
164,1562619600,731,618,0,1349,27,-0.5821507307144098,1.6772067755287141
164,1562634000,180,115,0,295,28,-0.4966611412673489,-0.9132736998034778
164,1562648400,11,25,14,36,28,-0.04806398141296925,-1.4478801307598481
164,1562662800,435,421,0,856,28,-0.4966611412673489,0.24469621435298475
164,1562677200,564,596,32,1160,28,0.5287037955426618,0.872187932541157
164,1562691600,637,444,0,1081,28,-0.4966611412673489,0.7091226505119937
164,1562706000,837,671,0,1508,28,-0.4966611412673489,1.590500820467091
164,1562720400,224,174,0,398,28,-0.4966611412673489,-0.7006695979173536
164,1562734800,18,22,4,40,28,-0.36849052416609757,-1.439623660783688
164,1562749200,397,445,48,842,28,1.041386263947667,0.21579856943642417
164,1562763600,558,606,48,1164,28,1.041386263947667,0.8804444025173171
164,1562778000,661,452,0,1113,28,-0.4966611412673489,0.7751744103212751
164,1562792400,810,798,0,1608,28,-0.4966611412673489,1.796912569871095
164,1562806800,278,199,0,477,28,-0.4966611412673489,-0.5376043158881905
164,1562821200,14,21,7,35,28,-0.27236256134015907,-1.4499442482538882
164,1562835600,416,436,20,852,28,0.14419194423890774,0.23643974437682458
164,1562850000,568,600,32,1168,28,0.5287037955426618,0.8887008724934773
164,1562864400,735,515,0,1250,28,-0.4966611412673489,1.0579585070047606
164,1562878800,909,749,0,1658,28,-0.4966611412673489,1.900118444573097
164,1562893200,279,186,0,465,28,-0.4966611412673489,-0.562373725816671
164,1562907600,11,19,8,30,28,-0.24031990706484624,-1.4602648357240884
164,1562922000,368,387,19,755,28,0.11214928996359491,0.03622034745494068
164,1562936400,526,569,43,1095,28,0.8811729925711029,0.7380202954285543
164,1562950800,719,519,0,1238,28,-0.4966611412673489,1.03318909707628
164,1562965200,745,598,0,1343,28,-0.4966611412673489,1.2499214339504843
164,1562979600,268,203,0,471,28,-0.4966611412673489,-0.5499890208524307
164,1562994000,14,28,14,42,28,-0.04806398141296925,-1.435495425795608
164,1563008400,79,127,48,206,28,1.041386263947667,-1.0969801567730413
164,1563022800,354,274,0,628,28,-0.4966611412673489,-0.2259225742881444
164,1563037200,490,420,0,910,28,-0.4966611412673489,0.3561585590311469
164,1563051600,371,549,178,920,28,5.206931319738335,0.3767997339715473
164,1563066000,289,187,0,476,28,-0.4966611412673489,-0.5396684333822306
164,1563080400,10,27,17,37,28,0.04806398141296925,-1.4458160132658082
164,1563094800,52,68,16,120,28,0.016021327137656416,-1.2744942612604848
164,1563109200,270,268,0,538,28,-0.4966611412673489,-0.41169314875174806
164,1563123600,403,346,0,749,28,-0.4966611412673489,0.023835642490700443
164,1563138000,428,288,0,716,28,-0.4966611412673489,-0.04428023481262088
164,1563152400,132,121,0,253,28,-0.4966611412673489,-0.9999666345531595
164,1563166800,10,24,14,34,28,-0.04806398141296925,-1.4520083657479284
164,1563181200,418,427,9,845,28,-0.2082772527895334,0.2219909219185443
164,1563195600,506,586,80,1092,28,2.0667512007576776,0.7318279429464343
164,1563210000,587,394,0,981,28,-0.4966611412673489,0.5027109011079898
164,1563224400,760,728,0,1488,28,-0.4966611412673489,1.5492184705862901
164,1563238800,191,162,0,353,29,-0.6329675375032672,-0.7207120256290509
164,1563253200,14,20,6,34,29,-0.4029596154246151,-1.374245895897689
164,1563267600,414,453,39,867,29,0.8620839560079708,0.3323174706658708
164,1563282000,558,604,46,1162,29,1.1304265317663982,0.9366826485005049
164,1563296400,655,491,0,1146,29,-0.6329675375032672,0.9039035202111688
164,1563310800,871,800,0,1671,29,-0.6329675375032672,1.9794686672050092
164,1563325200,261,170,0,431,29,-0.6329675375032672,-0.5609137752185375
164,1563339600,12,17,5,29,29,-0.44129426910439046,-1.3844893734881067
164,1563354000,403,464,61,867,29,1.7054463369630282,0.3323174706658708
164,1563368400,572,662,90,1234,29,2.817151293676513,1.0841887258025174
164,1563382800,689,419,0,1108,29,-0.6329675375032672,0.8260530905239957
164,1563397200,884,792,0,1676,29,-0.6329675375032672,1.9897121447954267
164,1563411600,460,189,0,649,29,-0.6329675375032672,-0.11429815227633335
164,1563426000,13,17,4,30,29,-0.4796289227841658,-1.3824406779700231
164,1563440400,391,472,81,863,29,2.4721394105585346,0.3241226885935368
164,1563454800,565,645,80,1210,29,2.4338047568787595,1.0350200333685131
164,1563469200,681,461,0,1142,29,-0.6329675375032672,0.8957087381388348
164,1563483600,824,781,0,1605,29,-0.6329675375032672,1.8442547630114978
164,1563498000,272,172,0,444,29,-0.6329675375032672,-0.534280733483452
164,1563512400,15,29,14,44,29,-0.09628238598641249,-1.353758940716854
164,1563526800,326,388,62,714,29,1.7437809906428035,0.01886705639909451
164,1563541200,557,520,0,1077,29,-0.6329675375032672,0.762543529463407
164,1563555600,685,531,0,1216,29,-0.6329675375032672,1.0473122064770142
164,1563570000,505,459,0,964,29,-0.6329675375032672,0.5310409359199708
164,1563584400,211,119,0,330,29,-0.6329675375032672,-0.7678320225449715
164,1563598800,18,26,8,44,29,-0.3262903080650645,-1.353758940716854
164,1563613200,101,93,0,194,29,-0.6329675375032672,-1.0464546130043282
164,1563621938,122,149,27,271,29,0.4020681118506668,-0.8887050581118984
164,1563627600,200,258,58,458,29,1.5904423759237023,-0.5055989962302828
164,1563642000,423,334,0,757,29,-0.6329675375032672,0.10696096367668524
164,1563656400,429,291,0,720,29,-0.6329675375032672,0.031159229507595542
164,1563670800,223,147,0,370,29,-0.6329675375032672,-0.6858842018216313
164,1563685200,14,28,14,42,29,-0.09628238598641249,-1.357856331753021
164,1563699600,56,75,19,131,29,0.09539088241246416,-1.1755224306435892
164,1563714000,253,246,0,499,29,-0.6329675375032672,-0.42160247998885914
164,1563728400,322,292,0,614,29,-0.6329675375032672,-0.18600249540925604
164,1563742800,360,272,0,632,29,-0.6329675375032672,-0.14912597608375294
164,1563757200,113,118,5,231,29,-0.44129426910439046,-0.9706528788352385
164,1563771600,13,19,6,32,29,-0.4029596154246151,-1.378343286933856
164,1563786000,360,408,48,768,29,1.2070958391259488,0.1294966143756038
164,1563800400,533,570,37,1103,29,0.7854146486484201,0.8158096129335781
164,1563814800,655,400,0,1055,29,-0.6329675375032672,0.7174722280655699
164,1563829200,841,678,0,1519,29,-0.6329675375032672,1.6680669484563164
164,1563843600,181,155,0,336,30,-0.42406791854315895,-0.8172040215725442
164,1563858000,12,22,10,34,30,-0.21465166247246317,-1.4610059447750086
164,1563872400,401,440,39,841,30,0.3926554801325546,0.25935217451104686
164,1563879353,287,238,0,525,30,-0.42406791854315895,-0.4142948709590814
164,1563886800,343,623,280,966,30,5.439587251436323,0.5258264804723318
164,1563888366,71,41,0,112,30,-0.42406791854315895,-1.2947259778551667
164,1563901200,630,468,0,1098,30,-0.42406791854315895,0.8072233475674486
164,1563915600,823,709,0,1532,30,-0.42406791854315895,1.73242213786503
164,1563930000,253,209,0,462,30,-0.42406791854315895,-0.548597921163569
164,1563944400,18,19,1,37,30,-0.40312629293608937,-1.4546105614319378
164,1563958800,437,450,13,887,30,-0.15182678565125443,0.3574147191047997
164,1563973200,549,655,106,1204,30,1.7957443958062163,1.0331935590226182
164,1563987600,702,483,0,1185,30,-0.42406791854315895,0.992689464516503
164,1564002000,820,781,0,1601,30,-0.42406791854315895,1.8795159547556592
164,1564016400,375,233,0,608,30,-0.42406791854315895,-0.2373559318007882
164,1564030800,21,18,0,39,30,-0.42406791854315895,-1.4503469725365572
164,1564045200,406,447,41,853,30,0.43453873134669374,0.2849337078833302
164,1564059600,570,598,28,1168,30,0.16229759845478922,0.9564489589057682
164,1564074000,707,496,0,1203,30,-0.42406791854315895,1.031061764574928
164,1564088400,802,741,0,1543,30,-0.42406791854315895,1.7558718767896229
164,1564102800,266,247,0,513,30,-0.42406791854315895,-0.43987640433136477
164,1564117200,13,32,19,45,30,-0.026177032008836972,-1.4375562058504154
164,1564131600,344,351,7,695,30,-0.2774765392936719,-0.05188981485173391
164,1564146000,509,546,37,1055,30,0.3507722289184154,0.7155561863167667
164,1564160400,682,521,0,1203,30,-0.42406791854315895,1.031061764574928
164,1564174800,707,619,0,1326,30,-0.42406791854315895,1.2932724816408323
164,1564189200,311,208,0,519,30,-0.42406791854315895,-0.42708563764522306
164,1564203600,21,36,15,57,30,-0.10994353443711528,-1.4119746724781321
164,1564218000,98,110,12,208,30,-0.172768411258324,-1.0900737108768999
164,1564232400,309,275,0,584,30,-0.42406791854315895,-0.2885189985453549
164,1564246800,481,382,0,863,30,-0.42406791854315895,0.306251652360233
164,1564261200,448,377,0,825,30,-0.42406791854315895,0.2252434633480024
164,1564275600,229,181,0,410,30,-0.42406791854315895,-0.6594512324434635
164,1564290000,20,68,48,88,30,0.5811301105961808,-1.3458890445997334
164,1564304400,49,82,33,131,30,0.2670057264901371,-1.2542218833490515
164,1564318800,309,254,0,563,30,-0.42406791854315895,-0.3332866819468508
164,1564333200,439,408,0,847,30,-0.42406791854315895,0.27214294119718857
164,1564347600,363,354,0,717,30,-0.42406791854315895,-0.004990337002547765
164,1564362000,139,142,3,281,30,-0.3612430417219502,-0.9344527161955095
164,1564376400,11,20,9,31,30,-0.23559328807953275,-1.4674013281180793
164,1564390800,371,446,75,817,30,1.1465540019870595,0.20818910776648017
164,1564405200,519,634,115,1153,30,1.9842190262698425,0.924472042190414
164,1564419600,612,422,0,1034,30,-0.42406791854315895,0.6707885029152708
164,1564434000,754,698,0,1452,30,-0.42406791854315895,1.5618785820498076
164,1564448400,159,183,24,342,31,0.22024728044450034,-1.0513405002921048
164,1564462800,12,23,11,35,31,-0.2964230315756808,-1.6685737119377007
164,1564477200,410,438,28,848,31,0.37922276106609454,-0.03401149347558515
164,1564491600,547,606,59,1153,31,1.6112827358834496,0.5792006549019613
164,1564506000,665,467,0,1132,31,-0.7336056032850649,0.5369794905874417
164,1564520400,832,808,0,1640,31,-0.7336056032850649,1.558329560672011
164,1564534800,273,263,0,536,31,-0.7336056032850649,-0.6612973632913047
164,1564549200,12,26,14,38,31,-0.17719142110948516,-1.6625421170356265
164,1564563600,406,480,74,886,31,2.207440788214428,0.04238870861735506
164,1564578000,595,640,45,1235,31,1.05486855370787,0.7440642488919902
164,1564592400,790,446,0,1236,31,-0.7336056032850649,0.7460747805260148
164,1564606800,840,769,0,1609,31,-0.7336056032850649,1.4960030800172437
164,1564621200,288,207,0,495,31,-0.7336056032850649,-0.7437291602863192
164,1564635600,19,20,1,39,31,-0.6938617331296663,-1.6605315854016016
164,1564650000,389,424,35,813,31,0.6574298521538844,-0.10438010066645113
164,1564664400,558,587,29,1145,31,0.4189666312214931,0.5631164018297633
164,1564678800,666,491,0,1157,31,-0.7336056032850649,0.5872427814380602
164,1564693200,804,775,0,1579,31,-0.7336056032850649,1.4356871309965016
164,1564707600,304,243,0,547,31,-0.7336056032850649,-0.6391815153170326
164,1564722000,14,31,17,45,31,-0.057959810643289505,-1.6484683955974533
164,1564736400,318,408,90,726,31,2.8433427107008047,-0.2792963528266037
164,1564750800,520,536,16,1056,31,-0.09770368079868805,0.3841790864015613
164,1564765200,659,532,0,1191,31,-0.7336056032850649,0.6556008569949014
164,1564779600,690,585,0,1275,31,-0.7336056032850649,0.8244855142529799
164,1565398800,9538,9617,79,19155,32,2.368857393204241,4.1080624711102
164,1565413200,18,28,10,46,32,-0.2278953714556596,-0.36346907665360795
164,1565427600,98,94,0,192,32,-0.6042363518411524,-0.329304881459013
164,1565442000,295,292,0,587,32,-0.6042363518411524,-0.23687435336404702
164,1565456400,422,357,0,779,32,-0.6042363518411524,-0.1919460966697851
164,1565470800,416,390,0,806,32,-0.6042363518411524,-0.18562806057215453
164,1565485200,376,167,0,543,32,-0.6042363518411524,-0.2471704121898154
164,1565499600,14,31,17,45,32,0.03554331481418537,-0.36370307799055723
164,1565514000,48,78,30,126,32,0.5247865893153261,-0.3447489696976655
164,1565528400,263,224,0,487,32,-0.6042363518411524,-0.2602744870589751
164,1565542800,357,386,29,743,32,0.48715249127677673,-0.2003701447999592
164,1565557200,362,338,0,700,32,-0.6042363518411524,-0.2104322022887783
164,1565571600,263,137,0,400,32,-0.6042363518411524,-0.28063260337356255
164,1565586000,8,23,15,31,32,-0.03972488126291319,-0.3669790967078472
164,1565600400,367,384,17,751,32,0.03554331481418537,-0.19849813410436498
164,1565614800,480,572,92,1052,32,2.8581006677053815,-0.12806373168263144
164,1565629200,649,380,0,1029,32,-0.6042363518411524,-0.1334457624324649
164,1565643600,712,603,0,1315,32,-0.6042363518411524,-0.06652138006497058
164,1565658000,157,162,5,319,33,-0.4209579468106184,-0.4722071842441993
164,1565672400,16,20,4,36,33,-0.4457549086143294,-0.9996131785992596
164,1565686800,363,427,64,790,33,1.0420627996083331,0.40556038939973504
164,1565701200,478,601,123,1079,33,2.5050835460272847,0.9441481362852913
164,1565715600,658,457,0,1115,33,-0.5449427558291736,1.0112386514682672
164,1565730000,816,671,0,1487,33,-0.5449427558291736,1.7045073083590179
164,1565744400,197,186,0,383,33,-0.5449427558291736,-0.35293515725224217
164,1565758800,12,21,9,33,33,-0.3217700995957742,-1.0052040548645076
164,1565773200,380,415,35,795,33,0.3229509073007129,0.4148785165084817
164,1565787600,528,681,153,1209,33,3.248992400138616,1.1864194411127043
164,1565802000,725,417,0,1142,33,-0.5449427558291736,1.061556537855499
164,1565816400,808,627,0,1435,33,-0.5449427558291736,1.6075987864280528
164,1565830800,169,206,37,375,33,0.372544830908135,-0.3678441606262368
164,1565845200,11,23,12,34,33,-0.24737921418464107,-1.0033404294427581
164,1565859600,348,405,57,753,33,0.8684840669823559,0.33660624879500983
164,1565874000,491,596,105,1087,33,2.0587382335604856,0.959057139659286
164,1565888400,698,479,0,1177,33,-0.5449427558291736,1.1267834276167257
164,1565902800,774,636,0,1410,33,-0.5449427558291736,1.5610081508843194
164,1565917200,216,226,10,442,33,-0.2969731377920632,-0.2429812573690317
164,1565931600,13,25,12,38,33,-0.24737921418464107,-0.9958859277557609
164,1565946000,297,378,81,675,33,1.4636111502714209,0.19124346589856211
164,1565960400,480,541,61,1021,33,0.9676719141972,0.8360578618238301
164,1565974800,697,477,0,1174,33,-0.5449427558291736,1.1211925513514776
164,1565989200,622,480,0,1102,33,-0.5449427558291736,0.9870115209855259
164,1566003600,159,135,0,294,33,-0.5449427558291736,-0.5187978197879325
164,1566018000,0,3,3,3,33,-0.4705518704180405,-1.0611128175169875
164,1566032400,24,22,0,46,33,-0.5449427558291736,-0.9809769243817662
164,1566046800,39,44,5,83,33,-0.4209579468106184,-0.912022783777041
164,1566061200,14,12,0,26,33,-0.5449427558291736,-1.0182494328167528
164,1566075600,14,14,0,28,33,-0.5449427558291736,-1.0145221819732542
164,1566090000,4,4,0,8,33,-0.5449427558291736,-1.0517946904082407
164,1566104400,3,4,1,7,33,-0.5201457940254626,-1.0536583158299901
164,1566118800,2,4,2,6,33,-0.4953488322217515,-1.0555219412517394
164,1566133200,6,8,2,14,33,-0.4953488322217515,-1.040612937877745
164,1566147600,1,1,0,2,33,-0.5449427558291736,-1.0629764429387367
164,1566162000,1,2,1,3,33,-0.5201457940254626,-1.0611128175169875
164,1566176400,1,2,1,3,33,-0.5201457940254626,-1.0611128175169875
164,1566190800,2,7,5,9,33,-0.4209579468106184,-1.0499310649864915
164,1566205200,255,390,135,645,33,2.8026470876718172,0.1353347032460822
164,1566219600,788,650,0,1438,33,-0.5449427558291736,1.6131896626933007
164,1566234000,569,373,0,942,33,-0.5449427558291736,0.6888314535056331
164,1566248400,722,650,0,1372,33,-0.5449427558291736,1.4901903848578448
164,1566262800,142,155,13,297,34,-0.20339890670261013,-0.48281864286119597
164,1566277200,11,13,2,24,34,-0.5135318931600552,-1.036473864287986
164,1566291600,345,425,80,770,34,1.6855929199018282,0.47644479939108125
164,1566306000,476,560,84,1036,34,1.7983685513408991,1.0159037330889793
164,1566320400,589,426,0,1015,34,-0.5699197088795906,0.9733148699023031
164,1566334800,710,661,0,1371,34,-0.5699197088795906,1.6952975029716704
164,1566349200,187,206,19,393,34,-0.034235459544003706,-0.2881266968649621
164,1566363600,11,24,13,35,34,-0.20339890670261013,-1.0141654121425843
164,1566378000,336,393,57,729,34,1.0371330391271703,0.39329511412185636
164,1566392400,450,604,154,1054,34,3.7719421015246404,1.052408472963273
164,1566406800,614,416,0,1030,34,-0.5699197088795906,1.0037354864642145
164,1566421200,792,612,0,1404,34,-0.5699197088795906,1.7622228594078757
164,1566435600,226,193,0,419,34,-0.5699197088795906,-0.23539762815764878
164,1566450000,13,20,7,33,34,-0.37256235386121656,-1.0182214943508392
164,1566464400,341,387,46,728,34,0.7270000526697251,0.39126707301772895
164,1566478800,476,523,47,999,34,0.7551939605294928,0.9408662122362641
164,1566493200,644,415,0,1059,34,-0.5699197088795906,1.0625486784839102
164,1566507600,710,599,0,1309,34,-0.5699197088795906,1.5695589545157693
164,1566522000,220,192,0,412,34,-0.5699197088795906,-0.24959391588654084
164,1566536400,10,23,13,33,34,-0.20339890670261013,-1.0182214943508392
164,1566550800,261,368,107,629,34,2.4468284321155567,0.19049100370911276
164,1566565200,487,542,55,1029,34,0.9807452234076348,1.0017074453600872
164,1566579600,665,465,0,1130,34,-0.5699197088795906,1.2065395968769583
164,1566594000,624,474,0,1098,34,-0.5699197088795906,1.1416422815448803
164,1566608400,229,146,0,375,34,-0.5699197088795906,-0.324631436739256
164,1566622800,1,2,1,3,34,-0.5417258010198229,-1.0790627274746623
164,1566637200,1,1,0,2,34,-0.5699197088795906,-1.0810907685787896
164,1566651600,8,4,0,12,34,-0.5699197088795906,-1.0608103575375152
164,1566666000,37,26,0,63,34,-0.5699197088795906,-0.957380261227016
164,1566680400,19,17,0,36,34,-0.5699197088795906,-1.0121373710384567
164,1566694800,17,22,5,39,34,-0.428950169580752,-1.0060532477260744
164,1566709200,0,3,3,3,34,-0.4853379853002875,-1.0790627274746623
164,1566723600,0,0,0,0,34,-0.5699197088795906,-1.0851468507870445
164,1566738000,0,0,0,0,34,-0.5699197088795906,-1.0851468507870445
164,1566752400,0,0,0,0,34,-0.5699197088795906,-1.0851468507870445
164,1566766800,0,1,1,1,34,-0.5417258010198229,-1.083118809682917
164,1566781200,0,2,2,2,34,-0.5135318931600552,-1.0810907685787896
164,1566795600,2,9,7,11,34,-0.37256235386121656,-1.0628383986416428
164,1566810000,313,358,45,671,34,0.6988061448099574,0.27566873008246506
164,1566824400,468,556,88,1024,34,1.9111441827799698,0.99156723983945
164,1566838800,581,378,0,959,34,-0.5699197088795906,0.8597445680711666
164,1566853200,659,577,0,1236,34,-0.5699197088795906,1.4215119539144665
164,1566867600,160,130,0,290,35,-0.6222156217074266,-0.731321284814845
164,1566882000,8,28,20,36,35,-0.13827013815720593,-1.3511461411272918
164,1566896400,323,414,91,737,35,1.5797363284460773,0.35947285208146884
164,1566910800,444,577,133,1021,35,2.596021843901541,1.052505368588299
164,1566925200,592,391,0,983,35,-0.6222156217074266,0.9597756656754134
164,1566939600,721,602,0,1323,35,-0.6222156217074266,1.7894624812117594
164,1566954000,175,146,0,321,35,-0.6222156217074266,-0.6556733692806488
164,1566968400,9,24,15,33,35,-0.2592565090447611,-1.3584669071467301
164,1566982800,314,430,116,744,35,2.1846681828838532,0.3765546394601583
164,1566997200,503,629,126,1132,35,2.4266409246589635,1.323373711307518
164,1567011600,680,425,0,1105,35,-0.6222156217074266,1.2574868171325728
164,1567026000,727,624,0,1351,35,-0.6222156217074266,1.8577896307265174
164,1567040400,135,130,0,265,35,-0.6222156217074266,-0.7923276683101645
164,1567054800,11,25,14,36,35,-0.28345378322227216,-1.3511461411272918
164,1567069200,319,405,86,724,35,1.4587499575585223,0.32774953266390267
164,1567083600,503,633,130,1136,35,2.5234300213690077,1.333134732666769
164,1567098000,709,395,0,1104,35,-0.6222156217074266,1.25504656179276
164,1567112400,714,615,0,1329,35,-0.6222156217074266,1.804104013250636
164,1567126800,204,191,0,395,35,-0.6222156217074266,-0.47509447413450284
164,1567141200,13,27,14,40,35,-0.28345378322227216,-1.3413851197680406
164,1567155600,215,309,94,524,35,1.6523281509786105,-0.16030153529865387
164,1567170000,435,467,32,902,35,0.15209715197292648,0.762114983150578
164,1567184400,721,476,0,1197,35,-0.6222156217074266,1.481990308395349
164,1567198800,581,390,0,971,35,-0.6222156217074266,0.93049260159766
164,1567213200,218,146,0,364,35,-0.6222156217074266,-0.5507423896686992
164,1567227600,14,47,33,61,35,0.1762944261504375,-1.2901397576319722
164,1567242000,71,90,19,161,35,-0.16246741233471698,-1.046114223650694
164,1567256400,296,266,0,562,35,-0.6222156217074266,-0.06757183238576814
164,1567270800,352,304,0,656,35,-0.6222156217074266,0.16181216955663344
164,1567285200,366,319,0,685,35,-0.6222156217074266,0.23257957441120414
164,1567299600,208,171,0,379,35,-0.6222156217074266,-0.5141385595715073
164,1567314000,11,25,14,36,35,-0.28345378322227216,-1.3511461411272918
164,1567328400,52,63,11,115,35,-0.35604560575480526,-1.158365969282082
164,1567342800,246,262,16,508,35,-0.23505923486725008,-0.1993456207356584
164,1567357200,344,284,0,628,35,-0.6222156217074266,0.09348502004187552
164,1567371600,296,285,0,581,35,-0.6222156217074266,-0.021206980929325266
164,1567386000,204,116,0,320,35,-0.6222156217074266,-0.6581136246204615
164,1567400400,11,20,9,31,35,-0.4044401541098273,-1.3633474178263558
164,1567414800,58,87,29,145,35,0.07950532944039337,-1.0851583090876986
164,1567429200,236,314,78,550,35,1.2651717641384341,-0.09685489646352154
164,1567443600,384,339,0,723,35,-0.6222156217074266,0.3253092773240899
164,1567458000,303,260,0,563,35,-0.6222156217074266,-0.06513157704595536
164,1567472400,111,110,0,221,36,-0.5165622621572469,-1.0595443776237925
164,1567486800,9,23,14,32,36,-0.3500389013302397,-1.4246063711815713
164,1567501200,381,466,85,847,36,0.49447242857815404,0.1496027544776335
164,1567515600,512,580,68,1092,36,0.29226549043107386,0.6228312646451245
164,1567530000,629,431,0,1060,36,-0.5165622621572469,0.5610218265824318
164,1567544400,766,635,0,1401,36,-0.5165622621572469,1.2196786509380009
164,1567558800,160,163,3,323,36,-0.48087868483717394,-0.8625267937989596
164,1567573200,14,30,16,44,36,-0.3262498497835244,-1.4014278319080615
164,1567587600,373,475,102,848,36,0.6966793667252342,0.15153429941709262
164,1567602000,533,625,92,1158,36,0.5777341089916577,0.7503132306494282
164,1567616400,628,411,0,1039,36,-0.5165622621572469,0.5204593828537897
164,1567630800,803,704,0,1507,36,-0.5165622621572469,1.4244224145206705
164,1567645200,178,203,25,381,36,-0.21919911782330545,-0.750497187310329
164,1567659600,10,31,21,41,36,-0.26677722091673606,-1.407222466726439
164,1567674000,451,740,289,1191,36,2.9209556863431163,0.81405421365158
164,1567688400,540,659,119,1199,36,0.8988863048723145,0.8295065731672533
164,1567702800,899,447,0,1346,36,-0.5165622621572469,1.1134436792677478
164,1567717200,875,731,0,1606,36,-0.5165622621572469,1.6156453635271262
164,1567731600,229,214,0,443,36,-0.5165622621572469,-0.6307414010638619
164,1567746000,21,29,8,50,36,-0.42140605597038566,-1.3898385622713068
164,1567760400,378,699,321,1077,36,3.3015805110905614,0.5938580905532373
164,1567774800,537,620,83,1157,36,0.47068337703143875,0.7483816857099691
164,1567789200,1017,595,0,1612,36,-0.5165622621572469,1.627234633163881
164,1567803600,878,706,0,1584,36,-0.5165622621572469,1.573151374859025
164,1567818000,350,178,0,528,36,-0.5165622621572469,-0.46656008120983444
164,1567832400,30,22,0,52,36,-0.5165622621572469,-1.3859754723923885
164,1567846800,66,124,58,190,36,0.17332023269749727,-1.119422270747026
164,1567861200,328,322,0,650,36,-0.5165622621572469,-0.23091159859581847
164,1567875600,551,418,0,969,36,-0.5165622621572469,0.38525123709164943
164,1567890000,481,340,0,821,36,-0.5165622621572469,0.09938258605169566
164,1567904400,191,162,0,353,36,-0.5165622621572469,-0.8045804456151852
164,1567918800,25,35,10,60,36,-0.3976170044236703,-1.3705231128767152
164,1567933200,49,88,39,137,36,-0.05267575699629823,-1.2217941525383609
164,1567947600,289,311,22,600,36,-0.2548826951433784,-0.32748884556877583
164,1567962000,394,374,0,768,36,-0.5165622621572469,-0.0029892957396391354
164,1567976400,357,283,0,640,36,-0.5165622621572469,-0.25022704799040996
164,1567990800,113,116,3,229,36,-0.48087868483717394,-1.0440920181081195
164,1568005200,11,20,9,31,36,-0.40951153019702796,-1.4265379161210305
164,1568019600,415,766,351,1181,36,3.658416284291291,0.7947387642569886
164,1568034000,479,565,86,1044,36,0.5063669543515117,0.5301171075510854
164,1568048400,853,439,0,1292,36,-0.5165622621572469,1.009140252536954
164,1568062800,833,684,0,1517,36,-0.5165622621572469,1.443737863915262
164,1568077200,175,155,0,330,37,-0.45892131040284345,-0.8929532670440375
164,1568091600,11,17,6,28,37,-0.38844710551465544,-1.4156696801503035
164,1568106000,453,726,273,1179,37,2.7476550120097123,0.5765375764235778
164,1568120400,576,672,96,1248,37,0.668665967808165,0.6959661608750094
164,1568134800,918,458,0,1376,37,-0.45892131040284345,0.9175148392776652
164,1568149200,887,782,0,1669,37,-0.45892131040284345,1.4246536109337444
164,1568163600,250,183,0,433,37,-0.45892131040284345,-0.7146758148919005
164,1568178000,20,19,0,39,37,-0.45892131040284345,-1.3966303406000753
164,1568192400,419,746,327,1165,37,3.3819228560034045,0.5523056897232873
164,1568206800,554,643,89,1197,37,0.586446062105279,0.6076928593239513
164,1568221200,923,493,0,1416,37,-0.45892131040284345,0.9867488012784952
164,1568235600,883,782,0,1665,37,-0.45892131040284345,1.4177302147336615
164,1568250000,210,198,0,408,37,-0.45892131040284345,-0.7579470411424192
164,1568264400,15,26,11,41,37,-0.32971860144116544,-1.3931686425000338
164,1568278800,776,608,0,1384,37,-0.45892131040284345,0.9313616316778313
164,1568293200,768,618,0,1386,37,-0.45892131040284345,0.9348233297778727
164,1568307600,1185,467,0,1652,37,-0.45892131040284345,1.3952291770833918
164,1568322000,993,771,0,1764,37,-0.45892131040284345,1.5890842706857156
164,1568336400,256,163,0,419,37,-0.45892131040284345,-0.738907701592191
164,1568350800,15,19,4,34,37,-0.41193850714405145,-1.405284585850179
164,1568365200,359,643,284,1002,37,2.8768577209713904,0.27017729456990536
164,1568379600,545,622,77,1167,37,0.4454976523289029,0.5557673878233288
164,1568394000,932,539,0,1471,37,-0.45892131040284345,1.0819454990296364
164,1568408400,881,703,0,1584,37,-0.45892131040284345,1.277531441681981
164,1568422800,287,198,0,485,37,-0.45892131040284345,-0.6246716642908215
164,1568437200,16,27,11,43,37,-0.32971860144116544,-1.3897069443999923
164,1568451600,76,120,44,196,37,0.057889525443868765,-1.1248870397468178
164,1568466000,324,340,16,664,37,-0.2709900973676754,-0.3148496843371076
164,1568480400,523,426,0,949,37,-0.45892131040284345,0.1784422949188057
164,1568494800,507,375,0,882,37,-0.45892131040284345,0.06247540856741555
164,1568509200,273,167,0,440,37,-0.45892131040284345,-0.7025598715417553
164,1568523600,17,27,10,44,37,-0.34146430225586344,-1.3879760953499716
164,1568538000,55,77,22,132,37,-0.20051589247948737,-1.2356613789481457
164,1568552400,272,279,7,551,37,-0.37670140469995744,-0.5104356269894522
164,1568566800,408,386,0,794,37,-0.45892131040284345,-0.08983930783441031
164,1568581200,388,313,0,701,37,-0.45892131040284345,-0.2508082694863399
164,1568595600,86,96,10,182,37,-0.34146430225586344,-1.1491189264471082
164,1568610000,7,20,13,27,37,-0.3062271998117694,-1.4174005292003242
164,1568624400,434,709,275,1143,37,2.771146413639108,0.5142270106228308
164,1568638800,541,607,66,1148,37,0.3162949433672249,0.5228812558729347
164,1568653200,892,489,0,1381,37,-0.45892131040284345,0.926169084527769
164,1568667600,885,824,0,1709,37,-0.45892131040284345,1.4938875729345744
164,1568682000,331,140,0,471,38,-0.6577918972918994,-0.6570152483515737
164,1568696400,11,24,13,35,38,-0.5270000633802544,-1.4084525869196842
164,1568710800,432,717,285,1149,38,2.209567538463394,0.5115042827245249
164,1568725200,526,657,131,1183,38,0.660187352125446,0.5701026072917629
164,1568739600,925,483,0,1408,38,-0.6577918972918994,0.9578856375161319
164,1568754000,953,733,0,1686,38,-0.6577918972918994,1.437013114860019
164,1568768400,279,154,0,433,38,-0.6577918972918994,-0.7225074934561337
164,1568782800,13,26,13,39,38,-0.5270000633802544,-1.401558666382362
164,1568797200,418,760,342,1178,38,2.7830394256144526,0.5614852066201103
164,1568811600,526,627,101,1153,38,0.35836004309857306,0.518398203261847
164,1568826000,904,526,0,1430,38,-0.6577918972918994,0.9958022004714034
164,1568840400,931,768,0,1699,38,-0.6577918972918994,1.4594183566063157
164,1568854800,416,194,0,610,38,-0.6577918972918994,-0.41745150967963013
164,1568869200,10,27,17,37,38,-0.48675642217667137,-1.4050056266510231
164,1568883600,412,696,284,1108,38,2.1995066281624984,0.4408415972169732
164,1568898000,546,671,125,1217,38,0.5998218903200715,0.6287009318590009
164,1568912400,922,482,0,1404,38,-0.6577918972918994,0.9509917169788097
164,1568926800,934,871,0,1805,38,-0.6577918972918994,1.6421072508453518
164,1568941200,378,178,0,556,38,-0.6577918972918994,-0.5105194369334787
164,1568955600,11,20,9,31,38,-0.5672437045838375,-1.4153465074570064
164,1568970000,374,710,336,1084,38,2.722673963809078,0.39947807399304053
164,1568984400,620,653,33,1273,38,-0.3257818573623391,0.7252158193815105
164,1568998800,902,540,0,1442,38,-0.6577918972918994,1.0164839620833699
164,1569013200,874,720,0,1594,38,-0.6577918972918994,1.2784529425016102
164,1569027600,413,158,0,571,38,-0.6577918972918994,-0.48466723491852076
164,1569042000,17,29,12,46,38,-0.5370609736811502,-1.3894943054420483
164,1569056400,45,142,97,187,38,0.31811640189498996,-1.1464836065014439
164,1569070800,214,348,134,562,38,0.6903700830281333,-0.5001785561274955
164,1569085200,403,521,118,924,38,0.529395518213801,0.1237212525001559
164,1569099600,391,421,30,812,38,-0.3559645882650264,-0.06930852254486332
164,1569114000,244,164,0,408,38,-0.6577918972918994,-0.765594496814397
164,1569128400,16,29,13,45,38,-0.5270000633802544,-1.391217785576379
164,1569142800,34,83,49,117,38,-0.16480729254800683,-1.2671272159045808
164,1569157200,169,267,98,436,38,0.32817731219588575,-0.7173370530531421
164,1569171600,342,414,72,756,38,0.06659364437259581,-0.16582341006737294
164,1569186000,330,243,0,573,38,-0.6577918972918994,-0.4812202746498597
164,1569200400,100,114,14,214,38,-0.5169391530793587,-1.0999496428745195
164,1569214800,8,26,18,34,38,-0.4766955118757756,-1.4101760670540147
164,1569229200,430,723,293,1153,38,2.2900548208705604,0.518398203261847
164,1569243600,669,778,109,1447,38,0.4388473255057392,1.0251013627550225
164,1569258000,1069,666,0,1735,38,-0.6577918972918994,1.5214636414422147
164,1569272400,1087,661,0,1748,38,-0.6577918972918994,1.5438688831885117
164,1569286800,248,163,0,411,39,-0.7034936672062859,-0.7492075117753153
164,1569301200,12,18,6,30,39,-0.6419593374124699,-1.348678415491931
164,1569315600,426,740,314,1166,39,2.516802925336754,0.43872039453976297
164,1569330000,699,874,175,1573,39,1.0912576184466822,1.07910007383809
164,1569344400,1202,756,0,1958,39,-0.7034936672062859,1.6848646353365075
164,1569358800,1109,800,0,1909,39,-0.7034936672062859,1.607767327509436
164,1569373200,289,175,0,464,39,-0.7034936672062859,-0.6658165461664423
164,1569387600,13,24,11,37,39,-0.5906807292509565,-1.337664514373778
164,1569402000,429,779,350,1208,39,2.8860089040996506,0.5048038012486812
164,1569416400,759,883,124,1642,39,0.5682158151992457,1.18766567057417
164,1569430800,1176,653,0,1829,39,-0.7034936672062859,1.4818941718734013
164,1569445200,1108,770,0,1878,39,-0.7034936672062859,1.5589914797004725
164,1569459600,344,179,0,523,39,-0.7034936672062859,-0.5729850938848666
164,1569474000,17,26,9,43,39,-0.6111921725155619,-1.3282240277010753
164,1569488400,429,705,276,1134,39,2.127085503309252,0.38837113228534903
164,1569502800,748,851,103,1599,39,0.3528456609208896,1.1200088494198013
164,1569517200,1141,608,0,1749,39,-0.7034936672062859,1.3560210162373665
164,1569531600,1072,781,0,1853,39,-0.7034936672062859,1.5196561185642117
164,1569546000,286,190,0,476,39,-0.7034936672062859,-0.6469355728210371
164,1569560400,14,20,6,34,39,-0.6419593374124699,-1.3423847577101293
164,1569574800,406,686,280,1092,39,2.168108389838463,0.32228772557643076
164,1569589200,540,633,93,1173,39,0.2502884445978628,0.449734295657916
164,1569603600,955,568,0,1523,39,-0.7034936672062859,1.0004293515655682
164,1569618000,933,794,0,1727,39,-0.7034936672062859,1.3214058984374568
164,1569632400,475,198,0,673,39,-0.7034936672062859,-0.3369729270673014
164,1569646800,24,35,11,59,39,-0.5906807292509565,-1.3030493965738683
164,1569661200,38,144,106,182,39,0.3836128258177976,-1.1095194197834648
164,1569675600,206,432,226,638,39,1.6142994216941187,-0.3920424326580666
164,1569690000,428,545,117,973,39,0.496425763773127,0.13505140656782905
164,1569704400,363,523,160,886,39,0.937421793962142,-0.001835650186358781
164,1569718800,279,130,0,409,39,-0.7034936672062859,-0.7523543406662162
164,1569733200,18,23,5,41,39,-0.6522150590447725,-1.3313708565919762
164,1569747600,31,81,50,112,39,-0.1907075855911522,-1.2196584309649954
164,1569762000,167,301,134,468,39,0.6707730315222725,-0.6595228883846406
164,1569776400,313,406,93,719,39,0.2502884445978628,-0.2645958625765814
164,1569790800,316,337,21,653,39,-0.48812351292792977,-0.3684412159763101
164,1569805200,145,112,0,257,39,-0.7034936672062859,-0.9915133363746823
164,1569819600,13,23,10,36,39,-0.6009364508832592,-1.3392379288192284
164,1569834000,322,377,55,699,39,-0.1394289774296388,-0.29606415148559007
164,1569848400,428,574,146,1002,39,0.7938416911099045,0.18068042548589167
164,1569862800,565,402,0,967,39,-0.7034936672062859,0.12561091989512643
164,1569877200,755,701,0,1456,39,-0.7034936672062859,0.8950105837203891
164,1569891600,314,118,0,432,40,-0.5374920782397999,-0.8163096388860669
164,1569906000,9,17,8,26,40,-0.45849061792108925,-1.5055749006976644
164,1569920400,354,431,77,785,40,0.22289697732779104,-0.2170223546015991
164,1569934800,488,573,85,1061,40,0.3018984376465018,0.2515422076151519
164,1569949200,637,452,0,1089,40,-0.5374920782397999,0.29907774291250344
164,1569963600,891,845,0,1736,40,-0.5374920782397999,1.3974881478191625
164,1569978000,391,143,0,534,40,-0.5374920782397999,-0.6431444745885719
164,1569992400,11,24,13,35,40,-0.409114705221895,-1.490295621494944
164,1570006800,392,762,370,1154,40,3.116325461500572,0.4094280927099267
164,1570021200,546,696,150,1242,40,0.9437853027360267,0.5588254893587459
164,1570035600,927,662,0,1589,40,-0.5374920782397999,1.1479265875080669
164,1570050000,991,920,0,1911,40,-0.5374920782397999,1.6945852434276096
164,1570064400,432,150,0,582,40,-0.5374920782397999,-0.5616549855073979
164,1570078800,11,23,12,34,40,-0.41898988776173385,-1.4919933191841352
164,1570093200,429,764,335,1193,40,2.770694072606213,0.47563830258838063
164,1570107600,608,715,107,1323,40,0.5191524535229564,0.6963390021832271
164,1570122000,1044,542,0,1586,40,-0.5374920782397999,1.1428334944404934
164,1570136400,1119,974,0,2093,40,-0.5374920782397999,2.0035662228603948
164,1570150800,673,178,0,851,40,-0.5374920782397999,-0.10497430711498473
164,1570165200,16,24,8,40,40,-0.45849061792108925,-1.4818071330489886
164,1570179600,364,685,321,1049,40,2.632441517048469,0.23116983534485835
164,1570194000,598,708,110,1306,40,0.5487780011424729,0.6674781414669779
164,1570208400,1032,617,0,1649,40,-0.5374920782397999,1.2497884488595346
164,1570222800,937,797,0,1734,40,-0.5374920782397999,1.3940927524407802
164,1570237200,484,204,0,688,40,-0.5374920782397999,-0.3816990304531384
164,1570251600,37,28,0,65,40,-0.5374920782397999,-1.4393646908192104
164,1570266000,79,118,39,197,40,-0.15235995918608505,-1.2152685958459817
164,1570280400,384,435,51,819,40,-0.03385776870801892,-0.15930063316910079
164,1570294800,606,481,0,1087,40,-0.5374920782397999,0.2956823475341212
164,1570309200,638,480,0,1118,40,-0.5374920782397999,0.34831097589904614
164,1570323600,563,193,0,756,40,-0.5374920782397999,-0.2662555875881418
164,1570338000,22,46,24,68,40,-0.3004876972836677,-1.434271597751637
164,1570352400,47,83,36,130,40,-0.18198550680560158,-1.3290143410217872
164,1570366800,266,304,38,570,40,-0.1622351417259239,-0.5820273577776913
164,1570381200,504,469,0,973,40,-0.5374920782397999,0.10214481096633272
164,1570395600,495,390,0,885,40,-0.5374920782397999,-0.04725258568248643
164,1570410000,255,92,0,347,40,-0.5374920782397999,-0.9606139424673127
164,1570424400,8,16,8,24,40,-0.45849061792108925,-1.5089702960760465
164,1570438800,407,737,330,1144,40,2.7213181599070184,0.3924511158180154
164,1570453200,517,681,164,1198,40,1.0820378582937704,0.48412679103433626
164,1570467600,888,545,0,1433,40,-0.5374920782397999,0.8830857479942511
164,1570482000,1060,743,0,1803,40,-0.5374920782397999,1.511233892994968
164,1570496400,381,149,0,530,41,-0.6023823115502319,-0.5395475480422723
164,1570510800,17,20,3,37,41,-0.57059832023728,-1.451462618629432
164,1570525200,438,710,272,1148,41,2.2793662341574104,0.6035833112333152
164,1570539600,557,653,96,1210,41,0.4147054104642301,0.7182663424227754
164,1570554000,914,504,0,1418,41,-0.6023823115502319,1.1030094148003193
164,1570568400,1026,874,0,1900,41,-0.6023823115502319,1.9945774959828975
164,1570582800,474,151,0,625,41,-0.6023823115502319,-0.36382354863906713
164,1570597200,23,24,1,47,41,-0.591787647779248,-1.4329653555343578
164,1570611600,299,373,74,672,41,0.18162280750258253,-0.27688641209221826
164,1570626000,575,611,36,1186,41,-0.22097441579480867,0.6738729109945972
164,1570640400,685,482,0,1167,41,-0.6023823115502319,0.6387281111139562
164,1570654800,893,771,0,1664,41,-0.6023823115502319,1.5580420869391456
164,1570669200,506,151,0,657,41,-0.6023823115502319,-0.3046323067348296
164,1570683600,18,24,6,42,41,-0.538814328924328,-1.4422139870818949
164,1570698000,415,737,322,1152,41,2.8090994227066095,0.6109822164713449
164,1570712400,563,641,78,1204,41,0.22400146258651846,0.7071679845657308
164,1570726800,926,487,0,1413,41,-0.6023823115502319,1.0937607832527823
164,1570741200,982,914,0,1896,41,-0.6023823115502319,1.9871785907448678
164,1570755600,674,205,0,879,41,-0.6023823115502319,0.10600693397581835
164,1570770000,17,26,9,43,41,-0.5070303376113761,-1.4403642607723874
164,1570784400,375,711,336,1086,41,2.957424715500385,0.48890028004385494
164,1570798800,546,641,95,1187,41,0.4041107466932461,0.6757226373041046
164,1570813200,964,592,0,1556,41,-0.6023823115502319,1.3582716455123438
164,1570827600,945,756,0,1701,41,-0.6023823115502319,1.6264819603909202
164,1570842000,455,189,0,644,41,-0.6023823115502319,-0.32867874875842606
164,1570856400,23,26,3,49,41,-0.57059832023728,-1.429265902915343
164,1570870800,41,126,85,167,41,0.2981641089834063,-1.210998198393467
164,1570885200,217,472,255,689,41,2.0992569500506826,-0.24544106483059205
164,1570899600,439,527,88,966,41,0.32994810029635824,0.26693312290296417
164,1570914000,422,633,211,1055,41,1.6330917441273876,0.43155876444912483
164,1570928400,340,162,0,502,41,-0.6023823115502319,-0.5913398847084802
164,1570942800,22,30,8,52,41,-0.5176250013823601,-1.4237167239868205
164,1570957200,30,79,49,109,41,-0.08324378677201695,-1.3182823243448976
164,1570971600,166,285,119,451,41,0.6583826771968616,-0.6856759264933587
164,1570986000,363,579,216,942,41,1.6860650629823075,0.222539691474786
164,1571000400,364,329,0,693,41,-0.6023823115502319,-0.23804215959256236
164,1571014800,127,106,0,233,41,-0.6023823115502319,-1.088916261965977
164,1571029200,11,21,10,32,41,-0.4964356738403921,-1.460711250176969
164,1571043600,277,293,16,570,41,-0.43286769121448826,-0.4655584956619754
164,1571058000,448,421,0,869,41,-0.6023823115502319,0.08750967088074413
164,1571072400,583,381,0,964,41,-0.6023823115502319,0.26323367028394934
164,1571086800,674,430,0,1104,41,-0.6023823115502319,0.5221953536149886
164,1571101200,181,113,0,294,42,-0.5292396189927563,-0.986638435416707
164,1571115600,12,26,14,38,42,-0.4070921460442595,-1.4333043787684125
164,1571130000,441,704,263,1145,42,1.7653879085397186,0.4981768684594706
164,1571144400,533,532,0,1065,42,-0.5292396189927563,0.3585937611620626
164,1571158800,871,552,0,1423,42,-0.5292396189927563,0.9832281663179634
164,1571173200,940,731,0,1671,42,-0.5292396189927563,1.4159357989399282
164,1571187600,337,137,0,474,42,-0.5292396189927563,-0.672576443997539
164,1571202000,12,22,10,34,42,-0.4419914240295443,-1.440283534133283
164,1571216400,430,759,329,1189,42,2.341225995296918,0.574947577473045
164,1571230800,575,578,3,1153,42,-0.5030651605037927,0.5121351791892115
164,1571245200,1041,587,0,1628,42,-0.5292396189927563,1.3409098787675715
164,1571259600,1194,873,0,2067,42,-0.5292396189927563,2.1068721800620978
164,1571274000,532,145,0,677,42,-0.5292396189927563,-0.3183843092303662
164,1571288400,16,11,0,27,42,-0.5292396189927563,-1.4524970560218062
164,1571302168,372,532,160,904,42,0.8667315004186353,0.07768275772602902
164,1571302722,42,43,1,85,42,-0.5205147994964351,-1.3512993032311853
164,1571302800,323,766,443,1089,42,3.3358554178775344,0.40046869335128504
164,1571317200,603,621,18,1224,42,-0.37219286805897467,0.6360151869156611
164,1571331600,951,494,0,1445,42,-0.5292396189927563,1.0216135208247505
164,1571346000,1043,760,0,1803,42,-0.5292396189927563,1.6462479259806515
164,1571360400,392,180,0,572,42,-0.5292396189927563,-0.5015871375582142
164,1571374800,11,24,13,35,42,-0.4158169655405807,-1.4385387452920655
164,1571389200,374,742,368,1116,42,2.6814939556534445,0.4475779920641602
164,1571403600,566,573,7,1139,42,-0.4681658825185079,0.487708135412165
164,1571418000,936,520,0,1456,42,-0.5292396189927563,1.0408061980781442
164,1571432400,925,748,0,1673,42,-0.5292396189927563,1.4194253766223635
164,1571446800,627,176,0,803,42,-0.5292396189927563,-0.09854091523694858
164,1571461200,32,24,0,56,42,-0.5292396189927563,-1.4018981796264958
164,1571475600,46,128,82,174,42,0.18619557970558193,-1.196013096362819
164,1571490000,264,468,204,732,42,1.250623558256768,-0.2224209229633982
164,1571504400,448,499,51,947,42,-0.08427382468037518,0.15270867789838583
164,1571518800,469,541,72,1010,42,0.09894738474236997,0.2626303748950946
164,1571533200,325,153,0,478,42,-0.5292396189927563,-0.6655972886326685
164,1571547600,25,25,0,50,42,-0.5292396189927563,-1.4123669126738014
164,1571562000,40,198,158,238,42,0.8492818614259929,-1.0843466105248927
164,1571576400,335,309,0,644,42,-0.5292396189927563,-0.375962340990547
164,1571590800,501,566,65,1067,42,0.03787364826812158,0.36208333884449784
164,1571605200,491,286,0,777,42,-0.5292396189927563,-0.14390542510860618
164,1571619600,125,76,0,201,42,-0.5292396189927563,-1.1489037976499439
164,1571634000,6,23,17,29,42,-0.38091768755529587,-1.449007478339371
164,1571648400,390,731,341,1121,42,2.4459238292527723,0.45630193627024823
164,1571662800,479,529,50,1008,42,-0.09299864417669637,0.2591407972126594
164,1571677200,846,511,0,1357,42,-0.5292396189927563,0.8680721027976018
164,1571691600,999,700,0,1699,42,-0.5292396189927563,1.464789886494021
164,1571706000,234,125,0,359,43,-0.5061502624861174,-0.9264501495112795
164,1571720400,10,21,11,31,43,-0.40965325557119053,-1.518451459256979
164,1571734800,424,654,230,1078,43,1.5115144275532624,0.3712600386203001
164,1571749200,524,595,71,1119,43,0.11669405487386507,0.4452602023385126
164,1571763600,965,532,0,1497,43,-0.5061502624861174,1.1275056141795934
164,1571778000,974,692,0,1666,43,-0.5061502624861174,1.4325306792619812
164,1571792400,745,158,0,903,43,-0.5061502624861174,0.055405681286466425
164,1571806800,15,22,7,37,43,-0.44474307626752757,-1.5076221670055334
164,1571821200,434,812,378,1246,43,2.8098377933177328,0.6744802216607805
164,1571835600,590,566,0,1156,43,-0.5061502624861174,0.5120408378890946
164,1571850000,901,506,0,1407,43,-0.5061502624861174,0.9650662304079074
164,1571864400,1003,724,0,1727,43,-0.5061502624861174,1.5426284838183462
164,1571878800,463,160,0,623,43,-0.5061502624861174,-0.4499612904476675
164,1571893200,13,22,9,35,43,-0.42719816591935905,-1.5112319310893487
164,1571907600,410,738,328,1148,43,2.37121503461352,0.4976017815538336
164,1571922000,564,569,5,1133,43,-0.46228798661569614,0.4705285509252193
164,1571936400,883,484,0,1367,43,-0.5061502624861174,0.8928709487316026
164,1571950800,1036,785,0,1821,43,-0.5061502624861174,1.7122873957576625
164,1571965200,518,159,0,677,43,-0.5061502624861174,-0.35249766018465595
164,1571979600,14,41,27,55,43,-0.2692939727858424,-1.4751342902511961
164,1571994000,361,779,418,1140,43,3.160736000281103,0.4831627252185726
164,1572008400,533,781,248,1314,43,1.669418620686779,0.7972122005104987
164,1572022800,1045,622,0,1667,43,-0.5061502624861174,1.4343355613038888
164,1572037200,883,844,0,1727,43,-0.5061502624861174,1.5426284838183462
164,1572051600,434,176,0,610,43,-0.5061502624861174,-0.47342475699246656
164,1572066000,22,29,7,51,43,-0.44474307626752757,-1.4823538184188267
164,1572080400,61,134,73,195,43,0.13423896522203357,-1.2224508043841293
164,1572094800,350,459,109,809,43,0.45004735148906694,-0.11425323065284995
164,1572109200,492,431,0,923,43,-0.5061502624861174,0.09150332212461884
164,1572123600,556,530,0,1086,43,-0.5061502624861174,0.3856990949555611
164,1572138000,651,158,0,809,43,-0.5061502624861174,-0.11425323065284995
164,1572152400,21,27,6,48,43,-0.45351553144161183,-1.4877684645445495
164,1572166800,43,130,87,173,43,0.25705333765921323,-1.262158209306097
164,1572181200,355,378,23,733,43,-0.3043837934821794,-0.2514242658378292
164,1572195600,444,401,0,845,43,-0.5061502624861174,-0.049277477144175595
164,1572210000,428,227,0,655,43,-0.5061502624861174,-0.3922050651066236
164,1572224400,118,68,0,186,43,-0.5061502624861174,-1.2386947427612978
164,1572238800,11,20,9,31,43,-0.42719816591935905,-1.518451459256979
164,1572253200,401,753,352,1154,43,2.581753958791542,0.5084310738052793
164,1572256469,113,196,83,309,43,0.2219635169628762,-1.0166942516066604
164,1572267600,540,507,0,1047,43,-0.5061502624861174,0.31530869532116385
164,1572282000,898,530,0,1428,43,-0.5061502624861174,1.0029687532879674
164,1572296400,887,597,0,1484,43,-0.5061502624861174,1.1040421476347944
164,1572310800,246,138,0,384,44,-0.4093598983603454,-0.9553893460463304
164,1572325200,21,16,0,37,44,-0.4093598983603454,-1.5576057004115922
164,1572339600,513,603,90,1116,44,0.205656165154005,0.31499212771554763
164,1572354000,553,1323,770,1876,44,4.852444200595764,1.6339674283426342
164,1572368400,1094,474,0,1568,44,-0.4093598983603454,1.0994353328253412
164,1572382800,1062,743,0,1805,44,-0.4093598983603454,1.5107473673629983
164,1572397200,500,152,0,652,44,-0.4093598983603454,-0.49027700319362094
164,1572411600,13,32,19,45,44,-0.27952317384064923,-1.5437217498786755
164,1572426000,423,775,352,1198,44,1.9960362611624474,0.4573026206779438
164,1572440400,615,613,0,1228,44,-0.4093598983603454,0.5093674351763814
164,1572454800,933,503,0,1436,44,-0.4093598983603454,0.8703501490322156
164,1572469200,938,719,0,1657,44,-0.4093598983603454,1.2538942825040396
164,1572483600,545,122,0,667,44,-0.4093598983603454,-0.46424459594440215
164,1572498000,14,24,10,38,44,-0.34102478019208426,-1.5558702065949777
164,1572512400,407,734,327,1141,44,1.8251984657417943,0.35837947313091234
164,1572526800,565,589,24,1154,44,-0.24535561475651865,0.38094089274690196
164,1572541200,912,440,0,1352,44,-0.4093598983603454,0.7245686684365903
164,1572555600,897,721,0,1618,44,-0.4093598983603454,1.1862100236560706
164,1572570000,618,178,0,796,44,-0.4093598983603454,-0.24036589360112037
164,1572584400,14,72,58,86,44,-0.0130162129844307,-1.4725665033974775
164,1572598800,356,736,380,1092,44,2.1873745920335783,0.2733402761167975
164,1572613200,572,603,31,1175,44,-0.19752103203873583,0.41738626289580827
164,1572627600,976,515,0,1491,44,-0.4093598983603454,0.9658023089460179
164,1572642000,905,639,0,1544,44,-0.4093598983603454,1.0577834812265912
164,1572656400,445,175,0,620,44,-0.4093598983603454,-0.5458128053252878
164,1572670800,21,31,10,52,44,-0.34102478019208426,-1.5315732931623733
164,1572685200,82,181,99,263,44,0.26715777150544007,-1.1653840978566954
164,1572699600,433,438,5,871,44,-0.37519233927621487,-0.1102038573550263
164,1572714000,608,460,0,1068,44,-0.4093598983603454,0.23168842451804741
164,1572728400,599,467,0,1066,44,-0.4093598983603454,0.22821743688481824
164,1572742800,470,236,0,706,44,-0.4093598983603454,-0.39656033709643324
164,1572753600,21,39,18,60,44,-0.28635668565747535,-1.5176893426294567
164,1572768000,64,100,36,164,44,-0.16335347295460526,-1.3371979857015397
164,1572782400,348,400,52,748,44,-0.054017283885387395,-0.32366959679862056
164,1572796800,974,588,0,1562,44,-0.4093598983603454,1.0890223699256536
164,1572811200,1178,340,0,1518,44,-0.4093598983603454,1.0126606419946118
164,1572825600,200,117,0,317,44,-0.4093598983603454,-1.0716674317595078
164,1572840000,16,18,2,34,44,-0.3956928747266932,-1.562812181861436
164,1572854400,184,417,233,601,44,1.1828483549601396,-0.578787187840965
164,1572868800,759,713,0,1472,44,-0.4093598983603454,0.9328279264303407
164,1572883200,777,485,0,1262,44,-0.4093598983603454,0.5683742249412774
164,1572897600,1022,687,0,1709,44,-0.4093598983603454,1.344139960967998
164,1572912000,444,193,0,637,45,-0.6245765271761345,-0.417786837351749
164,1572926400,28,18,0,46,45,-0.6245765271761345,-1.400940504089056
164,1572940800,153,329,176,482,45,1.4874407138513066,-0.6756359377650867
164,1572955200,673,743,70,1416,45,0.21543033005068862,0.878112835048187
164,1572969600,602,494,0,1096,45,-0.6245765271761345,0.34577920838839304
164,1572984000,1014,814,0,1828,45,-0.6245765271761345,1.5634923793726718
164,1572998400,587,264,0,851,45,-0.6245765271761345,-0.06178872452301175
164,1573012800,37,33,0,70,45,-0.6245765271761345,-1.3610154820895715
164,1573027200,169,432,263,601,45,2.531449236404644,-0.4776743703509758
164,1573041600,698,870,172,1568,45,1.4394403220097738,1.130971307711589
164,1573056000,726,512,0,1238,45,-0.6245765271761345,0.5820022552186767
164,1573070400,1128,1014,0,2142,45,-0.6245765271761345,2.0858447505325945
164,1573084800,650,252,0,902,45,-0.6245765271761345,0.02305194722589292
164,1573099200,24,29,5,53,45,-0.5645760373742186,-1.389295706005873
164,1573113600,154,430,276,584,45,2.6874505098896253,-0.5059545942672774
164,1573128000,683,819,136,1502,45,1.007436795435979,1.0211774972130065
164,1573142400,719,506,0,1225,45,-0.6245765271761345,0.5603762016356225
164,1573156800,1219,903,0,2122,45,-0.6245765271761345,2.0525738988663575
164,1573171200,627,238,0,865,45,-0.6245765271761345,-0.03849912835664576
164,1573185600,30,34,4,64,45,-0.5765761353346018,-1.3709967375894425
164,1573200000,141,384,243,525,45,2.2914472771969803,-0.6041036066826768
164,1573214400,638,747,109,1385,45,0.6834341505056329,0.8265430149655195
164,1573228800,757,479,0,1236,45,-0.6245765271761345,0.5786751700520529
164,1573243200,1124,913,0,2037,45,-0.6245765271761345,1.9111727792848496
164,1573257600,765,274,0,1039,45,-0.6245765271761345,0.25095728113961724
164,1573272000,71,50,0,121,45,-0.6245765271761345,-1.2761748103406667
164,1573286400,58,104,46,162,45,-0.07257202099850789,-1.2079695644248807
164,1573300800,295,391,96,686,45,0.5274328770206516,-0.336273250769468
164,1573315200,562,594,32,1156,45,-0.24057339244387252,0.4455917633871044
164,1573329600,702,542,0,1244,45,-0.6245765271761345,0.5919835107185477
164,1573344000,615,201,0,816,45,-0.6245765271761345,-0.12001271493892672
164,1573358400,34,38,4,72,45,-0.5765761353346018,-1.3576883969229476
164,1573372800,29,68,39,97,45,-0.1565727067211902,-1.3160998323401514
164,1573387200,214,342,128,556,45,0.9114360117529136,-0.5525337866000093
164,1573401600,483,472,0,955,45,-0.6245765271761345,0.1112197041414213
164,1573416000,485,431,0,916,45,-0.6245765271761345,0.046341543392258905
164,1573430400,284,161,0,445,45,-0.6245765271761345,-0.7371870133476254
164,1573444800,23,22,0,45,45,-0.6245765271761345,-1.402604046672368
164,1573459200,116,311,195,427,45,1.7154425750985873,-0.7671307798472388
164,1573473600,577,769,192,1346,45,1.6794422812174377,0.7616648542163571
164,1573488000,556,474,0,1030,45,-0.6245765271761345,0.23598539788981052
164,1573502400,920,794,0,1714,45,-0.6245765271761345,1.3738485248751202
164,1573516800,466,239,0,705,46,-0.6685186591707218,-0.4028007478140144
164,1573531200,240,180,0,420,46,-0.6685186591707218,-0.8780619554368584
164,1573545600,167,448,281,615,46,2.0261047067899542,-0.5528832344317546
164,1573560000,674,978,304,1652,46,2.246661067704885,1.176400528041541
164,1573574400,790,473,0,1263,46,-0.6685186591707218,0.527710669215975
164,1573588800,1082,886,0,1968,46,-0.6685186591707218,1.7033568143882734
164,1573603200,528,311,0,839,46,-0.6685186591707218,-0.17934460107204564
164,1573617600,498,192,0,690,46,-0.6685186591707218,-0.42781449558363777
164,1573632000,141,410,269,551,46,1.9110318228343381,-0.6596085582488144
164,1573646400,662,891,229,1553,46,1.5274555429822847,1.0113097927620267
164,1573660800,725,520,0,1245,46,-0.6685186591707218,0.49769417189242693
164,1573675200,1178,914,0,2092,46,-0.6685186591707218,1.9101371292838265
164,1573689600,577,275,0,852,46,-0.6685186591707218,-0.15766601967170538
164,1573704000,25,26,1,51,46,-0.6589292521744206,-1.4934001505695933
164,1573718400,145,407,262,552,46,1.8439059738602288,-0.6579409750641728
164,1573732800,723,889,166,1612,46,0.9233229022153003,1.1096972006558787
164,1573747200,732,503,0,1235,46,-0.6685186591707218,0.48101834004601135
164,1573761600,1214,953,0,2167,46,-0.6685186591707218,2.035205868131943
164,1573776000,729,330,0,1059,46,-0.6685186591707218,0.18752369954909712
164,1573790400,41,36,0,77,46,-0.6685186591707218,-1.4500429877689127
164,1573804800,148,411,263,559,46,1.8534953808565302,-0.6462678927716818
164,1573819200,619,774,155,1393,46,0.8178394252559856,0.7444964832193774
164,1573833600,710,493,0,1203,46,-0.6685186591707218,0.42765567813748145
164,1573848000,1087,925,0,2012,46,-0.6685186591707218,1.7767304745125019
164,1573862400,750,244,0,994,46,-0.6685186591707218,0.07913079254739586
164,1573876800,37,34,0,71,46,-0.6685186591707218,-1.4600484868767623
164,1573891200,39,143,104,182,46,0.32877966844461737,-1.2749467533815493
164,1573905600,317,477,160,794,46,0.8657864602374924,-0.25438584438091577
164,1573920000,483,507,24,990,46,-0.4383728912594897,0.07246045980882962
164,1573934400,653,648,0,1301,46,-0.6685186591707218,0.5910788302323542
164,1573948800,564,156,0,720,46,-0.6685186591707218,-0.37778700004439103
164,1573963200,37,40,3,77,46,-0.6397504381818179,-1.4500429877689127
164,1573977600,32,98,66,130,46,-0.03561779741483349,-1.3616610789829102
164,1573992000,264,294,30,558,46,-0.3808364492816817,-0.6479354759563234
164,1574006400,493,621,128,1114,46,0.5589254363558496,0.2792407747043828
164,1574020800,675,307,0,982,46,-0.6685186591707218,0.05911979433169716
164,1574035200,174,137,0,311,46,-0.6685186591707218,-1.0598285225627881
164,1574049600,20,16,0,36,46,-0.6685186591707218,-1.5184138983392166
164,1574064000,161,403,242,564,46,1.652117833934202,-0.6379299768484741
164,1574078400,631,872,241,1503,46,1.6425284269379006,0.9279306335299489
164,1574092800,763,468,0,1231,46,-0.6685186591707218,0.4743480073074451
164,1574107200,1043,789,0,1832,46,-0.6685186591707218,1.4765655012770214
164,1574121600,378,256,0,634,47,-0.6177555212027773,-0.4607986537408285
164,1574136000,21,21,0,42,47,-0.6177555212027773,-1.394944412127454
164,1574150400,164,417,253,581,47,2.0048054729245544,-0.5444299462990906
164,1574164800,713,856,143,1569,47,0.8645615624344102,1.01458358290021
164,1574179200,698,503,0,1201,47,-0.6177555212027773,0.43389838174095624
164,1574193600,1165,963,0,2128,47,-0.6177555212027773,1.8966570270524454
164,1574208000,592,250,0,842,47,-0.6177555212027773,-0.13258527917255472
164,1574222400,28,26,0,54,47,-0.6177555212027773,-1.3760090251331303
164,1574236800,153,452,299,605,47,2.4816347445840696,-0.5065591723104436
164,1574251200,676,884,208,1560,47,1.5383420549967683,1.0003820426544672
164,1574265600,682,531,0,1213,47,-0.6177555212027773,0.45283376873527975
164,1574280000,1168,834,0,2002,47,-0.6177555212027773,1.6978354636120487
164,1574294400,485,286,0,771,47,-0.6177555212027773,-0.24461965222230203
164,1574308800,31,20,0,51,47,-0.6177555212027773,-1.3807428718817112
164,1574323200,149,477,328,626,47,2.7822445028041987,-0.4734222450703775
164,1574337600,660,902,242,1562,47,1.8907810818755402,1.0035379404868545
164,1574352000,723,499,0,1222,47,-0.6177555212027773,0.46703530898102236
164,1574366400,1227,968,0,2195,47,-0.6177555212027773,2.0023796044374182
164,1574380800,801,309,0,1110,47,-0.6177555212027773,0.29030503036733646
164,1574395200,28,34,6,62,47,-0.5555603988124058,-1.3633854338035813
164,1574409600,148,396,248,544,47,1.9529762042659116,-0.6028140561982547
164,1574424000,725,824,99,1549,47,0.40846399823835255,0.9830246045763373
164,1574438400,1032,623,0,1655,47,-0.6177555212027773,1.1502871896928615
164,1574452800,975,843,0,1818,47,-0.6177555212027773,1.4074928630324222
164,1574467200,564,254,0,818,47,-0.6177555212027773,-0.1704560531612017
164,1574481600,48,45,0,93,47,-0.6177555212027773,-1.314469017401579
164,1574496000,42,96,54,138,47,-0.05799941968943374,-1.243461316172866
164,1574510400,271,379,108,650,47,0.5017566818239099,-0.43555147108173053
164,1574524800,524,538,14,1062,47,-0.47263356895857717,0.21456348239004253
164,1574539200,645,531,0,1176,47,-0.6177555212027773,0.39444965883611566
164,1574553600,647,211,0,858,47,-0.6177555212027773,-0.10733809651345674
164,1574568000,43,51,8,94,47,-0.5348286913489486,-1.3128910684853854
164,1574582400,35,66,31,101,47,-0.2964140555191912,-1.30184542607203
164,1574596800,238,316,78,554,47,0.1907810698720523,-0.5870345670363184
164,1574611200,476,653,177,1129,47,1.2170005893131821,0.32028605977501534
164,1574625600,630,363,0,993,47,-0.6177555212027773,0.10568500717268249
164,1574640000,208,157,0,365,47,-0.6177555212027773,-0.8852669121969133
164,1574654400,15,22,7,37,47,-0.5451945450806772,-1.402834156708422
164,1574668800,178,356,178,534,47,1.2273664430449107,-0.6185935453601908
164,1574683200,786,808,22,1594,47,-0.38970673910474846,1.0540323058050505
164,1574697600,688,487,0,1175,47,-0.6177555212027773,0.39287170991992204
164,1574712000,1082,844,0,1926,47,-0.6177555212027773,1.5779113459813336
164,1574726400,611,236,0,847,48,-0.6424978215809135,0.23850705870029523
164,1574740800,26,40,14,66,48,-0.45179175439788616,-1.2585286358054613
164,1574755200,136,408,272,544,48,3.062648626546475,-0.3422891198339483
164,1574769600,656,864,208,1520,48,2.190849462281207,1.5285262935304798
164,1574784000,798,526,0,1324,48,-0.6424978215809135,1.152829755600738
164,1574798400,1122,766,0,1888,48,-0.6424978215809135,2.2339157116842805
164,1574812800,475,262,0,737,48,-0.6424978215809135,0.027656960882583057
164,1574827200,34,29,0,63,48,-0.6424978215809135,-1.2642790930186716
164,1574841600,113,367,254,480,48,2.8174551115968685,-0.46496554038243537
164,1574856000,573,696,123,1269,48,1.032991197241398,1.047404706691882
164,1574870400,844,555,0,1399,48,-0.6424978215809135,1.2965911859309962
164,1574884800,843,603,0,1446,48,-0.6424978215809135,1.3866816822712915
164,1574899200,394,196,0,590,48,-0.6424978215809135,-0.25411544256472324
164,1574913600,30,26,0,56,48,-0.6424978215809135,-1.2776968265161623
164,1574928000,46,178,132,224,48,1.1555879547162016,-0.9556712225763837
164,1574942400,498,417,0,915,48,-0.6424978215809135,0.36885075553306274
164,1574956800,417,274,0,691,48,-0.6424978215809135,-0.060516716386642036
164,1574971200,236,183,0,419,48,-0.6424978215809135,-0.5818915037177121
164,1574985600,155,194,39,349,48,-0.11124520585676591,-0.7160688386926198
164,1575000000,22,36,14,58,48,-0.45179175439788616,-1.2738631883740221
164,1575014400,57,120,63,177,48,0.2156794807427095,-1.045761718916679
164,1575028800,265,390,125,655,48,1.0602349211246878,-0.129522202945166
164,1575043200,486,455,0,941,48,-0.6424978215809135,0.4186880513808856
164,1575057600,583,606,23,1189,48,-0.32919499692308285,0.894059181006273
164,1575072000,731,209,0,940,48,-0.6424978215809135,0.4167712323098155
164,1575086400,37,35,0,72,48,-0.6424978215809135,-1.2470277213790406
164,1575100800,34,86,52,120,48,0.06583899938461661,-1.1550204059676752
164,1575115200,212,319,107,531,48,0.8150414061750811,-0.36720776775785974
164,1575129600,455,526,71,981,48,0.324654376275868,0.49536081422369005
164,1575144000,586,499,0,1085,48,-0.6424978215809135,0.6947099976149815
164,1575158400,712,196,0,908,48,-0.6424978215809135,0.355433022035572
164,1575172800,38,48,10,86,48,-0.5062792021644654,-1.2201922543840589
164,1575187200,24,76,52,100,48,0.06583899938461661,-1.1933567873890774
164,1575201600,203,271,68,474,48,0.2837887904509336,-0.476466454808856
164,1575216000,407,428,21,835,48,-0.3564387208063725,0.2155052298474539
164,1575230400,427,382,0,809,48,-0.6424978215809135,0.16566793399963103
164,1575244800,178,124,0,302,48,-0.6424978215809135,-0.806159335032915
164,1575259200,19,19,0,38,48,-0.6424978215809135,-1.3121995697954243
164,1575273600,187,375,188,562,48,1.9184122234483107,-0.3077863765546863
164,1575288000,681,826,145,1507,48,1.332672159957584,1.5036076456065683
164,1575302400,858,478,0,1336,48,-0.6424978215809135,1.1758315844535794
164,1575316800,954,861,0,1815,48,-0.6424978215809135,2.0939879194961626
164,1575331200,640,234,0,874,49,-0.677409758602138,-0.13425815096717156
164,1575345600,21,22,1,43,49,-0.666965114747039,-1.4427971023930912
164,1575360000,172,437,265,609,49,2.0904208629991086,-0.5515419321078078
164,1575374400,719,941,222,1660,49,1.6413011772298498,1.1034212904537344
164,1575388800,734,501,0,1235,49,-0.677409758602138,0.4341925848508273
164,1575403200,1218,877,0,2095,49,-0.677409758602138,1.7883965538355335
164,1575417600,546,277,0,823,49,-0.677409758602138,-0.2145655956395204
164,1575432000,33,19,0,52,49,-0.677409758602138,-1.4286252003920885
164,1575446400,158,388,230,546,49,1.724858328070642,-0.650745246114827
164,1575460800,747,880,133,1627,49,0.7117278741260348,1.0514576497833912
164,1575475200,774,522,0,1296,49,-0.677409758602138,0.5302465873020681
164,1575489600,1190,824,0,2014,49,-0.677409758602138,1.660849435826509
164,1575504000,534,343,0,877,49,-0.677409758602138,-0.12953418363350397
164,1575518400,26,27,1,53,49,-0.666965114747039,-1.4270505446141994
164,1575532800,159,414,255,573,49,1.9859744244481181,-0.6082295401118187
164,1575547200,726,861,135,1587,49,0.7326171618362329,0.9884714186678234
164,1575561600,757,484,0,1241,49,-0.677409758602138,0.4436405195181624
164,1575576000,1146,819,0,1965,49,-0.677409758602138,1.5836913027099384
164,1575590400,856,298,0,1154,49,-0.677409758602138,0.3066454668418026
164,1575604800,27,29,2,56,49,-0.65652047089194,-1.4223265772805318
164,1575619200,138,390,252,528,49,1.9546404928828212,-0.6790890501168325
164,1575633600,677,960,283,1637,49,2.2784244523908916,1.067204207562283
164,1575648000,807,538,0,1345,49,-0.677409758602138,0.6074047204186386
164,1575662400,1118,860,0,1978,49,-0.677409758602138,1.604161827822498
164,1575676800,471,312,0,783,49,-0.677409758602138,-0.27755182675508816
164,1575691200,46,47,1,93,49,-0.666965114747039,-1.3640643134986317
164,1575705600,50,111,61,161,49,-0.04028648344109636,-1.2569877206021665
164,1575720000,320,488,168,808,49,1.0772904090545015,-0.23818543230785832
164,1575734400,630,677,47,1307,49,-0.18651149741248296,0.5475678008588492
164,1575748800,777,625,0,1402,49,-0.677409758602138,0.6971600997583226
164,1575763200,733,257,0,990,49,-0.677409758602138,0.04840191926797489
164,1575777600,54,50,0,104,49,-0.677409758602138,-1.3467430999418506
164,1575792000,38,68,30,106,49,-0.36407044294916674,-1.343593788386072
164,1575806400,269,372,103,641,49,0.3983885584730635,-0.5011529472153536
164,1575820800,516,645,129,1161,49,0.6699492987056387,0.31766805728702696
164,1575835200,739,412,0,1151,49,-0.677409758602138,0.301921499508135
164,1575849600,189,162,0,351,49,-0.677409758602138,-0.9578031228032198
164,1575864000,29,16,0,45,49,-0.677409758602138,-1.4396477908373129
164,1575878400,169,371,202,540,49,1.432408300127869,-0.6601931807821622
164,1575892800,713,917,204,1630,49,1.453297587838067,1.0561816171170586
164,1575907200,680,510,0,1190,49,-0.677409758602138,0.36333307484581356
164,1575921600,1151,807,0,1958,49,-0.677409758602138,1.572668712264714
164,1575936000,398,224,0,622,50,-0.6721896664909063,-0.5492492831043468
164,1575950400,27,27,0,54,50,-0.6721896664909063,-1.4357177830527466
164,1575964800,161,394,233,555,50,1.7042727888125653,-0.6538151096827672
164,1575979200,697,895,198,1592,50,1.3472934500330738,0.9646141763145754
164,1575993600,785,502,0,1287,50,-0.6721896664909063,0.48860556278594514
164,1576008000,1157,826,0,1983,50,-0.6721896664909063,1.5748416120184914
164,1576022400,481,282,0,763,50,-0.6721896664909063,-0.3291928420960293
164,1576036800,33,30,0,63,50,-0.6721896664909063,-1.421671627243705
164,1576051200,159,434,275,593,50,2.132647995347955,-0.5945091184890362
164,1576065600,757,826,69,1583,50,0.03156960138866258,0.9505680205055338
164,1576080000,756,532,0,1288,50,-0.6721896664909063,0.49016624676472753
164,1576094400,1115,891,0,2006,50,-0.6721896664909063,1.6107373435304861
164,1576108800,814,293,0,1107,50,-0.6721896664909063,0.20768244660511426
164,1576123200,31,22,0,53,50,-0.6721896664909063,-1.4372784670315288
164,1576137600,178,433,255,611,50,1.928659801759674,-0.5664168068709531
164,1576152000,711,980,269,1691,50,2.0714515372714706,1.1191218902140323
164,1576166400,797,525,0,1322,50,-0.6721896664909063,0.543229502043329
164,1576180800,1154,920,0,2074,50,-0.6721896664909063,1.716863854087689
164,1576195200,659,360,0,1019,50,-0.6721896664909063,0.07034225647226358
164,1576209600,45,30,0,75,50,-0.6721896664909063,-1.4029434194983164
164,1576224000,152,424,272,576,50,2.102049766309713,-0.6210407461283369
164,1576238400,669,924,255,1593,50,1.928659801759674,0.9661748602933578
164,1576252800,783,553,0,1336,50,-0.6721896664909063,0.5650790777462824
164,1576267200,1159,1037,0,2196,50,-0.6721896664909063,1.907267299499141
164,1576281600,1173,308,0,1481,50,-0.6721896664909063,0.7913782546697296
164,1576296000,80,63,0,143,50,-0.6721896664909063,-1.2968169089411135
164,1576310400,42,95,53,137,50,-0.13162095348196207,-1.3061810128138078
164,1576324800,269,381,112,650,50,0.47014421760346636,-0.5055501316984398
164,1576339200,553,679,126,1232,50,0.6129359531152629,0.4027679439529135
164,1576353600,833,605,0,1438,50,-0.6721896664909063,0.7242688435820867
164,1576368000,683,224,0,907,50,-0.6721896664909063,-0.10445434915136453
164,1576382400,59,65,6,124,50,-0.610993208414422,-1.326469904537979
164,1576396800,29,68,39,97,50,-0.27441268899375865,-1.3686083719651037
164,1576411200,222,337,115,559,50,0.5007424466417084,-0.6475723737676377
164,1576425600,516,628,112,1144,50,0.47014421760346636,0.26542775382006284
164,1576440000,788,460,0,1248,50,-0.6721896664909063,0.4277388876134318
164,1576454400,296,196,0,492,50,-0.6721896664909063,-0.752138200346058
164,1576468800,32,18,0,50,50,-0.6721896664909063,-1.4419605189678761
164,1576483200,147,389,242,536,50,1.7960674759272917,-0.6834681052796326
164,1576497600,696,833,137,1529,50,0.7251294595888174,0.8662910856512845
164,1576512000,765,488,0,1253,50,-0.6721896664909063,0.43554230750734374
164,1576526400,1054,789,0,1843,50,-0.6721896664909063,1.3563458549889562
164,1576540800,416,271,0,687,51,-0.6397183664369998,-0.35382633737478647
164,1576555200,35,21,0,56,51,-0.6397183664369998,-1.3657078085204206
164,1576569600,178,384,206,562,51,1.834507519308607,-0.5542782928315286
164,1576584000,746,933,187,1679,51,1.606302219167022,1.236960381129919
164,1576598400,801,536,0,1337,51,-0.6397183664369998,0.6885238310002726
164,1576612800,1200,914,0,2114,51,-0.6397183664369998,1.9345331861193815
164,1576627200,624,307,0,931,51,-0.6397183664369998,0.037455879676774155
164,1576641600,47,26,0,73,51,-0.6397183664369998,-1.3384463425783037
164,1576656000,154,432,278,586,51,2.6992854987925083,-0.5157915173838341
164,1576670400,666,900,234,1566,51,2.1708100668856796,1.055751813397024
164,1576684800,849,548,0,1397,51,-0.6397183664369998,0.7847407696195088
164,1576699200,1194,970,0,2164,51,-0.6397183664369998,2.0147139683020785
164,1576713600,913,286,0,1199,51,-0.6397183664369998,0.46722487217602926
164,1576728000,38,26,0,64,51,-0.6397183664369998,-1.3528788833711891
164,1576742400,147,345,198,492,51,1.738421077143729,-0.6665313878873041
164,1576756800,675,873,198,1548,51,1.738421077143729,1.0268867318112533
164,1576771200,804,504,0,1308,51,-0.6397183664369998,0.6420189773343083
164,1576785600,1163,1081,0,2244,51,-0.6397183664369998,2.1430032197943936
164,1576800000,741,364,0,1105,51,-0.6397183664369998,0.31648500167255916
164,1576814400,86,42,0,128,51,-0.6397183664369998,-1.2502474821773373
164,1576828800,133,361,228,494,51,2.098745235262021,-0.6633241565999963
164,1576843200,646,779,133,1425,51,0.9577187345540958,0.8296420076418191
164,1576857600,825,605,0,1430,51,-0.6397183664369998,0.8376600858600887
164,1576872000,1028,845,0,1873,51,-0.6397183664369998,1.548061815998783
164,1576886400,614,314,0,928,51,-0.6397183664369998,0.03264503274581234
164,1576900800,58,51,0,109,51,-0.6397183664369998,-1.280716179406762
164,1576915200,49,90,41,139,51,-0.14727535034200037,-1.232607710097144
164,1576929600,236,369,133,605,51,0.9577187345540958,-0.4853228201544093
164,1576944000,540,480,0,1020,51,-0.6397183664369998,0.18017767196197454
164,1576958400,565,596,31,1161,51,-0.26738340304809777,0.40628747771717966
164,1576972800,633,215,0,848,51,-0.6397183664369998,-0.09564421874650261
164,1576987200,52,42,0,94,51,-0.6397183664369998,-1.304770414061571
164,1577001600,28,59,31,87,51,-0.26738340304809777,-1.3159957235671487
164,1577016000,212,280,68,492,51,0.17701639196446264,-0.6665313878873041
164,1577030400,412,463,51,875,51,-0.027167297635902955,-0.05234659636784632
164,1577044800,492,493,1,985,51,-0.62770756116639,0.12405112443408675
164,1577059200,285,200,0,485,51,-0.6397183664369998,-0.6777566973928817
164,1577073600,32,23,0,55,51,-0.6397183664369998,-1.3673114241640747
164,1577088000,75,173,98,248,51,0.5373405500827549,-1.057813604938865
164,1577102400,447,568,121,1015,51,0.8135890713067789,0.17215959374370485
164,1577116800,621,525,0,1146,51,-0.6397183664369998,0.3822332430623706
164,1577131200,760,607,0,1367,51,-0.6397183664369998,0.7366323003098907
164,1577145600,487,199,0,686,52,-0.6713660907896676,0.35137817693529
164,1577160000,38,30,0,68,52,-0.6713660907896676,-1.2307836689372726
164,1577174400,69,161,92,230,52,0.9960988456148163,-0.8160422141939795
164,1577188800,309,399,90,708,52,0.9598496078668927,0.4077010905424039
164,1577203200,549,497,0,1046,52,-0.6713660907896676,1.273025854142608
164,1577217600,472,443,0,915,52,-0.6713660907896676,0.9376485049366118
164,1577232000,325,113,0,438,52,-0.6713660907896676,-0.28353466736308464
164,1577246400,33,27,0,60,52,-0.6713660907896676,-1.2512647284307685
164,1577260800,24,46,22,70,52,-0.2726244755625084,-1.2256634040638987
164,1577275200,104,213,109,317,52,1.3042173664721666,-0.593310692202211
164,1577289600,230,289,59,519,52,0.3979864227740775,-0.07616393999143808
164,1577304000,223,240,17,463,52,-0.3632475699323173,-0.2195313564459098
164,1577318400,185,144,0,329,52,-0.6713660907896676,-0.5625891029619671
164,1577332800,28,17,0,45,52,-0.6713660907896676,-1.2896667149810734
164,1577347200,56,149,93,205,52,1.014223464488778,-0.8800455251111544
164,1577361600,325,539,214,864,52,3.2073023482381537,0.8070817506655751
164,1577376000,545,509,0,1054,52,-0.6713660907896676,1.293506913636104
164,1577390400,655,532,0,1187,52,-0.6713660907896676,1.6340045277154742
164,1577404800,328,161,0,489,52,-0.6713660907896676,-0.15296791309204794
164,1577419200,35,34,0,69,52,-0.6713660907896676,-1.2282235365005856
164,1577433600,72,179,107,251,52,1.267968128724243,-0.7622794330235526
164,1577448000,361,447,86,808,52,0.8873511323710456,0.6637143342111034
164,1577462400,590,529,0,1119,52,-0.6713660907896676,1.4599155220207587
164,1577476800,662,568,0,1230,52,-0.6713660907896676,1.744090222493015
