remote_unit_id,time_stamp,entries,exits,num_people_exited,sum_exit_entry,week_num,z_score_num_people_exited,z_score_sum_exit_entry
118,1546300800,0,0,0,0,1,-0.3485809002029285,-1.227546016872397
118,1546315200,144,56,0,200,1,-0.3485809002029285,-0.8967540213499737
118,1546329600,50,56,6,106,1,-0.1259723055188801,-1.0522262592455127
118,1546344000,194,229,35,423,1,0.9499692354540203,-0.5279209463424719
118,1546358400,731,340,0,1071,1,-0.3485809002029285,0.5438451191501793
118,1546372800,931,245,0,1176,1,-0.3485809002029285,0.7175109167994516
118,1546387200,465,75,0,540,1,-0.3485809002029285,-0.3344076289618543
118,1546401600,46,16,0,62,1,-0.3485809002029285,-1.1250004982604458
118,1546416000,87,94,7,181,1,-0.08887087307153872,-0.9281792609246039
118,1546430400,463,476,13,939,1,0.13373772161250966,0.32552240210538
118,1546444800,1060,240,0,1300,1,-0.3485809002029285,0.9226019540233539
118,1546459200,1787,173,0,1960,1,-0.3485809002029285,2.0142155392473504
118,1546473600,576,161,0,737,1,-0.3485809002029285,-0.008577513372267415
118,1546488000,51,15,0,66,1,-0.3485809002029285,-1.1183846583499972
118,1546502400,83,96,13,179,1,0.13373772161250966,-0.9314871808798282
118,1546516800,463,569,106,1032,1,3.5841709392152596,0.4793406800233068
118,1546531200,1056,239,0,1295,1,-0.3485809002029285,0.9143321541352933
118,1546545600,1848,153,0,2001,1,-0.3485809002029285,2.0820278983294473
118,1546560000,615,87,0,702,1,-0.3485809002029285,-0.06646611258869148
118,1546574400,62,16,0,78,1,-0.3485809002029285,-1.098537138618652
118,1546588800,82,102,20,184,1,0.39344774874389943,-0.9232173809917676
118,1546598126,259,402,143,661,1,4.956923939766892,-0.13427847167078824
118,1546603200,188,123,0,311,1,-0.3485809002029285,-0.7131644638350289
118,1546617600,1054,206,0,1260,1,-0.3485809002029285,0.8564435549188693
118,1546632000,1860,153,0,2013,1,-0.3485809002029285,2.101875418060793
118,1546646400,676,118,0,794,1,-0.3485809002029285,0.0856982053516232
118,1546660800,96,29,0,125,1,-0.3485809002029285,-1.0208010196708825
118,1546675200,49,52,3,101,1,-0.2372766028609043,-1.0604960591335733
118,1546689600,340,296,0,636,1,-0.3485809002029285,-0.17562747111109114
118,1546704000,970,293,0,1263,1,-0.3485809002029285,0.8614054348517056
118,1546718400,1242,208,0,1450,1,-0.3485809002029285,1.1706959506651713
118,1546732800,528,103,0,631,1,-0.3485809002029285,-0.1838972709991517
118,1546747200,85,33,0,118,1,-0.3485809002029285,-1.0323787395141673
118,1546761600,47,44,0,91,1,-0.3485809002029285,-1.0770356589096943
118,1546776000,279,293,14,572,1,0.17083915405985106,-0.28148090967826656
118,1546790400,1074,285,0,1359,1,-0.3485809002029285,1.0201855927024688
118,1546804800,1188,179,0,1367,1,-0.3485809002029285,1.0334172725233657
118,1546819200,440,67,0,507,1,-0.3485809002029285,-0.38898830822305414
118,1546833600,29,11,0,40,1,-0.3485809002029285,-1.1613876177679123
118,1546848000,90,104,14,194,1,0.17083915405985106,-0.9066777812156465
118,1546862400,506,536,30,1042,1,0.7644620732173133,0.495880279799428
118,1546876800,966,210,0,1176,1,-0.3485809002029285,0.7175109167994516
118,1546891200,1821,150,0,1971,1,-0.3485809002029285,2.0324090990010837
118,1546905600,486,115,0,601,2,-0.35831316192103524,-0.27738977882994725
118,1546920000,34,18,0,52,2,-0.35831316192103524,-1.1690743627224498
118,1546934400,83,93,10,176,2,-0.012355626273139164,-0.9676738373988245
118,1546948800,483,615,132,1098,2,4.208326308631193,0.5298365202494222
118,1546963200,981,216,0,1197,2,-0.35831316192103524,0.6906321009513489
118,1546977600,1868,153,0,2021,2,-0.35831316192103524,2.028971075682537
118,1546992000,564,113,0,677,2,-0.35831316192103524,-0.1539507471799833
118,1547006400,28,22,0,50,2,-0.35831316192103524,-1.1723227582921858
118,1547020800,86,100,14,186,2,0.12602738798601928,-0.9514318595501451
118,1547035200,501,572,71,1073,2,2.097985341179027,0.4892315756277235
118,1547049600,1023,212,0,1235,2,-0.35831316192103524,0.7523516167763309
118,1547064000,1756,187,0,1943,2,-0.35831316192103524,1.9022836484628372
118,1547078400,539,122,0,661,2,-0.35831316192103524,-0.17993791173787044
118,1547092800,39,21,0,60,2,-0.35831316192103524,-1.1560807804435063
118,1547107200,91,67,0,158,2,-0.35831316192103524,-0.9969093975264476
118,1547121600,480,598,118,1078,2,3.7239857587241385,0.4973525645520633
118,1547136000,968,224,0,1192,2,-0.35831316192103524,0.6825111120270092
118,1547150400,1900,152,0,2052,2,-0.35831316192103524,2.0793212070134435
118,1547164800,552,92,0,644,2,-0.35831316192103524,-0.20754927408062554
118,1547179200,52,31,0,83,2,-0.35831316192103524,-1.1187242313915435
118,1547193600,89,84,0,173,2,-0.35831316192103524,-0.9725464307534284
118,1547208000,482,491,9,973,2,-0.046951379837928776,0.3268117971409289
118,1547222400,1046,241,0,1287,2,-0.35831316192103524,0.8368099015894641
118,1547236800,1850,161,0,2011,2,-0.35831316192103524,2.0127290978338577
118,1547251200,665,114,0,779,2,-0.35831316192103524,0.01171742687654725
118,1547265600,75,25,0,100,2,-0.35831316192103524,-1.0911128690487883
118,1547280000,55,70,15,125,2,0.1606231415508089,-1.0505079244270898
118,1547294400,304,191,0,495,2,-0.35831316192103524,-0.4495547440259496
118,1547308800,875,255,0,1130,2,-0.35831316192103524,0.5818108493651964
118,1547323200,1009,218,0,1227,2,-0.35831316192103524,0.7393580344973874
118,1547337600,432,117,0,549,2,-0.35831316192103524,-0.3618480636430805
118,1547352000,50,28,0,78,2,-0.35831316192103524,-1.1268452203158832
118,1547366400,33,36,3,69,2,-0.2545259012266664,-1.1414630003796948
118,1547380800,210,195,0,405,2,-0.35831316192103524,-0.5957325446640648
118,1547395200,813,182,0,995,2,-0.35831316192103524,0.3625441484080237
118,1547409600,846,140,0,986,2,-0.35831316192103524,0.3479263683442122
118,1547424000,324,74,0,398,2,-0.35831316192103524,-0.6071019291581404
118,1547438400,18,10,0,28,2,-0.35831316192103524,-1.2080551095592806
118,1547452800,88,102,14,190,2,0.12602738798601928,-0.9449350684106732
118,1547467200,523,572,49,1095,2,1.3368787627536556,0.5249639268948183
118,1547481600,972,207,0,1179,2,-0.35831316192103524,0.6613965408237259
118,1547496000,1770,136,0,1906,2,-0.35831316192103524,1.8421883304227231
118,1547510400,530,94,0,624,3,-0.40564396772268413,-0.15116575757725786
118,1547524800,24,16,0,40,3,-0.40564396772268413,-1.144147466697499
118,1547539200,94,92,0,186,3,-0.40564396772268413,-0.8959020394174386
118,1547553600,571,521,0,1092,3,-0.40564396772268413,0.644579858635538
118,1547568000,981,259,0,1240,3,-0.40564396772268413,0.8962259082071059
118,1547582400,1773,125,0,1898,3,-0.40564396772268413,2.015030642113131
118,1547596800,478,100,0,578,3,-0.40564396772268413,-0.22938007028193436
118,1547611200,21,21,0,42,3,-0.40564396772268413,-1.1407468444059912
118,1547625600,75,114,39,189,3,1.2268985854216812,-0.890801105980177
118,1547640000,504,596,92,1100,3,3.4454820550794083,0.6581823478015687
118,1547654400,999,214,0,1213,3,-0.40564396772268413,0.8503175072717523
118,1547668800,1818,171,0,1989,3,-0.40564396772268413,2.16975895637673
118,1547683200,547,93,0,640,3,-0.40564396772268413,-0.12396077924519645
118,1547697600,30,20,0,50,3,-0.40564396772268413,-1.1271443552399605
118,1547712000,90,102,12,192,3,0.09667681786019748,-0.8857001725429156
118,1547726400,495,597,102,1092,3,3.8640827097318096,0.644579858635538
118,1547740800,1054,223,0,1277,3,-0.40564396772268413,0.9591374205999978
118,1547755200,1836,189,0,2025,3,-0.40564396772268413,2.2309701576238683
118,1547769600,598,98,0,696,3,-0.40564396772268413,-0.02874335508298157
118,1547784000,32,27,0,59,3,-0.40564396772268413,-1.111841554928176
118,1547798400,78,106,28,184,3,0.7664378653040396,-0.8993026617089462
118,1547812800,463,538,75,1001,3,2.7338609421703257,0.4898515443719388
118,1547827200,990,215,0,1205,3,-0.40564396772268413,0.8367150181057216
118,1547841600,1806,195,0,2001,3,-0.40564396772268413,2.190162690125776
118,1547856000,658,136,0,794,3,-0.40564396772268413,0.1378871372008945
118,1547870400,56,32,0,88,3,-0.40564396772268413,-1.0625325317013146
118,1547884800,42,57,15,99,3,0.22225701425591787,-1.0438291090980225
118,1547899200,288,221,0,509,3,-0.40564396772268413,-0.34670153933894915
118,1547913600,952,271,0,1223,3,-0.40564396772268413,0.8673206187292907
118,1547928000,1033,172,0,1205,3,-0.40564396772268413,0.8367150181057216
118,1547942400,335,72,0,407,3,-0.40564396772268413,-0.5201332762058405
118,1547956800,34,10,0,44,3,-0.40564396772268413,-1.1373462221144834
118,1547971200,28,35,7,63,3,-0.11262350946600319,-1.1050403103451605
118,1547985600,184,169,0,353,3,-0.40564396772268413,-0.6119500780765478
118,1548000000,707,187,0,894,3,-0.40564396772268413,0.3079182517762782
118,1548014400,717,164,0,881,3,-0.40564396772268413,0.2858142068814783
118,1548028800,289,70,0,359,3,-0.40564396772268413,-0.6017482112020247
118,1548043200,9,7,0,16,3,-0.40564396772268413,-1.184954934195591
118,1548057600,39,60,21,99,3,0.4734174070473587,-1.0438291090980225
118,1548072000,251,267,16,518,3,0.264117079721158,-0.3313987390271646
118,1548086400,576,169,0,745,3,-0.40564396772268413,0.054571891058956455
118,1548100800,878,154,0,1032,3,-0.40564396772268413,0.5425611898903078
118,1548115200,293,39,0,332,4,-0.4311719594038684,-0.7169283659705422
118,1548129600,24,18,0,42,4,-0.4311719594038684,-1.1920201775875827
118,1548144000,77,96,19,173,4,0.2515169763189232,-0.9774097385467817
118,1548158400,524,567,43,1091,4,1.11386089512666,0.5265015823650915
118,1548172800,1064,179,0,1243,4,-0.4311719594038684,0.7755152215574713
118,1548187200,1903,123,0,2026,4,-0.4311719594038684,2.0582631129234805
118,1548201600,499,64,0,563,4,-0.4311719594038684,-0.33849316430317544
118,1548216000,58,14,0,72,4,-0.4311719594038684,-1.142872748799613
118,1548230400,83,108,25,191,4,0.46710295602085744,-0.9479212812739999
118,1548244800,506,598,92,1104,4,2.874479729359123,0.5477988015065449
118,1548259200,1004,210,0,1214,4,-0.4311719594038684,0.7280060403957672
118,1548273600,1836,156,0,1992,4,-0.4311719594038684,2.0025626936304484
118,1548288000,610,77,0,687,4,-0.4311719594038684,-0.135350458646234
118,1548302400,58,31,0,89,4,-0.4311719594038684,-1.1150225391530968
118,1548316800,80,106,26,186,4,0.5030339526378464,-0.9561125194053282
118,1548331200,505,620,115,1125,4,3.7008926515498706,0.5822020016581237
118,1548345600,835,174,0,1009,4,-0.4311719594038684,0.39216527701130754
118,1548360000,1547,201,0,1748,4,-0.4311719594038684,1.6028302728216282
118,1548374400,600,96,0,696,4,-0.4311719594038684,-0.12060623000984308
118,1548388800,63,36,0,99,4,-0.4311719594038684,-1.0986400628904402
118,1548403200,85,78,0,163,4,-0.4311719594038684,-0.9937922148094382
118,1548417600,477,574,97,1051,4,3.0541347124440676,0.46097167731446514
118,1548432000,1003,97,0,1100,4,-0.4311719594038684,0.5412458110014824
118,1548446400,1826,153,0,1979,4,-0.4311719594038684,1.9812654744889946
118,1548460800,675,149,0,824,4,-0.4311719594038684,0.08908946615216101
118,1548475200,53,40,0,93,4,-0.4311719594038684,-1.1084695486480343
118,1548489600,41,48,7,89,4,-0.17965498308494518,-1.1150225391530968
118,1548504000,323,251,0,574,4,-0.4311719594038684,-0.3204724404142532
118,1548518400,915,284,0,1199,4,-0.4311719594038684,0.7034323260017824
118,1548532800,1014,264,0,1278,4,-0.4311719594038684,0.8328538884767693
118,1548547200,462,108,0,570,4,-0.4311719594038684,-0.32702543091931585
118,1548561600,46,32,0,78,4,-0.4311719594038684,-1.133043263042019
118,1548576000,27,18,0,45,4,-0.4311719594038684,-1.1871054347087857
118,1548590400,221,191,0,412,4,-0.4311719594038684,-0.5858685558692897
118,1548604800,833,271,0,1104,4,-0.4311719594038684,0.5477988015065449
118,1548619200,912,241,0,1153,4,-0.4311719594038684,0.6280729351935621
118,1548633600,377,54,0,431,4,-0.4311719594038684,-0.5547418509702422
118,1548648000,22,11,0,33,4,-0.4311719594038684,-1.2067644062239737
118,1548662400,82,103,21,185,4,0.3233789695529013,-0.9577507670315938
118,1548676800,486,545,59,1031,4,1.6887568409984846,0.428206724789152
118,1548691200,1089,214,0,1303,4,-0.4311719594038684,0.8738100791334107
118,1548705600,1816,131,0,1947,4,-0.4311719594038684,1.9288415504484937
118,1548720000,559,72,0,631,5,-0.32021901316161444,-0.28579096483836747
118,1548734400,94,27,0,121,5,-0.32021901316161444,-0.8648668173118176
118,1548748800,80,90,10,170,5,0.026901868314390388,-0.8092301177604468
118,1548763200,481,648,167,1129,5,5.476699707487667,0.27965957345923675
118,1548777600,1038,278,0,1316,5,-0.32021901316161444,0.4919873860328351
118,1548792000,1763,113,0,1876,5,-0.32021901316161444,1.127835380905643
118,1548806400,503,70,0,573,5,-0.32021901316161444,-0.3516466500216226
118,1548820800,41,23,0,64,5,-0.32021901316161444,-0.9295870596470855
118,1548835200,99,122,23,221,5,0.4781590142331967,-0.7513225325131019
118,1548849600,452,526,74,978,5,2.2484755097608216,0.10820770341317601
118,1548864000,929,187,0,1116,5,-0.32021901316161444,0.2648988164354037
118,1548878400,1641,134,0,1775,5,-0.32021901316161444,1.01315565325894
118,1548892800,512,64,0,576,5,-0.32021901316161444,-0.3482403214776611
118,1548907200,53,12,0,65,5,-0.32021901316161444,-0.9284516167990984
118,1548921600,85,73,0,158,5,-0.32021901316161444,-0.8228554319362927
118,1548936000,432,467,35,899,5,0.8947040720044024,0.018507718422190608
118,1548950400,792,209,0,1001,5,-0.32021901316161444,0.13432288891688063
118,1548964800,1543,156,0,1699,5,-0.32021901316161444,0.9268619968119163
118,1548979200,508,96,0,604,5,-0.32021901316161444,-0.3164479217340207
118,1548993600,68,18,0,86,5,-0.32021901316161444,-0.9046073169913681
118,1549008000,84,94,10,178,5,0.026901868314390388,-0.8001465749765496
118,1549011570,110,139,29,249,5,0.6864315431187995,-0.7195301327694614
118,1549065600,3931,860,0,4791,5,-0.32021901316161444,4.437651282788206
118,1549080000,90,27,0,117,5,-0.32021901316161444,-0.8694085887037662
118,1549094400,69,54,0,123,5,-0.32021901316161444,-0.8625959316158432
118,1549108800,450,366,0,816,5,-0.32021901316161444,-0.07573403796074343
118,1549123200,1393,195,0,1588,5,-0.32021901316161444,0.8008278406853419
118,1549137600,1770,191,0,1961,5,-0.32021901316161444,1.2243480229845514
118,1549152000,777,158,0,935,5,-0.32021901316161444,0.05938366094972826
118,1549166400,103,43,0,146,5,-0.32021901316161444,-0.8364807461121386
118,1549180800,54,47,0,101,5,-0.32021901316161444,-0.8875756742715607
118,1549195200,427,352,0,779,5,-0.32021901316161444,-0.11774542333626824
118,1549209600,1356,218,0,1574,5,-0.32021901316161444,0.7849316408135216
118,1549224000,1567,179,0,1746,5,-0.32021901316161444,0.9802278106673127
118,1549238400,556,93,0,649,5,-0.32021901316161444,-0.26535299357459863
118,1549252800,45,16,0,61,5,-0.32021901316161444,-0.932993388191047
118,1549267200,78,99,21,177,5,0.4087348379379957,-0.8012820178245368
118,1549281600,549,526,0,1075,5,-0.32021901316161444,0.21834565966793024
118,1549296000,1045,206,0,1251,5,-0.32021901316161444,0.4181836009136699
118,1549310400,1748,185,0,1933,5,-0.32021901316161444,1.192555623240911
118,1549324800,587,124,0,711,6,-0.33897398841807075,-0.281802638579536
118,1549339200,59,16,0,75,6,-0.33897398841807075,-1.2371919115502896
118,1549353600,55,91,36,146,6,1.1955429890912794,-1.1305368197563845
118,1549368000,466,524,58,990,6,2.1333033642358825,0.13730680663876624
118,1549382400,1617,226,0,1843,6,-0.33897398841807075,1.418670092557088
118,1549396800,1870,178,0,2048,6,-0.33897398841807075,1.7266178928070952
118,1549411200,769,86,0,855,6,-0.33897398841807075,-0.06548808620879937
118,1549425600,60,21,0,81,6,-0.33897398841807075,-1.2281788052015088
118,1549440000,96,109,13,205,6,0.21515714234919459,-1.041907940660041
118,1549454400,526,537,11,1063,6,0.12990619915423068,0.246966267215598
118,1549468800,977,270,0,1247,6,-0.33897398841807075,0.5233681952448725
118,1549483200,1677,179,0,1856,6,-0.33897398841807075,1.438198489646113
118,1549497600,591,78,0,669,6,-0.33897398841807075,-0.3448943830210009
118,1549512000,61,20,0,81,6,-0.33897398841807075,-1.2281788052015088
118,1549526400,82,101,19,183,6,0.4709099719340863,-1.0749559972722371
118,1549540800,500,554,54,1054,6,1.9628014778459546,0.23344660769242695
118,1549555200,1026,230,0,1256,6,-0.33897398841807075,0.5368878547680437
118,1549569600,1728,190,0,1918,6,-0.33897398841807075,1.531333921916847
118,1549584000,648,92,0,740,6,-0.33897398841807075,-0.238239291227096
118,1549598400,65,18,0,83,6,-0.33897398841807075,-1.225174436418582
118,1549612800,90,101,11,191,6,0.12990619915423068,-1.0629385221405294
118,1549627200,489,621,132,1110,6,5.287588262449546,0.3175689336143801
118,1549641600,1003,246,0,1249,6,-0.33897398841807075,0.5263725640277995
118,1549656000,1957,157,0,2114,6,-0.33897398841807075,1.8257620626436828
118,1549670400,821,134,0,955,6,-0.33897398841807075,0.08473035293754552
118,1549684800,130,39,0,169,6,-0.33897398841807075,-1.0959865787527254
118,1549699200,78,54,0,132,6,-0.33897398841807075,-1.1515674012368728
118,1549713600,463,395,0,858,6,-0.33897398841807075,-0.06098153303440902
118,1549728000,1415,187,0,1602,6,-0.33897398841807075,1.0566436542143969
118,1549742400,1839,161,0,2000,6,-0.33897398841807075,1.6545130420168497
118,1549756800,782,137,0,919,6,-0.33897398841807075,0.030651714844861358
118,1549771200,110,49,0,159,6,-0.33897398841807075,-1.1110084226673598
118,1549785600,47,44,0,91,6,-0.33897398841807075,-1.2131569612868742
118,1549800000,370,278,0,648,6,-0.33897398841807075,-0.3764402552417333
118,1549814400,1323,275,0,1598,6,-0.33897398841807075,1.0506349166485431
118,1549828800,1503,135,0,1638,6,-0.33897398841807075,1.1107222923070812
118,1549843200,581,69,0,650,6,-0.33897398841807075,-0.3734358864588064
118,1549857600,73,17,0,90,6,-0.33897398841807075,-1.2146591456783378
118,1549872000,92,91,0,183,6,-0.33897398841807075,-1.0749559972722371
118,1549886400,539,531,0,1070,6,-0.33897398841807075,0.25748155795584216
118,1549900800,1076,178,0,1254,6,-0.33897398841807075,0.5338834859851167
118,1549915200,1769,188,0,1957,6,-0.33897398841807075,1.5899191131839214
118,1549929600,579,77,0,656,7,-0.31481345023604296,-0.4130518811641576
118,1549944000,59,15,0,74,7,-0.31481345023604296,-1.2259858733683984
118,1549958400,79,79,0,158,7,-0.31481345023604296,-1.1086551940811884
118,1549972800,455,484,29,939,7,-0.12573909994634852,-0.017759235470342943
118,1549987200,779,172,0,951,7,-0.31481345023604296,-0.0009977098578843708
118,1550001600,1228,47,0,1275,7,-0.31481345023604296,0.4515634816784971
118,1550016000,408,28,0,436,7,-0.31481345023604296,-0.7203465173925647
118,1550030400,42,20,0,62,7,-0.31481345023604296,-1.242747398980857
118,1550044800,109,326,217,435,7,1.0999842743454638,-0.721743311193603
118,1550059200,617,1551,934,2168,7,5.774684590128599,1.6989003460056225
118,1550073600,1064,214,0,1278,7,-0.31481345023604296,0.45575386308161175
118,1550088000,1807,181,0,1988,7,-0.31481345023604296,1.4474774618187438
118,1550102400,706,88,0,794,7,-0.31481345023604296,-0.22029433662088402
118,1550116800,56,29,0,85,7,-0.31481345023604296,-1.210621141556978
118,1550131200,110,104,0,214,7,-0.31481345023604296,-1.0304347412230483
118,1550145600,511,578,67,1089,7,0.12201349698497524,0.1917598346853892
118,1550160000,1088,192,0,1280,7,-0.31481345023604296,0.4585474506836882
118,1550174400,1811,174,0,1985,7,-0.31481345023604296,1.443287080415629
118,1550188800,670,89,0,759,7,-0.31481345023604296,-0.26918211965722155
118,1550203200,86,30,0,116,7,-0.31481345023604296,-1.1673205337247934
118,1550217600,94,89,0,183,7,-0.31481345023604296,-1.073735349055233
118,1550232000,501,723,222,1224,7,1.13258330025748,0.38032699782554813
118,1550246400,1105,710,0,1815,7,-0.31481345023604296,1.205832134239133
118,1550260800,2008,508,0,2516,7,-0.31481345023604296,2.184984588766921
118,1550275200,875,139,0,1014,7,-0.31481345023604296,0.08700029960752313
118,1550289600,140,55,0,195,7,-0.31481345023604296,-1.0569738234427744
118,1550304000,47,128,81,175,7,0.21329076953862083,-1.0849096994635388
118,1550318400,379,692,313,1071,7,1.7258855718561765,0.16661754626670136
118,1550332800,1408,405,0,1813,7,-0.31481345023604296,1.2030385466370563
118,1550347200,1596,211,0,1807,7,-0.31481345023604296,1.1946577838308272
118,1550361600,797,156,0,953,7,-0.31481345023604296,0.001795877744192058
118,1550376000,98,39,0,137,7,-0.31481345023604296,-1.1379878639029908
118,1550390400,45,74,29,119,7,-0.12573909994634852,-1.1631301523216788
118,1550404800,361,422,61,783,7,0.0828946658905557,-0.23565906843230439
118,1550419200,1605,351,0,1956,7,-0.31481345023604296,1.4027800601855211
118,1550433600,1625,182,0,1807,7,-0.31481345023604296,1.1946577838308272
118,1550448000,622,123,0,745,7,-0.31481345023604296,-0.2887372328717565
118,1550462400,56,20,0,76,7,-0.31481345023604296,-1.223192285766322
118,1550476800,88,123,35,211,7,-0.08662026885192899,-1.034625122626163
118,1550491200,463,503,40,966,7,-0.05402124293991269,0.019954197157688845
118,1550505600,1249,317,0,1566,7,-0.31481345023604296,0.8580304777806175
118,1550520000,1891,207,0,2098,7,-0.31481345023604296,1.6011247799329473
118,1550534400,702,98,0,800,8,-0.42458121850738745,0.030687187365981302
118,1550548800,46,21,0,67,8,-0.42458121850738745,-1.0755607637453752
118,1550563200,75,99,24,174,8,0.572261642336044,-0.9140757285899659
118,1550577600,631,510,0,1141,8,-0.42458121850738745,0.5453264115528471
118,1550592000,1207,228,0,1435,8,-0.42458121850738745,0.9890329567462153
118,1550606400,1864,122,0,1986,8,-0.42458121850738745,1.8206054274997727
118,1550620800,662,75,0,737,8,-0.42458121850738745,-0.06439278660402616
118,1550635200,60,13,0,73,8,-0.42458121850738745,-1.0665055281291842
118,1550649600,69,77,8,146,8,-0.0923002648929103,-0.9563334947988581
118,1550664000,535,508,0,1043,8,-0.42458121850738745,0.3974242298217244
118,1550678400,964,176,0,1140,8,-0.42458121850738745,0.5438172056168152
118,1550692800,1534,156,0,1690,8,-0.42458121850738745,1.3738804704343406
118,1550707200,488,106,0,594,8,-0.42458121850738745,-0.2802092354565828
118,1550708386,13,5,0,18,8,-0.42458121850738745,-1.1495118546109366
118,1550708465,0,0,0,0,8,-0.42458121850738745,-1.1766775614595102
118,1550721600,32,21,0,53,8,-0.42458121850738745,-1.0966896468498215
118,1550736000,61,92,31,153,8,0.8630074767487116,-0.945769053246635
118,1550739615,82,145,63,227,8,2.1921312912066204,-0.834087813980277
118,1550750400,384,414,30,798,8,0.821472357546902,0.027668775493917573
118,1550764800,1097,260,0,1357,8,-0.42458121850738745,0.8713148937357298
118,1550779200,1858,142,0,2000,8,-0.42458121850738745,1.8417343106042188
118,1550793600,703,80,0,783,8,-0.42458121850738745,0.005030686453439606
118,1550808000,57,31,0,88,8,-0.42458121850738745,-1.0438674390887062
118,1550822400,82,93,11,175,8,0.03230509271251865,-0.912566522653934
118,1550836800,471,580,109,1051,8,4.102746774489864,0.4094978773099793
118,1550851200,1053,227,0,1280,8,-0.42458121850738745,0.7551060366612763
118,1550865600,1892,150,0,2042,8,-0.42458121850738745,1.9051209599175571
118,1551499200,113,31,0,144,9,-0.34643854138469365,-1.0499941993906785
118,1551513600,55,70,15,125,9,0.2937196329131099,-1.0845870315411468
118,1551528000,334,333,0,667,9,-0.34643854138469365,-0.09778097756463588
118,1551542400,1051,220,0,1271,9,-0.34643854138469365,1.0019069497449813
118,1551556800,1293,188,0,1481,9,-0.34643854138469365,1.3842487787764708
118,1551571200,642,88,0,730,9,-0.34643854138469365,0.016921571144810944
118,1551585600,128,43,0,171,9,-0.34643854138469365,-1.000835964229487
118,1551600000,39,38,0,77,9,-0.34643854138469365,-1.1719794496054872
118,1551614400,310,280,0,590,9,-0.34643854138469365,-0.23797298154284868
118,1551628800,1031,197,0,1228,9,-0.34643854138469365,0.923617908562343
118,1551643200,1059,165,0,1224,9,-0.34643854138469365,0.9163352070569812
118,1551657600,417,65,0,482,9,-0.34643854138469365,-0.4346059221876147
118,1551672000,30,8,0,38,9,-0.34643854138469365,-1.2429857892827638
118,1551686400,69,94,25,163,9,0.7204917491116456,-1.0154013672402105
118,1551700800,398,496,98,894,9,3.835928197360956,0.31551233286464075
118,1551715200,902,204,0,1106,9,-0.34643854138469365,0.701495512648811
118,1551729600,1690,171,0,1861,9,-0.34643854138469365,2.0761054217858326
118,1551744000,494,82,0,576,10,-0.4186014871043335,-0.4396077586156042
118,1551758400,43,17,0,60,10,-0.4186014871043335,-1.2737885960831967
118,1551772800,91,101,10,192,10,0.4876491550803061,-1.0603934981263707
118,1551787200,526,574,48,1100,10,3.9314015953819363,0.4075061150917959
118,1551801600,1040,205,0,1245,10,-0.4186014871043335,0.6419173969383093
118,1551816000,1801,189,0,1990,10,-0.4186014871043335,1.8463063967703952
118,1551830400,633,76,0,709,10,-0.4186014871043335,-0.22459603112880228
118,1551844800,62,22,0,84,10,-0.4186014871043335,-1.234989487363774
118,1551859200,97,92,0,189,10,-0.4186014871043335,-1.0652433867162985
118,1551873600,508,530,22,1038,10,1.5751499257018735,0.30727508423328675
118,1551888000,966,188,0,1154,10,-0.4186014871043335,0.49480410971049743
118,1551902400,1725,163,0,1888,10,-0.4186014871043335,1.6814101847128478
118,1551916800,577,65,0,642,10,-0.4186014871043335,-0.3329102096371912
118,1551931200,72,16,0,88,10,-0.4186014871043335,-1.22852296924387
118,1551945600,97,119,22,216,10,1.5751499257018735,-1.021594389406948
118,1551960000,535,547,12,1082,10,0.668899283517234,0.37840678355222873
118,1551974400,1050,198,0,1248,10,-0.4186014871043335,0.6467672855282371
118,1551988800,1840,187,0,2027,10,-0.4186014871043335,1.9061216893795054
118,1552003200,708,74,0,782,10,-0.4186014871043335,-0.10658207544055759
118,1552017600,74,23,0,97,10,-0.4186014871043335,-1.2139733034740863
118,1552032000,93,105,12,198,10,0.668899283517234,-1.050693720946515
118,1552046400,532,538,6,1070,10,0.12514889820645028,0.35900722919251726
118,1552060800,1101,234,0,1335,10,-0.4186014871043335,0.7874140546361452
118,1552075200,1857,200,0,2057,10,-0.4186014871043335,1.9546205752787842
118,1552089600,847,130,0,977,10,-0.4186014871043335,0.2086606829047535
118,1552104000,119,42,0,161,10,-0.4186014871043335,-1.1105090135556253
118,1552118400,53,52,0,105,10,-0.4186014871043335,-1.2010402672342788
118,1552132800,389,361,0,750,10,-0.4186014871043335,-0.15831422039978812
118,1552147200,1123,283,0,1406,10,-0.4186014871043335,0.9021947512644379
118,1552161600,1567,193,0,1760,10,-0.4186014871043335,1.474481604875926
118,1552176000,697,166,0,863,10,-0.4186014871043335,0.024364916487494715
118,1552194000,124,30,0,154,10,-0.4186014871043335,-1.121825420265457
118,1552208400,61,78,17,139,10,1.1220246046095539,-1.1460748632150963
118,1552222800,319,303,0,622,10,-0.4186014871043335,-0.3652428002367103
118,1552237200,909,264,0,1173,10,-0.4186014871043335,0.5255200707800406
118,1552251600,1062,170,0,1232,10,-0.4186014871043335,0.6209012130486219
118,1552266000,362,48,0,410,10,-0.4186014871043335,-0.7079682605916127
118,1552280400,31,18,0,49,10,-0.4186014871043335,-1.2915715209129321
118,1552294800,194,239,45,433,10,3.6595264027265446,-0.6707857814021657
118,1552309200,599,447,0,1046,10,-0.4186014871043335,0.3202081204730944
118,1552323600,1299,173,0,1472,10,-0.4186014871043335,1.008892300242851
118,1552338000,1711,83,0,1794,10,-0.4186014871043335,1.5294470088951082
118,1552352400,386,50,0,436,11,-0.3092822320819136,-0.717724034767315
118,1552366800,28,10,0,38,11,-0.3092822320819136,-1.3678175034842175
118,1552381200,174,196,22,370,11,1.0847508530092482,-0.8255284793284093
118,1552395600,615,381,0,996,11,-0.3092822320819136,0.19698034332681927
118,1552410000,1186,87,0,1273,11,-0.3092822320819136,0.6494323303483821
118,1552424400,1695,132,0,1827,11,-0.3092822320819136,1.5543363043915077
118,1552438800,470,104,0,574,11,-0.3092822320819136,-0.4923147415941176
118,1552453200,33,25,0,58,11,-0.3092822320819136,-1.3351494899808556
118,1552467600,188,191,3,379,11,-0.11918681138766428,-0.8108278732518964
118,1552482000,615,521,0,1136,11,-0.3092822320819136,0.4256564378503528
118,1552496400,1252,228,0,1480,11,-0.3092822320819136,0.9875462701081781
118,1552510800,1624,125,0,1749,11,-0.3092822320819136,1.4269310517283962
118,1552525200,448,88,0,536,11,-0.3092822320819136,-0.5543839672505053
118,1552539600,32,18,0,50,11,-0.3092822320819136,-1.3482166953822003
118,1552554000,192,253,61,445,11,3.5559913220344894,-0.703023428690802
118,1552568400,538,434,0,972,11,-0.3092822320819136,0.15777872712278493
118,1552582800,1230,237,0,1467,11,-0.3092822320819136,0.9663120613309928
118,1552597200,1672,231,0,1903,11,-0.3092822320819136,1.678474755704283
118,1552611600,559,86,0,645,11,-0.3092822320819136,-0.3763432936571827
118,1552626000,48,26,0,74,11,-0.3092822320819136,-1.309015079178166
118,1552640400,194,275,81,469,11,4.823294126662818,-0.6638218124867677
118,1552654800,598,442,0,1040,11,-0.3092822320819136,0.26884997303421554
118,1552669200,1297,232,0,1529,11,-0.3092822320819136,1.0675829031914148
118,1552683600,1802,179,0,1981,11,-0.3092822320819136,1.8058800083673945
118,1552698000,643,127,0,770,11,-0.3092822320819136,-0.17216820926117063
118,1552712400,74,17,0,91,11,-0.3092822320819136,-1.2812472677003084
118,1552726800,102,121,19,223,11,0.8946554323149988,-1.0656383785781196
118,1552741200,571,447,0,1018,11,-0.3092822320819136,0.2329151581805174
118,1552755600,1341,279,0,1620,11,-0.3092822320819136,1.2162223646317116
118,1552770000,1336,247,0,1583,11,-0.3092822320819136,1.155786539650492
118,1552784400,566,106,0,672,11,-0.3092822320819136,-0.3322414754276441
118,1552798800,72,23,0,95,11,-0.3092822320819136,-1.274713664999636
118,1552813200,93,94,1,187,11,-0.24591709185049715,-1.124440802884171
118,1552827600,545,362,0,907,11,-0.3092822320819136,0.05160768323685864
118,1552842000,1129,213,0,1342,11,-0.3092822320819136,0.7621369769349807
118,1552856400,1185,218,0,1403,11,-0.3092822320819136,0.8617744181202347
118,1552870800,367,55,0,422,11,-0.3092822320819136,-0.7405916442196683
118,1552885200,27,15,0,42,11,-0.3092822320819136,-1.361283900783545
118,1552899600,206,224,18,430,11,0.8312902920835823,-0.7275244388183235
118,1552914000,623,520,0,1143,11,-0.3092822320819136,0.4370902425765295
118,1552928400,1269,190,0,1459,11,-0.3092822320819136,0.953244855929648
118,1552942800,1784,149,0,1933,11,-0.3092822320819136,1.727476775959326
118,1552957200,420,71,0,491,12,-0.34904476623183506,-0.6551165700347338
118,1552971600,45,24,0,69,12,-0.34904476623183506,-1.3171810065323744
118,1552986000,194,326,132,520,12,3.98975385257824,-0.6096192509389243
118,1553000400,665,502,0,1167,12,-0.34904476623183506,0.4054416268193067
118,1553014800,1291,199,0,1490,12,-0.34904476623183506,0.9121876291622876
118,1553029200,1725,128,0,1853,12,-0.34904476623183506,1.48168855439604
118,1553043600,449,92,0,541,12,-0.34904476623183506,-0.5766729164212693
118,1553058000,34,17,0,51,12,-0.34904476623183506,-1.3454207218332217
118,1553072400,224,261,37,485,12,0.8671336344952314,-0.6645298084683495
118,1553086800,633,461,0,1094,12,-0.34904476623183506,0.29091389254364847
118,1553101200,1254,203,0,1457,12,-0.34904476623183506,0.860414817777401
118,1553115600,1635,161,0,1796,12,-0.34904476623183506,1.3922627892766906
118,1553130000,489,92,0,581,12,-0.34904476623183506,-0.5139179935304976
118,1553144400,42,14,0,56,12,-0.34904476623183506,-1.3375763564718752
118,1553158800,179,283,104,462,12,3.069402630406406,-0.7006138891305432
118,1553173200,570,465,0,1035,12,-0.34904476623183506,0.19835038127976035
118,1553187600,1333,193,0,1526,12,-0.34904476623183506,0.968667059763982
118,1553202000,2355,153,0,2508,12,-0.34904476623183506,2.5093004167324255
118,1553216400,786,65,0,851,12,-0.34904476623183506,-0.09032226401778913
118,1553230800,72,18,0,90,12,-0.34904476623183506,-1.2842346720147193
118,1553245200,298,259,0,557,12,-0.34904476623183506,-0.5515709472649606
118,1553259600,1038,526,0,1564,12,-0.34904476623183506,1.0282842365102152
118,1553274000,1492,174,0,1666,12,-0.34904476623183506,1.1883092898816827
118,1553288400,1804,180,0,1984,12,-0.34904476623183506,1.6872109268633173
118,1553302800,615,74,0,689,12,-0.34904476623183506,-0.3444797017254142
118,1553317200,66,33,0,99,12,-0.34904476623183506,-1.2701148143642957
118,1553331600,81,107,26,188,12,0.5055670829277252,-1.1304851109323288
118,1553346000,730,359,0,1089,12,-0.34904476623183506,0.28306952718230205
118,1553360400,1179,216,0,1395,12,-0.34904476623183506,0.7631446872967049
118,1553374800,1155,226,0,1381,12,-0.34904476623183506,0.7411804642849349
118,1553389200,489,109,0,598,12,-0.34904476623183506,-0.48724715130191965
118,1553403600,48,23,0,71,12,-0.34904476623183506,-1.3140432603878358
118,1553418000,73,111,38,184,12,0.9000033210013684,-1.136760603221406
118,1553432400,495,283,0,778,12,-0.34904476623183506,-0.20484999829344736
118,1553446800,1093,234,0,1327,12,-0.34904476623183506,0.6564613183823932
118,1553461200,1014,154,0,1168,12,-0.34904476623183506,0.407010499891576
118,1553475600,372,51,0,423,12,-0.34904476623183506,-0.7617999389490455
118,1553490000,23,16,0,39,12,-0.34904476623183506,-1.3642471987004532
118,1553504400,186,295,109,481,12,3.2337510629370905,-0.6708053007574266
118,1553518800,647,498,0,1145,12,-0.34904476623183506,0.3709264192293823
118,1553533200,1183,179,0,1362,12,-0.34904476623183506,0.7113718759118184
118,1553547600,1707,142,0,1849,12,-0.34904476623183506,1.475413062106963
118,1553562000,385,57,0,442,13,-0.48217853468365085,-0.2903771998846445
118,1553576400,34,16,0,50,13,-0.48217853468365085,-0.8672302442282587
118,1553590800,197,241,44,438,13,1.7374851821569026,-0.29626345543917115
118,1553605200,605,456,0,1061,13,-0.48217853468365085,0.6205208471783585
118,1553619600,1221,204,0,1425,13,-0.48217853468365085,1.156170102640286
118,1553634000,1661,160,0,1821,13,-0.48217853468365085,1.738909402538427
118,1553648400,456,69,0,525,13,-0.48217853468365085,-0.16823739712821598
118,1553662800,34,18,0,52,13,-0.48217853468365085,-0.8642871164509953
118,1553677200,171,262,91,433,13,4.1084896069638575,-0.3036212748823295
118,1553691600,596,467,0,1063,13,-0.48217853468365085,0.6234639749556219
118,1553706000,1189,173,0,1362,13,-0.48217853468365085,1.0634615776564909
118,1553720400,1569,158,0,1727,13,-0.48217853468365085,1.60058239700705
118,1553734800,458,87,0,545,13,-0.48217853468365085,-0.1388061193555826
118,1553749200,38,17,0,55,13,-0.48217853468365085,-0.8598724247851003
118,1553763600,168,247,79,415,13,3.503126775098252,-0.33010942487769956
118,1553778000,548,457,0,1005,13,-0.48217853468365085,0.538113269414985
118,1553792400,1209,202,0,1411,13,-0.48217853468365085,1.1355682081994427
118,1553806800,1641,202,0,1843,13,-0.48217853468365085,1.7712838080883238
118,1553821200,534,80,0,614,13,-0.48217853468365085,-0.03726821103999744
118,1553835600,31,20,0,51,13,-0.48217853468365085,-0.865758680339627
118,1553850000,205,233,28,438,13,0.9303347396694286,-0.29626345543917115
118,1553864400,566,497,0,1063,13,-0.48217853468365085,0.6234639749556219
118,1553878800,1357,208,0,1565,13,-0.48217853468365085,1.3621890470487197
118,1553893200,1731,183,0,1914,13,-0.48217853468365085,1.8757648441811723
118,1553907600,424,133,0,557,13,-0.48217853468365085,-0.12114735269200257
118,1553922000,3,28,25,31,13,0.7789940317030273,-0.8951899581122604
118,1553936400,1,21,20,22,13,0.5267595184256917,-0.9084340331099454
118,1553950800,3,7,4,10,13,-0.28039092406178234,-0.9260927997735254
118,1553965200,1,4,3,5,13,-0.3308378267172495,-0.9334506192166838
118,1553979600,0,3,3,3,13,-0.3308378267172495,-0.9363937469939471
118,1553994000,2,8,6,10,13,-0.17949711875084812,-0.9260927997735254
118,1554008400,2,15,13,17,13,0.17363119983742178,-0.9157918525531037
118,1554022800,1,12,11,13,13,0.07273739452648753,-0.9216781081076304
118,1554037200,2,13,11,15,13,0.07273739452648753,-0.918734980330367
118,1554051600,1,10,9,11,13,-0.02815641078444673,-0.9246212358848938
118,1554066000,0,1,1,1,13,-0.43173163202818376,-0.9393368747712104
118,1554080400,1,2,1,3,13,-0.43173163202818376,-0.9363937469939471
118,1554094800,3,2,0,5,13,-0.48217853468365085,-0.9334506192166838
118,1554109200,221,258,37,479,13,1.3843568635686327,-0.23592933600527274
118,1554109719,13,38,25,51,13,0.7789940317030273,-0.865758680339627
118,1554123600,632,373,0,1005,13,-0.48217853468365085,0.538113269414985
118,1554138000,1517,171,0,1688,13,-0.48217853468365085,1.543191405350415
118,1554152400,2165,82,0,2247,13,-0.48217853468365085,2.365795619095518
118,1554166800,635,77,0,712,14,-0.4641676182177712,-0.09268506058523933
118,1554181200,41,19,0,60,14,-0.4641676182177712,-0.4550055118119853
118,1554195600,236,284,48,520,14,3.2491733275243986,-0.1993806535845265
118,1554210000,739,461,0,1200,14,-0.4641676182177712,0.1784995716212822
118,1554224400,1553,119,0,1672,14,-0.4641676182177712,0.44079290441119645
118,1554238800,2091,77,0,2168,14,-0.4641676182177712,0.7164231863260216
118,1554253200,645,85,0,730,14,-0.4641676182177712,-0.08268234874155617
118,1554267600,47,21,0,68,14,-0.4641676182177712,-0.4505598621036817
118,1554282000,248,249,1,497,14,-0.38680634851480933,-0.21216189649589942
118,1554296400,747,386,0,1133,14,-0.4641676182177712,0.14126725531423928
118,1554310800,1368,102,0,1470,14,-0.4641676182177712,0.32854024927652975
118,1554325200,2011,101,0,2112,14,-0.4641676182177712,0.6853036383678962
118,1554339600,704,78,0,782,14,-0.4641676182177712,-0.05378562563758255
118,1554354000,54,33,0,87,14,-0.4641676182177712,-0.4400014440464606
118,1554368400,227,260,33,487,14,2.0887542819799703,-0.21771895863127896
118,1554512400,8654,1653,0,10307,14,-0.4641676182177712,5.239316058311429
118,1554526800,30,16,0,46,14,-0.4641676182177712,-0.46278539880151665
118,1554541200,11,16,5,27,14,-0.07736126970296187,-0.4733438168587378
118,1554555600,1,5,4,6,14,-0.15472253940592373,-0.4850136473430348
118,1554570000,3,3,0,6,14,-0.4641676182177712,-0.4850136473430348
118,1554584400,1,3,2,4,14,-0.30944507881184746,-0.4861250597701107
118,1554598800,1,3,2,4,14,-0.30944507881184746,-0.4861250597701107
118,1554613200,1,3,2,4,14,-0.30944507881184746,-0.4861250597701107
118,1554627600,0,2,2,2,14,-0.30944507881184746,-0.48723647219718663
118,1554642000,2,3,1,5,14,-0.38680634851480933,-0.48556935355657277
118,1554656400,1,4,3,5,14,-0.2320838091088856,-0.48556935355657277
118,1554670800,0,6,6,6,14,0.0,-0.4850136473430348
118,1554685200,2,28,26,30,14,1.5472253940592373,-0.4716766982181239
118,1554699600,3,18,15,21,14,0.6962514273266568,-0.4766780541399655
118,1554714000,208,256,48,464,14,3.2491733275243986,-0.2305002015426519
118,1554728400,628,459,0,1087,14,-0.4641676182177712,0.1157047694914934
118,1554742800,1255,189,0,1444,14,-0.4641676182177712,0.31409188772454294
118,1554757200,1695,139,0,1834,14,-0.4641676182177712,0.530817311004345
118,1554771600,546,86,0,632,15,-0.3902350755141233,-0.4301829513879843
118,1554786000,43,18,0,61,15,-0.3902350755141233,-1.3942655175207417
118,1554800400,214,305,91,519,15,3.1693793841874975,-0.620973371655938
118,1554814800,610,454,0,1064,15,-0.3902350755141233,0.29921051370720175
118,1554829200,1296,167,0,1463,15,-0.3902350755141233,0.9728864224409499
118,1554843600,1715,144,0,1859,15,-0.3902350755141233,1.6414970987782038
118,1554858000,522,88,0,610,15,-0.3902350755141233,-0.4673279889622762
118,1554872400,50,27,0,77,15,-0.3902350755141233,-1.3672509447394385
118,1554886800,223,271,48,494,15,1.487363760372446,-0.6631836416267243
118,1554901200,686,420,0,1106,15,-0.3902350755141233,0.37012376725812257
118,1554915600,1294,136,0,1430,15,-0.3902350755141233,0.9171688660795121
118,1554930000,1679,129,0,1808,15,-0.3902350755141233,1.5553881480377998
118,1554944400,581,138,0,719,15,-0.3902350755141233,-0.28329121188964823
118,1554958800,51,27,0,78,15,-0.3902350755141233,-1.3655625339406072
118,1554973200,216,277,61,493,15,1.995880111758392,-0.6648720524255557
118,1554987600,619,468,0,1087,15,-0.3902350755141233,0.33804396208032506
118,1555002000,1261,119,0,1380,15,-0.3902350755141233,0.8327483261379397
118,1555016400,1694,143,0,1837,15,-0.3902350755141233,1.604352061203912
118,1555030800,632,82,0,714,15,-0.3902350755141233,-0.2917332658838055
118,1555045200,46,25,0,71,15,-0.3902350755141233,-1.3773814095324273
118,1555059600,187,288,101,475,15,3.5605458083305326,-0.6952634468045218
118,1555074000,655,383,0,1038,15,-0.3902350755141233,0.255311832937584
118,1555088400,1278,126,0,1404,15,-0.3902350755141233,0.8732701853098944
118,1555102800,1803,164,0,1967,15,-0.3902350755141233,1.8238454650520004
118,1555117200,574,102,0,676,15,-0.3902350755141233,-0.3558928762394005
118,1555131600,56,26,0,82,15,-0.3902350755141233,-1.3588088907452813
118,1555146000,97,116,19,213,15,0.3529811303576437,-1.1376270760983616
118,1555160400,589,350,0,939,15,-0.3902350755141233,0.08815916385327058
118,1555174800,1322,231,0,1553,15,-0.3902350755141233,1.1248433943357803
118,1555189200,1324,172,0,1496,15,-0.3902350755141233,1.0286039788023877
118,1555203600,590,102,0,692,15,-0.3902350755141233,-0.3288783034580974
118,1555218000,63,21,0,84,15,-0.3902350755141233,-1.3554320691476185
118,1555232400,74,93,19,167,15,0.3529811303576437,-1.2152939728446082
118,1555246800,519,300,0,819,15,-0.3902350755141233,-0.11445013200650331
118,1555261200,1227,197,0,1424,15,-0.3902350755141233,0.9070384012865235
118,1555275600,1039,137,0,1176,15,-0.3902350755141233,0.488312523176324
118,1555290000,438,62,0,500,15,-0.3902350755141233,-0.6530531768337355
118,1555304400,28,19,0,47,15,-0.3902350755141233,-1.417903268704382
118,1555318800,184,264,80,448,15,2.7390963176301586,-0.740850538372971
118,1555333200,710,439,0,1149,15,-0.3902350755141233,0.4427254316078749
118,1555347600,1232,193,0,1425,15,-0.3902350755141233,0.9087268120853549
118,1555362000,1825,144,0,1969,15,-0.3902350755141233,1.8272222866496635
118,1555376400,427,50,0,477,16,-0.34748753872998445,-0.6322359757655082
118,1555390800,38,23,0,61,16,-0.34748753872998445,-1.3169884533612781
118,1555405200,205,285,80,490,16,2.653947243102272,-0.6108374608406404
118,1555419600,673,450,0,1123,16,-0.34748753872998445,0.4311056120394614
118,1555434000,1312,184,0,1496,16,-0.34748753872998445,1.045078386422207
118,1555448400,1668,173,0,1841,16,-0.34748753872998445,1.6129620517360066
118,1555462800,489,72,0,561,16,-0.34748753872998445,-0.49396864855867
118,1555477200,35,21,0,56,16,-0.34748753872998445,-1.325218651409304
118,1555491600,194,290,96,484,16,3.254234199468723,-0.6207136984982716
118,1555506000,643,470,0,1113,16,-0.34748753872998445,0.4146452159434092
118,1555520400,1350,173,0,1523,16,-0.34748753872998445,1.0895214558815478
118,1555534800,1711,158,0,1869,16,-0.34748753872998445,1.6590511608049525
118,1555549200,525,87,0,612,16,-0.34748753872998445,-0.410020628468804
118,1555563600,46,12,0,58,16,-0.34748753872998445,-1.3219265721900937
118,1555578000,219,301,82,520,16,2.7289831126480784,-0.5614562725524839
118,1555592400,651,457,0,1108,16,-0.34748753872998445,0.40641501789538315
118,1555606800,1286,239,0,1525,16,-0.34748753872998445,1.0928135351007582
118,1555621200,1870,169,0,2039,16,-0.34748753872998445,1.9388778944378393
118,1555635600,625,83,0,708,16,-0.34748753872998445,-0.25200082594670326
118,1555650000,48,19,0,67,16,-0.34748753872998445,-1.3071122157036468
118,1555664400,152,182,30,334,16,0.7780505044571117,-0.8676196399390541
118,1555678800,632,394,0,1026,16,-0.34748753872998445,0.2714397699077554
118,1555693200,1489,161,0,1650,16,-0.34748753872998445,1.2985684863014102
118,1555707600,1602,217,0,1819,16,-0.34748753872998445,1.5767491803246918
118,1555722000,618,104,0,722,16,-0.34748753872998445,-0.22895627141223027
118,1555736400,69,33,0,102,16,-0.34748753872998445,-1.249500829367464
118,1555750800,78,60,0,138,16,-0.34748753872998445,-1.1902434034216764
118,1555765200,444,298,0,742,16,-0.34748753872998445,-0.19603547922012593
118,1555779600,1056,217,0,1273,16,-0.34748753872998445,0.6780115534802438
118,1555794000,1049,265,0,1314,16,-0.34748753872998445,0.7454991774740577
118,1555808400,496,75,0,571,16,-0.34748753872998445,-0.47750825246261785
118,1555822800,36,29,0,65,16,-0.34748753872998445,-1.3104042949228571
118,1555837200,69,66,0,135,16,-0.34748753872998445,-1.195181522250492
118,1555851600,423,245,0,668,16,-0.34748753872998445,-0.31784241033091193
118,1555866000,1081,224,0,1305,16,-0.34748753872998445,0.7306848209876107
118,1555880400,1077,179,0,1256,16,-0.34748753872998445,0.6500288801169551
118,1555894800,417,47,0,464,16,-0.34748753872998445,-0.653634490690376
118,1555909200,24,15,0,39,16,-0.34748753872998445,-1.353201324772593
118,1555923600,163,264,101,427,16,3.4418238733332394,-0.714537956245769
118,1555938000,615,431,0,1046,16,-0.34748753872998445,0.30436056209985973
118,1555952400,1354,196,0,1550,16,-0.34748753872998445,1.1339645253408885
118,1555966800,1613,176,0,1789,16,-0.34748753872998445,1.5273679920365353
118,1555981200,410,79,0,489,17,-0.2947954505131016,-0.6247135628987036
118,1555995600,34,12,0,46,17,-0.2947954505131016,-1.394833522568304
118,1556010000,157,240,83,397,17,0.7657380278033815,-0.7846481820625935
118,1556024400,647,436,0,1083,17,-0.2947954505131016,0.40790778257249866
118,1556038800,1357,203,0,1560,17,-0.2947954505131016,1.2371340145417975
118,1556053200,1710,167,0,1877,17,-0.2947954505131016,1.7882130827478093
118,1556067600,550,75,0,625,17,-0.2947954505131016,-0.3882884736999098
118,1556082000,37,14,0,51,17,-0.2947954505131016,-1.3861414237007013
118,1556096400,148,235,87,383,17,0.8168480749511638,-0.8089860588918811
118,1556110800,662,416,0,1078,17,-0.2947954505131016,0.39921568370489596
118,1556125200,1257,131,0,1388,17,-0.2947954505131016,0.9381258134962641
118,1556139600,1658,83,0,1741,17,-0.2947954505131016,1.5517879935490158
118,1556154000,501,62,0,563,17,-0.2947954505131016,-0.49607049965818345
118,1556168400,42,12,0,54,17,-0.2947954505131016,-1.3809261643801396
118,1556182800,165,223,58,388,17,0.44630023312974204,-0.8002939600242783
118,1556197200,629,482,0,1111,17,-0.2947954505131016,0.45658353623107384
118,1556211600,1378,133,0,1511,17,-0.2947954505131016,1.151951445639291
118,1556226000,1622,105,0,1727,17,-0.2947954505131016,1.527450116719728
118,1556240400,554,66,0,620,17,-0.2947954505131016,-0.3969805725675125
118,1556254800,52,29,0,81,17,-0.2947954505131016,-1.3339888304950849
118,1556269200,148,616,468,764,17,5.68508006577743,-0.1466481251805544
118,1556283600,602,795,193,1397,17,2.171264324367395,0.953771591457949
118,1556298000,1195,159,0,1354,17,-0.2947954505131016,0.8790195411965657
118,1556312400,1560,100,0,1660,17,-0.2947954505131016,1.4109759918938518
118,1556326800,503,96,0,599,17,-0.2947954505131016,-0.4334873878114439
118,1556341200,54,19,0,73,17,-0.2947954505131016,-1.3478961886832492
118,1556355600,76,82,6,158,17,-0.21813037979142813,-1.2001305079340032
118,1556370000,545,366,0,911,17,-0.2947954505131016,0.10889958152696536
118,1556384400,1157,151,0,1308,17,-0.2947954505131016,0.7990522316146207
118,1556398800,1172,176,0,1348,17,-0.2947954505131016,0.8685890225554425
118,1556413200,547,76,0,623,17,-0.2947954505131016,-0.3917653132469509
118,1556427600,77,23,0,100,17,-0.2947954505131016,-1.3009588547981947
118,1556442000,69,59,0,128,17,-0.2947954505131016,-1.2522831011396194
118,1556456400,493,293,0,786,17,-0.2947954505131016,-0.10840289016310246
118,1556470800,1040,201,0,1241,17,-0.2947954505131016,0.6825781067887444
118,1556485200,973,179,0,1152,17,-0.2947954505131016,0.5278587469454161
118,1556499600,366,51,0,417,17,-0.2947954505131016,-0.7498797865921827
118,1556514000,23,20,0,43,17,-0.2947954505131016,-1.4000487818888656
118,1556528400,209,283,74,492,17,0.6507404217208713,-0.619498303578142
118,1556542800,653,460,0,1113,17,-0.2947954505131016,0.4600603757781149
118,1556557200,1273,153,0,1426,17,-0.2947954505131016,1.0041857648900447
118,1556571600,1639,126,0,1765,17,-0.2947954505131016,1.5935100681135086
118,1556586000,383,70,0,453,18,-0.4212724410702664,-0.5684659871703842
118,1556600400,31,11,0,42,18,-0.4212724410702664,-1.2965727165413898
118,1556614800,198,289,91,487,18,2.316998425886465,-0.5082333136944372
118,1556629200,586,555,0,1141,18,-0.4212724410702664,0.6503598761076008
118,1556643600,1062,140,0,1202,18,-0.4212724410702664,0.7584243785203292
118,1556658000,1848,133,0,1981,18,-0.4212724410702664,2.1384612208074665
118,1556672400,460,61,0,521,18,-0.4212724410702664,-0.44800064021849034
118,1556686800,39,15,0,54,18,-0.4212724410702664,-1.2753141259028202
118,1556701200,192,270,78,462,18,1.9258168734640748,-0.552522044191457
118,1556715600,566,439,0,1005,18,-0.4212724410702664,0.40942918220381314
118,1556730000,1205,172,0,1377,18,-0.4212724410702664,1.068445491999468
118,1556744400,1705,127,0,1832,18,-0.4212724410702664,1.8745003870452284
118,1556758800,506,54,0,560,18,-0.4212724410702664,-0.37891022064313945
118,1556773200,37,21,0,58,18,-0.4212724410702664,-1.2682279290232972
118,1556787600,193,258,65,451,18,1.5346353210416848,-0.5720090856101457
118,1556790297,82,239,157,321,18,4.302997076646292,-0.8023104841946488
118,1556793569,120,150,30,270,18,0.4814542183660187,-0.8926594944085692
118,1556802000,333,164,0,497,18,-0.4212724410702664,-0.49051782149562934
118,1556816400,1216,175,0,1391,18,-0.4212724410702664,1.0932471810777988
118,1556830800,1658,121,0,1779,18,-0.4212724410702664,1.7806082783915462
118,1556845200,457,58,0,515,18,-0.4212724410702664,-0.4586299355377751
118,1556859600,37,23,0,60,18,-0.4212724410702664,-1.2646848305835354
118,1556874000,170,244,74,414,18,1.8054533188725703,-0.6375564067457351
118,1556888400,592,400,0,992,18,-0.4212724410702664,0.3863990423453628
118,1556902800,1306,178,0,1484,18,-0.4212724410702664,1.2580012585267126
118,1556917200,1446,152,0,1598,18,-0.4212724410702664,1.4599578695931228
118,1556931600,540,78,0,618,18,-0.4212724410702664,-0.2761603658900535
118,1556946000,60,28,0,88,18,-0.4212724410702664,-1.2150814524268734
118,1556960400,63,94,31,157,18,0.5115451070138949,-1.0928445562550986
118,1556974800,526,340,0,866,18,-0.4212724410702664,0.163183840640383
118,1556989200,1070,246,0,1316,18,-0.4212724410702664,0.9603809895867395
118,1557003600,1204,188,0,1392,18,-0.4212724410702664,1.0950187302976797
118,1557018000,529,93,0,622,18,-0.4212724410702664,-0.26907416901053033
118,1557032400,69,30,0,99,18,-0.4212724410702664,-1.1955944110081846
118,1557046800,56,65,9,121,18,-0.15045444323938084,-1.1566203281708072
118,1557061200,418,273,0,691,18,-0.4212724410702664,-0.14683727283875564
118,1557075600,913,187,0,1100,18,-0.4212724410702664,0.5777263580924884
118,1557090000,871,198,0,1069,18,-0.4212724410702664,0.5228083322761838
118,1557104400,270,46,0,316,18,-0.4212724410702664,-0.8111682302940527
118,1557118800,28,12,0,40,18,-0.4212724410702664,-1.3001158149811514
118,1557133200,183,264,81,447,18,2.0160895394077034,-0.5790952824896689
118,1557147600,617,519,0,1136,18,-0.4212724410702664,0.6415021300081969
118,1557162000,1202,174,0,1376,18,-0.4212724410702664,1.066673942779587
118,1557176400,1521,129,0,1650,18,-0.4212724410702664,1.552078429026924
118,1557190800,455,59,0,514,19,-0.3756996445720887,-0.508464236569964
118,1557205200,28,14,0,42,19,-0.3756996445720887,-1.381022670240581
118,1557219600,188,300,112,488,19,3.542905960898212,-0.55652889605182
118,1557234000,633,442,0,1075,19,-0.3756996445720887,0.5286232237885446
118,1557248400,1199,179,0,1378,19,-0.3756996445720887,1.0887613708270976
118,1557262800,1502,119,0,1621,19,-0.3756996445720887,1.537981072907521
118,1557277200,379,54,0,433,19,-0.3756996445720887,-0.6582041372634385
118,1557291600,41,15,0,56,19,-0.3756996445720887,-1.3551416997503507
118,1557306000,204,257,53,461,19,1.4786405080165355,-0.6064421962829782
118,1557320400,587,426,0,1013,19,-0.3756996445720887,0.4140074973318111
118,1557334800,1204,184,0,1388,19,-0.3756996445720887,1.1072477783201191
118,1557349200,1539,130,0,1669,19,-0.3756996445720887,1.6267158288740244
118,1557363600,417,74,0,491,19,-0.3756996445720887,-0.5509829738039136
118,1557378000,21,7,0,28,19,-0.3756996445720887,-1.406903640730811
118,1557392400,186,288,102,474,19,3.193030460409792,-0.5824098665420502
118,1557406800,593,479,0,1072,19,-0.3756996445720887,0.5230773015406383
118,1557421200,1230,161,0,1391,19,-0.3756996445720887,1.1127937005680255
118,1557435600,1590,165,0,1755,19,-0.3756996445720887,1.7856989333140099
118,1557450000,471,66,0,537,19,-0.3756996445720887,-0.4659454993360144
118,1557464400,34,17,0,51,19,-0.3756996445720887,-1.3643849034968616
118,1557478800,191,246,55,437,19,1.5486156081142195,-0.6508095742662299
118,1557493200,607,424,0,1031,19,-0.3756996445720887,0.44728303081924986
118,1557507600,1191,152,0,1343,19,-0.3756996445720887,1.024058944601522
118,1557522000,1442,184,0,1626,19,-0.3756996445720887,1.5472242766540318
118,1557536400,544,109,0,653,19,-0.3756996445720887,-0.2515031724169645
118,1557550800,63,44,0,107,19,-0.3756996445720887,-1.2608610215359408
118,1557565200,89,90,1,179,19,-0.34071209452324674,-1.1277588875861857
118,1557579600,510,328,0,838,19,-0.3756996445720887,0.09049536620393406
118,1557594000,1135,259,0,1394,19,-0.3756996445720887,1.118339622815932
118,1557608400,1195,214,0,1409,19,-0.3756996445720887,1.1460692340554643
118,1557622800,552,87,0,639,19,-0.3756996445720887,-0.2773841429071947
118,1557637200,46,33,0,79,19,-0.3756996445720887,-1.3126229625164012
118,1557651600,42,73,31,115,19,0.7089144069420124,-1.2460718955415238
118,1557666000,392,294,0,686,19,-0.3756996445720887,-0.19049802768999344
118,1557680400,897,165,0,1062,19,-0.3756996445720887,0.5045908940476167
118,1557694800,735,150,0,885,19,-0.3756996445720887,0.17738148142113533
118,1557709200,300,55,0,355,19,-0.3756996445720887,-0.8023981157090065
118,1557723600,16,11,0,27,19,-0.3756996445720887,-1.4087522814801132
118,1557738000,176,273,97,449,19,3.018092710165582,-0.6286258852746041
118,1557752400,533,453,0,986,19,-0.3756996445720887,0.36409419710065294
118,1557766800,1122,151,0,1273,19,-0.3756996445720887,0.8946540921503713
118,1557781200,1473,157,0,1630,19,-0.3756996445720887,1.5546188396512404
118,1557795600,370,64,0,434,20,-0.358658089021743,-0.7072222142919569
118,1557810000,23,17,0,40,20,-0.358658089021743,-1.415171715356823
118,1557824400,184,255,71,439,20,2.105670071030878,-0.6982380835677834
118,1557838800,585,445,0,1030,20,-0.358658089021743,0.3636861680295158
118,1557853200,1243,199,0,1442,20,-0.358658089021743,1.1039785397014064
118,1557867600,1581,169,0,1750,20,-0.358658089021743,1.6574009923104895
118,1557882000,450,52,0,502,20,-0.358658089021743,-0.5850380364431982
118,1557896400,21,16,0,37,20,-0.358658089021743,-1.420562193791327
118,1557910800,217,276,59,493,20,1.6891639031346606,-0.6012094717467104
118,1557925200,635,470,0,1105,20,-0.358658089021743,0.49844812889211726
118,1557939600,1190,161,0,1351,20,-0.358658089021743,0.94046736052145
118,1557954000,1579,141,0,1720,20,-0.358658089021743,1.603496207965449
118,1557968400,498,79,0,577,20,-0.358658089021743,-0.4502760755805968
118,1557982800,44,24,0,68,20,-0.358658089021743,-1.3648605833014518
118,1557997200,195,244,49,439,20,1.3420754298878124,-0.6982380835677834
118,1558011600,594,473,0,1067,20,-0.358658089021743,0.4301687353883992
118,1558026000,1180,189,0,1369,20,-0.358658089021743,0.9728102311284743
118,1558040400,1635,136,0,1771,20,-0.358658089021743,1.695134341352018
118,1558054800,569,80,0,649,20,-0.358658089021743,-0.3209045931524994
118,1558069200,38,17,0,55,20,-0.358658089021743,-1.3882193231843027
118,1558083600,198,256,58,454,20,1.6544550558099758,-0.6712856913952632
118,1558098000,580,493,0,1073,20,-0.358658089021743,0.4409496922574073
118,1558112400,1203,221,0,1424,20,-0.358658089021743,1.071635669094382
118,1558126800,1572,174,0,1746,20,-0.358658089021743,1.6502136877311508
118,1558141200,644,83,0,727,20,-0.358658089021743,-0.18075215385539395
118,1558155600,73,27,0,100,20,-0.358658089021743,-1.307362146666742
118,1558170000,99,106,7,205,20,-0.11569615774894937,-1.1186954014591
118,1558184400,537,344,0,881,20,-0.358658089021743,0.09595907244914766
118,1558198800,1148,276,0,1424,20,-0.358658089021743,1.071635669094382
118,1558213200,1169,209,0,1378,20,-0.358658089021743,0.9889816664319865
118,1558227600,510,99,0,609,20,-0.358658089021743,-0.39277763894588685
118,1558242000,59,30,0,89,20,-0.358658089021743,-1.3271272342599234
118,1558256400,69,105,36,174,20,0.8908604146669099,-1.174397011948975
118,1558270800,444,310,0,754,20,-0.358658089021743,-0.13223784794485743
118,1558285200,1088,225,0,1313,20,-0.358658089021743,0.8721879670177319
118,1558299600,1008,158,0,1166,20,-0.358658089021743,0.6080545237270331
118,1558314000,352,66,0,418,20,-0.358658089021743,-0.7359714326093119
118,1558328400,23,17,0,40,20,-0.358658089021743,-1.415171715356823
118,1558342800,166,320,154,486,20,4.986504398979717,-0.6137872547605532
118,1558357200,597,418,0,1015,20,-0.358658089021743,0.33673377585699554
118,1558371600,1148,207,0,1355,20,-0.358658089021743,0.9476546651007887
118,1558386000,1425,165,0,1590,20,-0.358658089021743,1.3699088091369398
118,1558400400,426,76,0,502,21,-0.32240931421531177,-0.4921873077637165
118,1558414800,30,20,0,50,21,-0.32240931421531177,-1.3342640787249995
118,1558429200,176,273,97,449,21,3.5636721831609606,-0.5909263981640439
118,1558443600,500,484,0,984,21,-0.32240931421531177,0.4057795143675631
118,1558458000,1076,206,0,1282,21,-0.32240931421531177,0.9609540226561966
118,1558472400,1677,144,0,1821,21,-0.32240931421531177,1.96511194201047
118,1558486800,488,91,0,579,21,-0.32240931421531177,-0.34873617642739174
118,1558501200,37,15,0,52,21,-0.32240931421531177,-1.3305380753136664
118,1558515600,178,247,69,425,21,2.4419166993822428,-0.6356384391000413
118,1558530000,575,460,0,1035,21,-0.32240931421531177,0.5007926013565575
118,1558544400,1183,201,0,1384,21,-0.32240931421531177,1.1509801966341853
118,1558558800,1599,156,0,1755,21,-0.32240931421531177,1.8421538294364772
118,1558573200,517,75,0,592,21,-0.32240931421531177,-0.3245171542537265
118,1558587600,26,26,0,52,21,-0.32240931421531177,-1.3305380753136664
118,1558602000,173,276,103,449,21,3.8040483582564,-0.5909263981640439
118,1558616400,561,436,0,997,21,-0.32240931421531177,0.4299985365412283
118,1558630800,1200,212,0,1412,21,-0.32240931421531177,1.2031442443928488
118,1558645200,1499,160,0,1659,21,-0.32240931421531177,1.6633056656924878
118,1558659600,459,79,0,538,21,-0.32240931421531177,-0.42511924635972054
118,1558674000,38,16,0,54,21,-0.32240931421531177,-1.3268120719023333
118,1558688400,186,250,64,436,21,2.241603220136043,-0.6151454203377091
118,1558702800,540,414,0,954,21,-0.32240931421531177,0.3498894631975665
118,1558717200,1353,132,0,1485,21,-0.32240931421531177,1.3391433689065073
118,1558731600,1480,137,0,1617,21,-0.32240931421531177,1.5850595940544925
118,1558746000,577,79,0,656,21,-0.32240931421531177,-0.20528504509106701
118,1558760400,48,28,0,76,21,-0.32240931421531177,-1.285826034377669
118,1558774800,79,73,0,152,21,-0.32240931421531177,-1.1442379047470108
118,1558789200,537,274,0,811,21,-0.32240931421531177,0.08348021928724905
118,1558803600,1060,199,0,1259,21,-0.32240931421531177,0.9181049834258658
118,1558818000,1038,227,0,1265,21,-0.32240931421531177,0.9292829936598651
118,1558832400,484,55,0,539,21,-0.32240931421531177,-0.423256244654054
118,1558846800,35,27,0,62,21,-0.32240931421531177,-1.3119080582570009
118,1558861200,56,59,3,115,21,-0.20222122666759199,-1.2131689678566733
118,1558875600,435,234,0,669,21,-0.32240931421531177,-0.1810660229174018
118,1558890000,968,356,0,1324,21,-0.32240931421531177,1.039200094294192
118,1558904400,917,203,0,1120,21,-0.32240931421531177,0.6591477463382146
118,1558918800,408,82,0,490,21,-0.32240931421531177,-0.5145433282317151
118,1558933200,33,17,0,50,21,-0.32240931421531177,-1.3342640787249995
118,1558947600,64,66,2,130,21,-0.2422839225168319,-1.185223942271675
118,1558962000,399,246,0,645,21,-0.32240931421531177,-0.2257780638533991
118,1558976400,907,222,0,1129,21,-0.32240931421531177,0.6759147616892136
118,1558990800,957,168,0,1125,21,-0.32240931421531177,0.6684627548665474
118,1559005200,334,62,0,396,22,-0.3317450706294755,-0.7590935499356262
118,1559019600,26,18,0,44,22,-0.3317450706294755,-1.3741902362742557
118,1559034000,189,295,106,484,22,3.1190237481612373,-0.6053193783509687
118,1559048400,622,455,0,1077,22,-0.3317450706294755,0.43090884607746116
118,1559062800,1148,224,0,1372,22,-0.3317450706294755,0.946401807639665
118,1559077200,1539,147,0,1686,22,-0.3317450706294755,1.4950960107940106
118,1559091600,387,59,0,446,22,-0.3317450706294755,-0.6717218615352526
118,1559106000,22,23,1,45,22,-0.2991906478106952,-1.3724428025062483
118,1559120400,171,305,134,476,22,4.030547587087086,-0.6192988484950286
118,1559134800,578,472,0,1050,22,-0.3317450706294755,0.38372813434125946
118,1559149200,1193,214,0,1407,22,-0.3317450706294755,1.0075619895199264
118,1559163600,1532,125,0,1657,22,-0.3317450706294755,1.4444204315217941
118,1559178000,378,61,0,439,22,-0.3317450706294755,-0.6839538979113049
118,1559192400,34,20,0,54,22,-0.3317450706294755,-1.356715898594181
118,1559206800,192,294,102,486,22,2.988806056886116,-0.6018245108149538
118,1559221200,606,468,0,1074,22,-0.3317450706294755,0.42566654477343874
118,1559235600,1141,170,0,1311,22,-0.3317450706294755,0.8398083477912093
118,1559250000,1556,166,0,1722,22,-0.3317450706294755,1.5580036264422796
118,1559264400,414,73,0,487,22,-0.3317450706294755,-0.6000770770469463
118,1559278800,28,19,0,47,22,-0.3317450706294755,-1.3689479349702334
118,1559293200,185,188,3,373,22,-0.23408180217313457,-0.799284526599798
118,1559307600,563,564,1,1127,22,-0.2991906478106952,0.5182805344778347
118,1559322000,1146,168,0,1314,22,-0.3317450706294755,0.8450506490952316
118,1559336400,1881,155,0,2036,22,-0.3317450706294755,2.106697829596625
118,1559350800,858,99,0,957,22,-0.3317450706294755,0.22121679391656474
118,1559365200,105,23,0,128,22,-0.3317450706294755,-1.2274057997616283
118,1559379600,137,94,0,231,22,-0.3317450706294755,-1.0474201216568588
118,1559394000,710,285,0,995,22,-0.3317450706294755,0.2876192771008486
118,1559408400,1159,265,0,1424,22,-0.3317450706294755,1.0372683635760533
118,1559422800,1088,257,0,1345,22,-0.3317450706294755,0.8992210959034632
118,1559437200,469,79,0,548,22,-0.3317450706294755,-0.49348361719849065
118,1559451600,55,27,0,82,22,-0.3317450706294755,-1.307787753089972
118,1559466000,69,86,17,155,22,0.22168011728978973,-1.1802250880254266
118,1559480400,438,338,0,776,22,-0.3317450706294755,-0.09506871809278741
118,1559494800,1038,263,0,1301,22,-0.3317450706294755,0.8223340101111345
118,1559509200,957,191,0,1148,22,-0.3317450706294755,0.5549766436059915
118,1559523600,366,61,0,427,22,-0.3317450706294755,-0.7049231031273946
118,1559538000,32,24,0,56,22,-0.3317450706294755,-1.353221031058166
118,1559552400,180,244,64,424,22,1.7517379897724643,-0.710165404431417
118,1559566800,626,470,0,1096,22,-0.3317450706294755,0.4641100876696031
118,1559581200,1247,210,0,1457,22,-0.3317450706294755,1.0949336779202998
118,1559595600,1547,170,0,1717,22,-0.3317450706294755,1.5492664576022421
118,1559610000,494,59,0,553,23,-0.36548320809461,-0.5005713455410133
118,1559624400,32,29,0,61,23,-0.36548320809461,-1.38990212400026
118,1559638800,162,277,115,439,23,3.2152143478830095,-0.7066357942083997
118,1559653200,620,514,0,1134,23,-0.36548320809461,0.5496343095094386
118,1559667600,1238,187,0,1425,23,-0.36548320809461,1.075640928476188
118,1559682000,1721,186,0,1907,23,-0.36548320809461,1.9468958781049621
118,1559696400,469,96,0,565,23,-0.36548320809461,-0.4788803509444463
118,1559710800,41,22,0,63,23,-0.36548320809461,-1.3862869582341655
118,1559725200,198,311,113,509,23,3.152941346909486,-0.5801049923950923
118,1559739600,617,483,0,1100,23,-0.36548320809461,0.48817649148583214
118,1559754000,1190,212,0,1402,23,-0.36548320809461,1.0340665221661014
118,1559768400,1617,172,0,1789,23,-0.36548320809461,1.733601097905387
118,1559782800,451,76,0,527,23,-0.36548320809461,-0.5475685005002419
118,1559797200,32,16,0,48,23,-0.36548320809461,-1.4134007014798744
118,1559811600,148,242,94,390,23,2.5613478376610095,-0.7952073554777149
118,1559826000,530,452,0,982,23,-0.36548320809461,0.2748817112862567
118,1559840400,1126,130,0,1256,23,-0.36548320809461,0.7701594212412031
118,1559854800,1529,163,0,1692,23,-0.36548320809461,1.5582655582498037
118,1559869200,526,73,0,599,23,-0.36548320809461,-0.41742253292083986
118,1559883600,46,30,0,76,23,-0.36548320809461,-1.3627883807545513
118,1559898000,192,234,42,426,23,0.9422498123493902,-0.730134371688014
118,1559912400,607,437,0,1044,23,-0.36548320809461,0.3869518500351862
118,1559926800,1255,126,0,1381,23,-0.36548320809461,0.9961072816221093
118,1559941200,1407,130,0,1537,23,-0.36548320809461,1.2780902113774801
118,1559955600,589,94,0,683,23,-0.36548320809461,-0.2655855707448709
118,1559970000,61,29,0,90,23,-0.36548320809461,-1.33748222039189
118,1559984400,102,115,13,217,23,0.039291298233294816,-1.1079191942448892
118,1559998800,534,390,0,924,23,-0.36548320809461,0.17004190406951622
118,1560013200,1168,225,0,1393,23,-0.36548320809461,1.0177982762186761
118,1560027600,1205,182,0,1387,23,-0.36548320809461,1.0069527789203927
118,1560042000,584,103,0,687,23,-0.36548320809461,-0.2583552392126819
118,1560056400,53,33,0,86,23,-0.36548320809461,-1.3447125519240788
118,1560070800,59,64,5,123,23,-0.20980070566080045,-1.2778319852513307
118,1560085200,491,316,0,807,23,-0.36548320809461,-0.04144529324701196
118,1560099600,1096,252,0,1348,23,-0.36548320809461,0.93645704648155
118,1560114000,1064,220,0,1284,23,-0.36548320809461,0.820771741966526
118,1560128400,415,70,0,485,23,-0.36548320809461,-0.6234869815882262
118,1560142800,26,16,0,42,23,-0.36548320809461,-1.4242461987781578
118,1560157200,180,291,111,471,23,3.0906683459359616,-0.6487931419508878
118,1560171600,588,470,0,1058,23,-0.36548320809461,0.41225801039784765
118,1560186000,1053,171,0,1224,23,-0.36548320809461,0.712316768983691
118,1560200400,1523,120,0,1643,23,-0.36548320809461,1.4696939969804885
118,1560214800,366,69,0,435,24,-0.43503168465548164,-0.7479007211899746
118,1560229200,26,24,0,50,24,-0.43503168465548164,-1.3827746452869305
118,1560243600,157,287,130,444,24,3.0274653972963113,-0.7330595125747211
118,1560258000,576,476,0,1052,24,-0.43503168465548164,0.2695465805446276
118,1560272400,1200,191,0,1391,24,-0.43503168465548164,0.8285654383858434
118,1560286800,1687,142,0,1829,24,-0.43503168465548164,1.5508375909948477
118,1560301200,450,68,0,518,24,-0.43503168465548164,-0.6110317972937477
118,1560315600,32,16,0,48,24,-0.43503168465548164,-1.3860726916458759
118,1560330000,201,274,73,475,24,1.5092935998251407,-0.6819397940110701
118,1560344400,574,461,0,1035,24,-0.43503168465548164,0.24151318649359316
118,1560358800,1182,174,0,1356,24,-0.43503168465548164,0.7708496271043019
118,1560373200,1642,157,0,1799,24,-0.43503168465548164,1.5013668956106694
118,1560387600,458,106,0,564,24,-0.43503168465548164,-0.5351767310380076
118,1560402000,40,23,0,63,24,-0.43503168465548164,-1.3613373439537866
118,1560416400,187,290,103,477,24,2.3083313879678617,-0.6786417476521248
118,1560430800,572,489,0,1061,24,-0.43503168465548164,0.2843877891598811
118,1560445200,1116,163,0,1279,24,-0.43503168465548164,0.6438748422849108
118,1560459600,1737,117,0,1854,24,-0.43503168465548164,1.5920631704816632
118,1560474000,476,80,0,556,24,-0.43503168465548164,-0.5483689164737885
118,1560488400,37,22,0,59,24,-0.43503168465548164,-1.367933436671677
118,1560502800,191,277,86,468,24,1.8555433080203199,-0.6934829562673783
118,1560517200,597,488,0,1085,24,-0.43503168465548164,0.3239643454672238
118,1560531600,1384,215,0,1599,24,-0.43503168465548164,1.1715622597161468
118,1560546000,1678,150,0,1828,24,-0.43503168465548164,1.5491885678153752
118,1561179600,50,23,0,73,25,-0.3120367244995926,-1.304667676316979
118,1561194000,87,115,28,202,25,0.7266309738347155,-1.0616424309111236
118,1561208400,520,358,0,878,25,-0.3120367244995926,0.21188521168080054
118,1561222800,1052,289,0,1341,25,-0.3120367244995926,1.0841386118584055
118,1561237200,1109,202,0,1311,25,-0.3120367244995926,1.0276211129268111
118,1561251600,514,123,0,637,25,-0.3120367244995926,-0.24213869640300678
118,1561266000,69,35,0,104,25,-0.3120367244995926,-1.2462662607543316
118,1561280400,77,79,2,156,25,-0.23784617461857058,-1.1483025959395683
118,1561294800,428,307,0,735,25,-0.3120367244995926,-0.05751486655979882
118,1561309200,1008,200,0,1208,25,-0.3120367244995926,0.8335776999283375
118,1561323600,987,179,0,1166,25,-0.3120367244995926,0.7544532014241055
118,1561338000,409,61,0,470,25,-0.3120367244995926,-0.5567527737888815
118,1561352400,28,19,0,47,25,-0.3120367244995926,-1.3536495087243607
118,1561366800,173,286,113,459,25,3.879729343778151,-0.5774758567304661
118,1561381200,589,490,0,1079,25,-0.3120367244995926,0.5905524545224822
118,1561395600,1214,179,0,1393,25,-0.3120367244995926,1.1821022766731688
118,1561410000,1605,150,0,1755,25,-0.3120367244995926,1.8640800971144065
118,1561424400,438,77,0,515,26,-0.3683744040867992,-0.551856443618152
118,1561438800,23,19,0,42,26,-0.3683744040867992,-1.3918825036072877
118,1561453200,169,286,117,455,26,3.8218844424005414,-0.6584136605300931
118,1561467600,552,435,0,987,26,-0.3683744040867992,0.28639366275578465
118,1561482000,1181,204,0,1385,26,-0.3683744040867992,0.993223201604994
118,1561496400,1649,135,0,1784,26,-0.3683744040867992,1.7018286940694023
118,1561510800,443,84,0,527,26,-0.3683744040867992,-0.5305450002357638
118,1561525200,29,18,0,47,26,-0.3683744040867992,-1.3830027355312926
118,1561539600,214,259,45,473,26,1.2432636137929471,-0.6264464954565108
118,1561554000,662,491,0,1153,26,-0.3683744040867992,0.5812019628788218
118,1561568400,1220,175,0,1395,26,-0.3683744040867992,1.0109827377569842
118,1561582800,1668,135,0,1803,26,-0.3683744040867992,1.7355718127581836
118,1561597200,566,90,0,656,26,-0.3683744040867992,-0.30144698387509045
118,1561611600,40,17,0,57,26,-0.3683744040867992,-1.3652431993793024
118,1561626000,186,235,49,421,26,1.3865203264933692,-0.7187960834468597
118,1561640400,771,467,0,1238,26,-0.3683744040867992,0.7321580201707383
118,1561654800,1358,166,0,1524,26,-0.3683744040867992,1.2400807541176575
118,1561669200,1578,182,0,1760,26,-0.3683744040867992,1.6592058073046259
118,1561683600,494,94,0,588,26,-0.3683744040867992,-0.4222118297086237
118,1561698000,31,24,0,55,26,-0.3683744040867992,-1.3687951066097004
118,1561712400,150,235,85,385,26,2.675830740797166,-0.7827304135940244
118,1561726800,558,487,0,1045,26,-0.3683744040867992,0.38939897243732774
118,1561741200,1216,177,0,1393,26,-0.3683744040867992,1.007430830526586
118,1561755600,1451,172,0,1623,26,-0.3683744040867992,1.4159001620223604
118,1561770000,523,85,0,608,26,-0.3683744040867992,-0.3866927574046433
118,1561784400,57,31,0,88,26,-0.3683744040867992,-1.3101886373081328
118,1561798800,71,95,24,166,26,0.4911658721157322,-1.1716642553226093
118,1561813200,503,356,0,859,26,-0.3683744040867992,0.0590716000103103
118,1561827600,1120,306,0,1426,26,-0.3683744040867992,1.0660372998281538
118,1561842000,1012,325,0,1337,26,-0.3683744040867992,0.9079774280754411
118,1561856400,438,123,0,561,26,-0.3683744040867992,-0.4701625773189972
118,1561870800,69,37,0,106,26,-0.3683744040867992,-1.2782214722345506
118,1561885200,75,81,6,156,26,-0.15348933503616635,-1.1894237914745995
118,1561899600,479,304,0,783,26,-0.3683744040867992,-0.07590087474481509
118,1561914000,1008,223,0,1231,26,-0.3683744040867992,0.7197263448643452
118,1561928400,908,199,0,1107,26,-0.3683744040867992,0.4995080965796668
118,1561942800,394,86,0,480,26,-0.3683744040867992,-0.6140148201501177
118,1561957200,34,20,0,54,26,-0.3683744040867992,-1.3705710602248995
118,1561971600,149,255,106,404,26,3.427928482474381,-0.7489872949052431
118,1561986000,538,464,0,1002,26,-0.3683744040867992,0.3130329669837699
118,1562000400,1114,196,0,1310,26,-0.3683744040867992,0.8600266804650676
118,1562014800,1531,161,0,1692,26,-0.3683744040867992,1.5384409614710925
118,1562029200,442,73,0,515,27,-0.31573966117442254,-0.41222722660320094
118,1562043600,25,13,0,38,27,-0.31573966117442254,-1.260302833274851
118,1562058000,183,260,77,443,27,3.4801787932422408,-0.5402386389309972
118,1562072400,565,508,0,1073,27,-0.31573966117442254,0.5798612189372196
118,1562086800,1125,165,0,1290,27,-0.31573966117442254,0.9656733922029388
118,1562101200,1592,161,0,1753,27,-0.31573966117442254,1.7888578909219617
118,1562115600,442,78,0,520,27,-0.31573966117442254,-0.40333754519154846
118,1562130000,27,19,0,46,27,-0.31573966117442254,-1.246079343016207
118,1562144400,150,253,103,403,27,4.761917492136179,-0.6113560902242173
118,1562158800,666,460,0,1126,27,-0.31573966117442254,0.6740918419007363
118,1562173200,1422,201,0,1623,27,-0.31573966117442254,1.5577261742189963
118,1562187600,1406,205,0,1611,27,-0.31573966117442254,1.5363909388310304
118,1562202000,479,82,0,561,27,-0.31573966117442254,-0.3304421576159978
118,1562216400,49,15,0,64,27,-0.31573966117442254,-1.2140764899342578
118,1562230800,67,84,17,151,27,0.5223202573331525,-1.059396033371504
118,1562245200,343,219,0,562,27,-0.31573966117442254,-0.3286642213336673
118,1562259600,801,305,0,1106,27,-0.31573966117442254,0.6385331162541263
118,1562274000,721,221,0,942,27,-0.31573966117442254,0.34695156595192383
118,1562288400,658,123,0,781,27,-0.31573966117442254,0.06070382449671283
118,1562302800,34,26,0,60,27,-0.31573966117442254,-1.2211882350635799
118,1562317200,112,151,39,263,27,1.6068683871664848,-0.8602671697504877
118,1562331600,528,323,0,851,27,-0.31573966117442254,0.18515936425984802
118,1562346000,1134,218,0,1352,27,-0.31573966117442254,1.07590544170743
118,1562360400,1194,206,0,1400,27,-0.31573966117442254,1.161246383259294
118,1562374800,411,91,0,502,27,-0.31573966117442254,-0.4353403982734975
118,1562389200,38,18,0,56,27,-0.31573966117442254,-1.2282999801929018
118,1562403600,73,69,0,142,27,-0.31573966117442254,-1.0753974599124785
118,1562418000,430,299,0,729,27,-0.31573966117442254,-0.03174886218447333
118,1562432400,581,203,0,784,27,-0.31573966117442254,0.06603763334370434
118,1562446800,673,206,0,879,27,-0.31573966117442254,0.2349415801651021
118,1562461200,358,84,0,442,27,-0.31573966117442254,-0.5420165752133277
118,1562475600,51,32,0,83,27,-0.31573966117442254,-1.1802957005699783
118,1562490000,52,61,9,113,27,0.1279391192119407,-1.126957612100063
118,1562504400,417,255,0,672,27,-0.31573966117442254,-0.13309123027731198
118,1562518800,952,215,0,1167,27,-0.31573966117442254,0.7469872294762869
118,1562533200,805,167,0,972,27,-0.31573966117442254,0.4002896544218389
118,1562547600,435,69,0,504,27,-0.31573966117442254,-0.4317845257088365
118,1562562000,34,15,0,49,27,-0.31573966117442254,-1.2407455341692153
118,1562576400,219,243,24,462,27,0.8674037531892127,-0.5064578495667176
118,1562590800,849,444,0,1293,27,-0.31573966117442254,0.9710072010499303
118,1562605200,1518,144,0,1662,27,-0.31573966117442254,1.627065689229886
118,1562619600,2228,95,0,2323,27,-0.31573966117442254,2.802281571850348
118,1562634000,544,61,0,605,28,-0.33631619147900976,-0.44709051588460214
118,1562648400,43,11,0,54,28,-0.33631619147900976,-1.3575594281163395
118,1562662800,245,245,0,490,28,-0.33631619147900976,-0.6371157879474874
118,1562677200,813,416,0,1229,28,-0.33631619147900976,0.5840031342653146
118,1562691600,1502,137,0,1639,28,-0.33631619147900976,1.2614845390112535
118,1562706000,1987,112,0,2099,28,-0.33631619147900976,2.0215856272627946
118,1562720400,627,56,0,683,28,-0.33631619147900976,-0.31820380961586253
118,1562734800,32,15,0,47,28,-0.33631619147900976,-1.3691261838071238
118,1562749200,189,273,84,462,28,3.0732341635150884,-0.6833828107106247
118,1562763600,638,563,0,1201,28,-0.33631619147900976,0.5377361115021773
118,1562778000,1300,166,0,1466,28,-0.33631619147900976,0.9756204340818695
118,1562792400,1772,121,0,1893,28,-0.33631619147900976,1.6811925312197131
118,1562806800,470,67,0,537,28,-0.33631619147900976,-0.5594532854522213
118,1562821200,35,19,0,54,28,-0.33631619147900976,-1.3575594281163395
118,1562835600,189,259,70,448,28,2.5049757710160723,-0.7065163220921933
118,1562850000,579,464,0,1043,28,-0.33631619147900976,0.276657911624474
118,1562864400,1277,193,0,1470,28,-0.33631619147900976,0.9822300087623176
118,1562878800,1558,150,0,1708,28,-0.33631619147900976,1.3754997022489845
118,1562893200,390,50,0,440,28,-0.33631619147900976,-0.7197354714530897
118,1562907600,39,23,0,62,28,-0.33631619147900976,-1.344340278755443
118,1562922000,206,243,37,449,28,1.1655095601255336,-0.7048639284220813
118,1562936400,596,535,0,1131,28,-0.33631619147900976,0.42206855459433407
118,1562950800,1218,184,0,1402,28,-0.33631619147900976,0.8698672391946985
118,1562965200,1726,204,0,1930,28,-0.33631619147900976,1.742331097013859
118,1562979600,672,89,0,761,28,-0.33631619147900976,-0.18931710334712296
118,1562994000,82,31,0,113,28,-0.33631619147900976,-1.2600682015797287
118,1563008400,83,100,17,183,28,0.3537118565555102,-1.1444006446718855
118,1563022800,491,362,0,853,28,-0.33631619147900976,-0.037296885696814726
118,1563037200,1043,273,0,1316,28,-0.33631619147900976,0.7277613835650626
118,1563051600,1208,259,0,1467,28,-0.33631619147900976,0.9772728277519815
118,1563066000,554,159,0,713,28,-0.33631619147900976,-0.26863199951250116
118,1563080400,53,24,0,77,28,-0.33631619147900976,-1.3195543737037625
118,1563094800,68,87,19,155,28,0.43489162691251254,-1.1906676674350227
118,1563109200,441,358,0,799,28,-0.33631619147900976,-0.1265261438828652
118,1563123600,947,292,0,1239,28,-0.33631619147900976,0.600527070966435
118,1563138000,983,231,0,1214,28,-0.33631619147900976,0.5592172292136338
118,1563152400,374,75,0,449,28,-0.33631619147900976,-0.7048639284220813
118,1563166800,19,20,1,39,28,-0.29572630630050856,-1.3823453331680202
118,1563181200,179,299,120,478,28,4.53447002994113,-0.656944511988832
118,1563195600,580,547,0,1127,28,-0.33631619147900976,0.41545897991388586
118,1563210000,1249,172,0,1421,28,-0.33631619147900976,0.9012627189268274
118,1563224400,1650,178,0,1828,28,-0.33631619147900976,1.57378694266243
118,1563238800,430,69,0,499,29,-0.39505847107782766,-0.48969428681715277
118,1563253200,34,13,0,47,29,-0.39505847107782766,-1.1672881435554097
118,1563267600,175,339,164,514,29,3.4942140904555736,-0.4672077650227416
118,1563282000,654,488,0,1142,29,-0.39505847107782766,0.4742279474366066
118,1563296400,1279,177,0,1456,29,-0.39505847107782766,0.9449458036662807
118,1563310800,1812,142,0,1954,29,-0.39505847107782766,1.6914983272407322
118,1563325200,438,82,0,520,29,-0.39505847107782766,-0.4582131563049771
118,1563339600,44,18,0,62,29,-0.39505847107782766,-1.1448016217609986
118,1563354000,168,305,137,473,29,2.8539070223982455,-0.5286709245941321
118,1563368400,604,470,0,1074,29,-0.39505847107782766,0.3722890486352759
118,1563382800,1269,158,0,1427,29,-0.39505847107782766,0.9014718615304191
118,1563397200,1774,169,0,1943,29,-0.39505847107782766,1.675008211258164
118,1563411600,400,74,0,474,29,-0.39505847107782766,-0.5271718231411714
118,1563426000,32,15,0,47,29,-0.39505847107782766,-1.1672881435554097
118,1563440400,161,293,132,454,29,2.735331639424666,-0.5571538522003863
118,1563454800,609,506,0,1115,29,-0.39505847107782766,0.4337522082066665
118,1563469200,1131,183,0,1314,29,-0.39505847107782766,0.7320733973458549
118,1563483600,1497,176,0,1673,29,-0.39505847107782766,1.2702508189587625
118,1563498000,465,77,0,542,29,-0.39505847107782766,-0.4252329243398407
118,1563512400,28,14,0,42,29,-0.39505847107782766,-1.1747836508202134
118,1563526800,167,260,93,427,29,1.8104436522307474,-0.5976295914303265
118,1563541200,613,497,0,1110,29,-0.39505847107782766,0.42625670094186274
118,1563570000,2850,414,0,3264,29,-0.39505847107782766,3.655321230619309
118,1563584400,579,129,0,708,29,-0.39505847107782766,-0.17638208314835693
118,1563598800,74,23,0,97,29,-0.39505847107782766,-1.0923330709073724
118,1563613200,78,105,27,183,29,0.24524859697950058,-0.9634103459527483
118,1563627600,431,314,0,745,29,-0.39505847107782766,-0.12091532938880936
118,1563642000,924,205,0,1129,29,-0.39505847107782766,0.45473962854811695
118,1563656400,858,226,0,1084,29,-0.39505847107782766,0.3872800631648834
118,1563670800,434,103,0,537,29,-0.39505847107782766,-0.4327284316046444
118,1563685200,55,17,0,72,29,-0.39505847107782766,-1.1298106072313912
118,1563699600,62,86,24,148,29,0.174103367195353,-1.0158788968063746
118,1563714000,426,261,0,687,29,-0.39505847107782766,-0.2078632136605326
118,1563728400,828,151,0,979,29,-0.39505847107782766,0.2298744106040051
118,1563742800,791,153,0,944,29,-0.39505847107782766,0.177405859750379
118,1563757200,333,59,0,392,29,-0.39505847107782766,-0.6500981422839526
118,1563771600,16,14,0,30,29,-0.39505847107782766,-1.1927728682557424
118,1563786000,150,256,106,406,29,2.1187396479620535,-0.6291107219425021
118,1563800400,560,491,0,1051,29,-0.39505847107782766,0.3378097152171788
118,1563814800,1233,181,0,1414,29,-0.39505847107782766,0.8819835426419295
118,1563829200,1515,158,0,1673,29,-0.39505847107782766,1.2702508189587625
118,1563843600,388,64,0,452,30,-0.3459275274076762,-0.6109112311095732
118,1563858000,25,11,0,36,30,-0.3459275274076762,-1.3383762891636302
118,1563872400,176,244,68,420,30,1.4506836451323684,-0.666870081729116
118,1563886800,557,496,0,1053,30,-0.3459275274076762,0.44006593208871586
118,1563901200,1113,215,0,1328,30,-0.3459275274076762,0.9209623046004122
118,1563915600,1592,160,0,1752,30,-0.3459275274076762,1.662417075309355
118,1563930000,448,64,0,512,30,-0.3459275274076762,-0.5059883861979304
118,1563944400,34,13,0,47,30,-0.3459275274076762,-1.3191404342631623
118,1563958800,149,246,97,395,30,2.2168854687156223,-0.7105879337756339
118,1563973200,610,455,0,1065,30,-0.3459275274076762,0.46105050107104445
118,1563987600,1203,195,0,1398,30,-0.3459275274076762,1.0433722903306621
118,1564002000,1573,117,0,1690,30,-0.3459275274076762,1.5539968022339907
118,1564016400,480,68,0,548,30,-0.3459275274076762,-0.44303467925094464
118,1564030800,34,15,0,49,30,-0.3459275274076762,-1.3156430060994408
118,1564045200,146,297,151,443,30,3.643606105732717,-0.6266496578463197
118,1564059600,633,515,0,1148,30,-0.3459275274076762,0.6061937698654837
118,1564074000,1219,202,0,1421,30,-0.3459275274076762,1.0835927142134587
118,1564088400,1644,197,0,1841,30,-0.3459275274076762,1.8180526285949583
118,1564102800,535,104,0,639,30,-0.3459275274076762,-0.28390169780161967
118,1564117200,38,26,0,64,30,-0.3459275274076762,-1.28941229487153
118,1564131600,174,240,66,414,30,1.3978421400576613,-0.6773623662202803
118,1564146000,629,498,0,1127,30,-0.3459275274076762,0.5694707741464087
118,1564160400,1249,228,0,1477,30,-0.3459275274076762,1.1815207027976586
118,1564174800,1564,239,0,1803,30,-0.3459275274076762,1.7516014934842512
118,1564189200,573,104,0,677,30,-0.3459275274076762,-0.21745056269091256
118,1564203600,77,25,0,102,30,-0.3459275274076762,-1.222961159760823
118,1564218000,91,83,0,174,30,-0.3459275274076762,-1.0970537458668517
118,1564232400,517,335,0,852,30,-0.3459275274076762,0.08857440163471238
118,1564246800,1138,175,0,1313,30,-0.3459275274076762,0.8947315933725015
118,1564261200,1079,198,0,1277,30,-0.3459275274076762,0.8317778864255158
118,1564275600,510,89,0,599,30,-0.3459275274076762,-0.3538502610760482
118,1564290000,64,32,0,96,30,-0.3459275274076762,-1.2334534442519873
118,1564304400,64,58,0,122,30,-0.3459275274076762,-1.1879868781236087
118,1564318800,514,286,0,800,30,-0.3459275274076762,-0.002358730622044744
118,1564333200,944,180,0,1124,30,-0.3459275274076762,0.5642246319008266
118,1564347600,881,137,0,1018,30,-0.3459275274076762,0.3788609392235909
118,1564362000,361,34,0,395,30,-0.3459275274076762,-0.7105879337756339
118,1564376400,16,15,0,31,30,-0.3459275274076762,-1.3471198595729337
118,1564386314,51,66,15,117,30,0.050383760652627785,-1.1967304485329124
118,1564390800,120,286,166,406,30,4.03991739379302,-0.691352078875166
118,1564405200,620,412,0,1032,30,-0.3459275274076762,0.40334293636964086
118,1564419600,1227,219,0,1446,30,-0.3459275274076762,1.1273105662599765
118,1564434000,1575,180,0,1755,30,-0.3459275274076762,1.667663217554937
118,1564448400,469,66,0,535,31,-0.43303479606790496,-0.5852714213108124
118,1564462800,24,19,0,43,31,-0.43303479606790496,-1.4262162914541652
118,1564477200,177,250,73,427,31,1.3733389246724985,-0.769869075732524
118,1564491600,615,457,0,1072,31,-0.43303479606790496,0.33258913817492025
118,1564506000,1035,185,0,1220,31,-0.43303479606790496,0.5855562942343029
118,1564520400,1608,126,0,1734,31,-0.43303479606790496,1.4641043902783748
118,1564534800,457,65,0,522,31,-0.43303479606790496,-0.6074915093430555
118,1564549200,32,14,0,46,31,-0.43303479606790496,-1.4210885788313399
118,1564563600,162,269,107,431,31,2.2146636713187138,-0.7630321255687569
118,1564578000,564,490,0,1054,31,-0.43303479606790496,0.30182286243796835
118,1564592400,1135,166,0,1301,31,-0.43303479606790496,0.7240045350505865
118,1564606800,1511,144,0,1655,31,-0.43303479606790496,1.3290746245439746
118,1564621200,446,98,0,544,31,-0.43303479606790496,-0.5698882834423364
118,1564635600,37,20,0,57,31,-0.43303479606790496,-1.4022869658809805
118,1564650000,171,313,142,484,31,3.0807332634545235,-0.6724425358988428
118,1564664400,605,489,0,1094,31,-0.43303479606790496,0.3701923640756393
118,1564678800,1260,213,0,1473,31,-0.43303479606790496,1.0179933920925717
118,1564693200,1574,170,0,1744,31,-0.43303479606790496,1.4811967656877925
118,1564707600,541,73,0,614,31,-0.43303479606790496,-0.45024165557641227
118,1564722000,33,24,0,57,31,-0.43303479606790496,-1.4022869658809805
118,1564736400,159,257,98,416,31,1.9919600619123627,-0.7886706886828835
118,1564750800,635,503,0,1138,31,-0.43303479606790496,0.44539881587707736
118,1564765200,1360,254,0,1614,31,-0.43303479606790496,1.2589958853653618
118,1564779600,1585,198,0,1783,31,-0.43303479606790496,1.5478570297845216
118,1565413200,60,20,0,80,32,-0.38892161342711784,-1.2586152996006337
118,1565427600,78,145,67,223,32,2.005574157889029,-0.9965654714635027
118,1565442000,537,301,0,838,32,-0.38892161342711784,0.13043204115422796
118,1565456400,1151,252,0,1403,32,-0.38892161342711784,1.1658037397379968
118,1565470800,1126,253,0,1379,32,-0.38892161342711784,1.1218233490016951
118,1565485200,486,118,0,604,32,-0.38892161342711784,-0.2983767685247135
118,1565499600,50,25,0,75,32,-0.38892161342711784,-1.2677778810040299
118,1565514000,69,84,15,153,32,0.14715952940485538,-1.1248416111110493
118,1565528400,456,319,0,775,32,-0.38892161342711784,0.014983515471436028
118,1565542800,1023,263,0,1286,32,-0.38892161342711784,0.9513993348985261
118,1565557200,929,212,0,1141,32,-0.38892161342711784,0.6856844742000368
118,1565571600,354,72,0,426,32,-0.38892161342711784,-0.6245646664856177
118,1565586000,31,15,0,46,32,-0.38892161342711784,-1.3209208531437278
118,1565600400,159,262,103,421,32,3.2921689006857653,-0.6337272478890138
118,1565614800,556,479,0,1035,32,-0.38892161342711784,0.4914377484480376
118,1565629200,1139,232,0,1371,32,-0.38892161342711784,1.1071632187562612
118,1565643600,1627,153,0,1780,32,-0.38892161342711784,1.8566623775540692
118,1565658000,390,83,0,473,33,-0.3887417405945014,-0.5758149707498424
118,1565672400,20,21,1,41,33,-0.3629891331734145,-1.3705500102512225
118,1565686800,141,300,159,441,33,3.7059228393583066,-0.6346842329351299
118,1565701200,561,483,0,1044,33,-0.3887417405945014,0.47463342636887973
118,1565715600,1146,169,0,1315,33,-0.3887417405945014,0.9731824905005324
118,1565730000,1613,151,0,1764,33,-0.3887417405945014,1.7991918255378463
118,1565744400,415,66,0,481,33,-0.3887417405945014,-0.5610976552035206
118,1565758800,35,19,0,54,33,-0.3887417405945014,-1.3466343724884493
118,1565773200,147,261,114,408,33,2.5470555054093986,-0.6953931595637075
118,1565787600,593,448,0,1041,33,-0.3887417405945014,0.469114433039009
118,1565802000,1204,177,0,1381,33,-0.3887417405945014,1.0946003437576877
118,1565816400,1510,181,0,1691,33,-0.3887417405945014,1.6648963211776595
118,1565830800,423,73,0,496,33,-0.3887417405945014,-0.5335026885541672
118,1565845200,35,28,0,63,33,-0.3887417405945014,-1.3300773924988374
118,1565859600,145,245,100,390,33,2.1865190015141827,-0.7285071195429317
118,1565874000,583,495,0,1078,33,-0.3887417405945014,0.5371820174407476
118,1565888400,1200,172,0,1372,33,-0.3887417405945014,1.0780433637680755
118,1565902800,1503,170,0,1673,33,-0.3887417405945014,1.6317823611984352
118,1565917200,436,62,0,498,33,-0.3887417405945014,-0.5298233596675866
118,1565931600,38,26,0,64,33,-0.3887417405945014,-1.328237728055547
118,1565946000,132,245,113,377,33,2.5213028979883116,-0.7524227573057046
118,1565960400,533,412,0,945,33,-0.3887417405945014,0.2925066464831468
118,1565974800,1277,133,0,1410,33,-0.3887417405945014,1.1479506126131045
118,1565989200,1413,167,0,1580,33,-0.3887417405945014,1.4606935679724438
118,1566003600,475,120,0,595,33,-0.3887417405945014,-0.3513759086684342
118,1566018000,52,26,0,78,33,-0.3887417405945014,-1.3024824258494838
118,1566032400,95,109,14,204,33,-0.028205236699285582,-1.0706847059949147
118,1566046800,488,401,0,889,33,-0.3887417405945014,0.18948543765889383
118,1566061200,1033,254,0,1287,33,-0.3887417405945014,0.9216718860884059
118,1566075600,1068,222,0,1290,33,-0.3887417405945014,0.9271908794182766
118,1566090000,440,152,0,592,33,-0.3887417405945014,-0.35689490199830487
118,1566104400,53,18,0,71,33,-0.3887417405945014,-1.3153600769525156
118,1566118800,66,95,29,161,33,0.3580838746170171,-1.1497902770563946
118,1566133200,415,287,0,702,33,-0.3887417405945014,-0.15453181323637943
118,1566147600,913,229,0,1142,33,-0.3887417405945014,0.6549205418113224
118,1566162000,927,204,0,1131,33,-0.3887417405945014,0.6346842329351299
118,1566176400,341,61,0,402,33,-0.3887417405945014,-0.7064311462234488
118,1566190800,24,17,0,41,33,-0.3887417405945014,-1.3705500102512225
118,1566205200,126,230,104,356,33,2.28952943119853,-0.7910557106147995
118,1566219600,547,479,0,1026,33,-0.3887417405945014,0.44151946638965556
118,1566234000,1149,211,0,1360,33,-0.3887417405945014,1.055967390448593
118,1566248400,1488,117,0,1605,33,-0.3887417405945014,1.5066851790546996
118,1566262800,377,55,0,432,34,-0.41506622546575694,-0.638856640835041
118,1566277200,32,16,0,48,34,-0.41506622546575694,-1.3395829672351731
118,1566291600,159,238,79,397,34,1.8242666787543758,-0.7027249257933864
118,1566306000,556,557,1,1113,34,-0.38672023933638816,0.6038377036401933
118,1566320400,1160,158,0,1318,34,-0.41506622546575694,0.9779233726819304
118,1566334800,1510,193,0,1703,34,-0.41506622546575694,1.6804745072237297
118,1566349200,415,86,0,501,34,-0.41506622546575694,-0.5129448790600173
118,1566363600,25,20,0,45,34,-0.41506622546575694,-1.3450573916601742
118,1566378000,124,254,130,378,34,3.2699119713521827,-0.7373962804850597
118,1566392400,526,567,41,1093,34,0.7471192058383626,0.5673415408068531
118,1566406800,1196,196,0,1392,34,-0.41506622546575694,1.1129591751652892
118,1566421200,1556,205,0,1761,34,-0.41506622546575694,1.7863133794404162
118,1566435600,417,70,0,487,34,-0.41506622546575694,-0.5384921930433555
118,1566450000,41,7,0,48,34,-0.41506622546575694,-1.3395829672351731
118,1566464400,146,278,132,424,34,3.3266039436109205,-0.6534551059683772
118,1566478800,532,471,0,1003,34,-0.41506622546575694,0.4031088080568221
118,1566493200,1159,253,0,1412,34,-0.41506622546575694,1.1494553379986294
118,1566507600,1330,139,0,1469,34,-0.41506622546575694,1.253469402073649
118,1566522000,419,53,0,472,34,-0.41506622546575694,-0.5658643151683607
118,1566536400,32,16,0,48,34,-0.41506622546575694,-1.3395829672351731
118,1566550800,129,212,83,341,34,1.937650623271851,-0.804914181726739
118,1566565200,523,447,0,970,34,-0.41506622546575694,0.34289013938181073
118,1566579600,1178,188,0,1366,34,-0.41506622546575694,1.065514163481947
118,1566594000,1450,196,0,1646,34,-0.41506622546575694,1.57646044314871
118,1566608400,521,132,0,653,34,-0.41506622546575694,-0.2355740415266317
118,1566622800,65,21,0,86,34,-0.41506622546575694,-1.2702402578518268
118,1566637200,98,108,10,206,34,-0.13160636417206925,-1.0512632808517854
118,1566651600,465,329,0,794,34,-0.41506622546575694,0.021723906448416833
118,1566666000,1037,228,0,1265,34,-0.41506622546575694,0.8812085411735789
118,1566680400,971,288,0,1259,34,-0.41506622546575694,0.8702596923235768
118,1566694800,439,123,0,562,34,-0.41506622546575694,-0.40163158241832964
118,1566709200,58,45,0,103,34,-0.41506622546575694,-1.2392185194434875
118,1566723600,42,77,35,119,34,0.57704328906215,-1.2100215891768153
118,1566738000,394,317,0,711,34,-0.41506622546575694,-0.12973516930994505
118,1566752400,886,256,0,1142,34,-0.41506622546575694,0.6567571397485366
118,1566766800,958,227,0,1185,34,-0.41506622546575694,0.735223889840218
118,1566781200,334,87,0,421,34,-0.41506622546575694,-0.6589295303933782
118,1566795600,21,12,0,33,34,-0.41506622546575694,-1.3669550893601783
118,1566810000,120,224,104,344,34,2.532916331988595,-0.799439757301738
118,1566824400,552,430,0,982,34,-0.41506622546575694,0.36478783708181484
118,1566838800,1153,240,0,1393,34,-0.41506622546575694,1.1147839833069562
118,1566853200,1578,145,0,1723,34,-0.41506622546575694,1.7169706700570697
118,1566867600,389,61,0,450,35,-0.35848320118623156,-0.572081613482694
118,1566882000,34,15,0,49,35,-0.35848320118623156,-1.3459149227972498
118,1566896400,134,237,103,371,35,3.3077067003070018,-0.7245325646942898
118,1566910800,550,485,0,1035,35,-0.35848320118623156,0.556827329033553
118,1566925200,1137,188,0,1325,35,-0.35848320118623156,1.1164574031014363
118,1566939600,1524,177,0,1701,35,-0.35848320118623156,1.842046740513588
118,1566954000,425,90,0,515,35,-0.35848320118623156,-0.44664728653644437
118,1566968400,35,21,0,56,35,-0.35848320118623156,-1.3324066106645767
118,1566982800,143,228,85,371,35,2.6670133194635244,-0.7245325646942898
118,1566997200,545,464,0,1009,35,-0.35848320118623156,0.5066535982550532
118,1567011600,1090,168,0,1258,35,-0.35848320118623156,0.9871635584029942
118,1567026000,1440,193,0,1633,35,-0.35848320118623156,1.71082313693905
118,1567040400,431,100,0,531,35,-0.35848320118623156,-0.415771144518906
118,1567054800,42,27,0,69,35,-0.35848320118623156,-1.3073197452753267
118,1567069200,141,257,116,398,35,3.770429697582847,-0.6724290750396937
118,1567083600,545,455,0,1000,35,-0.35848320118623156,0.4892857683701878
118,1567098000,1051,176,0,1227,35,-0.35848320118623156,0.9273410332440136
118,1567112400,1502,205,0,1707,35,-0.35848320118623156,1.853625293770165
118,1567126800,454,93,0,547,35,-0.35848320118623156,-0.3848950025013676
118,1567141200,56,28,0,84,35,-0.35848320118623156,-1.2783733621338844
118,1567155600,131,203,72,334,35,2.204290322187679,-0.7959336431098473
118,1567170000,595,442,0,1037,35,-0.35848320118623156,0.5606868467857453
118,1567184400,1324,225,0,1549,35,-0.35848320118623156,1.5487233913469736
118,1567198800,1395,188,0,1583,35,-0.35848320118623156,1.6143351931342427
118,1567213200,459,108,0,567,35,-0.35848320118623156,-0.3462998249794446
118,1567227600,69,38,0,107,35,-0.35848320118623156,-1.233988907983673
118,1567242000,84,110,26,194,35,0.5669627933654584,-1.0660998857633082
118,1567256400,483,418,0,901,35,-0.35848320118623156,0.29823963963666905
118,1567270800,956,288,0,1244,35,-0.35848320118623156,0.9601469341376481
118,1567285200,1002,274,0,1276,35,-0.35848320118623156,1.0218992181727249
118,1567299600,443,141,0,584,35,-0.35848320118623156,-0.3134939240858101
118,1567314000,64,26,0,90,35,-0.35848320118623156,-1.2667948088773076
118,1567328400,64,79,15,143,35,0.17542794951666651,-1.1645175884442118
118,1567342800,419,388,0,807,35,-0.35848320118623156,0.11684230528363108
118,1567357200,914,293,0,1207,35,-0.35848320118623156,0.8887458557220906
118,1567371600,929,310,0,1239,35,-0.35848320118623156,0.9504981397571673
118,1567386000,378,144,0,522,35,-0.35848320118623156,-0.4331389744037713
118,1567400400,37,30,0,67,35,-0.35848320118623156,-1.311179263027519
118,1567414800,65,71,6,136,35,-0.1449187409050723,-1.1780259005768847
118,1567429200,367,265,0,632,35,-0.35848320118623156,-0.22086549803319497
118,1567443600,706,228,0,934,35,-0.35848320118623156,0.36192168254784196
118,1567458000,694,168,0,862,35,-0.35848320118623156,0.22297904346891928
118,1567472400,277,56,0,333,36,-0.3949555055146625,-0.8714222112150182
118,1567486800,20,12,0,32,36,-0.3949555055146625,-1.3866221174106064
118,1567501200,137,250,113,387,36,2.9109683554599197,-0.7789943210669725
118,1567515600,603,504,0,1107,36,-0.3949555055146625,0.45337754757363696
118,1567530000,1205,172,0,1377,36,-0.3949555055146625,0.9155169983138655
118,1567544400,1581,134,0,1715,36,-0.3949555055146625,1.4940471255368182
118,1567558800,431,70,0,501,36,-0.3949555055146625,-0.583868775198876
118,1567573200,26,31,5,57,36,-0.2486756886573801,-1.3438314275272518
118,1567587600,128,287,159,415,36,4.2567426705469185,-0.7310687483976155
118,1567602000,539,523,0,1062,36,-0.3949555055146625,0.37635430578359885
118,1567616400,1123,187,0,1310,36,-0.3949555055146625,0.8008379494264755
118,1567630800,1479,136,0,1615,36,-0.3949555055146625,1.3228843660034002
118,1567645200,439,84,0,523,36,-0.3949555055146625,-0.5462129681015241
118,1567659600,45,20,0,65,36,-0.3949555055146625,-1.3301384067645783
118,1567674000,213,269,56,482,36,1.2433784432869004,-0.6163896995102254
118,1567688400,599,479,0,1078,36,-0.3949555055146625,0.40374034730894576
118,1567702800,1131,224,0,1355,36,-0.3949555055146625,0.8778611912165135
118,1567717200,1587,152,0,1739,36,-0.3949555055146625,1.5351261878248386
118,1567731600,451,79,0,530,36,-0.3949555055146625,-0.5342315749341848
118,1567746000,44,31,0,75,36,-0.3949555055146625,-1.3130221308112366
118,1567760400,185,274,89,459,36,2.2088252345449644,-0.6557571342029115
118,1567774800,628,489,0,1117,36,-0.3949555055146625,0.47049382352697877
118,1567789200,1224,181,0,1405,36,-0.3949555055146625,0.9634425709832225
118,1567803600,1489,244,0,1733,36,-0.3949555055146625,1.5248564222528336
118,1567818000,542,127,0,669,36,-0.3949555055146625,-0.2963153391827338
118,1567832400,51,24,0,75,36,-0.3949555055146625,-1.3130221308112366
118,1567846800,79,119,40,198,36,0.7752830293435967,-1.1024919365851324
118,1567861200,493,405,0,898,36,-0.3949555055146625,0.09564738014879338
118,1567875600,1088,308,0,1396,36,-0.3949555055146625,0.9480379226252149
118,1567890000,1046,299,0,1345,36,-0.3949555055146625,0.8607449152631718
118,1567904400,525,134,0,659,36,-0.3949555055146625,-0.3134316151360756
118,1567918800,63,44,0,107,36,-0.3949555055146625,-1.2582500477605427
118,1567933200,69,106,37,175,36,0.6875151392292274,-1.1418593712778187
118,1567947600,458,347,0,805,36,-0.3949555055146625,-0.06353398621728534
118,1567962000,1600,258,0,1858,36,-0.3949555055146625,1.7388098716696059
118,1567976400,1335,171,0,1506,36,-0.3949555055146625,1.1363169581119748
118,1567990800,348,70,0,418,36,-0.3949555055146625,-0.7259338656116129
118,1568005200,29,12,0,41,36,-0.3949555055146625,-1.3712174690525987
118,1568019600,189,257,68,446,36,1.5944500037443783,-0.6780082929422558
118,1568034000,635,522,0,1157,36,-0.3949555055146625,0.5389589273403459
118,1568048400,1141,201,0,1342,36,-0.3949555055146625,0.8556100324771692
118,1568062800,1640,162,0,1802,36,-0.3949555055146625,1.6429587263308918
118,1568077200,424,70,0,494,37,-0.27349345811590414,-0.6947975776869287
118,1568091600,17,15,0,32,37,-0.27349345811590414,-1.4461268352346976
118,1568106000,207,282,75,489,37,0.5005446308913717,-0.7029288467080085
118,1568120400,642,561,0,1203,37,-0.27349345811590414,0.45821636950218
118,1568134800,1226,177,0,1403,37,-0.27349345811590414,0.78346713034537
118,1568149200,1604,100,0,1704,37,-0.27349345811590414,1.272969525414371
118,1568163600,424,57,0,481,37,-0.27349345811590414,-0.7159388771417361
118,1568178000,35,9,0,44,37,-0.27349345811590414,-1.4266117895841064
118,1568192400,237,842,605,1079,37,5.970413793209454,0.25656089777940216
118,1568206800,564,539,0,1103,37,-0.27349345811590414,0.29559098908058495
118,1568221200,1194,208,0,1402,37,-0.27349345811590414,0.7818408765411541
118,1568235600,1609,174,0,1783,37,-0.27349345811590414,1.401443575947431
118,1568250000,486,74,0,560,37,-0.27349345811590414,-0.587464826608676
118,1568264400,35,17,0,52,37,-0.27349345811590414,-1.4136017591503787
118,1568278800,189,335,146,524,37,1.2333006884849262,-0.6460099635604503
118,1568293200,590,479,0,1069,37,-0.27349345811590414,0.24029835973724264
118,1568307600,1198,228,0,1426,37,-0.27349345811590414,0.8208709678423368
118,1568322000,1572,148,0,1720,37,-0.27349345811590414,1.2989895862818261
118,1568336400,445,66,0,511,37,-0.27349345811590414,-0.6671512630152576
118,1568350800,42,18,0,60,37,-0.27349345811590414,-1.4005917287166512
118,1568365200,201,303,102,504,37,0.779198342933991,-0.6785350396447692
118,1568379600,623,550,0,1173,37,-0.27349345811590414,0.40942875537570145
118,1568394000,1344,208,0,1552,37,-0.27349345811590414,1.0257789471735466
118,1568408400,1909,236,0,2145,37,-0.27349345811590414,1.990147453073605
118,1568422800,709,134,0,843,37,-0.27349345811590414,-0.12723500001556212
118,1568437200,84,34,0,118,37,-0.27349345811590414,-1.306269008072126
118,1568451600,83,130,47,213,37,0.21157041099532206,-1.1517748966716108
118,1568466000,554,481,0,1035,37,-0.27349345811590414,0.18500573039390034
118,1568480400,1398,358,0,1756,37,-0.27349345811590414,1.3575347232336004
118,1568494800,1368,370,0,1738,37,-0.27349345811590414,1.3282621547577134
118,1568509200,651,129,0,780,37,-0.27349345811590414,-0.22968898968116697
118,1568523600,85,37,0,122,37,-0.27349345811590414,-1.2997639928552622
118,1568538000,76,68,0,144,37,-0.27349345811590414,-1.2639864091625113
118,1568552400,436,433,0,869,37,-0.27349345811590414,-0.0849524011059474
118,1568566800,1240,336,0,1576,37,-0.27349345811590414,1.0648090384747293
118,1568581200,1288,232,0,1520,37,-0.27349345811590414,0.9737388254386362
118,1568595600,482,78,0,560,37,-0.27349345811590414,-0.587464826608676
118,1568610000,21,24,3,45,37,-0.24253193455561312,-1.4249855357798904
118,1568624400,171,306,135,477,37,1.1197751020971924,-0.7224438923585998
118,1568638800,614,506,0,1120,37,-0.27349345811590414,0.3232373037522561
118,1568653200,1215,225,0,1440,37,-0.27349345811590414,0.8436385211013602
118,1568667600,1621,202,0,1823,37,-0.27349345811590414,1.466493728116069
118,1568682000,440,54,0,494,38,-0.36812578575630023,-0.6901031500555928
118,1568696400,25,16,0,41,38,-0.36812578575630023,-1.3315447377836742
118,1568710800,181,271,90,452,38,0.8780982045563124,-0.7495745555403156
118,1568725200,602,542,0,1144,38,-0.36812578575630023,0.23028764911273608
118,1568739600,1161,235,0,1396,38,-0.36812578575630023,0.5871160820210728
118,1568768400,2192,284,0,2476,38,-0.36812578575630023,2.116380794485373
118,1568782800,34,13,0,47,38,-0.36812578575630023,-1.3230488227144281
118,1568797200,183,259,76,442,38,0.6842411393965727,-0.7637344139890591
118,1568811600,629,565,0,1194,38,-0.36812578575630023,0.3010869413564537
118,1568826000,1259,193,0,1452,38,-0.36812578575630023,0.6664112893340365
118,1568840400,1645,192,0,1837,38,-0.36812578575630023,1.211565839610662
118,1568854800,526,78,0,604,38,-0.36812578575630023,-0.5343447071194141
118,1568869200,32,15,0,47,38,-0.36812578575630023,-1.3230488227144281
118,1568883600,200,292,92,492,38,0.9057920710077036,-0.6929351217453414
118,1568898000,561,563,2,1124,38,-0.34043191930490885,0.20196793221524903
118,1568912400,1223,214,0,1437,38,-0.36812578575630023,0.6451715016609212
118,1568926800,1634,214,0,1848,38,-0.36812578575630023,1.22714168390428
118,1568941200,573,66,0,639,38,-0.36812578575630023,-0.48478520254881174
118,1568955600,28,16,0,44,38,-0.36812578575630023,-1.3272967802490512
118,1568970000,164,221,57,385,38,0.42114940810835444,-0.8444456071468971
118,1568984400,654,993,339,1647,38,4.325984577754541,0.9425285290845352
118,1568998800,1492,884,0,2376,38,-0.36812578575630023,1.9747822099979377
118,1569013200,1911,726,0,2637,38,-0.36812578575630023,2.3443545155101435
118,1569027600,803,240,0,1043,38,-0.36812578575630023,0.08727307878042652
118,1569042000,87,45,0,132,38,-0.36812578575630023,-1.2026900259001083
118,1569056400,100,399,299,499,38,3.772107248726713,-0.683023220831221
118,1569070800,521,479,0,1000,38,-0.36812578575630023,0.02638568745082938
118,1569085200,1318,310,0,1628,38,-0.36812578575630023,0.9156247980319224
118,1569099600,1470,314,0,1784,38,-0.36812578575630023,1.1365185898323213
118,1569114000,681,193,0,874,38,-0.36812578575630023,-0.152028529003339
118,1569128400,71,41,0,112,38,-0.36812578575630023,-1.2310097427975952
118,1569142800,70,94,24,164,38,-0.03579938833960351,-1.157378478864129
118,1569157200,460,357,0,817,38,-0.36812578575630023,-0.23273972216117705
118,1569171600,1190,306,0,1496,38,-0.36812578575630023,0.728714666508508
118,1569186000,1234,220,0,1454,38,-0.36812578575630023,0.6692432610237852
118,1569200400,461,66,0,527,38,-0.36812578575630023,-0.6433756171747391
118,1569214800,24,24,0,48,38,-0.36812578575630023,-1.3216328368695538
118,1569229200,191,302,111,493,38,1.1688838022959218,-0.6915191359004671
118,1569243600,551,470,0,1021,38,-0.36812578575630023,0.05612139019319077
118,1569258000,1157,190,0,1347,38,-0.36812578575630023,0.5177327756222295
118,1569272400,1385,157,0,1542,38,-0.36812578575630023,0.7938500153727281
118,1569286800,366,72,0,438,39,-0.3628974785264584,-0.6891734199581524
118,1569301200,22,12,0,34,39,-0.3628974785264584,-1.3891551384934049
118,1569315600,196,310,114,506,39,3.696806089662053,-0.5713547148581594
118,1569330000,611,466,0,1077,39,-0.3628974785264584,0.41797588237854644
118,1569344400,1148,101,0,1249,39,-0.3628974785264584,0.7159879011608816
118,1569358800,1605,140,0,1745,39,-0.3628974785264584,1.57537139718436
118,1569373200,427,55,0,482,39,-0.3628974785264584,-0.6129377872463921
118,1569387600,26,28,2,54,39,-0.29167460890911606,-1.3545025781698774
118,1569402000,188,263,75,451,39,2.307960132123878,-0.6666492557478596
118,1569416400,597,422,0,1019,39,-0.3628974785264584,0.31748345744031714
118,1569430800,1115,139,0,1254,39,-0.3628974785264584,0.7246510412417635
118,1569445200,1567,121,0,1688,39,-0.3628974785264584,1.476611600262307
118,1569459600,462,65,0,527,39,-0.3628974785264584,-0.5349695265184556
118,1569474000,34,12,0,46,39,-0.3628974785264584,-1.3683636022992884
118,1569488400,206,237,31,443,39,0.7410570005423474,-0.6805102798772705
118,1569502800,613,481,0,1094,39,-0.3628974785264584,0.4474305586535447
118,1569517200,1384,167,0,1551,39,-0.3628974785264584,1.2392415620461446
118,1569531600,1598,163,0,1761,39,-0.3628974785264584,1.6030934454431818
118,1569546000,470,85,0,555,39,-0.3628974785264584,-0.48645594206551734
118,1569560400,38,19,0,57,39,-0.3628974785264584,-1.3493046941213485
118,1569574800,189,240,51,429,39,1.4532856967157703,-0.7047670721037397
118,1569589200,633,465,0,1098,39,-0.3628974785264584,0.45436107071825016
118,1569603600,1277,191,0,1468,39,-0.3628974785264584,1.0954334367035061
118,1569618000,1839,189,0,2028,39,-0.3628974785264584,2.065705125762272
118,1569632400,572,107,0,679,39,-0.3628974785264584,-0.27161006805964777
118,1569646800,68,34,0,102,39,-0.3628974785264584,-1.2713364333934118
118,1569661200,103,140,37,243,39,0.9547256093943742,-1.027035883112544
118,1569675600,550,378,0,928,39,-0.3628974785264584,0.1598143079682677
118,1569690000,1224,218,0,1442,39,-0.3628974785264584,1.0503851082829205
118,1569704400,1281,201,0,1482,39,-0.3628974785264584,1.1196902289299753
118,1569718800,546,80,0,626,39,-0.3628974785264584,-0.36343935291699525
118,1569733200,58,39,0,97,39,-0.3628974785264584,-1.2799995734742937
118,1569747600,95,83,0,178,39,-0.3628974785264584,-1.139656704164008
118,1569762000,475,320,0,795,39,-0.3628974785264584,-0.07062521818318916
118,1569776400,1063,218,0,1281,39,-0.3628974785264584,0.7714319976785254
118,1569790800,1109,166,0,1275,39,-0.3628974785264584,0.7610362295814672
118,1569805200,381,61,0,442,39,-0.3628974785264584,-0.6822429078934469
118,1569819600,24,18,0,42,39,-0.3628974785264584,-1.3752941143639938
118,1569834000,133,251,118,384,39,3.839251828896738,-0.7827353328316762
118,1569848400,555,442,0,997,39,-0.3628974785264584,0.27936564108443707
118,1569862800,1184,167,0,1351,39,-0.3628974785264584,0.8927159588108712
118,1569877200,1564,140,0,1704,39,-0.3628974785264584,1.504333648521129
118,1569891600,347,50,0,397,40,-0.3431807384920497,-0.7130896989950368
118,1569906000,28,9,0,37,40,-0.3431807384920497,-1.3298688448565412
118,1569920400,120,226,106,346,40,3.6252365284341983,-0.80046674465875
118,1569934800,566,528,0,1094,40,-0.3431807384920497,0.4810632584090425
118,1569949200,1311,138,0,1449,40,-0.3431807384920497,1.0892760272446926
118,1569963600,1670,157,0,1827,40,-0.3431807384920497,1.7368941303992724
118,1569978000,413,79,0,492,40,-0.3431807384920497,-0.5503285355038066
118,1569992400,14,18,4,32,40,-0.19342914351370075,-1.3384352218823956
118,1570006800,211,243,32,454,40,0.8548320213347422,-0.6154330009002986
118,1570021200,587,468,0,1055,40,-0.3431807384920497,0.41424551760737954
118,1570035600,1167,177,0,1344,40,-0.3431807384920497,0.9093821097017539
118,1570050000,1582,139,0,1721,40,-0.3431807384920497,1.5552869374511626
118,1570064400,364,71,0,435,40,-0.3431807384920497,-0.6479852335985448
118,1570078800,24,23,0,47,40,-0.3431807384920497,-1.312736090804833
118,1570093200,173,270,97,443,40,3.288295439732913,-0.6342790303571779
118,1570107600,570,523,0,1093,40,-0.3431807384920497,0.47934998300387166
118,1570122000,1163,188,0,1351,40,-0.3431807384920497,0.9213750375379498
118,1570136400,1459,157,0,1616,40,-0.3431807384920497,1.3753930199082238
118,1570150800,375,58,0,433,40,-0.3431807384920497,-0.6514117844088865
118,1570165200,33,16,0,49,40,-0.3431807384920497,-1.3093095399944912
118,1570179600,183,280,97,463,40,3.288295439732913,-0.600013522253761
118,1570194000,612,508,0,1120,40,-0.3431807384920497,0.5256084189434845
118,1570208400,1260,200,0,1460,40,-0.3431807384920497,1.108122056701572
118,1570222800,1720,185,0,1905,40,-0.3431807384920497,1.870529612002598
118,1570237200,522,108,0,630,40,-0.3431807384920497,-0.31389652959022984
118,1570251600,75,27,0,102,40,-0.3431807384920497,-1.2185059435204364
118,1570266000,87,84,0,171,40,-0.3431807384920497,-1.100289940563648
118,1570280400,484,364,0,848,40,-0.3431807384920497,0.0595975087370145
118,1570294800,1141,241,0,1382,40,-0.3431807384920497,0.9744865750982461
118,1570309200,1243,240,0,1483,40,-0.3431807384920497,1.1475273910205015
118,1570323600,487,103,0,590,40,-0.3431807384920497,-0.3824275457970637
118,1570338000,58,25,0,83,40,-0.3431807384920497,-1.2510581762186823
118,1570352400,62,59,0,121,40,-0.3431807384920497,-1.1859537108221903
118,1570366800,378,307,0,685,40,-0.3431807384920497,-0.21966638230583332
118,1570381200,970,208,0,1178,40,-0.3431807384920497,0.6249783924433936
118,1570395600,975,171,0,1146,40,-0.3431807384920497,0.5701535794779264
118,1570410000,310,57,0,367,40,-0.3431807384920497,-0.7644879611501623
118,1570424400,21,18,0,39,40,-0.3431807384920497,-1.3264422940461995
118,1570438800,195,244,49,439,40,1.4912762999927254,-0.6411321319778613
118,1570453200,581,419,0,1000,40,-0.3431807384920497,0.32001537032298305
118,1570467600,1210,233,0,1443,40,-0.3431807384920497,1.0789963748136677
118,1570482000,1615,170,0,1785,40,-0.3431807384920497,1.664936563382097
118,1570496400,355,53,0,408,41,-0.3301166374083492,-0.6617819913679497
118,1570510800,21,21,0,42,41,-0.3301166374083492,-1.303322810647014
118,1570525200,188,238,50,426,41,2.1281987475474424,-0.6302308035345531
118,1570539600,639,514,0,1153,41,-0.3301166374083492,0.6440866161809654
118,1570554000,1243,156,0,1399,41,-0.3301166374083492,1.0752861832373857
118,1570568400,1696,132,0,1828,41,-0.3301166374083492,1.8272561599333381
118,1570582800,387,57,0,444,41,-0.3301166374083492,-0.5986796157011565
118,1570597200,25,30,5,55,41,-0.08428509891277002,-1.2805358416562276
118,1570611600,143,250,107,393,41,4.930678286397046,-0.6880746478957802
118,1570626000,565,478,0,1043,41,-0.3301166374083492,0.4512738016435417
118,1570640400,1030,159,0,1189,41,-0.3301166374083492,0.7071889918477586
118,1570654800,1515,152,0,1667,41,-0.3301166374083492,1.5450483132012907
118,1570669200,363,57,0,420,41,-0.3301166374083492,-0.6407478661456852
118,1570683600,33,14,0,47,41,-0.3301166374083492,-1.2945585918044038
118,1570698000,170,230,60,400,41,2.619861824538601,-0.6758047415161259
118,1570712400,570,458,0,1028,41,-0.3301166374083492,0.42498114511571117
118,1570726800,1203,236,0,1439,41,-0.3301166374083492,1.145399933978267
118,1570741200,1645,157,0,1802,41,-0.3301166374083492,1.7816822219517652
118,1570755600,386,75,0,461,41,-0.3301166374083492,-0.5688812716362819
118,1570770000,36,14,0,50,41,-0.3301166374083492,-1.2893000604988376
118,1570784400,191,218,27,409,41,0.9973736704677784,-0.6600291475994277
118,1570798800,599,461,0,1060,41,-0.3301166374083492,0.4810721457084162
118,1570813200,1252,202,0,1454,41,-0.3301166374083492,1.1716925905060975
118,1570827600,1721,157,0,1878,41,-0.3301166374083492,1.9148983483594397
118,1570842000,591,101,0,692,41,-0.3301166374083492,-0.16397436110769212
118,1570856400,66,30,0,96,41,-0.3301166374083492,-1.208669247146824
118,1570870800,92,68,0,160,41,-0.3301166374083492,-1.0964872459614141
118,1570885200,435,330,0,765,41,-0.3301166374083492,-0.03601676600558367
118,1570899600,1065,350,0,1415,41,-0.3301166374083492,1.1033316835337381
118,1570914000,1113,270,0,1383,41,-0.3301166374083492,1.047240682941033
118,1570928400,444,85,0,529,41,-0.3301166374083492,-0.4496878953767836
118,1570942800,50,41,0,91,41,-0.3301166374083492,-1.2174334659894344
118,1570957200,55,45,0,100,41,-0.3301166374083492,-1.201657872072736
118,1570971600,422,227,0,649,41,-0.3301166374083492,-0.23934664315413956
118,1570986000,941,222,0,1163,41,-0.3301166374083492,0.6616150538661857
118,1571000400,969,171,0,1140,41,-0.3301166374083492,0.6212996471901789
118,1571014800,376,53,0,429,41,-0.3301166374083492,-0.624972272228987
118,1571029200,26,28,2,54,41,-0.23178402201011752,-1.2822886854247495
118,1571043600,114,145,31,259,41,1.1940389012642416,-0.9229557128777327
118,1571058000,487,366,0,853,41,-0.3301166374083492,0.11823348562435529
118,1571072400,992,213,0,1205,41,-0.3301166374083492,0.7352344921441111
118,1571086800,1366,149,0,1515,41,-0.3301166374083492,1.2786160603859416
118,1571101200,363,71,0,434,42,-0.30727252488518775,-0.6893273570869436
118,1571115600,25,13,0,38,42,-0.30727252488518775,-1.295839159608768
118,1571130000,176,248,72,424,42,0.09937610323420296,-0.7046433116960805
118,1571144400,568,493,0,1061,42,-0.30727252488518775,0.270982996905945
118,1571158800,1193,184,0,1377,42,-0.30727252488518775,0.7549671625546736
118,1571173200,1644,141,0,1785,42,-0.30727252488518775,1.3798581106074623
118,1571187600,325,61,0,386,42,-0.30727252488518775,-0.7628439392108011
118,1571202000,20,13,0,33,42,-0.30727252488518775,-1.3034971369133364
118,1571216400,171,256,85,427,42,0.17279877220020406,-0.7000485253133395
118,1571230800,595,447,0,1042,42,-0.30727252488518775,0.24188268314858474
118,1571245200,1175,192,0,1367,42,-0.30727252488518775,0.7396512079455365
118,1571259600,1427,160,0,1587,42,-0.30727252488518775,1.0766022093465502
118,1571274000,282,59,0,341,42,-0.30727252488518775,-0.8317657349519175
118,1571288400,23,17,0,40,42,-0.30727252488518775,-1.2927759686869407
118,1571302800,192,273,81,465,42,0.15020718174912678,-0.641847897798619
118,1571317200,573,435,0,1008,42,-0.30727252488518775,0.18980843747751902
118,1571331600,1182,187,0,1369,42,-0.30727252488518775,0.742714398867364
118,1571346000,1580,179,0,1759,42,-0.30727252488518775,1.3400366286237062
118,1571360400,379,54,0,433,42,-0.30727252488518775,-0.6908589525478572
118,1571374800,27,17,0,44,42,-0.30727252488518775,-1.2866495868432857
118,1571389200,188,250,62,438,42,0.0428971271065098,-0.6832009752432888
118,1571403600,594,438,0,1032,42,-0.30727252488518775,0.22656672853944776
118,1571418000,1185,188,0,1373,42,-0.30727252488518775,0.7488407807110188
118,1571432400,1795,190,0,1985,42,-0.30727252488518775,1.686177202790202
118,1571446800,498,82,0,580,42,-0.30727252488518775,-0.46571441979354367
118,1571461200,39,13,0,52,42,-0.30727252488518775,-1.2743968231559761
118,1571475600,87,300,213,387,42,0.8957296666346765,-0.7613123437498874
118,1571490000,487,1381,894,1868,42,4.74194794093058,1.506980533863299
118,1571504400,1198,1017,0,2215,42,-0.30727252488518775,2.0384441588003526
118,1571518800,1143,162,0,1305,42,-0.30727252488518775,0.6446922893688873
118,1571533200,457,105,0,562,42,-0.30727252488518775,-0.49328313808999025
118,1571547600,57,45,0,102,42,-0.30727252488518775,-1.1978170501102914
118,1571562000,61,87,26,148,42,-0.16042718695318556,-1.1273636589082612
118,1571576400,432,1183,751,1615,42,3.9342985823045677,1.1194868822521336
118,1571590800,1073,725,0,1798,42,-0.30727252488518775,1.3997688515993403
118,1571605200,874,288,0,1162,42,-0.30727252488518775,0.4256741384582285
118,1571619600,277,89,0,366,42,-0.30727252488518775,-0.793475848429075
118,1571634000,12,19,7,31,42,-0.26773724159580253,-1.3065603278351638
118,1571648400,197,291,94,488,42,0.2236298507151279,-0.6066212021976038
118,1571662800,574,429,0,1003,42,-0.30727252488518775,0.18215046017295053
118,1571677200,1176,171,0,1347,42,-0.30727252488518775,0.7090192987272627
118,1571691600,1723,131,0,1854,42,-0.30727252488518775,1.4855381974105075
118,1571706000,362,35,0,397,43,-0.32358562425395715,-0.6409605336673345
118,1571720400,21,8,0,29,43,-0.32358562425395715,-1.2788669089643288
118,1571734800,164,274,110,438,43,4.276308480525372,-0.5698894429413106
118,1571749200,645,469,0,1114,43,-0.32358562425395715,0.6019168334194722
118,1571763600,1235,149,0,1384,43,-0.32358562425395715,1.0699459674688974
118,1571778000,1586,111,0,1697,43,-0.32358562425395715,1.6125130747187864
118,1571792400,248,53,0,301,43,-0.32358562425395715,-0.8073708924404635
118,1571806800,23,13,0,36,43,-0.32358562425395715,-1.266732820303788
118,1571821200,191,254,63,445,43,2.310899181210568,-0.55775535428077
118,1571835600,591,445,0,1036,43,-0.32358562425395715,0.46670841691630494
118,1571850000,1230,199,0,1429,43,-0.32358562425395715,1.1479508231438014
118,1571864400,1645,133,0,1778,43,-0.32358562425395715,1.7529218149336139
118,1571878800,342,58,0,400,43,-0.32358562425395715,-0.6357602099556742
118,1571893200,31,14,0,45,43,-0.32358562425395715,-1.2511318491688073
118,1571907600,186,262,76,448,43,2.8545230299572157,-0.5525550305691097
118,1571922000,569,482,0,1051,43,-0.32358562425395715,0.49271003547460634
118,1571936400,1164,172,0,1336,43,-0.32358562425395715,0.9867407880823328
118,1571950800,1570,190,0,1760,43,-0.32358562425395715,1.7217198726636522
118,1571965200,351,50,0,401,43,-0.32358562425395715,-0.6340267687184541
118,1571979600,24,24,0,48,43,-0.32358562425395715,-1.245931525457147
118,1571994000,175,243,68,418,43,2.5199852768823554,-0.6045582676857125
118,1572008400,560,500,0,1060,43,-0.32358562425395715,0.5083110066095872
118,1572022800,1280,152,0,1432,43,-0.32358562425395715,1.1531511468554618
118,1572037200,1868,178,0,2046,43,-0.32358562425395715,2.217484066508599
118,1572051600,502,79,0,581,43,-0.32358562425395715,-0.32200734601883735
118,1572066000,68,18,0,86,43,-0.32358562425395715,-1.1800607584427834
118,1572080400,83,60,0,143,43,-0.32358562425395715,-1.0812546079212382
118,1572094800,436,347,0,783,43,-0.32358562425395715,0.028147783899621415
118,1572109200,1027,177,0,1204,43,-0.32358562425395715,0.7579265447692806
118,1572123600,1049,169,0,1218,43,-0.32358562425395715,0.7821947220903619
118,1572138000,411,66,0,477,43,-0.32358562425395715,-0.5022852346897271
118,1572152400,37,37,0,74,43,-0.32358562425395715,-1.2008620532894245
118,1572166800,44,52,8,96,43,0.010952128820903163,-1.1627263460705826
118,1572181200,336,245,0,581,43,-0.32358562425395715,-0.32200734601883735
118,1572195600,590,166,0,756,43,-0.32358562425395715,-0.018655129505321093
118,1572210000,737,137,0,874,43,-0.32358562425395715,0.18589093648664987
118,1572224400,253,33,0,286,43,-0.32358562425395715,-0.8333725109987647
118,1572238800,19,19,0,38,43,-0.32358562425395715,-1.2632659378293478
118,1572253200,198,198,0,396,43,-0.32358562425395715,-0.6426939749045546
118,1572267600,636,566,0,1202,43,-0.32358562425395715,0.7544596622948404
118,1572282000,1196,172,0,1368,43,-0.32358562425395715,1.0422109076733759
118,1572296400,1398,114,0,1512,43,-0.32358562425395715,1.2918264458330693
118,1572310800,316,49,0,365,44,-0.3460340048288325,-0.8084884685560553
118,1572325200,21,15,0,36,44,-0.3460340048288325,-1.3340173827769402
118,1572339600,173,241,68,414,44,2.5352287292561404,-0.7302182047359235
118,1572354000,617,445,0,1062,44,-0.3460340048288325,0.3048661004772481
118,1572368400,1147,171,0,1318,44,-0.3460340048288325,0.7137882951293653
118,1572382800,1575,131,0,1706,44,-0.3460340048288325,1.3335609963989803
118,1572397200,395,78,0,473,44,-0.3460340048288325,-0.6359744176871933
118,1572411600,33,19,0,52,44,-0.3460340048288325,-1.3084597456111828
118,1572426000,174,269,95,443,44,3.6792595207310557,-0.6838949873729883
118,1572440400,593,454,0,1047,44,-0.3460340048288325,0.28090581563435063
118,1572454800,1141,164,0,1305,44,-0.3460340048288325,0.6930227149321875
118,1572469200,1683,138,0,1821,44,-0.3460340048288325,1.517256513527861
118,1572483600,411,94,0,505,44,-0.3460340048288325,-0.5848591433556787
118,1572498000,32,22,0,54,44,-0.3460340048288325,-1.3052650409654631
118,1572512400,172,263,91,435,44,3.509773477549587,-0.6966738059558669
118,1572526800,520,467,0,987,44,-0.3460340048288325,0.18506467626276066
118,1572541200,1043,186,0,1229,44,-0.3460340048288325,0.5716239383948402
118,1572555600,1478,205,0,1683,44,-0.3460340048288325,1.2968218929732043
118,1572570000,394,123,0,517,44,-0.3460340048288325,-0.5656909154813606
118,1572584400,44,33,0,77,44,-0.3460340048288325,-1.2685259375396871
118,1572598800,185,215,30,400,44,0.925111319032185,-0.7525811372559611
118,1572613200,558,422,0,980,44,-0.3460340048288325,0.17388321000274184
118,1572627600,1210,190,0,1400,44,-0.3460340048288325,0.8447711856038715
118,1572642000,1735,159,0,1894,44,-0.3460340048288325,1.633863233096629
118,1572656400,558,103,0,661,44,-0.3460340048288325,-0.33567218098954477
118,1572670800,73,26,0,99,44,-0.3460340048288325,-1.2333841864367707
118,1572685200,116,116,0,232,44,-0.3460340048288325,-1.020936327496413
118,1572699600,678,443,0,1121,44,-0.3460340048288325,0.39910988752597826
118,1572714000,1534,253,0,1787,44,-0.3460340048288325,1.4629465345506267
118,1572728400,1652,213,0,1865,44,-0.3460340048288325,1.5875400157336936
118,1572742800,671,150,0,821,44,-0.3460340048288325,-0.08009580933197155
118,1572753600,88,40,0,128,44,-0.3460340048288325,-1.1870609690738356
118,1572768000,75,65,0,140,44,-0.3460340048288325,-1.1678927411995175
118,1572782400,453,349,0,802,44,-0.3460340048288325,-0.11044550346630838
118,1572796800,1403,199,0,1602,44,-0.3460340048288325,1.1674363548215578
118,1572811200,1552,189,0,1741,44,-0.3460340048288325,1.3894683276990745
118,1572825600,614,83,0,697,44,-0.3460340048288325,-0.2781674973665908
118,1572840000,50,18,0,68,44,-0.3460340048288325,-1.2829021084454255
118,1572854400,87,88,1,175,44,-0.30366249403346524,-1.1119854098994235
118,1572868800,515,573,58,1088,44,2.111513621302468,0.3463972608716038
118,1572883200,1098,202,0,1300,44,-0.3460340048288325,0.6850359533178882
118,1572897600,1915,143,0,2058,44,-0.3460340048288325,1.8958290140456413
118,1572912000,573,78,0,651,45,-0.36208682016168947,-0.22119309582207333
118,1572926400,61,16,0,77,45,-0.36208682016168947,-1.1971307155289812
118,1572940800,64,72,8,136,45,-0.14939246426251523,-1.0968165699493513
118,1572955200,431,567,136,998,45,3.253717230124273,0.36879009936659746
118,1572969600,949,278,0,1227,45,-0.36208682016168947,0.7581450033960084
118,1572984000,1573,207,0,1780,45,-0.36208682016168947,1.6983775882355905
118,1572998400,582,83,0,665,45,-0.36208682016168947,-0.19738973924385605
118,1573012800,45,17,0,62,45,-0.36208682016168947,-1.2226343118627854
118,1573027200,86,103,17,189,45,0.0898886861240558,-1.006703862903243
118,1573041600,486,620,134,1106,45,3.2005436411494794,0.5524159929699878
118,1573056000,1018,169,0,1187,45,-0.36208682016168947,0.6901354131725306
118,1573070400,1722,179,0,1901,45,-0.36208682016168947,1.904106598661611
118,1573084800,631,94,0,725,45,-0.36208682016168947,-0.0953753539086392
118,1573099200,73,28,0,101,45,-0.36208682016168947,-1.1563249613948945
118,1573113600,84,96,12,180,45,-0.04304528631292811,-1.0220060207035255
118,1573128000,487,639,152,1126,45,3.6791059419226215,0.5864207880817267
118,1573142400,998,188,0,1186,45,-0.36208682016168947,0.6884351734169436
118,1573156800,1750,151,0,1901,45,-0.36208682016168947,1.904106598661611
118,1573171200,607,112,0,719,45,-0.36208682016168947,-0.1055767924421609
118,1573185600,63,22,0,85,45,-0.36208682016168947,-1.1835287974842856
118,1573200000,92,93,1,185,45,-0.3355000256742927,-1.0135048219255909
118,1573214400,462,497,35,959,45,0.5684509868971979,0.3024807488987065
118,1573228800,1081,210,0,1291,45,-0.36208682016168947,0.8669603477535731
118,1573243200,1938,153,0,2091,45,-0.36208682016168947,2.2271521522231312
118,1573257600,788,82,0,870,45,-0.36208682016168947,0.15115941065146818
118,1573272000,88,36,0,124,45,-0.36208682016168947,-1.1172194470163948
118,1573286400,57,39,0,96,45,-0.36208682016168947,-1.1648261601728291
118,1573300800,353,298,0,651,45,-0.36208682016168947,-0.22119309582207333
118,1573315200,1016,227,0,1243,45,-0.36208682016168947,0.7853488394853996
118,1573329600,1238,202,0,1440,45,-0.36208682016168947,1.1202960713360282
118,1573344000,545,92,0,637,45,-0.36208682016168947,-0.24499645240029058
118,1573358400,83,51,0,134,45,-0.36208682016168947,-1.1002170494605252
118,1573372800,31,24,0,55,45,-0.36208682016168947,-1.234535990151894
118,1573387200,276,258,0,534,45,-0.36208682016168947,-0.42012114722574617
118,1573401600,830,233,0,1063,45,-0.36208682016168947,0.47930568347974906
118,1573416000,1004,200,0,1204,45,-0.36208682016168947,0.7190394890175087
118,1573430400,378,79,0,457,45,-0.36208682016168947,-0.5510396084059411
118,1573444800,33,13,0,46,45,-0.36208682016168947,-1.2498381479521765
118,1573459200,69,60,0,129,45,-0.36208682016168947,-1.1087182482384599
118,1573473600,394,471,77,865,45,1.6850963553678626,0.14265821187353345
118,1573488000,896,228,0,1124,45,-0.36208682016168947,0.5830203085705529
118,1573502400,1458,148,0,1606,45,-0.36208682016168947,1.4025358707634614
118,1573516800,503,71,0,574,46,-0.40372508353650144,-0.3513182711923666
118,1573531200,56,18,0,74,46,-0.40372508353650144,-1.1846723539936426
118,1573545600,86,76,0,162,46,-0.40372508353650144,-1.038002035420618
118,1573560000,497,627,130,1124,46,3.1805659020070727,0.565371219889037
118,1573574400,1004,138,0,1142,46,-0.40372508353650144,0.5953719668698829
118,1573588800,1940,134,0,2074,46,-0.40372508353650144,2.1487439772114616
118,1573603200,573,106,0,679,46,-0.40372508353650144,-0.1763139138040986
118,1573617600,55,25,0,80,46,-0.40372508353650144,-1.1746721050000273
118,1573632000,81,100,19,181,46,0.12013282973525166,-1.0063345802741694
118,1573646400,483,573,90,1056,46,2.0777071372244347,0.4520350646280635
118,1573660800,911,177,0,1088,46,-0.40372508353650144,0.5053697259273452
118,1573675200,1697,156,0,1853,46,-0.40372508353650144,1.7804014726132975
118,1573689600,579,79,0,658,46,-0.40372508353650144,-0.2113147852817522
118,1573704000,64,19,0,83,46,-0.40372508353650144,-1.1696719805032196
118,1573718400,84,80,0,164,46,-0.40372508353650144,-1.0346686190894128
118,1573732800,462,548,86,1010,46,1.9674212607461707,0.3753664890103461
118,1573747200,920,188,0,1108,46,-0.40372508353650144,0.5387038892393962
118,1573761600,1721,175,0,1896,46,-0.40372508353650144,1.8520699237342073
118,1573776000,629,84,0,713,46,-0.40372508353650144,-0.11964583617361185
118,1573790400,66,18,0,84,46,-0.40372508353650144,-1.168005272337617
118,1573804800,80,90,10,170,46,-0.1280103923408419,-1.0246683700957975
118,1573819200,497,576,79,1073,46,1.774420976909209,0.48036910344330686
118,1573833600,987,250,0,1237,46,-0.40372508353650144,0.7537092426021254
118,1573848000,1778,153,0,1931,46,-0.40372508353650144,1.9104047095302967
118,1573862400,784,77,0,861,46,-0.40372508353650144,0.12702697233556584
118,1573876800,111,32,0,143,46,-0.40372508353650144,-1.0696694905670665
118,1573891200,55,29,0,84,46,-0.40372508353650144,-1.168005272337617
118,1573905600,339,318,0,657,46,-0.40372508353650144,-0.21298149344735476
118,1573920000,961,256,0,1217,46,-0.40372508353650144,0.7203750792900744
118,1573934400,1335,175,0,1510,46,-0.40372508353650144,1.208720571811622
118,1573948800,499,111,0,610,46,-0.40372508353650144,-0.2913167772306747
118,1573963200,86,37,0,123,46,-0.40372508353650144,-1.1030036538791175
118,1573977600,23,39,16,62,46,0.03741842237655381,-1.2046728519808731
118,1573992000,249,255,6,504,46,-0.23829626881910573,-0.4679878427845452
118,1574006400,870,248,0,1118,46,-0.40372508353650144,0.5553709708954216
118,1574020800,944,149,0,1093,46,-0.40372508353650144,0.5137032667553579
118,1574035200,361,63,0,424,46,-0.40372508353650144,-0.6013244960327494
118,1574049600,33,15,0,48,46,-0.40372508353650144,-1.2280067662993088
118,1574064000,69,92,23,161,46,0.23041870621351548,-1.0396687435862206
118,1574078400,518,674,156,1192,46,3.8974240991157876,0.6787073751500106
118,1574092800,934,177,0,1111,46,-0.40372508353650144,0.5437040137362038
118,1574107200,1728,101,0,1829,46,-0.40372508353650144,1.7404004766388363
118,1574121600,520,115,0,635,47,-0.3694525247864065,-0.24451030612884883
118,1574136000,59,32,0,91,47,-0.3694525247864065,-1.143106329038924
118,1574150400,84,92,8,176,47,0.04433430297436876,-1.002700700459225
118,1574164800,510,559,49,1069,47,2.164991795248342,0.47238431508985096
118,1574179200,1086,191,0,1277,47,-0.3694525247864065,0.8159651473789974
118,1574193600,1862,126,0,1988,47,-0.3694525247864065,1.99041693467507
118,1574208000,588,121,0,709,47,-0.3694525247864065,-0.12227481771828712
118,1574222400,85,18,0,103,47,-0.3694525247864065,-1.1232843579453196
118,1574236800,65,71,6,136,47,-0.05911240396582505,-1.0687739374379068
118,1574251200,547,581,34,1128,47,1.3891414931968884,0.5698423396334069
118,1574265600,1019,209,0,1228,47,-0.3694525247864065,0.735025432080112
118,1574280000,1780,161,0,1941,47,-0.3694525247864065,1.9127808812251186
118,1574294400,602,56,0,658,47,-0.3694525247864065,-0.20651819486610667
118,1574308800,74,13,0,87,47,-0.3694525247864065,-1.1497136527367924
118,1574323200,85,97,12,182,47,0.25122771685475637,-0.9927897149124226
118,1574337600,540,532,0,1072,47,-0.3694525247864065,0.47733980786325214
118,1574352000,988,196,0,1184,47,-0.3694525247864065,0.6623448714035618
118,1574366400,1735,168,0,1903,47,-0.3694525247864065,1.8500113060953707
118,1574380800,716,102,0,818,47,-0.3694525247864065,0.05777475304862136
118,1574395200,72,16,0,88,47,-0.3694525247864065,-1.1480618218123253
118,1574409600,75,89,14,164,47,0.3546744237949502,-1.0225226715528295
118,1574424000,501,569,68,1070,47,3.147735511180183,0.47403614601431804
118,1574438400,1054,227,0,1281,47,-0.3694525247864065,0.8225724710768656
118,1574452800,1813,172,0,1985,47,-0.3694525247864065,1.9854614419016687
118,1574467200,695,86,0,781,47,-0.3694525247864065,-0.0033429911566594975
118,1574481600,88,26,0,114,47,-0.3694525247864065,-1.105114217776182
118,1574496000,51,42,0,93,47,-0.3694525247864065,-1.1398026671899901
118,1574510400,322,286,0,608,47,-0.3694525247864065,-0.2891097410894592
118,1574524800,963,196,0,1159,47,-0.3694525247864065,0.6210490982918855
118,1574539200,1142,184,0,1326,47,-0.3694525247864065,0.8969048626778828
118,1574553600,511,71,0,582,47,-0.3694525247864065,-0.3320573451256025
118,1574568000,92,32,0,124,47,-0.3694525247864065,-1.0885959085315116
118,1574582400,26,40,14,66,47,0.3546744237949502,-1.1844021021506004
118,1574596800,214,214,0,428,47,-0.3694525247864065,-0.5864393074935282
118,1574611200,682,168,0,850,47,-0.3694525247864065,0.11063334263156697
118,1574625600,788,126,0,914,47,-0.3694525247864065,0.21635052179745817
118,1574640000,331,40,0,371,47,-0.3694525247864065,-0.6805936701881501
118,1574654400,24,13,0,37,47,-0.3694525247864065,-1.2323051989601448
118,1574668800,93,91,0,184,47,-0.3694525247864065,-0.9894860530634885
118,1574683200,507,602,95,1109,47,4.5442660548728,0.538457552068533
118,1574697600,1060,210,0,1270,47,-0.3694525247864065,0.8044023309077281
118,1574712000,1737,161,0,1898,47,-0.3694525247864065,1.8417521514730355
118,1574726400,536,63,0,599,48,-0.20915494988921018,-0.13693789047841987
118,1574740800,47,13,0,60,48,-0.20915494988921018,-1.1267207655264626
118,1574755200,83,99,16,182,48,0.6375446062887973,-0.9026882780387794
118,1574769600,530,542,12,1072,48,0.4258697172442954,0.7316470815025156
118,1574784000,1087,213,0,1300,48,-0.20915494988921018,1.1503307466434316
118,1574798400,1922,133,0,2055,48,-0.20915494988921018,2.5367613044565527
118,1574812800,567,81,0,648,48,-0.20915494988921018,-0.04695762911041599
118,1574827200,58,16,0,74,48,-0.20915494988921018,-1.1010121194213185
118,1574841600,92,86,0,178,48,-0.20915494988921018,-0.910033605497392
118,1574856000,482,492,10,974,48,0.3200322727220445,0.5516865587665077
118,1574870400,1300,170,0,1470,48,-0.20915494988921018,1.4625071636344655
118,1574884800,1646,166,0,1812,48,-0.20915494988921018,2.0905326613458395
118,1574899200,524,94,0,618,48,-0.20915494988921018,-0.1020475850500102
118,1574913600,64,31,0,95,48,-0.20915494988921018,-1.0624491502636026
118,1574928000,43,33,0,76,48,-0.20915494988921018,-1.0973394556920124
118,1574942400,277,202,0,479,48,-0.20915494988921018,-0.35729771423679674
118,1574956800,788,234,0,1022,48,-0.20915494988921018,0.6398304882698586
118,1574971200,668,251,0,919,48,-0.20915494988921018,0.4506883062105851
118,1574985600,330,100,0,430,48,-0.20915494988921018,-0.4472779756048006
118,1575000000,34,22,0,56,48,-0.20915494988921018,-1.1340660929850752
118,1575014400,43,48,5,91,48,0.05543866141641715,-1.0697944777222153
118,1575028800,367,309,0,676,48,-0.20915494988921018,0.004459663099871942
118,1575043200,996,238,0,1234,48,-0.20915494988921018,1.0291328435763243
118,1575057600,1242,223,0,1465,48,-0.20915494988921018,1.4533255043111997
118,1575072000,489,90,0,579,48,-0.20915494988921018,-0.17366452777148267
118,1575086400,56,23,0,79,48,-0.20915494988921018,-1.0918304600980528
118,1575100800,48,34,0,82,48,-0.20915494988921018,-1.0863214645040935
118,1575115200,291,248,0,539,48,-0.20915494988921018,-0.2471178023576083
118,1575129600,882,247,0,1129,48,-0.20915494988921018,0.8363179977877445
118,1575144000,1009,180,0,1189,48,-0.20915494988921018,0.9464979096669329
118,1575158400,443,94,0,537,48,-0.20915494988921018,-0.2507904660869146
118,1575172800,67,23,0,90,48,-0.20915494988921018,-1.0716308095868683
118,1575187200,29,27,0,56,48,-0.20915494988921018,-1.1340660929850752
118,1575201600,263,218,0,481,48,-0.20915494988921018,-0.35362505050749043
118,1575216000,693,154,0,847,48,-0.20915494988921018,0.318472411955559
118,1575230400,652,104,0,756,48,-0.20915494988921018,0.15136621227212319
118,1575244800,288,43,0,331,48,-0.20915494988921018,-0.6290748302054615
118,1575259200,32,10,0,42,48,-0.20915494988921018,-1.159774739090219
118,1575273600,82,79,0,161,48,-0.20915494988921018,-0.9412512471964953
118,1575288000,466,589,123,1055,48,6.299847888229222,0.7004294398034122
118,1575302400,872,203,0,1075,48,-0.20915494988921018,0.737156077096475
118,1575316800,1539,138,0,1677,48,-0.20915494988921018,1.8426278596176655
118,1575331200,358,79,0,437,49,-0.31709862323924254,-0.5571023013934335
118,1575345600,41,10,0,51,49,-0.31709862323924254,-1.2033458711253457
118,1575374400,591,626,35,1217,49,1.4130782754235447,0.7487784871840057
118,1575388800,960,168,0,1128,49,-0.31709862323924254,0.5997741407950415
118,1575403200,1842,184,0,2026,49,-0.31709862323924254,2.1032112537982988
118,1575417600,551,70,0,621,49,-0.31709862323924254,-0.249048371780294
118,1575432000,45,17,0,62,49,-0.31709862323924254,-1.1849296035941255
118,1575446400,76,89,13,165,49,0.3255385105497927,-1.0124863712563354
118,1575460800,515,604,89,1119,49,4.082494061931845,0.5847062855422249
118,1575475200,1057,205,0,1262,49,-0.31709862323924254,0.8241177634480888
118,1575489600,1813,110,0,1923,49,-0.31709862323924254,1.9307680214605085
118,1575504000,636,88,0,724,49,-0.31709862323924254,-0.07660513944250394
118,1575518400,69,20,0,89,49,-0.31709862323924254,-1.1397260378356757
118,1575532800,87,89,2,176,49,-0.21823137188708328,-0.9940701037251152
118,1575547200,500,589,89,1089,49,4.082494061931845,0.5344801013661695
118,1575561600,997,228,0,1225,49,-0.31709862323924254,0.7621721362976205
118,1575576000,1761,168,0,1929,49,-0.31709862323924254,1.9408132582957196
118,1575590400,601,73,0,674,49,-0.31709862323924254,-0.1603154464025962
118,1575604800,84,20,0,104,49,-0.31709862323924254,-1.114612945747648
118,1575619200,92,76,0,168,49,-0.31709862323924254,-1.0074637528387298
118,1575633600,517,513,0,1030,49,-0.31709862323924254,0.4357019391532607
118,1575648000,1084,270,0,1354,49,-0.31709862323924254,0.9781447282546586
118,1575662400,1767,188,0,1955,49,-0.31709862323924254,1.9843426179149675
118,1575676800,814,106,0,920,49,-0.31709862323924254,0.25153926384105774
118,1575691200,120,27,0,147,49,-0.31709862323924254,-1.0426220817619687
118,1575705600,47,37,0,84,49,-0.31709862323924254,-1.148097068531685
118,1575720000,290,232,0,522,49,-0.31709862323924254,-0.4147947795612767
118,1575734400,886,151,0,1037,49,-0.31709862323924254,0.44742138212767363
118,1575748800,1009,88,0,1097,49,-0.31709862323924254,0.5478737504797844
118,1575763200,461,60,0,521,49,-0.31709862323924254,-0.4164689857004785
118,1575777600,97,43,0,140,49,-0.31709862323924254,-1.0543415247363817
118,1575792000,33,23,0,56,49,-0.31709862323924254,-1.1949748404293365
118,1575806400,206,189,0,395,49,-0.31709862323924254,-0.627418959239911
118,1575820800,704,143,0,847,49,-0.31709862323924254,0.12932221567932303
118,1575835200,816,66,0,882,49,-0.31709862323924254,0.1879194305513876
118,1575849600,346,38,0,384,49,-0.31709862323924254,-0.6458352267711314
118,1575864000,35,17,0,52,49,-0.31709862323924254,-1.2016716649861439
118,1575878400,87,75,0,162,49,-0.31709862323924254,-1.0175089896739409
118,1575892800,474,509,35,983,49,1.4130782754235447,0.35701425061077396
118,1575907200,872,151,0,1023,49,-0.31709862323924254,0.4239824961788478
118,1575921600,1677,103,0,1780,49,-0.31709862323924254,1.6913565435546447
118,1575936000,467,63,0,530,50,-0.33552084687122663,-0.4165617899628151
118,1575950400,41,18,0,59,50,-0.33552084687122663,-1.1836124582160412
118,1575964800,80,83,3,163,50,-0.22903312217154262,-1.0142424592811463
118,1575979200,473,621,148,1094,50,4.917873571646518,0.5019447427225766
118,1575993600,863,157,0,1020,50,-0.33552084687122663,0.38143147424967055
118,1576008000,1644,134,0,1778,50,-0.33552084687122663,1.615878197255924
118,1576022400,560,72,0,632,50,-0.33552084687122663,-0.2504489063920528
118,1576036800,48,21,0,69,50,-0.33552084687122663,-1.167326881395378
118,1576051200,83,71,0,154,50,-0.33552084687122663,-1.028899478419743
118,1576065600,440,530,90,970,50,2.859110894119294,0.3000035901463557
118,1576080000,831,136,0,967,50,-0.33552084687122663,0.2951179171001568
118,1576094400,2210,116,0,2326,50,-0.33552084687122663,2.508327807028255
118,1576108800,900,78,0,978,50,-0.33552084687122663,0.31303205160288605
118,1576123200,86,15,0,101,50,-0.33552084687122663,-1.1152130355692567
118,1576137600,115,98,0,213,50,-0.33552084687122663,-0.9328145751778314
118,1576152000,703,567,0,1270,50,-0.33552084687122663,0.7885708947662449
118,1576166400,1248,139,0,1387,50,-0.33552084687122663,0.9791121435680017
118,1576180800,1938,118,0,2056,50,-0.33552084687122663,2.0686172328703547
118,1576195200,612,77,0,689,50,-0.33552084687122663,-0.15762111851427385
118,1576209600,71,21,0,92,50,-0.33552084687122663,-1.1298700547078533
118,1576224000,81,81,0,162,50,-0.33552084687122663,-1.0158710169632126
118,1576238400,458,495,37,953,50,0.9778277577582096,0.27231810955122865
118,1576252800,919,170,0,1089,50,-0.33552084687122663,0.49380195431224505
118,1576267200,1662,202,0,1864,50,-0.33552084687122663,1.7559341579136256
118,1576281600,668,123,0,791,50,-0.33552084687122663,0.00849176505648847
118,1576296000,103,33,0,136,50,-0.33552084687122663,-1.0582135166969362
118,1576310400,52,48,0,100,50,-0.33552084687122663,-1.116841593251323
118,1576324800,283,317,34,600,50,0.8713400330585256,-0.3025627522181743
118,1576339200,963,239,0,1202,50,-0.33552084687122663,0.6778289723857367
118,1576353600,1078,178,0,1256,50,-0.33552084687122663,0.7657710872173167
118,1576368000,507,85,0,592,50,-0.33552084687122663,-0.3155912136747047
118,1576382400,107,34,0,141,50,-0.33552084687122663,-1.0500707282866049
118,1576396800,33,40,7,73,50,-0.0870494892386306,-1.160812650667113
118,1576411200,256,268,12,524,50,0.09043005192750944,-0.4263331360552129
118,1576425600,832,197,0,1029,50,-0.33552084687122663,0.39608849338826724
118,1576440000,858,123,0,981,50,-0.33552084687122663,0.31791772464908497
118,1576454400,414,66,0,480,50,-0.33552084687122663,-0.49798967406613
118,1576468800,38,20,0,58,50,-0.33552084687122663,-1.1852410158981075
118,1576483200,84,74,0,158,50,-0.33552084687122663,-1.0223852476914776
118,1576497600,499,565,66,1064,50,2.0072090965218217,0.45308801226058765
118,1576512000,1022,214,0,1236,50,-0.33552084687122663,0.7331999335759908
118,1576526400,1850,116,0,1966,50,-0.33552084687122663,1.922047041484388
118,1576540800,511,79,0,590,51,-0.2631687761058678,-0.3134503223528914
118,1576555200,44,20,0,64,51,-0.2631687761058678,-1.186464003822896
118,1576569600,70,79,9,149,51,-0.13330219990741085,-1.0453876484522677
118,1576584000,505,578,73,1083,51,0.7901934530593941,0.5047925387967516
118,1576598400,867,183,0,1050,51,-0.2631687761058678,0.4500217184763901
118,1576612800,1617,153,0,1770,51,-0.2631687761058678,1.6450214345570047
118,1576627200,541,93,0,634,51,-0.2631687761058678,-0.24042256192574274
118,1576641600,57,15,0,72,51,-0.2631687761058678,-1.1731862291997779
118,1576656000,82,92,10,174,51,-0.11887258032980451,-1.0038946027550242
118,1576670400,478,631,153,1109,51,1.9445630192679004,0.5479453063218849
118,1576684800,999,188,0,1187,51,-0.2631687761058678,0.6774036088972848
118,1576699200,1812,143,0,1955,51,-0.2631687761058678,1.952069972716607
118,1576713600,604,89,0,693,51,-0.2631687761058678,-0.14249897408024795
118,1576728000,67,17,0,84,51,-0.2631687761058678,-1.153269567265101
118,1576742400,76,58,0,134,51,-0.2631687761058678,-1.070283475870614
118,1576756800,470,534,64,1004,51,0.6603268768609373,0.37367451439346194
118,1576771200,935,189,0,1124,51,-0.2631687761058678,0.572841133740231
118,1576785600,1767,132,0,1899,51,-0.2631687761058678,1.8591255503547814
118,1576800000,655,102,0,757,51,-0.2631687761058678,-0.03627677709530443
118,1576814400,79,17,0,96,51,-0.2631687761058678,-1.133352905330424
118,1576828800,86,72,0,158,51,-0.2631687761058678,-1.0304501520012601
118,1576843200,501,928,427,1429,51,5.898278783532035,1.0790562912466024
118,1576857600,1077,525,0,1602,51,-0.2631687761058678,1.366188167471528
118,1576872000,1846,173,0,2019,51,-0.2631687761058678,2.0582921697015504
118,1576886400,729,105,0,834,51,-0.2631687761058678,0.09152180365220575
118,1576900800,90,23,0,113,51,-0.2631687761058678,-1.1051376342562986
118,1576915200,38,49,11,87,51,-0.10444296075219818,-1.148290401781432
118,1576929600,331,293,0,624,51,-0.2631687761058678,-0.25701978020464017
118,1576944000,963,151,0,1114,51,-0.2631687761058678,0.5562439154613337
118,1576958400,1059,144,0,1203,51,-0.2631687761058678,0.7039591581435207
118,1576972800,493,68,0,561,51,-0.2631687761058678,-0.3615822553616939
118,1576987200,69,26,0,95,51,-0.2631687761058678,-1.1350126271583139
118,1577001600,32,37,5,69,51,-0.19102067821783617,-1.1781653946834472
118,1577016000,253,253,0,506,51,-0.2631687761058678,-0.45286695589562975
118,1577030400,818,192,0,1010,51,-0.2631687761058678,0.3836328453608004
118,1577044800,936,118,0,1054,51,-0.2631687761058678,0.4566606057879491
118,1577059200,380,57,0,437,51,-0.2631687761058678,-0.567387762020022
118,1577073600,50,12,0,62,51,-0.2631687761058678,-1.1897834474786755
118,1577088000,61,75,14,136,51,-0.061154102019379195,-1.0669640322148344
118,1577102400,453,411,0,864,51,-0.2631687761058678,0.141313458488898
118,1577116800,1152,210,0,1362,51,-0.2631687761058678,0.9678549287779897
118,1577131200,1602,143,0,1745,51,-0.2631687761058678,1.6035283888597611
118,1577145600,553,97,0,650,52,-0.282267997884367,-0.13041864188274685
118,1577160000,49,35,0,84,52,-0.282267997884367,-1.1086664780700646
118,1577174400,54,55,1,109,52,-0.26779271594157894,-1.0654576513833456
118,1577188800,359,359,0,718,52,-0.282267997884367,-0.012890633294871227
118,1577203200,1106,232,0,1338,52,-0.282267997884367,1.0586882685357595
118,1577217600,1229,237,0,1466,52,-0.282267997884367,1.2799174611717605
118,1577232000,436,86,0,522,52,-0.282267997884367,-0.35164783451874804
118,1577246400,42,17,0,59,52,-0.282267997884367,-1.1518753047567836
118,1577260800,35,23,0,58,52,-0.282267997884367,-1.1536036578242523
118,1577275200,219,212,0,431,52,-0.282267997884367,-0.5089279636584051
118,1577289600,759,292,0,1051,52,-0.282267997884367,0.5626509381722256
118,1577304000,858,298,0,1156,52,-0.282267997884367,0.7441280102564453
118,1577318400,500,78,0,578,52,-0.282267997884367,-0.2548600627404975
118,1577332800,40,17,0,57,52,-0.282267997884367,-1.155332010891721
118,1577347200,51,48,0,99,52,-0.282267997884367,-1.082741182058033
118,1577361600,308,236,0,544,52,-0.282267997884367,-0.3136240670344353
118,1577376000,971,373,0,1344,52,-0.282267997884367,1.069058386940572
118,1577390400,1464,533,0,1997,52,-0.282267997884367,2.1976729399976715
118,1577404800,603,176,0,779,52,-0.282267997884367,0.09253890382072308
118,1577419200,49,33,0,82,52,-0.282267997884367,-1.1121231842050021
118,1577433600,53,201,148,254,52,1.8600737296482646,-0.8148464566003755
118,1577448000,334,653,319,987,52,4.335346941865021,0.452036341854225
118,1577462400,1031,240,0,1271,52,-0.282267997884367,0.9428886130153525
118,1577476800,1589,188,0,1777,52,-0.282267997884367,1.8174352651545445
