remote_unit_id,time_stamp,entries,exits,num_people_exited,sum_exit_entry,week_num,z_score_num_people_exited,z_score_sum_exit_entry
168,1546300800,0,0,0,0,1,-1.1364557110614708,-1.5889180565065029
168,1546315200,128,572,444,700,1,0.23479152930567948,-0.8179550438762682
168,1546329600,68,216,148,284,1,-0.6793732976057542,-1.2761273485250935
168,1546344000,294,358,64,652,1,-0.9387984511887285,-0.8708210790280557
168,1546358400,587,762,175,1349,1,-0.5959866410969409,-0.10316219359480769
168,1546372800,481,911,430,1392,1,0.19155400370851708,-0.05580303710466469
168,1546387200,192,582,390,774,1,0.06801821628805307,-0.7364532396839291
168,1546401600,32,95,63,127,1,-0.9418868458742401,-1.4490433385007317
168,1546416000,411,469,58,880,1,-0.9573288193017981,-0.6197074120570649
168,1546430400,1050,1081,31,2131,1,-1.0407154758106112,0.7581136290863975
168,1546444800,758,1179,421,1937,1,0.16375845153891266,0.5444467370145895
168,1546459200,960,2212,1252,3172,1,2.730214435199052,1.9046457664407894
168,1546473600,361,858,497,1219,1,0.3984764476377943,-0.24634103879756558
168,1546488000,40,127,87,167,1,-0.8677653734219617,-1.4049883092075754
168,1546502400,406,497,91,903,1,-0.8554117946799153,-0.5943757702135001
168,1546516800,1216,1209,0,2425,1,-1.1364557110614708,1.081918094391096
168,1546531200,866,1220,354,2086,1,-0.043163992390364524,0.7085517211315966
168,1546545600,1051,2063,1012,3114,1,1.9889997106762682,1.8407659739657127
168,1546560000,301,873,572,1174,1,0.6301060490511643,-0.2959029467523664
168,1546574400,42,100,58,142,1,-0.9573288193017981,-1.4325227025157983
168,1546588800,386,441,55,827,1,-0.9665940033583329,-0.678080325870497
168,1546603200,1203,1168,0,2371,1,-1.1364557110614708,1.022443804845335
168,1546617600,881,1416,535,2297,1,0.515835445687235,0.9409420006529959
168,1546632000,1053,2026,973,3079,1,1.868552317941316,1.802217823334201
168,1546646400,397,994,597,1391,1,0.7073159161889543,-0.0569044128369936
168,1546660800,89,656,567,745,1,0.6146640756236063,-0.7683931359214674
168,1546675200,203,573,370,776,1,0.006250322577821078,-0.7342504882192713
168,1546689600,722,1073,351,1795,1,-0.05242917644689932,0.38805138302388476
168,1546704000,866,1497,631,2363,1,0.8123213354963487,1.0136327989867038
168,1546718400,831,1497,666,2328,1,0.9204151494892546,0.975084648355192
168,1546732800,388,1143,755,1531,1,1.195282276499787,0.09728818968905335
168,1546747200,73,461,388,534,1,0.061841426917029874,-1.0007834154428668
168,1546761600,162,293,131,455,1,-0.7318760072594513,-1.0877920982968503
168,1546776000,640,717,77,1357,1,-0.8986493202770777,-0.09435118773617643
168,1546790400,886,1185,299,2071,1,-0.21302570009350252,0.692031085146663
168,1546804800,602,1399,797,2001,1,1.3249948532912743,0.6149347838836395
168,1546819200,247,795,548,1042,1,0.5559845765988859,-0.44128454341978207
168,1546833600,42,289,247,331,1,-0.37362222374010573,-1.2243626891056347
168,1546848000,526,527,1,1053,1,-1.1333673163759592,-0.4291694103641641
168,1546862400,1313,1212,0,2525,1,-1.1364557110614708,1.1920556676239866
168,1546876800,799,1080,281,1879,1,-0.2686168044327113,0.48056694453951293
168,1546891200,1087,2126,1039,3213,1,2.0723863671850813,1.9498021714662745
168,1546905600,293,829,536,1122,2,0.6959512298856495,-0.40557456854032004
168,1546920000,36,98,62,134,2,-0.7045336669670251,-1.4056174882710897
168,1546934400,567,535,0,1102,2,-0.8877194551629447,-0.42581835234053805
168,1546948800,1420,1170,0,2590,2,-0.8877194551629447,1.0803191623956818
168,1546963200,833,1147,314,1980,2,0.040027923764776534,0.46288375648903257
168,1546977600,1153,2247,1094,3400,2,2.344623323648925,1.9001924063045113
168,1546992000,342,916,574,1258,2,0.808226390392826,-0.2679168386988376
168,1547006400,37,108,71,145,2,-0.6779421815837465,-1.3944834071809697
168,1547020800,547,585,38,1132,2,-0.7754442946557683,-0.39545267664021105
168,1547035200,1417,1280,0,2697,2,-0.8877194551629447,1.188623405726848
168,1547049600,825,1202,377,2027,2,0.22616832144772697,0.5104566484195449
168,1547064000,1146,2194,1048,3340,2,2.2087112872455004,1.8394610549038573
168,1547078400,332,854,522,1186,2,0.6545866970672161,-0.3407944603796224
168,1547092800,44,149,105,193,2,-0.577485459024694,-1.3458983260604467
168,1547107200,506,543,37,1049,2,-0.7783989041427991,-0.4794643794111158
168,1547121600,1352,1343,0,2695,2,-0.8877194551629447,1.1865990273468263
168,1547136000,847,1196,349,2043,2,0.14343925581086012,0.5266516754597192
168,1547150400,1121,2181,1060,3302,2,2.244166601089872,1.8009978656834429
168,1547164800,293,1031,738,1324,2,1.2927823462659032,-0.20111235215811815
168,1547179200,44,136,92,180,2,-0.6158953823560964,-1.3590567855305884
168,1547193600,476,538,62,1014,2,-0.7045336669670251,-0.5148910010614973
168,1547208000,1276,1167,0,2443,2,-0.8877194551629447,0.9315273514640795
168,1547222400,905,1257,352,2162,2,0.152303084271953,0.6471021890710165
168,1547236800,1009,2024,1015,3033,2,2.111209174173479,1.5287189735705107
168,1547251200,372,878,506,1250,2,0.6073129452747207,-0.2760143522189248
168,1547265600,52,186,134,238,2,-0.4918017839007961,-1.3003498125099562
168,1547280000,111,186,75,297,2,-0.6661237436356228,-1.240630650299313
168,1547294400,606,636,30,1242,2,-0.7990811705520159,-0.284111865739012
168,1547308800,868,964,96,1832,2,-0.6040769444079725,0.3130797563674193
168,1547323200,787,1120,333,1907,2,0.09616550401836475,0.3889939456182368
168,1547337600,361,741,380,1102,2,0.23503214990881985,-0.42581835234053805
168,1547352000,55,255,200,310,2,-0.2967975577567528,-1.2274721908291713
168,1547366400,93,157,64,250,2,-0.6986244479929633,-1.2882035422298252
168,1547380800,522,518,0,1040,2,-0.8877194551629447,-0.4885740821212139
168,1547395200,753,944,191,1697,2,-0.3233890431400315,0.17643421571594772
168,1547409600,606,936,330,1542,2,0.08730167555727188,0.019544891264258145
168,1547424000,223,494,271,717,2,-0.08702028417755471,-0.8155111904947348
168,1547438400,34,103,69,137,2,-0.6838514005578085,-1.402580920701057
168,1547452800,507,565,58,1072,2,-0.716352104915149,-0.45618402804086505
168,1547467200,1314,1237,0,2551,2,-0.8877194551629447,1.0408437839852567
168,1547481600,806,1105,299,1911,2,-0.004291218540687853,0.39304270237828043
168,1547496000,1085,2222,1137,3307,2,2.471671531591256,1.8060588116334975
168,1547510400,320,869,549,1189,3,0.8626882421561023,-0.23923481351986772
168,1547524800,38,136,98,174,3,-0.6421502036419353,-1.3288267045831113
168,1547539200,520,510,0,1030,3,-0.9691439235714424,-0.4099196516273118
168,1547553600,1276,1156,0,2432,3,-0.9691439235714424,1.0951126944521636
168,1547568000,833,1129,296,1962,3,0.018510577440129978,0.5905726069647502
168,1547582400,1134,2242,1108,3376,3,2.7278871139989027,2.108486827618372
168,1547596800,340,942,602,1282,3,1.039531784566958,-0.13940028557023063
168,1547611200,42,119,77,161,3,-0.7122202864839725,-1.3427820687051035
168,1547625600,528,552,24,1080,3,-0.8890638288948284,-0.35624517423503377
168,1547640000,1471,1243,0,2714,3,-0.9691439235714424,1.3978367469446116
168,1547654400,851,1171,320,2022,3,0.09859067211674395,0.6549819798354839
168,1547668800,1150,2137,987,3287,3,2.3241499700043073,2.0129462578601176
168,1547683200,382,1045,663,1427,3,1.2430686918700187,0.01625569886737559
168,1547697600,37,147,110,184,3,-0.6021101563036283,-1.3180918091046556
168,1547712000,518,485,0,1003,3,-0.9691439235714424,-0.4389038694191419
168,1547726400,1391,1177,0,2568,3,-0.9691439235714424,1.2411072729591597
168,1547740800,884,1177,293,2061,3,0.008500565605553232,0.6968480722014607
168,1547755200,1133,2207,1074,3340,3,2.614440313207033,2.069841203895932
168,1547769600,372,1047,675,1419,3,1.2831087392083256,0.007667782484611109
168,1547784000,44,139,95,183,3,-0.652160215476512,-1.3191652986525013
168,1547798400,461,520,59,981,3,-0.772280357491433,-0.4625206394717442
168,1547812800,1180,1153,0,2333,3,-0.9691439235714424,0.988837229215453
168,1547827200,810,1252,442,2062,3,0.505664486722865,0.6979215617493063
168,1547841600,1119,1920,801,3039,3,1.703529236260549,1.7467208499944185
168,1547856000,341,883,542,1224,3,0.8393315478754232,-0.20166267934527313
168,1547870400,56,219,163,275,3,-0.4252666138927725,-1.2204042602507097
168,1547884800,106,192,86,298,3,-0.6821902509802423,-1.1957140006502618
168,1547899200,632,587,0,1219,3,-0.9691439235714424,-0.20703012708450091
168,1547913600,775,1087,312,1862,3,0.0718973072245393,0.48322365218019425
168,1547928000,887,1142,255,2029,3,-0.11829291763241889,0.6624964066704028
168,1547942400,247,686,439,933,3,0.49565447488828823,-0.5140481377683311
168,1547956800,52,177,125,229,3,-0.5520600971307446,-1.2697847794516055
168,1547971200,81,183,102,264,3,-0.6288035211958329,-1.2322126452770108
168,1547985600,391,496,105,887,3,-0.6187935093612562,-0.5634286569692268
168,1548000000,681,953,272,1634,3,-0.061569517236483996,0.23846803527140653
168,1548014400,516,915,399,1431,3,0.362187650427265,0.02054965705875783
168,1548028800,204,522,318,726,3,0.09191733089369279,-0.7362604741723621
168,1548043200,35,123,88,158,3,-0.6755169097571911,-1.3460025373486402
168,1548057600,174,305,131,479,3,-0.5320400734615911,-1.0014123924902154
168,1548072000,606,615,9,1221,3,-0.9391138880677121,-0.2048831479888098
168,1548086400,589,864,275,1453,3,-0.05155950540190725,0.04416642711136015
168,1548100800,681,986,305,1667,3,0.04854061294386022,0.27389319035031
168,1548115200,262,466,204,728,4,-0.26084125645492545,-0.8498008827544249
168,1548129600,45,83,38,128,4,-0.748921031013095,-1.4665740818388842
168,1548144000,443,535,92,978,4,-0.5901480923014013,-0.5928120498025669
168,1548158400,1301,1218,0,2519,4,-0.8606501360324351,0.9912671165126858
168,1548172800,797,1090,293,1887,4,0.0008400684587920065,0.34159934681038884
168,1548187200,1114,2226,1112,3340,4,2.408896305586147,1.8352184439265875
168,1548201600,445,970,525,1415,4,0.6829756569979206,-0.1435955698027191
168,1548216000,63,123,60,186,4,-0.6842357596861087,-1.406952672594053
168,1548230400,497,485,0,982,4,-0.8606501360324351,-0.5887002284753371
168,1548244800,1407,1315,0,2722,4,-0.8606501360324351,1.1999420488695944
168,1548259200,786,1170,384,1956,4,0.2684018725840537,0.4125282647051016
168,1548273600,1119,2378,1259,3497,4,2.8411115276346464,1.9966074310203543
168,1548288000,513,1080,567,1593,4,0.8064657204403491,0.03938047925900381
168,1548302400,71,137,66,208,4,-0.6665943220514761,-1.3843376552942894
168,1548316800,476,557,81,1033,4,-0.6224907279648945,-0.5362745065531581
168,1548331200,1321,1199,0,2520,4,-0.8606501360324351,0.9922950718444933
168,1548345600,755,1101,346,1856,4,0.15667276756471363,0.30973273152435843
168,1548360000,1055,1975,920,3030,4,1.8443703012779025,1.5165522910662836
168,1548374400,470,1059,589,1529,4,0.8711509917673355,-0.02640866197667184
168,1548388800,82,150,68,232,4,-0.6607138428399318,-1.359666727330911
168,1548403200,428,530,102,958,4,-0.5607456962436803,-0.6133711564387155
168,1548417600,1406,1213,0,2619,4,-0.8606501360324351,1.094062649693429
168,1548432000,921,1265,344,2186,4,0.1507922883531694,0.648957991020811
168,1548446400,1123,2091,968,3214,4,1.9855018023549635,1.705696072118851
168,1548460800,515,992,477,1507,4,0.5418441559208595,-0.04902367927643534
168,1548475200,125,254,129,379,4,-0.4813592268878334,-1.2085572935552187
168,1548489600,127,175,48,302,4,-0.719518634955374,-1.287709854104391
168,1548504000,621,609,0,1230,4,-0.8606501360324351,-0.333767306187094
168,1548518400,844,981,137,1825,4,-0.45783731004165656,0.277866116238328
168,1548532800,865,1180,315,2045,4,0.06552533978577835,0.5040162892359631
168,1548547200,475,843,368,1318,4,0.22135803889169997,-0.24330723698804
168,1548561600,116,274,158,390,4,-0.3960922783204423,-1.197249784905337
168,1548576000,114,198,84,312,4,-0.6136700091475782,-1.2774303007863166
168,1548590400,596,613,17,1209,4,-0.8106660627343093,-0.35535436815505006
168,1548604800,817,1105,288,1922,4,-0.013861129570068525,0.37757778342364895
168,1548619200,672,1103,431,1775,4,0.40659313405534264,0.22646834964795642
168,1548633600,331,567,236,898,4,-0.16675358907021803,-0.6750484763471615
168,1548648000,56,115,59,171,4,-0.6871759992918809,-1.4223720025711646
168,1548662400,494,515,21,1009,4,-0.7989051043112209,-0.5609454345165364
168,1548676800,1292,1251,0,2543,4,-0.8606501360324351,1.0159380444760642
168,1548691200,777,1108,331,1885,4,0.11256917347813204,0.33954343614677396
168,1548705600,1042,2219,1177,3261,4,2.600011879961334,1.7540099727138003
168,1548720000,329,1253,924,1582,5,1.3903196344244277,-0.009288516077293443
168,1548734400,49,164,115,213,5,-0.632905366152608,-1.4296903708970214
168,1548748800,582,584,2,1166,5,-0.9155066332294992,-0.4409080716689712
168,1548763200,1431,1229,0,2660,5,-0.9205084255671433,1.109187159229987
168,1548777600,791,1144,353,1935,5,-0.03769207797296081,0.35696557797045236
168,1548792000,1082,2240,1158,3322,5,1.9755293379287868,1.7960432789455896
168,1548806400,383,1443,1060,1826,5,1.7304415133842261,0.2438729540293637
168,1548820800,44,187,143,231,5,-0.5628802734255905,-1.4110145247416124
168,1548835200,538,512,0,1050,5,-0.9205084255671433,-0.5612635246704968
168,1548849600,1366,1316,0,2682,5,-0.9205084255671433,1.1320131934199313
168,1548864000,762,1223,461,1985,5,0.23240470825982024,0.40884292840214437
168,1548878400,988,2151,1163,3139,5,1.988033818772897,1.6061721763655967
168,1548892800,293,1238,945,1531,5,1.4428384539696908,-0.06220341351761932
168,1548907200,39,193,154,232,5,-0.535370415568548,-1.4099769777329785
168,1548921600,463,526,63,989,5,-0.7629519669313544,-0.6245538921971611
168,1548936000,1239,1117,0,2356,5,-0.9205084255671433,0.7937728686052993
168,1548950400,696,991,295,1687,5,-0.1827440557646395,0.09965391982925983
168,1548964800,929,1930,1001,2859,5,1.5828886394237254,1.3156590139481212
168,1548979200,318,1379,1061,1697,5,1.7329424095530481,0.11002938991559824
168,1548993600,42,238,196,280,5,-0.43033277647802215,-1.3601747213185542
168,1549008000,447,430,0,877,5,-0.9205084255671433,-0.7407591571641512
168,1549022400,1415,1247,0,2662,5,-0.9205084255671433,1.1112622532472547
168,1549036800,821,1236,415,2057,5,0.11736348449400609,0.4835463130237809
168,1549051200,1075,1982,907,3057,5,1.347804399554453,1.5210933216576217
168,1549065600,352,906,554,1258,5,0.46498805196027054,-0.34545374687465785
168,1549080000,74,215,141,289,5,-0.5678820657632346,-1.3508367982408496
168,1549094400,126,207,81,333,5,-0.7179358358925575,-1.3051847298609607
168,1549108800,720,717,0,1437,5,-0.9205084255671433,-0.15973283232920035
168,1549123200,954,980,26,1934,5,-0.8554851251777701,0.3559280309618185
168,1549137600,897,1393,496,2290,5,0.3199360741685919,0.7252947660354658
168,1549152000,388,815,427,1203,5,0.14737423851987064,-0.4025188323495191
168,1549166400,63,205,142,268,5,-0.5653811695944126,-1.3726252854221603
168,1549180800,86,198,112,284,5,-0.640408054659074,-1.3560245332840188
168,1549195200,573,571,0,1144,5,-0.9205084255671433,-0.4637341058589157
168,1549209600,868,1172,304,2040,5,-0.1602359902452411,0.46590801387700564
168,1549224000,616,1254,638,1870,5,0.6750633301413225,0.2895250224092527
168,1549238400,291,656,365,947,5,-0.0076813239470962455,-0.6681308665597824
168,1549252800,39,131,92,170,5,-0.690425978035515,-1.4743048922682767
168,1549267200,469,523,54,992,5,-0.7854600324507527,-0.6214412511712595
168,1549281600,1386,1281,0,2667,5,-0.9205084255671433,1.1164499882904237
168,1549296000,802,1129,327,1931,5,-0.10271537836233402,0.352815389935917
168,1549310400,1202,2486,1284,3688,5,2.2906422552003645,2.1757854841055755
168,1549324800,434,1087,653,1521,6,1.028889192211957,-0.05867981745594533
168,1549339200,71,122,51,193,6,-0.7720238404524397,-1.3633902792465833
168,1549353600,516,497,0,1013,6,-0.9245928847479284,-0.5577708675987496
168,1549368000,1426,1203,0,2629,6,-0.9245928847479284,1.0298888509657615
168,1549382400,877,1185,308,2062,6,-0.003195519198702289,0.4728325016921986
168,1549396800,1154,2193,1039,3347,6,2.1836274490366367,1.7352970675061818
168,1549411200,442,1277,835,1719,6,1.5733512718546816,0.13584779657609256
168,1549425600,69,148,79,217,6,-0.6882604435843283,-1.339811174515427
168,1549440000,623,538,0,1161,6,-0.9245928847479284,-0.41236638842328693
168,1549454400,1502,1364,0,2866,6,-0.9245928847479284,1.2627325101859281
168,1549468800,882,1163,281,2045,6,-0.08396736617866692,0.45613063584096303
168,1549483200,1226,2200,974,3426,6,1.989176706307092,1.8129116205795708
168,1549497600,416,1074,658,1490,6,1.043846941652691,-0.08913616106702198
168,1549512000,70,109,39,179,6,-0.8079224391102018,-1.3771447570064244
168,1549526400,496,572,76,1068,6,-0.6972350932487688,-0.5037354192565169
168,1549526921,52,100,48,152,6,-0.7809984901168802,-1.403671249828975
168,1549540800,1401,1302,0,2703,6,-0.9245928847479284,1.102591090553493
168,1549555200,894,1238,344,2132,6,0.10450027677458389,0.5416048904914039
168,1549569600,1152,2226,1074,3378,6,2.288331695121776,1.7657534111172586
168,1549584000,500,1218,718,1718,6,1.2233399349415013,0.13486533387896105
168,1549598400,68,142,74,210,6,-0.7032181930250624,-1.3466884133953476
168,1549612800,465,512,47,977,6,-0.783990040005027,-0.5931395246954838
168,1549627200,1341,1370,29,2711,6,-0.8378379379916702,1.110450792130545
168,1549641600,930,1345,415,2275,6,0.3169003188330094,0.6820970561812091
168,1549656000,1228,2098,870,3326,6,1.6780555179398209,1.7146653508664202
168,1549670400,443,1004,561,1447,6,0.7536666025024478,-0.13138205704367667
168,1549684800,75,237,162,312,6,-0.4399618028681407,-1.2464772182879342
168,1549699200,128,214,86,342,6,-0.6673195943673004,-1.217003337373989
168,1549713600,642,686,44,1328,6,-0.7929646896694675,-0.2482951180023257
168,1549728000,927,1178,251,2105,6,-0.17371386282307205,0.5150783976688533
168,1549742400,910,1321,411,2231,6,0.304934119280422,0.6388686975074228
168,1549756800,458,901,443,1359,6,0.40066371570112086,-0.21783877439124907
168,1549771200,71,257,186,328,6,-0.36816460555261654,-1.23075781513383
168,1549785600,83,187,104,270,6,-0.6134716963806572,-1.2877406515674574
168,1549800000,573,557,0,1130,6,-0.9245928847479284,-0.44282273203436356
168,1549814400,845,1110,265,1955,6,-0.13183216438901632,0.36770899309912763
168,1549828800,679,1247,568,1926,6,0.7746074517194756,0.33921757488231397
168,1549843200,226,657,431,883,6,0.3647651170433588,-0.6854910182258452
168,1549857600,27,103,76,130,6,-0.6972350932487688,-1.425285429165868
168,1549871673,327,265,0,592,6,-0.9245928847479284,-0.971387663091113
168,1549872000,485,513,28,998,6,-0.8408294878798169,-0.5725078080557222
168,1549886400,1339,1130,0,2469,6,-0.9245928847479284,0.8726948194247209
168,1549900800,820,1139,319,1959,6,0.029711529570912932,0.3716388438876536
168,1549915200,1109,2161,1052,3270,6,2.2225175975825455,1.659647439827056
168,1549929600,346,909,563,1255,7,0.7876635332496723,-0.2989015846550579
168,1549944000,44,101,57,145,7,-0.8198871638234128,-1.4518712914744187
168,1549958400,502,512,10,1014,7,-0.9692051139468021,-0.5492310435230453
168,1549972800,1313,1170,0,2483,7,-1.0009748905687998,0.9766360729793342
168,1549987200,734,1123,389,1857,7,0.23486942002691183,0.32640270679111805
168,1550001600,989,2065,1076,3054,7,2.4174530739581557,1.5697403095503748
168,1550016000,277,937,660,1214,7,1.0958303664830502,-0.3414887540060433
168,1550030400,368,117,0,485,7,-1.0009748905687998,-1.0987093992955155
168,1550044800,471,577,106,1048,7,-0.6642152583756239,-0.5139148543051549
168,1550059200,1898,1265,0,3163,7,-1.0009748905687998,1.682959857337141
168,1550073600,847,1251,404,2098,7,0.28252408495990844,0.5767321656591055
168,1550088000,1177,2249,1072,3426,7,2.4047451633093564,1.9561409680519986
168,1550102400,382,1182,800,1564,7,1.5406072391910184,0.022060252648710154
168,1550116800,40,121,81,161,7,-0.7436396999306182,-1.4352519083130586
168,1550131200,520,568,48,1088,7,-0.8484799627832107,-0.47236639640175454
168,1550145600,1411,1260,0,2671,7,-1.0009748905687998,1.171913825125316
168,1550160000,890,1188,298,2078,7,-0.0542355472332675,0.5559579367074052
168,1550174400,1251,2336,1085,3587,7,2.4460458729179537,2.123373511113185
168,1550188800,386,1050,664,1436,7,1.1085382771318493,-0.1108948126421711
168,1550203200,51,230,179,281,7,-0.43229588903504046,-1.3106065346028575
168,1550217600,473,503,30,976,7,-0.9056655607028066,-0.5887020785312757
168,1550232000,1400,1223,0,2623,7,-1.0009748905687998,1.1220556756412357
168,1550246400,958,1215,257,2173,7,-0.18449163138345817,0.6546355242279811
168,1550260800,1231,2052,821,3283,7,1.6073237700972136,1.807605231047342
168,1550275200,422,942,520,1364,7,0.651053493775082,-0.18568203686829182
168,1550289600,71,251,180,322,7,-0.4291189113728407,-1.268019365251872
168,1550304000,133,208,75,341,7,-0.7627015659038168,-1.248283847747757
168,1550318400,631,714,83,1345,7,-0.7372857446062187,-0.205417554372407
168,1550332800,884,1090,206,1974,7,-0.3465174921556466,0.4479319461585642
168,1550347200,868,1352,484,2220,7,0.5366822979358903,0.7034549622644766
168,1550361600,372,885,513,1257,7,0.6288146501396836,-0.29682416175988785
168,1550376000,73,288,215,361,7,-0.31792469319584865,-1.2275096187960566
168,1550390400,113,190,77,303,7,-0.7563476105794172,-1.2877548827559873
168,1550404800,556,580,24,1136,7,-0.9247274266760053,-0.4225082469176741
168,1550419200,801,1003,202,1804,7,-0.3592254028044457,0.2713510000691125
168,1550433600,666,1033,367,1699,7,0.1649759114585168,0.1622862980726865
168,1550448000,283,671,388,954,7,0.23169244236471204,-0.6115537303781459
168,1550462400,51,148,97,199,7,-0.6928080573354218,-1.3957808733048283
168,1550476800,194,268,74,462,7,-0.7658785435660166,-1.1225997625899706
168,1550491200,719,881,162,1600,7,-0.48630450929243657,0.05945386476177051
168,1550505600,850,1144,294,1994,7,-0.06694345788206658,0.4687061751102644
168,1550520000,813,1485,672,2298,7,1.1339540984294476,0.7844744551761074
168,1550534400,297,739,442,1036,8,0.38290143164214013,-0.5754707444891112
168,1550548800,42,96,54,138,8,-0.7208560384704181,-1.4724587479453737
168,1550563200,404,451,47,855,8,-0.7407691887044077,-0.756266767457467
168,1550577600,1343,1161,0,2504,8,-0.8744717688469082,0.890874900359211
168,1550592000,797,1114,317,1911,8,0.027309463178042746,0.29854317870045416
168,1550606400,1109,2200,1091,3309,8,2.229134931907734,1.694967709693611
168,1550620800,328,970,642,1298,8,0.951848581184696,-0.3137660040597785
168,1550635200,40,130,90,170,8,-0.6184455515527582,-1.4404948101830124
168,1550649600,442,450,8,892,8,-0.851713882865206,-0.7193084644197368
168,1550664000,1387,1149,0,2536,8,-0.8744717688469082,0.9228388381215723
168,1550678400,754,1082,328,1836,8,0.058601556402883316,0.22362769956991999
168,1550692800,944,1957,1013,2901,8,2.007245543586137,1.2874275032235052
168,1550707200,323,864,541,1187,8,0.6645302706657052,-0.4246409131729691
168,1550721600,56,125,69,181,8,-0.6781850022547264,-1.4295072065772008
168,1550736000,616,457,0,1073,8,-0.8744717688469082,-0.538512441451381
168,1550750400,1536,1203,0,2739,8,-0.8744717688469082,1.1256100683015515
168,1550764800,963,1097,134,2060,8,-0.4932771786533958,0.4473752639064487
168,1550779200,1148,2044,896,3192,8,1.674411461103742,1.5780995622499778
168,1550793600,378,1135,757,1513,8,1.2789931921716655,-0.09900829721891385
168,1550808000,46,145,99,191,8,-0.5928429298233431,-1.419518476026463
168,1550822400,410,462,52,872,8,-0.7265455099658438,-0.7392859255212126
168,1550824647,325,289,0,614,8,-0.8744717688469082,-0.9969951737302502
168,1550836800,1168,838,0,2006,8,-0.8744717688469082,0.3934361189324641
168,1550851200,878,1216,338,2094,8,0.08704891388001111,0.4813369477789575
168,1550865600,1214,1981,767,3195,8,1.3074405496487933,1.5810961814151991
168,1551484800,6423,9552,3129,15975,9,3.887780489718473,4.013133752878633
168,1551499200,69,235,166,304,9,-0.3079071800234339,-0.5102831455278014
168,1551513600,141,209,68,350,9,-0.44667781506720944,-0.49700529616740985
168,1551528000,640,645,5,1285,9,-0.5358875090239222,-0.22711857547249464
168,1551542400,821,1080,259,1901,9,-0.17621667942066735,-0.049310853602903444
168,1551556800,892,1172,280,2064,9,-0.14648011476842973,-0.0022610830432551266
168,1551571200,439,919,480,1358,9,0.13672526287192846,-0.20604720583535152
168,1551585600,69,278,209,347,9,-0.24701802383075688,-0.4978712428648267
168,1551600000,81,205,124,286,9,-0.3673803093279091,-0.5154788257123024
168,1551614400,591,587,0,1178,9,-0.5429676434649312,-0.25800400768036197
168,1551628800,887,964,77,1851,9,-0.4339335730733933,-0.06374329855985078
168,1551643200,609,1038,429,1647,9,0.06450789157363712,-0.12262767398419593
168,1551657600,196,510,314,706,9,-0.09833520056956883,-0.3942462880739448
168,1551672000,35,97,62,132,9,-0.45517397639642015,-0.5599307561797002
168,1551686400,375,427,52,802,9,-0.4693342452784381,-0.36653599375660595
168,1551700800,1174,1099,0,2273,9,-0.5429676434649312,0.058066536876784744
168,1551715200,775,1017,242,1792,9,-0.20028913652009778,-0.08077358360904864
168,1551729600,1018,2024,1006,3042,9,0.8815554060660705,0.2800375403146348
168,1551744000,309,841,532,1150,10,0.6680301992415644,-0.5622292789525131
168,1551758400,39,115,76,154,10,-0.6047627151908314,-1.5349803417840757
168,1551772800,525,568,43,1093,10,-0.696872728735281,-0.6178987674880543
168,1551787200,1371,1349,0,2720,10,-0.8168948675962306,0.971123300008886
168,1551801600,819,1240,421,2059,10,0.3582056082284154,0.3255525645353288
168,1551816000,1096,2307,1211,3403,10,2.5632635082319077,1.638180504741775
168,1551830400,352,1048,696,1400,10,1.125789054432163,-0.3180648555510164
168,1551844800,37,118,81,155,10,-0.5908066525325815,-1.5340036840904698
168,1551859200,506,558,52,1064,10,-0.6717518159504312,-0.6462218406026279
168,1551873600,1304,1317,13,2621,10,-0.7806091046847808,0.8744341883418933
168,1551888000,870,1218,348,2088,10,0.1544470934179661,0.35387563764990243
168,1551902400,1179,2330,1151,3509,10,2.3957907563329086,1.7417062202640095
168,1551916800,378,1070,692,1448,10,1.114624204305563,-0.27118528625792904
168,1551931200,46,96,50,142,10,-0.6773342410137312,-1.5467002341073477
168,1551945600,558,554,0,1112,10,-0.8168948675962306,-0.5993422713095405
168,1551960000,1456,1314,0,2770,10,-0.8168948675962306,1.0199561846891854
168,1551974400,845,1232,387,2077,10,0.2633043821523157,0.34313240302023656
168,1551988800,1166,2176,1010,3342,10,2.0022297893702596,1.5786043854318097
168,1552003200,408,1108,700,1516,10,1.1369539045587629,-0.20477256309272196
168,1552017600,54,184,130,238,10,-0.4540372384817319,-1.452941095521173
168,1552032000,487,524,37,1011,10,-0.713620003925181,-0.6979846983637452
168,1552046400,1367,1252,0,2619,10,-0.8168948675962306,0.8724808729546814
168,1552060800,971,1240,269,2211,10,-0.06605869658238317,0.4740045339634388
168,1552075200,1205,2103,898,3308,10,1.6896139858254609,1.5453980238492062
168,1552089600,398,1124,726,1522,10,1.2095254303816625,-0.19891261693108603
168,1552104000,85,286,201,371,10,-0.25586114873458254,-1.3230456222715767
168,1552118400,204,254,50,458,10,-0.6773342410137312,-1.238076402927856
168,1552132800,1260,784,0,2044,10,-0.8168948675962306,0.310902699131239
168,1552147200,1680,1200,0,2880,10,-0.8168948675962306,1.1273885309858438
168,1552161600,1656,1452,0,3108,10,-0.8168948675962306,1.3500664851280089
168,1552176000,530,895,365,1425,10,0.20189770645601596,-0.2936484132108667
168,1552194000,94,316,222,410,10,-0.19724568556993274,-1.2849559722209432
168,1552208400,261,305,44,566,10,-0.6940815162036311,-1.1325973720184093
168,1552222800,989,625,0,1614,10,-0.8168948675962306,-0.10906010911933525
168,1552237200,1312,1212,0,2524,10,-0.8168948675962306,0.7796983920621127
168,1552251600,838,1038,200,1876,10,-0.25865236126623253,0.14682420660543324
168,1552266000,254,514,260,768,10,-0.09117960936723309,-0.93531251791
168,1552280400,30,79,49,109,10,-0.6801254535453811,-1.5789299379963453
168,1552294800,1100,1085,0,2185,10,-0.8168948675962306,0.4486114339296831
168,1552309200,1036,972,0,2008,10,-0.8168948675962306,0.2757430221614235
168,1552323600,989,1316,327,2305,10,0.0958316302533163,0.5658103571624016
168,1552338000,1022,2073,1051,3095,10,2.1166695031679095,1.337369935111131
168,1552352400,300,796,496,1096,11,0.46834049145689377,-0.5924415254940308
168,1552366800,34,103,69,137,11,-0.71882818328345,-1.610720938477242
168,1552381200,1157,1087,0,2244,11,-0.9106657443070653,0.6265206915077696
168,1552395600,1089,965,0,2054,11,-0.9106657443070653,0.4247760737113043
168,1552410000,1033,1427,394,2460,11,0.1847545316828538,0.8558724675290142
168,1552424400,1060,2189,1129,3249,11,2.2282415947604948,1.6936435382732828
168,1552438800,285,911,626,1196,11,0.8297735774434153,-0.48626014770641757
168,1552453200,32,79,47,111,11,-0.7799937824503999,-1.6383280967020215
168,1552467600,1206,1007,0,2213,11,-0.9106657443070653,0.5936044643936094
168,1552482000,1061,1080,19,2141,11,-0.8578409086628814,0.5171538723865279
168,1552496400,977,1453,476,2430,11,0.4127354013051212,0.8240180541927302
168,1552510800,1017,2309,1292,3326,11,2.681423079497441,1.7754031991697452
168,1552525200,258,826,568,1084,11,0.6685188160032749,-0.6051832908285444
168,1552539600,30,87,57,117,11,-0.7521912373745135,-1.6319572140347647
168,1552554000,1076,1058,0,2134,11,-0.9106657443070653,0.5097211759413949
168,1552568400,1098,1046,0,2144,11,-0.9106657443070653,0.5203393137201563
168,1552582800,1004,1531,527,2535,11,0.5545283811921412,0.9355085008697241
168,1552597200,1017,2084,1067,3101,11,2.05586581529,1.5364950991476152
168,1552611600,290,975,685,1265,11,0.9938085933911444,-0.4129949970329644
168,1552626000,38,138,100,176,11,-0.6326402935482026,-1.5693102011400728
168,1552640400,1054,995,0,2049,11,-0.9106657443070653,0.4194670048219237
168,1552654800,1010,999,0,2009,11,-0.9106657443070653,0.37699445370687834
168,1552669200,1042,1523,481,2565,11,0.42663667384306436,0.9673629142060082
168,1552683600,1007,1829,822,2836,11,1.3747034609307862,1.2551144480104401
168,1552698000,327,838,511,1165,11,0.5100443090707232,-0.5191763748205777
168,1552712400,38,175,137,213,11,-0.5297708767674234,-1.530023091358656
168,1552726800,209,343,134,552,11,-0.5381116402901893,-1.170068220658647
168,1552741200,786,735,0,1521,11,-0.9106657443070653,-0.14117066989667443
168,1552755600,938,1275,337,2213,11,0.026280024750302056,0.5936044643936094
168,1552770000,799,1243,444,2042,11,0.32376725706228515,0.4120343083767907
168,1552784400,327,793,466,1120,11,0.38493285622923495,-0.5669579948250036
168,1552798800,46,189,143,235,11,-0.5130893497218916,-1.5066631882453811
168,1552813200,245,227,0,472,11,-0.9106657443070653,-1.2550133228887377
168,1552827600,747,802,55,1549,11,-0.7577517463896908,-0.1114398841161427
168,1552842000,845,1134,289,1979,11,-0.10717219161395206,0.34514004037059437
168,1552856400,539,1132,593,1671,11,0.7380251786929907,0.01810139678474549
168,1552870800,263,514,251,777,11,-0.21282186290231989,-0.9311601206365171
168,1552885200,31,88,57,119,11,-0.7521912373745135,-1.6298335864790126
168,1552899600,1000,1046,46,2046,11,-0.7827740369579884,0.41628156348829526
168,1552914000,970,867,0,1837,11,-0.9106657443070653,0.19436248391218353
168,1552928400,964,1208,244,2172,11,-0.23228364445544028,0.550070099500688
168,1552942800,958,2153,1195,3111,11,2.411738392261344,1.5471132369263765
168,1552957200,257,1143,886,1400,12,1.3111111464195992,-0.25402612253404244
168,1552971600,38,130,92,168,12,-0.684640839649453,-1.6364753951888067
168,1552986000,1030,1019,0,2049,12,-0.9158866617128697,0.47422840502516367
168,1553000400,1033,952,0,1985,12,-0.9158866617128697,0.40241285839374735
168,1553014800,1019,1349,330,2368,12,-0.08641795213757088,0.8321840202661294
168,1553029200,1019,2134,1115,3153,12,1.8867121600339731,1.7130465844170952
168,1553043600,287,1333,1046,1620,12,1.7132777934864107,-0.007160180988548852
168,1553058000,29,154,125,183,12,-0.6016939686919232,-1.6196436264470684
168,1553072400,1039,1009,0,2048,12,-0.9158866617128697,0.4731062871090478
168,1553086800,1027,920,0,1947,12,-0.9158866617128697,0.3597723775813439
168,1553101200,992,1439,447,2431,12,0.20766640853003507,0.9028774489814299
168,1553115600,1049,2086,1037,3135,12,1.6906559195889026,1.6928484619270094
168,1553130000,320,1368,1048,1688,12,1.718304876574746,0.069143837307331
168,1553144400,29,155,126,184,12,-0.5991804271477555,-1.6185215085309526
168,1553158800,1005,999,0,2004,12,-0.9158866617128697,0.4237330987999491
168,1553173200,993,1076,83,2069,12,-0.7072627135469612,0.4966707633474813
168,1553187600,915,1437,522,2352,12,0.39618202434260297,0.8142301336082753
168,1553202000,900,2083,1183,2983,12,2.057632985037368,1.5222865386773956
168,1553216400,275,1268,993,1543,12,1.5800600916455294,-0.09356326052947161
168,1553230800,27,155,128,182,12,-0.5941533440594204,-1.6207657443631844
168,1553245200,929,1043,114,1972,12,-0.6293429256777665,0.3878253254842409
168,1553259600,986,1105,119,2091,12,-0.6167752179569286,0.5213573575020306
168,1553274000,984,1428,444,2412,12,0.20012578389753233,0.8815572085752281
168,1553288400,942,1873,931,2815,12,1.42422051590714,1.3337707287699279
168,1553302800,356,828,472,1184,12,0.27050494713422435,-0.49640359241507254
168,1553317200,39,143,104,182,12,-0.6544783411194421,-1.6207657443631844
168,1553331600,221,331,110,552,12,-0.6393970918544367,-1.2055821154003088
168,1553346000,715,743,28,1458,12,-0.8455074984761777,-0.18894328339932143
168,1553360400,893,980,87,1873,12,-0.6972085473702909,0.2767356517887688
168,1553374800,741,1019,278,1760,12,-0.21712211243428464,0.14993632726767436
168,1553389200,335,744,409,1079,12,0.11215182985166731,-0.61422597360724
168,1553403600,30,179,149,209,12,-0.5413689716319015,-1.5904685606280555
168,1553418000,168,231,63,399,12,-0.7575335444303126,-1.3772661565660385
168,1553432400,689,636,0,1325,12,-0.9158866617128697,-0.3381849662427335
168,1553446800,824,1027,203,1851,12,-0.4056377282468525,0.2520490576342194
168,1553461200,530,1002,472,1532,12,0.27050494713422435,-0.10590655760674629
168,1553475600,223,522,299,745,12,-0.16433774000676563,-0.9890133575899439
168,1553490000,31,72,41,103,12,-0.8128314584019992,-1.7094130597363388
168,1553504400,980,1040,60,2020,12,-0.7650741690628153,0.44168698545780316
168,1553518800,958,928,0,1886,12,-0.9158866617128697,0.29132318469827523
168,1553533200,898,1345,447,2243,12,0.20766640853003507,0.6919192807516444
168,1553547600,906,2219,1313,3125,12,2.3843933857791524,1.6816272827658505
168,1553562000,362,694,332,1056,13,0.06388231070595389,-0.56590827467037
168,1553576400,43,146,103,189,13,-0.5990200195445008,-1.451253946509497
168,1553590800,1089,1008,0,2097,13,-0.8971813296571508,0.49711922750325305
168,1553605200,1051,925,0,1976,13,-0.8971813296571508,0.3735588742246667
168,1553619600,969,1452,483,2421,13,0.5009925808711009,0.8279750495054182
168,1553634000,983,2332,1349,3315,13,3.007863401818235,1.7408920398447256
168,1553648400,383,837,454,1220,13,0.4170442508393839,-0.3984380437803852
168,1553662800,44,105,61,149,13,-0.7206003595904358,-1.492100344287542
168,1553677200,803,587,0,1390,13,-0.8971813296571508,-0.22484085322369363
168,1553691600,2067,2053,0,4120,13,-0.8971813296571508,2.562925795127883
168,1553706000,991,1408,417,2399,13,0.30993776079891744,0.8055095307274934
168,1553720400,975,2102,1127,3077,13,2.365224461575436,1.4978559730653573
168,1553734800,485,870,385,1355,13,0.2173051207639194,-0.26058145127948307
168,1553749200,51,123,72,174,13,-0.6887578895784052,-1.466571345676264
168,1553763600,1121,1029,0,2150,13,-0.8971813296571508,0.5512407045591627
168,1553778000,1033,1028,0,2061,13,-0.8971813296571508,0.4603574695030125
168,1553792400,995,1392,397,2387,13,0.2520423607770437,0.7932556113940799
168,1553806800,1025,2304,1279,3329,13,2.805229501741677,1.7551882790670414
168,1553821200,414,939,525,1353,13,0.6225729209170358,-0.2626237711683853
168,1553835600,44,79,35,123,13,-0.7958643796188717,-1.5186505028432713
168,1553850000,963,982,19,1945,13,-0.8421806996363707,0.34190291594668176
168,1553864400,975,975,0,1950,13,-0.8971813296571508,0.34700871566893743
168,1553878800,1010,1655,645,2665,13,0.9699453210482785,1.077138075951493
168,1553893200,969,1857,888,2826,13,1.6733744313140446,1.2415448270081246
168,1553907600,323,806,483,1129,13,0.5009925808711009,-0.4913635987254377
168,1553922000,36,177,141,213,13,-0.48901875950294066,-1.42674610784267
168,1553936400,262,309,47,571,13,-0.7611271396057474,-1.0611708477291666
168,1553950800,810,814,4,1624,13,-0.885602249652776,0.014110573777870053
168,1553965200,923,1139,216,2062,13,-0.271911009420914,0.4613786294474636
168,1553979600,785,1129,344,1914,13,0.09861955071907816,0.31024695766869687
168,1553994000,332,830,498,1162,13,0.5444141308875062,-0.4576653205585506
168,1554008400,39,192,153,231,13,-0.4542815194898164,-1.4083652288425497
168,1554022800,164,297,133,461,13,-0.5121769195116902,-1.1734984416187906
168,1554037200,679,722,43,1401,13,-0.7727062196101222,-0.21360809383473123
168,1554051600,734,1088,354,1822,13,0.12756725073001504,0.21630024277919319
168,1554066000,553,948,395,1501,13,0.24625282077485627,-0.11149209938961856
168,1554080400,180,451,271,631,13,-0.11269865936076112,-0.9999012510620989
168,1554094800,33,114,81,147,13,-0.662704959568562,-1.4941426641764444
168,1554109200,1079,1056,0,2135,13,-0.8971813296571508,0.5359233053923959
168,1554123600,933,1012,79,1945,13,-0.6684944995707494,0.34190291594668176
168,1554138000,920,1438,518,2358,13,0.60230953090938,0.7636419730049971
168,1554141393,306,565,259,871,13,-0.14743589937388538,-0.7548228643938285
168,1554141461,216,380,164,596,13,-0.4224390494777858,-1.0356418491178885
168,1554152400,732,1615,883,2347,13,1.6589005813085762,0.7524092136160347
168,1554166800,257,1166,909,1423,14,1.0265044030907673,-0.2782766546369076
168,1554181200,29,162,133,191,14,-0.569079466212476,-1.4774944254044027
168,1554190238,311,336,25,647,14,-0.7911452624557109,-1.0336281076527973
168,1554195600,857,778,0,1635,14,-0.8425493819564597,-0.07191775252431919
168,1554210000,1064,1209,145,2273,14,-0.5444054888521166,0.5491057359088479
168,1554224400,996,1357,361,2353,14,-0.10027389636564675,0.6269770197249189
168,1554238800,697,1371,674,2068,14,0.5433056797837285,0.34956057113016564
168,1554253200,1270,3485,2215,4755,14,3.7118556058098857,2.9650623163024536
168,1554267600,26,145,119,171,14,-0.5978657731328954,-1.4969622463584205
168,1554282000,1139,1107,0,2246,14,-0.8425493819564597,0.5228241776209239
168,1554296400,1127,971,0,2098,14,-0.8425493819564597,0.3787623025611923
168,1554310800,1054,1537,483,2591,14,0.15057820679800749,0.8586440890777305
168,1554325200,1027,2234,1207,3261,14,1.639241507539693,1.510816091037326
168,1554339600,277,1483,1206,1760,14,1.6371853427596632,0.04975612843829192
168,1554354000,29,170,141,199,14,-0.5526301479722363,-1.4697072970227956
168,1554368400,1133,1061,0,2194,14,-0.8425493819564597,0.47220784314047765
168,1554382800,1071,964,0,2035,14,-0.8425493819564597,0.31743866655603636
168,1554397200,1066,1497,431,2563,14,0.043657638236449935,0.8313891397421056
168,1554411600,1098,2305,1207,3403,14,1.639241507539693,1.6490376198108523
168,1554426000,328,1520,1192,1848,14,1.608399035839244,0.13541454063597014
168,1554440400,31,186,155,217,14,-0.523843841051817,-1.4521862581641796
168,1554454800,969,1004,35,1973,14,-0.7705836146554114,0.25708842159858125
168,1554469200,1026,1023,0,2049,14,-0.8425493819564597,0.3310661412238488
168,1554483600,955,1622,667,2577,14,0.5289125263235188,0.845016614409918
168,1554498000,911,1937,1026,2848,14,1.2670756823542717,1.1088055883368588
168,1554512400,265,846,581,1111,14,0.35208235524094283,-0.5819746615195849
168,1554526800,33,134,101,167,14,-0.6348767391734345,-1.500855810549224
168,1554541200,243,329,86,572,14,-0.6657192108738837,-1.106632436230364
168,1554555600,713,771,58,1484,14,-0.7232918247147224,-0.2188998007271534
168,1554570000,855,1102,247,1957,14,-0.33467668128906136,0.241514164835367
168,1554584400,731,1213,482,1944,14,0.14852204201797753,0.22886008121525545
168,1554598800,277,768,491,1045,14,0.1670275250382471,-0.6462184706678435
168,1554613200,38,214,176,252,14,-0.480664380671188,-1.4181175714946483
168,1554627600,155,236,81,391,14,-0.6760000347740335,-1.282816215864225
168,1554642000,732,694,0,1426,14,-0.8425493819564597,-0.2753564814938049
168,1554656400,741,1176,435,1917,14,0.05188229735656975,0.20257852292733147
168,1554670800,525,1071,546,1596,14,0.2801165879398945,-0.10988000338465384
168,1554685200,197,452,255,649,14,-0.31822736304882177,-1.0316813255573956
168,1554699600,27,84,57,111,14,-0.7253479894947524,-1.5553657092204738
168,1554714000,1085,1023,0,2108,14,-0.8425493819564597,0.3884962130382012
168,1554728400,976,895,0,1871,14,-0.8425493819564597,0.15780253473309058
168,1554742800,950,1378,428,2328,14,0.03748914389636008,0.6026422435323967
168,1554757200,955,2220,1265,3175,14,1.7584990647814305,1.4271044609350496
168,1554771600,247,728,481,975,15,0.4423424462090419,-0.519602261901981
168,1554786000,37,99,62,136,15,-0.7407386527414784,-1.3924375194516587
168,1554800400,1100,1119,19,2219,15,-0.8621527034690974,0.7745658672896747
168,1554814800,1081,984,0,2065,15,-0.9158007723952547,0.6143553432579102
168,1554829200,1016,1548,532,2564,15,0.5863451575371481,1.1334790542439521
168,1554843600,926,2136,1210,3062,15,2.500734143428444,1.6515624371518658
168,1554858000,271,793,522,1064,15,0.5581093317865391,-0.42701306294855873
168,1554872400,48,87,39,135,15,-0.8056810519678793,-1.393477847529787
168,1554886800,1147,1090,0,2237,15,-0.9158007723952547,0.7932917726959848
168,1554887548,71,29,0,100,15,-0.9158007723952547,-1.429889330264279
168,1554887632,103,68,0,171,15,-0.9158007723952547,-1.3560260367171668
168,1554901200,821,907,86,1728,15,-0.6729726709400167,0.26376478092865946
168,1554915600,962,1523,561,2485,15,0.6682290522139145,1.0512931360718132
168,1554930000,956,2235,1279,3191,15,2.6955613411076462,1.7857647592304218
168,1554944400,304,853,549,1157,15,0.6343460613131836,-0.33026255168262303
168,1554958800,45,107,62,152,15,-0.7407386527414784,-1.3757922702016054
168,1554972326,1023,942,0,1965,15,-0.9158007723952547,0.5103225354450761
168,1554973200,830,752,0,1582,15,-0.9158007723952547,0.11187688152192171
168,1554978527,551,455,0,1006,15,-0.9158007723952547,-0.48735209148000247
168,1554980047,105,123,18,228,15,-0.8649762860441584,-1.2967273362638514
168,1554987600,716,583,0,1299,15,-0.9158007723952547,-0.18253596458839869
168,1555002000,982,1407,425,2389,15,0.28422182200563106,0.9514216405714926
168,1555016400,1083,2210,1127,3293,15,2.266376789698388,1.8918782231995124
168,1555030800,282,873,591,1155,15,0.7529365294657417,-0.3323432078388797
168,1555045200,37,121,84,158,15,-0.6786198360901384,-1.3695503017328352
168,1555059600,954,1068,114,2022,15,-0.5939123588383113,0.5696212358983915
168,1555059813,21,8,0,29,15,-0.9158007723952547,-1.5037526238113912
168,1555074000,941,1095,154,2036,15,-0.48096905583587496,0.5841858289921883
168,1555088400,1019,1595,576,2614,15,0.7105827908398281,1.1854954581503692
168,1555102800,1410,2066,656,3476,15,0.9364693968447008,2.0822582614969987
168,1555117200,265,908,643,1173,15,0.8997628233689089,-0.3136173024325696
168,1555131600,33,201,168,234,15,-0.44143889978502227,-1.2904853677950814
168,1555146000,286,318,32,604,15,-0.8254461299933057,-0.9055639788875954
168,1555160400,834,889,55,1723,15,-0.7605037307669048,0.2585631405380177
168,1555174800,901,1311,410,2212,15,0.24186808337971744,0.7672835707427763
168,1555189200,757,1152,395,1909,15,0.1995143447538038,0.4520641630698891
168,1555203600,314,875,561,1189,15,0.6682290522139145,-0.2969720531825161
168,1555218000,45,334,289,379,15,-0.0997854082026524,-1.1396377964664721
168,1555232400,219,265,46,484,15,-0.7859159739424529,-1.0304033482629962
168,1555246800,660,684,24,1344,15,-0.8480347905937929,-0.13572120107262337
168,1555261200,716,1116,400,1832,15,0.21363225762910834,0.37195890105400686
168,1555275600,529,1230,701,1759,15,1.0635306127224415,0.296014951350638
168,1555290000,208,513,305,721,15,-0.05460808700167789,-0.7838455937465796
168,1555304400,21,98,77,119,15,-0.6983849141155648,-1.4101230967798406
168,1555318800,948,1102,154,2050,15,-0.48096905583587496,0.5987504220859851
168,1555333200,884,999,115,1883,15,-0.5910887762632503,0.4250156330385522
168,1555347600,897,1305,408,2202,15,0.2362209182295956,0.7568802899614929
168,1555356922,534,1157,623,1691,15,0.8432911718676908,0.22527264203791084
168,1555357013,734,2070,1336,2804,15,2.856505547886118,1.3831577929947538
168,1555362000,195,523,328,718,15,0.010334312224722992,-0.7869665779809646
168,1555376400,256,670,414,926,16,0.23314705503575464,-0.6490963371682202
168,1555390800,33,97,64,130,16,-0.7795118708771193,-1.5529354579767243
168,1555405200,1066,1142,76,2208,16,-0.7447921362743922,0.8065842568977373
168,1555419600,978,1086,108,2064,16,-0.6522061773337866,0.6430756722288622
168,1555434000,944,1428,484,2372,16,0.4356788402183294,0.9928023672150673
168,1555448400,982,2381,1399,3363,16,3.0830586036762715,2.1180593630960063
168,1555462800,248,803,555,1051,16,0.6411039366177982,-0.5071618018653772
168,1555477200,29,91,62,120,16,-0.7852984933109072,-1.5642902208009517
168,1555491381,947,1032,85,1979,16,-0.7187523353223468,0.546560188222929
168,1555491600,835,699,0,1534,16,-0.9646837887583305,0.04127324254480801
168,1555506000,994,1011,17,2005,16,-0.9154974980711338,0.5760825715659204
168,1555520400,940,1452,512,2392,16,0.5166915542913594,1.015511892863522
168,1555534800,1002,2155,1153,3157,16,2.3713040443203655,1.8841512489169212
168,1555549200,222,834,612,1056,16,0.8060226759807518,-0.5014844204532635
168,1555563600,26,117,91,143,16,-0.7013924680209833,-1.5381742663052285
168,1555578000,1041,1035,0,2076,16,-0.9646837887583305,0.6567013876179352
168,1555592400,955,1023,68,1978,16,-0.7679386260095435,0.5454247119405062
168,1555606800,943,1443,500,2386,16,0.48197181968863223,1.0086990351689857
168,1555621200,965,2133,1168,3098,16,2.4147037125737745,1.8171581482539794
168,1555635600,275,831,556,1106,16,0.643997247834692,-0.44471060633212633
168,1555650000,28,110,82,138,16,-0.7274322689730286,-1.5438516477173423
168,1555664400,613,651,38,1264,16,-0.8547379625163614,-0.2653053537093328
168,1555678800,886,992,106,1878,16,-0.6579927997675744,0.43187708369823186
168,1555693200,876,1486,610,2362,16,0.800236053546964,0.9814476043908399
168,1555707600,858,1446,588,2304,16,0.7365832067752976,0.9155899800103207
168,1555722000,359,716,357,1075,16,0.06822831567280088,-0.4799103710872314
168,1555736400,33,151,118,184,16,-0.6232730651648473,-1.491619738725896
168,1555750800,178,295,117,473,16,-0.6261663763817412,-1.1634670931057232
168,1555765200,615,709,94,1324,16,-0.6927125343703016,-0.19717677676396816
168,1555779600,752,959,207,1711,16,-0.36576836686128794,0.24225254453363365
168,1555794000,610,1133,523,1743,16,0.5485179776771926,0.2785877855711615
168,1555808400,318,682,364,1000,16,0.08848149419105837,-0.5650710922689371
168,1555822800,26,201,175,227,16,-0.45835432580189356,-1.4427942585817182
168,1555837200,182,223,41,405,16,-0.8460580288656796,-1.2406794803104697
168,1555851600,587,609,22,1196,16,-0.9010309419866641,-0.3425177409140794
168,1555866000,605,989,384,1594,16,0.14634771852893688,0.10940181949017264
168,1555880400,449,998,549,1447,16,0.6237440693164346,-0.057513194025970694
168,1555894800,183,515,332,698,16,-0.00410446474954725,-0.9079849295606057
168,1555909200,29,79,50,108,16,-0.8200182279136342,-1.5779159361900246
168,1555923600,842,802,0,1644,16,-0.9646837887583305,0.16617563361130983
168,1555938000,891,1017,126,1908,16,-0.6001265754296959,0.4659413721709142
168,1555952400,775,1240,465,2015,16,0.38070592709734485,0.5874373343901478
168,1555966800,746,1811,1065,2557,16,2.1166926572337,1.202865479463275
168,1555981200,193,606,413,799,17,0.2826451584872726,-0.7511910131438653
168,1555995600,26,87,61,113,17,-0.7288169983174588,-1.5384262586384294
168,1556010000,973,938,0,1911,17,-0.9040987925364606,0.524910434363358
168,1556024400,955,887,0,1842,17,-0.9040987925364606,0.44572788051623713
168,1556038800,888,1320,432,2208,17,0.3372411271784371,0.8657396878792262
168,1556053200,916,2040,1124,2956,17,2.325683776351375,1.7241244745117827
168,1556067600,242,834,592,1076,17,0.7969966529987695,-0.4333132245112206
168,1556082000,24,91,67,115,17,-0.7115761660991964,-1.536131112150107
168,1556096400,897,929,32,1826,17,-0.8121476873723941,0.4273667086096584
168,1556110800,978,1006,28,1984,17,-0.8236415755179024,0.6086832811871236
168,1556125200,819,1356,537,2175,17,0.6389556909980303,0.8278697708219075
168,1556139600,933,1958,1025,2891,17,2.0412100447500445,1.6495322136413066
168,1556154000,266,774,508,1040,17,0.555625001943095,-0.47462586130102286
168,1556168400,25,98,73,123,17,-0.6943353338809339,-1.5269505261968177
168,1556182800,915,919,4,1834,17,-0.8926049043909523,0.4365472945629478
168,1556197200,1009,1016,7,2025,17,-0.8839844882818211,0.6557337841977317
168,1556211600,919,1333,414,2252,17,0.2855186305236497,0.9162329106223177
168,1556226000,938,2056,1118,2994,17,2.3084429441331125,1.7677322577899073
168,1556240400,247,791,544,1038,17,0.6590699952526698,-0.4769210077893452
168,1556254800,26,125,99,151,17,-0.6196250609351299,-1.4948184753603049
168,1556269200,747,844,97,1591,17,-0.625372005007884,0.15768699623178295
168,1556283600,929,941,12,1870,17,-0.8696171280999356,0.47785993135274996
168,1556298000,776,1288,512,2064,17,0.5671188900886033,0.7004891407200173
168,1556312400,820,1703,883,2523,17,1.6331770155844993,1.2272252597899953
168,1556326800,261,758,497,1019,17,0.5240168095429472,-0.4987248994284075
168,1556341200,26,189,163,215,17,-0.4357228506069969,-1.4213737877339898
168,1556355600,266,371,105,637,17,-0.6023842287168674,-0.9370978786979752
168,1556370000,776,791,15,1567,17,-0.8609967119908044,0.13014523837191483
168,1556384400,877,1069,192,1946,17,-0.3523921615520616,0.565075497908999
168,1556398800,717,1121,404,1838,17,0.2567839101598789,0.4411375875395925
168,1556413200,287,814,527,1101,17,0.6102209706342595,-0.40462389340719135
168,1556427600,31,249,218,280,17,-0.2776818886062576,-1.3467815268635135
168,1556442000,212,222,10,434,17,-0.8753640721726899,-1.170055247262693
168,1556456400,685,717,32,1402,17,-0.8121476873723941,-0.05920434691467855
168,1556470800,765,1086,321,1851,17,0.018285731140581435,0.4560560397136877
168,1556485200,517,1006,489,1523,17,0.5010290332519305,0.07965201562882326
168,1556499600,179,502,323,681,17,0.024032675213335592,-0.8866046559548836
168,1556514000,22,83,61,105,17,-0.7288169983174588,-1.5476068445917186
168,1556523213,281,335,54,616,17,-0.7489313025720984,-0.9611969168253598
168,1556524639,180,159,0,339,17,-0.9040987925364606,-1.2790747054580045
168,1556528400,800,738,0,1538,17,-0.9040987925364606,0.09686561429124084
168,1556542800,932,916,0,1848,17,-0.9040987925364606,0.4526133199812042
168,1556557200,936,1446,510,2382,17,0.5613719460158492,1.0654174323632701
168,1556571600,947,2288,1341,3235,17,2.949227208245201,2.0442974096327498
168,1556586000,233,676,443,909,18,0.31317648603659703,-0.7500425361428119
168,1556600400,30,119,89,149,18,-0.6766849073290757,-1.5645367901850493
168,1556614800,1087,1115,28,2202,18,-0.847254243474008,0.6356693986948366
168,1556629200,994,1078,84,2072,18,-0.6906660004557096,0.4963480131349803
168,1556643600,964,1424,460,2388,18,0.3607122026671519,0.8350061503420159
168,1556658000,997,2182,1185,3179,18,2.3879707060290523,1.6827231963254496
168,1556672400,260,817,557,1077,18,0.6319454093238476,-0.5699964378808436
168,1556686800,33,104,71,137,18,-0.7270168425849575,-1.5773972257751898
168,1556700273,932,919,0,1851,18,-0.9255483649831573,0.2595016576832244
168,1556701200,821,707,0,1528,18,-0.9255483649831573,-0.08665840028472645
168,1556715600,1078,980,0,2058,18,-0.9255483649831573,0.48134417161314963
168,1556730000,985,1366,381,2351,18,0.13981093126633795,0.795353140605749
168,1556744400,1018,2216,1198,3234,18,2.4243215481583005,1.7416668594469273
168,1556758800,271,791,520,1062,18,0.5284853201867575,-0.5860719823685193
168,1556773200,26,127,101,153,18,-0.6431302838251546,-1.560249978321669
168,1556787600,1182,1051,0,2233,18,-0.9255483649831573,0.6688921906360332
168,1556802000,1013,1020,7,2033,18,-0.90597483460587,0.4545515974670234
168,1556816400,1007,1415,408,2422,18,0.21530883415016047,0.8714440511807475
168,1556830800,1075,2144,1069,3219,18,2.063609345491148,1.7255913149592517
168,1556845200,245,833,588,1078,18,0.7186281867089771,-0.5689247349149986
168,1556859600,27,111,84,138,18,-0.6906660004557096,-1.5763255228093447
168,1556874000,998,1064,66,2062,18,-0.7409979357115912,0.4856309834765298
168,1556888400,926,1090,164,2016,18,-0.4669685104295688,0.43633264704765756
168,1556902800,1046,1787,741,2833,18,1.1464496363839713,1.3119139701430627
168,1556917200,995,2035,1040,3030,18,1.9825190053566724,1.5230394544145374
168,1556931600,284,819,535,1103,18,0.5704285995666589,-0.5421321607688724
168,1556946000,278,454,176,732,18,-0.4334138869256477,-0.9397339610973856
168,1556960400,246,336,90,582,18,-0.673888688703749,-1.100489405974143
168,1556974800,731,824,93,1555,18,-0.6655000328277687,-0.057722420206910124
168,1556989200,826,1106,280,1932,18,-0.14260714989166473,0.34630959791667343
168,1557003600,694,902,208,1596,18,-0.3439348909151914,-0.013782598607263108
168,1557018000,316,831,515,1147,18,0.5145042270601237,-0.49497723027169016
168,1557032400,36,178,142,214,18,-0.5284853201867575,-1.494876097405121
168,1557046800,172,232,60,404,18,-0.7577752474635517,-1.2912525338945617
168,1557061200,634,694,60,1328,18,-0.7577752474635517,-0.30099899345373626
168,1557075600,674,947,273,1621,18,-0.16218068026895205,0.01300997553886312
168,1557090000,498,874,376,1372,18,0.12582983813970416,-0.2538440629565541
168,1557104400,162,371,209,533,18,-0.3411386722898646,-1.1530028513005504
168,1557118800,19,67,48,86,18,-0.7913298709674729,-1.6320540770332874
168,1557133200,1054,1117,63,2171,18,-0.7493865915875715,0.6024466067536401
168,1557147600,915,1015,100,1930,18,-0.6459265024504814,0.3441661919849833
168,1557162000,943,1369,426,2312,18,0.26564076940604214,0.7535567249377921
168,1557176400,927,2222,1295,3149,18,2.695554754814996,1.6505721073500983
168,1557190800,213,655,442,868,19,0.27307355981792414,-0.7571685212060808
168,1557205200,25,113,88,138,19,-0.6851652146387421,-1.5246502343830988
168,1557219600,1130,1051,0,2181,19,-0.9233714636562185,0.6232472176999803
168,1557234000,1013,947,0,1960,19,-0.9233714636562185,0.39090001412173236
168,1557248400,957,1422,465,2379,19,0.33533201126567364,0.8314134905890893
168,1557262800,974,2325,1351,3299,19,2.73363583660072,1.7986507181546463
168,1557277200,222,783,561,1005,19,0.5951933738301933,-0.6131342818838186
168,1557291600,24,109,85,133,19,-0.6932858822188833,-1.529906958445955
168,1557306000,1123,1130,7,2253,19,-0.9044232393025556,0.6989440442051108
168,1557320400,1083,989,0,2072,19,-0.9233714636562185,0.5086506331297133
168,1557334800,974,1466,492,2440,19,0.4084180194869448,0.895545524155936
168,1557349200,1111,2272,1161,3383,19,2.2193268898584413,1.886963682410632
168,1557363600,288,849,561,1137,19,0.5951933738301933,-0.47435676662441256
168,1557378000,34,107,73,141,19,-0.7257685525394483,-1.521496199945385
168,1557392400,1075,1136,61,2211,19,-0.7582512228600132,0.654787562077118
168,1557406800,981,1003,22,1984,19,-0.8638199014018494,0.41613228962344256
168,1557421200,974,1416,442,2390,19,0.27307355981792414,0.8429782835273731
168,1557435600,1021,2173,1152,3194,19,2.1949648871180174,1.6882595128346642
168,1557450000,240,867,627,1107,19,0.7738480605933006,-0.5058971110015503
168,1557464400,32,88,56,120,19,-0.7717856688269153,-1.5435744410093815
168,1557478800,1006,949,0,1955,19,-0.9233714636562185,0.3856432900588761
168,1557493200,1022,1005,0,2027,19,-0.9233714636562185,0.46134011656400664
168,1557507600,975,1517,542,2492,19,0.5437624791559654,0.9502154544096414
168,1557522000,1010,1905,895,2915,19,1.4992943644192513,1.3949343101272833
168,1557536400,350,907,557,1257,19,0.5843658170566717,-0.3481953891158617
168,1557550800,32,178,146,210,19,-0.5281656414226782,-1.4489534078779682
168,1557565200,304,335,31,639,19,-0.8394578986614256,-0.9979264832848989
168,1557579600,784,730,0,1514,19,-0.9233714636562185,-0.0779997722850485
168,1557594000,863,1152,289,2015,19,-0.1410804867692791,0.4487239788131515
168,1557608400,739,974,235,1713,19,-0.2872525032118214,0.13121784541663176
168,1557622800,279,787,508,1066,19,0.4517282465810314,-0.5490022483169719
168,1557637200,34,174,140,208,19,-0.5444069765829607,-1.4510560975031108
168,1557651600,160,244,84,404,19,-0.6959927714122638,-1.2449925142391443
168,1557666000,569,643,74,1212,19,-0.7230616633460679,-0.39550590568156824
168,1557680400,567,899,332,1466,19,-0.024684251453921315,-0.12846432328846885
168,1557694800,370,828,458,1198,19,0.31638378691201074,-0.41022473305756585
168,1557709200,161,474,313,635,19,-0.07611514612814917,-1.0021318625351838
168,1557723600,20,64,44,84,19,-0.8042683391474803,-1.5814228542619468
168,1557738000,986,1118,132,2104,19,-0.566062090130004,0.5422936671319935
168,1557752400,906,1028,122,1934,19,-0.5931309820638081,0.3635650489948797
168,1557766800,929,1413,484,2342,19,0.3867629059399015,0.7925137325239527
168,1557781200,812,2107,1295,2919,19,2.5820500417714167,1.3991396893775683
168,1557795600,205,691,486,896,20,0.4358964762291109,-0.8402096194032092
168,1557810000,34,85,51,119,20,-0.7483159580765928,-1.6065642050429512
168,1557824400,1101,1100,0,2201,20,-0.8871546572710546,0.4469110167098711
168,1557838800,1361,1047,0,2408,20,-0.8871546572710546,0.6510749796795321
168,1557853200,1308,1553,245,2861,20,-0.2201844356506008,1.0978685798015437
168,1557867600,950,2272,1322,3222,20,2.7117622120442104,1.4539226408259285
168,1557882000,229,789,560,1018,20,0.6373487064328398,-0.7198811001650515
168,1557896400,21,93,72,114,20,-0.6911470819376968,-1.6114957017330396
168,1557910800,1078,1043,0,2121,20,-0.8871546572710546,0.3680070696684562
168,1557925200,1408,1086,0,2494,20,-0.8871546572710546,0.735896722749053
168,1557939600,1386,1577,191,2963,20,-0.3671901171506192,1.1984711122793479
168,1557954000,1042,2132,1090,3174,20,2.0801822470811686,1.4065802726010794
168,1557968400,247,924,677,1171,20,0.9558610163495463,-0.5689773014483455
168,1557982800,30,125,95,155,20,-0.6285335509284297,-1.5710574288743144
168,1557997200,1116,1117,1,2233,20,-0.8844323298358691,0.478472595526437
168,1558011600,1419,1067,0,2486,20,-0.8871546572710546,0.7280063280449116
168,1558026000,1406,1665,259,3071,20,-0.18207185155800346,1.3049914407852579
168,1558040400,1057,2180,1123,3237,20,2.170019052442291,1.4687171308961937
168,1558054800,277,1096,819,1373,20,1.342431512145891,-0.3697448351687729
168,1558069200,31,128,97,159,20,-0.6230888960580586,-1.5671122315222437
168,1558083600,987,1035,48,2022,20,-0.7564829403821494,0.2703634352047053
168,1558098000,1394,1148,0,2542,20,-0.8871546572710546,0.783239090973902
168,1558112400,1394,1684,290,3078,20,-0.09767970106725216,1.3118955361513818
168,1558126800,1020,1973,953,2993,20,1.7072233884607515,1.2280600924198783
168,1558141200,317,885,568,1202,20,0.659127325914324,-0.5384020219697973
168,1558155600,44,202,158,246,20,-0.45702692251174154,-1.481304189114705
168,1558170000,329,378,49,707,20,-0.7537606129469638,-1.0266201942885518
168,1558184400,809,894,85,1703,20,-0.6557568252802849,-0.044266053622936535
168,1558198800,890,1147,257,2037,20,-0.1875165064283745,0.2851579252749706
168,1558213200,779,1161,382,1940,20,0.15277442296981622,0.18948688948725503
168,1558227600,319,786,467,1105,20,0.3841722549605859,-0.6340730577575128
168,1558242000,40,221,181,261,20,-0.39441339150247445,-1.4665096990444397
168,1558256400,217,287,70,504,20,-0.6965917368080679,-1.226838959906142
168,1558270800,683,757,74,1440,20,-0.6857024270673258,-0.30366277952158793
168,1558285200,811,1168,357,1979,20,0.08471623709017807,0.2279525636699448
168,1558299600,567,1128,561,1695,20,0.6400710338680253,-0.052156448327078025
168,1558314000,231,615,384,846,20,0.15821907784018727,-0.8895245863040934
168,1558328400,28,83,55,111,20,-0.7374266483358507,-1.6144545997470925
168,1558342800,1043,1041,0,2084,20,-0.8871546572710546,0.33151399416180183
168,1558357200,983,951,0,1934,20,-0.8871546572710546,0.18356909345914893
168,1558371600,956,1421,465,2377,20,0.37872760009021483,0.6204997002009838
168,1558386000,967,2162,1195,3129,20,2.3660266277756485,1.3621968023902837
168,1558400400,242,744,502,986,21,0.6631898521100349,-0.5043563676101463
168,1558414800,28,109,81,137,21,-0.7138090869469915,-1.432149359574787
168,1558429200,1071,1029,0,2100,21,-0.9787423745090322,0.7130304322115375
168,1558443600,1034,979,0,2013,21,-0.9787423745090322,0.6179562386886592
168,1558458000,1023,1461,438,2484,21,0.45385984712274346,1.1326682518987248
168,1558472400,1037,2234,1197,3271,21,2.936382875018903,1.9927072208930383
168,1558486800,342,975,633,1317,21,1.0916622060683971,-0.1426373094943677
168,1558501200,37,131,94,168,21,-0.671288929683948,-1.3982723480896233
168,1558515600,1070,1125,55,2195,21,-0.7988494014730787,0.8168470803112323
168,1558530000,1015,1084,69,2099,21,-0.7530584628821088,0.7119376253894355
168,1558544400,1040,1422,382,2462,21,0.27069609275886347,1.1086265018124797
168,1558558800,1100,2158,1058,3258,21,2.4817442704371295,1.9785007322057115
168,1558573200,307,926,619,1233,21,1.045871267477427,-0.23443308255093992
168,1558587600,25,121,96,146,21,-0.6647473670280951,-1.4223140981758684
168,1558602000,1052,1181,129,2233,21,-0.556811583206523,0.8583737395511102
168,1558616400,1026,1020,0,2046,21,-0.9787423745090322,0.6540188638180269
168,1558630800,1067,1480,413,2547,21,0.37209031392458275,1.201515081691154
168,1558645200,977,2117,1140,3094,21,2.7499483393270965,1.7992804133809754
168,1558659600,305,880,575,1185,21,0.9019568890486642,-0.28688781001183833
168,1558674000,32,134,102,166,21,-0.6451226790605366,-1.4004579617338275
168,1558688400,882,1004,122,1886,21,-0.5797070525020079,0.4791697722816988
168,1558702800,976,1054,78,2030,21,-0.7236214309307708,0.636533954664394
168,1558717200,1063,1598,535,2661,21,0.7711256359316071,1.3260950594107876
168,1558731600,934,1622,688,2556,21,1.2715551791043507,1.2113503430900725
168,1558746000,298,767,469,1065,21,0.5552540682884628,-0.41802462866408435
168,1558760400,33,157,124,190,21,-0.5731654898461551,-1.3742305980033782
168,1558774800,205,302,97,507,21,-0.6614765857001687,-1.0278108353970283
168,1558789200,668,601,0,1269,21,-0.9787423745090322,-0.1950920369552661
168,1558803600,734,994,260,1728,21,-0.12833922924816082,0.3065062943895749
168,1558818000,571,863,292,1434,21,-0.023674226754515113,-0.014778911308427845
168,1558832400,231,654,423,885,21,0.40479812720384706,-0.6147298566424534
168,1558846800,24,147,123,171,21,-0.5764362711740816,-1.3949939276233172
168,1558861200,164,186,22,350,21,-0.9067851852946508,-1.19938150646705
168,1558875600,600,572,0,1172,21,-0.9787423745090322,-0.301094298699165
168,1558890000,585,810,225,1395,21,-0.24281657572558582,-0.0573983773704078
168,1558904400,471,790,319,1261,21,0.06463686909949846,-0.20383449153208252
168,1558918800,192,498,306,690,21,0.02211671183645489,-0.8278271869523531
168,1558933200,25,103,78,128,21,-0.7236214309307708,-1.4419846209737053
168,1558947600,154,254,100,408,21,-0.6516642417163894,-1.1359987107851313
168,1558962000,537,507,0,1044,21,-0.9787423745090322,-0.4409735719282274
168,1558976400,601,919,318,1520,21,0.061366087771572035,0.07920247539234847
168,1558990800,450,856,406,1306,21,0.3491948446290978,-0.15465818453749025
168,1559005200,199,488,289,687,22,-0.6109371809574476,-1.2818492634504126
168,1559019600,25,75,50,100,22,-1.1441129262583396,-1.8304979282497473
168,1559034000,1092,1114,22,2206,22,-1.206577030310327,0.13790767322793387
168,1559048400,1053,1094,41,2147,22,-1.1641906739893355,0.08276240708967027
168,1559062800,963,1416,453,2379,22,-0.24507600008152183,0.299604809531656
168,1559077200,900,2199,1299,3099,22,1.6422322866320958,0.9725639895240257
168,1559091600,211,704,493,915,22,-0.15584156572153993,-1.0687455231194956
168,1559106000,44,80,36,124,22,-1.1753449782843333,-1.808065955583335
168,1559120400,1116,1136,20,2252,22,-1.2110387520283261,0.18090228750522416
168,1559134800,1036,1593,557,2629,22,-0.013066470745568853,0.533271191473451
168,1559149200,1036,2025,989,3061,22,0.9506654203422358,0.9370466994688729
168,1559163600,883,2044,1161,2927,22,1.334373488090158,0.8118015187480707
168,1559178000,273,809,536,1082,22,-0.05991454878455936,-0.9126563799823765
168,1559192400,28,73,45,101,22,-1.1552672305533374,-1.82956326272198
168,1559206800,1053,1093,40,2146,22,-1.166421534848335,0.08182774156190309
168,1559221200,1021,1663,642,2684,22,0.1765567022693927,0.5846777955006459
168,1559235600,1034,2033,999,3067,22,0.9729740289322313,0.9426546926354759
168,1559250000,928,2090,1162,3018,22,1.3366043489491577,0.8968560817748841
168,1559264400,238,839,601,1077,22,0.08509140705041125,-0.9173297076212124
168,1559278800,30,102,72,132,22,-1.0950339873603496,-1.8005886313611976
168,1559293200,966,1015,49,1981,22,-1.1463437871173392,-0.07239207051968162
168,1559307600,1053,1650,597,2703,22,0.07616796361441307,0.6024364405282223
168,1559322000,1116,2139,1023,3255,22,1.0265146895482204,1.1183718118557058
168,1559336400,1051,2219,1168,3270,22,1.3499895141031548,1.1323917947722135
168,1559350800,372,1520,1148,1892,22,1.305372296923164,-0.15557730249096063
168,1559365200,81,690,609,771,22,0.10293829392240764,-1.2033373591179695
168,1559379600,558,912,354,1470,22,-0.4659312251224771,-0.5500061552087107
168,1559394000,1228,1484,256,2712,22,-0.6845555893044327,0.610848430278127
168,1559408400,1553,2189,636,3742,22,0.16317153711539542,1.5735539238783225
168,1559422800,1330,2234,904,3564,22,0.7610422473272742,1.4071834599357644
168,1559437200,599,1977,1378,2576,22,1.81847029449306,0.4837339185017905
168,1559451600,69,631,562,700,22,-0.0019121664505711135,-1.2696986115894393
168,1559466000,371,581,210,952,22,-0.787175188818412,-1.0341628985921099
168,1559480400,1123,1249,126,2372,22,-0.974567500974374,0.29306215083728576
168,1559494800,1348,2164,816,3512,22,0.5647264917353141,1.358580852491871
168,1559509200,896,2193,1297,3089,22,1.6377705649140966,0.9632173342463538
168,1559523600,368,1440,1072,1808,22,1.1358268716391984,-0.23408920682340378
168,1559538000,50,266,216,316,22,-0.7737900236644146,-1.6286101742520365
168,1559552400,1010,1071,61,2081,22,-1.1195734568093445,0.02107448225703638
168,1559566800,1086,1045,0,2131,22,-1.255655969208317,0.06780775864539539
168,1559581200,1055,1428,373,2483,22,-0.4235448688014857,0.39681002441944274
168,1559595600,982,2260,1278,3242,22,1.5953842085931051,1.1062211599947325
168,1559610000,269,783,514,1052,23,0.6038725216095483,-0.5313422985462148
168,1559624400,28,127,99,155,23,-0.5805954272464873,-1.4656353757729945
168,1559638800,989,1006,17,1995,23,-0.8146348773818967,0.4508632441793742
168,1559641714,322,277,0,599,23,-0.8631552511904572,-1.0031759261757924
168,1559645382,267,255,0,522,23,-0.8631552511904572,-1.0833772271194515
168,1559653200,683,536,0,1219,23,-0.8631552511904572,-0.35739921727879875
168,1559667600,978,1429,451,2407,23,0.42406172455429475,0.8799922829947958
168,1559682000,984,2290,1306,3274,23,2.864351113161308,1.7830381001136566
168,1559696400,270,867,597,1137,23,0.8407661113807554,-0.4428083949071108
168,1559710800,23,121,98,144,23,-0.5834495668822849,-1.4770927044792315
168,1559722819,468,434,0,902,23,-0.8631552511904572,-0.6875785990858101
168,1559725200,1102,1109,7,2211,23,-0.8431762737398735,0.6758435169563913
168,1559739600,1411,1160,0,2571,23,-0.8631552511904572,1.05081063825142
168,1559754000,1253,1535,282,2788,23,-0.05828787389551253,1.276832486365368
168,1559768400,1053,2153,1100,3206,23,2.2763983481869867,1.7122109772023735
168,1559782800,283,780,497,1063,23,0.5553521478009878,-0.5198849698399778
168,1559797200,23,90,67,113,23,-0.6719278955920129,-1.5093815399240813
168,1559811600,980,1086,106,2066,23,-0.5606164497959035,0.5248150931014492
168,1559826000,1374,1138,0,2512,23,-0.8631552511904572,0.9893576933725126
168,1559840400,1307,1532,225,2839,23,-0.22097383313598007,1.3299528285488302
168,1559854800,1039,2169,1130,3208,23,2.3620225372609167,1.7142941278762347
168,1559869200,285,913,628,1198,23,0.9292444400904833,-0.3792722993543421
168,1559883600,29,117,88,146,23,-0.6119909632402617,-1.4750095538053702
168,1559898000,973,985,12,1958,23,-0.8289055755608851,0.41232495671294067
168,1559912400,1250,1112,0,2362,23,-0.8631552511904572,0.8331213928329173
168,1559926800,1345,1610,265,2955,23,-0.10680824770407302,1.450775567632784
168,1559941200,990,1783,793,2773,23,1.4001774799970998,1.2612088563114083
168,1559955600,320,848,528,1168,23,0.6438304765107158,-0.4105195594622611
168,1559970000,44,196,152,240,23,-0.4293260265492104,-1.3771014721338906
168,1559984400,274,286,12,560,23,-0.8289055755608851,-1.0437973643160874
168,1559998800,747,756,9,1503,23,-0.8374679944682781,-0.061591821590498336
168,1560013200,809,1122,313,1931,23,0.030190454814215433,0.3842024226158135
168,1560027600,680,1057,377,1737,23,0.2128553915052667,0.1821368072512703
168,1560042000,283,800,517,1083,23,0.6124349405169414,-0.4990534631013651
168,1560056400,42,185,143,227,23,-0.4550132832713895,-1.3906419515139887
168,1560070800,193,294,101,487,23,-0.5748871479748919,-1.1198323639120236
168,1560085200,662,678,16,1340,23,-0.8174890170176944,-0.23136860151019187
168,1560099600,687,1071,384,1758,23,0.23283436895585044,0.20400988932681363
168,1560114000,496,1014,518,1510,23,0.615289080152739,-0.05430079423198389
168,1560128400,214,591,377,805,23,0.2128553915052667,-0.7886114067680817
168,1560142800,38,76,38,114,23,-0.7546979450301455,-1.5083399645871507
168,1560157200,908,995,87,1903,23,-0.6148451028760593,0.3550383131817557
168,1560171600,839,911,72,1750,23,-0.6576571974130245,0.19567728663136855
168,1560186000,790,1257,467,2047,23,0.4697279587270575,0.5050251616997672
168,1560200400,771,1987,1216,2758,23,2.607478545939517,1.2455852262574487
168,1560214800,360,1174,814,1534,24,0.7656319416471309,-0.38980494461657644
168,1560229200,53,319,266,372,24,-0.40295122970673314,-1.7158703636860513
168,1560243600,1050,991,0,2041,24,-0.9701832070427328,0.18877953685349566
168,1560258000,1033,997,0,2030,24,-0.9701832070427328,0.17622642187091028
168,1560272400,926,1323,397,2249,24,-0.12360014312396636,0.426147529251474
168,1560286800,976,2243,1267,3219,24,1.7316322639524235,1.5331040322612766
168,1560301200,505,1746,1241,2251,24,1.6761885368443934,0.4284299137937622
168,1560315600,70,337,267,407,24,-0.4008187786641166,-1.675928634196007
168,1560330000,1067,1056,0,2123,24,-0.9701832070427328,0.28235730308731405
168,1560333171,367,278,0,645,24,-0.9701832070427328,-1.4043248736637048
168,1560340980,461,473,12,934,24,-0.9445937945313343,-1.0745203073030523
168,1560344400,762,518,0,1280,24,-0.9701832070427328,-0.6796677814871845
168,1560358800,1043,1434,391,2477,24,-0.13639484937966562,0.6863393670723348
168,1560373200,1099,2341,1242,3440,24,1.67832098788701,1.7853075241841285
168,1560387600,541,1552,1011,2093,24,1.1857247970425893,0.24812153495299025
168,1560402000,78,302,224,380,24,-0.4925141734966278,-1.7067408255168983
168,1560416400,1010,1037,27,2047,24,-0.9126070288920862,0.19562669048036044
168,1560430800,871,1083,212,1954,24,-0.5181035860080263,0.08949580926395667
168,1560445200,993,1351,358,2344,24,-0.20676573378601143,0.534560795010166
168,1560459600,989,2158,1169,3147,24,1.5226520617760027,1.4509381887388995
168,1560474000,451,1795,1344,2246,24,1.8958309942338971,0.42272395243804156
168,1560488400,55,336,281,391,24,-0.370964464067485,-1.694187710534313
168,1560502800,958,893,0,1851,24,-0.9701832070427328,-0.02804699466388836
168,1560517200,993,1064,71,2057,24,-0.8187791830169584,0.2070386131918017
168,1560531600,1031,1525,494,2556,24,0.08324760800983802,0.7764935564927208
168,1560546000,978,1719,741,2697,24,0.6099630155361234,0.9374016667240426
168,1561165200,8242,6912,0,15154,25,-1.1046694421433954,3.933401210972331
168,1561179600,71,504,433,575,25,0.048994450669900096,-0.6711480306179705
168,1561194000,515,736,221,1251,25,-0.5158479171740229,-0.45764399828961844
168,1561208400,1312,1291,0,2603,25,-1.1046694421433954,-0.030635933632914416
168,1561222800,1399,1857,458,3256,25,0.11560322046281554,0.17560390824639602
168,1561237200,1148,2115,967,3263,25,1.4717577734465739,0.17781474881784345
168,1561251600,538,1435,897,1973,25,1.2852532180264107,-0.2296115850631833
168,1561266000,49,420,371,469,25,-0.1161952984165302,-0.7046264735570316
168,1561280400,328,423,95,751,25,-0.8515561169303167,-0.615561181964435
168,1561294800,1197,1175,0,2372,25,-1.1046694421433954,-0.10359367249067968
168,1561309200,1260,1922,662,3182,25,0.6591307819730056,0.15223216506252318
168,1561323600,904,1930,1026,2834,25,1.6289544701578544,0.04232180522485084
168,1561338000,398,1084,686,1482,25,0.7230752009742044,-0.3846862594318532
168,1561352400,67,279,212,346,25,-0.5398270742994724,-0.7434741007410365
168,1561366800,992,937,0,1929,25,-1.1046694421433954,-0.24350829722656717
168,1561381200,1019,976,0,1995,25,-1.1046694421433954,-0.22266322898149138
168,1561395600,923,1279,356,2202,25,-0.15616056029227948,-0.1572855149401173
168,1561410000,942,2021,1079,2963,25,1.7701650621188352,0.08306443861295351
168,1561424400,480,1365,885,1845,26,1.4920325135346546,0.2308119294264309
168,1561438800,76,295,219,371,26,-0.3173463761120704,-1.5495400425311425
168,1561453200,986,986,0,1972,26,-0.9123223173022098,0.3842072485842408
168,1561467600,1057,1011,0,2068,26,-0.9123223173022098,0.5001596158216405
168,1561482000,994,1199,205,2193,26,-0.3553813677863259,0.6511392606620046
168,1561496400,887,1907,1020,2794,26,1.8587985046792612,1.3770493930544752
168,1561510800,481,1620,1139,2101,26,2.182095933910433,0.5400182420594966
168,1561525200,62,403,341,465,26,0.014101408477870267,-1.4360033496111888
168,1561539600,947,702,0,1649,26,-0.9123223173022098,-0.005924153683260027
168,1561554000,1424,1119,0,2543,26,-0.9123223173022098,1.073882266215024
168,1561568400,1297,1242,0,2539,26,-0.9123223173022098,1.0690509175801324
168,1561582800,953,2051,1098,3004,26,2.070707744007256,1.6306951963862868
168,1561597200,472,1439,967,1911,26,1.7148088933410082,0.3105291819021431
168,1561611600,61,352,291,413,26,-0.12173784750161361,-1.4988108818647803
168,1561626000,948,840,0,1788,26,-0.9123223173022098,0.16196521137922484
168,1561640400,1314,1079,0,2393,26,-0.9123223173022098,0.8927066924065871
168,1561654800,1156,1368,212,2524,26,-0.33636387194919815,1.0509333601992887
168,1561669200,998,2029,1031,3027,26,1.8886831409947475,1.6584754510369137
168,1561683600,456,1469,1013,1925,26,1.8397810088421334,0.3274389021242639
168,1561698000,62,424,362,486,26,0.0711538959892535,-1.4106387692780076
168,1561712400,864,760,0,1624,26,-0.9123223173022098,-0.03612008265133285
168,1561726800,1272,1018,0,2290,26,-0.9123223173022098,0.7682994650581271
168,1561741200,1253,1424,171,2677,26,-0.4477520618523749,1.2357324454838943
168,1561755600,970,1577,607,2547,26,0.7367662502887244,1.0787136148499157
168,1561770000,334,865,531,1199,26,0.530290581199909,-0.5494508751085708
168,1561784400,38,199,161,237,26,-0.4749199130482717,-1.711390221800013
168,1561798800,220,351,131,571,26,-0.556423466635962,-1.3079726107865601
168,1561813200,668,686,18,1354,26,-0.8634201851495956,-0.3622361155065193
168,1561827600,763,903,140,1666,26,-0.5319724005596549,0.01460907801502949
168,1561842000,616,862,246,1478,26,-0.2439931778831491,-0.21246430782487813
168,1561856400,309,730,421,1039,26,0.23144421804504448,-0.7427048205042368
168,1561870800,35,242,207,277,26,-0.3499477975471465,-1.6630767354510965
168,1561885200,193,267,74,460,26,-0.7112802184525736,-1.4420425354048034
168,1561899600,755,638,0,1393,26,-0.9123223173022098,-0.3151304663163257
168,1561914000,727,1043,316,1770,26,-0.05381821951187167,0.14022414252221244
168,1561928400,515,860,345,1375,26,0.024968548956228978,-0.3368715351733381
168,1561942800,224,650,426,874,26,0.24502814364299286,-0.9419979516935174
168,1561957200,37,114,77,151,26,-0.7031298630938047,-1.8152642174501834
168,1561971600,852,931,79,1783,26,-0.6976962928546252,0.15592602558561028
168,1561986000,958,947,0,1905,26,-0.9123223173022098,0.30328215894980565
168,1562000400,818,1166,348,1984,26,0.03311890431499801,0.3987012944889158
168,1562014800,888,1911,1023,2799,26,1.8669488600380302,1.3830885788480898
168,1562029200,275,1423,1148,1698,27,2.1930447833703433,0.23247609920786108
168,1562043600,45,479,434,524,27,0.1298929775066887,-1.2659463190589646
168,1562058000,921,734,0,1655,27,-1.1241796888025914,0.17759350637526014
168,1562072400,912,872,0,1784,27,-1.1241796888025914,0.34224128487306293
168,1562086800,845,1216,371,2061,27,-0.05214982889304553,0.695787289864469
168,1562101200,874,1924,1050,2798,27,1.9098670845263124,1.636449404227885
168,1562115600,261,1194,933,1455,27,1.5717875869268059,-0.07767436726474422
168,1562130000,55,438,383,493,27,-0.01747500862642948,-1.3055128394731652
168,1562144400,776,756,0,1532,27,-1.1241796888025914,0.020603764086657452
168,1562158800,881,832,0,1713,27,-1.1241796888025914,0.2516211897308614
168,1562173200,889,1424,535,2313,27,0.4217393814173737,1.0174248106508745
168,1562187600,843,1502,659,2345,27,0.7800458575057395,1.0582676704332752
168,1562202000,269,683,414,952,27,0.07210161039566196,-0.7196730694693552
168,1562216400,26,228,202,254,27,-0.5404868809812214,-1.6105579484729704
168,1562230800,202,288,86,490,27,-0.8756768102251765,-1.3093418575777653
168,1562245200,561,411,0,972,27,-1.1241796888025914,-0.6941462821053548
168,1562259600,550,701,151,1251,27,-0.6878548671143396,-0.33804759837754866
168,1562274000,532,635,103,1167,27,-0.8265541481808039,-0.4452601053063505
168,1562288400,191,731,540,922,27,0.4361872231951304,-0.7579632505153558
168,1562302800,29,146,117,175,27,-0.7861001912030852,-1.711388758560772
168,1562317200,383,494,111,877,27,-0.8034376013363932,-0.8153985220843568
168,1562331600,634,651,17,1285,27,-1.075057026758219,-0.29465205985874793
168,1562346000,751,1078,327,1829,27,-0.17929083653730435,0.3996765564420639
168,1562360400,626,1119,493,1745,27,0.30037751048421757,0.2924640495132621
168,1562374800,289,724,435,1013,27,0.13278254586224003,-0.6418163680091539
168,1562389200,74,521,447,595,27,0.1674573661288561,-1.175326223916763
168,1562403600,414,640,226,1054,27,-0.4711372404479894,-0.589486453912953
168,1562418000,873,930,57,1803,27,-0.9594742925361653,0.36649173286886333
168,1562432400,1130,1768,638,2898,27,0.7193649220391615,1.764083341047887
168,1562446800,959,1851,892,2810,27,1.453315284349201,1.6517654766462853
168,1562461200,415,1375,960,1790,27,1.649805932526692,0.34989932108226307
168,1562475600,50,424,374,474,27,-0.043481123826391514,-1.3297632874689655
168,1562490000,328,418,90,746,27,-0.8641185368029712,-0.9825989793185597
168,1562504400,995,1046,51,2041,27,-0.9768117026694734,0.6702605025004685
168,1562518800,1182,1703,521,2885,27,0.381285424439655,1.747490929261287
168,1562533200,859,1844,985,2703,27,1.7220451414154754,1.515197164248883
168,1562547600,426,1200,774,1626,27,1.1123462183941433,0.1405796646974595
168,1562562000,62,216,154,278,27,-0.6791861620476857,-1.5799258036361699
168,1562576400,951,983,32,1934,27,-1.0317135014249488,0.5336921901030662
168,1562590800,849,1000,151,1849,27,-0.6878548671143396,0.42520334380606434
168,1562605200,850,1214,364,2064,27,-0.07237680738190488,0.699616307969069
168,1562619600,849,1964,1115,2813,27,2.0976890276371494,1.6555944947508854
168,1562634000,218,657,439,875,28,-0.17089093129982175,-1.1564489949274017
168,1562648400,27,83,56,110,28,-1.0754488519608725,-1.9450875645340537
168,1562662800,1051,983,0,2034,28,-1.2077079735196685,0.03836421052895112
168,1562677200,981,1046,65,2027,28,-1.0541929217103518,0.031147909892027505
168,1562691600,901,1336,435,2237,28,-0.18033801141116432,0.24763692899973594
168,1562706000,961,2533,1572,3494,28,2.5049945102379603,1.5434783433730193
168,1562720400,299,1039,740,1338,28,0.5400018470787065,-0.679142252799454
168,1562734800,64,365,301,429,28,-0.4968151951411403,-1.6162304355085348
168,1562749200,1093,1093,0,2186,28,-1.2077079735196685,0.19506102435929246
168,1562763600,1067,1547,480,2614,28,-0.07405836015856042,0.6362862633026221
168,1562778000,930,1880,950,2810,28,1.0359735529241911,0.8383426811364832
168,1562792400,950,2067,1117,3017,28,1.4303891475727433,1.0517389999712243
168,1562806800,318,1009,691,1327,28,0.42427511571476,-0.690482153800334
168,1562821200,76,386,310,462,28,-0.4755592648906195,-1.582210732505895
168,1562835600,1063,968,0,2031,28,-1.2077079735196685,0.03527151025598386
168,1562850000,1083,1591,508,2674,28,-0.007928799379162453,0.6981402687619673
168,1562864400,939,1663,724,2602,28,0.5022135266333362,0.623915462210753
168,1562878800,1303,2015,712,3318,28,0.47387228629930844,1.3620399273589399
168,1562893200,389,857,468,1246,28,-0.10239960049258813,-0.7739850611704501
168,1562907600,93,309,216,402,28,-0.6975656475071699,-1.6440647379652402
168,1562922000,1267,914,0,2181,28,-1.2077079735196685,0.18990652390434704
168,1562936400,1446,1489,43,2935,28,-1.106151862322736,0.9672051925101193
168,1562950800,1381,1900,519,3281,28,0.018050670927029607,1.3238966239923435
168,1562965200,954,1748,794,2702,28,0.6675374285818311,0.7270054713096618
168,1562979600,375,1131,756,1506,28,0.5777901675240767,-0.5059510375132872
168,1562994000,56,562,506,618,28,-0.012652339434833737,-1.4213903183115972
168,1563008400,528,697,169,1225,28,-0.8085688388154451,-0.7956339630812209
168,1563022800,1258,1507,249,2765,28,-0.6196272365885936,0.7919521770419743
168,1563037200,1301,2062,761,3363,28,0.589599017663255,1.4084304314534488
168,1563051600,1166,1935,769,3101,28,0.60849317788594,1.1383346076143077
168,1563066000,525,1988,1463,2513,28,2.2475615772038755,0.5321653541127241
168,1563080400,78,488,410,566,28,-0.23938226210705535,-1.4749971230430297
168,1563094800,410,431,21,841,28,-1.15811080293512,-1.1914995980210306
168,1563109200,995,1132,137,2127,28,-0.8841454797061855,0.1342379189909363
168,1563123600,1054,1833,779,2887,28,0.6321108781642965,0.917721988142643
168,1563138000,794,2050,1256,2844,28,1.7586751814418975,0.8733932842301122
168,1563152400,316,1364,1048,1680,28,1.267427015652084,-0.32657442168118594
168,1563166800,55,233,178,288,28,-0.7873129085649242,-1.7615873483379962
168,1563181200,953,1035,82,1988,28,-1.014042831237146,-0.009057193656546919
168,1563195600,977,986,9,1963,28,-1.1864520432691477,-0.034829695931274114
168,1563210000,853,1310,457,2163,28,-0.1283790707987802,0.17135032226654345
168,1563224400,904,2191,1287,3095,28,1.8318900523048023,1.1321492070683732
168,1563238800,244,1000,756,1244,29,0.7267835408378611,-0.6587357609017015
168,1563253200,46,271,225,317,29,-0.5698108538318435,-1.8099709756852032
168,1563267600,957,970,13,1927,29,-1.0874718927583544,0.18947745560005863
168,1563282000,980,956,0,1936,29,-1.1192152583529047,0.2006544965202868
168,1563296400,863,1280,417,2143,29,-0.1009857619738712,0.4577264376855347
168,1563310800,909,2077,1168,2986,29,1.7328040504497597,1.50464260388024
168,1563325200,270,1036,766,1306,29,0.7512015143721305,-0.5817383678956851
168,1563339600,95,300,205,395,29,-0.6186468009003823,-1.7131032877098922
168,1563354000,954,1034,80,1988,29,-0.9238714700787496,0.265232955170494
168,1563368400,916,945,29,1861,29,-1.0484031351035235,0.10751248885171871
168,1563382800,828,1254,426,2082,29,-0.07900958579302875,0.38197093811509936
168,1563397200,846,2116,1270,2962,29,1.9818673804993077,1.4748371614262983
168,1563411600,224,906,682,1130,29,0.5460905366842677,-0.8003116125579249
168,1563426000,67,246,179,313,29,-0.6821335320894827,-1.8149385494275267
168,1563440400,1233,1060,0,2293,29,-1.1192152583529047,0.6440104530226709
168,1563454800,1514,1034,0,2548,29,-1.1192152583529047,0.9606932790958025
168,1563469200,1353,1275,0,2628,29,-1.1192152583529047,1.060044753942275
168,1563483600,985,2004,1019,2989,29,1.3689762447891458,1.5083682841869828
168,1563498000,281,1069,788,1350,29,0.8049210561475232,-0.5270950567301252
168,1563512400,72,311,239,383,29,-0.5356256908838664,-1.7280060089368632
168,1563526800,831,913,82,1744,29,-0.9189878753718957,-0.037789043111247506
168,1563541200,881,989,108,1870,29,-0.8555011441827953,0.11868952977194688
168,1563555600,874,1494,620,2368,29,0.39469910077179743,0.737152460691239
168,1563570000,549,1428,879,1977,29,1.0271246153093745,0.25157212737910406
168,1563584400,302,1073,771,1375,29,0.7634105011392652,-0.4960477208406025
168,1563598800,71,428,357,499,29,-0.24749360317948754,-1.5839463704094778
168,1563613200,620,704,84,1324,29,-0.9141042806650419,-0.5593842860552288
168,1563627600,1226,1249,23,2475,29,-1.063053919224085,0.8700350582983961
168,1563642000,1140,1758,618,2898,29,0.38981550606494353,1.39535598154912
168,1563656400,959,1861,902,2820,29,1.083285954438194,1.2984882935738093
168,1563670800,426,1457,1031,1883,29,1.398277813030269,0.1348341444344987
168,1563685200,49,512,463,561,29,0.01133691628376799,-1.5069489774034615
168,1563699600,375,532,157,907,29,-0.7358530738648753,-1.0772538486924674
168,1563714000,876,1143,267,2019,29,-0.46725536498791204,0.3037316516735022
168,1563728400,883,1637,754,2520,29,0.7218999461310072,0.925920262899537
168,1563742800,656,1926,1270,2582,29,1.9818673804993077,1.0029176559055533
168,1563757200,305,1237,932,1542,29,1.1565398750410023,-0.2886515170985909
168,1563771600,62,187,125,249,29,-0.8139905891745374,-1.8944197293047047
168,1563786000,913,957,44,1870,29,-1.0117761748021195,0.11868952977194688
168,1563800400,953,841,0,1794,29,-1.1192152583529047,0.02430562866779789
168,1563814800,806,1113,307,1919,29,-0.3695834708508345,0.1795423081154114
168,1563829200,677,1872,1195,2549,29,1.7987325789922872,0.9619351725313834
168,1563843600,239,1058,819,1297,30,1.106537266189158,-0.6675656654272495
168,1563858000,58,402,344,460,30,-0.06538068573915871,-1.458770516145067
168,1563872400,885,935,50,1820,30,-0.7907362180905799,-0.17318079454861324
168,1563879357,551,477,0,1028,30,-0.914096002504087,-0.9218477500665482
168,1563886800,629,396,0,1025,30,-0.914096002504087,-0.9246836097465403
168,1563888368,85,128,43,213,30,-0.8080065879084709,-1.692256296464423
168,1563901200,1069,1193,124,2262,30,-0.6081637371585896,0.24463586497023423
168,1563915600,1369,2364,995,3733,30,1.5407637073247027,1.6351523947263986
168,1563930000,450,1238,788,1688,30,1.0300541998527835,-0.29795862046826904
168,1563944400,58,375,317,433,30,-0.1319949693224525,-1.4842932532649966
168,1563958800,1277,1056,0,2333,30,-0.914096002504087,0.31175121073004913
168,1563973200,979,944,0,1923,30,-0.914096002504087,-0.07581627886888181
168,1563987600,1203,1301,98,2504,30,-0.6723108250536132,0.47339521248960326
168,1564002000,1092,2106,1014,3198,30,1.5876404254018353,1.1294240851277937
168,1564016400,360,1334,974,1694,30,1.4889525978710296,-0.2922869011082847
168,1564030800,63,382,319,445,30,-0.12706057794591222,-1.472949814545028
168,1564045200,975,967,0,1942,30,-0.914096002504087,-0.05785583422893136
168,1564059600,1014,873,0,1887,30,-0.914096002504087,-0.10984659502878795
168,1564074000,876,1213,337,2089,30,-0.0826510555570497,0.08110129009068534
168,1564088400,887,2101,1214,2988,30,2.081079563055863,0.9309139075283412
168,1564102800,279,1424,1145,1703,30,1.9108430605652236,-0.2837793220683082
168,1564117200,59,417,358,476,30,-0.030839946103376755,-1.4436459311851089
168,1564131600,996,847,0,1843,30,-0.914096002504087,-0.15143920366867322
168,1564146000,1407,1004,0,2411,30,-0.914096002504087,0.3854835624098457
168,1564160400,1331,1356,25,2687,30,-0.8524161102973334,0.6463826529691261
168,1564174800,1028,1734,706,2762,30,0.827744153414632,0.7172791449689305
168,1564189200,348,1191,843,1539,30,1.1657499627076413,-0.43880631790788055
168,1564203600,70,594,524,664,30,0.37871453814946654,-1.265932057905599
168,1564218000,465,762,297,1227,30,-0.1813388830878553,-0.733735724627067
168,1564232400,1521,1570,49,3091,30,-0.7932034137788501,1.0282784232080726
168,1564246800,2066,2077,11,4143,30,-0.8869568499331154,2.02271988432533
168,1564261200,1523,2271,748,3794,30,0.9313663723219779,1.6928148748862395
168,1564275600,565,1895,1330,2460,30,2.3672742628951995,0.43180260384971797
168,1564290000,67,384,317,451,30,-0.1319949693224525,-1.4672780951850437
168,1564304400,487,531,44,1018,30,-0.8055393922202008,-0.931300615666522
168,1564318800,1528,1316,0,2844,30,-0.914096002504087,0.7947926428887166
168,1564333200,1850,1998,148,3848,30,-0.5489510406401062,1.7438603491260989
168,1564347600,1401,2069,668,3470,30,0.7339907172603667,1.3865420294470845
168,1564362000,600,1358,758,1958,30,0.9560383292046793,-0.04273124926897308
168,1564376400,72,216,144,288,30,-0.5588198233931868,-1.6213598044646187
168,1564390800,1411,1003,0,2414,30,-0.914096002504087,0.3883194220898379
168,1564405200,1402,901,0,2303,30,-0.914096002504087,0.2833926139301273
168,1564419600,1331,1111,0,2442,30,-0.914096002504087,0.4147874457697649
168,1564434000,1296,2047,751,3343,30,0.9387679593867884,1.2664906363274155
168,1564448400,448,1096,648,1544,31,0.9270424549889295,-0.4795415561800967
168,1564462800,54,414,360,468,31,0.09726800497397517,-1.694886182263063
168,1564472466,477,356,0,833,31,-0.9399500575447177,-1.2826177914449564
168,1564477200,977,655,0,1632,31,-0.9399500575447177,-0.3801453414075121
168,1564491600,1334,968,0,2302,31,-0.9399500575447177,0.37662129379284787
168,1564506000,1248,1311,63,2559,31,-0.7584368966039465,0.6669034210264188
168,1564520400,1368,2151,783,3519,31,1.3159992284334394,1.751225764000069
168,1564534800,452,1220,768,1672,31,1.272781809161827,-0.33496524378361003
168,1564549200,74,383,309,457,31,-0.04967122054950632,-1.707310709109636
168,1564563600,1513,1049,0,2562,31,-0.9399500575447177,0.6702919283482115
168,1564578000,1477,1063,0,2540,31,-0.9399500575447177,0.6454428746550653
168,1564592400,1268,1335,67,2603,31,-0.7469122514648499,0.7166015284127111
168,1564606800,1138,2054,916,3192,31,1.6991936793084008,1.3818784659246695
168,1564621200,397,1237,840,1634,31,1.4802254216655657,-0.37788633652631703
168,1564635600,76,419,343,495,31,0.048288263132814674,-1.664389616366929
168,1564650000,1429,954,0,2383,31,-0.9399500575447177,0.4681109914812496
168,1564664400,1215,987,0,2202,31,-0.9399500575447177,0.26367104973309263
168,1564678800,898,1154,256,2052,31,-0.20237276864253612,0.09424568364345982
168,1564693200,1257,2088,831,3345,31,1.4542949701025984,1.554692339336095
168,1564707600,323,1354,1031,1677,31,2.0305272270574277,-0.3293177315806223
168,1564722000,54,381,327,435,31,0.0021896825764283253,-1.732159762802782
168,1564736400,835,881,46,1716,31,-0.807416638445107,-0.2852671363973177
168,1564750800,985,1034,49,2019,31,-0.7987731545907846,0.056972103103740596
168,1564765200,1333,1382,49,2715,31,-0.7987731545907846,0.8431058017596369
168,1564779600,1094,1564,470,2658,31,0.41419574629913136,0.7787241626455764
168,1565398800,7460,8330,870,15790,32,1.746140101721675,4.018623078424392
168,1565413200,69,502,433,571,32,0.24667088336548562,-0.5601111253585428
168,1565427600,403,682,279,1085,32,-0.2817461867188466,-0.4054709137319952
168,1565442000,1044,1032,0,2076,32,-1.2390732162872147,-0.10732217886446847
168,1565456400,1220,1537,317,2757,32,-0.1513575590356997,0.0975610587185645
168,1565470800,1010,1434,424,2444,32,0.21578936628263504,0.0033929921055111667
168,1565485200,497,1154,657,1651,32,1.015277530760878,-0.23518616707708082
168,1565499600,46,474,428,520,32,0.22951448498612417,-0.5754548039440562
168,1565514000,314,525,211,839,32,-0.5150732046781621,-0.47948159867388374
168,1565528400,1016,1003,0,2019,32,-1.2390732162872147,-0.12447099610710119
168,1565542800,1110,1290,180,2400,32,-0.621442874630203,-0.009844691380029877
168,1565557200,812,1246,434,2058,32,0.2501021630413579,-0.11273759483582617
168,1565571600,350,867,517,1217,32,0.5348983761387577,-0.365757863275372
168,1565586000,41,223,182,264,32,-0.6145803152784585,-0.6524740533144769
168,1565600400,826,843,17,1669,32,-1.1807414617973857,-0.22977075110572312
168,1565614800,795,896,101,1691,32,-0.8925139690241137,-0.2231519093629526
168,1565629200,779,1097,318,1876,32,-0.1479262793598274,-0.16749346743510957
168,1565643600,865,1997,1132,2862,32,2.6451353768002144,0.12915098521815108
168,1565658000,323,955,632,1278,33,1.5739980439179715,-0.03344518496425524
168,1565672400,62,333,271,395,33,0.27297719004477283,-0.8276166845939041
168,1565686800,1243,969,0,2212,33,-0.7036894343309525,0.8065957897289407
168,1565688087,130,64,0,194,33,-0.7036894343309525,-1.0083963804325897
168,1565701200,1145,941,0,2086,33,-0.7036894343309525,0.6932712042778244
168,1565715600,1010,1192,182,2202,33,-0.0477731035693953,0.7976017750105981
168,1565730000,1212,1956,744,3168,33,1.977638862848161,1.6664235968024903
168,1565744400,342,1085,743,1427,33,1.9740349269648556,0.10056563433904905
168,1565758800,59,309,250,368,33,0.19729453649536235,-0.8519005243334291
168,1565773200,1256,908,0,2164,33,-0.7036894343309525,0.7634245190808965
168,1565787600,957,881,0,1838,33,-0.7036894343309525,0.47021963926292865
168,1565802000,865,1191,326,2056,33,0.4711936636265621,0.6662891601227967
168,1565816400,1112,1990,878,3102,33,2.4605662712110656,1.6070630996614295
168,1565830800,396,1126,730,1522,33,1.9271837604818873,0.18600877416330347
168,1565845200,52,328,276,380,33,0.2909968694612991,-0.841107706671418
168,1565859600,1224,928,0,2152,33,-0.7036894343309525,0.7526317014188854
168,1565874000,1406,905,0,2311,33,-0.7036894343309525,0.8956365354405322
168,1565888400,1241,1271,30,2512,33,-0.5955713578317948,1.0764162312792178
168,1565902800,1336,1975,639,3311,33,1.5992255951011085,1.7950380072747891
168,1565917200,447,1120,673,1567,33,1.7217594151334872,0.226481840395845
168,1565931600,44,399,355,443,33,0.5757078042424146,-0.7844454139458598
168,1565946000,1068,725,0,1793,33,-0.7036894343309525,0.4297465730303871
168,1565960400,1279,908,0,2187,33,-0.7036894343309525,0.7841107529330843
168,1565974800,1232,1271,39,2503,33,-0.5631359348820475,1.0683216180327095
168,1565989200,1179,1607,428,2786,33,0.8387951237236986,1.3228522345618043
168,1566003600,439,649,210,1088,33,0.05313710116315198,-0.20433146461276405
168,1566018000,13,54,41,67,33,-0.555928063115437,-1.1226203673555404
168,1566032400,0,39,39,39,33,-0.5631359348820475,-1.1478036085668997
168,1566046800,0,11,11,11,33,-0.6640461396145947,-1.1729868497782587
168,1566061200,0,13,13,13,33,-0.6568382678479842,-1.1711880468345903
168,1566075600,0,12,12,12,33,-0.6604422037312895,-1.1720874483064245
168,1566090000,0,10,10,10,33,-0.6676500754979,-1.1738862512500932
168,1566104400,1,30,29,31,33,-0.5991752937151,-1.1549988203415738
168,1566118800,0,14,14,14,33,-0.653234331964679,-1.1702886453627561
168,1566133200,0,18,18,18,33,-0.6388185884314579,-1.166691039475419
168,1566147600,0,11,11,11,33,-0.6640461396145947,-1.1729868497782587
168,1566162000,0,14,14,14,33,-0.653234331964679,-1.1702886453627561
168,1566176400,0,12,12,12,33,-0.6604422037312895,-1.1720874483064245
168,1566190800,10,23,13,33,33,-0.6568382678479842,-1.1532000173979051
168,1566205200,1171,856,0,2027,33,-0.7036894343309525,0.6402065174396032
168,1566219600,1203,803,0,2006,33,-0.7036894343309525,0.6213190865310838
168,1566234000,1129,1066,0,2195,33,-0.7036894343309525,0.7913059647077584
168,1566248400,1121,1874,753,2995,33,2.0100742857979084,1.510827142175164
168,1566262800,339,959,620,1298,34,1.3513878044863663,0.0487144271552349
168,1566277200,53,264,211,317,34,0.011466320765338866,-0.8809436680971909
168,1566291600,1278,958,0,2236,34,-0.6797890168022327,0.9376229830642823
168,1566306000,1316,865,0,2181,34,-0.6797890168022327,0.8855014792529842
168,1566320400,1264,1143,0,2407,34,-0.6797890168022327,1.0996734767321363
168,1566334800,1428,1929,501,3357,34,0.9615328984648449,1.9999539971091032
168,1566349200,425,1149,724,1574,34,1.6921013357992927,0.3102696099173853
168,1566363600,54,210,156,264,34,-0.1687187198328433,-0.9311698444971691
168,1566378000,1230,915,0,2145,34,-0.6797890168022327,0.8513855858492254
168,1566392400,1381,906,0,2287,34,-0.6797890168022327,0.9859538320529405
168,1566406800,1256,1159,0,2415,34,-0.6797890168022327,1.107254786377416
168,1566421200,1216,1871,655,3087,34,1.466051012139755,1.7440847965809125
168,1566435600,398,1129,731,1527,34,1.7150339773299703,0.26572941575136694
168,1566450000,48,88,40,136,34,-0.5487453509126458,-1.0524707988216446
168,1566464400,1205,832,0,2037,34,-0.6797890168022327,0.7490379056379491
168,1566478800,1305,865,0,2170,34,-0.6797890168022327,0.8750771784907245
168,1566493200,1095,1097,2,2192,34,-0.6732368335077534,0.8959257800152438
168,1566507600,925,1710,785,2635,34,1.8919429262809129,1.3157408016226084
168,1566522000,241,1144,903,1385,34,2.2785217406551945,0.13116116954765186
168,1566536400,41,106,65,147,34,-0.4668430597316538,-1.042046498059385
168,1566550800,751,795,44,1546,34,-0.535640984323687,0.2837350261589063
168,1566565200,842,797,0,1639,34,-0.6797890168022327,0.371867750785283
168,1566579600,866,1219,353,2085,34,0.47667133467337286,0.7945257635096274
168,1566594000,810,1404,594,2214,34,1.2662094216581348,0.916774381539763
168,1566608400,227,676,449,903,34,0.7911761328083817,-0.32561273658045137
168,1566622800,0,28,28,28,34,-0.5880584506795218,-1.1548184790329208
168,1566637200,0,45,45,45,34,-0.5323648926764474,-1.1387081960367016
168,1566651600,1,43,42,44,34,-0.5421931676181664,-1.1396558597423614
168,1566666000,0,31,31,31,34,-0.5782301757378028,-1.151975487915941
168,1566680400,1,29,28,30,34,-0.5880584506795218,-1.152923151621601
168,1566694800,0,27,27,27,34,-0.5913345423267615,-1.1557661427385808
168,1566709200,0,61,61,61,34,-0.4799474263206125,-1.123545576746142
168,1566723600,1,52,51,53,34,-0.5127083427930093,-1.1311268863914217
168,1566738000,0,24,24,24,34,-0.6011628172684805,-1.1586091338555609
168,1566752400,0,24,24,24,34,-0.6011628172684805,-1.1586091338555609
168,1566766800,0,36,36,36,34,-0.5618497175016044,-1.147237169387641
168,1566781200,0,25,25,25,34,-0.5978867256212408,-1.1576614701499008
168,1566795600,8,24,16,32,34,-0.6273715504463979,-1.151027824210281
168,1566810000,776,727,0,1503,34,-0.6797890168022327,0.24298548681552776
168,1566824400,842,852,10,1694,34,-0.6470281003298359,0.4239892545965811
168,1566838800,788,1077,289,1865,34,0.2670014692500336,0.5860397482644352
168,1566853200,753,1898,1145,2651,34,3.071335919287196,1.3309034209131678
168,1566867600,306,1141,835,1447,35,1.4448257184382853,0.18294468008134063
168,1566882000,37,254,217,291,35,-0.32613651936791666,-1.4166105346330922
168,1566896400,897,917,20,1814,35,-0.8906665531022562,0.6907619498046943
168,1566910800,918,923,5,1841,35,-0.9336510734373581,0.7281218034355678
168,1566925200,838,1184,346,2022,35,0.043530355513960464,0.9785711925906823
168,1566939600,800,1966,1166,2766,35,2.393350800499536,2.008042714863639
168,1566954000,342,1365,1023,1707,35,1.9835650399715634,0.5427062335638255
168,1566968400,46,239,193,285,35,-0.39491175190407984,-1.424912724328842
168,1566982800,856,893,37,1749,35,-0.8419507633891405,0.6008215614340731
168,1566997200,920,891,0,1811,35,-0.9479792468823921,0.6866108549568195
168,1567011600,820,1164,344,1984,35,0.03779908613594687,0.9259906578509345
168,1567026000,822,1921,1099,2743,35,2.2013532763360804,1.9762176543632655
168,1567040400,316,1357,1041,1673,35,2.035146464373686,0.4956604919545775
168,1567054800,65,204,139,269,35,-0.549656025110447,-1.447051896850841
168,1567069200,766,841,75,1607,35,-0.7330566452068822,0.40433640530133136
168,1567083600,922,921,0,1843,35,-0.9479792468823921,0.7308892000008177
168,1567098000,850,1176,326,2026,35,-0.01378233826617552,0.984105985721182
168,1567112400,834,1728,894,2562,35,1.6138981650896864,1.725768265208151
168,1567126800,329,1503,1174,1832,35,2.4162758780115903,0.7156685188919433
168,1567141200,67,251,184,318,35,-0.42070246410514106,-1.379250681002219
168,1567155600,665,845,180,1510,35,-0.4321650028611682,0.270117671886712
168,1567170000,817,825,8,1642,35,-0.9250541693703377,0.4527658451932043
168,1567184400,894,1384,490,2278,35,0.4561817507309396,1.3327979529426675
168,1567198800,712,1208,496,1920,35,0.4733755588649804,0.8374339677629382
168,1567213200,272,723,451,995,35,0.3444219978596744,-0.44248694366513314
168,1567227600,44,175,131,219,35,-0.5725811026225014,-1.516236810982088
168,1567242000,183,243,60,426,35,-0.7760411655419842,-1.229811266478725
168,1567256400,552,501,0,1053,35,-0.9479792468823921,-0.3622324432728865
168,1567270800,631,823,192,1454,35,-0.39777738659308665,0.19263056805971523
168,1567285200,476,776,300,1252,35,-0.08828884018035231,-0.08687648503052305
168,1567299600,203,658,455,861,35,0.3558845366157016,-0.6279025135368753
168,1567314000,32,153,121,185,35,-0.6012374495125694,-1.563282552591336
168,1567328400,160,215,55,375,35,-0.7903693389870181,-1.300379878892597
168,1567342800,494,526,32,1020,35,-0.8562789368341746,-0.4078944865995096
168,1567357200,572,687,115,1259,35,-0.6184312576466102,-0.07719059705214845
168,1567371600,425,782,357,1207,35,0.07505233709303526,-0.14914290774864544
168,1567386000,193,605,412,798,35,0.23266224498840923,-0.7150755053422467
168,1567400400,26,113,87,139,35,-0.6986690289388006,-1.6269326735920835
168,1567414800,137,254,117,391,35,-0.6126999882685966,-1.278240706370598
168,1567429200,465,543,78,1008,35,-0.7244597411398618,-0.4244988659910089
168,1567443600,563,805,242,1368,35,-0.25449565214274666,0.07363251575397022
168,1567458000,437,834,397,1271,35,0.18967772465330723,-0.06058621766064915
168,1567472400,160,427,267,587,36,-0.26410313093137394,-1.0960240748247483
168,1567486800,24,105,81,129,36,-0.7641452198397339,-1.631373196335308
168,1567501200,931,927,0,1858,36,-0.9819054843643423,0.38962818159429363
168,1567515600,838,963,125,1801,36,-0.6458556934313047,0.3230017625416694
168,1567530000,879,1188,309,2067,36,-0.1511904011778733,0.6339250514539158
168,1567544400,855,2112,1257,2967,36,2.3974112132582843,1.685921141758509
168,1567558800,214,1050,836,1264,36,1.2655955173958133,-0.3046892380067378
168,1567573200,34,221,187,255,36,-0.479174997128518,-1.484093743692665
168,1567587600,983,977,0,1960,36,-0.9819054843643423,0.5088544051621475
168,1567602000,981,994,13,1975,36,-0.9469563061073064,0.5263876733338907
168,1567616400,870,1304,434,2174,36,0.1848593897551643,0.7589956977456841
168,1567630800,868,2079,1211,2947,36,2.2737448901949264,1.6625434508628512
168,1567645200,228,1038,810,1266,36,1.1956971608817415,-0.302351468917172
168,1567659600,33,321,288,354,36,-0.20764676605462362,-1.3683741737591597
168,1567674000,1013,1089,76,2102,36,-0.7775872114770555,0.6748360105213167
168,1567688400,955,994,39,1949,36,-0.8770579495932346,0.49599667516953583
168,1567702800,944,1477,533,2421,36,0.4510108241741301,1.0477101803070556
168,1567717200,913,2027,1114,2940,36,2.0129702524308892,1.654361259049371
168,1567731600,226,1105,879,1331,36,1.3811966454767783,-0.22637397350628474
168,1567746000,32,315,283,347,36,-0.22108875769194514,-1.3765563655726398
168,1567760400,958,1094,136,2052,36,-0.6162833118291974,0.6163917832821726
168,1567774800,948,1050,102,1998,36,-0.7076888549629836,0.553272017863897
168,1567789200,920,1386,466,2306,36,0.2708881362340219,0.9132884576570244
168,1567803600,813,1746,933,2559,36,1.5263701551598505,1.2090162474870934
168,1567818000,267,734,467,1001,36,0.27357653456148623,-0.6121058732846355
168,1567832400,33,149,116,182,36,-0.6700512783784834,-1.5694223154618152
168,1567846800,246,289,43,535,36,-0.8663043562833773,-1.1568060711534582
168,1567861200,689,673,0,1362,36,-0.9819054843643423,-0.19013855261801543
168,1567875600,739,1095,356,1834,36,-0.024835679787051167,0.3615749525195045
168,1567890000,650,924,274,1574,36,-0.24528434263912385,0.05766497087595538
168,1567904400,282,725,443,1007,36,0.20905497470234302,-0.6050925660159383
168,1567918800,35,228,193,263,36,-0.46304460716373225,-1.474742667334402
168,1567933200,175,266,91,441,36,-0.7372612365650909,-1.266681218363049
168,1567947600,624,669,45,1293,36,-0.8609275596284488,-0.27079158620803423
168,1567962000,641,1012,371,1653,36,0.015490295124913346,0.150006849913803
168,1567976400,462,844,382,1306,36,0.045062676727020655,-0.2555960871258568
168,1567990800,162,530,368,692,36,0.007425100142520443,-0.9732911976225458
168,1568005200,25,69,44,94,36,-0.8636159579559131,-1.6722841554027088
168,1568019600,1007,1053,46,2060,36,-0.8582391613009844,0.6257428596404356
168,1568034000,925,921,0,1846,36,-0.9819054843643423,0.37560156705689907
168,1568048400,870,1267,397,2137,36,0.08538865163898517,0.7157469695887175
168,1568062800,911,2236,1325,3147,36,2.5802222995258566,1.8963203598194276
168,1568077200,194,696,502,890,37,0.46693813164173026,-0.7086945134300728
168,1568091600,24,96,72,120,37,-0.6955794665729993,-1.5382580201742655
168,1568106000,1041,1088,47,2129,37,-0.7631676990273439,0.6261485837855826
168,1568120400,961,884,0,1845,37,-0.8902335760415121,0.3201797059734388
168,1568134800,939,1294,355,2233,37,0.06951932481018318,0.7381935249562268
168,1568149200,972,2260,1288,3232,37,2.591912160006329,1.8144713733165494
168,1568163600,203,761,558,964,37,0.6183357723394625,-0.6289702283663452
168,1568178000,29,84,55,113,37,-0.7415394646419536,-1.5457995065992127
168,1568192400,1074,1082,8,2156,37,-0.8686053416561218,0.6552371742818075
168,1568206800,1029,1021,0,2050,37,-0.8902335760415121,0.5410375227040356
168,1568221200,1005,1413,408,2418,37,0.21280637761339402,0.9375042376155458
168,1568235600,968,2130,1162,3098,37,2.2512674684364313,1.6701057760389886
168,1568250000,221,671,450,892,37,0.3263546081366932,-0.7065398030229451
168,1568264400,27,67,40,94,37,-0.7820924041145605,-1.5662692554669266
168,1568278800,1084,963,0,2047,37,-0.8902335760415121,0.5378054570933439
168,1568293200,944,985,41,1929,37,-0.7793888748163867,0.4106775430728053
168,1568307600,901,1564,663,2465,37,0.9022063486477103,0.9881399321830485
168,1568322000,940,2214,1274,3154,37,2.5540627498318957,1.7304376674385664
168,1568336400,222,766,544,988,37,0.5804863621650294,-0.603113703480812
168,1568350800,30,87,57,117,37,-0.736132406045606,-1.5414900857849572
168,1568365200,1018,1022,4,2040,37,-0.8794194588488169,0.5302639706683967
168,1568379600,1018,978,0,1996,37,-0.8902335760415121,0.4828603417115857
168,1568394000,1023,1586,563,2609,37,0.6318534188303314,1.1432790814962481
168,1568408400,937,1905,968,2842,37,1.7267827845907162,1.3943028439266336
168,1568422800,287,780,493,1067,37,0.4426063679581661,-0.518002642399265
168,1568437200,37,165,128,202,37,-0.544181825875267,-1.4499148934820267
168,1568451600,210,314,104,524,37,-0.609066529031438,-1.1030065179344553
168,1568466000,696,730,34,1426,37,-0.7983135799036032,-0.13123212431982967
168,1568480400,794,996,202,1790,37,-0.3441206578104066,0.260925169777425
168,1568494800,654,1074,420,1728,37,0.2452487291914795,0.1941291471564641
168,1568509200,238,768,530,1006,37,0.5426369519905964,-0.583721309816662
168,1568523600,34,207,173,241,37,-0.42252300745744653,-1.4078980405430352
168,1568538000,192,239,47,431,37,-0.7631676990273439,-1.2032005518658968
168,1568552400,684,661,0,1345,37,-0.8902335760415121,-0.21849789580850446
168,1568566800,696,984,288,1680,37,-0.11161713816746072,0.14241609738539754
168,1568581200,557,908,351,1465,37,0.05870520761748802,-0.08921527138083808
168,1568595600,166,540,374,706,37,0.12088638147548518,-0.9069278708858279
168,1568610000,23,74,51,97,37,-0.7523535818346488,-1.563037189856235
168,1568624400,1051,974,0,2025,37,-0.8902335760415121,0.5141036426149383
168,1568638800,867,926,59,1793,37,-0.7307253474492585,0.2641572353881167
168,1568653200,888,1260,372,2148,37,0.1154793228791376,0.6466183326532965
168,1568667600,884,2029,1145,2913,37,2.205307470367477,1.4707950633796696
168,1568682000,204,645,441,849,38,0.2574739855410415,-0.8005495594093062
168,1568696400,35,95,60,130,38,-0.7464487036957387,-1.5694743556892752
168,1568710800,1048,1067,19,2115,38,-0.8544823789154447,0.5533569664466614
168,1568725200,947,959,12,1906,38,-0.8729271527334432,0.329844751672651
168,1568739600,906,1510,604,2416,38,0.68697371873158,0.8752573331786094
168,1568754000,1008,2306,1298,3314,38,2.5156412944017257,1.8356112512028266
168,1568768400,215,732,517,947,38,0.45773152985074045,-0.695744788845416
168,1568782800,26,113,87,139,38,-0.6753045761120299,-1.5598494277803463
168,1568797200,1071,1083,12,2154,38,-0.8729271527334432,0.5950649873853524
168,1568811600,988,946,0,1934,38,-0.9045467649928695,0.35978897183376246
168,1568826000,884,1441,557,2325,38,0.563130237382161,0.7779386176549973
168,1568840400,928,2189,1261,3117,38,2.4181474899351616,1.624932273640721
168,1568854800,236,811,575,1047,38,0.6105596557713001,-0.5888011454128752
168,1568869200,21,113,92,134,38,-0.6621297376706023,-1.5651966099519734
168,1568883600,1073,1096,23,2169,38,-0.8439425081623027,0.6111065339002335
168,1568898000,1011,1031,20,2042,38,-0.8518474112271592,0.4752881067409066
168,1568912400,996,1460,464,2456,38,0.3180782423716083,0.9180347905516258
168,1568926800,1001,2249,1248,3250,38,2.38389290998745,1.7671673194060005
168,1568941200,215,865,650,1080,38,0.8081822323927136,-0.5535097430801367
168,1568955600,22,104,82,126,38,-0.6884794145534574,-1.5737521014265767
168,1568970000,983,1005,22,1988,38,-0.8465774758505882,0.41753853928733453
168,1568984400,1009,1016,7,2025,38,-0.8861019911748709,0.4571076873573746
168,1568998800,968,1664,696,2632,38,0.9293907460538472,1.1062556029928978
168,1569013200,961,1891,930,2852,38,1.5459731851126572,1.3415316185444877
168,1569027600,276,823,547,1099,38,0.5367805604993058,-0.5331904508279539
168,1569042000,39,154,115,193,38,-0.6015254808400355,-1.5020998603267743
168,1569056400,233,298,65,531,38,-0.7332738652543112,-1.1406303455247861
168,1569070800,737,767,30,1504,38,-0.8254977343443041,-0.10006869492616335
168,1569085200,856,1056,200,1912,38,-0.37755322733576696,0.3362613702786034
168,1569099600,827,1064,237,1891,38,-0.280059422869203,0.3138032051577698
168,1569114000,349,789,440,1138,38,0.254839017852756,-0.491482429889263
168,1569128400,49,236,187,285,38,-0.4118078072834786,-1.4037117083688366
168,1569142800,212,280,68,492,38,-0.7253689621894546,-1.182338366463477
168,1569157200,742,776,34,1518,38,-0.814957863591162,-0.08509658484560763
168,1569171600,678,996,318,1674,38,-0.0666270401180765,0.08173549890915614
168,1569186000,647,1009,362,1656,38,0.049311538166486035,0.06248564309129878
168,1569200400,268,468,200,736,38,-0.37755322733576696,-0.9213958764880773
168,1569214800,20,70,50,90,38,-0.7727983805785938,-1.6122518130622914
168,1569229200,1033,1094,61,2127,38,-0.7438137360074532,0.5661902036585663
168,1569243600,924,986,62,1910,38,-0.7411787683191676,0.33412249740995265
168,1569258000,836,1406,570,2242,38,0.5973848173298726,0.6891753936059883
168,1569272400,879,2074,1195,2953,38,2.244239622508318,1.449544698411354
168,1569286800,198,616,418,814,39,0.20059512136943322,-0.7807361608922349
168,1569301200,23,78,55,101,39,-0.7821404892984266,-1.549029186888057
168,1569315600,1135,1088,0,2223,39,-0.9310398242481024,0.7375315440560308
168,1569330000,945,1028,83,1973,39,-0.7063371915058644,0.4681440875357566
168,1569344400,915,1437,522,2352,39,0.48215022745609276,0.8765354716204924
168,1569358800,988,2232,1244,3220,39,2.4367924062500177,1.8118487206588847
168,1569373200,213,824,611,1037,39,0.7230964240110226,-0.5404425496761502
168,1569387600,21,83,62,104,39,-0.763189664850286,-1.5457965374098137
168,1569402000,1058,1095,37,2153,39,-0.8308711807365023,0.662103056230354
168,1569416400,1052,962,0,2014,39,-0.9310398242481024,0.5123236304050816
168,1569430800,1008,1507,499,2515,39,0.41988323284077383,1.0521760932717112
168,1569445200,996,2100,1104,3096,39,2.057775917287207,1.6782325422248285
168,1569459600,255,841,586,1096,39,0.6554149081248064,-0.4768671099373655
168,1569474000,27,127,100,154,39,-0.6603137607032373,-1.4919190461057588
168,1569488400,1055,1089,34,2144,39,-0.8389929626428483,0.6524051077956242
168,1569502800,995,992,0,1987,39,-0.9310398242481024,0.483229785100892
168,1569517200,991,1491,500,2482,39,0.4225904934762225,1.016616949011035
168,1569531600,995,2503,1508,3498,39,3.1515092140084615,2.1114075723094294
168,1569546000,251,834,583,1085,39,0.6472931262184605,-0.48872015802425756
168,1569560400,27,109,82,136,39,-0.7090444521413131,-1.5113149429752186
168,1569574800,972,1052,80,2024,39,-0.7144589734122103,0.5230991286658926
168,1569589200,980,994,14,1974,39,-0.8931381753518213,0.4692216373618377
168,1569603600,980,1661,681,2641,39,0.912604668492428,1.1879473713579294
168,1569618000,954,1893,939,2847,39,1.6110779124381798,1.4099226355306353
168,1569632400,258,776,518,1034,39,0.4713211849142982,-0.5436751991543934
168,1569646800,37,171,134,208,39,-0.5682668990979833,-1.4337313554973796
168,1569661200,208,312,104,520,39,-0.6494847181614428,-1.0975358097600774
168,1569675600,698,742,44,1440,39,-0.8119203562883618,-0.1061899697654681
168,1569690000,765,1072,307,1837,39,-0.09991080916536689,0.3215973111887274
168,1569704400,657,949,292,1606,39,-0.14051971869709665,0.07268330136399401
168,1569718800,277,714,437,991,39,0.25203307344295756,-0.5900098416758807
168,1569733200,36,198,162,234,39,-0.4924636013054211,-1.4057150600192712
168,1569747600,188,282,94,470,39,-0.6765573245159293,-1.1514133010641323
168,1569762000,635,695,60,1330,39,-0.7686041861211833,-0.22472045063438878
168,1569776400,643,966,323,1609,39,-0.0565946389981885,0.0759159508422373
168,1569790800,491,912,421,1403,39,0.20871690327577916,-0.14605931333046868
168,1569805200,196,445,249,641,39,-0.2569319260213886,-0.9671522808042646
168,1569819600,22,73,51,95,39,-0.7929695318402212,-1.5554944858445436
168,1569834000,788,761,0,1549,39,-0.9310398242481024,0.011262961277371478
168,1569848400,780,882,102,1662,39,-0.6548992394323401,0.13302609162453544
168,1569862800,756,1127,371,1883,39,0.07335387150334668,0.3711646031884579
168,1569877200,702,1735,1033,2437,39,1.8655604121703528,0.9681272068373856
168,1569891600,197,562,365,759,40,0.19198842173418798,-0.9489644325392159
168,1569906000,34,101,67,135,40,-0.6015806292648535,-1.6089559366123463
168,1569920400,817,920,103,1737,40,-0.5057132271307411,0.08544532865232483
168,1569934800,839,892,53,1731,40,-0.6388623967614527,0.07909925649777551
168,1569949200,865,1131,266,1996,40,-0.07164693413462109,0.3593841099903709
168,1569963600,865,1937,1072,2802,40,2.0747176803124505,1.211873136084831
168,1569978000,210,703,493,913,40,0.5328502959888097,-0.7860819139057831
168,1569992400,29,95,66,124,40,-0.6042436126574676,-1.62059040222902
168,1570006800,1089,1031,0,2120,40,-0.780000516570007,0.4905362678510571
168,1570021200,983,1021,38,2004,40,-0.6788071476506662,0.36784553952977
168,1570035600,964,1493,529,2457,40,0.6287176981229222,0.8469739871982445
168,1570050000,967,2209,1242,3176,40,2.5274248570568703,1.6074449670517392
168,1570064400,215,688,473,903,40,0.47959062813652514,-0.796658700830032
168,1570078800,29,68,39,97,40,-0.6761441642580519,-1.649147726924492
168,1570093200,1027,1162,135,2189,40,-0.4204977585670856,0.5635160976283744
168,1570107600,963,1051,88,2014,40,-0.5456579780199545,0.3784223264540189
168,1570122000,914,1451,537,2365,40,0.650021565263836,0.7496675474951547
168,1570136400,866,2096,1230,2962,40,2.4954690563454993,1.381101726872813
168,1570150800,206,814,608,1020,40,0.8390933861394466,-0.6729102938163201
168,1570165200,29,81,52,110,40,-0.6415253801540669,-1.6353979039229685
168,1570179600,945,1037,92,1982,40,-0.5350060444494976,0.34457660829642245
168,1570194000,963,965,2,1928,40,-0.7746745497847786,0.2874619589054785
168,1570208400,1026,1527,501,2553,40,0.5541541631297237,0.9485111416710337
168,1570222800,1000,1965,965,2965,40,1.7897784573027278,1.3842747629500878
168,1570237200,307,792,485,1099,40,0.5115464288478959,-0.589353677114754
168,1570251600,45,141,96,186,40,-0.5243541108790407,-1.5550143232986768
168,1570266000,453,339,0,792,40,-0.780000516570007,-0.9140610356891946
168,1570280400,1318,970,0,2288,40,-0.780000516570007,0.6682262881784383
168,1570294800,1492,1277,0,2769,40,-0.780000516570007,1.1769697392348095
168,1570309200,1357,1233,0,2590,40,-0.780000516570007,0.9876452532907546
168,1570323600,523,907,384,1430,40,0.2425851061938584,-0.23926202992211587
168,1570338000,69,201,132,270,40,-0.4284867087449283,-1.4661693131349862
168,1570352400,278,267,0,545,40,-0.780000516570007,-1.175307672718142
168,1570366800,1108,833,0,1941,40,-0.780000516570007,0.30121178190700204
168,1570381200,1250,1265,15,2515,40,-0.7400557656807936,0.908319351358888
168,1570395600,885,1054,169,1939,40,-0.3299563232182017,0.2990964245221523
168,1570410000,299,503,204,802,40,-0.23675190447670352,-0.9034842487649457
168,1570424400,33,86,53,119,40,-0.6388623967614527,-1.6258787956911445
168,1570438800,1040,1049,9,2089,40,-0.7560336660364789,0.4577482283858855
168,1570453200,900,896,0,1796,40,-0.780000516570007,0.14784837150539326
168,1570467600,901,1284,383,2185,40,0.23992212280124417,0.5592853828586748
168,1570482000,904,2260,1356,3164,40,2.831004963814893,1.5947528227426404
168,1570496400,195,701,506,896,41,0.5733395942648324,-0.6736084367854458
168,1570510800,24,91,67,115,41,-0.7731430753384001,-1.5666167196709566
168,1570525200,1046,1076,30,2122,41,-0.8866279472639572,0.7282201865405927
168,1570539600,971,969,0,1940,41,-0.9786427082846793,0.5201183843828937
168,1570554000,968,1622,654,2590,41,1.027279081967061,1.263339106374676
168,1570568400,897,2109,1212,3006,41,2.7387536369524907,1.7390003684494166
168,1570582800,206,728,522,934,41,0.622414133475884,-0.6301586099613109
168,1570597200,26,90,64,116,41,-0.7823445514404723,-1.5654733031755845
168,1570611600,693,593,0,1286,41,-0.9786427082846793,-0.22767600359037649
168,1570626000,803,895,92,1698,41,-0.6964641078211318,0.24341159250287628
168,1570640400,719,1123,404,1842,41,0.26048940679437743,0.4080635678364404
168,1570654800,769,1742,973,2511,41,2.0057027074874054,1.1730092032402901
168,1570669200,231,696,465,927,41,0.44758608753651224,-0.6381625254289147
168,1570683600,21,93,72,114,41,-0.7578072818349464,-1.5677601361663285
168,1570698000,1002,1069,67,2071,41,-0.7731430753384001,0.6699059452766221
168,1570712400,944,1012,68,1956,41,-0.7700759166377094,0.5384130483088453
168,1570726800,949,1518,569,2467,41,0.7665705924083486,1.1226988774439233
168,1570741200,1020,2219,1199,3239,41,2.6988805738435113,2.0054164118710864
168,1570755600,235,886,651,1121,41,1.0180776058649887,-0.41633972532675195
168,1570770000,28,113,85,141,41,-0.7179342187259669,-1.5368878907912853
168,1570784400,928,1043,115,1971,41,-0.6259194577052448,0.5555642957394248
168,1570798800,927,1014,87,1941,41,-0.7117999013245854,0.5212618008782657
168,1570813200,999,1580,581,2579,41,0.8033764968166375,1.2507615249255843
168,1570827600,1102,1992,890,3094,41,1.7511285353300743,1.8396210200421501
168,1570842000,262,759,497,1021,41,0.5457351659586157,-0.5306813748639493
168,1570856400,33,169,136,202,41,-0.5615091249907394,-1.467139484573595
168,1570870800,204,282,78,486,41,-0.739404329630802,-1.1424091998879546
168,1570885200,686,735,49,1421,41,-0.8283519319508333,-0.07331477671516017
168,1570899600,746,1016,270,1762,41,-0.150509859098181,0.3165902482066825
168,1570914000,918,1044,126,1962,41,-0.5921807119976468,0.5452735472810771
168,1570928400,416,756,340,1172,41,0.06419124995017042,-0.35802548406278134
168,1570942800,44,218,174,262,41,-0.4449570943644915,-1.3985344948512766
168,1570957200,205,248,43,453,41,-0.8467548841549777,-1.1801419442352297
168,1570971600,611,737,126,1348,41,-0.5921807119976468,-0.15678418087731416
168,1570986000,738,1064,326,1802,41,0.021251028140500137,0.3623269080215614
168,1571000400,807,1002,195,1809,41,-0.3805467616499861,0.37033082348916524
168,1571014800,286,502,216,788,41,-0.31613642893548066,-0.7970974182856189
168,1571029200,22,112,90,134,41,-0.7025984252225131,-1.544891806258889
168,1571043600,572,647,75,1219,41,-0.7486058057328742,-0.3042849087802986
168,1571058000,790,842,52,1632,41,-0.8191504558487611,0.16794610380832609
168,1571072400,755,1130,375,1885,41,0.17154180447434614,0.4572304771374352
168,1571086800,740,1600,860,2340,41,1.6591137743093523,0.9774849825316828
168,1571101200,199,530,331,729,42,-0.04211882670842079,-0.9064314714944323
168,1571115600,26,78,52,104,42,-0.7967800061721446,-1.5743095977709958
168,1571130000,959,1035,76,1994,42,-0.7318629154655878,0.4453538560893321
168,1571144400,896,947,51,1843,42,-0.7994848849515845,0.28399450078091437
168,1571158800,903,1468,565,2371,42,0.5908228076805089,0.8482179418593552
168,1571173200,923,2042,1119,2965,42,2.089325651490197,1.482969313072601
168,1571187600,220,795,575,1015,42,0.6178715954749076,-0.6008104409102768
168,1571202000,25,84,59,109,42,-0.7778458547160656,-1.568966572760783
168,1571216400,1049,1073,24,2122,42,-0.872516611996461,0.5821352963507723
168,1571230800,986,1022,36,2008,42,-0.8400580666431826,0.4603143261179271
168,1571245200,886,1596,710,2482,42,0.9830302306992901,0.9668330970860728
168,1571259600,757,2100,1343,2857,42,2.6952184980847282,1.367559972852011
168,1571274000,186,662,476,848,42,0.35008859631036043,-0.7792674762513746
168,1571288400,21,73,52,94,42,-0.7967800061721446,-1.5849956477914207
168,1571302800,1046,1001,0,2047,42,-0.937433702703018,0.5019899211975847
168,1571317200,1052,1032,0,2084,42,-0.937433702703018,0.5415283062731573
168,1571331600,985,1446,461,2431,42,0.30951541461876236,0.9123342419819053
168,1571346000,1033,2130,1097,3163,42,2.02981831834252,1.6945531034770163
168,1571360400,272,812,540,1084,42,0.5232008381945121,-0.5270766957693442
168,1571374800,29,111,82,140,42,-0.7156336427889485,-1.5358398176974657
168,1571389200,1167,979,0,2146,42,-0.937433702703018,0.6077818163997923
168,1571403600,1054,982,0,2036,42,-0.937433702703018,0.49023526617511715
168,1571418000,1064,1719,655,2783,42,0.8342618978300972,1.2884832027008657
168,1571432400,1011,2066,1055,3077,42,1.9162134096060455,1.6026530733013613
168,1571446800,316,880,564,1196,42,0.5881179289010691,-0.4073929355405841
168,1571461200,45,156,111,201,42,-0.6371921581851923,-1.470654912572873
168,1571475600,244,289,45,533,42,-0.8157141576282237,-1.1158780518947626
168,1571490000,771,779,8,1550,42,-0.9157946724674989,-0.029106764817538554
168,1571504400,836,1125,289,1961,42,-0.15572373544489534,0.41008989102192955
168,1571518800,791,1166,375,1957,42,0.07689583958693351,0.40581547101375953
168,1571533200,288,774,486,1062,42,0.3771373841047591,-0.5505860058142793
168,1571547600,45,192,147,237,42,-0.5398165221253569,-1.432185132499343
168,1571562000,196,290,94,486,42,-0.6831750974356701,-1.1661024869907601
168,1571576400,715,837,122,1552,42,-0.6074384916113537,-0.02696955481345355
168,1571590800,711,1082,371,1793,42,0.06607632446917402,0.2305642506787893
168,1571605200,382,930,548,1312,42,0.5448398684300311,-0.2834347553036539
168,1571619600,202,400,198,602,42,-0.40186770437392355,-1.0421443067538299
168,1571634000,28,54,26,82,42,-0.8671068544375813,-1.5978189078159308
168,1571648400,1024,915,0,1939,42,-0.937433702703018,0.38658058097699455
168,1571662800,937,1129,192,2066,42,-0.4180969770505628,0.5222934162363922
168,1571677200,898,1323,425,2221,42,0.21213977855892702,0.68792719155298
168,1571691600,883,2079,1196,2962,42,2.297601317507067,1.4797634980664736
168,1571706000,227,623,396,850,43,0.15248123164887942,-0.7822871771395338
168,1571720400,25,91,66,116,43,-0.7248080463309752,-1.5437999845176493
168,1571734800,1006,915,0,1921,43,-0.9002659019269461,0.32885753226368397
168,1571749200,920,942,22,1862,43,-0.8417799500616224,0.26764601232457114
168,1571763600,898,1371,473,2269,43,0.35718206317751217,0.6899017515655699
168,1571778000,899,2098,1199,2997,43,2.2872184747331925,1.4451896586108943
168,1571792400,194,753,559,947,43,0.5858089659237773,-0.681651288426077
168,1571806800,27,64,37,91,43,-0.8019031646989018,-1.5697370692376125
168,1571821200,1196,1076,0,2272,43,-0.9002659019269461,0.6930142017319654
168,1571835600,1030,1017,0,2047,43,-0.9002659019269461,0.4595804392522978
168,1571850000,1037,1395,358,2432,43,0.05146004206332041,0.859011543939729
168,1571864400,989,2189,1200,3178,43,2.2898769270907073,1.6329741519834269
168,1571878800,244,844,600,1088,43,0.6948055125818805,-0.5353661306054853
168,1571893200,28,87,59,115,43,-0.7434172128335782,-1.5448374679064478
168,1571907600,1154,991,0,2145,43,-0.9002659019269461,0.561253811354553
168,1571922000,1087,977,0,2064,43,-0.9002659019269461,0.47721765686187273
168,1571936400,1026,1528,502,2554,43,0.43427718154543876,0.9855845173731488
168,1571950800,1022,2441,1419,3463,43,2.8720779933864287,1.9286569177910058
168,1571965200,275,859,584,1134,43,0.6522702748616451,-0.4876418947207533
168,1571979600,26,101,75,127,43,-0.7008819751133428,-1.5323876672408656
168,1571994000,1049,979,0,2028,43,-0.9002659019269461,0.4398682548651259
168,1572008400,1017,989,0,2006,43,-0.9002659019269461,0.4170436203115584
168,1572022800,1029,1574,545,2603,43,0.5485906329185714,1.0364212034242763
168,1572037200,1053,2061,1008,3114,43,1.7794540744478826,1.5665752151003214
168,1572051600,289,844,555,1133,43,0.5751751564937184,-0.48867937810955187
168,1572066000,32,219,187,251,43,-0.40313531107169515,-1.4037397270298488
168,1572080400,257,328,71,585,43,-0.7115157845434016,-1.0572202751711421
168,1572094800,753,857,104,1610,43,-0.6237868567454161,0.006200198347343439
168,1572109200,1069,1159,90,2228,43,-0.6610051897506222,0.6473649326248304
168,1572123600,895,1145,250,2040,43,-0.23565281254826836,0.45231805553070814
168,1572138000,266,788,522,1054,43,0.487446228695733,-0.5706405658246352
168,1572152400,33,227,194,260,43,-0.3845261445690922,-1.3944023765306621
168,1572166800,135,252,117,387,43,-0.5892269760977249,-1.2626419861532496
168,1572181200,512,634,122,1146,43,-0.5759347143101514,-0.47519209405517104
168,1572195600,643,987,344,1630,43,0.014241709058114458,0.026949866123313893
168,1572210000,451,911,460,1362,43,0.32262218252982094,-0.2510956820746902
168,1572224400,165,566,401,731,43,0.16577349343645298,-0.9057477004065579
168,1572238800,20,75,55,95,43,-0.754051022263637,-1.5655871356824183
168,1572253200,1049,1094,45,2143,43,-0.7806355458387841,0.559178844576956
168,1572267600,944,917,0,1861,43,-0.9002659019269461,0.26660852893577264
168,1572282000,897,1371,474,2268,43,0.3598405155350269,0.6888642681767714
168,1572296400,1016,2146,1130,3162,43,2.1037852620646773,1.6163744177626505
168,1572310800,194,655,461,849,44,0.2784674292802393,-0.807028193337709
168,1572325200,24,67,43,91,44,-0.8443562244735229,-1.5757138552303402
168,1572339600,1049,903,0,1952,44,-0.959862007036709,0.31152099540578987
168,1572354000,934,1008,74,1942,44,-0.7610846137884353,0.3013800236130111
168,1572368400,894,1403,509,2297,44,0.40740411679263305,0.6613845222566576
168,1572382800,1006,2401,1395,3407,44,2.7873604737922344,1.7870323912551016
168,1572397200,221,708,487,929,44,0.3483081350161193,-0.7259004189954789
168,1572411600,21,90,69,111,44,-0.7745155187376429,-1.5554319116447826
168,1572426000,1111,1331,220,2442,44,-0.3689021892715709,0.8084286132519498
168,1572440400,1047,1143,96,2190,44,-0.7019886320119214,0.5528761240739247
168,1572454800,965,1454,489,2419,44,0.35368049699580234,0.7851043781285586
168,1572469200,1040,2301,1261,3341,44,2.4274122211534688,1.7201019774227617
168,1572483600,200,811,611,1011,44,0.6813945777564698,-0.6427444502946928
168,1572498000,31,84,53,115,44,-0.8174944145751075,-1.5513755229276711
168,1572512400,1012,1047,35,2059,44,-0.8658456723922552,0.42002939358852276
168,1572526800,973,1122,149,2095,44,-0.55962103955032,0.45653689204252634
168,1572541200,939,1446,507,2385,44,0.40203175481295,0.7506250740331109
168,1572555600,990,2082,1092,3072,44,1.973447633870249,1.4473098361970127
168,1572570000,270,796,526,1066,44,0.4530691936199392,-0.5869691054344096
168,1572584400,39,137,98,176,44,-0.6966162700322384,-1.4895155949917207
168,1572598800,1015,1061,46,2076,44,-0.8362976815039983,0.43726904563624663
168,1572613200,1024,1018,0,2042,44,-0.959862007036709,0.40278974154079883
168,1572627600,1111,1620,509,2731,44,0.40740411679263305,1.1015026980632565
168,1572642000,1019,2010,991,3029,44,1.7021433538962538,1.403703657488064
168,1572656400,349,865,516,1214,44,0.42620738372152384,-0.43688272290128377
168,1572670800,35,173,138,208,44,-0.5891690304385769,-1.4570644852548285
168,1572685200,237,276,39,513,44,-0.8551009484328891,-1.147764845575076
168,1572699600,770,832,62,1602,44,-0.7933187856665337,-0.043413017341467276
168,1572714000,895,1185,290,2080,44,-0.1808695199826634,0.4413254343533582
168,1572728400,833,1200,367,2033,44,0.025966416235134904,0.3936628669272979
168,1572742800,354,1089,735,1443,44,1.0144810204968202,-0.2046544688466498
168,1572753600,46,252,206,298,44,-0.40650872312935243,-1.3657957391198194
168,1572768000,184,193,9,377,44,-0.9356863781281352,-1.2856820619568672
168,1572782400,665,657,0,1322,44,-0.959862007036709,-0.32736022753927296
168,1572796800,874,1242,368,2116,44,0.02865259722497644,0.4778329328073618
168,1572811200,666,1186,520,1852,44,0.43695210768089,0.2101112774780021
168,1572825600,241,596,355,837,44,-0.006267755642963534,-0.8191973594890436
168,1572840000,37,87,50,124,44,-0.8255529575446321,-1.5422486483141702
168,1572854400,552,615,63,1167,44,-0.7906326046766922,-0.484545290327344
168,1572868800,1397,1265,0,2662,44,-0.959862007036709,1.031529992693083
168,1572883200,827,1170,343,1997,44,-0.03850192752106197,0.3571553684732943
168,1572897600,1092,2318,1226,3410,44,2.333395886509015,1.7900746827929352
168,1572912000,294,1006,712,1300,45,1.0227778191478314,-0.3002511811302602
168,1572926400,36,127,91,163,45,-0.6540955218421939,-1.4445009665102242
168,1572940800,476,551,75,1027,45,-0.6972999879546583,-0.5749918947703043
168,1572955200,1310,1173,0,2483,45,-0.8998209228568352,0.8902919113099309
168,1572969600,856,1245,389,2101,45,0.1505876595024559,0.505856187461957
168,1572984000,1159,2318,1159,3477,45,2.2298025911648063,1.8906298943070146
168,1572998400,313,1032,719,1345,45,1.0416797730720344,-0.25496425031047276
168,1573012800,39,135,96,174,45,-0.6405941261820487,-1.4334308278653871
168,1573027200,512,569,57,1081,45,-0.7459050123311808,-0.5206475777865593
168,1573036963,876,534,0,1410,45,-0.8998209228568352,-0.18954979468189082
168,1573041600,1378,1263,0,2641,45,-0.8998209228568352,1.049299357299407
168,1573056000,879,1242,363,2121,45,0.08038040206970123,0.5259837122707515
168,1573070400,1169,2346,1177,3515,45,2.2784076155413286,1.928872191443724
168,1573084800,395,969,574,1364,45,0.6501392989278257,-0.235843101742118
168,1573099200,72,202,130,274,45,-0.5487846356930618,-1.332793203821415
168,1573113600,540,568,28,1108,45,-0.8242131071600225,-0.49347541929468686
168,1573128000,1426,1276,0,2702,45,-0.8998209228568352,1.11068830796623
168,1573142400,914,1160,246,2074,45,-0.2355522563776948,0.47868402897008455
168,1573156800,1137,2371,1234,3508,45,2.432323526066983,1.9218275577606458
168,1573171200,349,1235,886,1584,45,1.492626388120882,-0.014440328845379187
168,1573185600,57,172,115,229,45,-0.5892888226734972,-1.3780801346412024
168,1573200000,507,538,31,1045,45,-0.8161122697639355,-0.5568771224423893
168,1573214400,1479,1440,0,2919,45,-0.8998209228568352,1.3290719521416496
168,1573228800,919,1456,537,2375,45,0.5502289710427518,0.7816032773424408
168,1573243200,1142,2079,937,3221,45,1.6303406238543623,1.6329975767544456
168,1573257600,367,941,574,1308,45,0.6501392989278257,-0.29220017120674247
168,1573272000,53,317,264,370,45,-0.18694723200117236,-1.2361810847392016
168,1573286400,109,191,82,300,45,-0.6783980340304551,-1.3066274215699822
168,1573300800,663,667,4,1330,45,-0.8890198063287191,-0.2700598939170686
168,1573315200,886,1028,142,1914,45,-0.5163812861087135,0.31766383049972907
168,1573329600,832,1292,460,2124,45,0.3423074778765168,0.5290028409920706
168,1573344000,388,873,485,1261,45,0.4098144561772424,-0.3394998545074094
168,1573358400,61,218,157,279,45,-0.47587709912827814,-1.3277613226192164
168,1573372800,96,139,43,235,45,-0.7837089201795872,-1.372041877198564
168,1573387200,668,623,0,1291,45,-0.8998209228568352,-0.30930856729421774
168,1573401600,854,998,144,1852,45,-0.5109807278446554,0.2552685035924663
168,1573416000,622,1243,621,1865,45,0.7770524181331899,0.2683513947181827
168,1573430400,270,631,361,901,45,0.07497984380564318,-0.7017953010657093
168,1573444800,35,129,94,164,45,-0.6459946844461067,-1.4434945902697844
168,1573459200,386,466,80,852,45,-0.6837985922945131,-0.7511077368472556
168,1573473600,1242,1094,0,2336,45,-0.8998209228568352,0.7423546039652917
168,1573488000,941,1089,148,2030,45,-0.5001796113165393,0.4344034743907368
168,1573502400,981,2095,1114,3076,45,2.1082900302235,1.487073021890686
168,1573516800,326,981,655,1307,46,0.7374727213133384,-0.3930681154150848
168,1573531200,45,141,96,186,46,-0.6469027924785029,-1.4259084441333023
168,1573545600,499,487,0,986,46,-0.8846488556699461,-0.6888234637813183
168,1573560000,1359,1313,0,2672,46,-0.8846488556699461,0.8645831323104877
168,1573574400,871,1277,406,2148,46,0.1208188699105325,0.3817924701799382
168,1573588800,1178,2628,1450,3806,46,2.7063073071174775,1.9094010919594249
168,1573603200,333,1172,839,1505,46,1.1931526757636046,-0.21063958277796882
168,1573617600,34,149,115,183,46,-0.5998488841385298,-1.4286725128096223
168,1573632000,528,521,0,1049,46,-0.8846488556699461,-0.6307780215785996
168,1573646400,1552,1420,0,2972,46,-0.8846488556699461,1.1409899999424817
168,1573660800,1508,1469,0,2977,46,-0.8846488556699461,1.1455967810696817
168,1573675200,1152,2291,1139,3443,46,1.9361091232368646,1.5749487821247121
168,1573689600,440,1464,1024,1904,46,1.6513091517054481,0.15698155117258317
168,1573704000,37,170,133,207,46,-0.5552714972901341,-1.4065599633990626
168,1573718400,532,538,6,1070,46,-0.8697897267204809,-0.6114295408443601
168,1573732800,1564,1431,0,2995,46,-0.8846488556699461,1.1621811931276012
168,1573747200,1484,1373,0,2857,46,-0.8846488556699461,1.035034034016884
168,1573761600,1202,2283,1081,3485,46,1.7924708767253676,1.6136457435931912
168,1573776000,388,1249,861,1637,46,1.2476361485783103,-0.08902056101989146
168,1573790400,53,211,158,264,46,-0.49335846000069583,-1.3540426585489838
168,1573804800,463,551,88,1014,46,-0.6667149644111232,-0.663025489468999
168,1573819200,1459,1342,0,2801,46,-0.8846488556699461,0.9834380853922451
168,1573833600,1103,1371,268,2474,46,-0.22094109592716712,0.6821545996733717
168,1573848000,1234,2213,979,3447,46,1.5398656845844592,1.578634207026472
168,1573862400,426,1120,694,1546,46,0.8340570594848622,-0.17286397753492963
168,1573876800,88,472,384,560,46,0.06633539709582677,-1.0813212158187497
168,1573891200,115,235,120,350,46,-0.5874662766806421,-1.2748060231611456
168,1573905600,662,716,54,1378,46,-0.7509166951247593,-0.32765182340884624
168,1573920000,936,1088,152,2024,46,-0.508217588950161,0.26754429822538073
168,1573934400,894,1519,625,2413,46,0.6631770765660123,0.625951869921533
168,1573948800,394,978,584,1372,46,0.5616396954113335,-0.33317996076148615
168,1573963200,71,294,223,365,46,-0.3323845630481561,-1.2609856797795458
168,1573977600,105,160,55,265,46,-0.7484401736331818,-1.3531213023235438
168,1573992000,616,558,0,1174,46,-0.8846488556699461,-0.5156084933986022
168,1574006400,853,1085,232,1938,46,-0.31009586962395835,0.18830766283754247
168,1574020800,635,1198,563,1833,46,0.5096327440882052,0.09156525916634459
168,1574035200,238,632,394,870,46,0.0911006120116021,-0.795700785932356
168,1574049600,32,95,63,127,46,-0.7286280017005615,-1.4802684614342612
168,1574064000,516,550,34,1066,46,-0.80044712495631,-0.61511496574612
168,1574078400,1325,1378,53,2703,46,-0.7533932166163368,0.8931451752991271
168,1574092800,880,1186,306,2066,46,-0.12683327924722085,0.3062412596938599
168,1574107200,1102,2271,1169,3373,46,2.0104047679841903,1.5104538463439137
168,1574121600,315,1029,714,1344,47,0.7337944703397078,-0.47645127370224666
168,1574136000,44,118,74,162,47,-0.8685122203777047,-1.5987205388224939
168,1574150400,501,554,53,1055,47,-0.9210879086668697,-0.7508470584905305
168,1574164800,1358,1352,0,2710,47,-1.0537789314919055,0.8205198059544858
168,1574179200,919,1291,372,2210,47,-0.12243816751240948,0.3457866142792543
168,1574193600,1180,2432,1252,3612,47,2.080733532224033,1.6769384837366033
168,1574208000,375,1169,794,1544,47,0.9340828066793844,-0.28655799703215407
168,1574222400,44,165,121,209,47,-0.7508428227781447,-1.5540956188050221
168,1574236800,552,602,50,1154,47,-0.9285987212796076,-0.6568498865388346
168,1574251200,1625,1293,0,2918,47,-1.0537789314919055,1.018008813691382
168,1574265600,1530,1390,0,2920,47,-1.0537789314919055,1.019907746458083
168,1574280000,1195,2350,1155,3545,47,1.837883924412175,1.6133242360521223
168,1574294400,391,1244,853,1635,47,1.0817954547298958,-0.20015655614726194
168,1574308800,49,178,129,227,47,-0.7308139891441771,-1.5370052239047138
168,1574323200,576,574,0,1150,47,-1.0537789314919055,-0.6606477520722365
168,1574337600,1666,1347,0,3013,47,-1.0537789314919055,1.108208120109676
168,1574352000,1559,1397,0,2956,47,-1.0537789314919055,1.0540885362586996
168,1574366400,1167,2478,1311,3645,47,2.228446180274544,1.7082708743871686
168,1574380800,447,1250,803,1697,47,0.956615244517598,-0.14128964037953323
168,1574395200,58,203,145,261,47,-0.6907563218762417,-1.504723366870798
168,1574409600,489,566,77,1055,47,-0.8610014077649668,-0.7508470584905305
168,1574424000,1473,1339,0,2812,47,-1.0537789314919055,0.917365377056233
168,1574438400,1036,1521,485,2557,47,0.16046910756738367,0.675251449301865
168,1574452800,1172,1964,792,3136,47,0.9290755982708925,1.224992485261783
168,1574467200,451,1220,769,1671,47,0.8714927015732354,-0.16597576634664526
168,1574481600,91,741,650,832,47,0.5735638012679666,-0.9625780619776837
168,1574496000,234,389,155,623,47,-0.6657202798337821,-1.1610165360979305
168,1574510400,970,1129,159,2099,47,-0.6557058630167983,0.2403958457273529
168,1574524800,1005,1492,487,2497,47,0.1654763159758756,0.6182834663008372
168,1574539200,957,1764,807,2721,47,0.9666296613345818,0.8309639361713409
168,1574553600,386,1143,757,1529,47,0.841449451122284,-0.300799992782411
168,1574568000,80,571,491,651,47,0.1754907327928594,-1.1344314773641175
168,1574582400,176,302,126,478,47,-0.738324801756915,-1.2986891616837475
168,1574596800,548,803,255,1351,47,-0.41535985940918646,-0.4698050090187934
168,1574611200,792,1310,518,2102,47,0.24308804630750025,0.2432442448774043
168,1574625600,701,1373,672,2074,47,0.6286430937613776,0.2166591861435913
168,1574640000,395,993,598,1388,47,0.4433763826471768,-0.43467475283482626
168,1574654400,47,277,230,324,47,-0.4779499645153354,-1.444906984719719
168,1574668800,503,580,77,1083,47,-0.8610014077649668,-0.7242619997567175
168,1574683200,1374,1317,0,2691,47,-1.0537789314919055,0.802479944670827
168,1574697600,847,1257,410,2104,47,-0.02730120775106311,0.2451431776441052
168,1574712000,1221,2558,1337,3779,47,2.293539889584939,1.8354993697561306
168,1574726400,527,1363,836,1890,48,1.2785050355213343,0.43883199344418206
168,1574740800,47,156,109,203,48,-0.7991932323273231,-1.3367948732963857
168,1574755200,503,473,0,976,48,-1.1107050771629539,-0.5231851708716917
168,1574769600,1427,1241,0,2668,48,-1.1107050771629539,1.257704371822464
168,1574784000,952,1402,450,2354,48,0.17535299784653133,0.927208321937142
168,1574798400,1193,2463,1270,3656,48,2.5188366011971492,2.2976091402514394
168,1574812800,423,995,572,1418,48,0.5240176315157695,-0.057964616574518596
168,1574827200,48,178,130,226,48,-0.7391771888268804,-1.3125865639098813
168,1574841600,400,494,94,894,48,-0.8420618348276393,-0.6094930565105338
168,1574856000,1258,1402,144,2660,48,-0.6991664931599186,1.2492840902967233
168,1574870400,1174,2596,1422,3770,48,2.95323843986702,2.417598151993244
168,1574884800,1079,1723,644,2802,48,0.7297869235172872,1.3987440873786205
168,1574899200,379,878,499,1257,48,0.3153904326808975,-0.22742278228004995
168,1574913600,49,198,149,247,48,-0.6848769589931466,-1.290483324904812
168,1574928000,138,186,48,324,48,-0.9735255491619422,-1.2094381152195577
168,1574942400,517,569,52,1086,48,-0.9620939218285246,-0.4074062998927572
168,1574956800,522,814,292,1336,48,-0.27619628182346573,-0.14427250221336066
168,1574971200,423,588,165,1011,48,-0.639150449659476,-0.48634643919657616
168,1574985600,286,572,286,858,48,-0.29334372282359217,-0.6473843233763669
168,1575000000,57,165,108,222,48,-0.8020511391606775,-1.3167967046727516
168,1575014400,165,235,70,400,48,-0.9106515988281452,-1.1294454407250212
168,1575028800,583,708,125,1291,48,-0.7534667229936525,-0.19163658579565204
168,1575043200,803,1114,311,1917,48,-0.2218960519897319,0.4672504435935569
168,1575057600,704,1185,481,1889,48,0.26394810968051813,0.4377794582534645
168,1575072000,336,780,444,1116,48,0.15820555684640486,-0.3758302441712296
168,1575086400,58,561,503,619,48,0.3268220600143152,-0.8989402339578699
168,1575100800,161,390,229,551,48,-0.4562444123247937,-0.9705126269266657
168,1575115200,754,895,141,1649,48,-0.7077402136599819,0.1851710124812438
168,1575129600,972,1321,349,2293,48,-0.11329559232226426,0.8630036753033692
168,1575144000,898,1589,691,2487,48,0.8641085446849446,1.067195502302581
168,1575158400,368,1096,728,1464,48,0.9698510975190578,-0.009547997801509634
168,1575172800,54,502,448,556,48,0.16963718417982251,-0.9652499509730779
168,1575187200,137,247,110,384,48,-0.7963353254939687,-1.1462860037765026
168,1575201600,669,857,188,1526,48,-0.5734185924923245,0.0557091840229807
168,1575216000,789,1380,591,2169,48,0.5783178613495034,0.7324893116543886
168,1575230400,503,1471,968,1974,48,1.6557487375241169,0.5272449494644593
168,1575244800,220,776,556,996,48,0.47829112218209896,-0.5021344670573399
168,1575259200,36,267,231,303,48,-0.45052859865808487,-1.2315413542246272
168,1575273600,454,481,27,935,48,-1.0335415926623848,-0.5663391136911127
168,1575288000,1214,1376,162,2590,48,-0.6477241701595392,1.1756066269464922
168,1575302400,728,1192,464,1920,48,0.2153636935134931,0.4704080491657096
168,1575316800,873,2109,1236,2982,48,2.421667768863099,1.588200421707786
168,1575331200,256,919,663,1175,49,0.5466838426591495,-0.5599535913322224
168,1575345600,35,107,72,142,49,-0.8459461185975633,-1.4893394564255586
168,1575360000,568,471,0,1039,49,-1.015606621491782,-0.6823122337840073
168,1575374400,1247,1285,38,2532,49,-0.926063578297611,0.6609337454844835
168,1575388800,759,1264,505,2023,49,0.17437329464128046,0.20298853219067112
168,1575403200,1156,2546,1390,3702,49,2.2597836427160534,1.7135779489299852
168,1575417600,376,1073,697,1449,49,0.6268013023591973,-0.3134369146278913
168,1575432000,55,110,55,165,49,-0.8860048484475871,-1.4686464507168009
168,1575446400,462,520,58,982,49,-0.8789356608269947,-0.7335949001057113
168,1575460800,1440,1520,80,2960,49,-0.8270949516093167,1.0460035908474532
168,1575475200,997,2271,1274,3268,49,1.9864417213864787,1.3231099281647307
168,1575489600,1191,2173,982,3364,49,1.29837412631548,1.4094807346012848
168,1575504000,341,1154,813,1495,49,0.9001432236887721,-0.27205090321037584
168,1575518400,44,149,105,193,49,-0.7681850547710463,-1.4434549655061393
168,1575532800,516,558,42,1074,49,-0.9166379948034877,-0.6508228772706803
168,1575547200,1529,1686,157,3215,49,-0.6456524693474438,1.2754260454445498
168,1575561600,1068,2321,1253,3389,49,1.9369574080423315,1.431973132110804
168,1575576000,1374,2301,927,3675,49,1.1687723532712853,1.6892861596197044
168,1575590400,432,1252,820,1684,49,0.9166379948034877,-0.10200837803841016
168,1575604800,48,237,189,285,49,-0.5702478013944576,-1.3606829426711085
168,1575619200,515,546,31,1061,49,-0.9425583494123267,-0.6625189239756303
168,1575633600,1488,1682,194,3170,49,-0.5584658220268036,1.2349397299274152
168,1575648000,1041,2317,1276,3358,49,1.9911545131335402,1.404082559199
168,1575662400,1203,2379,1176,3582,49,1.7555149257804585,1.6056144408842927
168,1575676800,414,1261,847,1675,49,0.9802606833888198,-0.1101056411418371
168,1575691200,324,416,92,740,49,-0.7988182011269469,-0.9513213079978577
168,1575705600,472,669,197,1141,49,-0.5513966344062111,-0.5905432519451687
168,1575720000,677,746,69,1423,49,-0.8530153062181557,-0.3368290080377913
168,1575734400,939,1142,203,2081,49,-0.5372582591650262,0.2551708944127558
168,1575748800,940,1392,452,2332,49,0.04948431334414716,0.48099456540832924
168,1575763200,412,993,581,1405,49,0.35345938102962254,-0.3530235342446452
168,1575777600,86,320,234,406,49,-0.46420998708557093,-1.2518197387250352
168,1575792000,106,202,96,308,49,-0.7893926176328236,-1.3399899369623507
168,1575806400,629,656,27,1285,49,-0.95198393290645,-0.4609870422903377
168,1575820800,916,1179,263,2095,49,-0.39587450675317726,0.2677666370180866
168,1575835200,688,1273,585,1961,49,0.3628849645237458,0.14720738636706332
168,1575849600,272,666,394,938,49,-0.08718664732064023,-0.7731815197224652
168,1575864000,40,101,61,141,49,-0.8718664732064022,-1.4902391523259395
168,1575878400,545,446,0,991,49,-1.015606621491782,-0.7254976370022843
168,1575892800,1572,1354,0,2926,49,-1.015606621491782,1.015413930234507
168,1575907200,779,1225,446,2004,49,0.03534593810296225,0.18589431008343646
168,1575921600,949,1707,758,2656,49,0.7705414506445771,0.772496037131699
168,1575936000,303,919,616,1222,50,0.592258353206923,-0.45246489722977196
168,1575950400,44,119,75,163,50,-0.7465094841953557,-1.4599609522478345
168,1575964800,564,500,0,1064,50,-0.9321057647964109,-0.602780644815092
168,1575979200,1466,1241,0,2707,50,-0.9321057647964109,0.9603128569740267
168,1575993600,835,1322,487,2157,50,0.2730327505731079,0.4370618368985457
168,1576008000,1164,2492,1328,3656,50,2.3541857103796073,1.8631587079769931
168,1576022400,384,610,226,994,50,-0.3728423059185644,-0.6693762291883351
168,1576036800,91,840,749,931,50,0.9213824241394609,-0.7293122551242538
168,1576051200,512,509,0,1021,50,-0.9321057647964109,-0.6436893609300841
168,1576065600,1461,1475,14,2936,50,-0.8974611257508806,1.178175554423636
168,1576080000,1204,1612,408,2816,50,0.0775380016733297,1.0640116954980765
168,1576094400,1150,2119,969,3269,50,1.4657981805692228,1.4949802629420637
168,1576108800,391,1212,821,1603,50,1.099554853516474,-0.08999464514112059
168,1576123200,42,136,94,178,50,-0.6994917597764216,-1.4456904698821396
168,1576137600,486,538,52,1024,50,-0.8034256769130126,-0.6408352644569452
168,1576152000,1409,1301,0,2710,50,-0.9321057647964109,0.9631669534471657
168,1576166400,926,1197,271,2123,50,-0.2614845375579312,0.4047154102029705
168,1576180800,1199,2564,1365,3763,50,2.445746542142795,1.9649548155189502
168,1576195200,396,1203,807,1599,50,1.0649102144709437,-0.0938001071053059
168,1576209600,51,177,126,228,50,-0.6203040133866381,-1.398122195329823
168,1576224000,470,483,13,953,50,-0.8999357428255613,-0.7083822143212345
168,1576238400,1377,1224,0,2601,50,-0.9321057647964109,0.8594681149231158
168,1576252800,948,1458,510,2406,50,0.32994894329076485,0.6739518441690817
168,1576267200,1137,2063,926,3200,50,1.3593896463579511,1.429336044059867
168,1576281600,410,1097,687,1507,50,0.7679561655092553,-0.18132573228156817
168,1576296000,68,302,234,370,50,-0.3530453693211185,-1.2630282956012444
168,1576310400,113,193,80,306,50,-0.7341363988219519,-1.3239156870282094
168,1576324800,657,656,0,1313,50,-0.9321057647964109,-0.36589063754455603
168,1576339200,903,1192,289,2095,50,-0.21694143021367798,0.37807717645367334
168,1576353600,945,1346,401,2291,50,0.060215682150564546,0.5645448126987538
168,1576368000,442,1030,588,1472,50,0.5229690751158623,-0.2146235244681897
168,1576382400,107,334,227,441,50,-0.37036768884388366,-1.195481345736955
168,1576396800,99,196,97,295,50,-0.6920679085523794,-1.3343807074297191
168,1576411200,622,561,0,1183,50,-0.9321057647964109,-0.4895681513805788
168,1576425600,949,1181,232,2130,50,-0.35799460347047996,0.4113749686402948
168,1576440000,687,1296,609,1983,50,0.5749360336841578,0.27152424145648446
168,1576454400,294,675,381,969,50,0.010723340656949812,-0.6931603664644932
168,1576468800,48,129,81,177,50,-0.7316617817472713,-1.4466418353731858
168,1576483200,465,546,81,1011,50,-0.7316617817472713,-0.6532030158405474
168,1576497600,1316,1340,24,2656,50,-0.8727149550040733,0.911793216930664
168,1576512000,815,1228,413,2043,50,0.0899110870467334,0.3286061709192642
168,1576526400,1097,2636,1539,3733,50,2.876329913137243,1.9364138507875603
168,1576540800,303,924,621,1227,51,0.8266658293937671,-0.31971546066839096
168,1576555200,44,122,78,166,51,-0.7414071062424512,-1.4072019394337405
168,1576569600,446,493,47,939,51,-0.830928765551333,-0.6149050043860353
168,1576584000,1306,1363,57,2669,51,-0.8020508109355646,1.1582821853067589
168,1576598400,788,1155,367,1943,51,0.09316578215325247,0.4141585438518637
168,1576612800,1137,2407,1270,3544,51,2.7008450839571294,2.055125417087796
168,1576627200,304,1084,780,1388,51,1.285825307784483,-0.15469630602068007
168,1576641600,41,139,98,180,51,-0.6836511970109146,-1.3928524477252437
168,1576656000,530,518,0,1048,51,-0.966655152245444,-0.5031839617984547
168,1576670400,1430,1291,0,2721,51,-0.966655152245444,1.211580297366889
168,1576684800,908,1346,438,2254,51,0.29819925992520735,0.732922252519181
168,1576699200,1108,2389,1281,3497,51,2.7326108340344746,2.0069521234949863
168,1576713600,362,1149,787,1511,51,1.3060398760155207,-0.02862577172460281
168,1576728000,42,148,106,190,51,-0.6605488333183,-1.3826028107906034
168,1576742400,449,484,35,933,51,-0.8655823110902549,-0.6210547865468196
168,1576756800,1289,1293,4,2582,51,-0.9551039703991366,1.069110343975387
168,1576771200,861,1191,330,2052,51,-0.013682649925090223,0.5258795864394443
168,1576785600,1111,2133,1022,3244,51,1.9846718094860758,1.7476363090485834
168,1576800000,353,1014,661,1367,51,0.9421776478568403,-0.17622054358342498
168,1576814400,45,196,151,241,51,-0.5305980375473427,-1.3303296624239371
168,1576828800,398,468,70,866,51,-0.7645094699350659,-0.6897273540089105
168,1576843200,1241,1158,0,2399,51,-0.966655152245444,0.8815419880714672
168,1576857600,987,1416,429,2403,51,0.2722091007710159,0.8856418428453234
168,1576872000,1110,2008,898,3118,51,1.626585172250549,1.6184908836721141
168,1576886400,351,890,539,1241,51,0.5898666015444671,-0.3053659689598944
168,1576900800,84,263,179,347,51,-0.4497397646231915,-1.2216835109167488
168,1576915200,105,165,60,270,51,-0.7933874245508341,-1.30060571531348
168,1576929600,579,647,68,1226,51,-0.7702850608582196,-0.320740424361855
168,1576944000,875,1035,160,1910,51,-0.5046078783931512,0.3803347419675503
168,1576958400,817,1231,414,2048,51,0.22889216884736344,0.5217797316655882
168,1576972800,374,936,562,1310,51,0.6562858971607342,-0.2346434741108754
168,1576987200,65,238,173,303,51,-0.4670665373926524,-1.2667819134291667
168,1577001600,97,175,78,272,51,-0.7414071062424512,-1.298555787926552
168,1577016000,522,506,0,1028,51,-0.966655152245444,-0.5236832356677356
168,1577030400,820,1089,269,1909,51,-0.18983817308127682,0.37930977827408624
168,1577044800,625,1111,486,1736,51,0.4368134420808952,0.20199105930480682
168,1577059200,379,705,326,1084,51,-0.02523383177139754,-0.4662852688337491
168,1577073600,59,113,54,172,51,-0.8107141973202951,-1.4010521572729562
168,1577088000,244,402,158,646,51,-0.5103834693163048,-0.9152193665709999
168,1577102400,1004,968,0,1972,51,-0.966655152245444,0.44388249096232096
168,1577116800,882,1182,300,2064,51,-0.1003165137723951,0.5381791507610129
168,1577131200,956,1659,703,2615,51,1.063465057243067,1.1029341458597004
168,1577145600,312,768,456,1080,52,1.4699490891205953,0.0707514691088502
168,1577160000,44,150,106,194,52,-0.6154372220790331,-1.244335278382923
168,1577174400,198,285,87,483,52,-0.7286439075441558,-0.8153735740656289
168,1577188800,773,864,91,1637,52,-0.7048109211304457,0.8975046500940845
168,1577203200,880,1105,225,1985,52,0.09359412372884052,1.4140398511405146
168,1577217600,633,1089,456,1722,52,1.4699490891205953,1.0236698572462297
168,1577232000,249,570,321,819,52,0.6655857976578814,-0.31664993167597233
168,1577246400,49,147,98,196,52,-0.6631031949064532,-1.2413666852734606
168,1577260800,67,129,62,196,52,-0.8776000726298435,-1.2413666852734606
168,1577275200,289,280,0,569,52,-1.247011362042349,-0.6877240703587526
168,1577289600,434,586,152,1020,52,-0.34135787832136766,-0.018306324175017045
168,1577304000,308,685,377,993,52,0.999247607449822,-0.05838233115275731
168,1577318400,218,507,289,725,52,0.47492190634820114,-0.4561738078206977
168,1577332800,32,115,83,147,52,-0.7524768939578659,-1.3140972164552855
168,1577347200,184,304,120,488,52,-0.532021769631048,-0.8079520912919733
168,1577361600,681,790,109,1471,52,-0.5975624822687506,0.6511114220087185
168,1577376000,761,947,186,1708,52,-0.13877749380483234,1.0028897054799941
168,1577390400,739,1351,612,2090,52,2.399435559255287,1.5698909893872823
168,1577404800,272,511,239,783,52,0.17700957617682564,-0.3700846076462927
168,1577419200,57,134,77,191,52,-0.788226373578431,-1.2487881680471162
168,1577433600,218,318,100,536,52,-0.6511867016995981,-0.7367058566648795
168,1577448000,789,791,2,1580,52,-1.2350948688354941,0.8128997464744107
168,1577462400,882,1107,225,1989,52,0.09359412372884052,1.4199770373594391
168,1577476800,812,1362,550,2174,52,2.0300242698427815,1.6945718999846964
