remote_unit_id,time_stamp,entries,exits,num_people_exited,sum_exit_entry,week_num,z_score_num_people_exited,z_score_sum_exit_entry
178,1546300800,0,0,0,0,1,-1.0801142386773406,-1.242839973447169
178,1546315200,100,183,83,283,1,-0.4864090611262196,-0.8575702782122355
178,1546329600,32,118,86,150,1,-0.46494983784123933,-1.0386334212025046
178,1546344000,145,273,128,418,1,-0.16452071185151546,-0.6737843811920377
178,1546358400,380,435,55,815,1,-0.6866951451193689,-0.13331770625115943
178,1546372800,276,383,107,659,1,-0.3147352748463774,-0.3456925205856103
178,1546387200,156,171,15,327,1,-0.9728181222524392,-0.7976696895538007
178,1546401600,24,30,6,54,1,-1.03719579210738,-1.1693256146390896
178,1546416000,187,471,284,658,1,0.951358898967459,-0.34705389760057476
178,1546430400,741,1291,550,2032,1,2.8540766969023768,1.5234781209605501
178,1546444800,747,935,188,1682,1,0.2646637538480901,1.0469961657230002
178,1546459200,954,1096,142,2050,1,-0.06437766985494082,1.5479829072299098
178,1546473600,254,288,34,542,1,-0.8369097081142308,-0.5049736313364485
178,1546488000,25,24,0,49,1,-1.0801142386773406,-1.1761324997139118
178,1546502400,199,482,283,681,1,0.9442058245391322,-0.31574222625639287
178,1546516800,833,1277,444,2110,1,2.0958508074997404,1.6296655281277757
178,1546531200,774,938,164,1712,1,0.09298996756824787,1.0878374761719332
178,1546545600,994,1140,146,2134,1,-0.03576537214163379,1.6623385764869218
178,1546560000,273,360,87,633,1,-0.4577967634129126,-0.3810883229746855
178,1546574400,29,35,6,64,1,-1.03719579210738,-1.1557118444894454
178,1546588800,189,471,282,660,1,0.9370527501108055,-0.34433114357064587
178,1546603200,859,1256,397,2115,1,1.7596563093683828,1.6364724132025978
178,1546617600,778,1016,238,1794,1,0.622317475264428,1.1994703913990163
178,1546632000,979,1066,87,2045,1,-0.4577967634129126,1.5411760221550876
178,1546646400,327,355,28,682,1,-0.8798281546841914,-0.31438084924142845
178,1546660800,38,58,20,96,1,-0.9370527501108055,-1.1121477800105837
178,1546675200,42,206,164,248,1,0.09298996756824787,-0.9052184737359905
178,1546689600,225,656,431,881,1,2.0028608399314924,-0.04346682326350714
178,1546704000,469,723,254,1192,1,0.7367666661176562,0.3799214283904302
178,1546718400,614,522,0,1136,1,-1.0801142386773406,0.3036843155524222
178,1546732800,286,243,0,529,1,-1.0801142386773406,-0.5226715325309861
178,1546747200,35,61,26,96,1,-0.8941343035408449,-1.1121477800105837
178,1546761600,31,141,110,172,1,-0.29327605156139713,-1.008683126873287
178,1546776000,214,413,199,627,1,0.34334757255968446,-0.389256585064472
178,1546790400,484,630,146,1114,1,-0.03576537214163379,0.2737340212232047
178,1546804800,439,443,4,882,1,-1.0515019409640336,-0.04210544624854271
178,1546819200,144,189,45,333,1,-0.7582258894026365,-0.7895014274640141
178,1546833600,22,19,0,41,1,-1.0801142386773406,-1.1870235158336273
178,1546848000,232,506,274,738,1,0.8798281546841914,-0.23814373640342043
178,1546862400,868,1125,257,1993,1,0.7582258894026365,1.4703844173769374
178,1546876800,714,994,280,1708,1,0.9227466012541519,1.0823919681120755
178,1546891200,958,1250,292,2208,1,1.008583494394073,1.7630804755942897
178,1546905600,247,296,49,543,2,-0.5063970395782217,-0.7302766634157886
178,1546920000,23,37,14,60,2,-0.6364920497459928,-1.3564132819302726
178,1546934400,238,506,268,744,2,0.30762602404297423,-0.4697104929780841
178,1546948800,940,1270,330,2210,2,0.5380800420544544,1.4307372973785069
178,1546963200,806,958,152,1764,2,-0.12354600965592408,0.852565595810267
178,1546977600,1045,1202,157,2247,2,-0.10496100820338536,1.4787022143247508
178,1546992000,297,339,42,636,2,-0.5324160416117759,-0.6097161964968507
178,1547006400,43,23,0,66,2,-0.6885300538131012,-1.348635187290341
178,1547020800,241,535,294,776,2,0.4042680315961756,-0.4282273215651162
178,1547035200,985,1336,351,2321,2,0.616137048155117,1.5746320482172391
178,1547049600,791,961,170,1752,2,-0.056640004426784685,0.837009406530404
178,1547064000,1056,1195,139,2251,2,-0.17186701343252475,1.4838876107513719
178,1547078400,323,417,94,740,2,-0.3391320265053732,-0.47489588940470506
178,1547092800,46,41,0,87,2,-0.6885300538131012,-1.3214118560505808
178,1547107200,267,531,264,798,2,0.29275802288094327,-0.3997076412187008
178,1547121600,897,1114,217,2011,2,0.11805900922707929,1.1727638251541128
178,1547136000,787,899,112,1686,2,-0.27222602127623385,0.7514503654911577
178,1547150400,1023,1222,199,2245,2,0.0511530039979399,1.4761095161114404
178,1547164800,299,402,103,701,2,-0.30567902389080354,-0.5254535045642597
178,1547179200,32,38,6,70,2,-0.6662280520700548,-1.34344979086372
178,1547193600,194,535,341,729,2,0.5789670452500396,-0.48915572957791276
178,1547208000,888,1221,333,2109,2,0.5492310429259776,1.299806037606327
178,1547222400,762,972,210,1734,2,0.09204000719352508,0.8136751226106096
178,1547236800,960,1257,297,2217,2,0.41541903246769885,1.4398117411250935
178,1547251200,333,314,0,647,2,-0.6885300538131012,-0.5954563563236429
178,1547265600,56,53,0,109,2,-0.6885300538131012,-1.2928921757041654
178,1547280000,41,220,179,261,2,-0.023187001812214985,-1.095847111492568
178,1547294400,267,623,356,890,2,0.6347220496076558,-0.28044352340641815
178,1547308800,558,602,44,1160,2,-0.5249820410307604,0.06957073539049831
178,1547323200,631,534,0,1165,2,-0.6885300538131012,0.07605248092377453
178,1547337600,271,255,0,526,2,-0.6885300538131012,-0.7523145982289278
178,1547352000,61,73,12,134,2,-0.6439260503270082,-1.2604834480377842
178,1547366400,45,1764,1719,1809,2,5.700993445569711,0.910901305609753
178,1547380800,214,441,227,655,2,0.15522901213215673,-0.585085563470401
178,1547395200,431,515,84,946,2,-0.37630202941045066,-0.20784797343372438
178,1547409600,393,399,6,792,2,-0.6662280520700548,-0.4074857358586323
178,1547424000,192,150,0,342,2,-0.6885300538131012,-0.990842833853493
178,1547438400,16,22,6,38,2,-0.6662280520700548,-1.384932962276688
178,1547452800,224,486,262,710,2,0.28532402229992776,-0.5137863626043625
178,1547467200,876,1224,348,2100,2,0.6049860472835937,1.2881388956464297
178,1547481600,707,893,186,1600,2,0.0028320002213392237,0.6399643423188066
178,1547496000,938,1147,209,2085,2,0.08832300690301734,1.268693659046601
178,1547510400,258,301,43,559,3,-0.7852109220726157,-0.5791453757985422
178,1547524800,26,25,0,51,3,-1.0949069534105564,-1.2522420285755231
178,1547539200,252,550,298,802,3,1.0513585660942426,-0.2571719769308132
178,1547553600,908,1189,281,2097,3,0.928920600216452,1.458694490286097
178,1547568000,756,973,217,1729,3,0.4679776698530052,0.9710969150460792
178,1547582400,999,1218,219,2217,3,0.48238213642686295,1.617693699603494
178,1547596800,312,377,65,689,3,-0.6267617897601808,-0.4068962323713621
178,1547611200,31,28,0,59,3,-1.0949069534105564,-1.2416420812876967
178,1547625600,246,516,270,762,3,0.8496960340602345,-0.3101717133699455
178,1547640000,992,1304,312,2296,3,1.1521898321112465,1.7223681790707803
178,1547654400,904,889,0,1793,3,-1.0949069534105564,1.055896493348691
178,1547668800,1334,1236,0,2570,3,-1.0949069534105564,2.085416373678837
178,1547683200,353,393,40,746,3,-0.8068176219334022,-0.33137160794559845
178,1547697600,28,33,5,61,3,-1.0588957869759121,-1.23899209446574
178,1547712000,251,470,219,721,3,0.48238213642686295,-0.3644964432200562
178,1547726400,971,1288,317,2259,3,1.1882009985458908,1.673343422864583
178,1547740800,776,995,219,1771,3,0.48238213642686295,1.0267466383071682
178,1547755200,1013,1163,150,2176,3,-0.014571960371228113,1.5633689697533835
178,1547769600,295,395,100,690,3,-0.3746836247176709,-0.4055712389603838
178,1547784000,30,35,5,65,3,-1.0588957869759121,-1.2336921208218268
178,1547797449,52,408,356,460,3,1.4690880967361162,-0.7103197234853948
178,1547798400,204,299,95,503,3,-0.41069479115231516,-0.6533450068133275
178,1547812800,862,1271,409,2133,3,1.8508064609433454,1.5063942530813161
178,1547827200,767,985,218,1752,3,0.4751799031399341,1.0015717634985803
178,1547841600,927,1064,137,1991,3,-0.10820099310130324,1.3182451887223963
178,1547856000,314,316,2,630,3,-1.0805024868366988,-0.48507084361908226
178,1547870400,38,59,21,97,3,-0.9436600543850505,-1.191292331670521
178,1547884800,37,203,166,240,3,0.10066377221963357,-1.0018182739006227
178,1547899200,255,632,377,887,3,1.6203349957616222,-0.14454753699765688
178,1547913600,524,704,180,1228,3,0.20149503823663756,0.3072752161459465
178,1547928000,619,570,0,1189,3,-1.0949069534105564,0.25560047311779244
178,1547942400,249,249,0,498,3,-1.0949069534105564,-0.6599699738682191
178,1547956800,35,39,4,74,3,-1.066098020262841,-1.221767180123022
178,1547971200,29,154,125,183,3,-0.1946277925444495,-1.0773428983263864
178,1547985600,165,453,288,618,3,0.979336233224954,-0.500970764550822
178,1548000000,419,614,195,1033,3,0.3095285375405704,0.04890150100517622
178,1548014400,383,442,59,825,3,-0.6699751894817539,-0.22669712847831205
178,1548028800,172,169,0,341,3,-1.0949069534105564,-0.8679939393918136
178,1548043200,24,33,9,57,3,-1.0300868538281969,-1.2442920681096534
178,1548057600,65,325,260,390,3,0.777673701190946,-0.8030692622538764
178,1548072000,352,877,525,1229,3,2.686265522227093,0.3086002095569248
178,1548086400,463,773,310,1236,3,1.1377853655373888,0.3178751634337729
178,1548100800,542,583,41,1125,3,-0.7996153886464734,0.17080089481518065
178,1548115200,201,175,0,376,4,-1.3556682036769436,-0.8886179495393177
178,1548129600,21,16,0,37,4,-1.3556682036769436,-1.3130013515968364
178,1548144000,242,494,252,736,4,0.6700825047399379,-0.4379453101862004
178,1548158400,901,1114,213,2015,4,0.3565734665325634,1.1631944279600135
178,1548172800,736,933,197,1669,4,0.22795437393466614,0.7300479468039618
178,1548187200,996,1224,228,2220,4,0.47715386584309205,1.4198274587027606
178,1548201600,264,372,108,636,4,-0.4874893286411373,-0.5631321544509552
178,1548216000,29,25,0,54,4,-1.3556682036769436,-1.2917195880718282
178,1548230400,250,524,274,774,4,0.8469337570620467,-0.3903743093655936
178,1548244800,964,1351,387,2315,4,1.755306098534696,1.5387549607542779
178,1548259200,799,1033,234,1832,4,0.5253860255673035,0.9341025029555121
178,1548273600,1063,1213,150,2276,4,-0.14986421057165702,1.4899320914910235
178,1548288000,274,427,153,701,4,-0.1257481307095513,-0.4817607056788646
178,1548302400,32,42,10,74,4,-1.275281270803258,-1.2666822192188771
178,1548316800,243,527,284,770,4,0.9273206899357324,-0.3953817831361838
178,1548331200,943,1320,377,2263,4,1.67491916566101,1.4736578017366053
178,1548345600,713,1015,302,1728,4,1.0720171691083669,0.8039081849201671
178,1548360000,1104,1189,85,2293,4,-0.6723792742506146,1.5112138550160317
178,1548374400,315,388,73,703,4,-0.7688435936990375,-0.4792569687935695
178,1548388800,27,28,1,55,4,-1.347629510389575,-1.2904677196291805
178,1548403200,230,503,273,733,4,0.838895063774678,-0.4417009155141431
178,1548417600,903,1327,424,2230,4,2.052737750167333,1.4323461431292361
178,1548432000,767,981,214,1748,4,0.36461215981993195,0.8289455537731181
178,1548446400,983,1197,214,2180,4,0.36461215981993195,1.3697527209968587
178,1548460800,313,408,95,721,4,-0.5919923413769288,-0.45672333682591365
178,1548475200,35,83,48,118,4,-0.9698109258832519,-1.211600007742385
178,1548489600,43,210,167,253,4,-0.013206424686391202,-1.042597767984966
178,1548504000,291,599,308,890,4,1.1202493288325783,-0.24515757001847804
178,1548518400,518,721,203,1239,4,0.2761865336588776,0.19174451646551618
178,1548532800,599,593,0,1192,4,-1.3556682036769436,0.13290669966108143
178,1548547200,254,253,0,507,4,-1.3556682036769436,-0.7246231835524889
178,1548561600,39,72,33,111,4,-1.0903913251937807,-1.2203630868409179
178,1548576000,26,144,118,170,4,-0.4071023957674515,-1.1465028487247126
178,1548590400,194,487,293,681,4,0.9996689295220496,-0.5067980745318156
178,1548604800,463,681,218,1144,4,0.39676693296940624,0.07281701441399914
178,1548619200,404,478,74,882,4,-0.7608049004116689,-0.2551725175596584
178,1548633600,180,154,0,334,4,-1.3556682036769436,-0.9411964241305147
178,1548648000,21,22,1,43,4,-1.347629510389575,-1.3054901409409512
178,1548662400,241,488,247,729,4,0.6298890383030951,-0.4467083892847333
178,1548676800,911,1289,378,2200,4,1.6829578589483787,1.3947900898498098
178,1548691200,777,968,191,1745,4,0.17972221421045467,0.8251899484451755
178,1548705600,986,1242,256,2228,4,0.7022372778894123,1.429842406243941
178,1548720000,307,333,26,640,5,-0.38830870959889296,-0.5238861560896841
178,1548734400,38,22,0,60,5,-0.4171325384423586,-0.7887980746005968
178,1548748800,252,512,260,764,5,-0.12889425000770258,-0.4672498148907994
178,1548763200,916,1232,316,2148,5,-0.06681215711408435,0.16488483203868876
178,1548777600,780,1013,233,1793,5,-0.15882668765283992,0.0027404681225266826
178,1548792000,1114,1247,133,2361,5,-0.2696875678200153,0.26217145038838596
178,1548806400,261,339,78,600,5,-0.33066105191196177,-0.5421559435731954
178,1548820800,31,27,0,58,5,-0.4171325384423586,-0.7897115639747724
178,1548835200,242,446,204,688,5,-0.1909763429013208,-0.5019624111094707
178,1548849600,946,1319,373,2265,5,-0.0036214554187943794,0.21832396042795907
178,1548864000,777,965,188,1742,5,-0.20871408372806885,-0.02055351091895012
178,1548878400,1024,1217,193,2241,5,-0.20317103971971007,0.20736208793785232
178,1548892800,246,340,94,586,5,-0.3129233110852137,-0.5485503691924244
178,1548907200,22,27,5,49,5,-0.4115894944339998,-0.7938222661585624
178,1548921600,219,475,256,694,5,-0.1333286852143896,-0.49922194298694406
178,1548936000,842,1174,332,2016,5,-0.04907441628733629,0.10459453334310173
178,1548950400,654,888,234,1542,5,-0.15771807885116818,-0.11190244833650621
178,1548964800,990,1109,119,2099,5,-0.2852080910434199,0.1425043423713875
178,1548979200,260,381,121,641,5,-0.28299087344007634,-0.5234294114025965
178,1548993600,30,31,1,61,5,-0.4160239296406868,-0.7883413299135091
178,1549008000,208,504,296,712,5,-0.08898433314751943,-0.491000538619364
178,1549195200,1588,3286,1698,4874,5,1.4652852067962796,1.4099708490399783
178,1549209600,1735,6695,4960,8430,5,5.0815671178495405,3.0341549563241257
178,1549224000,150,441,291,591,5,-0.0945273771558782,-0.5462666457569855
178,1549238400,118,189,71,307,5,-0.33842131352366406,-0.675982136889915
178,1549252800,19,28,9,47,5,-0.40715505922731277,-0.794735755532738
178,1549267200,5908,3628,0,9536,5,-0.4171325384423586,3.539314580243211
178,1549281600,895,1260,365,2155,5,-0.01249032583216841,0.16808204484830322
178,1549296000,751,985,234,1736,5,-0.15771807885116818,-0.023293979041476804
178,1549310400,988,1186,198,2174,5,-0.1976279957113513,0.17676019390297104
178,1549324800,281,328,47,609,6,-0.367437333510632,-0.07724441917630745
178,1549339200,33,28,0,61,6,-0.5827013369384875,-0.7723173536363485
178,1549352486,43,355,312,398,6,0.8462852390081277,-0.34487286656876853
178,1549352570,173,240,67,413,6,-0.27583562992431054,-0.3258471475598258
178,1549353600,81,137,56,218,6,-0.32621656689678735,-0.5731814946760813
178,1549368000,1022,1360,338,2382,6,0.9653674536703456,2.171595567680723
178,1549382400,827,959,132,1786,6,0.02186990673123428,1.4156403323920652
178,1549396800,1129,1257,128,2386,6,0.0035495660139699837,2.1766690927497745
178,1549411200,310,425,115,735,6,-0.05599154131713898,0.08257162049881148
178,1549425600,32,23,0,55,6,-0.5827013369384875,-0.7799276412399255
178,1549440000,266,529,263,795,6,0.62186106522164,0.15867449653458238
178,1549454400,952,1313,361,2265,6,1.0707094127946153,2.0231949594109695
178,1549468800,790,985,195,1775,6,0.310415273028147,1.401688138452174
178,1549483200,1041,1223,182,2264,6,0.25087416569703797,2.021926578143707
178,1549497600,284,416,132,700,6,0.02186990673123428,0.03817827614461177
178,1549512000,25,23,0,48,6,-0.5827013369384875,-0.7888063101107655
178,1549526400,222,553,331,775,6,0.9333068574151331,0.1333068711893254
178,1549538100,1080,428,0,1508,6,-0.5827013369384875,1.0630303400929935
178,1549538242,412,368,0,780,6,-0.5827013369384875,0.13964877752563967
178,1549538307,115,1161,1046,1276,6,4.208067760626126,0.7687658860880126
178,1549538374,1,0,0,1,6,-0.5827013369384875,-0.8484202296721194
178,1549538435,1,0,0,1,6,-0.5827013369384875,-0.8484202296721194
178,1549538514,1,15,14,16,6,-0.5185801444280624,-0.8293945106631767
178,1549538636,21,15,0,36,6,-0.5827013369384875,-0.8040268853179197
178,1549538701,14,10,0,24,6,-0.5827013369384875,-0.8192474605250739
178,1549538763,3,3,0,6,6,-0.5827013369384875,-0.8420783233358051
178,1549538835,6,21,15,27,6,-0.5140000592487464,-0.8154423167232854
178,1549538902,6,3,0,9,6,-0.5827013369384875,-0.8382731795340166
178,1549538963,10,5,0,15,6,-0.5827013369384875,-0.8306628919304395
178,1549539036,3,2,0,5,6,-0.5827013369384875,-0.843346704603068
178,1549539116,5,0,0,5,6,-0.5827013369384875,-0.843346704603068
178,1549539201,5,47,42,52,6,-0.3903377594072124,-0.7837327850417142
178,1549539284,2,1,0,3,6,-0.5827013369384875,-0.8458834671375937
178,1549539575,20,6,0,26,6,-0.5827013369384875,-0.8167106979905482
178,1549540734,12,95,83,107,6,-0.20255426705525337,-0.7139718153422574
178,1549540800,47,82,35,129,6,-0.4223983556624249,-0.6860674274624747
178,1549540806,0,0,0,0,6,-0.5827013369384875,-0.8496886109393823
178,1549540896,0,13,13,13,6,-0.5231602296073785,-0.8331996544649652
178,1549550755,512,175,0,687,6,-0.5827013369384875,0.02168931967019474
178,1549555200,281,1066,785,1347,6,3.0126655288246305,0.8588209560636748
178,1549564565,1636,251,0,1887,6,-0.5827013369384875,1.543746840385613
178,1549564646,281,818,537,1099,6,1.8768044043542442,0.5442624017824884
178,1549564727,4,20,16,24,6,-0.5094199740694303,-0.8192474605250739
178,1549564807,3,7,4,10,6,-0.5643809962212232,-0.8370047982667538
178,1549564887,26,5,0,31,6,-0.5827013369384875,-0.8103687916542339
178,1549564968,10,1,0,11,6,-0.5827013369384875,-0.835736416999491
178,1549565053,10,7,0,17,6,-0.5827013369384875,-0.8281261293959138
178,1549565136,6,1,0,7,6,-0.5827013369384875,-0.8408099420685423
178,1549569600,102,384,282,486,6,0.7088826836286454,-0.23325531504963784
178,1549584000,171,461,290,632,6,0.745523365063174,-0.048071650029261934
178,1549598400,26,28,2,54,6,-0.5735411665798553,-0.7811960225071884
178,1549612800,67,489,422,556,6,1.3500946087328958,-0.14446862634123842
178,1549627200,126,1336,1210,1462,6,4.959201730033962,1.0046848017989025
178,1549632529,65,388,323,453,6,0.8966661759806045,-0.2751118968693118
178,1549632616,2,0,0,2,6,-0.5827013369384875,-0.8471518484048566
178,1549632687,1867,866,0,2733,6,-0.5827013369384875,2.6167973924899828
178,1549632752,1860,850,0,2710,6,-0.5827013369384875,2.587624623342937
178,1549632907,5,3,0,8,6,-0.5827013369384875,-0.8395415608012795
178,1549633355,16,6,0,22,6,-0.5827013369384875,-0.8217842230595996
178,1549634211,27,125,98,152,6,-0.13385298936551224,-0.6568946583154293
178,1549641600,664,492,0,1156,6,-0.5827013369384875,0.6165601340164707
178,1549656000,981,1210,229,2191,6,0.4661381691248935,1.9293347456335188
178,1549670400,325,389,64,714,6,-0.28957588546225876,0.05593561388629165
178,1549684800,39,50,11,89,6,-0.5323203999660107,-0.7368026781529887
178,1549699200,45,192,147,237,6,0.09057118442097539,-0.5490822505980871
178,1549713600,265,511,246,776,6,0.5439996171732667,0.13457525245658827
178,1549728000,483,542,59,1025,6,-0.31247631135883913,0.45040218800503756
178,1549742400,574,507,0,1081,6,-0.5827013369384875,0.5214315389717571
178,1549756800,239,230,0,469,6,-0.5827013369384875,-0.25481779659310627
178,1549771200,39,57,18,96,6,-0.5002598037107981,-0.7279240092821488
178,1549785600,31,126,95,157,6,-0.14759324490346046,-0.650552751979115
178,1549800000,219,400,181,619,6,0.24629408051772192,-0.06456060650367897
178,1549814400,382,505,123,887,6,-0.01935085988261039,0.27536557312276444
178,1549828800,343,432,89,775,6,-0.1750737559793569,0.1333068711893254
178,1549843200,178,132,0,310,6,-0.5827013369384875,-0.4564904180878992
178,1549857600,23,17,0,40,6,-0.5827013369384875,-0.7989533602488683
178,1549872000,248,474,226,722,6,0.45239791358694526,0.06608266402439444
178,1549886400,887,1302,415,2189,6,1.3180340124776833,1.9267979830989932
178,1549900800,806,967,161,1773,6,0.15469237693140042,1.3991513759176482
178,1549915200,977,1215,238,2192,6,0.5073589357387381,1.9306031269007817
178,1549929600,264,349,85,613,7,-0.38372112137623465,-0.4363572536306975
178,1549944000,35,32,0,67,7,-0.8908219747993431,-1.2182719134080147
178,1549958400,238,508,270,746,7,0.7199689713681781,-0.2458908621464792
178,1549972800,874,1215,341,2089,7,1.143547331286304,1.6773900684046876
178,1549987200,735,1007,272,1742,7,0.7319007561546041,1.1804589567879678
178,1550001600,951,1253,302,2204,7,0.9108775279509954,1.8420790535226208
178,1550016000,262,330,68,592,7,-0.4851412920608563,-0.46643089439136354
178,1550030400,29,31,2,60,7,-0.8788901900129171,-1.2282964603282367
178,1550044800,255,516,261,771,7,0.6662759398292607,-0.210088908859972
178,1550046754,35,187,152,222,7,0.01599366896903916,-0.9962998030316701
178,1550049453,33,292,259,325,7,0.6543441550428346,-0.8487957554912604
178,1550059200,972,810,0,1782,7,-0.8908219747993431,1.2377420820463791
178,1550072399,264,869,605,1133,7,2.718542923094547,0.30832337472865223
178,1550073600,842,265,0,1107,7,-0.8908219747993431,0.2710893433106848
178,1550088000,1174,1208,34,2382,7,-0.6879816334300998,2.096988960922552
178,1550102400,292,441,149,733,7,-0.0019040082105999646,-0.2645078778554629
178,1550116800,33,23,0,56,7,-0.8908219747993431,-1.2340247728540779
178,1550131200,227,470,243,697,7,0.558889876751426,-0.3160626905880333
178,1550145600,948,1322,374,2270,7,1.3404217802623344,1.9365962101989997
178,1550160000,811,972,161,1783,7,0.06968670050795653,1.2391741601778394
178,1550174400,1024,1214,190,2238,7,0.24269757991113475,1.8907697099922705
178,1550188800,284,300,16,584,7,-0.7953676965079345,-0.47788751944304586
178,1550203200,39,38,0,77,7,-0.8908219747993431,-1.203951132093412
178,1550217600,208,502,294,710,7,0.863150388805291,-0.29744567487904955
178,1550226402,74,918,844,992,7,4.144391205072464,0.10640035819275165
178,1550228218,17,141,124,158,7,-0.151051318040926,-1.0879528034451285
178,1550232000,863,508,0,1371,7,-0.8908219747993431,0.6491579700162008
178,1550246400,803,1001,198,1804,7,0.2904247190568391,1.2692478009385055
178,1550260800,993,1122,129,2115,7,-0.1212218560748608,1.7146240998226552
178,1550275200,321,371,50,692,7,-0.592527355138691,-0.3232230812453348
178,1550289600,36,43,7,79,7,-0.8490607280468518,-1.2010869758304914
178,1550304000,44,185,141,229,7,-0.0496311473563043,-0.9862752561114481
178,1550318400,267,513,246,780,7,0.5767875539310651,-0.19720020567682942
178,1550332800,583,665,82,1248,7,-0.40161879855587374,0.47301235984658535
178,1550347200,573,507,0,1080,7,-0.8908219747993431,0.23242323376125698
178,1550361600,256,218,0,474,7,-0.8908219747993431,-0.6354161139036776
178,1550376000,34,54,20,88,7,-0.7715041269350823,-1.1881982726473488
178,1550390400,29,133,104,162,7,-0.27036916590518684,-1.0822244909192873
178,1550404800,214,445,231,659,7,0.48729916803286943,-0.37048165958352425
178,1550419200,473,663,190,1136,7,0.24269757991113475,0.3126196091230331
178,1550433600,406,388,0,794,7,-0.8908219747993431,-0.17715111183638538
178,1550448000,166,173,7,339,7,-0.8490607280468518,-0.8287466616508165
178,1550462400,23,39,16,62,7,-0.7953676965079345,-1.2254323040653161
178,1550476800,59,230,171,289,7,0.12934562444008696,-0.9003505682238309
178,1550491200,410,725,315,1135,7,0.988434129062765,0.3111875309915728
178,1550505600,603,668,65,1271,7,-0.5030389692404954,0.505950156870172
178,1550520000,622,570,0,1192,7,-0.8908219747993431,0.39281598448480926
178,1550534400,224,193,0,417,8,-1.3929616608817588,-0.9187973271612149
178,1550548800,19,7,0,26,8,-1.3929616608817588,-1.402059621652156
178,1550563200,204,471,267,675,8,0.7271742412978441,-0.5999183706940465
178,1550577600,859,1289,430,2148,8,2.02148941753483,1.2206579970429259
178,1550592000,718,985,267,1703,8,0.7271742412978441,0.6706535953844379
178,1550606400,981,1093,112,2074,8,-0.5036162637127868,1.1291965909244357
178,1550620800,258,387,129,645,8,-0.36862633735678213,-0.6369973191204615
178,1550635200,27,23,0,50,8,-1.3929616608817588,-1.372396462911024
178,1550649600,243,516,273,759,8,0.7748177447176106,-0.4960973151000848
178,1550664000,939,1317,378,2256,8,1.6085790545635217,1.3541422113780195
178,1550678400,779,978,199,1757,8,0.18721453587382542,0.7373957025519847
178,1550692800,1020,1203,183,2223,8,0.06016519342111512,1.3133553681089631
178,1550707200,304,392,88,696,8,-0.6941902773918522,-0.5739631067955562
178,1550721600,30,28,0,58,8,-1.3929616608817588,-1.3625087433306466
178,1550736000,228,516,288,744,8,0.8939265032670264,-0.5146367893132923
178,1550739602,47,384,337,431,8,1.2830151145284516,-0.9014938178955546
178,1550750400,940,934,0,1874,8,-1.3929616608817588,0.8820036014150029
178,1550764800,750,1077,327,1827,8,1.2036092754955077,0.8239132488802862
178,1550779200,1035,1138,103,2173,8,-0.5750815188424363,1.251557120731605
178,1550793600,305,431,126,736,8,-0.3924480890666653,-0.5245245088936695
178,1550808000,32,39,7,71,8,-1.3373775735586981,-1.3464411990125336
178,1550822400,206,482,276,688,8,0.7986394964274937,-0.5838508263759334
178,1550824726,26,221,195,247,8,0.15545220026064785,-1.1289113682442327
178,1550836800,860,1075,215,1935,8,0.3142638783265357,0.9573974632153799
178,1550851200,837,1049,212,1886,8,0.29044212661665253,0.8968351807855689
178,1550865600,961,1110,149,2071,8,-0.20981465929089424,1.1254886960817942
178,1551484800,9362,9685,323,19047,9,1.5948980336956295,4.081860113317034
178,1551499200,46,62,16,108,9,-1.0693723817221605,-0.4016166844855646
178,1551513600,44,177,133,221,9,-0.053998966074338184,-0.3748659121030896
178,1551528000,278,557,279,835,9,1.213048202169953,-0.2295121577416769
178,1551542400,489,631,142,1120,9,0.024106681283186607,-0.16204339553808958
178,1551556800,653,596,0,1249,9,-1.2082268659133157,-0.1315049031722553
178,1551571200,287,286,0,573,9,-1.2082268659133157,-0.2915360724691852
178,1551585600,36,63,27,99,9,-0.9739099238407413,-0.40374727697620416
178,1551600000,31,146,115,177,9,-0.21021026078938776,-0.38528214205732764
178,1551614400,205,425,220,630,9,0.7010222917150681,-0.2780423200284678
178,1551628800,458,601,143,1059,9,0.03278508654513381,-0.17648407797464685
178,1551643200,393,439,46,832,9,-0.8090202238637445,-0.23022235523855678
178,1551657600,137,164,27,301,9,-0.9739099238407413,-0.35592731218629314
178,1551672000,20,19,0,39,9,-1.2082268659133157,-0.4179512269138015
178,1551686400,225,431,206,656,9,0.5795246180478073,-0.2718872750555089
178,1551700800,844,1200,356,2044,9,1.8812854073398873,0.056697433500909354
178,1551715200,676,891,215,1567,9,0.6576302654053321,-0.05622396850298944
178,1551729600,833,1091,258,1924,9,1.0308016916690617,0.028289533625714687
178,1551744000,280,337,57,617,10,-0.5131291956346591,-0.3202630400200263
178,1551758400,28,21,0,49,10,-0.9167124552056837,-0.9902094340692844
178,1551772800,260,534,274,794,10,1.023319353960294,-0.11149453342369059
178,1551787200,981,1304,323,2285,10,1.3702593490301223,1.6471147509556119
178,1551801600,798,1020,222,1818,10,0.6551381347025172,1.096296148805958
178,1551816000,1072,1257,185,2329,10,0.3931630363844838,1.699012006832667
178,1551830400,307,441,134,748,10,0.03206222518935654,-0.16575075547697557
178,1551844800,29,25,0,54,10,-0.9167124552056837,-0.98431201862871
178,1551847332,2,6,4,8,10,-0.8883908229550854,-1.038568240681995
178,1551847347,0,0,0,0,10,-0.9167124552056837,-1.048004105386914
178,1551847416,0,0,0,0,10,-0.9167124552056837,-1.048004105386914
178,1551847429,0,0,0,0,10,-0.9167124552056837,-1.048004105386914
178,1551847497,0,0,0,0,10,-0.9167124552056837,-1.048004105386914
178,1551847577,1,0,0,1,10,-0.9167124552056837,-1.0468246222987991
178,1551847658,1,2,1,3,10,-0.9096320471430341,-1.0444656561225694
178,1551847676,0,0,0,0,10,-0.9167124552056837,-1.048004105386914
178,1551847678,0,0,0,0,10,-0.9167124552056837,-1.048004105386914
178,1551847679,0,0,0,0,10,-0.9167124552056837,-1.048004105386914
178,1551847681,0,0,0,0,10,-0.9167124552056837,-1.048004105386914
178,1551859200,248,553,305,801,10,1.2428120039024302,-0.10323815180688635
178,1551873600,956,1372,416,2328,10,2.0287372988565306,1.6978325237445522
178,1551888000,857,1073,216,1930,10,0.6126556863266199,1.2283982546748256
178,1551902400,1026,1250,224,2276,10,0.6692989508278164,1.636499403162578
178,1551916800,288,338,50,626,10,-0.5626920520732059,-0.3096476922269923
178,1551931200,24,28,4,52,10,-0.8883908229550854,-0.9866709848049398
178,1551945600,261,493,232,754,10,0.7259422153290128,-0.15867385694828623
178,1551960000,954,1356,402,2310,10,1.929611585979437,1.6766018281584842
178,1551974400,810,979,169,1789,10,0.2798765073820909,1.062091139250626
178,1551988800,1117,1330,213,2447,10,0.5914144621386713,1.8381910112302242
178,1552003200,296,411,115,707,10,-0.10246552800098499,-0.21410956208968612
178,1552017600,32,42,10,74,10,-0.8459083745791881,-0.9607223568664122
178,1552032000,214,508,294,722,10,1.1649275152132852,-0.19641731576796273
178,1552046400,877,1330,453,2207,10,2.290712397174564,1.5551150700826504
178,1552060800,830,1102,272,1932,10,1.009158537834995,1.2307572208510553
178,1552075200,1036,1073,37,2109,10,-0.6547373568876502,1.4395257274473912
178,1552089600,339,372,33,711,10,-0.6830589891382484,-0.20939162973722655
178,1552104000,41,77,36,118,10,-0.6618177649502998,-0.908825100989357
178,1552118400,48,179,131,227,10,0.010821001001407878,-0.7802614443848338
178,1552132800,323,586,263,909,10,0.945434865271149,0.024146021709521882
178,1552147200,540,659,119,1199,10,-0.07414389575038677,0.3661961172628403
178,1552161600,616,601,0,1217,10,-0.9167124552056837,0.38742681284890834
178,1552176000,296,311,15,607,10,-0.8105063342659403,-0.3320578709011752
178,1552194000,38,65,27,103,10,-0.7255414375141457,-0.9265173473110803
178,1552208400,48,198,150,246,10,0.1453487541917494,-0.7578512657106509
178,1552222800,228,530,302,758,10,1.2215707797144815,-0.15395592459582666
178,1552237200,459,594,135,1053,10,0.03914263325200609,0.19399158639806618
178,1552251600,393,357,0,750,10,-0.9167124552056837,-0.1633917893007458
178,1552266000,146,128,0,274,10,-0.9167124552056837,-0.724825739243434
178,1552280400,16,28,12,44,10,-0.831747558453889,-0.9961068495098588
178,1552294800,592,831,239,1423,10,0.7755050717675597,0.6304003290005759
178,1552309200,651,1152,501,1803,10,2.630571984181743,1.0786039024842344
178,1552323600,996,941,0,1937,10,-0.9167124552056837,1.23665463629163
178,1552338000,828,1115,287,1943,10,1.1153646587747383,1.2437315348203193
178,1552352400,200,250,50,450,11,-0.5220214881232034,-0.6595803430606335
178,1552366800,15,29,14,44,11,-0.7637133267188283,-1.1580490919152242
178,1552381200,648,924,276,1572,11,0.9952661652826639,0.7179613717542698
178,1552395600,756,1180,424,1936,11,1.9888881683980106,1.1648643879687304
178,1552410000,1067,1056,0,2123,11,-0.8577045972837934,1.3944546737712142
178,1552424400,938,1189,251,2127,11,0.8274246107023688,1.399365695927417
178,1552438800,188,319,131,507,11,0.021785148716952592,-0.5895982773347427
178,1552452941,13,13,0,26,11,-0.8577045972837934,-1.1801486916181372
178,1552453037,0,1,1,1,11,-0.8509909351005817,-1.210842580094405
178,1552453038,0,0,0,0,11,-0.8577045972837934,-1.2120703356334557
178,1552453039,0,1,1,1,11,-0.8509909351005817,-1.210842580094405
178,1552453040,0,1,1,1,11,-0.8509909351005817,-1.210842580094405
178,1552453046,0,0,0,0,11,-0.8577045972837934,-1.2120703356334557
178,1552453200,13,30,17,43,11,-0.7435723401691928,-1.159276847454275
178,1552467600,642,898,256,1540,11,0.8609929216184279,0.6786731945046468
178,1552482000,779,1220,441,1999,11,2.1030204255126113,1.2422129869289253
178,1552486127,187,69,0,256,11,-0.8577045972837934,-0.8977649176364724
178,1552496400,823,1093,270,1916,11,0.9549841921833931,1.1403092771877161
178,1552510800,943,1155,212,2098,11,0.5655917855571085,1.3637607852949463
178,1552525200,218,307,89,525,11,-0.2601886629779431,-0.5674986776318298
178,1552539600,17,30,13,47,11,-0.7704269889020401,-1.154365825298072
178,1552554000,622,874,252,1496,11,0.8341382728855806,0.6246519507864153
178,1552568400,719,1171,452,1890,11,2.176870709527941,1.1083876331723974
178,1552582800,1016,1005,0,2021,11,-0.8577045972837934,1.2692236087880413
178,1552597200,953,1179,226,2132,11,0.6595830561220738,1.4055044736226707
178,1552611600,219,371,152,590,11,0.16277205456440044,-0.4876945675935333
178,1552626000,25,42,17,67,11,-0.7435723401691928,-1.1298107145170577
178,1552640400,576,929,353,1505,11,1.5122181533899726,0.6357017506378718
178,1552654800,752,1199,447,1951,11,2.143302398611882,1.1832807210544911
178,1552669200,1032,1031,0,2063,11,-0.8577045972837934,1.3207893414281713
178,1552683600,843,1079,236,1922,11,0.7267196779541918,1.1476758104220204
178,1552698000,304,265,0,569,11,-0.8577045972837934,-0.5134774339135983
178,1552712400,30,38,8,68,11,-0.803995299818099,-1.128582958978007
178,1552726800,82,293,211,375,11,0.5588781233738968,-0.7516620084894372
178,1552741200,549,692,143,1241,11,0.10234909491549421,0.3115742883284828
178,1552755600,855,790,0,1645,11,-0.8577045972837934,0.807587526104972
178,1552770000,625,463,0,1088,11,-0.8577045972837934,0.12372769085372323
178,1552784400,191,198,7,389,11,-0.8107089620013109,-0.7344734309427272
178,1552798800,21,37,16,58,11,-0.7502860023524046,-1.1408605143685142
178,1552813200,72,176,104,248,11,-0.15948373022976606,-0.9075869619488781
178,1552827600,347,437,90,784,11,-0.2534750007947313,-0.24950999301769441
178,1552842000,463,521,58,984,11,-0.46831219065750895,-0.003958885207551226
178,1552856400,366,351,0,717,11,-0.8577045972837934,-0.3317696141340924
178,1552870800,133,105,0,238,11,-0.8577045972837934,-0.9198645173393853
178,1552885200,10,27,17,37,11,-0.7435723401691928,-1.1666433806885792
178,1552899600,587,894,307,1481,11,1.2033896929622299,0.6062356177006546
178,1552914000,692,1061,369,1753,11,1.6196367483213616,0.9401851243224493
178,1552928400,1012,950,0,1962,11,-0.8577045972837934,1.1967860319840489
178,1552942800,770,1118,348,1888,11,1.4786498424739136,1.105932122094296
178,1552957200,186,212,26,398,12,-0.7952484461945367,-0.913250501119369
178,1552971600,11,19,8,30,12,-0.9068933534040203,-1.4088336675157234
178,1552986000,623,871,248,1494,12,0.5817054093890955,0.5627254509741214
178,1553000400,687,1221,534,1908,12,2.355618935050892,1.1202565131700202
178,1553014800,951,957,6,1908,12,-0.919298343093963,1.1202565131700202
178,1553029200,851,1047,196,1898,12,0.2591756774505871,1.106789579300554
178,1553043600,209,259,50,468,12,-0.6463885699152251,-0.8189819640331059
178,1553058000,17,25,8,42,12,-0.9068933534040203,-1.392673346872364
178,1553072400,707,1059,352,1766,12,1.2267648732661125,0.9290260522236008
178,1553086800,762,1135,373,1897,12,1.3570172650105101,1.1054428859136074
178,1553101200,944,1036,92,1980,12,-0.3858837864264298,1.2172184370301766
178,1553115600,800,1135,335,1935,12,1.1213224609016001,1.156617234617579
178,1553130000,174,242,68,416,12,-0.5347436627057414,-0.88901002015433
178,1553144400,17,24,7,41,12,-0.9130958482489917,-1.3940200402593106
178,1553158800,548,862,314,1410,12,0.9910700691572024,0.44960320647060575
178,1553173200,676,1202,526,1878,12,2.3059989762911215,1.0798557115616219
178,1553187600,975,965,0,1940,12,-0.9565133121637909,1.163350701552312
178,1553202000,809,1059,250,1868,12,0.5941103990790382,1.0663887776921557
178,1553216400,187,227,40,414,12,-0.7084135183649383,-0.8917034069282231
178,1553230800,14,23,9,37,12,-0.9006908585590491,-1.3994068138070972
178,1553245200,522,818,296,1340,12,0.8794251619477187,0.3553346693843427
178,1553259600,665,1190,525,1855,12,2.2997964814461502,1.0488817636618497
178,1553274000,1005,1054,49,2059,12,-0.6525910647601965,1.3236072145989592
178,1553288400,844,1030,186,1874,12,0.19715072900087394,1.0744689380138353
178,1553302800,227,277,50,504,12,-0.6463885699152251,-0.7705010021030277
178,1553317200,22,41,19,63,12,-0.8386659101093359,-1.364392785746485
178,1553331600,98,270,172,368,12,0.1103158011712755,-0.9536513027277674
178,1553346000,353,595,242,948,12,0.5444904403192676,-0.17256913829873052
178,1553360400,542,698,156,1240,12,0.011075883651734442,0.22066533068968117
178,1553374800,565,481,0,1046,12,-0.9565133121637909,-0.04059318637796222
178,1553389200,209,230,21,439,12,-0.8262609204193933,-0.8580360722545577
178,1553403600,18,36,18,54,12,-0.8448684049543073,-1.3765130262290046
178,1553418000,57,169,112,226,12,-0.2618338895270035,-1.1448817636741868
178,1553432400,291,455,164,746,12,0.060695842411504976,-0.44460120246194684
178,1553446800,440,512,72,952,12,-0.5099336833258561,-0.16718236475094406
178,1553461200,330,368,38,698,12,-0.7208185080548809,-0.5092424850353844
178,1553475600,130,103,0,233,12,-0.9565133121637909,-1.1354549099655604
178,1553490000,13,26,13,39,12,-0.8758808791791638,-1.3967134270332038
178,1553504400,593,796,203,1389,12,0.3025931413653863,0.42132264534472685
178,1553518800,674,1138,464,1812,12,1.9214442959029,0.9909739480231452
178,1553533200,922,902,0,1824,12,-0.9565133121637909,1.0071342686665046
178,1553547600,763,998,235,1761,12,0.5010729764044685,0.9222925852888678
178,1553562000,166,194,28,360,13,-0.8404917704177078,-0.9860368352281063
178,1553576400,10,24,14,34,13,-0.9289012804366009,-1.4291514587000516
178,1553590800,567,814,247,1381,13,0.5424855648778336,0.40175466957206635
178,1553605200,708,1225,517,1933,13,2.2475261152422,1.1520591853895936
178,1553619600,918,972,54,1890,13,-0.6763026803826208,1.093611551005257
178,1553634000,824,1086,262,1910,13,0.6372100398980761,1.12079649723053
178,1553648400,181,233,52,414,13,-0.6889326103853198,-0.9126374804198699
178,1553662800,12,14,2,26,13,-1.004680860452795,-1.4400254371901609
178,1553677200,600,819,219,1419,13,0.36566654484004746,0.4534060674000845
178,1553691600,686,1190,504,1876,13,2.1654315702246563,1.0745820886475663
178,1553706000,965,972,7,1937,13,-0.9731060354460475,1.1574961746346482
178,1553720400,814,1091,277,1905,13,0.7319345149183187,1.1140002606742117
178,1553734800,177,243,66,420,13,-0.6005231003664268,-0.9044819965522881
178,1553749200,11,23,12,34,13,-0.9415312104393,-1.4291514587000516
178,1553763600,631,886,255,1517,13,0.5930052848886296,0.5866123039039208
178,1553778000,732,1178,446,1910,13,1.799163600146385,1.12079649723053
178,1553792400,1013,1021,8,2034,13,-0.966791070444698,1.2893431638272208
178,1553806800,842,1029,187,1871,13,0.16358766479686332,1.067785852091248
178,1553821200,191,296,105,487,13,-0.3542394653137961,-0.8134124266976245
178,1553835600,16,27,11,43,13,-0.9478461754406494,-1.416918232898679
178,1553850000,507,795,288,1302,13,0.8013991299331632,0.29437413198223905
178,1553864400,676,1175,499,1851,13,2.133856745217909,1.0406009058659753
178,1553878800,1015,985,0,2000,13,-1.017310790455494,1.2431287552442571
178,1553893200,817,992,175,1809,13,0.08780808478066926,0.9835125187929026
178,1553907600,222,274,52,496,13,-0.6889326103853198,-0.8011792008962517
178,1553922000,23,43,20,66,13,-0.8910114904285039,-1.3856555447396153
178,1553936400,95,347,252,442,13,0.5740603898845811,-0.8745785557044881
178,1553950800,387,663,276,1050,13,0.7256195499169692,-0.04815619045619726
178,1553965200,431,626,195,1057,13,0.21410738480765934,-0.03864145927735181
178,1553979600,587,509,0,1096,13,-1.017310790455494,0.014369185861930001
178,1553994000,202,282,80,484,13,-0.5121135903475337,-0.8174901686314153
178,1554008400,22,48,26,70,13,-0.8531217004204069,-1.3802185554945607
178,1554022800,61,199,138,260,13,-0.1458456202692624,-1.12196156635447
178,1554037200,296,587,291,883,13,0.8203440249372118,-0.27515049143722453
178,1554051600,448,563,115,1011,13,-0.291089815300301,-0.10116683559547908
178,1554066000,357,394,37,751,13,-0.7836570854055623,-0.4545711365240245
178,1554080400,178,146,0,324,13,-1.017310790455494,-1.0349697384335972
178,1554094800,14,23,9,37,13,-0.9604761054433485,-1.4250737167662608
178,1554109200,619,882,263,1501,13,0.6435250048994257,0.5648643469237027
178,1554123600,648,1153,505,1801,13,2.171746535226006,0.9726385403027935
178,1554138000,977,1023,46,2000,13,-0.7268224003934168,1.2431287552442571
178,1554152400,835,1061,226,1896,13,0.409871299849494,1.101767034872839
178,1554166800,192,207,15,399,14,-0.7210757114731314,-0.9488021316354808
178,1554181200,12,21,9,33,14,-0.7492785795922109,-1.4184371898368142
178,1554195600,659,906,247,1565,14,0.3694351891312754,0.5473576439458165
178,1554210000,699,1240,541,1939,14,1.75137572696617,1.0272579493209497
178,1554224400,1026,998,0,2024,14,-0.7915828817708301,1.1363262005425707
178,1554238800,862,1160,298,2022,14,0.609159568143451,1.133759888749121
178,1554253200,206,273,67,479,14,-0.4766508544411092,-0.8461496598974844
178,1554267600,16,20,4,36,14,-0.7727809696914438,-1.4145877221466392
178,1554282000,652,913,261,1565,14,0.4352418814091275,0.5473576439458165
178,1554296400,702,1255,553,1957,14,1.807781463204329,1.0503547554619987
178,1554310800,1009,1002,0,2011,14,-0.7915828817708301,1.1196451738851463
178,1554325200,876,1100,224,1976,14,0.261324194674804,1.074734717499773
178,1554339600,201,318,117,519,14,-0.24162695344878019,-0.7948234240284862
178,1554354000,25,23,0,48,14,-0.7915828817708301,-1.3991898513859398
178,1554368400,641,920,279,1561,14,0.5198504857663659,0.5422250203589167
178,1554382800,714,1737,1023,2451,14,4.017006132532222,1.6842337684441264
178,1554397200,1004,1010,6,2014,14,-0.7633800136517507,1.1234946415753213
178,1554411600,904,1164,260,2068,14,0.43054140338928093,1.1927850599984688
178,1554426000,251,315,64,566,14,-0.49075228850064895,-0.7345150968824132
178,1554440400,17,33,16,50,14,-0.7163752334532849,-1.39662353959249
178,1554454800,576,894,318,1470,14,0.7031691285403826,0.42545783375694585
178,1554469200,703,1304,601,2007,14,2.033404408156965,1.1145125502982465
178,1554483600,1046,969,0,2015,14,-0.7915828817708301,1.124777797472046
178,1554498000,883,1073,190,1956,14,0.10150794200002025,1.049071599565274
178,1554512400,215,245,30,460,14,-0.6505685411754327,-0.8705296219352585
178,1554526800,21,43,22,64,14,-0.6881723653342053,-1.3786593570383405
178,1554541200,102,320,218,422,14,0.2331213265557245,-0.9192895460108068
178,1554555600,435,560,125,995,14,-0.20402312929000752,-0.18404121718740768
178,1554570000,586,656,70,1242,14,-0.4625494203815695,0.13289828930365616
178,1554584400,591,543,0,1134,14,-0.7915828817708301,-0.00568254754263896
178,1554598800,209,266,57,475,14,-0.5236556346395751,-0.8512822834843842
178,1554613200,20,49,29,69,14,-0.6552690191952794,-1.3722435775547157
178,1554627600,59,197,138,256,14,-0.14291691503200196,-1.1322934248671492
178,1554642000,322,483,161,805,14,-0.034805920575530606,-0.42784083756514907
178,1554656400,487,553,66,1040,14,-0.4813513324609558,-0.1262992018347847
178,1554670800,345,405,60,750,14,-0.5095542005800353,-0.4984144118850216
178,1554685200,135,124,0,259,14,-0.7915828817708301,-1.1284439571769744
178,1554699600,17,22,5,39,14,-0.7680804916715973,-1.4107382544564644
178,1554714000,650,886,236,1536,14,0.317729930912963,0.5101461229407929
178,1554728400,698,1219,521,1917,14,1.6573661665692385,0.9990285195930007
178,1554742800,963,731,0,1694,14,-0.7915828817708301,0.7128847546233357
178,1554757200,842,1084,242,1926,14,0.3459327990320425,1.0105769226635253
178,1554771600,196,230,34,426,15,-0.7819584728058048,-0.9203533242611462
178,1554786000,15,32,17,47,15,-0.8912826062664166,-1.4169865733743001
178,1554800400,612,747,135,1359,15,-0.13244450342216985,0.30222931801477076
178,1554814800,695,1194,499,1889,15,2.2083781189109306,0.9967296399935874
178,1554829200,961,1027,66,1988,15,-0.5761718686446532,1.1264570586273666
178,1554843600,882,1214,332,2096,15,1.1344292784449201,1.2679778789551253
178,1554858000,201,268,67,469,15,-0.5697410372646171,-0.8640070717232423
178,1554872400,19,27,8,46,15,-0.9491600886867405,-1.4182969513402979
178,1554886800,655,928,273,1583,15,0.7550102270227967,0.5957539823982706
178,1554901200,756,1128,372,1884,15,1.3916625336463597,0.9901777501635987
178,1554915600,986,1061,75,2047,15,-0.5182943862243292,1.2037693586212348
178,1554930000,901,1113,212,2014,15,0.3627295128406014,1.1605268857433084
178,1554944400,232,279,47,511,15,-0.6983576648653369,-0.808971197151336
178,1554958800,14,20,6,34,15,-0.9620217514468126,-1.4340214869322712
178,1554973200,612,940,328,1552,15,1.1087059529247763,0.5551322654523398
178,1554987600,707,1240,533,1947,15,2.4270263858321544,1.072731562021458
178,1555002000,1023,1029,6,2052,15,-0.9620217514468126,1.2103212484512236
178,1555016400,868,1083,215,1951,15,0.38202200698070937,1.0779730738854492
178,1555030800,243,304,61,547,15,-0.6083260255448331,-0.7617975903754164
178,1555045200,14,24,10,38,15,-0.9362984259266686,-1.4287799750682801
178,1555059600,524,912,388,1436,15,1.4945558357269355,0.4031284213965988
178,1555074000,738,1164,426,1902,15,1.7389274281683034,1.0137645535515585
178,1555088400,990,1032,42,2022,15,-0.7305118217655169,1.1710099094712905
178,1555102800,852,1074,222,1926,15,0.4270378266409613,1.0452136247355048
178,1555117200,226,272,46,498,15,-0.704788496245373,-0.826006110709307
178,1555131600,21,38,17,59,15,-0.8912826062664166,-1.4012620377823268
178,1555146000,88,299,211,387,15,0.3562986814605654,-0.9714580649350592
178,1555160400,386,605,219,991,15,0.4077453325008533,-0.17998977347240766
178,1555174800,612,715,103,1327,15,-0.33823110758332153,0.2602972231028422
178,1555189200,582,527,0,1109,15,-1.0006067397270284,-0.025365173484671114
178,1555203600,192,271,79,463,15,-0.49257106070418527,-0.8718693395192288
178,1555218000,20,44,24,64,15,-0.8462667866061647,-1.394710147952338
178,1555232400,51,207,156,258,15,0.0026029555585859523,-1.1404968225487713
178,1555246800,303,584,281,887,15,0.8064568780630847,-0.3162690819361755
178,1555261200,569,579,10,1148,15,-0.9362984259266686,0.025739567189241818
178,1555275600,429,382,0,811,15,-1.0006067397270284,-0.4158578073520058
178,1555290000,127,103,0,230,15,-1.0006067397270284,-1.1771874055967086
178,1555304400,11,28,17,39,15,-0.8912826062664166,-1.4274695971022822
178,1555318800,589,889,300,1478,15,0.9286426742837685,0.45816429596850505
178,1555333200,712,1162,450,1874,15,1.8932673812891672,0.977073970503621
178,1555347600,1041,1079,38,2120,15,-0.7562351472856609,1.2994269501390718
178,1555362000,836,1046,210,1882,15,0.3498678500805294,0.9875569942316031
178,1555376400,172,178,6,350,16,-0.8836685496554777,-0.9823554247271574
178,1555390800,16,27,11,43,16,-0.8568558931856539,-1.384453480231172
178,1555405200,689,918,229,1607,16,0.3121759288986625,0.6640200012290198
178,1555419600,723,1230,507,1953,16,1.8029596286208642,1.1171989172042285
178,1555434000,1044,1006,0,2050,16,-0.9158437374192662,1.24424618555566
178,1555448400,924,1098,174,2022,16,0.01723670773060104,1.2075727472686488
178,1555462800,198,261,63,459,16,-0.5780042658994867,-0.8395909685384356
178,1555477200,17,24,7,41,16,-0.8783060183615129,-1.387073011537387
178,1555491600,656,790,134,1446,16,-0.19726454402798912,0.453147731078706
178,1555506000,758,1280,522,2038,16,1.8833975980303355,1.2285289977183695
178,1555520400,994,905,0,1899,16,-0.9158437374192662,1.0464715719364215
178,1555534800,935,1032,97,1967,16,-0.39567820190468506,1.135535636347734
178,1555549200,222,291,69,513,16,-0.5458290781356981,-0.7688636232706284
178,1555563600,16,30,14,46,16,-0.8407682993037596,-1.3805241832718493
178,1555578000,637,875,238,1512,16,0.3604387105443453,0.5395922641838036
178,1555592400,752,1384,632,2136,16,2.4732760403664584,1.3568860317229083
178,1555606800,1098,1089,0,2187,16,-0.9158437374192662,1.4236840800313928
178,1555621200,918,1116,198,2034,16,0.14593745878575515,1.2232899351059392
178,1555635600,238,313,75,551,16,-0.5136538903719097,-0.7190925284525419
178,1555650000,21,35,14,56,16,-0.8407682993037596,-1.3674265267407741
178,1555664400,332,766,434,1098,16,1.4114948441614372,-0.0026507162027177814
178,1555678800,650,1255,605,1905,16,2.32848769542941,1.0543301658550668
178,1555693200,955,996,41,1951,16,-0.6959799543667112,1.1145793858980135
178,1555707600,699,860,161,1559,16,-0.05247619909094076,0.601151249879858
178,1555722000,237,276,39,513,16,-0.7067050169546408,-0.7688636232706284
178,1555736400,19,36,17,55,16,-0.8246807054218653,-1.3687362923938815
178,1555750800,64,301,237,365,16,0.35507617925038054,-0.9627089399305443
178,1555765200,342,736,394,1078,16,1.196993592402847,-0.028846029264868574
178,1555779600,557,702,145,1259,16,-0.13827669979437684,0.2082215539475961
178,1555794000,526,499,0,1025,16,-0.9158437374192662,-0.09826360887956817
178,1555808400,276,185,0,461,16,-0.9158437374192662,-0.8369714372322204
178,1555822800,18,30,12,48,16,-0.8514933618916891,-1.3779046519656344
178,1555837200,63,222,159,285,16,-0.06320126167887027,-1.0674901921791475
178,1555851600,237,558,321,795,16,0.8055288079434199,-0.3995097090943023
178,1555866000,342,518,176,860,16,0.027961770318530546,-0.3143749416423122
178,1555880400,291,355,64,646,16,-0.5726417346055219,-0.5946647914073256
178,1555894800,112,139,27,251,16,-0.7710553924822179,-1.112022224384804
178,1555909200,10,26,16,36,16,-0.8300432367158301,-1.3936218398029248
178,1555923600,536,860,324,1396,16,0.8216164018253141,0.387659448423329
178,1555938000,636,1217,581,1853,16,2.199786944374256,0.9862223518934746
178,1555952400,916,1031,115,1947,16,-0.2991526386133195,1.1093403232855834
178,1555966800,795,1110,315,1905,16,0.7733536201796314,1.0543301658550668
178,1555981200,176,193,17,369,17,-0.8067076542056081,-0.953181974084093
178,1555995600,11,20,9,31,17,-0.8458261408126303,-1.3966860981831648
178,1556010000,633,909,276,1542,17,0.4597533496967352,0.5859610364727448
178,1556011434,122,56,0,178,17,-0.8898344382455302,-1.2038011684714383
178,1556024400,582,1230,648,1812,17,2.2787629769232667,0.9402394788004056
178,1556038800,952,988,36,1940,17,-0.7138012485139303,1.1081937033112967
178,1556053200,913,1049,136,1962,17,-0.22482016592615303,1.137060835649106
178,1556067600,230,289,59,519,17,-0.6013355995187416,-0.7563606172353925
178,1556082000,20,38,18,58,17,-0.8018178433797303,-1.3612582539503988
178,1556096400,608,926,318,1534,17,0.6651254043836017,0.575463897440814
178,1556110800,738,1313,575,2051,17,1.9218067866341892,1.253841507379335
178,1556125200,991,1088,97,2079,17,-0.4155227881353862,1.2905814939910925
178,1556139600,857,1129,272,1986,17,0.44019410639322415,1.1685522527448982
178,1556154000,221,277,56,498,17,-0.6160050319963749,-0.7839156071942106
178,1556168400,19,27,8,46,17,-0.850715951638508,-1.3770039624982948
178,1556182485,547,465,0,1012,17,-0.8898344382455302,-0.10947442439266364
178,1556182800,100,857,757,957,17,2.811752356943944,-0.18164225523718713
178,1556197200,714,1291,577,2005,17,1.9315864082859449,1.1934829579457336
178,1556211600,1053,1143,90,2196,17,-0.4497514639165306,1.4441021523330788
178,1556226000,834,1028,194,1862,17,0.058788861974757814,1.0058465977499724
178,1556240400,182,284,102,466,17,-0.3910737340059973,-0.8259041633219334
178,1556254800,14,28,14,42,17,-0.8213770866832414,-1.38225253201426
178,1556269200,515,868,353,1383,17,0.8362687832893237,0.3773303982131222
178,1556283600,673,1335,662,2008,17,2.3472203284855557,1.1974193850827075
178,1556298000,999,1142,143,2141,17,-0.19059149014500862,1.3719343214885553
178,1556312400,864,1098,234,1962,17,0.2543812950098687,1.137060835649106
178,1556326800,235,268,33,503,17,-0.7284706809915636,-0.777354895299254
178,1556341200,24,30,6,54,17,-0.8604955732902636,-1.366506823466364
178,1556355600,96,296,200,392,17,0.08812772693002445,-0.9230026993672923
178,1556370000,399,670,271,1069,17,0.43530429556734634,-0.034682308790157455
178,1556384400,596,649,53,1245,17,-0.6306744644740082,0.19625474991231778
178,1556398800,540,505,0,1045,17,-0.8898344382455302,-0.06617372588594952
178,1556413200,217,284,67,501,17,-0.5622171129117194,-0.7799791800572367
178,1556427600,20,47,27,67,17,-0.7578095459468304,-1.3494489725394767
178,1556442000,57,184,127,241,17,-0.268828463359053,-1.1211361985949841
178,1556456400,306,630,324,936,17,0.6944642693388684,-0.20919724519600522
178,1556470800,487,585,98,1072,17,-0.41063297730950843,-0.030745881653183444
178,1556485200,386,427,41,813,17,-0.6893521943845415,-0.3705907578119396
178,1556499600,135,144,9,279,17,-0.8458261408126303,-1.0712747881933133
178,1556514000,11,27,16,38,17,-0.8115974650314859,-1.3875011015302254
178,1556528400,619,934,315,1553,17,0.6504559719059684,0.6003946026416495
178,1556542800,719,1168,449,1887,17,1.3056906225735898,1.0386501572247557
178,1556557200,972,939,0,1911,17,-0.8898344382455302,1.070141574320548
178,1556571600,817,1137,320,1954,17,0.6749050260353573,1.1265636966171755
178,1556586000,224,108,0,332,18,-0.8895214740501639,-0.9803951063391808
178,1556600400,15,17,2,32,18,-0.8780490644355142,-1.3452417700486048
178,1556614800,637,954,317,1591,18,0.9288554498718201,0.550744725694702
178,1556629200,756,1218,462,1974,18,1.7606051469339266,1.0165322996970667
178,1556643600,1015,1036,21,2051,18,-0.7690611730963417,1.110176276715819
178,1556658000,838,1051,213,1889,18,0.3322901499100335,0.9131590783127299
178,1556672400,226,114,0,340,18,-0.8895214740501639,-0.9706658619735962
178,1556686800,18,21,3,39,18,-0.8723128596281894,-1.3367286812287182
178,1556701200,635,941,306,1576,18,0.8657571969912465,0.5325023925092308
178,1556715600,754,1131,377,1885,18,1.2730277383113122,0.9082944561299376
178,1556730000,1060,1076,16,2136,18,-0.797742197132966,1.2135494981001558
178,1556744400,945,1245,300,2190,18,0.8313399681472973,1.279221897567852
178,1556758800,233,129,0,362,18,-0.8895214740501639,-0.9439104399682384
178,1556773200,16,15,0,31,18,-0.8895214740501639,-1.346457925594303
178,1556787600,642,886,244,1528,18,0.5101124989371045,0.474126926315723
178,1556802000,736,1287,551,2023,18,2.27112737478584,1.0761239214362726
178,1556816400,1068,1134,66,2202,18,-0.5109319567667225,1.2938157641162291
178,1556830800,955,1209,254,2164,18,0.5674745470103533,1.247601853379702
178,1556845200,230,123,0,353,18,-0.8895214740501639,-0.9548558398795212
178,1556859600,19,18,0,37,18,-0.8895214740501639,-1.3391609923201144
178,1556874000,559,905,346,1464,18,1.0952053892842413,0.39629297139104586
178,1556888400,678,1314,636,1992,18,2.758704783408454,1.0384230995196322
178,1556902800,1128,1114,0,2242,18,-0.8895214740501639,1.3424619859441522
178,1556917200,863,1069,206,1932,18,0.2921367162587594,0.9654537667777474
178,1556931600,236,95,0,331,18,-0.8895214740501639,-0.9816112618848789
178,1556946000,14,19,5,33,18,-0.8608404500135396,-1.3440256145029068
178,1556960400,100,296,196,396,18,0.2347746681855107,-0.9025611514145038
178,1556974800,401,676,275,1077,18,0.6879348479641755,-0.07435922479411114
178,1556989200,589,684,95,1273,18,-0.3445820173543012,0.16400726216271255
178,1557003600,572,562,0,1134,18,-0.8895214740501639,-0.005038358689320579
178,1557018000,240,84,0,324,18,-0.8895214740501639,-0.9901243507047655
178,1557032400,16,14,0,30,18,-0.8895214740501639,-1.347674081140001
178,1557046800,61,185,124,246,18,-0.17823207794187998,-1.0849844832692157
178,1557061200,269,621,352,890,18,1.1296226181281905,-0.30178031183965215
178,1557075600,507,639,132,1146,18,-0.132342439483281,0.009555507859056383
178,1557090000,368,398,30,766,18,-0.7174353298304178,-0.4525835995062141
178,1557104400,128,45,0,173,18,-0.8895214740501639,-1.1737638381051756
178,1557118800,11,14,3,25,18,-0.8723128596281894,-1.3537548588684916
178,1557133200,613,875,262,1488,18,0.6133641854689522,0.4254807044877998
178,1557147600,729,1197,468,1926,18,1.7950223757778758,0.9581568335035588
178,1557162000,964,1057,93,2021,18,-0.35605442696895095,1.0736916103448766
178,1557176400,1000,1158,158,2158,18,0.01679888550716562,1.2403049201055134
178,1557190800,154,247,93,401,19,-0.5204152603125656,-0.9150397759402019
178,1557205200,22,32,10,54,19,-0.9816834010320172,-1.3439536346354453
178,1557219600,656,977,321,1633,19,0.7466827647962897,0.6077898318769154
178,1557234000,707,1342,635,2049,19,2.49172127306024,1.121992037113864
178,1557248400,1018,1101,83,2119,19,-0.5759897350980416,1.2085164466489275
178,1557262800,977,1161,184,2138,19,-0.01468753976473295,1.2320016435227306
178,1557277200,144,241,97,385,19,-0.49818547039837513,-0.9348167838339306
178,1557291600,17,30,13,47,19,-0.9650110585963744,-1.3526060755889515
178,1557306000,645,936,291,1581,19,0.5799593404398614,0.5435145562222968
178,1557320400,743,1258,515,2001,19,1.8248275756345265,1.0626610134326777
178,1557334800,1083,1081,0,2164,19,-1.0372578758174933,1.2641392813500398
178,1557349200,964,1233,269,2197,19,0.45769549591181397,1.3049293601308554
178,1557363600,163,320,157,483,19,-0.16473862168551845,-0.8136826104848418
178,1557378000,74,37,0,111,19,-1.0372578758174933,-1.2734980440140362
178,1557392400,645,944,299,1589,19,0.6244189202682423,0.5534030601691612
178,1557406800,747,1326,579,2073,19,2.1805042142615734,1.1516575489544574
178,1557421200,1053,1109,56,2162,19,-0.7260408170188272,1.2616671553633236
178,1557435600,940,1197,257,2137,19,0.39100612616924263,1.2307655805293725
178,1557450000,153,310,157,463,19,-0.16473862168551845,-0.8384038703520028
178,1557464400,15,31,16,46,19,-0.9483387161607316,-1.3538421385823096
178,1557478800,544,927,383,1471,19,1.0912445084662417,0.40754762695291136
178,1557493200,694,1148,454,1842,19,1.485823279443122,0.8661269974887478
178,1557507600,1070,964,0,2034,19,-1.0372578758174933,1.1034510922134932
178,1557522000,892,876,0,1768,19,-1.0372578758174933,0.7746583359802521
178,1557536400,171,265,94,436,19,-0.5148578128340179,-0.8717775711726702
178,1557550800,23,61,38,84,19,-0.8260748716326841,-1.3068717448347036
178,1557565200,106,354,248,460,19,0.34098909886231416,-0.842112059332077
178,1557579600,318,646,328,964,19,0.785584897146123,-0.2191363106796199
178,1557594000,478,619,141,1097,19,-0.25365778134228023,-0.05473993256299926
178,1557608400,472,499,27,971,19,-0.8872067938967079,-0.21048386972611352
178,1557622800,138,230,92,368,19,-0.5259727077911132,-0.9558298547210176
178,1557637200,14,45,31,59,19,-0.8649770039825174,-1.337773319668655
178,1557651600,53,195,142,248,19,-0.24810033386373262,-1.1041574139239836
178,1557666000,195,615,420,810,19,1.2968700651725031,-0.4094900116567595
178,1557680400,324,507,183,831,19,-0.02024498724328056,-0.3835326887962405
178,1557694800,316,376,60,692,19,-0.7038110271046367,-0.5553454448730094
178,1557709200,101,134,33,235,19,-0.8538621090254223,-1.1202262328376382
178,1557723600,8,19,11,27,19,-0.9761259535534696,-1.3773273354561124
178,1557738000,686,866,180,1552,19,-0.036917329678923395,0.5076687294149134
178,1557752400,686,1320,634,2006,19,2.4861638255816922,1.068841328399468
178,1557766800,1021,1094,73,2115,19,-0.6315642098835178,1.2035721946754954
178,1557781200,898,1133,235,2031,19,0.26874228164119524,1.0997429032334192
178,1557795600,162,245,83,407,20,-0.45976899997645543,-0.8924665421461584
178,1557810000,16,22,6,38,20,-0.8458813569610454,-1.3613015869858232
178,1557820767,230,304,74,534,20,-0.504899015727901,-0.7311059711579811
178,1557824400,417,943,526,1360,20,1.761630664233588,0.3183730181037073
178,1557838800,754,1215,461,1969,20,1.4356916615842588,1.0921414254407147
178,1557853200,1096,1142,46,2238,20,-0.6453035091768428,1.4339209025731532
178,1557867600,1056,1241,185,2297,20,0.05170451187326106,1.5088836875204168
178,1557882000,193,309,116,502,20,-0.29429227555448834,-0.7717637528242935
178,1557896400,10,25,15,35,20,-0.8007513412095998,-1.3651132540170399
178,1557910800,634,918,284,1552,20,0.5481346851391624,0.5623197081015815
178,1557925200,704,1221,517,1925,20,1.7165006484821423,1.0362369756495353
178,1557939600,941,1084,143,2025,20,-0.1589022283001516,1.1632925433567614
178,1557954000,917,1022,105,1939,20,-0.34945118369514405,1.0540247551285469
178,1557968400,222,328,106,550,20,-0.344436737500539,-0.7107770803248249
178,1557982800,17,27,10,44,20,-0.825823572182625,-1.3536782529233895
178,1557997200,591,942,351,1533,20,0.8841025801777016,0.5381791502372085
178,1558011600,716,1273,557,1989,20,1.917078496266345,1.1175525389821601
178,1558026000,1052,1151,99,2203,20,-0.3795378608627744,1.3894514538756242
178,1558040400,973,1238,265,2211,20,0.45286020744166616,1.399615899292202
178,1558054800,207,361,154,568,20,-0.10374332015949592,-0.6879070781375243
178,1558069200,18,28,10,46,20,-0.825823572182625,-1.351137141569245
178,1558078600,53,302,249,355,20,0.37262906832798515,-0.958535437353916
178,1558083600,566,591,25,1157,20,-0.7506068792635491,0.06045021565803807
178,1558086868,270,119,0,389,20,-0.8759680341286757,-0.9153365443334591
178,1558098000,476,1335,859,1811,20,3.4314412470370743,0.8913936284632974
178,1558112400,1060,937,0,1997,20,-0.8759680341286757,1.127716984398738
178,1558126800,1103,935,0,2038,20,-0.8759680341286757,1.179809767158701
178,1558141200,337,285,0,622,20,-0.8759680341286757,-0.6192970715756221
178,1558155600,29,47,18,76,20,-0.7857080026257846,-1.3130204712570772
178,1558170000,145,289,144,434,20,-0.15388778210554654,-0.8581615388652073
178,1558184400,317,646,329,963,20,0.7737847638963902,-0.18603758569398074
178,1558198800,606,655,49,1261,20,-0.6302601705930276,0.1925880060735533
178,1558213200,584,495,0,1079,20,-0.8759680341286757,-0.038653127153598366
178,1558227600,199,308,109,507,20,-0.32939339891672376,-0.7654109744389322
178,1558242000,17,54,37,71,20,-0.6904335249282884,-1.3193732496424384
178,1558256400,65,215,150,280,20,-0.12380110493791617,-1.0538271131343357
178,1558270800,255,605,350,860,20,0.8790881339830966,-0.31690482043242374
178,1558285200,460,622,162,1082,20,-0.06362775060265541,-0.034841460122381575
178,1558299600,387,436,49,823,20,-0.6302601705930276,-0.36391538048409744
178,1558314000,142,147,5,289,20,-0.8508958031556504,-1.0423921120406854
178,1558328400,16,26,10,42,20,-0.825823572182625,-1.356219364277534
178,1558342800,606,902,296,1508,20,0.6083080394744231,0.506415258310402
178,1558357200,680,1344,664,2024,20,2.453624239089087,1.1620219876796891
178,1558371600,1060,1127,67,2187,20,-0.5400001390901364,1.369122563042468
178,1558386000,964,1140,176,2104,20,0.0065744961218154865,1.2636664418454702
178,1558400400,168,260,92,428,21,-0.43600995555094785,-0.8314834515438074
178,1558414800,17,27,10,44,21,-0.819681306504939,-1.3631794763246665
178,1558429200,641,897,256,1538,21,0.33133274635703436,0.7054503700883636
178,1558436813,63,772,709,835,21,2.4508830144321316,-0.26794105027867804
178,1558443600,745,495,0,1240,21,-0.8664704956456696,0.29283210085738437
178,1558458000,1023,1172,149,2195,21,-0.1693115774487833,1.615149037486865
178,1558472400,347,1168,821,1515,21,2.9749219328083147,0.6736039936040934
178,1558486800,146,312,166,458,21,-0.08976995590954125,-0.7899446996078028
178,1558501200,1185,266,0,1451,21,-0.8664704956456696,0.5849879894739503
178,1558515600,621,939,318,1560,21,0.6214257190295642,0.7359121215081004
178,1558530000,698,1258,560,1956,21,1.7537240962352454,1.2842236470633615
178,1558544400,1055,1040,0,2095,21,-0.8664704956456696,1.4766865310335162
178,1558558800,962,1323,361,2285,21,0.8226192323347059,1.7397652932948786
178,1558573200,251,298,47,549,21,-0.6465613066842357,-0.6639438187352554
178,1558587600,15,30,15,45,21,-0.7962867119345737,-1.361794851260133
178,1558602000,590,861,271,1451,21,0.4015165300681303,0.5849879894739503
178,1558616400,718,1425,707,2143,21,2.4415251766039856,1.5431485341311235
178,1558630800,1113,965,0,2078,21,-0.8664704956456696,1.4531479049364469
178,1558645200,925,1191,266,2116,21,0.378121935497765,1.5057636573887194
178,1558659600,275,298,23,573,21,-0.7588553606219892,-0.6307128171864518
178,1558674000,13,38,25,51,21,-0.7494975227938431,-1.3534871008729321
178,1558688400,513,879,366,1392,21,0.8460138269050712,0.5032951106664745
178,1558702800,633,1241,608,1874,21,1.9783122041107524,1.1706843917716154
178,1558717200,1046,1219,173,2265,21,-0.05701752351102981,1.712072792004209
178,1558731600,778,799,21,1577,21,-0.7682131984501352,0.7594507476051696
178,1558746000,228,263,35,491,21,-0.7027083336531125,-0.7442520724781977
178,1558760400,18,50,32,68,21,-0.7167450903953316,-1.329948474775863
178,1558774800,89,299,210,388,21,0.11610247630967349,-0.8868684541251469
178,1558789200,304,597,293,901,21,0.5044527461777377,-0.17655579601946786
178,1558803600,549,714,165,1263,21,-0.09444887482361432,0.32467847734165456
178,1558818000,543,419,0,962,21,-0.8664704956456696,-0.09209366708292513
178,1558832400,183,216,33,399,21,-0.7120661714812585,-0.8716375784152786
178,1558846800,12,33,21,45,21,-0.7682131984501352,-1.361794851260133
178,1558861200,61,200,139,261,21,-0.21610076658951394,-1.0627158373208998
178,1558875600,242,483,241,725,21,0.26114896264593845,-0.4202498073773617
178,1558890000,447,615,168,1062,21,-0.08041211808139512,0.04636883937042361
178,1558904400,389,350,0,739,21,-0.8664704956456696,-0.4008650564738928
178,1558918800,118,150,32,268,21,-0.7167450903953316,-1.0530234618691654
178,1558933200,12,23,11,35,21,-0.815002387590866,-1.375641101905468
178,1558947600,58,231,173,289,21,-0.05701752351102981,-1.0239463355139622
178,1558962000,290,601,311,891,21,0.5886732866310528,-0.19040204666480273
178,1558976400,438,569,131,1007,21,-0.25353211790209845,-0.029785539178918196
178,1558990800,357,361,4,718,21,-0.8477548199893774,-0.4299421828290961
178,1559005200,128,152,24,280,22,-0.8739436667073457,-1.0820463082115697
178,1559019600,18,25,7,43,22,-0.961191398534673,-1.369279999393445
178,1559034000,585,978,393,1563,22,1.019845335897582,0.4728938849797643
178,1559048400,669,1458,789,2127,22,3.052204265522383,1.1564373526024552
178,1559062800,1005,1126,121,2131,22,-0.37611837333965464,1.1612851786139635
178,1559077200,881,1151,270,2032,22,0.38858233502927286,1.0413014848291295
178,1559091600,168,261,93,429,22,-0.519820519878782,-0.9014647892828801
178,1559106000,15,30,15,45,22,-0.9201336423806367,-1.3668560863876908
178,1559120400,619,942,323,1561,22,0.6605899695497639,0.4704699719740101
178,1559134800,752,1282,530,2034,22,1.722959410035455,1.0437253978348837
178,1559149200,1107,1173,66,2280,22,-0.6583904468986547,1.3418666975426532
178,1559163600,887,1266,379,2153,22,0.9479942626280186,1.18794822167726
178,1559178000,161,312,151,473,22,-0.22215178776201822,-0.8481387031562873
178,1559192400,13,34,21,47,22,-0.8893403252651093,-1.3644321733819367
178,1559206800,637,894,257,1531,22,0.3218634812789638,0.43411127688769674
178,1559221200,731,1334,603,2065,22,2.097611434941037,1.0812960494240742
178,1559235600,1104,1134,30,2238,22,-0.8431503495918184,1.2909645244218146
178,1559250000,902,1315,413,2217,22,1.1224897262826732,1.2655134378613953
178,1559264400,183,282,99,465,22,-0.4890272027632547,-0.8578343551793041
178,1559278800,21,34,13,55,22,-0.9303980814191457,-1.3547365213589198
178,1559293200,583,929,346,1512,22,0.7786310184926185,0.41108410333303164
178,1559307600,715,1248,533,1963,22,1.7383560685932187,0.9576764861306089
178,1559322000,1055,1207,152,2262,22,-0.21701956824276367,1.3200514804908652
178,1559336400,866,1113,247,1979,22,0.2705412860864183,0.9770677901766427
178,1559350800,270,315,45,585,22,-0.7661670568030002,-0.7123995748340507
178,1559365200,17,78,61,95,22,-0.6840515444949274,-1.3062582612438354
178,1559379600,95,303,208,398,22,0.07038472483549098,-0.9390354408720706
178,1559394000,361,566,205,927,22,0.05498806627772733,-0.2979104508500786
178,1559408400,506,606,100,1112,22,-0.4838949832440001,-0.07369849781781297
178,1559422800,488,420,0,908,22,-0.9971169351694548,-0.3209376244047437
178,1559437200,200,235,35,435,22,-0.8174892519955457,-0.8941930502656175
178,1559451600,20,51,31,71,22,-0.8380181300725639,-1.335345217312886
178,1559466000,58,206,148,264,22,-0.23754844631978186,-1.1014376122576035
178,1559480400,306,532,226,838,22,0.16276467618207283,-0.4057745796061415
178,1559494800,624,627,3,1251,22,-0.9817202766116911,0.09476345608210553
178,1559509200,340,407,67,747,22,-0.6532582273794002,-0.5160626213679587
178,1559523600,155,147,0,302,22,-0.9971169351694548,-1.0553832651482733
178,1559538000,17,21,4,38,22,-0.9765880570924367,-1.3753397819078308
178,1559552400,778,945,167,1723,22,-0.14003627545394545,0.6668069254401021
178,1559566800,696,1281,585,1977,22,2.0052314835944554,0.9746438771708884
178,1559581200,964,1065,101,2029,22,-0.4787627637247456,1.0376656153204982
178,1559595600,887,1186,299,2073,22,0.5374167010876547,1.0909917014470911
178,1559610000,229,218,0,447,23,-1.088893255154106,-0.9170201209637037
178,1559624400,15,28,13,43,23,-1.0169591090785897,-1.4253838628779785
178,1559638800,648,937,289,1585,23,0.51025814606314,0.5149549738344268
178,1559653200,739,1265,526,2004,23,1.821672962978321,1.0421936071564097
178,1559667600,940,1104,164,2044,23,-0.18141633543220853,1.0925266509102984
178,1559682000,927,1092,165,2019,23,-0.17588293958024573,1.0610684985641181
178,1559696400,225,325,100,550,23,-0.535553669957827,-0.7874125332974405
178,1559710800,19,33,14,52,23,-1.0114257132266269,-1.4140589280333535
178,1559725200,656,962,306,1618,23,0.6043258755465075,0.5564797349313849
178,1559739600,748,1294,546,2042,23,1.9323408800175768,1.090009998722604
178,1559754000,1031,1150,119,2181,23,-0.43041914877053405,1.264917325767367
178,1559768400,911,1271,360,2182,23,0.9031292515524981,1.2661756518612142
178,1559782800,239,269,30,508,23,-0.9228913795952223,-0.8402622292390236
178,1559797200,19,34,15,53,23,-1.0058923173746641,-1.4128006019395063
178,1559811600,613,940,327,1553,23,0.720527188437726,0.47468853883131595
178,1559826000,777,1323,546,2100,23,1.9323408800175768,1.1629929121657425
178,1559840400,1087,1185,98,2272,23,-0.5466204616617526,1.3794250003074635
178,1559854800,895,1233,338,2128,23,0.7813945428093168,1.1982260427934646
178,1559869200,253,349,96,602,23,-0.5576872533656781,-0.7219795764173854
178,1559883600,19,21,2,40,23,-1.0778264634501804,-1.4291588411595202
178,1559898000,578,920,342,1498,23,0.8035281262171678,0.4054806036697191
178,1559912400,686,1304,618,1990,23,2.3307453813588976,1.0245770418425488
178,1559926800,998,1150,152,2148,23,-0.247817085655762,1.2233925646704087
178,1559941200,889,1002,113,1891,23,-0.46361952388231076,0.9000027585516746
178,1559955600,271,318,47,589,23,-0.8288236501118548,-0.7383378156373992
178,1559970000,22,71,49,93,23,-0.8177568584079292,-1.3624675581856178
178,1559984400,89,320,231,409,23,0.1893211866492983,-0.9648365125298979
178,1559998800,334,643,309,977,23,0.6209260631023958,-0.25010729122467984
178,1560013200,588,688,100,1276,23,-0.535553669957827,0.12613221083563741
178,1560027600,529,572,43,1101,23,-0.850957233519706,-0.09407485558762518
178,1560042000,216,262,46,478,23,-0.8343570459638177,-0.87801201205444
178,1560056400,21,55,34,76,23,-0.9007577961873711,-1.3838591017810205
178,1560070800,60,213,153,273,23,-0.24228368980379922,-1.1359688612931191
178,1560085200,248,578,330,826,23,0.7371273759936144,-0.44011453139560924
178,1560099600,451,682,231,1133,23,0.1893211866492983,-0.0538084205845143
178,1560114000,348,452,104,800,23,-0.5134200865499758,-0.47283100983563686
178,1560128400,156,132,0,288,23,-1.088893255154106,-1.1170939698854108
178,1560142800,17,35,18,52,23,-0.9892921298187757,-1.4140589280333535
178,1560157200,589,865,276,1454,23,0.43832399998762384,0.3501142555404417
178,1560171600,705,1296,591,2001,23,2.1813436933559025,1.0384186288748682
178,1560186000,1007,1015,8,2022,23,-1.0446260883384035,1.0648434768456596
178,1560200400,784,1200,416,1984,23,1.2129994192624143,1.0170270852794656
178,1560214800,144,215,71,359,24,-0.8057059616743633,-1.224057201078269
178,1560229200,17,26,9,43,24,-1.1656250463250546,-1.6090146886576842
178,1560243600,652,940,288,1592,24,0.4540108346030562,0.27800793241989125
178,1560258000,716,1219,503,1935,24,1.7021173378272276,0.695857357229193
178,1560272400,979,1021,42,2000,24,-0.9740552109464609,0.7750416505604018
178,1560286800,960,1240,280,2200,24,0.40756966239006376,1.018685630041044
178,1560301200,174,303,129,477,24,-0.4690074631301682,-1.08030725318469
178,1560315600,21,27,6,48,24,-1.1830404859049266,-1.602923589170668
178,1560330000,656,961,305,1617,24,0.5526983255556651,0.30846342985497155
178,1560344400,744,1206,462,1950,24,1.4641063302356414,0.7141306556902411
178,1560358800,1021,1122,101,2143,24,-0.6315515658756417,0.949247095889061
178,1560373200,922,1252,330,2174,24,0.6978269887212664,0.9870119127085606
178,1560387600,171,319,148,490,24,-0.35870967912431123,-1.0644703945184484
178,1560402000,19,24,5,43,24,-1.1888456324315508,-1.6090146886576842
178,1560416400,622,898,276,1520,24,0.38434907628356757,0.19029609980685996
178,1560430800,791,1318,527,2109,24,1.841440854466205,0.9078276193773518
178,1560445200,1060,1102,42,2162,24,-0.9740552109464609,0.9723932739397221
178,1560459600,912,1138,226,2050,24,0.09409174995236491,0.8359526454305624
178,1560474000,181,328,147,509,24,-0.36451482565093524,-1.0413242164677874
178,1560488400,20,33,13,53,24,-1.1424044602185583,-1.5968324896836519
178,1560502800,489,923,434,1412,24,1.301562227490168,0.05872835088731308
178,1560517200,703,1196,493,1899,24,1.6440658725609871,0.6520014409226773
178,1560531600,1052,1109,57,2161,24,-0.8869780130471,0.9711750540423189
178,1560546000,822,963,141,1785,24,-0.3993457048106796,0.5131243726187111
178,1561165200,4696,8950,4254,13646,25,4.055683410147768,4.0148108155648945
178,1561179600,22,57,35,79,25,-0.4423918827916651,-0.5493491283204412
178,1561194000,95,420,325,515,25,-0.13320917718549402,-0.40267162146306623
178,1561208400,386,921,535,1307,25,0.09068174756380226,-0.13622991175884377
178,1561222800,636,1053,417,1689,25,-0.035123629200088026,-0.007718885108574873
178,1561237200,652,742,90,1394,25,-0.38375378345256367,-0.1069616936473951
178,1561251600,251,289,38,540,25,-0.4391934410095323,-0.39426121395977637
178,1561266000,17,51,34,68,25,-0.443458030052376,-0.5530497076218888
178,1561280400,61,215,154,276,25,-0.31552035876706386,-0.48307511719451723
178,1561294800,299,691,392,990,25,-0.0617773107178614,-0.2428738789005591
178,1561309200,511,836,325,1347,25,-0.13320917718549402,-0.12277325975358003
178,1561323600,412,562,150,974,25,-0.31978494780990757,-0.2482565397026646
178,1561338000,155,239,84,394,25,-0.39015066701682927,-0.4433779937789891
178,1561352400,12,30,18,42,25,-0.46051638622375096,-0.5617965314253102
178,1561366800,562,881,319,1443,25,-0.13960606074975962,-0.090477294940947
178,1561381200,738,1238,500,1976,25,0.05336659343891955,0.08883259302919261
178,1561395600,997,1055,58,2052,25,-0.4178704957953136,0.11440023183919375
178,1561410000,856,1227,371,2083,25,-0.08416640319279102,0.12482913714327316
178,1561424400,186,289,103,475,26,-0.5567583781295854,-0.8347321486533543
178,1561438800,15,26,11,41,26,-1.0577902579932432,-1.3927551948694632
178,1561453200,594,900,306,1494,26,0.548779356786964,0.4754648193056666
178,1561467600,715,1338,623,2053,26,2.2751609428389155,1.1942087889711157
178,1561482000,1037,1068,31,2105,26,-0.9488702841098394,1.2610686931260413
178,1561496400,869,1191,322,2060,26,0.6359153358936871,1.2032091606842787
178,1561510800,192,318,126,510,26,-0.43150040816367097,-0.789730290087539
178,1561525200,21,31,10,52,26,-1.0632362566874134,-1.3786117536059213
178,1561539600,595,911,316,1506,26,0.6032393437286659,0.49089402795680326
178,1561554000,769,1315,546,2084,26,1.8558190433878106,1.2340675779865522
178,1561568400,1009,1058,49,2067,26,-0.850842307614776,1.2122095323974418
178,1561582800,887,1188,301,2075,26,0.521549363316113,1.2224956714981996
178,1561597200,186,343,157,529,26,-0.262674448644395,-0.7653007097232394
178,1561611600,18,44,26,62,26,-0.9761002775806904,-1.365754079729974
178,1561626000,583,859,276,1442,26,0.3853993959618581,0.4086049151507411
178,1561640400,722,1373,651,2095,26,2.4276489062756808,1.2482110192500941
178,1561654800,972,1131,159,2103,26,-0.2517824512560546,1.2584971583508517
178,1561669200,866,1030,164,1896,26,-0.2245524577852036,0.9923433091187446
178,1561683600,162,387,225,549,26,0.10765346255917824,-0.739585361971345
178,1561698000,19,29,10,48,26,-1.0632362566874134,-1.3837548231563002
178,1561712400,480,877,397,1357,26,1.0443652379564516,0.29931468720518983
178,1561726800,681,1292,611,1973,26,2.209808958508873,1.091347397963538
178,1561741200,1013,1213,200,2226,26,-0.028496504795076618,1.4166465470250025
178,1561755600,804,1004,200,1808,26,-0.028496504795076618,0.879195779010409
178,1561770000,252,313,61,565,26,-0.7854903232847336,-0.7190130837698294
178,1561784400,20,61,41,81,26,-0.8944102971681375,-1.3413244993656743
178,1561798800,88,320,232,408,26,0.1457754534183696,-0.9208785636222006
178,1561813200,331,681,350,1012,26,0.7884032993304525,-0.144275061514989
178,1561827600,582,786,204,1368,26,-0.006712510018395842,0.3134581284687317
178,1561842000,555,511,0,1066,26,-1.1176962436291153,-0.07484362258487406
178,1561856400,211,270,59,481,26,-0.796382320673074,-0.827017544327786
178,1561870800,17,58,41,75,26,-0.8944102971681375,-1.3490391036912428
178,1561885200,58,201,143,259,26,-0.3389184303627777,-1.112457904373814
178,1561899600,337,553,216,890,26,0.05863947431164648,-0.301138682801545
178,1561914000,556,620,64,1176,26,-0.769152327202223,0.06659079005054527
178,1561928400,358,489,131,847,26,-0.40427041469282,-0.356426680468118
178,1561942800,134,200,66,334,26,-0.7582603298138826,-1.01602535030421
178,1561957200,14,40,26,54,26,-0.9761002775806904,-1.376040218830732
178,1561971600,524,882,358,1406,26,0.831971288883814,0.36231728919733114
178,1561972025,3,38,35,41,26,-0.9270862893331586,-1.3927551948694632
178,1561986000,620,1244,624,1864,26,2.280606941533086,0.9511987527157134
178,1562000400,902,994,92,1896,26,-0.6166643637654575,0.9923433091187446
178,1562014800,823,1085,262,1908,26,0.3091554142434754,1.007772517769881
178,1562029200,169,269,100,438,27,-0.3788842734338017,-0.4240562422055406
178,1562043600,14,32,18,46,27,-0.7144241859867765,-1.0241245980452949
178,1562057440,526,486,0,1012,27,-0.7880792887423076,0.4546152788455282
178,1562058000,94,913,819,1007,27,2.5632278866343556,0.44696134573532725
178,1562062993,301,166,0,467,27,-0.7880792887423076,-0.3796634301663751
178,1562072400,362,1277,915,1639,27,2.956055101330521,1.414418490864727
178,1562086800,935,1086,151,2021,27,-0.17019481562646369,1.9991789804840796
178,1562101200,796,1070,274,1866,27,0.33311505320299856,1.76190705406785
178,1562115600,146,272,126,418,27,-0.27249356945359016,-0.4546719746463444
178,1562130000,18,35,17,53,27,-0.7185161361398615,-1.0134090916910137
178,1562139230,111,148,37,259,27,-0.6366771330781604,-0.6980670475507346
178,1562139829,31,21,0,52,27,-0.7880792887423076,-1.0149398783130539
178,1562142586,188,117,0,305,27,-0.7880792887423076,-0.6276508629368859
178,1562144400,167,881,714,1048,27,2.1335731205604245,0.5097235972389751
178,1562158800,594,1257,663,1851,27,1.9248836627530863,1.7389452547372473
178,1562173200,1489,1062,0,2551,27,-0.7880792887423076,2.81049589016538
178,1562187600,772,708,0,1480,27,-0.7880792887423076,1.171023417960337
178,1562202000,139,236,97,375,27,-0.3911601238930569,-0.5204957993940725
178,1562216400,14,42,28,56,27,-0.6735046844559259,-1.008816731824893
178,1562230310,53,250,197,303,27,0.01803489141544901,-0.6307124361809662
178,1562230390,0,0,0,0,27,-0.7880792887423076,-1.0945407826591436
178,1562230473,93,98,5,191,27,-0.7676195379768823,-0.8021605378494674
178,1562230553,1,1,0,2,27,-0.7880792887423076,-1.0914792094150634
178,1562230633,1,1,0,2,27,-0.7880792887423076,-1.0914792094150634
178,1562230800,3,6,3,9,27,-0.7758034382830524,-1.080763703060782
178,1562245200,219,533,314,752,27,0.4967930593264009,0.05661075711507893
178,1562259600,397,522,125,919,27,-0.2765855196066752,0.3122521229957906
178,1562274000,384,300,0,684,27,-0.7880792887423076,-0.047482733183653966
178,1562288400,115,291,176,406,27,-0.06789606179933723,-0.4730414141108267
178,1562302800,11,36,25,47,27,-0.6857805349151811,-1.0225938114232547
178,1562317200,213,712,499,925,27,1.2538038376471365,0.32143684272803175
178,1562331600,368,986,618,1354,27,1.7407459058642587,0.9781443035832731
178,1562346000,725,936,211,1661,27,0.07532219355863984,1.4480957965496113
178,1562360400,629,588,0,1217,27,-0.7880792887423076,0.7684265363637671
178,1562374800,137,238,101,375,27,-0.37479232328071665,-0.5204957993940725
178,1562389200,20,35,15,55,27,-0.7267000364460316,-1.0103475184469333
178,1562403600,55,290,235,345,27,0.17352899723268125,-0.5664193980552782
178,1562418000,97,527,430,624,27,0.9714592770842677,-0.13932993050606535
178,1562432400,253,590,337,843,27,0.5909079128473572,0.19591233972073618
178,1562446800,227,345,118,572,27,-0.30522917067827066,-0.2189308348521552
178,1562461200,111,160,49,271,27,-0.5875737312411397,-0.6796976080862522
178,1562475600,19,33,14,52,27,-0.7307919865991167,-1.0149398783130539
178,1562490000,53,218,165,271,27,-0.11290751348327287,-0.6796976080862522
178,1562504400,89,529,440,618,27,1.0123787786151184,-0.14851465023830648
178,1562518800,205,492,287,697,27,0.3863104051931043,-0.0275825070971315
178,1562533200,209,334,125,543,27,-0.2765855196066752,-0.2633236468913207
178,1562547600,118,143,25,261,27,-0.6857805349151811,-0.6950054743066542
178,1562562000,10,28,18,38,27,-0.7144241859867765,-1.0363708910216165
178,1562572492,190,227,37,417,27,-0.6366771330781604,-0.4562027612683846
178,1562576310,396,205,0,601,27,-0.7880792887423076,-0.1745380228129897
178,1562576400,107,874,767,981,27,2.3504464786739323,0.40716089356228236
178,1562590800,644,1223,579,1867,27,1.5811598498939414,1.7634378406898903
178,1562605200,860,1049,189,1909,27,-0.01470070980923146,1.8277308788155784
178,1562619600,759,1096,337,1855,27,0.5909079128473572,1.745068401225408
178,1562634000,159,258,99,417,28,-0.6733315790582937,-0.8674870867155889
178,1562648400,14,31,17,45,28,-1.1346313519400846,-1.3522200448660258
178,1562662800,633,889,256,1522,28,0.2098887178007451,0.5723782862850364
178,1562677200,690,1289,599,1979,28,2.1394719141233587,1.1678701192816752
178,1562691600,962,994,32,1956,28,-1.0502472471446351,1.1379000707938793
178,1562706000,836,1141,305,1977,28,0.485543460132547,1.1652640281088233
178,1562720400,191,277,86,468,28,-0.7464644698810167,-0.8010317618078678
178,1562734800,14,25,11,39,28,-1.1683849938582644,-1.3600383183845812
178,1562749200,626,825,199,1451,28,-0.11077088042196323,0.47986204964879714
178,1562763600,700,1208,508,1908,28,1.6275416783642978,1.0753538826454359
178,1562778000,934,999,65,1933,28,-0.864602216594646,1.1079300223060835
178,1562792400,821,1211,390,2032,28,0.9637200539734279,1.236931535362248
178,1562806800,181,328,147,509,28,-0.40330244371285506,-0.7476068927644056
178,1562821200,16,43,27,59,28,-1.0783752820764516,-1.333977406656063
178,1562835600,619,909,290,1528,28,0.40115935533709746,0.5801965598035919
178,1562850000,708,1232,524,1940,28,1.7175513901461106,1.1170513414110648
178,1562864400,962,1083,121,2045,28,-0.549568225358301,1.253871127985785
178,1562878800,812,1154,342,1966,28,0.6936909186279893,1.1509305266581384
178,1562893200,153,299,146,452,28,-0.40892805069921834,-0.8218804911906823
178,1562907600,14,27,13,41,28,-1.157133779885538,-1.3574322272117294
178,1562922000,516,859,343,1375,28,0.6993165256143525,0.38083058508042833
178,1562936400,662,1294,632,1956,28,2.3251169446733475,1.1379000707938793
178,1562950800,967,1119,152,2086,28,-0.3751744087810385,1.307295997029247
178,1562965200,802,887,85,1689,28,-0.7520900768673799,0.7899868992181627
178,1562979600,163,288,125,451,28,-0.5270657974128478,-0.8231835367771082
178,1562994000,20,51,31,71,28,-1.0558728541309983,-1.3183408596189523
178,1563008400,61,283,222,344,28,0.018618080264392763,-0.9626094145246801
178,1563022800,138,669,531,807,28,1.7569306390506538,-0.3592993080094859
178,1563037200,313,652,339,965,28,0.6768140976688993,-0.15341810535419284
178,1563051600,256,467,211,723,28,-0.04326359658560358,-0.46875513726926193
178,1563066000,138,358,220,496,28,0.007366866291666155,-0.7645464853879425
178,1563080400,17,42,25,59,28,-1.0896264960491782,-1.333977406656063
178,1563094800,35,173,138,208,28,-0.4539329065901248,-1.1398236142786031
178,1563109200,154,563,409,717,28,1.0706065867143306,-0.47657341078781734
178,1563123600,275,552,277,827,28,0.3280264645143745,-0.33323839628096774
178,1563138000,264,393,129,657,28,-0.5045633694673946,-0.5547561459733716
178,1563152400,105,158,53,263,28,-0.9321095004310057,-1.0681561070251784
178,1563166800,15,29,14,44,28,-1.1515081728991745,-1.3535230904524516
178,1563181200,794,821,27,1615,28,-1.0783752820764516,0.6935615258226456
178,1563195600,729,1253,524,1982,28,1.7175513901461106,1.1717792560409528
178,1563210000,867,1043,176,1910,28,-0.24015984110831923,1.0779599738182877
178,1563224400,809,1154,345,1963,28,0.7105677395870792,1.1470213898988606
178,1563238800,175,218,43,393,29,-0.6962311122939164,-0.8108659213446829
178,1563253200,15,35,20,50,29,-0.8119900201210978,-1.2556635436332315
178,1563267600,587,852,265,1439,29,0.42109399803800723,0.5455723087247686
178,1563282000,691,1333,642,2024,29,2.318533487205283,1.3041921601498443
178,1563296400,1014,1049,35,2063,29,-0.7364950802338056,1.3547668169115161
178,1563310800,869,1215,346,2084,29,0.8287666734293848,1.3819993243985702
178,1563325200,201,326,125,527,29,-0.2835254409100528,-0.6370965878558622
178,1563339600,15,27,12,42,29,-0.852253988060987,-1.2660378321997283
178,1563350827,259,314,55,573,29,-0.6358351603840827,-0.5774444285985059
178,1563354000,351,884,533,1235,29,1.7699369240242935,0.28102795027910116
178,1563368400,692,1200,508,1892,29,1.6441120242121399,1.1330163988026476
178,1563382800,1011,1114,103,2125,29,-0.39425135274474793,1.435167553301866
178,1563397200,839,1226,387,2065,29,1.0351195091213168,1.3573603890531403
178,1563411600,153,261,108,414,29,-0.3690863727823172,-0.783633413857629
178,1563426000,16,29,13,45,29,-0.8472209920685008,-1.262147473987292
178,1563435458,140,194,54,334,29,-0.6408681563765689,-0.8873762995225966
178,1563435553,7,6,0,13,29,-0.9126499399708207,-1.3036446282532792
178,1563440400,433,899,466,1332,29,1.432726192527722,0.40681619914787437
178,1563454800,694,1341,647,2035,29,2.3436984671677137,1.3184568069287772
178,1563469200,820,828,8,1648,29,-0.8723859720309315,0.8166005975244964
178,1563483600,857,1092,235,1949,29,0.27010411826342295,1.2069332048389372
178,1563498000,190,295,105,485,29,-0.3841853607597756,-0.6915616028299703
178,1563512400,16,38,22,54,29,-0.8019240281361255,-1.2504763993499832
178,1563526800,495,795,300,1290,29,0.5972488577750222,0.3523511841737664
178,1563541200,700,1211,511,1911,29,1.6592110121895982,1.1576553341480775
178,1563555600,1223,1162,0,2385,29,-0.9126499399708207,1.7723319317130108
178,1563570000,790,777,0,1567,29,-0.9126499399708207,0.7115609257887168
178,1563584400,204,220,16,424,29,-0.8321220040910423,-0.770665553149508
178,1563598800,22,39,17,61,29,-0.8270890080985562,-1.2413988968542986
178,1563613200,117,286,169,403,29,-0.062073617240662474,-0.797898060636562
178,1563627600,375,613,238,988,29,0.2852031062408814,-0.03927820921148635
178,1563642000,541,646,105,1187,29,-0.3841853607597756,0.2187822188801206
178,1563656400,402,356,0,758,29,-0.9126499399708207,-0.33753900549826826
178,1563670800,138,172,34,310,29,-0.7415280762262918,-0.9184991652220869
178,1563685200,16,33,17,49,29,-0.8270890080985562,-1.2569603297040437
178,1563699600,54,165,111,219,29,-0.35398738480485875,-1.0365066976659876
178,1563714000,192,518,326,710,29,0.7281067535796619,-0.3997847368972488
178,1563728400,362,518,156,880,29,-0.12750256514298233,-0.17933110485919262
178,1563742800,291,293,2,584,29,-0.9025839479858483,-0.5631797818195728
178,1563757200,100,124,24,224,29,-0.7918580361511532,-1.030022767311927
178,1563771600,10,25,15,35,29,-0.8371550000835285,-1.275115334695413
178,1563786000,561,849,288,1410,29,0.5368529058651885,0.5079655126712178
178,1563800400,616,1229,613,1845,29,2.172576603423185,1.0720674534744792
178,1563814800,887,985,98,1872,29,-0.4194163327071786,1.1070806773864057
178,1563829200,751,1139,388,1890,29,1.0401525051138028,1.1304228266610234
178,1563843600,152,191,39,343,30,-0.8730339162056553,-0.9945456900735296
178,1563858000,14,26,12,40,30,-1.0214405210590825,-1.3926893388789572
178,1563872400,610,865,255,1475,30,0.31421892262176254,0.49290846982001524
178,1563886800,734,1279,545,2013,30,1.9082157895659806,1.1998433974019296
178,1563901200,925,1063,138,1988,30,-0.3288763650764221,1.1669932613618779
178,1563915600,986,1245,259,2231,30,0.33620508630375173,1.4862965836711812
178,1563930000,167,307,140,474,30,-0.31788328323542747,-0.8224109772236582
178,1563944400,15,34,19,49,30,-0.9829647346156013,-1.3808632899045385
178,1563958800,600,935,335,1535,30,0.7539421962615469,0.5717487963161395
178,1563973200,677,1222,545,1899,30,1.9082157895659806,1.0500467770592934
178,1563987600,931,989,58,1920,30,-0.7685996387162065,1.077640891332937
178,1564002000,871,1244,373,2115,30,0.9628107512404445,1.3338719524453408
178,1564016400,200,360,160,560,30,-0.2079524648254814,-0.7094065092458801
178,1564030800,17,33,16,50,30,-0.9994543573770932,-1.3795492844629365
178,1564045200,577,924,347,1501,30,0.8199006873075145,0.527072611301669
178,1564059600,696,1255,559,1951,30,1.985167362452943,1.1183750600226012
178,1564074000,903,1042,139,1945,30,-0.3233798241559248,1.1104910273729889
178,1564088400,847,1098,251,1945,30,0.2922327589397733,1.1104910273729889
178,1564102800,208,307,99,515,30,-0.5432414609758169,-0.7685367541179733
178,1564117200,18,46,28,64,30,-0.9334958663311256,-1.3611532082805076
178,1564131600,490,887,397,1377,30,1.0947277333323797,0.36413593654301224
178,1564146000,636,1304,668,1940,30,2.584290322787149,1.1039210001649784
178,1564160400,976,1076,100,2052,30,-0.5377449200553197,1.2510896096244104
178,1564174800,812,954,142,1766,30,-0.3068902013944329,0.875284053326218
178,1564189200,272,289,17,561,30,-0.993957816456596,-0.708092503804278
178,1564203600,18,45,27,63,30,-0.9389924072516229,-1.3624672137221097
178,1564218000,88,263,175,351,30,-0.12550435101802185,-0.984033646540713
178,1564232400,257,588,331,845,30,0.7319560325795577,-0.33491495838928975
178,1564246800,479,664,185,1143,30,-0.07053894181304879,0.05665866320812753
178,1564261200,525,441,0,966,30,-1.08739901210505,-0.17592029995543912
178,1564275600,195,220,25,415,30,-0.9499854890926175,-0.8999372982781805
178,1564290000,17,49,32,66,30,-0.9115097026491363,-1.3585251973973034
178,1564304400,60,154,94,214,30,-0.5707241655783035,-1.1640523920401968
178,1564318800,236,549,313,785,30,0.6330182960106062,-0.413755284885414
178,1564333200,425,592,167,1017,30,-0.16947667838200028,-0.10890602243373347
178,1564347600,350,358,8,708,30,-1.0434266847410716,-0.5149337038887736
178,1564362000,110,133,23,243,30,-0.9609785709336122,-1.1259462342337367
178,1564376400,14,32,18,46,30,-0.9884612755360986,-1.3848053062293448
178,1564390800,556,873,317,1429,30,0.6550044596925954,0.43246421950631997
178,1564405200,641,1202,561,1843,30,1.9961604442939376,0.9764624723295775
178,1564419600,896,987,91,1883,30,-0.5872137883397954,1.0290226899936603
178,1564434000,784,1085,301,1869,30,0.5670598049646385,1.0106266138112314
178,1564448400,162,243,81,405,31,-0.7918975592594716,-1.1446080774613423
178,1564462800,20,24,4,44,31,-1.1952676500840316,-1.610102087183698
178,1564477200,601,911,310,1512,31,0.407735567997986,0.2828209218811727
178,1564491600,690,1279,589,1969,31,1.8692973256610022,0.8721028123053184
178,1564506000,957,966,9,1923,31,-1.1690747870434757,0.8127877861357108
178,1564520400,840,1199,359,2039,31,0.6644256257954333,0.9623648086503735
178,1564534800,156,285,129,441,31,-0.5404460740701355,-1.098187622198171
178,1564549200,12,30,18,42,31,-1.121927633570475,-1.6126810013649853
178,1564563600,615,863,248,1478,31,0.08294406629509354,0.23897938079928877
178,1564578000,708,1245,537,1953,31,1.5968915500392213,0.8514714988550202
178,1564592400,966,1050,84,2016,31,-0.776181841435138,0.9327072955655697
178,1564606800,843,1159,316,2002,31,0.439167003646653,0.9146548962965587
178,1564621200,142,281,139,423,31,-0.4880603479890238,-1.1213978498297565
178,1564635600,14,45,31,59,31,-1.05382618966503,-1.5907602308240434
178,1564650000,566,895,329,1461,31,0.5072684475520982,0.2170586102583468
178,1564664400,679,1249,570,1928,31,1.76976444610689,0.8192350715889289
178,1564678800,943,1081,138,2024,31,-0.493298920597135,0.9430229522907189
178,1564693200,840,1055,215,1895,31,-0.089928829772575,0.7766829875976887
178,1564707600,162,308,146,470,31,-0.4513903397322456,-1.0607933665695053
178,1564722000,15,31,16,46,31,-1.1324047787866975,-1.6075231730024109
178,1564736400,481,848,367,1329,31,0.7063342066603225,0.04685027429338567
178,1564750800,619,1245,626,1864,31,2.0631245121611155,0.7367098177877357
178,1564765200,919,1093,174,2012,31,-0.30471030670513294,0.9275494672029951
178,1564779600,776,913,137,1689,31,-0.49853749320524615,0.5110548269250978
178,1565398800,8825,9034,209,17859,32,0.2711896565374647,4.075131499133651
178,1565413200,28,49,21,77,32,-0.8904632519723841,-0.4250540824781901
178,1565427600,80,271,191,351,32,0.15996756955247915,-0.35571144107892994
178,1565442000,290,601,311,891,32,0.9014481494523826,-0.21905076094900114
178,1565456400,511,698,187,1209,32,0.13525155022248236,-0.1385728048724875
178,1565470800,460,438,0,898,32,-1.0202223534548671,-0.21727923361398355
178,1565485200,190,207,17,397,32,-0.9151792713023809,-0.3440699757345286
178,1565499600,16,48,32,64,32,-0.8224941988148929,-0.42834406181465134
178,1565514000,62,183,121,245,32,-0.27256276872246454,-0.3825374264377678
178,1565528400,255,487,232,742,32,0.4133067676849462,-0.2567589856515185
178,1565542800,416,554,138,970,32,-0.1675196865699782,-0.1990578095966597
178,1565557200,333,386,53,719,32,-0.6927350973324098,-0.2625797183237192
178,1565571600,109,119,10,228,32,-0.9584323051298752,-0.38683970710852483
178,1565586000,10,29,19,39,32,-0.9028212616373825,-0.4346709451539999
178,1565600400,529,858,329,1387,32,1.012670236437368,-0.09352539549632578
178,1565614800,599,1234,635,1833,32,2.903445715182122,0.019346203277652445
178,1565629200,891,988,97,1879,32,-0.4208588847024452,0.03098766862205379
178,1565643600,730,1100,370,1830,32,1.2660094345698352,0.01858697727693062
178,1565658000,149,248,99,397,33,-0.5484493251472088,-0.8683911865658589
178,1565672400,14,32,18,46,33,-0.9959478129733653,-1.3585572435565803
178,1565684049,57,573,516,630,33,1.755339186254116,-0.5430102997315625
178,1565686800,589,466,0,1055,33,-1.0953919213791778,0.050495609730137066
178,1565688137,12,130,118,142,33,-0.4434805440521844,-1.2244947322428787
178,1565701200,671,1244,573,1915,33,2.0702455295391893,1.2514722735820467
178,1565715600,944,1033,89,1977,33,-0.6036960520393269,1.3380543121388124
178,1565730000,800,1198,398,1998,33,1.1034278089271223,1.3673804864886845
178,1565744400,174,259,85,433,33,-0.6257947427961741,-0.8181177448232209
178,1565758800,17,32,15,49,33,-1.0125218310410007,-1.354367790078027
178,1565773200,565,853,288,1418,33,0.49571381311382323,0.5574194806350711
178,1565787600,709,1236,527,1945,33,1.8161105858354458,1.2933668083675784
178,1565802000,910,957,47,1867,33,-0.8357323049862229,1.184441017925196
178,1565816400,805,1085,280,1890,33,0.4515164316001288,1.2165601612607704
178,1565830800,156,291,135,447,33,-0.3495611083355836,-0.798566961923306
178,1565845200,17,27,10,44,33,-1.0401451944870599,-1.3613502125422823
178,1565859600,551,852,301,1403,33,0.5675345580735768,0.5364722132423052
178,1565874000,677,1222,545,1899,33,1.9155546942412585,1.2291285216964298
178,1565888400,886,1053,167,1939,33,-0.17277158228080572,1.2849879014104721
178,1565902800,892,1053,161,1945,33,-0.2059196184160766,1.2933668083675784
178,1565917200,169,299,130,468,33,-0.37718447178164266,-0.7692407875734338
178,1565931600,12,38,26,50,33,-0.9517504314596709,-1.352971305585176
178,1565946000,431,784,353,1215,33,0.8548175379125909,0.2739331285863063
178,1565960400,614,1157,543,1771,33,1.9045053488628347,1.0503785066114943
178,1565974800,899,962,63,1861,33,-0.747337541958834,1.1760621109680895
178,1565989200,732,868,136,1600,33,-0.3440364356463718,0.8115796583339635
178,1566003600,209,300,91,509,33,-0.5926467066609032,-0.7119849233665405
178,1566018000,20,44,24,64,33,-0.9627997768380945,-1.3334205226852611
178,1566032400,89,336,247,425,33,0.26920223285613903,-0.8292896207660293
178,1566046800,281,678,397,959,33,1.0979031362379104,-0.08356690158356447
178,1566061200,490,691,201,1181,33,0.015067289152395802,0.22645265582937035
178,1566075600,479,498,19,977,33,-0.9904231402841536,-0.058430180712245434
178,1566090000,173,215,42,388,33,-0.863355668432282,-0.8809595470015185
178,1566104400,18,34,16,52,33,-1.006997158351789,-1.350178336599474
178,1566118800,66,190,124,256,33,-0.4103325079169135,-1.0652955000578581
178,1566133200,241,630,389,871,33,1.053705754724216,-0.20645753695445757
178,1566147600,414,611,197,1025,33,-0.0070314016044514364,0.008601074944605335
178,1566162000,334,389,55,723,33,-0.7915349234725284,-0.4131372418964141
178,1566176400,112,121,9,233,33,-1.0456698671762716,-1.0974146433934324
178,1566190800,9,23,14,32,33,-1.0180465037302127,-1.378108026456495
178,1566205200,556,830,274,1386,33,0.4183683954648579,0.5127319768638372
178,1566219600,597,1200,603,1797,33,2.235985710215543,1.086687103425622
178,1566234000,846,943,97,1789,33,-0.5594986705256324,1.0755152274828135
178,1566248400,728,1030,302,1758,33,0.5730592307627885,1.0322242082044306
178,1566262800,163,213,50,376,34,-0.7645820730888662,-0.9555021968802685
178,1566277200,12,45,33,57,34,-0.8569060372670246,-1.413282223120277
178,1566291600,558,810,252,1368,34,0.33244385420454514,0.46806453048678004
178,1566306000,654,1198,544,1852,34,1.9182437094999714,1.1626273289198965
178,1566320400,863,991,128,1854,34,-0.3409780021537866,1.1654974231282977
178,1566334800,829,1035,206,1864,34,0.08262606878129305,1.1798478941703043
178,1566349200,162,288,126,450,34,-0.3518396449982758,-0.8493087111694202
178,1566363600,12,35,23,47,34,-0.9112142514894707,-1.4276326941622837
178,1566378000,561,868,307,1429,34,0.6311390324279987,0.55560240384302
178,1566392400,634,1180,546,1814,34,1.9291053523444606,1.1080955389602716
178,1566406800,892,1008,116,1900,34,-0.4061478592207219,1.2315095899215278
178,1566421200,753,1125,372,1878,34,0.9841424248738984,1.1999385536291134
178,1566435600,160,271,111,431,34,-0.43330196633194495,-0.8765746061492325
178,1566450000,16,36,20,52,34,-0.9275067157562045,-1.4204574586412804
178,1566464400,529,861,332,1390,34,0.766909567984114,0.4996355667791944
178,1566478800,665,1222,557,1887,34,1.9888443879891513,1.2128539775669194
178,1566493200,874,1008,134,1882,34,-0.3083930736203189,1.205678742045916
178,1566507600,789,1037,248,1826,34,0.3107205685155667,1.1253161042106794
178,1566522000,174,276,102,450,34,-0.48217935913214643,-0.8493087111694202
178,1566536400,17,34,17,51,34,-0.9437991800229384,-1.421892505745481
178,1566550800,414,832,418,1246,34,1.2339602102971505,0.29298878377430027
178,1566565200,542,1290,748,1832,34,3.0261312796378723,1.1339263868358833
178,1566579600,969,1011,42,1980,34,-0.8080286444668231,1.3463133582575801
178,1566594000,741,798,57,1539,34,-0.726566323133154,0.7134575853050918
178,1566608400,225,273,48,498,34,-0.7754437159333554,-0.7804264501677888
178,1566622800,26,50,24,76,34,-0.9057834300672261,-1.3860163281404647
178,1566637200,89,339,250,428,34,0.32158221136005594,-0.8808797474618345
178,1566651600,314,598,284,912,34,0.5062301397163727,-0.18631694902871812
178,1566666000,560,625,65,1185,34,-0.683119751755197,0.20545091041806038
178,1566680400,519,465,0,984,34,-1.0361231442010967,-0.08299355752627104
178,1566694800,231,290,59,521,34,-0.7157046802886647,-0.7474203667711737
178,1566709200,22,44,22,66,34,-0.9166450729117153,-1.4003667991824713
178,1566723600,69,199,130,268,34,-0.33011635930929734,-1.110487284133939
178,1566738000,247,549,302,796,34,0.6039849253167756,-0.35278241311599395
178,1566752400,441,534,93,975,34,-0.5310567519323479,-0.09590898146407692
178,1566766800,361,427,66,788,34,-0.6776889303329524,-0.36426278994959915
178,1566781200,122,145,23,267,34,-0.9112142514894707,-1.1119223312381399
178,1566795600,16,27,11,43,34,-0.976384108556406,-1.4333728825790863
178,1566810000,515,747,232,1262,34,0.22382742575965292,0.3159495374415107
178,1566824400,587,1121,534,1708,34,1.8639354952775253,0.9559805459150023
178,1566838800,834,924,90,1758,34,-0.5473492161990818,1.027732901125035
178,1566853200,738,1029,291,1767,34,0.544245889672085,1.0406483250628409
178,1566867600,172,280,108,452,35,-0.46644973703433196,-0.734006057255126
178,1566882000,13,25,12,38,35,-1.017982094724193,-1.3521239051605953
178,1566896400,550,902,352,1452,35,0.9353616720940648,0.7590322227097759
178,1566910800,643,1177,534,1820,35,1.9809751002144265,1.3084703097368597
178,1566925200,920,1012,92,1932,35,-0.5583717966493088,1.4756905970929288
178,1566939600,738,1057,319,1795,35,0.7457724241381751,1.2711443527377373
178,1566954000,190,295,105,485,35,-0.48368512321214013,-0.6847357940162843
178,1566968400,17,33,16,50,35,-0.9950015798204488,-1.3342074458010165
178,1566982800,544,872,328,1416,35,0.7974785826715997,0.7052828446310394
178,1566997200,691,1271,580,1962,35,2.245251021607485,1.5204817454918758
178,1567011600,928,970,42,1898,35,-0.8456282329461114,1.4249272955741221
178,1567026000,794,1067,273,1861,35,0.48149650274511674,1.3696848792154208
178,1567040400,169,288,119,457,35,-0.4032533210490354,-0.7265408658553015
178,1567054800,14,44,30,58,35,-0.914569777657344,-1.3222631395612974
178,1567069200,493,830,337,1323,35,0.8491847412050241,0.5664302845943036
178,1567083600,612,1224,612,1836,35,2.4290951408374384,1.3323589222162981
178,1567098000,870,953,83,1823,35,-0.6100779551827333,1.3129494245767546
178,1567112400,749,1013,264,1762,35,0.42979034421169227,1.2218740894988955
178,1567126800,171,326,155,497,35,-0.1964286869153375,-0.6668193346567054
178,1567141200,16,46,30,62,35,-0.914569777657344,-1.3162909864414378
178,1567155600,397,795,398,1192,35,1.1996375934871233,0.3708422699189014
178,1567170000,560,1163,603,1723,35,2.377388982304014,1.1636455965802643
178,1567184400,896,1124,228,2020,35,0.22296571007799434,1.60707796572984
178,1567198800,672,685,13,1357,35,-1.012236965998257,0.6171935861131101
178,1567213200,214,254,40,468,35,-0.8571184903979836,-0.7101174447756876
178,1567227600,18,44,26,62,35,-0.9375502925610883,-1.3162909864414378
178,1567242000,81,345,264,426,35,0.42979034421169227,-0.7728250525342134
178,1567256400,290,614,324,904,35,0.7744980677678555,-0.05915275471099036
178,1567270800,454,637,183,1091,35,-0.03556508258912802,0.2200454036424463
178,1567285200,455,443,0,898,35,-1.0869236394354256,-0.06811098439077977
178,1567299600,191,247,56,438,35,-0.7651964307830067,-0.7549085931746347
178,1567314000,20,42,22,62,35,-0.9605308074648325,-1.3162909864414378
178,1567328400,60,179,119,239,35,-0.4032533210490354,-1.0520232108876502
178,1567342800,247,570,323,817,35,0.7687529390419193,-0.18904708506793683
178,1567357200,434,584,150,1018,35,-0.22515433054501777,0.11105360920500845
178,1567371600,343,374,31,717,35,-0.908824648931408,-0.338350913064427
178,1567386000,114,148,34,262,35,-0.8915892627535998,-1.0176833304484574
178,1567400400,11,29,18,40,35,-0.9835113223685767,-1.3491378286006657
178,1567414800,57,250,193,307,35,0.021886204670232504,-0.9504966078500368
178,1567429200,252,591,339,843,35,0.8606749986568962,-0.15022808978884938
178,1567443600,443,595,152,1038,35,-0.21366407309314567,0.1409143748043065
178,1567458000,346,385,39,731,35,-0.8628636191239196,-0.31744837714491836
178,1567472400,127,170,43,297,36,-0.8401073267485869,-1.1158160265998844
178,1567486800,10,31,21,41,36,-0.9604016348092865,-1.446136894386282
178,1567501200,583,840,257,1423,36,0.3300282152963998,0.3370796653043483
178,1567515600,630,1192,562,1822,36,1.9977447588651895,0.8519157053308037
178,1567530000,921,995,74,1916,36,-0.6706017108448739,0.9732053989711216
178,1567544400,828,1256,428,2084,36,1.2650430643136557,1.189978468455945
178,1567558800,179,261,82,440,36,-0.6268583260955286,-0.9313008543598266
178,1567573200,24,42,18,66,36,-0.976805404090291,-1.4138789971415167
178,1567587600,664,918,254,1582,36,0.31362444601539535,0.5422398917810561
178,1567602000,753,1292,539,2045,36,1.8719825277108217,1.139656148754111
178,1567616400,933,963,30,1896,36,-0.911190326966273,0.9473990811753092
178,1567630800,849,1156,307,2005,36,0.603424369979808,1.0880435131624864
178,1567645200,193,258,65,451,36,-0.7198130186878874,-0.9171073795721297
178,1567659600,17,46,29,63,36,-0.9166582500599412,-1.4177499448108886
178,1567674000,613,910,297,1523,36,0.5487451390431263,0.4661112542834098
178,1567688400,698,1249,551,1947,36,1.9375976048348398,1.0132051915546307
178,1567702800,1007,1021,14,2028,36,-0.9986770964649636,1.1177207786276706
178,1567717200,928,1231,303,2159,36,0.5815526776051353,1.2867521601902412
178,1567731600,180,325,145,505,36,-0.28237917119443434,-0.8474303215234366
178,1567746000,19,37,18,56,36,-0.976805404090291,-1.4267821560394227
178,1567760400,612,997,385,1609,36,1.0299223712859247,0.5770784208054027
178,1567774800,733,1264,531,1997,36,1.8282391429614766,1.0777209860441614
178,1567789200,1055,1166,111,2221,36,-0.4682885563791519,1.3667517453572593
178,1567803600,928,1093,165,2021,36,-0.1730207093210711,1.1086885673991362
178,1567818000,281,267,0,548,36,-1.075228019776318,-0.7919467382624401
178,1567832400,24,63,39,87,36,-0.8619790191232596,-1.3867823634559138
178,1567846800,79,348,269,427,36,0.3956432924204178,-0.9480749609271045
178,1567861200,385,719,334,1104,36,0.7510582935088483,-0.07453110353885799
178,1567875600,597,749,152,1346,36,-0.24410370953875724,0.2377253417904709
178,1567890000,636,540,0,1176,36,-1.075228019776318,0.01837164052606631
178,1567904400,228,311,83,539,36,-0.6213904030018604,-0.8035595812705556
178,1567918800,28,49,21,77,36,-0.9604016348092865,-1.3996855223538198
178,1567933200,56,300,244,356,36,0.2589452150787137,-1.0396873891022382
178,1567947600,331,746,415,1077,36,1.1939600640959696,-0.1093696325632046
178,1567962000,493,633,140,1126,36,-0.3097187866627752,-0.046144153963464454
178,1567976400,373,426,53,799,36,-0.7854280958119053,-0.4680774499249956
178,1567990800,142,145,3,287,36,-1.0588242504953134,-1.1287191854977907
178,1568005200,12,30,18,42,36,-0.976805404090291,-1.4448465784964915
178,1568019600,676,1019,343,1695,36,0.8002696013518618,0.6880455873273956
178,1568034000,668,1201,533,1869,36,1.8391749891488127,0.9125605521509627
178,1568048400,994,953,0,1947,36,-1.075228019776318,1.0132051915546307
178,1568062800,856,1239,383,2095,36,1.0189865250985883,1.2041719432436417
178,1568077200,212,279,67,491,37,-0.6059560758360363,-0.8214381798579579
178,1568091600,14,32,18,46,37,-0.9146337006059776,-1.382676694993956
178,1568106000,711,1041,330,1752,37,1.0508238285414033,0.7689478147184325
178,1568120400,725,1241,516,1966,37,2.2225388939946495,1.038846786042261
178,1568134800,1057,1024,0,2081,37,-1.028025481133711,1.1838859528751593
178,1568149200,937,1177,240,2114,37,0.4838649259027358,1.2255058877054694
178,1568163600,194,253,59,447,37,-0.6563524227372513,-0.8769314262983712
178,1568178000,18,30,12,48,37,-0.9524309607818887,-1.3801542747012099
178,1568192400,657,955,298,1612,37,0.8492384409365438,0.5923783942262084
178,1568206800,704,1195,491,1899,37,2.065050309928353,0.9543457062352679
178,1568221200,1028,1045,17,2073,37,-0.9209332439686294,1.1737962717041752
178,1568235600,984,1250,266,2234,37,0.6476530533316842,1.3768511052702328
178,1568250000,205,328,123,533,37,-0.2531816475275321,-0.7684673537102906
178,1568264400,14,43,29,57,37,-0.8453387236168071,-1.3688033833838527
178,1568278800,667,906,239,1573,37,0.4775653825400839,0.5431911985176603
178,1568293200,680,1071,391,1751,37,1.435095973663167,0.7676866045720595
178,1568307600,1034,1081,47,2115,37,-0.7319469430890736,1.2267670978518423
178,1568322000,981,1201,220,2182,37,0.35787405864969857,1.3112681776588353
178,1568336400,179,313,134,492,37,-0.18388667053836158,-0.8201769697115848
178,1568350800,20,31,11,51,37,-0.9587305041445406,-1.3763706442620909
178,1568365200,563,966,403,1529,37,1.5106904940149892,0.487697952077247
178,1568379600,694,1164,470,1858,37,1.932759899312664,0.9026360902339737
178,1568394000,1076,1151,75,2227,37,-0.5555597289348214,1.3680226342456216
178,1568408400,868,1059,191,1927,37,0.17518730113279454,0.9896595903337128
178,1568422800,240,338,98,578,37,-0.4106702315938286,-0.7117128971235043
178,1568437200,29,51,22,80,37,-0.8894355271553701,-1.3397955500172731
178,1568451600,87,307,220,394,37,0.35787405864969857,-0.9437755640561417
178,1568466000,342,603,261,945,37,0.6161553365184249,-0.24884877340460237
178,1568480400,581,573,0,1154,37,-1.028025481133711,0.01474414718736084
178,1568494800,537,387,0,924,37,-1.028025481133711,-0.275334186478436
178,1568509200,172,210,38,382,37,-0.7886428333529403,-0.958910085812618
178,1568523600,25,36,11,61,37,-0.9587305041445406,-1.3637585427983605
178,1568538000,69,177,108,246,37,-0.34767479796731,-1.13043466571935
178,1568552400,268,500,232,768,37,0.4334685790015209,-0.4720829693126286
178,1568566800,466,517,51,983,37,-0.7067487696384661,-0.20092278784242723
178,1568581200,373,351,0,724,37,-1.028025481133711,-0.5275762157530419
178,1568595600,112,108,0,220,37,-1.028025481133711,-1.1632261295250488
178,1568610000,10,31,21,41,37,-0.8957350705180219,-1.3889827457258213
178,1568624400,693,945,252,1638,37,0.5594594462545581,0.6251698580319072
178,1568638800,640,1150,510,1790,37,2.1847416338187386,0.8168738002806077
178,1568653200,942,1031,89,1973,37,-0.4673661218576954,1.0476752570668721
178,1568667600,862,1156,294,2018,37,0.8240402674859363,1.1044297136536585
178,1568682000,194,252,58,446,38,-0.712290488298653,-0.8832150491627476
178,1568696400,12,33,21,45,38,-0.9178508305593382,-1.3749103028583294
178,1568705710,49,352,303,401,38,0.6488523185626401,-0.9383928207744713
178,1568710800,649,635,0,1284,38,-1.034520214004592,0.14431767551779512
178,1568725200,720,1317,597,2037,38,2.282223686796192,1.0676257204873043
178,1568739600,1042,1031,0,2073,38,-1.034520214004592,1.1117679377766831
178,1568754000,933,1110,177,2043,38,-0.051163982108882074,1.0749827567022008
178,1568768400,198,296,98,494,38,-0.4900630912600746,-0.8243587594435757
178,1568782800,17,22,5,39,38,-1.0067417893747697,-1.382267339073226
178,1568797200,667,903,236,1570,38,0.2766214285230212,0.495003068427861
178,1568811600,758,1287,529,2045,38,1.9044371118306087,1.0774351021071662
178,1568826000,1027,1128,101,2155,38,-0.4733960364821812,1.2123140993802686
178,1568840400,944,1217,273,2161,38,0.48218177078370633,1.219671135595165
178,1568854800,216,299,83,515,38,-0.5733983651495416,-0.798609132691438
178,1568869200,19,30,11,49,38,-0.9734076798189828,-1.3700056120483985
178,1568883600,628,928,300,1556,38,0.6321852637847468,0.47783665059310254
178,1568898000,694,1213,519,1907,38,1.848880262570964,0.9082232691645471
178,1568912400,1019,1114,95,2133,38,-0.506730146037968,1.185338299925648
178,1568926800,964,1372,408,2336,38,1.2321992357889087,1.434251358529646
178,1568941200,202,377,175,579,38,-0.062275351960811,-0.7201340797325422
178,1568955600,17,40,23,57,38,-0.9067394607074093,-1.3601962304285364
178,1568970000,581,896,315,1477,38,0.7155205376742138,0.38096900709696546
178,1568984400,731,1311,580,2042,38,2.1877770430547963,1.073756583999718
178,1568998800,1046,1154,108,2200,38,-0.43450624200043,1.2674918709919922
178,1569013200,865,1053,188,1918,38,0.00994855207672701,0.9217111688918573
178,1569027600,220,285,65,505,38,-0.6734006938169018,-0.8108708597162655
178,1569042000,25,57,32,82,38,-0.8567382963737291,-1.3295419128664678
178,1569056400,84,306,222,390,38,0.19884183955951873,-0.9518807205017815
178,1569070800,344,679,335,1023,38,0.826634236193503,-0.17571339983020207
178,1569085200,632,729,97,1361,38,-0.49561877618603906,0.23873297360896673
178,1569099600,508,473,0,981,38,-1.034520214004592,-0.2272126533344775
178,1569114000,203,255,52,458,38,-0.7456245978544399,-0.8685009767329546
178,1569128400,21,45,24,66,38,-0.9011837757814448,-1.3491606761061918
178,1569142800,66,204,138,270,38,-0.2678356942214961,-1.0990214447997113
178,1569157200,324,631,307,955,38,0.671075058266498,-0.2590931435990289
178,1569171600,507,632,125,1139,38,-0.34005959825903415,-0.03347736634220331
178,1569186000,393,420,27,813,38,-0.8845167210035514,-0.4332096673515791
178,1569200400,117,159,42,276,38,-0.8011814471140845,-1.0916644085848148
178,1569214800,14,27,13,41,38,-0.962296309967054,-1.3798149936682604
178,1569229200,659,997,338,1656,38,0.8433012909713964,0.6004539208413774
178,1569243600,708,1315,607,2023,38,2.3377805360558366,1.0504593026525457
178,1569258000,1075,1108,33,2183,38,-0.8511826114477646,1.2466469350497855
178,1569272400,1010,1357,347,2367,38,0.8933024553050766,1.472262712306611
178,1569286800,202,252,50,454,39,-0.8531639762817276,-0.9601539927397307
178,1569301200,18,26,8,44,39,-1.0721659050013095,-1.4651586278948363
178,1569315600,740,996,256,1736,39,0.22098834077146026,0.6189092810867217
178,1569330000,816,1370,554,2186,39,1.7748591683532564,1.1731826611350085
178,1569344400,1032,1145,113,2177,39,-0.5246610832023546,1.1620971935340427
178,1569358800,947,1245,298,2192,39,0.43999026949104225,1.1805729728689855
178,1569373200,159,285,126,444,39,-0.45687477193200776,-0.9724711789630259
178,1569387600,18,28,10,46,39,-1.0617372417289486,-1.4626951906501773
178,1569402000,752,1018,266,1770,39,0.2731316571332655,0.6607877142459256
178,1569416400,787,1311,524,2098,39,1.6184292192678407,1.0647914223700101
178,1569430800,1075,1217,142,2292,39,-0.3734454657531194,1.3037448351019383
178,1569445200,981,1329,348,2310,39,0.7007068513000684,1.3259157703038698
178,1569459600,221,323,102,544,39,-0.5820187312003403,-0.8492993167300733
178,1569474000,20,25,5,45,39,-1.0878088999098512,-1.463926909272507
178,1569488400,700,970,270,1670,39,0.2939889836779876,0.537615852012973
178,1569502800,720,1178,458,1898,39,1.274283331279926,0.8184476979041049
178,1569517200,1134,1153,19,2287,39,-1.0148082570033239,1.2975862419902906
178,1569531600,973,1178,205,2151,39,-0.04494257267374643,1.130072509353475
178,1569546000,206,339,133,545,39,-0.4203744504787441,-0.8480675981077438
178,1569560400,18,25,7,43,39,-1.07738023663749,-1.466390346517166
178,1569574800,627,933,306,1560,39,0.48170492258048647,0.40212680355672514
178,1569589200,727,1405,678,2132,39,2.421436291239641,1.106669855529214
178,1569603600,1158,1128,0,2286,39,-1.1138805580907538,1.296354523367961
178,1569618000,907,1150,243,2057,39,0.15320202950111347,1.0142909588544995
178,1569632400,232,320,88,552,39,-0.6550193741068677,-0.8394455677514371
178,1569646800,24,51,27,75,39,-0.9730936039138796,-1.426975350602621
178,1569661200,108,348,240,456,39,0.1375590345925719,-0.9576905554950716
178,1569675600,387,945,558,1332,39,1.7957164948979785,0.12129495766559319
178,1569690000,632,1039,407,1671,39,1.0083524178347194,0.5388475706353025
178,1569704400,649,705,56,1354,39,-0.8218779864646444,0.14839276735684276
178,1569718800,383,303,0,686,39,-1.1138805580907538,-0.6743952723592807
178,1569733200,22,54,32,76,39,-0.9470219457329769,-1.4257436319802914
178,1569747600,71,223,152,294,39,-0.3213021493913142,-1.157228972312455
178,1569762000,322,795,473,1117,39,1.352498305822634,-0.1435245461352549
178,1569776400,497,911,414,1408,39,1.044852739287983,0.21490557296263718
178,1569790800,402,561,159,963,39,-0.2848018279380505,-0.33320921397400194
178,1569805200,167,181,14,348,39,-1.0408799151842265,-1.0907161667066605
178,1569819600,12,27,15,39,39,-1.035665583548046,-1.471317221006484
178,1569834000,474,742,268,1216,39,0.28356032040562656,-0.021584402524631827
178,1569848400,575,1181,606,1756,39,2.046004413434644,0.6435436535333122
178,1569862800,847,900,53,1747,39,-0.837520981373186,0.6324581859323465
178,1569877200,731,1020,289,1751,39,0.3930612847654176,0.6373850604216647
178,1569891600,211,199,0,410,40,-0.8729640549052907,-0.9307668213427072
178,1569906000,18,32,14,50,40,-0.7900261223985351,-1.3541990736805858
178,1569920400,582,914,332,1496,40,1.0938497731120584,0.34658713987656
178,1569934800,729,1287,558,2016,40,2.432704969292543,0.9582115043646068
178,1569949200,922,1051,129,1973,40,-0.10875024823589906,0.9076348742242492
178,1569963600,831,1161,330,1992,40,1.0820014970396648,0.9299826875420816
178,1569978000,159,269,110,428,40,-0.22130887092363893,-0.9095952087258132
178,1569992400,17,30,13,47,40,-0.7959502604347319,-1.3577276757834014
178,1570006800,655,740,85,1395,40,-0.3694123218285598,0.22779086908176627
178,1570021200,869,1197,328,2066,40,1.070153220967271,1.0170215394115345
178,1570035600,1311,1084,0,2395,40,-0.8729640549052907,1.4039915700203178
178,1570050000,1146,1325,179,2471,40,0.18745665357394267,1.4933828232916477
178,1570064400,262,288,26,550,40,-0.718936465964173,-0.7660987232113099
178,1570078800,18,36,18,54,40,-0.7663295702537477,-1.3494942708768316
178,1570093200,794,1003,209,1797,40,0.3651807946598477,0.700623550859064
178,1570107600,795,1336,541,2131,40,2.331994622677197,1.0934745849725402
178,1570122000,1344,1165,0,2509,40,-0.8729640549052907,1.5380784499273128
178,1570136400,1446,1137,0,2583,40,-0.8729640549052907,1.6251173017967655
178,1570150800,285,289,4,574,40,-0.8492675027605034,-0.7378699063887847
178,1570165200,16,29,13,45,40,-0.7959502604347319,-1.3600800771852786
178,1570179600,812,936,124,1748,40,-0.13837093841688325,0.642989716513075
178,1570194000,713,1271,558,1984,40,2.432704969292543,0.9205730819345732
178,1570208400,1070,1091,21,2161,40,-0.7485571561451573,1.1287606060006967
178,1570222800,866,1094,228,1960,40,0.47773941734758757,0.8923442651120479
178,1570237200,246,274,28,520,40,-0.7070881898917794,-0.8013847442394665
178,1570251600,27,44,17,71,40,-0.7722537082899446,-1.329498858960876
178,1570266000,98,281,183,379,40,0.21115320571873003,-0.9672290430718022
178,1570280400,369,647,278,1016,40,0.7739463191574293,-0.2179891965739448
178,1570294800,579,687,108,1266,40,-0.2331571469960326,0.0760609786606931
178,1570309200,580,492,0,1072,40,-0.8729640549052907,-0.15212195732138592
178,1570323600,176,222,46,398,40,-0.6004537052402363,-0.9448812297539697
178,1570338000,19,54,35,73,40,-0.6656192236384015,-1.327146457558999
178,1570352400,59,169,110,228,40,-0.22130887092363893,-1.1448353489135235
178,1570366800,332,528,196,860,40,0.28816700018928887,-0.4014765059203589
178,1570381200,478,627,149,1105,40,0.009732512488037633,-0.11330733419041372
178,1570395600,350,399,49,749,40,-0.5826812911316458,-0.532034783724538
178,1570410000,121,134,13,255,40,-0.7959502604347319,-1.1130779299881826
178,1570424400,11,33,22,44,40,-0.7426330181089604,-1.361256277886217
178,1570438800,682,904,222,1586,40,0.4421945891304066,0.45244520296102964
178,1570453200,711,1321,610,2032,40,2.7407601471747784,0.9770307155796236
178,1570467600,959,1022,63,1981,40,-0.49974335862489017,0.9170444798317575
178,1570482000,873,1113,240,1986,40,0.5488290737819496,0.9229254833364503
178,1570496400,184,102,0,286,41,-0.9152486535842747,-1.0718771779410035
178,1570510800,15,25,10,40,41,-0.8621394473801581,-1.384702300885652
178,1570525200,693,874,181,1567,41,0.046027978710234264,0.557102425685398
178,1570539600,765,1370,605,2135,41,2.2978583217647746,1.2793978315088141
178,1570554000,1020,1108,88,2128,41,-0.44788763898804934,1.2704963036201453
178,1570568400,904,1141,237,2045,41,0.34343953345328676,1.1649496157973576
178,1570582800,211,88,0,299,41,-0.9152486535842747,-1.0553457690049042
178,1570597200,17,16,0,33,41,-0.9152486535842747,-1.3936038287743209
178,1570611600,494,844,350,1338,41,0.9435735635598034,0.2658952990418025
178,1570626000,602,1182,580,1784,41,2.165085306254483,0.8330497902341327
178,1570640400,873,998,125,1871,41,-0.25138357603281825,0.9436830654218743
178,1570654800,826,1179,353,2005,41,0.9595063254210383,1.1140837421478211
178,1570669200,250,104,0,354,41,-0.9152486535842747,-0.9854051927367917
178,1570683600,13,17,4,30,41,-0.8940049711026281,-1.3974187692980362
178,1570698000,692,933,241,1625,41,0.36468321593493336,0.6308579424772258
178,1570712400,769,1316,547,2085,41,1.9898249257808986,1.2158154894468938
178,1570726800,1111,1155,44,2266,41,-0.681568146286162,1.4459835677110457
178,1570741200,971,1243,272,2214,41,0.5293217551676945,1.3798579319666486
178,1570755600,240,129,0,369,41,-0.9152486535842747,-0.9663304901182156
178,1570770000,18,18,0,36,41,-0.9152486535842747,-1.3897888882506058
178,1570784400,571,945,374,1516,41,1.071035658449683,0.49224843678223923
178,1570798800,716,1325,609,2041,41,2.319102004246421,1.1598630284324039
178,1570813200,1051,1113,62,2164,41,-0.5859715751187523,1.316275589904728
178,1570827600,891,1056,165,1947,41,-0.03894675121635216,1.0403282253559933
178,1570842000,227,270,43,497,41,-0.6868790669065736,-0.8035596944396992
178,1570856400,30,57,27,87,41,-0.7718537968331601,-1.3249348993474468
178,1570870800,102,322,220,424,41,0.25315388290628865,-0.8963899138501031
178,1570885200,397,679,282,1076,41,0.582430961371811,-0.0672761733626606
178,1570899600,615,737,122,1352,41,-0.2673163378940532,0.2836983548191402
178,1570914000,580,585,5,1165,41,-0.8886940504822164,0.04590039550755777
178,1570928400,206,263,57,469,41,-0.6125261782208106,-0.8391658059943747
178,1570942800,20,56,36,76,41,-0.7240555112494552,-1.3389230146010693
178,1570957200,75,207,132,282,41,-0.21420713168993666,-1.0769637653059572
178,1570971600,334,605,271,939,41,0.5240108345472829,-0.2414917906123226
178,1570986000,512,635,123,1147,41,-0.2620054172736415,0.023010752365266417
178,1571000400,443,445,2,888,41,-0.9046268123434513,-0.3063457795154814
178,1571014800,128,167,39,295,41,-0.7081227493882203,-1.0604323563698579
178,1571029200,18,35,17,53,41,-0.8249630030372767,-1.3681708919495528
178,1571043600,455,774,319,1229,41,0.7789350243270422,0.12728579334681595
178,1571058000,596,1165,569,1761,41,2.106665179429955,0.8038019128856494
178,1571072400,884,849,0,1733,41,-0.9152486535842747,0.768195801330974
178,1571086800,818,945,127,1763,41,-0.24076173479199492,0.8063452065681261
178,1571101200,209,248,39,457,42,-0.859163293051139,-0.9421015140477496
178,1571115600,421,209,0,630,42,-1.0796065063997866,-0.7283926195058699
178,1571130000,665,993,328,1658,42,0.7743774417631977,0.5415076324539702
178,1571144400,751,1355,604,2106,42,2.3344371054613187,1.0949271975103987
178,1571158800,1121,1116,0,2237,42,-1.0796065063997866,1.256753007828238
178,1571173200,889,1152,263,2041,42,0.4069720861821185,1.0146319481160506
178,1571187600,181,303,122,484,42,-0.3900149159245302,-0.9087481027608666
178,1571202000,15,37,22,52,42,-0.9552539245108059,-1.442402683350994
178,1571216400,674,1021,347,1695,42,0.88177285339459,0.5872141590322913
178,1571230800,785,1327,542,2112,42,1.9839889201378276,1.1023390666852615
178,1571245200,1133,1108,0,2241,42,-1.0796065063997866,1.2616942539448133
178,1571259600,925,1260,335,2185,42,0.813944172364237,1.1925168083127597
178,1571274000,196,344,148,540,42,-0.24305277369209854,-0.8395706571288131
178,1571288400,18,28,10,46,42,-1.023082605541159,-1.4498145525258568
178,1571302800,653,860,207,1513,42,0.0904382413738041,0.3623874607281173
178,1571317200,779,1349,570,2128,42,2.1422558425419846,1.1221040511515625
178,1571331600,1099,1124,25,2223,42,-0.9382967542532176,1.2394586464202246
178,1571346000,968,1281,313,2249,42,0.6895915904752563,1.271576746177964
178,1571360400,218,360,142,578,42,-0.2769671142072751,-0.7926288190213482
178,1571374800,16,33,17,49,42,-0.9835158749401197,-1.4461086179384255
178,1571389200,584,989,405,1573,42,1.20961147837463,0.43650615247674607
178,1571403600,710,1249,539,1959,42,1.9670317498802394,0.913336402726258
178,1571418000,1082,1171,89,2253,42,-0.5765437887580012,1.276517992294539
178,1571432400,938,1150,212,2088,42,0.11870019180311789,1.07269158998581
178,1571446800,269,327,58,596,42,-0.7517678814197466,-0.7703932114967595
178,1571461200,35,65,30,100,42,-0.9100348038239038,-1.3831077299520909
178,1571475600,114,300,186,414,42,-0.028261950429313783,-0.9952199098009336
178,1571490000,376,652,276,1028,42,0.4804531572983343,-0.2367386309066322
178,1571504400,630,738,108,1368,42,-0.4691483771266088,0.18326728900226436
178,1571518800,593,620,27,1213,42,-0.9269919740814921,-0.00820599801502672
178,1571533200,191,254,63,445,42,-0.7235059309904328,-0.9569252523974754
178,1571547600,16,69,53,85,42,-0.7800298318490604,-1.4016374028892482
178,1571562000,62,176,114,238,42,-0.4352340366114323,-1.2126347389302448
178,1571576400,297,588,291,885,42,0.5652390085862756,-0.4133881795741975
178,1571590800,463,718,255,1181,42,0.3617529654952164,-0.047735966947628744
178,1571605200,342,374,32,716,42,-0.8987300236521784,-0.622155827999502
178,1571619600,117,116,0,233,42,-1.0796065063997866,-1.2188112965759639
178,1571634000,16,22,6,38,42,-1.04569216588461,-1.4596970447590074
178,1571648400,635,986,351,1621,42,0.9043824137380411,0.49580110587564913
178,1571662800,700,1133,433,1833,42,1.3678784007787872,0.7576871500541376
178,1571677200,974,1079,105,2053,42,-0.4861055473841971,1.0294556864657765
178,1571691600,863,1218,355,2081,42,0.9269919740814921,1.0640444092818033
178,1571706000,194,305,111,499,43,-0.5149275375268556,-0.8792367509057736
178,1571720400,16,33,17,49,43,-1.0503328359614161,-1.435622547675423
178,1571734800,638,980,342,1618,43,0.8008025043708409,0.5043092637280879
178,1571749200,739,1493,754,2232,43,3.147472535807425,1.2634667730982319
178,1571763600,1091,1140,49,2231,43,-0.8680672024517786,1.2622303602165215
178,1571778000,898,1169,271,2067,43,0.39640063002133247,1.059458647616027
178,1571792400,184,337,153,521,43,-0.27570389354545627,-0.8520356675081463
178,1571806800,12,31,19,43,43,-1.0389412338670638,-1.443041024965685
178,1571821200,675,999,324,1674,43,0.6982780855216698,0.5735483851038665
178,1571835600,745,1234,489,1979,43,1.6380852583057386,0.9506543140255178
178,1571850000,1074,1119,45,2193,43,-0.8908504066404832,1.2152466707115288
178,1571864400,970,1278,308,2248,43,0.6071452687668509,1.2832493792055972
178,1571878800,211,369,158,580,43,-0.2472248883095754,-0.7790873074872368
178,1571893200,22,32,10,54,43,-1.0902034432916494,-1.4294404832668715
178,1571907600,655,939,284,1594,43,0.4704460436346227,0.47463535456704
178,1571922000,777,1288,511,2065,43,1.7633928813436144,1.0569858218526065
178,1571936400,1045,1145,100,2190,43,-0.5775813490457936,1.2115374320663979
178,1571950800,955,1215,260,2170,43,0.3337468185023945,1.1868091744321914
178,1571965200,200,356,156,556,43,-0.25861649040392776,-0.8087612166482847
178,1571979600,20,34,14,54,43,-1.0674202391029446,-1.4294404832668715
178,1571994000,579,961,382,1540,43,1.0286345462578879,0.40786905895468206
178,1572008400,723,1228,505,1951,43,1.7292180750605575,0.9160347533376285
178,1572022800,1057,1085,28,2142,43,-0.9876790244424782,1.152189613744302
178,1572037200,948,1164,216,2112,43,0.08313157242664279,1.115097227292992
178,1572051600,280,413,133,693,43,-0.3896199144889798,-0.6393726518539692
178,1572066000,22,68,46,90,43,-0.885154605593307,-1.3849296195252994
178,1572080400,116,288,172,404,43,-0.16748367364910893,-0.9966959746682552
178,1572094800,440,655,215,1095,43,0.07743577137946661,-0.1423346734064157
178,1572109200,637,773,136,1410,43,-0.37253251134745125,0.2471353843323389
178,1572123600,604,624,20,1228,43,-1.0332454328198877,0.02210823986105845
178,1572138000,214,338,124,552,43,-0.44088212391356535,-0.813706868175126
178,1572152400,27,80,53,107,43,-0.8452839982630739,-1.3639106005362238
178,1572166800,59,180,121,239,43,-0.4579695270550939,-1.20070410015046
178,1572181200,235,605,370,840,43,0.9602849336917738,-0.4576199582425504
178,1572195600,454,594,140,1048,43,-0.3497493071587466,-0.20044607884680132
178,1572210000,398,453,55,851,43,-0.8338923961687215,-0.4440194165437367
178,1572224400,111,177,66,288,43,-0.7712385846497836,-1.1401198689466536
178,1572238800,10,29,19,39,43,-1.0389412338670638,-1.4479866764925264
178,1572253200,646,933,287,1579,43,0.4875334467761513,0.456089161341385
178,1572267600,674,1250,576,1924,43,2.133619949410066,0.8826516055314496
178,1572282000,973,1064,91,2037,43,-0.6288435584703792,1.022366261164717
178,1572296400,855,1184,329,2039,43,0.7267570907575507,1.0248390869281379
178,1572310800,185,245,60,430,44,-0.8438958318668188,-0.8953085977449287
178,1572325200,17,35,18,52,44,-1.076968048465076,-1.3502559234754439
178,1572339600,646,1034,388,1680,44,0.9762871929957607,0.6091468444856113
178,1572354000,820,1286,466,2106,44,1.409135595249667,1.1218652591977794
178,1572368400,1071,1000,0,2071,44,-1.1768561412929006,1.0797405068153243
178,1572382800,909,1222,313,2131,44,0.5600868062131587,1.15195436804239
178,1572397200,172,271,99,443,44,-0.6274716307398658,-0.8796622611457311
178,1572411600,20,27,7,47,44,-1.1380107718598576,-1.356273745244366
178,1572426000,673,1004,331,1677,44,0.6599748990409832,0.605536151424258
178,1572440400,828,1280,452,2108,44,1.3314448563835812,1.1242723879053482
178,1572454800,1035,1064,29,2099,44,-1.0159253250702944,1.1134403087212883
178,1572469200,929,1282,353,2211,44,0.7820603458305464,1.2482395163451447
178,1572483600,203,302,99,505,44,-0.6274716307398658,-0.8050412712110963
178,1572498000,20,32,12,52,44,-1.1102640794076841,-1.3502559234754439
178,1572512400,658,939,281,1597,44,0.38250797451924845,0.5092510031215034
178,1572526800,746,1291,545,2037,44,1.8475333359940078,1.0388193187866535
178,1572541200,1128,1016,0,2144,44,-1.1768561412929006,1.1676007046415877
178,1572555600,926,1095,169,2021,44,-0.23901793640943725,1.0195622891261027
178,1572570000,189,337,148,526,44,-0.35555404470856583,-0.7797664197816232
178,1572584400,19,41,22,60,44,-1.0547706945033373,-1.3406274086451684
178,1572598800,571,956,385,1527,44,0.9596391775244566,0.42500149835659323
178,1572613200,756,1294,538,2050,44,1.808687966560965,1.0544656553858511
178,1572627600,1073,1112,39,2185,44,-0.9604319401659475,1.2169468431467494
178,1572642000,930,1159,229,2089,44,0.09394237301664439,1.101404665183444
178,1572656400,179,341,162,520,44,-0.2778633058424801,-0.7869878059043298
178,1572670800,34,59,25,93,44,-1.0381226790320333,-1.3009097849702822
178,1572685200,68,352,284,420,44,0.3991559899905526,-0.907344241282773
178,1572699600,149,677,528,826,44,1.7531945816566181,-0.4186971136462936
178,1572714000,306,749,443,1055,44,1.281500809969669,-0.14308087662965868
178,1572728400,293,549,256,842,44,0.24377451225838112,-0.3994400839857427
178,1572742800,155,237,82,392,44,-0.7218103850772556,-0.941044043188737
178,1572753600,27,53,26,80,44,-1.0325733405415984,-1.3165561215694799
178,1572768000,47,162,115,209,44,-0.5386822148929107,-1.1612963199312882
178,1572782400,197,659,462,856,44,1.386938241287928,-0.38259018303276066
178,1572796800,555,910,355,1465,44,0.7931590228114158,0.35038050842195845
178,1572811200,489,475,0,964,44,-1.1768561412929006,-0.252605232824042
178,1572825600,135,168,33,303,44,-0.9937279711085556,-1.0481612706755514
178,1572840000,24,15,0,39,44,-1.1768561412929006,-1.3659022600746415
178,1572854400,270,576,306,846,44,0.5212414367801158,-0.39462582657060497
178,1572868800,955,1443,488,2398,44,1.5312210420392303,1.4733060505028335
178,1572883200,823,1001,178,1824,44,-0.189073889995525,0.7824601114305695
178,1572897600,1071,1252,181,2323,44,-0.17242587452422092,1.383038723969001
178,1572912000,307,387,80,694,45,-0.8238470121414552,-0.5897892633420486
178,1572926400,36,36,0,72,45,-1.4328956283780425,-1.3069580734122253
178,1572940800,271,565,294,836,45,0.8053580362914159,-0.42606262181477356
178,1572955200,1040,1461,421,2501,45,1.7722227145669982,1.4936899003184163
178,1572969600,799,1065,266,1864,45,0.5921910206086103,0.759226022481274
178,1572984000,1196,1373,177,2569,45,-0.0853755649545931,1.5720942075286606
178,1572998400,302,408,106,710,45,-0.6259062118645643,-0.5713411910572852
178,1573012800,25,32,7,57,45,-1.3796038744573411,-1.324253141179191
178,1573027200,271,543,272,814,45,0.6378696668263544,-0.4514287212063232
178,1573041600,1018,1354,336,2372,45,1.125108559815624,1.3449523175225115
178,1573056000,859,1173,314,2032,45,0.9576201903505627,0.9529307814712895
178,1573070400,1149,1366,217,2515,45,0.21914874316370056,1.5098319635675843
178,1573084800,334,477,143,811,45,-0.3442212268551427,-0.45488773475971633
178,1573099200,32,44,12,76,45,-1.3415383359425543,-1.3023460553410344
178,1573113600,280,568,288,848,45,0.7596793900736718,-0.412226567601201
178,1573128000,1020,1466,446,2486,45,1.9625504071409317,1.4763948325514507
178,1573142400,846,1102,256,1948,45,0.5160599435790368,0.8560784019762817
178,1573156800,1199,1278,79,2477,45,-0.8314601198444126,1.4660177918912711
178,1573171200,314,432,118,746,45,-0.5345489194290762,-0.5298330284165677
178,1573185600,35,30,0,65,45,-1.4328956283780425,-1.3150291050368093
178,1573200000,228,515,287,743,45,0.7520662823707145,-0.5332920419699607
178,1573214400,903,1316,413,2219,45,1.7113178529433395,1.1685426262994616
178,1573228800,884,1105,221,1989,45,0.24960117397552992,0.903351587205988
178,1573243200,1112,1295,183,2407,45,-0.03969691873684906,1.3853074756454313
178,1573257600,362,465,103,827,45,-0.6487455349734363,-0.43643966247495297
178,1573272000,44,95,51,139,45,-1.044627135527218,-1.2297067707197786
178,1573286400,52,189,137,241,45,-0.38989987307288676,-1.112100309904412
178,1573300800,278,680,402,958,45,1.6275736682108086,-0.28539607064345274
178,1573315200,606,740,134,1346,45,-0.4127391961817588,0.16196968226205938
178,1573329600,642,785,143,1427,45,-0.3442212268551427,0.255363048203674
178,1573344000,317,491,174,808,45,-0.10821488806346513,-0.4583467483131095
178,1573358400,52,101,49,153,45,-1.0598533509331327,-1.2135647074706106
178,1573372800,37,126,89,163,45,-0.7553290428148391,-1.2020346622926334
178,1573387200,258,510,252,768,45,0.4856075127672075,-0.504466929025018
178,1573401600,496,682,186,1178,45,-0.01685759562797703,-0.03173507672795619
178,1573416000,457,587,130,1044,45,-0.44319162699358816,-0.18623768211284955
178,1573430400,159,238,79,397,45,-0.8314601198444126,-0.932231605127969
178,1573444800,26,37,11,63,45,-1.3491514436455119,-1.3173351140724046
178,1573459200,184,482,298,666,45,0.8358104671032452,-0.6220733898403845
178,1573473600,908,1381,473,2289,45,2.16810431512078,1.2492529425453014
178,1573488000,818,1076,258,1894,45,0.5312861589849516,0.7938161580152053
178,1573502400,1251,1169,0,2420,45,-1.4328956283780425,1.4002965343768017
178,1573516800,233,355,122,588,46,-0.18188844717953273,-0.695554030628505
178,1573531200,41,28,0,69,46,-0.6747648415603988,-1.2515544545368027
178,1573545600,340,510,170,850,46,0.012030134216217906,-0.41487558927210033
178,1573560000,1245,1484,239,2729,46,0.29078809497260943,1.5980816294633358
178,1573574400,1028,1145,117,2173,46,-0.20208829940825673,1.0024434104016526
178,1573588800,1330,1401,71,2731,46,-0.38792693991251775,1.6002242129851405
178,1573603200,211,424,213,635,46,0.1857488633832445,-0.6452033178660965
178,1573617600,36,28,0,64,46,-0.6747648415603988,-1.256910913341314
178,1573632000,326,320,0,646,46,-0.6747648415603988,-0.6334191084961711
178,1573646400,1032,1383,351,2415,46,0.7432647848960275,1.2616960165400113
178,1573660800,787,933,146,1720,46,-0.0849291564816574,0.5171482427129074
178,1573675200,1118,1330,212,2448,46,0.1817088929374997,1.2970486446497873
178,1573689600,211,483,272,694,46,0.424107119682188,-0.5819971039728603
178,1573704000,30,30,0,60,46,-0.6747648415603988,-1.2611960803849234
178,1573718400,243,435,192,678,46,0.10090948402260361,-0.5991377721472972
178,1573732800,1191,1365,174,2556,46,0.028190015999197127,1.4127481548272365
178,1573747200,997,1081,84,2078,46,-0.3354073241178353,0.9006706931159335
178,1573761600,1400,1276,0,2676,46,-0.6747648415603988,1.5413031661355134
178,1573776000,236,455,219,691,46,0.20998868605771334,-0.5852109792555673
178,1573790400,43,45,2,88,46,-0.6666849006689093,-1.2311999110796588
178,1573804800,289,478,189,767,46,0.08878957268536919,-0.5037928054269919
178,1573819200,961,1447,486,2408,46,1.288660795071576,1.2541969742136951
178,1573833600,1978,1009,0,2987,46,-0.6747648415603988,1.8744749037761312
178,1573845256,1956,502,0,2458,46,-0.6747648415603988,1.3077615622588104
178,1573845271,1545,293,0,1838,46,-0.6747648415603988,0.6435606704993797
178,1573845361,443,2080,1637,2523,46,5.938666778123847,1.3773955267174605
178,1573848000,152,197,45,349,46,-0.49296617150188266,-0.9515927614841565
178,1573862400,382,487,105,869,46,-0.2505679447571944,-0.3945210458149565
178,1573876800,53,114,61,167,46,-0.4283266443699658,-1.1465678619683766
178,1573891200,43,214,171,257,46,0.016070104661962712,-1.0501516034871687
178,1573905600,278,631,353,909,46,0.7513447257875172,-0.35166937537886417
178,1573920000,566,750,184,1316,46,0.06858972045664517,0.08434637130837504
178,1573934400,629,684,55,1313,46,-0.45256646704443465,0.08113249602566812
178,1573948800,250,362,112,612,46,-0.22228815163698076,-0.6698430283668496
178,1573963200,41,87,46,128,46,-0.4889262010561379,-1.1883482406435666
178,1573977600,31,118,87,149,46,-0.32328741278060086,-1.1658511136646181
178,1573992000,230,520,290,750,46,0.49682658770559446,-0.5220047653623311
178,1574006400,482,666,184,1148,46,0.06858972045664517,-0.09563064452321265
178,1574020800,445,559,114,1004,46,-0.21420821074549115,-0.24989665809314496
178,1574035200,168,228,60,396,46,-0.4323666148157106,-0.9012420487217481
178,1574049600,25,24,0,49,46,-0.6747648415603988,-1.2729802897548488
178,1574064000,255,488,233,743,46,0.2665482722981406,-0.5295038076886472
178,1574078400,875,1076,201,1951,46,0.13726921803430686,0.7646166394813404
178,1574092800,771,918,147,1689,46,-0.08088918603591261,0.4839381981249358
178,1574107200,1068,1240,172,2308,46,0.020110075107707515,1.1470677981234643
178,1574121600,243,387,144,630,47,-0.4691236626382743,-0.6449834723707554
178,1574136000,32,20,0,52,47,-1.6141034494164355,-1.3139981183830807
178,1574150400,273,540,267,813,47,0.5088799052347383,-0.43316741662636865
178,1574164800,1008,1409,401,2417,47,1.5743472068199715,1.4234060992971083
178,1574179200,814,1049,235,1863,47,0.2544399526173691,0.7821706081365059
178,1574193600,1195,1360,165,2555,47,-0.30214744373312585,1.5831362396945146
178,1574208000,223,443,220,666,47,0.13517122482797736,-0.6033147400931711
178,1574222400,27,35,8,62,47,-1.550493461262093,-1.302423470528196
178,1574236800,281,539,258,820,47,0.4373186685611032,-0.4250651631279495
178,1574251200,992,1423,431,2415,47,1.8128846623987551,1.4210911697261313
178,1574265600,851,1055,204,1906,47,0.007951248519292785,0.8319415939125092
178,1574280000,1158,1331,173,2489,47,-0.23853745557878356,1.5067435638522768
178,1574294400,230,529,299,759,47,0.7633198578521074,-0.49567051504274506
178,1574308800,34,39,5,73,47,-1.5743472068199715,-1.289691357887823
178,1574323200,248,577,329,825,47,1.001857313430891,-0.41927783920050726
178,1574337600,920,1308,388,2228,47,1.4709809760691652,1.2046452548397908
178,1574352000,872,1008,136,1880,47,-0.5327336507926166,0.8018475094898095
178,1574366400,1172,1284,112,2456,47,-0.7235636152556435,1.4685472259311578
178,1574380800,222,497,275,719,47,0.5724898933890805,-0.5419691064622831
178,1574395200,36,59,23,95,47,-1.4312247334727013,-1.264227132607077
178,1574409600,217,567,350,784,47,1.1688335323360395,-0.4667338954055338
178,1574424000,985,1386,401,2371,47,1.5743472068199715,1.3701627191646393
178,1574438400,892,1123,231,2015,47,0.222634958540198,0.9581052555307505
178,1574452800,1091,1274,183,2365,47,-0.1590249703858557,1.3632179304517087
178,1574467200,328,477,149,805,47,-0.4293674200418104,-0.4424271349102763
178,1574481600,43,95,52,138,47,-1.2006385264132107,-1.2144561468310737
178,1574496000,46,177,131,223,47,-0.5724898933890805,-1.1160716400645554
178,1574510400,316,636,320,952,47,0.9302960767572559,-0.27227981144347385
178,1574524800,580,761,181,1341,47,-0.1749274674244413,0.17797399011153392
178,1574539200,600,738,138,1338,47,-0.5168311537540311,0.17450159575506857
178,1574553600,269,381,112,650,47,-0.7235636152556435,-0.6218341766609863
178,1574568000,42,117,75,159,47,-1.0177598104694765,-1.1901493863358161
178,1574582400,34,146,112,180,47,-0.7235636152556435,-1.1658426258405588
178,1574596800,201,504,303,705,47,0.7951248519292785,-0.5581736134591215
178,1574611200,418,679,261,1097,47,0.4611724141189816,-0.10444741754764833
178,1574625600,435,498,63,933,47,-1.1131747927009898,-0.29427164236775444
178,1574640000,165,227,62,392,47,-1.1211260412202828,-0.9204600913170069
178,1574654400,27,36,9,63,47,-1.5425422127428003,-1.3012660057427077
178,1574668800,254,563,309,817,47,0.8428323430450353,-0.42853755748441485
178,1574683200,936,1405,469,2341,47,2.115032106131881,1.335438775599986
178,1574697600,850,1170,320,2020,47,0.9302960767572559,0.9638925794581927
178,1574712000,1115,1337,222,2452,47,0.15107372186656293,1.463917366789204
178,1574726400,317,393,76,710,48,-0.627046270197708,-0.2671138749180672
178,1574740800,36,41,5,77,48,-1.0986356718949501,-1.1321996927487084
178,1574755200,262,575,313,837,48,0.9471324368761851,-0.09355005364714865
178,1574769600,979,1543,564,2522,48,2.614300603439675,2.2092455277819676
178,1574784000,921,1185,264,2106,48,0.6216693286625954,1.6407215148000611
178,1574798400,1167,1250,83,2417,48,-0.5805515404529095,2.065747880274515
178,1574812800,331,444,113,775,48,-0.3812884129752015,-0.17828199788964433
178,1574827200,33,44,11,77,48,-1.0587830463994086,-1.1321996927487084
178,1574841600,192,475,283,667,48,0.7478693093984771,-0.3258795781830239
178,1574856000,782,1279,497,2061,48,2.1692796187394605,1.579222523011153
178,1574870400,907,1207,300,2114,48,0.8607850816358449,1.6516546688958669
178,1574884800,876,893,17,1769,48,-1.018930420903867,1.1801623985142378
178,1574899200,231,278,47,509,48,-0.8196672934261591,-0.5418093715751903
178,1574913600,29,39,10,68,48,-1.0654251506486656,-1.14449949110649
178,1574928000,58,172,114,230,48,-0.37464630872594457,-0.9231031206664208
178,1574942400,181,304,123,485,48,-0.3148673704826322,-0.574608833862608
178,1574956800,333,460,127,793,48,-0.2882989534856044,-0.15368240117408105
178,1574971200,211,305,94,516,48,-0.5074883937110832,-0.53224286174136
178,1574985600,125,182,57,307,48,-0.7532462509335898,-0.817871512494289
178,1575000000,16,28,12,44,48,-1.0521409421501517,-1.1772989533939078
178,1575014400,54,357,303,411,48,0.8807113943836157,-0.6757405092488125
178,1575028800,357,928,571,1285,48,2.6607953331844736,0.5187065757179813
178,1575043200,598,877,279,1475,48,0.7213008924014493,0.7783689854933713
178,1575057600,655,738,83,1393,48,-0.5805515404529095,0.6663041560113608
178,1575072000,252,294,42,546,48,-0.8528778146724437,-0.49124353388208797
178,1575086400,35,50,15,85,48,-1.0322146294023808,-1.1212665386529026
178,1575100800,39,181,142,220,48,-0.18866738974675046,-0.9367695632861781
178,1575115200,236,564,328,800,48,1.046764000615039,-0.1441158913402509
178,1575129600,489,716,227,1205,48,0.37591147144008885,0.40937503475992243
178,1575144000,543,624,81,1167,48,-0.5938357489514233,0.35744255280484444
178,1575158400,264,350,86,614,48,-0.5606252277051387,-0.3983117240677379
178,1575172800,42,77,35,119,48,-0.8993725444172422,-1.0748006337457274
178,1575187200,37,152,115,189,48,-0.36800420447668764,-0.9791355354074259
178,1575201600,185,452,267,637,48,0.6415956414103662,-0.36687890604229595
178,1575216000,360,595,235,955,48,0.4290483054341443,0.06771396926598827
178,1575230400,326,450,124,776,48,-0.30822526623337526,-0.17691535362766858
178,1575244800,162,165,3,327,48,-1.111919880393464,-0.7905386272547743
178,1575259200,28,24,0,52,48,-1.131846193141235,-1.1663657992981018
178,1575273600,245,506,261,751,48,0.6017430159148246,-0.211081460177062
178,1575288000,826,1220,394,2046,48,1.4851428810659966,1.5587228590815168
178,1575302400,761,953,192,1714,48,0.14343782271609617,1.1049969641055724
178,1575316800,957,1221,264,2178,48,0.6216693286625954,1.739119901662314
178,1575331200,245,307,62,552,49,-1.040772046283778,-0.7286847119374583
178,1575345600,37,15,0,52,49,-1.6136256519745322,-1.3155223768663824
178,1575360000,259,567,308,826,49,1.2321632279085692,-0.40709767155640797
178,1575374400,975,1234,259,2209,49,0.7794240879271668,1.2160953096369962
178,1575388800,787,992,205,1779,49,0.2804870765190905,0.7114149177981214
178,1575403200,1092,1262,170,2354,49,-0.042898023467625564,1.386278232466384
178,1575417600,306,474,168,780,49,-0.061377172038295055,-0.461086736729869
178,1575432000,36,35,0,71,49,-1.6136256519745322,-1.2932225455990833
178,1575446400,266,529,263,795,49,0.8163823850685057,-0.44348160678200127
178,1575460800,1019,1423,404,2442,49,2.119162359300705,1.4895616614938747
178,1575475200,823,1009,186,1832,49,0.10493516509773036,0.7736197102805873
178,1575489600,1151,1387,236,2538,49,0.5669138793644676,1.6022344931602281
178,1575504000,324,474,150,798,49,-0.22768950917432046,-0.4399605807924277
178,1575518400,37,42,5,79,49,-1.5674277805478585,-1.2838331429602206
178,1575532800,292,577,285,869,49,1.0196530193458702,-0.3566296323725205
178,1575547200,1048,1421,373,2469,49,1.8327355564553278,1.5212508954000366
178,1575561600,882,1119,237,2001,49,0.5761534536498024,0.9719708410265637
178,1575576000,1100,1309,209,2409,49,0.3174453736604295,1.4508303756085656
178,1575590400,320,485,165,805,49,-0.0890958948942993,-0.4317448534834228
178,1575604800,35,50,15,85,49,-1.475032037694511,-1.2767910909810736
178,1575619200,223,456,233,679,49,0.5391951565084634,-0.5796279450455116
178,1575633600,1004,1231,227,2235,49,0.4837577107964549,1.2466108682133001
178,1575648000,906,1100,194,2006,49,0.17885175938040832,0.9778392176758529
178,1575662400,1091,1195,104,2286,49,-0.6527099262997188,1.3064683100360504
178,1575676800,357,439,82,796,49,-0.8559805605770832,-0.4423079314521434
178,1575691200,51,85,34,136,49,-1.299480126273151,-1.2169336491583231
178,1575705600,45,203,158,248,49,-0.15377291489164252,-1.0854820122142441
178,1575720000,318,600,282,918,49,0.9919342964898659,-0.2991195412094859
178,1575734400,526,759,233,1285,49,0.5391951565084634,0.13161930484834436
178,1575748800,595,734,139,1329,49,-0.3293248263130027,0.1832610193620897
178,1575763200,263,361,98,624,49,-0.7081473720117272,-0.6441800881876932
178,1575777600,50,78,28,128,49,-1.3549175719851594,-1.226323051797186
178,1575792000,37,145,108,182,49,-0.6157516291583798,-1.1629445839848622
178,1575806400,222,503,281,725,49,0.9826947222045311,-0.5256388798720506
178,1575820800,479,651,172,1130,49,-0.024418874896956076,-0.05030037127962211
178,1575835200,402,481,79,883,49,-0.8836992834330873,-0.3401981777545106
178,1575849600,167,218,51,385,49,-1.1424073634224603,-0.924688492023719
178,1575864000,34,24,0,58,49,-1.6136256519745322,-1.3084803248872354
178,1575878400,265,486,221,751,49,0.4283202650844464,-0.49512332129574654
178,1575892800,1005,1390,385,2395,49,1.9436104478793446,1.4343989209905559
178,1575907200,809,1065,256,1874,49,0.7517053650711625,0.8229140741346169
178,1575921600,1096,1366,270,2462,49,0.881059405065849,1.5130351680910317
178,1575936000,303,379,76,682,50,-0.8301494319281901,-0.6093347915233369
178,1575950400,37,35,0,72,50,-1.4327960061184977,-1.3114015912547587
178,1575964800,284,529,245,813,50,0.5099462396265728,-0.45856306895806437
178,1575979200,984,1485,501,2469,50,2.5399136474255037,1.4473756529357626
178,1575993600,904,1128,224,2032,50,0.34342547570556675,0.9444196013248917
178,1576008000,1185,1184,0,2369,50,-1.4327960061184977,1.332282734947005
178,1576022400,336,507,171,843,50,-0.07684121419030561,-0.4240351935614371
178,1576036800,35,33,0,68,50,-1.4327960061184977,-1.316005307974309
178,1576051200,274,517,243,791,50,0.4940871192531437,-0.48388351091559106
178,1576065600,1071,1419,348,2490,50,1.3266909388581738,1.4715451657134018
178,1576080000,860,1125,265,1985,50,0.6685374433608643,0.8903259298701756
178,1576094400,1178,1302,124,2480,50,-0.44953054296589057,1.460035873914526
178,1576108800,331,475,144,806,50,-0.2909393392315991,-0.46661957321727743
178,1576123200,33,39,6,72,50,-1.3852186449982102,-1.3114015912547587
178,1576137600,263,531,268,794,50,0.692326123921008,-0.48043072337592835
178,1576152000,944,1324,380,2268,50,1.5804368648330402,1.2160388877783597
178,1576166400,887,1067,180,1954,50,-0.0054751725098744555,0.8546471252936606
178,1576180800,1196,1371,175,2567,50,-0.045122973443447324,1.5601667125647452
178,1576195200,354,498,144,852,50,-0.2909393392315991,-0.4136768309424489
178,1576209600,44,69,25,113,50,-1.2345570014506333,-1.264213494879368
178,1576224000,223,503,280,726,50,0.7874808461615829,-0.5586939076082835
178,1576238400,944,1412,468,2356,50,2.2782381612639226,1.3173206556084665
178,1576252800,964,1166,202,2130,50,0.16897515159784615,1.057210660953874
178,1576267200,1062,1285,223,2347,50,0.3354959155188522,1.3069622929894782
178,1576281600,348,493,145,841,50,-0.2830097790448845,-0.42633705192121224
178,1576296000,45,85,40,130,50,-1.1156135986499147,-1.2446476988212793
178,1576310400,40,203,163,243,50,-0.1402776956840222,-1.1145927014939832
178,1576324800,304,605,301,909,50,0.9540016100825889,-0.348073867688857
178,1576339200,606,810,204,1416,50,0.1848342719712753,0.23544722651414438
178,1576353600,688,786,98,1474,50,-0.6556991078204695,0.3022011189476238
178,1576368000,306,350,44,656,50,-1.0838953579030564,-0.6392589502004139
178,1576382400,51,89,38,140,50,-1.1314727190233438,-1.2331384070224034
178,1576396800,41,135,94,176,50,-0.6874173485673277,-1.1917049565464508
178,1576411200,232,493,261,725,50,0.636819202614006,-0.5598448367881711
178,1576425600,471,663,192,1134,50,0.08967954973070043,-0.08911480221415226
178,1576440000,441,584,143,1025,50,-0.2988688994183137,-0.21456608282189812
178,1576454400,184,219,35,403,50,-1.1552613995834875,-0.9304440327119708
178,1576468800,34,30,0,64,50,-1.4327960061184977,-1.3206090246938593
178,1576483200,241,516,275,757,50,0.74783304522801,-0.5230151030317687
178,1576497600,960,1343,383,2303,50,1.604225545393184,1.2563214090744248
178,1576512000,837,1074,237,1911,50,0.4465097581328562,0.8051571705584948
178,1576526400,1125,1369,244,2494,50,0.5020166794398583,1.476148882432952
178,1576540800,309,420,111,729,51,-0.5604748411628379,-0.49677642810557204
178,1576555200,28,35,7,63,51,-1.1904681778070159,-1.2790671586673614
178,1576569600,240,513,273,753,51,0.42086093322520873,-0.46858577114839045
178,1576584000,970,1533,563,2503,51,2.1775731219445515,1.5869829653127678
178,1576598400,888,1109,221,1997,51,0.1058642649031197,0.9926299477988557
178,1576612800,1154,1354,200,2508,51,-0.021345928073108564,1.592856018845514
178,1576627200,337,448,111,785,51,-0.5604748411628379,-0.430998228538815
178,1576641600,35,45,10,80,51,-1.1722952930961261,-1.2590987766560244
178,1576656000,237,567,330,804,51,0.766145742732114,-0.4086806251143796
178,1576670400,910,1427,517,2337,51,1.898922223044242,1.391997588025595
178,1576684800,834,1165,331,1999,51,0.7722033709690773,0.9949791692119543
178,1576699200,1172,1340,168,2512,51,-0.2151900316559326,1.597554461671711
178,1576713600,338,457,119,795,51,-0.5120138152671319,-0.41925212147332264
178,1576728000,36,48,12,84,51,-1.1601800366221997,-1.2544003338298275
178,1576742400,225,540,315,765,51,0.6752813191776653,-0.45449044266979965
178,1576756800,944,1462,518,2406,51,1.904979851281205,1.4730457267774921
178,1576771200,818,1126,308,1944,51,0.6328779215189225,0.9303755803517464
178,1576785600,1125,1362,237,2487,51,0.2027863166945317,1.5681891940079802
178,1576800000,339,459,120,798,51,-0.5059561870301686,-0.41572828935367495
178,1576814400,34,61,27,95,51,-1.069315613067751,-1.241479616057786
178,1576828800,200,502,302,702,51,0.596532152097143,-0.5284909171824014
178,1576843200,870,1376,506,2246,51,1.8322883124376461,1.285108013729615
178,1576857600,914,1121,207,2035,51,0.02105746958563419,1.0372651546477267
178,1576872000,1111,1234,123,2345,51,-0.48778330231927886,1.4013944736779889
178,1576886400,354,429,75,783,51,-0.7785494576935149,-0.43334744995191343
178,1576900800,54,60,6,114,51,-1.1965258060439792,-1.2191620126333504
178,1576915200,38,189,151,227,51,-0.31816971168430785,-1.086431002793287
178,1576929600,248,569,321,817,51,0.7116270885994448,-0.3934106859292395
178,1576944000,514,717,203,1231,51,-0.0031730433622188126,0.09287814658214306
178,1576958400,570,616,46,1186,51,-0.9542206765654492,0.040020664787427565
178,1576972800,258,290,32,548,51,-1.0390274718829347,-0.7093809659909833
178,1576987200,40,72,32,112,51,-1.0390274718829347,-1.221511234046449
178,1577001600,33,123,90,156,51,-0.6876850341390661,-1.1698283629582826
178,1577016000,207,455,248,662,51,0.26942022730112747,-0.5754753454443707
178,1577030400,438,656,218,1094,51,0.08769138019222995,-0.0680435202151019
178,1577044800,414,530,116,944,51,-0.5301866999780216,-0.24423512619748688
178,1577059200,168,203,35,371,51,-1.020854587172045,-0.9172870610501975
178,1577073600,24,23,0,47,51,-1.2328715754657587,-1.297860929972149
178,1577088000,123,418,295,541,51,0.5541287544384003,-0.7176032409368279
178,1577102400,665,1319,654,1984,51,2.728817291508207,0.9773600086137157
178,1577116800,820,1094,274,1914,51,0.426918561462172,0.8951372591552694
178,1577131200,881,997,116,1878,51,-0.5301866999780216,0.852851273719497
178,1577145600,249,339,90,588,52,-0.4509374537693483,-0.33535719122845925
178,1577160000,32,33,1,65,52,-0.8149595252929038,-1.1445466307324232
178,1577174400,85,364,279,449,52,0.3220981812638202,-0.5504190116702393
178,1577188800,417,1122,705,1539,52,2.0644959618147714,1.1360369903552305
178,1577203200,696,827,131,1523,52,-0.28324189273040695,1.111281672894306
178,1577217600,573,579,6,1152,52,-0.7945088471174232,0.5372677492691232
178,1577232000,166,203,37,369,52,-0.6677146424294431,-0.6741955989748609
178,1577246400,27,37,10,64,52,-0.7781483045770387,-1.1460938380737309
178,1577260800,28,114,86,142,52,-0.4672979963097328,-1.025411665451725
178,1577275200,111,245,134,356,52,-0.2709714858251186,-0.694309294411862
178,1577289600,235,362,127,597,52,-0.2996024352707915,-0.3214323251566893
178,1577304000,192,288,96,480,52,-0.42639663995877153,-0.5024555840896985
178,1577318400,107,166,59,273,52,-0.5777316584573283,-0.8227275037404069
178,1577332800,16,29,13,45,52,-0.7658778976717503,-1.1754907775585786
178,1577347200,78,379,301,457,52,0.4120811652359351,-0.5380413529397772
178,1577361600,368,1244,876,1612,52,2.7639091554162096,1.2489831262706976
178,1577376000,662,1016,354,1678,52,0.62885835389603,1.3510988107970106
178,1577390400,751,763,12,1514,52,-0.7699680333068464,1.0973568068225361
178,1577404800,218,271,53,489,52,-0.6022724722679051,-0.4885307180179285
178,1577419200,35,38,3,73,52,-0.8067792540227116,-1.132168972001961
178,1577433600,95,378,283,473,52,0.3384587238042047,-0.5132860354788529
178,1577448000,450,1192,742,1642,52,2.2158309803133283,1.2953993465099307
178,1577462400,767,1114,347,1881,52,0.600227404450357,1.665181901082488
178,1577476800,896,957,61,1853,52,-0.569551387187136,1.6218600955258704
