remote_unit_id,time_stamp,entries,exits,num_people_exited,sum_exit_entry,week_num,z_score_num_people_exited,z_score_sum_exit_entry
16,1546311600,60,65,5,125,1,-0.41812242108686093,-0.6734060644831957
16,1546326000,22,30,8,52,1,-0.408206474341718,-0.8404635119874823
16,1546340400,30,61,31,91,1,-0.33218421596228875,-0.7512136427728634
16,1546354800,64,98,34,162,1,-0.3222682692171458,-0.5887331116385573
16,1546369200,123,123,0,246,1,-0.4346489989954325,-0.3965026240993782
16,1546383600,70,59,0,129,1,-0.4346489989954325,-0.6642522317432348
16,1546398000,31,20,0,51,1,-0.4346489989954325,-0.8427519701724725
16,1546412400,12,116,104,128,1,-0.09089617849714368,-0.666540689928225
16,1546426800,126,1086,960,1212,1,2.7384539594503106,1.8141479826011813
16,1546441200,198,332,134,530,1,0.00826328895428579,0.2534195004378464
16,1546455600,796,357,0,1153,1,-0.4346489989954325,1.6791289496867579
16,1546470000,239,110,0,349,1,-0.4346489989954325,-0.1607914310453848
16,1546484400,61,14,0,75,1,-0.4346489989954325,-0.7878289737327071
16,1546498800,12,127,115,139,1,-0.05453770709828621,-0.6413676498933325
16,1546513200,134,1196,1062,1330,1,3.075596148785171,2.0841860484300283
16,1546527600,257,346,89,603,1,-0.1404759122228584,0.420476947942133
16,1546542000,878,441,0,1319,1,-0.4346489989954325,2.0590130083951355
16,1546556400,260,111,0,371,1,-0.4346489989954325,-0.11044535097559978
16,1546570800,71,19,0,90,1,-0.4346489989954325,-0.7535021009578536
16,1546585200,15,127,112,142,1,-0.06445365384342916,-0.6345022753383619
16,1546599600,121,1189,1068,1310,1,3.0954280422754565,2.0384168847302235
16,1546614000,230,327,97,557,1,-0.1140333875691439,0.3152078714325825
16,1546628400,797,422,0,1219,1,-0.4346489989954325,1.830167189896113
16,1546642800,234,117,0,351,1,-0.4346489989954325,-0.15621451467540431
16,1546657200,73,32,0,105,1,-0.4346489989954325,-0.7191752281830003
16,1546671600,9,29,20,38,1,-0.3685426873611462,-0.8725019265773455
16,1546686000,44,121,77,165,1,-0.1801396992034302,-0.5818677370835866
16,1546700400,138,211,73,349,1,-0.19336096153028748,-0.1607914310453848
16,1546714800,167,188,21,355,1,-0.3652373717794319,-0.14706068193544342
16,1546729200,126,76,0,202,1,-0.4346489989954325,-0.4971947842389482
16,1546743600,53,19,0,72,1,-0.4346489989954325,-0.7946943482876777
16,1546758000,7,17,10,24,1,-0.4015958431782894,-0.9045403411672087
16,1546772400,42,78,36,120,1,-0.31565763805371716,-0.6848483554081468
16,1546786800,108,149,41,257,1,-0.29913106014514557,-0.3713295840644857
16,1546801200,118,173,55,291,1,-0.25285664200114516,-0.29352200577481796
16,1546815600,91,85,0,176,1,-0.4346489989954325,-0.5566946970486941
16,1546830000,22,16,0,38,1,-0.4346489989954325,-0.8725019265773455
16,1546844400,15,126,111,141,1,-0.06775896942514348,-0.636790733523352
16,1546858800,118,1239,1121,1357,1,3.2706097681063153,2.145974419424764
16,1546873200,222,361,139,583,1,0.02478986686285737,0.3747077842423284
16,1546887600,848,364,0,1212,1,-0.4346489989954325,1.8141479826011813
16,1546902000,270,120,0,390,1,-0.4346489989954325,-0.06696464546078545
16,1546916400,65,23,0,88,2,-0.4883507094190919,-0.8733720595267892
16,1546930800,18,112,94,130,2,-0.2112583551812973,-0.785656942639676
16,1546945200,131,1281,1150,1412,2,2.9016089434900976,1.8917425775812555
16,1546959600,248,370,122,618,2,-0.12872020711046486,0.23350917738202012
16,1546974000,852,417,0,1269,2,-0.4883507094190919,1.5930934891322748
16,1546988400,269,147,0,416,2,-0.4883507094190919,-0.18835876574171476
16,1547002800,64,19,0,83,2,-0.4883507094190919,-0.8838143353466836
16,1547017200,17,134,117,151,2,-0.1434591621231135,-0.7417993841961195
16,1547031600,140,1255,1115,1395,2,2.798436258401557,1.8562388397936145
16,1547046000,236,394,158,630,2,-0.02259973101939457,0.25857063934976676
16,1547060400,849,423,0,1272,2,-0.4883507094190919,1.5993588546242115
16,1547074800,294,120,0,414,2,-0.4883507094190919,-0.19253567606967253
16,1547089200,75,31,0,106,2,-0.4883507094190919,-0.8357798665751693
16,1547103600,13,130,117,143,2,-0.1434591621231135,-0.7585070255079506
16,1547118000,139,1095,956,1234,2,2.32973748899933,1.5199975583930139
16,1547132400,263,420,157,683,2,-0.0255475220219243,0.3692587630406477
16,1547146800,859,436,0,1295,2,-0.4883507094190919,1.6473933233957259
16,1547161200,291,136,0,427,2,-0.4883507094190919,-0.16538575893794702
16,1547175600,66,20,0,86,2,-0.4883507094190919,-0.8775489698547471
16,1547190000,21,112,91,133,2,-0.2201017281888865,-0.7793915771477394
16,1547204400,120,1180,1060,1300,2,2.636307753262422,1.6578355992156202
16,1547218800,245,422,177,667,2,0.033408298028670305,0.33584348041698553
16,1547233200,857,440,0,1297,2,-0.4883507094190919,1.6515702337236835
16,1547247600,239,121,0,360,2,-0.4883507094190919,-0.30531225492453234
16,1547262000,74,30,0,104,2,-0.4883507094190919,-0.8399567769031271
16,1547276400,15,25,10,40,2,-0.4588727993937946,-0.9736179073977758
16,1547290800,37,136,99,173,2,-0.19651940016864863,-0.695853370588584
16,1547305200,114,177,63,291,2,-0.30263987625971894,-0.44941566123907545
16,1547319600,160,192,32,352,2,-0.39402139733814057,-0.32201989623636346
16,1547334000,96,87,0,183,2,-0.4883507094190919,-0.6749688189487951
16,1547348400,50,25,0,75,2,-0.4883507094190919,-0.9005219766585147
16,1547362800,8,18,10,26,2,-0.4588727993937946,-1.0028562796934801
16,1547377200,31,73,42,104,2,-0.36454348731284325,-0.8399567769031271
16,1547391600,110,119,9,229,2,-0.46182059039632434,-0.5788998814057663
16,1547406000,116,127,11,243,2,-0.4559250083912649,-0.549661509110062
16,1547420400,60,44,0,104,2,-0.4883507094190919,-0.8399567769031271
16,1547434800,24,18,0,42,2,-0.4883507094190919,-0.969440997069818
16,1547449200,14,134,120,148,2,-0.1346157891155243,-0.7480647496880561
16,1547463600,117,1206,1089,1323,2,2.721793692335784,1.7058700679871346
16,1547478000,235,394,159,629,2,-0.01965194001686484,0.2564821841857879
16,1547492400,820,387,0,1207,2,-0.4883507094190919,1.463609268965584
16,1547506800,261,117,0,378,2,-0.4883507094190919,-0.2677200619729124
16,1547521200,60,13,0,73,3,-0.4677523798172202,-0.8320977662486867
16,1547535600,17,131,114,148,3,-0.11366567711922015,-0.6673518225853704
16,1547550000,130,1302,1172,1432,3,3.17250740581485,2.1530987329306055
16,1547564400,235,405,170,640,3,0.060271650521902656,0.41338156784598495
16,1547578800,862,437,0,1299,3,-0.4677523798172202,1.8609492595009913
16,1547593200,279,104,0,383,3,-0.4677523798172202,-0.15114786577364578
16,1547607600,57,13,0,70,3,-0.4677523798172202,-0.8386876039952194
16,1547622000,11,148,137,159,3,-0.04222713183804472,-0.6431890841814173
16,1547636400,133,1274,1141,1407,3,3.0762206708706574,2.0981834183761667
16,1547650800,234,401,167,635,3,0.050953579398271075,0.4023985049350972
16,1547665200,834,455,0,1289,3,-0.4677523798172202,1.8389831336792157
16,1547679600,304,134,0,438,3,-0.4677523798172202,-0.030334173753880443
16,1547694000,70,22,0,92,3,-0.4677523798172202,-0.7903621271873132
16,1547708400,17,143,126,160,3,-0.07639339262469384,-0.6409924715992398
16,1547722800,128,1170,1042,1298,3,2.7687243237908152,1.8587526469188138
16,1547737200,272,407,135,679,3,-0.048439179253799106,0.4990494585509095
16,1547751600,817,483,0,1300,3,-0.4677523798172202,1.8631458720831688
16,1547766000,267,139,0,406,3,-0.4677523798172202,-0.10062577638356208
16,1547780400,70,24,0,94,3,-0.4677523798172202,-0.7859689020229581
16,1547794800,15,130,115,145,3,-0.11055965341134297,-0.6739416603319031
16,1547809200,101,1236,1135,1337,3,3.0575845286233942,1.9444205376237382
16,1547823600,254,382,128,636,3,-0.07018134520893946,0.4045951175172747
16,1547838000,781,415,0,1196,3,-0.4677523798172202,1.6346981635367035
16,1547852400,197,132,0,329,3,-0.4677523798172202,-0.26976494521123356
16,1547866800,69,34,0,103,3,-0.4677523798172202,-0.7661993887833602
16,1547881200,12,30,18,42,3,-0.4118439530754307,-0.9001927562961909
16,1547895600,43,123,80,166,3,-0.21927048318704473,-0.6278127961061745
16,1547910000,131,180,49,311,3,-0.3155572181312377,-0.3093039716904295
16,1547924400,160,196,36,356,3,-0.35593552633364123,-0.21045640549243966
16,1547938800,94,73,0,167,3,-0.4677523798172202,-0.625616183523997
16,1547953200,38,24,0,62,3,-0.4677523798172202,-0.8562605046526398
16,1547967600,6,19,13,25,3,-0.42737407161481666,-0.9375351701932092
16,1547982000,28,71,43,99,3,-0.3341933603785009,-0.7749858391120704
16,1547996400,76,126,50,202,3,-0.3124511944233605,-0.5487347431477826
16,1548010800,105,137,32,242,3,-0.36835962116515,-0.46087023986068054
16,1548025200,63,64,1,127,3,-0.46464635610934296,-0.713480686811099
16,1548039600,24,13,0,37,3,-0.4677523798172202,-0.9111758192070786
16,1548054000,7,76,69,83,3,-0.25343674397369387,-0.8101316404269112
16,1548068400,50,330,280,380,3,0.4019342583883939,-0.15773770352017843
16,1548082800,126,198,72,324,3,-0.24411867285006228,-0.2807480081221213
16,1548097200,269,162,0,431,3,-0.4677523798172202,-0.045710461829123306
16,1548111600,118,56,0,174,3,-0.4677523798172202,-0.610239895448754
16,1548126000,37,14,0,51,4,-0.5063040199628662,-0.9699951884760036
16,1548140400,20,139,119,159,4,-0.1693971511338947,-0.7447867032977699
16,1548154800,99,1201,1102,1300,4,2.613623454402904,1.6344992373352367
16,1548169200,230,438,208,668,4,0.08257521294827731,0.31661254629223917
16,1548183600,800,420,0,1220,4,-0.5063040199628662,1.4676781372032117
16,1548198000,284,128,0,412,4,-0.5063040199628662,-0.2172149741302408
16,1548212400,68,20,0,88,4,-0.5063040199628662,-0.892840429664942
16,1548226800,14,141,127,155,4,-0.14674794986808148,-0.7531277583043711
16,1548241200,130,1270,1140,1400,4,2.7212071604155166,1.843025612500268
16,1548255600,260,469,209,729,4,0.08540636310650397,0.4438136351429082
16,1548270000,826,416,0,1242,4,-0.5063040199628662,1.5135539397395186
16,1548284400,305,120,0,425,4,-0.5063040199628662,-0.19010654535878674
16,1548298800,73,18,0,91,4,-0.5063040199628662,-0.8865846384099911
16,1548313200,16,128,112,144,4,-0.18921520224148125,-0.7760656595725245
16,1548327600,133,1260,1127,1393,4,2.6844022083585704,1.8284287662387158
16,1548342000,249,441,192,690,4,0.03727681041665089,0.3624883488285461
16,1548356400,865,435,0,1300,4,-0.5063040199628662,1.6344992373352367
16,1548370800,308,136,0,444,4,-0.5063040199628662,-0.15048653407743082
16,1548385200,67,21,0,88,4,-0.5063040199628662,-0.892840429664942
16,1548399600,14,118,104,132,4,-0.21186440350729446,-0.8010888245923283
16,1548414000,124,1221,1097,1345,4,2.599467703611771,1.7283361061595006
16,1548428400,235,411,176,646,4,-0.00802159211497554,0.2707367437559323
16,1548442800,811,443,0,1254,4,-0.5063040199628662,1.5385771047593222
16,1548457200,214,138,0,352,4,-0.5063040199628662,-0.3423307992292596
16,1548471600,76,24,0,100,4,-0.5063040199628662,-0.8678172646451383
16,1548486000,15,39,24,54,4,-0.4383564161654266,-0.9637393972210526
16,1548500400,39,126,87,165,4,-0.25999395619714755,-0.7322751207878679
16,1548514800,115,184,69,299,4,-0.3109546590452273,-0.4528497780667261
16,1548529200,187,178,0,365,4,-0.5063040199628662,-0.3152223704578055
16,1548543600,95,100,5,195,4,-0.492148269171733,-0.6697172082383586
16,1548558000,56,34,0,90,4,-0.5063040199628662,-0.8886699021616414
16,1548572400,9,17,8,26,4,-0.483654818697053,-1.0221267822672615
16,1548586800,37,85,48,122,4,-0.37040881236798695,-0.8219414621088315
16,1548601200,100,184,84,284,4,-0.2684874066718275,-0.4841287343414808
16,1548615600,139,167,28,306,4,-0.42703181553252,-0.43825293180517394
16,1548630000,69,80,11,149,4,-0.4751613682223731,-0.765639340814273
16,1548644400,20,9,0,29,4,-0.5063040199628662,-1.0158709910123105
16,1548658800,16,135,119,151,4,-0.1693971511338947,-0.7614688133109724
16,1548673200,125,1275,1150,1400,4,2.7495186619977834,1.843025612500268
16,1548687600,221,386,165,607,4,-0.03916424385546871,0.18941145744157012
16,1548702000,816,396,0,1212,4,-0.5063040199628662,1.450996027190009
16,1548716400,269,128,0,397,4,-0.5063040199628662,-0.24849393040499548
16,1548730800,73,10,0,83,5,-0.48099884135278037,-0.8691405996561613
16,1548745200,15,136,121,151,5,-0.1330364055157939,-0.7268251798294215
16,1548759600,141,1329,1188,1470,5,2.935359619592177,2.033675390045136
16,1548774000,225,433,208,658,5,0.11715146157360957,0.33426184740818315
16,1548788400,837,435,0,1272,5,-0.48099884135278037,1.6192863734908052
16,1548802800,283,119,0,402,5,-0.48099884135278037,-0.20151385076307282
16,1548817200,65,15,0,80,5,-0.48099884135278037,-0.8754192211191058
16,1548831600,15,128,113,143,5,-0.15604218639757814,-0.7435681703972732
16,1548846000,119,1262,1143,1381,5,2.805952102132141,1.8474096199777852
16,1548860400,258,403,145,661,5,-0.06401906287044122,0.34054046887112754
16,1548874800,861,432,0,1293,5,-0.48099884135278037,1.6632367237314158
16,1548889200,280,155,0,435,5,-0.48099884135278037,-0.13244901467068437
16,1548903600,72,11,0,83,5,-0.48099884135278037,-0.8691405996561613
16,1548918000,19,115,96,134,5,-0.2049294707713696,-0.7624040347861064
16,1548932400,111,1122,1011,1233,5,2.4263567175827014,1.5376642944725278
16,1548946800,237,369,132,606,5,-0.10140345680334059,0.2254324087171468
16,1548961200,717,415,0,1132,5,-0.48099884135278037,1.3262840385533994
16,1548975600,274,134,0,408,5,-0.48099884135278037,-0.18895660783718402
16,1548990000,69,17,0,86,5,-0.48099884135278037,-0.862861978193217
16,1549004400,17,121,104,138,5,-0.1819236898895854,-0.7540325395021805
16,1549018800,137,1105,968,1242,5,2.302700645343111,1.556500158861361
16,1549033200,246,423,177,669,5,0.02800406065669569,0.3572834594389793
16,1549047600,736,509,0,1245,5,-0.48099884135278037,1.5627787803243054
16,1549062000,228,137,0,365,5,-0.48099884135278037,-0.27895018213938716
16,1549076400,66,32,0,98,5,-0.48099884135278037,-0.8377474923414393
16,1549090800,10,29,19,39,5,-0.4263601117585428,-0.961227047779346
16,1549105200,41,99,58,140,5,-0.3142069299598447,-0.7498467918602176
16,1549119600,111,156,45,267,5,-0.35159132389274406,-0.4840518165955711
16,1549134000,152,151,0,303,5,-0.48099884135278037,-0.4087083590402382
16,1549148400,84,89,5,173,5,-0.4666202283016652,-0.6807819557678292
16,1549162800,53,19,0,72,5,-0.48099884135278037,-0.8921622116869575
16,1549177200,9,15,6,24,5,-0.4637445056914422,-0.992620155094068
16,1549191600,35,67,32,102,5,-0.38897571782564344,-0.8293759970575134
16,1549206000,91,111,20,202,5,-0.42348438914831976,-0.6200886149593666
16,1549220400,109,114,5,223,5,-0.4666202283016652,-0.5761382647187557
16,1549234800,69,56,0,125,5,-0.48099884135278037,-0.7812398991749396
16,1549249200,20,29,9,49,5,-0.45511733786077313,-0.9402983095695313
16,1549263600,9,117,108,126,5,-0.1704207994486933,-0.7791470253539582
16,1549278000,115,1289,1174,1404,5,2.895099503049055,1.895545717860359
16,1549292400,224,362,138,586,5,-0.08414912114200242,0.18357493229751742
16,1549306800,798,416,0,1214,5,-0.48099884135278037,1.4978996918738798
16,1549321200,266,145,0,411,5,-0.48099884135278037,-0.1826779863742396
16,1549335600,62,17,0,79,6,-0.48549443433045425,-0.8980591632491479
16,1549350000,14,125,111,139,6,-0.1693364439898232,-0.7746213378216442
16,1549364400,123,1265,1142,1388,6,2.7672301149398217,1.794942728160891
16,1549378800,246,408,162,654,6,-0.024074664644127875,0.28488666376442917
16,1549393200,831,390,0,1221,6,-0.48549443433045425,1.451374114054339
16,1549407600,283,116,0,399,6,-0.48549443433045425,-0.23972409430246153
16,1549422000,57,22,0,79,6,-0.48549443433045425,-0.8980591632491479
16,1549436400,13,148,135,161,6,-0.10097795959184894,-0.7293608018315595
16,1549450800,138,1281,1143,1419,6,2.7700783851230706,1.8587189379651012
16,1549465200,268,427,159,695,6,-0.03261947519387466,0.3692358444732234
16,1549479600,895,485,0,1380,6,-0.48549443433045425,1.778484351437224
16,1549494000,288,144,0,432,6,-0.48549443433045425,-0.1718332903173345
16,1549508400,73,15,0,88,6,-0.48549443433045425,-0.8795434894350224
16,1549522800,16,132,116,148,6,-0.15509509307357858,-0.7561056640075187
16,1549537200,126,1262,1136,1388,6,2.750140493840328,1.794942728160891
16,1549551600,254,466,212,720,6,0.11833884451831853,0.42066827173468324
16,1549566000,838,439,0,1277,6,-0.48549443433045425,1.5665827511200092
16,1549580400,304,140,0,444,6,-0.48549443433045425,-0.14714572523183375
16,1549594800,75,20,0,95,6,-0.48549443433045425,-0.8651424098018136
16,1549609200,11,148,137,159,6,-0.09528141922535108,-0.7334753960124764
16,1549623600,113,1151,1038,1264,6,2.4710100158819333,1.53983788894405
16,1549638000,286,474,188,760,6,0.04998036012034426,0.5029601553530191
16,1549652400,802,437,0,1239,6,-0.48549443433045425,1.4884054616825901
16,1549666800,241,148,0,389,6,-0.48549443433045425,-0.2602970652070455
16,1549681200,69,35,0,104,6,-0.48549443433045425,-0.846626735987688
16,1549695600,12,30,18,42,6,-0.4342255710319735,-0.9741791555961085
16,1549710000,68,106,38,174,6,-0.37726016736699497,-0.7026159396556004
16,1549724400,118,165,47,283,6,-0.35162573571775463,-0.47837055679563534
16,1549738800,169,169,0,338,6,-0.48549443433045425,-0.36521921682042363
16,1549753200,90,85,0,175,6,-0.48549443433045425,-0.700558642565142
16,1549767600,62,27,0,89,6,-0.48549443433045425,-0.8774861923445639
16,1549782000,10,18,8,28,6,-0.4627082728644628,-1.002981314862526
16,1549796400,51,55,4,106,6,-0.47410135359745853,-0.8425121418067713
16,1549810800,89,122,33,211,6,-0.3915015182832396,-0.6264959473086398
16,1549825200,121,122,1,243,6,-0.4826461641472053,-0.5606624404139712
16,1549839600,67,51,0,118,6,-0.48549443433045425,-0.8178245767212705
16,1549854000,24,13,0,37,6,-0.48549443433045425,-0.9844656410484005
16,1549868400,10,128,118,138,6,-0.14939855270708072,-0.7766786349121027
16,1549882800,121,1212,1091,1333,6,2.6219683355941266,1.6817913881856794
16,1549897200,217,339,122,556,6,-0.138005471974085,0.08327154889950647
16,1549911600,849,398,0,1247,6,-0.48549443433045425,1.5048638384062574
16,1549926000,285,128,0,413,6,-0.48549443433045425,-0.210921935036044
16,1549940400,58,19,0,77,7,-0.45838561964742514,-0.8418449823501051
16,1549954800,13,129,116,142,7,-0.09519571252069635,-0.6959900098416462
16,1549969200,124,1294,1170,1418,7,3.204822926372167,2.1672552966321006
16,1549983600,230,411,181,641,7,0.108315873369281,0.42372739449252284
16,1549998000,687,365,0,1052,7,-0.45838561964742514,1.345979605276778
16,1550012400,270,128,0,398,7,-0.45838561964742514,-0.12154581042371579
16,1550026800,67,12,0,79,7,-0.45838561964742514,-0.8373571370421525
16,1550041200,12,145,133,157,7,-0.04196960544177919,-0.6623311700320018
16,1550055600,129,1256,1127,1385,7,3.070192184937259,2.0932058490508827
16,1550070000,238,409,171,647,7,0.07700639861697679,0.4371909304163806
16,1550084400,871,451,0,1322,7,-0.45838561964742514,1.9518387218503765
16,1550098800,322,131,0,453,7,-0.45838561964742514,0.0018699355449801997
16,1550113200,74,22,0,96,7,-0.45838561964742514,-0.7992104519245555
16,1550127600,16,137,121,153,7,-0.07954097514454424,-0.671306860647907
16,1550142000,125,1279,1154,1404,7,3.15472776676848,2.1358403794764325
16,1550156400,288,494,206,782,7,0.18658956025004153,0.7401204887031798
16,1550170800,915,432,0,1347,7,-0.45838561964742514,2.007936788199784
16,1550185200,291,176,0,467,7,-0.45838561964742514,0.033284852700648265
16,1550199600,72,40,0,112,7,-0.45838561964742514,-0.7633076894609349
16,1550214000,12,123,111,135,7,-0.11085044989684845,-0.7116974684194802
16,1550228400,129,1119,990,1248,7,2.641252380830691,1.785788445456131
16,1550242800,234,411,177,645,7,0.09579208346835932,0.432703085108428
16,1550257200,720,376,0,1096,7,-0.45838561964742514,1.444712202051735
16,1550271600,214,143,0,357,7,-0.45838561964742514,-0.2135466392367437
16,1550286000,79,30,0,109,7,-0.45838561964742514,-0.7700394574228637
16,1550300400,12,21,9,33,7,-0.4302070923703514,-0.9405775791250618
16,1550314800,51,98,47,149,7,-0.31123108831159535,-0.6802825512638121
16,1550329200,107,143,36,250,7,-0.34567151053913,-0.4536463632122068
16,1550343600,167,189,22,356,7,-0.3895047751923559,-0.21579056189072
16,1550358000,90,87,0,177,7,-0.45838561964742514,-0.617452716952476
16,1550372400,53,28,0,81,7,-0.45838561964742514,-0.8328692917341999
16,1550386800,10,9,0,19,7,-0.45838561964742514,-0.9719924962807299
16,1550401200,35,83,48,118,7,-0.30810014083636494,-0.7498441535370771
16,1550415600,94,151,57,245,7,-0.2799216135592912,-0.4648659764820882
16,1550430000,112,153,41,265,7,-0.3300167731629779,-0.41998752340256246
16,1550444400,72,71,0,143,7,-0.45838561964742514,-0.6937460871876698
16,1550458800,23,18,0,41,7,-0.45838561964742514,-0.9226261978932515
16,1550473200,9,43,34,52,7,-0.35193340548959084,-0.8979430486995124
16,1550487600,68,230,162,298,7,0.04882787133990301,-0.34593807582134484
16,1550502000,156,192,36,348,7,-0.34567151053913,-0.2337419431225303
16,1550516400,291,182,0,473,7,-0.45838561964742514,0.04674838862450601
16,1550530800,115,106,0,221,7,-0.45838561964742514,-0.5187201201775192
16,1550545200,38,9,0,47,8,-0.5856183865763152,-1.1922422462005355
16,1550559600,12,112,100,124,8,-0.33173758314727675,-1.0389930515856236
16,1550574000,120,1176,1056,1296,8,2.09536289763433,1.29357910541018
16,1550588400,273,391,118,664,8,-0.28603903853004986,0.0357415599994736
16,1550602800,863,410,0,1273,8,-0.5856183865763152,1.2478033719537778
16,1550617200,261,128,0,389,8,-0.5856183865763152,-0.5115769921966408
16,1550631600,65,14,0,79,8,-0.5856183865763152,-1.128554269217715
16,1550646000,14,129,115,143,8,-0.293655462632921,-1.001178315252074
16,1550660400,120,1245,1125,1365,8,2.2705406520003666,1.430906305779387
16,1550674800,250,433,183,683,8,-0.12101651630117492,0.07355629633302332
16,1550689200,737,459,0,1196,8,-0.5856183865763152,1.0945541773388656
16,1550703600,270,136,0,406,8,-0.5856183865763152,-0.4777427544245173
16,1550718000,62,16,0,78,8,-0.5856183865763152,-1.1305445184984282
16,1550732400,12,124,112,136,8,-0.30127188673579214,-1.015110060217066
16,1550746800,137,1283,1146,1420,8,2.3238556207204644,1.5403700162186098
16,1550761200,218,424,206,642,8,-0.06262393151249611,-0.008043924176215545
16,1550775600,829,467,0,1296,8,-0.5856183865763152,1.29357910541018
16,1550790000,284,153,0,437,8,-0.5856183865763152,-0.41604502672240984
16,1550804400,77,29,0,106,8,-0.5856183865763152,-1.0748175386384602
16,1550818800,13,109,96,122,8,-0.34189281528443827,-1.0429735501470498
16,1550833200,127,1187,1060,1314,8,2.1055181297714913,1.3294035924630165
16,1550847600,246,465,219,711,8,-0.02961942706672112,0.12928327619299132
16,1550862000,813,416,0,1229,8,-0.5856183865763152,1.1602324036023994
16,1550876400,235,114,0,349,8,-0.5856183865763152,-0.5911869634251664
16,1551495600,8194,6733,0,14927,9,-0.37018628594429154,4.102080414455118
16,1551510000,9,26,17,35,9,-0.3015751390642472,-0.32577589026828324
16,1551524400,48,125,77,173,9,-0.059418150075855415,-0.28474418397954904
16,1551538800,110,190,80,300,9,-0.047310300626435826,-0.24698312094571398
16,1551553200,196,200,4,396,9,-0.3540424866783987,-0.21843932526659454
16,1551567600,85,105,20,190,9,-0.2894672896148276,-0.279689553494705
16,1551582000,35,29,0,64,9,-0.37018628594429154,-0.31715328532354925
16,1551596400,6,12,6,18,9,-0.34597058704545236,-0.3308305207531273
16,1551610800,50,86,36,136,9,-0.22489209255125647,-0.29574543856420965
16,1551625200,117,168,51,285,9,-0.16435284530415853,-0.2514430890205764
16,1551639600,132,146,14,278,9,-0.31368298851366677,-0.2535244074555122
16,1551654000,59,41,0,100,9,-0.37018628594429154,-0.30644936194387945
16,1551668400,18,18,0,36,9,-0.37018628594429154,-0.3254785590632924
16,1551682800,13,114,101,127,9,0.037444645519501295,-0.29842141940912714
16,1551697200,109,1208,1099,1317,9,4.065322562359752,0.05540271452995748
16,1551711600,190,336,146,526,9,0.21906238726079513,-0.179786268617787
16,1551726000,739,319,0,1058,9,-0.37018628594429154,-0.021606067562666812
16,1551740400,269,117,0,386,9,-0.37018628594429154,-0.22141263731650282
16,1551754800,55,19,0,74,10,-0.5126563816907056,-0.920928443385909
16,1551769200,12,119,107,131,10,-0.2016311367070069,-0.8051123871951502
16,1551783600,134,1262,1128,1396,10,2.7661891915953896,1.7651913159857229
16,1551798000,235,435,200,670,10,0.06869921640966582,0.29006049502974357
16,1551812400,793,488,0,1281,10,-0.5126563816907056,1.53152734296928
16,1551826800,296,114,0,410,10,-0.5126563816907056,-0.2382232700509102
16,1551841200,72,26,0,98,10,-0.5126563816907056,-0.8721637881476947
16,1551855600,15,140,125,155,10,-0.14930913287797348,-0.756347731956936
16,1551870000,131,1271,1140,1402,10,2.8010705274814116,1.7773824797952764
16,1551884400,266,479,213,745,10,0.10648733028618997,0.44245004264916293
16,1551898800,893,461,0,1354,10,-0.5126563816907056,1.679853169318848
16,1551913200,285,139,0,424,10,-0.5126563816907056,-0.2097772211619519
16,1551927600,75,20,0,95,10,-0.5126563816907056,-0.8782593700524715
16,1551942000,18,117,99,135,10,-0.22488536063102177,-0.7969849446554478
16,1551956400,131,1259,1128,1390,10,2.7661891915953896,1.7530001521761693
16,1551970800,303,428,125,731,10,-0.14930913287797348,0.41400399376020464
16,1551985200,894,531,0,1425,10,-0.5126563816907056,1.8241152743985651
16,1551999600,317,156,0,473,10,-0.5126563816907056,-0.11021605005059794
16,1552014000,83,23,0,106,10,-0.5126563816907056,-0.8559089030682899
16,1552028400,14,105,91,119,10,-0.24813958455503662,-0.8294947148142573
16,1552042800,128,1120,992,1248,10,2.370867384887137,1.4644759420167355
16,1552057200,250,405,155,655,10,-0.062105793162917755,0.25958258550585966
16,1552071600,789,424,0,1213,10,-0.5126563816907056,1.3933608197943397
16,1552086000,221,135,0,356,10,-0.5126563816907056,-0.3479437443368921
16,1552100400,78,37,0,115,10,-0.5126563816907056,-0.8376221573539596
16,1552114800,11,35,24,46,10,-0.44289370991866106,-0.9778205411638254
16,1552129200,61,128,67,189,10,-0.3179022563270812,-0.6872644703694659
16,1552143600,126,146,20,272,10,-0.4545208218806685,-0.5186200376706418
16,1552158000,160,226,66,386,10,-0.32080903431758306,-0.28698792528912437
16,1552172400,93,110,17,203,10,-0.46324115585217407,-0.6588184214805076
16,1552190400,51,38,0,89,10,-0.5126563816907056,-0.890450533862025
16,1552204800,11,24,13,35,10,-0.4748682678141815,-1.0001710081480069
16,1552219200,44,104,60,148,10,-0.3382497022605942,-0.7705707564014151
16,1552233600,77,152,75,229,10,-0.29464803240306636,-0.6059900449724422
16,1552248000,101,116,15,217,10,-0.46905471183317776,-0.6303723725915493
16,1552262400,64,45,0,109,10,-0.5126563816907056,-0.8498133211635132
16,1552276800,8,8,0,16,10,-0.5126563816907056,-1.0387763602115931
16,1552291200,25,297,272,322,10,0.27798723172579953,-0.41702700592436226
16,1552305600,127,1141,1014,1268,10,2.4348165006781777,1.5051131547152472
16,1552320000,262,347,85,609,10,-0.2655802524980478,0.16611699629928248
16,1552334400,896,382,0,1278,10,-0.5126563816907056,1.5254317610645032
16,1552348800,200,71,0,271,11,-0.5447529063601063,-0.5294605810196151
16,1552363200,38,16,0,54,11,-0.5447529063601063,-0.9938532030398992
16,1552377600,44,317,273,361,11,0.3240935012522152,-0.3368553460803268
16,1552392000,158,1190,1032,1348,11,2.7396774696688895,1.7753820637538684
16,1552406400,275,430,155,705,11,-0.05145183244102268,0.39932466302095304
16,1552420800,915,440,0,1355,11,-0.5447529063601063,1.790362470915813
16,1552435200,182,102,0,284,11,-0.5447529063601063,-0.5016398248617179
16,1552449600,37,9,0,46,11,-0.5447529063601063,-1.0109736683678359
16,1552464000,36,307,271,343,11,0.3177283261048722,-0.37537639306818443
16,1552478400,152,1156,1004,1308,11,2.6505650176060875,1.6897797371141847
16,1552492800,307,453,146,760,11,-0.08009512060406625,0.5170278621505181
16,1552507200,895,438,0,1333,11,-0.5447529063601063,1.7432811912639872
16,1552521600,175,93,0,268,11,-0.5447529063601063,-0.5358807555175914
16,1552536000,44,9,0,53,11,-0.5447529063601063,-0.9959932612058913
16,1552550400,31,300,269,331,11,0.3113631509575292,-0.4010570910600896
16,1552564800,159,1137,978,1296,11,2.567817740690628,1.6640990391222796
16,1552579200,323,475,152,798,11,-0.0609995951620372,0.5983500724582176
16,1552593600,831,440,0,1271,11,-0.5447529063601063,1.6105975849724774
16,1552608000,192,105,0,297,11,-0.5447529063601063,-0.47381906870382073
16,1552622400,62,19,0,81,11,-0.5447529063601063,-0.9360716325581127
16,1552636800,34,295,261,329,11,0.28590245036815715,-0.40533720739207374
16,1552651200,164,1110,946,1274,11,2.4659749383331397,1.6170177594704536
16,1552665600,298,413,115,711,11,-0.178755335387883,0.4121650120169056
16,1552680000,787,360,0,1147,11,-0.5447529063601063,1.3452303723894579
16,1552694400,168,110,0,278,11,-0.5447529063601063,-0.5144801738576704
16,1552708800,39,24,0,63,11,-0.5447529063601063,-0.9745926795459704
16,1552723200,13,43,30,56,11,-0.4492752791499611,-0.989573086707915
16,1552737600,81,127,46,208,11,-0.398353877971217,-0.664284245477117
16,1552752000,183,202,19,385,11,-0.4842837424603477,-0.28549395009651657
16,1552766400,158,198,40,356,11,-0.41744940341324605,-0.34755563691028724
16,1552780800,90,64,0,154,11,-0.5447529063601063,-0.77984738644069
16,1552795200,30,21,0,51,11,-0.5447529063601063,-1.0002733775378754
16,1552809600,11,24,13,35,11,-0.5033792679023767,-1.034514308193749
16,1552824000,68,95,27,163,11,-0.45882304187097567,-0.7605868629467611
16,1552838400,91,124,33,215,11,-0.4397275164289466,-0.6493038383151722
16,1552852800,125,101,0,226,11,-0.5447529063601063,-0.6257631984892593
16,1552867200,61,44,0,105,11,-0.5447529063601063,-0.8847102365743025
16,1552881600,8,14,6,22,11,-0.5256573809180773,-1.062335064351646
16,1552896000,33,311,278,344,11,0.34000643912057277,-0.3732363349021924
16,1552910400,132,1126,994,1258,11,2.6187391418693724,1.5827768288145803
16,1552924800,279,380,101,659,11,-0.2233115614192841,0.30088198738531674
16,1552939200,825,346,0,1171,11,-0.5447529063601063,1.396591768373268
16,1552953600,214,95,0,309,12,-0.538265656100105,-0.537493175827885
16,1552968000,59,17,0,76,12,-0.538265656100105,-1.0603988541907128
16,1552982400,38,316,278,354,12,0.3102276341152083,-0.4365028087621029
16,1552996800,162,1147,985,1309,12,2.4680864693030733,1.7067372034117185
16,1553011200,266,394,128,660,12,-0.14759248650456505,0.25023168728521583
16,1553025600,847,370,0,1217,12,-0.538265656100105,1.500268008521675
16,1553040000,230,106,0,336,12,-0.538265656100105,-0.4768989555884158
16,1553054400,55,17,0,72,12,-0.538265656100105,-1.0693757757076712
16,1553068800,38,309,271,347,12,0.2888626951529522,-0.45221242141678014
16,1553083200,138,1151,1013,1289,12,2.5535462251520977,1.6618525958269266
16,1553097600,261,426,165,687,12,-0.03466352341835428,0.3108259075246851
16,1553112000,883,427,0,1310,12,-0.538265656100105,1.7089814337909581
16,1553126400,217,105,0,322,12,-0.538265656100105,-0.5083181808977703
16,1553140800,51,16,0,67,12,-0.538265656100105,-1.0805969276038692
16,1553155200,40,332,292,372,12,0.35295751203972053,-0.39610666193579
16,1553169600,154,1189,1035,1343,12,2.620693176176331,1.783041036305865
16,1553184000,314,418,104,732,12,-0.22084370580372878,0.41181627459046727
16,1553198400,819,457,0,1276,12,-0.538265656100105,1.6326776008968116
16,1553212800,229,110,0,339,12,-0.538265656100105,-0.470166264450697
16,1553227200,58,19,0,77,12,-0.538265656100105,-1.0581546238114732
16,1553241600,26,325,299,351,12,0.3743224510019766,-0.44323549989982175
16,1553256000,144,1290,1146,1434,12,2.9594800654349633,1.9872660008166692
16,1553270400,285,458,173,743,12,-0.010246450318633036,0.4365028087621029
16,1553284800,733,387,0,1120,12,-0.538265656100105,1.2825776617354334
16,1553299200,203,134,0,337,12,-0.538265656100105,-0.4746547252091762
16,1553313600,74,28,0,102,12,-0.538265656100105,-1.002048864330483
16,1553328000,22,66,44,88,12,-0.40397175405163815,-1.0334680896398374
16,1553342400,122,191,69,313,12,-0.32766840061500924,-0.5285162543109266
16,1553356800,252,258,6,510,12,-0.5199528512753141,-0.08640286960072474
16,1553371200,276,257,0,533,12,-0.538265656100105,-0.03478557087821386
16,1553385600,168,117,0,285,12,-0.538265656100105,-0.5913547049296356
16,1553400000,42,23,0,65,12,-0.538265656100105,-1.0850853883623484
16,1553414400,13,26,13,39,12,-0.498587912313058,-1.1434353782225781
16,1553428800,103,123,20,226,12,-0.4772229733508019,-0.7237642973047722
16,1553443200,178,198,20,376,12,-0.4772229733508019,-0.38712974041883164
16,1553457600,209,194,0,403,12,-0.538265656100105,-0.3265355201793623
16,1553472000,116,78,0,194,12,-0.538265656100105,-0.7955796694404395
16,1553486400,14,12,0,26,12,-0.538265656100105,-1.172610373152693
16,1553500800,27,321,294,348,12,0.3590617803146508,-0.44996819103754054
16,1553515200,141,1101,960,1242,12,2.3917831158664447,1.5563737680026652
16,1553529600,266,358,92,624,12,-0.25746931545331064,0.16943939363259009
16,1553544000,840,344,0,1184,12,-0.538265656100105,1.4262084060067681
16,1553558400,224,96,0,320,13,-0.5600345470364567,-0.4637828468013092
16,1553572800,40,14,0,54,13,-0.5600345470364567,-1.044199780201581
16,1553587200,38,324,286,362,13,0.33871428115351226,-0.37213806784337156
16,1553601600,138,1182,1044,1320,13,2.7207129236989545,1.7182356998162542
16,1553616000,293,447,154,740,13,-0.07609287031878112,0.4526649427780674
16,1553630400,885,426,0,1311,13,-0.5600345470364567,1.698597532896696
16,1553644800,261,90,0,351,13,-0.5600345470364567,-0.39614027185616474
16,1553659200,52,17,0,69,13,-0.5600345470364567,-1.0114695020023177
16,1553673600,35,329,294,364,13,0.36385410851546945,-0.3677740307501364
16,1553688000,156,1205,1049,1361,13,2.7364253158001777,1.8076984602275743
16,1553702400,324,435,111,759,13,-0.21121944238930093,0.4941232951638011
16,1553716800,843,400,0,1243,13,-0.5600345470364567,1.5502202717267017
16,1553731200,228,133,0,361,13,-0.5600345470364567,-0.3743200863899891
16,1553745600,65,21,0,86,13,-0.5600345470364567,-0.974375186709819
16,1553760000,33,294,261,327,13,0.2601523206473961,-0.4485087169749863
16,1553774400,145,1170,1025,1315,13,2.661005833714306,1.7073256070831664
16,1553788800,313,422,109,735,13,-0.21750439922979023,0.44175485004497955
16,1553803200,859,370,0,1229,13,-0.5600345470364567,1.519672012074056
16,1553817600,212,136,0,348,13,-0.5600345470364567,-0.40268632749601746
16,1553832000,58,19,0,77,13,-0.5600345470364567,-0.9940133536293771
16,1553846400,35,260,225,295,13,0.1470230975185888,-0.5183333104667484
16,1553860800,142,1047,905,1189,13,2.2839084232849483,1.4323912702093533
16,1553875200,308,417,109,725,13,-0.21750439922979023,0.41993466457880396
16,1553889600,755,408,0,1163,13,-0.5600345470364567,1.3756587879972968
16,1553904000,166,128,0,294,13,-0.5600345470364567,-0.5205153290133658
16,1553918400,62,30,0,92,13,-0.5600345470364567,-0.9612830754301137
16,1553932800,15,52,37,67,13,-0.4437628454874048,-1.0158335390955529
16,1553947200,80,158,78,238,13,-0.3149212302573743,-0.6427083676239495
16,1553961600,140,208,68,348,13,-0.3463460144598207,-0.40268632749601746
16,1553976000,166,210,44,376,13,-0.4217654965456923,-0.34158980819072565
16,1553990400,96,128,32,224,13,-0.459475237588628,-0.6732566272765953
16,1554004800,36,16,0,52,13,-0.5600345470364567,-1.0485638172948162
16,1554019200,13,30,17,43,13,-0.5066124138922977,-1.0682019842143742
16,1554033600,59,135,76,194,13,-0.3212061870978636,-0.7387171836751222
16,1554048000,102,177,75,279,13,-0.3243486655181082,-0.5532456072126293
16,1554062400,115,135,20,250,13,-0.4971849786315638,-0.6165241450645387
16,1554076800,69,51,0,120,13,-0.5600345470364567,-0.9001865561248219
16,1554091200,11,9,0,20,13,-0.5600345470364567,-1.1183884107865782
16,1554105600,28,321,293,349,13,0.3607116300952248,-0.40050430894939987
16,1554120000,147,1169,1022,1316,13,2.651578398453572,1.7095076256297839
16,1554134400,266,417,151,683,13,-0.08552030557951505,0.3282898856208663
16,1554148800,894,424,0,1318,13,-0.5600345470364567,1.713871662723019
16,1554163200,158,96,0,254,14,-0.5308118126418876,-0.6684561009387315
16,1554177600,45,12,0,57,14,-0.5308118126418876,-1.0958423755053852
16,1554192000,34,330,296,364,14,0.39355468893591694,-0.4298140186933919
16,1554206400,159,1206,1047,1365,14,2.738822400709333,1.7418289297391985
16,1554220800,278,387,109,665,14,-0.19042009415546635,0.22319749726885557
16,1554235200,894,394,0,1288,14,-0.5308118126418876,1.5747794721674608
16,1554249600,194,101,0,295,14,-0.5308118126418876,-0.5795076884654685
16,1554264000,108,23,0,131,14,-0.5308118126418876,-0.9353013383585204
16,1554278400,43,332,289,375,14,0.3716946703175229,-0.405949810468858
16,1554292800,153,1202,1049,1355,14,2.745068120314589,1.7201341949896223
16,1554307200,317,455,138,772,14,-0.09985715987926252,0.45533115908932226
16,1554321600,883,453,0,1336,14,-0.5308118126418876,1.6789141989654273
16,1554336000,192,110,0,302,14,-0.5308118126418876,-0.5643213741407651
16,1554350400,68,14,0,82,14,-0.5308118126418876,-1.0416055386314444
16,1554364800,33,341,308,374,14,0.4310290065674496,-0.4081192839438156
16,1554379200,221,1152,931,1373,14,2.376570663604518,1.7591847175388595
16,1554393600,316,452,136,768,14,-0.10610287948451796,0.4466532651894917
16,1554408000,856,414,0,1270,14,-0.5308118126418876,1.5357289496182234
16,1554422400,206,128,0,334,14,-0.5308118126418876,-0.4948982229421209
16,1554436800,45,15,0,60,14,-0.5308118126418876,-1.0893339550805123
16,1554451200,24,294,270,318,14,0.3123603340675963,-0.529609798541443
16,1554465600,160,1158,998,1318,14,2.585802270380575,1.6398636764161898
16,1554480000,342,443,101,785,14,-0.2154029725764881,0.4835343142637715
16,1554494400,824,454,0,1278,14,-0.5308118126418876,1.5530847374178844
16,1554508800,220,129,0,349,14,-0.5308118126418876,-0.4623561208177564
16,1554523200,82,27,0,109,14,-0.5308118126418876,-0.9830297548075883
16,1554537600,25,70,45,95,14,-0.3902831215236403,-1.0134023834569952
16,1554552000,138,191,53,329,14,-0.36530024310261855,-0.505745590316909
16,1554566400,253,257,4,510,14,-0.5183203734313767,-0.11307089134957751
16,1554580800,286,258,0,544,14,-0.5308118126418876,-0.039308793201018
16,1554595200,164,141,0,305,14,-0.5308118126418876,-0.5578129537158922
16,1554609600,44,27,0,71,14,-0.5308118126418876,-1.0654697468559784
16,1554624000,22,27,5,49,14,-0.515197513628749,-1.1131981633050463
16,1554638400,100,153,53,253,14,-0.36530024310261855,-0.6706255744136892
16,1554652800,203,194,0,397,14,-0.5308118126418876,-0.35822139401979003
16,1554667200,202,194,0,396,14,-0.5308118126418876,-0.36039086749474764
16,1554681600,112,67,0,179,14,-0.5308118126418876,-0.8311666115605539
16,1554696000,14,15,1,29,14,-0.5276889528392599,-1.1565876328041989
16,1554710400,39,320,281,359,14,0.34671179189650114,-0.44066138606818006
16,1554724800,154,1141,987,1295,14,2.55145081255167,1.5899657864921641
16,1554739200,257,295,38,552,14,-0.41214314014203435,-0.02195300540135694
16,1554753600,901,368,0,1269,14,-0.5308118126418876,1.5335594761432658
16,1554768000,206,87,0,293,15,-0.5360900947211317,-0.5105072415653907
16,1554782400,55,12,0,67,15,-0.5360900947211317,-0.9637184964231057
16,1554796800,38,286,248,324,15,0.16303528735165007,-0.44834109598756255
16,1554811200,169,1020,851,1189,15,1.8629248252140993,1.2862949015873202
16,1554825600,284,470,186,754,15,-0.011746058166545364,0.41396350396295717
16,1554840000,915,370,0,1285,15,-0.5360900947211317,1.4788094169251107
16,1554854400,187,86,0,273,15,-0.5360900947211317,-0.5506144322607638
16,1554868800,43,10,0,53,15,-0.5360900947211317,-0.9917935299098668
16,1554883200,40,350,310,390,15,0.3378166328698455,-0.3159873666928316
16,1554897600,152,1226,1074,1378,15,2.491573858287609,1.665307853658595
16,1554912000,293,401,108,694,15,-0.2316322670442751,0.2936419318768381
16,1554926400,877,422,0,1299,15,-0.5360900947211317,1.5068844504118717
16,1554940800,186,101,0,287,15,-0.5360900947211317,-0.5225393987740026
16,1554955200,45,14,0,59,15,-0.5360900947211317,-0.979761372701255
16,1554969600,24,300,276,324,15,0.24196879823083509,-0.44834109598756255
16,1554984000,151,1184,1033,1335,15,2.375992645928802,1.5790773936635432
16,1554998400,318,489,171,807,15,-0.054031867566108775,0.5202475593056957
16,1555012800,877,409,0,1286,15,-0.5360900947211317,1.4808147764598794
16,1555027200,206,94,0,300,15,-0.5360900947211317,-0.4964697248220102
16,1555041600,50,13,0,63,15,-0.5360900947211317,-0.9717399345621803
16,1555056000,27,265,238,292,15,0.13484474775194114,-0.5125126011001594
16,1555070400,160,1083,923,1243,15,2.0658967103320034,1.3945843164648273
16,1555084800,281,477,196,758,15,0.016444481433163575,0.4219849421020318
16,1555099200,810,385,0,1195,15,-0.5360900947211317,1.2983270587959321
16,1555113600,145,119,0,264,15,-0.5360900947211317,-0.5686626680736816
16,1555128000,47,17,0,64,15,-0.5360900947211317,-0.9697345750274117
16,1555142400,16,70,54,86,15,-0.3838611808827034,-0.9256166652625014
16,1555156800,94,147,53,241,15,-0.3866802348426743,-0.6147859373733605
16,1555171200,163,212,49,375,15,-0.39795645068255786,-0.3460677597143614
16,1555185600,167,196,29,363,15,-0.45433752988197573,-0.37013207413158516
16,1555200000,124,115,0,239,15,-0.5360900947211317,-0.6187966564428978
16,1555214400,28,21,0,49,15,-0.5360900947211317,-0.9998149680489414
16,1555228800,18,32,14,50,15,-0.4966233392815391,-0.9978096085141728
16,1555243200,92,131,39,223,15,-0.42614699028226677,-0.6508824089991962
16,1555257600,123,168,45,291,15,-0.4092326665224414,-0.514517960634928
16,1555272000,134,125,0,259,15,-0.5360900947211317,-0.5786894657475249
16,1555286400,69,56,0,125,15,-0.5360900947211317,-0.847407643406524
16,1555300800,13,11,0,24,15,-0.5360900947211317,-1.0499489564181577
16,1555315200,34,396,362,430,15,0.484407438788332,-0.2357729853020856
16,1555329600,192,1751,1559,1943,15,3.858815028873492,2.798335990802883
16,1555344000,261,430,169,691,15,-0.05966997548605056,0.2876258532725322
16,1555358400,916,417,0,1333,15,-0.5360900947211317,1.5750666745940058
16,1555372800,157,97,0,254,16,-0.5629422496380978,-0.5635488057879912
16,1555387200,38,15,0,53,16,-0.5629422496380978,-1.011395837555121
16,1555401600,32,328,296,360,16,0.49263814968329467,-0.3273707691346789
16,1555416000,202,1148,946,1350,16,2.810635648193109,1.8784429694198417
16,1555430400,323,397,74,720,16,-0.2990471498077497,0.4747433176124195
16,1555444800,865,434,0,1299,16,-0.5629422496380978,1.7648101404640026
16,1555459200,178,81,0,259,16,-0.5629422496380978,-0.5524083323609481
16,1555473600,45,11,0,56,16,-0.5629422496380978,-1.0047115534988953
16,1555488000,39,280,241,319,16,0.29649989980938724,-0.41872265123643176
16,1555502400,175,1252,1077,1427,16,3.2778012978927795,2.0500062601963043
16,1555516800,349,494,145,843,16,-0.04585049997052382,0.7487989639176781
16,1555531200,883,450,0,1333,16,-0.5629422496380978,1.8405653597678953
16,1555545600,179,98,0,277,16,-0.5629422496380978,-0.5123026280235932
16,1555560000,36,12,0,48,16,-0.5629422496380978,-1.0225363109821641
16,1555574400,35,294,259,329,16,0.36069059976812057,-0.39644170438234566
16,1555588800,190,1108,918,1298,16,2.7107834482573017,1.7625820457785941
16,1555603200,357,424,67,781,16,-0.3240101997917016,0.6106570934223445
16,1555617600,832,448,0,1280,16,-0.5629422496380978,1.7224763414412392
16,1555632000,184,120,0,304,16,-0.5629422496380978,-0.45214407151756086
16,1555646400,48,19,0,67,16,-0.5629422496380978,-0.9802025119594006
16,1555660800,27,174,147,201,16,-0.038718199975109,-0.6816378241146474
16,1555675200,159,606,447,765,16,1.031126799337113,0.5750075784558067
16,1555689600,290,373,83,663,16,-0.2669517998283831,0.3477419205441289
16,1555704000,428,351,0,779,16,-0.5629422496380978,0.6062009040515273
16,1555718400,135,118,0,253,16,-0.5629422496380978,-0.5657769004733998
16,1555732800,34,20,0,54,16,-0.5629422496380978,-1.0091677428697126
16,1555747200,20,55,35,75,16,-0.4381269997183386,-0.9623777544761317
16,1555761600,99,298,199,397,16,0.14672159990567615,-0.24493126577456042
16,1555776000,187,264,77,451,16,-0.2883486998146275,-0.12461415276249567
16,1555790400,148,190,42,338,16,-0.41316394973438675,-0.3763888522136682
16,1555804800,98,97,0,195,16,-0.5629422496380978,-0.6950063922270989
16,1555819200,39,14,0,53,16,-0.5629422496380978,-1.011395837555121
16,1555833600,8,31,23,39,16,-0.48092079969082746,-1.0425891631508415
16,1555848000,73,151,78,224,16,-0.2847825498169201,-0.6303916463502494
16,1555862400,98,191,93,289,16,-0.23129029985130897,-0.48556549179868996
16,1555876800,91,179,88,270,16,-0.249121049839846,-0.5278992908214535
16,1555891200,53,60,7,113,16,-0.537979199654146,-0.8777101564306047
16,1555905600,8,11,3,19,16,-0.5522437996449756,-1.0871510568590137
16,1555920000,22,266,244,288,16,0.3071983498025095,-0.48779358648409854
16,1555934400,158,1070,912,1228,16,2.6893865482710573,1.6066154177999916
16,1555948800,279,408,129,687,16,-0.10290889993384233,0.40121619299393546
16,1555963200,819,434,0,1253,16,-0.5629422496380978,1.6623177849352069
16,1555977600,183,87,0,270,17,-0.5593414352570627,-0.5663555486862472
16,1555992000,37,12,0,49,17,-0.5593414352570627,-1.0416053751954233
16,1556006400,38,330,292,368,17,0.3597411426866038,-0.3556112817274269
16,1556020800,163,1158,995,1321,17,2.5724639245167324,1.6937691918619169
16,1556035200,271,325,54,596,17,-0.38937410919898735,0.13469170670737937
16,1556049600,835,431,0,1266,17,-0.5593414352570627,1.5754943481605381
16,1556064000,176,108,0,284,17,-0.5593414352570627,-0.536249224834987
16,1556078400,38,11,0,49,17,-0.5593414352570627,-1.0416053751954233
16,1556092800,32,304,272,336,17,0.29679028118361295,-0.4244257362445927
16,1556107200,152,1174,1022,1326,17,2.65744758754577,1.704521450380224
16,1556121600,287,443,156,730,17,-0.06832471553373401,0.4228522349980111
16,1556136000,918,376,0,1294,17,-0.5593414352570627,1.6357069958630581
16,1556150400,171,126,0,297,17,-0.5593414352570627,-0.5082933526873885
16,1556179200,64,309,245,373,17,0.2118066181545753,-0.3448590232091197
16,1556193600,165,1154,989,1319,17,2.553578666065835,1.689468288454594
16,1556208000,338,407,69,745,17,-0.3421609630717442,0.45510901055293257
16,1556222400,849,443,0,1292,17,-0.5593414352570627,1.6314060924557352
16,1556236800,165,114,0,279,17,-0.5593414352570627,-0.5470014833532942
16,1556251200,45,17,0,62,17,-0.5593414352570627,-1.0136495030478248
16,1556265600,29,267,238,296,17,0.1897738166285285,-0.5104438043910499
16,1556280000,138,1099,961,1237,17,2.465447459961648,1.5131312487543567
16,1556294400,294,459,165,753,17,-0.039996827857388124,0.47231262418222403
16,1556308800,740,527,0,1267,17,-0.5593414352570627,1.5776447998641996
16,1556323200,168,105,0,273,17,-0.5593414352570627,-0.5599041935752628
16,1556337600,53,22,0,75,17,-0.5593414352570627,-0.9856936309002261
16,1556352000,14,54,40,68,17,-0.43343971225108097,-1.0007467928258562
16,1556366400,90,155,65,245,17,-0.3547511353723424,-0.6201168412777829
16,1556380800,134,232,98,366,17,-0.2508822138924075,-0.35991218513474976
16,1556395200,148,203,55,351,17,-0.3862265661238378,-0.3921689606896712
16,1556409600,81,125,44,206,17,-0.4208495399504828,-0.7039844577205787
16,1556424000,30,21,0,51,17,-0.5593414352570627,-1.0373044717881006
16,1556438400,10,25,15,35,17,-0.5121282891298196,-1.0717116990466833
16,1556452800,81,125,44,206,17,-0.4208495399504828,-0.7039844577205787
16,1556467200,121,158,37,279,17,-0.4428823414765296,-0.5470014833532942
16,1556481600,103,158,55,261,17,-0.3862265661238378,-0.5857096140192
16,1556496000,60,55,0,115,17,-0.5593414352570627,-0.8996755627537689
16,1556510400,10,9,0,19,17,-0.5593414352570627,-1.1061189263052662
16,1556524800,33,311,278,344,17,0.3156755396345102,-0.4072221226153012
16,1556539200,134,1160,1026,1294,17,2.6700377598463683,1.6357069958630581
16,1556553600,275,346,71,621,17,-0.33586587692144515,0.18845299929891512
16,1556568000,873,377,0,1250,17,-0.5593414352570627,1.5410871209019552
16,1556582400,191,87,0,278,18,-0.5441598237135352,-0.5192411144538585
16,1556596800,45,26,0,71,18,-0.5441598237135352,-0.9570958427818745
16,1556611200,43,310,267,353,18,0.3069152478518182,-0.36059809694370776
16,1556625600,171,1150,979,1321,18,2.576448772026094,1.6869544490539712
16,1556640000,304,414,110,718,18,-0.1935296444169477,0.4114645882723592
16,1556654400,904,415,0,1319,18,-0.5441598237135352,1.6827239685870339
16,1556668800,190,100,0,290,18,-0.5441598237135352,-0.49385823165223436
16,1556683200,41,20,0,61,18,-0.5441598237135352,-0.9782482451165613
16,1556697600,40,310,270,350,18,0.31647788910536145,-0.36694381764411377
16,1556712000,170,1143,973,1313,18,2.557323489519007,1.6700325271862217
16,1556726400,338,456,118,794,18,-0.16802926774083224,0.5722228460159786
16,1556740800,901,402,0,1303,18,-0.5441598237135352,1.648880124851535
16,1556755200,191,96,0,287,18,-0.5441598237135352,-0.5002039523526404
16,1556769600,41,23,0,64,18,-0.5441598237135352,-0.9719025244161553
16,1556784000,34,297,263,331,18,0.29416505951376043,-0.40713338208001865
16,1556798400,145,1224,1079,1369,18,2.895203480477537,1.7884859802604678
16,1556812800,294,426,132,720,18,-0.12340360855763019,0.41569506873929657
16,1556827200,877,474,0,1351,18,-0.5441598237135352,1.7504116560580316
16,1556841600,202,83,0,285,18,-0.5441598237135352,-0.5044344328195778
16,1556856000,33,32,0,65,18,-0.5441598237135352,-0.9697872841826866
16,1556870400,28,305,277,333,18,0.3387907186969625,-0.4029029016130813
16,1556884800,155,1100,945,1255,18,2.468072171152603,1.5473485936450386
16,1556899200,326,406,80,732,18,-0.28915605695238067,0.4410779515409207
16,1556913600,812,405,0,1217,18,-0.5441598237135352,1.4669694647732288
16,1556928000,150,74,0,224,18,-0.5441598237135352,-0.633464087061167
16,1556942400,44,28,0,72,18,-0.5441598237135352,-0.9549806025484059
16,1556956800,12,50,38,62,18,-0.4230330345019868,-0.9761330048830926
16,1556971200,90,138,48,228,18,-0.3911575636568425,-0.6250031261272924
16,1556985600,130,208,78,338,18,-0.29553115112140954,-0.39232670044573786
16,1557000000,139,209,70,348,18,-0.321031527797525,-0.3711742981110511
16,1557014400,92,67,0,159,18,-0.5441598237135352,-0.770954702236631
16,1557028800,26,22,0,48,18,-0.5441598237135352,-1.005746368151654
16,1557043200,8,35,27,43,18,-0.4580960524316456,-1.0163225693189974
16,1557057600,51,113,62,164,18,-0.34653190447364046,-0.7603785010692876
16,1557072000,122,152,30,274,18,-0.44853341117810225,-0.5277020753877332
16,1557086400,123,115,0,238,18,-0.5441598237135352,-0.6038507237926055
16,1557100800,51,44,0,95,18,-0.5441598237135352,-0.9063300771786263
16,1557115200,9,19,10,28,18,-0.5122843528683909,-1.0480511728210276
16,1557129600,33,330,297,363,18,0.40254166038725114,-0.33944569460902096
16,1557144000,133,1105,972,1238,18,2.5541359424344927,1.511389509676071
16,1557158400,275,320,45,595,18,-0.4007202049103858,0.151290039555712
16,1557172800,879,410,0,1289,18,-0.5441598237135352,1.6192667615829737
16,1557187200,169,107,0,276,19,-0.5647335903490062,-0.523861227468339
16,1557201600,39,20,0,59,19,-0.5647335903490062,-0.9833426274439372
16,1557216000,36,317,281,353,19,0.32881592477352645,-0.3608194403802235
16,1557230400,158,1198,1040,1356,19,2.742353583058232,1.7629586433779563
16,1557244800,296,416,120,712,19,-0.18314660880201716,0.39933642409553577
16,1557259200,885,406,0,1291,19,-0.5647335903490062,1.6253259659659107
16,1557273600,173,109,0,282,19,-0.5647335903490062,-0.5111566726303041
16,1557288000,38,25,0,63,19,-0.5647335903490062,-0.9748729242185805
16,1557302400,32,319,287,351,19,0.3478952738508759,-0.3650542919929018
16,1557316800,153,1161,1008,1314,19,2.640597054645702,1.6740267595117115
16,1557331200,306,467,161,773,19,-0.05277105677346259,0.5284993982822247
16,1557345600,879,404,0,1283,19,-0.5647335903490062,1.6083865595151974
16,1557360000,183,108,0,291,19,-0.5647335903490062,-0.49209984037325155
16,1557374400,39,28,0,67,19,-0.5647335903490062,-0.966403220993224
16,1557388800,32,324,292,356,19,0.36379473141533375,-0.354467162961206
16,1557403200,166,1155,989,1321,19,2.5801791159007617,1.6888487401560857
16,1557417600,331,465,134,796,19,-0.13862812762153512,0.5772001918280254
16,1557432000,774,426,0,1200,19,-0.5647335903490062,1.432640217589047
16,1557446400,184,116,0,300,19,-0.5647335903490062,-0.4730430081161991
16,1557460800,42,23,0,65,19,-0.5647335903490062,-0.9706380726059023
16,1557475200,27,293,266,320,19,0.2811175520801528,-0.43069449198941584
16,1557489600,174,1071,897,1245,19,2.2876290967147366,1.5279243788743093
16,1557504000,307,426,119,733,19,-0.18632650031490874,0.4438023660286582
16,1557518400,729,444,0,1173,19,-0.5647335903490062,1.3754697208178897
16,1557532800,152,116,0,268,19,-0.5647335903490062,-0.5408006339190523
16,1557547200,43,34,0,77,19,-0.5647335903490062,-0.9452289629298323
16,1557561600,12,61,49,73,19,-0.408918906217319,-0.953698666155189
16,1557576000,60,136,76,196,19,-0.3230618353692465,-0.693255291975472
16,1557590400,121,197,76,318,19,-0.3230618353692465,-0.4349293436020942
16,1557604800,132,164,32,296,19,-0.46297706193647575,-0.48151271134155577
16,1557619200,82,91,9,173,19,-0.536114566732982,-0.7419560855212727
16,1557633600,26,27,1,53,19,-0.5615536988361146,-0.9960471822819722
16,1557648000,8,27,19,35,19,-0.5043156516040662,-1.034160846796077
16,1557662400,50,109,59,159,19,-0.3771199910884033,-0.771600046810021
16,1557676800,85,140,55,225,19,-0.38983955713996954,-0.6318499435916363
16,1557691200,107,136,29,243,19,-0.4725167364751505,-0.5937362790775313
16,1557705600,59,54,0,113,19,-0.5647335903490062,-0.8690016339016224
16,1557720000,16,28,12,44,19,-0.5265748921943073,-1.0151040145390247
16,1557734400,28,294,266,322,19,0.2811175520801528,-0.4264596403767375
16,1557748800,150,1197,1047,1347,19,2.764612823648473,1.743901811120904
16,1557763200,271,406,135,677,19,-0.13544823610864354,0.3252265208736651
16,1557777600,890,494,0,1384,19,-0.5647335903490062,1.8222465659554528
16,1557792000,203,73,0,276,20,-0.5420564877912536,-0.5188168624230367
16,1557806400,32,16,0,48,20,-0.5420564877912536,-1.010230341608299
16,1557820800,38,304,266,342,20,0.31341110390303734,-0.37656559213256613
16,1557835200,141,1174,1033,1315,20,2.7801165280741693,1.7205629835133116
16,1557849600,281,427,146,708,20,-0.072514125432733,0.41228236129640744
16,1557864000,889,433,0,1322,20,-0.5420564877912536,1.73565023945321
16,1557878400,210,96,0,306,20,-0.5420564877912536,-0.4541571941091864
16,1557892800,61,12,0,73,20,-0.5420564877912536,-0.9563472846800903
16,1557907200,36,325,289,361,20,0.3873801061923933,-0.3356144688671276
16,1557921600,143,1146,1003,1289,20,2.6836352207402268,1.6645246043079747
16,1557936000,292,433,141,725,20,-0.08859434332172343,0.44892284000758925
16,1557950400,899,399,0,1298,20,-0.5420564877912536,1.6839225048021298
16,1557964800,206,110,0,316,20,-0.5420564877912536,-0.432603971337903
16,1557979200,40,12,0,52,20,-0.5420564877912536,-1.0016090524997856
16,1557993600,30,317,287,347,20,0.38094801903679715,-0.3657889807469244
16,1558008000,157,1178,1021,1335,20,2.7415240051405925,1.7636694290558785
16,1558022400,311,429,118,740,20,-0.1625633456110794,0.4812526741645144
16,1558036800,897,421,0,1318,20,-0.5420564877912536,1.7270289503446967
16,1558051200,219,107,0,326,20,-0.5420564877912536,-0.4110507485666196
16,1558065600,46,13,0,59,20,-0.5420564877912536,-0.9865217965598871
16,1558080000,36,268,232,304,20,0.2040656222579024,-0.45846783866344315
16,1558094400,183,1041,858,1224,20,2.2173089019595045,1.5244286562946323
16,1558108800,335,418,83,753,20,-0.27512487083401244,0.5092718637671828
16,1558123200,762,368,0,1130,20,-0.5420564877912536,1.3218283622445681
16,1558137600,154,93,0,247,20,-0.5420564877912536,-0.5813212084597587
16,1558152000,46,20,0,66,20,-0.5420564877912536,-0.9714345406199888
16,1558166400,17,55,38,72,20,-0.4198468318349263,-0.9585026069572187
16,1558180800,75,137,62,212,20,-0.34266178596777225,-0.6567574881592507
16,1558195200,138,172,34,310,20,-0.4327110061461186,-0.4455359050006731
16,1558209600,141,179,38,320,20,-0.4198468318349263,-0.4239826822293897
16,1558224000,85,87,2,172,20,-0.5356244006356574,-0.7429703792443844
16,1558238400,24,15,0,39,20,-0.5420564877912536,-1.029628242102454
16,1558252800,13,20,7,33,20,-0.5195441827466669,-1.042560175765224
16,1558267200,68,91,23,159,20,-0.4680874855018976,-0.7709895688470528
16,1558281600,100,137,37,237,20,-0.42306287541272436,-0.6028744312310421
16,1558296000,116,110,0,226,20,-0.5420564877912536,-0.6265829762794539
16,1558310400,65,67,2,132,20,-0.5356244006356574,-0.8291832703295181
16,1558324800,12,9,0,21,20,-0.5420564877912536,-1.068424043090764
16,1558339200,26,301,275,327,20,0.3423554961032201,-0.40889542628949127
16,1558353600,148,1124,976,1272,20,2.5968020441396784,1.6278841255967929
16,1558368000,287,395,108,682,20,-0.19472378138906027,0.3562439820910705
16,1558382400,843,365,0,1208,20,-0.5420564877912536,1.489943499860579
16,1558396800,150,93,0,243,21,-0.4757597652259798,-0.4197567825732411
16,1558411200,36,13,0,49,21,-0.4757597652259798,-0.8807983994561873
16,1558425600,35,313,278,348,21,0.5823299526365993,-0.17022394869329596
16,1558440000,149,1139,990,1288,21,3.2922575753637804,2.0636890403271653
16,1558454400,311,402,91,713,21,-0.12940665614146651,0.6971997119369895
16,1558468800,909,397,0,1306,21,-0.4757597652259798,2.106466097563727
16,1558483200,181,108,0,289,21,-0.4757597652259798,-0.31043763630202703
16,1558497600,48,17,0,65,21,-0.4757597652259798,-0.8427743485792433
16,1558512000,31,324,293,355,21,0.6394211244637169,-0.15358842643463297
16,1558526400,154,1088,934,1242,21,3.0791172005425413,1.954369894055951
16,1558540800,326,415,89,741,21,-0.13701881238508218,0.7637418009716416
16,1558555200,865,403,0,1268,21,-0.4757597652259798,2.016158976730985
16,1558569600,188,89,0,277,21,-0.4757597652259798,-0.33895567445973507
16,1558584000,36,10,0,46,21,-0.4757597652259798,-0.8879279089956144
16,1558597010,27,209,182,236,21,0.2169464529430468,-0.4363923048319041
16,1558598400,12,127,115,139,21,-0.038060781218078384,-0.6669131132733772
16,1558612800,173,1135,962,1308,21,3.185687387953161,2.111219103923345
16,1558627200,311,444,133,755,21,0.03044862497446271,0.7970128454889676
16,1558641600,820,402,0,1222,21,-0.4757597652259798,1.906839830459771
16,1558656000,208,91,0,299,21,-0.4757597652259798,-0.28667260450393706
16,1558670400,43,13,0,56,21,-0.4757597652259798,-0.8641628771975244
16,1558684800,26,245,219,271,21,0.35777134344993683,-0.3532146935385891
16,1558699200,145,892,747,1037,21,2.3673805917644755,1.4671867421951057
16,1558713600,542,423,0,965,21,-0.4757597652259798,1.2960785132488577
16,1558728000,475,254,0,729,21,-0.4757597652259798,0.7352237628139335
16,1558742400,136,89,0,225,21,-0.4757597652259798,-0.4625338398098031
16,1558756800,46,16,0,62,21,-0.4757597652259798,-0.8499038581186703
16,1558771200,13,33,20,46,21,-0.39963820278982304,-0.8879279089956144
16,1558785600,77,110,33,187,21,-0.3501591872063211,-0.5528409606425452
16,1558800000,111,183,72,294,21,-0.20172214045581544,-0.29855512040298204
16,1558814400,137,163,26,300,21,-0.376801734058976,-0.284296101324128
16,1558828800,75,75,0,150,21,-0.4757597652259798,-0.6407715782954783
16,1558843200,22,15,0,37,21,-0.4757597652259798,-0.9093164376138954
16,1558857600,10,24,14,34,21,-0.4224746715206701,-0.9164459471533224
16,1558872000,71,89,18,160,21,-0.4072503590334387,-0.6170065464973882
16,1558886400,113,123,10,236,21,-0.4376989840079014,-0.4363923048319041
16,1558900800,117,122,5,239,21,-0.45672937461694063,-0.42926279529247713
16,1558915200,55,81,26,136,21,-0.376801734058976,-0.6740426228128042
16,1558929600,12,11,0,23,21,-0.4757597652259798,-0.9425874821312213
16,1558944000,12,38,26,50,21,-0.376801734058976,-0.8784218962763783
16,1558958400,55,106,51,161,21,-0.28164978101378,-0.6146300433175792
16,1558972800,112,142,30,254,21,-0.36157742157174466,-0.3936152475953421
16,1558987200,96,107,11,203,21,-0.4338929058860936,-0.5148169097656011
16,1559001600,74,65,0,139,22,-0.5219455079840072,-0.7925400045219168
16,1559016000,15,9,0,24,22,-0.5219455079840072,-1.0334593966699976
16,1559030400,38,316,278,354,22,0.3785030368181896,-0.342125488766809
16,1559044800,150,1117,967,1267,22,2.610190257568958,1.5705649897653464
16,1559059200,331,375,44,706,22,-0.3794284721160336,0.39529734632992564
16,1559073600,923,366,0,1289,22,-0.5219455079840072,1.6166539169588923
16,1559088000,177,99,0,276,22,-0.5219455079840072,-0.5055316851802899
16,1559102400,40,14,0,54,22,-0.5219455079840072,-0.9706108595878896
16,1559116800,38,361,323,399,22,0.5242590962286171,-0.2478526831436469
16,1559131200,179,1136,957,1315,22,2.5778000221444186,1.6711226490967193
16,1559145600,345,429,84,774,22,-0.24986753041787577,0.5377540303827039
16,1559160000,891,492,0,1383,22,-0.5219455079840072,1.8135793331494976
16,1559174400,228,117,0,345,22,-0.5219455079840072,-0.3609800498914414
16,1559188800,40,13,0,53,22,-0.5219455079840072,-0.9727058108239599
16,1559203200,27,295,268,322,22,0.34611280139365014,-0.4091639283210576
16,1559217600,172,1167,995,1339,22,2.7008829167576685,1.7214014787624057
16,1559232000,303,398,95,701,22,-0.21423827145088237,0.38482259014957426
16,1559246400,949,492,0,1441,22,-0.5219455079840072,1.935086504841573
16,1559260800,247,121,0,368,22,-0.5219455079840072,-0.3127961714618252
16,1559275200,42,22,0,64,22,-0.5219455079840072,-0.9496613472271869
16,1559289600,26,278,252,304,22,0.29428842471438704,-0.4468730505703224
16,1559304000,151,1102,951,1253,22,2.5583658808896947,1.5412356724603626
16,1559318400,346,395,49,741,22,-0.36323335440376386,0.46862063959238504
16,1559332800,715,358,0,1073,22,-0.5219455079840072,1.1641444499677143
16,1559347200,145,102,0,247,22,-0.5219455079840072,-0.5662852710263278
16,1559361600,52,20,0,72,22,-0.5219455079840072,-0.9329017373386248
16,1559376000,12,43,31,55,22,-0.42153577816793486,-0.9685159083518193
16,1559390400,79,88,9,167,22,-0.49279429610192166,-0.7338813699119492
16,1559404800,133,137,4,270,22,-0.5089894138141914,-0.5181013925967115
16,1559419200,150,131,0,281,22,-0.5219455079840072,-0.4950569289999386
16,1559433600,90,74,0,164,22,-0.5219455079840072,-0.74016622362016
16,1559448000,33,25,0,58,22,-0.5219455079840072,-0.9622310546436085
16,1559462400,11,24,13,35,22,-0.47983820193210586,-1.0104149330732246
16,1559476800,65,93,28,158,22,-0.4312528487952967,-0.7527359310365817
16,1559491200,103,138,35,241,22,-0.40857968399811906,-0.5788549784427494
16,1559505600,151,114,0,265,22,-0.5219455079840072,-0.5285761487770629
16,1559520000,58,57,0,115,22,-0.5219455079840072,-0.8428188341876032
16,1559534400,11,18,7,29,22,-0.49927234318682956,-1.0229846404896463
16,1559548800,26,328,302,354,22,0.4562396018370843,-0.342125488766809
16,1559563200,162,1111,949,1273,22,2.551887833804787,1.583134697181768
16,1559577600,261,388,127,649,22,-0.11058951809235612,0.2758851258739203
16,1559592000,910,400,0,1310,22,-0.5219455079840072,1.660647892916368
16,1559606400,171,79,0,250,23,-0.5434241049474737,-0.5946457815400721
16,1559620800,36,15,0,51,23,-0.5434241049474737,-1.0184944462264036
16,1559635200,25,342,317,367,23,0.4409498451573787,-0.34544832541795756
16,1559649600,162,1189,1027,1351,23,2.645699070944272,1.7503661773526464
16,1559664000,321,435,114,756,23,-0.18942211658169084,0.4830799688683889
16,1559678400,876,415,0,1291,23,-0.5434241049474737,1.6225726101105364
16,1559692800,179,114,0,293,23,-0.5434241049474737,-0.5030603916832266
16,1559707200,41,21,0,62,23,-0.5434241049474737,-0.99506562556535
16,1559721600,33,356,323,389,23,0.4595815287555778,-0.29859068409585054
16,1559736000,160,1207,1047,1367,23,2.707804682938269,1.7844444619505424
16,1559750400,316,409,93,725,23,-0.25463300917538767,0.4170532924599654
16,1559764800,897,407,0,1304,23,-0.5434241049474737,1.6502612163463268
16,1559779200,185,97,0,282,23,-0.5434241049474737,-0.52648921234428
16,1559793600,49,12,0,61,23,-0.5434241049474737,-0.9971955183527186
16,1559808000,32,338,306,370,23,0.40679175856068034,-0.33905864705585204
16,1559822400,161,1167,1006,1328,23,2.580488178350575,1.7013786432431708
16,1559836800,340,437,97,777,23,-0.24221188677658828,0.5278077174031274
16,1559851200,896,413,0,1309,23,-0.5434241049474737,1.6609106802831692
16,1559865600,185,127,0,312,23,-0.5434241049474737,-0.46259242872322504
16,1559880000,53,13,0,66,23,-0.5434241049474737,-0.9865460544158761
16,1559894400,34,310,276,344,23,0.31363334056968484,-0.39443585952743304
16,1559908800,145,1119,974,1264,23,2.48111919916018,1.565065504851587
16,1559923200,383,397,14,780,23,-0.49995017655167584,0.534197395765233
16,1559937600,701,355,0,1056,23,-0.5434241049474737,1.1220478050789389
16,1559952000,180,99,0,279,23,-0.5434241049474737,-0.5328788907063855
16,1559966400,42,28,0,70,23,-0.5434241049474737,-0.9780264832664021
16,1559980800,22,61,39,83,23,-0.42231816155917956,-0.9503378770306116
16,1559995200,64,141,77,205,23,-0.3043174987705853,-0.6904909569716545
16,1560009600,134,173,39,307,23,-0.42231816155917956,-0.47324189266006755
16,1560024000,153,178,25,331,23,-0.46579208995497745,-0.42212446576322354
16,1560038400,89,106,17,195,23,-0.4906343347525763,-0.7117898848453396
16,1560052800,32,21,0,53,23,-0.5434241049474737,-1.0142346606516666
16,1560067200,13,24,11,37,23,-0.5092660183507753,-1.0483129452495625
16,1560081600,59,109,50,168,23,-0.3881600749624812,-0.7692969901042891
16,1560096000,109,175,66,284,23,-0.3384755853672836,-0.5222294267695431
16,1560110400,119,132,13,251,23,-0.5030554571513757,-0.5925158887527036
16,1560124800,66,90,24,156,23,-0.46889737055467734,-0.7948557035527111
16,1560139200,7,6,0,13,23,-0.5434241049474737,-1.0994303721464065
16,1560153600,29,321,292,350,23,0.36331783016488245,-0.38165650280322205
16,1560168000,156,1162,1006,1318,23,2.580488178350575,1.6800797153694857
16,1560182400,285,382,97,667,23,-0.24221188677658828,0.2935195107925924
16,1560196800,924,380,0,1304,23,-0.5434241049474737,1.6502612163463268
16,1560211200,158,63,0,221,24,-0.6322987049425184,-0.9252377621538822
16,1560225600,35,17,0,52,24,-0.6322987049425184,-1.2667085868396097
16,1560240000,31,328,297,359,24,0.19075191025658156,-0.6464035976176076
16,1560254400,151,1189,1038,1340,24,2.244221626965447,1.3357436154989533
16,1560268800,318,397,79,715,24,-0.413372783727943,0.07290772538901391
16,1560283200,866,415,0,1281,24,-0.6322987049425184,1.2165319074725751
16,1560297600,184,118,0,302,24,-0.6322987049425184,-0.761574230795634
16,1560312000,50,26,0,76,24,-0.6322987049425184,-1.2182156886593882
16,1560326400,34,316,282,350,24,0.14918369736773812,-0.6645884344351907
16,1560340800,173,1171,998,1344,24,2.1333730592618645,1.3438257651956569
16,1560355200,328,426,98,754,24,-0.3607197140687413,0.15170868493187414
16,1560369600,932,443,0,1375,24,-0.6322987049425184,1.40646242534511
16,1560384000,188,120,0,308,24,-0.6322987049425184,-0.7494510062505786
16,1560398400,41,14,0,55,24,-0.6322987049425184,-1.260646974567082
16,1560412800,35,330,295,365,24,0.18520948187140243,-0.6342803730725521
16,1560427200,193,1263,1070,1456,24,2.332900481128313,1.570125956703358
16,1560441600,319,451,132,770,24,-0.2664984315206962,0.18403728371868858
16,1560456000,915,413,0,1328,24,-0.6322987049425184,1.3114971664088424
16,1560470400,199,129,0,328,24,-0.6322987049425184,-0.7090402577670606
16,1560484800,44,16,0,60,24,-0.6322987049425184,-1.2505442874462025
16,1560499200,22,290,268,312,24,0.11038669867148425,-0.741368856553875
16,1560513600,179,1071,892,1250,24,1.839624354847371,1.153895247323122
16,1560528000,375,402,27,777,24,-0.5574759217426002,0.19818104568791992
16,1560542400,725,391,0,1116,24,-0.6322987049425184,0.8831432324835511
16,1561161600,8778,6767,0,15545,25,-0.43887227445360744,4.100824093437665
16,1561176000,49,22,0,71,25,-0.43887227445360744,-0.32137861047413846
16,1561190400,14,54,40,68,25,-0.2717712498070726,-0.32223595880758393
16,1561204800,83,169,86,252,25,-0.07960507146355757,-0.2696519276895943
16,1561219200,142,197,55,339,25,-0.20910836556462203,-0.24478882601967528
16,1561233600,176,208,32,384,25,-0.30519145473637954,-0.23192860101799304
16,1561248000,103,122,19,225,25,-0.35949928774650336,-0.27736806269060366
16,1561262400,23,32,9,55,25,-0.40127454390813705,-0.32595113491918104
16,1561276800,11,34,23,45,25,-0.3427891852818499,-0.3288089626973327
16,1561291200,63,110,47,173,25,-0.242528570493929,-0.29222876713699203
16,1561305600,116,184,68,300,25,-0.15480053255449822,-0.25593435435446654
16,1561320000,123,142,19,265,25,-0.35949928774650336,-0.2659367515779972
16,1561334400,76,103,27,179,25,-0.3260790828171964,-0.2905140704701011
16,1561348800,12,9,0,21,25,-0.43887227445360744,-0.3356677493648965
16,1561363200,31,346,315,377,25,0.8770482946378543,-0.23392908046269917
16,1561377600,128,1176,1048,1304,25,3.9391745712856046,0.030991554571955224
16,1561392000,277,380,103,657,25,-0.008587135988780267,-0.15390990267445404
16,1561406400,888,372,0,1260,25,-0.43887227445360744,0.018417112348088134
16,1561420800,162,94,0,256,26,-0.541478463992673,-0.5709669804923763
16,1561435200,44,10,0,54,26,-0.541478463992673,-1.0055308867000843
16,1561449600,31,335,304,366,26,0.4162160959544733,-0.33432326919114924
16,1561464000,166,1189,1023,1355,26,2.6812897426715723,1.7933188260535198
16,1561478400,299,379,80,678,26,-0.28945357979605557,0.3368843483177858
16,1561492800,916,386,0,1302,26,-0.541478463992673,1.6792995833356559
16,1561507200,187,92,0,279,26,-0.541478463992673,-0.5214869317657561
16,1561521600,38,9,0,47,26,-0.541478463992673,-1.0205900319647079
16,1561536000,38,317,279,355,26,0.3374583196430303,-0.35798764032127195
16,1561550400,157,1225,1068,1382,26,2.8230537400321696,1.8514041006456392
16,1561564800,322,428,106,750,26,-0.2075454924321549,0.4917784138967708
16,1561579200,903,403,0,1306,26,-0.541478463992673,1.687904809201155
16,1561593600,195,138,0,333,26,-0.541478463992673,-0.40531638258151736
16,1561608000,40,13,0,53,26,-0.541478463992673,-1.007682193166459
16,1561622400,30,350,320,380,26,0.4666210727937967,-0.30420497866190216
16,1561636800,170,1130,960,1300,26,2.4828201463667363,1.6749969704029062
16,1561651200,298,443,145,741,26,-0.08468336138630389,0.47241665569939767
16,1561665600,922,424,0,1346,26,-0.541478463992673,1.7739570678561467
16,1561680000,198,118,0,316,26,-0.541478463992673,-0.4418885925098888
16,1561694400,40,11,0,51,26,-0.541478463992673,-1.0119848060992087
16,1561708800,24,279,255,303,26,0.2618508543840451,-0.4698555765727611
16,1561723200,154,1058,904,1212,26,2.306402727429104,1.4856820013619245
16,1561737600,401,411,10,812,26,-0.5099753534680959,0.6251594148120079
16,1561752000,696,321,0,1017,26,-0.541478463992673,1.06617724041884
16,1561766400,155,118,0,273,26,-0.541478463992673,-0.5343947705640049
16,1561780800,38,29,0,67,26,-0.541478463992673,-0.9775639026372119
16,1561795200,13,55,42,68,26,-0.4091653997894488,-0.9754125961708372
16,1561809600,66,111,45,177,26,-0.39971446663207566,-0.7409201913359849
16,1561824000,134,188,54,322,26,-0.3713616671599562,-0.4289807537116401
16,1561838400,135,166,31,301,26,-0.4438188213664837,-0.4741581895055107
16,1561852800,93,90,0,183,26,-0.541478463992673,-0.7280123525377361
16,1561867200,32,29,0,61,26,-0.541478463992673,-0.9904717414354607
16,1561881600,17,23,6,40,26,-0.5225765976779266,-1.0356491772293313
16,1561896000,82,106,24,188,26,-0.46587099873368776,-0.7172558202058622
16,1561910400,104,199,95,303,26,-0.24219891400918978,-0.4698555765727611
16,1561924800,94,166,72,260,26,-0.3146560682157173,-0.5623617546268771
16,1561939200,68,84,16,152,26,-0.4910734871533495,-0.7947028529953547
16,1561953600,9,13,4,22,26,-0.5288772197828421,-1.0743726936240776
16,1561968000,26,319,293,345,26,0.38156267437743835,-0.37950070498501987
16,1561982400,133,1162,1029,1295,26,2.7001916089863185,1.6642404380710323
16,1561996800,285,339,54,624,26,-0.3713616671599562,0.22071379913354705
16,1562011200,873,351,0,1224,26,-0.541478463992673,1.511497678958422
16,1562025600,163,97,0,260,27,-0.4720883057943752,-0.28662664798574955
16,1562040000,41,13,0,54,27,-0.4720883057943752,-0.8330994902891223
16,1562054400,35,319,284,354,27,0.7257566870827376,-0.03726525392498725
16,1562068800,155,1130,975,1285,27,3.6402316521464173,2.432473659591712
16,1562083200,303,360,57,663,27,-0.23167575440706736,0.7824440095300719
16,1562097600,893,373,0,1266,27,-0.4720883057943752,2.3820708246219833
16,1562112000,158,110,0,268,27,-0.4720883057943752,-0.26540440168270596
16,1562126400,35,16,0,51,27,-0.4720883057943752,-0.8410578326527637
16,1562140800,37,298,261,335,27,0.6287481137159291,-0.0876680888947158
16,1562155200,177,934,757,1111,27,2.72075908719145,1.9708898025005135
16,1562169600,557,342,0,899,27,-0.4720883057943752,1.4085002754698581
16,1562184000,538,270,0,808,27,-0.4720883057943752,1.167097223772737
16,1562198400,138,104,0,242,27,-0.4720883057943752,-0.3343767021675977
16,1562212800,23,15,0,38,27,-0.4720883057943752,-0.8755439828952095
16,1562227200,16,39,23,55,27,-0.3750797324275668,-0.8304467095012419
16,1562241600,66,86,20,152,27,-0.38773302460584613,-0.5731269730768382
16,1562256000,81,101,20,182,27,-0.38773302460584613,-0.49354354944042467
16,1562270400,94,80,0,174,27,-0.4720883057943752,-0.5147657957434683
16,1562284800,70,166,96,236,27,-0.06718295608943567,-0.3502933868948804
16,1562299200,6,25,19,31,27,-0.3919507886652726,-0.8941134484103727
16,1562313600,22,150,128,172,27,0.06778549381221086,-0.5200713573192292
16,1562328000,108,425,317,533,27,0.8649429010438106,0.43758250710561336
16,1562342400,251,209,0,460,27,-0.4720883057943752,0.2439295095903405
16,1562356800,338,197,0,535,27,-0.4720883057943752,0.44288806868137426
16,1562371200,98,97,0,195,27,-0.4720883057943752,-0.45905739919797883
16,1562385600,30,19,0,49,27,-0.4720883057943752,-0.8463633942285246
16,1562400000,21,43,22,64,27,-0.37929749648699324,-0.8065716824103178
16,1562414400,57,152,95,209,27,-0.07140072014886212,-0.42191846816765255
16,1562428800,92,170,78,262,27,-0.14310270915911183,-0.28132108640998865
16,1562443200,101,137,36,238,27,-0.3202487996550229,-0.3449878253191195
16,1562457600,58,70,12,128,27,-0.4214751370812578,-0.636793711985969
16,1562472000,17,11,0,28,27,-0.4720883057943752,-0.902071790774014
16,1562486400,12,26,14,38,27,-0.4130396089624049,-0.8755439828952095
16,1562500800,51,94,43,145,27,-0.29072445123903773,-0.5916964385920014
16,1562515200,77,116,39,193,27,-0.3075955074767435,-0.46436296077373973
16,1562529600,83,117,34,200,27,-0.3286843277738758,-0.4457934952585766
16,1562544000,52,60,8,112,27,-0.4383461933189636,-0.6792382045920562
16,1562558400,11,11,0,22,27,-0.4720883057943752,-0.9179884755012967
16,1562572800,32,330,298,362,27,0.7848053839147079,-0.016043007621943647
16,1562587200,150,1133,983,1283,27,3.6739737646218287,2.427168098015951
16,1562601600,247,329,82,576,27,-0.126231652921406,0.5516520809844727
16,1562616000,871,319,0,1190,27,-0.4720883057943752,2.180459484743069
16,1562630400,160,75,0,235,28,-0.5733607916447069,-0.6248611253135852
16,1562644800,32,10,0,42,28,-0.5733607916447069,-1.0264407877088852
16,1562659200,39,358,319,397,28,0.44451225545424394,-0.2877838957382555
16,1562673600,176,1164,988,1340,28,2.57917391222289,1.6743384961724594
16,1562688000,303,514,211,817,28,0.09990319875616657,0.5861200327903768
16,1562702400,944,396,0,1340,28,-0.5733607916447069,1.6743384961724594
16,1562716800,193,106,0,299,28,-0.5733607916447069,-0.4916948123949364
16,1562731200,36,14,0,50,28,-0.5733607916447069,-1.0097949985940542
16,1562745600,38,358,320,396,28,0.44770308005330023,-0.2898646193776094
16,1562760000,163,1144,981,1307,28,2.5568381400294964,1.6056746160737814
16,1562774400,286,435,149,721,28,-0.0979279263853223,0.3863705634124038
16,1562788800,999,427,0,1426,28,-0.5733607916447069,1.8532807291568938
16,1562803200,187,124,0,311,28,-0.5733607916447069,-0.46672612872268976
16,1562817600,46,15,0,61,28,-0.5733607916447069,-0.9869070385611614
16,1562832000,43,328,285,371,28,0.3360242190863307,-0.34188271036145657
16,1562846400,170,1239,1069,1409,28,2.837630704746448,1.8179084272878778
16,1562860800,311,424,113,735,28,-0.21279761195134808,0.4155006943633582
16,1562875200,984,403,0,1387,28,-0.5733607916447069,1.7721325072220921
16,1562889600,162,111,0,273,28,-0.5733607916447069,-0.5457936270181374
16,1562904000,42,13,0,55,28,-0.5733607916447069,-0.9993913803972847
16,1562918400,31,297,266,328,28,0.27539855170426153,-0.4313538268536737
16,1562932800,156,1116,960,1272,28,2.4898308234493145,1.5328492886963954
16,1562947200,404,405,1,809,28,-0.5701699670456506,0.5694742436755458
16,1562961600,720,350,0,1070,28,-0.5733607916447069,1.1125431135469102
16,1562976000,156,108,0,264,28,-0.5733607916447069,-0.5645201397723224
16,1562990400,44,31,0,75,28,-0.5733607916447069,-0.957776907610207
16,1563004800,21,57,36,78,28,-0.45849110607868104,-0.9515347366921453
16,1563019200,76,181,105,257,28,-0.23832420874379825,-0.5790852052477996
16,1563033600,109,173,64,282,28,-0.36914801730510544,-0.5270671142639525
16,1563048000,138,237,99,375,28,-0.2574691563381359,-0.333559815804041
16,1563062400,108,156,48,264,28,-0.4202012108900058,-0.5645201397723224
16,1563076800,25,26,1,51,28,-0.5701699670456506,-1.0077142749547003
16,1563091200,13,35,22,48,28,-0.5031626504654688,-1.013956445872762
16,1563105600,55,95,40,150,28,-0.44572780768245596,-0.8017226346586654
16,1563120000,98,134,36,232,28,-0.45849110607868104,-0.6311032962316467
16,1563134400,82,140,58,222,28,-0.38829296489944304,-0.6519105326251856
16,1563148800,54,79,25,133,28,-0.4935901766683,-0.8370949365276815
16,1563163200,15,9,0,24,28,-0.5733607916447069,-1.0638938132172553
16,1563177600,27,329,302,356,28,0.3902682372702873,-0.3730935649517648
16,1563192000,162,1114,952,1276,28,2.464304226656864,1.5411721832538108
16,1563206400,268,365,97,633,28,-0.26385080553624846,0.20326688314926172
16,1563220800,974,338,0,1312,28,-0.5733607916447069,1.6160782342705506
16,1563235200,176,84,0,260,29,-0.49833817997678065,-0.482830738718136
16,1563249600,45,11,0,56,29,-0.49833817997678065,-0.9062274474651063
16,1563264000,40,328,288,368,29,0.427877926897048,-0.2586795399697399
16,1563278400,190,1211,1021,1401,29,2.7852265600168966,1.8852851665774188
16,1563279642,20,31,11,51,29,-0.4629618703392386,-0.9166048177775321
16,1563291849,280,315,35,595,29,-0.38577719476641953,0.2124530722143889
16,1563292800,36,40,4,76,29,-0.4854740673813108,-0.8647179662154033
16,1563307200,926,397,0,1323,29,-0.49833817997678065,1.7233981897035773
16,1563321600,187,123,0,310,29,-0.49833817997678065,-0.37905703559387854
16,1563336000,48,15,0,63,29,-0.49833817997678065,-0.8916991290277103
16,1563350400,50,318,268,368,29,0.36355736391969884,-0.2586795399697399
16,1563364800,173,1208,1035,1381,29,2.830250954101041,1.8437756853277159
16,1563379200,330,425,95,755,29,-0.1928155058343719,0.5445289222120127
16,1563393600,978,405,0,1383,29,-0.49833817997678065,1.8479266334526863
16,1563408000,181,90,0,271,29,-0.49833817997678065,-0.46000052403079933
16,1563422400,46,10,0,56,29,-0.49833817997678065,-0.9062274474651063
16,1563436800,36,333,297,369,29,0.45682218023685517,-0.25660406590725476
16,1563451200,173,1246,1073,1419,29,2.9524600237580048,1.9226436997021514
16,1563465600,282,373,91,655,29,-0.20567961842984173,0.33698151596349785
16,1563480000,913,372,0,1285,29,-0.49833817997678065,1.6445301753291415
16,1563494400,184,98,0,282,29,-0.49833817997678065,-0.4371703093434627
16,1563508800,49,12,0,61,29,-0.49833817997678065,-0.8958500771526806
16,1563523200,30,282,252,312,29,0.31210091353781944,-0.37490608746890824
16,1563537600,151,1009,858,1160,29,2.2610139717515008,1.385095917518498
16,1563552000,447,355,0,802,29,-0.49833817997678065,0.6420762031488148
16,1563566400,785,425,0,1210,29,-0.49833817997678065,1.4888696206427554
16,1563580800,139,85,0,224,29,-0.49833817997678065,-0.5575478049676014
16,1563595200,46,16,0,62,29,-0.49833817997678065,-0.8937746030901954
16,1563609600,17,45,28,62,29,-0.4082893918084918,-0.8937746030901954
16,1563624000,69,100,31,169,29,-0.39864130736188935,-0.6716988784042845
16,1563638400,94,143,49,237,29,-0.3407528006822751,-0.5305666421552944
16,1563652800,118,153,35,271,29,-0.38577719476641953,-0.46000052403079933
16,1563667200,74,60,0,134,29,-0.49833817997678065,-0.7443404705912647
16,1563681600,23,19,0,42,29,-0.49833817997678065,-0.9352840843398984
16,1563696000,13,21,8,34,29,-0.472609954785841,-0.9518878768397796
16,1563710400,72,83,11,155,29,-0.4629618703392386,-0.7007555152790765
16,1563724800,80,107,27,187,29,-0.41150541995735923,-0.6343403452795519
16,1563739200,91,96,5,187,29,-0.48225803923244337,-0.6343403452795519
16,1563753600,64,59,0,123,29,-0.49833817997678065,-0.7671706852786013
16,1563768000,6,9,3,15,29,-0.4886900955301783,-0.9913218840269974
16,1563782400,39,335,296,374,29,0.4536061520879877,-0.246226695594829
16,1563796800,168,1110,942,1278,29,2.531160336256367,1.6300018568917456
16,1563811200,271,326,55,597,29,-0.3214566317890703,0.2166040203393592
16,1563825600,917,336,0,1253,29,-0.49833817997678065,1.578115005329617
16,1563840000,154,85,0,239,30,-0.4962213688947438,-0.6366122260392574
16,1563854400,38,10,0,48,30,-0.4962213688947438,-1.0528566858393165
16,1563868800,36,296,260,332,30,0.3076263314954954,-0.43393822205284127
16,1563883200,143,1193,1050,1336,30,2.750086651911991,1.754069304854275
16,1563897600,277,372,95,649,30,-0.2025077860598487,0.2568968237933299
16,1563912000,961,394,0,1355,30,-0.4962213688947438,1.7954758217977362
16,1563926400,179,91,0,270,30,-0.4962213688947438,-0.569054224710452
16,1563940800,39,18,0,57,30,-0.4962213688947438,-1.0332430725503083
16,1563955200,32,323,291,355,30,0.4034697111574085,-0.38381454364759854
16,1563969600,152,1203,1051,1355,30,2.753178373836569,1.7954758217977362
16,1563984000,302,405,103,707,30,-0.17777401066322596,0.3832956649891593
16,1563998400,1007,393,0,1400,30,-0.4962213688947438,1.8935438882427764
16,1564012800,196,107,0,303,30,-0.4962213688947438,-0.497137642650756
16,1564027200,38,18,0,56,30,-0.4962213688947438,-1.0354223629157537
16,1564041600,37,309,272,346,30,0.3447269945904295,-0.40342815693660655
16,1564056000,162,1179,1017,1341,30,2.6480598284009225,1.7649657566815016
16,1564070400,339,376,37,715,30,-0.3818276576853636,0.40072998791272196
16,1564084800,926,379,0,1305,30,-0.4962213688947438,1.6865113035254695
16,1564099200,199,100,0,299,30,-0.4962213688947438,-0.5058548041125374
16,1564113600,46,18,0,64,30,-0.4962213688947438,-1.017988039992191
16,1564128000,30,276,246,306,30,0.26434222455140555,-0.49059977155441997
16,1564142400,120,1044,924,1164,30,2.3605296894151833,1.3792313619976773
16,1564156800,436,350,0,786,30,-0.4962213688947438,0.5554596038593408
16,1564171200,733,293,0,1026,30,-0.4962213688947438,1.0784892915662212
16,1564185600,159,93,0,252,30,-0.4962213688947438,-0.608281451288468
16,1564200000,82,25,0,107,30,-0.4962213688947438,-0.9242785542780416
16,1564214400,33,47,14,80,30,-0.452937261950654,-0.9831193941450657
16,1564228800,123,126,3,249,30,-0.4869462031210103,-0.6148193223848041
16,1564243200,214,190,0,404,30,-0.4962213688947438,-0.27702931574077716
16,1564257600,220,197,0,417,30,-0.4962213688947438,-0.2486985409899878
16,1564272000,137,95,0,232,30,-0.4962213688947438,-0.6518672585973747
16,1564286400,40,33,0,73,30,-0.4962213688947438,-0.998374426703183
16,1564300800,33,21,0,54,30,-0.4962213688947438,-1.0397809436466443
16,1564315200,90,102,12,192,30,-0.4591207057998097,-0.7390388732151881
16,1564329600,174,163,0,337,30,-0.4962213688947438,-0.42304177022561457
16,1564344000,183,178,0,361,30,-0.4962213688947438,-0.37073880145492655
16,1564358400,121,79,0,200,30,-0.4962213688947438,-0.7216045502916255
16,1564372800,17,19,2,36,30,-0.49003792504558813,-1.0790081702246603
16,1564387200,32,325,293,357,30,0.4096531550065642,-0.3794559629167079
16,1564401600,145,1135,990,1280,30,2.5645833364373205,1.6320290443893362
16,1564416000,276,357,81,633,30,-0.24579189300393853,0.22202817794620452
16,1564430400,920,309,0,1229,30,-0.4962213688947438,1.520885235751624
16,1564444800,172,102,0,274,31,-0.6240897021920718,-0.8072314382484462
16,1564459200,40,12,0,52,31,-0.6240897021920718,-1.2713437834505312
16,1564473600,38,342,304,380,31,0.2598859272378168,-0.5856282463951985
16,1564488000,165,1192,1027,1357,31,2.362235861704295,1.4568841917238873
16,1564502400,279,364,85,643,31,-0.3769254637001622,-0.035801459061196875
16,1564516800,950,381,0,1331,31,-0.6240897021920718,1.4025286918353548
16,1564531200,206,98,0,304,31,-0.6240897021920718,-0.744513553761678
16,1564545600,47,13,0,60,31,-0.6240897021920718,-1.2546190142540599
16,1564560000,34,341,307,375,31,0.26860937094929593,-0.5960812271429932
16,1564574400,175,1147,972,1322,31,2.202306060327177,1.3837133264893244
16,1564588800,307,375,68,682,31,-0.42635831139854413,0.045731790771601846
16,1564603200,1043,383,0,1426,31,-0.6240897021920718,1.6011353260434542
16,1564617600,191,108,0,299,31,-0.6240897021920718,-0.7549665345094727
16,1564632000,39,22,0,61,31,-0.6240897021920718,-1.2525284181045009
16,1564646400,31,327,296,358,31,0.23662341067387233,-0.6316213616854952
16,1564660800,166,1144,978,1310,31,2.2197529477501354,1.3586261726946172
16,1564675200,305,373,68,678,31,-0.42635831139854413,0.03736940617336608
16,1564689600,946,339,0,1285,31,-0.6240897021920718,1.3063612689556436
16,1564704000,189,110,0,299,31,-0.6240897021920718,-0.7549665345094727
16,1564718400,46,28,0,74,31,-0.6240897021920718,-1.2253506681602346
16,1564732800,35,284,249,319,31,0.09995612586069876,-0.713154611518294
16,1564747200,152,949,797,1101,31,1.6934385104908927,0.9216915774367983
16,1564761600,416,362,0,778,31,-0.6240897021920718,0.24642902112926024
16,1564776000,775,300,0,1075,31,-0.6240897021920718,0.8673360775482658
16,1565395200,8845,9941,1096,18786,32,3.0162339570757672,4.109462467998153
16,1565409600,68,42,0,110,32,-0.42331884669248343,-0.3014169140565447
16,1565424000,33,56,23,89,32,-0.3511384502630402,-0.30637667348164366
16,1565438400,135,147,12,282,32,-0.3856595094249478,-0.2607941225747816
16,1565452800,235,170,0,405,32,-0.42331884669248343,-0.23174410308491608
16,1565467200,234,167,0,401,32,-0.42331884669248343,-0.2326888191658873
16,1565481600,140,103,0,243,32,-0.42331884669248343,-0.2700051043642511
16,1565496000,40,17,0,57,32,-0.42331884669248343,-0.31393440212941354
16,1565510400,26,18,0,44,32,-0.42331884669248343,-0.3170047293925701
16,1565524800,113,99,0,212,32,-0.42331884669248343,-0.2773266539917782
16,1565539200,171,136,0,307,32,-0.42331884669248343,-0.2548896470687113
16,1565553600,171,167,0,338,32,-0.42331884669248343,-0.24756809744118427
16,1565568000,109,68,0,177,32,-0.42331884669248343,-0.2855929197002765
16,1565582400,21,13,0,34,32,-0.42331884669248343,-0.3193665195949981
16,1565596800,44,330,286,374,32,0.4742286915171149,-0.23906565271244315
16,1565611200,147,1077,930,1224,32,2.495279791541525,-0.03831348550605564
16,1565625600,265,346,81,611,32,-0.16911832013661815,-0.18309122491489746
16,1565640000,884,374,0,1258,32,-0.42331884669248343,-0.030283398817800143
16,1565654400,157,102,0,259,33,-0.5290630397385881,-0.529331236237338
16,1565668800,53,23,0,76,33,-0.5290630397385881,-0.9407418825838018
16,1565683200,49,323,274,372,33,0.4449343144946021,-0.2752907824824178
16,1565697600,186,1138,952,1324,33,2.855044555991328,1.8649438367625737
16,1565712000,282,381,99,663,33,-0.17714428766163257,0.37891958957671307
16,1565726400,933,387,0,1320,33,-0.5290630397385881,1.8559512543287713
16,1565740800,165,99,0,264,33,-0.5290630397385881,-0.5180905081950848
16,1565755200,47,16,0,63,33,-0.5290630397385881,-0.9699677754936598
16,1565769600,45,334,289,379,33,0.49825533753656503,-0.25955376322326346
16,1565784000,173,1084,911,1257,33,2.709300426343296,1.714318080996382
16,1565798400,284,369,85,653,33,-0.22691057583413132,0.3564381334922068
16,1565812800,944,359,0,1303,33,-0.5290630397385881,1.8177327789851108
16,1565827200,186,107,0,293,33,-0.5290630397385881,-0.4528942855500169
16,1565841600,46,12,0,58,33,-0.5290630397385881,-0.9812085035359129
16,1565856000,46,306,260,352,33,0.3951680263221033,-0.3202536946514302
16,1565870400,161,1079,918,1240,33,2.7341835704295456,1.6760996056527215
16,1565884800,289,381,92,670,33,-0.20202743174788196,0.3946566088358674
16,1565899200,927,363,0,1290,33,-0.5290630397385881,1.7885068860752527
16,1565913600,176,114,0,290,33,-0.5290630397385881,-0.45963872237536874
16,1565928000,42,17,0,59,33,-0.5290630397385881,-0.9789603579274623
16,1565942400,26,266,240,292,33,0.32407332893281937,-0.4551424311584675
16,1565956800,143,896,753,1039,33,2.1476523169679527,1.2242223383541466
16,1565971200,432,314,0,746,33,-0.5290630397385881,0.5655156750781146
16,1565985600,699,324,0,1023,33,-0.5290630397385881,1.1882520086189368
16,1566000000,137,94,0,231,33,-0.5290630397385881,-0.5922793132739554
16,1566014400,46,24,0,70,33,-0.5290630397385881,-0.9542307562345055
16,1566028800,18,54,36,72,33,-0.40109258443787704,-0.9497344650176042
16,1566043200,86,133,47,219,33,-0.3619905008737709,-0.6192570605753629
16,1566057600,130,171,41,301,33,-0.383318910090556,-0.4349091206824119
16,1566072000,111,166,55,277,33,-0.3335526219180573,-0.4888646152852268
16,1566086400,78,82,4,160,33,-0.5148441002607314,-0.7518976514739495
16,1566100800,25,25,0,50,33,-0.5290630397385881,-0.9991936684035179
16,1566115200,17,24,7,41,33,-0.5041798956523388,-1.0194269788795736
16,1566129600,66,90,24,156,33,-0.44374940287144743,-0.760890233907752
16,1566144000,113,130,17,243,33,-0.4686325469576968,-0.565301565972548
16,1566158400,109,125,16,234,33,-0.472187281827161,-0.5855348764486036
16,1566172800,57,64,7,121,33,-0.5041798956523388,-0.8395753302035237
16,1566187200,13,13,0,26,33,-0.5290630397385881,-1.0531491630063328
16,1566201600,30,270,240,300,33,0.32407332893281937,-0.43715726629086255
16,1566216000,153,1008,855,1161,33,2.510235273653301,1.4984961025851224
16,1566230400,269,298,29,567,33,-0.4259757285241264,0.16309761116545338
16,1566244800,939,314,0,1253,33,-0.5290630397385881,1.7053254985625796
16,1566259200,161,88,0,249,34,-0.5142617786937453,-0.5268492257142202
16,1566273600,48,13,0,61,34,-0.5142617786937453,-0.9567346743284066
16,1566288000,39,307,268,346,34,0.4617170749526544,-0.30504662722711334
16,1566302400,161,1045,884,1206,34,2.705011753483185,1.6614506377101226
16,1566316800,300,350,50,650,34,-0.3321761716701633,0.3900872896809328
16,1566331200,922,362,0,1284,34,-0.5142617786937453,1.8398073663904764
16,1566345600,155,94,0,249,34,-0.5142617786937453,-0.5268492257142202
16,1566360000,36,14,0,50,34,-0.5142617786937453,-0.9818875463217899
16,1566374400,34,302,268,336,34,0.4617170749526544,-0.3279128744938254
16,1566388800,196,1058,862,1254,34,2.6248940863928087,1.7712086245903402
16,1566403200,312,351,39,663,34,-0.3722350052153513,0.41981341112765846
16,1566417600,935,362,0,1297,34,-0.5142617786937453,1.869533487837202
16,1566432000,177,98,0,275,34,-0.5142617786937453,-0.46739698282076886
16,1566446400,40,12,0,52,34,-0.5142617786937453,-0.9773142968684475
16,1566460800,40,309,269,349,34,0.46535878709312606,-0.29818675304709974
16,1566475200,170,1025,855,1195,34,2.5994021014095074,1.6362977657167392
16,1566489600,273,385,112,658,34,-0.10639001896092153,0.40838028749430244
16,1566504000,893,331,0,1224,34,-0.5142617786937453,1.702609882790204
16,1566518400,157,129,0,286,34,-0.5142617786937453,-0.44224411082738563
16,1566532800,42,13,0,55,34,-0.5142617786937453,-0.9704544226884338
16,1566547200,31,272,241,303,34,0.3633908471599201,-0.40337149047397514
16,1566561600,160,934,774,1094,34,2.3044234180313046,1.4053486683229477
16,1566576000,391,323,0,714,34,-0.5142617786937453,0.5364312721878899
16,1566590400,689,262,0,951,34,-0.5142617786937453,1.0783613324089654
16,1566604800,124,91,0,215,34,-0.5142617786937453,-0.6045944664210411
16,1566619200,44,23,0,67,34,-0.5142617786937453,-0.9430149259683794
16,1566633600,18,45,27,63,34,-0.415935550901011,-0.9521614248750642
16,1566648000,74,123,49,197,34,-0.3358178838106349,-0.6457537115011228
16,1566662400,134,148,14,282,34,-0.4632778087271423,-0.4513906097340704
16,1566676800,144,138,0,282,34,-0.5142617786937453,-0.4513906097340704
16,1566691200,80,73,0,153,34,-0.5142617786937453,-0.7463651994746558
16,1566705600,24,15,0,39,34,-0.5142617786937453,-1.007040418315173
16,1566720000,11,23,12,34,34,-0.4705612330080856,-1.0184735419485291
16,1566734400,56,78,22,134,34,-0.4341441116033692,-0.7898110692814087
16,1566748800,110,133,23,243,34,-0.43050239946289753,-0.5405689740742474
16,1566763200,100,135,35,235,34,-0.38680185377723786,-0.5588619718876171
16,1566777600,52,67,15,119,34,-0.45963609658667065,-0.8241104401814767
16,1566792000,13,12,0,25,34,-0.5142617786937453,-1.0390531644885699
16,1566806400,35,243,208,278,34,0.24321434652435597,-0.46053710864075525
16,1566820800,162,1062,900,1224,34,2.763279147730731,1.702609882790204
16,1566835200,263,267,4,530,34,-0.49969493013185873,0.11569232248038827
16,1566849600,888,326,0,1214,34,-0.5142617786937453,1.679743635523492
16,1566864000,144,66,0,210,35,-0.46050767131805037,-0.46037040811795177
16,1566878400,26,14,0,40,35,-0.46050767131805037,-0.8952222025301988
16,1566892800,39,293,254,332,35,0.6258912312960497,-0.14830029683386858
16,1566907200,155,1013,858,1168,35,3.2092964957799732,1.9901473509816523
16,1566921600,293,348,55,641,35,-0.22526381445279245,0.6421067883036864
16,1566936000,880,353,0,1233,35,-0.46050767131805037,2.1564142135510407
16,1566950400,170,108,0,278,35,-0.46050767131805037,-0.28642969035305293
16,1566964800,36,14,0,50,35,-0.46050767131805037,-0.8696426852118313
16,1566979200,33,266,233,299,35,0.5360708495838604,-0.23271270398448124
16,1566993600,151,1022,871,1173,35,3.2648995892208523,2.0029371096408357
16,1567008000,302,387,85,689,35,-0.09694898343537904,0.7648884714318502
16,1567022400,898,332,0,1230,35,-0.46050767131805037,2.1487403583555307
16,1567036800,167,84,0,251,35,-0.46050767131805037,-0.35549438711264514
16,1567051200,41,13,0,54,35,-0.46050767131805037,-0.8594108782844844
16,1567065600,30,267,237,297,35,0.5531794937195155,-0.23782860744815473
16,1567080000,155,972,817,1127,35,3.0339328933895082,1.8852713299763455
16,1567094400,305,326,21,631,35,-0.37068728960586095,0.6165272709853189
16,1567108800,838,365,0,1203,35,-0.46050767131805037,2.0796756615959384
16,1567123200,180,106,0,286,35,-0.46050767131805037,-0.26596607649835896
16,1567137600,45,28,0,73,35,-0.46050767131805037,-0.8108097953795861
16,1567152000,27,224,197,251,35,0.3820930523629643,-0.35549438711264514
16,1567166400,147,770,623,917,35,2.204163652810235,1.3481014662906285
16,1567180800,485,303,0,788,35,-0.46050767131805037,1.0181256928836881
16,1567195200,481,237,0,718,35,-0.46050767131805037,0.8390690716551159
16,1567209600,120,79,0,199,35,-0.46050767131805037,-0.48850787716815597
16,1567224000,32,24,0,56,35,-0.46050767131805037,-0.8542949748208108
16,1567238400,11,37,26,48,35,-0.34930148443629205,-0.8747585886755048
16,1567252800,72,86,14,158,35,-0.4006274168432574,-0.5933838981734626
16,1567267200,97,129,32,226,35,-0.32363851823280937,-0.4194431804085638
16,1567281600,120,126,6,246,35,-0.4348447051145677,-0.36828414577182883
16,1567296000,73,76,3,149,35,-0.447676188216309,-0.6164054637599934
16,1567310400,18,19,1,37,35,-0.4562305102841366,-0.902896057725709
16,1567324800,10,26,16,36,35,-0.39207309477542984,-0.9054540094575458
16,1567339200,60,83,23,143,35,-0.3621329675380334,-0.6317531741510138
16,1567353600,96,110,14,206,35,-0.4006274168432574,-0.47060221504529876
16,1567368000,109,114,5,223,35,-0.4391218661484814,-0.42711703560407405
16,1567382400,52,59,7,111,35,-0.4305675440806539,-0.7136076295697897
16,1567396800,18,21,3,39,35,-0.447676188216309,-0.8977801542620355
16,1567411200,8,35,27,43,35,-0.34502432340237826,-0.8875483473346886
16,1567425600,52,108,56,160,35,-0.22098665341887866,-0.5882679947097891
16,1567440000,78,107,29,185,35,-0.33647000133455074,-0.5243192014138705
16,1567454400,83,92,9,175,35,-0.4220132220128263,-0.549898718732238
16,1567468800,49,58,9,107,36,-0.48573636239252094,-0.8540506737264759
16,1567483200,12,7,0,19,36,-0.5160247729805072,-1.046079587833609
16,1567497600,40,305,265,345,36,0.375800649887978,-0.33469974693672944
16,1567512000,142,1027,885,1169,36,2.4623356015048112,1.4633891760664264
16,1567526400,267,313,46,580,36,-0.36121734108635506,0.1781047395993648
16,1567540800,856,339,0,1195,36,-0.5160247729805072,1.5201249915980795
16,1567555200,162,93,0,255,36,-0.5160247729805072,-0.5310929545462975
16,1567569600,41,15,0,56,36,-0.5160247729805072,-0.9653401580385644
16,1567584000,40,293,253,333,36,0.33541610243732967,-0.3608855079513385
16,1567598400,145,1141,996,1286,36,2.835892665423309,1.7187003459588648
16,1567612800,284,406,122,690,36,-0.10544854056558194,0.4181408822332812
16,1567627200,913,360,0,1273,36,-0.5160247729805072,1.6903324381930385
16,1567641600,201,92,0,293,36,-0.5160247729805072,-0.4481713780000354
16,1567656000,44,11,0,55,36,-0.5160247729805072,-0.9675223047897819
16,1567670400,45,322,277,367,36,0.4161851973386264,-0.28669251840994614
16,1567684800,168,1082,914,1250,36,2.559931591177212,1.6401430629150378
16,1567699200,302,406,104,708,36,-0.16602536174155452,0.45741952375519485
16,1567713600,893,397,0,1290,36,-0.5160247729805072,1.7274289329637347
16,1567728000,188,87,0,275,36,-0.5160247729805072,-0.487450019521949
16,1567742400,46,11,0,57,36,-0.5160247729805072,-0.963158011287347
16,1567756800,32,296,264,328,36,0.37243527093375733,-0.37179624170742565
16,1567771200,191,1049,858,1240,36,2.3714703697408526,1.6183215954028636
16,1567785600,344,333,0,677,36,-0.5160247729805072,0.38977297446745474
16,1567800000,884,382,0,1266,36,-0.5160247729805072,1.6750574109345164
16,1567814400,157,87,0,244,36,-0.5160247729805072,-0.555096568809689
16,1567828800,44,21,0,65,36,-0.5160247729805072,-0.9457008372776077
16,1567843200,10,52,42,62,36,-0.3746788569032379,-0.9522472775312599
16,1567857600,79,145,66,224,36,-0.2939097620019411,-0.5987395038340375
16,1567872000,161,168,7,329,36,-0.49246712030096235,-0.3696140949562082
16,1567886400,146,165,19,311,36,-0.45208257285031395,-0.4088927364781218
16,1567900800,87,79,0,166,36,-0.5160247729805072,-0.7253040154046481
16,1567915200,32,27,0,59,36,-0.5160247729805072,-0.9587937177849122
16,1567929600,15,29,14,44,36,-0.46890946762141744,-0.9915259190531736
16,1567944000,78,93,15,171,36,-0.46554408866719676,-0.7143932816485609
16,1567958400,99,136,37,235,36,-0.3915057516743414,-0.5747358895706459
16,1567972800,110,126,16,236,36,-0.46217870971297603,-0.5725537428194285
16,1567987200,56,54,0,110,36,-0.5160247729805072,-0.8475042334728237
16,1568001600,11,9,0,20,36,-0.5160247729805072,-1.0438974410823916
16,1568016000,48,284,236,332,36,0.27820466021557777,-0.3630676547025559
16,1568030400,153,1141,988,1294,36,2.8089696337895433,1.7361575199686043
16,1568044800,319,326,7,645,36,-0.49246712030096235,0.3199442784284972
16,1568059200,933,338,0,1271,36,-0.5160247729805072,1.6859681446906036
16,1568073600,160,81,0,241,37,-0.5233956594337601,-0.5891375493361394
16,1568088000,41,10,0,51,37,-0.5233956594337601,-0.9886376890117337
16,1568102400,42,323,281,365,37,0.4180942921951435,-0.3284111423899621
16,1568116800,171,1187,1016,1358,37,2.880710357843699,1.7595027454935384
16,1568131200,287,448,161,735,37,0.01603452637497113,0.44956281382040564
16,1568145600,976,400,0,1376,37,-0.5233956594337601,1.7973501271470156
16,1568160000,215,86,0,301,37,-0.5233956594337601,-0.4629796104912149
16,1568174400,43,12,0,55,37,-0.5233956594337601,-0.9802271597554053
16,1568188800,40,352,312,392,37,0.521959731698688,-0.27164006990974604
16,1568203200,185,1130,945,1315,37,2.642824996400097,1.669089555988009
16,1568217600,314,442,128,756,37,-0.09453190922557626,0.49371809241612924
16,1568232000,947,397,0,1344,37,-0.5233956594337601,1.7300658930963893
16,1568246400,176,99,0,275,37,-0.5233956594337601,-0.5176480506573489
16,1568260800,47,24,0,71,37,-0.5233956594337601,-0.9465850427300921
16,1568275200,38,303,265,341,37,0.3644863234191205,-0.3788743179279319
16,1568289600,194,1009,815,1203,37,2.2072602500949103,1.4335947368108166
16,1568304000,354,429,75,783,37,-0.2721083057961524,0.5504891648963453
16,1568318400,977,363,0,1340,37,-0.5233956594337601,1.721655363840061
16,1568332800,198,155,0,353,37,-0.5233956594337601,-0.353642730158947
16,1568347200,40,19,0,59,37,-0.5233956594337601,-0.9718166304990771
16,1568361600,38,299,261,337,37,0.3510843312251148,-0.3872848471842602
16,1568376000,159,1076,917,1235,37,2.549011051042057,1.5008789708614432
16,1568390400,340,396,56,736,37,-0.33576776871767966,0.4516654461344877
16,1568404800,838,371,0,1209,37,-0.5233956594337601,1.4462105306953092
16,1568419200,149,100,0,249,37,-0.5233956594337601,-0.5723164908234828
16,1568433600,38,27,0,65,37,-0.5233956594337601,-0.9592008366145846
16,1568448000,19,46,27,65,37,-0.43293221212422134,-0.9592008366145846
16,1568462400,94,100,6,194,37,-0.5032926711427514,-0.687961268097997
16,1568476800,148,139,0,287,37,-0.5233956594337601,-0.49241646288836394
16,1568491200,140,148,8,288,37,-0.49659167504574864,-0.49031383057428185
16,1568505600,93,72,0,165,37,-0.5233956594337601,-0.7489376052063771
16,1568520000,33,19,0,52,37,-0.5233956594337601,-0.9865350566976515
16,1568534400,10,23,13,33,37,-0.47983918480324145,-1.0264850706652109
16,1568548800,76,81,5,157,37,-0.506643169191253,-0.7657586637190337
16,1568563200,119,97,0,216,37,-0.5233956594337601,-0.6417033571881913
16,1568577600,89,121,32,210,37,-0.41617972188171415,-0.6543191510726837
16,1568592000,66,43,0,109,37,-0.5233956594337601,-0.8666850147949733
16,1568606400,14,11,0,25,37,-0.5233956594337601,-1.0433061291778676
16,1568620800,36,298,262,334,37,0.3544348292736162,-0.3935927441265064
16,1568635200,157,1105,948,1262,37,2.6528764905456015,1.5576500433416591
16,1568649600,305,333,28,638,37,-0.4295817140757199,0.24560747935444438
16,1568664000,923,387,0,1310,37,-0.5233956594337601,1.6585763944175986
16,1568678400,164,82,0,246,38,-0.5161386982037952,-0.5758041479009608
16,1568692800,37,12,0,49,38,-0.5161386982037952,-0.9822367975966229
16,1568707200,36,333,297,369,38,0.4448037079744349,-0.3220416305782886
16,1568721600,144,1144,1000,1288,38,2.7193576188946227,1.5739563647024901
16,1568736000,309,340,31,649,38,-0.4158383123737443,0.2556291405627539
16,1568750400,994,397,0,1391,38,-0.5161386982037952,1.7864566840865164
16,1568764800,180,83,0,263,38,-0.5161386982037952,-0.5407312796531119
16,1568779200,58,18,0,76,38,-0.5161386982037952,-0.9265328303794509
16,1568793600,37,315,278,352,38,0.38332927794956495,-0.3571144988261376
16,1568808000,171,1079,908,1250,38,2.4216919577215683,1.495558188619063
16,1568822400,332,360,28,692,38,-0.4255448013250395,0.34434286613084253
16,1568836800,963,415,0,1378,38,-0.5161386982037952,1.7596362554263967
16,1568851200,188,79,0,267,38,-0.5161386982037952,-0.5324788400653826
16,1568865600,69,19,0,88,38,-0.5161386982037952,-0.9017755116162633
16,1568880000,37,299,262,336,38,0.33156133687599026,-0.39012425717705435
16,1568894400,193,1139,946,1332,38,2.5446408177713082,1.664733200167511
16,1568908800,312,443,131,755,38,-0.09228868066390247,0.4743187896375771
16,1568923200,1000,404,0,1404,38,-0.5161386982037952,1.8132771127466363
16,1568937600,204,103,0,307,38,-0.5161386982037952,-0.4499544441880909
16,1568952000,65,18,0,83,38,-0.5161386982037952,-0.9120910611009249
16,1568966400,33,254,221,287,38,0.19890598787495514,-0.49121664212673677
16,1568980800,139,1112,973,1251,38,2.6319992183329655,1.4976212985159951
16,1568995200,334,385,51,719,38,-0.35112838603177593,0.4000468333480145
16,1569009600,834,378,0,1212,38,-0.5161386982037952,1.4171600125356356
16,1569024000,154,103,0,257,38,-0.5161386982037952,-0.5531099390347056
16,1569038400,48,28,0,76,38,-0.5161386982037952,-0.9265328303794509
16,1569052800,15,52,37,67,38,-0.3964253344711538,-0.9451008194518415
16,1569067200,75,124,49,199,38,-0.35759937866597274,-0.6727703130567787
16,1569081600,110,182,72,292,38,-0.28318296337270915,-0.48090109264207526
16,1569096000,143,143,0,286,38,-0.5161386982037952,-0.493279752023669
16,1569110400,82,66,0,148,38,-0.5161386982037952,-0.7779889178003256
16,1569124800,28,18,0,46,38,-0.5161386982037952,-0.9884261272874197
16,1569139200,11,24,13,35,38,-0.4740772460815158,-1.011120336153675
16,1569153600,45,107,62,152,38,-0.31553792654369334,-0.7697364782125965
16,1569168000,134,127,0,261,38,-0.5161386982037952,-0.5448574994469764
16,1569182400,109,110,1,219,38,-0.5129032018866968,-0.6315081151181328
16,1569196800,65,68,3,133,38,-0.5064322092525,-0.8089355662543101
16,1569211200,13,12,0,25,38,-0.5161386982037952,-1.031751435122998
16,1569225600,36,321,285,357,38,0.4059777521692539,-0.34679894934147615
16,1569240000,163,1170,1007,1333,38,2.7420060931143118,1.6667963100644434
16,1569254400,340,385,45,725,38,-0.37054136393436643,0.41242549272960827
16,1569268800,960,439,0,1399,38,-0.5161386982037952,1.8029615632619749
16,1569283200,173,80,0,253,39,-0.5182799237384523,-0.6534477145673399
16,1569297600,63,18,0,81,39,-0.5182799237384523,-1.0171511038912064
16,1569312000,37,328,291,365,39,0.425324608949074,-0.4166176005890082
16,1569326400,230,1265,1035,1495,39,2.8378392904594505,1.972829085085231
16,1569340800,351,427,76,778,39,-0.2718402519712633,0.45669344470608986
16,1569355200,973,427,0,1400,39,-0.5182799237384523,1.7719463991214677
16,1569369600,209,105,0,314,39,-0.5182799237384523,-0.5244598846327128
16,1569384000,84,12,0,96,39,-0.5182799237384523,-0.9854327850548227
16,1569398400,39,277,238,316,39,0.25346536416406057,-0.5202307754545283
16,1569412800,206,1251,1045,1457,39,2.8702655630603964,1.8924760106997256
16,1569427200,301,424,123,725,39,-0.11943677074681751,0.3446220514842008
16,1569441600,948,450,0,1398,39,-0.5182799237384523,1.7677172899432831
16,1569456000,217,107,0,324,39,-0.5182799237384523,-0.5033143387417903
16,1569470400,70,18,0,88,39,-0.5182799237384523,-1.0023492217675607
16,1569484800,41,293,252,334,39,0.2988621458053849,-0.4821687928508679
16,1569499200,173,1048,875,1221,39,2.319018928844316,1.3934411276739553
16,1569513600,372,447,75,819,39,-0.27508287923135794,0.543390182858872
16,1569528000,996,433,0,1429,39,-0.5182799237384523,1.8332684822051428
16,1569542400,205,90,0,295,39,-0.5182799237384523,-0.5646364218254655
16,1569556800,69,16,0,85,39,-0.5182799237384523,-1.0086928855348374
16,1569571200,34,295,261,329,39,0.3280457911462362,-0.4927415657963291
16,1569585600,165,1149,984,1314,39,2.6724653001946264,1.5900947044595344
16,1569600000,372,431,59,803,39,-0.3269649153928714,0.509557309433396
16,1569614400,837,332,0,1169,39,-0.5182799237384523,1.2834842890411584
16,1569628800,148,126,0,274,39,-0.5182799237384523,-0.6090420681964027
16,1569643200,75,33,0,108,39,-0.5182799237384523,-0.9600581299857157
16,1569657600,36,62,26,98,39,-0.43397161497599296,-0.9812036758766381
16,1569672000,130,173,43,303,39,-0.37884695155438486,-0.5477199851127276
16,1569686400,205,279,74,484,39,-0.27832550649145255,-0.16498560448703078
16,1569700800,269,277,8,546,39,-0.4923389056576956,-0.03388321996331147
16,1569715200,152,117,0,269,39,-0.5182799237384523,-0.6196148411418639
16,1569729600,54,32,0,86,39,-0.5182799237384523,-1.0065783309457452
16,1569744000,22,33,11,55,39,-0.48261102387741184,-1.072129523207605
16,1569758400,102,116,14,218,39,-0.47288314209712806,-0.7274571251855685
16,1569772800,170,210,40,380,39,-0.3885748333346687,-0.3848992817526245
16,1569787200,204,197,0,401,39,-0.5182799237384523,-0.3404936353816873
16,1569801600,104,100,0,204,39,-0.5182799237384523,-0.75706088943286
16,1569816000,19,13,0,32,39,-0.5182799237384523,-1.1207642787567265
16,1569830400,30,278,248,308,39,0.2858916367650065,-0.5371472121672662
16,1569844800,133,1024,891,1157,39,2.3709009650058293,1.2581096339720514
16,1569859200,255,299,44,554,39,-0.3756043242942903,-0.016966783250573495
16,1569873600,900,340,0,1240,39,-0.5182799237384523,1.433617664866708
16,1569888000,151,70,0,221,40,-0.48098273269079833,-0.4782697618120211
16,1569902400,49,12,0,61,40,-0.48098273269079833,-0.8159116691978461
16,1569916800,39,334,295,373,40,0.5755318327878725,-0.15750994979548733
16,1569931200,149,1220,1071,1369,40,3.354702350792783,1.9443109236812732
16,1569945600,295,343,48,638,40,-0.3090752779688451,0.4017094593122853
16,1569960000,941,340,0,1281,40,-0.48098273269079833,1.7586078746190694
16,1569974400,168,88,0,256,40,-0.48098273269079833,-0.40441059457137185
16,1569988800,45,13,0,58,40,-0.48098273269079833,-0.8222424549613303
16,1570003200,39,295,256,334,40,0.4358570258262855,-0.23981016472078218
16,1570017600,161,1022,861,1183,40,2.602607236384238,1.5518022063452517
16,1570032000,300,410,110,710,40,-0.08702814895298885,0.5536483176359066
16,1570046400,1002,438,0,1440,40,-0.48098273269079833,2.094139520083733
16,1570060800,203,91,0,294,40,-0.48098273269079833,-0.3242206415672384
16,1570075200,45,14,0,59,40,-0.48098273269079833,-0.8201321930401688
16,1570089600,36,318,282,354,40,0.5289735638006768,-0.19760492629755405
16,1570104000,179,1187,1008,1366,40,3.1290738164702194,1.937980137917789
16,1570118400,319,445,126,764,40,-0.02972566404567112,0.6676024613786224
16,1570132800,1035,476,0,1511,40,-0.48098273269079833,2.2439681164861933
16,1570147200,196,114,0,310,40,-0.48098273269079833,-0.2904564508286559
16,1570161600,47,11,0,58,40,-0.48098273269079833,-0.8222424549613303
16,1570176000,41,314,273,355,40,0.4967409160403106,-0.19549466437639265
16,1570190400,164,1023,859,1187,40,2.595444425770823,1.5602432540298974
16,1570204800,360,412,52,772,40,-0.29474965674201564,0.6844845567479138
16,1570215809,751,339,0,1090,40,-0.48098273269079833,1.355547847677241
16,1570215887,4,3,0,7,40,-0.48098273269079833,-0.929865812940562
16,1570215968,4,9,5,13,40,-0.4630757061572615,-0.9172042414135936
16,1570216049,6,0,0,6,40,-0.48098273269079833,-0.9319760748617234
16,1570216130,4,4,0,8,40,-0.48098273269079833,-0.9277555510194005
16,1570216210,5,2,0,7,40,-0.48098273269079833,-0.929865812940562
16,1570216291,4,1,0,5,40,-0.48098273269079833,-0.9340863367828848
16,1570216371,4,0,0,4,40,-0.48098273269079833,-0.9361965987040463
16,1570219200,84,68,0,152,40,-0.48098273269079833,-0.623877834372158
16,1570233600,164,109,0,273,40,-0.48098273269079833,-0.3685361419116279
16,1570248000,51,21,0,72,40,-0.48098273269079833,-0.7926987880650705
16,1570262400,19,55,36,74,40,-0.3520521416493334,-0.7884782642227478
16,1570276800,85,143,58,228,40,-0.2732612249017715,-0.4634979283638912
16,1570291200,148,195,47,343,40,-0.31265668327555246,-0.22081780743032953
16,1570305600,155,199,44,354,40,-0.32340089919567455,-0.19760492629755405
16,1570320000,100,82,0,182,40,-0.48098273269079833,-0.5605699767373159
16,1570334400,40,16,0,56,40,-0.48098273269079833,-0.826462978803653
16,1570348800,13,29,16,42,40,-0.42368024778348057,-0.8560066456999128
16,1570363200,75,108,33,183,40,-0.3627963575694555,-0.5584597148161545
16,1570377600,107,169,62,276,40,-0.25893560367494206,-0.36220535614814375
16,1570392000,126,133,7,259,40,-0.4559128955438468,-0.3980798088078876
16,1570406400,69,58,0,127,40,-0.48098273269079833,-0.6766343824011932
16,1570420800,31,46,15,77,40,-0.42726165309018793,-0.7821474784592636
16,1570435200,43,285,242,328,40,0.38571735153238246,-0.2524717362477506
16,1570449600,169,1031,862,1200,40,2.606188641690945,1.5876766590049955
16,1570464000,300,347,47,647,40,-0.31265668327555246,0.420701816602738
16,1570478400,1026,389,0,1415,40,-0.48098273269079833,2.041382972054698
16,1570492800,197,91,0,288,41,-0.5285103505538251,-0.49157566921419676
16,1570507200,43,13,0,56,41,-0.5285103505538251,-1.0082311886644322
16,1570521600,34,329,295,363,41,0.5213923660345817,-0.32455341077123273
16,1570536000,169,1150,981,1319,41,2.9628610561350803,1.8044236435150827
16,1570550400,334,360,26,694,41,-0.43597655180366046,0.41257148982371533
16,1570564800,1005,368,0,1373,41,-0.5285103505538251,1.9246796695940167
16,1570579200,213,86,0,299,41,-0.5285103505538251,-0.4670790713092287
16,1570593600,40,20,0,60,41,-0.5285103505538251,-0.9993233348808075
16,1570608000,30,294,264,324,41,0.4110636059863084,-0.41140498516157403
16,1570622400,158,1013,855,1171,41,2.5144280314227436,1.4748330535209668
16,1570636800,283,347,64,630,41,-0.3007348459380352,0.27004582928571935
16,1570651200,882,343,0,1225,41,-0.5285103505538251,1.595089079599901
16,1570665600,192,110,0,302,41,-0.5285103505538251,-0.46039818097151014
16,1570680000,34,12,0,46,41,-0.5285103505538251,-1.0305008231234942
16,1570694400,33,310,277,343,41,0.45733050536139075,-0.36909267968935644
16,1570708800,187,1132,945,1319,41,2.834737334788698,1.8044236435150827
16,1570723200,357,446,89,803,41,-0.21176003944749222,0.6553105054274898
16,1570737600,991,399,0,1390,41,-0.5285103505538251,1.962538048174422
16,1570752000,217,139,0,356,41,-0.5285103505538251,-0.34014215489257604
16,1570766400,30,20,0,50,41,-0.5285103505538251,-1.0215929693398693
16,1570780800,29,288,259,317,41,0.39326864468819983,-0.42699372928291734
16,1570795200,176,1028,852,1204,41,2.5037510546438786,1.5483228472358712
16,1570809600,373,411,38,784,41,-0.39326864468819983,0.6129981999552723
16,1570824000,857,403,0,1260,41,-0.5285103505538251,1.6730328002066177
16,1570838400,143,128,0,271,41,-0.5285103505538251,-0.529434047794602
16,1570852800,41,23,0,64,41,-0.5285103505538251,-0.9904154810971828
16,1570867200,19,45,26,64,41,-0.43597655180366046,-0.9904154810971828
16,1570881600,85,139,54,224,41,-0.33632476853425236,-0.6341013297521928
16,1570896000,145,205,60,350,41,-0.314970814976522,-0.35350393556801313
16,1570910400,156,181,25,337,41,-0.43953554406328216,-0.3824544603647936
16,1570924800,91,96,5,187,41,-0.5107153892557165,-0.7164989772507218
16,1570939200,30,31,1,61,41,-0.5249513582942034,-0.9970963714349014
16,1570953600,14,31,17,45,41,-0.4680074821402559,-1.0327277865694005
16,1570968000,76,112,36,188,41,-0.4003866292074433,-0.7142720138048155
16,1570982400,121,194,73,315,41,-0.2687039156014397,-0.4314476561747297
16,1570996800,122,162,40,284,41,-0.3861506601689564,-0.5004835229978215
16,1571011200,64,65,1,129,41,-0.5249513582942034,-0.8456628571132806
16,1571025600,12,10,0,22,41,-0.5285103505538251,-1.0839479458252426
16,1571040000,26,235,209,261,41,0.21531903170711394,-0.5517036822536638
16,1571054400,133,878,745,1011,41,2.1229388828643545,1.1185189021759767
16,1571068800,264,240,0,504,41,-0.5285103505538251,-0.010551564898460276
16,1571083200,816,258,0,1074,41,-0.5285103505538251,1.2588175992680668
16,1571097600,149,79,0,228,42,-0.5118109822462635,-0.7059421472634699
16,1571112000,43,11,0,54,42,-0.5118109822462635,-1.0670414131836379
16,1571126400,38,313,275,351,42,0.35918015447752366,-0.45068232135438574
16,1571140800,152,1205,1053,1357,42,2.823293261281547,1.6370525149426771
16,1571155200,332,398,66,730,42,-0.30277310943255464,0.33584998774758923
16,1571169600,998,401,0,1399,42,-0.5118109822462635,1.7242144067165106
16,1571184000,180,120,0,300,42,-0.5118109822462635,-0.5565217613654695
16,1571198400,42,13,0,55,42,-0.5118109822462635,-1.0649661300461657
16,1571212800,35,292,257,327,42,0.3021698255283303,-0.5004891166537192
16,1571227200,160,1161,1001,1321,42,2.658596755428322,1.5623423219936767
16,1571241600,343,474,131,817,42,-0.0969024771160231,0.5163996207076732
16,1571256000,945,613,0,1558,42,-0.5118109822462635,2.0541844255745954
16,1571270400,188,97,0,285,42,-0.5118109822462635,-0.5876510084275529
16,1571284800,45,14,0,59,42,-0.5118109822462635,-1.0566649974962767
16,1571299200,41,296,255,337,42,0.2958353445339755,-0.479736285278997
16,1571313600,201,1149,948,1350,42,2.4907330090779194,1.6225255329803714
16,1571328000,357,411,54,768,42,-0.34077999539868353,0.41471074697153393
16,1571342400,972,385,0,1357,42,-0.5118109822462635,1.6370525149426771
16,1571356800,223,140,0,363,42,-0.5118109822462635,-0.425778923704719
16,1571371200,45,15,0,60,42,-0.5118109822462635,-1.0545897143588046
16,1571385600,29,266,237,295,42,0.23882501558478214,-0.5668981770528306
16,1571400000,156,1158,1002,1314,42,2.6617639959254995,1.5478153400313712
16,1571414400,391,402,11,793,42,-0.47697133677731207,0.46659282540833963
16,1571428800,867,393,0,1260,42,-0.5118109822462635,1.4357500506078709
16,1571443200,153,121,0,274,42,-0.5118109822462635,-0.6104791229397474
16,1571457600,96,42,0,138,42,-0.5118109822462635,-0.8927176296359706
16,1571472000,33,67,34,100,42,-0.40412480534223166,-0.9715783888599153
16,1571486400,117,201,84,318,42,-0.24576278048336128,-0.5191666648909693
16,1571500800,188,276,88,464,42,-0.23309381849465163,-0.21617532682002383
16,1571515200,285,276,0,561,42,-0.5118109822462635,-0.014872862485217565
16,1571529600,179,141,0,320,42,-0.5118109822462635,-0.5150160986160248
16,1571544000,49,38,0,87,42,-0.5118109822462635,-0.9985570696470543
16,1571558400,31,32,1,63,42,-0.5086437417490861,-1.0483638649463878
16,1571572800,122,113,0,235,42,-0.5118109822462635,-0.6914151653011643
16,1571587200,195,213,18,408,42,-0.4548006532970702,-0.33239118251846866
16,1571601600,212,168,0,380,42,-0.5118109822462635,-0.3904991103676911
16,1571616000,93,58,0,151,42,-0.5118109822462635,-0.8657389488488316
16,1571630400,21,9,0,30,42,-0.5118109822462635,-1.1168482084829714
16,1571644800,37,328,291,365,42,0.4098560024323622,-0.4216283574297745
16,1571659200,151,1089,938,1240,42,2.459060604106145,1.3942443878584263
16,1571673600,299,342,43,641,42,-0.375619640867635,0.15114978851256078
16,1571688000,980,370,0,1350,42,-0.5118109822462635,1.6225255329803714
16,1571702400,165,101,0,266,43,-0.5165672412253093,-0.6211895241213643
16,1571716800,44,10,0,54,43,-0.5165672412253093,-1.0496890223222186
16,1571731200,36,304,268,340,43,0.30526751032692834,-0.47161894456068876
16,1571745600,185,1209,1024,1394,43,2.623577481123539,1.6587512021548791
16,1571760000,313,455,142,768,43,-0.08111748480584012,0.39346494803348875
16,1571774400,1019,410,0,1429,43,-0.5165672412253093,1.7294940438389825
16,1571788800,169,83,0,252,43,-0.5165672412253093,-0.6494866607950056
16,1571803200,41,9,0,50,43,-0.5165672412253093,-1.0577739185146875
16,1571817600,34,299,265,333,43,0.29606786758567194,-0.4857675128975094
16,1571832000,165,1260,1095,1425,43,2.8413023593332736,1.7214091476465134
16,1571846400,332,469,137,801,43,-0.0964502227079341,0.4601653416213576
16,1571860800,1015,434,0,1449,43,-0.5165672412253093,1.7699185248013272
16,1571875200,190,106,0,296,43,-0.5165672412253093,-0.5605528026778471
16,1571889600,48,16,0,64,43,-0.5165672412253093,-1.0294767818410462
16,1571904000,34,300,266,334,43,0.29913441516609074,-0.48374628884939214
16,1571918400,201,1204,1003,1405,43,2.559179981934744,1.6809846666841688
16,1571932800,323,406,83,729,43,-0.2620437920505492,0.3146372101569165
16,1571947200,992,409,0,1401,43,-0.5165672412253093,1.6728997704917
16,1571961600,180,119,0,299,43,-0.5165672412253093,-0.5544891305334955
16,1571976000,38,20,0,58,43,-0.5165672412253093,-1.0416041261297495
16,1571990400,27,287,260,314,43,0.28073512968357794,-0.5241707698117369
16,1572004800,162,1128,966,1290,43,2.445717721459249,1.4485439011506864
16,1572019200,361,429,68,790,43,-0.3080420057568311,0.437931877092068
16,1572033600,870,402,0,1272,43,-0.5165672412253093,1.4121618682845762
16,1572048000,162,88,0,250,43,-0.5165672412253093,-0.65352910889124
16,1572062400,95,44,0,139,43,-0.5165672412253093,-0.8778849782322534
16,1572076800,36,67,31,103,43,-0.4215042662323266,-0.9506490439644739
16,1572091200,131,178,47,309,43,-0.37243950494562583,-0.534276890052323
16,1572105600,257,226,0,483,43,-0.5165672412253093,-0.18258390567992383
16,1572120000,301,252,0,553,43,-0.5165672412253093,-0.04109822231171723
16,1572134400,181,139,0,320,43,-0.5165672412253093,-0.5120434255230335
16,1572148800,50,37,0,87,43,-0.5165672412253093,-0.9829886287343498
16,1572163200,30,30,0,60,43,-0.5165672412253093,-1.037561678033515
16,1572177600,103,165,62,268,43,-0.3264412912393439,-0.6171470760251299
16,1572192000,189,180,0,369,43,-0.5165672412253093,-0.41300344716528886
16,1572206400,235,131,0,366,43,-0.5165672412253093,-0.4190671193096406
16,1572220800,114,65,0,179,43,-0.5165672412253093,-0.7970360163075639
16,1572235200,13,12,0,25,43,-0.5165672412253093,-1.1083045197176185
16,1572249600,36,311,275,347,43,0.3267333433898599,-0.4574703762238681
16,1572264000,159,1186,1027,1345,43,2.6327771238647952,1.5597112237971347
16,1572278400,285,341,56,626,43,-0.3448405767218567,0.10645113320084108
16,1572292800,1005,433,0,1438,43,-0.5165672412253093,1.7476850602720375
16,1572307200,175,85,0,260,44,-0.5242292400013997,-0.569384822111701
16,1572321600,40,12,0,52,44,-0.5242292400013997,-0.9884580486560604
16,1572336000,41,293,252,334,44,0.2596189792141609,-0.42029146266803474
16,1572350400,180,1177,997,1357,44,2.576948039990322,1.6408234928842709
16,1572364800,301,393,92,694,44,-0.23806242981159187,0.3050275832741256
16,1572379200,1014,483,0,1497,44,-0.5242292400013997,1.9228920107506666
16,1572393600,196,98,0,294,44,-0.5242292400013997,-0.5008824677727192
16,1572408000,40,17,0,57,44,-0.5242292400013997,-0.9783841730179748
16,1572422400,36,318,282,354,44,0.3529342434064895,-0.3799959601156925
16,1572436800,172,1231,1059,1403,44,2.7697995859878013,1.7335031487546582
16,1572451200,320,428,108,748,44,-0.1882942889090166,0.4138254401654497
16,1572465600,1005,433,0,1438,44,-0.5242292400013997,1.804020278221257
16,1572480000,198,119,0,317,44,-0.5242292400013997,-0.45454263983752563
16,1572494400,48,13,0,61,44,-0.5242292400013997,-0.9703250725075063
16,1572508800,31,316,285,347,44,0.3622657698257224,-0.3940993860090123
16,1572523200,184,1255,1071,1439,44,2.8071256916647327,1.806035053348874
16,1572537600,369,387,18,756,44,-0.4682400814860025,0.42994364118638656
16,1572552000,901,379,0,1280,44,-0.5242292400013997,1.4856858080577533
16,1572566400,150,150,0,300,44,-0.5242292400013997,-0.4887938170070165
16,1572580800,34,26,0,60,44,-0.5242292400013997,-0.9723398476351235
16,1572595200,34,270,236,304,44,0.2098508383115856,-0.4807347164965481
16,1572609600,165,1048,883,1213,44,2.2223500360594732,1.3506958745074067
16,1572624000,333,439,106,772,44,-0.19451530652183852,0.46218004322826034
16,1572638400,842,419,0,1261,44,-0.5242292400013997,1.447405080633028
16,1572652800,172,102,0,274,44,-0.5242292400013997,-0.5411779703250614
16,1572667200,57,25,0,82,44,-0.5242292400013997,-0.928014794827547
16,1572681600,16,70,54,86,44,-0.35626176445520813,-0.9199556943170786
16,1572696000,84,200,116,284,44,-0.16341021845772896,-0.5210302190488904
16,1572710400,142,281,139,423,44,-0.091868515910277,-0.24097647631011176
16,1572724800,164,210,46,374,44,-0.3811458349064958,-0.33970045756335027
16,1572739200,90,96,6,186,44,-0.505566187162934,-0.7184781815553674
16,1572750000,39,31,0,70,44,-0.5242292400013997,-0.9521920963589523
16,1572764400,11,19,8,30,44,-0.49934516955011204,-1.0327831014636368
16,1572778800,66,91,25,157,44,-0.44646651984112584,-0.7769066602562635
16,1572793200,125,200,75,325,44,-0.2909410795205781,-0.4384244388165887
16,1572807600,132,149,17,281,44,-0.4713505902924135,-0.5270745444317416
16,1572822000,71,50,0,121,44,-0.5242292400013997,-0.8494385648504796
16,1572836400,24,14,0,38,44,-0.5242292400013997,-1.0166649004427
16,1572850800,19,128,109,147,44,-0.18518378010260564,-0.7970544115324347
16,1572865200,143,1253,1110,1396,44,2.92843553511476,1.7193997228613382
16,1572879600,224,377,153,601,44,-0.048321392620523644,0.11765349640573419
16,1572894000,1004,442,0,1446,44,-0.5242292400013997,1.820138479242194
16,1572908400,287,126,0,413,44,-0.5242292400013997,-0.2611242275862829
16,1572922800,69,21,0,90,45,-0.5027736112933859,-0.9067499079935828
16,1572937200,22,145,123,167,45,-0.13503632176462593,-0.7516769729089054
16,1572951600,137,1252,1115,1389,45,2.8307798669551296,1.7093506462271413
16,1572966000,237,399,162,636,45,-0.018436693377458128,0.19285817715231054
16,1572980400,975,410,0,1385,45,-0.5027736112933859,1.7012949093396257
16,1572994800,287,136,0,423,45,-0.5027736112933859,-0.23610981210790058
16,1573009200,76,29,0,105,45,-0.5027736112933859,-0.8765408946653989
16,1573023600,16,135,119,151,45,-0.14699525800946367,-0.7838999204589683
16,1573038000,160,1267,1107,1427,45,2.806861994465454,1.7858801466585406
16,1573052400,277,443,166,720,45,-0.006477757132620405,0.36202865179014027
16,1573066800,950,464,0,1414,45,-0.5027736112933859,1.7596990017741145
16,1573081200,340,149,0,489,45,-0.5027736112933859,-0.1031901534638915
16,1573095600,90,24,0,114,45,-0.5027736112933859,-0.8584154866684885
16,1573110000,17,128,111,145,45,-0.17091313049913912,-0.7959835257902419
16,1573124400,140,1292,1152,1432,45,2.9414000272198786,1.7959498177679352
16,1573138800,276,488,212,764,45,0.13105000968301342,0.450641757552813
16,1573153200,970,486,0,1456,45,-0.5027736112933859,1.8442842390930294
16,1573167600,331,155,0,486,45,-0.5027736112933859,-0.10923195612952827
16,1573182000,93,32,0,125,45,-0.5027736112933859,-0.8362622102278203
16,1573196400,19,118,99,137,45,-0.20678993923365227,-0.8120949995652732
16,1573210800,160,1050,890,1210,45,2.1580897031830077,1.3488564205108138
16,1573225200,270,452,182,722,45,0.04135798784673049,0.3660565202338981
16,1573239600,931,481,0,1412,45,-0.5027736112933859,1.7556711333303567
16,1573254000,230,149,0,379,45,-0.5027736112933859,-0.3247229178705733
16,1573268400,66,35,0,101,45,-0.5027736112933859,-0.8845966315529146
16,1573282800,15,32,17,47,45,-0.4519481322528256,-0.9933490795343766
16,1573297200,60,127,67,187,45,-0.3024614291923541,-0.711398288471327
16,1573311600,127,225,98,352,45,-0.20977967329486172,-0.3790991418613043
16,1573326000,178,204,26,382,45,-0.42504052570194073,-0.3186811152049365
16,1573340400,130,117,0,247,45,-0.5027736112933859,-0.5905622351585914
16,1573354800,64,46,0,110,45,-0.5027736112933859,-0.8664712235560043
16,1573369200,16,18,2,34,45,-0.4967941431709671,-1.0195302244188025
16,1573383600,47,79,32,126,45,-0.40710212133468415,-0.8342482760059414
16,1573398000,103,168,65,271,45,-0.3084408973147729,-0.5422278138334973
16,1573412400,140,167,27,307,45,-0.4220507916407313,-0.4697261818458559
16,1573426800,83,71,0,154,45,-0.5027736112933859,-0.7778581177933315
16,1573441200,18,18,0,36,45,-0.5027736112933859,-1.0155023559750447
16,1573455600,11,104,93,115,45,-0.22472834360090888,-0.8564015524466096
16,1573470000,120,1148,1028,1268,45,2.570673003629909,1.4656646053797915
16,1573484400,217,387,170,604,45,0.005481179112217318,0.1284122820521849
16,1573498800,816,368,0,1184,45,-0.5027736112933859,1.2964941307419617
16,1573513200,264,123,0,387,45,-0.5027736112933859,-0.30861144409554186
16,1573527600,68,19,0,87,46,-0.4850818112288092,-0.9011655754282111
16,1573542000,21,114,93,135,46,-0.2315045153696378,-0.8092759492047892
16,1573556400,125,1343,1218,1468,46,2.8359627732493715,1.7425755457081555
16,1573570800,288,421,133,709,46,-0.12243901177429525,0.2895708310502973
16,1573585200,941,480,0,1421,46,-0.4850818112288092,1.6526002866977216
16,1573599600,331,133,0,464,46,-0.4850818112288092,-0.1794491361317518
16,1573614000,88,24,0,112,46,-0.4850818112288092,-0.8533063951035121
16,1573628400,17,132,115,149,46,-0.17151848839219938,-0.7824748082229578
16,1573642800,139,1355,1216,1494,46,2.8305094980696044,1.7923490932458424
16,1573657200,250,452,202,702,46,0.06569898192767065,0.2761702605593816
16,1573671600,931,470,0,1401,46,-0.4850818112288092,1.6143129424379625
16,1573686000,333,145,0,478,46,-0.4850818112288092,-0.15264799514992045
16,1573700400,88,32,0,120,46,-0.4850818112288092,-0.8379914573996086
16,1573714800,17,118,101,135,46,-0.20969141465056929,-0.8092759492047892
16,1573729200,150,1300,1150,1450,46,2.650551417137289,1.7081169358743722
16,1573743600,275,473,198,748,46,0.054792431568136395,0.3642311523568275
16,1573758000,1002,472,0,1474,46,-0.4850818112288092,1.7540617489860832
16,1573772400,321,193,0,514,46,-0.4850818112288092,-0.08373077548235404
16,1573786800,89,30,0,119,46,-0.4850818112288092,-0.8399058246125964
16,1573801200,16,114,98,130,46,-0.21787132742021997,-0.8188477852697289
16,1573815600,142,1262,1120,1404,46,2.568752289440782,1.6200560440769263
16,1573830000,263,419,156,682,46,-0.059726347206973285,0.23788291629962247
16,1573844400,871,452,0,1323,46,-0.4850818112288092,1.4649922998249019
16,1573858800,264,161,0,425,46,-0.4850818112288092,-0.25410945743828206
16,1573873200,69,44,0,113,46,-0.4850818112288092,-0.8513920278905242
16,1573887600,12,36,24,48,46,-0.4196425090716037,-0.9758258967347413
16,1573902000,53,129,76,182,46,-0.2778573543976584,-0.7193006901943553
16,1573916400,135,209,74,344,46,-0.28331062957742553,-0.40917320169030647
16,1573930800,178,197,19,375,46,-0.43327569702102153,-0.3498278180876799
16,1573945200,118,112,0,230,46,-0.4850818112288092,-0.6274110639709334
16,1573959600,61,42,0,103,46,-0.4850818112288092,-0.8705357000204037
16,1573974000,12,11,0,23,46,-0.4850818112288092,-1.0236850770594401
16,1573988400,48,89,41,137,46,-0.3732896700435831,-0.8054472147788133
16,1574002800,104,168,64,272,46,-0.31057700547626116,-0.5470076410254393
16,1574017200,136,171,35,307,46,-0.3896494955828845,-0.4800047885708608
16,1574031600,71,61,0,132,46,-0.4850818112288092,-0.815019050843753
16,1574046000,21,18,0,39,46,-0.4850818112288092,-0.9930552016516329
16,1574060400,17,120,103,137,46,-0.20423813947080216,-0.8054472147788133
16,1574074800,139,1248,1109,1387,46,2.5387592759520627,1.5875118014561311
16,1574089200,230,357,127,587,46,-0.13879883731359663,0.05601803106576671
16,1574103600,983,461,0,1444,46,-0.4850818112288092,1.6966307325964445
16,1574118000,294,127,0,421,46,-0.4850818112288092,-0.2617669262902339
16,1574132400,75,18,0,93,47,-0.48481370511859645,-0.9794045588604792
16,1574146800,21,124,103,145,47,-0.18995863857240664,-0.8758852462460821
16,1574161200,146,1302,1156,1448,47,2.824433449516311,1.7180698371492904
16,1574175600,249,414,165,663,47,-0.012473064534894312,0.15532636787425785
16,1574190000,970,461,0,1431,47,-0.48481370511859645,1.6842269849484297
16,1574204400,294,156,0,450,47,-0.48481370511859645,-0.26870466264240706
16,1574218800,80,27,0,107,47,-0.48481370511859645,-0.9515339746950645
16,1574233200,19,141,122,160,47,-0.1355678981415561,-0.8460239060688521
16,1574247600,141,1304,1163,1445,47,2.8444721433592557,1.7120975691138445
16,1574262000,269,448,179,717,47,0.02760432315099557,0.2628271925122856
16,1574276400,982,477,0,1459,47,-0.48481370511859645,1.739968153279259
16,1574290800,359,167,0,526,47,-0.48481370511859645,-0.11740720574444209
16,1574305200,83,32,0,115,47,-0.48481370511859645,-0.9356079266005419
16,1574319600,20,113,93,133,47,-0.218585344062328,-0.899774318387866
16,1574334000,172,1195,1023,1367,47,2.443698266500357,1.5568186001922488
16,1574348400,262,447,185,709,47,0.044780346444948375,0.24690114441776295
16,1574362800,920,450,0,1370,47,-0.48481370511859645,1.5627908682276948
16,1574377200,338,175,0,513,47,-0.48481370511859645,-0.14328703389804137
16,1574391600,87,39,0,126,47,-0.48481370511859645,-0.9137096104705733
16,1574406000,17,117,100,134,47,-0.19854665021938303,-0.8977835623760507
16,1574420400,153,1229,1076,1382,47,2.59541980559694,1.5866799403694787
16,1574434800,292,465,173,757,47,0.010428299857042763,0.34245743298489867
16,1574449200,909,485,0,1394,47,-0.48481370511859645,1.6105690125112626
16,1574463600,269,144,0,413,47,-0.48481370511859645,-0.34236263507957415
16,1574478000,127,42,0,169,47,-0.48481370511859645,-0.8281071019625142
16,1574492400,23,36,13,59,47,-0.4475989879816987,-1.0470902632622003
16,1574506800,115,149,34,264,47,-0.38748290645286393,-0.638985280840058
16,1574521200,244,314,70,558,47,-0.28442676668914707,-0.053703013366351596
16,1574535600,327,277,0,604,47,-0.48481370511859645,0.03787176317715349
16,1574550000,190,143,0,333,47,-0.48481370511859645,-0.5016231160248004
16,1574564400,101,56,0,157,47,-0.48481370511859645,-0.8519961741042982
16,1574578800,18,20,2,38,47,-0.4790883640206122,-1.0888961395103223
16,1574593200,79,101,22,180,47,-0.4218349530407695,-0.8062087858325456
16,1574607600,171,217,46,388,47,-0.3531308598649583,-0.3921315353749574
16,1574622000,224,211,0,435,47,-0.48481370511859645,-0.29856600281963697
16,1574636400,130,78,0,208,47,-0.48481370511859645,-0.7504676175017164
16,1574650800,47,29,0,76,47,-0.48481370511859645,-1.0132474110613396
16,1574665200,14,118,104,132,47,-0.1870959680234145,-0.9017650743996813
16,1574679600,147,1250,1103,1397,47,2.6727119104197277,1.6165412805467085
16,1574694000,238,419,181,657,47,0.03332966424897984,0.1433818318033659
16,1574708400,930,486,0,1416,47,-0.48481370511859645,1.6543656447711999
16,1574722800,302,139,0,441,47,-0.48481370511859645,-0.286621466748745
16,1574737200,75,24,0,99,48,-0.38716873515989714,-0.6671729933627101
16,1574751600,22,117,95,139,48,-0.021880663916579664,-0.5668013063519325
16,1574766000,138,1218,1080,1356,48,3.7655798642378175,2.4870072709509743
16,1574780400,260,436,176,696,48,0.2895754810382489,0.8308744352731448
16,1574794800,896,433,0,1329,48,-0.38716873515989714,2.419256382218699
16,1574809200,271,164,0,435,48,-0.38716873515989714,0.17594917752782127
16,1574823600,82,25,0,107,48,-0.38716873515989714,-0.6470986559605546
16,1574838000,19,89,70,108,48,-0.11800910371745268,-0.6445893637852851
16,1574852400,121,871,750,992,48,2.4966844588662935,1.5736249191528986
16,1574866800,432,413,0,845,48,-0.38716873515989714,1.204758969388291
16,1574881200,583,339,0,922,48,-0.38716873515989714,1.397974466884038
16,1574895600,170,126,0,296,48,-0.38716873515989714,-0.1728424348346307
16,1574910000,71,31,0,102,48,-0.38716873515989714,-0.6596451168369017
16,1574924400,10,15,5,25,48,-0.36794304719972254,-0.8528606143326485
16,1574938800,37,96,59,133,48,-0.1603056172298368,-0.5818570594035491
16,1574953200,104,90,0,194,48,-0.38716873515989714,-0.4287902367121134
16,1574967600,73,102,29,175,48,-0.2756597449908844,-0.47646678804223275
16,1574982000,52,63,11,115,48,-0.344872221647513,-0.627024318558399
16,1574996400,22,18,0,40,48,-0.38716873515989714,-0.8152212317036069
16,1575010800,5,41,36,46,48,-0.24874378184663998,-0.8001654786519903
16,1575025200,60,304,244,364,48,0.5510448372966235,-0.002210566916308859
16,1575039600,170,188,18,358,48,-0.3179562585032686,-0.01726631996792549
16,1575054000,224,222,0,446,48,-0.38716873515989714,0.2035513914557851
16,1575068400,137,87,0,224,48,-0.38716873515989714,-0.3535114714540303
16,1575082800,58,18,0,76,48,-0.38716873515989714,-0.7248867133939072
16,1575097200,15,28,13,43,48,-0.3371819464634432,-0.8076933551777986
16,1575111600,47,108,61,155,48,-0.15261534204576696,-0.5266526315476215
16,1575126000,115,169,54,284,48,-0.17953130519001143,-0.20295394093786395
16,1575140400,151,211,60,362,48,-0.15646047963780188,-0.007229151266847736
16,1575154800,113,92,0,205,48,-0.38716873515989714,-0.4011880227841496
16,1575169200,62,33,0,95,48,-0.38716873515989714,-0.6772101620637878
16,1575183600,13,14,1,27,48,-0.3833235975678622,-0.8478420299821097
16,1575198000,41,58,17,99,48,-0.3218013960953035,-0.6671729933627101
16,1575212400,81,136,55,217,48,-0.1756861675979765,-0.37107651668091635
16,1575226800,105,106,1,211,48,-0.3833235975678622,-0.38613226973253295
16,1575241200,73,48,0,121,48,-0.38716873515989714,-0.6119685655067825
16,1575255600,24,17,0,41,48,-0.38716873515989714,-0.8127119395283375
16,1575270000,13,110,97,123,48,-0.014190388732509824,-0.6069499811562435
16,1575284400,119,1298,1179,1417,48,4.1462484858492745,2.64007409364241
16,1575298800,243,361,118,604,48,0.06655750070022351,0.6000195551483564
16,1575313200,872,440,0,1312,48,-0.38716873515989714,2.376598415239119
16,1575327600,294,93,0,387,48,-0.38716873515989714,0.05550315311488823
16,1575342000,73,24,0,97,49,-0.4968915733906783,-0.9217371684868552
16,1575356400,17,118,101,135,49,-0.20944931860774402,-0.8464008382310544
16,1575370800,157,1296,1139,1453,49,2.744660190943601,1.7665803006411918
16,1575385200,270,453,183,723,49,0.02391964072097495,0.31932974572712525
16,1575399600,847,449,0,1296,49,-0.4968915733906783,1.4553223045843309
16,1575414000,349,159,0,508,49,-0.4968915733906783,-0.10691528072016836
16,1575428400,83,22,0,105,49,-0.4968915733906783,-0.9058768884330024
16,1575442800,17,113,96,130,49,-0.22367913320095859,-0.8563135132647124
16,1575457200,147,1189,1042,1336,49,2.4686017878352384,1.534623704853595
16,1575471600,283,478,195,761,49,0.05807119574468992,0.39466607598292597
16,1575486000,925,469,0,1394,49,-0.4968915733906783,1.6496107352440275
16,1575500400,390,171,0,561,49,-0.4968915733906783,-0.001840925363393659
16,1575514800,89,29,0,118,49,-0.4968915733906783,-0.8801039333454915
16,1575529200,19,106,87,125,49,-0.2492927994687448,-0.8662261882983704
16,1575543600,151,1344,1193,1495,49,2.8983421885503184,1.8498467709239188
16,1575558000,281,424,143,705,49,-0.08991887602474162,0.2836441156059565
16,1575572400,947,541,0,1488,49,-0.4968915733906783,1.8359690258767978
16,1575586800,378,190,0,568,49,-0.4968915733906783,0.012036819683727527
16,1575601200,99,33,0,132,49,-0.4968915733906783,-0.8523484432512493
16,1575615600,25,104,79,129,49,-0.27206050281788813,-0.858296048271444
16,1575630000,123,1208,1085,1331,49,2.5909781933368836,1.524711029819937
16,1575644400,225,393,168,618,49,-0.018769803058668762,0.11116357002030743
16,1575658800,870,511,0,1381,49,-0.4968915733906783,1.6238377801565167
16,1575673200,280,166,0,446,49,-0.4968915733906783,-0.22983245113752743
16,1575687600,88,50,0,138,49,-0.4968915733906783,-0.8404532332108596
16,1575702000,16,33,17,49,49,-0.4485102037737488,-1.016898848809972
16,1575716400,64,123,59,187,49,-0.3289797611907464,-0.7433090178810113
16,1575730800,141,227,86,368,49,-0.2521387623873877,-0.38447018166259206
16,1575745200,184,229,45,413,49,-0.3688232420517472,-0.29525610635967015
16,1575759600,120,155,35,275,49,-0.39728287123817635,-0.5688459372886306
16,1575774000,72,49,0,121,49,-0.4968915733906783,-0.8741563283252968
16,1575788400,13,20,7,33,49,-0.4769698329601779,-1.0486194089176775
16,1575802800,65,77,12,142,49,-0.4627400183669634,-0.8325230931839332
16,1575817200,101,187,86,288,49,-0.2521387623873877,-0.5430729822011199
16,1575831600,140,178,38,318,49,-0.3887449824822476,-0.483596931999172
16,1575846000,89,88,0,177,49,-0.4968915733906783,-0.7631343679483273
16,1575860400,28,17,0,45,49,-0.4968915733906783,-1.0248289888368982
16,1575874800,15,118,103,133,49,-0.20375739277045818,-0.8503659082445176
16,1575889200,138,1255,1117,1393,49,2.6820490067334566,1.647628200237296
16,1575903600,224,441,217,665,49,0.12068237995483402,0.20434271533669254
16,1575918000,878,455,0,1333,49,-0.4968915733906783,1.5286760998334
16,1575932400,333,155,0,488,49,-0.4968915733906783,-0.14656598085480033
16,1575946800,73,26,0,99,50,-0.5229030402867462,-0.9323464339775831
16,1575961200,21,114,93,135,50,-0.2630481706480654,-0.8627037204031287
16,1575975600,136,1292,1156,1428,50,2.707120930705887,1.638630408812691
16,1575990000,255,488,233,743,50,0.12813120300156147,0.3134843310765453
16,1576004400,954,477,0,1431,50,-0.5229030402867462,1.644433968277229
16,1576018800,348,175,0,523,50,-0.5229030402867462,-0.11211002965623147
16,1576033200,72,26,0,98,50,-0.5229030402867462,-0.9342809537990957
16,1576047600,16,123,107,139,50,-0.22393023328310271,-0.8549656411170782
16,1576062000,142,1379,1237,1521,50,2.9334461397460285,1.818540752213365
16,1576076400,252,446,194,698,50,0.019159806056308265,0.2264309391084773
16,1576090800,894,567,0,1461,50,-0.5229030402867462,1.7024695629226076
16,1576105200,330,159,0,489,50,-0.5229030402867462,-0.17788370358766062
16,1576119600,86,35,0,121,50,-0.5229030402867462,-0.8897869979043054
16,1576134000,15,120,105,135,50,-0.22951851004952595,-0.8627037204031287
16,1576148400,144,1170,1026,1314,50,2.343882940888377,1.4180951491602523
16,1576162800,262,463,201,725,50,0.03871877473878961,0.2786629742893181
16,1576177200,923,551,0,1474,50,-0.5229030402867462,1.7276183206022717
16,1576191600,335,204,0,539,50,-0.5229030402867462,-0.08115771251202954
16,1576206000,88,46,0,134,50,-0.5229030402867462,-0.8646382402246413
16,1576220400,17,113,96,130,50,-0.25466575549843057,-0.8723763195106918
16,1576234800,137,1222,1085,1359,50,2.5087371054978624,1.5051485411283203
16,1576249200,302,503,201,805,50,0.03871877473878961,0.4334245600103278
16,1576263600,852,576,0,1428,50,-0.5229030402867462,1.638630408812691
16,1576278000,274,183,0,457,50,-0.5229030402867462,-0.23978833787606452
16,1576292400,89,46,0,135,50,-0.5229030402867462,-0.8627037204031287
16,1576306800,13,30,17,43,50,-0.47540268777214856,-1.0406795439822898
16,1576321200,49,143,94,192,50,-0.2602540322648538,-0.7524360905769093
16,1576335600,145,242,97,387,50,-0.25187161711521894,-0.37520472538194805
16,1576350000,191,326,135,517,50,-0.14569435855317733,-0.1237171485853072
16,1576364400,130,159,29,289,50,-0.4418730271736091,-0.564787667890185
16,1576378800,73,46,0,119,50,-0.5229030402867462,-0.8936560375473306
16,1576393200,24,16,0,40,50,-0.5229030402867462,-1.0464831034468278
16,1576407600,45,95,50,140,50,-0.3831961211261651,-0.8530311212955656
16,1576422000,124,223,99,347,50,-0.24628334034879568,-0.4525855182424529
16,1576436400,152,267,115,419,50,-0.20157712621740975,-0.3133000910935441
16,1576450800,86,93,7,179,50,-0.5033440716042648,-0.7775848482565734
16,1576465200,37,17,0,54,50,-0.5229030402867462,-1.0193998259456512
16,1576479600,14,111,97,125,50,-0.25187161711521894,-0.8820489186182549
16,1576494000,138,1335,1197,1473,50,2.8216806044175637,1.7256838007807591
16,1576508400,248,437,189,685,50,0.005189114140250164,0.20128218142881324
16,1576522800,880,503,0,1383,50,-0.5229030402867462,1.5515770168446232
16,1576537200,331,156,0,487,50,-0.5229030402867462,-0.18175274323068585
16,1576551600,78,33,0,111,51,-0.507290569634122,-0.8657462037860792
16,1576566000,13,117,104,130,51,-0.19555095115327722,-0.8270031872640239
16,1576580400,132,1357,1225,1489,51,3.164642436510445,1.9441420471293045
16,1576594800,279,513,234,792,51,0.19412357194777882,0.5228850726096946
16,1576609200,855,488,0,1343,51,-0.507290569634122,1.6464325517493001
16,1576623600,289,160,0,449,51,-0.507290569634122,-0.1765283309200417
16,1576638000,84,27,0,111,51,-0.507290569634122,-0.8657462037860792
16,1576652400,15,121,106,136,51,-0.18955595849018406,-0.8147685504675853
16,1576666800,143,1235,1092,1378,51,2.7659754244147488,1.7178012663951916
16,1576681200,288,475,187,763,51,0.053241244365089334,0.4637509947602417
16,1576695600,922,584,0,1506,51,-0.507290569634122,1.9788068513858803
16,1576710000,349,168,0,517,51,-0.507290569634122,-0.037869113893738295
16,1576724400,95,37,0,132,51,-0.507290569634122,-0.8229249749985443
16,1576738800,11,111,100,122,51,-0.20754093647946356,-0.8433160363259419
16,1576753200,148,1408,1260,1556,51,3.269554808114575,2.080762158022868
16,1576767600,307,494,187,801,51,0.053241244365089334,0.5412370278043523
16,1576782000,913,524,0,1437,51,-0.507290569634122,1.8381085282268372
16,1576796400,272,176,0,448,51,-0.507290569634122,-0.17856743705278144
16,1576810800,80,46,0,126,51,-0.507290569634122,-0.8351596117949829
16,1576825200,12,98,86,110,51,-0.24950588512111574,-0.867785309918819
16,1576839600,135,1105,970,1240,51,2.4002808719660655,1.4364046200771052
16,1576854000,311,462,151,773,51,-0.05466862357058772,0.4841420560876392
16,1576868400,746,509,0,1255,51,-0.507290569634122,1.4669912120682016
16,1576882800,219,168,0,387,51,-0.507290569634122,-0.3029529111499066
16,1576897200,68,46,0,114,51,-0.507290569634122,-0.85962888538786
16,1576911600,13,30,17,43,51,-0.4563331319978301,-1.0044054208123827
16,1576926000,50,112,62,162,51,-0.3214457970782338,-0.7617517910163516
16,1576940400,140,214,74,354,51,-0.2854758410996748,-0.37024341353031853
16,1576954800,157,265,108,422,51,-0.1835609658270909,-0.2315841965040151
16,1576969200,87,136,49,223,51,-0.3604132493883394,-0.6373663169192265
16,1576983600,61,30,0,91,51,-0.507290569634122,-0.9065283264408743
16,1576998000,9,12,3,21,51,-0.4982980806394823,-1.0492657557326572
16,1577012400,49,83,34,132,51,-0.40537569436153814,-0.8229249749985443
16,1577026800,105,163,58,268,51,-0.3334357824044201,-0.5456065409459375
16,1577041200,143,225,82,368,51,-0.2614958704473021,-0.34169592767196194
16,1577055600,70,116,46,186,51,-0.36940573838297913,-0.7128132438305975
16,1577070000,32,19,0,51,51,-0.507290569634122,-0.9880925717504645
16,1577084400,12,119,107,131,51,-0.18655846215863747,-0.824964081131284
16,1577098800,123,758,635,881,51,1.3961196008979595,0.7043655184235329
16,1577113200,237,368,131,605,51,-0.11461855020151943,0.14157222578736023
16,1577127600,605,424,0,1029,51,-0.507290569634122,1.0061532260690167
16,1577142000,181,120,0,301,51,-0.507290569634122,-0.47831603856552557
16,1577156400,60,34,0,94,52,-0.5325106100739564,-0.8475583147214798
16,1577170800,13,93,80,106,52,0.07607294429627949,-0.7994509448673635
16,1577185200,112,485,373,597,52,2.3050102121772684,1.1689422716635622
16,1577199600,327,230,0,557,52,-0.5325106100739564,1.008584372149841
16,1577214000,293,232,0,525,52,-0.5325106100739564,0.8802980525388643
16,1577228400,95,80,0,175,52,-0.5325106100739564,-0.5228335682061946
16,1577242800,48,21,0,69,52,-0.5325106100739564,-0.9477820019175554
16,1577257200,8,17,9,25,52,-0.46404496020730485,-1.1241756913826486
16,1577271600,29,48,19,77,52,-0.38797201591102537,-0.9157104220148112
16,1577286000,53,74,21,127,52,-0.37275742705176945,-0.7152630476226599
16,1577300400,92,115,23,207,52,-0.3575428381925136,-0.39454724859521784
16,1577314800,55,62,7,117,52,-0.47925954906656076,-0.7553525225010902
16,1577329200,22,22,0,44,52,-0.5325106100739564,-1.0480056891136311
16,1577343600,11,79,68,90,52,-0.015214588859255897,-0.8635941046728518
16,1577358000,77,476,399,553,52,2.502799867347595,0.992548582198469
16,1577372400,191,245,54,436,52,-0.12171671087404717,0.523501726120835
16,1577386800,493,308,0,801,52,-0.5325106100739564,1.9867675591835394
16,1577401200,146,122,0,268,52,-0.5325106100739564,-0.15000145183679328
16,1577415600,66,31,0,97,52,-0.5325106100739564,-0.8355314722579507
16,1577430000,14,88,74,102,52,0.030429177718511793,-0.8154867348187356
16,1577444400,83,533,450,616,52,2.8907718832586204,1.2451122739325797
16,1577458800,204,307,103,511,52,0.2510407161777223,0.824172787709062
16,1577473200,447,376,0,823,52,-0.5325106100739564,2.074964403916086
16,1577487600,165,148,0,313,52,-0.5325106100739564,0.03040118511614287
