remote_unit_id,time_stamp,entries,exits,num_people_exited,sum_exit_entry,week_num,z_score_num_people_exited,z_score_sum_exit_entry
169,1546300800,0,0,0,0,1,-0.7288844026613621,-1.7758508323900726
169,1546315200,104,224,120,328,1,0.1350801762222844,-0.8831951706004776
169,1546329600,106,81,0,187,1,-0.7288844026613621,-1.2669282447234436
169,1546344000,269,96,0,365,1,-0.7288844026613621,-0.7824992575327488
169,1546358400,410,202,0,612,1,-0.7288844026613621,-0.11028600002655999
169,1546372800,322,348,26,670,1,-0.5416920772365721,0.04756164748501473
169,1546387200,99,285,186,384,1,0.61026069460829,-0.7307905454168881
169,1546401600,24,101,77,125,1,-0.17450713121102226,-1.435661936890989
169,1546416000,444,128,0,572,1,-0.7288844026613621,-0.2191464465862667
169,1546430400,788,283,0,1071,1,-0.7288844026613621,1.1388876242460744
169,1546444800,551,346,0,897,1,-0.7288844026613621,0.6653446817113502
169,1546459200,457,799,342,1256,1,1.7334146471570304,1.6423671895847178
169,1546473600,135,466,331,601,1,1.6542178940926962,-0.14022262283047932
169,1546488000,34,119,85,153,1,-0.11690949261877917,-1.3594596242991943
169,1546502400,482,129,0,611,1,-0.7288844026613621,-0.11300751119055265
169,1546516800,839,346,0,1185,1,-0.7288844026613621,1.4491398969412386
169,1546531200,528,441,0,969,1,-0.7288844026613621,0.8612934855188223
169,1546545600,466,807,341,1273,1,1.726214942333,1.6886328793725933
169,1546560000,123,517,394,640,1,2.1077992980066105,-0.034083687434765295
169,1546574400,28,159,131,187,1,0.21427692928661865,-1.2669282447234436
169,1546588800,447,133,0,580,1,-0.7288844026613621,-0.19737435727432534
169,1546603200,817,360,0,1177,1,-0.7288844026613621,1.427367807629297
169,1546617600,570,416,0,986,1,-0.7288844026613621,0.9075591753066976
169,1546632000,494,715,221,1209,1,0.8622503634493536,1.5144561648770625
169,1546646400,151,667,516,818,1,2.986163286538318,0.4503452997559295
169,1546660800,41,185,144,226,1,0.3078730919990137,-1.1607893093277297
169,1546675200,191,62,0,253,1,-0.7288844026613621,-1.0873085078999276
169,1546689600,430,178,0,608,1,-0.7288844026613621,-0.12117204468253065
169,1546704000,451,324,0,775,1,-0.7288844026613621,0.3333203197042448
169,1546718400,388,466,78,854,1,-0.1673074263869919,0.5483197016596656
169,1546732800,204,372,168,576,1,0.480666007775743,-0.20826040193029602
169,1546747200,36,186,150,222,1,0.35107132094319604,-1.1716753539837004
169,1546761600,131,55,0,186,1,-0.7288844026613621,-1.2696497558874362
169,1546776000,397,157,0,554,1,-0.7288844026613621,-0.2681336475381347
169,1546790400,537,299,0,836,1,-0.7288844026613621,0.4993325007077975
169,1546804800,290,534,244,824,1,1.0278435744020524,0.4666743667398855
169,1546819200,111,382,271,493,1,1.2222356046508729,-0.43414582854168743
169,1546833600,28,90,62,118,1,-0.2825027035714781,-1.4547125150389377
169,1546848000,504,145,0,649,1,-0.7288844026613621,-0.00959008695883129
169,1546862400,807,335,0,1142,1,-0.7288844026613621,1.3321149168895539
169,1546876800,532,425,0,957,1,-0.7288844026613621,0.8286353515509103
169,1546891200,456,821,365,1277,1,1.8990078581097294,1.699518924028564
169,1546905600,117,495,378,612,2,1.8383275654145785,-0.2403931665066262
169,1546920000,25,131,106,156,2,-0.03315119461278413,-1.3849704073203304
169,1546934400,511,154,0,665,2,-0.7624774760940358,-0.10736116264012112
169,1546948800,840,366,0,1206,2,-0.7624774760940358,1.2505692919217515
169,1546963200,520,456,0,976,2,-0.7624774760940358,0.6732605958972955
169,1546977600,512,855,343,1367,2,1.5975122837934106,1.6546853791388707
169,1546992000,134,546,412,680,2,2.072262410417999,-0.06971059550809137
169,1547006400,26,113,87,139,2,-0.1638794903499896,-1.4276410500699641
169,1547020800,499,139,0,638,2,-0.7624774760940358,-0.17513218347777465
169,1547035200,870,362,0,1232,2,-0.7624774760940358,1.315830274950603
169,1547049600,546,432,0,978,2,-0.7624774760940358,0.6782806715148995
169,1547064000,455,844,389,1299,2,1.914012368209803,1.484002808140336
169,1547078400,156,575,419,731,2,2.1204254667422324,0.058301332740809744
169,1547092800,26,137,111,163,2,0.001250988475954155,-1.3674001426587166
169,1547107200,510,139,0,649,2,-0.7624774760940358,-0.14752176758095284
169,1547109388,28,56,28,84,2,-0.5698252507971013,-1.565693129554073
169,1547110479,9,36,27,45,2,-0.5767056874148491,-1.6635846040973505
169,1547121600,837,301,0,1138,2,-0.7624774760940358,1.0798867209232168
169,1547136000,537,456,0,993,2,-0.7624774760940358,0.7159312386469292
169,1547150400,500,760,260,1260,2,1.026436044520355,1.3861113335970585
169,1547164800,184,512,328,696,2,1.4943057345271957,-0.029549990567259654
169,1547179200,26,129,103,155,2,-0.053792504466027104,-1.3874804451291323
169,1547193600,490,153,0,643,2,-0.7624774760940358,-0.16258199443376475
169,1547208000,809,320,0,1129,2,-0.7624774760940358,1.0572963806439988
169,1547222400,573,438,0,1011,2,-0.7624774760940358,0.7611119192053649
169,1547236800,532,744,212,1276,2,0.6961750868684675,1.4262719385378904
169,1547251200,177,555,378,732,2,1.8383275654145785,0.06081137054961173
169,1547265600,42,179,137,221,2,0.18014234053739325,-1.2218179497482016
169,1547280000,184,88,0,272,2,-0.7624774760940358,-1.0938060214993004
169,1547294400,468,95,0,563,2,-0.7624774760940358,-0.36338501913792337
169,1547308800,514,495,0,1009,2,-0.7624774760940358,0.7560918435877609
169,1547323200,386,399,13,785,2,-0.6730318000633162,0.19384337441611682
169,1547337600,173,368,195,541,2,0.5792076643667573,-0.418605850931567
169,1547352000,33,181,148,214,2,0.25582714333261747,-1.2393882144098154
169,1547366400,116,58,0,174,2,-0.7624774760940358,-1.3397897267618946
169,1547380800,382,140,0,522,2,-0.7624774760940358,-0.46629656929880464
169,1547395200,445,338,0,783,2,-0.7624774760940358,0.18882329879851284
169,1547409600,289,386,97,675,2,-0.09507512417251304,-0.0822607845521013
169,1547424000,104,326,222,430,2,0.7649794530459441,-0.697220047708587
169,1547438400,20,100,80,120,2,-0.2120425466742232,-1.4753317684372018
169,1547452800,501,152,0,653,2,-0.7624774760940358,-0.1374816163457449
169,1547467200,816,389,0,1205,2,-0.7624774760940358,1.2480592541129496
169,1547481600,524,467,0,991,2,-0.7624774760940358,0.7109111630293252
169,1547496000,464,867,403,1331,2,2.01033848085827,1.5643240180219995
169,1547510400,121,526,405,647,3,1.8048487458094653,-0.029994089083188846
169,1547524800,25,128,103,153,3,-0.1034364187224695,-1.4041587671605802
169,1547539200,540,135,0,675,3,-0.7542753986787255,0.047893787407027676
169,1547541635,277,53,0,330,3,-0.7542753986787255,-0.9117961193474259
169,1547553600,554,363,0,917,3,-0.7542753986787255,0.7210675770724705
169,1547568000,523,422,0,945,3,-0.7542753986787255,0.7989554535626869
169,1547582400,530,806,276,1336,3,0.9897203146021156,1.8866040145510676
169,1547596800,154,630,476,784,3,2.2534853242259136,0.351100163743942
169,1547611200,28,139,111,167,3,-0.05288581833751759,-1.365214828915472
169,1547622015,236,33,0,269,3,-0.7542753986787255,-1.0814804217011118
169,1547625600,273,161,0,434,3,-0.7542753986787255,-0.6224982923837645
169,1547627184,172,26,0,198,3,-0.7542753986787255,-1.2789818228013037
169,1547633575,425,78,0,503,3,-0.7542753986787255,-0.4305603110328738
169,1547640000,240,311,71,551,3,-0.3056388202622772,-0.2970382370496455
169,1547654400,521,430,0,951,3,-0.7542753986787255,0.8156457128105905
169,1547668800,460,884,424,1344,3,1.9249064217237262,1.9088576935482724
169,1547683200,136,593,457,729,3,2.133427648311653,0.19810612063815952
169,1547697600,34,135,101,169,3,-0.1160740688187075,-1.3596514091661709
169,1547712000,612,173,0,785,3,-0.7542753986787255,0.3538818736185926
169,1547726400,879,359,0,1238,3,-0.7542753986787255,1.6139964468353099
169,1547740800,535,459,0,994,3,-0.7542753986787255,0.9352592374205658
169,1547755200,530,815,285,1345,3,1.0465897400351865,1.911639403422923
169,1547769600,135,633,498,768,3,2.392499475284531,0.3065928057495325
169,1547784000,28,155,127,183,3,0.048215382432386246,-1.3207074709210627
169,1547798400,484,160,0,644,3,-0.7542753986787255,-0.03833921870714062
169,1547812800,838,362,0,1200,3,-0.7542753986787255,1.5082914715985873
169,1547827200,573,508,0,1081,3,-0.7542753986787255,1.1772679965151671
169,1547841600,490,835,345,1325,3,1.425719242922326,1.8560052059299113
169,1547856000,180,569,389,749,3,1.7037475450395616,0.2537403181311713
169,1547870400,42,216,174,258,3,0.34520015969397877,-1.1120792303222684
169,1547884800,182,76,0,258,3,-0.7542753986787255,-1.1120792303222684
169,1547899200,461,171,0,632,3,-0.7542753986787255,-0.07171973720294769
169,1547913600,490,364,0,854,3,-0.7542753986787255,0.5458198549694833
169,1547928000,379,471,92,850,3,-0.1729434942517784,0.5346930154708809
169,1547942400,148,397,249,545,3,0.8191120383029029,-0.313728496297549
169,1547956800,37,173,136,210,3,0.10508480786545715,-1.2456013043054968
169,1547971200,117,59,0,176,3,-0.7542753986787255,-1.3401794400436167
169,1547985600,359,102,0,461,3,-0.7542753986787255,-0.5473921257681986
169,1548000000,446,279,0,725,3,-0.7542753986787255,0.18697928113955717
169,1548014400,296,445,149,741,3,0.18722953349100402,0.2314866391339666
169,1548028800,111,333,222,444,3,0.6485037620036903,-0.5946811936372586
169,1548043200,22,106,84,128,3,-0.2234940946367303,-1.473701514026845
169,1548057600,250,81,0,331,3,-0.7542753986787255,-0.9090144094727752
169,1548072000,435,209,0,644,3,-0.7542753986787255,-0.03833921870714062
169,1548086400,404,352,0,756,3,-0.7542753986787255,0.2732122872537255
169,1548100800,257,574,317,831,3,1.2487921415749943,0.4818405278525197
169,1548115200,65,417,352,482,4,1.3664948867861268,-0.6794647387566639
169,1548129600,10,99,89,109,4,-0.2421913030720803,-1.549326191511579
169,1548144000,403,143,0,546,4,-0.7865756030621199,-0.5302123715279385
169,1548158400,855,379,0,1234,4,-0.7865756030621199,1.0742505761808592
169,1548172800,538,439,0,977,4,-0.7865756030621199,0.4749090390280089
169,1548187200,535,793,258,1328,4,0.7915271991561973,1.2934649905480495
169,1548201600,92,567,475,659,4,2.118846222727418,-0.2666886606397203
169,1548216000,15,124,109,139,4,-0.11985775251252082,-1.479364144373114
169,1548230400,461,143,0,604,4,-0.7865756030621199,-0.39495241372690615
169,1548244800,876,380,0,1256,4,-0.7865756030621199,1.1255560774157336
169,1548259200,584,467,0,1051,4,-0.7865756030621199,0.6474820886362226
169,1548273600,504,823,319,1327,4,1.1646445283628537,1.2911329223101007
169,1548288000,92,612,520,704,4,2.394096711486427,-0.16174558993202276
169,1548302400,14,164,150,178,4,0.13092602613457613,-1.3884134830931094
169,1548316800,472,149,0,621,4,-0.7865756030621199,-0.35530725368177596
169,1548331200,907,331,0,1238,4,-0.7865756030621199,1.0835788491326546
169,1548345600,527,448,0,975,4,-0.7865756030621199,0.4702449025521112
169,1548360000,503,782,279,1285,4,0.9199774272437348,1.1931860563162497
169,1548374400,86,647,561,733,4,2.6448804901335237,-0.09411561103150659
169,1548388800,16,147,131,163,4,0.01470915310299461,-1.423394506662342
169,1548403200,467,143,0,610,4,-0.7865756030621199,-0.3809600042992132
169,1548417600,893,471,0,1364,4,-0.7865756030621199,1.3774194471142076
169,1548432000,676,508,0,1184,4,-0.7865756030621199,0.9576471642834176
169,1548446400,559,770,211,1329,4,0.5040433553412326,1.2957970587859984
169,1548460800,95,517,422,612,4,1.7946623137445852,-0.3762958678233155
169,1548475200,22,205,183,227,4,0.33277638455784925,-1.2741421394336165
169,1548489600,174,84,0,258,4,-0.7865756030621199,-1.2018480240572027
169,1548504000,537,192,0,729,4,-0.7865756030621199,-0.10344388398330193
169,1548518400,565,380,0,945,4,-0.7865756030621199,0.4002828554136462
169,1548532800,380,422,42,802,4,-0.5296751468870451,0.06679709738696295
169,1548547200,113,388,275,501,4,0.8955107171318228,-0.635155442235636
169,1548561600,21,212,191,233,4,0.38170980478167305,-1.2601497300059235
169,1548576000,124,96,0,220,4,-0.7865756030621199,-1.2904666170992585
169,1548590400,496,144,0,640,4,-0.7865756030621199,-0.31099795716074813
169,1548604800,554,317,0,871,4,-0.7865756030621199,0.22770980580543249
169,1548619200,329,473,144,802,4,0.09422596096670827,0.06679709738696295
169,1548633600,77,358,281,435,4,0.9322107822996907,-0.7890719459402591
169,1548648000,15,111,96,126,4,-0.19937456037623447,-1.5096810314664488
169,1548662400,466,139,0,605,4,-0.7865756030621199,-0.3926203454889573
169,1548676800,882,627,0,1509,4,-0.7865756030621199,1.7155693416167885
169,1548691200,677,542,0,1219,4,-0.7865756030621199,1.0392695526116267
169,1548705600,669,982,313,1651,4,1.127944463194986,2.046723031405523
169,1548720000,194,347,153,541,5,0.6240740005274583,-0.5262091412964386
169,1548734400,19,68,49,87,5,-0.31461581844772696,-1.4427012774163228
169,1548748800,379,160,0,539,5,-0.7568831370033431,-0.5302465515877156
169,1548763200,942,607,0,1549,5,-0.7568831370033431,1.508645645507181
169,1548777600,654,590,0,1244,5,-0.7568831370033431,0.892940576087435
169,1548792000,696,904,208,1600,5,1.1204965009470274,1.6115996079347452
169,1548806400,193,338,145,531,5,0.5518670913755209,-0.5463961927528237
169,1548820800,28,46,18,74,5,-0.5944175914114841,-1.4689444443096236
169,1548835200,522,150,0,672,5,-0.7568831370033431,-0.2617587672177936
169,1548849600,904,572,0,1476,5,-0.7568831370033431,1.3612801698755697
169,1548864000,683,606,0,1289,5,-0.7568831370033431,0.983782307641168
169,1548878400,661,901,240,1562,5,1.4093241375547767,1.5348888124004818
169,1548892800,157,318,161,475,5,0.6962809096793956,-0.6594436809085804
169,1548907200,23,52,29,75,5,-0.4951330913275703,-1.466925739163985
169,1548921600,440,117,0,557,5,-0.7568831370033431,-0.4939098589662224
169,1548936000,818,580,0,1398,5,-0.7568831370033431,1.2038211685157658
169,1548950400,615,531,0,1146,5,-0.7568831370033431,0.6951074718148609
169,1548964800,598,855,257,1453,5,1.5627638195026434,1.314849951525884
169,1548979200,181,373,192,554,5,0.9760826826431527,-0.49996597440313795
169,1548993600,26,52,26,78,5,-0.5222106822595468,-1.4608696237270695
169,1549008000,488,153,0,641,5,-0.7568831370033431,-0.32433862673258745
169,1549022400,819,394,0,1213,5,-0.7568831370033431,0.8303607165726412
169,1549036800,604,423,0,1027,5,-0.7568831370033431,0.45488155948387804
169,1549051200,527,857,330,1384,5,2.2216518655140716,1.1755592964768267
169,1549065600,168,556,388,724,5,2.745151956865617,-0.156786099644591
169,1549080000,35,160,125,195,5,0.3713498184956776,-1.2246811216873636
169,1549094400,156,88,0,244,5,-0.7568831370033431,-1.1257645695510765
169,1549108800,442,232,0,674,5,-0.7568831370033431,-0.2577213569265166
169,1549123200,502,355,0,857,5,-0.7568831370033431,0.11170168472533105
169,1549137600,415,444,29,859,5,-0.4951330913275703,0.11573909501660808
169,1549152000,167,410,243,577,5,1.4364017284867532,-0.4535357560534522
169,1549166400,35,208,173,243,5,0.8045912734073016,-1.1277832746967151
169,1549180800,131,71,0,202,5,-0.7568831370033431,-1.210550185667894
169,1549195200,421,144,0,565,5,-0.7568831370033431,-0.47776021780111433
169,1549209600,461,296,0,757,5,-0.7568831370033431,-0.0901688298385201
169,1549224000,309,453,144,762,5,0.5428412277315288,-0.08007530411032755
169,1549238400,133,382,249,515,5,1.4905569103507061,-0.5786954750830399
169,1549252800,29,113,84,142,5,0.0012894090919988441,-1.3316724944062048
169,1549267200,521,161,0,682,5,-0.7568831370033431,-0.24157171576140848
169,1549281600,910,648,0,1558,5,-0.7568831370033431,1.5268139918179278
169,1549296000,718,516,0,1234,5,-0.7568831370033431,0.8727535246310499
169,1549310400,718,997,279,1715,5,1.7613328196704712,1.843750699683174
169,1549324800,150,352,202,502,6,0.683609434017461,-0.6994840269768532
169,1549339200,11,67,56,78,6,-0.3797830188985894,-1.5627142107886205
169,1549353600,447,98,0,545,6,-0.787659576181458,-0.611939456448773
169,1549368000,929,589,0,1518,6,-0.787659576181458,1.3690109417796459
169,1549382400,658,497,0,1155,6,-0.787659576181458,0.629971892903062
169,1549396800,701,803,102,1504,6,-0.04474156113051873,1.3405080583518987
169,1549411200,128,516,388,644,6,2.0383422849927033,-0.4103833522097047
169,1549425600,13,117,104,130,6,-0.03017454122755913,-1.4568463580569886
169,1549440000,551,157,0,708,6,-0.787659576181458,-0.28008445654000397
169,1549454400,912,573,0,1485,6,-0.787659576181458,1.3018255736999564
169,1549468800,725,551,0,1276,6,-0.787659576181458,0.8763182425285899
169,1549483200,694,941,247,1635,6,1.0113673818340518,1.6072136104258175
169,1549497600,147,611,464,758,6,2.5918890413051683,-0.1782884442980503
169,1549512000,11,121,110,132,6,0.013526518481319654,-1.4527745175673104
169,1549526400,511,170,0,681,6,-0.787659576181458,-0.335054303150659
169,1549540800,909,570,0,1479,6,-0.787659576181458,1.289610052230922
169,1549555200,662,552,0,1214,6,-0.787659576181458,0.7500911873485674
169,1549569600,720,866,146,1586,6,0.27573287673459235,1.5074535184287028
169,1549584000,152,608,456,760,6,2.53362096169333,-0.17421660380837214
169,1549598400,17,163,146,180,6,0.27573287673459235,-1.355050345815035
169,1549612800,471,166,0,637,6,-0.787659576181458,-0.4246347939235782
169,1549627200,896,522,0,1418,6,-0.787659576181458,1.1654189172957383
169,1549641600,673,469,0,1142,6,-0.787659576181458,0.603504929720154
169,1549656000,593,887,294,1480,6,1.3536923495536024,1.291645972475761
169,1549670400,185,556,371,741,6,1.914522615817547,-0.21289908846031455
169,1549684800,19,185,166,204,6,0.4214030757641883,-1.3061882599388972
169,1549699200,217,77,0,294,6,-0.787659576181458,-1.1229554379033806
169,1549713600,534,251,0,785,6,-0.787659576181458,-0.1233185976873953
169,1549728000,613,380,0,993,6,-0.787659576181458,0.30015281323913207
169,1549742400,392,602,210,994,6,0.7418775136292993,0.30218873348397113
169,1549756800,185,420,235,605,6,0.9239652624162943,-0.48978424175842855
169,1549771200,41,225,184,266,6,0.5525062548908246,-1.1799612047588746
169,1549785600,140,74,0,214,6,-0.787659576181458,-1.2858290574905065
169,1549800000,404,102,0,506,6,-0.787659576181458,-0.6913403459974968
169,1549814400,494,336,0,830,6,-0.787659576181458,-0.03170218666963697
169,1549828800,333,415,82,748,6,-0.19041176016011466,-0.19864764674644103
169,1549843200,129,336,207,465,6,0.72002698377486,-0.7748130760358989
169,1549857600,26,101,75,127,6,-0.24139632982047324,-1.4629541187915058
169,1549872000,528,162,0,690,6,-0.787659576181458,-0.3167310209471073
169,1549886400,913,646,0,1559,6,-0.787659576181458,1.4524836718180478
169,1549900800,689,546,0,1235,6,-0.787659576181458,0.7928455124901879
169,1549915200,657,954,297,1611,6,1.3755428794080418,1.5583515245496797
169,1549929600,186,617,431,803,7,2.110397558119651,0.21621075082970193
169,1549944000,24,125,101,149,7,-0.11654916898815469,-1.3455213913806077
169,1549958400,465,134,0,599,7,-0.7981298339514528,-0.27093505499736714
169,1549963250,443,95,0,538,7,-0.7981298339514528,-0.41660120281820645
169,1549972800,384,293,0,677,7,-0.7981298339514528,-0.08467342335760544
169,1549987200,496,372,0,868,7,-0.7981298339514528,0.37142877719617
169,1550001600,449,794,345,1243,7,1.530041744388526,1.2669173908488705
169,1550016000,132,555,423,687,7,2.056410970795825,-0.06079372699353343
169,1550030400,26,139,113,165,7,-0.03556928800241631,-1.3073138771980926
169,1550044800,560,157,0,717,7,-0.7981298339514528,0.010845362098682615
169,1550045060,25,1,0,26,7,-0.7981298339514528,-1.6392416566586936
169,1550046860,29,68,39,97,7,-0.534945220747803,-1.4696958124737822
169,1550049527,31,167,136,198,7,0.11964215055358225,-1.2285108791966548
169,1550059200,925,367,0,1292,7,-0.7981298339514528,1.3839279030328233
169,1550072459,152,485,333,637,7,1.4490618634027874,-0.1801922088138935
169,1550073600,697,226,0,923,7,-0.7981298339514528,0.5027671071985661
169,1550088000,714,890,176,1604,7,0.3895750871727102,2.1289744295918704
169,1550102400,229,652,423,881,7,2.056410970795825,0.40247238246946365
169,1550116800,33,146,113,179,7,-0.03556928800241631,-1.2738823022883918
169,1550131200,527,150,0,677,7,-0.7981298339514528,-0.08467342335760544
169,1550144771,109,606,497,715,7,2.555786903541212,0.006069422825868213
169,1550145600,951,289,0,1240,7,-0.7981298339514528,1.259753481939649
169,1550160000,691,566,0,1257,7,-0.7981298339514528,1.3003489657585714
169,1550174400,807,986,179,1793,7,0.4098200574191448,2.580300690872831
169,1550188800,252,624,372,876,7,1.7122464766064371,0.3905325342874276
169,1550203200,36,226,190,262,7,0.48405161498940497,-1.075680822466594
169,1550217600,497,156,0,653,7,-0.7981298339514528,-0.14198469463137828
169,1550232000,924,516,0,1440,7,-0.7981298339514528,1.7373474092210892
169,1550246400,678,557,0,1235,7,-0.7981298339514528,1.247813633757613
169,1550260800,570,826,256,1396,7,0.9294409604109661,1.6322767452191724
169,1550275200,209,573,364,782,7,1.6582598892826117,0.1660633884651507
169,1550289600,43,198,155,241,7,0.24786029544766802,-1.1258281848311453
169,1550304000,189,79,0,268,7,-0.7981298339514528,-1.0613530046481507
169,1550318400,468,190,0,658,7,-0.7981298339514528,-0.13004484644934228
169,1550332800,573,336,0,909,7,-0.7981298339514528,0.46933553228886526
169,1550347200,415,476,61,891,7,-0.38648210560728263,0.42635207883353565
169,1550361600,174,408,234,582,7,0.7809778452704457,-0.31153053881628956
169,1550376000,44,187,143,231,7,0.16688041446192964,-1.1497078811952173
169,1550390400,123,78,0,201,7,-0.7981298339514528,-1.2213469702874333
169,1550404800,456,130,0,586,7,-0.7981298339514528,-0.3019786602706608
169,1550419200,498,296,0,794,7,-0.7981298339514528,0.19471902410203712
169,1550433600,338,419,81,757,7,-0.25151563729771864,0.10636414755497067
169,1550448000,112,385,273,497,7,1.0441624584740956,-0.5145079579109016
169,1550462400,24,121,97,145,7,-0.14354246265006748,-1.3550732699262367
169,1550476800,255,91,0,346,7,-0.7981298339514528,-0.8750913730083891
169,1550491200,534,220,0,754,7,-0.7981298339514528,0.09920023864574906
169,1550505600,492,337,0,829,7,-0.7981298339514528,0.27829796137628915
169,1550520000,379,521,142,900,7,0.16013209104645146,0.44784380556120046
169,1550534400,100,419,319,519,8,1.520429998447016,-0.7793267400358508
169,1550548800,22,107,85,129,8,-0.18284757545475416,-1.5889629377289296
169,1550563200,433,141,0,574,8,-0.8015595146925767,-0.6651472762586217
169,1550577600,849,624,0,1473,8,-0.8015595146925767,1.20116795893645
169,1550592000,641,552,0,1193,8,-0.8015595146925767,0.6198906887978292
169,1550606400,719,946,227,1665,8,0.8507653112719611,1.5997580870315042
169,1550620800,227,601,374,828,8,1.9207730179538423,-0.13784575263287288
169,1550635200,30,140,110,170,8,-0.0008734756789240178,-1.5038473374586316
169,1550649600,454,140,0,594,8,-0.8015595146925767,-0.6236274712487202
169,1550652412,284,61,0,345,8,-0.8015595146925767,-1.1405490436219936
169,1550664000,605,541,0,1146,8,-0.8015595146925767,0.5223191470245607
169,1550678400,606,490,0,1096,8,-0.8015595146925767,0.418519634499807
169,1550692800,582,895,313,1477,8,1.4767562145008168,1.2094719199384303
169,1550707200,179,543,364,722,8,1.8479833780435102,-0.3579007191853507
169,1550721600,42,141,99,183,8,-0.08094207958028928,-1.4768594642021957
169,1550736000,484,129,0,613,8,-0.8015595146925767,-0.5841836564893138
169,1550750400,896,588,0,1484,8,-0.8015595146925767,1.2240038516918958
169,1550764800,657,521,0,1178,8,-0.8015595146925767,0.588750835040403
169,1550779200,694,874,180,1568,8,0.5086540036934004,1.398387032733482
169,1550793600,238,607,369,845,8,1.8843781979986762,-0.10255391837445661
169,1550808000,34,142,108,176,8,-0.015431403660990429,-1.4913913959556613
169,1550822400,431,135,0,566,8,-0.8015595146925767,-0.6817551982625824
169,1550836800,885,457,0,1342,8,-0.8015595146925767,0.9292132361215952
169,1550851200,643,470,0,1113,8,-0.8015595146925767,0.45381146875822326
169,1550865600,578,783,205,1361,8,0.6906281034692305,0.9686570508810016
169,1551484800,6671,8159,1488,14830,9,3.8219948489956956,4.104923483131266
169,1551499200,51,186,135,237,9,-0.09324291294765306,-0.35571463759179006
169,1551513600,176,91,0,267,9,-0.48389856546971666,-0.3465445462040225
169,1551528000,492,262,0,754,9,-0.48389856546971666,-0.1976833960092628
169,1551542400,563,349,0,912,9,-0.48389856546971666,-0.14938758136702043
169,1551556800,413,468,55,881,9,-0.3247425588866537,-0.15886334246771355
169,1551571200,190,443,253,633,9,0.2482190648123729,-0.23466943127325854
169,1551585600,45,192,147,237,9,-0.05851796605680296,-0.35571463759179006
169,1551600000,128,79,0,207,9,-0.48389856546971666,-0.3648847289795576
169,1551614400,431,177,0,608,9,-0.48389856546971666,-0.24231117409639816
169,1551628800,470,288,0,758,9,-0.48389856546971666,-0.19646071715756044
169,1551643200,331,428,97,759,9,-0.20320524476867838,-0.19615504744463486
169,1551657600,105,372,267,477,9,0.288731502851698,-0.28235390648964975
169,1551672000,29,101,72,130,9,-0.2755488841246161,-0.38842129687482757
169,1551686400,343,91,0,434,9,-0.48389856546971666,-0.29549770414544985
169,1551700800,735,237,0,972,9,-0.48389856546971666,-0.13104739859148534
169,1551715200,467,374,0,841,9,-0.48389856546971666,-0.17109013098473694
169,1551729600,390,886,496,1276,9,0.9513992393520874,-0.03812380586210762
169,1551744000,125,528,403,653,10,1.9272245379940462,-0.3095681430329546
169,1551758400,32,124,92,156,10,-0.27689534112973563,-1.279766234359729
169,1551772800,522,169,0,691,10,-0.9289179420280891,-0.23538800727758757
169,1551787200,939,634,0,1573,10,-0.9289179420280891,1.486371985781195
169,1551801600,609,532,0,1141,10,-0.9289179420280891,0.6430609687728117
169,1551816000,707,947,240,1654,10,0.7720105820545721,1.6444928014702669
169,1551830400,245,591,346,836,10,1.5232540135244141,0.047667773894207746
169,1551844800,28,141,113,169,10,-0.1280640952725028,-1.2543888194960506
169,1551859200,542,171,0,713,10,-0.9289179420280891,-0.19244161289290138
169,1551873600,960,599,0,1559,10,-0.9289179420280891,1.4590424620818492
169,1551888000,675,531,0,1206,10,-0.9289179420280891,0.7699480430912027
169,1551902400,767,945,178,1712,10,0.3326040466665513,1.757715113938985
169,1551916800,213,636,423,849,10,2.0689685816676016,0.07304518875788595
169,1551931200,27,142,115,169,10,-0.11388969090514726,-1.2543888194960506
169,1551945600,525,172,0,697,10,-0.9289179420280891,-0.22367535426358223
169,1551960000,958,620,0,1578,10,-0.9289179420280891,1.4961325299595327
169,1551961536,69,21,0,90,10,-0.9289179420280891,-1.4086054175137874
169,1551974400,632,564,0,1196,10,-0.9289179420280891,0.7504269547345271
169,1551988800,770,931,161,1701,10,0.21212160954402945,1.7362419167466419
169,1552003200,229,653,424,882,10,2.076055783851279,0.13746478033491522
169,1552017600,25,162,137,187,10,0.04202875713576334,-1.2192508604540346
169,1552032000,525,157,0,682,10,-0.9289179420280891,-0.2529569867985956
169,1552046400,916,473,0,1389,10,-0.9289179420280891,1.127183960018365
169,1552060800,679,482,0,1161,10,-0.9289179420280891,0.6821031454861628
169,1552075200,613,837,224,1450,10,0.658615347115728,1.2462625989940859
169,1552089600,218,604,386,822,10,1.8067421008715243,0.020338250194861993
169,1552104000,33,198,165,231,10,0.24047041827874047,-1.1333580716846623
169,1552118400,94,84,0,178,10,-0.9289179420280891,-1.2368198399750427
169,1552132800,193,242,49,435,10,-0.5816450350278791,-0.7351278692084814
169,1552147200,216,405,189,621,10,0.4105632706870066,-0.37203562577431637
169,1552161600,157,484,327,641,10,1.3885971720345367,-0.3329934490609653
169,1552176000,172,398,226,570,10,0.6727897514830835,-0.47159317639336157
169,1552194000,36,239,203,275,10,0.5097841012584952,-1.04746528291529
169,1552208400,43,88,45,131,10,-0.6099938437625901,-1.3285689552514177
169,1552222800,138,196,58,334,10,-0.5178602153747793,-0.9322908616109044
169,1552237200,139,341,202,480,10,0.5026968990748174,-0.6472829716034414
169,1552251600,93,421,328,514,10,1.3956843742182146,-0.5809112711907446
169,1552266000,76,332,256,408,10,0.8854058169934161,-0.7878348077715053
169,1552280400,42,69,27,111,10,-0.7375634830687897,-1.3676111319647688
169,1552294800,862,286,0,1148,10,-0.9289179420280891,0.6567257306224845
169,1552309200,658,482,0,1140,10,-0.9289179420280891,0.6411088599371442
169,1552323600,713,597,0,1310,10,-0.9289179420280891,0.9729673620006283
169,1552338000,568,887,319,1455,10,1.3318995545651147,1.2560231431724236
169,1552352400,133,468,335,601,11,1.692494111201793,-0.5889386865945787
169,1552366800,51,62,11,113,11,-0.6590946028306758,-1.6337657722383498
169,1552381200,866,313,0,1179,11,-0.7389324912700497,0.6485819189425107
169,1552395600,666,573,0,1239,11,-0.7389324912700497,0.7770442655380564
169,1552410000,699,624,0,1323,11,-0.7389324912700497,0.9568915507718202
169,1552424400,657,883,226,1540,11,0.9013732166661785,1.4214970376257101
169,1552438800,139,533,394,672,11,2.1207155128311626,-0.43692490978984977
169,1552453200,47,95,48,142,11,-0.39054897808005434,-1.5716756380505028
169,1552467600,914,318,0,1232,11,-0.7389324912700497,0.762056991768576
169,1552482000,710,591,0,1301,11,-0.7389324912700497,0.9097886903534534
169,1552496400,729,671,0,1400,11,-0.7389324912700497,1.1217515622361038
169,1552510800,611,914,303,1525,11,1.4602384357417961,1.3893814509768239
169,1552525200,138,499,361,637,11,1.8812018475130405,-0.5118612786372514
169,1552539600,57,67,10,124,11,-0.6663525926888006,-1.6102143420291664
169,1552554000,905,290,0,1195,11,-0.7389324912700497,0.6828385447013229
169,1552568400,744,588,0,1332,11,-0.7389324912700497,0.9761609027611521
169,1552582800,726,684,0,1410,11,-0.7389324912700497,1.1431619533353614
169,1552597200,658,914,256,1572,11,1.1191129124099257,1.4900102891433344
169,1552611600,146,520,374,666,11,1.9755557156686643,-0.44977114444940436
169,1552626000,56,98,42,154,11,-0.4340969172288038,-1.5459831687313936
169,1552640400,839,276,0,1115,11,-0.7389324912700497,0.5115554159072621
169,1552654800,711,443,0,1154,11,-0.7389324912700497,0.5950559411943667
169,1552669200,686,610,0,1296,11,-0.7389324912700497,0.8990834948038247
169,1552683600,455,780,325,1235,11,1.6199142126205441,0.7684801090983533
169,1552698000,146,472,326,618,11,1.627172202478669,-0.5525410217258409
169,1552712400,41,126,85,167,11,-0.1220033533294329,-1.5181496603023588
169,1552726800,284,108,0,392,11,-0.7389324912700497,-1.0364158605690628
169,1552741200,529,227,0,756,11,-0.7389324912700497,-0.2570776245560859
169,1552755600,565,377,0,942,11,-0.7389324912700497,0.1411556498901055
169,1552770000,388,476,88,864,11,-0.1002293837550582,-0.025845400684103785
169,1552784400,167,414,247,581,11,1.0537910036868017,-0.631759468793094
169,1552798800,37,146,109,183,11,0.05218840326556478,-1.4838930345435466
169,1552813200,212,110,0,322,11,-0.7389324912700497,-1.1862885982638658
169,1552827600,456,170,0,626,11,-0.7389324912700497,-0.5354127088464348
169,1552842000,471,334,0,805,11,-0.7389324912700497,-0.15216670816972364
169,1552856400,273,432,159,705,11,0.41508789617180997,-0.3662706191622997
169,1552870800,84,297,213,381,11,0.8070193485105548,-1.059967290778246
169,1552885200,51,82,31,133,11,-0.5139348056681777,-1.5909449900398347
169,1552899600,831,297,0,1128,11,-0.7389324912700497,0.5393889243362969
169,1552914000,615,581,0,1196,11,-0.7389324912700497,0.6849795838112487
169,1552928400,744,640,0,1384,11,-0.7389324912700497,1.0874949364772917
169,1552942800,561,894,333,1455,11,1.6779781314855433,1.2395087132820206
169,1552957200,131,168,37,299,12,-0.3438509981805947,-1.1069453692966214
169,1552971600,49,35,0,84,12,-0.6271725523548494,-1.552486563178881
169,1552986000,859,294,0,1153,12,-0.6271725523548494,0.6627856984961675
169,1553000400,754,549,0,1303,12,-0.6271725523548494,0.9736283919023951
169,1553014800,667,608,0,1275,12,-0.6271725523548494,0.9156044224665659
169,1553029200,614,918,304,1532,12,1.7006585954552431,1.4481815705025691
169,1553043600,134,162,28,296,12,-0.4127670518986567,-1.113162223164746
169,1553058000,50,39,0,89,12,-0.6271725523548494,-1.54212514006534
169,1553072400,837,314,0,1151,12,-0.6271725523548494,0.6586411292507511
169,1553086800,651,563,0,1214,12,-0.6271725523548494,0.7891950604813668
169,1553101200,701,651,0,1352,12,-0.6271725523548494,1.0751703384150961
169,1553115600,590,901,311,1491,12,1.7542599705692912,1.3632179009715337
169,1553130000,145,157,12,302,12,-0.5352844807307668,-1.100728515428497
169,1553144400,55,148,93,203,12,0.0849600027317907,-1.305884693076607
169,1553158800,821,305,0,1126,12,-0.6271725523548494,0.6068340136830466
169,1553173200,678,561,0,1239,12,-0.6271725523548494,0.8410021760490713
169,1553187600,681,599,0,1280,12,-0.6271725523548494,0.9259658455801069
169,1553202000,522,896,374,1418,12,2.2366723465957246,1.2119411235138362
169,1553216400,137,182,45,319,12,-0.2825922837645397,-1.0654996768424578
169,1553230800,45,56,11,101,12,-0.5429418200327737,-1.5172577245928418
169,1553245200,796,253,0,1049,12,-0.6271725523548494,0.4472680977345164
169,1553259600,695,463,0,1158,12,-0.6271725523548494,0.6731471216097085
169,1553274000,727,596,0,1323,12,-0.6271725523548494,1.0150740843565589
169,1553288400,460,900,440,1360,12,2.742056740528179,1.0917486153967615
169,1553302800,157,479,322,636,12,1.8384907028913668,-0.4085854514439635
169,1553317200,42,138,96,180,12,0.10793202063781136,-1.3535472393988952
169,1553331600,285,101,0,386,12,-0.6271725523548494,-0.9266566071210095
169,1553346000,547,254,0,801,12,-0.6271725523548494,-0.06665848869711316
169,1553360400,550,404,0,954,12,-0.6271725523548494,0.25040105857723893
169,1553374800,337,488,151,825,12,0.52908568224819,-0.016923657752116756
169,1553389200,161,439,278,600,12,1.5015677736030641,-0.4831876978614581
169,1553403600,36,123,87,159,12,0.03901596691974941,-1.397065216475767
169,1553418000,204,84,0,288,12,-0.6271725523548494,-1.1297405001464114
169,1553432400,460,232,0,692,12,-0.6271725523548494,-0.2925375125723052
169,1553446800,474,361,0,835,12,-0.6271725523548494,0.0037991884749650822
169,1553461200,248,478,230,726,12,1.1340154871067336,-0.22207983540022697
169,1553475600,106,331,225,437,12,1.0957287905966993,-0.8209700913628921
169,1553490000,40,65,25,105,12,-0.43573906980467736,-1.508968586102009
169,1553504400,866,301,0,1167,12,-0.6271725523548494,0.6917976832140821
169,1553518800,626,587,0,1213,12,-0.6271725523548494,0.7871227758586585
169,1553533200,730,647,0,1377,12,-0.6271725523548494,1.1269774539828008
169,1553547600,562,933,371,1495,12,2.213700328689704,1.3715070394623663
169,1553562000,66,506,440,572,13,2.05373279405806,-0.5269182242140436
169,1553576400,15,90,75,105,13,-0.26226865753161627,-1.5160371596189675
169,1553590800,874,306,0,1180,13,-0.7381593667623716,0.7608426167414033
169,1553605200,711,518,0,1229,13,-0.7381593667623716,0.8646259739894575
169,1553619600,698,677,0,1375,13,-0.7381593667623716,1.1738580180346798
169,1553634000,598,874,276,1472,13,1.013118443206808,1.3793067048318481
169,1553648400,76,473,397,549,13,1.7808887874324268,-0.5756328612896607
169,1553662800,14,107,93,121,13,-0.14805488731623498,-1.4821487164359293
169,1553677200,914,305,0,1219,13,-0.7381593667623716,0.8434456970000587
169,1553691600,691,613,0,1304,13,-0.7381593667623716,1.0234780514099484
169,1553706000,719,607,0,1326,13,-0.7381593667623716,1.0700746607866258
169,1553720400,597,872,275,1469,13,1.006773233750398,1.3729526217350285
169,1553734800,60,539,479,599,13,2.3011959628580527,-0.46973147634266676
169,1553749200,14,84,70,98,13,-0.29399470481366663,-1.5308633535115466
169,1553763600,863,269,0,1132,13,-0.7381593667623716,0.6591772871922891
169,1553778000,717,579,0,1296,13,-0.7381593667623716,1.0065338298184294
169,1553792400,741,686,0,1427,13,-0.7381593667623716,1.2839954583795536
169,1553806800,634,858,224,1492,13,0.6831675514734844,1.4216672588106458
169,1553821200,65,585,520,650,13,2.5613495505708657,-0.3617120636967329
169,1553835600,14,94,80,108,13,-0.2305426102495659,-1.5096830765221476
169,1553850000,774,259,0,1033,13,-0.7381593667623716,0.44949254499724106
169,1553851704,16,90,74,106,13,-0.2686138669880263,-1.5139191319200274
169,1553853037,213,68,0,281,13,-0.7381593667623716,-1.1432642846055485
169,1553857401,204,58,0,262,13,-0.7381593667623716,-1.1835068108854063
169,1553864400,325,387,62,712,13,-0.34475638046494717,-0.23039434636246037
169,1553878800,707,559,0,1266,13,-0.7381593667623716,0.942992998850233
169,1553893200,477,767,290,1244,13,1.101951375596549,0.8963963894735557
169,1553907600,149,577,428,726,13,1.977590280581139,-0.20074195857730204
169,1553922000,43,141,98,184,13,-0.11632884003418462,-1.3487129714027168
169,1553936400,285,142,0,427,13,-0.7381593667623716,-0.8340322405603261
169,1553950800,591,315,0,906,13,-0.7381593667623716,0.1805030272318763
169,1553965200,546,405,0,951,13,-0.7381593667623716,0.2758142736841709
169,1553979600,382,471,89,853,13,-0.17343572514187525,0.06824755918806269
169,1553994000,178,465,287,643,13,1.082915747227319,-0.37653825758931203
169,1554008400,34,160,126,194,13,0.06133702474529738,-1.3275326944133181
169,1554022800,197,87,0,284,13,-0.7381593667623716,-1.136910201508729
169,1554037200,442,204,0,646,13,-0.7381593667623716,-0.3701841744924924
169,1554051600,447,373,0,820,13,-0.7381593667623716,-0.0016473548769533467
169,1554066000,314,471,157,785,13,0.2580385178940096,-0.07577832433984914
169,1554080400,110,378,268,488,13,0.9623567675555276,-0.7048325509249934
169,1554094800,44,73,29,117,13,-0.5541482925264796,-1.4906208272316888
169,1554109200,889,310,0,1199,13,-0.7381593667623716,0.8010851430212611
169,1554123600,670,589,0,1259,13,-0.7381593667623716,0.9281668049576538
169,1554138000,689,627,0,1316,13,-0.7381593667623716,1.048894383797227
169,1554152400,556,954,398,1510,13,1.7872339968888369,1.4597917573915637
169,1554166800,144,166,22,310,14,-0.44496020121505653,-1.1048515353350048
169,1554181200,38,27,0,65,14,-0.6074031984188148,-1.6055968797059175
169,1554195600,882,322,0,1204,14,-0.6074031984188148,0.722358006981713
169,1554210000,666,490,0,1156,14,-0.6074031984188148,0.6242527966559832
169,1554224400,714,652,0,1366,14,-0.6074031984188148,1.0534630918310512
169,1554238800,590,910,320,1500,14,1.7554040336358514,1.3273401373237137
169,1554253200,136,166,30,302,14,-0.38589002041368986,-1.1212024037226265
169,1554267600,51,24,0,75,14,-0.6074031984188148,-1.5851582942213904
169,1554282000,909,305,0,1214,14,-0.6074031984188148,0.7427965924662401
169,1554296400,705,541,0,1246,14,-0.6074031984188148,0.8082000660167267
169,1554310800,743,671,0,1414,14,-0.6074031984188148,1.151568302156781
169,1554325200,608,946,338,1554,14,1.8883119404389264,1.4377084989401596
169,1554339600,127,195,68,322,14,-0.10530666160719827,-1.0803252327535724
169,1554354000,52,41,0,93,14,-0.6074031984188148,-1.5483688403492417
169,1554368400,877,305,0,1182,14,-0.6074031984188148,0.6773931189157536
169,1554382800,701,552,0,1253,14,-0.6074031984188148,0.8225070758558957
169,1554397200,759,631,0,1390,14,-0.6074031984188148,1.102515696993916
169,1554411600,578,887,309,1465,14,1.674182535033972,1.255805088127869
169,1554426000,162,151,0,313,14,-0.6074031984188148,-1.0987199596896469
169,1554440400,50,35,0,85,14,-0.6074031984188148,-1.5647197087368634
169,1554454800,804,310,0,1114,14,-0.6074031984188148,0.5384107376209697
169,1554469200,662,456,0,1118,14,-0.6074031984188148,0.5465861718147805
169,1554483600,642,607,0,1249,14,-0.6074031984188148,0.8143316416620848
169,1554498000,471,857,386,1328,14,2.242733025247126,0.9757964669898485
169,1554512400,151,554,403,705,14,2.3682571594500303,-0.29752740869618655
169,1554526800,44,111,67,155,14,-0.1126904342073691,-1.4216496103451741
169,1554541200,302,133,0,435,14,-0.6074031984188148,-0.8493692167784168
169,1554555600,613,287,0,900,14,-0.6074031984188148,0.10102500825209086
169,1554570000,581,439,0,1020,14,-0.6074031984188148,0.34628803406641545
169,1554584400,396,527,131,923,14,0.3598710122035641,0.14803375486650308
169,1554598800,151,468,317,619,14,1.7332527158353388,-0.47329924386311917
169,1554613200,32,177,145,209,14,0.46324382860595575,-1.311281248728728
169,1554627600,209,107,0,316,14,-0.6074031984188148,-1.0925883840442887
169,1554642000,491,216,0,707,14,-0.6074031984188148,-0.2934396915992811
169,1554656400,473,420,0,893,14,-0.6074031984188148,0.08671799841292194
169,1554670800,276,493,217,769,14,0.9948754558182556,-0.16672046159521345
169,1554685200,86,371,285,457,14,1.4969719926298721,-0.8044043287124573
169,1554699600,44,70,26,114,14,-0.4154251108143732,-1.505447810831735
169,1554714000,858,306,0,1164,14,-0.6074031984188148,0.6406036650436049
169,1554728400,648,560,0,1208,14,-0.6074031984188148,0.7305334411755239
169,1554742800,741,614,0,1355,14,-0.6074031984188148,1.0309806477980714
169,1554757200,533,924,391,1457,14,2.2796518882479804,1.2394542197402474
169,1554771600,162,468,306,630,15,1.272645279012336,-0.450432092367275
169,1554786000,47,97,50,144,15,-0.3977201862399306,-1.4608212524618738
169,1554800400,859,314,0,1173,15,-0.7239634411720139,0.6784595000840977
169,1554814800,665,547,0,1212,15,-0.7239634411720139,0.7595401116966273
169,1554829200,733,743,10,1476,15,-0.6587147901855972,1.3083934826122119
169,1554843600,578,943,365,1521,15,1.6576123198321941,1.4019480344728228
169,1554858000,127,526,399,653,15,1.8794577331860107,-0.4026153214162961
169,1554872400,50,84,34,134,15,-0.5021180278181973,-1.4816111528753428
169,1554886800,892,293,0,1185,15,-0.7239634411720139,0.7034073805802606
169,1554887566,50,28,0,78,15,-0.7239634411720139,-1.59803459519077
169,1554901200,629,585,0,1214,15,-0.7239634411720139,0.7636980917793211
169,1554915600,740,610,0,1350,15,-0.7239634411720139,1.046440737402501
169,1554930000,556,895,339,1451,15,1.487965827267511,1.2564187315785391
169,1554944400,151,586,435,737,15,2.1143528767371107,-0.22798015794315554
169,1554958800,60,88,28,148,15,-0.5412672184100472,-1.4525052922964863
169,1554973200,875,331,0,1206,15,-0.7239634411720139,0.7470661714485458
169,1554987600,697,536,0,1233,15,-0.7239634411720139,0.8031989025649124
169,1555002000,765,681,0,1446,15,-0.7239634411720139,1.2460237813718045
169,1555016400,613,999,386,1612,15,1.7946344869036692,1.5911361282353917
169,1555030800,159,532,373,691,15,1.7098112406213275,-0.32361369984511346
169,1555045200,51,82,31,133,15,-0.5216926231141222,-1.4836901429166898
169,1555059600,829,294,0,1123,15,-0.7239634411720139,0.5745099980167522
169,1555059820,15,9,0,24,15,-0.7239634411720139,-1.7103000574235032
169,1555074000,682,427,0,1109,15,-0.7239634411720139,0.5454041374378954
169,1555088400,684,573,0,1257,15,-0.7239634411720139,0.8530946635572383
169,1555102800,503,865,362,1368,15,1.6380377245362692,1.0838625581467454
169,1555117200,144,448,304,592,15,1.2595955488150525,-0.5294337139384576
169,1555131600,33,131,98,164,15,-0.08452666150513066,-1.4192414516349356
169,1555146000,345,109,0,454,15,-0.7239634411720139,-0.8163343396443313
169,1555160400,583,264,0,847,15,-0.7239634411720139,0.0007087466050046933
169,1555174800,562,411,0,973,15,-0.7239634411720139,0.2626614918147155
169,1555189200,377,503,126,880,15,0.09816956125683599,0.06931541796945276
169,1555203600,154,453,299,607,15,1.2269712233218442,-0.49824886331825397
169,1555218000,38,126,88,164,15,-0.14977531249154732,-1.4192414516349356
169,1555232400,217,89,0,306,15,-0.7239634411720139,-1.1240248657636742
169,1555246800,515,199,0,714,15,-0.7239634411720139,-0.2757969288941345
169,1555261200,454,401,0,855,15,-0.7239634411720139,0.017340666935779982
169,1555275600,258,437,179,695,15,0.4439874114848443,-0.3152977396797258
169,1555290000,96,393,297,489,15,1.213921493124561,-0.7435696881971895
169,1555304400,48,68,20,116,15,-0.5934661391991806,-1.5190329736195873
169,1555318800,850,245,0,1095,15,-0.7239634411720139,0.5162982768590386
169,1555333200,637,605,0,1242,15,-0.7239634411720139,0.8219098129370346
169,1555347600,729,532,0,1261,15,-0.7239634411720139,0.8614106237226259
169,1555362000,569,922,353,1491,15,1.5793139386484942,1.3395783332324154
169,1555376400,146,477,331,623,16,0.9472014785106745,-0.5536355836571898
169,1555390800,37,67,30,104,16,-0.5628345048666653,-1.5087832455957875
169,1555405200,883,317,0,1200,16,-0.7133364301202207,0.5082530501358175
169,1555419600,708,576,0,1284,16,-0.7133364301202207,0.6628434231663419
169,1555434000,672,673,1,1345,16,-0.7083196992784355,0.7751054797718419
169,1555448400,625,977,352,1602,16,1.0525528261881634,1.2480784067818989
169,1555462800,136,495,359,631,16,1.0876699420806597,-0.5389126909876161
169,1555477200,42,110,68,152,16,-0.3721987328788284,-1.4204458895783447
169,1555491600,852,290,0,1142,16,-0.7133364301202207,0.4015120782814077
169,1555506000,754,594,0,1348,16,-0.7133364301202207,0.780626564522932
169,1555520400,738,615,0,1353,16,-0.7133364301202207,0.7898283724414156
169,1555534800,576,975,399,1551,16,1.288339175752067,1.154219966013366
169,1555549200,144,516,372,660,16,1.152887443023867,-0.4855422050604112
169,1555563600,49,86,37,135,16,-0.527717388974169,-1.451732036501189
169,1555578000,858,291,0,1149,16,-0.7133364301202207,0.4143946093672848
169,1555592400,739,550,0,1289,16,-0.7133364301202207,0.6720452310848255
169,1555606800,692,654,0,1346,16,-0.7133364301202207,0.7769458413555386
169,1555621200,610,992,382,1602,16,1.2030547514417187,1.2480784067818989
169,1555635600,181,554,373,735,16,1.1579041738656521,-0.3475150862831572
169,1555650000,46,105,59,151,16,-0.417349310454895,-1.4222862511620415
169,1555664400,566,174,0,740,16,-0.7133364301202207,-0.3383132783646736
169,1555668935,264,49,0,313,16,-0.7133364301202207,-1.1241476746031729
169,1555669016,6,0,0,6,16,-0.7133364301202207,-1.689138680798066
169,1555669101,7,6,0,13,16,-0.7133364301202207,-1.6762561497121888
169,1555669182,7,0,0,7,16,-0.7133364301202207,-1.6872983192143691
169,1555669262,6,0,0,6,16,-0.7133364301202207,-1.689138680798066
169,1555678800,391,304,0,695,16,-0.7133364301202207,-0.421129549631026
169,1555693200,562,531,0,1093,16,-0.7133364301202207,0.3113343606802685
169,1555707600,365,719,354,1084,16,1.0625862878717338,0.294771106426998
169,1555722000,164,780,616,944,16,2.3769697684194515,0.03712048470945724
169,1555736400,104,340,236,444,16,0.47061204854108224,-0.8830603071389026
169,1555750800,670,316,0,986,16,-0.7133364301202207,0.11441567122471946
169,1555765200,1048,548,0,1596,16,-0.7133364301202207,1.2370362372797186
169,1555779600,1060,949,0,2009,16,-0.7133364301202207,1.9971055713464636
169,1555794000,668,1098,430,1766,16,1.4438578318474078,1.549897706508161
169,1555808400,285,934,649,1219,16,2.5425218861983625,0.5432199202260551
169,1555822800,86,317,231,403,16,0.4455283943321563,-0.9585151320704681
169,1555837200,502,204,0,706,16,-0.7133364301202207,-0.4008855722103621
169,1555851600,976,443,0,1419,16,-0.7133364301202207,0.9112922369653991
169,1555866000,925,794,0,1719,16,-0.7133364301202207,1.463400712074415
169,1555880400,578,985,407,1563,16,1.3284730224863486,1.1763043050177269
169,1555894800,247,757,510,1004,16,1.8451962991902222,0.1475421797312604
169,1555909200,122,144,22,266,16,-0.6029683516009468,-1.2106446690369188
169,1555923600,731,200,0,931,16,-0.7133364301202207,0.01319578412139988
169,1555938000,611,321,0,932,16,-0.7133364301202207,0.0150361457050966
169,1555952400,499,484,0,983,16,-0.7133364301202207,0.1088945864736293
169,1555966800,353,818,465,1171,16,1.619443411309889,0.4548825642086126
169,1555981200,94,482,388,576,17,0.8199587982858292,-0.6299722145863051
169,1555995600,64,84,20,148,17,-0.5514636754563715,-1.4817838843568114
169,1556010000,757,249,0,1006,17,-0.6259975055510564,0.22581988354761465
169,1556024400,688,321,0,1009,17,-0.6259975055510564,0.23179052609273504
169,1556038800,555,480,0,1035,17,-0.6259975055510564,0.28353609481711156
169,1556053200,404,919,515,1323,17,1.2932486193870778,0.8567177791486672
169,1556067600,123,529,406,652,17,0.8870392453710455,-0.4787159367765891
169,1556082000,41,98,57,139,17,-0.41357608978120464,-1.4996958119921724
169,1556096400,742,223,0,965,17,-0.6259975055510564,0.14422110209763625
169,1556110800,717,329,0,1046,17,-0.6259975055510564,0.30542845081588627
169,1556125200,553,481,0,1034,17,-0.6259975055510564,0.2815458806354048
169,1556139600,380,848,468,1228,17,1.1180941186645685,0.6676474318865221
169,1556154000,101,542,441,643,17,1.017473448036744,-0.4966278644119502
169,1556168400,51,78,27,129,17,-0.5253768349232318,-1.5195979538092403
169,1556182800,740,242,0,982,17,-0.6259975055510564,0.17805474318665168
169,1556197200,683,345,0,1028,17,-0.6259975055510564,0.269604595545164
169,1556211600,590,519,0,1109,17,-0.6259975055510564,0.43081194426341407
169,1556226000,428,847,419,1275,17,0.9354862349325906,0.7611874984267413
169,1556240400,127,548,421,675,17,0.9429396179420592,-0.4329410105973329
169,1556254800,54,109,55,163,17,-0.4210294727906731,-1.4519306716312095
169,1556269200,689,245,0,934,17,-0.6259975055510564,0.08252446246472576
169,1556283600,623,336,0,959,17,-0.6259975055510564,0.13227981700739552
169,1556298000,532,507,0,1039,17,-0.6259975055510564,0.29149695154393873
169,1556312400,408,773,365,1181,17,0.7342448936769417,0.5741073653463029
169,1556326800,178,798,620,976,17,1.6845512273841732,0.16611345809641095
169,1556341200,100,367,267,467,17,0.369029126212986,-0.8469055603923453
169,1556355600,726,318,0,1044,17,-0.6259975055510564,0.3014480224524727
169,1556370000,1214,575,0,1789,17,-0.6259975055510564,1.7841575878240314
169,1556384400,1112,25,0,1137,17,-0.6259975055510564,0.4865379413512042
169,1556398800,769,2199,1430,2968,17,4.703171346218909,4.130620108056337
169,1556413200,295,611,316,906,17,0.5516370099449638,0.026798465376935632
169,1556427600,54,140,86,194,17,-0.30550203614391164,-1.390234031998299
169,1556442000,285,113,0,398,17,-0.6259975055510564,-0.9842303389301138
169,1556456400,556,233,0,789,17,-0.6259975055510564,-0.20605659388275882
169,1556470800,522,329,0,851,17,-0.6259975055510564,-0.08266331461693784
169,1556485200,287,467,180,754,17,0.04480696530110702,-0.2757140902424965
169,1556499600,113,362,249,475,17,0.3019486791277697,-0.830983846938691
169,1556514000,49,75,26,124,17,-0.5291035264279661,-1.5295490247177743
169,1556526937,773,180,0,953,17,-0.6259975055510564,0.12033853191715478
169,1556528400,129,292,163,421,17,-0.01854679027937508,-0.9384554127508576
169,1556542800,628,527,0,1155,17,-0.6259975055510564,0.5223617966219264
169,1556557200,703,611,0,1314,17,-0.6259975055510564,0.8388058515133061
169,1556571600,541,845,304,1386,17,0.5069167118881529,0.982101272596195
169,1556586000,146,471,325,617,18,1.6906054305995606,-0.43067403938200627
169,1556600400,44,80,36,124,18,-0.45398329598523124,-1.4907543193875326
169,1556614800,899,317,0,1216,18,-0.7211292965286655,0.8573342521460064
169,1556629200,686,546,0,1232,18,-0.7211292965286655,0.891738480300344
169,1556643600,738,638,0,1376,18,-0.7211292965286655,1.201376533689382
169,1556658000,606,860,254,1466,18,1.1637341517500097,1.394900317057531
169,1556672400,149,492,343,641,18,1.8241784308712778,-0.3790676971504999
169,1556686800,46,77,31,123,18,-0.4910869071718193,-1.4929045836471786
169,1556701200,882,314,0,1196,18,-0.7211292965286655,0.8143289669530844
169,1556715600,706,582,0,1288,18,-0.7211292965286655,1.0121532788405254
169,1556730000,741,634,0,1375,18,-0.7211292965286655,1.199226269429736
169,1556744400,612,890,278,1502,18,1.3418314854456326,1.4723098304047906
169,1556758800,122,462,340,584,18,1.801916264159325,-0.5016327599503275
169,1556773200,56,77,21,133,18,-0.5652941295449955,-1.4714019410507178
169,1556787600,889,290,0,1179,18,-0.7211292965286655,0.7777744745391009
169,1556790359,198,63,0,261,18,-0.7211292965286655,-1.1961681158160171
169,1556793626,164,46,0,210,18,-0.7211292965286655,-1.305831593057968
169,1556802000,339,488,149,827,18,0.3845583168316597,0.020881455143674323
169,1556816400,754,654,0,1408,18,-0.7211292965286655,1.2701849899980573
169,1556830800,615,957,342,1572,18,1.8167577086339601,1.6228283285800174
169,1556845200,147,534,387,681,18,2.150690209313253,-0.293057126764656
169,1556859600,57,110,53,167,18,-0.3278310179508317,-1.3982929562227504
169,1556874000,868,260,0,1128,18,-0.7211292965286655,0.6681109972971498
169,1556878287,275,89,0,364,18,-0.7211292965286655,-0.974690897072469
169,1556888400,493,441,0,934,18,-0.7211292965286655,0.2509597309258068
169,1556902800,681,543,0,1224,18,-0.7211292965286655,0.8745363662231752
169,1556917200,497,734,237,1231,18,1.0375818737156102,0.8895882160406979
169,1556931600,157,478,321,635,18,1.6609225416502902,-0.3919692827083765
169,1556946000,50,121,71,171,18,-0.19425801767911455,-1.389691899184166
169,1556960400,310,115,0,425,18,-0.7211292965286655,-0.843524777234057
169,1556974800,622,278,0,900,18,-0.7211292965286655,0.1778507460978395
169,1556989200,538,402,0,940,18,-0.7211292965286655,0.2638613164836834
169,1557003600,376,419,43,795,18,-0.40203824032400787,-0.04792700116500081
169,1557018000,150,403,253,553,18,1.156313429512692,-0.5682909519993565
169,1557032400,31,136,105,167,18,0.05804653838968449,-1.3982929562227504
169,1557046800,194,63,0,257,18,-0.7211292965286655,-1.2047691728546015
169,1557061200,482,204,0,686,18,-0.7211292965286655,-0.2823058054664255
169,1557075600,476,349,0,825,18,-0.7211292965286655,0.01658092662438213
169,1557090000,249,398,149,647,18,0.3845583168316597,-0.3661661115926233
169,1557104400,83,323,240,406,18,1.059844040427563,-0.8843797981673329
169,1557118800,50,63,13,113,18,-0.6246599074435365,-1.5144072262436397
169,1557133200,854,298,0,1152,18,-0.7211292965286655,0.7197173395286561
169,1557147600,693,525,0,1218,18,-0.7211292965286655,0.8616347806652986
169,1557162000,748,581,0,1329,18,-0.7211292965286655,1.1003141134860155
169,1557176400,559,941,382,1500,18,2.113586598126665,1.4680093018854983
169,1557190800,149,476,327,625,19,1.3824273531572735,-0.5425234230450244
169,1557205200,45,92,47,137,19,-0.4330216332335179,-1.613153124444102
169,1557219600,882,290,0,1172,19,-0.7377577130919721,0.6575471643838596
169,1557234000,723,600,0,1323,19,-0.7377577130919721,0.9888280760872626
169,1557248400,702,658,0,1360,19,-0.7377577130919721,1.0700028690212091
169,1557262800,590,919,329,1509,19,1.3953948459172079,1.396895954079534
169,1557277200,145,529,384,674,19,1.7520008968153988,-0.4350216702406089
169,1557291600,60,70,10,130,19,-0.672920249292301,-1.6285105177018757
169,1557306000,866,296,0,1162,19,-0.7377577130919721,0.6356080311584686
169,1557320400,723,543,0,1266,19,-0.7377577130919721,0.8637750167025343
169,1557334800,755,615,0,1370,19,-0.7377577130919721,1.0919420022466
169,1557349200,598,988,390,1586,19,1.7909033750952017,1.5658272799150443
169,1557363600,158,589,431,747,19,2.0567369766738532,-0.2748659976952551
169,1557378000,53,89,36,142,19,-0.504342843413156,-1.6021835578314065
169,1557392400,881,332,0,1213,19,-0.7377577130919721,0.7474976106079624
169,1557406800,755,523,0,1278,19,-0.7377577130919721,0.8901019765730035
169,1557421200,723,643,0,1366,19,-0.7377577130919721,1.0831663489564436
169,1557435600,619,1023,404,1642,19,1.8816758244147411,1.6886864259772334
169,1557450000,159,562,403,721,19,1.875192078034774,-0.3319077440812715
169,1557464400,47,116,69,163,19,-0.2903792128742414,-1.5561113780580855
169,1557478800,827,298,0,1125,19,-0.7377577130919721,0.5544332382245222
169,1557493200,715,429,0,1144,19,-0.7377577130919721,0.596117591352765
169,1557507600,670,597,0,1267,19,-0.7377577130919721,0.8659689300250735
169,1557522000,458,758,300,1216,19,1.2073662008981616,0.7540793505755797
169,1557536400,175,524,349,699,19,1.52506977351655,-0.38017383717713155
169,1557550800,36,150,114,186,19,0.0013893742242786274,-1.5056513716396864
169,1557565200,290,158,0,448,19,-0.7377577130919721,-0.930846081134444
169,1557579600,577,231,0,808,19,-0.7377577130919721,-0.14103728502037038
169,1557594000,530,373,0,903,19,-0.7377577130919721,0.06738448062084347
169,1557608400,420,461,41,881,19,-0.47192411151332053,0.019118387524983422
169,1557622800,129,433,304,562,19,1.2333011864180299,-0.6807399623649873
169,1557637200,37,136,99,173,19,-0.09586682147522806,-1.5341722448326947
169,1557651600,181,93,0,274,19,-0.7377577130919721,-1.3125869992562462
169,1557666000,436,223,0,659,19,-0.7377577130919721,-0.4679303700786953
169,1557680400,369,331,0,700,19,-0.7377577130919721,-0.37797992385459245
169,1557694800,232,438,206,670,19,0.5978940411812529,-0.4437973235307653
169,1557709200,92,327,235,419,19,0.7859226862002991,-0.9944695674880777
169,1557723600,44,59,15,103,19,-0.6405015173924654,-1.6877461774104312
169,1557738000,849,291,0,1140,19,-0.7377577130919721,0.5873419380626086
169,1557752400,576,560,0,1136,19,-0.7377577130919721,0.5785662847724522
169,1557766800,660,605,0,1265,19,-0.7377577130919721,0.8615811033799953
169,1557781200,493,779,286,1272,19,1.116593751578622,0.8769384966377689
169,1557795600,162,509,347,671,20,0.793560849685533,-0.7171148294296599
169,1557810000,48,79,31,127,20,-0.8878152034796002,-1.781121558620443
169,1557824400,884,291,0,1175,20,-1.0527603226192177,0.2686561108500363
169,1557838800,281,552,271,833,20,0.3891792672787288,-0.4002598843397575
169,1557853200,424,668,244,1092,20,0.2455173893184168,0.10631684885953079
169,1557867600,588,938,350,1526,20,0.8095232805700121,0.9551751585448247
169,1557882000,135,475,340,610,20,0.7563151776217484,-0.8364244075190675
169,1557896400,45,80,35,125,20,-0.8665319623002947,-1.7850333480659974
169,1557910800,875,290,0,1165,20,-1.0527603226192177,0.24909716362226456
169,1557925200,297,535,238,832,20,0.21359252754945857,-0.4022157790625347
169,1557939600,356,627,271,983,20,0.3891792672787288,-0.10687567592318128
169,1557954000,575,863,288,1438,20,0.47963304229077713,0.7830564229404333
169,1557968400,152,540,388,692,20,1.011714071773414,-0.6760410402513392
169,1557982800,50,99,49,149,20,-0.7920406181727255,-1.7380918747193452
169,1557997200,879,295,0,1174,20,-1.0527603226192177,0.26670021612725914
169,1558011600,315,502,187,817,20,-0.057768797486686334,-0.4315541999041923
169,1558026000,375,614,239,989,20,0.21891333784428496,-0.09514030758651823
169,1558040400,545,867,322,1412,20,0.6605405923148737,0.7322031601482267
169,1558054800,169,522,353,691,20,0.8254857114544912,-0.6779969349741164
169,1558069200,74,122,48,196,20,-0.7973614284675519,-1.646164822748818
169,1558083600,808,283,0,1091,20,-1.0527603226192177,0.10436095413675361
169,1558098000,286,426,140,712,20,-0.3078468813435258,-0.6369231457957957
169,1558112400,335,576,241,911,20,0.2295549584339377,-0.24770009596313788
169,1558126800,490,842,352,1332,20,0.8201649011596649,0.5757315823260528
169,1558141200,206,777,571,983,20,1.98542235572664,-0.10687567592318128
169,1558155600,132,374,242,506,20,0.23487576872876406,-1.0398374586878938
169,1558170000,786,352,0,1138,20,-1.0527603226192177,0.19628800610728084
169,1558184400,1281,610,0,1891,20,-1.0527603226192177,1.6690767323584936
169,1558198800,1154,1098,0,2252,20,-1.0527603226192177,2.375154727281054
169,1558213200,823,1250,427,2073,20,1.2192256732716427,2.0250495719039394
169,1558227600,355,1057,702,1412,20,2.6824485043488946,0.7322031601482267
169,1558242000,92,310,218,402,20,0.10717632165293116,-1.24325050985672
169,1558256400,574,210,0,784,20,-1.0527603226192177,-0.4960987257558391
169,1558270800,1025,464,0,1489,20,-1.0527603226192177,0.8828070538020693
169,1558285200,1017,873,0,1890,20,-1.0527603226192177,1.6671208376357163
169,1558299600,620,1068,448,1688,20,1.3309626894629965,1.272030103634727
169,1558314000,279,825,546,1104,20,1.8524020983559806,0.12978758553285688
169,1558328400,108,163,55,271,20,-0.7601157564037673,-1.4994727185405299
169,1558342800,902,307,0,1209,20,-1.0527603226192177,0.3351565314244602
169,1558357200,675,438,0,1113,20,-1.0527603226192177,0.14739063803785146
169,1558371600,704,586,0,1290,20,-1.0527603226192177,0.49358400396941143
169,1558386000,488,855,367,1343,20,0.8999770555820604,0.5972464242766017
169,1558400400,147,513,366,660,21,1.4427317227473297,-0.258104788196824
169,1558414800,49,90,41,139,21,-0.5176506067173999,-1.560216180059499
169,1558429200,929,331,0,1260,21,-0.764960377511412,1.2414476784396538
169,1558443600,694,416,0,1110,21,-0.764960377511412,0.8665595617805343
169,1558454846,529,150,0,679,21,-0.764960377511412,-0.21061896008666886
169,1558458000,206,618,412,824,21,1.720201221686953,0.15177288601714659
169,1558472400,544,966,422,1510,21,1.7805206779781755,1.866261206204853
169,1558486800,146,599,453,745,21,1.967510992480965,-0.04566818875665632
169,1558501200,57,80,23,137,21,-0.6262256280416003,-1.5652146882816205
169,1558515600,882,300,0,1182,21,-0.764960377511412,1.0465058577769117
169,1558530000,713,448,0,1161,21,-0.764960377511412,0.994021521444635
169,1558544400,747,612,0,1359,21,-0.764960377511412,1.4888738354346727
169,1558558800,553,952,399,1505,21,1.6417859285083638,1.853764935649549
169,1558573200,149,579,430,728,21,1.8287762430111534,-0.08815550864468985
169,1558587600,50,86,36,136,21,-0.5478103348630111,-1.5677139423926811
169,1558602000,847,252,0,1099,21,-0.764960377511412,0.8390677665588656
169,1558616400,658,320,0,978,21,-0.764960377511412,0.5366580191205093
169,1558630800,647,584,0,1231,21,-0.764960377511412,1.1689693092188906
169,1558645200,424,902,478,1326,21,2.118309633209021,1.4063984497696662
169,1558659600,153,570,417,723,21,1.7503609498325643,-0.10065177919999384
169,1558674000,46,103,57,149,21,-0.421139476651444,-1.535223638948891
169,1558687306,726,208,0,934,21,-0.764960377511412,0.4266908382338342
169,1558688400,105,263,158,368,21,0.18808703188990278,-0.9878869886265765
169,1558702800,688,326,0,1014,21,-0.764960377511412,0.6266311671186979
169,1558717200,661,619,0,1280,21,-0.764960377511412,1.2914327606608698
169,1558731600,458,792,334,1250,21,1.249709462615418,1.2164551373290458
169,1558746000,162,490,328,652,21,1.2135177888406845,-0.27809882108531037
169,1558760400,40,135,95,175,21,-0.19192554274479867,-1.4702430320613102
169,1558774800,287,107,0,394,21,-0.764960377511412,-0.9229063817389958
169,1558789200,561,202,0,763,21,-0.764960377511412,-0.0006816147575619837
169,1558803600,509,338,0,847,21,-0.764960377511412,0.2092557305715449
169,1558818000,319,436,117,755,21,-0.059222738904109284,-0.020675647646048352
169,1558832400,129,381,252,510,21,0.7550899210273938,-0.6329929048559434
169,1558846800,46,140,94,186,21,-0.19795748837392094,-1.4427512368396413
169,1558861200,240,71,0,311,21,-0.764960377511412,-1.130344472957042
169,1558875600,743,168,0,911,21,-0.764960377511412,0.36920799367943585
169,1558890000,550,276,0,826,21,-0.764960377511412,0.15677139423926817
169,1558904400,244,430,186,674,21,0.35698150950532564,-0.22311523064197286
169,1558918800,100,374,274,474,21,0.8877927248680832,-0.7229660528541321
169,1558933200,32,80,48,112,21,-0.4754269873135442,-1.6276960410581403
169,1558947600,239,95,0,334,21,-0.764960377511412,-1.0728616284026435
169,1558962000,444,211,0,655,21,-0.764960377511412,-0.270601058752128
169,1558976400,462,386,0,848,21,-0.764960377511412,0.2117549846826057
169,1558990800,255,415,160,670,21,0.20015092314814725,-0.23311224708621603
169,1559005200,108,351,243,459,22,0.8226787341340692,-0.2837605615484471
169,1559019600,52,65,13,117,22,-0.48054799130625686,-0.960040088026279
169,1559034000,868,266,0,1134,22,-0.5542086323094056,1.0510016617630635
169,1559048400,602,343,0,945,22,-0.5542086323094056,0.6772682392358406
169,1559062800,598,554,0,1152,22,-0.5542086323094056,1.0865953210513704
169,1559077200,413,931,518,1344,22,2.380884601508372,1.4662610201266446
169,1559091600,111,538,427,649,22,1.86526011448633,0.09195028649479295
169,1559106000,42,85,43,127,22,-0.3105618966836056,-0.9402658328661085
169,1559120400,855,298,0,1153,22,-0.5542086323094056,1.0885727465673876
169,1559134800,672,172,0,844,22,-0.5542086323094056,0.47754826211811824
169,1559149200,660,354,0,1014,22,-0.5542086323094056,0.8137105998410172
169,1559163600,409,926,517,1335,22,2.3752183983542836,1.448464190482491
169,1559178000,88,518,430,606,22,1.882258723948595,0.006920989306059684
169,1559192400,59,90,31,149,22,-0.37855633453266613,-0.8967624715137335
169,1559206800,866,286,0,1152,22,-0.5542086323094056,1.0865953210513704
169,1559221200,672,177,0,849,22,-0.5542086323094056,0.4874353896982035
169,1559235600,696,291,0,987,22,-0.5542086323094056,0.7603201109085568
169,1559250000,388,882,494,1270,22,2.244895725810251,1.3199315319413827
169,1559264400,102,553,451,655,22,2.001248990184451,0.10381483959089527
169,1559278800,60,92,32,152,22,-0.37289013137857774,-0.8908301949656823
169,1559293200,851,293,0,1144,22,-0.5542086323094056,1.070775916923234
169,1559307600,710,224,0,934,22,-0.5542086323094056,0.655516558559653
169,1559322000,723,280,0,1003,22,-0.5542086323094056,0.7919589191648296
169,1559336400,485,696,211,1181,22,0.6413602332032412,1.143940661015865
169,1559350800,134,383,249,517,22,0.8566759530585994,-0.16906988161945802
169,1559365200,0,2,2,2,22,-0.542876226001229,-1.18744402236824
169,1559379600,0,2,2,2,22,-0.542876226001229,-1.18744402236824
169,1559394000,1,2,1,3,22,-0.5485424291553174,-1.185466596852223
169,1559408400,2,0,0,2,22,-0.5542086323094056,-1.18744402236824
169,1559422800,1,1,0,2,22,-0.5542086323094056,-1.18744402236824
169,1559437200,3,1,0,4,22,-0.5542086323094056,-1.1834891713362061
169,1559451600,1,2,1,3,22,-0.5485424291553174,-1.185466596852223
169,1559466000,1,4,3,5,22,-0.5372100228471406,-1.181511745820189
169,1559480400,1,2,1,3,22,-0.5485424291553174,-1.185466596852223
169,1559494800,1,2,1,3,22,-0.5485424291553174,-1.185466596852223
169,1559509200,1,3,2,4,22,-0.542876226001229,-1.1834891713362061
169,1559523600,1,1,0,2,22,-0.5542086323094056,-1.18744402236824
169,1559538000,19,4,0,23,22,-0.5542086323094056,-1.145918086531882
169,1559552400,868,233,0,1101,22,-0.5542086323094056,0.9857466197345007
169,1559566800,598,358,0,956,22,-0.5542086323094056,0.6990199199120282
169,1559581200,534,520,0,1054,22,-0.5542086323094056,0.8928076204816993
169,1559595600,414,850,436,1264,22,1.9162559428731254,1.3080669788452803
169,1559610000,109,461,352,570,23,1.3199543860379346,-0.4734304840628628
169,1559624400,42,63,21,105,23,-0.7605451462409052,-1.7356963344038472
169,1559638800,805,216,0,1021,23,-0.8925405848446987,0.7508316632571026
169,1559653200,623,362,0,985,23,-0.8925405848446987,0.6531078554887683
169,1559667600,548,486,0,1034,23,-0.8925405848446987,0.7861208160623344
169,1559682000,432,886,454,1318,23,1.9610750878277887,1.5570530773458602
169,1559696400,133,519,386,652,23,1.5336612866345527,-0.25083736636832366
169,1559710800,44,88,44,132,23,-0.6159787134843695,-1.6624034785775963
169,1559725200,873,267,0,1140,23,-0.8925405848446987,1.0738631389357631
169,1559739600,280,382,102,662,23,-0.2514198830548447,-0.22369186421045303
169,1559754000,325,590,265,915,23,0.7731161403936474,0.4630893403836739
169,1559768400,462,910,448,1372,23,1.923362105369562,1.7036387889983617
169,1559782800,118,445,327,563,23,1.1628169591286568,-0.49243233557337224
169,1559797200,52,73,21,125,23,-0.7605451462409052,-1.6814053300881058
169,1559811600,842,260,0,1102,23,-0.8925405848446987,0.9707102307358547
169,1559826000,276,333,57,609,23,-0.534267251491545,-0.36756302564716736
169,1559840400,361,565,204,926,23,0.3897008187350093,0.4929493927573316
169,1559854800,471,874,403,1345,23,1.6405147369328617,1.630345933172111
169,1559869200,136,535,399,671,23,1.6153727486273772,-0.19926091226836948
169,1559883600,50,115,65,165,23,-0.4839832748805761,-1.5728233214566234
169,1559898000,859,250,0,1109,23,-0.8925405848446987,0.9897120822463641
169,1559912400,306,262,0,568,23,-0.8925405848446987,-0.47885958449443694
169,1559926800,320,586,266,906,23,0.7794016374700186,0.43865838844159033
169,1559941200,442,741,299,1183,23,0.9868230409902654,1.1905887982146068
169,1559955600,152,514,362,666,23,1.382809356801646,-0.21283366334730477
169,1559970000,52,137,85,189,23,-0.3582733333531537,-1.5076741162777338
169,1559984400,328,118,0,446,23,-0.8925405848446987,-0.8100347108204586
169,1559998800,529,245,0,774,23,-0.8925405848446987,0.08033775995769801
169,1560013200,523,340,0,863,23,-0.8925405848446987,0.3219327291627466
169,1560027600,349,466,117,815,23,-0.15713742690927793,0.1916343188049676
169,1560042000,150,438,288,588,23,0.9176825731501832,-0.4245685801786957
169,1560056400,26,158,132,184,23,-0.06285497076371117,-1.521246867356669
169,1560070800,214,73,0,287,23,-0.8925405848446987,-1.2416481951306015
169,1560085200,512,165,0,677,23,-0.8925405848446987,-0.1829736109736471
169,1560099600,478,369,0,847,23,-0.8925405848446987,0.27849992571015364
169,1560114000,268,453,185,721,23,0.27027637428395807,-0.06353340147901632
169,1560128400,101,336,235,437,23,0.5845512281025139,-0.8344656627625422
169,1560142800,40,80,40,120,23,-0.641120701789854,-1.6949780811670412
169,1560157200,862,251,0,1113,23,-0.8925405848446987,1.0005702831095125
169,1560171600,582,401,0,983,23,-0.8925405848446987,0.6476787550571942
169,1560186000,584,556,0,1140,23,-0.8925405848446987,1.0738631389357631
169,1560200400,415,822,407,1237,23,1.665656725238346,1.3371745098671082
169,1560214800,32,141,109,173,24,0.16429470799872964,-1.229750846938365
169,1560229200,0,1,1,1,24,-0.5789022957232725,-1.569264724423756
169,1560243600,770,266,0,1036,24,-0.5857837494614392,0.4737402941656622
169,1560258000,650,345,0,995,24,-0.5857837494614392,0.3928096605790283
169,1560272400,595,489,0,1084,24,-0.5857837494614392,0.5684883529987946
169,1560286800,477,898,421,1375,24,2.3113082743067355,1.14289845967466
169,1560301200,46,175,129,221,24,0.30192378276206333,-1.1350027881052325
169,1560315600,3,12,9,15,24,-0.5238506658179389,-1.5416298739307592
169,1560330000,920,278,0,1198,24,-0.5857837494614392,0.7935149927274843
169,1560344400,624,385,0,1009,24,-0.5857837494614392,0.42044451107202524
169,1560358800,649,592,0,1241,24,-0.5857837494614392,0.8783934620988321
169,1560373200,484,866,382,1350,24,2.042931578518235,1.093550512365737
169,1560387600,43,157,114,200,24,0.19870197668956305,-1.176455063844728
169,1560402000,2,14,12,16,24,-0.503206304603439,-1.5396559560384022
169,1560416400,882,234,0,1116,24,-0.5857837494614392,0.6316537255542163
169,1560430800,625,385,0,1010,24,-0.5857837494614392,0.42241842896438214
169,1560445200,637,525,0,1162,24,-0.5857837494614392,0.7224539486026349
169,1560459600,478,911,433,1389,24,2.393885719164736,1.1705333101676572
169,1560474000,48,133,85,181,24,-0.0008601817172708357,-1.2139595037995095
169,1560488400,1,1,0,2,24,-0.5857837494614392,-1.5672908065313993
169,1560502800,816,242,0,1058,24,-0.5857837494614392,0.5171664877975146
169,1560517200,593,342,0,935,24,-0.5857837494614392,0.2743745870376127
169,1560531600,616,555,0,1171,24,-0.5857837494614392,0.7402192096338472
169,1560546000,409,757,348,1166,24,1.8089621514205676,0.7303496201720626
169,1561165200,9990,9995,5,19985,25,-0.20915016668208375,4.102441164481792
169,1561179600,1,1,0,2,25,-0.25212622832908727,-0.2984114117389322
169,1561194000,0,3,3,3,25,-0.22634059134088516,-0.2981911819147706
169,1561208400,1,2,1,3,25,-0.24353101599968655,-0.2981911819147706
169,1561222800,0,2,2,2,25,-0.23493580367028585,-0.2984114117389322
169,1561237200,3,1,0,4,25,-0.25212622832908727,-0.29797095209060903
169,1561251600,0,2,2,2,25,-0.23493580367028585,-0.2984114117389322
169,1561266000,0,0,0,0,25,-0.25212622832908727,-0.29885187138725533
169,1561280400,1,0,0,1,25,-0.25212622832908727,-0.29863164156309374
169,1561294800,0,2,2,2,25,-0.23493580367028585,-0.2984114117389322
169,1561309200,1,2,1,3,25,-0.24353101599968655,-0.2981911819147706
169,1561323600,0,2,2,2,25,-0.23493580367028585,-0.2984114117389322
169,1561338000,0,1,1,1,25,-0.24353101599968655,-0.29863164156309374
169,1561352400,16,13,0,29,25,-0.25212622832908727,-0.2924652064865697
169,1561366800,808,230,0,1038,25,-0.25212622832908727,-0.07025331390754197
169,1561381200,585,387,0,972,25,-0.25212622832908727,-0.08478848230220583
169,1561395600,561,521,0,1082,25,-0.25212622832908727,-0.06056320164443273
169,1561410000,393,902,509,1295,25,4.12283684733587,-0.013654249098017561
169,1561424400,36,129,93,165,26,-0.15895997433709044,-1.2383569050308463
169,1561438800,2,10,8,12,26,-0.6918117192980414,-1.6079143968679437
169,1561453200,871,249,0,1120,26,-0.7419624717649544,1.068358158396788
169,1561467600,591,418,0,1009,26,-0.7419624717649544,0.8002478211816388
169,1561482000,579,479,0,1058,26,-0.7419624717649544,0.9186028349072453
169,1561496400,412,896,484,1308,26,2.2921580524832836,1.5224549457521757
169,1561510800,35,131,96,166,26,-0.14015344216199804,-1.2359414965874667
169,1561525200,3,3,0,6,26,-0.7419624717649544,-1.622406847528222
169,1561539600,833,284,0,1117,26,-0.7419624717649544,1.0611119330666487
169,1561554000,317,425,108,742,26,-0.0649273134616285,0.15533376679925318
169,1561568400,336,527,191,863,26,0.4553867433825942,0.4475981884481995
169,1561582800,417,882,465,1299,26,2.1730500153743653,1.5007162697617582
169,1561597200,38,129,91,167,26,-0.1714976624538187,-1.2335260881440868
169,1561611600,2,7,5,9,26,-0.7106182514731337,-1.615160622198083
169,1561626000,740,236,0,976,26,-0.7419624717649544,0.7205393425501081
169,1561640400,310,345,35,655,26,-0.5225529297222099,-0.05480676777478263
169,1561654800,320,525,205,845,26,0.543150560199692,0.4041208364673645
169,1561669200,446,870,424,1316,26,1.916027408981436,1.5417782132992135
169,1561683600,42,121,79,163,26,-0.24672379115418824,-1.2431877219176057
169,1561698000,1,4,3,5,26,-0.723155939589862,-1.6248222559716017
169,1561712400,691,199,0,890,26,-0.7419624717649544,0.512814216419452
169,1561726800,262,328,66,590,26,-0.32821876391292193,-0.21180831659446456
169,1561741200,267,470,203,737,26,0.5306128720829637,0.14325672458235456
169,1561755600,407,702,295,1109,26,1.1073465254524637,1.0417886655196111
169,1561770000,150,452,302,602,26,1.1512284338610126,-0.18282341527390789
169,1561784400,43,154,111,197,26,-0.046120781286536114,-1.1610638348426952
169,1561798800,272,125,0,397,26,-0.7419624717649544,-0.6779821461667509
169,1561813200,482,255,0,737,26,-0.7419624717649544,0.14325672458235456
169,1561827600,553,435,0,988,26,-0.7419624717649544,0.7495242438706647
169,1561842000,373,412,39,785,26,-0.4974775534887534,0.2591963298645812
169,1561856400,165,380,215,545,26,0.6058390007833333,-0.32050169654655203
169,1561870800,45,132,87,177,26,-0.19657303868727521,-1.2093720037102897
169,1561885200,195,81,0,276,26,-0.7419624717649544,-0.9702465678156972
169,1561899600,592,184,0,776,26,-0.7419624717649544,0.2374576538741637
169,1561914000,458,105,0,563,26,-0.7419624717649544,-0.277024344565717
169,1561928400,242,799,557,1041,26,2.749783668743865,0.87754089136979
169,1561942800,105,414,309,519,26,1.1951103422695615,-0.3833023160744248
169,1561957200,45,94,49,139,26,-0.43478911290511213,-1.301157524558719
169,1561971600,774,231,0,1005,26,-0.7419624717649544,0.79058618740812
169,1561986000,616,380,0,996,26,-0.7419624717649544,0.7688475114177025
169,1562000400,535,505,0,1040,26,-0.7419624717649544,0.8751254829264102
169,1562014800,451,902,451,1353,26,2.0852861985572675,1.6311483257042632
169,1562029200,97,486,389,583,27,2.31454262073135,0.19424549397087348
169,1562043600,58,92,34,150,27,-0.2937219875814477,-0.8193850596125505
169,1562058000,729,217,0,946,27,-0.5435276120395748,1.044009676305245
169,1562062369,254,62,0,316,27,-0.5435276120395748,-0.4307876649362263
169,1562072400,370,372,2,742,27,-0.5288331635420379,0.5664562515222924
169,1562086800,540,493,0,1033,27,-0.5435276120395748,1.2476721662862102
169,1562101200,434,785,351,1219,27,2.0353480992781496,1.6830885241765492
169,1562115600,132,490,358,622,27,2.0867786690195285,0.28554247223820267
169,1562130000,55,119,64,174,27,-0.0733052601183943,-0.7632023037557325
169,1562144400,737,270,0,1007,27,-0.5435276120395748,1.1868075141079908
169,1562158800,581,433,0,1014,27,-0.5435276120395748,1.2031941512328959
169,1562173200,620,568,0,1188,27,-0.5435276120395748,1.6105191311948261
169,1562187600,449,855,406,1304,27,2.439445432960414,1.8820691178361129
169,1562202000,125,490,365,615,27,2.1382092387609077,0.26915583511329744
169,1562216400,34,98,64,132,27,-0.0733052601183943,-0.8615221265051639
169,1562230800,232,94,0,326,27,-0.5435276120395748,-0.40737818332921877
169,1562245200,403,155,0,558,27,-0.5435276120395748,0.1357217899533548
169,1562259600,407,301,0,708,27,-0.5435276120395748,0.486864014058467
169,1562274000,312,319,7,631,27,-0.49209704229819573,0.3066110056845094
169,1562288400,111,401,290,512,27,1.5871674201032744,0.02803817456112037
169,1562302800,46,118,72,164,27,-0.014527466128246748,-0.78661178536274
169,1562317200,450,161,0,611,27,-0.5435276120395748,0.2597920424704944
169,1562331600,482,298,0,780,27,-0.5435276120395748,0.6554122816289208
169,1562346000,455,465,10,920,27,-0.47005536955189037,0.9831450241270256
169,1562360400,369,580,211,949,27,1.006736704450567,1.0510325207873472
169,1562374800,129,290,161,419,27,0.6393754920121449,-0.1896700043840492
169,1562389200,1,6,5,7,27,-0.5067914907957326,-1.1541406465927575
169,1562403600,1,4,3,5,27,-0.5214859392932695,-1.158822542914159
169,1562418000,0,4,4,4,27,-0.514138715044501,-1.1611634910748596
169,1562432400,1,3,2,4,27,-0.5288331635420379,-1.1611634910748596
169,1562446800,2,4,2,6,27,-0.5288331635420379,-1.1564815947534581
169,1562461200,3,4,1,7,27,-0.5361803877908063,-1.1541406465927575
169,1562475600,0,4,4,4,27,-0.514138715044501,-1.1611634910748596
169,1562490000,0,5,5,5,27,-0.5067914907957326,-1.158822542914159
169,1562504400,1,4,3,5,27,-0.5214859392932695,-1.158822542914159
169,1562518800,0,5,5,5,27,-0.5067914907957326,-1.158822542914159
169,1562533200,0,3,3,3,27,-0.5214859392932695,-1.1635044392355605
169,1562547600,1,4,3,5,27,-0.5214859392932695,-1.158822542914159
169,1562562000,17,6,0,23,27,-0.5435276120395748,-1.1166854760215454
169,1562572539,400,58,0,458,27,-0.5435276120395748,-0.09837302611672002
169,1562576400,390,226,0,616,27,-0.5435276120395748,0.2714967832739982
169,1562590800,575,352,0,927,27,-0.5435276120395748,0.9995316612519308
169,1562605200,572,499,0,1071,27,-0.5435276120395748,1.3366281963928386
169,1562619600,396,827,431,1223,27,2.623126039179625,1.6924523168193524
169,1562634000,96,507,411,603,28,2.025293766849912,0.07598163700849857
169,1562648400,46,73,27,119,28,-0.4530019745579318,-0.942182316260295
169,1562662800,799,240,0,1039,28,-0.6272571438756708,0.9931706527630316
169,1562677200,596,349,0,945,28,-0.6272571438756708,0.7954280667976048
169,1562691600,547,692,145,1239,28,0.3085576543121869,1.4138995590724506
169,1562706000,432,780,348,1212,28,1.6186983717751877,1.357101156720679
169,1562720400,115,398,283,513,28,1.1991951863806307,-0.11334637083073992
169,1562734800,54,157,103,211,28,0.03749405759570399,-0.7486470193579624
169,1562749200,795,176,0,971,28,-0.6272571438756708,0.8501228246178293
169,1562763600,666,187,0,853,28,-0.6272571438756708,0.6018927698952721
169,1562778000,560,270,0,830,28,-0.6272571438756708,0.553508945669689
169,1562792400,437,929,492,1366,28,2.548059274803129,1.6810624145789315
169,1562806800,115,428,313,543,28,1.3928120411781186,-0.05023703488432709
169,1562821200,37,110,73,147,28,-0.15612279720178382,-0.8832802693769765
169,1562835600,811,247,0,1058,28,-0.6272571438756708,1.0331398988624265
169,1562850000,657,200,0,857,28,-0.6272571438756708,0.6103073480214605
169,1562864400,586,284,0,870,28,-0.6272571438756708,0.6376547269315728
169,1562878800,420,843,423,1263,28,2.1027405087689073,1.4643870278295807
169,1562893200,94,435,341,529,28,1.5735211056557739,-0.07968805832598641
169,1562907600,42,111,69,153,28,-0.18193837784144887,-0.8706584021876939
169,1562922000,710,180,0,890,28,-0.6272571438756708,0.6797276175625147
169,1562936400,581,144,0,725,28,-0.6272571438756708,0.3326262698572441
169,1562950800,559,306,0,865,28,-0.6272571438756708,0.6271365042738373
169,1562965200,416,736,320,1152,28,1.4379893072975325,1.2308824848278532
169,1562979600,116,434,318,550,28,1.4250815169776998,-0.035511523163497434
169,1562994000,0,4,4,4,28,-0.6014415632360058,-1.1841014373882108
169,1563008400,0,2,2,2,28,-0.6143493535558383,-1.188308726451305
169,1563022800,0,3,3,3,28,-0.6078954583959221,-1.186205081919758
169,1563037200,1,4,3,5,28,-0.6078954583959221,-1.1819977928566638
169,1563051600,2,1,0,3,28,-0.6272571438756708,-1.186205081919758
169,1563066000,1,2,1,3,28,-0.6208032487157545,-1.186205081919758
169,1563080400,1,1,0,2,28,-0.6272571438756708,-1.188308726451305
169,1563094800,1,2,1,3,28,-0.6208032487157545,-1.186205081919758
169,1563109200,0,2,2,2,28,-0.6143493535558383,-1.188308726451305
169,1563123600,0,4,4,4,28,-0.6014415632360058,-1.1841014373882108
169,1563138000,1,2,1,3,28,-0.6208032487157545,-1.186205081919758
169,1563152400,0,3,3,3,28,-0.6078954583959221,-1.186205081919758
169,1563166800,19,6,0,25,28,-0.6272571438756708,-1.1399249022257218
169,1563181200,766,221,0,987,28,-0.6272571438756708,0.8837811371225828
169,1563195600,577,349,0,926,28,-0.6272571438756708,0.75545882069821
169,1563210000,541,502,0,1043,28,-0.6272571438756708,1.0015852308892201
169,1563224400,448,840,392,1288,28,1.9026697588115031,1.5169781411182581
169,1563238800,87,404,317,491,29,1.1104541973230182,-0.5439441121047526
169,1563253200,30,104,74,134,29,-0.39569527340864624,-1.532750281869994
169,1563267600,794,238,0,1032,29,-0.8543580751952436,0.9544988510408938
169,1563279753,89,324,235,413,29,0.6022062277757075,-0.7599857962551414
169,1563282000,630,166,0,796,29,-0.8543580751952436,0.3008342682268965
169,1563296400,582,518,0,1100,29,-0.8543580751952436,1.1428428833771302
169,1563310800,406,858,452,1264,29,1.9472039032850539,1.5970843731292301
169,1563325200,95,458,363,553,29,1.3955689119471193,-0.3722186708570075
169,1563339600,35,100,65,135,29,-0.45147858713944866,-1.529980516688579
169,1563354000,785,233,0,1018,29,-0.8543580751952436,0.9157221385010804
169,1563368400,613,369,0,982,29,-0.8543580751952436,0.8160105919701316
169,1563382800,529,528,0,1057,29,-0.8543580751952436,1.0237429805762748
169,1563397200,407,839,432,1246,29,1.8232409838832708,1.5472285998637556
169,1563411600,72,422,350,494,29,1.3149930143359603,-0.5356348165605068
169,1563426000,29,80,51,109,29,-0.5382526307206968,-1.6019944114053752
169,1563440400,767,240,0,1007,29,-0.8543580751952436,0.8852547215055128
169,1563454800,618,434,0,1052,29,-0.8543580751952436,1.0098941546691986
169,1563469200,547,453,0,1000,29,-0.8543580751952436,0.865866365235606
169,1563483600,455,894,439,1349,29,1.8666280056738949,1.8325144135495257
169,1563498000,100,461,361,561,29,1.383172620006941,-0.35006054940568554
169,1563512400,36,89,53,125,29,-0.5258563387805185,-1.5576781685027314
169,1563526800,714,182,0,896,29,-0.8543580751952436,0.5778107863684208
169,1563541200,595,267,0,862,29,-0.8543580751952436,0.48363877020030255
169,1563555600,509,506,0,1015,29,-0.8543580751952436,0.9074128429568347
169,1563570000,261,452,191,713,29,0.32948780509178477,0.07094375816943135
169,1563584400,89,281,192,370,29,0.33568595106187393,-0.8790856990559969
169,1563598800,38,79,41,117,29,-0.6002340904215884,-1.5798362899540532
169,1563613200,123,527,404,650,29,1.6496928967207745,-0.10355144825972894
169,1563622424,0,379,379,379,29,1.4947392474685457,-0.8541578124232597
169,1563627600,230,201,0,431,29,-0.8543580751952436,-0.7101300229896671
169,1563642000,297,559,262,856,29,0.7695561689681147,0.46702017911181104
169,1563656400,295,364,69,659,29,-0.426686003259092,-0.07862356162699174
169,1563670800,237,250,13,487,29,-0.7737821775840846,-0.5550231728304135
169,1563685200,37,69,32,106,29,-0.6560174041523907,-1.6103037069496209
169,1563699600,79,277,198,356,29,0.37287482688240886,-0.9178624115958103
169,1563714000,145,430,285,575,29,0.9121135262801653,-0.31128383686587213
169,1563728400,238,443,205,681,29,0.41626184867303295,-0.017688727635856407
169,1563742800,255,367,112,622,29,-0.16016572654525837,-0.18110487333935574
169,1563757200,192,189,0,381,29,-0.8543580751952436,-0.8486182820604292
169,1563771600,24,56,32,80,29,-0.6560174041523907,-1.6823176016664172
169,1563786000,754,228,0,982,29,-0.8543580751952436,0.8160105919701316
169,1563800400,559,379,0,938,29,-0.8543580751952436,0.694140923987861
169,1563814800,548,485,0,1033,29,-0.8543580751952436,0.9572686162223091
169,1563829200,340,798,458,1138,29,1.9843927791055889,1.2480939602709096
169,1563843600,94,438,344,532,30,1.0318108617635187,-0.45721932049993835
169,1563858000,51,56,5,107,30,-0.903856452293159,-1.5949440435004507
169,1563872400,755,186,0,941,30,-0.932406117692225,0.6376734129287899
169,1563879395,365,91,0,456,30,-0.932406117692225,-0.6606712709659124
169,1563886800,254,402,148,656,30,-0.08733602187987013,-0.12527140131861245
169,1563888373,46,9,0,55,30,-0.932406117692225,-1.7341480096087487
169,1563901200,532,461,0,993,30,-0.932406117692225,0.7768773790370879
169,1563915600,432,835,403,1267,30,1.368696913472498,1.5103752004538886
169,1563930000,99,524,425,623,30,1.4943154412283888,-0.21361237981041692
169,1563944400,50,91,41,141,30,-0.6982988614198835,-1.5039260656604096
169,1563958800,796,269,0,1065,30,-0.932406117692225,0.9696213321101158
169,1563973200,610,385,0,995,30,-0.932406117692225,0.7822313777335609
169,1563987600,597,476,0,1073,30,-0.932406117692225,0.9910373268960079
169,1564002000,468,850,382,1318,30,1.2487883187964206,1.64690216721395
169,1564016400,134,535,401,669,30,1.3572770473128717,-0.09047040979153795
169,1564030800,53,75,22,128,30,-0.8067875899363345,-1.538727057187484
169,1564045200,817,221,0,1038,30,-0.932406117692225,0.8973423497077303
169,1564059600,623,356,0,979,30,-0.932406117692225,0.7393993881617769
169,1564074000,606,540,0,1146,30,-0.932406117692225,1.1864582793172722
169,1564088400,386,815,429,1201,30,1.5171551735476416,1.3336932434702797
169,1564102800,113,502,389,615,30,1.2887578503551131,-0.23502837459630893
169,1564117200,54,96,42,150,30,-0.6925889283400702,-1.479833071526281
169,1564131600,730,187,0,917,30,-0.932406117692225,0.5734254285711139
169,1564146000,574,282,0,856,30,-0.932406117692225,0.41012846832868743
169,1564160400,502,466,0,968,30,-0.932406117692225,0.7099523953311754
169,1564174800,415,782,367,1197,30,1.1631393225992226,1.3229852460773337
169,1564189200,133,370,237,503,30,0.4208480222235054,-0.5348523015987968
169,1564203600,36,107,71,143,30,-0.5270008690254873,-1.4985720669639366
169,1564218000,101,562,461,663,30,1.6998730321016644,-0.10653240588095694
169,1564232400,164,570,406,734,30,1.3858267127119377,0.08353454784383452
169,1564246800,226,578,352,804,30,1.0774903264020244,0.2709245022203895
169,1564261200,220,492,272,712,30,0.6206956800169677,0.024640562182631526
169,1564275600,161,263,102,424,30,-0.34999294355127775,-0.7463352501094803
169,1564290000,13,91,78,104,30,-0.4870313374667948,-1.6029750415451602
169,1564304400,41,277,236,318,30,0.4151380891436922,-1.0300971810225492
169,1564318800,84,454,370,538,30,1.1802691218386623,-0.44115732441051936
169,1564333200,245,537,292,782,30,0.7348943416132319,0.21203051655918648
169,1564347600,164,391,227,555,30,0.36374869142537336,-0.3956483354904989
169,1564362000,84,211,127,295,30,-0.20724461655594753,-1.0916681660319887
169,1564376400,13,61,48,74,30,-0.658329329861191,-1.683285021992255
169,1564390800,752,229,0,981,30,-0.932406117692225,0.7447533868582499
169,1564405200,595,359,0,954,30,-0.932406117692225,0.6724744044558644
169,1564419600,535,468,0,1003,30,-0.932406117692225,0.8036473725194528
169,1564434000,371,879,508,1250,30,1.9682398868528852,1.4648662115338682
169,1564448400,99,471,372,570,31,1.1838257999282837,-0.6807112435161586
169,1564462800,44,72,28,116,31,-0.6036039374908659,-1.9438293820297938
169,1564477200,775,214,0,989,31,-0.7490924044900991,0.48502994599312144
169,1564491600,566,378,0,944,31,-0.7490924044900991,0.35983101155895053
169,1564506000,578,517,0,1095,31,-0.7490924044900991,0.7799429915491685
169,1564520400,405,855,450,1260,31,1.589115100854719,1.2390057511411283
169,1564534800,102,490,388,592,31,1.2669620667849883,-0.619502875570564
169,1564549200,52,99,47,151,31,-0.5048796205985292,-1.8464524330254388
169,1564563600,770,249,0,1019,31,-0.7490924044900991,0.5684959022825686
169,1564578000,600,391,0,991,31,-0.7490924044900991,0.49059434307908456
169,1564592400,529,472,0,1001,31,-0.7490924044900991,0.5184163285089003
169,1564606800,328,833,505,1161,31,1.8748960181746412,0.9635680953859523
169,1564621200,102,491,389,593,31,1.2721580834635324,-0.6167206770275825
169,1564635600,56,81,25,137,31,-0.6191919875264981,-1.885403212627181
169,1564650000,743,232,0,975,31,-0.7490924044900991,0.44607916639137934
169,1564664400,598,363,0,961,31,-0.7490924044900991,0.4071283867896373
169,1564678800,554,545,0,1099,31,-0.7490924044900991,0.7910717857210947
169,1564693200,413,815,402,1228,31,1.3397063002846052,1.1499753977657179
169,1564707600,98,484,386,582,31,1.2565700334279004,-0.6473248610003798
169,1564722000,41,93,52,134,31,-0.47889953720580897,-1.8937498082561255
169,1564736400,697,138,0,835,31,-0.7490924044900991,0.056571370373958804
169,1564750800,592,364,0,956,31,-0.7490924044900991,0.39321739407472944
169,1564765200,513,460,0,973,31,-0.7490924044900991,0.4405147693054162
169,1564779600,387,803,416,1190,31,1.4124505337842217,1.044251853132418
169,1565398800,9618,8151,0,17769,32,-0.6248190299172538,4.111534709806637
169,1565413200,46,115,69,161,32,-0.10953002914884133,-0.35817592613058996
169,1565427600,280,112,0,392,32,-0.6248190299172538,-0.2995376278058796
169,1565442000,491,203,0,694,32,-0.6248190299172538,-0.2228763027233579
169,1565456400,418,336,0,754,32,-0.6248190299172538,-0.2076455758857708
169,1565470800,326,402,76,728,32,-0.05725433341871253,-0.21424555751539187
169,1565485200,124,433,309,557,32,1.6827795387412887,-0.2576531290025151
169,1565499600,34,144,110,178,32,0.1966561886990559,-0.35386055352660695
169,1565514000,191,92,0,283,32,-0.6248190299172538,-0.32720678156082955
169,1565528400,446,168,0,614,32,-0.6248190299172538,-0.24318393850680736
169,1565542800,429,369,0,798,32,-0.6248190299172538,-0.1964763762048736
169,1565557200,284,429,145,713,32,0.4580346673496999,-0.21805323922478864
169,1565571600,111,388,277,499,32,1.4438049296892714,-0.272376164945516
169,1565586000,49,88,39,137,32,-0.3335687251351076,-0.3642682168656248
169,1565600400,691,208,0,899,32,-0.6248190299172538,-0.17083798602826863
169,1565614800,562,367,0,929,32,-0.6248190299172538,-0.1632226226094751
169,1565629200,481,471,0,952,32,-0.6248190299172538,-0.15738417732173338
169,1565643600,379,860,481,1239,32,2.967268062395882,-0.0845305339486084
169,1565658000,93,417,324,510,33,0.7284042793337688,-0.24144983214905066
169,1565672400,46,80,34,126,33,-0.607988663358086,-1.2212269594361695
169,1565686800,729,211,0,940,33,-0.7646692152598896,0.855696430177671
169,1565701200,588,315,0,903,33,-0.7646692152598896,0.7612908215588601
169,1565715600,456,470,14,926,33,-0.7001536938885587,0.8199753890786615
169,1565730000,336,844,508,1180,33,1.5763225602141182,1.4680571347321203
169,1565744400,81,456,375,537,33,0.9634251071864743,-0.17255925288667512
169,1565758800,45,68,23,113,33,-0.658679430149846,-1.2543964975995356
169,1565772670,58,173,115,231,33,-0.23472028970967138,-0.953319151193598
169,1565772753,681,97,0,778,33,-0.7646692152598896,0.4423529546034178
169,1565773200,36,25,0,61,33,-0.7646692152598896,-1.3870746502529996
169,1565787600,594,331,0,925,33,-0.7646692152598896,0.817423886143018
169,1565802000,486,493,7,979,33,-0.7324114545742242,0.9552050446677691
169,1565816400,374,833,459,1207,33,1.35051823541446,1.536947713994496
169,1565830800,97,479,382,576,33,0.9956828678721398,-0.07305063839657709
169,1565845200,60,83,23,143,33,-0.658679430149846,-1.1778514095302295
169,1565859600,727,216,0,943,33,-0.7646692152598896,0.8633509389846017
169,1565874000,618,342,0,960,33,-0.7646692152598896,0.9067264888905419
169,1565888400,534,487,0,1021,33,-0.7646692152598896,1.0623681679647976
169,1565902800,375,799,424,1174,33,1.1892294319861327,1.4527481171182592
169,1565917200,100,479,379,579,33,0.9818581132925689,-0.06539612958964648
169,1565931600,46,101,55,147,33,-0.5112153813010896,-1.1676453977876553
169,1565946000,680,158,0,838,33,-0.7646692152598896,0.59544313074203
169,1565946056,0,0,0,0,33,-0.7646692152598896,-1.5427163293272554
169,1565946141,5,4,0,9,33,-0.7646692152598896,-1.5197528029064635
169,1565960400,555,306,0,861,33,-0.7646692152598896,0.6541276982618315
169,1565974800,509,506,0,1015,33,-0.7646692152598896,1.0470591503509366
169,1565989200,406,634,228,1040,33,0.28601213278749965,1.110846723742025
169,1566003600,105,1166,1061,1271,33,4.12468565438169,1.7002439018756825
169,1566018000,26,102,76,128,33,-0.4144420992440932,-1.2161239535648825
169,1566032400,77,421,344,498,33,0.8205693098642416,-0.27206786737677313
169,1566046800,24,491,467,515,33,1.3873842476266491,-0.22869231747083296
169,1566061200,53,555,502,608,33,1.5486730510549764,0.008597455544016147
169,1566075600,112,381,269,493,33,0.4749504453749688,-0.2848253820549908
169,1566090000,57,193,136,250,33,-0.13794700765267498,-0.9048405954163707
169,1566104400,10,70,60,80,33,-0.4881741236684714,-1.3385960944757724
169,1566118800,24,226,202,250,33,0.16619759309788507,-0.9048405954163707
169,1566133200,63,243,180,306,33,0.06481605951436506,-0.7619564310203326
169,1566147600,35,223,188,258,33,0.10168207172655415,-0.8844285719312225
169,1566162000,74,266,192,340,33,0.1201150778326487,-0.6752053312084523
169,1566176400,31,153,122,184,33,-0.2024625290240059,-1.0732397891688443
169,1566190800,23,57,34,80,33,-0.607988663358086,-1.3385960944757724
169,1566205200,703,207,0,910,33,-0.7646692152598896,0.7791513421083649
169,1566219600,545,264,0,809,33,-0.7646692152598896,0.5214495456083674
169,1566234000,492,489,0,981,33,-0.7646692152598896,0.9603080505390561
169,1566248400,340,790,450,1130,33,1.3090439716757472,1.3404819879499434
169,1566262800,85,413,328,498,34,0.8709171018031187,-0.4546592563160648
169,1566277200,48,87,39,135,34,-0.7449789210776906,-1.4183371406195155
169,1566291600,741,222,0,963,34,-0.9630410141308102,0.7798041491966201
169,1566306000,571,323,0,894,34,-0.9630410141308102,0.5966257083786087
169,1566320400,533,513,0,1046,34,-0.9630410141308102,1.0001492301806048
169,1566334800,377,852,475,1229,34,1.6928434525418001,1.485970312350113
169,1566349200,96,510,414,606,34,1.3517719736638438,-0.16794517503569925
169,1566363600,53,100,47,153,34,-0.7002482353232046,-1.3705514604061213
169,1566378000,749,226,0,975,34,-0.9630410141308102,0.8116612693388829
169,1566392400,551,296,0,847,34,-0.9630410141308102,0.4718519878214127
169,1566406800,520,540,20,1060,34,-0.8512142997445951,1.037315870346578
169,1566421200,315,896,581,1211,34,2.2855250387887405,1.4381846321367187
169,1566435600,104,473,369,577,34,1.1001618662948598,-0.2449332153795011
169,1566450000,47,87,40,134,34,-0.7393875853583799,-1.4209919006313707
169,1566464400,715,217,0,932,34,-0.9630410141308102,0.6975065888291078
169,1566478800,587,355,0,942,34,-0.9630410141308102,0.7240541889476602
169,1566493200,505,504,0,1009,34,-0.9630410141308102,0.901923109741961
169,1566507600,378,848,470,1226,34,1.6648867739452464,1.4780060323145472
169,1566522000,92,465,373,557,34,1.1225272091721028,-0.2980284156166058
169,1566536400,36,98,62,134,34,-0.6163781995335431,-1.4209919006313707
169,1566550800,677,202,0,879,34,-0.9630410141308102,0.5568043082007802
169,1566565200,592,313,0,905,34,-0.9630410141308102,0.6258280685090164
169,1566579600,571,530,0,1101,34,-0.9630410141308102,1.1461610308326426
169,1566594000,366,755,389,1121,34,1.2119885806810748,1.1992562310697474
169,1566608400,104,420,316,524,34,0.8038210731713895,-0.38563549600782865
169,1566622800,25,99,74,124,34,-0.5492821709018141,-1.4475395007499232
169,1566637200,73,365,292,438,34,0.6696290159079313,-0.613944857027379
169,1566651600,92,421,329,513,34,0.8765084375224294,-0.4148378561382362
169,1566666000,103,465,362,568,34,1.0610225162596845,-0.26882605548619826
169,1566680400,97,417,320,514,34,0.8261864160486325,-0.412183096126381
169,1566694800,49,200,151,249,34,-0.11874932051488565,-1.1156944992680187
169,1566709200,7,77,70,84,34,-0.5716475137790571,-1.5537299012241326
169,1566723600,31,210,179,241,34,0.03780807962581559,-1.1369325793628604
169,1566738000,50,341,291,391,34,0.6640376801886205,-0.738718577584575
169,1566752400,99,382,283,481,34,0.6193069944341345,-0.49979017651760377
169,1566766800,79,306,227,385,34,0.306192194152732,-0.7546471376557065
169,1566781200,33,161,128,194,34,-0.2473500420590331,-1.2617062999200566
169,1566795600,24,51,27,75,34,-0.8120749497094197,-1.5776227413308297
169,1566810000,718,213,0,931,34,-0.9630410141308102,0.6948518288172525
169,1566824400,581,340,0,921,34,-0.9630410141308102,0.6683042286987002
169,1566838800,506,574,68,1080,34,-0.5828301852176786,1.0904110705836827
169,1566853200,376,886,510,1262,34,1.8885402027176768,1.5735773927413357
169,1566867600,31,117,86,148,35,0.09152041702469128,-1.1586879186803032
169,1566882000,3,6,3,9,35,-0.6452929172664722,-1.4471001327698234
169,1566896400,644,268,0,912,35,-0.6719247245300082,0.42654180480454235
169,1566910800,670,587,0,1257,35,-0.6719247245300082,1.1423850699907618
169,1566925200,656,632,0,1288,35,-0.6719247245300082,1.20670721845677
169,1566939600,601,920,319,1521,35,2.159924114492656,1.6901607859593473
169,1566954000,39,145,106,184,35,0.26906579878159814,-1.0839912301391323
169,1566968400,2,2,0,4,35,-0.6719247245300082,-1.457474672844986
169,1566982800,758,315,0,1073,35,-0.6719247245300082,0.7606019952247781
169,1566997200,667,614,0,1281,35,-0.6719247245300082,1.1921828623515422
169,1567011600,733,644,0,1377,35,-0.6719247245300082,1.3913740317946643
169,1567026000,588,977,389,1565,35,2.78133295064183,1.781456738620778
169,1567040400,47,130,83,177,35,0.06488860976115525,-1.09851558624436
169,1567054800,2,1,0,3,35,-0.6719247245300082,-1.4595495808600185
169,1567069200,726,305,0,1031,35,-0.6719247245300082,0.6734558585934123
169,1567083600,679,635,0,1314,35,-0.6719247245300082,1.2606548268476154
169,1567098000,692,657,0,1349,35,-0.6719247245300082,1.3332766073737536
169,1567112400,612,905,293,1517,35,1.9291151182086772,1.6818611538992172
169,1567126800,59,136,77,195,35,0.011624995234083193,-1.0611672419737748
169,1567141200,2,1,0,3,35,-0.6719247245300082,-1.4595495808600185
169,1567155600,642,222,0,864,35,-0.6719247245300082,0.32694622008298135
169,1567170000,677,375,0,1052,35,-0.6719247245300082,0.7170289269090951
169,1567184400,632,608,0,1240,35,-0.6719247245300082,1.107111633735209
169,1567198800,432,662,230,1094,35,1.3698471656744204,0.804175063540461
169,1567213200,152,422,270,574,35,1.7249379291882343,-0.2747771042764495
169,1567227600,40,123,83,163,35,0.06488860976115525,-1.1275642984548153
169,1567242000,252,97,0,349,35,-0.6719247245300082,-0.7416314076587666
169,1567256400,456,192,0,648,35,-0.6719247245300082,-0.121233911164043
169,1567270800,427,359,0,786,35,-0.6719247245300082,0.1651033949104448
169,1567285200,323,426,103,749,35,0.2424339915180621,0.08833179835424154
169,1567299600,129,436,307,565,35,2.053396885438512,-0.2934512764117422
169,1567314000,45,145,100,190,35,0.21580218425452607,-1.0715417820489372
169,1567328400,172,70,0,242,35,-0.6719247245300082,-0.9636465652672462
169,1567342800,423,186,0,609,35,-0.6719247245300082,-0.20215532375031128
169,1567357200,437,314,0,751,35,-0.6719247245300082,0.09248161438430658
169,1567371600,251,449,198,700,35,1.0857745548633697,-0.01333869438235195
169,1567386000,103,388,285,491,35,1.8580969655059143,-0.4469944695241487
169,1567400400,33,108,75,141,35,-0.0061295429416074925,-1.1732122747855307
169,1567414800,197,81,0,278,35,-0.6719247245300082,-0.8889498767260755
169,1567429200,387,205,0,592,35,-0.6719247245300082,-0.23742876000586413
169,1567443600,385,371,0,756,35,-0.6719247245300082,0.10285615445946919
169,1567458000,228,400,172,628,35,0.8549655585793907,-0.1627320714646934
169,1567472400,79,341,262,420,36,0.9344929564689047,-0.9744574843285053
169,1567486800,36,85,49,121,36,-0.45190405656108235,-1.6117803887708453
169,1567501200,826,331,0,1157,36,-0.7708404586196239,0.5964688721062926
169,1567515600,667,615,0,1282,36,-0.7708404586196239,0.8629082134283412
169,1567530000,681,652,0,1333,36,-0.7708404586196239,0.971615464687737
169,1567544400,575,971,396,1546,36,1.8066863825065491,1.4256281023005077
169,1567558800,113,481,368,594,36,1.6244370099016683,-0.6035739212082138
169,1567573200,44,129,85,173,36,-0.21758343464052113,-1.5009416227808732
169,1567587600,826,289,0,1115,36,-0.7708404586196239,0.5069452534220844
169,1567602000,689,604,0,1293,36,-0.7708404586196239,0.8863548754646815
169,1567616400,704,602,0,1306,36,-0.7708404586196239,0.9140645669621745
169,1567630800,609,974,365,1583,36,1.6049102914082882,1.504494147331834
169,1567645200,142,484,342,626,36,1.4552054496257074,-0.5353654498297694
169,1567659600,55,112,57,167,36,-0.39983280724540204,-1.5137307111643314
169,1567674000,858,281,0,1139,36,-0.7708404586196239,0.5581016069559177
169,1567688400,679,626,0,1305,36,-0.7708404586196239,0.9119330522315982
169,1567702800,728,666,0,1394,36,-0.7708404586196239,1.1016378632528967
169,1567717200,608,917,309,1525,36,1.2404115461985263,1.3808662929584035
169,1567731600,139,481,342,620,36,1.4552054496257074,-0.5481545382132277
169,1567746000,49,110,61,159,36,-0.37379718258756195,-1.5307828290089427
169,1567760400,909,296,0,1205,36,-0.7708404586196239,0.6987815791739593
169,1567774800,692,525,0,1217,36,-0.7708404586196239,0.724359755940876
169,1567789200,702,649,0,1351,36,-0.7708404586196239,1.0099827298381119
169,1567803600,414,885,471,1299,36,2.2948543448410517,0.8991439638481398
169,1567818000,146,539,393,685,36,1.787159664013169,-0.4096060807257625
169,1567832400,45,123,78,168,36,-0.26314577779174136,-1.5115991964337552
169,1567846800,289,141,0,430,36,-0.7708404586196239,-0.9531423370227414
169,1567861200,542,214,0,756,36,-0.7708404586196239,-0.2582685348548389
169,1567875600,488,388,0,876,36,-0.7708404586196239,-0.002486767185672372
169,1567890000,354,468,114,822,36,-0.02882515587118016,-0.11758856263679733
169,1567904400,154,463,309,617,36,1.2404115461985263,-0.5545490824049569
169,1567918800,25,168,143,193,36,0.1599331228981608,-1.4583113281693454
169,1567933200,204,58,0,262,36,-0.7708404586196239,-1.3112368117595747
169,1567947600,484,209,0,693,36,-0.7708404586196239,-0.3925539628811514
169,1567962000,450,358,0,808,36,-0.7708404586196239,-0.14742976886486675
169,1567976400,278,453,175,731,36,0.3682181201608819,-0.31155640311924865
169,1567990800,92,349,257,441,36,0.9019484256466045,-0.9296956749864012
169,1568005200,40,76,36,116,36,-0.5365198366990628,-1.6224379624237273
169,1568019600,893,349,0,1242,36,-0.7708404586196239,0.7776476242052857
169,1568034000,660,584,0,1244,36,-0.7708404586196239,0.7819106536664384
169,1568048400,709,602,0,1311,36,-0.7708404586196239,0.9247221406150564
169,1568062800,577,939,362,1516,36,1.585383572914908,1.361682660383216
169,1568077200,132,470,338,602,37,1.192016658941398,-0.9592863759694028
169,1568091600,49,94,45,143,37,-0.4958163873056213,-1.878793275131005
169,1568106000,955,296,0,1251,37,-0.7550398927019212,0.3408442940869804
169,1568120400,665,623,0,1288,37,-0.7550398927019212,0.41496576526122725
169,1568134800,739,660,0,1399,37,-0.7550398927019212,0.6373301787839677
169,1568149200,605,1006,401,1611,37,1.554929566496218,1.0620261757823548
169,1568163600,117,540,423,657,37,1.681661058023298,-0.8491058107103873
169,1568178000,55,102,47,157,37,-0.48429534262134133,-1.8507473130650738
169,1568192400,906,329,0,1235,37,-0.7550398927019212,0.30879176601163044
169,1568206800,702,571,0,1273,37,-0.7550398927019212,0.38491652019058664
169,1568221200,990,633,0,1623,37,-0.7550398927019212,1.0860655718388672
169,1568235600,827,948,121,1775,37,-0.058016689302981476,1.390564588554692
169,1568250000,177,503,326,680,37,1.122890390835718,-0.8030303016020717
169,1568264400,58,91,33,149,37,-0.5649426554113013,-1.866773577102749
169,1568278800,1251,306,0,1557,37,-0.7550398927019212,0.9538488935280487
169,1568293200,758,601,0,1359,37,-0.7550398927019212,0.5571988585955927
169,1568307600,734,695,0,1429,37,-0.7550398927019212,0.6974286689252489
169,1568322000,587,916,329,1503,37,1.140171957862138,0.8456716112737425
169,1568336400,141,574,433,715,37,1.739266281444698,-0.7329153964372436
169,1568350800,60,110,50,170,37,-0.4670137755949213,-1.824704634003852
169,1568365200,882,311,0,1193,37,-0.7550398927019212,0.2246538798138368
169,1568379600,703,512,0,1215,37,-0.7550398927019212,0.268726105917443
169,1568394000,721,586,0,1307,37,-0.7550398927019212,0.4530281423507053
169,1568408400,496,797,301,1293,37,0.9788773322822181,0.42498218028477414
169,1568422800,174,696,522,870,37,2.2519527698951576,-0.4224065307072908
169,1568437200,94,300,206,394,37,0.43162770977891834,-1.3759692409489523
169,1568451600,638,230,0,868,37,-0.7550398927019212,-0.4264130967167095
169,1568466000,1032,561,0,1593,37,-0.7550398927019212,1.025967081697586
169,1568480400,1027,865,0,1892,37,-0.7550398927019212,1.6249487001056886
169,1568494800,687,933,246,1620,37,0.6620486034645182,1.0800557228247392
169,1568509200,240,746,506,986,37,2.159784412420918,-0.19002570216100348
169,1568523600,84,238,154,322,37,0.13208054798763844,-1.5202056172880274
169,1568538000,439,129,0,568,37,-0.7550398927019212,-1.0273979981295214
169,1568552400,921,346,0,1267,37,-0.7550398927019212,0.3728968221623304
169,1568566800,919,795,0,1714,37,-0.7550398927019212,1.2683643252674202
169,1568581200,575,901,326,1476,37,1.122890390835718,0.7915829701465894
169,1568595600,202,632,430,834,37,1.721984714418278,-0.4945247188768282
169,1568610000,94,94,0,188,37,-0.7550398927019212,-1.7886455399190833
169,1568624400,888,323,0,1211,37,-0.7550398927019212,0.2607129738986055
169,1568638800,620,600,0,1220,37,-0.7550398927019212,0.2787425209409899
169,1568653200,712,623,0,1335,37,-0.7550398927019212,0.5091200664825678
169,1568667600,593,861,268,1454,37,0.7887800949915982,0.7475107440429832
169,1568682000,139,637,498,776,38,2.006518303660686,-0.30108394573707115
169,1568696400,111,184,73,295,38,-0.35207962516153296,-1.386360915008567
169,1568705214,338,59,0,397,38,-0.7572035047004082,-1.1562190213168984
169,1568710800,607,345,0,952,38,-0.7572035047004082,0.09602363553482747
169,1568725200,670,586,0,1256,38,-0.7572035047004082,0.781936730459016
169,1568739600,720,681,0,1401,38,-0.7572035047004082,1.1090992263932506
169,1568754000,601,920,319,1521,38,1.0131323524626221,1.3798543954422724
169,1568768400,144,628,484,772,38,1.9288233130641894,-0.3101091180387052
169,1568782800,118,218,100,336,38,-0.20223928615400374,-1.2938528989168177
169,1568797200,893,315,0,1208,38,-0.7572035047004082,0.6736346628394073
169,1568811600,701,614,0,1315,38,-0.7572035047004082,0.9150580219081184
169,1568826000,712,624,0,1336,38,-0.7572035047004082,0.9624401764916972
169,1568840400,603,1076,473,1679,38,1.867777249024085,1.7363487013568177
169,1568854800,148,648,500,796,38,2.017617588031614,-0.2559580842289009
169,1568869200,120,251,131,371,38,-0.030200378404618363,-1.2148826412775198
169,1568883600,914,321,0,1235,38,-0.7572035047004082,0.7345545758754372
169,1568898000,706,597,0,1303,38,-0.7572035047004082,0.8879825050032162
169,1568912400,761,701,0,1462,38,-0.7572035047004082,1.2467331039931702
169,1568926800,601,913,312,1514,38,0.9742848571643737,1.3640603439144128
169,1568941200,160,693,533,853,38,2.2007557801519275,-0.12734937893061551
169,1568955600,118,271,153,389,38,0.09189174967559062,-1.1742693659201664
169,1568970000,857,305,0,1162,38,-0.7572035047004082,0.5698451813706156
169,1568984400,719,473,0,1192,38,-0.7572035047004082,0.637533973632871
169,1568998800,729,585,0,1314,38,-0.7572035047004082,0.9128017288327098
169,1569013200,461,881,420,1342,38,1.5736462131944906,0.9759779349441483
169,1569027600,187,534,347,721,38,1.1685223336556154,-0.42518006488453947
169,1569042000,39,147,108,186,38,-0.1578421486702914,-1.632296860228095
169,1569056400,272,118,0,390,38,-0.7572035047004082,-1.172013072844758
169,1569070800,536,221,0,757,38,-0.7572035047004082,-0.34395351416983294
169,1569085200,513,386,0,899,38,-0.7572035047004082,-0.023559897461823825
169,1569099600,372,455,83,827,38,-0.29658320330689253,-0.1860129988912369
169,1569114000,139,419,280,558,38,0.7966963072295243,-0.7929558361761274
169,1569128400,36,145,109,181,38,-0.15229250648482734,-1.6435783256051375
169,1569142800,195,78,0,273,38,-0.7572035047004082,-1.4359993626675542
169,1569157200,479,176,0,655,38,-0.7572035047004082,-0.5740954078615015
169,1569171600,458,400,0,858,38,-0.7572035047004082,-0.11606791355357293
169,1569186000,241,479,238,720,38,0.5636113354400344,-0.427436357959948
169,1569200400,85,340,255,425,38,0.6579552525929232,-1.0930428152054599
169,1569214800,44,79,35,123,38,-0.5629660282091666,-1.7744433239788313
169,1569229200,894,335,0,1229,38,-0.7572035047004082,0.7210168174229861
169,1569243600,626,598,0,1224,38,-0.7572035047004082,0.7097353520459435
169,1569258000,733,650,0,1383,38,-0.7572035047004082,1.0684859510358975
169,1569272400,552,968,416,1520,38,1.5514476444526344,1.377598102366864
169,1569286800,121,526,405,647,39,1.6820095057250302,-0.4757866464184347
169,1569301200,36,80,44,116,39,-0.47776591143307523,-1.6511293345469162
169,1569315600,957,331,0,1288,39,-0.7410072365160576,0.9430356946180184
169,1569330000,655,588,0,1243,39,-0.7410072365160576,0.8434303820647573
169,1569344400,684,643,0,1327,39,-0.7410072365160576,1.0293602988308448
169,1569358800,571,989,418,1560,39,1.759785351772275,1.5450944727177303
169,1569373200,117,516,399,633,39,1.6461129613955325,-0.5067749658794493
169,1569387600,55,95,40,150,39,-0.5016969409860736,-1.5758719872844522
169,1569402000,898,336,0,1234,39,-0.7410072365160576,0.823509319554105
169,1569416400,690,599,0,1289,39,-0.7410072365160576,0.9452491460080908
169,1569430800,748,725,0,1473,39,-0.7410072365160576,1.3525242017814254
169,1569445200,598,922,324,1520,39,1.1974061572768129,1.4565564171148313
169,1569459600,141,555,414,696,39,1.7358543222192766,-0.3673275283048837
169,1569474000,55,105,50,160,39,-0.4418693671035776,-1.5537374733837275
169,1569488400,919,293,0,1212,39,-0.7410072365160576,0.7748133889725107
169,1569502800,729,582,0,1311,39,-0.7410072365160576,0.9939450765896852
169,1569517200,720,613,0,1333,39,-0.7410072365160576,1.0426410071712795
169,1569531600,622,899,277,1521,39,0.9162165600290816,1.4587698685049038
169,1569546000,135,553,418,688,39,1.759785351772275,-0.38503513942546347
169,1569560400,53,91,38,144,39,-0.5136624557625729,-1.589152695624887
169,1569574800,862,303,0,1165,39,-0.7410072365160576,0.6707811736391046
169,1569589200,711,503,0,1214,39,-0.7410072365160576,0.7792402917526556
169,1569603600,729,563,0,1292,39,-0.7410072365160576,0.9518895001783083
169,1569618000,501,826,325,1327,39,1.2033889146650625,1.0293602988308448
169,1569632400,160,520,360,680,39,1.4127854232537984,-0.4027427505460432
169,1569646800,29,142,113,171,39,-0.06495565164385282,-1.5293895080929303
169,1569661200,278,134,0,412,39,-0.7410072365160576,-0.9959477230854651
169,1569675600,519,224,0,743,39,-0.7410072365160576,-0.2632953129714776
169,1569690000,501,384,0,885,39,-0.7410072365160576,0.05101478441881309
169,1569704400,395,475,80,870,39,-0.26238664545608964,0.017813013567726042
169,1569718800,149,450,301,599,39,1.059802737347072,-0.5820323131419133
169,1569733200,32,175,143,207,39,0.11452707000363517,-1.4497052580503214
169,1569747600,198,74,0,272,39,-0.7410072365160576,-1.3058309176956109
169,1569762000,473,185,0,658,39,-0.7410072365160576,-0.4514386811276375
169,1569776400,446,376,0,822,39,-0.7410072365160576,-0.08843265315575251
169,1569790800,239,454,215,693,39,0.5452856019576063,-0.3739678824751011
169,1569805200,78,333,255,411,39,0.7845958974875904,-0.9981611744755375
169,1569819600,48,77,29,125,39,-0.5675072722568192,-1.631208272036264
169,1569834000,674,210,0,884,39,-0.7410072365160576,0.048801333028740616
169,1569848400,575,335,0,910,39,-0.7410072365160576,0.10635106917062483
169,1569862800,536,525,0,1061,39,-0.7410072365160576,0.44058222907156774
169,1569877200,351,905,554,1256,39,2.5734403565742205,0.8722052501356994
169,1569891600,90,445,355,535,40,1.165017738740502,-0.540132471583154
169,1569906000,50,62,12,112,40,-0.8449517875224529,-1.4104384293326837
169,1569920400,721,222,0,943,40,-0.9152714210943347,0.2993115727710023
169,1569934800,642,323,0,965,40,-0.9152714210943347,0.3445757124175499
169,1569949200,516,486,0,1002,40,-0.9152714210943347,0.42070176545947097
169,1569963600,381,907,526,1288,40,2.1670725171398177,1.0091355808645903
169,1569978000,108,525,417,633,40,1.528335845528558,-0.3385013040667145
169,1569992400,49,69,20,118,40,-0.798072031807865,-1.3980936639745343
169,1570006800,884,304,0,1188,40,-0.9152714210943347,0.803389491562101
169,1570021200,706,603,0,1309,40,-0.9152714210943347,1.0523422596181131
169,1570035600,736,614,0,1350,40,-0.9152714210943347,1.1366981562321337
169,1570050000,578,983,405,1561,40,1.4580162119566762,1.570822404660386
169,1570064400,124,526,402,650,40,1.4404363035637058,-0.30352446888529133
169,1570078800,52,89,37,141,40,-0.6984525509143658,-1.3507720634349618
169,1570093200,915,309,0,1224,40,-0.9152714210943347,0.8774580837109972
169,1570107600,693,625,0,1318,40,-0.9152714210943347,1.070859407655337
169,1570122000,746,680,0,1426,40,-0.9152714210943347,1.2930651841020255
169,1570136400,586,878,292,1464,40,0.7958396624881225,1.3712486980369716
169,1570150800,145,536,391,681,40,1.3759766394561475,-0.23974318120151966
169,1570165200,55,100,45,155,40,-0.651572795199778,-1.3219676109326133
169,1570179600,879,281,0,1160,40,-0.9152714210943347,0.7457805865574041
169,1570194000,708,497,0,1205,40,-0.9152714210943347,0.8383663267435242
169,1570208400,692,641,0,1333,40,-0.9152714210943347,1.1017213210507104
169,1570222800,467,822,355,1289,40,1.165017738740502,1.0111930417576152
169,1570237200,122,545,423,667,40,1.5634956623144989,-0.26854763370386814
169,1570251600,11,138,127,149,40,-0.17105529912525225,-1.3343123762907627
169,1570266000,65,125,60,190,40,-0.5636732532349257,-1.249956479676742
169,1570280400,163,271,108,434,40,-0.2823947189473984,-0.7479360217786681
169,1570294800,154,393,239,547,40,0.4852612808789779,-0.5154429408668553
169,1570309200,121,499,378,620,40,1.2997970364199423,-0.3652482956760381
169,1570323600,55,425,370,480,40,1.2529172807053544,-0.6532928206995231
169,1570338000,15,154,139,169,40,-0.10073566555337045,-1.2931631584302647
169,1570352400,44,102,58,146,40,-0.5753931921635727,-1.3404847589698374
169,1570366800,105,198,93,303,40,-0.3702942609122507,-1.017463398764929
169,1570381200,115,366,251,481,40,0.5555809144508598,-0.6512353598064983
169,1570395600,80,437,357,517,40,1.176737677669149,-0.5771667676576021
169,1570410000,33,337,304,370,40,0.8661592960600044,-0.8796135189322614
169,1570424400,15,76,61,91,40,-0.5578132837706021,-1.4536451080862065
169,1570438800,877,277,0,1154,40,-0.9152714210943347,0.7334358211992547
169,1570453200,656,542,0,1198,40,-0.9152714210943347,0.8239641004923499
169,1570467600,720,631,0,1351,40,-0.9152714210943347,1.1387556171251585
169,1570482000,622,957,335,1579,40,1.0478183494540323,1.607856700734834
169,1570496400,123,417,294,540,41,1.0377476676410566,-0.6225547129132342
169,1570510800,54,63,9,117,41,-0.6986011696057213,-1.6942898902016565
169,1570525200,913,260,0,1173,41,-0.7534332381503563,0.981247573667313
169,1570539600,603,315,0,918,41,-0.7534332381503563,0.3351660838125902
169,1570554000,576,603,27,1179,41,-0.588937032516451,0.9964494910756594
169,1570568400,429,875,446,1304,41,1.9638003808393383,1.3131561037495432
169,1570582800,96,537,441,633,41,1.9333381205367632,-0.3869249930838647
169,1570597200,37,108,71,145,41,-0.32086914185379056,-1.6233476089627066
169,1570611600,679,202,0,881,41,-0.7534332381503563,0.24142092646112062
169,1570626000,581,303,0,884,41,-0.7534332381503563,0.24902188516529383
169,1570640400,543,508,0,1051,41,-0.7534332381503563,0.6721419196976025
169,1570654800,393,837,444,1230,41,1.9516154767183083,1.125665789046604
169,1570669200,92,496,404,588,41,1.7079173942977077,-0.5009393736464628
169,1570683600,55,97,42,152,41,-0.4975502516087259,-1.605612038652969
169,1570698000,900,291,0,1191,41,-0.7534332381503563,1.0268533258923522
169,1570712400,705,555,0,1260,41,-0.7534332381503563,1.201675376088336
169,1570726800,729,661,0,1390,41,-0.7534332381503563,1.531050253269175
169,1570741200,625,860,235,1485,41,0.6782929960706712,1.7717472789013267
169,1570755600,150,581,431,731,41,1.8724135999316132,-0.13862700874753983
169,1570770000,58,107,49,165,41,-0.4549030871851208,-1.5726745509348852
169,1570784400,870,278,0,1148,41,-0.7534332381503563,0.9179062511325362
169,1570798800,679,454,0,1133,41,-0.7534332381503563,0.8799014576116702
169,1570813200,726,595,0,1321,41,-0.7534332381503563,1.3562282030731914
169,1570827600,505,786,281,1291,41,0.9585457908543615,1.2802186160314593
169,1570842000,156,521,365,677,41,1.4703117639376224,-0.2754442654226576
169,1570856400,41,169,128,210,41,0.026400625595565018,-1.4586601703722872
169,1570870800,267,108,0,375,41,-0.7534332381503563,-1.0406074416427606
169,1570885200,530,223,0,753,41,-0.7534332381503563,-0.0828866449169363
169,1570899600,496,357,0,853,41,-0.7534332381503563,0.17047864522217068
169,1570914000,339,457,118,796,41,-0.03452389500958509,0.026060429842879696
169,1570928400,151,491,340,642,41,1.3180004624247472,-0.36412211697134506
169,1570942800,34,166,132,200,41,0.050770433837625056,-1.483996699386198
169,1570957200,189,64,0,253,41,-0.7534332381503563,-1.3497130956124712
169,1570971600,451,170,0,621,41,-0.7534332381503563,-0.4173288279005575
169,1570986000,462,359,0,821,41,-0.7534332381503563,0.08940175237765643
169,1571000400,291,442,151,733,41,0.16652702298741026,-0.1335597029447577
169,1571014800,94,358,264,452,41,0.8549741058256063,-0.8455161682356482
169,1571029200,38,101,63,139,41,-0.3696087583379107,-1.638549526371053
169,1571043600,549,165,0,714,41,-0.7534332381503563,-0.18169910807118803
169,1571058000,542,257,0,799,41,-0.7534332381503563,0.0336613885470529
169,1571072400,477,474,0,951,41,-0.7534332381503563,0.4187766295584955
169,1571086800,321,780,459,1101,41,2.0430022576260334,0.7988245647671559
169,1571101200,82,503,421,585,42,1.8431879278920873,-0.6728626105941089
169,1571115600,45,79,34,124,42,-0.5620125040248994,-1.638469330600271
169,1571130000,882,321,0,1203,42,-0.7733221026946089,0.6215949880258654
169,1571144400,698,619,0,1317,42,-0.7733221026946089,0.8603784285479966
169,1571158800,710,676,0,1386,42,-0.7733221026946089,1.0049052478113918
169,1571173200,611,937,326,1548,42,1.2527640492561345,1.3442290843428413
169,1571187600,126,522,396,648,42,1.6878132229878893,-0.5409033408318785
169,1571202000,53,93,40,146,42,-0.524722574847892,-1.5923883157626668
169,1571216400,893,307,0,1200,42,-0.7733221026946089,0.615311213275283
169,1571230800,674,650,0,1324,42,-0.7733221026946089,0.8750405696326888
169,1571245200,733,713,0,1446,42,-0.7733221026946089,1.1305807428230399
169,1571259600,639,986,347,1625,42,1.383278801375661,1.5055126362744562
169,1571274000,98,555,457,653,42,2.0669275029541327,-0.5304303829142412
169,1571288400,47,97,50,144,42,-0.4625726928862127,-1.5965774989297217
169,1571302800,892,299,0,1191,42,-0.7733221026946089,0.5964598890235359
169,1571317200,721,589,0,1310,42,-0.7733221026946089,0.8457162874633043
169,1571331600,746,695,0,1441,42,-0.7733221026946089,1.1201077849054024
169,1571346000,602,902,300,1504,42,1.0911743561557683,1.252067054667633
169,1571360400,158,583,425,741,42,1.868047880676759,-0.3461063235638241
169,1571374800,59,111,52,170,42,-0.4501427164938768,-1.5421181177580074
169,1571389200,876,301,0,1177,42,-0.7733221026946089,0.5671356068541513
169,1571403600,673,535,0,1208,42,-0.7733221026946089,0.6320679459435028
169,1571418000,723,641,0,1364,42,-0.7733221026946089,0.9588242329737875
169,1571432400,523,864,341,1387,42,1.3459888721986533,1.0069998393949193
169,1571446800,150,547,397,697,42,1.694028211184057,-0.4382683532390326
169,1571461200,36,182,146,218,42,0.13406617394590808,-1.4415777217486891
169,1571475600,290,132,0,422,42,-0.7733221026946089,-1.014281038709086
169,1571490000,564,280,0,844,42,-0.7733221026946089,-0.13036339046049505
169,1571504400,508,383,0,891,42,-0.7733221026946089,-0.03191758603470414
169,1571518800,367,520,153,887,42,0.17757109131908355,-0.040295952368814
169,1571533200,169,480,311,649,42,1.1595392263136155,-0.5388087492483511
169,1571547600,49,157,108,206,42,-0.10210337750847306,-1.4667128207510187
169,1571562000,218,78,0,296,42,-0.7733221026946089,-1.2781995782335467
169,1571576400,467,194,0,661,42,-0.7733221026946089,-0.5136736502460214
169,1571590800,390,431,41,821,42,-0.518507586651724,-0.1785389968816268
169,1571605200,216,475,259,691,42,0.8363598401128834,-0.45083590274019747
169,1571619600,87,347,260,434,42,0.8425748283090514,-0.9891459397067563
169,1571634000,50,57,7,107,42,-0.7298171853214335,-1.674077387520238
169,1571648400,877,296,0,1173,42,-0.7733221026946089,0.5587572405200414
169,1571662800,641,616,0,1257,42,-0.7733221026946089,0.7347029335363486
169,1571677200,702,685,0,1387,42,-0.7733221026946089,1.0069998393949193
169,1571691600,612,967,355,1579,42,1.4329987069450043,1.4091614234321928
169,1571706000,121,493,372,614,43,1.4524254377939736,-0.5839742835897552
169,1571720400,36,85,49,121,43,-0.456468525499288,-1.5928830458767365
169,1571734800,884,336,0,1220,43,-0.7460530586304639,0.6561853714729439
169,1571749200,703,603,0,1306,43,-0.7460530586304639,0.8321816261518087
169,1571763600,718,693,0,1411,43,-0.7460530586304639,1.0470607743062368
169,1571778000,557,1056,499,1613,43,2.2029812685625316,1.4604473259938031
169,1571792400,120,570,450,690,43,1.9133967354313557,-0.42844270968750253
169,1571806800,51,75,24,126,43,-0.6042157362805002,-1.5826507054884305
169,1571821200,878,325,0,1203,43,-0.7460530586304639,0.621395414152703
169,1571835600,675,615,0,1290,43,-0.7460530586304639,0.7994381369092292
169,1571850000,715,656,0,1371,43,-0.7460530586304639,0.965202051199788
169,1571864400,637,1001,364,1638,43,1.4051463303439857,1.5116090279353336
169,1571878800,136,512,376,648,43,1.4760649915189676,-0.5143943689492737
169,1571893200,56,63,7,119,43,-0.7046838396117245,-1.5969759820320588
169,1571907600,913,315,0,1228,43,-0.7460530586304639,0.6725571160942336
169,1571922000,697,553,0,1250,43,-0.7460530586304639,0.7175794138027805
169,1571936400,720,675,0,1395,43,-0.7460530586304639,1.0143172850636573
169,1571950800,640,965,325,1605,43,1.1746606815252947,1.4440755813725132
169,1571965200,166,556,390,722,43,1.5588034295564464,-0.3629557312023435
169,1571979600,43,108,65,151,43,-0.36191031059931217,-1.5314890035468998
169,1571994000,848,258,0,1106,43,-0.7460530586304639,0.4228880106195648
169,1572008400,726,463,0,1189,43,-0.7460530586304639,0.592744861065446
169,1572022800,762,579,0,1341,43,-0.7460530586304639,0.9038080088699514
169,1572037200,533,887,354,1420,43,1.3460474460315008,1.0654789870051877
169,1572051600,145,557,412,702,43,1.6888209750439132,-0.4038850927555679
169,1572066000,47,144,97,191,43,-0.17279388079936056,-1.449630280440451
169,1572080400,282,120,0,402,43,-0.7460530586304639,-1.0178255160539338
169,1572094800,530,272,0,802,43,-0.7460530586304639,-0.19923828498944593
169,1572109200,513,410,0,923,43,-0.7460530586304639,0.04838435240756162
169,1572123600,377,482,105,859,43,-0.12551477334937267,-0.08258960456275642
169,1572138000,164,484,320,648,43,1.1451112393690523,-0.5143943689492737
169,1572152400,38,174,136,212,43,0.057691768019330465,-1.4066544508095655
169,1572166800,182,86,0,268,43,-0.7460530586304639,-1.292052238460537
169,1572181200,395,182,0,577,43,-0.7460530586304639,-0.6596936024632203
169,1572195600,367,294,0,661,43,-0.7460530586304639,-0.4877902839396779
169,1572210000,238,487,249,725,43,0.7255091607504096,-0.35681632696935983
169,1572224400,79,315,236,394,43,0.6486806111441793,-1.0341972606752234
169,1572238800,34,73,39,107,43,-0.5155674098117728,-1.6215335989639936
169,1572253200,888,300,0,1188,43,-0.7460530586304639,0.5906983929877848
169,1572267600,755,587,0,1342,43,-0.7460530586304639,0.9058544769476126
169,1572282000,773,643,0,1416,43,-0.7460530586304639,1.0572931146945428
169,1572296400,573,1006,433,1579,43,1.8129286321001314,1.3908674113533217
169,1572310800,133,533,400,666,44,1.7944354616631801,-0.5022828010924565
169,1572325200,46,88,42,134,44,-0.5185633897356691,-1.651004081298173
169,1572339600,930,328,0,1258,44,-0.7899207968830201,0.7759935107154083
169,1572354000,691,526,0,1217,44,-0.7899207968830201,0.687464239120607
169,1572368400,706,671,0,1377,44,-0.7899207968830201,1.032944323393003
169,1572382800,551,972,421,1523,44,1.9301141652368554,1.348194900291564
169,1572397200,136,548,412,684,44,1.871966149419566,-0.46341629161181197
169,1572411600,54,95,41,149,44,-0.5250242803820345,-1.6186153233976357
169,1572426000,901,328,0,1229,44,-0.7899207968830201,0.7133752454410366
169,1572440400,715,633,0,1348,44,-0.7899207968830201,0.970326058118631
169,1572454800,726,664,0,1390,44,-0.7899207968830201,1.061014580240135
169,1572469200,549,950,401,1499,44,1.8008963523095456,1.2963728876507048
169,1572483600,160,579,419,739,44,1.9171923839441245,-0.34465751264317585
169,1572498000,44,82,38,126,44,-0.544406952321131,-1.6682780855117927
169,1572512400,867,281,0,1148,44,-0.7899207968830201,0.5384759527781362
169,1572526800,655,617,0,1272,44,-0.7899207968830201,0.806223018089243
169,1572541200,717,690,0,1407,44,-0.7899207968830201,1.097721839194077
169,1572555600,649,889,240,1538,44,0.7606929582447,1.3805836581921012
169,1572570000,217,569,352,786,44,1.484312710637636,-0.24317273788815957
169,1572584400,46,122,76,168,44,-0.29889310775924205,-1.5775895633902888
169,1572598800,829,300,0,1129,44,-0.7899207968830201,0.49745019277078917
169,1572613200,722,484,0,1206,44,-0.7899207968830201,0.6637124833268797
169,1572627600,737,644,0,1381,44,-0.7899207968830201,1.0415813254998127
169,1572642000,487,815,328,1302,44,1.329251335124864,0.8710005338903173
169,1572656400,158,539,381,697,44,1.6716785393822355,-0.4353460347646798
169,1572670800,41,166,125,207,44,0.01769053391266746,-1.4933787928488922
169,1572685200,299,143,0,442,44,-0.7899207968830201,-0.9859549190738108
169,1572699600,572,271,0,843,44,-0.7899207968830201,-0.12009545786611853
169,1572714000,523,431,0,954,44,-0.7899207968830201,0.11958135059785614
169,1572728400,385,534,149,919,44,0.17275190942543947,0.04400758216326954
169,1572742800,155,428,273,583,44,0.9739023495747615,-0.6815005948087619
169,1572753600,28,166,138,194,44,0.10168211231541896,-1.5214490496960245
169,1572768000,160,79,0,239,44,-0.7899207968830201,-1.424282775994413
169,1572782400,465,152,0,617,44,-0.7899207968830201,-0.6080860769008778
169,1572796800,493,387,0,880,44,-0.7899207968830201,-0.04020318837812697
169,1572811200,310,512,202,822,44,0.515179113682811,-0.16543971892687048
169,1572825600,119,387,268,506,44,0.941597896342934,-0.8477628853648524
169,1572840000,21,166,145,187,44,0.14690834683997747,-1.5365638033829419
169,1572854400,564,173,0,737,44,-0.7899207968830201,-0.3489760136965808
169,1572868800,846,596,0,1442,44,-0.7899207968830201,1.1732956076286636
169,1572883200,664,527,0,1191,44,-0.7899207968830201,0.6313237254263426
169,1572897600,661,945,284,1606,44,1.0449721466847819,1.5274126940078696
169,1572912000,216,601,385,817,45,1.585169651490683,-0.14241609962263246
169,1572926400,22,164,142,186,45,0.03760494294716749,-1.4565914033130936
169,1572940800,458,164,0,622,45,-0.8667332817984259,-0.5485400048835515
169,1572955200,893,623,0,1516,45,-0.8667332817984259,1.3133818992357387
169,1572969600,674,540,0,1214,45,-0.8667332817984259,0.6844105177547257
169,1572984000,641,995,354,1636,45,1.3877437010180536,1.5633043024732274
169,1572998400,222,670,448,892,45,1.9863901314834465,0.013785402400797927
169,1573012800,29,144,115,173,45,-0.13434669133544536,-1.483666330330488
169,1573027200,558,172,0,730,45,-0.8667332817984259,-0.32360984196981174
169,1573041600,951,641,0,1592,45,-0.8667332817984259,1.471666087952815
169,1573056000,694,562,0,1256,45,-0.8667332817984259,0.7718833588878468
169,1573070400,734,1022,288,1756,45,0.9674174838827776,1.813226705710716
169,1573084800,223,703,480,926,45,2.1901846610035802,0.08459674998475304
169,1573099200,31,188,157,219,45,0.1331336286597302,-1.387862742422784
169,1573113600,533,169,0,702,45,-0.8667332817984259,-0.3819250693918924
169,1573128000,940,611,0,1551,45,-0.8667332817984259,1.3862759335133397
169,1573142400,688,571,0,1259,45,-0.8667332817984259,0.778131418968784
169,1573156800,709,991,282,1700,45,0.9292060095977526,1.6965962508665546
169,1573171200,273,649,376,922,45,1.5278524400631455,0.07626600321017009
169,1573185600,38,216,178,254,45,0.2668737886573179,-1.3149687081451833
169,1573200000,515,202,0,717,45,-0.8667332817984259,-0.3506847689872063
169,1573214400,828,482,0,1310,45,-0.8667332817984259,0.8843484403447166
169,1573228800,650,530,0,1180,45,-0.8667332817984259,0.6135991701707706
169,1573243200,598,929,331,1527,45,1.2412663829254573,1.3362914528658418
169,1573257600,210,613,403,823,45,1.6998040743457585,-0.12991997946075803
169,1573272000,33,244,211,277,45,0.47703689722495585,-1.2670669141913313
169,1573286400,187,67,0,254,45,-0.8667332817984259,-1.3149687081451833
169,1573300800,515,257,0,772,45,-0.8667332817984259,-0.2361370008366907
169,1573315200,588,318,0,906,45,-0.8667332817984259,0.04294301611183827
169,1573329600,422,536,114,958,45,-0.14071527038294954,0.15124272418141668
169,1573344000,182,483,301,665,45,1.050209011500332,-0.4589844770567847
169,1573358400,36,249,213,285,45,0.4897740553199642,-1.2504054206421653
169,1573372800,129,71,0,200,45,-0.8667332817984259,-1.427433789602053
169,1573387200,447,150,0,597,45,-0.8667332817984259,-0.600607172224695
169,1573401600,481,339,0,820,45,-0.8667332817984259,-0.13616803954169523
169,1573416000,281,484,203,765,45,0.4260882648449224,-0.25071580769221086
169,1573430400,120,404,284,524,45,0.941943167692761,-0.7526433008608339
169,1573444800,27,138,111,165,45,-0.15982100752546205,-1.500327823879654
169,1573459200,389,131,0,520,45,-0.8667332817984259,-0.7609740476354168
169,1573473600,751,573,0,1324,45,-0.8667332817984259,0.913506054055757
169,1573488000,588,488,0,1076,45,-0.8667332817984259,0.3969997540316138
169,1573502400,629,969,340,1598,45,1.2985835943529949,1.4841622081146892
169,1573516800,242,556,314,798,46,1.224847558775747,-0.15197964218368304
169,1573531200,29,176,147,205,46,0.06904495185349634,-1.4545278074372316
169,1573545600,547,191,0,738,46,-0.94833818118585,-0.2837720366444131
169,1573560000,883,692,0,1575,46,-0.94833818118585,1.5547318660827711
169,1573574400,672,583,0,1255,46,-0.94833818118585,0.8518390956255442
169,1573588800,658,865,207,1523,46,0.48430337350220914,1.4405117908834717
169,1573603200,221,622,401,843,46,1.8269722701663804,-0.05313534633813551
169,1573617600,32,192,160,224,46,0.15901760987738411,-1.412793549191334
169,1573632000,528,196,0,724,46,-0.94833818118585,-0.31452359535191676
169,1573646400,736,652,0,1388,46,-0.94833818118585,1.143978903346829
169,1573660800,332,575,243,907,46,0.7334584264914368,0.08744320775330987
169,1573675200,674,988,314,1662,46,1.224847558775747,1.7458308380508296
169,1573689600,247,642,395,889,46,1.7854464280015092,0.04790548941509086
169,1573704000,37,193,156,230,46,0.13133371510080324,-1.399614309745261
169,1573718400,549,177,0,726,46,-0.94833818118585,-0.3101305155365591
169,1573732800,758,644,0,1402,46,-0.94833818118585,1.1747304620543328
169,1573747200,323,596,273,919,46,0.9410876373157933,0.11380168664545588
169,1573761600,681,969,288,1650,46,1.0449022427279715,1.7194723591586836
169,1573776000,304,646,342,950,46,1.418634822211813,0.18189442378349974
169,1573790400,39,205,166,244,46,0.20054345204225538,-1.3688627510377571
169,1573804800,498,191,0,689,46,-0.94833818118585,-0.39140249212067596
169,1573819200,853,451,0,1304,46,-0.94833818118585,0.959469551101807
169,1573833600,582,479,0,1061,46,-0.94833818118585,0.42571035353585035
169,1573848000,576,989,413,1565,46,1.910023954496123,1.5327664670059828
169,1573862400,247,624,377,871,46,1.6608689015068954,0.008367771076871844
169,1573876800,55,221,166,276,46,0.20054345204225538,-1.2985734739920345
169,1573891200,191,74,0,265,46,-0.94833818118585,-1.3227354129765017
169,1573905600,560,227,0,787,46,-0.94833818118585,-0.17614158116815024
169,1573920000,536,290,0,826,46,-0.94833818118585,-0.0904765247686757
169,1573934400,430,481,51,911,46,-0.5953685227844442,0.09622936738402521
169,1573948800,182,459,277,641,46,0.9687715320923741,-0.49683640768926
169,1573963200,39,253,214,292,46,0.5327501893612256,-1.2634288354691732
169,1573977600,131,74,0,205,46,-0.94833818118585,-1.4545278074372316
169,1573992000,420,184,0,604,46,-0.94833818118585,-0.5781083842733769
169,1574006400,485,352,0,837,46,-0.94833818118585,-0.06631458578420851
169,1574020800,318,499,181,817,46,0.30435805745443356,-0.1102453839377852
169,1574035200,112,379,267,491,46,0.8995617951509219,-0.8263173938410852
169,1574049600,24,113,89,137,46,-0.332371522406926,-1.6038925211593924
169,1574064000,514,181,0,695,46,-0.94833818118585,-0.37822325267460294
169,1574078400,907,595,0,1502,46,-0.94833818118585,1.3943844528222162
169,1574092800,639,571,0,1210,46,-0.94833818118585,0.7529947997799966
169,1574107200,635,949,314,1584,46,1.224847558775747,1.5745007252518806
169,1574121600,235,666,431,901,47,1.8072361336906504,0.07147023573836389
169,1574136000,40,173,133,213,47,-0.08133090724382244,-1.4110882221911158
169,1574150400,548,180,0,728,47,-0.9242148550434363,-0.3013242602235547
169,1574164800,935,639,0,1574,47,-0.9242148550434363,1.5217054714746137
169,1574179200,644,535,0,1179,47,-0.9242148550434363,0.670527287052892
169,1574193600,643,1004,361,1647,47,1.3636130032698013,1.6790118194816661
169,1574208000,231,670,439,901,47,1.8579359200244616,0.07147023573836389
169,1574222400,31,151,120,182,47,-0.1637180600362659,-1.4778895480571244
169,1574236800,549,178,0,727,47,-0.9242148550434363,-0.30347914170310336
169,1574251200,763,619,0,1382,47,-0.9242148550434363,1.1079682274012705
169,1574265600,322,551,229,873,47,0.5270665287619138,0.011133554311001341
169,1574280000,689,1031,342,1720,47,1.2432010107269993,1.8363181674887183
169,1574294400,256,630,374,886,47,1.4460001560622446,0.03914701354513395
169,1574308800,39,206,167,245,47,0.13414318467487582,-1.3421320148455587
169,1574323200,538,205,0,743,47,-0.9242148550434363,-0.26900103803032477
169,1574337600,784,679,0,1463,47,-0.9242148550434363,1.2825136272447122
169,1574352000,295,599,304,894,47,1.0023770256413953,0.05638606538152325
169,1574366400,770,1072,302,1842,47,0.9897020790579425,2.099213707993655
169,1574380800,273,769,496,1042,47,2.219171897652868,0.3753085243547253
169,1574395200,48,205,157,253,47,0.07076845175761162,-1.3248929630091693
169,1574409600,490,168,0,658,47,-0.9242148550434363,-0.45216596379196106
169,1574424000,876,489,0,1365,47,-0.9242148550434363,1.0713352422489433
169,1574438400,612,518,0,1130,47,-0.9242148550434363,0.5649380945550075
169,1574452800,548,830,282,1378,47,0.8629526132234141,1.0993487014830758
169,1574467200,212,621,409,833,47,1.667811721272669,-0.07506170487094516
169,1574481600,42,252,210,294,47,0.40665453621911185,-1.2365428223476742
169,1574496000,163,93,0,256,47,-0.9242148550434363,-1.3184283185705234
169,1574510400,472,220,0,692,47,-0.9242148550434363,-0.3788999934873066
169,1574524800,544,345,0,889,47,-0.9242148550434363,0.04561165798377994
169,1574539200,377,444,67,821,47,-0.49960414449776613,-0.1009202826255291
169,1574553600,204,461,257,665,47,0.7045157809302536,-0.43708179343512044
169,1574568000,44,266,222,310,47,0.4827042157198289,-1.2020647186748956
169,1574582400,128,80,0,208,47,-0.9242148550434363,-1.4218626295888592
169,1574596800,417,164,0,581,47,-0.9242148550434363,-0.6180918377172081
169,1574611200,414,336,0,750,47,-0.9242148550434363,-0.25391686767348415
169,1574625600,267,441,174,708,47,0.17850549771696075,-0.3444218898145279
169,1574640000,121,422,301,543,47,0.983364605766216,-0.6999773339400572
169,1574654400,35,124,89,159,47,-0.3601797320797849,-1.5274518220867437
169,1574668800,492,151,0,643,47,-0.9242148550434363,-0.48448918598519103
169,1574683200,859,572,0,1431,47,-0.9242148550434363,1.213557419899155
169,1574697600,661,556,0,1217,47,-0.9242148550434363,0.7524127832757412
169,1574712000,632,891,259,1523,47,0.7171907275137064,1.4118065160176319
169,1574726400,163,558,395,721,48,2.335578564527911,0.07221975331132491
169,1574740800,34,147,113,181,48,0.0880491106549359,-1.2626979362574213
169,1574755200,522,161,0,683,48,-0.8125566634147314,-0.021718898917586864
169,1574769600,874,614,0,1488,48,-0.8125566634147314,1.968297286458044
169,1574784000,654,580,0,1234,48,-0.8125566634147314,1.3403915584016337
169,1574798400,680,948,268,1628,48,1.3233933140248335,2.314387057827719
169,1574812800,234,590,356,824,48,2.02475002303484,0.32684294224758575
169,1574827200,38,185,147,223,48,0.3590278391360748,-1.1588710048465187
169,1574841600,479,157,0,636,48,-0.8125566634147314,-0.13790617930597773
169,1574856000,818,452,0,1270,48,-0.8125566634147314,1.42938607103955
169,1574870400,745,299,0,1044,48,-0.8125566634147314,0.8706982972570749
169,1574884800,622,774,152,1396,48,0.39887765214800697,1.7408668652722576
169,1574899200,215,452,237,667,48,1.076324473350854,-0.06127201564554971
169,1574913600,30,156,126,186,48,0.19165862448595958,-1.250337587279933
169,1574928000,189,80,0,269,48,-0.8125566634147314,-1.0451557942536256
169,1574942400,337,201,0,538,48,-0.8125566634147314,-0.38016901926475016
169,1574956800,407,277,0,684,48,-0.8125566634147314,-0.019246829122089186
169,1574971200,264,306,42,570,48,-0.47781823411450114,-0.3010627858088245
169,1574985600,167,297,130,464,48,0.22353847489550532,-0.5631021841315783
169,1575000000,34,106,72,140,48,-0.238719356042908,-1.364052797872826
169,1575014400,257,92,0,349,48,-0.8125566634147314,-0.8473902106138114
169,1575028800,464,203,0,667,48,-0.8125566634147314,-0.06127201564554971
169,1575043200,496,375,0,871,48,-0.8125566634147314,0.44303022263597663
169,1575057600,334,580,246,914,48,1.1480541367723318,0.5493292238423768
169,1575072000,147,504,357,651,48,2.0327199856372262,-0.10082513237351257
169,1575086400,36,201,165,237,48,0.5024871659790306,-1.1242620277095512
169,1575100800,181,89,0,270,48,-0.8125566634147314,-1.042683724458128
169,1575115200,404,164,0,568,48,-0.8125566634147314,-0.30600692539981983
169,1575129600,473,297,0,770,48,-0.8125566634147314,0.19335117329071114
169,1575144000,349,469,120,818,48,0.14383884887164097,0.3120105234745997
169,1575158400,175,428,253,603,48,1.203843874989037,-0.2194844825574011
169,1575172800,40,191,151,231,48,0.3909076895456205,-1.1390944464825374
169,1575187200,116,66,0,182,48,-0.8125566634147314,-1.2602258664619235
169,1575201600,362,150,0,512,48,-0.8125566634147314,-0.4444428339476898
169,1575216000,341,322,0,663,48,-0.8125566634147314,-0.07116029482754042
169,1575230400,225,404,179,629,48,0.6140666424124408,-0.15521066787446147
169,1575244800,98,385,287,483,48,1.474822603470176,-0.5161328580171225
169,1575259200,23,123,100,146,48,-0.015560403176087778,-1.34922037909984
169,1575273600,512,150,0,662,48,-0.8125566634147314,-0.0736323646230381
169,1575288000,823,562,0,1385,48,-0.8125566634147314,1.713674097521783
169,1575302400,604,494,0,1098,48,-0.8125566634147314,1.0041900662139496
169,1575316800,557,943,386,1500,48,2.263848901106433,1.9979621240040162
169,1575331200,179,593,414,772,49,2.5933320669967457,-0.09327937570305513
169,1575345600,26,128,102,154,49,0.03610252331961752,-1.4936029591319164
169,1575360000,507,178,0,685,49,-0.7999148274979051,-0.2904123073508075
169,1575374400,929,468,0,1397,49,-0.7999148274979051,1.322905478088269
169,1575388800,651,449,0,1100,49,-0.7999148274979051,0.6499344355666318
169,1575403200,670,857,187,1527,49,0.7327836490008863,1.6174719276768645
169,1575417600,243,517,274,760,49,1.4458572717570086,-0.12047012489584856
169,1575432000,25,106,81,131,49,-0.13601869596634303,-1.5457185617514373
169,1575446400,535,129,0,664,49,-0.7999148274979051,-0.33799611843819594
169,1575460800,894,413,0,1307,49,-0.7999148274979051,1.1189748591423183
169,1575475200,732,290,0,1022,49,-0.7999148274979051,0.4731945658134745
169,1575489600,703,841,138,1544,49,0.33116747066697844,1.6559921556999884
169,1575504000,236,571,335,807,49,1.9458284325400368,-0.013973023890740979
169,1575518400,34,114,80,148,49,-0.1442149445037697,-1.5071983337283132
169,1575532800,522,133,0,655,49,-0.7999148274979051,-0.358389180332791
169,1575547200,953,418,0,1371,49,-0.7999148274979051,1.26399218817055
169,1575561600,688,349,0,1037,49,-0.7999148274979051,0.5071830023044663
169,1575576000,694,908,214,1602,49,0.9540823595114071,1.7874141101318233
169,1575590400,259,603,344,862,49,2.019594669376877,0.11065124324289555
169,1575604800,27,141,114,168,49,0.13445750576873783,-1.461880418406991
169,1575619200,506,110,0,616,49,-0.7999148274979051,-0.4467591152093696
169,1575633600,887,337,0,1224,49,-0.7999148274979051,0.9309055105588305
169,1575648000,678,261,0,939,49,-0.7999148274979051,0.2851252172299867
169,1575662400,592,834,242,1426,49,1.1835773185593543,1.3886164553041864
169,1575676800,212,508,296,720,49,1.6261747395803958,-0.2111059555384933
169,1575691200,40,177,137,217,49,0.32297122212955176,-1.3508515258697509
169,1575705600,213,62,0,275,49,-0.7999148274979051,-1.2194295714379162
169,1575720000,523,156,0,679,49,-0.7999148274979051,-0.3040076819472042
169,1575734400,566,309,0,875,49,-0.7999148274979051,0.1401078882017551
169,1575748800,448,434,0,882,49,-0.7999148274979051,0.15596915856421792
169,1575763200,192,420,228,612,49,1.0688298390353808,-0.45582269827363414
169,1575777600,43,189,146,232,49,0.39673745896639195,-1.3168630893787592
169,1575792000,127,55,0,182,49,-0.7999148274979051,-1.4301578776820651
169,1575806400,449,119,0,568,49,-0.7999148274979051,-0.5555221119805434
169,1575820800,504,298,0,802,49,-0.7999148274979051,-0.02530250272107157
169,1575835200,297,444,147,741,49,0.4049337075038187,-0.1635221444511048
169,1575849600,126,432,306,558,49,1.7081372249546627,-0.5781810696412045
169,1575864000,25,114,89,139,49,-0.07044870766692948,-1.5275913956229081
169,1575878400,504,164,0,668,49,-0.7999148274979051,-0.32893253537393147
169,1575892800,886,554,0,1440,49,-0.7999148274979051,1.4203389960291122
169,1575907200,670,512,0,1182,49,-0.7999148274979051,0.8357378883840535
169,1575921600,619,844,225,1463,49,1.0442410934231006,1.4724545986486328
169,1575936000,182,586,404,768,50,2.1924050555677237,-0.29053248726143727
169,1575950400,30,151,121,181,50,0.056952585644101356,-1.5853242336358908
169,1575964800,509,165,0,674,50,-0.8560853961960341,-0.49787562892957804
169,1575979200,910,664,0,1574,50,-0.8560853961960341,1.4873246636377273
169,1575993600,610,518,0,1128,50,-0.8560853961960341,0.5035476297654848
169,1576008000,678,891,213,1569,50,0.7511632825804027,1.4762957731234645
169,1576022400,224,625,401,849,50,2.1697677502328445,-0.1118644609303798
169,1576036800,28,189,161,217,50,0.35878332344249325,-1.5059162219331985
169,1576051200,522,170,0,692,50,-0.8560853961960341,-0.45817162307823195
169,1576065600,887,613,0,1500,50,-0.8560853961960341,1.3240970840266377
169,1576080000,651,467,0,1118,50,-0.8560853961960341,0.4814898487369592
169,1576094400,679,857,178,1536,50,0.4870613870068098,1.4035050957293298
169,1576108800,245,572,327,817,50,1.6113808853058196,-0.18244936022166175
169,1576123200,34,166,132,200,50,0.13995603853865912,-1.5434144496816922
169,1576137600,526,170,0,696,50,-0.8560853961960341,-0.4493485106668217
169,1576152000,962,608,0,1570,50,-0.8560853961960341,1.478501551226317
169,1576166400,656,531,0,1187,50,-0.8560853961960341,0.633688537833786
169,1576180800,710,838,128,1548,50,0.10977296475881994,1.4299744329635606
169,1576195200,247,548,301,795,50,1.4151909057368648,-0.2309764784844181
169,1576209600,36,170,134,206,50,0.15504757542857872,-1.5301797810645767
169,1576224000,488,142,0,630,50,-0.8560853961960341,-0.5949298654550907
169,1576238400,871,358,0,1229,50,-0.8560853961960341,0.7263312181535936
169,1576252800,650,479,0,1129,50,-0.8560853961960341,0.5057534078683374
169,1576267200,567,794,227,1361,50,0.8568040408098399,1.0174939277301316
169,1576281600,213,556,343,769,50,1.7321131804251761,-0.2883267091585847
169,1576296000,51,218,167,269,50,0.40405793411225205,-1.3912157605848654
169,1576310400,186,89,0,275,50,-0.8560853961960341,-1.37798109196775
169,1576324800,582,288,0,870,50,-0.8560853961960341,-0.065543120770476
169,1576339200,585,423,0,1008,50,-0.8560853961960341,0.23885425742317748
169,1576353600,473,604,131,1077,50,0.13241027009369932,0.3910529465200042
169,1576368000,243,570,327,813,50,1.6113808853058196,-0.191272472633072
169,1576382400,62,286,224,348,50,0.8341667354749605,-1.216959290459513
169,1576396800,129,67,0,196,50,-0.8560853961960341,-1.5522375620931024
169,1576411200,466,134,0,600,50,-0.8560853961960341,-0.6611032085406676
169,1576425600,539,301,0,840,50,-0.8560853961960341,-0.13171646385605285
169,1576440000,320,444,124,764,50,0.07958989097898074,-0.2993555996728475
169,1576454400,319,439,120,758,50,0.049406817199141556,-0.3125902682899629
169,1576468800,38,389,351,427,50,1.7924793279848545,-1.0427028203341606
169,1576483200,911,187,0,1098,50,-0.8560853961960341,0.437374286679908
169,1576497600,1362,469,0,1831,50,-0.8560853961960341,2.0542096360708357
169,1576512000,613,579,0,1192,50,-0.8560853961960341,0.6447174283480488
169,1576526400,614,865,251,1479,50,1.0379024834888748,1.2777757438667339
169,1576540800,194,629,435,823,51,2.000462766212007,0.0508211162422669
169,1576555200,27,166,139,193,51,0.0632643622902379,-1.47208571928478
169,1576569600,490,194,0,684,51,-0.846433536848701,-0.28518531254862123
169,1576584000,881,463,0,1344,51,-0.846433536848701,1.3102408960987613
169,1576598400,541,555,14,1096,51,-0.7548092880145633,0.7107474116373206
169,1576612800,649,915,266,1564,51,0.8944271909999159,1.8420496323145554
169,1576627200,193,582,389,775,51,1.6994116628998401,-0.06520988075027001
169,1576641600,29,178,149,207,51,0.128710254314622,-1.4382433451619567
169,1576656000,509,168,0,677,51,-0.846433536848701,-0.3021064996100329
169,1576670400,860,487,0,1347,51,-0.846433536848701,1.317492833410795
169,1576684800,677,575,0,1252,51,-0.846433536848701,1.0878481518630656
169,1576699200,575,943,368,1518,51,1.5619752896486336,1.7308532601967077
169,1576713600,206,605,399,811,51,1.7648575549242242,0.02181336699413267
169,1576728000,32,180,148,212,51,0.12216566511218357,-1.4261567829752342
169,1576742400,494,228,0,722,51,-0.846433536848701,-0.19332743992952953
169,1576756800,873,487,0,1360,51,-0.846433536848701,1.3489178950962737
169,1576771200,653,553,0,1206,51,-0.846433536848701,0.9766517797452177
169,1576785600,583,958,375,1541,51,1.6077874140657025,1.7864514462556316
169,1576800000,209,625,416,834,51,1.8761155713656772,0.07741155305305661
169,1576814400,40,181,141,221,51,0.07635354069511471,-1.4044009710391336
169,1576828800,447,167,0,614,51,-0.846433536848701,-0.4543971831627376
169,1576843200,801,393,0,1194,51,-0.846433536848701,0.9476440304970835
169,1576857600,664,510,0,1174,51,-0.846433536848701,0.899297781750193
169,1576872000,538,845,307,1383,51,1.1627553482998907,1.4045160811551975
169,1576886400,190,599,409,789,51,1.8303034469486084,-0.03136750662744675
169,1576900800,51,207,156,258,51,0.17452237873169085,-1.3149604108573865
169,1576915200,167,99,0,266,51,-0.846433536848701,-1.2956219113586303
169,1576929600,495,174,0,669,51,-0.846433536848701,-0.32144499910878904
169,1576944000,500,303,0,803,51,-0.846433536848701,0.0024748674953765184
169,1576958400,372,452,80,824,51,-0.32286640065362826,0.05323842867961142
169,1576972800,188,493,305,681,51,1.149666169895014,-0.2924372498606548
169,1576987200,40,214,174,254,51,0.29232498437558224,-1.3246296606067645
169,1577001600,115,78,0,193,51,-0.846433536848701,-1.47208571928478
169,1577016000,420,139,0,559,51,-0.846433536848701,-0.5873493672166862
169,1577030400,479,313,0,792,51,-0.846433536848701,-0.024115569315413192
169,1577044800,305,411,106,716,51,-0.15270708139022962,-0.20783131455359663
169,1577059200,117,377,260,494,51,0.8551596557852854,-0.7444746756440799
169,1577073600,22,160,138,182,51,0.056719773087799484,-1.4986761560955697
169,1577088000,367,99,0,466,51,-0.846433536848701,-0.8121594238897264
169,1577102400,620,287,0,907,51,-0.846433536848701,0.2538753609792065
169,1577116800,530,436,0,966,51,-0.846433536848701,0.39649679478253314
169,1577131200,427,685,258,1112,51,0.8420704773804086,0.7494244106348329
169,1577145600,131,494,363,625,52,2.23213645126975,0.19264452366199455
169,1577160000,28,147,119,175,52,0.18525404309003562,-1.2998668504768431
169,1577174400,309,110,0,419,52,-0.8130205740140056,-0.49059401649934004
169,1577188800,536,236,0,772,52,-0.8130205740140056,0.6801982392140149
169,1577203200,455,444,0,899,52,-0.8130205740140056,1.1014181159154202
169,1577217600,334,567,233,901,52,1.1415843485510497,1.1080514998004816
169,1577232000,123,310,187,433,52,0.7556966814352021,-0.44416032930390953
169,1577246400,29,123,94,152,52,-0.02446751512509909,-1.3761507651550504
169,1577260800,99,74,0,173,52,-0.8130205740140056,-1.3065002343619045
169,1577275200,181,109,0,290,52,-0.8130205740140056,-0.9184472770858069
169,1577289600,299,197,0,496,52,-0.8130205740140056,-0.23520873692447225
169,1577304000,249,312,63,561,52,-0.28452224731186615,-0.019623760659973483
169,1577318400,106,277,171,383,52,0.6214748841775158,-0.6099949264304471
169,1577332800,23,96,73,119,52,-0.20063362402581225,-1.4856015992585652
169,1577347200,312,88,0,400,52,-0.8130205740140056,-0.5536111634074243
169,1577361600,517,234,0,751,52,-0.8130205740140056,0.6105477084208691
169,1577376000,620,330,0,950,52,-0.8130205740140056,1.2705694049844884
169,1577390400,369,621,252,990,52,1.3009727327945522,1.4032370826857186
169,1577404800,141,480,339,621,52,2.030803755383221,0.17937775589187155
169,1577419200,25,163,138,188,52,0.344642427333538,-1.2567498552239433
169,1577433600,307,96,0,403,52,-0.8130205740140056,-0.543661087579832
169,1577448000,607,272,0,879,52,-0.8130205740140056,1.0350842770648052
169,1577462400,497,413,0,910,52,-0.8130205740140056,1.1379017272832583
169,1577476800,411,705,294,1116,52,1.6533049505959785,1.8211402674445931
