remote_unit_id,time_stamp,entries,exits,num_people_exited,sum_exit_entry,week_num,z_score_num_people_exited,z_score_sum_exit_entry
113,1546300800,0,0,0,0,1,-0.549609300895386,-1.1941744884291845
113,1546315200,317,117,0,434,1,-0.549609300895386,-0.4650944852443247
113,1546329600,48,87,39,135,1,-0.41134174831258113,-0.9673869298348156
113,1546344000,166,227,61,393,1,-0.3333446673684348,-0.5339707067433552
113,1546358400,289,272,0,561,1,-0.549609300895386,-0.25174618938147403
113,1546372800,294,349,55,643,1,-0.3546165985350202,-0.11399374638341295
113,1546387200,193,157,0,350,1,-0.549609300895386,-0.6062067439252653
113,1546401600,51,28,0,79,1,-0.549609300895386,-1.0614617689554426
113,1546416000,62,494,432,556,1,0.9819697430987598,-0.26014572858867285
113,1546430400,381,1263,882,1644,1,2.5773645805926617,1.567594002897796
113,1546444800,414,513,99,927,1,-0.19862243664672755,0.36310008058548143
113,1546459200,1311,535,0,1846,1,-0.549609300895386,1.9069353868686292
113,1546473600,305,227,0,532,1,-0.549609300895386,-0.3004635167832273
113,1546488000,99,38,0,137,1,-0.549609300895386,-0.9640271141519361
113,1546502400,68,550,482,618,1,1.159235836153638,-0.15599144241940718
113,1546516800,384,1356,972,1740,1,2.896443548091442,1.7288651556760137
113,1546531200,455,491,36,946,1,-0.42197771389587385,0.39501832957283706
113,1546545600,1375,604,0,1979,1,-0.549609300895386,2.1303631297801187
113,1546560000,335,166,0,501,1,-0.549609300895386,-0.35254065986786015
113,1546574400,70,27,0,97,1,-0.549609300895386,-1.031223427809527
113,1546588800,79,511,432,590,1,0.9819697430987598,-0.2030288619797207
113,1546603200,412,1273,861,1685,1,2.502912821509613,1.6364702243968263
113,1546617600,476,506,30,982,1,-0.4432496450624592,0.45549501186466873
113,1546632000,1316,799,0,2115,1,-0.549609300895386,2.358830596215927
113,1546646400,362,255,0,617,1,-0.549609300895386,-0.15767135026084694
113,1546660800,98,44,0,142,1,-0.549609300895386,-0.9556275749447373
113,1546675200,33,144,111,177,1,-0.15607857431355684,-0.8968308004943453
113,1546689600,153,318,165,471,1,0.035368806185711386,-0.4029378951110532
113,1546704000,253,359,106,612,1,-0.17380518361904465,-0.1660708894680458
113,1546718400,329,365,36,694,1,-0.42197771389587385,-0.028318446469984732
113,1546732800,234,197,0,431,1,-0.549609300895386,-0.470134208768644
113,1546747200,138,53,0,191,1,-0.549609300895386,-0.8733120907141886
113,1546761600,30,108,78,138,1,-0.2730741957297763,-0.9623472063104963
113,1546776000,116,222,106,338,1,-0.17380518361904465,-0.6263656380225425
113,1546790400,256,305,49,561,1,-0.3758885297016055,-0.25174618938147403
113,1546804800,263,249,0,512,1,-0.549609300895386,-0.3340616736120227
113,1546819200,192,124,0,316,1,-0.549609300895386,-0.6633236105342174
113,1546833600,37,31,0,68,1,-0.549609300895386,-1.07994075521128
113,1546848000,77,559,482,636,1,1.159235836153638,-0.12575310127349135
113,1546862400,399,1377,978,1776,1,2.9177154792580273,1.7893418379678454
113,1546876800,415,434,19,849,1,-0.48224818553453236,0.23206726895317947
113,1546891200,1408,429,0,1837,1,-0.549609300895386,1.8918162162956713
113,1546905600,270,128,0,398,2,-0.5699559546523553,-0.623304360434219
113,1546920000,62,19,0,81,2,-0.5699559546523553,-1.1157780566434168
113,1546934400,80,531,451,611,2,0.7643791946524173,-0.29239932165642996
113,1546948800,349,1438,1089,1787,2,2.651975259522583,1.5345693431448846
113,1546963200,438,409,0,847,2,-0.5699559546523553,0.07423724713022842
113,1546977600,1356,551,0,1907,2,-0.5699559546523553,1.7209947171042022
113,1546992000,385,140,0,525,2,-0.5699559546523553,-0.426004172993941
113,1547006400,61,29,0,90,2,-0.5699559546523553,-1.101796153596468
113,1547020800,81,601,520,682,2,0.9685235966524823,-0.18209764206383355
113,1547035200,394,1351,957,1745,2,2.261438142652894,1.4693204622591234
113,1547049600,460,455,0,915,2,-0.5699559546523553,0.17987829237384184
113,1547064000,1415,520,0,1935,2,-0.5699559546523553,1.764493971028043
113,1547078400,355,137,0,492,2,-0.5699559546523553,-0.4772711508327534
113,1547092800,80,23,0,103,2,-0.5699559546523553,-1.081600071417542
113,1547107200,93,513,420,606,2,0.6726621444784749,-0.3001670455714015
113,1547121600,397,1485,1088,1882,2,2.6490166450008434,1.6821560975293444
113,1547136000,477,463,0,940,2,-0.5699559546523553,0.21871691194869972
113,1547150400,1420,678,0,2098,2,-0.5699559546523553,2.017721770656116
113,1547164800,424,148,0,572,2,-0.5699559546523553,-0.3529875681932082
113,1547179200,77,42,0,119,2,-0.5699559546523553,-1.056743354889633
113,1547193600,76,516,440,592,2,0.7318344349132764,-0.3219166725333219
113,1547208000,396,1339,943,1735,2,2.220017539348533,1.4537850144291802
113,1547222400,510,480,0,990,2,-0.5699559546523553,0.29639415109841544
113,1547236800,1337,614,0,1951,2,-0.5699559546523553,1.789350687555952
113,1547251200,381,204,0,585,2,-0.5699559546523553,-0.3327914860142821
113,1547265600,91,38,0,129,2,-0.5699559546523553,-1.0412079070596898
113,1547280000,34,181,147,215,2,-0.13503961995656472,-0.9076030557221787
113,1547294400,125,298,173,423,2,-0.05811564239132283,-0.5844657408593612
113,1547308800,259,329,70,588,2,-0.36285293813055025,-0.32813085166529915
113,1547323200,338,317,0,655,2,-0.5699559546523553,-0.22404335120468008
113,1547337600,259,148,0,407,2,-0.5699559546523553,-0.6093224573872702
113,1547352000,97,33,0,130,2,-0.5699559546523553,-1.0396543622766954
113,1547366400,35,103,68,138,2,-0.3687701671740304,-1.027226004012741
113,1547380800,88,250,162,338,2,-0.09066040213046363,-0.7165170474138779
113,1547395200,215,284,69,499,2,-0.3658115526522903,-0.4663963373517932
113,1547409600,247,197,0,444,2,-0.5699559546523553,-0.5518413004164805
113,1547424000,191,86,0,277,2,-0.5699559546523553,-0.8112832791765312
113,1547438400,40,25,0,65,2,-0.5699559546523553,-1.140634773171326
113,1547452800,76,536,460,612,2,0.7910067253480779,-0.2908457768734356
113,1547467200,403,1420,1017,1823,2,2.438955013957298,1.59049695533268
113,1547481600,411,428,17,839,2,-0.519659507782774,0.06180888886627389
113,1547496000,1357,440,0,1797,2,-0.5699559546523553,1.5501047909748278
113,1547510400,272,125,0,397,3,-0.5043785507726434,-0.5169865275293279
113,1547524800,49,26,0,75,3,-0.5043785507726434,-1.0307817801973638
113,1547539200,79,559,480,638,3,0.9029946787881166,-0.13243790674362413
113,1547553600,419,1420,1001,1839,3,2.430581038373858,1.7839226474623104
113,1547568000,469,435,0,904,3,-0.5043785507726434,0.2920016498082315
113,1547582400,1365,506,0,1871,3,-0.5043785507726434,1.834983045242985
113,1547596800,345,129,0,474,3,-0.5043785507726434,-0.39412244536958024
113,1547611200,40,26,0,66,3,-0.5043785507726434,-1.0451425170731783
113,1547625600,88,588,500,676,3,0.9616352300198149,-0.07180368437907332
113,1547640000,394,1487,1093,1881,3,2.70032757403967,1.8509394195494455
113,1547654400,455,436,0,891,3,-0.5043785507726434,0.27125836320983254
113,1547668800,1423,551,0,1974,3,-0.5043785507726434,1.9993337005995304
113,1547683200,321,158,0,479,3,-0.5043785507726434,-0.38614425821634984
113,1547697600,53,28,0,81,3,-0.5043785507726434,-1.0212079556134872
113,1547712000,85,403,318,488,3,0.42800621381136006,-0.3717835213405352
113,1547726400,441,1989,1548,2430,3,4.034400114560807,2.72694436897414
113,1547740800,497,458,0,955,3,-0.5043785507726434,0.3733791587711813
113,1547755200,1363,589,0,1952,3,-0.5043785507726434,1.964229677125317
113,1547769600,384,145,0,529,3,-0.5043785507726434,-0.3063623866840462
113,1547784000,51,32,0,83,3,-0.5043785507726434,-1.018016680752195
113,1547798400,76,501,425,577,3,0.7417331629009462,-0.22977179001303463
113,1547812800,366,1142,776,1508,3,1.7708748370172518,1.25576665791846
113,1547827200,512,491,0,1003,3,-0.5043785507726434,0.4499697554421928
113,1547841600,1101,626,0,1727,3,-0.5043785507726434,1.6052112552299502
113,1547856000,352,167,0,519,3,-0.5043785507726434,-0.3223187609905069
113,1547870400,84,37,0,121,3,-0.5043785507726434,-0.9573824583876442
113,1547884800,33,166,133,199,3,-0.11441888508184946,-0.8329227387972505
113,1547899200,139,302,163,441,3,-0.02645805823430197,-0.44677848058090064
113,1547913600,279,329,50,608,3,-0.35777717269339754,-0.18030702966300635
113,1547928000,283,313,30,596,3,-0.41641772392509585,-0.19945467883075924
113,1547942400,237,145,0,382,3,-0.5043785507726434,-0.540921088989019
113,1547956800,75,47,0,122,3,-0.5043785507726434,-0.9557868209569982
113,1547971200,30,108,78,138,3,-0.27568040096901986,-0.930256622066661
113,1547985600,123,222,99,345,3,-0.21410782217573662,-0.5999596739229237
113,1548000000,219,256,37,475,3,-0.39589353099400143,-0.39252680793893413
113,1548014400,246,214,0,460,3,-0.5043785507726434,-0.41646136939862527
113,1548028800,176,97,0,273,3,-0.5043785507726434,-0.7148455689294411
113,1548043200,32,26,0,58,3,-0.5043785507726434,-1.057907616518347
113,1548057600,36,270,234,306,3,0.1817158986382271,-0.6621895337181206
113,1548072000,176,400,224,576,3,0.15239562302237794,-0.2313674274436807
113,1548086400,274,310,36,584,3,-0.3988255585555864,-0.21860232799851212
113,1548100800,320,261,0,581,3,-0.5043785507726434,-0.22338924029045032
113,1548115200,166,95,0,261,4,-0.5938144204719528,-0.8384465463445236
113,1548129600,38,20,0,58,4,-0.5938144204719528,-1.1633826942596786
113,1548144000,75,604,529,679,4,1.05804094375064,-0.16936620236159383
113,1548158400,390,1350,960,1740,4,2.403881514601183,1.5289453884658906
113,1548172800,439,377,0,816,4,-0.5938144204719528,0.049925680714151106
113,1548187200,1358,538,0,1896,4,-0.5938144204719528,1.7786500144499506
113,1548201600,362,125,0,487,4,-0.5938144204719528,-0.4766949728035137
113,1548216000,63,19,0,82,4,-0.5938144204719528,-1.1249665979544385
113,1548230400,85,570,485,655,4,0.9206465467264545,-0.20778229866683381
113,1548244800,402,1326,924,1728,4,2.2914679170359404,1.5097373403132706
113,1548259200,448,441,0,889,4,-0.5938144204719528,0.16677464030925607
113,1548273600,1318,564,0,1882,4,-0.5938144204719528,1.7562406249385605
113,1548288000,358,137,0,495,4,-0.5938144204719528,-0.4638896073684337
113,1548302400,56,27,0,83,4,-0.5938144204719528,-1.1233659272750536
113,1548316800,96,600,504,696,4,0.9799759454414436,-0.14215480081204884
113,1548331200,432,1410,978,1842,4,2.4600883133838045,1.6922137977631606
113,1548345600,458,463,5,921,4,-0.5782014208101135,0.21799610204957606
113,1548360000,1317,521,0,1838,4,-0.5938144204719528,1.6858111150456205
113,1548374400,394,165,0,559,4,-0.5938144204719528,-0.3614466838877938
113,1548388800,70,31,0,101,4,-0.5938144204719528,-1.0945538550461236
113,1548403200,83,525,442,608,4,0.7863747496346368,-0.2830138205979288
113,1548417600,422,1260,838,1682,4,2.0229243228523055,1.4361064890615607
113,1548432000,514,413,0,927,4,-0.5938144204719528,0.22760012612588604
113,1548446400,1299,675,0,1974,4,-0.5938144204719528,1.9035023274419804
113,1548460800,345,193,0,538,4,-0.5938144204719528,-0.3950607681548787
113,1548475200,85,44,0,129,4,-0.5938144204719528,-1.0497350760233435
113,1548489600,34,175,141,209,4,-0.15352783000808592,-0.9216814216725435
113,1548504000,173,352,179,525,4,-0.034869032578107625,-0.41586948698688375
113,1548518400,231,338,107,569,4,-0.2596962277085928,-0.34543997709394375
113,1548532800,300,319,19,619,4,-0.5344850217569636,-0.2654064431246938
113,1548547200,269,160,0,429,4,-0.5938144204719528,-0.5695338722078437
113,1548561600,102,40,0,142,4,-0.5938144204719528,-1.0289263571913385
113,1548576000,32,113,81,145,4,-0.34088382595015687,-1.0241243451531836
113,1548590400,117,252,135,369,4,-0.17226342960229302,-0.6655741129709437
113,1548604800,207,268,61,475,4,-0.4033358245975139,-0.4959030209561337
113,1548619200,254,276,22,530,4,-0.52511722195986,-0.40786613358995877
113,1548633600,185,106,0,291,4,-0.5938144204719528,-0.7904264259629736
113,1548648000,44,21,0,65,4,-0.5938144204719528,-1.1521779995039836
113,1548662400,78,578,500,656,4,0.9674855457119722,-0.20618162798744882
113,1548676800,384,1425,1041,1809,4,2.656812109122979,1.6393916653434555
113,1548691200,363,399,36,762,4,-0.4814008229067101,-0.03651053597263887
113,1548705600,1348,453,0,1801,4,-0.5938144204719528,1.6265862999083756
113,1548720000,260,130,0,390,5,-0.5410128428594715,-0.5720861077127724
113,1548734400,52,23,0,75,5,-0.5410128428594715,-1.0411718966833319
113,1548748800,91,585,494,676,5,0.9162031072441653,-0.14618599455220077
113,1548763200,420,1402,982,1822,5,2.355720078196746,1.5603927805597397
113,1548777600,435,437,2,872,5,-0.5351131831424527,0.14568960747392518
113,1548792000,1440,525,0,1965,5,-0.5410128428594715,1.7733428371400255
113,1548806400,365,141,0,506,5,-0.5410128428594715,-0.39934340447282024
113,1548820800,55,22,0,77,5,-0.5410128428594715,-1.0381935742136774
113,1548835200,104,576,472,680,5,0.8513068503569589,-0.14022934961289207
113,1548849600,435,1458,1023,1893,5,2.476663102395631,1.6661232282324692
113,1548864000,483,454,0,937,5,-0.5410128428594715,0.24248508773769142
113,1548878400,1436,504,0,1940,5,-0.5410128428594715,1.7361138062693462
113,1548892800,385,120,0,505,5,-0.5410128428594715,-0.40083256570764736
113,1548907200,42,19,0,61,5,-0.5410128428594715,-1.0620201539709122
113,1548921600,92,560,468,652,5,0.8395075309229213,-0.18192586418805293
113,1548936000,437,1597,1160,2034,5,2.8807897930114166,1.8760949623431005
113,1548950400,448,468,20,916,5,-0.48201624568928375,0.2112127018063208
113,1548964800,1277,629,0,1906,5,-0.5410128428594715,1.6854823242852224
113,1548979200,413,135,0,548,5,-0.5410128428594715,-0.3367986326100789
113,1548993600,53,25,0,78,5,-0.5410128428594715,-1.0367044129788503
113,1549008000,85,510,425,595,5,0.7126648470070177,-0.2668080545732018
113,1549022400,421,1339,918,1760,5,2.1669309672521453,1.468064784000455
113,1549036800,512,482,0,994,5,-0.5410128428594715,0.3273672781228403
113,1549051200,1286,759,0,2045,5,-0.5410128428594715,1.8924757359261994
113,1549065600,416,188,0,604,5,-0.5410128428594715,-0.25340560345975727
113,1549080000,69,44,0,113,5,-0.5410128428594715,-0.9845837697598993
113,1549094400,30,93,63,123,5,-0.35517356177338016,-0.9696921574116275
113,1549108800,137,221,84,358,5,-0.29322713474468304,-0.6197392672272418
113,1549123200,178,209,31,387,5,-0.4495681172456805,-0.5765535914172538
113,1549137600,223,264,41,487,5,-0.4200698186605867,-0.4276374679345365
113,1549152000,158,107,0,265,5,-0.5410128428594715,-0.758231262066169
113,1549166400,66,40,0,106,5,-0.5410128428594715,-0.9950078984036895
113,1549180800,22,52,30,74,5,-0.4525179471041899,-1.042661057918159
113,1549195200,112,149,37,261,5,-0.4318691380946242,-0.7641879070054777
113,1549209600,163,193,30,356,5,-0.4525179471041899,-0.6227175896968962
113,1549224000,174,179,5,353,5,-0.5262636935669246,-0.6271850734013777
113,1549238400,110,81,0,191,5,-0.5410128428594715,-0.8684291934433798
113,1549252800,27,19,0,46,5,-0.5410128428594715,-1.0843575724933199
113,1549267200,77,511,434,588,5,0.7392133157336023,-0.277232183216992
113,1549281600,391,1375,984,1766,5,2.361619737913765,1.476999751409418
113,1549296000,421,377,0,798,5,-0.5410128428594715,0.03549167609671435
113,1549310400,1270,442,0,1712,5,-0.5410128428594715,1.3965850447287507
113,1549324800,240,126,0,366,6,-0.5707012013459416,-0.6175798389570348
113,1549339200,50,23,0,73,6,-0.5707012013459416,-1.0586929330545027
113,1549353600,68,615,547,683,6,1.1369426381593544,-0.1403346142850305
113,1549368000,355,1286,931,1641,6,2.3357273445031086,1.3019395978152224
113,1549382400,415,395,0,810,6,-0.5707012013459416,0.050864576671892384
113,1549396800,1274,564,0,1838,6,-0.5707012013459416,1.5985241696145436
113,1549411200,379,119,0,498,6,-0.5707012013459416,-0.41885312079708353
113,1549425600,58,30,0,88,6,-0.5707012013459416,-1.0361103514454173
113,1549440000,87,578,491,665,6,0.9621198684842236,-0.16743371221593295
113,1549454400,399,1395,996,1794,6,2.5386466307331714,1.5322819302278934
113,1549468800,454,444,0,898,6,-0.5707012013459416,0.18334905544519328
113,1549483200,1414,625,0,2039,6,-0.5707012013459416,1.9011307631762877
113,1549497600,355,142,0,497,6,-0.5707012013459416,-0.4203586262376892
113,1549512000,63,26,0,89,6,-0.5707012013459416,-1.0346048460048116
113,1549526400,83,585,502,668,6,0.9964600553846957,-0.16291719589411588
113,1549540800,451,1376,925,1827,6,2.3169963334664874,1.581963609767881
113,1549555200,516,466,0,982,6,-0.5707012013459416,0.3098115124560714
113,1549569600,1294,652,0,1946,6,-0.5707012013459416,1.7611187571999585
113,1549584000,349,164,0,513,6,-0.5707012013459416,-0.39627053918799815
113,1549598400,73,40,0,113,6,-0.5707012013459416,-0.9984727154302749
113,1549612800,87,542,455,629,6,0.8497338022644967,-0.2216319080777379
113,1549627200,500,1400,900,1900,6,2.2389504541472327,1.6918655069320965
113,1549641600,532,486,0,1018,6,-0.5707012013459416,0.3640097083178763
113,1549656000,1338,801,0,2139,6,-0.5707012013459416,2.0516813072368567
113,1549670400,390,244,0,634,6,-0.5707012013459416,-0.21410438087470943
113,1549684800,69,57,0,126,6,-0.5707012013459416,-0.978901144702401
113,1549699200,28,95,67,123,6,-0.3615382447703386,-0.983417661024218
113,1549713600,98,209,111,307,6,-0.22417749716845006,-0.7064046599527707
113,1549728000,199,233,34,432,6,-0.464558805471755,-0.5182164798770592
113,1549742400,202,290,88,492,6,-0.2959797061421645,-0.4278861534407177
113,1549756800,139,156,17,295,6,-0.5176300034088483,-0.724470725240039
113,1549771200,59,42,0,101,6,-0.5707012013459416,-1.0165387807175432
113,1549785600,24,55,31,79,6,-0.4739243109900656,-1.0496599004108684
113,1549800000,92,146,54,238,6,-0.4021221020163511,-0.8102845353545635
113,1549814400,139,216,77,355,6,-0.33031989304263665,-0.6341403988036975
113,1549828800,195,184,0,379,6,-0.5707012013459416,-0.5980082682291609
113,1549843200,100,76,0,176,6,-0.5707012013459416,-0.9036258726721164
113,1549857600,18,16,0,34,6,-0.5707012013459416,-1.1174076452381247
113,1549872000,77,580,503,657,6,0.9995818905574659,-0.1794777557407785
113,1549886400,425,1374,949,1799,6,2.3919203776129723,1.5398094574309218
113,1549900800,494,439,0,933,6,-0.5707012013459416,0.2360417458663925
113,1549915200,1279,448,0,1727,6,-0.5707012013459416,1.431413065707312
113,1549929600,287,129,0,416,7,-0.5829362381111796,-0.5630766845403479
113,1549944000,46,27,0,73,7,-0.5829362381111796,-1.1418624653101126
113,1549958400,90,582,492,672,7,1.1686697564110562,-0.1310966265897363
113,1549972800,415,1268,853,1683,7,2.453892854017819,1.5748871178949055
113,1549987200,476,420,0,896,7,-0.5829362381111796,0.24688592411704885
113,1550001600,1220,538,0,1758,7,-0.5829362381111796,1.701443775497624
113,1550016000,411,152,0,563,7,-0.5829362381111796,-0.31502563563902014
113,1550030400,55,21,0,76,7,-0.5829362381111796,-1.136800199006004
113,1550044800,81,613,532,694,7,1.3110767478356282,-0.09397334035960563
113,1550059200,480,1444,964,1924,7,2.849072255221006,1.9815558443249737
113,1550073600,464,462,0,926,7,-0.5829362381111796,0.29750858715813616
113,1550088000,1312,579,0,1891,7,-0.5829362381111796,1.9258709149797775
113,1550102400,409,151,0,560,7,-0.5829362381111796,-0.3200879019431289
113,1550116800,52,29,0,81,7,-0.5829362381111796,-1.128363088499156
113,1550131200,81,576,495,657,7,1.179350280767899,-0.15640795811027997
113,1550145600,458,1389,931,1847,7,2.731586487295734,1.8516243425195162
113,1550160000,506,454,0,960,7,-0.5829362381111796,0.3548809386047017
113,1550174400,1390,709,0,2099,7,-0.5829362381111796,2.2768547120646496
113,1550188800,348,209,0,557,7,-0.5829362381111796,-0.32515016824723764
113,1550203200,75,32,0,107,7,-0.5829362381111796,-1.084490113863547
113,1550217600,92,515,423,607,7,0.9230176962036694,-0.2407790631787588
113,1550232000,414,1290,876,1704,7,2.5357768740869475,1.6103229820236666
113,1550246400,542,589,47,1131,7,-0.4156080231873075,0.6434301179388994
113,1550260800,1189,706,0,1895,7,-0.5829362381111796,1.9326206033852558
113,1550275200,370,213,0,583,7,-0.5829362381111796,-0.2812771936116286
113,1550289600,98,40,0,138,7,-0.5829362381111796,-1.0321800287210903
113,1550304000,29,175,146,204,7,-0.06315071941149177,-0.9208101700306982
113,1550318400,170,340,170,510,7,0.022293475443251443,-0.4044590070116077
113,1550332800,285,371,86,656,7,-0.2767612065483498,-0.15809538021164954
113,1550347200,312,439,127,751,7,-0.13079404033816347,0.002209719418460233
113,1550361600,265,264,0,529,7,-0.5829362381111796,-0.37239798708558575
113,1550376000,106,35,0,141,7,-0.5829362381111796,-1.0271177624169814
113,1550390400,30,98,68,128,7,-0.34084435268940716,-1.049054249734786
113,1550404800,184,283,99,467,7,-0.23047893433536387,-0.4770181573704995
113,1550419200,254,322,68,576,7,-0.34084435268940716,-0.2930891483212157
113,1550433600,288,297,9,585,7,-0.5508946650406509,-0.27790234940888947
113,1550448000,191,135,0,326,7,-0.5829362381111796,-0.7149446736636098
113,1550462400,46,23,0,69,7,-0.5829362381111796,-1.1486121537155909
113,1550476800,36,226,190,262,7,0.09349697115553744,-0.8229396881512627
113,1550491200,160,418,258,578,7,0.33558885657730986,-0.28971430411847654
113,1550505600,272,315,43,587,7,-0.4298487223297647,-0.2745275052061503
113,1550520000,325,295,0,620,7,-0.5829362381111796,-0.2188425758609543
113,1550534400,164,98,0,262,8,-0.6684067775893667,-1.0501768627498946
113,1550548800,44,25,0,69,8,-0.6684067775893667,-1.3380123200432386
113,1550563200,99,577,478,676,8,0.6728495723328328,-0.4327474362242761
113,1550577600,415,1311,896,1726,8,1.8457473846078942,1.1331967614856262
113,1550592000,425,445,20,870,8,-0.6122872650403207,-0.14342060350454178
113,1550606400,1217,634,0,1851,8,-0.6684067775893667,1.319618689784424
113,1550620800,387,138,0,525,8,-0.6684067775893667,-0.6579451256092239
113,1550635200,46,22,0,68,8,-0.6684067775893667,-1.339503695469629
113,1550649600,69,576,507,645,8,0.7542228655289495,-0.478980074442378
113,1550664000,373,1263,890,1636,8,1.8289115308431805,0.9989729731104916
113,1550678400,494,488,0,982,8,-0.6684067775893667,0.023613444251181122
113,1550692800,1231,605,0,1836,8,-0.6684067775893667,1.2972480583885682
113,1550707200,354,165,0,519,8,-0.6684067775893667,-0.6668933781675662
113,1550721600,48,24,0,72,8,-0.6684067775893667,-1.3335381937640676
113,1550736000,92,568,476,660,8,0.6672376210779282,-0.45660944304652223
113,1550750400,451,1420,969,1871,8,2.050583605411912,1.3494461983122317
113,1550764800,454,479,25,933,8,-0.5982573869030592,-0.04946395164194765
113,1550779200,1314,626,0,1940,8,-0.6684067775893667,1.4523511027331681
113,1550793600,318,174,0,492,8,-0.6684067775893667,-0.7071605146801065
113,1550808000,44,29,0,73,8,-0.6684067775893667,-1.332046818337677
113,1550822400,70,571,501,641,8,0.7373870117642356,-0.4849455761479395
113,1550836800,361,1316,955,1677,8,2.01129994662758,1.0601193655924974
113,1550851200,568,528,0,1096,8,-0.6684067775893667,0.1936302428596848
113,1550865600,1260,808,0,2068,8,-0.6684067775893667,1.6432471573111374
113,1551499200,80,45,0,125,9,-0.5890150235172801,-0.9434001056236736
113,1551513600,42,173,131,215,9,0.07314371316771877,-0.7447485557194318
113,1551528000,143,317,174,460,9,0.29049352749943597,-0.2039748920912181
113,1551542400,259,348,89,607,9,-0.13915145431907475,0.12048930608571011
113,1551556800,331,421,90,752,9,-0.1340968074741511,0.4405390253758774
113,1551571200,237,156,0,393,9,-0.5890150235172801,-0.3518599347977092
113,1551585600,79,50,0,129,9,-0.5890150235172801,-0.9345711478501517
113,1551600000,36,114,78,150,9,-0.19475256961323495,-0.888219119539162
113,1551614400,148,246,98,394,9,-0.09365963271476185,-0.34965269535432875
113,1551628800,249,326,77,575,9,-0.1998072164581586,0.04985764389753526
113,1551643200,323,331,8,654,9,-0.5485778487578908,0.22422955992459193
113,1551657600,170,120,0,290,9,-0.5890150235172801,-0.579205597465897
113,1551672000,36,25,0,61,9,-0.5890150235172801,-1.0846634300000233
113,1551686400,82,434,352,516,9,1.1902206658958465,-0.08036948326191212
113,1551700800,386,1213,827,1599,9,3.591177917234583,2.3100708339191303
113,1551715200,366,423,57,789,9,-0.3009001533566317,0.5222068847809546
113,1551729600,1161,521,0,1682,9,-0.5890150235172801,2.4932717077197086
113,1551744000,234,141,0,375,10,-0.6048550893335704,-0.7366399583430119
113,1551758400,46,28,0,74,10,-0.6048550893335704,-1.2137933299355905
113,1551772800,105,615,510,720,10,1.0401418651515841,-0.1897365922319168
113,1551787200,416,1360,944,1776,10,2.4400020185762057,1.4842632762124788
113,1551801600,421,507,86,928,10,-0.3274634460282305,0.1399906545828884
113,1551816000,1286,681,0,1967,10,-0.6048550893335704,1.7870416615087663
113,1551830400,405,149,0,554,10,-0.6048550893335704,-0.4528842988245017
113,1551844800,56,22,0,78,10,-0.6048550893335704,-1.2074524213429982
113,1551859200,101,640,539,741,10,1.1336809076615242,-0.15644682212080666
113,1551873600,482,1408,926,1890,10,2.381943302535553,1.6649791711013624
113,1551888000,481,504,23,985,10,-0.5306689521705144,0.2303486020273302
113,1551902400,1395,646,0,2041,10,-0.6048550893335704,1.9043484704717257
113,1551916800,378,157,0,535,10,-0.6048550893335704,-0.4830036146393156
113,1551931200,57,24,0,81,10,-0.6048550893335704,-1.202696739898554
113,1551945600,92,584,492,676,10,0.9820831491109316,-0.2594865867504333
113,1551960000,467,1449,982,1916,10,2.562570419106472,1.706195076953213
113,1551974400,491,479,0,970,10,-0.6048550893335704,0.2065701948051087
113,1551988800,1376,719,0,2095,10,-0.6048550893335704,1.9899507364717233
113,1552003200,429,171,0,600,10,-0.6048550893335704,-0.379963850009689
113,1552017600,57,33,0,90,10,-0.6048550893335704,-1.188429695565221
113,1552032000,92,558,466,650,10,0.8982205592744336,-0.30070249260228393
113,1552046400,383,1291,908,1674,10,2.3238845864949007,1.3225701071013725
113,1552060800,555,512,0,1067,10,-0.6048550893335704,0.36033722817547453
113,1552075200,1299,700,0,1999,10,-0.6048550893335704,1.8377689302495055
113,1552089600,367,212,0,579,10,-0.6048550893335704,-0.41325362012079914
113,1552104000,92,51,0,143,10,-0.6048550893335704,-1.1044126567133716
113,1552118400,37,169,132,206,10,-0.17909117170211858,-1.004543346380041
113,1552132800,167,277,110,444,10,-0.25005182464069386,-0.6272592851207929
113,1552147200,277,387,110,664,10,-0.25005182464069386,-0.2785093125282105
113,1552161600,378,451,73,829,10,-0.36939474094647956,-0.016946833083773687
113,1552176000,300,226,0,526,10,-0.6048550893335704,-0.49727065897264855
113,1552194000,108,63,0,171,10,-0.6048550893335704,-1.0600262965652247
113,1552208400,43,149,106,192,10,-0.26295376153861666,-1.0267365264541146
113,1552222800,169,218,49,387,10,-0.44680636233401627,-0.7176172325652347
113,1552237200,274,381,107,655,10,-0.25972827731413595,-0.2927763568615434
113,1552251600,287,258,0,545,10,-0.6048550893335704,-0.46715134315783463
113,1552266000,174,108,0,282,10,-0.6048550893335704,-0.8840660831207854
113,1552280400,16,25,9,41,10,-0.5758257313132441,-1.266105825824478
113,1552294800,219,1006,787,1225,10,1.9336009953327367,0.6108031175828746
113,1552309200,368,885,517,1253,10,1.062720254722949,0.6551894777310215
113,1552323600,608,446,0,1054,10,-0.6048550893335704,0.3397292752495492
113,1552338000,1145,444,0,1589,10,-0.6048550893335704,1.1878257995087838
113,1552352400,242,125,0,367,11,-0.641064304432438,-0.8979900396069048
113,1552366800,20,39,19,59,11,-0.5792357674567207,-1.425744305762687
113,1552381200,212,1063,851,1275,11,2.128203325374693,0.657856952826375
113,1552395600,392,1014,622,1406,11,1.3830067481410466,0.8823238647302953
113,1552410000,613,492,0,1105,11,-0.641064304432438,0.3665640137144174
113,1552424400,1278,554,0,1832,11,-0.641064304432438,1.6122697003873188
113,1552438800,330,148,0,478,11,-0.641064304432438,-0.7077928852455677
113,1552453200,21,41,20,62,11,-0.5759816339316829,-1.4206038421312994
113,1552467600,211,1106,895,1317,11,2.271385200476354,0.7298234436657999
113,1552482000,367,1027,660,1394,11,1.5066638220924813,0.8617620102047454
113,1552496400,685,589,0,1274,11,-0.641064304432438,0.6561434649492459
113,1552510800,1141,562,0,1703,11,-0.641064304432438,1.3912297642376568
113,1552525200,277,160,0,437,11,-0.641064304432438,-0.7780458882078635
113,1552539600,28,35,7,63,11,-0.6182853697571737,-1.4188903542541704
113,1552554000,204,1136,932,1340,11,2.3917881409027513,0.7692336648397706
113,1552568400,366,917,551,1283,11,1.1519632678633658,0.6715648558434083
113,1552582800,666,526,0,1192,11,-0.641064304432438,0.5156374590246545
113,1552597200,1079,624,0,1703,11,-0.641064304432438,1.3912297642376568
113,1552611600,319,140,0,459,11,-0.641064304432438,-0.7403491549110218
113,1552626000,27,34,7,61,11,-0.6182853697571737,-1.4223173300084286
113,1552640400,190,997,807,1187,11,1.9850214502730315,0.5070700196390088
113,1552654800,332,832,500,1164,11,0.9860024580864403,0.46765979846503797
113,1552669200,686,607,0,1293,11,-0.641064304432438,0.6886997346147
113,1552683600,1078,675,0,1753,11,-0.641064304432438,1.476904158094115
113,1552698000,303,220,0,523,11,-0.641064304432438,-0.6306859307747554
113,1552712400,58,37,0,95,11,-0.641064304432438,-1.364058742186037
113,1552726800,56,261,205,317,11,0.026033068200302052,-0.983664433463363
113,1552741200,236,363,127,599,11,-0.22778934675264295,-0.500460852112939
113,1552755600,434,475,41,909,11,-0.50764482990589,0.030720389797101448
113,1552770000,349,425,76,774,11,-0.3937501565295686,-0.20060047361533553
113,1552784400,264,185,0,449,11,-0.641064304432438,-0.7574840336823134
113,1552798800,64,27,0,91,11,-0.641064304432438,-1.3709126936945537
113,1552813200,115,246,131,361,11,-0.21477281265249193,-0.9082709668696798
113,1552827600,594,968,374,1562,11,0.5759816339316829,1.1496279735624448
113,1552842000,281,334,53,615,11,-0.4685952276054369,-0.47304504607887243
113,1552856400,284,320,36,604,11,-0.5239154975310788,-0.4918934127272932
113,1552870800,170,108,0,278,11,-0.641064304432438,-1.0504904606714003
113,1552885200,18,31,13,49,11,-0.5987605686069473,-1.4428791845339786
113,1552899600,240,1055,815,1295,11,2.0110545184733337,0.6921267103689583
113,1552914000,349,881,532,1230,11,1.0901347308876486,0.5807499983555627
113,1552928400,874,505,0,1379,11,-0.641064304432438,0.836059692047808
113,1552942800,1646,442,0,2088,11,-0.641064304432438,2.0509225969323848
113,1552957200,337,143,0,480,12,-0.5791878670658477,-0.5468832535485345
113,1552971600,30,25,0,55,12,-0.5791878670658477,-1.2805707780382913
113,1552986000,252,1131,879,1383,12,2.2035201298183322,1.0119869455438193
113,1553000400,373,958,585,1331,12,1.2727850318843743,0.9222181190180139
113,1553014800,589,492,0,1081,12,-0.5791878670658477,0.4906372222593333
113,1553029200,1157,601,0,1758,12,-0.5791878670658477,1.65935829068184
113,1553043600,321,130,0,451,12,-0.5791878670658477,-0.5969466375725415
113,1553058000,28,31,3,59,12,-0.5696905701481542,-1.2736654836901524
113,1553072400,210,1091,881,1301,12,2.209851661096794,0.8704284114069721
113,1553086800,350,986,636,1336,12,1.434239079485163,0.9308497369531874
113,1553101200,601,508,0,1109,12,-0.5791878670658477,0.5389742826963055
113,1553115600,1258,575,0,1833,12,-0.5791878670658477,1.7888325597094443
113,1553130000,348,144,0,492,12,-0.5791878670658477,-0.5261673705041179
113,1553144400,24,22,0,46,12,-0.5791878670658477,-1.2961076903216038
113,1553158800,232,1148,916,1380,12,2.3206534584698844,1.0068079747827152
113,1553173200,426,1052,626,1478,12,1.4025814230928515,1.175987686312118
113,1553187600,673,561,0,1234,12,-0.5791878670658477,0.7547647310756458
113,1553202000,1231,682,0,1913,12,-0.5791878670658477,1.926938446672222
113,1553216400,362,182,0,544,12,-0.5791878670658477,-0.43639854397831235
113,1553230800,26,24,0,50,12,-0.5791878670658477,-1.289202395973465
113,1553242510,90,492,402,582,12,0.6934499199050741,-0.3707982476709929
113,1553245200,179,1055,876,1234,12,2.1940228329006386,0.7547647310756458
113,1553259600,416,889,473,1305,12,0.9182192802904857,0.877333705755111
113,1553274000,665,571,0,1236,12,-0.5791878670658477,0.7582173782497152
113,1553288400,917,549,0,1466,12,-0.5791878670658477,1.1552718032677012
113,1553302800,299,144,0,443,12,-0.5791878670658477,-0.6107572262688192
113,1553317200,45,25,0,70,12,-0.5791878670658477,-1.2546759242327705
113,1553331600,46,144,98,190,12,-0.26894283442119504,-1.047517093788604
113,1553346000,207,163,0,370,12,-0.5791878670658477,-0.736778848122354
113,1553360400,292,259,0,551,12,-0.5791878670658477,-0.4243142788690693
113,1553374800,256,247,0,503,12,-0.5791878670658477,-0.507177811046736
113,1553389200,206,111,0,317,12,-0.5791878670658477,-0.8282739982351942
113,1553403600,50,26,0,76,12,-0.5791878670658477,-1.2443179827105622
113,1553418000,42,111,69,153,12,-0.3607500379588984,-1.1113910665088886
113,1553432400,169,135,0,304,12,-0.5791878670658477,-0.8507162048666457
113,1553446800,220,245,25,465,12,-0.5000437260850689,-0.5727781073540554
113,1553461200,218,119,0,337,12,-0.5791878670658477,-0.7937475264944998
113,1553475600,152,55,0,207,12,-0.5791878670658477,-1.0181695928090138
113,1553490000,16,18,2,34,12,-0.5728563357873854,-1.3168235733660205
113,1553504400,192,1065,873,1257,12,2.184525535982945,0.7944701735774444
113,1553518800,364,887,523,1251,12,1.076507562252043,0.7841122320552361
113,1553533200,564,436,0,1000,12,-0.5791878670658477,0.35080501170952083
113,1553547600,1153,444,0,1597,12,-0.5791878670658477,1.3814201931692498
113,1553562000,220,111,0,331,13,-0.6588300167045871,-0.9244198760182237
113,1553576400,29,19,0,48,13,-0.6588300167045871,-1.4311207215326494
113,1553590800,212,1070,858,1282,13,2.246952964323391,0.7783098203924433
113,1553605200,375,998,623,1373,13,1.4510800033192246,0.9412418943917816
113,1553619600,609,489,0,1098,13,-0.6588300167045871,0.4488647476904846
113,1553634000,1155,572,0,1727,13,-0.6588300167045871,1.575065566872724
113,1553648400,294,143,0,437,13,-0.6588300167045871,-0.7346308667442693
113,1553662800,26,25,0,51,13,-0.6588300167045871,-1.4257493344777261
113,1553677200,231,1084,853,1315,13,2.230019497067983,0.8373950779965991
113,1553691600,354,995,641,1349,13,1.5120404854386926,0.8982707979523957
113,1553706000,664,530,0,1194,13,-0.6588300167045871,0.6207491334480283
113,1553720400,1223,549,0,1772,13,-0.6588300167045871,1.6556363726965726
113,1553734800,290,187,0,477,13,-0.6588300167045871,-0.6630123726786261
113,1553749200,24,25,1,49,13,-0.6554433232535055,-1.4293302591810084
113,1553763600,257,1093,836,1350,13,2.172445708399597,0.9000612603040368
113,1553778000,422,914,492,1336,13,1.0074231612275402,0.8749947873810617
113,1553792400,694,623,0,1317,13,-0.6588300167045871,0.8409760026998812
113,1553806800,1231,663,0,1894,13,-0.6588300167045871,1.8740727795967842
113,1553821200,352,169,0,521,13,-0.6588300167045871,-0.5842320292064186
113,1553835600,31,30,0,61,13,-0.6588300167045871,-1.4078447109613155
113,1553850000,204,1052,848,1256,13,2.2130860298125756,0.7317577992497752
113,1553851687,33,246,213,279,13,0.0625356883757851,-1.01752391830356
113,1553864400,403,864,461,1267,13,0.9024356642440119,0.7514528851178272
113,1553878800,762,568,0,1330,13,-0.6588300167045871,0.8642520132712153
113,1553893200,978,661,0,1639,13,-0.6588300167045871,1.417504879928309
113,1553907600,295,229,0,524,13,-0.6588300167045871,-0.5788606421514954
113,1553922000,56,46,0,102,13,-0.6588300167045871,-1.334435754544031
113,1553936400,65,251,186,316,13,-0.028905034803417006,-0.9512768112928399
113,1553950800,261,332,71,593,13,-0.4183747816777964,-0.45531873988826077
113,1553965200,341,527,186,868,13,-0.028905034803417006,0.03705840681303623
113,1553979600,324,548,224,872,13,0.09978931633768226,0.044220256219600546
113,1553994000,305,245,0,550,13,-0.6588300167045871,-0.5323086210088273
113,1554008400,64,46,0,110,13,-0.6588300167045871,-1.3201120557309025
113,1554022800,60,187,127,247,13,-0.22871994841722904,-1.0748187135560745
113,1554037200,219,318,99,537,13,-0.3235473650475127,-0.5555846315801612
113,1554051600,289,471,182,760,13,-0.042451808607743245,-0.1563115271642004
113,1554066000,244,286,42,530,13,-0.5165888917591616,-0.5681178680416489
113,1554080400,182,146,0,328,13,-0.6588300167045871,-0.929791263073147
113,1554094800,25,44,19,69,13,-0.5944828411340375,-1.3935210121481867
113,1554109200,236,1051,815,1287,13,2.101325145926884,0.7872621321506488
113,1554123600,388,976,588,1364,13,1.33254573253137,0.9251277332270119
113,1554138000,568,468,0,1036,13,-0.6588300167045871,0.33785608188873767
113,1554152400,1148,440,0,1588,13,-0.6588300167045871,1.326191299994614
113,1554166800,193,145,0,338,14,-0.5713340853506169,-0.7555341999604689
113,1554181200,20,41,21,61,14,-0.5035213194672574,-1.1931684983094903
113,1554195600,235,1151,916,1386,14,2.386594178894967,0.9002085605802332
113,1554210000,383,949,566,1332,14,1.2563814141723093,0.814893571010388
113,1554224400,631,530,0,1161,14,-0.5713340853506169,0.5447294373725443
113,1554238800,1236,547,0,1783,14,-0.5713340853506169,1.5274317246400222
113,1554253200,299,149,0,448,14,-0.5713340853506169,-0.5817444063922654
113,1554267600,24,30,6,54,14,-0.5519590093839427,-1.2042278488092852
113,1554282000,256,1121,865,1377,14,2.2219060331782368,0.8859893956519257
113,1554296400,386,977,591,1363,14,1.337110897366785,0.8638706946523362
113,1554310800,697,621,0,1318,14,-0.5713340853506169,0.7927748700107984
113,1554325200,1155,719,0,1874,14,-0.5713340853506169,1.671203281137354
113,1554339600,289,158,0,447,14,-0.5713340853506169,-0.5833243136065218
113,1554354000,26,24,0,50,14,-0.5713340853506169,-1.2105474776663108
113,1554368400,257,1055,798,1312,14,2.0055510182170426,0.78329542672526
113,1554382800,418,1068,650,1486,14,1.5276324777057473,1.0581992820058728
113,1554397200,664,569,0,1233,14,-0.5713340853506169,0.6584827567990048
113,1554411600,1183,664,0,1847,14,-0.5713340853506169,1.6285457863524313
113,1554426000,317,152,0,469,14,-0.5713340853506169,-0.5485663548928812
113,1554440400,22,33,11,55,14,-0.5358131127450476,-1.2026479415950289
113,1554454800,225,1109,884,1334,14,2.283260440406038,0.8180533854389007
113,1554469200,407,926,519,1333,14,1.1046099857666953,0.8164734782246443
113,1554483600,913,749,0,1662,14,-0.5713340853506169,1.3362629517149984
113,1554498000,1217,798,0,2015,14,-0.5713340853506169,1.8939701983475057
113,1554512400,273,171,0,444,14,-0.5713340853506169,-0.5880640352492911
113,1554526800,37,28,0,65,14,-0.5713340853506169,-1.1868488694524648
113,1554541200,54,139,85,193,14,-0.29685384248940005,-0.9846207460276463
113,1554555600,139,179,40,318,14,-0.44216691223945603,-0.7871323442455969
113,1554570000,263,246,0,509,14,-0.5713340853506169,-0.48537006632262536
113,1554584400,224,184,0,408,14,-0.5713340853506169,-0.6449406949625213
113,1554598800,182,113,0,295,14,-0.5713340853506169,-0.823470210173494
113,1554613200,38,29,0,67,14,-0.5713340853506169,-1.183689055023952
113,1554627600,30,102,72,132,14,-0.3388331737505273,-1.0809950860972863
113,1554642000,118,122,4,240,14,-0.5584173680395008,-0.9103651069575956
113,1554656400,179,207,28,386,14,-0.4809170641728043,-0.679698653676162
113,1554670800,172,110,0,282,14,-0.5713340853506169,-0.844009003958827
113,1554685200,99,52,0,151,14,-0.5713340853506169,-1.0509768490264149
113,1554699600,11,34,23,45,14,-0.4970629608116994,-1.2184470137375927
113,1554714000,215,1042,827,1257,14,2.099197218722634,0.6964005299411583
113,1554728400,359,884,525,1243,14,1.1239850617333695,0.6742818289415687
113,1554742800,567,423,0,990,14,-0.5713340853506169,0.2745653037347008
113,1554757200,1123,395,0,1518,14,-0.5713340853506169,1.1087563128620774
113,1554771600,171,99,0,270,15,-0.6157065179986362,-0.9581782012864306
113,1554786000,19,20,1,39,15,-0.6122251402716649,-1.374024540310405
113,1554800400,193,1080,887,1273,15,2.4722755258248954,0.8474230023544628
113,1554814800,305,957,652,1262,15,1.6541517599866429,0.8276207957342735
113,1554829200,593,479,0,1072,15,-0.6157065179986362,0.48558268138554994
113,1554843600,1216,569,0,1785,15,-0.6157065179986362,1.7691257104941809
113,1554858000,237,117,0,354,15,-0.6157065179986362,-0.806961350732258
113,1554872400,23,27,4,50,15,-0.601781007090751,-1.3542223336902157
113,1554886800,225,941,716,1166,15,1.8769599345128052,0.6548015379580763
113,1554901200,395,983,588,1378,15,1.4313435854604803,1.0364440655471785
113,1554915600,625,467,0,1092,15,-0.6157065179986362,0.5215866934222577
113,1554930000,1069,535,0,1604,15,-0.6157065179986362,1.443289401561976
113,1554944400,229,197,0,426,15,-0.6157065179986362,-0.6773469074001102
113,1554958800,31,20,0,51,15,-0.6157065179986362,-1.3524221330883803
113,1554973200,252,934,682,1186,15,1.7585930917957815,0.690805549994784
113,1554987600,400,915,515,1315,15,1.1772030113915766,0.923031427631549
113,1555002000,654,491,0,1145,15,-0.6157065179986362,0.6169973253195332
113,1555016400,1080,559,0,1639,15,-0.6157065179986362,1.5062964226262143
113,1555030800,327,136,0,463,15,-0.6157065179986362,-0.6107394851322009
113,1555045200,19,20,1,39,15,-0.6122251402716649,-1.374024540310405
113,1555059600,194,1027,833,1221,15,2.2842811285684457,0.7538125710590227
113,1555074000,388,924,536,1312,15,1.2503119436579735,0.9176308258260428
113,1555088400,724,546,0,1270,15,-0.6157065179986362,0.8420224005489566
113,1555102800,1105,677,0,1782,15,-0.6157065179986362,1.7637251086886747
113,1555117200,297,305,8,602,15,-0.5878554961828659,-0.36051160147708206
113,1555131600,32,31,0,63,15,-0.6157065179986362,-1.3308197258663557
113,1555146000,57,167,110,224,15,-0.23275496803179463,-1.0409874289708583
113,1555160400,269,326,57,595,15,-0.4172679875612728,-0.3731130056899297
113,1555174800,316,463,147,779,15,-0.10394399213385701,-0.04187609495221851
113,1555189200,283,364,81,647,15,-0.333714922113962,-0.2795025743944896
113,1555203600,198,172,0,370,15,-0.6157065179986362,-0.7781581411028918
113,1555218000,34,29,0,63,15,-0.6157065179986362,-1.3308197258663557
113,1555232400,53,149,96,202,15,-0.28149425620939267,-1.0805918422112368
113,1555246800,238,241,3,479,15,-0.6052623848177223,-0.5819362755028347
113,1555261200,221,363,142,584,15,-0.12135088076871345,-0.392915212310119
113,1555275600,213,236,23,449,15,-0.5356348302782966,-0.6359422935578962
113,1555290000,127,70,0,197,15,-0.6157065179986362,-1.0895928452204138
113,1555304400,9,35,26,44,15,-0.5251906970973828,-1.365023537301228
113,1555318800,224,1045,821,1269,15,2.2425045958447902,0.8402221999471212
113,1555333200,378,877,499,1255,15,1.1215009677600358,0.8150193915214258
113,1555347600,624,471,0,1095,15,-0.6157065179986362,0.5269872952277638
113,1555362000,1107,477,0,1584,15,-0.6157065179986362,1.4072853895252682
113,1555376400,233,107,0,340,16,-0.5958263527173989,-0.949739905715009
113,1555390800,28,32,4,60,16,-0.5812749895459317,-1.4211026949620444
113,1555405200,249,1093,844,1342,16,2.4745112764621853,0.7370655043761681
113,1555419600,360,869,509,1229,16,1.255834610851805,0.5468369501443288
113,1555434000,620,505,0,1125,16,-0.5958263527173989,0.37175934270971556
113,1555448400,1209,535,0,1744,16,-0.5958263527173989,1.4138077946522691
113,1555462800,293,219,0,512,16,-0.5958263527173989,-0.6601884780346872
113,1555477200,25,32,7,57,16,-0.5703614671673313,-1.4261530105611198
113,1555491600,228,1099,871,1327,16,2.572732977869589,0.7118139263807912
113,1555506000,395,968,573,1363,16,1.4886564215952807,0.7724177135696958
113,1555520400,834,788,0,1622,16,-0.5958263527173989,1.2084282936232036
113,1555534800,1902,606,0,2508,16,-0.5958263527173989,2.6999548338834662
113,1555549200,434,385,0,819,16,-0.5958263527173989,-0.14337284839597322
113,1555563600,61,26,0,87,16,-0.5958263527173989,-1.3756498545703661
113,1555578000,255,1064,809,1319,16,2.3471868487118472,0.6983464181165902
113,1555592400,488,1061,573,1549,16,1.4886564215952807,1.0855372807123693
113,1555606800,804,623,0,1427,16,-0.5958263527173989,0.8801577796833039
113,1555621200,1123,614,0,1737,16,-0.5958263527173989,1.4020237249210932
113,1555635600,456,298,0,754,16,-0.5958263527173989,-0.2527963530426065
113,1555650000,52,38,0,90,16,-0.5958263527173989,-1.3705995389712906
113,1555664400,154,681,527,835,16,1.3213157451234077,-0.1164378318675712
113,1555678800,632,728,96,1360,16,-0.24659363660218558,0.7673673979706204
113,1555693200,1003,651,0,1654,16,-0.5958263527173989,1.2622983266800076
113,1555707600,838,598,0,1436,16,-0.5958263527173989,0.89530872648053
113,1555722000,326,337,11,663,16,-0.5558101039958641,-0.405989259547893
113,1555736400,59,34,0,93,16,-0.5958263527173989,-1.3655492233722153
113,1555750800,69,287,218,356,16,0.1972229401275647,-0.922804889186607
113,1555765200,355,330,0,685,16,-0.5958263527173989,-0.36895361182134023
113,1555779600,385,433,48,818,16,-0.42120999465979225,-0.14505628692899836
113,1555794000,305,439,134,744,16,-0.10835568647324696,-0.2696307383728577
113,1555808400,254,176,0,430,16,-0.5958263527173989,-0.7982304377427476
113,1555822800,59,33,0,92,16,-0.5958263527173989,-1.3672326619052404
113,1555837200,60,199,139,259,16,-0.09016648250891293,-1.0860984268900442
113,1555851600,305,343,38,648,16,-0.4575884025884603,-0.4312408375432699
113,1555866000,358,461,103,819,16,-0.22112875105211793,-0.14337284839597322
113,1555880400,253,324,71,577,16,-0.3375396564238557,-0.550764973388054
113,1555894800,169,119,0,288,16,-0.5958263527173989,-1.0372787094323155
113,1555909200,18,42,24,60,16,-0.5085181736885955,-1.4211026949620444
113,1555923600,159,954,795,1113,16,2.296257077611712,0.35155808031341407
113,1555938000,369,854,485,1223,16,1.1685264318230018,0.536736318946178
113,1555952400,627,557,0,1184,16,-0.5958263527173989,0.47108221615819806
113,1555966800,1117,510,0,1627,16,-0.5958263527173989,1.2168454862883291
113,1555981200,187,119,0,306,17,-0.613987465702199,-0.9275544250365116
113,1555995600,32,36,4,68,17,-0.6005459887360837,-1.3581816152582835
113,1556010000,169,1088,919,1257,17,2.4741918672628094,0.7931449779084677
113,1556024400,356,886,530,1242,17,1.1670082323080888,0.7660046087768434
113,1556038800,583,479,0,1062,17,-0.613987465702199,0.44032017919735206
113,1556053200,1106,536,0,1642,17,-0.613987465702199,1.4897477856201575
113,1556067600,322,135,0,457,17,-0.613987465702199,-0.6543413757781605
113,1556082000,32,40,8,72,17,-0.5871045117699683,-1.3509441834898503
113,1556096400,191,1131,940,1322,17,2.544759621334915,0.9107532441455062
113,1556110800,367,878,511,1245,17,1.1031612167190408,0.7714326826031682
113,1556125200,871,536,0,1407,17,-0.613987465702199,1.0645486692247104
113,1556139600,1110,540,0,1650,17,-0.613987465702199,1.5042226491570239
113,1556154000,309,189,0,498,17,-0.613987465702199,-0.5801577001517209
113,1556168400,35,33,0,68,17,-0.613987465702199,-1.3581816152582835
113,1556182800,198,1053,855,1251,17,2.2591282358049636,0.782288830255818
113,1556197200,373,885,512,1258,17,1.1065215859605697,0.794954335850576
113,1556211600,641,523,0,1164,17,-0.613987465702199,0.6248746892923972
113,1556226000,1116,673,0,1789,17,-0.613987465702199,1.7557234031100755
113,1556240400,347,162,0,509,17,-0.613987465702199,-0.5602547627885297
113,1556254800,30,30,0,60,17,-0.613987465702199,-1.3726564787951498
113,1556269200,215,1007,792,1222,17,2.047424973588646,0.7298174499346777
113,1556283600,410,998,588,1408,17,1.3619096483167619,1.0663580271668187
113,1556298000,791,693,0,1484,17,-0.613987465702199,1.2038692307670484
113,1556312400,997,672,0,1669,17,-0.613987465702199,1.5386004500570811
113,1556326800,356,144,0,500,17,-0.613987465702199,-0.5765389842675043
113,1556341200,42,32,0,74,17,-0.613987465702199,-1.3473254676056339
113,1556355600,80,237,157,317,17,-0.08640949478217033,-0.9076514876733205
113,1556370000,222,267,45,489,17,-0.462770849833401,-0.5964419216306954
113,1556384400,294,426,132,720,17,-0.17041872582039147,-0.1784802370036815
113,1556398800,268,367,99,635,17,-0.28131091079084336,-0.3322756620828858
113,1556413200,266,211,0,477,17,-0.613987465702199,-0.6181542169359948
113,1556427600,42,29,0,71,17,-0.613987465702199,-1.3527535414319587
113,1556442000,57,175,118,232,17,-0.2174638952017953,-1.0614469127525248
113,1556456400,197,254,57,451,17,-0.42244641893505486,-0.6651975234308103
113,1556470800,228,324,96,552,17,-0.2913920185154299,-0.48245237127787344
113,1556485200,218,279,61,497,17,-0.4090049419689395,-0.5819670580938291
113,1556499600,116,84,0,200,17,-0.613987465702199,-1.11934636689999
113,1556514000,16,25,9,41,17,-0.5837441425284394,-1.4070342796952071
113,1556528400,233,978,745,1211,17,1.8894876192367904,0.7099145125714865
113,1556542800,338,834,496,1172,17,1.0527556780961083,0.6393495528292634
113,1556557200,588,477,0,1065,17,-0.613987465702199,0.44574825302367693
113,1556571600,1125,444,0,1569,17,-0.613987465702199,1.3576646558462526
113,1556586000,241,112,0,353,18,-0.6208322141707522,-0.8674089232556629
113,1556600400,22,30,8,52,18,-0.5952488684217351,-1.3971010931006462
113,1556614800,203,1137,934,1340,18,2.3660234020270043,0.8694886569337013
113,1556629200,382,933,551,1315,18,1.1412207242928063,0.8254942906675066
113,1556643600,627,509,0,1136,18,-0.6208322141707522,0.510494628201553
113,1556658000,1266,593,0,1859,18,-0.6208322141707522,1.7828117006199018
113,1556672400,330,112,0,442,18,-0.6208322141707522,-0.71078897934801
113,1556686800,37,37,0,74,18,-0.6208322141707522,-1.358386050786395
113,1556700209,189,716,527,905,18,1.0644706870457548,0.10398668390191464
113,1556700291,2,4,2,6,18,-0.6144363777334979,-1.4780507270304444
113,1556701200,180,1208,1028,1388,18,2.666627714577956,0.9539578401647949
113,1556715600,355,1031,676,1386,18,1.5409605016212,0.9504382908634994
113,1556730000,654,520,0,1174,18,-0.6208322141707522,0.5773660649261689
113,1556744400,1246,576,0,1822,18,-0.6208322141707522,1.7177000385459338
113,1556758800,375,132,0,507,18,-0.6208322141707522,-0.5964036270559039
113,1556773200,32,40,8,72,18,-0.5952488684217351,-1.3619056000876906
113,1556787600,228,1095,867,1323,18,2.151762881378985,0.8395724878726889
113,1556802000,364,924,560,1288,18,1.1700019882604507,0.7779803751000164
113,1556816400,696,571,0,1267,18,-0.6208322141707522,0.7410251074364129
113,1556830800,1180,612,0,1792,18,-0.6208322141707522,1.6649067990265
113,1556845200,381,155,0,536,18,-0.6208322141707522,-0.5453701621871181
113,1556859600,37,35,0,72,18,-0.6208322141707522,-1.3619056000876906
113,1556874000,208,984,776,1192,18,1.8607523234839147,0.609042008637829
113,1556888400,433,938,505,1371,18,0.9941164862359576,0.9240416711037825
113,1556902800,782,683,0,1465,18,-0.6208322141707522,1.0894604882646743
113,1556917200,1067,610,0,1677,18,-0.6208322141707522,1.4625327142020048
113,1556931600,415,369,0,784,18,-0.6208322141707522,-0.10894604882646738
113,1556946000,47,39,0,86,18,-0.6208322141707522,-1.3372687549786215
113,1556960400,67,280,213,347,18,0.06032436639683033,-0.8779675711595496
113,1556974800,233,284,51,517,18,-0.4577383850207677,-0.578805880549426
113,1556989200,329,430,101,759,18,-0.2978424740894103,-0.152940415092662
113,1557003600,289,452,163,741,18,-0.09957154453452709,-0.18461635880432214
113,1557018000,276,192,0,468,18,-0.6208322141707522,-0.6650348384311675
113,1557032400,74,36,0,110,18,-0.6208322141707522,-1.2950341633630746
113,1557046800,65,190,125,255,18,-0.2210924368423587,-1.039866839019146
113,1557061200,212,283,71,495,18,-0.3937800206482247,-0.6175209228636773
113,1557075600,328,338,10,666,18,-0.5888530319844808,-0.31659945760290603
113,1557090000,290,298,8,588,18,-0.5952488684217351,-0.4538618803534333
113,1557104400,180,98,0,278,18,-0.6208322141707522,-0.9993920220542467
113,1557118800,20,23,3,43,18,-0.6112384595148708,-1.4129390649564764
113,1557133200,221,1052,831,1273,18,2.036637825508408,0.7515837553402996
113,1557147600,351,875,524,1226,18,1.0548769323898735,0.6688743467598537
113,1557162000,607,474,0,1081,18,-0.6208322141707522,0.41370702241592483
113,1557176400,1192,497,0,1689,18,-0.6208322141707522,1.4836500100097783
113,1557190800,223,185,0,408,19,-0.6249102984540329,-0.722622696924627
113,1557205200,26,25,0,51,19,-0.6249102984540329,-1.3556580727147134
113,1557219600,247,1098,851,1345,19,2.320230194348083,0.9388735134824068
113,1557234000,355,907,552,1262,19,1.2854511022824746,0.7916972216320505
113,1557248400,592,504,0,1096,19,-0.6249102984540329,0.49734463793133804
113,1557262800,1186,593,0,1779,19,-0.6249102984540329,1.7084459311095708
113,1557277200,315,149,0,464,19,-0.6249102984540329,-0.6233230301340251
113,1557291600,43,34,0,77,19,-0.6249102984540329,-1.3095546559905054
113,1557306000,213,1045,832,1258,19,2.25447500120679,0.7846043882898647
113,1557320400,340,927,587,1267,19,1.406579089648014,0.8005632633097828
113,1557334800,602,528,0,1130,19,-0.6249102984540329,0.5576337213399177
113,1557349200,1165,554,0,1719,19,-0.6249102984540329,1.602053430976783
113,1557363600,324,176,0,500,19,-0.6249102984540329,-0.5594875300543526
113,1557378000,34,32,0,66,19,-0.6249102984540329,-1.3290599476815166
113,1557392400,233,1110,877,1343,19,2.4102109849624838,0.9353270968113139
113,1557406800,425,918,493,1343,19,1.0812639235805652,0.9353270968113139
113,1557421200,679,615,0,1294,19,-0.6249102984540329,0.8484398883695372
113,1557435600,1160,574,0,1734,19,-0.6249102984540329,1.62865155600998
113,1557450000,364,209,0,573,19,-0.6249102984540329,-0.4300433215594609
113,1557464400,40,35,0,75,19,-0.6249102984540329,-1.3131010726615984
113,1557478800,213,984,771,1197,19,2.04336622322685,0.6764386798215306
113,1557493200,547,923,376,1470,19,0.676350365815762,1.1605245554257144
113,1557507600,700,599,0,1299,19,-0.6249102984540329,0.8573059300472695
113,1557522000,1013,608,0,1621,19,-0.6249102984540329,1.42827901409323
113,1557536400,308,156,0,464,19,-0.6249102984540329,-0.6233230301340251
113,1557550800,49,34,0,83,19,-0.6249102984540329,-1.2989154059772268
113,1557565200,86,274,188,360,19,0.025720033680864555,-0.807736697030857
113,1557579600,178,254,76,432,19,-0.3618895258888616,-0.6800656968715119
113,1557594000,310,381,71,691,19,-0.37919352408393864,-0.22080473796497857
113,1557608400,277,303,26,580,19,-0.5349295078396322,-0.4176308632106357
113,1557622800,289,157,0,446,19,-0.6249102984540329,-0.6552407801738614
113,1557637200,48,26,0,74,19,-0.6249102984540329,-1.3148742809971448
113,1557651600,54,183,129,237,19,-0.17846714502104474,-1.0258413223030718
113,1557666000,177,265,88,442,19,-0.32035993022067666,-0.6623336135160472
113,1557680400,269,357,88,626,19,-0.32035993022067666,-0.3360632797754985
113,1557694800,255,206,0,461,19,-0.6249102984540329,-0.6286426551406645
113,1557709200,172,79,0,251,19,-0.6249102984540329,-1.0010164056054214
113,1557723600,17,34,17,51,19,-0.5660767045907709,-1.3556580727147134
113,1557735968,85,686,601,771,19,1.4550302845942298,-0.0789480711212617
113,1557736048,1,17,16,18,19,-0.5695375042297863,-1.4141739477877466
113,1557738000,238,914,676,1152,19,1.7145902575203855,0.5966443047219399
113,1557752400,431,1061,630,1492,19,1.5553934741256767,1.1995351388077364
113,1557766800,697,501,0,1198,19,-0.6249102984540329,0.678211888157077
113,1557781200,1186,497,0,1683,19,-0.6249102984540329,1.5382179308971105
113,1557795600,211,116,0,327,20,-0.6402410090171603,-0.9520086436111066
113,1557810000,28,55,27,83,20,-0.5487895284496506,-1.382935524341081
113,1557824400,231,1063,832,1294,20,2.177819429211288,0.7558040353474396
113,1557838800,415,1036,621,1451,20,1.4631430440355637,1.0330807577843493
113,1557853200,642,544,0,1186,20,-0.6402410090171603,0.5650659078112213
113,1557867600,1335,597,0,1932,20,-0.6402410090171603,1.8825718628299137
113,1557882000,331,121,0,452,20,-0.6402410090171603,-0.731246921925669
113,1557896400,24,47,23,71,20,-0.5623378959411335,-1.404128649622883
113,1557910800,237,1028,791,1265,20,2.038948662423588,0.704587315916418
113,1557925200,379,998,619,1377,20,1.4563688602898222,0.9023898185465702
113,1557939600,677,526,0,1203,20,-0.6402410090171603,0.5950895019604409
113,1557954000,1193,543,0,1736,20,-0.6402410090171603,1.5364174832271473
113,1557968400,357,211,0,568,20,-0.6402410090171603,-0.5263800442015827
113,1557982800,39,30,0,69,20,-0.6402410090171603,-1.40766083716985
113,1557997200,215,1103,888,1318,20,2.3674965740920486,0.7981902859110436
113,1558011600,405,940,535,1345,20,1.1718531429686807,0.8458748177950981
113,1558026000,684,522,0,1206,20,-0.6402410090171603,0.6003877832808914
113,1558040400,1168,593,0,1761,20,-0.6402410090171603,1.5805698275642348
113,1558054800,379,176,0,555,20,-0.6402410090171603,-0.5493392632568682
113,1558069200,49,36,0,85,20,-0.6402410090171603,-1.379403336794114
113,1558083600,235,961,726,1196,20,1.8187876906869904,0.5827268455460564
113,1558098000,452,894,442,1346,20,0.8568535987917028,0.8476409115685817
113,1558112400,813,569,0,1382,20,-0.6402410090171603,0.9112202874139878
113,1558126800,1113,602,0,1715,20,-0.6402410090171603,1.4993295139839937
113,1558141200,310,244,0,554,20,-0.6402410090171603,-0.5511053570303518
113,1558155600,46,33,0,79,20,-0.6402410090171603,-1.3899998994350151
113,1558170000,55,327,272,382,20,0.2810479804036785,-0.8548734860695141
113,1558184400,263,334,71,597,20,-0.3997574860433384,-0.47516332477056117
113,1558198800,349,451,102,800,20,-0.29475763798434573,-0.11664628875341031
113,1558213200,311,433,122,744,20,-0.22701580052693113,-0.21554754006848642
113,1558227600,293,154,0,447,20,-0.6402410090171603,-0.7400773907930864
113,1558242000,61,45,0,106,20,-0.6402410090171603,-1.3423153675509605
113,1558256400,54,195,141,249,20,-0.16266105494238722,-1.0897639579428198
113,1558270800,215,244,29,459,20,-0.5420153447039091,-0.7188842655112844
113,1558285200,241,386,145,627,20,-0.1491126874509043,-0.4221805115660561
113,1558299600,258,318,60,576,20,-0.43701549664491646,-0.5122512940137147
113,1558314000,172,118,0,290,20,-0.6402410090171603,-1.0173541132299961
113,1558328400,20,35,15,55,20,-0.5894346309240993,-1.432386149998619
113,1558342800,242,1112,870,1354,20,2.3065289203803756,0.8617696617564496
113,1558357200,359,967,608,1326,20,1.419110849688244,0.8123190360989117
113,1558371600,633,550,0,1183,20,-0.6402410090171603,0.5597676264907708
113,1558386000,1143,480,0,1623,20,-0.6402410090171603,1.3368488868235116
113,1558400400,269,129,0,398,21,-0.6041765417760251,-0.6305958612369797
113,1558414800,31,34,3,65,21,-0.5926588787334651,-1.2726769169687036
113,1558429200,237,1139,902,1376,21,2.8588008130203324,1.2551557078489841
113,1558437000,154,675,521,829,21,1.396057606615219,0.20044598567104727
113,1558443600,372,935,563,1307,21,1.5573048892110584,1.1221118854901584
113,1558453537,367,361,0,728,21,-0.6041765417760251,0.0057006804791430235
113,1558458000,618,480,0,1098,21,-0.6041765417760251,0.719124075736614
113,1558472400,1208,608,0,1816,21,-0.6041765417760251,2.1035510968038147
113,1558486800,341,133,0,474,21,-0.6041765417760251,-0.4840548395084181
113,1558501200,37,44,7,81,21,-0.5773019946767185,-1.2418261755521642
113,1558515600,234,1142,908,1376,21,2.8818361391054523,1.2551557078489841
113,1558530000,391,938,547,1329,21,1.4958773529840719,1.1645316549379
113,1558544400,643,617,0,1260,21,-0.6041765417760251,1.0314878325790742
113,1558558800,1198,614,0,1812,21,-0.6041765417760251,2.0958384114496798
113,1558573200,360,183,0,543,21,-0.6041765417760251,-0.35101101714959243
113,1558587600,42,34,0,76,21,-0.6041765417760251,-1.251467032244833
113,1558602000,262,1130,868,1392,21,2.7282672985379866,1.2860064492655234
113,1558616400,421,999,578,1420,21,1.614893204423858,1.3399952467444671
113,1558630800,710,574,0,1284,21,-0.6041765417760251,1.0777639447038831
113,1558645200,1159,548,0,1707,21,-0.6041765417760251,1.8933804209036404
113,1558659600,368,141,0,509,21,-0.6041765417760251,-0.4165688426597384
113,1558674000,36,40,4,76,21,-0.5888196577192785,-1.251467032244833
113,1558685140,75,489,414,564,21,0.9852609580972476,-0.31051941904038466
113,1558687210,152,561,409,713,21,0.9660648530263144,-0.023221889598862556
113,1558688400,76,406,330,482,21,0.662766392905569,-0.4686294688001485
113,1558702800,377,716,339,1093,21,0.697319382033249,0.7094832190439454
113,1558717200,924,633,0,1557,21,-0.6041765417760251,1.6041547201235846
113,1558731600,624,590,0,1214,21,-0.6041765417760251,0.9427919510065238
113,1558746000,270,179,0,449,21,-0.6041765417760251,-0.5322591229717607
113,1558760400,59,39,0,98,21,-0.6041765417760251,-1.2090472627970914
113,1558774800,64,219,155,283,21,-0.009097284577094479,-0.8523355651683558
113,1558789200,180,237,57,417,21,-0.3853409439673861,-0.5939606058048393
113,1558803600,291,359,68,650,21,-0.34310951281133295,-0.144696683926486
113,1558818000,258,332,74,590,21,-0.3200741867262131,-0.2603869642385083
113,1558832400,258,172,0,430,21,-0.6041765417760251,-0.5688943784039011
113,1558846800,53,32,0,85,21,-0.6041765417760251,-1.2341134901980295
113,1558861200,45,177,132,222,21,-0.09739936790338741,-0.9699540168189118
113,1558875600,205,268,63,473,21,-0.3623056178822662,-0.48598301084695184
113,1558890000,256,304,48,560,21,-0.41989393309506595,-0.3182321043945195
113,1558904400,274,247,0,521,21,-0.6041765417760251,-0.393430786597334
113,1558918800,183,133,0,316,21,-0.6041765417760251,-0.7887059109967436
113,1558933200,42,22,0,64,21,-0.6041765417760251,-1.2746050883072373
113,1558947600,75,192,117,267,21,-0.15498768311618713,-0.8831863065848952
113,1558962000,226,180,0,406,21,-0.6041765417760251,-0.6151704905287101
113,1558976400,216,302,86,518,21,-0.27400353455597326,-0.3992153006129351
113,1558990800,189,235,46,424,21,-0.4275723751234392,-0.5804634064351034
113,1559005200,147,120,0,267,22,-0.6221166619005175,-0.983533570058491
113,1559019600,16,44,28,60,22,-0.5229001276013022,-1.353684545476562
113,1559034000,237,1084,847,1321,22,2.379183500650743,0.9011965173359382
113,1559048400,402,864,462,1266,22,1.0149561540365335,0.8028472243504603
113,1559062800,623,491,0,1114,22,-0.6221166619005175,0.5310455419178671
113,1559077200,1108,546,0,1654,22,-0.6221166619005175,1.4966567821389218
113,1559091600,342,199,0,541,22,-0.6221166619005175,-0.4935752740944743
113,1559106000,31,29,0,60,22,-0.6221166619005175,-1.353684545476562
113,1559120400,240,1032,792,1272,22,2.184293879705856,0.8135762381306942
113,1559134800,401,933,532,1334,22,1.2629974897845717,0.9244427138597784
113,1559149200,645,554,0,1199,22,-0.6221166619005175,0.6830399038045146
113,1559163600,1281,617,0,1898,22,-0.6221166619005175,1.932970009201769
113,1559178000,353,122,0,475,22,-0.6221166619005175,-0.6115944256770477
113,1559192400,33,40,7,73,22,-0.5973125283257137,-1.3304383489527218
113,1559206800,240,1079,839,1319,22,2.350835919422396,0.8976201794091935
113,1559221200,413,893,480,1306,22,1.0787382118003148,0.8743739828853533
113,1559235600,703,529,0,1232,22,-0.6221166619005175,0.7420494795958014
113,1559250000,1268,672,0,1940,22,-0.6221166619005175,2.0080731056634065
113,1559264400,329,138,0,467,22,-0.6221166619005175,-0.6258997773840262
113,1559278800,25,32,7,57,22,-0.5973125283257137,-1.359049052366679
113,1559293200,236,979,743,1215,22,2.0106649446822296,0.7116506072184718
113,1559307600,392,838,446,1230,22,0.9582609915798391,0.7384731416690568
113,1559322000,753,554,0,1307,22,-0.6221166619005175,0.8761621518487256
113,1559336400,1040,560,0,1600,22,-0.6221166619005175,1.4000956581168165
113,1559350800,353,361,8,714,22,-0.5937690806721703,-0.1842220434310623
113,1559365200,66,41,0,107,22,-0.6221166619005175,-1.2696406041980628
113,1559379600,75,274,199,349,22,0.08302942115461924,-0.8369037150619605
113,1559394000,185,313,128,498,22,-0.1685553622469622,-0.5704665395194842
113,1559408400,329,375,46,704,22,-0.459118069837521,-0.20210373306478555
113,1559422800,322,311,0,633,22,-0.6221166619005175,-0.3290637294642205
113,1559437200,296,297,1,593,22,-0.6185732142469741,-0.40059048799911345
113,1559451600,61,33,0,94,22,-0.6221166619005175,-1.292886800721903
113,1559466000,55,171,116,226,22,-0.211076734089483,-1.0568484975567563
113,1559480400,201,296,95,497,22,-0.28548913481389443,-0.5722547084828565
113,1559494800,260,369,109,629,22,-0.23588086766428681,-0.3362164053177098
113,1559509200,336,247,0,583,22,-0.6221166619005175,-0.41847217763283673
113,1559523600,168,244,76,412,22,-0.352814640231219,-0.724249070369504
113,1559538000,21,36,15,57,22,-0.5689649470973664,-1.359049052366679
113,1559548514,64,329,265,393,22,0.3168969662884837,-0.7582242806735782
113,1559548595,2,2,0,4,22,-0.6221166619005175,-1.453822007425412
113,1559552400,180,1100,920,1280,22,2.6378551793594114,0.8278815898376729
113,1559566800,369,933,564,1302,22,1.3763878146979605,0.867221307031864
113,1559581200,594,454,0,1048,22,-0.6221166619005175,0.4130263903352938
113,1559595600,1135,484,0,1619,22,-0.6221166619005175,1.4340708684208907
113,1559610000,253,129,0,382,23,-0.625683349794859,-0.8513954896294138
113,1559624400,27,42,15,69,23,-0.5737109401853697,-1.3997484539267906
113,1559638800,224,1134,910,1358,23,2.527309499847489,0.8584846801924381
113,1559653200,378,925,547,1303,23,1.2695771872978492,0.7621287279996083
113,1559667600,717,554,0,1271,23,-0.625683349794859,0.7060670830874164
113,1559682000,1186,547,0,1733,23,-0.625683349794859,1.5154570815071866
113,1559696400,387,155,0,542,23,-0.625683349794859,-0.5710872650684545
113,1559710800,44,62,18,106,23,-0.5633164582634719,-1.3349271769970688
113,1559725200,266,1127,861,1393,23,2.357532961789824,0.919802104315148
113,1559739600,383,894,511,1277,23,1.144843404235075,0.7165786415084524
113,1559754000,633,503,0,1136,23,-0.625683349794859,0.46955701861410704
113,1559768400,1219,517,0,1736,23,-0.625683349794859,1.5207128607177045
113,1559782800,311,116,0,427,23,-0.625683349794859,-0.772558801471644
113,1559797200,37,32,0,69,23,-0.625683349794859,-1.3997484539267906
113,1559811600,236,1073,837,1309,23,2.2743771064146414,0.7726402864206443
113,1559826000,428,949,521,1377,23,1.1794916773080677,0.891771281859052
113,1559840400,678,659,0,1337,23,-0.625683349794859,0.8216942257188121
113,1559854800,1214,674,0,1888,23,-0.625683349794859,1.787005674050616
113,1559869200,292,160,0,452,23,-0.625683349794859,-0.7287606413839941
113,1559883600,42,43,1,85,23,-0.6222185224875597,-1.3717176314706947
113,1559898000,220,1014,794,1234,23,2.125389532200772,0.6412458061576946
113,1559912400,389,866,477,1255,23,1.0270392757868994,0.6780362606313205
113,1559926274,705,574,0,1279,23,-0.625683349794859,0.7200824943154644
113,1559926800,684,595,0,1279,23,-0.625683349794859,0.7200824943154644
113,1559941200,1050,623,0,1673,23,-0.625683349794859,1.4103414972968267
113,1559955600,325,202,0,527,23,-0.625683349794859,-0.5973661611210445
113,1559970000,54,31,0,85,23,-0.625683349794859,-1.3717176314706947
113,1559984400,65,174,109,239,23,-0.24801717329923711,-1.1019209653307713
113,1559998800,253,503,250,756,23,0.24052347702996185,-0.1961750147181714
113,1560013200,298,447,149,745,23,-0.10942408100726578,-0.21544620515673735
113,1560027600,209,371,162,580,23,-0.06438132601237509,-0.5045140617352266
113,1560042000,260,183,0,443,23,-0.625683349794859,-0.7445279790155481
113,1560056400,54,40,0,94,23,-0.625683349794859,-1.3559502938391406
113,1560070800,49,185,136,234,23,-0.15446683600215647,-1.1106805973483012
113,1560085200,195,267,72,462,23,-0.3762157836693106,-0.7112413773489342
113,1560099600,297,399,102,696,23,-0.2722709644503321,-0.30129059892853116
113,1560114000,210,208,0,418,23,-0.625683349794859,-0.788326139103198
113,1560128400,176,126,0,302,23,-0.625683349794859,-0.9915496019098935
113,1560142800,26,34,8,60,23,-0.5979647313364648,-1.4155157915583445
113,1560157200,254,1040,786,1294,23,2.0976709137423777,0.7463613903680544
113,1560171600,396,895,499,1291,23,1.1032654765474834,0.7411056111575364
113,1560186000,724,592,0,1316,23,-0.625683349794859,0.7849037712451863
113,1560200400,1196,615,0,1811,23,-0.625683349794859,1.6521073409806541
113,1560214800,223,147,0,370,24,-0.7324679985555611,-1.1425019189262515
113,1560229200,36,43,7,79,24,-0.7116741792236141,-1.662264381712375
113,1560243600,232,1119,887,1351,24,1.9024059653640069,0.6096870020125357
113,1560258000,407,873,466,1280,24,0.6518062598283382,0.4828721055939283
113,1560272400,594,590,0,1184,24,-0.7324679985555611,0.3114040766335576
113,1560286800,1172,694,0,1866,24,-0.7324679985555611,1.5295415323728574
113,1560301200,341,313,0,654,24,-0.7324679985555611,-0.6352423332518219
113,1560315600,33,34,1,67,24,-0.7294974529367115,-1.6836978853324214
113,1560330000,241,1133,892,1374,24,1.9172586934582547,0.6507678839509579
113,1560333128,118,424,306,542,24,0.17651896081240714,-0.835288367038921
113,1560344400,285,896,611,1181,24,1.0825353745615256,0.3060457007285461
113,1560358800,662,580,0,1242,24,-0.7324679985555611,0.41499934413044826
113,1560373200,1194,606,0,1800,24,-0.7324679985555611,1.4116572624626025
113,1560387600,349,172,0,521,24,-0.7324679985555611,-0.8727969983740019
113,1560402000,39,37,0,76,24,-0.7324679985555611,-1.6676227576173865
113,1560414534,144,626,482,770,24,0.6993349897299314,-0.4280517982580407
113,1560416400,162,1111,949,1273,24,2.08657979373268,0.47036922848223456
113,1560430800,419,1051,632,1470,24,1.1449168325573666,0.8222359129113285
113,1560445200,670,627,0,1297,24,-0.7324679985555611,0.5132362357223272
113,1560459600,1200,656,0,1856,24,-0.7324679985555611,1.5116802793561521
113,1560474000,365,184,0,549,24,-0.7324679985555611,-0.8227854899272272
113,1560488400,36,44,8,80,24,-0.7087036336047645,-1.6604782564107046
113,1560502800,226,959,733,1185,24,1.4449419400611732,0.3131902019352282
113,1560517200,409,846,437,1255,24,0.5656604368817008,0.43821897305216506
113,1560531600,794,577,0,1371,24,-0.7324679985555611,0.6454095080459462
113,1560546000,942,616,0,1558,24,-0.7324679985555611,0.9794149394583349
113,1561179600,57,46,0,103,25,-0.4980696928275852,-1.1565469883014023
113,1561194000,70,231,161,301,25,0.23920275134174993,-0.723276296857605
113,1561208400,199,268,69,467,25,-0.1820957881835844,-0.3600291515057343
113,1561222800,325,304,0,629,25,-0.4980696928275852,-0.005534949415354456
113,1561237200,261,342,81,603,25,-0.12714380476723647,-0.06242908061504504
113,1561251600,651,377,0,1028,25,-0.4980696928275852,0.8675711409183587
113,1561266000,74,37,0,111,25,-0.4980696928275852,-1.1390411017784208
113,1561280400,43,165,122,208,25,0.060608805238619064,-0.9267822276872674
113,1561294800,226,244,18,470,25,-0.41564171770306324,-0.35346444405961613
113,1561309200,290,334,44,624,25,-0.2965790869676427,-0.01647612849221803
113,1561323600,292,282,0,574,25,-0.4980696928275852,-0.12588791926085377
113,1561338000,192,118,0,310,25,-0.4980696928275852,-0.7035821745192505
113,1561352400,27,38,11,65,25,-0.4476970413625995,-1.2396999492855656
113,1561366800,227,1065,838,1292,25,3.3394104824140474,1.4452653961767554
113,1561381200,325,830,505,1155,25,1.8144929426103915,1.1454770894706936
113,1561395600,620,472,0,1092,25,-0.4980696928275852,1.0076182331022125
113,1561410000,1227,477,0,1704,25,-0.4980696928275852,2.346818552110314
113,1561424400,239,252,13,491,26,-0.5488981663522495,-0.6716609160949578
113,1561438800,43,39,0,82,26,-0.5932191363061579,-1.4150752986129467
113,1561453200,232,1097,865,1329,26,2.355830018319282,0.8515206304822417
113,1561467600,383,961,578,1344,26,1.3773593739522285,0.8787852166381581
113,1561482000,646,501,0,1147,26,-0.5932191363061579,0.520710318457122
113,1561496400,1174,598,0,1772,26,-0.5932191363061579,1.6567347416203078
113,1561510800,308,255,0,563,26,-0.5932191363061579,-0.5407909025465588
113,1561525200,31,29,0,60,26,-0.5932191363061579,-1.4550633583082908
113,1561539600,226,1114,888,1340,26,2.434244042083889,0.8715146603299138
113,1561554000,460,1005,545,1465,26,1.2648522963769226,1.0987195449625509
113,1561568400,714,549,0,1263,26,-0.5932191363061579,0.7315564513962093
113,1561582800,1133,791,0,1924,26,-0.5932191363061579,1.9330158813335943
113,1561597200,364,187,0,551,26,-0.5932191363061579,-0.562602571471292
113,1561611600,49,48,0,97,26,-0.5932191363061579,-1.3878107124570302
113,1561626000,206,1021,815,1227,26,2.1853647492657884,0.6661214446220097
113,1561640400,428,943,515,1371,26,1.1625731349448265,0.9278614717188077
113,1561654800,674,562,0,1236,26,-0.5932191363061579,0.6824801963155597
113,1561669200,1131,709,0,1840,26,-0.5932191363061579,1.7803341988604624
113,1561683600,408,186,0,594,26,-0.5932191363061579,-0.48444409115766485
113,1561698000,51,41,0,92,26,-0.5932191363061579,-1.3968989078423357
113,1561712400,204,1004,800,1208,26,2.13422516854974,0.6315863021578489
113,1561726800,401,822,421,1223,26,0.8420984291242586,0.6588508883137654
113,1561741200,766,642,0,1408,26,-0.5932191363061579,0.9951141175700684
113,1561755600,875,633,0,1508,26,-0.5932191363061579,1.1768780252761781
113,1561770000,364,261,0,625,26,-0.5932191363061579,-0.4280972797687708
113,1561784400,77,41,0,118,26,-0.5932191363061579,-1.3496402918387471
113,1561798800,64,234,170,298,26,-0.013637221524279491,-1.0224652579677496
113,1561813200,210,252,42,462,26,-0.4500283103012232,-0.7243724493297297
113,1561827600,331,357,26,688,26,-0.5045771963983412,-0.31358601791392166
113,1561842000,302,377,75,679,26,-0.3375212327259174,-0.32994476960747154
113,1561856400,311,229,0,540,26,-0.5932191363061579,-0.5825966013189641
113,1561870800,93,38,0,131,26,-0.5932191363061579,-1.326010983836953
113,1561885200,52,150,98,202,26,-0.25910720896131034,-1.196958609365615
113,1561899600,227,233,6,460,26,-0.5727633040197386,-0.7280077274838519
113,1561914000,260,385,125,645,26,-0.16705596367242376,-0.39174449822754887
113,1561928400,291,315,24,606,26,-0.5113958071604809,-0.46263242223293166
113,1561942800,198,196,0,394,26,-0.5932191363061579,-0.8479719065698843
113,1561957200,44,36,0,80,26,-0.5932191363061579,-1.418710576767069
113,1561971600,197,1021,824,1218,26,2.216048497695417,0.6497626929284599
113,1561986000,338,816,478,1154,26,1.0364288358452414,0.5334337919965496
113,1562000400,584,480,0,1064,26,-0.5932191363061579,0.3698462750610509
113,1562014800,1087,556,0,1643,26,-0.5932191363061579,1.4222593006794262
113,1562029200,236,170,0,406,27,-0.6071898702254448,-0.48902101341677023
113,1562043600,27,51,24,78,27,-0.4989312111930011,-1.2337070298108184
113,1562058000,185,1054,869,1239,27,3.3126757422409523,1.402209022120553
113,1562063264,102,612,510,714,27,1.6933066342139829,0.21025731905081146
113,1562072400,386,876,490,1262,27,1.6030910850202797,1.4544278586359893
113,1562086800,674,532,0,1206,27,-0.6071898702254448,1.3272863436418836
113,1562101200,1153,542,0,1695,27,-0.6071898702254448,2.437504215643986
113,1562115600,315,144,0,459,27,-0.6071898702254448,-0.36869065101163445
113,1562130000,30,54,24,84,27,-0.4989312111930011,-1.2200847246328783
113,1562144400,205,952,747,1157,27,2.762360892159364,1.216037518022041
113,1562158800,384,747,363,1131,27,1.0302223476402654,1.1570075289176347
113,1562173200,951,551,0,1502,27,-0.6071898702254448,1.9993200657535855
113,1562187600,623,514,0,1137,27,-0.6071898702254448,1.1706298340955748
113,1562202000,300,205,0,505,27,-0.6071898702254448,-0.2642529779807618
113,1562216400,32,29,0,61,27,-0.6071898702254448,-1.2723035611483147
113,1562230800,60,210,150,270,27,0.06942674872732801,-0.7977932641167413
113,1562245200,227,208,0,435,27,-0.6071898702254448,-0.42317987172339405
113,1562259600,283,331,48,614,27,-0.39067255216055746,-0.01678110058152025
113,1562274000,263,244,0,507,27,-0.6071898702254448,-0.2597122095881152
113,1562288400,110,363,253,473,27,0.5340368270748986,-0.33690527226310796
113,1562302800,36,37,1,73,27,-0.6026790927657596,-1.2450589507924348
113,1562315434,99,448,349,547,27,0.9670714632046732,-0.16889684173518252
113,1562315514,2,7,5,9,27,-0.584635982927019,-1.3903635393571272
113,1562317200,75,279,204,354,27,0.3130087315503262,-0.6070809916255827
113,1562331600,327,403,76,730,27,-0.2643707832893732,0.24658346619198454
113,1562346000,525,468,0,993,27,-0.6071898702254448,0.843694509825017
113,1562360400,460,463,3,923,27,-0.5936575378463893,0.6847676160823848
113,1562374800,299,174,0,473,27,-0.6071898702254448,-0.33690527226310796
113,1562389200,42,31,0,73,27,-0.6071898702254448,-1.2450589507924348
113,1562403600,72,242,170,314,27,0.15964229792103105,-0.6978963594785155
113,1562418000,216,224,8,440,27,-0.5711036505479635,-0.41182795074177747
113,1562432400,251,324,73,575,27,-0.2779031156684287,-0.10532608423812963
113,1562446800,210,266,56,476,27,-0.35458633248307625,-0.33009411967413804
113,1562461200,225,150,0,375,27,-0.6071898702254448,-0.5594029235027931
113,1562475600,62,27,0,89,27,-0.6071898702254448,-1.208732803651262
113,1562490000,51,165,114,216,27,-0.09296123982133744,-0.9203940107182005
113,1562504400,195,218,23,413,27,-0.5034419886526863,-0.47312832404250704
113,1562518800,206,290,84,496,27,-0.228284563611892,-0.28468643574767166
113,1562533200,231,220,0,451,27,-0.6071898702254448,-0.38685372458222095
113,1562547600,168,139,0,307,27,-0.6071898702254448,-0.7137890488527786
113,1562562000,24,31,7,55,27,-0.5756144280076487,-1.2859258663262545
113,1562574562,93,729,636,822,27,2.261664594134312,0.45545881225372975
113,1562576400,208,566,358,774,27,1.0076684603418395,0.3464803708302105
113,1562590800,287,834,547,1121,27,1.8602054002223334,1.1343036869544016
113,1562605200,511,438,0,949,27,-0.6071898702254448,0.743797605186791
113,1562619600,1076,525,0,1601,27,-0.6071898702254448,2.224088101189594
113,1562634000,235,119,0,354,28,-0.6573683133352749,-0.8349529185526673
113,1562648400,24,30,6,54,28,-0.6375820592342017,-1.3712208498924499
113,1562662800,217,1132,915,1349,28,2.3600354370783796,0.9436690537242777
113,1562677200,310,907,597,1217,28,1.311363969721503,0.7077111639347734
113,1562691600,603,468,0,1071,28,-0.6573683133352749,0.4467274373494126
113,1562706000,1145,540,0,1685,28,-0.6573683133352749,1.544289136824834
113,1562720400,364,128,0,492,28,-0.6573683133352749,-0.5882696701363674
113,1562734800,31,28,0,59,28,-0.6573683133352749,-1.3622830510367867
113,1562749200,199,1177,978,1376,28,2.567791105139648,0.991933167544858
113,1562763600,352,1009,657,1361,28,1.5092265107322345,0.9651197709778689
113,1562778000,610,547,0,1157,28,-0.6573683133352749,0.600457577666817
113,1562792400,1193,607,0,1800,28,-0.6573683133352749,1.749858510505084
113,1562806800,327,209,0,536,28,-0.6573683133352749,-0.5096170402065326
113,1562821200,33,39,6,72,28,-0.6375820592342017,-1.3390447740120628
113,1562835600,186,1206,1020,1392,28,2.7062948838471597,1.0205341238829797
113,1562850000,370,889,519,1259,28,1.0541426664075522,0.7827886743223429
113,1562864400,744,662,0,1406,28,-0.6573683133352749,1.0455599606788364
113,1562878800,1202,725,0,1927,28,-0.6573683133352749,1.9768786014389252
113,1562893200,393,202,0,595,28,-0.6573683133352749,-0.4041510137097088
113,1562907600,31,33,2,64,28,-0.6507728953015838,-1.3533452521811238
113,1562920218,91,727,636,818,28,1.4399746213784785,-0.005525184747137208
113,1562922000,222,604,382,826,28,0.6023565310997154,0.008775293421923657
113,1562925510,89,457,368,546,28,0.5561886048638781,-0.49174144249520657
113,1562936400,407,758,351,1165,28,0.5001275515775041,0.6147580558358778
113,1562950800,818,664,0,1482,28,-0.6573683133352749,1.1814145032849146
113,1562965200,959,573,0,1532,28,-0.6573683133352749,1.270792491841545
113,1562979600,312,421,109,733,28,-0.2979180304991127,-0.1574677652934089
113,1562994000,70,47,0,117,28,-0.6573683133352749,-1.2586045843110953
113,1563008400,53,245,192,298,28,-0.024208182100934197,-0.9350562657360934
113,1563022800,300,265,0,565,28,-0.6573683133352749,-0.457777806843687
113,1563037200,330,487,157,817,28,-0.13962799769052756,-0.0073127445182698154
113,1563051600,161,348,187,509,28,-0.04069672718516182,-0.5578811540271131
113,1563066000,9,10,1,19,28,-0.6540706043184293,-1.433785441882091
113,1563080400,36,37,1,73,28,-0.6540706043184293,-1.3372572142409302
113,1563094800,53,181,128,234,28,-0.23526155917904776,-1.0494600910885803
113,1563109200,212,213,1,425,28,-0.6540706043184293,-0.7080361748022521
113,1563123600,237,366,129,603,28,-0.23196385016220222,-0.3898505355406479
113,1563138000,242,312,70,554,28,-0.42652868215608813,-0.47744096432614574
113,1563152400,137,150,13,287,28,-0.614498096116283,-0.9547194232185521
113,1563166800,21,30,9,51,28,-0.6276889321836652,-1.3765835292058475
113,1563181200,218,1050,832,1268,28,2.086325588680201,0.7988767122625364
113,1563195600,325,830,505,1155,28,1.0079747401717147,0.5968824581245517
113,1563210000,583,497,0,1080,28,-0.6573683133352749,0.4628154752896061
113,1563224400,1197,548,0,1745,28,-0.6573683133352749,1.6515427230927904
113,1563238800,234,314,80,548,29,-0.3606362702908485,-0.460245333400025
113,1563253200,32,36,4,68,29,-0.6211289151125027,-1.3124943237952407
113,1563267600,222,1105,883,1327,29,2.3916741743379455,0.9228837572622103
113,1563282000,382,914,532,1296,29,1.188609459437937,0.8678426766325192
113,1563296400,620,552,0,1172,29,-0.6348390543136424,0.6476783541137553
113,1563310800,1228,571,0,1799,29,-0.6348390543136424,1.7609285978175055
113,1563325200,296,233,0,529,29,-0.6348390543136424,-0.4939801892698356
113,1563339600,34,36,2,70,29,-0.6279839847130726,-1.3089432863352606
113,1563352583,162,593,431,755,29,0.8424284446091598,-0.0927129562920883
113,1563352663,4,12,8,16,29,-0.607418775911363,-1.4048212977547223
113,1563354000,169,1086,917,1255,29,2.508210357547633,0.795046408702928
113,1563368400,363,950,587,1313,29,1.377123873453608,0.8980264950423498
113,1563382800,632,502,0,1134,29,-0.6348390543136424,0.580208642374134
113,1563397200,1280,688,0,1968,29,-0.6348390543136424,2.0609912631858207
113,1563411600,351,123,0,474,29,-0.6348390543136424,-0.5916337194192874
113,1563426000,39,31,0,70,29,-0.6348390543136424,-1.3089432863352606
113,1563435485,56,262,206,318,29,0.07123311454505193,-0.8686146412977325
113,1563440400,224,1159,935,1383,29,2.569905983952762,1.0223128061416522
113,1563454800,421,975,554,1396,29,1.2640152250442054,1.0453945496315225
113,1563469200,663,528,0,1191,29,-0.6348390543136424,0.6814132099835659
113,1563483600,1153,611,0,1764,29,-0.6348390543136424,1.6987854422678546
113,1563498000,326,256,0,582,29,-0.6348390543136424,-0.39987769658036393
113,1563512400,41,41,0,82,29,-0.6348390543136424,-1.28763706157538
113,1563526800,187,935,748,1122,29,1.928956976299481,0.5589024176142536
113,1563541200,389,832,443,1221,29,0.883558862212579,0.7346787718832668
113,1563555600,807,557,0,1364,29,-0.6348390543136424,0.9885779502718415
113,1563570000,1040,649,0,1689,29,-0.6348390543136424,1.565621537518602
113,1563584400,342,401,59,743,29,-0.43261450109683186,-0.11401918105196869
113,1563598800,50,35,0,85,29,-0.6348390543136424,-1.28231050538541
113,1563613200,61,234,173,295,29,-0.04187553386435055,-0.9094515720875033
113,1563621154,133,116,0,249,29,-0.6348390543136424,-0.9911254336670448
113,1563627600,295,239,0,534,29,-0.6348390543136424,-0.48510259561988545
113,1563642000,304,410,106,714,29,-0.27152036548344044,-0.16550922422167963
113,1563656400,247,344,97,591,29,-0.3023681786860048,-0.38389802801045364
113,1563670800,252,179,0,431,29,-0.6348390543136424,-0.6679810248088588
113,1563685200,58,30,0,88,29,-0.6348390543136424,-1.27698394919544
113,1563699600,48,168,120,216,29,-0.2235348782794515,-1.0497175517567159
113,1563714000,233,227,0,460,29,-0.6348390543136424,-0.6164909816391478
113,1563728400,221,419,198,640,29,0.04381283614277255,-0.296897610240942
113,1563742800,250,300,50,550,29,-0.4634623142993962,-0.45669429594004496
113,1563757200,168,109,0,277,29,-0.6348390543136424,-0.9414109092273238
113,1563771600,25,38,13,63,29,-0.5902811019099384,-1.3213719174451908
113,1563786000,255,1041,786,1296,29,2.059203298710308,0.8678426766325192
113,1563800400,316,904,588,1220,29,1.3805514082538928,0.7329032531532768
113,1563814800,568,463,0,1031,29,-0.6348390543136424,0.39733021318516065
113,1563829200,1188,555,0,1743,29,-0.6348390543136424,1.6614995489380637
113,1563843600,233,144,0,377,30,-0.5590737419919214,-0.711971267472424
113,1563858000,33,44,11,77,30,-0.5211620923808444,-1.2307267159285937
113,1563872400,245,1110,865,1355,30,2.4221605228791345,0.9791714944946894
113,1563886800,351,914,563,1265,30,1.3813134153750202,0.8235448599578385
113,1563901200,566,512,0,1078,30,-0.5590737419919214,0.500187297086826
113,1563915600,1132,548,0,1680,30,-0.5590737419919214,1.54115656365554
113,1563930000,322,142,0,464,30,-0.5590737419919214,-0.5615321874201348
113,1563944400,42,44,2,86,30,-0.5521807147899075,-1.2151640524749088
113,1563958800,190,1110,920,1300,30,2.6117187709345195,0.8840663289443916
113,1563973200,399,898,499,1297,30,1.1607365449105722,0.87887877445983
113,1563987600,619,507,0,1126,30,-0.5590737419919214,0.5831881688398132
113,1564002000,1210,554,0,1764,30,-0.5590737419919214,1.6864080892232676
113,1564016400,307,218,0,525,30,-0.5590737419919214,-0.4560519129007136
113,1564030800,50,48,0,98,30,-0.5590737419919214,-1.194413834536662
113,1564045200,235,1035,800,1270,30,2.1981371388136792,0.8321907840987747
113,1564059600,417,879,462,1296,30,1.033215541673313,0.8771495896316427
113,1564074000,649,514,0,1163,30,-0.5590737419919214,0.6471680074827408
113,1564088400,1107,677,0,1784,30,-0.5590737419919214,1.7209917857870123
113,1564102800,358,166,0,524,30,-0.5590737419919214,-0.45778109772890085
113,1564117200,49,38,0,87,30,-0.5590737419919214,-1.2134348676467215
113,1564131600,206,926,720,1132,30,1.9224160507331192,0.5935632778089366
113,1564146000,335,805,470,1140,30,1.0607876504813691,0.6073967564344345
113,1564160400,771,548,0,1319,30,-0.5590737419919214,0.9169208406799491
113,1564174800,901,649,0,1550,30,-0.5590737419919214,1.3163625359912
113,1564189200,309,228,0,537,30,-0.5590737419919214,-0.4353016949624668
113,1564203600,62,49,0,111,30,-0.5590737419919214,-1.1719344317702278
113,1564218000,48,157,109,205,30,-0.1834037594821583,-1.009391057920628
113,1564232400,160,139,0,299,30,-0.5590737419919214,-0.8468476840710282
113,1564246800,227,249,22,476,30,-0.4832504427697674,-0.540781969481888
113,1564261200,212,213,1,425,30,-0.5556272283909144,-0.6289703957194369
113,1564275600,203,101,0,304,30,-0.5590737419919214,-0.838201759930092
113,1564290000,58,36,0,94,30,-0.5590737419919214,-1.2013305738494109
113,1564304400,45,120,75,165,30,-0.30058522191639636,-1.0785584510481174
113,1564318800,160,126,0,286,30,-0.5590737419919214,-0.8693270868374622
113,1564333200,181,199,18,380,30,-0.49703649717379544,-0.7067837129878624
113,1564347600,179,122,0,301,30,-0.5590737419919214,-0.8433893144146537
113,1564362000,101,85,0,186,30,-0.5590737419919214,-1.0422455696561854
113,1564376400,22,22,0,44,30,-0.5590737419919214,-1.2877898152587726
113,1564390800,235,1039,804,1274,30,2.2119231932177073,0.8391075234115236
113,1564405200,344,816,472,1160,30,1.0676806776833832,0.6419804529981791
113,1564419600,700,445,0,1145,30,-0.5590737419919214,0.6160426805753706
113,1564434000,1493,485,0,1978,30,-0.5590737419919214,2.0564536424553355
113,1564448400,326,135,0,461,31,-0.674042660792024,-0.9917217542919514
113,1564462800,29,31,2,60,31,-0.6679265837186747,-1.681590215680151
113,1564477200,326,1080,754,1406,31,1.6317183958606163,0.6340281110742546
113,1564491600,332,926,594,1258,31,1.142432229992682,0.37941331734494405
113,1564506000,646,490,0,1136,31,-0.674042660792024,0.1695281495410529
113,1564520400,1256,591,0,1847,31,-0.674042660792024,1.3927113815784842
113,1564534800,332,327,0,659,31,-0.674042660792024,-0.6510884491676034
113,1564549200,30,30,0,60,31,-0.674042660792024,-1.681590215680151
113,1564563600,223,1124,901,1347,31,2.0812500607517808,0.5325262676281105
113,1564578000,469,922,453,1391,31,0.7112487963215649,0.6082225576557434
113,1564592400,708,535,0,1243,31,-0.674042660792024,0.35360776392643284
113,1564606800,1279,670,0,1949,31,-0.674042660792024,1.5681891448243603
113,1564621200,296,158,0,454,31,-0.674042660792024,-1.0037643458872565
113,1564635600,21,24,3,45,31,-0.6648685451820002,-1.707395769098662
113,1564650000,233,1066,833,1299,31,1.8733034402579087,0.4499484966888747
113,1564664400,396,820,424,1216,31,0.6225656787580018,0.3071577677731127
113,1564678800,674,515,0,1189,31,-0.674042660792024,0.2607077716197925
113,1564693200,1175,613,0,1788,31,-0.674042660792024,1.29120953813234
113,1564707600,323,178,0,501,31,-0.674042660792024,-0.9229069451759215
113,1564722000,27,46,19,73,31,-0.6159399285952067,-1.6592254027174413
113,1564736400,214,1049,835,1263,31,1.879419517331258,0.3880151684844478
113,1564750800,375,847,472,1222,31,0.7693515285183821,0.31747998914051717
113,1564765200,803,657,0,1460,31,-0.674042660792024,0.726928103380895
113,1564779600,945,627,0,1572,31,-0.674042660792024,0.9196095689057786
113,1565413200,41,36,0,77,32,-0.41075520474785127,-0.9368031509470055
113,1565427600,53,160,107,213,32,0.1386298816023998,-0.6467416958794446
113,1565442000,171,147,0,318,32,-0.41075520474785127,-0.42279719012875433
113,1565456400,226,238,12,464,32,-0.34914192403567357,-0.11140768689446111
113,1565470800,229,239,10,468,32,-0.3594108041543699,-0.10287646762776814
113,1565485200,206,142,0,348,32,-0.41075520474785127,-0.3588130456285571
113,1565499600,37,21,0,58,32,-0.41075520474785127,-0.9773264424637971
113,1565514000,52,113,61,165,32,-0.09755436112761467,-0.7491163270797603
113,1565528400,190,149,0,339,32,-0.41075520474785127,-0.37800828897861627
113,1565542800,261,222,0,483,32,-0.41075520474785127,-0.07088439537766952
113,1565557200,206,196,0,402,32,-0.41075520474785127,-0.24364158552820206
113,1565571600,145,78,0,223,32,-0.41075520474785127,-0.6254136477127122
113,1565586000,20,20,0,40,32,-0.41075520474785127,-1.0157169291639154
113,1565600400,197,946,749,1143,32,3.434940399703906,1.3367667836266697
113,1565614800,355,776,421,1131,32,1.750844060237716,1.3111731258265908
113,1565629200,604,560,0,1164,32,-0.41075520474785127,1.3815556847768078
113,1565643600,1216,524,0,1740,32,-0.41075520474785127,2.6100512591805947
113,1565658000,226,293,67,519,33,-0.41522599132205973,-0.696145714768714
113,1565672400,24,32,8,56,33,-0.6327587622514601,-1.6124964606830452
113,1565686800,228,1055,827,1283,33,2.386891057938014,0.8159319739538541
113,1565701200,337,908,571,1245,33,1.4430200518714627,0.7407239213734121
113,1565715600,668,508,0,1176,33,-0.6622547311910398,0.6041619311615573
113,1565730000,1160,575,0,1735,33,-0.6622547311910398,1.7105119678054257
113,1565744400,337,235,0,572,33,-0.6622547311910398,-0.5912502730117819
113,1565758800,28,28,0,56,33,-0.6622547311910398,-1.6124964606830452
113,1565773200,198,1120,922,1318,33,2.737155689095523,0.8852025486989978
113,1565787600,362,850,488,1212,33,1.136999374123323,0.6754116651851337
113,1565802000,646,524,0,1170,33,-0.6622547311910398,0.5922869754909611
113,1565816400,1213,604,0,1817,33,-0.6622547311910398,1.8728030286369055
113,1565830800,333,130,0,463,33,-0.6622547311910398,-0.8069786343609441
113,1565845200,21,31,10,52,33,-0.6253847700165652,-1.620413097796776
113,1565859600,253,1025,772,1278,33,2.184106271478403,0.8060361775616907
113,1565874000,362,848,486,1210,33,1.129625381888428,0.6714533466282684
113,1565888400,655,565,0,1220,33,-0.6622547311910398,0.6912449394125951
113,1565902800,1091,620,0,1711,33,-0.6622547311910398,1.6630121451230413
113,1565917200,362,342,0,704,33,-0.6622547311910398,-0.33000124825866806
113,1565931600,29,24,0,53,33,-0.6622547311910398,-1.6184339385183433
113,1565946000,194,933,739,1127,33,2.0624353996026366,0.5071831265183558
113,1565960400,334,761,427,1095,33,0.9120926109590276,0.4438500296085101
113,1565974800,775,535,0,1310,33,-0.6622547311910398,0.8693692744715364
113,1565989200,851,590,0,1441,33,-0.6622547311910398,1.1286391399462177
113,1566003600,381,392,11,773,33,-0.6216977738991177,-0.19343925804681308
113,1566018000,50,33,0,83,33,-0.6622547311910398,-1.5590591601653627
113,1566032400,120,273,153,393,33,-0.09814432522157776,-0.9455197838512317
113,1566046800,339,410,71,749,33,-0.40047800685226986,-0.24093908072919742
113,1566061200,418,683,265,1101,33,0.3147992399325383,0.45572498527910615
113,1566075600,456,602,146,1058,33,-0.12395329804371001,0.3706211363065009
113,1566090000,310,281,0,591,33,-0.6622547311910398,-0.5536462467215609
113,1566104400,70,42,0,112,33,-0.6622547311910398,-1.501663541090815
113,1566118800,74,207,133,281,33,-0.17188424757052706,-1.167185623035692
113,1566133200,340,365,25,705,33,-0.5700798282548533,-0.3280220889802354
113,1566147600,349,537,188,886,33,0.03090053888908351,0.03020574041607983
113,1566162000,339,500,161,839,33,-0.06864835628199804,-0.06281474567025616
113,1566176400,194,167,0,361,33,-0.6622547311910398,-1.0088528807610775
113,1566190800,29,40,11,69,33,-0.6216977738991177,-1.5867673900634203
113,1566205200,232,854,622,1086,33,1.6310568538612833,0.426037596102616
113,1566219600,331,772,441,1103,33,0.9637105566032922,0.45968330383597156
113,1566234000,587,441,0,1028,33,-0.6622547311910398,0.31124635795352046
113,1566248400,1042,488,0,1530,33,-0.6622547311910398,1.3047843157267263
113,1566262800,255,146,0,401,34,-0.5767840296484974,-0.4701734161405022
113,1566277200,39,39,0,78,34,-0.5767840296484974,-1.0570079778924435
113,1566291600,198,1090,892,1288,34,3.4884872712504396,1.1413505970916091
113,1566306000,365,780,415,1145,34,1.3145697706576223,0.8815445836844029
113,1566320400,858,502,0,1360,34,-0.5767840296484974,1.272162016429503
113,1566334800,1408,540,0,1948,34,-0.5767840296484974,2.340455274355638
113,1566349200,277,159,0,436,34,-0.5767840296484974,-0.40658453174013703
113,1566363600,26,30,4,56,34,-0.5585541135009685,-1.0969781338012443
113,1566370091,22,189,167,211,34,0.1843149695108327,-0.8153702171710558
113,1566370172,0,17,17,17,34,-0.4993068860214997,-1.167834319275937
113,1566370253,0,4,4,4,34,-0.5585541135009685,-1.1914530477675012
113,1566370335,2,4,2,6,34,-0.567669071574733,-1.1878193972303375
113,1566370416,2,3,1,5,34,-0.5722265506116152,-1.1896362224989194
113,1566370496,1,5,4,6,34,-0.5585541135009685,-1.1878193972303375
113,1566370577,3,1,0,4,34,-0.5767840296484974,-1.1914530477675012
113,1566370657,2,3,1,5,34,-0.5722265506116152,-1.1896362224989194
113,1566370738,0,19,19,19,34,-0.4901919279477353,-1.1642006687387734
113,1566370818,1,5,4,6,34,-0.5585541135009685,-1.1878193972303375
113,1566378000,161,789,628,950,34,2.2853128055135343,0.5272636563109399
113,1566392400,416,719,303,1135,34,0.804132118526814,0.8633763309985842
113,1566406800,847,496,0,1343,34,-0.5767840296484974,1.2412759868636114
113,1566421200,1265,574,0,1839,34,-0.5767840296484974,2.142421320080215
113,1566435600,276,131,0,407,34,-0.5767840296484974,-0.459272464529011
113,1566450000,21,35,14,56,34,-0.5129793231321463,-1.0969781338012443
113,1566464400,203,991,788,1194,34,3.014509451414689,0.9705690218449141
113,1566478800,379,863,484,1242,34,1.6290358242024952,1.0577766347368434
113,1566493200,713,507,0,1220,34,-0.5767840296484974,1.0178064788280425
113,1566507600,1022,610,0,1632,34,-0.5767840296484974,1.7663384894837695
113,1566522000,286,195,0,481,34,-0.5767840296484974,-0.3248273946539532
113,1566536400,25,22,0,47,34,-0.5767840296484974,-1.1133295612184813
113,1566550800,163,690,527,853,34,1.8250074227884305,0.3510316052584993
113,1566565200,398,681,283,1079,34,0.7129825377891698,0.761634115958
113,1566579600,712,493,0,1205,34,-0.5767840296484974,0.9905540997993145
113,1566594000,748,537,0,1285,34,-0.5767840296484974,1.1359001212858635
113,1566608400,310,214,0,524,34,-0.5767840296484974,-0.24670390810493317
113,1566622800,55,42,0,97,34,-0.5767840296484974,-1.022488297789388
113,1566637200,72,306,234,378,34,0.4896660649819412,-0.511960397317885
113,1566651600,296,407,111,703,34,-0.07090385655457139,0.07850781497122004
113,1566666000,364,523,159,887,34,0.14785513721577498,0.4128036643902826
113,1566680400,386,515,129,901,34,0.011130766109308495,0.43823921815042866
113,1566694800,288,306,18,594,34,-0.4947494069846175,-0.11952613930420287
113,1566709200,86,39,0,125,34,-0.5767840296484974,-0.971617190269096
113,1566723600,87,189,102,276,34,-0.11192116788651134,-0.6972765747132349
113,1566738000,279,307,28,586,34,-0.44917461661579533,-0.13406074145285776
113,1566752400,324,537,213,861,34,0.39395900520741467,0.3655662074071542
113,1566766800,300,347,47,647,34,-0.36258251491503324,-0.023234400069364208
113,1566781200,195,164,0,359,34,-0.5767840296484974,-0.5464800774209404
113,1566795600,23,36,13,59,34,-0.5175368021690285,-1.091527657995499
113,1566810000,187,702,515,889,34,1.7703176743458438,0.4164373149274463
113,1566824400,327,782,455,1109,34,1.496868932132911,0.8161388740154558
113,1566838800,523,437,0,960,34,-0.5767840296484974,0.5454319089967585
113,1566853200,986,405,0,1391,34,-0.5767840296484974,1.3284835997555409
113,1566867600,192,150,0,342,35,-0.6000023717463236,-0.77738780222512
113,1566882000,33,36,3,69,35,-0.587188761773436,-1.3503839799258932
113,1566896400,189,975,786,1164,35,2.757163441150225,0.9478973921706143
113,1566910800,360,795,435,1155,35,1.2579710743223769,0.929007408290369
113,1566925200,664,458,0,1122,35,-0.6000023717463236,0.859744134062803
113,1566939600,1043,560,0,1603,35,-0.6000023717463236,1.8693088281070223
113,1566954000,279,151,0,430,35,-0.6000023717463236,-0.5926857376182775
113,1566968400,28,43,15,71,35,-0.5359343218818857,-1.3461862057302831
113,1566982800,185,997,812,1182,35,2.8682147275819174,0.9856773599311048
113,1566997200,394,845,451,1239,35,1.3263103275111108,1.1053139245059915
113,1567011600,696,521,0,1217,35,-0.6000023717463236,1.0591384083542807
113,1567026000,1110,527,0,1637,35,-0.6000023717463236,1.9406709894323932
113,1567040400,257,142,0,399,35,-0.6000023717463236,-0.6577512376502334
113,1567054800,32,28,0,60,35,-0.6000023717463236,-1.3692739638061384
113,1567069200,184,974,790,1158,35,2.7742482544474085,0.9353040695837841
113,1567083600,356,796,440,1152,35,1.279327090943856,0.9227107469969539
113,1567098000,615,494,0,1109,35,-0.6000023717463236,0.8324586017913377
113,1567112400,1026,598,0,1624,35,-0.6000023717463236,1.913385457160928
113,1567126800,276,194,0,470,35,-0.6000023717463236,-0.5087302537060763
113,1567141200,32,30,0,62,35,-0.6000023717463236,-1.3650761896105283
113,1567155600,157,783,626,940,35,2.073770909262887,0.4777466822622876
113,1567170000,409,630,221,1039,35,0.3439335629230621,0.6855365049449855
113,1567184400,891,640,0,1531,35,-0.6000023717463236,1.7181889570650601
113,1567198800,583,514,0,1097,35,-0.6000023717463236,0.8072719566176773
113,1567213200,238,385,147,623,35,0.02786451692516823,-0.18760052774190675
113,1567227600,55,42,0,97,35,-0.6000023717463236,-1.2916151411873522
113,1567242000,76,262,186,338,35,0.1944414465727069,-0.7857833506163402
113,1567256400,373,267,0,640,35,-0.6000023717463236,-0.15191944707922125
113,1567270800,321,462,141,783,35,0.002237296979393048,0.14822140790689797
113,1567285200,291,481,190,772,35,0.21152625986989035,0.12513364983104266
113,1567299600,227,199,0,426,35,-0.6000023717463236,-0.6010812860094976
113,1567314000,51,45,0,96,35,-0.6000023717463236,-1.2937140282851574
113,1567328400,53,180,127,233,35,-0.05755954956074904,-1.0061664958858683
113,1567342800,334,242,0,576,35,-0.6000023717463236,-0.2862482213387431
113,1567357200,277,382,105,659,35,-0.15152602269525803,-0.11204059222092569
113,1567371600,250,433,183,683,35,0.18162783659981932,-0.061667301873604974
113,1567386000,184,151,0,335,35,-0.6000023717463236,-0.7920800119097553
113,1567400400,51,27,0,78,35,-0.6000023717463236,-1.3314939960456478
113,1567414800,64,201,137,265,35,-0.014847516317790405,-0.9390021087561073
113,1567429200,283,208,0,491,35,-0.6000023717463236,-0.46465362465217064
113,1567443600,250,250,0,500,35,-0.6000023717463236,-0.4457636407719254
113,1567458000,174,279,105,453,35,-0.15152602269525803,-0.5444113343687618
113,1567472400,123,102,0,225,36,-0.5876539616594362,-1.093071330556439
113,1567486800,23,39,16,62,36,-0.5313999072099859,-1.4017955489230953
113,1567501200,201,1031,830,1232,36,2.3305251129057982,0.814200374322229
113,1567515600,301,792,491,1093,36,1.13864233425807,0.550932482586246
113,1567530000,603,472,0,1075,36,-0.5876539616594362,0.516840237613241
113,1567544400,1062,489,0,1551,36,-0.5876539616594362,1.4183907157882618
113,1567558800,266,236,0,502,36,-0.5876539616594362,-0.5684295606940845
113,1567573200,26,28,2,54,36,-0.5806222048532549,-1.4169476577999864
113,1567587600,216,1202,986,1418,36,2.8790021437879387,1.1664869057099472
113,1567602000,360,985,625,1345,36,1.6097700402722164,1.0282239122083159
113,1567616400,591,545,0,1136,36,-0.5876539616594362,0.6323750677995358
113,1567630800,1144,510,0,1654,36,-0.5876539616594362,1.613474117578235
113,1567645200,247,247,0,494,36,-0.5876539616594362,-0.5835816695709756
113,1567659600,27,22,0,49,36,-0.5876539616594362,-1.4264177258480435
113,1567674000,232,899,667,1131,36,1.7574369332020234,0.6229049997514788
113,1567688400,363,875,512,1238,36,1.2124757807229736,0.8255644559798974
113,1567702800,628,504,0,1132,36,-0.5876539616594362,0.6247990133610902
113,1567717200,1076,505,0,1581,36,-0.5876539616594362,1.4752111240766035
113,1567731600,256,156,0,412,36,-0.5876539616594362,-0.7388907855591095
113,1567746000,27,22,0,49,36,-0.5876539616594362,-1.4264177258480435
113,1567760400,230,989,759,1219,36,2.0808977462863627,0.789578197397281
113,1567774800,431,805,374,1236,36,0.7272845610964647,0.8217764287606746
113,1567789200,769,609,0,1378,36,-0.5876539616594362,1.0907263613254918
113,1567803600,1009,600,0,1609,36,-0.5876539616594362,1.5282435051457224
113,1567818000,297,187,0,484,36,-0.5876539616594362,-0.6025218056670895
113,1567832400,56,24,0,80,36,-0.5876539616594362,-1.3677033039500903
113,1567846800,100,276,176,376,36,0.031140637284517145,-0.8070752755051194
113,1567861200,268,250,0,518,36,-0.5876539616594362,-0.5381253429403022
113,1567875600,334,382,48,716,36,-0.41889179831108525,-0.16311064823724736
113,1567890000,256,391,135,647,36,-0.11301037724219926,-0.29379758730043315
113,1567904400,288,172,0,460,36,-0.5876539616594362,-0.6479781322977628
113,1567918800,51,35,0,86,36,-0.5876539616594362,-1.356339222292422
113,1567933200,69,202,133,271,36,-0.12004213404838054,-1.0059467045143151
113,1567947600,218,234,16,452,36,-0.5313999072099859,-0.6631302411746539
113,1567962000,295,323,28,618,36,-0.48920936637289814,-0.34872398197916343
113,1567976400,268,224,0,492,36,-0.5876539616594362,-0.5873696967901983
113,1567990800,166,133,0,299,36,-0.5876539616594362,-0.9529143234451963
113,1568005200,36,35,0,71,36,-0.5876539616594362,-1.384749426436593
113,1568019600,280,1029,749,1309,36,2.0457389622554563,0.9600394222623059
113,1568034000,407,880,473,1287,36,1.0753565230024384,0.9183711228508554
113,1568048400,587,496,0,1083,36,-0.5876539616594362,0.5319923464901322
113,1568062800,1090,475,0,1565,36,-0.5876539616594362,1.4449069063228213
113,1568077200,240,146,0,386,37,-0.5938532468162733,-0.8110930414704709
113,1568091600,33,38,5,71,37,-0.576037649411785,-1.4027433110108762
113,1568106000,257,1065,808,1322,37,2.2851472937490196,0.9469534737353046
113,1568120400,393,879,486,1272,37,1.1378228208999799,0.8530407325384148
113,1568134800,602,486,0,1088,37,-0.5938532468162733,0.5074418449338607
113,1568149200,1168,479,0,1647,37,-0.5938532468162733,1.5573862915150878
113,1568163600,328,118,0,446,37,-0.5938532468162733,-0.6983977520342033
113,1568178000,36,32,0,68,37,-0.5938532468162733,-1.4083780754826896
113,1568192400,262,1047,785,1309,37,2.203195545688374,0.9225361610241133
113,1568206800,342,824,482,1166,37,1.1235703429763892,0.6539457212010087
113,1568221200,643,514,0,1157,37,-0.5938532468162733,0.6370414277855685
113,1568235600,1132,469,0,1601,37,-0.5938532468162733,1.4709865696139492
113,1568250000,300,167,0,467,37,-0.5938532468162733,-0.6589544007315096
113,1568264400,33,39,6,72,37,-0.5724745299308874,-1.4008650561869385
113,1568278800,240,1096,856,1336,37,2.4561770288321063,0.9732490412704337
113,1568293200,403,942,539,1345,37,1.3266681533875546,0.9901533346858739
113,1568307600,689,498,0,1187,37,-0.5938532468162733,0.6933890725037023
113,1568322000,1180,631,0,1811,37,-0.5938532468162733,1.865420082640886
113,1568336400,321,146,0,467,37,-0.5938532468162733,-0.6589544007315096
113,1568350800,34,36,2,70,37,-0.586727007854478,-1.404621565834814
113,1568365200,224,1007,783,1231,37,2.196069306726579,0.7760322847569653
113,1568379600,377,811,434,1188,37,0.9525406078933025,0.6952673273276402
113,1568394000,668,524,0,1192,37,-0.5938532468162733,0.7027803466233913
113,1568408400,959,606,0,1565,37,-0.5938532468162733,1.4033693959521887
113,1568422800,344,207,0,551,37,-0.5938532468162733,-0.5011809955207349
113,1568437200,72,37,0,109,37,-0.5938532468162733,-1.33136962770124
113,1568451600,63,232,169,295,37,0.00831394545542786,-0.9820142304488102
113,1568466000,217,282,65,499,37,-0.3622504805579267,-0.5988502463655002
113,1568480400,340,357,17,697,37,-0.5332802156410134,-0.22695579122581688
113,1568494800,295,345,50,640,37,-0.4156972727713913,-0.33401631619027117
113,1568509200,240,208,0,448,37,-0.5938532468162733,-0.6946412423863276
113,1568523600,80,47,0,127,37,-0.5938532468162733,-1.2975610408703597
113,1568538000,62,206,144,268,37,-0.08076404156701314,-1.0327271106951306
113,1568552400,234,232,0,466,37,-0.5938532468162733,-0.6608326555554473
113,1568566800,278,345,67,623,37,-0.3551242415961314,-0.3659466481972137
113,1568581200,291,239,0,530,37,-0.5938532468162733,-0.5406243468234285
113,1568595600,180,128,0,308,37,-0.5938532468162733,-0.9575969177376189
113,1568610000,22,39,17,61,37,-0.5332802156410134,-1.4215258592502542
113,1568624400,279,1035,756,1314,37,2.0998650807423425,0.9319274351438023
113,1568638800,415,944,529,1359,37,1.2910369585785784,1.016448902221003
113,1568653200,573,468,0,1041,37,-0.5938532468162733,0.4191638682087844
113,1568667600,1104,445,0,1549,37,-0.5938532468162733,1.3733173187691838
113,1568682000,211,124,0,335,38,-0.619906727278514,-0.9885130974348427
113,1568696400,33,50,17,83,38,-0.564063502035408,-1.447149894876995
113,1568710800,244,1033,789,1277,38,1.9718759031221165,0.7259149310989167
113,1568725200,356,917,561,1273,38,1.2229197057439876,0.7186349819331682
113,1568739600,688,532,0,1220,38,-0.619906727278514,0.6221756554870014
113,1568754000,1229,503,0,1732,38,-0.619906727278514,1.5540091487028027
113,1568768400,291,238,0,529,38,-0.619906727278514,-0.635435562896043
113,1568782800,37,48,11,85,38,-0.5837728756506219,-1.4435099202941206
113,1568797200,274,1250,976,1524,38,2.5861513807962835,1.1754517920838834
113,1568811600,410,962,552,1372,38,1.1933556453211667,0.8988137237854423
113,1568826000,717,510,0,1227,38,-0.619906727278514,0.6349155665270612
113,1568840400,1193,493,0,1686,38,-0.619906727278514,1.4702897332966955
113,1568854800,299,223,0,522,38,-0.619906727278514,-0.6481754739361028
113,1568869200,27,49,22,76,38,-0.5476390240227297,-1.4598898059170546
113,1568883600,249,1111,862,1360,38,2.211673282107219,0.876973876288197
113,1568898000,408,916,508,1324,38,1.048820238809598,0.8114543337964609
113,1568912400,724,633,0,1357,38,-0.619906727278514,0.8715139144138857
113,1568926800,1138,540,0,1678,38,-0.619906727278514,1.4557298349651986
113,1568941200,315,291,0,606,38,-0.619906727278514,-0.4952965414553854
113,1568955600,36,39,3,75,38,-0.6100520404709071,-1.461709793208492
113,1568970000,228,1043,815,1271,38,2.0572831887880434,0.714995007350294
113,1568984400,398,940,542,1338,38,1.16050668929581,0.8369341558765805
113,1568998800,759,560,0,1319,38,-0.619906727278514,0.8023543973392754
113,1569013200,1070,594,0,1664,38,-0.619906727278514,1.430250012885079
113,1569027600,364,328,0,692,38,-0.619906727278514,-0.33877763439179376
113,1569042000,71,47,0,118,38,-0.619906727278514,-1.383450339676696
113,1569056400,63,262,199,325,38,0.03378749762608098,-1.006712970349214
113,1569070800,281,356,75,637,38,-0.3735395570883401,-0.43887693542083495
113,1569085200,339,486,147,825,38,-0.137027073705773,-0.09671932463065788
113,1569099600,319,400,81,719,38,-0.3538301834731261,-0.28963797752299175
113,1569114000,301,194,0,495,38,-0.619906727278514,-0.6973151308049048
113,1569128400,69,48,0,117,38,-0.619906727278514,-1.3852703269681332
113,1569142800,47,187,140,234,38,-0.16002134292352257,-1.172331813869991
113,1569157200,251,265,14,516,38,-0.5739181888430149,-0.6590953976847255
113,1569171600,321,419,98,740,38,-0.29798695823002,-0.2514182444028124
113,1569186000,274,295,21,569,38,-0.5509239196252653,-0.5626360712385585
113,1569200400,224,119,0,343,38,-0.619906727278514,-0.9739531991033459
113,1569214800,32,40,8,72,38,-0.5936275624582288,-1.4671697550828031
113,1569229200,259,1119,860,1378,38,2.2051034909021476,0.909733647534065
113,1569243600,352,977,625,1329,38,1.4331530243062693,0.8205542702536466
113,1569258000,664,569,0,1233,38,-0.619906727278514,0.6458354902756838
113,1569272400,1141,466,0,1607,38,-0.619906727278514,1.3265107372731637
113,1569286800,253,141,0,394,39,-0.5636332798766368,-0.7231935861446557
113,1569301200,29,30,1,59,39,-0.5603837812143418,-1.3034144766650015
113,1569315600,263,1124,861,1387,39,2.234185068359319,0.9966850535171456
113,1569330000,385,1011,626,1396,39,1.4705528827200047,1.012273077441573
113,1569344400,707,607,0,1314,39,-0.5636332798766368,0.8702488594634583
113,1569358800,1193,508,0,1701,39,-0.5636332798766368,1.540533888213828
113,1569373200,300,123,0,423,39,-0.5636332798766368,-0.6729655090548347
113,1569387600,30,31,1,61,39,-0.5603837812143418,-1.2999504713484622
113,1569402000,283,1152,869,1435,39,2.260181057657679,1.0798211811140908
113,1569416400,363,978,615,1341,39,1.4348083974347603,0.91701293123674
113,1569430800,696,621,0,1317,39,-0.5636332798766368,0.8754448674382674
113,1569445200,1220,534,0,1754,39,-0.5636332798766368,1.6323300291021217
113,1569459600,350,170,0,520,39,-0.5636332798766368,-0.5049612512026749
113,1569474000,22,33,11,55,39,-0.5278887945913923,-1.3103424872980802
113,1569488400,313,1143,830,1456,39,2.1334506098281754,1.1161932369377543
113,1569502800,312,1018,706,1330,39,1.7305127757036012,0.8979609019957734
113,1569517200,777,621,0,1398,39,-0.5636332798766368,1.0157370827581123
113,1569531600,1120,553,0,1673,39,-0.5636332798766368,1.4920378137822767
113,1569546000,327,157,0,484,39,-0.5636332798766368,-0.5673133469003836
113,1569560400,34,36,2,70,39,-0.5571342825520469,-1.284362447424035
113,1569574800,253,1069,816,1322,39,2.087957628556046,0.8841048807296159
113,1569589200,382,827,445,1209,39,0.882393624844618,0.688388580345141
113,1569603600,747,613,0,1360,39,-0.5636332798766368,0.9499209817438641
113,1569618000,1050,637,0,1687,39,-0.5636332798766368,1.5162858509980524
113,1569632400,338,201,0,539,39,-0.5636332798766368,-0.47205320069555073
113,1569646800,62,19,0,81,39,-0.5636332798766368,-1.2653104181830683
113,1569661200,70,192,122,262,39,-0.16719444307665235,-0.9518179370362546
113,1569675600,177,177,0,354,39,-0.5636332798766368,-0.7924736924754432
113,1569690000,295,265,0,560,39,-0.5636332798766368,-0.43568114487188725
113,1569704400,268,191,0,459,39,-0.5636332798766368,-0.6106134133571258
113,1569718800,228,111,0,339,39,-0.5636332798766368,-0.8184537323494886
113,1569733200,41,25,0,66,39,-0.5636332798766368,-1.2912904580571136
113,1569747600,62,137,75,199,39,-0.3199208802045152,-1.0609341045072451
113,1569762000,201,153,0,354,39,-0.5636332798766368,-0.7924736924754432
113,1569776400,240,186,0,426,39,-0.5636332798766368,-0.6677695010800256
113,1569790800,222,180,0,402,39,-0.5636332798766368,-0.7093375648784982
113,1569805200,161,56,0,217,39,-0.5636332798766368,-1.0297580566583906
113,1569819600,23,26,3,49,39,-0.5538847838897519,-1.3207345032476985
113,1569834000,200,1017,817,1217,39,2.091207127218341,0.7022446016112985
113,1569848400,318,803,485,1121,39,1.0123735713364161,0.5359723464174083
113,1569862800,526,481,0,1007,39,-0.5636332798766368,0.3385240433746638
113,1569877200,948,339,0,1287,39,-0.5636332798766368,0.8234847876901767
113,1569891600,231,132,0,363,40,-0.6131760610353124,-0.9030520013311031
113,1569906000,20,36,16,56,40,-0.5594321829844803,-1.4465777682714591
113,1569920400,248,1065,817,1313,40,2.1311207119353033,0.7788681243800959
113,1569934800,339,856,517,1195,40,1.1234229984822008,0.569955940344389
113,1569949200,550,471,0,1021,40,-0.6131760610353124,0.26189899100360103
113,1569963600,1128,508,0,1636,40,-0.6131760610353124,1.3507209671219036
113,1569978000,258,123,0,381,40,-0.6131760610353124,-0.8711840410544699
113,1569992400,31,44,13,75,40,-0.5695091601190113,-1.412939365757235
113,1570006800,271,1112,841,1383,40,2.2117365290115516,0.9027990810114473
113,1570021200,381,901,520,1282,40,1.1334999756167319,0.7239844150147831
113,1570035600,646,528,0,1174,40,-0.6131760610353124,0.5327766533549836
113,1570050000,1190,585,0,1775,40,-0.6131760610353124,1.596812438147016
113,1570064400,320,132,0,452,40,-0.6131760610353124,-0.7454826421855276
113,1570078800,29,46,17,75,40,-0.5560731906063032,-1.412939365757235
113,1570093200,270,1174,904,1444,40,2.4233530488367028,1.0107960575044823
113,1570107600,431,993,562,1424,40,1.2745776555001662,0.9753872127526675
113,1570122000,701,595,0,1296,40,-0.6131760610353124,0.7487706063410534
113,1570136400,1315,608,0,1923,40,-0.6131760610353124,1.858837889310445
113,1570150800,381,138,0,519,40,-0.6131760610353124,-0.6268630122669484
113,1570165200,42,40,0,82,40,-0.6131760610353124,-1.4005462700940998
113,1570179600,241,1068,827,1309,40,2.1647106357170736,0.771786355429733
113,1570194000,395,857,462,1252,40,0.9386784176824654,0.670871147887061
113,1570208400,765,576,0,1341,40,-0.6131760610353124,0.8284405070326365
113,1570222800,1091,770,0,1861,40,-0.6131760610353124,1.749070470579819
113,1570237200,368,281,0,649,40,-0.6131760610353124,-0.3967055213801527
113,1570251600,69,39,0,108,40,-0.6131760610353124,-1.3545147719167407
113,1570266000,81,310,229,391,40,0.15603319356722248,-0.8534796186785625
113,1570280400,228,347,119,575,40,-0.21345596803224842,-0.5277182469618672
113,1570294800,395,392,0,787,40,-0.6131760610353124,-0.15238449259263115
113,1570309200,323,430,107,753,40,-0.2537638765703725,-0.21257952867071617
113,1570323600,290,233,0,523,40,-0.6131760610353124,-0.6197812433165855
113,1570338000,77,52,0,129,40,-0.6131760610353124,-1.3173354849273353
113,1570352400,58,200,142,258,40,-0.1361991433341772,-1.0889484362781303
113,1570366800,249,265,16,514,40,-0.5594321829844803,-0.6357152234549021
113,1570381200,314,425,111,739,40,-0.24032790705766446,-0.23736571999698647
113,1570395600,306,314,8,620,40,-0.5863041220098963,-0.44804834627028406
113,1570410000,214,137,0,351,40,-0.6131760610353124,-0.9242973081821919
113,1570424400,37,39,2,76,40,-0.6064580762789583,-1.4111689235196443
113,1570438800,248,1099,851,1347,40,2.2453264527933214,0.8390631604581809
113,1570453200,377,963,586,1340,40,1.3551934725764143,0.8266700647950457
113,1570467600,661,531,0,1192,40,-0.6131760610353124,0.5646446136316169
113,1570482000,1203,482,0,1685,40,-0.6131760610353124,1.4374726367638495
113,1570496400,318,144,0,462,41,-0.6238840089555775,-0.7562094428981546
113,1570510800,46,41,0,87,41,-0.6238840089555775,-1.4818719497918325
113,1570525200,262,1166,904,1428,41,2.6564965549587516,1.1130971748599594
113,1570539600,395,972,577,1367,41,1.4698987182331036,0.9950560737385877
113,1570554000,708,521,0,1229,41,-0.6238840089555775,0.7280122712017144
113,1570568400,1155,510,0,1665,41,-0.6238840089555775,1.5717158792167638
113,1570582800,358,148,0,506,41,-0.6238840089555775,-0.6710650420892964
113,1570597200,42,46,4,88,41,-0.609369050708169,-1.4799368497734493
113,1570611600,250,983,733,1233,41,2.0359820898820367,0.7357526712752469
113,1570626000,367,836,469,1203,41,1.0779948455530732,0.6776996707237527
113,1570640400,624,510,0,1134,41,-0.6238840089555775,0.544177769455316
113,1570654800,1012,455,0,1467,41,-0.6238840089555775,1.1885660755769019
113,1570669200,357,155,0,512,41,-0.6238840089555775,-0.6594544419789976
113,1570683600,36,46,10,82,41,-0.5875966133370562,-1.491547449883748
113,1570698000,248,1139,891,1387,41,2.6093229406546734,1.0337580741062506
113,1570712400,460,952,492,1412,41,1.1614558554756722,1.0821355745658292
113,1570726800,686,576,0,1262,41,-0.6238840089555775,0.791870571808358
113,1570741200,1196,668,0,1864,41,-0.6238840089555775,1.9568007828750087
113,1570755600,465,188,0,653,41,-0.6238840089555775,-0.3866053393869747
113,1570770000,54,49,0,103,41,-0.6238840089555775,-1.450910349497702
113,1570784400,218,980,762,1198,41,2.141215537175748,0.6680241706318369
113,1570798800,398,892,494,1290,41,1.1687133345993765,0.846053372323086
113,1570813200,755,592,0,1347,41,-0.6238840089555775,0.9563540733709249
113,1570827600,1080,630,0,1710,41,-0.6238840089555775,1.658795380044005
113,1570842000,382,231,0,613,41,-0.6238840089555775,-0.46400934012230033
113,1570856400,82,40,0,122,41,-0.6238840089555775,-1.4141434491484224
113,1570870800,79,280,201,359,41,0.10549264297670137,-0.9555247447916181
113,1570885200,236,304,68,540,41,-0.3771297187496324,-0.6052716414642696
113,1570899600,347,406,59,753,41,-0.40978837480630165,-0.19309533754866065
113,1570914000,348,451,103,799,41,-0.25012383408480776,-0.10408073670303616
113,1570928400,323,218,0,541,41,-0.6238840089555775,-0.6033365414458864
113,1570942800,73,45,0,118,41,-0.6238840089555775,-1.421883849221955
113,1570957200,64,191,127,255,41,-0.16303408460035654,-1.1567751467034648
113,1570971600,249,337,88,586,41,-0.3045549275125898,-0.5162570406186452
113,1570986000,339,459,120,798,41,-0.1884352615333215,-0.1060158367214193
113,1571000400,299,373,74,672,41,-0.35535728137851963,-0.349838439037695
113,1571014800,218,137,0,355,41,-0.6238840089555775,-0.9632651448651507
113,1571029200,35,36,1,71,41,-0.6202552693937254,-1.5128335500859627
113,1571043600,207,816,609,1023,41,1.5860183842123718,0.32938166741478736
113,1571058000,338,773,435,1111,41,0.9546177004501006,0.49967046903250373
113,1571072400,597,537,0,1134,41,-0.6238840089555775,0.544177769455316
113,1571086800,867,411,0,1278,41,-0.6238840089555775,0.8228321721024883
113,1571101200,234,130,0,364,42,-0.6047323951302196,-0.7811870889726701
113,1571115600,34,61,27,95,42,-0.5109558535018812,-1.2322838536250837
113,1571130000,256,1106,850,1362,42,2.3474920635396948,0.89239867728424
113,1571144400,409,1014,605,1423,42,1.4965567783936604,0.9946919956626684
113,1571158800,736,534,0,1270,42,-0.6047323951302196,0.7381202298938234
113,1571173200,1162,574,0,1736,42,-0.6047323951302196,1.5195741047191944
113,1571187600,406,318,0,724,42,-0.6047323951302196,-0.17748881657538787
113,1571202000,39,58,19,97,42,-0.5387414954658333,-1.2289299743339877
113,1571216400,253,1132,879,1385,42,2.448215015659021,0.9309682891318442
113,1571230800,352,923,571,1275,42,1.378467800046864,0.7465049281215635
113,1571245200,704,601,0,1305,42,-0.6047323951302196,0.7968131174880037
113,1571259600,1302,695,0,1997,42,-0.6047323951302196,1.957255352207224
113,1571274000,415,166,0,581,42,-0.6047323951302196,-0.41729118588875275
113,1571288400,46,80,34,126,42,-0.48664341678342304,-1.1802987246130956
113,1571302800,254,1048,794,1302,42,2.15299256979203,0.7917822985513596
113,1571317200,426,1044,618,1470,42,1.5417084465850828,1.0735081590034248
113,1571331600,706,526,0,1232,42,-0.6047323951302196,0.6743965233629993
113,1571346000,1331,625,0,1956,42,-0.6047323951302196,1.8885008267397558
113,1571360400,441,189,0,630,42,-0.6047323951302196,-0.33512114325690046
113,1571374800,66,98,32,164,42,-0.4935898272744111,-1.1165750180822713
113,1571389200,238,988,750,1226,42,2.0001715389902928,0.6643348854897112
113,1571403600,405,925,520,1330,42,1.201334332526669,0.8387366086267039
113,1571418000,746,565,0,1311,42,-0.6047323951302196,0.8068747553612917
113,1571432400,1070,779,0,1849,42,-0.6047323951302196,1.709068284666119
113,1571446800,333,284,0,617,42,-0.6047323951302196,-0.3569213586490245
113,1571461200,51,39,0,90,42,-0.6047323951302196,-1.2406685518528238
113,1571475600,40,189,149,229,42,-0.08722481355161113,-1.0075739411216509
113,1571490000,141,180,39,321,42,-0.46927739055595297,-0.8532954937312344
113,1571504400,227,238,11,465,42,-0.5665271374297854,-0.6118161847723215
113,1571518800,251,230,0,481,42,-0.6047323951302196,-0.5849851504435534
113,1571533200,198,118,0,316,42,-0.6047323951302196,-0.8616801919589744
113,1571547600,49,35,0,84,42,-0.6047323951302196,-1.2507301897261118
113,1571562000,43,136,93,179,42,-0.28172430729927606,-1.0914209233990513
113,1571576400,167,167,0,334,42,-0.6047323951302196,-0.8314952783391103
113,1571590800,296,214,0,510,42,-0.6047323951302196,-0.5363539007226612
113,1571605200,223,115,0,338,42,-0.6047323951302196,-0.8247875197569182
113,1571619600,144,36,0,180,42,-0.6047323951302196,-1.0897439837535032
113,1571634000,94,101,7,195,42,-0.5804199584117615,-1.0645898890702832
113,1571646751,105,639,534,744,42,1.2499592059635853,-0.14395002366442777
113,1571646830,2,12,10,14,42,-0.5700003426752794,-1.3681159649144723
113,1571648400,254,843,589,1097,42,1.4409854944657563,0.4480096712140184
113,1571662800,417,947,530,1364,42,1.2360663849816091,0.895752556575336
113,1571677200,627,557,0,1184,42,-0.6047323951302196,0.593903420376695
113,1571691600,1067,494,0,1561,42,-0.6047323951302196,1.2261096667482934
113,1571706000,364,163,0,527,43,-0.5618517022833986,-0.49967071918099704
113,1571720400,42,54,12,96,43,-0.5246263495884028,-1.1316164579230084
113,1571734800,282,971,689,1253,43,1.575503964954276,0.5648132862173793
113,1571749200,366,1063,697,1429,43,1.6003208667509397,0.8228700147988037
113,1571763600,695,583,0,1278,43,-0.5618517022833986,0.6014690715272406
113,1571778000,1281,646,0,1927,43,-0.5618517022833986,1.5530532581712437
113,1571792400,403,180,0,583,43,-0.5618517022833986,-0.4175617600869074
113,1571806800,41,57,16,98,43,-0.512217898690071,-1.1286839950982193
113,1571821200,284,1172,888,1456,43,2.192824397146289,0.8624582629334541
113,1571835600,374,1542,1168,1916,43,3.061415960029524,1.5369247126349048
113,1571850000,650,612,0,1262,43,-0.5618517022833986,0.5780093689289293
113,1571864400,1200,644,0,1844,43,-0.5618517022833986,1.4313560509425036
113,1571878800,420,173,0,593,43,-0.5618517022833986,-0.40289944596296284
113,1571893200,38,44,6,82,43,-0.5432390259359007,-1.1521436976965307
113,1571907600,284,1083,799,1367,43,1.916736364658404,0.7319636672303473
113,1571922000,422,997,575,1419,43,1.221863114351816,0.8082077006748591
113,1571936400,780,665,0,1445,43,-0.5618517022833986,0.846329717397115
113,1571950800,1820,732,0,2552,43,-0.5618517022833986,2.4694478909177797
113,1571965200,631,185,0,816,43,-0.5618517022833986,-0.07592984099899877
113,1571979600,75,51,0,126,43,-0.5618517022833986,-1.0876295155511746
113,1571994000,263,982,719,1245,43,1.6685673466917652,0.5530834349182235
113,1572008400,413,997,584,1410,43,1.2497821288730628,0.7950116179633091
113,1572022800,794,626,0,1420,43,-0.5618517022833986,0.8096739320872537
113,1572037200,1036,772,0,1808,43,-0.5618517022833986,1.3785717200963032
113,1572051600,362,224,0,586,43,-0.5618517022833986,-0.413163065849724
113,1572066000,42,30,0,72,43,-0.5618517022833986,-1.1668060118204753
113,1572080400,41,121,80,162,43,-0.31368268431676005,-1.034845184704974
113,1572094800,113,126,13,239,43,-0.5215242368638199,-0.9219453659506008
113,1572109200,196,176,0,372,43,-0.5618517022833986,-0.7269365881021379
113,1572123600,181,103,0,284,43,-0.5618517022833986,-0.8559649523928502
113,1572138000,161,64,0,225,43,-0.5618517022833986,-0.9424726057241233
113,1572152400,34,26,0,60,43,-0.5618517022833986,-1.1844007887692087
113,1572166800,30,88,58,118,43,-0.38192916425758566,-1.09935936685033
113,1572181200,123,138,15,261,43,-0.5153200114146539,-0.8896882748779228
113,1572195600,131,141,10,272,43,-0.5308305750375688,-0.8735597293415838
113,1572210000,134,79,0,213,43,-0.5618517022833986,-0.9600673826728567
113,1572224400,104,40,0,144,43,-0.5618517022833986,-1.0612373501280743
113,1572238800,16,51,35,67,43,-0.45327775692299427,-1.1741371688824476
113,1572253200,280,995,715,1275,43,1.6561588957934334,0.5970703772900573
113,1572267600,374,902,528,1276,43,1.0760638162964158,0.5985366087024517
113,1572282000,614,558,0,1172,43,-0.5618517022833986,0.4460485418134281
113,1572296400,1192,505,0,1697,43,-0.5618517022833986,1.2158200333205185
113,1572310800,268,148,0,416,44,-0.6402459483683657,-0.7478237482347586
113,1572325200,40,46,6,86,44,-0.6190251172505401,-1.2792993482005957
113,1572339600,269,992,723,1261,44,1.916864201329621,0.6130758941020059
113,1572354000,435,999,564,1434,44,1.354512176707242,0.8916979510537932
113,1572368400,711,585,0,1296,44,-0.6402459483683657,0.6694445183408068
113,1572382800,1290,669,0,1959,44,-0.6402459483683657,1.7372273146358064
113,1572397200,289,148,0,437,44,-0.6402459483683657,-0.7140025736914781
113,1572411600,46,65,19,111,44,-0.5730466498285846,-1.2390360451728808
113,1572426000,246,1144,898,1390,44,2.5358051089328684,0.8208345377250149
113,1572440400,420,982,562,1402,44,1.3474385663346338,0.840160923178318
113,1572454800,704,605,0,1309,44,-0.6402459483683657,0.6903814359152185
113,1572469200,1263,572,0,1835,44,-0.6402459483683657,1.5375213316183407
113,1572483600,320,150,0,470,44,-0.6402459483683657,-0.6608550136948944
113,1572498000,30,57,27,87,44,-0.5447522083381504,-1.277688816079487
113,1572512400,284,1028,744,1312,44,1.9911371102420108,0.6952130322785444
113,1572526800,424,1027,603,1451,44,1.4924475789731086,0.9190769971126393
113,1572541200,815,628,0,1443,44,-0.6402459483683657,0.9061927401437706
113,1572555600,1118,572,0,1690,44,-0.6402459483683657,1.303994174057594
113,1572570000,356,209,0,565,44,-0.6402459483683657,-0.5078544621895776
113,1572584400,43,64,21,107,44,-0.565973039455976,-1.245478173657315
113,1572598800,260,963,703,1223,44,1.8461280976035357,0.5518756734998792
113,1572613200,424,940,516,1364,44,1.1847455277646373,0.7789607025761914
113,1572627600,827,689,0,1516,44,-0.6402459483683657,1.0237615849846982
113,1572642000,1161,766,0,1927,44,-0.6402459483683657,1.6856902867603314
113,1572656400,347,177,0,524,44,-0.6402459483683657,-0.5738862791550301
113,1572670800,53,48,0,101,44,-0.6402459483683657,-1.2551413663839668
113,1572685200,70,235,165,305,44,-0.05667309262816125,-0.9265928136778129
113,1572699600,205,294,89,499,44,-0.32547028678728573,-0.6141495821827451
113,1572714000,297,415,118,712,44,-0.2229029363844619,-0.2711062403866139
113,1572728400,275,298,23,573,44,-0.5588994290833675,-0.4949702052207089
113,1572742800,201,125,0,326,44,-0.6402459483683657,-0.8927716391345324
113,1572753600,56,36,0,92,44,-0.6402459483683657,-1.2696361554739442
113,1572768000,51,137,86,188,44,-0.3360807023461985,-1.1150250718475188
113,1572782400,151,294,143,445,44,-0.13448280672685517,-0.7011183167226093
113,1572796800,231,392,161,623,44,-0.07082031337337832,-0.41444359916527906
113,1572811200,290,279,0,569,44,-0.6402459483683657,-0.5014123337051433
113,1572825600,171,127,0,298,44,-0.6402459483683657,-0.9378665385255731
113,1572840000,31,37,6,68,44,-0.6190251172505401,-1.3082889263805504
113,1572854400,113,566,453,679,44,0.9619268010274683,-0.3242538003831976
113,1572868800,473,1353,880,1826,44,2.4721426155793913,1.5230265425283633
113,1572883200,481,574,93,1055,44,-0.31132306604206866,0.2813062771536349
113,1572897600,1454,546,0,2000,44,-0.6402459483683657,1.803259131601259
113,1572912000,281,212,0,493,45,-0.6487476384615267,-0.6309845043504567
113,1572926400,61,54,0,115,45,-0.6487476384615267,-1.2024014224422857
113,1572940800,114,585,471,699,45,0.9397566051386614,-0.319577400840095
113,1572955200,459,1421,962,1880,45,2.59571325823355,1.4657225469547457
113,1572969600,522,531,9,1053,45,-0.6183940541889117,0.21555907800780816
113,1572984000,1423,536,0,1959,45,-0.6487476384615267,1.585145659466001
113,1572998400,373,192,0,565,45,-0.6487476384615267,-0.5221431866186799
113,1573012800,83,52,0,135,45,-0.6487476384615267,-1.1721677230723475
113,1573027200,121,507,386,628,45,0.653083864786186,-0.426907033603375
113,1573041600,490,1397,907,1887,45,2.4102191321231246,1.476304341734224
113,1573056000,503,518,15,1021,45,-0.5981583313405016,0.1671851590159073
113,1573070400,1378,646,0,2024,45,-0.6487476384615267,1.6834051824182996
113,1573084800,411,232,0,643,45,-0.6487476384615267,-0.4042317590759215
113,1573099200,58,49,0,107,45,-0.6487476384615267,-1.2144949021902607
113,1573113600,109,551,442,660,45,0.8419506113713464,-0.37853311461147415
113,1573128000,450,1340,890,1790,45,2.3528845840526293,1.3296708997900246
113,1573142400,546,580,34,1126,45,-0.5340785423205365,0.325912080708082
113,1573156800,1478,919,0,2397,45,-0.6487476384615267,2.247263675667644
113,1573171200,388,287,0,675,45,-0.6487476384615267,-0.35585784008402066
113,1573185600,72,54,0,126,45,-0.6487476384615267,-1.1857728877888196
113,1573200000,108,545,437,653,45,0.8250875089976714,-0.3891149093909525
113,1573214400,475,1249,774,1724,45,1.9616606089833686,1.229899691869229
113,1573228800,604,589,0,1193,45,-0.6487476384615267,0.42719497359737435
113,1573243200,1572,802,0,2374,45,-0.6487476384615267,2.2124949213922154
113,1573257600,543,269,0,812,45,-0.6487476384615267,-0.14875699939994513
113,1573272000,116,66,0,182,45,-0.6487476384615267,-1.101118529552993
113,1573286400,61,198,137,259,45,-0.18669863342283075,-0.9847187869787317
113,1573300800,210,372,162,582,45,-0.10238312155445559,-0.4964445421542325
113,1573315200,431,981,550,1412,45,1.206193622642727,0.7582539816981958
113,1573329600,366,624,258,990,45,0.22138844402010507,0.12032292499250336
113,1573344000,313,257,0,570,45,-0.6487476384615267,-0.5145847617761953
113,1573358400,117,69,0,186,45,-0.6487476384615267,-1.0950717896790056
113,1573372800,44,120,76,164,45,-0.39242848238166617,-1.1283288589859373
113,1573387200,205,260,55,465,45,-0.46325351235110135,-0.67331168346837
113,1573401600,258,457,199,715,45,0.022403836010739676,-0.2953904413441446
113,1573416000,316,315,0,631,45,-0.6487476384615267,-0.42237197869788434
113,1573430400,244,135,0,379,45,-0.6487476384615267,-0.8033165907591036
113,1573444800,59,20,0,79,45,-0.6487476384615267,-1.256822081308174
113,1573459200,87,453,366,540,45,0.5856314552914859,-0.5599353108311024
113,1573473600,409,1272,863,1681,45,2.2618238312347843,1.1648972382238623
113,1573488000,496,582,86,1078,45,-0.3587022776343161,0.25335120222023066
113,1573502400,1076,509,0,1585,45,-0.6487476384615267,1.0197754812481599
113,1573516800,257,121,0,378,46,-0.6190689819934894,-0.7410554038509696
113,1573531200,38,22,0,60,46,-0.6190689819934894,-1.2097331183046844
113,1573545600,125,582,457,707,46,0.9585213048337855,-0.25616556719917033
113,1573560000,567,1417,850,1984,46,2.315179910354834,1.6259144370693634
113,1573574400,562,533,0,1095,46,-0.6190689819934894,0.3156801976059911
113,1573588800,1442,671,0,2113,46,-0.6190689819934894,1.8160384155741724
113,1573603200,374,163,0,537,46,-0.6190689819934894,-0.5067165466241121
113,1573617600,52,25,0,77,46,-0.6190689819934894,-1.18467802036219
113,1573632000,115,583,468,698,46,0.9964939375582932,-0.26943003081578487
113,1573646400,508,1382,874,1890,46,2.3980292908446685,1.487374483740278
113,1573660800,495,543,48,1038,46,-0.4533702210138194,0.23167192803409883
113,1573675200,1408,672,0,2080,46,-0.6190689819934894,1.767402048979919
113,1573689600,373,176,0,549,46,-0.6190689819934894,-0.48903059513529273
113,1573704000,62,30,0,92,46,-0.6190689819934894,-1.162570581001166
113,1573718400,122,468,346,590,46,0.5753429200682987,-0.4286035942151597
113,1573732800,460,1414,954,1874,46,2.674193892477452,1.463793215088519
113,1573747200,510,568,58,1078,46,-0.41884964580972145,0.2906250996634969
113,1573761600,1386,701,0,2087,46,-0.6190689819934894,1.7777188540150637
113,1573776000,395,173,0,568,46,-0.6190689819934894,-0.4610278386113287
113,1573790400,55,35,0,90,46,-0.6190689819934894,-1.1655182395826358
113,1573804800,121,506,385,627,46,0.7099731633642805,-0.3740719104579665
113,1573819200,458,1292,834,1750,46,2.259946990028277,1.2810383830373848
113,1573833600,596,617,21,1213,46,-0.5465757740648838,0.4895920539127155
113,1573848000,1344,829,0,2173,46,-0.6190689819934894,1.9044681730182695
113,1573862400,439,276,0,715,46,-0.6190689819934894,-0.2443749328732907
113,1573876800,130,63,0,193,46,-0.6190689819934894,-1.0137138226369358
113,1573891200,46,165,119,211,46,-0.20827413706472414,-0.9871848954037066
113,1573905600,191,278,87,469,46,-0.3187399777178375,-0.6069369383940889
113,1573920000,311,461,150,772,46,-0.1012603539320206,-0.16036666330139843
113,1573934400,365,498,133,863,46,-0.15994533177898707,-0.026248197844517783
113,1573948800,288,232,0,520,46,-0.6190689819934894,-0.5317716445666064
113,1573963200,126,76,0,202,46,-0.6190689819934894,-1.0004493590203212
113,1573977600,38,114,76,152,46,-0.3567126104423452,-1.0741408235570689
113,1573992000,171,280,109,451,46,-0.24279471226882207,-0.6334658656273181
113,1574006400,229,395,166,624,46,-0.04602743360546393,-0.3784933983301713
113,1574020800,331,299,0,630,46,-0.6190689819934894,-0.36965042258576164
113,1574035200,217,112,0,329,46,-0.6190689819934894,-0.8132730390969822
113,1574049600,42,24,0,66,46,-0.6190689819934894,-1.2008901425602747
113,1574064000,119,526,407,645,46,0.785918428813296,-0.34754298322473737
113,1574078400,466,1360,894,1826,46,2.4670704412528646,1.393049409133241
113,1574092800,453,549,96,1002,46,-0.2876714600341494,0.17861407356764056
113,1574107200,1445,531,0,1976,46,-0.6190689819934894,1.6141238027434839
113,1574121600,308,161,0,469,47,-0.5363202860631806,-0.47817176488228014
113,1574136000,40,27,0,67,47,-0.5363202860631806,-1.0549705130620626
113,1574150400,118,475,357,593,47,0.6189140723955653,-0.30025374305568053
113,1574164800,421,1355,934,1776,47,2.4860575593162837,1.3971415780803462
113,1574179200,493,478,0,971,47,-0.5363202860631806,0.242109258964115
113,1574193600,1340,602,0,1942,47,-0.5363202860631806,1.635322155686923
113,1574208000,403,152,0,555,47,-0.5363202860631806,-0.3547770078089933
113,1574222400,42,24,0,66,47,-0.5363202860631806,-1.0564053358187289
113,1574236800,136,551,415,687,47,0.8065992062628125,-0.16538040392906472
113,1574251200,484,1340,856,1824,47,2.2336534137706754,1.4660130704003203
113,1574265600,503,519,16,1022,47,-0.48454507672049174,0.3152852195540874
113,1574280000,1319,588,0,1907,47,-0.5363202860631806,1.5851033592036088
113,1574294400,321,154,0,475,47,-0.5363202860631806,-0.46956282834228336
113,1574308800,68,23,0,91,47,-0.5363202860631806,-1.0205347669020757
113,1574323200,100,586,486,686,47,1.0363516977209946,-0.16681522668573084
113,1574337600,384,1468,1084,1852,47,2.971450146903992,1.5061881075869719
113,1574352000,530,524,0,1054,47,-0.5363202860631806,0.36119954776740343
113,1574366400,1333,723,0,2056,47,-0.5363202860631806,1.7988919499468614
113,1574380800,459,173,0,632,47,-0.5363202860631806,-0.24429565554570162
113,1574395200,94,34,0,128,47,-0.5363202860631806,-0.967446324905429
113,1574409600,51,481,430,532,47,0.8551384650215833,-0.3877779312123142
113,1574424000,593,1466,873,2059,47,2.2886645736972824,1.8031964182168598
113,1574438400,603,613,10,1216,47,-0.503960780224,0.5936408343473158
113,1574452800,1290,857,0,2147,47,-0.5363202860631806,1.929460820803479
113,1574467200,426,267,0,693,47,-0.5363202860631806,-0.15677146738906797
113,1574481600,57,51,0,108,47,-0.5363202860631806,-0.9961427800387516
113,1574496000,38,95,57,133,47,-0.35187110277985145,-0.9602722111220984
113,1574510400,122,149,27,271,47,-0.4489496202973931,-0.762266670702173
113,1574524800,254,162,0,416,47,-0.5363202860631806,-0.5542173709855848
113,1574539200,260,128,0,388,47,-0.5363202860631806,-0.5943924081722363
113,1574553600,197,55,0,252,47,-0.5363202860631806,-0.7895283030788294
113,1574568000,63,23,0,86,47,-0.5363202860631806,-1.0277088806854062
113,1574582400,20,61,41,81,47,-0.4036463121225403,-1.034882994468737
113,1574596800,101,134,33,235,47,-0.4295339167938848,-0.8139202899421536
113,1574611200,173,149,0,322,47,-0.5363202860631806,-0.6890907101122006
113,1574625600,179,98,0,277,47,-0.5363202860631806,-0.7536577341621763
113,1574640000,137,42,0,179,47,-0.5363202860631806,-0.8942703643154566
113,1574654400,23,23,0,46,47,-0.5363202860631806,-1.0851017909520513
113,1574668800,110,561,451,671,47,0.9230934272838625,-0.1883375680357227
113,1574683200,458,1287,829,1745,47,2.1462827480048876,1.3526620726236964
113,1574697600,467,529,62,996,47,-0.33569134986026117,0.27797982788076814
113,1574712000,1309,680,0,1989,47,-0.5363202860631806,1.702758825250231
113,1574726400,604,242,0,846,48,-0.5784679636586988,0.28326073397623674
113,1574740800,55,29,0,84,48,-0.5784679636586988,-1.1196294749645677
113,1574755200,119,580,461,699,48,1.4021326928151698,0.01262443382623902
113,1574769600,439,1482,1043,1921,48,3.9025873176910735,2.2624037452772403
113,1574784000,539,572,33,1111,48,-0.43668960863996203,0.7711424995527633
113,1574798400,1279,697,0,1976,48,-0.5784679636586988,2.3636622249251986
113,1574812800,386,213,0,599,48,-0.5784679636586988,-0.1714818928064125
113,1574827200,50,25,0,75,48,-0.5784679636586988,-1.1361990443615064
113,1574841600,110,484,374,594,48,1.0283533932203182,-0.18068720913804506
113,1574856000,417,1030,613,1447,48,2.0551723886590483,1.3897397570384724
113,1574870400,932,636,0,1568,48,-0.5784679636586988,1.6125084122639806
113,1574884800,846,647,0,1493,48,-0.5784679636586988,1.474428667289492
113,1574899200,268,225,0,493,48,-0.5784679636586988,-0.3666345990370231
113,1574913600,73,33,0,106,48,-0.5784679636586988,-1.0791260831053844
113,1574928000,63,200,137,263,48,0.010127025358481217,-0.7900791502921216
113,1574942400,341,514,173,855,48,0.16479432174255773,0.2998303033731754
113,1574956800,376,288,0,664,48,-0.5784679636586988,-0.05181278049518901
113,1574971200,213,248,35,461,48,-0.42809698106306887,-0.4255486235594716
113,1574985600,130,122,0,252,48,-0.5784679636586988,-0.8103308462217133
113,1575000000,40,29,0,69,48,-0.5784679636586988,-1.1472454239594656
113,1575014400,48,284,236,332,48,0.4354620904146916,-0.6630457849155921
113,1575028800,260,510,250,770,48,0.49561048345294356,0.1433399257354216
113,1575043200,408,647,239,1055,48,0.44835103178003133,0.6680429566384783
113,1575057600,498,689,191,1187,48,0.24212796993459598,0.9110633077935784
113,1575072000,293,229,0,522,48,-0.5784679636586988,-0.31324376431355416
113,1575086400,67,39,0,106,48,-0.5784679636586988,-1.0791260831053844
113,1575100800,36,148,112,184,48,-0.09728081935268303,-0.9355231483319163
113,1575115200,202,316,114,518,48,-0.08868819177578988,-0.3206080173788602
113,1575129600,266,371,105,637,48,-0.127355015871809,-0.10152148868600491
113,1575144000,324,310,0,634,48,-0.5784679636586988,-0.10704467848498446
113,1575158400,189,185,0,374,48,-0.5784679636586988,-0.5857211277298784
113,1575172800,84,44,0,128,48,-0.5784679636586988,-1.038622691246201
113,1575187200,31,102,71,133,48,-0.27342968467899237,-1.0294173749145685
113,1575201600,168,237,69,405,48,-0.28202231225588553,-0.5286481664737565
113,1575216000,228,323,95,551,48,-0.1703181537562747,-0.2598529295900852
113,1575230400,236,253,17,489,48,-0.5054306292551072,-0.37399885210232914
113,1575244800,155,87,0,242,48,-0.5784679636586988,-0.8287414788849784
113,1575259200,31,23,0,54,48,-0.5784679636586988,-1.1748613729543633
113,1575273600,101,552,451,653,48,1.3591695549307041,-0.07206447642478067
113,1575288000,465,1301,836,1766,48,3.0132503634826335,1.9770389389966307
113,1575302400,524,467,0,991,48,-0.5784679636586988,0.5502149075935814
113,1575316800,1269,494,0,1763,48,-0.5784679636586988,1.9715157491976512
113,1575331200,322,152,0,474,49,-0.6144076327155937,-0.6418267319429656
113,1575345600,55,25,0,80,49,-0.6144076327155937,-1.2099741995899216
113,1575360000,123,513,390,636,49,0.668283805454356,-0.4082229508292426
113,1575374400,497,1460,963,1957,49,2.5528535338425127,1.496657264301795
113,1575388800,494,470,0,964,49,-0.6144076327155937,0.06475260599360404
113,1575403200,1290,576,0,1866,49,-0.6144076327155937,1.3654353872564322
113,1575417600,399,160,0,559,49,-0.6144076327155937,-0.5192568467907035
113,1575432000,85,35,0,120,49,-0.6144076327155937,-1.152294253635916
113,1575446400,100,530,430,630,49,0.7998419016769149,-0.41687494272234343
113,1575460800,450,1436,986,1886,49,2.628499439170484,1.394275360233435
113,1575475200,511,532,21,1043,49,-0.5453396321987503,0.17867049925276526
113,1575489600,1537,716,0,2253,49,-0.6144076327155937,1.9234888643614372
113,1575504000,432,195,0,627,49,-0.6144076327155937,-0.42120093866889385
113,1575518400,74,23,0,97,49,-0.6144076327155937,-1.1854602225594693
113,1575532800,108,571,463,679,49,0.9083773310605261,-0.34621700892868645
113,1575547200,507,1439,932,1946,49,2.4508960092700294,1.4807952791644436
113,1575561600,581,568,0,1149,49,-0.6144076327155937,0.3315223560308803
113,1575576000,1403,896,0,2299,49,-0.6144076327155937,1.9898208022085437
113,1575590400,452,206,0,658,49,-0.6144076327155937,-0.37649898055453945
113,1575604800,82,23,0,105,49,-0.6144076327155937,-1.173924233368668
113,1575619200,96,524,428,620,49,0.793263996865787,-0.43129492921084484
113,1575633600,471,1256,785,1727,49,1.9674200056521254,1.1649975750662624
113,1575648000,629,554,0,1183,49,-0.6144076327155937,0.38055031009178514
113,1575662400,1288,968,0,2256,49,-0.6144076327155937,1.9278148603079877
113,1575676800,432,287,0,719,49,-0.6144076327155937,-0.2885370629746808
113,1575691200,120,80,0,200,49,-0.6144076327155937,-1.0369343617279045
113,1575705600,54,207,153,261,49,-0.11119791466430573,-0.9489724441480458
113,1575720000,211,359,148,570,49,-0.1276426766921256,-0.5033948616533519
113,1575734400,351,448,97,799,49,-0.2953792493758882,-0.1731771710666694
113,1575748800,466,634,168,1100,49,-0.061863628580846125,0.26086442223722334
113,1575763200,320,277,0,597,49,-0.6144076327155937,-0.4644608981343981
113,1575777600,129,62,0,191,49,-0.6144076327155937,-1.0499123495675557
113,1575792000,36,109,73,145,49,-0.3743141071094236,-1.1162442874146623
113,1575806400,167,290,123,457,49,-0.20986648683122494,-0.666340708973418
113,1575820800,300,479,179,779,49,-0.025685152119642417,-0.20201714404367224
113,1575835200,320,361,41,681,49,-0.47956058408747076,-0.3433330116309862
113,1575849600,222,131,0,353,49,-0.6144076327155937,-0.8163085684538328
113,1575864000,66,27,0,93,49,-0.6144076327155937,-1.1912282171548698
113,1575878400,113,563,450,676,49,0.8656209497881944,-0.3505430048752369
113,1575892800,564,1504,940,2068,49,2.4772076285145412,1.6567191143241609
113,1575907200,454,530,76,984,49,-0.3644472498927317,0.09359257897060687
113,1575921600,1393,722,0,2115,49,-0.6144076327155937,1.7244930508201175
113,1575936000,409,161,0,570,50,-0.6289877795257902,-0.5512206351255018
113,1575950400,61,30,0,91,50,-0.6289877795257902,-1.2349952520606877
113,1575964800,113,544,431,657,50,0.7777254382868924,-0.42702775062996695
113,1575979200,485,1473,988,1958,50,2.5956819633951618,1.4301554991250998
113,1575993600,517,576,59,1093,50,-0.43642146896674544,0.19536417626719604
113,1576008000,1423,683,0,2106,50,-0.6289877795257902,1.6414261532094578
113,1576022400,457,180,0,637,50,-0.6289877795257902,-0.4555778390197451
113,1576036800,84,27,0,111,50,-0.6289877795257902,-1.2064451636709097
113,1576051200,124,601,477,725,50,0.9278618838075036,-0.3299574501047214
113,1576065600,471,1466,995,1937,50,2.6185288138004723,1.4001779063158326
113,1576080000,504,522,18,1026,50,-0.5702387356264206,0.09972138016143933
113,1576094400,1424,742,0,2166,50,-0.6289877795257902,1.727076418378792
113,1576108800,483,193,0,676,50,-0.6289877795257902,-0.39990516665967774
113,1576123200,82,30,0,112,50,-0.6289877795257902,-1.2050176592514208
113,1576137600,131,588,457,719,50,0.8625851683637596,-0.3385224766216548
113,1576152000,507,1429,922,1936,50,2.3802688024308067,1.3987504018963437
113,1576166400,588,652,64,1240,50,-0.42010229010580946,0.4052073259320652
113,1576180800,1313,924,0,2237,50,-0.6289877795257902,1.8284292321625044
113,1576195200,556,227,0,783,50,-0.6289877795257902,-0.24716219377436482
113,1576209600,100,54,0,154,50,-0.6289877795257902,-1.1450624736328867
113,1576224000,103,500,397,603,50,0.6667550220325277,-0.5041129892823679
113,1576238400,436,1346,910,1782,50,2.3411027731645606,1.1789147212950524
113,1576252800,671,593,0,1264,50,-0.6289877795257902,0.439467431999799
113,1576267200,1388,1317,0,2705,50,-0.6289877795257902,2.4965013004833123
113,1576281600,591,370,0,961,50,-0.6289877795257902,0.006933592894660447
113,1576296000,202,77,0,279,50,-0.6289877795257902,-0.9666244211967735
113,1576310400,45,177,132,222,50,-0.19816145759707995,-1.0479921731076411
113,1576324800,197,377,180,574,50,-0.04149734053209441,-0.5455106174475461
113,1576339200,326,526,200,852,50,0.023779374911649564,-0.14866438882963032
113,1576353600,412,560,148,972,50,-0.14594008524208477,0.022636141509038414
113,1576368000,381,228,0,609,50,-0.6289877795257902,-0.49554796276543445
113,1576382400,134,88,0,222,50,-0.6289877795257902,-1.0479921731076411
113,1576396800,50,129,79,179,50,-0.37114475352300147,-1.1093748631456641
113,1576411200,177,321,144,498,50,-0.15899542833083358,-0.654000953328703
113,1576425600,337,489,152,826,50,-0.13288474215333598,-0.18577950373634186
113,1576440000,380,306,0,686,50,-0.6289877795257902,-0.3856301224647887
113,1576454400,218,145,0,363,50,-0.6289877795257902,-0.8467140499597053
113,1576468800,74,24,0,98,50,-0.6289877795257902,-1.2250027211242653
113,1576483200,111,542,431,653,50,0.7777254382868924,-0.4327377683079226
113,1576497600,493,1341,848,1834,50,2.138744955288954,1.2531449511084753
113,1576512000,477,539,62,1016,50,-0.42662996165018385,0.08544633596655028
113,1576526400,1361,665,0,2026,50,-0.6289877795257902,1.5272257996503453
113,1576540800,424,189,0,613,51,-0.6262108878843466,-0.4621711721835095
113,1576555200,84,32,0,116,51,-0.6262108878843466,-1.2029083533996165
113,1576569600,131,565,434,696,51,0.9219475366858244,-0.338466572503556
113,1576584000,568,1563,995,2131,51,2.923138495634824,1.800281626782387
113,1576598400,524,674,150,1198,51,-0.09113309137391885,0.40972269303062053
113,1576612800,1444,850,0,2294,51,-0.6262108878843466,2.043219575551452
113,1576627200,560,216,0,776,51,-0.6262108878843466,-0.2192332234144442
113,1576641600,74,35,0,109,51,-0.6262108878843466,-1.2133412714449139
113,1576656000,121,561,440,682,51,0.9433506485462415,-0.35933240859415055
113,1576670400,492,1389,897,1881,51,2.5735543352480112,1.4276774108789125
113,1576684800,586,600,14,1186,51,-0.5762702935433733,0.39183769066725377
113,1576699200,1359,757,0,2116,51,-0.6262108878843466,1.7779253738281784
113,1576713600,499,252,0,751,51,-0.6262108878843466,-0.25649364500479166
113,1576728000,87,39,0,126,51,-0.6262108878843466,-1.1880041847634775
113,1576742400,136,518,382,654,51,0.7364539005622094,-0.4010640807753397
113,1576756800,562,1452,890,2014,51,2.5485840380775246,1.6259028537395608
113,1576771200,559,665,106,1224,51,-0.24808924501697766,0.44847353148458186
113,1576785600,1316,896,0,2212,51,-0.6262108878843466,1.9210053927351125
113,1576800000,589,215,0,804,51,-0.6262108878843466,-0.1775015512332551
113,1576814400,94,29,0,123,51,-0.6262108878843466,-1.1924754353543192
113,1576828800,106,379,273,485,51,0.3476307017646319,-0.6529445307260884
113,1576843200,486,1259,773,1745,51,2.1312233567993912,1.2249807174274225
113,1576857600,701,633,0,1334,51,-0.6262108878843466,0.6124193864821106
113,1576872000,1188,923,0,2111,51,-0.6262108878843466,1.770473289510109
113,1576886400,539,278,0,817,51,-0.6262108878843466,-0.15812613200627443
113,1576900800,127,39,0,166,51,-0.6262108878843466,-1.1283875102189216
113,1576915200,50,170,120,220,51,-0.1981486506760044,-1.0479049995837713
113,1576929600,183,297,114,480,51,-0.2195517625364215,-0.6603966150441579
113,1576944000,304,464,160,768,51,-0.05546123827322366,-0.2311565583233554
113,1576958400,422,471,49,893,51,-0.4514188076909402,-0.04485445037161821
113,1576972800,313,238,0,551,51,-0.6262108878843466,-0.5545770177275712
113,1576987200,112,44,0,156,51,-0.6262108878843466,-1.1432916788550607
113,1577001600,46,96,50,142,51,-0.4478516223808707,-1.1641575149456551
113,1577016000,196,249,53,445,51,-0.4371500664506621,-0.7125612052706443
113,1577030400,258,438,180,696,51,0.015882467928166704,-0.338466572503556
113,1577044800,369,505,136,874,51,-0.1410736857148921,-0.07317237078028227
113,1577059200,245,198,0,443,51,-0.6262108878843466,-0.715542038997872
113,1577073600,54,29,0,83,51,-0.6262108878843466,-1.252092109898875
113,1577088000,76,440,364,516,51,0.6722445649809581,-0.6067416079540575
113,1577102400,352,1077,725,1429,51,1.9599984619160542,0.7540089885254309
113,1577116800,526,594,68,1120,51,-0.38364228679961937,0.2934701776687365
113,1577131200,1019,571,0,1590,51,-0.6262108878843466,0.9939661035672683
113,1577145600,367,275,0,642,52,-0.801701590826144,-0.11991011750611717
113,1577160000,83,35,0,118,52,-0.801701590826144,-1.1744483257277456
113,1577174400,60,353,293,413,52,1.0527607732164364,-0.580767464228928
113,1577188800,294,689,395,983,52,1.6983415279343312,0.5663447088365837
113,1577203200,684,577,0,1261,52,-0.801701590826144,1.1258134528930965
113,1577217600,409,493,84,902,52,-0.27004685164670117,0.4033340316114847
113,1577232000,252,218,0,470,52,-0.801701590826144,-0.46605624692237685
113,1577246400,73,25,0,98,52,-0.801701590826144,-1.2146978756598688
113,1577260800,31,105,74,136,52,-0.33333908250139677,-1.1382237307888345
113,1577275200,132,182,50,314,52,-0.48524043655266613,-0.7800027363929379
113,1577289600,237,293,56,530,52,-0.44726509803984876,-0.34530759712600717
113,1577304000,326,410,84,736,52,-0.27004685164670117,0.06926276717486196
113,1577318400,215,200,0,415,52,-0.801701590826144,-0.5767425092357157
113,1577332800,59,20,0,79,52,-0.801701590826144,-1.2529349480953857
113,1577347200,45,376,331,421,52,1.2932712504642796,-0.5646676442560787
113,1577361600,294,785,491,1079,52,2.305946944139409,0.7595425485107752
113,1577376000,495,598,103,1093,52,-0.14979161302277957,0.7877172334632614
113,1577390400,776,683,0,1459,52,-0.801701590826144,1.5242839972211164
113,1577404800,388,256,0,644,52,-0.801701590826144,-0.11588516251290484
113,1577419200,88,40,0,128,52,-0.801701590826144,-1.1543235507616838
113,1577433600,72,384,312,456,52,1.1730160118403579,-0.4942309318748631
113,1577448000,335,771,436,1106,52,1.957839674438583,0.8138794409191416
113,1577462400,614,697,83,1311,52,-0.27637607473217074,1.2264373277234046
113,1577476800,898,1146,248,2044,52,0.7679457343703063,2.70158333273572
