remote_unit_id,time_stamp,entries,exits,num_people_exited,sum_exit_entry,week_num,z_score_num_people_exited,z_score_sum_exit_entry
143,1547150400,0,0,0,0,2,-0.8623245786418047,-0.4090222151309332
143,1547164800,0,6,6,6,2,-0.6607422096086556,-0.3730690958410736
143,1547179200,0,9,9,9,2,-0.559951025092081,-0.35509253619614384
143,1547193600,0,6,6,6,2,-0.6607422096086556,-0.3730690958410736
143,1547208000,0,9,9,9,2,-0.559951025092081,-0.35509253619614384
143,1547222400,0,145,145,145,2,4.009249339659299,0.45984483437400636
143,1547236800,4,10,6,14,2,-0.6607422096086556,-0.3251316034545942
143,1547251200,0,83,83,83,2,1.9262315263167584,0.08832926837879083
143,1547265600,0,44,44,44,2,0.615946127601289,-0.14536600700529637
143,1547280000,0,26,26,26,2,0.01119902050184158,-0.25322536487487507
143,1547294400,0,11,11,11,2,-0.4927569020810313,-0.34310816309952397
143,1547304132,0,1,1,1,2,-0.8287275171362799,-0.40303002858262327
143,1547308800,0,4,4,4,2,-0.7279363326197053,-0.3850534689376935
143,1547323200,0,19,19,19,2,-0.22398041003683242,-0.2951706707130446
143,1547337600,1,31,30,32,2,0.145587266523941,-0.2172722455850155
143,1547352000,0,24,24,24,2,-0.05599510250920813,-0.26520973797149494
143,1547366400,0,31,31,31,2,0.17918432802946588,-0.22326443213332542
143,1547380800,0,43,43,43,2,0.5823490660957642,-0.1513581935536063
143,1547395200,7,34,27,41,2,0.044796082007366435,-0.16334256665022615
143,1547409600,7,46,39,53,2,0.4479608200736647,-0.09143632807050701
143,1547424000,0,11,11,11,2,-0.4927569020810313,-0.34310816309952397
143,1547438400,0,21,21,21,2,-0.1567862870257827,-0.2831862976164247
143,1547452800,0,25,25,25,2,-0.022398041003683276,-0.259217551423185
143,1547467200,3,43,40,46,2,0.4815578815791896,-0.1333816339086765
143,1547481600,116,149,33,265,2,0.2463784510405156,1.1789072201711979
143,1547496000,576,298,0,874,2,-0.8623245786418047,4.828148828091944
143,1547505309,0,0,0,0,2,-0.8623245786418047,-0.4090222151309332
143,1547510400,142,119,0,261,3,-0.6269715739783978,-0.6715661688721472
143,1547524800,36,21,0,57,3,-0.6269715739783978,-1.1051393758660506
143,1547539200,81,330,249,411,3,1.2676391289417603,-0.35276234020015945
143,1547553600,277,623,346,900,3,2.0057003264648743,0.6865381412705206
143,1547568000,354,352,0,706,3,-0.6269715739783978,0.2742185228547498
143,1547582400,955,646,0,1601,3,-0.6269715739783978,2.1764147005976104
143,1547585644,0,1,1,1,3,-0.6193626956534172,-1.2241594719035926
143,1547585708,0,0,0,0,3,-0.6269715739783978,-1.2262848307614058
143,1547596800,284,136,0,420,3,-0.6269715739783978,-0.33363411047984015
143,1547611200,56,35,0,91,3,-0.6269715739783978,-1.0328771747004
143,1547624991,5,107,102,112,3,0.14913401516961883,-0.9882446386863217
143,1547625600,107,244,137,351,3,0.41544475654393825,-0.48028387166895453
143,1547640000,398,662,264,1060,3,1.3817723038164686,1.0265955585206408
143,1547654400,606,308,0,914,3,-0.6269715739783978,0.7162931652799062
143,1547668800,1014,456,0,1470,3,-0.6269715739783978,1.897992690224074
143,1547683200,333,204,0,537,3,-0.6269715739783978,-0.08496712411568973
143,1547697600,60,11,0,71,3,-0.6269715739783978,-1.075384351856665
143,1547712000,103,224,121,327,3,0.29370270334424936,-0.5312924842564726
143,1547717957,21,401,380,422,3,2.2644021895142132,-0.3293833927642137
143,1547726400,428,649,221,1077,3,1.0545905358423049,1.062726659103466
143,1547740800,575,349,0,924,3,-0.6269715739783978,0.7375467538580387
143,1547755200,1035,455,0,1490,3,-0.6269715739783978,1.940499867380339
143,1547769600,331,240,0,571,3,-0.6269715739783978,-0.012704922950039178
143,1547784000,73,51,0,124,3,-0.6269715739783978,-0.9627403323925626
143,1547798400,100,346,246,446,3,1.2448124939668186,-0.27837478017669565
143,1547812800,466,813,347,1279,3,2.013309204789855,1.492049148381743
143,1547827200,568,417,0,985,3,-0.6269715739783978,0.867193644184647
143,1547856000,1270,665,0,1935,3,-0.6269715739783978,2.8862845591072364
143,1547870400,98,43,0,141,3,-0.6269715739783978,-0.9266092318097374
143,1547884800,49,84,35,133,3,-0.36066083260407833,-0.9436121026722434
143,1547899200,214,268,54,482,3,-0.2160921444294478,-0.20186186129541858
143,1547913600,322,366,44,688,3,-0.29218092767925335,0.23596206341411127
143,1547928000,295,365,70,660,3,-0.09435009122975892,0.17645201539534022
143,1547942400,206,181,0,387,3,-0.6269715739783978,-0.4037709527876775
143,1547956800,66,32,0,98,3,-0.6269715739783978,-1.0179996626957073
143,1547971200,43,52,9,95,3,-0.5584916690535727,-1.024375739269147
143,1547985600,117,204,87,321,3,0.03500084029491051,-0.5440446374033521
143,1548000000,241,285,44,526,3,-0.29218092767925335,-0.1083460715516355
143,1548014400,232,279,47,511,3,-0.26935429270431166,-0.14022645441883427
143,1548028800,168,104,0,272,3,-0.6269715739783978,-0.6481872214362014
143,1548043200,33,20,0,53,3,-0.6269715739783978,-1.1136408112973035
143,1548057600,63,241,178,304,3,0.727408767868141,-0.5801757379861774
143,1548072000,195,778,583,973,3,3.809004489485266,0.841689337890888
143,1548086400,351,489,138,840,3,0.4230536348689188,0.5590166098017255
143,1548100800,466,471,5,937,3,-0.588927182353495,0.765176419009611
143,1548115200,211,134,0,345,4,-0.6351187459853871,-0.7746657933406256
143,1548129600,33,25,0,58,4,-0.6351187459853871,-1.3177834268500712
143,1548144000,130,314,184,444,4,0.6860650141694101,-0.5873185957189003
143,1548158400,464,823,359,1287,4,1.9426256556209833,1.007971177969123
143,1548172800,548,500,0,1048,4,-0.6351187459853871,0.5556885493671804
143,1548187200,1108,560,0,1668,4,-0.6351187459853871,1.728974029422429
143,1548201600,389,208,0,597,4,-0.6351187459853871,-0.29778201757623424
143,1548216000,54,28,0,82,4,-0.6351187459853871,-1.2723659243963197
143,1548230400,139,355,216,494,4,0.9158361028919835,-0.4926987989402513
143,1548244800,452,810,358,1262,4,1.935445309098403,0.9606612795797984
143,1548259200,542,536,0,1078,4,-0.6351187459853871,0.6124604274343699
143,1548273600,1232,590,0,1822,4,-0.6351187459853871,2.020403003500668
143,1548288000,382,231,0,613,4,-0.6351187459853871,-0.26750368260706653
143,1548302400,56,23,0,79,4,-0.6351187459853871,-1.2780431122030387
143,1548316800,147,357,210,504,4,0.872754023756501,-0.4737748395845215
143,1548331200,501,921,420,1422,4,2.380626793498389,1.2634446292714754
143,1548345600,618,460,0,1078,4,-0.6351187459853871,0.6124604274343699
143,1548360000,1093,602,0,1695,4,-0.6351187459853871,1.7800687196828995
143,1548374400,412,229,0,641,4,-0.6351187459853871,-0.21451659641102303
143,1548388800,52,24,0,76,4,-0.6351187459853871,-1.2837203000097575
143,1548403200,133,324,191,457,4,0.7363274398274731,-0.5627174485564516
143,1548417600,513,801,288,1314,4,1.4328210525177736,1.0590658682295935
143,1548432000,682,500,0,1182,4,-0.6351187459853871,0.8092696047339599
143,1548446400,1043,578,0,1621,4,-0.6351187459853871,1.6400314204504989
143,1548460800,376,307,0,683,4,-0.6351187459853871,-0.1350359671169578
143,1548475200,111,45,0,156,4,-0.6351187459853871,-1.132328625163919
143,1548489600,56,124,68,180,4,-0.14685518244991855,-1.0869111227101675
143,1548504000,196,382,186,578,4,0.700425707214571,-0.3337375403521209
143,1548518400,365,398,33,763,4,-0.3981673107402332,0.016355707728880706
143,1548532800,379,431,52,810,4,-0.26174072681120525,0.10529831670081083
143,1548547200,252,258,6,510,4,-0.5920366668499045,-0.4624204639710836
143,1548561600,100,42,0,142,4,-0.6351187459853871,-1.1588221682619408
143,1548576000,48,113,65,161,4,-0.1683962220176598,-1.122866645486054
143,1548590400,162,303,141,465,4,0.3773101136984521,-0.5475782810718678
143,1548604800,276,372,96,648,4,0.054194520182333186,-0.20126982486201217
143,1548619200,277,300,23,577,4,-0.4699707759660374,-0.33562993628769383
143,1548633600,172,129,0,301,4,-0.6351187459853871,-0.8579312145058368
143,1548648000,37,29,0,66,4,-0.6351187459853871,-1.3026442593654874
143,1548662400,129,375,246,504,4,1.131246498569396,-0.4737748395845215
143,1548676800,455,1028,573,1483,4,3.479219811453193,1.3788807813414274
143,1548691200,601,468,0,1069,4,-0.6351187459853871,0.595428864014213
143,1548705600,1199,521,0,1720,4,-0.6351187459853871,1.827378618072224
143,1548720000,353,171,0,524,5,-0.7942496234608029,-0.5027433992430542
143,1548734400,42,32,0,74,5,-0.7942496234608029,-1.3672088186970248
143,1548748800,163,334,171,497,5,0.707241373252534,-0.5546113244102925
143,1548763200,500,883,383,1383,5,2.568738983212928,1.147425034781303
143,1548777600,657,421,0,1078,5,-0.7942496234608029,0.5615095838180563
143,1548792000,1194,588,0,1782,5,-0.7942496234608029,1.9139177066971569
143,1548806400,369,243,0,612,5,-0.7942496234608029,-0.33369238388316663
143,1548820800,59,38,0,97,5,-0.7942496234608029,-1.3230250305915996
143,1548835200,162,333,171,495,5,0.707241373252534,-0.558453392941199
143,1548842633,322,575,253,897,5,1.4272545997466488,0.21380238177101477
143,1548849600,521,747,226,1268,5,1.1901770739498063,0.9265060942541772
143,1548864000,637,481,0,1118,5,-0.7942496234608029,0.6383509544361871
143,1548878400,1287,675,0,1962,5,-0.7942496234608029,2.2597038744787454
143,1548892800,410,255,0,665,5,-0.7942496234608029,-0.2318775678141434
143,1548907200,56,32,0,88,5,-0.7942496234608029,-1.340314338980679
143,1548921600,134,311,177,445,5,0.7599252678740546,-0.6545051062138624
143,1548936000,496,761,265,1257,5,1.53262238898969,0.9053747173341913
143,1548950400,570,452,0,1022,5,-0.7942496234608029,0.4539316649526733
143,1548964800,1113,654,0,1767,5,-0.7942496234608029,1.885102192715358
143,1548979200,407,222,0,629,5,-0.7942496234608029,-0.30103480137046107
143,1548993600,65,33,0,98,5,-0.7942496234608029,-1.3211039963261464
143,1549008000,146,333,187,479,5,0.8477317589099223,-0.5891899411884512
143,1549011212,146,150,4,296,5,-0.7591270270464557,-0.9407392117663993
143,1549022400,564,767,203,1331,5,0.9882221445673105,1.0475312529777332
143,1549036800,591,393,0,984,5,-0.7942496234608029,0.38093236286544907
143,1549051200,1020,580,0,1600,5,-0.7942496234608029,1.5642894703846622
143,1549065600,435,304,0,739,5,-0.7942496234608029,-0.08972103217060158
143,1549080000,97,47,0,144,5,-0.7942496234608029,-1.2327364201152962
143,1549094400,60,167,107,227,5,0.14527983062298103,-1.0732905760826748
143,1549108800,218,463,245,681,5,1.3570094069179548,-0.20114101956689112
143,1549123200,384,624,240,1008,5,1.313106161400021,0.42703718523632755
143,1549137600,397,667,270,1064,5,1.576525634507624,0.5346151041017105
143,1549152000,290,256,0,546,5,-0.7942496234608029,-0.4604806454030823
143,1549166400,103,52,0,155,5,-0.7942496234608029,-1.21160504319531
143,1549180800,43,91,48,134,5,-0.3727784664886381,-1.2519467627698286
143,1549195200,167,410,243,577,5,1.3394481087107812,-0.400928583174031
143,1549209600,357,500,143,857,5,0.46138319835210456,0.13696101115288406
143,1549224000,326,500,174,826,5,0.7335833205632943,0.07740894892383274
143,1549238400,274,203,0,477,5,-0.7942496234608029,-0.5930320097193578
143,1549252800,39,24,0,63,5,-0.7942496234608029,-1.3883401956170107
143,1549267200,142,313,171,455,5,0.707241373252534,-0.6352947635593297
143,1549281600,507,806,299,1313,5,1.83116445851164,1.0129526361995742
143,1549296000,696,427,0,1123,5,-0.7942496234608029,0.6479561257634534
143,1549310400,1192,542,0,1734,5,-0.7942496234608029,1.8217080619554
143,1549324800,381,217,0,598,6,-0.7877821611119599,-0.3693171791383429
143,1549339200,60,28,0,88,6,-0.7877821611119599,-1.3242057031462258
143,1549353600,124,308,184,432,6,1.0481085632295564,-0.6801240320507126
143,1549353911,0,9,9,9,6,-0.6979831582909074,-1.472119807845486
143,1549368000,540,807,267,1347,6,1.876254922579262,1.033058319845783
143,1549382400,649,554,0,1203,6,-0.7877821611119599,0.7634427365964984
143,1549396800,1137,503,0,1640,6,-0.7877821611119599,1.5816511385405079
143,1549411200,447,215,0,662,6,-0.7877821611119599,-0.24948803102754977
143,1549425600,69,26,0,95,6,-0.7877821611119599,-1.3110993900716077
143,1549440000,136,309,173,445,6,0.9383542264482699,-0.6557837363407077
143,1549454400,506,867,361,1373,6,2.814155618710254,1.0817389112657927
143,1549468800,717,516,0,1233,6,-0.7877821611119599,0.8196126497734327
143,1549483200,1251,540,0,1791,6,-0.7877821611119599,1.8643730348644105
143,1549497600,493,231,0,724,6,-0.7877821611119599,-0.13340354379521893
143,1549512000,72,35,0,107,6,-0.7877821611119599,-1.288631424800834
143,1549526400,143,333,190,476,6,1.107974565110258,-0.5977414927245424
143,1549526924,14,21,7,35,6,-0.7179384922511413,-1.4234392164254763
143,1549540800,569,724,155,1293,6,0.7587562208061651,0.9319524761273014
143,1549555200,705,487,0,1192,6,-0.7877821611119599,0.7428471017649559
143,1549569600,1150,629,0,1779,6,-0.7877821611119599,1.8419050695936368
143,1549584000,511,312,0,823,6,-0.7877821611119599,0.05195716968866421
143,1549598400,63,37,0,100,6,-0.7877821611119599,-1.301737737875452
143,1549612800,149,325,176,474,6,0.9682872273886208,-0.6014861536030046
143,1549627200,571,729,158,1300,6,0.7886892217465159,0.9450587892019193
143,1549641600,687,480,0,1167,6,-0.7877821611119599,0.6960388407841773
143,1549656000,1086,536,0,1622,6,-0.7877821611119599,1.5479491906343472
143,1549670400,426,369,0,795,6,-0.7877821611119599,-0.0004680826098077857
143,1549684800,142,70,0,212,6,-0.7877821611119599,-1.092036728681564
143,1549699200,68,192,124,260,6,0.4494485444225402,-1.0021648675984691
143,1549713600,282,543,261,825,6,1.8163889206985604,0.0557018305671265
143,1549728000,419,582,163,1001,6,0.8385775566471007,0.3852319878718076
143,1549742400,430,663,233,1093,6,1.5370142452552862,0.5574863882810728
143,1549756800,310,393,83,703,6,0.0403641982377458,-0.17272248301907292
143,1549771200,118,59,0,177,6,-0.7877821611119599,-1.1575682940546541
143,1549785600,46,134,88,180,6,0.09025253313833047,-1.1519513027369606
143,1549800000,198,410,212,608,6,1.3274832386728306,-0.3505938747460315
143,1549814400,346,587,241,933,6,1.6168355810962218,0.2579135180040899
143,1549828800,352,445,93,797,6,0.14014086803891515,0.0032765782686544997
143,1549843200,284,182,0,466,6,-0.7877821611119599,-0.6164647971168538
143,1549857600,43,20,0,63,6,-0.7877821611119599,-1.3710139641270043
143,1549872000,174,312,138,486,6,0.5891358821441772,-0.579018188332231
143,1549886400,629,787,158,1416,6,0.7886892217465159,1.1622491201527319
143,1549900800,771,515,0,1286,6,-0.7877821611119599,0.9188461630526833
143,1549915200,1221,461,0,1682,6,-0.7877821611119599,1.6602890169882158
143,1549929600,406,241,0,647,7,-0.8199889857504953,-0.23056870893356088
143,1549944000,69,27,0,96,7,-0.8199889857504953,-1.3634394227638087
143,1549958400,146,329,183,475,7,1.1650300203844044,-0.5842053019985384
143,1549972800,505,797,292,1302,7,2.34736374535,1.1161287820987664
143,1549987200,636,459,0,1095,7,-0.8199889857504953,0.6905312543984736
143,1550001600,1133,606,0,1739,7,-0.8199889857504953,2.014612451688273
143,1550016000,390,231,0,621,7,-0.8199889857504953,-0.2840254032340807
143,1550030400,73,36,0,109,7,-0.8199889857504953,-1.3367110756135487
143,1550044800,172,343,171,515,7,1.034864839654247,-0.5019642338438924
143,1550059200,609,815,206,1424,7,1.4145132834505392,1.3669640399704366
143,1550073600,752,524,0,1276,7,-0.8199889857504953,1.0626720877982465
143,1550088000,1218,558,0,1776,7,-0.8199889857504953,2.090685439731321
143,1550102400,442,249,0,691,7,-0.8199889857504953,-0.14010353396345035
143,1550116800,73,34,0,107,7,-0.8199889857504953,-1.340823129021281
143,1550131200,175,324,149,499,7,0.7962286749822918,-0.5348606611057508
143,1550145600,568,790,222,1358,7,1.5880668577574157,1.2312662775152707
143,1550160000,741,472,0,1213,7,-0.8199889857504953,0.9331424054546792
143,1550174400,1244,502,0,1746,7,-0.8199889857504953,2.029004638615336
143,1550188800,462,253,0,715,7,-0.8199889857504953,-0.09075889307066277
143,1550203200,117,46,0,163,7,-0.8199889857504953,-1.2256856336047768
143,1550217600,127,319,192,446,7,1.2626539059320223,-0.6438300764106567
143,1550232000,516,725,209,1241,7,1.4470545786330786,0.9907111531629313
143,1550246400,690,468,0,1158,7,-0.8199889857504953,0.820060936742041
143,1550260800,1066,501,0,1567,7,-0.8199889857504953,1.6609758586232957
143,1550275200,441,298,0,739,7,-0.8199889857504953,-0.041414252177875206
143,1550289600,122,54,0,176,7,-0.8199889857504953,-1.1989572864545168
143,1550304000,77,130,53,207,7,-0.245092770858967,-1.1352204586346661
143,1550318400,233,397,164,630,7,0.9589351508949885,-0.2655211628992854
143,1550332800,392,454,62,846,7,-0.14746888531134897,0.17858060513580268
143,1550347200,369,541,172,910,7,1.0457119380484268,0.3101663141832362
143,1550361600,297,342,45,639,7,-0.3318695580124052,-0.24701692256449007
143,1550376000,120,38,0,158,7,-0.8199889857504953,-1.2359657671241076
143,1550390400,55,123,68,178,7,-0.0823862949462703,-1.1948452330467845
143,1550404800,181,370,189,551,7,1.230112610749483,-0.4279472725047111
143,1550419200,331,489,158,820,7,0.8938525605299098,0.12512391083528282
143,1550433600,311,423,112,734,7,0.39488603439764,-0.051694385697205955
143,1550448000,248,174,0,422,7,-0.8199889857504953,-0.6931747173034443
143,1550462400,64,51,0,115,7,-0.8199889857504953,-1.324374915390352
143,1550476800,49,210,161,259,7,0.9263938557124491,-1.0283070700336265
143,1550491200,260,539,279,799,7,2.206351466225663,0.0819473500540937
143,1550505600,393,481,88,874,7,0.1345556729373253,0.23614935284405483
143,1550520000,427,421,0,848,7,-0.8199889857504953,0.18269265854353497
143,1550534400,254,194,0,448,8,-0.6944606418226024,-0.6956799212501124
143,1550548800,45,33,0,78,8,-0.6944606418226024,-1.2950924463218618
143,1550563200,134,346,212,480,8,2.001220384745133,-0.6438388380006638
143,1550577600,527,715,188,1242,8,1.696048947775201,0.5906269568768309
143,1550592000,648,461,0,1109,8,-0.6944606418226024,0.3751624546213101
143,1550606400,1199,498,0,1697,8,-0.6944606418226024,1.327742359329928
143,1550620800,439,219,0,658,8,-0.6944606418226024,-0.355472812425606
143,1550635200,85,41,0,126,8,-0.6944606418226024,-1.2173308214476888
143,1550649600,167,355,188,522,8,1.696048947775201,-0.5757974162357625
143,1550652499,26,185,159,211,8,1.3273001281031993,-1.079627944066341
143,1550664000,648,704,56,1352,8,0.017606044440573048,0.7688306805468104
143,1550678400,755,476,0,1231,8,-0.6944606418226024,0.5728065845098329
143,1550692800,1278,514,0,1792,8,-0.6944606418226024,1.4816455752267286
143,1550707200,471,241,0,712,8,-0.6944606418226024,-0.2679909844421615
143,1550721600,68,38,0,106,8,-0.6944606418226024,-1.2497314984785943
143,1550735653,105,315,210,420,8,1.9757894316643057,-0.74104086909338
143,1550736000,138,172,34,310,8,-0.2621344394485316,-0.9192445927633595
143,1550750400,593,687,94,1280,8,0.5007941529762993,0.652188243235551
143,1550764800,691,506,0,1197,8,-0.6944606418226024,0.5177254335572937
143,1550779200,1162,483,0,1645,8,-0.6944606418226024,1.243500599049574
143,1550793600,499,278,0,777,8,-0.6944606418226024,-0.16268878409171905
143,1550808000,87,40,0,127,8,-0.6944606418226024,-1.2157107875961437
143,1550822400,131,296,165,427,8,1.4035929873456825,-0.7297006321325631
143,1550836800,611,725,114,1336,8,0.7551036837845763,0.742910138922086
143,1550851200,523,491,0,1014,8,-0.6944606418226024,0.2212592387245096
143,1550865600,1739,777,0,2516,8,-0.6944606418226024,2.654550083745503
143,1551484800,9421,8402,0,17823,9,-0.8747333878073867,4.103274581139874
143,1551499200,118,36,0,154,9,-0.8747333878073867,-0.3548507517979411
143,1551513600,65,140,75,205,9,0.6200641736356161,-0.34198276877797235
143,1551528000,253,373,120,626,9,1.5169427105014177,-0.2357588305150927
143,1551542400,421,452,31,873,9,-0.25688372907761226,-0.17343742255563602
143,1551556800,430,485,55,915,9,0.22145149058414862,-0.1628402600686029
143,1551571200,323,288,0,611,9,-0.8747333878073867,-0.23954353140331883
143,1551585600,103,48,0,151,9,-0.8747333878073867,-0.35560769197558634
143,1551600000,75,111,36,186,9,-0.15723055831474542,-0.3467767232363921
143,1551614400,172,298,126,470,9,1.636526515416858,-0.2751197197526443
143,1551628800,346,371,25,717,9,-0.3764675339930525,-0.21279831179318762
143,1551643200,329,388,59,717,9,0.3011740271944421,-0.21279831179318762
143,1551657600,222,138,0,360,9,-0.8747333878073867,-0.30287419293296913
143,1551672000,40,39,0,79,9,-0.8747333878073867,-0.3737742562390717
143,1551686400,155,294,139,449,9,1.8956247594003117,-0.2804183009961609
143,1551700800,531,655,124,1186,9,1.596665247111711,-0.0944633306879844
143,1551715200,557,461,0,1018,9,-0.8747333878073867,-0.1368519806361169
143,1551729600,1075,472,0,1547,9,-0.8747333878073867,-0.0033781959780092422
143,1551744000,369,233,0,602,10,-0.6423857899644019,-0.43716282545889973
143,1551758400,69,35,0,104,10,-0.6423857899644019,-1.3668728058654425
143,1551772800,182,276,94,458,10,0.8295463625483424,-0.7059946270222374
143,1551787200,620,793,173,1413,10,2.0665957247665,1.0768829458457312
143,1551801600,679,477,0,1156,10,-0.6423857899644019,0.5970928555556076
143,1551816000,1321,482,0,1803,10,-0.6423857899644019,1.8049690750797707
143,1551830400,469,230,0,699,10,-0.6423857899644019,-0.2560747369058181
143,1551844800,81,29,0,110,10,-0.6423857899644019,-1.3556714808003034
143,1551859200,182,313,131,495,10,1.4089239119416568,-0.6369197891205465
143,1551873600,671,874,203,1545,10,2.5363613053556735,1.3233120972787906
143,1551888000,744,513,0,1257,10,-0.6423857899644019,0.7856484941521154
143,1551902400,1318,532,0,1850,10,-0.6423857899644019,1.8927127880900267
143,1551916800,498,272,0,770,10,-0.6423857899644019,-0.12352572363500577
143,1551931200,89,34,0,123,10,-0.6423857899644019,-1.3314019431591688
143,1551945600,177,334,157,511,10,1.8160540817856072,-0.6070495889468422
143,1551960000,652,834,182,1486,10,2.207525398943252,1.2131657341382565
143,1551974400,768,514,0,1282,10,-0.6423857899644019,0.8323206819235281
143,1551988800,1319,512,0,1831,10,-0.6423857899644019,1.857241925383753
143,1552003200,514,306,0,820,10,-0.6423857899644019,-0.0301813480921802
143,1552017600,103,36,0,139,10,-0.6423857899644019,-1.3015317429854647
143,1552032000,184,319,135,503,10,1.47155932268688,-0.6219846890336944
143,1552046400,617,740,123,1357,10,1.2836530904512105,0.9723372452377665
143,1552060800,747,472,0,1219,10,-0.6423857899644019,0.714706768739568
143,1552075200,1154,497,0,1651,10,-0.6423857899644019,1.5212021734295809
143,1552089600,423,341,0,764,10,-0.6423857899644019,-0.13472704870014485
143,1552104000,187,62,0,249,10,-0.6423857899644019,-1.0961741167912484
143,1552118400,75,152,77,227,10,0.563345866881144,-1.1372456420300916
143,1552132800,327,387,60,714,10,0.2971453712139456,-0.22807142424297042
143,1552147200,474,369,0,843,10,-0.6423857899644019,0.012757064657519567
143,1552161600,495,423,0,918,10,-0.6423857899644019,0.15277362797175795
143,1552176000,311,248,0,559,10,-0.6423857899644019,-0.5174389884257298
143,1552194000,134,52,0,186,10,-0.6423857899644019,-1.2137880299752086
143,1552208400,75,126,51,201,10,0.15621569703719346,-1.1857847173123608
143,1552222800,233,324,91,557,10,0.782569804489425,-0.5211727634474428
143,1552237200,368,351,0,719,10,-0.6423857899644019,-0.21873698668868788
143,1552251600,353,257,0,610,10,-0.6423857899644019,-0.4222277253720476
143,1552266000,220,92,0,312,10,-0.6423857899644019,-0.9785602036072881
143,1552280400,30,26,0,56,10,-0.6423857899644019,-1.456483406386555
143,1552294800,358,520,162,878,10,1.8943483452171361,0.07809812753749747
143,1552309200,547,631,84,1178,10,0.6729578356852846,0.6381643807944509
143,1552323600,839,495,0,1334,10,-0.6423857899644019,0.9293988324880668
143,1552338000,1084,546,0,1630,10,-0.6423857899644019,1.4819975357015942
143,1552352400,316,154,0,470,11,-0.6605985260011986,-0.7569794737288096
143,1552366800,45,27,0,72,11,-0.6605985260011986,-1.577261392751938
143,1552381200,362,510,148,872,11,1.7967805509727395,0.07154648468148597
143,1552395600,616,656,40,1272,11,0.003557981289054946,0.895950423398198
143,1552410000,856,437,0,1293,11,-0.6605985260011986,0.9392316301808253
143,1552424400,1142,466,0,1608,11,-0.6605985260011986,1.588449731920236
143,1552438800,372,177,0,549,11,-0.6605985260011986,-0.5941596958322589
143,1552453200,55,34,0,89,11,-0.6605985260011986,-1.5422242253564777
143,1552467600,377,482,105,859,11,1.082812305635717,0.044753356673192836
143,1552482000,553,742,189,1295,11,2.4775409709452494,0.943353649874409
143,1552496400,894,515,0,1409,11,-0.6605985260011986,1.1783087724086718
143,1552510800,1108,414,0,1522,11,-0.6605985260011986,1.411202885096143
143,1552525200,403,137,0,540,11,-0.6605985260011986,-0.612708784453385
143,1552539600,51,36,0,87,11,-0.6605985260011986,-1.5463462450500614
143,1552554000,367,477,110,844,11,1.1658318690469986,0.013838208971316136
143,1552568400,577,652,75,1229,11,0.5846949251680268,0.8073269999861514
143,1552582800,931,499,0,1430,11,-0.6605985260011986,1.2215899791912992
143,1552597200,1048,482,0,1530,11,-0.6605985260011986,1.4276909638704773
143,1552611600,390,190,0,580,11,-0.6605985260011986,-0.5302683905817138
143,1552626000,53,49,0,102,11,-0.6605985260011986,-1.5154310973481846
143,1552640400,354,491,137,845,11,1.6141375114679197,0.015899218818107918
143,1552654800,631,678,47,1309,11,0.11978537006484931,0.9722077877294939
143,1552669200,932,451,0,1383,11,-0.6605985260011986,1.1247225163920855
143,1552683600,925,472,0,1397,11,-0.6605985260011986,1.1535766542471706
143,1552698000,318,227,0,545,11,-0.6605985260011986,-0.6024037352194261
143,1552712400,89,61,0,150,11,-0.6605985260011986,-1.4165026247021792
143,1552726800,113,279,166,392,11,2.0956509792533535,-0.9177382417785684
143,1552741200,394,488,94,882,11,0.9001692661308972,0.09215658314940378
143,1552755600,598,542,0,1140,11,-0.6605985260011986,0.623897123621683
143,1552770000,477,501,24,978,11,-0.26210462162704645,0.29001352844141465
143,1552784400,317,293,0,610,11,-0.6605985260011986,-0.46843809517796037
143,1552798800,74,45,0,119,11,-0.6605985260011986,-1.4803939299527245
143,1552813200,122,163,41,285,11,0.020161893971311285,-1.138266295385289
143,1552827600,291,442,151,733,11,1.8465922890195086,-0.21493388402257144
143,1552842000,461,446,0,907,11,-0.6605985260011986,0.1436818293191983
143,1552856400,327,365,38,692,11,-0.02964984407545773,-0.29943528774103445
143,1552870800,189,135,0,324,11,-0.6605985260011986,-1.0578869113604095
143,1552885200,33,31,0,64,11,-0.6605985260011986,-1.5937494715262723
143,1552899600,309,471,162,780,11,2.029235328524328,-0.11806642122335778
143,1552914000,498,642,144,1140,11,1.7303649002437143,0.623897123621683
143,1552928400,862,422,0,1284,11,-0.6605985260011986,0.9206825415596993
143,1552942800,1072,483,0,1555,11,-0.6605985260011986,1.4792162100402717
143,1552957200,323,143,0,466,12,-0.7009430438621849,-0.7214500162954188
143,1552971600,25,48,23,73,12,-0.3967602135068971,-1.501705157756052
143,1552986000,343,519,176,862,12,1.6267168753782781,0.06476127128323438
143,1553000400,599,642,43,1241,12,-0.13225340450229903,0.817221064193107
143,1553014800,942,436,0,1378,12,-0.7009430438621849,1.0892184035826915
143,1553029200,1102,489,0,1591,12,-0.7009430438621849,1.5121047779621186
143,1553043600,277,172,0,449,12,-0.7009430438621849,-0.7552015109641994
143,1553058000,31,41,10,72,12,-0.5686896393598858,-1.503690539795392
143,1553072400,785,506,0,1291,12,-0.7009430438621849,0.9164901661601087
143,1553086800,546,780,234,1326,12,2.3937866214916124,0.9859785375370098
143,1553101200,871,488,0,1359,12,-0.7009430438621849,1.051496144835231
143,1553115600,1162,548,0,1710,12,-0.7009430438621849,1.7483652406435828
143,1553130000,296,190,0,486,12,-0.7009430438621849,-0.6817423755086182
143,1553144400,272,102,0,374,12,-0.7009430438621849,-0.904105163914702
143,1553158800,371,510,139,881,12,1.1373792787197716,0.102483530030695
143,1553173200,561,704,143,1265,12,1.1902806405206914,0.8648702331372679
143,1553187600,938,430,0,1368,12,-0.7009430438621849,1.0693645831892913
143,1553202000,1179,554,0,1733,12,-0.7009430438621849,1.7940290275484034
143,1553216400,305,172,0,477,12,-0.7009430438621849,-0.6996108138626785
143,1553230800,93,47,0,140,12,-0.7009430438621849,-1.3686845611202698
143,1553245200,330,523,193,853,12,1.8515476630321865,0.046892832929174066
143,1553259600,554,621,67,1175,12,0.18515476630321864,0.6861858495966648
143,1553274000,787,526,0,1313,12,-0.7009430438621849,0.9601685710255894
143,1553288400,890,513,0,1403,12,-0.7009430438621849,1.1388529545661925
143,1553302800,363,230,0,593,12,-0.7009430438621849,-0.4693064972992346
143,1553317200,62,39,0,101,12,-0.7009430438621849,-1.446114460654531
143,1553331600,93,234,141,327,12,1.1638299596202315,-0.9974181197636836
143,1553346000,251,458,207,709,12,2.036702429335405,-0.23900218073579074
143,1553360400,358,502,144,860,12,1.2035059809709212,0.060790507204554305
143,1553374800,339,512,173,851,12,1.5870408540275884,0.042922068850494
143,1553389200,258,217,0,475,12,-0.7009430438621849,-0.7035815779413586
143,1553403600,60,37,0,97,12,-0.7009430438621849,-1.4540559888118911
143,1553418000,60,151,91,211,12,0.5025629371087363,-1.2277224363271273
143,1553432400,242,357,115,599,12,0.819971107914254,-0.4573942050631944
143,1553446800,345,404,59,749,12,0.07935204270137942,-0.1595868991621894
143,1553461200,287,332,45,619,12,-0.10580272360183923,-0.4176865642763937
143,1553475600,208,114,0,322,12,-0.7009430438621849,-1.0073450299603837
143,1553490000,34,38,4,72,12,-0.6480416820612652,-1.503690539795392
143,1553504400,357,576,219,933,12,2.195406514738164,0.20572339607637674
143,1553518800,534,529,0,1063,12,-0.7009430438621849,0.4638230611905811
143,1553533200,807,633,0,1440,12,-0.7009430438621849,1.2123120900217736
143,1553547600,1045,482,0,1527,12,-0.7009430438621849,1.3850403274443566
143,1553562000,312,158,0,470,13,-0.44318303696559747,-0.609437731104645
143,1553576400,31,36,5,67,13,-0.41253817764298456,-1.1315485291345697
143,1553590800,377,566,189,943,13,0.7151926454291713,0.0033622874267553652
143,1553605200,502,868,366,1370,13,1.800020665449669,0.5565665324857574
143,1553619600,886,418,0,1304,13,-0.44318303696559747,0.47105955315579456
143,1553634000,1076,596,0,1672,13,-0.44318303696559747,0.9478257409349813
143,1553648400,361,194,0,555,13,-0.44318303696559747,-0.49931510620999586
143,1553662800,36,47,11,83,13,-0.375764346455849,-1.110819564448518
143,1553677200,340,541,201,881,13,0.7887403078034424,-0.07696245073169458
143,1553691600,364,572,208,936,13,0.8316431108551005,-0.005706634623392209
143,1553706000,1036,1139,103,2175,13,0.1881010650802289,1.5994925682527283
143,1553720400,1423,741,0,2164,13,-0.44318303696559747,1.585241405031068
143,1553734800,299,175,0,474,13,-0.44318303696559747,-0.604255489933132
143,1553749200,106,1089,983,1195,13,5.581596305860105,0.329843481232068
143,1553763600,3131,1379,0,4510,13,-0.44318303696559747,4.624625852123383
143,1553778000,505,601,96,1106,13,0.14519826202857078,0.21453861516590603
143,1553792400,743,427,0,1170,13,-0.44318303696559747,0.2974544739101124
143,1553806800,1009,438,0,1447,13,-0.44318303696559747,0.6563246750373807
143,1553821200,345,169,0,514,13,-0.44318303696559747,-0.5524330782180031
143,1553835600,85,49,0,134,13,-0.44318303696559747,-1.0447459895117286
143,1553850000,327,442,115,769,13,0.2616487274544999,-0.22206520353405576
143,1553864400,532,540,8,1072,13,-0.39415126204941675,0.17048956520804637
143,1553878800,645,352,0,997,13,-0.44318303696559747,0.0733225432421795
143,1553893200,1108,615,0,1723,13,-0.44318303696559747,1.0138993158717708
143,1553907600,454,157,0,611,13,-0.44318303696559747,-0.4267637298088153
143,1553922000,87,33,0,120,13,-0.44318303696559747,-1.0628838336120237
143,1553936400,115,219,104,334,13,0.19423003694475147,-0.7856339309360836
143,1553950800,388,446,58,834,13,-0.08770266882328748,-0.13785378449697114
143,1553965200,505,421,0,926,13,-0.44318303696559747,-0.018662237552174457
143,1553979600,432,488,56,920,13,-0.09996061255233266,-0.026435599309443808
143,1553994000,343,207,0,550,13,-0.44318303696559747,-0.505792907674387
143,1554008400,77,26,0,103,13,-0.44318303696559747,-1.0849083585909536
143,1554022800,78,145,67,223,13,-0.03254192204258421,-0.9294411234455665
143,1554037200,252,371,119,623,13,0.28616461491259026,-0.4112170062942766
143,1554051600,363,369,6,732,13,-0.40640920577846196,-0.27000093437055006
143,1554066000,289,334,45,623,13,-0.1673793030620811,-0.4112170062942766
143,1554080400,203,104,0,307,13,-0.44318303696559747,-0.8206140588437957
143,1554094800,31,29,0,60,13,-0.44318303696559747,-1.1406174511847171
143,1554109200,381,566,185,947,13,0.690676757971081,0.008544528598268264
143,1554123600,482,594,112,1076,13,0.24326181186093215,0.1756718063795593
143,1554138000,795,433,0,1228,13,-0.44318303696559747,0.37259697089704946
143,1554152400,1069,480,0,1549,13,-0.44318303696559747,0.7884718249109597
143,1554166800,312,158,0,470,14,-0.7520669899751724,-0.7070669925001503
143,1554181200,42,28,0,70,14,-0.7520669899751724,-1.5776770770446835
143,1554195600,351,561,210,912,14,1.5500228132369653,0.25495715092155885
143,1554210000,410,701,291,1111,14,2.4379717373330756,0.6880856679824641
143,1554224400,825,528,0,1353,14,-0.7520669899751724,1.2148047691319066
143,1554238800,1054,506,0,1560,14,-0.7520669899751724,1.6653454878837026
143,1554253200,382,220,0,602,14,-0.7520669899751724,-0.41976566460045434
143,1554267600,42,45,3,87,14,-0.7191799927864276,-1.5406761484515408
143,1554281041,267,457,190,724,14,1.3307761653119998,-0.15422958881437174
143,1554282000,371,419,48,790,14,-0.2258750349552552,-0.010578924864523756
143,1554296400,559,648,89,1207,14,0.22358059329092408,0.8970320882731521
143,1554310800,775,483,0,1258,14,-0.7520669899751724,1.00803487405258
143,1554325200,1055,503,0,1558,14,-0.7520669899751724,1.66099243746098
143,1554339600,354,200,0,554,14,-0.7520669899751724,-0.5242388747457983
143,1554354000,38,43,5,81,14,-0.6972553279939311,-1.5537352997197087
143,1554368400,325,537,212,862,14,1.571947478029462,0.14613089035349222
143,1554382800,467,666,199,1133,14,1.4294371568782345,0.7359692226324134
143,1554397200,846,542,0,1388,14,-0.7520669899751724,1.2909831515295533
143,1554411600,1021,547,0,1568,14,-0.7520669899751724,1.6827576895745933
143,1554426000,363,199,0,562,14,-0.7520669899751724,-0.5068266730549077
143,1554440400,33,47,14,80,14,-0.5985943364276965,-1.5559118249310702
143,1554454800,304,541,237,845,14,1.8460057879356688,0.10912996176034954
143,1554469200,546,652,106,1198,14,0.40994024402714474,0.8774433613709001
143,1554483600,732,462,0,1194,14,-0.7520669899751724,0.8687372605254547
143,1554498000,914,576,0,1490,14,-0.7520669899751724,1.5129887230884091
143,1554512400,404,248,0,652,14,-0.7520669899751724,-0.3109394040323877
143,1554526800,67,36,0,103,14,-0.7520669899751724,-1.5058517450697595
143,1554541200,104,242,138,346,14,0.7607348807070896,-0.9769561187089556
143,1554555600,304,521,217,825,14,1.6267591400107033,0.06559945753312289
143,1554570000,421,428,7,849,14,-0.6753306632014345,0.11783606260579488
143,1554584400,354,605,251,959,14,1.9994784414831446,0.3572538358555415
143,1554598800,290,244,0,534,14,-0.7520669899751724,-0.5677693789730249
143,1554613200,67,48,0,115,14,-0.7520669899751724,-1.4797334425334234
143,1554627600,89,172,83,261,14,0.15780659891343443,-1.1619607616746688
143,1554642000,251,412,161,663,14,1.0128685258208,-0.286997626707413
143,1554656400,305,480,175,785,14,1.1663411793682759,-0.02146155092133042
143,1554670800,277,361,84,638,14,0.1687689313096827,-0.34141075699144635
143,1554685200,187,127,0,314,14,-0.7520669899751724,-1.0466049254725183
143,1554699600,30,34,4,64,14,-0.7082176603901793,-1.5907362283128514
143,1554714000,361,536,175,897,14,1.1663411793682759,0.22230927275113885
143,1554728400,496,547,51,1043,14,-0.19298803776651038,0.5400819536098934
143,1554742800,589,425,0,1014,14,-0.7520669899751724,0.4769627224804148
143,1554757200,937,523,0,1460,14,-0.7520669899751724,1.4476929667475693
143,1554771600,362,198,0,560,15,-0.7939203421591461,-0.5464313397420765
143,1554786000,35,43,8,78,15,-0.7020617901737903,-1.5782339739868851
143,1554800400,346,432,86,778,15,0.19355909168342825,-0.07976541802969413
143,1554814800,522,664,142,1186,15,0.8365689555809186,0.7936276831567829
143,1554829200,875,507,0,1382,15,-0.7939203421591461,1.2131988788247965
143,1554843600,1087,542,0,1629,15,-0.7939203421591461,1.7419442121411195
143,1554858000,361,159,0,520,15,-0.7939203421591461,-0.6320581143682017
143,1554872400,50,28,0,78,15,-0.7939203421591461,-1.5782339739868851
143,1554886800,369,554,185,923,15,1.3303086725022057,0.2306316399900097
143,1554901200,539,703,164,1242,15,1.0891799735406469,0.9135051676333582
143,1554915600,818,465,0,1283,15,-0.7939203421591461,1.0012726116251365
143,1554930000,991,513,0,1504,15,-0.7939203421591461,1.4743605414344783
143,1554944400,339,233,0,572,15,-0.7939203421591461,-0.5207433073542389
143,1554958800,36,34,0,70,15,-0.7939203421591461,-1.5953593289121102
143,1554973200,332,519,187,851,15,1.3532733104985446,0.07650344566298437
143,1554987600,558,608,50,1166,15,-0.21980439225067266,0.7508142958437203
143,1555002000,778,531,0,1309,15,-0.7939203421591461,1.056930015132118
143,1555016400,990,540,0,1530,15,-0.7939203421591461,1.5300179449414597
143,1555030800,379,199,0,578,15,-0.7939203421591461,-0.5078992911603201
143,1555045200,49,27,0,76,15,-0.7939203421591461,-1.5825153127181915
143,1555059600,293,525,232,818,15,1.8699776654161708,0.005861356596431074
143,1555074000,490,549,59,1039,15,-0.11646352126714743,0.4789492864057728
143,1555088400,793,435,0,1228,15,-0.7939203421591461,0.8835357965142143
143,1555102800,834,553,0,1387,15,-0.7939203421591461,1.223902225653062
143,1555117200,386,223,0,609,15,-0.7939203421591461,-0.4415385408250731
143,1555131600,60,44,0,104,15,-0.7939203421591461,-1.5225765704799037
143,1555146000,114,321,207,435,15,1.582919690461934,-0.8140150104487177
143,1555160400,344,546,202,890,15,1.5255080954710867,0.15998955092345643
143,1555174800,447,643,196,1090,15,1.45661418148207,0.5881234240540825
143,1555189200,389,628,239,1017,15,1.950353898403357,0.43185456036140396
143,1555203600,267,245,0,512,15,-0.7939203421591461,-0.6491834692934267
143,1555218000,86,26,0,112,15,-0.7939203421591461,-1.5054512155546786
143,1555232400,84,203,119,287,15,0.5724756186230208,-1.130834076565381
143,1555246800,304,490,186,794,15,1.3417909915003752,-0.045514708179244044
143,1555261200,338,540,202,878,15,1.5255080954710867,0.13430151853561886
143,1555275600,270,458,188,728,15,1.364755629496714,-0.18679888631235061
143,1555290000,191,121,0,312,15,-0.7939203421591461,-1.0773173424240527
143,1555304400,23,27,4,50,15,-0.7479910661664683,-1.6381727162251727
143,1555318800,331,477,146,808,15,0.8824982315735964,-0.015545337060100226
143,1555333200,529,631,102,1160,15,0.3772761956541398,0.7379702796498016
143,1555347600,707,421,0,1128,15,-0.7939203421591461,0.6694688599489014
143,1555362000,996,544,0,1540,15,-0.7939203421591461,1.5514246385979908
143,1555376400,268,163,0,431,16,-0.7567702740749821,-0.698539225568991
143,1555390800,23,49,26,72,16,-0.4040630016507907,-1.5013881045330313
143,1555405200,360,496,136,856,16,1.0881600739900192,0.25190861164470574
143,1555419600,552,569,17,1121,16,-0.5261539805668569,0.844540792495599
143,1555434000,802,462,0,1264,16,-0.7567702740749821,1.1643385353698545
143,1555448400,964,569,0,1533,16,-0.7567702740749821,1.765916107629818
143,1555462800,345,221,0,566,16,-0.7567702740749821,-0.3966322655128755
143,1555477200,30,35,5,65,16,-0.6889419524549453,-1.5170425394989038
143,1555491600,324,549,225,873,16,2.2955041988266744,0.2899265251332536
143,1555506000,518,567,49,1085,16,-0.09205272219862137,0.7640322698139682
143,1555520400,783,431,0,1214,16,-0.7567702740749821,1.0525211427564785
143,1555534800,1018,470,0,1488,16,-0.7567702740749821,1.6652804542777795
143,1555549200,364,291,0,655,16,-0.7567702740749821,-0.1975973066610661
143,1555563600,41,49,8,90,16,-0.6482449594829233,-1.4611338431922158
143,1555578000,280,448,168,728,16,1.5222613323582548,-0.034343913445537014
143,1555592400,546,673,127,1219,16,0.966069095073953,1.063702882017816
143,1555606800,855,526,0,1381,16,-0.7567702740749821,1.4259912340851546
143,1555621200,1005,496,0,1501,16,-0.7567702740749821,1.6943529763572571
143,1555635600,378,241,0,619,16,-0.7567702740749821,-0.27810582934269684
143,1555650000,47,52,5,99,16,-0.6889419524549453,-1.441006712521808
143,1555664400,203,450,247,653,16,2.5939488139548366,-0.20207000236560113
143,1555678800,475,548,73,1023,16,0.2335232215775553,0.6253787029733818
143,1555693200,742,418,0,1160,16,-0.7567702740749821,0.9317583587340323
143,1555707600,609,471,0,1080,16,-0.7567702740749821,0.7528505305526306
143,1555722000,311,260,0,571,16,-0.7567702740749821,-0.3854505262515379
143,1555736400,49,34,0,83,16,-0.7567702740749821,-1.4767882781580886
143,1555750800,72,227,155,299,16,1.3459076961461591,-0.9937371420683038
143,1555765200,258,386,128,644,16,0.9796347593979603,-0.22219713303600883
143,1555779600,341,413,72,754,16,0.21995755725354796,0.02380113071341855
143,1555794000,311,452,141,763,16,1.155988395610056,0.043928261383826245
143,1555808400,260,192,0,452,16,-0.7567702740749821,-0.6515759206713729
143,1555822800,45,34,0,79,16,-0.7567702740749821,-1.4857336695671586
143,1555837200,96,148,52,244,16,-0.051355729226599284,-1.1167362739430176
143,1555851600,224,382,158,606,16,1.3866046891181811,-0.30717835142217464
143,1555866000,262,339,77,601,16,0.28778587887358476,-0.31836009068351223
143,1555880400,256,351,95,607,16,0.5319678367057172,-0.30494200356990714
143,1555894800,181,124,0,305,16,-0.7567702740749821,-0.9803190549546986
143,1555909200,18,34,16,52,16,-0.5397196448908643,-1.5461150615783816
143,1555923600,276,484,208,760,16,2.064887905318549,0.03721921782702368
143,1555938000,409,564,155,973,16,1.3459076961461591,0.5135613103600057
143,1555952400,726,452,0,1178,16,-0.7567702740749821,0.9720126200748477
143,1555966800,889,585,0,1474,16,-0.7567702740749821,1.633971584346034
143,1555981200,301,158,0,459,17,-0.7886943975804466,-0.6459731856703939
143,1555995600,29,39,10,68,17,-0.6646495581658189,-1.5515637110332163
143,1556010000,327,554,227,881,17,2.027123457131601,0.3314160769974095
143,1556024400,486,610,124,1096,17,0.7494616111609363,0.8293750615319538
143,1556038800,734,472,0,1206,17,-0.7886943975804466,1.0841447745496278
143,1556053200,903,500,0,1403,17,-0.7886943975804466,1.5404141696812799
143,1556067600,324,185,0,509,17,-0.7886943975804466,-0.5301687706623602
143,1556082000,35,42,7,77,17,-0.7018630099902072,-1.5307189163317703
143,1556096400,333,515,182,848,17,1.4689216797657767,0.25498516309210734
143,1556110800,474,651,177,1125,17,1.4068992600584629,0.8965416222366134
143,1556125200,757,499,0,1256,17,-0.7886943975804466,1.1999491895576613
143,1556139600,943,477,0,1420,17,-0.7886943975804466,1.5797876707840113
143,1556154000,323,186,0,509,17,-0.7886943975804466,-0.5301687706623602
143,1556168400,47,42,0,89,17,-0.7886943975804466,-1.5029258567298422
143,1556182800,298,513,215,811,17,1.8782696498340479,0.1692898959861625
143,1556197200,483,631,148,1114,17,1.0471692257560425,0.871064650934846
143,1556211600,800,464,0,1264,17,-0.7886943975804466,1.2184778959589466
143,1556226000,946,451,0,1397,17,-0.7886943975804466,1.526517639880316
143,1556240400,349,185,0,534,17,-0.7886943975804466,-0.4722665631583435
143,1556254800,40,40,0,80,17,-0.7886943975804466,-1.5237706514312883
143,1556269200,299,469,170,768,17,1.3200678724682235,0.06969809907925364
143,1556283600,519,572,53,1091,17,-0.13125674868292,0.8177946200311504
143,1556298000,724,509,0,1233,17,-0.7886943975804466,1.1466791586539657
143,1556312400,775,529,0,1304,17,-0.7886943975804466,1.3111214279653736
143,1556326800,337,228,0,565,17,-0.7886943975804466,-0.40046782585336266
143,1556341200,62,30,0,92,17,-0.7886943975804466,-1.4959775918293603
143,1556355600,98,271,173,369,17,1.3572813242926118,-0.8544211326848542
143,1556370000,329,495,166,824,17,1.2704499367023725,0.19939904388825125
143,1556384400,413,447,34,860,17,-0.3669419435707125,0.2827782226940354
143,1556398800,350,475,125,825,17,0.7618660951023991,0.20171513218841192
143,1556413200,289,236,0,525,17,-0.7886943975804466,-0.4931113578597895
143,1556427600,69,31,0,100,17,-0.7886943975804466,-1.4774488854280747
143,1556442000,93,148,55,241,17,-0.10644778079999447,-1.1508804351054203
143,1556456400,249,347,98,596,17,0.42694502868290446,-0.32866908854838184
143,1556470800,326,410,84,736,17,0.2532822535024257,-0.004416726525887841
143,1556485200,257,337,80,594,17,0.20366431773657467,-0.3333012651487032
143,1556499600,163,120,0,283,17,-0.7886943975804466,-1.0536047264986719
143,1556514000,26,30,4,56,17,-0.7390764618145955,-1.5793567706351443
143,1556526971,36,229,193,265,17,1.605371003121867,-1.095294315901564
143,1556528400,323,546,223,869,17,1.97750552136575,0.3036230173954815
143,1556542800,407,593,186,1000,17,1.5185396155316278,0.6070305847165294
143,1556557200,611,430,0,1041,17,-0.7886943975804466,0.7019902050231169
143,1556571600,819,528,0,1347,17,-0.7886943975804466,1.4107132248722825
143,1556586000,243,198,0,441,18,-0.7922917811389256,-0.6679510823919631
143,1556600400,20,32,12,52,18,-0.6326508998646645,-1.5331637283347863
143,1556614800,344,547,203,891,18,1.9082997937506587,0.3329375825804545
143,1556629200,469,611,142,1080,18,1.0967919806064979,0.75331082186887
143,1556643600,774,404,0,1178,18,-0.7922917811389256,0.9712821311295298
143,1556658000,932,427,0,1359,18,-0.7922917811389256,1.373861794151769
143,1556672400,319,190,0,509,18,-0.7922917811389256,-0.5167056841294645
143,1556686800,43,32,0,75,18,-0.7922917811389256,-1.4820071965695294
143,1556701200,319,529,210,848,18,2.0014236411606445,0.23729711014975685
143,1556715600,466,647,181,1113,18,1.6156248447478465,0.8267093239668473
143,1556730000,801,459,0,1260,18,-0.7922917811389256,1.153666287857837
143,1556744400,975,510,0,1485,18,-0.7922917811389256,1.6541106203440459
143,1556758800,651,147,0,798,18,-0.7922917811389256,0.1260872584861549
143,1556773200,129,90,0,219,18,-0.7922917811389256,-1.161722823778356
143,1556787600,324,497,173,821,18,1.5091975905650057,0.1772437902514118
143,1556802000,588,605,17,1193,18,-0.5661338660003891,1.0046450866286103
143,1556816400,950,401,0,1351,18,-0.7922917811389256,1.3560682178855925
143,1556830800,1028,510,0,1538,18,-0.7922917811389256,1.7719930631074639
143,1556845200,360,143,0,503,18,-0.7922917811389256,-0.5300508663290967
143,1556859600,48,41,0,89,18,-0.7922917811389256,-1.450868438103721
143,1556874000,292,512,220,804,18,2.134457708889195,0.1394324406857871
143,1556874746,29,46,17,75,18,-0.5661338660003891,-1.4820071965695294
143,1556876987,84,134,50,218,18,-0.1271214424961709,-1.1639470208116278
143,1556878304,167,286,119,453,18,0.7908136248308306,-0.6412607179926987
143,1556888400,358,430,72,788,18,0.16555350650664116,0.1038452881534345
143,1556902800,779,433,0,1212,18,-0.7922917811389256,1.046904830260779
143,1556917200,878,515,0,1393,18,-0.7922917811389256,1.4494844932830182
143,1556931600,370,231,0,601,18,-0.7922917811389256,-0.3120795570684368
143,1556946000,95,37,0,132,18,-0.7922917811389256,-1.3552279656730233
143,1556960400,76,265,189,341,18,1.7220520989306873,-0.8903707857191671
143,1556974800,317,480,163,797,18,1.3761635228364548,0.12386306145288285
143,1556989200,424,527,103,951,18,0.5779591164651491,0.4663894045767769
143,1557003600,373,493,120,866,18,0.8041170316036856,0.27733265674865354
143,1557018000,272,210,0,482,18,-0.7922917811389256,-0.5767590040278096
143,1557032400,61,34,0,95,18,-0.7922917811389256,-1.4375232559040887
143,1557046800,69,169,100,238,18,0.5380488961465838,-1.1194630801461871
143,1557061200,254,418,164,672,18,1.3894669296093098,-0.15416156770612205
143,1557075600,375,454,79,829,18,0.25867735391662683,0.1950373665175881
143,1557090000,275,339,64,614,18,0.0591262523238004,-0.2831649956359003
143,1557104400,176,110,0,286,18,-0.7922917811389256,-1.0127016225491292
143,1557118800,32,28,0,60,18,-0.7922917811389256,-1.51537015206861
143,1557133200,358,514,156,872,18,1.283039675426469,0.2906778389482858
143,1557147600,520,646,126,1166,18,0.8839374722408162,0.9445917667302653
143,1557162000,771,398,0,1169,18,-0.7922917811389256,0.9512643578300815
143,1557176400,983,459,0,1442,18,-0.7922917811389256,1.5584701479133483
143,1557190800,322,141,0,463,19,-0.6735248954700189,-0.5989686725357835
143,1557205200,36,35,0,71,19,-0.6735248954700189,-1.4144203498940624
143,1557219600,364,530,166,894,19,1.7430125536947465,0.29761212578416113
143,1557234000,538,563,25,1101,19,-0.30958853264400005,0.7282205370422319
143,1557248400,760,453,0,1213,19,-0.6735248954700189,0.9612067305731687
143,1557262800,1045,476,0,1521,19,-0.6735248954700189,1.6019187627832452
143,1557277200,331,148,0,479,19,-0.6735248954700189,-0.5656849306027925
143,1557291600,30,23,0,53,19,-0.6735248954700189,-1.4518645595686772
143,1557305048,281,457,176,738,19,1.8885870988251543,-0.02690435806250093
143,1557306000,368,424,56,792,19,0.14169255726026336,0.08542827096134363
143,1557320400,542,804,262,1346,19,3.1405281869466593,1.2378778353911564
143,1557334800,893,420,0,1313,19,-0.6735248954700189,1.1692301176543625
143,1557349200,1016,616,0,1632,19,-0.6735248954700189,1.83282472244337
143,1557363600,302,192,0,494,19,-0.6735248954700189,-0.5344814225406134
143,1557378000,29,32,3,61,19,-0.6298525319308967,-1.4352226886021817
143,1557392400,342,520,178,862,19,1.917702007851236,0.23104464191817917
143,1557406800,539,645,106,1184,19,0.8695652829123012,0.9008799483196226
143,1557416418,357,346,0,703,19,-0.6735248954700189,-0.0997125435409187
143,1557416484,4,1,0,5,19,-0.6735248954700189,-1.5517157853676502
143,1557421200,906,434,0,1340,19,-0.6735248954700189,1.2253964321662847
143,1557435600,1031,527,0,1558,19,-0.6735248954700189,1.6788874160032867
143,1557450000,295,185,0,480,19,-0.6735248954700189,-0.5636046967319804
143,1557464400,33,27,0,60,19,-0.6735248954700189,-1.4373029224729936
143,1557478800,318,516,198,834,19,2.208851098112051,0.17279809353544495
143,1557493200,520,534,14,1054,19,-0.46972053228744837,0.6304495451140709
143,1557507600,877,381,0,1258,19,-0.6735248954700189,1.054817254759706
143,1557522000,884,457,0,1341,19,-0.6735248954700189,1.2274766660370966
143,1557536400,352,194,0,546,19,-0.6735248954700189,-0.4263092612583927
143,1557550800,80,42,0,122,19,-0.6735248954700189,-1.3083284224826537
143,1557565200,99,231,132,330,19,1.2480591002513608,-0.875639777353771
143,1557579600,295,395,100,690,19,0.7822205558340567,-0.12675558386147387
143,1557594000,403,394,0,797,19,-0.6735248954700189,0.0958294403154033
143,1557608400,344,412,68,756,19,0.31638201141675243,0.010539851612113921
143,1557622800,254,183,0,437,19,-0.6735248954700189,-0.6530547531768938
143,1557637200,51,36,0,87,19,-0.6735248954700189,-1.3811366079610714
143,1557651600,71,140,69,211,19,0.33093946592979323,-1.1231876079803913
143,1557666000,217,336,119,553,19,1.058812191581831,-0.41174762416270916
143,1557680400,315,376,61,691,19,0.21447982982546715,-0.12467534999066193
143,1557694800,231,326,95,557,19,0.7094332832688529,-0.4034266886794614
143,1557709200,172,136,0,308,19,-0.6735248954700189,-0.9214049225116335
143,1557723600,29,32,3,61,19,-0.6298525319308967,-1.4352226886021817
143,1557738000,339,474,135,813,19,1.291731463790483,0.1291131822483943
143,1557752400,520,636,116,1156,19,1.0151398280427086,0.8426333999368885
143,1557766800,818,382,0,1200,19,-0.6735248954700189,0.9341636902526136
143,1557781200,1108,519,0,1627,19,-0.6735248954700189,1.8224235530893105
143,1557795600,280,175,0,455,20,-0.6937721311424496,-0.8288529294979933
143,1557810000,33,30,0,63,20,-0.6937721311424496,-1.6901401442957062
143,1557824400,392,559,167,951,20,1.3637829334804432,0.2609390565725822
143,1557838800,501,575,74,1076,20,0.21795885557667657,0.5355842143524652
143,1557853200,820,459,0,1279,20,-0.6937721311424496,0.981607950586995
143,1557867600,1044,487,0,1531,20,-0.6937721311424496,1.535292588671239
143,1557882000,290,200,0,490,20,-0.6937721311424496,-0.7519522853196261
143,1557896400,36,40,4,76,20,-0.644489375103578,-1.6615770478865983
143,1557910800,367,491,124,858,20,0.8339933060625726,0.056603059184349325
143,1557925200,570,575,5,1145,20,-0.63216868609386,0.6871883414469605
143,1557939600,910,401,0,1311,20,-0.6937721311424496,1.0519171109786452
143,1557954000,1056,447,0,1503,20,-0.6937721311424496,1.4737720733285453
143,1557968400,392,194,0,586,20,-0.6937721311424496,-0.5410248041446759
143,1557982800,46,38,0,84,20,-0.6937721311424496,-1.6439997577886858
143,1557997200,321,519,198,840,20,1.7457242927816992,0.017054156464046184
143,1558011600,551,571,20,1122,20,-0.44735835094809123,0.6366536324154621
143,1558026000,894,470,0,1364,20,-0.6937721311424496,1.1683666578773155
143,1558040400,1034,538,0,1572,20,-0.6937721311424496,1.6253762004230408
143,1558054800,406,217,0,623,20,-0.6937721311424496,-0.4597298374418306
143,1558069200,62,41,0,103,20,-0.6937721311424496,-1.6022536938061436
143,1558083600,318,491,173,809,20,1.4377070675387509,-0.05105784266536478
143,1558098000,556,561,5,1117,20,-0.63216868609386,0.6256678261042667
143,1558112400,1027,412,0,1439,20,-0.6937721311424496,1.3331537525452453
143,1558126800,1062,498,0,1560,20,-0.6937721311424496,1.599010265276172
143,1558141200,476,292,0,768,20,-0.6937721311424496,-0.14114145441716638
143,1558155600,97,41,0,138,20,-0.6937721311424496,-1.5253530496277765
143,1558170000,105,315,210,420,20,1.893572560898314,-0.9057535736763604
143,1558184400,304,500,196,804,20,1.7210829147622633,-0.062043648976560103
143,1558198800,438,600,162,1038,20,1.3021794884318536,0.45209208638738074
143,1558213200,347,612,265,959,20,2.5712104564327998,0.27851634667049474
143,1558227600,279,269,0,548,20,-0.6937721311424496,-0.6245169321097603
143,1558242000,378,210,0,588,20,-0.6937721311424496,-0.5366304816201978
143,1558256400,86,189,103,275,20,0.5752588368584963,-1.2243419567010247
143,1558270800,266,463,197,729,20,1.733403603771981,-0.22683074364448988
143,1558285200,417,462,45,879,20,-0.13934112570514318,0.10274344569136966
143,1558299600,307,486,179,793,20,1.5116312015970583,-0.0862124228611898
143,1558314000,229,126,0,355,20,-0.6937721311424496,-1.0485690557218996
143,1558328400,40,27,0,67,20,-0.6937721311424496,-1.68135149924675
143,1558342800,352,490,138,842,20,1.0064829521986236,0.02144847898852431
143,1558357200,483,583,100,1066,20,0.5382967698293425,0.5136126017300745
143,1558371600,806,427,0,1233,20,-0.6937721311424496,0.8805385325239982
143,1558386000,1014,481,0,1495,20,-0.6937721311424496,1.4561947832306328
143,1558400400,319,168,0,487,21,-0.6718119882425826,-0.5188329436286698
143,1558414800,39,31,0,70,21,-0.6718119882425826,-1.433738317643221
143,1558429200,363,556,193,919,21,2.8643620225979207,0.4289826956382034
143,1558443600,588,577,0,1165,21,-0.6718119882425826,0.968711045776284
143,1558458000,863,477,0,1340,21,-0.6718119882425826,1.352664140386707
143,1558472400,1054,540,0,1594,21,-0.6718119882425826,1.9099446319926927
143,1558486800,392,185,0,577,21,-0.6718119882425826,-0.3213713521147379
143,1558501200,36,35,0,71,21,-0.6718119882425826,-1.4315442999597328
143,1558515600,397,490,93,887,21,1.0321475092090588,0.3587741297665832
143,1558530000,551,593,42,1144,21,0.09771810738073933,0.9226366744230332
143,1558544400,915,513,0,1428,21,-0.6718119882425826,1.5457376965336627
143,1558558800,1039,526,0,1565,21,-0.6718119882425826,1.846318119171537
143,1558573200,387,172,0,559,21,-0.6718119882425826,-0.36086367041752426
143,1558587600,35,38,3,73,21,-0.6168455528409167,-1.4271562645927567
143,1558602000,338,504,166,842,21,2.369664103982928,0.2600433340096172
143,1558616400,549,558,9,1107,21,-0.506912682037585,0.8414580201339723
143,1558630800,941,510,0,1451,21,-0.6718119882425826,1.5962001032538897
143,1558645200,1036,495,0,1531,21,-0.6718119882425826,1.7717215179329404
143,1558659600,399,180,0,579,21,-0.6718119882425826,-0.3169833167477616
143,1558674000,52,35,0,87,21,-0.6718119882425826,-1.3964400170239228
143,1558688400,309,490,181,799,21,2.644496280991257,0.1657005736196275
143,1558702800,529,570,41,1099,21,0.07939596224685072,0.8239058786660672
143,1558717200,931,435,0,1366,21,-0.6718119882425826,1.4097086001573986
143,1558731600,682,430,0,1112,21,-0.6718119882425826,0.8524281085514129
143,1558746000,323,226,0,549,21,-0.6718119882425826,-0.38280384725240557
143,1558760400,71,27,0,98,21,-0.6718119882425826,-1.3723058225055533
143,1558774800,105,220,115,325,21,1.4352347021546084,-0.8742638083537473
143,1558789200,259,399,140,658,21,1.8932883305018238,-0.14365591975219916
143,1558803600,362,390,28,752,21,-0.1587919244937013,0.0625817424956853
143,1558818000,338,412,74,750,21,0.684026751665175,0.05819370712870902
143,1558832400,281,193,0,474,21,-0.6718119882425826,-0.5473551735140155
143,1558846800,64,30,0,94,21,-0.6718119882425826,-1.381081893239506
143,1558861200,90,169,79,259,21,0.7756374773346182,-1.019068975463964
143,1558875600,243,328,85,571,21,0.8855703481379499,-0.33453545821566666
143,1558890000,324,376,52,700,21,0.2809395587196255,-0.05150717704569759
143,1558904400,306,330,24,636,21,-0.23208050502925576,-0.19192430878893807
143,1558918800,245,100,0,345,21,-0.6718119882425826,-0.8303834546839846
143,1558933200,41,30,0,71,21,-0.6718119882425826,-1.4315442999597328
143,1558947600,94,184,90,278,21,0.9771810738073929,-0.9773826394776894
143,1558962000,267,323,56,590,21,0.35422813925518,-0.29284912222939213
143,1558976400,407,346,0,753,21,-0.6718119882425826,0.06477576017917341
143,1558990800,281,350,69,631,21,0.592416025995732,-0.20289439720637872
143,1559005200,190,136,0,326,22,-0.6244758187375056,-1.0045003086954123
143,1559019600,43,28,0,71,22,-0.6244758187375056,-1.5289834554450157
143,1559034000,366,549,183,915,22,2.2986186653163725,0.20695292046347555
143,1559048400,484,553,69,1037,22,0.4776745604959239,0.45788211224171715
143,1559062800,792,493,0,1285,22,-0.6244758187375056,0.9679676824138804
143,1559077200,994,456,0,1450,22,-0.6244758187375056,1.3073391303106827
143,1559091600,301,243,0,544,22,-0.6244758187375056,-0.5561186381408494
143,1559106000,37,23,0,60,22,-0.6244758187375056,-1.5516082186381357
143,1559120400,408,539,131,947,22,1.4680125824158168,0.272770413388916
143,1559134800,648,582,0,1230,22,-0.6244758187375056,0.8548438664482797
143,1559149200,1125,460,0,1585,22,-0.6244758187375056,1.5850066785898844
143,1559163600,1347,554,0,1901,22,-0.6244758187375056,2.234954421228609
143,1559178000,373,152,0,525,22,-0.6244758187375056,-0.5951977745653296
143,1559192400,58,44,0,102,22,-0.6244758187375056,-1.4652227591734952
143,1559206800,424,523,99,947,22,0.9568703775539367,0.272770413388916
143,1559221200,568,591,23,1159,22,-0.25709235899302907,0.7088113040199588
143,1559235600,881,465,0,1346,22,-0.6244758187375056,1.0934322783030013
143,1559250000,1176,498,0,1674,22,-0.6244758187375056,1.7680615807887656
143,1559264400,360,189,0,549,22,-0.6244758187375056,-0.5458346548712493
143,1559278800,56,35,0,91,22,-0.6244758187375056,-1.4878475223666154
143,1559293200,331,506,175,837,22,2.170833114100902,0.04652278145771453
143,1559307600,506,522,16,1028,22,-0.3689047163065654,0.43937094235643703
143,1559322000,891,463,0,1354,22,-0.6244758187375056,1.1098866515343613
143,1559336400,856,533,0,1389,22,-0.6244758187375056,1.1818745344215618
143,1559350800,347,284,0,631,22,-0.6244758187375056,-0.3771773292498082
143,1559365200,98,48,0,146,22,-0.6244758187375056,-1.3747237064010147
143,1559379600,124,266,142,390,22,1.643717715337088,-0.8728653228445313
143,1559394000,347,472,125,819,22,1.3721734190042143,0.009500441687154292
143,1559408400,427,417,0,844,22,-0.6244758187375056,0.06092035803515462
143,1559422800,385,434,49,819,22,0.15821068245724867,0.009500441687154292
143,1559437200,305,243,0,548,22,-0.6244758187375056,-0.5478914515251693
143,1559451600,87,58,0,145,22,-0.6244758187375056,-1.3767805030549347
143,1559466000,100,184,84,284,22,0.7172724690249302,-1.0908857681600528
143,1559480400,261,453,192,714,22,2.4423774104337763,-0.2064632069744471
143,1559494800,459,354,0,813,22,-0.6244758187375056,-0.002840338236365788
143,1559509200,319,341,22,660,22,-0.2730655528949628,-0.3175302262861278
143,1559523600,206,150,0,356,22,-0.6244758187375056,-0.9427964090778118
143,1559538000,27,49,22,76,22,-0.2730655528949628,-1.5186994721754155
143,1559552400,355,533,178,888,22,2.2187526958067036,0.1514194108076352
143,1559566800,478,610,132,1088,22,1.4839857763177506,0.5627787415916379
143,1559581200,886,409,0,1295,22,-0.6244758187375056,0.9885356489530805
143,1559595600,831,505,0,1336,22,-0.6244758187375056,1.072864311763801
143,1559610000,380,159,0,539,23,-0.6273220931382957,-0.5650189395449831
143,1559624400,46,36,0,82,23,-0.6273220931382957,-1.4819556957592421
143,1559638800,380,511,131,891,23,1.8985573569317686,0.14124306961785982
143,1559653200,560,579,19,1139,23,-0.2609731652655383,0.6388367578916809
143,1559667600,845,420,0,1265,23,-0.6273220931382957,0.8916464543533803
143,1559682000,1073,480,0,1553,23,-0.6273220931382957,1.469497189122979
143,1559696400,417,191,0,608,23,-0.6273220931382957,-0.4265755343397667
143,1559710800,40,25,0,65,23,-0.6273220931382957,-1.5160649405199476
143,1559721230,104,311,207,415,23,3.363953068422798,-0.8138157836818936
143,1559725200,401,443,42,844,23,0.18250185268569433,0.046941039985321134
143,1559739600,591,646,55,1237,23,0.4331616454407389,0.8354665218063361
143,1559754000,981,543,0,1524,23,-0.6273220931382957,1.4113108304135402
143,1559768400,1283,536,0,1819,23,-0.6273220931382957,2.0032065483199
143,1559782800,393,197,0,590,23,-0.6273220931382957,-0.4626912052628666
143,1559797200,62,29,0,91,23,-0.6273220931382957,-1.4638978602976922
143,1559811600,394,531,137,925,23,2.0142464920494816,0.20946155913927075
143,1559826000,549,548,0,1097,23,-0.6273220931382957,0.5545668590711145
143,1559840400,944,495,0,1439,23,-0.6273220931382957,1.2407646066100129
143,1559854800,1129,556,0,1685,23,-0.6273220931382957,1.7343454425590452
143,1559869200,492,182,0,674,23,-0.6273220931382957,-0.29415140762173364
143,1559883600,60,31,0,91,23,-0.6273220931382957,-1.4638978602976922
143,1559898000,365,508,143,873,23,2.1299356271671943,0.10512739869475989
143,1559912400,570,576,6,1146,23,-0.5116329580205828,0.652881741028442
143,1559926800,1000,487,0,1487,23,-0.6273220931382957,1.337073062404946
143,1559941200,897,536,0,1433,23,-0.6273220931382957,1.2287260496356462
143,1559955600,417,242,0,659,23,-0.6273220931382957,-0.32424780005765025
143,1559970000,89,39,0,128,23,-0.6273220931382957,-1.3896600922890978
143,1559984400,122,223,101,345,23,1.3201116813432043,-0.9542656150495044
143,1559998800,304,400,96,704,23,1.2237040687451102,-0.23395862274990045
143,1560013200,439,397,0,836,23,-0.6273220931382957,0.03088963068616561
143,1560027600,344,460,116,804,23,1.6093345191374864,-0.033316006510456464
143,1560042000,311,213,0,524,23,-0.6273220931382957,-0.5951153319808996
143,1560056400,94,45,0,139,23,-0.6273220931382957,-1.367589404502759
143,1560070800,82,138,56,220,23,0.45244316796035766,-1.2050688853488094
143,1560085200,289,346,57,635,23,0.4717246904799765,-0.37240202795511684
143,1560099600,382,430,48,812,23,0.2981909878034072,-0.01726459721130095
143,1560114000,270,334,64,604,23,0.6066953481173082,-0.43460123898934444
143,1560128400,215,118,0,333,23,-0.6273220931382957,-0.9783427289982377
143,1560142800,41,32,0,73,23,-0.6273220931382957,-1.500013531220792
143,1560157200,418,522,104,940,23,1.3779562489020607,0.23955795157518736
143,1560171600,537,554,17,1091,23,-0.2995362103047759,0.5425283020967478
143,1560186000,906,426,0,1332,23,-0.6273220931382957,1.026077007233808
143,1560200400,1184,411,0,1595,23,-0.6273220931382957,1.5537670879435455
143,1560214800,325,142,0,467,24,-0.4775276376015766,-0.9677678812712079
143,1560229200,52,40,0,92,24,-0.4775276376015766,-1.7122683455366043
143,1560243600,361,523,162,884,24,2.7797135115123357,-0.13988336500808732
143,1560258000,575,569,0,1144,24,-0.4775276376015766,0.3763036235492541
143,1560272400,904,445,0,1349,24,-0.4775276376015766,0.7832972106810041
143,1560286800,1195,481,0,1676,24,-0.4775276376015766,1.4325016155204295
143,1560301200,430,259,0,689,24,-0.4775276376015766,-0.5270236064260934
143,1560315600,55,27,0,82,24,-0.4775276376015766,-1.732121691250348
143,1560330000,407,552,145,959,24,2.4379042551238386,0.009016727844991947
143,1560344400,551,575,24,1126,24,0.005026606711595543,0.3405676012645151
143,1560358800,987,396,0,1383,24,-0.4775276376015766,0.8507985861077333
143,1560373200,1190,496,0,1686,24,-0.4775276376015766,1.4523549612341735
143,1560387600,448,176,0,624,24,-0.4775276376015766,-0.6560703535654288
143,1560402000,57,34,0,91,24,-0.4775276376015766,-1.7142536801079786
143,1560416400,415,518,103,933,24,1.5934343275757874,-0.042601971010742194
143,1560430800,614,631,17,1245,24,-0.13571838121307966,0.5768224152580675
143,1560445200,889,400,0,1289,24,-0.4775276376015766,0.6641771363985407
143,1560459600,1121,515,0,1636,24,-0.4775276376015766,1.353088232665454
143,1560474000,489,197,0,686,24,-0.4775276376015766,-0.5329796101402166
143,1560488400,55,36,0,91,24,-0.4775276376015766,-1.7142536801079786
143,1560502800,362,481,119,843,24,1.9151371571179021,-0.2212820824344373
143,1560517200,571,509,0,1080,24,-0.4775276376015766,0.24924221098129315
143,1560531600,995,475,0,1470,24,-0.4775276376015766,1.0235226938173052
143,1560546000,889,493,0,1382,24,-0.4775276376015766,0.8488132515363589
143,1561165200,9542,9958,416,19500,25,2.8184355161375017,4.1065697084836685
143,1561179600,123,50,0,173,25,-0.9069740416449541,-0.3692472434050406
143,1561194000,90,321,231,411,25,1.161702900296746,-0.31413033780409305
143,1561208400,332,549,217,881,25,1.0363285401790672,-0.20528602842407065
143,1561222800,481,542,61,1023,25,-0.3607000439893536,-0.17240115197308514
143,1561237200,435,564,129,999,25,0.24826113372508624,-0.17795915926057565
143,1561251600,305,327,22,632,25,-0.7099571900314589,-0.2629503540317846
143,1561266000,109,51,0,160,25,-0.9069740416449541,-0.3722578306857646
143,1561280400,78,200,122,278,25,0.18557395366624685,-0.34493096152226965
143,1561294800,292,477,185,769,25,0.7497585741958014,-0.231223395765693
143,1561309200,390,563,173,953,25,0.6422948369520767,-0.18861200656159913
143,1561323600,351,480,129,831,25,0.24826113372508624,-0.2168652102730092
143,1561338000,259,203,0,462,25,-0.9069740416449541,-0.30231957231817574
143,1561352400,40,40,0,80,25,-0.9069740416449541,-0.3907845216440663
143,1561366800,346,484,138,830,25,0.32885893665787974,-0.21709679390998796
143,1561381200,544,540,0,1084,25,-0.9069740416449541,-0.1582745501173801
143,1561395600,825,417,0,1242,25,-0.9069740416449541,-0.12168433547473427
143,1561410000,1027,479,0,1506,25,-0.9069740416449541,-0.06054625531233869
143,1561424400,404,144,0,548,26,-0.29394421248325,0.39825623287143685
143,1561438800,39,29,0,68,26,-0.29394421248325,-0.5429182343083265
143,1561453200,365,536,171,901,26,1.7922359432997874,1.0904116222765545
143,1561466386,364,523,159,887,26,1.6458373358764165,1.0629607003171446
143,1561466467,2,2,0,4,26,-0.29394421248325,-0.6684081632656282
143,1561466968,21,14,0,35,26,-0.29394421248325,-0.6076239789269352
143,1561467053,4,7,3,11,26,-0.25734456062740724,-0.6546827022859234
143,1561467133,2,3,1,5,26,-0.2817443285313024,-0.6664473831256704
143,1561467213,4,0,0,4,26,-0.29394421248325,-0.6684081632656282
143,1561467294,4,5,1,9,26,-0.2817443285313024,-0.658604262565839
143,1561467361,2,4,2,6,26,-0.2695444445793548,-0.6644866029857126
143,1561467423,3,1,0,4,26,-0.29394421248325,-0.6684081632656282
143,1561467485,3,6,3,9,26,-0.25734456062740724,-0.658604262565839
143,1561467547,3,1,0,4,26,-0.29394421248325,-0.6684081632656282
143,1561467600,443,577,134,1020,26,1.3408402370777268,1.3237444589315375
143,1561467614,0,0,0,0,26,-0.29394421248325,-0.6762512838254596
143,1561467684,4,6,2,10,26,-0.2695444445793548,-0.6566434824258812
143,1561467750,3,3,0,6,26,-0.29394421248325,-0.6644866029857126
143,1561467815,2,1,0,3,26,-0.29394421248325,-0.6703689434055862
143,1561467895,4,4,0,8,26,-0.29394421248325,-0.660565042705797
143,1561467975,4,2,0,6,26,-0.29394421248325,-0.6644866029857126
143,1561468057,4,0,0,4,26,-0.29394421248325,-0.6684081632656282
143,1561468138,5,0,0,5,26,-0.29394421248325,-0.6664473831256704
143,1561468218,7,0,0,7,26,-0.29394421248325,-0.6625258228457548
143,1561468299,7,13,6,20,26,-0.22074490877156447,-0.6370356810263028
143,1561468379,4,2,0,6,26,-0.29394421248325,-0.6644866029857126
143,1561468459,6,1,0,7,26,-0.29394421248325,-0.6625258228457548
143,1561468552,6,2,0,8,26,-0.29394421248325,-0.660565042705797
143,1561468631,3,3,0,6,26,-0.29394421248325,-0.6644866029857126
143,1561468717,4,6,2,10,26,-0.2695444445793548,-0.6566434824258812
143,1561482000,795,439,0,1234,26,-0.29394421248325,1.7433514088825153
143,1561496400,1147,563,0,1710,26,-0.29394421248325,2.6766827555024473
143,1561510800,431,154,0,585,26,-0.29394421248325,0.47080509804987697
143,1561525200,63,30,0,93,26,-0.29394421248325,-0.4938987308093805
143,1561539600,366,480,114,846,26,1.096842558038775,0.9825687145788733
143,1561554000,546,553,7,1099,26,-0.20854502481961687,1.4786460899882068
143,1561568400,927,485,0,1412,26,-0.29394421248325,2.092370273795011
143,1561582800,1164,534,0,1698,26,-0.29394421248325,2.653153393822953
143,1561597200,530,195,0,725,26,-0.29394421248325,0.7453143176439746
143,1561611600,74,26,0,100,26,-0.29394421248325,-0.4801732698296756
143,1561626000,373,405,32,778,26,0.09645207397907281,0.8492356650617401
143,1561640400,602,622,20,1224,26,-0.04994653344429824,1.7237436074829369
143,1561654800,898,494,0,1392,26,-0.29394421248325,2.053154670995854
143,1561669200,1120,460,0,1580,26,-0.29394421248325,2.421781337307928
143,1561683600,444,198,0,642,26,-0.29394421248325,0.5825695660274738
143,1561698000,45,31,0,76,26,-0.29394421248325,-0.5272319931886638
143,1561708892,85,257,172,342,26,1.8044358272517351,-0.0056644759598782546
143,1561712400,325,366,41,691,26,0.2062510295466011,0.678647792885408
143,1561726800,563,518,0,1081,26,-0.29394421248325,1.4433520474689658
143,1561737642,442,327,0,769,26,-0.29394421248325,0.8315886438021196
143,1561737723,5,6,1,11,26,-0.2817443285313024,-0.6546827022859234
143,1561737794,672,286,0,958,26,-0.29394421248325,1.2021760902541514
143,1561737862,4,4,0,8,26,-0.29394421248325,-0.660565042705797
143,1561737926,7,3,0,10,26,-0.29394421248325,-0.6566434824258812
143,1561737989,6,8,2,14,26,-0.2695444445793548,-0.6488003618660498
143,1561738063,8,2,0,10,26,-0.29394421248325,-0.6566434824258812
143,1561738126,13,14,1,27,26,-0.2817443285313024,-0.623310220046598
143,1561738193,20,8,0,28,26,-0.29394421248325,-0.6213494399066402
143,1561738194,7,8,1,15,26,-0.2817443285313024,-0.646839581726092
143,1561738264,2,1,0,3,26,-0.29394421248325,-0.6703689434055862
143,1561738328,9,3,0,12,26,-0.29394421248325,-0.6527219221459656
143,1561738395,11,10,0,21,26,-0.29394421248325,-0.635074900886345
143,1561738464,6,0,0,6,26,-0.29394421248325,-0.6644866029857126
143,1561738529,9,7,0,16,26,-0.29394421248325,-0.6448788015861342
143,1561738599,15,10,0,25,26,-0.29394421248325,-0.6272317803265136
143,1561738672,10,2,0,12,26,-0.29394421248325,-0.6527219221459656
143,1561738752,10,0,0,10,26,-0.29394421248325,-0.6566434824258812
143,1561738832,6,8,2,14,26,-0.2695444445793548,-0.6488003618660498
143,1561738912,9,3,0,12,26,-0.29394421248325,-0.6527219221459656
143,1561738995,11,2,0,13,26,-0.29394421248325,-0.6507611420060078
143,1561739072,7,6,0,13,26,-0.29394421248325,-0.6507611420060078
143,1561739153,8,2,0,10,26,-0.29394421248325,-0.6566434824258812
143,1561739236,6,0,0,6,26,-0.29394421248325,-0.6644866029857126
143,1561739313,7,8,1,15,26,-0.2817443285313024,-0.646839581726092
143,1561739394,8,6,0,14,26,-0.29394421248325,-0.6488003618660498
143,1561739477,5,2,0,7,26,-0.29394421248325,-0.6625258228457548
143,1561739558,7,9,2,16,26,-0.2695444445793548,-0.6448788015861342
143,1561739638,9,3,0,12,26,-0.29394421248325,-0.6527219221459656
143,1561739724,79,34,0,113,26,-0.29394421248325,-0.4546831280102237
143,1561739804,4,1,0,5,26,-0.29394421248325,-0.6664473831256704
143,1561739886,5,8,3,13,26,-0.25734456062740724,-0.6507611420060078
143,1561739968,5,4,0,9,26,-0.29394421248325,-0.658604262565839
143,1561740973,59,30,0,89,26,-0.29394421248325,-0.5017418513692119
143,1561741055,8,3,0,11,26,-0.29394421248325,-0.6546827022859234
143,1561741136,4,6,2,10,26,-0.2695444445793548,-0.6566434824258812
143,1561741200,207,330,123,537,26,1.2066415136063033,0.37668765133190063
143,1561754454,811,407,0,1218,26,-0.29394421248325,1.71197892664319
143,1561754532,4,0,0,4,26,-0.29394421248325,-0.6684081632656282
143,1561754613,1,7,6,8,26,-0.22074490877156447,-0.660565042705797
143,1561754693,7,4,0,11,26,-0.29394421248325,-0.6546827022859234
143,1561754774,4,0,0,4,26,-0.29394421248325,-0.6684081632656282
143,1561754856,4,0,0,4,26,-0.29394421248325,-0.6684081632656282
143,1561754935,3,11,8,14,26,-0.19634514086766927,-0.6488003618660498
143,1561755015,5,0,0,5,26,-0.29394421248325,-0.6664473831256704
143,1561755096,2,2,0,4,26,-0.29394421248325,-0.6684081632656282
143,1561755176,3,0,0,3,26,-0.29394421248325,-0.6703689434055862
143,1561755257,2,1,0,3,26,-0.29394421248325,-0.6703689434055862
143,1561755337,8,3,0,11,26,-0.29394421248325,-0.6546827022859234
143,1561755600,714,512,0,1226,26,-0.29394421248325,1.7276651677628525
143,1561770000,445,246,0,691,26,-0.29394421248325,0.678647792885408
143,1561784400,93,46,0,139,26,-0.29394421248325,-0.4037028443713198
143,1561798800,109,203,94,312,26,0.8528448789998232,-0.06448788015861347
143,1561813200,280,419,139,699,26,1.4018396568374647,0.6943340340050708
143,1561827600,411,395,0,806,26,-0.29394421248325,0.9041375089805597
143,1561842000,323,477,154,800,26,1.5848379161166786,0.8923728281408126
143,1561856400,268,225,0,493,26,-0.29394421248325,0.2904133251737556
143,1561870800,81,41,0,122,26,-0.29394421248325,-0.4370361067506031
143,1561885200,75,159,84,234,26,0.7308460394803473,-0.217428731075325
143,1561899600,266,914,648,1180,26,7.611580588378787,1.637469281324792
143,1561914000,500,930,430,1430,26,4.952005886854212,2.127664316314252
143,1561928400,952,943,0,1895,26,-0.29394421248325,3.039427081394648
143,1561942800,258,156,0,414,26,-0.29394421248325,0.13551169411708625
143,1561957200,48,39,0,87,26,-0.29394421248325,-0.5056634116491275
143,1561971600,304,542,238,846,26,2.6096281680802758,0.9825687145788733
143,1561986000,520,530,10,1050,26,-0.1719453729637741,1.3825678631302727
143,1562000400,934,428,0,1362,26,-0.29394421248325,1.994331266797119
143,1562014800,1026,448,0,1474,26,-0.29394421248325,2.213938642472397
143,1562029200,354,151,0,505,27,-0.48218813745061473,-0.07862841512065613
143,1562043600,65,28,0,93,27,-0.48218813745061473,-0.9872234342926817
143,1562058000,321,531,210,852,27,2.068923519991591,0.6866203024829673
143,1562072400,549,497,0,1046,27,-0.48218813745061473,1.1144538794717367
143,1562086800,889,508,0,1397,27,-0.48218813745061473,1.888523907941108
143,1562101200,1057,419,0,1476,27,-0.48218813745061473,2.0627447975396276
143,1562115600,420,155,0,575,27,-0.48218813745061473,0.07574452502993073
143,1562130000,54,25,0,79,27,-0.48218813745061473,-1.0180980223227991
143,1562144400,276,471,195,747,27,1.8867012587457193,0.455060892257087
143,1562158800,492,540,48,1032,27,0.10092309853617515,1.0835792914416194
143,1562173200,999,402,0,1401,27,-0.48218813745061473,1.8973452188068558
143,1562187600,817,473,0,1290,27,-0.48218813745061473,1.6525538422823538
143,1562202000,328,184,0,512,27,-0.48218813745061473,-0.06319112110559745
143,1562216400,62,30,0,92,27,-0.48218813745061473,-0.9894287620091187
143,1562230800,83,189,106,272,27,0.8055158420202129,-0.5924697730504667
143,1562243998,196,252,56,448,27,0.19810830453397346,-0.20433209495756258
143,1562244062,1,0,0,1,27,-0.48218813745061473,-1.1901135842048816
143,1562244198,3,11,8,14,27,-0.3850029314528164,-1.1614443238912011
143,1562244262,2,0,0,2,27,-0.48218813745061473,-1.1879082564884447
143,1562244328,221,138,0,359,27,-0.48218813745061473,-0.4006062617204516
143,1562244401,4,0,0,4,27,-0.48218813745061473,-1.1834976010555707
143,1562244480,1,1,0,2,27,-0.48218813745061473,-1.1879082564884447
143,1562244653,6,5,0,11,27,-0.48218813745061473,-1.168060307040512
143,1562245200,14,23,9,37,27,-0.3728547807030916,-1.1107217864131511
143,1562259600,285,368,83,653,27,0.5261083747765427,0.24776008691201323
143,1562262932,62,94,32,156,27,-0.09344731345942146,-0.8482877881571536
143,1562263790,26,17,0,43,27,-0.48218813745061473,-1.0974898201145296
143,1562274000,272,214,0,486,27,-0.48218813745061473,-0.12052964173295828
143,1562288400,206,286,80,492,27,0.4896639225273684,-0.10729767543433655
143,1562302800,46,31,0,77,27,-0.48218813745061473,-1.022508677755673
143,1562317200,155,595,440,750,27,4.862998192428292,0.4616768754063979
143,1562331600,325,581,256,906,27,2.6277384544789313,0.8057079991705629
143,1562346000,595,520,0,1115,27,-0.48218813745061473,1.2666214919058865
143,1562360400,512,530,18,1042,27,-0.2635214239555685,1.105632568605989
143,1562374800,347,171,0,518,27,-0.48218813745061473,-0.049959154806975714
143,1562389200,84,28,0,112,27,-0.48218813745061473,-0.9453222076803796
143,1562403600,97,193,96,290,27,0.684034334522965,-0.5527738741546016
143,1562418000,150,257,107,407,27,0.8176639927699377,-0.29475053133147777
143,1562432400,361,319,0,680,27,-0.48218813745061473,0.307303935255811
143,1562446800,299,283,0,582,27,-0.48218813745061473,0.09118181904498941
143,1562461200,242,132,0,374,27,-0.48218813745061473,-0.3675263459738973
143,1562475600,51,28,0,79,27,-0.48218813745061473,-1.0180980223227991
143,1562490000,77,110,33,187,27,-0.08129916270969667,-0.7799226289476079
143,1562504400,201,259,58,460,27,0.22240460603342305,-0.17786816236031913
143,1562518800,344,307,0,651,27,-0.48218813745061473,0.24334943147913932
143,1562533200,326,246,0,572,27,-0.48218813745061473,0.06912854188061987
143,1562547600,231,105,0,336,27,-0.48218813745061473,-0.45132879919850155
143,1562562000,38,24,0,62,27,-0.48218813745061473,-1.0555885935022273
143,1562576400,331,517,186,848,27,1.777367901998196,0.6777989916172195
143,1562590800,514,557,43,1071,27,0.040182344787551214,1.1695870723826605
143,1562605200,853,447,0,1300,27,-0.48218813745061473,1.6746071194467234
143,1562619600,1108,510,0,1618,27,-0.48218813745061473,2.375901333273675
143,1562634000,361,138,0,499,28,-0.5107370411796309,-0.6213776721974622
143,1562648400,51,29,0,80,28,-0.5107370411796309,-1.4841679732335153
143,1562662800,362,523,161,885,28,2.5783540790857216,0.1734601707617658
143,1562677200,571,592,21,1163,28,-0.10781211244936754,0.7459081509241113
143,1562691600,929,412,0,1341,28,-0.5107370411796309,1.1124395914597138
143,1562706000,1087,471,0,1558,28,-0.5107370411796309,1.559278482449746
143,1562720400,422,162,0,584,28,-0.5107370411796309,-0.44634861351473065
143,1562734800,50,23,0,73,28,-0.5107370411796309,-1.4985821310073875
143,1562749200,374,528,154,902,28,2.444045769508967,0.20846598249831208
143,1562763600,523,575,52,1098,28,0.4869818299619736,0.6120624001667283
143,1562778000,833,484,0,1317,28,-0.5107370411796309,1.0630196219492956
143,1562792400,1118,527,0,1645,28,-0.5107370411796309,1.7384258719250125
143,1562806800,410,226,0,636,28,-0.5107370411796309,-0.3392720129088243
143,1562821200,49,33,0,82,28,-0.5107370411796309,-1.4800496424409806
143,1562835600,381,531,150,912,28,2.367298164036536,0.2290576364609864
143,1562850000,593,583,0,1176,28,-0.5107370411796309,0.7726773010755879
143,1562864400,946,457,0,1403,28,-0.5107370411796309,1.2401078460282946
143,1562878800,1189,580,0,1769,28,-0.5107370411796309,1.9937623810621738
143,1562893200,358,132,0,490,28,-0.5107370411796309,-0.6399101607638691
143,1562907600,68,31,0,99,28,-0.5107370411796309,-1.4450438307044342
143,1562922000,309,468,159,777,28,2.539980276349506,-0.04892969203511666
143,1562936400,516,581,65,1097,28,0.7364115477473747,0.6100032347704609
143,1562950800,957,417,0,1374,28,-0.5107370411796309,1.180392049536539
143,1562965200,927,478,0,1405,28,-0.5107370411796309,1.2442261768208294
143,1562979600,462,186,0,648,28,-0.5107370411796309,-0.3145620281536151
143,1562994000,124,34,0,158,28,-0.5107370411796309,-1.3235530723246558
143,1563008400,156,230,74,386,28,0.9090936600603446,-0.8540633619756818
143,1563022800,388,375,0,763,28,-0.5107370411796309,-0.07775800758286068
143,1563037200,454,385,0,839,28,-0.5107370411796309,0.078738562533464
143,1563051600,376,314,0,690,28,-0.5107370411796309,-0.22807708151038306
143,1563066000,305,192,0,497,28,-0.5107370411796309,-0.6254960029899971
143,1563080400,77,32,0,109,28,-0.5107370411796309,-1.42445217674176
143,1563094800,79,126,47,205,28,0.3910473231214347,-1.2267722987000866
143,1563109200,263,302,39,565,28,0.23755211217657246,-0.4854727560438118
143,1563123600,351,357,6,708,28,-0.39561563297098423,-0.19101210437756933
143,1563138000,289,259,0,548,28,-0.5107370411796309,-0.5204785677803582
143,1563152400,210,104,0,314,28,-0.5107370411796309,-1.0023232705069367
143,1563166800,35,38,3,73,28,-0.4531763370753075,-1.4985821310073875
143,1563181200,368,540,172,908,28,2.789409994134907,0.22082097487591668
143,1563195600,523,538,15,1061,28,-0.22293352065801422,0.5358732805048334
143,1563210000,908,361,0,1269,28,-0.5107370411796309,0.9641796829284589
143,1563224400,1100,426,0,1526,28,-0.5107370411796309,1.4933851897691883
143,1563238800,380,293,0,673,29,-0.5665540189264762,-0.2171045750963536
143,1563253200,45,28,0,73,29,-0.5665540189264762,-1.4230035346624699
143,1563267600,391,498,107,889,29,1.0323237370674905,0.21701905034744828
143,1563279776,68,397,329,465,29,4.349621511185814,-0.6351495477459406
143,1563282000,582,625,43,1207,29,0.07598564002437024,0.8561454989174899
143,1563296400,916,465,0,1381,29,-0.5665540189264762,1.2058561971916637
143,1563310800,1125,526,0,1651,29,-0.5665540189264762,1.7485107289964161
143,1563325200,425,274,0,699,29,-0.5665540189264762,-0.16484895351515524
143,1563339600,68,23,0,91,29,-0.5665540189264762,-1.3868265658754866
143,1563350818,159,330,171,489,29,1.9886618341106106,-0.586913589363296
143,1563350904,24,128,104,152,29,0.9874953887685941,-1.264226838319598
143,1563354000,381,402,21,783,29,-0.2527555808342023,0.0039769008241010515
143,1563368400,575,560,0,1135,29,-0.5665540189264762,0.711437623769556
143,1563382800,1009,502,0,1511,29,-0.5665540189264762,1.4671343050976555
143,1563397200,1255,579,0,1834,29,-0.5665540189264762,2.1163099116640813
143,1563411600,410,206,0,616,29,-0.5665540189264762,-0.3316649762551347
143,1563426000,64,36,0,100,29,-0.5665540189264762,-1.3687380814819947
143,1563435503,95,261,166,356,29,1.9139479202791168,-0.8542211920671184
143,1563440400,384,388,4,772,29,-0.5067828878612811,-0.018131246767944417
143,1563454800,625,662,37,1287,29,-0.013671056573422281,1.0169320268596387
143,1563469200,915,466,0,1381,29,-0.5665540189264762,1.2058561971916637
143,1563483600,1082,505,0,1587,29,-0.5665540189264762,1.619881506642697
143,1563498000,453,246,0,699,29,-0.5665540189264762,-0.16484895351515524
143,1563512400,75,27,0,102,29,-0.5665540189264762,-1.364718418283441
143,1563526800,346,514,168,860,29,1.9438334858117143,0.1587339339684193
143,1563541200,577,572,0,1149,29,-0.5665540189264762,0.739575266159432
143,1563546629,201,189,0,390,29,-0.5665540189264762,-0.7858869176917052
143,1563555600,980,382,0,1362,29,-0.5665540189264762,1.1676693968054033
143,1563570000,590,437,0,1027,29,-0.5665540189264762,0.49437581104765504
143,1563584400,318,324,6,642,29,-0.4768973223286836,-0.2794093546739363
143,1563598800,88,32,0,120,29,-0.5665540189264762,-1.3285414494964576
143,1563613200,111,235,124,346,29,1.2863510440945691,-0.874319508059887
143,1563627600,267,370,103,637,29,0.9725526060022954,-0.2894585126703206
143,1563642000,371,427,56,798,29,0.270241815986254,0.03412437481325396
143,1563656400,318,398,80,716,29,0.628868602377424,-0.1306818163274486
143,1563670800,285,193,0,478,29,-0.5665540189264762,-0.6090217369553415
143,1563685200,86,35,0,121,29,-0.5665540189264762,-1.3265316178971807
143,1563699600,79,158,79,237,29,0.6139258196111254,-1.0933911523810649
143,1563714000,258,358,100,616,29,0.9277242577033992,-0.3316649762551347
143,1563728400,410,380,0,790,29,-0.5665540189264762,0.018045722019039076
143,1563742800,312,285,0,597,29,-0.5665540189264762,-0.369851776641395
143,1563757200,266,121,0,387,29,-0.5665540189264762,-0.7919164124895357
143,1563771600,40,24,0,64,29,-0.5665540189264762,-1.4410920190559617
143,1563786000,449,533,84,982,29,0.6886397334426191,0.4039333890801963
143,1563800400,648,554,0,1202,29,-0.5665540189264762,0.8460963409211056
143,1563814800,1105,450,0,1555,29,-0.5665540189264762,1.5555668954658375
143,1563829200,1259,440,0,1699,29,-0.5665540189264762,1.8449826457617053
143,1563843600,437,112,0,549,30,-0.5807429306448878,-0.5690926261541843
143,1563858000,49,24,0,73,30,-0.5807429306448878,-1.5164903930019193
143,1563872400,484,520,36,1004,30,0.1895055878946476,0.3365081803914449
143,1563886800,689,626,0,1315,30,-0.5807429306448878,0.9555012591512047
143,1563901200,1048,416,0,1464,30,-0.5807429306448878,1.2520606441518611
143,1563915600,1402,525,0,1927,30,-0.5807429306448878,2.1735841022411497
143,1563930000,609,197,0,806,30,-0.5807429306448878,-0.05757744531412559
143,1563944400,83,26,0,109,30,-0.5807429306448878,-1.444838461055452
143,1563958800,509,592,83,1101,30,1.1951078204323746,0.5295703303583154
143,1563973200,534,549,15,1083,30,-0.2598060479200814,0.4937443643850816
143,1563987600,923,435,0,1358,30,-0.5807429306448878,1.041085511198374
143,1564002000,1157,465,0,1622,30,-0.5807429306448878,1.5665330121391345
143,1564016400,447,186,0,633,30,-0.5807429306448878,-0.40190478494576043
143,1564030800,81,26,0,107,30,-0.5807429306448878,-1.4488191239413668
143,1564045200,359,519,160,878,30,2.842583818419714,0.08572641857880914
143,1564059600,588,565,0,1153,30,-0.5807429306448878,0.6330675653921015
143,1564074000,908,451,0,1359,30,-0.5807429306448878,1.0430758426413314
143,1564088400,1055,498,0,1553,30,-0.5807429306448878,1.4292001425750722
143,1564102800,482,159,0,641,30,-0.5807429306448878,-0.385982133402101
143,1564117200,60,29,0,89,30,-0.5807429306448878,-1.4846450899146006
143,1564131600,347,525,178,872,30,3.2277080776894818,0.07378442992106457
143,1564146000,576,561,0,1137,30,-0.5807429306448878,0.6012222623047827
143,1564160400,1069,454,0,1523,30,-0.5807429306448878,1.3694901992863493
143,1564174800,905,533,0,1438,30,-0.5807429306448878,1.200312026634968
143,1564189200,389,243,0,632,30,-0.5807429306448878,-0.40389511638871783
143,1564203600,100,42,0,142,30,-0.5807429306448878,-1.379157523437857
143,1564218000,105,190,85,295,30,1.2378994047956822,-1.0746368126653707
143,1564232400,301,341,40,642,30,0.2750887566212627,-0.38399180195914356
143,1564246800,426,385,0,811,30,-0.5807429306448878,-0.047625788099338456
143,1564261200,352,423,71,775,30,0.9383583142525294,-0.11927772004580582
143,1564275600,309,198,0,507,30,-0.5807429306448878,-0.6526865467583962
143,1564290000,75,34,0,109,30,-0.5807429306448878,-1.444838461055452
143,1564304400,83,137,54,220,30,0.5746298471644153,-1.2239116708871776
143,1564318800,241,344,103,585,30,1.6230236640654498,-0.4974406942077169
143,1564333200,339,421,82,760,30,1.1737120282507207,-0.1491326916901672
143,1564347600,302,348,46,650,30,0.4034635097111852,-0.36806915041548416
143,1564362000,214,117,0,331,30,-0.5807429306448878,-1.0029848807189032
143,1564376400,34,32,0,66,30,-0.5807429306448878,-1.5304227131026213
143,1564390800,377,511,134,888,30,2.2862932216967162,0.10562973300838341
143,1564405200,499,552,53,1051,30,0.5532340549827616,0.43005375821044395
143,1564419600,836,429,0,1265,30,-0.5807429306448878,0.8559846870033333
143,1564434000,1060,484,0,1544,30,-0.5807429306448878,1.4112871595884553
143,1564448400,376,118,0,494,31,-0.5054781761251913,-0.8952693979751528
143,1564462800,48,41,0,89,31,-0.5054781761251913,-1.7007881009575174
143,1564477200,394,523,129,917,31,1.7758052543173632,-0.05394986374912751
143,1564491600,595,581,0,1176,31,-0.5054781761251913,0.4611843191457674
143,1564506000,957,419,0,1376,31,-0.5054781761251913,0.8589713329642191
143,1564520400,1087,447,0,1534,31,-0.5054781761251913,1.1732230738807958
143,1564534800,420,202,0,622,31,-0.5054781761251913,-0.6406857091313437
143,1564549200,65,42,0,107,31,-0.5054781761251913,-1.6649872697138568
143,1564563600,370,530,160,900,31,2.32402065233069,-0.0877617599236959
143,1564578000,578,621,43,1199,31,0.25494963402232684,0.5069298257348893
143,1564592400,979,478,0,1457,31,-0.5054781761251913,1.020075073560692
143,1564606800,1118,591,0,1709,31,-0.5054781761251913,1.521286710971941
143,1564621200,409,149,0,558,31,-0.5054781761251913,-0.7679775535532483
143,1564635600,61,36,0,97,31,-0.5054781761251913,-1.6848766204047794
143,1564650000,369,514,145,883,31,2.0587551371629513,-0.12157365609826429
143,1564664400,549,570,21,1119,31,-0.13410645489035686,0.3478150202075087
143,1564678800,923,447,0,1370,31,-0.5054781761251913,0.8470377225496656
143,1564693200,1125,561,0,1686,31,-0.5054781761251913,1.475541204382819
143,1564707600,445,150,0,595,31,-0.5054781761251913,-0.6943869559968348
143,1564722000,54,42,0,96,31,-0.5054781761251913,-1.6868655554738716
143,1564736400,342,517,175,859,31,2.589286167498429,-0.16930809775647848
143,1564750800,577,590,13,1167,31,-0.27558139631315093,0.4432839035239371
143,1564765200,917,361,0,1278,31,-0.5054781761251913,0.6640556961931777
143,1564779600,859,512,0,1371,31,-0.5054781761251913,0.8490266576187578
143,1565398800,8683,9930,1247,18613,32,4.054842172838032,4.103838522655721
143,1565413200,82,41,0,123,32,-0.3931583848553737,-0.3678875408472275
143,1565427600,109,221,112,330,32,0.006341264271860843,-0.3178254913531707
143,1565442000,322,407,85,729,32,-0.08996668685702605,-0.22132907711100322
143,1565456400,458,383,0,841,32,-0.3931583848553737,-0.19424236434127198
143,1565470800,350,411,61,761,32,-0.17557375452714774,-0.21359001631965144
143,1565485200,292,227,0,519,32,-0.3931583848553737,-0.27211666355424924
143,1565499600,91,33,0,124,32,-0.3931583848553737,-0.36764569519749773
143,1565514000,91,158,67,249,32,-0.1541719876096173,-0.33741498898127986
143,1565528400,253,333,80,586,32,-0.10780149262163473,-0.2559130050223565
143,1565542800,340,433,93,773,32,-0.06143099763365215,-0.2106878685228945
143,1565557200,329,359,30,688,32,-0.28614955026772154,-0.23124474874992268
143,1565571600,221,127,0,348,32,-0.3931583848553737,-0.3134722696580353
143,1565586000,38,28,0,66,32,-0.3931583848553737,-0.38167274288182285
143,1565600400,327,511,184,838,32,0.26316246728222586,-0.1949679012904612
143,1565614800,546,571,25,1117,32,-0.30398435603233026,-0.1274929650158629
143,1565629200,912,464,0,1376,32,-0.3931583848553737,-0.06485494173585944
143,1565643600,1063,451,0,1514,32,-0.3931583848553737,-0.031480242073154904
143,1565658000,398,205,0,603,33,-0.5358312207775319,-0.3678876100492582
143,1565672400,52,39,0,91,33,-0.5358312207775319,-1.4528165378133227
143,1565682491,109,292,183,401,33,3.13297234189312,-0.7959259760811742
143,1565686800,376,388,12,764,33,-0.2952539379794563,-0.026728318310948875
143,1565701200,588,609,21,1197,33,-0.11482097588089966,0.8907994663020197
143,1565705946,161,130,0,291,33,-0.5358312207775319,-1.029016175405485
143,1565715600,916,356,0,1272,33,-0.5358312207775319,1.049724602204959
143,1565730000,1132,504,0,1636,33,-0.5358312207775319,1.8210412617872234
143,1565744400,417,207,0,624,33,-0.5358312207775319,-0.3233885719964352
143,1565758800,51,27,0,78,33,-0.5358312207775319,-1.480363561369832
143,1565773200,363,518,155,881,33,2.5716253486976104,0.22119489369763617
143,1565787600,585,589,4,1174,33,-0.45563879317817335,0.8420624246251184
143,1565802000,873,430,0,1303,33,-0.5358312207775319,1.1154136583781737
143,1565816400,1030,540,0,1570,33,-0.5358312207775319,1.681187142192637
143,1565830800,444,171,0,615,33,-0.5358312207775319,-0.34245958830478795
143,1565845200,45,42,0,87,33,-0.5358312207775319,-1.4612925450614793
143,1565859600,365,473,108,838,33,1.6293643244051481,0.13007781577995106
143,1565874000,573,571,0,1144,33,-0.5358312207775319,0.7784923702639427
143,1565888400,912,414,0,1326,33,-0.5358312207775319,1.164150700055075
143,1565902800,1162,550,0,1712,33,-0.5358312207775319,1.9820853995022016
143,1565917200,441,249,0,690,33,-0.5358312207775319,-0.18353445240184882
143,1565931600,62,41,0,103,33,-0.5358312207775319,-1.4273885160688524
143,1565946000,305,437,132,742,33,2.110518890001299,-0.07334635817581102
143,1565960400,534,520,0,1054,33,-0.5358312207775319,0.5877822071804157
143,1565974800,955,511,0,1466,33,-0.5358312207775319,1.4608109537405614
143,1565989200,822,422,0,1244,33,-0.5358312207775319,0.9903925514678615
143,1566003600,420,213,0,633,33,-0.5358312207775319,-0.30431755568808255
143,1566018000,86,38,0,124,33,-0.5358312207775319,-1.3828894780160295
143,1566032400,112,186,74,298,33,0.9477286898106005,-1.0141831627212108
143,1566046800,305,388,83,693,33,1.1281616519091573,-0.17717744696573126
143,1566061200,444,364,0,808,33,-0.5358312207775319,0.06650776141877542
143,1566075600,376,416,40,792,33,0.26609305521605325,0.0326037324261484
143,1566090000,272,181,0,453,33,-0.5358312207775319,-0.6857378818551365
143,1566104400,85,39,0,124,33,-0.5358312207775319,-1.3828894780160295
143,1566118800,81,168,87,249,33,1.2083540795085157,-1.1180142515111309
143,1566133200,261,363,102,624,33,1.5090756830061103,-0.3233885719964352
143,1566147600,367,370,3,737,33,-0.47568690007801295,-0.08394136723600697
143,1566162000,313,340,27,653,33,0.005467665518138093,-0.2619375194472988
143,1566176400,186,144,0,330,33,-0.5358312207775319,-0.9463751047359567
143,1566190800,48,35,0,83,33,-0.5358312207775319,-1.4697685523096362
143,1566205200,338,483,145,821,33,2.371144279699214,0.09405478497528487
143,1566219600,514,491,0,1005,33,-0.5358312207775319,0.48395111839049554
143,1566234000,872,422,0,1294,33,-0.5358312207775319,1.096342642069821
143,1566248400,1070,474,0,1544,33,-0.5358312207775319,1.6260930950796182
143,1566262800,321,185,0,506,34,-0.5160512806845949,-0.2938150684615702
143,1566271690,14,11,0,25,34,-0.5160512806845949,-1.2100822360576233
143,1566271771,0,0,0,0,34,-0.5160512806845949,-1.257705269716462
143,1566271851,0,0,0,0,34,-0.5160512806845949,-1.257705269716462
143,1566277200,49,19,0,68,34,-0.5160512806845949,-1.128170618164421
143,1566278560,3,11,8,14,34,-0.35351544424850206,-1.2310363708675123
143,1566278643,0,0,0,0,34,-0.5160512806845949,-1.257705269716462
143,1566278724,1,1,0,2,34,-0.5160512806845949,-1.2538954270237548
143,1566278804,1,0,0,1,34,-0.5160512806845949,-1.2558003483701083
143,1566278902,0,0,0,0,34,-0.5160512806845949,-1.257705269716462
143,1566291600,392,514,122,906,34,1.9626202249658218,0.4681534700798462
143,1566306000,540,615,75,1155,34,1.0077221859037762,0.942478885321878
143,1566320400,912,386,0,1298,34,-0.5160512806845949,1.2148826378504343
143,1566334800,1076,468,0,1544,34,-0.5160512806845949,1.6834932890534053
143,1566349200,390,209,0,599,34,-0.5160512806845949,-0.11665738325069087
143,1566363600,44,48,4,92,34,-0.43478336246654853,-1.082452505851936
143,1566378000,374,521,147,895,34,2.470544713828612,0.44719933526995725
143,1566392400,554,576,22,1130,34,-0.06907773048533947,0.8948558516630394
143,1566406800,940,368,0,1308,34,-0.5160512806845949,1.2339318513139697
143,1566421200,1088,551,0,1639,34,-0.5160512806845949,1.8644608169569918
143,1566435600,368,215,0,583,34,-0.5160512806845949,-0.14713612479234753
143,1566450000,60,53,0,113,34,-0.5160512806845949,-1.0424491575785118
143,1566464400,340,510,170,850,34,2.9378352435823794,0.3614778746840479
143,1566478800,519,536,17,1055,34,-0.17066262825789752,0.7519867506865239
143,1566493200,853,421,0,1274,34,-0.5160512806845949,1.1691645255379493
143,1566507600,987,525,0,1512,34,-0.5160512806845949,1.622535805970092
143,1566522000,407,229,0,636,34,-0.5160512806845949,-0.04617529343560985
143,1566536400,51,45,0,96,34,-0.5160512806845949,-1.074832820466522
143,1566550800,292,468,176,760,34,3.059737120909449,0.19003495351222924
143,1566565200,525,447,0,972,34,-0.5160512806845949,0.5938782789391799
143,1566579600,1000,932,0,1932,34,-0.5160512806845949,2.422602771438579
143,1566594000,800,496,0,1296,34,-0.5160512806845949,1.2110727951577271
143,1566608400,392,200,0,592,34,-0.5160512806845949,-0.12999183267516565
143,1566622800,62,37,0,99,34,-0.5160512806845949,-1.0691180564274614
143,1566637200,115,214,99,329,34,1.4953296952120547,-0.630986146766147
143,1566651600,256,376,120,632,34,1.9219862658567985,-0.05379497882102401
143,1566666000,458,355,0,813,34,-0.5160512806845949,0.29099578486896693
143,1566680400,354,381,27,735,34,0.032507167287218613,0.14241191985339072
143,1566694800,288,236,0,524,34,-0.5160512806845949,-0.2595264842272064
143,1566709200,89,44,0,133,34,-0.5160512806845949,-1.004350730651441
143,1566723600,85,149,64,234,34,0.7842354108041484,-0.8119536746697333
143,1566738000,226,330,104,556,34,1.5969145929846127,-0.19856900114389314
143,1566752400,325,334,9,659,34,-0.33319846469399045,-0.002362102469478408
143,1566766800,324,296,0,620,34,-0.5160512806845949,-0.07665403497726651
143,1566781200,223,117,0,340,34,-0.5160512806845949,-0.610032011956258
143,1566795600,39,38,0,77,34,-0.5160512806845949,-1.1110263260472393
143,1566810000,319,422,103,741,34,1.5765976134301012,0.15384144793151194
143,1566824400,503,506,3,1009,34,-0.45510034202106014,0.664360368754261
143,1566838800,819,375,0,1194,34,-0.5160512806845949,1.016770817829666
143,1566853200,1027,437,0,1464,34,-0.5160512806845949,1.531099581345122
143,1566867600,321,187,0,508,35,-0.531719083796079,-0.4771166814261611
143,1566882000,52,34,0,86,35,-0.531719083796079,-1.4186014355563412
143,1566896400,348,539,191,887,35,2.798062719648219,0.36843479206990115
143,1566910800,544,537,0,1081,35,-0.531719083796079,0.801250058186619
143,1566925200,950,475,0,1425,35,-0.531719083796079,1.568716303259562
143,1566939600,1137,478,0,1615,35,-0.531719083796079,1.9926075432707806
143,1566954000,362,244,0,606,35,-0.531719083796079,-0.2584780418414273
143,1566968400,51,59,8,110,35,-0.39225178312825504,-1.365057278923345
143,1566982800,369,510,141,879,35,1.926392090474319,0.3505867398589025
143,1566997200,601,524,0,1125,35,-0.531719083796079,0.8994143453471117
143,1567011600,972,425,0,1397,35,-0.531719083796079,1.5062481205210667
143,1567026000,1138,491,0,1629,35,-0.531719083796079,2.023841634640028
143,1567040400,373,230,0,603,35,-0.531719083796079,-0.2651710614205518
143,1567054800,54,59,5,113,35,-0.444552020878689,-1.3583642593442207
143,1567069200,349,499,150,848,35,2.083292803725621,0.2814255375412826
143,1567083600,618,573,0,1191,35,-0.531719083796079,1.0466607760878508
143,1567098000,910,427,0,1337,35,-0.531719083796079,1.3723877289385766
143,1567112400,1068,447,0,1515,35,-0.531719083796079,1.7695068906332971
143,1567126800,396,212,0,608,35,-0.531719083796079,-0.25401602878867763
143,1567141200,45,35,0,80,35,-0.531719083796079,-1.4319874747145902
143,1567155600,278,496,218,774,35,3.268764859402125,0.11633105458954486
143,1567170000,516,468,0,984,35,-0.531719083796079,0.58484242512826
143,1567184400,893,409,0,1302,35,-0.531719083796079,1.2943025005154574
143,1567198800,652,474,0,1126,35,-0.531719083796079,0.9016453518734865
143,1567213200,376,327,0,703,35,-0.531719083796079,-0.04207040878306838
143,1567227600,61,35,0,96,35,-0.531719083796079,-1.3962913702925928
143,1567242000,117,213,96,330,35,1.141888524217809,-0.8742358431208815
143,1567256400,287,339,52,626,35,0.374818370544777,-0.21385791131393062
143,1567270800,416,344,0,760,35,-0.531719083796079,0.08509696322029718
143,1567285200,318,444,126,762,35,1.6648909017221492,0.08955897627304685
143,1567299600,253,250,0,503,35,-0.531719083796079,-0.4882717140580352
143,1567314000,67,37,0,104,35,-0.531719083796079,-1.378443318081594
143,1567328400,87,164,77,251,35,0.810653685131727,-1.0504853587044936
143,1567342800,256,272,16,528,35,-0.252784482460431,-0.4324965508986644
143,1567357200,353,350,0,703,35,-0.531719083796079,-0.04207040878306838
143,1567371600,276,299,23,575,35,-0.130750594376085,-0.32763924415904716
143,1567386000,214,184,0,398,35,-0.531719083796079,-0.7225273993273928
143,1567400400,51,30,0,81,35,-0.531719083796079,-1.4297564681882153
143,1567414800,84,155,71,239,35,0.706053209630859,-1.0772574370209915
143,1567429200,239,345,106,584,35,1.316222650052589,-0.3075601854216737
143,1567443600,337,338,1,675,35,-0.514285671212601,-0.10453859152156374
143,1567458000,291,280,0,571,35,-0.531719083796079,-0.3365632702645465
143,1567472400,196,160,0,356,36,-0.6071276541516798,-0.9302750999411723
143,1567486800,36,39,3,75,36,-0.5587111450231281,-1.530718454029535
143,1567501200,385,519,134,904,36,1.555476420256962,0.2406962809855994
143,1567515600,498,633,135,1131,36,1.5716152566331458,0.7257519442527111
143,1567530000,810,406,0,1216,36,-0.6071276541516798,0.9073807168417176
143,1567544400,1062,501,0,1563,36,-0.6071276541516798,1.648853470822721
143,1567558800,353,234,0,587,36,-0.6071276541516798,-0.436672200316931
143,1567573200,51,46,0,97,36,-0.6071276541516798,-1.4837086540653217
143,1567587600,367,542,175,909,36,2.2171687116805017,0.2513803264320115
143,1567602000,522,599,77,1121,36,0.63556274681448,0.7043838533598867
143,1567616400,941,457,0,1398,36,-0.6071276541516798,1.29627997109112
143,1567630800,1101,504,0,1605,36,-0.6071276541516798,1.738599452572583
143,1567645200,393,240,0,633,36,-0.6071276541516798,-0.33837898220993917
143,1567659600,50,56,6,106,36,-0.5102946358945765,-1.4644773722617799
143,1567674000,377,537,160,914,36,1.9750861660377432,0.2620643718784237
143,1567688400,549,521,0,1070,36,-0.6071276541516798,0.5954065898064828
143,1567702800,933,479,0,1412,36,-0.6071276541516798,1.3261952983410739
143,1567717200,1155,561,0,1716,36,-0.6071276541516798,1.9757852614829325
143,1567731600,438,201,0,639,36,-0.6071276541516798,-0.3255581276742446
143,1567746000,58,41,0,99,36,-0.6071276541516798,-1.479435035886757
143,1567760400,354,501,147,855,36,1.7652812931473525,0.1359926356107603
143,1567774800,575,525,0,1100,36,-0.6071276541516798,0.6595108624849557
143,1567789200,939,424,0,1363,36,-0.6071276541516798,1.2214916529662347
143,1567803600,987,500,0,1487,36,-0.6071276541516798,1.486455980037256
143,1567818000,431,213,0,644,36,-0.6071276541516798,-0.3148740822278325
143,1567832400,81,39,0,120,36,-0.6071276541516798,-1.434562045011826
143,1567846800,109,216,107,325,36,1.1197278380999969,-0.9965161817089276
143,1567861200,288,387,99,675,36,0.9906171470905256,-0.2486330004600771
143,1567875600,483,431,0,914,36,-0.6071276541516798,0.2620643718784237
143,1567890000,399,438,39,837,36,0.02228696451949202,0.09753007200367657
143,1567904400,282,215,0,497,36,-0.6071276541516798,-0.6289850183523497
143,1567918800,79,44,0,123,36,-0.6071276541516798,-1.4281516177439786
143,1567933200,113,146,33,259,36,-0.07454605373761133,-1.137545581601568
143,1567947600,244,358,114,602,36,1.232699692733284,-0.4046200639776945
143,1567962000,358,301,0,659,36,-0.6071276541516798,-0.282821945888596
143,1567976400,334,279,0,613,36,-0.6071276541516798,-0.3811151639955878
143,1567990800,216,110,0,326,36,-0.6071276541516798,-0.9943793726196453
143,1568005200,43,35,0,78,36,-0.6071276541516798,-1.524308026761688
143,1568019600,354,563,209,917,36,2.765889148470754,0.268474799146271
143,1568034000,415,557,142,972,36,1.684587111266433,0.38599929905680463
143,1568048400,655,445,0,1100,36,-0.6071276541516798,0.6595108624849557
143,1568062800,801,419,0,1220,36,-0.6071276541516798,0.9159279531988473
143,1568077200,222,176,0,398,37,-0.6066560742707212,-0.9254653390466567
143,1568091600,27,29,2,56,37,-0.5885982747530952,-1.7244906519075198
143,1568106000,360,514,154,874,37,0.783794488586481,0.18662837125091872
143,1568120400,390,515,125,905,37,0.521956395580904,0.25905464229971037
143,1568134800,668,373,0,1041,37,-0.6066560742707212,0.576795702384732
143,1568149200,838,448,0,1286,37,-0.6066560742707212,1.1491968768026017
143,1568163600,268,135,0,403,37,-0.6066560742707212,-0.9137836824258838
143,1568178000,41,23,0,64,37,-0.6066560742707212,-1.705800001314283
143,1568192400,341,610,269,951,37,1.822117960849976,0.36652588321082064
143,1568206800,431,693,262,1124,37,1.7589156625382851,0.7707112022895612
143,1568221200,733,364,0,1097,37,-0.6066560742707212,0.7076302565373879
143,1568235600,839,628,0,1467,37,-0.6066560742707212,1.5720728464745788
143,1568250000,237,160,0,397,37,-0.6066560742707212,-0.9278016703708113
143,1568264400,41,18,0,59,37,-0.6066560742707212,-1.717481657935056
143,1568278800,332,749,417,1081,37,3.1583951251543003,0.6702489553509148
143,1568293200,459,829,370,1288,37,2.7340368364900893,1.1538695394509109
143,1568307600,716,553,0,1269,37,-0.6066560742707212,1.1094792442919739
143,1568322000,929,571,0,1500,37,-0.6066560742707212,1.6491717801716796
143,1568336400,261,168,0,429,37,-0.6066560742707212,-0.853039067997865
143,1568350800,232,143,0,375,37,-0.6066560742707212,-0.9792009595022119
143,1568365200,333,604,271,937,37,1.840175760367602,0.3338172446726566
143,1568379600,480,605,125,1085,37,0.521956395580904,0.679594280647533
143,1568394000,706,499,0,1205,37,-0.6066560742707212,0.9599540395460815
143,1568408400,768,648,0,1416,37,-0.6066560742707212,1.4529199489426958
143,1568422800,422,312,0,734,37,-0.6066560742707212,-0.14045801413072112
143,1568437200,112,41,0,153,37,-0.6066560742707212,-1.4978665134645264
143,1568451600,136,269,133,405,37,0.594187593651408,-0.9091110197775747
143,1568466000,376,465,89,841,37,0.19691600426363595,0.10952943755381789
143,1568480400,587,459,0,1046,37,-0.6066560742707212,0.5884773590055048
143,1568494800,549,489,0,1038,37,-0.6066560742707212,0.5697867084122682
143,1568509200,337,277,0,614,37,-0.6066560742707212,-0.42081777302926954
143,1568523600,93,46,0,139,37,-0.6066560742707212,-1.5305751520026905
143,1568538000,104,182,78,286,37,0.09759810691669292,-1.1871344473519685
143,1568552400,319,415,96,734,37,0.260118302575327,-0.14045801413072112
143,1568566800,528,458,0,986,37,-0.6066560742707212,0.44829747955623056
143,1568581200,412,338,0,750,37,-0.6066560742707212,-0.103076712944248
143,1568595600,241,167,0,408,37,-0.6066560742707212,-0.902102025805111
143,1568610000,23,49,26,72,37,-0.37190468054158315,-1.6871093507210466
143,1568624400,365,590,225,955,37,1.424846371462204,0.3758712085074389
143,1568638800,457,637,180,1094,37,1.018545882315619,0.7006212625649242
143,1568653200,679,399,0,1078,37,-0.6066560742707212,0.663239961378451
143,1568667600,810,503,0,1313,37,-0.6066560742707212,1.212277822554775
143,1568682000,250,167,0,417,38,-0.7488474727347215,-0.6962451277536937
143,1568696400,31,32,1,63,38,-0.7373388144041844,-1.483063244991707
143,1568705690,105,243,138,348,38,0.8393473768793998,-0.8496079811136454
143,1568705787,3,11,8,14,38,-0.6567782060904246,-1.5919730973777595
143,1568710800,348,394,46,742,38,-0.21944918953001438,0.026116138072165687
143,1568725200,445,653,208,1098,38,1.6449534600169975,0.8173795554075687
143,1568739600,669,479,0,1148,38,-0.7488474727347215,0.9285120578423163
143,1568754000,854,548,0,1402,38,-0.7488474727347215,1.4930651702108342
143,1568768400,265,198,0,463,38,-0.7488474727347215,-0.594003225513726
143,1568782800,38,42,4,80,38,-0.702812839412573,-1.4452781941638926
143,1568797200,331,600,269,931,38,2.346981618179761,0.44619699727551165
143,1568811600,464,683,219,1147,38,1.7715487016529057,0.9262894077936213
143,1568826000,738,469,0,1207,38,-0.7488474727347215,1.0596484107153186
143,1568840400,854,577,0,1431,38,-0.7488474727347215,1.5575220216229877
143,1568854800,255,214,0,469,38,-0.7488474727347215,-0.5806673252215563
143,1568869200,39,46,7,85,38,-0.6682868644209617,-1.4341649439204178
143,1568883600,351,606,255,957,38,2.1858604015522416,0.5039858985415804
143,1568898000,489,659,170,1148,38,1.2076244434565873,0.9285120578423163
143,1568912400,716,510,0,1226,38,-0.7488474727347215,1.1018787616405226
143,1568926800,904,585,0,1489,38,-0.7488474727347215,1.686435724447295
143,1568941200,297,226,0,523,38,-0.7488474727347215,-0.46064422259202886
143,1568955600,38,39,1,77,38,-0.7373388144041844,-1.4519461443099775
143,1568970000,311,570,259,881,38,2.2318950348743902,0.33506449484076406
143,1568984400,473,601,128,1074,38,0.7242607935740287,0.7640359542388898
143,1568998800,716,461,0,1177,38,-0.7488474727347215,0.9929689092544699
143,1569013200,760,558,0,1318,38,-0.7488474727347215,1.306362566120458
143,1569027600,278,271,0,549,38,-0.7488474727347215,-0.4028553213259601
143,1569042000,59,40,0,99,38,-0.7488474727347215,-1.4030478432386886
143,1569056400,92,221,129,313,38,0.7357694519045658,-0.9274007328179689
143,1569070800,311,411,100,722,38,0.4020183603189896,-0.018336862901733357
143,1569085200,398,482,84,880,38,0.21787982703039582,0.3328418447920691
143,1569099600,351,401,50,752,38,-0.17341455620786594,0.04834263855911521
143,1569114000,238,247,9,485,38,-0.6452695477598874,-0.5451049244424371
143,1569128400,55,51,0,106,38,-0.7488474727347215,-1.387489292897824
143,1569142800,82,169,87,251,38,0.25240580202200713,-1.065205035837056
143,1569157200,237,413,176,650,38,1.27667639343981,-0.1783676664077699
143,1569171600,347,437,90,784,38,0.2869317770136185,0.11946744011735368
143,1569186000,257,347,90,604,38,0.2869317770136185,-0.28060956864773773
143,1569200400,158,133,0,291,38,-0.7488474727347215,-0.9762990338892578
143,1569214800,30,33,3,63,38,-0.7143214977431102,-1.483063244991707
143,1569229200,363,600,237,963,38,1.9787045516025736,0.5173217988337502
143,1569243600,522,617,95,1139,38,0.344475068666304,0.9085082074040617
143,1569258000,758,410,0,1168,38,-0.7488474727347215,0.9729650588162153
143,1569272400,828,569,0,1397,38,-0.7488474727347215,1.4819519199673594
143,1569286800,256,172,0,428,39,-0.8299139628692773,-0.8159190817665233
143,1569301200,35,36,1,71,39,-0.8204805700572314,-1.6206744239588171
143,1569315600,378,670,292,1048,39,1.9246367382481289,0.5816952380072082
143,1569330000,481,655,174,1136,39,0.8114963864267113,0.7800663027492862
143,1569344400,768,563,0,1331,39,-0.8299139628692773,1.2196385484845726
143,1569358800,895,541,0,1436,39,-0.8299139628692773,1.4563312961881885
143,1569373200,317,206,0,523,39,-0.8299139628692773,-0.6017685005108709
143,1569387600,36,37,1,73,39,-0.8204805700572314,-1.6161659906692245
143,1569402000,384,613,229,997,39,1.3303329910892365,0.4667301891225948
143,1569416400,489,694,205,1183,39,1.1039315636001346,0.8860144850547143
143,1569430800,760,527,0,1287,39,-0.8299139628692773,1.1204530161135338
143,1569445200,877,636,0,1513,39,-0.8299139628692773,1.629905977837507
143,1569459600,294,213,0,507,39,-0.8299139628692773,-0.6378359668276123
143,1569474000,35,43,8,78,39,-0.75444682037291,-1.6048949074452428
143,1569488400,387,615,228,1002,39,1.3208995982771905,0.4780012723465765
143,1569502800,580,737,157,1317,39,0.6511287086219308,1.188079515457424
143,1569517200,764,523,0,1287,39,-0.8299139628692773,1.1204530161135338
143,1569531600,872,546,0,1418,39,-0.8299139628692773,1.4157553965818543
143,1569546000,298,232,0,530,39,-0.8299139628692773,-0.5859889839972965
143,1569560400,41,38,0,79,39,-0.8299139628692773,-1.6026406908004465
143,1569574800,351,590,239,941,39,1.4246669192096957,0.3404940570139997
143,1569589200,452,567,115,1019,39,0.25492621051600256,0.5163229553081143
143,1569603600,755,456,0,1211,39,-0.8299139628692773,0.9491325511090118
143,1569618000,714,509,0,1223,39,-0.8299139628692773,0.9761831508465679
143,1569632400,320,244,0,564,39,-0.8299139628692773,-0.509345618074221
143,1569646800,55,44,0,99,39,-0.8299139628692773,-1.5575563579045195
143,1569661200,94,289,195,383,39,1.0095976354796754,-0.9173588307823587
143,1569675600,287,570,283,857,39,1.8397362029397157,0.15113985885110703
143,1569690000,427,644,217,1071,39,1.2171322773446855,0.6335422208375241
143,1569704400,358,615,257,973,39,1.594467989826522,0.4126289896474826
143,1569718800,289,278,0,567,39,-0.8299139628692773,-0.5025829681398319
143,1569733200,59,41,0,100,39,-0.8299139628692773,-1.5553021412597232
143,1569747600,78,196,118,274,39,0.2832263889521403,-1.1630684450651598
143,1569762000,251,439,188,690,39,0.9435638857953541,-0.22531432082988193
143,1569776400,318,512,194,830,39,1.0001642426676296,0.09027600944160583
143,1569790800,278,420,142,698,39,0.5096278164412422,-0.2072805876715112
143,1569805200,179,184,5,363,39,-0.7827469988090477,-0.9624431636782855
143,1569819600,29,25,0,54,39,-0.8299139628692773,-1.658996106920355
143,1569834000,267,520,253,787,39,1.5567344185783383,-0.006655306284636842
143,1569848400,408,602,194,1010,39,1.0001642426676296,0.4960350055049472
143,1569862800,610,456,0,1066,39,-0.8299139628692773,0.6222711376135424
143,1569877200,700,454,0,1154,39,-0.8299139628692773,0.8206422023556204
143,1569891600,257,178,0,435,40,-0.7923317848578875,-0.740374990322556
143,1569906000,36,35,0,71,40,-0.7923317848578875,-1.5809254768851015
143,1569920400,309,543,234,852,40,1.6891968262266628,0.22256334181090956
143,1569934800,439,629,190,1068,40,1.222584608757773,0.7213515426282443
143,1569949200,630,472,0,1102,40,-0.7923317848578875,0.7998645001643062
143,1569963600,777,537,0,1314,40,-0.7923317848578875,1.2894158824479867
143,1569978000,246,150,0,396,40,-0.7923317848578875,-0.830433971025686
143,1569992400,29,34,5,63,40,-0.7393076692364228,-1.5993991139524102
143,1570006800,345,567,222,912,40,1.5619389487351474,0.36111561981572476
143,1570021200,446,664,218,1110,40,1.5195196562379756,0.8183381372316149
143,1570035600,765,441,0,1206,40,-0.7923317848578875,1.0400217820393192
143,1570050000,855,564,0,1419,40,-0.7923317848578875,1.5318823689564132
143,1570064400,265,190,0,455,40,-0.7923317848578875,-0.6941908976542843
143,1570078800,39,45,6,84,40,-0.7287028461121298,-1.550905816650725
143,1570093200,419,605,186,1024,40,1.1801653162606012,0.6197465387580464
143,1570107600,483,713,230,1196,40,1.646777533729491,1.0169297357051834
143,1570122000,791,466,0,1257,40,-0.7923317848578875,1.157791218343412
143,1570136400,876,515,0,1391,40,-0.7923317848578875,1.4672246392208328
143,1570150800,295,229,0,524,40,-0.7923317848578875,-0.5348557779487468
143,1570165200,40,48,8,88,40,-0.7074931998635439,-1.5416689981170706
143,1570179600,341,562,221,903,40,1.5513341256108544,0.34033277811500245
143,1570194000,473,524,51,997,40,-0.25148580551894706,0.5573980136558796
143,1570208400,726,506,0,1232,40,-0.7923317848578875,1.1000611025080724
143,1570222800,783,544,0,1327,40,-0.7923317848578875,1.3194355426823632
143,1570237200,298,282,0,580,40,-0.7923317848578875,-0.405540318477586
143,1570251600,54,54,0,108,40,-0.7923317848578875,-1.4954849054487989
143,1570266000,87,297,210,384,40,1.434681071243632,-0.858144426626649
143,1570280400,318,447,129,765,40,0.5756903981759031,0.02166253870392752
143,1570294800,409,501,92,910,40,0.18331194257706393,0.35649721054889755
143,1570309200,340,501,161,841,40,0.9150447381532775,0.1971620908433601
143,1570323600,252,245,0,497,40,-0.7923317848578875,-0.5972043030509137
143,1570338000,60,32,0,92,40,-0.7923317848578875,-1.5324321795834162
143,1570352400,71,185,114,256,40,0.4166180513115088,-1.1537226197035881
143,1570366800,227,410,183,637,40,1.1483508468877224,-0.2739156543730116
143,1570381200,312,512,200,824,40,1.3286328400007026,0.15790561207532913
143,1570395600,278,300,22,578,40,-0.5590256761234426,-0.4101587277444132
143,1570410000,141,126,0,267,40,-0.7923317848578875,-1.1283213687360385
143,1570424400,24,39,15,63,40,-0.6332594379934933,-1.5993991139524102
143,1570438800,357,606,249,963,40,1.848269173091057,0.4788850561198177
143,1570453200,442,634,192,1076,40,1.243794255006359,0.739825179695553
143,1570467600,659,477,0,1136,40,-0.7923317848578875,0.8783774577003681
143,1570482000,841,492,0,1333,40,-0.7923317848578875,1.3332907704828447
143,1570496400,269,171,0,440,41,-0.7873466444621444,-0.7087209615601167
143,1570510800,33,45,12,78,41,-0.6647569908294844,-1.57623513107626
143,1570525200,365,573,208,938,41,1.337540685170631,0.48471013352010256
143,1570539600,481,625,144,1106,41,0.683729199129777,0.8873133945110199
143,1570554000,694,498,0,1192,41,-0.7873466444621444,1.0934079209706562
143,1570568400,793,557,0,1350,41,-0.7873466444621444,1.4720467021406856
143,1570582800,254,161,0,415,41,-0.7873466444621444,-0.7686321611123366
143,1570597200,30,44,14,74,41,-0.6443253818907076,-1.5858209230046152
143,1570611600,280,599,319,879,41,2.471494981272737,0.34331970257686373
143,1570626000,419,703,284,1122,41,2.113941824844145,0.9256565622244406
143,1570640400,663,460,0,1123,41,-0.7873466444621444,0.9280530102065294
143,1570654800,758,536,0,1294,41,-0.7873466444621444,1.337845615143713
143,1570669200,262,227,0,489,41,-0.7873466444621444,-0.5912950104377658
143,1570683600,29,30,1,59,41,-0.7771308399927561,-1.621767642735947
143,1570698000,368,547,179,915,41,1.041282355558369,0.4295918299320603
143,1570712400,470,699,229,1169,41,1.5520725790277863,1.038289617382614
143,1570726800,697,480,0,1177,41,-0.7873466444621444,1.0574612012393243
143,1570741200,881,559,0,1440,41,-0.7873466444621444,1.687727020528677
143,1570755600,355,236,0,591,41,-0.7873466444621444,-0.34685731626470884
143,1570770000,42,42,0,84,41,-0.7873466444621444,-1.5618564431837272
143,1570784400,322,551,229,873,41,1.5520725790277863,0.32894101468433096
143,1570798800,496,654,158,1150,41,0.8267504617012138,0.9927571057229269
143,1570813200,660,450,0,1110,41,-0.7873466444621444,0.896899186439375
143,1570827600,787,572,0,1359,41,-0.7873466444621444,1.4936147339794847
143,1570842000,317,210,0,527,41,-0.7873466444621444,-0.5002299871183916
143,1570856400,55,38,0,93,41,-0.7873466444621444,-1.540288411344928
143,1570870800,92,262,170,354,41,0.949340115333874,-0.9148154880197529
143,1570885200,277,448,171,725,41,0.9595559198032623,-0.02573328666481049
143,1570899600,409,435,26,844,41,-0.5217357282580475,0.259444023203756
143,1570914000,341,472,131,813,41,0.5509237410277286,0.18515413575900336
143,1570928400,237,235,0,472,41,-0.7873466444621444,-0.6320346261332753
143,1570942800,53,54,1,107,41,-0.7771308399927561,-1.506738139595685
143,1570957200,67,154,87,221,41,0.10142834437464143,-1.2335430696375624
143,1570971600,234,447,213,681,41,1.3886197075175728,-0.1311769978767174
143,1570986000,331,452,121,783,41,0.4487656963338451,0.11326069629633954
143,1571000400,283,385,102,668,41,0.25466541141546656,-0.16233082164387172
143,1571014800,182,147,0,329,41,-0.7873466444621444,-0.9747266875719728
143,1571029200,27,43,16,70,41,-0.6238937729519309,-1.5954067149329703
143,1571043600,266,480,214,746,41,1.398835511986961,0.02459212095905418
143,1571058000,340,548,208,888,41,1.337540685170631,0.36488773441566286
143,1571072400,506,430,0,936,41,-0.7873466444621444,0.47991723755592497
143,1571086800,700,517,0,1217,41,-0.7873466444621444,1.1533191205228759
143,1571101200,219,163,0,382,42,-0.8114899887169738,-0.8630332430799854
143,1571115600,27,33,6,60,42,-0.737236002821303,-1.5891989607066714
143,1571130000,382,560,178,942,42,1.39137825952126,0.39986365714033806
143,1571144400,386,582,196,968,42,1.6141402172082726,0.4584981560791388
143,1571158800,765,443,0,1208,42,-0.8114899887169738,0.9997396847449918
143,1571173200,836,606,0,1442,42,-0.8114899887169738,1.5274501751941982
143,1571187600,316,235,0,551,42,-0.8114899887169738,-0.48190899997778064
143,1571202000,28,38,10,66,42,-0.6877333455575224,-1.5756679224900252
143,1571216400,338,553,215,891,42,1.8492778392112301,0.2848498322988443
143,1571230800,493,623,130,1116,42,0.7973463723558937,0.7922637654230814
143,1571245200,810,463,0,1273,42,-0.8114899887169738,1.1463259320919936
143,1571259600,908,657,0,1565,42,-0.8114899887169738,1.804836458635448
143,1571274000,295,213,0,508,42,-0.8114899887169738,-0.5788814405304127
143,1571288400,36,38,2,74,42,-0.7867386600850835,-1.5576265382011634
143,1571302800,354,520,166,874,42,1.2428702877299185,0.24651189068501306
143,1571317200,485,656,171,1141,42,1.304748609309644,0.8486430913257744
143,1571331600,726,519,0,1245,42,-0.8114899887169738,1.0831810870809773
143,1571346000,872,611,0,1483,42,-0.8114899887169738,1.6199122696746149
143,1571360400,351,254,0,605,42,-0.8114899887169738,-0.36012965602796376
143,1571374800,41,69,28,110,42,-0.46497138787051,-1.4764403089012854
143,1571389200,347,594,247,941,42,2.2452990973214746,0.39760848410423033
143,1571403600,512,591,79,1103,42,0.16618749224269183,0.762946515953681
143,1571418000,740,411,0,1151,42,-0.8114899887169738,0.8711948216868517
143,1571432400,834,527,0,1361,42,-0.8114899887169738,1.344781159269473
143,1571446800,326,260,0,586,42,-0.8114899887169738,-0.4029779437140104
143,1571461200,68,41,0,109,42,-0.8114899887169738,-1.4786954819373932
143,1571475600,99,271,172,370,42,1.3171242736255893,-0.890095319513278
143,1571490000,290,440,150,730,42,1.0448596586747962,-0.07823302651449868
143,1571504400,409,503,94,912,42,0.3518224569818688,0.33220846605710647
143,1571518800,361,466,105,827,42,0.4879547644572653,0.14051875798795022
143,1571533200,247,242,0,489,42,-0.8114899887169738,-0.6217297282164593
143,1571547600,55,40,0,95,42,-0.8114899887169738,-1.5102679044429013
143,1571562000,65,169,104,234,42,0.47557910014132015,-1.1967988524239281
143,1571576400,229,428,199,657,42,1.6512672101561081,-0.24286065815036229
143,1571590800,338,393,55,731,42,-0.13082845133999138,-0.07597785347839096
143,1571605200,243,296,53,539,42,-0.15557977997188166,-0.5089710764110733
143,1571619600,167,123,0,290,42,-0.8114899887169738,-1.0705091624018956
143,1571634000,23,49,26,72,42,-0.4897227165024003,-1.5621368842733787
143,1571648400,352,532,180,884,42,1.4161295881531504,0.2690636210460903
143,1571662800,435,623,188,1058,42,1.5151349026807115,0.6614637293288337
143,1571677200,738,470,0,1208,42,-0.8114899887169738,0.9997396847449918
143,1571691600,749,517,0,1266,42,-0.8114899887169738,1.1305397208392396
143,1571706000,280,174,0,454,43,-0.8652533684888986,-0.732227694949529
143,1571720400,32,43,11,75,43,-0.7397440886641352,-1.5848685470494999
143,1571734800,380,587,207,967,43,1.4966030791225566,0.42187456660003586
143,1571749200,500,630,130,1130,43,0.6180381203492133,0.7885776243633479
143,1571763600,726,514,0,1240,43,-0.8652533684888986,1.036045945553313
143,1571778000,877,514,0,1391,43,-0.8652533684888986,1.3757524591868107
143,1571792400,301,212,0,513,43,-0.8652533684888986,-0.599494686311275
143,1571806800,28,44,16,72,43,-0.6826944160165155,-1.5916176830819535
143,1571821200,354,545,191,899,43,1.3140441266501734,0.268894149864421
143,1571835600,501,665,164,1166,43,1.0059758943530273,0.869567256752791
143,1571850000,752,492,0,1244,43,-0.8652533684888986,1.0450447935965845
143,1571864400,869,606,0,1475,43,-0.8652533684888986,1.5647282680955115
143,1571878800,306,216,0,522,43,-0.8652533684888986,-0.5792472782139142
143,1571893200,43,65,22,108,43,-0.6142348088393719,-1.5106280506925103
143,1571907600,361,533,172,894,43,1.0972553705892187,0.2576455898103317
143,1571922000,436,701,265,1137,43,2.158379281834945,0.804325608439073
143,1571936400,719,609,0,1328,43,-0.8652533684888986,1.2340206025052851
143,1571950800,828,687,0,1515,43,-0.8652533684888986,1.654716748528226
143,1571965200,330,199,0,529,43,-0.8652533684888986,-0.5634992941381891
143,1571979600,30,52,22,82,43,-0.6142348088393719,-1.5691205629737748
143,1571994000,331,602,271,933,43,2.2268388890120887,0.34538435823222846
143,1572008400,496,642,146,1138,43,0.8005970728215963,0.8065753204498908
143,1572022800,690,475,0,1165,43,-0.8652533684888986,0.8673175447419732
143,1572037200,742,582,0,1324,43,-0.8652533684888986,1.2250217544620137
143,1572051600,312,278,0,590,43,-0.8652533684888986,-0.42626686147829934
143,1572066000,56,63,7,119,43,-0.785383826782231,-1.485881218573514
143,1572080400,95,261,166,356,43,1.028795763412075,-0.9526994720096797
143,1572094800,309,473,164,782,43,1.0059758943530273,0.00567784459873079
143,1572109200,382,519,137,901,43,0.6979076620558808,0.27339357388605673
143,1572123600,401,515,114,916,43,0.43547916787683033,0.3071392540483247
143,1572138000,224,253,29,477,43,-0.5343652671327044,-0.6804843187007181
143,1572152400,63,49,0,112,43,-0.8652533684888986,-1.5016292026492388
143,1572166800,73,200,127,273,43,0.5838083167606415,-1.1394255689075625
143,1572181200,201,414,213,615,43,1.5650626862997004,-0.3700240612078527
143,1572195600,321,453,132,774,43,0.6408579894082612,-0.01231985148781213
143,1572210000,256,354,98,610,43,0.2529202154044473,-0.38127262126194206
143,1572224400,170,129,0,299,43,-0.8652533684888986,-1.080933056626298
143,1572238800,29,38,9,67,43,-0.7625639577231831,-1.6028662431360428
143,1572253200,370,566,196,936,43,1.3710937992977932,0.35213349426468205
143,1572267600,470,646,176,1116,43,1.1428951087073145,0.7570816562118978
143,1572282000,693,446,0,1139,43,-0.8652533684888986,0.8088250324607087
143,1572296400,829,526,0,1355,43,-0.8652533684888986,1.2947628267973676
143,1572310800,273,138,0,411,44,-0.6685665291962272,-0.760434681756213
143,1572325200,37,31,0,68,44,-0.6685665291962272,-1.5263454714772509
143,1572339600,357,559,202,916,44,1.8818464355972941,0.3672182302237407
143,1572354000,464,590,126,1054,44,0.9222851221106229,0.6753689269628171
143,1572368400,782,479,0,1261,44,-0.6685665291962272,1.1375949720714318
143,1572382800,843,489,0,1332,44,-0.6685665291962272,1.2961362725676233
143,1572397200,291,155,0,446,44,-0.6685665291962272,-0.6822805195397805
143,1572411600,33,41,8,74,44,-0.5675600751449986,-1.512947615097291
143,1572426000,350,625,275,975,44,2.803530328814755,0.49896381796001255
143,1572440400,530,664,134,1194,44,1.0232915761618515,0.987985575828547
143,1572454800,743,467,0,1210,44,-0.6685665291962272,1.023713192841773
143,1572469200,869,613,0,1482,44,-0.6685665291962272,1.6310826820666195
143,1572483600,284,153,0,437,44,-0.6685665291962272,-0.7023773041097203
143,1572498000,42,32,0,74,44,-0.6685665291962272,-1.512947615097291
143,1572512400,363,561,198,924,44,1.8313432085716799,0.38508203873035385
143,1572526800,487,638,151,1125,44,1.2379302910207122,0.8339102274590087
143,1572541200,753,455,0,1208,44,-0.6685665291962272,1.0192472407151199
143,1572555600,838,520,0,1358,44,-0.6685665291962272,1.354193650214116
143,1572570000,274,200,0,474,44,-0.6685665291962272,-0.6197571897666346
143,1572584400,55,45,0,100,44,-0.6685665291962272,-1.4548902374507984
143,1572598800,318,533,215,851,44,2.0459819234305407,0.22207478610750905
143,1572613200,498,628,130,1126,44,0.9727883491362371,0.8361432035223354
143,1572627600,696,530,0,1226,44,-0.6685665291962272,1.0594408098549994
143,1572642000,787,580,0,1367,44,-0.6685665291962272,1.3742904347840559
143,1572656400,326,219,0,545,44,-0.6685665291962272,-0.4612158892704431
143,1572670800,59,39,0,98,44,-0.6685665291962272,-1.4593561895774516
143,1572685200,125,268,143,393,44,1.1369238369694836,-0.8006282508960926
143,1572699600,325,364,39,689,44,-0.1761600656964879,-0.13966733615140678
143,1572714000,430,427,0,857,44,-0.6685665291962272,0.2354726424874689
143,1572728400,332,408,76,740,44,0.2909947842904443,-0.025785556921748092
143,1572742800,266,198,0,464,44,-0.6685665291962272,-0.642086950399901
143,1572753600,79,30,0,109,44,-0.6685665291962272,-1.4347934528808586
143,1572768000,65,100,35,165,44,-0.22666329272210217,-1.3097467933345668
143,1572782400,328,299,0,627,44,-0.6685665291962272,-0.27811185207765854
143,1572796800,336,413,77,749,44,0.30362059104684785,-0.005688772351808323
143,1572811200,303,349,46,652,44,-0.08777941840166288,-0.2222874504944925
143,1572825600,211,142,0,353,44,-0.6685665291962272,-0.8899472934291581
143,1572840000,45,22,0,67,44,-0.6685665291962272,-1.5285784475405775
143,1572854400,177,380,203,557,44,1.8944722423536977,-0.4344201765105234
143,1572868800,540,706,166,1246,44,1.4273173923667657,1.1041003311215323
143,1572883200,587,498,0,1085,44,-0.6685665291962272,0.7445911849259431
143,1572897600,941,535,0,1476,44,-0.6685665291962272,1.6176848256866596
143,1572912000,343,261,0,604,45,-0.82122004551172,-0.34636131834325234
143,1572926400,63,44,0,107,45,-0.82122004551172,-1.448151345636311
143,1572940800,161,353,192,514,45,1.270478769082882,-0.5458806391810296
143,1572955200,534,683,149,1217,45,0.802025388730966,1.012586944696275
143,1572969600,524,469,0,993,45,-0.82122004551172,0.5160055239444737
143,1572984000,880,598,0,1478,45,-0.82122004551172,1.591192975125829
143,1572998400,346,280,0,626,45,-0.82122004551172,-0.297589928805129
143,1573012800,53,42,0,95,45,-0.82122004551172,-1.4747539217480148
143,1573027200,172,386,214,558,45,1.5101525915885134,-0.44833786010478294
143,1573041600,502,789,287,1291,45,2.305433911720836,1.1766361640517806
143,1573056000,572,502,0,1074,45,-0.82122004551172,0.6955729126984733
143,1573070400,1007,611,0,1618,45,-0.82122004551172,1.9015563630957046
143,1573084800,358,364,6,722,45,-0.7558544575556386,-0.08476931991149994
143,1573099200,62,55,0,117,45,-0.82122004551172,-1.4259825322098914
143,1573113600,166,408,242,574,45,1.8151920020502263,-0.4128677586225114
143,1573128000,584,705,121,1289,45,0.49698597826925317,1.1722024013664967
143,1573142400,587,534,0,1121,45,-0.82122004551172,0.7997663358026459
143,1573156800,1030,625,0,1655,45,-0.82122004551172,1.9835809727734575
143,1573171200,418,307,0,725,45,-0.82122004551172,-0.07811867588357405
143,1573185600,86,50,0,136,45,-0.82122004551172,-1.383861786699694
143,1573200000,155,338,183,493,45,1.17243038714876,-0.5924351473765109
143,1573214400,527,671,144,1198,45,0.7475540654342315,0.9704661991860775
143,1573228800,609,468,0,1077,45,-0.82122004551172,0.7022235567263991
143,1573243200,882,632,0,1514,45,-0.82122004551172,1.6710007034609398
143,1573257600,386,364,0,750,45,-0.82122004551172,-0.022696642317524805
143,1573272000,103,65,0,168,45,-0.82122004551172,-1.3129215837351509
143,1573286400,67,234,167,301,45,0.9981221525992099,-1.018076365163769
143,1573300800,276,421,145,697,45,0.7584483300935784,-0.14019135347754919
143,1573315200,380,440,60,820,45,-0.16756416595090684,0.13248505166741306
143,1573329600,383,610,227,993,45,1.651778032160023,0.5160055239444737
143,1573344000,275,341,66,616,45,-0.10219857799482553,-0.3197587422315487
143,1573358400,95,65,0,160,45,-0.82122004551172,-1.3306566344762867
143,1573372800,54,111,57,165,45,-0.2002469599289475,-1.3195722277630768
143,1573387200,191,390,199,581,45,1.3467386216983102,-0.39734958922401764
143,1573401600,322,443,121,765,45,0.49698597826925317,0.010556577822104736
143,1573416000,292,407,115,699,45,0.43162039031317184,-0.13575759079226524
143,1573430400,172,143,0,315,45,-0.82122004551172,-0.9870400263667815
143,1573444800,39,36,0,75,45,-0.82122004551172,-1.519091548600854
143,1573459200,147,400,253,547,45,1.935028913303042,-0.4727235548738446
143,1573473600,498,681,183,1179,45,1.17243038714876,0.9283454536758801
143,1573488000,467,502,35,969,45,-0.439920782434579,0.4628003717210665
143,1573502400,773,561,0,1334,45,-0.82122004551172,1.2719620617853853
143,1573516800,305,176,0,481,46,-0.7716799798903904,-0.6063019020735815
143,1573531200,71,27,0,98,46,-0.7716799798903904,-1.3419866268797693
143,1573545600,165,384,219,549,46,1.9582863489679985,-0.47568424858318775
143,1573560000,540,761,221,1301,46,1.9832175483183034,0.9687933311929303
143,1573574400,599,560,0,1159,46,-0.7716799798903904,0.6960329371394612
143,1573588800,972,577,0,1549,46,-0.7716799798903904,1.445163596863778
143,1573603200,391,209,0,600,46,-0.7716799798903904,-0.3777210084653925
143,1573617600,72,37,0,109,46,-0.7716799798903904,-1.3208573005798527
143,1573632000,150,375,225,525,46,2.0330799470189134,-0.521784596873915
143,1573646400,683,728,45,1411,46,-0.2107279945085297,1.1800865941920966
143,1573660800,823,393,0,1216,46,-0.7716799798903904,0.8055212643299383
143,1573675200,1544,611,0,2155,46,-0.7716799798903904,2.609197391204639
143,1573689600,596,215,0,811,46,-0.7716799798903904,0.027577886923917213
143,1573704000,92,40,0,132,46,-0.7716799798903904,-1.2766778001345724
143,1573718400,150,307,157,457,46,1.1854191691085458,-0.6524022503643087
143,1573732800,562,695,133,1257,46,0.8862447769048869,0.8842760259932638
143,1573747200,576,488,0,1064,46,-0.7716799798903904,0.5135523918219995
143,1573761600,1001,517,0,1518,46,-0.7716799798903904,1.385617313654922
143,1573776000,403,235,0,638,46,-0.7716799798903904,-0.30472879033840783
143,1573790400,87,34,0,121,46,-0.7716799798903904,-1.297807126434489
143,1573804800,160,396,236,556,46,2.1702015434455904,-0.462238313665059
143,1573819200,582,719,137,1301,46,0.9361071756054967,0.9687933311929303
143,1573833600,678,523,0,1201,46,-0.7716799798903904,0.7767085466482337
143,1573848000,1060,639,0,1699,46,-0.7716799798903904,1.7332907736808227
143,1573862400,450,343,0,793,46,-0.7716799798903904,-0.0069973742941281695
143,1573876800,101,52,0,153,46,-0.7716799798903904,-1.2363399953801861
143,1573891200,57,190,133,247,46,0.8862447769048869,-1.0557802979081714
143,1573905600,248,427,179,675,46,1.4596623619619,-0.23365742005687012
143,1573920000,419,490,71,909,46,0.11337759704543428,0.21582097577771983
143,1573934400,374,489,115,863,46,0.6618639827521425,0.12746197488715943
143,1573948800,278,272,0,550,46,-0.7716799798903904,-0.4737634007377408
143,1573963200,104,60,0,164,46,-0.7716799798903904,-1.2152106690802695
143,1573977600,49,113,64,162,46,0.026118399319367054,-1.2190523647711635
143,1573992000,211,359,148,570,46,1.0732287720321738,-0.4353464438288015
143,1574006400,325,493,168,818,46,1.322540765535223,0.04102382184204597
143,1574020800,296,437,141,733,46,0.9859695743061065,-0.12224824502094611
143,1574035200,217,148,0,365,46,-0.7716799798903904,-0.8291202521454295
143,1574049600,41,30,0,71,46,-0.7716799798903904,-1.3938495187068374
143,1574064000,162,291,129,453,46,0.8363823782042771,-0.6600856417460965
143,1574078400,563,642,79,1205,46,0.21310239444665396,0.7843919380300216
143,1574092800,634,424,0,1058,46,-0.7716799798903904,0.5020273047493177
143,1574107200,1217,545,0,1762,46,-0.7716799798903904,1.8543041879439814
143,1574121600,344,284,0,628,47,-0.7539892468032545,-0.39829325510956787
143,1574136000,60,27,0,87,47,-0.7539892468032545,-1.43057560284535
143,1574150400,173,362,189,535,47,1.5260742355297872,-0.5757465976963104
143,1574164800,611,724,113,1335,47,0.6092233114170297,0.9507337686412604
143,1574179200,667,487,0,1154,47,-0.7539892468032545,0.6053675857573849
143,1574193600,1224,615,0,1839,47,-0.7539892468032545,1.91241639943393
143,1574208000,474,212,0,686,47,-0.7539892468032545,-0.287623428550094
143,1574222400,96,30,0,126,47,-0.7539892468032545,-1.3561596849863935
143,1574236800,167,360,193,527,47,1.5743295473251955,-0.5910114013596862
143,1574251200,604,757,153,1361,47,1.0917764293711125,1.0003443805472314
143,1574265600,652,516,0,1168,47,-0.7539892468032545,0.6320809921682925
143,1574280000,1262,621,0,1883,47,-0.7539892468032545,1.9963728195824963
143,1574294400,474,230,0,704,47,-0.7539892468032545,-0.2532776203074986
143,1574308800,99,32,0,131,47,-0.7539892468032545,-1.3466191826967837
143,1574323200,143,347,204,490,47,1.7070316547625684,-0.6616111183027988
143,1574337600,541,717,176,1258,47,1.3692444721947101,0.8038100333812692
143,1574352000,737,566,0,1303,47,-0.7539892468032545,0.8896745539877575
143,1574366400,1148,563,0,1711,47,-0.7539892468032545,1.6681795408199187
143,1574380800,539,209,0,748,47,-0.7539892468032545,-0.16932120015893223
143,1574395200,100,41,0,141,47,-0.7539892468032545,-1.3275381781175641
143,1574409600,195,354,159,549,47,1.164159397064225,-0.549033191285403
143,1574424000,635,664,29,1299,47,-0.40413823628654444,0.8820421521560696
143,1574438400,775,486,0,1261,47,-0.7539892468032545,0.8095343347550351
143,1574452800,1085,558,0,1643,47,-0.7539892468032545,1.538428709681225
143,1574467200,514,358,0,872,47,-0.7539892468032545,0.06728325662339124
143,1574481600,122,64,0,186,47,-0.7539892468032545,-1.2416736575110758
143,1574496000,74,173,99,247,47,0.4403297201331006,-1.125279529577836
143,1574510400,247,510,263,757,47,2.4187975037448406,-0.15214829603763455
143,1574524800,431,534,103,965,47,0.48858503192850894,0.24473659921013385
143,1574539200,432,560,128,992,47,0.7901807306498108,0.29625531157402685
143,1574553600,350,294,0,644,47,-0.7539892468032545,-0.36776364778281645
143,1574568000,118,69,0,187,47,-0.7539892468032545,-1.2397655570531538
143,1574582400,65,126,61,191,47,-0.01809574192327811,-1.2321331552214658
143,1574596800,190,400,210,590,47,1.7794146224556806,-0.4708010725106025
143,1574611200,337,461,124,798,47,0.7419254188544024,-0.07391617726283406
143,1574625600,341,379,38,720,47,-0.2955637847468758,-0.2227480129807472
143,1574640000,259,152,0,411,47,-0.7539892468032545,-0.812351054478634
143,1574654400,55,46,0,101,47,-0.7539892468032545,-1.4038621964344427
143,1574668800,192,363,171,555,47,1.30892533245045,-0.5375845885378712
143,1574683200,558,770,212,1328,47,1.8035422783533848,0.9373770654358066
143,1574697600,691,485,0,1176,47,-0.7539892468032545,0.6473457958316682
143,1574712000,1236,620,0,1856,47,-0.7539892468032545,1.9448541072186034
143,1574726400,456,268,0,724,48,-0.760051578974456,0.20424456213551823
143,1574740800,81,32,0,113,48,-0.760051578974456,-1.2244341867959163
143,1574755200,194,356,162,550,48,1.0024382010308903,-0.20261321579258262
143,1574769600,578,686,108,1264,48,0.41494160769577487,1.4669066315675554
143,1574784000,761,512,0,1273,48,-0.760051578974456,1.4879509993914226
143,1574798400,1121,580,0,1701,48,-0.760051578974456,2.4887276025708895
143,1574812800,457,244,0,701,48,-0.760051578974456,0.1504645110300796
143,1574827200,90,57,0,147,48,-0.760051578974456,-1.144933241683529
143,1574841600,142,342,200,484,48,1.4158617296741196,-0.35693857983427607
143,1574856000,473,672,199,1145,48,1.4049821631308768,1.188653323674199
143,1574870400,883,426,0,1309,48,-0.760051578974456,1.5721284706868919
143,1574884800,744,468,0,1212,48,-0.760051578974456,1.3453169508074332
143,1574899200,374,213,0,587,48,-0.760051578974456,-0.11609748140557268
143,1574913600,66,40,0,106,48,-0.760051578974456,-1.240802028436702
143,1574928000,73,119,46,192,48,-0.25959151798528357,-1.0397114025641925
143,1574942400,189,234,45,423,48,-0.2704710845285265,-0.49957262841826544
143,1574956800,273,364,91,637,48,0.22998897646064592,0.0008156731714678046
143,1574971200,241,248,7,489,48,-0.6838946131717558,-0.345247264376572
143,1574985600,156,189,33,345,48,-0.401025883047441,-0.6819571495584485
143,1575000000,40,46,6,86,48,-0.6947741797149987,-1.2875672902675181
143,1575014400,84,309,225,393,48,1.6878508932551917,-0.5697205211644897
143,1575028800,257,677,420,934,48,3.8093663691875523,0.6952798113590882
143,1575043200,446,569,123,1015,48,0.5781351058444181,0.8846791217738937
143,1575057600,455,568,113,1023,48,0.4693394404119892,0.9033852265062202
143,1575072000,314,222,0,536,48,-0.760051578974456,-0.23534889907415396
143,1575086400,63,53,0,116,48,-0.760051578974456,-1.217419397521294
143,1575100800,69,172,103,241,48,0.36054377497956047,-0.9251365110786928
143,1575115200,197,405,208,602,48,1.5028982620200626,-0.08102353503246053
143,1575129600,315,393,78,708,48,0.08855461139848851,0.16683235267086527
143,1575144000,360,445,85,805,48,0.16471157720118865,0.3936438725503238
143,1575158400,316,289,0,605,48,-0.760051578974456,-0.0740087457578381
143,1575172800,106,57,0,163,48,-0.760051578974456,-1.107521032218876
143,1575187200,50,128,78,178,48,0.08855461139848851,-1.0724470858457638
143,1575201600,166,262,96,428,48,0.2843868091768603,-0.48788131296056136
143,1575216000,260,360,100,620,48,0.3279050753498318,-0.03893479938472596
143,1575230400,257,310,53,567,48,-0.18343455218258345,-0.16286274323638886
143,1575244800,225,132,0,357,48,-0.760051578974456,-0.6538979924599588
143,1575259200,48,29,0,77,48,-0.760051578974456,-1.3086116580913856
143,1575273600,154,339,185,493,48,1.2526682315254765,-0.33589421201040875
143,1575275280,89,86,0,175,48,-0.760051578974456,-1.0794618751203862
143,1575288000,467,707,240,1174,48,1.8510443914038348,1.2564629533288825
143,1575302400,657,458,0,1115,48,-0.760051578974456,1.1185054309279747
143,1575316800,1038,525,0,1563,48,-0.760051578974456,2.1660472959382573
143,1575331200,401,181,0,582,49,-0.6971660170621876,-0.4819866049922782
143,1575345600,76,32,0,108,49,-0.6971660170621876,-1.3988019434392756
143,1575360000,188,355,167,543,49,1.6800446993569587,-0.5574207784088033
143,1575374400,589,748,159,1337,49,1.5661663416841851,0.9783416239686566
143,1575388800,673,409,0,1082,49,-0.6971660170621876,0.4851181823990694
143,1575403200,1168,539,0,1707,49,-0.6971660170621876,1.693999166638254
143,1575417600,474,213,0,687,49,-0.6971660170621876,-0.2788945996400952
143,1575432000,92,27,0,119,49,-0.6971660170621876,-1.377525638116666
143,1575446400,188,394,206,582,49,2.2352016930117293,-0.4819866049922782
143,1575460800,627,724,97,1351,49,0.6836090697201908,1.0054205580156144
143,1575475200,723,477,0,1200,49,-0.6971660170621876,0.7133549122234274
143,1575489600,1235,538,0,1773,49,-0.6971660170621876,1.8216569985739117
143,1575504000,509,221,0,730,49,-0.6971660170621876,-0.1957235879244393
143,1575518400,111,40,0,151,49,-0.6971660170621876,-1.3156309317236197
143,1575532800,178,385,207,563,49,2.249436487720826,-0.5187365869131494
143,1575547200,635,743,108,1378,49,0.8401918115202544,1.057644216534747
143,1575561600,766,473,0,1239,49,-0.6971660170621876,0.7887890856399525
143,1575576000,1236,618,0,1854,49,-0.6971660170621876,1.97832797413131
143,1575590400,557,192,0,749,49,-0.6971660170621876,-0.1589736060035681
143,1575604800,128,43,0,171,49,-0.6971660170621876,-1.276946740227966
143,1575619200,154,325,171,479,49,1.7369838781933453,-0.6812101911948958
143,1575633600,658,666,8,1324,49,-0.5832876593894141,0.9531968994964816
143,1575648000,742,484,0,1226,49,-0.6971660170621876,0.7636443611677775
143,1575662400,1139,642,0,1781,49,-0.6971660170621876,1.8371306751721732
143,1575676800,528,325,0,853,49,-0.6971660170621876,0.0421841897738322
143,1575691200,152,61,0,213,49,-0.6971660170621876,-1.1957099380870926
143,1575705600,69,159,90,228,49,0.583965506756514,-1.1666967944653523
143,1575720000,276,420,144,696,49,1.3526444210477349,-0.26148671346705094
143,1575734400,443,423,0,866,49,-0.6971660170621876,0.06732891424600723
143,1575748800,389,551,162,940,49,1.6088707258114752,0.21046042277992666
143,1575763200,334,292,0,626,49,-0.6971660170621876,-0.3968813837018396
143,1575777600,129,68,0,197,49,-0.6971660170621876,-1.2266572912836158
143,1575792000,71,103,32,174,49,-0.24165258637109369,-1.2711441115036177
143,1575806400,222,389,167,611,49,1.6800446993569587,-0.42589452732358
143,1575820800,339,431,92,770,49,0.6124350961747074,-0.1183552049331315
143,1575835200,347,385,38,732,49,-0.15624381811651358,-0.1918551687748739
143,1575849600,261,175,0,436,49,-0.6971660170621876,-0.7643812029105517
143,1575864000,57,37,0,94,49,-0.6971660170621876,-1.4258808774862335
143,1575878400,205,351,146,556,49,1.3811140104659283,-0.5322760539366282
143,1575892800,604,667,63,1271,49,0.19962604961090352,0.8506837920329987
143,1575907200,702,467,0,1169,49,-0.6971660170621876,0.6533944154051639
143,1575921600,1185,577,0,1762,49,-0.6971660170621876,1.800380693251302
143,1575936000,313,283,0,596,50,-0.7370584975223415,-0.5245294474621669
143,1575950400,80,31,0,111,50,-0.7370584975223415,-1.430546987087736
143,1575964800,172,399,227,571,50,2.2557505805773195,-0.5712313824944127
143,1575979200,631,821,190,1452,50,1.7679358850280356,1.0745448080419306
143,1575993600,715,536,0,1251,50,-0.7370584975223415,0.699061250382674
143,1576008000,1265,474,0,1739,50,-0.7370584975223415,1.6106830222121127
143,1576022400,549,283,0,832,50,-0.7370584975223415,-0.0836631807577662
143,1576036800,101,42,0,143,50,-0.7370584975223415,-1.3707685102464615
143,1576051200,208,358,150,566,50,1.2405686465963772,-0.5805717695008619
143,1576065600,629,738,109,1367,50,0.7000172272039275,0.9157582289322946
143,1576080000,769,528,0,1297,50,-0.7370584975223415,0.7849928108420063
143,1576094400,1194,607,0,1801,50,-0.7370584975223415,1.7265038210920824
143,1576108800,512,302,0,814,50,-0.7370584975223415,-0.1172885739809832
143,1576123200,99,32,0,131,50,-0.7370584975223415,-1.3931854390619394
143,1576137600,183,410,227,593,50,2.2557505805773195,-0.5301336796660364
143,1576152000,653,780,127,1433,50,0.9373324844981737,1.0390513374174237
143,1576166400,783,410,0,1193,50,-0.7370584975223415,0.5907127611078636
143,1576180800,1247,709,0,1956,50,-0.7370584975223415,2.0160558182920068
143,1576195200,579,290,0,869,50,-0.7370584975223415,-0.014544316910042366
143,1576209600,153,61,0,214,50,-0.7370584975223415,-1.2381350147548833
143,1576224000,180,315,135,495,50,1.0428059321845053,-0.7132052649924401
143,1576238400,613,699,86,1312,50,0.39678106510572386,0.8130139718613538
143,1576252800,813,516,0,1329,50,-0.7370584975223415,0.844771287683281
143,1576267200,1207,608,0,1815,50,-0.7370584975223415,1.7526569047101401
143,1576281600,549,370,0,919,50,-0.7370584975223415,0.07885955315444931
143,1576296000,123,68,0,191,50,-0.7370584975223415,-1.2811007949845494
143,1576310400,71,182,111,253,50,0.7263855891255103,-1.1652799961045797
143,1576324800,252,492,240,744,50,2.4271449330676083,-0.24805399207127155
143,1576339200,411,510,99,921,50,0.5681754175960129,0.08259570795702897
143,1576353600,522,537,15,1059,50,-0.5392957831104697,0.34039038933502597
143,1576368000,355,348,0,703,50,-0.7370584975223415,-0.32464516552415473
143,1576382400,121,73,0,194,50,-0.7370584975223415,-1.27549656278068
143,1576396800,67,125,58,192,50,0.02762399820356305,-1.2792327175832596
143,1576411200,230,345,115,575,50,0.7791223129686762,-0.5637590728892534
143,1576425600,374,473,99,847,50,0.5681754175960129,-0.0556420197384187
143,1576440000,388,484,96,872,50,0.5286228747136384,-0.008940084706172866
143,1576454400,269,198,0,467,50,-0.7370584975223415,-0.7655114322285554
143,1576468800,55,38,0,93,50,-0.7370584975223415,-1.4641723803109532
143,1576483200,185,377,192,562,50,1.7943042469496184,-0.5880440791060212
143,1576497600,630,702,72,1332,50,0.21220253165464345,0.8503755198871505
143,1576512000,692,489,0,1181,50,-0.7370584975223415,0.5682958322923857
143,1576526400,1254,586,0,1840,50,-0.7370584975223415,1.7993588397423859
143,1576540800,471,273,0,744,51,-0.7265977788784087,-0.20199337568981388
143,1576555200,81,29,0,110,51,-0.7265977788784087,-1.4177889470886298
143,1576569600,149,367,218,516,51,1.869082776490577,-0.6392195433221957
143,1576584000,558,707,149,1265,51,1.0475141603416778,0.7971067705227778
143,1576598400,686,498,0,1184,51,-0.7265977788784087,0.6417764214954843
143,1576612800,1253,595,0,1848,51,-0.7265977788784087,1.9151017517932978
143,1576627200,504,298,0,802,51,-0.7265977788784087,-0.09076917515175184
143,1576641600,120,48,0,168,51,-0.7265977788784087,-1.3065647465505679
143,1576656000,211,371,160,582,51,1.1784888672639662,-0.5126540737444009
143,1576670400,605,693,88,1298,51,0.3211998764998974,0.8603895053116751
143,1576684800,777,459,0,1236,51,-0.7265977788784087,0.7414946702537467
143,1576699200,1363,667,0,2030,51,-0.7265977788784087,2.2641156224472163
143,1576713600,531,281,0,812,51,-0.7265977788784087,-0.07159258885208597
143,1576728000,102,50,0,152,51,-0.7265977788784087,-1.3372472846300332
143,1576742400,199,364,165,563,51,1.2380228249559153,-0.549089587713766
143,1576756800,640,767,127,1407,51,0.7855647464971014,1.069414295978033
143,1576771200,774,528,0,1302,51,-0.7265977788784087,0.8680601398315415
143,1576785600,1176,606,0,1782,51,-0.7265977788784087,1.788536282215503
143,1576800000,554,316,0,870,51,-0.7265977788784087,0.03963161168597605
143,1576814400,110,63,0,173,51,-0.7265977788784087,-1.2969764534007349
143,1576828800,159,394,235,553,51,2.0714982326432043,-0.5682661740134319
143,1576843200,579,795,216,1374,51,1.8452691934137972,1.0061315611891357
143,1576857600,745,577,0,1322,51,-0.7265977788784087,0.9064133124308732
143,1576872000,1061,760,0,1821,51,-0.7265977788784087,1.8633249687842
143,1576886400,487,418,0,905,51,-0.7265977788784087,0.10674966373480659
143,1576900800,112,68,0,180,51,-0.7265977788784087,-1.2835528429909688
143,1576915200,70,158,88,228,51,0.3211998764998974,-1.1915052287525725
143,1576929600,270,450,180,720,51,1.416624698031763,-0.24801718280901194
143,1576944000,470,512,42,982,51,-0.22651253426603535,0.25440937824223375
143,1576958400,414,615,201,1029,51,1.6666673203379496,0.3445393338506633
143,1576972800,319,356,37,675,51,-0.2860464919579846,-0.33431182115750835
143,1576987200,120,49,0,169,51,-0.7265977788784087,-1.3046470879206011
143,1577001600,59,128,69,187,51,0.0949708372704904,-1.2701292325812026
143,1577016000,241,297,56,538,51,-0.05981745272857756,-0.5970310534629307
143,1577030400,364,446,82,810,51,0.24975912726955835,-0.07542790611201915
143,1577044800,362,309,0,671,51,-0.7265977788784087,-0.3419824556773747
143,1577059200,238,200,0,438,51,-0.7265977788784087,-0.7887969164595894
143,1577073600,56,42,0,98,51,-0.7265977788784087,-1.4408008506482288
143,1577088000,108,382,274,490,51,2.535863102640408,-0.6890786677013269
143,1577102400,498,674,176,1172,51,1.3689975318782037,0.6187645179358853
143,1577116800,616,527,0,1143,51,-0.7265977788784087,0.5631524176668542
143,1577131200,858,465,0,1323,51,-0.7265977788784087,0.9083309710608398
143,1577145600,334,280,0,614,52,-0.7884233412597875,0.1623568427394786
143,1577160000,93,42,0,135,52,-0.7884233412597875,-1.0494016296154944
143,1577174400,80,336,256,416,52,1.802781844503696,-0.3385370560627858
143,1577180059,14,145,131,159,52,0.53754493739262,-0.9886872176394623
143,1577183859,8,54,46,62,52,-0.32281615944291164,-1.2340746327092584
143,1577188800,378,584,206,962,52,1.2966870816592655,1.0427158163919432
143,1577203200,609,335,0,944,52,-0.7884233412597875,0.9971800074099193
143,1577217600,466,478,12,944,52,-0.6669605981771243,0.9971800074099193
143,1577232000,250,244,0,494,52,-0.7884233412597875,-0.14121521714068164
143,1577246400,46,46,0,92,52,-0.7884233412597875,-1.1581816177392183
143,1577260800,54,102,48,156,52,-0.3025723689291344,-0.9962765191364663
143,1577275200,122,184,62,306,52,-0.1608658353326939,-0.616811444286266
143,1577289600,203,309,106,512,52,0.2844975559704048,-0.09567940815865761
143,1577304000,191,332,141,523,52,0.6387638899615061,-0.06785196933630959
143,1577318400,137,188,51,325,52,-0.2722066831584686,-0.568745868138574
143,1577332800,38,45,7,83,52,-0.7175700744615673,-1.1809495222302304
143,1577347200,70,384,314,454,52,2.389851769403235,-0.24240590376740173
143,1577361600,316,607,291,923,52,2.1570481784947972,0.9440548969308912
143,1577376000,501,467,0,968,52,-0.7884233412597875,1.0578944193859514
143,1577390400,715,562,0,1277,52,-0.7884233412597875,1.8395924735773639
143,1577404800,320,242,0,562,52,-0.7884233412597875,0.030808950124742496
143,1577419200,81,35,0,116,52,-0.7884233412597875,-1.0974672057631865
143,1577433600,98,345,247,443,52,1.7116847871916985,-0.27023334258974974
143,1577437897,45,208,163,253,52,0.8614455856130555,-0.7508891040666701
143,1577437984,100,153,53,253,52,-0.25196289264469135,-0.7508891040666701
143,1577448000,321,368,47,689,52,-0.31269426418602303,0.35208938016457875
143,1577462400,702,530,0,1232,52,-0.7884233412597875,1.7257529511223038
143,1577476800,834,664,0,1498,52,-0.7884233412597875,2.3986710171899923
