remote_unit_id,time_stamp,entries,exits,num_people_exited,sum_exit_entry,week_num,z_score_num_people_exited,z_score_sum_exit_entry
126,1546311600,54,156,102,210,1,0.05983287632924858,-0.9074554054476245
126,1546326000,47,39,0,86,1,-0.7053135182812014,-1.2209772146270876
126,1546340400,154,98,0,252,1,-0.7053135182812014,-0.801262534596516
126,1546354800,265,195,0,460,1,-0.7053135182812014,-0.2753549837148358
126,1546369200,266,328,62,594,1,-0.24022453332190827,0.06345084233393893
126,1546383600,143,246,103,389,1,0.0673343115705275,-0.45487150348694777
126,1546398000,26,75,49,101,1,-0.33774319145853426,-1.1830511893231204
126,1546412400,245,59,0,304,1,-0.7053135182812014,-0.6697856468760959
126,1546426800,830,387,0,1217,1,-0.7053135182812014,1.6386450932920482
126,1546441200,392,329,0,721,1,-0.7053135182812014,0.38455785657419556
126,1546455600,425,840,415,1265,1,2.407782106849551,1.7600083742647437
126,1546470000,154,444,290,598,1,1.4701027016896857,0.07356444908166354
126,1546484400,22,108,86,130,1,-0.06019008753121416,-1.1097275404021167
126,1546498800,249,62,0,311,1,-0.7053135182812014,-0.6520868350675778
126,1546513200,901,369,0,1270,1,-0.7053135182812014,1.7726503826993993
126,1546527600,440,310,0,750,1,-0.7053135182812014,0.457881505495199
126,1546542000,427,868,441,1295,1,2.602819423122803,1.8358604248726784
126,1546556400,145,419,274,564,1,1.350079737829223,-0.012401208273995717
126,1546570800,33,107,74,140,1,-0.1502073104265612,-1.0844435235328054
126,1546585200,253,59,0,312,1,-0.7053135182812014,-0.6495584333806467
126,1546599600,863,360,0,1223,1,-0.7053135182812014,1.6538155034136353
126,1546614000,412,366,0,778,1,-0.7053135182812014,0.5286767527292714
126,1546628400,498,840,342,1338,1,1.8601773342361896,1.944581697410718
126,1546642800,181,458,277,639,1,1.3725840435530599,0.1772289182458409
126,1546657200,37,133,96,170,1,0.014824264881575051,-1.0085914729248706
126,1546671600,83,37,0,120,1,-0.7053135182812014,-1.1350115572714283
126,1546686000,286,155,0,441,1,-0.7053135182812014,-0.3233946157665277
126,1546700400,317,246,0,563,1,-0.7053135182812014,-0.014929609960926873
126,1546714800,273,406,133,679,1,0.29237736880889514,0.27836498572308704
126,1546729200,179,267,88,446,1,-0.04518721704865632,-0.310752607331872
126,1546743600,41,121,80,162,1,-0.10519869897888769,-1.02881868642032
126,1546758000,58,32,0,90,1,-0.7053135182812014,-1.210863607879363
126,1546772400,243,133,0,376,1,-0.7053135182812014,-0.48774072541705277
126,1546786800,328,271,0,599,1,-0.7053135182812014,0.07609285076859469
126,1546801200,277,384,107,661,1,0.09734005253564318,0.23285375535832628
126,1546815600,111,231,120,342,1,0.19485871067226915,-0.573706382772712
126,1546830000,20,77,57,97,1,-0.2777317095283029,-1.193164796070845
126,1546844400,260,78,0,338,1,-0.7053135182812014,-0.5838199895204367
126,1546858800,948,371,0,1319,1,-0.7053135182812014,1.896542065359026
126,1546873200,358,305,0,663,1,-0.7053135182812014,0.23791055873218858
126,1546887600,415,838,423,1253,1,2.467793588779782,1.7296675540215698
126,1546902000,149,479,330,628,1,1.7701601113408427,0.14941649968959816
126,1546916400,22,79,57,101,2,-0.3348748314902308,-1.2763858384016324
126,1546930800,242,67,0,309,2,-0.7333292781043524,-0.7596563011535366
126,1546945200,896,356,0,1252,2,-0.7333292781043524,1.5830165528125901
126,1546959600,416,331,0,747,2,-0.7333292781043524,0.3284568590131267
126,1546974000,404,760,356,1164,2,1.7552634060119159,1.3644002101307036
126,1546988400,157,540,383,697,2,1.9440049859870259,0.20424302794387292
126,1547002800,21,116,95,137,2,-0.06923853374748307,-1.1869518800317698
126,1547017200,251,81,0,332,2,-0.7333292781043524,-0.7025179388616799
126,1547031600,897,346,0,1243,2,-0.7333292781043524,1.5606580632201246
126,1547046000,390,319,0,709,2,-0.7333292781043524,0.23405434740049383
126,1547060400,434,770,336,1204,2,1.615454828252575,1.4637712749861065
126,1547074800,150,545,395,695,2,2.0278901326426304,0.19927447470110277
126,1547089200,19,105,86,124,2,-0.1321523937391865,-1.2192474761097756
126,1547103600,259,74,0,333,2,-0.7333292781043524,-0.7000336622402947
126,1547118000,942,361,0,1303,2,-0.7333292781043524,1.709714660503229
126,1547132400,408,336,0,744,2,-0.7333292781043524,0.32100402914897147
126,1547146800,438,853,415,1291,2,2.167698710401971,1.6799033410466082
126,1547161200,160,468,308,628,2,1.4197228193894977,0.03282794106830267
126,1547175600,23,101,78,124,2,-0.18807582484292285,-1.2192474761097756
126,1547190000,260,51,0,311,2,-0.7333292781043524,-0.7546877479107664
126,1547204400,816,350,0,1166,2,-0.7333292781043524,1.3693687633734737
126,1547218800,356,333,0,689,2,-0.7333292781043524,0.1843688149727923
126,1547233200,484,807,323,1291,2,1.5245792527090034,1.6799033410466082
126,1547247600,193,423,230,616,2,0.8744693661280681,0.003016621611681757
126,1547262000,29,121,92,150,2,-0.09020982041138421,-1.1546562839537637
126,1547276400,82,37,0,119,2,-0.7333292781043524,-1.231668859216701
126,1547290800,307,192,0,499,2,-0.7333292781043524,-0.28764374309037216
126,1547305200,361,262,0,623,2,-0.7333292781043524,0.02040655796137729
126,1547319600,303,380,77,683,2,-0.1950662537308899,0.16946315524448186
126,1547334000,148,256,108,404,2,0.02163704179608852,-0.5236500221219543
126,1547348400,26,124,98,150,2,-0.04826724708358193,-1.1546562839537637
126,1547362800,53,34,0,87,2,-0.7333292781043524,-1.3111657111010235
126,1547377200,221,111,0,332,2,-0.7333292781043524,-0.7025179388616799
126,1547391600,291,217,0,508,2,-0.7333292781043524,-0.26528525349790644
126,1547406000,232,331,99,563,2,-0.04127681819561489,-0.12865003932172728
126,1547420400,128,229,101,357,2,-0.027295960419680798,-0.6404110233270529
126,1547434800,21,53,32,74,2,-0.5096355536894069,-1.3434613071790296
126,1547449200,278,60,0,338,2,-0.7333292781043524,-0.6876122791333694
126,1547463600,859,358,0,1217,2,-0.7333292781043524,1.4960668710641125
126,1547478000,349,301,0,650,2,-0.7333292781043524,0.08748202673877434
126,1547492400,416,807,391,1223,2,1.9999284170907623,1.5109725307924229
126,1547506800,144,490,346,634,2,1.6853591171322455,0.047733600796613124
126,1547521200,25,98,73,123,3,-0.12836015973719783,-1.1355227424556742
126,1547535600,264,60,0,324,3,-0.7157515772808525,-0.6264370817116062
126,1547550000,919,375,0,1294,3,-0.7157515772808525,1.8303444651627518
126,1547564400,357,325,0,682,3,-0.7157515772808525,0.2802926025987239
126,1547578800,465,819,354,1284,3,2.1326944749171437,1.8050168203496142
126,1547593200,171,453,282,624,3,1.5533495151480599,0.1333922626825252
126,1547607600,20,106,86,126,3,-0.023756208667779874,-1.1279244490117328
126,1547622000,257,53,0,310,3,-0.7157515772808525,-0.661895784449999
126,1547636400,912,347,0,1259,3,-0.7157515772808525,1.74169770831677
126,1547650800,365,319,0,684,3,-0.7157515772808525,0.2853581315613515
126,1547665200,432,854,422,1286,3,2.6798536035879454,1.8100823493122418
126,1547679600,172,503,331,675,3,1.9476259461020198,0.2625632512295275
126,1547694000,26,100,74,126,3,-0.12031370196262721,-1.1279244490117328
126,1547708400,251,56,0,307,3,-0.7157515772808525,-0.6694940778939403
126,1547722800,897,372,0,1269,3,-0.7157515772808525,1.7670253531299076
126,1547737200,383,362,0,745,3,-0.7157515772808525,0.4398567649214915
126,1547751600,435,838,403,1273,3,2.526970905871104,1.7771564110551628
126,1547766000,165,477,312,642,3,1.7947432483851782,0.17898202334617308
126,1547780400,23,125,102,148,3,0.10498711572534991,-1.07220363042283
126,1547794800,252,68,0,320,3,-0.7157515772808525,-0.6365681396368612
126,1547809200,845,326,0,1171,3,-0.7157515772808525,1.518814433961158
126,1547823600,338,388,50,726,3,-0.31342868855232187,0.3917342397765298
126,1547838000,496,802,306,1298,3,1.7464645017377545,1.840475523088007
126,1547852400,207,358,151,565,3,0.4992635466793099,-0.016040841714987313
126,1547866800,34,136,102,170,3,0.10498711572534991,-1.0164828118339269
126,1547881200,78,47,0,125,3,-0.7157515772808525,-1.1304572134930466
126,1547895600,334,176,0,510,3,-0.7157515772808525,-0.15534288818724473
126,1547910000,362,350,0,712,3,-0.7157515772808525,0.356275537038137
126,1547924400,303,326,23,629,3,-0.5306830484657284,0.14605608508909404
126,1547938800,150,245,95,395,3,0.04866191130335563,-0.44661080353832844
126,1547953200,26,109,83,135,3,-0.04789558199149171,-1.105129568679909
126,1547967600,40,20,0,60,3,-0.7157515772808525,-1.2950869047784417
126,1547982000,183,83,0,266,3,-0.7157515772808525,-0.7733374216278049
126,1547996400,256,191,0,447,3,-0.7157515772808525,-0.31490705051001233
126,1548010800,196,308,112,504,3,0.18545169347105603,-0.17053947507512734
126,1548025200,103,199,96,302,3,0.05670836907792624,-0.6821579003005092
126,1548039600,27,59,32,86,3,-0.4582649284945929,-1.2292350282642837
126,1548054000,138,34,0,172,3,-0.7157515772808525,-1.0114172828712993
126,1548068400,395,231,0,626,3,-0.7157515772808525,0.13845779164515273
126,1548082800,284,235,0,519,3,-0.7157515772808525,-0.13254800785542079
126,1548097200,290,437,147,727,3,0.46707771558102745,0.3942670042578436
126,1548111600,125,225,100,350,3,0.0888942001762087,-0.5605852051974481
126,1548126000,24,82,58,106,4,-0.2506969057365638,-1.3159008681641975
126,1548140400,246,42,0,288,4,-0.6739108089758357,-0.8902419355651908
126,1548154800,825,359,0,1184,4,-0.6739108089758357,1.2053097326145341
126,1548169200,373,342,0,715,4,-0.6739108089758357,0.10841940630170938
126,1548183600,409,825,416,1234,4,2.361554428050666,1.3222489998120635
126,1548198000,155,412,257,567,4,1.2013645898602483,-0.23772082460297733
126,1548212400,18,115,97,133,4,0.03387796023467075,-1.2527536638775316
126,1548226800,265,57,0,322,4,-0.6739108089758357,-0.8107232338708709
126,1548241200,890,378,0,1268,4,-0.6739108089758357,1.4017677015063834
126,1548255600,406,356,0,762,4,-0.6739108089758357,0.21834231746738691
126,1548270000,434,807,373,1241,4,2.047792396338792,1.3386204972197175
126,1548284400,158,517,359,675,4,1.9456373162465537,0.014867992543685944
126,1548298800,24,98,74,122,4,-0.13394824277400602,-1.278480302660988
126,1548313200,265,67,0,332,4,-0.6739108089758357,-0.787335380431365
126,1548327600,847,366,0,1213,4,-0.6739108089758357,1.2731345075891012
126,1548342000,336,305,0,641,4,-0.6739108089758357,-0.06465070915063398
126,1548356400,436,859,423,1295,4,2.4126319680967847,1.4649149057930493
126,1548370800,150,450,300,600,4,1.5151266215721222,-0.160540908252608
126,1548385200,21,114,93,135,4,0.004690794494031309,-1.2480760931896304
126,1548399600,260,61,0,321,4,-0.6739108089758357,-0.8130620192148215
126,1548414000,876,401,0,1277,4,-0.6739108089758357,1.4228167696019387
126,1548428400,514,347,0,861,4,-0.6739108089758357,0.44988206651849494
126,1548442800,653,820,167,1473,4,0.5446533606958609,1.8812186970162534
126,1548457200,257,440,183,697,4,0.6614020236584187,0.06632127011059884
126,1548471600,54,149,95,203,4,0.019284377364351027,-1.0890386898009905
126,1548486000,88,38,0,126,4,-0.6739108089758357,-1.2691251612851857
126,1548500400,419,204,0,623,4,-0.6739108089758357,-0.10674884534174452
126,1548514800,597,314,0,911,4,-0.6739108089758357,0.5668213337160242
126,1548529200,531,485,0,1016,4,-0.6739108089758357,0.8123937948308357
126,1548543600,250,304,54,554,4,-0.27988407147720323,-0.26812503407433497
126,1548558000,38,121,83,159,4,-0.06827711985756729,-1.1919452449348165
126,1548572400,56,35,0,91,4,-0.6739108089758357,-1.3509826483234562
126,1548586800,368,124,0,492,4,-0.6739108089758357,-0.4131297253992713
126,1548601200,520,252,0,772,4,-0.6739108089758357,0.24173017090689278
126,1548615600,355,373,18,728,4,-0.5425685631429582,0.13882361577306698
126,1548630000,140,256,116,396,4,0.17251699750270807,-0.6376531184185276
126,1548644400,35,54,19,89,4,-0.5352717717077983,-1.3556602190113574
126,1548658800,259,70,0,329,4,-0.6739108089758357,-0.7943517364632168
126,1548673200,1110,375,0,1485,4,-0.6739108089758357,1.9092841211436604
126,1548687600,401,314,0,715,4,-0.6739108089758357,0.10841940630170938
126,1548702000,447,861,414,1308,4,2.346960845180346,1.4953191152644068
126,1548716400,172,452,280,624,4,1.369190792868925,-0.10441005999779393
126,1548730800,47,88,41,135,5,-0.44214650629723834,-1.2052427272870803
126,1548745200,273,62,0,335,5,-0.7164175019182197,-0.6911755540763829
126,1548759600,698,392,0,1090,5,-0.7164175019182197,1.2494280247939995
126,1548774000,395,297,0,692,5,-0.7164175019182197,0.22643435010471186
126,1548788400,424,825,401,1249,5,1.9660866259845495,1.6581114274965039
126,1548802800,165,465,300,630,5,1.2904434416499366,0.06707352640939569
126,1548817200,26,105,79,131,5,-0.1879441201119385,-1.2155240707512942
126,1548831600,267,55,0,322,5,-0.7164175019182197,-0.7245899203350782
126,1548846000,905,353,0,1258,5,-0.7164175019182197,1.6812444502909853
126,1548860400,377,322,0,699,5,-0.7164175019182197,0.24442670116708626
126,1548874800,377,802,425,1179,5,2.1266355014700022,1.4781879168727599
126,1548889200,113,490,377,603,5,1.805537750499097,-0.002325541974048448
126,1548903600,23,87,64,110,5,-0.2882871672903463,-1.2695011239384173
126,1548918000,227,48,0,275,5,-0.7164175019182197,-0.845395706039592
126,1548932400,788,293,0,1081,5,-0.7164175019182197,1.2262950019995182
126,1548946800,304,242,0,546,5,-0.7164175019182197,-0.1488346863390972
126,1548961200,404,799,395,1203,5,1.9259494071131864,1.5398759776580435
126,1548975600,116,424,308,540,5,1.343959733478421,-0.1642567015354181
126,1548990000,21,91,70,112,5,-0.2481499484189832,-1.2643604522063103
126,1549004400,242,55,0,297,5,-0.7164175019182197,-0.7888483169864153
126,1549018800,794,344,0,1138,5,-0.7164175019182197,1.3728041463645668
126,1549033200,334,354,20,688,5,-0.5826267723470093,0.2161530066404979
126,1549047600,441,782,341,1223,5,1.564714437270918,1.5912826949791132
126,1549062000,159,409,250,568,5,0.9559666177219107,-0.09228729728592049
126,1549076400,27,133,106,160,5,-0.007326635190804426,-1.140984330635743
126,1549090800,78,37,0,115,5,-0.7164175019182197,-1.25664944460815
126,1549105200,355,193,0,548,5,-0.7164175019182197,-0.14369401460699022
126,1549119600,360,326,0,686,5,-0.7164175019182197,0.21101233490839094
126,1549134000,354,409,55,763,5,-0.348492995597391,0.4089281965945094
126,1549148400,165,269,104,434,5,-0.02070570814792547,-0.4367123033370877
126,1549162800,32,110,78,142,5,-0.19463365659049903,-1.1872503762247058
126,1549177200,52,35,0,87,5,-0.7164175019182197,-1.3286188488576476
126,1549191600,264,106,0,370,5,-0.7164175019182197,-0.6012137987645109
126,1549206000,308,233,0,541,5,-0.7164175019182197,-0.16168636566936462
126,1549220400,289,358,69,647,5,-0.2548394848975437,0.11076923613230497
126,1549234800,120,289,169,409,5,0.41411416295850845,-0.5009706999884248
126,1549249200,33,79,46,112,5,-0.40869882390443574,-1.2643604522063103
126,1549263600,274,72,0,346,5,-0.7164175019182197,-0.6629018595497945
126,1549278000,918,395,0,1313,5,-0.7164175019182197,1.8226129229239272
126,1549292400,351,300,0,651,5,-0.7164175019182197,0.12105057959651891
126,1549306800,408,889,481,1297,5,2.5012495442693914,1.7814875490670712
126,1549321200,160,479,319,639,5,1.4175446347425866,0.09020654920387706
126,1549335600,27,91,64,118,6,-0.30319325573092293,-1.2450333486026828
126,1549350000,267,75,0,342,6,-0.724373344312174,-0.7170992545992556
126,1549364400,902,385,0,1287,6,-0.724373344312174,1.5101227044777028
126,1549378800,412,353,0,765,6,-0.724373344312174,0.27984771755900195
126,1549393200,457,809,352,1266,6,1.592117142884707,1.4606288831648815
126,1549407600,184,469,285,653,6,1.1511942376512099,0.01588067055728834
126,1549422000,23,111,88,134,6,-0.14525072251295376,-1.207323770459581
126,1549436400,249,67,0,316,6,-0.724373344312174,-0.7783773190817963
126,1549450800,1034,388,0,1422,6,-0.724373344312174,1.8282972700601254
126,1549465200,406,386,0,792,6,-0.724373344312174,0.34348263067548646
126,1549479600,418,826,408,1244,6,1.9606497203933018,1.4087782132181164
126,1549494000,167,532,365,699,6,1.6776693483777736,0.12429570771870642
126,1549508400,27,90,63,117,6,-0.30977419461500494,-1.2473901972366268
126,1549522800,254,67,0,321,6,-0.724373344312174,-0.7665930759120769
126,1549537200,962,356,0,1318,6,-0.724373344312174,1.5831850121299629
126,1549551600,381,296,0,677,6,-0.724373344312174,0.07244503777194125
126,1549566000,427,775,348,1202,6,1.565793387348379,1.3097905705924737
126,1549580400,144,598,454,742,6,2.263372909061076,0.2256401989782929
126,1549594800,36,101,65,137,6,-0.29661231684684086,-1.2002532245577493
126,1549609200,226,52,0,278,6,-0.724373344312174,-0.8679375671716635
126,1549623600,945,329,0,1274,6,-0.724373344312174,1.4794836722364324
126,1549638000,367,306,0,673,6,-0.724373344312174,0.06301764323616577
126,1549652400,468,916,448,1384,6,2.2238872757565837,1.7387370219702583
126,1549666800,179,501,322,680,6,1.3946889763622456,0.07951558367377287
126,1549681200,34,153,119,187,6,0.05875838289358973,-1.0824107928605557
126,1549695600,87,40,0,127,6,-0.724373344312174,-1.223821710897188
126,1549710000,362,235,0,597,6,-0.724373344312174,-0.11610285294356845
126,1549724400,336,298,0,634,6,-0.724373344312174,-0.028899453487645218
126,1549738800,323,489,166,812,6,0.36806251044544597,0.3906196033543639
126,1549753200,187,279,92,466,6,-0.11892696697662557,-0.4248500239902156
126,1549767600,62,110,48,172,6,-0.4084882778762357,-1.1177635223697138
126,1549782000,61,27,0,88,6,-0.724373344312174,-1.315738807620999
126,1549796400,242,113,0,355,6,-0.724373344312174,-0.6864602223579853
126,1549810800,300,263,0,563,6,-0.724373344312174,-0.1962357064976601
126,1549825200,260,343,83,603,6,-0.178155416933364,-0.10196176113990522
126,1549839600,132,237,105,369,6,-0.033374761483558946,-0.6534643414827711
126,1549854000,21,63,42,84,6,-0.447973911180728,-1.3251662021567745
126,1549868400,221,72,0,293,6,-0.724373344312174,-0.8325848376625054
126,1549882800,984,346,0,1330,6,-0.724373344312174,1.6114671957372892
126,1549897200,370,352,0,722,6,-0.724373344312174,0.17850322629941545
126,1549911600,441,814,373,1255,6,1.7303168594504301,1.434703548191499
126,1549926000,156,489,333,645,6,1.4670793040871482,-0.002974118514262632
126,1549940400,24,83,59,107,7,-0.2746018997885286,-1.2151263061011432
126,1549954800,256,58,0,314,7,-0.703582823288219,-0.6882953635484751
126,1549969200,777,315,0,1092,7,-0.703582823288219,1.2917745558040648
126,1549983600,301,293,0,594,7,-0.703582823288219,0.024326201257066204
126,1549998000,368,796,428,1164,7,2.4083465878620776,1.4750201010397754
126,1550012400,123,390,267,513,7,1.2377376271256342,-0.18182503713310824
126,1550026800,16,93,77,109,7,-0.14372636380557224,-1.210036152066818
126,1550041200,273,72,0,345,7,-0.703582823288219,-0.6093979760164331
126,1550055600,946,433,0,1379,7,-0.703582823288219,2.0222116597297446
126,1550070000,417,358,0,775,7,-0.703582823288219,0.4849851413635054
126,1550084400,439,843,404,1282,7,2.2338458732181357,1.7753391890649677
126,1550098800,169,542,373,711,7,2.008449116803044,0.322100212265096
126,1550113200,26,105,79,131,7,-0.12918463758524373,-1.1540444576892397
126,1550127600,249,65,0,314,7,-0.703582823288219,-0.6882953635484751
126,1550142000,914,385,0,1299,7,-0.703582823288219,1.8186054983567328
126,1550144719,83,48,0,131,7,-0.703582823288219,-1.1540444576892397
126,1550156400,325,249,0,574,7,-0.703582823288219,-0.02657533908618675
126,1550170800,441,911,470,1352,7,2.7137228384889758,1.953494580266353
126,1550185200,187,475,288,662,7,1.3904257524390833,0.19739143842412624
126,1550199600,30,116,86,146,7,-0.07828859581409404,-1.1158683024318
126,1550214000,258,70,0,328,7,-0.703582823288219,-0.6526642853081981
126,1550228400,865,407,0,1272,7,-0.703582823288219,1.7498884188933412
126,1550242800,385,372,0,757,7,-0.703582823288219,0.4391737550545778
126,1550257200,469,873,404,1342,7,2.2338458732181357,1.9280438100947266
126,1550271600,216,417,201,633,7,0.7578606618547941,0.12358420492640947
126,1550286000,49,136,87,185,7,-0.07101773270392979,-1.0166102987624566
126,1550300400,81,49,0,130,7,-0.703582823288219,-1.1565895347064024
126,1550314800,326,202,0,528,7,-0.703582823288219,-0.14364888187566854
126,1550329200,347,281,0,628,7,-0.703582823288219,0.11085881984059621
126,1550343600,296,438,142,734,7,0.3288797383551036,0.3806369836598369
126,1550358000,166,316,150,482,7,0.3870466432364176,-0.26072242466515033
126,1550372400,66,134,68,200,7,-0.20916413179705043,-0.978434143505017
126,1550386800,52,26,0,78,7,-0.703582823288219,-1.28893353959886
126,1550401200,240,123,0,363,7,-0.703582823288219,-0.5635865897075054
126,1550415600,351,278,0,629,7,-0.703582823288219,0.11340389685775887
126,1550430000,275,370,95,645,7,-0.012850827822615844,0.15412512913236123
126,1550444400,120,251,131,371,7,0.24890024414329692,-0.5432259735702042
126,1550458800,24,80,56,104,7,-0.29641448911902135,-1.222761537152631
126,1550473200,144,30,0,174,7,-0.703582823288219,-1.044606145951246
126,1550487600,412,219,0,631,7,-0.703582823288219,0.11849405089208416
126,1550502000,351,274,0,625,7,-0.703582823288219,0.10322358878910828
126,1550516400,329,458,129,787,7,0.23435851792296844,0.5155260655694572
126,1550530800,172,339,167,511,7,0.5106513161092097,-0.18691519116743355
126,1550545200,24,69,45,93,8,-0.47931939979167515,-1.419058554491756
126,1550559600,244,65,0,309,8,-0.7676800012706242,-0.8969548415902447
126,1550563296,252,60,0,312,8,-0.7676800012706242,-0.8897034011332793
126,1550574000,598,306,0,904,8,-0.7676800012706242,0.5412475157079
126,1550588400,371,294,0,665,8,-0.7676800012706242,-0.03645057403034636
126,1550602800,412,799,387,1211,8,1.7122211714483369,1.283311589137363
126,1550617200,182,464,282,646,8,1.039379767997456,-0.08237636359112745
126,1550631600,24,101,77,125,8,-0.27426297207331146,-1.3417098562841248
126,1550646000,250,60,0,310,8,-0.7676800012706242,-0.8945376947712562
126,1550660400,855,346,0,1201,8,-0.7676800012706242,1.2591401209474782
126,1550674800,382,359,0,741,8,-0.7676800012706242,0.147252584212778
126,1550689200,368,789,421,1157,8,1.9300936258990984,1.152785660911985
126,1550703600,125,367,242,492,8,0.7830592333495014,-0.45461697371535315
126,1550718000,17,94,77,111,8,-0.27426297207331146,-1.3755499117499634
126,1550732400,239,51,0,290,8,-0.7676800012706242,-0.9428806311510258
126,1550746800,927,375,0,1302,8,-0.7676800012706242,1.5032719496653144
126,1550761200,400,335,0,735,8,-0.7676800012706242,0.13274970329884714
126,1550775600,430,864,434,1294,8,2.0133977996596837,1.4839347751134067
126,1550790000,185,514,329,699,8,1.3405563962088027,0.04573241781526192
126,1550804400,23,125,102,148,8,-0.1140626379183398,-1.2861154794473897
126,1550818800,254,55,0,309,8,-0.7676800012706242,-0.8969548415902447
126,1550833200,838,361,0,1199,8,-0.7676800012706242,1.2543058273095011
126,1550847600,393,343,0,736,8,-0.7676800012706242,0.13516685011783564
126,1550862000,493,826,333,1319,8,1.366188449673598,1.5443634455881186
126,1550876400,214,480,266,694,8,0.9368515541382741,0.03364668372031952
126,1551495600,8693,2701,0,11394,9,-0.6903702218318922,4.222098728720025
126,1551510000,81,47,0,128,9,-0.6903702218318922,-0.37013973184387566
126,1551524400,328,204,0,532,9,-0.6903702218318922,-0.20546155520018528
126,1551538800,332,332,0,664,9,-0.6903702218318922,-0.1516558143166033
126,1551553200,284,428,144,712,9,1.1452497265957629,-0.1320900903589371
126,1551567600,192,304,112,496,9,0.7373341825007285,-0.22013584816843493
126,1551582000,31,106,75,137,9,0.2656818346408448,-0.36647115860181323
126,1551596400,51,28,0,79,9,-0.6903702218318922,-0.39011307505065984
126,1551610800,268,160,0,428,9,-0.6903702218318922,-0.247853957108462
126,1551625200,350,236,0,586,9,-0.6903702218318922,-0.18345011574781084
126,1551639600,292,369,77,661,9,0.2911765561467845,-0.15287867206395742
126,1551654000,108,202,94,310,9,0.5078816889472716,-0.29595302850439137
126,1551668400,23,66,43,89,9,-0.14223370945418962,-0.38603688255947943
126,1551682800,203,56,0,259,9,-0.6903702218318922,-0.31674161020941166
126,1551687641,265,90,0,355,9,-0.6903702218318922,-0.2776101622940793
126,1551697200,472,218,0,690,9,-0.6903702218318922,-0.1410577138395341
126,1551711600,360,279,0,639,9,-0.6903702218318922,-0.16184629554455443
126,1551726000,369,613,244,982,9,2.4199858018927456,-0.022032893097064844
126,1551740400,152,392,240,544,9,2.3689963588808665,-0.20057012421076875
126,1551754800,17,79,62,96,10,-0.2540859725947877,-1.380459008070549
126,1551769200,246,66,0,312,10,-0.7066440250139581,-0.8499360850333542
126,1551777560,657,243,0,900,10,-0.7066440250139581,0.5942652054567872
126,1551783600,693,106,0,799,10,-0.7066440250139581,0.34619661644402483
126,1551798000,370,305,0,675,10,-0.7066440250139581,0.041637160626375985
126,1551812400,448,848,400,1296,10,2.2130853454323027,1.566890564358311
126,1551826800,167,459,292,626,10,1.4247584154118123,-0.07871294691446913
126,1551841200,24,95,71,119,10,-0.18839206175974682,-1.3239681412656625
126,1551855600,258,63,0,321,10,-0.7066440250139581,-0.8278309632401377
126,1551870000,948,383,0,1331,10,-0.7066440250139581,1.6528549268874861
126,1551884400,381,333,0,714,10,-0.7066440250139581,0.13742602173031393
126,1551898800,422,827,405,1249,10,2.249581962562881,1.4514527061048472
126,1551913200,180,477,297,657,10,1.4612550325423905,-0.0025730829600569146
126,1551927600,21,95,74,116,10,-0.16649409148139988,-1.3313365151967347
126,1551942000,285,75,0,360,10,-0.7066440250139581,-0.7320421021361997
126,1551956400,958,326,0,1284,10,-0.7066440250139581,1.5374170686340223
126,1551970800,452,326,0,778,10,-0.7066440250139581,0.2946179989265198
126,1551985200,484,877,393,1361,10,2.1619900814494932,1.7265386661982076
126,1551999600,165,493,328,658,10,1.6875340587519758,-0.00011695831636619801
126,1552014000,28,131,103,159,10,0.04518628787595403,-1.2257231555180337
126,1552028400,279,74,0,353,10,-0.7066440250139581,-0.7492349746420347
126,1552042800,946,360,0,1306,10,-0.7066440250139581,1.5914518107952182
126,1552057200,409,430,21,839,10,-0.5533582330655294,0.4444416021916535
126,1552071600,530,898,368,1428,10,1.9795069957966018,1.8910990173254856
126,1552086000,214,504,290,718,10,1.410159768559581,0.1472505203050768
126,1552100400,40,157,117,197,10,0.14737681584157317,-1.1323904190577865
126,1552114800,100,39,0,139,10,-0.7066440250139581,-1.274845648391848
126,1552129200,387,237,0,624,10,-0.7066440250139581,-0.08362519620185056
126,1552143600,401,315,0,716,10,-0.7066440250139581,0.14233827101769536
126,1552158000,382,437,55,819,10,-0.30518123657759727,0.39531910931783915
126,1552172400,196,345,149,541,10,0.380955165477274,-0.28748354162818
126,1552190400,42,132,90,174,10,-0.04970491666354944,-1.188881285862673
126,1552204800,94,41,0,135,10,-0.7066440250139581,-1.2846701469666109
126,1552219200,284,152,0,436,10,-0.7066440250139581,-0.5453766292157053
126,1552233600,324,227,0,551,10,-0.7066440250139581,-0.26292229519127286
126,1552248000,236,324,88,560,10,-0.06430356351578075,-0.24081717339805642
126,1552262400,112,214,102,326,10,0.03788696444983838,-0.8155503400216841
126,1552276800,13,40,27,53,10,-0.5095622925088354,-1.4860723677492498
126,1552291200,541,157,0,698,10,-0.7066440250139581,0.09812802743126246
126,1552305600,807,354,0,1161,10,-0.7066440250139581,1.2353137374600642
126,1552320000,440,429,0,869,10,-0.7066440250139581,0.518125341502375
126,1552334400,425,759,334,1184,10,1.7313299993086697,1.2918046042649507
126,1552348800,139,378,239,517,11,0.8883052091065481,-0.4037934428940336
126,1552363200,14,57,43,71,11,-0.4210050921089096,-1.5036302058285287
126,1552377600,545,132,0,677,11,-0.7082517398245457,-0.009233169195560073
126,1552392000,845,385,0,1230,11,-0.7082517398245457,1.3544657767747892
126,1552406400,395,441,46,836,11,-0.40096462831479546,0.382861102792298
126,1552420800,493,1000,507,1493,11,2.678586641380745,2.003024226666655
126,1552435200,131,383,252,514,11,0.9751472188810427,-0.41119144802588004
126,1552449600,16,65,49,81,11,-0.3809241645206813,-1.478970188722374
126,1552464000,491,172,0,663,11,-0.7082517398245457,-0.04375719314417651
126,1552478400,824,395,0,1219,11,-0.7082517398245457,1.327339757958019
126,1552486110,206,162,0,368,11,-0.7082517398245457,-0.7712276977757372
126,1552492800,329,221,0,550,11,-0.7082517398245457,-0.3224153864437235
126,1552507200,436,932,496,1368,11,2.6051049408023266,1.6947740128397226
126,1552521600,109,381,272,490,11,1.1087503108418038,-0.4703754890806511
126,1552536000,19,72,53,91,11,-0.3542035461285291,-1.4543101716162194
126,1552550400,562,171,0,733,11,-0.7082517398245457,0.12886292659890566
126,1552564800,829,371,0,1200,11,-0.7082517398245457,1.2804857254563253
126,1552579200,419,449,30,868,11,-0.5078471018834042,0.4617731575319928
126,1552593600,433,893,460,1326,11,2.364619375272957,1.5912019409938734
126,1552608000,116,438,322,554,11,1.4427580407437062,-0.3125513796012616
126,1552622400,18,72,54,90,11,-0.34752339153049105,-1.456776173326835
126,1552636800,548,157,0,705,11,-0.7082517398245457,0.0598148787016728
126,1552651200,820,385,0,1205,11,-0.7082517398245457,1.2928157340094026
126,1552665600,420,473,53,893,11,-0.3542035461285291,0.5234232002973792
126,1552680000,468,819,351,1287,11,1.6364825240868095,1.4950278742798704
126,1552694400,167,404,237,571,11,0.874944899910472,-0.2706293505207988
126,1552708800,20,98,78,118,11,-0.18719968117757785,-1.387728125429602
126,1552723200,182,88,0,270,11,-0.7082517398245457,-1.0128958654160523
126,1552737600,427,267,0,694,11,-0.7082517398245457,0.03268885988490274
126,1552752000,478,396,0,874,11,-0.7082517398245457,0.4765691677956855
126,1552766400,301,458,157,759,11,0.340532532067428,0.19297897107490763
126,1552780800,156,313,157,469,11,0.340532532067428,-0.5221615250035757
126,1552795200,22,93,71,115,11,-0.2339607633638442,-1.3951261305614484
126,1552809600,115,49,0,164,11,-0.7082517398245457,-1.274292046741291
126,1552824000,323,186,0,509,11,-0.7082517398245457,-0.4235214565789573
126,1552838400,334,288,0,622,11,-0.7082517398245457,-0.14486326327941035
126,1552852800,268,401,133,669,11,0.18020882171451486,-0.02896118288048375
126,1552867200,150,208,58,358,11,-0.3208027731383388,-0.7958877148818917
126,1552881600,13,59,46,72,11,-0.40096462831479546,-1.5011642041179132
126,1552896000,537,178,0,715,11,-0.7082517398245457,0.0844748958078274
126,1552910400,830,369,0,1199,11,-0.7082517398245457,1.27801972374571
126,1552924800,427,428,1,855,11,-0.7015715852265076,0.42971513529399175
126,1552939200,408,802,394,1210,11,1.9237291718024456,1.30514574256248
126,1552953600,123,332,209,455,12,0.8639031144655048,-0.5318762664081355
126,1552968000,14,34,20,48,12,-0.5419318430226414,-1.5389534593612444
126,1552982400,557,165,0,722,12,-0.6906974469896411,0.1287861672982038
126,1552996800,833,360,0,1193,12,-0.6906974469896411,1.294224393049836
126,1553011200,396,444,48,840,12,-0.333659997468842,0.42076432152048104
126,1553025600,450,902,452,1352,12,2.6714052026645496,1.6876525839086671
126,1553040000,132,344,212,476,12,0.8862179550605548,-0.47991405252112
126,1553054400,17,47,30,64,12,-0.46754904103914163,-1.4993632011616136
126,1553068800,541,145,0,686,12,-0.6906974469896411,0.03970808634903445
126,1553083200,840,330,0,1170,12,-0.6906974469896411,1.2373133968878667
126,1553097600,409,427,18,836,12,-0.5568084034193415,0.41086675697057334
126,1553112000,476,896,420,1372,12,2.4333802363173502,1.7371404066582057
126,1553126400,133,339,206,472,12,0.8415882738704549,-0.4898116170710277
126,1553140800,13,44,31,57,12,-0.46011076084079167,-1.516683939123952
126,1553155200,537,162,0,699,12,-0.6906974469896411,0.0718751711362345
126,1553169600,812,351,0,1163,12,-0.6906974469896411,1.219992658925528
126,1553184000,371,434,63,805,12,-0.2220857944935923,0.3341606317087886
126,1553198400,418,820,402,1238,12,2.299491192747051,1.4055719942362976
126,1553212800,124,328,204,452,12,0.8267117134737549,-0.5392994398205663
126,1553227200,18,54,36,72,12,-0.4229193598490418,-1.479568072061798
126,1553241600,495,150,0,645,12,-0.6906974469896411,-0.06174195028751951
126,1553256000,751,392,0,1143,12,-0.6906974469896411,1.1705048361759895
126,1553270400,471,488,17,959,12,-0.5642466836176914,0.7152168668802352
126,1553284800,493,845,352,1338,12,1.9275771828295518,1.6530111079839902
126,1553299200,157,375,218,532,12,0.9308476362506546,-0.34134814882241216
126,1553313600,19,84,65,103,12,-0.20720923409689235,-1.4028619468000134
126,1553328000,177,65,0,242,12,-0.6906974469896411,-1.0589215786907207
126,1553342400,403,199,0,602,12,-0.6906974469896411,-0.16814076919902735
126,1553356800,382,353,0,735,12,-0.6906974469896411,0.16095325208540381
126,1553371200,343,442,99,785,12,0.04569229264700699,0.2846728089592501
126,1553385600,191,271,80,462,12,-0.09563503112164264,-0.514555528445797
126,1553400000,28,84,56,112,12,-0.27415375588204216,-1.3805924265627212
126,1553414400,122,53,0,175,12,-0.6906974469896411,-1.2247057849016747
126,1553428800,339,162,0,501,12,-0.6906974469896411,-0.4180542740841969
126,1553443200,361,274,0,635,12,-0.6906974469896411,-0.08648586166228878
126,1553457600,262,382,120,644,12,0.20189617681235658,-0.06421634142499644
126,1553472000,115,212,97,327,12,0.03081573225030703,-0.848598332005182
126,1553486400,17,42,25,59,12,-0.5047404420308915,-1.511735156848998
126,1553500800,561,141,0,702,12,-0.6906974469896411,0.07929834454866527
126,1553515200,848,392,0,1240,12,-0.6906974469896411,1.4105207765112515
126,1553529600,407,388,0,795,12,-0.6906974469896411,0.3094167203340194
126,1553544000,405,825,420,1230,12,2.4333802363173502,1.3857768651364821
126,1553558400,120,319,199,439,13,0.7396647381256115,-0.5412210762585373
126,1553572800,14,40,26,54,13,-0.4431772758685386,-1.4800174137375073
126,1553587200,531,160,0,691,13,-0.6209454398214167,0.07326379918224302
126,1553601600,836,378,0,1214,13,-0.6209454398214167,1.3485637589264023
126,1553616000,402,422,20,824,13,-0.48420069831920276,0.39757526122043263
126,1553630400,427,942,515,1369,13,2.900231653860591,1.7265207259633901
126,1553644800,121,328,207,449,13,0.794362634726497,-0.5168367558045381
126,1553659200,17,43,26,60,13,-0.4431772758685386,-1.4653868214651078
126,1553673600,523,130,0,653,13,-0.6209454398214167,-0.019396618542954026
126,1553688000,906,374,0,1280,13,-0.6209454398214167,1.5095002739227972
126,1553702400,434,432,0,866,13,-0.6209454398214167,0.4999894071272294
126,1553716800,411,866,455,1277,13,2.489997429353949,1.5021849777865974
126,1553731200,139,344,205,483,13,0.7806881605762757,-0.43393006626094077
126,1553745600,17,38,21,55,13,-0.47736346124409207,-1.4775789816921074
126,1553760000,518,162,0,680,13,-0.6209454398214167,0.04644104668284387
126,1553774400,849,357,0,1206,13,-0.6209454398214167,1.329056302563203
126,1553788800,453,409,0,862,13,-0.6209454398214167,0.4902356789456297
126,1553803200,464,978,514,1442,13,2.89339441678548,1.9045262652775845
126,1553817600,139,314,175,453,13,0.5755710483229548,-0.5070830276229384
126,1553832000,9,44,35,53,13,-0.38164214219254233,-1.4824558457829073
126,1553846400,527,152,0,679,13,-0.6209454398214167,0.04400261463744395
126,1553852883,508,216,0,724,13,-0.6209454398214167,0.15373205668044043
126,1553857259,183,76,0,259,13,-0.6209454398214167,-0.9801388444305233
126,1553860800,551,69,0,620,13,-0.6209454398214167,-0.09986487604115146
126,1553875200,468,473,5,941,13,-0.5867592544458632,0.6828718105322236
126,1553889600,522,804,282,1326,13,1.307155415359799,1.6216681480111936
126,1553904000,162,385,223,547,13,0.9037584279282682,-0.2778704153553458
126,1553918400,21,86,65,107,13,-0.17652502993922153,-1.3507805153313115
126,1553932800,167,63,0,230,13,-0.6209454398214167,-1.050853373747121
126,1553947200,435,266,0,701,13,-0.6209454398214167,0.09764811963624223
126,1553961600,445,324,0,769,13,-0.6209454398214167,0.26346149872343694
126,1553976000,343,422,79,765,13,-0.08080371088767181,0.25370777054183724
126,1553990400,151,318,167,469,13,0.5208731517220693,-0.4680681148965397
126,1554004800,26,118,92,144,13,0.00808037108876722,-1.2605585296515145
126,1554019200,108,46,0,154,13,-0.6209454398214167,-1.2361742091975152
126,1554033600,309,162,0,471,13,-0.6209454398214167,-0.46319125080573986
126,1554048000,328,282,0,610,13,-0.6209454398214167,-0.12424919649515068
126,1554062400,261,368,107,629,13,0.11063892721542763,-0.07791898763255216
126,1554076800,116,181,65,297,13,-0.17652502993922153,-0.8874784267053263
126,1554091200,13,40,27,53,13,-0.4363400387934279,-1.4824558457829073
126,1554105600,558,173,0,731,13,-0.6209454398214167,0.1708010809982399
126,1554120000,821,395,0,1216,13,-0.6209454398214167,1.353440623017202
126,1554134400,419,440,21,859,13,-0.47736346124409207,0.48292038280942995
126,1554148800,453,918,465,1371,13,2.5583698001050563,1.73139759005419
126,1554163200,131,356,225,487,14,0.8508831088269632,-0.5207291061927227
126,1554177600,16,49,33,65,14,-0.4791268523245451,-1.5519472825234288
126,1554192000,566,162,0,728,14,-0.7077223143974606,0.06818933100087951
126,1554206400,876,389,0,1265,14,-0.7077223143974606,1.380426678606541
126,1554220800,414,400,0,814,14,-0.7077223143974606,0.278342798215194
126,1554235200,439,903,464,1342,14,2.5064684250520175,1.5685873411123807
126,1554249600,132,369,237,501,14,0.9340087313989324,-0.48651807664620644
126,1554264000,18,65,47,83,14,-0.3821469593239143,-1.507961673106479
126,1554278400,555,169,0,724,14,-0.7077223143974606,0.05841475113044627
126,1554292800,885,377,0,1262,14,-0.7077223143974606,1.3730957437037161
126,1554307200,455,422,0,877,14,-0.7077223143974606,0.43229243117451743
126,1554321600,478,894,416,1372,14,2.1739659347641407,1.64189669014063
126,1554336000,150,429,279,579,14,1.2249484104008248,-0.2959137691727584
126,1554350400,15,65,50,80,14,-0.361365553680922,-1.515292608009304
126,1554364800,574,136,0,710,14,-0.7077223143974606,0.02420372158392996
126,1554379200,882,361,0,1243,14,-0.7077223143974606,1.3266664893191582
126,1554393600,427,469,42,896,14,-0.41678263539556815,0.4787216855590753
126,1554408000,450,907,457,1357,14,2.457978478551702,1.6052420156265053
126,1554422400,135,415,280,550,14,1.2318755456151556,-0.3667794732333993
126,1554436800,19,60,41,79,14,-0.42370977060989895,-1.5177362529769125
126,1554451200,530,188,0,718,14,-0.7077223143974606,0.043752881324796426
126,1554465600,788,349,0,1137,14,-0.7077223143974606,1.0676401227526775
126,1554480000,426,467,41,893,14,-0.42370977060989895,0.47139075065625036
126,1554494400,461,853,392,1314,14,2.007714689620202,1.500165282019348
126,1554508800,174,327,153,501,14,0.35212937339514755,-0.48651807664620644
126,1554523200,22,75,53,97,14,-0.3405841480379297,-1.473750643559963
126,1554537600,202,76,0,278,14,-0.7077223143974606,-1.031450904422859
126,1554552000,441,273,0,714,14,-0.7077223143974606,0.033978301454363195
126,1554566400,469,365,0,834,14,-0.7077223143974606,0.3272156975673602
126,1554580800,332,487,155,819,14,0.3659836438238091,0.29056102305323556
126,1554595200,173,338,165,511,14,0.4352549959671168,-0.46208162697012334
126,1554609600,27,99,72,126,14,-0.208968578965645,-1.402884939499322
126,1554624000,112,44,0,156,14,-0.7077223143974606,-1.3295755904710727
126,1554638400,347,186,0,533,14,-0.7077223143974606,-0.4083214376827406
126,1554652800,349,232,0,581,14,-0.7077223143974606,-0.29102647923754177
126,1554667200,285,412,127,697,14,0.17202385782254748,-0.007563662994978043
126,1554681600,122,204,82,326,14,-0.13969722682233726,-0.9141559459776604
126,1554696000,15,67,52,82,14,-0.34751128325226044,-1.5104053180740875
126,1554710400,591,155,0,746,14,-0.7077223143974606,0.11217494041782905
126,1554724800,882,357,0,1239,14,-0.7077223143974606,1.316891909448725
126,1554739200,424,427,3,851,14,-0.6869409087544682,0.3687576620167014
126,1554753600,406,831,425,1237,14,2.2363101516931176,1.3120046195135082
126,1554768000,108,355,247,463,15,1.1442706429136538,-0.5116077733782087
126,1554782400,18,56,38,74,15,-0.3347583919037524,-1.5019484805211847
126,1554796800,577,160,0,737,15,-0.6036727618705535,0.18595868872249927
126,1554811200,827,388,0,1215,15,-0.6036727618705535,1.402881202898187
126,1554825600,544,383,0,927,15,-0.6036727618705535,0.6696726587923333
126,1554840000,543,834,291,1377,15,1.4556451765594234,1.8153110089577296
126,1554854400,141,399,258,540,15,1.2221142763250963,-0.31557632234990757
126,1554868800,17,71,54,88,15,-0.22153128875983613,-1.466306398516039
126,1554883200,561,164,0,725,15,-0.6036727618705535,0.15540833271808868
126,1554887260,354,127,0,481,15,-0.6036727618705535,-0.4657822393715929
126,1554887389,11,0,0,11,15,-0.6036727618705535,-1.6623378495443402
126,1554894639,402,159,0,561,15,-0.6036727618705535,-0.2621131993421891
126,1554897600,650,77,0,727,15,-0.6036727618705535,0.16050005871882378
126,1554912000,433,456,23,889,15,-0.44090880110117386,0.5729298647783665
126,1554926400,413,892,479,1305,15,2.7860636385004396,1.6320088729312663
126,1554940800,125,374,249,499,15,1.1584240308066434,-0.41995670536497703
126,1554955200,14,64,50,78,15,-0.24983806454581517,-1.4917650285197146
126,1554969600,577,162,0,739,15,-0.6036727618705535,0.19105041472323436
126,1554984000,873,375,0,1248,15,-0.6036727618705535,1.486894681910316
126,1554998400,429,384,0,813,15,-0.6036727618705535,0.37944427675043285
126,1555012800,456,960,504,1416,15,2.9629809871628083,1.9145996659720639
126,1555027200,142,383,241,525,15,1.1018104792346852,-0.3537642673554208
126,1555041600,17,67,50,84,15,-0.24983806454581517,-1.4764898505175093
126,1555056000,573,140,0,713,15,-0.6036727618705535,0.12485797671367811
126,1555059678,350,135,0,485,15,-0.6036727618705535,-0.4555987873701227
126,1555070400,584,258,0,842,15,-0.6036727618705535,0.45327430376109173
126,1555084800,460,423,0,883,15,-0.6036727618705535,0.5576546867761611
126,1555099200,490,937,447,1427,15,2.559609432212607,1.942604158976107
126,1555113600,395,403,8,798,15,-0.5470592102985954,0.34125633174491965
126,1555128000,29,86,57,115,15,-0.20030120692035183,-1.3975680975061153
126,1555142400,177,70,0,247,15,-0.6036727618705535,-1.061514181457599
126,1555156800,411,212,0,623,15,-0.6036727618705535,-0.10426969331940115
126,1555171200,477,323,0,800,15,-0.6036727618705535,0.34634805774565475
126,1555185600,346,526,180,872,15,0.6701321484985043,0.5296501937721182
126,1555200000,324,301,0,625,15,-0.6036727618705535,-0.09917796731866606
126,1555214400,55,104,49,159,15,-0.25691475849230994,-1.285550125489943
126,1555228800,122,49,0,171,15,-0.6036727618705535,-1.2549997694855326
126,1555243200,337,160,0,497,15,-0.6036727618705535,-0.42504843136571213
126,1555257600,342,340,0,682,15,-0.6036727618705535,0.045936223702284146
126,1555272000,284,393,109,677,15,0.167686878297376,0.03320690870044641
126,1555286400,143,225,82,368,15,-0.02338385825798268,-0.7534647584131258
126,1555300800,19,57,38,76,15,-0.3347583919037524,-1.4968567545204496
126,1555315200,517,136,0,653,15,-0.6036727618705535,-0.02789380330837473
126,1555329600,812,341,0,1153,15,-0.6036727618705535,1.245037696875399
126,1555344000,407,470,63,877,15,-0.15784104324138323,0.5423795087739559
126,1555358400,435,842,407,1277,15,2.276541674352816,1.5607247089209748
126,1555372800,113,326,213,439,16,0.7866970096159233,-0.6448315652815864
126,1555387200,13,66,53,79,16,-0.3436437867533314,-1.5780104767534073
126,1555401600,547,143,0,690,16,-0.7180691755506471,0.0058015091057109155
126,1555416000,818,366,0,1184,16,-0.7180691755506471,1.2863303487364874
126,1555430400,484,446,0,930,16,-0.7180691755506471,0.6279207834202581
126,1555444800,456,910,454,1366,16,2.4892728341471133,1.7581041317583523
126,1555459200,136,399,263,535,16,1.1399285084813153,-0.39598385555576754
126,1555473600,16,51,35,67,16,-0.4708071263448726,-1.6091164404691347
126,1555488000,553,172,0,725,16,-0.7180691755506471,0.09652723660991572
126,1555502400,850,371,0,1221,16,-0.7180691755506471,1.3822404035266467
126,1555516800,444,440,0,884,16,-0.7180691755506471,0.5086812558433033
126,1555531200,415,933,518,1348,16,2.941409152694815,1.7114451861847613
126,1555545600,148,430,282,578,16,1.2741564780501644,-0.28452081890774444
126,1555560000,16,66,50,82,16,-0.36483767668525496,-1.5702339858244754
126,1555574400,551,132,0,683,16,-0.7180691755506471,-0.012343636395130047
126,1555588800,800,348,0,1148,16,-0.7180691755506471,1.1930124575893053
126,1555603200,436,460,24,896,16,-0.5485180560952588,0.5397872195590306
126,1555617600,475,839,364,1314,16,1.8534561361894075,1.6233116223235338
126,1555632000,152,420,268,572,16,1.1752516583678545,-0.30007380076560813
126,1555646400,14,60,46,74,16,-0.3930961965944863,-1.5909712949682937
126,1555660800,435,113,0,548,16,-0.7180691755506471,-0.3622857281970629
126,1555675200,659,318,0,977,16,-0.7180691755506471,0.7497524746401903
126,1555689600,443,509,66,952,16,-0.2518035970483295,0.6849483835657584
126,1555704000,409,680,271,1089,16,1.196445548299778,1.0400748026536457
126,1555718400,161,313,152,474,16,0.3557545810001449,-0.5541058377773816
126,1555732800,28,125,97,153,16,-0.03280006775178638,-1.3861903671730886
126,1555747200,179,75,0,254,16,-0.7180691755506471,-1.1243818392323832
126,1555761600,401,227,0,628,16,-0.7180691755506471,-0.15491263675888045
126,1555776000,437,374,0,811,16,-0.7180691755506471,0.3194533099059618
126,1555790400,369,533,164,902,16,0.440530140727839,0.5553402014168943
126,1555804800,183,315,132,498,16,0.2144619814539881,-0.4918939103459269
126,1555819200,31,118,87,149,16,-0.1034463675248648,-1.3965590217449977
126,1555833600,125,57,0,182,16,-0.7180691755506471,-1.3110176215267475
126,1555848000,367,175,0,542,16,-0.7180691755506471,-0.37783871005492653
126,1555862400,395,363,0,758,16,-0.7180691755506471,0.18206863682816596
126,1555876800,284,427,143,711,16,0.29217291120437433,0.0602369456082338
126,1555891200,182,275,93,457,16,-0.061058587661017745,-0.5981726197079954
126,1555905600,24,60,36,84,16,-0.4637424963675647,-1.565049658538521
126,1555920000,531,167,0,698,16,-0.7180691755506471,0.026538818249529156
126,1555934400,777,365,0,1142,16,-0.7180691755506471,1.1774594757314416
126,1555948800,410,420,10,830,16,-0.6474228757775686,0.36870441912253016
126,1555963200,392,840,448,1232,16,2.4468850542832663,1.4107542035993967
126,1555977600,153,328,175,481,17,0.5496187803497845,-0.5216589452231088
126,1555992000,16,48,32,64,17,-0.4498613832227138,-1.6351301326304613
126,1556006400,566,143,0,709,17,-0.6735212799662099,0.08714544501400466
126,1556020800,792,389,0,1181,17,-0.6735212799662099,1.3474773405925906
126,1556035200,466,403,0,869,17,-0.6735212799662099,0.5143765960575931
126,1556049600,468,844,376,1312,17,1.9544825067698695,1.6972728455095285
126,1556064000,130,366,236,496,17,0.975970458517074,-0.4816060248127724
126,1556078400,13,82,69,95,17,-0.19125462761304637,-1.5523540971157659
126,1556092800,533,163,0,696,17,-0.6735212799662099,0.0524329139917131
126,1556107200,792,343,0,1135,17,-0.6735212799662099,1.2246483846675589
126,1556121600,439,409,0,848,17,-0.6735212799662099,0.4583025074831221
126,1556136000,390,886,496,1276,17,2.79320711955798,1.601145836524721
126,1556150400,154,345,191,499,17,0.6614487287215326,-0.47359544073070514
126,1556164800,14,77,63,91,17,-0.23319085825245192,-1.5630348758918557
126,1556179200,559,169,0,728,17,-0.6735212799662099,0.1378791442004308
126,1556193600,838,393,0,1231,17,-0.6735212799662099,1.480987075293712
126,1556208000,459,393,0,852,17,-0.6735212799662099,0.4689832862592118
126,1556222400,461,851,390,1312,17,2.052333711595149,1.6972728455095285
126,1556236800,175,407,232,582,17,0.948012971424137,-0.25196928112684364
126,1556251200,41,77,36,118,17,-0.42190389612977675,-1.49093961915325
126,1556265600,441,162,0,603,17,-0.6735212799662099,-0.19589519255237267
126,1556272986,518,175,0,693,17,-0.6735212799662099,0.044422329909645814
126,1556280000,452,145,0,597,17,-0.6735212799662099,-0.21191636071650724
126,1556294400,400,469,69,869,17,-0.19125462761304637,0.5143765960575931
126,1556308800,448,878,430,1326,17,2.331908582524519,1.7346555712258425
126,1556323200,242,356,114,598,17,0.12326710218249505,-0.20924616602248483
126,1556337600,40,145,105,185,17,0.06036275622338677,-1.3120365746537475
126,1556352000,228,89,0,317,17,-0.6735212799662099,-0.959570875042787
126,1556366400,491,313,0,804,17,-0.6735212799662099,0.3408139409461353
126,1556380800,606,471,0,1077,17,-0.6735212799662099,1.069777092414258
126,1556395200,361,528,167,889,17,0.4937038061639105,0.5677804899380416
126,1556409600,208,368,160,576,17,0.44477820375127075,-0.2679904492909782
126,1556424000,32,125,93,157,17,-0.023509705055424282,-1.3868020260863754
126,1556438400,128,43,0,171,17,-0.6735212799662099,-1.3494193003700614
126,1556452800,350,169,0,519,17,-0.6735212799662099,-0.4201915468502566
126,1556467200,353,295,0,648,17,-0.6735212799662099,-0.07573643132136343
126,1556481600,246,394,148,640,17,0.3609057424724597,-0.09709798887354286
126,1556496000,126,223,97,349,17,0.004447782037512734,-0.8741246448340693
126,1556510400,21,59,38,80,17,-0.40792515258330825,-1.5924070175261025
126,1556524800,577,161,0,738,17,-0.6735212799662099,0.16458109114065506
126,1556528232,308,104,0,412,17,-0.6735212799662099,-0.7059023791106563
126,1556539200,502,228,0,730,17,-0.6735212799662099,0.14321953358847564
126,1556553600,458,406,0,864,17,-0.6735212799662099,0.501025622587481
126,1556568000,410,933,523,1343,17,2.981920157435305,1.7800488810242239
126,1556582400,124,377,253,501,18,1.1671620795539819,-0.41939446263061236
126,1556596800,13,30,17,43,18,-0.5281431834428106,-1.6254827152516529
126,1556611200,549,174,0,723,18,-0.6502626303535965,0.1652160004302413
126,1556625600,876,330,0,1206,18,-0.6502626303535965,1.4371387646572338
126,1556640000,422,440,18,862,18,-0.5209596865657056,0.5312558849593343
126,1556654400,442,862,420,1304,18,2.3668060580305257,1.6952100501525655
126,1556668800,127,367,240,494,18,1.0737766201516161,-0.4378281258802789
126,1556683200,19,30,11,49,18,-0.5712441647054409,-1.6096824324662242
126,1556697600,584,185,0,769,18,-0.6502626303535965,0.286351501785193
126,1556712000,848,343,0,1191,18,-0.6502626303535965,1.3976380576936625
126,1556726400,430,429,0,859,18,-0.6502626303535965,0.5233557435666201
126,1556740800,434,851,417,1285,18,2.3452555673992106,1.645175821332042
126,1556755200,117,388,271,505,18,1.2964650233418729,-0.40886094077366003
126,1556769600,10,35,25,45,18,-0.47067520842597016,-1.6202159543231767
126,1556784000,582,148,0,730,18,-0.6502626303535965,0.18364966367990784
126,1556790093,526,184,0,710,18,-0.6502626303535965,0.13098205439514626
126,1556798400,542,180,0,722,18,-0.6502626303535965,0.1625826199660032
126,1556812800,422,428,6,850,18,-0.6071616490909661,0.4996553193884774
126,1556827200,482,881,399,1363,18,2.2159526236113196,1.8505794975426122
126,1556841600,131,417,286,548,18,1.4042174764984485,-0.29562558081142265
126,1556856000,10,35,25,45,18,-0.47067520842597016,-1.6202159543231767
126,1556870400,564,157,0,721,18,-0.6502626303535965,0.15994923950176512
126,1556878107,544,211,0,755,18,-0.6502626303535965,0.24948417528585984
126,1556884800,526,146,0,672,18,-0.6502626303535965,0.030913596754099232
126,1556899200,445,447,2,892,18,-0.6358956365993864,0.6102572988864767
126,1556913600,514,857,343,1371,18,1.8136767984934365,1.8716465412565169
126,1556928000,173,404,231,577,18,1.0091251482576706,-0.21925754734851832
126,1556942400,21,103,82,124,18,-0.06121588643098218,-1.4121788976483685
126,1556956800,192,100,0,292,18,-0.6502626303535965,-0.9697709796563709
126,1556971200,477,272,0,749,18,-0.6502626303535965,0.23368389250043137
126,1556985600,424,340,0,764,18,-0.6502626303535965,0.27318459946400253
126,1557000000,366,536,170,902,18,0.5709318387542625,0.6365911035288575
126,1557014400,181,345,164,526,18,0.5278308574916322,-0.35355995102466037
126,1557028800,31,102,71,133,18,-0.14023435207913776,-1.3884784734702256
126,1557043200,102,47,0,149,18,-0.6502626303535965,-1.3463443860424165
126,1557057600,337,170,0,507,18,-0.6502626303535965,-0.40359417984518386
126,1557072000,347,298,0,645,18,-0.6502626303535965,-0.04018767578032891
126,1557086400,241,403,162,644,18,0.513463863737422,-0.042821056244566995
126,1557100800,136,196,60,332,18,-0.21925281772729333,-0.8644357610868478
126,1557115200,12,42,30,54,18,-0.43475772404044494,-1.596515530145034
126,1557129600,557,201,0,758,18,-0.6502626303535965,0.2573843166785741
126,1557143350,821,331,0,1152,18,-0.6502626303535965,1.2949362195883773
126,1557144000,490,70,0,560,18,-0.6502626303535965,-0.26402501524056565
126,1557150302,175,143,0,318,18,-0.6502626303535965,-0.9013030875861809
126,1557158400,303,305,2,608,18,-0.6358956365993864,-0.13762275295713786
126,1557172800,452,911,459,1363,18,2.6469624362376227,1.8505794975426122
126,1557187200,117,379,262,496,19,1.1968858349954505,-0.5046400639284406
126,1557201600,12,18,6,30,19,-0.5971391202918479,-1.6226033144533816
126,1557216000,548,194,0,742,19,-0.639186580181394,0.08552937733579863
126,1557226982,766,317,0,1083,19,-0.639186580181394,0.9036097816898864
126,1557230400,565,75,0,640,19,-0.639186580181394,-0.15917502513961765
126,1557244800,451,443,0,894,19,-0.639186580181394,0.4501869182795562
126,1557259200,521,914,393,1435,19,2.114922042583873,1.7480798765070091
126,1557273600,153,430,277,583,19,1.3020044847193157,-0.2959216029935267
126,1557288000,15,33,18,48,19,-0.5130442005127558,-1.5794201846047786
126,1557302400,604,147,0,751,19,-0.639186580181394,0.10712094226010006
126,1557316800,898,316,0,1214,19,-0.639186580181394,1.2178870044769405
126,1557331200,420,417,0,837,19,-0.639186580181394,0.3134403404256471
126,1557345600,475,899,424,1374,19,2.332167252013194,1.6017370475756327
126,1557360000,132,350,218,482,19,0.8885377958054462,-0.5382269426995762
126,1557374400,13,50,37,63,19,-0.37989391086252655,-1.5434342430642762
126,1557388800,593,141,0,734,19,-0.639186580181394,0.06633687518086402
126,1557403200,887,400,0,1287,19,-0.639186580181394,1.3930185866407188
126,1557417600,485,433,0,918,19,-0.639186580181394,0.50776442474436
126,1557432000,561,948,387,1509,19,2.0728745826943267,1.9256105214401542
126,1557446400,189,452,263,641,19,1.2038937449770415,-0.15677596237025082
126,1557460800,16,21,5,37,19,-0.6041470302734389,-1.6058098750678138
126,1557475200,579,152,0,731,19,-0.639186580181394,0.05913968687276354
126,1557489600,800,366,0,1166,19,-0.639186580181394,1.1027319915473328
126,1557504000,490,462,0,952,19,-0.639186580181394,0.5893325589028321
126,1557518400,490,906,416,1396,19,2.276103972160466,1.6545164285017029
126,1557532800,212,352,140,564,19,0.34192081724134743,-0.3415037956114964
126,1557547200,30,109,79,139,19,-0.08556169163570415,-1.3611054725923974
126,1557561600,199,96,0,295,19,-0.639186580181394,-0.9868516805711727
126,1557576000,436,268,0,704,19,-0.639186580181394,-0.005635007900140767
126,1557590400,469,409,0,878,19,-0.639186580181394,0.41180191396968696
126,1557604800,360,517,157,877,19,0.4610552869283946,0.40940285120032016
126,1557619200,211,305,94,516,19,0.01955695808816099,-0.4566588085411041
126,1557633600,34,111,77,145,19,-0.09957751159888617,-1.3467110959761965
126,1557648000,125,49,0,174,19,-0.639186580181394,-1.2771382756645586
126,1557662400,287,183,0,470,19,-0.639186580181394,-0.5670156959319781
126,1557676800,303,312,9,615,19,-0.5761153903470748,-0.21915159437378828
126,1557691200,251,329,78,580,19,-0.09256960161729516,-0.3031187913016272
126,1557705600,148,206,58,354,19,-0.23272780124911535,-0.8453069771785299
126,1557720000,15,53,38,68,19,-0.37288600088093554,-1.5314389292174422
126,1557734400,541,137,0,678,19,-0.639186580181394,-0.06801063990367824
126,1557748800,858,353,0,1211,19,-0.639186580181394,1.21068981616884
126,1557763200,405,391,0,796,19,-0.639186580181394,0.21507876688160724
126,1557777600,390,876,486,1266,19,2.7666576708718367,1.3426382684840155
126,1557792000,127,340,213,467,20,0.7701942537780939,-0.7165503621810031
126,1557806400,11,60,49,71,20,-0.3233048156084812,-1.6668166836154363
126,1557820800,554,149,0,703,20,-0.6500210009739823,-0.15023002920492678
126,1557835200,884,399,0,1283,20,-0.6500210009739823,1.2415741789566168
126,1557849600,413,437,24,850,20,-0.48999674691741035,0.20252034769118857
126,1557864000,435,969,534,1404,20,2.910518651784744,1.5319333327282492
126,1557878400,132,366,234,498,20,0.9102154760775945,-0.6421608269171964
126,1557892800,21,53,32,74,20,-0.436655328898553,-1.659617696331842
126,1557907200,574,147,0,721,20,-0.6500210009739823,-0.10703610550336162
126,1557921600,867,322,0,1189,20,-0.6500210009739823,1.016005910737332
126,1557936000,438,408,0,846,20,-0.6500210009739823,0.19292169797972963
126,1557950400,456,942,486,1398,20,2.5904701436716002,1.5175353581610607
126,1557964800,150,310,160,460,20,0.4168073594031642,-0.7333479991760562
126,1557979200,21,80,59,101,20,-0.25662804308490955,-1.5948268107794943
126,1557993600,606,190,0,796,20,-0.6500210009739823,0.07293857658649314
126,1558008000,867,356,0,1223,20,-0.6500210009739823,1.097594433284733
126,1558022400,448,402,0,850,20,-0.6500210009739823,0.20252034769118857
126,1558036800,434,930,496,1364,20,2.6571469161951717,1.43594683561366
126,1558051200,158,395,237,553,20,0.930218507834666,-0.5101793933846362
126,1558065600,17,87,70,104,20,-0.1832835933089807,-1.5876278234959003
126,1558080000,567,186,0,753,20,-0.6500210009739823,-0.030246907811690264
126,1558086861,339,43,0,382,20,-0.6500210009739823,-0.9205216685495051
126,1558094400,812,390,0,1202,20,-0.6500210009739823,1.0472015222995736
126,1558108800,433,525,92,958,20,-0.03659469375712306,0.4616838899005794
126,1558123200,529,832,303,1361,20,1.3702852064902389,1.4287478483300657
126,1558137600,184,347,163,531,20,0.4368103911602357,-0.5629719667976604
126,1558152000,34,129,95,163,20,-0.01659166200005157,-1.446047740251881
126,1558166400,220,101,0,321,20,-0.6500210009739823,-1.0669010766492537
126,1558180800,540,354,0,894,20,-0.6500210009739823,0.3081054945172367
126,1558195200,576,449,0,1025,20,-0.6500210009739823,0.6224612725675164
126,1558209600,537,623,86,1160,20,-0.07660075727126606,0.9464157003292549
126,1558224000,308,418,110,726,20,0.08342349678530592,-0.09503779336403798
126,1558238400,47,144,97,191,20,-0.003256307495337238,-1.3788571922716686
126,1558252800,227,69,0,296,20,-0.6500210009739823,-1.1268926373458719
126,1558267200,553,219,0,772,20,-0.6500210009739823,0.015346678317739611
126,1558281600,633,411,0,1044,20,-0.6500210009739823,0.6680548586969463
126,1558296000,494,447,0,941,20,-0.6500210009739823,0.420889628626879
126,1558310400,246,335,89,581,20,-0.05659772551419456,-0.44298884540442385
126,1558324800,25,98,73,123,20,-0.1632805615519092,-1.5420342373664704
126,1558339200,787,124,0,911,20,-0.6500210009739823,0.3488997557909371
126,1558353600,972,395,0,1367,20,-0.6500210009739823,1.443145822897254
126,1558368000,434,438,4,872,20,-0.6233502919645536,0.2553129211042126
126,1558382400,453,939,486,1392,20,2.5904701436716002,1.5031373835938724
126,1558396800,140,394,254,534,21,1.3263561032509976,-0.27320543290936194
126,1558411200,22,67,45,89,21,-0.38739292148806437,-1.3702454958750678
126,1558425600,593,184,0,777,21,-0.7563819459534126,0.32585239922696724
126,1558440000,844,413,0,1257,21,-0.7563819459534126,1.509176512088852
126,1558454400,466,504,38,970,21,-0.4447912141826741,0.8016473029401835
126,1558454654,12,30,18,42,21,-0.6087863361672733,-1.486112648592794
126,1558454737,4,3,0,7,21,-0.7563819459534126,-1.572396698488973
126,1558468800,553,845,292,1398,21,1.637946835021736,1.8567779702420308
126,1558483200,146,417,271,563,21,1.465751956937907,-0.2017129344239564
126,1558497600,18,110,92,128,21,-0.0020043848242561764,-1.2741004117050396
126,1558512000,588,166,0,754,21,-0.7563819459534126,0.26915145215233527
126,1558526400,885,376,0,1261,21,-0.7563819459534126,1.5190375463627013
126,1558540800,440,446,6,886,21,-0.7071834093580328,0.5945655831893536
126,1558555200,474,955,481,1429,21,3.1877007377761992,1.9332009858643608
126,1558569600,136,346,210,482,21,0.9655668348848793,-0.4013988784693995
126,1558584000,14,102,88,116,21,-0.03480340922117602,-1.3036835145265866
126,1558598400,554,156,0,710,21,-0.7563819459534126,0.16068007513999583
126,1558612800,834,410,0,1244,21,-0.7563819459534126,1.4771281506988427
126,1558627200,419,487,68,906,21,-0.19879853120577526,0.6438707545585988
126,1558641600,457,914,457,1371,21,2.99090659139468,1.7902159888935498
126,1558656000,147,378,231,525,21,1.1377617129687085,-0.2953927600255223
126,1558670400,20,98,78,118,21,-0.11680097021347563,-1.298752997389662
126,1558684800,560,176,0,736,21,-0.7563819459534126,0.2247767979200146
126,1558687028,183,34,0,217,21,-0.7563819459534126,-1.0546923991118984
126,1558699200,578,302,0,880,21,-0.7563819459534126,0.57977403177858
126,1558713600,471,564,93,1035,21,0.006195371274973785,0.9618891098902304
126,1558728000,515,815,300,1330,21,1.7035448838155758,1.6891403875865971
126,1558742400,220,452,232,672,21,1.1459614690679385,0.06700024953842994
126,1558756800,54,142,88,196,21,-0.03480340922117602,-1.106462829049606
126,1558771200,199,83,0,282,21,-0.7563819459534126,-0.8944505921618515
126,1558785600,421,293,0,714,21,-0.7563819459534126,0.17054110941384487
126,1558800000,468,400,0,868,21,-0.7563819459534126,0.5501909289570329
126,1558814400,363,516,153,879,21,0.4981807372287715,0.5773087732101178
126,1558828800,218,318,100,536,21,0.06359366396958352,-0.26827491577243745
126,1558843200,28,118,90,146,21,-0.0184038970227161,-1.229725757472719
126,1558857600,127,47,0,174,21,-0.7563819459534126,-1.1606985175557756
126,1558872000,385,195,0,580,21,-0.7563819459534126,-0.159803538760098
126,1558886400,417,324,0,741,21,-0.7563819459534126,0.23710309076232589
126,1558900800,266,401,135,667,21,0.35058512744263215,0.05467395669611864
126,1558915200,146,261,115,407,21,0.18659000545803295,-0.586293271104069
126,1558929600,23,86,63,109,21,-0.23979731170192506,-1.3209403245058224
126,1558944000,171,64,0,235,21,-0.7563819459534126,-1.0103177448795777
126,1558958400,338,211,0,549,21,-0.7563819459534126,-0.23622655438242807
126,1558972800,400,316,0,716,21,-0.7563819459534126,0.1754716265507694
126,1558987200,314,467,153,781,21,0.4981807372287715,0.3357134335008163
126,1559001600,171,242,71,413,22,-0.19154333796767975,-0.8307270614559615
126,1559016000,15,46,31,61,22,-0.4502192284706556,-1.6716931581804848
126,1559030400,561,151,0,712,22,-0.6506930436104619,-0.11638370088598302
126,1559044800,851,383,0,1234,22,-0.6506930436104619,1.1307307948248158
126,1559059200,429,310,0,739,22,-0.6506930436104619,-0.05187777869404515
126,1559073600,466,853,387,1319,22,1.8519961970058296,1.3338049943179533
126,1559088000,132,348,216,480,22,0.7461567651056077,-0.6706568100907824
126,1559102400,20,51,31,71,22,-0.4502192284706556,-1.6478020758871745
126,1559116800,573,135,0,708,22,-0.6506930436104619,-0.12594013380330712
126,1559131200,832,447,0,1279,22,-0.6506930436104619,1.238240665144712
126,1559145600,443,416,0,859,22,-0.6506930436104619,0.2348152088256787
126,1559160000,428,961,533,1389,22,2.7961631973416914,1.5010425703711257
126,1559174400,124,353,229,477,22,0.8302264295190749,-0.6778241347787755
126,1559188800,25,68,43,93,22,-0.37261646131976284,-1.5952416948418917
126,1559203200,573,160,0,733,22,-0.6506930436104619,-0.06621242807003135
126,1559217600,835,359,0,1194,22,-0.6506930436104619,1.0351664656515744
126,1559232000,388,466,78,854,22,-0.14627505712965896,0.22286966767902353
126,1559246400,446,951,505,1397,22,2.6150900739896086,1.5201554362057739
126,1559260800,124,388,264,512,22,1.0565678337091786,-0.5942053467521894
126,1559275200,16,75,59,91,22,-0.2691461051185725,-1.6000199113005538
126,1559289600,564,184,0,748,22,-0.6506930436104619,-0.03037580463006586
126,1559304000,762,375,0,1137,22,-0.6506930436104619,0.8989872965797056
126,1559318400,591,488,0,1079,22,-0.6506930436104619,0.7604190192785057
126,1559332800,606,893,287,1499,22,1.2053064707483898,1.763844475597539
126,1559347200,221,460,239,681,22,0.8948954021448188,-0.190446055995245
126,1559361600,83,152,69,235,22,-0.20447713249282853,-1.2559883262768852
126,1559376000,251,123,0,374,22,-0.6506930436104619,-0.9239022823998718
126,1559390400,581,314,0,895,22,-0.6506930436104619,0.32082310508159584
126,1559404800,683,446,0,1129,22,-0.6506930436104619,0.8798744307450573
126,1559419200,483,534,51,1017,22,-0.32088128321916765,0.6122943090599817
126,1559433600,330,348,18,678,22,-0.5342888928841227,-0.19761338068323808
126,1559448000,38,159,121,197,22,0.13180152516104007,-1.3467744389914644
126,1559462400,158,73,0,231,22,-0.6506930436104619,-1.2655447591942093
126,1559476800,520,208,0,728,22,-0.6506930436104619,-0.0781579692166865
126,1559491200,586,372,0,958,22,-0.6506930436104619,0.47133692352945084
126,1559505600,317,467,150,784,22,0.31934154577569757,0.05563209162585129
126,1559520000,165,328,163,493,22,0.4034112101891647,-0.639598403109479
126,1559534400,25,76,51,101,22,-0.32088128321916765,-1.5761288290072435
126,1559548800,590,175,0,765,22,-0.6506930436104619,0.010239035268561682
126,1559563200,906,398,0,1304,22,-0.6506930436104619,1.2979683708779879
126,1559577600,415,464,49,879,22,-0.33381507774431646,0.28259737341229935
126,1559592000,421,1002,581,1423,22,3.1065742659452624,1.5822722501683806
126,1559606400,151,412,261,563,23,1.1033227038637923,-0.367119450557246
126,1559620800,18,17,0,35,23,-0.6860874869565791,-1.6217412621703584
126,1559635200,575,158,0,733,23,-0.6860874869565791,0.036830753939400086
126,1559649600,861,388,0,1249,23,-0.6860874869565791,1.2629384334703964
126,1559664000,427,428,1,855,23,-0.6792315092139724,0.3267244301075814
126,1559678400,470,885,415,1355,23,2.159143276225237,1.5148132668624228
126,1559692800,131,400,269,531,23,1.1581705258046464,-0.4431571361095558
126,1559707200,11,23,12,34,23,-0.6038157540452976,-1.6241174398438682
126,1559721600,587,179,0,766,23,-0.6860874869565791,0.11524461716521961
126,1559736000,854,398,0,1252,23,-0.6860874869565791,1.2700669664909254
126,1559750400,409,406,0,815,23,-0.6860874869565791,0.23167732316719408
126,1559764800,457,926,469,1383,23,2.5293660743260036,1.5813462417206938
126,1559779200,149,455,306,604,23,1.4118417022810976,-0.269696165943349
126,1559793600,15,67,52,82,23,-0.32957664434102624,-1.5100609115154033
126,1559808000,565,177,0,742,23,-0.6860874869565791,0.05821635300098723
126,1559822400,843,399,0,1242,23,-0.6860874869565791,1.2463051897558286
126,1559836800,464,551,87,1015,23,-0.08961742334978869,0.7069128578691306
126,1559851200,545,939,394,1484,23,2.015167743630495,1.821340186745172
126,1559865600,154,414,260,568,23,1.0964667261211853,-0.35523856218969757
126,1559880000,19,27,8,46,23,-0.6312396650157248,-1.595603307761752
126,1559894400,554,165,0,719,23,-0.6860874869565791,0.003564266510264524
126,1559908800,847,402,0,1249,23,-0.6860874869565791,1.2629384334703964
126,1559923200,448,521,73,969,23,-0.1856011117462837,0.5976086848876853
126,1559937600,542,797,255,1339,23,1.0621868374081516,1.4767944240862678
126,1559952000,186,403,217,589,23,0.8016596831890935,-0.30533883104599424
126,1559966400,28,122,94,150,23,-0.041625579151541185,-1.348480829716745
126,1559980800,223,78,0,301,23,-0.6860874869565791,-0.9896780010167828
126,1559995200,443,213,0,656,23,-0.6860874869565791,-0.14613492692084548
126,1560009600,457,286,0,743,23,-0.6860874869565791,0.06059253067449691
126,1560024000,343,367,24,710,23,-0.5215440211340162,-0.01782133255132262
126,1560038400,174,302,128,476,23,0.19147766409708955,-0.5738469081525884
126,1560052800,15,88,73,103,23,-0.1856011117462837,-1.4601611803717
126,1560067200,122,56,0,178,23,-0.6860874869565791,-1.281947854858474
126,1560081600,431,192,0,623,23,-0.6860874869565791,-0.224548790146665
126,1560096000,436,270,0,706,23,-0.6860874869565791,-0.02732604324536135
126,1560110400,289,356,67,645,23,-0.22673697820192443,-0.172272881329452
126,1560124800,143,275,132,418,23,0.2189015750675167,-0.71166521321615
126,1560139200,21,70,49,91,23,-0.3501445775688466,-1.4886753124538163
126,1560153600,567,154,0,721,23,-0.6860874869565791,0.00831662185728389
126,1560168000,889,417,0,1306,23,-0.6860874869565791,1.3983805608604483
126,1560182400,384,411,27,795,23,-0.5009760879061959,0.18415376969700042
126,1560196800,382,912,530,1294,23,2.947580716625018,1.3698664287783322
126,1560211200,141,312,171,453,24,0.5803026843873116,-0.8207336198154946
126,1560225600,21,74,53,95,24,-0.34956853720017844,-1.5880548250122646
126,1560240000,589,143,0,732,24,-0.7672225604555766,-0.22273748503924104
126,1560254400,1006,401,0,1407,24,-0.7672225604555766,1.2240273571613725
126,1560268800,558,420,0,978,24,-0.7672225604555766,0.3045279241183159
126,1560283200,662,808,146,1470,24,0.38329606964419927,1.3590587424334297
126,1560297600,150,443,293,593,24,1.5416949643336995,-0.5206638747664785
126,1560312000,19,100,81,119,24,-0.12892112868789268,-1.536614297289576
126,1560326400,652,148,0,800,24,-0.7672225604555766,-0.07698932315829034
126,1560327472,88,34,0,122,24,-0.7672225604555766,-1.53018423132424
126,1560340800,1090,358,0,1448,24,-0.7672225604555766,1.3119049253542987
126,1560355200,605,429,0,1034,24,-0.7672225604555766,0.42455582213792237
126,1560369600,621,791,170,1412,24,0.5724224197975871,1.234744133770266
126,1560384000,209,424,215,633,24,0.9270343263351892,-0.434929661895331
126,1560398400,22,101,79,123,24,-0.14468165786734166,-1.5280408760024613
126,1560412800,676,149,0,825,24,-0.7672225604555766,-0.023405440113823173
126,1560427200,1025,393,0,1418,24,-0.7672225604555766,1.247604265700938
126,1560441600,501,403,0,904,24,-0.7672225604555766,0.14591963030669308
126,1560456000,458,939,481,1397,24,3.023184707201904,1.2025938039435857
126,1560470400,145,449,304,594,24,1.628377874820669,-0.5185205194446998
126,1560484800,23,107,84,130,24,-0.1052803349187192,-1.5130373887500104
126,1560499200,586,146,0,732,24,-0.7672225604555766,-0.22273748503924104
126,1560513600,771,377,0,1148,24,-0.7672225604555766,0.6688983288206927
126,1560528000,449,533,84,982,24,-0.1052803349187192,0.31310134540543066
126,1560542400,538,811,273,1349,24,1.3840896725392096,1.0997127484982088
126,1561161600,4753,3283,0,8036,25,-0.7553112420866518,4.008781314889588
126,1561176000,36,151,115,187,25,1.4283399745605119,-0.5466945007436274
126,1561190400,215,125,0,340,25,-0.7553112420866518,-0.45789493394634334
126,1561204800,627,317,0,944,25,-0.7553112420866518,-0.107339781360987
126,1561219200,663,447,0,1110,25,-0.7553112420866518,-0.010995153332561246
126,1561233600,481,492,11,973,25,-0.5464402561464883,-0.09050849092228612
126,1561248000,236,394,158,630,25,2.24483564687206,-0.2895820295593345
126,1561262400,31,137,106,168,25,1.25744553151856,-0.5577218979276037
126,1561276800,145,60,0,205,25,-0.7553112420866518,-0.5362474928851233
126,1561291200,519,197,0,716,25,-0.7553112420866518,-0.2396685475687043
126,1561305600,516,313,0,829,25,-0.7553112420866518,-0.1740845537903181
126,1561320000,386,450,64,836,25,0.45993813065611755,-0.17002182851201098
126,1561334400,204,325,121,529,25,1.5422696032551466,-0.3482013514320514
126,1561348800,23,84,61,107,25,0.40297331630880023,-0.5931256467814229
126,1561363200,581,181,0,762,25,-0.7553112420866518,-0.21297063859697185
126,1561377600,987,369,0,1356,25,-0.7553112420866518,0.13178062073366004
126,1561392000,546,485,0,1031,25,-0.7553112420866518,-0.056845910044884346
126,1561406400,741,821,80,1562,25,0.7637504738418098,0.25134082178098355
126,1561420800,187,424,237,611,26,1.5220234343267374,-0.5484629184094433
126,1561435200,28,92,64,120,26,-0.12024301560169656,-1.6066966668599991
126,1561449600,584,172,0,756,26,-0.7277866733786895,-0.23594989697292482
126,1561464000,1000,428,0,1428,26,-0.7277866733786895,1.2123863127190782
126,1561478400,592,437,0,1029,26,-0.7277866733786895,0.3524366882144514
126,1561492800,600,928,328,1528,26,2.385874572728399,1.4279125343994357
126,1561507200,367,424,57,791,26,-0.18669310317105517,-0.16051571938479967
126,1561521600,34,114,80,148,26,0.03164289884255167,-1.5463493247894988
126,1561536000,614,175,0,789,26,-0.7277866733786895,-0.1648262438184068
126,1561550400,1046,517,0,1563,26,-0.7277866733786895,1.503346711987561
126,1561564800,950,461,0,1411,26,-0.7277866733786895,1.1757468550334174
126,1561579200,641,922,281,1563,26,1.93970969904842,1.503346711987561
126,1561593600,236,456,220,692,26,1.3606446502297236,-0.3738866788483537
126,1561608000,37,107,70,144,26,-0.06328579768510348,-1.5549703736567133
126,1561622400,552,157,0,709,26,-0.7277866733786895,-0.3372472211626929
126,1561636800,995,425,0,1420,26,-0.7277866733786895,1.1951442149846496
126,1561651200,684,459,0,1143,26,-0.7277866733786895,0.5981365809300591
126,1561665600,627,963,336,1590,26,2.4618175299505234,1.5615387918412575
126,1561680000,191,488,297,679,26,2.091595613492668,-0.40190508766680016
126,1561694400,59,133,74,192,26,-0.025314319074041417,-1.4515177872501417
126,1561708800,520,171,0,691,26,-0.7277866733786895,-0.37604194106515726
126,1561723200,984,431,0,1415,26,-0.7277866733786895,1.1843679039006316
126,1561737600,660,515,0,1175,26,-0.7277866733786895,0.6671049718677735
126,1561752000,691,873,182,1564,26,0.9999156034246341,1.5055019742043645
126,1561766400,419,443,24,862,26,-0.49995780171231713,-0.007492101991745775
126,1561780800,57,169,112,226,26,0.33541472773104813,-1.37823887187882
126,1561795200,212,101,0,313,26,-0.7277866733786895,-1.190731059016909
126,1561809600,551,329,0,880,26,-0.7277866733786895,0.03130261791071859
126,1561824000,555,398,0,953,26,-0.7277866733786895,0.18863675973737962
126,1561838400,423,555,132,978,26,0.5252721207863584,0.24251831515746902
126,1561852800,476,345,0,821,26,-0.7277866733786895,-0.09585785288069239
126,1561867200,55,132,77,187,26,0.0031642898842551264,-1.4622940983341595
126,1561881600,132,55,0,187,26,-0.7277866733786895,-1.4622940983341595
126,1561896000,590,191,0,781,26,-0.7277866733786895,-0.1820683415528354
126,1561910400,648,360,0,1008,26,-0.7277866733786895,0.3071761816615763
126,1561924800,354,505,151,859,26,0.7056366441889032,-0.013957888642156503
126,1561939200,185,310,125,495,26,0.4588220332169998,-0.7984733355586581
126,1561953600,29,118,89,147,26,0.1170787257174413,-1.5485045870063026
126,1561968000,533,179,0,712,26,-0.7277866733786895,-0.33078143451228215
126,1561982400,963,417,0,1380,26,-0.7277866733786895,1.1089337263125065
126,1561996800,547,453,0,1000,26,-0.7277866733786895,0.2899340839271477
126,1562011200,563,847,284,1410,26,1.9681883080067164,1.1735915928166138
126,1562025600,172,386,214,558,27,1.2076418193532994,-0.3485152854206142
126,1562040000,24,50,26,74,27,-0.4088253455244175,-1.4769986753585316
126,1562054400,566,138,0,704,27,-0.6323793151351657,-0.008105006637688716
126,1562068800,963,360,0,1323,27,-0.6323793151351657,1.435141312311838
126,1562083200,575,443,0,1018,27,-0.6323793151351657,0.7240102504707949
126,1562097600,568,882,314,1450,27,2.0674647793946384,1.7312516233079445
126,1562112000,167,391,224,558,27,1.2936241153574333,-0.3485152854206142
126,1562126400,39,22,0,61,27,-0.6323793151351657,-1.5073091796337237
126,1562140800,534,150,0,684,27,-0.6323793151351657,-0.05473655167644564
126,1562155200,887,382,0,1269,27,-0.6323793151351657,1.3092361407071942
126,1562169600,619,695,76,1314,27,0.02108613449625185,1.4141571170443974
126,1562184000,587,1130,543,1717,27,4.036459357889304,2.353782749575349
126,1562198400,208,428,220,636,27,1.25923119695578,-0.16665225976946224
126,1562212800,23,96,73,119,27,-0.004708554304988313,-1.3720776990213286
126,1562227200,165,62,0,227,27,-0.6323793151351657,-1.1202673558120413
126,1562241600,421,216,0,637,27,-0.6323793151351657,-0.16432068251752438
126,1562256000,534,377,0,911,27,-0.6323793151351657,0.4745314845134454
126,1562270400,360,317,0,677,27,-0.6323793151351657,-0.07105759244001056
126,1562284800,172,289,117,461,27,0.37361354811320074,-0.5746782788585852
126,1562299200,32,88,56,120,27,-0.1508784575120159,-1.3697461217693907
126,1562313600,396,134,0,530,27,-0.6323793151351657,-0.41379944847487393
126,1562328000,644,290,0,934,27,-0.6323793151351657,0.5281577613080158
126,1562342400,537,378,0,915,27,-0.6323793151351657,0.4838577935211968
126,1562356800,510,624,114,1134,27,0.3478188593119606,0.994473211695585
126,1562371200,201,303,102,504,27,0.24464010410699993,-0.4744204570252579
126,1562385600,20,99,79,119,27,0.04688082329749201,-1.3720776990213286
126,1562400000,202,77,0,279,27,-0.6323793151351657,-0.9990253387112732
126,1562414400,527,246,0,773,27,-0.6323793151351657,0.15277382374602266
126,1562428800,533,363,0,896,27,-0.6323793151351657,0.4395578257343777
126,1562443200,382,465,83,847,27,0.08127374169914556,0.32531054038942325
126,1562457600,229,343,114,572,27,0.3478188593119606,-0.3158732038934844
126,1562472000,28,117,89,145,27,0.1328631193016259,-1.3114566904709446
126,1562486400,131,67,0,198,27,-0.6323793151351657,-1.1878830961182387
126,1562500800,437,252,0,689,27,-0.6323793151351657,-0.0430786654167564
126,1562515200,506,287,0,793,27,-0.6323793151351657,0.19940536878477957
126,1562529600,334,389,55,723,27,-0.1594766871124293,0.03619496114913036
126,1562544000,163,348,185,511,27,0.9582931609413111,-0.458099416261693
126,1562558400,26,67,41,93,27,-0.2798519015182167,-1.4326987075717126
126,1562572800,562,152,0,714,27,-0.6323793151351657,0.015210765881689745
126,1562587200,981,426,0,1407,27,-0.6323793151351657,1.630993801474617
126,1562601600,560,380,0,940,27,-0.6323793151351657,0.542147224819643
126,1562616000,558,922,364,1480,27,2.4973762594153075,1.8011989408660798
126,1562630400,139,322,183,461,28,0.7999079732920233,-0.590237580187231
126,1562644800,18,27,9,45,28,-0.5621565365329467,-1.523680231976568
126,1562659200,583,161,0,744,28,-0.6326081491101004,0.0447726853329188
126,1562673600,967,412,0,1379,28,-0.6326081491101004,1.4696190408286616
126,1562688000,578,432,0,1010,28,-0.6326081491101004,0.6416374578712929
126,1562702400,602,921,319,1523,28,1.864510118902345,1.7927338049095858
126,1562716800,199,399,200,598,28,0.9329832414933136,-0.28282978380468504
126,1562731200,14,21,7,35,28,-0.5778124504389809,-1.5461187572599655
126,1562745600,604,171,0,775,28,-0.6326081491101004,0.11433211371145112
126,1562748891,420,17,0,437,28,-0.6326081491101004,-0.6440900408673852
126,1562760000,851,368,0,1219,28,-0.6326081491101004,1.1106026362943011
126,1562774400,586,453,0,1039,28,-0.6326081491101004,0.7067091811931457
126,1562788800,578,866,288,1444,28,1.6218434533588157,1.6154694551707454
126,1562803200,166,417,251,583,28,1.3322090460971843,-0.3164875717297813
126,1562817600,21,36,15,57,28,-0.5151887948148444,-1.496754001636491
126,1562832000,556,175,0,731,28,-0.6326081491101004,0.015602602464502022
126,1562846400,1002,346,0,1348,28,-0.6326081491101004,1.4000596124501292
126,1562860800,608,465,0,1073,28,-0.6326081491101004,0.7830001671566973
126,1562875200,503,904,401,1407,28,2.5064025890497446,1.5324469116221746
126,1562889600,149,357,208,506,28,0.9956068971174501,-0.48926421641194223
126,1562904000,12,31,19,43,28,-0.48387696700277605,-1.5281679370332475
126,1562918400,549,134,0,683,28,-0.6326081491101004,-0.09210231889580608
126,1562932800,773,353,0,1126,28,-0.6326081491101004,0.9019243511587042
126,1562947200,476,455,0,931,28,-0.6326081491101004,0.4643731081324525
126,1562961600,530,848,318,1378,28,1.856682161949328,1.4673751883003219
126,1562976000,214,467,253,681,28,1.3478649600032184,-0.09659002395248559
126,1562990400,27,135,108,162,28,0.21281120181574312,-1.261149486160817
126,1563004800,210,91,0,301,28,-0.6326081491101004,-0.9492539847215915
126,1563019200,474,290,0,764,28,-0.6326081491101004,0.08964973589971385
126,1563033600,449,398,0,847,28,-0.6326081491101004,0.2758894957519133
126,1563048000,316,435,119,751,28,0.2989187282989309,0.06047965303129707
126,1563062400,77,27,0,104,28,-0.6326081491101004,-1.3912929328045227
126,1563076800,14,40,26,54,28,-0.4290812683316566,-1.5034855592215104
126,1563091200,133,45,0,178,28,-0.6326081491101004,-1.225247845707381
126,1563105600,376,206,0,582,28,-0.6326081491101004,-0.31873142425812107
126,1563120000,434,322,0,756,28,-0.6326081491101004,0.07169891567299583
126,1563134400,283,393,110,676,28,0.22846711572177728,-0.10780928659418436
126,1563148800,158,267,109,425,28,0.2206391587687602,-0.6710162712074622
126,1563163200,22,65,43,87,28,-0.2960060001303664,-1.4294384257862984
126,1563177600,606,150,0,756,28,-0.6326081491101004,0.07169891567299583
126,1563192000,847,351,0,1198,28,-0.6326081491101004,1.0634817331991664
126,1563206400,443,417,0,860,28,-0.6326081491101004,0.30505957862033006
126,1563220800,444,933,489,1377,28,3.1952628009152466,1.465131335771982
126,1563235200,136,378,242,514,29,0.9925633008388806,-0.45821647408967375
126,1563249600,26,86,60,112,29,-0.3052734886945445,-1.4896158806394741
126,1563264000,596,172,0,768,29,-0.733131770958311,0.1934637479592051
126,1563278400,802,352,0,1154,29,-0.733131770958311,1.1838124318602572
126,1563292800,416,445,29,861,29,-0.5263336011974905,0.4320710733550544
126,1563307200,418,896,478,1314,29,2.6754725444096956,1.59431965834774
126,1563321600,171,430,259,601,29,1.1137898141469478,-0.23500316968710502
126,1563336000,23,87,64,110,29,-0.2767496032102934,-1.4947472209705677
126,1563350400,579,169,0,748,29,-0.733131770958311,0.14215034464826976
126,1563364800,892,390,0,1282,29,-0.733131770958311,1.5122182130502433
126,1563379200,435,423,0,858,29,-0.733131770958311,0.4243740628584141
126,1563393600,430,887,457,1317,29,2.5257221456173773,1.6020166688443802
126,1563408000,133,342,209,475,29,0.7572412455938089,-0.5582776105459977
126,1563422400,15,88,73,103,29,-0.21257086087072843,-1.512706912129395
126,1563436800,621,149,0,770,29,-0.733131770958311,0.19859508829029862
126,1563451200,833,379,0,1212,29,-0.733131770958311,1.3326213014619697
126,1563465600,428,405,0,833,29,-0.733131770958311,0.36023230871974493
126,1563480000,423,906,483,1329,29,2.7111274012650095,1.6328047108309414
126,1563494400,127,336,209,463,29,0.7572412455938089,-0.5890656525325588
126,1563508800,21,106,85,127,29,-0.12699920441797513,-1.4511308281562727
126,1563523200,521,136,0,657,29,-0.733131770958311,-0.09132564041648605
126,1563537600,768,362,0,1130,29,-0.733131770958311,1.1222363478871347
126,1563552000,498,515,17,1013,29,-0.6119052576502438,0.8220529385181631
126,1563566400,508,793,285,1301,29,1.29919506979458,1.560965946195632
126,1563580800,173,423,250,596,29,1.0496110718073828,-0.24783152051483884
126,1563595200,25,155,130,180,29,0.19389450727984972,-1.315150309382294
126,1563609600,174,76,0,250,29,-0.733131770958311,-1.1355533977940202
126,1563624000,414,249,0,663,29,-0.733131770958311,-0.07593161942320546
126,1563638400,404,280,0,684,29,-0.733131770958311,-0.02205254594672335
126,1563652800,278,366,88,644,29,-0.10560629030478681,-0.12467935256859403
126,1563667200,158,275,117,433,29,0.10119187945603365,-0.6660357574989619
126,1563681600,27,118,91,145,29,-0.0842133761915985,-1.4049487651764307
126,1563696000,163,41,0,204,29,-0.733131770958311,-1.2535742254091715
126,1563710400,335,178,0,513,29,-0.733131770958311,-0.4607821442552205
126,1563724800,333,279,0,612,29,-0.733131770958311,-0.20678079786609058
126,1563739200,249,335,86,584,29,-0.11986823304691237,-0.2786195625014001
126,1563753600,163,258,95,421,29,-0.05568949070734739,-0.6968237994855231
126,1563768000,22,83,61,105,29,-0.29814251732348174,-1.5075755717983015
126,1563782400,558,167,0,725,29,-0.733131770958311,0.0831399308406941
126,1563796800,830,356,0,1186,29,-0.733131770958311,1.2659138771577538
126,1563811200,387,449,62,836,29,-0.29101154595241896,0.3679293192163853
126,1563825600,434,822,388,1256,29,2.0336851210140456,1.4455107887460275
126,1563840000,107,273,166,380,30,0.48711900790287094,-0.8319792251145709
126,1563854400,16,67,51,83,30,-0.3315256713493443,-1.5819509590413778
126,1563868800,517,141,0,658,30,-0.6945767899742398,-0.1299854809002531
126,1563883200,866,367,0,1233,30,-0.6945767899742398,1.3219799972408717
126,1563897600,424,402,0,826,30,-0.6945767899742398,0.29424095445228426
126,1563912000,436,935,499,1371,30,2.8576292530418943,1.6704517119947417
126,1563926400,143,367,224,510,30,0.9000006722213795,-0.5037087691870122
126,1563940800,19,85,66,104,30,-0.2247459305773162,-1.5289226546223107
126,1563955200,555,163,0,718,30,-0.6945767899742398,0.02152396029708167
126,1563969600,880,341,0,1221,30,-0.6945767899742398,1.291678109001405
126,1563984000,450,420,0,870,30,-0.6945767899742398,0.4053478779969964
126,1563998400,447,915,468,1362,30,2.636951122113036,1.6477252958151416
126,1564012800,137,379,242,516,30,1.0281363611478131,-0.4885578250672787
126,1564027200,30,89,59,119,30,-0.2745764762709293,-1.491045294322977
126,1564041600,607,141,0,748,30,-0.6945767899742398,0.09727868089574905
126,1564056000,875,370,0,1245,30,-0.6945767899742398,1.3522818854803387
126,1564070400,467,457,0,924,30,-0.6945767899742398,0.5417063750745977
126,1564084800,441,853,412,1294,30,2.2383067565641315,1.4760145957914954
126,1564099200,148,349,201,497,30,0.7362717363709365,-0.5365358147797681
126,1564113600,23,89,66,112,30,-0.2247459305773162,-1.5087213957959995
126,1564128000,569,127,0,696,30,-0.6945767899742398,-0.03402950147527441
126,1564142400,802,385,0,1187,30,-0.6945767899742398,1.2058227589895818
126,1564156800,484,434,0,918,30,-0.6945767899742398,0.5265554309548642
126,1564171200,506,772,266,1278,30,1.198983946383058,1.4356120781388728
126,1564185600,195,417,222,612,30,0.8857633734517757,-0.2461427191515431
126,1564200000,25,137,112,162,30,0.10271194112356988,-1.3824635281315538
126,1564214400,206,99,0,305,30,-0.6945767899742398,-1.0213660266112392
126,1564228800,479,248,0,727,30,-0.6945767899742398,0.04425037647668189
126,1564243200,431,385,0,816,30,-0.6945767899742398,0.2689893809193951
126,1564257600,342,459,117,801,30,0.13830518804757924,0.23111202062006142
126,1564272000,228,367,139,595,30,0.2949154745132204,-0.2890703941574546
126,1564286400,34,125,91,159,30,-0.04677969595726943,-1.3900390001914207
126,1564300800,137,51,0,188,30,-0.6945767899742398,-1.3168094369460421
126,1564315200,379,200,0,579,30,-0.6945767899742398,-0.3294729118100772
126,1564329600,394,293,0,687,30,-0.6945767899742398,-0.05675591765487462
126,1564344000,285,390,105,675,30,0.052881395429956776,-0.08705780589434158
126,1564358400,195,279,84,474,30,-0.09661024165088253,-0.594614433905413
126,1564372800,25,81,56,106,30,-0.2959324244253349,-1.523872339915733
126,1564387200,517,153,0,670,30,-0.6945767899742398,-0.09968359266078614
126,1564401600,825,379,0,1204,30,-0.6945767899742398,1.2487504339954933
126,1564416000,416,410,0,826,30,-0.6945767899742398,0.29424095445228426
126,1564430400,445,897,452,1342,30,2.523052731956206,1.5972221487493632
126,1564444800,140,342,202,482,31,0.38808114008507993,-0.6630197566781985
126,1564459200,16,82,66,98,31,-0.4070832298067599,-1.6728346761206505
126,1564473600,551,147,0,698,31,-0.7929718210777998,-0.09499886449181921
126,1564488000,862,383,0,1245,31,-0.7929718210777998,1.343461450443132
126,1564502400,425,403,0,828,31,-0.7929718210777998,0.24686556136109422
126,1564516800,404,852,448,1256,31,1.8263931620953195,1.3723884403229938
126,1564531200,139,413,274,552,31,0.8090505123807599,-0.4789389119881682
126,1564545600,24,79,55,103,31,-0.4713979950185999,-1.659686044357077
126,1564560000,586,151,0,737,31,-0.7929718210777998,0.007560463264054816
126,1564574400,837,374,0,1211,31,-0.7929718210777998,1.2540507544508315
126,1564588800,429,457,28,886,31,-0.6292615096294799,0.3993896898185479
126,1564603200,390,860,470,1250,31,1.9550226925189995,1.3566100822067055
126,1564617600,127,328,201,455,31,0.38223434324763994,-0.7340223682014959
126,1564632000,20,65,45,85,31,-0.5298659633929999,-1.7070211187059419
126,1564646400,498,150,0,648,31,-0.7929718210777998,-0.22648518212755517
126,1564660800,605,351,0,956,31,-0.7929718210777998,0.5834705345085782
126,1564675200,359,457,98,816,31,-0.21998573100867996,0.2153088451285176
126,1564689600,369,874,505,1243,31,2.1596605818293995,1.3382019977377024
126,1564704000,127,439,312,566,31,1.0312287922034797,-0.4421227430501621
126,1564718400,23,67,44,90,31,-0.5357127602304399,-1.6938724869423682
126,1564732800,411,145,0,556,31,-0.7929718210777998,-0.46842000657730926
126,1564747200,563,352,0,915,31,-0.7929718210777998,0.4756517540472748
126,1564761600,355,431,76,786,31,-0.34861526143235994,0.13641705454707603
126,1564776000,363,794,431,1157,31,1.7269976158588396,1.1120455314042368
126,1565395200,9318,3126,0,12444,32,-0.5515037284621833,4.086303813886997
126,1565409600,40,124,84,164,32,0.24875887944071612,-0.40987118248704757
126,1565424000,188,70,0,258,32,-0.5515037284621833,-0.37545420775910293
126,1565438400,409,257,0,666,32,-0.5515037284621833,-0.22606989191866236
126,1565452800,425,441,16,866,32,-0.3990727555282977,-0.15284228611452483
126,1565467200,347,460,113,807,32,0.5250400178833837,-0.1744444298267454
126,1565481600,175,269,94,444,32,0.3440282375243946,-0.30735253436125504
126,1565496000,24,105,81,129,32,0.22017807201561257,-0.4226860135027717
126,1565510400,127,48,0,175,32,-0.5515037284621833,-0.40584366416782003
126,1565524800,352,213,0,565,32,-0.5515037284621833,-0.2630498328497518
126,1565539200,465,363,0,828,32,-0.5515037284621833,-0.16675553121731096
126,1565553600,359,435,76,794,32,0.1725433929737733,-0.17920422420401433
126,1565568000,196,267,71,463,32,0.12490871393193406,-0.30039591180986197
126,1565582400,22,62,40,84,32,-0.1704262961274693,-0.4391622248087026
126,1565596800,744,161,0,905,32,-0.5515037284621833,-0.138562902982718
126,1565611200,942,369,0,1311,32,-0.5515037284621833,0.010089136799681209
126,1565625600,450,458,8,908,32,-0.4752882419952405,-0.13746448889565593
126,1565640000,416,875,459,1291,32,3.8213598075786597,0.0027663762192674554
126,1565654400,142,364,222,506,33,0.8545826129219097,-0.47510982085852244
126,1565668800,25,80,55,105,33,-0.35415438597354704,-1.54698194450938
126,1565683200,547,168,0,715,33,-0.752241421537919,0.08354672239092706
126,1565697600,790,317,0,1107,33,-0.752241421537919,1.1313618657104687
126,1565712000,381,410,29,791,33,-0.5423409846039774,0.28669455629981777
126,1565726400,442,860,418,1302,33,2.273220048751308,1.6525964395556487
126,1565740800,130,341,211,471,33,0.7749652058090354,-0.5686647443691958
126,1565755200,25,62,37,87,33,-0.4844374157946142,-1.595095905172012
126,1565769600,548,149,0,697,33,-0.752241421537919,0.03543276172829504
126,1565772528,282,91,0,373,33,-0.752241421537919,-0.8306185301990812
126,1565784000,547,294,0,841,33,-0.752241421537919,0.42034444702935114
126,1565798400,415,361,0,776,33,-0.752241421537919,0.24659958908095778
126,1565812800,399,886,487,1285,33,2.7726383297320654,1.6071554767076075
126,1565827200,133,388,255,521,33,1.093434834260533,-0.4350148536396624
126,1565841600,18,89,71,107,33,-0.2383472483548206,-1.5416359488801987
126,1565856000,539,146,0,685,33,-0.752241421537919,0.003356787953207033
126,1565870400,832,377,0,1209,33,-0.752241421537919,1.4040076427987167
126,1565884800,444,399,0,843,33,-0.752241421537919,0.42569044265853245
126,1565899200,475,909,434,1384,33,2.3890271863700345,1.8717822603520835
126,1565913600,141,399,258,540,33,1.115148672564044,-0.3842278951624397
126,1565928000,25,97,72,122,33,-0.23110930225365023,-1.5015409816613388
126,1565942400,512,154,0,666,33,-0.752241421537919,-0.047430170524015644
126,1565956800,756,354,0,1110,33,-0.752241421537919,1.1393808591542407
126,1565971200,456,482,26,938,33,-0.5640548229074887,0.6796252350446459
126,1565985600,493,817,324,1310,33,1.5928531152412904,1.6739804220723742
126,1566000000,176,371,195,547,33,0.659158068190309,-0.36551691046030504
126,1566014400,26,139,113,165,33,0.06564648789433616,-1.38660207563394
126,1566028800,204,78,0,282,33,-0.752241421537919,-1.073861331326832
126,1566043200,455,272,0,727,33,-0.752241421537919,0.11562269616601506
126,1566057600,455,376,0,831,33,-0.752241421537919,0.3936144688834445
126,1566072000,330,551,221,881,33,0.8473446668207393,0.5272643596129778
126,1566086400,167,367,200,534,33,0.6953477986961609,-0.40026588204998376
126,1566100800,30,159,129,189,33,0.18145362551306257,-1.322450128083764
126,1566115200,137,50,0,187,33,-0.752241421537919,-1.3277961237129454
126,1566129600,393,195,0,588,33,-0.752241421537919,-0.2559240000620877
126,1566144000,411,306,0,717,33,-0.752241421537919,0.08889271802010838
126,1566158400,294,419,125,713,33,0.15250184110838097,0.07820072676174572
126,1566172800,170,280,110,450,33,0.04393264959082497,-0.6247976984755998
126,1566187200,24,70,46,94,33,-0.4192959008840806,-1.5763849204698774
126,1566201600,541,158,0,699,33,-0.752241421537919,0.040778757357476374
126,1566216000,823,372,0,1195,33,-0.752241421537919,1.3665856733944475
126,1566230400,405,448,43,853,33,-0.4410097391875918,0.45242042080443917
126,1566244800,435,823,388,1258,33,2.0560816657161958,1.5349845357136593
126,1566259200,136,350,214,486,34,0.783951783254493,-0.5575145687549932
126,1566273600,18,90,72,108,34,-0.23003399755873535,-1.5525793572377666
126,1566288000,593,156,0,749,34,-0.7441676329006539,0.1348188687343439
126,1566302400,820,390,0,1210,34,-0.7441676329006539,1.348376719238467
126,1566316800,435,345,0,780,34,-0.7441676329006539,0.21642471117605283
126,1566331200,451,891,440,1342,34,2.3977601386332927,1.6958596612483243
126,1566345600,112,387,275,499,34,1.2195372243080629,-0.5232927638600829
126,1566360000,20,72,52,92,34,-0.37284889626482387,-1.59469850172381
126,1566374400,560,184,0,744,34,-0.7441676329006539,0.12165663608245535
126,1566388800,770,348,0,1118,34,-0.7441676329006539,1.106191638443718
126,1566403200,424,448,24,872,34,-0.5727897544533478,0.4586097919708019
126,1566417600,405,833,428,1238,34,2.31207119940964,1.4220852220890428
126,1566432000,125,372,247,497,34,1.0195963661195389,-0.5285576569208384
126,1566446400,22,75,53,97,34,-0.36570815132951945,-1.5815362690719215
126,1566460800,538,147,0,685,34,-0.7441676329006539,-0.03365770920982939
126,1566475200,816,352,0,1168,34,-0.7441676329006539,1.2378139649626034
126,1566489600,450,429,0,879,34,-0.7441676329006539,0.47703691768344586
126,1566504000,433,803,370,1236,34,1.897907993161983,1.4168203290282875
126,1566518400,126,358,232,484,34,0.9124851920899726,-0.5627794618157486
126,1566532800,25,73,48,98,34,-0.40141187600604156,-1.5789038225415437
126,1566547200,484,142,0,626,34,-0.7441676329006539,-0.18897205450211413
126,1566561600,747,384,0,1131,34,-0.7441676329006539,1.1404134433386282
126,1566576000,449,399,0,848,34,-0.7441676329006539,0.39543107524173693
126,1566590400,477,776,299,1253,34,1.390915102755369,1.4615719200447084
126,1566604800,192,364,172,556,34,0.4840404959717071,-0.3732433116285537
126,1566619200,21,151,130,172,34,0.1841292086889213,-1.3841027792935934
126,1566633600,242,101,0,343,34,-0.7441676329006539,-0.9339544225990053
126,1566648000,445,287,0,732,34,-0.7441676329006539,0.09006727771792286
126,1566662400,494,437,0,931,34,-0.7441676329006539,0.6139241372630867
126,1566676800,364,556,192,920,34,0.6268553946777956,0.5849672254289319
126,1566691200,194,405,211,599,34,0.7625295484485797,-0.2600481108223122
126,1566705600,28,125,97,153,34,-0.051515374176124736,-1.4341192633707698
126,1566720000,134,46,0,180,34,-0.7441676329006539,-1.3630432070505716
126,1566734400,373,180,0,553,34,-0.7441676329006539,-0.38114065121968677
126,1566748800,393,286,0,679,34,-0.7441676329006539,-0.049452388392095634
126,1566763200,293,421,128,714,34,0.16984771881831243,0.042683240171124126
126,1566777600,151,286,135,437,34,0.2198329333654434,-0.6865044487435008
126,1566792000,19,74,55,93,34,-0.3514266614589106,-1.5920660551934323
126,1566806400,566,148,0,714,34,-0.7441676329006539,0.042683240171124126
126,1566820800,793,365,0,1158,34,-0.7441676329006539,1.2114894996588264
126,1566835200,392,393,1,785,34,-0.7370268879653495,0.22958694382794137
126,1566849600,423,925,502,1348,34,2.840486324622167,1.7116543404305906
126,1566864000,145,401,256,546,35,1.1741424160123526,-0.282815058481646
126,1566878400,15,88,73,103,35,-0.180068059598533,-1.4725181961957547
126,1566892800,573,141,0,714,35,-0.7202722383941321,0.1683590434054201
126,1566907200,769,355,0,1124,35,-0.7202722383941321,1.2694386968202838
126,1566921600,441,446,5,887,35,-0.6832719521752555,0.632960945943887
126,1566936000,469,872,403,1341,35,2.261950830847326,1.8522052450910775
126,1566950400,141,406,265,547,35,1.2407429312063305,-0.28012949835136586
126,1566964800,23,93,70,116,35,-0.202268231329859,-1.4376059145021127
126,1566979200,586,165,0,751,35,-0.7202722383941321,0.26772476822578584
126,1566993600,811,409,0,1220,35,-0.7202722383941321,1.5272524693271787
126,1567008000,444,468,24,912,35,-0.5426708645435242,0.7000999492008908
126,1567022400,421,906,485,1327,35,2.8687555248369034,1.8146074032671553
126,1567036800,126,403,277,529,35,1.3295436181316345,-0.32846958069640864
126,1567051200,22,112,90,134,35,-0.05426708645435239,-1.38926583215707
126,1567065600,755,64,0,819,35,-0.7202722383941321,0.4503428570848364
126,1567080000,851,350,0,1201,35,-0.7202722383941321,1.4762268268518557
126,1567094400,460,441,0,901,35,-0.7202722383941321,0.6705587877678091
126,1567108800,442,913,471,1355,35,2.7651547234240486,1.8898030869149995
126,1567123200,151,459,308,610,35,1.5589453926886698,-0.11093921014371605
126,1567137600,24,109,85,133,35,-0.09126737267322904,-1.39195139228735
126,1567152000,540,170,0,710,35,-0.7202722383941321,0.15761680288429947
126,1567166400,707,372,0,1079,35,-0.7202722383941321,1.1485884909576767
126,1567180800,475,458,0,933,35,-0.7202722383941321,0.7564967119367741
126,1567195200,473,760,287,1233,35,1.4035441905693877,1.5621647510208208
126,1567209600,182,388,206,570,35,0.8041395538235859,-0.21836161535492227
126,1567224000,22,121,99,143,35,0.012333428739625585,-1.3650957909845485
126,1567238400,185,85,0,270,35,-0.7202722383941321,-1.0240296544389689
126,1567252800,413,243,0,656,35,-0.7202722383941321,0.012596555849171088
126,1567267200,411,365,0,776,35,-0.7202722383941321,0.33486377148278973
126,1567281600,303,423,120,726,35,0.16773463085890752,0.20058576496878197
126,1567296000,162,312,150,474,35,0.38973634817216746,-0.4761753878618172
126,1567310400,25,114,89,139,35,-0.061667143698127716,-1.3758380315056693
126,1567324800,123,44,0,167,35,-0.7202722383941321,-1.3006423478578248
126,1567339200,336,186,0,522,35,-0.7202722383941321,-0.3472685016083697
126,1567353600,367,319,0,686,35,-0.7202722383941321,0.09316335975757575
126,1567368000,283,343,60,626,35,-0.2762688037676123,-0.06797024805923357
126,1567382400,146,293,147,439,35,0.36753617644084147,-0.5701699924216226
126,1567396800,20,91,71,111,35,-0.19486817408608367,-1.4510337151535135
126,1567411200,148,62,0,210,35,-0.7202722383941321,-1.1851632622557782
126,1567425600,298,189,0,487,35,-0.7202722383941321,-0.44126310616817516
126,1567440000,293,256,0,549,35,-0.7202722383941321,-0.27475837809080556
126,1567454400,266,313,47,579,35,-0.3724695479366916,-0.19419157418240088
126,1567468800,131,259,128,390,36,0.14908288585095014,-0.7897184835156169
126,1567483200,17,53,36,70,36,-0.44417794929639415,-1.5712379900652
126,1567497600,573,156,0,729,36,-0.6763234934844854,0.03820374373534785
126,1567512000,805,367,0,1172,36,-0.6763234934844854,1.120119810614927
126,1567526400,431,421,0,852,36,-0.6763234934844854,0.3386003040653439
126,1567540800,422,827,405,1249,36,1.935313878631541,1.3081729418784205
126,1567555200,136,419,283,555,36,1.148598423327454,-0.386747487950988
126,1567569600,17,77,60,94,36,-0.289414253171,-1.5126240270739812
126,1567584000,589,154,0,743,36,-0.6763234934844854,0.07239522214689212
126,1567598400,808,344,0,1152,36,-0.6763234934844854,1.0712748414555782
126,1567612800,423,437,14,860,36,-0.5860446707446721,0.35813829172908346
126,1567627200,443,965,522,1408,36,2.689786897242837,1.6964904466952446
126,1567641600,130,394,264,524,36,1.0260771638948503,-0.46245719014797887
126,1567656000,18,63,45,81,36,-0.3861415632493713,-1.5443732570275581
126,1567670400,598,175,0,773,36,-0.6763234934844854,0.14566267588591555
126,1567684800,902,410,0,1312,36,-0.6763234934844854,1.4620345947303697
126,1567699200,455,429,0,884,36,-0.6763234934844854,0.4167522547203022
126,1567713600,407,901,494,1308,36,2.5092292517632107,1.4522656008985
126,1567728000,124,388,264,512,36,1.0260771638948503,-0.49176417164358827
126,1567742400,15,91,76,106,36,-0.18623845575407053,-1.483317045578372
126,1567756800,570,152,0,722,36,-0.6763234934844854,0.021108004529575716
126,1567771200,817,385,0,1202,36,-0.6763234934844854,1.1933872643539505
126,1567785600,457,512,55,969,36,-0.3216566898637904,0.6243433736475352
126,1567800000,436,855,419,1291,36,2.025592701371354,1.4107473771130534
126,1567814400,151,393,242,544,36,0.8842104424465723,-0.41361222098862993
126,1567828800,20,111,91,131,36,-0.08951114567569919,-1.4222608341291858
126,1567843200,209,74,0,283,36,-0.6763234934844854,-1.0510390685181337
126,1567857600,448,251,0,699,36,-0.6763234934844854,-0.03506371000367558
126,1567872000,429,385,0,814,36,-0.6763234934844854,0.24579486266258088
126,1567886400,342,471,129,813,36,0.15553137318950822,0.24335261420461343
126,1567900800,156,288,132,444,36,0.1748768352051825,-0.6578370667853747
126,1567915200,22,133,111,155,36,0.039458601095462606,-1.363646871137967
126,1567929600,122,53,0,175,36,-0.6763234934844854,-1.3148019019786181
126,1567944000,320,168,0,488,36,-0.6763234934844854,-0.550378134634807
126,1567958400,372,323,0,695,36,-0.6763234934844854,-0.044832703835545364
126,1567972800,598,380,0,978,36,-0.6763234934844854,0.6463236097692423
126,1567987200,147,264,117,411,36,0.07814952512681114,-0.7384312658983004
126,1568001600,16,48,32,64,36,-0.4699718986506265,-1.5858914808130047
126,1568016000,637,156,0,793,36,-0.6763234934844854,0.1945076450452645
126,1568030400,852,368,0,1220,36,-0.6763234934844854,1.2373477365973646
126,1568044800,438,436,0,874,36,-0.6763234934844854,0.39232977014062775
126,1568059200,468,954,486,1422,36,2.457641353054746,1.730681925106789
126,1568073600,135,399,264,534,37,0.9884454454879584,-0.5163479699550372
126,1568088000,16,60,44,76,37,-0.455544422703146,-1.6331086569412179
126,1568102400,615,171,0,786,37,-0.7443423963413669,0.09811424209849465
126,1568116800,918,330,0,1248,37,-0.7443423963413669,1.2246282975299696
126,1568131200,412,427,15,839,37,-0.6458885416919734,0.2273463739986422
126,1568145600,477,944,467,1421,37,2.32085427840975,1.6464614827889417
126,1568160000,133,402,269,535,37,1.0212633970377563,-0.5139096278437136
126,1568174400,20,79,59,99,37,-0.3570905680537525,-1.5770267883807765
126,1568188800,659,180,0,839,37,-0.7443423963413669,0.2273463739986422
126,1568203200,883,389,0,1272,37,-0.7443423963413669,1.2831485082017344
126,1568217600,437,457,20,894,37,-0.6130705901421756,0.36145519012143684
126,1568232000,458,971,513,1429,37,2.62277943266789,1.66596821967953
126,1568246400,148,379,231,527,37,0.7718469652592927,-0.5334163647343019
126,1568260800,24,83,59,107,37,-0.3570905680537525,-1.5575200514901881
126,1568275200,590,167,0,757,37,-0.7443423963413669,0.027402320870112018
126,1568289600,881,334,0,1215,37,-0.7443423963413669,1.1441630078562928
126,1568304000,432,458,26,890,37,-0.5736890482824182,0.35170182167614267
126,1568318400,398,774,376,1172,37,1.7235675602034295,1.0393142970693805
126,1568332800,136,445,309,581,37,1.283807009436139,-0.4017458907228308
126,1568347200,20,72,52,92,37,-0.40303570022346946,-1.5940951831600412
126,1568361600,568,176,0,744,37,-0.7443423963413669,-0.004296126577093986
126,1568376000,814,366,0,1180,37,-0.7443423963413669,1.0588210339599688
126,1568390400,485,488,3,973,37,-0.7246516254114882,0.5540842169159964
126,1568404800,515,863,348,1378,37,1.5397870315245619,1.5416127720020296
126,1568419200,170,413,243,583,37,0.8506100489788075,-0.3968692065001837
126,1568433600,23,152,129,175,37,0.10236075364341707,-1.3917127879201876
126,1568448000,222,84,0,306,37,-0.7443423963413669,-1.072289971336804
126,1568462400,441,281,0,722,37,-0.7443423963413669,-0.05793965302621184
126,1568476800,453,406,0,859,37,-0.7443423963413669,0.276113216225113
126,1568491200,390,495,105,885,37,-0.055165413795612496,0.339510111119525
126,1568505600,169,381,212,550,37,0.647138749370061,-0.4773344961738605
126,1568520000,27,130,103,157,37,-0.06829259441553162,-1.4356029459240112
126,1568534400,82,21,0,103,37,-0.7443423963413669,-1.5672734199354823
126,1568548800,544,325,0,869,37,-0.7443423963413669,0.30049663733834836
126,1568563200,444,325,0,769,37,-0.7443423963413669,0.05666242620599448
126,1568577600,334,486,152,820,37,0.2533233307724871,0.18101787388349497
126,1568592000,154,297,143,451,37,0.194251017982851,-0.7187303651948909
126,1568606400,18,93,75,111,37,-0.25207312309439944,-1.547766683044894
126,1568620800,617,174,0,791,37,-0.7443423963413669,0.11030595265511234
126,1568635200,888,385,0,1273,37,-0.7443423963413669,1.285586850313058
126,1568649600,435,456,21,891,37,-0.606506999832216,0.3541401637874662
126,1568664000,447,972,525,1419,37,2.7015425163874047,1.6415847985662946
126,1568678400,118,365,247,483,38,0.883015574778718,-0.6419395254169317
126,1568692800,33,88,55,121,38,-0.3601124969767956,-1.518931936634384
126,1568707200,622,164,0,786,38,-0.7162168925317605,0.09211765855789736
126,1568721600,954,373,0,1327,38,-0.7162168925317605,1.4027610134436481
126,1568736000,451,448,0,899,38,-0.7162168925317605,0.3658749581920745
126,1568750400,472,959,487,1431,38,2.4369256644731103,1.6547146343458996
126,1568764800,147,433,286,580,38,1.1355259643540567,-0.4069443213061778
126,1568779200,18,82,64,100,38,-0.30184086861325593,-1.5698071870088772
126,1568793600,624,174,0,798,38,-0.7162168925317605,0.12118923020046483
126,1568808000,931,381,0,1312,38,-0.7162168925317605,1.3664215488904388
126,1568822400,463,438,0,901,38,-0.7162168925317605,0.37072022013250244
126,1568836800,465,834,369,1299,38,1.6729198703733674,1.3349273462776574
126,1568851200,113,444,331,557,38,1.4268841061717552,-0.46266483362109884
126,1568865600,17,90,73,107,38,-0.2435692402497162,-1.5528487702173794
126,1568880000,640,166,0,806,38,-0.7162168925317605,0.1405702779621765
126,1568894400,869,377,0,1246,38,-0.7162168925317605,1.2065279048563176
126,1568908800,482,451,0,933,38,-0.7162168925317605,0.44824441117934904
126,1568923200,486,961,475,1447,38,2.3592301599883907,1.693476729869323
126,1568937600,132,436,304,568,38,1.2520692210811362,-0.43601589294874527
126,1568952000,25,95,70,120,38,-0.2629931163708961,-1.521354567604598
126,1568966400,559,163,0,722,38,-0.7162168925317605,-0.0629307235357959
126,1568980800,870,334,0,1204,38,-0.7162168925317605,1.1047774041073315
126,1568995200,460,503,43,963,38,-0.4378080014615152,0.5209233402857677
126,1569009600,506,887,381,1393,38,1.750615374858087,1.5626546574777693
126,1569024000,163,464,301,627,38,1.2326453449599561,-0.2930806657061218
126,1569038400,98,128,30,226,38,-0.5219781313199614,-1.2645556847619186
126,1569052800,216,71,0,287,38,-0.7162168925317605,-1.1167751955788672
126,1569067200,444,251,0,695,38,-0.7162168925317605,-0.12834175973157275
126,1569081600,469,374,0,843,38,-0.7162168925317605,0.2302076238600929
126,1569096000,352,581,229,933,38,0.7664723180516386,0.44824441117934904
126,1569110400,258,304,46,562,38,-0.4183841253403353,-0.45055167877002905
126,1569124800,30,124,94,154,38,-0.10760210740145691,-1.4389851146173236
126,1569139200,136,67,0,203,38,-0.7162168925317605,-1.3202761970768395
126,1569153600,380,233,0,613,38,-0.7162168925317605,-0.3269974992891172
126,1569168000,417,277,0,694,38,-0.7162168925317605,-0.1307643907017867
126,1569182400,278,379,101,657,38,-0.06227972978537048,-0.2204017365997031
126,1569196800,136,263,127,399,38,0.10606052993152199,-0.845440526914904
126,1569211200,16,77,61,93,38,-0.32126474473443584,-1.5867656038003748
126,1569225600,645,185,0,830,38,-0.7162168925317605,0.19871342124731148
126,1569240000,838,373,0,1211,38,-0.7162168925317605,1.121735820898829
126,1569254400,461,448,0,909,38,-0.7162168925317605,0.39010126789421407
126,1569268800,452,924,472,1376,38,2.3398062838672105,1.521469930984132
126,1569283200,121,385,264,506,39,0.9849501892144883,-0.5752606585198571
126,1569297600,17,75,58,92,39,-0.3125207360418687,-1.5823722503788256
126,1569312000,647,174,0,821,39,-0.6778280839295808,0.1910199005032711
126,1569326400,913,352,0,1265,39,-0.6778280839295808,1.2711105932215851
126,1569340800,463,475,12,938,39,-0.6022472533321231,0.47563839385471873
126,1569355200,467,918,451,1385,39,2.162751466024871,1.5630269966589674
126,1569369600,135,406,271,541,39,1.0290390070630053,-0.490118374183954
126,1569384000,22,65,43,87,39,-0.4069967742886908,-1.5945354338553832
126,1569398400,622,186,0,808,39,-0.6778280839295808,0.15939562346422137
126,1569412800,925,359,0,1284,39,-0.6778280839295808,1.317330690432504
126,1569427200,443,464,21,907,39,-0.5455616303840299,0.40022665630006166
126,1569441600,450,945,495,1395,39,2.439881178215549,1.5873533636120825
126,1569456000,120,398,278,518,39,1.0731278249115224,-0.5460690181761189
126,1569470400,22,68,46,90,39,-0.3881015666393264,-1.5872375237694487
126,1569484800,582,189,0,771,39,-0.6778280839295808,0.0693880657376952
126,1569499200,909,362,0,1271,39,-0.6778280839295808,1.2857064133934544
126,1569513600,455,436,0,891,39,-0.6778280839295808,0.36130446917507736
126,1569528000,440,957,517,1397,39,2.578446034310888,1.5922186370027056
126,1569542400,142,418,276,560,39,1.060531019811946,-0.44389827697303513
126,1569556800,21,88,67,109,39,-0.25583511309377543,-1.54101742655853
126,1569571200,576,177,0,753,39,-0.6778280839295808,0.025600605222087867
126,1569585600,874,418,0,1292,39,-0.6778280839295808,1.336791783994996
126,1569600000,500,473,0,973,39,-0.6778280839295808,0.5607806781906218
126,1569614400,509,934,425,1443,39,1.998992999730379,1.7041199249870354
126,1569628800,176,432,256,608,39,0.9345629688161832,-0.3271317155980823
126,1569643200,113,106,0,219,39,-0.6778280839295808,-1.2734273900742628
126,1569657600,201,86,0,287,39,-0.6778280839295808,-1.1080080947930797
126,1569672000,450,268,0,718,39,-0.6778280839295808,-0.05954167911381527
126,1569686400,456,360,0,816,39,-0.6778280839295808,0.17885671702671352
126,1569700800,372,484,112,856,39,0.027593001646690894,0.27616218483917426
126,1569715200,151,330,179,481,39,0.4495859724824963,-0.6360765759026451
126,1569729600,29,114,85,143,39,-0.1424638671975889,-1.4583077789179382
126,1569744000,136,55,0,191,39,-0.6778280839295808,-1.3415412175429853
126,1569758400,341,239,0,580,39,-0.6778280839295808,-0.39524554306680476
126,1569772800,367,338,0,705,39,-0.6778280839295808,-0.091165956152865
126,1569787200,315,495,180,810,39,0.45588437503228446,0.1642608968548444
126,1569801600,316,316,0,632,39,-0.6778280839295808,-0.26874843491060585
126,1569816000,21,72,51,93,39,-0.3566095538903857,-1.5799396136835142
126,1569830400,522,134,0,656,39,-0.6778280839295808,-0.2103651542231294
126,1569844800,740,376,0,1116,39,-0.6778280839295808,0.9086477256201689
126,1569859200,463,428,0,891,39,-0.6778280839295808,0.36130446917507736
126,1569873600,426,859,433,1285,39,2.0493802201286844,1.3197633271278155
126,1569888000,141,333,192,474,40,0.5561302455884083,-0.587242894144429
126,1569902400,15,64,49,79,40,-0.35622109421054826,-1.5127948240186526
126,1569916800,546,138,0,684,40,-0.668844979875925,-0.09517731117332275
126,1569931200,820,350,0,1170,40,-0.668844979875925,1.0436030379883803
126,1569945600,478,422,0,900,40,-0.668844979875925,0.4109472884541008
126,1569960000,486,886,400,1372,40,1.883186739841436,1.51692326541773
126,1569974400,158,384,226,542,40,0.7730529417643839,-0.42790737203949936
126,1569988800,15,66,51,81,40,-0.34346093561196145,-1.5081084851332134
126,1570003200,620,180,0,800,40,-0.668844979875925,0.17663034418214543
126,1570017600,895,386,0,1281,40,-0.668844979875925,1.3036948461302507
126,1570032000,456,453,0,909,40,-0.668844979875925,0.4320358134385768
126,1570046400,482,1015,533,1497,40,2.7317372866474585,1.8098194457576742
126,1570060800,146,365,219,511,40,0.7283923866693301,-0.5005456247638055
126,1570075200,27,74,47,101,40,-0.3689812528091351,-1.4612450962788224
126,1570089600,589,202,0,791,40,-0.668844979875925,0.15554181919766946
126,1570104000,866,419,0,1285,40,-0.668844979875925,1.313067523901129
126,1570118400,460,449,0,909,40,-0.668844979875925,0.4320358134385768
126,1570132800,431,985,554,1416,40,2.86571895193262,1.6200227208973903
126,1570147200,141,409,268,550,40,1.041016272334707,-0.4091620164977429
126,1570161600,17,73,56,90,40,-0.3115605391154944,-1.4870199601487375
126,1570176000,552,182,0,734,40,-0.668844979875925,0.02198116096265492
126,1570190400,904,380,0,1284,40,-0.668844979875925,1.3107243544584093
126,1570204800,475,430,0,905,40,-0.668844979875925,0.42266313566769853
126,1570219200,522,880,358,1402,40,1.615223409271113,1.5872183486993166
126,1570233600,143,421,278,564,40,1.104817065327641,-0.37635764429966917
126,1570248000,27,115,88,142,40,-0.10739800153810557,-1.3651751491273207
126,1570262400,195,61,0,256,40,-0.668844979875925,-1.0980538326572915
126,1570276800,463,322,0,785,40,-0.668844979875925,0.14148280254135215
126,1570291200,413,348,0,761,40,-0.668844979875925,0.08524673591608287
126,1570305600,365,432,67,797,40,-0.241379666823267,0.16960083585398678
126,1570320000,167,300,133,467,40,0.1797055669300975,-0.6036450802434659
126,1570334400,22,114,92,136,40,-0.08187768434093197,-1.379234165783638
126,1570348800,115,53,0,168,40,-0.668844979875925,-1.3042527436166123
126,1570363200,371,167,0,538,40,-0.668844979875925,-0.43728004981037755
126,1570377600,381,260,0,641,40,-0.668844979875925,-0.19593359721026354
126,1570392000,270,422,152,692,40,0.30092707361667215,-0.07643195563156632
126,1570406400,131,228,97,359,40,-0.04997728784446495,-0.8567073800571776
126,1570420800,19,63,44,82,40,-0.38812149070701524,-1.505765315690494
126,1570435200,618,169,0,787,40,-0.668844979875925,0.14616914142679124
126,1570449600,886,357,0,1243,40,-0.668844979875925,1.2146544073069077
126,1570464000,436,439,3,875,40,-0.6497047419780447,0.35236805238611196
126,1570478400,439,935,496,1374,40,2.4956743525736025,1.521609604303169
126,1570492800,124,388,264,512,41,1.0976548286305117,-0.4169298526362855
126,1570507200,22,62,40,84,41,-0.45494074986867356,-1.5555062715525454
126,1570521600,598,181,0,779,41,-0.7321899603149566,0.29335029654745604
126,1570523199,177,75,0,252,41,-0.7321899603149566,-1.108588424875135
126,1570536000,646,324,0,970,41,-0.7321899603149566,0.8014533246152262
126,1570550400,436,487,51,923,41,-0.3786972169959457,0.676422736556665
126,1570564800,460,973,513,1433,41,2.8235311636586236,2.033137628255947
126,1570579200,138,407,269,545,41,1.132310979936297,-0.32914241846750847
126,1570593600,18,79,61,97,41,-0.309384914384375,-1.520923342940603
126,1570608000,512,151,0,663,41,-0.7321899603149566,-0.015235835682184501
126,1570622400,730,352,0,1082,41,-0.7321899603149566,1.0993985557334998
126,1570636800,388,423,35,811,41,-0.489596901174459,0.37847750543839137
126,1570651200,425,864,439,1289,41,2.310620124333,1.6500651882467376
126,1570665600,137,338,201,475,41,0.6609873221776157,-0.5153581879164295
126,1570680000,17,73,56,90,41,-0.34404106569016035,-1.5395449198854951
126,1570694400,602,175,0,777,41,-0.7321899603149566,0.28802984599177256
126,1570698168,388,151,0,539,41,-0.7321899603149566,-0.34510377013455884
126,1570708800,554,209,0,763,41,-0.7321899603149566,0.2507866921019884
126,1570723200,452,498,46,950,41,-0.41335336830173114,0.7482488190583917
126,1570737600,461,892,431,1353,41,2.255170282243743,1.8203196060286084
126,1570752000,139,452,313,591,41,1.4372851114272083,-0.20677205568678897
126,1570766400,20,80,60,100,41,-0.31631614464553204,-1.5129426671070778
126,1570780800,609,172,0,781,41,-0.7321899603149566,0.2986707471031395
126,1570795200,806,373,0,1179,41,-0.7321899603149566,1.3574404076841475
126,1570809600,482,529,47,1011,41,-0.40642213804057403,0.9105225610067371
126,1570824000,465,857,392,1322,41,1.9848523020586173,1.7378526224155146
126,1570838400,184,431,247,615,41,0.9798239141908414,-0.14292664901858748
126,1570852800,29,118,89,147,41,-0.11531046707197684,-1.3879120790485164
126,1570867200,208,81,0,289,41,-0.7321899603149566,-1.0101600895949912
126,1570881600,438,236,0,674,41,-0.7321899603149566,0.014026642374074515
126,1570896000,499,314,0,813,41,-0.7321899603149566,0.3837979559940748
126,1570910400,354,481,127,835,41,0.14807628285199206,0.44232291210659286
126,1570924800,154,342,188,496,41,0.5708813287825737,-0.4594934570817532
126,1570939200,24,119,95,143,41,-0.07372308550503438,-1.3985529801598835
126,1570953600,97,54,0,151,41,-0.7321899603149566,-1.3772711779371496
126,1570968000,352,192,0,544,41,-0.7321899603149566,-0.33180264374535023
126,1570982400,411,260,0,671,41,-0.7321899603149566,0.006045966540549328
126,1570996800,255,382,127,637,41,0.14807628285199206,-0.08440169290606944
126,1571011200,149,264,115,413,41,0.06490151971810715,-0.6802921551426167
126,1571025600,16,72,56,88,41,-0.34404106569016035,-1.5448653704411786
126,1571040000,403,145,0,548,41,-0.7321899603149566,-0.3211617426339833
126,1571054400,662,336,0,998,41,-0.7321899603149566,0.8759396323947947
126,1571068800,429,336,0,765,41,-0.7321899603149566,0.2561071426576718
126,1571083200,420,806,386,1226,41,1.943264920491675,1.4824709957427087
126,1571097600,123,331,208,454,42,0.7511661637104577,-0.6224136096834224
126,1571112000,13,54,41,67,42,-0.3743795470917535,-1.5738582454206884
126,1571126400,575,205,0,780,42,-0.6507111287857095,0.17906171654486885
126,1571140800,916,310,0,1226,42,-0.6507111287857095,1.2755586352498318
126,1571155200,432,512,80,944,42,-0.11152755474872211,0.5822578929296535
126,1571169600,379,946,567,1325,42,3.1707524522014388,1.5189514490430858
126,1571184000,146,300,154,446,42,0.3872172512354912,-0.6420817158485339
126,1571198400,17,102,85,119,42,-0.07782858137141041,-1.446015555347464
126,1571212800,606,172,0,778,42,-0.6507111287857095,0.17414469000359098
126,1571227200,880,353,0,1233,42,-0.6507111287857095,1.2927682281443043
126,1571241600,420,418,0,838,42,-0.6507111287857095,0.3216554862419268
126,1571256000,389,911,522,1300,42,2.8674616918056333,1.4574886172771127
126,1571270400,117,386,269,503,42,1.1622936389136607,-0.5019464594221148
126,1571284800,20,66,46,86,42,-0.34068057371444177,-1.5271464932785488
126,1571299200,633,188,0,821,42,-0.6507111287857095,0.27986076064106497
126,1571313600,837,403,0,1240,42,-0.6507111287857095,1.3099778210387767
126,1571328000,467,490,23,957,42,-0.49569585125007565,0.6142185654479595
126,1571342400,491,900,409,1391,42,2.1058648934783886,1.6812133249052552
126,1571356800,133,403,270,536,42,1.169033433589123,-0.42081552149103013
126,1571371200,27,90,63,117,42,-0.22610406423158194,-1.450932581888742
126,1571385600,586,168,0,754,42,-0.6507111287857095,0.11514037150825666
126,1571400000,843,382,0,1225,42,-0.6507111287857095,1.2731001219791929
126,1571414400,484,503,19,987,42,-0.522655029951925,0.6879739635671275
126,1571428800,522,594,72,1116,42,-0.16544591215242085,1.0051221754795494
126,1571443200,168,353,185,521,42,0.5961508861748238,-0.4576932205506141
126,1571457600,21,111,90,132,42,-0.044129607994098694,-1.414054882829158
126,1571472000,191,80,0,271,42,-0.6507111287857095,-1.0723215382103466
126,1571486400,471,275,0,746,42,-0.6507111287857095,0.09547226534314522
126,1571500800,443,379,0,822,42,-0.6507111287857095,0.2823192739117039
126,1571515200,382,474,92,856,42,-0.030650018643174008,0.36590872511342754
126,1571529600,155,283,128,438,42,0.2119825896734703,-0.6617498220136453
126,1571544000,49,92,43,141,42,-0.3608999577408288,-1.3919282633934076
126,1571558400,121,45,0,166,42,-0.6507111287857095,-1.3304654316274342
126,1571572800,349,202,0,551,42,-0.6507111287857095,-0.3839378224314462
126,1571587200,360,317,0,677,42,-0.6507111287857095,-0.07416515033094097
126,1571601600,273,390,117,663,42,0.13784484824338455,-0.108584336119886
126,1571616000,123,196,73,319,42,-0.1587061174769585,-0.954312901219678
126,1571630400,13,36,23,49,42,-0.49569585125007565,-1.618111484292189
126,1571644800,580,150,0,730,42,-0.6507111287857095,0.056136053012922335
126,1571659200,858,356,0,1214,42,-0.6507111287857095,1.2460564760021646
126,1571673600,423,409,0,832,42,-0.6507111287857095,0.3069044066180932
126,1571688000,427,903,476,1330,42,2.5574311367343654,1.5312440153962805
126,1571702400,118,332,214,450,43,0.7265688736004399,-0.6031847626591295
126,1571716800,15,74,59,89,43,-0.29413966484126575,-1.4481896015612568
126,1571731200,620,187,0,807,43,-0.6826674310868182,0.23245714173992707
126,1571745600,818,333,0,1151,43,-0.6826674310868182,1.037669509004004
126,1571760000,460,417,0,877,43,-0.6826674310868182,0.39630849554366365
126,1571774400,450,1003,553,1453,43,2.9589572254181054,1.744571063985839
126,1571788800,107,313,206,420,43,0.6738871425840938,-0.6734067714321594
126,1571803200,12,70,58,82,43,-0.300724881218309,-1.4645747369416304
126,1571817600,610,178,0,788,43,-0.6826674310868182,0.18798320285034142
126,1571832000,883,347,0,1230,43,-0.6826674310868182,1.2225874654396496
126,1571846400,451,415,0,866,43,-0.6826674310868182,0.37056042566021935
126,1571860800,445,959,514,1404,43,2.7021337867134183,1.6298751163232235
126,1571875200,127,346,219,473,43,0.7594949554856562,-0.5493478892664732
126,1571889600,21,62,41,83,43,-0.4126735596280445,-1.4622340033158627
126,1571904000,589,173,0,762,43,-0.6826674310868182,0.12712412858038213
126,1571918400,916,365,0,1281,43,-0.6826674310868182,1.3419648803538005
126,1571932800,501,458,0,959,43,-0.6826674310868182,0.5882486528566122
126,1571947200,465,904,439,1369,43,2.208242558435174,1.547949439421355
126,1571961600,121,398,277,519,43,1.1414375053541652,-0.4416741424811606
126,1571976000,20,74,54,94,43,-0.32706574672648203,-1.4364859334324185
126,1571990400,559,169,0,728,43,-0.6826674310868182,0.0475391853042815
126,1572004800,842,369,0,1211,43,-0.6826674310868182,1.178113526550064
126,1572019200,427,482,55,909,43,-0.3204805303494388,0.47121197156822897
126,1572033600,549,874,325,1423,43,1.4575278914522418,1.674349055212809
126,1572048000,165,355,190,520,43,0.5685236805514016,-0.4393334088553929
126,1572062400,21,113,92,134,43,-0.07682752439883808,-1.3428565884017118
126,1572076800,198,77,0,275,43,-0.6826674310868182,-1.012813147168471
126,1572091200,433,248,0,681,43,-0.6826674310868182,-0.06247529510679878
126,1572105600,420,407,0,827,43,-0.6826674310868182,0.27927181425528036
126,1572120000,373,502,129,875,43,0.1668254815517626,0.3916270282921283
126,1572134400,183,301,118,484,43,0.09438810140428672,-0.5235998193830289
126,1572148800,33,148,115,181,43,0.07463245227315694,-1.2328421079906315
126,1572163200,118,62,0,180,43,-0.6826674310868182,-1.2351828416163992
126,1572177600,290,122,0,412,43,-0.6826674310868182,-0.6921326404383008
126,1572192000,285,285,0,570,43,-0.6826674310868182,-0.32229672756700967
126,1572206400,260,310,50,570,43,-0.3534066122346551,-0.32229672756700967
126,1572220800,109,179,70,288,43,-0.22170228469378986,-0.9823836100334913
126,1572235200,16,58,42,74,43,-0.4060883432510012,-1.4833006059477718
126,1572249600,575,140,0,715,43,-0.6826674310868182,0.017109648169301845
126,1572264000,908,369,0,1277,43,-0.6826674310868182,1.3326019458507299
126,1572278400,412,474,62,886,43,-0.27438401571013593,0.41737509817557267
126,1572292800,437,909,472,1346,43,2.4255546988776016,1.4941125660286987
126,1572307200,136,361,225,497,44,0.7302097079262567,-0.5346126166779516
126,1572321600,100,125,25,225,44,-0.5863109394879586,-1.1948205318574805
126,1572336000,592,192,0,784,44,-0.7508760204147357,0.16200382323574272
126,1572350400,874,403,0,1277,44,-0.7508760204147357,1.3586306694986392
126,1572364800,419,441,22,860,44,-0.6060587491991719,0.3464736818888464
126,1572379200,394,943,549,1337,44,2.8629731567372856,1.5042647684352999
126,1572393600,122,406,284,528,44,1.1185832989134503,-0.45936833222734347
126,1572408000,26,71,45,97,44,-0.45465887474653716,-1.5055066095890237
126,1572422400,597,195,0,792,44,-0.7508760204147357,0.18142170309396416
126,1572436800,886,379,0,1265,44,-0.7508760204147357,1.329503849711307
126,1572451200,466,492,26,958,44,-0.5797283362508876,0.5843427101520591
126,1572465600,432,876,444,1308,44,2.1717998168448225,1.4338749539492472
126,1572480000,129,424,295,553,44,1.190991934521232,-0.3986874576704014
126,1572494400,19,70,51,89,44,-0.4151632553241107,-1.5249244894472451
126,1572508800,573,160,0,733,44,-0.7508760204147357,0.03821483913958102
126,1572523200,860,368,0,1228,44,-0.7508760204147357,1.2396961553670327
126,1572537600,426,464,38,890,44,-0.5007370974060347,0.4192907313571768
126,1572552000,442,795,353,1237,44,1.5727829222713545,1.261541270207532
126,1572566400,139,340,201,479,44,0.5722272302365509,-0.5783028463589498
126,1572580800,26,89,63,115,44,-0.33617201647925776,-1.4618163799080255
126,1572595200,569,146,0,715,44,-0.7508760204147357,-0.005475390541417228
126,1572609600,803,364,0,1167,44,-0.7508760204147357,1.0916348214480942
126,1572624000,433,509,76,942,44,-0.2505981743973338,0.5455069504356163
126,1572638400,457,926,469,1383,44,2.3363648977715994,1.6159175776200732
126,1572652800,145,321,176,466,44,0.4076621493097739,-0.6098569011285596
126,1572667200,42,132,90,174,44,-0.1584417290783387,-1.3186095159536424
126,1572681600,192,108,0,300,44,-0.7508760204147357,-1.0127779081866546
126,1572696000,452,254,0,706,44,-0.7508760204147357,-0.02732050538191635
126,1572710400,406,353,0,759,44,-0.7508760204147357,0.1013229486788007
126,1572724800,390,501,111,891,44,-0.020207061099846085,0.4217179663394545
126,1572739200,153,325,172,478,44,0.3813317363614896,-0.5807300813412275
126,1572750000,19,126,107,145,44,-0.04653747404813039,-1.388999330439695
126,1572764400,61,36,0,97,44,-0.7508760204147357,-1.5055066095890237
126,1572778800,344,175,0,519,44,-0.7508760204147357,-0.4812134470678426
126,1572793200,424,286,0,710,44,-0.7508760204147357,-0.01761156545280563
126,1572807600,304,429,125,733,44,0.071949384219149,0.03821483913958102
126,1572822000,171,308,137,479,44,0.1509406230640019,-0.5783028463589498
126,1572836400,21,82,61,103,44,-0.3493372229533999,-1.4909431996953577
126,1572850800,325,90,0,415,44,-0.7508760204147357,-0.7336458852247213
126,1572865200,1069,414,0,1483,44,-0.7508760204147357,1.8586410758478413
126,1572879600,426,345,0,771,44,-0.7508760204147357,0.13044976846613288
126,1572894000,504,965,461,1469,44,2.283704071875031,1.8246597860959537
126,1572908400,193,492,299,685,44,1.2173223474695165,-0.07829244000974764
126,1572922800,23,108,85,131,45,-0.08706940295164238,-1.1650801358928529
126,1572937200,312,91,0,403,45,-0.6382001982306552,-0.6082747697432564
126,1572951600,1022,375,0,1397,45,-0.6382001982306552,1.426521310965195
126,1572966000,476,374,0,850,45,-0.6382001982306552,0.3067693430099405
126,1572980400,359,152,0,511,45,-0.6382001982306552,-0.38719028612503437
126,1572994800,712,1313,601,2025,45,3.2586187189774236,2.712086641634116
126,1573009200,22,111,89,133,45,-0.06113383611498295,-1.1609859787888117
126,1573023600,309,82,0,391,45,-0.6382001982306552,-0.6328397123675034
126,1573038000,1010,388,0,1398,45,-0.6382001982306552,1.4285683895172157
126,1573052400,484,336,0,820,45,-0.6382001982306552,0.24535698644932327
126,1573066800,481,960,479,1441,45,2.4675839304593112,1.5165927672541002
126,1573081200,151,446,295,597,45,1.2745478559729775,-0.21114153065126495
126,1573095600,2,1,0,3,45,-0.6382001982306552,-1.4271061905514864
126,1573110000,318,47,0,365,45,-0.6382001982306552,-0.6860637547200383
126,1573124400,1019,405,0,1424,45,-0.6382001982306552,1.4817924318697504
126,1573138800,494,373,0,867,45,-0.6382001982306552,0.34156967839429025
126,1573153200,491,895,404,1386,45,1.981292052271947,1.4040034468929687
126,1573167600,118,428,310,546,45,1.3718062316104505,-0.31554253680431427
126,1573182000,0,0,0,0,45,-0.6382001982306552,-1.433247426207548
126,1573196400,306,59,0,365,45,-0.6382001982306552,-0.6860637547200383
126,1573210800,973,438,0,1411,45,-0.6382001982306552,1.4551804106934831
126,1573225200,440,363,0,803,45,-0.6382001982306552,0.21055665106497348
126,1573239600,518,910,392,1428,45,1.9034853517619688,1.4899807460778327
126,1573254000,212,469,257,681,45,1.028159971024713,-0.039186932281536656
126,1573268400,26,119,93,145,45,-0.03519826927832352,-1.1364210361645648
126,1573282800,109,48,0,157,45,-0.6382001982306552,-1.111856093540318
126,1573297200,386,211,0,597,45,-0.6382001982306552,-0.21114153065126495
126,1573311600,437,347,0,784,45,-0.6382001982306552,0.17166215857658257
126,1573326000,413,502,89,915,45,-0.06113383611498295,0.4398294488912779
126,1573340400,249,384,135,633,45,0.23712518250660047,-0.13744670277852425
126,1573354800,45,119,74,164,45,-0.1583922117524558,-1.0975265436761739
126,1573369200,77,45,0,122,45,-0.6382001982306552,-1.183503842861038
126,1573383600,334,155,0,489,45,-0.6382001982306552,-0.43222601426948704
126,1573398000,394,278,0,672,45,-0.6382001982306552,-0.057610639249721825
126,1573412400,300,384,84,684,45,-0.09355329466080724,-0.03304569662547493
126,1573426800,151,260,109,411,45,0.0685439980683142,-0.5918981413270918
126,1573441200,17,90,73,107,45,-0.16487610346162065,-1.2142100211413467
126,1573455600,281,69,0,350,45,-0.6382001982306552,-0.716769933000347
126,1573470000,849,363,0,1212,45,-0.6382001982306552,1.0478117788413885
126,1573484400,457,348,0,805,45,-0.6382001982306552,0.21465080816901463
126,1573498800,462,815,353,1277,45,1.6506135751045392,1.180871884722726
126,1573513200,147,359,212,506,45,0.7363848441122944,-0.39742567888513725
126,1573527600,7,6,0,13,46,-0.6574229481229377,-1.4490717119261092
126,1573542000,325,62,0,387,46,-0.6574229481229377,-0.6588336043391309
126,1573556400,1054,402,0,1456,46,-0.6574229481229377,1.5998951042450393
126,1573570800,449,385,0,834,46,-0.6574229481229377,0.28564883975546607
126,1573585200,481,882,401,1363,46,2.2305054014562264,1.4033920454065663
126,1573599600,141,365,224,506,46,0.9557839104948499,-0.4073942064705469
126,1573614000,2,0,0,2,46,-0.6574229481229377,-1.472314009208079
126,1573628400,297,66,0,363,46,-0.6574229481229377,-0.7095440711361563
126,1573642800,1046,398,0,1444,46,-0.6574229481229377,1.5745398708465268
126,1573657200,469,384,0,853,46,-0.6574229481229377,0.32579462596977776
126,1573671600,487,876,389,1363,46,2.144083605458845,1.4033920454065663
126,1573686000,145,351,206,496,46,0.8261512164987777,-0.42852356763597416
126,1573700400,1,1,0,2,46,-0.6574229481229377,-1.472314009208079
126,1573714800,303,68,0,371,46,-0.6574229481229377,-0.6926405822038144
126,1573729200,1029,401,0,1430,46,-0.6574229481229377,1.5449587652149286
126,1573743600,455,340,0,795,46,-0.6574229481229377,0.2032443312102999
126,1573758000,488,893,405,1381,46,2.259312666788687,1.4414248955043352
126,1573772400,144,510,366,654,46,1.9784418297971973,-0.09467966122222399
126,1573786800,5,4,0,9,46,-0.6574229481229377,-1.4575234563922799
126,1573801200,289,85,0,374,46,-0.6574229481229377,-0.6863017738541862
126,1573815600,1003,431,0,1434,46,-0.6574229481229377,1.5534105096810995
126,1573830000,478,378,0,856,46,-0.6574229481229377,0.33213343431940595
126,1573844400,557,864,307,1421,46,1.553534666143405,1.5259423401660441
126,1573858800,224,490,266,714,46,1.258260196485685,0.03209650577033936
126,1573873200,24,111,87,135,46,-0.030864927141922,-1.1912935057078968
126,1573887600,105,58,0,163,46,-0.6574229481229377,-1.1321312944447006
126,1573902000,377,242,0,619,46,-0.6574229481229377,-0.16863242530121927
126,1573916400,464,390,0,854,46,-0.6574229481229377,0.3279075620863205
126,1573930800,399,540,141,939,46,0.3580331548462946,0.5075071319924519
126,1573945200,191,350,159,541,46,0.48766584884236686,-0.3334414423915516
126,1573959600,76,135,59,211,46,-0.23251578446914545,-1.03071036085065
126,1573974000,62,48,0,110,46,-0.6574229481229377,-1.244116908621465
126,1573988400,321,177,0,498,46,-0.6574229481229377,-0.4242976954028887
126,1574002800,454,410,0,864,46,-0.6574229481229377,0.34903692325174773
126,1574017200,329,467,138,796,46,0.33642770584694925,0.2053572673268426
126,1574031600,301,258,0,559,46,-0.6574229481229377,-0.29540859229378263
126,1574046000,21,80,59,101,46,-0.23251578446914545,-1.2631333336703494
126,1574060400,292,71,0,363,46,-0.6574229481229377,-0.7095440711361563
126,1574074800,1008,374,0,1382,46,-0.6574229481229377,1.443537831620878
126,1574089200,452,357,0,809,46,-0.6574229481229377,0.232825436841898
126,1574103600,484,889,405,1373,46,2.259312666788687,1.4245214065719936
126,1574118000,145,367,222,512,46,0.9413802778286197,-0.3947165897712906
126,1574132400,1,1,0,2,47,-0.6548579715060047,-1.3109657514382043
126,1574146800,294,61,0,355,47,-0.6548579715060047,-0.6687593007254068
126,1574161200,724,73,0,797,47,-0.6548579715060047,0.1353632239631386
126,1574175600,1531,752,0,2283,47,-0.6548579715060047,2.8388158748391077
126,1574190000,560,919,359,1479,47,1.8853911909245429,1.3761133638671836
126,1574204400,147,449,302,596,47,1.4820647222377987,-0.23031240377984244
126,1574218800,3,2,0,5,47,-0.6548579715060047,-1.3055079062480106
126,1574233200,367,52,0,419,47,-0.6548579715060047,-0.5523252700012735
126,1574247600,1369,386,0,1755,47,-0.6548579715060047,1.8782351213650084
126,1574262000,589,333,0,922,47,-0.6548579715060047,0.3627734402212114
126,1574276400,567,943,376,1510,47,2.0056815412346247,1.4325110974991857
126,1574290800,158,350,192,508,47,0.7037153967019761,-0.3904091960255257
126,1574305200,3,1,0,4,47,-0.6548579715060047,-1.3073271879780752
126,1574319600,315,45,0,360,47,-0.6548579715060047,-0.6596628920750839
126,1574334000,1081,392,0,1473,47,-0.6548579715060047,1.3651976734867963
126,1574348400,481,354,0,835,47,-0.6548579715060047,0.20449592970559272
126,1574362800,588,962,374,1550,47,1.9915297353157915,1.505282366701769
126,1574377200,158,440,282,598,47,1.3405466630494673,-0.22667384031971327
126,1574391600,3,1,0,4,47,-0.6548579715060047,-1.3073271879780752
126,1574406000,291,61,0,352,47,-0.6548579715060047,-0.6742171459156006
126,1574420400,981,360,0,1341,47,-0.6548579715060047,1.1250524851182713
126,1574434800,416,377,0,793,47,-0.6548579715060047,0.12808609704288026
126,1574449200,526,913,387,1439,47,2.083516473788207,1.3033420946646004
126,1574463600,198,486,288,684,47,1.3830020808059666,-0.0702156115341592
126,1574478000,122,113,0,235,47,-0.6548579715060047,-0.8870731083331567
126,1574492400,108,49,0,157,47,-0.6548579715060047,-1.0289770832781941
126,1574506800,411,185,0,596,47,-0.6548579715060047,-0.23031240377984244
126,1574521200,424,350,0,774,47,-0.6548579715060047,0.09351974417165321
126,1574535600,377,465,88,842,47,-0.032178511077346796,0.21723090181604482
126,1574550000,185,349,164,534,47,0.5055901138383123,-0.34310787104384655
126,1574564400,41,109,68,150,47,-0.17369657026567814,-1.041712055388646
126,1574578800,59,39,0,98,47,-0.6548579715060047,-1.1363147053520044
126,1574593200,284,149,0,433,47,-0.6548579715060047,-0.5268553257803693
126,1574607600,323,238,0,561,47,-0.6548579715060047,-0.2939872643321028
126,1574622000,285,387,102,672,47,0.06688413035448515,-0.09204699229493418
126,1574636400,138,241,103,379,47,0.0739600333139017,-0.6250965392038568
126,1574650800,22,76,54,98,47,-0.27275921169751005,-1.1363147053520044
126,1574665200,325,76,0,401,47,-0.6548579715060047,-0.585072341142436
126,1574679600,1061,421,0,1482,47,-0.6548579715060047,1.3815712090573775
126,1574694000,449,334,0,783,47,-0.6548579715060047,0.10989327974223445
126,1574708400,501,926,425,1427,47,2.3524007862460365,1.2815107139038255
126,1574722800,170,493,323,663,47,1.6306586843855466,-0.10842052786551543
126,1574737200,22,108,86,130,48,0.03792126167411418,-1.2021449954310206
126,1574751600,295,67,0,362,48,-0.6945471723734822,-0.601657947936282
126,1574766000,1014,411,0,1425,48,-0.6945471723734822,2.149711584334869
126,1574780400,457,347,0,804,48,-0.6945471723734822,0.5423734097907629
126,1574794800,531,880,349,1411,48,2.277911937889438,2.1134752969860484
126,1574809200,202,521,319,723,48,2.02239969345423,0.33272060441544465
126,1574823600,28,117,89,145,48,0.06347248611763498,-1.1633204018429986
126,1574838000,286,70,0,356,48,-0.6945471723734822,-0.6171877853714908
126,1574852400,892,352,0,1244,48,-0.6945471723734822,1.6812281550394048
126,1574866800,462,475,13,937,48,-0.5838251997848921,0.8866181396045569
126,1574881200,469,868,399,1337,48,2.703765678614785,1.9219406352851405
126,1574895600,190,458,268,648,48,1.5880288779143765,0.13859763647533524
126,1574910000,30,89,59,119,48,-0.19203975831757306,-1.2306163640622365
126,1574924400,89,46,0,135,48,-0.6945471723734822,-1.189203464235013
126,1574938800,313,190,0,503,48,-0.6945471723734822,-0.23670676820887632
126,1574953200,271,434,163,705,48,0.6937360223911482,0.2861310921098184
126,1574967600,246,380,134,626,48,0.44674085277044706,0.08165489921290314
126,1574982000,203,215,12,418,48,-0.592342274599399,-0.45671279854100033
126,1574996400,49,99,50,148,48,-0.2686934316481355,-1.1555554831253942
126,1575010800,151,51,0,202,48,-0.6945471723734822,-1.0157869462085154
126,1575025200,489,248,0,737,48,-0.6945471723734822,0.3689568917642651
126,1575039600,522,331,0,853,48,-0.6945471723734822,0.6692004155116343
126,1575054000,429,614,185,1043,48,0.8811116683103007,1.1609786009599115
126,1575068400,190,360,170,550,48,0.7533555460926967,-0.11505637496640773
126,1575082800,29,116,87,145,48,0.04643833648862112,-1.1633204018429986
126,1575097200,96,43,0,139,48,-0.6945471723734822,-1.1788502392782074
126,1575111600,347,179,0,526,48,-0.6945471723734822,-0.17717572470724274
126,1575126000,446,286,0,732,48,-0.6945471723734822,0.3560153605682578
126,1575140400,396,409,13,805,48,-0.5838251997848921,0.5449617160299643
126,1575154800,200,350,150,550,48,0.583014049802558,-0.11505637496640773
126,1575169200,153,124,0,277,48,-0.6945471723734822,-0.8216639782684061
126,1575183600,73,40,0,113,48,-0.6945471723734822,-1.2461462014974454
126,1575198000,311,137,0,448,48,-0.6945471723734822,-0.37906361136495653
126,1575212400,331,241,0,572,48,-0.6945471723734822,-0.058113637703975644
126,1575226800,228,306,78,534,48,-0.030215336841941297,-0.1564692747936311
126,1575241200,120,202,82,322,48,0.003852962416086442,-0.7051901975043404
126,1575255600,17,63,46,80,48,-0.3027617309061632,-1.3315603073910935
126,1575270000,301,68,0,369,48,-0.6945471723734822,-0.5835398042618718
126,1575284400,924,354,0,1278,48,-0.6945471723734822,1.7692305671722544
126,1575298800,406,369,0,775,48,-0.6945471723734822,0.46731252885392055
126,1575313200,413,787,374,1200,48,2.4908388082521116,1.5673426805145405
126,1575327600,121,420,299,541,48,1.8520581971640915,-0.13835113111922087
126,1575342000,15,55,40,70,49,-0.4304316693647679,-1.3916514293604196
126,1575356400,302,77,0,379,49,-0.714010180946262,-0.6950205472251297
126,1575370800,1077,384,0,1461,49,-0.714010180946262,1.7443147746854968
126,1575385200,429,400,0,829,49,-0.714010180946262,0.31949044617577776
126,1575399600,519,869,350,1388,49,1.7673017953918118,1.5797385468671272
126,1575414000,176,591,415,767,49,2.2281168767117396,0.17971337597387493
126,1575428400,22,71,49,93,49,-0.3666265042589317,-1.3397986452532622
126,1575442800,293,80,0,373,49,-0.714010180946262,-0.7085473604704752
126,1575457200,1041,351,0,1392,49,-0.714010180946262,1.5887564223640243
126,1575471600,443,372,0,815,49,-0.714010180946262,0.28792788193663843
126,1575486000,461,861,400,1322,49,2.1217749348686796,1.4309436011683276
126,1575500400,165,551,386,716,49,2.0225224558151567,0.06473546338843875
126,1575514800,21,90,69,111,49,-0.22483724846818462,-1.2992182055172259
126,1575529200,310,73,0,383,49,-0.714010180946262,-0.6860026717282328
126,1575543600,1051,393,0,1444,49,-0.714010180946262,1.7059888038236848
126,1575558000,429,387,0,816,49,-0.714010180946262,0.29018235081086263
126,1575572400,505,857,352,1362,49,1.7814807209708865,1.521122356137297
126,1575586800,175,532,357,707,49,1.8169280349185732,0.0444452435204206
126,1575601200,21,76,55,97,49,-0.32408972752170756,-1.3307807697563652
126,1575615600,313,63,0,376,49,-0.714010180946262,-0.7017839538478025
126,1575630000,958,347,0,1305,49,-0.714010180946262,1.3926176303065154
126,1575644400,439,314,0,753,49,-0.714010180946262,0.1481508117347356
126,1575658800,515,760,245,1275,49,1.0229082024903897,1.3249835640797882
126,1575673200,224,436,212,660,49,0.788955930435657,-0.06151479356811863
126,1575687600,37,172,135,209,49,0.24306729564128077,-1.0782802558432505
126,1575702000,121,54,0,175,49,-0.714010180946262,-1.1549321975668745
126,1575716400,435,211,0,646,49,-0.714010180946262,-0.09307735780725797
126,1575730800,447,339,0,786,49,-0.714010180946262,0.22254828458413548
126,1575745200,379,475,96,854,49,-0.03342175315067605,0.3758521680313837
126,1575759600,183,305,122,488,49,0.15090427937729514,-0.4492834399346877
126,1575774000,45,127,82,172,49,-0.13267423220419902,-1.1616956041895472
126,1575788400,57,43,0,100,49,-0.714010180946262,-1.3240173631336924
126,1575802800,314,151,0,465,49,-0.714010180946262,-0.5011362240418452
126,1575817200,401,232,0,633,49,-0.714010180946262,-0.12238545317217309
126,1575831600,301,357,56,658,49,-0.31700026473217024,-0.06602373131656711
126,1575846000,152,278,126,430,49,0.17926213053544457,-0.5800426346396936
126,1575860400,25,73,48,98,49,-0.37371596704846904,-1.3285263008821409
126,1575874800,273,63,0,336,49,-0.714010180946262,-0.791962708816772
126,1575889200,999,375,0,1374,49,-0.714010180946262,1.548175982627988
126,1575903600,445,326,0,771,49,-0.714010180946262,0.18873125147077188
126,1575918000,440,852,412,1292,49,2.2068484883431276,1.3633095349416005
126,1575932400,131,354,223,485,49,0.8669400211205679,-0.45604684655736044
126,1575946800,23,31,8,54,50,-0.6955159978798813,-1.4895102867504222
126,1575961200,287,76,0,363,50,-0.7501683307348018,-0.7854176077685617
126,1575975600,1054,400,0,1454,50,-0.7501683307348018,1.7005536309667453
126,1575990000,457,345,0,802,50,-0.7501683307348018,0.21489529214417868
126,1576004400,475,885,410,1360,50,2.0507637280798745,1.4863636250628782
126,1576018800,183,506,323,689,50,1.456419608282614,-0.042588438357278414
126,1576033200,24,109,85,133,50,-0.16948729415127137,-1.3094995371078106
126,1576047600,269,84,0,353,50,-0.7501683307348018,-0.8082037786093986
126,1576062000,987,356,0,1343,50,-0.7501683307348018,1.4476271346334555
126,1576076400,538,386,0,924,50,-0.7501683307348018,0.492886576402389
126,1576090800,485,834,349,1319,50,1.6340396900611058,1.392940324615447
126,1576105200,178,525,347,703,50,1.6203766068473757,-0.010687799180106738
126,1576119600,25,126,101,151,50,-0.06018262844143033,-1.2684844295943043
126,1576134000,297,78,0,375,50,-0.7501683307348018,-0.7580742027595574
126,1576148400,1003,395,0,1398,50,-0.7501683307348018,1.5729510742580586
126,1576162800,454,338,0,792,50,-0.7501683307348018,0.19210912130334176
126,1576177200,519,819,300,1338,50,1.2992941513247176,1.436234049213037
126,1576191600,186,584,398,770,50,1.9687852287974938,0.14197954545350056
126,1576206000,25,144,119,169,50,0.06278512048214083,-1.2274693220807977
126,1576220400,299,83,0,382,50,-0.7501683307348018,-0.7421238831709716
126,1576234800,940,357,0,1297,50,-0.7501683307348018,1.3428107487656058
126,1576249200,448,386,0,834,50,-0.7501683307348018,0.2878110388348568
126,1576263600,504,870,366,1374,50,1.7501758973778119,1.51826426424005
126,1576278000,211,540,329,751,50,1.4974088579238045,0.09868582085591043
126,1576292400,42,154,112,196,50,0.014964329234085375,-1.165946660810538
126,1576306800,96,44,0,140,50,-0.7501683307348018,-1.2935492175192247
126,1576321200,445,204,0,649,50,-0.7501683307348018,-0.13373312172062604
126,1576335600,505,329,0,834,50,-0.7501683307348018,0.2878110388348568
126,1576350000,363,445,82,808,50,-0.18998191897186656,0.22856699464868083
126,1576364400,179,373,194,552,50,0.5751507409970207,-0.35475897887674407
126,1576378800,45,138,93,183,50,-0.11483496129635085,-1.195568682903626
126,1576393200,58,36,0,94,50,-0.7501683307348018,-1.3983656033870746
126,1576407600,303,165,0,468,50,-0.7501683307348018,-0.5461628139397742
126,1576422000,488,321,0,809,50,-0.7501683307348018,0.23084561173276452
126,1576436400,347,388,41,735,50,-0.4700751248533342,0.062227947510571376
126,1576450800,149,314,165,463,50,0.3770360343979338,-0.5575558993601926
126,1576465200,28,80,52,108,50,-0.3949281671778185,-1.366464964209903
126,1576479600,305,80,0,385,50,-0.7501683307348018,-0.7352880319187205
126,1576494000,993,394,0,1387,50,-0.7501683307348018,1.547886286333138
126,1576508400,385,379,0,764,50,-0.7501683307348018,0.1283078429489984
126,1576522800,490,860,370,1350,50,1.777502063805272,1.4635774542220414
126,1576537200,151,519,368,670,50,1.763838980591542,-0.08588216295486854
126,1576551600,18,97,79,115,51,-0.216758774191848,-1.403331367511971
126,1576566000,279,61,0,340,51,-0.7944339651706044,-0.851321651270374
126,1576580400,979,369,0,1348,51,-0.7944339651706044,1.6216818774919803
126,1576594800,420,356,0,776,51,-0.7944339651706044,0.21835050998000946
126,1576609200,446,918,472,1364,51,2.6569924923227255,1.6609359017580494
126,1576623600,167,471,304,638,51,1.428518668469167,-0.12021544931483667
126,1576638000,23,122,99,145,51,-0.07051189039975776,-1.3297300720130913
126,1576652400,293,76,0,369,51,-0.7944339651706044,-0.7801737322881237
126,1576666800,947,382,0,1329,51,-0.7944339651706044,1.5750677236760233
126,1576681200,514,394,0,908,51,-0.7944339651706044,0.5421962101750797
126,1576695600,435,870,435,1305,51,2.3864357573073582,1.5161866872769196
126,1576710000,181,514,333,695,51,1.640576649967698,0.01962701213303456
126,1576724400,27,130,103,157,51,-0.04126251364133971,-1.3002895538135395
126,1576738800,298,66,0,364,51,-0.7944339651706044,-0.7924406148712703
126,1576753200,917,398,0,1315,51,-0.7944339651706044,1.5407204524432128
126,1576767600,466,371,0,837,51,-0.7944339651706044,0.36800647749439797
126,1576782000,474,789,315,1263,51,1.5089544545548168,1.4131448735784882
126,1576796400,198,507,309,705,51,1.4650803894171898,0.044160777299327755
126,1576810800,27,137,110,164,51,0.009923895685891866,-1.283115918197134
126,1576825200,277,60,0,337,51,-0.7944339651706044,-0.8586817808202619
126,1576839600,931,378,0,1309,51,-0.7944339651706044,1.5260001933434368
126,1576854000,464,423,0,887,51,-0.7944339651706044,0.49067530332586395
126,1576868400,450,703,253,1153,51,1.055589114799337,1.143273456749263
126,1576882800,182,454,272,636,51,1.1945236544018227,-0.12512220234809532
126,1576897200,35,164,129,199,51,0.14885843528837758,-1.197247740115108
126,1576911600,107,60,0,167,51,-0.7944339651706044,-1.2757557886472461
126,1576926000,366,179,0,545,51,-0.7944339651706044,-0.3483794653613634
126,1576940400,440,335,0,775,51,-0.7944339651706044,0.21589713346338013
126,1576954800,392,504,112,896,51,0.02454858406510089,0.5127556919755278
126,1576969200,237,417,180,654,51,0.5217879889582077,-0.08096142504876755
126,1576983600,75,157,82,232,51,-0.19482174162303445,-1.1162863150663405
126,1576998000,60,51,0,111,51,-0.7944339651706044,-1.4131448735784882
126,1577012400,298,158,0,456,51,-0.7944339651706044,-0.5667299753413728
126,1577026800,421,267,0,688,51,-0.7944339651706044,0.00245337651662932
126,1577041200,325,489,164,814,51,0.4047904819245355,0.31157881761192363
126,1577055600,155,314,159,469,51,0.3682287609765129,-0.5348360806251917
126,1577070000,25,97,72,122,51,-0.2679451835190796,-1.3861577318955656
126,1577084400,272,79,0,351,51,-0.7944339651706044,-0.8243345095874515
126,1577098800,750,366,0,1116,51,-0.7944339651706044,1.052498525633978
126,1577113200,467,374,0,841,51,-0.7944339651706044,0.37781998356091523
126,1577127600,486,778,292,1264,51,1.340770538193913,1.4155982500951174
126,1577142000,203,492,289,695,51,1.3188335056250995,0.01962701213303456
126,1577156400,29,121,92,150,52,0.03974292417109203,-1.168155417315492
126,1577170800,216,53,0,269,52,-0.7580059537359196,-0.8428895625964664
126,1577185200,657,280,0,937,52,-0.7580059537359196,0.9829725462464669
126,1577199600,471,495,24,966,52,-0.5498975508036558,1.0622390150435403
126,1577214000,318,655,337,973,52,2.164182870771286,1.0813723006152478
126,1577228400,154,327,173,481,52,0.7421087840674827,-0.26342434242475704
126,1577242800,44,76,32,120,52,-0.48052808315956774,-1.2501552126228093
126,1577257200,46,25,0,71,52,-0.7580059537359196,-1.384088211624761
126,1577271600,161,97,0,258,52,-0.7580059537359196,-0.8729561542091495
126,1577286000,260,216,0,476,52,-0.7580059537359196,-0.2770909749759766
126,1577300400,231,283,52,514,52,-0.30710441404934785,-0.17322456758670793
126,1577314800,142,243,101,385,52,0.11778357527069098,-0.5258236874081726
126,1577329200,24,74,50,98,52,-0.32444678096036983,-1.3102883958481755
126,1577343600,231,70,0,301,52,-0.7580059537359196,-0.7554231142686613
126,1577358000,717,296,0,1013,52,-0.7580059537359196,1.1907053610250042
126,1577372400,497,350,0,847,52,-0.7580059537359196,0.7369731603245149
126,1577386800,450,685,235,1135,52,1.2797221583091645,1.5241711952747616
126,1577401200,181,444,263,625,52,1.5225152950634722,0.1301746750503663
126,1577415600,25,139,114,164,52,0.23050896019233394,-1.1298888461720773
126,1577430000,235,64,0,299,52,-0.7580059537359196,-0.760889767289149
126,1577444400,670,315,0,985,52,-0.7580059537359196,1.1141722187381746
126,1577458800,480,351,0,831,52,-0.7580059537359196,0.6932399361606122
126,1577473200,475,809,334,1284,52,2.138169320404753,1.9314368453011046
126,1577487600,192,483,291,675,52,1.76530843181778,0.26684100056256194
