remote_unit_id,time_stamp,entries,exits,num_people_exited,sum_exit_entry,week_num,z_score_num_people_exited,z_score_sum_exit_entry
190,1546300800,0,0,0,0,1,-0.5204146496577691,-1.288974632756259
190,1546315200,254,128,0,382,1,-0.5204146496577691,-0.7357145399784581
190,1546329600,76,53,0,129,1,-0.5204146496577691,-1.102140727079986
190,1546344000,121,175,54,296,1,0.12315155831596065,-0.8602704770959735
190,1546358400,423,315,0,738,1,-0.5204146496577691,-0.22011089330595257
190,1546372800,510,349,0,859,1,-0.5204146496577691,-0.04486358643130884
190,1546387200,244,178,0,422,1,-0.5204146496577691,-0.6777815459703114
190,1546401600,46,24,0,70,1,-0.5204146496577691,-1.1875918932420022
190,1546416000,144,310,166,454,1,1.4579555452244373,-0.6314351507637941
190,1546430400,631,910,279,1541,1,2.804677424873168,0.9428939614075922
190,1546444800,823,566,0,1389,1,-0.5204146496577691,0.7227485841766348
190,1546459200,1437,811,0,2248,1,-0.5204146496577691,1.966859630501585
190,1546473600,538,208,0,746,1,-0.5204146496577691,-0.20852429450432325
190,1546488000,79,35,0,114,1,-0.5204146496577691,-1.123865599833041
190,1546502400,160,329,169,489,1,1.4937092234452,-0.5807437810066657
190,1546516800,686,944,258,1630,1,2.554401677327829,1.0717948730757185
190,1546531200,880,627,0,1507,1,-0.5204146496577691,0.8936509165006675
190,1546545600,1550,774,0,2324,1,-0.5204146496577691,2.0769323191170637
190,1546560000,594,255,0,849,1,-0.5204146496577691,-0.05934683493334551
190,1546574400,70,30,0,100,1,-0.5204146496577691,-1.1441421477358922
190,1546588800,159,331,172,490,1,1.5294629016659629,-0.579295456156462
190,1546603200,692,914,222,1606,1,2.1253575386786756,1.0370350766708305
190,1546617600,908,638,0,1546,1,-0.5204146496577691,0.9501355856586106
190,1546632000,1527,810,0,2337,1,-0.5204146496577691,2.0957605421697116
190,1546646400,691,266,0,957,1,-0.5204146496577691,0.09707224888865054
190,1546660800,158,44,0,202,1,-0.5204146496577691,-0.9964130130151182
190,1546675200,66,88,22,154,1,-0.2582210093721755,-1.0659326058248941
190,1546689600,335,440,105,775,1,0.7309640880689277,-0.16652287384841688
190,1546704000,730,548,0,1278,1,-0.5204146496577691,0.5619845258040277
190,1546718400,799,561,0,1360,1,-0.5204146496577691,0.6807471635207284
190,1546732800,451,234,0,685,1,-0.5204146496577691,-0.29687211036674693
190,1546747200,139,51,0,190,1,-0.5204146496577691,-1.0137929112175623
190,1546761600,59,59,0,118,1,-0.5204146496577691,-1.1180723004322262
190,1546776000,273,335,62,608,1,0.2184947002379947,-0.4083931238324293
190,1546790400,666,551,0,1217,1,-0.5204146496577691,0.473636709941604
190,1546804800,733,467,0,1200,1,-0.5204146496577691,0.4490151874881417
190,1546819200,298,160,0,458,1,-0.5204146496577691,-0.6256418513629795
190,1546833600,50,27,0,77,1,-0.5204146496577691,-1.1774536192905767
190,1546848000,194,244,50,438,1,0.07547998735494364,-0.6546083483670527
190,1546862400,690,965,275,1655,1,2.757005853912151,1.1080029943308103
190,1546876800,853,542,0,1395,1,-0.5204146496577691,0.7314385332778568
190,1546891200,1492,854,0,2346,1,-0.5204146496577691,2.1087954658215446
190,1546905600,556,138,0,694,2,-0.546025886146319,-0.45868200115579827
190,1546920000,72,30,0,102,2,-0.546025886146319,-1.265292742844586
190,1546934400,172,319,147,491,2,0.7682680012093822,-0.7352731845389467
190,1546948800,692,989,297,1681,2,2.1093842127968325,0.8861234077070961
190,1546963200,822,548,0,1370,2,-0.546025886146319,0.4623802646915336
190,1546977600,1582,841,0,2423,2,-0.546025886146319,1.8971118711075698
190,1546992000,668,211,0,879,2,-0.546025886146319,-0.20661614437805212
190,1547006400,77,30,0,107,2,-0.546025886146319,-1.258480152120863
190,1547020800,182,315,133,497,2,0.6430971547945535,-0.7270980756704793
190,1547035200,682,1083,401,1765,2,3.0392247861641315,1.0005749318656403
190,1547049600,914,675,0,1589,2,-0.546025886146319,0.7607717383905953
190,1547064000,1570,825,0,2395,2,-0.546025886146319,1.8589613630547217
190,1547078400,649,235,0,884,2,-0.546025886146319,-0.19980355365432925
190,1547092800,61,32,0,93,2,-0.546025886146319,-1.2775554061472871
190,1547107200,186,326,140,512,2,0.7056825780019679,-0.7066603034993106
190,1547121600,687,1045,358,1732,2,2.654771472175729,0.9556118330890693
190,1547136000,852,638,0,1490,2,-0.546025886146319,0.6258824420608825
190,1547150400,1581,888,0,2469,2,-0.546025886146319,1.9597877057658202
190,1547164800,719,244,0,963,2,-0.546025886146319,-0.09216462021950791
190,1547179200,69,35,0,104,2,-0.546025886146319,-1.2625677065550969
190,1547193600,166,323,157,489,2,0.8576757486485456,-0.7379982208284359
190,1547208000,707,954,247,1661,2,1.6623454756010159,0.8588730448122046
190,1547222400,908,640,0,1548,2,-0.546025886146319,0.7049084944560677
190,1547236800,1486,838,0,2324,2,-0.546025886146319,1.762222574777857
190,1547251200,681,289,0,970,2,-0.546025886146319,-0.08262699320629589
190,1547265600,149,37,0,186,2,-0.546025886146319,-1.1508412186860417
190,1547280000,72,103,31,175,2,-0.2688618690849126,-1.165828918278232
190,1547294400,316,423,107,739,2,0.41063701145272885,-0.3973686846422924
190,1547308800,747,582,0,1329,2,-0.546025886146319,0.4065170207570061
190,1547323200,822,535,0,1357,2,-0.546025886146319,0.44466752880985416
190,1547337600,470,259,0,729,2,-0.546025886146319,-0.4109938660897382
190,1547352000,179,60,0,239,2,-0.546025886146319,-1.0786277570145792
190,1547366400,51,72,21,123,2,-0.35826961652407596,-1.23667986180495
190,1547380800,259,292,33,551,2,-0.25098031959707995,-0.6535220958542723
190,1547395200,585,507,0,1092,2,-0.546025886146319,0.0836002204525421
190,1547409600,632,401,0,1033,2,-0.546025886146319,0.003211649912612254
190,1547424000,300,134,0,434,2,-0.546025886146319,-0.8129367187893874
190,1547438400,38,24,0,62,2,-0.546025886146319,-1.3197934686343689
190,1547452800,189,324,135,513,2,0.6609787042823863,-0.7052977853545661
190,1547467200,669,1027,358,1696,2,2.654771472175729,0.9065611798782647
190,1547481600,781,591,0,1372,2,-0.546025886146319,0.46510530098102276
190,1547496000,1544,881,0,2425,2,-0.546025886146319,1.899836907397059
190,1547510400,606,224,0,830,3,-0.49779246725528437,-0.16430417013723528
190,1547524800,65,25,0,90,3,-0.49779246725528437,-1.2017195788535668
190,1547539200,166,360,194,526,3,0.9145339023055321,-0.5904856353396202
190,1547541624,142,95,0,237,3,-0.49779246725528437,-0.9956384098247821
190,1547553600,561,976,415,1537,3,2.5234211583516166,0.8268481190012058
190,1547568000,860,609,0,1469,3,-0.49779246725528437,0.7315180544164619
190,1547582400,1590,841,0,2431,3,-0.49779246725528437,2.080158085747693
190,1547596800,747,252,0,999,3,-0.49779246725528437,0.07261907861014315
190,1547611200,68,18,0,86,3,-0.49779246725528437,-1.207327229711493
190,1547625600,183,279,96,462,3,0.20109068469233618,-0.6802080490664381
190,1547627178,93,54,0,147,3,-0.49779246725528437,-1.1218105541281198
190,1547640000,611,1144,533,1755,3,3.382465032620567,1.1324650907581792
190,1547654400,943,692,0,1635,3,-0.49779246725528437,0.9642355650203958
190,1547668800,1624,851,0,2475,3,-0.49779246725528437,2.1418422451848804
190,1547683200,692,256,0,948,3,-0.49779246725528437,0.0011215301715851596
190,1547697600,82,21,0,103,3,-0.49779246725528437,-1.183494713565307
190,1547712000,182,314,132,496,3,0.4631718666726939,-0.632543016774066
190,1547715241,200,143,0,343,3,-0.49779246725528437,-0.84703566208974
190,1547726400,494,1048,554,1542,3,3.535345722109109,0.8338576825736135
190,1547740800,877,623,0,1500,3,-0.49779246725528437,0.7749773485653892
190,1547755200,1673,901,0,2574,3,-0.49779246725528437,2.2806316039185517
190,1547769600,713,245,0,958,3,-0.49779246725528437,0.015140657316400451
190,1547784000,82,26,0,108,3,-0.49779246725528437,-1.1764851499928994
190,1547798400,156,328,172,484,3,0.7543731799842024,-0.6493659693478444
190,1547812800,700,1058,358,1758,3,2.108459286882717,1.1366708289016239
190,1547827200,994,739,0,1733,3,-0.49779246725528437,1.1016230110395855
190,1547841600,1488,843,0,2331,3,-0.49779246725528437,1.93996681429954
190,1547856000,682,311,0,993,3,-0.49779246725528437,0.06420760232325397
190,1547870400,139,53,0,192,3,-0.49779246725528437,-1.058724481976451
190,1547884800,68,132,64,200,3,-0.03187036595687068,-1.0475091802605987
190,1547899200,419,532,113,951,3,0.3248512428497273,0.0053272683150297475
190,1547913600,792,729,0,1521,3,-0.49779246725528437,0.8044175155695014
190,1547928000,845,630,0,1475,3,-0.49779246725528437,0.7399295307033511
190,1547942400,406,308,0,714,3,-0.49779246725528437,-0.32692604501709266
190,1547956800,116,52,0,168,3,-0.49779246725528437,-1.0923703871240076
190,1547971200,52,72,20,124,3,-0.3521918105995301,-1.1540545465611949
190,1547985600,220,337,117,557,3,0.35397137418087815,-0.5470263411906927
190,1548000000,542,572,30,1114,3,-0.27939148227165295,0.233839040775519
190,1548014400,619,524,0,1143,3,-0.49779246725528437,0.2744945094954834
190,1548028800,322,166,0,488,3,-0.49779246725528437,-0.6437583184899183
190,1548043200,49,38,0,87,3,-0.49779246725528437,-1.2059253169970114
190,1548057600,57,155,98,212,3,0.2156507503579116,-1.0306862276868203
190,1548072000,345,526,181,871,3,0.8198934754792918,-0.1068257488434926
190,1548086400,588,471,0,1059,3,-0.49779246725528437,0.1567338414790349
190,1548100800,732,466,0,1198,3,-0.49779246725528437,0.35159970879196745
190,1548115200,334,129,0,463,4,-0.5051334945141057,-0.7588301231865133
190,1548129600,36,23,0,59,4,-0.5051334945141057,-1.2960036435466527
190,1548144000,175,316,141,491,4,0.7845159704922778,-0.7216002752407611
190,1548158400,726,947,221,1673,4,1.516231979006538,0.8500311630406368
190,1548172800,843,611,0,1454,4,-0.5051334945141057,0.5588405666077889
190,1548187200,1622,811,0,2433,4,-0.5051334945141057,1.8605556072824831
190,1548201600,634,258,0,892,4,-0.5051334945141057,-0.18841566716052374
190,1548216000,75,25,0,100,4,-0.5051334945141057,-1.2414885090546584
190,1548230400,201,300,99,501,4,0.4003650660222912,-0.708303900974421
190,1548244800,761,940,179,1701,4,1.1320810745365515,0.887261010986389
190,1548259200,863,613,0,1476,4,-0.5051334945141057,0.5880925899937371
190,1548273600,1585,837,0,2422,4,-0.5051334945141057,1.845929595589509
190,1548288000,703,234,0,937,4,-0.5051334945141057,-0.12858198296199336
190,1548302400,92,22,0,114,4,-0.5051334945141057,-1.2228735850817822
190,1548316800,169,265,96,434,4,0.3729257157030065,-0.7973896085588995
190,1548331200,736,969,233,1705,4,1.6259893802836771,0.892579560692925
190,1548345600,824,615,0,1439,4,-0.5051334945141057,0.5388960052082788
190,1548360000,1533,860,0,2393,4,-0.5051334945141057,1.8073701102171227
190,1548374400,731,280,0,1011,4,-0.5051334945141057,-0.030188813391076742
190,1548388800,93,26,0,119,4,-0.5051334945141057,-1.2162253979486122
190,1548403200,173,300,127,473,4,0.6564656690022823,-0.7455337489201732
190,1548407669,268,190,0,458,4,-0.5051334945141057,-0.7654783103196834
190,1548408310,51,48,0,99,4,-0.5051334945141057,-1.2428181464812924
190,1548417600,421,996,575,1417,4,4.7540753166821395,0.5096439818223306
190,1548432000,981,742,0,1723,4,-0.5051334945141057,0.9165130343723371
190,1548446400,1603,909,0,2512,4,-0.5051334945141057,1.9655969639865698
190,1548460800,735,319,0,1054,4,-0.5051334945141057,0.026985595954185614
190,1548475200,157,60,0,217,4,-0.5051334945141057,-1.0859209301384793
190,1548489600,60,117,57,177,4,0.016214161552304634,-1.1391064272038396
190,1548504000,367,600,233,967,4,1.6259893802836771,-0.0886928601629731
190,1548518400,800,777,0,1577,4,-0.5051334945141057,0.7223859700837719
190,1548532800,1048,807,0,1855,4,-0.5051334945141057,1.0920251746880263
190,1548547200,513,335,0,848,4,-0.5051334945141057,-0.2469197139324201
190,1548561600,158,50,0,208,4,-0.5051334945141057,-1.0978876669781854
190,1548576000,58,89,31,147,4,-0.2215935412148299,-1.17899555000286
190,1548590400,296,385,89,681,4,0.3089005649580087,-0.4689691641802995
190,1548604800,755,678,0,1433,4,-0.5051334945141057,0.5309181806484747
190,1548619200,762,516,0,1278,4,-0.5051334945141057,0.3248243795202035
190,1548633600,325,162,0,487,4,-0.5051334945141057,-0.7269188249472971
190,1548648000,41,29,0,70,4,-0.5051334945141057,-1.2813776318536785
190,1548662400,191,288,97,479,4,0.3820721658094347,-0.7375559243603692
190,1548676800,693,945,252,1638,4,1.799771932305814,0.8034938531084465
190,1548691200,840,622,0,1462,4,-0.5051334945141057,0.569477666020861
190,1548705600,1594,812,0,2406,4,-0.5051334945141057,1.8246553967633647
190,1548720000,632,248,0,880,5,-0.5288682549806877,-0.26533766017346366
190,1548734400,58,25,0,83,5,-0.5288682549806877,-1.3348033840321663
190,1548748800,173,270,97,443,5,0.4913065891439911,-0.8517322916995026
190,1548763200,696,1015,319,1711,5,2.8261397375530497,0.8497514446277683
190,1548777600,929,653,0,1582,5,-0.5288682549806877,0.6766509698752304
190,1548792000,1642,864,0,2506,5,-0.5288682549806877,1.916533440195734
190,1548806400,664,276,0,940,5,-0.5288682549806877,-0.18482581145135304
190,1548820800,71,38,0,109,5,-0.5288682549806877,-1.299914916252585
190,1548835200,183,286,103,469,5,0.5544101877496413,-0.8168438239199214
190,1548849600,713,1038,325,1751,5,2.8892433361587,0.9034260104425087
190,1548864000,990,650,0,1640,5,-0.5288682549806877,0.7544790903066041
190,1548878400,1576,913,0,2489,5,-0.5288682549806877,1.8937217497244692
190,1548892800,650,224,0,874,5,-0.5288682549806877,-0.27338884504567473
190,1548907200,66,18,0,84,5,-0.5288682549806877,-1.3334615198867978
190,1548921600,190,300,110,490,5,0.6280310527895666,-0.7886646768671827
190,1548936000,720,1014,294,1734,5,2.563208076696174,0.8806143199712441
190,1548950400,828,565,0,1393,5,-0.5288682549806877,0.42303864640058203
190,1548964800,1509,841,0,2350,5,-0.5288682549806877,1.7072026335182462
190,1548979200,680,258,0,938,5,-0.5288682549806877,-0.1875095397420901
190,1548993600,82,34,0,116,5,-0.5288682549806877,-1.2905218672350054
190,1549008000,188,254,66,442,5,0.1652713296814649,-0.8530741558448711
190,1549022400,761,951,190,1712,5,1.4694123675315698,0.8510933087731368
190,1549036800,988,681,0,1669,5,-0.5288682549806877,0.7933931505222909
190,1549051200,1564,886,0,2450,5,-0.5288682549806877,1.8413890480550972
190,1549065600,720,329,0,1049,5,-0.5288682549806877,-0.03856261960618545
190,1549080000,151,49,0,200,5,-0.5288682549806877,-1.1778052790240505
190,1549094400,68,93,25,161,5,-0.2659365941238117,-1.2301379806934225
190,1549108800,379,489,110,868,5,0.6280310527895666,-0.2814400299178858
190,1549123200,885,608,0,1493,5,-0.5288682549806877,0.5572250609374331
190,1549137600,1059,581,0,1640,5,-0.5288682549806877,0.7544790903066041
190,1549152000,531,330,0,861,5,-0.5288682549806877,-0.29083307893546534
190,1549166400,145,50,0,195,5,-0.5288682549806877,-1.184514599750893
190,1549180800,57,94,37,151,5,-0.1397293969125112,-1.2435566221471075
190,1549195200,325,319,0,644,5,-0.5288682549806877,-0.5820175984804321
190,1549209600,752,507,0,1259,5,-0.5288682549806877,0.2432288509212017
190,1549224000,825,477,0,1302,5,-0.5288682549806877,0.3009290091720476
190,1549238400,408,170,0,578,5,-0.5288682549806877,-0.6705806320747537
190,1549252800,71,23,0,94,5,-0.5288682549806877,-1.3200428784331126
190,1549267200,177,323,146,500,5,1.006652644423468,-0.7752460354134976
190,1549281600,701,991,290,1692,5,2.521139010959074,0.8242560258657666
190,1549296000,873,573,0,1446,5,-0.5288682549806877,0.4941574461051131
190,1549310400,1515,762,0,2277,5,-0.5288682549806877,1.609246550906345
190,1549324800,619,233,0,852,6,-0.5832941093743678,-0.3303063264162716
190,1549339200,74,20,0,94,6,-0.5832941093743678,-1.3235652484705287
190,1549353600,179,270,91,449,6,0.3747420255757111,-0.8583846187485481
190,1549368000,770,1010,240,1780,6,1.9433945981862801,0.885715150716117
190,1549382400,799,605,0,1404,6,-0.5832941093743678,0.39301679360213193
190,1549396800,1567,888,0,2455,6,-0.5832941093743678,1.7702135311734037
190,1549411200,755,267,0,1022,6,-0.5832941093743678,-0.1075437713381401
190,1549425600,64,31,0,95,6,-0.5832941093743678,-1.3222548804994807
190,1549440000,188,356,168,544,6,1.1853879859180858,-0.733899661499004
190,1549454400,728,1020,292,1748,6,2.490843818157754,0.8437833756425863
190,1549468800,946,672,0,1618,6,-0.5832941093743678,0.673435539406368
190,1549483200,1742,896,0,2638,6,-0.5832941093743678,2.010010869875157
190,1549497600,716,258,0,974,6,-0.5832941093743678,-0.17044143394843606
190,1549512000,71,32,0,103,6,-0.5832941093743678,-1.311771936731098
190,1549526400,175,326,151,501,6,1.006414202465873,-0.7902454842540608
190,1549540800,739,1065,326,1804,6,2.8487913850621784,0.9171639820212649
190,1549555200,970,653,0,1623,6,-0.5832941093743678,0.6799873792616072
190,1549569600,1633,836,0,2469,6,-0.5832941093743678,1.7885586827680735
190,1549584000,737,259,0,996,6,-0.5832941093743678,-0.14161333858538375
190,1549598400,92,29,0,121,6,-0.5832941093743678,-1.2881853132522372
190,1549612800,168,346,178,514,6,1.290666682066446,-0.773210700630439
190,1549627200,720,989,269,1709,6,2.248702817016525,0.7926790247717208
190,1549641600,1004,651,0,1655,6,-0.5832941093743678,0.7219191543351379
190,1549656000,1547,943,0,2490,6,-0.5832941093743678,1.816076410160078
190,1549670400,734,355,0,1089,6,-0.5832941093743678,-0.019749117277935317
190,1549684800,140,56,0,196,6,-0.5832941093743678,-1.1899077154236497
190,1549699200,72,129,57,201,6,0.01679445867128605,-1.1833558755684106
190,1549713600,403,522,119,925,6,0.6695223747911201,-0.23464946452977983
190,1549728000,861,654,0,1515,6,-0.5832941093743678,0.5384676383884414
190,1549742400,956,605,0,1561,6,-0.5832941093743678,0.5987445650566416
190,1549756800,499,381,0,880,6,-0.5832941093743678,-0.2936160232269323
190,1549771200,167,51,0,218,6,-0.5832941093743678,-1.1610796200605973
190,1549785600,69,96,27,165,6,-0.29904162977379495,-1.2305291225261326
190,1549800000,289,344,55,633,6,-0.004261280558386016,-0.617276912075747
190,1549814400,738,577,0,1315,6,-0.5832941093743678,0.2763940441788748
190,1549828800,788,413,0,1201,6,-0.5832941093743678,0.1270120954794219
190,1549843200,361,165,0,526,6,-0.5832941093743678,-0.757486284977865
190,1549857600,47,26,0,73,6,-0.5832941093743678,-1.3510829758625331
190,1549872000,195,296,101,491,6,0.48002072172407145,-0.8033491639645391
190,1549886400,725,978,253,1703,6,2.0802569031791482,0.7848168169454338
190,1549900800,880,648,0,1528,6,-0.5832941093743678,0.5555024220120631
190,1549915200,1581,912,0,2493,6,-0.5832941093743678,1.8200075140732215
190,1549929600,748,176,0,924,7,-0.47634245705530165,-0.02240924555193992
190,1549944000,73,35,0,108,7,-0.47634245705530165,-1.18422339063152
190,1549958400,188,336,148,524,7,1.5267084679802099,-0.5919259833360478
190,1549972800,736,1015,279,1751,7,3.2996792191940747,1.1550666098167033
190,1549987200,920,558,0,1478,7,-0.47634245705530165,0.7663714362790496
190,1550001600,1488,819,0,2307,7,-0.47634245705530165,1.9466948753366133
190,1550016000,583,181,0,764,7,-0.47634245705530165,-0.2502159406655831
190,1550030400,88,30,0,118,7,-0.47634245705530165,-1.1699854721869174
190,1550044800,178,135,0,313,7,-0.47634245705530165,-0.8923460625171648
190,1550046846,118,69,0,187,7,-0.47634245705530165,-1.0717438349191588
190,1550049519,214,119,0,333,7,-0.47634245705530165,-0.8638702256279593
190,1550059200,456,370,0,826,7,-0.47634245705530165,-0.16194084630904637
190,1550064979,305,309,4,614,7,-0.4222059455678554,-0.46378471733462356
190,1550065342,10,0,0,10,7,-0.47634245705530165,-1.3237549913886266
190,1550073600,989,357,0,1346,7,-0.47634245705530165,0.5784309128102939
190,1550088000,1657,618,0,2275,7,-0.47634245705530165,1.9011335363138848
190,1550102400,860,172,0,1032,7,-0.47634245705530165,0.1313602736497692
190,1550116800,85,33,0,118,7,-0.47634245705530165,-1.1699854721869174
190,1550131200,181,313,132,494,7,1.3101624220304249,-0.6346397386698559
190,1550145600,723,1052,329,1775,7,3.976385612787153,1.1892376140837497
190,1550160000,951,673,0,1624,7,-0.47634245705530165,0.9742450455702489
190,1550174400,1781,904,0,2685,7,-0.47634245705530165,2.4848881925425954
190,1550188800,702,190,0,892,7,-0.47634245705530165,-0.06797058457466855
190,1550203200,138,28,0,166,7,-0.47634245705530165,-1.1016434636528245
190,1550217600,164,303,139,467,7,1.404901317133456,-0.6730821184702832
190,1550232000,762,937,175,1699,7,1.892129920520472,1.0810294339047692
190,1550246400,1040,585,0,1625,7,-0.47634245705530165,0.9756688374147092
190,1550260800,1552,789,0,2341,7,-0.47634245705530165,1.9951037980482627
190,1550275200,734,284,0,1018,7,-0.47634245705530165,0.11142718782732544
190,1550289600,193,68,0,261,7,-0.47634245705530165,-0.9663832384290988
190,1550304000,72,121,49,193,7,0.18682980866591503,-1.063201083852397
190,1550318400,369,473,104,842,7,0.9312068416183011,-0.13916017679768206
190,1550332800,836,568,0,1404,7,-0.47634245705530165,0.6610108397889896
190,1550347200,996,536,0,1532,7,-0.47634245705530165,0.8432561958799041
190,1550361600,545,275,0,820,7,-0.47634245705530165,-0.17048359737580798
190,1550376000,199,52,0,251,7,-0.47634245705530165,-0.9806211568737014
190,1550390400,42,88,46,130,7,0.14622742505033035,-1.1528999700533942
190,1550404800,282,316,34,598,7,-0.016182109412008434,-0.4865653868459879
190,1550419200,640,557,0,1197,7,-0.47634245705530165,0.36628592798571374
190,1550433600,746,465,0,1211,7,-0.47634245705530165,0.3862190138081575
190,1550448000,400,194,0,594,7,-0.47634245705530165,-0.49226055422382897
190,1550462400,84,24,0,108,7,-0.47634245705530165,-1.18422339063152
190,1550476800,65,160,95,225,7,0.809399690771547,-1.0176397448296686
190,1550491200,430,515,85,945,7,0.6740584120529314,0.007490383181725746
190,1550505600,812,591,0,1403,7,-0.47634245705530165,0.6595870479445293
190,1550520000,1104,596,0,1700,7,-0.47634245705530165,1.0824532257492294
190,1550534400,527,218,0,745,8,-0.6533123828651662,-0.5805481892360198
190,1550548800,68,24,0,92,8,-0.6533123828651662,-1.400145632863342
190,1550563200,155,287,132,442,8,0.9511012829618466,-0.9608514440891264
190,1550577600,815,997,182,1812,8,1.5588337321387453,0.7586715233985171
190,1550592000,812,646,0,1458,8,-0.6533123828651662,0.3143568296097391
190,1550606400,1599,866,0,2465,8,-0.6533123828651662,1.578268967025839
190,1550620800,771,296,0,1067,8,-0.6533123828651662,-0.17639753556374163
190,1550635200,98,31,0,129,8,-0.6533123828651662,-1.353705961478639
190,1550649600,162,285,123,447,8,0.8417094421100049,-0.9545758128209233
190,1550664000,787,973,186,1760,8,1.6074523280728972,0.693404958209205
190,1550678400,818,642,0,1460,8,-0.6533123828651662,0.3168670821170203
190,1550692800,1484,810,0,2294,8,-0.6533123828651662,1.3636423776532938
190,1550707200,675,269,0,944,8,-0.6533123828651662,-0.33077806476153737
190,1550721600,81,26,0,107,8,-0.6533123828651662,-1.3813187390587327
190,1550736000,147,263,116,410,8,0.756626899225239,-1.001015484205626
190,1550750400,695,980,285,1675,8,2.810762577443157,0.5867192266497527
190,1550764800,1056,684,0,1740,8,-0.6533123828651662,0.6683024331363927
190,1550779200,1670,912,0,2582,8,-0.6533123828651662,1.725118738701791
190,1550793600,807,316,0,1123,8,-0.6533123828651662,-0.10611046535986714
190,1550808000,123,31,0,154,8,-0.6533123828651662,-1.3223278051376237
190,1550822400,153,259,106,412,8,0.6350804093898592,-0.9985052316983448
190,1550836800,772,932,160,1704,8,1.29143145450091,0.6231178880053305
190,1550851200,881,666,0,1547,8,-0.6533123828651662,0.4260630661837539
190,1550865600,1556,856,0,2412,8,-0.6533123828651662,1.5117472755828865
190,1551484800,7899,9451,1552,17350,9,4.081942805174607,4.193611979585893
190,1551499200,166,60,0,226,9,-0.33232774781750135,-0.3982659058008068
190,1551513600,84,119,35,203,9,-0.23277912065595252,-0.4044334596062199
190,1551528000,409,470,61,879,9,-0.15882871190737338,-0.22316100862973018
190,1551542400,912,581,0,1493,9,-0.33232774781750135,-0.05851413747652802
190,1551556800,1057,591,0,1648,9,-0.33232774781750135,-0.01695018791830923
190,1551571200,580,313,0,893,9,-0.33232774781750135,-0.21940684544382655
190,1551585600,186,53,0,239,9,-0.33232774781750135,-0.39477989712818196
190,1551600000,59,94,35,153,9,-0.23277912065595252,-0.4178411852701614
190,1551614400,320,273,0,593,9,-0.33232774781750135,-0.29985319942747585
190,1551628800,783,523,0,1306,9,-0.33232774781750135,-0.1086590314596694
190,1551643200,776,464,0,1240,9,-0.33232774781750135,-0.12635722933607224
190,1551657600,337,155,0,492,9,-0.33232774781750135,-0.3269368052686377
190,1551672000,50,19,0,69,9,-0.33232774781750135,-0.44036616438558324
190,1551686400,134,246,112,380,9,-0.013772140900545089,-0.3569701107558668
190,1551695249,460,341,0,801,9,-0.33232774781750135,-0.244077060665479
190,1551700800,321,746,425,1067,9,0.8764770105727344,-0.17274796013330998
190,1551715200,722,611,0,1333,9,-0.33232774781750135,-0.10141885960114096
190,1551729600,1346,802,0,2148,9,-0.33232774781750135,0.11712706872110622
190,1551744000,625,225,0,850,10,-0.5810353008399196,-0.3328136646290488
190,1551758400,58,39,0,97,10,-0.5810353008399196,-1.319462048352174
190,1551772800,194,346,152,540,10,1.1158577850804177,-0.7390035702786754
190,1551787200,739,1028,289,1767,10,2.6452943164691427,0.8687222820829109
190,1551801600,881,659,0,1540,10,-0.5810353008399196,0.5712864479459263
190,1551816000,1688,921,0,2609,10,-0.5810353008399196,1.9719864774280256
190,1551830400,742,270,0,1012,10,-0.5810353008399196,-0.12054668167666337
190,1551844800,73,28,0,101,10,-0.5810353008399196,-1.3142208882792756
190,1551859200,195,338,143,533,10,1.0153838523614502,-0.7481756004062476
190,1551873600,802,1016,214,1818,10,1.8080115438110815,0.9355470730123656
190,1551888000,892,654,0,1546,10,-0.5810353008399196,0.579148188055274
190,1551902400,1738,884,0,2622,10,-0.5810353008399196,1.9890202476649455
190,1551916800,675,286,0,961,10,-0.5810353008399196,-0.18737147260611806
190,1551931200,76,28,0,104,10,-0.5810353008399196,-1.3102900182246018
190,1551945600,171,325,154,496,10,1.1381853256846326,-0.7966563310805579
190,1551946247,30,3,0,33,10,-0.5810353008399196,-1.4033206095185484
190,1551960000,768,1058,290,1826,10,2.65645808677125,0.9460293931581625
190,1551974400,903,669,0,1572,10,-0.5810353008399196,0.6132157285291137
190,1551988800,1647,769,0,2416,10,-0.5810353008399196,1.7191005039106775
190,1552003200,735,285,0,1020,10,-0.5810353008399196,-0.11006436153086654
190,1552017600,90,33,0,123,10,-0.5810353008399196,-1.2853945078783344
190,1552032000,176,344,168,520,10,1.2944781099141374,-0.7652093706431674
190,1552046400,773,999,226,1772,10,1.9419767874363714,0.8752737321740339
190,1552060800,1012,716,0,1728,10,-0.5810353008399196,0.8176209713721515
190,1552075200,1525,930,0,2455,10,-0.5810353008399196,1.7702018146214369
190,1552089600,787,353,0,1140,10,-0.5810353008399196,0.047170440656085666
190,1552104000,179,51,0,230,10,-0.5810353008399196,-1.145193475928302
190,1552118400,88,118,30,206,10,-0.24612219177669512,-1.1766404363656924
190,1552132800,428,516,88,944,10,0.4013764857455388,-0.20964640291593628
190,1552147200,951,653,0,1604,10,-0.5810353008399196,0.6551450091123009
190,1552161600,1143,665,0,1808,10,-0.5810353008399196,0.9224441728301196
190,1552176000,623,341,0,964,10,-0.5810353008399196,-0.18344060255144423
190,1552194000,193,61,0,254,10,-0.5810353008399196,-1.1137465154909114
190,1552208400,79,118,39,197,10,-0.1456482590577278,-1.1884330465297137
190,1552222800,369,383,14,752,10,-0.42474251661041484,-0.4612220864150598
190,1552237200,726,550,0,1276,10,-0.5810353008399196,0.2253698831346315
190,1552251600,721,336,0,1057,10,-0.5810353008399196,-0.061583630856556285
190,1552266000,331,112,0,443,10,-0.5810353008399196,-0.8661017020464618
190,1552280400,24,29,5,53,10,-0.5252164493293822,-1.3771148091540564
190,1552294800,415,642,227,1057,10,1.9531405577384788,-0.061583630856556285
190,1552309200,640,839,199,1479,10,1.6405549892794693,0.49135875683422564
190,1552323600,1057,621,0,1678,10,-0.5810353008399196,0.7521064704609214
190,1552338000,1501,768,0,2269,10,-0.5810353008399196,1.526487871231661
190,1552352400,503,159,0,662,11,-0.5067871159668024,-0.5714512374622545
190,1552366800,37,24,0,61,11,-0.5067871159668024,-1.4147113487930971
190,1552381200,442,740,298,1182,11,1.9549149704617819,0.15815817666759263
190,1552395600,634,823,189,1457,11,1.05449373750636,0.5440093091401079
190,1552410000,1127,685,0,1812,11,-0.5067871159668024,1.0421080437864458
190,1552424400,1630,811,0,2441,11,-0.5067871159668024,1.9246548158781263
190,1552438800,562,122,0,684,11,-0.5067871159668024,-0.5405831468644533
190,1552453200,46,24,0,70,11,-0.5067871159668024,-1.402083493548542
190,1552467600,412,707,295,1119,11,1.9301327346923667,0.0697631899557073
190,1552482000,720,832,112,1552,11,0.4184163527580347,0.6773033367215223
190,1552496400,1113,739,0,1852,11,-0.5067871159668024,1.0982318448733572
190,1552510800,1542,939,0,2481,11,-0.5067871159668024,1.9807786169650377
190,1552525200,607,119,0,726,11,-0.5067871159668024,-0.4816531557231964
190,1552539600,35,24,0,59,11,-0.5067871159668024,-1.4175175388474426
190,1552552176,250,164,0,414,11,-0.5067871159668024,-0.9194188042011047
190,1552554000,218,708,490,926,11,3.54097805970436,-0.2010341502886398
190,1552568400,652,857,205,1509,11,1.1866656616099083,0.6169702505530926
190,1552582800,1119,648,0,1767,11,-0.5067871159668024,0.9789687675636707
190,1552597200,1635,810,0,2445,11,-0.5067871159668024,1.9302671959868174
190,1552611600,662,130,0,792,11,-0.5067871159668024,-0.38904888392979275
190,1552626000,66,22,0,88,11,-0.5067871159668024,-1.376827783059432
190,1552640400,386,699,313,1085,11,2.0788261493088585,0.022057959031832677
190,1552654800,690,825,135,1515,11,0.6084134936568851,0.6253888207161293
190,1552669200,1098,709,0,1807,11,-0.5067871159668024,1.035092568650582
190,1552683600,1472,709,0,2181,11,-0.5067871159668024,1.5598501088132029
190,1552698000,643,202,0,845,11,-0.5067871159668024,-0.3146848474896352
190,1552712400,131,22,0,153,11,-0.5067871159668024,-1.2856266062932011
190,1552726800,138,171,33,309,11,-0.2341825225032343,-1.066743782054247
190,1552741200,545,432,0,977,11,-0.5067871159668024,-0.12947630390282788
190,1552755600,992,489,0,1481,11,-0.5067871159668024,0.5776835897922548
190,1552770000,943,372,0,1315,11,-0.5067871159668024,0.34476981528157274
190,1552784400,493,175,0,668,11,-0.5067871159668024,-0.5630326672992179
190,1552798800,83,28,0,111,11,-0.5067871159668024,-1.344556597434458
190,1552813200,82,69,0,151,11,-0.5067871159668024,-1.2884327963475466
190,1552827600,353,317,0,670,11,-0.5067871159668024,-0.5602264772448723
190,1552842000,703,332,0,1035,11,-0.5067871159668024,-0.04809679232680647
190,1552856400,707,231,0,938,11,-0.5067871159668024,-0.1841970099625664
190,1552870800,273,88,0,361,11,-0.5067871159668024,-0.9937828406412622
190,1552885200,27,30,3,57,11,-0.4820048801973871,-1.4203237289017883
190,1552899600,355,704,349,1059,11,2.376212978541842,-0.01442251167465968
190,1552914000,602,818,216,1420,11,1.2775338594310977,0.492094793134715
190,1552928400,1038,556,0,1594,11,-0.5067871159668024,0.7362333278627792
190,1552942800,1407,741,0,2148,11,-0.5067871159668024,1.513547972916501
190,1552957200,593,168,0,761,12,-0.5373309970343223,-0.5263113244830218
190,1552971600,56,32,0,88,12,-0.5373309970343223,-1.5539217339488707
190,1552986000,403,722,319,1125,12,2.6953410722363786,0.02948390441084007
190,1553000400,618,784,166,1402,12,1.1448745311755095,0.45243796595919095
190,1553014800,1067,620,0,1687,12,-0.5373309970343223,0.8876073072634509
190,1553029200,1525,808,0,2333,12,-0.5373309970343223,1.8739911475531068
190,1553043600,700,211,0,911,12,-0.5373309970343223,-0.2972748290597271
190,1553058000,51,40,0,91,12,-0.5373309970343223,-1.5493410040404048
190,1553072400,394,658,264,1052,12,2.137983818913844,-0.08198052336183002
190,1553086800,624,818,194,1442,12,1.4286200419578907,0.5135143647387362
190,1553101200,1038,660,0,1698,12,-0.5373309970343223,0.9044033169278258
190,1553115600,1567,770,0,2337,12,-0.5373309970343223,1.8800987874310613
190,1553130000,690,248,0,938,12,-0.5373309970343223,-0.256048259883534
190,1553144400,61,30,0,91,12,-0.5373309970343223,-1.5493410040404048
190,1553158800,404,653,249,1057,12,1.9859772952804253,-0.07434597351438686
190,1553173200,593,774,181,1367,12,1.296881054808928,0.39899611702708887
190,1553187600,1082,706,0,1788,12,-0.5373309970343223,1.0418252141818027
190,1553202000,1465,833,0,2298,12,-0.5373309970343223,1.8205492986210048
190,1553216400,698,250,0,948,12,-0.5373309970343223,-0.2407791601886477
190,1553230800,64,31,0,95,12,-0.5373309970343223,-1.5432333641624503
190,1553245200,399,647,248,1046,12,1.9758435270381975,-0.0911419831787618
190,1553259600,666,774,108,1440,12,0.5571159731262911,0.510460544799759
190,1553274000,1083,622,0,1705,12,-0.5373309970343223,0.9150916867142462
190,1553288400,1343,668,0,2011,12,-0.5373309970343223,1.3823261373777675
190,1553302800,753,161,0,914,12,-0.5373309970343223,-0.29269409915126116
190,1553317200,138,40,0,178,12,-0.5373309970343223,-1.4164998366948938
190,1553331600,134,179,45,313,12,-0.08131142613406675,-1.2103669908139285
190,1553346000,628,522,0,1150,12,-0.5373309970343223,0.06765665364805586
190,1553360400,1038,516,0,1554,12,-0.5373309970343223,0.6845282813214629
190,1553374800,1077,382,0,1459,12,-0.5373309970343223,0.539471834220043
190,1553389200,660,220,0,880,12,-0.5373309970343223,-0.3446090381138746
190,1553403600,140,36,0,176,12,-0.5373309970343223,-1.4195536566338711
190,1553418000,96,82,0,178,12,-0.5373309970343223,-1.4164998366948938
190,1553432400,460,278,0,738,12,-0.5373309970343223,-0.5614302537812603
190,1553446800,923,407,0,1330,12,-0.5373309970343223,0.3425004481560095
190,1553461200,890,318,0,1208,12,-0.5373309970343223,0.15621743187839648
190,1553475600,404,105,0,509,12,-0.5373309970343223,-0.9110926367941569
190,1553490000,35,21,0,56,12,-0.5373309970343223,-1.6027828529725068
190,1553504400,376,697,321,1073,12,2.715608608720834,-0.04991541400256876
190,1553518800,610,742,132,1352,12,0.8003264109397608,0.3760924674847594
190,1553533200,1006,572,0,1578,12,-0.5373309970343223,0.7211741205891901
190,1553547600,1396,686,0,2082,12,-0.5373309970343223,1.4907367452114604
190,1553562000,580,168,0,748,13,-0.5247698133500018,-0.4773947227735392
190,1553576400,54,24,0,78,13,-0.5247698133500018,-1.4500670862654141
190,1553590800,424,708,284,1132,13,1.885198429068823,0.08007719898896826
190,1553605200,679,790,111,1469,13,0.4171543940742572,0.5693168803274188
190,1553619600,882,664,0,1546,13,-0.5247698133500018,0.6811016146391716
190,1553634000,1586,758,0,2344,13,-0.5247698133500018,1.8395979520518824
190,1553648400,698,216,0,914,13,-0.5247698133500018,-0.23640425659495526
190,1553662800,65,29,0,94,13,-0.5247698133500018,-1.4268390895253098
190,1553677200,384,683,299,1067,13,2.0124854841261555,-0.014286537767706185
190,1553691600,664,819,155,1483,13,0.7905297555757653,0.5896413774750102
190,1553706000,1109,707,0,1816,13,-0.5247698133500018,1.0730740596284347
190,1553720400,1545,836,0,2381,13,-0.5247698133500018,1.893312694513374
190,1553734800,709,224,0,933,13,-0.5247698133500018,-0.20882101046608118
190,1553749200,51,22,0,73,13,-0.5247698133500018,-1.457325835246697
190,1553763600,379,718,339,1097,13,2.351917630945708,0.029265956119989712
190,1553778000,685,862,177,1547,13,0.9772174363265194,0.6825533644354281
190,1553792400,1125,661,0,1786,13,-0.5247698133500018,1.0295215657407388
190,1553806800,1553,835,0,2388,13,-0.5247698133500018,1.9034749430871698
190,1553821200,795,238,0,1033,13,-0.5247698133500018,-0.0636460308404282
190,1553835600,71,36,0,107,13,-0.5247698133500018,-1.4079663421739748
190,1553850000,386,652,266,1038,13,1.7324539630000244,-0.05638728185914555
190,1553853029,175,138,0,313,13,-0.5247698133500018,-1.1089058841451296
190,1553857393,158,100,0,258,13,-0.5247698133500018,-1.1887521229392388
190,1553864400,316,822,506,1138,13,3.7690468439173412,0.08878769776650744
190,1553878800,1163,732,0,1895,13,-0.5247698133500018,1.1877622935327006
190,1553893200,1424,786,0,2210,13,-0.5247698133500018,1.6450634793535075
190,1553907600,673,202,0,875,13,-0.5247698133500018,-0.2930224986489599
190,1553922000,126,36,0,162,13,-0.5247698133500018,-1.3281201033798657
190,1553936400,111,182,71,293,13,0.0777222472547044,-1.1379408800702602
190,1553950800,515,580,65,1095,13,0.02680742523177148,0.026362456527476652
190,1553965200,939,583,0,1522,13,-0.5247698133500018,0.6462596195290149
190,1553979600,958,536,0,1494,13,-0.5247698133500018,0.605610625233832
190,1553994000,560,266,0,826,13,-0.5247698133500018,-0.3641582386655299
190,1554008400,119,39,0,158,13,-0.5247698133500018,-1.3339271025648918
190,1554022800,86,118,32,204,13,-0.25322409589435957,-1.2671466119370913
190,1554037200,410,409,0,819,13,-0.5247698133500018,-0.3743204872393256
190,1554051600,742,464,0,1206,13,-0.5247698133500018,0.18750668391195147
190,1554066000,645,364,0,1009,13,-0.5247698133500018,-0.09848802595058491
190,1554080400,328,104,0,432,13,-0.5247698133500018,-0.9361476583906027
190,1554094800,28,21,0,49,13,-0.5247698133500018,-1.4921678303568535
190,1554109200,425,672,247,1097,13,1.5712236932607369,0.029265956119989712
190,1554123600,620,789,169,1409,13,0.9093310069626088,0.482211892552027
190,1554138000,1032,639,0,1671,13,-0.5247698133500018,0.8625703391712378
190,1554152400,1411,761,0,2172,13,-0.5247698133500018,1.5898969870957593
190,1554166800,459,138,0,597,14,-0.5760479562728306,-0.8439457955345842
190,1554181200,41,16,0,57,14,-0.5760479562728306,-1.5931215222841386
190,1554195600,451,647,196,1098,14,1.541873783806643,-0.14887720460583082
190,1554210000,635,726,91,1361,14,0.4072728516212107,0.21599912157034104
190,1554224400,1183,655,0,1838,14,-0.5760479562728306,0.8777710135324475
190,1554238800,1590,789,0,2379,14,-0.5760479562728306,1.6283341027389455
190,1554253200,564,185,0,749,14,-0.5760479562728306,-0.6330667020791539
190,1554267600,53,31,0,84,14,-0.5760479562728306,-1.5556627359466608
190,1554282000,425,667,242,1092,14,2.038937049335499,-0.15720137934749254
190,1554296400,659,834,175,1493,14,1.3149535973695563,0.3991309658868988
190,1554310800,1210,718,0,1928,14,-0.5760479562728306,1.0026336346573732
190,1554325200,1550,782,0,2332,14,-0.5760479562728306,1.5631280672625953
190,1554339600,655,161,0,816,14,-0.5760479562728306,-0.5401134174639315
190,1554354000,47,36,0,83,14,-0.5760479562728306,-1.5570500984036044
190,1554368400,417,743,326,1160,14,2.946617795083845,-0.06286073227532643
190,1554382800,684,728,44,1412,14,-0.1005961370713161,0.28675460687446563
190,1554397200,1173,690,0,1863,14,-0.5760479562728306,0.912455074956038
190,1554411600,1565,838,0,2403,14,-0.5760479562728306,1.6616308017055923
190,1554426000,686,228,0,914,14,-0.5760479562728306,-0.4041518966834568
190,1554440400,76,35,0,111,14,-0.5760479562728306,-1.518203949609183
190,1554454800,403,709,306,1112,14,2.730503331810429,-0.12945413020862015
190,1554469200,699,847,148,1546,14,1.0231990719504453,0.47266117610491065
190,1554483600,1177,758,0,1935,14,-0.5760479562728306,1.0123451718559786
190,1554498000,1385,788,0,2173,14,-0.5760479562728306,1.3425374366085598
190,1554512400,679,264,0,943,14,-0.5760479562728306,-0.3639183854320918
190,1554526800,132,34,0,166,14,-0.5760479562728306,-1.441899014477284
190,1554541200,158,237,79,395,14,0.2776041736571613,-1.1241930118371952
190,1554555600,635,682,47,1317,14,-0.06817896758030376,0.1549551734648218
190,1554570000,1117,812,0,1929,14,-0.5760479562728306,1.0040209971143168
190,1554584400,920,760,0,1680,14,-0.5760479562728306,0.6585677453353556
190,1554598800,1775,474,0,2249,14,-0.5760479562728306,1.447976983336275
190,1554613200,139,47,0,186,14,-0.5760479562728306,-1.4141517653384117
190,1554627600,114,166,52,280,14,-0.01415035176194984,-1.2837396943857113
190,1554642000,511,599,88,1110,14,0.3748556821301983,-0.1322288551225074
190,1554656400,866,733,0,1599,14,-0.5760479562728306,0.5461913863229224
190,1554670800,832,428,0,1260,14,-0.5760479562728306,0.0758755134190355
190,1554685200,385,139,0,524,14,-0.5760479562728306,-0.9452232548914683
190,1554699600,45,40,0,85,14,-0.5760479562728306,-1.5542753734897172
190,1554714000,404,654,250,1058,14,2.1253828346448653,-0.2043717028835756
190,1554728400,608,803,195,1411,14,1.531068060642972,0.28536724441752204
190,1554742800,1040,622,0,1662,14,-0.5760479562728306,0.6335952211103705
190,1554757200,1500,733,0,2233,14,-0.5760479562728306,1.425779184025177
190,1554771600,517,158,0,675,15,-0.5252028870240844,-0.5542270624543215
190,1554786001,42,20,0,62,15,-0.5252028870240844,-1.4445553726698048
190,1554800400,447,753,306,1200,15,2.765319063135186,0.20828902704507277
190,1554814800,622,800,178,1422,15,1.388891580715622,0.530724402033388
190,1554829200,1070,673,0,1743,15,-0.5252028870240844,0.9969485253273034
190,1554843600,1576,711,0,2287,15,-0.5252028870240844,1.7870604352085806
190,1554858000,585,205,0,790,15,-0.5252028870240844,-0.387199728563978
190,1554872400,45,35,0,80,15,-0.5252028870240844,-1.4184119638869683
190,1554883417,75,315,240,390,15,2.055598642512598,-0.9681643681825641
190,1554885447,85,173,88,258,15,0.42109100713936587,-1.1598826992566975
190,1554886800,435,239,0,674,15,-0.5252028870240844,-0.555679474053368
190,1554901200,747,842,95,1589,15,0.4963643850841858,0.7732771390741477
190,1554915600,1095,679,0,1774,15,-0.5252028870240844,1.0419732848977439
190,1554930000,1530,760,0,2290,15,-0.5252028870240844,1.7914176700057198
190,1554944400,586,215,0,801,15,-0.5252028870240844,-0.37122320097446687
190,1554958800,56,28,0,84,15,-0.5252028870240844,-1.4126023174907825
190,1554973200,403,696,293,1099,15,2.625525646951949,0.06159545554137976
190,1554987600,671,774,103,1445,15,0.5823911027354085,0.5641298688114568
190,1555002000,1102,650,0,1752,15,-0.5252028870240844,1.0100202297187215
190,1555016400,1507,763,0,2270,15,-0.5252028870240844,1.7623694380247905
190,1555030800,565,217,0,782,15,-0.5252028870240844,-0.3988190213563497
190,1555045200,55,36,0,91,15,-0.5252028870240844,-1.4024354362974571
190,1555059600,412,673,261,1085,15,2.281418776347058,0.041261693154729245
190,1555074000,671,799,128,1470,15,0.8512245953954797,0.6004401587876184
190,1555088400,1132,729,0,1861,15,-0.5252028870240844,1.1683330940147862
190,1555102800,1450,770,0,2220,15,-0.5252028870240844,1.6897488580724673
190,1555117200,598,174,0,772,15,-0.5252028870240844,-0.4133431373468144
190,1555131600,108,19,0,127,15,-0.5252028870240844,-1.3501486187317846
190,1555146000,158,186,28,344,15,-0.22410937524480476,-1.0349753017387016
190,1555160400,623,447,0,1070,15,-0.5252028870240844,0.019475519169032268
190,1555174800,1029,462,0,1491,15,-0.5252028870240844,0.6309408023675942
190,1555189200,869,360,0,1229,15,-0.5252028870240844,0.25040896341742025
190,1555203600,546,188,0,734,15,-0.5252028870240844,-0.4685347781105801
190,1555218000,140,31,0,171,15,-0.5252028870240844,-1.28624250837374
190,1555232400,141,115,0,256,15,-0.5252028870240844,-1.1627875224547906
190,1555246800,434,342,0,776,15,-0.5252028870240844,-0.4075334909506285
190,1555261200,798,423,0,1221,15,-0.5252028870240844,0.23878967062504852
190,1555275600,744,297,0,1041,15,-0.5252028870240844,-0.022644417203315226
190,1555290000,356,99,0,455,15,-0.5252028870240844,-0.8737576142445439
190,1555304400,28,22,0,50,15,-0.5252028870240844,-1.4619843118583624
190,1555318800,396,688,292,1084,15,2.614772307245546,0.03980928155568278
190,1555333200,707,844,137,1551,15,0.9480046527531053,0.718085498310382
190,1555347600,1068,625,0,1693,15,-0.5252028870240844,0.9243279453749802
190,1555362000,1469,762,0,2231,15,-0.5252028870240844,1.7057253856619785
190,1555376400,440,168,0,608,16,-0.48875232177868644,-0.6170378267883272
190,1555390800,35,22,0,57,16,-0.48875232177868644,-1.4148700266407523
190,1555405200,456,701,245,1157,16,1.7656284619071547,0.1778984304149058
190,1555419600,648,836,188,1484,16,1.2411398714169795,0.6513850535578151
190,1555434000,1104,687,0,1791,16,-0.48875232177868644,1.0959122502088032
190,1555448400,1598,807,0,2405,16,-0.48875232177868644,1.9849666435107798
190,1555462800,610,202,0,812,16,-0.48875232177868644,-0.3216516765707324
190,1555477200,44,29,0,73,16,-0.48875232177868644,-1.3917024854472155
190,1555488323,195,118,0,313,16,-0.48875232177868644,-1.0441893675441627
190,1555491600,234,748,514,982,16,4.240846546852017,-0.07549655138940345
190,1555506000,716,889,173,1605,16,1.1031165581300912,0.8265895838339374
190,1555520400,1141,714,0,1855,16,-0.48875232177868644,1.1885824149829507
190,1555534800,1602,888,0,2490,16,-0.48875232177868644,2.1080442061014444
190,1555549200,592,200,0,792,16,-0.48875232177868644,-0.3506111030626535
190,1555563600,46,28,0,74,16,-0.48875232177868644,-1.3902545141226195
190,1555578000,388,710,322,1098,16,2.474148136779848,0.09246812226373867
190,1555592400,728,851,123,1579,16,0.6430388471737971,0.7889423293944401
190,1555606800,1134,660,0,1794,16,-0.48875232177868644,1.1002561641825914
190,1555621200,1492,809,0,2301,16,-0.48875232177868644,1.8343776257527902
190,1555635600,618,273,0,891,16,-0.48875232177868644,-0.20726194192764424
190,1555650000,79,18,0,97,16,-0.48875232177868644,-1.3569511736569102
190,1555664400,242,458,216,700,16,1.4987833895525042,-0.48382446492549036
190,1555678800,643,733,90,1376,16,0.33938755794264297,0.49500415050144136
190,1555693200,1132,707,0,1839,16,-0.48875232177868644,1.1654148737894139
190,1555707600,1136,628,0,1764,16,-0.48875232177868644,1.05681702444471
190,1555722000,520,237,0,757,16,-0.48875232177868644,-0.40129009942351535
190,1555736400,94,36,0,130,16,-0.48875232177868644,-1.3091681199452405
190,1555750800,122,180,58,302,16,0.044937822930614754,-1.0601170521147194
190,1555765200,456,444,0,900,16,-0.48875232177868644,-0.19423020000627977
190,1555779600,746,534,0,1280,16,-0.48875232177868644,0.3559989033402203
190,1555794000,794,482,0,1276,16,-0.48875232177868644,0.35020701804183607
190,1555808400,425,218,0,643,16,-0.48875232177868644,-0.5663588304274654
190,1555822800,103,36,0,139,16,-0.48875232177868644,-1.296136378023876
190,1555837200,121,91,0,212,16,-0.48875232177868644,-1.190434471328364
190,1555851600,332,344,12,676,16,-0.3783336711491758,-0.5185757767157956
190,1555866000,521,417,0,938,16,-0.48875232177868644,-0.13920728967162976
190,1555880400,505,374,0,879,16,-0.48875232177868644,-0.22463759782279688
190,1555894800,260,125,0,385,16,-0.48875232177868644,-0.9399354321732469
190,1555909200,35,28,0,63,16,-0.48875232177868644,-1.406182198693176
190,1555923600,342,557,215,899,16,1.4895818353333783,-0.19567817133087584
190,1555938000,632,760,128,1392,16,0.6890466182694265,0.5181716916949782
190,1555952400,949,581,0,1530,16,-0.48875232177868644,0.7179917344892335
190,1555966800,1394,736,0,2130,16,-0.48875232177868644,1.5867745292468651
190,1555981200,480,120,0,600,17,-0.5720325437011742,-0.6314779740803289
190,1555995600,31,22,0,53,17,-0.5720325437011742,-1.4428509353139907
190,1556010000,383,563,180,946,17,1.6461698051200124,-0.11825120152667806
190,1556011424,57,159,102,216,17,0.6849487872974982,-1.2010706927525887
190,1556024400,660,682,22,1342,17,-0.3009189232896958,0.4691412896040899
190,1556038800,985,629,0,1614,17,-0.5720325437011742,0.8726027986636072
190,1556053200,1497,753,0,2250,17,-0.5720325437011742,1.8159907389645376
190,1556067600,551,117,0,668,17,-0.5720325437011742,-0.5306125968154495
190,1556082000,56,22,0,78,17,-0.5720325437011742,-1.405768076025432
190,1556096400,363,559,196,922,17,1.8433433472374514,-0.15385074644369431
190,1556110800,663,817,154,1480,17,1.3257627991791745,0.6738386728769332
190,1556125200,925,674,0,1599,17,-0.5720325437011742,0.8503530830904721
190,1556139600,1509,788,0,2297,17,-0.5720325437011742,1.8857065144270277
190,1556154000,583,139,0,722,17,-0.5720325437011742,-0.45051362075216295
190,1556168400,41,18,0,59,17,-0.5720325437011742,-1.4339510490847367
190,1556182800,344,589,245,933,17,2.4471873199721075,-0.13753428835672854
190,1556197200,679,836,157,1515,17,1.3627328383261943,0.7257546758809152
190,1556211600,1080,679,0,1759,17,-0.5720325437011742,1.087683382537247
190,1556226000,1331,895,0,2226,17,-0.5720325437011742,1.7803911940475214
190,1556240400,639,143,0,782,17,-0.5720325437011742,-0.3615147584596224
190,1556254800,70,23,0,93,17,-0.5720325437011742,-1.383518360452297
190,1556269200,337,540,203,877,17,1.9296067719138308,-0.22059989316309975
190,1556283600,650,794,144,1444,17,1.202529335355775,0.6204393555014089
190,1556298000,952,730,0,1682,17,-0.5720325437011742,0.9734681759284867
190,1556312400,1320,775,0,2095,17,-0.5720325437011742,1.5860770113754743
190,1556326800,520,241,0,761,17,-0.5720325437011742,-0.39266436026201157
190,1556341200,112,34,0,146,17,-0.5720325437011742,-1.3049026987605528
190,1556355600,137,172,35,309,17,-0.14071542031927678,-1.0631224561991508
190,1556370000,554,468,0,1022,17,-0.5720325437011742,-0.005519309289459976
190,1556384400,894,575,0,1469,17,-0.5720325437011742,0.6575222147899675
190,1556398800,821,499,0,1320,17,-0.5720325437011742,0.43650837343015836
190,1556413200,443,217,0,660,17,-0.5720325437011742,-0.5424791117877883
190,1556427600,104,30,0,134,17,-0.5720325437011742,-1.322702471219061
190,1556442000,149,115,0,264,17,-0.5720325437011742,-1.1298716029185563
190,1556456400,311,418,107,729,17,0.7465655192091979,-0.44013042015136655
190,1556470800,594,441,0,1035,17,-0.5720325437011742,0.013763777540590487
190,1556485200,609,412,0,1021,17,-0.5720325437011742,-0.007002623661002319
190,1556499600,285,119,0,404,17,-0.5720325437011742,-0.9222075909026282
190,1556514000,53,33,0,86,17,-0.5720325437011742,-1.3939015610530934
190,1556528400,418,712,294,1130,17,3.051031292706764,0.1546786428371131
190,1556542800,601,758,157,1359,17,1.3627328383261943,0.49435763392030974
190,1556557200,1131,617,0,1748,17,-0.5720325437011742,1.0713669244502813
190,1556571600,1449,808,0,2257,17,-0.5720325437011742,1.826373939565334
190,1556586000,542,118,0,660,18,-0.5281532707313675,-0.5776955353155772
190,1556600400,47,26,0,73,18,-0.5281532707313675,-1.4212459811619549
190,1556614800,443,655,212,1098,18,1.5797251347334895,0.05173392853572333
190,1556629200,657,844,187,1501,18,1.331154568051313,0.6308665174217373
190,1556643600,1127,640,0,1767,18,-0.5281532707313675,1.0131227671579153
190,1556658000,1527,763,0,2290,18,-0.5281532707313675,1.7647017844963402
190,1556672400,555,132,0,687,18,-0.5281532707313675,-0.5388950889137847
190,1556686800,51,21,0,72,18,-0.5281532707313675,-1.4226830347323915
190,1556701200,433,676,243,1109,18,1.8879526374193885,0.06754151781052768
190,1556715600,679,790,111,1469,18,0.5755000453374963,0.584880803167761
190,1556730000,1137,691,0,1828,18,-0.5281532707313675,1.1007830349545575
190,1556744400,1581,828,0,2409,18,-0.5281532707313675,1.9357111593783147
190,1556758800,590,122,0,712,18,-0.5281532707313675,-0.5029687496528658
190,1556773200,38,15,0,53,18,-0.5281532707313675,-1.44998705257069
190,1556787600,413,730,317,1143,18,2.6237215147986315,0.1164013392053775
190,1556802000,658,792,134,1450,18,0.8041849666850988,0.5575767853294625
190,1556816400,1186,625,0,1811,18,-0.5281532707313675,1.0763531242571327
190,1556830800,1501,774,0,2275,18,-0.5281532707313675,1.743145980939789
190,1556845200,595,145,0,740,18,-0.5281532707313675,-0.46273124968063645
190,1556859600,83,29,0,112,18,-0.5281532707313675,-1.3652008919149212
190,1556874000,362,722,360,1084,18,3.051262889491975,0.0316151785496087
190,1556888400,655,811,156,1466,18,1.0229270653654141,0.5805696424564507
190,1556902800,1176,672,0,1848,18,-0.5281532707313675,1.1295241063632928
190,1556917200,1396,814,0,2210,18,-0.5281532707313675,1.6497374988613995
190,1556931600,621,167,0,788,18,-0.5281532707313675,-0.39375267829967203
190,1556946000,104,33,0,137,18,-0.5281532707313675,-1.3292745526540022
190,1556960400,128,158,30,286,18,-0.22986859071275564,-1.115153570658925
190,1556974800,457,454,0,911,18,-0.5281532707313675,-0.21699508913595064
190,1556989200,813,425,0,1238,18,-0.5281532707313675,0.2529214283968696
190,1557003600,831,306,0,1137,18,-0.5281532707313675,0.10777901778275693
190,1557018000,454,177,0,631,18,-0.5281532707313675,-0.6193700888582432
190,1557032400,130,27,0,157,18,-0.5281532707313675,-1.3005334812452671
190,1557046800,85,91,6,176,18,-0.4684963347276451,-1.2732294634069687
190,1557061200,380,336,0,716,18,-0.5281532707313675,-0.49722053537111865
190,1557075600,557,376,0,933,18,-0.5281532707313675,-0.18537991058634193
190,1557090000,572,266,0,838,18,-0.5281532707313675,-0.32189999977783407
190,1557104400,271,98,0,369,18,-0.5281532707313675,-0.9958781243126741
190,1557118800,28,23,0,51,18,-0.5281532707313675,-1.4528611597115635
190,1557133200,415,707,292,1122,18,2.3751509481164543,0.08622321422620555
190,1557147600,581,764,183,1345,18,1.2913832773821647,0.40668616043360284
190,1557162000,1093,595,0,1688,18,-0.5281532707313675,0.8995955350934113
190,1557176400,1479,735,0,2214,18,-0.5281532707313675,1.6554857131431466
190,1557190800,511,140,0,651,19,-0.5415914010599076,-0.5883413681344717
190,1557205200,29,17,0,46,19,-0.5415914010599076,-1.4724713677971912
190,1557219600,407,724,317,1131,19,2.550496040497386,0.11311714399462819
190,1557234000,624,775,151,1399,19,0.9312956767796867,0.504764813266709
190,1557248400,1154,624,0,1778,19,-0.5415914010599076,1.058624763468644
190,1557262800,1488,768,0,2256,19,-0.5415914010599076,1.7571605317972059
190,1557277200,523,154,0,677,19,-0.5415914010599076,-0.5503456987274787
190,1557291600,29,27,0,56,19,-0.5415914010599076,-1.4578576487945016
190,1557306000,413,753,340,1166,19,2.7748430788438143,0.16426516050404172
190,1557320400,691,752,61,1443,19,0.05341596151105433,0.5690651768785431
190,1557334800,1091,673,0,1764,19,-0.5415914010599076,1.0381655568648787
190,1557349200,1529,726,0,2255,19,-0.5415914010599076,1.755699159896937
190,1557363600,567,179,0,746,19,-0.5415914010599076,-0.44951103760892064
190,1557378000,45,24,0,69,19,-0.5415914010599076,-1.4388598140910052
190,1557392400,418,723,305,1141,19,2.433445411794902,0.12773086299731776
190,1557406800,636,828,192,1464,19,1.3312186581798413,0.5997539867841912
190,1557421200,1183,716,0,1899,19,-0.5415914010599076,1.235450763401188
190,1557435600,1555,758,0,2313,19,-0.5415914010599076,1.8404587301125366
190,1557450000,548,169,0,717,19,-0.5415914010599076,-0.49189082271672047
190,1557464400,61,23,0,84,19,-0.5415914010599076,-1.416939235586971
190,1557478800,386,622,236,1008,19,1.760404296755617,-0.06663159973845365
190,1557493200,634,855,221,1489,19,1.6140910108775117,0.6362882842909152
190,1557507600,1170,718,0,1888,19,-0.5415914010599076,1.2193756724982294
190,1557522000,1305,679,0,1984,19,-0.5415914010599076,1.3596673749240493
190,1557536400,586,248,0,834,19,-0.5415914010599076,-0.32091031038525236
190,1557550800,99,31,0,130,19,-0.5415914010599076,-1.3497161281745989
190,1557565200,124,198,74,322,19,0.18022080927207898,-1.0691327233229588
190,1557579600,497,422,0,919,19,-0.5415914010599076,-0.1966936988623909
190,1557594000,874,495,0,1369,19,-0.5415914010599076,0.4609236562586402
190,1557608400,822,355,0,1177,19,-0.5415914010599076,0.18034025140700025
190,1557622800,456,214,0,670,19,-0.5415914010599076,-0.5605753020293615
190,1557637200,118,24,0,142,19,-0.5415914010599076,-1.3321796653713713
190,1557651600,94,128,34,222,19,-0.20994795306953534,-1.2152699133498546
190,1557666000,344,286,0,630,19,-0.5415914010599076,-0.6190301780401198
190,1557680400,561,347,0,908,19,-0.5415914010599076,-0.21276878976534946
190,1557694800,457,303,0,760,19,-0.5415914010599076,-0.42905183100515526
190,1557709200,256,105,0,361,19,-0.5415914010599076,-1.0121392192124694
190,1557723600,29,20,0,49,19,-0.5415914010599076,-1.4680872520963844
190,1557738000,412,671,259,1083,19,1.9847513351020454,0.042971292781718205
190,1557752400,600,742,142,1342,19,0.8435077052528235,0.4214666149513783
190,1557766800,1065,697,0,1762,19,-0.5415914010599076,1.0352428130643407
190,1557781200,1425,722,0,2147,19,-0.5415914010599076,1.5978709946678895
190,1557795600,451,131,0,582,20,-0.5225568780832913,-0.6946882323756225
190,1557810000,41,16,0,57,20,-0.5225568780832913,-1.449287036470275
190,1557824400,402,681,279,1083,20,1.8818315159761108,0.02541462638898882
190,1557838800,602,769,167,1371,20,0.9166290065329099,0.43936597034948394
190,1557853200,1120,690,0,1810,20,-0.5225568780832913,1.0703543036781553
190,1557867600,1563,831,0,2394,20,-0.5225568780832913,1.9097556400424927
190,1557882000,529,186,0,715,20,-0.5225568780832913,-0.5035232020049771
190,1557896400,48,20,0,68,20,-0.5225568780832913,-1.4334763948606728
190,1557910800,411,712,301,1123,20,2.071424866045311,0.08290786860572426
190,1557925200,630,783,153,1413,20,0.7959786928525099,0.49973387467705616
190,1557939600,1090,641,0,1731,20,-0.5225568780832913,0.9568051503001028
190,1557954000,1507,738,0,2245,20,-0.5225568780832913,1.6955933127851532
190,1557968400,624,182,0,806,20,-0.5225568780832913,-0.37272607596190405
190,1557982800,61,27,0,88,20,-0.5225568780832913,-1.404729773752305
190,1557997200,385,729,344,1114,20,2.441993686635111,0.06997188910695878
190,1558011600,648,815,167,1463,20,0.9166290065329099,0.5716004274479755
190,1558026000,1196,692,0,1888,20,-0.5225568780832913,1.1824661260007894
190,1558040400,1604,786,0,2390,20,-0.5225568780832913,1.9040063158208191
190,1558054800,678,247,0,925,20,-0.5225568780832913,-0.20168368036711615
190,1558069200,63,33,0,96,20,-0.5225568780832913,-1.393231125308958
190,1558083377,179,656,477,835,20,3.588171666598912,-0.33104347535477086
190,1558083457,2,0,0,2,20,-0.5225568780832913,-1.5283402445182863
190,1558083600,372,258,0,630,20,-0.5225568780832913,-0.62569634171554
190,1558098000,656,794,138,1450,20,0.6667104996235097,0.5529151237275364
190,1558112400,1175,738,0,1913,20,-0.5225568780832913,1.218399402386249
190,1558126800,1450,701,0,2151,20,-0.5225568780832913,1.560484193575825
190,1558141200,637,268,0,905,20,-0.5225568780832913,-0.23043030147548385
190,1558155600,107,33,0,140,20,-0.5225568780832913,-1.329988558870549
190,1558170000,125,167,42,292,20,-0.16060593704209103,-1.1115142384469543
190,1558184400,452,550,98,1002,20,0.3219953176795094,-0.09100918909990043
190,1558198800,863,583,0,1446,20,-0.5225568780832913,0.5471657995058629
190,1558213200,844,433,0,1277,20,-0.5225568780832913,0.30425685114015566
190,1558227600,951,341,0,1292,20,-0.5225568780832913,0.32581681697143144
190,1558242000,112,39,0,151,20,-0.5225568780832913,-1.3141779172609467
190,1558256400,99,110,11,209,20,-0.4277602030486912,-1.2308127160466804
190,1558270800,392,368,0,760,20,-0.5225568780832913,-0.4388433045111498
190,1558285200,661,450,0,1111,20,-0.5225568780832913,0.06565989594070362
190,1558299600,654,392,0,1046,20,-0.5225568780832913,-0.027766622661491457
190,1558314000,310,136,0,446,20,-0.5225568780832913,-0.8901652559125229
190,1558328400,36,23,0,59,20,-0.5225568780832913,-1.4464123743594381
190,1558342800,392,707,315,1099,20,2.192075179725711,0.04841192327568299
190,1558357200,604,780,176,1384,20,0.99418992247031,0.45805127406992296
190,1558371600,1091,653,0,1744,20,-0.5225568780832913,0.9754904540205418
190,1558386000,1517,651,0,2168,20,-0.5225568780832913,1.5849188215179375
190,1558400400,505,167,0,672,21,-0.5036826478269232,-0.4594663148814936
190,1558414800,48,27,0,75,21,-0.5036826478269232,-1.3464213059769257
190,1558429200,438,762,324,1200,21,2.7066749501256626,0.32497629030843633
190,1558443600,634,827,193,1461,21,1.4086599953979195,0.7127405326466404
190,1558458000,1149,726,0,1875,21,-0.5036826478269232,1.3278148480796537
190,1558472400,1573,768,0,2341,21,-0.5036826478269232,2.020144874629857
190,1558486800,607,239,0,846,21,-0.5036826478269232,-0.20095681998935758
190,1558501200,54,22,0,76,21,-0.5036826478269232,-1.3449356192246722
190,1558515600,409,744,335,1153,21,2.815668572278374,0.2551490129525146
190,1558530000,693,790,97,1483,21,0.4574429293378941,0.7454256411962208
190,1558544400,1169,737,0,1906,21,-0.5036826478269232,1.373871137399517
190,1558558800,1630,762,0,2392,21,-0.5036826478269232,2.0959148989947933
190,1558573200,599,185,0,784,21,-0.5036826478269232,-0.2930693986290842
190,1558587600,63,33,0,96,21,-0.5036826478269232,-1.315221884179599
190,1558602000,419,707,288,1126,21,2.349968550353153,0.21503547064166587
190,1558616400,652,881,229,1533,21,1.765366395170429,0.8197099788089035
190,1558630800,1141,680,0,1821,21,-0.5036826478269232,1.2475877634579562
190,1558645200,1548,735,0,2283,21,-0.5036826478269232,1.933975042999145
190,1558659600,595,207,0,802,21,-0.5036826478269232,-0.2663270370885184
190,1558674000,57,24,0,81,21,-0.5036826478269232,-1.3375071854634037
190,1558688400,323,658,335,981,21,2.815668572278374,-0.00038910843511413297
190,1558702800,641,754,113,1395,21,0.615979107014565,0.6146852069978991
190,1558717200,1347,741,0,2088,21,-0.5036826478269232,1.6442661263096823
190,1558731600,1194,565,0,1759,21,-0.5036826478269232,1.1554751848182296
190,1558746000,556,225,0,781,21,-0.5036826478269232,-0.29752645888584517
190,1558760400,90,32,0,122,21,-0.5036826478269232,-1.276594028621004
190,1558774800,110,147,37,257,21,-0.13706773694962174,-1.0760263170667606
190,1558789200,391,449,58,840,21,0.07101099625100882,-0.20987094050287952
190,1558803600,752,474,0,1226,21,-0.5036826478269232,0.3636041458670314
190,1558818000,729,353,0,1082,21,-0.5036826478269232,0.14966525354250504
190,1558832400,414,207,0,621,21,-0.5036826478269232,-0.53523633924643
190,1558846800,72,28,0,100,21,-0.5036826478269232,-1.3092791371705843
190,1558861200,85,110,25,195,21,-0.2559698702071249,-1.168138895706487
190,1558875600,317,302,0,619,21,-0.5036826478269232,-0.5382077127509374
190,1558890000,552,412,0,964,21,-0.5036826478269232,-0.025645783223426272
190,1558904400,512,343,0,855,21,-0.5036826478269232,-0.1875856392190747
190,1558918800,324,117,0,441,21,-0.5036826478269232,-0.802659954652088
190,1558933200,52,25,0,77,21,-0.5036826478269232,-1.3434499324724185
190,1558947600,83,162,79,245,21,0.27908972945163935,-1.0938545580938044
190,1558962000,324,346,22,670,21,-0.2856954035215007,-0.4624376883860009
190,1558976400,611,416,0,1027,21,-0.5036826478269232,0.06795248216855401
190,1558990800,545,317,0,862,21,-0.5036826478269232,-0.1771858319532991
190,1559005200,285,143,0,428,22,-0.524648291799207,-0.9771120101165787
190,1559019600,32,22,0,54,22,-0.524648291799207,-1.5221573032597329
190,1559034000,404,741,337,1145,22,2.736604199253044,0.0678010251337997
190,1559048400,653,729,76,1382,22,0.21082704742919384,0.41319068950526366
190,1559062800,1104,659,0,1763,22,-0.524648291799207,0.968437365140402
190,1559077200,1538,721,0,2259,22,-0.524648291799207,1.6912781817152802
190,1559091600,526,115,0,641,22,-0.524648291799207,-0.6666985142890605
190,1559106000,46,24,0,70,22,-0.524648291799207,-1.498839857563769
190,1559120400,396,739,343,1135,22,2.7946680418237073,0.05322762157382231
190,1559134800,641,827,186,1468,22,1.2753308278913529,0.5385219601210691
190,1559149200,1105,669,0,1774,22,-0.524648291799207,0.984468109056377
190,1559163600,1545,796,0,2341,22,-0.524648291799207,1.8107800909070948
190,1559178000,632,133,0,765,22,-0.524648291799207,-0.4859883101453409
190,1559192400,58,25,0,83,22,-0.524648291799207,-1.4798944329357984
190,1559206800,432,711,279,1143,22,2.1753203877366327,0.06488634442180422
190,1559221200,671,653,0,1324,22,-0.524648291799207,0.32866494885739483
190,1559235600,1147,644,0,1791,22,-0.524648291799207,1.0092428951083388
190,1559250000,1578,777,0,2355,22,-0.524648291799207,1.831182855891063
190,1559264400,681,154,0,835,22,-0.524648291799207,-0.3839744852254992
190,1559278800,92,26,0,118,22,-0.524648291799207,-1.4288875204758775
190,1559293200,393,728,335,1121,22,2.717249585062823,0.03282485658985398
190,1559307600,723,778,55,1501,22,0.0076035984318725556,0.5866141918689946
190,1559322000,1212,756,0,1968,22,-0.524648291799207,1.2671921381199382
190,1559336400,1368,720,0,2088,22,-0.524648291799207,1.4420729808396668
190,1559350800,749,271,0,1020,22,-0.524648291799207,-0.11436651936591759
190,1559365200,134,32,0,166,22,-0.524648291799207,-1.3589351833879861
190,1559379600,130,216,86,346,22,0.3076001183802992,-1.0966139193083932
190,1559394000,476,555,79,1031,22,0.23985896871452544,-0.09833577544994247
190,1559408400,816,644,0,1460,22,-0.524648291799207,0.5268632372730873
190,1559422800,739,563,0,1302,22,-0.524648291799207,0.2966034610254446
190,1559437200,534,271,0,805,22,-0.524648291799207,-0.42769469590543135
190,1559451600,122,33,0,155,22,-0.524648291799207,-1.3749659273039612
190,1559466000,96,124,28,220,22,-0.25368369313611194,-1.2802388041641082
190,1559480400,340,403,63,743,22,0.08502205519275685,-0.5180497979772911
190,1559494800,710,537,0,1247,22,-0.524648291799207,0.216449741445569
190,1559509200,615,427,0,1042,22,-0.524648291799207,-0.08230503153396734
190,1559523600,339,144,0,483,22,-0.524648291799207,-0.8969582905367031
190,1559538000,40,27,0,67,22,-0.524648291799207,-1.5032118786317623
190,1559552400,400,654,254,1054,22,1.9333877103588695,-0.0648169472619945
190,1559566800,676,832,156,1508,22,0.9850116150380368,0.5968155743609787
190,1559581200,1046,661,0,1707,22,-0.524648291799207,0.8868263052045287
190,1559595600,1505,723,0,2228,22,-0.524648291799207,1.6461006306793502
190,1559610000,194,159,0,353,23,-0.516175453154997,-0.9471454464818364
190,1559624400,15,31,16,46,23,-0.3540109349127539,-1.375458615455175
190,1559638800,379,635,256,1014,23,2.0784568387208924,-0.024946734132075047
190,1559653200,686,771,85,1457,23,0.34532355000691944,0.5931077735395502
190,1559667600,1029,646,0,1675,23,-0.516175453154997,0.8972519782176863
190,1559682000,1521,803,0,2324,23,-0.516175453154997,1.8027088077411282
190,1559696400,233,229,0,462,23,-0.516175453154997,-0.7950733441427683
190,1559710800,13,27,14,40,23,-0.3742814996930343,-1.3838295568683345
190,1559725200,422,735,313,1157,23,2.6561679349588836,0.1745607028815647
190,1559739600,719,800,81,1519,23,0.30478242044635867,0.6796075014755338
190,1559754000,1088,747,0,1835,23,-0.516175453154997,1.120477082568612
190,1559768400,1605,857,0,2462,23,-0.516175453154997,1.9952404602438016
190,1559782800,238,208,0,446,23,-0.516175453154997,-0.8173958545778609
190,1559797200,20,36,16,56,23,-0.3540109349127539,-1.3615070464332422
190,1559811600,387,674,287,1061,23,2.3926505928152384,0.04062564027100935
190,1559826000,674,821,147,1495,23,0.9737110581956114,0.6461237358228951
190,1559840400,1045,684,0,1729,23,-0.516175453154997,0.9725904509361237
190,1559854800,1570,820,0,2390,23,-0.516175453154997,1.894789163285885
190,1559869200,212,209,0,421,23,-0.516175453154997,-0.8522747771326931
190,1559883600,24,33,9,57,23,-0.4249579116437353,-1.360111889531049
190,1559898000,363,705,342,1068,23,2.9500911242729493,0.050391738586362346
190,1559912400,659,736,77,1395,23,0.2642412908857979,0.5066080456035665
190,1559926800,1268,720,0,1988,23,-0.516175453154997,1.3339360886041844
190,1559941200,1310,707,0,2017,23,-0.516175453154997,1.3743956387677898
190,1559955600,516,238,0,754,23,-0.516175453154997,-0.38768752870232914
190,1559970000,113,38,0,151,23,-0.516175453154997,-1.22896714072488
190,1559984400,145,172,27,317,23,-0.2425228286212118,-0.9973710949607947
190,1559998800,522,366,0,888,23,-0.516175453154997,-0.20073650380842895
190,1560013200,846,419,0,1265,23,-0.516175453154997,0.3252376483184395
190,1560027600,795,308,0,1103,23,-0.516175453154997,0.09922223016312731
190,1560042000,453,197,0,650,23,-0.516175453154997,-0.5327838465304308
190,1560056400,112,34,0,146,23,-0.516175453154997,-1.2359429252358465
190,1560070800,94,103,9,197,23,-0.4249579116437353,-1.1647899232239889
190,1560085200,355,303,0,658,23,-0.516175453154997,-0.5216225913128845
190,1560099600,645,391,0,1036,23,-0.516175453154997,0.005746717716177224
190,1560114000,649,293,0,942,23,-0.516175453154997,-0.12539803108999156
190,1560128400,317,100,0,417,23,-0.516175453154997,-0.8578554047414662
190,1560142800,17,24,7,41,23,-0.4452284764240157,-1.3824343999661413
190,1560157200,398,693,295,1091,23,2.47373285193636,0.0824803473368079
190,1560171600,607,765,158,1372,23,1.0851991644871535,0.474519436853121
190,1560186000,1017,620,0,1637,23,-0.516175453154997,0.8442360159343415
190,1560200400,1407,800,0,2207,23,-0.516175453154997,1.639475450184514
190,1560214800,408,109,0,517,24,-0.6551070240260197,-0.8674555800145438
190,1560229200,49,30,0,79,24,-0.6551070240260197,-1.4664843924095246
190,1560243600,392,520,128,912,24,0.49843592621662236,-0.3272355323067417
190,1560258000,609,779,170,1388,24,0.8769422067649892,0.32376381632342
190,1560272400,1115,648,0,1763,24,-0.6551070240260197,0.8366309502232322
190,1560286800,1560,767,0,2327,24,-0.6551070240260197,1.60798311960855
190,1560301200,512,164,0,676,24,-0.6551070240260197,-0.6499999152410235
190,1560315600,44,26,0,70,24,-0.6551070240260197,-1.47879320362312
190,1560330000,419,719,300,1138,24,2.0485092656051727,-0.01814760627645482
190,1560333164,100,304,204,404,24,1.1833520529231911,-1.0219995430296873
190,1560340973,156,408,252,564,24,1.615930659264182,-0.8031762325657674
190,1560344400,677,461,0,1138,24,-0.6551070240260197,-0.01814760627645482
190,1560358800,1104,689,0,1793,24,-0.6551070240260197,0.8776603209352172
190,1560373200,1573,800,0,2373,24,-0.6551070240260197,1.6708948213669268
190,1560387600,505,170,0,675,24,-0.6551070240260197,-0.651367560931423
190,1560402000,41,33,0,74,24,-0.6551070240260197,-1.473322620861522
190,1560416400,413,695,282,1108,24,1.8862922882273012,-0.0591769769884398
190,1560430800,705,810,105,1515,24,0.29115867734489764,0.4974548190041564
190,1560445200,1063,692,0,1755,24,-0.6551070240260197,0.8256897847000362
190,1560459600,1587,764,0,2351,24,-0.6551070240260197,1.6408066161781378
190,1560474000,544,156,0,700,24,-0.6551070240260197,-0.6171764186714355
190,1560488400,61,27,0,88,24,-0.6551070240260197,-1.4541755811959292
190,1560502800,364,702,338,1066,24,2.390967328958457,-0.11661809598521877
190,1560517200,643,754,111,1397,24,0.3452310031375215,0.3360726275370155
190,1560531600,1273,746,0,2019,24,-0.6551070240260197,1.186748246965504
190,1560546000,1311,732,0,2043,24,-0.6551070240260197,1.2195717435350921
190,1561165200,7570,9073,1503,16643,25,4.074464670765773,4.065123145051165
190,1561179600,93,35,0,128,25,-0.3319379196922228,-0.43883560849650005
190,1561194000,121,199,78,320,25,-0.1032623361554805,-0.38647350854608215
190,1561208400,431,452,21,883,25,-0.27037141643233065,-0.23293255921230463
190,1561222800,706,541,0,1247,25,-0.3319379196922228,-0.1336627447229707
190,1561237200,705,429,0,1134,25,-0.3319379196922228,-0.16448002229795625
190,1561251600,408,272,0,680,25,-0.3319379196922228,-0.28829457113904855
190,1561266000,126,39,0,165,25,-0.3319379196922228,-0.4287449954852216
190,1561280400,84,134,50,218,25,-0.18535100716867003,-0.41429087414474164
190,1561294800,329,390,61,719,25,-0.15310188641348843,-0.2776585195866199
190,1561309200,598,493,0,1091,25,-0.3319379196922228,-0.17620695093268524
190,1561323600,601,366,0,967,25,-0.3319379196922228,-0.2100241404839968
190,1561338000,297,157,0,454,25,-0.3319379196922228,-0.3499291262890197
190,1561352400,31,32,1,63,25,-0.3290061814417517,-0.4565623610838811
190,1561366800,374,517,143,891,25,0.08730065012513806,-0.2307508050477039
190,1561381200,573,754,181,1327,25,0.19870670364303814,-0.11184520307696323
190,1561395600,1171,646,0,1817,25,-0.3319379196922228,0.021787239504832457
190,1561410000,1839,682,0,2521,25,-0.3319379196922228,0.21378160598969811
190,1561424400,383,153,0,536,26,-0.5294935549259012,-0.8560852233947884
190,1561438800,29,35,6,64,26,-0.47631205797838144,-1.520573612924087
190,1561453200,363,584,221,947,26,1.4293582493077437,-0.2774735113258441
190,1561467600,711,802,91,1513,26,0.27709248211148196,0.5193494303554759
190,1561482000,1073,684,0,1757,26,-0.5294935549259012,0.8628561401968929
190,1561496400,1497,765,0,2262,26,-0.5294935549259012,1.5738024044178587
190,1561510800,491,138,0,629,26,-0.5294935549259012,-0.7251584856273631
190,1561525200,40,25,0,65,26,-0.5294935549259012,-1.519165798539491
190,1561539600,425,717,292,1142,26,2.0586726298533944,-0.0029497063296296242
190,1561554000,747,902,155,1649,26,0.8443617828850262,0.710812186660528
190,1561568400,1123,723,0,1846,26,-0.5294935549259012,0.9881516204259344
190,1561582800,1451,690,0,2141,26,-0.5294935549259012,1.403456863881746
190,1561597200,535,171,0,706,26,-0.5294935549259012,-0.6167567780134733
190,1561611600,39,28,0,67,26,-0.5294935549259012,-1.516350169770299
190,1561626000,373,581,208,954,26,1.3141316725881174,-0.26761881063367227
190,1561640400,674,793,119,1467,26,0.5252728011999076,0.45458996866406115
190,1561654800,1118,688,0,1806,26,-0.5294935549259012,0.9318390450420956
190,1561669200,1602,759,0,2361,26,-0.5294935549259012,1.7131760284928599
190,1561683600,515,218,0,733,26,-0.5294935549259012,-0.5787457896293821
190,1561698000,60,32,0,92,26,-0.5294935549259012,-1.4811548101553997
190,1561712400,321,572,251,893,26,1.6952657340453425,-0.35349548809402653
190,1561726800,633,783,150,1416,26,0.800043868762093,0.3827914350496666
190,1561741200,1209,738,0,1947,26,-0.5294935549259012,1.1303408732701274
190,1561755600,1330,716,0,2046,26,-0.5294935549259012,1.2697144973451286
190,1561770000,641,264,0,905,26,-0.5294935549259012,-0.3366017154788749
190,1561784400,141,46,0,187,26,-0.5294935549259012,-1.3474124436187824
190,1561798800,143,206,63,349,26,0.02891216302305636,-1.119346513314235
190,1561813200,450,474,24,924,26,-0.31676756713582216,-0.3098532421715514
190,1561827600,853,611,0,1464,26,-0.5294935549259012,0.45036652551027323
190,1561842000,790,431,0,1221,26,-0.5294935549259012,0.10826763005345214
190,1561856400,548,245,0,793,26,-0.5294935549259012,-0.4942769265536237
190,1561870800,143,45,0,188,26,-0.5294935549259012,-1.3460046292341865
190,1561885200,85,140,55,225,26,-0.041996499573636666,-1.2939154970041356
190,1561899600,395,928,533,1323,26,4.194796090578771,0.25186469728224126
190,1561914000,1288,1242,0,2530,26,-0.5294935549259012,1.9510966594895789
190,1561928400,1378,471,0,1849,26,-0.5294935549259012,0.9923750635797223
190,1561942800,658,185,0,843,26,-0.5294935549259012,-0.42388620732382515
190,1561957200,125,38,0,163,26,-0.5294935549259012,-1.3811999888490858
190,1561971600,333,616,283,949,26,1.9789003844321147,-0.27465788255665213
190,1561986000,666,724,58,1390,26,-0.015405751099876783,0.34618826105017136
190,1562000400,997,589,0,1586,26,-0.5294935549259012,0.6221198804309818
190,1562014800,1392,732,0,2124,26,-0.5294935549259012,1.3795240193436145
190,1562029200,578,166,0,744,27,-0.5290644713943713,-0.12904741176734924
190,1562043600,31,24,0,55,27,-0.5290644713943713,-1.3294247829417476
190,1562058000,373,613,240,986,27,2.7010808173126324,0.292565540082004
190,1562072400,648,761,113,1409,27,0.9917956020385096,1.0295171046781877
190,1562086800,1039,654,0,1693,27,-0.5290644713943713,1.5243025523030485
190,1562101200,1487,690,0,2177,27,-0.5290644713943713,2.367528456001755
190,1562115600,563,188,0,751,27,-0.5290644713943713,-0.11685199580476464
190,1562130000,42,30,0,72,27,-0.5290644713943713,-1.2998073441754707
190,1562144400,332,562,230,894,27,2.566491430283174,0.132282930288035
190,1562158800,607,745,138,1352,27,1.3282690696121557,0.9302115746971417
190,1562173200,1188,696,0,1884,27,-0.5290644713943713,1.8570631878535713
190,1562187600,1261,547,0,1808,27,-0.5290644713943713,1.7246558145455098
190,1562202000,515,202,0,717,27,-0.5290644713943713,-0.1760868733373184
190,1562216400,52,19,0,71,27,-0.5290644713943713,-1.30154954645584
190,1562230800,102,134,32,236,27,-0.09837843290010419,-1.0140861701949173
190,1562245200,328,261,0,589,27,-0.5290644713943713,-0.39908876522457964
190,1562259600,463,314,0,777,27,-0.5290644713943713,-0.07155473651516471
190,1562274000,357,262,0,619,27,-0.5290644713943713,-0.3468226968135028
190,1562288400,248,170,0,418,27,-0.5290644713943713,-0.6970053551677177
190,1562302800,51,23,0,74,27,-0.5290644713943713,-1.2963229396147322
190,1562317200,148,343,195,491,27,2.0954285756800695,-0.569824588700764
190,1562331600,420,510,90,930,27,0.682240011870755,0.19500221238132723
190,1562346000,844,543,0,1387,27,-0.5290644713943713,0.9911886545100647
190,1562360400,823,407,0,1230,27,-0.5290644713943713,0.7176628964920958
190,1562374800,387,201,0,588,27,-0.5290644713943713,-0.4008309675049489
190,1562389200,99,38,0,137,27,-0.5290644713943713,-1.1865641959514708
190,1562403600,94,171,77,265,27,0.507273808732459,-0.9635623040642096
190,1562418000,312,315,3,627,27,-0.4886876552855338,-0.33288507857054894
190,1562432400,562,464,0,1026,27,-0.5290644713943713,0.3622536312967732
190,1562446800,533,341,0,874,27,-0.5290644713943713,0.09743888468065044
190,1562461200,325,226,0,551,27,-0.5290644713943713,-0.46529245187861035
190,1562475600,72,31,0,103,27,-0.5290644713943713,-1.2457990734840247
190,1562490000,73,129,56,202,27,0.22463609597059617,-1.073321047727471
190,1562504400,299,348,49,647,27,0.13042352504997523,-0.2980410329631644
190,1562518800,518,425,0,943,27,-0.5290644713943713,0.2176508420261272
190,1562533200,448,326,0,774,27,-0.5290644713943713,-0.07678134335627239
190,1562547600,220,126,0,346,27,-0.5290644713943713,-0.8224439193543022
190,1562562000,35,26,0,61,27,-0.5290644713943713,-1.3189715692595323
190,1562576400,365,625,260,990,27,2.9702595913715495,0.29953434920348093
190,1562590800,575,743,168,1318,27,1.7320372307005314,0.8709766971645878
190,1562605200,947,545,0,1492,27,-0.5290644713943713,1.1741198939488335
190,1562619600,1388,663,0,2051,27,-0.5290644713943713,2.1480109686752327
190,1562634000,437,155,0,592,28,-0.5459785796975104,-0.6559908772332083
190,1562648400,42,24,0,66,28,-0.5459785796975104,-1.453007346453691
190,1562662800,404,630,226,1034,28,2.1212518261124584,0.013745395381722217
190,1562677200,640,790,150,1430,28,1.2243070878754776,0.613780607950755
190,1562691600,1048,593,0,1641,28,-0.5459785796975104,0.9334963399004162
190,1562706000,1504,627,0,2131,28,-0.5459785796975104,1.6759641534328054
190,1562720400,526,203,0,729,28,-0.5459785796975104,-0.4484029375312954
190,1562734800,42,26,0,68,28,-0.5459785796975104,-1.4499768655821303
190,1562749200,366,585,219,951,28,2.038638494959052,-0.1120195607880498
190,1562763600,653,774,121,1427,28,0.8820518588113666,0.6092348866434137
190,1562778000,1054,631,0,1685,28,-0.5459785796975104,1.0001669190747533
190,1562792400,1485,772,0,2257,28,-0.5459785796975104,1.8668844483411338
190,1562806800,546,183,0,729,28,-0.5459785796975104,-0.4484029375312954
190,1562821200,34,27,0,61,28,-0.5459785796975104,-1.460583548632593
190,1562835600,366,646,280,1012,28,2.758554666438734,-0.019589894205446268
190,1562850000,684,802,118,1486,28,0.8466461454599069,0.6986340723544565
190,1562864400,1059,662,0,1721,28,-0.5459785796975104,1.0547155747628472
190,1562878800,1497,812,0,2309,28,-0.5459785796975104,1.9456769510017138
190,1562893200,531,173,0,704,28,-0.5459785796975104,-0.486283948425805
190,1562907600,45,21,0,66,28,-0.5459785796975104,-1.453007346453691
190,1562922000,333,595,262,928,28,2.5461203863299753,-0.14687009081099867
190,1562936400,637,676,39,1313,28,-0.08570430612853351,0.4364974769644498
190,1562950800,1177,724,0,1901,28,-0.5459785796975104,1.3274588532033165
190,1562965200,1314,677,0,1991,28,-0.5459785796975104,1.4638304924235512
190,1562979600,573,233,0,806,28,-0.5459785796975104,-0.3317294239762057
190,1562994000,86,37,0,123,28,-0.5459785796975104,-1.3666386416142091
190,1563008400,137,183,46,320,28,-0.0030909749751274074,-1.068136275765473
190,1563022800,413,452,39,865,28,-0.08570430612853351,-0.24233023826516295
190,1563037200,727,493,0,1220,28,-0.5459785796975104,0.29558011643687393
190,1563051600,698,488,0,1186,28,-0.5459785796975104,0.24406194162034084
190,1563066000,541,280,0,821,28,-0.5459785796975104,-0.3090008174394999
190,1563080400,86,32,0,118,28,-0.5459785796975104,-1.374214843793111
190,1563094800,90,126,36,216,28,-0.12111001947999328,-1.2257212810866331
190,1563109200,337,338,1,675,28,-0.5341766752470238,-0.5302259210634362
190,1563123600,569,424,0,993,28,-0.5459785796975104,-0.04837946248527359
190,1563138000,503,325,0,828,28,-0.5459785796975104,-0.2983941343890372
190,1563152400,280,155,0,435,28,-0.5459785796975104,-0.8938836256507288
190,1563166800,32,27,0,59,28,-0.5459785796975104,-1.4636140295041538
190,1563181200,390,645,255,1035,28,2.4635070551765694,0.015260635817502604
190,1563195600,639,790,151,1429,28,1.2361089923259643,0.6122653675149745
190,1563210000,956,567,0,1523,28,-0.5459785796975104,0.7546979684783308
190,1563224400,1385,778,0,2163,28,-0.5459785796975104,1.7244518473777777
190,1563238800,455,158,0,613,29,-0.4626994678846048,-0.49858881776926006
190,1563253200,34,29,0,63,29,-0.4626994678846048,-1.3718499735929623
190,1563267600,405,656,251,1061,29,1.8023949130185757,0.2127220873380465
190,1563279736,580,363,0,943,29,-0.4626994678846048,0.0253678757249613
190,1563282000,289,840,551,1129,29,4.509679033619987,0.32068892114897696
190,1563292092,635,225,0,860,29,-0.4626994678846048,-0.10641517142661558
190,1563296400,375,656,281,1031,29,2.0731233250787167,0.16508966065675365
190,1563310800,1479,831,0,2310,29,-0.4626994678846048,2.1958187848358723
190,1563325200,541,185,0,726,29,-0.4626994678846048,-0.3191733439363903
190,1563339600,45,20,0,65,29,-0.4626994678846048,-1.368674478480876
190,1563354000,374,636,262,1010,29,1.9016619974406275,0.13174696197984867
190,1563368400,655,844,189,1499,29,1.242889528094284,0.9081555168849221
190,1563382800,1007,668,0,1675,29,-0.4626994678846048,1.187599086748507
190,1563397200,1533,859,0,2392,29,-0.4626994678846048,2.326014084431406
190,1563411600,526,188,0,714,29,-0.4626994678846048,-0.33822631460890745
190,1563426000,38,31,0,69,29,-0.4626994678846048,-1.3623234882567037
190,1563440400,359,547,188,906,29,1.2338652476922793,-0.033378783848633214
190,1563454800,689,619,0,1308,29,-0.4626994678846048,0.6048957336806909
190,1563469200,961,619,0,1580,29,-0.4626994678846048,1.0367630689244127
190,1563483600,1469,823,0,2292,29,-0.4626994678846048,2.1672393288270966
190,1563498000,525,220,0,745,29,-0.4626994678846048,-0.2890061403715715
190,1563512400,39,39,0,78,29,-0.4626994678846048,-1.3480337602523158
190,1563526800,351,517,166,868,29,1.035331078848176,-0.09371319097827083
190,1563541200,704,734,30,1438,29,-0.1919710558244637,0.8113029159662933
190,1563555600,1157,650,0,1807,29,-0.4626994678846048,1.3971817641461954
190,1563570000,582,409,0,991,29,-0.4626994678846048,0.10157975841502986
190,1563584400,402,154,0,556,29,-0.4626994678846048,-0.5890904284637164
190,1563598800,81,29,0,110,29,-0.4626994678846048,-1.2972258384589368
190,1563613200,117,167,50,284,29,-0.01148544778436963,-1.0209577637074383
190,1563627600,380,317,0,697,29,-0.4626994678846048,-0.3652180230616401
190,1563642000,516,367,0,883,29,-0.4626994678846048,-0.0698969776376244
190,1563656400,510,359,0,869,29,-0.4626994678846048,-0.09212544342222773
190,1563670800,346,179,0,525,29,-0.4626994678846048,-0.6383106027010524
190,1563685200,81,31,0,112,29,-0.4626994678846048,-1.2940503433468507
190,1563699600,77,99,22,176,29,-0.26416529904050134,-1.1924344997600926
190,1563714000,306,302,0,608,29,-0.4626994678846048,-0.5065275555494755
190,1563728400,463,358,0,821,29,-0.4626994678846048,-0.1683373261122963
190,1563742800,459,278,0,737,29,-0.4626994678846048,-0.30170812081991627
190,1563757200,228,111,0,339,29,-0.4626994678846048,-0.933631648125068
190,1563771600,28,25,0,53,29,-0.4626994678846048,-1.3877274491533933
190,1563786000,362,539,177,901,29,1.1345981632702276,-0.04131752162884869
190,1563800400,620,709,89,1329,29,0.3404614878938138,0.6382384323575959
190,1563814800,974,565,0,1539,29,-0.4626994678846048,0.971665419126646
190,1563829200,1334,743,0,2077,29,-0.4626994678846048,1.825873604277831
190,1563843600,438,117,0,555,30,-0.5552789469407634,-0.7039135605404472
190,1563858000,33,21,0,54,30,-0.5552789469407634,-1.4810660418297115
190,1563872400,393,625,232,1018,30,2.27899976389779,0.01429322356520025
190,1563886800,635,790,155,1425,30,1.3383124331453393,0.645632664452886
190,1563901200,947,575,0,1522,30,-0.5552789469407634,0.7960993125268553
190,1563915600,1487,697,0,2184,30,-0.5552789469407634,1.8229954055677595
190,1563930000,567,197,0,764,30,-0.5552789469407634,-0.3797122260305545
190,1563944400,51,20,0,71,30,-0.5552789469407634,-1.4546955983528302
190,1563958800,384,602,218,986,30,2.1079657037609807,-0.035345258273634994
190,1563973200,697,795,98,1492,30,0.6419594740169016,0.7495632358029473
190,1563987600,1050,688,0,1738,30,-0.5552789469407634,1.1311590649389933
190,1564002000,1545,792,0,2337,30,-0.5552789469407634,2.0603293968596907
190,1564016400,716,206,0,922,30,-0.5552789469407634,-0.13462222195130547
190,1564030800,52,16,0,68,30,-0.5552789469407634,-1.4593492060252211
190,1564045200,393,665,272,1058,30,2.7676685071458165,0.0763413258637443
190,1564059600,606,759,153,1365,30,1.313878995982938,0.5525605110050699
190,1564074000,1005,675,0,1680,30,-0.5552789469407634,1.0411893166061044
190,1564088400,1396,715,0,2111,30,-0.5552789469407634,1.7097576188729167
190,1564102800,662,221,0,883,30,-0.5552789469407634,-0.19511912169238593
190,1564117200,49,28,0,77,30,-0.5552789469407634,-1.4453883830080485
190,1564131600,310,527,217,837,30,2.0957489851797804,-0.2664744393357116
190,1564146000,644,673,29,1317,30,-0.2009941080859442,0.47810278824681707
190,1564160400,1173,714,0,1887,30,-0.5552789469407634,1.36228824600107
190,1564174800,1276,568,0,1844,30,-0.5552789469407634,1.2955865360301348
190,1564189200,558,238,0,796,30,-0.5552789469407634,-0.33007374419171925
190,1564203600,90,36,0,126,30,-0.5552789469407634,-1.3693794576923322
190,1564218000,112,164,52,276,30,0.07999041928167104,-1.136699074072792
190,1564232400,383,444,61,827,30,0.189940886512477,-0.2819864649103476
190,1564246800,668,453,0,1121,30,-0.5552789469407634,0.17406708698395118
190,1564261200,641,377,0,1018,30,-0.5552789469407634,0.01429322356520025
190,1564275600,365,243,0,608,30,-0.5552789469407634,-0.6216998249948763
190,1564290000,91,33,0,124,30,-0.5552789469407634,-1.3724818628072593
190,1564304400,86,131,45,217,30,-0.005526610786733592,-1.2282200249631443
190,1564318800,368,334,0,702,30,-0.5552789469407634,-0.47588678459329775
190,1564333200,582,478,0,1060,30,-0.5552789469407634,0.07944373097867151
190,1564347600,532,389,0,921,30,-0.5552789469407634,-0.13617342450876907
190,1564362000,296,134,0,430,30,-0.5552789469407634,-0.8978138802233974
190,1564376400,24,26,2,50,30,-0.5308455097783621,-1.4872708520595659
190,1564390800,352,607,255,959,30,2.559984291265405,-0.07722772732515222
190,1564405200,595,715,120,1310,30,0.910727282803316,0.46724437034457184
190,1564419600,925,609,0,1534,30,-0.5552789469407634,0.8147137432164185
190,1564434000,1397,698,0,2095,30,-0.5552789469407634,1.684938377953499
190,1564448400,446,179,0,625,31,-0.639553132878497,-0.7718556900741305
190,1564462800,30,27,0,57,31,-0.639553132878497,-1.6069300366686183
190,1564477200,424,554,130,978,31,0.9217972384680685,-0.2528746260814294
190,1564491600,610,747,137,1357,31,1.0058699507713451,0.30433167208637146
190,1564506000,1004,608,0,1612,31,-0.639553132878497,0.6792330072652348
190,1564520400,1425,778,0,2203,31,-0.639553132878497,1.5481219840915417
190,1564534800,474,210,0,684,31,-0.639553132878497,-0.6851138125229425
190,1564549200,33,21,0,54,31,-0.639553132878497,-1.611340640611899
190,1564563600,393,579,186,972,31,1.5943789368942813,-0.2616958339679909
190,1564578000,741,843,102,1584,31,0.5855063892549621,0.6380673704612811
190,1564592400,933,643,0,1576,31,-0.639553132878497,0.6263057599458659
190,1564606800,1408,762,0,2170,31,-0.639553132878497,1.4996053407154535
190,1564621200,511,189,0,700,31,-0.639553132878497,-0.6615905914921119
190,1564635600,41,23,0,64,31,-0.639553132878497,-1.5966386274676299
190,1564650000,382,618,236,1000,31,2.194898310489114,-0.2205301971640373
190,1564664400,657,808,151,1465,31,1.1740153753778984,0.4631134140444783
190,1564678800,980,656,0,1636,31,-0.639553132878497,0.7145178388114808
190,1564693200,1513,686,0,2199,31,-0.639553132878497,1.5422411788338342
190,1564707600,475,210,0,685,31,-0.639553132878497,-0.6836436112085156
190,1564722000,58,25,0,83,31,-0.639553132878497,-1.5687048024935186
190,1564736400,287,552,265,839,31,2.5431995471741176,-0.45723260878677063
190,1564750800,614,685,71,1299,31,0.21318437762616568,0.21905999584961036
190,1564765200,1166,686,0,1852,31,-0.639553132878497,1.0320813227276944
190,1564779600,1237,669,0,1906,31,-0.639553132878497,1.111472193706748
190,1565398800,7063,8175,1112,15238,32,3.992300628024239,4.076626621278877
190,1565413200,99,30,0,129,32,-0.34050256942374496,-0.4308745645656373
190,1565427600,108,166,58,274,32,-0.11451103574390405,-0.38761639579553636
190,1565442000,442,464,22,906,32,-0.25478164285552946,-0.19907044639757931
190,1565456400,689,423,0,1112,32,-0.34050256942374496,-0.13761401352419458
190,1565470800,688,354,0,1042,32,-0.34050256942374496,-0.15849726741320883
190,1565485200,386,236,0,622,32,-0.34050256942374496,-0.2837967907472942
190,1565499600,26,33,7,59,32,-0.31322772915204,-0.4517578184546515
190,1565514000,201,97,0,298,32,-0.34050256942374496,-0.3804564230335886
190,1565528400,320,337,17,657,32,-0.274263671621033,-0.27335516380278707
190,1565542800,614,404,0,1018,32,-0.34050256942374496,-0.16565724017515654
190,1565557200,508,338,0,846,32,-0.34050256942374496,-0.21697037830244867
190,1565571600,272,129,0,401,32,-0.34050256942374496,-0.34972820659689624
190,1565586000,38,17,0,55,32,-0.34050256942374496,-0.4529511472483095
190,1565600400,332,607,275,939,32,0.731009012678949,-0.18922548384990118
190,1565614800,596,678,82,1274,32,-0.02099729766948712,-0.08928419738104737
190,1565629200,945,573,0,1518,32,-0.34050256942374496,-0.016491140967912047
190,1565643600,1311,620,0,1931,32,-0.34050256942374496,0.10672005697727191
190,1565658000,436,150,0,586,33,-0.47843161360435166,-0.2501761599317148
190,1565672400,36,15,0,51,33,-0.47843161360435166,-0.978326787364546
190,1565684000,81,371,290,452,33,2.834195938670088,-0.4325540740924613
190,1565686800,378,279,0,657,33,-0.47843161360435166,-0.15354308601072225
190,1565701200,580,737,157,1317,33,1.3149564060752588,0.7447361926914621
190,1565715600,886,578,0,1464,33,-0.47843161360435166,0.9448074865842212
190,1565730000,1441,721,0,2162,33,-0.47843161360435166,1.894805875272289
190,1565744400,469,180,0,649,33,-0.47843161360435166,-0.16443131969196084
190,1565758800,37,25,0,62,33,-0.47843161360435166,-0.963355466052843
190,1565773200,357,610,253,967,33,2.4115503544143837,0.2683759691372734
190,1565787600,618,742,124,1360,33,0.9380022363336845,0.8032604487281195
190,1565802000,1027,653,0,1680,33,-0.47843161360435166,1.2387897959776635
190,1565816400,1488,759,0,2247,33,-0.47843161360435166,2.010493358135449
190,1565830800,496,171,0,667,33,-0.47843161360435166,-0.139932793909174
190,1565845200,42,20,0,62,33,-0.47843161360435166,-0.963355466052843
190,1565859600,342,617,275,959,33,2.6628531342421,0.2574877354560348
190,1565874000,703,777,74,1480,33,0.3668595549070571,0.9665839539466985
190,1565888400,992,653,0,1645,33,-0.47843161360435166,1.1911537736222446
190,1565902800,1365,732,0,2097,33,-0.47843161360435166,1.8063389766122253
190,1565917200,486,152,0,638,33,-0.47843161360435166,-0.17940264100366393
190,1565931600,50,28,0,78,33,-0.47843161360435166,-0.9415789986903658
190,1565946000,293,575,282,868,33,2.7428131096418276,0.13363407733194574
190,1565960400,673,725,52,1398,33,0.11555677507934094,0.8549795587140028
190,1565974800,1079,635,0,1714,33,-0.47843161360435166,1.2850647891229274
190,1565989200,1132,587,0,1719,33,-0.47843161360435166,1.2918699351737015
190,1566003600,421,179,0,600,33,-0.47843161360435166,-0.23112175098954726
190,1566018000,0,0,0,0,33,-0.47843161360435166,-1.047739277082442
190,1566032400,0,1,1,1,33,-0.46700875997581914,-1.0463782478722872
190,1566046800,1,0,0,1,33,-0.47843161360435166,-1.0463782478722872
190,1566061200,0,1,1,1,33,-0.46700875997581914,-1.0463782478722872
190,1566075600,0,1,1,1,33,-0.46700875997581914,-1.0463782478722872
190,1566090000,3,1,0,4,33,-0.47843161360435166,-1.0422951602418227
190,1566104400,1,2,1,3,33,-0.46700875997581914,-1.0436561894519776
190,1566118800,4,3,0,7,33,-0.47843161360435166,-1.0382120726113582
190,1566133200,1,1,0,2,33,-0.47843161360435166,-1.0450172186621325
190,1566147600,0,2,2,2,33,-0.4555859063472866,-1.0450172186621325
190,1566162000,0,0,0,0,33,-0.47843161360435166,-1.047739277082442
190,1566176400,2,2,0,4,33,-0.47843161360435166,-1.0422951602418227
190,1566190800,3,4,1,7,33,-0.46700875997581914,-1.0382120726113582
190,1566205200,353,575,222,928,33,2.0574418919298747,0.21529582994123522
190,1566219600,561,626,65,1187,33,0.2640538722502641,0.5678023953713348
190,1566234000,898,591,0,1489,33,-0.47843161360435166,0.9788332168380919
190,1566248400,1259,627,0,1886,33,-0.47843161360435166,1.5191618132695572
190,1566262800,344,140,0,484,34,-0.4938289525763662,-0.37628633238392317
190,1566277200,32,13,0,45,34,-0.4938289525763662,-0.9986930244530695
190,1566291600,359,602,243,961,34,2.5061819343250584,0.29999610979599217
190,1566306000,654,725,71,1379,34,0.3827174382466838,0.8926293610144505
190,1566320400,877,609,0,1486,34,-0.4938289525763662,1.0443321310631946
190,1566334800,1380,643,0,2023,34,-0.4938289525763662,1.8056815471022187
190,1566349200,422,168,0,590,34,-0.4938289525763662,-0.22600134523283086
190,1566363600,34,25,0,59,34,-0.4938289525763662,-0.9788440638859441
190,1566378000,335,565,230,900,34,2.3456875247377393,0.2135113530392315
190,1566392400,651,726,75,1377,34,0.4321003335043204,0.8897937952191468
190,1566406800,948,660,0,1608,34,-0.4938289525763662,1.217301644576716
190,1566421200,1357,664,0,2021,34,-0.4938289525763662,1.802845981306915
190,1566435600,555,174,0,729,34,-0.4938289525763662,-0.028929522459228713
190,1566450000,48,22,0,70,34,-0.4938289525763662,-0.9632484520117742
190,1566464400,332,566,234,898,34,2.3950704199953763,0.21067578724392785
190,1566478800,581,755,174,1336,34,1.6543269911308267,0.8316646964154224
190,1566493200,947,585,0,1532,34,-0.4938289525763662,1.109550144355178
190,1566507600,1282,629,0,1911,34,-0.4938289525763662,1.6468898625652155
190,1566522000,444,179,0,623,34,-0.4938289525763662,-0.179214509610321
190,1566536400,56,20,0,76,34,-0.4938289525763662,-0.9547417546258633
190,1566550800,288,525,237,813,34,2.4321075914386037,0.09016424094352367
190,1566565200,590,662,72,1252,34,0.395063162061093,0.71257093301267
190,1566579600,1018,652,0,1670,34,-0.4938289525763662,1.3052041842311284
190,1566594000,1100,583,0,1683,34,-0.4938289525763662,1.3236353619006018
190,1566608400,393,156,0,549,34,-0.4938289525763662,-0.28413044403655524
190,1566622800,0,1,1,1,34,-0.48148322876195704,-1.0610754719497493
190,1566637200,0,2,2,2,34,-0.4691375049475479,-1.0596576890520975
190,1566651600,0,0,0,0,34,-0.4938289525763662,-1.062493254847401
190,1566666000,2,1,0,3,34,-0.4938289525763662,-1.0582399061544456
190,1566680400,0,0,0,0,34,-0.4938289525763662,-1.062493254847401
190,1566694800,1,2,1,3,34,-0.48148322876195704,-1.0582399061544456
190,1566709200,1,3,2,4,34,-0.4691375049475479,-1.0568221232567938
190,1566723600,0,0,0,0,34,-0.4938289525763662,-1.062493254847401
190,1566738000,0,0,0,0,34,-0.4938289525763662,-1.062493254847401
190,1566752400,0,0,0,0,34,-0.4938289525763662,-1.062493254847401
190,1566766800,2,0,0,2,34,-0.4938289525763662,-1.0596576890520975
190,1566781200,1,1,0,2,34,-0.4938289525763662,-1.0596576890520975
190,1566795600,2,4,2,6,34,-0.4691375049475479,-1.0539865574614904
190,1566810000,318,579,261,897,34,2.728404962984423,0.20925800434627606
190,1566824400,577,652,75,1229,34,0.4321003335043204,0.6799619263666783
190,1566838800,831,549,0,1380,34,-0.4938289525763662,0.8940471439121023
190,1566853200,1271,600,0,1871,34,-0.4938289525763662,1.590178546659143
190,1566867600,324,124,0,448,35,-0.4571436572742463,-0.7441812934919418
190,1566882000,27,19,0,46,35,-0.4571436572742463,-1.460285075511658
190,1566896400,327,547,220,874,35,2.5492672987499785,0.01467495312596661
190,1566910800,614,714,100,1328,35,0.9094067772822196,0.8234090751084324
190,1566925200,919,537,0,1456,35,-0.4571436572742463,1.0514222196321232
190,1566939600,1366,628,0,1994,35,-0.4571436572742463,2.009789967708261
190,1566954000,384,152,0,536,35,-0.4571436572742463,-0.5874222566319044
190,1566968400,41,24,0,65,35,-0.4571436572742463,-1.4264393743714228
190,1566982800,354,626,272,980,35,3.2598735247193407,0.20349833843464804
190,1566997200,600,738,138,1338,35,1.4286959424136767,0.8412226020243457
190,1567011600,937,624,0,1561,35,-0.4571436572742463,1.2384642522492133
190,1567026000,1332,675,0,2007,35,-0.4571436572742463,2.0329475526989484
190,1567040400,417,145,0,562,35,-0.4571436572742463,-0.5411070866505296
190,1567054800,34,28,0,62,35,-0.4571436572742463,-1.4317834324461969
190,1567069200,313,517,204,830,35,2.330619229220944,-0.0637045653040521
190,1567083600,600,725,125,1325,35,1.251044385921336,0.8180650170336584
190,1567098000,964,629,0,1593,35,-0.4571436572742463,1.295467538380136
190,1567112400,1396,702,0,2098,35,-0.4571436572742463,2.1950506476337597
190,1567126800,561,173,0,734,35,-0.4571436572742463,-0.2347144236968202
190,1567141200,317,81,0,398,35,-0.4571436572742463,-0.8332489280715085
190,1567155600,195,435,240,630,35,2.8225773856612717,-0.41997510362231893
190,1567170000,596,566,0,1162,35,-0.4571436572742463,0.5277045283042708
190,1567184400,1115,641,0,1756,35,-0.4571436572742463,1.5858280271095235
190,1567198800,927,454,0,1381,35,-0.4571436572742463,0.9178207677627731
190,1567213200,524,221,0,745,35,-0.4571436572742463,-0.21511954408931552
190,1567227600,115,47,0,162,35,-0.4571436572742463,-1.2536481632870635
190,1567242000,102,152,50,254,35,0.22613156000398668,-1.0897637156606608
190,1567256400,479,393,0,872,35,-0.4571436572742463,0.01111224774278394
190,1567270800,755,448,0,1203,35,-0.4571436572742463,0.6007399886595156
190,1567285200,656,368,0,1024,35,-0.4571436572742463,0.28187785686466676
190,1567299600,434,214,0,648,35,-0.4571436572742463,-0.38791075517367496
190,1567314000,103,32,0,135,35,-0.4571436572742463,-1.3017446859600295
190,1567328400,92,87,0,179,35,-0.4571436572742463,-1.2233651675300108
190,1567342800,390,348,0,738,35,-0.4571436572742463,-0.22758901293045486
190,1567357200,598,422,0,1020,35,-0.4571436572742463,0.2747524460983014
190,1567371600,626,339,0,965,35,-0.4571436572742463,0.17677804806077804
190,1567386000,297,141,0,438,35,-0.4571436572742463,-0.7619948204078552
190,1567400400,62,33,0,95,35,-0.4571436572742463,-1.3729987936236827
190,1567414800,91,147,56,238,35,0.30812458607737464,-1.118265358726122
190,1567429200,366,296,0,662,35,-0.4571436572742463,-0.3629718174913963
190,1567443600,576,382,0,958,35,-0.4571436572742463,0.16430857921963868
190,1567458000,573,289,0,862,35,-0.4571436572742463,-0.0067012791731294015
190,1567472400,262,133,0,395,36,-0.5659530878290003,-0.9199222112604187
190,1567486800,45,25,0,70,36,-0.5659530878290003,-1.3961200444405628
190,1567491971,6,76,70,82,36,0.12289397823055935,-1.3785373552154498
190,1567501200,367,558,191,925,36,1.3136153352763695,-0.14335343715126062
190,1567515600,614,717,103,1331,36,0.4476361665157803,0.45152754829839636
190,1567530000,959,564,0,1523,36,-0.5659530878290003,0.7328505759002045
190,1567544400,1388,735,0,2123,36,-0.5659530878290003,1.6119850371558553
190,1567558800,400,157,0,557,36,-0.5659530878290003,-0.682555906721393
190,1567573200,34,16,0,50,36,-0.5659530878290003,-1.425424526482418
190,1567587600,372,611,239,983,36,1.785967609145782,-0.05837043922988105
190,1567602000,676,727,51,1403,36,-0.06407879684274971,0.5570236836490744
190,1567616400,938,637,0,1575,36,-0.5659530878290003,0.8090422292090277
190,1567630800,1506,756,0,2262,36,-0.5659530878290003,1.8156511873467476
190,1567645200,495,153,0,648,36,-0.5659530878290003,-0.5492205134309527
190,1567659600,40,34,0,74,36,-0.5659530878290003,-1.3902591480321917
190,1567674000,390,772,382,1162,36,3.1931837583817395,0.2039046750447214
190,1567688400,666,821,155,1487,36,0.9593511298743104,0.6801025082248655
190,1567702800,1209,691,0,1900,36,-0.5659530878290003,1.2852400623891718
190,1567717200,1434,858,0,2292,36,-0.5659530878290003,1.8596079104095302
190,1567731600,499,208,0,707,36,-0.5659530878290003,-0.4627722914074804
190,1567746000,49,24,0,73,36,-0.5659530878290003,-1.3917243721342847
190,1567760400,347,721,374,1068,36,3.114458379403504,0.0661736094480028
190,1567774800,643,740,97,1383,36,0.38859213228210376,0.5277192016072194
190,1567789200,1206,718,0,1924,36,-0.5659530878290003,1.3204054408393977
190,1567803600,1287,767,0,2054,36,-0.5659530878290003,1.5108845741114554
190,1567818000,526,231,0,757,36,-0.5659530878290003,-0.3895110863028428
190,1567832400,87,39,0,126,36,-0.5659530878290003,-1.3140674947233688
190,1567846800,110,227,117,337,36,0.5854055797276922,-1.0049052091817983
190,1567861200,457,547,90,1004,36,0.31970742567614785,-0.027600733085933273
190,1567875600,821,682,0,1503,36,-0.5659530878290003,0.7035460938583495
190,1567890000,783,526,0,1309,36,-0.5659530878290003,0.41929261805235585
190,1567904400,471,247,0,718,36,-0.5659530878290003,-0.4466548262844601
190,1567918800,112,60,0,172,36,-0.5659530878290003,-1.2466671860271021
190,1567933200,81,149,68,230,36,0.1032126334860005,-1.1616841881057227
190,1567947600,331,419,88,750,36,0.300026080931589,-0.39976765501749206
190,1567962000,733,566,0,1299,36,-0.5659530878290003,0.4046403770314283
190,1567976400,626,351,0,977,36,-0.5659530878290003,-0.06716178384243755
190,1567990800,252,131,0,383,36,-0.5659530878290003,-0.9375049004855317
190,1568005200,27,23,0,50,36,-0.5659530878290003,-1.425424526482418
190,1568019600,414,740,326,1154,36,2.6421061055340918,0.1921828822279794
190,1568034000,593,715,122,1308,36,0.6346089415890894,0.4178273939502631
190,1568048400,1088,598,0,1686,36,-0.5659530878290003,0.971682104541323
190,1568062800,1461,707,0,2168,36,-0.5659530878290003,1.677920121750029
190,1568077200,456,132,0,588,37,-0.5592675690006909,-0.6228116639715993
190,1568091600,41,27,0,68,37,-0.5592675690006909,-1.3985291855649684
190,1568106000,416,785,369,1201,37,2.6538492923918127,0.29163995282981475
190,1568108887,155,132,0,287,37,-0.5592675690006909,-1.0718327678169919
190,1568109060,94,222,128,316,37,0.5553095536503674,-1.0285715983435155
190,1568120400,463,512,49,975,37,-0.13259351423583263,-0.045498816170380305
190,1568134800,1130,669,0,1799,37,-0.5592675690006909,1.1837151026621893
190,1568149200,1489,811,0,2300,37,-0.5592675690006909,1.9310890994281085
190,1568163600,553,144,0,697,37,-0.5592675690006909,-0.46020933732991226
190,1568178000,41,19,0,60,37,-0.5592675690006909,-1.4104633012817895
190,1568192400,420,750,330,1170,37,2.3142515753340684,0.24539525442713314
190,1568206800,696,779,83,1475,37,0.1634660339683547,0.7003834161309362
190,1568221200,1088,702,0,1790,37,-0.5592675690006909,1.1702892224807655
190,1568235600,1445,765,0,2210,37,-0.5592675690006909,1.7968302976138715
190,1568250000,481,165,0,646,37,-0.5592675690006909,-0.5362893250246465
190,1568264400,43,26,0,69,37,-0.5592675690006909,-1.3970374211003658
190,1568278800,390,700,310,1090,37,2.140098899919841,0.1260540972589225
190,1568293200,661,831,170,1492,37,0.9210301720202458,0.7257434120291809
190,1568307600,1126,655,0,1781,37,-0.5592675690006909,1.156863342299342
190,1568322000,1518,801,0,2319,37,-0.5592675690006909,1.9594326242555584
190,1568336400,595,195,0,790,37,-0.5592675690006909,-0.3214752421218674
190,1568350800,59,24,0,83,37,-0.5592675690006909,-1.376152718595929
190,1568365200,371,687,316,1058,37,2.192344702544109,0.07831763439163823
190,1568379600,650,797,147,1447,37,0.7207545952938839,0.6586140111220624
190,1568394000,1223,665,0,1888,37,-0.5592675690006909,1.3164821400118236
190,1568408400,1426,726,0,2152,37,-0.5592675690006909,1.7103079586669188
190,1568422800,490,258,0,748,37,-0.5592675690006909,-0.384129349635178
190,1568437200,100,37,0,137,37,-0.5592675690006909,-1.2955974375073867
190,1568451600,110,181,71,291,37,0.05897442871981801,-1.0658657099585813
190,1568466000,480,501,21,981,37,-0.3764072598157516,-0.03654822938276451
190,1568480400,782,614,0,1396,37,-0.5592675690006909,0.5825340234273282
190,1568494800,719,494,0,1213,37,-0.5592675690006909,0.30954112640504633
190,1568509200,400,244,0,644,37,-0.5592675690006909,-0.5392728539538518
190,1568523600,109,35,0,144,37,-0.5592675690006909,-1.2851550862551684
190,1568538000,79,102,23,181,37,-0.3589919922743288,-1.229959801064871
190,1568552400,347,363,16,710,37,-0.41994542866930856,-0.44081639929007804
190,1568566800,648,525,0,1173,37,-0.5592675690006909,0.24987054782094104
190,1568581200,579,353,0,932,37,-0.5592675690006909,-0.10964468814829352
190,1568595600,262,120,0,382,37,-0.5592675690006909,-0.9301151436797417
190,1568610000,22,19,0,41,37,-0.5592675690006909,-1.4388068261092395
190,1568624400,412,769,357,1181,37,2.549357687143276,0.2618046635377621
190,1568638800,620,749,129,1369,37,0.5640171874210788,0.5422563828830571
190,1568653200,1115,664,0,1779,37,-0.5592675690006909,1.1538798133701367
190,1568667600,441,748,307,1189,37,2.1139759986077067,0.2737387792545832
190,1568682000,1889,504,0,2393,38,-0.50563424300739,1.7820435572353763
190,1568696400,33,16,0,49,38,-0.50563424300739,-1.5406576572098571
190,1568710800,406,803,397,1209,38,3.2565011286593757,0.10368253423914912
190,1568725200,668,777,109,1445,38,0.5272946121857521,0.43822071112015387
190,1568739600,1163,635,0,1798,38,-0.50563424300739,0.9386104417938601
190,1568754000,1524,810,0,2334,38,-0.50563424300739,1.698409013015125
190,1568768400,545,175,0,720,38,-0.50563424300739,-0.5894919085354751
190,1568782800,48,32,0,80,38,-0.50563424300739,-1.4967140831280303
190,1568797200,419,725,306,1144,38,2.3941476807458346,0.011542782132092732
190,1568811600,623,787,164,1410,38,1.0484972455400898,0.3886069984471235
190,1568826000,1158,736,0,1894,38,-0.50563424300739,1.0746937679827433
190,1568840400,1561,799,0,2360,38,-0.50563424300739,1.7352649138579477
190,1568854800,557,183,0,740,38,-0.50563424300739,-0.5611412155794577
190,1568869200,50,30,0,80,38,-0.50563424300739,-1.4967140831280303
190,1568883600,388,571,183,959,38,1.2285490643352248,-0.2507011277110678
190,1568898000,668,845,177,1513,38,1.1716905952420242,0.5346130671706129
190,1568912400,1172,635,0,1807,38,-0.50563424300739,0.9513682536240679
190,1568926800,1518,734,0,2252,38,-0.50563424300739,1.5821711718954539
190,1568941200,564,180,0,744,38,-0.50563424300739,-0.5554710769882543
190,1568955600,89,33,0,122,38,-0.50563424300739,-1.4371776279203938
190,1568970000,334,687,353,1021,38,2.8395390219759054,-0.16281397954741397
190,1568984400,665,806,141,1471,38,0.8305397806828213,0.4750766119629764
190,1568998800,1128,696,0,1824,38,-0.50563424300739,0.9754663426366826
190,1569013200,1358,749,0,2107,38,-0.50563424300739,1.3766286479643282
190,1569027600,663,242,0,905,38,-0.50563424300739,-0.3272479986923146
190,1569042000,141,33,0,174,38,-0.50563424300739,-1.3634658262347488
190,1569056400,148,162,14,310,38,-0.3729644817899222,-1.1706811141338307
190,1569070800,622,426,0,1048,38,-0.50563424300739,-0.12454054405679055
190,1569085200,1020,494,0,1514,38,-0.50563424300739,0.5360306018184137
190,1569099600,978,286,0,1264,38,-0.50563424300739,0.18164693986819683
190,1569114000,581,192,0,773,38,-0.50563424300739,-0.5143625722020291
190,1569128400,149,29,0,178,38,-0.50563424300739,-1.3577956876435453
190,1569142800,96,107,11,203,38,-0.40139371633652243,-1.3223573214485236
190,1569157200,453,298,0,751,38,-0.50563424300739,-0.5455483344536483
190,1569171600,774,369,0,1143,38,-0.50563424300739,0.010125247484291864
190,1569186000,730,265,0,995,38,-0.50563424300739,-0.19966988039023653
190,1569200400,404,99,0,503,38,-0.50563424300739,-0.8970969271082634
190,1569214800,50,21,0,71,38,-0.50563424300739,-1.5094718949582382
190,1569229200,426,700,274,1126,38,2.0909025122487654,-0.013972841528322883
190,1569243600,646,758,112,1404,38,0.5557238467323524,0.3801017905603183
190,1569258000,1116,633,0,1749,38,-0.50563424300739,0.8691512440516176
190,1569272400,1391,728,0,2119,38,-0.50563424300739,1.3936390637379386
190,1569286800,515,134,0,649,39,-0.5007079253889963,-0.6477788003870221
190,1569301200,56,20,0,76,39,-0.5007079253889963,-1.470918597108817
190,1569315600,447,780,333,1227,39,2.662300676458566,0.18254371707405567
190,1569330000,698,776,78,1474,39,0.24017697234106328,0.53737012159462
190,1569344400,1179,688,0,1867,39,-0.5007079253889963,1.1019319717022387
190,1569358800,1547,819,0,2366,39,-0.5007079253889963,1.81876750148265
190,1569373200,551,206,0,757,39,-0.5007079253889963,-0.49263203241851616
190,1569387600,58,30,0,88,39,-0.5007079253889963,-1.4536800673345387
190,1569402000,423,727,304,1150,39,2.386843470892262,0.0719298176891024
190,1569416400,713,860,147,1573,39,0.8955751511022698,0.6795879922324171
190,1569430800,1205,725,0,1930,39,-0.5007079253889963,1.1924342530172003
190,1569445200,1610,817,0,2427,39,-0.5007079253889963,1.9063966945018986
190,1569459600,590,168,0,758,39,-0.5007079253889963,-0.4911954882706597
190,1569474000,39,22,0,61,39,-0.5007079253889963,-1.4924667593266652
190,1569488400,410,763,353,1173,39,2.852271163056017,0.10497033308980272
190,1569502800,692,793,101,1485,39,0.45864303192813216,0.5531721072210419
190,1569517200,1197,644,0,1841,39,-0.5007079253889963,1.0645818238579687
190,1569531600,1501,784,0,2285,39,-0.5007079253889963,1.7024074255062707
190,1569546000,553,176,0,729,39,-0.5007079253889963,-0.5328552685584992
190,1569560400,63,19,0,82,39,-0.5007079253889963,-1.462299332221678
190,1569574800,369,706,337,1075,39,2.7002947737780563,-0.03581099340013779
190,1569589200,678,781,103,1459,39,0.47764008058787727,0.515821959376772
190,1569603600,1271,746,0,2017,39,-0.5007079253889963,1.317413593880719
190,1569618000,1417,763,0,2180,39,-0.5007079253889963,1.5515702899813344
190,1569632400,622,279,0,901,39,-0.5007079253889963,-0.28576967512717505
190,1569646800,130,37,0,167,39,-0.5007079253889963,-1.3401930796538724
190,1569661200,146,190,44,336,39,-0.08277285487460374,-1.0974171186661177
190,1569675600,562,466,0,1028,39,-0.5007079253889963,-0.10332856834939498
190,1569690000,911,502,0,1413,39,-0.5007079253889963,0.44974092857537135
190,1569704400,874,462,0,1336,39,-0.5007079253889963,0.3391270291904181
190,1569718800,506,207,0,713,39,-0.5007079253889963,-0.5558399749242038
190,1569733200,117,30,0,147,39,-0.5007079253889963,-1.368923962611003
190,1569747600,117,100,0,217,39,-0.5007079253889963,-1.2683658722610456
190,1569762000,391,355,0,746,39,-0.5007079253889963,-0.508434018044938
190,1569776400,737,422,0,1159,39,-0.5007079253889963,0.08485871501981122
190,1569790800,681,307,0,988,39,-0.5007079253889963,-0.1607903342636564
190,1569805200,290,133,0,423,39,-0.5007079253889963,-0.9724377778025992
190,1569819600,32,17,0,49,39,-0.5007079253889963,-1.5097052891009435
190,1569834000,330,585,255,915,39,1.9214157787285062,-0.26565805705718354
190,1569848400,583,742,159,1325,39,1.0095574430607406,0.32332504356399616
190,1569862800,1037,600,0,1637,39,-0.5007079253889963,0.7715268176952353
190,1569877200,1275,693,0,1968,39,-0.5007079253889963,1.2470229306357488
190,1569891600,148,176,28,324,40,-0.30774944074813204,-0.9988944334763504
190,1569906000,11,29,18,40,40,-0.4096853753807941,-1.3854503431057152
190,1569920400,357,627,270,984,40,2.159100177362289,-0.10056027729543238
190,1569934800,608,761,153,1369,40,0.9664497421601433,0.4234679804767698
190,1569949200,1031,643,0,1674,40,-0.5931700577195858,0.838607249620982
190,1569963600,1498,769,0,2267,40,-0.5931700577195858,1.6457468778259583
190,1569978000,155,176,21,331,40,-0.37910459499099547,-0.9893666469714013
190,1569992400,10,23,13,33,40,-0.4606533426971251,-1.3949781296106643
190,1570006800,409,730,321,1139,40,2.6789734439888653,0.11041213817129839
190,1570021200,683,867,184,1550,40,1.2824511395213958,0.6698293172475973
190,1570035600,1167,685,0,1852,40,-0.5931700577195858,1.08088524931826
190,1570050000,1552,825,0,2377,40,-0.5931700577195858,1.7954692371894447
190,1570064400,161,202,41,363,40,-0.1752327257256714,-0.9458110515202053
190,1570078800,16,25,9,41,40,-0.5014277165501899,-1.3840892307478654
190,1570093200,450,669,219,1119,40,1.6392269107357127,0.08318989101430087
190,1570107600,687,850,163,1537,40,1.0683856767928055,0.6521348565955489
190,1570122000,1141,706,0,1847,40,-0.5931700577195858,1.0740796875290104
190,1570136400,1580,874,0,2454,40,-0.5931700577195858,1.9002748887438852
190,1570150800,210,211,1,421,40,-0.5829764642563195,-0.8668665347649125
190,1570165200,18,26,8,44,40,-0.5116213100134561,-1.3800058936743156
190,1570179600,390,737,347,1127,40,2.9440068740337866,0.09407878987709987
190,1570194000,737,810,73,1547,40,0.1509622650988471,0.6657459801740477
190,1570208400,1236,755,0,1991,40,-0.5931700577195858,1.2700798670593927
190,1570222800,1435,801,0,2236,40,-0.5931700577195858,1.6035523947326122
190,1570237200,542,260,0,802,40,-0.5931700577195858,-0.3482827264241098
190,1570251600,86,47,0,133,40,-0.5931700577195858,-1.2588668938256766
190,1570266000,110,201,91,311,40,0.33444694743763875,-1.016588894128399
190,1570280400,500,525,25,1025,40,-0.33833022113793065,-0.04475467062358747
190,1570294800,843,568,0,1411,40,-0.5931700577195858,0.4806346995064646
190,1570309200,853,457,0,1310,40,-0.5931700577195858,0.34316235136362716
190,1570323600,483,263,0,746,40,-0.5931700577195858,-0.4245050184637028
190,1570338000,134,47,0,181,40,-0.5931700577195858,-1.1935335006488828
190,1570352400,86,115,29,201,40,-0.29755584728486584,-1.1663112534918851
190,1570366800,377,369,0,746,40,-0.5931700577195858,-0.4245050184637028
190,1570381200,688,430,0,1118,40,-0.5931700577195858,0.08182877865645098
190,1570395600,610,336,0,946,40,-0.5931700577195858,-0.15228254689372767
190,1570410000,257,100,0,357,40,-0.5931700577195858,-0.9539777256673045
190,1570424400,34,23,0,57,40,-0.5931700577195858,-1.3623114330222672
190,1570438800,404,679,275,1083,40,2.21006814467862,0.03418984613170533
190,1570453200,633,788,155,1421,40,0.9868369290866758,0.4942458230849634
190,1570467600,1128,646,0,1774,40,-0.5931700577195858,0.9747184854059695
190,1570482000,1421,721,0,2142,40,-0.5931700577195858,1.4756078330947238
190,1570496400,525,155,0,680,41,-0.4939288010462846,-0.5729247935442154
190,1570510800,52,20,0,72,41,-0.4939288010462846,-1.4865133740328558
190,1570525200,414,738,324,1152,41,3.1255559187371516,0.13630844657196595
190,1570539600,662,789,127,1451,41,0.9248198391157412,0.5855896728320046
190,1570554000,1177,624,0,1801,41,-0.4939288010462846,1.1115041517317155
190,1570568400,1499,772,0,2271,41,-0.4939288010462846,1.817732166254184
190,1570582800,580,226,0,806,41,-0.4939288010462846,-0.38359558114031955
190,1570597200,51,28,0,79,41,-0.4939288010462846,-1.4759950844548617
190,1570611600,309,556,247,865,41,2.2653697353318285,-0.2949414261257969
190,1570626000,670,751,81,1421,41,0.4109423788995744,0.5405112889263151
190,1570640400,958,624,0,1582,41,-0.4939288010462846,0.782431949220182
190,1570654800,1389,761,0,2150,41,-0.4939288010462846,1.6359160178345697
190,1570669200,575,207,0,782,41,-0.4939288010462846,-0.41965828826487117
190,1570683600,65,29,0,94,41,-0.4939288010462846,-1.453455892502017
190,1570698000,415,681,266,1096,41,2.4776234688993757,0.052162129948012226
190,1570712400,678,854,176,1532,41,1.4722110467373102,0.7073013093773662
190,1570726800,1134,690,0,1824,41,-0.4939288010462846,1.1460642460594106
190,1570741200,1626,849,0,2475,41,-0.4939288010462846,2.1242651768128726
190,1570755600,656,235,0,891,41,-0.4939288010462846,-0.2558734934075326
190,1570770000,75,41,0,116,41,-0.4939288010462846,-1.420398410971178
190,1570784400,345,636,291,981,41,2.7569046972777276,-0.12063834169046417
190,1570798800,707,757,50,1464,41,0.06463365571041849,0.6051236391911367
190,1570813200,1185,765,0,1950,41,-0.4939288010462846,1.3353934584633065
190,1570827600,1440,742,0,2182,41,-0.4939288010462846,1.683999627333972
190,1570842000,616,254,0,870,41,-0.4939288010462846,-0.2874283621415153
190,1570856400,128,39,0,167,41,-0.4939288010462846,-1.3437651583315058
190,1570870800,135,166,31,301,41,-0.1476200778571287,-1.1424150435527594
190,1570885200,477,439,0,916,41,-0.4939288010462846,-0.21830817348612475
190,1570899600,941,498,0,1439,41,-0.4939288010462846,0.5675583192697288
190,1570914000,844,466,0,1310,41,-0.4939288010462846,0.37372126847526393
190,1570928400,535,185,0,720,41,-0.4939288010462846,-0.5128202816699627
190,1570942800,112,35,0,147,41,-0.4939288010462846,-1.3738174142686321
190,1570957200,97,115,18,212,41,-0.2928463166138715,-1.2761475824729716
190,1570971600,444,328,0,772,41,-0.4939288010462846,-0.4346844162334343
190,1570986000,784,423,0,1207,41,-0.4939288010462846,0.21895215039906335
190,1571000400,725,310,0,1035,41,-0.4939288010462846,-0.039497250660223075
190,1571014800,312,118,0,430,41,-0.4939288010462846,-0.9485779927582946
190,1571029200,46,28,0,74,41,-0.4939288010462846,-1.4835081484391432
190,1571043600,275,467,192,742,41,1.6509510328994552,-0.4797628001391238
190,1571058000,567,621,54,1188,41,0.10931865225095475,0.19040250725879335
190,1571072400,899,587,0,1486,41,-0.4939288010462846,0.6381811207219756
190,1571086800,1191,650,0,1841,41,-0.4939288010462846,1.171608663605968
190,1571101200,432,156,0,588,42,-0.5355924534826566,-0.750154440278191
190,1571115600,34,26,0,60,42,-0.5355924534826566,-1.4965392602534766
190,1571130000,416,746,330,1162,42,2.5600336538024226,0.06125632992221398
190,1571144400,637,797,160,1434,42,0.9653171742919272,0.44575760081857313
190,1571158800,1146,711,0,1857,42,-0.5355924534826566,1.0437136213669553
190,1571173200,1544,749,0,2293,42,-0.5355924534826566,1.6600465408920015
190,1571187600,614,250,0,864,42,-0.5355924534826566,-0.35999873892747364
190,1571202000,51,29,0,80,42,-0.5355924534826566,-1.4682671079816854
190,1571216400,425,744,319,1169,42,2.4568461168929203,0.07115158321734087
190,1571230800,697,823,126,1520,42,0.6463738783898282,0.5673278555872749
190,1571245200,1211,692,0,1903,42,-0.5355924534826566,1.108739571592075
190,1571259600,1501,830,0,2331,42,-0.5355924534826566,1.7137636302084047
190,1571274000,538,213,0,751,42,-0.5355924534826566,-0.5197363992630935
190,1571288400,36,24,0,60,42,-0.5355924534826566,-1.4965392602534766
190,1571302800,446,713,267,1159,42,1.96905048786618,0.05701550708144531
190,1571317200,685,840,155,1525,42,0.9184137484239715,0.5743958936552227
190,1571331600,1119,750,0,1869,42,-0.5355924534826566,1.06067691273003
190,1571346000,1599,874,0,2473,42,-0.5355924534826566,1.9144959113381217
190,1571360400,609,239,0,848,42,-0.5355924534826566,-0.3826164607449066
190,1571374800,72,42,0,114,42,-0.5355924534826566,-1.4202044491196406
190,1571389200,363,689,326,1052,42,2.522510913108058,-0.09424050757263716
190,1571403600,740,829,89,1569,42,0.29928852696695574,0.6365946286531632
190,1571418000,1268,722,0,1990,42,-0.5355924534826566,1.2317234339743661
190,1571432400,1509,773,0,2282,42,-0.5355924534826566,1.6444968571425165
190,1571446800,137,274,137,411,42,0.7495614152993308,-1.0003629878835425
190,1571461200,706,126,0,832,42,-0.5355924534826566,-0.40523418256233945
190,1571475600,122,179,57,301,42,-0.0008933985879610586,-1.1558598253783936
190,1571490000,540,472,0,1012,42,-0.5355924534826566,-0.15078481211621939
190,1571504400,875,521,0,1396,42,-0.5355924534826566,0.39204051150217006
190,1571518800,875,472,0,1347,42,-0.5355924534826566,0.3227737384362818
190,1571533200,449,210,0,659,42,-0.5355924534826566,-0.6497882997133326
190,1571547600,97,38,0,135,42,-0.5355924534826566,-1.3905186892342598
190,1571562000,96,102,6,198,42,-0.47930834244110965,-1.3014614095781178
190,1571576400,404,353,0,757,42,-0.5355924534826566,-0.5112547535815561
190,1571590800,681,449,0,1130,42,-0.5355924534826566,0.016020886287348192
190,1571605200,573,320,0,893,42,-0.5355924534826566,-0.31900411813337654
190,1571619600,275,124,0,399,42,-0.5355924534826566,-1.0173262792466171
190,1571634000,33,20,0,53,42,-0.5355924534826566,-1.5064345135486035
190,1571648400,389,743,354,1132,42,2.7851700979686105,0.018848101514527305
190,1571662800,654,726,72,1380,42,0.13981687901590617,0.36942278968473713
190,1571677200,1102,665,0,1767,42,-0.5355924534826566,0.9164889361438953
190,1571691600,1467,762,0,2229,42,-0.5355924534826566,1.56957565362227
190,1571706000,213,175,0,388,43,-0.5550140614272637,-0.9646122030861546
190,1571720400,15,38,23,53,43,-0.33236307166865214,-1.4115330967051678
190,1571734800,408,730,322,1138,43,2.562099795193299,0.03595696173253186
190,1571749200,661,824,163,1485,43,1.022903822514201,0.49888696198864413
190,1571763600,1164,701,0,1865,43,-0.5550140614272637,1.0058420054967787
190,1571778000,1555,831,0,2386,43,-0.5550140614272637,1.700904051990826
190,1571792400,198,242,44,440,43,-0.12907303754122415,-0.8952394076587257
190,1571806800,11,29,18,40,43,-0.38076546074661116,-1.4288762955620251
190,1571821200,422,643,221,1065,43,1.584371535818526,-0.06143177030982029
190,1571835600,682,834,152,1516,43,0.9164185665426912,0.5402438208011499
190,1571850000,1257,708,0,1965,43,-0.5550140614272637,1.1392512274726034
190,1571864400,1661,911,0,2572,43,-0.5550140614272637,1.9490452048658604
190,1571878800,223,236,13,459,43,-0.42916784982457024,-0.8698916554833189
190,1571893200,14,27,13,41,43,-0.42916784982457024,-1.427542203342267
190,1571907600,390,740,350,1130,43,2.83315317402987,0.02528422397446587
190,1571922000,655,796,141,1451,43,0.8099333105711813,0.4535278265168637
190,1571936400,1194,687,0,1881,43,-0.5550140614272637,1.0271874810129107
190,1571950800,1582,813,0,2395,43,-0.5550140614272637,1.7129108819686505
190,1571965200,244,274,30,518,43,-0.26459972695950945,-0.7911802145175822
190,1571979600,17,31,14,48,43,-0.4194873720089784,-1.4182035578039591
190,1571994000,386,690,304,1076,43,2.3878511945126464,-0.04675675589247956
190,1572008400,728,715,0,1443,43,-0.5550140614272637,0.4428550887587977
190,1572022800,1240,764,0,2004,43,-0.5550140614272637,1.1912808240431751
190,1572037200,1480,863,0,2343,43,-0.5550140614272637,1.6435380865412215
190,1572051600,578,256,0,834,43,-0.5550140614272637,-0.3696070730739757
190,1572066000,127,33,0,160,43,-0.5550140614272637,-1.2687852291910353
190,1572080400,127,194,67,321,43,0.09357795221738746,-1.0539963818099574
190,1572094800,538,560,22,1098,43,-0.3420435494842439,-0.017406727057798086
190,1572109200,999,671,0,1670,43,-0.5550140614272637,0.7456940226439202
190,1572123600,957,645,0,1602,43,-0.5550140614272637,0.6549757517003593
190,1572138000,545,316,0,861,43,-0.5550140614272637,-0.333586583140503
190,1572152400,141,49,0,190,43,-0.5550140614272637,-1.2287624625982878
190,1572166800,92,127,35,219,43,-0.21619733788155043,-1.1900737882252987
190,1572181200,431,426,0,857,43,-0.5550140614272637,-0.338922952019536
190,1572195600,628,458,0,1086,43,-0.5550140614272637,-0.03341583369489707
190,1572210000,654,363,0,1017,43,-0.5550140614272637,-0.12546819685821622
190,1572224400,347,130,0,477,43,-0.5550140614272637,-0.8458779955276705
190,1572238800,40,26,0,66,43,-0.5550140614272637,-1.3941898978483107
190,1572253200,397,748,351,1145,43,2.8428336518454613,0.0452956072708396
190,1572267600,633,758,125,1391,43,0.6550456655217123,0.3734822933313688
190,1572282000,1106,632,0,1738,43,-0.5550140614272637,0.836412293587481
190,1572296400,1450,780,0,2230,43,-0.5550140614272637,1.4927856657085394
190,1572310800,541,172,0,713,44,-0.5288706687479152,-0.585859426521708
190,1572325200,40,20,0,60,44,-0.5288706687479152,-1.4872776947845052
190,1572339600,429,748,319,1177,44,2.6514745825467743,0.05465830161602243
190,1572354000,643,789,146,1432,44,0.9267105434433845,0.40666696686412857
190,1572368400,1187,690,0,1877,44,-0.5288706687479152,1.0209565983755295
190,1572382800,1567,855,0,2422,44,-0.5288706687479152,1.7732888437097172
190,1572397200,509,200,0,709,44,-0.5288706687479152,-0.5913811310746194
190,1572411600,34,28,0,62,44,-0.5288706687479152,-1.4845168425080495
190,1572426000,405,779,374,1184,44,3.199809970701031,0.0643212845836175
190,1572440400,684,761,77,1445,44,0.23879887466804425,0.42461250666109085
190,1572454800,1234,744,0,1978,44,-0.5288706687479152,1.1603796383365441
190,1572469200,1569,805,0,2374,44,-0.5288706687479152,1.7070283890747795
190,1572483600,555,198,0,753,44,-0.5288706687479152,-0.5306423809925933
190,1572498000,36,28,0,64,44,-0.5288706687479152,-1.4817559902315938
190,1572512400,429,657,228,1086,44,1.7442287585097311,-0.07096047696271349
190,1572526800,697,826,129,1523,44,0.7572250598320688,0.5322857454428646
190,1572541200,1141,690,0,1831,44,-0.5288706687479152,0.9574569960170476
190,1572555600,1428,777,0,2205,44,-0.5288706687479152,1.47373637171427
190,1572570000,830,264,0,1094,44,-0.5288706687479152,-0.059917067856890556
190,1572584400,131,39,0,170,44,-0.5288706687479152,-1.33543081957944
190,1572598800,392,696,304,1088,44,2.501928567595613,-0.06819962468625776
190,1572613200,707,802,95,1509,44,0.41825409260943736,0.5129597795076744
190,1572627600,1237,701,0,1938,44,-0.5288706687479152,1.1051625928074293
190,1572642000,1459,840,0,2299,44,-0.5288706687479152,1.6034964287076896
190,1572656400,602,261,0,863,44,-0.5288706687479152,-0.3787955057875279
190,1572670800,110,40,0,150,44,-0.5288706687479152,-1.3630393423439973
190,1572685200,128,217,89,345,44,0.358435686628973,-1.093856245389563
190,1572699600,544,595,51,1139,44,-0.020414217913968035,0.0022021083633634725
190,1572714000,996,655,0,1651,44,-0.5288706687479152,0.7089802911360316
190,1572728400,933,577,0,1510,44,-0.5288706687479152,0.5143402056459022
190,1572742800,386,175,0,561,44,-0.5288706687479152,-0.7956841995323438
190,1572753600,113,52,0,165,44,-0.5288706687479152,-1.3423329502705792
190,1572768000,63,75,12,138,44,-0.4092338567869865,-1.3796044560027316
190,1572782400,438,367,0,805,44,-0.5288706687479152,-0.4588602218047442
190,1572796800,681,614,0,1295,44,-0.5288706687479152,0.21754858592691076
190,1572811200,746,588,0,1334,44,-0.5288706687479152,0.2713852053177976
190,1572825600,379,150,0,529,44,-0.5288706687479152,-0.8398578359556356
190,1572840000,50,25,0,75,44,-0.5288706687479152,-1.4665713027110874
190,1572854400,190,323,133,513,44,0.7971039971523785,-0.8619446541672815
190,1572868800,746,1017,271,1763,44,2.172927334703059,0.8635880186175526
190,1572883200,919,605,0,1524,44,-0.5288706687479152,0.5336661715810924
190,1572897600,1576,842,0,2418,44,-0.5288706687479152,1.7677671391568057
190,1572912000,691,241,0,932,45,-0.5715850349561338,-0.27421669123436493
190,1572926400,84,26,0,110,45,-0.5715850349561338,-1.3310437785501963
190,1572940800,187,309,122,496,45,0.703470132268607,-0.8347721779371661
190,1572955200,695,1006,311,1701,45,2.678760514280705,0.7144694768263095
190,1572969600,889,683,0,1572,45,-0.5715850349561338,0.5486170507147009
190,1572984000,1639,906,0,2545,45,-0.5715850349561338,1.79958147402164
190,1572998400,753,259,0,1012,45,-0.5715850349561338,-0.1713624734907317
190,1573012800,81,23,0,104,45,-0.5715850349561338,-1.338757844880969
190,1573027200,183,351,168,534,45,1.1842286379435092,-0.7859164245089403
190,1573041600,742,1091,349,1833,45,3.0759088450556242,0.8841789361033043
190,1573056000,1051,636,0,1687,45,-0.5715850349561338,0.6964699887211736
190,1573070400,1716,911,0,2627,45,-0.5715850349561338,1.905007047208864
190,1573084800,846,285,0,1131,45,-0.5715850349561338,-0.018366824597077277
190,1573099200,88,39,0,127,45,-0.5715850349561338,-1.3091872572796743
190,1573113600,164,352,188,516,45,1.3932540751934666,-0.8090586235012577
190,1573128000,779,1054,275,1833,45,2.3025147272307818,0.8841789361033043
190,1573142400,992,662,0,1654,45,-0.5715850349561338,0.6540426239019249
190,1573156800,1787,905,0,2692,45,-0.5715850349561338,1.988576099125566
190,1573171200,808,294,0,1102,45,-0.5715850349561338,-0.05565147852914432
190,1573185600,125,36,0,161,45,-0.5715850349561338,-1.2654742147386302
190,1573200000,160,342,182,502,45,1.3305464440184795,-0.8270581116063935
190,1573214400,760,940,180,1700,45,1.3096439002934837,0.713183799104514
190,1573228800,1105,728,0,1833,45,-0.5715850349561338,0.8841789361033043
190,1573243200,1716,957,0,2673,45,-0.5715850349561338,1.9641482224114533
190,1573257600,768,380,0,1148,45,-0.5715850349561338,0.003489696673444782
190,1573272000,174,69,0,243,45,-0.5715850349561338,-1.1600486415514062
190,1573286400,79,132,53,211,45,-0.0176676262437464,-1.2011903286488594
190,1573300800,415,527,112,942,45,0.5989574136436282,-0.2613599140164108
190,1573315200,909,692,0,1601,45,-0.5715850349561338,0.5859017046467679
190,1573329600,1048,601,0,1649,45,-0.5715850349561338,0.6476142352929478
190,1573344000,645,354,0,999,45,-0.5715850349561338,-0.1880762838740721
190,1573358400,200,44,0,244,45,-0.5715850349561338,-1.1587629638296106
190,1573372800,69,88,19,157,45,-0.37301086956867413,-1.2706169256258117
190,1573387200,346,352,6,698,45,-0.5088774037811465,-0.5750652781344922
190,1573401600,712,552,0,1264,45,-0.5715850349561338,0.15262831240171296
190,1573416000,782,518,0,1300,45,-0.5715850349561338,0.19891271038634792
190,1573430400,420,178,0,598,45,-0.5715850349561338,-0.7036330503140337
190,1573444800,59,27,0,86,45,-0.5715850349561338,-1.3619000438732862
190,1573459200,141,283,142,424,45,0.9124955695185645,-0.9273409739064359
190,1573473600,721,911,190,1632,45,1.4141566189184622,0.6257577140224259
190,1573488000,879,632,0,1511,45,-0.5715850349561338,0.47019070968518056
190,1573502400,1470,848,0,2318,45,-0.5715850349561338,1.5077326311740806
190,1573516800,690,231,0,921,46,-0.557541328556767,-0.2576572668929264
190,1573531200,91,25,0,116,46,-0.557541328556767,-1.308361909716451
190,1573545600,199,316,117,515,46,0.5370483991811287,-0.787577869360443
190,1573560000,798,1055,257,1853,46,1.8468138853632259,0.9588107170965454
190,1573574400,983,600,0,1583,46,-0.557541328556767,0.6064004642240589
190,1573588800,1613,784,0,2397,46,-0.557541328556767,1.6688521154766662
190,1573603200,800,295,0,1095,46,-0.557541328556767,-0.0305484372639907
190,1573617600,95,32,0,127,46,-0.557541328556767,-1.294004454969794
190,1573632000,179,377,198,556,46,1.2948412876150563,-0.7340637198501766
190,1573646400,780,1119,339,1899,46,2.6139622415555976,1.0188509824007468
190,1573660800,938,629,0,1567,46,-0.557541328556767,0.5855168936834672
190,1573675200,1712,1067,0,2779,46,-0.557541328556767,2.167447362133295
190,1573689600,841,296,0,1137,46,-0.557541328556767,0.02427093540506275
190,1573704000,94,40,0,134,46,-0.557541328556767,-1.284867892858285
190,1573718400,170,346,176,516,46,1.089020996929298,-0.7862726462016562
190,1573732800,733,1069,336,1802,46,2.585895838280267,0.892244335998409
190,1573747200,1015,632,0,1647,46,-0.557541328556767,0.689934746386426
190,1573761600,1621,864,0,2485,46,-0.557541328556767,1.7837117534499212
190,1573776000,910,337,0,1247,46,-0.557541328556767,0.1678454828716313
190,1573790400,147,44,0,191,46,-0.557541328556767,-1.2104701728074267
190,1573804800,192,341,149,533,46,0.8364233674513223,-0.7640838525022773
190,1573819200,716,1048,332,1764,46,2.5484739672464927,0.8426458559645036
190,1573833600,1068,632,0,1700,46,-0.557541328556767,0.7591115738021363
190,1573848000,1688,861,0,2549,46,-0.557541328556767,1.8672460356122882
190,1573862400,739,338,0,1077,46,-0.557541328556767,-0.05404245412215646
190,1573876800,209,57,0,266,46,-0.557541328556767,-1.1125784358984028
190,1573891200,74,114,40,188,46,-0.18332261821902485,-1.2143858422837879
190,1573905600,371,428,57,799,46,-0.024279666325484454,-0.4168944922649388
190,1573920000,653,554,0,1207,46,-0.557541328556767,0.11563655652015184
190,1573934400,880,548,0,1428,46,-0.557541328556767,0.40409087461207593
190,1573948800,538,337,0,875,46,-0.557541328556767,-0.3176975321971278
190,1573963200,166,70,0,236,46,-0.557541328556767,-1.1517351306620125
190,1573977600,81,72,0,153,46,-0.557541328556767,-1.2600686528413323
190,1573992000,267,313,46,580,46,-0.12718981166836352,-0.7027383640392889
190,1574006400,685,508,0,1193,46,-0.557541328556767,0.09736343229713401
190,1574020800,723,413,0,1136,46,-0.557541328556767,0.022965712246275766
190,1574035200,332,153,0,485,46,-0.557541328556767,-0.8267345641240527
190,1574049600,61,32,0,93,46,-0.557541328556767,-1.3383820423685515
190,1574064000,156,321,165,477,46,0.9861108515864191,-0.8371763493943486
190,1574078400,725,1016,291,1741,46,2.1648997891503066,0.8126257233124028
190,1574092800,892,583,0,1475,46,-0.557541328556767,0.4654363630750643
190,1574107200,1615,836,0,2451,46,-0.557541328556767,1.7393341660511634
190,1574121600,681,251,0,932,47,-0.5545225280173295,-0.28255138780875755
190,1574136000,77,18,0,95,47,-0.5545225280173295,-1.3814352783972144
190,1574150400,195,359,164,554,47,1.019900873871939,-0.77882153194548
190,1574164800,756,1069,313,1825,47,2.450322135344506,0.8898540056147691
190,1574179200,929,625,0,1554,47,-0.5545225280173295,0.5340624472521983
190,1574193600,1669,860,0,2529,47,-0.5545225280173295,1.8141243269699345
190,1574208000,766,260,0,1026,47,-0.5545225280173295,-0.1591402937641758
190,1574222400,106,33,0,139,47,-0.5545225280173295,-1.3236683833125165
190,1574236800,185,362,177,547,47,1.144702728899747,-0.7880117197998637
190,1574251200,746,1086,340,1832,47,2.7095259880945686,0.8990441934691529
190,1574265600,910,624,0,1534,47,-0.5545225280173295,0.5078047676682448
190,1574280000,1680,901,0,2581,47,-0.5545225280173295,1.8823942938882139
190,1574294400,1009,336,0,1345,47,-0.5545225280173295,0.25966969559988357
190,1574308800,487,232,0,719,47,-0.5545225280173295,-0.5621956753778631
190,1574323200,164,352,188,516,47,1.2503042985386612,-0.8287111231549917
190,1574337600,792,1067,275,1859,47,2.0855167129555294,0.9344920609074902
190,1574352000,931,653,0,1584,47,-0.5545225280173295,0.5734489666281287
190,1574366400,1752,939,0,2691,47,-0.5545225280173295,2.0268115315999586
190,1574380800,866,346,0,1212,47,-0.5545225280173295,0.08505612636659235
190,1574395200,150,40,0,190,47,-0.5545225280173295,-1.256711300373435
190,1574409600,169,261,92,430,47,0.3286905998717724,-0.941619145365992
190,1574424000,786,1011,225,1797,47,1.6055095782331914,0.8530932541972341
190,1574438400,1041,709,0,1750,47,-0.5545225280173295,0.7913877071749432
190,1574452800,1624,856,0,2480,47,-0.5545225280173295,1.7497930119892484
190,1574467200,740,334,0,1074,47,-0.5545225280173295,-0.09612186276268725
190,1574481600,167,67,0,234,47,-0.5545225280173295,-1.198944405288737
190,1574496000,75,101,26,176,47,-0.3049188179617137,-1.2750916760822024
190,1574510400,389,479,90,868,47,0.3094903144828789,-0.366575962477409
190,1574524800,835,584,0,1419,47,-0.5545225280173295,0.35682311006051176
190,1574539200,1020,588,0,1608,47,-0.5545225280173295,0.604958182128873
190,1574553600,568,346,0,914,47,-0.5545225280173295,-0.30618329943431577
190,1574568000,162,57,0,219,47,-0.5545225280173295,-1.2186376649767021
190,1574582400,49,80,31,129,47,-0.2569181044894799,-1.3367972231044931
190,1574596800,314,304,0,618,47,-0.5545225280173295,-0.6947969572768286
190,1574611200,648,514,0,1162,47,-0.5545225280173295,0.019411927406708444
190,1574625600,695,435,0,1130,47,-0.5545225280173295,-0.02260035992761726
190,1574640000,396,166,0,562,47,-0.5545225280173295,-0.7683184601118985
190,1574654400,51,21,0,72,47,-0.5545225280173295,-1.411631609918761
190,1574668800,152,313,161,465,47,0.9911004457885988,-0.8956682060940733
190,1574683200,710,1054,344,1764,47,2.7479265588723556,0.8097680828837107
190,1574697600,979,657,0,1636,47,-0.5545225280173295,0.641718933546408
190,1574712000,1557,855,0,2412,47,-0.5545225280173295,1.6605169014038064
190,1574726400,718,228,0,946,48,-0.4849253217123748,0.20006623789968367
190,1574740800,89,30,0,119,48,-0.4849253217123748,-1.1071385602958794
190,1574755200,180,301,121,481,48,1.3008648847675446,-0.5349400875669872
190,1574769600,729,921,192,1650,48,2.3487252538590675,1.312850008068579
190,1574784000,1025,639,0,1664,48,-0.4849253217123748,1.3349792307708013
190,1574798400,1675,821,0,2496,48,-0.4849253217123748,2.650087322788586
190,1574812800,748,284,0,1032,48,-0.4849253217123748,0.33600289164190666
190,1574827200,88,32,0,120,48,-0.4849253217123748,-1.105557901531435
190,1574841600,163,308,145,471,48,1.6550712067139748,-0.5507466752114317
190,1574856000,564,782,218,1346,48,2.7324487693010338,0.832329743677465
190,1574870400,1253,594,0,1847,48,-0.4849253217123748,1.624239784664136
190,1574884800,1265,752,0,2017,48,-0.4849253217123748,1.892951774619693
190,1574899200,557,234,0,791,48,-0.4849253217123748,-0.04493587058920663
190,1574913600,92,39,0,131,48,-0.4849253217123748,-1.0881706551225458
190,1574928000,88,86,0,174,48,-0.4849253217123748,-1.0202023282514345
190,1574942400,330,264,0,594,48,-0.4849253217123748,-0.35632564718476395
190,1574956800,398,322,0,720,48,-0.4849253217123748,-0.15716264286476284
190,1574971200,298,233,0,531,48,-0.4849253217123748,-0.45590714934476456
190,1574985600,177,169,0,346,48,-0.4849253217123748,-0.7483290207669885
190,1575000000,54,36,0,90,48,-0.4849253217123748,-1.1529776644647685
190,1575014400,69,153,84,222,48,0.7547968051001313,-0.9443307075581007
190,1575028800,321,455,134,776,48,1.4927266424885277,-0.06864575205587344
190,1575043200,652,511,0,1163,48,-0.4849253217123748,0.5430691897841301
190,1575057600,813,548,0,1361,48,-0.4849253217123748,0.8560396251441319
190,1575072000,507,263,0,770,48,-0.4849253217123748,-0.07812970464254015
190,1575086400,131,41,0,172,48,-0.4849253217123748,-1.0233636457803232
190,1575100800,58,77,19,135,48,-0.2045119835047841,-1.0818480200647682
190,1575115200,250,334,84,584,48,0.7547968051001313,-0.3721322348292085
190,1575129600,608,478,0,1086,48,-0.4849253217123748,0.42135846492190715
190,1575144000,773,508,0,1281,48,-0.4849253217123748,0.7295869239885756
190,1575158400,416,263,0,679,48,-0.4849253217123748,-0.22196965220698542
190,1575172800,121,52,0,173,48,-0.4849253217123748,-1.021782987015879
190,1575187200,50,67,17,117,48,-0.23402917700031997,-1.1102998778247684
190,1575201600,251,262,11,513,48,-0.32258075748692755,-0.4843590071047647
190,1575216000,500,424,0,924,48,-0.4849253217123748,0.1652917450819057
190,1575230400,509,319,0,828,48,-0.4849253217123748,0.013548503695238147
190,1575244800,249,117,0,366,48,-0.4849253217123748,-0.7167158454780994
190,1575259200,38,17,0,55,48,-0.4849253217123748,-1.2083007212203245
190,1575273600,177,249,72,426,48,0.5776936441269162,-0.6218763196114322
190,1575288000,691,974,283,1665,48,3.691757557905949,1.3365598895352457
190,1575302400,862,575,0,1437,48,-0.4849253217123748,0.9761696912419103
190,1575316800,1371,746,0,2117,48,-0.4849253217123748,2.0510176510641385
190,1575331200,574,230,0,804,49,-0.5631074944047656,-0.4409756456271667
190,1575345600,94,25,0,119,49,-0.5631074944047656,-1.3342913282559223
190,1575360000,181,335,154,516,49,1.0156438163061245,-0.8165594654769208
190,1575374400,760,1029,269,1789,49,2.194581483395426,0.8435731826784162
190,1575388800,911,634,0,1545,49,-0.5631074944047656,0.5253702241945967
190,1575403200,1604,945,0,2549,49,-0.5631074944047656,1.8346971517263786
190,1575417600,818,275,0,1093,49,-0.5631074944047656,-0.06408771529182308
190,1575432000,118,36,0,154,49,-0.5631074944047656,-1.2886474612602923
190,1575446400,180,342,162,522,49,1.097656871407989,-0.8087348025633843
190,1575460800,745,1070,325,1815,49,2.7686728691084768,0.8774800553037412
190,1575475200,923,614,0,1537,49,-0.5631074944047656,0.5149373403098813
190,1575489600,1659,935,0,2594,49,-0.5631074944047656,1.8933821235779027
190,1575504000,845,287,0,1132,49,-0.5631074944047656,-0.013227406353835547
190,1575518400,110,34,0,144,49,-0.5631074944047656,-1.3016885661161866
190,1575532800,165,328,163,493,49,1.107908503295722,-0.8465540066454776
190,1575547200,793,1048,255,1841,49,2.051058636967163,0.9113869279290662
190,1575561600,959,674,0,1633,49,-0.5631074944047656,0.6401319469264659
190,1575576000,1679,877,0,2556,49,-0.5631074944047656,1.8438259251255045
190,1575590400,933,249,0,1182,49,-0.5631074944047656,0.05197811792563566
190,1575604800,161,34,0,195,49,-0.5631074944047656,-1.235178931351126
190,1575619200,186,297,111,483,49,0.5748236451336033,-0.8595951115013718
190,1575633600,724,987,263,1711,49,2.133071692069027,0.7418525648024411
190,1575648000,1022,696,0,1718,49,-0.5631074944047656,0.750981338201567
190,1575662400,1569,869,0,2438,49,-0.5631074944047656,1.6899408878259525
190,1575676800,786,340,0,1126,49,-0.5631074944047656,-0.02105206926737209
190,1575691200,221,59,0,280,49,-0.5631074944047656,-1.124329540076025
190,1575705600,83,113,30,196,49,-0.255558537772774,-1.2338748208655366
190,1575720000,373,553,180,926,49,1.282186245387184,-0.2818741663852569
190,1575734400,921,619,0,1540,49,-0.5631074944047656,0.5188496717666495
190,1575748800,1102,644,0,1746,49,-0.5631074944047656,0.7874964317980709
190,1575763200,611,348,0,959,49,-0.5631074944047656,-0.23883852036080594
190,1575777600,203,69,0,272,49,-0.5631074944047656,-1.1347624239607403
190,1575792000,78,82,4,160,49,-0.5221009668538333,-1.280822798346756
190,1575806400,321,327,6,648,49,-0.5015977030783673,-0.6444168813791169
190,1575820800,698,569,0,1267,49,-0.5631074944047656,0.16282750920073671
190,1575835200,779,465,0,1244,49,-0.5631074944047656,0.13283296803217995
190,1575849600,392,180,0,572,49,-0.5631074944047656,-0.7435292782839131
190,1575864000,51,30,0,81,49,-0.5631074944047656,-1.3838475267083203
190,1575878400,189,287,98,476,49,0.44155243059307364,-0.8687238849004978
190,1575892800,787,1074,287,1861,49,2.3791108573746205,0.9374691376408547
190,1575907200,915,622,0,1537,49,-0.5631074944047656,0.5149373403098813
190,1575921600,1613,903,0,2516,49,-0.5631074944047656,1.7916615057019276
190,1575936000,694,256,0,950,50,-0.5774408681000847,-0.23767780670429367
190,1575950400,100,33,0,133,50,-0.5774408681000847,-1.3201939016407334
190,1575964800,172,319,147,491,50,1.0112934989453353,-0.8458478037371282
190,1575979200,776,1000,224,1776,50,1.843487691207222,0.8567631901347507
190,1575993600,1016,646,0,1662,50,-0.5774408681000847,0.705714432701759
190,1576008000,1645,800,0,2445,50,-0.5774408681000847,1.7431808982283592
190,1576022400,778,314,0,1092,50,-0.5774408681000847,-0.04952935446319888
190,1576036800,103,34,0,137,50,-0.5774408681000847,-1.3148939452395758
190,1576051200,161,327,166,488,50,1.2166401178151516,-0.8498227710379964
190,1576065600,800,1080,280,1880,50,2.4487198310340488,0.9945620565648482
190,1576080000,961,547,0,1508,50,-0.5774408681000847,0.5016661112571915
190,1576094400,1652,872,0,2524,50,-0.5774408681000847,1.8478550371512217
190,1576108800,867,299,0,1166,50,-0.5774408681000847,0.04851983895821671
190,1576123200,120,24,0,144,50,-0.5774408681000847,-1.30561902153755
190,1576137600,171,327,156,498,50,1.1085629499889325,-0.8365728800351024
190,1576152000,783,1027,244,1810,50,2.05964202685966,0.9018128195445902
190,1576166400,980,659,0,1639,50,-0.5774408681000847,0.6752396833951029
190,1576180800,1628,882,0,2510,50,-0.5774408681000847,1.8293051897471702
190,1576195200,862,305,0,1167,50,-0.5774408681000847,0.04984482805850611
190,1576209600,146,32,0,178,50,-0.5774408681000847,-1.2605693921277104
190,1576224000,145,304,159,449,50,1.1409861003367983,-0.901497345949283
190,1576238400,719,1007,288,1726,50,2.535181565295024,0.7905137351202807
190,1576252800,1068,637,0,1705,50,-0.5774408681000847,0.7626889640142033
190,1576267200,1627,904,0,2531,50,-0.5774408681000847,1.8571299608532474
190,1576281600,751,450,0,1201,50,-0.5774408681000847,0.09489445746834571
190,1576296000,190,59,0,249,50,-0.5774408681000847,-1.166495166007163
190,1576310400,54,100,46,154,50,-0.08028589609947703,-1.2923691305346559
190,1576324800,374,444,70,818,50,0.1790993066834487,-0.4125763679424944
190,1576339200,776,632,0,1408,50,-0.5774408681000847,0.3691672012282515
190,1576353600,1058,585,0,1643,50,-0.5774408681000847,0.6805396397962604
190,1576368000,616,332,0,948,50,-0.5774408681000847,-0.24032778490487247
190,1576382400,231,82,0,313,50,-0.5774408681000847,-1.0816958635886413
190,1576396800,77,87,10,164,50,-0.4693637002738656,-1.2791192395317619
190,1576411200,307,329,22,636,50,-0.33967109888240277,-0.6537243841951652
190,1576425600,716,500,0,1216,50,-0.5774408681000847,0.1147692939726867
190,1576440000,751,477,0,1228,50,-0.5774408681000847,0.1306691631761595
190,1576454400,394,199,0,593,50,-0.5774408681000847,-0.7106989155076094
190,1576468800,79,31,0,110,50,-0.5774408681000847,-1.3506686509473895
190,1576483200,162,312,150,474,50,1.043716649293201,-0.868372618442048
190,1576497600,705,987,282,1692,50,2.470335264599292,0.7454641057104411
190,1576512000,904,652,0,1556,50,-0.5774408681000847,0.5652655880710826
190,1576526400,1582,840,0,2422,50,-0.5774408681000847,1.712706148921703
190,1576540800,709,251,0,960,51,-0.4973551024899689,-0.1744561469758397
190,1576555200,123,27,0,150,51,-0.4973551024899689,-1.282145232477531
190,1576569600,183,351,168,534,51,1.3843272584586748,-0.7570185549063588
190,1576584000,734,741,7,1475,51,-0.4189516707837754,0.5298153086209146
190,1576598400,899,604,0,1503,51,-0.4973551024899689,0.5681057955271459
190,1576612800,1652,905,0,2557,51,-0.4973551024899689,2.0094691240688527
190,1576627200,826,281,0,1107,51,-0.4973551024899689,0.02656890928187465
190,1576641600,138,21,0,159,51,-0.4973551024899689,-1.2698375759719567
190,1576656000,161,346,185,507,51,1.5747355926022877,-0.7939415244230819
190,1576670400,734,1040,306,1774,51,2.9299949120950606,0.9387030080838846
190,1576684800,1007,758,0,1765,51,-0.4973551024899689,0.9263953515783103
190,1576699200,1746,899,0,2645,51,-0.4973551024899689,2.12981065434558
190,1576713600,857,293,0,1150,51,-0.4973551024899689,0.08537215703072987
190,1576728000,136,22,0,158,51,-0.4973551024899689,-1.271205093361465
190,1576742400,137,269,132,406,51,0.9811096096839654,-0.9320607807634163
190,1576756800,725,1064,339,1789,51,3.299611090138544,0.9592157689265085
190,1576771200,892,724,0,1616,51,-0.4973551024899689,0.7226352605415794
190,1576785600,1609,959,0,2568,51,-0.4973551024899689,2.024511815353444
190,1576800000,850,310,0,1160,51,-0.4973551024899689,0.09904733092581247
190,1576814400,153,35,0,188,51,-0.4973551024899689,-1.2301795716762172
190,1576828800,146,291,145,437,51,1.1267159828526105,-0.8896677416886601
190,1576843200,688,962,274,1650,51,2.571579224295319,0.7691308517848603
190,1576857600,1074,712,0,1786,51,-0.4973551024899689,0.9551132167579838
190,1576872000,1490,886,0,2376,51,-0.4973551024899689,1.7619484765678577
190,1576886400,773,346,0,1119,51,-0.4973551024899689,0.04297911795597378
190,1576900800,212,66,0,278,51,-0.4973551024899689,-1.1071030066204737
190,1576915200,81,120,39,201,51,-0.060535982984033745,-1.2124018456126098
190,1576929600,377,395,18,772,51,-0.2957462781026142,-0.43154941620339277
190,1576944000,914,537,0,1451,51,-0.4973551024899689,0.4969948912727164
190,1576958400,983,516,0,1499,51,-0.4973551024899689,0.5626357259691129
190,1576972800,663,306,0,969,51,-0.4973551024899689,-0.16214849047026536
190,1576987200,182,61,0,243,51,-0.4973551024899689,-1.1549661152532626
190,1577001600,66,76,10,142,51,-0.3853502000525496,-1.293085371593597
190,1577016000,296,294,0,590,51,-0.4973551024899689,-0.6804375810938962
190,1577030400,739,517,0,1256,51,-0.4973551024899689,0.2303290003186055
190,1577044800,799,370,0,1169,51,-0.4973551024899689,0.11135498743138682
190,1577059200,464,175,0,639,51,-0.4973551024899689,-0.6134292290079915
190,1577073600,74,27,0,101,51,-0.4973551024899689,-1.3491535845634357
190,1577088000,83,234,151,317,51,1.193918924315062,-1.0537698284296515
190,1577102400,542,633,91,1175,51,0.5218895096905464,0.11956009176843639
190,1577116800,910,649,0,1559,51,-0.4973551024899689,0.6446867693396086
190,1577131200,1151,627,0,1778,51,-0.4973551024899689,0.9441730776419177
190,1577145600,560,270,0,830,52,-0.5388198269033962,0.3936973200890175
190,1577160000,122,34,0,156,52,-0.5388198269033962,-1.0224574163485958
190,1577174400,69,188,119,257,52,1.7275563522366622,-0.8102443178616537
190,1577188800,417,435,18,852,52,-0.19600662333599247,0.4399219554030048
190,1577203200,808,485,0,1293,52,-0.5388198269033962,1.3665157814697517
190,1577217600,683,368,0,1051,52,-0.5388198269033962,0.8580447930158906
190,1577232000,324,169,0,493,52,-0.5388198269033962,-0.31438004812978915
190,1577246400,65,40,0,105,52,-0.5388198269033962,-1.1296145254855665
190,1577260800,35,48,13,83,52,-0.2912325132158269,-1.1758391607995538
190,1577275200,156,114,0,270,52,-0.5388198269033962,-0.7829297606306612
190,1577289600,286,209,0,495,52,-0.5388198269033962,-0.3101778085557903
190,1577304000,282,194,0,476,52,-0.5388198269033962,-0.35009908450877936
190,1577318400,163,130,0,293,52,-0.5388198269033962,-0.7346040055296744
190,1577332800,31,25,0,56,52,-0.5388198269033962,-1.2325693950485384
190,1577347200,61,192,131,253,52,1.9560984879482646,-0.8186487970096514
190,1577361600,347,499,152,846,52,2.356047225443569,0.4273152366810083
190,1577376000,694,493,0,1187,52,-0.5388198269033962,1.1437970840478127
190,1577390400,954,567,0,1521,52,-0.5388198269033962,1.845571092905621
190,1577404800,516,181,0,697,52,-0.5388198269033962,0.1142483884180938
190,1577419200,95,32,0,127,52,-0.5388198269033962,-1.083389890171579
190,1577433600,68,201,133,269,52,1.9941888439001985,-0.7850308804176606
190,1577448000,395,508,113,903,52,1.613285284380861,0.5470790645399756
190,1577462400,741,563,0,1304,52,-0.5388198269033962,1.3896280991267456
190,1577476800,1007,599,0,1606,52,-0.5388198269033962,2.024166274800572
