remote_unit_id,time_stamp,entries,exits,num_people_exited,sum_exit_entry,week_num,z_score_num_people_exited,z_score_sum_exit_entry
160,1546300800,0,0,0,0,1,-1.0288300846069258,-1.4632965295491784
160,1546315200,199,151,0,350,1,-1.0288300846069258,-0.8702865187859198
160,1546329600,37,75,38,112,1,-0.8520573865787747,-1.2735333261049357
160,1546344000,89,298,209,387,1,-0.05658024545209483,-0.807596889076661
160,1546358400,264,514,250,778,1,0.13414819189406818,-0.1451199913382778
160,1546372800,308,561,253,869,1,0.1481039312120801,0.00906261146016946
160,1546387200,312,216,0,528,1,-1.0288300846069258,-0.5686985704548911
160,1546401600,65,32,0,97,1,-1.0288300846069258,-1.2989480408519325
160,1546416000,188,301,113,489,1,-0.5031639036284765,-0.6347768287970829
160,1546430400,576,964,388,1540,1,0.7761122005226169,1.1459475178091596
160,1546444800,430,840,410,1270,1,0.8784542888547043,0.6884826523632173
160,1546459200,697,1361,664,2058,1,2.060040217779714,2.0236023337387827
160,1546473600,423,335,0,758,1,-1.0288300846069258,-0.17900627766760685
160,1546488000,82,63,0,145,1,-1.0288300846069258,-1.2176209536615428
160,1546502400,197,306,109,503,1,-0.5217715560524924,-0.6110564283665525
160,1546516800,655,1015,360,1670,1,0.6458586335545055,1.3662083789497985
160,1546531200,450,839,389,1289,1,0.7807641136286207,0.7206746243760799
160,1546545600,700,1289,589,1989,1,1.711146734829416,1.9066946459025973
160,1546560000,495,474,0,969,1,-1.0288300846069258,0.1784940431068148
160,1546574400,97,60,0,157,1,-1.0288300846069258,-1.1972891818639453
160,1546588800,195,321,126,516,1,-0.4426890332504248,-0.5890303422524885
160,1546601691,606,354,0,960,1,-1.0288300846069258,0.1632452142586167
160,1546603200,294,970,676,1264,1,2.115863175051762,0.6783167664644185
160,1546617600,486,920,434,1406,1,0.9901002033987997,0.9189093994026549
160,1546632000,710,1285,575,1995,1,1.6460199513453604,1.916860531801396
160,1546646400,509,555,46,1064,1,-0.8148420817307429,0.33945390317112784
160,1546660800,214,96,0,310,1,-1.0288300846069258,-0.938059091444578
160,1546675200,68,103,35,171,1,-0.8660131258967866,-1.173568781433415
160,1546689600,206,573,367,779,1,0.6784220252965333,-0.14342567702181133
160,1546704000,374,732,358,1106,1,0.6365548073424976,0.4106151044627189
160,1546718400,412,872,460,1284,1,1.111049944154903,0.7122030527937476
160,1546732800,379,513,134,892,1,-0.405473728402393,0.04803184073889789
160,1546747200,195,75,0,270,1,-1.0288300846069258,-1.005831664103236
160,1546761600,42,56,14,98,1,-0.9637033011228701,-1.297253726535466
160,1546776000,145,458,313,603,1,0.42721871757231866,-0.4416249967199071
160,1546790400,370,704,334,1074,1,0.5249088927984021,0.3563970463357924
160,1546804800,400,697,297,1097,1,0.35278810787625503,0.3953662756145208
160,1546819200,351,228,0,579,1,-1.0288300846069258,-0.482288540315102
160,1546833600,62,50,0,112,1,-1.0288300846069258,-1.2735333261049357
160,1546848000,232,366,134,598,1,-0.405473728402393,-0.4500965683022394
160,1546862400,658,1083,425,1741,1,0.9482329854447639,1.4865046954189167
160,1546876800,404,830,426,1234,1,0.9528848985507679,0.6274873369704249
160,1546891200,721,1305,584,2026,1,1.6878871692993962,1.9693842756118562
160,1546905600,425,359,0,784,2,-1.0164777356071968,-0.3098820153560246
160,1546920000,96,32,0,128,2,-1.0164777356071968,-1.3352055757125982
160,1546934400,234,380,146,614,2,-0.31700051927420037,-0.5755908648386733
160,1546948800,680,1062,382,1742,2,0.8136612824695472,1.187465501140313
160,1546963200,494,829,335,1323,2,0.5884871100883771,0.5325713368271966
160,1546977600,746,1345,599,2091,2,1.8532952272932475,1.7329501391958682
160,1546992000,439,404,0,843,2,-1.0164777356071968,-0.21766541465322303
160,1547006400,64,39,0,103,2,-1.0164777356071968,-1.37428040651887
160,1547020800,237,340,103,577,2,-0.5230109323037815,-0.6334216144319555
160,1547035200,709,1049,340,1758,2,0.6124418092778633,1.212473392856327
160,1547049600,481,862,381,1343,2,0.8088703426316499,0.5638312014722141
160,1547064000,730,1244,514,1974,2,1.4460653410719824,1.5500799310225157
160,1547078400,486,382,0,868,2,-1.0164777356071968,-0.17859058384695117
160,1547092800,77,56,0,133,2,-1.0164777356071968,-1.3273906095513437
160,1547107200,254,380,126,634,2,-0.41281931603214506,-0.5443310001936558
160,1547121600,689,992,303,1681,2,0.4351770352756656,1.0921229139730095
160,1547136000,451,872,421,1323,2,1.0005079361475393,0.5325713368271966
160,1547150400,757,1380,623,2137,2,1.968277783402781,1.8048478278794082
160,1547164800,500,413,0,913,2,-1.0164777356071968,-0.10825588839566183
160,1547179200,91,48,0,139,2,-1.0164777356071968,-1.3180126501578384
160,1547193600,211,347,136,558,2,-0.3649099176531727,-0.6631184858447222
160,1547208000,700,1150,450,1850,2,1.139445191446559,1.3562687702234073
160,1547222400,511,1030,519,1541,2,1.4700200402614685,0.8733038614578872
160,1547236800,732,1416,684,2148,2,2.2605251135145124,1.8220407534341678
160,1547251200,553,562,9,1115,2,-0.9733592770661216,0.20746874451901479
160,1547265600,177,81,0,258,2,-1.0164777356071968,-1.1320164555199845
160,1547280000,65,94,29,159,2,-0.8775404803081769,-1.2867527855128211
160,1547294400,188,535,347,723,2,0.6459783881431439,-0.4052246025233279
160,1547308800,409,755,346,1164,2,0.6411874483052467,0.28405541289930764
160,1547323200,447,791,344,1238,2,0.6316055686294523,0.3997169120858723
160,1547337600,388,414,26,802,2,-0.8919132998218686,-0.2817481371755089
160,1547352000,194,79,0,273,2,-1.0164777356071968,-1.1085715570362213
160,1547366400,55,48,0,103,2,-1.0164777356071968,-1.37428040651887
160,1547380800,164,395,231,559,2,0.09022936694706464,-0.6615554926124714
160,1547395200,391,350,0,741,2,-1.0164777356071968,-0.3770907243428122
160,1547409600,383,584,201,967,2,-0.05349882818985242,-0.023854253854114618
160,1547424000,284,168,0,452,2,-1.0164777356071968,-0.8287957684633148
160,1547438400,60,30,0,90,2,-1.0164777356071968,-1.3945993185381313
160,1547452800,201,385,184,586,2,-0.13494480543410542,-0.6193546753416977
160,1547467200,686,1075,389,1761,2,0.8471978613348278,1.2171623725530796
160,1547481600,424,783,359,1207,2,0.7034696661979107,0.3512641218860952
160,1547496000,734,1118,384,1852,2,0.8232431621453417,1.3593947566879092
160,1547510400,373,313,0,686,3,-1.0131845117935159,-0.3375686035946926
160,1547524800,73,39,0,112,3,-1.0131845117935159,-1.2622480599588386
160,1547539200,244,374,130,618,3,-0.33190527110477247,-0.4471125113172743
160,1547553600,694,1002,308,1696,3,0.6009232276844301,1.2894806140495365
160,1547568000,455,879,424,1334,3,1.2088339347605397,0.7063203994087336
160,1547582400,721,1357,636,2078,3,2.319843158037567,1.904859625079334
160,1547596800,428,357,0,785,3,-1.0131845117935159,-0.17808556146916912
160,1547611200,83,45,0,128,3,-1.0131845117935159,-1.2364730228476428
160,1547625600,235,364,129,599,3,-0.33714588064853207,-0.4777203678868192
160,1547640000,728,1122,394,1850,3,1.0516156484477526,1.5375653462447951
160,1547654400,472,812,340,1284,3,0.7686227330847362,0.625773408436247
160,1547668800,809,1239,430,2048,3,1.240277592023097,1.856531430495842
160,1547683200,482,464,0,946,3,-1.0131845117935159,0.08127574946223767
160,1547697600,81,48,0,129,3,-1.0131845117935159,-1.2348620830281931
160,1547712000,242,341,99,583,3,-0.494364166961319,-0.5034954049980149
160,1547726400,722,1131,409,1853,3,1.1302247916041461,1.5423981657031443
160,1547740800,486,796,310,1282,3,0.6114044467719492,0.6225515287973475
160,1547755200,768,1282,514,2050,3,1.6804887936989004,1.8597533101347414
160,1547769600,506,415,0,921,3,-1.0131845117935159,0.04100225397599438
160,1547784000,89,33,0,122,3,-1.0131845117935159,-1.2461386617643413
160,1547798400,206,350,144,556,3,-0.25853673749213857,-0.5469907801231577
160,1547812800,674,1087,413,1761,3,1.1511872297791843,1.394191702313769
160,1547827200,512,942,430,1454,3,1.240277592023097,0.8996331777427014
160,1547841600,682,1292,610,1974,3,2.1835873098998184,1.7373218838565618
160,1547856000,482,516,34,998,3,-0.8350037873056907,0.16504462007362372
160,1547870400,162,66,0,228,3,-1.0131845117935159,-1.0753790409026698
160,1547884800,63,96,33,159,3,-0.8402443968494503,-1.1865338884447012
160,1547899200,196,423,227,619,3,0.1764338546399053,-0.4455015714978246
160,1547913600,366,611,245,977,3,0.2707648264275775,0.13121488386517935
160,1547928000,444,706,262,1150,3,0.3598551886714901,0.40990747262998295
160,1547942400,338,294,0,632,3,-1.0131845117935159,-0.42455935384497806
160,1547956800,133,46,0,179,3,-1.0131845117935159,-1.1543150920557066
160,1547971200,46,47,1,93,3,-1.0079439022497563,-1.2928559165283835
160,1547985600,121,292,171,413,3,-0.11704027981063034,-0.7773551743044693
160,1548000000,314,473,159,787,3,-0.17992759433574512,-0.17486368183026968
160,1548014400,328,387,59,715,3,-0.7039885487117016,-0.29085134883065034
160,1548028800,242,136,0,378,3,-1.0131845117935159,-0.83373806798521
160,1548043200,62,19,0,81,3,-1.0131845117935159,-1.3121871943617802
160,1548057600,53,186,133,239,3,-0.3161834424734938,-1.0576587028887225
160,1548072000,275,610,335,885,3,0.7424196853659383,-0.01699157952419596
160,1548086400,346,725,379,1071,3,0.9730065052913591,0.2826432268934541
160,1548100800,399,761,362,1160,3,0.8839161430474466,0.42601687082448025
160,1548115200,235,205,0,440,4,-1.1147500660999325,-0.8694233053668342
160,1548129600,54,35,0,89,4,-1.1147500660999325,-1.3955527075965402
160,1548144000,199,349,150,548,4,-0.3573163499190034,-0.7075373354500015
160,1548158400,686,1088,402,1774,4,0.9151722932649575,1.1301682119392282
160,1548172800,429,810,381,1239,4,0.8091315729996275,0.328233083184548
160,1548187200,772,1231,459,2003,4,1.2029971054137107,1.4734264259295493
160,1548201600,433,383,0,816,4,-1.1147500660999325,-0.30582029898971314
160,1548216000,73,51,0,124,4,-1.1147500660999325,-1.3430896617901593
160,1548230400,226,351,125,577,4,-0.4835553026158249,-0.6640679546390001
160,1548244800,732,1021,289,1753,4,0.3445722270753243,1.0986903844553997
160,1548259200,500,957,457,1457,4,1.192897989197965,0.6550029113500065
160,1548273600,803,1217,414,2020,4,0.975766990559432,1.4989084767497916
160,1548288000,480,428,0,908,4,-1.1147500660999325,-0.1679174357272261
160,1548302400,100,53,0,153,4,-1.1147500660999325,-1.299620280979158
160,1548316800,206,321,115,527,4,-0.5340508836945536,-0.7390151629338301
160,1548331200,707,1033,326,1740,4,0.5314058770666201,1.079204110298744
160,1548345600,478,866,388,1344,4,0.8444784797547376,0.48562222060369087
160,1548360000,777,1301,524,2078,4,1.5312183824254466,1.585847238371794
160,1548374400,552,463,0,1015,4,-1.1147500660999325,-0.007530409976290046
160,1548388800,101,71,0,172,4,-1.1147500660999325,-1.2711403418271225
160,1548403200,214,380,166,594,4,-0.2765234201930376,-0.638585903818758
160,1548417600,738,1146,408,1884,4,0.9454696419121947,1.295052070187854
160,1548432000,528,971,443,1499,4,1.1222041756877448,0.7179585663176636
160,1548446400,797,1464,667,2261,4,2.2533051918512657,1.8601540207308715
160,1548460800,564,631,67,1195,4,-0.7764296728724508,0.26227953988509767
160,1548475200,162,82,0,244,4,-1.1147500660999325,-1.1632163618825675
160,1548489600,60,81,21,141,4,-1.0087093458346024,-1.317607610969917
160,1548504000,237,584,347,821,4,0.6374465973319502,-0.29832557816023014
160,1548518400,461,865,404,1326,4,0.9252714094807033,0.4586412256175521
160,1548532800,542,983,441,1525,4,1.1121050594719992,0.7569311146309752
160,1548547200,472,509,37,981,4,-0.9279164161086367,-0.058494511616774394
160,1548561600,177,83,0,260,4,-1.1147500660999325,-1.1392332552282218
160,1548576000,51,57,6,108,4,-1.0844527174526954,-1.367072768444505
160,1548590400,170,475,305,645,4,0.42536515680129006,-0.5621397513580315
160,1548604800,379,670,291,1049,4,0.35467134329107003,0.0434336916641943
160,1548619200,399,587,188,986,4,-0.16543314181983468,-0.0509997907872914
160,1548633600,274,186,0,460,4,-1.1147500660999325,-0.8394444220489022
160,1548648000,69,35,0,104,4,-1.1147500660999325,-1.3730685451080913
160,1548662400,221,368,147,589,4,-0.37246502424262196,-0.646080624648241
160,1548676800,715,1203,488,1918,4,1.3494342905420236,1.3460161718283383
160,1548691200,520,879,359,1399,4,0.6980412946264245,0.5680641497280038
160,1548705600,809,1266,457,2075,4,1.192897989197965,1.5813504058741041
160,1548720000,444,417,0,861,5,-1.1054776805764392,-0.28391905628480546
160,1548734400,66,38,0,104,5,-1.1054776805764392,-1.4351653865384857
160,1548748800,230,413,183,643,5,-0.18041492032488654,-0.6154536665824307
160,1548763200,747,1271,524,2018,5,1.5433359061547827,1.475647659836077
160,1548777600,581,906,325,1487,5,0.5373933417282308,0.6681023475973661
160,1548792000,866,1105,239,1971,5,0.10266439428761046,1.4041700144966809
160,1548806400,478,422,0,900,5,-1.1054776805764392,-0.22460781866275326
160,1548820800,80,52,0,132,5,-1.1054776805764392,-1.3925829595277817
160,1548835200,231,315,84,546,5,-0.6808587086576937,-0.7629713601552273
160,1548849600,741,1197,456,1938,5,1.1995967384110364,1.3539835826626367
160,1548864000,576,982,406,1558,5,0.946847350364164,0.7760792160887945
160,1548878400,817,1109,292,1926,5,0.37057874561729515,1.3357339710866205
160,1548892800,455,379,0,834,5,-1.1054776805764392,-0.32498068233084165
160,1548907200,68,62,0,130,5,-1.1054776805764392,-1.3956245614571177
160,1548921600,218,352,134,570,5,-0.42810932061082146,-0.7264721370031951
160,1548936000,685,1117,432,1802,5,1.0782770321485375,1.147154651467788
160,1548950400,477,925,448,1402,5,1.1591568363235367,0.5388342656005856
160,1548964800,730,1202,472,1932,5,1.2804765425860356,1.3448587768746285
160,1548979200,455,410,0,865,5,-1.1054776805764392,-0.27783585242613346
160,1548993600,79,18,0,97,5,-1.1054776805764392,-1.4458109932911618
160,1549008000,176,408,232,584,5,0.06727947996104833,-0.705180923497843
160,1549022400,664,1187,523,1851,5,1.5382809183938453,1.22167389873652
160,1549036800,536,1003,467,1539,5,1.2552016037813483,0.7471839977601024
160,1549051200,729,1296,567,2025,5,1.7607003798750929,1.4862932665887532
160,1549065600,532,568,36,1100,5,-0.9234981211826913,0.07955237427084788
160,1549080000,190,85,0,275,5,-1.1054776805764392,-1.1751084215802567
160,1549094400,57,101,44,158,5,-0.8830582190951917,-1.3530421344464134
160,1549108800,251,579,328,830,5,0.5525583050110432,-0.33106388618951366
160,1549123200,477,852,375,1329,5,0.7901427297751031,0.4278157951798212
160,1549137600,572,1026,454,1598,5,1.1894867628891614,0.8369112546755147
160,1549152000,484,480,0,964,5,-1.1054776805764392,-0.1272765569240009
160,1549166400,207,78,0,285,5,-1.1054776805764392,-1.1599004119335767
160,1549180800,47,71,24,118,5,-0.9841579743139406,-1.4138741730331337
160,1549195200,193,461,268,654,5,0.2492590393547964,-0.5987248559710826
160,1549209600,402,626,224,1028,5,0.026839577873548754,-0.02994529518524852
160,1549224000,473,666,193,1139,5,-0.12986504271551208,0.1388636118929001
160,1549238400,369,230,0,599,5,-1.1054776805764392,-0.682368909027823
160,1549252800,82,76,0,158,5,-1.1054776805764392,-1.3530421344464134
160,1549267200,237,366,129,603,5,-0.4533842594155087,-0.676285705169151
160,1549281600,750,1220,470,1970,5,1.2703665670641606,1.4026492135320128
160,1549296000,528,964,436,1492,5,1.0984969831922875,0.6757063524207061
160,1549310400,784,1204,420,1988,5,1.0176171790172883,1.430023630896037
160,1549324800,457,403,0,860,6,-1.0532356731037864,-0.3531804814102977
160,1549339200,72,42,0,114,6,-1.0532356731037864,-1.4045677349539982
160,1549353600,233,384,151,617,6,-0.3463975102652453,-0.6956564902723879
160,1549368000,729,1188,459,1917,6,1.0953651000279379,1.1365196888252138
160,1549382400,548,1072,524,1620,6,1.3996331833690316,0.7179379002159925
160,1549396800,875,1349,474,2224,6,1.1655808115681903,1.5691951403505704
160,1549411200,559,541,0,1100,6,-1.0532356731037864,-0.014932571423048187
160,1549425600,70,55,0,125,6,-1.0532356731037864,-1.3890647057462493
160,1549440000,243,366,123,609,6,-0.4774668384737165,-0.7069314206052961
160,1549454400,762,1297,535,2059,6,1.4511247051652167,1.3366497022343364
160,1549468800,566,1093,527,1659,6,1.4136763256770821,0.7729031855889205
160,1549483200,852,1252,400,2104,6,0.8191833013029449,1.4000711853569456
160,1549497600,506,405,0,911,6,-1.0532356731037864,-0.28130280053800716
160,1549512000,77,56,0,133,6,-1.0532356731037864,-1.377789775413341
160,1549526400,258,383,125,641,6,-0.46810474360168286,-0.6618316992736629
160,1549540800,789,1301,512,2090,6,1.3434606141368297,1.380340057274356
160,1549555200,590,1072,482,1662,6,1.2030291910563249,0.7771312844637611
160,1549569600,880,1355,475,2235,6,1.170261859004207,1.5846981695583193
160,1549584000,574,460,0,1034,6,-1.0532356731037864,-0.1079507466695418
160,1549598400,81,28,0,109,6,-1.0532356731037864,-1.411614566412066
160,1549612800,187,390,203,577,6,-0.10298304359237023,-0.7520311419369294
160,1549627200,777,1135,358,1912,6,0.6225793089902382,1.129472857367146
160,1549641600,604,982,378,1586,6,0.7162002577105747,0.6700194463011321
160,1549656000,810,1450,640,2260,6,1.9426346859469839,1.6199323268486578
160,1549670400,600,621,21,1221,6,-0.954933676947433,0.1556007498621901
160,1549684800,191,78,0,269,6,-1.0532356731037864,-1.1861159597538997
160,1549699200,70,113,43,183,6,-0.8519506333550628,-1.307321460832664
160,1549713600,273,557,284,830,6,0.2761817987249929,-0.39546147015870386
160,1549728000,510,803,293,1313,6,0.3183112256491443,0.2852624486906358
160,1549742400,618,1032,414,1650,6,0.8847179654071806,0.7602188889643986
160,1549756800,492,490,0,982,6,-1.0532356731037864,-0.18123779383344588
160,1549771200,209,111,0,320,6,-1.0532356731037864,-1.1142382788816092
160,1549785600,62,79,17,141,6,-0.9736578666915003,-1.3665148450804327
160,1549800000,176,463,287,639,6,0.29022494103304336,-0.66465043185689
160,1549814400,432,684,252,1116,6,0.12638828077245437,0.007617289242768447
160,1549828800,520,573,53,1093,6,-0.8051401589948944,-0.024798135464342966
160,1549843200,353,199,0,552,6,-1.0532356731037864,-0.787265299227268
160,1549857600,77,51,0,128,6,-1.0532356731037864,-1.3848366068714086
160,1549872000,240,333,93,573,6,-0.6178982615542213,-0.7576686071033836
160,1549886400,711,1272,561,1983,6,1.5728319385016543,1.2295378640717074
160,1549900800,526,971,445,1497,6,1.0298304359237023,0.544585846347527
160,1549915200,838,1159,321,1997,6,0.44938055385761555,1.249268992154297
160,1549929600,501,402,0,903,7,-1.2026342727222532,-0.15764791414211216
160,1549944000,77,48,0,125,7,-1.2026342727222532,-1.3136854461231844
160,1549958400,226,379,153,605,7,-0.5064692572720055,-0.6004489225358906
160,1549972800,664,1171,507,1835,7,1.1042654843579793,1.2272196691565502
160,1549987200,515,830,315,1345,7,0.23064664144002142,0.49912405132785437
160,1550001600,737,1214,477,1951,7,0.9677625401520483,1.399585162356813
160,1550016000,522,368,0,890,7,-1.2026342727222532,-0.1769647366559347
160,1550030400,73,27,0,100,7,-1.2026342727222532,-1.3508331817266894
160,1550044800,263,379,116,642,7,-0.6748228884593203,-0.5454702738427033
160,1550059200,802,1312,510,2114,7,1.1179157787785723,1.6417883984916648
160,1550073600,596,1072,476,1668,7,0.9632124420118506,0.9790727953251376
160,1550088000,867,1358,491,2225,7,1.031463914114816,1.8067243445712267
160,1550102400,586,415,0,1001,7,-1.2026342727222532,-0.012028790576372982
160,1550116800,98,58,0,156,7,-1.2026342727222532,-1.2676222539748383
160,1550131200,275,414,139,689,7,-0.5701706312347733,-0.475632530908114
160,1550145600,764,1250,486,2014,7,1.0087134234138275,1.4931974560776453
160,1550160000,609,1040,431,1649,7,0.7584580257029543,0.9508405162664738
160,1550174400,858,1327,469,2185,7,0.9313617550304667,1.7472879676056188
160,1550188800,582,496,0,1078,7,-1.2026342727222532,0.10238623508242209
160,1550203200,134,74,0,208,7,-1.2026342727222532,-1.1903549639195483
160,1550217600,236,407,171,643,7,-0.42456749074844696,-0.543984364418563
160,1550232000,706,1141,435,1847,7,0.776658418263745,1.2450505822462326
160,1550246400,612,1077,465,1689,7,0.9131613624696759,1.0102768932320816
160,1550260800,812,1404,592,2216,7,1.4910238262747835,1.7933511597539649
160,1550275200,589,585,0,1174,7,-1.2026342727222532,0.24503353979988088
160,1550289600,85,98,13,183,7,-1.1434829968996831,-1.2275026995230531
160,1550304000,19,74,55,93,7,-0.9523788750113799,-1.3612345476956706
160,1550318400,139,649,510,788,7,1.1179157787785723,-0.32852749791823466
160,1550332800,297,722,425,1019,7,0.731157436861768,0.014717579058150543
160,1550347200,405,881,476,1286,7,0.9632124420118506,0.4114553953035828
160,1550361600,323,566,243,889,7,-0.09696042465421277,-0.1784506460800749
160,1550376000,97,95,0,192,7,-1.2026342727222532,-1.2141295147057913
160,1550390400,12,62,50,74,7,-0.9751293657123683,-1.3894668267543344
160,1550404800,96,552,456,648,7,0.8722104792078967,-0.536554817297862
160,1550419200,246,836,590,1082,7,1.481923629994388,0.10832987277898287
160,1550433600,342,854,512,1196,7,1.1270159750589677,0.2777235471309652
160,1550448000,226,288,62,514,7,-0.9205281880299959,-0.7356666801326484
160,1550462400,40,46,6,86,7,-1.1753336838810668,-1.371635913664652
160,1550476800,20,196,176,216,7,-0.40181700004745846,-1.1784676885264267
160,1550491200,153,650,497,803,7,1.0587645029560022,-0.30623885655613176
160,1550505600,304,798,494,1102,7,1.0451142085354093,0.1380480612617868
160,1550520000,478,781,303,1259,7,0.17604546375764904,0.3713358408517975
160,1550534400,292,266,0,558,8,-1.1108551253168957,-0.8726774321534757
160,1550548800,23,24,1,47,8,-1.1063751180899413,-1.5673302541129894
160,1550563200,233,331,98,564,8,-0.6718144170753667,-0.8645210389406438
160,1550577600,730,1042,312,1772,8,0.28690712949286984,0.7776327945761713
160,1550592000,536,1103,567,1639,8,1.4293089723662358,0.596832745025065
160,1550606400,837,1160,323,1997,8,0.33618720898936794,1.083497540057366
160,1550620800,490,412,0,902,8,-1.1108551253168957,-0.4050442212844489
160,1550635200,85,25,0,110,8,-1.1108551253168957,-1.4816881253782548
160,1550649600,221,345,124,566,8,-0.555334229174553,-0.8618022412030332
160,1550664000,754,1201,447,1955,8,0.8917081051317106,1.026402787567543
160,1550678400,489,1002,513,1491,8,1.1873885821106993,0.395641712441879
160,1550692800,839,1160,321,1999,8,0.32722719453545923,1.0862163377949767
160,1550707200,527,417,0,944,8,-1.1108551253168957,-0.34794946879462585
160,1550721600,79,54,0,133,8,-1.1108551253168957,-1.4504219513957326
160,1550736000,244,384,140,628,8,-0.4836541135432829,-0.777519511337104
160,1550750400,774,1281,507,2055,8,1.160508538748973,1.162342674448074
160,1550764800,616,951,335,1567,8,0.3899472957128205,0.4989560264710826
160,1550779200,850,1341,491,2191,8,1.0888284231177032,1.3472209206055963
160,1550793600,601,494,0,1095,8,-1.1108551253168957,-0.14268023960502393
160,1550808000,103,47,0,150,8,-1.1108551253168957,-1.4273121706260423
160,1550822400,213,356,143,569,8,-0.4702140918624198,-0.8577240445966172
160,1550836800,723,1153,430,1876,8,0.8155479822734862,0.9190102769319235
160,1550851200,566,1205,639,1771,8,1.751869492706951,0.776273395707366
160,1550865600,830,1390,560,2220,8,1.3979489217775551,1.3866434878009504
160,1551484800,9881,7885,0,17766,9,-0.8887463482579923,4.086073404354598
160,1551499200,232,88,0,320,9,-0.8887463482579923,-0.38586231220077294
160,1551513600,72,91,19,163,9,-0.7787784571204258,-0.42610614502773575
160,1551528000,292,663,371,955,9,1.2585214207965927,-0.223092669875159
160,1551542400,545,777,232,1322,9,0.4540194803691336,-0.129019506515316
160,1551556800,720,952,232,1672,9,0.4540194803691336,-0.03930395562718234
160,1551571200,618,496,0,1114,9,-0.8887463482579923,-0.18233617675740685
160,1551585600,245,114,0,359,9,-0.8887463482579923,-0.3758654365303809
160,1551600000,70,91,21,161,9,-0.767202889632261,-0.4266188053185251
160,1551614400,215,506,291,721,9,0.7954987212699975,-0.28307392389751124
160,1551628800,472,850,378,1322,9,1.2990359070051696,-0.129019506515316
160,1551643200,557,653,96,1210,9,-0.3331191088260781,-0.15772848279951876
160,1551657600,361,206,0,567,9,-0.8887463482579923,-0.32254876628829005
160,1551672000,141,59,0,200,9,-0.8887463482579923,-0.41662192964813305
160,1551686400,206,249,43,455,9,-0.6398716472624474,-0.3512577425724928
160,1551700800,691,810,119,1501,9,-0.20000008271218198,-0.0831364104896705
160,1551715200,397,887,490,1284,9,1.9472676863424028,-0.13876005204031336
160,1551729600,646,1118,472,1764,9,1.843087578948919,-0.015721582250872924
160,1551744000,437,414,0,851,10,-0.9839241574580901,-0.4325850288593182
160,1551758400,92,41,0,133,10,-0.9839241574580901,-1.4730248223097564
160,1551772800,256,354,98,610,10,-0.5176222769632716,-0.7818134274965822
160,1551787200,721,1294,573,2015,10,1.7425143887003898,1.2541446641438991
160,1551801600,589,1022,433,1611,10,1.0763688451363633,0.6687161452664938
160,1551816000,883,1224,341,2107,10,0.6386160593657173,1.3874600694328134
160,1551830400,642,433,0,1075,10,-0.9839241574580901,-0.10799099859065779
160,1551844800,90,22,0,112,10,-0.9839241574580901,-1.5034555126474434
160,1551859200,236,392,156,628,10,-0.24164769462960345,-0.7557299786357078
160,1551873600,761,1183,422,1944,10,1.0240288381420468,1.151259949192672
160,1551888000,579,1101,522,1680,10,1.499847083544923,0.7687026992331795
160,1551902400,927,1326,399,2253,10,0.9145906416993854,1.599025821304351
160,1551916800,608,442,0,1050,10,-0.9839241574580901,-0.14421801089742792
160,1551931200,109,39,0,148,10,-0.9839241574580901,-1.4512886149256943
160,1551945600,247,429,182,676,10,-0.11793495082485568,-0.6861741150067091
160,1551960000,766,1212,446,1978,10,1.1382252170387372,1.2005286859298794
160,1551974400,565,1060,495,1625,10,1.3713761572861465,0.6890032721582852
160,1551988800,887,1313,426,2200,10,1.043061567958162,1.5222245552139981
160,1552003200,642,458,0,1100,10,-0.9839241574580901,-0.07176398628388767
160,1552017600,139,56,0,195,10,-0.9839241574580901,-1.3831818317889666
160,1552032000,225,421,196,646,10,-0.051320396468453024,-0.7296465297748332
160,1552046400,746,1228,482,1974,10,1.3095197853837726,1.1947323639607963
160,1552060800,635,1190,555,1825,10,1.656867104527872,0.9788193706124462
160,1552075200,838,1457,619,2295,10,1.9613907815857128,1.6598872019797246
160,1552089600,696,695,0,1391,10,-0.9839241574580901,0.3499184369669167
160,1552104000,274,67,0,341,10,-0.9839241574580901,-1.1716160799174289
160,1552118400,80,104,24,184,10,-0.8697277785613999,-1.3991217172039454
160,1552132800,314,603,289,917,10,0.39119057175622174,-0.33694571636944504
160,1552147200,605,858,253,1463,10,0.21989600341118634,0.4542522324104147
160,1552161600,761,878,117,1639,10,-0.42721681033672515,0.7092903990500764
160,1552176000,696,558,0,1254,10,-0.9839241574580901,0.15139440952581637
160,1552194000,232,80,0,312,10,-0.9839241574580901,-1.2136394141932823
160,1552208400,72,93,21,165,10,-0.8840023259234862,-1.4266542465570906
160,1552222800,264,509,245,773,10,0.18183054377895624,-0.545613307256441
160,1552237200,526,582,56,1108,10,-0.7174659400324795,-0.06017134234572122
160,1552251600,502,692,190,1194,10,-0.07986949119262558,0.06444957998956805
160,1552266000,376,146,0,522,10,-0.9839241574580901,-0.9093325108164131
160,1552280400,56,27,0,83,10,-0.9839241574580901,-1.5454788469232967
160,1552294800,552,538,0,1090,10,-0.9839241574580901,-0.08625479120659571
160,1552309200,554,1118,564,1672,10,1.6996907466141309,0.757110055295013
160,1552323600,622,969,347,1591,10,0.6671651540898899,0.6397345354210777
160,1552338000,808,1042,234,1850,10,0.1294905367846399,1.0150463829192162
160,1552352400,426,296,0,722,11,-1.048210150333457,-0.6693907583384687
160,1552366800,47,28,0,75,11,-1.048210150333457,-1.646508531602841
160,1552381200,556,658,102,1214,11,-0.5957179814470674,0.07364161329378952
160,1552395600,598,1111,513,1709,11,1.2275592873010317,0.8212046701189274
160,1552410000,715,1142,427,1857,11,0.8460462821615268,1.0447184729676555
160,1552424400,871,1165,294,2036,11,0.2560319835155482,1.3150493561428063
160,1552438800,477,350,0,827,11,-1.048210150333457,-0.5108167765876819
160,1552453200,45,44,0,89,11,-1.048210150333457,-1.6253653340360692
160,1552467600,567,677,110,1244,11,-0.5602283995736251,0.11894846522258576
160,1552482000,593,1211,618,1804,11,1.693360049389962,0.9646763678934488
160,1552496400,646,1196,550,1842,11,1.3916986034657024,1.0220650470032573
160,1552510800,805,1297,492,2102,11,1.1343991348832456,1.4147244303861581
160,1552525200,510,415,0,925,11,-1.048210150333457,-0.3628143936202809
160,1552539600,62,43,0,105,11,-1.048210150333457,-1.6012016796740447
160,1552554000,522,635,113,1157,11,-0.5469198063710843,-0.01244140537092333
160,1552568400,626,1259,633,1885,11,1.7599030154026665,1.0870048681011986
160,1552582800,632,1176,544,1808,11,1.3650814170606207,0.970717281483955
160,1552597200,846,1166,320,2012,11,0.37137312460423577,1.2788038745997694
160,1552611600,521,390,0,911,11,-1.048210150333457,-0.38395759118705247
160,1552626000,72,62,0,134,11,-1.048210150333457,-1.557405056142875
160,1552640400,474,600,126,1074,11,-0.4892492358267405,-0.13779036237392625
160,1552654800,593,1181,588,1774,11,1.5602741173645536,0.9193695159646526
160,1552669200,655,1145,490,1800,11,1.1255267394148851,0.9586354543029426
160,1552683600,776,1389,613,2165,11,1.6711790607190606,1.50986881943663
160,1552698000,663,402,0,1065,11,-1.048210150333457,-0.15138241795256513
160,1552712400,147,50,0,197,11,-1.048210150333457,-1.4622606670924028
160,1552726800,115,241,126,356,11,-0.4892492358267405,-1.222134351869783
160,1552741200,410,847,437,1257,11,0.8904082595033297,0.1385814343917308
160,1552755600,762,1052,290,1814,11,0.23828719257882705,0.9797786518697142
160,1552770000,732,896,164,1628,11,-0.3206737219278895,0.6988761699111775
160,1552784400,621,449,0,1070,11,-1.048210150333457,-0.1438312759644324
160,1552798800,149,51,0,200,11,-1.048210150333457,-1.4577299818995233
160,1552813200,74,130,56,204,11,-0.7997830772193608,-1.4516890683090171
160,1552827600,282,564,282,846,11,0.2027976107053847,-0.48212243703277763
160,1552842000,493,840,347,1333,11,0.49115046342710356,0.2533587926113479
160,1552856400,441,706,265,1147,11,0.1273822492243198,-0.02754368934718874
160,1552870800,320,160,0,480,11,-1.048210150333457,-1.0348660305640918
160,1552885200,43,23,0,66,11,-1.048210150333457,-1.6601005871814798
160,1552899600,494,572,78,1066,11,-0.7021867270673945,-0.14987218955493858
160,1552914000,522,1010,488,1532,11,1.1166543439465244,0.5538942437390296
160,1552928400,558,935,377,1493,11,0.6242363954525123,0.49499533623159453
160,1552942800,717,1198,481,1915,11,1.0856009598072625,1.1323117200299948
160,1552957200,355,305,0,660,12,-1.0438046362979518,-0.6551369652934412
160,1552971600,43,37,0,80,12,-1.0438046362979518,-1.5828858592911288
160,1552986000,527,563,36,1090,12,-0.8743026912778141,0.03267686991174106
160,1553000400,513,944,431,1457,12,0.9855103165820314,0.619717980424071
160,1553014800,605,961,356,1566,12,0.6323812644567443,0.7940707898132916
160,1553029200,762,1229,467,1991,12,1.1550122616021692,1.4738867897253904
160,1553043600,413,305,0,718,12,-1.0438046362979518,-0.5623620758936724
160,1553058000,43,39,0,82,12,-1.0438046362979518,-1.5796867251738955
160,1553072400,539,567,28,1106,12,-0.9119697901711781,0.058269942849608306
160,1553086800,532,1014,482,1546,12,1.2256380720272266,0.7620794486409576
160,1553101200,601,966,365,1567,12,0.6747567507117788,0.7956703568719083
160,1553115600,766,1322,556,2088,12,1.5740587367908432,1.6290447944112105
160,1553130000,459,332,0,791,12,-1.0438046362979518,-0.4455936806146531
160,1553144400,52,34,0,86,12,-1.0438046362979518,-1.5732884569394288
160,1553158800,504,572,68,1076,12,-0.7236342957043583,0.01028293109110722
160,1553173200,516,1026,510,1542,12,1.3574729181540004,0.7556811804064908
160,1553187600,598,996,398,1594,12,0.830133533646905,0.8388586674545593
160,1553202000,826,1073,247,1899,12,0.11916704203466032,1.3267266203326538
160,1553216400,440,350,0,790,12,-1.0438046362979518,-0.4471932476732698
160,1553230800,54,42,0,96,12,-1.0438046362979518,-1.5572927863532617
160,1553245200,429,584,155,1013,12,-0.31400459523902524,-0.09048979360174507
160,1553259600,524,1018,494,1542,12,1.2821387203672725,0.7556811804064908
160,1553274000,657,1189,532,1846,12,1.4610574401107514,1.2419495662259685
160,1553288400,753,1415,662,2168,12,2.0731477971279157,1.7570101591005467
160,1553302800,557,451,0,1008,12,-1.0438046362979518,-0.09848762889482858
160,1553317200,107,49,0,156,12,-1.0438046362979518,-1.4613187628362594
160,1553331600,91,211,120,302,12,-0.47879815289749256,-1.2277819722782208
160,1553346000,305,703,398,1008,12,0.830133533646905,-0.09848762889482858
160,1553360400,531,892,361,1423,12,0.6559232012650967,0.5653327004311032
160,1553374800,554,818,264,1372,12,0.19920962718305874,0.48375478044165127
160,1553389200,484,433,0,917,12,-1.0438046362979518,-0.24404823122894853
160,1553403600,98,53,0,151,12,-1.0438046362979518,-1.469316598129343
160,1553418000,57,126,69,183,12,-0.7189259083426878,-1.4181304522536085
160,1553432400,233,598,365,831,12,0.6747567507117788,-0.381610998269985
160,1553446800,438,829,391,1267,12,0.7971748221152116,0.3158002392868975
160,1553461200,463,619,156,1082,12,-0.30929620787735473,0.019880333442807437
160,1553475600,303,163,0,466,12,-1.0438046362979518,-0.9654529746650815
160,1553490000,35,27,0,62,12,-1.0438046362979518,-1.6116780663462296
160,1553504400,506,616,110,1122,12,-0.5258820265141975,0.08386301578747556
160,1553518800,555,1077,522,1632,12,1.4139735664940465,0.8996422156819941
160,1553533200,595,1051,456,1646,12,1.1032200006237938,0.9220361545026279
160,1553547600,794,1106,312,1900,12,0.4252122205432425,1.3283261873912704
160,1553562000,346,275,0,621,13,-1.0071815100322792,-0.7960365967173902
160,1553576400,39,45,6,84,13,-0.9806628870536841,-1.6008514345497382
160,1553590800,564,622,58,1186,13,-0.7508348212391927,0.050742515713292545
160,1553605200,553,1134,581,1687,13,1.5607051483950196,0.8016032862049245
160,1553619600,687,1109,422,1796,13,0.8579616394622477,0.9649642123198704
160,1553634000,879,1234,355,2113,13,0.5618370162012684,1.4400597497367313
160,1553648400,452,363,0,815,13,-1.0071815100322792,-0.5052841227146425
160,1553662800,39,37,0,76,13,-1.0071815100322792,-1.6128412272921195
160,1553677200,616,648,32,1264,13,-0.8657488541464383,0.1676429949515107
160,1553691600,610,1303,693,1913,13,2.055719443995463,1.1403149311771976
160,1553706000,707,985,278,1692,13,0.22151468797596363,0.8090969066689129
160,1553720400,870,1143,273,2013,13,0.19941583549380099,1.2901873404569646
160,1553734800,453,362,0,815,13,-1.0071815100322792,-0.5052841227146425
160,1553749200,52,50,0,102,13,-1.0071815100322792,-1.5738744008793804
160,1553763600,566,665,99,1231,13,-0.569624230885459,0.11818509988918763
160,1553778000,622,1312,690,1934,13,2.0424601325061653,1.1717881371259486
160,1553792400,660,1152,492,1812,13,1.1673455742125245,0.9889437978046332
160,1553806800,865,1153,288,2018,13,0.2657123929402889,1.2976809609209528
160,1553821200,511,378,0,889,13,-1.0071815100322792,-0.39437853984761506
160,1553835600,58,56,0,114,13,-1.0071815100322792,-1.5558897117658081
160,1553850000,457,563,106,1020,13,-0.5386858374104313,-0.19804568369112044
160,1553864400,620,1129,509,1749,13,1.2424816726518775,0.89452417995838
160,1553878800,687,1168,481,1855,13,1.118728098751767,1.053388933794933
160,1553893200,755,1501,746,2256,13,2.289967280306387,1.654377295006798
160,1553907600,594,462,0,1056,13,-1.0071815100322792,-0.14409161635040438
160,1553922000,124,67,0,191,13,-1.0071815100322792,-1.4404879566203876
160,1553936400,93,236,143,329,13,-0.3751543290424277,-1.2336640318143095
160,1553950800,340,793,453,1133,13,0.9949745248516562,-0.028689861204983895
160,1553965200,563,876,313,1439,13,0.37620665535110215,0.4299197111911027
160,1553979600,637,933,296,1570,13,0.30107055691174917,0.6262525673475973
160,1553994000,545,440,0,985,13,-1.0071815100322792,-0.25050102693903886
160,1554008400,123,72,0,195,13,-1.0071815100322792,-1.434493060249197
160,1554022800,70,151,81,221,13,-0.6491800998212445,-1.3955262338364578
160,1554037200,280,648,368,928,13,0.6192940326548912,-0.33592830022850595
160,1554051600,503,717,214,1220,13,-0.061350623795718186,0.10169913486841328
160,1554066000,410,692,282,1102,13,0.23919376996169375,-0.07515030808171162
160,1554080400,310,172,0,482,13,-1.0071815100322792,-1.0043592456162662
160,1554094800,33,36,3,69,13,-0.9939221985429817,-1.6233322959417034
160,1554109200,520,672,152,1192,13,-0.33537639457453494,0.05973486027007856
160,1554123600,530,1064,534,1594,13,1.3529759350626909,0.6622219455747413
160,1554138000,639,989,350,1628,13,0.5397381637191057,0.7131785647298621
160,1554152400,864,1137,273,2001,13,0.19941583549380099,1.2722026513433924
160,1554166800,396,294,0,690,14,-1.1382555530810068,-0.7122545137900154
160,1554181200,32,41,9,73,14,-1.0937933644828233,-1.641768713838082
160,1554195600,568,692,124,1260,14,-0.5256653990615913,0.14645390440673994
160,1554210000,592,1076,484,1668,14,1.252822144865744,0.7611083511159964
160,1554224400,676,976,300,1652,14,0.34381740019177254,0.7370042551666138
160,1554238800,960,1238,278,2198,14,0.2351320502851021,1.5595565294392952
160,1554253200,451,298,0,749,14,-1.1382555530810068,-0.623370659976667
160,1554267600,41,46,5,87,14,-1.1135543371931271,-1.6206776298823724
160,1554282000,569,760,191,1329,14,-0.1946691061640039,0.25040281818845245
160,1554296400,675,1188,513,1863,14,1.3960891970154456,1.054877020499097
160,1554310800,798,1176,378,1974,14,0.7291563680426951,1.2220991861479387
160,1554325200,866,1040,174,1906,14,-0.27865324018279475,1.1196567783630627
160,1554339600,436,336,0,772,14,-1.1382555530810068,-0.5887210220494296
160,1554354000,51,52,1,103,14,-1.1333153099034308,-1.5965735339329896
160,1554368400,536,669,133,1205,14,-0.4812032104634079,0.06359607458073724
160,1554382800,630,1212,582,1842,14,1.7369659762681848,1.0232403945655322
160,1554397200,706,1137,431,1843,14,0.9909892564542195,1.0247469005623686
160,1554411600,911,1208,297,2119,14,0.32899667065904475,1.4405425556892186
160,1554426000,565,386,0,951,14,-1.1382555530810068,-0.31905644861571164
160,1554440400,50,48,0,98,14,-1.1382555530810068,-1.6041060639171718
160,1554454800,467,652,185,1119,14,-0.2243105652294595,-0.06596344114719427
160,1554469200,609,1196,587,1805,14,1.7616671921560645,0.967499672682585
160,1554483600,686,978,292,1664,14,0.3042954547711651,0.7550823271286508
160,1554498000,851,1309,458,2160,14,1.1243758222487696,1.5023093015595115
160,1554512400,504,404,0,908,14,-1.1382555530810068,-0.38383620647967737
160,1554526800,114,40,0,154,14,-1.1382555530810068,-1.5197417280943326
160,1554541200,88,287,199,375,14,-0.15514716074339646,-1.1868039027934854
160,1554555600,351,916,565,1267,14,1.652981842249394,0.15699944638459484
160,1554570000,551,1033,482,1584,14,1.242941658510592,0.6345618473817377
160,1554584400,601,1013,412,1614,14,0.8971246360802768,0.6797570272868301
160,1554598800,570,444,0,1014,14,-1.1382555530810068,-0.2241465708150176
160,1554613200,130,84,0,214,14,-1.1382555530810068,-1.4293513682841479
160,1554627600,69,166,97,235,14,-0.6590519648561414,-1.3977147423505831
160,1554642000,290,777,487,1067,14,1.2676428743984716,-0.14430175298268774
160,1554656400,461,859,398,1320,14,0.8279612315942138,0.23684426421692473
160,1554670800,457,681,224,1138,14,-0.03164108130399819,-0.03733982720730242
160,1554685200,290,186,0,476,14,-1.1382555530810068,-1.0346467971130078
160,1554699600,46,32,0,78,14,-1.1382555530810068,-1.6342361838539001
160,1554714000,533,699,166,1232,14,-0.3181751856034022,0.10427173649532039
160,1554728400,530,1016,486,1546,14,1.2627026312208958,0.5773146195019541
160,1554742800,584,911,327,1495,14,0.4772039659863227,0.5004828136632969
160,1554757200,789,1201,412,1990,14,0.8971246360802768,1.2462032820973212
160,1554771600,401,239,0,640,15,-1.0421655308655022,-0.7489907871313626
160,1554786000,39,46,7,85,15,-1.0107434545579996,-1.564449696427582
160,1554800400,532,595,63,1127,15,-0.759366844097979,-0.033443960415580766
160,1554814800,591,1252,661,1843,15,1.9249762461715274,1.0185714973431457
160,1554829200,688,954,266,1642,15,0.15187336881959584,0.7232431355980283
160,1554843600,865,1263,398,2128,15,0.744403950618216,1.4373206669817449
160,1554858000,463,267,0,730,15,-1.0421655308655022,-0.6167542072454891
160,1554872400,51,26,0,77,15,-1.0421655308655022,-1.5762040590841042
160,1554886800,573,707,134,1280,15,-0.44065721297902427,0.19135822539040406
160,1554901200,592,1192,600,1784,15,1.651155295491862,0.9318830727512953
160,1554915600,697,1095,398,1792,15,0.744403950618216,0.9436374354078174
160,1554930000,902,1300,398,2202,15,0.744403950618216,1.5460485215545743
160,1554944400,469,395,0,864,15,-1.0421655308655022,-0.41986863274874425
160,1554958800,41,33,0,74,15,-1.0421655308655022,-1.5806119450803
160,1554973200,572,755,183,1327,15,-0.22070267882650618,0.2604151059974713
160,1554987600,619,1227,608,1846,15,1.6870662398432936,1.0229793833393415
160,1555002000,677,1077,400,1754,15,0.7533816867060739,0.8878042127893375
160,1555016400,915,1264,349,2179,15,0.5244494164656979,1.5122547289170731
160,1555030800,469,343,0,812,15,-1.0421655308655022,-0.4962719900161378
160,1555045200,57,20,0,77,15,-1.0421655308655022,-1.5762040590841042
160,1555059600,476,609,133,1085,15,-0.4451460810229532,-0.0951543643623217
160,1555074000,558,1197,639,1755,15,1.8262211492050906,0.8892735081214028
160,1555088400,748,1129,381,1877,15,0.668093193871424,1.0685275386333646
160,1555102800,817,1482,665,2299,15,1.9429317183472432,1.6885701687649044
160,1555117200,509,399,0,908,15,-1.0421655308655022,-0.35521963813787283
160,1555131600,109,41,0,150,15,-1.0421655308655022,-1.4689454998433402
160,1555146000,124,241,117,365,15,-0.5169679697258163,-1.1530470034493092
160,1555160400,362,884,522,1246,15,1.3010235880654046,0.1414021841001852
160,1555174800,600,964,364,1564,15,0.591782437124632,0.608638099696938
160,1555189200,578,925,347,1503,15,0.51547168037784,0.5190110844409571
160,1555203600,495,416,0,911,15,-1.0421655308655022,-0.35081175214167704
160,1555218000,143,78,0,221,15,-1.0421655308655022,-1.3646255312667066
160,1555232400,72,151,79,223,15,-0.687544955395116,-1.3616869406025762
160,1555246800,257,653,396,910,15,0.7354262145303581,-0.3522810474737423
160,1555261200,470,769,299,1239,15,0.3000060142692509,0.1311171167757284
160,1555275600,485,563,78,1048,15,-0.692033823439045,-0.14951829164873634
160,1555290000,260,177,0,437,15,-1.0421655308655022,-1.0472577395406104
160,1555304400,37,31,0,68,15,-1.0421655308655022,-1.5894277170726916
160,1555318800,517,652,135,1169,15,-0.4361683449350953,0.02826644353116017
160,1555333200,489,1034,545,1523,15,1.4042675530757702,0.5483969910822624
160,1555347600,651,959,308,1610,15,0.34040582666461133,0.67622568497194
160,1555362000,819,1097,278,1916,15,0.20573978534674314,1.1258300565839097
160,1555376400,356,210,0,566,16,-0.9971319844165905,-0.6621879357241365
160,1555390800,43,39,0,82,16,-0.9971319844165905,-1.3513671415382373
160,1555405200,577,616,39,1193,16,-0.819108929213018,0.23061239908049433
160,1555419600,587,1145,558,1732,16,1.5499671131114445,0.9981074237371068
160,1555420188,19,15,0,34,16,-0.9971319844165905,-1.4197154925280655
160,1555420272,5,0,0,5,16,-0.9971319844165905,-1.4610092879177534
160,1555420352,3,8,5,11,16,-0.9743085158007478,-1.452465744044025
160,1555434000,619,1073,454,1692,16,1.0752389659019184,0.9411504645789166
160,1555448400,920,1194,274,2114,16,0.2535940957315845,1.5420463836978229
160,1555462800,446,342,0,788,16,-0.9971319844165905,-0.34607681239618104
160,1555477200,53,30,0,83,16,-0.9971319844165905,-1.3499432175592827
160,1555491600,546,670,124,1216,16,-0.43110996274369373,0.2633626505964537
160,1555506000,572,1253,681,1825,16,2.111424441061173,1.1305323537798988
160,1555520400,672,982,310,1654,16,0.41792306976565124,0.887041353378636
160,1555534800,918,1194,276,2112,16,0.2627234831779215,1.5391985357399134
160,1555549200,455,350,0,805,16,-0.9971319844165905,-0.3218701047539502
160,1555563600,44,36,0,80,16,-0.9971319844165905,-1.3542149894961468
160,1555578000,523,629,106,1152,16,-0.5132744497607271,0.17223151594334943
160,1555592400,617,1236,619,1853,16,1.8284134302247244,1.170402225190632
160,1555606800,676,1196,520,1872,16,1.3765087516310408,1.1974567807907723
160,1555621200,918,1371,453,2289,16,1.0706742721787499,1.7912330800149048
160,1555635600,525,418,0,943,16,-0.9971319844165905,-0.12536859565819417
160,1555650000,59,53,0,112,16,-0.9971319844165905,-1.3086494221695948
160,1555664400,310,592,282,902,16,0.29011164551693264,-0.1837494787953391
160,1555678800,541,1144,603,1685,16,1.755378330654028,0.9311829967262333
160,1555693200,730,1201,471,1931,16,1.1528387591957832,1.2814682955491028
160,1555707600,716,1264,548,1980,16,1.5043201758797593,1.3512405705178858
160,1555722000,486,351,0,837,16,-0.9971319844165905,-0.2763045374273981
160,1555736400,99,50,0,149,16,-0.9971319844165905,-1.255964234948269
160,1555750800,71,213,142,284,16,-0.34894547572666035,-1.063734497789377
160,1555765200,295,638,343,933,16,0.5685579626302124,-0.13960783544774172
160,1555779600,479,746,267,1225,16,0.22164123966940483,0.27617796640704645
160,1555794000,523,886,363,1409,16,0.6598518370935829,0.5381799785347212
160,1555808400,408,375,0,783,16,-0.9971319844165905,-0.3531964322909548
160,1555822800,98,66,0,164,16,-0.9971319844165905,-1.2346053752639476
160,1555837200,57,153,96,210,16,-0.5589213869924123,-1.169104872232029
160,1555851600,251,596,345,847,16,0.5776873500765495,-0.2620652976378506
160,1555866000,413,720,307,1133,16,0.4042289885961457,0.1451769603432091
160,1555880400,395,656,261,1051,16,0.19425307733039368,0.028415194068919264
160,1555894800,268,198,0,466,16,-0.9971319844165905,-0.8045803336196119
160,1555909200,36,28,0,64,16,-0.9971319844165905,-1.376997773159423
160,1555923600,471,600,129,1071,16,-0.4082864941278512,0.05689367364801434
160,1555938000,491,1098,607,1589,16,1.7736371055467022,0.794486294746577
160,1555952400,609,920,311,1529,16,0.4224877634888198,0.7090508560092917
160,1555966800,803,1139,336,1942,16,0.5366051065680328,1.297131459317605
160,1555981200,399,275,0,674,17,-1.041071677625798,-0.7039584285590089
160,1555995600,43,36,0,79,17,-1.041071677625798,-1.6119285513816994
160,1556010000,581,710,129,1291,17,-0.4859563986791811,0.2375836988050249
160,1556024400,559,1147,588,1706,17,1.4892212217587808,0.8708737844712713
160,1556038800,679,1042,363,1721,17,0.520996898014682,0.8937637875676416
160,1556053200,925,1096,171,2021,17,-0.3052211915802826,1.3515638494950486
160,1556067600,441,293,0,734,17,-1.041071677625798,-0.6123984161735274
160,1556082000,50,37,0,87,17,-1.041071677625798,-1.599720549730302
160,1556096400,551,672,121,1223,17,-0.5203821524123047,0.13381568476814598
160,1556110800,552,1366,814,1918,17,2.46174876471952,1.1943858282333055
160,1556125200,646,1124,478,1770,17,1.0158671079283326,0.9685377976824514
160,1556139600,859,1256,397,2115,17,0.6673063513804569,1.4950078688989694
160,1556154000,489,348,0,837,17,-1.041071677625798,-0.4552203949117844
160,1556168400,60,36,0,96,17,-1.041071677625798,-1.5859865478724797
160,1556182800,536,695,159,1231,17,-0.35685982217996787,0.1460236864195435
160,1556197200,586,1294,708,1880,17,2.005607527755634,1.1363978203891674
160,1556211600,709,1094,385,1803,17,0.6156677207807716,1.0188958044944663
160,1556226000,863,1093,230,1956,17,-0.05133125779849663,1.2523738360774437
160,1556240400,542,286,0,828,17,-1.041071677625798,-0.4689543967696066
160,1556254800,64,58,0,122,17,-1.041071677625798,-1.5463105425054378
160,1556269200,466,652,186,1118,17,-0.240672903330676,-0.026414336906446487
160,1556283600,560,1145,585,1705,17,1.4763115641088596,0.8693477842648466
160,1556298000,651,1040,389,1691,17,0.6328805976473334,0.8479837813749009
160,1556312400,730,1309,579,2039,17,1.4504922488090168,1.379031853210693
160,1556326800,492,348,0,840,17,-1.041071677625798,-0.4506423942925103
160,1556341200,111,47,0,158,17,-1.041071677625798,-1.491374535074149
160,1556355600,123,212,89,335,17,-0.6580851673447987,-1.2212724985369787
160,1556370000,333,841,508,1174,17,1.1449636844275457,0.05904167465333616
160,1556384400,567,966,399,1533,17,0.6759127898137378,0.6068757487597999
160,1556398800,556,995,439,1551,17,0.8480415584793554,0.6343437524754443
160,1556413200,512,337,0,849,17,-1.041071677625798,-0.4369083924346881
160,1556427600,137,56,0,193,17,-1.041071677625798,-1.4379645278492847
160,1556442000,65,163,98,228,17,-0.6193561943950348,-1.3845545206244205
160,1556456400,259,671,412,930,17,0.7318546396300635,-0.3133023757142882
160,1556470800,424,826,402,1250,17,0.6888224474636591,0.1750176903416126
160,1556485200,485,664,179,1149,17,-0.2707954378471591,0.020891669492718905
160,1556499600,278,145,0,423,17,-1.041071677625798,-1.086984480371606
160,1556514000,32,30,0,62,17,-1.041071677625798,-1.6378705548909192
160,1556528400,537,704,167,1241,17,-0.32243406844684436,0.16128368848379038
160,1556542800,530,1122,592,1652,17,1.5064340986253426,0.788469773324338
160,1556557200,627,962,335,1589,17,0.4005067599487496,0.6923317603195825
160,1556571600,811,1070,259,1881,17,0.07346209948407614,1.137923820595592
160,1556586000,366,293,0,659,18,-1.050971751319316,-0.7242307037610234
160,1556600400,40,42,2,82,18,-1.0428721392919424,-1.5751109003238963
160,1556614800,557,731,174,1288,18,-0.34630550493781925,0.2033319368595089
160,1556629200,570,1105,535,1675,18,1.1156744660031022,0.7740262801347807
160,1556643600,669,912,243,1581,18,-0.06686888999343259,0.6354080158767044
160,1556658000,855,1259,404,2114,18,0.5851498782101363,1.4214030674677118
160,1556672400,567,320,0,887,18,-1.050971751319316,-0.388007679815902
160,1556686800,295,197,0,492,18,-1.050971751319316,-0.9704993221769675
160,1556701200,547,735,188,1282,18,-0.28960822074620457,0.1944839625451636
160,1556715600,625,1151,526,1776,18,1.0792262118799214,0.9229671810929266
160,1556730000,677,1362,685,2039,18,1.7231453680561166,1.3108033885383956
160,1556744400,916,1282,366,2198,18,0.43125724969003926,1.545274707868546
160,1556758800,464,293,0,757,18,-1.050971751319316,-0.5797137899600502
160,1556773200,38,37,0,75,18,-1.050971751319316,-1.5854335370239658
160,1556787600,521,700,179,1221,18,-0.32605647486938544,0.10452955701598637
160,1556790371,179,119,0,298,18,-1.050971751319316,-1.2565838250074657
160,1556802000,374,1232,858,1606,18,2.4237618084239267,0.6722745755198097
160,1556816400,674,1164,490,1838,18,0.9334331953871979,1.014396249007828
160,1556830800,917,1421,504,2338,18,0.9901304795788126,1.7517274418699365
160,1556845200,502,334,0,836,18,-1.050971751319316,-0.46321546148783704
160,1556859600,66,52,0,118,18,-1.050971751319316,-1.5220230544378246
160,1556874000,475,650,175,1125,18,-0.3422556989241325,-0.037038032013538426
160,1556888400,592,1181,589,1773,18,1.3343639907421874,0.918543193935754
160,1556902800,702,1195,493,1897,18,0.9455826134282582,1.101401329765557
160,1556917200,793,1500,707,2293,18,1.8122411003572254,1.6853676345123467
160,1556931600,565,445,0,1010,18,-1.050971751319316,-0.20662420637182335
160,1556946000,69,59,0,128,18,-1.050971751319316,-1.5072764305805824
160,1556960400,104,243,139,347,18,-0.48804871541685596,-1.184325368106979
160,1556974800,341,803,462,1144,18,0.8200386270039686,-0.009019446684778309
160,1556989200,512,971,459,1483,18,0.8078892089629083,0.4908911020757311
160,1557003600,561,957,396,1518,18,0.5527514301006422,0.5425042855760788
160,1557018000,506,413,0,919,18,-1.050971751319316,-0.3408184834727271
160,1557032400,113,86,0,199,18,-1.050971751319316,-1.4025754011941631
160,1557046800,54,157,103,211,18,-0.6338417319095794,-1.3848794525654724
160,1557061200,244,698,454,942,18,0.7876401788944745,-0.3069012486010701
160,1557075600,450,829,379,1279,18,0.4839047278679672,0.19005997538799094
160,1557090000,433,661,228,1094,18,-0.12761598019873405,-0.08275256597098914
160,1557104400,257,167,0,424,18,-1.050971751319316,-1.0707763644062143
160,1557118800,44,24,0,68,18,-1.050971751319316,-1.5957561737240353
160,1557133200,543,663,120,1206,18,-0.5649950296769044,0.08240962123012312
160,1557147600,521,1173,652,1694,18,1.5895017696044536,0.8020448654635408
160,1557162000,646,1066,420,1712,18,0.6499467744291245,0.8285887884065768
160,1557176400,800,1029,229,1829,18,-0.12356617418504727,1.00112428753631
160,1557190800,355,252,0,607,19,-1.1067002739311094,-0.7406285005256283
160,1557205200,44,36,0,80,19,-1.1067002739311094,-1.5365632077811275
160,1557219600,560,730,170,1290,19,-0.3232539170137862,0.2909149625777984
160,1557234000,544,1179,635,1723,19,1.8197022945541859,0.9448802913095463
160,1557248400,637,1086,449,1723,19,0.9625198099269969,0.9448802913095463
160,1557262800,872,1246,374,2118,19,0.6168817112870014,1.541453743616799
160,1557277200,412,296,0,708,19,-1.1067002739311094,-0.58808693423947
160,1557291600,54,17,0,71,19,-1.1067002739311094,-1.5501560206185079
160,1557306000,548,751,203,1299,19,-0.1711731536121882,0.30450777541517887
160,1557320400,587,1176,589,1763,19,1.6077109273883219,1.005292792809015
160,1557334800,655,1131,476,1786,19,1.0869495254373953,1.0400299811712095
160,1557349200,888,1405,517,2293,19,1.2758983526939263,1.8057584376769742
160,1557363600,436,331,0,767,19,-1.1067002739311094,-0.49897849452775384
160,1557378000,52,46,0,98,19,-1.1067002739311094,-1.5093775821063666
160,1557392400,546,718,172,1264,19,-0.314036901050053,0.25164683660314385
160,1557406800,606,1228,622,1834,19,1.7597916907899198,1.1125249829705717
160,1557421200,689,1149,460,1838,19,1.0132133977275295,1.1185662331205186
160,1557435600,850,1197,347,2047,19,0.4924519957766031,1.4342215534552423
160,1557450000,495,274,0,769,19,-1.1067002739311094,-0.49595786945278036
160,1557464400,69,19,0,88,19,-1.1067002739311094,-1.5244807074812337
160,1557478800,457,596,139,1053,19,-0.46611766445165104,-0.06702910880655315
160,1557493200,563,1119,556,1682,19,1.455630163986724,0.882957477272591
160,1557507600,669,1005,336,1674,19,0.4417584079760704,0.8708749769726972
160,1557522000,749,1080,331,1829,19,0.4187158680667374,1.104973420283138
160,1557536400,520,430,0,950,19,-1.1067002739311094,-0.22259130016768486
160,1557550800,133,40,0,173,19,-1.1067002739311094,-1.396104141794863
160,1557565200,109,252,143,361,19,-0.4476836325241846,-1.1121653847473603
160,1557579600,298,728,430,1026,19,0.8749581582715314,-0.10780754731869448
160,1557594000,485,762,277,1247,19,0.16985643704594064,0.22597152346586968
160,1557608400,524,910,386,1434,19,0.6721838070694007,0.5083999679758855
160,1557622800,460,296,0,756,19,-1.1067002739311094,-0.5155919324401077
160,1557637200,120,55,0,175,19,-1.1067002739311094,-1.3930835167198894
160,1557651600,62,116,54,178,19,-0.8578408429103125,-1.3885525791074294
160,1557666000,234,576,342,810,19,0.46940945586727006,-0.43403505541582504
160,1557680400,344,658,314,1002,19,0.34037123237500505,-0.14405504821837564
160,1557694800,353,606,253,959,19,0.0592522454811421,-0.20899848733030443
160,1557709200,222,160,0,382,19,-1.1067002739311094,-1.0804488214601393
160,1557723600,43,25,0,68,19,-1.1067002739311094,-1.554686958230968
160,1557738000,510,600,90,1110,19,-0.6919345555631147,0.019058705830189638
160,1557752400,469,1120,651,1589,19,1.8934384222640515,0.7424984112863264
160,1557766800,574,922,348,1496,19,0.49706050375846966,0.6020393453000619
160,1557781200,774,1196,422,1970,19,0.8380900944165985,1.317927488068765
160,1557795600,353,253,0,606,20,-1.0818607285267534,-0.8941039452026796
160,1557810000,38,39,1,77,20,-1.0780136240819034,-1.693862448142135
160,1557824400,605,627,22,1232,20,-0.9972244307400527,0.052302147122649564
160,1557838800,567,1077,510,1644,20,0.8801625383467591,0.6751764443080099
160,1557853200,652,999,347,1651,20,0.2530845138362051,0.6857592600368874
160,1557867600,832,1359,527,2191,20,0.9455633139092096,1.5021479019788646
160,1557882000,472,334,0,806,20,-1.0818607285267534,-0.5917377815204657
160,1557896400,55,46,0,101,20,-1.0818607285267534,-1.6575785085002692
160,1557910800,544,738,194,1282,20,-0.3355224662258486,0.127893688043203
160,1557925200,606,1164,558,1770,20,1.0648235516995603,0.8656671274278046
160,1557939600,693,1021,328,1714,20,0.1799895293840547,0.7810046015967848
160,1557954000,810,1036,226,1846,20,-0.2124151239906478,0.9805662696270459
160,1557968400,527,368,0,895,20,-1.0818607285267534,-0.45718483868188065
160,1557982800,49,53,4,102,20,-1.0664723107473533,-1.6560666776818582
160,1557997200,539,774,235,1313,20,-0.1777911839869976,0.17476044341394614
160,1558011600,651,1149,498,1800,20,0.8339972850085589,0.9110220519801366
160,1558026000,666,1153,487,1819,20,0.7916791361152086,0.9397468375299469
160,1558040400,892,1440,548,2332,20,1.02635250725106,1.7153160473748252
160,1558054800,627,396,0,1023,20,-1.0818607285267534,-0.2636704939252638
160,1558069200,66,44,0,110,20,-1.0818607285267534,-1.6439720311345696
160,1558083600,504,715,211,1219,20,-0.2701216906633982,0.03264834648330567
160,1558098000,541,1101,560,1642,20,1.0725177605892604,0.6721527826711878
160,1558112400,639,879,240,1518,20,-0.15855566176274746,0.48468576118821527
160,1558126800,732,1251,519,1983,20,0.9147864783504094,1.1876870917493623
160,1558141200,592,560,0,1152,20,-1.0818607285267534,-0.06864431835023595
160,1558155600,125,64,0,189,20,-1.0818607285267534,-1.5245373964800952
160,1558170000,105,279,174,384,20,-0.4124645551228491,-1.2297303868899367
160,1558184400,309,1134,825,1443,20,2.0920004384745168,0.3712984498073851
160,1558198800,563,1402,839,1965,20,2.145859900702417,1.160474137017963
160,1558213200,645,1262,617,1907,20,1.2918027139457118,1.0727879495501211
160,1558227600,518,421,0,939,20,-1.0818607285267534,-0.3906642826717936
160,1558242000,128,72,0,200,20,-1.0818607285267534,-1.5079072574775734
160,1558256400,82,171,89,253,20,-0.7394684329351011,-1.4277802241017867
160,1558270800,279,843,564,1122,20,1.0879061783686603,-0.11399924290256801
160,1558285200,458,1090,632,1548,20,1.349509280618462,0.5300406857405473
160,1558299600,475,928,453,1403,20,0.6608775849903077,0.31082521707094235
160,1558314000,317,229,0,546,20,-1.0818607285267534,-0.9848137943073436
160,1558328400,50,35,0,85,20,-1.0818607285267534,-1.6817678015948463
160,1558342800,534,741,207,1275,20,-0.2855101084427983,0.11731087231432552
160,1558357200,521,1166,645,1687,20,1.3995216384015123,0.7401851694996859
160,1558371600,629,1004,375,1633,20,0.36080343829200584,0.6585463053054882
160,1558386000,754,1130,376,1884,20,0.3646505427368559,1.0380158407266664
160,1558400400,386,280,0,666,21,-1.1052373995457208,-0.5471896171413335
160,1558414800,43,32,0,75,21,-1.1052373995457208,-1.4809405230042634
160,1558429200,541,770,229,1311,21,-0.062245512886503464,0.47187863037404687
160,1558443600,531,1097,566,1628,21,1.4726377439002052,0.9727230248893579
160,1558458000,645,999,354,1644,21,0.5070732025388335,0.9980022372308247
160,1558472400,870,1281,411,2151,21,0.7666825367727872,1.7990372783010538
160,1558486800,446,297,0,743,21,-1.1052373995457208,-0.42553340774802456
160,1558501200,56,30,0,86,21,-1.1052373995457208,-1.463561064519505
160,1558515600,593,691,98,1284,21,-0.6588915266522566,0.42921995954782166
160,1558530000,584,1134,550,1718,21,1.399764948325762,1.1149185943101085
160,1558544400,643,1338,695,1981,21,2.060174658219153,1.530445647172969
160,1558558800,830,1359,529,2189,21,1.3041194041343054,1.8590754076120375
160,1558573200,460,302,0,762,21,-1.1052373995457208,-0.3955143430925327
160,1558587600,58,34,0,92,21,-1.1052373995457208,-1.454081359891455
160,1558602000,513,681,168,1194,21,-0.3400730460140679,0.2870243901270709
160,1558616400,527,1169,642,1696,21,1.81878352287881,1.0801596773405917
160,1558630800,660,960,300,1620,21,0.26112751747508794,0.9600834187186245
160,1558645200,787,1231,444,2018,21,0.9169826776450761,1.5889038257126111
160,1558659600,444,337,0,781,21,-1.1052373995457208,-0.3654952784370409
160,1558674000,64,47,0,111,21,-1.1052373995457208,-1.4240622952359632
160,1558688400,406,621,215,1027,21,-0.1260092090141412,0.023172611313011175
160,1558702800,470,1093,623,1563,21,1.7322470781341588,0.870026224752149
160,1558717200,664,1152,488,1816,21,1.1173828654747948,1.2697537699015928
160,1558731600,635,1152,517,1787,21,1.249464807453473,1.2239351975326842
160,1558746000,526,467,0,993,21,-1.1052373995457208,-0.030545714912605777
160,1558760400,110,42,0,152,21,-1.1052373995457208,-1.3592843136109545
160,1558774800,103,200,97,303,21,-0.6634460763756593,-1.1207117471383616
160,1558789200,259,618,359,877,21,0.529845951155847,-0.2138200043882401
160,1558803600,464,820,356,1284,21,0.5161823019856389,0.42921995954782166
160,1558818000,455,875,420,1330,21,0.8076734842834115,0.5018976950295387
160,1558832400,391,394,3,785,21,-1.0915737503755127,-0.3591754753516742
160,1558846800,113,56,0,169,21,-1.1052373995457208,-1.332425150498146
160,1558861200,67,152,85,219,21,-0.7181006730564917,-1.2534276119310623
160,1558875600,211,571,360,782,21,0.5344005008792497,-0.36391532766569923
160,1558890000,365,736,371,1101,21,0.5845005478366794,0.14008896839229512
160,1558904400,367,610,243,977,21,0.001518183241134275,-0.05582492725407258
160,1558918800,290,239,0,529,21,-1.1052373995457208,-0.763642872815143
160,1558933200,65,36,0,101,21,-1.1052373995457208,-1.43986180294938
160,1558947600,61,184,123,245,21,-0.5450277835671892,-1.2123488918761787
160,1558962000,205,512,307,717,21,0.29300936553890683,-0.46661212780290806
160,1558976400,352,663,311,1015,21,0.3112275644325176,0.004213202056911073
160,1558990800,334,662,328,996,21,0.38865490973036343,-0.025805862598580753
160,1559005200,258,176,0,434,22,-1.2043858647945558,-1.0956349027462267
160,1559019600,44,28,0,72,22,-1.2043858647945558,-1.6620420112587608
160,1559034000,523,666,143,1189,22,-0.6111808866121626,0.08568379042218034
160,1559048400,498,1078,580,1576,22,1.2016203404207453,0.691207411953536
160,1559062800,584,1004,420,1588,22,0.5378944907061795,0.7099833382025703
160,1559077200,713,1166,453,1879,22,0.6747879472098087,1.1652995497416516
160,1559091600,384,268,0,652,22,-1.2043858647945558,-0.7545389092221039
160,1559106000,40,32,0,72,22,-1.2043858647945558,-1.6620420112587608
160,1559120400,550,722,172,1272,22,-0.4908805763513976,0.2155506136446675
160,1559134800,518,1187,669,1705,22,1.5708178443244727,0.8930486191306546
160,1559149200,615,980,365,1595,22,0.30973872986679746,0.7209359618478403
160,1559163600,797,1248,451,2045,22,0.6664913740883767,1.4250331961866258
160,1559178000,408,291,0,699,22,-1.2043858647945558,-0.6809998647467196
160,1559192400,44,40,0,84,22,-1.2043858647945558,-1.6432660850097267
160,1559206800,535,739,204,1274,22,-0.3581354064084844,0.2186799346861732
160,1559221200,541,1142,601,1683,22,1.2887343581957822,0.8586260876740917
160,1559235600,658,962,304,1620,22,0.05669324966311925,0.7600524748666617
160,1559250000,787,1005,218,1792,22,-0.3000593945584599,1.0291740844361532
160,1559264400,425,311,0,736,22,-1.2043858647945558,-0.6231074254788639
160,1559278800,61,48,0,109,22,-1.2043858647945558,-1.6041495719909051
160,1559293200,486,735,249,1221,22,-0.17146251117626277,0.13575292708627176
160,1559307600,497,1129,632,1626,22,1.4173312415779793,0.7694404379911789
160,1559322000,689,1154,465,1843,22,0.7245673859384011,1.1089717709945488
160,1559336400,744,1336,592,2080,22,1.2513997791493379,1.479796314412976
160,1559350800,548,678,130,1226,22,-0.6651086119014711,0.14357622969003606
160,1559365200,133,71,0,204,22,-1.2043858647945558,-1.4555068225193837
160,1559379600,109,288,179,397,22,-0.4618425704263853,-1.1535273420140824
160,1559394000,316,931,615,1247,22,1.3468103700458067,0.17643410062584605
160,1559408400,508,1001,493,1509,22,0.8407194096384502,0.5863751570630946
160,1559422800,525,1222,697,1747,22,1.6869698680245215,0.9587643610022746
160,1559437200,418,667,249,1085,22,-0.17146251117626277,-0.07704090373611677
160,1559451600,125,66,0,191,22,-1.2043858647945558,-1.475847409289171
160,1559466000,51,213,162,264,22,-0.532363441958558,-1.3616271912742124
160,1559480400,229,557,328,786,22,0.15625212712030412,-0.5448743994412211
160,1559494800,423,1007,584,1430,22,1.2182134866636094,0.4627669759236189
160,1559509200,510,818,308,1328,22,0.07328639590598339,0.3031716028068275
160,1559523600,293,345,52,638,22,-0.988674963637322,-0.7764441565126439
160,1559538000,62,35,0,97,22,-1.2043858647945558,-1.6229254982399395
160,1559552400,560,730,170,1290,22,-0.49917714947282965,0.2437145030182189
160,1559566800,473,1103,630,1576,22,1.4090346684565471,0.691207411953536
160,1559581200,614,981,367,1595,22,0.3180353029882296,0.7209359618478403
160,1559595600,735,1447,712,2182,22,1.7491941664352622,1.6393916875297674
160,1559610000,363,247,0,610,23,-0.9908207180579753,-0.6497226761920275
160,1559624400,43,44,1,87,23,-0.9868961575164201,-1.449556507355296
160,1559638800,573,676,103,1249,23,-0.5865909822777874,0.3275121576766696
160,1559641720,185,103,0,288,23,-0.9908207180579753,-1.1421633905984758
160,1559645389,148,133,0,281,23,-0.9908207180579753,-1.1528686235203551
160,1559653200,311,1115,804,1426,23,2.164525957352424,0.5982016187013321
160,1559667600,562,900,338,1462,23,0.33568074498769007,0.6532571022995687
160,1559682000,786,1255,469,2041,23,0.8497981759314244,1.5387327968378717
160,1559696400,427,356,0,783,23,-0.9908207180579753,-0.38515049112272454
160,1559710800,58,17,0,75,23,-0.9908207180579753,-1.4679083352213749
160,1559725200,580,668,88,1248,23,-0.6454593904011158,0.3259828386878297
160,1559726016,61,33,0,94,23,-0.9908207180579753,-1.4388512744334168
160,1559739600,488,1136,648,1624,23,1.5522945128698091,0.9010067784916327
160,1559754000,622,990,368,1612,23,0.4534175612343468,0.8826549506255539
160,1559768400,759,1459,700,2218,23,1.7563716610306808,1.8094222578625343
160,1559782800,427,345,0,772,23,-0.9908207180579753,-0.40197299999996344
160,1559797200,47,38,0,85,23,-0.9908207180579753,-1.4526151453329759
160,1559811600,583,747,164,1330,23,-0.34719278924291874,0.45138699577270164
160,1559826000,536,1133,597,1669,23,1.3521419252504927,0.9698261329894282
160,1559840400,608,1032,424,1640,23,0.6731929515614393,0.9254758823130711
160,1559854800,797,1390,593,2187,23,1.3364436830842719,1.7620133692084972
160,1559869200,470,296,0,766,23,-0.9908207180579753,-0.41114891393300285
160,1559883600,65,27,0,92,23,-0.9908207180579753,-1.4419099124110966
160,1559898000,501,678,177,1179,23,-0.29617350220270083,0.22045982845787648
160,1559912400,520,1100,580,1620,23,1.2854243960440541,0.8948895025362731
160,1559926800,639,1137,498,1776,23,0.9636104316365258,1.1334632647952978
160,1559941200,731,1489,758,2220,23,1.9839961724408837,1.812480895840214
160,1559955600,525,486,0,1011,23,-0.9908207180579753,-0.03646576166722697
160,1559970000,144,55,0,199,23,-0.9908207180579753,-1.278272780605227
160,1559984400,101,235,134,336,23,-0.46492960548957546,-1.0687560791341606
160,1559998800,301,645,344,946,23,0.35922810823702145,-0.13587149594182057
160,1560013200,459,868,409,1327,23,0.6143245434381109,0.44679903880618194
160,1560027600,499,940,441,1439,23,0.7399104807678781,0.6180827655562509
160,1560042000,410,446,36,856,23,-0.8495365385619873,-0.2735102049374117
160,1560056400,122,71,0,193,23,-0.9908207180579753,-1.2874486945382664
160,1560070800,77,152,75,229,23,-0.6964786774413336,-1.23239321094003
160,1560085200,223,591,368,814,23,0.4534175612343468,-0.33774160246868756
160,1560099600,400,872,472,1272,23,0.86157185755609,0.36268649441998735
160,1560114000,394,705,311,1099,23,0.22971761036569907,0.09811430935068437
160,1560128400,270,201,0,471,23,-0.9908207180579753,-0.8622980156407738
160,1560142800,39,22,0,61,23,-0.9908207180579753,-1.4893188010651335
160,1560157200,534,591,57,1125,23,-0.7671207671893276,0.1378766030605218
160,1560171600,482,1066,584,1548,23,1.301122638210275,0.7847785353398001
160,1560186000,499,899,400,1398,23,0.5790034985641139,0.5553806870138149
160,1560200400,695,1115,420,1810,23,0.6574947093952184,1.1854601104158544
160,1560214800,432,273,0,705,24,-1.0975155483618417,-0.8462234349124513
160,1560229200,43,24,0,67,24,-1.0975155483618417,-1.8332262712454384
160,1560243600,617,655,38,1272,24,-0.9439037957366117,0.03094052778473314
160,1560258000,518,1088,570,1606,24,1.2066607410166106,0.5476473417897765
160,1560272400,594,1005,411,1599,24,0.5639168287163054,0.5368181570651199
160,1560286800,788,1338,550,2126,24,1.1258124501612263,1.3521010641928382
160,1560301200,489,423,0,912,24,-1.0975155483618417,-0.5259889723404634
160,1560315600,63,34,0,97,24,-1.0975155483618417,-1.7868154795683386
160,1560330000,613,674,61,1287,24,-0.8509282612529196,0.05414592362328299
160,1560344400,567,1087,520,1654,24,1.00454001387815,0.621904608473136
160,1560358800,598,1000,402,1598,24,0.5275350978313825,0.5352711306758833
160,1560373200,783,1321,538,2104,24,1.0773034756479958,1.3180664836296316
160,1560387600,542,328,0,870,24,-1.0975155483618417,-0.5909640806884029
160,1560402000,54,38,0,92,24,-1.0975155483618417,-1.794550611514522
160,1560416400,566,687,121,1253,24,-0.6083833886867668,0.0015470263892366568
160,1560430800,488,1038,550,1526,24,1.1258124501612263,0.423885230650844
160,1560445200,600,1108,508,1708,24,0.9560310393649193,0.7054440334919155
160,1560459600,788,1202,414,1990,24,0.5760440723446131,1.1417054752566527
160,1560474000,549,287,0,836,24,-1.0975155483618417,-0.6435629779224492
160,1560488400,66,41,0,107,24,-1.0975155483618417,-1.7713452156759721
160,1560502800,519,688,169,1207,24,-0.4143474906338445,-0.06961618751564956
160,1560517200,530,1056,526,1586,24,1.0287945011347652,0.5167068140050434
160,1560531600,651,1132,481,1783,24,0.8468858467101504,0.8214710126846648
160,1560546000,703,1360,657,2063,24,1.5583508062375322,1.2546384016709287
160,1561165200,9624,8730,0,18354,25,-1.2384004273879163,4.079331162207197
160,1561179600,163,56,0,219,25,-1.2384004273879163,-0.4635110181645751
160,1561194000,102,324,222,426,25,-0.42979779538757096,-0.4116572364531355
160,1561208400,315,996,681,1311,25,1.2420427815861161,-0.18996353203466196
160,1561222800,526,1107,581,1633,25,0.8778073617661407,-0.10930209381686705
160,1561237200,544,1410,866,1954,25,1.9158783082530706,-0.02889115695999697
160,1561251600,497,681,184,1178,25,-0.5682072549191616,-0.22328021303766418
160,1561266000,170,62,0,232,25,-1.2384004273879163,-0.46025450047255234
160,1561280400,84,173,89,257,25,-0.9142309037481382,-0.45399196644943157
160,1561294800,271,900,629,1171,25,1.0526403632797288,-0.22503372256413798
160,1561309200,481,1046,565,1527,25,0.8195296945949446,-0.1358552380748989
160,1561323600,452,929,477,1381,25,0.4990025251533663,-0.17242843676992392
160,1561338000,312,161,0,473,25,-1.2384004273879163,-0.39988367248966855
160,1561352400,228,427,199,655,25,-0.5135719419461653,-0.3542924248013497
160,1561366800,580,652,72,1232,25,-0.976150925117534,-0.20975313954772343
160,1561381200,501,1056,555,1557,25,0.783106152612947,-0.12834019724715404
160,1561395600,556,1052,496,1608,25,0.5682072549191616,-0.11556462783998776
160,1561410000,788,1292,504,2080,25,0.5973460885047596,0.0026720145165314703
160,1561424400,367,167,0,534,26,-1.0373915082328318,-0.9387942783662553
160,1561438800,35,32,0,67,26,-1.0373915082328318,-1.6467611735131555
160,1561453200,569,554,0,1123,26,-1.0373915082328318,-0.04587671682123544
160,1561467600,531,1121,590,1652,26,1.0505358450817857,0.7560815005935617
160,1561482000,518,1016,498,1534,26,0.7249607323615401,0.5771947904707903
160,1561496400,762,1302,540,2064,26,0.8735928490381739,1.3806689969544244
160,1561510800,444,160,0,604,26,-1.0373915082328318,-0.8326750435476621
160,1561525200,60,15,0,75,26,-1.0373915082328318,-1.6346332609624592
160,1561539600,606,719,113,1325,26,-0.6375003371742695,0.26035307508384775
160,1561554000,564,1219,655,1783,26,1.2805617399384808,0.9546760686112147
160,1561568400,560,1056,496,1616,26,0.7178830125197957,0.7015058941154281
160,1561582800,773,1272,499,2045,26,0.7284995922824123,1.3518652046465205
160,1561597200,478,238,0,716,26,-1.0373915082328318,-0.662884267837913
160,1561611600,50,18,0,68,26,-1.0373915082328318,-1.6452451844443186
160,1561626000,565,644,79,1209,26,-0.7578215744839254,0.08449834309875048
160,1561640400,543,1111,568,1654,26,0.9726809268225964,0.7591134787312358
160,1561654800,559,1158,599,1717,26,1.0823855843696357,0.8546207900679696
160,1561669200,761,1421,660,2182,26,1.298256039542842,1.559555707077196
160,1561683600,492,196,0,688,26,-1.0373915082328318,-0.7053319617653503
160,1561698000,69,27,0,96,26,-1.0373915082328318,-1.6027974905168811
160,1561712400,501,648,147,1149,26,-0.5171790998646135,-0.006461001031472253
160,1561726800,480,1186,706,1666,26,1.4610435959029646,0.7773053475572803
160,1561741200,586,1329,743,1915,26,1.5919814129752372,1.1547866256977046
160,1561755600,677,1546,869,2223,26,2.0378777630051386,1.6217112588995146
160,1561770000,524,530,6,1054,26,-1.0161583487075982,-0.15047996257099158
160,1561784400,156,76,0,232,26,-1.0373915082328318,-1.3966229771550431
160,1561798800,115,241,126,356,26,-0.5914951582029304,-1.2086403326192494
160,1561813200,286,793,507,1079,26,0.7568104716493903,-0.11258023585006545
160,1561827600,528,912,384,1440,26,0.32153070138210565,0.43469181800010803
160,1561842000,461,953,492,1414,26,0.7037275728363067,0.3952761022103448
160,1561856400,465,501,36,966,26,-0.9099925510814314,-0.2838870006286516
160,1561870800,124,82,0,206,26,-1.0373915082328318,-1.4360386929448061
160,1561885200,68,196,128,264,26,-0.584417438361186,-1.3481113269522575
160,1561899600,272,947,675,1219,26,1.3513389383559253,0.09965823378712094
160,1561914000,682,1219,537,1901,26,0.8629762692755573,1.133562778733986
160,1561928400,780,850,70,1630,26,-0.7896713137717755,0.7227297410791467
160,1561942800,440,324,0,764,26,-1.0373915082328318,-0.5901167925337348
160,1561957200,64,56,0,120,26,-1.0373915082328318,-1.5664137528647921
160,1561971600,520,652,132,1172,26,-0.570261998677697,0.028406747551779795
160,1561986000,486,1063,577,1549,26,1.0045306661104465,0.599934626503346
160,1562000400,529,866,337,1395,26,0.1552042851011107,0.36647230990244095
160,1562014800,714,1257,543,1971,26,0.8842094288007907,1.2396820135525792
160,1562029200,423,233,0,656,27,-0.8063793560732273,-0.1428998989120794
160,1562043600,38,32,0,70,27,-0.8063793560732273,-1.1212565267998833
160,1562058000,551,698,147,1249,27,-0.20291436887369935,0.8471435828924729
160,1562063348,244,214,0,458,27,-0.8063793560732273,-0.4734709097001087
160,1562072400,271,1153,882,1424,27,2.8144105671239403,1.1393149308111856
160,1562086800,570,912,342,1482,27,0.59760041006445,1.2361488632642448
160,1562101200,698,1406,708,2104,27,2.100105072071438,2.2746093112953267
160,1562115600,436,264,0,700,27,-0.8063793560732273,-0.06943967429251735
160,1562130000,51,32,0,83,27,-0.8063793560732273,-1.0995523695259217
160,1562144400,430,642,212,1072,27,0.06392389077235043,0.5516331338546892
160,1562158800,427,1043,616,1470,27,1.7224263045724135,1.2161142565498189
160,1562173200,624,1234,610,1858,27,1.6977950806050859,1.863899873649593
160,1562187600,632,1230,598,1862,27,1.6485326326704304,1.8705780758877353
160,1562202000,470,365,0,835,27,-0.8063793560732273,0.15594965124477533
160,1562216400,87,47,0,134,27,-0.8063793560732273,-1.0144052909896113
160,1562230800,67,179,112,246,27,-0.34659650868311076,-0.8274156283216351
160,1562234325,36,30,0,66,27,-0.8063793560732273,-1.1279347290380253
160,1562234424,13,84,71,97,27,-0.5149098724598499,-1.0761786616924247
160,1562234512,1,0,0,1,27,-0.8063793560732273,-1.236455515407833
160,1562234989,14,4,0,18,27,-0.8063793560732273,-1.2080731558957294
160,1562235064,2,15,13,17,27,-0.7530117041440173,-1.2097427064552648
160,1562235174,2,2,0,4,27,-0.8063793560732273,-1.2314468637292264
160,1562245200,160,367,207,527,27,0.043397870799577375,-0.3582719210921591
160,1562259600,285,562,277,847,27,0.3307621504184002,0.17598425795920136
160,1562274000,326,501,175,827,27,-0.0879686570261702,0.14259324676849133
160,1562288400,291,298,7,589,27,-0.7776429281113449,-0.25475978640095803
160,1562302800,57,37,0,94,27,-0.8063793560732273,-1.0811873133710312
160,1562317200,191,440,249,631,27,0.21581643857087107,-0.18463866290046696
160,1562331600,266,849,583,1115,27,1.5869545727521113,0.6234238079147157
160,1562346000,440,1019,579,1459,27,1.5705337567738928,1.1977492003949284
160,1562360400,512,1066,554,1578,27,1.4679036569100277,1.396425716979653
160,1562374800,413,295,0,708,27,-0.8063793560732273,-0.05608326981623334
160,1562389200,113,27,0,140,27,-0.8063793560732273,-1.0043879876323982
160,1562403600,63,178,115,241,27,-0.33428089669944694,-0.8357633811193126
160,1562418000,128,331,203,459,27,0.02697705482135893,-0.4718013591405732
160,1562432400,319,450,131,769,27,-0.2685976327865731,0.04575931431543225
160,1562446800,395,447,52,842,27,-0.5929087483563874,0.16763650516152387
160,1562461200,336,226,0,562,27,-0.8063793560732273,-0.29983765150841657
160,1562475600,101,42,0,143,27,-0.8063793560732273,-0.9993793359537917
160,1562490000,48,106,58,154,27,-0.5682775243890598,-0.9810142797989012
160,1562504400,180,371,191,551,27,-0.022285393113296414,-0.31820270766330705
160,1562518800,346,415,69,761,27,-0.5231202804489591,0.03240290983914824
160,1562533200,331,476,145,807,27,-0.21112477686280856,0.1092022355777813
160,1562547600,256,150,0,406,27,-0.8063793560732273,-0.5602875387959548
160,1562562000,38,33,0,71,27,-0.8063793560732273,-1.1195869762403479
160,1562576400,523,691,168,1214,27,-0.11670508498805249,0.7887093133087304
160,1562590800,434,1111,677,1545,27,1.9728437482402448,1.3413305485149813
160,1562605200,549,932,383,1481,27,0.7659137738411891,1.2344793127047093
160,1562619600,710,1201,491,1911,27,1.209275805253087,1.9523860533049748
160,1562634000,324,282,0,606,28,-1.0080252432625298,-0.7079827610286062
160,1562648400,37,38,1,75,28,-1.0037218218133506,-1.5566031811328724
160,1562662800,590,679,89,1269,28,-0.6250207342855695,0.3515941476891498
160,1562677200,473,1119,646,1592,28,1.7719850129073176,0.8677982827054925
160,1562691600,573,863,290,1436,28,0.239966976999476,0.6184860688895499
160,1562706000,775,1383,608,2158,28,1.608454997838503,1.7723541353966688
160,1562720400,413,303,0,716,28,-1.0080252432625298,-0.5321856871840313
160,1562734800,53,23,0,76,28,-1.0080252432625298,-1.5550050259161035
160,1562749200,575,703,128,1278,28,-0.45718729776757555,0.3659775446400696
160,1562763600,470,1092,622,1562,28,1.6687028981270138,0.8198536262024266
160,1562778000,596,956,360,1552,28,0.5412064784420292,0.8038720740347379
160,1562792400,760,1358,598,2118,28,1.5654207833467098,1.7084279267259144
160,1562806800,418,289,0,707,28,-1.0080252432625298,-0.5465690841349511
160,1562821200,45,33,0,78,28,-1.0080252432625298,-1.5518087154825657
160,1562835600,580,711,131,1291,28,-0.44427703342003755,0.3867535624580648
160,1562850000,541,1120,579,1661,28,1.4836557758123026,0.978070992662544
160,1562864400,610,1001,391,1611,28,0.6746125433665884,0.8981632318241008
160,1562878800,760,1253,493,2013,28,1.1135615311828801,1.5406216289651837
160,1562893200,460,266,0,726,28,-1.0080252432625298,-0.5162041350163427
160,1562907600,70,20,0,90,28,-1.0080252432625298,-1.5326308528813395
160,1562922000,510,653,143,1163,28,-0.3926359760298856,0.18218969471165036
160,1562936400,492,1055,563,1547,28,1.4148010326254332,0.7958812979508937
160,1562950800,582,1174,592,1756,28,1.5396002546516339,1.129895738255586
160,1562965200,683,1160,477,1843,28,1.0447067879960108,1.268935242114477
160,1562979600,613,408,0,1021,28,-1.0080252432625298,-0.044748346069528155
160,1562994000,146,53,0,199,28,-1.0080252432625298,-1.3584319342535334
160,1563008400,99,182,83,281,28,-0.6508412629806454,-1.2273832064784866
160,1563022800,334,556,222,890,28,-0.052665681544718485,-0.2541066794662492
160,1563037200,470,583,113,1053,28,-0.5217386195052656,0.006392620867075451
160,1563051600,486,651,165,1137,28,-0.29796070414794035,0.14063765907565992
160,1563066000,405,283,0,688,28,-1.0080252432625298,-0.5769340332535594
160,1563080400,101,53,0,154,28,-1.0080252432625298,-1.4303489190081322
160,1563094800,67,133,66,200,28,-0.723999427616694,-1.3568337790367644
160,1563109200,219,516,297,735,28,0.2700909271437313,-0.5018207380654229
160,1563123600,361,692,331,1053,28,0.41640725641582854,0.006392620867075451
160,1563138000,350,606,256,956,28,0.09365064772737876,-0.14862843515950425
160,1563152400,297,199,0,496,28,-1.0080252432625298,-0.8837798348731811
160,1563166800,37,26,0,63,28,-1.0080252432625298,-1.5757810437340987
160,1563181200,564,769,205,1333,28,-0.1258238461807671,0.45387608156235704
160,1563195600,457,1112,655,1569,28,1.8107158059499315,0.8310407127198086
160,1563210000,555,790,235,1345,28,0.0032787972946128115,0.4730539441635834
160,1563224400,731,1230,499,1961,28,1.139382059877956,1.457517557693203
160,1563238800,676,346,0,1022,29,-1.0221954335471193,-0.1219204337749405
160,1563253200,31,32,1,63,29,-1.0175845208407526,-1.57953730275299
160,1563267600,583,655,72,1238,29,-0.6902097186887272,0.20638534693335847
160,1563282000,558,1036,478,1594,29,1.1818208400960946,0.7474819114340735
160,1563296400,567,1016,449,1583,29,1.0481043716114644,0.7307626355646694
160,1563310800,744,1409,665,2153,29,2.0440615161866407,1.5971251124337915
160,1563325200,478,389,0,867,29,-1.0221954335471193,-0.3575102301165439
160,1563339600,38,23,0,61,29,-1.0221954335471193,-1.5825771710928818
160,1563354000,559,688,129,1247,29,-0.42738769442583346,0.22006475446287094
160,1563368400,516,1236,720,1752,29,2.297661715036801,0.9876315102855143
160,1563382800,591,1043,452,1634,29,1.061937109730564,0.8082792782319066
160,1563397200,1042,1392,350,2434,29,0.5916240136811755,2.0242266141885694
160,1563411600,642,269,0,911,29,-1.0221954335471193,-0.2906331266389275
160,1563426000,66,34,0,100,29,-1.0221954335471193,-1.5232997384649944
160,1563440400,748,669,0,1417,29,-1.0221954335471193,0.4784535633536618
160,1563454800,811,1154,343,1965,29,0.5593476247366096,1.311377488483976
160,1563469200,873,1016,143,1889,29,-0.3628349165367017,1.1958624915680929
160,1563483600,1097,1351,254,2448,29,0.14897639386998604,2.045505692567811
160,1563498000,691,428,0,1119,29,-1.0221954335471193,0.02551318070980488
160,1563512400,77,32,0,109,29,-1.0221954335471193,-1.5096203309354819
160,1563526800,645,640,0,1285,29,-1.0221954335471193,0.2778222529208124
160,1563541200,596,1052,456,1648,29,1.0803807605560305,0.8295583566111482
160,1563555600,585,1177,592,1762,29,1.707464888621882,1.0028308519849727
160,1563570000,484,671,187,1155,29,-0.15995475745657323,0.08023081082785471
160,1563584400,380,437,57,817,29,-0.7593734092842255,-0.4335069386138353
160,1563598800,128,58,0,186,29,-1.0221954335471193,-1.3925853998496531
160,1563613200,63,215,152,278,29,-0.3213367021794027,-1.252751456214637
160,1563627600,259,637,378,896,29,0.720729569459439,-0.3134321391881149
160,1563642000,355,740,385,1095,29,0.753005958404005,-0.010965239368895005
160,1563656400,383,839,456,1222,29,1.0803807605560305,0.1820664002142252
160,1563670800,379,420,41,799,29,-0.8331480125860904,-0.46086575367286026
160,1563685200,106,61,0,167,29,-1.0221954335471193,-1.421464149078624
160,1563699600,63,138,75,201,29,-0.6763769805696275,-1.3697863873004656
160,1563714000,214,586,372,800,29,0.6930640932212397,-0.4593458195029144
160,1563728400,307,691,384,998,29,0.7483950456976384,-0.1583988538536404
160,1563742800,322,588,266,910,29,0.20430734634638473,-0.29215306080887327
160,1563757200,228,201,0,429,29,-1.0221954335471193,-1.0232413965528169
160,1563771600,48,39,0,87,29,-1.0221954335471193,-1.5430588826742901
160,1563786000,544,705,161,1249,29,-0.2798384878221037,0.22310462280276258
160,1563800400,480,1055,575,1535,29,1.6290793726136505,0.6578057954072696
160,1563814800,519,897,378,1416,29,0.720729569459439,0.47693362918371596
160,1563829200,706,1046,340,1752,29,0.5455148866175099,0.9876315102855143
160,1563843600,311,108,0,419,30,-1.063410957801713,-0.9911987307706319
160,1563858000,45,17,0,62,30,-1.063410957801713,-1.5288211359643396
160,1563872400,568,595,27,1163,30,-0.9625656637603063,0.129224432994406
160,1563886800,537,1144,607,1681,30,1.2037406526847287,0.9093040013146877
160,1563901200,577,937,360,1514,30,0.2811929627503777,0.6578111675125892
160,1563915600,720,1369,649,2089,30,1.3606111100824727,1.5237296072503537
160,1563930000,407,126,0,533,30,-1.063410957801713,-0.8195209879356664
160,1563944400,51,19,0,70,30,-1.063410957801713,-1.5167735750636402
160,1563958800,567,680,113,1247,30,-0.6413547271839735,0.25572382245174896
160,1563973200,531,1094,563,1625,30,1.03940017350614,0.8249710750097924
160,1563987600,564,997,433,1561,30,0.5538487577512183,0.7285905878041977
160,1564002000,748,1392,644,2140,30,1.3419360556303603,1.600532807992312
160,1564016400,425,173,0,598,30,-1.063410957801713,-0.7216345556174844
160,1564030800,53,24,0,77,30,-1.063410957801713,-1.5062319592755282
160,1564045200,557,638,81,1195,30,-0.7608750756774926,0.17741467659720334
160,1564059600,560,1161,601,1721,30,1.181330587342194,0.9695418058181844
160,1564074000,612,1011,399,1623,30,0.4268583874768542,0.8219591847846176
160,1564088400,746,1470,724,2216,30,1.6407369268641583,1.7149846365489556
160,1564102800,458,137,0,595,30,-1.063410957801713,-0.7261523909552465
160,1564117200,55,24,0,79,30,-1.063410957801713,-1.5032200690503534
160,1564131600,451,653,202,1104,30,-0.30893875793637326,0.04037367135174842
160,1564146000,496,1105,609,1601,30,1.2112106744655737,0.7888283923076944
160,1564160400,611,1248,637,1859,30,1.315790979397403,1.1773622313552479
160,1564174800,673,1508,835,2181,30,2.0553231357010526,1.662276557608396
160,1564189200,514,540,26,1054,30,-0.9663006746507287,-0.034923584277622405
160,1564203600,145,59,0,204,30,-1.063410957801713,-1.3149769299769265
160,1564218000,83,237,154,320,30,-0.488219280676652,-1.140287296916786
160,1564232400,277,730,453,1007,30,0.6285489755596677,-0.10570300456923097
160,1564246800,467,919,452,1386,30,0.6248139646692453,0.4650501931013999
160,1564261200,426,930,504,1356,30,0.8190345309712139,0.4198718397237774
160,1564275600,404,421,17,825,30,-0.999915772664531,-0.3797850150601408
160,1564290000,124,50,0,174,30,-1.063410957801713,-1.360155283354549
160,1564304400,64,127,63,191,30,-0.8281052717050972,-1.3345542164405628
160,1564318800,216,604,388,820,30,0.38577326768220693,-0.38731474062307786
160,1564333200,375,725,350,1100,30,0.24384285384615292,0.034349890901398755
160,1564347600,370,682,312,1052,30,0.1019124400100989,-0.03793547450279724
160,1564362000,232,228,0,460,30,-1.063410957801713,-0.9294549811545478
160,1564376400,46,39,0,85,30,-1.063410957801713,-1.494184398374829
160,1564390800,529,646,117,1175,30,-0.6264146836222836,0.147295774345455
160,1564405200,481,1145,664,1626,30,1.4166362734388098,0.8264770201223798
160,1564419600,529,961,432,1490,30,0.5501137468607958,0.6216684848104912
160,1564434000,711,1253,542,1964,30,0.960964944807268,1.3354864681769265
160,1564448400,339,222,0,561,31,-1.119150913056566,-0.9686149460068033
160,1564462800,51,28,0,79,31,-1.119150913056566,-1.680129912695062
160,1564477200,566,731,165,1297,31,-0.5586554513512414,0.11784774171634703
160,1564491600,516,1122,606,1638,31,0.9393960553884443,0.6212224380663393
160,1564506000,539,930,391,1469,31,0.2090534840754456,0.37174934808643106
160,1564520400,728,1264,536,1992,31,0.7016101019377006,1.1437873721070937
160,1564534800,381,293,0,674,31,-1.119150913056566,-0.8018074953101783
160,1564549200,54,29,0,83,31,-1.119150913056566,-1.6742252241748274
160,1564563600,548,688,140,1236,31,-0.6435790061550785,0.027801241782770717
160,1564578000,513,1212,699,1725,31,1.2553116792587182,0.7496494133814399
160,1564592400,559,876,317,1435,31,-0.042320238143912066,0.3215594956644377
160,1564606800,689,1408,719,2097,31,1.3232505231017877,1.2987854457632495
160,1564621200,436,314,0,750,31,-1.119150913056566,-0.6896184134257226
160,1564635600,37,33,0,70,31,-1.119150913056566,-1.6934154618655897
160,1564650000,521,692,171,1213,31,-0.5382737981983204,-0.006150717208577729
160,1564664400,509,1151,642,1660,31,1.0616859743059697,0.6536982249276291
160,1564678800,564,1073,509,1637,31,0.6098926627495566,0.6197462659362806
160,1564693200,748,1503,755,2251,31,1.4455404420193132,1.5261159537922784
160,1564707600,422,254,0,676,31,-1.119150913056566,-0.798855151050061
160,1564722000,67,47,0,114,31,-1.119150913056566,-1.62846388814301
160,1564736400,426,661,235,1087,31,-0.3208694979004976,-0.19214840559596488
160,1564750800,478,1097,619,1575,31,0.9835563038864396,0.5282235938726456
160,1564765200,582,1158,576,1740,31,0.8374877896238399,0.7717919953323193
160,1564779600,663,1490,827,2153,31,1.6901202798543637,1.3814510850465327
160,1565398800,8923,7918,0,16841,32,-1.1558249364128297,4.082026258599664
160,1565413200,118,56,0,174,32,-1.1558249364128297,-0.4260829320068525
160,1565427600,85,276,191,361,32,-0.2481670717743399,-0.37550295848771775
160,1565442000,260,737,477,997,32,1.110943657474917,-0.20347695229429694
160,1565456400,476,789,313,1265,32,0.3315934490942243,-0.13098800628826426
160,1565470800,430,814,384,1244,32,0.6689950636980608,-0.13666811026634892
160,1565485200,377,396,19,773,32,-1.0655343634906762,-0.2640647280605332
160,1565499600,122,51,0,173,32,-1.1558249364128297,-0.42635341314866604
160,1565514000,71,195,124,266,32,-0.5665601447103547,-0.40119866696000545
160,1565528400,214,508,294,722,32,0.24130287617207086,-0.2778592662930245
160,1565542800,384,794,410,1178,32,0.7925505845389024,-0.15451986562604353
160,1565557200,369,691,322,1060,32,0.37436266784682326,-0.18643664036004298
160,1565571600,240,177,0,417,32,-1.1558249364128297,-0.3603560145461587
160,1565586000,47,33,0,80,32,-1.1558249364128297,-0.45150815933732663
160,1565600400,450,658,208,1108,32,-0.16738076968609733,-0.17345354555299236
160,1565614800,399,977,578,1376,32,1.590909334587417,-0.10096459954695969
160,1565629200,511,896,385,1407,32,0.6737471991150162,-0.0925796841507395
160,1565643600,686,1359,673,2045,32,2.042362199198184,0.07998728432630842
160,1565658000,332,244,0,576,33,-1.1159466132449622,-0.6981121543969533
160,1565672400,43,33,0,76,33,-1.1159466132449622,-1.5173094745990108
160,1565686800,505,664,159,1169,33,-0.46263798843126375,0.27345586736268684
160,1565701200,456,1055,599,1511,33,1.3452600928141911,0.8337868343808942
160,1565715600,526,937,411,1463,33,0.5727945490093149,0.7551438916414966
160,1565730000,749,1259,510,2008,33,0.9795716172895422,1.6480689706617393
160,1565744400,397,253,0,650,33,-1.1159466132449622,-0.5768709510070488
160,1565758800,61,34,0,95,33,-1.1159466132449622,-1.4861799764313326
160,1565773200,483,648,165,1131,33,-0.4379848327779166,0.21119687102733048
160,1565787600,458,998,540,1456,33,1.1028373955562778,0.7436751291586678
160,1565802000,514,959,445,1473,33,0.7124957643782819,0.7715278380455378
160,1565816400,721,1365,644,2086,33,1.5301587602142943,1.7758637526132601
160,1565830800,379,267,0,646,33,-1.1159466132449622,-0.5834245295686653
160,1565845200,57,44,0,101,33,-1.1159466132449622,-1.4763496085889078
160,1565859600,486,699,213,1185,33,-0.24075958755113974,0.29967018160915265
160,1565874000,464,1112,648,1576,33,1.5465941973165258,0.9402824860071616
160,1565888400,562,1082,520,1644,33,1.0206602100451208,1.0516933215546413
160,1565902800,722,1416,694,2138,33,1.735601723992187,1.861060273914274
160,1565917200,426,310,0,736,33,-1.1159466132449622,-0.4359690119322949
160,1565931600,69,41,0,110,33,-1.1159466132449622,-1.4616040568252708
160,1565946000,370,587,217,957,33,-0.22432415044890835,-0.07388379640298552
160,1565960400,452,1101,649,1553,33,1.5507030565920836,0.902599409277867
160,1565974800,565,1193,628,1758,33,1.4644170118053688,1.2384703105607104
160,1565989200,661,1288,627,1949,33,1.460308152529811,1.5514036868778964
160,1566003600,466,450,0,916,33,-1.1159466132449622,-0.14105797665955425
160,1566018000,103,35,0,138,33,-1.1159466132449622,-1.4157290068939556
160,1566032400,91,208,117,299,33,-0.6352100780046935,-1.1519474697888932
160,1566046800,241,635,394,876,33,0.5029439413248314,-0.20659376227571882
160,1566061200,416,664,248,1080,33,-0.09694951290661494,0.1276387443667206
160,1566075600,393,747,354,1140,33,0.33858957030251735,0.2259424227909675
160,1566090000,333,328,0,661,33,-1.1159466132449622,-0.5588486099626035
160,1566104400,109,44,0,153,33,-1.1159466132449622,-1.3911530872878939
160,1566118800,51,149,98,200,33,-0.7132784042402927,-1.3141485391889005
160,1566133200,190,573,383,763,33,0.45774648929369505,-0.39173235664138384
160,1566147600,312,630,318,942,33,0.1906706363824347,-0.09845971600904725
160,1566162000,321,524,203,845,33,-0.28184818030671827,-0.2573839961282464
160,1566176400,206,179,0,385,33,-1.1159466132449622,-1.0110455307141393
160,1566190800,32,40,8,72,33,-1.0830757390404993,-1.5238630531606272
160,1566205200,462,660,198,1122,33,-0.3023924766845075,0.19645131926369344
160,1566219600,414,944,530,1358,33,1.0617488028006992,0.5831124543990646
160,1566234000,466,917,451,1383,33,0.737148920031629,0.6240723204091674
160,1566248400,636,1072,436,1708,33,0.6755160308982612,1.1565505785405048
160,1566262800,293,199,0,492,34,-1.106795058692962,-0.8743945517501164
160,1566277200,52,29,0,81,34,-1.106795058692962,-1.562980261253333
160,1566291600,513,742,229,1255,34,-0.2094541774227177,0.4039287970356604
160,1566306000,419,987,568,1406,34,1.1189238083878188,0.6569128411597133
160,1566320400,498,986,488,1484,34,0.8054422778130609,0.7875933407734623
160,1566334800,676,1371,695,2047,34,1.6165757381752468,1.730838485421421
160,1566349200,387,297,0,684,34,-1.106795058692962,-0.5527194757778108
160,1566363600,49,57,8,106,34,-1.0754469056354863,-1.5210954857361056
160,1566378000,494,555,61,1049,34,-0.8677653916297092,0.0587982467737076
160,1566392400,407,1054,647,1461,34,1.4284868198303922,0.7490593472976133
160,1566406800,501,974,473,1475,34,0.7466644908302937,0.7725148215872606
160,1566421200,655,1244,589,1899,34,1.2012127101636927,1.4828806143594353
160,1566435600,366,294,0,660,34,-1.106795058692962,-0.592928860274349
160,1566450000,62,49,0,111,34,-1.106795058692962,-1.5127185306326603
160,1566464400,489,663,174,1152,34,-0.42497272969286376,0.231363521904684
160,1566478800,454,1084,630,1538,34,1.361871994583256,0.8780644558906733
160,1566493200,519,1015,496,1534,34,0.8367904308705366,0.8713628918079169
160,1566507600,687,1373,686,2060,34,1.5813090659855866,1.752618568690379
160,1566522000,382,268,0,650,34,-1.106795058692962,-0.6096827704812399
160,1566536400,70,63,0,133,34,-1.106795058692962,-1.4758599281775002
160,1566550800,383,590,207,973,34,-0.29566159833077615,-0.06853147079866335
160,1566565200,450,1101,651,1551,34,1.44416089635913,0.8998445391596315
160,1566579600,568,1214,646,1782,34,1.4245683006982077,1.2868598649388117
160,1566594000,674,1290,616,1964,34,1.3070127267326734,1.5917810307042262
160,1566608400,453,366,0,819,34,-1.106795058692962,-0.32654168798478345
160,1566622800,105,49,0,154,34,-1.106795058692962,-1.4406767167430292
160,1566637200,88,253,165,341,34,-0.460239401882524,-1.127378595874169
160,1566651600,243,635,392,878,34,0.42926444112335144,-0.22769361776412703
160,1566666000,452,829,377,1281,34,0.37048665414058435,0.4474889635735768
160,1566680400,451,817,366,1268,34,0.32738294368655513,0.4257088803046186
160,1566694800,367,398,31,765,34,-0.9853209655952434,-0.41701280310199434
160,1566709200,115,41,0,156,34,-1.106795058692962,-1.4373259347016512
160,1566723600,65,179,114,244,34,-0.6600838776239322,-1.289891524881011
160,1566738000,174,614,440,788,34,0.6173533594682061,-0.3784788096261453
160,1566752400,431,800,369,1231,34,0.33913850108310856,0.36371941253912227
160,1566766800,452,667,215,1119,34,-0.26431344527330036,0.176075618221944
160,1566781200,248,155,0,403,34,-1.106795058692962,-1.0235043525914456
160,1566795600,45,45,0,90,34,-1.106795058692962,-1.547901742067131
160,1566810000,467,520,53,987,34,-0.899113544687185,-0.045075996509016066
160,1566824400,412,983,571,1395,34,1.1306793657843721,0.6384835399321332
160,1566838800,496,908,412,1404,34,0.5076348237670408,0.6535620591183351
160,1566853200,610,1104,494,1714,34,0.8289533926061677,1.1729332755319535
160,1566867600,309,245,0,554,35,-1.1297293022127066,-0.676904994604723
160,1566882000,49,52,3,101,35,-1.1161599279123864,-1.4695369386928143
160,1566896400,478,591,113,1069,35,-0.6186162035673117,0.22421079172059047
160,1566910800,497,955,458,1452,35,0.9418618409695135,0.894360978444076
160,1566925200,558,1039,481,1597,35,1.045893710605302,1.1480731901279022
160,1566939600,730,1208,478,1938,35,1.0323243363049817,1.7447343224326242
160,1566954000,359,262,0,621,35,-1.1297293022127066,-0.5596724554128861
160,1566968400,54,48,0,102,35,-1.1297293022127066,-1.4677871993018914
160,1566982800,498,604,106,1102,35,-0.6502780769347255,0.28195219162104745
160,1566997200,496,983,487,1479,35,1.0730324592059424,0.9416039419989953
160,1567011600,497,934,437,1431,35,0.846876220867272,0.8576164512346943
160,1567026000,714,1144,430,1858,35,0.8152143474998582,1.604755171158789
160,1567040400,367,278,0,645,35,-1.1297293022127066,-0.5176787100307355
160,1567054800,56,46,0,102,35,-1.1297293022127066,-1.4677871993018914
160,1567069200,437,700,263,1137,35,0.05985251144869928,0.3431930703033503
160,1567083600,503,1073,570,1576,35,1.4484518148481351,1.1113286629185204
160,1567098000,580,985,405,1565,35,0.702136228330523,1.0920815296183681
160,1567112400,682,1257,575,1939,35,1.4710674386820022,1.746484061823547
160,1567126800,417,355,0,772,35,-1.1297293022127066,-0.29546180738352235
160,1567141200,69,35,0,104,35,-1.1297293022127066,-1.4642877205200455
160,1567153648,219,121,0,340,35,-1.1297293022127066,-1.051349224262232
160,1567155600,109,569,460,678,35,0.9509080905030604,-0.45993731013027855
160,1567170000,431,1085,654,1516,35,1.8283942952571013,1.0063442994631442
160,1567184400,648,1174,526,1822,35,1.2494343251101052,1.5417645530855633
160,1567198800,541,1213,672,1754,35,1.9098105410590225,1.4227822745028036
160,1567213200,495,522,27,1017,35,-1.0076049335098247,0.13322434339259764
160,1567227600,100,73,0,173,35,-1.1297293022127066,-1.3435557025463627
160,1567242000,72,237,165,309,35,-0.3834137156950946,-1.105591145380843
160,1567256400,236,698,462,934,35,0.9599543400366072,-0.012004026054006264
160,1567270800,414,789,375,1203,35,0.5664424853273208,0.45867587010426425
160,1567285200,504,841,337,1345,35,0.39456374418993134,0.7071388636153215
160,1567299600,519,515,0,1034,35,-1.1297293022127066,0.16296991303828762
160,1567314000,121,82,0,203,35,-1.1297293022127066,-1.2910635208186745
160,1567328400,78,146,68,224,35,-0.8221568180721149,-1.2543189936092927
160,1567342800,289,549,260,838,35,0.04628313714837906,-0.17997900758260837
160,1567357200,379,738,359,1117,35,0.4940724890589463,0.3081982824848915
160,1567371600,411,819,408,1230,35,0.7157056026308433,0.5059188336591836
160,1567386000,305,330,25,635,35,-1.0166511830433715,-0.535176103939965
160,1567400400,70,55,0,125,35,-1.1297293022127066,-1.4275431933106637
160,1567414800,57,189,132,246,35,-0.532676832998617,-1.2158247270089881
160,1567429200,189,475,286,664,35,0.16388438108448763,-0.48443366160319973
160,1567443600,282,658,376,940,35,0.5709656100940942,-0.0015055897084686307
160,1567458000,312,654,342,966,35,0.4171793680237984,0.04398763445552778
160,1567472400,204,230,26,434,36,-1.0115311077203415,-1.0329902427553377
160,1567486800,37,61,24,98,36,-1.01973984243665,-1.5318117013429138
160,1567501200,518,643,125,1161,36,-0.6051987392630737,0.04630499651004279
160,1567515600,499,1179,680,1678,36,1.672725144512519,0.8138368241581881
160,1567530000,577,1097,520,1674,36,1.0160263672078436,0.807898473460717
160,1567544400,814,1365,551,2179,36,1.1432617553106246,1.557615249016449
160,1567558800,340,302,0,642,36,-1.1182446590323514,-0.7241960064868381
160,1567573200,41,65,24,106,36,-1.01973984243665,-1.5199349999479714
160,1567587600,509,638,129,1147,36,-0.5887812698304568,0.025520769068893782
160,1567602000,573,1349,776,1922,36,2.0667444108953243,1.1760762167039278
160,1567616400,646,1176,530,1822,36,1.0570700407893858,1.0276174492671493
160,1567630800,859,1264,405,2123,36,0.5440241210201082,1.4744783392518528
160,1567645200,371,368,0,739,36,-1.1182446590323514,-0.5801910020731629
160,1567659600,51,64,13,115,36,-1.0648878833763464,-1.5065737108786614
160,1567674000,544,687,143,1231,36,-0.5313201268162977,0.1502261337157878
160,1567688400,552,1246,694,1798,36,1.730186287526678,0.9919873450823224
160,1567702800,638,1149,511,1787,36,0.9790870609844556,0.9756568806642768
160,1567717200,901,1407,506,2308,36,0.9585652241936846,1.7491270590098933
160,1567731600,433,337,0,770,36,-1.1182446590323514,-0.5341687841677615
160,1567746000,53,41,0,94,36,-1.1182446590323514,-1.5377500520403848
160,1567760400,457,654,197,1111,36,-0.3096842894759697,-0.027924387208346516
160,1567774800,547,1188,641,1735,36,1.5126548175445045,0.8984583215971519
160,1567789200,681,998,317,1679,36,0.1828397935025368,0.8153214118325559
160,1567803600,775,1258,483,2033,36,0.8641647749561375,1.3408654485587521
160,1567818000,484,488,4,972,36,-1.1018271895997345,-0.23428207394546877
160,1567832400,122,62,0,184,36,-1.1182446590323514,-1.4041371613472842
160,1567846800,89,254,165,343,36,-0.4410240449369048,-1.1680877211228062
160,1567861200,343,818,475,1161,36,0.8313298360909037,0.04630499651004279
160,1567875600,510,826,316,1336,36,0.1787354261443826,0.30610783952440535
160,1567890000,532,947,415,1479,36,0.5850677946016505,0.5184038769589987
160,1567904400,446,498,52,944,36,-0.9048175564083317,-0.2758505288277668
160,1567918800,128,68,0,196,36,-1.1182446590323514,-1.3863221092548708
160,1567933200,67,186,119,253,36,-0.629824943411999,-1.301700611815907
160,1567947600,256,694,438,950,36,0.6794682438391976,-0.2669430027815601
160,1567962000,415,792,377,1207,36,0.42910183499179005,0.11459602953096094
160,1567976400,428,604,176,1032,36,-0.39587600399720835,-0.14520681348340161
160,1567990800,235,224,0,459,36,-1.1182446590323514,-0.995875550896143
160,1568005200,51,32,0,83,36,-1.1182446590323514,-1.5540805164584304
160,1568019600,535,704,169,1239,36,-0.42460657550428793,0.1621028351107301
160,1568034000,480,1137,657,1617,36,1.5783246952749719,0.7232769760217532
160,1568048400,614,919,305,1533,36,0.13358738520468616,0.5985716113748591
160,1568062800,799,1279,480,2078,36,0.8518516728816748,1.4076718939053026
160,1568077200,343,313,0,656,37,-1.2248644420348853,-0.7009602003904046
160,1568091600,44,61,17,105,37,-1.1518145580044052,-1.527539612234213
160,1568106000,572,730,158,1302,37,-0.5459302257515994,0.2681329031506122
160,1568120400,541,1213,672,1754,37,1.6627545031699764,0.9461980468046983
160,1568134800,673,1037,364,1710,37,0.33926248661774816,0.8801917053870439
160,1568149200,831,1141,310,1972,37,0.10722167852092887,1.2732294656467134
160,1568163600,419,278,0,697,37,-1.2248644420348853,-0.6394542913421357
160,1568178000,51,36,0,87,37,-1.2248644420348853,-1.5545422064505263
160,1568192400,548,698,150,1246,37,-0.580306641765943,0.18412483225541573
160,1568206800,550,1200,650,1750,37,1.5682193591305316,0.9401974703121843
160,1568221200,680,1019,339,1699,37,0.2318361865729244,0.8636901200326303
160,1568235600,804,1293,489,2097,37,0.8763939868418668,1.460747481037777
160,1568250000,405,325,0,730,37,-1.2248644420348853,-0.5899495352788949
160,1568264400,38,56,18,94,37,-1.1475175060026124,-1.5440411975886268
160,1568278800,543,785,242,1328,37,-0.18497785760099167,0.3071366503519535
160,1568293200,521,1220,699,1741,37,1.778774907218386,0.9266961732040278
160,1568307600,662,997,335,1659,37,0.2146479785657526,0.80368435510749
160,1568322000,912,1174,262,2086,37,-0.09903681756513269,1.4442458956833633
160,1568336400,397,314,0,711,37,-1.2248644420348853,-0.6184522736183367
160,1568350800,65,25,0,90,37,-1.2248644420348853,-1.5500417740811407
160,1568365200,493,742,249,1235,37,-0.15489849358844102,0.16762324690100214
160,1568379600,541,1207,666,1748,37,1.6369721911592188,0.9371971820659273
160,1568394000,681,1216,535,1897,37,1.0740583789243425,1.160718656412075
160,1568408400,826,1454,628,2280,37,1.4736842150910867,1.735273855570294
160,1568422800,411,526,115,937,37,-0.7307034618286963,-0.27941970179129355
160,1568437200,95,72,0,167,37,-1.2248644420348853,-1.4345306766002455
160,1568451600,47,321,274,368,37,-0.0474721935436173,-1.1330017078514152
160,1568466000,215,838,623,1053,37,1.452198955082122,-0.10540298350838652
160,1568480400,418,899,481,1317,37,0.8420175708275232,0.2906350649975399
160,1568494800,450,870,420,1320,37,0.5798973987181533,0.2951354973669254
160,1568509200,306,489,183,795,37,-0.43850392570677565,-0.49244016727554185
160,1568523600,87,80,0,167,37,-1.2248644420348853,-1.4345306766002455
160,1568538000,37,198,161,235,37,-0.5330390697462206,-1.332520876227507
160,1568552400,174,695,521,869,37,1.013899650899241,-0.3814295021640322
160,1568566800,315,880,565,1195,37,1.202969938978131,0.10761748197586177
160,1568581200,358,675,317,1033,37,0.13730104253347952,-0.1354058659709567
160,1568595600,200,236,36,436,37,-1.0701705699703392,-1.0309919074786766
160,1568610000,20,34,14,54,37,-1.164705714009784,-1.604046962513767
160,1568624400,529,703,174,1232,37,-0.47717739372291224,0.16312281453161662
160,1568638800,529,1104,575,1633,37,1.2459404589960603,0.7646806079061488
160,1568653200,594,1007,413,1601,37,0.5498180347056026,0.7166759959660365
160,1568667600,887,1204,317,2091,37,0.13730104253347952,1.4517466162990058
160,1568682000,354,316,0,670,38,-1.1022861976958949,-0.7163473282084191
160,1568696400,36,31,0,67,38,-1.1022861976958949,-1.6031068195914984
160,1568710800,568,772,204,1340,38,-0.25350502200986746,0.2689409955505579
160,1568725200,603,1225,622,1828,38,1.4856642497389532,0.9865838343481411
160,1568739600,636,1015,379,1651,38,0.4746160845835383,0.7262912473252472
160,1568754000,865,1155,290,2020,38,0.10431449323032052,1.2689351151865345
160,1568768400,427,354,0,781,38,-1.1022861976958949,-0.5531129939737229
160,1568782800,52,35,0,87,38,-1.1022861976958949,-1.573695227837499
160,1568797200,572,673,101,1245,38,-0.6820563018905578,0.12923593471906114
160,1568811600,555,1286,731,1841,38,1.939179681845703,1.0057013689882406
160,1568826000,660,1154,494,1814,38,0.9530956689163478,0.9659957201203415
160,1568840400,863,1313,450,2176,38,0.7700252192585773,1.4983455308677291
160,1568854800,453,367,0,820,38,-1.1022861976958949,-0.49576039005342426
160,1568869200,44,38,0,82,38,-1.1022861976958949,-1.581048125775999
160,1568883600,526,770,244,1296,38,-0.08707734050280329,0.2042354936917594
160,1568898000,559,1261,702,1820,38,1.8185196127530816,0.9748191976465413
160,1568912400,687,1141,454,1828,38,0.7866679874092837,0.9865838343481411
160,1568926800,937,1333,396,2270,38,0.5453478492240406,1.636580012111526
160,1568941200,476,400,0,876,38,-1.1022861976958949,-0.4134079331422262
160,1568955600,60,41,0,101,38,-1.1022861976958949,-1.5531071136096994
160,1568970000,491,652,161,1143,38,-0.43241477962996144,-0.020763183226335358
160,1568984400,525,1171,646,1696,38,1.5855208586431917,0.7924673287717456
160,1568998800,684,1114,430,1798,38,0.6868113785050451,0.9424664467171421
160,1569013200,797,1374,577,2171,38,1.298433108043506,1.4909926329292293
160,1569027600,523,462,0,985,38,-1.1022861976958949,-0.25311475808292994
160,1569042000,116,73,0,189,38,-1.1022861976958949,-1.4236961098921026
160,1569056400,91,232,141,323,38,-0.5156286203834936,-1.2266384451403072
160,1569070800,331,820,489,1151,38,0.9322922087279648,-0.008998546524735631
160,1569085200,531,883,352,1414,38,0.36227739956627,0.3777638850403553
160,1569099600,505,808,303,1313,38,0.15840348972011636,0.2292353466826588
160,1569114000,435,352,0,787,38,-1.1022861976958949,-0.5442895164475231
160,1569128400,114,71,0,185,38,-1.1022861976958949,-1.4295784282429025
160,1569142800,65,172,107,237,38,-0.6570921496644981,-1.3531082896825042
160,1569157200,272,637,365,909,38,0.41636639605606585,-0.3648788067481273
160,1569171600,415,791,376,1206,38,0.4621340084705085,0.07188333079876248
160,1569186000,395,721,326,1116,38,0.2540994065866783,-0.060468832094234426
160,1569200400,260,194,0,454,38,-1.1022861976958949,-1.0339925191516117
160,1569214800,29,34,5,63,38,-1.0814827375075118,-1.6089891379422983
160,1569229200,575,741,166,1316,38,-0.4116113194415784,0.23364708544575868
160,1569243600,483,1260,777,1743,38,2.130571515578827,0.861584569393644
160,1569258000,649,1072,423,1721,38,0.657686534241309,0.8292318184642448
160,1569272400,825,1241,416,2066,38,0.6285616899775727,1.3365817762207328
160,1569286800,441,291,0,732,39,-1.0939403460828914,-0.70635064200991
160,1569301200,54,36,0,90,39,-1.0939403460828914,-1.6690497276930485
160,1569315600,577,732,155,1309,39,-0.46571595890931844,0.1588789100760261
160,1569330000,589,1265,676,1854,39,1.6459285941063684,0.9761234610064163
160,1569344400,650,1166,516,1816,39,0.9974389041207448,0.9191412721342056
160,1569358800,865,1185,320,2050,39,0.20303903388835587,1.2700315930841346
160,1569373200,470,331,0,801,39,-1.0939403460828914,-0.6028829832682643
160,1569387600,55,41,0,96,39,-1.0939403460828914,-1.6600525399763837
160,1569402000,570,672,102,1242,39,-0.6805281687170562,0.05841031390660196
160,1569416400,619,1233,614,1852,39,1.3946388392369393,0.9731243984341947
160,1569430800,710,1172,462,1882,39,0.7785736337505968,1.0181103370175189
160,1569445200,915,1364,449,2279,39,0.7258838464392648,1.6134242576035096
160,1569459600,488,368,0,856,39,-1.0939403460828914,-0.5204087625321698
160,1569474000,50,49,0,99,39,-1.0939403460828914,-1.6555539461180513
160,1569488400,563,725,162,1288,39,-0.4373445349724474,0.12738875306769912
160,1569502800,593,1222,629,1815,39,1.4554347476730913,0.9176417408480948
160,1569517200,663,1044,381,1707,39,0.45027572819537487,0.7556923619481276
160,1569531600,827,1310,483,2137,39,0.8636879055612099,1.4004908149757749
160,1569546000,536,358,0,894,39,-1.0939403460828914,-0.46342657365995915
160,1569560400,63,57,0,120,39,-1.0939403460828914,-1.6240637891097243
160,1569574800,530,664,134,1194,39,-0.5508302307199315,-0.013567187826716816
160,1569589200,545,1177,632,1722,39,1.467593929360322,0.7781853312397897
160,1569603600,690,1073,383,1763,39,0.45838184932019516,0.8396661139703328
160,1569618000,755,1449,694,2204,39,1.718883684229751,1.500959411145199
160,1569632400,632,475,0,1107,39,-1.0939403460828914,-0.1440264097183571
160,1569646800,155,73,0,228,39,-1.0939403460828914,-1.4621144102097572
160,1569661200,120,304,184,424,39,-0.3481772025994242,-1.1682062781320388
160,1569675600,361,934,573,1295,39,1.228463356178123,0.13788547207047477
160,1569690000,632,970,338,1602,39,0.2759941240117385,0.5982415769064927
160,1569704400,672,1031,359,1703,39,0.3611083958223516,0.7496942368036843
160,1569718800,525,493,0,1018,39,-1.0939403460828914,-0.277484694182219
160,1569733200,140,76,0,216,39,-1.0939403460828914,-1.4801087856430868
160,1569747600,95,174,79,269,39,-0.7737485616524896,-1.400633627479214
160,1569762000,300,726,426,1026,39,0.6326634535038315,-0.26548844389333254
160,1569776400,513,1002,489,1515,39,0.8880062689356708,0.4677823550148525
160,1569790800,547,745,198,1292,39,-0.29143435472568213,0.13338687821214235
160,1569805200,347,280,0,627,39,-1.0939403460828914,-0.8638014270515448
160,1569819600,42,30,0,72,39,-1.0939403460828914,-1.6960412908430431
160,1569834000,433,652,219,1085,39,-0.20632008291506904,-0.17701609801279486
160,1569848400,439,1195,756,1634,39,1.97017343909918,0.6462265780620386
160,1569862800,610,1098,488,1708,39,0.8839532083732606,0.7571918932342384
160,1569877200,735,1170,435,1905,39,0.6691409985655228,1.0525995565980675
160,1569891600,346,240,0,586,40,-1.0574366107058384,-0.8350673619418124
160,1569906000,40,35,0,75,40,-1.0574366107058384,-1.622234250645044
160,1569920400,534,719,185,1253,40,-0.25639513023548993,0.1924087921972395
160,1569934800,504,1140,636,1644,40,1.6964141005327649,0.794722399795994
160,1569949200,677,1094,417,1771,40,0.7481541858138119,0.9903587889648989
160,1569963600,915,1288,373,2203,40,0.5576362120803237,1.6558306009410166
160,1569978000,498,271,0,769,40,-1.0574366107058384,-0.5531661082574848
160,1569992400,57,38,0,95,40,-1.0574366107058384,-1.5914253704609644
160,1570006800,625,691,66,1316,40,-0.771659650105606,0.28945676477709
160,1570021200,598,1203,605,1801,40,1.5621855281296255,1.0365721092410183
160,1570035600,705,1037,332,1742,40,0.38010810019230046,0.9456859126979836
160,1570050000,831,1164,333,1995,40,0.3844380541407888,1.3354182470265896
160,1570064400,404,300,0,704,40,-1.0574366107058384,-0.6532949688557432
160,1570078800,42,38,0,80,40,-1.0574366107058384,-1.6145320305990243
160,1570093200,515,697,182,1212,40,-0.26938499208095507,0.12925058781987647
160,1570107600,543,1201,658,1744,40,1.791673087399509,0.9487668007163916
160,1570122000,626,1085,459,1711,40,0.9300122516503234,0.8979321484126604
160,1570136400,823,1165,342,1988,40,0.42340763967718414,1.3246351389621618
160,1570150800,454,268,0,722,40,-1.0574366107058384,-0.6255669766900717
160,1570165200,60,59,0,119,40,-1.0574366107058384,-1.554454714240069
160,1570179600,471,660,189,1131,40,-0.23907531444153646,0.00447462307435444
160,1570194000,522,1207,685,1729,40,1.908581844008695,0.925660140578332
160,1570208400,704,1104,400,1808,40,0.6745449686895096,1.0473552173054461
160,1570222800,815,1370,555,2185,40,1.345687830705207,1.628102608775345
160,1570237200,547,508,0,1055,40,-1.0574366107058384,-0.11259912162514772
160,1570251600,115,61,0,176,40,-1.0574366107058384,-1.4666494057154424
160,1570266000,122,275,153,397,40,-0.3949536565871178,-1.126211279681364
160,1570280400,324,796,472,1120,40,0.9863016529806723,-0.012470261026889294
160,1570294800,522,891,369,1413,40,0.5403163962863702,0.43887983366987565
160,1570309200,558,1007,449,1565,40,0.8867127121654398,0.6730273230688799
160,1570323600,432,474,42,906,40,-0.8755785448693268,-0.3421252789965401
160,1570338000,136,74,0,210,40,-1.0574366107058384,-1.4142743094025074
160,1570352400,64,164,100,228,40,-0.6244412158570014,-1.3865463172368357
160,1570366800,253,698,445,951,40,0.8693928963714862,-0.2728052985823612
160,1570381200,475,849,374,1324,40,0.561966166028812,0.30178031685072176
160,1570395600,486,660,174,1146,40,-0.304024623668862,0.027581283212414077
160,1570410000,277,198,0,475,40,-1.0574366107058384,-1.0060566469634538
160,1570424400,52,31,0,83,40,-1.0574366107058384,-1.6099106985714122
160,1570438800,536,672,136,1208,40,-0.4685628737114201,0.12308881178306058
160,1570453200,540,1200,660,1740,40,1.8003329952964857,0.9426050246795757
160,1570467600,628,1094,466,1722,40,0.960321929289742,0.9148770325139042
160,1570482000,811,467,0,1278,40,-1.0574366107058384,0.2309198924273389
160,1570496400,947,1448,501,2395,41,1.0427920321454096,1.8615957313151077
160,1570510800,54,53,0,107,41,-1.129510704257294,-1.6931365766124946
160,1570525200,543,717,174,1260,41,-0.37505825688389993,0.09821235303808476
160,1570539600,515,1151,636,1666,41,1.6281430689006293,0.7289909006860771
160,1570554000,647,1028,381,1675,41,0.5224799994741034,0.7429736763728553
160,1570568400,788,1116,328,1904,41,0.2926755183776098,1.0987576355142106
160,1570582800,554,313,0,867,41,-1.129510704257294,-0.512368851951228
160,1570597200,64,61,0,125,41,-1.129510704257294,-1.6651710252389382
160,1570611600,462,667,205,1129,41,-0.24064431511047915,-0.10531471529168616
160,1570626000,462,1113,651,1575,41,1.6931820729845426,0.5876095020753203
160,1570640400,552,866,314,1418,41,0.23197244789929072,0.34368774842819017
160,1570654800,726,1193,467,1919,41,0.8953702895552063,1.122062261658841
160,1570669200,485,352,0,837,41,-1.129510704257294,-0.5589781042404885
160,1570683600,51,54,3,105,41,-1.1165029034405114,-1.6962438600984453
160,1570698000,530,725,195,1255,41,-0.28400365116642134,0.090444144323208
160,1570712400,553,1314,761,1867,41,2.1701347695999065,1.0412728910241227
160,1570726800,711,1215,504,1926,41,1.0557998329621923,1.1329377538596683
160,1570741200,864,1350,486,2214,41,0.9777530280614963,1.5803865758365692
160,1570755600,597,399,0,996,41,-1.129510704257294,-0.31194906710740783
160,1570770000,84,78,0,162,41,-1.129510704257294,-1.6076862807488503
160,1570784400,501,717,216,1218,41,-0.19294904544894276,0.03295939983312004
160,1570798800,502,1154,652,1656,41,1.6975180065901367,0.7134544832563237
160,1570813200,688,1163,475,1851,41,0.93005775839996,1.016414623136517
160,1570827600,753,1303,550,2056,41,1.2552527788195265,1.334911180446464
160,1570842000,651,478,0,1129,41,-1.129510704257294,-0.10531471529168616
160,1570856400,142,64,0,206,41,-1.129510704257294,-1.5393260440579348
160,1570870800,126,272,146,398,41,-0.4964643978405381,-1.2410268294066675
160,1570885200,392,846,454,1238,41,0.8390031526824814,0.06403223469262705
160,1570899600,694,935,241,1629,41,-0.08455070530908727,0.6715061561959892
160,1570914000,732,889,157,1621,41,-0.44876912817900166,0.6590770222521863
160,1570928400,617,509,0,1126,41,-1.129510704257294,-0.10997564052061222
160,1570942800,156,90,0,246,41,-1.129510704257294,-1.4771803743389207
160,1570957200,79,172,93,251,41,-0.7262688789370316,-1.469412165624044
160,1570971600,288,693,405,981,41,0.6265424060083646,-0.3352536932520381
160,1570986000,628,854,226,1482,41,-0.14958970939300056,0.44312081997861263
160,1571000400,590,779,189,1369,41,-0.31001925279998666,0.267559303022398
160,1571014800,378,280,0,658,41,-1.129510704257294,-0.8370799762330763
160,1571029200,70,45,0,115,41,-1.129510704257294,-1.6807074426686917
160,1571043600,373,521,148,894,41,-0.48779253062934963,-0.4704205248908936
160,1571058000,442,1022,580,1464,41,1.385330786987353,0.4151552686050563
160,1571072400,563,912,349,1475,41,0.3837301240950884,0.4322453277777851
160,1571086800,673,1127,454,1800,41,0.8390031526824814,0.9371788942447741
160,1571101200,384,288,0,672,42,-1.108529251325574,-0.7583179701986531
160,1571115600,54,44,0,98,42,-1.108529251325574,-1.63449959615356
160,1571130000,548,639,91,1187,42,-0.7236456395372071,0.0278031750396344
160,1571144400,488,1044,556,1532,42,1.2430673217989543,0.5544280199080017
160,1571158800,647,1115,468,1762,42,0.8708721807288851,0.9055112498202467
160,1571173200,844,1334,490,2178,42,0.9639209659964024,1.5405139613136982
160,1571187600,581,299,0,880,42,-1.108529251325574,-0.44081661445192727
160,1571202000,68,51,0,119,42,-1.108529251325574,-1.6024441708137462
160,1571216400,568,709,141,1277,42,-0.5121711275655768,0.16518356935312153
160,1571230800,575,1270,695,1845,42,1.8309664650800863,1.0322065023537959
160,1571245200,643,1004,361,1647,42,0.41831672510959633,0.7299696348641243
160,1571259600,828,1016,188,1844,42,-0.3133850863122444,1.0306800535280904
160,1571274000,483,491,8,974,42,-1.0746933294101133,-0.2973304248356185
160,1571288400,47,68,21,115,42,-1.0197099562974894,-1.6085499661165679
160,1571302800,520,748,228,1268,42,-0.14420547673494016,0.15144552992177282
160,1571317200,590,1312,722,1902,42,1.9451627015447668,1.1192140854190045
160,1571331600,724,995,271,1719,42,0.03766260356066186,0.839873950314914
160,1571346000,921,1234,313,2155,42,0.21530119361683128,1.5054056383224739
160,1571360400,654,482,0,1136,42,-1.108529251325574,-0.050045715071341645
160,1571374800,76,125,49,201,42,-0.9012842295933765,-1.4772753671059025
160,1571389200,485,767,282,1252,42,0.08418699619442052,0.12702234871048623
160,1571403600,551,1204,653,1755,42,1.653327875023917,0.8948261080403088
160,1571418000,707,1239,532,1946,42,1.1415595560525718,1.1863778337500426
160,1571432400,813,1387,574,2200,42,1.3191981461087412,1.5740958354792174
160,1571446800,568,460,0,1028,42,-1.108529251325574,-0.21490218824752622
160,1571461200,108,74,0,182,42,-1.108529251325574,-1.5062778947943054
160,1571475600,99,331,232,430,42,-0.12728751577720973,-1.127718586019363
160,1571490000,347,833,486,1180,42,0.947003005038672,0.017118033259696512
160,1571504400,558,1025,467,1583,42,0.8666426904894524,0.6322769100189778
160,1571518800,553,1002,449,1555,42,0.7905118661796655,0.5895363428992263
160,1571533200,491,409,0,900,42,-1.108529251325574,-0.410287637937819
160,1571547600,125,96,0,221,42,-1.108529251325574,-1.446746390591794
160,1571562000,66,171,105,237,42,-0.6644327761851506,-1.4223232093805076
160,1571576400,256,727,471,983,42,0.8835606514471829,-0.2835923854042698
160,1571590800,448,722,274,1170,42,0.05035107427895968,0.001853545002642386
160,1571605200,393,562,169,955,42,-0.39374540086146387,-0.32633295252402134
160,1571619600,234,136,0,370,42,-1.108529251325574,-1.2193055155616876
160,1571634000,45,28,0,73,42,-1.108529251325574,-1.6726608167961954
160,1571648400,506,685,179,1191,42,-0.35145049846713783,0.03390897034245605
160,1571662800,465,1174,709,1639,42,1.8901793284321429,0.7177580442584809
160,1571677200,628,1067,439,1695,42,0.7482169637853395,0.803239178497984
160,1571691600,824,1209,385,2033,42,0.5198244908559788,1.3191788815864134
160,1571706000,428,283,0,711,43,-1.0935448049161407,-0.687883335591771
160,1571720400,48,56,8,104,43,-1.059419138114634,-1.6163018732367818
160,1571734800,573,686,113,1259,43,-0.6115197613448577,0.15029353200207743
160,1571749200,525,1312,787,1837,43,2.263567666682087,1.0343559945371947
160,1571763600,656,1032,376,1688,43,0.5103615347546772,0.8064575396622251
160,1571778000,811,1187,376,1998,43,0.5103615347546772,1.2806086873886722
160,1571792400,526,277,0,803,43,-1.0935448049161407,-0.5471675111052124
160,1571806800,49,58,9,107,43,-1.0551534297644456,-1.611713313742655
160,1571821200,582,701,119,1283,43,-0.5859255112437276,0.18700200795509267
160,1571835600,559,1298,739,1857,43,2.0588136658730467,1.0649463911647075
160,1571850000,661,1111,450,1772,43,0.8260239526686147,0.9349372054977785
160,1571864400,874,1297,423,2171,43,0.7108498272135294,1.5452156182166572
160,1571878800,570,324,0,894,43,-1.0935448049161407,-0.4079812064500296
160,1571893200,64,56,0,120,43,-1.0935448049161407,-1.5918295559347715
160,1571907600,552,756,204,1308,43,-0.22334030147771827,0.22524000373948358
160,1571922000,613,1309,696,1922,43,1.8753882068149477,1.164365180204124
160,1571936400,694,1111,417,1805,43,0.6852555771123994,0.9854113599331745
160,1571950800,884,1231,347,2115,43,0.3866559925992151,1.4595625076596215
160,1571965200,617,411,0,1028,43,-1.0935448049161407,-0.20302554904569442
160,1571979600,73,52,0,125,43,-1.0935448049161407,-1.5841819567778934
160,1571994000,475,753,278,1228,43,0.09232211643621929,0.10287841722943272
160,1572008400,542,1141,599,1683,43,1.4616144968466782,0.7988099405053469
160,1572022800,702,1139,437,1841,43,0.7705697441161663,1.0404740738626974
160,1572037200,775,1263,488,2038,43,0.9881208699757719,1.3417894806436976
160,1572051600,584,489,0,1073,43,-1.0935448049161407,-0.1341971566337908
160,1572066000,148,93,0,241,43,-1.0935448049161407,-1.4067576563383197
160,1572080400,120,301,181,421,43,-0.3214515935320502,-1.1314440866907052
160,1572094800,354,765,411,1119,43,0.6596613270112692,-0.06383924439051157
160,1572109200,541,963,422,1504,43,0.706584118863341,0.5250258906891082
160,1572123600,548,964,416,1512,43,0.680989868762211,0.5372620493401132
160,1572138000,531,486,0,1017,43,-1.0935448049161407,-0.2198502671908264
160,1572152400,144,102,0,246,43,-1.0935448049161407,-1.3991100571814414
160,1572166800,52,159,107,211,43,-0.6371140114459878,-1.4526432512795888
160,1572181200,219,555,336,774,43,0.33973320074714336,-0.5915235862151058
160,1572195600,354,701,347,1055,43,0.3866559925992151,-0.16172851359855225
160,1572210000,372,626,254,998,43,-0.010054883968300997,-0.24891114398696348
160,1572224400,262,185,0,447,43,-1.0935448049161407,-1.0916765710749388
160,1572238800,42,23,0,65,43,-1.0935448049161407,-1.6759531466604316
160,1572253200,522,634,112,1156,43,-0.6157854696950461,-0.007247010629613048
160,1572267600,511,1173,662,1684,43,1.730354122908544,0.8003394603367225
160,1572282000,626,954,328,1580,43,0.30560753394563656,0.6412693978736564
160,1572296400,813,1138,325,1951,43,0.29281040889507154,1.2087212553140172
160,1572310800,385,118,0,503,44,-0.7882314828142793,-0.7768211690085001
160,1572325200,35,22,0,57,44,-0.7882314828142793,-1.4247313225267877
160,1572339600,522,614,92,1136,44,-0.41630249886088144,0.1427463807158859
160,1572354000,553,1337,784,1890,44,2.381250293484242,1.238092245632453
160,1572368400,687,800,113,1487,44,-0.33140566556717105,0.652648766108081
160,1572382800,857,1002,145,1859,44,-0.20203906245294573,1.193058131822886
160,1572397200,483,151,0,634,44,-0.7882314828142793,-0.5865157203293617
160,1572411600,48,29,0,77,44,-0.7882314828142793,-1.3956770555528735
160,1572426000,543,707,164,1250,44,-0.12522764185387442,0.3083557024671971
160,1572440400,551,1205,654,1756,44,1.8556984683327014,1.0434286569072275
160,1572454800,676,1055,379,1731,44,0.7439542228198271,1.0071108231898347
160,1572469200,834,1259,425,2093,44,0.9299187147965261,1.5329930554176827
160,1572483600,498,160,0,658,44,-0.7882314828142793,-0.5516505999606646
160,1572498000,50,34,0,84,44,-0.7882314828142793,-1.3855080621120035
160,1572512400,509,616,107,1125,44,-0.35566190365108835,0.12676653388023307
160,1572526800,531,1154,623,1685,44,1.7303745715657954,0.9402860091498321
160,1572541200,630,1032,402,1662,44,0.8369364688081766,0.9068736021298306
160,1572555600,802,1376,574,2178,44,1.5322819605471378,1.6564736900568182
160,1572570000,678,229,0,907,44,-0.7882314828142793,-0.18992497613543222
160,1572584400,120,60,0,180,44,-0.7882314828142793,-1.246047580637215
160,1572598800,462,697,235,1159,44,0.1618045088058131,0.1761587877358873
160,1572613200,529,1179,650,1708,44,1.839527642943423,0.9736984161698334
160,1572627600,674,1165,491,1839,44,1.1967373337196159,1.1640038648489717
160,1572642000,790,1471,681,2261,44,1.964851539710329,1.7770488979985624
160,1572656400,567,251,0,818,44,-0.7882314828142793,-0.3192164641693506
160,1572670800,123,36,0,159,44,-0.7882314828142793,-1.2765545609598252
160,1572685200,93,161,68,254,44,-0.5133274511965504,-1.1385467928337325
160,1572699600,336,484,148,820,44,-0.1899109434109871,-0.3163110374719592
160,1572714000,494,458,0,952,44,-0.7882314828142793,-0.12455287544412517
160,1572728400,479,459,0,938,44,-0.7882314828142793,-0.14489086232586515
160,1572742800,448,175,0,623,44,-0.7882314828142793,-0.6024955671650145
160,1572753600,102,52,0,154,44,-0.7882314828142793,-1.2838181277033036
160,1572768000,50,50,0,100,44,-0.7882314828142793,-1.3622646485328722
160,1572782400,262,250,0,512,44,-0.7882314828142793,-0.7637467488702386
160,1572796800,428,386,0,814,44,-0.7882314828142793,-0.3250273175641335
160,1572811200,438,427,0,865,44,-0.7882314828142793,-0.25093893678065216
160,1572825600,303,116,0,419,44,-0.7882314828142793,-0.8988490902989399
160,1572840000,62,18,0,80,44,-0.7882314828142793,-1.3913189155067864
160,1572854400,239,391,152,630,44,-0.1737401180217089,-0.5923265737241445
160,1572868800,669,1259,590,1928,44,1.5969652621042507,1.29329535288289
160,1572883200,550,962,412,1512,44,0.8773635322813721,0.6889665998254738
160,1572897600,894,1194,300,2088,44,0.42458042138158336,1.525729488674204
160,1572912000,519,404,0,923,45,-1.12235374500327,-0.32467606091136975
160,1572926400,82,38,0,120,45,-1.12235374500327,-1.4411141553543603
160,1572940800,266,455,189,721,45,-0.344525560278636,-0.6055235018546874
160,1572955200,717,1262,545,1979,45,1.120589962271468,1.1435165016437958
160,1572969600,619,976,357,1595,45,0.3468772705877051,0.6096282970782811
160,1572984000,832,1468,636,2300,45,1.495099828990736,1.589813672647781
160,1572998400,580,462,0,1042,45,-1.12235374500327,-0.15922633085070242
160,1573012800,90,39,0,129,45,-1.12235374500327,-1.4286011505598561
160,1573027200,241,416,175,657,45,-0.4021424628508311,-0.6945048692822732
160,1573041600,729,1203,474,1932,45,0.8283899563696213,1.0781708099391625
160,1573056000,605,1150,545,1755,45,1.120589962271468,0.8320817156472456
160,1573070400,858,1439,581,2297,45,1.2687477117428267,1.5856426710496128
160,1573084800,567,493,0,1060,45,-1.12235374500327,-0.1342003212616939
160,1573099200,85,45,0,130,45,-1.12235374500327,-1.4272108166938
160,1573113600,229,419,190,648,45,-0.34041006723776496,-0.7070178740767775
160,1573128000,745,1161,416,1906,45,0.5896913599990987,1.0420221294217058
160,1573142400,611,1191,580,1802,45,1.2646322187019556,0.8974274073518789
160,1573156800,861,1279,418,2140,45,0.5979223460808409,1.3673602540788163
160,1573171200,652,419,0,1071,45,-1.12235374500327,-0.1189066487350776
160,1573185600,93,39,0,132,45,-1.12235374500327,-1.424430148961688
160,1573200000,210,385,175,595,45,-0.4021424628508311,-0.780705568977747
160,1573214400,676,1343,667,2019,45,1.6226801132577393,1.199129856286037
160,1573228800,617,1053,436,1670,45,0.6720012208165204,0.7139033370324832
160,1573243200,827,1484,657,2311,45,1.5815251828490287,1.6051073451743971
160,1573257600,619,639,20,1258,45,-1.0400438841858481,0.14108578421739965
160,1573272000,189,101,0,290,45,-1.12235374500327,-1.2047573981248356
160,1573286400,65,142,77,207,45,-0.8054607808561968,-1.320155109007486
160,1573300800,271,667,396,938,45,0.5073814991816772,-0.30382105292052936
160,1573315200,508,923,415,1431,45,0.5855758669582277,0.3816135430450925
160,1573329600,571,1054,483,1625,45,0.865429393737461,0.6513383130599619
160,1573344000,576,532,0,1108,45,-1.12235374500327,-0.06746429569100457
160,1573358400,226,102,0,328,45,-1.12235374500327,-1.1519247112147064
160,1573372800,61,65,4,126,45,-1.1058917728397855,-1.4327721521580241
160,1573387200,198,528,330,726,45,0.23575895848418602,-0.5985718325244073
160,1573401600,425,860,435,1285,45,0.6678857277756493,0.1786247986009124
160,1573416000,447,809,362,1256,45,0.3674547357920605,0.1383051164852876
160,1573430400,356,276,0,632,45,-1.12235374500327,-0.7292632159336739
160,1573444800,89,44,0,133,45,-1.12235374500327,-1.4230398150956318
160,1573459200,178,331,153,509,45,-0.49268330974999486,-0.9002742814585654
160,1573473600,673,1281,608,1954,45,1.3798660238463458,1.1087581549923953
160,1573488000,514,1110,596,1624,45,1.330480107355893,0.6499479791939059
160,1573502400,838,1372,534,2210,45,1.075319538821886,1.4646836247027384
160,1573516800,473,350,0,823,46,-1.121407437099896,-0.44302501508736186
160,1573531200,73,30,0,103,46,-1.121407437099896,-1.4365049154389984
160,1573545600,224,415,191,639,46,-0.32255027872893727,-0.6969143229550023
160,1573560000,719,1276,557,1995,46,1.20824406663112,1.1741394893739132
160,1573574400,554,940,386,1494,46,0.49303687248748673,0.48284305871256605
160,1573588800,871,1472,601,2343,46,1.3922739879312362,1.6543214412105376
160,1573603200,566,418,0,984,46,-1.121407437099896,-0.22087187070317646
160,1573617600,80,27,0,107,46,-1.121407437099896,-1.430985582659267
160,1573632000,224,398,174,622,46,-0.393652748322164,-0.7203714872688604
160,1573646400,708,1293,585,2001,46,1.3253540165493758,1.18241848854351
160,1573660800,571,1048,477,1619,46,0.8736442097218179,0.6553222080791696
160,1573675200,890,1409,519,2299,46,1.0493091345992016,1.593608780633493
160,1573689600,541,422,0,963,46,-1.121407437099896,-0.24984836779676586
160,1573704000,90,38,0,128,46,-1.121407437099896,-1.4020090855656777
160,1573718400,229,339,110,568,46,-0.6613326338496057,-0.7948824797952332
160,1573732800,726,1359,633,2085,46,1.5261139306949572,1.2983244769178677
160,1573747200,599,1085,486,1684,46,0.9112866936241144,0.7450113657498035
160,1573761600,870,1412,542,2282,46,1.1455065934606259,1.570151616319635
160,1573776000,625,437,0,1062,46,-1.121407437099896,-0.11324488149841584
160,1573790400,92,62,0,154,46,-1.121407437099896,-1.3661334224974242
160,1573804800,193,394,201,587,46,-0.2807252966152745,-0.7686656490915094
160,1573819200,703,1210,507,1913,46,0.9991191560628062,1.0609931673894213
160,1573833600,644,1116,472,1760,46,0.8527317186649865,0.8498786885646985
160,1573848000,796,1573,777,2369,46,2.128393673131701,1.690197104278791
160,1573862400,671,676,5,1347,46,-1.1004949460430649,0.2800075790574403
160,1573876800,219,121,0,340,46,-1.121407437099896,-1.109484448239918
160,1573891200,71,117,46,188,46,-0.9290125193770474,-1.319219093869708
160,1573905600,254,653,399,907,46,0.5474093492352483,-0.32711902671300425
160,1573920000,527,916,389,1443,46,0.5055843671215855,0.4124715657709918
160,1573934400,612,1039,427,1651,46,0.664519299153504,0.6994768703170201
160,1573948800,561,622,61,1183,46,-0.8662750462065533,0.05371493508845641
160,1573963200,188,121,0,309,46,-1.121407437099896,-1.1522592772828357
160,1573977600,52,85,33,137,46,-0.983384996124809,-1.3895905868112823
160,1573992000,214,585,371,799,46,0.43029939931699257,-0.47614101176574974
160,1574006400,425,921,496,1346,46,0.9531116757377771,0.27862774586250744
160,1574020800,435,781,346,1216,46,0.32573694403283565,0.09924943052123975
160,1574035200,340,230,0,570,46,-1.121407437099896,-0.7921228134053675
160,1574049600,67,36,0,103,46,-1.121407437099896,-1.4365049154389984
160,1574064000,223,341,118,564,46,-0.6278726481586755,-0.8004018125749645
160,1574078400,698,1158,460,1856,46,0.8025417401285911,0.98234267527825
160,1574092800,510,974,464,1484,46,0.8192717329740563,0.4690447267632378
160,1574107200,798,1226,428,2024,46,0.6687017973648703,1.2141546520269653
160,1574121600,482,414,0,896,47,-1.1190436996997473,-0.32684582201858103
160,1574136000,76,42,0,118,47,-1.1190436996997473,-1.40291776965376
160,1574150400,224,370,146,594,47,-0.5074048756905797,-0.7445498428229821
160,1574164800,741,1213,472,1954,47,0.8583092107956437,1.1365013766935261
160,1574179200,539,1048,509,1587,47,1.0133135703048164,0.6288941726034096
160,1574193600,870,1475,605,2345,47,1.4154870436259128,1.6773036023045222
160,1574208000,603,397,0,1000,47,-1.1190436996997473,-0.18300072876143628
160,1574222400,88,36,0,124,47,-1.1190436996997473,-1.3946190142735402
160,1574236800,237,385,148,622,47,-0.49902626166305686,-0.7058223177152894
160,1574251200,737,1322,585,2059,47,1.3317009033506844,1.2817295958473742
160,1574265600,565,1039,474,1604,47,0.8666878248231665,0.652407312847366
160,1574280000,823,1425,602,2248,47,1.4029191225846285,1.5431403903243008
160,1574294400,604,416,0,1020,47,-1.1190436996997473,-0.15533821082736998
160,1574308800,86,44,0,130,47,-1.1190436996997473,-1.3863202588933203
160,1574323200,261,382,121,643,47,-0.6121375510346152,-0.6767766738845197
160,1574337600,813,1248,435,2061,47,0.7033048512864711,1.2844958476407808
160,1574352000,623,1008,385,1631,47,0.4938395005984001,0.6897517120583555
160,1574366400,882,1360,478,2242,47,0.8834450528782123,1.5348416349440808
160,1574380800,584,399,0,983,47,-1.1190436996997473,-0.20651386900539262
160,1574395200,106,50,0,156,47,-1.1190436996997473,-1.350358985579034
160,1574409600,190,422,232,612,47,-0.14712447250709743,-0.7196535766823224
160,1574424000,724,1206,482,1930,47,0.9002022809332579,1.1033063551726465
160,1574438400,587,1042,455,1629,47,0.7870909915616996,0.6869854602649488
160,1574452800,789,1441,652,2230,47,1.6123844732726995,1.518244124183641
160,1574467200,641,642,1,1283,47,-1.1148543926859857,0.20842390000560185
160,1574481600,197,113,0,310,47,-1.1190436996997473,-1.1373575974867236
160,1574496000,77,132,55,209,47,-0.888631813942869,-1.2770533130537585
160,1574510400,229,698,469,927,47,0.8457412897543595,-0.28396891922077827
160,1574524800,454,835,381,1289,47,0.4770822725433544,0.21672265538582175
160,1574539200,536,1008,472,1544,47,0.8583092107956437,0.5694197590451671
160,1574553600,502,532,30,1034,47,-0.9933644892869046,-0.13597444827352356
160,1574568000,197,101,0,298,47,-1.1190436996997473,-1.1539551082471633
160,1574582400,47,84,37,131,47,-0.9640393401905746,-1.384937132996617
160,1574596800,150,509,359,659,47,0.3849175182406031,-0.6546466595372666
160,1574611200,369,773,404,1142,47,0.573436333859867,0.013403148570434445
160,1574625600,426,661,235,1087,47,-0.13455655146581316,-0.06266877574824788
160,1574640000,320,261,0,581,47,-1.1190436996997473,-0.7625304794801252
160,1574654400,63,45,0,108,47,-1.1190436996997473,-1.416749028620793
160,1574668800,208,400,192,608,47,-0.3146967530575543,-0.7251860802691358
160,1574683200,675,1344,669,2019,47,1.6836026925066438,1.2264045599792417
160,1574697600,561,1091,530,1652,47,1.1012890175938062,0.7187973558891251
160,1574712000,827,1431,604,2258,47,1.4112977366121513,1.556971649291334
160,1574726400,525,405,0,930,48,-1.0372166179763542,0.17309844470702612
160,1574740800,94,38,0,132,48,-1.0372166179763542,-1.168304439177526
160,1574755200,218,385,167,603,48,-0.28906386617810775,-0.3765741656065685
160,1574769600,689,1218,529,1907,48,1.3326804221510253,1.8153924516684385
160,1574784000,575,1024,449,1599,48,0.9742838943434821,1.2976580052568574
160,1574798400,782,1482,700,2264,48,2.098753000339649,2.415493741827317
160,1574812800,513,427,0,940,48,-1.0372166179763542,0.1899080046554541
160,1574827200,120,67,0,187,48,-1.0372166179763542,-1.0758518594611721
160,1574841600,154,329,175,483,48,-0.2532242133973534,-0.5782888849877041
160,1574856000,491,959,468,1450,48,1.0594030696977736,1.0471955620252806
160,1574870400,565,1104,539,1669,48,1.3774799881269681,1.415324924895853
160,1574884800,613,1164,551,1777,48,1.4312394672980997,1.5968681723388751
160,1574899200,436,332,0,768,48,-1.0372166179763542,-0.09921642645750699
160,1574913600,131,60,0,191,48,-1.0372166179763542,-1.069128035481801
160,1574928000,47,98,51,145,48,-0.8087388314990454,-1.1464520112445695
160,1574942400,175,295,120,470,48,-0.49962182626503937,-0.6001413129206605
160,1574956800,260,452,192,712,48,-0.1770649512382505,-0.19334996216870362
160,1574971200,226,367,141,593,48,-0.40554273771555926,-0.39338372555499646
160,1574985600,167,227,60,394,48,-0.7684192221206968,-0.727893968528713
160,1575000000,41,49,8,90,48,-1.0013769651956,-1.2389045909609233
160,1575014400,64,170,106,234,48,-0.5623412186313594,-0.9968469277035605
160,1575028800,190,659,469,849,48,1.0638830262953678,0.036941009124759575
160,1575043200,341,915,574,1256,48,1.5342784690427684,0.7210900990257779
160,1575057600,458,1012,554,1470,48,1.4446793370908826,1.0808146819221365
160,1575072000,432,382,0,814,48,-1.0372166179763542,-0.021892450694738323
160,1575086400,143,79,0,222,48,-1.0372166179763542,-1.0170183996416742
160,1575100800,53,92,39,145,48,-0.8624983106701769,-1.1464520112445695
160,1575115200,143,530,387,673,48,0.6965265852926361,-0.2589072459675727
160,1575129600,358,773,415,1131,48,0.8219653700252763,0.5109705996704283
160,1575144000,392,870,478,1262,48,1.1042026356737165,0.7311758349948347
160,1575158400,375,444,69,819,48,-0.7280996127423481,-0.013487670720524338
160,1575172800,145,76,0,221,48,-1.0372166179763542,-1.018699355636517
160,1575187200,42,78,36,120,48,-0.8759381804629598,-1.1884759111156393
160,1575201600,119,413,294,532,48,0.2798906217163671,-0.49592204124040706
160,1575216000,274,633,359,907,48,0.571087800559996,0.1344364568256418
160,1575230400,284,545,261,829,48,0.13205205399575554,0.003321889227903632
160,1575244800,206,152,0,358,48,-1.0372166179763542,-0.7884083843430537
160,1575259200,50,44,0,94,48,-1.0372166179763542,-1.232180766981552
160,1575273600,195,315,120,510,48,-0.49962182626503937,-0.5329030731269486
160,1575288000,598,1208,610,1806,48,1.6955569065561629,1.6456158961893164
160,1575302400,494,843,349,1337,48,0.526288234584053,0.8572475346080445
160,1575316800,694,1148,454,1842,48,0.9966836773314536,1.706130312003657
160,1575331200,416,275,0,691,49,-1.133935206475322,-0.5787248146193845
160,1575345600,72,28,0,100,49,-1.133935206475322,-1.4226885857540041
160,1575360000,227,361,134,588,49,-0.49505370261676646,-0.7258115632266025
160,1575374400,725,1177,452,1902,49,1.0210979259430897,1.150615501529557
160,1575388800,519,875,356,1394,49,0.5633917739250198,0.4251779452920158
160,1575403200,885,1167,282,2052,49,0.21057661507775774,1.3648195043556024
160,1575417600,546,305,0,851,49,-1.133935206475322,-0.3502405449382692
160,1575432000,91,29,0,120,49,-1.133935206475322,-1.3941280520438648
160,1575446400,227,386,159,613,49,-0.3758593921953941,-0.6901108960889282
160,1575460800,726,1271,545,1997,49,1.4645007607105944,1.2862780366527191
160,1575475200,545,951,406,1496,49,0.8017803947677645,0.5708366672137268
160,1575489600,856,1288,432,2144,49,0.9257424776059917,1.4961979594222437
160,1575504000,549,289,0,838,49,-1.133935206475322,-0.3688048918498598
160,1575518400,89,30,0,119,49,-1.133935206475322,-1.3955560787293717
160,1575532800,227,369,142,596,49,-0.4569115232819273,-0.7143873497425467
160,1575547200,787,1293,506,2080,49,1.2785576364532536,1.4048042515497976
160,1575561600,577,1045,468,1622,49,1.0973822846127679,0.7507680295876051
160,1575576000,906,1249,343,2155,49,0.5014107325059062,1.5119062529628204
160,1575590400,582,284,0,866,49,-1.133935206475322,-0.32882014465566467
160,1575604800,102,31,0,133,49,-1.133935206475322,-1.375563705132274
160,1575619200,189,362,173,551,49,-0.3091105783594256,-0.7786485505903604
160,1575633600,707,1210,503,1917,49,1.264254319202689,1.1720359018121613
160,1575648000,603,1080,477,1683,49,1.1402922363644619,0.8378776574035303
160,1575662400,865,1350,485,2215,49,1.178434415699301,1.5975878540932387
160,1575676800,626,649,23,1275,49,-1.0242764408876597,0.2552427697166863
160,1575691200,194,108,0,302,49,-1.133935206475322,-1.134227195281596
160,1575705600,80,137,57,217,49,-0.8621721787145932,-1.2556094635496886
160,1575720000,228,705,477,933,49,1.1402922363644619,-0.23314235672669764
160,1575734400,534,921,387,1455,49,0.7111927188475216,0.512287573107941
160,1575748800,614,900,286,1514,49,0.22964770474517732,0.5965411475528523
160,1575763200,562,601,39,1163,49,-0.9479920822179813,0.0953037809399056
160,1575777600,210,139,0,349,49,-1.133935206475322,-1.0671099410627685
160,1575792000,48,66,18,114,49,-1.0481153029719341,-1.4026962121569064
160,1575806400,183,573,390,756,49,0.7254960360980862,-0.4859030800614314
160,1575820800,420,738,318,1158,49,0.3822164220845339,0.08816364751237075
160,1575835200,450,804,354,1254,49,0.55385622909131,0.22525420932103993
160,1575849600,361,248,0,609,49,-1.133935206475322,-0.6958230028309561
160,1575864000,74,38,0,112,49,-1.133935206475322,-1.4055522655279205
160,1575878400,188,350,162,538,49,-0.36155607494482944,-0.797212897501951
160,1575892800,656,1144,488,1800,49,1.1927377329498656,1.0049567796078458
160,1575907200,507,971,464,1478,49,1.0783111949453483,0.5451321868746013
160,1575921600,815,1478,663,2293,49,2.027097905899472,1.7089739355627824
160,1575936000,503,349,0,852,50,-1.1581695483388643,-0.4165125957240709
160,1575950400,71,51,0,122,50,-1.1581695483388643,-1.4833694198594103
160,1575964800,221,384,163,605,50,-0.4018184343516598,-0.7774901786849323
160,1575979200,716,1229,513,1945,50,1.2222483748233195,1.1808497450703483
160,1575993600,531,888,357,1419,50,0.4983785970196143,0.4121282526111859
160,1576008000,875,1189,314,2064,50,0.29885038903525973,1.3547620218814516
160,1576022400,603,434,0,1037,50,-1.1581695483388643,-0.14614477042949856
160,1576036800,84,23,0,107,50,-1.1581695483388643,-1.5052911354238352
160,1576051200,219,368,149,587,50,-0.46678110671865897,-0.803796237362242
160,1576065600,716,1151,435,1867,50,0.8603134859214667,1.0668568241353396
160,1576080000,562,1030,468,1592,50,1.0134397850722505,0.6649587054542184
160,1576094400,886,1439,553,2325,50,1.4078560101576028,1.7361998727024428
160,1576108800,578,456,0,1034,50,-1.1581695483388643,-0.15052911354238352
160,1576123200,74,62,0,136,50,-1.1581695483388643,-1.4629091519992805
160,1576137600,222,411,189,633,50,-0.28117347138437565,-0.7365696429646728
160,1576152000,719,1198,479,1917,50,1.0644818847891784,1.1399292093500888
160,1576166400,576,948,372,1524,50,0.5679814602699705,0.5655802615621595
160,1576180800,846,1373,527,2219,50,1.2872110471903186,1.5812864160471745
160,1576195200,619,550,0,1169,50,-1.1581695483388643,0.04676632653743954
160,1576209600,123,52,0,175,50,-1.1581695483388643,-1.4059126915317761
160,1576224000,198,337,139,535,50,-0.5131830155522298,-0.8797915179855813
160,1576238400,734,1257,523,1991,50,1.2686502836568903,1.2480763394679177
160,1576252800,593,1081,488,1674,50,1.1062436027393923,0.7847974172064073
160,1576267200,788,1346,558,2134,50,1.431056964574388,1.4570633611821007
160,1576281600,632,610,0,1242,50,-1.1581695483388643,0.1534520089509735
160,1576296000,202,133,0,335,50,-1.1581695483388643,-1.1720810588445785
160,1576310400,60,137,77,197,50,-0.800874850320369,-1.3737608420372864
160,1576324800,252,694,442,946,50,0.8927948221049664,-0.27913651152034225
160,1576339200,528,1038,510,1566,50,1.2083278021732482,0.6269610651425488
160,1576353600,655,974,319,1629,50,0.3220513434520451,0.7190322705131329
160,1576368000,541,523,0,1064,50,-1.1581695483388643,-0.10668568241353395
160,1576382400,219,143,0,362,50,-1.1581695483388643,-1.1326219708286138
160,1576396800,58,90,32,148,50,-1.0096834400714376,-1.4453717795477408
160,1576411200,181,603,422,784,50,0.7999910044378247,-0.5158910396161299
160,1576425600,435,896,461,1331,50,0.980958448888751,0.2835208546332272
160,1576440000,501,779,278,1280,50,0.13180351723440473,0.20898702171418293
160,1576454400,372,126,0,498,50,-1.1581695483388643,-0.9338650830444958
160,1576468800,218,335,117,553,50,-0.6152672149860856,-0.8534854593082716
160,1576483200,218,350,132,568,50,-0.5456643517357294,-0.8315637437438468
160,1576497600,689,1166,477,1855,50,1.0552015030224642,1.0493194516837996
160,1576512000,552,970,418,1522,50,0.7814302409043964,0.5626573661535694
160,1576526400,820,1391,571,2211,50,1.4913794460580303,1.5695948344128146
160,1576540800,478,388,0,866,51,-1.1590985167733683,-0.2423785449069354
160,1576555200,87,51,0,138,51,-1.1590985167733683,-1.3863992903645548
160,1576569600,195,346,151,541,51,-0.436001645498855,-0.7531020919862298
160,1576584000,643,1086,443,1729,51,0.9623048870319919,1.1137889047220833
160,1576598400,530,858,328,1388,51,0.41160197182292546,0.5779220445558082
160,1576612800,732,1232,500,1964,51,1.235261984135616,1.4830813156871114
160,1576627200,556,482,0,1038,51,-1.1590985167733683,0.027912070778106576
160,1576641600,86,47,0,133,51,-1.1590985167733683,-1.3942565757042362
160,1576656000,226,423,197,649,51,-0.21572047941522846,-0.5833847286491104
160,1576670400,725,1177,452,1902,51,1.0054033760483536,1.3856509774750616
160,1576684800,591,1025,434,1616,51,0.9192063980156302,0.9362142560452824
160,1576699200,820,1228,408,2048,51,0.794699651968363,1.61508370939376
160,1576713600,538,448,0,986,51,-1.1590985167733683,-0.05380369675458053
160,1576728000,75,60,0,135,51,-1.1590985167733683,-1.3911136615683637
160,1576742400,208,411,203,619,51,-0.18698815340432062,-0.6305284406871992
160,1576756800,679,1118,439,1797,51,0.94315000302472,1.2206479853417511
160,1576771200,591,983,392,1574,51,0.7180801159392755,0.8702130591919582
160,1576785600,800,1435,635,2235,51,1.8817393193810419,1.9089461810978463
160,1576800000,561,476,0,1037,51,-1.1590985167733683,0.026340613710170286
160,1576814400,90,51,0,141,51,-1.1590985167733683,-1.3816849191607459
160,1576828800,180,359,179,539,51,-0.3019174574479519,-0.7562450061221023
160,1576843200,581,1096,515,1677,51,1.3070927991628856,1.032073137189396
160,1576857600,622,944,322,1566,51,0.38286964581201766,0.8576414026484679
160,1576872000,723,1319,596,2042,51,1.6949792003101412,1.6056549669861422
160,1576886400,568,467,0,1035,51,-1.1590985167733683,0.023197699574297705
160,1576900800,169,102,0,271,51,-1.1590985167733683,-1.1773955003290282
160,1576915200,53,144,91,197,51,-0.7233249056079332,-1.2936833233563136
160,1576929600,187,551,364,738,51,0.5839959278883724,-0.44352504960278055
160,1576944000,416,767,351,1183,51,0.5217425548647388,0.2557733456288687
160,1576958400,515,883,368,1398,51,0.6031508118956442,0.5936366152351712
160,1576972800,420,499,79,919,51,-0.7807895576297488,-0.15909132030631198
160,1576987200,164,92,0,256,51,-1.1590985167733683,-1.2009673563480725
160,1577001600,51,76,25,127,51,-1.039380491727919,-1.403685318111854
160,1577016000,143,461,318,604,51,0.36371476180474577,-0.6541002967062435
160,1577030400,368,762,394,1130,51,0.7276575579429114,0.1724861210282453
160,1577044800,424,689,265,1113,51,0.10991254870839343,0.14577135087332838
160,1577059200,315,266,0,581,51,-1.1590985167733683,-0.6902438092687782
160,1577073600,78,29,0,107,51,-1.1590985167733683,-1.4351144594705798
160,1577088000,106,290,184,396,51,-0.277973852438862,-0.9809633668369919
160,1577102400,384,834,450,1218,51,0.9958259340447176,0.31077434300663886
160,1577116800,475,1103,628,1578,51,1.848218272368316,0.8764988874637034
160,1577131200,592,1047,455,1639,51,1.0197695390538075,0.9723577686078172
160,1577145600,381,346,0,727,52,-0.9877108403981013,0.09122208125370011
160,1577160000,85,34,0,119,52,-0.9877108403981013,-1.1166840981056403
160,1577174400,85,212,127,297,52,-0.39636480984744077,-0.7630536705958335
160,1577188800,280,622,342,902,52,0.6047328009272995,0.4388924453785103
160,1577203200,398,773,375,1171,52,0.7583896435113294,0.9733114622332185
160,1577217600,405,758,353,1163,52,0.6559517484553095,0.9574179598732272
160,1577232000,291,208,0,499,52,-0.9877108403981013,-0.36174273600605256
160,1577246400,58,50,0,108,52,-0.9877108403981013,-1.1385376638506284
160,1577260800,28,46,18,74,52,-0.9038980171704487,-1.2060850488805916
160,1577275200,82,211,129,293,52,-0.38705227393325714,-0.7710004217758292
160,1577289600,177,331,154,508,52,-0.27064557500596176,-0.34386254585106235
160,1577304000,218,372,154,590,52,-0.27064557500596176,-0.18095414666115128
160,1577318400,166,186,20,352,52,-0.894585481256265,-0.6537858418708932
160,1577332800,20,33,13,53,52,-0.9271793569559078,-1.2478054925755688
160,1577347200,106,251,145,357,52,-0.3125519866197881,-0.6438524028958985
160,1577361600,266,674,408,940,52,0.9120464860953593,0.5143865815884691
160,1577376000,364,815,451,1179,52,1.1122660082503075,0.9892049645932098
160,1577390400,515,1053,538,1568,52,1.5173613205172953,1.762026516847788
160,1577404800,415,290,0,705,52,-0.9877108403981013,0.04751494976372398
160,1577419200,95,42,0,137,52,-0.9877108403981013,-1.0809237177956599
160,1577433600,72,264,192,336,52,-0.09370739263647279,-0.6855728465908758
160,1577448000,304,681,377,985,52,0.7677021794255131,0.6037875323634203
160,1577462400,435,969,534,1404,52,1.4987362486889282,1.4362097184679659
160,1577476800,559,1320,761,1879,52,2.55570907494877,2.37988642109245
