remote_unit_id,time_stamp,entries,exits,num_people_exited,sum_exit_entry,week_num,z_score_num_people_exited,z_score_sum_exit_entry
191,1546300800,0,0,0,0,1,-0.7001857994339485,-1.5852305763690224
191,1546315200,117,282,165,399,1,2.343909300990935,-0.657898080861916
191,1546329600,41,82,41,123,1,0.0562257103685982,-1.2993611604608168
191,1546344000,258,107,0,365,1,-0.7001857994339485,-0.7369188950154038
191,1546358400,520,278,0,798,1,-0.7001857994339485,0.26943441464519047
191,1546372800,399,401,2,800,1,-0.663287677004556,0.2740826978306898
191,1546387200,201,314,113,515,1,1.384558117826729,-0.38829765610295774
191,1546401600,22,67,45,89,1,0.13002195522738325,-1.3783819746143045
191,1546416000,326,92,0,418,1,-0.7001857994339485,-0.6137393905996729
191,1546430400,917,309,0,1226,1,-0.7001857994339485,1.2641670163420367
191,1546444800,600,381,0,981,1,-0.7001857994339485,0.6947523261183747
191,1546459200,636,700,64,1336,1,0.4805541183066122,1.519822591544497
191,1546473600,219,409,190,628,1,2.805135831358341,-0.12566965612224837
191,1546488000,35,75,40,110,1,0.037776649153901935,-1.3295750011665621
191,1546502400,340,92,0,432,1,-0.7001857994339485,-0.5812014083011778
191,1546516800,1004,305,0,1309,1,-0.7001857994339485,1.4570707685402566
191,1546531200,656,398,0,1054,1,-0.7001857994339485,0.8644146623890985
191,1546545600,656,714,58,1370,1,0.36985975101843466,1.5988434056979848
191,1546560000,251,414,163,665,1,2.307011178561542,-0.03967641719051168
191,1546574400,28,67,39,95,1,0.019327587939205672,-1.3644371250578067
191,1546588800,325,98,0,423,1,-0.7001857994339485,-0.6021186826359246
191,1546603200,1039,316,0,1355,1,-0.7001857994339485,1.5639812818067402
191,1546617600,658,384,0,1042,1,-0.7001857994339485,0.8365249632761027
191,1546632000,715,660,0,1375,1,-0.7001857994339485,1.610464113661733
191,1546646400,281,430,149,711,1,2.0487243215557944,0.06723409607597178
191,1546660800,49,117,68,166,1,0.5543503631653973,-1.1994230719725822
191,1546675200,72,76,4,148,1,-0.6263895545751635,-1.2412576206420758
191,1546689600,497,193,0,690,1,-0.7001857994339485,0.01842712262822933
191,1546704000,579,360,0,939,1,-0.7001857994339485,0.5971383792228898
191,1546718400,564,450,0,1014,1,-0.7001857994339485,0.7714489986791128
191,1546732800,267,378,111,645,1,1.3476599953973365,-0.08615924904550448
191,1546747200,38,118,80,156,1,0.7757390977417524,-1.2226644879000785
191,1546761600,59,154,95,213,1,1.0524750159621963,-1.0901884171133491
191,1546776000,442,159,0,601,1,-0.7001857994339485,-0.18842147912648866
191,1546790400,577,333,0,910,1,-0.7001857994339485,0.5297382730331502
191,1546804800,435,440,5,875,1,-0.6079404933604673,0.4483933172869128
191,1546819200,193,294,101,487,1,1.163169383250374,-0.4533736206999477
191,1546833600,27,46,19,73,1,-0.3496536363547196,-1.4155682400982987
191,1546848000,412,101,0,513,1,-0.7001857994339485,-0.392945939288457
191,1546862400,998,304,0,1302,1,-0.7001857994339485,1.4408017773910093
191,1546876800,571,381,0,952,1,-0.7001857994339485,0.6273522199286351
191,1546891200,651,693,42,1344,1,0.07467477158329446,1.5384157242864942
191,1546905600,218,377,159,595,2,2.295755075357193,-0.3845417529403466
191,1546920000,26,78,52,104,2,0.3529546286766363,-1.4663206836896645
191,1546934400,393,86,0,479,2,-0.5912100743830735,-0.6401147793495541
191,1546948800,1038,288,0,1326,2,-0.5912100743830735,1.2260089565866419
191,1546963200,585,363,0,948,2,-0.5912100743830735,0.39319340501181066
191,1546977600,744,672,0,1416,2,-0.5912100743830735,1.4242983736282684
191,1546992000,259,385,126,644,2,1.696573629184685,-0.2765841814399055
191,1547006400,28,74,46,102,2,0.2440125475543621,-1.4707271151794785
191,1547020800,404,104,0,508,2,-0.5912100743830735,-0.5762215227472522
191,1547035200,1035,328,0,1363,2,-0.5912100743830735,1.3075279391481995
191,1547049600,641,398,0,1039,2,-0.5912100743830735,0.5936860377983442
191,1547064000,729,706,0,1435,2,-0.5912100743830735,1.4661594727815006
191,1547078400,232,349,117,581,2,1.5331605075012735,-0.41538677336904406
191,1547107200,438,173,0,611,2,-0.5912100743830735,-0.3492903010218352
191,1547121600,1095,361,0,1456,2,-0.5912100743830735,1.5124270034245468
191,1547136000,631,370,0,1001,2,-0.5912100743830735,0.5099638394918796
191,1547150400,765,741,0,1506,2,-0.5912100743830735,1.622587790669895
191,1547164800,232,387,155,619,2,2.2231270212756766,-0.3316645750625795
191,1547179200,35,60,25,95,2,-0.1372847363735976,-1.4861496253938271
191,1547193600,391,89,0,480,2,-0.5912100743830735,-0.6379115636046471
191,1547208000,1049,342,0,1391,2,-0.5912100743830735,1.3692179800055944
191,1547222400,613,413,0,1026,2,-0.5912100743830735,0.5650442331145537
191,1547236800,744,694,0,1438,2,-0.5912100743830735,1.4727691200162216
191,1547251200,282,439,157,721,2,2.259441048316435,-0.1069365690820695
191,1547265600,32,94,62,126,2,0.5345247638804267,-1.4178499373017113
191,1547280000,77,64,0,141,2,-0.5912100743830735,-1.3848017011281069
191,1547294400,550,200,0,750,2,-0.5912100743830735,-0.04304331247976763
191,1547308800,626,299,0,925,2,-0.5912100743830735,0.3425194428789506
191,1547323200,573,472,0,1045,2,-0.5912100743830735,0.6069053322677859
191,1547337600,228,342,114,570,2,1.4786894669401365,-0.4396221465630206
191,1547352000,42,105,63,147,2,0.5526817774008057,-1.3715824066586653
191,1547366400,56,47,0,103,2,-0.5912100743830735,-1.4685238994345715
191,1547380800,416,156,0,572,2,-0.5912100743830735,-0.4352157150732067
191,1547395200,593,321,0,914,2,-0.5912100743830735,0.31828406968497397
191,1547409600,422,406,0,828,2,-0.5912100743830735,0.12880751562297532
191,1547424000,172,239,67,411,2,0.6253098314823219,-0.7899334500032275
191,1547438400,28,37,9,65,2,-0.42779695269966217,-1.552246097741036
191,1547452800,396,112,0,508,2,-0.5912100743830735,-0.5762215227472522
191,1547467200,968,315,0,1283,2,-0.5912100743830735,1.1312706795556426
191,1547481600,557,401,0,958,2,-0.5912100743830735,0.41522556246088027
191,1547496000,569,752,183,1321,2,2.73152339984629,1.214992877862107
191,1547510400,226,313,87,539,3,1.3244989934116351,-0.3654313365618697
191,1547524800,24,50,26,74,3,0.0020646905587086988,-1.43848411103989
191,1547539200,410,96,0,506,3,-0.5615958319687682,-0.4415834689441808
191,1547553600,1048,329,0,1377,3,-0.5615958319687682,1.5683712978737887
191,1547568000,590,376,0,966,3,-0.5615958319687682,0.6199311036577319
191,1547582400,690,738,48,1428,3,0.47900820962041984,1.6860609570100877
191,1547596800,253,408,155,661,3,2.7986880523296516,-0.0838992107848407
191,1547611200,31,64,33,95,3,0.15381944662379862,-1.3900236631602376
191,1547625600,375,122,0,497,3,-0.5615958319687682,-0.4623522323211748
191,1547640000,1095,342,0,1437,3,-0.5615958319687682,1.7068297203870817
191,1547654400,612,407,0,1019,3,-0.5615958319687682,0.7422360435444739
191,1547668800,692,704,12,1396,3,-0.3014448215714711,1.612216465002998
191,1547683200,229,421,192,650,3,3.600820334387984,-0.10928325491227774
191,1547697600,25,63,38,88,3,0.2622157009560057,-1.4061771457867884
191,1547712000,393,91,0,484,3,-0.5615958319687682,-0.49235155719905493
191,1547726400,1078,350,0,1428,3,-0.5615958319687682,1.6860609570100877
191,1547740800,630,375,0,1005,3,-0.5615958319687682,0.7099290782913723
191,1547755200,691,631,0,1322,3,-0.5615958319687682,1.4414510772366034
191,1547769600,239,414,175,653,3,3.23227306965848,-0.10236033378661309
191,1547784000,26,93,67,119,3,0.8909139760828068,-1.3346402941549205
191,1547798400,383,110,0,493,3,-0.5615958319687682,-0.471582793822061
191,1547812800,1007,296,0,1303,3,-0.5615958319687682,1.3976059101073939
191,1547827200,558,414,0,972,3,-0.5615958319687682,0.6337769459090612
191,1547841600,599,628,29,1227,3,0.06710244315803295,1.2222252415905563
191,1547856000,296,325,29,621,3,0.06710244315803295,-0.17620482579370267
191,1547870400,48,99,51,147,3,0.5440459622197441,-1.270026363648717
191,1547884800,97,63,0,160,3,-0.5615958319687682,-1.240027038770837
191,1547899200,567,213,0,780,3,-0.5615958319687682,0.19070999386652368
191,1547913600,620,346,0,966,3,-0.5615958319687682,0.6199311036577319
191,1547928000,521,354,0,875,3,-0.5615958319687682,0.40993582951257085
191,1547942400,235,266,31,501,3,0.11046094489091578,-0.4531216708202886
191,1547956800,41,69,28,110,3,0.04542319229159153,-1.3554090575319144
191,1547971200,56,65,9,121,3,-0.3664825741707954,-1.3300250134044773
191,1547985600,353,128,0,481,3,-0.5615958319687682,-0.49927447832471955
191,1548000000,518,239,0,757,3,-0.5615958319687682,0.13763426523642805
191,1548014400,393,413,20,806,3,-0.1280108146399398,0.25070864362228396
191,1548028800,196,233,37,429,3,0.24053645008956429,-0.6192717778362401
191,1548043200,29,50,21,79,3,-0.10633156377349838,-1.4269459091637824
191,1548057600,113,62,0,175,3,-0.5615958319687682,-1.2054124331425136
191,1548072000,563,225,0,788,3,-0.5615958319687682,0.20917111686829606
191,1548086400,539,313,0,852,3,-0.5615958319687682,0.3568601008824752
191,1548100800,473,429,0,902,3,-0.5615958319687682,0.4722421196435527
191,1548115200,156,271,115,427,4,1.224593758331771,-0.6050045751506705
191,1548129600,24,36,12,60,4,-0.33435537446586555,-1.4320968439902426
191,1548144000,375,107,0,482,4,-0.5159805161510271,-0.4810534176951488
191,1548146351,292,71,0,363,4,-0.5159805161510271,-0.7492386492807321
191,1548158400,766,254,0,1020,4,-0.5159805161510271,0.7314142679606817
191,1548172800,592,395,0,987,4,-0.5159805161510271,0.6570435734873686
191,1548187200,705,576,0,1281,4,-0.5159805161510271,1.3196188515223393
191,1548201600,239,425,186,664,4,2.2992091799689764,-0.07088776938778606
191,1548216000,23,57,34,80,4,-0.0013759480430694446,-1.3870236958245983
191,1548230400,369,112,0,481,4,-0.5159805161510271,-0.483307075103431
191,1548244800,1036,351,0,1387,4,-0.5159805161510271,1.5585065368002538
191,1548259200,573,410,0,983,4,-0.5159805161510271,0.6480289438542398
191,1548273600,688,627,0,1315,4,-0.5159805161510271,1.3962432034039345
191,1548288000,220,432,212,652,4,2.6927303202868265,-0.09793165828717261
191,1548302400,23,77,54,100,4,0.30133262143219974,-1.3419505476589542
191,1548316800,367,102,0,469,4,-0.5159805161510271,-0.5103509640028175
191,1548331200,1088,318,0,1406,4,-0.5159805161510271,1.6013260275576158
191,1548345600,620,403,0,1023,4,-0.5159805161510271,0.7381752401855284
191,1548360000,720,608,0,1328,4,-0.5159805161510271,1.4255407497116033
191,1548374400,208,458,250,666,4,3.2678766022898382,-0.06638045457122163
191,1548388800,27,65,38,92,4,0.059165765851984395,-1.3599798069252118
191,1548403200,345,122,0,467,4,-0.5159805161510271,-0.514858278819382
191,1548403952,80,25,0,105,4,-0.5159805161510271,-1.330682260617543
191,1548417600,984,289,0,1273,4,-0.5159805161510271,1.3015895922560816
191,1548432000,650,382,0,1032,4,-0.5159805161510271,0.7584581568600682
191,1548446400,752,676,0,1428,4,-0.5159805161510271,1.6509064905398245
191,1548460800,243,441,198,684,4,2.480834321654138,-0.025814621222141804
191,1548475200,40,99,59,139,4,0.3770097638010171,-1.2540579087359478
191,1548489600,70,58,0,128,4,-0.5159805161510271,-1.2788481402270522
191,1548504000,477,223,0,700,4,-0.5159805161510271,0.010243897310373602
191,1548518400,590,370,0,960,4,-0.5159805161510271,0.596194823463749
191,1548532800,533,423,0,956,4,-0.5159805161510271,0.58718019383062
191,1548547200,188,331,143,519,4,1.6483857555971477,-0.3976680935887069
191,1548561600,36,100,64,136,4,0.45268690616983437,-1.2608188809607943
191,1548576000,44,37,0,81,4,-0.5159805161510271,-1.3847700384163162
191,1548590400,414,163,0,577,4,-0.5159805161510271,-0.2669559639083386
191,1548604800,507,333,0,840,4,-0.5159805161510271,0.3257559344698834
191,1548619200,353,346,0,699,4,-0.5159805161510271,0.007990239902091389
191,1548633600,154,276,122,430,4,1.330541757648115,-0.5982436029258239
191,1548648000,25,38,13,63,4,-0.3192199459921021,-1.425335871765396
191,1548662400,380,91,0,471,4,-0.5159805161510271,-0.5058436491862531
191,1548676800,1067,311,0,1378,4,-0.5159805161510271,1.5382236201257138
191,1548691200,589,371,0,960,4,-0.5159805161510271,0.596194823463749
191,1548705600,664,644,0,1308,4,-0.5159805161510271,1.380467601545959
191,1548720000,248,231,0,479,5,-0.4315542742611638,-0.523493148539518
191,1548734400,24,71,47,95,5,0.9163699937634205,-1.3832586780349705
191,1548748800,322,158,0,480,5,-0.4315542742611638,-0.5212541758064569
191,1548763200,995,348,0,1343,5,-0.4315542742611638,1.4109792928252503
191,1548777600,607,384,0,991,5,-0.4315542742611638,0.6228608907877521
191,1548792000,674,654,0,1328,5,-0.4315542742611638,1.3773947018293342
191,1548806400,207,223,16,430,5,0.027313561662098976,-0.6332028124595106
191,1548820800,16,43,27,59,5,0.3427851988593421,-1.4638616964251692
191,1548835200,401,92,0,493,5,-0.4315542742611638,-0.4921475302766629
191,1548849600,999,339,0,1338,5,-0.4315542742611638,1.3997844291599448
191,1548864000,633,397,0,1030,5,-0.4315542742611638,0.7101808273771341
191,1548878400,698,677,0,1375,5,-0.4315542742611638,1.4826264202832047
191,1548892800,239,204,0,443,5,-0.4315542742611638,-0.6040961669297167
191,1548907200,19,34,15,53,5,-0.0013656780831049437,-1.4772955328235358
191,1548921600,393,94,0,487,5,-0.4315542742611638,-0.5055813666750294
191,1548936000,971,314,0,1285,5,-0.4315542742611638,1.281118874307708
191,1548950400,545,341,0,886,5,-0.4315542742611638,0.3877687538163393
191,1548964800,600,680,80,1280,5,1.8627849053551497,1.2699240106424026
191,1548979200,246,215,0,461,5,-0.4315542742611638,-0.5637946577346173
191,1548993600,27,44,17,71,5,0.055992801407302895,-1.4369940236284364
191,1549008000,385,97,0,482,5,-0.4315542742611638,-0.5167762303403347
191,1549022400,763,633,0,1396,5,-0.4315542742611638,1.5296448476774873
191,1549036800,598,373,0,971,5,-0.4315542742611638,0.5780814361265306
191,1549051200,699,664,0,1363,5,-0.4315542742611638,1.4557587474864717
191,1549065600,263,447,184,710,5,4.845425838856358,-0.006290447202409782
191,1549080000,34,70,36,104,5,0.6008983565661774,-1.3631079234374208
191,1549094400,75,64,0,139,5,-0.4315542742611638,-1.2847438777802833
191,1549108800,469,235,0,704,5,-0.4315542742611638,-0.01972428360077623
191,1549123200,614,342,0,956,5,-0.4315542742611638,0.5444968451306145
191,1549137600,530,416,0,946,5,-0.4315542742611638,0.5221071178000037
191,1549152000,257,366,109,623,5,2.6944828579660633,-0.20108107497872327
191,1549166400,53,91,38,144,5,0.6582568360565852,-1.273549014114978
191,1549180800,61,46,0,107,5,-0.4315542742611638,-1.3563910052382377
191,1549195200,404,193,0,597,5,-0.4315542742611638,-0.2592943660383112
191,1549209600,562,293,0,855,5,-0.4315542742611638,0.318360599091446
191,1549224000,421,463,42,884,5,0.7729737950374009,0.38329080835021717
191,1549238400,238,250,12,488,5,-0.0874033973187167,-0.5033423939419683
191,1549252800,28,37,9,65,5,-0.17344111655432848,-1.4504278600268028
191,1549267200,393,91,0,484,5,-0.4315542742611638,-0.5122982848742126
191,1549281600,1043,320,0,1363,5,-0.4315542742611638,1.4557587474864717
191,1549296000,561,367,0,928,5,-0.4315542742611638,0.48180560860490446
191,1549310400,650,572,0,1222,5,-0.4315542742611638,1.1400635921248603
191,1549324800,232,376,144,608,6,1.86074281741915,-0.3738843625587484
191,1549339200,30,70,40,100,6,0.09767890711831542,-1.4629214628390836
191,1549353600,314,107,0,421,6,-0.580422596843544,-0.774770066795801
191,1549368000,1136,261,0,1397,6,-0.580422596843544,1.3175531809868903
191,1549382400,592,366,0,958,6,-0.580422596843544,0.37643647424856913
191,1549396800,765,670,0,1435,6,-0.580422596843544,1.3990165861259705
191,1549411200,243,433,190,676,6,2.6405595469752883,-0.22810774283618387
191,1549425600,23,75,52,98,6,0.30110935830687324,-1.4672090104779827
191,1549440000,426,104,0,530,6,-0.580422596843544,-0.5410987204758078
191,1549454400,1063,318,0,1381,6,-0.580422596843544,1.2832527998756986
191,1549468800,599,375,0,974,6,-0.580422596843544,0.4107368553597608
191,1549483200,751,743,0,1494,6,-0.580422596843544,1.5254992414734898
191,1549497600,251,438,187,689,6,2.589701934178149,-0.20023868318334065
191,1549512000,23,69,46,92,6,0.19939413271259435,-1.4800716533946794
191,1549526400,402,112,0,514,6,-0.580422596843544,-0.5753991015869995
191,1549540800,1142,328,0,1470,6,-0.580422596843544,1.4740486698067023
191,1549555200,628,395,0,1023,6,-0.580422596843544,0.5157817725127852
191,1549569600,745,646,0,1391,6,-0.580422596843544,1.3046905380701934
191,1549584000,253,471,218,724,6,3.11523059974859,-0.1252065995026089
191,1549598400,18,87,69,105,6,0.5893024974906635,-1.4522025937418364
191,1549612800,411,112,0,523,6,-0.580422596843544,-0.5561051372119541
191,1549627200,1114,315,0,1429,6,-0.580422596843544,1.3861539432092738
191,1549641600,623,420,0,1043,6,-0.580422596843544,0.5586572489017748
191,1549656000,818,721,0,1539,6,-0.580422596843544,1.6219690633487163
191,1549670400,313,444,131,757,6,1.6403598286315457,-0.05446206346077609
191,1549684800,60,109,49,169,6,0.2502517455097338,-1.3150010692970697
191,1549699200,96,60,0,156,6,-0.580422596843544,-1.3428701289499128
191,1549713600,608,248,0,856,6,-0.580422596843544,0.15777154466472232
191,1549728000,624,327,0,951,6,-0.580422596843544,0.3614300575124228
191,1549742400,573,508,0,1081,6,-0.580422596843544,0.640120654040855
191,1549756800,307,411,104,718,6,1.1826413134572906,-0.13806924241930577
191,1549771200,47,107,60,154,6,0.43672965909924516,-1.3471576765888118
191,1549785600,76,63,0,139,6,-0.580422596843544,-1.3793142838805539
191,1549800000,502,189,0,691,6,-0.580422596843544,-0.19595113554444168
191,1549814400,610,335,0,945,6,-0.580422596843544,0.34856741459572593
191,1549828800,448,422,0,870,6,-0.580422596843544,0.187784378137015
191,1549843200,197,294,97,491,6,1.0639735502639651,-0.6247058994343374
191,1549857600,21,37,16,58,6,-0.30918199525880025,-1.5529599632559619
191,1549872000,410,98,0,508,6,-0.580422596843544,-0.5882617445036963
191,1549886400,1087,309,0,1396,6,-0.580422596843544,1.315409407167441
191,1549900800,592,336,0,928,6,-0.580422596843544,0.3121232596650848
191,1549915200,672,707,35,1379,6,0.012916219123082991,1.2789652522367998
191,1549929600,248,408,160,656,7,2.262453811839132,-0.13142155148037965
191,1549944000,25,44,19,69,7,-0.24446946886277462,-1.3965560396038403
191,1549958400,437,103,0,540,7,-0.5822818258367904,-0.381431092574624
191,1549972800,1083,320,0,1403,7,-0.5822818258367904,1.4785536829799697
191,1549987200,571,356,0,927,7,-0.5822818258367904,0.4526524626277257
191,1550001600,661,683,22,1344,7,-0.19113067565635106,1.351393657768242
191,1550016000,207,373,166,580,7,2.3691313982519793,-0.2952209059904018
191,1550030400,29,56,27,85,7,-0.10223268697897847,-1.3620719649701514
191,1550044800,423,104,0,527,7,-0.5822818258367904,-0.40944940321449624
191,1550059200,1129,369,0,1498,7,-0.5822818258367904,1.6833028761174973
191,1550073600,645,389,0,1034,7,-0.5822818258367904,0.6832647117405201
191,1550088000,714,615,0,1329,7,-0.5822818258367904,1.3190648377991587
191,1550102400,244,433,189,677,7,2.778062146167893,-0.08616120352366302
191,1550116800,31,67,36,98,7,0.05778369264029218,-1.3340536543302792
191,1550131200,426,111,0,537,7,-0.5822818258367904,-0.3878968565684407
191,1550145600,1173,263,0,1436,7,-0.5822818258367904,1.549677086911953
191,1550160000,631,381,0,1012,7,-0.5822818258367904,0.6358491091191978
191,1550174400,775,692,0,1467,7,-0.5822818258367904,1.6164899815147251
191,1550188800,287,425,138,712,7,1.871302661658693,-0.010727290262468601
191,1550203200,30,65,35,95,7,0.04000409490481766,-1.3405194183240958
191,1550217600,388,102,0,490,7,-0.5822818258367904,-0.4891938258049017
191,1550226416,773,208,0,981,7,-0.5822818258367904,0.5690362145164256
191,1550228234,93,47,0,140,7,-0.5822818258367904,-1.243532958416846
191,1550232000,146,83,0,229,7,-0.5822818258367904,-1.0517152932669516
191,1550246400,599,419,0,1018,7,-0.5822818258367904,0.6487806371068311
191,1550260800,757,585,0,1342,7,-0.5822818258367904,1.3470831484390309
191,1550275200,294,459,165,753,7,2.351351800516505,0.07763815098635914
191,1550289600,46,127,81,173,7,0.8578655907366455,-1.1724095544848625
191,1550304000,84,69,0,153,7,-0.5822818258367904,-1.2155146477769736
191,1550318400,243,83,0,326,7,-0.5822818258367904,-0.8426555908002127
191,1550332800,1135,522,0,1657,7,-0.5822818258367904,2.0259883677897808
191,1550347200,573,476,0,1049,7,-0.5822818258367904,0.7155935317096034
191,1550361600,284,438,154,722,7,2.155776225426285,0.010825256383586945
191,1550376000,57,111,54,168,7,0.3778164518788335,-1.1831858278078904
191,1550390400,59,54,0,113,7,-0.5822818258367904,-1.3017248343611958
191,1550404800,458,176,0,634,7,-0.5822818258367904,-0.17883715410170187
191,1550419200,580,301,0,881,7,-0.5822818258367904,0.3535107480558701
191,1550433600,453,511,58,964,7,0.44893484282073154,0.5323968852181312
191,1550448000,209,302,93,511,7,1.0712207635623396,-0.4439334778481851
191,1550462400,30,74,44,104,7,0.20002047452408833,-1.3211221263426458
191,1550476800,125,74,0,199,7,-0.5822818258367904,-1.1163729332051182
191,1550491200,639,236,0,875,7,-0.5822818258367904,0.3405792200682368
191,1550505600,620,334,0,954,7,-0.5822818258367904,0.5108443385720757
191,1550520000,563,522,0,1085,7,-0.5822818258367904,0.7931826996354033
191,1550534400,222,343,121,565,8,1.333970778337707,-0.4193598766252372
191,1550548800,25,60,35,85,8,-0.02926444120667731,-1.4369782433922917
191,1550563200,317,106,0,423,8,-0.5840694724166011,-0.7204053101271576
191,1550577600,1114,313,0,1427,8,-0.5840694724166011,1.408113107027265
191,1550592000,613,333,0,946,8,-0.5840694724166011,0.38837470199611235
191,1550606400,644,690,46,1334,8,0.1451028543164416,1.210949548466148
191,1550620800,227,490,263,717,8,3.5848940478179694,-0.0971140604823366
191,1550635200,31,50,19,81,8,-0.2828895983312139,-1.445458396448684
191,1550649600,329,98,0,427,8,-0.5840694724166011,-0.7119251570707654
191,1550652494,328,52,0,380,8,-0.5840694724166011,-0.8115669554833729
191,1550664000,764,228,0,992,8,-0.5840694724166011,0.48589646214462173
191,1550678400,632,368,0,1000,8,-0.5840694724166011,0.502856768257406
191,1550692800,625,689,64,1314,8,0.4304311560815453,1.1685487831841874
191,1550707200,259,424,165,683,8,2.0314399604301827,-0.16919536146166964
191,1550721600,20,53,33,73,8,-0.060967585847244384,-1.462418702561468
191,1550736000,353,95,0,448,8,-0.5840694724166011,-0.6674043535247067
191,1550736748,73,21,0,94,8,-0.5840694724166011,-1.4178978990154094
191,1550750400,1030,265,0,1295,8,-0.5840694724166011,1.128268056166325
191,1550764800,623,372,0,995,8,-0.5840694724166011,0.4922565769369158
191,1550779200,760,704,0,1464,8,-0.5840694724166011,1.486554522798892
191,1550793600,339,458,119,797,8,1.30226763369714,0.07248900064550583
191,1550808000,32,92,60,124,8,0.36702486680041113,-1.3542967510924686
191,1550822400,310,94,0,404,8,-0.5840694724166011,-0.7606860371450201
191,1550836800,1021,293,0,1314,8,-0.5840694724166011,1.1685487831841874
191,1550851200,602,396,0,998,8,-0.5840694724166011,0.4986166917292099
191,1550865600,710,743,33,1453,8,-0.060967585847244384,1.4632341018938138
191,1551484800,5154,5526,372,10680,9,3.7955053321802463,4.063670050665497
191,1551499200,42,108,66,150,9,0.29606720535587455,-0.44805415608097987
191,1551513600,100,48,0,148,9,-0.4587135670964409,-0.4489110837555756
191,1551528000,583,226,0,809,9,-0.4587135670964409,-0.16569648730168945
191,1551542400,691,356,0,1047,9,-0.4587135670964409,-0.06372209402479853
191,1551556800,618,436,0,1054,9,-0.4587135670964409,-0.060722847163713504
191,1551571200,253,352,99,605,9,0.6734575915820322,-0.2531031101104531
191,1551585600,53,80,27,133,9,-0.14993961472958459,-0.4553380413150435
191,1551600000,85,49,0,134,9,-0.4587135670964409,-0.45490957747774563
191,1551614400,457,191,0,648,9,-0.4587135670964409,-0.23467916510664508
191,1551628800,589,282,0,871,9,-0.4587135670964409,-0.13913172938922208
191,1551643200,428,480,52,908,9,0.1359621930175046,-0.1232785674092012
191,1551657600,182,285,103,467,9,0.7192018808215666,-0.3122311196575579
191,1551672000,27,30,3,57,9,-0.4244053501667902,-0.48790129294968093
191,1551686400,272,83,0,355,9,-0.4587135670964409,-0.3602190694349184
191,1551700800,1005,286,0,1291,9,-0.4587135670964409,0.04082308227587956
191,1551715200,620,302,0,922,9,-0.4587135670964409,-0.11728007368703115
191,1551729600,643,601,0,1244,9,-0.4587135670964409,0.020685281922880088
191,1551744000,217,364,147,581,10,1.4185682172464151,-0.3377679955362056
191,1551758400,23,50,27,73,10,-0.328820658616918,-1.4175578527721011
191,1551772800,425,105,0,530,10,-0.721983155686168,-0.4461720953768172
191,1551787200,1148,342,0,1490,10,-0.721983155686168,1.5943756663288122
191,1551801600,646,401,0,1047,10,-0.721983155686168,0.6527478971250686
191,1551816000,732,705,0,1437,10,-0.721983155686168,1.4817204253179805
191,1551830400,233,423,190,656,10,2.04471589776411,-0.17835020165295332
191,1551844800,22,46,24,68,10,-0.3725053805135013,-1.4281857056976512
191,1551859200,452,109,0,561,10,-0.721983155686168,-0.3802794072384062
191,1551873600,1154,329,0,1483,10,-0.721983155686168,1.579496672233042
191,1551888000,661,368,0,1029,10,-0.721983155686168,0.6144876265930881
191,1551902400,707,723,16,1430,10,-0.4889979722377235,1.4668414312222104
191,1551916800,239,417,178,656,10,1.8699770101777762,-0.17835020165295332
191,1551931200,29,39,10,68,10,-0.5763674160308903,-1.4281857056976512
191,1551945600,413,101,0,514,10,-0.721983155686168,-0.48018122473857766
191,1551946258,60,20,0,80,10,-0.721983155686168,-1.402678858676331
191,1551960000,1085,307,0,1392,10,-0.721983155686168,1.3860697489880291
191,1551974400,653,416,0,1069,10,-0.721983155686168,0.6995104499974893
191,1551988800,814,682,0,1496,10,-0.721983155686168,1.6071290898394723
191,1552003200,259,495,236,754,10,2.714548300178387,0.02995571568782969
191,1552017600,19,60,41,79,10,-0.12495862309952911,-1.404804429261441
191,1552032000,389,122,0,511,10,-0.721983155686168,-0.4865579364939077
191,1552046400,1103,304,0,1407,10,-0.721983155686168,1.4179533077646798
191,1552060800,638,495,0,1133,10,-0.721983155686168,0.8355469674445313
191,1552075200,758,639,0,1397,10,-0.721983155686168,1.3966976019135793
191,1552089600,308,443,135,751,10,1.2438293296600818,0.023579003932499596
191,1552104000,48,95,47,143,10,-0.03758917930636244,-1.268767911814399
191,1552118400,68,94,26,162,10,-0.34338223258244577,-1.2283820706973083
191,1552132800,266,284,18,550,10,-0.459874824306668,-0.40366068367461655
191,1552147200,350,421,71,771,10,0.3118885958663042,0.06609041563470021
191,1552161600,331,480,149,811,10,1.4476913651774708,0.15111323903910143
191,1552176000,223,394,171,617,10,1.768045992419082,-0.2612474544722445
191,1552194000,47,129,82,176,10,0.47206590948710975,-1.198624082505768
191,1552208400,62,88,26,150,10,-0.34338223258244577,-1.2538889177186288
191,1552222800,262,285,23,547,10,-0.3870669544790291,-0.41003739542994666
191,1552237200,299,435,136,734,10,1.2583909036256096,-0.012555696014370923
191,1552251600,235,438,203,673,10,2.2340163593159708,-0.1422155017060828
191,1552266000,120,209,89,329,10,0.5739969272458042,-0.8734117829839333
191,1552280400,19,25,6,44,10,-0.6346137118930013,-1.479199399740292
191,1552294800,809,195,0,1004,10,-0.721983155686168,0.5613483619653373
191,1552309200,734,287,0,1021,10,-0.721983155686168,0.5974830619122079
191,1552323600,638,475,0,1113,10,-0.721983155686168,0.7930355557423306
191,1552338000,599,680,81,1279,10,0.457504335521582,1.1458802728705957
191,1552352400,180,275,95,455,11,1.306862237735775,-0.6586941400886379
191,1552366800,15,18,3,33,11,-0.5474946533986316,-1.6424524829732818
191,1552381200,847,222,0,1069,11,-0.6079628128921448,0.7726509369994459
191,1552395600,795,295,0,1090,11,-0.6079628128921448,0.8216057360529472
191,1552410000,654,392,0,1046,11,-0.6079628128921448,0.7190337761313255
191,1552424400,663,716,53,1379,11,0.4603080048265893,1.4953170182654165
191,1552438800,180,307,127,487,11,1.9518559389999164,-0.5840963510547312
191,1552453200,16,24,8,40,11,-0.4467143875761095,-1.6261342166221147
191,1552467600,861,185,0,1046,11,-0.6079628128921448,0.7190337761313255
191,1552482000,863,258,0,1121,11,-0.6079628128921448,0.8938723441795442
191,1552496400,653,477,0,1130,11,-0.6079628128921448,0.9148529723453305
191,1552510800,680,657,0,1337,11,-0.6079628128921448,1.3974074201584141
191,1552525200,176,324,148,500,11,2.375133055454509,-0.5537909992597067
191,1552539600,17,23,6,40,11,-0.4870264939051183,-1.6261342166221147
191,1552552178,596,157,0,753,11,-0.6079628128921448,0.03599777028961777
191,1552554000,224,54,0,278,11,-0.6079628128921448,-1.071313160682434
191,1552568400,815,285,0,1100,11,-0.6079628128921448,0.844917545126043
191,1552582800,633,471,0,1104,11,-0.6079628128921448,0.8542422687552813
191,1552597200,651,761,110,1412,11,1.6092030352033413,1.5722459882066329
191,1552611600,188,311,123,499,11,1.8712317263418987,-0.5561221801670162
191,1552626000,20,46,26,66,11,-0.08390543061502999,-1.5655235130320655
191,1552640400,763,152,0,915,11,-0.6079628128921448,0.41364907727377015
191,1552654800,790,263,0,1053,11,-0.6079628128921448,0.7353520424824925
191,1552669200,671,434,0,1105,11,-0.6079628128921448,0.8565734496625909
191,1552683600,666,727,61,1393,11,0.6215564301426246,1.5279535509677507
191,1552698000,199,346,147,545,11,2.3549770022900045,-0.44888785843077544
191,1552712400,24,58,34,82,11,0.07734299470100535,-1.5282246185151123
191,1552726800,181,96,0,277,11,-0.6079628128921448,-1.0736443415897436
191,1552741200,640,228,0,868,11,-0.6079628128921448,0.3040835746302198
191,1552755600,627,249,0,876,11,-0.6079628128921448,0.32273302188869646
191,1552770000,545,353,0,898,11,-0.6079628128921448,0.37401900184950726
191,1552784400,210,274,64,484,11,0.6820245896361379,-0.59108989377666
191,1552798800,31,56,25,87,11,-0.1040614837795344,-1.5165687139785644
191,1552813200,174,81,0,255,11,-0.6079628128921448,-1.1249303215505544
191,1552827600,476,184,0,660,11,-0.6079628128921448,-0.18080205409017341
191,1552842000,541,242,0,783,11,-0.6079628128921448,0.10593319750890526
191,1552856400,361,366,5,727,11,-0.5071825470696227,-0.024612933300431378
191,1552870800,147,232,85,379,11,1.1053017060907306,-0.8358638890441662
191,1552885200,15,23,8,38,11,-0.4467143875761095,-1.6307965784367338
191,1552899600,750,175,0,925,11,-0.6079628128921448,0.436960886346866
191,1552914000,748,283,0,1031,11,-0.6079628128921448,0.6840660625216818
191,1552928400,644,426,0,1070,11,-0.6079628128921448,0.7749821179067555
191,1552942800,555,724,169,1279,11,2.7984101719091017,1.2621989275344583
191,1552957200,136,187,51,323,12,0.5537103791936144,-0.975847992517645
191,1552971600,29,58,29,87,12,0.07555300501146511,-1.5267110998605973
191,1552986000,779,193,0,972,12,-0.5547453518650044,0.5390255526754736
191,1553000400,839,289,0,1128,12,-0.5547453518650044,0.9031554032920013
191,1553014800,645,403,0,1048,12,-0.5547453518650044,0.7164221465655768
191,1553029200,616,700,84,1316,12,1.2709464404668382,1.3419785565990987
191,1553043600,190,161,0,351,12,-0.5547453518650044,-0.9104913526633964
191,1553058000,19,43,24,62,12,-0.03311912548447791,-1.5850652425876048
191,1553072400,724,197,0,921,12,-0.5547453518650044,0.41998310151237794
191,1553086800,768,310,0,1078,12,-0.5547453518650044,0.7864471178379859
191,1553101200,610,408,0,1018,12,-0.5547453518650044,0.6463971752931676
191,1553115600,660,671,11,1331,12,-0.31566666477392974,1.3769910422353033
191,1553130000,208,190,0,398,12,-0.5547453518650044,-0.8007855643366221
191,1553144400,20,45,25,65,12,-0.011384699385289306,-1.578062745460364
191,1553158800,751,198,0,949,12,-0.5547453518650044,0.4853397413666265
191,1553173200,866,352,0,1218,12,-0.5547453518650044,1.1132303171092288
191,1553187600,702,416,0,1118,12,-0.5547453518650044,0.8798137462011982
191,1553202000,632,819,187,1451,12,3.5095923286832647,1.6570909273249401
191,1553216400,264,250,0,514,12,-0.5547453518650044,-0.5300223420833066
191,1553230800,18,31,13,49,12,-0.27219781257555253,-1.6154093968056489
191,1553245200,715,168,0,883,12,-0.5547453518650044,0.3312848045673263
191,1553259600,833,314,0,1147,12,-0.5547453518650044,0.9475045517645271
191,1553274000,680,422,0,1102,12,-0.5547453518650044,0.8424670948559133
191,1553288400,599,702,103,1301,12,1.683900536351422,1.306966070962894
191,1553302800,201,336,135,537,12,2.379402171525457,-0.47633653077445953
191,1553317200,23,41,18,64,12,-0.16352568207960955,-1.5803969111694443
191,1553331600,170,134,0,304,12,-0.5547453518650044,-1.020197140990171
191,1553346000,565,231,0,796,12,-0.5547453518650044,0.12821238787733968
191,1553360400,564,328,0,892,12,-0.5547453518650044,0.35229229594904904
191,1553374800,508,435,0,943,12,-0.5547453518650044,0.4713347471121447
191,1553389200,212,303,91,515,12,1.4230874231611588,-0.5276881763742263
191,1553403600,24,58,34,82,12,0.18422513550740813,-1.5383819284059987
191,1553418000,131,71,0,202,12,-0.5547453518650044,-1.258282043316362
191,1553432400,503,195,0,698,12,-0.5547453518650044,-0.10053585161253029
191,1553446800,480,331,0,811,12,-0.5547453518650044,0.16322487351354428
191,1553461200,343,349,6,692,12,-0.4243387952698728,-0.11454084586701212
191,1553475600,138,251,113,389,12,1.901244797343308,-0.8217930557183448
191,1553490000,13,28,15,41,12,-0.22872896037717536,-1.6340827224782912
191,1553504400,823,197,0,1020,12,-0.5547453518650044,0.6510655067113282
191,1553518800,771,322,0,1093,12,-0.5547453518650044,0.8214596034741906
191,1553533200,622,397,0,1019,12,-0.5547453518650044,0.6487313410022479
191,1553547600,532,665,133,1197,12,2.33593331932708,1.0642128372185424
191,1553562000,182,324,142,506,13,0.7495985605807155,-0.4577247812145812
191,1553576400,14,50,36,64,13,-0.20000980039397115,-1.456700763573412
191,1553590800,769,239,0,1008,13,-0.5225183003476384,0.6768588005594753
191,1553605200,860,293,0,1153,13,-0.5225183003476384,1.0045771658129379
191,1553619600,639,398,0,1037,13,-0.5225183003476384,0.7424024736101679
191,1553634000,604,694,90,1298,13,0.28375294953652963,1.3322955310664004
191,1553648400,173,408,235,581,13,1.5827455187943558,-0.28821528194554885
191,1553662800,13,39,26,52,13,-0.28959549482554536,-1.4838222834564572
191,1553677200,810,212,0,1022,13,-0.5225183003476384,0.7085005737563614
191,1553691600,833,332,0,1165,13,-0.5225183003476384,1.031698685695983
191,1553706000,631,464,0,1095,13,-0.5225183003476384,0.8734898197115529
191,1553720400,620,703,83,1323,13,0.22104296343442767,1.3887986974894113
191,1553734800,169,748,579,917,13,4.664493407240508,0.4711872747797161
191,1553749200,17,58,41,75,13,-0.15521695317818404,-1.4318393703472871
191,1553763600,797,174,0,971,13,-0.5225183003476384,0.5932341142534194
191,1553778000,857,294,0,1151,13,-0.5225183003476384,1.000056912499097
191,1553792400,644,382,0,1026,13,-0.5225183003476384,0.7175410803840431
191,1553806800,665,671,6,1336,13,-0.4687668836886938,1.4181803440293768
191,1553821200,156,474,318,630,13,2.3263067825764217,-0.17746907575644771
191,1553835600,12,75,63,87,13,0.04187157457127923,-1.404717850464242
191,1553850000,743,213,0,956,13,-0.5225183003476384,0.5593322143996129
191,1553864400,763,307,0,1070,13,-0.5225183003476384,0.8169866532885421
191,1553878800,615,535,0,1150,13,-0.5225183003476384,0.9977967858421766
191,1553893200,638,691,53,1329,13,-0.04771411986029499,1.402359457430934
191,1553907600,179,458,279,637,13,1.976922574293282,-0.1616481891580047
191,1553922000,19,49,30,68,13,-0.25376121705291566,-1.4476602569457302
191,1553936400,170,115,0,285,13,-0.5225183003476384,-0.9572127723939966
191,1553950800,495,221,0,716,13,-0.5225183003476384,0.016901816738709382
191,1553965200,542,356,0,898,13,-0.5225183003476384,0.4282448682982279
191,1553979600,492,428,0,920,13,-0.5225183003476384,0.47796765475047737
191,1553980865,43,43,0,86,13,-0.5225183003476384,-1.4069779771211623
191,1553981306,13,16,3,29,13,-0.4956425920181661,-1.535805196565627
191,1553994000,157,366,209,523,13,1.3498227132722627,-0.41930262804693386
191,1554008400,23,74,51,97,13,-0.06563125874660983,-1.3821165838950378
191,1554022800,122,86,0,208,13,-0.5225183003476384,-1.1312425249768698
191,1554037200,504,189,0,693,13,-0.5225183003476384,-0.03508109637046054
191,1554051600,516,364,0,880,13,-0.5225183003476384,0.38756258847366015
191,1554066000,308,393,85,701,13,0.2389601023207425,-0.01700008311509709
191,1554080400,134,284,150,418,13,0.8212671161259748,-0.6566159270235792
191,1554094800,16,20,4,36,13,-0.48668402257500865,-1.519984309967184
191,1554101737,95,34,0,129,13,-0.5225183003476384,-1.3097925308735838
191,1554109200,713,140,0,853,13,-0.5225183003476384,0.3265391687368085
191,1554123574,754,311,0,1065,13,-0.5225183003476384,0.80568602000394
191,1554123600,4,10,6,14,13,-0.4687668836886938,-1.5697070964194335
191,1554138000,654,412,0,1066,13,-0.5225183003476384,0.8079461466608604
191,1554152400,537,731,194,1268,13,1.2154441716249014,1.2644917313587876
191,1554166800,157,222,65,379,14,1.106358498052775,-0.72317980611256
191,1554181200,19,28,9,47,14,-0.4047653041656494,-1.4651828487141427
191,1554195600,801,204,0,1005,14,-0.647624486665039,0.6758982199976533
191,1554210000,786,250,0,1036,14,-0.647624486665039,0.7451816366261144
191,1554224400,601,453,0,1054,14,-0.647624486665039,0.7854107172490917
191,1554238800,638,744,106,1382,14,2.21271699610555,1.5184739641566796
191,1554253200,152,204,52,356,14,0.7555619011092122,-0.7745836313530311
191,1554267600,14,23,9,37,14,-0.4047653041656494,-1.4875323379491303
191,1554282000,811,187,0,998,14,-0.647624486665039,0.660253577533162
191,1554296400,757,320,0,1077,14,-0.647624486665039,0.8368145424895628
191,1554301662,201,109,0,310,14,-0.647624486665039,-0.8773912818339733
191,1554301748,2,10,8,12,14,-0.43174965777669266,-1.543406061036599
191,1554301819,3,1,0,4,14,-0.647624486665039,-1.5612856524245888
191,1554310800,390,303,0,693,14,-0.647624486665039,-0.021405844133954643
191,1554325200,695,666,0,1361,14,-0.647624486665039,1.4715400367632059
191,1554339600,156,210,54,366,14,0.8095306083312988,-0.7522341421180437
191,1554354000,14,40,26,54,14,0.05396870722208658,-1.4495382062496516
191,1554368400,792,209,0,1001,14,-0.647624486665039,0.6669584243036583
191,1554382800,805,271,0,1076,14,-0.647624486665039,0.834579593566064
191,1554397200,643,383,0,1026,14,-0.647624486665039,0.7228321473911269
191,1554411600,677,723,46,1400,14,0.5936557794429524,1.5587030447796568
191,1554426000,195,177,0,372,14,-0.647624486665039,-0.7388244485770512
191,1554440400,20,43,23,63,14,-0.02698435361104329,-1.429423665938163
191,1554454800,825,207,0,1032,14,-0.647624486665039,0.7362418409321193
191,1554469200,847,278,0,1125,14,-0.647624486665039,0.9440920908175024
191,1554483600,713,513,0,1226,14,-0.647624486665039,1.1698219320908756
191,1554498000,700,730,30,1430,14,0.16190612166625976,1.6257515124846191
191,1554512400,230,350,120,580,14,2.590497946660156,-0.2739550724893126
191,1554526800,14,55,41,69,14,0.45873401138773595,-1.4160139723971705
191,1554541200,203,101,0,304,14,-0.647624486665039,-0.8908009753749658
191,1554555600,684,224,0,908,14,-0.647624486665039,0.4591081744182752
191,1554570000,584,351,0,935,14,-0.647624486665039,0.5194517953527412
191,1554584400,579,371,0,950,14,-0.647624486665039,0.5529760292052224
191,1554598800,213,337,124,550,14,2.6984353611043295,-0.3410035401942749
191,1554613200,28,94,66,122,14,1.1333428516638182,-1.297561679451737
191,1554627600,122,97,0,219,14,-0.647624486665039,-1.080771633872359
191,1554642000,546,215,0,761,14,-0.647624486665039,0.1305706826639599
191,1554656400,544,302,0,846,14,-0.647624486665039,0.3205413411613531
191,1554670800,351,423,72,774,14,1.295248973330078,0.15962501866944356
191,1554685200,133,254,121,387,14,2.6174823002711993,-0.70530021472457
191,1554699600,17,52,35,69,14,0.2968278897214762,-1.4160139723971705
191,1554714000,817,161,0,978,14,-0.647624486665039,0.6155545990631872
191,1554728400,762,275,0,1037,14,-0.647624486665039,0.7474165855496131
191,1554742800,605,405,0,1010,14,-0.647624486665039,0.687072964615147
191,1554757200,561,634,73,1195,14,1.3222333269411213,1.1005385154624145
191,1554771600,168,382,214,550,15,2.5913633424664417,-0.134648419779189
191,1554786000,10,26,16,36,15,-0.2741373528438884,-1.2564947302087905
191,1554800400,851,184,0,1035,15,-0.5056929645861373,0.9239030599063298
191,1554814800,769,319,0,1088,15,-0.5056929645861373,1.039579819542067
191,1554829200,625,392,0,1017,15,-0.5056929645861373,0.884616613237589
191,1554843600,605,716,111,1321,15,1.1007240918757144,1.5481210458652133
191,1554858000,164,413,249,577,15,3.097891243152611,-0.07571874977607765
191,1554872400,10,31,21,41,15,-0.20177622417443564,-1.2455818283563624
191,1554886800,795,182,0,977,15,-0.5056929645861373,0.7973133984181647
191,1554901200,779,278,0,1057,15,-0.5056929645861373,0.9719198280570132
191,1554915600,637,391,0,1028,15,-0.5056929645861373,0.9086249973129307
191,1554930000,682,676,0,1358,15,-0.5056929645861373,1.6288765195731805
191,1554944400,148,396,248,544,15,3.083419017418721,-0.14774390200210266
191,1554958800,12,29,17,41,15,-0.25966512710999784,-1.2455818283563624
191,1554973200,786,194,0,980,15,-0.5056929645861373,0.8038611395296216
191,1554987600,720,309,0,1029,15,-0.5056929645861373,0.9108075776834162
191,1555002000,621,443,0,1064,15,-0.5056929645861373,0.9871978906504124
191,1555016400,652,682,30,1334,15,-0.07152619256942064,1.576494590681526
191,1555030800,157,360,203,517,15,2.4321688593936455,-0.20667357200521402
191,1555045200,14,27,13,41,15,-0.3175540300455601,-1.2455818283563624
191,1555059600,783,172,0,955,15,-0.5056929645861373,0.7492966302674814
191,1555074000,828,332,0,1160,15,-0.5056929645861373,1.1967256062170306
191,1555088400,542,482,0,1024,15,-0.5056929645861373,0.8998946758309881
191,1555102800,580,717,137,1297,15,1.4770019609568688,1.4957391169735585
191,1555117200,202,379,177,581,15,2.0558909903124913,-0.06698842829413523
191,1555131600,27,39,12,66,15,-0.33202625577945066,-1.1910173190942224
191,1555146000,243,160,0,403,15,-0.5056929645861373,-0.4554877342405731
191,1555160400,610,233,0,843,15,-0.5056929645861373,0.5048476287730935
191,1555172062,523,277,0,800,15,-0.5056929645861373,0.4109966728422125
191,1555172142,4,1,0,5,15,-0.5056929645861373,-1.3241547216938443
191,1555172223,7,0,0,7,15,-0.5056929645861373,-1.3197895609528731
191,1555172303,4,5,1,9,15,-0.49122073885224676,-1.3154244002119018
191,1555172383,3,12,9,15,15,-0.3754429329811223,-1.302328917988988
191,1555172463,3,4,1,7,15,-0.49122073885224676,-1.3197895609528731
191,1555172543,8,2,0,10,15,-0.5056929645861373,-1.3132418198414162
191,1555172635,5,1,0,6,15,-0.5056929645861373,-1.3219721413233587
191,1555172715,5,6,1,11,15,-0.49122073885224676,-1.3110592394709306
191,1555174800,85,62,0,147,15,-0.5056929645861373,-1.0142283090848883
191,1555189200,508,432,0,940,15,-0.5056929645861373,0.7165579247101973
191,1555203600,199,337,138,536,15,1.4914741866907593,-0.1652045449659875
191,1555218000,21,61,40,82,15,0.07319606476948491,-1.1560960331664525
191,1555232400,158,97,0,255,15,-0.5056929645861373,-0.7785096290724428
191,1555246800,543,209,0,752,15,-0.5056929645861373,0.3062328150589034
191,1555261200,554,285,0,839,15,-0.5056929645861373,0.4961173072911511
191,1555275600,344,346,2,690,15,-0.4767485131183562,0.17091283208879582
191,1555290000,148,256,108,404,15,1.0573074146740427,-0.45330515387008746
191,1555304400,15,19,4,34,15,-0.44780406165057507,-1.2608598909497617
191,1555313366,239,49,0,288,15,-0.5056929645861373,-0.7064844768464178
191,1555318800,582,143,0,725,15,-0.5056929645861373,0.247303145055792
191,1555333200,814,280,0,1094,15,-0.5056929645861373,1.0526753017649806
191,1555347600,641,374,0,1015,15,-0.5056929645861373,0.8802514524966177
191,1555362000,554,619,65,1173,15,0.43500170811674876,1.2250991510333435
191,1555376400,160,341,181,501,16,1.9231723270587735,-0.5707113808985783
191,1555390800,15,31,16,46,16,-0.3978977228397462,-1.6766021220232823
191,1555405200,820,213,0,1033,16,-0.6229711822238451,0.7223301010318447
191,1555419600,842,314,0,1156,16,-0.6229711822238451,1.0212851805007206
191,1555434000,652,420,0,1072,16,-0.6229711822238451,0.8171207359853907
191,1555448400,666,726,60,1392,16,0.2210542904665257,1.594890048424743
191,1555462800,179,392,213,571,16,2.373319245826971,-0.40057434380247003
191,1555477200,16,41,25,57,16,-0.2712939019361906,-1.6498663019081794
191,1555491600,858,185,0,1043,16,-0.6229711822238451,0.7466353920455744
191,1555506000,846,320,0,1166,16,-0.6229711822238451,1.0455904715144504
191,1555520400,604,426,0,1030,16,-0.6229711822238451,0.7150385137277258
191,1555534800,654,755,101,1409,16,0.7978050301382791,1.6362090431480836
191,1555549200,194,388,194,582,16,2.106044512808354,-0.3738385236873673
191,1555563600,19,56,37,75,16,-0.10248880739811643,-1.606116778083466
191,1555578000,796,203,0,999,16,-0.6229711822238451,0.6396921115851635
191,1555592400,747,305,0,1052,16,-0.6229711822238451,0.7685101539579312
191,1555606800,626,459,0,1085,16,-0.6229711822238451,0.8487176143032394
191,1555621200,669,671,2,1340,16,-0.5948369998008327,1.4685025351533483
191,1555635600,192,422,230,614,16,2.612459796422576,-0.2960615924434321
191,1555650000,16,47,31,63,16,-0.1868913546671535,-1.6352831272999415
191,1555664400,455,156,0,611,16,-0.6229711822238451,-0.303353179747551
191,1555678800,818,293,0,1111,16,-0.6229711822238451,0.9119113709389368
191,1555693200,633,432,0,1065,16,-0.6229711822238451,0.80010703227578
191,1555707600,596,542,0,1138,16,-0.6229711822238451,0.9775356566760072
191,1555722000,207,385,178,592,16,1.880971053424255,-0.34953323267363756
191,1555736400,24,42,18,66,16,-0.3697635404167338,-1.6279915399958227
191,1555750800,193,88,0,281,16,-0.6229711822238451,-1.105427783200633
191,1555765200,586,236,0,822,16,-0.6229711822238451,0.20948846064214685
191,1555779600,529,258,0,787,16,-0.6229711822238451,0.1244199420940927
191,1555794000,447,400,0,847,16,-0.6229711822238451,0.2702516881764712
191,1555808400,186,335,149,521,16,1.4730254082905758,-0.5221007988711188
191,1555822800,20,61,41,81,16,-0.04622044255209172,-1.591533603475228
191,1555837200,122,53,0,175,16,-0.6229711822238451,-1.3630638679461684
191,1555851600,450,190,0,640,16,-0.6229711822238451,-0.2328678358077347
191,1555866000,419,293,0,712,16,-0.6229711822238451,-0.057869740508880475
191,1555880400,319,376,57,695,16,0.17885301683200716,-0.09918873523222106
191,1555894800,128,281,153,409,16,1.5292937731366005,-0.794320058224892
191,1555909200,14,26,12,40,16,-0.45416608768577094,-1.6911852966315202
191,1555923600,660,155,0,815,16,-0.6229711822238451,0.19247475693253602
191,1555938000,771,259,0,1030,16,-0.6229711822238451,0.7150385137277258
191,1555952400,626,368,0,994,16,-0.6229711822238451,0.6275394660782987
191,1555966800,512,674,162,1186,16,1.6558975940401561,1.09420105354191
191,1555981200,167,339,172,506,17,1.8787260625611955,-0.6085633868658415
191,1555995600,12,29,17,41,17,-0.3527110232394582,-1.769571782439729
191,1556010000,701,172,0,873,17,-0.5974492842627557,0.3077593683505386
191,1556024400,845,272,0,1117,17,-0.5974492842627557,0.9169766769957614
191,1556038800,647,386,0,1033,17,-0.5974492842627557,0.7072461281178978
191,1556053200,586,614,28,1200,17,-0.19435097198908918,1.1242104336250789
191,1556067600,172,356,184,528,17,2.0514824821070525,-0.5536339573978296
191,1556082000,17,44,27,61,17,-0.20874734028457728,-1.7196359374688093
191,1556096400,715,195,0,910,17,-0.5974492842627557,0.4001406815467404
191,1556110800,830,271,0,1101,17,-0.5974492842627557,0.8770280010190254
191,1556125200,681,426,0,1107,17,-0.5974492842627557,0.8920087545103014
191,1556139600,639,685,46,1324,17,0.0647836573296964,1.4338126724447822
191,1556154000,171,397,226,568,17,2.656129950517552,-0.4537622674559898
191,1556168400,16,59,43,75,17,0.021594552443232135,-1.6846808459891653
191,1556182800,763,159,0,922,17,-0.5974492842627557,0.43010218852929233
191,1556197200,791,318,0,1109,17,-0.5974492842627557,0.8970023390073933
191,1556211600,648,383,0,1031,17,-0.5974492842627557,0.7022525436208058
191,1556226000,649,648,0,1297,17,-0.5974492842627557,1.3663992817340405
191,1556240400,191,399,208,590,17,2.3969953211987667,-0.3988328379879779
191,1556254800,25,52,27,77,17,-0.20874734028457728,-1.6796872614920733
191,1556269200,666,152,0,818,17,-0.5974492842627557,0.17043579468050887
191,1556283600,851,291,0,1142,17,-0.5974492842627557,0.9793964832094112
191,1556298000,629,401,0,1030,17,-0.5974492842627557,0.6997557513722598
191,1556312400,628,646,18,1274,17,-0.33831465494397006,1.3089730600174825
191,1556326800,183,386,203,569,17,2.3250134797213264,-0.4512654752074438
191,1556341200,20,64,44,84,17,0.03599092073872022,-1.6622097157522513
191,1556355600,197,99,0,296,17,-0.5974492842627557,-1.1328897590605005
191,1556370000,594,233,0,827,17,-0.5974492842627557,0.19290692491742284
191,1556384400,581,414,0,995,17,-0.5974492842627557,0.6123680226731499
191,1556398800,568,395,0,963,17,-0.5974492842627557,0.5324706707196781
191,1556413200,213,383,170,596,17,1.8499333259702193,-0.383852084496702
191,1556427600,29,85,56,114,17,0.20874734028457728,-1.5873059482958716
191,1556442000,125,73,0,198,17,-0.5974492842627557,-1.377575399418008
191,1556456400,541,219,0,760,17,-0.5974492842627557,0.025621844264841178
191,1556470800,531,310,0,841,17,-0.5974492842627557,0.22786201639706677
191,1556485200,321,359,38,680,17,-0.05038728903420831,-0.17412153561883842
191,1556499600,142,320,178,462,17,1.965104272334124,-0.7184222458018653
191,1556514000,18,33,15,51,17,-0.38150375983043433,-1.744603859954269
191,1556528400,839,176,0,1015,17,-0.5974492842627557,0.6623038676440699
191,1556542800,719,280,0,999,17,-0.5974492842627557,0.6223551916673339
191,1556557200,611,419,0,1030,17,-0.5974492842627557,0.6997557513722598
191,1556571600,616,659,43,1275,17,0.021594552443232135,1.3114698522660284
191,1556586000,153,289,136,442,18,1.6736897999781875,-0.7674547538095077
191,1556600400,15,28,13,43,18,-0.39727583036607994,-1.704504426985444
191,1556614800,847,193,0,1040,18,-0.6161583766626285,0.6369455082436501
191,1556629200,838,283,0,1121,18,-0.6161583766626285,0.8271736373846297
191,1556643600,626,465,0,1091,18,-0.6161583766626285,0.7567187747398225
191,1556658000,584,710,126,1294,18,1.505318610519304,1.2334633453030182
191,1556672400,194,337,143,531,18,1.7915496325994058,-0.5584386612965795
191,1556686800,16,59,43,75,18,0.10783773801057064,-1.6293525734976495
191,1556701200,847,196,0,1043,18,-0.6161583766626285,0.6439909945081309
191,1556715600,823,267,0,1090,18,-0.6161583766626285,0.7543702793183289
191,1556730000,698,393,0,1091,18,-0.6161583766626285,0.7567187747398225
191,1556744400,686,693,7,1379,18,-0.49829854404141005,1.433085456129972
191,1556758800,157,333,176,490,18,2.3471745578137218,-0.6547269735778161
191,1556773200,17,36,19,53,18,-0.29625311669074983,-1.6810194727705083
191,1556787600,824,203,0,1027,18,-0.6161583766626285,0.6064150677642337
191,1556802000,828,292,0,1120,18,-0.6161583766626285,0.8248251419631362
191,1556816400,648,422,0,1070,18,-0.6161583766626285,0.7074003708884574
191,1556830800,709,726,17,1435,18,-0.32992735458252653,1.5646011997336122
191,1556845200,185,367,182,552,18,2.4481972714890516,-0.5091202574452144
191,1556859600,12,35,23,47,18,-0.22890464090719642,-1.6951104452994696
191,1556874000,816,179,0,995,18,-0.6161583766626285,0.5312632142764393
191,1556888400,774,372,0,1146,18,-0.6161583766626285,0.885886022921969
191,1556902800,654,401,0,1055,18,-0.6161583766626285,0.6721729395660538
191,1556917200,660,664,4,1324,18,-0.5488099008790751,1.3039182079478255
191,1556931600,197,395,198,592,18,2.7175911746232653,-0.4151804405854714
191,1556946000,20,50,30,70,18,-0.11104480828597794,-1.6410950506051174
191,1556960400,234,102,0,336,18,-0.6161583766626285,-1.0163952684878266
191,1556974800,672,250,0,922,18,-0.6161583766626285,0.3598230485074083
191,1556989200,566,311,0,877,18,-0.6161583766626285,0.25414075454019747
191,1557003600,495,401,0,896,18,-0.6161583766626285,0.2987621675485754
191,1557018000,209,367,158,576,18,2.044106416787731,-0.4527563673293686
191,1557032400,22,89,67,111,18,0.5119285927118912,-1.5448067383238808
191,1557046800,154,51,0,205,18,-0.6161583766626285,-1.3240481687034849
191,1557061200,584,202,0,786,18,-0.6161583766626285,0.040427671184282137
191,1557075600,562,345,0,907,18,-0.6161583766626285,0.3245956171850047
191,1557090000,351,385,34,736,18,-0.04369633250242453,-0.0769970998903966
191,1557104400,129,203,74,332,18,0.6297884253331096,-1.0257892501738008
191,1557118800,16,26,10,42,18,-0.447787187203745,-1.7068529224069375
191,1557133200,801,208,0,1009,18,-0.6161583766626285,0.5641421501773494
191,1557147600,715,279,0,994,18,-0.6161583766626285,0.5289147188549457
191,1557162000,657,400,0,1057,18,-0.6161583766626285,0.676869930409041
191,1557176400,605,682,77,1287,18,0.6802997821707747,1.2170238773525632
191,1557190800,185,351,166,536,19,1.7966791990446156,-0.5795153470318157
191,1557205200,14,54,40,68,19,-0.02897869675878412,-1.676592652363355
191,1557219600,774,195,0,969,19,-0.6085526319344665,0.435515578627493
191,1557234000,817,287,0,1104,19,-0.6085526319344665,0.7519801859346678
191,1557248400,689,394,0,1083,19,-0.6085526319344665,0.7027523581313295
191,1557262800,690,691,1,1381,19,-0.5940632835550745,1.4013186764834633
191,1557277200,160,430,270,590,19,3.30357143050139,-0.4529295041089458
191,1557291600,15,35,20,50,19,-0.31876566434662534,-1.7187879333376448
191,1557306000,804,202,0,1006,19,-0.6085526319344665,0.5222503228524223
191,1557320400,854,300,0,1154,19,-0.6085526319344665,0.8691892997521399
191,1557334800,658,418,0,1076,19,-0.6085526319344665,0.6863430821968833
191,1557349200,679,714,35,1393,19,-0.10142543865574442,1.4294488637996567
191,1557363600,202,371,169,573,19,1.8401472441827917,-0.4927806028068863
191,1557378000,18,95,77,113,19,0.5071271932787221,-1.5711044499276299
191,1557392400,870,171,0,1041,19,-0.6085526319344665,0.6042967025246528
191,1557406800,839,265,0,1104,19,-0.6085526319344665,0.7519801859346678
191,1557421200,733,435,0,1168,19,-0.6085526319344665,0.9020078516210321
191,1557435600,699,699,0,1398,19,-0.6085526319344665,1.4411697751814039
191,1557450000,210,378,168,588,19,1.8256578958033998,-0.45761786866164467
191,1557464400,15,52,37,67,19,-0.0724467418969603,-1.6789368346397044
191,1557478800,752,203,0,955,19,-0.6085526319344665,0.4026970267586008
191,1557493200,829,298,0,1127,19,-0.6085526319344665,0.8058963782907049
191,1557507600,664,469,0,1133,19,-0.6085526319344665,0.8199614719488016
191,1557522000,735,596,0,1331,19,-0.6085526319344665,1.2841095626659913
191,1557536400,227,379,152,606,19,1.5938283217331268,-0.4154225876873547
191,1557550800,21,73,52,94,19,0.1448934837939206,-1.6156439131782694
191,1557565200,204,117,0,321,19,-0.6085526319344665,-1.0835145364469458
191,1557579600,691,301,0,992,19,-0.6085526319344665,0.4894317709835302
191,1557594000,502,355,0,857,19,-0.6085526319344665,0.17296716367635542
191,1557608400,513,415,0,928,19,-0.6085526319344665,0.33940410529716586
191,1557622800,211,364,153,575,19,1.6083176701125188,-0.4880922382541874
191,1557637200,21,60,39,81,19,-0.04346804513817618,-1.646118282770812
191,1557651600,119,86,0,205,19,-0.6085526319344665,-1.3554396805034812
191,1557666000,515,194,0,709,19,-0.6085526319344665,-0.1739718132233621
191,1557680400,505,313,0,818,19,-0.6085526319344665,0.08154405489872715
191,1557694800,295,353,58,648,19,0.23182957407027296,-0.3169669320806781
191,1557709200,149,271,122,420,19,1.159147870351365,-0.8514404910883511
191,1557723600,16,28,12,44,19,-0.4346804513817618,-1.7328530269957416
191,1557738000,821,184,0,1005,19,-0.6085526319344665,0.519906140576073
191,1557752400,820,306,0,1126,19,-0.6085526319344665,0.8035521960143556
191,1557766800,656,455,0,1111,19,-0.6085526319344665,0.7683894618691138
191,1557781200,577,770,193,1347,19,2.1878916052882014,1.3216164790875824
191,1557795600,179,302,123,481,20,1.3590119740666884,-0.6873422620948948
191,1557810000,14,24,10,38,20,-0.46350026919991333,-1.7925786399825114
191,1557824400,853,213,0,1066,20,-0.6247845385155418,0.7721685303752085
191,1557838800,447,381,0,828,20,-0.6247845385155418,0.17838465241301263
191,1557853200,443,453,10,896,20,-0.46350026919991333,0.34803718897364
191,1557867600,695,725,30,1420,20,-0.14093173056865635,1.6553596765878862
191,1557882000,204,340,136,544,20,1.5686815241770056,-0.5301641767519606
191,1557896400,18,44,26,62,20,-0.20544543829490775,-1.732701274137584
191,1557910800,868,222,0,1090,20,-0.6247845385155418,0.8320458962201358
191,1557925200,466,391,0,857,20,-0.6247845385155418,0.2507364694756331
191,1557939600,444,432,0,876,20,-0.6247845385155418,0.2981393841028672
191,1557954000,660,675,15,1335,20,-0.38285813454209905,1.443294005887102
191,1557968400,215,420,205,635,20,2.6815429824548422,-0.3031291645899445
191,1557982800,24,28,4,52,20,-0.5602708307892904,-1.7576501765729704
191,1557997200,853,174,0,1027,20,-0.6247845385155418,0.6748678108772016
191,1558011600,452,319,0,771,20,-0.6247845385155418,0.03617590853131025
191,1558026000,385,453,68,838,20,0.47194849283073187,0.203333554848399
191,1558040400,666,678,12,1344,20,-0.4312434153367876,1.4657480180789497
191,1558054800,219,418,199,637,20,2.5847724208654648,-0.2981393841028672
191,1558069200,22,75,53,97,20,0.23002208885728914,-1.6453801156137318
191,1558083600,749,181,0,930,20,-0.6247845385155418,0.4328634572539537
191,1558098000,485,349,0,834,20,-0.6247845385155418,0.19335399387424446
191,1558112400,502,565,63,1067,20,0.39130635817291765,0.774663420618747
191,1558126800,673,627,0,1300,20,-0.6247845385155418,1.3559728473632497
191,1558141200,277,439,162,716,20,1.9880206243976395,-0.10104305486331484
191,1558155600,27,60,33,87,20,-0.09254644977396781,-1.6703290180491182
191,1558170000,225,104,0,329,20,-0.6247845385155418,-1.0665655791127677
191,1558184400,669,250,0,919,20,-0.6247845385155418,0.40541966457502865
191,1558198800,557,362,0,919,20,-0.6247845385155418,0.40541966457502865
191,1558213200,588,487,0,1075,20,-0.6247845385155418,0.7946225425670562
191,1558227600,256,421,165,677,20,2.036405905192328,-0.19834377436132172
191,1558242000,18,77,59,95,20,0.3267926504466662,-1.650369896100809
191,1558256400,139,70,0,209,20,-0.6247845385155418,-1.3659524083374044
191,1558270800,587,241,0,828,20,-0.6247845385155418,0.17838465241301263
191,1558285200,577,386,0,963,20,-0.6247845385155418,0.5151948352907287
191,1558299600,459,413,0,872,20,-0.6247845385155418,0.2881598231287127
191,1558314000,143,330,187,473,20,2.3912312976867107,-0.7073013840432039
191,1558328400,17,36,19,53,20,-0.3183444268158477,-1.7551552863294317
191,1558342800,820,180,0,1000,20,-0.6247845385155418,0.6075057743016583
191,1558357200,788,308,0,1096,20,-0.6247845385155418,0.8470152376813675
191,1558371600,647,484,0,1131,20,-0.6247845385155418,0.9343363962052199
191,1558386000,629,677,48,1306,20,0.14937995419947492,1.3709421888244815
191,1558400400,222,362,140,584,21,1.9047695251875556,-0.34722273114791635
191,1558414800,23,27,4,50,21,-0.5227279152121136,-1.6211490217066387
191,1558429200,856,200,0,1056,21,-0.5941248987532803,0.7787945144395685
191,1558443600,899,319,0,1218,21,-0.5941248987532803,1.1652665351708662
191,1558458000,702,478,0,1180,21,-0.5941248987532803,1.0746126043820432
191,1558472400,703,714,11,1417,21,-0.3977831940150718,1.6400068569333863
191,1558486800,224,412,188,636,21,2.761533327681556,-0.22316998375268499
191,1558501200,23,38,15,61,21,-0.32638621047390504,-1.594907094373032
191,1558515600,796,173,0,969,21,-0.5941248987532803,0.571244725528316
191,1558530000,861,324,0,1185,21,-0.5941248987532803,1.0865407531700464
191,1558544400,772,443,0,1215,21,-0.5941248987532803,1.1581096458980644
191,1558558800,733,654,0,1387,21,-0.5941248987532803,1.5684379642053683
191,1558573200,225,381,156,606,21,2.1903574593522226,-0.29473887648070307
191,1558587600,21,57,36,78,21,0.048447953117220305,-1.5543513884938218
191,1558602000,844,210,0,1054,21,-0.5941248987532803,0.7740232549243672
191,1558616400,892,322,0,1214,21,-0.5941248987532803,1.1557240161404638
191,1558630800,618,430,0,1048,21,-0.5941248987532803,0.7597094763787636
191,1558645200,659,698,39,1357,21,0.10199569077309535,1.49686907147735
191,1558659600,199,383,184,582,21,2.6901363441403894,-0.3519939906631176
191,1558674000,18,54,36,72,21,0.048447953117220305,-1.5686651670394254
191,1558688400,719,193,0,912,21,-0.5941248987532803,0.43526382934508157
191,1558702800,746,300,0,1046,21,-0.5941248987532803,0.7549382168635624
191,1558717200,702,510,0,1212,21,-0.5941248987532803,1.1509527566252626
191,1558731600,652,584,0,1236,21,-0.5941248987532803,1.208207870807677
191,1558746000,239,362,123,601,21,1.601332345137597,-0.3066670252687061
191,1558760400,24,72,48,96,21,0.2626389037407205,-1.511410052857011
191,1558774800,186,109,0,295,21,-0.5941248987532803,-1.0366697310944908
191,1558789200,545,253,0,798,21,-0.5941248987532803,0.16330203697861276
191,1558803600,536,264,0,800,21,-0.5941248987532803,0.16807329649381397
191,1558818000,446,391,0,837,21,-0.5941248987532803,0.25634159752503627
191,1558832400,197,311,114,508,21,1.4406891321699717,-0.5285305927255622
191,1558846800,22,65,43,87,21,0.17339267431426209,-1.5328807206754163
191,1558861200,139,78,0,217,21,-0.5941248987532803,-1.2227488521873378
191,1558875600,487,196,0,683,21,-0.5941248987532803,-0.11104538514545663
191,1558890000,415,292,0,707,21,-0.5941248987532803,-0.053790270963042154
191,1558904400,376,360,0,736,21,-0.5941248987532803,0.015392992007375348
191,1558918800,156,289,133,445,21,1.7798248039905138,-0.6788252674544003
191,1558933200,20,48,28,68,21,-0.09434601396511316,-1.5782076860698278
191,1558947600,144,84,0,228,21,-0.5941248987532803,-1.1965069248537312
191,1558962000,440,197,0,637,21,-0.5941248987532803,-0.2207843539950844
191,1558976400,475,284,0,759,21,-0.5941248987532803,0.07026247643218923
191,1558990800,332,432,100,764,21,1.1907996897758881,0.08219062522019224
191,1559005200,177,258,81,435,22,1.1345459649822494,-0.29983630646968856
191,1559019600,18,39,21,57,22,-0.07078954587578962,-1.0227218344139215
191,1559034000,816,200,0,1016,22,-0.49265697467610325,0.8112655235186695
191,1559048400,821,258,0,1079,22,-0.49265697467610325,0.9317464448427084
191,1559062800,691,412,0,1103,22,-0.49265697467610325,0.9776439386804375
191,1559077200,592,675,83,1267,22,1.174723815344184,1.2912768132382528
191,1559091600,156,374,218,530,22,3.8867287147747716,-0.1181587266953443
191,1559106000,19,38,19,57,22,-0.11096739623772425,-1.0227218344139215
191,1559120400,868,199,0,1067,22,-0.49265697467610325,0.9087976979238439
191,1559134800,871,288,0,1159,22,-0.49265697467610325,1.084738090968472
191,1559149200,829,338,0,1167,22,-0.49265697467610325,1.1000372555810485
191,1559163600,633,708,75,1341,22,1.0140124138964455,1.4327940859045842
191,1559178000,167,276,109,443,22,1.6970358700493342,-0.2845371418571122
191,1559192400,18,24,6,42,22,-0.3721234235902993,-1.0514077680625022
191,1559206800,871,226,0,1097,22,-0.49265697467610325,0.9661695652210053
191,1559221200,929,234,0,1163,22,-0.49265697467610325,1.0923876732747602
191,1559235600,776,329,0,1105,22,-0.49265697467610325,0.9814687298335816
191,1559250000,656,660,4,1316,22,-0.412301273952234,1.3849841964902831
191,1559264400,189,362,173,551,22,2.9827270816312423,-0.07799841958733136
191,1559278800,24,52,28,76,22,0.06983293039098158,-0.9863863184590528
191,1559293200,781,195,0,976,22,-0.49265697467610325,0.7347697004557878
191,1559307600,844,255,0,1099,22,-0.49265697467610325,0.9699943563741493
191,1559322000,633,342,0,975,22,-0.49265697467610325,0.7328573048792157
191,1559336400,699,539,0,1238,22,-0.49265697467610325,1.2358173415176636
191,1559350800,168,284,116,452,22,1.8376583463161054,-0.26732558166796383
191,1559365200,0,2,2,2,22,-0.4524791243141686,-1.127903591125384
191,1559379600,0,4,4,4,22,-0.412301273952234,-1.12407879997224
191,1559394000,0,1,1,1,22,-0.4725680494951359,-1.1298159867019562
191,1559408400,0,0,0,0,22,-0.49265697467610325,-1.1317283822785282
191,1559422800,0,1,1,1,22,-0.4725680494951359,-1.1298159867019562
191,1559437200,0,2,2,2,22,-0.4524791243141686,-1.127903591125384
191,1559451600,0,2,2,2,22,-0.4524791243141686,-1.127903591125384
191,1559466000,1,2,1,3,22,-0.4725680494951359,-1.125991195548812
191,1559480400,0,4,4,4,22,-0.412301273952234,-1.12407879997224
191,1559494800,0,2,2,2,22,-0.4524791243141686,-1.127903591125384
191,1559509200,0,1,1,1,22,-0.4725680494951359,-1.1298159867019562
191,1559523600,1,2,1,3,22,-0.4725680494951359,-1.125991195548812
191,1559538000,3,3,0,6,22,-0.49265697467610325,-1.120254008819096
191,1559552400,801,199,0,1000,22,-0.49265697467610325,0.7806671942935168
191,1559566800,467,275,0,742,22,-0.49265697467610325,0.28726913553792927
191,1559581200,622,337,0,959,22,-0.49265697467610325,0.702258975654063
191,1559595600,618,694,76,1312,22,1.0341013390774128,1.3773346141839948
191,1559610000,181,331,150,512,23,1.6128364379782987,-0.5139914327773034
191,1559624400,15,28,13,43,23,-0.40912982210473126,-1.6835350664024733
191,1559638800,818,186,0,1004,23,-0.6009952336454567,0.7129072191279919
191,1559653200,758,284,0,1042,23,-0.6009952336454567,0.8076676841125473
191,1559667600,643,408,0,1051,23,-0.6009952336454567,0.8301109521352051
191,1559682000,641,738,97,1379,23,0.8306159140045718,1.6480433867387354
191,1559696400,175,404,229,579,23,2.778787785033477,-0.3469137708308506
191,1559710800,18,25,7,43,23,-0.49768308896968144,-1.6835350664024733
191,1559722778,521,121,0,642,23,-0.6009952336454567,-0.1898108946722457
191,1559725200,327,51,0,378,23,-0.6009952336454567,-0.8481467566702091
191,1559739600,456,381,0,837,23,-0.6009952336454567,0.29645991248534087
191,1559754000,464,508,44,972,23,0.04839539003084489,0.6331089328252085
191,1559768400,709,710,1,1419,23,-0.5862363558346316,1.7477912446172148
191,1559782800,185,393,208,578,23,2.4688513510061507,-0.3494074672778126
191,1559797200,15,26,11,41,23,-0.4386475777263813,-1.6885224592963972
191,1559811600,840,167,0,1007,23,-0.6009952336454567,0.7203883084688779
191,1559826000,412,283,0,695,23,-0.6009952336454567,-0.057644982983260644
191,1559840400,434,485,51,919,23,0.15170753470662016,0.5009430211362235
191,1559854800,730,678,0,1408,23,-0.6009952336454567,1.7203605837006328
191,1559869200,191,369,178,560,23,2.0260850166813995,-0.3942940033231283
191,1559883600,25,29,4,54,23,-0.5419597224021566,-1.6561044054858916
191,1559898000,759,197,0,956,23,-0.6009952336454567,0.5932097896738168
191,1559912400,414,273,0,687,23,-0.6009952336454567,-0.0775945545589565
191,1559926800,431,522,91,953,23,0.7420626471396217,0.5857287003329309
191,1559941200,709,584,0,1293,23,-0.6009952336454567,1.4335854923000049
191,1559955600,207,441,234,648,23,2.8525821740876016,-0.17484871599047383
191,1559970000,19,64,45,83,23,0.06315426784166993,-1.583787208523994
191,1559984400,215,108,0,323,23,-0.6009952336454567,-0.9853000612531182
191,1559998800,600,242,0,842,23,-0.6009952336454567,0.30892839472015077
191,1560013200,586,371,0,957,23,-0.6009952336454567,0.5957034861207787
191,1560027600,491,424,0,915,23,-0.6009952336454567,0.4909682353483755
191,1560042000,244,383,139,627,23,1.4504887820592234,-0.22721634137667546
191,1560056400,20,69,49,89,23,0.12218977908497008,-1.5688250298422222
191,1560070800,129,74,0,203,23,-0.6009952336454567,-1.284543634888556
191,1560085200,549,174,0,723,23,-0.6009952336454567,0.012178517531674864
191,1560099600,498,327,0,825,23,-0.6009952336454567,0.2665355551217971
191,1560114000,357,379,22,736,23,-0.2762999218073059,0.04459657134218064
191,1560128400,145,270,125,415,23,1.2438644927076727,-0.7558799881326158
191,1560142800,15,31,16,46,23,-0.36485318867225613,-1.6760539770615872
191,1560157200,791,195,0,986,23,-0.6009952336454567,0.6680206830826763
191,1560171600,773,322,0,1095,23,-0.6009952336454567,0.9398335958015324
191,1560186000,603,434,0,1037,23,-0.6009952336454567,0.7951992018777374
191,1560200400,620,657,37,1277,23,-0.054916754644930364,1.3936863491486131
191,1560214800,78,97,19,175,24,1.3257578008701039,-1.1906623931037545
191,1560229200,1,3,2,4,24,-0.33857814606836495,-1.5254902991814445
191,1560243600,696,210,0,906,24,-0.5343823751199496,0.24067795393011338
191,1560258000,839,274,0,1113,24,-0.5343823751199496,0.6459959454978434
191,1560272400,638,440,0,1078,24,-0.5343823751199496,0.5774639179380823
191,1560286800,618,607,0,1225,24,-0.5343823751199496,0.865298433689079
191,1560301200,65,91,26,156,24,2.01107260255065,-1.2278654937790534
191,1560315600,2,2,0,4,24,-0.5343823751199496,-1.5254902991814445
191,1560330000,836,174,0,1010,24,-0.5343823751199496,0.4443159786791178
191,1560344400,872,305,0,1177,24,-0.5343823751199496,0.7713116530356923
191,1560358800,625,412,0,1037,24,-0.5343823751199496,0.49718354279664784
191,1560373200,751,639,0,1390,24,-0.5343823751199496,1.1883779921850957
191,1560387600,73,101,28,174,24,2.2068768316022345,-1.1926204510340335
191,1560402001,6,9,3,15,24,-0.24067603154257267,-1.5039516619483768
191,1560416400,857,154,0,1011,24,-0.5343823751199496,0.44627403660939674
191,1560430800,907,311,0,1218,24,-0.5343823751199496,0.8515920281771268
191,1560445200,648,453,0,1101,24,-0.5343823751199496,0.6224992503344967
191,1560459600,662,684,22,1346,24,1.6194641444474809,1.1022234432528246
191,1560474000,44,74,30,118,24,2.402681060653819,-1.3022716951296511
191,1560488400,2,3,1,5,24,-0.43648026059415723,-1.5235322412511656
191,1560502800,701,201,0,902,24,-0.5343823751199496,0.23284572220899782
191,1560517200,835,322,0,1157,24,-0.5343823751199496,0.7321504944301146
191,1560531600,685,500,0,1185,24,-0.5343823751199496,0.7869761164779234
191,1560546000,682,605,0,1287,24,-0.5343823751199496,0.9866980253663701
191,1561165200,8562,7677,0,16239,25,-0.28532503350769883,4.097873623576839
191,1561179600,0,0,0,0,25,-0.28532503350769883,-0.30398681799498034
191,1561194000,0,0,0,0,25,-0.28532503350769883,-0.30398681799498034
191,1561208400,0,2,2,2,25,-0.1222821572175852,-0.3034446835727164
191,1561222800,0,2,2,2,25,-0.1222821572175852,-0.3034446835727164
191,1561237200,0,0,0,0,25,-0.28532503350769883,-0.30398681799498034
191,1561251600,0,0,0,0,25,-0.28532503350769883,-0.30398681799498034
191,1561266000,0,1,1,1,25,-0.203803595362642,-0.3037157507838484
191,1561280400,0,1,1,1,25,-0.203803595362642,-0.3037157507838484
191,1561294800,0,1,1,1,25,-0.203803595362642,-0.3037157507838484
191,1561309200,0,0,0,0,25,-0.28532503350769883,-0.30398681799498034
191,1561323600,0,1,1,1,25,-0.203803595362642,-0.3037157507838484
191,1561338000,3,4,1,7,25,-0.203803595362642,-0.30208934751705663
191,1561352400,7,7,0,14,25,-0.28532503350769883,-0.30019187703913297
191,1561366800,710,225,0,935,25,-0.28532503350769883,-0.050538975586602274
191,1561381200,669,233,0,902,25,-0.28532503350769883,-0.059484193553956795
191,1561395600,492,387,0,879,25,-0.28532503350769883,-0.06571873940999176
191,1561410000,574,628,54,1202,25,4.116832626325369,0.021835969785629745
191,1561424400,59,82,23,141,26,-0.17043818089758253,-1.2550765014658452
191,1561438800,0,20,20,20,26,-0.22927437485126856,-1.5483990482788792
191,1561453200,793,199,0,992,26,-0.6215156678758421,0.8078779393431795
191,1561467600,795,303,0,1098,26,-0.6215156678758421,1.0648381869645152
191,1561482000,620,364,0,984,26,-0.6215156678758421,0.788484713107607
191,1561496400,602,701,99,1303,26,1.3200787325957968,1.5617896092510604
191,1561510800,42,66,24,108,26,-0.15082611624635386,-1.3350735596875816
191,1561525200,0,12,12,12,26,-0.38617089206109795,-1.5677922745144517
191,1561539600,740,205,0,945,26,-0.6215156678758421,0.693942735209191
191,1561554000,397,415,18,812,26,-0.2684985041537259,0.37153034904279825
191,1561568400,450,449,0,899,26,-0.6215156678758421,0.5824316843546492
191,1561582800,578,596,18,1174,26,-0.2684985041537259,1.2490738362024538
191,1561597200,49,95,46,144,26,0.280639306080677,-1.2478040416275054
191,1561611600,0,19,19,19,26,-0.24888643950249723,-1.5508232015583256
191,1561626000,640,165,0,805,26,-0.6215156678758421,0.3545612760866723
191,1561640400,412,316,0,728,26,-0.6215156678758421,0.16790147356928703
191,1561654800,355,443,88,798,26,1.1043460214322813,0.3375922031305464
191,1561669200,592,671,79,1263,26,0.9278374395712233,1.464823478073198
191,1561683600,54,78,24,132,26,-0.15082611624635386,-1.276893880980864
191,1561698000,0,11,11,11,26,-0.4057829567123266,-1.5702164277938981
191,1561712400,626,159,0,785,26,-0.6215156678758421,0.3060782104977411
191,1561726800,445,387,0,832,26,-0.6215156678758421,0.42001341463172953
191,1561741200,404,391,0,795,26,-0.6215156678758421,0.3303197432922067
191,1561755600,649,603,0,1252,26,-0.6215156678758421,1.4381577919992856
191,1561770000,225,341,116,566,26,1.6534838316666842,-0.22481135770105606
191,1561784400,16,46,30,62,26,-0.033153728338981794,-1.4465846105421234
191,1561798800,172,101,0,273,26,-0.6215156678758421,-0.9350882685788988
191,1561813200,592,218,0,810,26,-0.6215156678758421,0.3666820424839051
191,1561827600,573,327,0,900,26,-0.6215156678758421,0.5848558376340958
191,1561842000,476,387,0,863,26,-0.6215156678758421,0.49516216629457294
191,1561856400,191,387,196,578,26,3.2224490037649782,-0.19572151834769733
191,1561870800,25,73,48,98,26,0.3198634353831344,-1.3593150924820472
191,1561885200,108,91,0,199,26,-0.6215156678758421,-1.1144756112579444
191,1561899600,616,221,0,837,26,-0.6215156678758421,0.43213418102896234
191,1561914000,578,339,0,917,26,-0.6215156678758421,0.6260664433846873
191,1561928400,378,454,76,832,26,0.8690012456175373,0.42001341463172953
191,1561942800,143,334,191,477,26,3.124388680508835,-0.4405609995718001
191,1561957200,20,61,41,81,26,0.18257898282453364,-1.4005256982326388
191,1561971600,673,157,0,830,26,-0.6215156678758421,0.4151651080728364
191,1561986000,754,313,0,1067,26,-0.6215156678758421,0.9896894353016716
191,1562000400,651,348,0,999,26,-0.6215156678758421,0.8248470122993055
191,1562014800,537,689,152,1226,26,2.3595181591109164,1.375129806733675
191,1562029200,175,299,124,474,27,1.6096610739754655,0.04496355360044
191,1562043600,15,64,49,79,27,0.33674433682736193,-0.8988366415392307
191,1562058000,702,194,0,896,27,-0.49489459810939906,1.053276673471177
191,1562072400,861,314,0,1175,27,-0.49489459810939906,1.7199102290255264
191,1562086800,605,389,0,994,27,-0.49489459810939906,1.2874346965691204
191,1562101200,523,631,108,1154,27,1.33810550338387,1.6697335097902528
191,1562115600,161,338,177,499,27,2.509188901560125,0.10469774316624195
191,1562130000,14,94,80,108,27,0.8628832548485781,-0.8295449816429005
191,1562144400,649,169,0,818,27,-0.49489459810939906,0.8669060020258748
191,1562158800,752,273,0,1025,27,-0.49489459810939906,1.3615050916307148
191,1562173200,632,424,0,1056,27,-0.49489459810939906,1.4355754866923092
191,1562187600,559,497,0,1056,27,-0.49489459810939906,1.4355754866923092
191,1562202000,180,326,146,506,27,1.9830499835389093,0.12142331624466648
191,1562216400,19,58,39,77,27,0.1670221052076148,-0.9036153767044949
191,1562230800,156,100,0,256,27,-0.49489459810939906,-0.47591857941335297
191,1562245200,453,166,0,619,27,-0.49489459810939906,0.39142185308209126
191,1562259600,444,262,0,706,27,-0.49489459810939906,0.599296832771082
191,1562274000,392,230,0,622,27,-0.49489459810939906,0.3985899558299875
191,1562288400,132,373,241,505,27,3.595411183926507,0.11903394866203441
191,1562302800,18,60,42,78,27,0.21793877469353892,-0.9012260091218628
191,1562317200,313,145,0,458,27,-0.49489459810939906,0.006733672278326753
191,1562331600,471,212,0,683,27,-0.49489459810939906,0.5443413783705443
191,1562346000,483,405,0,888,27,-0.49489459810939906,1.0341617328101202
191,1562360400,467,430,0,897,27,-0.49489459810939906,1.055666041053809
191,1562374800,153,223,70,376,27,0.693161023228831,-0.18919446949750363
191,1562389200,0,1,1,1,27,-0.47792237494742434,-1.0852073129845328
191,1562403600,0,1,1,1,27,-0.47792237494742434,-1.0852073129845328
191,1562418000,0,0,0,0,27,-0.49489459810939906,-1.0875966805671649
191,1562432400,0,0,0,0,27,-0.49489459810939906,-1.0875966805671649
191,1562446800,0,0,0,0,27,-0.49489459810939906,-1.0875966805671649
191,1562461200,0,1,1,1,27,-0.47792237494742434,-1.0852073129845328
191,1562475600,0,4,4,4,27,-0.4270057054615002,-1.0780392102366365
191,1562490000,0,6,6,6,27,-0.39306125913755074,-1.0732604750713723
191,1562504400,0,1,1,1,27,-0.47792237494742434,-1.0852073129845328
191,1562518800,0,1,1,1,27,-0.47792237494742434,-1.0852073129845328
191,1562533200,0,2,2,2,27,-0.4609501517854496,-1.0828179454019007
191,1562547600,0,1,1,1,27,-0.47792237494742434,-1.0852073129845328
191,1562562000,2,3,1,5,27,-0.47792237494742434,-1.0756498426540044
191,1562572447,269,75,0,344,27,-0.49489459810939906,-0.2656542321417301
191,1562572516,5,5,0,10,27,-0.49489459810939906,-1.063703004740844
191,1562576400,461,125,0,586,27,-0.49489459810939906,0.3125727228552327
191,1562590800,737,258,0,995,27,-0.49489459810939906,1.2898240641517524
191,1562605200,589,328,0,917,27,-0.49489459810939906,1.1034533927064505
191,1562619600,480,668,188,1148,27,2.695883356341847,1.6553973042944603
191,1562634000,151,297,146,448,28,2.4336055529447798,-0.21024612399700357
191,1562648400,14,40,26,54,28,-0.0029006025660843517,-1.0156055823077477
191,1562662800,776,197,0,973,28,-0.5308102695934382,0.8628851339043685
191,1562677200,810,303,0,1113,28,-0.5308102695934382,1.1490534693447345
191,1562691600,606,339,0,945,28,-0.5308102695934382,0.8056514668162954
191,1562706000,585,582,0,1167,28,-0.5308102695934382,1.2594326844431614
191,1562720400,143,280,137,423,28,2.2508675912814646,-0.26134761246849747
191,1562734800,0,9,9,9,28,-0.3480723079301234,-1.1075882615564367
191,1562749200,768,182,0,950,28,-0.5308102695934382,0.8158717645105942
191,1562763600,754,240,0,994,28,-0.5308102695934382,0.9058103842204234
191,1562778000,594,344,0,938,28,-0.5308102695934382,0.7913430500442771
191,1562792400,586,667,81,1253,28,1.113831385376395,1.4352218047851004
191,1562806800,156,339,183,495,28,3.1848616175606295,-0.11417532567059503
191,1562821200,0,18,18,18,28,-0.16533434626680862,-1.0891917257066988
191,1562835600,724,202,0,926,28,-0.5308102695934382,0.76681433557796
191,1562850000,887,253,0,1140,28,-0.5308102695934382,1.2042430768939478
191,1562864400,707,321,0,1028,28,-0.5308102695934382,0.9753084085416551
191,1562878800,537,634,97,1171,28,1.4386988727778436,1.2676089225986003
191,1562893200,128,259,131,387,28,2.1290422835059215,-0.3349337558674487
191,1562907600,2,15,13,17,28,-0.26685543607976125,-1.0912357852455585
191,1562922000,635,152,0,787,28,-0.5308102695934382,0.48269005967645384
191,1562936400,797,241,0,1038,28,-0.5308102695934382,0.9957490039302527
191,1562950800,675,315,0,990,28,-0.5308102695934382,0.8976341460649844
191,1562965200,634,624,0,1258,28,-0.5308102695934382,1.445442102479399
191,1562979600,202,305,103,507,28,1.5605241805533867,-0.08964661120427796
191,1562994000,0,4,4,4,28,-0.44959339774307605,-1.1178085592507354
191,1563008400,0,2,2,2,28,-0.49020183366825715,-1.121896678328455
191,1563022800,0,1,1,1,28,-0.5105060516308476,-1.1239407378673147
191,1563037200,0,4,4,4,28,-0.44959339774307605,-1.1178085592507354
191,1563051600,0,3,3,3,28,-0.4698976157056666,-1.1198526187895952
191,1563066000,0,2,2,2,28,-0.49020183366825715,-1.121896678328455
191,1563080400,0,16,16,16,28,-0.20594278219198967,-1.0932798447844183
191,1563094800,0,5,5,5,28,-0.42928917978048553,-1.1157644997118756
191,1563109200,0,1,1,1,28,-0.5105060516308476,-1.1239407378673147
191,1563123600,0,3,3,3,28,-0.4698976157056666,-1.1198526187895952
191,1563138000,0,0,0,0,28,-0.5308102695934382,-1.1259847974061745
191,1563152400,0,2,2,2,28,-0.49020183366825715,-1.121896678328455
191,1563166800,5,8,3,13,28,-0.4698976157056666,-1.0994120234009976
191,1563181200,739,163,0,902,28,-0.5308102695934382,0.7177569066453259
191,1563195600,731,283,0,1014,28,-0.5308102695934382,0.9466915749976186
191,1563210000,573,408,0,981,28,-0.5308102695934382,0.8792376102152466
191,1563224400,523,631,108,1154,28,1.6620452703663393,1.2328599104379845
191,1563238800,153,240,87,393,29,0.7173191970790701,-0.28726562283859025
191,1563253200,1,3,2,4,29,-0.4749507735093798,-1.1101962741866118
191,1563267600,781,196,0,977,29,-0.5030041845820492,0.9481881056633238
191,1563274323,474,127,0,601,29,-0.5030041845820492,0.15275899279222843
191,1563282000,309,163,0,472,29,-0.5030041845820492,-0.1201408890172697
191,1563296400,610,371,0,981,29,-0.5030041845820492,0.9566501175023779
191,1563310800,592,706,114,1298,29,1.0960402465601071,1.627264555747424
191,1563325200,157,279,122,436,29,1.2082538908507847,-0.19629899556875754
191,1563339600,0,31,31,31,29,-0.06817631295567338,-1.0530776942729958
191,1563354000,767,188,0,955,29,-0.5030041845820492,0.9016470405485256
191,1563368400,809,319,0,1128,29,-0.5030041845820492,1.2676290525876202
191,1563382800,601,377,0,978,29,-0.5030041845820492,0.9503036086230874
191,1563397200,526,598,72,1124,29,0.5069186140340495,1.2591670407485658
191,1563411600,144,314,170,458,29,1.8815357565948505,-0.1497579304539594
191,1563426000,2,30,28,32,29,-0.11025642956467749,-1.0509621913132323
191,1563440400,734,163,0,897,29,-0.5030041845820492,0.7789478688822397
191,1563454800,857,308,0,1165,29,-0.5030041845820492,1.3459026620988714
191,1563469200,623,390,0,1013,29,-0.5030041845820492,1.0243462122148117
191,1563483600,595,650,55,1245,29,0.26846461991635956,1.5151428988799556
191,1563498000,167,313,146,480,29,1.5448948237228177,-0.10321686533916129
191,1563512400,1,30,29,31,29,-0.09622972402834279,-1.0530776942729958
191,1563526800,631,173,0,804,29,-0.5030041845820492,0.5822060936242294
191,1563541200,731,306,0,1037,29,-0.5030041845820492,1.0751182832491368
191,1563555600,600,389,0,989,29,-0.5030041845820492,0.9735741411804864
191,1563570000,297,651,354,948,29,4.462449575280436,0.8868385198301808
191,1563584400,137,202,65,339,29,0.4087316752797066,-0.40150278266582207
191,1563598800,0,2,2,2,29,-0.4749507735093798,-1.1144272801061388
191,1563613200,0,3,3,3,29,-0.4609240679730451,-1.1123117771463753
191,1563627600,0,4,4,4,29,-0.4468973624367104,-1.1101962741866118
191,1563642000,0,2,2,2,29,-0.4749507735093798,-1.1144272801061388
191,1563656400,0,0,0,0,29,-0.5030041845820492,-1.118658286025666
191,1563670800,0,9,9,9,29,-0.3767638347550369,-1.099618759387794
191,1563685200,0,8,8,8,29,-0.3907905402913716,-1.1017342623475577
191,1563699600,0,3,3,3,29,-0.4609240679730451,-1.1123117771463753
191,1563714000,0,2,2,2,29,-0.4749507735093798,-1.1144272801061388
191,1563728400,0,1,1,1,29,-0.48897747904571454,-1.1165427830659025
191,1563742800,0,2,2,2,29,-0.4749507735093798,-1.1144272801061388
191,1563757200,0,2,2,2,29,-0.4749507735093798,-1.1144272801061388
191,1563771600,1,12,11,13,29,-0.3487104236823675,-1.0911567475487398
191,1563786000,655,191,0,846,29,-0.5030041845820492,0.6710572179342985
191,1563800400,681,251,0,932,29,-0.5030041845820492,0.852990472473964
191,1563814800,572,357,0,929,29,-0.5030041845820492,0.8466439635946733
191,1563829200,473,691,218,1164,29,2.5548176223389163,1.343787159139108
191,1563843600,135,238,103,373,30,1.340887457981069,-0.39120995503430783
191,1563858000,14,54,40,68,30,0.20553122955933828,-1.0090621956938424
191,1563872400,772,183,0,955,30,-0.5153298678512844,0.7877736648471645
191,1563886800,717,309,0,1026,30,-0.5153298678512844,0.9316015634924988
191,1563901200,593,342,0,935,30,-0.5153298678512844,0.7472587638203098
191,1563915600,630,681,51,1311,30,0.4037680313472595,1.5089389031251785
191,1563930000,163,322,159,485,30,2.3500929943559408,-0.16432650928392142
191,1563944400,12,41,29,53,30,0.007294427771417022,-1.0394483714639833
191,1563958800,747,190,0,937,30,-0.5153298678512844,0.7513102539229953
191,1563973200,791,320,0,1111,30,-0.5153298678512844,1.1037898928566314
191,1563987600,653,400,0,1053,30,-0.5153298678512844,0.9862966798787527
191,1564002000,604,636,32,1240,30,0.06135901007721373,1.3651110044798442
191,1564016400,173,374,201,547,30,3.1069971466370947,-0.03873031610067178
191,1564030800,22,61,39,83,30,0.1875097021240727,-0.9786760199237013
191,1564045200,743,207,0,950,30,-0.5153298678512844,0.7776449395904509
191,1564059600,845,285,0,1130,30,-0.5153298678512844,1.1422790488321433
191,1564074000,694,413,0,1107,30,-0.5153298678512844,1.0956869126512605
191,1564088400,610,594,0,1204,30,-0.5153298678512844,1.2921841826315057
191,1564102800,186,363,177,549,30,2.674480488190721,-0.03467882599798631
191,1564117200,15,93,78,108,30,0.8903492720994299,-0.9280323936401329
191,1564131600,608,179,0,787,30,-0.5153298678512844,0.4474484962215849
191,1564146000,807,298,0,1105,30,-0.5153298678512844,1.091635422548575
191,1564160400,639,501,0,1140,30,-0.5153298678512844,1.1625364993455707
191,1564174800,588,555,0,1143,30,-0.5153298678512844,1.1686137344995988
191,1564189200,186,280,94,466,30,1.1786937110636788,-0.2028156652594334
191,1564203600,0,0,0,0,30,-0.5153298678512844,-1.1468128591851483
191,1564218000,0,1,1,1,30,-0.4973083404160189,-1.1447871141338057
191,1564232400,0,0,0,0,30,-0.5153298678512844,-1.1468128591851483
191,1564246800,0,0,0,0,30,-0.5153298678512844,-1.1468128591851483
191,1564261200,0,1,1,1,30,-0.4973083404160189,-1.1447871141338057
191,1564275600,0,1,1,1,30,-0.4973083404160189,-1.1447871141338057
191,1564290000,0,0,0,0,30,-0.5153298678512844,-1.1468128591851483
191,1564304400,0,1,1,1,30,-0.4973083404160189,-1.1447871141338057
191,1564318800,0,2,2,2,30,-0.4792868129807533,-1.142761369082463
191,1564333200,0,1,1,1,30,-0.4973083404160189,-1.1447871141338057
191,1564347600,0,1,1,1,30,-0.4973083404160189,-1.1447871141338057
191,1564362000,0,1,1,1,30,-0.4973083404160189,-1.1447871141338057
191,1564376400,2,8,6,10,30,-0.40720070323969104,-1.126555408671721
191,1564390800,657,187,0,844,30,-0.5153298678512844,0.5629159641481208
191,1564405200,627,280,0,907,30,-0.5153298678512844,0.6905379023827132
191,1564419600,596,346,0,942,30,-0.5153298678512844,0.7614389791797089
191,1564434000,508,691,183,1199,30,2.7826096528023143,1.2820554573747922
191,1564448400,187,286,99,473,31,0.6853029513539901,-0.8573159502195652
191,1564462800,16,80,64,96,31,0.1552343701962077,-1.846223996826733
191,1564477200,737,188,0,925,31,-0.8140338924923087,0.32832446640229124
191,1564491600,720,288,0,1008,31,-0.8140338924923087,0.5460416225518799
191,1564506000,547,371,0,918,31,-0.8140338924923087,0.30996277853425364
191,1564520400,578,695,117,1273,31,0.9579096502351353,1.2411626632704462
191,1564534800,168,352,184,520,31,1.9726123627371759,-0.734030331677027
191,1564549200,10,125,115,135,31,0.9276200170261192,-1.743923164419095
191,1564563600,705,193,0,898,31,-0.8140338924923087,0.25750081319700335
191,1564578000,822,311,0,1133,31,-0.8140338924923087,0.8739289059096942
191,1564592400,610,410,0,1020,31,-0.8140338924923087,0.5775188017542301
191,1564606800,539,657,118,1196,31,0.9730544668396434,1.0391840967220327
191,1564621200,139,330,191,469,31,2.0786260789687323,-0.8678083432870152
191,1564635600,17,109,92,126,31,0.5792892351224336,-1.7675310488208575
191,1564650000,697,199,0,896,31,-0.8140338924923087,0.25225461666327836
191,1564664400,780,297,0,1077,31,-0.8140338924923087,0.7270354029653934
191,1564678800,633,374,0,1007,31,-0.8140338924923087,0.5434185242850175
191,1564693200,630,685,55,1315,31,0.018931020755635086,1.3513327904786718
191,1564707600,194,371,177,565,31,1.8665986465056195,-0.6159909096682139
191,1564722000,18,96,78,114,31,0.3672618026593207,-1.7990082280232078
191,1564736400,606,177,0,783,31,-0.8140338924923087,-0.04415548749218576
191,1564750800,729,310,0,1039,31,-0.8140338924923087,0.6273576688246179
191,1564765200,592,425,0,1017,31,-0.8140338924923087,0.5696495069536426
191,1564779600,627,566,0,1193,31,-0.8140338924923087,1.031314801921445
191,1565398800,9613,7348,0,16961,32,-0.6647258571142536,4.110514462185914
191,1565413200,23,99,76,122,32,1.1078764285237561,-0.359741913679591
191,1565427600,151,111,0,262,32,-0.6647258571142536,-0.3225760551000334
191,1565442000,472,230,0,702,32,-0.6647258571142536,-0.20576907099285233
191,1565456400,450,280,0,730,32,-0.6647258571142536,-0.19833589927694079
191,1565470800,402,375,0,777,32,-0.6647258571142536,-0.18585878961094646
191,1565485200,197,328,131,525,32,2.390680714182842,-0.25275733505415016
191,1565499600,26,103,77,129,32,1.1312001428084666,-0.35788362075061314
191,1565514000,102,125,23,227,32,-0.1282804285659086,-0.3318675197449228
191,1565528400,449,195,0,644,32,-0.6647258571142536,-0.22116635526152617
191,1565542800,437,280,0,717,32,-0.6647258571142536,-0.20178701471647115
191,1565557200,316,389,73,705,32,1.037905285669624,-0.20497265973757609
191,1565571600,132,244,112,376,32,1.9475301427733396,-0.2923124273995365
191,1565586000,14,35,21,49,32,-0.1749278571353299,-0.37912125422464604
191,1565600400,595,173,0,768,32,-0.6647258571142536,-0.18824802337677515
191,1565614800,682,295,0,977,32,-0.6647258571142536,-0.13276470592586415
191,1565629200,563,372,0,935,32,-0.6647258571142536,-0.14391446349973142
191,1565643600,500,482,0,982,32,-0.6647258571142536,-0.1314373538337371
191,1565658000,161,262,101,423,33,1.4229683901751224,-0.28213912606216174
191,1565672400,15,81,66,96,33,0.6386551042518266,-1.012012691203945
191,1565686800,743,186,0,929,33,-0.8403356634892455,0.8472676750440842
191,1565701200,727,270,0,997,33,-0.8403356634892455,0.999045664125556
191,1565715600,597,396,0,993,33,-0.8403356634892455,0.9901175471207635
191,1565730000,532,547,15,1079,33,-0.5042013980935472,1.1820720627238015
191,1565744400,148,338,190,486,33,3.4173650315229316,-0.1415212832366805
191,1565758800,12,64,52,76,33,0.32492978988250826,-1.0566532762279075
191,1565773200,706,198,0,904,33,-0.8403356634892455,0.7914669437641314
191,1565787600,757,296,0,1053,33,-0.8403356634892455,1.1240393021926505
191,1565802000,602,434,0,1036,33,-0.8403356634892455,1.0860948049222825
191,1565816400,571,601,30,1172,33,-0.1680671326978491,1.389650783085226
191,1565830800,156,332,176,488,33,3.103639717153613,-0.13705722473428428
191,1565845200,14,64,50,78,33,0.2801118878297485,-1.0521892177255112
191,1565859600,656,184,0,840,33,-0.8403356634892455,0.6486170716874521
191,1565874000,791,275,0,1066,33,-0.8403356634892455,1.1530556824582259
191,1565888400,636,413,0,1049,33,-0.8403356634892455,1.115111185187858
191,1565902800,564,649,85,1213,33,1.0644251737530444,1.4811639823843488
191,1565917200,262,330,68,592,33,0.6834730063045863,0.09507381739031964
191,1565931600,21,71,50,92,33,0.2801118878297485,-1.0209408082087377
191,1565946000,582,171,0,753,33,-0.8403356634892455,0.45443052683321605
191,1565960400,720,284,0,1004,33,-0.8403356634892455,1.0146698688839428
191,1565974800,605,391,0,996,33,-0.8403356634892455,0.9968136348743579
191,1565989200,559,474,0,1033,33,-0.8403356634892455,1.079398717168688
191,1566003600,166,272,106,438,33,1.5350131453070217,-0.24865868729419
191,1566018000,0,36,36,36,33,-0.03361342653956982,-1.145934446275832
191,1566032400,0,42,42,42,33,0.10084027961870946,-1.1325422707686434
191,1566046800,0,57,57,57,33,0.43697454501440763,-1.0990618320006715
191,1566061200,0,27,27,27,33,-0.23529398577698873,-1.1660227095366151
191,1566075600,0,15,15,15,33,-0.5042013980935472,-1.1928070605509924
191,1566090000,0,24,24,24,33,-0.3025208388561284,-1.1727187972902093
191,1566104400,0,36,36,36,33,-0.03361342653956982,-1.145934446275832
191,1566118800,0,62,62,62,33,0.5490193001463071,-1.087901685744681
191,1566133200,0,58,58,58,33,0.45938349604078754,-1.0968298027494734
191,1566147600,0,55,55,55,33,0.3921566429616479,-1.1035258905030678
191,1566162000,0,40,40,40,33,0.0560223775659497,-1.1370063292710395
191,1566176400,0,37,37,37,33,-0.01120447551318994,-1.143702417024634
191,1566190800,1,17,16,18,33,-0.4817924470671674,-1.1861109727973982
191,1566205200,632,196,0,828,33,-0.8403356634892455,0.6218327206730747
191,1566219600,624,225,0,849,33,-0.8403356634892455,0.668705334948235
191,1566234000,583,331,0,914,33,-0.8403356634892455,0.8137872362761125
191,1566248400,505,586,81,1091,33,0.9747893696475248,1.2088564137381788
191,1566262800,147,284,137,431,34,2.3003819597421438,-0.005709689237038975
191,1566277200,16,43,27,59,34,0.08300347277420105,-0.8201775404032253
191,1566283985,76,37,0,113,34,-0.461262155845203,-0.7019483362016821
191,1566284047,1,1,0,2,34,-0.461262155845203,-0.9449750337270765
191,1566284115,4,7,3,11,34,-0.4007881971097137,-0.9252701663601526
191,1566284186,3,0,0,3,34,-0.461262155845203,-0.9427856040196404
191,1566284248,4,0,0,4,34,-0.461262155845203,-0.9405961743122044
191,1566284320,3,0,0,3,34,-0.461262155845203,-0.9427856040196404
191,1566284386,3,0,0,3,34,-0.461262155845203,-0.9427856040196404
191,1566284448,4,0,0,4,34,-0.461262155845203,-0.9405961743122044
191,1566284547,3,7,4,10,34,-0.38063021086455057,-0.9274595960675885
191,1566291600,548,143,0,691,34,-0.461262155845203,0.563542034696317
191,1566306000,737,283,0,1020,34,-0.461262155845203,1.283864408442756
191,1566320400,628,381,0,1009,34,-0.461262155845203,1.2597806816609602
191,1566334800,516,585,69,1101,34,0.9296388950710518,1.461208214745071
191,1566349200,193,326,133,519,34,2.219750014761491,0.18696012501732767
191,1566363600,13,61,48,74,34,0.5063211839226264,-0.7873360947916855
191,1566378000,695,169,0,864,34,-0.461262155845203,0.9423133740827424
191,1566392400,807,253,0,1060,34,-0.461262155845203,1.3714415967401954
191,1566406800,582,369,0,951,34,-0.461262155845203,1.132793758629673
191,1566421200,557,568,11,1125,34,-0.23952430714840878,1.5137545277235345
191,1566435600,127,339,212,466,34,3.8122309281293774,0.07092035052322049
191,1566450000,15,61,46,76,34,0.4660052114323002,-0.7829572353768135
191,1566464400,624,175,0,799,34,-0.461262155845203,0.8000004430994034
191,1566478800,820,269,0,1089,34,-0.461262155845203,1.434935058255839
191,1566493200,637,406,0,1043,34,-0.461262155845203,1.3342212917137837
191,1566507600,537,553,16,1090,34,-0.1387343759225932,1.437124487963275
191,1566522000,150,333,183,483,34,3.227649327019647,0.10814065554963223
191,1566536400,16,68,52,84,34,0.5869531289032789,-0.7654417977173257
191,1566550800,594,163,0,757,34,-0.461262155845203,0.7080443953870921
191,1566565200,717,258,0,975,34,-0.461262155845203,1.1853400716081368
191,1566579600,585,440,0,1025,34,-0.461262155845203,1.2948115569799359
191,1566594000,597,551,0,1148,34,-0.461262155845203,1.564111410994562
191,1566608400,149,252,103,401,34,1.6150104274065977,-0.07139258046011851
191,1566622800,0,1,1,1,34,-0.4411041696000399,-0.9471644634345124
191,1566637200,0,0,0,0,34,-0.461262155845203,-0.9493538931419484
191,1566651600,1,0,0,1,34,-0.461262155845203,-0.9471644634345124
191,1566666000,0,0,0,0,34,-0.461262155845203,-0.9493538931419484
191,1566680400,0,2,2,2,34,-0.42094618335487677,-0.9449750337270765
191,1566694800,0,0,0,0,34,-0.461262155845203,-0.9493538931419484
191,1566709200,0,1,1,1,34,-0.4411041696000399,-0.9471644634345124
191,1566723600,0,1,1,1,34,-0.4411041696000399,-0.9471644634345124
191,1566738000,0,0,0,0,34,-0.461262155845203,-0.9493538931419484
191,1566752400,0,0,0,0,34,-0.461262155845203,-0.9493538931419484
191,1566766800,0,0,0,0,34,-0.461262155845203,-0.9493538931419484
191,1566781200,0,1,1,1,34,-0.4411041696000399,-0.9471644634345124
191,1566795600,2,2,0,4,34,-0.461262155845203,-0.9405961743122044
191,1566810000,505,162,0,667,34,-0.461262155845203,0.5109957217178535
191,1566824400,695,293,0,988,34,-0.461262155845203,1.2138026578048045
191,1566838800,547,347,0,894,34,-0.461262155845203,1.0079962653058219
191,1566853200,472,589,117,1061,34,1.8972222348388814,1.3736310264476315
191,1566867600,2,47,45,49,35,0.6854001185212971,-1.3450141089464651
191,1566882000,2,5,3,7,35,-0.39603620444074944,-1.4523426572221172
191,1566896400,670,175,0,845,35,-0.4732816560808956,0.6891174250397023
191,1566910800,745,264,0,1009,35,-0.4732816560808956,1.1082098516398675
191,1566925200,601,416,0,1017,35,-0.4732816560808956,1.1286533846447535
191,1566939600,553,588,35,1141,35,0.42791527972080984,1.445528146220488
191,1566954000,41,66,25,107,35,0.17043044092032258,-1.1967984946610408
191,1566968400,0,1,1,1,35,-0.44753317220084693,-1.4676753069757817
191,1566982800,656,168,0,824,35,-0.4732816560808956,0.6354531509018763
191,1566997200,763,304,0,1067,35,-0.4732816560808956,1.2564254659252918
191,1567011600,607,411,0,1018,35,-0.4732816560808956,1.1312088262703643
191,1567026000,541,596,55,1137,35,0.9428849573217845,1.4353063797180452
191,1567040400,66,73,7,139,35,-0.2930422689205545,-1.1150243626414964
191,1567054800,1,2,1,3,35,-0.44753317220084693,-1.46256442372456
191,1567069200,609,185,0,794,35,-0.4732816560808956,0.5587899021335534
191,1567083600,776,274,0,1050,35,-0.4732816560808956,1.2129829582899088
191,1567098000,589,441,0,1030,35,-0.4732816560808956,1.1618741257776934
191,1567112400,579,562,0,1141,35,-0.4732816560808956,1.445528146220488
191,1567126800,57,76,19,133,35,0.0159395376400302,-1.130357012395161
191,1567141200,0,0,0,0,35,-0.4732816560808956,-1.4702307486013924
191,1567155600,453,156,0,609,35,-0.4732816560808956,0.08603320139556225
191,1567170000,689,282,0,971,35,-0.4732816560808956,1.0111030698666585
191,1567184400,654,406,0,1060,35,-0.4732816560808956,1.2385373745460164
191,1567198800,542,437,0,979,35,-0.4732816560808956,1.0315466028715445
191,1567213200,172,334,162,506,35,3.697972732486998,-0.17717728604234634
191,1567227600,18,53,35,71,35,0.42791527972080984,-1.2887943931830284
191,1567242000,135,94,0,229,35,-0.4732816560808956,-0.8850346163365277
191,1567256400,422,209,0,631,35,-0.4732816560808956,0.14225291715899904
191,1567270800,440,244,0,684,35,-0.4732816560808956,0.2776913233163695
191,1567285200,369,329,0,698,35,-0.4732816560808956,0.3134675060749202
191,1567299600,153,294,141,447,35,3.157254571005975,-0.32794834195338135
191,1567314000,18,75,57,93,35,0.9943819250818818,-1.2325746774195914
191,1567328400,97,82,0,179,35,-0.4732816560808956,-1.0128066976170658
191,1567342800,457,196,0,653,35,-0.4732816560808956,0.19847263292243583
191,1567357200,377,265,0,642,35,-0.4732816560808956,0.17036277504071745
191,1567371600,302,320,18,622,35,-0.009808946240018528,0.11925394252850217
191,1567386000,131,267,136,398,35,3.0285121516057316,-0.45316498160830876
191,1567400400,13,41,28,54,35,0.24767589256046876,-1.3322369008184112
191,1567414800,99,103,4,202,35,-0.37028772056070075,-0.9540315402280183
191,1567429200,422,179,0,601,35,-0.4732816560808956,0.06558966839067615
191,1567443600,424,290,0,714,35,-0.4732816560808956,0.3543545720846924
191,1567458000,307,302,0,609,35,-0.4732816560808956,0.08603320139556225
191,1567472400,125,229,104,354,36,1.438651933619728,-0.9182012844056974
191,1567486800,19,33,14,52,36,-0.4748260076478907,-1.6660159172169124
191,1567501200,754,172,0,926,36,-0.7724781318450759,0.498189344627465
191,1567515600,787,286,0,1073,36,-0.7724781318450759,0.862191831459414
191,1567530000,630,384,0,1014,36,-0.7724781318450759,0.7160955952479515
191,1567544400,532,638,106,1170,36,1.4811736656478975,1.1023839486206322
191,1567558800,188,293,105,481,36,1.4599127996338128,-0.6037229454420406
191,1567573200,15,69,54,84,36,0.3756086329154955,-1.5867772806276446
191,1567587600,733,164,0,897,36,-0.7724781318450759,0.42637933021844104
191,1567602000,802,282,0,1084,36,-0.7724781318450759,0.8894301127869748
191,1567616400,664,427,0,1091,36,-0.7724781318450759,0.9067635645408773
191,1567630800,569,674,105,1243,36,1.4599127996338128,1.2831470883398994
191,1567645200,159,260,101,419,36,1.3748693355774741,-0.757247803833747
191,1567659600,20,55,35,75,36,-0.028347821352112924,-1.609063147168376
191,1567674000,818,178,0,996,36,-0.7724781318450759,0.6715238621664884
191,1567688400,807,261,0,1068,36,-0.7724781318450759,0.849810794492341
191,1567702800,636,453,0,1089,36,-0.7724781318450759,0.901811149754048
191,1567717200,623,645,22,1268,36,-0.30473907953521345,1.3450522731752648
191,1567731600,163,303,140,466,36,2.2040431101267757,-0.64086605634326
191,1567746000,24,57,33,81,36,-0.07086955338028224,-1.5942059028078885
191,1567760400,791,177,0,968,36,-0.7724781318450759,0.602190055150879
191,1567774800,752,274,0,1026,36,-0.7724781318450759,0.7458100839689269
191,1567789200,648,534,0,1182,36,-0.7724781318450759,1.1320984373416076
191,1567803600,584,701,117,1285,36,1.7150431918028286,1.3871477988633134
191,1567818000,215,312,97,527,36,1.2898258715211357,-0.48981740534496815
191,1567832400,22,74,52,96,36,0.33308690088732623,-1.557062791906669
191,1567846800,166,98,0,264,36,-0.7724781318450759,-1.1410599498130132
191,1567861200,593,243,0,836,36,-0.7724781318450759,0.27533067922014925
191,1567875600,540,309,0,849,36,-0.7724781318450759,0.30752137533453927
191,1567890000,478,392,0,870,36,-0.7724781318450759,0.3595217305962463
191,1567904400,206,335,129,541,36,1.9701735839718444,-0.4551505018371635
191,1567918800,15,63,48,78,36,0.2480434368309876,-1.6016345249881323
191,1567933200,137,65,0,202,36,-0.7724781318450759,-1.2945848082047196
191,1567947600,487,203,0,690,36,-0.7724781318450759,-0.0861956002183852
191,1567962000,521,301,0,822,36,-0.7724781318450759,0.24066377571234457
191,1567976400,317,367,50,684,36,0.2905651688591569,-0.10105284457887291
191,1567990800,130,236,106,366,36,1.4811736656478975,-0.8884867956847219
191,1568005200,16,24,8,40,36,-0.6023912037323986,-1.695730405937888
191,1568019600,843,181,0,1024,36,-0.7724781318450759,0.7408576691820977
191,1568034000,680,254,0,934,36,-0.7724781318450759,0.5179990037747819
191,1568048400,619,374,0,993,36,-0.7724781318450759,0.6640952399862445
191,1568062800,567,667,100,1234,36,1.3536084695633896,1.2608612217991677
191,1568077200,152,306,154,458,37,1.8233950039214362,-0.7079260349928763
191,1568091600,13,28,15,41,37,-0.3929239702391602,-1.6770222188966777
191,1568106000,908,183,0,1091,37,-0.632095082558649,0.7631480283431101
191,1568120400,851,345,0,1196,37,-0.632095082558649,1.007165053067089
191,1568134800,629,403,0,1032,37,-0.632095082558649,0.6260337001648745
191,1568149200,630,665,35,1295,37,-0.07402915381317515,1.2372382478068404
191,1568163600,180,330,150,510,37,1.759616040636239,-0.5870795084629058
191,1568178000,14,41,27,55,37,-0.20158708038356918,-1.6444866156001472
191,1568192400,897,171,0,1068,37,-0.632095082558649,0.7096966800702387
191,1568206800,843,324,0,1167,37,-0.632095082558649,0.9397698748099901
191,1568221200,645,417,0,1062,37,-0.632095082558649,0.6957528500860113
191,1568235600,596,657,61,1253,37,0.3405341075406054,1.139631437917249
191,1568250000,168,354,186,522,37,2.333626710203012,-0.5591918484944511
191,1568264400,20,53,33,73,37,-0.10591863545577367,-1.6026551256474653
191,1568278800,878,174,0,1052,37,-0.632095082558649,0.6725131334456323
191,1568293200,846,313,0,1159,37,-0.632095082558649,0.9211781014976869
191,1568307600,658,446,0,1104,37,-0.632095082558649,0.7933596599756028
191,1568322000,674,669,0,1343,37,-0.632095082558649,1.3487888876806593
191,1568336400,168,349,181,517,37,2.253903006096516,-0.5708117068146406
191,1568350800,12,38,26,50,37,-0.21753182120486844,-1.6561064739203368
191,1568365200,806,203,0,1009,37,-0.632095082558649,0.5725823518920029
191,1568379600,793,340,0,1133,37,-0.632095082558649,0.8607548382327017
191,1568394000,648,502,0,1150,37,-0.632095082558649,0.9002623565213459
191,1568408400,692,661,0,1353,37,-0.632095082558649,1.3720286043210381
191,1568422800,214,391,177,605,37,2.190124042811319,-0.366302200379306
191,1568437200,19,57,38,76,37,-0.026194931349277393,-1.5956832106553516
191,1568451600,168,77,0,245,37,-0.632095082558649,-1.2029319994329475
191,1568466000,579,249,0,828,37,-0.632095082558649,0.15194348070114422
191,1568480400,494,376,0,870,37,-0.632095082558649,0.24955029059073575
191,1568494800,470,378,0,848,37,-0.632095082558649,0.1984229139819021
191,1568509200,175,358,183,533,37,2.2857924877391147,-0.5336281601900343
191,1568523600,19,58,39,77,37,-0.01025019052797814,-1.5933592389913136
191,1568538000,110,52,0,162,37,-0.632095082558649,-1.3958216475480927
191,1568552400,527,207,0,734,37,-0.632095082558649,-0.06650985571841773
191,1568566800,463,352,0,815,37,-0.632095082558649,0.12173184906865162
191,1568581200,321,404,83,725,37,0.691318405609189,-0.08742560069475878
191,1568595600,122,259,137,381,37,1.5523344099593488,-0.8868718531237941
191,1568610000,9,21,12,30,37,-0.440758192703058,-1.7025859072010947
191,1568624400,833,156,0,989,37,-0.632095082558649,0.526102918611245
191,1568638800,783,254,0,1037,37,-0.632095082558649,0.6376535584850639
191,1568653200,638,464,0,1102,37,-0.632095082558649,0.788711716647527
191,1568667600,576,704,128,1280,37,1.4088317425676555,1.202378672846272
191,1568682000,155,298,143,453,38,1.581246284833098,-0.72421381136761
191,1568696400,21,34,13,55,38,-0.4181989942749879,-1.6588924765020268
191,1568710800,886,203,0,1089,38,-0.6181435221857965,0.7693933017617597
191,1568725200,806,275,0,1081,38,-0.6181435221857965,0.7506057909047864
191,1568739600,648,389,0,1037,38,-0.6181435221857965,0.6472744811914338
191,1568754000,655,639,0,1294,38,-0.6181435221857965,1.250823267471698
191,1568768400,162,338,176,500,38,2.0887977787605347,-0.6138371850828924
191,1568782800,10,30,20,40,38,-0.31053655616916787,-1.6941190593588515
191,1568797200,899,199,0,1098,38,-0.6181435221857965,0.7905292514758545
191,1568811600,823,296,0,1119,38,-0.6181435221857965,0.8398464674754091
191,1568826000,621,451,0,1072,38,-0.6181435221857965,0.7294698411906916
191,1568840400,583,648,65,1231,38,0.3815791173682464,1.102871619473034
191,1568854800,157,337,180,494,38,2.1503191719638606,-0.6279278182256223
191,1568869200,17,32,15,49,38,-0.38743829767332505,-1.6729831096447567
191,1568883600,888,188,0,1076,38,-0.6181435221857965,0.7388635966191782
191,1568898000,770,298,0,1068,38,-0.6181435221857965,0.720076085762205
191,1568912400,610,436,0,1046,38,-0.6181435221857965,0.6684104309055287
191,1568926800,666,681,15,1347,38,-0.38743829767332505,1.3752905268991455
191,1568941200,163,358,195,521,38,2.381024396476332,-0.5645199690833377
191,1568955600,18,34,16,52,38,-0.3720579493724936,-1.6659377930733916
191,1568970000,769,167,0,936,38,-0.6181435221857965,0.41008215662214714
191,1568984400,855,294,0,1149,38,-0.6181435221857965,0.9102996331890587
191,1568998800,659,475,0,1134,38,-0.6181435221857965,0.8750730503322339
191,1569013200,725,664,0,1389,38,-0.6181435221857965,1.4739249588982548
191,1569027600,187,394,207,581,38,2.5655885760863093,-0.4236136376560387
191,1569042000,19,72,53,91,38,0.19701493775826925,-1.5743486776456475
191,1569056400,180,95,0,275,38,-0.6181435221857965,-1.1422359279352636
191,1569070800,576,268,0,844,38,-0.6181435221857965,0.19402578176695534
191,1569085200,557,386,0,943,38,-0.6181435221857965,0.4265212286219987
191,1569099600,487,450,0,937,38,-0.6181435221857965,0.4124305954792688
191,1569114000,185,336,151,521,38,1.7042890712397494,-0.5645199690833377
191,1569128400,21,79,58,100,38,0.2739166792624264,-1.5532127279315524
191,1569142800,108,70,0,178,38,-0.6181435221857965,-1.3700344970760638
191,1569157200,515,236,0,751,38,-0.6181435221857965,-0.02437903194535815
191,1569171600,473,369,0,842,38,-0.6181435221857965,0.18932890405271202
191,1569186000,294,438,144,732,38,1.5966266331339294,-0.0689993702306695
191,1569200400,125,241,116,366,38,1.1659768807106492,-0.9285279919371935
191,1569214800,13,25,12,38,38,-0.4335793425758193,-1.6988159370730949
191,1569229200,845,204,0,1049,38,-0.6181435221857965,0.6754557474768936
191,1569243600,772,298,0,1070,38,-0.6181435221857965,0.7247729634764483
191,1569258000,633,434,0,1067,38,-0.6181435221857965,0.7177276469050834
191,1569272400,577,686,109,1263,38,1.0583144426048292,1.1780216629009268
191,1569286800,165,292,127,457,39,1.6805839984008517,-0.6997799302058534
191,1569301200,20,29,9,49,39,-0.4205699612547036,-1.6645742727923447
191,1569315600,878,197,0,1075,39,-0.5808274666521612,0.761599735770744
191,1569330000,840,263,0,1103,39,-0.5808274666521612,0.8278111122227582
191,1569344400,651,451,0,1102,39,-0.5808274666521612,0.8254464202066147
191,1569358800,721,702,0,1423,39,-0.5808274666521612,1.5845125573886338
191,1569373200,166,338,172,504,39,2.4818715253881396,-0.5886394054471153
191,1569387600,15,36,21,51,39,-0.20689328739142676,-1.659844888760058
191,1569402000,893,165,0,1058,39,-0.5808274666521612,0.7213999714963069
191,1569416400,811,308,0,1119,39,-0.5808274666521612,0.8656461844810519
191,1569430800,686,449,0,1135,39,-0.5808274666521612,0.9034812567393457
191,1569445200,674,643,0,1317,39,-0.5808274666521612,1.3338552036774374
191,1569459600,165,332,167,497,39,2.3928395779451077,-0.6051922495601189
191,1569474000,13,36,23,49,39,-0.17128050841421397,-1.6645742727923447
191,1569488400,913,160,0,1073,39,-0.5808274666521612,0.7568703517384573
191,1569502800,822,303,0,1125,39,-0.5808274666521612,0.8798343365779121
191,1569517200,654,443,0,1097,39,-0.5808274666521612,0.813622960125898
191,1569531600,652,666,14,1318,39,-0.3315380138116716,1.336219895693581
191,1569546000,170,336,166,506,39,2.3750331884565012,-0.5839100214148286
191,1569560400,18,36,18,54,39,-0.260312455857246,-1.652750812711628
191,1569574800,827,178,0,1005,39,-0.5808274666521612,0.5960712946407087
191,1569589200,797,260,0,1057,39,-0.5808274666521612,0.7190352794801635
191,1569603600,699,455,0,1154,39,-0.5808274666521612,0.9484104050460695
191,1569618000,723,613,0,1336,39,-0.5808274666521612,1.3787843519841614
191,1569632400,208,359,151,567,39,2.107937346127405,-0.43966380843008357
191,1569646800,28,74,46,102,39,0.23826644982373324,-1.5392455959367466
191,1569661200,159,109,0,268,39,-0.5808274666521612,-1.1467067212569486
191,1569675600,581,256,0,837,39,-0.5808274666521612,0.198803035928624
191,1569690000,571,325,0,896,39,-0.5808274666521612,0.3383198648810823
191,1569704400,502,491,0,993,39,-0.5808274666521612,0.5676949904469883
191,1569718800,195,345,150,540,39,2.0901309566387987,-0.5035104928659544
191,1569733200,18,78,60,96,39,0.48755590266422283,-1.553433748033607
191,1569747600,124,73,0,197,39,-0.5808274666521612,-1.3145998544031274
191,1569762000,481,196,0,677,39,-0.5808274666521612,-0.17954768665431384
191,1569776400,448,341,0,789,39,-0.5808274666521612,0.08529781915374264
191,1569790800,335,399,64,734,39,0.5587814606186484,-0.04476024173414224
191,1569805200,129,259,130,388,39,1.7340031668666709,-0.8629436793197452
191,1569819600,17,20,3,37,39,-0.5274082981863419,-1.692950576986065
191,1569834000,612,174,0,786,39,-0.5808274666521612,0.07820374310531256
191,1569848400,717,259,0,976,39,-0.5808274666521612,0.5274952261725512
191,1569862800,608,367,0,975,39,-0.5808274666521612,0.5251305341564079
191,1569877200,526,575,49,1101,39,0.2916856182895524,0.8230817281904714
191,1569891600,153,272,119,425,40,0.9938311372177201,-0.6845600760971212
191,1569906000,13,25,12,38,40,-0.624971737249998,-1.5868337930029441
191,1569920400,695,160,0,855,40,-0.8065197231716112,0.3179662760204599
191,1569934800,766,279,0,1045,40,-0.8065197231716112,0.7609430362584608
191,1569949200,585,368,0,953,40,-0.8065197231716112,0.5464490260379551
191,1569963600,570,635,65,1205,40,0.1768652005704605,1.1339760975115143
191,1569978000,160,307,147,467,40,1.417443104368151,-0.5866388975181946
191,1569992400,15,28,13,43,40,-0.6098427384231969,-1.5751765098387862
191,1570006800,875,205,0,1080,40,-0.8065197231716112,0.8425440184075663
191,1570021200,792,291,0,1083,40,-0.8065197231716112,0.8495383883060611
191,1570035600,672,452,0,1124,40,-0.8065197231716112,0.945128110252156
191,1570050000,628,646,18,1274,40,-0.5341977442891913,1.2948466051768937
191,1570064400,155,327,172,482,40,1.7956680750381786,-0.551667048025721
191,1570078800,17,32,15,49,40,-0.5795847407695947,-1.5611877700417969
191,1570093200,902,174,0,1076,40,-0.8065197231716112,0.8332181918762399
191,1570107600,881,277,0,1158,40,-0.8065197231716112,1.02439763576843
191,1570122000,673,467,0,1140,40,-0.8065197231716112,0.9824314163774613
191,1570136400,653,717,64,1370,40,0.1617362017436594,1.5186664419287257
191,1570150800,163,325,162,488,40,1.6443780867701676,-0.5376783082287314
191,1570165200,12,27,15,39,40,-0.5795847407695947,-1.5845023363701127
191,1570179600,783,156,0,939,40,-0.8065197231716112,0.5138086331783129
191,1570194000,827,305,0,1132,40,-0.8065197231716112,0.9637797633148086
191,1570208400,713,504,0,1217,40,-0.8065197231716112,1.1619535771054934
191,1570222800,714,605,0,1319,40,-0.8065197231716112,1.3997621536543148
191,1570237200,212,405,193,617,40,2.113377050401002,-0.2369204025934571
191,1570251600,13,73,60,86,40,0.10122020643645499,-1.4749238746270281
191,1570266000,118,153,35,271,40,-0.2770047642335726,-1.0436043975531852
191,1570280400,242,284,42,526,40,-0.17110177244596486,-0.44908295618113125
191,1570294800,328,410,82,738,40,0.43405818062607926,0.04518584997916457
191,1570309200,290,430,140,720,40,1.3115401125805433,0.0032196305881960602
191,1570323600,141,349,208,490,40,2.3403120328030185,-0.5330153949630683
191,1570338000,17,58,41,75,40,-0.18623077127276597,-1.5005698975881756
191,1570352400,64,77,13,141,40,-0.6098427384231969,-1.3466937598212911
191,1570366800,204,239,35,443,40,-0.2770047642335726,-0.6425938567061527
191,1570381200,267,403,136,670,40,1.251024117273339,-0.11335320105338315
191,1570395600,235,383,148,618,40,1.432572103194952,-0.23458894596062552
191,1570410000,94,277,183,371,40,1.9620870621329909,-0.8104587342700268
191,1570424400,10,25,15,35,40,-0.5795847407695947,-1.593828162901439
191,1570438800,840,155,0,995,40,-0.8065197231716112,0.6443702046168817
191,1570453200,789,251,0,1040,40,-0.8065197231716112,0.7492857530943029
191,1570467600,624,455,0,1079,40,-0.8065197231716112,0.8402125617747347
191,1570482000,580,686,106,1266,40,0.7971541524693058,1.2761949521142408
191,1570496400,143,344,201,487,41,2.1560906615615405,-0.6245884155455681
191,1570510800,13,25,12,38,41,-0.45291050787070164,-1.741880043354174
191,1570525200,876,184,0,1060,41,-0.6185613757711614,0.80126481994292
191,1570539600,787,267,0,1054,41,-0.6185613757711614,0.7863344195713128
191,1570554000,614,432,0,1046,41,-0.6185613757711614,0.7664272190758364
191,1570568400,526,663,137,1189,41,1.2726193660924214,1.1222684279324748
191,1570582800,164,380,216,544,41,2.3631542464371154,-0.4827496120152996
191,1570597200,14,44,30,58,41,-0.20443420602001192,-1.6921120421154832
191,1570611600,618,164,0,782,41,-0.6185613757711614,0.1094896027251195
191,1570626000,781,295,0,1076,41,-0.6185613757711614,0.8410792209338726
191,1570640400,581,459,0,1040,41,-0.6185613757711614,0.7514968187042292
191,1570654800,555,644,89,1199,41,0.6100158944905821,1.1471524285518202
191,1570669200,177,374,197,551,41,2.100873705594721,-0.4653308115817579
191,1570683600,23,41,18,64,41,-0.37008507392047174,-1.677181641743876
191,1570698000,908,187,0,1095,41,-0.6185613757711614,0.8883588221106287
191,1570712400,791,308,0,1099,41,-0.6185613757711614,0.8983124223583668
191,1570726800,698,475,0,1173,41,-0.6185613757711614,1.0824540269415224
191,1570741200,655,626,0,1281,41,-0.6185613757711614,1.351201233630452
191,1570755600,177,415,238,592,41,2.666847504254625,-0.363306409042442
191,1570770000,17,57,40,74,41,-0.06639181610296208,-1.6522976411245307
191,1570784400,793,185,0,978,41,-0.6185613757711614,0.5972160148642882
191,1570798800,822,326,0,1148,41,-0.6185613757711614,1.020244025393159
191,1570813200,731,545,0,1276,41,-0.6185613757711614,1.3387592333207794
191,1570827600,732,624,0,1356,41,-0.6185613757711614,1.5378312382755421
191,1570842000,211,355,144,566,41,1.3692490390343564,-0.4280048106527399
191,1570856400,21,57,36,78,41,-0.12160877206978202,-1.6423440408767924
191,1570870800,147,103,0,250,41,-0.6185613757711614,-1.2143392302240525
191,1570885200,610,229,0,839,41,-0.6185613757711614,0.25132840625538794
191,1570899600,476,333,0,809,41,-0.6185613757711614,0.1766764043973519
191,1570914000,486,447,0,933,41,-0.6185613757711614,0.48523801207723416
191,1570928400,185,391,206,576,41,2.2251118565200656,-0.4031208100333945
191,1570942800,37,72,35,109,41,-0.135413011061487,-1.565203638956822
191,1570957200,148,74,0,222,41,-0.6185613757711614,-1.2840144319582196
191,1570971600,551,249,0,800,41,-0.6185613757711614,0.1542808038399411
191,1570986000,454,324,0,778,41,-0.6185613757711614,0.09953600247738137
191,1571000400,325,413,88,738,41,0.5962116554988772,0.0
191,1571014800,147,272,125,419,41,1.1069684981919616,-0.7937996197571163
191,1571029200,16,28,12,44,41,-0.45291050787070164,-1.7269496429825666
191,1571043600,517,140,0,657,41,-0.6185613757711614,-0.20156040501669725
191,1571058000,722,240,0,962,41,-0.6185613757711614,0.5574016138733356
191,1571072400,543,357,0,900,41,-0.6185613757711614,0.4031208100333945
191,1571086800,499,557,58,1056,41,0.18208448574772765,0.7913112196951818
191,1571101200,146,279,133,425,42,1.4292664527425698,-0.8001842998289137
191,1571115600,16,21,5,37,42,-0.5567083340095768,-1.6961444035812827
191,1571130000,846,202,0,1048,42,-0.6342854741170825,0.6384320523301736
191,1571144400,759,298,0,1057,42,-0.6342854741170825,0.6592146320563883
191,1571158800,626,432,0,1058,42,-0.6342854741170825,0.6615238075815233
191,1571173200,613,698,85,1311,42,0.6845259077105148,1.2457452154406712
191,1571187600,186,362,176,548,42,2.096429857667119,-0.5161557102373122
191,1571202000,14,33,19,47,42,-0.33949234170856074,-1.673052648329933
191,1571216400,846,183,0,1029,42,-0.6342854741170825,0.5945577173526091
191,1571230800,859,313,0,1172,42,-0.6342854741170825,0.9247698174469101
191,1571245200,682,385,0,1067,42,-0.6342854741170825,0.6823063873077381
191,1571259600,584,722,138,1306,42,1.5068435928500754,1.2341993378149962
191,1571274000,143,334,191,477,42,2.3291612779896362,-0.6801071725218952
191,1571288400,16,27,11,43,42,-0.4636157658805699,-1.682289350430473
191,1571302800,872,186,0,1058,42,-0.6342854741170825,0.6615238075815233
191,1571317200,817,321,0,1138,42,-0.6342854741170825,0.8462578495923211
191,1571331600,698,475,0,1173,42,-0.6342854741170825,0.9270789929720451
191,1571346000,670,695,25,1365,42,-0.24639977357955387,1.3704406937979596
191,1571360400,192,377,185,569,42,2.2360687098606293,-0.4676630242094778
191,1571374800,14,33,19,47,42,-0.33949234170856074,-1.673052648329933
191,1571389200,766,167,0,933,42,-0.6342854741170825,0.3728768669396519
191,1571403600,875,346,0,1221,42,-0.6342854741170825,1.0379194181785236
191,1571418000,719,511,0,1230,42,-0.6342854741170825,1.0587019979047385
191,1571432400,699,701,2,1400,42,-0.6032546180740802,1.4512618371776835
191,1571446800,206,416,210,622,42,2.623954410398158,-0.34527672137732435
191,1571461200,21,59,38,80,42,-0.04469920930003899,-1.596849856000479
191,1571475600,187,111,0,298,42,-0.6342854741170825,-1.0934495915210551
191,1571490000,594,250,0,844,42,-0.6342854741170825,0.1673602452026394
191,1571504400,565,361,0,926,42,-0.6342854741170825,0.3567126382637071
191,1571518800,591,435,0,1026,42,-0.6342854741170825,0.5876301907772042
191,1571533200,191,339,148,530,42,1.6619978730650868,-0.5577208696897417
191,1571547600,19,55,36,74,42,-0.07573006534304128,-1.6107049091512888
191,1571562000,143,87,0,230,42,-0.6342854741170825,-1.2504735272302332
191,1571576400,530,204,0,734,42,-0.6342854741170825,-0.0866490625622075
191,1571590800,496,307,0,803,42,-0.6342854741170825,0.07268404867210555
191,1571605200,326,388,62,714,42,0.3276710632159885,-0.13283257306490692
191,1571619600,128,260,132,388,42,1.4137510247210687,-0.8856237942589077
191,1571634000,13,30,17,43,42,-0.370523197751563,-1.682289350430473
191,1571648400,795,201,0,996,42,-0.6342854741170825,0.518354925023155
191,1571662800,780,273,0,1053,42,-0.6342854741170825,0.6499779299558485
191,1571677200,615,426,0,1041,42,-0.6342854741170825,0.6222678236542288
191,1571691600,579,664,85,1243,42,0.6845259077105148,1.0887212797314931
191,1571706000,167,314,147,481,43,1.833927651259831,-0.6629616227467596
191,1571720400,13,26,13,39,43,-0.32761053120934785,-1.6800031535847768
191,1571734800,785,187,0,972,43,-0.5373119966727756,0.4668288560800876
191,1571749200,808,312,0,1120,43,-0.5373119966727756,0.8073766989851251
191,1571763600,663,417,0,1080,43,-0.5373119966727756,0.715336741443223
191,1571778000,641,660,19,1301,43,-0.23082523945699654,1.2238575068622317
191,1571792400,147,340,193,487,43,2.575948221361191,-0.6491556291154743
191,1571806800,17,15,0,32,43,-0.5373119966727756,-1.6961101461546098
191,1571821200,888,198,0,1086,43,-0.5373119966727756,0.7291427350745083
191,1571835600,836,292,0,1128,43,-0.5373119966727756,0.8257846904935054
191,1571850000,662,441,0,1103,43,-0.5373119966727756,0.7682597170298167
191,1571864400,686,711,25,1397,43,-0.13403994770464525,1.4447534049627966
191,1571878800,165,326,161,491,43,2.059759998681984,-0.6399516333612841
191,1571893200,14,25,11,39,43,-0.35987229512679825,-1.6800031535847768
191,1571907600,860,209,0,1069,43,-0.5373119966727756,0.6900257531192
191,1571922000,837,277,0,1114,43,-0.5373119966727756,0.7935707053538398
191,1571936400,716,417,0,1133,43,-0.5373119966727756,0.8372896851862432
191,1571950800,669,694,25,1363,43,-0.13403994770464525,1.3665194410521797
191,1571965200,183,428,245,611,43,3.4147540832149024,-0.3638317607355781
191,1571979600,20,37,17,57,43,-0.26308700337444696,-1.638585172690921
191,1571994000,805,186,0,991,43,-0.5373119966727756,0.5105478359124911
191,1572008400,884,281,0,1165,43,-0.5373119966727756,0.9109216512197649
191,1572022800,674,478,0,1152,43,-0.5373119966727756,0.8810086650186467
191,1572037200,747,639,0,1386,43,-0.5373119966727756,1.4194424166387734
191,1572051600,210,391,181,601,43,2.3823776378564885,-0.3868417501210536
191,1572066000,28,61,33,89,43,-0.00499289203484353,-1.5649532066573995
191,1572080400,163,100,0,263,43,-0.5373119966727756,-1.1645793913501257
191,1572094800,646,239,0,885,43,-0.5373119966727756,0.2666419484264507
191,1572109200,560,424,0,984,43,-0.5373119966727756,0.4944408433426582
191,1572123600,532,453,0,985,43,-0.5373119966727756,0.49674184228120577
191,1572138000,222,352,130,574,43,1.5597026579615023,-0.4489687214618374
191,1572152400,31,66,35,97,43,0.0272688718826069,-1.5465452151490189
191,1572166800,111,76,0,187,43,-0.5373119966727756,-1.3394553106797393
191,1572181200,483,197,0,680,43,-0.5373119966727756,-0.2050628339757971
191,1572195600,447,322,0,769,43,-0.5373119966727756,-0.0002739284450651223
191,1572210000,318,347,29,665,43,-0.0695164198697444,-0.23957781805401035
191,1572224400,141,220,79,361,43,0.7370276780665164,-0.9390814953724657
191,1572238800,13,27,14,40,43,-0.3114796492506226,-1.6777021546462294
191,1572253200,782,162,0,944,43,-0.5373119966727756,0.40240088580075617
191,1572267600,740,268,0,1008,43,-0.5373119966727756,0.5496648178677994
191,1572282000,650,468,0,1118,43,-0.5373119966727756,0.80277470110803
191,1572296400,607,649,42,1256,43,0.14018504559368342,1.1203125546275918
191,1572310800,155,333,178,488,44,2.407128307955714,-0.6804812949340162
191,1572325200,13,25,12,38,44,-0.327959463078712,-1.676616100468282
191,1572339600,852,200,0,1052,44,-0.5256766513462608,0.5680076613355969
191,1572354000,986,294,0,1280,44,-0.5256766513462608,1.0727159628062917
191,1572368400,705,442,0,1147,44,-0.5256766513462608,0.7783027869483864
191,1572382800,646,628,0,1274,44,-0.5256766513462608,1.0594341653991681
191,1572397200,181,347,166,528,44,2.2094111196881654,-0.5919359788865259
191,1572411600,16,36,20,52,44,-0.19614800423367942,-1.6456252398516604
191,1572426000,854,164,0,1018,44,-0.5256766513462608,0.49274414269523015
191,1572440400,870,283,0,1153,44,-0.5256766513462608,0.7915845843555099
191,1572454800,654,435,0,1089,44,-0.5256766513462608,0.6499120786795254
191,1572469200,662,697,35,1359,44,0.050998481100756644,1.247592962000085
191,1572483600,180,315,135,495,44,1.698641716663664,-0.6649858646257054
191,1572498000,16,34,18,50,44,-0.22910086894493759,-1.650052505654035
191,1572512400,863,184,0,1047,44,-0.5256766513462608,0.5569394968296606
191,1572526800,891,308,0,1199,44,-0.5256766513462608,0.8934116978101238
191,1572541200,683,438,0,1121,44,-0.5256766513462608,0.7207483315175176
191,1572555600,666,618,0,1284,44,-0.5256766513462608,1.0815704944110407
191,1572570000,199,439,240,638,44,3.4286671140047167,-0.3484363597559276
191,1572584400,18,70,52,88,44,0.33109783114645086,-1.5659344554089192
191,1572598800,807,215,0,1022,44,-0.5256766513462608,0.5015986742999792
191,1572613200,862,294,0,1156,44,-0.5256766513462608,0.7982254830590717
191,1572627600,688,521,0,1209,44,-0.5256766513462608,0.9155480268219963
191,1572642000,764,666,0,1430,44,-0.5256766513462608,1.4047608979843802
191,1572656400,216,412,196,628,44,2.7037040903570375,-0.3705726887678002
191,1572670800,27,58,31,85,44,-0.014907248321759643,-1.572575354112481
191,1572685200,165,106,0,271,44,-0.5256766513462608,-1.160839634491651
191,1572699600,658,261,0,919,44,-0.5256766513462608,0.27359448547769166
191,1572714000,609,413,0,1022,44,-0.5256766513462608,0.5015986742999792
191,1572728400,626,460,0,1086,44,-0.5256766513462608,0.6432711799759636
191,1572742800,214,274,60,488,44,0.46290928999148345,-0.6804812949340162
191,1572753600,26,67,41,93,44,0.14985707523453107,-1.554866290902983
191,1572768000,97,48,0,145,44,-0.5256766513462608,-1.4397573800412455
191,1572782400,518,197,0,715,44,-0.5256766513462608,-0.17798662636450882
191,1572796800,600,373,0,973,44,-0.5256766513462608,0.3931306621418036
191,1572811200,432,430,0,862,44,-0.5256766513462608,0.14741741011001802
191,1572825600,196,304,108,500,44,1.253778043061679,-0.6539177001197691
191,1572840000,20,36,16,56,44,-0.2620537336561957,-1.6367707082469114
191,1572854400,434,102,0,536,44,-0.5256766513462608,-0.5742269156770279
191,1572868800,1125,297,0,1422,44,-0.5256766513462608,1.3870518347748821
191,1572883200,577,370,0,947,44,-0.5256766513462608,0.3355762067109349
191,1572897600,705,737,32,1442,44,0.0015691840338694298,1.4313244927986273
191,1572912000,241,356,115,597,45,1.1625193312842437,-0.3979142582946571
191,1572926400,23,59,36,82,45,-0.03687094893998537,-1.5049091659362563
191,1572940800,388,118,0,506,45,-0.5834285449915327,-0.5935191837225902
191,1572955200,947,281,0,1228,45,-0.5834285449915327,0.958423191650681
191,1572969600,620,388,0,1008,45,-0.5834285449915327,0.48553216314359005
191,1572984000,764,728,0,1492,45,-0.5834285449915327,1.5258924258591902
191,1572998400,223,435,212,658,45,2.635188409534246,-0.26679447311769094
191,1573012800,23,71,48,94,45,0.14531491641053043,-1.4791151098358695
191,1573027200,429,118,0,547,45,-0.5834285449915327,-0.5053894920462686
191,1573041600,1176,320,0,1496,45,-0.5834285449915327,1.534490444559319
191,1573056000,645,366,0,1011,45,-0.5834285449915327,0.49198067716868676
191,1573070400,722,702,0,1424,45,-0.5834285449915327,1.3797261079569982
191,1573084800,241,493,252,734,45,3.242474627369299,-0.10343211781524136
191,1573099200,28,66,38,94,45,-0.006506638048232738,-1.4791151098358695
191,1573113600,450,110,0,560,45,-0.5834285449915327,-0.47744593127084967
191,1573128000,1143,317,0,1460,45,-0.5834285449915327,1.4571082762581586
191,1573142400,637,399,0,1036,45,-0.5834285449915327,0.5457182940444926
191,1573156800,793,718,0,1511,45,-0.5834285449915327,1.5667330146848024
191,1573171200,281,484,203,765,45,2.498549010521359,-0.03679747288924219
191,1573185600,28,109,81,137,45,0.6463260461244489,-1.3866864088094835
191,1573200000,369,163,0,532,45,-0.5834285449915327,-0.5376320621717521
191,1573214400,1021,410,0,1431,45,-0.5834285449915327,1.394772640682224
191,1573228800,644,416,0,1060,45,-0.5834285449915327,0.5973064062452661
191,1573243200,754,788,34,1542,45,-0.067235259831738,1.6333676596108015
191,1573257600,309,487,178,796,45,2.118995124374451,0.029837172036756985
191,1573272000,54,107,53,161,45,0.221225693639912,-1.33509829660871
191,1573286400,90,53,0,143,45,-0.5834285449915327,-1.3737893807592902
191,1573300800,608,217,0,825,45,-0.5834285449915327,0.0921728076126917
191,1573315200,667,296,0,963,45,-0.5834285449915327,0.38880445276713965
191,1573329600,633,497,0,1130,45,-0.5834285449915327,0.7477717334975222
191,1573344000,279,423,144,702,45,1.6028018392146568,-0.17221626741627277
191,1573358400,47,101,54,148,45,0.23640784908578832,-1.363041857384129
191,1573372800,62,42,0,104,45,-0.5834285449915327,-1.4576200630855471
191,1573387200,527,188,0,715,45,-0.5834285449915327,-0.14427270664085376
191,1573401600,566,343,0,909,45,-0.5834285449915327,0.27273120031539916
191,1573416000,479,403,0,882,45,-0.5834285449915327,0.21469457408952888
191,1573430400,192,276,84,468,45,0.6918725124620778,-0.6752003613738149
191,1573444800,22,59,37,81,45,-0.021688793494109054,-1.5070586706112885
191,1573459200,289,104,0,393,45,-0.5834285449915327,-0.8364132120012323
191,1573473600,929,240,0,1169,45,-0.5834285449915327,0.8316024158237794
191,1573488000,543,357,0,900,45,-0.5834285449915327,0.25338565824010906
191,1573502400,655,700,45,1355,45,0.09976845007290147,1.2314102853797744
191,1573516800,222,344,122,566,46,1.2678594955506493,-0.4061541415875646
191,1573531200,33,68,35,101,46,-0.043051256215641695,-1.4594260025894414
191,1573545600,448,106,0,554,46,-0.570429144857253,-0.43333535090374203
191,1573560000,1133,283,0,1416,46,-0.570429144857253,1.5191815183083393
191,1573574400,547,413,0,960,46,-0.570429144857253,0.48629556429359555
191,1573588800,722,559,0,1281,46,-0.570429144857253,1.2133929135013428
191,1573603200,250,430,180,680,46,2.1417999967281767,-0.14793265308387865
191,1573617600,23,70,47,93,46,0.13776401989005363,-1.4775468088002264
191,1573632000,414,119,0,533,46,-0.570429144857253,-0.4809024672070526
191,1573646400,992,341,0,1333,46,-0.570429144857253,1.3311781538714451
191,1573660800,863,517,0,1380,46,-0.570429144857253,1.4376378903598068
191,1573675200,660,696,36,1356,46,-0.027983316540167086,1.383275471727452
191,1573689600,269,582,313,851,46,4.1458359735663,0.23939957967165024
191,1573704000,26,54,28,80,46,-0.14852683394396396,-1.506993118892752
191,1573718400,445,107,0,552,46,-0.570429144857253,-0.4378655524564383
191,1573732800,945,382,0,1327,46,-0.570429144857253,1.3175875492133564
191,1573747200,424,522,98,946,46,0.9062289433392587,0.45458415342472186
191,1573761600,744,669,0,1413,46,-0.570429144857253,1.512386215979295
191,1573776000,242,464,222,706,46,2.7746534630981103,-0.08904003289882748
191,1573790400,35,124,89,159,46,0.7706174862599872,-1.3280501575612504
191,1573804800,381,110,0,491,46,-0.570429144857253,-0.5760366998136738
191,1573819200,884,309,0,1193,46,-0.570429144857253,1.014064045182708
191,1573833600,509,421,0,930,46,-0.570429144857253,0.4183425410031519
191,1573848000,833,676,0,1509,46,-0.570429144857253,1.7298358905087148
191,1573862400,288,368,80,656,46,0.6350060291807157,-0.2022950717162336
191,1573876800,40,111,71,151,46,0.4993945721014442,-1.3461709637720354
191,1573891200,87,56,0,143,46,-0.570429144857253,-1.3642917699828203
191,1573905600,529,206,0,735,46,-0.570429144857253,-0.02335211038473193
191,1573920000,564,207,0,771,46,-0.570429144857253,0.05819151756380047
191,1573934400,554,320,0,874,46,-0.570429144857253,0.29149689752765706
191,1573948800,248,308,60,556,46,0.33364723567122356,-0.4288051493510458
191,1573963200,50,93,43,143,46,0.07749226118815518,-1.3642917699828203
191,1573977600,59,55,0,114,46,-0.570429144857253,-1.429979692496916
191,1573992000,467,195,0,662,46,-0.570429144857253,-0.18870446705814486
191,1574006400,573,327,0,900,46,-0.570429144857253,0.35038951771270826
191,1574020800,349,363,14,712,46,-0.3594779894006085,-0.07544942824073875
191,1574035200,190,279,89,469,46,0.7706174862599872,-0.6258689168933325
191,1574049600,26,40,14,66,46,-0.3594779894006085,-1.5387045297616257
191,1574064000,425,105,0,530,46,-0.570429144857253,-0.487697769536097
191,1574078400,943,299,0,1242,46,-0.570429144857253,1.125053983223766
191,1574092800,476,336,0,812,46,-0.570429144857253,0.1510606493940735
191,1574107200,654,703,49,1357,46,0.16789989924100285,1.3855405725038001
191,1574121600,217,339,122,556,47,1.4350589358027002,-0.42819295063497104
191,1574136000,29,58,29,87,47,-0.14792333001072733,-1.5176459009847072
191,1574150400,416,107,0,523,47,-0.641541455909538,-0.5048495548173618
191,1574164800,908,303,0,1211,47,-0.641541455909538,1.0933244960155133
191,1574179200,454,322,0,776,47,-0.641541455909538,0.08285107724763444
191,1574193600,767,681,0,1448,47,-0.641541455909538,1.6438582896890475
191,1574208000,254,467,213,721,47,2.9839985722437956,-0.04490992972301693
191,1574222400,28,86,58,114,47,0.3456947958880834,-1.4549268611991146
191,1574236800,438,115,0,553,47,-0.641541455909538,-0.4351617328333702
191,1574251200,967,352,0,1319,47,-0.641541455909538,1.3442006551578833
191,1574265600,404,494,90,898,47,0.8903768658453918,0.3662482199825338
191,1574280000,730,691,0,1421,47,-0.641541455909538,1.581139249903455
191,1574294400,277,462,185,739,47,2.5074017610311508,-0.0030972365326219393
191,1574308800,29,88,59,117,47,0.3627161105742493,-1.4479580790007156
191,1574323200,424,118,0,542,47,-0.641541455909538,-0.46071393422750045
191,1574337600,961,345,0,1306,47,-0.641541455909538,1.3140025989648203
191,1574352000,348,394,46,742,47,0.14143901965409275,0.003871545665777226
191,1574366400,761,600,0,1361,47,-0.641541455909538,1.4417636059354717
191,1574380800,285,467,182,752,47,2.456337816972653,0.02710081966044111
191,1574395200,29,149,120,178,47,1.4010163064303685,-1.306259507633266
191,1574409600,335,108,0,443,47,-0.641541455909538,-0.6906837467746729
191,1574424000,1023,303,0,1326,47,-0.641541455909538,1.360461146954148
191,1574438400,494,495,1,989,47,-0.6245201412233722,0.5776346133339751
191,1574452800,737,632,0,1369,47,-0.641541455909538,1.4603470251312027
191,1574467200,305,415,110,720,47,1.2308031595687094,-0.04723285712248332
191,1574481600,46,108,62,154,47,0.4137800546327469,-1.3620097652204592
191,1574496000,91,74,0,165,47,-0.641541455909538,-1.336457563826329
191,1574510400,534,210,0,744,47,-0.641541455909538,0.008517400464710003
191,1574524800,639,300,0,939,47,-0.641541455909538,0.46148824336065575
191,1574539200,597,459,0,1056,47,-0.641541455909538,0.7332707490982232
191,1574553600,254,368,114,622,47,1.298888418313373,-0.2748797422701894
191,1574568000,48,106,58,154,47,0.3456947958880834,-1.3620097652204592
191,1574582400,62,46,0,108,47,-0.641541455909538,-1.4688644255959131
191,1574596800,469,199,0,668,47,-0.641541455909538,-0.16802508189473553
191,1574611200,588,313,0,901,47,-0.641541455909538,0.37321700218093296
191,1574625600,388,396,8,784,47,-0.505370938420211,0.10143449644336554
191,1574640000,182,292,110,474,47,1.2308031595687094,-0.6186729973912148
191,1574654400,22,38,16,60,47,-0.3692004209308839,-1.5803649407702998
191,1574668800,391,95,0,486,47,-0.641541455909538,-0.5907978685976182
191,1574683200,1063,279,0,1342,47,-0.641541455909538,1.3976279853456102
191,1574697600,555,313,0,868,47,-0.641541455909538,0.29656039799854217
191,1574712000,692,666,0,1358,47,-0.641541455909538,1.4347948237370725
191,1574726400,229,329,100,558,48,1.2399702374302668,-0.2333174526908392
191,1574740800,28,62,34,90,48,0.020673501652792695,-1.3505130312757692
191,1574755200,385,109,0,494,48,-0.6074490592022698,-0.3860963352323681
191,1574769600,1104,312,0,1416,48,-0.6074490592022698,1.8148744413815325
191,1574784000,618,379,0,997,48,-0.6074490592022698,0.8146501947424606
191,1574798400,756,675,0,1431,48,-0.6074490592022698,1.8506819919772033
191,1574812800,250,428,178,678,48,2.6809572888036453,0.05314295207452748
191,1574827200,25,51,26,76,48,-0.12712004207781022,-1.3839334118317286
191,1574841600,316,105,0,421,48,-0.6074490592022698,-0.5603597481312995
191,1574856000,907,285,0,1192,48,-0.6074490592022698,1.2801483524861814
191,1574870400,1045,404,0,1449,48,-0.6074490592022698,1.8936510526920083
191,1574884800,669,553,0,1222,48,-0.6074490592022698,1.3517634536775232
191,1574899200,221,395,174,616,48,2.607060516938344,-0.09486159038757863
191,1574913600,32,80,48,112,48,0.2793122031813478,-1.2979952904021186
191,1574928000,111,59,0,170,48,-0.6074490592022698,-1.159539428098858
191,1574942400,416,210,0,626,48,-0.6074490592022698,-0.07098988999046475
191,1574956800,414,294,0,708,48,-0.6074490592022698,0.12475805326586915
191,1574971200,303,291,0,594,48,-0.6074490592022698,-0.1473793312612292
191,1574985600,246,277,31,523,48,-0.0347490772461834,-0.3168684040807378
191,1575000000,24,66,42,90,48,0.16846704538339563,-1.3505130312757692
191,1575014400,93,75,0,168,48,-0.6074490592022698,-1.164313768178281
191,1575028800,579,206,0,785,48,-0.6074490592022698,0.3085701463236461
191,1575043200,556,330,0,886,48,-0.6074490592022698,0.5496743203344964
191,1575057600,552,558,6,1110,48,-0.49660390140431754,1.0844004092298476
191,1575072000,243,408,165,651,48,2.4407927802414155,-0.011310638997680023
191,1575086400,44,158,114,202,48,1.498608938958822,-1.0831499868280936
191,1575100800,69,59,0,128,48,-0.6074490592022698,-1.2598005697667365
191,1575115200,448,176,0,624,48,-0.6074490592022698,-0.07576423006988753
191,1575129600,581,284,0,865,48,-0.6074490592022698,0.4995437495005572
191,1575144000,502,429,0,931,48,-0.6074490592022698,0.6570969721215089
191,1575158400,242,386,144,628,48,2.052834727948583,-0.06621554991104196
191,1575172800,37,98,61,135,48,0.5194767117435776,-1.2430903794887567
191,1575187200,54,62,8,116,48,-0.4596555154716668,-1.2884466102432732
191,1575201600,456,173,0,629,48,-0.6074490592022698,-0.06382837987133058
191,1575216000,522,316,0,838,48,-0.6074490592022698,0.4350901584283497
191,1575230400,322,449,127,771,48,1.7387734475210517,0.2751497657676866
191,1575244800,153,242,89,395,48,1.0367541148006878,-0.6224261691637956
191,1575259200,24,52,28,76,48,-0.0901716561451595,-1.3839334118317286
191,1575273600,394,99,0,493,48,-0.6074490592022698,-0.3884835052720795
191,1575288000,1128,294,0,1422,48,-0.6074490592022698,1.8291974616198008
191,1575302400,615,344,0,959,48,-0.6074490592022698,0.7239377332334278
191,1575316800,630,636,6,1266,48,-0.49660390140431754,1.456798935424824
191,1575331200,179,384,205,563,49,2.0700882775454765,-0.4822188427422466
191,1575345600,28,46,18,74,49,-0.3439389432180235,-1.5502454352409265
191,1575360000,434,89,0,523,49,-0.5763051997621037,-0.5695829811879464
191,1575374400,1062,283,0,1345,49,-0.5763051997621037,1.2257500638711842
191,1575388800,615,376,0,991,49,-0.5763051997621037,0.4525774386267411
191,1575403200,703,686,0,1389,49,-0.5763051997621037,1.321850616161454
191,1575417600,248,450,202,698,49,2.031360568121463,-0.1873648754880098
191,1575432000,21,64,43,85,49,-0.021208031351245455,-1.526220297168359
191,1575446400,455,103,0,558,49,-0.5763051997621037,-0.49313936004795905
191,1575460800,1096,253,0,1349,49,-0.5763051997621037,1.2344864777157543
191,1575475200,608,347,0,955,49,-0.5763051997621037,0.3739497140256113
191,1575489600,701,653,0,1354,49,-0.5763051997621037,1.2454069950214666
191,1575504000,227,498,271,725,49,2.9220978848737706,-0.12839408203716246
191,1575518400,19,76,57,95,49,0.15952127929415025,-1.504379262556934
191,1575532800,414,126,0,540,49,-0.5763051997621037,-0.532453222348524
191,1575547200,1185,248,0,1433,49,-0.5763051997621037,1.4179511684517236
191,1575561600,658,311,0,969,49,-0.5763051997621037,0.4045271624816062
191,1575576000,781,686,0,1467,49,-0.5763051997621037,1.4922106861305686
191,1575590400,233,515,282,748,49,3.0640994860951527,-0.07815970243088509
191,1575604800,27,107,80,134,49,0.45643371821158607,-1.4191992275723768
191,1575619200,396,104,0,500,49,-0.5763051997621037,-0.6198173607942238
191,1575633600,1060,225,0,1285,49,-0.5763051997621037,1.0947038562026346
191,1575648000,623,342,0,965,49,-0.5763051997621037,0.3957907486370362
191,1575662400,844,718,0,1562,49,-0.5763051997621037,1.6997005149391056
191,1575676800,292,448,156,740,49,1.4375356902865914,-0.09563253012002505
191,1575691200,45,120,75,165,49,0.39188753583823044,-1.3514920202769594
191,1575705600,105,65,0,170,49,-0.5763051997621037,-1.340571502971247
191,1575720000,526,207,0,733,49,-0.5763051997621037,-0.11092125434802251
191,1575734400,692,372,0,1064,49,-0.5763051997621037,0.6120169912901432
191,1575748800,643,496,0,1139,49,-0.5763051997621037,0.7758247508758302
191,1575763200,312,384,72,696,49,0.3531598264142171,-0.19173308241029483
191,1575777600,52,140,88,192,49,0.5597076100089551,-1.2925212268261121
191,1575792000,77,43,0,120,49,-0.5763051997621037,-1.4497766760283717
191,1575806400,481,195,0,676,49,-0.5763051997621037,-0.2354151516331447
191,1575820800,631,329,0,960,49,-0.5763051997621037,0.38487023133132375
191,1575835200,430,508,78,938,49,0.4306152452622438,0.3368199551861889
191,1575849600,183,377,194,560,49,1.928086676324094,-0.4887711531256741
191,1575864000,25,57,32,82,49,-0.1632096325726278,-1.5327726075517865
191,1575878400,411,76,0,487,49,-0.5763051997621037,-0.6482107057890761
191,1575892800,1112,353,0,1465,49,-0.5763051997621037,1.4878424792082836
191,1575907200,628,373,0,1001,49,-0.5763051997621037,0.47441847323816605
191,1575921600,701,723,22,1424,49,-0.29230199731933904,1.3982942373014413
191,1575936000,223,401,178,624,50,1.9402564172979868,-0.38552392423544585
191,1575950400,23,64,41,87,50,0.018039574127770526,-1.5515567239144383
191,1575964800,415,119,0,534,50,-0.557222400835579,-0.5809484158017575
191,1575979200,1145,305,0,1450,50,-0.557222400835579,1.4080386316953692
191,1575993600,659,379,0,1038,50,-0.557222400835579,0.5134287369695874
191,1576008000,696,617,0,1313,50,-0.557222400835579,1.1105591278666507
191,1576022400,221,404,183,625,50,2.0104103166837612,-0.38335254099582017
191,1576036800,26,60,34,86,50,-0.08017588501231353,-1.553728107154064
191,1576051200,464,117,0,581,50,-0.557222400835579,-0.4788934035393503
191,1576065600,1216,298,0,1514,50,-0.557222400835579,1.5470071590314132
191,1576080000,306,451,145,757,50,1.4772406813518764,-0.09672995336522987
191,1576094400,699,599,0,1298,50,-0.557222400835579,1.0779883792722653
191,1576108800,257,513,256,770,50,3.034657247716066,-0.06850197125009597
191,1576123200,23,58,35,81,50,-0.06614510513515866,-1.5645850233521923
191,1576137600,408,105,0,513,50,-0.557222400835579,-0.6265474638338968
191,1576152000,1199,324,0,1523,50,-0.557222400835579,1.5665496081880443
191,1576166400,681,393,0,1074,50,-0.557222400835579,0.591598533596112
191,1576180800,808,571,0,1379,50,-0.557222400835579,1.2538704216819456
191,1576195200,246,490,244,736,50,2.866287889190208,-0.14232900139736923
191,1576209600,23,83,60,106,50,0.28462439179371296,-1.5103004423615503
191,1576224000,377,102,0,479,50,-0.557222400835579,-0.70037449398117
191,1576238400,1091,358,0,1449,50,-0.557222400835579,1.4058672484557435
191,1576252800,686,451,0,1137,50,-0.557222400835579,0.7283956776925301
191,1576267200,828,690,0,1518,50,-0.557222400835579,1.5556926919899159
191,1576281600,304,470,166,774,50,1.7718870587721285,-0.05981643829159323
191,1576296000,315,152,0,467,50,-0.557222400835579,-0.7264310928566783
191,1576310400,132,73,0,205,50,-0.557222400835579,-1.2953335016386076
191,1576324800,510,225,0,735,50,-0.557222400835579,-0.1445003846369949
191,1576339200,723,309,0,1032,50,-0.557222400835579,0.5004004375318333
191,1576353600,723,530,0,1253,50,-0.557222400835579,0.9802761334891095
191,1576368000,310,447,137,757,50,1.3649944423346374,-0.09672995336522987
191,1576382400,49,140,91,189,50,0.7195785679855138,-1.3300756334726185
191,1576396800,66,51,0,117,50,-0.557222400835579,-1.4864152267256678
191,1576411200,521,198,0,719,50,-0.557222400835579,-0.17924251647100586
191,1576425600,669,394,0,1063,50,-0.557222400835579,0.5677133179602295
191,1576440000,470,451,0,921,50,-0.557222400835579,0.25937689793338237
191,1576454400,201,275,74,476,50,0.481055310073881,-0.7068886437000471
191,1576468800,27,51,24,78,50,-0.22048368378386216,-1.5710991730710695
191,1576483200,375,106,0,481,50,-0.557222400835579,-0.6960317275019187
191,1576497600,1067,295,0,1362,50,-0.557222400835579,1.216956906608309
191,1576512000,672,371,0,1043,50,-0.557222400835579,0.5242856531677158
191,1576526400,717,604,0,1321,50,-0.557222400835579,1.127930193783656
191,1576540800,228,370,142,598,51,1.9912039556940715,-0.34820990955670456
191,1576555200,27,55,28,82,51,-0.053816323126866794,-1.4656991972677809
191,1576569600,417,93,0,510,51,-0.5561020056442902,-0.5387894780035548
191,1576584000,1188,289,0,1477,51,-0.5561020056442902,1.5554200979976291
191,1576598400,663,397,0,1060,51,-0.5561020056442902,0.6523328247892592
191,1576612800,770,625,0,1395,51,-0.5561020056442902,1.3778345910357914
191,1576627200,250,458,208,708,51,3.175163064485141,-0.10998544899814176
191,1576641600,25,61,36,86,51,0.08969387187811133,-1.4570364896111059
191,1576656000,399,103,0,502,51,-0.5561020056442902,-0.5561148933169048
191,1576670400,1086,365,0,1451,51,-0.5561020056442902,1.4991124982292414
191,1576684800,689,402,0,1091,51,-0.5561020056442902,0.7194688091284905
191,1576699200,747,638,0,1385,51,-0.5561020056442902,1.3561778218941039
191,1576713600,252,378,126,630,51,1.7041835656841153,-0.27890824830330446
191,1576728000,22,52,30,74,51,-0.017938774375622267,-1.483024612581131
191,1576742400,389,99,0,488,51,-0.5561020056442902,-0.5864343701152673
191,1576756800,1118,297,0,1415,51,-0.5561020056442902,1.4211481293191663
191,1576771200,682,407,0,1089,51,-0.5561020056442902,0.715137455300153
191,1576785600,744,683,0,1427,51,-0.5561020056442902,1.4471362522891915
191,1576800000,262,444,182,706,51,2.7087549307189622,-0.11431680282647927
191,1576814400,42,69,27,111,51,-0.07175509750248907,-1.402894566756887
191,1576828800,321,111,0,432,51,-0.5561020056442902,-0.7077122773087176
191,1576843200,1044,337,0,1381,51,-0.5561020056442902,1.3475151142374289
191,1576857600,722,476,0,1198,51,-0.5561020056442902,0.9511962389445471
191,1576872000,802,673,0,1475,51,-0.5561020056442902,1.5510887441692915
191,1576886400,297,426,129,723,51,1.757999888810982,-0.07750029528561048
191,1576900800,59,102,43,161,51,0.21526529250746718,-1.2946107210484494
191,1576915200,83,49,0,132,51,-0.5561020056442902,-1.3574153515593432
191,1576929600,521,227,0,748,51,-0.5561020056442902,-0.023358372431391654
191,1576944000,689,297,0,986,51,-0.5561020056442902,0.4920727331407715
191,1576958400,547,463,0,1010,51,-0.5561020056442902,0.5440489790808215
191,1576972800,292,419,127,711,51,1.7221223400597374,-0.1034884182556355
191,1576987200,42,123,81,165,51,0.8969387187811133,-1.2859480133917744
191,1577001600,62,56,0,118,51,-0.5561020056442902,-1.3877348283577058
191,1577016000,422,177,0,599,51,-0.5561020056442902,-0.3460442326425358
191,1577030400,599,308,0,907,51,-0.5561020056442902,0.32098425692144
191,1577044800,412,418,6,830,51,-0.44846935939055665,0.15422713453044606
191,1577059200,191,305,114,496,51,1.4889182731766482,-0.5691089548019174
191,1577073600,26,49,23,75,51,-0.14351019500497814,-1.4808589356669621
191,1577088000,185,93,0,278,51,-0.5561020056442902,-1.0412265220907053
191,1577102400,847,280,0,1127,51,-0.5561020056442902,0.7974331780385656
191,1577116800,671,407,0,1078,51,-0.5561020056442902,0.6913150092442968
191,1577131200,531,423,0,954,51,-0.5561020056442902,0.4227710718873714
191,1577145600,212,404,192,616,52,3.1366729020247113,0.18701845715291554
191,1577160000,27,63,36,90,52,0.0815991909996023,-1.311027864610033
191,1577174400,146,88,0,234,52,-0.6234178192369614,-0.9009163240513552
191,1577188800,694,239,0,933,52,-0.6234178192369614,1.089833445743894
191,1577203200,617,334,0,951,52,-0.6234178192369614,1.141097388313729
191,1577217600,475,441,0,916,52,-0.6234178192369614,1.0414174999834946
191,1577232000,196,301,105,497,52,1.432881793953016,-0.15189316316988083
191,1577246400,35,74,39,109,52,0.14035060851931594,-1.2569159252307631
191,1577260800,38,32,0,70,52,-0.6234178192369614,-1.3679878007987385
191,1577275200,212,101,0,313,52,-0.6234178192369614,-0.6759245761059693
191,1577289600,402,209,0,611,52,-0.6234178192369614,0.1727784731057392
191,1577304000,295,306,11,601,52,-0.40799595499801133,0.14429850501138658
191,1577318400,163,260,97,423,52,1.2762113472337797,-0.3626449270680904
191,1577332800,20,54,34,74,52,0.04243157931979321,-1.3565958135609975
191,1577347200,125,76,0,201,52,-0.6234178192369614,-0.994900218762719
191,1577361600,594,222,0,816,52,-0.6234178192369614,0.7566178190399683
191,1577376000,562,343,0,905,52,-0.6234178192369614,1.0100895350797068
191,1577390400,450,523,73,973,52,0.8062000070760705,1.2037533181213047
191,1577404800,209,345,136,554,52,2.039979774990057,0.010442654967929193
191,1577419200,25,66,41,91,52,0.17951822019912503,-1.3081798678005978
191,1577433600,126,79,0,205,52,-0.6234178192369614,-0.9835082315249778
191,1577448000,711,226,0,937,52,-0.6234178192369614,1.101225432981635
191,1577462400,618,383,0,1001,52,-0.6234178192369614,1.283497228785492
191,1577476800,642,445,0,1087,52,-0.6234178192369614,1.5284249543969248
