remote_unit_id,time_stamp,entries,exits,num_people_exited,sum_exit_entry,week_num,z_score_num_people_exited,z_score_sum_exit_entry
14,1546300800,0,0,0,0,1,-0.46815707644068066,-1.1325889639039435
14,1546315200,89,144,55,233,1,-0.2324339583265206,-0.8134470798519239
14,1546329600,56,84,28,140,1,-0.3481525799461992,-0.9408298919413566
14,1546344000,151,191,40,342,1,-0.29672208144856427,-0.6641489452524812
14,1546358400,422,378,0,800,1,-0.46815707644068066,-0.03682283840344695
14,1546372800,577,318,0,895,1,-0.46815707644068066,0.09329938899973701
14,1546387200,187,147,0,334,1,-0.46815707644068066,-0.6751066065074862
14,1546401600,20,51,31,71,1,-0.33529495532179043,-1.0353397202657744
14,1546416000,327,458,131,785,1,0.09329253215850053,-0.05736845325658126
14,1546430400,677,1327,650,2004,1,2.317661592181211,1.6123051804748003
14,1546444800,627,579,0,1206,1,-0.46815707644068066,0.5192784702880551
14,1546459200,1411,822,0,2233,1,-0.46815707644068066,1.9259682338993174
14,1546473600,290,271,0,561,1,-0.46815707644068066,-0.36418296839672026
14,1546488000,41,47,6,88,1,-0.4424418271918632,-1.012054690098889
14,1546502400,322,511,189,833,1,0.3418732748970693,0.008377514273448527
14,1546516800,634,1459,825,2093,1,3.0676896952717203,1.7342091619367306
14,1546531200,633,588,0,1221,1,-0.46815707644068066,0.5398240851411893
14,1546545600,1488,847,0,2335,1,-0.46815707644068066,2.065678414900631
14,1546560000,316,236,0,552,1,-0.46815707644068066,-0.3765103373086009
14,1546574400,50,54,4,104,1,-0.45101357694146904,-0.9901393675888789
14,1546588800,317,479,162,796,1,0.22615465327739073,-0.04230166903094944
14,1546601622,574,958,384,1532,1,1.1776188754836368,0.9658031664295074
14,1546603200,448,1403,955,1851,1,3.6248534289960985,1.4027399089728303
14,1546617600,659,652,0,1311,1,-0.46815707644068066,0.6630977742599952
14,1546632000,1439,766,0,2205,1,-0.46815707644068066,1.8876164195068001
14,1546646400,324,245,0,569,1,-0.46815707644068066,-0.3532253071417153
14,1546660800,51,62,11,113,1,-0.42101245281784866,-0.9778119986769983
14,1546675200,34,99,65,133,1,-0.18957520957849153,-0.9504178455394859
14,1546689600,141,236,95,377,1,-0.06099896333440422,-0.6162091772618344
14,1546704000,328,334,6,662,1,-0.4424418271918632,-0.2258424950522826
14,1546718400,358,261,0,619,1,-0.46815707644068066,-0.28473992429793427
14,1546732800,169,113,0,282,1,-0.46815707644068066,-0.7463314046650185
14,1546747200,45,31,0,76,1,-0.46815707644068066,-1.0284911819813962
14,1546761600,21,54,33,75,1,-0.32672320557218465,-1.029860889638272
14,1546776000,113,190,77,303,1,-0.1381447110808566,-0.7175675438706304
14,1546790400,320,329,9,649,1,-0.4295842025674545,-0.24364869459166566
14,1546804800,346,262,0,608,1,-0.46815707644068066,-0.2998067085235661
14,1546819200,115,80,0,195,1,-0.46815707644068066,-0.8654959708131974
14,1546833600,18,22,4,40,1,-0.45101357694146904,-1.0778006576289187
14,1546848000,341,539,198,880,1,0.3804461487702955,0.0727537741466027
14,1546862400,710,1449,739,2159,1,2.69910445603867,1.8246098672905215
14,1546876800,533,532,0,1065,1,-0.46815707644068066,0.3261496906685925
14,1546891200,1430,796,0,2226,1,-0.46815707644068066,1.916380280301188
14,1546905600,288,253,0,541,2,-0.5064115877335521,-0.4999390380385804
14,1546920000,46,35,0,81,2,-0.5064115877335521,-1.0814454928793615
14,1546934400,353,533,180,886,2,0.24871101646085697,-0.06380919690799462
14,1546948800,657,1466,809,2123,2,2.887445005562431,1.4999375088268885
14,1546963200,565,605,40,1170,2,-0.338606564579239,0.29520783173283544
14,1546977600,1486,858,0,2344,2,-0.5064115877335521,1.7793134360438725
14,1546992000,340,225,0,565,2,-0.5064115877335521,-0.46959957082949616
14,1547006400,39,45,6,84,2,-0.48124083426040515,-1.0776530594782259
14,1547020800,337,537,200,874,2,0.33261352803801353,-0.07897893051253672
14,1547035200,663,1455,792,2118,2,2.8161278707218482,1.4936167864916625
14,1547049600,629,584,0,1213,2,-0.5064115877335521,0.349566043815778
14,1547064000,1478,907,0,2385,2,-0.5064115877335521,1.8311433591927246
14,1547078400,317,296,0,613,2,-0.5064115877335521,-0.4089206364113277
14,1547092800,45,42,0,87,2,-0.5064115877335521,-1.0738606260770904
14,1547107200,337,539,202,876,2,0.3410037791957292,-0.07645064157844637
14,1547121600,699,1481,782,2180,2,2.77417661493327,1.5719937434484637
14,1547136000,613,583,0,1196,2,-0.5064115877335521,0.32807558787601
14,1547150400,1458,850,0,2308,2,-0.5064115877335521,1.733804235230246
14,1547164800,353,253,0,606,2,-0.5064115877335521,-0.41776964768064395
14,1547179200,48,46,0,94,2,-0.5064115877335521,-1.0650116148077742
14,1547193600,296,469,173,765,2,0.2193451374088522,-0.21677067742046094
14,1547208000,703,1366,663,2069,2,2.274956671049188,1.431673707606449
14,1547222400,656,622,0,1278,2,-0.5064115877335521,0.43173543417371446
14,1547236800,1346,854,0,2200,2,-0.5064115877335521,1.597276632789367
14,1547251200,306,240,0,546,2,-0.5064115877335521,-0.4936183157033545
14,1547265600,52,32,0,84,2,-0.5064115877335521,-1.0776530594782259
14,1547280000,30,64,34,94,2,-0.36377731805238595,-1.0650116148077742
14,1547294400,127,234,107,361,2,-0.05753315079576447,-0.7274850421067122
14,1547308800,320,386,66,706,2,-0.22953329952893542,-0.2913552009761263
14,1547323200,386,314,0,700,2,-0.5064115877335521,-0.2989400677783974
14,1547337600,172,101,0,273,2,-0.5064115877335521,-0.8387297552066877
14,1547352000,37,24,0,61,2,-0.5064115877335521,-1.106728382220265
14,1547366400,20,43,23,63,2,-0.40992369941982204,-1.1042000932861746
14,1547380800,97,192,95,289,2,-0.10787465774205841,-0.8185034437339648
14,1547395200,227,284,57,511,2,-0.2672894297386559,-0.5378633720499357
14,1547409600,251,196,0,447,2,-0.5064115877335521,-0.6187686179408269
14,1547424000,94,66,0,160,2,-0.5064115877335521,-0.9815780799827926
14,1547438400,19,20,1,39,2,-0.5022164621546943,-1.1345395604952588
14,1547452800,348,505,157,853,2,0.15222312814712693,-0.10552596432048543
14,1547467200,712,1395,683,2107,2,2.3588591826263445,1.4797111973541657
14,1547481600,592,562,0,1154,2,-0.5064115877335521,0.27498152026011263
14,1547496000,1342,886,0,2228,2,-0.5064115877335521,1.632672677866632
14,1547510400,276,285,9,561,3,-0.47144650969388374,-0.32207931047520294
14,1547524800,46,45,0,91,3,-0.5114830231651772,-0.9293974469154275
14,1547539200,343,555,212,898,3,0.43159929415862475,0.11338071501491556
14,1547541638,63,388,325,451,3,0.9342799632981984,-0.46421759772717036
14,1547553600,745,1290,545,2035,3,1.9129502925964834,1.582573738701161
14,1547568000,607,587,0,1194,3,-0.5114830231651772,0.4958619243474825
14,1547582400,1457,833,0,2290,3,-0.5114830231651772,1.9120761318761765
14,1547596800,310,271,0,581,3,-0.5114830231651772,-0.2962359855202997
14,1547611200,48,49,1,97,3,-0.5070345216683668,-0.9216444494289565
14,1547622023,32,191,159,223,3,0.19582871482767425,-0.7588315022130665
14,1547625600,351,447,96,798,3,-0.08442687947138011,-0.015835909759600312
14,1547627196,25,223,198,248,3,0.3693202732032793,-0.7265273460194376
14,1547633583,130,984,854,1114,3,3.287537255110893,0.3924886245278698
14,1547640000,712,1641,929,2353,3,3.6211748673716717,1.9934826054841215
14,1547654400,725,578,0,1303,3,-0.5114830231651772,0.6367080453517048
14,1547668800,1934,853,0,2787,3,-0.5114830231651772,2.55428275700552
14,1547683200,428,247,0,675,3,-0.5114830231651772,-0.17477235823225482
14,1547697600,56,50,0,106,3,-0.5114830231651772,-0.9100149531992501
14,1547712000,342,425,83,767,3,-0.14225739892991512,-0.05589306343970023
14,1547712699,14,15,1,29,3,-0.5070345216683668,-1.0095117542756273
14,1547726400,794,1422,628,2216,3,2.2821759168317457,1.8164558295430346
14,1547740800,874,578,0,1452,3,-0.5114830231651772,0.8292408162657334
14,1547755200,1780,871,0,2651,3,-0.5114830231651772,2.378548147312179
14,1547769600,361,221,0,582,3,-0.5114830231651772,-0.2949438192725546
14,1547784000,54,54,0,108,3,-0.5114830231651772,-0.9074306207037598
14,1547798400,294,487,193,781,3,0.3470777657192274,-0.03780273597126801
14,1547812800,671,1305,634,1976,3,2.308866925812608,1.5063359300841965
14,1547827200,658,585,0,1243,3,-0.5114830231651772,0.5591780704869953
14,1547841600,1359,826,0,2185,3,-0.5114830231651772,1.7763986758629349
14,1547856000,289,231,0,520,3,-0.5114830231651772,-0.3750581266327544
14,1547870400,54,25,0,79,3,-0.5114830231651772,-0.9449034418883694
14,1547884800,32,58,26,90,3,-0.39582198424810716,-0.9306896131631727
14,1547899200,111,237,126,348,3,0.049028165432931495,-0.5973107212449217
14,1547913600,318,377,59,695,3,-0.24902143485336442,-0.14892903327735166
14,1547928000,352,263,0,615,3,-0.5114830231651772,-0.25230233309696437
14,1547942400,119,86,0,205,3,-0.5114830231651772,-0.7820904946724794
14,1547956800,38,42,4,80,3,-0.4936890171779357,-0.9436112756406242
14,1547971200,17,34,17,51,3,-0.43585849771940066,-0.9810840968252338
14,1547985600,83,137,54,220,3,-0.27126394233741635,-0.762708000956302
14,1548000000,202,249,47,451,3,-0.30240345281508907,-0.46421759772717036
14,1548014400,236,199,0,435,3,-0.5114830231651772,-0.4848922576910929
14,1548028800,103,57,0,160,3,-0.5114830231651772,-0.8402379758210116
14,1548043200,21,12,0,33,3,-0.5114830231651772,-1.0043430892846468
14,1548057600,118,170,52,288,3,-0.28016094533103714,-0.6748406961096313
14,1548072000,249,360,111,609,3,-0.017699357019224305,-0.2600553305834353
14,1548086400,305,346,41,651,3,-0.32909446179595137,-0.20578434817813865
14,1548100800,384,373,0,757,3,-0.5114830231651772,-0.06881472591715182
14,1548115200,131,145,14,276,4,-0.459136680593567,-0.8516070825817672
14,1548129600,20,44,24,64,4,-0.41437840068986403,-1.1253754700986198
14,1548144000,328,523,195,851,4,0.35098818566345685,-0.10907489945822825
14,1548158400,702,1403,701,2105,4,2.6157571487908275,1.5102909399103246
14,1548172800,591,554,0,1145,4,-0.5217982724587512,0.2705850341736334
14,1548187200,1372,854,0,2226,4,-0.5217982724587512,1.6665455384458867
14,1548201600,278,242,0,520,4,-0.5217982724587512,-0.5365151648736916
14,1548216000,42,40,0,82,4,-0.5217982724587512,-1.102130984366057
14,1548230400,385,535,150,920,4,0.14957592609679346,-0.019971037483403585
14,1548244800,763,1439,676,2202,4,2.50386144903157,1.6355528908024695
14,1548259200,594,589,0,1183,4,-0.5217982724587512,0.31965672627571073
14,1548273600,1443,838,0,2281,4,-0.5217982724587512,1.7375703559620512
14,1548288000,311,272,0,583,4,-0.5217982724587512,-0.4551594648097212
14,1548302400,40,37,0,77,4,-0.5217982724587512,-1.1085877859584354
14,1548316800,331,489,158,820,4,0.18538255001975584,-0.14910706933097556
14,1548331200,776,1396,620,2172,4,2.253215081570833,1.5968120812481978
14,1548345600,546,582,36,1128,4,-0.3606684648054205,0.24863190875954616
14,1548360000,1397,807,0,2204,4,-0.5217982724587512,1.6381356114394208
14,1548374400,323,264,0,587,4,-0.5217982724587512,-0.4499940235358183
14,1548388800,46,41,0,87,4,-0.5217982724587512,-1.0956741827736782
14,1548403200,353,459,106,812,4,-0.04736050547949964,-0.15943795187878132
14,1548409786,265,770,505,1035,4,1.738494862678249,0.1285353991413042
14,1548417600,684,1356,672,2040,4,2.4859581370700887,1.4263525192094029
14,1548432000,655,633,0,1288,4,-0.5217982724587512,0.45524955971566133
14,1548446400,1506,887,0,2393,4,-0.5217982724587512,1.882202711631332
14,1548460800,353,288,0,641,4,-0.5217982724587512,-0.38026056633812944
14,1548475200,61,42,0,103,4,-0.5217982724587512,-1.0750124176780667
14,1548489600,26,66,40,92,4,-0.34276515284393927,-1.0892173811812997
14,1548504000,134,267,133,401,4,0.0734868502604984,-0.6901870427723023
14,1548518400,360,370,10,730,4,-0.4770399925550482,-0.26532949799379035
14,1548532800,424,328,0,752,4,-0.5217982724587512,-0.23691957098732452
14,1548547200,188,97,0,285,4,-0.5217982724587512,-0.8399848397154857
14,1548561600,52,28,0,80,4,-0.5217982724587512,-1.1047137050030083
14,1548576000,26,48,22,74,4,-0.42333005667060464,-1.1124618669138626
14,1548590400,123,183,60,306,4,-0.25324859303653335,-0.8128662730274956
14,1548604800,302,293,0,595,4,-0.5217982724587512,-0.43966314098801257
14,1548619200,307,251,0,558,4,-0.5217982724587512,-0.48744347277161415
14,1548633600,101,101,0,202,4,-0.5217982724587512,-0.9471677461489705
14,1548648000,20,17,0,37,4,-0.5217982724587512,-1.1602421986974643
14,1548662400,351,503,152,854,4,0.15852758207753403,-0.1052008185028011
14,1548676800,675,1414,739,2089,4,2.785838612424899,1.489629174814713
14,1548691200,606,532,0,1138,4,-0.5217982724587512,0.26154551194430337
14,1548705600,1374,833,0,2207,4,-0.5217982724587512,1.642009692394848
14,1548720000,277,258,0,535,5,-0.47848141208372247,-0.5090424948624358
14,1548734400,47,54,7,101,5,-0.4492899750319245,-1.0721806023062956
14,1548748800,299,518,219,817,5,0.4347935471082425,-0.14313248034822273
14,1548763200,659,1466,807,2125,5,2.886874259459272,1.5540671614411061
14,1548777600,650,560,0,1210,5,-0.47848141208372247,0.36680594413435086
14,1548792000,1354,869,0,2223,5,-0.47848141208372247,1.68122737925101
14,1548806400,295,301,6,596,5,-0.4534601803250385,-0.42989174704198546
14,1548820800,41,60,19,101,5,-0.39924751151455656,-1.0721806023062956
14,1548835200,320,470,150,790,5,0.14704938188337682,-0.1781664179080942
14,1548849600,767,1489,722,2256,5,2.5324068095445824,1.7240466362686306
14,1548864000,633,566,0,1199,5,-0.47848141208372247,0.3525328584618106
14,1548878400,1313,854,0,2167,5,-0.47848141208372247,1.6085643976453505
14,1548892800,298,249,0,547,5,-0.47848141208372247,-0.4934718559469374
14,1548907200,37,55,18,92,5,-0.4034177168076706,-1.0838585814929196
14,1548921600,242,493,251,735,5,0.5682401164878903,-0.24953184627079533
14,1548936000,595,1494,899,2089,5,3.2705331464257594,1.5073552446946108
14,1548950400,511,521,10,1032,5,-0.43677935915258254,0.1358414668877908
14,1548964800,1466,796,0,2262,5,-0.47848141208372247,1.73183195572638
14,1548979200,421,293,0,714,5,-0.47848141208372247,-0.2767804643729176
14,1548993600,57,60,3,117,5,-0.4659707962043805,-1.0514197504189644
14,1549008000,371,408,37,779,5,-0.3241838162385047,-0.1924395035806344
14,1549022400,689,1308,619,1997,5,2.1028756643538404,1.3879803463424563
14,1549036800,630,526,0,1156,5,-0.47848141208372247,0.2967380690146079
14,1549051200,1381,788,0,2169,5,-0.47848141208372247,1.611159504131267
14,1549065600,316,262,0,578,5,-0.47848141208372247,-0.4532477054152331
14,1549080000,52,33,0,85,5,-0.47848141208372247,-1.0929414541936269
14,1549094400,32,72,40,104,5,-0.3116732003591627,-1.068287942577421
14,1549108800,161,247,86,408,5,-0.11984375687591887,-0.6738317567181276
14,1549123200,390,344,0,734,5,-0.47848141208372247,-0.25082939951375355
14,1549137600,437,285,0,722,5,-0.47848141208372247,-0.266400038429252
14,1549152000,177,100,0,277,5,-0.47848141208372247,-0.8438112315456521
14,1549166400,53,31,0,84,5,-0.47848141208372247,-1.094239007436585
14,1549180800,21,60,39,81,5,-0.31584340565227664,-1.0981316671654597
14,1549195200,112,168,56,280,5,-0.24494991566933874,-0.8399185718167774
14,1549209600,254,274,20,528,5,-0.39507730622144255,-0.5181253675631432
14,1549224000,312,232,0,544,5,-0.47848141208372247,-0.497364515675812
14,1549238400,168,86,0,254,5,-0.47848141208372247,-0.8736549561336907
14,1549252800,24,17,0,41,5,-0.47848141208372247,-1.150033796883788
14,1549267200,323,478,155,801,5,0.1679004083489468,-0.16389333223555397
14,1549281600,756,1412,656,2168,5,2.2571732601990586,1.6098619508883087
14,1549296000,616,503,0,1119,5,-0.47848141208372247,0.24872859902515443
14,1549310400,1507,823,0,2330,5,-0.47848141208372247,1.8200655762475377
14,1549324800,301,310,9,611,6,-0.47699001511368466,-0.466809783763403
14,1549339200,52,52,0,104,6,-0.5112029611692772,-1.0910795529939439
14,1549353600,321,553,232,874,6,0.37073075937488653,-0.14297753660830975
14,1549368000,741,1460,719,2201,6,2.2220312848275063,1.4909593150069325
14,1549382400,651,581,0,1232,6,-0.5112029611692772,0.2978283359450111
14,1549396800,1576,823,0,2399,6,-0.5112029611692772,1.7347569763632384
14,1549411200,359,227,0,586,6,-0.5112029611692772,-0.4975923167629366
14,1549425600,40,47,7,87,6,-0.48459289201492745,-1.112011675433627
14,1549440000,326,558,232,884,6,0.37073075937488653,-0.1306645234084963
14,1549454400,762,1609,847,2371,6,2.708615406507045,1.7002805394037608
14,1549468800,657,521,0,1178,6,-0.5112029611692772,0.23133806466601858
14,1549483200,1433,868,0,2301,6,-0.5112029611692772,1.6140894470050668
14,1549497600,303,309,6,612,6,-0.48839433046554886,-0.46557848244342165
14,1549512000,40,52,12,92,6,-0.46558569976182046,-1.1058551688337201
14,1549526400,334,483,149,817,6,0.05521136797331072,-0.2131617118472463
14,1549540800,771,1523,752,2294,6,2.347478753698012,1.6054703377651973
14,1549555200,684,549,0,1233,6,-0.5112029611692772,0.29905963726499246
14,1549569600,1470,820,0,2290,6,-0.5112029611692772,1.600545132485272
14,1549584000,409,296,0,705,6,-0.5112029611692772,-0.35106745968515674
14,1549598400,42,48,6,90,6,-0.48839433046554886,-1.1083177714736827
14,1549612800,300,488,188,788,6,0.20346746754754516,-0.24886945012670525
14,1549627200,671,1548,877,2219,6,2.822658560025687,1.5131227387665966
14,1549641600,755,660,0,1415,6,-0.5112029611692772,0.5231564775015969
14,1549656000,1425,848,0,2273,6,-0.5112029611692772,1.5796130100455892
14,1549670400,351,334,0,685,6,-0.5112029611692772,-0.3756934860847836
14,1549684800,50,33,0,83,6,-0.5112029611692772,-1.1169368807135522
14,1549699200,28,92,64,120,6,-0.2679109003295079,-1.0713787318742425
14,1549713600,159,346,187,505,6,0.19966602909692374,-0.5973277236814254
14,1549728000,373,452,79,825,6,-0.21088932357018697,-0.20331130128739555
14,1549742400,422,299,0,721,6,-0.5112029611692772,-0.33136663856545523
14,1549756800,196,117,0,313,6,-0.5112029611692772,-0.8337375771178432
14,1549771200,39,31,0,70,6,-0.5112029611692772,-1.1329437978733097
14,1549785600,29,64,35,93,6,-0.37815261539752837,-1.1046238675137388
14,1549800000,125,277,152,402,6,0.06661568332517491,-0.7241517596395037
14,1549814400,308,367,59,675,6,-0.28691809258261486,-0.388006499284597
14,1549828800,321,210,0,531,6,-0.5112029611692772,-0.5653138893619104
14,1549843200,107,88,0,195,6,-0.5112029611692772,-0.9790311328756417
14,1549857600,56,20,0,76,6,-0.5112029611692772,-1.1255559899534215
14,1549872000,348,465,117,813,6,-0.06643466244657394,-0.21808691712717168
14,1549886400,682,1601,919,2283,6,2.9823189749517853,1.5919260232454027
14,1549900800,629,531,0,1160,6,-0.5112029611692772,0.2091746409063544
14,1549915200,1487,892,0,2379,6,-0.5112029611692772,1.7101309499636115
14,1549929600,312,272,0,584,7,-0.49067814498679835,-0.4078505957110492
14,1549944000,98,176,78,274,7,-0.11983309024231653,-0.847029732483664
14,1549958400,328,492,164,820,7,0.28904735473236853,-0.07350776900673603
14,1549972800,703,1447,744,2150,7,3.046613146422105,1.810712398437063
14,1549987200,504,502,0,1006,7,-0.49067814498679835,0.18999971305683286
14,1550001600,1181,777,0,1958,7,-0.49067814498679835,1.538704675016605
14,1550016000,256,240,0,496,7,-0.49067814498679835,-0.5325208022787592
14,1550030400,44,45,1,89,7,-0.48592372120802296,-1.109120507654418
14,1550044800,338,552,214,890,7,0.5267685436711389,0.025661713490306024
14,1550046797,85,224,139,309,7,0.17018676026298335,-0.797444991235143
14,1550049489,118,545,427,663,7,1.539460808550301,-0.2959307511786732
14,1550059200,776,1381,605,2157,7,2.3857482411723234,1.8206293466867673
14,1550073600,663,615,0,1278,7,-0.49067814498679835,0.575343987902482
14,1550088000,1475,880,0,2355,7,-0.49067814498679835,2.101137311464115
14,1550102400,328,306,0,634,7,-0.49067814498679835,-0.3370152510703049
14,1550116800,47,73,26,120,7,-0.3670631267386377,-1.0652025939771566
14,1550131200,362,525,163,887,7,0.28429293095359315,0.021411592811861366
14,1550145600,747,1518,771,2265,7,3.174982588449041,1.973633691110775
14,1550160000,693,567,0,1260,7,-0.49067814498679835,0.549843263831814
14,1550174400,1557,873,0,2430,7,-0.49067814498679835,2.207390328425231
14,1550188800,327,266,0,593,7,-0.49067814498679835,-0.39510023367571523
14,1550203200,50,52,2,102,7,-0.4811692974292475,-1.0907033180478245
14,1550217600,384,434,50,818,7,-0.2529569560480279,-0.07634118279236579
14,1550232000,623,1367,744,1990,7,3.046613146422105,1.5840392955866813
14,1550246400,715,592,0,1307,7,-0.49067814498679835,0.6164284877941136
14,1550260800,1447,802,0,2249,7,-0.49067814498679835,1.950966380825737
14,1550275200,361,310,0,671,7,-0.49067814498679835,-0.28459709603615413
14,1550289600,59,51,0,110,7,-0.49067814498679835,-1.0793696629053053
14,1550304000,63,98,35,161,7,-0.3242733127296591,-1.0071176113717462
14,1550318400,192,263,71,455,7,-0.1531140566937444,-0.5906057848841696
14,1550332800,434,383,0,817,7,-0.49067814498679835,-0.07775788968518069
14,1550347200,505,314,0,819,7,-0.49067814498679835,-0.07492447589955091
14,1550361600,208,173,0,381,7,-0.49067814498679835,-0.6954420949524711
14,1550376000,36,62,26,98,7,-0.3670631267386377,-1.096370145619084
14,1550390400,35,62,27,97,7,-0.36230870295986234,-1.097786852511899
14,1550404800,167,227,60,394,7,-0.20541271826027388,-0.6770249053458777
14,1550419200,405,306,0,711,7,-0.49067814498679835,-0.22792882032355866
14,1550433600,436,269,0,705,7,-0.49067814498679835,-0.23642906168044797
14,1550448000,164,134,0,298,7,-0.49067814498679835,-0.8130287670561067
14,1550462400,24,41,17,65,7,-0.4098529407476164,-1.1431214730819752
14,1550476800,152,169,17,321,7,-0.4098529407476164,-0.7804445085213644
14,1550491200,287,447,160,734,7,0.27002965961726694,-0.19534456178881626
14,1550505600,420,377,0,797,7,-0.49067814498679835,-0.10609202754147841
14,1550520000,540,505,0,1045,7,-0.49067814498679835,0.2452512818766134
14,1550534400,177,188,11,365,8,-0.554545442706342,-1.0785179857869542
14,1550548800,25,37,12,62,8,-0.550771955146106,-1.4567482516358514
14,1550563200,304,532,228,836,8,0.2643013578648598,-0.4905758893683716
14,1550577600,826,1477,651,2303,8,1.8604865958446677,1.3406577739990613
14,1550592000,642,596,0,1238,8,-0.5960538058689374,0.01123456235194744
14,1550606400,1436,845,0,2281,8,-0.5960538058689374,1.3131955104720787
14,1550620800,400,253,0,653,8,-0.5960538058689374,-0.7190119905246362
14,1550635200,82,180,98,262,8,-0.22625202496581404,-1.207091310481464
14,1550649600,337,534,197,871,8,0.1473232434975453,-0.44688592466635374
14,1550664000,702,1545,843,2247,8,2.584996207409971,1.2707538304758328
14,1550678400,583,591,8,1174,8,-0.5658659053870498,-0.06865565881745658
14,1550692800,1275,825,0,2100,8,-0.5960538058689374,1.087255978727358
14,1550707200,325,281,0,606,8,-0.5960538058689374,-0.7776813716959173
14,1550721600,200,77,0,277,8,-0.5960538058689374,-1.188367039894885
14,1550736000,347,514,167,861,8,0.0341186166904667,-0.45936877172407314
14,1550750400,802,1559,757,2361,8,2.260476277229679,1.4130582869338337
14,1550764800,666,569,0,1235,8,-0.5960538058689374,0.007489708234631627
14,1550779200,1473,942,0,2415,8,-0.5960538058689374,1.4804656610455182
14,1550793600,384,377,0,761,8,-0.5960538058689374,-0.5841972423012669
14,1550808000,64,52,0,116,8,-0.5960538058689374,-1.389340877524167
14,1550822400,293,465,172,758,8,0.05298605449164647,-0.5879420964185827
14,1550836800,757,1404,647,2161,8,1.845392645603724,1.163401345779446
14,1550851200,686,632,0,1318,8,-0.5960538058689374,0.11109733881370247
14,1550865600,1400,835,0,2235,8,-0.5960538058689374,1.2557744140065694
14,1551484800,9669,6312,0,15981,9,-0.46094229500517275,4.073753458822567
14,1551499200,51,49,0,100,9,-0.46094229500517275,-0.3935183612156464
14,1551513600,32,90,58,122,9,-0.03318784524037244,-0.3873298353016082
14,1551528000,155,298,143,453,9,0.5936936759666624,-0.2942206499585789
14,1551542400,390,415,25,805,9,-0.27656537700310363,-0.19520423533396764
14,1551556800,493,324,0,817,9,-0.46094229500517275,-0.19182867574449225
14,1551571200,265,168,0,433,9,-0.46094229500517275,-0.2998465826077045
14,1551585600,40,32,0,72,9,-0.46094229500517275,-0.40139466692442227
14,1551600000,30,76,46,106,9,-0.12168876588136561,-0.3918305814209087
14,1551614400,155,303,148,458,9,0.6305690595670763,-0.29281416679629746
14,1551628800,439,407,0,846,9,-0.46094229500517275,-0.18367107340326005
14,1551643200,626,233,0,859,9,-0.46094229500517275,-0.1800142171813284
14,1551657600,181,98,0,279,9,-0.46094229500517275,-0.34316626400597194
14,1551672000,27,19,0,46,9,-0.46094229500517275,-0.40870837936828563
14,1551686400,289,390,101,679,9,0.28394045372318644,-0.23064761102345915
14,1551700800,691,1276,585,1967,9,3.853477586243244,0.131662451580232
14,1551715200,526,545,19,1071,9,-0.32081583732360025,-0.12037933110059663
14,1551729600,1196,691,0,1887,9,-0.46094229500517275,0.10915872098372945
14,1551744000,294,268,0,562,10,-0.5379508980527258,-0.5895708538940743
14,1551758400,37,55,18,92,10,-0.4668487814043634,-1.168907993836664
14,1551772800,401,554,153,955,10,0.066417093458354,-0.10514639432505776
14,1551777566,187,760,573,947,10,1.7254664819201417,-0.11500745202620823
14,1551787200,801,1462,661,2263,10,2.073076829978802,1.507136539813043
14,1551801600,651,636,0,1287,10,-0.5379508980527258,0.30408750027268644
14,1551816000,1473,915,0,2388,10,-0.5379508980527258,1.6612155663935189
14,1551830400,436,275,0,711,10,-0.5379508980527258,-0.4059086542101469
14,1551844800,45,42,0,87,10,-0.5379508980527258,-1.175071154899883
14,1551859200,417,552,135,969,10,-0.0046850231900083155,-0.08788954334804445
14,1551873600,841,1544,703,2385,10,2.238981768824981,1.6575176697555876
14,1551888000,625,593,0,1218,10,-0.5379508980527258,0.21903587760026372
14,1551902400,1424,940,0,2364,10,-0.5379508980527258,1.6316323932900676
14,1551916800,317,337,20,654,10,-0.45894854622121206,-0.4761686903308439
14,1551931200,47,61,14,108,10,-0.48264925177066614,-1.149185878434363
14,1551945600,421,502,81,923,10,-0.21799137313509528,-0.14459062512965962
14,1551960000,867,1636,769,2503,10,2.499689529868976,1.8029682708475567
14,1551974400,666,645,0,1311,10,-0.5379508980527258,0.3336706733761378
14,1551988800,1458,898,0,2356,10,-0.5379508980527258,1.621771335588917
14,1552003200,372,322,0,694,10,-0.5379508980527258,-0.42686340182509164
14,1552017600,41,70,29,111,10,-0.4233974878970309,-1.1454879817964316
14,1552032000,385,489,104,874,10,-0.12713866852885455,-0.2049896035492062
14,1552046400,801,1566,765,2367,10,2.483889059502673,1.635330289927999
14,1552060800,737,667,0,1404,10,-0.5379508980527258,0.44830546915201197
14,1552075200,1426,886,0,2312,10,-0.5379508980527258,1.5675355182325894
14,1552089600,406,226,0,632,10,-0.5379508980527258,-0.5032865990090077
14,1552104000,64,32,0,96,10,-0.5379508980527258,-1.1639774649860888
14,1552118400,36,108,72,144,10,-0.25354243145927646,-1.104811118779186
14,1552132800,179,410,231,589,10,0.3745262656012574,-0.5562897841526915
14,1552147200,449,505,56,954,10,-0.3167443129244874,-0.10637902653770157
14,1552161600,493,345,0,838,10,-0.5379508980527258,-0.24936436320438327
14,1552176000,215,149,0,364,10,-0.5379508980527258,-0.8336320319975482
14,1552194000,40,53,13,93,10,-0.48659936936224185,-1.16767536162402
14,1552208400,32,98,66,130,10,-0.27724313700873054,-1.1220679697561993
14,1552222800,162,286,124,448,10,-0.04813631669734085,-0.7300909261354683
14,1552237200,303,314,11,617,10,-0.4944996045453932,-0.5217760821986648
14,1552251600,270,195,0,465,10,-0.5379508980527258,-0.7091361785205236
14,1552266000,102,75,0,177,10,-0.5379508980527258,-1.0641342557619402
14,1552280400,19,29,10,48,10,-0.4984497221369689,-1.2231438111929915
14,1552294800,672,983,311,1655,10,0.6905356729273122,0.7576961545256078
14,1552309200,571,1508,937,2079,10,3.163309285253691,1.2803322126865824
14,1552323600,816,620,0,1436,10,-0.5379508980527258,0.4877496999566138
14,1552338000,1357,766,0,2123,10,-0.5379508980527258,1.33456803004291
14,1552352400,187,263,76,450,11,-0.31741297664902696,-0.7851120136952998
14,1552366800,21,49,28,70,11,-0.49985251544145015,-1.2762014867183522
14,1552376870,92,427,335,519,11,0.6670003680850898,-0.6959405041200614
14,1552381200,791,898,107,1689,11,-0.19958744117892033,0.8160981365035472
14,1552395600,584,1437,853,2021,11,2.6358270575533234,1.245155255039477
14,1552410000,812,649,0,1461,11,-0.6062755797370303,0.5214444526897158
14,1552424400,1359,773,0,2132,11,-0.6062755797370303,1.3886050747909477
14,1552438800,231,204,0,435,11,-0.6062755797370303,-0.8044971244725256
14,1552453200,19,41,22,60,11,-0.522657457790503,-1.2891248939031694
14,1552467600,705,1118,413,1823,11,0.9634646186227775,0.9892717927800972
14,1552482000,588,1439,851,2027,11,2.628225410103639,1.2529092993503674
14,1552496400,848,683,0,1531,11,-0.6062755797370303,0.611908302983436
14,1552510800,1342,817,0,2159,11,-0.6062755797370303,1.423498274189954
14,1552525200,237,211,0,448,11,-0.6062755797370303,-0.7876966951322633
14,1552539600,22,35,13,57,11,-0.5568648713140824,-1.2930019160586146
14,1552554000,709,1117,408,1826,11,0.9444604999985667,0.9931488149355424
14,1552568400,575,1314,739,1889,11,2.202533152921318,1.0745662801998905
14,1552582800,891,668,0,1559,11,-0.6062755797370303,0.648093843100924
14,1552597200,1472,751,0,2223,11,-0.6062755797370303,1.506208080172784
14,1552611600,307,264,0,571,11,-0.6062755797370303,-0.6287387867590121
14,1552626000,26,45,19,71,11,-0.5340599289650295,-1.2749091459998705
14,1552640400,690,986,296,1676,11,0.518768242816246,0.7992977071632849
14,1552654800,576,1376,800,1952,11,2.4343834001366895,1.1559837454642388
14,1552669200,935,721,0,1656,11,-0.6062755797370303,0.7734508927936505
14,1552683600,1346,693,0,2039,11,-0.6062755797370303,1.268417387972148
14,1552698000,233,228,0,461,11,-0.6062755797370303,-0.770896265792001
14,1552712400,34,26,0,60,11,-0.6062755797370303,-1.2891248939031694
14,1552726800,56,209,153,265,11,-0.02474954983618143,-1.0241950466144174
14,1552741200,277,471,194,748,11,0.1310842228823467,-0.39999447958774825
14,1552755600,476,563,87,1039,11,-0.2756039156757633,-0.023923330509568668
14,1552770000,456,317,0,773,11,-0.6062755797370303,-0.3676859616257053
14,1552784400,183,122,0,305,11,-0.6062755797370303,-0.9725014178751488
14,1552798800,27,16,0,43,11,-0.6062755797370303,-1.3110946861173585
14,1552813200,51,127,76,178,11,-0.31741297664902696,-1.1366286891223267
14,1552827600,201,357,156,558,11,-0.013347078661654981,-0.6455392160992744
14,1552842000,371,399,28,770,11,-0.49985251544145015,-0.3715629837811505
14,1552856400,333,205,0,538,11,-0.6062755797370303,-0.6713860304689088
14,1552870800,97,105,8,202,11,-0.5758689899382932,-1.1056125118787656
14,1552885200,17,33,16,50,11,-0.5454624001395559,-1.3020483010879866
14,1552899600,679,1070,391,1749,11,0.8798464966762501,0.8936385796124502
14,1552914000,521,1311,790,1832,11,2.396375162888268,1.0009028592464326
14,1552928400,900,605,0,1505,11,-0.6062755797370303,0.5783074443029114
14,1552942800,1309,744,0,2053,11,-0.6062755797370303,1.2865101580308922
14,1552957200,188,168,0,356,12,-0.5902782623789833,-0.8816407646959921
14,1552971600,20,37,17,57,12,-0.5265233259429554,-1.2657304675862187
14,1552986000,696,1103,407,1799,12,0.9360899217070964,0.9720095405568413
14,1553000400,569,1380,811,1949,12,2.4512072346574065,1.1646966824750151
14,1553014800,851,651,0,1502,12,-0.5902782623789833,0.5904889995588568
14,1553029200,1405,866,0,2271,12,-0.5902782623789833,1.5783317471260285
14,1553043600,226,178,0,404,12,-0.5902782623789833,-0.8199808792821763
14,1553058000,17,29,12,46,12,-0.5452747778359048,-1.2798608579935515
14,1553072400,745,1132,387,1877,12,0.8610841141352988,1.0722068543542917
14,1553086800,543,1371,828,1914,12,2.5149621710934342,1.1197363493607746
14,1553101200,845,630,0,1475,12,-0.5902782623789833,0.5558053140135856
14,1553115600,1393,778,0,2171,12,-0.5902782623789833,1.4498736525139126
14,1553130000,214,168,0,382,12,-0.5902782623789833,-0.8482416600968419
14,1553144400,24,26,2,50,12,-0.5827776816218035,-1.274722534209067
14,1553158800,696,1088,392,1784,12,0.8798355660282482,0.9527408263650239
14,1553173200,545,1327,782,1872,12,2.3424488136783,1.0657839496236858
14,1553187600,750,668,0,1418,12,-0.5902782623789833,0.48258420008467945
14,1553202000,1289,824,0,2113,12,-0.5902782623789833,1.3753679576388853
14,1553216400,214,196,0,410,12,-0.5902782623789833,-0.8122733936054494
14,1553230800,25,46,21,71,12,-0.5115221644285959,-1.2477463343405226
14,1553242533,117,524,407,641,12,0.9360899217070964,-0.5155351950514615
14,1553245200,660,892,232,1552,12,0.279789105453868,0.6547180468649149
14,1553259600,607,1226,619,1833,12,1.73115148196815,1.0156852927249607
14,1553274000,873,725,0,1598,12,-0.5902782623789833,0.7138087703864882
14,1553288400,1279,729,0,2008,12,-0.5902782623789833,1.2404869582961635
14,1553302800,255,219,0,474,12,-0.5902782623789833,-0.7300602130536952
14,1553317200,36,26,0,62,12,-0.5902782623789833,-1.259307562855613
14,1553331600,47,189,142,236,12,-0.05773702861922087,-1.0357904782305312
14,1553346000,278,410,132,688,12,-0.09523993240511963,-0.45515989058376705
14,1553360400,491,509,18,1000,12,-0.5227730355643655,-0.054370635393965264
14,1553374800,486,270,0,756,12,-0.5902782623789833,-0.3678083862475282
14,1553389200,176,137,0,313,12,-0.5902782623789833,-0.9368777453792019
14,1553403600,20,16,0,36,12,-0.5902782623789833,-1.2927066674547631
14,1553418000,41,106,65,147,12,-0.34650938777064133,-1.1501181824353144
14,1553432400,203,312,109,515,12,-0.18149661111268678,-0.6773923942627277
14,1553446800,380,396,16,776,12,-0.5302736163215452,-0.342116767325105
14,1553461200,367,245,0,612,12,-0.5902782623789833,-0.5527880424889752
14,1553475600,114,96,0,210,12,-0.5902782623789833,-1.0691895828296814
14,1553490000,19,26,7,45,12,-0.5640262297288542,-1.2811454389396726
14,1553504400,715,1158,443,1873,12,1.0711003753363317,1.067068530569807
14,1553518800,492,1411,919,1903,12,2.856238595545113,1.105605958953442
14,1553533200,825,609,0,1434,12,-0.5902782623789833,0.503137495222618
14,1553547600,1390,797,0,2187,12,-0.5902782623789833,1.4704269476518512
14,1553562000,196,139,0,335,13,-0.6569327664345946,-0.982192256453385
14,1553576400,23,32,9,55,13,-0.6242633037701719,-1.3245534200046272
14,1553590800,749,1215,466,1964,13,1.0346194115232905,1.0096160843500919
14,1553605200,583,1387,804,1970,13,2.2615392315871645,1.0169523949976185
14,1553619600,877,772,0,1649,13,-0.6569327664345946,0.6244597753549443
14,1553634000,1454,877,0,2331,13,-0.6569327664345946,1.4583537522904702
14,1553648400,274,162,0,436,13,-0.6569327664345946,-0.858697693886687
14,1553662800,21,46,25,67,13,-0.5661842590334205,-1.309880798709574
14,1553677200,683,1064,381,1747,13,0.7260744863592986,0.7442861825978792
14,1553691600,602,1352,750,1954,13,2.0655224556006284,0.9973888999375475
14,1553706000,881,662,0,1543,13,-0.6569327664345946,0.4948516205819741
14,1553720400,1479,834,0,2313,13,-0.6569327664345946,1.4363448203478901
14,1553734800,259,179,0,438,13,-0.6569327664345946,-0.8562522570041782
14,1553749200,23,29,6,52,13,-0.6351531246583129,-1.3282215753283906
14,1553763600,697,1082,385,1779,13,0.7405942475434865,0.7834131727180211
14,1553778000,614,1466,852,2080,13,2.4357763657974187,1.1514514235356066
14,1553792400,909,696,0,1605,13,-0.6569327664345946,0.5706601639397492
14,1553806800,1468,789,0,2257,13,-0.6569327664345946,1.3678725876376419
14,1553821200,283,179,0,462,13,-0.6569327664345946,-0.8269070144140717
14,1553835600,39,42,3,81,13,-0.6460429455464537,-1.292762740532012
14,1553850000,685,931,246,1616,13,0.2360325463929585,0.584110066793548
14,1553864400,539,1320,781,1859,13,2.1780506047780843,0.881230648018376
14,1553878800,963,716,0,1679,13,-0.6569327664345946,0.6611413285925775
14,1553893200,1294,698,0,1992,13,-0.6569327664345946,1.043852200705216
14,1553907600,294,224,0,518,13,-0.6569327664345946,-0.7584347817038232
14,1553922000,41,29,0,70,13,-0.6569327664345946,-1.3062126433858108
14,1553936400,63,261,198,324,13,0.06179541218270425,-0.9956421593071839
14,1553950800,315,671,356,986,13,0.6353259789581246,-0.18620255119674695
14,1553965200,584,679,95,1263,13,-0.31208843831013305,0.15249045703073194
14,1553979600,531,449,0,980,13,-0.6569327664345946,-0.19353886184427357
14,1553994000,225,201,0,426,13,-0.6569327664345946,-0.8709248782992314
14,1554008400,26,37,11,63,13,-0.617003423178078,-1.3147716724745917
14,1554022800,37,154,117,191,13,-0.23222975179709984,-1.158263711994024
14,1554037200,236,437,201,673,13,0.07268523307084514,-0.5689134233093855
14,1554051600,374,451,77,825,13,-0.3774273636389784,-0.3830602202387112
14,1554066000,328,278,0,606,13,-0.6569327664345946,-0.6508355588734328
14,1554080400,108,94,0,202,13,-0.6569327664345946,-1.1448138091402251
14,1554094800,16,36,20,52,13,-0.5843339605136554,-1.3282215753283906
14,1554109200,752,1131,379,1883,13,0.7188146057672047,0.9105758906084825
14,1554123600,564,1410,846,1974,13,2.413996724021137,1.0218432687626362
14,1554138000,854,1447,593,2301,13,1.495621829121255,1.421672199052837
14,1554152400,1457,750,0,2207,13,-0.6569327664345946,1.30673666557492
14,1554166800,191,247,56,438,14,-0.4316837723641167,-0.9006666742982229
14,1554181200,22,37,15,59,14,-0.6080588571098728,-1.3670695464992377
14,1554195600,778,1206,428,1984,14,1.1685974843534754,1.0018632476615896
14,1554199481,76,544,468,620,14,1.3406707377639693,-0.6766948464866538
14,1554210000,613,1455,842,2068,14,2.9495556571520862,1.1052348604976985
14,1554224400,1070,661,0,1731,14,-0.6725863271388081,0.6905177947147381
14,1554238800,1757,808,0,2565,14,-0.6725863271388081,1.7168502364446756
14,1554253200,298,224,0,522,14,-0.6725863271388081,-0.797295061462114
14,1554267600,21,46,25,67,14,-0.5650405437572494,-1.357224630991037
14,1554282000,774,1139,365,1913,14,0.8975821102319478,0.9144896225263072
14,1554296400,700,1282,582,1982,14,1.8310795099838766,0.9994020187845394
14,1554310800,1067,704,0,1771,14,-0.6725863271388081,0.7397423722557422
14,1554325200,1726,771,0,2497,14,-0.6725863271388081,1.6331684546249685
14,1554339600,348,267,0,615,14,-0.6725863271388081,-0.6828479186792793
14,1554354000,30,49,19,79,14,-0.5908515317688234,-1.3424572577287357
14,1554368400,702,1144,442,1846,14,1.2288231230471482,0.8320384551451251
14,1554382800,712,1403,691,2115,14,2.299979125527472,1.1630737391083783
14,1554397200,1071,641,0,1712,14,-0.6725863271388081,0.667136120382761
14,1554411600,1624,816,0,2440,14,-0.6725863271388081,1.5630234316290375
14,1554426000,366,207,0,573,14,-0.6725863271388081,-0.7345337250973337
14,1554440400,40,52,12,92,14,-0.6209643511156598,-1.3264592700279092
14,1554454800,718,1002,284,1720,14,0.5491337720756979,0.6769810358909618
14,1554469200,731,1190,459,1921,14,1.3019542557466082,0.924334538034508
14,1554483600,979,733,0,1712,14,-0.6725863271388081,0.667136120382761
14,1554498000,1290,753,0,2043,14,-0.6725863271388081,1.0744694995345707
14,1554512400,304,273,0,577,14,-0.6725863271388081,-0.7296112673432333
14,1554526800,42,32,0,74,14,-0.6725863271388081,-1.3486103299213612
14,1554541200,101,276,175,377,14,0.08023415653210231,-0.9757341550482543
14,1554555600,320,633,313,953,14,0.6738868807983059,-0.26690023845779376
14,1554570000,597,689,92,1286,14,-0.2768178442946723,0.14289436957106624
14,1554584400,591,452,0,1043,14,-0.6725863271388081,-0.1561449389905343
14,1554598800,281,168,0,449,14,-0.6725863271388081,-0.8871299154744468
14,1554613200,44,23,0,67,14,-0.6725863271388081,-1.357224630991037
14,1554627600,70,145,75,215,14,-0.3499489769941322,-1.1750936940893213
14,1554642000,301,499,198,800,14,0.17917627724313626,-0.4551842475521348
14,1554656400,482,563,81,1045,14,-0.3241379889825581,-0.15368371011348408
14,1554670800,427,264,0,691,14,-0.6725863271388081,-0.5893212213513713
14,1554685200,141,106,0,247,14,-0.6725863271388081,-1.135714032056518
14,1554699600,24,38,14,62,14,-0.6123606884451352,-1.3633777031836625
14,1554714000,705,1101,396,1806,14,1.0309388816250806,0.7828138776041209
14,1554728400,555,1246,691,1801,14,2.299979125527472,0.7766608054114954
14,1554742800,870,611,0,1481,14,-0.6725863271388081,0.38286418508346176
14,1554757200,1515,731,0,2246,14,-0.6725863271388081,1.3242842305551672
14,1554771600,261,217,0,478,15,-0.551386121516774,-0.4826367946406695
14,1554786000,27,42,15,69,15,-0.4785157089815175,-0.7033581315859179
14,1554800400,742,928,186,1670,15,0.3522069939204063,0.160639082226656
14,1554814800,605,1290,685,1895,15,2.7763627175932717,0.28206280059506894
14,1554829200,918,662,0,1580,15,-0.551386121516774,0.1120695948792908
14,1554843600,1415,827,0,2242,15,-0.551386121516774,0.469325157367688
14,1554858000,269,212,0,481,15,-0.551386121516774,-0.48101781172909064
14,1554872400,25,48,23,73,15,-0.43965148896271405,-0.7011994877038128
14,1554886800,747,1161,414,1908,15,1.4598372644563047,0.28907839321191053
14,1554901200,558,1204,646,1762,15,2.586899645001605,0.2102878915150737
14,1554915600,910,644,0,1554,15,-0.551386121516774,0.09803840964560753
14,1554930000,1578,778,0,2356,15,-0.551386121516774,0.5308465080076838
14,1554944400,285,280,0,565,15,-0.551386121516774,-0.43568629020488314
14,1554958800,25,47,22,72,15,-0.4445095164650645,-0.7017391486743391
14,1554973200,750,1190,440,1940,15,1.586145979517416,0.3063475442687515
14,1554987600,578,1208,630,1786,15,2.509171204963998,0.22323975480770442
14,1555002000,908,694,0,1602,15,-0.551386121516774,0.12394213623086896
14,1555016400,1376,818,0,2194,15,-0.551386121516774,0.4434214307824266
14,1555030800,306,218,0,524,15,-0.551386121516774,-0.4578123899964606
14,1555045200,37,61,24,98,15,-0.43479346146036363,-0.6877079634406558
14,1555059600,692,977,285,1669,15,0.8331517166530991,0.1600994212561297
14,1555074000,584,1165,581,1749,15,2.271127857348827,0.2032722988982321
14,1555088400,1001,750,0,1751,15,-0.551386121516774,0.20435162083928463
14,1555102800,1266,733,0,1999,15,-0.551386121516774,0.338187541529802
14,1555117200,8736,3385,0,12121,15,-0.551386121516774,5.800635885196805
14,1555131600,41,27,0,68,15,-0.551386121516774,-0.7038977925564441
14,1555146000,60,132,72,192,15,-0.2016081413475429,-0.6369798322111855
14,1555160400,341,386,45,727,15,-0.33277488391100457,-0.3482612129796258
14,1555174800,586,476,0,1062,15,-0.551386121516774,-0.1674747878533221
14,1555189200,622,366,0,988,15,-0.551386121516774,-0.2074096996722668
14,1555203600,264,114,0,378,15,-0.551386121516774,-0.5366028916932974
14,1555218000,38,28,0,66,15,-0.551386121516774,-0.7049771144974968
14,1555232400,52,84,32,136,15,-0.39592924144156016,-0.6672008465606571
14,1555246800,298,312,14,610,15,-0.48337373648386794,-0.41140154653120053
14,1555261200,457,329,0,786,15,-0.551386121516774,-0.31642121571857534
14,1555275600,440,219,0,659,15,-0.551386121516774,-0.38495815897541286
14,1555290000,118,73,0,191,15,-0.551386121516774,-0.6375194931817117
14,1555304400,21,29,8,50,15,-0.5125219014979705,-0.7136116900259172
14,1555318800,700,1006,306,1706,15,0.9351702942024581,0.18006687716560205
14,1555333200,716,1055,339,1771,15,1.0954852017800223,0.21514484024981023
14,1555347600,817,661,0,1478,15,-0.551386121516774,0.05702417588561027
14,1555362000,1826,806,0,2632,15,-0.551386121516774,0.6797929358729371
14,1555376400,201,174,0,375,16,-0.5932249243367491,-0.8474603357307634
14,1555390800,24,34,10,58,16,-0.5419571663280038,-1.2655196672381583
14,1555405200,737,1137,400,1874,16,1.4574853960130656,1.1294195946464765
14,1555419600,698,1230,532,1928,16,2.1342198017285043,1.2006347489095657
14,1555434000,946,671,0,1617,16,-0.5932249243367491,0.7904882123202919
14,1555448400,1568,809,0,2377,16,-0.5932249243367491,1.7927755686156237
14,1555462800,250,218,0,468,16,-0.5932249243367491,-0.7248120144998873
14,1555477200,27,55,28,82,16,-0.4496752019122621,-1.2338684875656742
14,1555487119,316,331,15,647,16,-0.5163232873236311,-0.48874696610927626
14,1555487934,66,71,5,137,16,-0.5675910453323765,-1.1613345341495647
14,1555491600,313,1018,705,1331,16,3.021152015279799,0.4133116545565223
14,1555506000,666,1168,502,1834,16,1.9804165277022683,1.0766676285256696
14,1555520400,931,675,0,1606,16,-0.5932249243367491,0.77598142163707
14,1555534800,1510,790,0,2300,16,-0.5932249243367491,1.6912280338330703
14,1555549200,246,206,0,452,16,-0.5932249243367491,-0.74591280094821
14,1555563600,24,34,10,58,16,-0.5419571663280038,-1.2655196672381583
14,1555575271,97,204,107,301,16,-0.04465991364317373,-0.9450514730542562
14,1555578000,736,1115,379,1851,16,1.3498231041947002,1.0990872141270125
14,1555592400,630,1111,481,1741,16,1.872754235883903,0.9540193072947933
14,1555606800,969,1420,451,2389,16,1.7189509618576668,1.8086011584518658
14,1555621200,1530,818,0,2348,16,-0.5932249243367491,1.7545303931780387
14,1555635600,301,311,10,612,16,-0.5419571663280038,-0.5349049364649823
14,1555650000,49,146,97,195,16,-0.0959276716519191,-1.0848441832743945
14,1555664400,466,774,308,1240,16,0.9858220223326082,0.2933009316316865
14,1555678800,545,944,399,1489,16,1.452358620212191,0.6216819207337096
14,1555693200,1006,833,0,1839,16,-0.5932249243367491,1.0832616242907702
14,1555707600,945,507,0,1452,16,-0.5932249243367491,0.5728863520719633
14,1555722000,338,207,0,545,16,-0.5932249243367491,-0.6232644797173339
14,1555736400,141,104,0,245,16,-0.5932249243367491,-1.018904225623386
14,1555750800,161,108,0,269,16,-0.5932249243367491,-0.9872530459509018
14,1555765200,392,356,0,748,16,-0.5932249243367491,-0.35554825165423876
14,1555779600,478,454,0,932,16,-0.5932249243367491,-0.11288920749852686
14,1555794000,435,385,0,820,16,-0.5932249243367491,-0.2605947126367863
14,1555808400,211,145,0,356,16,-0.5932249243367491,-0.8725175196381467
14,1555822800,24,32,8,56,16,-0.5522107179297528,-1.2681572655441986
14,1555837200,68,92,24,160,16,-0.47018230511576026,-1.1310021536301007
14,1555851600,358,252,0,610,16,-0.5932249243367491,-0.5375425347710227
14,1555866000,410,332,0,742,16,-0.5932249243367491,-0.3634610465723598
14,1555880400,434,293,0,727,16,-0.5932249243367491,-0.3832430338676624
14,1555894800,125,137,12,262,16,-0.5317036147262547,-0.996484640022043
14,1555909200,25,26,1,51,16,-0.5880981485358746,-1.2747512613092995
14,1555923600,577,992,415,1569,16,1.5343870330261835,0.7271858529753236
14,1555938000,661,969,308,1630,16,0.9858220223326082,0.807632601309554
14,1555952400,798,629,0,1427,16,-0.5932249243367491,0.5399163732464589
14,1555966800,1309,733,0,2042,16,-0.5932249243367491,1.3509778523538656
14,1555981200,271,182,0,453,17,-0.6075455962488095,-0.6824849867984725
14,1555995600,20,44,24,64,17,-0.48923523852275214,-1.1899567264088393
14,1556010000,719,1089,370,1808,17,1.2164057520279088,1.0851864969342968
14,1556024400,517,1062,545,1579,17,2.0790854437804107,0.7864434934104562
14,1556038800,883,702,0,1585,17,-0.6075455962488095,0.794270821013701
14,1556053200,1534,778,0,2312,17,-0.6075455962488095,1.7426820156068548
14,1556067600,212,222,10,434,17,-0.5582496138629524,-0.7072715242087474
14,1556082000,22,35,13,57,17,-0.5434608191471951,-1.199088608612625
14,1556096400,689,1081,392,1770,17,1.324856913276795,1.035613422113747
14,1556110800,512,1221,709,1733,17,2.8875395549084697,0.9873449018937377
14,1556125200,858,643,0,1501,17,-0.6075455962488095,0.6846882345682747
14,1556139600,1503,785,0,2288,17,-0.6075455962488095,1.7113727051938756
14,1556154000,242,192,0,434,17,-0.6075455962488095,-0.7072715242087474
14,1556168400,27,52,25,79,17,-0.48430564028416645,-1.1703884074007276
14,1556182800,679,1109,430,1788,17,1.5121816463430524,1.059095404923481
14,1556197200,515,1151,636,1666,17,2.5276788834917117,0.8999397436575048
14,1556211600,1119,757,0,1876,17,-0.6075455962488095,1.1738962097710706
14,1556226000,1329,812,0,2141,17,-0.6075455962488095,1.5196031789143798
14,1556240400,258,231,0,489,17,-0.6075455962488095,-0.635521021179004
14,1556254800,31,49,18,80,17,-0.5188128279542665,-1.1690838528001868
14,1556266296,107,264,157,371,17,0.16640132720914927,-0.7894584640428172
14,1556269200,617,881,264,1498,17,0.6938683387378218,0.6807745707666523
14,1556283600,590,1008,418,1598,17,1.4530264674800237,0.8112300308207312
14,1556298000,803,672,0,1475,17,-0.6075455962488095,0.6507698149542142
14,1556312400,1123,744,0,1867,17,-0.6075455962488095,1.1621552183662034
14,1556326800,225,187,0,412,17,-0.6075455962488095,-0.7359717254206448
14,1556341200,32,37,5,69,17,-0.582897605055881,-1.1834339534061356
14,1556355600,70,179,109,249,17,-0.07021938824296553,-0.9486141253087934
14,1556370000,309,356,47,665,17,-0.37585447903528046,-0.40591941148382515
14,1556384400,559,427,0,986,17,-0.6075455962488095,0.0128426152897682
14,1556398800,485,259,0,744,17,-0.6075455962488095,-0.3028595980411028
14,1556413200,185,104,0,289,17,-0.6075455962488095,-0.8964319412871619
14,1556427600,38,24,0,62,17,-0.6075455962488095,-1.192565835609921
14,1556442000,44,122,78,166,17,-0.223036933639123,-1.056892157153679
14,1556456400,217,234,17,451,17,-0.5237424261928523,-0.6850940959995541
14,1556470800,331,387,56,718,17,-0.33148809488800896,-0.3367780176551633
14,1556485200,356,196,0,552,17,-0.6075455962488095,-0.5533340813449343
14,1556499600,105,64,0,169,17,-0.6075455962488095,-1.0529784933520565
14,1556514000,14,31,17,45,17,-0.5237424261928523,-1.2147432638191145
14,1556523001,8,122,114,130,17,-0.045571397050036905,-1.1038561227731474
14,1556524680,6,78,72,84,17,-0.25261452307063736,-1.1638656343980236
14,1556528400,699,1103,404,1802,17,1.3840120921398236,1.0773591693310522
14,1556542800,559,1175,616,1734,17,2.4290869187199973,0.9886494564942785
14,1556557200,870,613,0,1483,17,-0.6075455962488095,0.6612062517585404
14,1556571600,1358,813,0,2171,17,-0.6075455962488095,1.5587398169306035
14,1556586000,198,199,1,397,18,-0.5652978529381982,-0.8253205305428227
14,1556600400,20,33,13,53,18,-0.5090914773452111,-1.2556273049386477
14,1556614800,775,1108,333,1883,18,0.9897452051344465,1.0335046635042582
14,1556629200,564,1182,618,1746,18,2.3246466254678917,0.8621324888175488
14,1556643600,849,647,0,1496,18,-0.5699817175709472,0.5494095423089551
14,1556658000,1448,819,0,2267,18,-0.5699817175709472,1.513847109341458
14,1556672400,247,174,0,421,18,-0.5699817175709472,-0.7952991276779977
14,1556686800,20,35,15,55,18,-0.4997237480797132,-1.2531255213665788
14,1556701200,773,1089,316,1862,18,0.9101195063777147,1.0072359359975362
14,1556715600,572,1194,622,1766,18,2.3433820839988875,0.8871503245382363
14,1556730000,899,666,0,1565,18,-0.5699817175709472,0.635721075545327
14,1556744400,1431,867,0,2298,18,-0.5699817175709472,1.5526247547085237
14,1556758800,264,210,0,474,18,-0.5699817175709472,-0.7290018630181759
14,1556773200,27,42,15,69,18,-0.4997237480797132,-1.2356130363620976
14,1556787600,754,1133,379,1887,18,1.2052029782408973,1.0385082306483957
14,1556802000,576,1350,774,1926,18,3.055329508176725,1.0872930103037362
14,1556816400,912,683,0,1595,18,-0.5699817175709472,0.6732478291263582
14,1556830800,1523,932,0,2455,18,-0.5699817175709472,1.7490147651159205
14,1556845200,262,250,0,512,18,-0.5699817175709472,-0.6814679751488696
14,1556859600,31,36,5,67,18,-0.5465623944072026,-1.2381148199341665
14,1556874000,686,959,273,1645,18,0.7087133271695106,0.735792418428077
14,1556888400,555,1117,562,1672,18,2.0623502060339516,0.7695664966510051
14,1556902800,948,660,0,1608,18,-0.5699817175709472,0.6895094223448051
14,1556917200,1280,756,0,2036,18,-0.5699817175709472,1.2248911067675174
14,1556931600,257,238,0,495,18,-0.5699817175709472,-0.702733135511454
14,1556946000,30,19,0,49,18,-0.5699817175709472,-1.2606308720827852
14,1556960400,59,168,109,227,18,-0.0594404726013138,-1.0379721341686665
14,1556974800,314,414,100,728,18,-0.10159525429605418,-0.4112753493654447
14,1556989200,478,427,0,905,18,-0.5699817175709472,-0.18986750323736037
14,1557003600,414,283,0,697,18,-0.5699817175709472,-0.4500529947325103
14,1557018000,186,122,0,308,18,-0.5699817175709472,-0.9366498994998821
14,1557032400,30,21,0,51,18,-0.5699817175709472,-1.2581290885107164
14,1557046800,41,93,52,134,18,-0.3264207566680028,-1.1543050702698634
14,1557061200,180,248,68,428,18,-0.25147892254401993,-0.7865428851757571
14,1557075600,340,323,0,663,18,-0.5699817175709472,-0.492583315457679
14,1557090000,330,207,0,537,18,-0.5699817175709472,-0.6501956804980102
14,1557104400,81,60,0,141,18,-0.5699817175709472,-1.1455488277676227
14,1557118800,13,22,9,35,18,-0.5278269358762068,-1.2781433570872665
14,1557133200,763,1054,291,1817,18,0.7930228905589914,0.9509458056259894
14,1557147600,542,1098,556,1640,18,2.034247018237458,0.729537959497905
14,1557162000,902,631,0,1533,18,-0.5699817175709472,0.5956925383922269
14,1557176400,1469,773,0,2242,18,-0.5699817175709472,1.4825748146905986
14,1557190800,222,206,0,428,19,-0.5868278036553205,-0.6099491623170298
14,1557205200,25,43,18,68,19,-0.5043935383522472,-1.0655869937166826
14,1557219600,712,1101,389,1813,19,1.194668263172209,1.1429908279288568
14,1557234000,518,1277,759,1795,19,2.8891503832909384,1.1202089363588743
14,1557248400,858,695,0,1553,19,-0.5868278036553205,0.8139190608068854
14,1557262800,1471,805,0,2276,19,-0.5868278036553205,1.7289917055345214
14,1557277200,255,205,0,460,19,-0.5868278036553205,-0.5694480217481718
14,1557291600,23,36,13,59,19,-0.5272919453808786,-1.0769779395016739
14,1557306000,755,1102,347,1857,19,1.0023216441317044,1.1986798962110365
14,1557320400,501,1258,757,1759,19,2.879991020479486,1.074645153218909
14,1557334800,892,694,0,1586,19,-0.5868278036553205,0.8556858620185201
14,1557349200,1427,809,0,2236,19,-0.5868278036553205,1.6783652798234487
14,1557363600,274,243,0,517,19,-0.5868278036553205,-0.49730536510989337
14,1557378000,29,42,13,71,19,-0.5272919453808786,-1.061790011788352
14,1557392400,729,1080,351,1809,19,1.0206403697546096,1.1379281853577496
14,1557406800,577,1259,682,1836,19,2.536514915050014,1.1721010227127235
14,1557421200,1321,638,0,1959,19,-0.5868278036553205,1.3277772817742715
14,1557435600,1507,871,0,2378,19,-0.5868278036553205,1.8580890910977563
14,1557450000,255,228,0,483,19,-0.5868278036553205,-0.540337826964305
14,1557464400,25,48,23,73,19,-0.4814951313236157,-1.0592586905027985
14,1557478800,729,930,201,1659,19,0.3336881588956651,0.9480790889412276
14,1557493200,564,1122,558,1686,19,1.968634420739953,0.9822519262962015
14,1557507600,967,704,0,1671,19,-0.5868278036553205,0.9632670166545494
14,1557522000,1302,737,0,2039,19,-0.5868278036553205,1.4290301331964166
14,1557536400,291,196,0,487,19,-0.5868278036553205,-0.5352751843931978
14,1557550800,33,28,0,61,19,-0.5868278036553205,-1.0744466182161203
14,1557565200,61,157,96,218,19,-0.14717838870559602,-0.8757378973001606
14,1557579600,249,429,180,678,19,0.2375148493754129,-0.2935340016228264
14,1557594000,490,429,0,919,19,-0.5868278036553205,0.011490213286385635
14,1557608400,452,303,0,755,19,-0.5868278036553205,-0.19607813212901176
14,1557622800,176,103,0,279,19,-0.5868278036553205,-0.7985325980907749
14,1557637200,33,20,0,53,19,-0.5868278036553205,-1.0845719033583348
14,1557651600,49,94,45,143,19,-0.38074214039763715,-0.9706624455084216
14,1557666000,206,221,15,427,19,-0.5181325825694261,-0.6112148229598066
14,1557680400,381,289,0,670,19,-0.5868278036553205,-0.3036592867650409
14,1557694800,312,202,0,514,19,-0.5868278036553205,-0.5011023470382238
14,1557709200,87,83,0,170,19,-0.5868278036553205,-0.9364896081534476
14,1557723600,15,22,7,37,19,-0.5547700338152365,-1.1048224736427639
14,1557735953,164,420,256,584,19,0.5855706362106115,-0.41250610204384686
14,1557736034,4,13,9,17,19,-0.5456106710037838,-1.1301356864983
14,1557736115,2,8,6,10,19,-0.5593497152209628,-1.1389953109977378
14,1557736203,107,276,169,383,19,0.18713835391242362,-0.6669038912419863
14,1557736283,4,4,0,8,19,-0.5868278036553205,-1.1415266322832913
14,1557736368,132,714,582,846,19,2.0785467744773842,-0.08090301363632174
14,1557736448,6,24,18,30,19,-0.5043935383522472,-1.1136820981422015
14,1557736532,15,270,255,285,19,0.5809909548048852,-0.790938634234114
14,1557736612,1,1,0,2,19,-0.5868278036553205,-1.1491205961399522
14,1557738000,640,866,226,1506,19,0.44818019403882253,0.7544330105963751
14,1557752400,529,1089,560,1618,19,1.9777937835514057,0.8961870025873783
14,1557766800,731,673,0,1404,19,-0.5868278036553205,0.6253356250331401
14,1557781200,1336,895,0,2231,19,-0.5868278036553205,1.6720369766095646
14,1557795600,212,202,0,414,20,-0.6112086483775472,-0.47099628352562045
14,1557810000,28,45,17,73,20,-0.5277954383964752,-0.9420338011316545
14,1557824400,646,1091,445,1737,20,1.5722547893622767,1.3565187774502832
14,1557838800,566,1137,571,1703,20,2.1904938751043392,1.3095531598590655
14,1557853200,825,676,0,1501,20,-0.6112086483775472,1.0305221376994793
14,1557867600,1336,895,0,2231,20,-0.6112086483775472,2.0389015742167955
14,1557882000,230,217,0,447,20,-0.6112086483775472,-0.4254120076282623
14,1557896400,26,37,11,63,20,-0.557235394860383,-0.9558472180702479
14,1557909174,194,467,273,661,20,0.7283093707302548,-0.12980488514236407
14,1557909255,5,10,5,15,20,-0.5866753513242907,-1.022151619375496
14,1557909331,152,771,619,923,20,2.426013526815601,0.23210663864878234
14,1557909395,140,325,185,465,20,0.29652334259294133,-0.4005478571387942
14,1557909460,16,359,343,375,20,1.071775529475845,-0.5248686095861346
14,1557909531,9,39,30,48,20,-0.4640088660580085,-0.976567343478138
14,1557909618,0,15,15,15,20,-0.5376087572177779,-1.022151619375496
14,1557909715,14,30,16,44,20,-0.5327020978071265,-0.9820927102535754
14,1557910800,715,911,196,1626,20,0.35049659611010553,1.2031898494318967
14,1557925200,526,1267,741,1793,20,3.0246259749150584,1.4338739123064057
14,1557939600,876,714,0,1590,20,-0.6112086483775472,1.1534615484529605
14,1557954000,1428,868,0,2296,20,-0.6112086483775472,2.1286887843176525
14,1557968400,280,258,0,538,20,-0.6112086483775472,-0.2997099134870626
14,1557982800,26,39,13,65,20,-0.5474220760390804,-0.9530845346825292
14,1557995170,170,454,284,624,20,0.782282624247419,-0.18091452781515957
14,1557995249,122,280,158,402,20,0.16404353850535652,-0.48757238385193247
14,1557995330,2,1,0,3,20,-0.6112086483775472,-1.038727719701808
14,1557995410,11,18,7,29,20,-0.5768620325029882,-1.0028128356614654
14,1557995491,5,12,7,17,20,-0.5768620325029882,-1.0193889359877775
14,1557995574,144,727,583,871,20,2.2493737880321545,0.16027687056809678
14,1557995655,2,25,23,27,20,-0.49835548193256757,-1.005575519049184
14,1557995739,21,340,319,361,20,0.9540157036202142,-0.5442073933001653
14,1557995818,0,3,3,3,20,-0.5964886701455934,-1.038727719701808
14,1557997200,719,759,40,1478,20,-0.41494227195149563,0.9987512787407147
14,1558011600,528,1065,537,1593,20,2.023667455142195,1.1576055735345385
14,1558026000,910,745,0,1655,20,-0.6112086483775472,1.2432487585538174
14,1558040400,1482,895,0,2377,20,-0.6112086483775472,2.240577461520259
14,1558054800,346,238,0,584,20,-0.6112086483775472,-0.23616819556953306
14,1558069200,33,50,17,83,20,-0.5277954383964752,-0.9282203841930612
14,1558083340,236,547,311,783,20,0.9147624283350038,0.03871880150847509
14,1558083412,153,385,232,538,20,0.5271363348935519,-0.2997099134870626
14,1558083492,2,9,7,11,20,-0.5768620325029882,-1.0276769861509334
14,1558083575,161,854,693,1015,20,2.7891063232037965,0.3591900744838414
14,1558083600,725,706,0,1431,20,-0.6112086483775472,0.9338282191293258
14,1558083656,0,0,0,0,20,-0.6112086483775472,-1.0428717447833862
14,1558083739,1,13,12,14,20,-0.5523287354497317,-1.0235329610693555
14,1558083819,1,1,0,2,20,-0.6112086483775472,-1.0401090613956674
14,1558083901,11,33,22,44,20,-0.5032621413432188,-0.9820927102535754
14,1558098000,517,1078,561,1595,20,2.141427280997826,1.160368256922257
14,1558112400,949,645,0,1594,20,-0.6112086483775472,1.1589869152283978
14,1558126800,1390,718,0,2108,20,-0.6112086483775472,1.8689965458720972
14,1558141200,272,251,0,523,20,-0.6112086483775472,-0.32043003889495264
14,1558155600,31,27,0,58,20,-0.6112086483775472,-0.9627539265395446
14,1558170000,76,186,110,262,20,-0.07147611320590537,-0.6809602209922397
14,1558184400,268,431,163,699,20,0.188576835558613,-0.07731390077570925
14,1558198800,525,402,0,927,20,-0.6112086483775472,0.2376320054242197
14,1558213200,481,286,0,767,20,-0.6112086483775472,0.016617334406725692
14,1558227600,202,125,0,327,20,-0.6112086483775472,-0.5911730108913829
14,1558242000,24,19,0,43,20,-0.6112086483775472,-0.9834740519474346
14,1558256400,46,113,67,159,20,-0.2824624678639108,-0.8232384154597515
14,1558270800,258,239,0,497,20,-0.6112086483775472,-0.3563449229352954
14,1558285200,359,342,0,701,20,-0.6112086483775472,-0.07455121738799059
14,1558299600,397,234,0,631,20,-0.6112086483775472,-0.1712451359581442
14,1558314000,160,75,0,235,20,-0.6112086483775472,-0.7182564467264418
14,1558328400,18,19,1,37,20,-0.6063019889668959,-0.9917621021105907
14,1558342800,726,979,253,1705,20,0.6301761825172291,1.3123158432467843
14,1558357200,498,954,456,1452,20,1.626228042879441,0.9628363947003719
14,1558371600,821,634,0,1455,20,-0.6112086483775472,0.9669804197819499
14,1558386000,1454,786,0,2240,20,-0.6112086483775472,2.0513336494615295
14,1558400400,234,180,0,414,21,-0.5809072812249129,-0.6195215045812751
14,1558414800,29,32,3,61,21,-0.5660528502355271,-1.1254463903379728
14,1558428404,234,576,342,810,21,1.112497851565065,-0.05196837495053216
14,1558428484,5,17,12,22,21,-0.5214895572673698,-1.181341774316758
14,1558428546,163,368,205,531,21,0.4341455030497815,-0.4518353526449192
14,1558428627,1,16,15,17,21,-0.506635126277984,-1.188507849185833
14,1558428717,191,944,753,1135,21,3.1475548971109157,0.41382649153934525
14,1558428797,2,29,27,31,21,-0.4472174023204409,-1.168442839552423
14,1558428883,21,412,391,433,21,1.3551202243916993,-0.59229042007879
14,1558428961,1,1,0,2,21,-0.5809072812249129,-1.210006073793058
14,1558429200,722,845,123,1567,21,0.028124389339903758,1.0329753602274285
14,1558443600,535,1244,709,1779,21,2.929689909266591,1.33681693467621
14,1558458000,824,678,0,1502,21,-0.5809072812249129,0.9398163869294529
14,1558472400,1452,899,0,2351,21,-0.5809072812249129,2.1566158996983944
14,1558486800,300,179,0,479,21,-0.5809072812249129,-0.5263625312832996
14,1558501200,26,44,18,70,21,-0.4917806952885982,-1.1125474555736377
14,1558515600,778,968,190,1746,21,0.35987334810285265,1.2895208405403147
14,1558530000,512,1147,635,1659,21,2.563280611528409,1.164831137818409
14,1558544400,894,754,0,1648,21,-0.5809072812249129,1.149065773106444
14,1558558800,1485,855,0,2340,21,-0.5809072812249129,2.1408505349864293
14,1558573200,249,214,0,463,21,-0.5809072812249129,-0.5492939708643397
14,1558587600,24,35,11,59,21,-0.5264410342638317,-1.1283128202856028
14,1558602000,681,999,318,1680,21,0.9936624036499788,1.1949286522685243
14,1558616400,547,1214,667,1761,21,2.7217278754151906,1.31101906514754
14,1558630800,876,726,0,1602,21,-0.5809072812249129,1.0831378843109536
14,1558645200,1393,803,0,2196,21,-0.5809072812249129,1.934467578757068
14,1558659600,258,184,0,442,21,-0.5809072812249129,-0.5793914853144548
14,1558674000,27,59,32,86,21,-0.42246001733813127,-1.0896160159925976
14,1558688400,597,759,162,1356,21,0.22123199220191878,0.7305670007524618
14,1558702800,461,927,466,1388,21,1.7264809991263435,0.7764298799145422
14,1558717200,1192,747,0,1939,21,-0.5809072812249129,1.5661313304866111
14,1558731600,887,520,0,1407,21,-0.5809072812249129,0.8036609644170273
14,1558746000,265,200,0,465,21,-0.5809072812249129,-0.5464275409167098
14,1558760400,31,44,13,75,21,-0.5165380802709079,-1.1053813807045625
14,1558774800,92,198,106,290,21,-0.05605071959994894,-0.797240161334336
14,1558789200,265,507,242,772,21,0.6173501519188727,-0.10643054395550243
14,1558803600,483,592,109,1075,21,-0.04119628861056317,0.3278335931104448
14,1558818000,489,324,0,813,21,-0.5809072812249129,-0.047668730029087135
14,1558832400,202,156,0,358,21,-0.5809072812249129,-0.6997815431149155
14,1558846800,26,46,20,72,21,-0.48187774129567434,-1.1096810256260077
14,1558861200,66,114,48,180,21,-0.3432363853947405,-0.9548938084539869
14,1558875600,300,401,101,701,21,-0.08080810458225855,-0.20818880709636797
14,1558890000,484,504,20,988,21,-0.48187774129567434,0.20314389038853917
14,1558904400,450,313,0,763,21,-0.5809072812249129,-0.1193294787198375
14,1558918800,162,187,25,349,21,-0.45712035631336473,-0.7126804778792506
14,1558933200,18,37,19,55,21,-0.48682921829213627,-1.1340456801808627
14,1558947600,93,134,41,227,21,-0.37789672436997396,-0.8875327046846815
14,1558962000,269,311,42,580,21,-0.37294524737351203,-0.38160781892798384
14,1558976400,419,420,1,839,21,-0.5759558042284509,-0.01040514070989694
14,1558990800,438,297,0,735,21,-0.5809072812249129,-0.1594594979866577
14,1559005200,165,188,23,353,22,-0.4801772611171495,-0.7235786777897986
14,1559019600,16,50,34,66,22,-0.42146283390184663,-1.0992563081774251
14,1559034000,700,1001,301,1701,22,1.0036964448695953,1.0409281018705518
14,1559048400,512,1086,574,1598,22,2.4608817748493843,0.9061030289439821
14,1559062800,803,610,0,1413,22,-0.6029437907491463,0.6639414901923761
14,1559077200,1379,814,0,2193,22,-0.6029437907491463,1.6849468968207688
14,1559091600,1172,215,0,1387,22,-0.6029437907491463,0.6299079766380964
14,1559106000,40,46,6,86,22,-0.5709177395407993,-1.0730766823664406
14,1559120400,741,1034,293,1775,22,0.9609950432584661,1.1377927173711941
14,1559134800,504,1116,612,1620,22,2.6637134325022487,0.9349006173360649
14,1559149200,870,676,0,1546,22,-0.6029437907491463,0.8380360018354225
14,1559163600,1475,879,0,2354,22,-0.6029437907491463,1.8956928845991934
14,1559178000,317,187,0,504,22,-0.6029437907491463,-0.5259225029168662
14,1559192400,26,29,3,55,22,-0.5869307651449728,-1.1136551023734664
14,1559206800,649,1075,426,1724,22,1.6709058450434915,1.071034671553184
14,1559221200,586,1149,563,1735,22,2.4021673476340815,1.0854334657492253
14,1559235600,863,697,0,1560,22,-0.6029437907491463,0.8563617399031116
14,1559250000,1333,882,0,2215,22,-0.6029437907491463,1.7137444852128516
14,1559264400,226,182,0,408,22,-0.6029437907491463,-0.6515847068095914
14,1559278800,34,50,16,84,22,-0.5175409875268876,-1.075694644947539
14,1559293200,624,904,280,1528,22,0.8916052656403809,0.8144743386055365
14,1559307600,587,1190,603,1777,22,2.615674355689728,1.1404106799522926
14,1559322000,1061,755,0,1816,22,-0.6029437907491463,1.1914609502837124
14,1559336400,1279,720,0,1999,22,-0.6029437907491463,1.4310045264542197
14,1559350800,306,227,0,533,22,-0.6029437907491463,-0.4879620454909387
14,1559365200,39,30,0,69,22,-0.6029437907491463,-1.0953293643057773
14,1559379600,59,191,132,250,22,0.10162933583448788,-0.8584037507163683
14,1559394000,249,399,150,648,22,0.1977074894595289,-0.33742919707777824
14,1559408400,463,372,0,835,22,-0.6029437907491463,-0.09264969574507385
14,1559422800,479,277,0,756,22,-0.6029437907491463,-0.19605921769846235
14,1559437200,203,149,0,352,22,-0.6029437907491463,-0.7248876590803478
14,1559451600,29,26,0,55,22,-0.6029437907491463,-1.1136551023734664
14,1559466000,48,104,56,152,22,-0.3040339794712409,-0.986683917190192
14,1559480400,194,271,77,465,22,-0.19194280024202637,-0.5769727732482858
14,1559494800,341,358,17,699,22,-0.5122033123254964,-0.270671151259768
14,1559509200,353,205,0,558,22,-0.6029437907491463,-0.4552375132272082
14,1559523600,134,92,0,226,22,-0.6029437907491463,-0.8898193016895497
14,1559538000,21,25,4,46,22,-0.5815930899435816,-1.1254359339884095
14,1559548505,123,221,98,344,22,-0.07985162101281185,-0.7353595094047415
14,1559548586,5,8,3,13,22,-0.5869307651449728,-1.1686323165765338
14,1559548675,79,145,66,224,22,-0.2506572274573292,-0.8924372642706481
14,1559548755,1,3,2,4,22,-0.592268440346364,-1.1804131481914768
14,1559548841,95,474,379,569,22,1.4200351105781066,-0.4408387190311667
14,1559548921,4,4,0,8,22,-0.6029437907491463,-1.1751772230292798
14,1559549003,16,219,203,235,22,0.4806042751332608,-0.8780384700746067
14,1559549084,0,9,9,9,22,-0.5549047139366258,-1.1738682417387307
14,1559552400,713,893,180,1606,22,0.35783774550126396,0.9165748792683758
14,1559566800,473,1011,538,1484,22,2.2687254675993023,0.7568791618213708
14,1559581200,804,582,0,1386,22,-0.6029437907491463,0.6285989953475472
14,1559595600,1402,864,0,2266,22,-0.6029437907491463,1.780502531030862
14,1559610000,225,175,0,400,23,-0.6324038973428374,-0.834177120072701
14,1559624400,26,45,19,71,23,-0.5591791263494845,-1.2622341303983748
14,1559638800,760,1193,433,1953,23,1.0363500942425212,1.1864080988810115
14,1559653200,506,1248,742,1754,23,2.227216106713366,0.9274921564651785
14,1559667600,875,687,0,1562,23,-0.6324038973428374,0.6776838100137214
14,1559682000,1446,840,0,2286,23,-0.6324038973428374,1.6196694497577573
14,1559696400,253,225,0,478,23,-0.6324038973428374,-0.7326924793267965
14,1559710800,26,62,36,88,23,-0.49366222598701087,-1.2401156830563187
14,1559725200,682,1065,383,1747,23,0.8436533284705398,0.9183845605008024
14,1559739600,519,1373,854,1892,23,2.6588568620426045,1.1070419054771632
14,1559754000,824,632,0,1456,23,-0.6324038973428374,0.5397687854103128
14,1559768400,1467,803,0,2270,23,-0.6324038973428374,1.5988520875534693
14,1559782800,257,203,0,460,23,-0.6324038973428374,-0.7561120118066206
14,1559797200,29,39,10,68,23,-0.5938645441884411,-1.2661373858116787
14,1559808663,23,256,233,279,23,0.2655630311545957,-0.9916084217426296
14,1559811600,699,1170,471,1869,23,1.182799636229227,1.0771169473084992
14,1559826000,519,1352,833,1871,23,2.5779242204183723,1.079719117584035
14,1559840400,843,761,0,1604,23,-0.6324038973428374,0.7323293857999776
14,1559854800,1462,881,0,2343,23,-0.6324038973428374,1.6938313026105336
14,1559869200,305,226,0,531,23,-0.6324038973428374,-0.6637349670250923
14,1559883600,27,36,9,63,23,-0.5977184795038808,-1.2726428115005188
14,1559898000,675,980,305,1655,23,0.5430463738662489,0.798684727826146
14,1559912400,477,1257,780,1734,23,2.373665648700072,0.9014704537098184
14,1559926800,1003,718,0,1721,23,-0.6324038973428374,0.8845563469188342
14,1559941200,1141,719,0,1860,23,-0.6324038973428374,1.065407181068587
14,1559955600,287,219,0,506,23,-0.6324038973428374,-0.6962620954692924
14,1559970000,38,16,0,54,23,-0.6324038973428374,-1.2843525777404308
14,1559984400,62,201,139,263,23,-0.09670688849672927,-1.0124257839469177
14,1559998800,246,458,212,704,23,0.1846303895303635,-0.4386472381912273
14,1560013200,433,470,37,903,23,-0.4898082906715713,-0.1797312957753942
14,1560027600,428,332,0,760,23,-0.6324038973428374,-0.365786470476219
14,1560042000,204,175,0,379,23,-0.6324038973428374,-0.8614999079658291
14,1560056400,24,24,0,48,23,-0.6324038973428374,-1.2921590885670389
14,1560070800,38,138,100,176,23,-0.24701036579887475,-1.1256201909327341
14,1560085200,209,450,241,659,23,0.2963945136781127,-0.49719606939078753
14,1560099600,310,409,99,719,23,-0.25086430111431435,-0.4191309611247072
14,1560114000,342,272,0,614,23,-0.6324038973428374,-0.5557449005903478
14,1560128400,139,94,0,233,23,-0.6324038973428374,-1.0514583380799578
14,1560142800,16,21,5,37,23,-0.6131342207656393,-1.306471025082487
14,1560157200,581,1124,543,1705,23,1.4602829789408802,0.8637389847145462
14,1560171600,498,1070,572,1568,23,1.5720471030886294,0.6854903208403295
14,1560186000,694,610,0,1304,23,-0.6324038973428374,0.342003844469576
14,1560200400,1280,842,0,2122,23,-0.6324038973428374,1.4062914871638044
14,1560214800,185,143,0,328,24,-0.6212455918202242,-1.2388568227374372
14,1560229200,22,38,16,60,24,-0.5747611204135668,-1.5666096642908756
14,1560243600,694,1121,427,1815,24,0.6193087388449467,0.5796822645385441
14,1560258000,547,1142,595,1689,24,1.10739568861485,0.42558951067386785
14,1560272400,850,695,0,1545,24,-0.6212455918202242,0.24948350625709495
14,1560286800,1536,927,0,2463,24,-0.6212455918202242,1.3721592844140222
14,1560301200,288,217,0,505,24,-0.6212455918202242,-1.022393192308487
14,1560315600,29,47,18,76,24,-0.5689505614877346,-1.5470423304667897
14,1560330000,673,1152,479,1825,24,0.7703832709165834,0.5919118481785978
14,1560344400,488,1329,841,1817,24,1.8220944364922085,0.5821281812665549
14,1560358800,862,675,0,1537,24,-0.6212455918202242,0.239699839345052
14,1560373200,1523,766,0,2289,24,-0.6212455918202242,1.1593645290770882
14,1560387600,269,247,0,516,24,-0.6212455918202242,-1.008940650304428
14,1560402000,25,43,18,68,24,-0.5689505614877346,-1.5568259973788328
14,1560416400,672,1158,486,1830,24,0.7907202271569961,0.5980266399986246
14,1560430800,596,1932,1336,2528,24,3.260207770635674,1.451651578074371
14,1560445200,811,711,0,1522,24,-0.6212455918202242,0.2213554638849715
14,1560459600,1515,832,0,2347,24,-0.6212455918202242,1.2302961141893995
14,1560474000,258,195,0,453,24,-0.6212455918202242,-1.0859870272367662
14,1560488400,25,47,22,72,24,-0.5573294436360702,-1.5519341639228112
14,1560502800,639,935,296,1574,24,0.2387171292029388,0.2849492988132506
14,1560517200,527,1125,598,1652,24,1.1161115270035984,0.38034005120566927
14,1560531600,1061,750,0,1811,24,-0.6212455918202242,0.5747904310825227
14,1560546000,1160,702,0,1862,24,-0.6212455918202242,0.6371613076467963
14,1561165200,8751,7825,0,16576,25,-0.47783971607099396,4.061623549217914
14,1561179600,33,31,0,64,25,-0.47783971607099396,-0.42393156178715985
14,1561194000,70,183,113,253,25,0.1404338096849868,-0.372588906991862
14,1561208400,244,424,180,668,25,0.5070207674341082,-0.2598523898487476
14,1561222800,476,453,0,929,25,-0.47783971607099396,-0.18895062846476476
14,1561237200,516,327,0,843,25,-0.47783971607099396,-0.21231289466791617
14,1561251600,251,176,0,427,25,-0.47783971607099396,-0.3253210660692068
14,1561266000,41,25,0,66,25,-0.47783971607099396,-0.42338825327080754
14,1561280400,52,120,68,172,25,-0.10578131119128872,-0.3945929019041325
14,1561294800,222,295,73,517,25,-0.07842407553836922,-0.30087218283335065
14,1561309200,351,341,0,692,25,-0.47783971607099396,-0.25333268765251926
14,1561323600,350,276,0,626,25,-0.47783971607099396,-0.2712618686921471
14,1561338000,138,94,0,232,25,-0.47783971607099396,-0.3782936464135617
14,1561352400,23,20,0,43,25,-0.47783971607099396,-0.42963630120885965
14,1561366800,646,1081,435,1727,25,1.902239785733003,0.027829469559826344
14,1561381200,475,1178,703,1653,25,3.368587616729488,0.007727054454789073
14,1561395600,796,635,0,1431,25,-0.47783971607099396,-0.052580190860322736
14,1561410000,1485,838,0,2323,25,-0.47783971607099396,0.1897354074328292
14,1561424400,265,204,0,469,26,-0.6021316832305965,-0.8248446782009053
14,1561438800,31,48,17,79,26,-0.5240201906943825,-1.3085374278137867
14,1561453200,690,1103,413,1793,26,1.2955181060315446,0.8172301948438511
14,1561467600,590,1176,586,1766,26,2.0904174124294874,0.7837437737168054
14,1561482000,824,692,0,1516,26,-0.6021316832305965,0.4736843188367532
14,1561496400,1591,845,0,2436,26,-0.6021316832305965,1.6147031127953453
14,1561510800,264,198,0,462,26,-0.6021316832305965,-0.8335263429375468
14,1561525200,21,33,12,54,26,-0.5469941590873867,-1.3395433733017919
14,1561539600,722,1129,407,1851,26,1.2679493439599396,0.8891639883760232
14,1561554000,582,1206,624,1788,26,2.265019572216319,0.81102900574625
14,1561568400,807,689,0,1496,26,-0.6021316832305965,0.4488795624463491
14,1561582800,1475,818,0,2293,26,-0.6021316832305965,1.4373491046039555
14,1561597200,288,248,0,536,26,-0.6021316832305965,-0.7417487442930514
14,1561611600,23,64,41,87,26,-0.4137451424079627,-1.298615525257625
14,1561626000,715,1039,324,1754,26,0.886581468636071,0.7688609198825629
14,1561640400,579,1244,665,1823,26,2.4534061130389526,0.8544373294294573
14,1561654800,872,649,0,1521,26,-0.6021316832305965,0.47988550793435425
14,1561669200,1773,887,0,2660,26,-0.6021316832305965,1.892516384367872
14,1561683600,499,267,0,766,26,-0.6021316832305965,-0.4564940458034033
14,1561698000,36,48,12,84,26,-0.5469941590873867,-1.3023362387161856
14,1561708878,123,309,186,432,26,0.25249994098915707,-0.870733477523153
14,1561712400,635,964,329,1599,26,0.9095554370290752,0.5766240578569306
14,1561726800,664,1090,426,1754,26,1.3552504238533554,0.7688609198825629
14,1561741200,1417,742,0,2159,26,-0.6021316832305965,1.2711572367882473
14,1561755600,1586,733,0,2319,26,-0.6021316832305965,1.4695952879114809
14,1561770000,410,286,0,696,26,-0.6021316832305965,-0.543310693169818
14,1561784400,44,74,30,118,26,-0.4642878728725718,-1.2601681528524986
14,1561798800,86,214,128,300,26,-0.013998092369690839,-1.0344448696998205
14,1561813200,347,462,115,809,26,-0.07373041019150157,-0.40316381956403435
14,1561827600,600,466,0,1066,26,-0.6021316832305965,-0.0844226999473407
14,1561842000,578,323,0,901,26,-0.6021316832305965,-0.28906194016817516
14,1561856400,301,158,0,459,26,-0.6021316832305965,-0.8372470563961074
14,1561870800,46,49,3,95,26,-0.588347302194794,-1.2886936227014634
14,1561885200,58,128,70,186,26,-0.2804961257285387,-1.1758319811251243
14,1561899600,329,360,31,689,26,-0.45969307919397095,-0.5519923579064594
14,1561914000,525,425,0,950,26,-0.6021316832305965,-0.2282902870116849
14,1561928400,435,282,0,717,26,-0.6021316832305965,-0.5172656989598935
14,1561942800,209,130,0,339,26,-0.6021316832305965,-0.9860755947385325
14,1561957200,30,37,7,67,26,-0.5699681274803907,-1.3234202816480292
14,1561971600,642,1066,424,1708,26,1.3460608364961537,0.7118099801846333
14,1561986000,546,1331,785,1877,26,3.004781354471052,0.9214101716835486
14,1562000400,1056,594,0,1650,26,-0.6021316832305965,0.6398761866524612
14,1562014800,1845,796,0,2641,26,-0.6021316832305965,1.8689518657969881
14,1562029200,382,204,0,586,27,-0.5590217313923678,-0.06360556025390408
14,1562043600,34,46,12,80,27,-0.48131141728789767,-0.7723814156142501
14,1562058000,651,1163,512,1814,27,2.756618337065024,1.6565065946522322
14,1562063326,115,278,163,393,27,0.49654336852668474,-0.33394892010478705
14,1562072400,659,1230,571,1889,27,3.1386940480786687,1.7615623044388447
14,1562086800,1174,714,0,1888,27,-0.5590217313923678,1.76016156164169
14,1562101200,1847,796,0,2643,27,-0.5590217313923678,2.8177223734935897
14,1562115600,360,202,0,562,27,-0.5590217313923678,-0.0972233873856201
14,1562130000,37,47,10,84,27,-0.4942631363053093,-0.7667784444256307
14,1562144400,599,971,372,1570,27,1.849998005846206,1.3147253521464526
14,1562158800,648,1157,509,1805,27,2.7371907585389064,1.6438999094778386
14,1562173200,1563,855,0,2418,27,-0.5590217313923678,2.502555244133752
14,1562187600,1253,596,0,1849,27,-0.5590217313923678,1.7055325925526514
14,1562202000,355,203,0,558,27,-0.5590217313923678,-0.10282635857423943
14,1562216400,31,52,21,83,27,-0.42302868170954505,-0.7681791872227856
14,1562230148,61,95,34,156,27,-0.33884250809636907,-0.6659249630304827
14,1562230228,0,1,1,1,27,-0.5525458718836619,-0.8830400965894819
14,1562230309,0,0,0,0,27,-0.5590217313923678,-0.8844408393866368
14,1562230391,31,35,4,66,27,-0.5331182933575443,-0.7919918147744177
14,1562230472,1,1,0,2,27,-0.5590217313923678,-0.8816393537923272
14,1562230552,1,1,0,2,27,-0.5590217313923678,-0.8816393537923272
14,1562230636,26,93,67,119,27,-0.12513914430907624,-0.7177524465252115
14,1562230716,0,0,0,0,27,-0.5590217313923678,-0.8844408393866368
14,1562230799,11,43,32,54,27,-0.3517942271137808,-0.8088007283402757
14,1562230800,78,131,53,209,27,-0.21580117743095806,-0.5916855947812765
14,1562230880,0,0,0,0,27,-0.5590217313923678,-0.8844408393866368
14,1562245200,290,296,6,586,27,-0.5201665743401327,-0.06360556025390408
14,1562259600,505,497,0,1002,27,-0.5590217313923678,0.5191034433625069
14,1562274000,565,814,249,1379,27,1.053467286275387,1.0471834778898792
14,1562288400,958,322,0,1280,27,-0.5590217313923678,0.9085099409715507
14,1562302800,38,74,36,112,27,-0.3258907890789574,-0.7275576461052954
14,1562315418,94,218,124,312,27,0.2439848476871568,-0.4474090866743286
14,1562315498,3,13,10,16,27,-0.4942631363053093,-0.8620289546321594
14,1562315585,58,173,115,231,27,0.18570211210880422,-0.5608692532438702
14,1562315666,0,10,10,10,27,-0.4942631363053093,-0.8704334114150885
14,1562315750,80,381,301,461,27,1.390211980728091,-0.23869840989825833
14,1562315831,1,11,10,12,27,-0.4942631363053093,-0.8676319258207787
14,1562315911,2,3,1,5,27,-0.5525458718836619,-0.8774371254008626
14,1562315991,2,26,24,28,27,-0.4036011031834275,-0.8452200410663014
14,1562316074,17,161,144,178,27,0.3735020378612737,-0.6351086214930763
14,1562316154,0,3,3,3,27,-0.5395941528662502,-0.8802386109951723
14,1562317200,354,478,124,832,27,0.2439848476871568,0.2809771678461851
14,1562331600,411,559,148,970,27,0.39940547589609704,0.4742796738535522
14,1562346000,886,613,0,1499,27,-0.5590217313923678,1.2152726135484593
14,1562360400,895,412,0,1307,27,-0.5590217313923678,0.9463299964947313
14,1562374800,317,171,0,488,27,-0.5590217313923678,-0.2008783543750778
14,1562389200,30,37,7,67,27,-0.5136907148314268,-0.790591071977263
14,1562403600,72,135,63,207,27,-0.15104258234389964,-0.5944870803755862
14,1562418000,323,353,30,676,27,-0.3647459461311925,0.062461291490030976
14,1562432400,548,369,0,917,27,-0.5590217313923678,0.40004030560434595
14,1562446800,516,256,0,772,27,-0.5590217313923678,0.19693260001689505
14,1562461200,200,135,0,335,27,-0.5590217313923678,-0.4151920023397674
14,1562475600,36,36,0,72,27,-0.5590217313923678,-0.7835873579914887
14,1562490000,53,108,55,161,27,-0.20284945841354637,-0.6589212490447085
14,1562504400,217,300,83,517,27,-0.021525392169782765,-0.16025681325758762
14,1562518800,438,306,0,744,27,-0.5590217313923678,0.15771180169655968
14,1562533200,410,233,0,643,27,-0.5590217313923678,0.016236779183921458
14,1562547600,172,119,0,291,27,-0.5590217313923678,-0.4768246854145801
14,1562562000,18,38,20,56,27,-0.4295045412182509,-0.8059992427459661
14,1562574554,220,386,166,606,27,0.5159709470528022,-0.0355907043108074
14,1562574634,5,16,11,21,27,-0.4877872767966035,-0.8550252406463853
14,1562574707,121,755,634,876,27,3.546673197127137,0.34260985092099777
14,1562574770,97,298,201,395,27,0.7426260298575068,-0.33114743451047735
14,1562574847,1,11,10,12,27,-0.4942631363053093,-0.8676319258207787
14,1562574911,20,322,302,342,27,1.3966878402367968,-0.4053868027596836
14,1562574987,5,53,48,58,27,-0.24818047497448728,-0.8031977571516564
14,1562575071,1,2,1,3,27,-0.5525458718836619,-0.8802386109951723
14,1562576400,668,955,287,1623,27,1.2995499476062091,1.3889647203956588
14,1562590800,557,1102,545,1659,27,2.970321700852317,1.439391461093233
14,1562605200,999,587,0,1586,27,-0.5590217313923678,1.33713723690093
14,1562619600,1855,794,0,2649,27,-0.5590217313923678,2.8261268302765186
14,1562634000,365,179,0,544,28,-0.6038757807580337,-0.5273461941477727
14,1562648400,25,49,24,74,28,-0.5047017628259481,-1.125231364600999
14,1562662800,687,1148,461,1835,28,1.301091813687442,1.114929880437579
14,1562677200,636,1097,461,1733,28,1.301091813687442,0.9851760774881554
14,1562691600,1102,618,0,1720,28,-0.6038757807580337,0.9686388280926407
14,1562706000,1942,811,0,2753,28,-0.6038757807580337,2.2827141069823913
14,1562720400,363,200,0,563,28,-0.6038757807580337,-0.5031763681081742
14,1562734800,24,48,24,72,28,-0.5047017628259481,-1.1277755568156937
14,1562749200,735,1156,421,1891,28,1.135801783800633,1.1861672624490274
14,1562763600,784,1344,560,2128,28,1.710184637657295,1.487654039890335
14,1562778000,830,658,0,1488,28,-0.6038757807580337,0.6735125311880693
14,1562792400,1476,833,0,2309,28,-0.6038757807580337,1.7179034353201945
14,1562806800,285,205,0,490,28,-0.6038757807580337,-0.5960393839445264
14,1562821200,27,47,20,74,28,-0.5212307658146291,-1.125231364600999
14,1562835600,710,1127,417,1837,28,1.119272780811952,1.1174740726522736
14,1562850000,502,1345,843,1847,28,2.87961159910647,1.1301950337257465
14,1562864400,854,751,0,1605,28,-0.6038757807580337,0.8223477757477022
14,1562878800,1240,868,0,2108,28,-0.6038757807580337,1.4622121177433893
14,1562893200,217,220,3,437,28,-0.591479028516523,-0.6634604776339328
14,1562907600,25,46,21,71,28,-0.5170985150674589,-1.1290476529230409
14,1562922000,604,948,344,1552,28,0.8176184762685252,0.7549266820582958
14,1562936400,476,1101,625,1577,28,1.9787809362233597,0.7867290847419781
14,1562950800,1033,723,0,1756,28,-0.6038757807580337,1.014434287957143
14,1562965200,1185,752,0,1937,28,-0.6038757807580337,1.2446836833870025
14,1562979600,372,266,0,638,28,-0.6038757807580337,-0.40776916005712743
14,1562994000,42,33,0,75,28,-0.6038757807580337,-1.123959268493652
14,1563008400,60,177,117,237,28,-0.12040244333911684,-0.9178796991033908
14,1563022800,297,351,54,648,28,-0.3807342404108413,-0.3950481989836545
14,1563037200,506,472,0,978,28,-0.6038757807580337,0.024743516440951272
14,1563051600,517,312,0,829,28,-0.6038757807580337,-0.16479880355379498
14,1563066000,300,193,0,493,28,-0.6038757807580337,-0.5922230956224845
14,1563080400,32,19,0,51,28,-0.6038757807580337,-1.1544895750699868
14,1563094800,56,101,45,157,28,-0.4179244971353734,-1.019647387691174
14,1563109200,226,274,48,500,28,-0.4055277448938627,-0.5833184228710535
14,1563123600,383,373,0,756,28,-0.6038757807580337,-0.25766181939014715
14,1563138000,388,256,0,644,28,-0.6038757807580337,-0.40013658341304364
14,1563152400,178,93,0,271,28,-0.6038757807580337,-0.8746284314535829
14,1563166800,18,31,13,49,28,-0.5501565210448207,-1.1570337672846813
14,1563180594,268,739,471,1007,28,1.3424143211591444,0.06163430355402269
14,1563180674,6,23,17,29,28,-0.5336275180561398,-1.182475689431627
14,1563180765,132,373,241,505,28,0.3919966493099916,-0.576957942334317
14,1563180845,3,11,8,14,28,-0.5708177747806719,-1.2015571310418365
14,1563180928,165,1058,893,1223,28,3.086224136464981,0.3364070627410374
14,1563181008,1,29,28,30,28,-0.48817275983726727,-1.18120359332428
14,1563181089,6,7,1,13,28,-0.5997435300108634,-1.2028292271491838
14,1563181174,25,473,448,498,28,1.247372553974229,-0.585862615085748
14,1563181200,688,879,191,1567,28,0.18538411195148013,0.7740081236685052
14,1563181254,0,0,0,0,28,-0.6038757807580337,-1.2193664765446985
14,1563195600,507,1161,654,1668,28,2.0986162078912964,0.9024898305105815
14,1563210000,804,580,0,1384,28,-0.6038757807580337,0.5412145360239511
14,1563224400,1405,816,0,2221,28,-0.6038757807580337,1.605958977873633
14,1563238800,286,202,0,488,29,-0.654617503012871,-0.4293641229423143
14,1563253200,22,51,29,73,29,-0.5191586158662325,-0.9860834780776572
14,1563267600,707,1151,444,1858,29,1.4193047691632497,1.4084804952153238
14,1563279631,484,694,210,1178,29,0.326291679773132,0.4962656482465691
14,1563282000,429,1139,710,1568,29,2.66178973402552,1.01944769283159
14,1563296400,1230,692,0,1922,29,-0.654617503012871,1.4943360102241479
14,1563310800,1509,856,0,2365,29,-0.654617503012871,2.0886171531758513
14,1563325200,301,176,0,477,29,-0.654617503012871,-0.4441205395844559
14,1563339600,23,34,11,57,29,-0.6032365458193185,-1.0075473568298632
14,1563352576,185,513,328,698,29,0.8774692205766956,-0.14765071431961063
14,1563352657,6,8,2,14,29,-0.6452755107958614,-1.0652315309764169
14,1563352721,147,886,739,1033,29,2.7972486211721588,0.3017492470547023
14,1563352798,130,325,195,455,29,0.25622673814556035,-0.47363337286873913
14,1563352878,2,18,16,20,29,-0.5798815652767946,-1.0571825764443394
14,1563352961,4,42,38,46,29,-0.47711965088968955,-1.0223037734720049
14,1563353042,4,10,6,14,29,-0.6265915263618423,-1.0652315309764169
14,1563353125,22,394,372,416,29,1.0829930493509057,-0.5259515773272413
14,1563353205,1,6,5,7,29,-0.6312625224703472,-1.0746219779305068
14,1563354000,710,849,139,1559,29,-0.00534904393070713,1.0073742610334742
14,1563368400,774,1239,465,2013,29,1.5173956874418502,1.6164118206273195
14,1563382800,795,663,0,1458,29,-0.654617503012871,0.871883526410174
14,1563397200,1427,917,0,2344,29,-0.654617503012871,2.060445812313581
14,1563411600,250,200,0,450,29,-0.654617503012871,-0.48034083497880353
14,1563426000,24,51,27,75,29,-0.5285006080832421,-0.9834004932336314
14,1563440400,661,1127,466,1788,29,1.522066683550355,1.3145760256744226
14,1563454800,581,1132,551,1713,29,1.9191013527732608,1.2139640940234568
14,1563469200,804,663,0,1467,29,-0.654617503012871,0.8839569582082898
14,1563483600,1404,831,0,2235,29,-0.654617503012871,1.9142231383141775
14,1563498000,267,218,0,485,29,-0.654617503012871,-0.4333886002083529
14,1563512400,24,45,21,69,29,-0.5565265847342707,-0.9914494477657086
14,1563526105,184,505,321,689,29,0.8447722478171622,-0.1597241461177265
14,1563526185,6,27,21,33,29,-0.5565265847342707,-1.0397431749581723
14,1563526249,132,313,181,445,29,0.19083279262649347,-0.4870482970888679
14,1563526319,142,864,722,1006,29,2.7178416873275775,0.2655289516603547
14,1563526397,1,13,12,14,29,-0.5985655497108137,-1.0652315309764169
14,1563526488,8,12,4,20,29,-0.6359335185788519,-1.0571825764443394
14,1563526569,3,5,2,8,29,-0.6452755107958614,-1.073280485508494
14,1563526655,17,405,388,422,29,1.1577289870869822,-0.517902622795164
14,1563526735,0,13,13,13,29,-0.5938945536023089,-1.0665730233984296
14,1563526800,465,739,274,1204,29,0.6252354307174377,0.5311444512189039
14,1563541200,588,1022,434,1610,29,1.372594808078202,1.0757903745561308
14,1563555600,1006,685,0,1691,29,-0.654617503012871,1.1844512607391737
14,1563570000,1237,647,0,1884,29,-0.654617503012871,1.4433592981876586
14,1563584400,297,203,0,500,29,-0.654617503012871,-0.41326621387815976
14,1563598800,48,34,0,82,29,-0.654617503012871,-0.9740100462795414
14,1563613200,58,161,103,219,29,-0.17350490383687908,-0.7902255844637776
14,1563621107,115,159,44,274,29,-0.44909367423866087,-0.7164435012530694
14,1563627600,186,360,174,546,29,0.15813581986696004,-0.3515575624655676
14,1563642000,406,383,0,789,29,-0.654617503012871,-0.025574903916439067
14,1563656400,369,318,0,687,29,-0.654617503012871,-0.16240713096175227
14,1563670800,209,122,0,331,29,-0.654617503012871,-0.6399784331983356
14,1563685200,17,27,10,44,29,-0.6079075419278233,-1.0249867583160306
14,1563699600,37,109,72,146,29,-0.31830578320052716,-0.8881545312707173
14,1563714000,202,250,48,452,29,-0.4304096898046418,-0.47765785013477774
14,1563728400,385,356,0,741,29,-0.654617503012871,-0.08996654017305704
14,1563742800,355,223,0,578,29,-0.654617503012871,-0.3086298049611556
14,1563757200,137,92,0,229,29,-0.654617503012871,-0.7768106602436488
14,1563771600,18,27,9,45,29,-0.612578538036328,-1.0236452658940176
14,1563786000,664,1119,455,1783,29,1.4706857263568023,1.307868563564358
14,1563800400,475,1103,628,1578,29,2.2787680531281285,1.0328626170517188
14,1563814800,925,559,0,1484,29,-0.654617503012871,0.9067623293825087
14,1563829200,1404,804,0,2208,29,-0.654617503012871,1.8780028429198299
14,1563843600,190,186,0,376,30,-0.5964487211059896,-0.8393438906201692
14,1563858000,23,39,16,62,30,-0.5286901444304019,-1.2401448857747768
14,1563872400,663,1130,467,1793,30,1.3812547356127247,0.9693663327367698
14,1563879400,132,347,215,479,30,0.3140571529722194,-0.7078709527191356
14,1563886800,475,1280,805,1755,30,2.8126546678845137,0.9208617537053204
14,1563888379,52,17,0,69,30,-0.5964487211059896,-1.2312098317426676
14,1563901200,836,681,0,1517,30,-0.5964487211059896,0.6170699166136115
14,1563915600,1437,776,0,2213,30,-0.5964487211059896,1.5054695746633149
14,1563930000,261,202,0,463,30,-0.5964487211059896,-0.7282939333639563
14,1563944400,31,44,13,75,30,-0.5413948775570746,-1.22355121400086
14,1563958800,701,1172,471,1873,30,1.3981943797816216,1.0714812359608736
14,1563973200,539,1231,692,1770,30,2.334109720113176,0.94000829805984
14,1563987600,821,690,0,1511,30,-0.5964487211059896,0.6094112988718038
14,1564002000,1560,834,0,2394,30,-0.5964487211059896,1.7365045432078499
14,1564016400,331,197,0,528,30,-0.5964487211059896,-0.645325574494372
14,1564030800,28,46,18,74,30,-0.5202203223459534,-1.2248276502911613
14,1564045200,694,1080,386,1774,30,1.0382269411925624,0.9451140432210451
14,1564059600,506,1192,686,1698,30,2.3087002538598305,0.8481048851581465
14,1564074000,889,682,0,1571,30,-0.5964487211059896,0.6859974762898816
14,1564088400,1522,827,0,2349,30,-0.5964487211059896,1.6790649101442914
14,1564102800,331,226,0,557,30,-0.5964487211059896,-0.6083089220756344
14,1564117200,29,64,35,93,30,-0.44822683462814156,-1.2005753607754366
14,1564131600,616,903,287,1519,30,0.6189707480123638,0.6196227891942142
14,1564146000,452,1109,657,1561,30,2.185887833635328,0.6732331133868686
14,1564160400,1061,785,0,1846,30,-0.5964487211059896,1.0370174561227385
14,1564174800,1705,685,0,2390,30,-0.5964487211059896,1.7313987980466445
14,1564189200,429,226,0,655,30,-0.5964487211059896,-0.48321816562610714
14,1564203600,53,27,0,80,30,-0.5964487211059896,-1.2171690325493534
14,1564218000,71,157,86,228,30,-0.23224637147470595,-1.0282564615847614
14,1564232400,284,388,104,672,30,-0.15601797271466986,-0.4615187486909851
14,1564246800,436,428,0,864,30,-0.5964487211059896,-0.2164429809531359
14,1564261200,464,381,0,845,30,-0.5964487211059896,-0.24069527046886055
14,1564275600,260,128,0,388,30,-0.5964487211059896,-0.8240266551365537
14,1564290000,35,27,0,62,30,-0.5964487211059896,-1.2401448857747768
14,1564304400,35,100,65,135,30,-0.3211795033614147,-1.146965036582782
14,1564318800,200,291,91,491,30,-0.21107181626358482,-0.69255371723552
14,1564333200,324,382,58,706,30,-0.35082388065698433,-0.41811991482074096
14,1564347600,394,228,0,622,30,-0.5964487211059896,-0.5253405632060499
14,1564362000,188,100,0,288,30,-0.5964487211059896,-0.9516702841666834
14,1564376400,15,24,9,39,30,-0.5583345217259714,-1.2695029204517065
14,1564390800,626,1086,460,1712,30,1.351610358317155,0.8659749932223647
14,1564405200,549,1125,576,1674,30,1.8428600392151655,0.8174704141909154
14,1564419600,777,632,0,1409,30,-0.5964487211059896,0.4792147972610714
14,1564434000,1439,858,0,2297,30,-0.5964487211059896,1.612690223048624
14,1564448400,239,183,0,422,31,-0.7246152179514125,-0.7863195972191476
14,1564462800,25,42,17,67,31,-0.6595027834344702,-1.2441898429728775
14,1564475893,201,510,309,711,31,0.45889903297418494,-0.4135745239154069
14,1564475969,124,335,211,459,31,0.08354499870004722,-0.7385979096335475
14,1564476049,3,14,11,17,31,-0.682483642675744,-1.308678609980445
14,1564476132,145,916,771,1061,31,2.2284251945522624,0.037846845137566226
14,1564476214,4,30,26,34,31,-0.6250314945725597,-1.286752429197872
14,1564476294,26,85,59,111,31,-0.49863676874555407,-1.1874397280062179
14,1564476376,19,401,382,420,31,0.7384994870763487,-0.7888991478994503
14,1564476456,1,12,11,13,31,-0.682483642675744,-1.3138377113410504
14,1564477200,622,813,191,1435,31,0.006942134562468108,0.5202228223541718
14,1564491600,504,1141,637,1645,31,1.7151860048304826,0.7910756437859556
14,1564506000,805,707,0,1512,31,-0.7246152179514125,0.6195355235458259
14,1564520400,1478,806,0,2284,31,-0.7246152179514125,1.6152420861426695
14,1564534800,260,200,0,460,31,-0.7246152179514125,-0.7373081342933961
14,1564549200,26,45,19,71,31,-0.6518424970207123,-1.2390307416122721
14,1564563600,607,1151,544,1758,31,1.3589826865907395,0.9368202572230584
14,1564578000,515,1291,776,1806,31,2.2475759105866575,0.9987294735503233
14,1564592400,781,710,0,1491,31,-0.7246152179514125,0.5924502414026475
14,1564606800,1315,855,0,2170,31,-0.7246152179514125,1.4682076973654155
14,1564621200,244,198,0,442,31,-0.7246152179514125,-0.7605240904161206
14,1564635600,23,31,8,54,31,-0.6939740722963809,-1.260956922394845
14,1564650000,681,1131,450,1812,31,0.9989492251441178,1.0064681255912313
14,1564664400,504,1047,543,1551,31,1.3551525433838607,0.6698367618117286
14,1564678800,860,647,0,1507,31,-0.7246152179514125,0.6130866468450691
14,1564693200,1470,849,0,2319,31,-0.7246152179514125,1.6603842230479668
14,1564707600,344,192,0,536,31,-0.7246152179514125,-0.6392852084418934
14,1564722000,34,60,26,94,31,-0.6250314945725597,-1.209365908788791
14,1564736400,548,942,394,1490,31,0.7844612055588962,0.5911604660624962
14,1564750800,481,1150,669,1631,31,1.837750587450609,0.7730187890238367
14,1564765200,1016,729,0,1745,31,-0.7246152179514125,0.9200531778010909
14,1564779600,1174,711,0,1885,31,-0.7246152179514125,1.10062172542228
14,1565398800,9267,8935,0,18202,32,-0.477994074533389,4.074561716214253
14,1565413200,33,25,0,58,32,-0.477994074533389,-0.4040443391620338
14,1565427600,61,161,100,222,32,0.028415186302455746,-0.3635631115891882
14,1565442000,235,384,149,619,32,0.2765557241120197,-0.2655689204524826
14,1565456400,451,459,8,910,32,-0.4374813336665214,-0.19373942518603088
14,1565470800,479,300,0,779,32,-0.477994074533389,-0.2260750398936088
14,1565485200,231,138,0,369,32,-0.477994074533389,-0.3272781088257229
14,1565499600,29,23,0,52,32,-0.477994074533389,-0.4055253596829916
14,1565514000,41,100,59,141,32,-0.17921261064024058,-0.38355688862211806
14,1565528400,202,306,104,508,32,0.048671556735889535,-0.2929678000902013
14,1565542800,335,385,50,720,32,-0.2247894441154666,-0.2406384083496935
14,1565557200,372,295,0,667,32,-0.477994074533389,-0.25372075628482044
14,1565571600,164,90,0,254,32,-0.477994074533389,-0.35566433547741344
14,1565586000,20,25,5,45,32,-0.45267361149159674,-0.4072532169574423
14,1565600400,608,1041,433,1649,32,1.7147580248858185,-0.011327064354732559
14,1565614800,430,1221,791,1651,32,3.5277031786781428,-0.010833390847746637
14,1565629200,771,638,0,1409,32,-0.477994074533389,-0.07056788519304324
14,1565643600,1444,809,0,2253,32,-0.477994074533389,0.137762334755016
14,1565658000,250,159,0,409,33,-0.5948485666254365,-0.7521905406673869
14,1565672400,25,27,2,52,33,-0.5864335444631779,-1.2584938479880208
14,1565684032,17,272,255,289,33,0.4780667590625365,-0.9223765263213815
14,1565686800,580,1111,531,1691,33,1.639339817454225,1.0659630727361222
14,1565688123,5,103,98,108,33,-0.1825124806747645,-1.17907372134949
14,1565701200,486,1078,592,1564,33,1.8959979934031126,0.8858495712523112
14,1565715600,781,641,0,1422,33,-0.5948485666254365,0.684462821561751
14,1565730000,1406,797,0,2203,33,-0.5948485666254365,1.7920899448598326
14,1565744400,246,155,0,401,33,-0.5948485666254365,-0.7635362730443198
14,1565758800,26,32,6,58,33,-0.5696035001386607,-1.2499845487053212
14,1565768413,55,102,47,157,33,-0.39709554581235906,-1.1095811105407756
14,1565773200,598,1046,448,1644,33,1.2901163977204926,0.9993068950216409
14,1565787600,473,1240,767,1713,33,2.632312432600741,1.097163836772688
14,1565802000,723,668,0,1391,33,-0.5948485666254365,0.6404981086011357
14,1565816400,1380,813,0,2193,33,-0.5948485666254365,1.7779077793886664
14,1565830800,264,178,0,442,33,-0.5948485666254365,-0.7053893946125384
14,1565845200,25,26,1,51,33,-0.5906410555443071,-1.2599120645351374
14,1565859600,616,1045,429,1661,33,1.2101736871790358,1.0234165763226235
14,1565874000,449,1251,802,1700,33,2.7795753204402667,1.0787270216601719
14,1565888400,798,647,0,1445,33,-0.5948485666254365,0.7170818021454333
14,1565902800,1437,774,0,2211,33,-0.5948485666254365,1.8034356772367655
14,1565917200,306,195,0,501,33,-0.5948485666254365,-0.6217146183326576
14,1565931600,32,41,9,73,33,-0.5569809668952727,-1.2287113004985717
14,1565946000,232,404,172,636,33,0.12884333932880412,-0.4302553844719137
14,1565960400,431,1061,630,1492,33,2.055883414486026,0.7837379798599144
14,1565974800,935,683,0,1618,33,-0.5948485666254365,0.9624332647966088
14,1565989200,1074,626,0,1700,33,-0.5948485666254365,1.0787270216601719
14,1566003600,290,194,0,484,33,-0.5948485666254365,-0.6458242996336402
14,1566018000,44,35,0,79,33,-0.5948485666254365,-1.220202001215872
14,1566032400,99,212,113,311,33,-0.11939981445782491,-0.8911757622848158
14,1566046800,282,494,212,776,33,0.29714378257397633,-0.23170506787558667
14,1566061200,542,510,0,1052,33,-0.5948485666254365,0.15972269912860093
14,1566075600,570,366,0,936,33,-0.5948485666254365,-0.004790420336927198
14,1566090000,233,173,0,406,33,-0.5948485666254365,-0.7564451903087367
14,1566104400,37,41,4,78,33,-0.5780185223009192,-1.2216202177629887
14,1566118800,65,119,54,184,33,-0.36764296824445397,-1.0712892637686267
14,1566133200,298,350,52,648,33,-0.37605799040671256,-0.41323678590651425
14,1566147600,514,492,0,1006,33,-0.5948485666254365,0.09448473796123633
14,1566162000,485,290,0,775,33,-0.5948485666254365,-0.2331232844227033
14,1566176400,150,112,0,262,33,-0.5948485666254365,-0.9606683730935303
14,1566190800,23,44,21,67,33,-0.506490833921721,-1.2372205997812715
14,1566205200,501,1031,530,1532,33,1.6351323063730956,0.8404666417445793
14,1566219600,411,998,587,1409,33,1.874960437997466,0.6660260064492349
14,1566234000,711,586,0,1297,33,-0.5948485666254365,0.5071857531721733
14,1566248400,1384,761,0,2145,33,-0.5948485666254365,1.7098333851270684
14,1566262800,229,147,0,376,34,-0.5045084969673738,-0.4806524298686492
14,1566277200,31,40,9,71,34,-0.45954487452763426,-0.8746651277093712
14,1566291600,597,1058,461,1655,34,1.7986281635570625,1.171617211240477
14,1566306000,471,1163,692,1634,34,2.9526944728437106,1.1444884681104601
14,1566320400,761,656,0,1417,34,-0.5045084969673738,0.8641581224336186
14,1566334800,1420,780,0,2200,34,-0.5045084969673738,1.875672687709964
14,1566349200,286,180,0,466,34,-0.5045084969673738,-0.3643863878828624
14,1566363600,28,38,10,66,34,-0.4545489164787743,-0.8811243522641372
14,1566378000,586,1027,441,1613,34,1.6987090025798635,1.1173597249804432
14,1566392400,443,1219,776,1662,34,3.372354948947946,1.1806601256171494
14,1566406800,746,654,0,1400,34,-0.5045084969673738,0.8421967589474143
14,1566421200,1259,824,0,2083,34,-0.5045084969673738,1.7245268331284411
14,1566435600,264,169,0,433,34,-0.5045084969673738,-0.40701726994431753
14,1566450000,41,37,0,78,34,-0.5045084969673738,-0.865622213332699
14,1566464400,621,1048,427,1669,34,1.6287655898958242,1.1897030399938215
14,1566478800,626,1241,615,1867,34,2.5680057030814947,1.445488332362553
14,1566493200,981,691,0,1672,34,-0.5045084969673738,1.1935785747266812
14,1566507600,1699,770,0,2469,34,-0.5045084969673738,2.2231789687563714
14,1566522000,408,224,0,632,34,-0.5045084969673738,-0.14994013266463332
14,1566536400,39,43,4,82,34,-0.484524664771934,-0.8604548336888862
14,1566550800,532,815,283,1347,34,0.9093476308599916,0.7737289786668954
14,1566565200,535,1027,492,1562,34,1.9535028630717208,1.0514756345218306
14,1566579600,1120,664,0,1784,34,-0.5045084969673738,1.3382652047534382
14,1566594000,1521,657,0,2178,34,-0.5045084969673738,1.847252099668994
14,1566608400,459,280,0,739,34,-0.5045084969673738,-0.011712727192642297
14,1566622800,75,38,0,113,34,-0.5045084969673738,-0.8204076414493374
14,1566637200,74,205,131,279,34,0.14996200743327945,-0.6059613862311083
14,1566651600,254,494,240,748,34,0.6945214347590137,-8.612299406361434e-05
14,1566666000,490,570,80,1060,34,-0.10483185305857792,0.40296948922333076
14,1566680400,482,418,0,900,34,-0.5045084969673738,0.1962743034708208
14,1566738000,526,725,199,1251,34,0.48968715475575597,0.6497118672153894
14,1566752400,396,470,74,866,34,-0.1348076013517376,0.15235157649841247
14,1566766800,415,322,0,737,34,-0.5045084969673738,-0.014296417014548672
14,1566773066,140,84,0,224,34,-0.5045084969673738,-0.6770128563335336
14,1566773145,52,71,19,123,34,-0.40958529403903476,-0.8074891923398055
14,1566773225,3,1,0,4,34,-0.5045084969673738,-0.9612187367432348
14,1566773305,3,0,0,3,34,-0.5045084969673738,-0.962510581654188
14,1566773385,1,1,0,2,34,-0.5045084969673738,-0.9638024265651411
14,1566773465,2,2,0,4,34,-0.5045084969673738,-0.9612187367432348
14,1566773957,77,56,0,133,34,-0.5045084969673738,-0.7945707432302737
14,1566774021,77,12,0,89,34,-0.5045084969673738,-0.8514119193122138
14,1566774099,2,6,4,8,34,-0.484524664771934,-0.956051357099422
14,1566774186,28,19,0,47,34,-0.5045084969673738,-0.9056694055722477
14,1566774266,0,0,0,0,34,-0.5045084969673738,-0.9663861163870475
14,1566781200,67,47,0,114,34,-0.5045084969673738,-0.8191157965383842
14,1566792203,3,4,1,7,34,-0.4995125389185139,-0.9573432020103753
14,1566792410,22,11,0,33,34,-0.5045084969673738,-0.9237552343255924
14,1566792490,3,11,8,14,34,-0.4645408325764942,-0.9483002876337029
14,1566795600,21,21,0,42,34,-0.5045084969673738,-0.9121286301270136
14,1566805583,75,219,144,294,34,0.2149094620684588,-0.5865837125668105
14,1566805663,4,3,0,7,34,-0.5045084969673738,-0.9573432020103753
14,1566805743,5,8,3,13,34,-0.48952062282079395,-0.9495921325446561
14,1566805824,3,5,2,8,34,-0.4945165808696539,-0.956051357099422
14,1566805904,3,10,7,13,34,-0.46953679062535414,-0.9495921325446561
14,1566805994,3,4,1,7,34,-0.4995125389185139,-0.9573432020103753
14,1566806013,0,1,1,1,34,-0.4995125389185139,-0.9650942714760944
14,1566810000,626,920,294,1546,34,0.964303169397451,1.0308061159465796
14,1566824400,461,1102,641,1563,34,2.697900612351853,1.052767479432784
14,1566838800,761,631,0,1392,34,-0.5045084969673738,0.8318619996597888
14,1566853200,1384,700,0,2084,34,-0.5045084969673738,1.7258186780393945
14,1566867600,235,157,0,392,35,-0.4924076553491707,-0.7730615127149735
14,1566882000,34,25,0,59,35,-0.4924076553491707,-1.2650321327646445
14,1566896400,618,1126,508,1744,35,1.8631999084467723,1.2243687524716784
14,1566910800,462,1233,771,1695,35,3.0827368952151444,1.1519766792511563
14,1566925200,787,649,0,1436,35,-0.4924076553491707,0.7693328636569678
14,1566939600,1474,808,0,2282,35,-0.4924076553491707,2.0192041686480238
14,1566954000,295,175,0,470,35,-0.4924076553491707,-0.6578251512618974
14,1566968400,24,26,2,50,35,-0.483133609822415,-1.27832863600923
14,1566982800,632,1080,448,1712,35,1.5849785426441019,1.1770922964909294
14,1566997200,502,1116,614,1618,35,2.3547243213648232,1.0382177070474787
14,1567011600,794,638,0,1432,35,-0.4924076553491707,0.7634233066593742
14,1567026000,1409,786,0,2195,35,-0.4924076553491707,1.890671303950362
14,1567040400,221,176,0,397,35,-0.4924076553491707,-0.7656745664679815
14,1567054800,25,33,8,58,35,-0.45531147324214793,-1.2665095220140428
14,1567069200,580,1033,453,1613,35,1.608163656460991,1.0308307608004865
14,1567083600,495,1205,710,1700,35,2.799878506649096,1.1593636254981483
14,1567098000,788,647,0,1435,35,-0.4924076553491707,0.7678554744075694
14,1567112400,1376,768,0,2144,35,-0.4924076553491707,1.815324452231043
14,1567126800,320,220,0,540,35,-0.4924076553491707,-0.5544079038040086
14,1567141200,32,47,15,79,35,-0.4228523138985031,-1.2354843477766762
14,1567155600,503,735,232,1238,35,0.5833816257544883,0.4768097922760824
14,1567170000,461,936,475,1397,35,1.7101781572553034,0.7117146829304298
14,1567184400,1095,745,0,1840,35,-0.4924076553491707,1.366198120413926
14,1567198800,821,581,0,1402,35,-0.4924076553491707,0.7191016291774218
14,1567213200,269,245,0,514,35,-0.4924076553491707,-0.5928200242883673
14,1567227600,41,65,24,106,35,-0.38111910902810253,-1.195594838042919
14,1567242000,107,144,37,251,35,-0.3208378131041906,-0.9813733968801495
14,1567256400,356,364,8,720,35,-0.45531147324214793,-0.2884778389122946
14,1567270800,531,524,0,1055,35,-0.4924076553491707,0.20644755963617314
14,1567285200,534,437,0,971,35,-0.4924076553491707,0.0823468626867066
14,1567299600,255,172,0,427,35,-0.4924076553491707,-0.7213528889860291
14,1567314000,33,54,21,87,35,-0.39503017731823603,-1.2236652337814888
14,1567328400,56,92,36,148,35,-0.3254748358675684,-1.1335444895681859
14,1567342800,317,343,26,660,35,-0.37184506350134683,-0.3771211938761993
14,1567357200,593,482,0,1075,35,-0.4924076553491707,0.23599534462414137
14,1567371600,518,363,0,881,35,-0.4924076553491707,-0.05061816975915041
14,1567386000,180,171,0,351,35,-0.4924076553491707,-0.8336344719403084
14,1567400400,26,44,18,70,35,-0.40894124560836953,-1.248780851021262
14,1567414800,86,140,54,226,35,-0.2420084261267673,-1.0183081281151098
14,1567429200,299,272,0,571,35,-0.4924076553491707,-0.5086088370726579
14,1567443600,441,370,0,811,35,-0.4924076553491707,-0.1540354172170392
14,1567458000,323,266,0,589,35,-0.4924076553491707,-0.4820158305834865
14,1567472400,115,178,63,293,36,-0.3640752465254054,-0.9801791836712771
14,1567486800,14,39,25,53,36,-0.5090513177465997,-1.293260056077845
14,1567501200,577,1083,506,1660,36,1.3260405311322025,0.8030772854111334
14,1567515600,431,1203,772,1634,36,2.340873029680563,0.7691601909004219
14,1567530000,765,616,0,1381,36,-0.6044303119710698,0.439120771238498
14,1567544400,1470,791,0,2261,36,-0.6044303119710698,1.587083970062581
14,1567558800,268,210,0,478,36,-0.6044303119710698,-0.7388460111912142
14,1567573200,30,31,1,61,36,-0.6006151522020909,-1.2828240269976263
14,1567587600,654,1117,463,1771,36,1.1619886610661143,0.947877188899171
14,1567602000,514,1222,708,1736,36,2.09670280446592,0.9022195616732133
14,1567616400,791,605,0,1396,36,-0.6044303119710698,0.45868832576390856
14,1567630800,1530,827,0,2357,36,-0.6044303119710698,1.712316319025208
14,1567645200,259,174,0,433,36,-0.6044303119710698,-0.7975486747674457
14,1567659600,28,44,16,72,36,-0.5433877556674089,-1.2684744870123252
14,1567674000,657,1160,503,1817,36,1.3145950518252663,1.00788435611043
14,1567688400,487,1289,802,1776,36,2.4553278227499273,0.954399707074308
14,1567702800,891,682,0,1573,36,-0.6044303119710698,0.6895854691637525
14,1567717200,1503,843,0,2346,36,-0.6044303119710698,1.6979667790399071
14,1567731600,305,203,0,508,36,-0.6044303119710698,-0.6997109021403932
14,1567746000,35,50,15,85,36,-0.5472029154363878,-1.2515159397569695
14,1567760400,596,1044,448,1640,36,1.1047612645314322,0.776987212710586
14,1567774800,515,1205,690,1720,36,2.0280299286243015,0.8813475035127754
14,1567789200,851,729,0,1580,36,-0.6044303119710698,0.698716994608944
14,1567803600,1158,752,0,1910,36,-0.6044303119710698,1.129203194167975
14,1567818000,240,197,0,437,36,-0.6044303119710698,-0.7923306602273362
14,1567832400,41,21,0,62,36,-0.6044303119710698,-1.281519523362599
14,1567846800,70,191,121,261,36,-0.14279597992463502,-1.0219232999921528
14,1567861200,269,428,159,697,36,0.0021800912965593603,-0.4531597151202209
14,1567875600,541,453,0,994,36,-0.6044303119710698,-0.06572213551709294
14,1567890000,486,398,0,884,36,-0.6044303119710698,-0.2092175353701033
14,1567904400,249,136,0,385,36,-0.6044303119710698,-0.8601648492487594
14,1567918800,38,28,0,66,36,-0.6044303119710698,-1.2763015088224894
14,1567933200,54,125,71,179,36,-0.333553968373575,-1.128892598064397
14,1567947600,213,275,62,488,36,-0.3678904062943842,-0.7258009748409405
14,1567962000,398,432,34,830,36,-0.4747148798257906,-0.2796607316615811
14,1567976400,398,233,0,631,36,-0.6044303119710698,-0.5392569550320271
14,1567990800,111,78,0,189,36,-0.6044303119710698,-1.1158475617141232
14,1568005200,21,33,12,54,36,-0.5586483947433242,-1.2919555524428177
14,1568019600,672,1115,443,1787,36,1.0856854656865382,0.968749247059609
14,1568034000,451,1191,740,1642,36,2.2187879170732416,0.7795962199806408
14,1568048400,828,567,0,1395,36,-0.6044303119710698,0.4573838221288812
14,1568062800,1470,872,0,2342,36,-0.6044303119710698,1.6927487644997976
14,1568077200,236,188,0,424,37,-0.6425576638988133,-0.7804175376339061
14,1568091600,23,36,13,59,37,-0.5942031074259648,-1.235090165305695
14,1568106000,653,1213,560,1866,37,1.4404078457008131,1.0158507612776544
14,1568120400,485,1302,817,1787,37,2.3963402313563558,0.9174421651514315
14,1568134800,859,659,0,1518,37,-0.6425576638988133,0.582354666949483
14,1568149200,1704,835,0,2539,37,-0.6425576638988133,1.8541923459985143
14,1568163600,267,176,0,443,37,-0.6425576638988133,-0.7567496474263335
14,1568178000,25,36,11,61,37,-0.6016422699602493,-1.23259880844174
14,1568192190,26,485,459,511,37,1.0647301377194518,-0.6720435140518634
14,1568192400,715,1262,547,1977,37,1.3920532892279647,1.1541210672271573
14,1568206800,580,1307,727,1887,37,2.0615779173135587,1.042010008349182
14,1568221200,879,689,0,1568,37,-0.6425576638988133,0.6446385885483582
14,1568235600,1575,950,0,2525,37,-0.6425576638988133,1.8367528479508293
14,1568250000,377,207,0,584,37,-0.6425576638988133,-0.5811089885175055
14,1568264400,34,43,9,77,37,-0.6090814324945336,-1.2126679535301
14,1568275768,20,268,248,288,37,0.2798984903524498,-0.9498298043828467
14,1568278800,639,1151,512,1790,37,1.261867944877988,0.9211792004473641
14,1568293200,477,1187,710,1664,37,1.9983450357721415,0.7642237180181986
14,1568307600,852,706,0,1558,37,-0.6425576638988133,0.6321818042285832
14,1568322000,1367,884,0,2251,37,-0.6425576638988133,1.4954369575889934
14,1568336400,271,185,0,456,37,-0.6425576638988133,-0.740555827810626
14,1568350800,25,45,20,70,37,-0.5681660385559695,-1.2213877025539426
14,1568365200,629,1015,386,1644,37,0.7932007052180721,0.7393101493786485
14,1568379600,465,1269,804,1734,37,2.3479856748835073,0.8514212082566238
14,1568394000,1018,702,0,1720,37,-0.6425576638988133,0.8339817102089389
14,1568408400,1358,813,0,2171,37,-0.6425576638988133,1.3957826830307931
14,1568422800,289,232,0,521,37,-0.6425576638988133,-0.6595867297320883
14,1568437200,36,31,0,67,37,-0.6425576638988133,-1.225124737849875
14,1568451600,54,182,128,236,37,-0.166451261704613,-1.014605082845677
14,1568466000,215,376,161,591,37,-0.04370507988892073,-0.572389239493663
14,1568480400,445,438,0,883,37,-0.6425576638988133,-0.2086511373562319
14,1568494800,473,378,0,851,37,-0.6425576638988133,-0.24851284717951203
14,1568509200,209,127,0,336,37,-0.6425576638988133,-0.8900372396479265
14,1568523600,27,26,0,53,37,-0.6425576638988133,-1.2425642358975602
14,1568538000,43,106,63,149,37,-0.4082240440688554,-1.1229791064277197
14,1568552400,190,368,178,558,37,0.0195278016524965,-0.6134966277489207
14,1568566800,341,387,46,728,37,-0.4714569256102726,-0.40173129431274496
14,1568581200,364,218,0,582,37,-0.6425576638988133,-0.5836003453814606
14,1568595600,154,81,0,235,37,-0.6425576638988133,-1.0158507612776544
14,1568610000,21,19,0,40,37,-0.6425576638988133,-1.2587580555132676
14,1568624400,646,1093,447,1739,37,1.0200951625137455,0.8576496004165114
14,1568638800,468,1223,755,1691,37,2.16572619279354,0.7978570356815912
14,1568653200,823,613,0,1436,37,-0.6425576638988133,0.48020903552732774
14,1568667600,1532,822,0,2354,37,-0.6425576638988133,1.6237418360826763
14,1568682000,213,177,0,390,38,-0.562634471328311,-0.8987187010724229
14,1568696400,24,47,23,71,38,-0.4906470674470993,-1.2707804121921682
14,1568710800,682,1209,527,1891,38,1.0868160436890182,0.8519541151994828
14,1568725200,468,1465,997,1933,38,2.557862992565953,0.9009402966008286
14,1568739600,869,760,0,1629,38,-0.562634471328311,0.546373650267278
14,1568754000,1551,888,0,2439,38,-0.562634471328311,1.4911071487218042
14,1568768400,252,205,0,457,38,-0.562634471328311,-0.8205740783607521
14,1568782800,25,35,10,60,38,-0.5313356000756102,-1.2836101263687112
14,1568797200,667,1106,439,1773,38,0.8113859766652517,0.7143262722147494
14,1568811600,523,1576,1053,2099,38,2.733136671581077,1.0945523469013858
14,1568826000,891,706,0,1597,38,-0.562634471328311,0.5090508453900622
14,1568840400,1590,863,0,2453,38,-0.562634471328311,1.5074358758555861
14,1568854800,250,188,0,438,38,-0.562634471328311,-0.8427344937565991
14,1568869200,23,45,22,68,38,-0.49377695457236936,-1.2742794251494072
14,1568883600,710,1171,461,1881,38,0.8802434934211933,0.8402907386753529
14,1568898000,534,1491,957,2025,38,2.43266750755515,1.008243360622824
14,1568912400,903,724,0,1627,38,-0.562634471328311,0.5440409749624521
14,1568926800,1540,851,0,2391,38,-0.562634471328311,1.4351229414059803
14,1568941200,280,207,0,487,38,-0.562634471328311,-0.7855839487883624
14,1568955600,24,53,29,77,38,-0.4718677446954788,-1.2637823862776902
14,1568970000,586,997,411,1583,38,0.7237491371576896,0.4927221182562803
14,1568984400,496,1475,979,1971,38,2.501525024311092,0.9452611273925224
14,1568998800,1168,820,0,1988,38,-0.562634471328311,0.9650888674835433
14,1569013200,1478,802,0,2280,38,-0.562634471328311,1.3056594619881379
14,1569027600,1973,427,0,2400,38,-0.562634471328311,1.4456199802776972
14,1569042000,38,42,4,80,38,-0.5501149228272307,-1.2602833733204513
14,1569056400,52,192,140,244,38,-0.12445027379050057,-1.0690039983247202
14,1569070800,279,411,132,690,38,-0.14948937079266117,-0.5488174053485243
14,1569085200,470,508,38,978,38,-0.44369876056804813,-0.21291216145358174
14,1569099600,475,286,0,761,38,-0.562634471328311,-0.4660074320272017
14,1569114000,193,130,0,323,38,-0.562634471328311,-0.9768633237840936
14,1569128400,19,18,0,37,38,-0.562634471328311,-1.31043589237421
14,1569142800,68,131,63,199,38,-0.3654515824362963,-1.1214891926833048
14,1569157200,234,305,71,539,38,-0.3404124854341357,-0.7249343908628866
14,1569171600,331,329,0,660,38,-0.562634471328311,-0.5838075349209142
14,1569186000,342,263,0,605,38,-0.562634471328311,-0.647956105803629
14,1569200400,120,90,0,210,38,-0.562634471328311,-1.108659478506762
14,1569214800,15,22,7,37,38,-0.5407252614514204,-1.31043589237421
14,1569229200,664,1082,418,1746,38,0.7456583470345801,0.6828351555995985
14,1569243600,475,1244,769,1719,38,1.844248728004376,0.6513440389844476
14,1569258000,927,638,0,1565,38,-0.562634471328311,0.4717280405128464
14,1569272400,1550,792,0,2342,38,-0.562634471328311,1.3779723964377435
14,1569286800,235,171,0,406,39,-0.5417844411520377,-0.8154597594688222
14,1569301200,22,31,9,53,39,-0.507061735361012,-1.2282429338306904
14,1569315600,665,1174,509,1839,39,1.4219774752515335,0.8602294441021612
14,1569330000,2160,1339,0,3499,39,-0.5417844411520377,2.801362785293949
14,1569344400,841,732,0,1573,39,-0.5417844411520377,0.549180366537694
14,1569358800,1636,853,0,2489,39,-0.5417844411520377,1.620311776496536
14,1569373200,252,195,0,447,39,-0.5417844411520377,-0.767516104656254
14,1569387600,23,48,25,71,39,-0.44533248062141045,-1.2071945000105386
14,1569402000,672,1184,512,1856,39,1.4335517105152087,0.8801085204878603
14,1569416400,501,1319,818,1820,39,2.6141237074100867,0.8380116528475564
14,1569430800,857,699,0,1556,39,-0.5417844411520377,0.5293012901519949
14,1569445200,1496,885,0,2381,39,-0.5417844411520377,1.4940211735756246
14,1569459600,289,214,0,503,39,-0.5417844411520377,-0.7020320883268925
14,1569474000,25,40,15,65,39,-0.48391326483366137,-1.2142106446172558
14,1569488400,700,1091,391,1791,39,0.9667242215469729,0.8041002872484228
14,1569502800,517,1378,861,1895,39,2.7800210795227653,0.9257134604315227
14,1569517200,893,745,0,1638,39,-0.5417844411520377,0.6251885997771314
14,1569531600,1415,843,0,2258,39,-0.5417844411520377,1.3501902091379199
14,1569546000,283,207,0,490,39,-0.5417844411520377,-0.7172337349747799
14,1569560400,26,50,24,76,39,-0.44919055904263555,-1.2013477128382741
14,1569574800,590,988,398,1578,39,0.9937307704955484,0.5550271537099584
14,1569589200,439,1265,826,1704,39,2.6449883347798875,0.7023661904510218
14,1569603600,948,733,0,1681,39,-0.5417844411520377,0.6754709694586054
14,1569618000,1307,778,0,2085,39,-0.5417844411520377,1.1478913729775708
14,1569632400,301,198,0,499,39,-0.5417844411520377,-0.7067095180647041
14,1569646800,34,32,0,66,39,-0.5417844411520377,-1.213041287182803
14,1569661200,64,188,124,252,39,-0.06338271692012645,-0.9955408043745665
14,1569675600,290,401,111,691,39,-0.11353773639605264,-0.4821928906497502
14,1569690000,513,440,0,953,39,-0.5417844411520377,-0.17582124282309444
14,1569704400,468,305,0,773,39,-0.5417844411520377,-0.38630558102461365
14,1569718800,215,124,0,339,39,-0.5417844411520377,-0.8938067075771655
14,1569733200,35,26,0,61,39,-0.5417844411520377,-1.2188880743550674
14,1569747600,61,120,59,181,39,-0.31415781429975737,-1.0785651822207212
14,1569762000,262,356,94,618,39,-0.17912506955687918,-0.5675559833648107
14,1569776400,391,369,0,760,39,-0.5417844411520377,-0.40150722767250113
14,1569790800,439,206,0,645,39,-0.5417844411520377,-0.5359833326345829
14,1569805200,108,85,0,193,39,-0.5417844411520377,-1.0645328930072866
14,1569819600,17,27,10,44,39,-0.5032036569397869,-1.2387671507407665
14,1569834000,625,1001,376,1626,39,0.9088530452285964,0.6111563105636968
14,1569848400,421,1157,736,1578,39,2.297761276869629,0.5550271537099584
14,1569862800,731,599,0,1330,39,-0.5417844411520377,0.265026509965643
14,1569877200,1239,739,0,1978,39,-0.5417844411520377,1.022770127491112
14,1569891600,181,167,0,348,40,-0.6138139961601625,-0.9329432277527536
14,1569906000,19,39,20,58,40,-0.5434147939790406,-1.3049111649693086
14,1569920400,658,1110,452,1768,40,0.9772079731331914,0.8884170165489984
14,1569934800,451,1261,810,1712,40,2.237353692175273,0.8165887252244223
14,1569949200,721,602,0,1323,40,-0.6138139961601625,0.3176386301304916
14,1569963600,1427,813,0,2240,40,-0.6138139961601625,1.4938269005704259
14,1569978000,259,178,0,437,40,-0.6138139961601625,-0.8187875504690523
14,1569992400,22,34,12,56,40,-0.5715744748514894,-1.3074764610880434
14,1570006800,657,1224,567,1881,40,1.382003385674642,1.0333562472575182
14,1570021200,484,1308,824,1792,40,2.286633133702058,0.9192005699738167
14,1570035600,853,637,0,1490,40,-0.6138139961601625,0.5318408560448525
14,1570050000,1424,943,0,2367,40,-0.6138139961601625,1.6567232041100894
14,1570064400,236,223,0,459,40,-0.6138139961601625,-0.7905692931629688
14,1570078800,23,34,11,57,40,-0.5750944349605455,-1.306193813028676
14,1570093200,703,1102,399,1805,40,0.7906500873532186,0.9358749947455933
14,1570107600,564,1227,663,1791,40,1.719919556144027,0.9179179219144493
14,1570122000,781,694,0,1475,40,-0.6138139961601625,0.5126011351543411
14,1570136400,1354,737,0,2091,40,-0.6138139961601625,1.3027123397246787
14,1570150800,493,1028,535,1521,40,1.2693646621848471,0.571602945885243
14,1570165200,27,50,23,77,40,-0.5328549136518723,-1.2805408518413273
14,1570179600,609,983,374,1592,40,0.7026510846268162,0.6626709581003305
14,1570194000,497,1314,817,1811,40,2.2619934129386654,0.9435708831017979
14,1570208400,981,845,0,1826,40,-0.6138139961601625,0.9628106039923094
14,1570222800,1333,730,0,2063,40,-0.6138139961601625,1.2667981940623905
14,1570237200,259,224,0,483,40,-0.6138139961601625,-0.7597857397381504
14,1570251600,32,24,0,56,40,-0.6138139961601625,-1.3074764610880434
14,1570266000,58,182,124,240,40,-0.17733894263720695,-1.071469218164436
14,1570280400,254,402,148,656,40,-0.09285990001986073,-0.5378876254675848
14,1570294800,485,466,0,951,40,-0.6138139961601625,-0.15950644795419272
14,1570309200,486,373,0,859,40,-0.6138139961601625,-0.2775100694159964
14,1570323600,195,127,0,322,40,-0.6138139961601625,-0.9662920772963068
14,1570338000,31,26,0,57,40,-0.6138139961601625,-1.306193813028676
14,1570352400,47,99,52,146,40,-0.43077607048924565,-1.1920381357449747
14,1570366800,210,322,112,532,40,-0.21957846394588007,-0.6969359848291463
14,1570381200,338,350,12,688,40,-0.5715744748514894,-0.4968428875678271
14,1570395600,333,228,0,561,40,-0.6138139961601625,-0.6597391911074908
14,1570410000,113,77,0,190,40,-0.6138139961601625,-1.1356016211328077
14,1570424400,17,25,8,42,40,-0.5856543152877137,-1.3254335339191874
14,1570438800,630,1052,422,1682,40,0.8716091698615087,0.7781092834433994
14,1570453200,473,1412,939,1885,40,2.691428546243509,1.0384868394949878
14,1570467600,855,633,0,1488,40,-0.6138139961601625,0.5292755599261177
14,1570482000,1436,851,0,2287,40,-0.6138139961601625,1.554111359360695
14,1570496400,193,223,30,416,41,-0.47605855565636845,-0.7843288772231176
14,1570510800,19,41,22,60,41,-0.5089804832773982,-1.2680951212309501
14,1570523237,125,268,143,393,41,-0.011036328009322511,-0.8155834379314888
14,1570523321,20,320,300,340,41,0.6350565015533873,-0.8876048169551267
14,1570525200,709,1158,449,1867,41,1.2482274034950673,1.1874262352919527
14,1570539600,476,1304,828,1780,41,2.807903724541354,1.069202462177679
14,1570554000,839,613,0,1452,41,-0.5995157842352302,0.6234852485974287
14,1570568400,1390,827,0,2217,41,-0.5995157842352302,1.663039115636732
14,1570582800,255,240,0,495,41,-0.5995157842352302,-0.6769762556595817
14,1570597200,23,34,11,57,41,-0.5542481337563142,-1.2721718030624767
14,1570611600,579,1014,435,1593,41,1.1906140301582653,0.8150892946791827
14,1570626000,528,1124,596,1652,41,1.85316782353149,0.895264037365874
14,1570640400,739,579,0,1318,41,-0.5995157842352302,0.44139346012257047
14,1570654800,1327,765,0,2092,41,-0.5995157842352302,1.4931773726564537
14,1570669200,206,205,0,411,41,-0.5995157842352302,-0.7911233469423287
14,1570683600,25,49,24,74,41,-0.5007500013721408,-1.249070606017159
14,1570698000,629,1098,469,1727,41,1.330532222547642,0.997181083154041
14,1570712400,527,1395,868,1922,41,2.972513362646503,1.262165402203275
14,1570726800,952,713,0,1665,41,-0.5995157842352302,0.912929658635823
14,1570741200,1835,813,0,2648,41,-0.5995157842352302,2.2487224054327313
14,1570755600,323,229,0,552,41,-0.5995157842352302,-0.5995193008605748
14,1570770000,33,59,26,92,41,-0.4925195194668833,-1.224610515027999
14,1570784400,602,938,336,1540,41,0.7832051758480214,0.7430679156555446
14,1570798800,511,1206,695,1717,41,2.2605766778417333,0.9835921437156186
14,1570813200,1162,684,0,1846,41,-0.5995157842352302,1.1588894624712658
14,1570827600,1443,712,0,2155,41,-0.5995157842352302,1.578787691118514
14,1570842000,487,239,0,726,41,-0.5995157842352302,-0.36307175463202745
14,1570856400,45,37,0,82,41,-0.5995157842352302,-1.2381994544664212
14,1570870800,106,178,72,284,41,-0.303218435645962,-0.9637028778102914
14,1570885200,368,392,24,760,41,-0.5007500013721408,-0.31686936054139175
14,1570899600,532,583,51,1115,41,-0.3896384956511652,0.16553798952259854
14,1570914000,462,364,0,826,41,-0.5995157842352302,-0.22718236024780483
14,1570928400,225,136,0,361,41,-0.5995157842352302,-0.85906804413444
14,1570942800,28,31,3,59,41,-0.5871700613773441,-1.2694540151747924
14,1570957200,40,108,68,148,41,-0.3196793994564769,-1.1485124541728342
14,1570971600,219,322,103,541,41,-0.1756459661144715,-0.6144671342428393
14,1570986000,388,370,0,758,41,-0.5995157842352302,-0.3195871484290762
14,1571000400,343,262,0,605,41,-0.5995157842352302,-0.5274979218369368
14,1571014800,118,105,0,223,41,-0.5995157842352302,-1.0465954083846671
14,1571029200,17,18,1,35,41,-0.5954005432826015,-1.3020674698270058
14,1571043600,445,755,310,1200,41,0.6762089110796746,0.28104397474918774
14,1571058000,350,896,546,1246,41,1.6474057759000538,0.34355309616593016
14,1571072400,601,505,0,1106,41,-0.5995157842352302,0.1533079440280185
14,1571086800,948,596,0,1544,41,-0.5995157842352302,0.7485034914309135
14,1571101200,176,125,0,301,42,-0.6082194347833626,-0.9278740288469186
14,1571115600,20,35,15,55,42,-0.5538479290327166,-1.238418182962099
14,1571130000,636,1136,500,1772,42,1.2041640902381705,0.9290790227930419
14,1571144400,481,1342,861,1823,42,2.5127049953037175,0.9934601279144817
14,1571158800,894,656,0,1550,42,-0.6082194347833626,0.648831859323245
14,1571173200,1453,930,0,2383,42,-0.6082194347833626,1.7003899096400956
14,1571187600,254,268,14,522,42,-0.5574726960827597,-0.648889239987346
14,1571202000,25,44,19,69,42,-0.5393488608325444,-1.2207449384189586
14,1571216400,630,1096,466,1726,42,1.0809220105367063,0.8710097907227237
14,1571230800,502,1412,910,1914,42,2.690318580755828,1.108336217444894
14,1571245200,749,689,0,1438,42,-0.6082194347833626,0.5074459029781222
14,1571259600,1377,987,0,2364,42,-0.6082194347833626,1.6764047920458336
14,1571274000,208,181,0,389,42,-0.6082194347833626,-0.8167850631471794
14,1571288400,29,42,13,71,42,-0.5610974631328027,-1.21822018919851
14,1571302181,24,428,404,452,42,0.8561864534340361,-0.7372554627030478
14,1571302734,2,51,49,53,42,-0.4306058493312524,-1.2409429321825476
14,1571302800,644,1105,461,1749,42,1.062798175286491,0.9000444067578828
14,1571317200,523,1361,838,1884,42,2.429335353152727,1.0704649791381646
14,1571331600,885,724,0,1609,42,-0.6082194347833626,0.7233119613264793
14,1571346000,1457,835,0,2292,42,-0.6082194347833626,1.5855138201096832
14,1571360400,297,230,0,527,42,-0.6082194347833626,-0.6425773669362245
14,1571374800,31,47,16,78,42,-0.5502231619826736,-1.20938356692694
14,1571389200,702,1006,304,1708,42,0.4937097484297295,0.848287047738686
14,1571403600,512,1265,753,1777,42,2.1212301538990666,0.9353908958441635
14,1571418000,953,732,0,1685,42,-0.6082194347833626,0.8192524317035269
14,1571432400,1371,760,0,2131,42,-0.6082194347833626,1.3822715078635692
14,1571446800,242,240,0,482,42,-0.6082194347833626,-0.6993842243963184
14,1571461200,31,37,6,68,42,-0.5864708324831043,-1.2220073130291829
14,1571475600,62,176,114,238,42,-0.19499599107845308,-1.0074036292910502
14,1571490000,279,479,200,758,42,0.11673397522525061,-0.3509688319744088
14,1571504400,496,503,7,999,42,-0.5828460654330612,-0.04673655091035001
14,1571518800,485,351,0,836,42,-0.6082194347833626,-0.2525036123769126
14,1571533200,197,129,0,326,42,-0.6082194347833626,-0.8963146635913108
14,1571547600,31,37,6,68,42,-0.5864708324831043,-1.2220073130291829
14,1571562000,38,107,69,145,42,-0.35811050833039104,-1.1248044680419111
14,1571576400,184,370,186,554,42,0.06598723652464769,-0.6084932524601682
14,1571590800,438,399,0,837,42,-0.6082194347833626,-0.2512412377666883
14,1571605200,411,209,0,620,42,-0.6082194347833626,-0.5251765281853636
14,1571619600,96,77,0,173,42,-0.6082194347833626,-1.0894579789556305
14,1571634000,17,28,11,45,42,-0.568346997232889,-1.2510419290643422
14,1571648400,641,1074,433,1715,42,0.9613046978852852,0.8571236700102562
14,1571662800,487,1215,728,1702,42,2.03061097764799,0.8407128000773402
14,1571677200,833,643,0,1476,42,-0.6082194347833626,0.555416138166646
14,1571691600,1448,773,0,2221,42,-0.6082194347833626,1.4958852227837574
14,1571706000,226,214,0,440,43,-0.6721658203372698,-0.8210399181146305
14,1571720400,30,60,30,90,43,-0.561412723224028,-1.2397489136492381
14,1571734800,664,1176,512,1840,43,1.21802037039539,0.8537960640238004
14,1571749200,496,1018,522,1514,43,1.2549380694331373,0.4637985424687086
14,1571763600,1284,1825,541,3109,43,1.3250816976048572,2.3719152506907064
14,1571778000,1297,886,0,2183,43,-0.6721658203372698,1.264130879647716
14,1571792400,187,207,20,394,43,-0.5983304222617754,-0.8760702432420361
14,1571806800,19,48,29,67,43,-0.5651044931278028,-1.267264076212941
14,1571821200,638,1110,472,1748,43,1.070349574244401,0.7437354137689892
14,1571835600,467,1368,901,1835,43,2.6541188629637587,0.8478145069447346
14,1571850000,857,658,0,1515,43,-0.6721658203372698,0.4649948538845218
14,1571864400,1499,887,0,2386,43,-0.6721658203372698,1.5069820970577883
14,1571878800,270,236,0,506,43,-0.6721658203372698,-0.7420833646709616
14,1571893200,23,70,47,93,43,-0.49865263485985767,-1.2361599794017988
14,1571907600,682,1138,456,1820,43,1.0112812557840054,0.829869835707537
14,1571922000,502,1363,861,1865,43,2.5064480668127693,0.8837038494191295
14,1571936400,935,680,0,1615,43,-0.6721658203372698,0.5846259954658383
14,1571950800,1541,857,0,2398,43,-0.6721658203372698,1.5213378340475463
14,1571965200,301,261,0,562,43,-0.6721658203372698,-0.6750899253854243
14,1571979600,31,55,24,86,43,-0.5835633426466764,-1.2445341593124908
14,1571994000,570,990,420,1560,43,0.8783775392481151,0.5188288675961142
14,1572008400,521,1110,589,1631,43,1.502286652986044,0.6037669781188489
14,1572022800,1015,711,0,1726,43,-0.6721658203372698,0.7174165626210995
14,1572037200,1375,683,0,2058,43,-0.6721658203372698,1.1145919526710704
14,1572051600,303,270,0,573,43,-0.6721658203372698,-0.6619304998114796
14,1572066000,49,51,2,100,43,-0.6647822805297203,-1.2277857994911066
14,1572080400,64,230,166,294,43,-0.059332016310665286,-0.9957013848233526
14,1572094800,297,571,274,868,43,0.33937913329700514,-0.3090186321465959
14,1572109200,566,553,0,1119,43,-0.6721658203372698,-0.008744466777491518
14,1572123600,527,393,0,920,43,-0.6721658203372698,-0.24681043852431134
14,1572138000,228,185,0,413,43,-0.6721658203372698,-0.853340326341586
14,1572152400,42,51,9,93,43,-0.6389398912032973,-1.2361599794017988
14,1572166800,40,119,79,159,43,-0.3805159979390665,-1.1572034259581299
14,1572181200,175,364,189,539,43,0.025578691476153416,-0.7026050879491271
14,1572195600,304,449,145,753,43,-0.13685918428993454,-0.44659444496510986
14,1572210000,338,224,0,562,43,-0.6721658203372698,-0.6750899253854243
14,1572224400,113,110,0,223,43,-0.6721658203372698,-1.0806394953460872
14,1572238800,15,25,10,40,43,-0.6352481212995226,-1.2995644844398964
14,1572253200,664,1167,503,1831,43,1.1847944412614175,0.8430292612814819
14,1572267600,444,1290,846,1734,43,2.4510715182561484,0.7269870539476049
14,1572282000,884,657,0,1541,43,-0.6721658203372698,0.49609895069566406
14,1572296400,1739,763,0,2502,43,-0.6721658203372698,1.6457542212921155
14,1572310800,224,202,0,426,44,-0.5235607137488387,-0.778131241981079
14,1572325200,22,40,18,62,44,-0.4546039368160648,-1.2186448663990288
14,1572339600,899,1036,137,1935,44,0.00127697735060696,1.048063975729598
14,1572354000,620,1337,717,1957,44,2.2232175674066545,1.0746884255570566
14,1572368400,899,707,0,1606,44,-0.5235607137488387,0.6499074305826048
14,1572382800,1494,865,0,2359,44,-0.5235607137488387,1.5611897360406166
14,1572397200,225,182,0,407,44,-0.5235607137488387,-0.801125085013884
14,1572411600,18,31,13,49,44,-0.4737585970751687,-1.234377495842527
14,1572426000,845,1203,358,2048,44,0.8479129608029974,1.184816831661544
14,1572440400,551,1407,856,1958,44,2.7557171226097417,1.075898627821941
14,1572454800,1095,711,0,1806,44,-0.5235607137488387,0.8919478835595004
14,1572469200,1562,832,0,2394,44,-0.5235607137488387,1.6035468153115733
14,1572483600,255,232,0,487,44,-0.5235607137488387,-0.7043089038231258
14,1572498000,26,32,6,58,44,-0.500575121437914,-1.2234856754585668
14,1572512400,625,1116,491,1741,44,1.3574269236951602,0.8132847363420093
14,1572526800,497,1196,699,1693,44,2.1542607904738804,0.7551950276275544
14,1572541200,844,658,0,1502,44,-0.5235607137488387,0.5240463950346191
14,1572555600,1326,751,0,2077,44,-0.5235607137488387,1.2199126973431937
14,1572570000,257,176,0,433,44,-0.5235607137488387,-0.7696598261268877
14,1572584400,29,51,22,80,44,-0.43928020860878175,-1.1968612256311082
14,1572598800,590,977,387,1567,44,0.9590099903057998,0.6027095422521102
14,1572613200,495,1323,828,1818,44,2.64845102515876,0.9064703107381141
14,1572627600,954,740,0,1694,44,-0.5235607137488387,0.7564052298924389
14,1572642000,1319,779,0,2098,44,-0.5235607137488387,1.2453269449057678
14,1572656400,286,251,0,537,44,-0.5235607137488387,-0.643798790578902
14,1572670800,36,37,1,73,44,-0.519729781697018,-1.2053326414852996
14,1572685200,76,166,90,242,44,-0.1787768290849693,-1.000808458719823
14,1572699600,266,402,136,668,44,-0.002553954701213811,-0.48526229387903536
14,1572714000,525,447,0,972,44,-0.5235607137488387,-0.11736080535415411
14,1572728400,451,262,0,713,44,-0.5235607137488387,-0.43080319195923383
14,1572742800,178,115,0,293,44,-0.5235607137488387,-0.9390881432107145
14,1572753600,28,23,0,51,44,-0.5235607137488387,-1.2319570913127582
14,1572768000,39,75,36,114,44,-0.38564715988329096,-1.155714348625036
14,1572782400,225,228,3,453,44,-0.5120679175933764,-0.7454557808291981
14,1572796800,344,336,0,680,44,-0.5235607137488387,-0.4707398667004216
14,1572811200,357,236,0,593,44,-0.5235607137488387,-0.5760274637453712
14,1572825600,134,84,0,218,44,-0.5235607137488387,-1.0298533130770504
14,1572840000,21,22,1,43,44,-0.519729781697018,-1.241638709431834
14,1572854400,361,503,142,864,44,0.020431637609710816,-0.2480626499616777
14,1572868800,724,1523,799,2247,44,2.5373539956559577,1.425647082373555
14,1572883200,689,582,0,1271,44,-0.5235607137488387,0.24448967184630474
14,1572897600,1675,935,0,2610,44,-0.5235607137488387,1.8649505045266206
14,1572912000,327,302,0,629,45,-0.4991669281699347,-0.4960172193447504
14,1572926400,45,41,0,86,45,-0.4991669281699347,-1.1831440312488006
14,1572940800,361,538,177,899,45,0.13170810481464448,-0.15435195375710117
14,1572955200,640,1483,843,2123,45,2.505509076383739,1.3945305835735755
14,1572969600,635,560,0,1195,45,-0.4991669281699347,0.22021441147972912
14,1572984000,1460,937,0,2397,45,-0.4991669281699347,1.7412575567995603
14,1572998400,323,309,0,632,45,-0.4991669281699347,-0.49222093861599875
14,1573012800,45,42,0,87,45,-0.4991669281699347,-1.1818786043392167
14,1573027200,370,536,166,906,45,0.09250118186080059,-0.14549396539001397
14,1573041600,728,1771,1043,2499,45,3.2183622209990825,1.8703311015771167
14,1573056000,660,648,0,1308,45,-0.4991669281699347,0.36320765226270824
14,1573070400,1633,986,0,2619,45,-0.4991669281699347,2.022182330727183
14,1573084800,391,341,0,732,45,-0.4991669281699347,-0.36567824765761014
14,1573099200,46,63,17,109,45,-0.43857441087763044,-1.1540392123283711
14,1573113600,373,514,141,887,45,0.0033945387838826275,-0.1695370766721078
14,1573128000,693,1590,897,2283,45,2.6979794254298817,1.5969988891069973
14,1573142400,703,662,0,1365,45,-0.4991669281699347,0.43533698610898974
14,1573156800,1487,956,0,2443,45,-0.4991669281699347,1.799467194640419
14,1573171200,358,339,0,697,45,-0.4991669281699347,-0.40996818949304614
14,1573185600,55,55,0,110,45,-0.4991669281699347,-1.1527737854187874
14,1573200000,327,433,106,760,45,-0.12135476152380252,-0.3302462941892613
14,1573214400,739,1457,718,2196,45,2.059975860999149,1.4869067479731992
14,1573228800,695,645,0,1340,45,-0.4991669281699347,0.4037013133693926
14,1573243200,1366,916,0,2282,45,-0.4991669281699347,1.5957334621974135
14,1573257600,329,321,0,650,45,-0.4991669281699347,-0.4694432542434888
14,1573272000,62,38,0,100,45,-0.4991669281699347,-1.165428054514626
14,1573286400,35,119,84,154,45,-0.19976860743149033,-1.0970950013970964
14,1573300800,242,494,252,736,45,0.3990280340453984,-0.36061654001927457
14,1573315200,492,571,79,1063,45,-0.2175899360468739,0.053178059414656156
14,1573329600,501,432,0,933,45,-0.4991669281699347,-0.11132743883124903
14,1573344000,232,180,0,412,45,-0.4991669281699347,-0.7706148587244537
14,1573358400,54,50,0,104,45,-0.4991669281699347,-1.1603663468762906
14,1573372800,31,76,45,107,45,-0.3387749706314823,-1.1565700661475389
14,1573387200,168,344,176,512,45,0.12814383909156776,-0.6440721677660651
14,1573401600,370,484,114,854,45,-0.09284063573918877,-0.21129616468837603
14,1573416000,403,332,0,735,45,-0.4991669281699347,-0.3618819669288585
14,1573430400,174,141,0,315,45,-0.4991669281699347,-0.8933612689540906
14,1573444800,31,27,0,58,45,-0.4991669281699347,-1.2185759847171493
14,1573459200,234,376,142,610,45,0.006958804506959346,-0.5200603306268442
14,1573473600,555,1437,882,1992,45,2.644515439583731,1.2287596584180864
14,1573488000,568,564,0,1132,45,-0.4991669281699347,0.1404925161759443
14,1573502400,1181,649,0,1830,45,-0.4991669281699347,1.0237604990654967
14,1573516800,296,277,0,573,46,-0.48670211564377647,-0.5345112488783088
14,1573531200,45,42,0,87,46,-0.48670211564377647,-1.1257670670164999
14,1573545600,391,489,98,880,46,-0.09181429620955928,-0.16102249133010998
14,1573560000,732,1590,858,2322,46,2.9705810381782474,1.5932797509646874
14,1573574400,597,643,46,1240,46,-0.3013466085624092,0.27694478136484635
14,1573588800,1416,993,0,2409,46,-0.48670211564377647,1.6991218418659684
14,1573603200,322,346,24,668,46,-0.3899948945578457,-0.4189365519171398
14,1573617600,52,47,0,99,46,-0.48670211564377647,-1.1111681579266681
14,1573632000,368,486,118,854,46,-0.011224945304616986,-0.1926534610247457
14,1573646400,809,1518,709,2327,46,2.370190373936427,1.5993626297521173
14,1573660800,659,648,0,1307,46,-0.48670211564377647,0.3584553571164077
14,1573675200,1438,963,0,2401,46,-0.48670211564377647,1.6893892358060805
14,1573689600,342,283,0,625,46,-0.48670211564377647,-0.47124930948903737
14,1573704000,52,59,7,111,46,-0.45849584282704664,-1.0965692488368362
14,1573718400,312,426,114,738,46,-0.02734281548560544,-0.3337762488931205
14,1573732800,833,1549,716,2382,46,2.3983966467531572,1.6662742964138466
14,1573747200,668,652,0,1320,46,-0.48670211564377647,0.37427084196372556
14,1573761600,1483,962,0,2445,46,-0.48670211564377647,1.742918569135464
14,1573776000,426,292,0,718,46,-0.48670211564377647,-0.35810776404284034
14,1573790400,62,56,0,118,46,-0.48670211564377647,-1.0880532185344343
14,1573804800,344,440,96,784,46,-0.0998732313000535,-0.277813764048765
14,1573819200,683,1579,896,2262,46,3.123700804897638,1.520285205515528
14,1573833600,735,724,0,1459,46,-0.48670211564377647,0.5433748722542782
14,1573848000,1482,886,0,2368,46,-0.48670211564377647,1.6492422358090428
14,1573862400,398,298,0,696,46,-0.48670211564377647,-0.3848724307075321
14,1573876800,68,48,0,116,46,-0.48670211564377647,-1.0904863700494063
14,1573891200,32,99,67,131,46,-0.21672779011221982,-1.0722377336871163
14,1573905600,175,345,170,520,46,0.19830736704823296,-0.5989897640250663
14,1573920000,436,460,24,896,46,-0.3899948945578457,-0.14155727921033415
14,1573934400,441,323,0,764,46,-0.48670211564377647,-0.3021452791984848
14,1573948800,192,138,0,330,46,-0.48670211564377647,-0.8301391579474043
14,1573963200,41,31,0,72,46,-0.48670211564377647,-1.1440157033787897
14,1573977600,30,55,25,85,46,-0.3859654270125986,-1.128200218531472
14,1573992000,156,318,162,474,46,0.16607162668625605,-0.6549522488694218
14,1574006400,304,336,32,640,46,-0.3577591541958688,-0.4530006731267475
14,1574020800,342,255,0,597,46,-0.48670211564377647,-0.5053134306986451
14,1574035200,137,99,0,236,46,-0.48670211564377647,-0.9444972791510874
14,1574049600,24,33,9,57,46,-0.4504369077365524,-1.1622643397410797
14,1574064000,325,467,142,792,46,0.08548227578131376,-0.2680811579888771
14,1574078400,710,1426,716,2136,46,2.3983966467531572,1.3669966600722931
14,1574092800,579,623,44,1202,46,-0.30940554365290346,0.23071490258037874
14,1574107200,1371,907,0,2278,46,-0.48670211564377647,1.5397504176353038
14,1574121600,311,312,1,623,47,-0.5148501815515275,-0.470704540938744
14,1574136000,42,39,0,81,47,-0.5182137498107927,-1.1295180238663214
14,1574150400,334,508,174,842,47,0.06704712730135311,-0.20450499709900322
14,1574164800,724,1575,851,2299,47,2.3441828388238974,1.566512059405573
14,1574179200,688,641,0,1329,47,-0.5182137498107927,0.3874547191108312
14,1574193600,1563,949,0,2512,47,-0.5182137498107927,1.8254184650579237
14,1574208000,352,282,0,634,47,-0.5182137498107927,-0.45733378759519533
14,1574222400,53,49,0,102,47,-0.5182137498107927,-1.103992040210456
14,1574236800,363,492,129,855,47,-0.08431344436558115,-0.1887031976929912
14,1574251200,773,1566,793,2339,47,2.1490958797865156,1.615132980654841
14,1574265600,664,659,0,1323,47,-0.5182137498107927,0.38016158092344104
14,1574280000,1579,936,0,2515,47,-0.5182137498107927,1.8290650341516188
14,1574294400,376,311,0,687,47,-0.5182137498107927,-0.3929110669399156
14,1574308800,54,41,0,95,47,-0.5182137498107927,-1.1125007014290778
14,1574323200,340,525,185,865,47,0.10404637815327038,-0.17654796738067427
14,1574337600,687,1497,810,2184,47,2.206276540194024,1.4267269108139284
14,1574352000,644,673,29,1317,47,-0.4206702702921017,0.3728684427360509
14,1574366400,1490,892,0,2382,47,-0.5182137498107927,1.6674004709978036
14,1574380800,413,359,0,772,47,-0.5182137498107927,-0.2895916092852217
14,1574395200,61,57,0,118,47,-0.5182137498107927,-1.0845436717107488
14,1574409600,334,460,126,794,47,-0.09440414914337676,-0.26285010259812447
14,1574424000,696,1574,878,2270,47,2.434999181824058,1.531261891499854
14,1574438400,648,654,6,1302,47,-0.49803234025520143,0.3546355972675755
14,1574452800,1381,904,0,2285,47,-0.5182137498107927,1.5494947369683294
14,1574467200,342,347,5,689,47,-0.5013959085144667,-0.3904800208774522
14,1574481600,58,43,0,101,47,-0.5182137498107927,-1.1052075632416876
14,1574496000,37,104,67,141,47,-0.2928546764400239,-1.05658664199242
14,1574510400,173,358,185,531,47,0.10404637815327038,-0.5825326598120597
14,1574524800,441,430,0,871,47,-0.5182137498107927,-0.16925482919328413
14,1574539200,446,344,0,790,47,-0.5182137498107927,-0.26771219472305124
14,1574553600,195,175,0,370,47,-0.5182137498107927,-0.7782318678403622
14,1574568000,47,46,0,93,47,-0.5182137498107927,-1.1149317474915412
14,1574582400,30,62,32,92,47,-0.4105795655143061,-1.1161472705227728
14,1574596800,125,265,140,390,47,-0.04731419351366388,-0.7539214072157284
14,1574611200,275,296,21,571,47,-0.4475788163662234,-0.533911738562792
14,1574625600,302,249,0,551,47,-0.5182137498107927,-0.5582221991874259
14,1574640000,121,93,0,214,47,-0.5182137498107927,-0.9678534607125063
14,1574654400,24,25,1,49,47,-0.5148501815515275,-1.1684147608657356
14,1574668800,332,489,157,821,47,0.009866466893844615,-0.23003098075486877
14,1574681530,389,1473,1084,1862,47,3.1278942432326904,1.0353284947573236
14,1574681617,258,647,389,905,47,0.7902143030433724,-0.12792704613140657
14,1574681697,1,1,0,2,47,-0.5182137498107927,-1.2255443433336253
14,1574683200,687,1557,870,2244,47,2.4080906357499363,1.49965829268783
14,1574697600,634,597,0,1231,47,-0.5182137498107927,0.2683334620501253
14,1574712000,1504,914,0,2418,47,-0.5182137498107927,1.7111593001221446
14,1574726400,311,317,6,628,48,-0.364991610307794,-0.16664293857309934
14,1574740800,42,48,6,90,48,-0.364991610307794,-1.0159748929573427
14,1574755200,323,500,177,823,48,0.5269270705141432,0.14120042779293682
14,1574769600,722,1464,742,2186,48,3.4739098463293154,2.2929466244950256
14,1574784000,704,645,0,1349,48,-0.3962870026173356,0.9715881750161933
14,1574798400,1486,831,0,2317,48,-0.3962870026173356,2.4997542193357987
14,1574808304,222,227,5,449,48,-0.37020750902605093,-0.4492273620578197
14,1574812800,347,228,0,575,48,-0.3962870026173356,-0.2503131868674579
14,1574827200,55,53,0,108,48,-0.3962870026173356,-0.9875585822158625
14,1574841600,313,427,114,740,48,0.19832545126395582,0.010169661596111174
14,1574856000,573,1328,755,1901,48,3.541716529666656,1.8430217044215882
14,1574870400,976,653,0,1629,48,-0.3962870026173356,1.4136196754392196
14,1574884800,910,625,0,1535,48,-0.3962870026173356,1.2652233860114894
14,1574899200,217,251,34,468,48,-0.2189464461965996,-0.4192323673862572
14,1574913600,43,52,9,95,48,-0.3493439141530231,-1.0080814733069314
14,1574928000,78,83,5,161,48,-0.37020750902605093,-0.9038883339215039
14,1574942400,169,169,0,338,48,-0.3962870026173356,-0.624461278296948
14,1574956800,342,271,0,613,48,-0.3962870026173356,-0.19032319752433288
14,1574971200,337,184,0,521,48,-0.3962870026173356,-0.33556211909189865
14,1574985600,155,178,23,333,48,-0.27632133209742593,-0.6323546979473592
14,1575000000,27,63,36,90,48,-0.2085146487600857,-1.0159748929573427
14,1575014400,112,198,86,310,48,0.052280287152761416,-0.6686644283392507
14,1575028800,340,495,155,835,48,0.4121772987124904,0.16014463495392367
14,1575043200,544,479,0,1023,48,-0.3962870026173356,0.4569372138093842
14,1575057600,635,427,0,1062,48,-0.3962870026173356,0.5185058870825914
14,1575072000,226,196,0,422,48,-0.3962870026173356,-0.4918518281700401
14,1575086400,38,56,18,94,48,-0.3024008256887107,-1.0096601572370136
14,1575100800,52,79,27,131,48,-0.2554577372243982,-0.951248851823971
14,1575115200,238,301,63,539,48,-0.06768538336714826,-0.3071458083504184
14,1575129600,485,398,0,883,48,-0.3962870026173356,0.23592146359787103
14,1575144000,488,289,0,777,48,-0.3962870026173356,0.06858096700915393
14,1575158400,222,157,0,379,48,-0.3962870026173356,-0.5597352371635763
14,1575172800,35,42,7,77,48,-0.35977571158953703,-1.0364977840484118
14,1575187200,43,55,12,98,48,-0.33369621799825233,-1.0033454215166848
14,1575201600,166,207,41,373,48,-0.182435155168801,-0.5692073407440696
14,1575216000,365,294,0,659,48,-0.3962870026173356,-0.11770373674055
14,1575230400,359,260,0,619,48,-0.3962870026173356,-0.18085109394383947
14,1575244800,107,119,12,226,48,-0.33369621799825233,-0.8012738784661585
14,1575259200,19,42,23,61,48,-0.27632133209742593,-1.0617567269297274
14,1575273600,303,437,134,740,48,0.30264342562909463,0.010169661596111174
14,1575288000,674,1451,777,2125,48,3.6564663014683085,2.196646904760009
14,1575302400,569,553,0,1122,48,-0.3962870026173356,0.6132269228875256
14,1575316800,1225,814,0,2039,48,-0.3962870026173356,2.060880086772937
14,1575331200,250,223,0,473,49,-0.46738158853551,-0.6966285687153171
14,1575345600,43,38,0,81,49,-0.46738158853551,-1.174994132417727
14,1575360000,338,519,181,857,49,0.20023112022941805,-0.22802556753744618
14,1575374400,766,1509,743,2275,49,2.2731501386044988,1.5023886399370876
14,1575388800,606,610,4,1216,49,-0.4526277165186055,0.21006942575124046
14,1575403200,1424,936,0,2360,49,-0.46738158853551,1.6061158667603144
14,1575417600,341,291,0,632,49,-0.46738158853551,-0.502597638540105
14,1575432000,44,32,0,76,49,-0.46738158853551,-1.181095733995564
14,1575446400,321,490,169,811,49,0.1559695041787046,-0.2841603020535453
14,1575460800,768,1655,887,2423,49,2.80428953121306,1.6829960466410587
14,1575475200,641,634,0,1275,49,-0.46738158853551,0.28206832436971546
14,1575489600,1478,913,0,2391,49,-0.46738158853551,1.643945796542903
14,1575504000,346,315,0,661,49,-0.46738158853551,-0.46720834938865113
14,1575518400,50,42,0,92,49,-0.46738158853551,-1.161570608946486
14,1575532800,339,510,171,849,49,0.16334644018715685,-0.23778813006198515
14,1575547200,752,1662,910,2414,49,2.889124295310261,1.6720131638009526
14,1575561600,728,622,0,1350,49,-0.46738158853551,0.3735923480372684
14,1575576000,1504,903,0,2407,49,-0.46738158853551,1.663470921591981
14,1575590400,392,356,0,748,49,-0.46738158853551,-0.3610404819342897
14,1575604800,56,76,20,132,49,-0.39361222845098753,-1.1127577963237911
14,1575619200,317,462,145,779,49,0.06744627207727767,-0.3232105521517012
14,1575633600,658,1545,887,2203,49,2.80428953121306,1.4145255772162368
14,1575648000,729,713,0,1442,49,-0.46738158853551,0.48586181706946663
14,1575662400,1494,893,0,2387,49,-0.46738158853551,1.6390645152806333
14,1575676800,364,277,0,641,49,-0.46738158853551,-0.4916147556999986
14,1575691200,73,55,0,128,49,-0.46738158853551,-1.1176390775860605
14,1575705600,59,102,43,161,49,-0.3087774643537867,-1.0773685071723373
14,1575720000,309,399,90,708,49,-0.135419468155159,-0.40985329455698466
14,1575734400,572,488,0,1060,49,-0.46738158853551,0.019699456522730398
14,1575748800,556,437,0,993,49,-0.46738158853551,-0.062062004620283544
14,1575763200,257,213,0,470,49,-0.46738158853551,-0.7002895296620193
14,1575777600,43,57,14,100,49,-0.41574303647634425,-1.151808046421947
14,1575792000,36,57,21,93,49,-0.3899237604467614,-1.1603502886309185
14,1575806400,190,277,87,467,49,-0.14648487216783737,-0.7039504906087214
14,1575820800,431,418,0,849,49,-0.46738158853551,-0.23778813006198515
14,1575835200,423,314,0,737,49,-0.46738158853551,-0.3744640054055308
14,1575849600,144,133,0,277,49,-0.46738158853551,-0.9358113505665221
14,1575864000,26,34,8,60,49,-0.437873844501701,-1.2006208590446419
14,1575878400,323,452,129,775,49,0.00843078400965973,-0.3280918334139707
14,1575892800,716,1529,813,2245,49,2.531342898900327,1.4657790304700666
14,1575907200,702,639,0,1341,49,-0.46738158853551,0.36260946519716203
14,1575921600,1401,1002,0,2403,49,-0.46738158853551,1.6585896403297113
14,1575936000,278,288,10,566,50,-0.4195047821418215,-0.6008883777282059
14,1575950400,45,47,2,92,50,-0.4523152120300087,-1.1799331438743468
14,1575964800,333,523,190,856,50,0.3187298903423895,-0.2466204828286682
14,1575979200,756,1552,796,2308,50,2.8041199543725663,1.5271622185303964
14,1575993600,670,637,0,1307,50,-0.4605178195020555,0.3043271744116473
14,1576008000,1457,899,0,2356,50,-0.4605178195020555,1.5857996632034232
14,1576022400,383,316,0,699,50,-0.4605178195020555,-0.4384137914466938
14,1576036800,47,40,0,87,50,-0.4605178195020555,-1.1860412110277871
14,1576051200,344,465,121,809,50,0.035739932556775274,-0.30403631407100706
14,1576065600,751,1558,807,2309,50,2.8492342954688237,1.5283838319610843
14,1576080000,628,665,37,1293,50,-0.30876958126918985,0.2872245863820144
14,1576094400,1743,847,0,2590,50,-0.4605178195020555,1.8716572059844294
14,1576108800,496,334,0,830,50,-0.4605178195020555,-0.27838243202655777
14,1576123200,57,44,0,101,50,-0.4605178195020555,-1.1689386229981542
14,1576137600,331,472,141,803,50,0.11776600727724316,-0.3113659946551354
14,1576152000,722,1556,834,2278,50,2.9599694963414556,1.4905138156097546
14,1576166400,671,677,6,1348,50,-0.4359099970859151,0.3544133250698578
14,1576180800,1488,1003,0,2491,50,-0.4605178195020555,1.7507174763463116
14,1576195200,450,305,0,755,50,-0.4605178195020555,-0.3700034393281624
14,1576209600,66,65,0,131,50,-0.4605178195020555,-1.1322902200775125
14,1576224000,314,440,126,754,50,0.056246451236892245,-0.3712250527588504
14,1576238400,786,1483,697,2269,50,2.3980908845062503,1.479519294733562
14,1576252800,754,660,0,1414,50,-0.4605178195020555,0.4350398114952698
14,1576267200,1377,918,0,2295,50,-0.4605178195020555,1.5112812439314516
14,1576281600,360,320,0,680,50,-0.4605178195020555,-0.4616244466297669
14,1576296000,68,61,0,129,50,-0.4605178195020555,-1.1347334469388886
14,1576310400,70,88,18,158,50,-0.38669435225363435,-1.0993066574489347
14,1576324800,258,380,122,638,50,0.03984123629279866,-0.5129322107186655
14,1576339200,509,480,0,989,50,-0.4605178195020555,-0.0841458965471561
14,1576353600,468,419,0,887,50,-0.4605178195020555,-0.2087504664773383
14,1576368000,239,240,1,479,50,-0.4564165157660321,-0.7071687461980672
14,1576382400,57,58,1,115,50,-0.4564165157660321,-1.1518360349685215
14,1576396800,47,49,2,96,50,-0.4523152120300087,-1.1750466901515946
14,1576411200,226,268,42,494,50,-0.2882630625890729,-0.6888445447377463
14,1576425600,536,414,0,950,50,-0.4605178195020555,-0.13178882034399048
14,1576440000,501,337,0,838,50,-0.4605178195020555,-0.2686095245810533
14,1576454400,156,147,0,303,50,-0.4605178195020555,-0.9221727099991659
14,1576468800,27,27,0,54,50,-0.4605178195020555,-1.2263544542404932
14,1576483200,386,481,95,867,50,-0.07089396457983299,-0.23318273509109952
14,1576497600,873,1541,668,2414,50,2.279153076161572,1.6566532421833309
14,1576512000,633,626,0,1259,50,-0.4605178195020555,0.24568972973862035
14,1576526400,1447,893,0,2340,50,-0.4605178195020555,1.5662538483124142
14,1576540800,306,284,0,590,51,-0.4427992966585861,-0.268661884304576
14,1576555200,50,39,0,89,51,-0.4427992966585861,-0.8966538160460654
14,1576569600,377,509,132,886,51,0.4070319867507844,0.10236728095586482
14,1576584000,962,1515,553,2477,51,3.117478731564004,2.096649044230734
14,1576598400,589,731,142,1320,51,0.4714131445848276,0.6463762597498895
14,1576612800,1426,904,0,2330,51,-0.4427992966585861,1.9123879385101774
14,1576627200,374,252,0,626,51,-0.4427992966585861,-0.22353671555668456
14,1576641600,49,54,5,103,51,-0.4106087177415645,-0.8791051393107743
14,1576656000,390,469,79,859,51,0.06581185023035534,0.06852340439494624
14,1576670400,886,1507,621,2393,51,3.5552706048354974,1.9913569838189875
14,1576684800,672,652,0,1324,51,-0.4427992966585861,0.6513901673885442
14,1576699200,1455,958,0,2413,51,-0.4427992966585861,2.0164265220122606
14,1576713600,363,286,0,649,51,-0.4427992966585861,-0.19470674663442059
14,1576728000,48,30,0,78,51,-0.4427992966585861,-0.9104420620523656
14,1576742400,345,465,120,810,51,0.32977459734993253,0.0071030358214273105
14,1576756800,866,1452,586,2318,51,3.329936552416346,1.8973462155942136
14,1576771200,832,691,0,1523,51,-0.4427992966585861,0.9008320724116108
14,1576785600,1528,966,0,2494,51,-0.4427992966585861,2.1179581516950163
14,1576800000,412,289,0,701,51,-0.4427992966585861,-0.1295259473319107
14,1576814400,71,49,0,120,51,-0.4427992966585861,-0.8577960318464922
14,1576828800,351,414,63,765,51,-0.03719800230411382,-0.04930342511343701
14,1576843200,766,1244,478,2010,51,2.6346200478086796,1.511275327417809
14,1576857600,736,694,0,1430,51,-0.4427992966585861,0.7842587198128912
14,1576872000,1295,918,0,2213,51,-0.4427992966585861,1.7657311400795301
14,1576886400,327,317,0,644,51,-0.4427992966585861,-0.20097413118273882
14,1576900800,60,59,0,119,51,-0.4427992966585861,-0.8590495087561558
14,1576915200,59,93,34,152,51,-0.22390336002283914,-0.8176847707372553
14,1576929600,230,339,109,569,51,0.258955323732485,-0.2949848994075127
14,1576944000,506,512,6,1018,51,-0.4041706019581602,0.2678262330314668
14,1576958400,566,409,0,975,51,-0.4427992966585861,0.21392672591592982
14,1576972800,231,228,0,459,51,-0.4427992966585861,-0.43286735947051436
14,1576987200,43,57,14,100,51,-0.3526656756909256,-0.8828655700397652
14,1577001600,38,60,22,98,51,-0.30116074942369103,-0.8853725238590925
14,1577016000,199,242,43,441,51,-0.16596031797220026,-0.45542994384446006
14,1577030400,449,421,0,870,51,-0.4427992966585861,0.0823116504012464
14,1577044800,517,402,0,919,51,-0.4427992966585861,0.1437320189747653
14,1577059200,166,145,0,311,51,-0.4427992966585861,-0.6183819421007347
14,1577073600,20,42,22,62,51,-0.30116074942369103,-0.930497692606984
14,1577088000,259,369,110,628,51,0.2653934395158893,-0.22102976173735725
14,1577088891,9,43,34,52,51,-0.22390336002283914,-0.9430324617036205
14,1577102400,573,1017,444,1590,51,2.4157241111729326,0.9848150253590755
14,1577111186,343,351,8,694,51,-0.3912943703913515,-0.13830028569955627
14,1577111254,5,1,0,6,51,-0.4427992966585861,-1.0006923995481485
14,1577111317,5,5,0,10,51,-0.4427992966585861,-0.9956784919094939
14,1577111388,5,4,0,9,51,-0.4427992966585861,-0.9969319688191575
14,1577111454,3,5,2,8,51,-0.42992306509177747,-0.9981854457288212
14,1577111518,6,1,0,7,51,-0.4427992966585861,-0.9994389226384848
14,1577111589,8,0,0,8,51,-0.4427992966585861,-0.9981854457288212
14,1577111669,6,1,0,7,51,-0.4427992966585861,-0.9994389226384848
14,1577111750,5,5,0,10,51,-0.4427992966585861,-0.9956784919094939
14,1577111830,4,11,7,15,51,-0.3977324861747558,-0.9894111073611757
14,1577111911,7,9,2,16,51,-0.42992306509177747,-0.988157630451512
14,1577116800,585,663,78,1248,51,0.05937373444695101,0.5561259222541066
14,1577131200,1122,746,0,1868,51,-0.4427992966585861,1.3332816062455703
14,1577145600,249,250,1,499,52,-0.5568192287586495,-0.356230682864758
14,1577160000,46,48,2,94,52,-0.5460680932073965,-1.2122411247548566
14,1577174400,198,251,53,449,52,0.002239819906511086,-0.4619109843326714
14,1577188800,396,687,291,1083,52,2.5610100811047465,0.8781152382804706
14,1577203200,707,545,0,1252,52,-0.5675703643099027,1.235314657242018
14,1577217600,566,411,0,977,52,-0.5675703643099027,0.6540729991684942
14,1577232000,145,185,40,330,52,-0.13752494225977907,-0.7134301018263054
14,1577246400,28,53,25,81,52,-0.2987919755285754,-1.239718003136514
14,1577260800,37,57,20,94,52,-0.3525476532848409,-1.2122411247548566
14,1577275200,130,126,0,256,52,-0.5675703643099027,-0.8698369479988172
14,1577289600,365,292,0,657,52,-0.5675703643099027,-0.022280930226151664
14,1577304000,422,217,0,639,52,-0.5675703643099027,-0.06032583875460049
14,1577318400,158,143,0,301,52,-0.5675703643099027,-0.7747246766776951
14,1577332800,22,45,23,67,52,-0.3202942466310816,-1.2693084875475298
14,1577347200,190,272,82,462,52,0.3140227508928507,-0.43443410595101395
14,1577361600,398,697,299,1095,52,2.647019165514771,0.9034785106327697
14,1577376000,517,590,73,1107,52,0.21726253093157288,0.928841782985069
14,1577390400,807,580,0,1387,52,-0.5675703643099027,1.520651471205384
14,1577404800,238,247,9,485,52,-0.47081014434862484,-0.38582116727577376
14,1577419200,47,50,3,97,52,-0.5353169576561434,-1.2059003066667817
14,1577433600,206,273,67,479,52,0.15275571762405435,-0.3985028034519234
14,1577448000,495,774,279,1269,52,2.4319964544897092,1.2712459597411083
14,1577462400,648,626,0,1274,52,-0.5675703643099027,1.2818139898878997
14,1577476800,918,669,0,1587,52,-0.5675703643099027,1.9433726770770376
