remote_unit_id,time_stamp,entries,exits,num_people_exited,sum_exit_entry,week_num,z_score_num_people_exited,z_score_sum_exit_entry
105,1546311600,315,112,0,427,1,-0.46181119558931943,-0.7877103988984391
105,1546326000,126,80,0,206,1,-0.46181119558931943,-1.1257063272719279
105,1546340400,105,219,114,324,1,0.18152660030293008,-0.9452379130272597
105,1546354800,393,484,91,877,1,0.051730378324669216,-0.0994833954230092
105,1546369200,695,386,0,1081,1,-0.46181119558931943,0.21251284615251897
105,1546383600,407,233,0,640,1,-0.46181119558931943,-0.4619496172534022
105,1546398000,107,60,0,167,1,-0.46181119558931943,-1.1853526675731318
105,1546412400,60,207,147,267,1,0.3677559622717392,-1.0324133334674808
105,1546426800,506,1067,561,1573,1,2.704087957880435,0.9649743699523222
105,1546441200,687,629,0,1316,1,-0.46181119558931943,0.571920281300799
105,1546455600,1563,547,0,2110,1,-0.46181119558931943,1.7862585940996685
105,1546470000,807,252,0,1059,1,-0.46181119558931943,0.17886619264927575
105,1546484400,166,59,0,225,1,-0.46181119558931943,-1.0966478537918543
105,1546498800,74,216,142,290,1,0.33953939227646507,-0.997237286623181
105,1546513200,563,1234,671,1797,1,3.324852497776465,1.3075584783489806
105,1546527600,771,570,0,1341,1,-0.46181119558931943,0.6101551148272117
105,1546542000,1674,551,0,2225,1,-0.46181119558931943,1.9621388283211671
105,1546556400,877,273,0,1150,1,-0.46181119558931943,0.31804098668541825
105,1546570800,161,67,0,228,1,-0.46181119558931943,-1.0920596737686847
105,1546585200,59,206,147,265,1,0.3677559622717392,-1.0354721201495938
105,1546599600,559,1123,564,1682,1,2.7210178998775993,1.131678244127482
105,1546614000,727,601,0,1328,1,-0.46181119558931943,0.5902730013934772
105,1546628400,1624,695,0,2319,1,-0.46181119558931943,2.105901802380479
105,1546642800,1090,368,0,1458,1,-0.46181119558931943,0.7890941357308235
105,1546657200,335,116,0,451,1,-0.46181119558931943,-0.7510049587130828
105,1546671600,62,46,0,108,1,-0.46181119558931943,-1.275586874695466
105,1546686000,190,343,153,533,1,0.4016158462660681,-0.6255947047464488
105,1546700400,653,506,0,1159,1,-0.46181119558931943,0.3318055267549268
105,1546714800,908,375,0,1283,1,-0.46181119558931943,0.5214503010459342
105,1546729200,674,224,0,898,1,-0.46181119558931943,-0.06736613526082248
105,1546743600,274,83,0,357,1,-0.46181119558931943,-0.8947679327723947
105,1546758000,52,58,6,110,1,-0.4279513115949905,-1.272528088013353
105,1546772400,148,252,104,400,1,0.1250934603123819,-0.8290040191069649
105,1546786800,668,505,0,1173,1,-0.46181119558931943,0.35321703352971795
105,1546801200,1007,324,0,1331,1,-0.46181119558931943,0.5948611814166467
105,1546815600,482,154,0,636,1,-0.46181119558931943,-0.4680671906176283
105,1546830000,102,35,0,137,1,-0.46181119558931943,-1.231234467804827
105,1546844400,69,186,117,255,1,0.19845654230009455,-1.0507660535601588
105,1546858800,611,1231,620,1842,1,3.037043483824669,1.3763811786965237
105,1546873200,681,537,0,1218,1,-0.46181119558931943,0.42203973387726096
105,1546887600,1541,567,0,2108,1,-0.46181119558931943,1.7831998074175555
105,1546902000,916,296,0,1212,1,-0.46181119558931943,0.41286337383092186
105,1546916400,170,74,0,244,2,-0.5117866332426846,-1.1342964216418299
105,1546930800,73,219,146,292,2,0.32542175279016633,-1.067206860688891
105,1546945200,666,1183,517,1849,2,2.4528485419558352,1.109010772722067
105,1546959600,726,523,0,1249,2,-0.5117866332426846,0.2703912608103298
105,1546974000,1656,539,0,2195,2,-0.5117866332426846,1.5926146912578354
105,1546988400,1009,279,0,1288,2,-0.5117866332426846,0.32490152908459274
105,1547002800,155,64,0,219,2,-0.5117866332426846,-1.1692389013048188
105,1547017200,88,230,142,318,2,0.3024845367344718,-1.0308666818393823
105,1547031600,684,1195,511,1879,2,2.4184427178722934,1.1509417483176538
105,1547046000,862,573,0,1435,2,-0.5117866332426846,0.5303633095029684
105,1547060400,1778,669,0,2447,2,-0.5117866332426846,1.944834886260765
105,1547074800,1070,261,0,1331,2,-0.5117866332426846,0.3850025941049339
105,1547089200,170,78,0,248,2,-0.5117866332426846,-1.1287056248957517
105,1547103600,76,224,148,300,2,0.33689036081801366,-1.0560252671967343
105,1547110502,290,173,0,463,2,-0.5117866332426846,-0.8282002997940457
105,1547110875,20,17,0,37,2,-0.5117866332426846,-1.4236201532513793
105,1547118000,642,1280,638,1922,2,3.1466993276405955,1.211042813337995
105,1547132400,773,559,0,1332,2,-0.5117866332426846,0.3864002932914535
105,1547146800,1602,629,0,2231,2,-0.5117866332426846,1.6429318619725397
105,1547161200,977,313,0,1290,2,-0.5117866332426846,0.3276969274576319
105,1547175600,179,73,0,252,2,-0.5117866332426846,-1.1231148281496732
105,1547190000,64,216,152,280,2,0.3598275768737082,-1.0839792509271255
105,1547204400,591,1108,517,1699,2,2.4528485419558352,0.8993558947441327
105,1547218800,884,591,0,1475,2,-0.5117866332426846,0.5862712769637508
105,1547233200,1551,732,0,2283,2,-0.5117866332426846,1.7156122196715569
105,1547247600,866,340,0,1206,2,-0.5117866332426846,0.21029019578998867
105,1547262000,231,98,0,329,2,-0.5117866332426846,-1.0154919907876672
105,1547276400,62,90,28,152,2,-0.35122612085282273,-1.2628847468016295
105,1547290800,264,514,250,778,2,0.9217893702382245,-0.3879250560403838
105,1547305200,820,649,0,1469,2,-0.5117866332426846,0.5778850818446335
105,1547319600,1232,495,0,1727,2,-0.5117866332426846,0.9384914719666804
105,1547334000,723,345,0,1068,2,-0.5117866332426846,0.017407708050289145
105,1547348400,309,110,0,419,2,-0.5117866332426846,-0.8896990640009065
105,1547362800,69,81,12,150,2,-0.4429749850756009,-1.2656801451746686
105,1547377200,165,362,197,527,2,0.6178712575002718,-0.7387475518567939
105,1547391600,670,560,0,1230,2,-0.5117866332426846,0.24383497626645817
105,1547406000,1005,419,0,1424,2,-0.5117866332426846,0.5149886184512532
105,1547420400,519,223,0,742,2,-0.5117866332426846,-0.438242226755088
105,1547434800,92,67,0,159,2,-0.5117866332426846,-1.2531008524959926
105,1547449200,67,210,143,277,2,0.30821884074839545,-1.0881723484866843
105,1547463600,637,1163,526,1800,2,2.5044572780811483,1.0405235125826084
105,1547478000,722,472,0,1194,2,-0.5117866332426846,0.19351780555175394
105,1547492400,1548,577,0,2125,2,-0.5117866332426846,1.494775748201466
105,1547506800,864,246,0,1110,2,-0.5117866332426846,0.07611107388411074
105,1547521200,158,62,0,220,3,-0.5397227006144579,-1.042702754925078
105,1547535600,82,217,135,299,3,0.1816888299098175,-0.9206119287670017
105,1547550000,667,1265,598,1932,3,2.655863190152332,1.6031136296651332
105,1547564400,806,540,0,1346,3,-0.5397227006144579,0.6974778812014277
105,1547578800,1584,616,0,2200,3,-0.5397227006144579,2.0172951665051895
105,1547593200,1069,270,0,1339,3,-0.5397227006144579,0.6866597067317247
105,1547607600,167,60,0,227,3,-0.5397227006144579,-1.0318845804553751
105,1547622000,84,235,151,319,3,0.26718945574973163,-0.8897028588535647
105,1547636400,638,1218,580,1856,3,2.559674986082429,1.4856591639940724
105,1547650800,784,626,0,1410,3,-0.5397227006144579,0.7963869049244263
105,1547665200,1666,647,0,2313,3,-0.5397227006144579,2.191931411516109
105,1547679600,1031,305,0,1336,3,-0.5397227006144579,0.6820233462447092
105,1547694000,126,54,0,180,3,-0.5397227006144579,-1.1045208947519523
105,1547708400,63,210,147,273,3,0.2458142992897531,-0.9607937196544699
105,1547722800,529,1288,759,1817,3,3.5162132376664683,1.4253864776628702
105,1547737200,548,650,102,1198,3,0.005343789114994633,0.4687507638419936
105,1547751600,1344,685,0,2029,3,-0.5397227006144579,1.7530226187453029
105,1547766000,698,304,0,1002,3,-0.5397227006144579,0.1658418786903105
105,1547780400,160,82,0,242,3,-0.5397227006144579,-1.0087027780202973
105,1547794800,58,226,168,284,3,0.3580338707046404,-0.9437937312020795
105,1547809200,517,1104,587,1621,3,2.5970815098873916,1.1224775925111872
105,1547823600,581,601,20,1182,3,-0.43284691831456523,0.44402350791124395
105,1547838000,1190,695,0,1885,3,-0.5397227006144579,1.5304773153685562
105,1547852400,736,296,0,1032,3,-0.5397227006144579,0.2122054835604661
105,1547866800,227,116,0,343,3,-0.5397227006144579,-0.8526119749574402
105,1547881200,61,92,31,153,3,-0.37406523804962427,-1.1462481391350923
105,1547895600,197,379,182,576,3,0.43284691831456523,-0.4925213104658986
105,1547910000,543,531,0,1074,3,-0.5397227006144579,0.2771145303786839
105,1547924400,711,393,0,1104,3,-0.5397227006144579,0.32347813524883945
105,1547938800,434,258,0,692,3,-0.5397227006144579,-0.31324870496796375
105,1547953200,145,98,0,243,3,-0.5397227006144579,-1.0071573245246255
105,1547967600,52,75,23,127,3,-0.41681555096958134,-1.1864299300225603
105,1547982000,118,256,138,374,3,0.19772019725480142,-0.8047029165916127
105,1547996400,401,497,96,898,3,-0.026718945574973164,0.005114715140437864
105,1548010800,521,389,0,910,3,-0.5397227006144579,0.023660157088500094
105,1548025200,301,176,0,477,3,-0.5397227006144579,-0.645521206537412
105,1548039600,87,58,0,145,3,-0.5397227006144579,-1.158611767100467
105,1548054000,35,144,109,179,3,0.04275031291995706,-1.106066348247624
105,1548068400,177,489,312,666,3,1.1275395032638675,-0.3534304958554319
105,1548082800,302,406,104,708,3,0.016031367344983897,-0.2885214490372141
105,1548097200,480,415,0,895,3,-0.5397227006144579,0.00047835465342230694
105,1548111600,278,193,0,471,3,-0.5397227006144579,-0.654793927511443
105,1548126000,68,40,0,108,4,-0.568976435601828,-1.3935259355224068
105,1548140400,53,237,184,290,4,0.4308075330955178,-1.0974283051920863
105,1548154800,495,1161,666,1656,4,3.0498068424005216,1.1249308323420768
105,1548169200,542,578,36,1120,4,-0.37336652868278203,0.2529070419187156
105,1548183600,1191,614,0,1805,4,-0.568976435601828,1.367340430799317
105,1548198000,764,314,0,1078,4,-0.568976435601828,0.18457681953479552
105,1548212400,129,90,0,219,4,-0.568976435601828,-1.2129389192220466
105,1548226800,77,220,143,297,4,0.2080295835488266,-1.0860399347947662
105,1548241200,1026,1274,248,2300,4,0.7785584787293771,2.1726609088955184
105,1548255600,594,616,22,1210,4,-0.44943704804018875,0.3993289470271158
105,1548270000,1270,614,0,1884,4,-0.568976435601828,1.4958663252833573
105,1548284400,913,320,0,1233,4,-0.568976435601828,0.4367478783325959
105,1548298800,180,70,0,250,4,-0.568976435601828,-1.1625047074624864
105,1548313200,55,233,178,288,4,0.39820588194234346,-1.1006821253056063
105,1548327600,519,1157,638,1676,4,2.897665803685708,1.1574690334772768
105,1548342000,540,512,0,1052,4,-0.568976435601828,0.14227715805903546
105,1548356400,1256,655,0,1911,4,-0.568976435601828,1.5397928968158774
105,1548370800,984,317,0,1301,4,-0.568976435601828,0.5473777621922761
105,1548385200,230,74,0,304,4,-0.568976435601828,-1.0746515643974464
105,1548399600,72,279,207,351,4,0.5557805291826861,-0.9981867917297261
105,1548414000,476,1103,627,1579,4,2.8378961099048885,0.9996587579715567
105,1548428400,588,612,24,1200,4,-0.43856983098913066,0.3830598464595158
105,1548442800,1225,689,0,1914,4,-0.568976435601828,1.5446736269861574
105,1548457200,722,337,0,1059,4,-0.568976435601828,0.15366552845635548
105,1548471600,238,138,0,376,4,-0.568976435601828,-0.9575140403107261
105,1548486000,73,102,29,175,4,-0.4114017883614854,-1.2845229617194867
105,1548500400,188,425,237,613,4,0.7187887849485575,-0.5719363568586056
105,1548514800,564,615,51,1179,4,-0.2918624007998462,0.34889473526755577
105,1548529200,855,431,0,1286,4,-0.568976435601828,0.522974111340876
105,1548543600,641,270,0,911,4,-0.568976435601828,-0.08711715994412486
105,1548558000,215,103,0,318,4,-0.568976435601828,-1.0518748236028062
105,1548572400,64,97,33,161,4,-0.38966735425936916,-1.3072997025141266
105,1548586800,158,295,137,453,4,0.1754279323956523,-0.8322419659402059
105,1548601200,480,576,96,1056,4,-0.047350017151038856,0.14878479828607546
105,1548615600,756,366,0,1122,4,-0.568976435601828,0.2561608620322356
105,1548630000,517,216,0,733,4,-0.568976435601828,-0.3767071500474053
105,1548644400,94,50,0,144,4,-0.568976435601828,-1.3349571734790466
105,1548658800,72,236,164,308,4,0.32213536258493675,-1.0681439241704063
105,1548673200,562,1126,564,1688,4,2.495578772796558,1.1769919541583969
105,1548687600,460,574,114,1034,4,0.0504549363084841,0.11299277703735541
105,1548702000,1160,672,0,1832,4,-0.568976435601828,1.4112670023318372
105,1548716400,745,292,0,1037,4,-0.568976435601828,0.11787350720763543
105,1548730800,126,57,0,183,5,-0.6143570767945129,-1.3100368599965742
105,1548745200,68,238,170,306,5,0.19257992252719836,-1.1015191616128455
105,1548759600,556,1252,696,1808,5,2.6893379321931987,1.4447701308453713
105,1548774000,535,584,49,1119,5,-0.38176935346060786,0.2767319667283864
105,1548788400,1340,614,0,1954,5,-0.6143570767945129,1.6922789435610168
105,1548802800,760,296,0,1056,5,-0.6143570767945129,0.16993021877574482
105,1548817200,156,70,0,226,5,-0.6143570767945129,-1.237140428854295
105,1548831600,59,248,189,307,5,0.2827669989219779,-1.0998238957723274
105,1548846000,528,1236,708,1764,5,2.746298190968849,1.370178433862574
105,1548860400,532,554,22,1086,5,-0.5099299357058208,0.22078819399128843
105,1548874800,1216,588,0,1804,5,-0.6143570767945129,1.437989067483299
105,1548889200,685,298,0,983,5,-0.6143570767945129,0.04617581241792204
105,1548903600,105,62,0,167,5,-0.6143570767945129,-1.3371611134448642
105,1548918000,48,214,166,262,5,0.17359316960198162,-1.1761108585956428
105,1548932400,513,1027,514,1540,5,1.8254406740958373,0.990438885586515
105,1548946800,457,531,74,988,5,-0.2631021476780033,0.05465214162051264
105,1548961200,1131,561,0,1692,5,-0.6143570767945129,1.2481192933452694
105,1548975600,666,310,0,976,5,-0.6143570767945129,0.0343089515342952
105,1548990000,152,65,0,217,5,-0.6143570767945129,-1.2523978214189582
105,1549004400,54,209,155,263,5,0.12137959905763561,-1.1744155927551245
105,1549018800,513,1139,626,1652,5,2.357069756001906,1.1803086597245445
105,1549033200,476,567,91,1043,5,-0.18240844774583215,0.14789176284900926
105,1549047600,1027,636,0,1663,5,-0.6143570767945129,1.1989565839702438
105,1549062000,702,355,0,1057,5,-0.6143570767945129,0.17162548461626295
105,1549076400,223,89,0,312,5,-0.6143570767945129,-1.0913475665697367
105,1549090800,64,121,57,185,5,-0.3437958476101744,-1.306646328315538
105,1549105200,183,568,385,751,5,1.2131178922575978,-0.3471258625822819
105,1549119600,635,801,166,1436,5,0.17359316960198162,0.8141312381726306
105,1549134000,925,678,0,1603,5,-0.6143570767945129,1.0972406335391567
105,1549148400,631,397,0,1028,5,-0.6143570767945129,0.12246277524123746
105,1549162800,237,111,0,348,5,-0.6143570767945129,-1.0303179963110844
105,1549177200,90,73,0,163,5,-0.6143570767945129,-1.3439421768069366
105,1549191600,181,421,240,602,5,0.5248480987184913,-0.5997204728194818
105,1549206000,494,771,277,1265,5,0.700475563276746,0.524240779444032
105,1549220400,822,522,0,1344,5,-0.6143570767945129,0.6581667808449635
105,1549234800,435,247,0,682,5,-0.6143570767945129,-0.4640992055780322
105,1549249200,134,69,0,203,5,-0.6143570767945129,-1.276131543186212
105,1549263600,67,250,183,317,5,0.25428686953415275,-1.082871237367146
105,1549278000,525,1193,668,1718,5,2.5564306617166817,1.2921962051987406
105,1549292400,534,529,0,1063,5,-0.6143570767945129,0.18179707965937167
105,1549306800,1232,553,0,1785,5,-0.6143570767945129,1.4057790165134545
105,1549321200,895,326,0,1221,5,-0.6143570767945129,0.4496490824612347
105,1549335600,158,98,0,256,6,-0.5772496176142103,-1.1947759372792965
105,1549350000,65,245,180,310,6,0.2407496574377831,-1.1139594106432407
105,1549355497,203,170,0,373,6,-0.5772496176142103,-1.0196734629011754
105,1549364400,544,1272,728,1816,6,2.7311030059294072,1.1399237210956517
105,1549378800,564,588,24,1152,6,-0.46818304760727786,0.14617976394118648
105,1549393200,1258,660,0,1918,6,-0.5772496176142103,1.2925771602970906
105,1549407600,1018,290,0,1308,6,-0.5772496176142103,0.3796497297786813
105,1549422000,169,93,0,262,6,-0.5772496176142103,-1.1857963232086237
105,1549436400,50,215,165,265,6,0.1725830511834503,-1.1813065161732872
105,1549450800,566,1276,710,1842,6,2.649303078424208,1.1788353820685673
105,1549465200,567,645,78,1212,6,-0.22278326509167984,0.23597590464791526
105,1549479600,1328,597,0,1925,6,-0.5772496176142103,1.3030533767128756
105,1549494000,917,347,0,1264,6,-0.5772496176142103,0.31379922659374687
105,1549508400,145,87,0,232,6,-0.5772496176142103,-1.230694393561988
105,1549522800,57,253,196,310,6,0.3134607041090714,-1.1139594106432407
105,1549537200,571,1256,685,1827,6,2.53569206800032,1.1563863468918851
105,1549551600,901,701,0,1602,6,-0.5772496176142103,0.8196508192416523
105,1549566000,1590,737,0,2327,6,-0.5772496176142103,1.9046875194479582
105,1549580400,969,380,0,1349,6,-0.5772496176142103,0.4410104259282793
105,1549594800,189,109,0,298,6,-0.5772496176142103,-1.1319186387845863
105,1549609200,74,224,150,298,6,0.10441644492911753,-1.1319186387845863
105,1549623600,528,1151,623,1679,6,2.253936762149078,0.9348891998152875
105,1549638000,914,669,0,1583,6,-0.5772496176142103,0.7912153746845215
105,1549652400,1688,760,0,2448,6,-0.5772496176142103,2.0857764032065282
105,1549666800,821,420,0,1241,6,-0.5772496176142103,0.2793773726561675
105,1549681200,234,135,0,369,6,-0.5772496176142103,-1.025659872281624
105,1549695600,64,157,93,221,6,-0.15461665883734704,-1.2471570193582218
105,1549710000,234,590,356,824,6,1.0405711708219545,-0.34470580525559746
105,1549724400,649,767,118,1416,6,-0.04100564841345908,0.5412827830507931
105,1549738800,970,614,0,1584,6,-0.5772496176142103,0.7927119770296337
105,1549753200,657,397,0,1054,6,-0.5772496176142103,-0.0004872658798038438
105,1549767600,261,161,0,422,6,-0.5772496176142103,-0.9463399479906802
105,1549782000,60,117,57,177,6,-0.31821651384774574,-1.3130075225431561
105,1549796400,167,421,254,588,6,0.5770382482924915,-0.697903958702064
105,1549810800,559,760,201,1319,6,0.336182906193849,0.3961123555749149
105,1549825200,750,501,0,1251,6,-0.5772496176142103,0.294343396107289
105,1549839600,508,251,0,759,6,-0.5772496176142103,-0.441984957687887
105,1549854000,84,58,0,142,6,-0.5772496176142103,-1.3653886046220811
105,1549868400,61,215,154,276,6,0.1225942065969396,-1.1648438903770537
105,1549882800,567,1257,690,1824,6,2.558414270085098,1.1518965398565488
105,1549897200,579,541,0,1120,6,-0.5772496176142103,0.09828848889759781
105,1549911600,1235,576,0,1811,6,-0.5772496176142103,1.1324407093700908
105,1549926000,755,327,0,1082,6,-0.5772496176142103,0.04141759978333625
105,1549940400,142,96,0,238,7,-0.5984213851864978,-1.167366650758234
105,1549954800,55,249,194,304,7,0.4154978176622408,-1.058376400185899
105,1549969200,554,1128,574,1682,7,2.401525122211316,1.2172079223698256
105,1549983600,443,498,55,941,7,-0.3109700647912368,-0.006455345419573518
105,1549998000,1145,616,0,1761,7,-0.5984213851864978,1.347665949570045
105,1550012400,687,327,0,1014,7,-0.5984213851864978,0.1140944771831608
105,1550026800,161,105,0,266,7,-0.5984213851864978,-1.1211283626366375
105,1550041200,74,251,177,325,7,0.3266492277218874,-1.0236976840947014
105,1550055600,590,1217,627,1807,7,2.6785236673194768,1.4236288514840967
105,1550070000,621,591,0,1212,7,-0.5984213851864978,0.44106522890016625
105,1550084400,1295,712,0,2007,7,-0.5984213851864978,1.7539023380669303
105,1550098800,895,399,0,1294,7,-0.5984213851864978,0.5764773583991281
105,1550113200,197,109,0,306,7,-0.5984213851864978,-1.0550736653200707
105,1550127600,63,243,180,306,7,0.342328390652538,-1.0550736653200707
105,1550142000,559,1283,724,1842,7,3.185483268743846,1.4814267116360926
105,1550142139,1,2,1,3,7,-0.5931949975429476,-1.5554379974930639
105,1550156400,589,620,31,1209,7,-0.4364033682364416,0.4361111266014237
105,1550170800,1412,737,0,2149,7,-0.5984213851864978,1.9883965135407422
105,1550185200,860,381,0,1241,7,-0.5984213851864978,0.4889548844546771
105,1550199600,252,116,0,368,7,-0.5984213851864978,-0.9526888844793923
105,1550214000,72,223,151,295,7,0.19076314898958224,-1.0732387070821265
105,1550222514,323,213,0,536,7,-0.5984213851864978,-0.6752591557498119
105,1550228400,525,1121,596,1646,7,2.5165056503694205,1.1577586947849154
105,1550242800,628,654,26,1282,7,-0.46253530645419255,0.5566609492041581
105,1550257200,1246,757,0,2003,7,-0.5984213851864978,1.7472968683352736
105,1550271600,843,428,0,1271,7,-0.5984213851864978,0.5384959074421022
105,1550286000,268,183,0,451,7,-0.5984213851864978,-0.8156253875475162
105,1550300400,73,112,39,185,7,-0.39459226708804,-1.2548891247026852
105,1550314800,196,533,337,729,7,1.1628712506899193,-0.3565452411973773
105,1550329200,573,780,207,1353,7,0.48344085702839334,0.673908036941064
105,1550343600,846,673,0,1519,7,-0.5984213851864978,0.9480350308048161
105,1550358000,603,388,0,991,7,-0.5984213851864978,0.07611302622613492
105,1550372400,233,126,0,359,7,-0.5984213851864978,-0.9675511913756197
105,1550386800,77,76,0,153,7,-0.5984213851864978,-1.3077328825559384
105,1550401200,144,397,253,541,7,0.7238546886317025,-0.6670023185852411
105,1550415600,485,693,208,1178,7,0.48866724467194356,0.38491873618108446
105,1550430000,780,547,0,1327,7,-0.5984213851864978,0.6309724836852957
105,1550444400,472,268,0,740,7,-0.5984213851864978,-0.33838019943532144
105,1550458800,143,81,0,224,7,-0.5984213851864978,-1.1904857948190326
105,1550473200,50,139,89,189,7,-0.13327288491053008,-1.2482836549710286
105,1550487600,208,597,389,805,7,1.4346434081545294,-0.23104131629590047
105,1550502000,539,719,180,1258,7,0.342328390652538,0.517028130814218
105,1550516400,897,560,0,1457,7,-0.5984213851864978,0.8456502499641376
105,1550530800,520,289,0,809,7,-0.5984213851864978,-0.2244358465642438
105,1550545200,123,89,0,212,8,-0.6282797147448039,-1.282636641453717
105,1550559600,53,252,199,305,8,0.43488068690669257,-1.1306732195529887
105,1550563352,97,86,0,183,8,-0.6282797147448039,-1.330023084842116
105,1550574000,417,852,435,1269,8,1.6957141280612311,0.444517519288969
105,1550588400,576,636,60,1212,8,-0.307728839875006,0.35137864780142586
105,1550602800,1200,618,0,1818,8,-0.6282797147448039,1.3415919130900424
105,1550617200,774,307,0,1081,8,-0.6282797147448039,0.13732264490900215
105,1550631600,133,82,0,215,8,-0.6282797147448039,-1.2777345955859516
105,1550646000,52,234,182,286,8,0.3440579390269165,-1.1617195100488364
105,1550660400,524,1038,514,1562,8,2.117772779973132,0.9232839990407258
105,1550674800,598,569,0,1167,8,-0.6282797147448039,0.2778479597849444
105,1550689200,1102,563,0,1665,8,-0.6282797147448039,1.0915875738340055
105,1550703600,663,323,0,986,8,-0.6282797147448039,-0.017908807570236423
105,1550718000,111,77,0,188,8,-0.6282797147448039,-1.3218530083958404
105,1550732400,51,201,150,252,8,0.17309747242969092,-1.2172760298835112
105,1550746800,538,1113,575,1651,8,2.443666169424093,1.0687113597844335
105,1550761200,576,661,85,1237,8,-0.17416597534592354,0.3922290300328044
105,1550775600,1200,689,0,1889,8,-0.6282797147448039,1.4576069986271576
105,1550790000,859,394,0,1253,8,-0.6282797147448039,0.4183732746608867
105,1550804400,162,95,0,257,8,-0.6282797147448039,-1.2091059534372355
105,1550818800,59,235,176,294,8,0.31200285153993673,-1.1486473877347951
105,1550833200,507,1055,548,1562,8,2.299418275732684,0.9232839990407258
105,1550847600,623,639,16,1262,8,-0.5427994814461912,0.43307941226418295
105,1550862000,1205,724,0,1929,8,-0.6282797147448039,1.5229676101973633
105,1550876400,796,393,0,1189,8,-0.6282797147448039,0.31379629614855753
105,1551495600,9495,4439,0,13934,9,-0.7498001804081016,4.071156323440655
105,1551510000,51,110,59,161,9,-0.33463449136044576,-0.4694571709919421
105,1551524400,207,538,331,745,9,1.579349702215188,-0.2769269828885052
105,1551538800,554,789,235,1343,9,0.9038258691884937,-0.07978134507025983
105,1551553200,914,742,0,1656,9,-0.7498001804081016,0.02340692355367127
105,1551567600,744,388,0,1132,9,-0.7498001804081016,-0.1493427657720153
105,1551582000,283,161,0,444,9,-0.7498001804081016,-0.3761591517568862
105,1551596400,81,79,0,160,9,-0.7498001804081016,-0.4697868459715713
105,1551610800,171,458,287,629,9,1.2697346120779531,-0.3151692805254892
105,1551625200,523,744,221,1267,9,0.8053119768721007,-0.10483664352207696
105,1551639600,713,538,0,1251,9,-0.7498001804081016,-0.11011144319614373
105,1551654000,352,229,0,581,9,-0.7498001804081016,-0.33099367954768955
105,1551668400,97,67,0,164,9,-0.7498001804081016,-0.4684681460530546
105,1551682800,59,183,124,242,9,0.12275143725137845,-0.44275349764197913
105,1551697200,469,931,462,1400,9,2.5011582660328644,-0.06098987123139697
105,1551711600,424,623,199,1047,9,0.6505044318034833,-0.17736513904049497
105,1551726000,905,586,0,1491,9,-0.7498001804081016,-0.030989448085142247
105,1551740400,599,284,0,883,9,-0.7498001804081016,-0.23143183569967932
105,1551754800,144,73,0,217,10,-0.6157307087057761,-1.1836091938759519
105,1551769200,57,219,162,276,10,0.1260852921320717,-1.092376997094543
105,1551783600,577,1295,718,1872,10,2.6720710727854255,1.3755312412635665
105,1551798000,566,612,46,1178,10,-0.40509159735675754,0.30239319776699514
105,1551812400,1344,654,0,1998,10,-0.6157307087057761,1.5703661021865754
105,1551826800,829,325,0,1154,10,-0.6157307087057761,0.2652817956864221
105,1551841200,161,87,0,248,10,-0.6157307087057761,-1.1356736328552115
105,1551855600,62,200,138,262,10,0.016186625341279442,-1.1140253149748773
105,1551870000,587,1235,648,1822,10,2.351533294645615,1.2982158202623726
105,1551884400,559,693,134,1252,10,-0.0021298191238525994,0.41682002084876213
105,1551898800,1203,680,0,1883,10,-0.6157307087057761,1.3925406338838293
105,1551913200,750,357,0,1107,10,-0.6157307087057761,0.1926052999452998
105,1551927600,143,81,0,224,10,-0.6157307087057761,-1.1727850349357847
105,1551940290,44,139,95,183,10,-0.18071515265889002,-1.2361836801567636
105,1551940382,2,2,0,4,10,-0.6157307087057761,-1.5129728873410377
105,1551942000,43,99,56,142,10,-0.3593004861939274,-1.2995823253777428
105,1551956400,594,1223,629,1817,10,2.2645301834362375,1.2904842781622532
105,1551970800,603,636,33,1239,10,-0.4646200418684367,0.3967180113884517
105,1551985200,1301,726,0,2027,10,-0.6157307087057761,1.6152090463672675
105,1551999600,814,307,0,1121,10,-0.6157307087057761,0.21425361782563407
105,1552014000,199,98,0,297,10,-0.6157307087057761,-1.0599045202740416
105,1552028400,77,216,139,293,10,0.020765736457562453,-1.066089753954137
105,1552042800,537,1267,730,1804,10,2.727020406180822,1.2703822687019428
105,1552057200,636,661,25,1297,10,-0.5012529307987008,0.4864038997498366
105,1552071600,1207,632,0,1839,10,-0.6157307087057761,1.3245030634027786
105,1552086000,767,396,0,1163,10,-0.6157307087057761,0.27919857146663696
105,1552100400,287,190,0,477,10,-0.6157307087057761,-0.7815690046697434
105,1552114800,70,130,60,200,10,-0.3409840417287954,-1.2098964370163576
105,1552129200,210,597,387,807,10,1.156385293295749,-0.2712872260618637
105,1552143600,598,944,346,1542,10,0.9686417375281456,0.8652494626556868
105,1552158000,927,716,0,1643,10,-0.6157307087057761,1.0214266130780985
105,1552172400,679,445,0,1124,10,-0.6157307087057761,0.21889254308570572
105,1552190400,270,115,0,385,10,-0.6157307087057761,-0.9238293793119403
105,1552204800,82,123,41,205,10,-0.4279871529381726,-1.2021648949162382
105,1552219200,168,454,286,622,10,0.6938950705511651,-0.5573542837662812
105,1552233600,525,692,167,1217,10,0.14898084771348674,0.3626992261479264
105,1552248000,673,508,0,1181,10,-0.6157307087057761,0.3070321230270668
105,1552262400,372,235,0,607,10,-0.6157307087057761,-0.5805489100666393
105,1552276800,69,46,0,115,10,-0.6157307087057761,-1.3413326527183873
105,1552291200,154,488,334,642,10,0.9136924041327495,-0.5264281153658036
105,1552305600,519,1127,608,1646,10,2.1683688499942946,1.02606553833817
105,1552320000,723,562,0,1285,10,-0.6157307087057761,0.4678481987095501
105,1552334400,1213,615,0,1828,10,-0.6157307087057761,1.307493670782516
105,1552348800,639,298,0,937,11,-0.7170509923497351,-0.2985997878395785
105,1552363200,83,57,0,140,11,-0.7170509923497351,-1.617766911786002
105,1552377600,150,561,411,711,11,0.9892812698423143,-0.6726672533501077
105,1552392000,575,1072,497,1647,11,1.3463240303009913,0.8765679135430572
105,1552406400,732,595,0,1327,11,-0.7170509923497351,0.34691486503257346
105,1552420800,1271,593,0,1864,11,-0.7170509923497351,1.235738887064229
105,1552435200,655,344,0,999,11,-0.7170509923497351,-0.19597950969067232
105,1552449600,105,69,0,174,11,-0.7170509923497351,-1.5614912753817631
105,1552464000,168,546,378,714,11,0.8522764896663104,-0.6677017560203219
105,1552478400,619,1214,595,1833,11,1.7531867108236698,1.184428747989776
105,1552492800,765,688,0,1453,11,-0.7170509923497351,0.5554657528835765
105,1552507200,1254,631,0,1885,11,-0.7170509923497351,1.2704973683727294
105,1552521600,710,309,0,1019,11,-0.7170509923497351,-0.16287619415876708
105,1552536000,94,78,0,172,11,-0.7170509923497351,-1.5648016069349537
105,1552550400,144,535,391,679,11,0.9062480697356453,-0.725632558201156
105,1552564800,549,1206,657,1755,11,2.010589631154344,1.0553258174153455
105,1552579200,800,591,0,1391,11,-0.7170509923497351,0.45284547473467024
105,1552593600,1327,666,0,1993,11,-0.7170509923497351,1.4492552722450176
105,1552608000,739,421,0,1160,11,-0.7170509923497351,0.0705021803411648
105,1552622400,139,88,0,227,11,-0.7170509923497351,-1.4737674892222143
105,1552636800,151,516,365,667,11,0.7983049095969755,-0.7454945475202992
105,1552651200,532,1141,609,1673,11,1.8113099508983384,0.9196022237345339
105,1552665600,773,670,0,1443,11,-0.7170509923497351,0.5389140951176238
105,1552680000,1202,765,0,1967,11,-0.7170509923497351,1.4062209620535409
105,1552694400,763,385,0,1148,11,-0.7170509923497351,0.050640191022021656
105,1552708800,205,136,0,341,11,-0.7170509923497351,-1.2850785906903543
105,1552723200,83,263,180,346,11,0.03024780861028656,-1.276802761807378
105,1552737600,297,1094,797,1391,11,2.5918220319010272,0.45284547473467024
105,1552752000,851,1219,368,2070,11,0.8107598896129758,1.5767030370428528
105,1552766400,956,957,1,1913,11,-0.7128993323444017,1.3168420101173968
105,1552780800,593,553,0,1146,11,-0.7170509923497351,0.047329859468831136
105,1552795200,209,113,0,322,11,-0.7170509923497351,-1.3165267404456644
105,1552809600,76,180,104,256,11,-0.28527835179505595,-1.4257676817009517
105,1552824000,276,810,534,1086,11,1.4999354504983293,-0.05198008712688456
105,1552838400,563,1011,448,1574,11,1.142892690039652,0.7557408118516031
105,1552852800,699,721,22,1420,11,-0.6257144722323992,0.5008452822559328
105,1552867200,360,353,0,713,11,-0.7170509923497351,-0.6693569217969171
105,1552881600,53,82,29,135,11,-0.5966528521950649,-1.6260427406689784
105,1552896000,131,493,362,624,11,0.7858499295809752,-0.8166666759138954
105,1552910400,558,1064,506,1622,11,1.3836889703489925,0.8351887691281756
105,1552924800,655,585,0,1240,11,-0.7170509923497351,0.20291544246878573
105,1552939200,1137,617,0,1754,11,-0.7170509923497351,1.0536706516387502
105,1552953600,651,277,0,928,12,-0.5165771667564845,0.4217344129991061
105,1552968000,100,79,0,179,12,-0.5165771667564845,-0.6975655994218882
105,1552982400,156,561,405,717,12,1.5043992182887824,0.10641758707009433
105,1552996800,543,1082,539,1625,12,2.1730679481556114,1.4633260133428083
105,1553011200,651,577,0,1228,12,-0.5165771667564845,0.870052174983483
105,1553025600,1203,536,0,1739,12,-0.5165771667564845,1.6336867628968716
105,1553040000,680,288,0,968,12,-0.5165771667564845,0.481510114597023
105,1553054400,135,81,0,216,12,-0.5165771667564845,-0.6422730754438151
105,1553068800,154,560,406,714,12,1.5093892834370424,0.10193440945025056
105,1553083200,554,1125,571,1679,12,2.332750032899929,1.5440232104999962
105,1553097600,674,609,0,1283,12,-0.5165771667564845,0.9522437646806187
105,1553112000,1211,601,0,1812,12,-0.5165771667564845,1.74277741831307
105,1553126400,726,273,0,999,12,-0.5165771667564845,0.5278362833354086
105,1553140800,140,87,0,227,12,-0.5165771667564845,-0.6258347575043879
105,1553155200,159,524,365,683,12,1.3047966123583856,0.05560824071186495
105,1553169600,518,1167,649,1685,12,2.7219751144642026,1.5529895657396837
105,1553184000,677,606,0,1283,12,-0.5165771667564845,0.9522437646806187
105,1553198400,1087,603,0,1690,12,-0.5165771667564845,1.5604615284394234
105,1553212800,649,340,0,989,12,-0.5165771667564845,0.5128923579359294
105,1553227200,145,65,0,210,12,-0.5165771667564845,-0.6512394306835027
105,1553241600,130,493,363,623,12,1.2948164820618657,-0.03405531168501043
105,1553256000,490,1092,602,1582,12,2.4874420524959864,1.3990671341250476
105,1553262975,245,309,64,554,12,-0.19721299726784972,-0.1371683969414171
105,1553270400,418,345,0,763,12,-0.5165771667564845,0.17515964390769878
105,1553284800,1109,780,0,1889,12,-0.5165771667564845,1.85784564388906
105,1553299200,699,424,0,1123,12,-0.5165771667564845,0.7131409582889511
105,1553313600,206,144,0,350,12,-0.5165771667564845,-0.4420244750907934
105,1553328000,79,240,161,319,12,0.28682332211336237,-0.488350643829179
105,1553342400,300,987,687,1287,12,2.9115975900980797,0.9582213348404104
105,1553356800,689,1128,439,1817,12,1.6740614333296195,1.7502493810128095
105,1553371200,898,1028,130,1926,12,0.1321313025173049,1.913138167867133
105,1553385600,696,537,0,1233,12,-0.5165771667564845,0.8775241376832226
105,1553400000,201,128,0,329,12,-0.5165771667564845,-0.4734067184296998
105,1553414400,71,171,100,242,12,-0.01757065193049265,-0.6034188694051691
105,1553428800,276,769,493,1045,12,1.9435249513356552,0.596578340173013
105,1553443200,623,1019,396,1642,12,1.4594886319544431,1.488730686521923
105,1553457600,759,717,0,1476,12,-0.5165771667564845,1.240661524890568
105,1553472000,462,271,0,733,12,-0.5165771667564845,0.1303278677092611
105,1553486400,74,68,0,142,12,-0.5165771667564845,-0.7528581233999614
105,1553500800,147,543,396,690,12,1.4594886319544431,0.0660689884915004
105,1553515200,515,1098,583,1613,12,2.392630814679048,1.4453933028634334
105,1553529600,666,630,0,1296,12,-0.5165771667564845,0.9716708676999417
105,1553544000,1176,607,0,1783,12,-0.5165771667564845,1.6994400346545802
105,1553545596,88,46,0,134,12,-0.5165771667564845,-0.7648132637195447
105,1553546152,28,16,0,44,12,-0.5165771667564845,-0.8993085923148578
105,1553546234,5,1,0,6,12,-0.5165771667564845,-0.9560955088328789
105,1553546315,6,1,0,7,12,-0.5165771667564845,-0.954601116292931
105,1553546397,8,3,0,11,12,-0.5165771667564845,-0.9486235461331393
105,1553546477,5,6,1,11,12,-0.5115871016082246,-0.9486235461331393
105,1553546558,6,2,0,8,12,-0.5165771667564845,-0.953106723752983
105,1553546638,6,2,0,8,12,-0.5165771667564845,-0.953106723752983
105,1553546726,5,1,0,6,12,-0.5165771667564845,-0.9560955088328789
105,1553546807,5,4,0,9,12,-0.5165771667564845,-0.9516123312130351
105,1553546887,8,2,0,10,12,-0.5165771667564845,-0.9501179386730871
105,1553546967,7,2,0,9,12,-0.5165771667564845,-0.9516123312130351
105,1553547047,5,1,0,6,12,-0.5165771667564845,-0.9560955088328789
105,1553547127,3,1,0,4,12,-0.5165771667564845,-0.9590842939127747
105,1553547207,8,0,0,8,12,-0.5165771667564845,-0.953106723752983
105,1553547287,7,3,0,10,12,-0.5165771667564845,-0.9501179386730871
105,1553547368,4,1,0,5,12,-0.5165771667564845,-0.9575899013728268
105,1553547448,5,5,0,10,12,-0.5165771667564845,-0.9501179386730871
105,1553547528,4,1,0,5,12,-0.5165771667564845,-0.9575899013728268
105,1553547608,5,1,0,6,12,-0.5165771667564845,-0.9560955088328789
105,1553547688,5,1,0,6,12,-0.5165771667564845,-0.9560955088328789
105,1553547768,5,1,0,6,12,-0.5165771667564845,-0.9560955088328789
105,1553547848,4,1,0,5,12,-0.5165771667564845,-0.9575899013728268
105,1553547929,7,3,0,10,12,-0.5165771667564845,-0.9501179386730871
105,1553548010,6,0,0,6,12,-0.5165771667564845,-0.9560955088328789
105,1553548093,5,1,0,6,12,-0.5165771667564845,-0.9560955088328789
105,1553548173,7,1,0,8,12,-0.5165771667564845,-0.953106723752983
105,1553550247,132,44,0,176,12,-0.5165771667564845,-0.702048777041732
105,1553558400,292,140,0,432,13,-0.6374047281646471,-1.0310087239361954
105,1553572800,103,52,0,155,13,-0.6374047281646471,-1.5020008115112413
105,1553587200,154,517,363,671,13,0.9672637800252817,-0.6246292693136827
105,1553601600,522,1171,649,1693,13,2.2315480592052257,1.1131104906202414
105,1553616000,703,537,0,1240,13,-0.6374047281646471,0.3428598925281987
105,1553630400,1251,663,0,1914,13,-0.6374047281646471,1.4888839612126066
105,1553644800,708,302,0,1010,13,-0.6374047281646471,-0.04821657007924019
105,1553659200,131,66,0,197,13,-0.6374047281646471,-1.4305868487742308
105,1553673600,136,466,330,602,13,0.8213848247352882,-0.7419522080959144
105,1553688000,535,1316,781,1851,13,2.8150638803652,1.3817630171070907
105,1553702400,665,631,0,1296,13,-0.6374047281646471,0.43807850951087945
105,1553716800,1208,614,0,1822,13,-0.6374047281646471,1.332453376169631
105,1553731200,765,317,0,1082,13,-0.6374047281646471,0.07420736604134938
105,1553745600,136,43,0,179,13,-0.6374047281646471,-1.4611928328043782
105,1553760000,143,512,369,655,13,0.9937872264416442,-0.6518345884515915
105,1553774400,559,1215,656,1774,13,2.262492080024315,1.2508374187559046
105,1553788800,722,713,0,1435,13,-0.6374047281646471,0.6744247195214621
105,1553803200,1265,783,0,2048,13,-0.6374047281646471,1.7167285089925928
105,1553817600,796,344,0,1140,13,-0.6374047281646471,0.17282664791626876
105,1553832000,155,69,0,224,13,-0.6374047281646471,-1.3846778727290097
105,1553846400,123,523,400,646,13,1.1308250329261835,-0.6671375804666653
105,1553860800,542,1043,501,1585,13,1.5773030476016183,0.929474586439357
105,1553875200,777,687,0,1464,13,-0.6374047281646471,0.7237343604589218
105,1553889600,1236,683,0,1919,13,-0.6374047281646471,1.497385623443203
105,1553904000,739,330,0,1069,13,-0.6374047281646471,0.05210304424179848
105,1553918400,209,79,0,288,13,-0.6374047281646471,-1.2758565961773745
105,1553932800,76,215,139,291,13,-0.02294488618558346,-1.2707555988390165
105,1553947200,269,753,484,1022,13,1.502153282755258,-0.027812580725808597
105,1553961600,787,769,0,1556,13,-0.6374047281646471,0.8801649455018974
105,1553976000,976,577,0,1553,13,-0.6374047281646471,0.8750639481635395
105,1553990400,764,359,0,1123,13,-0.6374047281646471,0.14392099633224065
105,1554004800,235,67,0,302,13,-0.6374047281646471,-1.2520519419317042
105,1554019200,67,142,75,209,13,-0.3058616479601164,-1.410182859420799
105,1554033600,327,552,225,879,13,0.35722451244894515,-0.27096012052086843
105,1554048000,556,742,186,1298,13,0.18482211074258914,0.44147917440311807
105,1554062400,623,471,0,1094,13,-0.6374047281646471,0.09461135539478097
105,1554076800,396,197,0,593,13,-0.6374047281646471,-0.7572552001109881
105,1554091200,68,36,0,104,13,-0.6374047281646471,-1.5887177662633256
105,1554105600,158,494,336,652,13,0.8479082711516507,-0.6569355857899494
105,1554120000,547,1109,562,1656,13,1.84695808616797,1.0501981901138273
105,1554134400,612,549,0,1161,13,-0.6374047281646471,0.20853362928477404
105,1554148800,1177,550,0,1727,13,-0.6374047281646471,1.1709217937882976
105,1554163200,660,257,0,917,14,-0.5325833551595287,0.1478359752899192
105,1554177600,66,44,0,110,14,-0.5325833551595287,-1.0857669014382911
105,1554192000,156,565,409,721,14,1.4714829572135881,-0.15177513231693238
105,1554206400,523,1199,676,1722,14,2.7797609655354023,1.3783815958180596
105,1554220800,727,590,0,1317,14,-0.5325833551595287,0.759287215303902
105,1554235200,1301,641,0,1942,14,-0.5325833551595287,1.7146797778257503
105,1554249600,671,267,0,938,14,-0.5325833551595287,0.1799371653906533
105,1554264000,78,51,0,129,14,-0.5325833551595287,-1.0567229675376268
105,1554278400,148,568,420,716,14,1.5253820511893932,-0.15941827281710716
105,1554292800,585,1138,553,1723,14,2.1770710965332185,1.3799102239180945
105,1554307200,719,601,0,1320,14,-0.5325833551595287,0.7638730996040068
105,1554321600,1312,628,0,1940,14,-0.5325833551595287,1.7116225216256804
105,1554336000,749,338,0,1087,14,-0.5325833551595287,0.4077027522958619
105,1554350400,83,60,0,143,14,-0.5325833551595287,-1.0353221741371375
105,1554364800,157,498,341,655,14,1.1382885580904294,-0.25266458691923954
105,1554379200,552,1211,659,1763,14,2.6964623657546127,1.4410553479194927
105,1554393600,687,681,0,1368,14,-0.5325833551595287,0.8372472484056848
105,1554408000,1317,778,0,2095,14,-0.5325833551595287,1.9485598771310988
105,1554409875,132,58,0,190,14,-0.5325833551595287,-0.9634766534354946
105,1554409955,10,2,0,12,14,-0.5325833551595287,-1.2355724552417169
105,1554410075,6,10,4,16,14,-0.5129836846228722,-1.229457942841577
105,1554410155,5,4,0,9,14,-0.5325833551595287,-1.2401583395418219
105,1554410235,7,2,0,9,14,-0.5325833551595287,-1.2401583395418219
105,1554410315,9,3,0,12,14,-0.5325833551595287,-1.2355724552417169
105,1554410414,10,2,0,12,14,-0.5325833551595287,-1.2355724552417169
105,1554410515,8,2,0,10,14,-0.5325833551595287,-1.2386297114417868
105,1554410603,7,2,0,9,14,-0.5325833551595287,-1.2401583395418219
105,1554410681,4,2,0,6,14,-0.5325833551595287,-1.2447442238419266
105,1554422400,609,242,0,851,14,-0.5325833551595287,0.04694652068761203
105,1554436800,98,76,0,174,14,-0.5325833551595287,-0.9879347030360539
105,1554451200,134,537,403,671,14,1.4420834514086036,-0.22820653731868024
105,1554465600,527,1107,580,1634,14,2.309368872655649,1.2438623230149835
105,1554480000,686,628,0,1314,14,-0.5325833551595287,0.7547013310037971
105,1554494400,1131,692,0,1823,14,-0.5325833551595287,1.5327730339215901
105,1554508800,609,342,0,951,14,-0.5325833551595287,0.19980933069110773
105,1554523200,180,72,0,252,14,-0.5325833551595287,-0.8687017112333272
105,1554537600,69,180,111,249,14,0.011307502232686378,-0.873287595533432
105,1554552000,291,490,199,781,14,0.4425002540391271,-0.06005744631483496
105,1554566400,691,578,0,1269,14,-0.5325833551595287,0.6859130665022241
105,1554580800,824,500,0,1324,14,-0.5325833551595287,0.7699876120041467
105,1554595200,642,305,0,947,14,-0.5325833551595287,0.1936948182909679
105,1554609600,215,57,0,272,14,-0.5325833551595287,-0.838129149232628
105,1554624000,69,132,63,201,14,-0.2238885442071904,-0.9466617443351101
105,1554638400,234,427,193,661,14,0.41310074823414256,-0.2434928183190298
105,1554652800,528,584,56,1112,14,-0.2581879676463391,0.4459184547967358
105,1554667200,712,419,0,1131,14,-0.5325833551595287,0.4749623886974
105,1554681600,399,191,0,590,14,-0.5325833551595287,-0.3520254134215117
105,1554696000,67,51,0,118,14,-0.5325833551595287,-1.0735378766380115
105,1554710400,153,499,346,652,14,1.16278814626125,-0.2572504712193444
105,1554724800,537,1176,639,1713,14,2.5984640130713306,1.364623942917745
105,1554739200,705,567,0,1272,14,-0.5325833551595287,0.6904989508023289
105,1554753600,1225,577,0,1802,14,-0.5325833551595287,1.5006718438208562
105,1554768000,613,282,0,895,15,-0.6845865760631673,-0.29493332544005896
105,1554782400,77,60,0,137,15,-0.6845865760631673,-1.5661893975643095
105,1554796800,181,578,397,759,15,1.1339249054211804,-0.5230214861378137
105,1554811200,571,1107,536,1678,15,1.770632955613433,1.0182507174006907
105,1554825600,733,604,0,1337,15,-0.6845865760631673,0.4463531968276439
105,1554840000,1289,742,0,2031,15,-0.6845865760631673,1.6102736639176571
105,1554854400,713,279,0,992,15,-0.6845865760631673,-0.13225279906004273
105,1554868800,81,48,0,129,15,-0.6845865760631673,-1.5796063481935894
105,1554883200,148,540,392,688,15,1.1110217381480778,-0.642096922972671
105,1554897600,561,1242,681,1803,15,2.434824806533409,1.227890570983186
105,1554912000,750,630,0,1380,15,-0.6845865760631673,0.5184693064600223
105,1554926400,1327,637,0,1964,15,-0.6845865760631673,1.4979067023974397
105,1554940800,759,344,0,1103,15,-0.6845865760631673,0.05390739092121299
105,1554955200,86,52,0,138,15,-0.6845865760631673,-1.5645122787356496
105,1554969600,174,517,343,691,15,0.8865706988716722,-0.6370655664866911
105,1554984000,572,1194,622,1766,15,2.164567432710798,1.1658371743227673
105,1554998400,738,648,0,1386,15,-0.6845865760631673,0.528532019431982
105,1555012800,1393,732,0,2125,15,-0.6845865760631673,1.7679228338116935
105,1555027200,743,268,0,1011,15,-0.6845865760631673,-0.10038754131550345
105,1555041600,116,56,0,172,15,-0.6845865760631673,-1.507490238561211
105,1555056000,129,480,351,609,15,0.9232157665086363,-0.7745893104368079
105,1555070400,537,1029,492,1566,15,1.56908508361013,0.8304134085907751
105,1555084800,765,547,0,1312,15,-0.6845865760631673,0.4044252261111449
105,1555099200,1116,709,0,1825,15,-0.6845865760631673,1.2647871852137051
105,1555113600,615,361,0,976,15,-0.6845865760631673,-0.1590867003186021
105,1555128000,175,93,0,268,15,-0.6845865760631673,-1.3464868310098548
105,1555142400,66,250,184,316,15,0.15824997958700898,-1.2659851272341764
105,1555156800,274,831,557,1105,15,1.866826258160464,0.05726162857853291
105,1555171200,704,865,161,1569,15,0.05289541013073694,0.8354447650767549
105,1555185600,935,861,0,1796,15,-0.6845865760631673,1.216150739182566
105,1555200000,717,477,0,1194,15,-0.6845865760631673,0.20652520432926946
105,1555214400,221,121,0,342,15,-0.6845865760631673,-1.2223800376890175
105,1555228800,93,158,65,251,15,-0.38684540151283325,-1.374997851097074
105,1555243200,228,677,449,905,15,1.3721178450614475,-0.27816213715345933
105,1555257600,577,754,177,1331,15,0.1261855454046653,0.43629048385568414
105,1555272000,717,538,0,1255,15,-0.6845865760631673,0.3088294528775271
105,1555286400,429,293,0,722,15,-0.6845865760631673,-0.5850748827982323
105,1555300800,82,51,0,133,15,-0.6845865760631673,-1.5728978728789496
105,1555315200,136,466,330,602,15,0.8270224639616053,-0.7863291422374277
105,1555329600,547,1087,540,1634,15,1.788955489431915,0.9444574889396524
105,1555344000,690,558,0,1248,15,-0.6845865760631673,0.2970896210769074
105,1555358400,1190,642,0,1832,15,-0.6845865760631673,1.2765270170143248
105,1555372800,539,236,0,775,16,-0.6345120261713421,-0.3632329826992302
105,1555387200,86,52,0,138,16,-0.6345120261713421,-1.4760161292851919
105,1555401600,147,544,397,691,16,1.3961700322511066,-0.5099736174138625
105,1555416000,568,1149,581,1717,16,2.3373425731824176,1.2823584208862895
105,1555430400,764,655,0,1419,16,-0.6345120261713421,0.7617785501129509
105,1555444800,1308,660,0,1968,16,-0.6345120261713421,1.720833412712155
105,1555459200,713,252,0,965,16,-0.6345120261713421,-0.031319642273276146
105,1555473600,93,64,0,157,16,-0.6345120261713421,-1.4428247952425965
105,1555488000,159,562,403,721,16,1.426860441194519,-0.4575662478729224
105,1555502400,575,1147,572,1722,16,2.291306959767299,1.291092982476446
105,1555516800,815,624,0,1439,16,-0.6345120261713421,0.7967167964735776
105,1555531200,1333,668,0,2001,16,-0.6345120261713421,1.7784815192071892
105,1555545600,743,297,0,1040,16,-0.6345120261713421,0.09969878157907414
105,1555560000,103,72,0,175,16,-0.6345120261713421,-1.4113803735180326
105,1555574400,159,512,353,671,16,1.1711070333327496,-0.5449118637744893
105,1555588800,579,1152,573,1731,16,2.2964220279245344,1.3068151933387282
105,1555603200,753,660,0,1413,16,-0.6345120261713421,0.7512970762047629
105,1555617600,1400,593,0,1993,16,-0.6345120261713421,1.7645062206629385
105,1555632000,860,269,0,1129,16,-0.6345120261713421,0.25517397788386315
105,1555646400,134,64,0,198,16,-0.6345120261713421,-1.3712013902033118
105,1555660800,86,427,341,513,16,1.1097262154459249,-0.8209240100234405
105,1555675200,453,917,464,1370,16,1.7388795987858774,0.6761798465294154
105,1555689600,750,676,0,1426,16,-0.6345120261713421,0.7740069363391703
105,1555704000,1024,559,0,1583,16,-0.6345120261713421,1.0482721702700901
105,1555718400,620,288,0,908,16,-0.6345120261713421,-0.13089364440106235
105,1555732800,168,68,0,236,16,-0.6345120261713421,-1.3048187221181209
105,1555747200,62,165,103,227,16,-0.1076600059760972,-1.320540932980403
105,1555761600,223,525,302,748,16,0.9102385573137448,-0.4103996152860763
105,1555776000,591,641,50,1232,16,-0.3787586183095727,0.43510594664109087
105,1555790400,625,588,0,1213,16,-0.6345120261713421,0.4019146125984955
105,1555804800,529,330,0,859,16,-0.6345120261713421,-0.21649234798459788
105,1555819200,161,70,0,231,16,-0.6345120261713421,-1.3135532837082775
105,1555833600,62,108,46,170,16,-0.39921889093851426,-1.4201149351081892
105,1555848000,271,475,204,746,16,0.40896187790467686,-0.413893439922139
105,1555862400,485,516,31,1001,16,-0.475944913297045,0.03156920117585199
105,1555876800,601,422,0,1023,16,-0.6345120261713421,0.07000127217254141
105,1555891200,379,259,0,638,16,-0.6345120261713421,-0.6025599702695233
105,1555905600,62,44,0,106,16,-0.6345120261713421,-1.5319173234621948
105,1555920000,120,412,292,532,16,0.8590878757413909,-0.7877326759808452
105,1555934400,506,1004,498,1510,16,1.9127919161318805,0.9207475710538026
105,1555948800,622,587,0,1209,16,-0.6345120261713421,0.3949269633263701
105,1555963200,1134,605,0,1739,16,-0.6345120261713421,1.3207904918829787
105,1555977600,572,300,0,872,17,-0.5859179834539654,-0.21171782909843873
105,1555992000,93,75,0,168,17,-0.5859179834539654,-1.4299505077656
105,1556006400,153,470,317,623,17,1.0255929189796509,-0.6425984214111137
105,1556020800,547,1086,539,1633,17,2.154158913743887,1.1051501658812626
105,1556035200,672,613,0,1285,17,-0.5859179834539654,0.5029556031310181
105,1556049600,1268,653,0,1921,17,-0.5859179834539654,1.603518079881465
105,1556064000,654,291,0,945,17,-0.5859179834539654,-0.08539540645255411
105,1556078400,119,57,0,176,17,-0.5859179834539654,-1.4161069545989278
105,1556092800,144,442,298,586,17,0.9290039374457749,-0.706624854806973
105,1556107200,524,1114,590,1638,17,2.4134240747032387,1.1138023866104327
105,1556121600,712,585,0,1297,17,-0.5859179834539654,0.5237209328810265
105,1556136000,1341,633,0,1974,17,-0.5859179834539654,1.6952316196106687
105,1556150400,738,326,0,1064,17,-0.5859179834539654,0.12052744690169616
105,1556164800,125,55,0,180,17,-0.5859179834539654,-1.4091851780155915
105,1556179200,151,443,292,594,17,0.8985021538034982,-0.6927813016403007
105,1556193600,528,1121,593,1649,17,2.428674966524377,1.1328372722146072
105,1556208000,791,640,0,1431,17,-0.5859179834539654,0.7556004484227873
105,1556222400,1280,671,0,1951,17,-0.5859179834539654,1.655431404256486
105,1556236800,710,385,0,1095,17,-0.5859179834539654,0.17417121542255126
105,1556251200,155,70,0,225,17,-0.5859179834539654,-1.3313151914530599
105,1556265600,139,382,243,521,17,0.6494042540582389,-0.8191037242861853
105,1556280000,524,1049,525,1573,17,2.0829880852452414,1.0013235171312205
105,1556294400,717,585,0,1302,17,-0.5859179834539654,0.5323731536101967
105,1556308800,1080,635,0,1715,17,-0.5859179834539654,1.2470465858396536
105,1556323200,645,266,0,911,17,-0.5859179834539654,-0.14423050741091134
105,1556337600,182,90,0,272,17,-0.5859179834539654,-1.2499843165988602
105,1556352000,74,213,139,287,17,0.12070667092544365,-1.2240276544113498
105,1556366400,395,624,229,1019,17,0.5782334255595935,0.042657460339164545
105,1556380800,805,691,0,1496,17,-0.5859179834539654,0.8680793179019997
105,1556395200,887,596,0,1483,17,-0.5859179834539654,0.8455835440061572
105,1556409600,744,325,0,1069,17,-0.5859179834539654,0.12917966763086633
105,1556424000,197,94,0,291,17,-0.5859179834539654,-1.2171058778280135
105,1556438400,79,158,79,237,17,-0.18431116549732285,-1.3105498617030515
105,1556452800,337,530,193,867,17,0.39522272370593353,-0.2203700498276089
105,1556467200,586,464,0,1050,17,-0.5859179834539654,0.09630122886001966
105,1556481600,644,459,0,1103,17,-0.5859179834539654,0.18801476858922356
105,1556496000,415,218,0,633,17,-0.5859179834539654,-0.6252939799527732
105,1556510400,58,35,0,93,17,-0.5859179834539654,-1.5597338187031526
105,1556522917,78,310,232,388,17,0.5934843173807317,-1.049252795682112
105,1556524800,155,159,4,314,17,-0.5655834610257809,-1.1773056624738307
105,1556539200,501,1184,683,1685,17,2.886201721158527,1.1951332614646324
105,1556553600,699,562,0,1261,17,-0.5859179834539654,0.4614249436310012
105,1556568000,1246,634,0,1880,17,-0.5859179834539654,1.5325698699022694
105,1556582400,609,323,0,932,18,-0.7128010834421593,-0.31231925604436905
105,1556596800,93,77,0,170,18,-0.7128010834421593,-1.566612827439022
105,1556611200,155,586,431,741,18,0.9946390664149226,-0.6267156761708503
105,1556625600,546,1246,700,1792,18,2.060303568297881,1.1032876618026146
105,1556640000,763,547,0,1310,18,-0.7128010834421593,0.3098893659860494
105,1556654400,1328,573,0,1901,18,-0.7128010834421593,1.2827076083669418
105,1556668800,691,396,0,1087,18,-0.7128010834421593,-0.05718079992078477
105,1556683200,91,78,0,169,18,-0.7128010834421593,-1.5682588819946581
105,1556697600,157,571,414,728,18,0.9272922391583788,-0.6481143853941187
105,1556712000,517,1295,778,1812,18,2.3693066580632,1.1362087529153353
105,1556726400,709,606,0,1315,18,-0.7128010834421593,0.3181196387642295
105,1556740800,1235,746,0,1981,18,-0.7128010834421593,1.4143919728178238
105,1556755200,760,346,0,1106,18,-0.7128010834421593,-0.02590576336370025
105,1556769600,106,73,0,179,18,-0.7128010834421593,-1.551798336438298
105,1556784000,160,594,434,754,18,1.0065238006366657,-0.605316966947582
105,1556798400,554,1236,682,1790,18,1.9889951629674227,1.0999955526913425
105,1556812800,808,677,0,1485,18,-0.7128010834421593,0.5979489132223542
105,1556827200,1353,806,0,2159,18,-0.7128010834421593,1.7073896837210367
105,1556841600,683,414,0,1097,18,-0.7128010834421593,-0.040720254364424495
105,1556856000,131,74,0,205,18,-0.7128010834421593,-1.5090009179917612
105,1556870400,148,525,377,673,18,0.7807138504235481,-0.7386473859541002
105,1556884800,497,1127,630,1624,18,1.7829931031238768,0.826750496455762
105,1556899200,739,658,0,1397,18,-0.7128010834421593,0.4530961123263838
105,1556913600,1298,703,0,2001,18,-0.7128010834421593,1.4473130639305445
105,1556928000,712,431,0,1143,18,-0.7128010834421593,0.034998255194832774
105,1556942400,210,101,0,311,18,-0.7128010834421593,-1.3345191350943422
105,1556956800,91,282,191,373,18,0.04386032867548028,-1.2324637526449085
105,1556971200,311,940,629,1251,18,1.7790315250499624,0.21277214720352375
105,1556985600,725,1092,367,1817,18,0.7410980696844047,1.1444390256935153
105,1557000000,997,917,0,1914,18,-0.7128010834421593,1.3041063175902101
105,1557014400,792,557,0,1349,18,-0.7128010834421593,0.3740854936558545
105,1557028800,201,146,0,347,18,-0.7128010834421593,-1.2752611710914452
105,1557043200,73,181,108,254,18,-0.28495065145941023,-1.4283442447655958
105,1557057600,252,753,501,1005,18,1.2719495315889267,-0.19215727348293904
105,1557072000,563,911,348,1474,18,0.6658280862800322,0.5798423131103579
105,1557086400,606,646,40,1252,18,-0.5543379604855856,0.21441820175915977
105,1557100800,350,291,0,641,18,-0.7128010834421593,-0.7913211317344531
105,1557115200,56,59,3,115,18,-0.7009163492204162,-1.6571458279990037
105,1557129600,134,519,385,653,18,0.8124064750148628,-0.7715684770668207
105,1557144000,552,1091,539,1643,18,1.4224894983976717,0.8580255330128466
105,1557158400,781,556,0,1337,18,-0.7128010834421593,0.3543328389882221
105,1557172800,1217,609,0,1826,18,-0.7128010834421593,1.1592535166942397
105,1557187200,631,268,0,899,19,-0.6415557106975625,-0.22975151760147194
105,1557201600,85,41,0,126,19,-0.6415557106975625,-1.5292485159376015
105,1557216000,161,560,399,721,19,1.1177620114215263,-0.5289888600385109
105,1557230400,523,1296,773,1819,19,2.766846793558216,1.3168684545450213
105,1557244800,761,622,0,1383,19,-0.6415557106975625,0.5839050764408136
105,1557259200,1312,725,0,2037,19,-0.6415557106975625,1.683350143597125
105,1557273600,763,268,0,1031,19,-0.6415557106975625,-0.007845173771757702
105,1557288000,92,61,0,153,19,-0.6415557106975625,-1.4838585819724326
105,1557302400,169,520,351,689,19,0.9061147666553202,-0.5827843373305628
105,1557316800,554,1211,657,1765,19,2.2553659520398845,1.2260885866146836
105,1557331200,785,710,0,1495,19,-0.6415557106975625,0.7721892469629954
105,1557345600,1293,685,0,1978,19,-0.6415557106975625,1.5841647323399042
105,1557360000,846,300,0,1146,19,-0.6415557106975625,0.18548232274655393
105,1557374400,93,60,0,153,19,-0.6415557106975625,-1.4838585819724326
105,1557388800,161,589,428,750,19,1.2456322218011093,-0.4802367087425888
105,1557403200,532,1132,600,1664,19,2.0040348488800146,1.0562966114116448
105,1557417600,823,647,0,1470,19,-0.6415557106975625,0.7301615303285798
105,1557432000,1381,657,0,2038,19,-0.6415557106975625,1.6850312522625017
105,1557446400,737,337,0,1074,19,-0.6415557106975625,0.06444249883943709
105,1557460800,133,64,0,197,19,-0.6415557106975625,-1.4098898006958613
105,1557475200,134,541,407,675,19,1.153036552215894,-0.6063198586458355
105,1557489600,512,1186,674,1698,19,2.330324351227916,1.11345430603445
105,1557504000,719,599,0,1318,19,-0.6415557106975625,0.4746330131913331
105,1557518400,1174,693,0,1867,19,-0.6415557106975625,1.397561670483099
105,1557532800,837,344,0,1181,19,-0.6415557106975625,0.24432112603473574
105,1557547200,199,59,0,258,19,-0.6415557106975625,-1.3073421721078873
105,1557561600,78,227,149,305,19,0.015432611597535867,-1.228330064835186
105,1557576000,408,649,241,1057,19,0.42108983073276435,0.035863651528034494
105,1557590400,653,724,71,1377,19,-0.32849416114754915,0.5738184244485539
105,1557604800,832,617,0,1449,19,-0.6415557106975625,0.6948582483556707
105,1557619200,601,353,0,954,19,-0.6415557106975625,-0.13729054100575766
105,1557633600,179,60,0,239,19,-0.6415557106975625,-1.3392832367500431
105,1557648000,48,128,80,176,19,-0.28881030275388553,-1.4451930826687704
105,1557662400,203,501,298,704,19,0.6724209338926342,-0.5575677073499135
105,1557676800,381,499,118,880,19,-0.12125623398063895,-0.2616925822436278
105,1557691200,474,385,0,859,19,-0.6415557106975625,-0.29699586421653684
105,1557705600,277,268,0,545,19,-0.6415557106975625,-0.8248639851447965
105,1557720000,61,44,0,105,19,-0.6415557106975625,-1.5645517979105106
105,1557734400,148,525,377,673,19,1.0207570242370152,-0.6096820759765887
105,1557748800,545,1033,488,1578,19,1.510191277758867,0.9117212661892551
105,1557763200,694,516,0,1210,19,-0.6415557106975625,0.2930732773306578
105,1557777600,1144,658,0,1802,19,-0.6415557106975625,1.2882896072336187
105,1557792000,509,252,0,761,20,-0.6236088624240689,-0.5202774199737082
105,1557806400,82,47,0,129,20,-0.6236088624240689,-1.5929177178985323
105,1557820800,158,563,405,721,20,1.2068633981166406,-0.5881660464246464
105,1557835200,546,1163,617,1709,20,2.165036532029308,1.0886830269135281
105,1557849600,741,663,0,1404,20,-0.6236088624240689,0.5710322502251239
105,1557864000,1251,597,0,1848,20,-0.6236088624240689,1.3245960038305384
105,1557878400,636,285,0,921,20,-0.6236088624240689,-0.24872291416995526
105,1557892800,117,50,0,167,20,-0.6236088624240689,-1.528423522770141
105,1557907200,150,587,437,737,20,1.3514933051223261,-0.5610105958442712
105,1557921600,535,1215,680,1750,20,2.449776661446752,1.1582688690257397
105,1557936000,756,674,0,1430,20,-0.6236088624240689,0.6151598574182339
105,1557950400,1293,698,0,1991,20,-0.6236088624240689,1.5672978433926426
105,1557964800,758,287,0,1045,20,-0.6236088624240689,-0.03826817217204671
105,1557979200,111,47,0,158,20,-0.6236088624240689,-1.5436984637216022
105,1557993600,161,571,410,732,20,1.2294618210862789,-0.5694966741506384
105,1558008000,552,1102,550,1654,20,1.8622176642361536,0.995336165543488
105,1558022400,784,685,0,1469,20,-0.6236088624240689,0.6813512682078986
105,1558036800,1330,754,0,2084,20,-0.6236088624240689,1.7251388998910742
105,1558051200,787,311,0,1098,20,-0.6236088624240689,0.05168425787544645
105,1558065600,167,71,0,238,20,-0.6236088624240689,-1.4079212108197257
105,1558080000,129,561,432,690,20,1.3288948821526878,-0.6407797319241236
105,1558094400,519,1059,540,1578,20,1.817020818296877,0.8663477752867054
105,1558108800,763,700,0,1463,20,-0.6236088624240689,0.6711679742402579
105,1558123200,1153,787,0,1940,20,-0.6236088624240689,1.4807398446676965
105,1558137600,762,291,0,1053,20,-0.6236088624240689,-0.024690446881859066
105,1558152000,210,72,0,282,20,-0.6236088624240689,-1.3332437217236937
105,1558166400,196,206,10,402,20,-0.5784120164847921,-1.1295778423708789
105,1558180800,325,707,382,1032,20,1.102910652456304,-0.060331975768601644
105,1558195200,865,724,0,1589,20,-0.6236088624240689,0.8850171475607134
105,1558209600,937,639,0,1576,20,-0.6236088624240689,0.8629533439641585
105,1558224000,683,314,0,997,20,-0.6236088624240689,-0.1197345239131726
105,1558238400,201,63,0,264,20,-0.6236088624240689,-1.3637936036266158
105,1558252800,76,139,63,215,20,-0.3388687330066252,-1.4469571710290152
105,1558267200,282,545,263,827,20,0.5650681857789103,-0.40826118632966013
105,1558281600,666,711,45,1377,20,-0.4202230556973234,0.5252074273707407
105,1558296000,730,443,0,1173,20,-0.6236088624240689,0.17897543247095565
105,1558310400,446,261,0,707,20,-0.6236088624240689,-0.6119270656824748
105,1558324800,62,41,0,103,20,-0.6236088624240689,-1.6370453250916424
105,1558339200,150,517,367,667,20,1.0351153835473887,-0.6798156921334131
105,1558353600,544,1138,594,1682,20,2.0610837863689717,1.0428582040591448
105,1558368000,709,562,0,1271,20,-0.6236088624240689,0.3453025672757543
105,1558382400,1176,727,0,1903,20,-0.6236088624240689,1.4179428652005786
105,1558396800,641,269,0,910,21,-0.6781331212417214,-0.010292872591193243
105,1558411200,109,50,0,159,21,-0.6781331212417214,-1.3686936561536192
105,1558425600,160,495,335,655,21,0.9934388857433908,-0.47153415063169735
105,1558440000,562,1143,581,1705,21,2.2209216132608165,1.4276946412997902
105,1558454400,711,610,0,1321,21,-0.6781331212417214,0.7331195402505605
105,1558468800,1341,646,0,1987,21,-0.6781331212417214,1.9377732311328182
105,1558483200,706,308,0,1014,21,-0.6781331212417214,0.17782121727630648
105,1558497600,119,63,0,182,21,-0.6781331212417214,-1.3270915016636913
105,1558512000,171,597,426,768,21,1.4475076995811376,-0.2671409568333563
105,1558526400,532,1172,640,1704,21,2.5153178771775972,1.425885851974141
105,1558540800,793,605,0,1398,21,-0.6781331212417214,0.8723963183255362
105,1558555200,1299,703,0,2002,21,-0.6781331212417214,1.9649050710175537
105,1558569600,719,303,0,1022,21,-0.6781331212417214,0.19229153188149875
105,1558584000,118,59,0,177,21,-0.6781331212417214,-1.3361354482919365
105,1558598400,138,570,432,708,21,1.4774463026913187,-0.37566831637229847
105,1558612800,570,1148,578,1718,21,2.205952311705726,1.4512089025332275
105,1558627200,736,657,0,1393,21,-0.6781331212417214,0.8633523716972911
105,1558641600,1166,656,0,1822,21,-0.6781331212417214,1.6393229924007273
105,1558656000,654,279,0,933,21,-0.6781331212417214,0.03130928189873458
105,1558670400,125,51,0,176,21,-0.6781331212417214,-1.3379442376175854
105,1558684800,115,521,406,636,21,1.347712355880534,-0.5059011478190291
105,1558699200,444,1004,560,1448,21,2.1161365023751824,0.962835784607988
105,1558713600,828,703,0,1531,21,-0.6781331212417214,1.112965298636858
105,1558728000,1004,604,0,1608,21,-0.6781331212417214,1.2522420767118336
105,1558742400,649,277,0,926,21,-0.6781331212417214,0.018647756619191328
105,1558756800,188,69,0,257,21,-0.6781331212417214,-1.1914323022400135
105,1558771200,66,207,141,273,21,0.02542405184753479,-1.162491673029629
105,1558785600,218,570,352,788,21,1.078264927888904,-0.2309651703203756
105,1558800000,495,613,118,1108,21,-0.08934059340815949,0.3478474138873158
105,1558814400,603,572,0,1175,21,-0.6781331212417214,0.4690362987058012
105,1558828800,432,248,0,680,21,-0.6781331212417214,-0.42631441749047144
105,1558843200,122,68,0,190,21,-0.6781331212417214,-1.312621187058499
105,1558857600,48,122,74,170,21,-0.30889034954948763,-1.3487969735714798
105,1558872000,168,445,277,613,21,0.70403238901164,-0.5475033023089568
105,1558886400,394,626,232,1020,21,0.4794928656852817,0.1886739532302007
105,1558900800,446,439,0,885,21,-0.6781331212417214,-0.05551260573241914
105,1558915200,293,223,0,516,21,-0.6781331212417214,-0.7229558668969134
105,1558929600,84,49,0,133,21,-0.6781331212417214,-1.415722178620494
105,1558944000,53,148,95,201,21,-0.20410523866385374,-1.2927245044763596
105,1558958400,149,462,313,611,21,0.8836640076727268,-0.5511208809602549
105,1558972800,440,588,148,1028,21,0.06035242214274609,0.20314426783539297
105,1558987200,486,422,0,908,21,-0.6781331212417214,-0.013910451242491316
105,1559001600,351,247,0,598,22,-0.6150885387056302,-0.6828118138082295
105,1559016000,57,53,0,110,22,-0.6150885387056302,-1.541079380091406
105,1559030400,156,583,427,739,22,1.3269885481159844,-0.4348287669928036
105,1559044800,486,1167,681,1653,22,2.482228782431418,1.1726641747752768
105,1559059200,725,574,0,1299,22,-0.6150885387056302,0.5500684402173989
105,1559073600,1183,696,0,1879,22,-0.6150885387056302,1.5701405476851085
105,1559088000,517,332,0,849,22,-0.6150885387056302,-0.2413668155765138
105,1559102400,112,92,0,204,22,-0.6150885387056302,-1.3757573488811219
105,1559116800,155,595,440,750,22,1.38611501680142,-0.4154825718511746
105,1559131200,527,1143,616,1670,22,2.18659643900424,1.202562839994158
105,1559145600,664,627,0,1291,22,-0.6150885387056302,0.535998480114396
105,1559160000,1218,666,0,1884,22,-0.6150885387056302,1.5789342727494853
105,1559174400,602,346,0,948,22,-0.6150885387056302,-0.06725105930185302
105,1559188800,92,72,0,164,22,-0.6150885387056302,-1.4461071493961364
105,1559203200,158,552,394,710,22,1.1768982814529556,-0.48583237236618904
105,1559217600,552,1164,612,1716,22,2.1684036794087214,1.2834651105864245
105,1559232000,739,686,0,1425,22,-0.6150885387056302,0.7716703118396945
105,1559246400,1162,794,0,1956,22,-0.6150885387056302,1.7055639136765115
105,1559260800,682,356,0,1038,22,-0.6150885387056302,0.09103599185692952
105,1559275200,138,88,0,226,22,-0.6150885387056302,-1.337064958597864
105,1559289600,136,534,398,670,22,1.1950910410484743,-0.5561821728812035
105,1559304000,493,1032,539,1525,22,1.8363858167905063,0.9475448131272306
105,1559318400,781,644,0,1425,22,-0.6150885387056302,0.7716703118396945
105,1559332800,1145,814,0,1959,22,-0.6150885387056302,1.7108401487151375
105,1559347200,757,359,0,1116,22,-0.6150885387056302,0.22821810286120772
105,1559361600,215,96,0,311,22,-0.6150885387056302,-1.1875716325034582
105,1559376000,70,195,125,265,22,-0.046564801345672716,-1.2684739030957248
105,1559390400,285,472,187,757,22,0.23542297238486617,-0.40317135676104704
105,1559404800,619,569,0,1188,22,-0.6150885387056302,0.35484774378823375
105,1559419200,730,446,0,1176,22,-0.6150885387056302,0.33374280363372943
105,1559433600,549,310,0,859,22,-0.6150885387056302,-0.2237793654477602
105,1559448000,164,114,0,278,22,-0.6150885387056302,-1.2456102179283453
105,1559462400,63,140,77,203,22,-0.26487791649189635,-1.3775160938939974
105,1559476800,206,403,197,609,22,0.28090487137366277,-0.6634656186666006
105,1559491200,495,475,0,970,22,-0.6150885387056302,-0.02855866901859506
105,1559505600,609,324,0,933,22,-0.6150885387056302,-0.09363223449498344
105,1559520000,335,187,0,522,22,-0.6150885387056302,-0.816476434786757
105,1559534400,89,44,0,133,22,-0.6150885387056302,-1.5006282447952726
105,1559548800,135,533,398,668,22,1.1950910410484743,-0.5596996629069543
105,1559563200,546,1135,589,1681,22,2.063795311734489,1.221909035135787
105,1559577600,654,601,0,1255,22,-0.6150885387056302,0.472683659650883
105,1559592000,1196,614,0,1810,22,-0.6150885387056302,1.4487871417967086
105,1559606400,634,249,0,883,23,-0.6752037284529421,-0.22432744974784316
105,1559620800,111,77,0,188,23,-0.6752037284529421,-0.909936849812711
105,1559635200,138,535,397,673,23,1.1718652134648393,-0.4314900022854291
105,1559649600,578,1140,562,1718,23,1.9395387031787785,0.5993903186754153
105,1559664000,610,637,27,1247,23,-0.5495844301361157,0.13475430798397248
105,1559678400,1263,645,0,1908,23,-0.6752037284529421,0.7868231043046597
105,1559692800,743,295,0,1038,23,-0.6752037284529421,-0.0714217562081964
105,1559707200,109,67,0,176,23,-0.6752037284529421,-0.9217747099577159
105,1559721600,156,539,383,695,23,1.1067292810042626,-0.40978725868625343
105,1559722775,51,76,25,127,23,-0.5588895633447695,-0.9701126388831526
105,1559736000,508,1119,611,1627,23,2.167514466790797,0.5096198792424613
105,1559750400,667,603,0,1270,23,-0.6752037284529421,0.15744353992856525
105,1559764800,1268,683,0,1951,23,-0.6752037284529421,0.829242103157594
105,1559779200,771,265,0,1036,23,-0.6752037284529421,-0.07339473289903055
105,1559793600,112,79,0,191,23,-0.6752037284529421,-0.9069773847764597
105,1559808000,146,554,408,700,23,1.2230434461124353,-0.4048548169591681
105,1559808827,34,20,0,54,23,-0.6752037284529421,-1.042126288098599
105,1559822400,529,1220,691,1749,23,2.5397197951369495,0.6299714573833446
105,1559836800,665,698,33,1363,23,-0.5216690305101542,0.2491869560523533
105,1559851200,1179,657,0,1836,23,-0.6752037284529421,0.7157959434346303
105,1559865600,796,317,0,1113,23,-0.6752037284529421,0.002564869698084308
105,1559880000,152,76,0,228,23,-0.6752037284529421,-0.870477315996028
105,1559952000,2960,3326,366,6286,23,1.0276356487307052,5.105669080540618
105,1559966400,206,122,0,328,23,-0.6752037284529421,-0.7718284814543204
105,1559980800,90,294,204,384,23,0.27391985882974657,-0.7165851341109641
105,1559995200,301,942,641,1243,23,2.307091464920604,0.1308083546023042
105,1560009600,690,965,275,1655,23,0.6042520877369568,0.5372415529141394
105,1560024000,927,966,39,1893,23,-0.49375363088419283,0.7720257791234035
105,1560038400,659,504,0,1163,23,-0.6752037284529421,0.05188928696893811
105,1560052800,251,126,0,377,23,-0.6752037284529421,-0.7234905525288836
105,1560067200,85,157,72,242,23,-0.34021893294140493,-0.8566664791601889
105,1560081600,257,555,298,812,23,0.7112611196364756,-0.29436812227245557
105,1560096000,651,659,8,1310,23,-0.6379831956183268,0.19690307374524826
105,1560110400,736,520,0,1256,23,-0.6752037284529421,0.14363270309272616
105,1560124800,432,265,0,697,23,-0.6752037284529421,-0.4078142819954193
105,1560139200,84,42,0,126,23,-0.6752037284529421,-0.9710991272285697
105,1560153600,143,515,372,658,23,1.0555510483566666,-0.44628732746668526
105,1560168000,571,964,393,1535,23,1.1532549470475317,0.41886295146409036
105,1560182400,585,502,0,1087,23,-0.6752037284529421,-0.023083827282759668
105,1560196800,1065,528,0,1593,23,-0.6752037284529421,0.4760792754982808
105,1560211200,508,276,0,784,24,-0.6519837044061005,-0.4420494480984089
105,1560225600,81,39,0,120,24,-0.6519837044061005,-1.4772558604656
105,1560240000,152,518,366,670,24,0.9183217704429132,-0.6197806694988002
105,1560254400,554,1195,641,1749,24,2.0981961026382105,1.0624297505978857
105,1560268800,654,643,0,1297,24,-0.6519837044061005,0.3577410482033518
105,1560283200,1278,709,0,1987,24,-0.6519837044061005,1.4334826514162462
105,1560297600,703,329,0,1032,24,-0.6519837044061005,-0.05540608926246999
105,1560312000,123,46,0,169,24,-0.6519837044061005,-1.400862616179467
105,1560326400,163,538,375,701,24,0.9569358394965775,-0.5714502496443078
105,1560333161,350,226,0,576,24,-0.6519837044061005,-0.766330974864035
105,1560340800,603,1232,629,1835,24,2.0467106772333246,1.196507689549058
105,1560340969,2,4,2,6,24,-0.643402800171953,-1.6549870818659913
105,1560355200,740,646,0,1386,24,-0.6519837044061005,0.49649612455979764
105,1560369600,1343,768,0,2111,24,-0.6519837044061005,1.6268043308342157
105,1560384000,752,335,0,1087,24,-0.6519837044061005,0.03034142983421001
105,1560398400,103,54,0,157,24,-0.6519837044061005,-1.4195711658005608
105,1560412800,144,511,367,655,24,0.922612222559987,-0.6431663565251674
105,1560427200,517,1086,569,1603,24,1.7892835502088962,0.8348090635412442
105,1560441600,598,658,60,1256,24,-0.3945565773816721,0.29382017033128127
105,1560456000,1180,751,0,1931,24,-0.6519837044061005,1.3461760865178085
105,1560470400,670,311,0,981,24,-0.6519837044061005,-0.13491742515211871
105,1560484800,132,44,0,176,24,-0.6519837044061005,-1.3899492955671622
105,1560499200,134,491,357,625,24,0.8797077013892489,-0.689937730577902
105,1560513600,509,1094,585,1603,24,1.8579307840820771,0.8348090635412442
105,1560528000,729,652,0,1381,24,-0.6519837044061005,0.48870089555100854
105,1560542400,1088,790,0,1878,24,-0.6519837044061005,1.263546659024644
105,1561161600,9058,4707,0,13765,25,-0.644435825395282,4.067320825490172
105,1561176000,196,72,0,268,25,-0.644435825395282,-0.4358479250545768
105,1561190400,80,194,114,274,25,0.008592477671937092,-0.43384607186473695
105,1561204800,309,653,344,962,25,1.3261057207022913,-0.20430023942976716
105,1561219200,649,710,61,1359,25,-0.2950084000698402,-0.07184428670203025
105,1561233600,759,487,0,1246,25,-0.644435825395282,-0.10954585511068081
105,1561248000,645,360,0,1005,25,-0.644435825395282,-0.18995362490258155
105,1561262400,193,66,0,259,25,-0.644435825395282,-0.4388507048393366
105,1561276800,57,114,57,171,25,-0.3179216738616724,-0.4682112182903211
105,1561291200,212,527,315,739,25,1.1599844857115076,-0.27870244965214835
105,1561305600,512,639,127,1151,25,0.0830606174953919,-0.1412418639498118
105,1561320000,605,460,0,1065,25,-0.644435825395282,-0.16993509300418302
105,1561334400,413,244,0,657,25,-0.644435825395282,-0.306061109913293
105,1561348800,77,61,0,138,25,-0.644435825395282,-0.47922141083444025
105,1561363200,138,456,318,594,25,1.1771694410553817,-0.3270805684066115
105,1561377600,518,1166,648,1684,25,3.067514528881542,0.036589427747628446
105,1561392000,611,652,41,1263,25,-0.4095747690290014,-0.10387393773946789
105,1561406400,1103,635,0,1738,25,-0.644435825395282,0.05460610645618712
105,1561420800,613,274,0,887,26,-0.6867356722130796,-0.3614762446874494
105,1561435200,85,50,0,135,26,-0.6867356722130796,-1.5707618830952879
105,1561449600,134,480,346,614,26,0.8003218137950374,-0.8004855256519972
105,1561464000,671,1182,511,1853,26,1.5094677247526656,1.1919412110332581
105,1561478400,667,504,0,1171,26,-0.6867356722130796,0.09522205492402158
105,1561492800,1088,768,0,1856,26,-0.6867356722130796,1.1967654888460553
105,1561507200,719,333,0,1052,26,-0.6867356722130796,-0.0961409649836018
105,1561521600,110,64,0,174,26,-0.6867356722130796,-1.508046271528924
105,1561536000,142,537,395,679,26,1.010916660079424,-0.6959595063747238
105,1561550400,583,1114,531,1697,26,1.5954248048687416,0.9410787647678023
105,1561564800,665,663,0,1328,26,-0.6867356722130796,0.3476925937937432
105,1561579200,1214,725,0,1939,26,-0.6867356722130796,1.330237175000112
105,1561593600,716,300,0,1016,26,-0.6867356722130796,-0.15403229873716853
105,1561608000,108,60,0,168,26,-0.6867356722130796,-1.5176948271545183
105,1561622400,161,455,294,616,26,0.5768334054932395,-0.7972693404434656
105,1561636800,562,1212,650,1774,26,2.1068694315593945,1.0649018952962646
105,1561651200,646,726,80,1372,26,-0.3429073517487751,0.41844866838143585
105,1561665600,1300,754,0,2054,26,-0.6867356722130796,1.5151678244906723
105,1561680000,765,325,0,1090,26,-0.6867356722130796,-0.03503344602150358
105,1561694400,144,74,0,218,26,-0.6867356722130796,-1.4372901969412313
105,1561708800,123,461,338,584,26,0.765938981748607,-0.8487283037799694
105,1561723200,520,1016,496,1536,26,1.4449999146656085,0.6821758554810177
105,1561737600,800,730,0,1530,26,-0.6867356722130796,0.6725272998554233
105,1561752000,1193,754,0,1947,26,-0.6867356722130796,1.3431019158342379
105,1561766400,789,406,0,1195,26,-0.6867356722130796,0.1338162774263994
105,1561780800,228,96,0,324,26,-0.6867356722130796,-1.2668323808890625
105,1561795200,73,240,167,313,26,0.031005946756156068,-1.2845213995359857
105,1561809600,243,641,398,884,26,1.0238102220968355,-0.3663005225002466
105,1561824000,661,726,65,1387,26,-0.4073751618358322,0.442570057445422
105,1561838400,754,548,0,1302,26,-0.6867356722130796,0.3058821860828339
105,1561852800,699,443,0,1142,26,-0.6867356722130796,0.04858736940031504
105,1561867200,214,96,0,310,26,-0.6867356722130796,-1.289345677348783
105,1561881600,76,183,107,259,26,-0.22686529359207233,-1.3713584001663357
105,1561896000,268,847,579,1115,26,1.8017217971473245,0.005168869085139992
105,1561910400,860,1639,779,2499,26,2.661292598308086,2.230769033388928
105,1561924800,1497,489,0,1986,26,-0.6867356722130796,1.405817527400602
105,1561939200,1067,276,0,1343,26,-0.6867356722130796,0.3718139828577293
105,1561953600,208,73,0,281,26,-0.6867356722130796,-1.3359803628724896
105,1561968000,145,437,292,582,26,0.5682376974816319,-0.851944488988501
105,1561982400,458,1107,649,1565,26,2.102571577553591,0.7288105410047242
105,1561996800,596,630,34,1226,26,-0.5406086360157503,0.18366714815863744
105,1562011200,1105,587,0,1692,26,-0.6867356722130796,0.9330383017464735
105,1562025600,569,210,0,779,27,-0.6958877198539078,0.06105616423825857
105,1562040000,92,34,0,126,27,-0.6958877198539078,-1.4281337431417471
105,1562054400,137,453,316,590,27,1.2707022917007131,-0.36996511063895593
105,1562063306,362,816,454,1178,27,2.1295295752277315,0.9709899667568225
105,1562063390,334,247,0,581,27,-0.6958877198539078,-0.3904899332521566
105,1562068800,156,295,139,451,27,0.1691629497856248,-0.6869595932206111
105,1562083200,606,672,66,1278,27,-0.28514423642794273,1.1990435513479412
105,1562097600,1079,541,0,1620,27,-0.6958877198539078,1.9789868106495674
105,1562112000,567,232,0,799,27,-0.6958877198539078,0.10666688115648233
105,1562126400,92,49,0,141,27,-0.6958877198539078,-1.3939257054530791
105,1562140800,114,430,316,544,27,1.2707022917007131,-0.4748697595508706
105,1562155200,440,1025,585,1465,27,2.944793155967147,1.6255037545333333
105,1562169600,693,656,0,1349,27,-0.6958877198539078,1.3609615964076356
105,1562184000,949,610,0,1559,27,-0.6958877198539078,1.839874124048985
105,1562198400,531,285,0,816,27,-0.6958877198539078,0.1454359905369725
105,1562212800,144,65,0,209,27,-0.6958877198539078,-1.2388492679311185
105,1562227200,62,157,95,219,27,-0.10466603916501864,-1.2160439094720066
105,1562241600,198,407,209,605,27,0.6047999776616485,-0.3357570729502881
105,1562256000,374,468,94,842,27,-0.11088942527753326,0.2047299225306634
105,1562270400,466,336,0,802,27,-0.6958877198539078,0.11350848869421588
105,1562284800,334,269,0,603,27,-0.6958877198539078,-0.34031814464211047
105,1562299200,113,56,0,169,27,-0.6958877198539078,-1.330070701767566
105,1562313600,65,308,243,373,27,0.8163951054871457,-0.8648413892016836
105,1562328000,245,642,397,887,27,1.7747965668143977,0.30735403559666685
105,1562342400,468,553,85,1021,27,-0.16689990029016488,0.612945838948766
105,1562356800,602,492,0,1094,27,-0.6958877198539078,0.7794249557002827
105,1562371200,476,310,0,786,27,-0.6958877198539078,0.07701991515963688
105,1562385600,152,59,0,211,27,-0.6958877198539078,-1.234288196239296
105,1562400000,60,169,109,229,27,-0.017538633589813907,-1.1932385510128947
105,1562414400,158,373,215,531,27,0.6421402943367363,-0.504516725547716
105,1562428800,393,585,192,978,27,0.49900241374889986,0.5148827975745849
105,1562443200,520,478,0,998,27,-0.6958877198539078,0.5604935144928087
105,1562457600,379,298,0,677,27,-0.6958877198539078,-0.17155849204468257
105,1562472000,171,57,0,228,27,-0.6958877198539078,-1.195519086858806
105,1562486400,57,136,79,193,27,-0.20424021696525263,-1.2753378414656975
105,1562500800,179,455,276,634,27,1.0217668472001282,-0.26962153341886363
105,1562515200,422,574,152,996,27,0.2500669692483149,0.5559324428009863
105,1562529600,504,438,0,942,27,-0.6958877198539078,0.43278350712178215
105,1562544000,343,266,0,609,27,-0.6958877198539078,-0.32663492956664336
105,1562558400,59,71,12,130,27,-0.6212070865037325,-1.4190115997581023
105,1562572800,118,427,309,545,27,1.2271385889131108,-0.47258922370495937
105,1562587200,470,1047,577,1517,27,2.89500606706703,1.7440916185207151
105,1562601600,563,561,0,1124,27,-0.6958877198539078,0.8478410310776183
105,1562616000,1021,649,0,1670,27,-0.6958877198539078,2.0930136029451267
105,1562630400,531,243,0,774,28,-0.7014317799265344,-0.33126399399137635
105,1562644800,89,35,0,124,28,-0.7014317799265344,-1.48616341173604
105,1562659200,133,494,361,627,28,1.38805690167001,-0.5924489392351695
105,1562673600,573,1075,502,1648,28,2.204172979523508,1.2216315307914483
105,1562688000,825,680,0,1505,28,-0.7014317799265344,0.9675536588876222
105,1562702400,1565,769,0,2334,28,-0.7014317799265344,2.440494608595816
105,1562716800,618,254,0,872,28,-0.7014317799265344,-0.1571406971621809
105,1562731200,86,57,0,143,28,-0.7014317799265344,-1.452404813371196
105,1562745600,153,457,304,610,28,1.058137636154766,-0.62265400093003
105,1562748957,173,332,159,505,28,0.21886932914230375,-0.8092146761041679
105,1562760000,507,823,316,1330,28,1.1275943236316595,0.656619200264059
105,1562774400,629,620,0,1249,28,-0.7014317799265344,0.512700965129724
105,1562788800,1138,695,0,1833,28,-0.7014317799265344,1.5503336727649295
105,1562803200,651,275,0,926,28,-0.7014317799265344,-0.06119520707262424
105,1562817600,103,47,0,150,28,-0.7014317799265344,-1.4399674350262535
105,1562832000,140,478,338,618,28,1.2549315840059643,-0.6084398542500956
105,1562846400,593,1134,541,1727,28,2.4299072138234115,1.3619962292557997
105,1562860800,654,663,9,1317,28,-0.6493392643188642,0.6335212119091658
105,1562875200,1049,628,0,1677,28,-0.7014317799265344,1.2731578125062102
105,1562889600,503,297,0,800,28,-0.7014317799265344,-0.2850680172815898
105,1562904000,104,46,0,150,28,-0.7014317799265344,-1.4399674350262535
105,1562918400,122,462,340,584,28,1.2665076985854464,-0.6688499776398165
105,1562932800,512,1015,503,1527,28,2.209961036813249,1.0066425622574418
105,1562947200,697,645,0,1342,28,-0.7014317799265344,0.6779404202839605
105,1562961600,1019,658,0,1677,28,-0.7014317799265344,1.2731578125062102
105,1562976000,709,352,0,1061,28,-0.7014317799265344,0.17866851815126744
105,1562990400,191,88,0,279,28,-0.7014317799265344,-1.2107643198123126
105,1563004800,86,201,115,287,28,-0.035805191606305534,-1.1965501731323782
105,1563019200,268,508,240,776,28,0.6877019696113345,-0.32771045732139276
105,1563033600,589,684,95,1273,28,-0.15156633740112793,0.555343405169527
105,1563048000,682,561,0,1243,28,-0.7014317799265344,0.5020403551197733
105,1563062400,698,302,0,1000,28,-0.7014317799265344,0.07028564971676823
105,1563076800,200,52,0,252,28,-0.7014317799265344,-1.2587370648570908
105,1563091200,54,166,112,220,28,-0.0531693634755289,-1.315593651576828
105,1563105600,241,462,221,703,28,0.5777288811062532,-0.45741454577579344
105,1563120000,486,582,96,1068,28,-0.14577828011138683,0.19110589649620996
105,1563134400,628,497,0,1125,28,-0.7014317799265344,0.292381691590742
105,1563148800,424,248,0,672,28,-0.7014317799265344,-0.512494364160539
105,1563163200,75,52,0,127,28,-0.7014317799265344,-1.4808331067310645
105,1563177600,128,466,338,594,28,1.2549315840059643,-0.6510822942898986
105,1563192000,539,1052,513,1591,28,2.2678416097106604,1.1203557356969163
105,1563206400,550,658,108,1208,28,-0.07632159263449338,0.4398534633950606
105,1563220800,1066,705,0,1771,28,-0.7014317799265344,1.4401740359954385
105,1563235200,585,276,0,861,29,-0.6302095820235576,-0.010399769191603354
105,1563249600,88,48,0,136,29,-0.6302095820235576,-1.3103709181420327
105,1563264000,150,457,307,607,29,0.9407657654422397,-0.46583793723768485
105,1563278400,592,1183,591,1775,29,2.394045891436658,1.6284604103128
105,1563279702,56,43,0,99,29,-0.6302095820235576,-1.3767142733298479
105,1563279767,2,1,0,3,29,-0.6302095820235576,-1.5488483840874219
105,1563292078,548,616,68,1164,29,-0.2822411011516546,0.5328985178869899
105,1563292800,342,269,0,611,29,-0.6302095820235576,-0.4586656826227859
105,1563307200,1227,708,0,1935,29,-0.6302095820235576,1.9153505949087568
105,1563321600,689,314,0,1003,29,-0.6302095820235576,0.24421526963730833
105,1563336000,117,41,0,158,29,-0.6302095820235576,-1.2709235177600886
105,1563350400,167,468,301,635,29,0.9100626641888364,-0.4156321549333924
105,1563364800,562,1178,616,1740,29,2.5219754799925047,1.5657031824324346
105,1563379200,614,683,69,1297,29,-0.27712391760942073,0.771375983832379
105,1563393600,1089,696,0,1785,29,-0.6302095820235576,1.6463910468500473
105,1563408000,533,281,0,814,29,-0.6302095820235576,-0.09467376091666567
105,1563422400,93,43,0,136,29,-0.6302095820235576,-1.3103709181420327
105,1563436800,140,430,290,570,29,0.8537736452242639,-0.5321812924254998
105,1563451200,508,1145,637,1653,29,2.629436334379416,1.409706644558383
105,1563465600,621,698,77,1319,29,-0.23618644927154983,0.8108233842143231
105,1563480000,1119,681,0,1800,29,-0.6302095820235576,1.6732870016559183
105,1563494400,686,277,0,963,29,-0.6302095820235576,0.17249272348831912
105,1563508800,141,68,0,209,29,-0.6302095820235576,-1.1794772714201274
105,1563523200,128,398,270,526,29,0.7514299743795866,-0.6110760931893879
105,1563537600,506,957,451,1463,29,1.6776401955239166,1.0690245503506843
105,1563552000,671,680,9,1351,29,-0.5841549301434528,0.8682014211335144
105,1563566400,913,565,0,1478,29,-0.6302095820235576,1.0959205051565553
105,1563580800,499,358,0,857,29,-0.6302095820235576,-0.017572023806502274
105,1563595200,176,96,0,272,29,-0.6302095820235576,-1.0665142612354694
105,1563609600,62,173,111,235,29,-0.06220220883559832,-1.1328576164232844
105,1563624000,241,481,240,722,29,0.5979144681125705,-0.25963561705934085
105,1563638400,412,530,118,942,29,-0.02638192403996125,0.1348383867600998
105,1563652800,492,376,0,868,29,-0.6302095820235576,0.0021516763844697576
105,1563667200,381,276,0,657,29,-0.6302095820235576,-0.37618475455144834
105,1563681600,138,78,0,216,29,-0.6302095820235576,-1.1669258258440542
105,1563696000,58,131,73,189,29,-0.25665518344048527,-1.215338544494622
105,1563710400,199,437,238,636,29,0.5876801010281029,-0.41383909127966767
105,1563724800,412,476,64,888,29,-0.3027098353205901,0.038012949458964364
105,1563739200,460,381,0,841,29,-0.6302095820235576,-0.04626104226609796
105,1563753600,298,253,0,551,29,-0.6302095820235576,-0.5662495018462698
105,1563768000,69,41,0,110,29,-0.6302095820235576,-1.3569905731388758
105,1563782400,124,431,307,555,29,0.9407657654422397,-0.5590772472313708
105,1563796800,499,1178,679,1677,29,2.8443580431532385,1.4527401722477764
105,1563811200,561,587,26,1148,29,-0.49716280992547707,0.5042094994273942
105,1563825600,954,597,0,1551,29,-0.6302095820235576,1.2268141518784605
105,1563840000,552,213,0,765,30,-0.6480299026450631,-0.3353971066416114
105,1563854400,75,39,0,114,30,-0.6480299026450631,-1.5040510750110438
105,1563868800,125,404,279,529,30,0.8267446942076946,-0.7590566097678573
105,1563883200,543,1087,544,1630,30,2.227516264695081,1.2174226823592473
105,1563897600,708,644,0,1352,30,-0.6480299026450631,0.7183661490156188
105,1563912000,1134,703,0,1837,30,-0.6480299026450631,1.5890223312877767
105,1563926400,610,261,0,871,30,-0.6480299026450631,-0.14510936371202637
105,1563940800,107,60,0,167,30,-0.6480299026450631,-1.4089072035462513
105,1563955200,151,472,321,623,30,1.0487537733038086,-0.5903108754718102
105,1563969600,603,1109,506,1712,30,2.0266509074176446,1.3646264080217565
105,1563984000,614,668,54,1282,30,-0.3625896580929165,0.5927044319866476
105,1563998400,1203,694,0,1897,30,-0.6480299026450631,1.6967323744554663
105,1564012800,737,236,0,973,30,-0.6480299026450631,0.03799770967304599
105,1564027200,98,53,0,151,30,-0.6480299026450631,-1.4376298817243018
105,1564041600,131,423,292,554,30,0.8954617901183966,-0.7141774251146532
105,1564056000,518,1125,607,1643,30,2.5605298833392522,1.2407598583789134
105,1564070400,630,665,35,1295,30,-0.46302233673163473,0.6160416080063137
105,1564084800,1072,797,0,1869,30,-0.6480299026450631,1.6464676876438777
105,1564099200,730,320,0,1050,30,-0.6480299026450631,0.17622559840491434
105,1564113600,119,44,0,163,30,-0.6480299026450631,-1.416087873090764
105,1564128000,113,460,347,573,30,1.1861879651252125,-0.6800692447782182
105,1564142400,501,1094,593,1595,30,2.4865268569738808,1.1545918238447619
105,1564156800,723,640,0,1363,30,-0.6480299026450631,0.7381129902630286
105,1564171200,1065,677,0,1742,30,-0.6480299026450631,1.4184814296056014
105,1564185600,679,365,0,1044,30,-0.6480299026450631,0.1654545940881454
105,1564200000,211,106,0,317,30,-0.6480299026450631,-1.1396320956270272
105,1564214400,84,161,77,245,30,-0.24101325763552067,-1.2688841474282548
105,1564228800,230,497,267,727,30,0.7633135287516619,-0.40361346731448144
105,1564243200,560,548,0,1108,30,-0.6480299026450631,0.28034530680034764
105,1564257600,599,555,0,1154,30,-0.6480299026450631,0.362923006562243
105,1564272000,519,385,0,904,30,-0.6480299026450631,-0.08586883996979708
105,1564286400,180,101,0,281,30,-0.6480299026450631,-1.2042581215276411
105,1564300800,49,162,113,211,30,-0.05071976126742292,-1.3299198385566122
105,1564315200,194,381,187,575,30,0.3404390923781114,-0.6764789100059618
105,1564329600,444,577,133,1021,30,0.05499884782596473,0.1241657442071977
105,1564344000,588,440,0,1028,30,-0.6480299026450631,0.13673191591009481
105,1564358400,334,238,0,572,30,-0.6480299026450631,-0.6818644121643463
105,1564372800,58,48,0,106,30,-0.6480299026450631,-1.518412414100069
105,1564387200,119,433,314,552,30,1.0117522601211228,-0.7177677598869096
105,1564401600,564,1044,480,1608,30,1.8892167155962405,1.1779289998644278
105,1564416000,573,519,0,1092,30,-0.6480299026450631,0.25162262862229706
105,1564430400,1068,614,0,1682,30,-0.6480299026450631,1.3107713864379118
105,1564444800,549,235,0,784,31,-0.6665521687677822,-0.4420651876131767
105,1564459200,83,52,0,135,31,-0.6665521687677822,-1.5747526957992004
105,1564473600,144,442,298,586,31,0.6920061415847907,-0.7876308680767093
105,1564488000,510,1161,651,1671,31,2.3013050796869994,1.1059992496148712
105,1564502400,609,551,0,1160,31,-0.6665521687677822,0.2141605490246429
105,1564516800,1050,642,0,1692,31,-0.6665521687677822,1.142650155118579
105,1564531200,605,287,0,892,31,-0.6665521687677822,-0.2535748164512498
105,1564545600,100,50,0,150,31,-0.6665521687677822,-1.5485734775822662
105,1564560000,138,481,343,619,31,0.8971575642890383,-0.7300365879994539
105,1564574400,556,1156,600,1712,31,2.0688001339555186,1.1775557794078249
105,1564588800,614,625,11,1239,31,-0.616404043217855,0.3520377649671635
105,1564603200,1060,657,0,1717,31,-0.6665521687677822,1.1862821854801362
105,1564617600,591,248,0,839,31,-0.6665521687677822,-0.3460747208177509
105,1564632000,93,39,0,132,31,-0.6665521687677822,-1.5799885394425872
105,1564646400,139,455,316,594,31,0.7740667106664897,-0.7736686183610111
105,1564660800,537,1091,554,1628,31,1.8590897907467323,1.0309521573929927
105,1564675200,617,630,13,1247,31,-0.6072862022087774,0.3660000146828618
105,1564689600,1202,738,0,1940,31,-0.6665521687677822,1.5754798963052261
105,1564704000,720,262,0,982,31,-0.6665521687677822,-0.09649950714964403
105,1564718400,111,55,0,166,31,-0.6665521687677822,-1.5206489781508694
105,1564732800,115,409,294,524,31,0.6737704595666353,-0.8958383033733711
105,1564747200,487,916,429,1403,31,1.289224727679378,0.6382638841389784
105,1564761600,679,663,0,1342,31,-0.6665521687677822,0.531801730056779
105,1564776000,1022,719,0,1741,31,-0.6665521687677822,1.228168934627231
105,1565395200,8983,5029,0,14012,32,-0.5392899136006992,4.08081525852581
105,1565409600,155,67,0,222,32,-0.5392899136006992,-0.403839333852378
105,1565424000,87,123,36,210,32,-0.26797014340407416,-0.4077418614164489
105,1565438400,266,465,199,731,32,0.9605054827639783,-0.2383071230097023
105,1565452800,540,505,0,1045,32,-0.5392899136006992,-0.1361909850831794
105,1565467200,612,435,0,1047,32,-0.5392899136006992,-0.1355405638225009
105,1565481600,518,259,0,777,32,-0.5392899136006992,-0.22334743401409704
105,1565496000,169,84,0,253,32,-0.5392899136006992,-0.3937578043118614
105,1565510400,65,91,26,156,32,-0.34333674623647004,-0.42530323545476817
105,1565524800,205,375,170,580,32,0.7419423345500303,-0.2874139281909283
105,1565539200,439,497,58,936,32,-0.10216361717280328,-0.1716389437901571
105,1565553600,528,372,0,900,32,-0.5392899136006992,-0.1833465264823699
105,1565568000,293,205,0,498,32,-0.5392899136006992,-0.3140811998787464
105,1565582400,71,34,0,105,32,-0.5392899136006992,-0.4418889776020697
105,1565596800,118,428,310,546,32,1.7970747742035724,-0.2984710896224626
105,1565611200,510,999,489,1509,32,3.1461369649034583,0.014706747394230285
105,1565625600,613,596,0,1209,32,-0.5392899136006992,-0.08285644170754321
105,1565640000,1021,591,0,1612,32,-0.5392899136006992,0.048203442319172514
105,1565654400,520,213,0,733,33,-0.5397261376441268,0.06189003767281043
105,1565668800,79,38,0,117,33,-0.5397261376441268,-0.8690020716966969
105,1565683200,155,435,280,590,33,1.3322969523827992,-0.15420991628796804
105,1565683994,29,18,0,47,33,-0.5397261376441268,-0.9747852659432318
105,1565697600,516,1118,602,1634,33,3.4851235059137644,1.4234708664746385
105,1565712000,612,622,10,1234,33,-0.4728681701431652,0.8189954707801532
105,1565726400,1115,601,0,1716,33,-0.5397261376441268,1.547388322592008
105,1565740800,530,257,0,787,33,-0.5397261376441268,0.14349421609156593
105,1565755200,85,51,0,136,33,-0.5397261376441268,-0.8402894904012088
105,1565769600,195,463,268,658,33,1.2520673913816454,-0.051449099019905555
105,1565784000,713,1054,341,1767,33,1.7401305541386654,1.6244589355430548
105,1565798400,720,630,0,1350,33,-0.5397261376441268,0.9942933355315539
105,1565812800,1290,672,0,1962,33,-0.5397261376441268,1.9191406909441162
105,1565827200,673,238,0,911,33,-0.5397261376441268,0.33088158875685636
105,1565841600,98,57,0,155,33,-0.5397261376441268,-0.8115769091057208
105,1565856000,157,404,247,561,33,1.111665659629626,-0.19803438247581823
105,1565870400,607,956,349,1563,33,1.7936169281394347,1.3161764837388672
105,1565884800,755,571,0,1326,33,-0.5397261376441268,0.9580248117898847
105,1565899200,1057,706,0,1763,33,-0.5397261376441268,1.61841418158611
105,1565913600,627,266,0,893,33,-0.5397261376441268,0.3036801959506045
105,1565928000,92,65,0,157,33,-0.5397261376441268,-0.8085545321272483
105,1565942400,119,323,204,442,33,0.8241763993754908,-0.3778658126949276
105,1565956800,445,822,377,1267,33,1.9808192371421274,0.8688646909249482
105,1565971200,641,663,22,1304,33,-0.3926386091420112,0.9247786650266882
105,1565985600,977,621,0,1598,33,-0.5397261376441268,1.3690680808621347
105,1566000000,593,282,0,875,33,-0.5397261376441268,0.2764788031443527
105,1566014400,18,37,19,55,33,-0.4126959993922997,-0.962695758029342
105,1566028800,1,23,22,24,33,-0.3926386091420112,-1.0095426011956647
105,1566029972,0,3,3,3,33,-0.5196687473938383,-1.041277559469625
105,1566043200,0,8,8,8,33,-0.48623976364335747,-1.033721617023444
105,1566057600,0,20,20,20,33,-0.4060102026422035,-1.0155873551526096
105,1566072000,0,14,14,14,33,-0.4461249831427805,-1.0246544860880267
105,1566086400,1,4,3,5,33,-0.5196687473938383,-1.0382551824911528
105,1566100800,2,2,0,4,33,-0.5397261376441268,-1.0397663709803888
105,1566115200,0,15,15,15,33,-0.43943918639268437,-1.0231432975987906
105,1566129600,0,8,8,8,33,-0.48623976364335747,-1.033721617023444
105,1566144000,0,10,10,10,33,-0.4728681701431652,-1.0306992400449717
105,1566158400,0,6,6,6,33,-0.4996113571435498,-1.0367439940019165
105,1566172800,0,3,3,3,33,-0.5196687473938383,-1.041277559469625
105,1566187200,3,2,0,5,33,-0.5397261376441268,-1.0382551824911528
105,1566201600,117,386,269,503,33,1.2587531881317415,-0.2856833148515186
105,1566216000,487,935,448,1422,33,2.455510806398955,1.1030989067565613
105,1566230400,576,580,4,1156,33,-0.5129829506437421,0.7011227686197286
105,1566244800,1032,611,0,1643,33,-0.5397261376441268,1.4370715628777644
105,1566259200,490,197,0,687,34,-0.5497513196565006,-0.015946602605305286
105,1566273600,77,50,0,127,34,-0.5497513196565006,-0.8861649164725405
105,1566288000,137,417,280,554,34,0.9499182510139813,-0.22262345214877363
105,1566302400,505,1056,551,1561,34,2.401384156912912,1.3422155515374867
105,1566316800,607,619,12,1226,34,-0.4854797666277657,0.8216385244919086
105,1566331200,1039,668,0,1707,34,-0.5497513196565006,1.569093897652873
105,1566345600,545,214,0,759,34,-0.5497513196565006,0.09593860917762495
105,1566360000,105,47,0,152,34,-0.5497513196565006,-0.8473158846034674
105,1566374400,143,407,264,550,34,0.8642228469756681,-0.2288392972478253
105,1566388800,527,1062,535,1589,34,2.315688752874599,1.3857264672308485
105,1566403200,620,600,0,1220,34,-0.5497513196565006,0.812314756843331
105,1566417600,1066,688,0,1754,34,-0.5497513196565006,1.6421300775667302
105,1566432000,576,219,0,795,34,-0.5497513196565006,0.15188121506909005
105,1566446400,89,65,0,154,34,-0.5497513196565006,-0.8442079620539416
105,1566460800,131,405,274,536,34,0.9177824744996138,-0.2505947550945062
105,1566475200,493,1052,559,1545,34,2.444231858932069,1.31735217114128
105,1566489600,586,674,88,1260,34,-0.07842659744577773,0.8744732078338479
105,1566504000,1072,692,0,1764,34,-0.5497513196565006,1.6576696903143595
105,1566518400,479,248,0,727,34,-0.5497513196565006,0.04621184838521151
105,1566532800,100,62,0,162,34,-0.5497513196565006,-0.8317762718558382
105,1566547200,98,380,282,478,34,0.9606301765187705,-0.3407245090307555
105,1566561600,399,912,513,1311,34,2.1978575723219183,0.9537252328467567
105,1566576000,663,660,0,1323,34,-0.5497513196565006,0.9723727681439117
105,1566590400,962,715,0,1677,34,-0.5497513196565006,1.5224750594099854
105,1566604800,510,306,0,816,34,-0.5497513196565006,0.18451440183911139
105,1566619200,6,10,4,16,34,-0.5283274686469223,-1.0586546179712246
105,1566633600,1,14,13,15,34,-0.4801238038753711,-1.0602085792459874
105,1566648000,0,7,7,7,34,-0.5122595803897386,-1.0726402694440909
105,1566662400,0,11,11,11,34,-0.4908357293801603,-1.0664244243450391
105,1566676800,1,5,4,6,34,-0.5283274686469223,-1.0741942307188537
105,1566691200,0,6,6,6,34,-0.5176155431421332,-1.0741942307188537
105,1566705600,0,16,16,16,34,-0.4640559156181874,-1.0586546179712246
105,1566720000,1,4,3,5,34,-0.5336834313993168,-1.0757481919936167
105,1566734400,0,16,16,16,34,-0.4640559156181874,-1.0586546179712246
105,1566748800,1,5,4,6,34,-0.5283274686469223,-1.0741942307188537
105,1566763200,1,7,6,8,34,-0.5176155431421332,-1.0710863081693278
105,1566777600,0,6,6,6,34,-0.5176155431421332,-1.0741942307188537
105,1566792000,2,2,0,4,34,-0.5497513196565006,-1.0773021532683795
105,1566806400,111,363,252,474,34,0.7999512939469331,-0.3469403541298072
105,1566820800,436,1041,605,1477,34,2.6906061455422194,1.2116828044574015
105,1566835200,620,499,0,1119,34,-0.5497513196565006,0.6553646680922761
105,1566849600,1093,566,0,1659,34,-0.5497513196565006,1.494503756464253
105,1566864000,641,221,0,862,35,-0.6448293227238319,0.07616532887332032
105,1566878400,69,46,0,115,35,-0.6448293227238319,-1.4007265302561929
105,1566892800,134,434,300,568,35,1.1349843610265036,-0.5051013466073716
105,1566907200,511,1031,520,1542,35,2.440181062443416,1.4205916531143765
105,1566921600,643,563,0,1206,35,-0.6448293227238319,0.7562868811364428
105,1566936000,1130,736,0,1866,35,-0.6448293227238319,2.061171254664527
105,1566950400,706,261,0,967,35,-0.6448293227238319,0.2837605701164246
105,1566964800,85,70,0,155,35,-0.6448293227238319,-1.3216426288302483
105,1566979200,143,437,294,580,35,1.0993880873514967,-0.4813761761795882
105,1566993600,516,1034,518,1550,35,2.4283156378850803,1.4364084333995653
105,1567008000,620,586,0,1206,35,-0.6448293227238319,0.7562868811364428
105,1567022400,1165,655,0,1820,35,-0.6448293227238319,1.9702247680246905
105,1567036800,582,252,0,834,35,-0.6448293227238319,0.02080659787515919
105,1567051200,83,76,0,159,35,-0.6448293227238319,-1.3137342386876538
105,1567065600,115,384,269,499,35,0.9510702803723021,-0.6415210765671258
105,1567080000,444,932,488,1376,35,2.250334269510047,1.0923934621967069
105,1567094400,633,615,0,1248,35,-0.6448293227238319,0.8393249776336845
105,1567108800,1184,574,0,1758,35,-0.6448293227238319,1.8476447208144766
105,1567123200,596,298,0,894,35,-0.6448293227238319,0.13943245001407592
105,1567137600,96,71,0,167,35,-0.6448293227238319,-1.297917458402465
105,1567152000,109,395,286,504,35,1.0519263891181545,-0.6316355888888827
105,1567166400,403,960,557,1363,35,2.659691416772624,1.0666911942332749
105,1567180800,737,653,0,1390,35,-0.6448293227238319,1.1200728276957874
105,1567195200,932,539,0,1471,35,-0.6448293227238319,1.280217728083325
105,1567209600,524,304,0,828,35,-0.6448293227238319,0.00894401266126752
105,1567224000,144,74,0,218,35,-0.6448293227238319,-1.1970854840843859
105,1567238400,48,140,92,188,35,-0.09901979304039564,-1.2563984101538441
105,1567252800,188,462,274,650,35,0.980733841768141,-0.3429793486841854
105,1567267200,473,490,17,963,35,-0.5439732139779795,0.27585217997383016
105,1567281600,549,465,0,1014,35,-0.6448293227238319,0.3766841542919093
105,1567296000,393,310,0,703,35,-0.6448293227238319,-0.23819317929480896
105,1567310400,148,64,0,212,35,-0.6448293227238319,-1.2089480692982775
105,1567324800,40,91,51,131,35,-0.3422609964862748,-1.369092969685815
105,1567339200,160,403,243,563,35,0.7968197611139397,-0.5149868342856146
105,1567353600,414,491,77,905,35,-0.1880104772279124,0.16118052290621063
105,1567368000,541,388,0,929,35,-0.6448293227238319,0.20863086376177734
105,1567382400,313,259,0,572,35,-0.6448293227238319,-0.4971929564647771
105,1567396800,99,68,0,167,35,-0.6448293227238319,-1.297917458402465
105,1567411200,40,158,118,198,35,0.055230726217966764,-1.236627434797358
105,1567425600,151,432,281,583,35,1.0222628277223156,-0.4754448835726424
105,1567440000,356,521,165,877,35,0.3340682033388526,0.10582179190804951
105,1567454400,385,400,15,785,35,-0.5558386385363151,-0.07607118137162279
105,1567468800,298,205,0,503,36,-0.6315077107082998,-0.8365546673299312
105,1567483200,55,40,0,95,36,-0.6315077107082998,-1.5527775391443555
105,1567497600,135,467,332,602,36,1.0860158933713828,-0.6627652940220194
105,1567512000,465,1058,593,1523,36,2.4362377628436636,0.9540025122061294
105,1567526400,635,600,0,1235,36,-0.6315077107082998,0.448433426219477
105,1567540800,1201,605,0,1806,36,-0.6315077107082998,1.4507943571166246
105,1567555200,559,220,0,779,36,-0.6315077107082998,-0.352050959926056
105,1567569600,97,74,0,171,36,-0.6315077107082998,-1.4193634747867667
105,1567584000,196,466,270,662,36,0.7652735335733698,-0.5574384011081336
105,1567598400,565,1085,520,1650,36,2.0585895005008417,1.1769444355405214
105,1567612800,723,633,0,1356,36,-0.6315077107082998,0.6608426602624803
105,1567627200,1181,633,0,1814,36,-0.6315077107082998,1.4648379428384761
105,1567641600,653,241,0,894,36,-0.6315077107082998,-0.1501744151744413
105,1567656000,86,38,0,124,36,-0.6315077107082998,-1.501869540902644
105,1567670400,161,496,335,657,36,1.1015356849745126,-0.5662156421842907
105,1567684800,573,1065,492,1638,36,1.9137381122049648,1.1558790569577442
105,1567699200,794,601,0,1395,36,-0.6315077107082998,0.7293051406565062
105,1567713600,1322,631,0,1953,36,-0.6315077107082998,1.7088452447556453
105,1567728000,648,278,0,926,36,-0.6315077107082998,-0.09400007228703547
105,1567742400,111,50,0,161,36,-0.6315077107082998,-1.436917956939081
105,1567756800,162,507,345,669,36,1.1532683236516115,-0.5451502636015135
105,1567771200,518,1062,544,1580,36,2.182747833325879,1.054063060474321
105,1567785600,767,610,0,1377,36,-0.6315077107082998,0.6977070727823403
105,1567800000,1100,691,0,1791,36,-0.6315077107082998,1.4244626338881532
105,1567814400,655,328,0,983,36,-0.6315077107082998,0.006060475981156154
105,1567828800,163,97,0,260,36,-0.6315077107082998,-1.2631285836311692
105,1567843200,75,178,103,253,36,-0.09866153233418141,-1.2754167211377891
105,1567857600,296,565,269,861,36,0.7601002697056599,-0.20810420627707857
105,1567872000,652,655,3,1307,36,-0.6159879191051701,0.5748256977161401
105,1567886400,728,559,0,1287,36,-0.6315077107082998,0.5397167334115115
105,1567900800,576,303,0,879,36,-0.6315077107082998,-0.17650613840291277
105,1567915200,191,87,0,278,36,-0.6315077107082998,-1.2315305157570033
105,1567929600,60,136,76,196,36,-0.23833965676234836,-1.375477269405981
105,1567944000,239,571,332,810,36,1.0860158933713828,-0.2976320652538816
105,1567958400,562,582,20,1144,36,-0.5280424333541021,0.28868763863341673
105,1567972800,708,489,0,1197,36,-0.6315077107082998,0.3817263940406826
105,1567987200,328,273,0,601,36,-0.6315077107082998,-0.6645207422372509
105,1568001600,65,39,0,104,36,-0.6315077107082998,-1.5369785052072726
105,1568016000,176,516,340,692,36,1.127402004313062,-0.5047749546511906
105,1568030400,557,1110,553,1667,36,2.229307208135268,1.2067870551994557
105,1568044800,713,590,0,1303,36,-0.6315077107082998,0.5678039048552144
105,1568059200,1267,691,0,1958,36,-0.6315077107082998,1.7176224858318023
105,1568073600,616,225,0,841,37,-0.6502307180203037,-0.35500563071226326
105,1568088000,84,51,0,135,37,-0.6502307180203037,-1.5258016447129332
105,1568102400,164,554,390,718,37,1.3004614360406075,-0.5589828399503404
105,1568116800,484,1033,549,1517,37,2.095743621926979,0.7660398444498515
105,1568131200,730,659,0,1389,37,-0.6502307180203037,0.5537708787386818
105,1568145600,1353,682,0,2035,37,-0.6502307180203037,1.6250658150622412
105,1568160000,713,299,0,1012,37,-0.6502307180203037,-0.07142755933249753
105,1568174400,116,60,0,176,37,-0.6502307180203037,-1.4578092416335744
105,1568188800,176,553,377,729,37,1.2354383642385771,-0.5407409757095367
105,1568203200,537,1162,625,1699,37,2.4758785032311565,1.0678597800704208
105,1568217600,803,655,0,1458,37,-0.6502307180203037,0.6681971180673592
105,1568232000,1356,705,0,2061,37,-0.6502307180203037,1.6681829487223225
105,1568246400,774,311,0,1085,37,-0.6502307180203037,0.0496320851746539
105,1568260800,96,66,0,162,37,-0.6502307180203037,-1.4810261597582335
105,1568275200,172,554,382,726,37,1.2604472380085887,-0.5457160295933923
105,1568289600,580,1091,511,1671,37,1.9056761812748901,1.0214259438211024
105,1568304000,804,639,0,1443,37,-0.6502307180203037,0.6433218486480815
105,1568318400,1279,769,0,2048,37,-0.6502307180203037,1.6466243818922819
105,1568332800,696,266,0,962,37,-0.6502307180203037,-0.15434512406342318
105,1568347200,111,51,0,162,37,-0.6502307180203037,-1.4810261597582335
105,1568361600,144,520,376,664,37,1.2304365894845746,-0.64853380985974
105,1568376000,596,1061,465,1657,37,1.6755945425907826,0.9982090256964432
105,1568390400,793,706,0,1499,37,-0.6502307180203037,0.7361895211467182
105,1568404800,1336,751,0,2087,37,-0.6502307180203037,1.7113000823824038
105,1568419200,818,417,0,1235,37,-0.6502307180203037,0.29838477936743085
105,1568433600,212,90,0,302,37,-0.6502307180203037,-1.2488569785116417
105,1568448000,88,163,75,251,37,-0.2750976114701285,-1.3334328945371858
105,1568462400,303,636,333,939,37,1.0153602750624742,-0.19248720383964898
105,1568476800,641,648,7,1289,37,-0.6152182947422873,0.3879357492768305
105,1568491200,757,499,0,1256,37,-0.6502307180203037,0.3332101565544196
105,1568505600,605,351,0,956,37,-0.6502307180203037,-0.16429523183113426
105,1568520000,193,79,0,272,37,-0.6502307180203037,-1.298607517350197
105,1568534400,49,126,77,175,37,-0.2650940619621238,-1.4594675929281928
105,1568548800,241,527,286,768,37,0.7802768616243644,-0.47606527521941466
105,1568563200,584,685,101,1269,37,-0.14505146786606773,0.35476872338446025
105,1568577600,719,530,0,1249,37,-0.6502307180203037,0.32160169749209
105,1568592000,391,251,0,642,37,-0.6502307180203037,-0.6850175383413473
105,1568606400,65,37,0,102,37,-0.6502307180203037,-1.5805272374353443
105,1568620800,148,521,373,669,37,1.2154312652225676,-0.6402420533866474
105,1568635200,556,1089,533,1645,37,2.0157152258629414,0.9783088101610211
105,1568649600,685,653,0,1338,37,-0.6502307180203037,0.46919496271313765
105,1568664000,1305,715,0,2020,37,-0.6502307180203037,1.6001905456429635
105,1568678400,701,238,0,939,38,-0.6361497167866274,-0.22426803430236808
105,1568692800,95,51,0,146,38,-0.6361497167866274,-1.5557245673638058
105,1568707200,169,561,392,730,38,1.2334627318344065,-0.5751815467990143
105,1568721600,585,1145,560,1730,38,2.0347252098148494,1.1038304747160397
105,1568736000,781,643,0,1424,38,-0.6361497167866274,0.5900527961324331
105,1568750400,1392,658,0,2050,38,-0.6361497167866274,1.6411143216008568
105,1568764800,687,256,0,943,38,-0.6361497167866274,-0.21755198621630786
105,1568779200,150,81,0,231,38,-0.6361497167866274,-1.4130085455350263
105,1568793600,179,576,397,755,38,1.2573098293933482,-0.533206246261138
105,1568808000,564,1181,617,1745,38,2.3065821219867857,1.1290156550387653
105,1568822400,824,645,0,1469,38,-0.6361497167866274,0.6656083371006105
105,1568836800,1374,662,0,2036,38,-0.6361497167866274,1.6176081532996462
105,1568851200,765,294,0,1059,38,-0.6361497167866274,-0.022786591720561612
105,1568865600,177,75,0,252,38,-0.6361497167866274,-1.3777492930832103
105,1568880000,172,590,418,762,38,1.3574676391409035,-0.5214531621105326
105,1568894400,529,1191,662,1720,38,2.5212060000172616,1.087040354500889
105,1568908800,765,600,0,1365,38,-0.6361497167866274,0.49099108686304493
105,1568923200,1417,743,0,2160,38,-0.6361497167866274,1.8258056439675128
105,1568937600,724,303,0,1027,38,-0.6361497167866274,-0.07651497640904334
105,1568952000,208,75,0,283,38,-0.6361497167866274,-1.3256999204162436
105,1568966400,148,506,358,654,38,1.0713024684336026,-0.7027864604341585
105,1568980800,569,1047,478,1616,38,1.6436328098482047,0.9124231042633235
105,1568995200,805,598,0,1403,38,-0.6361497167866274,0.554793543680617
105,1569009600,1287,814,0,2101,38,-0.6361497167866274,1.7267439346981246
105,1569024000,754,352,0,1106,38,-0.6361497167866274,0.05612697329064593
105,1569038400,219,93,0,312,38,-0.6361497167866274,-1.277008571792307
105,1569052800,83,191,108,274,38,-0.12105240951348531,-1.340811028609879
105,1569067200,307,573,266,880,38,0.6325158733490743,-0.32332974357175626
105,1569081600,712,675,0,1387,38,-0.6361497167866274,0.5279293513363761
105,1569096000,882,635,0,1517,38,-0.6361497167866274,0.7462009141333331
105,1569110400,657,344,0,1001,38,-0.6361497167866274,-0.12016928896843475
105,1569124800,208,98,0,306,38,-0.6361497167866274,-1.2870826439213974
105,1569139200,67,141,74,208,38,-0.28321267291428925,-1.4516258220298726
105,1569153600,271,522,251,793,38,0.560974580672249,-0.469403789443566
105,1569168000,557,631,74,1188,38,-0.28321267291428925,0.19380595905488035
105,1569182400,661,428,0,1089,38,-0.6361497167866274,0.02758376892489001
105,1569196800,389,263,0,652,38,-0.6361497167866274,-0.7061444844771886
105,1569211200,67,64,0,131,38,-0.6361497167866274,-1.5809097476865317
105,1569225600,163,554,391,717,38,1.228693312322618,-0.5970087030787101
105,1569240000,555,1111,556,1666,38,2.015647531767696,0.9963737053390762
105,1569254400,718,571,0,1289,38,-0.6361497167866274,0.3633861732279008
105,1569268800,1215,717,0,1932,38,-0.6361497167866274,1.4429909030620804
105,1569283200,624,274,0,898,39,-0.5259809329818644,0.22557391455058795
105,1569297600,96,63,0,159,39,-0.5259809329818644,-0.8910887371378202
105,1569312000,176,610,434,786,39,1.8626733214387408,0.0563368144300173
105,1569326400,606,1104,498,1710,39,2.214917266791088,1.452542890424725
105,1569340800,832,656,0,1488,39,-0.5259809329818644,1.1170907812571655
105,1569355200,1343,680,0,2023,39,-0.5259809329818644,1.9255001434402486
105,1569369600,740,282,0,1022,39,-0.5259809329818644,0.4129435611126483
105,1569384000,95,57,0,152,39,-0.5259809329818644,-0.9016660558953559
105,1569398400,185,639,454,824,39,1.9727495543613491,0.11375654482806805
105,1569412800,632,1163,531,1795,39,2.396543051113392,1.5809817610519439
105,1569427200,836,650,0,1486,39,-0.5259809329818644,1.114068690183584
105,1569432586,485,240,0,725,39,-0.5259809329818644,-0.03583696331422207
105,1569432667,15,22,7,37,39,-0.48745425145895144,-1.0754362926262988
105,1569432747,6,8,2,14,39,-0.5149733096896035,-1.1101903399724875
105,1569432827,7,10,3,17,39,-0.5094694980434731,-1.105657203362115
105,1569432908,8,3,0,11,39,-0.5259809329818644,-1.11472347658286
105,1569432988,6,3,0,9,39,-0.5259809329818644,-1.1177455676564416
105,1569433069,8,18,10,26,39,-0.47094281652056014,-1.0920577935309979
105,1569433149,8,6,0,14,39,-0.5259809329818644,-1.1101903399724875
105,1569433230,13,5,0,18,39,-0.5259809329818644,-1.1041461578253242
105,1569433310,7,3,0,10,39,-0.5259809329818644,-1.1162345221196508
105,1569433390,7,4,0,11,39,-0.5259809329818644,-1.11472347658286
105,1569433471,12,15,3,27,39,-0.5094694980434731,-1.090546747994207
105,1569433551,9,5,0,14,39,-0.5259809329818644,-1.1101903399724875
105,1569433631,11,1,0,12,39,-0.5259809329818644,-1.1132124310460692
105,1569433712,11,9,0,20,39,-0.5259809329818644,-1.1011240667517426
105,1569433793,7,4,0,11,39,-0.5259809329818644,-1.11472347658286
105,1569433873,6,16,10,22,39,-0.47094281652056014,-1.0981019756781611
105,1569433954,10,4,0,14,39,-0.5259809329818644,-1.1101903399724875
105,1569441600,730,544,0,1274,39,-0.5259809329818644,0.7937270363839323
105,1569456000,765,298,0,1063,39,-0.5259809329818644,0.47489642812107147
105,1569470400,96,63,0,159,39,-0.5259809329818644,-0.8910887371378202
105,1569484800,185,577,392,762,39,1.6315132323012629,0.02007172154703787
105,1569499200,564,1188,624,1752,39,2.908397534203522,1.5160068029699392
105,1569513600,804,684,0,1488,39,-0.5259809329818644,1.1170907812571655
105,1569528000,1279,822,0,2101,39,-0.5259809329818644,2.0433616953099314
105,1569542400,697,296,0,993,39,-0.5259809329818644,0.3691232405457148
105,1569556800,140,53,0,193,39,-0.5259809329818644,-0.8397131888869327
105,1569571200,143,556,413,699,39,1.7470932768700018,-0.07512414727078312
105,1569585600,553,1103,550,1656,39,2.5011154723898703,1.3709464314380215
105,1569600000,773,665,0,1438,39,-0.5259809329818644,1.041538504417625
105,1569614400,1211,763,0,1974,39,-0.5259809329818644,1.851458912137499
105,1569628800,709,436,0,1145,39,-0.5259809329818644,0.5988021621379178
105,1569643200,215,81,0,296,39,-0.5259809329818644,-0.6840754985974793
105,1569657600,75,200,125,275,39,0.1619955227844389,-0.7158074548700862
105,1569672000,302,717,415,1019,39,1.7581009001622625,0.4084104245022759
105,1569686400,713,687,0,1400,39,-0.5259809329818644,0.9841187740195743
105,1569700800,906,616,0,1522,39,-0.5259809329818644,1.168466329508053
105,1569715200,575,362,0,937,39,-0.5259809329818644,0.28450469048542953
105,1569729600,232,94,0,326,39,-0.5259809329818644,-0.6387441324937551
105,1569744000,78,140,62,218,39,-0.18474461092177796,-0.8019370504671625
105,1569758400,274,528,254,802,39,0.8719872251352639,0.08051354301867024
105,1569772800,556,714,158,1270,39,0.343621307106743,0.787682854236769
105,1569787200,666,489,0,1155,39,-0.5259809329818644,0.6139126175058259
105,1569801600,396,304,0,700,39,-0.5259809329818644,-0.07361310173399231
105,1569816000,87,51,0,138,39,-0.5259809329818644,-0.9228206934104272
105,1569830400,136,476,340,612,39,1.3453150267024807,-0.20658510897158353
105,1569844800,483,920,437,1403,39,1.879184756377132,0.9886519106299466
105,1569859200,599,611,12,1210,39,-0.4599351932282993,0.6970201220293205
105,1569873600,1069,519,0,1588,39,-0.5259809329818644,1.2681953349362465
105,1569888000,533,228,0,761,40,-0.663305947860892,-0.5032843899181406
105,1569902400,119,45,0,164,40,-0.663305947860892,-1.5467235161631758
105,1569916800,163,557,394,720,40,1.2925719611202273,-0.5749443634123558
105,1569931200,561,997,436,1558,40,1.5010665605547628,0.8897155826401394
105,1569945600,719,620,0,1339,40,-0.663305947860892,0.5069464559271365
105,1569960000,1186,700,0,1886,40,-0.663305947860892,1.4629953705938605
105,1569974400,727,292,0,1019,40,-0.663305947860892,-0.05235089817405499
105,1569988800,124,64,0,188,40,-0.663305947860892,-1.5047762146055865
105,1570003200,202,593,391,795,40,1.2776794897320463,-0.443859046044889
105,1570017600,589,1140,551,1729,40,2.0719446304350386,1.1885901062379636
105,1570032000,828,622,0,1450,40,-0.663305947860892,0.7009527256309872
105,1570046400,1239,725,0,1964,40,-0.663305947860892,1.599324100656026
105,1570060800,816,302,0,1118,40,-0.663305947860892,0.12068172075100111
105,1570075200,94,59,0,153,40,-0.663305947860892,-1.5659493627104044
105,1570089600,153,555,402,708,40,1.332285218155377,-0.5959180141911504
105,1570104000,495,1135,640,1630,40,2.5137546149510785,1.0155574873129074
105,1570118400,730,631,0,1361,40,-0.663305947860892,0.5453981490215933
105,1570132800,1249,666,0,1915,40,-0.663305947860892,1.5136816933092812
105,1570147200,756,299,0,1055,40,-0.663305947860892,0.010570054162329045
105,1570161600,132,69,0,201,40,-0.663305947860892,-1.4820547595952256
105,1570176000,172,550,378,722,40,1.2131454470499279,-0.5714487549492233
105,1570190400,557,1089,532,1646,40,1.9776256449765586,1.043522355017967
105,1570204800,764,637,0,1401,40,-0.663305947860892,0.6153103182842423
105,1570219200,1212,808,0,2020,40,-0.663305947860892,1.6972011376237346
105,1570233600,634,369,0,1003,40,-0.663305947860892,-0.08031576587911457
105,1570248000,193,80,0,273,40,-0.663305947860892,-1.3562128549224575
105,1570262400,74,235,161,309,40,0.13592334997149427,-1.2932919025860736
105,1570276800,355,679,324,1034,40,0.945080962062668,-0.02613383470056164
105,1570291200,760,694,0,1454,40,-0.663305947860892,0.7079439425572521
105,1570305600,883,610,0,1493,40,-0.663305947860892,0.7761083075883348
105,1570320000,616,333,0,949,40,-0.663305947860892,-0.17469719438369063
105,1570334400,184,93,0,277,40,-0.663305947860892,-1.3492216379961928
105,1570348800,85,147,62,232,40,-0.3555282058384824,-1.4278728284166726
105,1570363200,253,602,349,855,40,1.0691848902975105,-0.3389907921509156
105,1570377600,563,681,118,1244,40,-0.07753540659243499,0.34090505392834525
105,1570392000,689,434,0,1123,40,-0.663305947860892,0.12942074190883224
105,1570406400,374,217,0,591,40,-0.663305947860892,-0.8004111092843985
105,1570420800,83,48,0,131,40,-0.663305947860892,-1.6044010558048614
105,1570435200,167,566,399,733,40,1.317392746767196,-0.5522229084019948
105,1570449600,601,1076,475,1677,40,1.6946686886011173,1.0977042861965198
105,1570464000,736,616,0,1352,40,-0.663305947860892,0.5296679109374973
105,1570478400,1241,582,0,1823,40,-0.663305947860892,1.3528837040051884
105,1570492800,595,275,0,870,41,-0.685453727555784,-0.2875317648180131
105,1570507200,87,52,0,139,41,-0.685453727555784,-1.5621203070418996
105,1570521600,168,626,458,794,41,1.587889014386123,-0.4200471262530547
105,1570536000,640,1080,440,1720,41,1.4985436664495417,1.1945479354423199
105,1570550400,782,685,0,1467,41,-0.685453727555784,0.7534112717177738
105,1570564800,1245,588,0,1833,41,-0.685453727555784,1.3915773544181054
105,1570579200,637,319,0,956,41,-0.685453727555784,-0.13758017161520295
105,1570593600,89,76,0,165,41,-0.685453727555784,-1.5167861044457012
105,1570608000,132,530,398,662,41,1.2900711879308515,-0.6502053855876005
105,1570622400,498,939,441,1437,41,1.5035072968904628,0.7011025764144679
105,1570636800,560,600,40,1160,41,-0.48690850991893625,0.218118956447277
105,1570651200,1109,646,0,1755,41,-0.685453727555784,1.2555747466295102
105,1570665600,567,303,0,870,41,-0.685453727555784,-0.2875317648180131
105,1570680000,80,52,0,132,41,-0.685453727555784,-1.5743256692793377
105,1570694400,167,589,422,756,41,1.4091983185129602,-0.48630480697057543
105,1570708800,588,1149,561,1737,41,2.0991429498010064,1.2241895294475267
105,1570723200,768,685,0,1453,41,-0.685453727555784,0.7290005472428976
105,1570737600,1379,763,0,2142,41,-0.685453727555784,1.9303569160421559
105,1570752000,791,344,0,1135,41,-0.685453727555784,0.17452837702785542
105,1570766400,122,77,0,199,41,-0.685453727555784,-1.4575029164352877
105,1570780800,154,541,387,695,41,1.2354712530807181,-0.592665820753964
105,1570795200,534,1214,680,1748,41,2.689814972270628,1.2433693843920721
105,1570809600,779,658,0,1437,41,-0.685453727555784,0.7011025764144679
105,1570824000,1214,785,0,1999,41,-0.685453727555784,1.6810188017630645
105,1570838400,710,348,0,1058,41,-0.685453727555784,0.040269392416037025
105,1570852800,228,82,0,310,41,-0.685453727555784,-1.263960743813056
105,1570867200,67,214,147,281,41,0.044199947259631556,-1.3145258159395852
105,1570881600,291,687,396,978,41,1.2801439270490091,-0.09922046172611197
105,1570896000,757,797,40,1554,41,-0.48690850991893625,0.9051064880973608
105,1570910400,887,648,0,1535,41,-0.685453727555784,0.8719776477386004
105,1570924800,666,353,0,1019,41,-0.685453727555784,-0.027731911478260613
105,1570939200,227,88,0,315,41,-0.685453727555784,-1.2552426279291717
105,1570953600,74,154,80,228,41,-0.28836329228208846,-1.4069378443087588
105,1570968000,283,564,281,847,41,0.7093264263430716,-0.32763509788388095
105,1570982400,577,700,123,1277,41,-0.07492718332247711,0.4221228681301699
105,1570996800,765,509,0,1274,41,-0.685453727555784,0.41689199859983933
105,1571011200,368,263,0,631,41,-0.685453727555784,-0.7042577040676833
105,1571025600,82,54,0,136,41,-0.685453727555784,-1.56735117657223
105,1571040000,100,372,272,472,41,0.6646537523747809,-0.9814937891752044
105,1571054400,419,945,526,1364,41,1.9254158843687643,0.5738180845097569
105,1571068800,567,675,108,1242,41,-0.14938163993629502,0.3610960569429797
105,1571083200,1080,604,0,1684,41,-0.685453727555784,1.1317775010783528
105,1571097600,558,234,0,792,42,-0.6554660709277027,-0.4486740398736861
105,1571112000,76,57,0,133,42,-0.6554660709277027,-1.5288166923590203
105,1571126400,171,581,410,752,42,1.3504208566313947,-0.5142365680973786
105,1571140800,610,1062,452,1672,42,1.5559019565276924,0.9937015810475491
105,1571155200,799,713,0,1512,42,-0.6554660709277027,0.7314514681527792
105,1571169600,1298,656,0,1954,42,-0.6554660709277027,1.4559174050245813
105,1571184000,697,374,0,1071,42,-0.6554660709277027,0.008624594486569163
105,1571198400,125,71,0,196,42,-0.6554660709277027,-1.4255557104067045
105,1571212800,193,548,355,741,42,1.0813384639100523,-0.532266263358894
105,1571227200,589,1206,617,1795,42,2.3631491346917195,1.1953063553354037
105,1571241600,714,627,0,1341,42,-0.6554660709277027,0.4511716599964936
105,1571256000,1257,733,0,1990,42,-0.6554660709277027,1.5149236804259048
105,1571270400,604,289,0,893,42,-0.6554660709277027,-0.2831286561088625
105,1571284800,81,62,0,143,42,-0.6554660709277027,-1.5124260603030972
105,1571299200,174,559,385,733,42,1.2281106781216935,-0.5453787690036326
105,1571313600,622,1175,553,1797,42,2.0500350777068848,1.1985844817465883
105,1571328000,800,690,0,1490,42,-0.6554660709277027,0.6953920776297482
105,1571342400,1326,820,0,2146,42,-0.6554660709277027,1.7706175404983056
105,1571356800,752,334,0,1086,42,-0.6554660709277027,0.03321054257045385
105,1571371200,117,74,0,191,42,-0.6554660709277027,-1.4337510264346662
105,1571385600,168,527,359,695,42,1.1009080924716044,-0.6076631708161404
105,1571400000,552,1188,636,1740,42,2.456104870359092,1.1051578790278265
105,1571414400,799,704,0,1503,42,-0.6554660709277027,0.7166998993024483
105,1571428800,1217,783,0,2000,42,-0.6554660709277027,1.5313143124818278
105,1571443200,665,391,0,1056,42,-0.6554660709277027,-0.015961353597315528
105,1571457600,208,80,0,288,42,-0.6554660709277027,-1.2747618954922117
105,1571472000,87,198,111,285,42,-0.11240887834463005,-1.2796790851089888
105,1571486400,291,656,365,947,42,1.1302625353139326,-0.19461924300687763
105,1571500800,781,797,16,1578,42,-0.577187556681494,0.8396296397218718
105,1571515200,887,662,0,1549,42,-0.6554660709277027,0.7920968067596947
105,1571529600,627,323,0,950,42,-0.6554660709277027,-0.18970205339010068
105,1571544000,215,94,0,309,42,-0.6554660709277027,-1.2403415681747731
105,1571558400,67,123,56,190,42,-0.38149127106597236,-1.4353900896402585
105,1571572800,242,559,317,801,42,0.8954269925753067,-0.4339224710233553
105,1571587200,531,666,135,1197,42,0.00500889302468297,0.2151465583912006
105,1571601600,642,388,0,1030,42,-0.6554660709277027,-0.05857699694271566
105,1571616000,317,201,0,518,42,-0.6554660709277027,-0.8977773582059798
105,1571630400,63,52,0,115,42,-0.6554660709277027,-1.5583198300596819
105,1571644800,161,543,382,704,42,1.2134334567005294,-0.5929116019658096
105,1571659200,587,1065,478,1652,42,1.6831045421777815,0.9609203169357029
105,1571673600,735,585,0,1320,42,-0.6554660709277027,0.41675133267905506
105,1571688000,1264,642,0,1906,42,-0.6554660709277027,1.3772423711561503
105,1571702400,692,284,0,976,43,-0.6576228115129495,-0.156569991686281
105,1571716800,98,70,0,168,43,-0.6576228115129495,-1.466892861690136
105,1571731200,164,564,400,728,43,1.2254627915921386,-0.5587482983211276
105,1571745600,565,1099,534,1664,43,1.8562964686323429,0.9591504718813579
105,1571760000,727,665,0,1392,43,-0.6576228115129495,0.5180516839592681
105,1571774400,1279,690,0,1969,43,-0.6576228115129495,1.4537649215734072
105,1571788800,667,282,0,949,43,-0.6576228115129495,-0.2003555331344296
105,1571803200,90,59,0,149,43,-0.6576228115129495,-1.49770490937587
105,1571817600,200,590,390,790,43,1.1783856515145112,-0.4582037216624159
105,1571832000,578,1119,541,1697,43,1.889250466686682,1.0126661336513174
105,1571846400,793,660,0,1453,43,-0.6576228115129495,0.616974573897678
105,1571860800,1378,768,0,2146,43,-0.6576228115129495,1.7408034710668259
105,1571875200,846,324,0,1170,43,-0.6576228115129495,0.15803723205226836
105,1571889600,113,65,0,178,43,-0.6576228115129495,-1.450675994487118
105,1571904000,160,593,433,753,43,1.3808173538483082,-0.5182061303135825
105,1571918400,585,1175,590,1760,43,2.1199284530670552,1.1148323970303309
105,1571932800,817,620,0,1437,43,-0.6576228115129495,0.5910275863728491
105,1571947200,1430,877,0,2307,43,-0.6576228115129495,2.001895033035416
105,1571961600,907,361,0,1268,43,-0.6576228115129495,0.3169625306418448
105,1571976000,161,61,0,222,43,-0.6576228115129495,-1.3793217787938388
105,1571990400,164,575,411,739,43,1.2772476456775284,-0.5409097443978078
105,1572004800,562,1155,593,1717,43,2.1340515950903436,1.0450998680573533
105,1572019200,827,667,0,1494,43,-0.6576228115129495,0.6834637294300518
105,1572033600,1279,725,0,2004,43,-0.6576228115129495,1.5105239567839701
105,1572048000,744,401,0,1145,43,-0.6576228115129495,0.11749506404472335
105,1572062400,205,116,0,321,43,-0.6576228115129495,-1.2187747934839606
105,1572076800,87,205,118,292,43,-0.1021125585969486,-1.2658037083727127
105,1572091200,269,609,340,878,43,0.9429999511263752,-0.31549529027585743
105,1572105600,669,690,21,1359,43,-0.5587608173499324,0.46453602218930873
105,1572120000,895,598,0,1493,43,-0.6576228115129495,0.68184204270975
105,1572134400,515,363,0,878,43,-0.6576228115129495,-0.31549529027585743
105,1572148800,190,123,0,313,43,-0.6576228115129495,-1.231748287246375
105,1572163200,76,123,47,199,43,-0.43636025314810173,-1.4166205733607802
105,1572177600,178,429,251,607,43,0.5240134044354932,-0.7549723914776455
105,1572192000,374,574,200,948,43,0.28391999003959445,-0.2019772198547314
105,1572206400,519,452,0,971,43,-0.6576228115129495,-0.16467842528778998
105,1572220800,329,252,0,581,43,-0.6576228115129495,-0.7971362462054923
105,1572235200,68,62,0,130,43,-0.6576228115129495,-1.5285169570616044
105,1572249600,166,532,366,698,43,1.065400515328206,-0.6073988999301816
105,1572264000,556,1188,632,1744,43,2.3176524413930895,1.088885409505502
105,1572278400,755,606,0,1361,43,-0.6576228115129495,0.4677793956299123
105,1572292800,1303,696,0,1999,43,-0.6576228115129495,1.5024155231824612
105,1572307200,639,248,0,887,44,-0.5978456755288325,-0.3608172370437973
105,1572321600,83,47,0,130,44,-0.5978456755288325,-1.4752457295964727
105,1572336000,173,571,398,744,44,1.1592436067999394,-0.5713367541310266
105,1572350400,559,1175,616,1734,44,2.121669394608161,0.8861060564728687
105,1572364800,795,642,0,1437,44,-0.5978456755288325,0.4488732132917001
105,1572379200,1358,663,0,2021,44,-0.5978456755288325,1.3086172551024828
105,1572393600,755,269,0,1024,44,-0.5978456755288325,-0.15913070668750068
105,1572408000,82,68,0,150,44,-0.5978456755288325,-1.4458024404933638
105,1572422400,181,477,296,658,44,0.7089342932382945,-0.6979428972743953
105,1572436800,579,1357,778,1936,44,2.8368665396766564,1.1834832764142695
105,1572451200,838,647,0,1485,44,-0.5978456755288325,0.5195371071391617
105,1572465600,1415,671,0,2086,44,-0.5978456755288325,1.404307944687587
105,1572480000,754,317,0,1071,44,-0.5978456755288325,-0.08993897729519454
105,1572494400,94,66,0,160,44,-0.5978456755288325,-1.4310807959418093
105,1572508800,158,487,329,645,44,0.854622600567062,-0.7170810351914162
105,1572523200,548,1142,594,1690,44,2.024543856388983,0.8213308204460289
105,1572537600,868,694,0,1562,44,-0.5978456755288325,0.6328937701861314
105,1572552000,1644,1162,0,2806,44,-0.5978456755288325,2.4642663523995108
105,1572566400,1534,616,0,2150,44,-0.5978456755288325,1.4985264698175358
105,1572580800,253,71,0,324,44,-0.5978456755288325,-1.1896458252963156
105,1572595200,161,521,360,682,44,0.9914813135122679,-0.6626109503506645
105,1572609600,538,1129,591,1667,44,2.01129946481364,0.7874710379774535
105,1572624000,850,733,0,1583,44,-0.5978456755288325,0.6638092237443958
105,1572638400,1265,772,0,2037,44,-0.5978456755288325,1.3321718863849699
105,1572652800,654,381,0,1035,44,-0.5978456755288325,-0.14293689768079074
105,1572667200,187,74,0,261,44,-0.5978456755288325,-1.282392185971109
105,1572681600,76,231,155,307,44,0.08644788919719684,-1.2146726210339582
105,1572696000,285,652,367,937,44,1.0223848938547337,-0.2872090142860248
105,1572710400,726,751,25,1477,44,-0.48747574573431157,0.5077597914979181
105,1572724800,968,679,0,1647,44,-0.5978456755288325,0.7580277488743445
105,1572739200,600,337,0,937,44,-0.5978456755288325,-0.2872090142860248
105,1572750000,180,114,0,294,44,-0.5978456755288325,-1.233810758950979
105,1572764400,75,84,9,159,44,-0.558112500802805,-1.4325529603969647
105,1572778800,226,470,244,696,44,0.47936483926569107,-0.6420006479784882
105,1572793200,584,689,105,1273,44,-0.13429197039184487,0.2074382426462063
105,1572807600,803,753,0,1556,44,-0.5978456755288325,0.6240607834551986
105,1572822000,442,291,0,733,44,-0.5978456755288325,-0.5875305631377366
105,1572836400,111,80,0,191,44,-0.5978456755288325,-1.3854436978319904
105,1572850800,79,272,193,351,44,0.25421018248486854,-1.1498973850071184
105,1572865200,562,1308,746,1870,44,2.6955930295396695,1.0863204223740097
105,1572879600,601,618,17,1219,44,-0.5227941232685582,0.12794136206781204
105,1572894000,1233,711,0,1944,44,-0.5978456755288325,1.195260592055513
105,1572908400,792,332,0,1124,44,-0.5978456755288325,-0.011914261171955702
105,1572922800,154,79,0,233,45,-0.6247383326696151,-1.3331344340415503
105,1572937200,80,270,190,350,45,0.23259819264483514,-1.1440444467741184
105,1572951600,581,1329,748,1910,45,2.7504601985683257,1.3771553834583072
105,1572966000,617,680,63,1297,45,-0.34046359006535004,0.3864531424759502
105,1572980400,1255,675,0,1930,45,-0.6247383326696151,1.4094784582048767
105,1572994800,833,437,0,1270,45,-0.6247383326696151,0.3428169915680813
105,1573009200,195,98,0,293,45,-0.6247383326696151,-1.2361652098018416
105,1573023600,76,287,211,363,45,0.32735644017959015,-1.1230344481888481
105,1573038000,608,1313,705,1921,45,2.5564314059971607,1.3949330745689204
105,1573052400,654,693,39,1347,45,-0.44875873010507006,0.4672608293423741
105,1573066800,1417,763,0,2180,45,-0.6247383326696151,1.8135168925369962
105,1573081200,1040,382,0,1422,45,-0.6247383326696151,0.58847235964201
105,1573095600,213,109,0,322,45,-0.6247383326696151,-1.1892967514193158
105,1573110000,80,307,227,387,45,0.39955320020607016,-1.0842467584929647
105,1573124400,634,1337,703,1971,45,2.547406810993851,1.4757407614353444
105,1573138800,653,678,25,1331,45,-0.5119308951282401,0.44140236954511847
105,1573153200,1281,793,0,2074,45,-0.6247383326696151,1.6422045963801775
105,1573167600,861,403,0,1264,45,-0.6247383326696151,0.33312006914411046
105,1573182000,308,269,0,577,45,-0.6247383326696151,-0.7771775484005539
105,1573196400,215,294,79,509,45,-0.26826683003887,-0.8870760025388904
105,1573210800,560,1304,744,1864,45,2.732411008561706,1.3028123115411971
105,1573225200,605,745,140,1350,45,0.006983317562085072,0.4721092905543596
105,1573239600,1108,736,0,1844,45,-0.6247383326696151,1.2704892367946277
105,1573254000,752,411,0,1163,45,-0.6247383326696151,0.1698885416739342
105,1573268400,277,190,0,467,45,-0.6247383326696151,-0.9549544595066864
105,1573282800,64,108,44,172,45,-0.42619724259679503,-1.4317198120185874
105,1573297200,180,552,372,732,45,1.0538363379460454,-0.5266737191146398
105,1573311600,579,756,177,1335,45,0.1739383251233201,0.4478669844944324
105,1573326000,793,730,0,1523,45,-0.6247383326696151,0.7517038871121863
105,1573340400,494,461,0,955,45,-0.6247383326696151,-0.1662714356903892
105,1573354800,233,175,0,408,45,-0.6247383326696151,-1.0503075300090665
105,1573369200,77,90,13,167,45,-0.5660784651481001,-1.4398005807052299
105,1573383600,149,400,251,549,45,0.5078483402457902,-0.8224298530457512
105,1573398000,438,709,271,1147,45,0.5980942902788903,0.14403008187667854
105,1573412400,599,553,0,1152,45,-0.6247383326696151,0.15211085056332094
105,1573426800,393,292,0,685,45,-0.6247383326696151,-0.6026329447690782
105,1573441200,108,92,0,200,45,-0.6247383326696151,-1.38646750737339
105,1573455600,49,260,211,309,45,0.32735644017959015,-1.2103067500045859
105,1573470000,499,981,482,1480,45,1.5501890631280955,0.6822092764070616
105,1573484400,522,642,120,1164,45,-0.08326263247101495,0.17150469541126268
105,1573498800,1072,685,0,1757,45,-0.6247383326696151,1.1298838616470501
105,1573513200,699,358,0,1057,45,-0.6247383326696151,-0.0014237544828844715
105,1573527600,141,86,0,227,46,-0.5415843818001185,-0.8133094458860002
105,1573542000,65,301,236,366,46,0.6246009658716695,-0.6142012508751615
105,1573556400,563,1287,724,1850,46,3.0360350746167226,1.5115294066506275
105,1573570800,549,666,117,1215,46,0.03656682869818321,0.60193441505435
105,1573585200,1221,769,0,1990,46,-0.5415843818001185,1.7120700347190982
105,1573599600,692,405,0,1097,46,-0.5415843818001185,0.43290731425378176
105,1573614000,147,101,0,248,46,-0.5415843818001185,-0.7832283516757296
105,1573628400,73,297,224,370,46,0.5653034058205616,-0.6084715186446338
105,1573642800,623,1199,576,1822,46,2.3046985006530587,1.4714212810369334
105,1573657200,568,647,79,1215,46,-0.15120877813032502,0.60193441505435
105,1573671600,1174,724,0,1898,46,-0.5415843818001185,1.5802861934169603
105,1573686000,732,337,0,1069,46,-0.5415843818001185,0.39279918864008767
105,1573700400,150,108,0,258,46,-0.5415843818001185,-0.7689040210994103
105,1573714800,70,311,241,381,46,0.6493082825596311,-0.5927147550106825
105,1573729200,595,1316,721,1911,46,3.0212106846039455,1.5989078231661755
105,1573743600,606,688,82,1294,46,-0.13638438811754805,0.7150966266072727
105,1573758000,1357,807,0,2164,46,-0.5415843818001185,1.9613133867470547
105,1573772400,854,481,0,1335,46,-0.5415843818001185,0.7738263819701819
105,1573786800,211,106,0,317,46,-0.5415843818001185,-0.6843904706991262
105,1573801200,61,318,257,379,46,0.7283716959611083,-0.5955796211259463
105,1573815600,558,1245,687,1803,46,2.8532009311258064,1.4442050529419268
105,1573830000,630,731,101,1361,46,-0.04249658470329394,0.8110696414686122
105,1573844400,1147,884,0,2031,46,-0.5415843818001185,1.7707997900820076
105,1573858800,730,440,0,1170,46,-0.5415843818001185,0.537474927460913
105,1573873200,287,144,0,431,46,-0.5415843818001185,-0.5210931021290858
105,1573887600,57,126,69,183,46,-0.20062341150624824,-0.8763365004218053
105,1573902000,210,581,371,791,46,1.2916985164466328,-0.005417201381589815
105,1573916400,587,699,112,1286,46,0.0118595120102216,0.7036371621462172
105,1573930800,873,587,0,1460,46,-0.5415843818001185,0.9528805141741736
105,1573935988,224,171,0,395,46,-0.5415843818001185,-0.5726606922038354
105,1573936068,3,0,0,3,46,-0.5415843818001185,-1.1341744507955533
105,1573936148,8,0,0,8,46,-0.5415843818001185,-1.1270122855073936
105,1573936228,9,8,0,17,46,-0.5415843818001185,-1.1141203879887063
105,1573936311,4,7,3,11,46,-0.5267599917873415,-1.1227149863344978
105,1573936389,6,1,0,7,46,-0.5415843818001185,-1.1284447185650255
105,1573936677,19,8,0,27,46,-0.5415843818001185,-1.0997960574123868
105,1573936755,5,6,1,11,46,-0.5366429184625261,-1.1227149863344978
105,1573936836,3,4,1,7,46,-0.5366429184625261,-1.1284447185650255
105,1573936917,4,1,0,5,46,-0.5415843818001185,-1.1313095846802894
105,1573936998,5,0,0,5,46,-0.5415843818001185,-1.1313095846802894
105,1573937078,5,2,0,7,46,-0.5415843818001185,-1.1284447185650255
105,1573937159,4,4,0,8,46,-0.5415843818001185,-1.1270122855073936
105,1573945200,288,227,0,515,46,-0.5415843818001185,-0.4007687252880034
105,1573959600,280,141,0,421,46,-0.5415843818001185,-0.5354174327054052
105,1573974000,75,84,9,159,46,-0.4971112117617876,-0.9107148938049717
105,1573988400,160,382,222,542,46,0.555420479145377,-0.3620930327319412
105,1574002800,530,683,153,1213,46,0.2144595088515068,0.599069548939086
105,1574017200,714,596,0,1310,46,-0.5415843818001185,0.7380155555293836
105,1574031600,407,285,0,692,46,-0.5415843818001185,-0.14722807408715122
105,1574046000,119,70,0,189,46,-0.5415843818001185,-0.8677419020760136
105,1574060400,60,259,199,319,46,0.4417668223807536,-0.6815256045838624
105,1574074800,558,1276,718,1834,46,3.0063862945911684,1.4886104777285167
105,1574089200,533,658,125,1191,46,0.07609853539892178,0.5675560216711836
105,1574103600,1228,661,0,1889,46,-0.5415843818001185,1.567394295898273
105,1574118000,645,361,0,1006,46,-0.5415843818001185,0.30255590600927584
105,1574132400,318,77,0,395,47,-0.516974158363513,-1.1155773555538808
105,1574146800,423,303,0,726,47,-0.516974158363513,-0.6127646076317549
105,1574161200,588,1123,535,1711,47,2.255438571571603,0.8835210621667167
105,1574175600,512,490,0,1002,47,-0.516974158363513,-0.1935008057389852
105,1574190000,1276,916,0,2192,47,-0.516974158363513,1.6141945719870872
105,1574204400,869,381,0,1250,47,-0.516974158363513,0.18322898726611223
105,1574218800,183,122,0,305,47,-0.516974158363513,-1.2522938126928276
105,1574233200,60,321,261,381,47,0.8355486874553008,-1.136844359997717
105,1574247600,655,1289,634,1944,47,2.7684644786063255,1.2374647789819897
105,1574262000,727,745,18,1472,47,-0.4236967207208362,0.5204629148755139
105,1574276400,1439,948,0,2387,47,-0.516974158363513,1.9104135624548049
105,1574290800,1022,490,0,1512,47,-0.516974158363513,0.5812257847150458
105,1574305200,277,103,0,380,47,-0.516974158363513,-1.1383634317437052
105,1574319600,99,310,211,409,47,0.5764446940034207,-1.0943103511100447
105,1574334000,625,1274,649,1899,47,2.8461956766418894,1.1691065504125164
105,1574348400,595,569,0,1164,47,-0.516974158363513,0.05258881711111876
105,1574362800,1242,782,0,2024,47,-0.516974158363513,1.3589905186610534
105,1574377200,873,458,0,1331,47,-0.516974158363513,0.30627379869116417
105,1574391600,391,138,0,529,47,-0.516974158363513,-0.9120217415914492
105,1574406000,96,311,215,407,47,0.5971730134795712,-1.0973484946020213
105,1574420400,775,1428,653,2203,47,2.86692399611804,1.6309043611929583
105,1574434800,770,846,76,1616,47,-0.12313608831665536,0.7392092462978286
105,1574449200,1291,1001,0,2292,47,-0.516974158363513,1.7661017465859166
105,1574463600,858,553,0,1411,47,-0.516974158363513,0.4277995383702279
105,1574478000,433,134,0,567,47,-0.516974158363513,-0.854297015243894
105,1574492400,108,92,0,200,47,-0.516974158363513,-1.4117963460215985
105,1574506800,286,461,175,747,47,0.3898898187180671,-0.5808641009660007
105,1574521200,742,743,1,1485,47,-0.5117920784944754,0.5402108475733618
105,1574535600,1017,743,0,1760,47,-0.516974158363513,0.9579555777201432
105,1574550000,656,418,0,1074,47,-0.516974158363513,-0.08412764002782788
105,1574564400,355,115,0,470,47,-0.516974158363513,-1.0016469746047587
105,1574578800,102,53,0,155,47,-0.516974158363513,-1.4801545745910718
105,1574593200,212,335,123,547,47,0.12042166552811188,-0.8846784501636599
105,1574607600,585,601,16,1186,47,-0.4340608804589114,0.08600839552286127
105,1574622000,735,514,0,1249,47,-0.516974158363513,0.18170991552012392
105,1574636400,497,263,0,760,47,-0.516974158363513,-0.5611161682681528
105,1574650800,151,71,0,222,47,-0.516974158363513,-1.3783767676098562
105,1574665200,87,255,168,342,47,0.3536152596348039,-1.1960881580912606
105,1574679600,591,1046,455,1637,47,1.8408721820485954,0.7711097529635828
105,1574694000,573,494,0,1067,47,-0.516974158363513,-0.09476114224974595
105,1574708400,1179,724,0,1903,47,-0.516974158363513,1.1751828373964694
105,1574722800,745,376,0,1121,47,-0.516974158363513,-0.012731267966377968
105,1574737200,160,64,0,224,48,-0.5368379529465924,-1.0828922855123362
105,1574751600,63,288,225,351,48,0.771003927781765,-0.850983687490784
105,1574766000,556,1222,666,1778,48,3.334374014009345,1.7547924493340588
105,1574780400,642,699,57,1341,48,-0.20551800982874188,0.956807745905568
105,1574794800,1246,664,0,1910,48,-0.5368379529465924,1.995831307120239
105,1574809200,705,330,0,1035,48,-0.5368379529465924,0.398035848310332
105,1574823600,190,82,0,272,48,-0.5368379529465924,-0.9952417917719071
105,1574838000,62,280,218,342,48,0.7303155137146604,-0.8674181550671145
105,1574852400,388,1062,674,1450,48,3.3808750586574643,1.1558474087744595
105,1574866800,631,670,39,1301,48,-0.31014536028701045,0.8837656677885437
105,1574881200,1064,775,0,1839,48,-0.5368379529465924,1.866181618462521
105,1574895600,592,368,0,960,48,-0.5368379529465924,0.2610819518409114
105,1574910000,248,115,0,363,48,-0.5368379529465924,-0.8290710640556768
105,1574924400,88,77,0,165,48,-0.5368379529465924,-1.190629350734947
105,1574938800,246,273,27,519,48,-0.37989692725918955,-0.5442069593992819
105,1574953200,452,434,0,886,48,-0.5368379529465924,0.12595410732441636
105,1574967600,424,304,0,728,48,-0.5368379529465924,-0.16256210123782971
105,1574982000,246,242,0,488,48,-0.5368379529465924,-0.6008145699399757
105,1574996400,102,102,0,204,48,-0.5368379529465924,-1.1194133245708484
105,1575010800,34,117,83,151,48,-0.05438961472235393,-1.2161940780759057
105,1575025200,235,520,285,755,48,1.1197617626426601,-0.11325869850883831
105,1575039600,510,739,229,1249,48,0.7942544501058246,0.7888109662364121
105,1575054000,732,659,0,1391,48,-0.5368379529465924,1.0481103435518484
105,1575068400,480,383,0,863,48,-0.5368379529465924,0.08395491240712738
105,1575082800,234,121,0,355,48,-0.5368379529465924,-0.8436794796790815
105,1575097200,58,70,12,128,48,-0.4670863859744134,-1.2581932729931946
105,1575111600,181,365,184,546,48,0.5326860739601531,-0.4949035566702904
105,1575126000,542,653,111,1195,48,0.10836404154606387,0.6902041607784293
105,1575140400,706,539,0,1245,48,-0.5368379529465924,0.7815067584247097
105,1575154800,464,344,0,808,48,-0.5368379529465924,-0.016477945003781073
105,1575169200,210,99,0,309,48,-0.5368379529465924,-0.9276778695136596
105,1575183600,56,57,1,113,48,-0.5310253223655775,-1.2855840522870787
105,1575198000,145,263,118,408,48,0.14905245561316832,-0.7468987261740243
105,1575212400,426,543,117,969,48,0.1432398250321534,0.27751641941724187
105,1575226800,439,445,6,884,48,-0.5019621694605029,0.12230200341856515
105,1575241200,282,208,0,490,48,-0.5368379529465924,-0.5971624660341245
105,1575255600,104,38,0,142,48,-0.5368379529465924,-1.2326285456522361
105,1575270000,81,238,157,319,48,0.37574504827275024,-0.9094173499844035
105,1575284400,639,1235,596,1874,48,2.927489873338301,1.930093436814917
105,1575298800,533,607,74,1140,48,-0.10670328995148823,0.5897713033675208
105,1575313200,1095,767,0,1862,48,-0.5368379529465924,1.9081808133798097
105,1575327600,656,307,0,963,48,-0.5368379529465924,0.2665601076996882
105,1575342000,153,73,0,226,49,-0.6304383080715426,-1.300266813839825
105,1575356400,103,267,164,370,49,0.1303288723763876,-1.0695896940691154
105,1575370800,728,1413,685,2141,49,2.5471563175798733,1.7674184942220426
105,1575385200,564,573,9,1137,49,-0.5886888896323269,0.15908635359848383
105,1575399600,1229,721,0,1950,49,-0.6304383080715426,1.4614509256372819
105,1575414000,700,380,0,1080,49,-0.6304383080715426,0.06777666035591128
105,1575428400,173,67,0,240,49,-0.6304383080715426,-1.2778398716398949
105,1575442800,61,289,228,350,49,0.42721362572192134,-1.1016281829261583
105,1575457200,584,1282,698,1866,49,2.6074610331031844,1.3268892724377013
105,1575471600,551,644,93,1195,49,-0.19902765086631388,0.25199797128390855
105,1575486000,1122,753,0,1875,49,-0.6304383080715426,1.3413065924233707
105,1575500400,841,407,0,1248,49,-0.6304383080715426,0.3368999667550725
105,1575514800,181,100,0,281,49,-0.6304383080715426,-1.2121609694829567
105,1575529200,53,285,232,338,49,0.4457689228060172,-1.1208512762403842
105,1575543600,595,1317,722,1912,49,2.7187928156077596,1.4005777968089002
105,1575558000,573,674,101,1247,49,-0.16191705669812217,0.3352980423122203
105,1575572400,1309,730,0,2039,49,-0.6304383080715426,1.6040222010511231
105,1575586800,846,427,0,1273,49,-0.6304383080715426,0.37694807782637624
105,1575601200,221,78,0,299,49,-0.6304383080715426,-1.1833263295116179
105,1575615600,74,286,212,360,49,0.3529924373855379,-1.0856089384976368
105,1575630000,537,1243,706,1780,49,2.644571627271376,1.1891237703524165
105,1575644400,619,680,61,1299,49,-0.34747002753908074,0.41859811334053215
105,1575658800,1214,856,0,2070,49,-0.6304383080715426,1.6536818587795399
105,1575673200,736,440,0,1176,49,-0.6304383080715426,0.2215614068697177
105,1575687600,307,140,0,447,49,-0.6304383080715426,-0.9462415119694998
105,1575702000,64,136,72,200,49,-0.29644296055781716,-1.3419168493539808
105,1575716400,195,635,440,830,49,1.4106443711790018,-0.33270445035712626
105,1575730800,626,760,134,1386,49,-0.00883585575433133,0.5579655398686693
105,1575745200,866,713,0,1579,49,-0.6304383080715426,0.8671369573391342
105,1575759600,601,440,0,1041,49,-0.6304383080715426,0.005301607084677423
105,1575774000,293,158,0,451,49,-0.6304383080715426,-0.9398338141980912
105,1575788400,81,95,14,176,49,-0.5654947682772071,-1.3803630359824324
105,1575802800,181,454,273,635,49,0.6359607179179998,-0.6450797167132956
105,1575817200,495,713,218,1208,49,0.38082538301168173,0.2728229890409865
105,1575831600,703,556,0,1259,49,-0.6304383080715426,0.35452113562644616
105,1575846000,409,267,0,676,49,-0.6304383080715426,-0.5794008145563574
105,1575860400,139,73,0,212,49,-0.6304383080715426,-1.322693756039755
105,1575874800,71,227,156,298,49,0.09321827820819589,-1.18492825395447
105,1575889200,541,970,429,1511,49,1.3596173041977382,0.758206095225188
105,1575903600,529,590,61,1119,49,-0.34747002753908074,0.13025171362714513
105,1575918000,1155,639,0,1794,49,-0.6304383080715426,1.2115507125523464
105,1575932400,680,329,0,1009,49,-0.6304383080715426,-0.04595997508659138
105,1575946800,163,76,0,239,50,-0.6090998983258251,-1.3515536011295017
105,1575961200,68,275,207,343,50,0.39024233908589845,-1.1830674534159922
105,1575975600,594,1267,673,1861,50,2.6399693083316147,1.2761822795561963
105,1575990000,609,614,5,1223,50,-0.5849611969390685,0.24258456569831996
105,1576004400,1273,672,0,1945,50,-0.6090998983258251,1.4122672450171079
105,1576018800,812,376,0,1188,50,-0.6090998983258251,0.18588249675627347
105,1576033200,217,102,0,319,50,-0.6090998983258251,-1.2219488721191099
105,1576047600,71,283,212,354,50,0.41438104047265506,-1.1652468031770633
105,1576062000,585,1213,628,1798,50,2.422720995850805,1.1741185554605125
105,1576076400,618,670,52,1288,50,-0.3580574039035564,0.34788840801926346
105,1576090800,1187,816,0,2003,50,-0.6090998983258251,1.506230673549642
105,1576105200,772,509,0,1281,50,-0.6090998983258251,0.3365479942308542
105,1576119600,296,137,0,433,50,-0.6090998983258251,-1.0372621332793013
105,1576134000,81,294,213,375,50,0.4192087807500064,-1.1312255618118354
105,1576148400,607,1304,697,1911,50,2.7558350749880463,1.3571852351876912
105,1576162800,627,611,0,1238,50,-0.6090998983258251,0.26688545238776845
105,1576177200,1253,877,0,2130,50,-0.6090998983258251,1.7119781808536394
105,1576191600,803,500,0,1303,50,-0.6090998983258251,0.372189294708712
105,1576206000,312,99,0,411,50,-0.6090998983258251,-1.072903433757159
105,1576220400,76,274,198,350,50,0.34679267658973656,-1.171727039627583
105,1576234800,574,1144,570,1718,50,2.142712059764428,1.0445138264501206
105,1576249200,696,710,14,1406,50,-0.5415115344429066,0.5390553833095917
105,1576263600,1227,780,0,2007,50,-0.6090998983258251,1.5127109100001617
105,1576278000,691,394,0,1085,50,-0.6090998983258251,0.01901640815539374
105,1576292400,372,143,0,515,50,-0.6090998983258251,-0.9044172860436493
105,1576306800,57,127,70,184,50,-0.27115807891123256,-1.4406568523241463
105,1576321200,246,528,282,774,50,0.7523228598872475,-0.4848219758725052
105,1576335600,643,827,184,1470,50,0.27920431270681806,0.6427391665179053
105,1576350000,880,737,0,1617,50,-0.6090998983258251,0.8808878560745006
105,1576364400,655,443,0,1098,50,-0.6090998983258251,0.04007717661958244
105,1576378800,365,200,0,565,50,-0.6090998983258251,-0.8234143304121544
105,1576393200,81,78,0,159,50,-0.6090998983258251,-1.4811583301398938
105,1576407600,159,458,299,617,50,0.83439444460222,-0.7391712565553995
105,1576422000,561,739,178,1300,50,0.2502378710427101,0.3673291173708223
105,1576436400,808,607,0,1415,50,-0.6090998983258251,0.5536359153232608
105,1576450800,463,298,0,761,50,-0.6090998983258251,-0.5058827443366939
105,1576465200,130,94,0,224,50,-0.6090998983258251,-1.3758544878189503
105,1576479600,56,259,203,315,50,0.37093137797649317,-1.2284291085696293
105,1576494000,591,1188,597,1779,50,2.273061047252914,1.1433374323205445
105,1576508400,586,603,17,1189,50,-0.5270283136108527,0.18750255586890335
105,1576522800,1150,706,0,1856,50,-0.6090998983258251,1.2680819839930468
105,1576537200,704,326,0,1030,50,-0.6090998983258251,-0.07008684303925077
105,1576551600,173,72,0,245,51,-0.7129005679773398,-1.2572247873985751
105,1576566000,67,276,209,343,51,0.3335611687626416,-1.0815002144247727
105,1576580400,564,1178,614,1742,51,2.3613937208185862,1.4270577201706323
105,1576594800,517,538,21,1055,51,-0.6077536949077722,0.195192601466527
105,1576609200,1040,621,0,1661,51,-0.7129005679773398,1.2818159812841219
105,1576623600,779,380,0,1159,51,-0.7129005679773398,0.38167582176525616
105,1576638000,225,75,0,300,51,-0.7129005679773398,-1.1586038535867473
105,1576652400,75,266,191,341,51,0.24343527756015515,-1.0850864301997483
105,1576666800,586,1275,689,1861,51,2.736918267495613,1.640437558781678
105,1576681200,603,733,130,1336,51,-0.06199135373715997,0.6990559178505933
105,1576695600,1152,772,0,1924,51,-0.7129005679773398,1.7534033556934083
105,1576710000,727,338,0,1065,51,-0.7129005679773398,0.21312368034140483
105,1576724400,191,66,0,257,51,-0.7129005679773398,-1.2357074927487217
105,1576738800,70,260,190,330,51,0.23842828360446147,-1.104810616962114
105,1576753200,547,1179,632,1726,51,2.4515196120210727,1.3983679939708278
105,1576767600,508,630,122,1138,51,-0.1020473053827095,0.3440205561280128
105,1576782000,1073,762,0,1835,51,-0.7129005679773398,1.5938167537069958
105,1576796400,694,450,0,1144,51,-0.7129005679773398,0.35477920345293945
105,1576810800,235,81,0,316,51,-0.7129005679773398,-1.1299141273869426
105,1576825200,74,253,179,327,51,0.18335135009183087,-1.1101899406245772
105,1576839600,487,1053,566,1540,51,2.1210580109452892,1.0648499268981004
105,1576854000,581,724,143,1305,51,0.003099567686858006,0.6434695733384721
105,1576868400,1006,781,0,1787,51,-0.7129005679773398,1.5077475751075824
105,1576882800,667,385,0,1052,51,-0.7129005679773398,0.18981327780406368
105,1576897200,257,137,0,394,51,-0.7129005679773398,-0.9900517121628959
105,1576911600,64,124,60,188,51,-0.41248093063571833,-1.3594319369853787
105,1576926000,153,514,361,667,51,1.0946242500280825,-0.5005332588787318
105,1576940400,460,763,303,1223,51,0.8042186005978486,0.4964347265644741
105,1576954800,663,688,25,1351,51,-0.5877257190849975,0.72595253616291
105,1576969200,497,368,0,865,51,-0.7129005679773398,-0.14549789715615127
105,1576983600,231,137,0,368,51,-0.7129005679773398,-1.0366725172375781
105,1576998000,69,100,31,169,51,-0.5576837553508354,-1.3935009868476465
105,1577012400,149,390,241,539,51,0.49378497534483967,-0.7300510684771677
105,1577026800,424,764,340,1188,51,0.989477376958515,0.4336759505024018
105,1577041200,602,514,0,1116,51,-0.7129005679773398,0.3045721826032816
105,1577055600,396,271,0,667,51,-0.7129005679773398,-0.5005332588787318
105,1577070000,108,90,0,198,51,-0.7129005679773398,-1.3415008581105008
105,1577084400,46,230,184,276,51,0.20838631987029932,-1.201638442886454
105,1577098800,306,820,514,1126,51,1.8606943252492172,0.32250326147815944
105,1577113200,510,745,235,1255,51,0.46374301161067755,0.5538141789640831
105,1577127600,845,677,0,1522,51,-0.7129005679773398,1.0325739849233204
105,1577142000,512,325,0,837,51,-0.7129005679773398,-0.19570491800580914
105,1577156400,141,102,0,243,52,-0.7564978321762216,-0.9734639420117174
105,1577170800,42,208,166,250,52,0.3748412681954251,-0.9557435018494064
105,1577185200,214,621,407,835,52,2.0173275524699243,0.5251789974294444
105,1577199600,454,575,121,1029,52,0.06815295785371366,1.0162883390706359
105,1577214000,600,419,0,1019,52,-0.7564978321762216,0.9909734245530487
105,1577228400,255,230,0,485,52,-0.7564978321762216,-0.36084301068610736
105,1577242800,107,92,0,199,52,-0.7564978321762216,-1.084849565889101
105,1577257200,30,64,34,94,52,-0.5247777754735952,-1.3506561683237666
105,1577271600,89,176,87,265,52,-0.16356709884891277,-0.9177711300730256
105,1577286000,215,304,89,519,52,-0.14993650727817004,-0.27477230132631086
105,1577300400,264,304,40,568,52,-0.48388600076136695,-0.15072922019013363
105,1577314800,187,207,20,394,52,-0.6201919164687942,-0.5912087327961508
105,1577329200,55,67,12,122,52,-0.6747142827517651,-1.2797744076745223
105,1577343600,32,201,169,233,52,0.3952871555515392,-0.9987788565293045
105,1577358000,185,617,432,802,52,2.1877099471042083,0.44163977952140665
105,1577372400,397,633,236,1030,52,0.8519119731714206,1.0188198305223946
105,1577386800,725,571,0,1296,52,-0.7564978321762216,1.692196556690214
105,1577401200,461,292,0,753,52,-0.7564978321762216,0.3175966983852294
105,1577415600,153,73,0,226,52,-0.7564978321762216,-1.0164992966916155
105,1577430000,49,220,171,269,52,0.4089177471222819,-0.9076451642659906
105,1577444400,245,750,505,995,52,2.685226539436318,0.9302176297108394
105,1577458800,475,650,175,1125,52,0.43617893026376736,1.259311518439473
105,1577473200,779,613,0,1392,52,-0.7564978321762216,1.9352197360590508
105,1577487600,565,353,0,918,52,-0.7564978321762216,0.7352927879254181
