remote_unit_id,time_stamp,entries,exits,num_people_exited,sum_exit_entry,week_num,z_score_num_people_exited,z_score_sum_exit_entry
101,1546311600,178,452,274,630,1,0.2682849751671835,-0.7298367643289161
101,1546326000,94,221,127,315,1,-0.3205495206316757,-1.2451943855966123
101,1546340400,271,187,0,458,1,-0.8292704795871527,-1.0112383861004837
101,1546354800,506,255,0,761,1,-0.8292704795871527,-0.5155134361191757
101,1546369200,485,564,79,1049,1,-0.512822009055793,-0.044329325245853216
101,1546383600,276,546,270,822,1,0.2522622677985071,-0.4157140237467011
101,1546398000,75,274,199,349,1,-0.03214078799549974,-1.1895684836185119
101,1546412400,289,118,0,407,1,-0.8292704795871527,-1.0946772390676345
101,1546426800,1336,452,0,1788,1,-0.8292704795871527,1.164716014807568
101,1546441200,582,525,0,1107,1,-0.8292704795871527,0.05056191930502422
101,1546455600,828,1379,551,2207,1,1.3778574604480271,1.8502234538906306
101,1546470000,342,991,649,1333,1,1.7704137909806,0.4203105618653397
101,1546484400,76,377,301,453,1,0.3764382499057495,-1.0194186658031454
101,1546498800,306,109,0,415,1,-0.8292704795871527,-1.0815887915433755
101,1546513200,1417,469,0,1886,1,-0.8292704795871527,1.3250494969797402
101,1546527600,667,470,0,1137,1,-0.8292704795871527,0.0996435975209953
101,1546542000,863,1414,551,2277,1,1.3778574604480271,1.9647473697278965
101,1546556400,316,1200,884,1516,1,2.7117478488903406,0.7197087989827633
101,1546570800,72,390,318,462,1,0.4445347562226244,-1.004694162338354
101,1546585200,291,116,0,407,1,-0.8292704795871527,-1.0946772390676345
101,1546599600,1386,460,0,1846,1,-0.8292704795871527,1.2596072593584453
101,1546614000,654,628,0,1282,1,-0.8292704795871527,0.3368717088981889
101,1546628400,875,1386,511,2261,1,1.2176303867612626,1.9385704746793786
101,1546642800,400,955,555,1355,1,1.3938801678167034,0.45630379255705183
101,1546657200,144,477,333,621,1,0.5046199088551611,-0.7445612677937073
101,1546671600,142,127,0,269,1,-0.8292704795871527,-1.3204529588611014
101,1546686000,622,267,0,889,1,-0.8292704795871527,-0.3060982757310323
101,1546700400,726,440,0,1166,1,-0.8292704795871527,0.14708921979643402
101,1546714800,688,830,142,1518,1,-0.260464367999139,0.7229809108638281
101,1546729200,389,783,394,1172,1,0.7489661962274767,0.15690555543962822
101,1546743600,142,509,367,651,1,0.6408129214889108,-0.6954795895777363
101,1546758000,137,139,2,276,1,-0.8212591259028145,-1.3090005672773748
101,1546772400,539,222,0,761,1,-0.8292704795871527,-0.5155134361191757
101,1546786800,804,395,0,1199,1,-0.8292704795871527,0.2010790658340022
101,1546801200,667,783,116,1450,1,-0.3646119658955359,0.6117291069076269
101,1546815600,297,763,466,1060,1,1.0373749288636527,-0.02633270989999715
101,1546830000,78,324,246,402,1,0.15612602358644845,-1.1028575187702963
101,1546844400,346,97,0,443,1,-0.8292704795871527,-1.0357792252084692
101,1546858800,1478,517,0,1995,1,-0.8292704795871527,1.5033795944977684
101,1546873200,649,534,0,1183,1,-0.8292704795871527,0.1749021707854843
101,1546887600,814,1499,685,2313,1,1.9146181572986878,2.023645383587062
101,1546902000,315,990,675,1305,1,1.8745613888769967,0.37450099553043337
101,1546916400,73,343,270,416,2,0.1706446317213059,-1.1140595471492694
101,1546930800,306,117,0,423,2,-0.8191815185189035,-1.1037327978709048
101,1546945200,1567,495,0,2062,2,-0.8191815185189035,1.3142017831632848
101,1546959600,644,547,0,1191,2,-0.8191815185189035,0.02925912295536582
101,1546974000,967,1381,414,2348,2,0.6985519118494176,1.7361232536793179
101,1546988400,313,1155,842,1468,2,2.267609661119083,0.4379033443992161
101,1547002800,72,370,298,442,2,0.2732932695239943,-1.07570304982963
101,1547017200,350,124,0,474,2,-0.8191815185189035,-1.0284950531285353
101,1547031600,1565,496,0,2061,2,-0.8191815185189035,1.3127265332663756
101,1547046000,642,622,0,1264,2,-0.8191815185189035,0.1369523654297379
101,1547060400,916,1414,498,2330,2,1.0064978252574828,1.7095687555349521
101,1547074800,348,1154,806,1502,2,2.135632841087055,0.4880618408941291
101,1547089200,76,386,310,462,2,0.3172855428680036,-1.0461980518914458
101,1547103600,344,106,0,450,2,-0.8191815185189035,-1.0639010506543563
101,1547118000,1532,487,0,2019,2,-0.8191815185189035,1.2507660375961889
101,1547132400,602,535,0,1137,2,-0.8191815185189035,-0.05040437147773134
101,1547146800,948,1390,442,2338,2,0.801200549652106,1.721370754710226
101,1547161200,338,1146,808,1484,2,2.14296488664439,0.46150734274976335
101,1547175600,79,409,330,488,2,0.39060599844135246,-1.0078415545718065
101,1547190000,326,107,0,433,2,-0.8191815185189035,-1.088980298901813
101,1547204400,1467,451,0,1918,2,-0.8191815185189035,1.101765798008359
101,1547218800,631,529,0,1160,2,-0.8191815185189035,-0.016473623848819587
101,1547233200,807,1544,737,2351,2,1.8826772693590015,1.7405490033700455
101,1547247600,366,950,584,1316,2,1.3217757842228828,0.21366536006901665
101,1547262000,96,488,392,584,2,0.6178994107187339,-0.8662175644685226
101,1547276400,126,112,0,238,2,-0.8191815185189035,-1.376654028799108
101,1547290800,605,272,0,877,2,-0.8191815185189035,-0.43396934467412507
101,1547305200,755,482,0,1237,2,-0.8191815185189035,0.09712061821318933
101,1547319600,694,781,87,1475,2,-0.5002375367748361,0.4482300936775805
101,1547334000,366,669,303,1035,2,0.2916233834173315,-0.20087986096247043
101,1547348400,109,425,316,534,2,0.33928167954000826,-0.939980059313983
101,1547362800,105,139,34,244,2,-0.6945367440442105,-1.3678025294176528
101,1547377200,481,193,0,674,2,-0.8191815185189035,-0.733445073746694
101,1547391600,675,360,0,1035,2,-0.8191815185189035,-0.20087986096247043
101,1547406000,561,688,127,1249,2,-0.3535966256281383,0.1148236169760998
101,1547420400,260,564,304,824,2,0.2952894061959989,-0.5121575892103131
101,1547434800,73,253,180,326,2,-0.1592974183587639,-1.246832037871098
101,1547449200,310,102,0,412,2,-0.8191815185189035,-1.1199605467369063
101,1547463600,1483,506,0,1989,2,-0.8191815185189035,1.2065085406889127
101,1547478000,630,592,0,1222,2,-0.8191815185189035,0.07499186975955123
101,1547492400,858,1486,628,2344,2,1.4830807864842503,1.7302222540916812
101,1547506800,339,1014,675,1353,2,1.65538385708162,0.2682496062546573
101,1547521200,74,316,242,390,3,0.14790214783294503,-1.008684924252315
101,1547535600,345,111,0,456,3,-0.8112099533395268,-0.910266719769275
101,1547550000,1549,521,0,2070,3,-0.8112099533395268,1.4965057353159785
101,1547564400,654,576,0,1230,3,-0.8112099533395268,0.24391040553183174
101,1547578800,906,1456,550,2362,3,1.3685902765979092,1.9319317309076105
101,1547593200,345,1124,779,1469,3,2.2761798268809503,0.6003036005537498
101,1547607600,81,404,323,485,3,0.46892727260554923,-0.8670223571933937
101,1547622000,367,101,0,468,3,-0.8112099533395268,-0.8923725007723586
101,1547636400,1541,501,0,2042,3,-0.8112099533395268,1.454752557656507
101,1547650800,715,586,0,1301,3,-0.8112099533395268,0.3497845345969203
101,1547665200,915,1529,614,2444,3,1.6222397578997199,2.0542088940532057
101,1547679600,380,1095,715,1475,3,2.02253034557914,0.6092507100522079
101,1547694000,85,386,301,471,3,0.3817352634080518,-0.8878989460231295
101,1547708400,318,119,0,437,3,-0.8112099533395268,-0.9385992331810593
101,1547722800,1633,522,0,2155,3,-0.8112099533395268,1.623256453210803
101,1547737200,655,604,0,1259,3,-0.8112099533395268,0.287154768107713
101,1547751600,902,1542,640,2444,3,1.7252848596785806,2.0542088940532057
101,1547766000,385,1154,769,1539,3,2.2365470954275426,0.7046865447024286
101,1547780400,68,430,362,498,3,0.6234949252738402,-0.8476369532800676
101,1547794800,306,118,0,424,3,-0.8112099533395268,-0.9579846370943853
101,1547797247,222,99,0,321,3,-0.8112099533395268,-1.1115766834845844
101,1547797424,30,23,0,53,3,-0.8112099533395268,-1.5112142410823834
101,1547809200,1479,384,0,1863,3,-0.8112099533395268,1.187830457619171
101,1547823600,678,646,0,1324,3,-0.8112099533395268,0.3840817876743434
101,1547838000,846,1460,614,2306,3,1.6222397578997199,1.8484253755886675
101,1547852400,419,1007,588,1426,3,1.5191946561208594,0.5361826491481326
101,1547866800,143,489,346,632,3,0.5600825549483874,-0.6478181744811681
101,1547881200,124,161,37,285,3,-0.6645688469619175,-1.1652593404753335
101,1547895600,599,285,0,884,3,-0.8112099533395268,-0.27203957554592395
101,1547910000,714,475,0,1189,3,-0.8112099533395268,0.1827718239590341
101,1547924400,586,807,221,1393,3,0.06467341178078836,0.4869735469066126
101,1547938800,352,657,305,1009,3,0.39758835598941494,-0.08564146099471165
101,1547953200,105,451,346,556,3,0.5600825549483874,-0.7611482281283051
101,1547967600,120,121,1,241,3,-0.807246680194186,-1.23087147679736
101,1547982000,422,185,0,607,3,-0.8112099533395268,-0.6850977973914105
101,1547996400,611,337,0,948,3,-0.8112099533395268,-0.17660374089570327
101,1548010800,502,616,114,1118,3,-0.3593968147706765,0.0768976948939455
101,1548025200,244,533,289,777,3,0.3341759856639623,-0.43159636160176174
101,1548039600,69,270,201,339,3,-0.014592051126027485,-1.0847353549892098
101,1548054000,190,83,0,273,3,-0.8112099533395268,-1.1831535594722498
101,1548068400,644,239,0,883,3,-0.8112099533395268,-0.27353076046233366
101,1548082800,551,415,0,966,3,-0.8112099533395268,-0.1497624124003287
101,1548097200,522,781,259,1303,3,0.2152777913037385,0.35276690442973974
101,1548111600,209,599,390,808,3,0.7344665733433824,-0.38536962919306106
101,1548126000,61,244,183,305,4,-0.02502547887516942,-1.2503319316676693
101,1548140400,319,94,0,413,4,-0.7942656869560593,-1.0957875504618604
101,1548154800,1465,511,0,1976,4,-0.7942656869560593,1.1408130775444312
101,1548169200,628,526,0,1154,4,-0.7942656869560593,-0.03544137941089297
101,1548183600,832,1328,496,2160,4,1.2906695218314892,1.4041109121913649
101,1548198000,348,1194,846,1542,4,2.7618939635162514,0.5197736197359023
101,1548212400,78,313,235,391,4,0.1935564381751381,-1.1272688133000806
101,1548226800,329,121,0,450,4,-0.7942656869560593,-1.0428417902339442
101,1548241200,1492,473,0,1965,4,-0.7942656869560593,1.125072446125321
101,1548255600,692,603,0,1295,4,-0.7942656869560593,0.16632489605224657
101,1548270000,891,1348,457,2239,4,1.1267330840437586,1.517157265110429
101,1548284400,347,1131,784,1478,4,2.501277062417808,0.42819176420653404
101,1548298800,87,426,339,513,4,0.6307202722757531,-0.9526909011972223
101,1548313200,333,121,0,454,4,-0.7942656869560593,-1.0371179242633588
101,1548327600,1424,435,0,1859,4,-0.7942656869560593,0.9733899979048047
101,1548342000,614,454,0,1068,4,-0.7942656869560593,-0.1585044977784816
101,1548356400,890,1381,491,2271,4,1.2696520298074212,1.562948192875113
101,1548370800,365,1113,748,1478,4,2.3499511198445178,0.42819176420653404
101,1548385200,85,376,291,461,4,0.4289523488447,-1.027101158814834
101,1548399600,353,124,0,477,4,-0.7942656869560593,-1.004205694932492
101,1548414000,1395,585,0,1980,4,-0.7942656869560593,1.1465369435150166
101,1548428400,865,616,0,1481,4,-0.7942656869560593,0.4324846636844732
101,1548442800,1025,1322,297,2347,4,0.45417333927358167,1.671701646316238
101,1548457200,419,969,550,1388,4,1.517658435691424,0.2994047798683599
101,1548471600,124,491,367,615,4,0.7484182276105341,-0.8067323189472916
101,1548486000,137,132,0,269,4,-0.7942656869560593,-1.3018467254029389
101,1548500400,680,301,0,981,4,-0.7942656869560593,-0.28299858263871663
101,1548514800,762,444,0,1206,4,-0.7942656869560593,0.03896887820671877
101,1548529200,650,759,109,1409,4,-0.33608436083137627,0.32945507621393383
101,1548543600,384,652,268,1036,4,0.33227188553398707,-0.20429542554316577
101,1548558000,140,410,270,550,4,0.3406788823436143,-0.8997451409693062
101,1548572400,102,142,40,244,4,-0.6261257507635151,-1.3376208877190985
101,1548586800,511,209,0,720,4,-0.7942656869560593,-0.6564808372194217
101,1548601200,641,414,0,1055,4,-0.7942656869560593,-0.17710706218288455
101,1548615600,543,718,175,1261,4,-0.05865346611367827,0.11767203530226966
101,1548630000,237,620,383,857,4,0.8156742020875518,-0.4604384277268677
101,1548644400,71,276,205,347,4,0.06745148603072991,-1.1902313389765213
101,1548658800,343,109,0,452,4,-0.7942656869560593,-1.0399798572486514
101,1548661326,227,92,0,319,4,-0.7942656869560593,-1.23029840077062
101,1548673200,1433,672,0,2105,4,-0.7942656869560593,1.325407755095814
101,1548687600,841,554,0,1395,4,-0.7942656869560593,0.30942154531688454
101,1548702000,1335,1538,203,2873,4,0.0590444892211027,2.4243900214482337
101,1548716400,730,1118,388,1848,4,0.8366916941116198,0.9576493664856945
101,1548730800,72,332,260,404,5,0.6991868453412915,-0.934083787641153
101,1548745200,372,115,0,487,5,-0.7680826737203055,-0.8316790047583145
101,1548759600,1569,787,0,2356,5,-0.7680826737203055,1.4742792989528337
101,1548774000,806,624,0,1430,5,-0.7680826737203055,0.33178738389851425
101,1548788400,1412,1587,175,2999,5,0.21950257949423094,2.2676079181536193
101,1548802800,691,1122,431,1813,5,1.6641987213394958,0.8043299362373959
101,1548817200,88,351,263,439,5,0.7161168782535406,-0.8909010478712813
101,1548831600,363,116,0,479,5,-0.7680826737203055,-0.8415493452771422
101,1548842656,1134,634,0,1768,5,-0.7680826737203055,0.7488092708189894
101,1548843109,23,24,1,47,5,-0.7624393294162224,-1.3745477332938443
101,1548846000,1485,433,0,1918,5,-0.7680826737203055,0.9338781555470109
101,1548847673,74,68,0,142,5,-0.7680826737203055,-1.257337439632764
101,1548847764,4,7,3,11,5,-0.7511526408080562,-1.4189642656285695
101,1548860400,669,592,0,1261,5,-0.7680826737203055,0.12327644043827665
101,1548862086,158,127,0,285,5,-0.7680826737203055,-1.0809051028587167
101,1548874800,1215,1259,44,2474,5,-0.5197755243406506,1.619866821605544
101,1548889200,661,1127,466,1788,5,1.8617157719824031,0.7734851221160589
101,1548903600,61,348,287,409,5,0.8515571415515342,-0.9279148248168856
101,1548918000,309,99,0,408,5,-0.7680826737203055,-0.929148617381739
101,1548932400,1433,730,0,2163,5,-0.7680826737203055,1.2361573339361127
101,1548946800,714,585,0,1299,5,-0.7680826737203055,0.1701605579027088
101,1548961200,1136,1304,168,2440,5,0.17999916936564947,1.5779178744005258
101,1548975600,534,1033,499,1567,5,2.047946134017144,0.5008169652834406
101,1548990000,76,356,280,432,5,0.8120537314229528,-0.8995375958252556
101,1549004400,285,100,0,385,5,-0.7680826737203055,-0.957525846373369
101,1549018800,1371,607,0,1978,5,-0.7680826737203055,1.0079057094382196
101,1549020978,115,61,0,176,5,-0.7680826737203055,-1.2153884924277458
101,1549033200,700,607,0,1307,5,-0.7680826737203055,0.18003089842153658
101,1549047600,1006,1376,370,2382,5,1.3199547187904286,1.5063579056390242
101,1549062000,425,1032,607,1457,5,2.6574273188581152,0.3650997831495581
101,1549076400,113,467,354,580,5,1.2296612099250996,-0.7169362962269411
101,1549090800,117,111,0,228,5,-0.7680826737203055,-1.151231279055365
101,1549105200,622,270,0,892,5,-0.7680826737203055,-0.3319930159926563
101,1549119600,696,425,0,1121,5,-0.7680826737203055,-0.0494545186412101
101,1549134000,647,799,152,1446,5,0.08970566050032044,0.3515280649361699
101,1549148400,354,678,324,1032,5,1.0603608808026077,-0.15926205691316955
101,1549162800,102,448,346,550,5,1.1845144554924352,-0.7539500731725454
101,1549177200,97,136,39,233,5,-0.5479922458610659,-1.1450623162310976
101,1549191600,466,235,0,701,5,-0.7680826737203055,-0.5676473958796704
101,1549206000,637,457,0,1094,5,-0.7680826737203055,-0.08276691789225397
101,1549220400,583,779,196,1362,5,0.3380128098799753,0.2478894894884778
101,1549234800,239,595,356,834,5,1.2409478985332658,-0.40355298475415796
101,1549249200,97,292,195,389,5,0.33236946557589225,-0.9525906761139552
101,1549263600,337,83,0,420,5,-0.7680826737203055,-0.9143431066034974
101,1549278000,1434,837,0,2271,5,-0.7680826737203055,1.3694069309402883
101,1549292400,808,632,0,1440,5,-0.7680826737203055,0.344125309547049
101,1549306800,1262,1469,207,2731,5,0.400089597224889,1.9369515107728876
101,1549321200,697,1207,510,1904,5,2.110022921362058,0.9166050596390622
101,1549335600,79,353,274,432,6,0.7386733105469431,-1.1071823243299581
101,1549350000,342,110,0,452,6,-0.8466777632639897,-1.0832296831319266
101,1549364400,1460,717,0,2177,6,-0.8466777632639897,0.9826856201982854
101,1549378800,766,675,0,1441,6,-0.8466777632639897,0.10122842411072826
101,1549393200,1483,1410,0,2893,6,-0.8466777632639897,1.8401901750878111
101,1549407600,776,1153,377,1929,6,1.3346264514320747,0.6856728693426954
101,1549422000,83,391,308,474,6,0.9353957065672778,-1.056881777814092
101,1549436400,359,119,0,478,6,-0.8466777632639897,-1.0520912495744859
101,1549450800,1583,901,0,2484,6,-0.8466777632639897,1.3503586625880681
101,1549465200,761,753,0,1514,6,-0.8466777632639897,0.18865556448354304
101,1549479600,1471,1455,0,2926,6,-0.8466777632639897,1.879712033064563
101,1549494000,761,1077,316,1838,6,0.9816833291602977,0.5766883518916525
101,1549508400,82,387,305,469,6,0.9180378480948953,-1.0628699381136
101,1549522800,353,126,0,479,6,-0.8466777632639897,-1.0508936175145842
101,1549537200,1552,843,0,2395,6,-0.8466777632639897,1.243769409256828
101,1549551600,777,620,0,1397,6,-0.8466777632639897,0.04853261347505908
101,1549566000,1362,1534,172,2896,6,0.1485061224859389,1.8437830712675158
101,1549580400,752,1140,388,1892,6,1.398271932497477,0.6413604831263373
101,1549594800,84,379,295,463,6,0.8601783198536204,-1.0700557304730094
101,1549609200,352,129,0,481,6,-0.8466777632639897,-1.048498353394781
101,1549623600,1512,681,0,2193,6,-0.8466777632639897,1.0018477331567106
101,1549638000,903,648,0,1551,6,-0.8466777632639897,0.2329679506999012
101,1549652400,1047,1507,460,2554,6,1.8148605358346563,1.434192906781178
101,1549666800,459,951,492,1410,6,2.000011026206736,0.06410183025377951
101,1549681200,105,525,420,630,6,1.5834224228695566,-0.8700511764694467
101,1549695600,140,126,0,266,6,-0.8466777632639897,-1.3059892462736191
101,1549710000,640,318,0,958,6,-0.8466777632639897,-0.47722786082173113
101,1549724400,683,484,0,1167,6,-0.8466777632639897,-0.22692276030230252
101,1549738800,646,865,219,1511,6,0.420445905219931,0.1850626683038383
101,1549753200,401,698,297,1099,6,0.8717502255018753,-0.3083617403756094
101,1549767600,109,490,381,599,6,1.3577702627285846,-0.9071777703263956
101,1549782000,101,121,20,222,6,-0.7309587067814398,-1.3586850569092883
101,1549796400,504,261,0,765,6,-0.8466777632639897,-0.7083708483827346
101,1549810800,676,406,0,1082,6,-0.8466777632639897,-0.32872148539393614
101,1549825200,521,769,248,1290,6,0.5882385371196283,-0.07961401693440914
101,1549839600,218,678,460,896,6,1.8148605358346563,-0.5514810485356286
101,1549854000,59,274,215,333,6,0.39730209392342103,-1.2257478982602137
101,1549868400,325,108,0,433,6,-0.8466777632639897,-1.1059846922700565
101,1549882800,1543,766,0,2309,6,-0.8466777632639897,1.140773052105293
101,1549897200,778,703,0,1481,6,-0.8466777632639897,0.14913370650679114
101,1549911600,1316,1451,135,2767,6,-0.0655741320067783,1.689288535540213
101,1549926000,791,1155,364,1946,6,1.2594090647184173,0.7060326143610222
101,1549940400,78,328,250,406,7,0.4347105104211229,-1.0661206798436436
101,1549954800,336,119,0,455,7,-0.8417045789026442,-0.9994759936423734
101,1549969200,1511,430,0,1941,7,-0.8417045789026442,1.0216261225839034
101,1549983600,571,472,0,1043,7,-0.8417045789026442,-0.19973975922713064
101,1549998000,683,1275,592,1958,7,2.180846352616036,1.0447477484088339
101,1550012400,261,895,634,1156,7,2.395284087622429,-0.04604895227318093
101,1550026800,67,338,271,405,7,0.5419293779243194,-1.0674807754804043
101,1550041200,340,108,0,448,7,-0.8417045789026442,-1.0089966630996978
101,1550055600,1476,825,0,2301,7,-0.8417045789026442,1.5112605518177256
101,1550070000,686,660,0,1346,7,-0.8417045789026442,0.2123692187113363
101,1550084400,1286,1354,68,2640,7,-0.4945196746065795,1.9723329726795746
101,1550098800,726,1286,560,2012,7,2.017465221182594,1.1181929127939072
101,1550113200,88,336,248,424,7,0.4244991897065328,-1.0416389583819525
101,1550127600,281,128,0,409,7,-0.8417045789026442,-1.0620403929333617
101,1550142000,1812,854,0,2666,7,-0.8417045789026442,2.0076954592353506
101,1550156400,809,653,0,1462,7,-0.8417045789026442,0.37014031257556784
101,1550170800,1407,1502,95,2909,7,-0.35666684495961265,2.3381986989681804
101,1550185200,779,1100,321,1879,7,0.7972123957890728,0.9373001931047451
101,1550199600,87,435,348,522,7,0.9350652254360396,-0.9083495859794121
101,1550214000,301,146,0,447,7,-0.8417045789026442,-1.0103567587364584
101,1550228400,1419,665,0,2084,7,-0.8417045789026442,1.2161197986406715
101,1550242800,874,612,0,1486,7,-0.8417045789026442,0.40278260785782266
101,1550257200,1086,1429,343,2515,7,0.9095369236495643,1.8023210180844975
101,1550271600,447,860,413,1307,7,1.266933148660219,0.15932548887767223
101,1550286000,110,410,300,520,7,0.6899935282858763,-0.9110697772529334
101,1550300400,128,135,7,263,7,-0.8059649564015786,-1.260614355900412
101,1550314800,646,282,0,928,7,-0.8417045789026442,-0.3561507574546016
101,1550329200,767,516,0,1283,7,-0.8417045789026442,0.1266831935954174
101,1550343600,678,762,84,1440,7,-0.4128291088898584,0.34021820856683427
101,1550358000,367,726,359,1093,7,0.9912274893662854,-0.1317349773890998
101,1550372400,111,471,360,582,7,0.9963331497235804,-0.8267438477737751
101,1550386800,99,133,34,232,7,-0.6681121267546118,-1.302777320639991
101,1550401200,490,214,0,704,7,-0.8417045789026442,-0.6608121800889798
101,1550415600,651,401,0,1052,7,-0.8417045789026442,-0.1874988984962851
101,1550430000,556,680,124,1236,7,-0.20860269459805567,0.06275869866766842
101,1550444400,266,605,339,871,7,0.889114282220384,-0.43367620874995677
101,1550458800,74,360,286,434,7,0.6185142832837454,-1.0280380020143465
101,1550473200,202,108,0,310,7,-0.8417045789026442,-1.1966898609726628
101,1550487600,748,307,0,1055,7,-0.8417045789026442,-0.18341861158600326
101,1550502000,624,492,0,1116,7,-0.8417045789026442,-0.10045277774360561
101,1550516400,561,1011,450,1572,7,1.4558425818801364,0.5197508326192357
101,1550530800,312,750,438,1062,7,1.3945746575925957,-0.17389794212867893
101,1550545200,68,283,215,351,8,0.29357665763298124,-1.4018886271782929
101,1550559600,342,93,0,435,8,-0.8049407849965932,-1.2943301147566366
101,1550574000,1376,698,0,2074,8,-0.8049407849965932,0.8043413359468696
101,1550588400,746,721,0,1467,8,-0.8049407849965932,0.027103037852282515
101,1550602800,1385,1333,0,2718,8,-0.8049407849965932,1.628956597846234
101,1550617200,763,1159,396,1922,8,1.2183750628234602,0.6097116468029203
101,1550631600,79,433,354,512,8,1.0037809577516363,-1.1957348117034519
101,1550646000,366,103,0,469,8,-0.8049407849965932,-1.25079452639549
101,1550660400,1517,697,0,2214,8,-0.8049407849965932,0.9836055233162967
101,1550674800,693,708,15,1401,8,-0.7283000331852275,-0.057407221907590227
101,1550689200,1227,1258,31,2485,8,-0.6465498979197708,1.330609771724259
101,1550703600,662,1105,443,1767,8,1.4585160851657393,0.41124058221534043
101,1550718000,75,409,334,484,8,0.9015932886698155,-1.2315876491773372
101,1550732400,322,98,0,420,8,-0.8049407849965932,-1.3135369919747897
101,1550746800,1439,685,0,2124,8,-0.8049407849965932,0.8683642600073793
101,1550761200,701,588,0,1289,8,-0.8049407849965932,-0.20081857180313184
101,1550775600,1176,1359,183,2535,8,0.13007638710206787,1.3946326957847686
101,1550790000,710,1146,436,1856,8,1.4227504009871021,0.5252013870430476
101,1550804400,87,491,404,578,8,1.2592501304561885,-1.111224551943579
101,1550818800,326,133,0,459,8,-0.8049407849965932,-1.2635991112075922
101,1550833200,1387,497,0,1884,8,-0.8049407849965932,0.561054224516933
101,1550847600,778,606,0,1384,8,-0.8049407849965932,-0.0791750160881635
101,1550862000,987,1371,384,2358,8,1.1570624613743676,1.1679915446105644
101,1550876400,464,1050,586,1514,8,2.1891579191007584,0.08728458646916158
101,1551510000,140,148,8,288,9,-0.7266574813854074,-1.486819540950881
101,1551524400,631,262,0,893,9,-0.7711333668347393,-0.053916713113567334
101,1551538800,732,396,0,1128,9,-0.7711333668347393,0.5026653770381165
101,1551553200,673,770,97,1443,9,-0.23186325576159045,1.2487222212839906
101,1551567600,404,641,237,1045,9,0.5464647396017172,0.3060853196653941
101,1551582000,110,468,358,578,9,1.2191625070228616,-0.7999735573594414
101,1551596400,99,150,51,249,9,-0.48759959709524864,-1.5791884835717986
101,1551610800,542,257,0,799,9,-0.7711333668347393,-0.27654954917424085
101,1551625200,684,426,0,1110,9,-0.7711333668347393,0.4600335573669237
101,1551639600,520,637,117,1157,9,-0.12067354213826079,0.5713499753972604
101,1551654000,240,531,291,771,9,0.8466769663847072,-0.3428657131072074
101,1551668400,74,281,207,355,9,0.3796801691667227,-1.3281344343969967
101,1551682800,264,84,0,348,9,-0.7711333668347393,-1.3447134753802383
101,1551697200,1058,298,0,1356,9,-0.7711333668347393,1.0426684262065586
101,1551711600,575,471,0,1046,9,-0.7711333668347393,0.3084537540915715
101,1551726000,676,1018,342,1694,9,1.1302107361241978,1.8431992622545124
101,1551740400,329,979,650,1308,9,2.8425323259234743,0.9289835737500445
101,1551754800,69,300,231,369,10,0.5939168070103996,-1.1728821757528147
101,1551769200,353,141,0,494,10,-0.8147949583779037,-1.0227980043030838
101,1551783600,1572,837,0,2409,10,-0.8147949583779037,1.276491502306795
101,1551798000,736,616,0,1352,10,-0.8147949583779037,0.007379748527869813
101,1551812400,1360,1481,121,2841,10,-0.07689831936498297,1.7951823988370654
101,1551826800,792,1146,354,1938,10,1.344010084684691,0.7109743442842088
101,1551841200,72,363,291,435,10,0.9598159668515174,-1.0936377332273568
101,1551855600,356,138,0,494,10,-0.8147949583779037,-1.0227980043030838
101,1551870000,1595,819,0,2414,10,-0.8147949583779037,1.2824948691647844
101,1551884400,719,757,38,1476,10,-0.5830588238118626,0.15626324660600296
101,1551898800,1425,1522,97,2947,10,-0.22325798330143007,1.9224537762264373
101,1551913200,819,1047,228,1866,10,0.5756218490183437,0.6245258615291637
101,1551927600,70,388,318,458,10,1.1244705887800204,-1.0660222456806063
101,1551942000,373,115,0,488,10,-0.8147949583779037,-1.030002044532671
101,1551956400,1520,816,0,2336,10,-0.8147949583779037,1.1888423461801523
101,1551970800,741,647,0,1388,10,-0.8147949583779037,0.05060398990539234
101,1551985200,1406,1420,14,2826,10,-0.7294184877483096,1.7771722982630977
101,1551999600,724,1121,397,1845,10,1.6062378159041588,0.5993117207256089
101,1552014000,85,409,324,494,10,1.161060504764132,-1.0227980043030838
101,1552028400,333,139,0,472,10,-0.8147949583779037,-1.0492128184782366
101,1552042800,1474,648,0,2122,10,-0.8147949583779037,0.9318982446582128
101,1552057200,828,728,0,1556,10,-0.8147949583779037,0.2523171163338308
101,1552071600,1088,1377,289,2465,10,0.9476193281901467,1.3437292111162746
101,1552086000,447,1018,571,1465,10,2.6673453794434003,0.14305583951842665
101,1552100400,106,504,398,610,10,1.612336135234844,-0.8835198931977334
101,1552114800,142,134,0,276,10,-0.8147949583779037,-1.2845447993114147
101,1552129200,671,347,0,1018,10,-0.8147949583779037,-0.3936451575858114
101,1552143600,799,483,0,1282,10,-0.8147949583779037,-0.07666738748397955
101,1552158000,700,752,52,1452,10,-0.4976823531822684,0.12744708568765462
101,1552172400,402,751,349,1153,10,1.3135184880312645,-0.23155425242010194
101,1552190400,121,515,394,636,10,1.5879428579121029,-0.8523023855361894
101,1552204800,151,173,22,324,10,-0.6806319331028272,-1.226912477474718
101,1552219200,509,202,0,711,10,-0.8147949583779037,-0.7622518826663508
101,1552233600,612,393,0,1005,10,-0.8147949583779037,-0.40925391141658346
101,1552248000,440,652,212,1092,10,0.478048739727379,-0.30479532808757065
101,1552262400,201,567,366,768,10,1.4171899166529145,-0.6938135004852735
101,1552276800,45,157,112,202,10,-0.13178319334115063,-1.3733946288096555
101,1552291200,672,270,0,942,10,-0.8147949583779037,-0.4848963338272479
101,1552305600,1213,738,0,1951,10,-0.8147949583779037,0.7265830981149808
101,1552320000,943,845,0,1788,10,-0.8147949583779037,0.5308733385445316
101,1552334400,1360,1660,300,3020,10,1.014700840827685,2.0101029323530804
101,1552348800,546,958,412,1504,11,1.445958523966887,0.18183472475340315
101,1552363200,59,237,178,296,11,0.14447666907664383,-1.3802320878251029
101,1552377600,778,239,0,1017,11,-0.8455394427629429,-0.44790578660895813
101,1552392000,1380,781,0,2161,11,-0.8455394427629429,1.031402519342872
101,1552406400,872,797,0,1669,11,-0.8455394427629429,0.39519649965030174
101,1552420800,1424,1482,58,2906,11,-0.522949923174763,1.9947632605440202
101,1552435200,476,775,299,1251,11,0.8174651495968124,-0.14531999675517468
101,1552449600,55,250,195,305,11,0.23902876964559314,-1.3685941728307265
101,1552464000,757,252,0,1009,11,-0.8455394427629429,-0.4582505999372926
101,1552478400,1285,723,0,2008,11,-0.8455394427629429,0.8335579644384752
101,1552492800,971,950,0,1921,11,-0.8455394427629429,0.7210581194928377
101,1552507200,1396,1575,179,2971,11,0.15003855734540558,2.078814868836738
101,1552521600,521,983,462,1504,11,1.7240529374049733,0.18183472475340315
101,1552536000,62,233,171,295,11,0.10554345119531178,-1.3815251894911447
101,1552550400,697,265,0,962,11,-0.8455394427629429,-0.5190263782412576
101,1552564800,1403,753,0,2156,11,-0.8455394427629429,1.024937011012663
101,1552579200,936,910,0,1846,11,-0.8455394427629429,0.624075494539702
101,1552593600,1338,1632,294,2970,11,0.7896557082530038,2.0775217671706963
101,1552608000,485,969,484,1454,11,1.8464144793177313,0.11717964145131267
101,1552622400,47,297,250,344,11,0.5449326244274879,-1.318163207855096
101,1552636800,672,227,0,899,11,-0.8455394427629429,-0.6004917832018917
101,1552651200,1288,591,0,1879,11,-0.8455394427629429,0.6667478495190817
101,1552665600,957,846,0,1803,11,-0.8455394427629429,0.5684721228999042
101,1552680000,902,1422,520,2324,11,2.0466424569931534,1.242178090907687
101,1552694400,320,923,603,1243,11,2.508279183300376,-0.15566481008350916
101,1552708800,61,305,244,366,11,0.5115612948149176,-1.2897149712021763
101,1552723200,244,174,0,418,11,-0.8455394427629429,-1.2224736845680022
101,1552737600,780,369,0,1149,11,-0.8455394427629429,-0.2772163666914393
101,1552752000,838,568,0,1406,11,-0.8455394427629429,0.05511076148130581
101,1552766400,647,843,196,1490,11,0.24459065791435486,0.1637313014288178
101,1552780800,339,771,432,1110,11,1.5571962893421216,-0.32764733166706983
101,1552795200,74,367,293,441,11,0.784093819984242,-1.1927323462490405
101,1552809600,181,150,0,331,11,-0.8455394427629429,-1.3349735295136396
101,1552824000,586,258,0,844,11,-0.8455394427629429,-0.6716123748341912
101,1552838400,651,480,0,1131,11,-0.8455394427629429,-0.30049219668019184
101,1552852800,474,782,308,1256,11,0.8675221440156679,-0.13885448842496564
101,1552867200,217,581,364,798,11,1.1789878870663244,-0.7310950514721144
101,1552881600,44,201,157,245,11,0.027677015432647653,-1.4461802727932351
101,1552896000,714,268,0,982,11,-0.8455394427629429,-0.4931643449204215
101,1552910400,1239,736,0,1975,11,-0.8455394427629429,0.7908856094590955
101,1552924800,985,788,0,1773,11,-0.8455394427629429,0.5296790729186499
101,1552939200,1282,1568,286,2850,11,0.74516060210291,1.922349567245679
101,1552953600,508,793,285,1301,12,1.129905206024238,0.013022067200475333
101,1552968000,49,196,147,245,12,0.179407299766403,-1.4272640287483591
101,1552982400,706,250,0,956,12,-0.8330796003778127,-0.4575259471009905
101,1552996800,1330,764,0,2094,12,-0.8330796003778127,1.0946005464499315
101,1553011200,893,756,0,1649,12,-0.8330796003778127,0.4876618033654322
101,1553025600,1290,1414,124,2704,12,0.020990982056763807,1.9265839920264363
101,1553040000,510,878,368,1388,12,1.7015814829764142,0.13168200124171453
101,1553054400,57,229,172,286,12,0.3515989494507934,-1.3713438299473155
101,1553068800,754,285,0,1039,12,-0.8330796003778127,-0.34432164221107264
101,1553083200,1374,757,0,2131,12,-0.8330796003778127,1.145065116099654
101,1553097600,967,786,0,1753,12,-0.8330796003778127,0.629508161299787
101,1553112000,1366,1443,77,2809,12,-0.30272931934989017,2.0697942572486214
101,1553126400,550,767,217,1317,12,0.6615439188826961,0.03484458380576071
101,1553140800,51,189,138,240,12,0.11741830588002244,-1.4340835651875108
101,1553155200,685,281,0,966,12,-0.8330796003778127,-0.44388687422268713
101,1553169600,1295,716,0,2011,12,-0.8330796003778127,0.9813962415600137
101,1553184000,889,684,0,1573,12,-0.8330796003778127,0.38400484949032665
101,1553198400,1251,1310,59,2561,12,-0.4267073071226513,1.7315452498666983
101,1553212800,455,779,324,1234,12,1.398524179531887,-0.07835972108415716
101,1553227200,43,218,175,261,12,0.3722619474129203,-1.405441512143074
101,1553241600,651,238,0,889,12,-0.8330796003778127,-0.548907735385623
101,1553256000,1238,592,0,1830,12,-0.8330796003778127,0.7345290224627229
101,1553270400,896,753,0,1649,12,-0.8330796003778127,0.4876618033654322
101,1553284800,935,1239,304,2174,12,1.2607708597843748,1.2037131294763583
101,1553299200,358,771,413,1129,12,2.011526452408317,-0.22156998630634242
101,1553313600,59,411,352,470,12,1.5913788271784044,-1.1203848889865335
101,1553328000,226,149,0,375,12,-0.8330796003778127,-1.2499560813304156
101,1553342400,710,311,0,1021,12,-0.8330796003778127,-0.36887197339201866
101,1553356800,761,499,0,1260,12,-0.8330796003778127,-0.042898131600568434
101,1553371200,648,744,96,1392,12,-0.17186366558975347,0.1371376303930359
101,1553385600,294,709,415,1003,12,2.025301784383068,-0.39342230457296473
101,1553400000,72,373,301,445,12,1.2401078618222479,-1.1544825711822921
101,1553414400,175,145,0,320,12,-0.8330796003778127,-1.324970982161084
101,1553428800,561,229,0,790,12,-0.8330796003778127,-0.6839345568808263
101,1553443200,602,458,0,1060,12,-0.8330796003778127,-0.3156795891666356
101,1553457600,460,737,277,1197,12,1.0748038781252331,-0.12882429073387958
101,1553472000,208,619,411,827,12,1.9977511204335658,-0.6334699872311038
101,1553486400,46,186,140,232,12,0.13119363785477367,-1.4449948234901535
101,1553500800,689,251,0,940,12,-0.8330796003778127,-0.4793484637062759
101,1553515200,1325,753,0,2078,12,-0.8330796003778127,1.072778029844646
101,1553529600,978,809,0,1787,12,-0.8330796003778127,0.6758810090860184
101,1553544000,1285,1570,285,2855,12,1.129905206024238,2.132533992488817
101,1553558400,519,682,163,1201,13,0.1541743496089668,-0.21026941500169252
101,1553572800,73,137,64,210,13,-0.43666154502152515,-1.5217985010500144
101,1553587200,913,806,0,1719,13,-0.8186160627624492,0.4752725290679651
101,1553601600,1371,792,0,2163,13,-0.8186160627624492,1.0628799096991002
101,1553616000,953,850,0,1803,13,-0.8186160627624492,0.5864414929711528
101,1553630400,1364,1438,74,2802,13,-0.3769811516245058,1.9085580993912066
101,1553644800,519,937,418,1456,13,1.6760243812329616,0.12720779684727018
101,1553659200,48,226,178,274,13,0.2436949397044959,-1.437098338076157
101,1553673600,728,257,0,985,13,-0.8186160627624492,-0.4961324650384609
101,1553688000,1446,743,0,2189,13,-0.8186160627624492,1.0972893509072297
101,1553702400,920,883,0,1803,13,-0.8186160627624492,0.5864414929711528
101,1553716800,1315,1524,209,2839,13,0.428704159235256,1.9575253811104678
101,1553731200,524,1002,478,1526,13,2.0341067416150778,0.2198486000999266
101,1553745600,58,234,176,292,13,0.23175886102509202,-1.4132764172397596
101,1553760000,736,270,0,1006,13,-0.8186160627624492,-0.468340224062664
101,1553774400,1400,733,0,2133,13,-0.8186160627624492,1.0231767083051044
101,1553788800,936,828,0,1764,13,-0.8186160627624492,0.5348273311589584
101,1553803200,1327,1492,165,2819,13,0.1661104282883707,1.9310565801811375
101,1553817600,488,853,365,1341,13,1.3597182962287586,-0.024987808496379663
101,1553832000,59,260,201,319,13,0.38095984451764053,-1.3775435359851635
101,1553846400,681,241,0,922,13,-0.8186160627624492,-0.5795091879658517
101,1553860800,1229,546,0,1775,13,-0.8186160627624492,0.5493851716700902
101,1553875200,875,851,0,1726,13,-0.8186160627624492,0.4845366093932307
101,1553889600,970,1401,431,2371,13,1.7536088926490867,1.3381554393641364
101,1553904000,353,923,570,1276,13,2.583166360867656,-0.11101141151670349
101,1553918400,70,366,296,436,13,0.9479235817893248,-1.2227010505485807
101,1553932800,238,177,0,415,13,-0.8186160627624492,-1.2504932915243776
101,1553947200,726,356,0,1082,13,-0.8186160627624492,-0.3677587805312085
101,1553961600,781,514,0,1295,13,-0.8186160627624492,-0.0858660506338396
101,1553976000,679,887,208,1566,13,0.4227361198955541,0.27278620195858744
101,1553990400,348,783,435,1131,13,1.7774810500078944,-0.30291021825434894
101,1554004800,84,415,331,499,13,1.1568049586788927,-1.13932432762119
101,1554019200,191,167,0,358,13,-0.8186160627624492,-1.3259293741729692
101,1554033600,626,225,0,851,13,-0.8186160627624492,-0.6734734312649747
101,1554048000,635,486,0,1121,13,-0.8186160627624492,-0.31614461871901417
101,1554062400,467,671,204,1138,13,0.39886396253674633,-0.2936461379290833
101,1554076800,243,577,334,820,13,1.1747090766979984,-0.7145000727054368
101,1554091200,44,167,123,211,13,-0.08454722397911076,-1.5204750610035478
101,1554105600,687,264,0,951,13,-0.8186160627624492,-0.5411294266183226
101,1554120000,1234,808,0,2042,13,-0.8186160627624492,0.9027436640766512
101,1554134400,868,849,0,1717,13,-0.8186160627624492,0.472625648975032
101,1554148800,1215,1553,338,2768,13,1.1985812340568063,1.863561137811345
101,1554163200,487,864,377,1351,14,1.4060789542666077,0.03315437489588398
101,1554177600,61,229,168,290,14,0.1683741525593497,-1.3946858812290617
101,1554192000,783,260,0,1043,14,-0.8265273148416997,-0.3813364817360512
101,1554200742,1069,267,0,1336,14,-0.8265273148416997,0.012968131878094924
101,1554200835,969,532,0,1501,14,-0.8265273148416997,0.2350168050737745
101,1554206400,311,244,0,555,14,-0.8265273148416997,-1.038062254581455
101,1554220800,950,900,0,1850,14,-0.8265273148416997,0.7046833926209998
101,1554235200,1382,1544,162,2926,14,0.1328419572950265,2.1527098917637346
101,1554249600,488,864,376,1352,14,1.4001569217225538,0.03450012443040325
101,1554264000,62,223,161,285,14,0.12691992475097266,-1.401414628901658
101,1554278400,779,273,0,1052,14,-0.8265273148416997,-0.3692247359253778
101,1554292800,1367,691,0,2058,14,-0.8265273148416997,0.984599295801008
101,1554307200,953,921,0,1874,14,-0.8265273148416997,0.7369813814494623
101,1554321600,1393,1464,71,2857,14,-0.40606300421387526,2.059853173881905
101,1554336000,591,977,386,1568,14,1.4593772471630924,0.32518202388656564
101,1554350400,64,234,170,298,14,0.18021821764745743,-1.3839198849529075
101,1554364800,733,238,0,971,14,-0.8265273148416997,-0.47823044822143873
101,1554379200,1365,700,0,2065,14,-0.8265273148416997,0.9940195425426429
101,1554393600,932,892,0,1824,14,-0.8265273148416997,0.6696939047234988
101,1554408000,1381,1655,274,3036,14,0.7961096022290595,2.3007423405608542
101,1554422400,568,984,416,1552,14,1.6370382234847085,0.3036500313342573
101,1554436800,65,279,214,344,14,0.44078764958582756,-1.3220154063650211
101,1554451200,686,226,0,912,14,-0.8265273148416997,-0.5576296707580757
101,1554465600,1228,519,0,1747,14,-0.8265273148416997,0.566071190565515
101,1554480000,852,877,25,1729,14,-0.6784765012403531,0.5418476989441681
101,1554494400,895,1322,427,2217,14,1.702180581469301,1.198573471789572
101,1554508800,313,864,551,1177,14,2.43651261693198,-0.20100604411046905
101,1554523200,85,364,279,449,14,0.8257197649493289,-1.1807117052404978
101,1554537600,250,123,0,373,14,-0.8265273148416997,-1.2829886698639623
101,1554552000,797,368,0,1165,14,-0.8265273148416997,-0.21715503852470028
101,1554566400,813,530,0,1343,14,-0.8265273148416997,0.022388378619729817
101,1554580800,653,801,148,1454,14,0.0499335016782724,0.17176657695136882
101,1554595200,391,725,334,1116,14,1.1514315548722915,-0.2830967657161445
101,1554609600,79,399,320,478,14,1.0685230992555372,-1.141684968739439
101,1554624000,202,151,0,353,14,-0.8265273148416997,-1.3099036605543477
101,1554638400,697,234,0,931,14,-0.8265273148416997,-0.5320604296022096
101,1554652800,691,458,0,1149,14,-0.8265273148416997,-0.23868703107700862
101,1554667200,482,728,246,1210,14,0.6302926909955513,-0.15659630947133313
101,1554681600,226,612,386,838,14,1.4593772471630924,-0.6572151363125016
101,1554696000,52,219,167,271,14,0.16245212001529585,-1.4202551223849278
101,1554710400,670,227,0,897,14,-0.8265273148416997,-0.5778159137758647
101,1554724800,1216,718,0,1934,14,-0.8265273148416997,0.8177263535206185
101,1554739200,970,820,0,1790,14,-0.8265273148416997,0.6239384205498436
101,1554753600,1178,1661,483,2839,14,2.0338144039363173,2.035629682260558
101,1554768000,506,866,360,1372,15,1.2757038420889586,0.002896200969263441
101,1554782400,65,242,177,307,15,0.19322871178472628,-1.4206979677686398
101,1554796800,722,242,0,964,15,-0.8537554306406787,-0.5424807200120177
101,1554811200,1294,800,0,2094,15,-0.8537554306406787,0.9679994778037856
101,1554825600,931,814,0,1745,15,-0.8537554306406787,0.5014883370624446
101,1554840000,1232,1661,429,2893,15,1.6838502026954723,2.036029281392128
101,1554854400,476,952,476,1428,15,1.9618629410796193,0.0777518567902236
101,1554868800,68,253,185,321,15,0.240550028956496,-1.4019840538133996
101,1554883200,747,262,0,1009,15,-0.8537554306406787,-0.48232885372731765
101,1554897600,1371,744,0,2115,15,-0.8537554306406787,0.9960703487366456
101,1554912000,916,866,0,1782,15,-0.8537554306406787,0.5509465382298646
101,1554926400,1425,1538,113,2963,15,-0.18534182558943144,2.129598851168328
101,1554940800,583,1035,452,1618,15,1.81989898956431,0.33172640332562414
101,1554955200,65,255,190,320,15,0.27012585218885204,-1.4033207619530597
101,1554969600,735,257,0,992,15,-0.8537554306406787,-0.5050528921015377
101,1554984000,1347,678,0,2025,15,-0.8537554306406787,0.8757666161672454
101,1554998400,923,844,0,1767,15,-0.8537554306406787,0.5308959161349646
101,1555012800,1295,1420,125,2715,15,-0.11435984983177687,1.7980952325326474
101,1555027200,578,977,399,1555,15,1.506395263301336,0.24751379052704398
101,1555041600,74,283,209,357,15,0.3825139804718051,-1.3538625607856396
101,1555056000,691,231,0,922,15,-0.8537554306406787,-0.5986224618777379
101,1555070400,1319,582,0,1901,15,-0.8537554306406787,0.710014806849405
101,1555084800,891,833,0,1724,15,-0.8537554306406787,0.47341746612958446
101,1555099200,1001,1303,302,2304,15,0.9326242925936281,1.2487081871323862
101,1555113600,362,849,487,1211,15,2.0269297521908025,-0.21231380951599704
101,1555128000,62,354,292,416,15,0.873472646128916,-1.2749967805456994
101,1555142400,293,128,0,421,15,-0.8537554306406787,-1.2683132398473993
101,1555156800,808,330,0,1138,15,-0.8537554306406787,-0.30989350371117724
101,1555171200,783,635,0,1418,15,-0.8537554306406787,0.06438477539362357
101,1555185600,746,797,51,1543,15,-0.5520820336706468,0.23147329285112395
101,1555200000,368,722,354,1090,15,1.2402128542101312,-0.3740554944148574
101,1555214400,79,398,319,477,15,1.0331820915836387,-1.1934575840264392
101,1555228800,224,139,0,363,15,-0.8537554306406787,-1.3458423119476794
101,1555243200,703,295,0,998,15,-0.8537554306406787,-0.49703264326357766
101,1555257600,739,511,0,1250,15,-0.8537554306406787,-0.1601821920692569
101,1555272000,496,809,313,1305,15,0.9976911037048114,-0.08666324438795675
101,1555286400,248,588,340,836,15,1.1574005491595343,-0.7135793618884981
101,1555300800,51,192,141,243,15,-0.019717215488237436,-1.5062472887068798
101,1555315200,724,235,0,959,15,-0.8537554306406787,-0.5491642607103178
101,1555329600,1190,755,0,1945,15,-0.8537554306406787,0.7688299649944451
101,1555344000,943,926,0,1869,15,-0.8537554306406787,0.667240146380285
101,1555358400,1255,1603,348,2858,15,1.204721866331304,1.989244496504028
101,1555718400,8498,9830,1332,18328,16,4.155288201932398,4.740754808196818
101,1555732800,74,345,271,419,16,0.4230039418263457,-0.29474999868882473
101,1555747200,216,120,0,336,16,-0.5302939229132775,-0.31808725364284274
101,1555761600,584,235,0,819,16,-0.5302939229132775,-0.18228130011524402
101,1555776000,782,549,0,1331,16,-0.5302939229132775,-0.038321365941060705
101,1555784517,428,541,113,969,16,-0.13279333724694012,-0.14010553815015125
101,1555784548,8,1,0,9,16,-0.5302939229132775,-0.41003041472674495
101,1555784549,8,5,0,13,16,-0.5302939229132775,-0.40890572774100914
101,1555784625,6,2,0,8,16,-0.5302939229132775,-0.41031158647317895
101,1555784680,5,11,6,16,16,-0.5091876971256843,-0.4080622125017073
101,1555790400,578,743,165,1321,16,0.05012728624553369,-0.04113308340540022
101,1555804800,370,660,290,1030,16,0.48984032348705725,-0.12295406161768019
101,1555819200,92,293,201,385,16,0.17676464097109248,-0.3043098380675791
101,1555833600,168,116,0,284,16,-0.5302939229132775,-0.33270818445740824
101,1555836641,102,52,0,154,16,-0.5302939229132775,-0.36926051149382194
101,1555848000,619,213,0,832,16,-0.5302939229132775,-0.17862606741160264
101,1555862400,705,527,0,1232,16,-0.5302939229132775,-0.06615736883802192
101,1555876800,470,677,207,1147,16,0.19787086675868562,-0.09005696728490784
101,1555891200,275,575,300,850,16,0.5250173664663792,-0.1735649759757915
101,1555905600,50,208,158,258,16,0.02550335616000837,-0.340018649864691
101,1555920000,575,152,0,727,16,-0.5302939229132775,-0.20814910078716758
101,1555934400,1171,339,0,1510,16,-0.5302939229132775,0.01200837667061667
101,1555948800,629,643,14,1272,16,-0.48104606274222683,-0.05491049898066386
101,1555963200,702,1263,561,1965,16,1.4431381882266805,0.13994152129806472
101,1555977600,253,691,438,944,17,1.3942691487250276,-0.2750557673162965
101,1555992000,58,205,147,263,17,-0.06044256739909672,-1.420860162125904
101,1556006400,631,176,0,807,17,-0.7952969394617988,-0.5055626719989929
101,1556020800,1226,372,0,1598,17,-0.7952969394617988,0.8253202594171593
101,1556035200,693,609,0,1302,17,-0.7952969394617988,0.32729074273045755
101,1556049600,819,1334,515,2153,17,1.7791928674245383,1.7591256032047249
101,1556064000,281,888,607,1169,17,2.239101726130447,0.10351396665163551
101,1556078400,45,256,211,301,17,0.2594940299615355,-1.3569239403890978
101,1556092800,669,162,0,831,17,-0.7952969394617988,-0.4651819003757468
101,1556107200,1274,396,0,1670,17,-0.7952969394617988,0.9464625742868974
101,1556121600,700,667,0,1367,17,-0.7952969394617988,0.43665533254341565
101,1556136000,875,1305,430,2180,17,1.3542770740549486,1.8045539712808767
101,1556150400,280,895,615,1175,17,2.279093800800526,0.11360915955744703
101,1556164800,58,253,195,311,17,0.17950988062137743,-1.340098618879412
101,1556179200,618,188,0,806,17,-0.7952969394617988,-0.5072452041499614
101,1556193600,1206,387,0,1593,17,-0.7952969394617988,0.8169075986623163
101,1556208000,715,609,0,1324,17,-0.7952969394617988,0.36430645005176643
101,1556209408,77,110,33,187,17,-0.6303296314477228,-1.5487326055995165
101,1556222400,808,1179,371,1987,17,1.0593355233631159,1.4798252661439395
101,1556236800,288,859,571,1147,17,2.0591373901150916,0.0664982593303266
101,1556251200,66,304,238,370,17,0.3944672819730522,-1.2408292219722652
101,1556265600,585,188,0,773,17,-0.7952969394617988,-0.5627687651319249
101,1556280000,1248,358,0,1606,17,-0.7952969394617988,0.8387805166249079
101,1556294400,648,639,0,1287,17,-0.7952969394617988,0.30205276046592877
101,1556308800,706,1151,445,1857,17,1.4292622140613467,1.2610960865180232
101,1556323200,290,746,456,1036,17,1.4842513167327054,-0.12026280942718652
101,1556337600,78,355,277,433,17,0.5894286459896874,-1.1348296964612443
101,1556352000,282,158,0,440,17,-0.7952969394617988,-1.1230519714044642
101,1556366400,847,296,0,1143,17,-0.7952969394617988,0.05976813072645226
101,1556380800,824,557,0,1381,17,-0.7952969394617988,0.4602107826569759
101,1556395200,689,807,118,1496,17,-0.20541383807813318,0.6537019800183633
101,1556409600,355,694,339,1049,17,0.8993672246827998,-0.09838989146459488
101,1556424000,90,376,286,466,17,0.6344197299935264,-1.079306135479281
101,1556438400,211,117,0,328,17,-0.7952969394617988,-1.311495572312946
101,1556452800,669,267,0,936,17,-0.7952969394617988,-0.2885160245240452
101,1556467200,696,482,0,1178,17,-0.7952969394617988,0.11865675601035279
101,1556481600,459,684,225,1143,17,0.32948016063417374,0.05976813072645226
101,1556496000,227,537,310,764,17,0.7543959540037634,-0.5779115544906421
101,1556510400,49,186,137,235,17,-0.1104326607366955,-1.4679710623530244
101,1556522931,420,147,0,567,17,-0.7952969394617988,-0.9093703882314537
101,1556524800,697,154,0,851,17,-0.7952969394617988,-0.43153125735637504
101,1556539200,1238,739,0,1977,17,-0.7952969394617988,1.4629999446342536
101,1556553600,881,725,0,1606,17,-0.7952969394617988,0.8387805166249079
101,1556568000,1328,1364,36,2692,17,-0.6153326034464431,2.666010432576793
101,1556582400,482,825,343,1307,18,1.0888853314298426,0.019907260367705366
101,1556596800,49,218,169,267,18,0.12657364986146266,-1.410165321149086
101,1556611200,749,263,0,1012,18,-0.8080853971790902,-0.3857383276586922
101,1556625600,1350,709,0,2059,18,-0.8080853971790902,1.0539597423875393
101,1556640000,968,733,0,1701,18,-0.8080853971790902,0.5616847575961821
101,1556654400,1285,1489,204,2774,18,0.32014209155625173,2.0371346421803334
101,1556668800,488,943,455,1431,18,1.7083043448531676,0.19041591431778435
101,1556683200,60,232,172,292,18,0.14316523057815886,-1.3757885764010864
101,1556697600,746,279,0,1025,18,-0.8080853971790902,-0.3678624203897323
101,1556712000,1297,802,0,2099,18,-0.8080853971790902,1.108962533984339
101,1556726400,959,775,0,1734,18,-0.8080853971790902,0.6070620606635418
101,1556740800,1316,1422,106,2738,18,-0.22184954518915764,1.9876321297432136
101,1556755200,533,1035,502,1568,18,1.9682391094147413,0.3788004755368232
101,1556769600,57,274,217,331,18,0.39203894132860195,-1.3221608545942067
101,1556784000,746,269,0,1015,18,-0.8080853971790902,-0.38161311828893224
101,1556798400,1380,679,0,2059,18,-0.8080853971790902,1.0539597423875393
101,1556812800,849,861,12,1710,18,-0.7417190743123054,0.574060385705462
101,1556827200,1112,1446,334,2558,18,1.0391105892797539,1.740119567557615
101,1556841600,522,1028,506,1550,18,1.990361217037003,0.3540492193182634
101,1556856000,60,308,248,368,18,0.5634852754011294,-1.271283272367167
101,1556870400,686,279,0,965,18,-0.8080853971790902,-0.4503666077849318
101,1556884800,1259,569,0,1828,18,-0.8080853971790902,0.7363186209160211
101,1556889498,209,159,0,368,18,-0.8080853971790902,-1.271283272367167
101,1556889590,270,211,0,481,18,-0.8080853971790902,-1.1159003861062078
101,1556899200,679,628,0,1307,18,-0.8080853971790902,0.019907260367705366
101,1556913600,982,1410,428,2392,18,1.5589801184029017,1.5118579824308964
101,1556928000,374,917,543,1291,18,2.1949907125429227,-0.0020938562710145045
101,1556942400,85,399,314,484,18,0.9285000511684459,-1.1117751767364479
101,1556956800,253,171,0,424,18,-0.8080853971790902,-1.1942793641316474
101,1556971200,817,354,0,1171,18,-0.8080853971790902,-0.16710223106141353
101,1556985600,795,599,0,1394,18,-0.8080853971790902,0.13953833209074465
101,1557000000,698,751,53,1449,18,-0.5149674711841239,0.2151671705363442
101,1557014400,352,858,506,1210,18,1.990361217037003,-0.11347450925453384
101,1557028800,64,391,327,455,18,1.000396900940796,-1.1516522006441277
101,1557043200,183,155,0,338,18,-0.8080853971790902,-1.3125353660647667
101,1557057600,609,254,0,863,18,-0.8080853971790902,-0.590623726356771
101,1557072000,710,460,0,1170,18,-0.8080853971790902,-0.1684773008513335
101,1557086400,455,719,264,1174,18,0.6519737058901758,-0.16297702169165354
101,1557100800,194,557,363,751,18,1.1994958695411506,-0.7446315428278101
101,1557115200,52,188,136,240,18,-0.055933738022195596,-1.447292205476926
101,1557129600,743,257,0,1000,18,-0.8080853971790902,-0.4022391651377321
101,1557144000,1295,704,0,1999,18,-0.8080853971790902,0.9714555549923397
101,1557158400,933,807,0,1740,18,-0.8080853971790902,0.6153124794030618
101,1557172800,1276,1503,227,2779,18,0.4473442103842559,2.044009991129933
101,1557187200,494,957,463,1451,19,1.746783153640537,0.17605742860601023
101,1557201600,62,295,233,357,19,0.4582054320546196,-1.3633311022387
101,1557216000,734,252,0,986,19,-0.8471798250302445,-0.4782530529687523
101,1557230400,1316,717,0,2033,19,-0.8471798250302445,0.9950008700608743
101,1557244800,957,838,0,1795,19,-0.8471798250302445,0.6601064730398131
101,1557259200,1207,1593,386,2800,19,1.3153897425009038,2.0742613848304288
101,1557273600,461,1007,546,1468,19,2.2117916357780634,0.19997845696465744
101,1557288000,63,287,224,350,19,0.4077828255577794,-1.3731809374452018
101,1557302400,777,289,0,1066,19,-0.8471798250302445,-0.36568350775158887
101,1557316800,1402,739,0,2141,19,-0.8471798250302445,1.146969756104045
101,1557331200,893,869,0,1762,19,-0.8471798250302445,0.6136715356377331
101,1557345600,1275,1378,103,2653,19,-0.2701211062330728,1.867414845493891
101,1557360000,529,1056,527,1585,19,2.105343910951401,0.364611416844759
101,1557374400,75,293,218,368,19,0.3741677545598859,-1.34785278977134
101,1557388800,731,272,0,1003,19,-0.8471798250302445,-0.4543320246101051
101,1557403200,1174,723,0,1897,19,-0.8471798250302445,0.8036326431916965
101,1557417600,780,803,23,1583,19,-0.7183220528716527,0.3617971782143299
101,1557432000,1279,1461,182,2740,19,0.1724773285725249,1.9898342259175563
101,1557446400,562,932,370,1494,19,1.2257495531731877,0.23656355916023558
101,1557460800,61,284,223,345,19,0.4021803137247971,-1.3802165340212744
101,1557475200,689,257,0,946,19,-0.8471798250302445,-0.5345378255773341
101,1557489600,1254,567,0,1821,19,-0.8471798250302445,0.6966915752353912
101,1557504000,963,803,0,1766,19,-0.8471798250302445,0.6193000128985913
101,1557518400,964,1358,394,2322,19,1.3602098371647617,1.4016583521578772
101,1557532800,381,922,541,1303,19,2.183779076613152,-0.03219623004574216
101,1557547200,87,395,308,482,19,0.8783938195282883,-1.187441187836882
101,1557561600,282,161,0,443,19,-0.8471798250302445,-1.2423188411302493
101,1557576000,794,302,0,1096,19,-0.8471798250302445,-0.3234699282951526
101,1557590400,771,539,0,1310,19,-0.8471798250302445,-0.02234639483924036
101,1557604800,724,776,52,1500,19,-0.5558492097151675,0.24500627505152284
101,1557619200,404,703,299,1107,19,0.827971213031448,-0.3079916158277926
101,1557633600,84,373,289,457,19,0.7719460947016256,-1.2226191707172456
101,1557648000,174,153,0,327,19,-0.8471798250302445,-1.4055446816951362
101,1557662400,578,218,0,796,19,-0.8471798250302445,-0.7456057228595155
101,1557676800,625,400,0,1025,19,-0.8471798250302445,-0.4233753996753851
101,1557691200,370,617,247,987,19,0.5366405977163711,-0.4768459336535378
101,1557705600,234,538,304,772,19,0.8559837721963593,-0.7793765864246646
101,1557720000,52,170,118,222,19,-0.18608342873833902,-1.5532922097926634
101,1557734400,706,228,0,934,19,-0.8471798250302445,-0.5514232573599086
101,1557748800,1227,743,0,1970,19,-0.8471798250302445,0.9063523532023581
101,1557763200,887,804,0,1691,19,-0.8471798250302445,0.5137660642575006
101,1557777600,1116,1417,301,2533,19,0.8391762366974126,1.698560527668146
101,1557792000,468,821,353,1289,20,1.0760273691082847,-0.10066275561386065
101,1557806400,59,251,192,310,20,0.16991316364001313,-1.5289067809177674
101,1557820800,683,295,0,978,20,-0.9106702366699752,-0.554374596134305
101,1557835200,1161,766,0,1927,20,-0.9106702366699752,0.8301030136853146
101,1557849600,888,936,48,1824,20,-0.6405243865924781,0.6798383205225951
101,1557864000,1303,1462,159,2765,20,-0.01581210828826612,2.0526448862130713
101,1557878400,525,908,383,1433,20,1.2448685254067202,0.10941603871071809
101,1557892800,57,264,207,321,20,0.25433374178923096,-1.5128590952401955
101,1557907200,758,244,0,1002,20,-0.9106702366699752,-0.5193614637468752
101,1557921600,1447,699,0,2146,20,-0.9106702366699752,1.1495978467206114
101,1557936000,1026,886,0,1912,20,-0.9106702366699752,0.808219805943171
101,1557950400,1215,1424,209,2639,20,0.26558981887579336,1.868825941179065
101,1557964800,444,948,504,1392,20,1.925861189143744,0.04960193754885887
101,1557979200,67,293,226,360,20,0.36126647411157353,-1.455962755110622
101,1557993600,736,273,0,1009,20,-0.9106702366699752,-0.5091493001338748
101,1558008000,1383,658,0,2041,20,-0.9106702366699752,0.9964153925256061
101,1558022400,1020,687,0,1707,20,-0.9106702366699752,0.5091493001338748
101,1558036800,1103,1511,408,2614,20,1.38556948898875,1.8323539282754924
101,1558051200,475,1008,533,1483,20,2.0890743068988984,0.1823600645178635
101,1558065600,57,375,318,432,20,0.8790460200934429,-1.3509233579483326
101,1558080000,692,259,0,951,20,-0.9106702366699752,-0.5937643700701635
101,1558094400,1310,459,0,1769,20,-0.9106702366699752,0.5995998921347352
101,1558108800,885,752,0,1637,20,-0.9106702366699752,0.4070276640038713
101,1558123200,935,1366,431,2301,20,1.5150143754842174,1.3757243267227621
101,1558137600,404,859,455,1263,20,1.650087300522966,-0.13859364903357624
101,1558152000,90,380,290,470,20,0.7214609408815696,-1.2954858983349022
101,1558166400,278,158,0,436,20,-0.9106702366699752,-1.345087835883761
101,1558180800,863,362,0,1225,20,-0.9106702366699752,-0.19403110864700676
101,1558195200,899,648,0,1547,20,-0.9106702366699752,0.2757284175510096
101,1558209600,753,959,206,1712,20,0.24870570324594976,0.5164437027145894
101,1558224000,410,783,373,1193,20,1.1885881399739084,-0.2407152851635798
101,1558238400,94,439,345,533,20,1.031003060762035,-1.203576425817899
101,1558252800,212,147,0,359,20,-0.9106702366699752,-1.457421635626765
101,1558267200,752,265,0,1017,20,-0.9106702366699752,-0.4974782560047316
101,1558281600,783,537,0,1320,20,-0.9106702366699752,-0.0554374596134305
101,1558296000,603,825,222,1428,20,0.3387543199384488,0.10212163613000355
101,1558310400,301,625,324,926,20,0.9128142513531301,-0.6302363829737362
101,1558324800,67,252,185,319,20,0.1305168938370448,-1.5157768562724814
101,1558339200,746,310,0,1056,20,-0.9106702366699752,-0.44058191587515816
101,1558353600,1202,591,0,1793,20,-0.9106702366699752,0.634613024522165
101,1558368000,862,772,0,1634,20,-0.9106702366699752,0.4026510224554426
101,1558382400,1069,1494,425,2563,20,1.4812461442245302,1.757951021952204
101,1558396800,428,900,472,1328,21,1.270445008566439,0.12381656002639194
101,1558411200,73,240,167,313,21,-0.16102658609765483,-1.5544982106970084
101,1558425600,735,333,0,1068,21,-0.94481595104488,-0.3060965832130998
101,1558440000,1381,560,0,1941,21,-0.94481595104488,1.1374194708179628
101,1558454400,847,883,36,1730,21,-0.7758553693796099,0.7885284199582214
101,1558468800,1053,1566,513,2619,21,1.4628723376852188,2.2585006674194066
101,1558483200,423,1061,638,1484,21,2.0495410240229623,0.38176444597008696
101,1558497600,74,256,182,330,21,-0.09062634373712562,-1.5263885051775032
101,1558512000,773,261,0,1034,21,-0.94481595104488,-0.36231599425211025
101,1558526400,1388,593,0,1981,21,-0.94481595104488,1.2035599543932691
101,1558540800,987,893,0,1880,21,-0.94481595104488,1.0365552333656205
101,1558555200,1040,1494,454,2534,21,1.185964717733804,2.1179521398218806
101,1558569600,503,995,492,1498,21,1.364311998380478,0.4049136152214442
101,1558584000,79,335,256,414,21,0.25668151857481847,-1.3874934896693598
101,1558598400,688,244,0,932,21,-0.94481595104488,-0.5309742273691416
101,1558612800,1389,460,0,1849,21,-0.94481595104488,0.9852963585947581
101,1558627200,744,823,79,1567,21,-0.5740413412794262,0.5190059493888478
101,1558641600,872,1423,551,2295,21,1.6412196183318928,1.7227627504594245
101,1558656000,350,944,594,1294,21,1.8430336464320765,0.06759714898738148
101,1558670400,73,273,200,346,21,-0.006146052904490581,-1.4999323117473806
101,1558684800,696,212,0,908,21,-0.94481595104488,-0.5706585175143255
101,1558699200,1195,452,0,1647,21,-0.94481595104488,0.6512869165394606
101,1558713600,803,891,88,1694,21,-0.5318011958631087,0.7290019847404456
101,1558728000,818,1205,387,2023,21,0.8715103018567735,1.2730074621473408
101,1558742400,439,834,395,1273,21,0.9090570977823891,0.03287339511034561
101,1558756800,83,445,362,528,21,0.7541765645892249,-1.1989931114797365
101,1558771200,282,205,0,487,21,-0.94481595104488,-1.2667871071444254
101,1558785600,749,389,0,1138,21,-0.94481595104488,-0.19035073695631355
101,1558800000,808,554,0,1362,21,-0.94481595104488,0.1800359710654024
101,1558814400,629,933,304,1562,21,0.48196229412851194,0.5107383889419345
101,1558828800,376,872,496,1248,21,1.3830853963432856,-0.008464407124220905
101,1558843200,90,420,330,510,21,0.6039893808867626,-1.2287563290886243
101,1558857600,249,178,0,427,21,-0.94481595104488,-1.3659978325073852
101,1558872000,735,352,0,1087,21,-0.94481595104488,-0.27467985351482926
101,1558886400,799,483,0,1282,21,-0.94481595104488,0.04775500391478955
101,1558900800,501,914,413,1415,21,0.9935373886150242,0.2676721118026834
101,1558915200,302,729,427,1031,21,1.0592442814848515,-0.3672765305202582
101,1558929600,72,363,291,435,21,0.4209487507493866,-1.3527697357923238
101,1558944000,250,174,0,424,21,-0.94481595104488,-1.3709583687755331
101,1558958400,635,314,0,949,21,-0.94481595104488,-0.5028645218496364
101,1558972800,758,562,0,1320,21,-0.94481595104488,0.11058846331133065
101,1558987200,558,886,328,1444,21,0.5946026819053586,0.3156239623947805
101,1559001600,291,761,470,1052,22,1.0827908709382852,-0.3370125912534137
101,1559016000,64,220,156,284,22,-0.21679467747217215,-1.6172714704749553
101,1559030400,674,238,0,912,22,-0.8624486441983866,-0.5703931161115072
101,1559044800,1200,445,0,1645,22,-0.8624486441983866,0.6515206318955109
101,1559059200,704,612,0,1316,22,-0.8624486441983866,0.10307639847899118
101,1559073600,829,1410,581,2239,22,1.5421985011088608,1.641720858793422
101,1559088000,269,908,639,1177,22,1.7822493348916841,-0.12863712263011595
101,1559102400,62,191,129,253,22,-0.3285424794055554,-1.6689485866935332
101,1559116800,663,211,0,874,22,-0.8624486441983866,-0.6337392585729897
101,1559131200,1343,481,0,1824,22,-0.8624486441983866,0.9499143029640733
101,1559145600,745,734,0,1479,22,-0.8624486441983866,0.37479800956377146
101,1559160000,800,1379,579,2179,22,1.5339208861508324,1.541700633854239
101,1559174400,289,849,560,1138,22,1.4552835440495628,-0.19365026884058487
101,1559188800,52,232,180,284,22,-0.11746329797583145,-1.6172714704749553
101,1559203200,690,261,0,951,22,-0.8624486441983866,-0.5053799699010383
101,1559217600,1284,521,0,1805,22,-0.8624486441983866,0.918241231733332
101,1559232000,864,711,0,1575,22,-0.8624486441983866,0.5348303694664641
101,1559246400,806,1468,662,2274,22,1.8774419069090107,1.7000659900079453
101,1559260800,292,872,580,1164,22,1.5380596936298467,-0.15030817136693891
101,1559275200,66,266,200,332,22,-0.03468714839554754,-1.537255290523609
101,1559289600,693,269,0,962,22,-0.8624486441983866,-0.4870429286621881
101,1559304000,1278,517,0,1795,22,-0.8624486441983866,0.9015711942434682
101,1559318400,869,778,0,1647,22,-0.8624486441983866,0.6548546393934837
101,1559332800,945,1373,428,2318,22,0.908960956819689,1.7734141549633462
101,1559347200,386,978,592,1364,22,1.587725383378017,0.18309257843033752
101,1559361600,90,463,373,553,22,0.6813265454739083,-1.1688474619976184
101,1559376000,320,199,0,519,22,-0.8624486441983866,-1.2255255894631554
101,1559390400,873,346,0,1219,22,-0.8624486441983866,-0.0586229651726879
101,1559404800,957,675,0,1632,22,-0.8624486441983866,0.629849583158688
101,1559419200,780,978,198,1758,22,-0.04296476335357593,0.8398920555309721
101,1559433600,410,946,536,1356,22,1.355952164553222,0.16975654843844645
101,1559448000,91,444,353,535,22,0.5985503958936244,-1.1988535294793734
101,1559462400,226,149,0,375,22,-0.8624486441983866,-1.4655741293171944
101,1559476800,803,309,0,1112,22,-0.8624486441983866,-0.2369923663142308
101,1559491200,843,615,0,1458,22,-0.8624486441983866,0.33979093083505746
101,1559505600,564,905,341,1469,22,0.548884706145454,0.3581279720739077
101,1559520000,270,705,435,975,22,0.9379326091727884,-0.46537187992536516
101,1559534400,51,267,216,318,22,0.03153377126867959,-1.5605933430094183
101,1559548800,668,234,0,902,22,-0.8624486441983866,-0.5870631536013711
101,1559563200,1262,502,0,1764,22,-0.8624486441983866,0.8498940780248904
101,1559577600,770,755,0,1525,22,-0.8624486441983866,0.45148018201714507
101,1559592000,909,1453,544,2362,22,1.3890626243853357,1.846762319918747
101,1559606400,325,805,480,1130,23,1.3710318413022509,0.08005419021940598
101,1559620800,59,300,241,359,23,0.31627880459225743,-1.1400275204849613
101,1559635200,648,188,0,836,23,-0.7473006173621712,-0.3851909757301193
101,1559638822,470,152,0,622,23,-0.7473006173621712,-0.7238388176117465
101,1559640940,207,74,0,281,23,-0.7473006173621712,-1.2634599114511618
101,1559641655,52,31,0,83,23,-0.7473006173621712,-1.5767882885192095
101,1559645177,229,134,0,363,23,-0.7473006173621712,-1.1336976542815664
101,1559645270,7,4,0,11,23,-0.7473006173621712,-1.6907258801803178
101,1559649600,1320,388,0,1708,23,-0.7473006173621712,0.9947198566099692
101,1559664000,725,680,0,1405,23,-0.7473006173621712,0.5152324917028055
101,1559678400,885,1336,451,2221,23,1.243049255257942,1.8065251971953653
101,1559692800,330,999,669,1329,23,2.205125246901367,0.39496503383830234
101,1559707200,68,298,230,366,23,0.26773368574786444,-1.1289502546290202
101,1559721600,738,244,0,982,23,-0.7473006173621712,-0.15415085930620537
101,1559725912,570,212,0,782,23,-0.7473006173621712,-0.47064416947595045
101,1559735030,560,314,0,874,23,-0.7473006173621712,-0.32505724679786774
101,1559736000,1329,422,0,1751,23,-0.7473006173621712,1.0627659182964644
101,1559750400,811,816,5,1627,23,-0.7252346542510835,0.8665400659912225
101,1559764800,949,1468,519,2417,23,1.5431463535687353,2.1166886411617156
101,1559779200,381,969,588,1350,23,1.847656644501746,0.4281968314061256
101,1559793600,59,328,269,387,23,0.43984819801434877,-1.095718457061197
101,1559808000,671,210,0,881,23,-0.7473006173621712,-0.31397998094192664
101,1559808810,91,42,0,133,23,-0.7473006173621712,-1.4976649609767732
101,1559811057,327,125,0,452,23,-0.7473006173621712,-0.9928581312560298
101,1559822400,1356,445,0,1801,23,-0.7473006173621712,1.1418892458389007
101,1559836800,921,743,0,1664,23,-0.7473006173621712,0.9250913283726253
101,1559851200,944,1351,407,2295,23,1.0488687798803702,1.923627721958171
101,1559865600,384,1089,705,1473,23,2.364000181301199,0.6228402171605187
101,1559880000,62,335,273,397,23,0.4575009685032189,-1.0798937915527098
101,1559894400,708,220,0,928,23,-0.7473006173621712,-0.23960405305203655
101,1559908800,1237,469,0,1706,23,-0.7473006173621712,0.9915549235082718
101,1559923200,784,847,63,1631,23,-0.46926948216246583,0.8728699321946174
101,1559937600,814,1278,464,2092,23,1.3004207593467703,1.6023870121358799
101,1559952000,370,931,561,1301,23,1.728500443701872,0.350655970414538
101,1559966400,78,373,295,451,23,0.554591206192005,-0.9944405978068785
101,1559980800,272,174,0,446,23,-0.7473006173621712,-1.0023529305611223
101,1559995200,777,322,0,1099,23,-0.7473006173621712,0.030997727143095493
101,1560009600,849,501,0,1350,23,-0.7473006173621712,0.4281968314061256
101,1560024000,683,750,67,1433,23,-0.4516167116735956,0.5595415551265698
101,1560038400,337,790,453,1127,23,1.2518756405023772,0.07530679056685981
101,1560052800,89,377,288,466,23,0.5236988578364822,-0.9707035995441476
101,1560067200,210,149,0,359,23,-0.7473006173621712,-1.1400275204849613
101,1560081600,550,227,0,777,23,-0.7473006173621712,-0.4785565022301941
101,1560096000,662,511,0,1173,23,-0.7473006173621712,0.14810025190590118
101,1560110400,460,767,307,1227,23,0.6075495176586155,0.23355344565173233
101,1560124800,254,667,413,921,23,1.0753479356136755,-0.2506813189079776
101,1560139200,59,235,176,294,23,0.029421284148116934,-1.2428878462901285
101,1560153600,685,244,0,929,23,-0.7473006173621712,-0.23802158650118782
101,1560168000,1097,499,0,1596,23,-0.7473006173621712,0.8174836029149121
101,1560182400,708,747,39,1455,23,-0.5751861050956869,0.5943558192452417
101,1560196800,818,1491,673,2309,23,2.222778017390237,1.9457822536700533
101,1560211200,342,792,450,1134,24,0.9438679542772417,-0.3128505541539513
101,1560225600,60,222,162,282,24,-0.21110302988253735,-1.6308325168673932
101,1560240000,692,264,0,956,24,-0.860774208472413,-0.5882035933123934
101,1560254400,1389,491,0,1880,24,-0.860774208472413,0.8411571268134521
101,1560268800,817,771,0,1588,24,-0.860774208472413,0.3894543884187044
101,1560283200,952,1424,472,2376,24,1.0320949044561136,1.6084330112100098
101,1560297600,399,1027,628,1426,24,1.6577041875426608,0.1388521842407964
101,1560312000,60,311,251,371,24,0.14581508675017216,-1.4931559972881723
101,1560326400,743,267,0,1010,24,-0.860774208472413,-0.5046695252530907
101,1560328408,252,112,0,364,24,-0.860774208472413,-1.503984487592156
101,1560340800,1390,445,0,1835,24,-0.860774208472413,0.7715454034306999
101,1560355200,828,756,0,1584,24,-0.860774208472413,0.38326667967357086
101,1560369600,953,1571,618,2524,24,1.6176010283704463,1.8373782347799505
101,1560384000,333,1051,718,1384,24,2.0186326200925917,0.07388124241689434
101,1560398400,70,320,250,390,24,0.1418047708329507,-1.463764380748788
101,1560412800,749,226,0,975,24,-0.860774208472413,-0.5588119767730091
101,1560427200,1257,512,0,1769,24,-0.860774208472413,0.6694482091359967
101,1560441600,805,630,0,1435,24,-0.860774208472413,0.15277452891734686
101,1560456000,931,1391,460,2322,24,0.9839711134494563,1.5248989431507072
101,1560470400,375,948,573,1323,24,1.4371368120954806,-0.020481315946392
101,1560484800,61,297,236,358,24,0.08566034799185034,-1.513266050709856
101,1560499200,694,216,0,910,24,-0.860774208472413,-0.6593622438814289
101,1560513600,1138,418,0,1556,24,-0.860774208472413,0.33995271845763614
101,1560528000,755,815,60,1570,24,-0.6201552534391258,0.3616096990656035
101,1560542400,798,1286,488,2084,24,1.096259959131657,1.1567302728152622
101,1561176000,111,501,390,612,25,1.0706856901269577,-1.0114202090320807
101,1561190400,301,182,0,483,25,-0.8421804175372108,-1.2583085125057398
101,1561204800,866,297,0,1163,25,-0.8421804175372108,0.04311820347943972
101,1561219200,969,579,0,1548,25,-0.8421804175372108,0.7799553882651664
101,1561233600,723,937,214,1660,25,0.2074435492323585,0.9943080238391959
101,1561248000,442,886,444,1328,25,1.335544074265073,0.3589055683876083
101,1561262400,91,508,417,599,25,1.2031148821960154,-1.0363004256612092
101,1561276800,252,156,0,408,25,-0.8421804175372108,-1.4018482238276346
101,1561291200,818,266,0,1084,25,-0.8421804175372108,-0.10807695911295614
101,1561305600,916,466,0,1382,25,-0.8421804175372108,0.46225416053937257
101,1561320000,639,853,214,1492,25,0.2074435492323585,0.6727790704781516
101,1561334400,311,766,455,1077,25,1.3894967080709855,-0.12147399883633299
101,1561348800,64,259,195,323,25,0.11425263629487335,-1.564526563325782
101,1561363200,632,199,0,831,25,-0.8421804175372108,-0.592284251972148
101,1561377600,1116,503,0,1619,25,-0.8421804175372108,0.9158396483165602
101,1561392000,784,703,0,1487,25,-0.8421804175372108,0.6632097563900252
101,1561406400,851,1441,590,2292,25,2.0516426684162745,2.203869324578363
101,1561420800,379,967,588,1346,26,1.432608095076288,0.15874327264593432
101,1561435200,72,275,203,347,26,-0.08156099423566554,-1.546466720615231
101,1561449600,657,194,0,851,26,-0.8799410595092411,-0.6861805978888773
101,1561464000,1314,475,0,1789,26,-0.8799410595092411,0.9149074638518364
101,1561478400,778,785,7,1563,26,-0.8524107124308419,0.5291442421531144
101,1561492800,866,1461,595,2327,26,1.4601384421546872,1.8332287615240157
101,1561507200,385,1027,642,1412,26,1.64498505825251,0.2713997887172425
101,1561521600,82,294,212,376,26,-0.04616483370629519,-1.4969661302202624
101,1561536000,727,207,0,934,26,-0.8799410595092411,-0.5445064943446564
101,1561550400,1338,560,0,1898,26,-0.8799410595092411,1.1009614070605123
101,1561564800,817,770,0,1587,26,-0.8799410595092411,0.5701102479972264
101,1561579200,889,1473,584,2362,26,1.4168764681743455,1.8929708533800125
101,1561593600,431,1153,722,1584,26,1.9596175962913576,0.5649894972667124
101,1561608000,63,344,281,407,26,0.22520573035221078,-1.444051706004951
101,1561622400,605,198,0,803,26,-0.8799410595092411,-0.7681126095771015
101,1561636800,1232,477,0,1709,26,-0.8799410595092411,0.7783541110381296
101,1561651200,781,695,0,1476,26,-0.8799410595092411,0.3806424709682081
101,1561665600,903,1352,449,2255,26,0.8859340602337905,1.7103307439916793
101,1561680000,411,993,582,1404,26,1.4090106547233745,0.2577444534358718
101,1561694400,73,365,292,438,26,0.2684677043325523,-1.3911372817896395
101,1561708800,606,201,0,807,26,-0.8799410595092411,-0.7612849419364162
101,1561723200,1270,384,0,1654,26,-0.8799410595092411,0.684473680978706
101,1561737600,762,732,0,1494,26,-0.8799410595092411,0.41136697535129213
101,1561752000,801,1467,666,2268,26,1.7393748196641643,1.7325206638239068
101,1561766400,397,955,558,1352,26,1.3146208933117203,0.16898477410696233
101,1561780800,93,489,396,582,26,0.677490003783054,-1.1453412467249668
101,1561795200,301,169,0,470,26,-0.8799410595092411,-1.3365159406641567
101,1561809600,767,296,0,1063,26,-0.8799410595092411,-0.32431421293255397
101,1561824000,771,508,0,1279,26,-0.8799410595092411,0.04437983966445475
101,1561838400,603,750,147,1353,26,-0.30180377086285876,0.17069169101713366
101,1561852800,411,706,295,1117,26,0.28026642450900907,-0.2321406997833018
101,1561867200,83,446,363,529,26,0.5477040818420295,-1.2358078429640478
101,1561881600,183,200,17,383,26,-0.8130816451759859,-1.4850177118490628
101,1561896000,786,255,0,1041,26,-0.8799410595092411,-0.3618663849563234
101,1561910400,828,530,0,1358,26,-0.8799410595092411,0.17922627556799034
101,1561924800,477,788,311,1265,26,0.3431929321167786,0.02048300292205604
101,1561939200,258,833,575,1091,26,1.3814803076449753,-0.27652053944775656
101,1561953600,64,351,287,415,26,0.24880317070512434,-1.43039637072358
101,1561968000,588,218,0,806,26,-0.8799410595092411,-0.7629918588465875
101,1561982400,1180,506,0,1686,26,-0.8799410595092411,0.7390950221041888
101,1561996800,703,695,0,1398,26,-0.8799410595092411,0.24750295197484382
101,1562011200,861,1486,625,2347,26,1.578125643919255,1.8673670997274423
101,1562025600,329,947,618,1276,27,2.082819673766316,0.35544988483434803
101,1562040000,74,314,240,388,27,0.2737133634088353,-1.3432762690331355
101,1562054400,634,175,0,809,27,-0.8749255638022634,-0.5379117298684839
101,1562068800,1187,531,0,1718,27,-0.8749255638022634,1.2009870019620819
101,1562083200,731,736,5,1467,27,-0.8509955861520322,0.7208290463080973
101,1562097600,908,1302,394,2210,27,1.010756675035957,2.1421731142400118
101,1562112000,364,1032,668,1396,27,2.322119450268628,0.5850074731948187
101,1562126400,68,328,260,396,27,0.36943327400976017,-1.327972429809104
101,1562140800,634,186,0,820,27,-0.8749255638022634,-0.5168689509354407
101,1562155200,1189,528,0,1717,27,-0.8749255638022634,1.1990740220590779
101,1562169600,798,879,81,1677,27,-0.4872599258685176,1.122554825938921
101,1562184000,843,1272,429,2115,27,1.1782665185875756,1.960440023454639
101,1562198400,396,783,387,1179,27,0.9772547063256332,0.1698908342429675
101,1562212800,84,374,290,458,27,0.5130131399111475,-1.2093676758228609
101,1562227200,227,151,0,378,27,-0.8749255638022634,-1.3624060680631747
101,1562241600,567,221,0,788,27,-0.8749255638022634,-0.5780843078315663
101,1562256000,680,408,0,1088,27,-0.8749255638022634,-0.004190336930389462
101,1562270400,534,546,12,1080,27,-0.8174936174417085,-0.019494176154420843
101,1562284800,280,794,514,1074,27,1.5850761386415062,-0.030972055572444382
101,1562299200,88,438,350,526,27,0.8001728717139222,-1.079285042418594
101,1562313600,373,150,0,523,27,-0.8749255638022634,-1.0850239821276058
101,1562328000,805,370,0,1175,27,-0.8749255638022634,0.1622389146309518
101,1562342400,676,683,7,1359,27,-0.8414235950919396,0.5142272167836736
101,1562356800,652,963,311,1615,27,0.6135190460421186,1.0039500719526777
101,1562371200,331,749,418,1080,27,1.1256205677570668,-0.019494176154420843
101,1562385600,91,403,312,494,27,0.6183050415721649,-1.1405003993147196
101,1562400000,250,151,0,401,27,-0.8749255638022634,-1.3184075302940843
101,1562414400,691,307,0,998,27,-0.8749255638022634,-0.17635852820074252
101,1562428800,766,511,0,1277,27,-0.8749255638022634,0.35736286473735196
101,1562443200,582,729,147,1311,27,-0.17138422088546545,0.4224041814394853
101,1562457600,332,755,423,1087,27,1.149550545407298,-0.006103316833393385
101,1562472000,84,415,331,499,27,0.7092389566430435,-1.1309354997996999
101,1562486400,210,123,0,333,27,-0.8749255638022634,-1.4484901636983512
101,1562500800,697,275,0,972,27,-0.8749255638022634,-0.2260960056788445
101,1562515200,737,473,0,1210,27,-0.8749255638022634,0.2291932112360891
101,1562529600,529,846,317,1375,27,0.6422350192223961,0.5448348952317363
101,1562544000,296,693,397,989,27,1.0251146616260955,-0.1935753473277778
101,1562558400,58,234,176,292,27,-0.03259035051412436,-1.526922339721512
101,1562572800,623,209,0,832,27,-0.8749255638022634,-0.49391319209939366
101,1562587200,1110,508,0,1618,27,-0.8749255638022634,1.0096890116616897
101,1562601600,735,710,0,1445,27,-0.8749255638022634,0.6787434884420109
101,1562616000,876,1467,591,2343,27,1.953597794455067,2.3965994413395335
101,1562630400,320,911,591,1231,28,1.6455320165813525,0.05942746305189716
101,1562644800,50,265,215,315,28,0.06978209688890358,-1.4099566641848424
101,1562659200,659,195,0,854,28,-0.8312451178288532,-0.5453299779614771
101,1562673600,1193,564,0,1757,28,-0.8312451178288532,0.9032004444127323
101,1562688000,741,721,0,1462,28,-0.8312451178288532,0.42998175714762515
101,1562702400,1021,1465,444,2486,28,1.0294808511696771,2.072612047857692
101,1562716800,319,1004,685,1323,28,2.0394694965044646,0.20700752823287974
101,1562731200,67,276,209,343,28,0.044637151361896416,-1.365040992173239
101,1562742977,328,107,0,435,28,-0.8312451178288532,-1.2174609269922565
101,1562745600,662,154,0,816,28,-0.8312451178288532,-0.606286961405796
101,1562760000,1290,552,0,1842,28,-0.8312451178288532,1.039551591590814
101,1562774400,767,807,40,1574,28,-0.6636121476488054,0.6096444451940387
101,1562788800,926,1468,542,2394,28,1.440181628110794,1.9250319826767095
101,1562803200,351,1070,719,1421,28,2.1819575211575053,0.3642123802734916
101,1562817600,63,319,256,382,28,0.24160589132345256,-1.3024798775856485
101,1562832000,677,188,0,865,28,-0.8312451178288532,-0.52768453538549
101,1562846400,1304,512,0,1816,28,-0.8312451178288532,0.9978441818657537
101,1562860800,804,825,21,1629,28,-0.7432378084843281,0.697871658073974
101,1562875200,842,1389,547,2231,28,1.4611357493833,1.6635586063234469
101,1562889600,263,905,642,1168,28,1.8592640535609135,-0.04163279897421047
101,1562904000,62,294,232,356,28,0.14102610921542388,-1.3441872873107088
101,1562918400,583,182,0,765,28,-0.8312451178288532,-0.688097649712645
101,1562932800,1149,471,0,1620,28,-0.8312451178288532,0.68343447778453
101,1562947200,699,736,37,1435,28,-0.676184620412309,0.3866702162792933
101,1562961600,762,1280,518,2042,28,1.3396018460027654,1.360377820245124
101,1562976000,345,896,551,1241,28,1.4778990464013047,0.07546877448461266
101,1562990400,83,393,310,476,28,0.46791040106651705,-1.1516915501181229
101,1563004800,376,184,0,560,28,-0.8312451178288532,-1.0169445340833128
101,1563019200,901,296,0,1197,28,-0.8312451178288532,0.004887004180664472
101,1563033600,843,629,0,1472,28,-0.8312451178288532,0.44602306858034063
101,1563048000,645,792,147,1437,28,-0.21519395241717762,0.3898784785658364
101,1563062400,93,178,85,271,28,-0.4750250561962517,-1.4805384344887906
101,1563076800,52,235,183,287,28,-0.06432427925513463,-1.4548723361964457
101,1563091200,235,121,0,356,28,-0.8312451178288532,-1.3441872873107088
101,1563105600,730,255,0,985,28,-0.8312451178288532,-0.3351887981929041
101,1563120000,843,604,0,1447,28,-0.8312451178288532,0.4059197899985519
101,1563134400,533,867,334,1400,28,0.5684901831745457,0.33052562626478904
101,1563148800,261,776,515,1037,28,1.3270293732392617,-0.25177397874278346
101,1563163200,69,293,224,362,28,0.10749951517941433,-1.3345625004510795
101,1563177600,614,176,0,790,28,-0.8312451178288532,-0.6479943711308562
101,1563192000,1216,562,0,1778,28,-0.8312451178288532,0.9368871984214349
101,1563206400,753,675,0,1428,28,-0.8312451178288532,0.37544129827639244
101,1563220800,886,1368,482,2254,28,1.1887321728407223,1.7004536226186926
101,1563235200,336,822,486,1158,29,1.1576656806362013,-0.07586011288106556
101,1563249600,65,241,176,306,29,-0.1350279010004489,-1.5275062515634417
101,1563264000,667,188,0,855,29,-0.8689442570264182,-0.5921145495251501
101,1563278400,1229,521,0,1750,29,-0.8689442570264182,0.932795420100116
101,1563292800,707,623,0,1330,29,-0.8689442570264182,0.21719521089049396
101,1563307200,891,1329,438,2220,29,0.9575066744473009,1.7335861304061218
101,1563321600,280,914,634,1194,29,1.774822616385312,-0.014522952091669384
101,1563336000,66,234,168,300,29,-0.16838773536526566,-1.5377291116950078
101,1563350400,643,199,0,842,29,-0.8689442570264182,-0.6142640798102098
101,1563364800,1294,546,0,1840,29,-0.8689442570264182,1.0861383220736065
101,1563379200,782,708,0,1490,29,-0.8689442570264182,0.48980481439892143
101,1563393600,935,1398,463,2333,29,1.0617561568373532,1.9261166628839486
101,1563408000,250,901,651,1151,29,1.8457122644105477,-0.08778678303455927
101,1563422400,62,226,164,288,29,-0.18506765254767407,-1.5581748319581399
101,1563436800,624,169,0,793,29,-0.8689442570264182,-0.6977507708846656
101,1563451200,1213,519,0,1732,29,-0.8689442570264182,0.902126839705418
101,1563465600,744,704,0,1448,29,-0.8689442570264182,0.4182447934779592
101,1563480000,943,1353,410,2296,29,0.840747254170442,1.8630756920726248
101,1563494400,324,913,589,1237,29,1.5871735480832176,0.05874087885122049
101,1563508800,87,355,268,442,29,0.24861019419494415,-1.2957880885812785
101,1563523200,585,176,0,761,29,-0.8689442570264182,-0.7522726915863511
101,1563537600,1166,441,0,1607,29,-0.8689442570264182,0.689150586964459
101,1563552000,703,786,83,1489,29,-0.522835975491444,0.4881010043769937
101,1563566400,864,1541,677,2405,29,1.9541317260962021,2.048790984462741
101,1563580800,429,929,500,1358,29,1.2160453907746307,0.26490189150446874
101,1563595200,98,540,442,638,29,0.9741865916297092,-0.9618413242834548
101,1563609600,285,184,0,469,29,-0.8689442570264182,-1.2497852179892313
101,1563624000,799,262,0,1061,29,-0.8689442570264182,-0.2411296850080497
101,1563638400,718,572,0,1290,29,-0.8689442570264182,0.1490428100133871
101,1563652800,641,706,65,1347,29,-0.5978956028122818,0.24615998126326435
101,1563667200,364,838,474,1202,29,1.1076259290889763,-0.0008924719162480124
101,1563681600,85,467,382,552,29,0.7239878338935833,-1.1083689861692345
101,1563696000,208,136,0,344,29,-0.8689442570264182,-1.4627614707301901
101,1563710400,653,270,0,923,29,-0.8689442570264182,-0.4762554680340684
101,1563724800,741,523,0,1264,29,-0.8689442570264182,0.10474374944326763
101,1563739200,509,786,277,1295,29,0.28614000785536303,0.15756186012302545
101,1563753600,260,776,516,1036,29,1.2827650595042643,-0.2837249355562415
101,1563768000,56,258,202,314,29,-0.026608439314794334,-1.5138757713880204
101,1563782400,596,181,0,777,29,-0.8689442570264182,-0.7250117312355084
101,1563796800,1124,556,0,1680,29,-0.8689442570264182,0.813528718565179
101,1563811200,733,766,33,1499,29,-0.7313349402715489,0.5051391045962704
101,1563825600,768,1422,654,2190,29,1.858222202297354,1.6824718297482915
101,1563840000,289,766,477,1055,30,1.2047042187535657,-0.2925413006075759
101,1563854400,56,241,185,297,30,-0.06808114813080109,-1.6503696788176334
101,1563868800,616,153,0,769,30,-0.8744691374239786,-0.8048617704863047
101,1563883200,1276,486,0,1762,30,-0.8744691374239786,0.9739292315751558
101,1563897600,713,573,0,1286,30,-0.8744691374239786,0.12125600198678196
101,1563912000,875,1349,474,2224,30,1.1916276567650277,1.8015238367638715
101,1563926400,361,900,539,1261,30,1.4749531665166846,0.07647274413024974
101,1563940800,60,306,246,366,30,0.19780894563613852,-1.5267678871336043
101,1563955200,645,200,0,845,30,-0.8744691374239786,-0.6687206666024467
101,1563969600,1347,552,0,1899,30,-0.8744691374239786,1.2193414846289523
101,1563984000,750,688,0,1438,30,-0.8744691374239786,0.393538209754498
101,1563998400,942,1299,357,2241,30,0.681641739212045,1.8319764521063133
101,1564012800,336,1061,725,1397,30,2.285700009806041,0.3200936668697851
101,1564027200,65,359,294,424,30,0.4070339374527467,-1.4228707289064495
101,1564041600,631,214,0,845,30,-0.8744691374239786,-0.6687206666024467
101,1564056000,1277,495,0,1772,30,-0.8744691374239786,0.9918425347177686
101,1564070400,723,731,8,1454,30,-0.8395983054545438,0.4221994947826786
101,1564084800,798,1318,520,2116,30,1.3921349405892771,1.6080601628236522
101,1564099200,326,1105,779,1431,30,2.5210781255997254,0.3809988975546689
101,1564113600,86,358,272,444,30,0.3111391495368013,-1.3870441226212238
101,1564128000,611,171,0,782,30,-0.8744691374239786,-0.7815744764009079
101,1564142400,1237,441,0,1678,30,-0.8744691374239786,0.8234574851772074
101,1564156800,704,756,52,1460,30,-0.647808729622653,0.43294747666824634
101,1564171200,783,1203,420,1986,30,0.9562495409713433,1.3751872219696846
101,1564185600,406,906,500,1312,30,1.3049578606656904,0.16783059015757548
101,1564200000,100,438,338,538,30,0.5988235132846376,-1.2186590730806626
101,1564214400,303,181,0,484,30,-0.8744691374239786,-1.3153909100507721
101,1564228800,893,320,0,1213,30,-0.8744691374239786,-0.009511110954292162
101,1564243200,944,618,0,1562,30,-0.8744691374239786,0.6156631687228978
101,1564257600,752,886,134,1638,30,-0.2903827019359473,0.7518042726067559
101,1564272000,425,847,422,1272,30,0.9649672489637019,0.09617737758712391
101,1564286400,101,493,392,594,30,0.8342016290783217,-1.1183445754820303
101,1564300800,235,147,0,382,30,-0.8744691374239786,-1.4981066021054237
101,1564315200,783,266,0,1049,30,-0.8744691374239786,-0.30328928249314363
101,1564329600,802,558,0,1360,30,-0.8744691374239786,0.2538144452421174
101,1564344000,559,819,260,1378,30,0.2588329015826492,0.2860583908988206
101,1564358400,288,671,383,959,30,0.7949719431127078,-0.4645090107766597
101,1564372800,74,233,159,307,30,-0.18141135203146386,-1.6324563756750203
101,1564387200,572,182,0,754,30,-0.8744691374239786,-0.831731725200224
101,1564401600,1116,466,0,1582,30,-0.8744691374239786,0.6514897750081237
101,1564416000,733,676,0,1409,30,-0.8744691374239786,0.34158963064092057
101,1564430400,827,1317,490,2144,30,1.261369320703897,1.6582174116229684
101,1564444800,308,912,604,1220,31,1.3596664628118205,-0.08932923885069673
101,1564459200,83,298,215,381,31,-0.08281604818944728,-1.5709878496395204
101,1564473600,632,193,0,825,31,-0.8800750195654693,-0.7868919936320857
101,1564488000,1148,520,0,1668,31,-0.8800750195654693,0.7018305437874356
101,1564502400,671,620,0,1291,31,-0.8800750195654693,0.03605545884418585
101,1564516800,792,1364,572,2156,31,1.2410046624209705,1.563629592732544
101,1564531200,313,954,641,1267,31,1.4968691695137404,-0.006328100939999809
101,1564545600,68,280,212,348,31,-0.09394059197608945,-1.6292652443427758
101,1564560000,627,161,0,788,31,-0.8800750195654693,-0.8522333149660386
101,1564574400,1263,465,0,1728,31,-0.8800750195654693,0.8077894432478998
101,1564588800,714,642,0,1356,31,-0.8800750195654693,0.15084426659302203
101,1564603200,753,1367,614,2120,31,1.3967482754339609,1.5000542530562655
101,1564617600,305,839,534,1144,31,1.1000937744568364,-0.22354384483395132
101,1564632000,62,321,259,383,31,0.08034392734797118,-1.5674558863241717
101,1564646400,634,193,0,827,31,-0.8800750195654693,-0.783360030316737
101,1564660800,1247,469,0,1716,31,-0.8800750195654693,0.7865976633558069
101,1564675200,718,612,0,1330,31,-0.8800750195654693,0.10492874349348755
101,1564689600,807,1351,544,2158,31,1.137175587078977,1.5671615560478929
101,1564704000,346,1107,761,1453,31,1.9418509209794272,0.32214448738743906
101,1564718400,75,333,258,408,31,0.07663574608575713,-1.5233063448823116
101,1564732800,621,193,0,814,31,-0.8800750195654693,-0.8063177918665041
101,1564747200,1194,429,0,1623,31,-0.8800750195654693,0.6223613691920875
101,1564761600,745,693,0,1438,31,-0.8800750195654693,0.29565476252232303
101,1564776000,785,1267,482,2052,31,0.9072683488217057,1.379967500334406
101,1565409600,88,443,355,531,32,0.9644163415451709,-1.1358232997018303
101,1565424000,299,181,0,480,32,-0.8369617523035157,-1.2419395497925076
101,1565438400,798,287,0,1085,32,-0.8369617523035157,0.016890475792979576
101,1565452800,826,548,0,1374,32,-0.8369617523035157,0.6182158929734851
101,1565467200,732,812,80,1544,32,-0.43101739312634685,0.9719367266090766
101,1565481600,415,841,426,1256,32,1.3246919603149083,0.37269202021466274
101,1565496000,90,429,339,519,32,0.8832274697097372,-1.1607918291349308
101,1565510400,251,167,0,418,32,-0.8369617523035157,-1.370943618530194
101,1565524800,741,260,0,1001,32,-0.8369617523035157,-0.15788923023872445
101,1565539200,823,551,0,1374,32,-0.8369617523035157,0.6182158929734851
101,1565553600,574,837,263,1411,32,0.4975803284914268,0.6952021920588786
101,1565568000,296,815,519,1111,32,1.796602277858367,0.07098895623136416
101,1565582400,58,324,266,382,32,0.5128032419605706,-1.4458492068294957
101,1565596800,605,162,0,767,32,-0.8369617523035157,-0.6447755541841856
101,1565611200,1213,389,0,1602,32,-0.8369617523035157,1.092617952202396
101,1565625600,663,686,23,1349,32,-0.7202527490400796,0.5661981233211922
101,1565640000,785,1318,533,2103,32,1.8676425407143715,2.135054056034345
101,1565654400,301,989,688,1290,33,1.5962666311985494,0.06519565462008252
101,1565668800,61,298,237,359,33,-0.048719089282541025,-1.6844820989519627
101,1565683200,650,183,0,833,33,-0.9131572616861297,-0.7936687206564208
101,1565697600,1224,429,0,1653,33,-0.9131572616861297,0.747400836732491
101,1565712000,666,715,49,1381,33,-0.7344337576870754,0.23621678842787638
101,1565726400,737,1379,642,2116,33,1.4284853825463761,1.6175413307215962
101,1565740800,261,1029,768,1290,33,1.8880601071153726,0.06519565462008252
101,1565755200,63,295,232,358,33,-0.06695618152734248,-1.6863614520707295
101,1565769600,711,182,0,893,33,-0.9131572616861297,-0.6809075335304029
101,1565784000,1373,438,0,1811,33,-0.9131572616861297,1.0443386294976718
101,1565798400,643,721,78,1364,33,-0.628658622667227,0.20426778540883797
101,1565812800,711,1355,644,2066,33,1.4357802194442968,1.523573674783248
101,1565827200,310,1004,694,1314,33,1.6181511418923111,0.1103001294704897
101,1565841600,69,339,270,408,33,0.07164571953314852,-1.5923937961323813
101,1565856000,620,180,0,800,33,-0.9131572616861297,-0.8556873735757307
101,1565870400,1249,422,0,1671,33,-0.9131572616861297,0.7812291928702965
101,1565884800,696,637,0,1333,33,-0.9131572616861297,0.14600783872706205
101,1565899200,798,1368,570,2166,33,1.1658712542212353,1.7115089866599444
101,1565913600,341,1054,713,1395,33,1.6874520924225567,0.2625277320906139
101,1565928000,78,394,316,472,33,0.23942696818532186,-1.4721151965312955
101,1565942400,634,155,0,789,33,-0.9131572616861297,-0.8763602578821673
101,1565956800,1200,435,0,1635,33,-0.9131572616861297,0.7135724805946857
101,1565971200,745,731,0,1476,33,-0.9131572616861297,0.41475533471073817
101,1565985600,757,1200,443,1957,33,0.7026491112032787,1.3187241848376487
101,1566000000,392,866,474,1258,33,0.8157190831210476,0.005056354819539612
101,1566014400,96,540,444,636,33,0.7062965296522389,-1.163901285053513
101,1566028800,320,219,0,539,33,-0.9131572616861297,-1.3461985375739087
101,1566043200,887,380,0,1267,33,-0.9131572616861297,0.021970532888442303
101,1566057600,914,712,0,1626,33,-0.9131572616861297,0.696658302525783
101,1566072000,812,1112,300,1924,33,0.18106827300195721,1.256705531918339
101,1566086400,471,1086,615,1557,33,1.3300050844244482,0.5669829373308624
101,1566100800,116,526,410,642,33,0.5822843023875891,-1.1526251663409113
101,1566115200,300,188,0,488,33,-0.9131572616861297,-1.442045546631024
101,1566129600,965,392,0,1357,33,-0.9131572616861297,0.19111231357746922
101,1566144000,1055,669,0,1724,33,-0.9131572616861297,0.8808349081649456
101,1566158400,600,1040,440,1640,33,0.6917068558563978,0.7229692461885205
101,1566172800,335,867,532,1202,33,1.0272693531607442,-0.10018741983141047
101,1566187200,60,292,232,352,33,-0.06695618152734248,-1.6976375707833313
101,1566201600,627,203,0,830,33,-0.9131572616861297,-0.7993067800127217
101,1566216000,1171,412,0,1583,33,-0.9131572616861297,0.6158461184188034
101,1566230400,619,630,11,1249,33,-0.8730356587475665,-0.011857823249363079
101,1566244800,653,1366,713,2019,33,1.6874520924225567,1.4352440782012006
101,1566259200,294,973,679,1267,34,1.5119782092404004,0.0412057138888848
101,1566273600,62,282,220,344,34,-0.11186111765299453,-1.6819665672508142
101,1566288000,656,221,0,877,34,-0.8901719061422034,-0.6868952499729598
101,1566302400,1204,367,0,1571,34,-0.8901719061422034,0.6087510805914509
101,1566316800,639,661,22,1300,34,-0.8123408272932825,0.10281425698488703
101,1566331200,726,1383,657,2109,34,1.4341471303914797,1.6131570256111236
101,1566345600,305,1043,738,1348,34,1.720707011607961,0.19242668330634483
101,1566360000,56,319,263,375,34,0.040263263733532666,-1.6240918752515392
101,1566374400,656,185,0,841,34,-0.8901719061422034,-0.7541045697140532
101,1566388800,1293,384,0,1677,34,-0.8901719061422034,0.8066451887180035
101,1566403200,656,611,0,1267,34,-0.8901719061422034,0.0412057138888848
101,1566417600,719,1318,599,2037,34,1.2289561043352335,1.478738386128937
101,1566432000,293,899,606,1192,34,1.2537205385144357,-0.09881370223839302
101,1566446400,78,289,211,367,34,-0.1437011044548258,-1.6390272796384489
101,1566460800,650,177,0,827,34,-0.8901719061422034,-0.780241527391145
101,1566475200,1270,372,0,1642,34,-0.8901719061422034,0.7413027945252738
101,1566489600,685,615,0,1300,34,-0.8901719061422034,0.10281425698488703
101,1566504000,743,1377,634,2120,34,1.352778275231244,1.6336932066431245
101,1566518400,298,1011,713,1309,34,1.6322626038250965,0.11961658692016036
101,1566532800,64,323,259,387,34,0.02611215848827432,-1.6016887686711747
101,1566547200,592,199,0,791,34,-0.8901719061422034,-0.8474508471322384
101,1566561600,1180,387,0,1567,34,-0.8901719061422034,0.6012833783979961
101,1566576000,713,705,0,1418,34,-0.8901719061422034,0.3231114716918041
101,1566590400,745,1228,483,1973,34,0.8185740522227416,1.35925515103366
101,1566604800,372,888,516,1260,34,0.935320670496123,0.028137235050338865
101,1566619200,112,485,373,597,34,0.4294186579781371,-1.209634403514797
101,1566633600,366,257,0,623,34,-0.8901719061422034,-1.1610943392573407
101,1566648000,945,424,0,1369,34,-0.8901719061422034,0.23163211982198262
101,1566662400,1005,721,0,1726,34,-0.8901719061422034,0.898124540587825
101,1566676800,836,1147,311,1983,34,0.2100765266766328,1.3779244065172969
101,1566691200,466,1082,616,1548,34,1.2890983016275817,0.5658117929790857
101,1566705600,112,533,421,645,34,0.5992319209212372,-1.120021977193339
101,1566720000,260,217,0,477,34,-0.8901719061422034,-1.4336654693184414
101,1566734400,806,377,0,1183,34,-0.8901719061422034,-0.11561603217366635
101,1566748800,943,599,0,1542,34,-0.8901719061422034,0.5546102396889034
101,1566763200,594,1102,508,1696,34,0.9070184600056063,0.8421167741369139
101,1566777600,300,1043,743,1343,34,1.738395893164534,0.18309205556452632
101,1566792000,67,327,260,394,34,0.029649934799588905,-1.588620289832629
101,1566806400,614,179,0,793,34,-0.8901719061422034,-0.843716996035511
101,1566820800,1222,410,0,1632,34,-0.8901719061422034,0.7226335390416367
101,1566835200,703,629,0,1332,34,-0.8901719061422034,0.16255587453252557
101,1566849600,751,1487,736,2238,34,1.7136314589853319,1.8539904213500416
101,1566864000,329,940,611,1269,35,2.3883873191649925,0.06224803732251425
101,1566878400,75,246,171,321,35,0.08109663350751702,-1.3296768082150483
101,1566892800,669,212,0,881,35,-0.8156004284184564,-0.5074427222434923
101,1566907200,1308,774,0,2082,35,-0.8156004284184564,1.255955737134791
101,1566921600,933,806,0,1739,35,-0.8156004284184564,0.7523373594772129
101,1566936000,1324,1414,90,2738,35,-0.3436546063521546,2.219144237844328
101,1566950400,486,1020,534,1506,35,1.9846114491749343,0.41022924870690486
101,1566964800,72,307,235,379,35,0.4167025514213316,-1.2445168493108514
101,1566979200,677,220,0,897,35,-0.8156004284184564,-0.48395031978716213
101,1566993600,1319,779,0,2098,35,-0.8156004284184564,1.279448139591121
101,1567005239,491,438,0,929,35,-0.8156004284184564,-0.4369655148745018
101,1567008000,982,761,0,1743,35,-0.8156004284184564,0.7582104600912954
101,1567022400,1306,1421,115,2727,35,-0.21255854466707078,2.2029932111556008
101,1567036800,497,1078,581,1575,35,2.231072045142892,0.5115402342998288
101,1567051200,83,330,247,413,35,0.4796286610301719,-1.1945954940911498
101,1567065600,597,223,0,820,35,-0.8156004284184564,-0.5970075066082511
101,1567080000,1332,732,0,2064,35,-0.8156004284184564,1.2295267843714195
101,1567094400,974,843,0,1817,35,-0.8156004284184564,0.8668628214518225
101,1567108800,1367,1471,104,2838,35,-0.2702408118085077,2.3659717531963915
101,1567123200,548,1028,480,1576,35,1.701443955935153,0.5130085094533493
101,1567137600,94,334,240,428,35,0.4429217637583484,-1.1725713667883402
101,1567152000,576,202,0,778,35,-0.8156004284184564,-0.6586750630561178
101,1567166400,1191,586,0,1777,35,-0.8156004284184564,0.8081318153109971
101,1567180800,979,945,0,1924,35,-0.8156004284184564,1.0239682628785305
101,1567195200,835,1186,351,2021,35,1.0249882776401207,1.1663909527700322
101,1567209600,365,811,446,1176,35,1.523153312043439,-0.07430155195490484
101,1567224000,100,512,412,612,35,1.344862668151725,-0.9024087385405433
101,1567238400,281,162,0,443,35,-0.8156004284184564,-1.1505472394855307
101,1567252800,729,333,0,1062,35,-0.8156004284184564,-0.2416849194562573
101,1567267200,693,455,0,1148,35,-0.8156004284184564,-0.11541325625348264
101,1567281600,559,824,265,1383,35,0.5740178254434322,0.2296314048238667
101,1567296000,350,734,384,1084,35,1.1980350790644312,-0.20938286607880333
101,1567310400,68,390,322,458,35,0.8729168460854233,-1.128523112182721
101,1567324800,198,147,0,345,35,-0.8156004284184564,-1.294438204530553
101,1567339200,594,258,0,852,35,-0.8156004284184564,-0.5500227016955908
101,1567353600,655,483,0,1138,35,-0.8156004284184564,-0.130096007788689
101,1567368000,502,676,174,1178,35,0.09682816090972707,-0.07136500164786358
101,1567382400,270,653,383,923,35,1.192791236597028,-0.44577516579562565
101,1567396800,62,285,223,347,35,0.3537764418124914,-1.2915016542235116
101,1567411200,231,136,0,367,35,-0.8156004284184564,-1.262136151153099
101,1567425600,517,239,0,756,35,-0.8156004284184564,-0.6909771164335717
101,1567440000,533,463,0,996,35,-0.8156004284184564,-0.3385910795886192
101,1567454400,408,728,320,1136,35,0.8624291611506166,-0.13303255809573028
101,1567468800,219,666,447,885,36,1.3336340563338467,-0.6974262085311573
101,1567483200,50,226,176,276,36,0.011039055097300278,-1.522569256859477
101,1567497600,662,217,0,879,36,-0.8479156320526339,-0.7055556966920274
101,1567512000,1275,764,0,2039,36,-0.8479156320526339,0.8661453477428672
101,1567526400,931,721,0,1652,36,-0.8479156320526339,0.3417933613667429
101,1567540800,1313,1489,176,2802,36,0.011039055097300278,1.899945258866854
101,1567555200,502,1036,534,1538,36,1.7582309755500074,0.18733308631021012
101,1567569600,68,333,265,401,36,0.4453968230310738,-1.3532049201746823
101,1567584000,692,266,0,958,36,-0.8479156320526339,-0.5985174359072373
101,1567598400,1316,819,0,2135,36,-0.8479156320526339,0.9962171583167896
101,1567612800,963,806,0,1769,36,-0.8479156320526339,0.5003183805037107
101,1567627200,1339,1424,85,2763,36,-0.43307956155408617,1.8471035858211982
101,1567641600,576,1148,572,1724,36,1.9436871011846522,0.4393472192971846
101,1567656000,75,275,200,350,36,0.12816923970865493,-1.4223055695420785
101,1567670400,764,302,0,1066,36,-0.8479156320526339,-0.4521866490115746
101,1567684800,1395,816,0,2211,36,-0.8479156320526339,1.0991906750211446
101,1567699200,1027,770,0,1797,36,-0.8479156320526339,0.5382559919211047
101,1567713600,1390,1553,163,2943,36,-0.052406461567183496,2.0909882306473024
101,1567728000,486,1084,598,1570,36,2.0705781345136196,0.23069035650151756
101,1567742400,67,374,307,441,36,0.6503746461009445,-1.2990083324355481
101,1567756800,721,290,0,1011,36,-0.8479156320526339,-0.5267069571528843
101,1567771200,1320,585,0,1905,36,-0.8479156320526339,0.6845867788167673
101,1567785600,1016,965,0,1981,36,-0.8479156320526339,0.7875602955211225
101,1567800000,913,1418,505,2331,36,1.6166986691446203,1.2617804382385476
101,1567814400,327,928,601,1255,36,2.085219407590039,-0.19610777194416507
101,1567828800,82,441,359,523,36,0.9041567127588795,-1.1879053275703229
101,1567843200,298,177,0,475,36,-0.8479156320526339,-1.252941232857284
101,1567857600,831,341,0,1172,36,-0.8479156320526339,-0.3085656915028687
101,1567872000,809,672,0,1481,36,-0.8479156320526339,0.11010294878194375
101,1567886400,711,976,265,1687,36,0.4453968230310738,0.3892153756384854
101,1567900800,373,763,390,1136,36,1.0554498678818793,-0.3573426204680896
101,1567915200,76,455,379,531,36,1.0017651999350086,-1.177066010022496
101,1567929600,221,160,0,381,36,-0.8479156320526339,-1.3803032140442495
101,1567944000,684,308,0,992,36,-0.8479156320526339,-0.5524503363289731
101,1567958400,685,624,0,1309,36,-0.8479156320526339,-0.12294237849633374
101,1567972800,518,830,312,1348,36,0.6747767678949768,-0.0701007054506778
101,1567987200,263,745,482,1008,36,1.5044489088920723,-0.5307717012333194
101,1568001600,61,253,192,314,36,0.08912584483820339,-1.4710824985072994
101,1568016000,781,311,0,1092,36,-0.8479156320526339,-0.4169588669811373
101,1568030400,1263,798,0,2061,36,-0.8479156320526339,0.8959534709993912
101,1568044800,986,806,0,1792,36,-0.8479156320526339,0.5314814184537129
101,1568059200,1258,1547,289,2805,36,0.5625270076424285,1.904010002947289
101,1568073600,444,1005,561,1449,37,1.7999840997377505,-0.02216667580585704
101,1568088000,49,289,240,338,37,0.28809165486426275,-1.4934916067488222
101,1568102400,776,323,0,1099,37,-0.842295219807504,-0.4856803804233528
101,1568116800,1279,764,0,2043,37,-0.842295219807504,0.7644822971735501
101,1568131200,1047,819,0,1866,37,-0.842295219807504,0.5300767951241309
101,1568145600,1397,1665,268,3062,37,0.41997012357596886,2.1139693400456308
101,1568160000,498,1079,581,1577,37,1.894183005960398,0.14734690759711286
101,1568174400,63,291,228,354,37,0.2315723111306744,-1.472302408823451
101,1568188800,800,312,0,1112,37,-0.842295219807504,-0.4684641571089887
101,1568203200,1328,803,0,2131,37,-0.842295219807504,0.881022885763092
101,1568217600,1104,870,0,1974,37,-0.842295219807504,0.6731038811203867
101,1568232000,1309,1658,349,2967,37,0.8014756937776901,1.988158477363739
101,1568246400,545,1111,566,1656,37,1.8235338262934124,0.25196857235363335
101,1568260800,66,320,254,386,37,0.3540308892201158,-1.4299240129727087
101,1568275200,759,318,0,1077,37,-0.842295219807504,-0.5148155275707383
101,1568289600,1396,785,0,2181,37,-0.842295219807504,0.9472391292798771
101,1568304000,1025,834,0,1859,37,-0.842295219807504,0.5208065210317809
101,1568318400,1384,1315,0,2699,37,-0.842295219807504,1.6332394121137708
101,1568332800,518,1090,572,1608,37,1.8517934981602064,0.1884009785775196
101,1568347200,59,344,285,403,37,0.500039193865219,-1.4074104901770017
101,1568361600,753,295,0,1048,37,-0.842295219807504,-0.5532209488104737
101,1568376000,1350,584,0,1934,37,-0.842295219807504,0.6201308863069586
101,1568390400,1079,873,0,1952,37,-0.842295219807504,0.6439687339730013
101,1568404800,1033,1461,428,2494,37,1.1735613733571466,1.361752813694952
101,1568419200,403,974,571,1377,37,1.847083552849074,-0.1175180664700276
101,1568433600,84,485,401,569,37,1.046392849956573,-1.1875725617012751
101,1568448000,292,182,0,474,37,-0.842295219807504,-1.3133834243831668
101,1568462400,853,314,0,1167,37,-0.842295219807504,-0.39562628924052506
101,1568476800,781,757,0,1538,37,-0.842295219807504,0.09569823765402047
101,1568491200,658,848,190,1506,37,0.05259438930764466,0.05331984180327799
101,1568505600,371,844,473,1215,37,1.3855089123581028,-0.33205869546441136
101,1568520000,83,429,346,512,37,0.787345857844293,-1.2630590793104102
101,1568534400,224,157,0,381,37,-0.842295219807504,-1.436545637324387
101,1568548800,824,287,0,1111,37,-0.842295219807504,-0.46978848197932443
101,1568563200,782,639,0,1421,37,-0.842295219807504,-0.0592477721752567
101,1568577600,606,971,365,1577,37,0.8768348187558079,0.14734690759711286
101,1568592000,264,763,499,1027,37,1.5079674904475442,-0.5810317710875234
101,1568606400,66,224,158,290,37,-0.09812386064859091,-1.557059200524936
101,1568620800,763,295,0,1058,37,-0.842295219807504,-0.5399777001071167
101,1568635200,1411,803,0,2214,37,-0.842295219807504,0.9909418500009552
101,1568649600,1096,851,0,1947,37,-0.842295219807504,0.6373471096213227
101,1568664000,1366,1542,176,2908,37,-0.013344845048208402,1.9100233100139326
101,1568678400,466,1001,535,1467,38,2.0654118678657274,0.03676086073277778
101,1568692800,67,230,163,297,38,0.08577902181124457,-1.4451330657714827
101,1568707200,799,291,0,1090,38,-0.7816407467556391,-0.4407382933630395
101,1568721600,1416,832,0,2248,38,-0.7816407467556391,1.0259567210745106
101,1568736000,1023,817,0,1840,38,-0.7816407467556391,0.5091937108063582
101,1568750400,1489,1525,36,3014,38,-0.5900633745568181,1.9961539413328555
101,1568764800,574,1112,538,1686,38,2.0813766488822956,0.3141410059502419
101,1568779200,79,214,135,293,38,-0.06322560101006061,-1.4501993697937194
101,1568793600,829,317,0,1146,38,-0.7816407467556391,-0.36981003705172444
101,1568808000,1381,799,0,2180,38,-0.7816407467556391,0.9398295526964853
101,1568822400,1131,929,0,2060,38,-0.7816407467556391,0.7878404320293816
101,1568836800,1458,1465,7,2923,38,-0.7443895910503128,1.8808955248269685
101,1568851200,557,1018,461,1575,38,1.6716139361237066,0.17355106933317105
101,1568865600,62,245,183,307,38,0.19221089525503396,-1.4324673057158908
101,1568880000,804,336,0,1140,38,-0.7816407467556391,-0.37740949308507965
101,1568894400,1323,803,0,2126,38,-0.7816407467556391,0.8714344483962886
101,1568908800,1104,884,0,1988,38,-0.7816407467556391,0.6966469596291194
101,1568923200,1444,1652,208,3096,38,0.32525073705977076,2.1000131737887098
101,1568937600,525,1031,506,1556,38,1.9110856513722327,0.1494861252275463
101,1568952000,75,298,223,373,38,0.4050746421426128,-1.3488732893489837
101,1568966400,741,287,0,1028,38,-0.7816407467556391,-0.5192660057077098
101,1568980800,1181,665,0,1846,38,-0.7816407467556391,0.5167931668397134
101,1568995200,1039,860,0,1899,38,-0.7816407467556391,0.5839216951343509
101,1569009600,1014,1282,268,2296,38,0.644546357391139,1.086752369341352
101,1569024000,343,926,583,1269,38,2.3208483641308217,-0.21402118836794323
101,1569038400,65,390,325,455,38,0.9478771967059387,-1.2450140568931296
101,1569052800,295,166,0,461,38,-0.7816407467556391,-1.2374146008597744
101,1569067200,791,358,0,1149,38,-0.7816407467556391,-0.3660103090350469
101,1569081600,788,555,0,1343,38,-0.7816407467556391,-0.12029456395656264
101,1569096000,650,791,141,1441,38,-0.03129603897692378,0.0038298845882386613
101,1569110400,357,735,378,1092,38,1.2299216613319808,-0.43820514135192107
101,1569124800,106,467,361,573,38,1.1394545689047597,-1.0955580882371443
101,1569139200,191,130,0,321,38,-0.7816407467556391,-1.414735241638062
101,1569153600,715,239,0,954,38,-0.7816407467556391,-0.6129926301190903
101,1569168000,720,543,0,1263,38,-0.7816407467556391,-0.22162064440129842
101,1569182400,480,774,294,1254,38,0.7829077928680652,-0.23301982845133118
101,1569196800,228,679,451,907,38,1.6183979994018118,-0.6725217023803726
101,1569211200,57,208,151,265,38,0.02191989774497092,-1.485663497949377
101,1569225600,776,321,0,1097,38,-0.7816407467556391,-0.4318722613241251
101,1569240000,1217,788,0,2005,38,-0.7816407467556391,0.7181787517236258
101,1569254400,1057,955,0,2012,38,-0.7816407467556391,0.7270447837625401
101,1569268800,1419,1641,222,3060,38,0.3997530484704233,2.0544164375885785
101,1569283200,454,998,544,1452,39,2.1592900604565752,0.05741105308812826
101,1569297600,50,231,181,281,39,0.2466398012350468,-1.429471734157959
101,1569312000,730,306,0,1036,39,-0.7070508238864316,-0.47080691402918373
101,1569326400,2173,783,0,2956,39,-0.7070508238864316,1.9671221649737947
101,1569340800,1019,886,0,1905,39,-0.7070508238864316,0.6326099451653935
101,1569355200,1445,1588,143,3033,39,0.04641746004932208,2.064893279079643
101,1569369600,565,1033,468,1598,39,1.7588453780851259,0.2427952434706464
101,1569384000,67,286,219,353,39,0.44686214242077155,-1.3380493936953475
101,1569398400,872,373,0,1245,39,-0.7070508238864316,-0.20542817574188035
101,1569412800,1369,817,0,2186,39,-0.7070508238864316,0.9894110239153086
101,1569427200,1062,925,0,1987,39,-0.7070508238864316,0.736729832914479
101,1569441600,1482,1442,0,2924,39,-0.7070508238864316,1.9264900136570784
101,1569456000,567,1115,548,1682,39,2.180366096370862,0.3494546406770267
101,1569470400,62,286,224,348,39,0.4732071873136301,-1.3443981673385843
101,1569484800,814,307,0,1121,39,-0.7070508238864316,-0.362877762094156
101,1569499200,1402,851,0,2253,39,-0.7070508238864316,1.0744845907346834
101,1569513600,1018,877,0,1895,39,-0.7070508238864316,0.6199123978789196
101,1569528000,1525,1471,0,2996,39,-0.7070508238864316,2.01791235411969
101,1569542400,587,1065,478,1652,39,1.8115354678708429,0.3113619988176052
101,1569556800,57,158,101,215,39,-0.17488091705068948,-1.5132755462486864
101,1569571200,747,498,0,1245,39,-0.7070508238864316,-0.20542817574188035
101,1569585600,1270,598,0,1868,39,-0.7070508238864316,0.5856290202054403
101,1569600000,1084,655,0,1739,39,-0.7070508238864316,0.4218306602099276
101,1569614400,1152,1345,193,2497,39,0.3098679089779073,1.384304744524645
101,1569628800,502,732,230,1234,39,0.5048212411850603,-0.21939547775700158
101,1569643200,109,255,146,364,39,0.06222448698503719,-1.324082091680226
101,1569657600,341,107,0,448,39,-0.7070508238864316,-1.2174226944738458
101,1569672000,915,276,0,1191,39,-0.7070508238864316,-0.2739949310888391
101,1569686400,940,543,0,1483,39,-0.7070508238864316,0.09677344967619718
101,1569700800,770,800,30,1570,39,-0.5489805545292804,0.20724211106851964
101,1569715200,353,604,251,957,39,0.615470429735066,-0.5711175375923271
101,1569729600,91,404,313,495,39,0.9421489864065117,-1.1577442222274188
101,1569744000,192,158,0,350,39,-0.7070508238864316,-1.3418586578812894
101,1569758400,672,285,0,957,39,-0.7070508238864316,-0.5711175375923271
101,1569772800,682,512,0,1194,39,-0.7070508238864316,-0.27018566690289697
101,1569787200,487,748,261,1235,39,0.6681605195207831,-0.2181257230283542
101,1569801600,213,679,466,892,39,1.7483073601279824,-0.6536515949544071
101,1569816000,66,200,134,266,39,-0.001003620757823253,-1.4485180550876697
101,1569830400,612,198,0,810,39,-0.7070508238864316,-0.7577714827034926
101,1569844800,1238,390,0,1628,39,-0.7070508238864316,0.2808878853300679
101,1569859200,666,674,8,1340,39,-0.6648987520578579,-0.08480147652037881
101,1569873600,753,1451,698,2204,39,2.970717443156618,1.0122666090309616
101,1569888000,280,843,563,1123,40,1.7815367804063365,-0.3368663309380558
101,1569902400,59,263,204,322,40,0.1278793330432029,-1.407822398356131
101,1569916800,710,302,0,1012,40,-0.8118034504166278,-0.485275973239437
101,1569931200,1329,398,0,1727,40,-0.8118034504166278,0.47069604699018075
101,1569945600,702,717,15,1419,40,-0.742709128103405,0.058892715198960784
101,1569960000,768,1432,664,2200,40,2.2467718839820368,1.1031083065266971
101,1569974400,278,982,704,1260,40,2.4310234101506314,-0.15369406971923394
101,1569988800,56,291,235,347,40,0.27067426582386345,-1.3743968032432072
101,1570003200,793,299,0,1092,40,-0.8118034504166278,-0.37831406887808117
101,1570017600,1403,838,0,2241,40,-0.8118034504166278,1.157926282511892
101,1570032000,1093,911,0,2004,40,-0.8118034504166278,0.8410516408413753
101,1570046400,1401,1575,174,2976,40,-0.010309311583242787,2.1406387788318484
101,1570060800,534,886,352,1420,40,0.8096099798670017,0.06022973900347773
101,1570075200,57,238,181,295,40,0.021934705496261208,-1.4439220410780886
101,1570089600,763,302,0,1065,40,-0.8118034504166278,-0.41441371160003876
101,1570104000,1366,819,0,2185,40,-0.8118034504166278,1.083052949458943
101,1570118400,1002,844,0,1846,40,-0.8118034504166278,0.6298018797276975
101,1570132800,1392,1428,36,2820,40,-0.645977076864893,1.9320630653272048
101,1570147200,515,1040,525,1555,40,1.606497830546172,0.24072795261326568
101,1570161600,54,324,270,378,40,0.4318943512213834,-1.332949065303182
101,1570176000,757,290,0,1047,40,-0.8118034504166278,-0.43848014008134384
101,1570190400,1314,610,0,1924,40,-0.8118034504166278,0.7340897364800194
101,1570204800,1081,852,0,1933,40,-0.8118034504166278,0.746122950720672
101,1570219200,1053,1450,397,2503,40,1.0168929468066703,1.5082265192953324
101,1570233600,371,1030,659,1401,40,2.2237404432109624,0.034826286717655724
101,1570248000,104,409,305,513,40,0.5931144366189034,-1.152450851693394
101,1570262400,287,172,0,459,40,-0.8118034504166278,-1.224650137137309
101,1570276800,783,320,0,1103,40,-0.8118034504166278,-0.36360680702839476
101,1570291200,787,554,0,1341,40,-0.8118034504166278,-0.04539514155336115
101,1570305600,657,830,173,1487,40,-0.014915599737457643,0.14981033390611323
101,1570320000,337,759,422,1096,40,1.1320501506620417,-0.3729659736600134
101,1570334400,82,401,319,483,40,0.6576024707779115,-1.1925615658289024
101,1570348800,188,148,0,336,40,-0.8118034504166278,-1.3891040650928939
101,1570363200,673,267,0,940,40,-0.8118034504166278,-0.5815416871646573
101,1570377600,712,528,0,1240,40,-0.8118034504166278,-0.18043454580957288
101,1570392000,513,798,285,1311,40,0.5009886735346063,-0.08550585568886958
101,1570406400,229,673,444,902,40,1.2333884900547685,-0.6323485917363013
101,1570420800,59,223,164,282,40,-0.05637219312539135,-1.461303350536809
101,1570435200,722,290,0,1012,40,-0.8118034504166278,-0.485275973239437
101,1570449600,1204,758,0,1962,40,-0.8118034504166278,0.7848966410516635
101,1570464000,1058,997,0,2055,40,-0.8118034504166278,0.9092398548717396
101,1570478400,1410,1721,311,3131,40,0.6207521655441925,2.3478774685319754
101,1570492800,444,1000,556,1444,41,1.4435563285556308,0.2890323036582503
101,1570507200,56,226,170,282,41,-0.1499977500596414,-1.5141036477334462
101,1570521600,766,312,0,1078,41,-0.8518220852010825,-0.2789089684668452
101,1570536000,1353,422,0,1775,41,-0.8518220852010825,0.8026622519462464
101,1570550400,775,861,86,1636,41,-0.49678153918835344,0.5869687087074806
101,1570564800,857,1541,684,2398,41,1.9719887691327158,1.7694038162466137
101,1570579200,315,940,625,1255,41,1.7284144410542157,-0.004248845062085915
101,1570593600,59,335,276,394,41,0.2876103647932572,-1.3403074114547284
101,1570608000,605,204,0,809,41,-0.8518220852010825,-0.696330285957694
101,1570622400,1323,393,0,1716,41,-0.8518220852010825,0.7111088774779933
101,1570636800,655,610,0,1265,41,-0.8518220852010825,0.011268676034228169
101,1570651200,755,1335,580,2090,41,1.5426374111638341,1.29146416648014
101,1570665600,287,988,701,1275,41,2.04217120264686,0.026786197130542252
101,1570680000,68,245,177,313,41,-0.12109910096558203,-1.4659993323348726
101,1570694400,731,287,0,1018,41,-0.8518220852010825,-0.3720140950447297
101,1570708800,1356,815,0,2171,41,-0.8518220852010825,1.4171560873602842
101,1570723200,972,830,0,1802,41,-0.8518220852010825,0.8445595589062944
101,1570737600,1410,1528,118,2938,41,-0.3646734290440822,2.607349955447574
101,1570752000,562,1106,544,1668,41,1.394015787251529,0.6366247762156857
101,1570766400,67,303,236,370,41,0.12247522711291811,-1.3775494620858824
101,1570780800,734,251,0,985,41,-0.8518220852010825,-0.42322191466256615
101,1570795200,1326,606,0,1932,41,-0.8518220852010825,1.0462873331583775
101,1570809600,983,875,0,1858,41,-0.8518220852010825,0.9314576770456533
101,1570824000,980,1405,425,2385,41,0.9027387526525203,1.7492310388214054
101,1570838400,334,953,619,1287,41,1.7036441704021648,0.04540722244611915
101,1570852800,68,398,330,466,41,0.510542800661715,-1.228581259561267
101,1570867200,253,152,0,405,41,-0.8518220852010825,-1.323238138248783
101,1570881600,851,334,0,1185,41,-0.8518220852010825,-0.1128714927362845
101,1570896000,780,525,0,1305,41,-0.8518220852010825,0.0733387604194845
101,1570910400,650,850,200,1500,41,-0.026146396799387062,0.3759304217976091
101,1570924800,354,781,427,1135,41,0.9109955095365373,-0.19045909821785492
101,1570939200,81,406,325,487,41,0.4899009084516726,-1.1959944652590075
101,1570953600,182,156,0,338,41,-0.8518220852010825,-1.4272055295940873
101,1570968000,649,249,0,898,41,-0.8518220852010825,-0.5582243482004987
101,1570982400,747,506,0,1253,41,-0.8518220852010825,-0.007352349281348732
101,1570996800,483,802,319,1285,41,0.4651306377996217,0.042303718226856336
101,1571011200,241,631,390,872,41,0.7582455071822236,-0.5985699030509153
101,1571025600,56,263,207,319,41,0.002752252294672279,-1.4566888196770842
101,1571040000,479,158,0,637,41,-0.8518220852010825,-0.9632316488142962
101,1571054400,1078,340,0,1418,41,-0.8518220852010825,0.24868674880783365
101,1571068800,677,616,0,1293,41,-0.8518220852010825,0.0547177351039076
101,1571083200,607,1278,671,1885,41,1.9183198493866056,0.9733549840057013
101,1571097600,217,794,577,1011,42,2.2927069366104447,-0.49720846837264226
101,1571112000,61,230,169,291,42,0.06739818182389244,-1.4005720879105361
101,1571126400,786,276,0,1062,42,-0.8543596112126941,-0.43322021198870814
101,1571140800,1365,775,0,2140,42,-0.8543596112126941,0.9193158739305274
101,1571155200,1026,963,0,1989,42,-0.8543596112126941,0.7298604481663302
101,1571169600,1402,1699,297,3101,42,0.7655342617569284,2.125055371674855
101,1571184000,550,980,430,1530,42,1.4909412823123487,0.15396614071092285
101,1571198400,58,333,275,391,42,0.6455421230184378,-1.2751049185302732
101,1571212800,820,284,0,1104,42,-0.8543596112126941,-0.3805240008489977
101,1571227200,1305,863,0,2168,42,-0.8543596112126941,0.9544466813570011
101,1571241600,1008,974,0,1982,42,-0.8543596112126941,0.7210777463097118
101,1571256000,1372,1504,132,2876,42,-0.13440677878175075,1.8427542405692634
101,1571270400,378,869,491,1247,42,1.8236467579054363,-0.20110594863522152
101,1571284800,50,255,205,305,42,0.2637489543050588,-1.3830066841972992
101,1571299200,732,282,0,1014,42,-0.8543596112126941,-0.4934444532912344
101,1571313600,1423,784,0,2207,42,-0.8543596112126941,1.0033788774153036
101,1571328000,1044,910,0,1954,42,-0.8543596112126941,0.6859469388832381
101,1571342400,1428,1596,168,3024,42,0.061943993699415605,2.028445651252053
101,1571356800,495,988,493,1483,42,1.83455513415439,0.09499657110219924
101,1571371200,66,295,229,361,42,0.39464946929250305,-1.312745069344352
101,1571385600,729,294,0,1023,42,-0.8543596112126941,-0.4821524080470107
101,1571400000,1364,589,0,1953,42,-0.8543596112126941,0.6846922671894355
101,1571414400,1120,881,0,2001,42,-0.8543596112126941,0.7449165084919618
101,1571428800,1071,1423,352,2494,42,1.0655146086031548,1.3634696535366586
101,1571443200,361,954,593,1315,42,2.379973946602074,-0.11578827345664267
101,1571457600,88,388,300,476,42,0.7818968261303589,-1.1684578245570496
101,1571472000,306,151,0,457,42,-0.8543596112126941,-1.1922965867392994
101,1571486400,779,358,0,1137,42,-0.8543596112126941,-0.3391198349535109
101,1571500800,799,550,0,1349,42,-0.8543596112126941,-0.07312943586735322
101,1571515200,657,837,180,1494,42,0.12739425119313771,0.10879795973402817
101,1571529600,346,734,388,1080,42,1.2618653810843212,-0.4106361215002608
101,1571544000,83,409,326,492,42,0.9237057173667569,-1.1483830774562074
101,1571558400,208,137,0,345,42,-0.8543596112126941,-1.332819816445194
101,1571572800,718,291,0,1009,42,-0.8543596112126941,-0.49971781176024754
101,1571587200,672,489,0,1161,42,-0.8543596112126941,-0.3090077143022477
101,1571601600,431,681,250,1112,42,0.5091874199065167,-0.3704866272985766
101,1571616000,211,555,344,766,42,1.02188110360734,-0.8046030333542867
101,1571630400,49,231,182,280,42,0.1383026274420914,-1.414373476542365
101,1571644800,700,297,0,997,42,-0.8543596112126941,-0.5147738720858791
101,1571659200,1238,854,0,2092,42,-0.8543596112126941,0.8590916326280011
101,1571673600,1027,850,0,1877,42,-0.8543596112126941,0.5893372184604356
101,1571688000,1379,1577,198,2956,42,0.2255696374337209,1.9431279760734737
101,1571702400,500,842,342,1342,43,0.7493380906805356,-0.15000153236566238
101,1571716800,46,317,271,363,43,0.42019886746513463,-1.449298563714156
101,1571731200,710,310,0,1020,43,-0.8360930972021001,-0.5773494834322762
101,1571745600,1376,790,0,2166,43,-0.8360930972021001,0.9435845287489023
101,1571760000,968,880,0,1848,43,-0.8360930972021001,0.5215452478818737
101,1571774400,1323,1614,291,2937,43,0.512914141610318,1.9668307097189621
101,1571788800,469,1071,602,1540,43,1.9546366545679195,0.11277764251380826
101,1571803200,104,343,239,447,43,0.2718544288328412,-1.3378164895228655
101,1571817600,772,305,0,1077,43,-0.8360930972021001,-0.5017009330881862
101,1571832000,1367,848,0,2215,43,-0.8360930972021001,1.0086157386938217
101,1571846400,1063,871,0,1934,43,-0.8360930972021001,0.6356816571729569
101,1571860800,1468,1694,226,3162,43,0.21158950063847204,2.265443408445633
101,1571875200,434,1071,637,1505,43,2.11688838432199,0.06632677826743719
101,1571889600,459,373,0,832,43,-0.8360930972021001,-0.8268569828127836
101,1571904000,750,311,0,1061,43,-0.8360930972021001,-0.5229356138865272
101,1571918400,1423,775,0,2198,43,-0.8360930972021001,0.9860538903455844
101,1571932800,946,873,0,1819,43,-0.8360930972021001,0.4830573889348805
101,1571947200,1358,1525,167,2883,43,-0.06192055808981892,1.895163662024561
101,1571961600,536,1126,590,1662,43,1.8990074900808094,0.2746920836011589
101,1571976000,74,589,515,663,43,1.5513252120363716,-1.0511482987452612
101,1571990400,731,275,0,1006,43,-0.8360930972021001,-0.5959298291308247
101,1572004800,1231,656,0,1887,43,-0.8360930972021001,0.57330478232783
101,1572019200,985,849,0,1834,43,-0.8360930972021001,0.5029649021833252
101,1572033600,957,1379,422,2336,43,1.120199187261269,1.169203012231276
101,1572048000,382,1024,642,1406,43,2.140067202858286,-0.06506280917229813
101,1572062400,108,409,301,517,43,0.5592717786829097,-1.2449147610301232
101,1572076800,252,224,0,476,43,-0.8360930972021001,-1.2993286305758722
101,1572091200,816,489,0,1305,43,-0.8360930972021001,-0.19910673171182608
101,1572105600,796,663,0,1459,43,-0.8360930972021001,0.005277070972206638
101,1572120000,709,939,230,1648,43,0.23013255546750871,0.25611173790261044
101,1572134400,353,853,500,1206,43,1.481788756427484,-0.3304963191515614
101,1572148800,112,422,310,534,43,0.6009936520482422,-1.222352912681886
101,1572163200,205,214,9,419,43,-0.7943712238367676,-1.3749771809199622
101,1572177600,585,338,0,923,43,-0.8360930972021001,-0.7060847357722189
101,1572192000,569,494,0,1063,43,-0.8360930972021001,-0.5202812787867346
101,1572206400,451,772,321,1223,43,0.6519870528280931,-0.30793447080332403
101,1572220800,231,618,387,849,43,0.9579474575071982,-0.8042951344645463
101,1572235200,66,228,162,294,43,-0.08509937662611476,-1.5408731246570018
101,1572249600,734,285,0,1019,43,-0.8360930972021001,-0.5786766509821726
101,1572264000,1287,825,0,2112,43,-0.8360930972021001,0.8719174810545012
101,1572278400,944,914,0,1858,43,-0.8360930972021001,0.5348169233808369
101,1572292800,1326,1737,411,3063,43,1.0692057864814182,2.134053821005898
101,1572307200,433,940,507,1373,44,1.7235779734569625,-0.05755297482925266
101,1572321600,51,255,204,306,44,0.15942826138823193,-1.4546895029461526
101,1572336000,756,280,0,1036,44,-0.8936626338659628,-0.4988228998296231
101,1572350400,1364,755,0,2119,44,-0.8936626338659628,0.9192641291775021
101,1572364800,952,790,0,1742,44,-0.8936626338659628,0.4256179519515684
101,1572379200,1363,1541,178,2904,44,0.025210794346030643,1.947148079104181
101,1572393600,496,969,473,1465,44,1.54806282424793,0.06291240528954282
101,1572408000,78,260,182,338,44,0.045859635429446224,-1.412788501165702
101,1572422400,783,294,0,1077,44,-0.8936626338659628,-0.44513724129842075
101,1572436800,1364,792,0,2156,44,-0.8936626338659628,0.9677121624861481
101,1572451200,1067,1009,0,2076,44,-0.8936626338659628,0.8629596580350216
101,1572465600,1374,1565,191,2939,44,0.0923195278671313,1.992977299801549
101,1572480000,513,985,472,1498,44,1.5429006139770762,0.10612281337563252
101,1572494400,69,272,203,341,44,0.15426605111737804,-1.4088602822487848
101,1572508800,730,267,0,997,44,-0.8936626338659628,-0.5498897457495473
101,1572523200,1282,789,0,2071,44,-0.8936626338659628,0.8564126265068261
101,1572537600,973,785,0,1758,44,-0.8936626338659628,0.4465684528417937
101,1572552000,1304,1438,134,2742,44,-0.20192645757154076,1.7350242575906498
101,1572566400,544,822,278,1366,44,0.5414318214314202,-0.06671881896872624
101,1572580800,85,396,311,481,44,0.7117847603695988,-1.2255433994593132
101,1572595200,683,253,0,936,44,-0.8936626338659628,-0.6297635303935313
101,1572609600,1288,585,0,1873,44,-0.8936626338659628,0.597150177990288
101,1572624000,986,877,0,1863,44,-0.8936626338659628,0.5840561149338972
101,1572638400,1005,1458,453,2463,44,1.444818618830852,1.369699898317346
101,1572652800,400,1044,644,1444,44,2.4308007805639464,0.03541487287112212
101,1572667200,84,428,344,512,44,0.8821376993077773,-1.1849518039845017
101,1572681600,273,146,0,419,44,-0.8936626338659628,-1.3067265904089362
101,1572696000,772,378,0,1150,44,-0.8936626338659628,-0.34955058098676783
101,1572710400,822,675,0,1497,44,-0.8936626338659628,0.10481340706999344
101,1572724800,664,908,244,1572,44,0.3659166722223878,0.20301887999292453
101,1572739200,366,803,437,1169,44,1.3622232544971897,-0.32467186117962527
101,1572750000,80,472,392,552,44,1.1299237923087644,-1.1325755517589384
101,1572764400,156,135,0,291,44,-0.8936626338659628,-1.4743305975307388
101,1572778800,649,262,0,911,44,-0.8936626338659628,-0.6624986880345083
101,1572793200,735,509,0,1244,44,-0.8936626338659628,-0.22646638825669416
101,1572807600,593,923,330,1516,44,0.8098667555158228,0.129692126877136
101,1572822000,293,738,445,1031,44,1.403520936664021,-0.5053699313578185
101,1572836400,78,351,273,429,44,0.5156207700771508,-1.2936325273525455
101,1572850800,366,130,0,496,44,-0.8936626338659628,-1.205902304874727
101,1572865200,1606,925,0,2531,44,-0.8936626338659628,1.4587395271008037
101,1572879600,871,717,0,1588,44,-0.8936626338659628,0.22396938088314985
101,1572894000,1353,1632,279,2985,44,0.5465940317022742,2.0532099898609464
101,1572908400,601,1071,470,1672,44,1.5325761934353683,0.3339595105568327
101,1572922800,103,357,254,460,45,0.6899673391246862,-1.0382813490577905
101,1572937200,351,113,0,464,45,-0.7916291934401594,-1.0333995582699114
101,1572951600,1460,779,0,2239,45,-0.7916291934401594,1.1328951038514479
101,1572966000,762,720,0,1482,45,-0.7916291934401594,0.2090161972453245
101,1572980400,1316,1357,41,2673,45,-0.5524738476324481,1.6625694043363324
101,1572994800,675,1166,491,1841,45,2.072401899037554,0.6471569204574755
101,1573009200,100,379,279,479,45,0.8357937694952419,-1.0150928428153647
101,1573023600,396,134,0,530,45,-0.7916291934401594,-0.9528500102699059
101,1573038000,1623,898,0,2521,45,-0.7916291934401594,1.4770613543969258
101,1573052400,729,850,121,1579,45,-0.08582927044666995,0.32739962385139315
101,1573066800,1364,1469,105,2833,45,-0.17915818588382557,1.8578410358514972
101,1573081200,591,962,371,1553,45,1.3724350332588866,0.2956679837301789
101,1573095600,1,1,0,2,45,-0.7916291934401594,-1.5972463942699497
101,1573110000,321,96,0,417,45,-0.7916291934401594,-1.090760600027491
101,1573124400,1522,894,0,2416,45,-0.7916291934401594,1.348914346215099
101,1573138800,724,716,0,1440,45,-0.7916291934401594,0.15775739397259375
101,1573153200,1326,1578,252,2904,45,0.6783012246950417,1.9444928223363516
101,1573167600,596,872,276,1468,45,0.8182945978507752,0.1919299294877476
101,1573182000,1,3,2,4,45,-0.7799630790105149,-1.59480549887601
101,1573196400,311,76,0,387,45,-0.7916291934401594,-1.1273740309365845
101,1573210800,1523,690,0,2213,45,-0.7916291934401594,1.1011634637302337
101,1573225200,906,715,0,1621,45,-0.7916291934401594,0.3786584271241239
101,1573239600,1126,1388,262,2514,45,0.736631796843264,1.4685182205181373
101,1573254000,409,1003,594,1412,45,2.673206792164243,0.12358485845743993
101,1573268400,94,442,348,536,45,1.2382747173179756,-0.9455273240880873
101,1573282800,150,163,13,313,45,-0.7157994496474704,-1.2176871605123483
101,1573297200,676,382,0,1058,45,-0.7916291934401594,-0.30845362626986217
101,1573311600,817,536,0,1353,45,-0.7916291934401594,0.051578444336222905
101,1573326000,681,899,218,1580,45,0.47997727939108603,0.3286200715483629
101,1573340400,392,757,365,1149,45,1.3374366899699532,-0.19739288584561218
101,1573354800,119,488,369,607,45,1.3607689188292422,-0.8588755376032329
101,1573369200,116,136,20,252,45,-0.6749680491437149,-1.2921344700275048
101,1573383600,601,260,0,861,45,-0.7916291934401594,-0.5488818225729087
101,1573398000,729,548,0,1277,45,-0.7916291934401594,-0.04117558063348036
101,1573412400,594,884,290,1478,45,0.8999573988582863,0.20413440645744538
101,1573426800,246,712,466,958,45,1.9265754686669982,-0.43049839596684014
101,1573441200,68,355,287,423,45,0.8824582272138196,-1.0834379138456725
101,1573455600,284,108,0,392,45,-0.7916291934401594,-1.1212717924517355
101,1573470000,1271,644,0,1915,45,-0.7916291934401594,0.7374700500332392
101,1573484400,772,685,0,1457,45,-0.7916291934401594,0.17850500482108
101,1573498800,1273,1263,0,2536,45,-0.7916291934401594,1.4953680698514724
101,1573513200,589,865,276,1454,45,0.8182945978507752,0.17484366173017069
101,1573527600,1,66,65,67,46,-0.2738329433427012,-1.320197478721692
101,1573542000,323,91,0,414,46,-0.6868931848828518,-0.9296379920888147
101,1573556400,1631,807,0,2438,46,-0.6868931848828518,1.3484380913260077
101,1573570800,780,764,0,1544,46,-0.6868931848828518,0.3422127857070101
101,1573585200,1411,1529,118,2940,46,0.06297002283619077,1.9134549855326484
101,1573599600,551,871,320,1422,46,1.3466341580840433,0.20489792297153164
101,1573614000,1,6,5,7,46,-0.655119320148994,-1.3877293784276648
101,1573628400,326,82,0,408,46,-0.6868931848828518,-0.936391182059412
101,1573642800,1576,831,0,2407,46,-0.6868931848828518,1.313546609811255
101,1573657200,801,768,0,1569,46,-0.6868931848828518,0.3703510772511655
101,1573671600,1417,1429,12,2846,46,-0.6106359095215932,1.8076550093266242
101,1573678874,431,628,197,1059,46,0.5649970856311429,-0.20367007024960496
101,1573678957,5,8,3,13,46,-0.6678288660425371,-1.3809761884570675
101,1573686000,237,776,539,1013,46,2.738329433427012,-0.25544452669085094
101,1573700400,4,1,0,5,46,-0.6868931848828518,-1.3899804417511972
101,1573714800,295,74,0,369,46,-0.6868931848828518,-0.9802869168682944
101,1573729200,1663,866,0,2529,46,-0.6868931848828518,1.4508614725467335
101,1573743600,825,685,0,1510,46,-0.6868931848828518,0.3039447092069587
101,1573758000,1407,1398,0,2805,46,-0.6868931848828518,1.761508211194209
101,1573772400,657,837,180,1494,46,0.4569659455360267,0.28593620261869923
101,1573786800,2,1,0,3,46,-0.6868931848828518,-1.3922315050747296
101,1573801200,310,82,0,392,46,-0.6868931848828518,-0.9543996886476714
101,1573815600,1508,687,0,2195,46,-0.6868931848828518,1.074933897516817
101,1573830000,935,685,0,1620,46,-0.6868931848828518,0.4277531920012425
101,1573844400,1168,1407,239,2575,46,0.8318975493955479,1.5026359289879794
101,1573858800,490,1035,545,1525,46,2.776458071107641,0.320827684133452
101,1573873200,89,462,373,551,46,1.6834371242629351,-0.775440154426843
101,1573887600,133,149,16,282,46,-0.5852168177345071,-1.0782081714419551
101,1573902000,723,325,0,1048,46,-0.6868931848828518,-0.21605091852903335
101,1573916400,803,514,0,1317,46,-0.6868931848828518,0.0867170984860789
101,1573930800,733,877,144,1610,46,0.228194119452251,0.41649787538358035
101,1573945200,354,673,319,1027,46,1.3402793851372716,-0.23968708342612388
101,1573959600,102,427,325,529,46,1.378408022817901,-0.8002018509856997
101,1573974000,108,131,23,239,46,-0.5407334071071062,-1.1266060328979026
101,1573988400,524,197,0,721,46,-0.6868931848828518,-0.5840997719265861
101,1574002800,685,422,0,1107,46,-0.6868931848828518,-0.14964455048482656
101,1574017200,543,740,197,1283,46,0.5649970856311429,0.048449021986027546
101,1574031600,244,663,419,907,46,1.9757566798144262,-0.3747508828380699
101,1574046000,73,268,195,341,46,0.5522875397375999,-1.0118018033977485
101,1574060400,310,94,0,404,46,-0.6868931848828518,-0.9408933087064768
101,1574074800,1441,896,0,2337,46,-0.6868931848828518,1.2347593934876198
101,1574089200,850,670,0,1520,46,-0.6868931848828518,0.31520002582462087
101,1574103600,1289,1478,189,2767,46,0.5141589020569706,1.7187380080470929
101,1574118000,533,866,333,1399,46,1.4292462063920734,0.17901069475090867
101,1574132400,1,1,0,2,47,-0.6628800979565013,-1.476044335192048
101,1574146800,339,84,0,423,47,-0.6628800979565013,-1.009274846953368
101,1574161200,1613,832,0,2445,47,-0.6628800979565013,1.2325491559411947
101,1574175600,847,738,0,1585,47,-0.6628800979565013,0.27905328923035205
101,1574190000,1453,1559,106,3012,47,0.048409898693858686,1.8611911982959015
101,1574204400,617,934,317,1551,47,1.4642796090073111,0.2413569410115513
101,1574218800,10,20,10,30,47,-0.5957772680838258,-1.4450002837177416
101,1574233200,328,95,0,423,47,-0.6628800979565013,-1.009274846953368
101,1574247600,1496,855,0,2351,47,-0.6628800979565013,1.1283298402774515
101,1574262000,870,826,0,1696,47,-0.6628800979565013,0.40212077900349574
101,1574276400,1511,1545,34,3056,47,-0.43473047638940465,1.909974707755526
101,1574290800,640,901,261,1541,47,1.0885037617203284,0.23026977977072757
101,1574305200,0,0,0,0,47,-0.6628800979565013,-1.4782617674402128
101,1574319600,312,79,0,391,47,-0.6628800979565013,-1.044753762924004
101,1574334000,1590,854,0,2444,47,-0.6628800979565013,1.2314404398171124
101,1574348400,857,713,0,1570,47,-0.6628800979565013,0.26242254736911647
101,1574362800,1452,1505,53,2957,47,-0.3072350996313213,1.800211811471371
101,1574377200,609,944,335,1553,47,1.5850647027781268,0.24357437325971606
101,1574391600,1,1,0,2,47,-0.6628800979565013,-1.476044335192048
101,1574406000,282,81,0,363,47,-0.6628800979565013,-1.0757978143983105
101,1574420400,1445,641,0,2086,47,-0.6628800979565013,0.8345200673956221
101,1574434800,882,747,0,1629,47,-0.6628800979565013,0.32783679868997656
101,1574449200,1143,1407,264,2550,47,1.1086346106821312,1.3489643489698442
101,1574463600,455,891,436,1346,47,2.2628032844921493,0.014070135574664381
101,1574478000,121,422,301,543,47,1.3569150812110302,-0.876228912063483
101,1574492400,144,140,0,284,47,-0.6628800979565013,-1.1633863882008182
101,1574506800,795,287,0,1082,47,-0.6628800979565013,-0.2786309211830827
101,1574521200,892,496,0,1388,47,-0.6628800979565013,0.06063621278612414
101,1574535600,871,828,0,1699,47,-0.6628800979565013,0.40544692737574284
101,1574550000,453,775,322,1228,47,1.4978310239436488,-0.1167583670670559
101,1574564400,136,487,351,623,47,1.6924292305744075,-0.787531622136893
101,1574578800,123,113,0,236,47,-0.6628800979565013,-1.2166047621567722
101,1574593200,589,261,0,850,47,-0.6628800979565013,-0.5358530619701938
101,1574607600,768,357,0,1125,47,-0.6628800979565013,-0.23095612784754055
101,1574622000,635,775,140,1410,47,0.27655952026095526,0.0850279675159364
101,1574636400,291,794,503,1085,47,2.7123922446390747,-0.27530477281083554
101,1574650800,83,311,228,394,47,0.8670644231404995,-1.041427614551757
101,1574665200,319,141,0,460,47,-0.6628800979565013,-0.9682523503623202
101,1574679600,1426,856,0,2282,47,-0.6628800979565013,1.0518284277157677
101,1574694000,910,720,0,1630,47,-0.6628800979565013,0.328945514814059
101,1574708400,1370,1501,131,2871,47,0.21616697337554736,1.7048622248002867
101,1574722800,723,1080,357,1803,47,1.732690928498013,0.5207534042803099
101,1574737200,77,366,289,443,48,0.837381847202561,-0.9901385964813838
101,1574751600,296,111,0,407,48,-0.8431969989192455,-1.0421046334101163
101,1574766000,1383,832,0,2215,48,-0.8431969989192455,1.5677452212328902
101,1574780400,834,654,0,1488,48,-0.8431969989192455,0.5183199754776547
101,1574794800,1465,1573,108,3038,48,-0.2151606135173247,2.7557465654647455
101,1574809200,664,1091,427,1755,48,1.6398727841050154,0.9037347493657536
101,1574823600,111,406,295,517,48,0.8722727575026678,-0.8833195205723228
101,1574838000,302,117,0,419,48,-0.8431969989192455,-1.0247826211005389
101,1574852400,1303,758,0,2061,48,-0.8431969989192455,1.3454460632599792
101,1574866800,923,857,0,1780,48,-0.8431969989192455,0.9398222750107067
101,1574881200,1226,1285,59,2511,48,-0.5001030476348628,1.9950215248691345
101,1574895600,563,804,241,1367,48,0.5582545648017073,0.34365635135608186
101,1574910000,102,348,246,450,48,0.5873303233851296,-0.9800340893007969
101,1574924400,141,96,0,237,48,-0.8431969989192455,-1.287499807795797
101,1574938800,417,234,0,651,48,-0.8431969989192455,-0.6898903831153742
101,1574953200,571,405,0,976,48,-0.8431969989192455,-0.22075254973098424
101,1574967600,506,542,36,1048,48,-0.6338515371186052,-0.11682047587351939
101,1574982000,325,458,133,783,48,-0.06978182060021342,-0.499348247710022
101,1574996400,123,316,193,439,48,0.27912728240085366,-0.9959126005845763
101,1575010800,177,106,0,283,48,-0.8431969989192455,-1.2210987606090835
101,1575025200,612,264,0,876,48,-0.8431969989192455,-0.3651026523107965
101,1575039600,614,517,0,1131,48,-0.8431969989192455,0.002990109267724824
101,1575054000,614,843,229,1457,48,0.48847274420149395,0.47357144367791293
101,1575068400,305,833,528,1138,48,2.227203107490145,0.013094616448311686
101,1575082800,108,457,349,565,48,1.186290950203628,-0.8140314713340128
101,1575097200,152,154,2,306,48,-0.8315666954858766,-1.1878982370157267
101,1575111600,618,352,0,970,48,-0.8431969989192455,-0.22941355588577297
101,1575126000,793,492,0,1285,48,-0.8431969989192455,0.22528926724063578
101,1575140400,672,973,301,1645,48,0.9071636678027745,0.7449496365279601
101,1575154800,428,802,374,1230,48,1.3316697431207394,0.145896710821739
101,1575169200,121,587,466,708,48,1.866663701055709,-0.6076108246448813
101,1575183600,126,175,49,301,48,-0.5582545648017073,-1.1951157421447174
101,1575198000,556,344,0,900,48,-0.8431969989192455,-0.3304586276916416
101,1575212400,698,495,0,1193,48,-0.8431969989192455,0.09248717286720845
101,1575226800,476,823,347,1299,48,1.1746606467702592,0.2454982816018095
101,1575241200,249,702,453,951,48,1.7910667287388111,-0.25684007537593734
101,1575255600,61,328,267,389,48,0.7094485094355031,-1.0680876518744824
101,1575270000,302,109,0,411,48,-0.8431969989192455,-1.0363306293069239
101,1575284400,1355,770,0,2125,48,-0.8431969989192455,1.437830128911059
101,1575298800,800,725,0,1525,48,-0.8431969989192455,0.5717295134321853
101,1575313200,1153,1363,210,2516,48,0.37798486158448935,2.002239029998125
101,1575327600,569,1057,488,1626,48,1.994597038822767,0.7175231170377957
101,1575342000,71,357,286,428,49,0.5673063563022954,-1.2086794227538085
101,1575356400,333,126,0,459,49,-0.8265336829497343,-1.1700306529609537
101,1575370800,1423,834,0,2257,49,-0.8265336829497343,1.0715979950246204
101,1575385200,798,687,0,1485,49,-0.8265336829497343,0.10911895373159305
101,1575399600,1386,1347,0,2733,49,-0.8265336829497343,1.6650436215213575
101,1575414000,677,1074,397,1751,49,1.108272245662349,0.44075033324447555
101,1575428400,82,421,339,503,49,0.825605384555294,-1.115174334545289
101,1575442800,333,124,0,457,49,-0.8265336829497343,-1.1725241219798477
101,1575457200,1570,825,0,2395,49,-0.8265336829497343,1.2436473573282962
101,1575471600,847,700,0,1547,49,-0.8265336829497343,0.1864164933173025
101,1575486000,1418,1427,9,2845,49,-0.7826715838124326,1.8046778865794133
101,1575500400,753,1118,365,1871,49,0.9523181153963877,0.5903584743781067
101,1575514800,78,483,405,561,49,1.1472607782288393,-1.0428637329973671
101,1575529200,308,113,0,421,49,-0.8265336829497343,-1.217406564319937
101,1575543600,1506,859,0,2365,49,-0.8265336829497343,1.2062453220448885
101,1575558000,828,654,0,1482,49,-0.8265336829497343,0.10537875020325227
101,1575572400,1472,1407,0,2879,49,-0.8265336829497343,1.8470668599006088
101,1575586800,776,1287,511,2063,49,1.6638588347348364,0.8297315001919167
101,1575601200,87,527,440,614,49,1.3178356082072347,-0.97678680399668
101,1575615600,293,132,0,425,49,-0.8265336829497343,-1.2124196262821492
101,1575630000,1493,687,0,2180,49,-0.8265336829497343,0.9755994377972071
101,1575644400,893,712,0,1605,49,-0.8265336829497343,0.25872709486522427
101,1575658800,1161,1413,252,2574,49,0.4016050928947115,1.4668128345192961
101,1575673200,536,1075,539,1611,49,1.8003186987175528,0.26620750192190584
101,1575687600,127,698,571,825,49,1.956272828983514,-0.7137258225033786
101,1575702000,145,160,15,305,49,-0.7534301843875649,-1.3620277674157804
101,1575716400,692,319,0,1011,49,-0.8265336829497343,-0.4818332037462502
101,1575730800,754,541,0,1295,49,-0.8265336829497343,-0.127760603063323
101,1575745200,702,1012,310,1714,49,0.6842719540017665,0.3946211563949393
101,1575759600,412,815,403,1227,49,1.1375136450872168,-0.21253854970571404
101,1575774000,139,676,537,815,49,1.7905715655759302,-0.7261931675978478
101,1575788400,103,145,42,248,49,-0.62184388697566,-1.4330916344542552
101,1575802800,565,240,0,805,49,-0.8265336829497343,-0.7386605126923171
101,1575817200,731,484,0,1215,49,-0.8265336829497343,-0.22749936381907715
101,1575831600,587,862,275,1449,49,0.5136971240233712,0.06423651139150369
101,1575846000,279,764,485,1043,49,1.5371461038937428,-0.44193769944394856
101,1575860400,67,387,320,454,49,0.7330076197098794,-1.1762643255081884
101,1575874800,286,114,0,400,49,-0.8265336829497343,-1.2435879890183223
101,1575889200,1461,806,0,2267,49,-0.8265336829497343,1.0840653401190896
101,1575903600,862,710,0,1572,49,-0.8265336829497343,0.21758485605347566
101,1575918000,1287,1467,180,2754,49,0.05070829979629842,1.6912250462197431
101,1575932400,671,1113,442,1784,49,1.3275827413488572,0.48189257205622416
101,1575946800,90,675,585,765,50,1.8990812468055562,-0.8098044643705132
101,1575961200,347,117,0,464,50,-0.8751875107907644,-1.1918738071050543
101,1575975600,1572,892,0,2464,50,-0.8751875107907644,1.3467929220281094
101,1575990000,789,743,0,1532,50,-0.8751875107907644,0.16377422625205507
101,1576004400,1377,1478,101,2855,50,-0.39621119537669874,1.8431022675736428
101,1576018800,748,1156,408,1904,50,1.0596871098917977,0.6359662378708235
101,1576033200,86,419,333,505,50,0.7040116281486797,-1.1398311391578244
101,1576047600,345,131,0,476,50,-0.8751875107907644,-1.1766418067302553
101,1576062000,1498,816,0,2314,50,-0.8751875107907644,1.156392917343122
101,1576076400,834,772,0,1606,50,-0.8751875107907644,0.25770489522998213
101,1576090800,1292,1454,162,2746,50,-0.1069284702256294,1.7047449308358855
101,1576105200,738,1425,687,2163,50,2.3827999019761967,0.9647235792935682
101,1576119600,81,446,365,527,50,0.8557665003590768,-1.1119058051373596
101,1576134000,328,121,0,449,50,-0.8751875107907644,-1.210913807573553
101,1576148400,1537,801,0,2338,50,-0.8751875107907644,1.18685691809272
101,1576162800,792,810,18,1602,50,-0.789825395172416,0.2526275617717158
101,1576177200,1375,1567,192,2942,50,0.03534172247161781,1.9535342702909355
101,1576191600,734,1247,513,1981,50,1.557632784332163,0.7337049069424503
101,1576206000,92,476,384,568,50,0.945870955734,-1.05986313719013
101,1576220400,325,138,0,463,50,-0.8751875107907644,-1.1931431404696209
101,1576234800,1498,558,0,2056,50,-0.8751875107907644,0.828904909284944
101,1576249200,800,650,0,1450,50,-0.8751875107907644,0.05968889035759536
101,1576263600,967,1388,421,2355,50,1.1213375267272716,1.2084355852903519
101,1576278000,496,957,461,1453,50,1.3110311169902678,0.0634968904512951
101,1576292400,113,563,450,676,50,1.2588653796679439,-0.922775133816939
101,1576306800,140,135,0,275,50,-0.8751875107907644,-1.4317778130081382
101,1576321200,737,258,0,995,50,-0.8751875107907644,-0.5178577905201994
101,1576335600,853,511,0,1364,50,-0.8751875107907644,-0.04947377899513068
101,1576350000,809,858,49,1667,50,-0.642812862718594,0.3351342304685436
101,1576364400,528,841,313,1369,50,0.6091648330171816,-0.043127112172297775
101,1576378800,177,632,455,809,50,1.2825770784508184,-0.7539537963295836
101,1576393200,125,174,49,299,50,-0.642812862718594,-1.4013138122585405
101,1576407600,603,210,0,813,50,-0.8751875107907644,-0.7488764628713173
101,1576422000,834,538,0,1372,50,-0.8751875107907644,-0.03931911207859803
101,1576436400,602,834,232,1436,50,0.2250353127346141,0.04191822325366321
101,1576450800,314,757,443,1071,50,1.2256690013719196,-0.4213884548131392
101,1576465200,66,371,305,437,50,0.5712261149645823,-1.226145807948352
101,1576479600,324,103,0,427,50,-0.8751875107907644,-1.2388391415940179
101,1576494000,1464,731,0,2195,50,-0.8751875107907644,1.0053422469596989
101,1576508400,783,650,0,1433,50,-0.8751875107907644,0.038110223159963465
101,1576522800,1124,1495,371,2619,50,0.8842205388985261,1.5435395935359295
101,1576537200,618,1072,454,1690,50,1.2778347386942435,0.36432889785357503
101,1576551600,81,384,303,465,51,0.4809545477781758,-1.0939193893161903
101,1576566000,339,138,0,477,51,-0.859524553190958,-1.0761824387237517
101,1576580400,1466,627,0,2093,51,-0.859524553190958,1.3123935743913064
101,1576594800,650,594,0,1244,51,-0.859524553190958,0.05750431997627898
101,1576609200,1130,1398,268,2528,51,0.32611372753421647,1.9553580333672038
101,1576623600,562,1153,591,1715,51,1.7550732972141843,0.7536796307294921
101,1576638000,90,368,278,458,51,0.37035396188963343,-1.1042659438284461
101,1576652400,300,137,0,437,51,-0.859524553190958,-1.1353056073652135
101,1576666800,1493,700,0,2193,51,-0.859524553190958,1.460201495994961
101,1576681200,788,685,0,1473,51,-0.859524553190958,0.395984460448648
101,1576695600,1187,1411,224,2598,51,0.13145669637038185,2.058823578489762
101,1576710000,553,1088,535,1641,51,1.5073279848238492,0.6443017687427877
101,1576724400,84,394,310,478,51,0.5119227118269677,-1.074704359507715
101,1576738800,309,116,0,425,51,-0.859524553190958,-1.153042557957652
101,1576753200,1353,696,0,2049,51,-0.859524553190958,1.2473580888856983
101,1576767600,762,686,0,1448,51,-0.859524553190958,0.3590324800477343
101,1576782000,1097,1354,257,2451,51,0.2774494697432578,1.8415459337323898
101,1576796400,500,1156,656,1656,51,2.0426348205243943,0.6664729569833359
101,1576810800,83,465,382,548,51,0.8304523991859698,-0.9712388143851569
101,1576825200,302,131,0,433,51,-0.859524553190958,-1.1412179242293596
101,1576839600,1224,571,0,1795,51,-0.859524553190958,0.8719259680124157
101,1576854000,763,618,0,1381,51,-0.859524553190958,0.26000117257328575
101,1576868400,942,1346,404,2288,51,0.9277809147678872,1.6006190215184328
101,1576882800,432,1100,668,1532,51,2.095723101750895,0.4831911341948042
101,1576897200,110,551,441,661,51,1.0914697818829298,-0.8042158629730273
101,1576911600,136,145,9,281,51,-0.8197083422710828,-1.3658859650669146
101,1576926000,597,258,0,855,51,-0.859524553190958,-0.5174684950619374
101,1576940400,766,432,0,1198,51,-0.859524553190958,-0.010487323961402126
101,1576954800,696,743,47,1439,51,-0.6515954517204983,0.3457297671034054
101,1576969200,361,739,378,1100,51,0.8127563054438031,-0.1553390871329836
101,1576983600,104,507,403,611,51,0.9233568913323454,-0.8781198237748545
101,1576998000,104,143,39,247,51,-0.6869876392048319,-1.4161406584121572
101,1577012400,520,212,0,732,51,-0.859524553190958,-0.6992722386344324
101,1577026800,654,391,0,1045,51,-0.859524553190958,-0.23663344401499364
101,1577041200,546,659,113,1205,51,-0.3596099049747464,-0.00014076944914630569
101,1577055600,248,695,447,943,51,1.11801392249618,-0.3873975240507213
101,1577070000,84,352,268,436,51,0.32611372753421647,-1.13678368658125
101,1577084400,259,116,0,375,51,-0.859524553190958,-1.2269465187594792
101,1577098800,944,300,0,1244,51,-0.859524553190958,0.05750431997627898
101,1577113200,665,536,0,1201,51,-0.859524553190958,-0.006053086313292489
101,1577127600,697,1166,469,1863,51,1.2153424380780973,0.9724353547029009
101,1577142000,351,1021,670,1372,51,2.1045711486219782,0.24669845962895684
101,1577156400,91,348,257,439,52,0.7573634090864947,-0.890943906286584
101,1577170800,237,111,0,348,52,-0.8553524288727017,-1.1008804945023054
101,1577185200,751,285,0,1036,52,-0.8553524288727017,0.4863323922275436
101,1577199600,624,613,0,1237,52,-0.8553524288727017,0.9500384826820489
101,1577214000,586,933,347,1519,52,1.3221277103173417,1.6006112066032951
101,1577228400,334,653,319,987,52,1.1464232610455227,0.37328961395753985
101,1577242800,131,295,164,426,52,0.17377363114795283,-0.9209348474602584
101,1577257200,78,63,0,141,52,-0.8553524288727017,-1.5784285578061987
101,1577271600,291,161,0,452,52,-0.8553524288727017,-0.8609529651129095
101,1577286000,372,283,0,655,52,-0.8553524288727017,-0.3926328837086082
101,1577300400,422,546,124,968,52,-0.07723272495464582,0.3294566999344771
101,1577314800,263,434,171,697,52,0.2176997434659076,-0.29573907376289066
101,1577329200,71,235,164,306,52,0.17377363114795283,-1.197774304448023
101,1577343600,226,68,0,294,52,-0.8553524288727017,-1.2254582501467992
101,1577358000,706,270,0,976,52,-0.8553524288727017,0.3479126637336614
101,1577372400,594,497,0,1091,52,-0.8553524288727017,0.6132171433469357
101,1577386800,583,1060,477,1643,52,2.1378983676507874,1.8866786454906517
101,1577401200,300,545,245,845,52,0.6820615022557152,0.0456962565220187
101,1577415600,335,706,371,1041,52,1.472731523978901,0.4978673696020338
101,1577429391,335,505,170,840,52,0.21142458456334262,0.03416127914752851
101,1577430000,200,66,0,266,52,-0.8553524288727017,-1.2900541234439442
101,1577434196,221,77,0,298,52,-0.8553524288727017,-1.216230268247207
101,1577444400,674,243,0,917,52,-0.8553524288727017,0.21179993071467731
101,1577458800,674,494,0,1168,52,-0.8553524288727017,0.7908557949140844
101,1577473200,728,968,240,1696,52,0.6506857077428903,2.0089494056602475
101,1577487600,337,832,495,1169,52,2.250851227896957,0.7931627903889824
