remote_unit_id,time_stamp,entries,exits,num_people_exited,sum_exit_entry,week_num,z_score_num_people_exited,z_score_sum_exit_entry
102,1546311600,204,292,88,496,1,3.2324803290128714,-0.7993428933391533
102,1546326000,138,123,0,261,1,-0.47746979685449453,-1.1460404612502249
102,1546340400,273,293,20,566,1,0.36570068629717956,-0.6960712773656427
102,1546354800,472,467,0,939,1,-0.47746979685449453,-0.14578109510679302
102,1546369200,609,512,0,1121,1,-0.47746979685449453,0.12272510642433469
102,1546383600,374,399,25,773,1,0.576493307085098,-0.3906823558439754
102,1546398000,101,130,29,231,1,0.7451274037154328,-1.1902997252388723
102,1546412400,219,193,0,412,1,-0.47746979685449453,-0.9232688325073661
102,1546426800,871,642,0,1513,1,-0.47746979685449453,0.7010461558759944
102,1546441200,709,567,0,1276,1,-0.47746979685449453,0.3513979703656797
102,1546455600,1388,918,0,2306,1,-0.47746979685449453,1.870966033975908
102,1546470000,639,430,0,1069,1,-0.47746979685449453,0.046009048844012496
102,1546484400,120,137,17,257,1,0.23922511382442843,-1.151941696448711
102,1546498800,255,185,0,440,1,-0.47746979685449453,-0.8819601861179618
102,1546513200,989,762,0,1751,1,-0.47746979685449453,1.0521696501859306
102,1546527600,789,668,0,1457,1,-0.47746979685449453,0.6184288630971858
102,1546542000,1439,979,0,2418,1,-0.47746979685449453,2.036200619533525
102,1546556400,645,467,0,1112,1,-0.47746979685449453,0.10944732722774046
102,1546570800,127,154,27,281,1,0.6608103554002654,-1.116534285257793
102,1546585200,250,205,0,455,1,-0.47746979685449453,-0.8598305541236382
102,1546599600,1043,792,0,1835,1,-0.47746979685449453,1.1760955893541434
102,1546601592,36,14,0,50,1,-0.47746979685449453,-1.4573306179703784
102,1546614000,755,865,110,1620,1,4.159967860479713,0.8589041974355035
102,1546628400,1519,1044,0,2563,1,-0.47746979685449453,2.250120395478654
102,1546642800,680,446,0,1126,1,-0.47746979685449453,0.1301016504224426
102,1546657200,182,201,19,383,1,0.32354216213959586,-0.9660527876963919
102,1546671600,119,134,15,253,1,0.15490806550926103,-1.1578429316471974
102,1546686000,514,402,0,916,1,-0.47746979685449453,-0.17971319749808937
102,1546700400,816,598,0,1414,1,-0.47746979685449453,0.5549905847134579
102,1546714800,1039,680,0,1719,1,-0.47746979685449453,1.00495976859804
102,1546729200,586,378,0,964,1,-0.47746979685449453,-0.1088983751162535
102,1546743600,183,219,36,402,1,1.0402370728185188,-0.9380219205035819
102,1546758000,107,128,21,235,1,0.40785921045476325,-1.1843984900403859
102,1546772400,378,445,67,823,1,2.3471513217036137,-0.3169169158628964
102,1546786800,846,628,0,1474,1,-0.47746979685449453,0.6435091126907527
102,1546801200,925,639,0,1564,1,-0.47746979685449453,0.776286904656695
102,1546815600,454,385,0,839,1,-0.47746979685449453,-0.29331197506895107
102,1546830000,117,130,13,247,1,0.07059101719409362,-1.166694784444927
102,1546844400,250,207,0,457,1,-0.47746979685449453,-0.856879936524395
102,1546858800,1116,770,0,1886,1,-0.47746979685449453,1.251336338134844
102,1546873200,748,557,0,1305,1,-0.47746979685449453,0.39418192555470555
102,1546887600,1374,1017,0,2391,1,-0.47746979685449453,1.9963672819437424
102,1546902000,609,417,0,1026,1,-0.47746979685449453,-0.01742922953971548
102,1546916400,105,138,33,243,2,2.763202501095623,-0.6331970741386056
102,1546930800,251,204,0,455,2,-0.45827401637405324,-0.5077086277655638
102,1546945200,1120,890,0,2010,2,-0.45827401637405324,0.4127372878480208
102,1546959600,774,621,0,1395,2,-0.45827401637405324,0.04870240803943264
102,1546974000,1236,977,0,2213,2,-0.45827401637405324,0.5328983945165466
102,1546988400,645,448,0,1093,2,-0.45827401637405324,-0.13005943537876835
102,1547002800,150,162,12,312,2,0.7131719899785561,-0.5923541364039835
102,1547017200,231,202,0,433,2,-0.45827401637405324,-0.5207310137099361
102,1547020075,143,64,0,207,2,-0.45827401637405324,-0.6545064329566693
102,1547031600,1138,816,0,1954,2,-0.45827401637405324,0.379589396353255
102,1547046000,704,599,0,1303,2,-0.45827401637405324,-0.005754842273396801
102,1547060400,1456,952,0,2408,2,-0.45827401637405324,0.6483240881143916
102,1547074800,707,487,0,1194,2,-0.45827401637405324,-0.07027484536142299
102,1547089200,116,153,37,269,2,3.1536845032131593,-0.6178069816588929
102,1547103600,252,201,0,453,2,-0.45827401637405324,-0.508892481033234
102,1547118000,1159,809,0,1968,2,-0.45827401637405324,0.38787636922694646
102,1547132400,755,613,0,1368,2,-0.45827401637405324,0.03272038892588487
102,1547262000,5987,4471,0,10458,2,-0.45827401637405324,5.413333490486967
102,1547276400,112,128,16,240,2,1.1036539920960926,-0.634972854040111
102,1547290800,544,497,0,1041,2,-0.45827401637405324,-0.16083962033819368
102,1547305200,861,682,0,1543,2,-0.45827401637405324,0.13630754984702784
102,1547319600,989,760,0,1749,2,-0.45827401637405324,0.25824443641705896
102,1547334000,600,408,0,1008,2,-0.45827401637405324,-0.18037319925475206
102,1547348400,211,194,0,405,2,-0.45827401637405324,-0.5373049594573189
102,1547362800,141,109,0,250,2,-0.45827401637405324,-0.6290535877017599
102,1547377200,282,310,28,592,2,2.2750999984487024,-0.42661467893015476
102,1547391600,688,531,0,1219,2,-0.45827401637405324,-0.05547667951554542
102,1547406000,783,559,0,1342,2,-0.45827401637405324,0.017330296446172202
102,1547420400,411,338,0,749,2,-0.45827401637405324,-0.33368219741804367
102,1547434800,102,122,20,224,2,1.494135994213629,-0.6444436801814726
102,1547449200,239,172,0,411,2,-0.45827401637405324,-0.5337533996543083
102,1547451935,122,46,0,168,2,-0.45827401637405324,-0.6775915716762383
102,1547463600,1084,763,0,1847,2,-0.45827401637405324,0.31625324653289905
102,1547478000,660,683,23,1343,2,1.7869974958017816,0.017922223080007304
102,1547492400,1394,912,0,2306,2,-0.45827401637405324,0.5879475714632112
102,1547506800,592,493,0,1085,2,-0.45827401637405324,-0.13479484844944917
102,1547521200,127,177,50,304,3,1.0680575069941205,-1.0668880375196648
102,1547535600,249,213,0,462,3,-0.49973332896055184,-0.8181322691872291
102,1547541560,364,114,0,478,3,-0.49973332896055184,-0.7929418116345774
102,1547541645,542,437,0,979,3,-0.49973332896055184,-0.0041656095171703315
102,1547550000,523,438,0,961,3,-0.49973332896055184,-0.03250487426390352
102,1547564400,728,637,0,1365,3,-0.49973332896055184,0.6035541789405525
102,1547578800,1289,1051,0,2340,3,-0.49973332896055184,2.1385976860552667
102,1547593200,697,549,0,1246,3,-0.49973332896055184,0.4162001508927053
102,1547607600,126,208,82,334,3,2.0714436420051108,-1.0196559296084429
102,1547621971,253,236,0,489,3,-0.49973332896055184,-0.7756233720671293
102,1547622000,101,38,0,139,3,-0.49973332896055184,-1.3266646310313859
102,1547627122,305,117,0,422,3,-0.49973332896055184,-0.8811084130688585
102,1547633478,1014,728,0,1742,3,-0.49973332896055184,1.1971043350249087
102,1547636400,420,156,0,576,3,-0.49973332896055184,-0.6386502591245856
102,1547650800,788,722,0,1510,3,-0.49973332896055184,0.8318427005114587
102,1547665200,1366,1036,0,2402,3,-0.49973332896055184,2.236210709071792
102,1547679600,683,580,0,1263,3,-0.49973332896055184,0.44296501204239774
102,1547694000,317,445,128,762,3,3.5138112110834094,-0.3458111900750093
102,1547708400,248,218,0,466,3,-0.49973332896055184,-0.8118346547990661
102,1547722800,1178,790,0,1968,3,-0.49973332896055184,1.5529195479561142
102,1547737200,859,701,0,1560,3,-0.49973332896055184,0.9105628803634953
102,1547751600,1375,986,0,2361,3,-0.49973332896055184,2.171660161593122
102,1547766000,694,528,0,1222,3,-0.49973332896055184,0.3784144645637277
102,1547780400,131,189,58,320,3,1.3189040407468682,-1.0416975799670132
102,1547794800,262,195,0,457,3,-0.49973332896055184,-0.8260042871724328
102,1547797515,110,57,0,167,3,-0.49973332896055184,-1.2825813303142453
102,1547809200,1066,769,0,1835,3,-0.49973332896055184,1.343523869549697
102,1547823600,811,572,0,1383,3,-0.49973332896055184,0.6318934436872856
102,1547838000,1271,945,0,2216,3,-0.49973332896055184,1.9433716400222159
102,1547852400,676,601,0,1277,3,-0.49973332896055184,0.465006662400968
102,1547866800,239,223,0,462,3,-0.49973332896055184,-0.8181322691872291
102,1547881200,110,145,35,255,3,0.5977202562077188,-1.1440338137746608
102,1547895600,450,524,74,974,3,1.8205971082523633,-0.012037627502373995
102,1547910000,739,744,5,1483,3,-0.34295424536508456,0.789333803391359
102,1547924400,906,654,0,1560,3,-0.49973332896055184,0.9105628803634953
102,1547938800,549,451,0,1000,3,-0.49973332896055184,0.028896866020685055
102,1547953200,140,168,28,308,3,0.3782295391740647,-1.060590423131502
102,1547967600,82,132,50,214,3,1.0680575069941205,-1.208584361253331
102,1547982000,309,425,116,734,3,3.137541410454288,-0.38989449079214983
102,1547996400,533,618,85,1151,3,2.165511092162391,0.26663180917383567
102,1548010800,699,636,0,1335,3,-0.49973332896055184,0.5563220710293305
102,1548025200,337,317,0,654,3,-0.49973332896055184,-0.5158467785554084
102,1548039600,87,117,30,204,3,0.4409411726122516,-1.2243283972237382
102,1548054000,111,132,21,243,3,0.15873882214041057,-1.1629266569391496
102,1548068400,427,430,3,857,3,-0.4056658788032715,-0.19624284835613973
102,1548082800,632,343,0,975,3,-0.49973332896055184,-0.010463223905333262
102,1548097200,585,499,0,1084,3,-0.49973332896055184,0.1611467681721066
102,1548111600,392,228,0,620,3,-0.49973332896055184,-0.5693765008547934
102,1548126000,92,93,1,185,4,-0.35486690472677723,-1.4225825446465454
102,1548140400,304,198,0,502,4,-0.3859825832205656,-0.9562114228248153
102,1548154800,991,801,0,1792,4,-0.3859825832205656,0.9416395145569889
102,1548169200,675,703,28,1378,4,0.48525641460550956,0.3325617718623634
102,1548183600,1255,968,0,2223,4,-0.3859825832205656,1.5757276959612971
102,1548198000,644,507,0,1151,4,-0.3859825832205656,-0.0014011450257525478
102,1548212400,139,141,2,280,4,-0.32375122623298885,-1.2828183283277306
102,1548226800,232,226,0,458,4,-0.3859825832205656,-1.0209443230145823
102,1548241200,1032,858,0,1890,4,-0.3859825832205656,1.0858173377069245
102,1548255600,775,651,0,1426,4,-0.3859825832205656,0.403179481160291
102,1548270000,1373,921,0,2294,4,-0.3859825832205656,1.6801830576311485
102,1548284400,773,513,0,1286,4,-0.3859825832205656,0.19721116237466882
102,1548298800,144,206,62,350,4,1.5431894833943152,-1.1798341689349194
102,1548313200,238,238,0,476,4,-0.3859825832205656,-0.9944626820278595
102,1548327600,1056,816,0,1872,4,-0.3859825832205656,1.0593356967202017
102,1548342000,719,680,0,1399,4,-0.3859825832205656,0.3634570196802067
102,1548356400,1164,863,0,2027,4,-0.3859825832205656,1.2873720496614263
102,1548370800,640,535,0,1175,4,-0.3859825832205656,0.033907709623211255
102,1548385200,130,178,48,308,4,1.1075699844812776,-1.241624664570606
102,1548399600,225,225,0,450,4,-0.3859825832205656,-1.0327139412309037
102,1548414000,1064,858,0,1922,4,-0.3859825832205656,1.1328958105722096
102,1548428400,888,692,0,1580,4,-0.3859825832205656,0.6297446318244754
102,1548442800,1424,957,0,2381,4,-0.3859825832205656,1.8081776557336422
102,1548457200,690,548,0,1238,4,-0.3859825832205656,0.12659345307674122
102,1548471600,170,157,0,327,4,-0.3859825832205656,-1.2136718213068431
102,1548486000,104,131,27,235,4,0.4541407361117212,-1.3490224307945375
102,1548500400,402,546,144,948,4,4.094675119884964,-0.3000552072649047
102,1548514800,718,702,0,1420,4,-0.3859825832205656,0.39435226749805
102,1548529200,940,776,0,1716,4,-0.3859825832205656,0.829828141501937
102,1548543600,546,434,0,980,4,-0.3859825832205656,-0.25297673439961965
102,1548558000,193,195,2,388,4,-0.32375122623298885,-1.1239284824073934
102,1548572400,98,148,50,246,4,1.1698013414688544,-1.332839205747096
102,1548586800,382,518,136,900,4,3.8457496919346568,-0.3706729165628323
102,1548601200,636,585,0,1221,4,-0.3859825832205656,0.10158301436705854
102,1548615600,715,650,0,1365,4,-0.3859825832205656,0.3134361422608413
102,1548630000,424,337,0,761,4,-0.3859825832205656,-0.5751700330714143
102,1548644400,105,126,21,231,4,0.26744666514899074,-1.3549072399026982
102,1548658800,244,233,0,477,4,-0.3859825832205656,-0.9929914797508193
102,1548673200,1038,889,0,1927,4,-0.3859825832205656,1.1402518219574103
102,1548687600,846,728,0,1574,4,-0.3859825832205656,0.6209174181622344
102,1548702000,1438,967,0,2405,4,-0.3859825832205656,1.8434865103826061
102,1548716400,649,569,0,1218,4,-0.3859825832205656,0.09716940753593806
102,1548730800,112,169,57,281,5,1.6664614286158228,-1.176859478183574
102,1548745200,236,263,27,499,5,0.47282720156728786,-0.8807572491127196
102,1548759600,1066,901,0,1967,5,-0.6014436027763935,1.1131788622451444
102,1548774000,816,687,0,1503,5,-0.6014436027763935,0.4829429251402064
102,1548788400,1502,1035,0,2537,5,-0.6014436027763935,1.8873911125680207
102,1548802800,733,493,0,1226,5,-0.6014436027763935,0.10670293682540512
102,1548817200,145,204,59,349,5,1.7460370437523918,-1.0844973149871606
102,1548831600,243,275,32,518,5,0.6717662394087103,-0.8549501741019571
102,1548846000,1056,902,0,1958,5,-0.6014436027763935,1.1009544582926778
102,1548860400,758,761,3,1519,5,-0.4820801800715401,0.5046751988334801
102,1548862088,61,24,0,85,5,-0.6014436027763935,-1.4430798309261772
102,1548874800,1356,850,0,2206,5,-0.6014436027763935,1.4378047005384205
102,1548889200,527,455,0,982,5,-0.6014436027763935,-0.22471423699701912
102,1548903600,96,165,69,261,5,2.1439151194352366,-1.2040248203001662
102,1548918000,175,190,15,365,5,-0.004626489252126113,-1.062765041293887
102,1548932400,963,754,0,1717,5,-0.6014436027763935,0.7736120857877424
102,1548946800,562,501,0,1063,5,-0.6014436027763935,-0.11469460142482091
102,1548961200,1231,851,0,2082,5,-0.6014436027763935,1.2693795794155491
102,1548975600,565,463,0,1028,5,-0.6014436027763935,-0.16223395012885716
102,1548990000,106,194,88,300,5,2.899883463232642,-1.1510524031728115
102,1549004400,232,216,0,448,5,-0.6014436027763935,-0.9500288715100296
102,1549018800,1064,838,0,1902,5,-0.6014436027763935,1.0248915003662198
102,1549033200,862,686,0,1548,5,-0.6014436027763935,0.5440649449025388
102,1549047600,1367,946,0,2313,5,-0.6014436027763935,1.5831392808621885
102,1549062000,580,529,0,1109,5,-0.6014436027763935,-0.05221431455665897
102,1549076400,168,189,21,357,5,0.23410035615758087,-1.073631178140524
102,1549090800,103,154,51,257,5,1.4277345832061157,-1.2094578887234846
102,1549105200,473,526,53,999,5,1.5073101983426846,-0.20162369619791579
102,1549119600,690,731,41,1421,5,1.0298565075232708,0.3715650224621786
102,1549134000,893,823,0,1716,5,-0.6014436027763935,0.7722538186819128
102,1549148400,491,500,9,991,5,-0.2433533346618331,-0.21248983304455266
102,1549162800,151,236,85,387,5,2.780520040527789,-1.0328831649656356
102,1549177200,94,122,28,216,5,0.5126150091355723,-1.2651468400624986
102,1549191600,411,423,12,834,5,-0.1239899119569796,-0.42573776865980106
102,1549206000,642,636,0,1278,5,-0.6014436027763935,0.17733282632854472
102,1549220400,914,604,0,1518,5,-0.6014436027763935,0.5033169317276506
102,1549234800,440,362,0,802,5,-0.6014436027763935,-0.4692023160463485
102,1549249200,150,136,0,286,5,-0.6014436027763935,-1.170068142654426
102,1549263600,232,229,0,461,5,-0.6014436027763935,-0.9323713991342447
102,1549278000,1119,931,0,2050,5,-0.6014436027763935,1.2259150320290018
102,1549292400,967,714,0,1681,5,-0.6014436027763935,0.7247144699778766
102,1549306800,1876,1102,0,2978,5,-0.6014436027763935,2.4863869062388777
102,1549321200,886,456,0,1342,5,-0.6014436027763935,0.2642619211016396
102,1549335600,156,183,27,339,6,0.5104848875832365,-0.9406432914324072
102,1549350000,247,244,0,491,6,-0.49649900025218896,-0.7457511049642173
102,1549355466,279,84,0,363,6,-0.49649900025218896,-0.9098708409374299
102,1549355556,9,2,0,11,6,-0.49649900025218896,-1.3612001148637647
102,1549364400,1011,814,0,1825,6,-0.49649900025218896,0.9646842683816083
102,1549374165,520,501,0,1021,6,-0.49649900025218896,-0.06619282320013362
102,1549374245,4,2,0,6,6,-0.49649900025218896,-1.3676110420502183
102,1549374337,7,11,4,18,6,-0.34731620205434816,-1.3522248168027295
102,1549378800,308,226,0,534,6,-0.49649900025218896,-0.6906171311607161
102,1549393200,1358,944,0,2302,6,-0.49649900025218896,1.5762867219692835
102,1549407600,766,525,0,1291,6,-0.49649900025218896,0.2799972448683618
102,1549422000,133,240,107,373,6,3.494140851540053,-0.8970489865645226
102,1549436400,224,233,9,457,6,-0.16083770430704714,-0.7893454098321018
102,1549450800,1082,962,0,2044,6,-0.49649900025218896,1.2454828791482768
102,1549465200,823,686,0,1509,6,-0.49649900025218896,0.5595136701977396
102,1549465551,17,7,0,24,6,-0.49649900025218896,-1.3445317041789853
102,1549479600,1526,1003,0,2529,6,-0.49649900025218896,1.8673428162342778
102,1549494000,740,504,0,1244,6,-0.49649900025218896,0.21973452931569779
102,1549508400,136,169,33,305,6,0.7342590848799978,-0.9842375963002918
102,1549522800,242,228,0,470,6,-0.49649900025218896,-0.7726769991473225
102,1549537200,1152,946,0,2098,6,-0.49649900025218896,1.3147208927619758
102,1549551600,825,690,0,1515,6,-0.49649900025218896,0.567206782821484
102,1549566000,1523,1017,0,2540,6,-0.49649900025218896,1.8814468560444757
102,1549580400,841,565,0,1406,6,-0.49649900025218896,0.42744857015679505
102,1549594800,147,192,45,339,6,1.1818074794735203,-0.9406432914324072
102,1549609200,265,242,0,507,6,-0.49649900025218896,-0.7252361379675656
102,1549623600,1077,931,0,2008,6,-0.49649900025218896,1.1993242034058107
102,1549638000,969,752,0,1721,6,-0.49649900025218896,0.831336982903373
102,1549652400,1479,1041,0,2520,6,-0.49649900025218896,1.8558031472986614
102,1549666800,649,601,0,1250,6,-0.49649900025218896,0.22742764193944212
102,1549681200,171,219,48,390,6,1.293694578121901,-0.8752518341305803
102,1549695600,113,165,52,278,6,1.4428773763197416,-1.0188566031071413
102,1549710000,491,583,92,1074,6,2.93470535829815,0.0017630049762747452
102,1549724400,647,660,13,1307,6,-0.011654906109206314,0.30051221186501337
102,1549738800,898,749,0,1647,6,-0.49649900025218896,0.7364552605438595
102,1549753200,512,464,0,976,6,-0.49649900025218896,-0.12389116787821619
102,1549767600,145,241,96,386,6,3.083888156495991,-0.8803805758797432
102,1549782000,95,132,37,227,6,0.8834418830778386,-1.0842480604089684
102,1549796400,383,437,54,820,6,1.517468775418662,-0.3239120960955691
102,1549810800,608,597,0,1205,6,-0.49649900025218896,0.16972929726135955
102,1549825200,728,555,0,1283,6,-0.49649900025218896,0.269739761370036
102,1549839600,388,318,0,706,6,-0.49649900025218896,-0.4700812359467116
102,1549854000,89,111,22,200,6,0.3240063898359355,-1.1188670672158179
102,1549868400,271,193,0,464,6,-0.49649900025218896,-0.7803701117710667
102,1549882800,1142,875,0,2017,6,-0.49649900025218896,1.2108638723414273
102,1549897200,812,751,0,1563,6,-0.49649900025218896,0.6287516838114386
102,1549911600,1778,974,0,2752,6,-0.49649900025218896,2.153270168750109
102,1549926000,660,471,0,1131,6,-0.49649900025218896,0.074847574901846
102,1549940400,126,126,0,252,7,-0.4882037303493453,-0.8801176640470438
102,1549954800,235,204,0,439,7,-0.4882037303493453,-0.6246688786285116
102,1549969200,959,875,0,1834,7,-0.4882037303493453,1.2809517398680255
102,1549983600,674,594,0,1268,7,-0.4882037303493453,0.5077752021841259
102,1549998000,1199,799,0,1998,7,-0.4882037303493453,1.504981690716364
102,1550012400,565,431,0,996,7,-0.4882037303493453,0.13621333248444262
102,1550026800,92,148,56,240,7,1.9653329657653134,-0.8965100994749711
102,1550041200,239,206,0,445,7,-0.4882037303493453,-0.616472660914548
102,1550046737,524,387,0,911,7,-0.4882037303493453,0.02010024820329162
102,1550046824,327,115,0,442,7,-0.4882037303493453,-0.6205707697715298
102,1550049475,164,65,0,229,7,-0.4882037303493453,-0.9115364986172376
102,1550055600,624,645,21,1269,7,0.4318725306936516,0.5091412384697864
102,1550070000,796,665,0,1461,7,-0.4882037303493453,0.7714202053166217
102,1550072412,74,39,0,113,7,-0.4882037303493453,-1.0699967077538672
102,1550084400,1513,1030,0,2543,7,-0.4882037303493453,2.249471466401391
102,1550098800,804,570,0,1374,7,-0.4882037303493453,0.6525750484641495
102,1550113200,109,137,28,246,7,0.738564617707984,-0.8883138817610075
102,1550127600,231,220,0,451,7,-0.4882037303493453,-0.6082764432005844
102,1550142000,1117,1062,0,2179,7,-0.4882037303493453,1.7522342584209327
102,1550142108,2,1,0,3,7,-0.4882037303493453,-1.2202606991765332
102,1550144741,66,21,0,87,7,-0.4882037303493453,-1.1055136511810428
102,1550156400,860,738,0,1598,7,-0.4882037303493453,0.9585671764521239
102,1550170800,1486,1115,0,2601,7,-0.4882037303493453,2.328701570969706
102,1550185200,833,595,0,1428,7,-0.4882037303493453,0.7263410078898219
102,1550199600,132,179,47,311,7,1.5710145681754575,-0.7995215231930685
102,1550214000,237,204,0,441,7,-0.4882037303493453,-0.6219368060571905
102,1550228400,1029,843,0,1872,7,-0.4882037303493453,1.3328611187231283
102,1550242800,882,621,0,1503,7,-0.4882037303493453,0.8287937293143669
102,1550257200,1480,1043,0,2523,7,-0.4882037303493453,2.2221507406881793
102,1550271600,694,594,0,1288,7,-0.4882037303493453,0.5350959278973378
102,1550286000,182,256,74,438,7,2.753969760945025,-0.6260349149141723
102,1550300400,132,164,32,296,7,0.913817238859031,-0.8200120674779775
102,1550314800,507,512,5,1019,7,-0.26913795391053646,0.16763216705463643
102,1550329200,784,749,0,1533,7,-0.4882037303493453,0.8697748178841849
102,1550343600,997,920,0,1917,7,-0.4882037303493453,1.3943327515778554
102,1550358000,612,493,0,1105,7,-0.4882037303493453,0.28511128762144805
102,1550372400,189,253,64,442,7,2.315838208067407,-0.6205707697715298
102,1550386800,98,130,32,228,7,0.913817238859031,-0.9129025349028983
102,1550401200,342,454,112,796,7,4.418869661879972,-0.1369939246476774
102,1550415600,721,620,0,1341,7,-0.4882037303493453,0.6074958510373497
102,1550430000,799,751,0,1550,7,-0.4882037303493453,0.8929974347404152
102,1550444400,381,378,0,759,7,-0.4882037303493453,-0.1875372672171196
102,1550458800,144,170,26,314,7,0.6509383071324604,-0.7954234143360867
102,1550473200,125,179,54,304,7,1.8777066551897899,-0.8090837771926926
102,1550484792,204,108,0,312,7,-0.4882037303493453,-0.7981554869074079
102,1550484882,424,451,27,875,7,0.6947514624202221,-0.029077058080489982
102,1550487600,88,117,29,205,7,0.7823777729957457,-0.9443213694730921
102,1550491281,57,33,0,90,7,-0.4882037303493453,-1.101415542324061
102,1550491366,2,1,0,3,7,-0.4882037303493453,-1.2202606991765332
102,1550491448,145,159,14,304,7,0.12518044367931933,-0.8090837771926926
102,1550491541,3,6,3,9,7,-0.35676426448606,-1.2120644814625696
102,1550495835,91,37,0,128,7,-0.4882037303493453,-1.0495061634689582
102,1550495906,3,1,0,4,7,-0.4882037303493453,-1.2188946628908728
102,1550502000,499,497,0,996,7,-0.4882037303493453,0.13621333248444262
102,1550516400,1012,822,0,1834,7,-0.4882037303493453,1.2809517398680255
102,1550530800,533,512,0,1045,7,-0.4882037303493453,0.20314911048181203
102,1550545200,129,160,31,289,8,1.568808368544313,-1.333695586747715
102,1550559600,202,244,42,446,8,2.323208021177644,-1.1185502416468762
102,1550574000,1044,840,0,1884,8,-0.5572270161496193,0.8520166771748181
102,1550588400,828,675,0,1503,8,-0.5572270161496193,0.32991236836322874
102,1550602800,1337,923,0,2260,8,-0.5572270161496193,1.3672692234035784
102,1550617200,735,465,0,1200,8,-0.5572270161496193,-0.08530444415622425
102,1550631600,130,167,37,297,8,1.9802990881624936,-1.322732766615188
102,1550646000,217,227,10,444,8,0.1285908498806814,-1.1212909466800078
102,1550660400,919,808,0,1727,8,-0.5572270161496193,0.6368713320739795
102,1550674800,769,619,0,1388,8,-0.5572270161496193,0.17232182895815581
102,1550689200,1282,875,0,2157,8,-0.5572270161496193,1.2261229141972956
102,1550703600,729,421,0,1150,8,-0.5572270161496193,-0.15382206998451683
102,1550718000,131,143,12,274,8,0.2657544230867415,-1.3542508744962027
102,1550732400,191,209,18,400,8,0.677245142704922,-1.1815864574089054
102,1550746800,1000,845,0,1845,8,-0.5572270161496193,0.7985729290287499
102,1550761200,835,684,0,1519,8,-0.5572270161496193,0.35183800862828235
102,1550775600,1500,1056,0,2556,8,-0.5572270161496193,1.7728935683070703
102,1550790000,760,510,0,1270,8,-0.5572270161496193,0.010620232003385348
102,1550804400,129,174,45,303,8,2.528953380986734,-1.314510651515793
102,1550818800,220,198,0,418,8,-0.5572270161496193,-1.15692011211072
102,1550833200,985,805,0,1790,8,-0.5572270161496193,0.7232035406176281
102,1550847600,849,680,0,1529,8,-0.5572270161496193,0.3655415337939409
102,1550862000,1408,992,0,2400,8,-0.5572270161496193,1.5591185757227974
102,1550876400,706,539,0,1245,8,-0.5572270161496193,-0.023638580910760938
102,1551495600,9400,7119,0,16519,9,-0.7131178625048618,4.067120416335496
102,1551510000,107,176,69,283,9,-0.10271649432358107,-0.46672992651691275
102,1551524400,451,843,392,1294,9,2.7546696204960375,-0.1844114554265096
102,1551538800,684,934,250,1618,9,1.4984812975722421,-0.09393550623433294
102,1551553200,947,987,40,1934,9,-0.35926199689252514,-0.005693531096284101
102,1551567600,608,681,73,1289,9,-0.06733090776234742,-0.1858076892103395
102,1551582000,182,211,29,393,9,-0.4565723599359177,-0.4360127832726552
102,1551596400,87,147,60,234,9,-0.1823340640863568,-0.4804130175984456
102,1551610800,386,659,273,1045,9,1.7019484202993356,-0.253943897861238
102,1551625200,771,967,196,1738,9,1.0207758789955876,-0.060425895422415665
102,1551639600,817,839,22,1656,9,-0.5184971364180766,-0.08332412947722581
102,1551654000,349,364,15,713,9,-0.5804219129002355,-0.34665382110754245
102,1551668400,87,119,32,206,9,-0.43003317001499247,-0.48823192678789296
102,1551682800,188,163,0,351,9,-0.7131178625048618,-0.44774114705682627
102,1551697200,888,625,0,1513,9,-0.7131178625048618,-0.12325641569476058
102,1551711600,686,651,0,1337,9,-0.7131178625048618,-0.1724038448855726
102,1551726000,1115,887,0,2002,9,-0.7131178625048618,0.013295248363802359
102,1551740400,635,419,0,1054,9,-0.7131178625048618,-0.25143067705034416
102,1551754800,111,155,44,266,10,0.6134545931613976,-1.2408138279362295
102,1551769200,269,202,0,471,10,-0.518717086877178,-0.97540225241903
102,1551783600,1080,991,0,2071,10,-0.518717086877178,1.096102727227406
102,1551798000,887,679,0,1566,10,-0.518717086877178,0.44228396802649955
102,1551812400,1534,1009,0,2543,10,-0.518717086877178,1.7071966962231044
102,1551826800,748,499,0,1247,10,-0.518717086877178,0.029277662709491396
102,1551841200,110,150,40,260,10,0.5105298949760726,-1.2485819716099038
102,1551855600,236,207,0,443,10,-0.518717086877178,-1.0116535895628427
102,1551870000,1130,969,0,2099,10,-0.518717086877178,1.1323540643712184
102,1551884400,844,714,0,1558,10,-0.518717086877178,0.4319264431282674
102,1551898800,1508,1146,0,2654,10,-0.518717086877178,1.8509073541860759
102,1551913200,846,491,0,1337,10,-0.518717086877178,0.1457998178146034
102,1551927600,106,162,56,268,10,0.9222286877173729,-1.2382244467116716
102,1551942000,242,201,0,443,10,-0.518717086877178,-1.0116535895628427
102,1551945032,218,229,11,447,10,-0.23567416686753412,-1.0064748271137265
102,1551946161,215,105,0,320,10,-0.518717086877178,-1.1709005348731625
102,1551946245,113,91,0,204,10,-0.518717086877178,-1.321084645897529
102,1551956400,774,681,0,1455,10,-0.518717086877178,0.29857331006352805
102,1551970800,905,711,0,1616,10,-0.518717086877178,0.5070184986404507
102,1551985200,1494,1083,0,2577,10,-0.518717086877178,1.7512161770405912
102,1551999600,760,538,0,1298,10,-0.518717086877178,0.09530688393572154
102,1552014000,152,179,27,331,10,0.17602462587376613,-1.1566589381380932
102,1552028400,270,186,0,456,10,-0.518717086877178,-0.9948226116032154
102,1552042800,1137,846,0,1983,10,-0.518717086877178,0.982169953346852
102,1552057200,926,730,0,1656,10,-0.518717086877178,0.5588061231316116
102,1552071600,1444,1016,0,2460,10,-0.518717086877178,1.5997373754039457
102,1552086000,766,567,0,1333,10,-0.518717086877178,0.14062105536548733
102,1552100400,196,259,63,455,10,1.1023469095416918,-0.9961173022154944
102,1552114800,131,180,49,311,10,0.742110465893054,-1.1825527503836737
102,1552129200,620,809,189,1429,10,4.344474902379432,0.26491135414427347
102,1552143600,912,876,0,1788,10,-0.518717086877178,0.7297052839524425
102,1552158000,1075,1040,0,2115,10,-0.518717086877178,1.153069114167683
102,1552172400,682,676,0,1358,10,-0.518717086877178,0.1729883206724629
102,1552190400,192,283,91,475,10,1.8228197968389672,-0.9702234899699139
102,1552204800,161,201,40,362,10,0.5105298949760726,-1.1165235291574436
102,1552219200,474,587,113,1061,10,2.388905636858255,-0.21153479117440677
102,1552233600,750,847,97,1597,10,1.9772068441169548,0.48241937700714926
102,1552248000,758,806,48,1564,10,0.7163792913467227,0.4396945868019415
102,1552262400,381,359,0,740,10,-0.518717086877178,-0.627130477715973
102,1552276800,79,98,19,177,10,-0.029824770496883993,-1.3560412924290626
102,1552291200,602,411,0,1013,10,-0.518717086877178,-0.27367994056379985
102,1552305600,995,754,0,1749,10,-0.518717086877178,0.6792123500735606
102,1552320000,987,714,0,1701,10,-0.518717086877178,0.6170672006841675
102,1552334400,1532,1084,0,2616,10,-0.518717086877178,1.8017091109194732
102,1552348800,586,461,0,1047,11,-0.4415901145694421,-0.3224359303063716
102,1552363200,80,109,29,189,11,0.5675220046530354,-1.4977647978483914
102,1552377600,508,469,0,977,11,-0.4415901145694421,-0.4183252318540888
102,1552392000,1067,843,0,1910,11,-0.4415901145694421,0.8597421730604854
102,1552406400,1048,783,0,1831,11,-0.4415901145694421,0.7515242470280616
102,1552420800,1532,1155,0,2687,11,-0.4415901145694421,1.9241134202401469
102,1552435200,702,446,0,1148,11,-0.4415901145694421,-0.18408136664466523
102,1552449600,79,121,42,200,11,1.0198826098217322,-1.4826964790337502
102,1552464000,515,478,0,993,11,-0.4415901145694421,-0.39640767721461057
102,1552478400,989,838,0,1827,11,-0.4415901145694421,0.7460448583681921
102,1552492800,1075,767,0,1842,11,-0.4415901145694421,0.766592565842703
102,1552507200,1516,1066,0,2582,11,-0.4415901145694421,1.780279467918571
102,1552521600,740,471,0,1211,11,-0.4415901145694421,-0.09778099525171971
102,1552536000,73,112,39,185,11,0.9154917009366483,-1.503244186508261
102,1552550400,490,534,44,1024,11,1.0894765490784548,-0.3539424151006215
102,1552564800,1022,803,0,1825,11,-0.4415901145694421,0.7433051640382573
102,1552579200,1158,699,0,1857,11,-0.4415901145694421,0.7871402733172137
102,1552593600,1478,1060,0,2538,11,-0.4415901145694421,1.7200061926600059
102,1552608000,663,431,0,1094,11,-0.4415901145694421,-0.2580531135529043
102,1552622400,82,145,63,227,11,1.7506189720173193,-1.4457106055796307
102,1552636800,494,503,9,997,11,-0.12841738791419047,-0.39092828855474104
102,1552651200,982,813,0,1795,11,-0.4415901145694421,0.7022097490892356
102,1552665600,1102,739,0,1841,11,-0.4415901145694421,0.7652227186777355
102,1552680000,1476,1092,0,2568,11,-0.4415901145694421,1.7611016076090276
102,1552694400,603,499,0,1102,11,-0.4415901145694421,-0.24709433623316515
102,1552708800,129,179,50,308,11,1.2982583668486225,-1.3347529852172721
102,1552723200,214,220,6,434,11,-0.23280829679927434,-1.1621522424313813
102,1552737600,569,730,161,1299,11,5.160721995596726,0.02276555526541054
102,1552752000,928,666,0,1594,11,-0.4415901145694421,0.4268704689307904
102,1552766400,1009,671,0,1680,11,-0.4415901145694421,0.5446773251179858
102,1552780800,538,376,0,914,11,-0.4415901145694421,-0.5046256032470343
102,1552795200,111,140,29,251,11,0.5675220046530354,-1.4128342736204134
102,1552809600,162,108,0,270,11,-0.4415901145694421,-1.386807177486033
102,1552824000,478,444,0,922,11,-0.4415901145694421,-0.4936668259272952
102,1552838400,887,567,0,1454,11,-0.4415901145694421,0.23509186583535588
102,1552852800,842,546,0,1388,11,-0.4415901145694421,0.14468195294750819
102,1552867200,429,258,0,687,11,-0.4415901145694421,-0.8155809096946317
102,1552881600,72,93,21,165,11,0.28914624762614505,-1.5306411298076088
102,1552896000,479,519,40,998,11,0.9502886705650095,-0.38955844138977364
102,1552910400,945,844,0,1789,11,-0.4415901145694421,0.6939906660994313
102,1552924800,1011,765,0,1776,11,-0.4415901145694421,0.6761826529548552
102,1552939200,1436,998,0,2434,11,-0.4415901145694421,1.5775420875033974
102,1552953600,574,384,0,958,12,-0.40193938933758855,-0.4041057871681521
102,1552968000,75,113,38,188,12,2.554259990306611,-1.4909067149867
102,1552982400,462,523,61,985,12,4.343538562196521,-0.3659971832056836
102,1552996800,992,780,0,1772,12,-0.40193938933758855,0.7447980508114556
102,1553011200,1081,728,0,1809,12,-0.40193938933758855,0.7970209525378014
102,1553025600,1332,978,0,2310,12,-0.40193938933758855,1.5041472705080514
102,1553040000,625,407,0,1032,12,-0.40193938933758855,-0.2996599837154605
102,1553054400,95,103,8,198,12,0.2204183747980324,-1.4767924172228226
102,1553068800,504,487,0,991,12,-0.40193938933758855,-0.3575286045473572
102,1553083200,968,834,0,1802,12,-0.40193938933758855,0.7871409441030873
102,1553097600,974,790,0,1764,12,-0.40193938933758855,0.7335066126003538
102,1553112000,1472,1164,0,2636,12,-0.40193938933758855,1.9642733776104495
102,1553126400,675,440,0,1115,12,-0.40193938933758855,-0.1825113122752794
102,1553140800,83,112,29,195,12,1.8541075056540373,-1.4810267065519858
102,1553155200,482,451,0,933,12,-0.40193938933758855,-0.4393915315778452
102,1553169600,1000,761,0,1761,12,-0.40193938933758855,0.7292723232711906
102,1553184000,955,699,0,1654,12,-0.40193938933758855,0.5782493371977041
102,1553198400,1426,1078,0,2504,12,-0.40193938933758855,1.7779646471272699
102,1553212800,781,402,0,1183,12,-0.40193938933758855,-0.08653408748091412
102,1553227200,77,101,24,178,12,1.465133903069274,-1.5050210127505772
102,1553241600,477,447,0,924,12,-0.40193938933758855,-0.45209439956533476
102,1553256000,991,762,0,1753,12,-0.40193938933758855,0.7179808850600888
102,1553270400,1116,714,0,1830,12,-0.40193938933758855,0.8266609778419436
102,1553284800,1485,1066,0,2551,12,-0.40193938933758855,1.844301846617493
102,1553299200,754,462,0,1216,12,-0.40193938933758855,-0.03995690486011921
102,1553313600,140,155,15,295,12,0.7649814184167006,-1.3398837289132135
102,1553328000,208,191,0,399,12,-0.40193938933758855,-1.19309503216889
102,1553342400,552,535,0,1087,12,-0.40193938933758855,-0.22203134601413566
102,1553356800,824,706,0,1530,12,-0.40193938933758855,0.40323204492562625
102,1553371200,869,739,0,1608,12,-0.40193938933758855,0.5133235674838688
102,1553385600,560,376,0,936,12,-0.40193938933758855,-0.4351572422486821
102,1553400000,125,130,5,255,12,-0.012965786752825458,-1.3963409199687224
102,1553414400,143,137,0,280,12,-0.40193938933758855,-1.3610551755590292
102,1553428800,459,493,34,952,12,2.2430811082388002,-0.41257436582647844
102,1553443200,808,654,0,1462,12,-0.40193938933758855,0.307254820131261
102,1553457600,812,575,0,1387,12,-0.40193938933758855,0.20139758690218168
102,1553472000,417,281,0,698,12,-0.40193938933758855,-0.7710775290289604
102,1553486400,77,80,3,157,12,-0.16855522778673068,-1.5346610380547194
102,1553500800,480,459,0,939,12,-0.40193938933758855,-0.4309229529195189
102,1553515200,976,844,0,1820,12,-0.40193938933758855,0.8125466800780663
102,1553529600,1029,788,0,1817,12,-0.40193938933758855,0.8083123907489032
102,1553544000,1459,938,0,2397,12,-0.40193938933758855,1.6269416610537832
102,1553558400,563,399,0,962,13,-0.37905779478467955,-0.3550902432520075
102,1553572800,86,89,3,175,13,-0.21817152818796667,-1.3954544824711055
102,1553587200,503,460,0,963,13,-0.37905779478467955,-0.3537683064804457
102,1553601600,1044,873,0,1917,13,-0.37905779478467955,0.9073593735894647
102,1553616000,1042,706,0,1748,13,-0.37905779478467955,0.6839520591955288
102,1553630400,1614,1029,0,2643,13,-0.37905779478467955,1.867085469743296
102,1553644800,652,397,0,1049,13,-0.37905779478467955,-0.24008174412613514
102,1553659200,87,87,0,174,13,-0.37905779478467955,-1.3967764192426673
102,1553673600,466,460,0,926,13,-0.37905779478467955,-0.40267996702823056
102,1553688000,1028,871,0,1899,13,-0.37905779478467955,0.8835645117013532
102,1553702400,1092,688,0,1780,13,-0.37905779478467955,0.7262540358855049
102,1553716800,1513,1098,0,2611,13,-0.37905779478467955,1.82478349305332
102,1553731200,683,372,0,1055,13,-0.37905779478467955,-0.23215012349676464
102,1553745600,85,93,8,178,13,0.04997224947322141,-1.3914886721564204
102,1553760000,512,437,0,949,13,-0.37905779478467955,-0.3722754212823103
102,1553774400,1082,856,0,1938,13,-0.37905779478467955,0.9351200457922615
102,1553788800,1074,694,0,1768,13,-0.37905779478467955,0.7103907946267639
102,1553803200,1630,1132,0,2762,13,-0.37905779478467955,2.0243959455591445
102,1553817600,615,405,0,1020,13,-0.37905779478467955,-0.27841791050142595
102,1553832000,90,95,5,185,13,-0.11091401712349144,-1.382235114755488
102,1553846400,454,448,0,902,13,-0.37905779478467955,-0.43440644954571256
102,1553852941,414,102,0,516,13,-0.37905779478467955,-0.9446740433685484
102,1553857313,116,62,0,178,13,-0.37905779478467955,-1.3914886721564204
102,1553860800,1009,820,0,1829,13,-0.37905779478467955,0.7910289376920306
102,1553875200,1162,804,0,1966,13,-0.37905779478467955,0.9721342753959906
102,1553889600,1456,1050,0,2506,13,-0.37905779478467955,1.6859801320393362
102,1553904000,662,467,0,1129,13,-0.37905779478467955,-0.13432680240119507
102,1553918400,122,156,34,278,13,1.4443198933113994,-1.2592949950002452
102,1553932800,188,223,35,411,13,1.4979486488436369,-1.0834774043825324
102,1553947200,608,648,40,1256,13,1.766092426504825,0.03355916758714732
102,1553961600,856,709,0,1565,13,-0.37905779478467955,0.4420376299997284
102,1553976000,975,809,0,1784,13,-0.37905779478467955,0.7315417829717519
102,1553990400,623,433,0,1056,13,-0.37905779478467955,-0.2308281867252029
102,1554004800,145,161,16,306,13,0.47900229373112235,-1.2222807653965162
102,1554019200,141,170,29,311,13,1.1761761156502113,-1.2156710815387075
102,1554033600,462,567,105,1029,13,5.2519615361002705,-0.2665204795573702
102,1554048000,785,624,0,1409,13,-0.37905779478467955,0.23581549363609522
102,1554062400,686,531,0,1217,13,-0.37905779478467955,-0.017996366503760974
102,1554076800,348,299,0,647,13,-0.37905779478467955,-0.771500326293959
102,1554091200,66,102,36,168,13,1.5515774043758745,-1.4047080398720377
102,1554105600,505,461,0,966,13,-0.37905779478467955,-0.3498024961657605
102,1554120000,982,756,0,1738,13,-0.37905779478467955,0.6707326914799113
102,1554134400,1057,702,0,1759,13,-0.37905779478467955,0.6984933636827081
102,1554148800,1483,1036,0,2519,13,-0.37905779478467955,1.703165310069639
102,1554163200,580,435,0,1015,14,-0.49703694075951677,-0.2605763267143381
102,1554177600,84,83,0,167,14,-0.49703694075951677,-0.6484809452515023
102,1554192000,539,498,0,1037,14,-0.49703694075951677,-0.25051276349757207
102,1554206400,1056,851,0,1907,14,-0.49703694075951677,0.14745541825635816
102,1554220800,998,749,0,1747,14,-0.49703694075951677,0.07426586758896868
102,1554235200,1547,1091,0,2638,14,-0.49703694075951677,0.48184017786799377
102,1554249600,662,442,0,1104,14,-0.49703694075951677,-0.21986463915560275
102,1554264000,74,90,16,164,14,0.4933956444902163,-0.6498532493265159
102,1554278400,505,540,35,1045,14,1.6695343394742743,-0.2468532859642026
102,1554292800,1118,836,0,1954,14,-0.49703694075951677,0.1689548487649038
102,1554307200,1066,654,0,1720,14,-0.49703694075951677,0.06191513091384671
102,1554321600,1475,1162,0,2637,14,-0.49703694075951677,0.4813827431763226
102,1554336000,694,383,0,1077,14,-0.49703694075951677,-0.2322153758307247
102,1554350400,84,105,21,189,14,0.8029058273807579,-0.6384173820347363
102,1554364800,558,485,0,1043,14,-0.49703694075951677,-0.24776815534754498
102,1554379200,1090,825,0,1915,14,-0.49703694075951677,0.15111489578972762
102,1554508800,7846,5623,0,13469,14,-0.49703694075951677,5.436315323358589
102,1554523200,128,150,22,278,14,0.8648078639588662,-0.5977056944760009
102,1554537600,218,206,0,424,14,-0.49703694075951677,-0.530920229492008
102,1554552000,624,470,0,1094,14,-0.49703694075951677,-0.22443898607231458
102,1554566400,909,735,0,1644,14,-0.49703694075951677,0.027150094346836712
102,1554580800,1016,752,0,1768,14,-0.49703694075951677,0.08387199611406355
102,1554595200,593,541,0,1134,14,-0.49703694075951677,-0.20614159840546722
102,1554609600,147,200,53,347,14,2.783770997880224,-0.5661427007506892
102,1554624000,141,180,39,321,14,1.9171424857867074,-0.5780360027341399
102,1554638400,490,550,60,1040,14,3.217085253926982,-0.24914045942255852
102,1554652800,881,610,0,1491,14,-0.49703694075951677,-0.04283741347885447
102,1554667200,845,659,0,1504,14,-0.49703694075951677,-0.036890762487129074
102,1554681600,405,338,0,743,14,-0.49703694075951677,-0.3849985628489002
102,1554696000,69,96,27,165,14,1.1743180468494077,-0.6493958146348446
102,1554710400,523,478,0,1001,14,-0.49703694075951677,-0.26698041239773473
102,1554724800,994,874,0,1868,14,-0.49703694075951677,0.12961546528118198
102,1554739200,1039,698,0,1737,14,-0.49703694075951677,0.06969152067225684
102,1554753600,1480,1011,0,2491,14,-0.49703694075951677,0.4145972781923297
102,1554768000,584,370,0,954,15,-0.3722470453335073,0.2575589507855703
102,1554782400,87,106,19,193,15,2.261970566286771,-0.7167139889523287
102,1554796800,488,467,0,955,15,-0.3722470453335073,0.2588392043200485
102,1554811200,1044,904,0,1948,15,-0.3722470453335073,1.5301309640568865
102,1554825600,999,692,0,1691,15,-0.3722470453335073,1.201105805695993
102,1554840000,1439,1005,0,2444,15,-0.3722470453335073,2.1651367171580667
102,1554854400,603,406,0,1009,15,-0.3722470453335073,0.32797289518187045
102,1554868800,92,106,14,198,15,1.5687554053340662,-0.7103127212799377
102,1554880908,322,243,0,565,15,-0.3722470453335073,-0.24045967412644378
102,1554880979,9,9,0,18,15,-0.3722470453335073,-0.9407583574860111
102,1554881054,8,10,2,18,15,-0.09496098095242533,-0.9407583574860111
102,1554881121,7,7,0,14,15,-0.3722470453335073,-0.9458793716239239
102,1554881199,3,7,4,10,15,0.1823250834286566,-0.9510003857618365
102,1554883200,287,181,0,468,15,-0.3722470453335073,-0.36464426697082775
102,1554883484,23,24,1,47,15,-0.2336040131429663,-0.9036310049861438
102,1554883570,22,8,0,30,15,-0.3722470453335073,-0.9253953150722729
102,1554897600,1011,863,0,1874,15,-0.3722470453335073,1.4353922025055008
102,1554912000,1098,699,0,1797,15,-0.3722470453335073,1.3368126803506806
102,1554921255,1089,721,0,1810,15,-0.3722470453335073,1.353455976298897
102,1554921335,7,7,0,14,15,-0.3722470453335073,-0.9458793716239239
102,1554921416,7,4,0,11,15,-0.3722470453335073,-0.9497201322273584
102,1554921496,7,4,0,11,15,-0.3722470453335073,-0.9497201322273584
102,1554921577,7,15,8,22,15,0.7368972121908205,-0.9356373433480983
102,1554921654,352,272,0,624,15,-0.3722470453335073,-0.16492471559223085
102,1554921734,3,7,4,10,15,0.1823250834286566,-0.9510003857618365
102,1554921815,6,8,2,14,15,-0.09496098095242533,-0.9458793716239239
102,1554921896,4,2,0,6,15,-0.3722470453335073,-0.9561213998997493
102,1554921977,4,3,0,7,15,-0.3722470453335073,-0.9548411463652712
102,1554922057,3,6,3,9,15,0.04368205123811564,-0.9522806392963148
102,1554922137,62,56,0,118,15,-0.3722470453335073,-0.8127330040381926
102,1554922218,7,17,10,24,15,1.0141832765719023,-0.933076836279142
102,1554922299,9,13,4,22,15,0.1823250834286566,-0.9356373433480983
102,1554922391,8,13,5,21,15,0.3209681156191976,-0.9369175968825766
102,1554922470,7,8,1,15,15,-0.2336040131429663,-0.9445991180894456
102,1554922552,2,2,0,4,15,-0.3722470453335073,-0.9586819069687057
102,1554922632,2,5,3,7,15,0.04368205123811564,-0.9548411463652712
102,1554922713,1,5,4,6,15,0.1823250834286566,-0.9561213998997493
102,1554922793,2,4,2,6,15,-0.09496098095242533,-0.9561213998997493
102,1554922881,3,4,1,7,15,-0.2336040131429663,-0.9548411463652712
102,1554922963,2,1,0,3,15,-0.3722470453335073,-0.959962160503184
102,1554926400,376,267,0,643,15,-0.3722470453335073,-0.14059989843714532
102,1554940800,694,412,0,1106,15,-0.3722470453335073,0.45215748802625444
102,1554955200,91,95,4,186,15,0.1823250834286566,-0.725675763693676
102,1554969600,545,438,0,983,15,-0.3722470453335073,0.29468630328543766
102,1554984000,1000,791,0,1791,15,-0.3722470453335073,1.3291311591438115
102,1554998400,1088,739,0,1827,15,-0.3722470453335073,1.3752202863850262
102,1555012800,1547,997,0,2544,15,-0.3722470453335073,2.293162070605885
102,1555027200,684,406,0,1090,15,-0.3722470453335073,0.43167343147460346
102,1555041600,101,111,10,212,15,1.0141832765719023,-0.6923891717972431
102,1555056000,494,483,0,977,15,-0.3722470453335073,0.28700478207856855
102,1555059741,254,67,0,321,15,-0.3722470453335073,-0.5528415365391209
102,1555059825,399,283,0,682,15,-0.3722470453335073,-0.0906700105924961
102,1555070400,649,496,0,1145,15,-0.3722470453335073,0.5020873758709037
102,1555084800,1008,776,0,1784,15,-0.3722470453335073,1.3201693844024642
102,1555099200,1471,1165,0,2636,15,-0.3722470453335073,2.410945395777878
102,1555113600,588,438,0,1026,15,-0.3722470453335073,0.3497372052679996
102,1555128000,106,155,49,261,15,6.421261532003,-0.6296567486078121
102,1555142400,238,222,0,460,15,-0.3722470453335073,-0.37488629524665323
102,1555156800,650,623,0,1273,15,-0.3722470453335073,0.6659598282841114
102,1555171200,967,745,0,1712,15,-0.3722470453335073,1.2279911299200348
102,1555185600,998,750,0,1748,15,-0.3722470453335073,1.2740802571612493
102,1555200000,627,484,0,1111,15,-0.3722470453335073,0.45855875569864535
102,1555214400,148,176,28,324,15,3.5097578560016394,-0.5490007759356864
102,1555228800,169,181,12,350,15,1.2914693409529843,-0.5157141840392536
102,1555243200,545,544,0,1089,15,-0.3722470453335073,0.43039317794012527
102,1555257600,879,657,0,1536,15,-0.3722470453335073,1.0026665078518742
102,1555272000,760,633,0,1393,15,-0.3722470453335073,0.8195902524214936
102,1555286400,381,303,0,684,15,-0.3722470453335073,-0.08810950352353973
102,1555300800,74,80,6,154,15,0.45961114780973855,-0.7666438767969779
102,1555315200,464,459,0,923,15,-0.3722470453335073,0.21787109121674655
102,1555329600,1080,811,0,1891,15,-0.3722470453335073,1.45715651259163
102,1555344000,956,655,0,1611,15,-0.3722470453335073,1.098685522937738
102,1555358400,1497,982,0,2479,15,-0.3722470453335073,2.209945590864803
102,1555372800,519,342,0,861,16,-0.41594493595511567,-0.48666043774553025
102,1555387200,84,72,0,156,16,-0.41594493595511567,-1.4871426817612463
102,1555401600,538,404,0,942,16,-0.41594493595511567,-0.3717114139650012
102,1555416000,1004,810,0,1814,16,-0.41594493595511567,0.8657644963636575
102,1555430400,1015,685,0,1700,16,-0.41594493595511567,0.7039843888206907
102,1555444800,1580,994,0,2574,16,-0.41594493595511567,1.9442985466501033
102,1555459200,592,495,0,1087,16,-0.41594493595511567,-0.16593847016035035
102,1555473600,80,116,36,196,16,0.9116483854026555,-1.4303777317461701
102,1555488000,516,450,0,966,16,-0.41594493595511567,-0.3376524439559555
102,1555491358,273,60,0,333,16,-0.41594493595511567,-1.2359577779445345
102,1555502400,1042,959,0,2001,16,-0.41594493595511567,1.1311406376841382
102,1555516800,1045,742,0,1787,16,-0.41594493595511567,0.8274481551034811
102,1555531200,1573,1179,0,2752,16,-0.41594493595511567,2.1969025742171917
102,1555545600,699,488,0,1187,16,-0.41594493595511567,-0.024026095122660133
102,1555560000,95,111,16,206,16,0.17409654020389373,-1.4161864942424012
102,1555574400,516,442,0,958,16,-0.41594493595511567,-0.3490054339589707
102,1555588800,1105,837,0,1942,16,-0.41594493595511567,1.047412336411901
102,1555603200,1122,731,0,1853,16,-0.41594493595511567,0.9211103226283567
102,1555617600,1445,1019,0,2464,16,-0.41594493595511567,1.788194934108644
102,1555632000,601,432,0,1033,16,-0.41594493595511567,-0.24257115268070306
102,1555646400,100,135,35,235,16,0.8747707931427174,-1.375031905481471
102,1555660800,413,332,0,745,16,-0.41594493595511567,-0.6512787927892509
102,1555675200,880,628,0,1508,16,-0.41594493595511567,0.43151262874832547
102,1555689600,1025,746,0,1771,16,-0.41594493595511567,0.8047421750974507
102,1555704000,1257,952,0,2209,16,-0.41594493595511567,1.426318377762534
102,1555718400,571,419,0,990,16,-0.41594493595511567,-0.3035934739469099
102,1555732800,136,146,10,282,16,-0.04716901335573478,-1.3083330892137566
102,1555747200,183,254,71,437,16,2.2023641145004884,-1.0883689079053367
102,1555761600,495,599,104,1094,16,3.4193246590784456,-0.15600460390771204
102,1555776000,814,673,0,1487,16,-0.41594493595511567,0.40171102999041053
102,1555790400,946,826,0,1772,16,-0.41594493595511567,0.8061612988478276
102,1555804800,557,443,0,1000,16,-0.41594493595511567,-0.28940223644314084
102,1555819200,131,151,20,282,16,0.3216069092436461,-1.3083330892137566
102,1555833600,132,187,55,319,16,1.612322638341479,-1.2558255104498113
102,1555848000,466,587,121,1053,16,4.0462437274973935,-0.21418867767316502
102,1555862400,877,629,0,1506,16,-0.41594493595511567,0.4286743812475717
102,1555876800,726,655,0,1381,16,-0.41594493595511567,0.2512839124504589
102,1555891200,387,343,0,730,16,-0.41594493595511567,-0.6725656490449045
102,1555905600,79,96,17,175,16,0.21097413246383181,-1.460179330504085
102,1555920000,461,334,0,795,16,-0.41594493595511567,-0.5803226052704058
102,1555934400,932,714,0,1646,16,-0.41594493595511567,0.627351706300338
102,1555948800,834,675,0,1509,16,-0.41594493595511567,0.43293175249870236
102,1555963200,1173,858,0,2031,16,-0.41594493595511567,1.1737143501954452
102,1555977600,413,319,0,732,17,-0.3038542729098394,-0.5837411625473143
102,1555992000,77,98,21,175,17,0.826627175514563,-1.3560950603116952
102,1556006400,452,388,0,840,17,-0.3038542729098394,-0.43398493102387964
102,1556020800,955,691,0,1646,17,-0.3038542729098394,0.6836402783084201
102,1556035200,851,725,0,1576,17,-0.3038542729098394,0.5865760541728606
102,1556049600,1218,1007,0,2225,17,-0.3038542729098394,1.486500075086834
102,1556064000,560,396,0,956,17,-0.3038542729098394,-0.27313564531352386
102,1556078400,89,119,30,208,17,1.3111192248393069,-1.3103362117906456
102,1556092800,453,404,0,857,17,-0.3038542729098394,-0.41041219087667236
102,1556107200,942,722,0,1664,17,-0.3038542729098394,0.7085996502289926
102,1556121600,838,672,0,1510,17,-0.3038542729098394,0.49505835713076163
102,1556136000,1667,1007,0,2674,17,-0.3038542729098394,2.1090977413277803
102,1556150400,848,406,0,1254,17,-0.3038542729098394,0.14008062314928674
102,1556164800,111,107,0,218,17,-0.3038542729098394,-1.2964698940569943
102,1556179200,449,371,0,820,17,-0.3038542729098394,-0.4617175664911824
102,1556193600,1000,702,0,1702,17,-0.3038542729098394,0.7612916576168678
102,1556208000,923,708,0,1631,17,-0.3038542729098394,0.6628408017079431
102,1556222400,1282,932,0,2214,17,-0.3038542729098394,1.4712471255798174
102,1556236800,758,427,0,1185,17,-0.3038542729098394,0.04440303078709234
102,1556251200,182,139,0,321,17,-0.3038542729098394,-1.1536468214003854
102,1556265600,451,389,0,840,17,-0.3038542729098394,-0.43398493102387964
102,1556266284,33,7,0,40,17,-0.3038542729098394,-1.5432903497159887
102,1556272519,309,99,0,408,17,-0.3038542729098394,-1.0330098571176185
102,1556280000,973,706,0,1679,17,-0.3038542729098394,0.7293991268294696
102,1556294400,766,631,0,1397,17,-0.3038542729098394,0.3383689667405012
102,1556308800,1199,966,0,2165,17,-0.3038542729098394,1.4033021686849259
102,1556323200,607,410,0,1017,17,-0.3038542729098394,-0.18855110713825055
102,1556337600,139,146,7,285,17,0.0729728765649614,-1.2035655652415302
102,1556352000,222,230,8,452,17,0.12680532648993295,-0.9719980590895525
102,1556366400,601,678,77,1279,17,3.8412443713129694,0.17474641748341513
102,1556380800,869,870,1,1739,17,-0.25002182298486786,0.8125970332313778
102,1556395200,1019,871,0,1890,17,-0.3038542729098394,1.0219784310095135
102,1556409600,607,543,0,1150,17,-0.3038542729098394,-0.004129081280687428
102,1556424000,170,170,0,340,17,-0.3038542729098394,-1.1273008177064479
102,1556438400,165,159,0,324,17,-0.3038542729098394,-1.14948692608029
102,1556452800,491,588,97,1079,17,4.9178933698124006,-0.1025799371896121
102,1556467200,865,589,0,1454,17,-0.3038542729098394,0.41740697782231395
102,1556481600,752,534,0,1286,17,-0.3038542729098394,0.1844528398969711
102,1556496000,388,357,0,745,17,-0.3038542729098394,-0.5657149494935676
102,1556510400,75,88,13,163,17,0.39596757611479066,-1.372734641592077
102,1556524800,524,511,0,1035,17,-0.3038542729098394,-0.16359173521767809
102,1556526829,147,36,0,183,17,-0.3038542729098394,-1.345002006124774
102,1556539200,1015,785,0,1800,17,-0.3038542729098394,0.8971815714066511
102,1556553600,892,694,0,1586,17,-0.3038542729098394,0.600442371906512
102,1556568000,2111,1029,0,3140,17,-0.3038542729098394,2.7552681477159338
102,1556582400,952,403,0,1355,18,-0.3916244157867779,0.08479452679214605
102,1556596800,139,107,0,246,18,-0.3916244157867779,-1.3419757247077
102,1556611200,599,498,0,1097,18,-0.3916244157867779,-0.24713218636110937
102,1556625600,1381,948,0,2329,18,-0.3916244157867779,1.3378821958280793
102,1556640000,1563,808,0,2371,18,-0.3916244157867779,1.3919167770390743
102,1556654400,1688,1105,0,2793,18,-0.3916244157867779,1.9348356644447866
102,1556668800,582,407,0,989,18,-0.3916244157867779,-0.3860782523322395
102,1556683200,112,139,27,251,18,0.8074730222407791,-1.3355430364682956
102,1556697600,552,431,0,983,18,-0.3916244157867779,-0.39379747821952454
102,1556712000,1084,840,0,1924,18,-0.3916244157867779,0.8168344484363411
102,1556726400,1061,736,0,1797,18,-0.3916244157867779,0.6534441671554752
102,1556740800,1506,1208,0,2714,18,-0.3916244157867779,1.8331991902622007
102,1556755200,733,422,0,1155,18,-0.3916244157867779,-0.17251300278402096
102,1556769600,98,137,39,235,18,1.3404052169196934,-1.356127638834389
102,1556784000,535,477,0,1012,18,-0.3916244157867779,-0.35648788643098034
102,1556790308,405,130,0,535,18,-0.3916244157867779,-0.9701663444701386
102,1556793581,92,37,0,129,18,-0.3916244157867779,-1.4925006295097576
102,1556798400,1114,853,0,1967,18,-0.3916244157867779,0.872155567295217
102,1556812800,1057,726,0,1783,18,-0.3916244157867779,0.6354326400851434
102,1556827200,1483,1166,0,2649,18,-0.3916244157867779,1.7495742431499466
102,1556841600,591,439,0,1030,18,-0.3916244157867779,-0.33333020876912534
102,1556856000,101,104,3,205,18,-0.25839136711704935,-1.3947237682708142
102,1556870400,508,450,0,958,18,-0.3916244157867779,-0.42596091941654546
102,1556884800,1055,870,0,1925,18,-0.3916244157867779,0.818120986084222
102,1556899200,1122,807,0,1929,18,-0.3916244157867779,0.8232671366757454
102,1556913600,1544,1003,0,2547,18,-0.3916244157867779,1.6183474030661014
102,1556928000,620,458,0,1078,18,-0.3916244157867779,-0.27157640167084524
102,1556942400,126,196,70,322,18,2.717146719840222,-1.2441988634687564
102,1556956800,226,229,3,455,18,-0.25839136711704935,-1.0730893563006054
102,1556971200,562,662,100,1224,18,4.049477206537508,-0.08374190508024333
102,1556985600,916,776,0,1692,18,-0.3916244157867779,0.5183577141279875
102,1557000000,892,693,0,1585,18,-0.3916244157867779,0.3806981858047381
102,1557014400,583,427,0,1010,18,-0.3916244157867779,-0.359060961726742
102,1557028800,136,194,58,330,18,2.1842145251613077,-1.2339065622857097
102,1557043200,149,160,11,309,18,0.09689676266889351,-1.2609238528912072
102,1557057600,477,548,71,1025,18,2.761557736063465,-0.33976289700852946
102,1557072000,837,623,0,1460,18,-0.3916244157867779,0.21988097981963373
102,1557086400,734,636,0,1370,18,-0.3916244157867779,0.10409259151035857
102,1557100800,433,271,0,704,18,-0.3916244157867779,-0.7527414819782775
102,1557115200,86,92,6,178,18,-0.12515831844732078,-1.4294602847635967
102,1557129600,505,484,0,989,18,-0.3916244157867779,-0.3860782523322395
102,1557144000,1061,789,0,1850,18,-0.3916244157867779,0.7216306624931593
102,1557158400,1032,748,0,1780,18,-0.3916244157867779,0.6315730271415009
102,1557172800,1404,1047,0,2451,18,-0.3916244157867779,1.494839788869541
102,1557187200,643,402,0,1045,19,-0.40754438419474626,-0.3348450969541952
102,1557201600,85,108,23,193,19,1.3883170844764956,-1.363678673065018
102,1557216000,538,498,0,1036,19,-0.40754438419474626,-0.345713057265225
102,1557230400,1147,902,0,2049,19,-0.40754438419474626,0.8775362532984649
102,1557244800,1545,990,0,2535,19,-0.40754438419474626,1.464406110094075
102,1557259200,1451,1042,0,2493,19,-0.40754438419474626,1.413688961975936
102,1557273600,621,486,0,1107,19,-0.40754438419474626,-0.2599769259226564
102,1557288000,109,112,3,221,19,-0.17330158393327996,-1.3298672409862589
102,1557302400,530,497,0,1027,19,-0.40754438419474626,-0.3565810175762548
102,1557316800,1027,803,0,1830,19,-0.40754438419474626,0.6130825523967393
102,1557331200,1050,691,0,1741,19,-0.40754438419474626,0.505610500432111
102,1557345600,1497,1086,0,2583,19,-0.40754438419474626,1.5223685650862342
102,1557360000,715,415,0,1130,19,-0.40754438419474626,-0.23220324957224686
102,1557374400,80,117,37,197,19,2.481450152363338,-1.3588484684823383
102,1557388800,534,522,0,1056,19,-0.40754438419474626,-0.3215620343518254
102,1557403200,1047,797,0,1844,19,-0.40754438419474626,0.6299882684361189
102,1557417600,1045,744,0,1789,19,-0.40754438419474626,0.56357295542427
102,1557432000,1576,1129,0,2705,19,-0.40754438419474626,1.6696898048579718
102,1557446400,715,513,0,1228,19,-0.40754438419474626,-0.1138632372965888
102,1557460800,100,108,8,208,19,0.21710308316916388,-1.3455654058799684
102,1557475200,521,504,0,1025,19,-0.40754438419474626,-0.3589961198675948
102,1557489600,880,803,0,1683,19,-0.40754438419474626,0.43557253398325213
102,1557504000,1614,1172,0,2786,19,-0.40754438419474626,1.7675014476572402
102,1557532800,1992,1525,0,3517,19,-0.40754438419474626,2.650221335141996
102,1557547200,147,167,20,314,19,1.1540742842150291,-1.2175649844389507
102,1557561600,212,222,10,434,19,0.3732649500101414,-1.072658846958553
102,1557576000,620,651,31,1271,19,2.0129645518404056,-0.06193853803277966
102,1557590400,900,686,0,1586,19,-0.40754438419474626,0.3184400728532641
102,1557604800,1023,723,0,1746,19,-0.40754438419474626,0.5116482561604608
102,1557619200,562,398,0,960,19,-0.40754438419474626,-0.4374869443361435
102,1557633600,106,171,65,277,19,4.667716288137024,-1.26224437682874
102,1557648000,147,151,4,298,19,-0.0952206505127912,-1.2368858027696703
102,1557662400,406,404,0,810,19,-0.40754438419474626,-0.6186196161866405
102,1557676800,598,454,0,1052,19,-0.40754438419474626,-0.3263922389345053
102,1557691200,619,497,0,1116,19,-0.40754438419474626,-0.24910896561162657
102,1557705600,370,287,0,657,19,-0.40754438419474626,-0.8033749414741475
102,1557720000,70,83,13,153,19,0.6075077502716077,-1.4119807188918174
102,1557734400,499,458,0,957,19,-0.40754438419474626,-0.4411095977731534
102,1557748800,949,759,0,1708,19,-0.40754438419474626,0.46576131262500164
102,1557763200,938,656,0,1594,19,-0.40754438419474626,0.3281004820186239
102,1557777600,1379,874,0,2253,19,-0.40754438419474626,1.1238766870151409
102,1557792000,561,401,0,962,20,-0.5255242932198005,-0.5244446982186746
102,1557806400,88,91,3,179,20,-0.42458517592453393,-1.6116161773928632
102,1557820800,481,497,16,978,20,0.012817665688287832,-0.5022291890656898
102,1557835200,1015,772,0,1787,20,-0.5255242932198005,0.6210424924820989
102,1557849600,1015,687,0,1702,20,-0.5255242932198005,0.5030226001068677
102,1557864000,1455,1017,0,2472,20,-0.5255242932198005,1.5721439780942563
102,1557878400,535,412,0,947,20,-0.5255242932198005,-0.5452717380495977
102,1557892800,74,107,33,181,20,0.5848059970281316,-1.60883923874874
102,1557907200,525,488,0,1013,20,-0.5255242932198005,-0.4536327627935358
102,1557921600,1098,864,0,1962,20,-0.5255242932198005,0.864024623842869
102,1557936000,1124,746,0,1870,20,-0.5255242932198005,0.736285446213207
102,1557950400,1331,1131,0,2462,20,-0.5255242932198005,1.5582592848736407
102,1557964800,686,491,0,1177,20,-0.5255242932198005,-0.22592379397544268
102,1557979200,100,125,25,225,20,0.3156350175740875,-1.5477465885780322
102,1557993600,496,485,0,981,20,-0.5255242932198005,-0.4980637810995052
102,1558008000,1151,803,0,1954,20,-0.5255242932198005,0.8529168692663767
102,1558022400,1128,793,0,1921,20,-0.5255242932198005,0.8070973816383458
102,1558036800,1419,1078,0,2497,20,-0.5255242932198005,1.6068557111457948
102,1558051200,714,530,0,1244,20,-0.5255242932198005,-0.13289634939731926
102,1558065600,116,123,7,239,20,-0.2899996861975119,-1.5283080180691706
102,1558080000,518,484,0,1002,20,-0.5255242932198005,-0.4689059253362128
102,1558094400,1071,725,0,1796,20,-0.5255242932198005,0.6335387163806528
102,1558108800,1212,764,0,1976,20,-0.5255242932198005,0.8834631943517306
102,1558123200,1334,1081,0,2415,20,-0.5255242932198005,1.4930012267367483
102,1558137600,649,524,0,1173,20,-0.5255242932198005,-0.23147767126368884
102,1558152000,143,208,65,351,20,1.6614899148443083,-1.3727994539982777
102,1558166400,252,323,71,575,20,1.8633681494348415,-1.061782325856492
102,1558180800,673,770,97,1443,20,2.738173832660485,0.14340904569292792
102,1558195200,947,871,0,1818,20,-0.5255242932198005,0.6640850414660068
102,1558209600,1131,922,0,2053,20,-0.5255242932198005,0.9903753321504695
102,1558224000,671,512,0,1183,20,-0.5255242932198005,-0.21759297804307343
102,1558238400,145,238,93,383,20,2.6035883429334628,-1.3283684356923082
102,1558252800,168,218,50,386,20,1.1567943283679756,-1.3242030277261236
102,1558267200,536,643,107,1179,20,3.07463755697804,-0.2231468553313196
102,1558281600,1005,691,0,1696,20,-0.5255242932198005,0.49469178417449844
102,1558296000,809,782,0,1591,20,-0.5255242932198005,0.34890250535803635
102,1558310400,465,422,0,887,20,-0.5255242932198005,-0.6285798973732903
102,1558324800,88,126,38,214,20,0.7530378591869092,-1.5630197511207091
102,1558339200,488,539,51,1027,20,1.190440700799731,-0.4341941922846742
102,1558353600,1029,766,0,1795,20,-0.5255242932198005,0.6321502470585912
102,1558368000,1056,734,0,1790,20,-0.5255242932198005,0.6252079004482836
102,1558382400,1514,1268,0,2782,20,-0.5255242932198005,2.0025694679333346
102,1558396800,687,405,0,1092,21,-0.34763154358411,-0.16176685243530647
102,1558411200,97,109,12,206,21,0.6829937385711339,-1.4667024936281592
102,1558425600,516,499,0,1015,21,-0.34763154358411,-0.27517548039450473
102,1558440000,1052,731,0,1783,21,-0.34763154358411,0.8559651205491869
102,1558454400,1073,755,0,1828,21,-0.34763154358411,0.9222428901357314
102,1558468800,1554,1175,0,2729,21,-0.34763154358411,2.249271121190765
102,1558483200,681,471,0,1152,21,-0.34763154358411,-0.07339649298658057
102,1558497600,108,105,0,213,21,-0.34763154358411,-1.4563926183591411
102,1558512000,547,482,0,1029,21,-0.34763154358411,-0.2545557298564687
102,1558526400,998,751,0,1749,21,-0.34763154358411,0.8058885835282422
102,1558540800,1045,750,0,1795,21,-0.34763154358411,0.8736391924389321
102,1558555200,1495,1119,0,2614,21,-0.34763154358411,2.079894598914041
102,1558569600,731,450,0,1181,21,-0.34763154358411,-0.03068415258636305
102,1558584000,101,123,22,224,21,1.5418481403671704,-1.4401913857935413
102,1558598400,432,493,61,925,21,4.891380307371713,-0.4077310195675936
102,1558612800,988,774,0,1762,21,-0.34763154358411,0.8250354947421329
102,1558627200,1016,718,0,1734,21,-0.34763154358411,0.7837959936660608
102,1558641600,1397,1083,0,2480,21,-0.34763154358411,1.882534129478553
102,1558656000,609,474,0,1083,21,-0.34763154358411,-0.17502240635261537
102,1558670400,147,138,0,285,21,-0.34763154358411,-1.35034818702067
102,1558684800,485,472,0,957,21,-0.34763154358411,-0.36060016119493976
102,1558699200,967,762,0,1729,21,-0.34763154358411,0.7764317970453336
102,1558713600,1188,862,0,2050,21,-0.34763154358411,1.249213220096017
102,1558728000,1339,940,0,2279,21,-0.34763154358411,1.5864934253253211
102,1558742400,580,463,0,1043,21,-0.34763154358411,-0.23393597931843263
102,1558756800,164,157,0,321,21,-0.34763154358411,-1.2973259713514345
102,1558771200,218,214,0,432,21,-0.34763154358411,-1.1338408063712915
102,1558785600,573,534,0,1107,21,-0.34763154358411,-0.139674262573125
102,1558800000,814,674,0,1488,21,-0.34763154358411,0.4214775199262845
102,1558814400,950,724,0,1674,21,-0.34763154358411,0.6954256342173348
102,1558828800,561,478,0,1039,21,-0.34763154358411,-0.23982733661501437
102,1558843200,134,164,30,298,21,2.228931661804,-1.3312012758067793
102,1558857600,186,159,0,345,21,-0.34763154358411,-1.261977827571944
102,1558872000,503,501,0,1004,21,-0.34763154358411,-0.2913767129601045
102,1558886400,830,641,0,1471,21,-0.34763154358411,0.39643925141581215
102,1558900800,717,614,0,1331,21,-0.34763154358411,0.19024174603545171
102,1558915200,448,373,0,821,21,-0.34763154358411,-0.5609063092787185
102,1558929600,119,129,10,248,21,0.5112228582119266,-1.4048432420140509
102,1558944000,174,206,32,380,21,2.400702542163207,-1.210428451226854
102,1558958400,458,455,0,913,21,-0.34763154358411,-0.4254050914573388
102,1558972800,636,639,3,1275,21,-0.08997522304529905,0.10776274388330755
102,1558987200,761,632,0,1393,21,-0.34763154358411,0.2815577841324685
102,1559001600,466,410,0,876,22,-0.5406368297235044,-0.6565022315029382
102,1559016000,97,108,11,205,22,0.027031841486175212,-1.6103868411242932
102,1559030400,481,497,16,978,22,0.2850630556723932,-0.51150039814768
102,1559044800,977,766,0,1743,22,-0.5406368297235044,0.5760133520167561
102,1559059200,846,779,0,1625,22,-0.5406368297235044,0.40826613303714365
102,1559073600,1378,991,0,2369,22,-0.5406368297235044,1.465926564569615
102,1559088000,539,579,40,1118,22,1.5236128837662397,-0.3124782739345806
102,1559102400,77,129,52,206,22,2.1428877978131626,-1.608965254522771
102,1559116800,503,480,0,983,22,-0.5406368297235044,-0.5043924651400693
102,1559131200,974,909,0,1883,22,-0.5406368297235044,0.7750354762298555
102,1559145600,1135,761,0,1896,22,-0.5406368297235044,0.7935161020496433
102,1559160000,1294,1004,0,2298,22,-0.5406368297235044,1.364993915861543
102,1559174400,496,510,14,1006,22,0.181850569997906,-0.4716959733050602
102,1559188800,78,146,68,224,22,2.9685876832090603,-1.5833766956953725
102,1559203200,500,485,0,985,22,-0.5406368297235044,-0.501549291937025
102,1559217600,1058,807,0,1865,22,-0.5406368297235044,0.749446917402457
102,1559232000,1298,756,0,2054,22,-0.5406368297235044,1.0181267850901412
102,1559246400,1257,1045,0,2302,22,-0.5406368297235044,1.3706802622676315
102,1559260800,582,517,0,1099,22,-0.5406368297235044,-0.33948841936350127
102,1559275200,103,138,35,241,22,1.2655816695800217,-1.5592097234694962
102,1559289600,526,483,0,1009,22,-0.5406368297235044,-0.46743121350049377
102,1559304000,1088,905,0,1993,22,-0.5406368297235044,0.9314100023972907
102,1559318400,1161,930,0,2091,22,-0.5406368297235044,1.0707254893464602
102,1559332800,1426,1239,0,2665,22,-0.5406368297235044,1.886716198620168
102,1559347200,685,536,0,1221,22,-0.5406368297235044,-0.16605485397780034
102,1559361600,180,191,11,371,22,0.027031841486175212,-1.3744034652716182
102,1559376000,290,284,0,574,22,-0.5406368297235044,-1.0858213851626242
102,1559390400,718,744,26,1462,22,0.8011254840448292,0.17654751698903506
102,1559404800,1007,863,0,1870,22,-0.5406368297235044,0.7565548504100676
102,1559419200,1121,912,0,2033,22,-0.5406368297235044,0.9882734664581763
102,1559433600,713,601,0,1314,22,-0.5406368297235044,-0.03384730003624146
102,1559448000,179,207,28,386,22,0.9043379697193165,-1.353079666248786
102,1559462400,231,222,0,453,22,-0.5406368297235044,-1.257833363946803
102,1559476800,590,669,79,1259,22,3.5362563544187395,-0.11203456311995909
102,1559491200,869,788,0,1657,22,-0.5406368297235044,0.4537569042858521
102,1559505600,890,682,0,1572,22,-0.5406368297235044,0.33292204315647034
102,1559520000,519,428,0,947,22,-0.5406368297235044,-0.5555695827948663
102,1559534400,108,134,26,242,22,0.8011254840448292,-1.557788136867974
102,1559548800,470,504,34,974,22,1.213975426742778,-0.5171867445537686
102,1559563200,955,855,0,1810,22,-0.5406368297235044,0.6712596543187394
102,1559577600,1016,763,0,1779,22,-0.5406368297235044,0.627190469671553
102,1559592000,1448,1102,0,2550,22,-0.5406368297235044,1.7232337394451218
102,1559606400,587,583,0,1170,23,-0.45753601672504446,0.15644781749655096
102,1559620800,76,200,124,276,23,2.9689358019080414,-1.0435102982895663
102,1559635200,497,392,0,889,23,-0.45753601672504446,-0.22072022560848142
102,1559638834,383,255,0,638,23,-0.45753601672504446,-0.5576212178482078
102,1559640993,172,145,0,317,23,-0.45753601672504446,-0.9884786621069815
102,1559641672,47,55,8,102,23,-0.23647331874871635,-1.2770591933083408
102,1559645181,179,175,0,354,23,-0.45753601672504446,-0.9388159660397708
102,1559645345,6,7,1,13,23,-0.42990317947800344,-1.3965181108754152
102,1559649600,517,250,0,767,23,-0.45753601672504446,-0.3844728991273923
102,1559664000,978,749,0,1727,23,-0.45753601672504446,0.9040727285623981
102,1559678400,1436,1121,0,2557,23,-0.45753601672504446,2.0181278025025295
102,1559692800,647,579,0,1226,23,-0.45753601672504446,0.23161297911178874
102,1559707200,70,190,120,260,23,2.8584044529198773,-1.064986058751063
102,1559721600,513,561,48,1074,23,0.8688401711329242,0.027593254727571927
102,1559736000,1144,896,0,2040,23,-0.45753601672504446,1.3241922925904235
102,1559750400,1094,781,0,1875,23,-0.45753601672504446,1.1027235128312407
102,1559764800,1404,1171,0,2575,23,-0.45753601672504446,2.042288033021713
102,1559779200,697,483,0,1180,23,-0.45753601672504446,0.1698701677849863
102,1559793600,90,233,143,323,23,3.4939597096018207,-0.9804252519339203
102,1559808000,466,454,0,920,23,-0.45753601672504446,-0.17911093971433195
102,1559809734,112,27,0,139,23,-0.45753601672504446,-1.2273964972411302
102,1559811081,97,46,0,143,23,-0.45753601672504446,-1.222027557125756
102,1559812027,50,21,0,71,23,-0.45753601672504446,-1.3186684792024903
102,1559822400,1054,772,0,1826,23,-0.45753601672504446,1.0369539964179078
102,1559836800,1023,759,0,1782,23,-0.45753601672504446,0.9778956551487923
102,1559851200,1430,1040,0,2470,23,-0.45753601672504446,1.901353354993142
102,1559865600,667,506,0,1173,23,-0.45753601672504446,0.16047452258308156
102,1559880000,89,143,54,232,23,1.0346371946151705,-1.1025686395586818
102,1559894400,473,538,65,1011,23,1.3385984043326216,-0.056967552089570564
102,1559908800,974,823,0,1797,23,-0.45753601672504446,0.9980291805814453
102,1559923200,1127,804,0,1931,23,-0.45753601672504446,1.1778886744464785
102,1559937600,1276,1001,0,2277,23,-0.45753601672504446,1.6423019944263404
102,1559952000,664,493,0,1157,23,-0.45753601672504446,0.13899876212158505
102,1559966400,171,171,0,342,23,-0.45753601672504446,-0.9549227863858932
102,1559980800,228,239,11,467,23,-0.1535748070075933,-0.7871434077804518
102,1559995200,598,632,34,1230,23,0.48198044967435005,0.23698191922716286
102,1560009600,927,792,0,1719,23,-0.45753601672504446,0.8933348483316498
102,1560024000,841,642,0,1483,23,-0.45753601672504446,0.5765673815245763
102,1560038400,514,494,0,1008,23,-0.45753601672504446,-0.06099425717610116
102,1560052800,144,210,66,354,23,1.3662312415796625,-0.9388159660397708
102,1560067200,145,203,58,348,23,1.1451685436033343,-0.9468693762128321
102,1560081600,466,582,116,1048,23,2.7478731039317132,-0.007304856022359895
102,1560096000,690,609,0,1299,23,-0.45753601672504446,0.32959613621736655
102,1560110400,833,670,0,1503,23,-0.45753601672504446,0.603412082101447
102,1560124800,501,391,0,892,23,-0.45753601672504446,-0.21669352052195082
102,1560139200,86,99,13,185,23,-0.09830913251351127,-1.1656536859143276
102,1560153600,482,462,0,944,23,-0.45753601672504446,-0.14689729902208717
102,1560154114,41,7,0,48,23,-0.45753601672504446,-1.3495398848658915
102,1560154784,54,13,0,67,23,-0.45753601672504446,-1.3240374193178643
102,1560168000,1010,744,0,1754,23,-0.45753601672504446,0.9403130743411734
102,1560182400,909,602,0,1511,23,-0.45753601672504446,0.6141499623321952
102,1560196800,1296,989,0,2285,23,-0.45753601672504446,1.6530398746570887
102,1560211200,549,416,0,965,24,-0.5139092216788236,-0.5606009886068447
102,1560225600,116,120,4,236,24,-0.2680196419281903,-1.576000811441246
102,1560240000,460,479,19,939,24,0.6540662821366846,-0.5968155227545737
102,1560254400,1082,734,0,1816,24,-0.5139092216788236,0.6247285713822848
102,1560268800,941,721,0,1662,24,-0.5139092216788236,0.41022709989189005
102,1560283200,1497,1066,0,2563,24,-0.5139092216788236,1.6651999947804983
102,1560297600,675,565,0,1240,24,-0.5139092216788236,-0.17756264665971122
102,1560312000,100,120,20,220,24,0.7155386770743429,-1.5982866786090792
102,1560326400,543,514,0,1057,24,-0.5139092216788236,-0.4324572523918037
102,1560333106,380,154,0,534,24,-0.5139092216788236,-1.1609265354403522
102,1560340800,1064,766,0,1830,24,-0.5139092216788236,0.6442287051541389
102,1560355200,1028,777,0,1805,24,-0.5139092216788236,0.6094070377043994
102,1560369600,1431,1145,0,2576,24,-0.5139092216788236,1.683307261854363
102,1560384000,750,558,0,1308,24,-0.5139092216788236,-0.08284771119642004
102,1560398400,102,156,54,258,24,2.805600104954726,-1.5453577440854753
102,1560412800,480,534,54,1014,24,2.805600104954726,-0.4923505204053555
102,1560427200,951,699,0,1650,24,-0.5139092216788236,0.3935126995160151
102,1560441600,953,701,0,1654,24,-0.5139092216788236,0.39908416630797344
102,1560456000,1250,1065,0,2315,24,-0.5139092216788236,1.3197690536790834
102,1560470400,650,509,0,1159,24,-0.5139092216788236,-0.2903848491968669
102,1560484800,114,149,35,263,24,1.6376246011392177,-1.5383934105955275
102,1560499200,455,478,23,933,24,0.8999558618873179,-0.6051727229425112
102,1560513600,1015,805,0,1820,24,-0.5139092216788236,0.6303000381742431
102,1560528000,1115,805,0,1920,24,-0.5139092216788236,0.7695867079732007
102,1560542400,1383,1067,0,2450,24,-0.5139092216788236,1.5078060579076762
102,1561161600,8469,7916,0,16385,25,-0.5833869983066529,4.058954079117014
102,1561176000,142,229,87,371,25,2.1683721563566554,-0.4788556403677611
102,1561190400,230,300,70,530,25,1.630672091652331,-0.4338005794586766
102,1561204800,776,739,0,1515,25,-0.5833869983066529,-0.15468589395271284
102,1561219200,1001,779,0,1780,25,-0.5833869983066529,-0.07959412577090534
102,1561233600,1099,809,0,1908,25,-0.5833869983066529,-0.043323384913277564
102,1561248000,702,634,0,1336,25,-0.5833869983066529,-0.20540825812080168
102,1561262400,146,235,89,381,25,2.231630987498341,-0.47602198873825896
102,1561276800,214,201,0,415,25,-0.5833869983066529,-0.46638757319795154
102,1561291200,618,585,0,1203,25,-0.5833869983066529,-0.24309582479318056
102,1561305600,928,738,0,1666,25,-0.5833869983066529,-0.11189775434723008
102,1561320000,876,752,0,1628,25,-0.5833869983066529,-0.12266563053933832
102,1561334400,496,497,1,993,25,-0.5517575827358102,-0.3026025090127261
102,1561348800,89,139,50,228,25,0.9980837802354784,-0.5193768586696421
102,1561363200,424,459,35,883,25,0.523642546672839,-0.33377267693725
102,1561377600,925,818,0,1743,25,-0.5833869983066529,-0.09007863680006337
102,1561392000,1044,656,0,1700,25,-0.5833869983066529,-0.1022633388069227
102,1561406400,1341,1090,0,2431,25,-0.5833869983066529,0.10487659530968593
102,1561420800,605,604,0,1209,26,-0.589502817520602,-0.15501968141115413
102,1561435200,102,159,57,261,26,1.167993751774941,-1.560682089761533
102,1561449600,428,419,0,847,26,-0.589502817520602,-0.6917810651905182
102,1561464000,993,752,0,1745,26,-0.589502817520602,0.639743030483153
102,1561478400,1012,796,0,1808,26,-0.589502817520602,0.7331573044558046
102,1561492800,1408,1061,0,2469,26,-0.589502817520602,1.713265798041881
102,1561507200,658,632,0,1290,26,-0.589502817520602,-0.034915614874887584
102,1561521600,130,175,45,305,26,0.797994474028511,-1.49544037460603
102,1561536000,484,468,0,952,26,-0.589502817520602,-0.5360906085694319
102,1561550400,1045,789,0,1834,26,-0.589502817520602,0.7717092270476927
102,1561564800,1010,764,0,1774,26,-0.589502817520602,0.6827432518356434
102,1561579200,1430,1129,0,2559,26,-0.589502817520602,1.846714760859955
102,1561593600,694,615,0,1309,26,-0.589502817520602,-0.006743056057738641
102,1561608000,122,182,60,304,26,1.2604935712115486,-1.4969231408595642
102,1561622400,481,449,0,930,26,-0.589502817520602,-0.5687114661471834
102,1561636800,1068,863,0,1931,26,-0.589502817520602,0.9155375536405057
102,1561651200,1025,758,0,1783,26,-0.589502817520602,0.6960881481174508
102,1561665600,1347,996,0,2343,26,-0.589502817520602,1.5264372500965775
102,1561680000,651,700,49,1351,26,0.9213275666106543,0.05553312659069586
102,1561694400,101,215,114,316,26,2.9254903210704843,-1.4791299458171545
102,1561708800,450,409,0,859,26,-0.589502817520602,-0.6739878701481083
102,1561723200,1000,773,0,1773,26,-0.589502817520602,0.6812604855821093
102,1561737600,1172,791,0,1963,26,-0.589502817520602,0.9629860737535987
102,1561752000,1338,1230,0,2568,26,-0.589502817520602,1.8600596571417625
102,1561766400,693,564,0,1257,26,-0.589502817520602,-0.0838469012415147
102,1561780800,180,235,55,415,26,1.1063272054838693,-1.332336086717273
102,1561795200,220,266,46,486,26,0.8288277471740468,-1.227059682716348
102,1561809600,583,660,77,1243,26,1.784659214685658,-0.10460562879099286
102,1561824000,896,676,0,1572,26,-0.589502817520602,0.3832244686217441
102,1561838400,897,709,0,1606,26,-0.589502817520602,0.4336385212419054
102,1561852800,818,508,0,1326,26,-0.589502817520602,0.018463970252341994
102,1561867200,181,202,21,383,26,0.05799591853565071,-1.379784606830366
102,1561881600,162,202,40,364,26,0.6438281083008317,-1.407957165647515
102,1561896000,603,513,0,1116,26,-0.589502817520602,-0.29291694298983056
102,1561910400,1076,623,0,1699,26,-0.589502817520602,0.5715357828205818
102,1561924800,801,665,0,1466,26,-0.589502817520602,0.22605124574712368
102,1561939200,393,515,122,908,26,3.1721565062347707,-0.6013323237249347
102,1561953600,93,166,73,259,26,1.6613261221035145,-1.5636476222686013
102,1561968000,398,442,44,840,26,0.7671612008829751,-0.7021604289652573
102,1561982400,942,755,0,1697,26,-0.589502817520602,0.5685702503135135
102,1561996800,956,687,0,1643,26,-0.589502817520602,0.4885008726226691
102,1562011200,1392,1014,0,2406,26,-0.589502817520602,1.6198515240692293
102,1562025600,562,464,0,1026,27,-0.6457493541078982,-0.22060251479177112
102,1562040000,102,154,52,256,27,0.14392168929075014,-1.479065757954796
102,1562054400,442,389,0,831,27,-0.6457493541078982,-0.5393042452031864
102,1562063238,481,140,0,621,27,-0.6457493541078982,-0.8825214933385569
102,1562068800,995,811,0,1806,27,-0.6457493541078982,1.0542044068538903
102,1562083200,1006,714,0,1720,27,-0.6457493541078982,0.9136487719032148
102,1562097600,1403,1073,0,2476,27,-0.6457493541078982,2.1492308651905483
102,1562112000,724,520,0,1244,27,-0.6457493541078982,0.13568967612970864
102,1562126400,140,169,29,309,27,-0.20535588759711354,-1.3924442619968214
102,1562140800,444,393,0,837,27,-0.6457493541078982,-0.5294980381136045
102,1562143308,231,191,0,422,27,-0.6457493541078982,-1.2077606951430269
102,1562155200,759,626,0,1385,27,-0.6457493541078982,0.3661355427348859
102,1562169600,1086,768,0,1854,27,-0.6457493541078982,1.1326540635705464
102,1562184000,1277,1015,0,2292,27,-0.6457493541078982,1.8485071811100333
102,1562198400,744,418,0,1162,27,-0.6457493541078982,0.001671512572087809
102,1562212800,128,164,36,292,27,-0.09905401637037242,-1.4202285154173038
102,1562227200,202,183,0,385,27,-0.6457493541078982,-1.2682323055287827
102,1562241600,490,474,0,964,27,-0.6457493541078982,-0.32193332138411856
102,1562256000,674,629,0,1303,27,-0.6457493541078982,0.23211737917726508
102,1562270400,692,535,0,1227,27,-0.6457493541078982,0.10790542270922626
102,1562284800,464,485,21,949,27,-0.32684374042767483,-0.3464488391080736
102,1562299200,101,249,148,350,27,1.6017759232574855,-1.325435180218011
102,1562313600,326,336,10,662,27,-0.4938895380696966,-0.8155124115597465
102,1562328000,657,713,56,1370,27,0.20466561570603078,0.34162002501093086
102,1562342400,843,720,0,1563,27,-0.6457493541078982,0.6570530197258189
102,1562356800,1157,816,0,1973,27,-0.6457493541078982,1.327143837513923
102,1562371200,552,514,0,1066,27,-0.6457493541078982,-0.15522780086122437
102,1562385600,144,202,58,346,27,0.2350375789136711,-1.3319726516110657
102,1562400000,226,382,156,608,27,1.7232637760880467,-0.9037682753659846
102,1562414400,678,853,175,1531,27,2.01179742656063,0.6047532485813815
102,1562428800,901,912,11,1813,27,-0.4787035564658764,1.065644981791736
102,1562443200,828,915,87,1743,27,0.6754310454244558,0.9512392324132792
102,1562457600,568,699,131,1267,27,1.3436142359925427,0.173280136639773
102,1562472000,126,185,59,311,27,0.2502235605174913,-1.389175526300294
102,1562486400,192,289,97,481,27,0.8272908614626574,-1.1113329920954704
102,1562500800,562,876,314,1438,27,4.122648869491632,0.4527570386928603
102,1562515200,812,873,61,1685,27,0.2805955237251316,0.8564458972139865
102,1562529600,791,875,84,1666,27,0.6298731006129953,0.8253929080969767
102,1562544000,460,621,161,1081,27,1.7991936841071476,-0.13071228313726935
102,1562558400,114,157,43,271,27,0.007247854856368703,-1.4545502402308408
102,1562572800,398,480,82,878,27,0.5995011374053549,-0.46248895633479403
102,1562587200,977,790,0,1767,27,-0.6457493541078982,0.9904640607716073
102,1562601600,914,660,0,1574,27,-0.6457493541078982,0.6750310660567193
102,1562616000,1288,990,0,2278,27,-0.6457493541078982,1.825626031234342
102,1562630400,531,449,0,980,28,-0.44441789176264457,-0.3606184881362449
102,1562644800,82,125,43,207,28,1.4402809198638,-1.4307548980247056
102,1562659200,446,483,37,929,28,1.1772996903345285,-0.43122257210042536
102,1562673600,1032,806,0,1838,28,-0.44441789176264457,0.82719139502585
102,1562688000,935,763,0,1698,28,-0.44441789176264457,0.6333762625751586
102,1562702400,1434,1007,0,2441,28,-0.44441789176264457,1.6619808583670426
102,1562716800,631,479,0,1110,28,-0.44441789176264457,-0.18064729371774568
102,1562731200,108,142,34,250,28,1.045809075569893,-1.371225964486279
102,1562745600,458,447,0,905,28,-0.44441789176264457,-0.46444802337768676
102,1562748932,261,104,0,365,28,-0.44441789176264457,-1.2120206771160682
102,1562760000,1056,854,0,1910,28,-0.44441789176264457,0.9268677488576341
102,1562774400,941,671,0,1612,28,-0.44441789176264457,0.5143183954983052
102,1562788800,1422,1189,0,2611,28,-0.44441789176264457,1.8973278049143107
102,1562803200,704,486,0,1190,28,-0.44441789176264457,-0.06989578946020769
102,1562817600,116,135,19,251,28,0.3883560017467146,-1.3698415706830598
102,1562832000,462,457,0,919,28,-0.44441789176264457,-0.4450665101326176
102,1562846400,1124,778,0,1902,28,-0.44441789176264457,0.9157925984318803
102,1562860800,1035,710,0,1745,28,-0.44441789176264457,0.698442771326462
102,1562875200,1221,956,0,2177,28,-0.44441789176264457,1.2965008943171672
102,1562889600,496,391,0,887,28,-0.44441789176264457,-0.4893671118356328
102,1562904000,86,116,30,202,28,0.870488255883712,-1.4376768670408018
102,1562918400,459,459,0,918,28,-0.44441789176264457,-0.4464509039358368
102,1562932800,970,811,0,1781,28,-0.44441789176264457,0.7482809482423541
102,1562947200,1011,811,0,1822,28,-0.44441789176264457,0.8050410941743424
102,1562961600,1416,933,0,2349,28,-0.44441789176264457,1.5346166284708738
102,1562976000,733,560,0,1293,28,-0.44441789176264457,0.07269677227137247
102,1562990400,154,244,90,398,28,3.5003005511764256,-1.1663356816098338
102,1563004800,266,268,2,534,28,-0.35675748191955414,-0.9780581243720191
102,1563019200,630,580,0,1210,28,-0.44441789176264457,-0.042207913395823186
102,1563033600,932,742,0,1674,28,-0.44441789176264457,0.6001508112978972
102,1563048000,714,812,98,1526,28,3.8509421905487873,0.3952605284214519
102,1563062400,10,11,1,21,28,-0.40058768684109936,-1.6882521454234816
102,1563076800,132,126,0,258,28,-0.44441789176264457,-1.3601508140605252
102,1563091200,223,210,0,433,28,-0.44441789176264457,-1.1178818984971608
102,1563105600,679,559,0,1238,28,-0.44441789176264457,-0.003444886905684894
102,1563120000,891,726,0,1617,28,-0.44441789176264457,0.5212403645144013
102,1563134400,802,680,0,1482,28,-0.44441789176264457,0.334347201079806
102,1563148800,485,467,0,952,28,-0.44441789176264457,-0.39938151462638316
102,1563163200,96,130,34,226,28,1.045809075569893,-1.4044514157635404
102,1563177600,403,451,48,854,28,1.6594319444715262,-0.5350521073418673
102,1563192000,1409,887,0,2296,28,-0.44441789176264457,1.461243756900255
102,1563206400,959,922,0,1881,28,-0.44441789176264457,0.8867203285642766
102,1563220800,1453,996,0,2449,28,-0.44441789176264457,1.6730560087927964
102,1563235200,566,471,0,1037,29,-0.4887845990247085,-0.1865421978322214
102,1563249600,98,107,9,205,29,-0.11335449884617543,-1.2825420436158832
102,1563264000,416,479,63,895,29,2.1392261022250225,-0.3735998638193368
102,1563278400,928,857,0,1785,29,-0.4887845990247085,0.798803817367513
102,1563279609,21,21,0,42,29,-0.4887845990247085,-1.4972631672489805
102,1563279696,64,59,0,123,29,-0.4887845990247085,-1.3905612591859076
102,1563291686,246,204,0,450,29,-0.4887845990247085,-0.9598017044127617
102,1563291749,825,633,0,1458,29,-0.4887845990247085,0.3680442625943671
102,1563292800,111,64,0,175,29,-0.4887845990247085,-1.3220612688244289
102,1563307200,1486,1165,0,2651,29,-0.4887845990247085,1.9395921183875264
102,1563321600,763,551,0,1314,29,-0.4887845990247085,0.17835198159334872
102,1563336000,103,119,16,222,29,0.17864669018157248,-1.2601478159977075
102,1563350400,455,428,0,883,29,-0.4887845990247085,-0.389407553902755
102,1563364800,1021,891,0,1912,29,-0.4887845990247085,0.9661018707503557
102,1563379200,963,648,0,1611,29,-0.4887845990247085,0.5695923111579492
102,1563393600,1353,1140,0,2493,29,-0.4887845990247085,1.731457532289187
102,1563408000,562,438,0,1000,29,-0.4887845990247085,-0.23528257558942753
102,1563422400,95,121,26,216,29,0.595791245935498,-1.2680516610394166
102,1563436800,412,447,35,859,29,0.971221346114031,-0.42102293406959135
102,1563451200,943,880,0,1823,29,-0.4887845990247085,0.8488615026316707
102,1563465600,1003,695,0,1698,29,-0.4887845990247085,0.6841980642627311
102,1563480000,1392,985,0,2377,29,-0.4887845990247085,1.578649861482811
102,1563494400,585,485,0,1070,29,-0.4887845990247085,-0.14307105010282134
102,1563508800,98,127,29,225,29,0.7209346126616757,-1.256195893476853
102,1563523200,412,487,75,899,29,2.6397995691297336,-0.3683306337915307
102,1563537600,1006,844,0,1850,29,-0.4887845990247085,0.8844288053193616
102,1563552000,1012,753,0,1765,29,-0.4887845990247085,0.7724576672284827
102,1563566400,1756,1530,0,3286,29,-0.4887845990247085,2.7760823853017396
102,1563580800,809,620,0,1429,29,-0.4887845990247085,0.32984234489277314
102,1563595200,160,194,34,354,29,0.9295068905386384,-1.0862632250801072
102,1563609600,242,283,41,525,29,1.2215080795663864,-0.861003641391398
102,1563624000,613,594,0,1207,29,-0.4887845990247085,0.03740007834953644
102,1563638400,861,742,0,1603,29,-0.4887845990247085,0.5590538511023371
102,1563652800,749,684,0,1433,29,-0.4887845990247085,0.3351115749205792
102,1563667200,533,469,0,1002,29,-0.4887845990247085,-0.23264796057552448
102,1563681600,126,229,103,355,29,3.807804325240725,-1.0849459175731557
102,1563696000,175,160,0,335,29,-0.4887845990247085,-1.111292067712186
102,1563710400,530,604,74,1134,29,2.598085113554341,-0.05876336965792428
102,1563724800,819,643,0,1462,29,-0.4887845990247085,0.37331349262217317
102,1563739200,711,652,0,1363,29,-0.4887845990247085,0.24290004943397303
102,1563753600,419,396,0,815,29,-0.4887845990247085,-0.4789844643754581
102,1563768000,85,119,34,204,29,0.9295068905386384,-1.283859351122835
102,1563782400,436,412,0,848,29,-0.4887845990247085,-0.4355133166460581
102,1563796800,956,865,0,1821,29,-0.4887845990247085,0.8462268876177677
102,1563811200,1010,765,0,1775,29,-0.4887845990247085,0.7856307422979979
102,1563825600,1188,1039,0,2227,29,-0.4887845990247085,1.3810537354400834
102,1563840000,476,429,0,905,30,-0.5570931713861528,-0.5754264880954227
102,1563854400,120,133,13,253,30,-0.17637955844364456,-1.5659362139133448
102,1563868800,440,417,0,857,30,-0.5570931713861528,-0.6483474495053312
102,1563879260,814,639,0,1453,30,-0.5570931713861528,0.2570878213343645
102,1563883200,596,226,0,822,30,-0.5570931713861528,-0.7015189838667226
102,1563888330,283,220,0,503,30,-0.5570931713861528,-1.1861395399034054
102,1563897600,652,503,0,1155,30,-0.5570931713861528,-0.19562981408548333
102,1563912000,1295,1097,0,2392,30,-0.5570931713861528,1.683604128915697
102,1563926400,626,514,0,1140,30,-0.5570931713861528,-0.2184176145260797
102,1563940800,121,177,56,298,30,1.0829039305200365,-1.4975728125915557
102,1563955200,458,425,0,883,30,-0.5570931713861528,-0.6088485954082975
102,1563969600,1043,839,0,1882,30,-0.5570931713861528,0.9088189139354206
102,1563984000,1346,684,0,2030,30,-0.5570931713861528,1.1336585449493048
102,1563998400,1359,1076,0,2435,30,-0.5570931713861528,1.7489291568454066
102,1564012800,768,655,0,1423,30,-0.5570931713861528,0.21151222045317178
102,1564027200,115,157,42,272,30,0.6729046550434892,-1.5370716666885895
102,1564041600,454,423,0,877,30,-0.5570931713861528,-0.617963715584536
102,1564056000,1005,753,0,1758,30,-0.5570931713861528,0.7204397636264906
102,1564070400,1034,750,0,1784,30,-0.5570931713861528,0.7599386177235243
102,1564084800,1315,1025,0,2340,30,-0.5570931713861528,1.6046064207216297
102,1564099200,738,599,0,1337,30,-0.5570931713861528,0.08086216459375259
102,1564113600,149,185,36,334,30,0.4971906798392546,-1.4428820915341245
102,1564128000,401,429,28,830,30,0.2629053795669418,-0.6893654902984047
102,1564142400,959,821,0,1780,30,-0.5570931713861528,0.7538618709393653
102,1564156800,1024,802,0,1826,30,-0.5570931713861528,0.8237444589571942
102,1564171200,1348,1030,0,2378,30,-0.5570931713861528,1.6623355151711405
102,1564185600,750,617,0,1367,30,-0.5570931713861528,0.12643776547494534
102,1564200000,140,258,118,398,30,2.8986150076304598,-1.34565414298758
102,1564214400,278,356,78,634,30,1.7271885062688965,-0.9871260827221972
102,1564228800,701,825,124,1526,30,3.0743289828346945,0.3679884501452668
102,1564243200,948,906,0,1854,30,-0.5570931713861528,0.8662816864463074
102,1564257600,1095,895,0,1990,30,-0.5570931713861528,1.0728910771077145
102,1564272000,765,677,0,1442,30,-0.5570931713861528,0.24037676767792715
102,1564286400,191,272,81,463,30,1.8150454938710137,-1.2469070077449957
102,1564300800,202,255,53,457,30,0.9950469429179192,-1.2560221279212342
102,1564315200,620,716,96,1336,30,2.2543304318815998,0.07934297789771283
102,1564329600,918,912,0,1830,30,-0.5570931713861528,0.8298212057413532
102,1564344000,893,734,0,1627,30,-0.5570931713861528,0.5214263064452823
102,1564358400,531,538,7,1069,30,-0.3520935336478791,-0.3262798699449025
102,1564372800,91,160,69,251,30,1.4636175434625447,-1.5689745873054244
102,1564387200,369,405,36,774,30,0.4971906798392546,-0.7744399452766311
102,1564401600,841,728,0,1569,30,-0.5570931713861528,0.4333134780749764
102,1564416000,954,683,0,1637,30,-0.5570931713861528,0.53661817340568
102,1564430400,1345,970,0,2315,30,-0.5570931713861528,1.5666267533206357
102,1564444800,615,503,0,1118,31,-0.5212667635836813,-0.36715500499248055
102,1564459200,116,151,35,267,31,0.9680668466554081,-1.6616093157065188
102,1564473600,417,461,44,878,31,1.351038346431174,-0.7322185003759931
102,1564488000,954,788,0,1742,31,-0.5212667635836813,0.582010083004652
102,1564502400,994,671,0,1665,31,-0.5212667635836813,0.4648855449024417
102,1564516800,1399,974,0,2373,31,-0.5212667635836813,1.5418228562838037
102,1564531200,664,577,0,1241,31,-0.5212667635836813,-0.1800599636084304
102,1564545600,102,143,41,245,31,1.223381179839252,-1.6950734694500074
102,1564560000,443,466,23,909,31,0.4574381802877203,-0.6850644655556227
102,1564574400,910,787,0,1697,31,-0.5212667635836813,0.5135606776202434
102,1564588800,969,694,0,1663,31,-0.5212667635836813,0.4618433491075791
102,1564603200,1146,949,0,2095,31,-0.5212667635836813,1.1189576407979016
102,1564617600,646,544,0,1190,31,-0.5212667635836813,-0.2576359563774268
102,1564632000,104,173,69,277,31,2.4148480680305235,-1.6463983367322057
102,1564646400,463,454,0,917,31,-0.5212667635836813,-0.6728956823761724
102,1564660800,983,828,0,1811,31,-0.5212667635836813,0.6869658379274118
102,1564675200,892,741,0,1633,31,-0.5212667635836813,0.41621041218464006
102,1564689600,1393,992,0,2385,31,-0.5212667635836813,1.5600760310529793
102,1564704000,730,668,0,1398,31,-0.5212667635836813,0.05875240628828405
102,1564718400,134,216,82,350,31,2.9680291232621854,-1.5353581902197206
102,1564732800,460,430,0,890,31,-0.5212667635836813,-0.7139653256068175
102,1564747200,954,714,0,1668,31,-0.5212667635836813,0.46944883859473563
102,1564761600,989,773,0,1762,31,-0.5212667635836813,0.6124320409532781
102,1564776000,1342,1109,0,2451,31,-0.5212667635836813,1.6604684922834452
102,1565395200,9660,8202,0,17862,32,-0.5410959857697173,4.072327372027413
102,1565409600,149,203,54,352,32,1.6322316926111307,-0.45369345098782765
102,1565424000,252,263,11,515,32,-0.09838108832176679,-0.4115608756507926
102,1565438400,642,644,2,1286,32,-0.46060236805190813,-0.2122712094860438
102,1565452800,1067,663,0,1730,32,-0.5410959857697173,-0.09750517605264764
102,1565467200,1061,786,0,1847,32,-0.5410959857697173,-0.06726277535060406
102,1565481600,662,515,0,1177,32,-0.5410959857697173,-0.24044575372982802
102,1565496000,154,239,85,393,32,2.879882767237173,-0.44309568663924825
102,1565510400,203,203,0,406,32,-0.5410959857697173,-0.43973541989457676
102,1565524800,547,597,50,1144,32,1.4712444571755123,-0.248975661620148
102,1565539200,1037,697,0,1734,32,-0.5410959857697173,-0.09647124782351794
102,1565553600,872,681,0,1553,32,-0.5410959857697173,-0.14325650019163666
102,1565568000,554,428,0,982,32,-0.5410959857697173,-0.29084975489990067
102,1565582400,91,131,40,222,32,1.0687763685864664,-0.48729611843454274
102,1565596800,503,444,0,947,32,-0.5410959857697173,-0.29989662690478547
102,1565611200,1057,687,0,1744,32,-0.5410959857697173,-0.0938864272506937
102,1565625600,921,704,0,1625,32,-0.5410959857697173,-0.12464579206730214
102,1565640000,1378,1033,0,2411,32,-0.5410959857697173,0.07852110495668298
102,1565654400,529,500,0,1029,33,-0.518227015552439,-0.3540763483095433
102,1565668800,103,147,44,250,33,0.587168151781512,-1.5177827297189599
102,1565683200,430,446,16,876,33,-0.11626513652191132,-0.582634854542715
102,1565683357,6,5,0,11,33,-0.518227015552439,-1.8748120303054177
102,1565697600,900,797,0,1697,33,-0.518227015552439,0.6438130775973762
102,1565712000,832,700,0,1532,33,-0.518227015552439,0.3973284140125831
102,1565726400,1387,965,0,2352,33,-0.518227015552439,1.6222824997067058
102,1565740800,609,494,0,1103,33,-0.518227015552439,-0.2435317113078786
102,1565755200,95,148,53,243,33,0.8132717087361839,-1.5282396548407389
102,1565769600,438,410,0,848,33,-0.518227015552439,-0.6244625550298314
102,1565784000,943,817,0,1760,33,-0.518227015552439,0.737925403693388
102,1565798400,841,670,0,1511,33,-0.518227015552439,0.36595763864724584
102,1565812800,1294,1038,0,2332,33,-0.518227015552439,1.592405570787337
102,1565827200,675,457,0,1132,33,-0.518227015552439,-0.20021016437479378
102,1565841600,93,128,35,221,33,0.3610645948268403,-1.5611042766520447
102,1565856000,425,406,0,831,33,-0.518227015552439,-0.6498579446112949
102,1565870400,934,758,0,1692,33,-0.518227015552439,0.6363438453675339
102,1565884800,965,782,0,1747,33,-0.518227015552439,0.7185053998957982
102,1565899200,1349,968,0,2317,33,-0.518227015552439,1.5699978740978102
102,1565913600,655,573,0,1228,33,-0.518227015552439,-0.05680090556182332
102,1565928000,103,197,94,300,33,1.8432990237519111,-1.4430904074205377
102,1565942400,399,464,65,863,33,1.1147431180090797,-0.6020548583403047
102,1565956800,922,745,0,1667,33,-0.518227015552439,0.5989976842183229
102,1565971200,1016,788,0,1804,33,-0.518227015552439,0.8036546473159994
102,1565985600,1264,954,0,2218,33,-0.518227015552439,1.4221070759469345
102,1566000000,688,458,0,1146,33,-0.518227015552439,-0.1792963141312356
102,1566014400,176,255,79,431,33,1.4664597621607913,-1.2473965229986719
102,1566028800,283,293,10,576,33,-0.2670008411583592,-1.0307887883332476
102,1566043200,739,657,0,1396,33,-0.518227015552439,0.19416529736087498
102,1566057600,1128,924,0,2052,33,-0.518227015552439,1.174128565916173
102,1566072000,1153,1039,0,2192,33,-0.518227015552439,1.383267068351755
102,1566086400,798,708,0,1506,33,-0.518227015552439,0.35848840641740365
102,1566100800,176,264,88,440,33,1.6925633191154632,-1.2339519049849559
102,1566115200,215,198,0,413,33,-0.518227015552439,-1.2742857590261039
102,1566129600,689,892,203,1581,33,4.581664324647381,0.4705268898650368
102,1566144000,1163,703,0,1866,33,-0.518227015552439,0.8962731269660429
102,1566158400,751,826,75,1577,33,1.3659692924031595,0.464551504081163
102,1566172800,528,544,16,1072,33,-0.11626513652191132,-0.2898409511329003
102,1566187200,107,165,58,272,33,0.9388847959332238,-1.484918107907654
102,1566201600,423,474,51,897,33,0.763026473857368,-0.5512640791773777
102,1566216000,908,766,0,1674,33,-0.518227015552439,0.609454609340102
102,1566230400,887,656,0,1543,33,-0.518227015552439,0.413760724918236
102,1566244800,1300,941,0,2241,33,-0.518227015552439,1.4564655442042087
102,1566259200,524,419,0,943,34,-0.6186584518047363,-0.531184844854637
102,1566273600,104,134,30,238,34,0.019760589369684417,-1.6371818391690878
102,1566288000,428,490,62,918,34,0.7007408999557332,-0.5704045964260714
102,1566302400,899,755,0,1654,34,-0.6186584518047363,0.584224889836958
102,1566316800,949,661,0,1610,34,-0.6186584518047363,0.5151981270712334
102,1566331200,1390,895,0,2285,34,-0.6186584518047363,1.574131419499963
102,1566345600,622,485,0,1107,34,-0.6186584518047363,-0.27390327454602725
102,1566360000,103,171,68,274,34,0.8284247081906174,-1.5807053969062221
102,1566374400,428,461,33,889,34,0.08360249348712649,-0.6158995082489354
102,1566388800,956,738,0,1694,34,-0.6186584518047363,0.6469764923512531
102,1566403200,869,728,0,1597,34,-0.6186584518047363,0.49480385625408746
102,1566417600,1271,1001,0,2272,34,-0.6186584518047363,1.5537371486828169
102,1566432000,734,422,0,1156,34,-0.6186584518047363,-0.19703256146601578
102,1566446400,91,174,83,265,34,1.1476342287778276,-1.5948245074719387
102,1566460800,385,473,88,858,34,1.2540374023068979,-0.6645320001975141
102,1566475200,882,764,0,1646,34,-0.6186584518047363,0.571674569334099
102,1566489600,956,653,0,1609,34,-0.6186584518047363,0.513629337008376
102,1566504000,1290,962,0,2252,34,-0.6186584518047363,1.5223613474256694
102,1566518400,618,470,0,1088,34,-0.6186584518047363,-0.3037102857403174
102,1566532800,96,155,59,251,34,0.6368989958382911,-1.616787568351942
102,1566547200,398,461,63,859,34,0.7220215346615473,-0.6629632101346568
102,1566561600,880,762,0,1642,34,-0.6186584518047363,0.5653994090826694
102,1566576000,924,737,0,1661,34,-0.6186584518047363,0.5952064202769596
102,1566590400,1243,910,0,2153,34,-0.6186584518047363,1.367051131202789
102,1566604800,592,419,0,1011,34,-0.6186584518047363,-0.4245071205803354
102,1566619200,162,253,91,415,34,1.31787930642434,-1.3595059980433322
102,1566633600,304,339,35,643,34,0.12616376289875453,-1.0018218637118501
102,1566648000,742,682,0,1424,34,-0.6186584518047363,0.22340317537976126
102,1566662400,1181,893,0,2074,34,-0.6186584518047363,1.2431167162370562
102,1566676800,1177,1006,0,2183,34,-0.6186584518047363,1.4141148330885103
102,1566691200,786,749,0,1535,34,-0.6186584518047363,0.3975388723569301
102,1566705600,170,306,136,476,34,2.275507868185971,-1.263809804209032
102,1566720000,248,167,0,415,34,-0.6186584518047363,-1.3595059980433322
102,1566734400,656,813,157,1469,34,2.7224011970080655,0.2939987282083432
102,1566748800,1062,712,0,1774,34,-0.6186584518047363,0.7724796973798432
102,1566763200,911,779,0,1690,34,-0.6186584518047363,0.6407013320998235
102,1566777600,459,645,186,1104,34,3.339539603476672,-0.27860964473459937
102,1566792000,107,173,66,280,34,0.7858634387789893,-1.571292656529078
102,1566806400,408,472,64,880,34,0.7433021693673613,-0.6300186188146518
102,1566820800,850,749,0,1599,34,-0.6186584518047363,0.4979414363798022
102,1566835200,843,641,0,1484,34,-0.6186584518047363,0.31753057915120386
102,1566849600,1367,1083,0,2450,34,-0.6186584518047363,1.83298177987143
102,1566864000,587,478,0,1065,35,-0.635492953266488,-0.11368307326590239
102,1566878400,85,130,45,215,35,1.070588980929055,-1.4447705496820116
102,1566892800,414,457,43,871,35,0.9947631171870309,-0.4174842149420496
102,1566907200,874,874,0,1748,35,-0.635492953266488,0.9558848636661006
102,1566921600,1053,688,0,1741,35,-0.635492953266488,0.9449229668014973
102,1566936000,1431,1021,0,2452,35,-0.635492953266488,2.0583384911919134
102,1566950400,611,550,0,1161,35,-0.635492953266488,0.03665151230579934
102,1566964800,110,162,52,272,35,1.3359795040261395,-1.3555093894988135
102,1566979200,441,459,18,900,35,0.04693982041172919,-0.37207064221726477
102,1566993600,876,791,0,1667,35,-0.635492953266488,0.8290400570899772
102,1567008000,958,731,0,1689,35,-0.635492953266488,0.8634917329501589
102,1567022400,1426,1010,0,2436,35,-0.635492953266488,2.033282726929963
102,1567036800,695,466,0,1161,35,-0.635492953266488,0.03665151230579934
102,1567051200,86,134,48,220,35,1.1843277765420912,-1.436940623350152
102,1567065600,405,494,89,899,35,2.738757983253586,-0.37363662748363663
102,1567080000,948,941,0,1889,35,-0.635492953266488,1.1766887862245374
102,1567094400,984,778,0,1762,35,-0.635492953266488,0.9778086573953071
102,1567108800,1428,1028,0,2456,35,-0.635492953266488,2.064602432257401
102,1567123200,597,500,0,1097,35,-0.635492953266488,-0.06357154474200181
102,1567137600,107,173,66,280,35,1.8667605502203086,-1.3429815073678384
102,1567152000,403,460,57,863,35,1.5255441633812,-0.4300120970730248
102,1567166400,898,817,0,1715,35,-0.635492953266488,0.9042073498758281
102,1567180800,1104,831,0,1935,35,-0.635492953266488,1.2487241084776446
102,1567195200,946,935,0,1881,35,-0.635492953266488,1.1641609040935623
102,1567209600,626,436,0,1062,35,-0.635492953266488,-0.11838102906501807
102,1567224000,123,186,63,309,35,1.7530217546072724,-1.2975679346430535
102,1567238400,226,232,6,458,35,-0.4080153620404156,-1.0642361299536416
102,1567252800,536,526,0,1062,35,-0.635492953266488,-0.11838102906501807
102,1567267200,834,665,0,1499,35,-0.635492953266488,0.5659545323394992
102,1567281600,832,665,0,1497,35,-0.635492953266488,0.5628225618067554
102,1567296000,505,360,0,865,35,-0.635492953266488,-0.426880126540281
102,1567310400,135,156,21,291,35,0.1606786160247654,-1.3257556694377477
102,1567324800,174,181,7,355,35,-0.37010243016940353,-1.2255326123899464
102,1567339200,456,516,60,972,35,1.6392829589942362,-0.25931970303848845
102,1567353600,798,657,0,1455,35,-0.635492953266488,0.4970511806191359
102,1567368000,637,583,0,1220,35,-0.635492953266488,0.12904464302174104
102,1567382400,416,303,0,719,35,-0.635492953266488,-0.6555139754305774
102,1567396800,98,120,22,218,35,0.19859154789577746,-1.4400725938828958
102,1567411200,156,178,22,334,35,0.19859154789577746,-1.2584183029837561
102,1567425600,373,458,85,831,35,2.587106255769538,-0.48012362559692534
102,1567440000,554,494,0,1048,35,-0.635492953266488,-0.14030482279422457
102,1567454400,633,576,0,1209,35,-0.635492953266488,0.11181880509165021
102,1567468800,370,308,0,678,36,-0.6169513407675952,-0.861069777119202
102,1567483200,70,104,34,174,36,-0.050387665773302004,-1.5800885164509284
102,1567497600,399,542,143,941,36,1.7659488217084025,-0.4858675381425273
102,1567512000,921,898,0,1819,36,-0.6169513407675952,0.7667087577567898
102,1567526400,978,670,0,1648,36,-0.6169513407675952,0.5227559711978111
102,1567540800,1453,1042,0,2495,36,-0.6169513407675952,1.7311069081302959
102,1567555200,593,427,0,1020,36,-0.6169513407675952,-0.3731642040012448
102,1567569600,104,160,56,264,36,0.3162123592230053,-1.4516923129988344
102,1567584000,384,553,169,937,36,2.1992033967040383,-0.49157403607373146
102,1567598400,880,889,9,1769,36,-0.4669786032691058,0.6953775336167376
102,1567612800,1023,747,0,1770,36,-0.6169513407675952,0.6968041580995387
102,1567627200,1501,1012,0,2513,36,-0.6169513407675952,1.7567861488207146
102,1567641600,698,477,0,1175,36,-0.6169513407675952,-0.1520374091670829
102,1567656000,82,149,67,231,36,0.499512371721159,-1.498770920931269
102,1567670400,412,701,289,1113,36,4.1988398966838965,-0.24048812710074766
102,1567684800,896,910,14,1806,36,-0.38366041576994503,0.7481626394803762
102,1567699200,1042,792,0,1834,36,-0.6169513407675952,0.7881081249988054
102,1567713600,1383,1099,0,2482,36,-0.6169513407675952,1.7125607898538824
102,1567728000,527,477,0,1004,36,-0.6169513407675952,-0.3959901957260615
102,1567742400,100,152,52,252,36,0.2495578092236767,-1.468811806792447
102,1567756800,482,622,140,1104,36,1.7159579092089061,-0.25332774744595704
102,1567771200,968,898,0,1866,36,-0.6169513407675952,0.8337601084484388
102,1567785600,1080,791,0,1871,36,-0.6169513407675952,0.8408932308624442
102,1567800000,1249,904,0,2153,36,-0.6169513407675952,1.2432013350123388
102,1567814400,524,422,0,946,36,-0.6169513407675952,-0.4787344157285221
102,1567828800,139,184,45,323,36,0.13291234672485164,-1.3675214685135728
102,1567843200,217,242,25,459,36,-0.20036040327179136,-1.1735005388526307
102,1567857600,549,639,90,1188,36,0.8827760342172984,-0.1334912908906693
102,1567872000,891,760,0,1651,36,-0.6169513407675952,0.5270358446462143
102,1567886400,933,820,0,1753,36,-0.6169513407675952,0.6725515418919209
102,1567900800,560,523,0,1083,36,-0.6169513407675952,-0.283286861584779
102,1567915200,162,215,53,377,36,0.26622144672350884,-1.2904837464423164
102,1567929600,156,226,70,382,36,0.5495032842206554,-1.2833506240283112
102,1567944000,470,585,115,1055,36,1.2993669717131022,-0.32323234710320825
102,1567958400,668,724,56,1392,36,0.3162123592230053,0.15754010360074377
102,1567972800,798,664,0,1462,36,-0.6169513407675952,0.2574038173968169
102,1567987200,512,347,0,859,36,-0.6169513407675952,-0.602850745732213
102,1568001600,84,117,33,201,36,-0.06705130327313416,-1.5415696554153002
102,1568016000,551,646,95,1197,36,0.9660942217164592,-0.1206516705454599
102,1568030400,1033,945,0,1978,36,-0.6169513407675952,0.9935420505221558
102,1568044800,1120,804,0,1924,36,-0.6169513407675952,0.9165043284508995
102,1568059200,1603,1074,0,2677,36,-0.6169513407675952,1.990752564000086
102,1568073600,437,372,0,809,37,-0.5293865132170662,-0.7327376930261579
102,1568088000,85,117,32,202,37,-0.03869997958690279,-1.5871291468319055
102,1568102400,528,571,43,1099,37,0.12997351634846588,-0.3245440824764597
102,1568116800,967,970,3,1937,37,-0.48338465068923836,0.8549946955947372
102,1568131200,1083,697,0,1780,37,-0.5293865132170662,0.6340071202281764
102,1568145600,1442,1093,0,2535,37,-0.5293865132170662,1.6967180718317012
102,1568160000,586,462,0,1048,37,-0.5293865132170662,-0.3963298553662342
102,1568174400,90,116,26,206,37,-0.13070370464255843,-1.5814988901346683
102,1568188800,459,716,257,1175,37,3.4114397100001836,-0.2175692052289526
102,1568203200,962,871,0,1833,37,-0.5293865132170662,0.7086080214665695
102,1568217600,1079,722,0,1801,37,-0.5293865132170662,0.6635659678886718
102,1568232000,1604,1096,0,2700,37,-0.5293865132170662,1.9289661605927364
102,1568246400,794,450,0,1244,37,-0.5293865132170662,-0.1204472772016106
102,1568260800,84,135,51,219,37,0.2526451497560067,-1.5632005558686475
102,1568275200,471,689,218,1160,37,2.813415497138422,-0.23868266784359216
102,1568289600,971,936,0,1907,37,-0.5293865132170662,0.8127677703654581
102,1568304000,1100,776,0,1876,37,-0.5293865132170662,0.7691332809618696
102,1568318400,1407,997,0,2404,37,-0.5293865132170662,1.5123271649971823
102,1568332800,555,492,0,1047,37,-0.5293865132170662,-0.39773741954054354
102,1568347200,111,120,9,231,37,-0.39138092563358273,-1.5463097857769357
102,1568361600,514,633,119,1147,37,1.2953540337201042,-0.2569810021096131
102,1568376000,933,835,0,1768,37,-0.5293865132170662,0.6171163501364648
102,1568390400,1196,760,0,1956,37,-0.5293865132170662,0.881738414906614
102,1568404800,1155,1080,0,2235,37,-0.5293865132170662,1.2744488195389099
102,1568419200,579,530,0,1109,37,-0.5293865132170662,-0.31046844073336666
102,1568433600,136,164,28,300,37,-0.10003579629067322,-1.4491878577495938
102,1568448000,214,277,63,491,37,0.43665259986731797,-1.1803431004565166
102,1568462400,643,752,109,1395,37,1.142014491960678,0.09209491311909433
102,1568476800,967,809,0,1776,37,-0.5293865132170662,0.6283768635309392
102,1568491200,862,748,0,1610,37,-0.5293865132170662,0.39472121059559473
102,1568505600,503,469,0,972,37,-0.5293865132170662,-0.5033047326137413
102,1568520000,159,191,32,350,37,-0.03869997958690279,-1.3788096490341286
102,1568534400,184,205,21,389,37,-0.20737347552227145,-1.3239146462360656
102,1568548800,496,736,240,1232,37,3.1507624890091592,-0.13733804729332225
102,1568563200,824,879,55,1703,37,0.31398096645977713,0.52562467880636
102,1568577600,990,759,0,1749,37,-0.5293865132170662,0.590372630824588
102,1568592000,494,398,0,892,37,-0.5293865132170662,-0.6159098665584857
102,1568606400,84,103,19,187,37,-0.2380413838741567,-1.6082426094465452
102,1568620800,525,650,125,1175,37,1.3873577587757597,-0.2175692052289526
102,1568635200,949,904,0,1853,37,-0.5293865132170662,0.7367593049527557
102,1568649600,954,726,0,1680,37,-0.5293865132170662,0.49325070279724603
102,1568664000,1541,1119,0,2660,37,-0.5293865132170662,1.8726635936203642
102,1568678400,545,371,0,916,38,-0.5772890555260752,-0.5951845124463302
102,1568692800,79,110,31,189,38,0.03082611461547007,-1.5621099661859548
102,1568707200,514,645,131,1159,38,1.9924879537817453,-0.2719893470285464
102,1568721600,936,926,0,1862,38,-0.5772890555260752,0.6630155965463589
102,1568736000,1019,682,0,1701,38,-0.5772890555260752,0.44888217419136633
102,1568750400,1640,1026,0,2666,38,-0.5772890555260752,1.732352687064458
102,1568764800,719,520,0,1239,38,-0.5772890555260752,-0.1655876464794818
102,1568779200,108,140,32,248,38,0.050442733007132826,-1.4836387120310197
102,1568793600,502,683,181,1185,38,2.9733188733648834,-0.2374087943501004
102,1568808000,976,1149,173,2125,38,2.816385926231581,1.0128111871014087
102,1568822400,1246,936,0,2182,38,-0.5772890555260752,1.0886223987426173
102,1568836800,1659,1184,0,2843,38,-0.5772890555260752,1.9677664495292635
102,1568851200,783,540,0,1323,38,-0.5772890555260752,-0.053865860902963955
102,1568865600,105,131,26,236,38,-0.0672569773428437,-1.4995989671133794
102,1568880000,480,601,121,1081,38,1.7963217698651177,-0.3757310050638844
102,1568894400,1047,1010,0,2057,38,-0.5772890555260752,0.9223697416347039
102,1568908800,1062,803,0,1865,38,-0.5772890555260752,0.6670056603169487
102,1568923200,1598,1027,0,2625,38,-0.5772890555260752,1.6778218155330624
102,1568937600,685,539,0,1224,38,-0.5772890555260752,-0.18553796533243141
102,1568952000,90,97,7,187,38,-0.439972726784436,-1.5647700086996814
102,1568966400,472,602,130,1074,38,1.9728713353900826,-0.38504115386192755
102,1568980800,949,848,0,1797,38,-0.5772890555260752,0.5765642148502439
102,1568995200,1149,856,0,2005,38,-0.5772890555260752,0.8532086362778118
102,1569009600,1450,1044,0,2494,38,-0.5772890555260752,1.5035890308839692
102,1569024000,696,516,0,1212,38,-0.5772890555260752,-0.2014982204147911
102,1569038400,140,172,32,312,38,0.050442733007132826,-1.398517351591768
102,1569052800,238,237,0,475,38,-0.5772890555260752,-1.1817238867230488
102,1569067200,603,698,95,1301,38,1.2862896916818862,-0.08312632855395673
102,1569081600,931,857,0,1788,38,-0.5772890555260752,0.5645940235384741
102,1569096000,957,855,0,1812,38,-0.5772890555260752,0.5965145337031934
102,1569110400,555,462,0,1017,38,-0.5772890555260752,-0.4608523655031361
102,1569124800,157,191,34,348,38,0.08967596979045833,-1.350636586344689
102,1569139200,176,187,11,363,38,-0.361506253217785,-1.3306862674917392
102,1569153600,495,617,122,1112,38,1.8159383882567806,-0.33450034610112184
102,1569168000,807,709,0,1516,38,-0.5772890555260752,0.20282824167165442
102,1569182400,861,624,0,1485,38,-0.5772890555260752,0.16159758270889188
102,1569196800,392,401,9,793,38,-0.4007394900011105,-0.758777127040517
102,1569211200,77,131,54,208,38,0.48200833762371337,-1.536839562305552
102,1569225600,531,578,47,1109,38,0.34469200888207413,-0.3384904098717118
102,1569240000,930,825,0,1755,38,-0.5772890555260752,0.5207033220619849
102,1569254400,1050,643,0,1693,38,-0.5772890555260752,0.43824200413645986
102,1569268800,1538,1147,0,2685,38,-0.5772890555260752,1.757623090944861
102,1569283200,641,394,0,1035,39,-0.6046038371517228,-0.36281732181607945
102,1569297600,70,106,36,176,39,0.14903260289230436,-1.5716946155435003
102,1569312000,470,619,149,1089,39,2.5146136508082786,-0.2868227073093499
102,1569326400,969,942,0,1911,39,-0.6046038371517228,0.8699842024042007
102,1569340800,1034,690,0,1724,39,-0.6046038371517228,0.6068176669827482
102,1569355200,1600,1155,0,2755,39,-0.6046038371517228,2.0577518809908635
102,1569369600,599,444,0,1043,39,-0.6046038371517228,-0.3515588604076751
102,1569384000,86,119,33,205,39,0.08622956622196874,-1.5308826929380344
102,1569398400,509,641,132,1150,39,2.1587297763430433,-0.20097693907026642
102,1569412800,993,896,0,1889,39,-0.6046038371517228,0.8390234335310887
102,1569427200,1059,734,0,1793,39,-0.6046038371517228,0.7039218966302361
102,1569441600,1498,1099,0,2597,39,-0.6046038371517228,1.8353972681748767
102,1569456000,570,554,0,1124,39,-0.6046038371517228,-0.2375669386475807
102,1569470400,96,139,43,235,39,0.2955730217897541,-1.488663462656518
102,1569484800,503,630,127,1133,39,2.054058048559151,-0.22490116956312575
102,1569499200,1054,928,0,1982,39,-0.6046038371517228,0.9699030474037896
102,1569513600,1039,710,0,1749,39,-0.6046038371517228,0.6420003588840119
102,1569528000,1517,1163,0,2680,39,-0.6046038371517228,1.9522038052870723
102,1569542400,556,437,0,993,39,-0.6046038371517228,-0.4219242442102025
102,1569556800,88,126,38,214,39,0.19090129400586142,-1.5182169238535794
102,1569571200,502,603,101,1105,39,1.509765064082909,-0.2643057844925411
102,1569585600,1019,824,0,1843,39,-0.6046038371517228,0.7742872804327634
102,1569600000,1179,762,0,1941,39,-0.6046038371517228,0.9122034326857171
102,1569614400,1397,1081,0,2478,39,-0.6046038371517228,1.6679276547248616
102,1569628800,661,484,0,1145,39,-0.6046038371517228,-0.20801347745051918
102,1569643200,140,205,65,345,39,0.7561286240388818,-1.3338596182909577
102,1569657600,230,284,54,514,39,0.525850822914318,-1.096024621038415
102,1569672000,567,652,85,1219,39,1.1748155351744525,-0.10387270942277861
102,1569686400,790,740,0,1530,39,-0.6046038371517228,0.3337999778289419
102,1569700800,878,733,0,1611,39,-0.6046038371517228,0.44779189958903626
102,1569715200,592,415,0,1007,39,-0.6046038371517228,-0.40222193674549483
102,1569729600,142,204,62,346,39,0.6933255873685462,-1.332452310614907
102,1569744000,193,165,0,358,39,-0.6046038371517228,-1.3155646185023007
102,1569758400,471,664,193,1135,39,3.435724855306534,-0.22208655421102466
102,1569772800,836,702,0,1538,39,-0.6046038371517228,0.34505843923734625
102,1569787200,736,735,0,1471,39,-0.6046038371517228,0.2507688249419595
102,1569801600,442,419,0,861,39,-0.6046038371517228,-0.6076888574488749
102,1569816000,72,106,34,178,39,0.10716391177874728,-1.5688800001913992
102,1569830400,382,432,50,814,39,0.4421134406872038,-0.6738323182232506
102,1569844800,851,719,0,1570,39,-0.6046038371517228,0.3900922848709638
102,1569859200,778,789,11,1567,39,-0.37432603602715897,0.38587036184281215
102,1569873600,1298,947,0,2245,39,-0.6046038371517228,1.3400249662050838
102,1569888000,522,372,0,894,40,-0.6072632625230512,-0.5851122696172446
102,1569902400,69,111,42,180,40,0.9318350062853715,-1.5683212095075243
102,1569916800,420,487,67,907,40,1.8479649281951471,-0.567210706285909
102,1569931200,839,793,0,1632,40,-0.6072632625230512,0.431145710269347
102,1569945600,842,731,0,1573,40,-0.6072632625230512,0.3499001536117468
102,1569960000,1333,975,0,2308,40,-0.6072632625230512,1.3620270034987996
102,1569974400,604,436,0,1040,40,-0.6072632625230512,-0.38406394297301377
102,1569988800,107,109,2,216,40,-0.5339728687702692,-1.5187476495130565
102,1570003200,527,603,76,1130,40,2.1777717000826664,-0.26013004298684406
102,1570017600,971,925,0,1896,40,-0.6072632625230512,0.7946851502287782
102,1570032000,1075,727,0,1802,40,-0.6072632625230512,0.6652430769098898
102,1570046400,1520,1072,0,2592,40,-0.6072632625230512,1.753107310121824
102,1570060800,729,393,0,1122,40,-0.6072632625230512,-0.2711463896522814
102,1570075200,89,127,38,216,40,0.7852542187798075,-1.5187476495130565
102,1570089600,478,565,87,1043,40,2.5808688657229673,-0.3799328129734748
102,1570104000,970,851,0,1821,40,-0.6072632625230512,0.6914069002403034
102,1570118400,976,859,0,1835,40,-0.6072632625230512,0.7106855069048187
102,1570132800,1401,983,0,2384,40,-0.6072632625230512,1.4666822968204538
102,1570147200,599,423,0,1022,40,-0.6072632625230512,-0.4088507229702477
102,1570161600,94,122,28,216,40,0.41880225001589727,-1.5187476495130565
102,1570176000,491,589,98,1080,40,2.9839660313632685,-0.32898220964582725
102,1570190400,999,858,0,1857,40,-0.6072632625230512,0.7409804602347713
102,1570204800,1283,880,0,2163,40,-0.6072632625230512,1.1623557201877484
102,1570219200,1527,1178,0,2705,40,-0.6072632625230512,1.9087132067711259
102,1570233600,700,512,0,1212,40,-0.6072632625230512,-0.14721248966611167
102,1570248000,133,186,53,319,40,1.3349321719256728,-1.3769121861955511
102,1570262400,274,260,0,534,40,-0.6072632625230512,-1.0808478695619235
102,1570276800,699,717,18,1416,40,0.05235028125198711,0.13370435030253966
102,1570291200,1000,789,0,1789,40,-0.6072632625230512,0.6473415135785542
102,1570305600,1008,858,0,1866,40,-0.6072632625230512,0.7533738502333882
102,1570320000,644,514,0,1158,40,-0.6072632625230512,-0.2215728296578135
102,1570334400,163,198,35,361,40,0.6753186281506344,-1.3190763662020053
102,1570348800,174,196,22,370,40,0.19893106875755118,-1.3066829762033882
102,1570363200,644,533,0,1177,40,-0.6072632625230512,-0.19540900632739988
102,1570377600,849,732,0,1581,40,-0.6072632625230512,0.36091650027718414
102,1570392000,936,708,0,1644,40,-0.6072632625230512,0.44767023026750297
102,1570406400,341,378,37,719,40,0.7486090219034164,-0.8260948529236858
102,1570420800,72,98,26,170,40,0.34551185626311526,-1.582091642839321
102,1570435200,489,556,67,1045,40,1.8479649281951471,-0.37717872630711546
102,1570449600,944,876,0,1820,40,-0.6072632625230512,0.6900298569071237
102,1570464000,1043,752,0,1795,40,-0.6072632625230512,0.6556037735776321
102,1570478400,1716,1068,0,2784,40,-0.6072632625230512,2.017499630092319
102,1570492800,600,442,0,1042,41,-0.5122546949052822,-0.29303839137667914
102,1570507200,99,111,12,210,41,-0.0453896565105946,-1.5365033031273374
102,1570521600,479,601,122,1080,41,4.234206528774042,-0.23624552281114428
102,1570536000,979,769,0,1748,41,-0.5122546949052822,0.7621133246040477
102,1570550400,1001,802,0,1803,41,-0.5122546949052822,0.8443135291067956
102,1570564800,1456,1039,0,2495,41,-0.5122546949052822,1.8785415566686412
102,1570579200,656,510,0,1166,41,-0.5122546949052822,-0.1077142939523022
102,1570593600,149,141,0,290,41,-0.5122546949052822,-1.4169393693051588
102,1570608000,396,429,33,825,41,0.7716241606801088,-0.6173555618693388
102,1570622400,895,704,0,1599,41,-0.5122546949052822,0.53942549786024
102,1570636800,814,729,0,1543,41,-0.5122546949052822,0.4557307441847149
102,1570651200,1324,998,0,2322,41,-0.5122546949052822,1.6199845497781797
102,1570665600,634,462,0,1096,41,-0.5122546949052822,-0.21233273604670855
102,1570680000,111,131,20,242,41,0.26585370241919715,-1.488677729598466
102,1570694400,519,571,52,1090,41,1.5108271381383642,-0.22130003108337193
102,1570708800,1053,884,0,1937,41,-0.5122546949052822,1.044583118258945
102,1570723200,1066,783,0,1849,41,-0.5122546949052822,0.9130627910545484
102,1570737600,1627,1089,0,2716,41,-0.5122546949052822,2.20883692385241
102,1570752000,629,527,0,1156,41,-0.5122546949052822,-0.12265978568007453
102,1570766400,113,159,46,272,41,1.2773946189410204,-1.4438412544151489
102,1570780800,488,548,60,1036,41,1.8220704970681558,-0.3020056864133426
102,1570795200,1031,927,0,1958,41,-0.5122546949052822,1.0759686508872668
102,1570809600,1119,734,0,1853,41,-0.5122546949052822,0.9190409877456572
102,1570824000,1323,1136,0,2459,41,-0.5122546949052822,1.8247377864486607
102,1570838400,627,457,0,1084,41,-0.5122546949052822,-0.23026732612003534
102,1570852800,129,179,50,308,41,1.4330162984059163,-1.3900374841951686
102,1570867200,215,234,19,449,41,0.22694828255297317,-1.1793060508335786
102,1570881600,601,596,0,1197,41,-0.5122546949052822,-0.06138326959620795
102,1570896000,743,765,22,1508,41,0.34366454215164505,0.4034215231375117
102,1570910400,826,703,0,1529,41,-0.5122546949052822,0.43480705576583356
102,1570924800,506,400,0,906,41,-0.5122546949052822,-0.4962970788743829
102,1570939200,112,185,73,297,41,2.3278409553290675,-1.4064775250957182
102,1570953600,181,188,7,369,41,-0.23991675584171443,-1.2988699846557574
102,1570968000,543,507,0,1050,41,-0.5122546949052822,-0.28108199799446126
102,1570982400,850,657,0,1507,41,-0.5122546949052822,0.4019269739647344
102,1570996800,788,599,0,1387,41,-0.5122546949052822,0.22258107323146642
102,1571011200,443,364,0,807,41,-0.5122546949052822,-0.6442574469793291
102,1571025600,111,103,0,214,41,-0.5122546949052822,-1.5305251064362284
102,1571040000,358,395,37,753,41,0.9272458401450047,-0.7249631023092996
102,1571054400,708,680,0,1388,41,-0.5122546949052822,0.22407562240424364
102,1571068800,833,702,0,1535,41,-0.5122546949052822,0.443774350802497
102,1571083200,1063,861,0,1924,41,-0.5122546949052822,1.0251539790128408
102,1571097600,477,336,0,813,42,-0.5718021009251247,-0.6876302863491491
102,1571112000,72,106,34,178,42,0.25297911131838846,-1.5532537989013917
102,1571126400,485,558,73,1043,42,1.199051678303595,-0.37409736054282505
102,1571140800,963,978,15,1941,42,-0.2079280367000454,0.8500442367357793
102,1571155200,1038,722,0,1760,42,-0.5718021009251247,0.6033074559925418
102,1571169600,1455,1067,0,2522,42,-0.5718021009251247,1.6420556710552328
102,1571184000,682,462,0,1144,42,-0.5718021009251247,-0.23641551051483056
102,1571198400,89,142,53,231,42,0.7138862593368224,-1.481004907302543
102,1571212800,525,480,0,1005,42,-0.5718021009251247,-0.42589845263256554
102,1571227200,1003,969,0,1972,42,-0.5718021009251247,0.8923030223879361
102,1571241600,1091,725,0,1816,42,-0.5718021009251247,0.679645907493212
102,1571256000,1363,976,0,2339,42,-0.5718021009251247,1.392592517044114
102,1571270400,583,331,0,914,42,-0.5718021009251247,-0.5499484363211546
102,1571284800,70,116,46,186,42,0.544078362698452,-1.5423483058298673
102,1571299200,500,594,94,1094,42,1.708475368218706,-0.30457484221185754
102,1571313600,1027,982,0,2009,42,-0.5718021009251247,0.9427409278437361
102,1571328000,1155,786,0,1941,42,-0.5718021009251247,0.8500442367357793
102,1571342400,1678,1242,0,2920,42,-0.5718021009251247,2.1846039513635676
102,1571356800,666,454,0,1120,42,-0.5718021009251247,-0.2691319897294035
102,1571371200,99,198,99,297,42,1.829766722960399,-1.3910345894624674
102,1571385600,425,607,182,1032,42,3.843203211672505,-0.38909241351617097
102,1571400000,1018,806,0,1824,42,-0.5718021009251247,0.6905514005647363
102,1571414400,1114,789,0,1903,42,-0.5718021009251247,0.7982431446460388
102,1571428800,1431,1068,0,2499,42,-0.5718021009251247,1.6107023784746004
102,1571443200,687,537,0,1224,42,-0.5718021009251247,-0.1273605797995874
102,1571457600,118,149,31,267,42,0.1802042984733726,-1.4319301884806837
102,1571472000,236,269,33,505,42,0.22872084037004986,-1.1074917696028352
102,1571486400,666,653,0,1319,42,-0.5718021009251247,0.0021421504247638376
102,1571500800,898,828,0,1726,42,-0.5718021009251247,0.5569591104385634
102,1571515200,972,790,0,1762,42,-0.5718021009251247,0.6060338292604228
102,1571529600,630,424,0,1054,42,-0.5718021009251247,-0.3591023075694791
102,1571544000,136,185,49,321,42,0.6168531755434679,-1.3583181102478945
102,1571558400,188,218,30,406,42,0.15594602752503398,-1.2424472463629486
102,1571572800,536,666,130,1202,42,2.5817731223588964,-0.15735068574627928
102,1571587200,877,733,0,1610,42,-0.5718021009251247,0.3988294609014608
102,1571601600,687,547,0,1234,42,-0.5718021009251247,-0.11372871346018201
102,1571616000,441,332,0,773,42,-0.5718021009251247,-0.7421577517067707
102,1571630400,87,118,31,205,42,0.1802042984733726,-1.516447759784997
102,1571644800,489,579,90,1068,42,1.6114422844253515,-0.34001769469431153
102,1571659200,981,821,0,1802,42,-0.5718021009251247,0.6605612946180444
102,1571673600,1039,698,0,1737,42,-0.5718021009251247,0.5719541634119093
102,1571688000,1523,1091,0,2614,42,-0.5718021009251247,1.7674688413777624
102,1571702400,623,424,0,1047,43,-0.6502306319498976,-0.36289291834218346
102,1571716800,88,107,19,195,43,-0.16978244278691773,-1.4842884442451791
102,1571731200,454,635,181,1089,43,3.926670538497437,-0.3076128572061203
102,1571745600,1006,806,0,1812,43,-0.6502306319498976,0.6439939094932527
102,1571760000,1013,690,0,1703,43,-0.6502306319498976,0.5005289889258507
102,1571774400,1515,998,0,2513,43,-0.6502306319498976,1.5666444536927833
102,1571788800,608,414,0,1022,43,-0.6502306319498976,-0.39579771663745916
102,1571803200,71,107,36,178,43,0.260092252779959,-1.5066637070859665
102,1571817600,519,578,59,1097,43,0.8416874291351452,-0.29708332175163205
102,1571832000,1006,919,0,1925,43,-0.6502306319498976,0.7927235977878989
102,1571846400,1154,828,0,1982,43,-0.6502306319498976,0.8677465379011275
102,1571860800,1604,1207,0,2811,43,-0.6502306319498976,1.9588696493724695
102,1571875200,711,451,0,1162,43,-0.6502306319498976,-0.21153084618391527
102,1571889600,90,130,40,220,43,0.3612392399721653,-1.4513836459499034
102,1571904000,474,593,119,1067,43,2.3588922370182392,-0.3365690797059629
102,1571918400,1079,900,0,1979,43,-0.6502306319498976,0.8637979621056945
102,1571932800,1126,782,0,1908,43,-0.6502306319498976,0.7703483349471114
102,1571947200,1623,1072,0,2695,43,-0.6502306319498976,1.8061913852823903
102,1571961600,610,492,0,1102,43,-0.6502306319498976,-0.29050236209257696
102,1571976000,89,124,35,213,43,0.23480550598190744,-1.4605969894725805
102,1571990400,491,555,64,1046,43,0.968121163125403,-0.3642091102739945
102,1572004800,952,836,0,1788,43,-0.6502306319498976,0.6124053031297881
102,1572019200,1053,775,0,1828,43,-0.6502306319498976,0.6650529804022293
102,1572033600,1465,1241,0,2706,43,-0.6502306319498976,1.8206694965323116
102,1572048000,676,494,0,1170,43,-0.6502306319498976,-0.20100131072942704
102,1572062400,125,213,88,338,43,1.5750030862786408,-1.2960729979962022
102,1572076800,228,282,54,510,43,0.7152536951448873,-1.0696879857247055
102,1572091200,611,647,36,1258,43,0.260092252779959,-0.0851764207300566
102,1572105600,919,806,0,1725,43,-0.6502306319498976,0.5294852114256934
102,1572120000,1104,839,0,1943,43,-0.6502306319498976,0.8164150525604974
102,1572134400,614,441,0,1055,43,-0.6502306319498976,-0.35236338288769525
102,1572148800,153,210,57,363,43,0.791113935539042,-1.2631681997009265
102,1572163200,149,185,36,334,43,0.260092252779959,-1.3013377657234462
102,1572177600,410,502,92,912,43,1.6761500734708468,-0.5405788291366722
102,1572192000,633,542,0,1175,43,-0.6502306319498976,-0.1944203510703719
102,1572206400,748,530,0,1278,43,-0.6502306319498976,-0.058852582093836044
102,1572220800,348,328,0,676,43,-0.6502306319498976,-0.8512001250440747
102,1572235200,68,106,38,174,43,0.31066574637606215,-1.5119284748132107
102,1572249600,499,570,71,1069,43,1.145128390711764,-0.33393669584234087
102,1572264000,909,964,55,1873,43,0.7405404419429389,0.7242816173337255
102,1572278400,1068,757,0,1825,43,-0.6502306319498976,0.6611044046067962
102,1572292800,1553,1235,0,2788,43,-0.6502306319498976,1.928597234940816
102,1572307200,668,446,0,1114,44,-0.4729170173854758,-0.3279230075739028
102,1572321600,385,413,28,798,44,0.357100604964543,-0.7425333943715385
102,1572336000,522,584,62,1106,44,1.364979146389566,-0.33841947306245057
102,1572350400,977,992,15,1969,44,-0.028264719697965752,0.7938867415146369
102,1572364800,1113,754,0,1867,44,-0.4729170173854758,0.6600568065356532
102,1572379200,1624,1132,0,2756,44,-0.4729170173854758,1.826476533950521
102,1572393600,638,449,0,1087,44,-0.4729170173854758,-0.36334857859775144
102,1572408000,90,101,11,191,44,-0.14683866574796844,-1.5389527133150984
102,1572422400,460,598,138,1058,44,3.6178841213396167,-0.401398265993737
102,1572436800,1007,1004,0,2011,44,-0.4729170173854758,0.8489931853295125
102,1572451200,1187,890,0,2077,44,-0.4729170173854758,0.9355890256100314
102,1572465600,1868,1204,0,3072,44,-0.4729170173854758,2.2410869207481565
102,1572480000,752,445,0,1197,44,-0.4729170173854758,-0.21902217813022
102,1572494400,105,127,22,232,44,0.17923968588953895,-1.4851583276862912
102,1572508800,530,509,0,1039,44,-0.4729170173854758,-0.4263273715290379
102,1572523200,928,916,0,1844,44,-0.4729170173854758,0.6298794682560784
102,1572537600,1132,782,0,1914,44,-0.4729170173854758,0.7217235412808712
102,1572552000,1438,1004,0,2442,44,-0.4729170173854758,1.414490263525022
102,1572566400,523,456,0,979,44,-0.4729170173854758,-0.5050508626931459
102,1572580800,102,171,69,273,44,1.5724835519770706,-1.431363942057484
102,1572595200,495,497,2,992,44,-0.41363004436047446,-0.4879941062742559
102,1572609600,999,905,0,1904,44,-0.4729170173854758,0.7086029594201865
102,1572624000,1227,852,0,2079,44,-0.4729170173854758,0.9382131419821683
102,1572638400,1567,1088,0,2655,44,-0.4729170173854758,1.6939586571576055
102,1572652800,654,536,0,1190,44,-0.4729170173854758,-0.22820658543269928
102,1572667200,159,172,13,331,44,-0.08755169272296709,-1.3552645672655128
102,1572681600,213,249,36,462,44,0.5942484970645483,-1.1833849448905436
102,1572696000,599,718,119,1317,44,3.054657877602104,-0.061575195802003914
102,1572710400,930,767,0,1697,44,-0.4729170173854758,0.4370069149040137
102,1572724800,1004,819,0,1823,44,-0.4729170173854758,0.6023262463486406
102,1572739200,570,443,0,1013,44,-0.4729170173854758,-0.460440884366818
102,1572750000,136,178,42,314,44,0.7721094161395523,-1.3775695564286767
102,1572764400,142,125,0,267,44,-0.4729170173854758,-1.4392362911738947
102,1572778800,452,566,114,1018,44,2.9064404450396006,-0.4538805934364757
102,1572793200,781,766,0,1547,44,-0.4729170173854758,0.24019818699374362
102,1572807600,918,655,0,1573,44,-0.4729170173854758,0.27431169983152376
102,1572822000,479,420,0,899,44,-0.4729170173854758,-0.6100155175786234
102,1572836400,126,141,15,267,44,-0.028264719697965752,-1.4392362911738947
102,1572850800,259,257,0,516,44,-0.4729170173854758,-1.1125338028428464
102,1572865200,1148,1016,0,2164,44,-0.4729170173854758,1.049738087797988
102,1572879600,906,767,0,1673,44,-0.4729170173854758,0.40551751843837053
102,1572894000,1644,1051,0,2695,44,-0.4729170173854758,1.7464409846003444
102,1572908400,708,519,0,1227,44,-0.4729170173854758,-0.179660432548166
102,1572922800,140,149,9,289,45,-0.20043080874180558,-1.1745172050764259
102,1572937200,220,254,34,474,45,0.8362802709571886,-0.9400061249416751
102,1572951600,1028,946,0,1974,45,-0.5736467974334435,0.9614350653400886
102,1572966000,940,676,0,1616,45,-0.5736467974334435,0.507624434592841
102,1572980400,1572,1017,0,2589,45,-0.5736467974334435,1.7410259533556118
102,1572994800,767,546,0,1313,45,-0.5736467974334435,0.12353331415592476
102,1573009200,147,152,5,299,45,-0.36630458149364464,-1.1618409304745476
102,1573023600,236,294,58,530,45,1.831522907468223,-0.8690189871711559
102,1573038000,1192,1131,0,2323,45,-0.5736467974334435,1.4038370489456458
102,1573052400,900,671,0,1571,45,-0.5736467974334435,0.45058119888438813
102,1573066800,1665,1153,0,2818,45,-0.5736467974334435,2.031312641738628
102,1573081200,601,478,0,1079,45,-0.5736467974334435,-0.17309151152803037
102,1573095600,16,5,0,21,45,-0.5736467974334435,-1.5142413644067678
102,1573110000,205,255,50,460,45,1.4997753619645449,-0.9577529093843049
102,1573124400,1203,1075,0,2278,45,-0.5736467974334435,1.3467938132371928
102,1573138800,931,706,0,1637,45,-0.5736467974334435,0.5342446112567857
102,1573153200,1601,1206,0,2807,45,-0.5736467974334435,2.0173687396765616
102,1573167600,765,414,0,1179,45,-0.5736467974334435,-0.04632876550924613
102,1573182000,2,3,1,5,45,-0.5321783542454838,-1.5345234037697733
102,1573196400,202,246,44,448,45,1.2509647028367863,-0.972964438906559
102,1573210800,1085,896,0,1981,45,-0.5736467974334435,0.9703084575614035
102,1573225200,950,708,0,1658,45,-0.5736467974334435,0.5608647879207305
102,1573239600,1268,1038,0,2306,45,-0.5736467974334435,1.3822873821224524
102,1573254000,611,511,0,1122,45,-0.5736467974334435,-0.11858353073995316
102,1573268400,148,181,33,329,45,0.7948118277692289,-1.1238121066689122
102,1573282800,113,158,45,271,45,1.292433146024746,-1.1973344993598072
102,1573297200,535,589,54,1124,45,1.665649134716384,-0.11604827581957747
102,1573311600,821,662,0,1483,45,-0.5736467974334435,0.339029982387858
102,1573326000,973,803,0,1776,45,-0.5736467974334435,0.7104448282228958
102,1573340400,592,473,0,1065,45,-0.5736467974334435,-0.19083829597066018
102,1573354800,179,243,64,422,45,2.0803335665959817,-1.005922752871443
102,1573369200,112,116,4,228,45,-0.4077730246816044,-1.2518424801478842
102,1573383600,406,502,96,908,45,3.4073237486106946,-0.38985580722015145
102,1573398000,756,602,0,1358,45,-0.5736467974334435,0.18057654986437768
102,1573412400,874,716,0,1590,45,-0.5736467974334435,0.4746661206279571
102,1573426800,457,395,0,852,45,-0.5736467974334435,-0.46084294499067063
102,1573441200,107,133,26,240,45,0.5045327254535105,-1.2366309506256303
102,1573455600,174,232,58,406,45,1.831522907468223,-1.0262047922344484
102,1573470000,945,662,0,1607,45,-0.5736467974334435,0.49621578745115047
102,1573484400,787,683,0,1470,45,-0.5736467974334435,0.322550825405416
102,1573498800,1227,982,0,2209,45,-0.5736467974334435,1.2593275184842316
102,1573513200,542,396,0,938,45,-0.5736467974334435,-0.3518269834145162
102,1573527600,2,32,30,34,46,0.4081003610609187,-1.424847460380731
102,1573542000,106,249,143,355,46,3.8483211667360875,-1.0348088122141352
102,1573556400,1106,1046,0,2152,46,-0.5052325961979757,1.1486785733166216
102,1573570800,893,683,0,1576,46,-0.5052325961979757,0.4487961392232906
102,1573585200,1615,1102,0,2717,46,-0.5052325961979757,1.8351951970366427
102,1573599600,637,431,0,1068,46,-0.5052325961979757,-0.1684612852895778
102,1573614000,1,29,28,30,46,0.3472114972436591,-1.4297077550619348
102,1573628400,190,204,14,394,46,-0.07901054947715831,-0.9874209390723993
102,1573642800,1107,941,0,2048,46,-0.5052325961979757,1.0223109116053257
102,1573657200,953,643,0,1596,46,-0.5052325961979757,0.47309761262930905
102,1573671600,1579,1014,0,2593,46,-0.5052325961979757,1.6845260619193283
102,1573686000,589,487,0,1076,46,-0.5052325961979757,-0.1587406959271704
102,1573700400,1,33,32,34,46,0.4689892248781783,-1.424847460380731
102,1573714800,207,222,15,429,46,-0.0485661175685285,-0.9448933606118669
102,1573729200,1123,996,0,2119,46,-0.5052325961979757,1.1085811421966913
102,1573743600,959,773,0,1732,46,-0.5052325961979757,0.6383476317902345
102,1573758000,1450,1121,0,2571,46,-0.5052325961979757,1.657794441172708
102,1573772400,634,499,0,1133,46,-0.5052325961979757,-0.08948149672001786
102,1573786800,2,3,1,5,46,-0.4747881642893459,-1.4600845968194578
102,1573801200,170,182,12,352,46,-0.13989941329441793,-1.038454033225038
102,1573815600,1086,902,0,1988,46,-0.5052325961979757,0.9494064913872705
102,1573830000,1029,655,0,1684,46,-0.5052325961979757,0.5800240956157902
102,1573844400,1449,1147,0,2596,46,-0.5052325961979757,1.688171282930231
102,1573858800,707,561,0,1268,46,-0.5052325961979757,0.07455344877060661
102,1573873200,133,228,95,361,46,2.3869884351218564,-1.0275183701923296
102,1573887600,113,139,26,252,46,0.2863226334263994,-1.1599614002551302
102,1573902000,482,598,116,1080,46,3.0263215052030823,-0.15388040124596672
102,1573916400,847,755,0,1602,46,-0.5052325961979757,0.48038805465111456
102,1573930800,1029,846,0,1875,46,-0.5052325961979757,0.8121031666432663
102,1573945200,586,455,0,1041,46,-0.5052325961979757,-0.20126827438770267
102,1573959600,171,237,66,408,46,1.504099909771592,-0.9704099076881864
102,1573974000,70,110,40,180,46,0.7125446801472168,-1.2474467045167965
102,1573988400,431,426,0,857,46,-0.5052325961979757,-0.42484182972307233
102,1574002800,738,676,0,1414,46,-0.5052325961979757,0.2519542046345412
102,1574017200,859,666,0,1525,46,-0.5052325961979757,0.3868273820379436
102,1574031600,463,320,0,783,46,-0.5052325961979757,-0.5147572813253406
102,1574046000,101,119,18,220,46,0.04276717815736094,-1.1988437577047597
102,1574060400,199,260,61,459,46,1.351877750228443,-0.9084411505028392
102,1574074800,1071,925,0,1996,46,-0.5052325961979757,0.9591270807496778
102,1574089200,938,686,0,1624,46,-0.5052325961979757,0.5071196753977348
102,1574103600,1439,991,0,2430,46,-0.5052325961979757,1.486469053660278
102,1574118000,593,429,0,1022,46,-0.5052325961979757,-0.2243546741234202
102,1574132400,1,30,29,31,47,0.7975374587183228,-1.4438604728503521
102,1574146800,202,230,28,432,47,0.7539221289446645,-0.9815506233494846
102,1574161200,1045,1055,10,2100,47,-0.031153806981184452,0.9414738877912812
102,1574175600,907,719,0,1626,47,-0.46730710471776726,0.3950028936181858
102,1574190000,1524,1102,0,2626,47,-0.46730710471776726,1.547895286388429
102,1574204400,720,440,0,1160,47,-0.46730710471776726,-0.14224496141274753
102,1574218800,1,7,6,8,47,-0.20561512607581758,-1.4703769978840677
102,1574233200,183,222,39,405,47,1.2336907564549056,-1.012678717954281
102,1574247600,1180,1054,0,2234,47,-0.46730710471776726,1.0959614684224936
102,1574262000,942,648,0,1590,47,-0.46730710471776726,0.35349876747845704
102,1574276400,1525,1195,0,2720,47,-0.46730710471776726,1.656267171308832
102,1574290800,622,459,0,1081,47,-0.46730710471776726,-0.23332346044159674
102,1574305200,1,2,1,3,47,-0.423691774944109,-1.476141459847919
102,1574319600,205,213,8,418,47,-0.11838446652850101,-0.9976911168482681
102,1574334000,1099,1054,0,2153,47,-0.46730710471776726,1.002577184608104
102,1574348400,985,670,0,1655,47,-0.46730710471776726,0.4284367730085229
102,1574362800,1641,1141,0,2782,47,-0.46730710471776726,1.7277464996605871
102,1574377200,660,467,0,1127,47,-0.46730710471776726,-0.18029041037416557
102,1574391600,0,5,5,5,47,-0.24923045584947587,-1.4738356750623784
102,1574406000,206,200,0,406,47,-0.46730710471776726,-1.011525825561511
102,1574420400,1088,900,0,1988,47,-0.46730710471776726,0.8123499398010139
102,1574434800,1054,750,0,1804,47,-0.46730710471776726,0.6002177395312891
102,1574449200,1526,1470,0,2996,47,-0.46730710471776726,1.9744654717134191
102,1574463600,952,569,0,1521,47,-0.46730710471776726,0.2739491923773103
102,1574478000,190,193,3,383,47,-0.3364611153967924,-1.0380423505952265
102,1574492400,136,161,25,297,47,0.6230761396236898,-1.1371910963734675
102,1574506800,557,603,46,1160,47,1.5389980648705135,-0.14224496141274753
102,1574521200,945,726,0,1671,47,-0.46730710471776726,0.4468830512928468
102,1574535600,1193,914,0,2107,47,-0.46730710471776726,0.9495441345406729
102,1574550000,748,585,0,1333,47,-0.46730710471776726,0.05720542253650455
102,1574564400,199,219,20,418,47,0.4049994907553984,-0.9976911168482681
102,1574578800,93,118,25,211,47,0.6230761396236898,-1.2363398421517084
102,1574593200,384,504,120,888,47,4.766532468121227,-0.4558316922462537
102,1574607600,897,636,0,1533,47,-0.46730710471776726,0.2877839010905532
102,1574622000,958,625,0,1583,47,-0.46730710471776726,0.3454285207290654
102,1574636400,499,402,0,901,47,-0.46730710471776726,-0.44084409114024053
102,1574650800,113,126,13,239,47,0.0996921823397904,-1.2040588551541416
102,1574665200,229,301,72,530,47,2.672996638985629,-0.8685671688580008
102,1574679600,1103,951,0,2054,47,-0.46730710471776726,0.88844083772385
102,1574694000,935,724,0,1659,47,-0.46730710471776726,0.43304834257960384
102,1574708400,1674,1062,0,2736,47,-0.46730710471776726,1.674713449593156
102,1574722800,802,526,0,1328,47,-0.46730710471776726,0.051440960572653335
102,1574737200,151,150,0,301,48,-0.5811139431277184,-1.0951686786065704
102,1574751600,243,284,41,527,48,1.3318961908182743,-0.7706162321734386
102,1574766000,1139,1155,16,2294,48,0.16542659694876652,1.766924355646667
102,1574780400,966,709,0,1675,48,-0.5811139431277184,0.8779953098851246
102,1574794800,1622,1102,0,2724,48,-0.5811139431277184,2.384435647532714
102,1574809200,785,512,0,1297,48,-0.5811139431277184,0.3351598021341343
102,1574823600,140,148,8,288,48,-0.20784367308947593,-1.1138376246403345
102,1574838000,224,265,41,489,48,1.3318961908182743,-0.8251869975029031
102,1574847664,469,177,0,646,48,-0.5811139431277184,-0.5997235723259046
102,1574852400,914,919,5,1833,48,-0.34782002435381687,1.1048948078339513
102,1574863375,223,165,0,388,48,-0.5811139431277184,-0.9702303474575329
102,1574866800,1063,775,0,1838,48,-0.5811139431277184,1.1120751716930914
102,1574881200,1560,1091,0,2651,48,-0.5811139431277184,2.279602335189269
102,1574895600,722,491,0,1213,48,-0.5811139431277184,0.21452968930058092
102,1574910000,145,160,15,305,48,0.11876781319398622,-1.0894243875192582
102,1574924400,90,112,22,202,48,0.44537929947744836,-1.237339883017544
102,1574938800,371,437,66,808,48,2.498365784687782,-0.36707978328976587
102,1574953200,623,523,0,1146,48,-0.5811139431277184,0.11831281358810379
102,1574967600,562,510,0,1072,48,-0.5811139431277184,0.012043428472830561
102,1574982000,316,301,0,617,48,-0.5811139431277184,-0.641369682708917
102,1574996400,124,167,43,291,48,1.4252137583278348,-1.1095294063248504
102,1575010800,122,151,29,273,48,0.7719907857609106,-1.1353787162177549
102,1575025200,511,586,75,1097,48,2.9182948384808047,0.04794524776853098
102,1575039600,838,728,0,1566,48,-0.5811139431277184,0.7214633777558708
102,1575054000,1100,817,0,1917,48,-0.5811139431277184,1.2255249206675047
102,1575068400,522,470,0,992,48,-0.5811139431277184,-0.10284239327341077
102,1575082800,163,167,4,330,48,-0.39447880810859715,-1.0535225682235578
102,1575097200,123,108,0,231,48,-0.5811139431277184,-1.1956937726345316
102,1575111600,485,505,20,990,48,0.35206173196788776,-0.10571453881706681
102,1575126000,860,682,0,1542,48,-0.5811139431277184,0.6869976312319984
102,1575140400,782,792,10,1574,48,-0.11452610557991531,0.7329519599304949
102,1575154800,690,504,0,1194,48,-0.5811139431277184,0.1872443066358486
102,1575169200,199,216,17,415,48,0.21208538070354682,-0.9314563826181764
102,1575183600,83,141,58,224,48,2.1250955146495394,-1.2057462820373277
102,1575198000,382,458,76,840,48,2.964953622235585,-0.3211254545912693
102,1575212400,787,598,0,1385,48,-0.5811139431277184,0.4615342060549998
102,1575226800,771,590,0,1361,48,-0.5811139431277184,0.4270684595311274
102,1575241200,385,344,0,729,48,-0.5811139431277184,-0.48052953226417916
102,1575255600,116,118,2,234,48,-0.48779637561815775,-1.1913855543190475
102,1575270000,222,215,0,437,48,-0.5811139431277184,-0.8998627816379601
102,1575284400,1013,925,0,1938,48,-0.5811139431277184,1.255682448875893
102,1575298800,794,602,0,1396,48,-0.5811139431277184,0.47733100654510796
102,1575313200,1331,939,0,2270,48,-0.5811139431277184,1.7324586091227945
102,1575327600,756,503,0,1259,48,-0.5811139431277184,0.2805890368046697
102,1575342000,147,142,0,289,49,-0.5932896519971145,-1.276476044071075
102,1575356400,234,259,25,493,49,0.2853480554739296,-1.0118087463046743
102,1575370800,1077,955,0,2032,49,-0.5932896519971145,0.9848724853742006
102,1575385200,829,676,0,1505,49,-0.5932896519971145,0.3011486328109991
102,1575399600,1466,1189,0,2655,49,-0.5932896519971145,1.7931456545333553
102,1575414000,730,554,0,1284,49,-0.5932896519971145,0.014425726897398463
102,1575428400,130,184,54,314,49,1.3045677961403408,-1.2440413262075454
102,1575442800,227,254,27,481,49,0.3556390720716131,-1.0273774108791685
102,1575457200,1104,1036,0,2140,49,-0.5932896519971145,1.124990466544648
102,1575471600,791,755,0,1546,49,-0.5932896519971145,0.3543415701071874
102,1575486000,1475,1156,0,2631,49,-0.5932896519971145,1.762008325384367
102,1575500400,865,522,0,1387,49,-0.5932896519971145,0.14805676449513994
102,1575514800,135,241,106,376,49,3.1321342276801123,-1.1636032259059923
102,1575529200,229,252,23,481,49,0.21505703887624608,-1.0273774108791685
102,1575543600,1029,1008,0,2037,49,-0.5932896519971145,0.9913594289469064
102,1575558000,954,774,0,1728,49,-0.5932896519971145,0.5904663161536821
102,1575572400,1542,1091,0,2633,49,-0.5932896519971145,1.7646031028134492
102,1575586800,766,608,0,1374,49,-0.5932896519971145,0.1311907112061046
102,1575601200,148,222,74,370,49,2.007477962117176,-1.1713875581932394
102,1575615600,200,249,49,449,49,1.1288402546461318,-1.0688938497444862
102,1575630000,1070,989,0,2059,49,-0.5932896519971145,1.0199019806668124
102,1575644400,1095,711,0,1806,49,-0.5932896519971145,0.691662635887894
102,1575658800,1480,1159,0,2639,49,-0.5932896519971145,1.7723874351006963
102,1575673200,672,580,0,1252,49,-0.5932896519971145,-0.027090711967919272
102,1575687600,188,232,44,420,49,0.953112713151923,-1.1065181224661804
102,1575702000,118,141,23,259,49,0.21505703887624608,-1.3153977055073103
102,1575716400,512,617,105,1129,49,3.0969887193812706,-0.18666952385648433
102,1575730800,862,766,0,1628,49,-0.5932896519971145,0.4607274446995641
102,1575745200,1012,789,0,1801,49,-0.5932896519971145,0.6851756923151882
102,1575759600,536,490,0,1026,49,-0.5932896519971145,-0.3203005614542258
102,1575774000,220,239,19,459,49,0.07447500568087902,-1.0559199625990745
102,1575788400,96,118,22,214,49,0.1799115305774043,-1.3737801976616635
102,1575802800,416,486,70,902,49,1.8668959289218088,-0.481176762057332
102,1575817200,736,786,50,1522,49,1.1639857629449737,0.3232042409581991
102,1575831600,886,742,0,1628,49,-0.5932896519971145,0.4607274446995641
102,1575846000,413,356,0,769,49,-0.5932896519971145,-0.6537294610913089
102,1575860400,135,153,18,288,49,0.03932949738203726,-1.277773432785616
102,1575874800,238,221,0,459,49,-0.5932896519971145,-1.0559199625990745
102,1575889200,1016,950,0,1966,49,-0.5932896519971145,0.8992448302144828
102,1575903600,793,658,0,1451,49,-0.5932896519971145,0.2310896422257754
102,1575918000,1412,1076,0,2488,49,-0.5932896519971145,1.5764817392049784
102,1575932400,653,438,0,1091,49,-0.5932896519971145,-0.23597029500904915
102,1575946800,136,191,55,327,50,2.0276230145385434,-1.215412596644877
102,1575961200,214,249,35,463,50,1.088183780003311,-1.0399257092548833
102,1575975600,1136,944,0,2080,50,-0.555834880433346,1.046561768021732
102,1575990000,828,713,0,1541,50,-0.555834880433346,0.35106594226286025
102,1576004400,1556,1065,0,2621,50,-0.555834880433346,1.744638283301045
102,1576018800,729,570,0,1299,50,-0.555834880433346,0.038802510289489264
102,1576033200,126,147,21,273,50,0.43057631582864825,-1.2850912136967862
102,1576047600,224,248,24,472,50,0.5714922010089332,-1.0283126064128985
102,1576062000,1051,970,0,2021,50,-0.555834880433346,0.9704314271687201
102,1576076400,946,740,0,1686,50,-0.555834880433346,0.5381659324948388
102,1576090800,1540,1184,0,2724,50,-0.555834880433346,1.8775437936037607
102,1576105200,732,688,0,1420,50,-0.555834880433346,0.19493422627617477
102,1576119600,161,166,5,327,50,-0.3209750717995378,-1.215412596644877
102,1576134000,220,260,40,480,50,1.323043588637119,-1.017989848331134
102,1576148400,981,935,0,1916,50,-0.555834880433346,0.8349452273455633
102,1576162800,850,714,0,1564,50,-0.555834880433346,0.3807438717479327
102,1576177200,1586,1103,0,2689,50,-0.555834880433346,1.8323817269960416
102,1576191600,732,555,0,1287,50,-0.555834880433346,0.023318373166842765
102,1576206000,133,177,44,310,50,1.5109314355441656,-1.2373484575686262
102,1576220400,204,238,34,442,50,1.0412118182765493,-1.0670229492195147
102,1576234800,1025,895,0,1920,50,-0.555834880433346,0.8401066063864454
102,1576249200,1023,697,0,1720,50,-0.555834880433346,0.5820376543423371
102,1576263600,1482,1063,0,2545,50,-0.555834880433346,1.6465720815242837
102,1576278000,662,564,0,1226,50,-0.555834880433346,-0.055392657206610255
102,1576292400,186,225,39,411,50,1.2760716269103574,-1.1070236367863515
102,1576306800,127,124,0,251,50,-0.555834880433346,-1.313478798421638
102,1576321200,501,584,83,1085,50,3.3428379428878694,-0.23733126839770657
102,1576335600,842,733,0,1575,50,-0.555834880433346,0.3949376641103587
102,1576350000,1019,848,0,1867,50,-0.555834880433346,0.7717183340947568
102,1576364400,659,497,0,1156,50,-0.555834880433346,-0.14571679042204816
102,1576378800,242,226,0,468,50,-0.555834880433346,-1.0334739854537807
102,1576393200,98,106,8,204,50,-0.18005918661925294,-1.3741250021520035
102,1576407600,383,460,77,843,50,3.0610061725273,-0.5495947003710776
102,1576422000,722,689,0,1411,50,-0.555834880433346,0.18332112343418988
102,1576436400,842,733,0,1575,50,-0.555834880433346,0.3949376641103587
102,1576450800,464,400,0,864,50,-0.555834880433346,-0.5224974604064462
102,1576465200,123,136,13,259,50,0.054800622014555204,-1.3031560403398736
102,1576479600,226,245,19,471,50,0.336632392375125,-1.029602951173119
102,1576494000,1013,894,0,1907,50,-0.555834880433346,0.8233321245035784
102,1576508400,856,630,0,1486,50,-0.555834880433346,0.2800969804507305
102,1576522800,1534,1183,0,2717,50,-0.555834880433346,1.8685113802822169
102,1576537200,829,563,0,1392,50,-0.555834880433346,0.15880457298999962
102,1576551600,128,151,23,279,51,0.18457157325264067,-1.2880802037871242
102,1576566000,203,270,67,473,51,1.6871630594679707,-1.0220132388107643
102,1576580400,914,859,0,1773,51,-0.6008739763599182,0.760909722371028
102,1576594800,806,698,0,1504,51,-0.6008739763599182,0.3919818173264879
102,1576609200,1333,1079,0,2412,51,-0.6008739763599182,1.6372849317519245
102,1576623600,708,508,0,1216,51,-0.6008739763599182,-0.0030041925353245726
102,1576638000,146,170,24,316,51,0.21872137975753453,-1.2373354733534885
102,1576652400,235,255,20,490,51,0.08212215373795907,-0.9986980923953102
102,1576666800,957,1043,86,2000,51,2.336009383060954,1.0722355009773872
102,1576681200,808,712,0,1520,51,-0.6008739763599182,0.41392548454103306
102,1576695600,1480,1107,0,2587,51,-0.6008739763599182,1.877293791911012
102,1576710000,589,471,0,1060,51,-0.6008739763599182,-0.21695494787713968
102,1576724400,129,159,30,288,51,0.4236202187868977,-1.2757368909789426
102,1576738800,195,274,79,469,51,2.096960737526697,-1.0274991556144006
102,1576753200,965,862,0,1827,51,-0.6008739763599182,0.8349695992201179
102,1576767600,931,716,0,1647,51,-0.6008739763599182,0.588103343056485
102,1576782000,1531,1049,0,2580,51,-0.6008739763599182,1.8676934375046483
102,1576796400,838,512,0,1350,51,-0.6008739763599182,0.18077402038649096
102,1576810800,169,164,0,333,51,-0.6008739763599182,-1.2140203269380343
102,1576825200,202,278,76,480,51,1.9945113180120155,-1.012412884404401
102,1576839600,963,904,0,1867,51,-0.6008739763599182,0.8898287672564807
102,1576854000,981,803,0,1784,51,-0.6008739763599182,0.7759959935810278
102,1576868400,1423,1105,0,2528,51,-0.6008739763599182,1.7963765190573768
102,1576882800,657,569,0,1226,51,-0.6008739763599182,0.010710599473766139
102,1576897200,192,225,33,417,51,0.5260696383015794,-1.0988160740616724
102,1576911600,172,133,0,305,51,-0.6008739763599182,-1.2524217445634884
102,1576926000,594,577,0,1171,51,-0.6008739763599182,-0.06472075657623277
102,1576940400,983,722,0,1705,51,-0.6008739763599182,0.6676491367092112
102,1576954800,997,901,0,1898,51,-0.6008739763599182,0.9323446224846619
102,1576969200,632,448,0,1080,51,-0.6008739763599182,-0.18952536385895824
102,1576983600,171,207,36,378,51,0.6285190578162609,-1.1523037628971262
102,1576998000,86,113,27,199,51,0.32117079927221615,-1.3977985398598498
102,1577012400,356,437,81,793,51,2.1652603505364847,-0.5831398945198617
102,1577026800,753,758,5,1511,51,-0.4301249438354489,0.40158217173285143
102,1577041200,905,661,0,1566,51,-0.6008739763599182,0.47701352778285033
102,1577055600,481,388,0,869,51,-0.6008739763599182,-0.47890747525077226
102,1577070000,118,167,49,285,51,1.0724665423798811,-1.2798513285816697
102,1577084400,166,269,103,435,51,2.9165560936441497,-1.0741294484453092
102,1577098800,692,683,0,1375,51,-0.6008739763599182,0.21506100040921775
102,1577113200,864,738,0,1602,51,-0.6008739763599182,0.5263867790155768
102,1577127600,1417,978,0,2395,51,-0.6008739763599182,1.6139697853364703
102,1577142000,715,456,0,1171,51,-0.6008739763599182,-0.06472075657623277
102,1577156400,168,178,10,346,52,-0.4819780368797196,-1.0175558227143355
102,1577170800,171,202,31,373,52,0.046102247005886186,-0.9699577448164876
102,1577185200,570,557,0,1127,52,-0.7334448387300081,0.3592626527752699
102,1577199600,880,682,0,1562,52,-0.7334448387300081,1.1261205744628222
102,1577214000,1141,777,0,1918,52,-0.7334448387300081,1.7537100460048192
102,1577228400,470,367,0,837,52,-0.7334448387300081,-0.15197596168309832
102,1577242800,128,134,6,262,52,-0.582564757619835,-1.1656387317298629
102,1577257200,71,82,11,153,52,-0.45683135669469077,-1.3577939350952497
102,1577271600,248,304,56,552,52,0.6747692516316074,-0.6544001172714947
102,1577286000,378,407,29,785,52,-0.004191113364171504,-0.24364633393080573
102,1577300400,505,471,0,976,52,-0.7334448387300081,0.09306599490211956
102,1577314800,324,295,0,619,52,-0.7334448387300081,-0.5362863684138717
102,1577329200,87,150,63,237,52,0.8507960129268092,-1.2097110260797224
102,1577343600,158,217,59,375,52,0.7502092921866939,-0.9664319612684987
102,1577358000,614,724,110,1338,52,2.032689981623165,0.7312328170880826
102,1577372400,650,680,30,1330,52,0.020955566820857342,0.7171296828961277
102,1577386800,975,834,0,1809,52,-0.7334448387300081,1.5615548426394326
102,1577401200,471,425,0,896,52,-0.7334448387300081,-0.047965347017430306
102,1577415600,109,169,60,278,52,0.7753559723717227,-1.137432463345953
102,1577430000,155,245,90,400,52,1.529756377922588,-0.9223596669186395
102,1577444400,600,745,145,1345,52,2.9128237880991747,0.7435730595060432
102,1577458800,822,677,0,1499,52,-0.7334448387300081,1.0150583927011767
102,1577473200,1118,914,0,2032,52,-0.7334448387300081,1.9546797082401774
102,1577487600,601,507,0,1108,52,-0.7334448387300081,0.3257677090693768
