remote_unit_id,time_stamp,entries,exits,num_people_exited,sum_exit_entry,week_num,z_score_num_people_exited,z_score_sum_exit_entry
17,1546311600,119,83,0,202,1,-0.43743760359295814,-0.8049377119137742
17,1546326000,35,41,6,76,1,-0.4243254023195639,-0.9329998341350919
17,1546340400,80,122,42,202,1,-0.3456521946791984,-0.8049377119137742
17,1546354800,185,216,31,401,1,-0.36969123034708784,-0.6026808680880421
17,1546369200,238,268,30,506,1,-0.37187659722598687,-0.49596243290361064
17,1546383600,183,136,0,319,1,-0.43743760359295814,-0.6860228841368362
17,1546398000,53,34,0,87,1,-0.43743760359295814,-0.921819807591961
17,1546412400,51,235,184,286,1,-0.03533009787553448,-0.719562963766229
17,1546426800,657,2347,1690,3004,1,3.255832421746422,2.042919958436483
17,1546441200,546,589,43,1135,1,-0.34346682780029936,0.14333181215360263
17,1546455600,1710,1014,0,2724,1,-0.43743760359295814,1.7583374646113323
17,1546470000,617,401,0,1018,1,-0.43743760359295814,0.024416984376664702
17,1546484400,136,79,0,215,1,-0.43743760359295814,-0.7917249532718922
17,1546498800,62,230,168,292,1,-0.07029596793791915,-0.7134647674699758
17,1546513200,707,2265,1558,2972,1,2.967363993731748,2.010396244856466
17,1546527600,579,734,155,1313,1,-0.09870573736360669,0.32424496894244836
17,1546542000,1841,957,0,2798,1,-0.43743760359295814,1.833548552265122
17,1546556400,646,432,0,1078,1,-0.43743760359295814,0.08539894733919697
17,1546570800,146,73,0,219,1,-0.43743760359295814,-0.78765948907439
17,1546585200,58,213,155,271,1,-0.09870573736360669,-0.734808454506862
17,1546599600,671,2262,1591,2933,1,3.0394811007354168,1.9707579689308197
17,1546614000,571,733,162,1304,1,-0.0834081692113134,0.3150976744980685
17,1546628400,1807,965,0,2772,1,-0.43743760359295814,1.807123034981358
17,1546642800,741,426,0,1167,1,-0.43743760359295814,0.17585552573361984
17,1546657200,168,72,0,240,1,-0.43743760359295814,-0.7663158020375037
17,1546671600,37,78,41,115,1,-0.3478375615580974,-0.893361558209446
17,1546686000,201,336,135,537,1,-0.14241307494158753,-0.464455085372969
17,1546700400,381,455,74,836,1,-0.27572045455442906,-0.16056163660968317
17,1546714800,427,548,121,975,1,-0.1730082112461741,-0.019286755746483426
17,1546729200,354,259,0,613,1,-0.43743760359295814,-0.3872112656204281
17,1546743600,134,96,0,230,1,-0.43743760359295814,-0.7764794625312591
17,1546758000,30,48,18,78,1,-0.39810099977277535,-0.9309671020363408
17,1546772400,137,215,78,352,1,-0.2669789870388329,-0.6524828045074434
17,1546786800,289,368,79,657,1,-0.26479362015993385,-0.3424911594479044
17,1546801200,320,465,145,785,1,-0.12055940615259711,-0.2123963051278356
17,1546815600,238,248,10,486,1,-0.4155839348039677,-0.5162897538911214
17,1546830000,73,42,0,115,1,-0.43743760359295814,-0.893361558209446
17,1546844400,57,266,209,323,1,0.019304074096941553,-0.6819574199393341
17,1546858800,737,2281,1544,3018,1,2.936768857427162,2.0571490831277406
17,1546873200,542,680,138,1222,1,-0.13585697430489038,0.23175565844927443
17,1546887600,1965,830,0,2795,1,-0.43743760359295814,1.8304994541169954
17,1546902000,708,368,0,1076,1,-0.43743760359295814,0.08336621524044589
17,1546916400,147,43,0,190,2,-0.467905195040412,-0.9324219650097841
17,1546930800,64,221,157,285,2,-0.1611477028852642,-0.8450525685420504
17,1546945200,792,2379,1587,3171,2,2.6328855059164007,1.8091377283619454
17,1546959600,542,610,68,1152,2,-0.3350420774190741,-0.04769186604178552
17,1546974000,1959,952,0,2911,2,-0.467905195040412,1.5700214853976215
17,1546988400,743,382,0,1125,2,-0.467905195040412,-0.07252316819577301
17,1547002800,152,47,0,199,2,-0.467905195040412,-0.9241448642917883
17,1547017200,58,233,175,291,2,-0.12597805410314533,-0.8395345013967198
17,1547031600,797,2418,1621,3215,2,2.6993170647270697,1.8496035540943694
17,1547046000,552,596,44,1148,2,-0.38193494246189924,-0.051370577472005886
17,1547060400,2009,849,0,2858,2,-0.467905195040412,1.5212785589472015
17,1547074800,795,420,0,1215,2,-0.467905195040412,0.010247838984185282
17,1547089200,148,47,0,195,2,-0.467905195040412,-0.9278235757220087
17,1547103600,69,248,179,317,2,-0.11816257659600782,-0.8156228771002874
17,1547118000,752,2523,1771,3275,2,2.9923974712447268,1.9047842255476748
17,1547132400,576,786,210,1362,2,-0.057592625915692,0.14544048404478382
17,1547146800,1997,1038,0,3035,2,-0.467905195040412,1.684061539734453
17,1547161200,779,522,0,1301,2,-0.467905195040412,0.0893401347339232
17,1547175600,171,57,0,228,2,-0.467905195040412,-0.8974742064226906
17,1547190000,61,244,183,305,2,-0.11034709908887029,-0.8266590113909486
17,1547204400,727,2227,1500,2954,2,2.4628988701361596,1.6095676332724904
17,1547218800,614,648,34,1262,2,-0.4014736362297431,0.05347269828927461
17,1547233200,1835,978,0,2813,2,-0.467905195040412,1.4798930553572225
17,1547247600,714,387,0,1101,2,-0.467905195040412,-0.09459543677709521
17,1547262000,189,67,0,256,2,-0.467905195040412,-0.8717232264111481
17,1547276400,30,78,48,108,2,-0.3741194649547617,-1.0078355493293016
17,1547290800,221,390,169,611,2,-0.13770127036385163,-0.5452375869790903
17,1547305200,362,470,108,832,2,-0.25688730234769885,-0.341988780459415
17,1547319600,460,487,27,947,2,-0.41515072186723373,-0.23622582684057938
17,1547334000,311,236,0,547,2,-0.467905195040412,-0.6040969698626162
17,1547348400,140,51,0,191,2,-0.467905195040412,-0.931502287152229
17,1547362800,28,55,27,83,2,-0.41515072186723373,-1.030827495768179
17,1547377200,127,218,91,345,2,-0.29010308175303334,-0.7898718970887448
17,1547391600,322,408,86,730,2,-0.29987242863695523,-0.43579592193003436
17,1547406000,337,446,109,783,2,-0.2549334329709145,-0.38705299547961447
17,1547420400,239,223,0,462,2,-0.467905195040412,-0.6822695877547991
17,1547434800,71,40,0,111,2,-0.467905195040412,-1.0050765157566364
17,1547449200,57,223,166,280,2,-0.14356287849420477,-0.8496509578298258
17,1547463600,792,2404,1612,3196,2,2.6817322403360104,1.8321296748008227
17,1547478000,634,720,86,1354,2,-0.29987242863695523,0.13808306118434308
17,1547492400,1833,902,0,2735,2,-0.467905195040412,1.4081581824679252
17,1547506800,716,367,0,1083,2,-0.467905195040412,-0.11114963821308688
17,1547521200,142,48,0,190,3,-0.5243415512359169,-0.8358180694446972
17,1547535600,66,253,187,319,3,-0.03022811603577347,-0.6908824164734557
17,1547540753,243,760,517,1003,3,0.8417367696115383,0.07761360393219663
17,1547541576,76,227,151,303,3,-0.12535155810638932,-0.7088589315706639
17,1547550000,502,1549,1047,2051,3,2.242165222317827,1.2550753427993364
17,1547564400,565,713,148,1278,3,-0.13327851161227397,0.3865849571654633
17,1547578800,1983,940,0,2923,3,-0.5243415512359169,2.2347954155971856
17,1547593200,786,394,0,1180,3,-0.5243415512359169,0.2764788021950628
17,1547607600,139,35,0,174,3,-0.5243415512359169,-0.8537945845419054
17,1547621979,53,242,189,295,3,-0.024943480365183703,-0.717847189119268
17,1547622000,12,191,179,203,3,-0.05136665871813255,-0.8212121509282154
17,1547622790,21,42,21,63,3,-0.46885287669472425,-0.9785066580287876
17,1547624932,69,281,212,350,3,0.03582982984659864,-0.6560529184726147
17,1547626900,145,363,218,508,3,0.05168373685836795,-0.47853483188768337
17,1547627133,22,56,34,78,3,-0.4345027448358908,-0.9616536751251549
17,1547633481,497,1482,985,1979,3,2.078341516529544,1.1741810248618993
17,1547636400,180,1305,1125,1485,3,2.448266013470828,0.6191561212355949
17,1547650800,554,688,134,1242,3,-0.17027096130640235,0.34613779819674473
17,1547665200,2001,946,0,2947,3,-0.5243415512359169,2.261760188242998
17,1547679600,763,416,0,1179,3,-0.5243415512359169,0.2753552700014873
17,1547694000,171,31,0,202,3,-0.5243415512359169,-0.822335683121791
17,1547708400,68,243,175,311,3,-0.06193593005931208,-0.6998706740220598
17,1547722800,809,2459,1650,3268,3,3.835482877000642,2.622414022380738
17,1547737200,573,785,212,1358,3,0.03582982984659864,0.4764675326515045
17,1547751600,1956,980,0,2936,3,-0.5243415512359169,2.249401334113667
17,1547766000,776,397,0,1173,3,-0.5243415512359169,0.2686140768400342
17,1547780400,401,63,0,464,3,-0.5243415512359169,-0.5279702484050061
17,1547794800,68,242,174,310,3,-0.06457824789460696,-0.7009942062156354
17,1547809200,699,2131,1432,2830,3,3.2594575889063573,2.130306921594663
17,1547823600,596,722,126,1318,3,-0.19140950398876141,0.4315262449084839
17,1547838000,1847,917,0,2764,3,-0.5243415512359169,2.0561537968186787
17,1547852400,664,329,0,993,3,-0.5243415512359169,0.06637828199644148
17,1547866800,179,83,0,262,3,-0.5243415512359169,-0.7549237515072601
17,1547881200,37,83,46,120,3,-0.4027949308123522,-0.9144653229949832
17,1547895600,177,341,164,518,3,-0.0910014262475558,-0.4672995099519282
17,1547910000,340,322,0,662,3,-0.5243415512359169,-0.305510874077054
17,1547924400,457,335,0,792,3,-0.5243415512359169,-0.15945168891223707
17,1547938800,299,202,0,501,3,-0.5243415512359169,-0.48639955724271194
17,1547953200,119,76,0,195,3,-0.5243415512359169,-0.8302004084768196
17,1547967600,26,45,19,71,3,-0.47413751236531404,-0.9695184004801835
17,1547982000,108,217,109,325,3,-0.23632890718877445,-0.6841412233120027
17,1547996400,291,266,0,557,3,-0.5243415512359169,-0.4234817544024831
17,1548010800,307,286,0,593,3,-0.5243415512359169,-0.38303459543376456
17,1548025200,247,161,0,408,3,-0.5243415512359169,-0.5908880512452349
17,1548039600,83,35,0,118,3,-0.5243415512359169,-0.9167123873821342
17,1548054000,25,122,97,147,3,-0.2680367212123131,-0.8841299537684443
17,1548068400,289,860,571,1149,3,0.9844219327174621,0.24164930419422184
17,1548082800,380,372,0,752,3,-0.5243415512359169,-0.20439297665525766
17,1548097200,852,462,0,1314,3,-0.5243415512359169,0.42703211613418185
17,1548111600,357,178,0,535,3,-0.5243415512359169,-0.44819946266114447
17,1548126000,84,35,0,119,4,-0.4492795313993281,-0.9858119757404394
17,1548140400,53,229,176,282,4,-0.09921372597044295,-0.8317915095868257
17,1548154800,793,2385,1592,3178,4,2.7172247995255874,1.904670269436889
17,1548169200,544,572,28,1116,4,-0.39358724417200547,-0.043735872948090095
17,1548183600,1872,878,0,2750,4,-0.4492795313993281,1.5002484319292406
17,1548198000,717,391,0,1108,4,-0.4492795313993281,-0.051295159630476046
17,1548212400,134,44,0,178,4,-0.4492795313993281,-0.930062236457843
17,1548226800,63,262,199,325,4,-0.05346649003371365,-0.7911603436690011
17,1548241200,737,2303,1566,3040,4,2.665510532814502,1.7742725741657315
17,1548255600,534,638,104,1172,4,-0.24242246455498687,0.009179133828611574
17,1548270000,1979,821,0,2800,4,-0.4492795313993281,1.5474939736941529
17,1548284400,780,419,0,1199,4,-0.4492795313993281,0.034691726381664165
17,1548298800,143,61,0,204,4,-0.4492795313993281,-0.9054945547400887
17,1548313200,67,260,193,327,4,-0.06540055158242564,-0.7892705219984046
17,1548327600,868,2488,1620,3356,4,2.7729170867529103,2.0728643981199766
17,1548342000,553,526,0,1079,4,-0.4492795313993281,-0.07869757385412512
17,1548356400,1879,893,0,2772,4,-0.4492795313993281,1.5210364703058021
17,1548370800,763,442,0,1205,4,-0.4492795313993281,0.04036119139345363
17,1548385200,156,55,0,211,4,-0.4492795313993281,-0.898880178893001
17,1548399600,74,231,157,305,4,-0.1370049208746976,-0.810058560374966
17,1548414000,711,2229,1518,2940,4,2.5700380404248064,1.679781490635907
17,1548428400,586,633,47,1219,4,-0.3557960492677508,0.053589943087629044
17,1548442800,1832,954,0,2786,4,-0.4492795313993281,1.5342652219999775
17,1548457200,687,406,0,1093,4,-0.4492795313993281,-0.0654688221599497
17,1548471600,197,77,0,274,4,-0.4492795313993281,-0.8393507962692116
17,1548486000,30,87,57,117,4,-0.33590594668656415,-0.9877017974110359
17,1548500400,198,376,178,574,4,-0.09523570545420562,-0.5558775456797383
17,1548514800,389,421,32,810,4,-0.38563120313953075,-0.33287858854935276
17,1548529200,504,393,0,897,4,-0.4492795313993281,-0.25067134587840556
17,1548543600,341,262,0,603,4,-0.4492795313993281,-0.5284751314560893
17,1548558000,170,78,0,248,4,-0.4492795313993281,-0.863918477986966
17,1548572400,27,53,26,80,4,-0.39756526468824277,-1.022663498317071
17,1548586800,151,259,108,410,4,-0.2344664235225122,-0.7108429226686503
17,1548601200,307,346,39,653,4,-0.37170813133270014,-0.4812295896911771
17,1548615600,351,323,0,674,4,-0.4492795313993281,-0.46138646214991397
17,1548630000,255,165,0,420,4,-0.4492795313993281,-0.7013938143156679
17,1548644400,99,36,0,135,4,-0.4492795313993281,-0.9706934023756675
17,1548658800,50,222,172,272,4,-0.10716976700291761,-0.8412406179398081
17,1548673200,755,2372,1617,3127,4,2.7669500559785543,1.8564798168366787
17,1548687600,506,564,58,1070,4,-0.3339169364284455,-0.08720177137180932
17,1548702000,1794,835,0,2629,4,-0.4492795313993281,1.3859142208581532
17,1548716400,709,350,0,1059,4,-0.4492795313993281,-0.09759579056009
17,1548730800,147,40,0,187,5,-0.4765779756264324,-0.8966972084281619
17,1548745200,61,242,181,303,5,-0.08642268118017982,-0.785969732178232
17,1548759600,833,2386,1553,3219,5,2.870997561804674,1.997489929414836
17,1548774000,573,614,41,1187,5,-0.3882002569949608,0.0578500006229587
17,1548788400,1936,916,0,2852,5,-0.4765779756264324,1.6471711036930745
17,1548802800,712,413,0,1125,5,-0.4765779756264324,-0.0013319263382107801
17,1548817200,137,37,0,174,5,-0.4765779756264324,-0.9091063221458265
17,1548831600,54,251,197,305,5,-0.051933815372776276,-0.7840606377601297
17,1548846000,816,2447,1631,3263,5,3.039130782615766,2.0394900066130854
17,1548860400,570,604,34,1174,5,-0.40328913578569986,0.04544088690529413
17,1548874800,1925,790,0,2715,5,-0.4765779756264324,1.516398136053071
17,1548889200,708,353,0,1061,5,-0.4765779756264324,-0.0624229477174825
17,1548903600,124,34,0,158,5,-0.4765779756264324,-0.9243790774906444
17,1548918000,56,227,171,283,5,-0.10797822230980704,-0.8050606763592544
17,1548932400,816,2201,1385,3017,5,2.508864470826937,1.8046713931865095
17,1548946800,497,558,61,1055,5,-0.3450891747357064,-0.06815023097178922
17,1548961200,1756,867,0,2623,5,-0.4765779756264324,1.4285797928203678
17,1548975600,695,384,0,1079,5,-0.4765779756264324,-0.045241097954562326
17,1548990000,159,56,0,215,5,-0.4765779756264324,-0.8699698865747305
17,1549004400,58,215,157,273,5,-0.13815597989128514,-0.8146061484497655
17,1549011584,422,1229,807,1651,5,1.262954193534484,0.5007599056226787
17,1549018800,361,1141,780,1502,5,1.2047542324844904,0.3585323714740617
17,1549033200,584,650,66,1234,5,-0.3343114041708928,0.10271371944836137
17,1549047600,1811,908,0,2719,5,-0.4765779756264324,1.5202163248892755
17,1549062000,677,337,0,1014,5,-0.4765779756264324,-0.10728666654288517
17,1549076400,205,61,0,266,5,-0.4765779756264324,-0.8212879789131234
17,1549090800,32,56,24,88,5,-0.42484467691532707,-0.9911973821242228
17,1549105200,170,307,137,477,5,-0.18126706215053956,-0.6198785178033369
17,1549119600,397,295,0,692,5,-0.4765779756264324,-0.414650867857346
17,1549134000,479,352,0,831,5,-0.4765779756264324,-0.2819688057992402
17,1549148400,338,208,0,546,5,-0.4765779756264324,-0.5540147603788096
17,1549162800,135,67,0,202,5,-0.4765779756264324,-0.8823790002923951
17,1549177200,26,36,10,62,5,-0.4550224344968052,-1.016015609559552
17,1549191600,136,213,77,349,5,-0.31060030892830287,-0.7420605605618804
17,1549206000,282,229,0,511,5,-0.4765779756264324,-0.5874239126955988
17,1549220400,312,329,17,641,5,-0.4399335557060661,-0.4633327755189532
17,1549234800,254,137,0,391,5,-0.4765779756264324,-0.7019695777817333
17,1549249200,69,54,0,123,5,-0.4765779756264324,-0.9577882298074336
17,1549263600,58,240,182,298,5,-0.0842671270672171,-0.7907424682234875
17,1549278000,752,2428,1676,3180,5,3.1361307176990887,1.9602625882618423
17,1549292400,279,599,320,878,5,0.21319934052163844,-0.2371050869738376
17,1549306800,2435,931,0,3366,5,-0.4765779756264324,2.137808369145351
17,1549321200,734,412,0,1146,5,-0.4765779756264324,0.01871356505186275
17,1549335600,139,57,0,196,6,-0.4489873300405547,-0.9046797665661098
17,1549350000,53,258,205,311,6,-0.05905582795772475,-0.7998503811448515
17,1549364400,727,2311,1584,3038,6,2.563946812882385,1.685973393148813
17,1549378800,486,630,144,1116,6,-0.17508422613846927,-0.06604468319604329
17,1549393200,1865,797,0,2662,6,-0.4489873300405547,1.34322688081496
17,1549407600,720,471,0,1191,6,-0.4489873300405547,0.002322307296081696
17,1549422000,159,43,0,202,6,-0.4489873300405547,-0.8992104073267398
17,1549436400,59,256,197,315,6,-0.07427266706339616,-0.7962041416519382
17,1549450800,779,2475,1696,3254,6,2.776982560361785,1.8828703257661332
17,1549465200,553,655,102,1208,6,-0.25497263144324417,0.01781882514096336
17,1549479600,2042,946,0,2988,6,-0.4489873300405547,1.6403953994873963
17,1549494000,735,452,0,1187,6,-0.4489873300405547,-0.0013239321968316366
17,1549508400,132,77,0,209,6,-0.4489873300405547,-0.8928294882141414
17,1549522800,15,176,161,191,6,-0.1427484430389175,-0.9092375659322515
17,1549537200,872,2663,1791,3535,6,2.957682524741633,2.139018650143295
17,1549551600,588,644,56,1232,6,-0.3424694563008548,0.039696262098443354
17,1549566000,2009,1006,0,3015,6,-0.4489873300405547,1.6650075160645614
17,1549580400,814,482,0,1296,6,-0.4489873300405547,0.09803609398505668
17,1549594800,185,45,0,230,6,-0.4489873300405547,-0.8736867308763465
17,1549609200,67,274,207,341,6,-0.055251618181306895,-0.7725035849480015
17,1549623600,729,2276,1547,3005,6,2.493568932018655,1.6558919173322781
17,1549638000,613,659,46,1272,6,-0.36149050518294407,0.07615865702757668
17,1549652400,1871,843,0,2714,6,-0.4489873300405547,1.390627994222833
17,1549666800,711,388,0,1099,6,-0.4489873300405547,-0.08154120104092495
17,1549681200,195,78,0,273,6,-0.4489873300405547,-0.8344896563275281
17,1549695600,30,69,39,99,6,-0.37480523940040655,-0.9931010742692581
17,1549710000,194,325,131,519,6,-0.1998115896851853,-0.6102459275133582
17,1549724400,368,324,0,692,6,-0.4489873300405547,-0.45254606944485654
17,1549738800,433,370,0,803,6,-0.4489873300405547,-0.35136292351651155
17,1549753200,354,235,0,589,6,-0.4489873300405547,-0.5464367363873749
17,1549767600,138,96,0,234,6,-0.4489873300405547,-0.8700404913834332
17,1549782000,28,38,10,66,6,-0.42996628115846547,-1.0231825500857932
17,1549796400,125,199,74,324,6,-0.3082315683130941,-0.7880001027928831
17,1549810800,304,322,18,626,6,-0.414749442052794,-0.5127090210779266
17,1549825200,348,309,0,657,6,-0.4489873300405547,-0.4844506650078482
17,1549839600,238,198,0,436,6,-0.4489873300405547,-0.6859053969913098
17,1549854000,82,41,0,123,6,-0.4489873300405547,-0.9712236373117781
17,1549868400,65,282,217,347,6,-0.03623056929921763,-0.7670342257086316
17,1549882800,784,2428,1644,3212,6,2.678073106174921,1.844584811090543
17,1549897200,542,587,45,1129,6,-0.36339261007115303,-0.05419440484407496
17,1549911600,1938,866,0,2804,6,-0.4489873300405547,1.472668382813383
17,1549926000,728,447,0,1175,6,-0.4489873300405547,-0.012262650675571635
17,1549940400,139,43,0,182,7,-0.44914094496845725,-0.9060921204631902
17,1549954800,58,254,196,312,7,0.020914920447432213,-0.7683986325363387
17,1549969200,819,2244,1425,3063,7,2.9683570561419637,2.145407408131112
17,1549983600,587,468,0,1055,7,-0.44914094496845725,0.018572609999435902
17,1549998000,1775,929,0,2704,7,-0.44914094496845725,1.7651615453177296
17,1550012400,650,439,0,1089,7,-0.44914094496845725,0.05458475299568938
17,1550026800,131,48,0,179,7,-0.44914094496845725,-0.9092696624922714
17,1550041200,62,243,181,305,7,-0.015058742722151165,-0.7758128972708614
17,1550046643,330,858,528,1188,7,0.8171319986008776,0.15944363995536862
17,1550055600,550,1729,1179,2279,7,2.3783889801607963,1.3150097578645612
17,1550070000,607,698,91,1305,7,-0.23090072173965143,0.28336777908953503
17,1550084400,1994,968,0,2962,7,-0.44914094496845725,2.038430159818712
17,1550098800,769,455,0,1224,7,-0.44914094496845725,0.1975741443043429
17,1550113200,120,59,0,179,7,-0.44914094496845725,-0.9092696624922714
17,1550127600,56,257,201,313,7,0.032906141503960006,-0.7673394518599782
17,1550142000,779,2393,1614,3172,7,3.4216252120787143,2.260858101854395
17,1550156400,618,662,44,1280,7,-0.3436181996710127,0.2568882621805251
17,1550170800,2014,889,0,2903,7,-0.44914094496845725,1.9759384999134486
17,1550185200,687,400,0,1087,7,-0.44914094496845725,0.05246639164296859
17,1550199600,182,60,0,242,7,-0.44914094496845725,-0.8425412798815664
17,1550214000,60,245,185,305,7,-0.005465765876928931,-0.7758128972708614
17,1550228400,720,2209,1489,2929,7,3.1218446856655193,2.003477197498819
17,1550242800,702,630,0,1332,7,-0.44914094496845725,0.3119656573512657
17,1550257200,1711,956,0,2667,7,-0.44914094496845725,1.725971860292395
17,1550271600,645,367,0,1012,7,-0.44914094496845725,-0.026972159084061146
17,1550286000,179,95,0,274,7,-0.44914094496845725,-0.8086474982380337
17,1550300400,33,65,32,98,7,-0.37239713020667936,-0.9950632972774635
17,1550314800,170,351,181,521,7,-0.015058742722151165,-0.5470298711770158
17,1550329200,337,308,0,645,7,-0.44914094496845725,-0.4156914673083266
17,1550343600,471,394,0,865,7,-0.44914094496845725,-0.18267171850903943
17,1550358000,366,241,0,607,7,-0.44914094496845725,-0.4559403330100217
17,1550372400,158,82,0,240,7,-0.44914094496845725,-0.8446596412342872
17,1550386800,32,40,8,72,7,-0.4299549912780128,-1.0226019948628338
17,1550401200,131,225,94,356,7,-0.22370598910573475,-0.7217946827764812
17,1550415600,300,303,3,603,7,-0.44194621233454057,-0.4601770557154633
17,1550430000,381,282,0,663,7,-0.44914094496845725,-0.3966262151338395
17,1550444400,281,212,0,493,7,-0.44914094496845725,-0.5766869301151069
17,1550458800,76,51,0,127,7,-0.44914094496845725,-0.964347057663012
17,1550473200,32,97,65,129,7,-0.29325507123359595,-0.9622286963102912
17,1550487600,245,754,509,999,7,0.771565358586072,-0.0407415078767463
17,1550502000,381,409,28,790,7,-0.3819901070519016,-0.26211026923606917
17,1550516400,781,459,0,1240,7,-0.44914094496845725,0.21452103512610923
17,1550530800,415,206,0,621,7,-0.44914094496845725,-0.4411118035409762
17,1550545200,83,48,0,131,8,-0.6207227608942985,-1.242671225031622
17,1550559600,42,218,176,260,8,-0.22692997649774918,-1.1088997037440764
17,1550574000,802,2230,1428,3032,8,2.5743686943231583,1.7656325211324866
17,1550588400,491,578,87,1069,8,-0.42606382769827694,-0.2699759772198559
17,1550602800,1874,882,0,2756,8,-0.6207227608942985,1.4794236848893656
17,1550617200,757,449,0,1206,8,-0.6207227608942985,-0.12790854763540813
17,1550631600,155,42,0,197,8,-0.6207227608942985,-1.1742299815821802
17,1550646000,56,251,195,307,8,-0.18441825545493987,-1.0601612424997768
17,1550660400,777,2252,1475,3029,8,2.679529267429055,1.7625215555211484
17,1550674800,628,597,0,1225,8,-0.6207227608942985,-0.10820576543026575
17,1550689200,1855,802,0,2657,8,-0.6207227608942985,1.3767618197152027
17,1550703600,694,497,0,1191,8,-0.6207227608942985,-0.1434633756920995
17,1550718000,126,34,0,160,8,-0.6207227608942985,-1.2125985574553522
17,1550732400,49,255,206,304,8,-0.15980620643015556,-1.0632722081111152
17,1550741424,632,1545,913,2177,8,1.4220773081628009,0.8790073219010791
17,1550746800,214,1237,1023,1451,8,1.6681977984106442,0.1261536439572174
17,1550761200,537,639,102,1176,8,-0.39250194266448013,-0.15901820374879086
17,1550775600,1916,887,0,2803,8,-0.6207227608942985,1.5281621461336652
17,1550790000,787,391,0,1178,8,-0.6207227608942985,-0.15694422667456534
17,1550804400,167,39,0,206,8,-0.6207227608942985,-1.1648970847481654
17,1550818800,51,251,200,302,8,-0.17323096044367428,-1.0653461851853407
17,1550824669,268,820,552,1088,8,0.6143546083494242,-0.2502731950147135
17,1550833200,451,1239,788,1690,8,1.1423949328811607,0.3739939043271664
17,1550847600,598,666,68,1264,8,-0.4685755487410862,-0.06776321248286822
17,1550862000,1706,903,0,2609,8,-0.6207227608942985,1.3269863699337903
17,1550876400,683,412,0,1095,8,-0.6207227608942985,-0.2430142752549242
17,1551495600,9693,9341,0,19034,9,-0.3821429315513617,4.065988621992843
17,1551510000,28,77,49,105,9,-0.23086372794799498,-0.39057484290833616
17,1551524400,198,458,260,656,9,0.4205630467522168,-0.26084974020029295
17,1551538800,370,373,3,743,9,-0.37288093949401274,-0.24036682924639138
17,1551553200,425,385,0,810,9,-0.3821429315513617,-0.22459263345430627
17,1551567600,303,190,0,493,9,-0.3821429315513617,-0.299225768769097
17,1551582000,143,67,0,210,9,-0.3821429315513617,-0.3658540883087998
17,1551596400,33,44,11,77,9,-0.34818229400774875,-0.3971670441348792
17,1551610800,137,318,181,455,9,0.17666392257536023,-0.3081723275765483
17,1551625200,292,334,42,626,9,-0.25247504274847593,-0.2679128129430176
17,1551639600,313,291,0,604,9,-0.3821429315513617,-0.2730923996210157
17,1551654000,220,135,0,355,9,-0.3821429315513617,-0.3317159033856305
17,1551668400,65,35,0,100,9,-0.3821429315513617,-0.39175202169879025
17,1551682800,44,150,106,194,9,-0.05488587885836432,-0.36962106043825294
17,1551697200,598,2021,1423,2619,9,4.0111286343178385,0.20131065293199166
17,1551711600,446,599,153,1045,9,0.0902186633734364,-0.16926523030296298
17,1551726000,1645,818,0,2463,9,-0.3821429315513617,0.16458267466982335
17,1551740400,748,414,0,1162,9,-0.3821429315513617,-0.14171924660633675
17,1551754800,125,39,0,164,10,-0.4888911532940326,-0.9823440345969173
17,1551769200,53,244,191,297,10,-0.13377505817803506,-0.8617677499740166
17,1551783600,824,2632,1808,3456,10,2.872626647594572,2.002145656971424
17,1551798000,568,538,0,1106,10,-0.4888911532940326,-0.12833756756855236
17,1551812400,1876,1002,0,2878,10,-0.4888911532940326,1.4781374425952085
17,1551826800,784,452,0,1236,10,-0.4888911532940326,-0.010481048764213222
17,1551841200,135,64,0,199,10,-0.4888911532940326,-0.9506134333803645
17,1551855600,69,288,219,357,10,-0.08171615418197259,-0.8073724336027831
17,1551870000,823,2390,1567,3213,10,2.424548223914177,1.7818446256679286
17,1551884400,555,586,31,1141,10,-0.43125450958410627,-0.0966069663519995
17,1551898800,1925,923,0,2848,10,-0.4888911532940326,1.450939784409592
17,1551913200,780,468,0,1248,10,-0.4888911532940326,0.0003980145100334657
17,1551927600,135,57,0,192,10,-0.4888911532940326,-0.9569595536236751
17,1551942000,67,282,215,349,10,-0.08915314046712437,-0.8146251424522809
17,1551956400,869,2733,1864,3602,10,2.976744455586697,2.134507593474759
17,1551970800,637,691,54,1328,10,-0.38849183844448354,0.07292510300501139
17,1551985200,1874,1050,0,2924,10,-0.4888911532940326,1.519840518479821
17,1551999600,815,498,0,1313,10,-0.4888911532940326,0.05932627391220303
17,1552014000,178,56,0,234,10,-0.4888911532940326,-0.9188828321638117
17,1552028400,67,267,200,334,10,-0.11704183903644355,-0.8282239715450893
17,1552042800,788,2462,1674,3250,10,2.6234876070419872,1.815388404096856
17,1552057200,672,586,0,1258,10,-0.4888911532940326,0.009463900571905706
17,1552071600,1756,739,0,2495,10,-0.4888911532940326,1.1309140064255019
17,1552086000,697,525,0,1222,10,-0.4888911532940326,-0.02317328925083436
17,1552100400,201,172,0,373,10,-0.4888911532940326,-0.7928670159037875
17,1552114800,31,107,76,138,10,-0.34758841387614875,-1.0059153383577852
17,1552129200,181,524,343,705,10,0.1488304206577326,-0.49187959864962916
17,1552143600,344,558,214,902,10,-0.09101238703841232,-0.31328164323074603
17,1552158000,424,635,211,1059,10,-0.09659012675227616,-0.17094723205935186
17,1552172400,341,269,0,610,10,-0.4888911532940326,-0.5780055162374155
17,1552190400,178,95,0,273,10,-0.4888911532940326,-0.8835258765225099
17,1552204800,42,75,33,117,10,-0.4275360164415304,-1.0249536990877168
17,1552219200,187,285,98,472,10,-0.30668498930781396,-0.7031147438912524
17,1552233600,400,313,0,713,10,-0.4888911532940326,-0.4846268898001314
17,1552248000,318,319,1,637,10,-0.4870319067227446,-0.5535276238703604
17,1552262400,249,145,0,394,10,-0.4888911532940326,-0.7738286551738558
17,1552276800,37,22,0,59,10,-0.4888911532940326,-1.0775358382465758
17,1552291200,185,769,584,954,10,0.5969088443381274,-0.2661390357090104
17,1552305600,745,2143,1398,2888,10,2.1103355533665145,1.487203328657081
17,1552320000,674,573,0,1247,10,-0.4888911532940326,-0.0005085740961537583
17,1552334400,1939,1026,0,2965,10,-0.4888911532940326,1.5570106513334971
17,1552348800,524,285,0,809,11,-0.5315884250812158,-0.2644950849267629
17,1552363200,76,37,0,113,11,-0.5315884250812158,-0.950982924682979
17,1552377600,209,812,603,1021,11,0.9089464496445308,-0.055392467069984415
17,1552392000,867,2228,1361,3095,11,2.7197680666297974,1.9902623887552917
17,1552406400,758,489,0,1247,11,-0.5315884250812158,0.1675188142301662
17,1552420800,2082,1134,0,3216,11,-0.5315884250812158,2.1096086942301513
17,1552435200,550,290,0,840,11,-0.5315884250812158,-0.23391875873072454
17,1552449600,80,27,0,107,11,-0.5315884250812158,-0.9569009233015671
17,1552464000,180,698,518,878,11,0.7058859780828584,-0.1964381008130001
17,1552464313,4,16,12,20,11,-0.5029210643901562,-1.042711903271094
17,1552472520,112,938,826,1050,11,1.4416815691533889,-0.02678880708014208
17,1552477745,80,152,72,232,11,-0.359584260934858,-0.8336092854143157
17,1552478400,806,2068,1262,2874,11,2.4832623409285555,1.7722827729706312
17,1552492800,739,615,0,1354,11,-0.5315884250812158,0.2730564562616535
17,1552507200,1940,981,0,2921,11,-0.5315884250812158,1.8186404288162377
17,1552521600,596,322,0,918,11,-0.5315884250812158,-0.15698477668907962
17,1552536000,88,30,0,118,11,-0.5315884250812158,-0.946051259167489
17,1552550400,209,748,539,957,11,0.7560538592922128,-0.11851778566825716
17,1552564800,786,2316,1530,3102,11,3.1235000630288874,1.9971667204769779
17,1552579200,734,665,0,1399,11,-0.5315884250812158,0.317441445901064
17,1552593600,1954,1084,0,3038,11,-0.5315884250812158,1.934041401878705
17,1552608000,562,323,0,885,11,-0.5315884250812158,-0.189533769091314
17,1552622400,87,33,0,120,11,-0.5315884250812158,-0.9440785929612929
17,1552635396,31,232,201,263,11,-0.051410133505966966,-0.8030329592182772
17,1552636800,170,625,455,795,11,0.5553823344547952,-0.27830374837013505
17,1552651200,732,2140,1408,2872,11,2.8320485626697813,1.7703101067644351
17,1552663448,371,373,2,744,11,-0.5268105316327059,-0.32860673662813367
17,1552664014,33,15,0,48,11,-0.5315884250812158,-1.0150945763843497
17,1552665600,798,702,0,1500,11,-0.5315884250812158,0.4170610893139632
17,1552680000,1750,1042,0,2792,11,-0.5315884250812158,1.6914034585165942
17,1552694400,477,296,0,773,11,-0.5315884250812158,-0.3000030766382913
17,1552708800,109,47,0,156,11,-0.5315884250812158,-0.9085706012497645
17,1552723200,49,106,57,155,11,-0.39541846179868256,-0.9095569343528626
17,1552737600,227,489,262,716,11,0.09431561667358616,-0.35622406351487795
17,1552752000,439,644,205,1083,11,-0.04185434660894709,0.005760185322092308
17,1552766400,500,376,0,876,11,-0.5315884250812158,-0.1984107670191961
17,1552780800,309,181,0,490,11,-0.5315884250812158,-0.5791353448150286
17,1552795200,83,56,0,139,11,-0.5315884250812158,-0.9253382640024307
17,1552809600,59,70,11,129,11,-0.5053100111144111,-0.9352015950334108
17,1552824000,180,296,116,476,11,-0.25447060506763935,-0.5929440082584008
17,1552838400,323,306,0,629,11,-0.5315884250812158,-0.442035043484405
17,1552852800,341,351,10,692,11,-0.5076989578386661,-0.37989605798923026
17,1552867200,242,167,0,409,11,-0.5315884250812158,-0.6590283261659675
17,1552881600,29,22,0,51,11,-0.5315884250812158,-1.0121355770750557
17,1552896000,168,660,492,828,11,0.6437733632522292,-0.24575475596790067
17,1552896550,32,73,41,105,11,-0.43364160938676205,-0.9588735895077631
17,1552896871,38,68,30,106,11,-0.45992002335356674,-0.9578872564046651
17,1552910400,706,1819,1113,2525,11,2.127309279014565,1.4280525199894252
17,1552924800,711,517,0,1228,11,-0.5315884250812158,0.148778485271304
17,1552939200,1954,1010,0,2964,11,-0.5315884250812158,1.8610527522494522
17,1552953600,424,189,0,613,12,-0.49244047525502466,-0.5614650203069569
17,1552968000,45,20,0,65,12,-0.49244047525502466,-1.0871832135206145
17,1552982400,181,671,490,852,12,0.595177573762834,-0.3321828156024602
17,1552996800,795,2131,1336,2926,12,2.472983429822239,1.6574878645528792
17,1553011200,738,573,0,1311,12,-0.49244047525502466,0.10815413820240997
17,1553025600,2040,938,0,2978,12,-0.49244047525502466,1.7073735325220585
17,1553040000,429,247,0,676,12,-0.49244047525502466,-0.501026614882759
17,1553054400,50,37,0,87,12,-0.49244047525502466,-1.0660777386105773
17,1553068800,172,675,503,847,12,0.6240327464918792,-0.33697951444565055
17,1553083200,736,2141,1405,2877,12,2.626137808153325,1.6104802158896143
17,1553097600,742,577,0,1319,12,-0.49244047525502466,0.11582885635151446
17,1553112000,1999,940,0,2939,12,-0.49244047525502466,1.669959281545174
17,1553126400,480,186,0,666,12,-0.49244047525502466,-0.5106200125691397
17,1553140800,79,21,0,100,12,-0.49244047525502466,-1.0536063216182825
17,1553155200,180,687,507,867,12,0.6329112611777392,-0.3177927190728893
17,1553169600,844,2275,1431,3119,12,2.683848153611416,1.8426404399000251
17,1553184000,813,645,0,1458,12,-0.49244047525502466,0.249177084192205
17,1553198400,1975,969,0,2944,12,-0.49244047525502466,1.6747559803883643
17,1553212800,625,303,0,928,12,-0.49244047525502466,-0.2592729931859676
17,1553227200,91,19,0,110,12,-0.49244047525502466,-1.0440129239319018
17,1553241600,177,608,431,785,12,0.46421948214639797,-0.3964585801012104
17,1553256000,774,1984,1210,2758,12,2.193310217217647,1.496318783421685
17,1553270400,846,640,0,1486,12,-0.49244047525502466,0.27603859771407074
17,1553284800,1790,830,0,2620,12,-0.49244047525502466,1.3639298953496324
17,1553299200,493,179,0,672,12,-0.49244047525502466,-0.5048639739573113
17,1553313600,104,41,0,145,12,-0.49244047525502466,-1.0104360320295698
17,1553328000,74,94,20,168,12,-0.4480479018257243,-0.9883712173508943
17,1553342400,0,23,23,23,12,-0.4413890158113292,-1.1274754838034131
17,1553356800,1218,550,0,1768,12,-0.49244047525502466,0.5465724124700041
17,1553371200,726,340,0,1066,12,-0.49244047525502466,-0.1268841051139151
17,1553385600,447,192,0,639,12,-0.49244047525502466,-0.5365221863223674
17,1553400000,70,42,0,112,12,-0.49244047525502466,-1.0420942443946257
17,1553414400,47,48,1,95,12,-0.49022084658355963,-1.0584030204614727
17,1553428800,301,196,0,497,12,-0.49244047525502466,-0.6727484334689721
17,1553443200,463,215,0,678,12,-0.49244047525502466,-0.4991079353454829
17,1553457600,451,254,0,705,12,-0.49244047525502466,-0.47320576159225525
17,1553472000,261,140,0,401,12,-0.49244047525502466,-0.764845051258226
17,1553486400,36,17,0,53,12,-0.49244047525502466,-1.0986952907442713
17,1553500800,166,666,500,832,12,0.6173738604774841,-0.35136961097522146
17,1553515200,757,2218,1461,2975,12,2.750437013755366,1.7044955132161443
17,1553529600,726,593,0,1319,12,-0.49244047525502466,0.11582885635151446
17,1553544000,1938,910,0,2848,12,-0.49244047525502466,1.5826593625991103
17,1553558400,441,194,0,635,13,-0.5757590015450608,-0.5152585064946941
17,1553572800,49,13,0,62,13,-0.5757590015450608,-1.101851907819729
17,1553587200,168,687,519,855,13,0.6207131578218523,-0.290039399528712
17,1553601600,837,2160,1323,2997,13,2.47420760123418,1.902775723749168
17,1553616000,749,621,0,1370,13,-0.5757590015450608,0.23717805541438242
17,1553630400,1992,958,0,2950,13,-0.5757590015450608,1.8546607327155264
17,1553644800,445,222,0,667,13,-0.5757590015450608,-0.48249936366327845
17,1553659200,58,22,0,80,13,-0.5757590015450608,-1.083424889977058
17,1553673600,184,676,492,860,13,0.5584689414386025,-0.2849207834613033
17,1553688000,745,1999,1254,2744,13,2.315139048254764,1.6437737507382886
17,1553702400,774,556,0,1330,13,-0.5757590015450608,0.19622912687511296
17,1553716800,1971,883,0,2854,13,-0.5757590015450608,1.7563833042212798
17,1553731200,457,244,0,701,13,-0.5757590015450608,-0.4476927744048994
17,1553745600,57,52,0,109,13,-0.5757590015450608,-1.0537369167860875
17,1553760000,160,885,725,1045,13,1.095613475412573,-0.095531988967182
17,1553774400,915,2434,1519,3349,13,2.926054505349623,2.263126294894739
17,1553788800,718,568,0,1286,13,-0.5757590015450608,0.15118530548191653
17,1553803200,1905,837,0,2742,13,-0.5757590015450608,1.641726304311325
17,1553817600,512,204,0,716,13,-0.5757590015450608,-0.4323369262026734
17,1553832000,56,39,0,95,13,-0.5757590015450608,-1.0680690417748318
17,1553846400,153,866,713,1019,13,1.0679493792422399,-0.12214879251770716
17,1553852970,574,1506,932,2080,13,1.5728191343508218,0.9640215369864155
17,1553857340,183,539,356,722,13,0.24494251817482565,-0.42619458692178297
17,1553860800,193,1037,844,1230,13,1.369949095768378,0.09385680552693929
17,1553875200,833,574,0,1407,13,-0.5757590015450608,0.2750558143132067
17,1553889600,1686,654,0,2340,13,-0.5757590015450608,1.230189572491667
17,1553904000,426,221,0,647,13,-0.5757590015450608,-0.5029738279329132
17,1553918400,76,42,0,118,13,-0.5757590015450608,-1.0445234078647518
17,1553932800,46,143,97,189,13,-0.352140890834867,-0.9718390597075486
17,1553947200,273,425,152,698,13,-0.2253471167208396,-0.45076394404534464
17,1553961600,330,345,15,675,13,-0.5411788813321442,-0.47430957795542456
17,1553976000,415,339,0,754,13,-0.5757590015450608,-0.39343544409036735
17,1553990400,277,218,0,495,13,-0.5757590015450608,-0.6585797563821372
17,1554004800,65,44,0,109,13,-0.5757590015450608,-1.0537369167860875
17,1554019200,41,86,45,127,13,-0.4720186409063111,-1.0353098989434162
17,1554033600,189,343,154,532,13,-0.22073643402578408,-0.6207019974833129
17,1554048000,290,270,0,560,13,-0.5757590015450608,-0.5920377475058243
17,1554062400,352,250,0,602,13,-0.5757590015450608,-0.5490413725395914
17,1554076800,215,164,0,379,13,-0.5757590015450608,-0.7773316491460186
17,1554091200,29,19,0,48,13,-0.5757590015450608,-1.1161840328084736
17,1554105600,191,684,493,875,13,0.5607742827861303,-0.2695649352590772
17,1554120000,749,2105,1356,2854,13,2.5502838657025966,1.7563833042212798
17,1554134400,708,574,0,1282,13,-0.5757590015450608,0.14709041262798958
17,1554148800,1901,996,0,2897,13,-0.5757590015450608,1.8004034024009943
17,1554163200,500,295,0,795,14,-0.4967556781862528,-0.40265041439548227
17,1554177600,44,24,0,68,14,-0.4967556781862528,-1.1263261900827892
17,1554192000,193,697,504,890,14,0.5646477936868267,-0.3080848040924642
17,1554206400,761,2094,1333,2855,14,2.3104880281764757,1.6479301879646995
17,1554220800,729,547,0,1276,14,-0.4967556781862528,0.07615020198085141
17,1554235200,1906,938,0,2844,14,-0.4967556781862528,1.6369804857190868
17,1554249600,515,300,0,815,14,-0.4967556781862528,-0.38274186485800477
17,1554264000,57,19,0,76,14,-0.4967556781862528,-1.118362770267798
17,1554278400,175,769,594,944,14,0.7541841279498767,-0.25433172034127494
17,1554292800,783,2144,1361,2927,14,2.3694548877249804,1.7196009662996183
17,1554307200,756,658,0,1414,14,-0.4967556781862528,0.21351919378944612
17,1554321600,2004,873,0,2877,14,-0.4967556781862528,1.6698295924559248
17,1554336000,554,331,0,885,14,-0.4967556781862528,-0.3130619414768336
17,1554350400,77,23,0,100,14,-0.4967556781862528,-1.094472510822825
17,1554364800,196,678,482,874,14,0.518316689755859,-0.3240116437224462
17,1554379200,778,2105,1327,2883,14,2.297852272558939,1.675802157317168
17,1554393600,812,631,0,1443,14,-0.4967556781862528,0.24238659061878848
17,1554408000,1953,902,0,2855,14,-0.4967556781862528,1.6479301879646995
17,1554422400,560,336,0,896,14,-0.4967556781862528,-0.30211223923122094
17,1554436800,62,25,0,87,14,-0.4967556781862528,-1.1074130680221854
17,1554451200,187,682,495,869,14,0.5456941602605218,-0.32898878110681556
17,1554465600,789,2014,1225,2803,14,2.0830444270608157,1.596167959167258
17,1554480000,866,719,0,1585,14,-0.4967556781862528,0.3837372923348787
17,1554494400,1758,783,0,2541,14,-0.4967556781862528,1.3353659602263028
17,1554508800,578,224,0,802,14,-0.4967556781862528,-0.39568242205736515
17,1554523200,116,35,0,151,14,-0.4967556781862528,-1.0437057095022575
17,1554537600,78,99,21,177,14,-0.4525305335248745,-1.0178245951035367
17,1554552000,384,247,0,631,14,-0.4967556781862528,-0.5659005206027977
17,1554566400,616,214,0,830,14,-0.4967556781862528,-0.36781045270489665
17,1554580800,642,239,0,881,14,-0.4967556781862528,-0.31704365138432905
17,1554595200,395,159,0,554,14,-0.4967556781862528,-0.642548436322086
17,1554609600,73,33,0,106,14,-0.4967556781862528,-1.0884999459615818
17,1554624000,49,39,0,88,14,-0.4967556781862528,-1.1064176405453117
17,1554638400,338,184,0,522,14,-0.4967556781862528,-0.6744021155820501
17,1554652800,511,176,0,687,14,-0.4967556781862528,-0.5101565818978607
17,1554667200,484,280,0,764,14,-0.4967556781862528,-0.4335086661785724
17,1554681600,277,135,0,412,14,-0.4967556781862528,-0.7838991380381762
17,1554696000,27,19,0,46,14,-0.4967556781862528,-1.1482255945740143
17,1554710400,167,929,762,1096,14,1.1079852852409031,-0.10302674385644603
17,1554724800,789,2592,1803,3381,14,3.300288884883514,2.1715250408003577
17,1554739200,637,500,0,1137,14,-0.4967556781862528,-0.06221421730461716
17,1554753600,1780,732,0,2512,14,-0.4967556781862528,1.3064985633969604
17,1554768000,422,178,0,600,15,-0.5055891189495147,-0.5553165314240391
17,1554782400,48,25,0,73,15,-0.5055891189495147,-1.047818679380111
17,1554796800,173,747,574,920,15,0.7610369311008751,-0.2562639937657034
17,1554811200,788,2325,1537,3113,15,2.8860558966035326,1.7931804283740789
17,1554825600,764,601,0,1365,15,-0.5055891189495147,0.15960594141541976
17,1554840000,2063,1012,0,3075,15,-0.5055891189495147,1.7576679395271515
17,1554854400,509,275,0,784,15,-0.5055891189495147,-0.38336132227049613
17,1554868800,52,28,0,80,15,-0.5055891189495147,-1.0412769051188349
17,1554883200,186,779,593,965,15,0.8029635773568985,-0.21420973065749993
17,1554897600,799,2149,1350,2948,15,2.4734094308205656,1.6389814636439994
17,1554912000,782,583,0,1365,15,-0.5055891189495147,0.15960594141541976
17,1554926400,1987,792,0,2779,15,-0.5055891189495147,1.481044342193191
17,1554940800,519,297,0,816,15,-0.5055891189495147,-0.35345606850466255
17,1554955200,72,37,0,109,15,-0.5055891189495147,-1.0141752688935481
17,1554969600,172,733,561,905,15,0.7323502783993855,-0.2702820814684379
17,1554984000,763,2134,1371,2897,15,2.5197494082614336,1.5913199654547023
17,1554998400,750,616,0,1366,15,-0.5055891189495147,0.16054048059560205
17,1555012800,2271,864,0,3135,15,-0.5055891189495147,1.8137402903380895
17,1555027200,543,298,0,841,15,-0.5055891189495147,-0.3300925890001051
17,1555041600,77,36,0,113,15,-0.5055891189495147,-1.0104371121728188
17,1555056000,179,702,523,881,15,0.6484969858873387,-0.29271102179281305
17,1555070400,947,1958,1011,2905,15,1.7253497949894123,1.5987962788961607
17,1555084800,1074,638,0,1712,15,-0.5055891189495147,0.48389103693867763
17,1555099200,2265,785,0,3050,15,-0.5055891189495147,1.734304460022594
17,1555113600,617,243,0,860,15,-0.5055891189495147,-0.3123363445766414
17,1555128000,83,52,0,135,15,-0.5055891189495147,-0.9898772502088083
17,1555142400,112,124,12,236,15,-0.47910913184044734,-0.8954887930103961
17,1555156800,271,228,0,499,15,-0.5055891189495147,-0.6497049886224514
17,1555171200,339,395,56,734,15,-0.38201584577386694,-0.4300882812796111
17,1555185600,372,323,0,695,15,-0.5055891189495147,-0.4665353093067207
17,1555200000,260,146,0,406,15,-0.5055891189495147,-0.7366171323794052
17,1555214400,70,44,0,114,15,-0.5055891189495147,-1.0095025729926366
17,1555228800,32,42,10,74,15,-0.4835224630252919,-1.0468841401999285
17,1555243200,168,179,11,347,15,-0.4813157974328696,-0.7917549440101609
17,1555257600,235,249,14,484,15,-0.4746958006556028,-0.6637230763251859
17,1555272000,252,187,0,439,15,-0.5055891189495147,-0.7057773394333894
17,1555286400,205,96,0,301,15,-0.5055891189495147,-0.8347437462985466
17,1555300800,28,13,0,41,15,-0.5055891189495147,-1.0777239331459445
17,1555315200,209,724,515,933,15,0.6308436611479605,-0.24411498442333351
17,1555329600,757,2242,1485,2999,15,2.7713092857975736,1.6866429618332968
17,1555344000,697,573,0,1270,15,-0.5055891189495147,0.07082471929810133
17,1555358400,1873,920,0,2793,15,-0.5055891189495147,1.4941278907157431
17,1555372800,479,209,0,688,16,-0.5276539839962434,-0.44132608018706715
17,1555387200,46,25,0,71,16,-0.5276539839962434,-1.0932770573828063
17,1555401600,195,743,548,938,16,0.8609218330238272,-0.17716442005913394
17,1555416000,753,2080,1327,2833,16,2.8348279670724312,1.8251809637105996
17,1555430400,778,666,0,1444,16,-0.5276539839962434,0.35749878003980284
17,1555444800,1979,763,0,2742,16,-0.5276539839962434,1.729026119424032
17,1555459200,521,293,0,814,16,-0.5276539839962434,-0.3081886034825888
17,1555473600,49,23,0,72,16,-0.5276539839962434,-1.0922204107422946
17,1555488000,191,699,508,890,16,0.7595659339712674,-0.22788345880369712
17,1555502400,774,2103,1329,2877,16,2.8398957620250593,1.8716734158931159
17,1555516800,755,642,0,1397,16,-0.5276539839962434,0.3078363879357514
17,1555531200,1987,916,0,2903,16,-0.5276539839962434,1.899146228546421
17,1555545600,531,303,0,834,16,-0.5276539839962434,-0.28705567067235416
17,1555560000,71,29,0,100,16,-0.5276539839962434,-1.062634304807966
17,1555574400,177,721,544,898,16,0.8507862431185712,-0.21943028567960324
17,1555588800,795,2102,1307,2897,16,2.7841500175461515,1.8928063487033506
17,1555603200,871,634,0,1505,16,-0.5276539839962434,0.42195422511101854
17,1555617600,1804,1042,0,2846,16,-0.5276539839962434,1.838917370037252
17,1555632000,563,279,0,842,16,-0.5276539839962434,-0.2786024975482603
17,1555646400,78,40,0,118,16,-0.5276539839962434,-1.0436146652787548
17,1555660800,126,557,431,683,16,0.5644558282950896,-0.4466093133896258
17,1555675200,625,1390,765,2015,16,1.4107775853839648,0.9608440117720023
17,1555689600,855,667,0,1522,16,-0.5276539839962434,0.439917217999718
17,1555704000,1078,714,0,1792,16,-0.5276539839962434,0.7252118109378858
17,1555718400,423,283,0,706,16,-0.5276539839962434,-0.42230644065785594
17,1555732800,76,39,0,115,16,-0.5276539839962434,-1.04678460520029
17,1555747200,56,133,77,189,16,-0.3325438783200656,-0.9685927538024218
17,1555761600,216,317,101,533,16,-0.27173033888852965,-0.6051063094663857
17,1555776000,360,319,0,679,16,-0.5276539839962434,-0.4508358999516727
17,1555790400,359,331,0,690,16,-0.5276539839962434,-0.43921278690604365
17,1555804800,276,173,0,449,16,-0.5276539839962434,-0.6938646272693713
17,1555819200,56,37,0,93,16,-0.5276539839962434,-1.070030831291548
17,1555833600,33,78,45,111,16,-0.4136285975621135,-1.0510111917623368
17,1555848000,174,226,52,400,16,-0.39589131522791554,-0.7456403126544462
17,1555862400,231,285,54,516,16,-0.3908235202752875,-0.6230693023550852
17,1555876800,261,316,55,577,16,-0.3882896227989735,-0.5586138572838695
17,1555891200,216,193,0,409,16,-0.5276539839962434,-0.7361304928898406
17,1555905600,28,21,0,49,16,-0.5276539839962434,-1.1165232834740644
17,1555920000,133,626,493,759,16,0.7215574718265574,-0.3663041687107341
17,1555934400,657,1767,1110,2424,16,2.284972214712294,1.393012487741301
17,1555948800,613,569,0,1182,16,-0.5276539839962434,0.08065736022572885
17,1555963200,1821,1015,0,2836,16,-0.5276539839962434,1.8283509036321348
17,1555977600,455,247,0,702,17,-0.5084342064349554,-0.4420909036336121
17,1555992000,62,41,0,103,17,-0.5084342064349554,-1.05892429909778
17,1556006400,182,758,576,940,17,0.8148622241271147,-0.19700518056103786
17,1556020800,730,2211,1481,2941,17,2.8939998450623117,1.8635684827508154
17,1556035200,654,588,0,1242,17,-0.5084342064349554,0.11398594703525382
17,1556049600,1889,882,0,2771,17,-0.5084342064349554,1.6885072519846909
17,1556064000,491,321,0,812,17,-0.5084342064349554,-0.32881598960847275
17,1556078400,63,31,0,94,17,-0.5084342064349554,-1.0681922466089278
17,1556092800,169,668,499,837,17,0.6379632221248935,-0.30307169096639563
17,1556107200,696,2001,1305,2697,17,2.489659269057235,1.6123041280041426
17,1556121600,682,596,0,1278,17,-0.5084342064349554,0.15105773707984488
17,1556136000,1869,927,0,2796,17,-0.5084342064349554,1.714251550626768
17,1556150400,533,207,0,740,17,-0.5084342064349554,-0.4029595696976549
17,1556164800,66,24,0,90,17,-0.5084342064349554,-1.0723113343916602
17,1556179200,185,737,552,922,17,0.7597248728536952,-0.2155410755833334
17,1556193600,753,2170,1417,2923,17,2.7469669083331927,1.8450325877285199
17,1556208000,715,603,0,1318,17,-0.5084342064349554,0.1922486149071683
17,1556222400,1888,976,0,2864,17,-0.5084342064349554,1.7842760429332178
17,1556236800,531,296,0,827,17,-0.5084342064349554,-0.31336941042322647
17,1556251200,77,42,0,119,17,-0.5084342064349554,-1.0424479479668507
17,1556265600,160,620,460,780,17,0.5483650263055867,-0.3617686918703315
17,1556280000,678,1800,1122,2478,17,2.0692369655974105,1.386784071899547
17,1556294400,807,610,0,1417,17,-0.5084342064349554,0.29419603752979373
17,1556308800,1674,842,0,2516,17,-0.5084342064349554,1.4259154058355041
17,1556323200,453,242,0,695,17,-0.5084342064349554,-0.44929930725339373
17,1556337600,94,59,0,153,17,-0.5084342064349554,-1.0074357018136257
17,1556352000,56,119,63,175,17,-0.363698659342229,-0.984780719008598
17,1556366400,219,302,83,521,17,-0.31775086661437935,-0.6284796258022505
17,1556380800,370,307,0,677,17,-0.5084342064349554,-0.46783520227568925
17,1556395200,445,329,0,774,17,-0.5084342064349554,-0.36794732354443
17,1556409600,273,219,0,492,17,-0.5084342064349554,-0.6583430122270599
17,1556424000,66,59,0,125,17,-0.5084342064349554,-1.036269316292752
17,1556438400,44,60,16,104,17,-0.4716759722526757,-1.057894527152097
17,1556452800,201,244,43,445,17,-0.40964645207007866,-0.706742293674165
17,1556467200,291,296,5,587,17,-0.496947258252993,-0.5605146773871669
17,1556481600,307,288,0,595,17,-0.5084342064349554,-0.5522765018217022
17,1556496000,207,182,0,389,17,-0.5084342064349554,-0.7644095226324178
17,1556510400,24,26,2,50,17,-0.5038394271621705,-1.1135022122189835
17,1556524800,190,610,420,800,17,0.45646944084988744,-0.3411732529566698
17,1556539200,724,1975,1251,2699,17,2.3656002286920406,1.6143636718955088
17,1556553600,725,541,0,1266,17,-0.5084342064349554,0.13870047373164787
17,1556568000,1802,959,0,2761,17,-0.5084342064349554,1.67820953252786
17,1556582400,504,261,0,765,18,-0.5098048731688197,-0.4393065779137433
17,1556596800,68,26,0,94,18,-0.5098048731688197,-1.0736204409512016
17,1556611200,202,684,482,886,18,0.4449120419495508,-0.3249221108086279
17,1556625600,756,2342,1586,3098,18,2.6316495404779348,1.7661393870138131
17,1556640000,762,608,0,1370,18,-0.5098048731688197,0.1326157576118339
17,1556654400,1856,993,0,2849,18,-0.5098048731688197,1.530753169582625
17,1556668800,567,315,0,882,18,-0.5098048731688197,-0.32870341550631765
17,1556683200,56,26,0,82,18,-0.5098048731688197,-1.084964355044271
17,1556697600,221,804,583,1025,18,0.6449668312170932,-0.19352177256390848
17,1556712000,775,2313,1538,3088,18,2.536573997063657,1.7566861252695887
17,1556726400,751,579,0,1330,18,-0.5098048731688197,0.09480271063493623
17,1556740800,1975,1161,0,3136,18,-0.5098048731688197,1.8020617816418658
17,1556755200,540,338,0,878,18,-0.5098048731688197,-0.3324847202040074
17,1556769600,73,34,0,107,18,-0.5098048731688197,-1.06133120068371
17,1556784000,220,817,597,1037,18,0.6726971980462574,-0.18217785847083917
17,1556798400,742,2291,1549,3033,18,2.5583621424294294,1.7046931856763543
17,1556812800,739,589,0,1328,18,-0.5098048731688197,0.09291205828609135
17,1556827200,1862,1188,0,3050,18,-0.5098048731688197,1.7207637306415358
17,1556841600,560,366,0,926,18,-0.5098048731688197,-0.2871090638317302
17,1556856000,80,33,0,113,18,-0.5098048731688197,-1.0556592436371752
17,1556870400,194,719,525,913,18,0.5300838829248411,-0.2993983040992219
17,1556884800,729,2224,1495,2953,18,2.451402156088367,1.629067091722559
17,1556899200,1015,652,0,1667,18,-0.5098048731688197,0.41337763141529904
17,1556913600,1909,998,0,2907,18,-0.5098048731688197,1.5855820876991267
17,1556928000,635,314,0,949,18,-0.5098048731688197,-0.26536656182001406
17,1556942400,121,60,0,181,18,-0.5098048731688197,-0.9913770637764492
17,1556956800,39,134,95,173,18,-0.32163452682806204,-0.9989396731718287
17,1556971200,249,317,68,566,18,-0.37511451999859313,-0.6274264866238092
17,1556985600,356,314,0,670,18,-0.5098048731688197,-0.5291125644838752
17,1557000000,413,336,0,749,18,-0.5098048731688197,-0.45443179670450234
17,1557014400,268,241,0,509,18,-0.5098048731688197,-0.6813100785658883
17,1557028800,71,52,0,123,18,-0.5098048731688197,-1.0462059818929508
17,1557043200,39,61,22,100,18,-0.46622858243727583,-1.067948483904667
17,1557057600,188,247,59,435,18,-0.3929411843887702,-0.751264215473149
17,1557072000,285,329,44,614,18,-0.42265229170573193,-0.582050830251532
17,1557086400,279,297,18,576,18,-0.47415154438846563,-0.6179732248795847
17,1557100800,215,169,0,384,18,-0.5098048731688197,-0.7994758503686935
17,1557115200,36,19,0,55,18,-0.5098048731688197,-1.1104881617536768
17,1557129600,204,810,606,1014,18,0.6905238624364345,-0.20392036048255532
17,1557144000,700,2243,1543,2943,18,2.5464776995026446,1.6196138299783347
17,1557158400,697,603,0,1300,18,-0.5098048731688197,0.06644292540226297
17,1557172800,1835,955,0,2790,18,-0.5098048731688197,1.474978925291701
17,1557187200,478,262,0,740,19,-0.507795041577121,-0.4316249276934069
17,1557201600,57,19,0,76,19,-0.507795041577121,-1.0947925759504578
17,1557216000,222,787,565,1009,19,0.7708527021224842,-0.16296213043264382
17,1557230400,792,2408,1616,3200,19,3.1493638147389182,2.02529135952398
17,1557244800,702,578,0,1280,19,-0.507795041577121,0.10769815974455611
17,1557259200,1955,968,0,2923,19,-0.507795041577121,1.7486385905974695
17,1557273600,531,283,0,814,19,-0.507795041577121,-0.3577176897852416
17,1557288000,85,28,0,113,19,-0.507795041577121,-1.057838956996375
17,1557302400,195,676,481,871,19,0.580752860581304,-0.30078914166678994
17,1557316800,728,2074,1346,2802,19,2.538328609785125,1.627790269153037
17,1557331200,760,580,0,1340,19,-0.507795041577121,0.1676229472376631
17,1557345600,1837,888,0,2725,19,-0.507795041577121,1.5508867918702163
17,1557360000,552,280,0,832,19,-0.507795041577121,-0.33974025353730947
17,1557374400,86,34,0,120,19,-0.507795041577121,-1.0508477317888458
17,1557388800,204,715,511,919,19,0.6486456611317255,-0.25284931167230434
17,1557403200,779,1994,1215,2773,19,2.2418633807149506,1.598826621864702
17,1557417600,826,590,0,1416,19,-0.507795041577121,0.2435276780622653
17,1557432000,1897,959,0,2856,19,-0.507795041577121,1.6817225778968332
17,1557446400,574,349,0,923,19,-0.507795041577121,-0.24885432583943054
17,1557460800,89,39,0,128,19,-0.507795041577121,-1.0428577601230982
17,1557475200,185,650,465,835,19,0.5445433669544126,-0.33674401416265415
17,1557489600,708,1917,1209,2625,19,2.228284820604866,1.4510121460483714
17,1557504000,833,687,0,1520,19,-0.507795041577121,0.3473973097169841
17,1557518400,1696,826,0,2522,19,-0.507795041577121,1.348141260851871
17,1557532800,530,320,0,850,19,-0.507795041577121,-0.3217628172893774
17,1557547200,116,54,0,170,19,-0.507795041577121,-1.0009104088779233
17,1557561600,57,138,81,195,19,-0.32448448009098285,-0.9759417474224621
17,1557576000,248,292,44,540,19,-0.4082189341031694,-0.6313742193370969
17,1557590400,377,323,0,700,19,-0.507795041577121,-0.47157478602214487
17,1557604800,404,306,0,710,19,-0.507795041577121,-0.4615873214399604
17,1557619200,273,210,0,483,19,-0.507795041577121,-0.6883027674555485
17,1557633600,81,39,0,120,19,-0.507795041577121,-1.0508477317888458
17,1557648000,35,57,22,92,19,-0.45800698784014515,-1.0788126326189624
17,1557662400,191,247,56,438,19,-0.38106181388300076,-0.7332463580753787
17,1557676800,254,272,18,526,19,-0.46705936124686803,-0.6453566697521552
17,1557691200,267,309,42,576,19,-0.4127451208065308,-0.5954193468412327
17,1557705600,203,217,14,420,19,-0.4761117346535909,-0.7512237943233109
17,1557720000,25,26,1,51,19,-0.5055319482254402,-1.119761237405919
17,1557734400,217,638,421,855,19,0.44496725948046106,-0.31676908499828516
17,1557748800,765,2082,1317,2847,19,2.472698902586384,1.6727338597728671
17,1557763200,771,538,0,1309,19,-0.507795041577121,0.13666180703289116
17,1557777600,1905,1082,0,2987,19,-0.507795041577121,1.8125583639234502
17,1557792000,501,247,0,748,20,-0.5099244616105928,-0.4308977190842007
17,1557806400,62,34,0,96,20,-0.5099244616105928,-1.0883726808829275
17,1557820800,205,667,462,872,20,0.5855775593251848,-0.30585646868076183
17,1557835200,739,2140,1401,2879,20,2.8121498486297196,1.7179966729297362
17,1557849600,767,623,0,1390,20,-0.5099244616105928,0.21649327090779721
17,1557864000,1977,1013,0,2990,20,-0.5099244616105928,1.8299287599844274
17,1557878400,504,322,0,826,20,-0.5099244616105928,-0.352242738991715
17,1557892800,58,27,0,85,20,-0.5099244616105928,-1.0994650498703293
17,1557907200,195,699,504,894,20,0.6851686521375282,-0.2836717307059582
17,1557921600,741,2113,1372,2854,20,2.743384570259292,1.6927867434129138
17,1557936000,791,604,0,1395,20,-0.5099244616105928,0.22153525681116168
17,1557950400,1953,914,0,2867,20,-0.5099244616105928,1.7058959067616615
17,1557964800,576,339,0,915,20,-0.5099244616105928,-0.2624953899118274
17,1557979200,82,26,0,108,20,-0.5099244616105928,-1.0762719147148527
17,1557993600,203,672,469,875,20,0.6021760747939087,-0.30283127713874314
17,1558008000,720,2087,1367,2807,20,2.7315284877816324,1.6453920759212879
17,1558022400,782,633,0,1415,20,-0.5099244616105928,0.24170320042461954
17,1558036800,1943,964,0,2907,20,-0.5099244616105928,1.7462317939885772
17,1558051200,602,362,0,964,20,-0.5099244616105928,-0.2130839280588556
17,1558065600,82,47,0,129,20,-0.5099244616105928,-1.055095573920722
17,1558080000,209,653,444,862,20,0.542895662405609,-0.31594044048749076
17,1558094400,892,1907,1015,2799,20,1.8968602813543731,1.6373248984759048
17,1558108800,879,703,0,1582,20,-0.5099244616105928,0.4101055295969928
17,1558123200,1751,871,0,2622,20,-0.5099244616105928,1.4588385974968026
17,1558137600,522,305,0,827,20,-0.5099244616105928,-0.3512343418110421
17,1558152000,89,44,0,133,20,-0.5099244616105928,-1.0510619851980305
17,1558166400,58,149,91,207,20,-0.29414376051718205,-0.9764405938282363
17,1558180800,230,314,84,544,20,-0.310742275985906,-0.636610743941471
17,1558195200,367,308,0,675,20,-0.5099244616105928,-0.504510713273322
17,1558209600,414,384,0,798,20,-0.5099244616105928,-0.380477860050556
17,1558224000,307,247,0,554,20,-0.5099244616105928,-0.6265267721347421
17,1558238400,69,58,0,127,20,-0.5099244616105928,-1.0571123682820678
17,1558252800,47,65,18,112,20,-0.46724256469101705,-1.0722383259921613
17,1558267200,181,247,66,428,20,-0.3534241729054817,-0.7535848168995267
17,1558281600,306,298,0,604,20,-0.5099244616105928,-0.5761069131010974
17,1558296000,298,262,0,560,20,-0.5099244616105928,-0.6204763890507048
17,1558310400,232,153,0,385,20,-0.5099244616105928,-0.7969458956684612
17,1558324800,37,35,0,72,20,-0.5099244616105928,-1.112574213219077
17,1558339200,172,687,515,859,20,0.7112520335883801,-0.31896563202950945
17,1558353600,686,1910,1224,2596,20,2.3924445289205583,1.4326202707993072
17,1558368000,693,527,0,1220,20,-0.5099244616105928,0.04506575019340524
17,1558382400,1908,873,0,2781,20,-0.5099244616105928,1.6191737492237925
17,1558396800,503,308,0,811,21,-0.44897024455876955,-0.2176976485827314
17,1558411200,80,28,0,108,21,-0.44897024455876955,-0.9672884091720875
17,1558425600,214,660,446,874,21,0.7099260791390217,-0.15052237416291714
17,1558440000,802,2072,1270,2874,21,2.851026013504448,1.9820260201169013
17,1558454400,717,574,0,1291,21,-0.44897024455876955,0.29411396604442497
17,1558468800,1910,899,0,2809,21,-0.44897024455876955,1.9127181973028071
17,1558483200,543,328,0,871,21,-0.44897024455876955,-0.15372119675433685
17,1558497600,58,30,0,88,21,-0.44897024455876955,-0.9886138931148857
17,1558512000,174,673,499,847,21,0.8476424584125261,-0.17931177748569468
17,1558526400,727,2086,1359,2813,21,3.0822855937939173,1.9169832940913667
17,1558540800,818,665,0,1483,21,-0.44897024455876955,0.4988386118952875
17,1558555200,2006,906,0,2912,21,-0.44897024455876955,2.0225444396082177
17,1558569600,532,328,0,860,21,-0.44897024455876955,-0.16545021292287584
17,1558584000,81,29,0,110,21,-0.44897024455876955,-0.9651558607778077
17,1558598400,185,657,472,842,21,0.7774850576505522,-0.1846431484713942
17,1558612800,763,2165,1402,2928,21,3.194017750562987,2.0396048267624565
17,1558627200,829,641,0,1470,21,-0.44897024455876955,0.4849770473324687
17,1558641600,1904,913,0,2817,21,-0.44897024455876955,1.9212483908799265
17,1558656000,539,348,0,887,21,-0.44897024455876955,-0.1366608096000983
17,1558670400,89,41,0,130,21,-0.44897024455876955,-0.9438303768350095
17,1558684800,168,583,415,751,21,0.6293749893752739,-0.28167410041112595
17,1558699200,603,1691,1088,2294,21,2.378113163923735,1.3635869857757539
17,1558713600,1504,743,0,2247,21,-0.44897024455876955,1.3134720985101782
17,1558728000,1643,648,0,2291,21,-0.44897024455876955,1.3603881631843342
17,1558742400,575,293,0,868,21,-0.44897024455876955,-0.15692001934575658
17,1558756800,90,40,0,130,21,-0.44897024455876955,-0.9438303768350095
17,1558771200,56,130,74,186,21,-0.25668699802595213,-0.8841190217951747
17,1558785600,279,290,11,569,21,-0.4203875998038913,-0.47573600429058943
17,1558800000,419,257,0,676,21,-0.44897024455876955,-0.36164466519661914
17,1558814400,399,292,0,691,21,-0.44897024455876955,-0.3456505522395205
17,1558828800,263,201,0,464,21,-0.44897024455876955,-0.5876947949902799
17,1558843200,60,53,0,113,21,-0.44897024455876955,-0.961957038186388
17,1558857600,45,65,20,110,21,-0.39700179954989995,-0.9651558607778077
17,1558872000,200,215,15,415,21,-0.4099939108021174,-0.6399422306501354
17,1558886400,265,227,0,492,21,-0.44897024455876955,-0.5578391174703624
17,1558900800,221,218,0,439,21,-0.44897024455876955,-0.6143516499187776
17,1558915200,206,140,0,346,21,-0.44897024455876955,-0.7135151502527891
17,1558929600,39,35,0,74,21,-0.44897024455876955,-1.0035417318748445
17,1558944000,34,90,56,124,21,-0.30345859853393475,-0.950228022017849
17,1558958400,165,278,113,443,21,-0.1553485302586565,-0.610086553130218
17,1558972800,277,249,0,526,21,-0.44897024455876955,-0.5215857947676055
17,1558987200,273,290,17,563,21,-0.4047970663012304,-0.48213364947342885
17,1559001600,225,177,0,402,22,-0.4976971944036924,-0.7793044797760645
17,1559016000,24,25,1,49,22,-0.4953626755110238,-1.1234798809425803
17,1559030400,180,659,479,839,22,0.6205373551845903,-0.35322898314782836
17,1559044800,715,2042,1327,2757,22,2.6002093761676046,1.5168231965614556
17,1559059200,736,611,0,1347,22,-0.4976971944036924,0.14207159416829065
17,1559073600,1874,968,0,2842,22,-0.4976971944036924,1.599698293159625
17,1559088000,491,260,0,751,22,-0.4976971944036924,-0.439029083155345
17,1559102400,77,37,0,114,22,-0.4976971944036924,-1.0601048070733918
17,1559116800,191,668,477,859,22,0.6158683173992531,-0.33372896041884725
17,1559131200,756,2094,1338,2850,22,2.62588908398696,1.6074983022512175
17,1559145600,782,612,0,1394,22,-0.4976971944036924,0.18789664758139615
17,1559160000,1942,1021,0,2963,22,-0.4976971944036924,1.7176734306699606
17,1559174400,526,286,0,812,22,-0.4976971944036924,-0.37955401383195275
17,1559188800,62,23,0,85,22,-0.4976971944036924,-1.0883798400304143
17,1559203200,180,672,492,852,22,0.6508861007892828,-0.34055396837399066
17,1559217600,755,2090,1335,2845,22,2.618885527308954,1.6026232965689722
17,1559232000,792,706,0,1498,22,-0.4976971944036924,0.2892967657720977
17,1559246400,1905,1028,0,2933,22,-0.4976971944036924,1.688423396576489
17,1559260800,522,318,0,840,22,-0.4976971944036924,-0.35225398201137925
17,1559275200,83,50,0,133,22,-0.4976971944036924,-1.04157978548086
17,1559289600,197,658,461,855,22,0.5785160151165547,-0.3376289649646435
17,1559304000,714,1886,1172,2600,22,2.238358947803964,1.3637480181389543
17,1559318400,1241,647,0,1888,22,-0.4976971944036924,0.6695472089872284
17,1559332800,2080,754,0,2834,22,-0.4976971944036924,1.5918982840680327
17,1559347200,631,259,0,890,22,-0.4976971944036924,-0.3035039251889266
17,1559361600,130,51,0,181,22,-0.4976971944036924,-0.9947797309313053
17,1559376000,70,114,44,184,22,-0.3949783631262719,-0.9918547275219581
17,1559390400,303,302,0,605,22,-0.4976971944036924,-0.5813792490769067
17,1559404800,467,322,0,789,22,-0.4976971944036924,-0.401979039970281
17,1559419200,520,324,0,844,22,-0.4976971944036924,-0.34835397746558305
17,1559433600,343,206,0,549,22,-0.4976971944036924,-0.6359793127180537
17,1559448000,94,56,0,150,22,-0.4976971944036924,-1.025004766161226
17,1559462400,43,74,31,117,22,-0.42532710873096435,-1.0571798036640447
17,1559476800,253,246,0,499,22,-0.4976971944036924,-0.6847293695405064
17,1559491200,377,280,0,657,22,-0.4976971944036924,-0.530679189981556
17,1559505600,350,348,0,698,22,-0.4976971944036924,-0.4907041433871448
17,1559520000,282,174,0,456,22,-0.4976971944036924,-0.7266544184078156
17,1559534400,38,21,0,59,22,-0.4976971944036924,-1.1137298695780897
17,1559548800,181,644,463,825,22,0.5831850529018919,-0.36687899905811505
17,1559563200,796,2130,1334,2926,22,2.6165510084162853,1.6815983886213455
17,1559577600,824,611,0,1435,22,-0.4976971944036924,0.22787169417580733
17,1559592000,2406,842,0,3248,22,-0.4976971944036924,1.9955487545579407
17,1559606400,631,251,0,882,23,-0.5515107317851812,-0.2436587502745477
17,1559620800,76,34,0,110,23,-0.5515107317851812,-1.017059674456684
17,1559635200,180,668,488,848,23,0.6370753768086886,-0.27772044900795784
17,1559641684,100,864,764,964,23,1.3093085038003036,-0.16150994744691147
17,1559645356,37,249,212,286,23,-0.03515775018292631,-0.840740292777855
17,1559649600,787,2047,1260,2834,23,2.517379630567843,1.7118834828906466
17,1559649906,19,21,2,40,23,-0.5466394772417638,-1.0871867012607637
17,1559664000,820,610,0,1430,23,-0.5515107317851812,0.3053356881345335
17,1559678400,2381,740,0,3121,23,-0.5515107317851812,1.9994042927873734
17,1559692800,682,292,0,974,23,-0.5515107317851812,-0.15149180076061436
17,1559707200,60,38,0,98,23,-0.5515107317851812,-1.0290814504802406
17,1559721600,180,715,535,895,23,0.7515498585789999,-0.23063515958236147
17,1559736000,814,2030,1216,2844,23,2.410212030612658,1.7219016295769436
17,1559750400,1008,602,0,1610,23,-0.5515107317851812,0.4856623284878813
17,1559764800,2358,837,0,3195,23,-0.5515107317851812,2.0735385782659717
17,1559779200,685,295,0,980,23,-0.5515107317851812,-0.1454809127488361
17,1559793600,82,21,0,103,23,-0.5515107317851812,-1.0240723771370919
17,1559808000,191,720,529,911,23,0.7369360949487473,-0.2146061248842861
17,1559822400,845,2155,1310,3000,23,2.6391609941532805,1.8781847178831785
17,1559836800,800,634,0,1434,23,-0.5515107317851812,0.30934294680905233
17,1559851200,1894,853,0,2747,23,-0.5515107317851812,1.6247256067198619
17,1559865600,554,274,0,828,23,-0.5515107317851812,-0.29775674238055205
17,1559880000,84,35,0,119,23,-0.5515107317851812,-1.0080433424390165
17,1559894135,149,604,455,753,23,0.5566996768422998,-0.3728928425277803
17,1559894400,46,387,341,433,23,0.2790381678675024,-0.6934735364892876
17,1559908800,660,1839,1179,2499,23,2.3200938215594347,1.3762755688996937
17,1559923200,968,681,0,1649,23,-0.5515107317851812,0.52473310056444
17,1559937600,1639,833,0,2472,23,-0.5515107317851812,1.3492265728466915
17,1559952000,551,267,0,818,23,-0.5515107317851812,-0.30777488906684913
17,1559966400,87,48,0,135,23,-0.5515107317851812,-0.9920143077409412
17,1559980800,51,135,84,186,23,-0.34691804096164625,-0.940921759640826
17,1559995200,262,330,68,592,23,-0.3858880773089862,-0.5341850041771636
17,1560009600,380,254,0,634,23,-0.5515107317851812,-0.4921087880947158
17,1560024000,359,303,0,662,23,-0.5515107317851812,-0.46405797737308396
17,1560038400,261,218,0,479,23,-0.5515107317851812,-0.6473900617323209
17,1560052800,71,44,0,115,23,-0.5515107317851812,-1.0120506011135355
17,1560067200,32,69,37,101,23,-0.46139252273195747,-1.0260760064743513
17,1560081600,210,247,37,457,23,-0.46139252273195747,-0.6694299844421745
17,1560096000,280,289,9,569,23,-0.5295900863398024,-0.557226741555647
17,1560110400,291,279,0,570,23,-0.5515107317851812,-0.5562249268870173
17,1560124800,209,155,0,364,23,-0.5515107317851812,-0.7625987486247376
17,1560139200,27,36,9,63,23,-0.5295900863398024,-1.0641449638822804
17,1560153600,186,679,493,865,23,0.6492535131672323,-0.26068959964125277
17,1560168000,740,2128,1388,2868,23,2.829139921346563,1.7459451816240568
17,1560182400,783,585,0,1368,23,-0.5515107317851812,0.24322317867949145
17,1560196800,1930,925,0,2855,23,-0.5515107317851812,1.7329215909318705
17,1560211200,496,278,0,774,24,-0.6712749975001953,-0.7109662503050382
17,1560225600,65,24,0,89,24,-0.6712749975001953,-1.4174358474080777
17,1560240000,203,655,452,858,24,0.28853867727548566,-0.6243334821931327
17,1560254400,741,2174,1433,2915,24,2.3716741085917312,1.497137994071031
17,1560268800,769,599,0,1368,24,-0.6712749975001953,-0.09834881865656317
17,1560283200,1974,959,0,2933,24,-0.6712749975001953,1.5157021586664394
17,1560297600,556,313,0,869,24,-0.6712749975001953,-0.6129887149403831
17,1560312000,71,24,0,95,24,-0.6712749975001953,-1.4112477925429416
17,1560326400,188,726,538,914,24,0.4711580932726285,-0.5665783034518623
17,1560333131,536,1485,949,2021,24,1.3439090232124622,0.5751178191657503
17,1560340800,236,1264,1028,1500,24,1.5116640681400701,0.037788388376431295
17,1560355200,805,624,0,1429,24,-0.6712749975001953,-0.035436927527679365
17,1560369600,1944,927,0,2871,24,-0.6712749975001953,1.451758925060033
17,1560384000,570,351,0,921,24,-0.6712749975001953,-0.5593589061092035
17,1560398400,65,32,0,97,24,-0.6712749975001953,-1.4091851075878963
17,1560412800,170,769,599,939,24,0.6006904697357182,-0.5407947415137951
17,1560427200,896,2207,1311,3103,24,2.1126093556655516,1.691030379845296
17,1560441600,812,643,0,1455,24,-0.6712749975001953,-0.008622023112089545
17,1560456000,1973,896,0,2869,24,-0.6712749975001953,1.4496962401049875
17,1560470400,641,363,0,1004,24,-0.6712749975001953,-0.47375748047482064
17,1560484800,80,30,0,110,24,-0.6712749975001953,-1.3957776553801013
17,1560499200,179,666,487,845,24,0.36286053262316004,-0.6377409344009276
17,1560513600,733,1839,1106,2572,24,1.6772956314863159,1.14338752428075
17,1560528000,937,687,0,1624,24,-0.6712749975001953,0.16567485558924427
17,1560542400,1642,767,0,2409,24,-0.6712749975001953,0.9752787004445522
17,1561161600,9473,9087,0,18560,25,-0.3690032500979971,4.1570683707785125
17,1561176000,105,68,0,173,25,-0.3690032500979971,-0.3808237551970391
17,1561190400,59,133,74,192,25,-0.10074132163999093,-0.37613457532030364
17,1561196994,92,143,51,235,25,-0.18412002913369557,-0.3655222208624286
17,1561204800,202,260,58,462,25,-0.15874390076604633,-0.3094988612824835
17,1561219200,521,324,0,845,25,-0.3690032500979971,-0.2149748669251312
17,1561233600,565,297,0,862,25,-0.3690032500979971,-0.21077928493015735
17,1561248000,346,246,0,592,25,-0.3690032500979971,-0.2774149989679775
17,1561262400,66,52,0,118,25,-0.3690032500979971,-0.39439769694548393
17,1561276800,41,80,39,121,25,-0.2276219634782371,-0.3936573001228415
17,1561291200,228,237,9,465,25,-0.33637679933959097,-0.30875846445984106
17,1561305600,317,270,0,587,25,-0.3690032500979971,-0.27864899367238155
17,1561320000,356,334,0,690,25,-0.3690032500979971,-0.2532287027616576
17,1561334400,232,209,0,441,25,-0.3690032500979971,-0.3146816390409806
17,1561348800,31,40,9,71,25,-0.33637679933959097,-0.4059972471668823
17,1561363200,185,720,535,905,25,1.5704579894294801,-0.2001669304722823
17,1561377600,888,2047,1159,2935,25,3.832558575345641,0.3008349195157728
17,1561392000,892,539,0,1431,25,-0.3690032500979971,-0.07035068756897345
17,1561406400,2042,878,0,2920,25,-0.3690032500979971,0.2971329354025606
17,1561420800,541,293,0,834,26,-0.5116647008571901,-0.4121959496058538
17,1561435200,58,27,0,85,26,-0.5116647008571901,-1.1230593991262172
17,1561449600,244,638,394,882,26,0.499082281330321,-0.36663994750040996
17,1561464000,931,2123,1192,3054,26,2.54622972241061,1.6947691477709241
17,1561478400,986,618,0,1604,26,-0.5116647008571901,0.3185982508356412
17,1561492800,2181,933,0,3114,26,-0.5116647008571901,1.751714150402729
17,1561507200,535,336,0,871,26,-0.5116647008571901,-0.37707986464957416
17,1561521600,98,32,0,130,26,-0.5116647008571901,-1.0803506471523636
17,1561536000,207,741,534,948,26,0.8582309552040559,-0.3040004446054247
17,1561550400,1022,2176,1154,3198,26,2.448746510930596,1.8314371540872556
17,1561564800,963,664,0,1627,26,-0.5116647008571901,0.3404271685111664
17,1561579200,2119,887,0,3006,26,-0.5116647008571901,1.6492131456654802
17,1561593600,587,348,0,935,26,-0.5116647008571901,-0.31633852850898236
17,1561608000,92,40,0,132,26,-0.5116647008571901,-1.07845248039797
17,1561622400,186,656,470,842,26,0.6940487042903485,-0.4046032825882798
17,1561636800,883,2153,1270,3036,26,2.7463268407116908,1.6776856469813826
17,1561651200,962,654,0,1616,26,-0.5116647008571901,0.3299872513620022
17,1561665600,2164,903,0,3067,26,-0.5116647008571901,1.7071072316744818
17,1561680000,616,355,0,971,26,-0.5116647008571901,-0.2821715269298995
17,1561694400,96,57,0,153,26,-0.5116647008571901,-1.0585217294768383
17,1561708800,172,665,493,837,26,0.7530517007124621,-0.40934869947426356
17,1561723200,864,2004,1140,2868,26,2.4128316435432224,1.5182396396123292
17,1561737600,1092,638,0,1730,26,-0.5116647008571901,0.4381827563624313
17,1561752000,1896,806,0,2702,26,-0.5116647008571901,1.3606917989976692
17,1561766400,527,299,0,826,26,-0.5116647008571901,-0.41978861662342776
17,1561780800,123,55,0,178,26,-0.5116647008571901,-1.0347946450469196
17,1561795200,59,115,56,174,26,-0.3680052313076961,-1.0385909785557066
17,1561809600,308,282,0,590,26,-0.5116647008571901,-0.6437722936418601
17,1561824000,422,326,0,748,26,-0.5116647008571901,-0.493817120044774
17,1561838400,485,335,0,820,26,-0.5116647008571901,-0.4254831168866083
17,1561852800,298,270,0,568,26,-0.5116647008571901,-0.6646521279401885
17,1561867200,78,64,0,142,26,-0.5116647008571901,-1.0689616466260026
17,1561881600,42,69,27,111,26,-0.44240031375296973,-1.0983832313191018
17,1561896000,338,243,0,581,26,-0.5116647008571901,-0.6523140440366307
17,1561910400,472,282,0,754,26,-0.5116647008571901,-0.48812261978159355
17,1561924800,359,354,0,713,26,-0.5116647008571901,-0.5270350382466602
17,1561939200,235,280,45,515,26,-0.3962240556834895,-0.7149535469316161
17,1561953600,31,38,7,69,26,-0.49370726716350327,-1.138244733161365
17,1561968000,207,684,477,891,26,0.7120061379840352,-0.3580981971056392
17,1561982400,868,1986,1118,2854,26,2.356393994791636,1.5049524723315746
17,1561996800,907,595,0,1502,26,-0.5116647008571901,0.22179174636157303
17,1562011200,2087,904,0,2991,26,-0.5116647008571901,1.634976895007529
17,1562025600,479,307,0,786,27,-0.48108544411565535,0.05975957130685729
17,1562040000,69,27,0,96,27,-0.48108544411565535,-0.8130909292393997
17,1562054400,174,677,503,851,27,1.46026693043039,0.14198461845976557
17,1562063271,663,1698,1035,2361,27,3.5135461814413165,2.052135713858096
17,1562068800,257,1211,954,1468,27,3.2009228368325098,0.9224900660496794
17,1562083200,911,569,0,1480,27,-0.48108544411565535,0.9376700747548317
17,1562097600,2045,875,0,2920,27,-0.48108544411565535,2.7592711193731074
17,1562112000,501,319,0,820,27,-0.48108544411565535,0.10276959597145546
17,1562126400,79,41,0,120,27,-0.48108544411565535,-0.782730911829095
17,1562140800,178,654,476,832,27,1.356059148894121,0.11794960467660776
17,1562155200,888,1706,818,2594,27,2.6760243816868594,2.3468808828831365
17,1562169600,1350,657,0,2007,27,-0.48108544411565535,1.6043254570561034
17,1562184000,1556,682,0,2238,27,-0.48108544411565535,1.8965406246302852
17,1562198400,478,265,0,743,27,-0.48108544411565535,0.005364540113394896
17,1562212800,61,42,0,103,27,-0.48108544411565535,-0.8042359241613942
17,1562227200,71,110,39,181,27,-0.3305630930077115,-0.7055658675779043
17,1562241600,289,209,0,498,27,-0.48108544411565535,-0.3045606376167978
17,1562256000,337,205,0,542,27,-0.48108544411565535,-0.24890060569790604
17,1562270400,412,237,0,649,27,-0.48108544411565535,-0.11354552807696475
17,1562284800,244,188,0,432,27,-0.48108544411565535,-0.38805068549513544
17,1562299200,47,54,7,101,27,-0.45406861186551156,-0.8067659256122529
17,1562313600,91,371,280,462,27,0.5995878458900955,-0.3501006637322547
17,1562315443,9,97,88,106,27,-0.1414452672567051,-0.8004409219851061
17,1562315524,1,7,6,8,27,-0.45792815932981784,-0.9244109930771832
17,1562315606,61,177,116,238,27,-0.033377938256130016,-0.6334608262284308
17,1562315686,2,4,2,6,27,-0.47336634918704285,-0.9269409945280419
17,1562328000,395,754,359,1149,27,0.9044920955702894,0.5189548346377142
17,1562342400,708,433,0,1141,27,-0.48108544411565535,0.5088348288342793
17,1562356800,925,496,0,1421,27,-0.48108544411565535,0.8630350319544996
17,1562371200,388,230,0,618,27,-0.48108544411565535,-0.15276055056527485
17,1562385600,68,37,0,105,27,-0.48108544411565535,-0.8017059227105354
17,1562400000,49,113,64,162,27,-0.23407440640005517,-0.729600881361062
17,1562414400,255,282,27,537,27,-0.37687766257938654,-0.25522560932505284
17,1562428800,325,250,0,575,27,-0.48108544411565535,-0.20715558175873725
17,1562443200,344,251,0,595,27,-0.48108544411565535,-0.1818555672501501
17,1562457600,251,174,0,425,27,-0.48108544411565535,-0.3969056905731409
17,1562472000,56,41,0,97,27,-0.48108544411565535,-0.8118259285139703
17,1562486400,44,78,34,122,27,-0.34986083032924276,-0.7802009103782364
17,1562500800,177,232,55,409,27,-0.26881033357881146,-0.4171457021800107
17,1562515200,272,296,24,568,27,-0.38845630497230527,-0.21601058683674274
17,1562529600,266,301,35,567,27,-0.3460012828649365,-0.2172755875621721
17,1562544000,230,174,0,404,27,-0.48108544411565535,-0.42347070580715745
17,1562558400,30,24,0,54,27,-0.48108544411565535,-0.8662209597074327
17,1562572800,183,659,476,842,27,1.356059148894121,0.13059961193090133
17,1562574570,20,183,163,203,27,0.14802079256626385,-0.6777358516184584
17,1562574651,1,2,1,3,27,-0.4772258966513491,-0.9307359967043299
17,1562574733,140,354,214,494,27,0.34485771324588277,-0.30962064051851523
17,1562574815,11,5,0,16,27,-0.48108544411565535,-0.9142909872737484
17,1562574897,12,10,0,22,27,-0.48108544411565535,-0.9067009829211722
17,1562574978,9,44,35,53,27,-0.3460012828649365,-0.8674859604328621
17,1562575066,13,43,30,56,27,-0.36529902018646776,-0.863690958256574
17,1562587200,725,1615,890,2340,27,2.9539117991169097,2.0255706986240796
17,1562601600,763,532,0,1295,27,-0.48108544411565535,0.7036449405504005
17,1562616000,2023,955,0,2978,27,-0.48108544411565535,2.83264116144801
17,1562630400,497,281,0,778,28,-0.42628359856839243,-0.07703984716621659
17,1562644800,59,27,0,86,28,-0.42628359856839243,-0.7987890165334238
17,1562659200,193,738,545,931,28,0.9869702535778762,0.08253764259271795
17,1562673600,789,2156,1367,2945,28,3.118520100301239,2.183119762687451
17,1562688000,764,595,0,1359,28,-0.42628359856839243,0.5289374178660773
17,1562702400,1978,1005,0,2983,28,-0.42628359856839243,2.222753387594899
17,1562716800,530,293,0,823,28,-0.42628359856839243,-0.030105291354765258
17,1562731200,74,44,0,118,28,-0.42628359856839243,-0.7654133324008362
17,1562745600,167,770,603,937,28,1.1373715809622496,0.08879558336757813
17,1562760000,825,2197,1372,3022,28,3.131485731972306,2.2634300026314897
17,1562774400,747,626,0,1373,28,-0.42628359856839243,0.5435392796740844
17,1562788800,1969,849,0,2818,28,-0.42628359856839243,2.050660016286244
17,1562803200,573,345,0,918,28,-0.42628359856839243,0.06897877091385422
17,1562817600,84,37,0,121,28,-0.42628359856839243,-0.7622843620134061
17,1562832000,171,742,571,913,28,1.054391538267423,0.06376382026813741
17,1562846400,805,2023,1218,2828,28,2.732144276503452,2.061089917577678
17,1562860800,822,674,0,1496,28,-0.42628359856839243,0.6718270655587181
17,1562875200,1959,980,0,2939,28,-0.42628359856839243,2.1768618219125906
17,1562889600,557,342,0,899,28,-0.42628359856839243,0.04916195846013033
17,1562904000,85,28,0,113,28,-0.42628359856839243,-0.7706282830465531
17,1562918400,159,680,521,839,28,0.924735221556756,-0.013417449288471451
17,1562932800,672,1930,1258,2602,28,2.8358693298719855,1.8253741483912775
17,1562947200,960,658,0,1618,28,-0.42628359856839243,0.7990718613142084
17,1562954770,1005,416,0,1421,28,-0.42628359856839243,0.5936028058729659
17,1562954850,13,18,5,31,28,-0.41331796689732575,-0.8561534736363088
17,1562954931,13,9,0,22,28,-0.42628359856839243,-0.8655403847985991
17,1562955011,16,4,0,20,28,-0.42628359856839243,-0.8676263650568857
17,1562955091,10,3,0,13,28,-0.42628359856839243,-0.8749272959608894
17,1562955171,12,7,0,19,28,-0.42628359856839243,-0.8686693551860292
17,1562955258,617,364,0,981,28,-0.42628359856839243,0.1346871490498861
17,1562955335,5,5,0,10,28,-0.42628359856839243,-0.8780562663483195
17,1562955415,6,3,0,9,28,-0.42628359856839243,-0.8790992564774628
17,1562955495,5,1,0,6,28,-0.42628359856839243,-0.8822282268648929
17,1562955575,5,1,0,6,28,-0.42628359856839243,-0.8822282268648929
17,1562955662,62,22,0,84,28,-0.42628359856839243,-0.8008749967917106
17,1562955743,15,21,6,36,28,-0.4107248405631124,-0.8509385229905919
17,1562955823,9,4,0,13,28,-0.42628359856839243,-0.8749272959608894
17,1562955904,11,4,0,15,28,-0.42628359856839243,-0.8728413157026026
17,1562955984,13,2,0,15,28,-0.42628359856839243,-0.8728413157026026
17,1562956064,9,2,0,11,28,-0.42628359856839243,-0.877013276219176
17,1562961600,423,286,0,709,28,-0.42628359856839243,-0.14900616607710865
17,1562976000,524,316,0,840,28,-0.42628359856839243,-0.012374459159328088
17,1562990400,122,69,0,191,28,-0.42628359856839243,-0.6892750529733707
17,1563004800,54,130,76,184,28,-0.22920599716817883,-0.6965759838773743
17,1563019200,237,308,71,545,28,-0.2421716288392455,-0.3200565472566202
17,1563033600,328,264,0,592,28,-0.42628359856839243,-0.27103601118688214
17,1563048000,337,385,48,722,28,-0.3018135345261523,-0.13544729439824493
17,1563062400,228,202,0,430,28,-0.42628359856839243,-0.4400004121081069
17,1563076800,56,26,0,82,28,-0.42628359856839243,-0.8029609770499972
17,1563091200,48,72,24,120,28,-0.36404856654727236,-0.7633273521425494
17,1563105600,213,200,0,413,28,-0.42628359856839243,-0.4577312443035441
17,1563120000,248,296,48,544,28,-0.3018135345261523,-0.3210995373857635
17,1563134400,303,307,4,610,28,-0.4159110932315391,-0.25226218886230156
17,1563148800,225,233,8,458,28,-0.4055385878946857,-0.4107966884920928
17,1563163200,35,31,0,66,28,-0.42628359856839243,-0.8196488191162911
17,1563177600,166,714,548,880,28,0.9947496325805161,0.029345146006406433
17,1563192000,704,2110,1406,2814,28,3.219652027335559,2.0464880557696707
17,1563206400,678,494,0,1172,28,-0.42628359856839243,0.33389826371626846
17,1563220800,1783,934,0,2717,28,-0.42628359856839243,1.9453180132427643
17,1563235200,527,291,0,818,29,-0.5669867557251952,-0.21095559842737027
17,1563249600,55,34,0,89,29,-0.5669867557251952,-0.9335986923575332
17,1563264000,186,768,582,954,29,0.771239081530859,-0.07614152329087898
17,1563278400,829,2117,1288,2946,29,2.3945852002641477,1.898488165473023
17,1563279645,42,39,0,81,29,-0.5669867557251952,-0.9415289320714445
17,1563291866,621,644,23,1265,29,-0.5141015422253855,0.23214654558742098
17,1563292800,460,552,92,1012,29,-0.3554459017259564,-0.018647285365022387
17,1563307200,2007,902,0,2909,29,-0.5669867557251952,1.8618108067961836
17,1563321600,548,311,0,859,29,-0.5669867557251952,-0.17031311989357512
17,1563336000,90,27,0,117,29,-0.5669867557251952,-0.9058428533588438
17,1563350400,164,722,558,886,29,0.7160545109223618,-0.14354856085912462
17,1563352588,31,277,246,308,29,-0.0013449069881001658,-0.7165083801892127
17,1563352669,2,11,9,13,29,-0.5462925417470088,-1.0089359696396902
17,1563352751,199,503,304,702,29,0.13201780531576776,-0.32594407427908345
17,1563352832,13,11,0,24,29,-0.5669867557251952,-0.9980318900330621
17,1563364800,580,1616,1036,2196,29,1.8151472088749285,1.155028192293843
17,1563379200,723,563,0,1286,29,-0.5669867557251952,0.252963424836438
17,1563393600,2003,1091,0,3094,29,-0.5669867557251952,2.0451976001803813
17,1563408000,516,377,0,893,29,-0.5669867557251952,-0.13660960110945228
17,1563422400,92,30,0,122,29,-0.5669867557251952,-0.9008864535376493
17,1563436800,182,781,599,963,29,0.8103281523785444,-0.06722000361272881
17,1563451200,1122,2317,1195,3439,29,2.1807449891562216,2.387189187842804
17,1563465600,1046,573,0,1619,29,-0.5669867557251952,0.583059652927994
17,1563480000,2112,832,0,2944,29,-0.5669867557251952,1.8965056055445453
17,1563494400,568,265,0,833,29,-0.5669867557251952,-0.19608639896378668
17,1563508800,87,48,0,135,29,-0.5669867557251952,-0.8879998140025436
17,1563523200,147,879,732,1026,29,1.1161426478339656,-0.004769365865677695
17,1563526114,37,340,303,377,29,0.1297184482070804,-0.6481100626567281
17,1563526195,1,20,19,21,29,-0.523298970660135,-1.0010057299257789
17,1563526305,275,792,517,1067,29,0.6217808694661794,0.03587311266811748
17,1563526405,12,38,26,50,29,-0.5072034708993234,-0.9722586109628506
17,1563537600,641,1466,825,2107,29,1.3299828589418918,1.0668042754765803
17,1563552000,1273,510,0,1783,29,-0.5669867557251952,0.7456295670631746
17,1563566400,1993,687,0,2680,29,-0.5669867557251952,1.634807694985474
17,1563580800,463,239,0,702,29,-0.5669867557251952,-0.32594407427908345
17,1563595200,87,95,8,182,29,-0.5485918988556961,-0.8414096556833149
17,1563609600,53,171,118,224,29,-0.29566261690008455,-0.7997758971852809
17,1563621199,135,313,178,448,29,-0.15770119037884187,-0.5777291851957658
17,1563624000,78,190,112,268,29,-0.3094587595522088,-0.7561595787587689
17,1563638400,308,299,0,607,29,-0.5669867557251952,-0.4201156708817796
17,1563652800,289,295,6,584,29,-0.5531906130730709,-0.4429151100592744
17,1563667200,243,198,0,441,29,-0.5669867557251952,-0.5846681449454381
17,1563681600,61,46,0,107,29,-0.5669867557251952,-0.915755653001233
17,1563696000,37,78,41,115,29,-0.4727131142690127,-0.9078254132873217
17,1563710400,151,272,121,423,29,-0.2887645455740224,-0.6025111843017384
17,1563724800,218,290,72,508,29,-0.40143304389970397,-0.5182523873414313
17,1563739200,247,272,25,519,29,-0.5095028280080107,-0.5073483077348033
17,1563753600,225,159,0,384,29,-0.5669867557251952,-0.6411711029070558
17,1563768000,29,35,6,64,29,-0.5531906130730709,-0.9583806914635059
17,1563782400,141,760,619,901,29,0.8563152945522919,-0.12867936139554104
17,1563796800,663,2548,1885,3211,29,3.7673013941505125,2.1611773559963336
17,1563811200,663,2187,1524,2850,29,2.937233477914369,1.803325288906088
17,1563825600,1812,665,0,2477,29,-0.5669867557251952,1.433577862244976
17,1563840000,418,143,0,561,30,-0.5476869250376956,-0.5759299860510138
17,1563854400,73,25,0,98,30,-0.5476869250376956,-1.0482097298754818
17,1563868800,159,821,662,980,30,0.7974247741611236,-0.1485321185295191
17,1563879288,668,1956,1288,2624,30,2.069388405125566,1.5284179869724792
17,1563883200,191,1352,1161,1543,30,1.8113382755209586,0.4257518896198878
17,1563888341,173,192,19,365,30,-0.5090810001362188,-0.7758583441278943
17,1563897600,543,610,67,1153,30,-0.411550242490383,0.027935258752625463
17,1563912000,1878,841,0,2719,30,-0.5476869250376956,1.6253220380811713
17,1563926400,550,227,0,777,30,-0.5476869250376956,-0.35560077510914545
17,1563940800,84,25,0,109,30,-0.5476869250376956,-1.0369892607997384
17,1563955200,181,934,753,1115,30,0.982326835531354,-0.010826361690851381
17,1563969600,826,2347,1521,3173,30,2.5428189578647276,2.0884213981163944
17,1563984000,677,540,0,1217,30,-0.5476869250376956,0.09321798792058647
17,1563998400,1938,759,0,2697,30,-0.5476869250376956,1.6028810999296845
17,1564012800,544,181,0,725,30,-0.5476869250376956,-0.40864299255811376
17,1564027200,93,36,0,129,30,-0.5476869250376956,-1.0165884079347505
17,1564041600,170,951,781,1121,30,1.039219777491425,-0.004706105831355038
17,1564056000,858,2179,1321,3037,30,2.136440801007078,1.9496955986344775
17,1564070400,763,525,0,1288,30,-0.5476869250376956,0.1656410155912932
17,1564084800,1837,736,0,2573,30,-0.5476869250376956,1.4763958121667602
17,1564099200,621,252,0,873,30,-0.5476869250376956,-0.2576766813572039
17,1564113600,102,25,0,127,30,-0.5476869250376956,-1.0186284932212493
17,1564128000,146,867,721,1013,30,0.9173063304341301,-0.11487071130228924
17,1564142400,711,2062,1351,2773,30,2.1973975245357256,1.6804043408166383
17,1564156800,962,538,0,1500,30,-0.5476869250376956,0.381890055960164
17,1564171200,1822,526,0,2348,30,-0.5476869250376956,1.2468862174356472
17,1564185600,471,204,0,675,30,-0.5476869250376956,-0.4596451247205833
17,1564200000,127,25,0,152,30,-0.5476869250376956,-0.9931274271400146
17,1564214400,80,80,0,160,30,-0.5476869250376956,-0.9849670859940195
17,1564228800,375,176,0,551,30,-0.5476869250376956,-0.5861304124835077
17,1564243200,475,187,0,662,30,-0.5476869250376956,-0.4729056790828253
17,1564257600,463,180,0,643,30,-0.5476869250376956,-0.49228648930456376
17,1564272000,299,111,0,410,30,-0.5476869250376956,-0.7299564251816718
17,1564286400,50,17,0,67,30,-0.5476869250376956,-1.0798310518162129
17,1564300800,36,36,0,72,30,-0.5476869250376956,-1.0747308385999659
17,1564315200,238,155,0,393,30,-0.5476869250376956,-0.7472971501169114
17,1564329600,315,141,0,456,30,-0.5476869250376956,-0.6830344635921998
17,1564344000,320,155,0,475,30,-0.5476869250376956,-0.6636536533704614
17,1564358400,178,75,0,253,30,-0.5476869250376956,-0.8901031201718261
17,1564372800,24,17,0,41,30,-0.5476869250376956,-1.106352160540697
17,1564387200,150,827,677,977,30,0.8279031359254473,-0.1515922464592673
17,1564401600,718,2256,1538,2974,30,2.5773611011976274,1.885432912109766
17,1564416000,644,488,0,1132,30,-0.5476869250376956,0.006514363244388259
17,1564430400,1947,849,0,2796,30,-0.5476869250376956,1.7038653216113744
17,1564444800,484,157,0,641,31,-0.6619075495853489,-0.8164572801999533
17,1564459200,57,19,0,76,31,-0.6619075495853489,-1.3427782081539048
17,1564473600,175,943,768,1118,31,0.6860407383339033,-0.3721120012016616
17,1564488000,829,2238,1409,3067,31,1.8110861192665084,1.4434623148731196
17,1564502400,760,494,0,1254,31,-0.6619075495853489,-0.24542236190655117
17,1564516800,2009,868,0,2877,31,-0.6619075495853489,1.266469436446127
17,1564531200,540,178,0,718,31,-0.6619075495853489,-0.7447285873637511
17,1564545600,73,21,0,94,31,-0.6619075495853489,-1.3260104617766109
17,1564560000,148,958,810,1106,31,0.7597566603294874,-0.3832904987865243
17,1564574400,829,2413,1584,3242,31,2.118235794248109,1.6064820713190338
17,1564588800,783,529,0,1312,31,-0.6619075495853489,-0.1913929569130482
17,1564603200,2030,1080,0,3110,31,-0.6619075495853489,1.483518597885544
17,1564617600,594,180,0,774,31,-0.6619075495853489,-0.6925622653010586
17,1564632000,75,24,0,99,31,-0.6619075495853489,-1.3213527544495847
17,1564646400,146,990,844,1136,31,0.8194314543259126,-0.3553442548243676
17,1564660800,798,2304,1506,3102,31,1.9813347962563097,1.4760662661623023
17,1564675200,806,526,0,1332,31,-0.6619075495853489,-0.17276212760494372
17,1564689600,2021,805,0,2826,31,-0.6619075495853489,1.2189608217104606
17,1564704000,600,205,0,805,31,-0.6619075495853489,-0.6636844798734967
17,1564718400,77,38,0,115,31,-0.6619075495853489,-1.306448091003101
17,1564732800,133,870,737,1003,31,0.6316313673371626,-0.47923926972326236
17,1564747200,705,2098,1393,2803,31,1.7830038632681906,1.1975353680061405
17,1564761600,944,582,0,1526,31,-0.6619075495853489,0.00795691668366969
17,1564776000,1671,612,0,2283,31,-0.6619075495853489,0.7131338059954241
17,1565395200,9668,9420,0,19088,32,-0.34530151666153347,4.065454431598497
17,1565409600,96,30,0,126,32,-0.34530151666153347,-0.3644047008067035
17,1565424000,61,70,9,131,32,-0.31525917203254933,-0.3632366122262781
17,1565438400,365,170,0,535,32,-0.34530151666153347,-0.2688550549279076
17,1565452800,431,173,0,604,32,-0.34530151666153347,-0.25273543251803743
17,1565467200,475,185,0,660,32,-0.34530151666153347,-0.2396528404172732
17,1565481600,251,129,0,380,32,-0.34530151666153347,-0.3050658009210943
17,1565496000,54,32,0,86,32,-0.34530151666153347,-0.3737494094501065
17,1565510400,29,28,0,57,32,-0.34530151666153347,-0.3805243232165737
17,1565524800,238,124,0,362,32,-0.34530151666153347,-0.3092709198106257
17,1565539200,287,125,0,412,32,-0.34530151666153347,-0.2975900340063719
17,1565553600,252,153,0,405,32,-0.34530151666153347,-0.29922535801896744
17,1565568000,205,99,0,304,32,-0.34530151666153347,-0.3228207473435601
17,1565582400,31,9,0,40,32,-0.34530151666153347,-0.38449582439002
17,1565596800,154,867,713,1021,32,2.03471978561243,-0.15531684491056097
17,1565611200,659,1799,1140,2458,32,3.4600621363431214,0.18039181310369243
17,1565625600,664,489,0,1153,32,-0.34530151666153347,-0.12447930638733101
17,1565640000,1827,696,0,2523,32,-0.34530151666153347,0.19557696464922233
17,1565654400,460,161,0,621,33,-0.5899639003727327,-0.5404213351852689
17,1565668800,61,22,0,83,33,-0.5899639003727327,-1.1379948519316108
17,1565682486,118,807,689,925,33,0.9577468649180051,-0.20275897628027276
17,1565683200,49,436,387,485,33,0.2793598531359981,-0.691480811537504
17,1565697600,781,2140,1359,2921,33,2.462777652646299,2.014260985477531
17,1565705935,339,286,0,625,33,-0.5899639003727327,-0.5359784094102031
17,1565712000,444,453,9,897,33,-0.5697470688957855,-0.2338594567057329
17,1565726400,1918,794,0,2712,33,-0.5899639003727327,1.782118113730346
17,1565740800,465,168,0,633,33,-0.5899639003727327,-0.5270925578600717
17,1565755200,50,28,0,78,33,-0.5899639003727327,-1.143548509150443
17,1565769600,173,880,707,1053,33,0.9981805278718996,-0.06058535147816911
17,1565784000,748,2073,1325,2821,33,2.3864029559556097,1.9031878411008873
17,1565798400,731,548,0,1279,33,-0.5899639003727327,0.1904399548130451
17,1565812800,1965,796,0,2761,33,-0.5899639003727327,1.8365439544749012
17,1565827200,591,225,0,816,33,-0.5899639003727327,-0.3238287036508141
17,1565841600,313,144,0,457,33,-0.5899639003727327,-0.7225812919629642
17,1565856000,150,891,741,1041,33,1.0745552245625891,-0.07391412880336633
17,1565870400,711,2064,1353,2775,33,2.449299764995001,1.8520941946876313
17,1565884800,783,526,0,1309,33,-0.5899639003727327,0.22376189812603814
17,1565899200,1925,726,0,2651,33,-0.5899639003727327,1.7143634956605933
17,1565913600,610,228,0,838,33,-0.5899639003727327,-0.2993926118879526
17,1565928000,79,33,0,112,33,-0.5899639003727327,-1.1057836400623842
17,1565942400,134,917,783,1051,33,1.168900438121676,-0.06280681436570199
17,1565956800,611,1851,1240,2462,33,2.1954662142288854,1.5044352527887372
17,1565971200,975,505,0,1480,33,-0.5899639003727327,0.41369697501009844
17,1565985600,1556,544,0,2100,33,-0.5899639003727327,1.102350470145288
17,1566000000,409,198,0,607,33,-0.5899639003727327,-0.5559715753979989
17,1566014400,196,213,17,409,33,-0.551776552027388,-0.775896401263753
17,1566028800,52,222,170,274,33,-0.2080904169192851,-0.9258451461722217
17,1566043200,237,435,198,672,33,-0.14519360787989372,-0.4837740315531807
17,1566057600,305,414,109,719,33,-0.3451156080408163,-0.4315696536961583
17,1566072000,385,395,10,780,33,-0.5675007542872358,-0.36381503562640577
17,1566086400,273,285,12,558,33,-0.5630081250701364,-0.6103974161425543
17,1566100800,70,58,0,128,33,-0.5899639003727327,-1.088011936962121
17,1566115200,34,105,71,139,33,-0.4304755631657046,-1.0757938910806903
17,1566129600,179,310,131,489,33,-0.2956966866527231,-0.6870378857624382
17,1566144000,237,332,95,569,33,-0.376564012560512,-0.5981793702611234
17,1566158400,273,337,64,610,33,-0.44619976542555245,-0.5526393810666996
17,1566172800,244,137,0,381,33,-0.5899639003727327,-0.8069968816892131
17,1566187200,28,28,0,56,33,-0.5899639003727327,-1.1679846009133044
17,1566201600,156,878,722,1034,33,1.0318752470001449,-0.08168924890973137
17,1566216000,669,2033,1364,2702,33,2.4740092256890476,1.7710107992926816
17,1566230400,667,464,0,1131,33,-0.5899639003727327,0.026051701135612785
17,1566244800,1792,696,0,2488,33,-0.5899639003727327,1.5333142703266645
17,1566259200,467,180,0,647,34,-0.585843655640201,-0.44757610266641884
17,1566273600,48,24,0,72,34,-0.585843655640201,-1.1097153674757918
17,1566288000,151,836,685,987,34,1.023987476235855,-0.05605027651826789
17,1566291375,52,522,470,574,34,0.5187120114864359,-0.5316390006335219
17,1566291458,267,778,511,1045,34,0.6150668675549298,0.010739423236416685
17,1566302400,427,1365,938,1792,34,1.6185674417316827,0.8709446942148542
17,1566310018,162,233,71,395,34,-0.418985246350858,-0.7377658326350484
17,1566310102,274,283,9,557,34,-0.5646925896739463,-0.5512152919409294
17,1566316800,475,212,0,687,34,-0.585843655640201,-0.4015142407666364
17,1566331200,1973,637,0,2610,34,-0.585843655640201,1.8129097700654055
17,1566345600,535,221,0,756,34,-0.585843655640201,-0.3220575289895116
17,1566360000,48,19,0,67,34,-0.585843655640201,-1.1154731002132645
17,1566374400,155,925,770,1080,34,1.2237475436949274,0.05104355239872634
17,1566388800,688,2035,1347,2723,34,2.5797658839759263,1.943034529932291
17,1566403200,745,459,0,1204,34,-0.585843655640201,0.19383532428805197
17,1566417600,1946,799,0,2745,34,-0.585843655640201,1.9683685539771714
17,1566432000,557,212,0,769,34,-0.585843655640201,-0.3070874238720823
17,1566446400,70,19,0,89,34,-0.585843655640201,-1.0901390761683842
17,1566460800,137,945,808,1082,34,1.3130520444413363,0.05334664549371546
17,1566475200,695,2046,1351,2741,34,2.5891663577387063,1.9637623677871932
17,1566489600,733,527,0,1260,34,-0.585843655640201,0.2583219309477474
17,1566504000,1957,628,0,2585,34,-0.585843655640201,1.7841211063780416
17,1566518400,585,225,0,810,34,-0.585843655640201,-0.2598740154248053
17,1566532800,69,30,0,99,34,-0.585843655640201,-1.0786236106934386
17,1566547200,137,818,681,955,34,1.014587002473075,-0.09289976603809386
17,1566561600,683,1869,1186,2552,34,2.2013968150240357,1.7461200703107211
17,1566576000,934,599,0,1533,34,-0.585843655640201,0.5726941384137627
17,1566590400,1523,481,0,2004,34,-0.585843655640201,1.1150725622837012
17,1566604800,335,244,0,579,34,-0.585843655640201,-0.525881267896049
17,1566619200,75,50,0,125,34,-0.585843655640201,-1.04868340045858
17,1566633600,52,184,132,236,34,-0.2756280214684647,-0.9208617336866837
17,1566648000,229,368,139,597,34,-0.2591771923835999,-0.5051534300411469
17,1566662400,319,363,44,682,34,-0.48243844424962223,-0.4072719735041092
17,1566676800,323,339,16,662,34,-0.5482417605890815,-0.43030290445400043
17,1566691200,250,220,0,470,34,-0.585843655640201,-0.6513998415729563
17,1566705600,62,51,0,113,34,-0.585843655640201,-1.0625019590285147
17,1566720000,33,84,51,117,34,-0.46598761516475745,-1.0578957728385365
17,1566734400,162,280,118,442,34,-0.30852967963819433,-0.683643144902804
17,1566748800,240,340,100,580,34,-0.3508318115707038,-0.5247297213485544
17,1566763200,246,284,38,530,34,-0.4965391548937921,-0.5823070487232825
17,1566777600,225,155,0,380,34,-0.585843655640201,-0.7550390308474668
17,1566792000,27,29,2,56,34,-0.581143418758811,-1.1281401122357049
17,1566806400,136,622,486,758,34,0.5563139065375554,-0.3197544358945225
17,1566820800,632,2146,1514,2778,34,2.9722356635719867,2.006369590044492
17,1566835200,1112,466,0,1578,34,-0.585843655640201,0.624513733051018
17,1566849600,1872,666,0,2538,34,-0.585843655640201,1.7299984186457973
17,1566864000,459,204,0,663,35,-0.521154367878973,-0.32641201847239004
17,1566878400,57,35,0,92,35,-0.521154367878973,-1.022297255116079
17,1566892800,142,923,781,1065,35,1.4336661667312123,0.16351068753595138
17,1566907200,693,1882,1189,2575,35,2.4548784306504894,2.003767618064796
17,1566921600,671,599,0,1270,35,-0.521154367878973,0.413346893336225
17,1566936000,1841,580,0,2421,35,-0.521154367878973,1.8160857854148342
17,1566950400,460,242,0,702,35,-0.521154367878973,-0.27888220371038674
17,1566964800,60,35,0,95,35,-0.521154367878973,-1.0186411155190018
17,1566979200,149,908,759,1057,35,1.3786007995590943,0.15376098194374557
17,1566993600,712,1884,1172,2596,35,2.412327919653853,2.029360595244336
17,1567008000,810,546,0,1356,35,-0.521154367878973,0.5181562284524374
17,1567022400,1911,683,0,2594,35,-0.521154367878973,2.0269231688462845
17,1567036800,502,244,0,746,35,-0.521154367878973,-0.22525882295325486
17,1567051200,66,30,0,96,35,-0.521154367878973,-1.017422402319976
17,1567065600,154,893,739,1047,35,1.328541374857169,0.14157384995348835
17,1567080000,664,2052,1388,2716,35,2.9529697064346467,2.1756061791274233
17,1567094400,726,541,0,1267,35,-0.521154367878973,0.4096907537391478
17,1567108800,1929,597,0,2526,35,-0.521154367878973,1.9440506713125354
17,1567123200,475,231,0,706,35,-0.521154367878973,-0.27400735091428385
17,1567137600,70,36,0,106,35,-0.521154367878973,-1.005235270329719
17,1567152000,126,796,670,922,35,1.1558363596355266,-0.010765299924727283
17,1567166400,509,1744,1235,2253,35,2.570015107464918,1.6113419679785124
17,1567180800,1071,582,0,1653,35,-0.521154367878973,0.8801140485630776
17,1567195200,1107,460,0,1567,35,-0.521154367878973,0.7753047134468654
17,1567209600,425,174,0,599,35,-0.521154367878973,-0.40440966321003646
17,1567224000,73,49,0,122,35,-0.521154367878973,-0.9857358591453073
17,1567238400,47,168,121,215,35,-0.21829484843232455,-0.8723955316359148
17,1567252800,220,393,173,613,35,-0.0881403442073186,-0.3873476784236763
17,1567267200,304,291,0,595,35,-0.521154367878973,-0.40928451600613935
17,1567281600,297,289,0,586,35,-0.521154367878973,-0.42025293479737086
17,1567296000,221,165,0,386,35,-0.521154367878973,-0.6639955746025159
17,1567310400,53,44,0,97,35,-0.521154367878973,-1.0162036891209503
17,1567324800,37,74,37,111,35,-0.42854443218041105,-0.9991417043345903
17,1567339200,165,270,105,435,35,-0.25834238819386485,-0.6042786278502553
17,1567353600,225,302,77,527,35,-0.3284255827765603,-0.4921570135398886
17,1567368000,254,218,0,472,35,-0.521154367878973,-0.5591862394863035
17,1567382400,198,163,0,361,35,-0.521154367878973,-0.694463404578159
17,1567396800,30,50,20,80,35,-0.4710949431770476,-1.0369218135043876
17,1567411200,41,138,97,179,35,-0.278366158074635,-0.9162692068008409
17,1567425600,163,342,179,505,35,-0.07312251679674099,-0.5189687039184546
17,1567440000,296,296,0,592,35,-0.521154367878973,-0.4129406556032165
17,1567454400,263,266,3,529,35,-0.5136454541736841,-0.48971958714183716
17,1567468800,187,185,0,372,36,-0.5800769716655306,-0.8117248512518895
17,1567483200,23,32,9,55,36,-0.5626994874929541,-1.128274005335474
17,1567497600,154,981,827,1135,36,1.0167207406367786,-0.0498100103503912
17,1567512000,646,2247,1601,2893,36,2.5111843794783595,1.7056897148197716
17,1567526400,696,551,0,1247,36,-0.5800769716655306,0.062030700240654435
17,1567540800,1931,653,0,2584,36,-0.5800769716655306,1.3971291829212618
17,1567555200,481,178,0,659,36,-0.5800769716655306,-0.5251330303623352
17,1567569600,55,41,0,96,36,-0.5800769716655306,-1.0873323166369664
17,1567584000,161,998,837,1159,36,1.036029056384086,-0.025844143795167134
17,1567598400,712,2161,1449,2873,36,2.217697980119289,1.685718159357085
17,1567612800,726,514,0,1240,36,-0.5800769716655306,0.055040655828714084
17,1567627200,1960,661,0,2621,36,-0.5800769716655306,1.434076560527232
17,1567641600,542,218,0,760,36,-0.5800769716655306,-0.42427667527576723
17,1567656000,53,29,0,82,36,-0.5800769716655306,-1.101312405460847
17,1567670400,184,945,761,1129,36,0.8892858567045508,-0.05580147698919721
17,1567684800,766,2329,1563,3095,36,2.4378127796385916,1.9074024249929074
17,1567699200,816,598,0,1414,36,-0.5800769716655306,0.22879318835408854
17,1567713600,1974,722,0,2696,36,-0.5800769716655306,1.5089698935123073
17,1567728000,591,224,0,815,36,-0.5800769716655306,-0.3693548977533787
17,1567742400,64,32,0,96,36,-0.5800769716655306,-1.0873323166369664
17,1567756800,169,1003,834,1172,36,1.0302365616598936,-0.012862632744420765
17,1567771200,701,2176,1475,2877,36,2.267899601062288,1.6897124704496223
17,1567785600,930,543,0,1473,36,-0.5800769716655306,0.2877092769690144
17,1567800000,1944,790,0,2734,36,-0.5800769716655306,1.546915848891412
17,1567814400,532,204,0,736,36,-0.5800769716655306,-0.44824254183099127
17,1567828800,85,52,0,137,36,-0.5800769716655306,-1.0463906279384585
17,1567843200,44,215,171,259,36,-0.24990477238657668,-0.9245641396160695
17,1567857600,233,429,196,662,36,-0.20163398301830857,-0.5221372970429321
17,1567872000,338,376,38,714,36,-0.506705371825763,-0.4702112528399467
17,1567886400,327,436,109,763,36,-0.3696163300198816,-0.4212809419563642
17,1567900800,272,200,0,472,36,-0.5800769716655306,-0.7118670739384559
17,1567915200,69,55,0,124,36,-0.5800769716655306,-1.059372138989205
17,1567929600,39,94,55,133,36,-0.47388123505534074,-1.0503849390309958
17,1567944000,153,321,168,474,36,-0.25569726711076884,-0.7098699183921873
17,1567958400,275,378,103,653,36,-0.38120131946826596,-0.5311244970011412
17,1567972800,267,338,71,605,36,-0.44298792985964913,-0.5790562301115892
17,1567987200,207,143,0,350,36,-0.5800769716655306,-0.833693562260845
17,1568001600,25,32,7,57,36,-0.5665611506424155,-1.1262768497892055
17,1568016000,177,1002,825,1179,36,1.0128590774873172,-0.005872588332480414
17,1568030400,735,2254,1519,2989,36,2.35285619035044,1.8015531810406678
17,1568044800,751,530,0,1281,36,-0.5800769716655306,0.09598234452722186
17,1568059200,2155,745,0,2900,36,-0.5800769716655306,1.7126797592317118
17,1568073600,467,186,0,653,37,-0.5672458904802397,-0.5511014861522258
17,1568088000,62,31,0,93,37,-0.5672458904802397,-1.1011739252245543
17,1568102400,180,999,819,1179,37,1.0860437333749784,-0.03442630230928858
17,1568116800,825,2293,1468,3118,37,2.3961596868328985,1.870199517978649
17,1568131200,804,581,0,1385,37,-0.5672458904802397,0.167921773492318
17,1568145600,1999,782,0,2781,37,-0.5672458904802397,1.5391737823226226
17,1568160000,492,260,0,752,37,-0.5672458904802397,-0.4538565371019391
17,1568174400,66,37,0,103,37,-0.5672458904802397,-1.0913512030982626
17,1568188800,202,1048,846,1250,37,1.1405477869086669,0.035315024787381646
17,1568203200,774,2347,1573,3121,37,2.6081198950194646,1.8731463346165365
17,1568217600,781,507,0,1288,37,-0.5672458904802397,0.07264136886728965
17,1568232000,2124,815,0,2939,37,-0.5672458904802397,1.6943727919180296
17,1568246400,578,252,0,830,37,-0.5672458904802397,-0.37723930451686477
17,1568260800,63,27,0,90,37,-0.5672458904802397,-1.1041207418624417
17,1568275200,171,1045,874,1216,37,1.1970705090917513,0.0019177695579902718
17,1568289600,803,2298,1495,3101,37,2.4506637403665867,1.8535008903639534
17,1568304000,841,544,0,1385,37,-0.5672458904802397,0.167921773492318
17,1568318400,2094,825,0,2919,37,-0.5672458904802397,1.6747273476654465
17,1568332800,594,273,0,867,37,-0.5672458904802397,-0.3408952326495859
17,1568347200,70,31,0,101,37,-0.5672458904802397,-1.093315747523521
17,1568361600,196,1018,822,1214,37,1.092099739323166,-4.677486726804451e-05
17,1568376000,706,2225,1519,2931,37,2.4991117879520877,1.6865146142169964
17,1568390400,875,526,0,1401,37,-0.5672458904802397,0.18363812889438452
17,1568404800,1827,641,0,2468,37,-0.5672458904802397,1.2317225797696962
17,1568419200,474,229,0,703,37,-0.5672458904802397,-0.5019878755207678
17,1568433600,80,52,0,132,37,-0.5672458904802397,-1.062865308932017
17,1568448000,48,175,127,223,37,-0.31087497200696407,-0.9734785375827637
17,1568462400,209,464,255,673,37,-0.052485384884292635,-0.5314560418996426
17,1568476800,329,373,44,702,37,-0.4784244699068213,-0.502970147733397
17,1568491200,380,511,131,891,37,-0.3028002974093806,-0.3173206995464861
17,1568505600,247,221,0,468,37,-0.5672458904802397,-0.73282184548862
17,1568520000,74,54,0,128,37,-0.5672458904802397,-1.0667943977825338
17,1568534400,41,54,13,95,37,-0.5410031980380933,-1.099209380799296
17,1568548800,183,287,104,470,37,-0.35730435094306906,-0.7308573010633617
17,1568563200,260,334,74,594,37,-0.4178644104249452,-0.6090555466973461
17,1568577600,298,250,0,548,37,-0.5672458904802397,-0.6542400684782873
17,1568592000,258,190,0,448,37,-0.5672458904802397,-0.7524672897412031
17,1568606400,36,29,0,65,37,-0.5672458904802397,-1.1286775471781707
17,1568620800,183,713,530,896,37,0.5026484936995718,-0.3124093384833403
17,1568635200,709,1817,1108,2526,37,1.669438973050385,1.2886943681021874
17,1568649600,807,560,0,1367,37,-0.5672458904802397,0.15024087366499314
17,1568664000,2017,859,0,2876,37,-0.5672458904802397,1.6324896425223927
17,1568678400,491,265,0,756,38,-0.5745254142756963,-0.4309370336701362
17,1568692800,58,48,0,106,38,-0.5745254142756963,-1.1082301263123189
17,1568707200,208,723,515,931,38,0.7522933675717637,-0.24858889334339465
17,1568721600,751,1974,1223,2725,38,2.576347149218369,1.62074004234903
17,1568736000,788,653,0,1441,38,-0.5745254142756963,0.2828256870373949
17,1568750400,1999,939,0,2938,38,-0.5745254142756963,1.8426837788610066
17,1568764800,513,287,0,800,38,-0.5745254142756963,-0.38508950124512686
17,1568779200,71,15,0,86,38,-0.5745254142756963,-1.1290699137782323
17,1568793600,190,751,561,941,38,0.8708053364358087,-0.238168999610438
17,1568808000,730,1976,1246,2706,38,2.6356031336503913,1.600942244256412
17,1568822400,814,612,0,1426,38,-0.5745254142756963,0.2671958464379599
17,1568836800,2057,920,0,2977,38,-0.5745254142756963,1.8833213644195377
17,1568851200,493,294,0,787,38,-0.5745254142756963,-0.39863536309797054
17,1568865600,76,31,0,107,38,-0.5745254142756963,-1.1071881369390233
17,1568880000,174,794,620,968,38,1.0228098182396925,-0.21003528653145503
17,1568894400,784,1952,1168,2736,38,2.434648056011359,1.6322019254552822
17,1568908800,844,584,0,1428,38,-0.5745254142756963,0.26927982518455124
17,1568923200,1990,934,0,2924,38,-0.5745254142756963,1.8280959276348674
17,1568937600,547,337,0,884,38,-0.5745254142756963,-0.297562393888291
17,1568952000,70,20,0,90,38,-0.5745254142756963,-1.1249019562850495
17,1568966400,169,702,533,871,38,0.7986676162576943,-0.3111082557411346
17,1568980800,677,1648,971,2325,38,1.92710766761534,1.2039442930307636
17,1568995200,831,590,0,1421,38,-0.5745254142756963,0.2619858995714816
17,1569009600,1566,784,0,2350,38,-0.5745254142756963,1.229994027363155
17,1569024000,513,199,0,712,38,-0.5745254142756963,-0.47678456609514547
17,1569038400,76,40,0,116,38,-0.5745254142756963,-1.0978102325793624
17,1569052800,56,188,132,244,38,-0.23444759057887157,-0.9644355927975171
17,1569067200,214,453,239,667,38,0.041221554387493906,-0.5236740878934504
17,1569081600,372,379,7,751,38,-0.5564909842311677,-0.4361469805366145
17,1569096000,400,373,0,773,38,-0.5745254142756963,-0.41322321432410986
17,1569110400,292,200,0,492,38,-0.5745254142756963,-0.7060222282201919
17,1569124800,69,51,0,120,38,-0.5745254142756963,-1.0936422750861796
17,1569139200,37,117,80,154,38,-0.36841764233822677,-1.058214636394127
17,1569153600,193,442,249,635,38,0.06698502587967758,-0.5570177478389118
17,1569168000,315,361,46,676,38,-0.4560134454116513,-0.5142961835337895
17,1569182400,317,329,12,646,38,-0.5436092484850759,-0.5455558647326594
17,1569196800,200,133,0,333,38,-0.5745254142756963,-0.8716985385742028
17,1569211200,28,20,0,48,38,-0.5745254142756963,-1.1686655099634675
17,1569225600,196,842,646,1038,38,1.08979484411937,-0.1370960304007584
17,1569240000,762,1880,1118,2642,38,2.30583069855044,1.5342549243654895
17,1569254400,799,576,0,1375,38,-0.5745254142756963,0.21405438839988097
17,1569268800,2061,915,0,2976,38,-0.5745254142756963,1.8822793750462419
17,1569283200,518,274,0,792,39,-0.5172320008703689,-0.3796671320468666
17,1569297600,44,22,0,66,39,-0.5172320008703689,-1.1008289205208623
17,1569312000,197,1123,926,1320,39,1.5411110849630894,0.14481416866149396
17,1569326400,855,2116,1261,2971,39,2.2857600415011112,1.7848115691719166
17,1569340800,797,506,0,1303,39,-0.5172320008703689,0.12792746011595962
17,1569355200,2042,1031,0,3073,39,-0.5172320008703689,1.8861318204451227
17,1569369600,559,310,0,869,39,-0.5172320008703689,-0.303180275693564
17,1569384000,79,34,0,113,39,-0.5172320008703689,-1.0541421380714437
17,1569398400,211,846,635,1057,39,0.8942667674927476,-0.11643314589589017
17,1569412800,840,1971,1131,2811,39,1.9967917897102372,1.6258778416845348
17,1569427200,851,664,0,1515,39,-0.5172320008703689,0.3385146490367407
17,1569441600,2111,982,0,3093,39,-0.5172320008703689,1.9059985363810454
17,1569456000,630,289,0,919,39,-0.5172320008703689,-0.2535134858537571
17,1569470400,65,33,0,98,39,-0.5172320008703689,-1.0690421750233858
17,1569484800,198,1116,918,1314,39,1.5233284233144202,0.13885415388071715
17,1569499200,959,2693,1734,3652,39,3.3371599114786767,2.4612732467900864
17,1569513600,853,664,0,1517,39,-0.5172320008703689,0.340501320630333
17,1569528000,1982,600,0,2582,39,-0.5172320008703689,1.3984039442182192
17,1569542400,558,267,0,825,39,-0.5172320008703689,-0.346887050752594
17,1569556800,61,31,0,92,39,-0.5172320008703689,-1.0750021898041626
17,1569571200,172,742,570,914,39,0.7497826415973105,-0.2584801648377378
17,1569585600,745,1911,1166,2656,39,2.074590934423165,1.4719107931811335
17,1569600000,856,685,0,1541,39,-0.5172320008703689,0.36434137975344033
17,1569614400,1676,687,0,2363,39,-0.5172320008703689,1.1808634047198652
17,1569628800,469,293,0,762,39,-0.5172320008703689,-0.4094672059507507
17,1569643200,109,48,0,157,39,-0.5172320008703689,-1.0104353630124139
17,1569657600,63,66,3,129,39,-0.5105635027521179,-1.0382487653227057
17,1569672000,369,189,0,558,39,-0.5172320008703689,-0.6121077084971627
17,1569686400,559,206,0,765,39,-0.5172320008703689,-0.40648719856036225
17,1569700800,540,180,0,720,39,-0.5172320008703689,-0.45118730941618845
17,1569715200,347,147,0,494,39,-0.5172320008703689,-0.6756811994921155
17,1569729600,59,29,0,88,39,-0.5172320008703689,-1.0789755329913473
17,1569744000,34,33,0,67,39,-0.5172320008703689,-1.0998355847240662
17,1569758400,232,179,0,411,39,-0.5172320008703689,-0.7581280706261949
17,1569772800,363,163,0,526,39,-0.5172320008703689,-0.6438944539946391
17,1569787200,298,173,0,471,39,-0.5172320008703689,-0.6985279228184267
17,1569801600,214,88,0,302,39,-0.5172320008703689,-0.8664016724769739
17,1569816000,18,18,0,36,39,-0.5172320008703689,-1.1306289944247463
17,1569830400,138,641,503,779,39,0.600852850289706,-0.39258049740521633
17,1569844800,573,1499,926,2072,39,1.5411110849630894,0.8918026878521892
17,1569859200,666,426,0,1092,39,-0.5172320008703689,-0.08166639300802536
17,1569873600,1731,701,0,2432,39,-0.5172320008703689,1.2494035746987986
17,1569888000,422,176,0,598,40,-0.4226850157059852,-0.1654435832203824
17,1569902400,52,23,0,75,40,-0.4226850157059852,-0.729515637064662
17,1569916800,139,819,680,958,40,1.6243358395772949,0.2228278113951829
17,1569931200,690,1710,1020,2400,40,2.647846267218935,1.7780704531608642
17,1569945600,724,586,0,1310,40,-0.4226850157059852,0.602470952797069
17,1569960000,1831,809,0,2640,40,-0.4226850157059852,2.036918049571241
17,1569974400,485,227,0,712,40,-0.4226850157059852,-0.04249097492545339
17,1569988800,69,32,0,101,40,-0.4226850157059852,-0.7014738141202045
17,1570003200,184,843,659,1027,40,1.5611190190464876,0.2972464953631663
17,1570017600,729,1890,1161,2619,40,3.0723020622114974,2.014268884885333
17,1570032000,839,518,0,1357,40,-0.4226850157059852,0.6531619404274345
17,1570046400,2045,1014,0,3059,40,-0.4226850157059852,2.4888228116376907
17,1570060800,519,237,0,756,40,-0.4226850157059852,0.004964417749782372
17,1570075200,67,27,0,94,40,-0.4226850157059852,-0.7090235356821738
17,1570089600,198,781,583,979,40,1.3323343352207093,0.2454769760810909
17,1570104000,814,2028,1214,2842,40,3.2318492759321056,2.2547814432166415
17,1570118400,831,600,0,1431,40,-0.4226850157059852,0.7329732826539673
17,1570132800,1972,1118,0,3090,40,-0.4226850157059852,2.5222572928406977
17,1570147200,572,327,0,899,40,-0.4226850157059852,0.1591944439442986
17,1570161600,70,25,0,95,40,-0.4226850157059852,-0.7079450040304639
17,1570176000,178,725,547,903,40,1.2239626428821828,0.1635085705511382
17,1570190400,750,1882,1132,2632,40,2.9850026433832397,2.0282897963575617
17,1570204800,871,629,0,1500,40,-0.4226850157059852,0.8073919666219507
17,1570215733,1538,791,0,2329,40,-0.4226850157059852,1.701494705889461
17,1570215796,8,20,12,28,40,-0.3865611182598097,-0.7802066246950274
17,1570215934,15,15,0,30,40,-0.4226850157059852,-0.7780495613916076
17,1570215997,8,4,0,12,40,-0.4226850157059852,-0.797463131122386
17,1570216060,7,9,2,16,40,-0.4166643661316226,-0.7931490045155464
17,1570216135,9,13,4,22,40,-0.41064371655726006,-0.786677814605287
17,1570216198,10,7,0,17,40,-0.4226850157059852,-0.7920704728638365
17,1570216335,18,9,0,27,40,-0.4226850157059852,-0.7812851563467373
17,1570216398,6,3,0,9,40,-0.4226850157059852,-0.8006987260775157
17,1570216536,16,9,0,25,40,-0.4226850157059852,-0.7834422196501571
17,1570216616,8,1,0,9,40,-0.4226850157059852,-0.8006987260775157
17,1570216699,7,2,0,9,40,-0.4226850157059852,-0.8006987260775157
17,1570216779,7,3,0,10,40,-0.4226850157059852,-0.7996201944258058
17,1570216860,9,3,0,12,40,-0.4226850157059852,-0.797463131122386
17,1570216940,9,6,0,15,40,-0.4226850157059852,-0.7942275361672563
17,1570217100,16,5,0,21,40,-0.4226850157059852,-0.7877563462569969
17,1570217181,7,13,6,20,40,-0.40462306698289746,-0.7888348779087068
17,1570217261,6,6,0,12,40,-0.4226850157059852,-0.797463131122386
17,1570217502,17,16,0,33,40,-0.4226850157059852,-0.7748139664364779
17,1570217583,6,2,0,8,40,-0.4226850157059852,-0.8017772577292256
17,1570217823,17,13,0,30,40,-0.4226850157059852,-0.7780495613916076
17,1570217903,5,7,2,12,40,-0.4166643661316226,-0.797463131122386
17,1570217993,11,3,0,14,40,-0.4226850157059852,-0.7953060678189662
17,1570218074,7,2,0,9,40,-0.4226850157059852,-0.8006987260775157
17,1570218156,5,2,0,7,40,-0.4226850157059852,-0.8028557893809355
17,1570218236,7,10,3,17,40,-0.41365404134444134,-0.7920704728638365
17,1570219200,895,402,0,1297,40,-0.4226850157059852,0.5884500413248402
17,1570233600,538,263,0,801,40,-0.4226850157059852,0.05349834207672804
17,1570248000,78,60,0,138,40,-0.4226850157059852,-0.6615681430069381
17,1570262400,60,187,127,247,40,-0.04037376773396087,-0.5440081929705586
17,1570276800,255,418,163,673,40,0.06799792460456572,-0.08455370934213963
17,1570291200,396,403,7,799,40,-0.4016127421957162,0.05134127877330823
17,1570305600,421,432,11,853,40,-0.389571443046991,0.10958198796564303
17,1570320000,293,238,0,531,40,-0.4226850157059852,-0.23770520388494595
17,1570334400,85,44,0,129,40,-0.4226850157059852,-0.6712749278723272
17,1570348800,40,81,41,121,40,-0.2992616994315522,-0.6799031810860064
17,1570363200,180,302,122,482,40,-0.05542539166986734,-0.29055325481873123
17,1570377600,284,366,82,650,40,-0.1758383831571191,-0.10935993733146741
17,1570392000,306,265,0,571,40,-0.4226850157059852,-0.1945639378165498
17,1570406400,288,252,0,540,40,-0.4226850157059852,-0.2279984190195568
17,1570420800,321,394,73,715,40,-0.20293130624175076,-0.039255379970323676
17,1570435200,169,734,565,903,40,1.278148489051446,0.1635085705511382
17,1570449600,722,2054,1332,2776,40,3.5870676008194984,2.183598354203788
17,1570464000,734,564,0,1298,40,-0.4226850157059852,0.5895285729765501
17,1570478400,2112,629,0,2741,40,-0.4226850157059852,2.1458497463939414
17,1570492800,445,274,0,719,41,-0.5435596925287837,-0.4623301648715394
17,1570507200,107,39,0,146,41,-0.5435596925287837,-1.0856600106865795
17,1570521600,210,719,509,929,41,0.753918992920115,-0.2338846716408964
17,1570536000,869,2267,1398,3136,41,3.0200458128888203,2.1669686786449565
17,1570550400,912,560,0,1472,41,-0.5435596925287837,0.35681010371262334
17,1570564800,2062,861,0,2923,41,-0.5435596925287837,1.9352596783681613
17,1570579200,595,323,0,918,41,-0.5435596925287837,-0.2458508641434539
17,1570593600,354,113,0,467,41,-0.5435596925287837,-0.736464756748311
17,1570608000,152,750,598,902,41,0.9807865823208065,-0.2632562350562648
17,1570622400,656,1703,1047,2359,41,2.1253208254771043,1.3217203536915774
17,1570636800,696,575,0,1271,41,-0.5435596925287837,0.13815513162043647
17,1570651200,1786,827,0,2613,41,-0.5435596925287837,1.5980306169324503
17,1570665600,510,253,0,763,41,-0.5435596925287837,-0.41446539486130946
17,1570680000,54,28,0,82,41,-0.5435596925287837,-1.1552814943378231
17,1570694400,185,817,632,1002,41,1.067455099619947,-0.15447266685119668
17,1570708800,852,2099,1247,2951,41,2.635135633119108,1.9657190774655804
17,1570723200,862,739,0,1601,41,-0.5435596925287837,0.49714090669716116
17,1570737600,2002,940,0,2942,41,-0.5435596925287837,1.9559285563271243
17,1570752000,577,341,0,918,41,-0.5435596925287837,-0.2458508641434539
17,1570766400,72,43,0,115,41,-0.5435596925287837,-1.1193829168301506
17,1570780800,153,707,554,860,41,0.8686273246395658,-0.30894533370239335
17,1570795200,724,1864,1140,2588,41,2.3623847110306357,1.5708347248811831
17,1570809600,859,669,0,1528,41,-0.5435596925287837,0.4177289019074615
17,1570824000,1653,678,0,2331,41,-0.5435596925287837,1.2912609545941582
17,1570838400,552,268,0,820,41,-0.5435596925287837,-0.35245876098442064
17,1570852800,105,55,0,160,41,-0.5435596925287837,-1.0704303111378701
17,1570867200,47,215,168,262,41,-0.11531525410950078,-0.9594710715687006
17,1570881600,243,407,164,650,41,-0.12551155026234084,-0.5373908269330364
17,1570896000,395,289,0,684,41,-0.5435596925287837,-0.5004044137433132
17,1570910400,451,324,0,775,41,-0.5435596925287837,-0.40141136667670124
17,1570924800,319,217,0,536,41,-0.5435596925287837,-0.661404094686814
17,1570939200,69,56,0,125,41,-0.5435596925287837,-1.108504560009644
17,1570953600,36,68,32,104,41,-0.46198932330606307,-1.1313491093327082
17,1570968000,199,271,72,470,41,-0.3600263617776624,-0.7332012497021589
17,1570982400,338,271,0,609,41,-0.5435596925287837,-0.5819920898971143
17,1570996800,312,301,0,613,41,-0.5435596925287837,-0.5776407471689116
17,1571011200,252,229,0,481,41,-0.5435596925287837,-0.7212350571996015
17,1571025600,37,34,0,71,41,-0.5435596925287837,-1.1672476868403807
17,1571040000,102,564,462,666,41,0.6341125131242442,-0.5199854560202255
17,1571054400,526,1459,933,1985,41,1.8347263851211624,0.9148698086046226
17,1571068800,634,500,0,1134,41,-0.5435596925287837,-0.010878356820506809
17,1571083200,1571,796,0,2367,41,-0.5435596925287837,1.3304230391479828
17,1571097600,460,229,0,689,42,-0.503825028456893,-0.4921869172321275
17,1571112000,60,23,0,83,42,-0.503825028456893,-1.0846548238435592
17,1571126400,201,716,515,917,42,0.6899240530988738,-0.269278199893173
17,1571140800,800,1911,1111,2711,42,2.071427844569237,1.4846614444317583
17,1571155200,812,645,0,1457,42,-0.503825028456893,0.2586634990675087
17,1571169600,1949,877,0,2826,42,-0.503825028456893,1.5970934729141257
17,1571184000,535,307,0,842,42,-0.503825028456893,-0.34260343585993436
17,1571198400,59,31,0,90,42,-0.503825028456893,-1.0778111351533282
17,1571212800,206,685,479,891,42,0.6064775153590533,-0.29469761502831693
17,1571227200,796,2015,1219,2811,42,2.321767457788699,1.5824284257207735
17,1571241600,884,622,0,1506,42,-0.503825028456893,0.3065693198991261
17,1571256000,1997,903,0,2900,42,-0.503825028456893,1.669441039067997
17,1571270400,535,299,0,834,42,-0.503825028456893,-0.35042479436305557
17,1571284800,70,44,0,114,42,-0.503825028456893,-1.0543470596439646
17,1571299200,188,801,613,989,42,0.9170840725017189,-0.1988859733650821
17,1571313600,882,2425,1543,3307,42,3.0727862974470845,2.0673526529142885
17,1571328000,862,604,0,1466,42,-0.503825028456893,0.26746252738352005
17,1571342400,2096,968,0,3064,42,-0.503825028456893,1.8297788883819819
17,1571356800,585,346,0,931,42,-0.503825028456893,-0.25559082251271087
17,1571371200,69,49,0,118,42,-0.503825028456893,-1.050436380392404
17,1571385600,185,770,585,955,42,0.8521812098151917,-0.23212674700334726
17,1571400000,808,1960,1152,2768,42,2.1664641792173662,1.540388623766497
17,1571414400,874,627,0,1501,42,-0.503825028456893,0.3016809708346753
17,1571428800,1847,823,0,2670,42,-0.503825028456893,1.4445769821032621
17,1571443200,530,294,0,824,42,-0.503825028456893,-0.36020149249195704
17,1571457600,116,43,0,159,42,-0.503825028456893,-1.0103519180639078
17,1571472000,64,69,5,133,42,-0.4922352315485847,-1.0357713331990517
17,1571486400,385,185,0,570,42,-0.503825028456893,-0.6085296249660554
17,1571500800,599,152,0,751,42,-0.503825028456893,-0.4315713888329381
17,1571515200,565,148,0,713,42,-0.503825028456893,-0.46872284172276385
17,1571529600,359,128,0,487,42,-0.503825028456893,-0.689676219435938
17,1571544000,66,28,0,94,42,-0.503825028456893,-1.0739004559017675
17,1571558400,40,35,0,75,42,-0.503825028456893,-1.0924761823466804
17,1571572800,261,143,0,404,42,-0.503825028456893,-0.7708228139058206
17,1571587200,445,191,0,636,42,-0.503825028456893,-0.5440034173153055
17,1571601600,424,214,0,638,42,-0.503825028456893,-0.5420480776895252
17,1571616000,218,80,0,298,42,-0.503825028456893,-0.8744558140721767
17,1571630400,27,15,0,42,42,-0.503825028456893,-1.1247392861720553
17,1571644800,201,741,540,942,42,0.7478730376404159,-0.2448364545709192
17,1571659200,734,2101,1367,2835,42,2.6648254462746284,1.6058925012301373
17,1571673600,710,515,0,1225,42,-0.503825028456893,0.031844102476993597
17,1571688000,1943,873,0,2816,42,-0.503825028456893,1.5873167747852244
17,1571702400,522,307,0,829,43,-0.5109493430054666,-0.35041637552539173
17,1571716800,62,32,0,94,43,-0.5109493430054666,-1.0878458875895298
17,1571731200,178,711,533,889,43,0.7892793704787183,-0.29021804800995193
17,1571745600,789,2081,1292,2870,43,2.6408245741081675,1.6973300654581536
17,1571760000,817,602,0,1419,43,-0.5109493430054666,0.24153384504310005
17,1571774400,1993,954,0,2947,43,-0.5109493430054666,1.7745845857696347
17,1571788800,493,281,0,774,43,-0.5109493430054666,-0.40559817574787826
17,1571803200,69,23,0,92,43,-0.5109493430054666,-1.0898524985067113
17,1571817600,208,806,598,1014,43,0.9478438477328872,-0.1648048656861189
17,1571832000,779,2091,1312,2870,43,2.6896136440325273,1.6973300654581536
17,1571846400,848,597,0,1445,43,-0.5109493430054666,0.26761978696645733
17,1571860800,2071,872,0,2943,43,-0.5109493430054666,1.770571363935272
17,1571875200,538,325,0,863,43,-0.5109493430054666,-0.31630398993330916
17,1571889600,66,40,0,106,43,-0.5109493430054666,-1.075806222086442
17,1571904000,214,738,524,952,43,0.7673242890127565,-0.22700980411874008
17,1571918400,794,1995,1201,2789,43,2.418834305952331,1.61606232331231
17,1571932800,899,628,0,1527,43,-0.5109493430054666,0.34989083457089176
17,1571947200,2027,947,0,2974,43,-0.5109493430054666,1.8016738331515827
17,1571961600,600,370,0,970,43,-0.5109493430054666,-0.20895030586410812
17,1571976000,81,27,0,108,43,-0.5109493430054666,-1.0737996111692605
17,1571990400,176,688,512,864,43,0.7380508470581407,-0.3153006844747185
17,1572004800,727,1758,1031,2485,43,2.0041272115952737,1.311057463900748
17,1572019200,882,588,0,1470,43,-0.5109493430054666,0.29270242343122393
17,1572033600,1786,823,0,2609,43,-0.5109493430054666,1.4354673407659904
17,1572048000,543,295,0,838,43,-0.5109493430054666,-0.34138662639807577
17,1572062400,116,29,0,145,43,-0.5109493430054666,-1.0366773092014059
17,1572076800,72,64,0,136,43,-0.5109493430054666,-1.045707058328722
17,1572091200,372,239,0,611,43,-0.5109493430054666,-0.5691369654981565
17,1572105600,540,173,0,713,43,-0.5109493430054666,-0.4667998087219088
17,1572120000,551,198,0,749,43,-0.5109493430054666,-0.43068081221264487
17,1572134400,354,101,0,455,43,-0.5109493430054666,-0.7256526170383001
17,1572148800,78,41,0,119,43,-0.5109493430054666,-1.0627632511247633
17,1572163200,42,43,1,85,43,-0.5085098895092487,-1.0968756367168457
17,1572177600,282,205,0,487,43,-0.5109493430054666,-0.6935468423633989
17,1572192000,388,210,0,598,43,-0.5109493430054666,-0.5821799364598351
17,1572206400,348,173,0,521,43,-0.5109493430054666,-0.6594344567713163
17,1572220800,204,69,0,273,43,-0.5109493430054666,-0.908254210501801
17,1572235200,25,23,0,48,43,-0.5109493430054666,-1.1339979386847003
17,1572249600,181,747,566,928,43,0.8697813358539118,-0.251089135124916
17,1572264000,743,1970,1227,2713,43,2.4822600968539987,1.5398111084594193
17,1572278400,707,576,0,1283,43,-0.5109493430054666,0.10508430267476974
17,1572292800,1962,920,0,2882,43,-0.5109493430054666,1.7093697309612417
17,1572307200,476,261,0,737,44,-0.4991330663811599,-0.4668654292540994
17,1572321600,64,23,0,87,44,-0.4991330663811599,-1.1021569943783485
17,1572336000,177,749,572,926,44,0.9026341065705427,-0.2821421895487408
17,1572350400,819,2125,1306,2944,44,2.70140526906451,1.6901937772523894
17,1572364800,898,640,0,1538,44,-0.4991330663811599,0.316009253306706
17,1572379200,2093,890,0,2983,44,-0.4991330663811599,1.7283112711598443
17,1572393600,555,290,0,845,44,-0.4991330663811599,-0.3613092922796088
17,1572408000,58,29,0,87,44,-0.4991330663811599,-1.1021569943783485
17,1572422400,194,706,512,900,44,0.7555955919252592,-0.3075538521537108
17,1572436800,884,2133,1249,3017,44,2.561718680151491,1.761541906874036
17,1572451200,827,616,0,1443,44,-0.4991330663811599,0.22315894763470037
17,1572465600,2023,996,0,3019,44,-0.4991330663811599,1.7634966501513412
17,1572480000,579,301,0,880,44,-0.4991330663811599,-0.3271012849267646
17,1572494400,74,27,0,101,44,-0.4991330663811599,-1.088473791437211
17,1572508800,184,681,497,865,44,0.7188359632639383,-0.34176185950655497
17,1572523200,822,2109,1287,2931,44,2.6548430727601704,1.6774879459499044
17,1572537600,898,570,0,1468,44,-0.4991330663811599,0.24759323860101765
17,1572552000,1906,780,0,2686,44,-0.4991330663811599,1.4380318944799952
17,1572566400,488,304,0,792,44,-0.4991330663811599,-0.4131099891282014
17,1572580800,72,59,0,131,44,-0.4991330663811599,-1.05915264227763
17,1572595200,167,675,508,842,44,0.7457930242822403,-0.36424140719556686
17,1572609600,763,1919,1156,2682,44,2.333808982451302,1.4341224079253845
17,1572624000,988,556,0,1544,44,-0.4991330663811599,0.32187348313862213
17,1572638400,2187,812,0,2999,44,-0.4991330663811599,1.7439492173782873
17,1572652800,596,300,0,896,44,-0.4991330663811599,-0.31146333870832155
17,1572667200,106,41,0,147,44,-0.4991330663811599,-1.043514696059187
17,1572681600,56,137,81,193,44,-0.3006310716100272,-0.9985556006811632
17,1572696000,258,339,81,597,44,-0.3006310716100272,-0.6036974586654761
17,1572710400,448,351,0,799,44,-0.4991330663811599,-0.40626838765763257
17,1572724800,539,368,0,907,44,-0.4991330663811599,-0.30071225068314195
17,1572739200,318,223,0,541,44,-0.4991330663811599,-0.6584302704300268
17,1572750000,87,59,0,146,44,-0.4991330663811599,-1.0444920676978398
17,1572764400,27,37,10,64,44,-0.4746266472736127,-1.1246365420673603
17,1572778800,206,244,38,450,44,-0.4060086737724804,-0.7473710895474217
17,1572793200,412,403,0,815,44,-0.4991330663811599,-0.3906304414391895
17,1572807600,453,421,0,874,44,-0.4991330663811599,-0.33296551475868075
17,1572822000,273,205,0,478,44,-0.4991330663811599,-0.7200046836651464
17,1572836400,82,40,0,122,44,-0.4991330663811599,-1.0679489870255043
17,1572850800,55,281,226,336,44,0.05471200544940783,-0.8587914563538285
17,1572865200,920,2155,1235,3075,44,2.5274096934009247,1.8182294619158919
17,1572879600,668,594,0,1262,44,-0.4991330663811599,0.046254681038563325
17,1572894000,2060,849,0,2909,44,-0.4991330663811599,1.6559857698995453
17,1572908400,737,436,0,1173,44,-0.4991330663811599,-0.04073139480152617
17,1572922800,117,60,0,177,45,-0.44988805348425354,-0.948267019212569
17,1572937200,70,320,250,390,45,0.11917887358292659,-0.7487046499760392
17,1572951600,798,2242,1444,3040,45,2.837042517255779,1.7341135588352459
17,1572966000,641,585,0,1226,45,-0.44988805348425354,0.03455422646404916
17,1572980400,2031,815,0,2846,45,-0.44988805348425354,1.5523525276996273
17,1572994800,750,337,0,1087,45,-0.44988805348425354,-0.09567661543208994
17,1573009200,148,52,0,200,45,-0.44988805348425354,-0.9267180309851503
17,1573023600,72,383,311,455,45,0.25803120378731853,-0.6878053354202908
17,1573038000,873,2287,1414,3160,45,2.768754486007717,1.8465430626304737
17,1573052400,686,684,0,1370,45,-0.44988805348425354,0.16946963101832277
17,1573066800,2065,930,0,2995,45,-0.44988805348425354,1.6919524949120353
17,1573081200,815,385,0,1200,45,-0.44988805348425354,0.01019450064174976
17,1573095600,145,56,0,201,45,-0.44988805348425354,-0.9257811184535234
17,1573110000,54,302,248,356,45,0.11462633816638915,-0.7805596760513539
17,1573124400,864,2234,1370,3098,45,2.6685987068438934,1.788454485669606
17,1573138800,802,627,0,1429,45,-0.44988805348425354,0.22474747038430987
17,1573153200,2409,943,0,3352,45,-0.44988805348425354,2.0264302687028386
17,1573167600,1002,473,0,1475,45,-0.44988805348425354,0.26784544683914724
17,1573182000,163,63,0,226,45,-0.44988805348425354,-0.9023583051628509
17,1573196400,64,254,190,318,45,-0.01739718891319664,-0.816162352253176
17,1573210800,801,2107,1306,2908,45,2.5229175735146954,1.610441104660495
17,1573225200,736,685,0,1421,45,-0.44988805348425354,0.21725217013129466
17,1573239600,1952,946,0,2898,45,-0.44988805348425354,1.601071979344226
17,1573254000,678,416,0,1094,45,-0.44988805348425354,-0.08911822771070164
17,1573268400,186,77,0,263,45,-0.44988805348425354,-0.8676925414926555
17,1573282800,34,65,31,99,45,-0.37932375452792316,-1.0213461966794672
17,1573297200,190,325,135,515,45,-0.14259191286797626,-0.6315905835226767
17,1573311600,326,292,0,618,45,-0.44988805348425354,-0.535088592765106
17,1573326000,459,391,0,850,45,-0.44988805348425354,-0.31772488542766525
17,1573340400,361,240,0,601,45,-0.44988805348425354,-0.5510161058027634
17,1573354800,137,86,0,223,45,-0.44988805348425354,-0.9051690427577316
17,1573369200,24,37,13,61,45,-0.4202965732767601,-1.0569488728812892
17,1573383600,155,221,66,376,45,-0.29965438473851796,-0.7618214254188158
17,1573398000,315,248,0,563,45,-0.44988805348425354,-0.5866187820045855
17,1573412400,322,323,1,645,45,-0.4476117857759848,-0.5097919544111797
17,1573426800,232,194,0,426,45,-0.44988805348425354,-0.7149757988374709
17,1573441200,81,50,0,131,45,-0.44988805348425354,-0.9913649956674063
17,1573455600,55,250,195,305,45,-0.006015850371853038,-0.8283422151643257
17,1573470000,654,1981,1327,2635,45,2.5707191953883384,1.3546639835263512
17,1573484400,570,535,0,1105,45,-0.44988805348425354,-0.07881218986280575
17,1573498800,1813,818,0,2631,45,-0.44988805348425354,1.3509163333998437
17,1573513200,666,308,0,974,45,-0.44988805348425354,-0.20154773150592964
17,1573527600,107,32,0,139,46,-0.448751892531022,-0.9714065255033335
17,1573542000,74,291,217,365,46,0.029545937959883667,-0.7680903750308491
17,1573556400,896,2335,1439,3231,46,2.7230019234893152,1.810246294235259
17,1573570800,664,647,0,1311,46,-0.448751892531022,0.08295864420353274
17,1573585200,2090,1024,0,3114,46,-0.448751892531022,1.7049897030614507
17,1573599600,747,448,0,1195,46,-0.448751892531022,-0.02139831798588405
17,1573614000,140,43,0,183,46,-0.448751892531022,-0.9318228501901065
17,1573628400,60,268,208,328,46,0.009708700750583433,-0.8013766474533355
17,1573642800,958,2365,1407,3323,46,2.652469524522915,1.8930121607992794
17,1573657200,598,683,85,1281,46,-0.2614002077765198,0.05596977467178703
17,1573671600,2085,896,0,2981,46,-0.448751892531022,1.5853390481373781
17,1573686000,803,458,0,1261,46,-0.448751892531022,0.03797719498395654
17,1573700400,155,60,0,215,46,-0.448751892531022,-0.9030347226895777
17,1573714800,70,294,224,364,46,0.04497490023378385,-0.7689900040152406
17,1573729200,926,2351,1425,3277,46,2.692143998941515,1.8516292275172692
17,1573743600,671,720,49,1391,46,-0.3407491566137207,0.15492896295485467
17,1573758000,2106,980,0,3086,46,-0.448751892531022,1.679800091498488
17,1573772400,827,450,0,1277,46,-0.448751892531022,0.05237125873422093
17,1573786800,153,74,0,227,46,-0.448751892531022,-0.8922391748768794
17,1573801200,63,257,194,320,46,-0.02114922379721693,-0.8085736793284677
17,1573815600,790,2128,1338,2918,46,2.500384039251613,1.5286624221207121
17,1573830000,712,675,0,1387,46,-0.448751892531022,0.1513304470172886
17,1573844400,1872,861,0,2733,46,-0.448751892531022,1.36223106000828
17,1573858800,709,371,0,1080,46,-0.448751892531022,-0.12485565119090933
17,1573873200,183,108,0,291,46,-0.448751892531022,-0.8346629198758219
17,1573887600,35,57,22,92,46,-0.4002608682416214,-1.013689087769735
17,1573902000,171,318,147,489,46,-0.12474368477911815,-0.6565363809663001
17,1573916400,354,320,0,674,46,-0.448751892531022,-0.49010501885386815
17,1573930800,462,390,0,852,46,-0.448751892531022,-0.3299710596321768
17,1573945200,347,246,0,593,46,-0.448751892531022,-0.5629749665895816
17,1573959600,135,83,0,218,46,-0.448751892531022,-0.9003358357364032
17,1573974000,31,38,7,69,46,-0.43332293025712176,-1.0343805544107403
17,1573988400,163,198,35,361,46,-0.3716070811615211,-0.7716888909684152
17,1574002800,285,297,12,582,46,-0.4223022429186217,-0.5728708854178883
17,1574017200,318,289,0,607,46,-0.448751892531022,-0.5503801608081003
17,1574031600,263,218,0,481,46,-0.448751892531022,-0.6637334128414323
17,1574046000,73,40,0,113,46,-0.448751892531022,-0.9947968790975132
17,1574060400,61,305,244,366,46,0.08905764958778437,-0.7671907460464575
17,1574074800,834,2332,1498,3166,46,2.853046034083617,1.75177041024981
17,1574089200,594,570,0,1164,46,-0.448751892531022,-0.049286816502021304
17,1574103600,2004,893,0,2897,46,-0.448751892531022,1.50977021344849
17,1574118000,721,466,0,1187,46,-0.448751892531022,-0.028595349861016243
17,1574132400,126,47,0,173,47,-0.42606672067232415,-0.9425555690838299
17,1574146800,84,311,227,395,47,0.022637588936638475,-0.7628963887142727
17,1574161200,838,2450,1612,3288,47,2.7603268788415427,1.5783378852007228
17,1574175600,640,603,0,1243,47,-0.42606672067232415,-0.07663069072605413
17,1574190000,2060,933,0,2993,47,-0.42606672067232415,1.339601586961897
17,1574204400,805,488,0,1293,47,-0.42606672067232415,-0.03616691136354124
17,1574218800,139,57,0,196,47,-0.42606672067232415,-0.9239422305770739
17,1574233200,61,324,263,385,47,0.09379774376449157,-0.7709891445867753
17,1574247600,877,2459,1582,3336,47,2.7010267498183316,1.6171831133887353
17,1574262000,625,663,38,1288,47,-0.35095322390959033,-0.04021328929979253
17,1574276400,2201,997,0,3198,47,-0.42606672067232415,1.5055030823481996
17,1574290800,856,451,0,1307,47,-0.42606672067232415,-0.024837053142037636
17,1574305200,166,75,0,241,47,-0.42606672067232415,-0.8875248291508123
17,1574319600,59,367,308,426,47,0.18274793729930797,-0.7378088455095146
17,1574334000,1005,2952,1947,3957,47,3.4225116529340642,2.1197432530711455
17,1574348400,791,713,0,1504,47,-0.42606672067232415,0.13459023754626315
17,1574362800,2542,980,0,3522,47,-0.42606672067232415,1.7677083726172833
17,1574377200,1242,497,0,1739,47,-0.42606672067232415,0.3247700005500737
17,1574391600,251,80,0,331,47,-0.42606672067232415,-0.8146900262982891
17,1574406000,89,276,187,365,47,-0.05642924976097608,-0.7871746563317804
17,1574420400,798,2182,1384,2980,47,2.3096458982651393,1.3290810043276435
17,1574434800,1144,741,0,1885,47,-0.42606672067232415,0.44292423628861133
17,1574449200,2778,914,0,3692,47,-0.42606672067232415,1.9052852224498271
17,1574463600,943,395,0,1338,47,-0.42606672067232415,0.0002504900627203529
17,1574478000,161,82,0,243,47,-0.42606672067232415,-0.8859062779763118
17,1574492400,39,39,0,78,47,-0.42606672067232415,-1.0194367498726045
17,1574506800,292,194,0,486,47,-0.42606672067232415,-0.6892523102744992
17,1574521200,521,170,0,691,47,-0.42606672067232415,-0.5233508148881963
17,1574535600,650,268,0,918,47,-0.42606672067232415,-0.33964525658238787
17,1574550000,354,164,0,518,47,-0.42606672067232415,-0.663355491482491
17,1574564400,147,63,0,210,47,-0.42606672067232415,-0.9126123723555704
17,1574578800,25,30,5,55,47,-0.41618336583512233,-1.0380500883793604
17,1574593200,172,134,0,306,47,-0.42606672067232415,-0.8349219159795456
17,1574607600,424,226,0,650,47,-0.42606672067232415,-0.556531113965457
17,1574622000,420,209,0,629,47,-0.42606672067232415,-0.5735259012977124
17,1574636400,208,117,0,325,47,-0.42606672067232415,-0.8195456798217907
17,1574650800,61,23,0,84,47,-0.42606672067232415,-1.0145810963491029
17,1574665200,43,285,242,328,47,0.05228765344824393,-0.8171178530600399
17,1574679600,871,2129,1258,3000,47,2.0605853563676537,1.3452665160726487
17,1574694000,832,627,0,1459,47,-0.42606672067232415,0.09817283612000154
17,1574708400,2721,885,0,3606,47,-0.42606672067232415,1.835687521946305
17,1574722800,1070,452,0,1522,47,-0.42606672067232415,0.14915719811676778
17,1574737200,180,47,0,227,48,-0.3762184636584089,-0.7092735158992435
17,1574751600,84,257,173,341,48,0.06355041615851502,-0.588783837200447
17,1574766000,838,2461,1623,3299,48,3.749474553352386,2.5376062469314817
17,1574780400,933,705,0,1638,48,-0.3762184636584089,0.782050489749895
17,1574794800,2717,863,0,3580,48,-0.3762184636584089,2.8346027356539536
17,1574809200,1084,407,0,1491,48,-0.3762184636584089,0.6266822198488153
17,1574823600,203,55,0,258,48,-0.3762184636584089,-0.6765087787092199
17,1574838000,70,263,193,333,48,0.11439074908532702,-0.5972392532494853
17,1574852400,601,2071,1470,2672,48,3.360546006462274,1.8749130140881014
17,1574866800,1232,676,0,1908,48,-0.3762184636584089,1.0674207814049392
17,1574881200,1477,730,0,2207,48,-0.3762184636584089,1.3834419562377476
17,1574895600,491,311,0,802,48,-0.3762184636584089,-0.10154048737461227
17,1574910000,98,64,0,162,48,-0.3762184636584089,-0.77797377129768
17,1574924400,55,53,0,108,48,-0.3762184636584089,-0.8350478296286888
17,1574938800,191,208,17,399,48,-0.33300418067061865,-0.5274820708449189
17,1574953200,330,212,0,542,48,-0.3762184636584089,-0.37634150896835855
17,1574967600,251,150,0,401,48,-0.3762184636584089,-0.5253682168326594
17,1574982000,175,205,30,380,48,-0.2999579642681909,-0.5475636839613851
17,1574996400,49,41,0,90,48,-0.3762184636584089,-0.8540725157390251
17,1575010800,28,138,110,166,48,-0.09659663256094282,-0.7737460632731609
17,1575025200,206,837,631,1043,48,1.22779404018251,0.15317892110266793
17,1575039600,389,400,11,789,48,-0.34825628054866226,-0.11528053845429959
17,1575054000,706,466,0,1172,48,-0.3762184636584089,0.28952250489341125
17,1575068400,375,248,0,623,48,-0.3762184636584089,-0.2907304214718453
17,1575082800,109,58,0,167,48,-0.3762184636584089,-0.7726891362670311
17,1575097200,31,63,32,94,48,-0.2948739309755097,-0.849844807714506
17,1575111600,146,260,114,406,48,-0.08642856597558042,-0.5200835818020104
17,1575126000,282,271,0,553,48,-0.3762184636584089,-0.3647153119009308
17,1575140400,393,301,0,694,48,-0.3762184636584089,-0.21568860403662996
17,1575154800,272,213,0,485,48,-0.3762184636584089,-0.4365863483177568
17,1575169200,123,70,0,193,48,-0.3762184636584089,-0.7452090341076564
17,1575183600,25,43,18,68,48,-0.3304621640242781,-0.8773249098738806
17,1575198000,143,250,107,393,48,-0.10422268249996462,-0.5338236328816978
17,1575212400,256,264,8,520,48,-0.3558823304876841,-0.39959390310321397
17,1575226800,302,327,25,629,48,-0.31266804749989385,-0.28438885943506653
17,1575241200,217,157,0,374,48,-0.3762184636584089,-0.5539052459981638
17,1575255600,67,43,0,110,48,-0.3762184636584089,-0.8329339756164292
17,1575270000,65,279,214,344,48,0.16777309865847964,-0.5856130561820576
17,1575284400,820,2260,1440,3080,48,3.284285507072056,2.306139232589057
17,1575298800,602,574,0,1176,48,-0.3762184636584089,0.2937502129179304
17,1575313200,1766,992,0,2758,48,-0.3762184636584089,1.9658087366152637
17,1575327600,639,405,0,1044,48,-0.3762184636584089,0.1542358481087977
17,1575342000,92,34,0,126,49,-0.47311459454403326,-1.011059579143943
17,1575356400,72,303,231,375,49,0.06243059227969914,-0.7799665602675937
17,1575370800,857,2305,1448,3162,49,2.8838959271908777,1.806604699203832
17,1575385200,642,912,270,1554,49,0.15284731213305655,0.314244962845722
17,1575399600,2034,744,0,2778,49,-0.47311459454403326,1.450220284551149
17,1575414000,751,479,0,1230,49,-0.47311459454403326,0.01354561298252073
17,1575428400,114,55,0,169,49,-0.47311459454403326,-0.9711519493781476
17,1575442800,67,306,239,373,49,0.0809776117367981,-0.7818227290939098
17,1575457200,906,2215,1309,3121,49,2.5616414641237832,1.7685532382643527
17,1575471600,627,637,10,1264,49,-0.44993082022265957,0.0451004830298937
17,1575486000,1946,962,0,2908,49,-0.47311459454403326,1.5708712582616928
17,1575500400,826,434,0,1260,49,-0.47311459454403326,0.04138814537726159
17,1575514800,121,38,0,159,49,-0.47311459454403326,-0.9804327935097279
17,1575529200,54,367,313,421,49,0.25253754171496345,-0.7372746772623244
17,1575543600,990,2313,1323,3303,49,2.5940987481737063,1.937464601459114
17,1575558000,594,707,113,1301,49,-0.21113794471251046,0.07943960631674077
17,1575572400,1897,1079,0,2976,49,-0.47311459454403326,1.6339809983564386
17,1575586800,809,482,0,1291,49,-0.47311459454403326,0.07015876218516047
17,1575601200,151,67,0,218,49,-0.47311459454403326,-0.9256758131334042
17,1575615600,75,277,202,352,49,-0.004802353252284579,-0.8013125017702284
17,1575630000,816,2020,1204,2836,49,2.31821183374936,1.5040491805143146
17,1575644400,711,687,0,1398,49,-0.47311459454403326,0.16946379439306955
17,1575658800,1930,859,0,2789,49,-0.47311459454403326,1.4604292130958874
17,1575673200,738,385,0,1123,49,-0.47311459454403326,-0.08575941922538834
17,1575687600,186,107,0,293,49,-0.47311459454403326,-0.8560694821465521
17,1575702000,37,71,34,108,49,-0.39428976185136266,-1.0277650985807874
17,1575716400,191,292,101,483,49,-0.2389584738981589,-0.6797334436465267
17,1575730800,353,351,0,704,49,-0.47311459454403326,-0.47462678833860233
17,1575745200,475,434,0,909,49,-0.47311459454403326,-0.28436948364120646
17,1575759600,344,267,0,611,49,-0.47311459454403326,-0.560938638762299
17,1575774000,157,115,0,272,49,-0.47311459454403326,-0.8755592548228707
17,1575788400,27,34,7,61,49,-0.45688595251907166,-1.0713850659992148
17,1575802800,175,209,34,384,49,-0.39428976185136266,-0.7716138005491715
17,1575817200,304,301,0,605,49,-0.47311459454403326,-0.5665071452412471
17,1575831600,384,345,0,729,49,-0.47311459454403326,-0.4514246780096516
17,1575846000,275,179,0,454,49,-0.47311459454403326,-0.7066478916281095
17,1575860400,75,48,0,123,49,-0.47311459454403326,-1.013843832383417
17,1575874800,60,288,228,348,49,0.05547545998328703,-0.8050248394228605
17,1575889200,892,2359,1467,3251,49,2.9279450984014876,1.8892042119748966
17,1575903600,578,616,38,1194,49,-0.3850162521228132,-0.019865425891168298
17,1575918000,1914,910,0,2824,49,-0.47311459454403326,1.4929121675564183
17,1575932400,745,462,0,1207,49,-0.47311459454403326,-0.007800328520113927
17,1575946800,135,51,0,186,50,-0.469299509533587,-0.9467969062128369
17,1575961200,72,328,256,400,50,0.09678081053497815,-0.7526914114825144
17,1575975600,822,2326,1504,3148,50,2.8564223708692333,1.7398408292601313
17,1575990000,601,714,113,1315,50,-0.2194281182533219,0.07724563374292986
17,1576004400,1999,1051,0,3050,50,-0.469299509533587,1.650951397093909
17,1576018800,827,511,0,1338,50,-0.469299509533587,0.09810743925132902
17,1576033200,152,78,0,230,50,-0.469299509533587,-0.9068873652402473
17,1576045271,6,93,87,99,50,-0.27692065076028555,-1.0257089531359118
17,1576047600,66,298,232,364,50,0.04371078052855017,-0.7853446722782695
17,1576062000,945,2307,1362,3252,50,2.542424693331201,1.8341724715589796
17,1576076400,616,676,60,1292,50,-0.33662443451751706,0.05638382823453072
17,1576090800,1931,985,0,2916,50,-0.469299509533587,1.5294087041319313
17,1576105200,786,487,0,1273,50,-0.469299509533587,0.03915016281454882
17,1576119600,173,74,0,247,50,-0.469299509533587,-0.891467769864474
17,1576134000,76,292,216,368,50,0.008330760524264848,-0.7817165321898524
17,1576148400,901,2419,1518,3320,50,2.887379888372983,1.895850853062073
17,1576162800,597,768,171,1365,50,-0.09117554573778762,0.1225973848481454
17,1576177200,1979,1141,0,3120,50,-0.469299509533587,1.7144438486412106
17,1576191600,837,527,0,1364,50,-0.469299509533587,0.12169034982604109
17,1576206000,171,87,0,258,50,-0.469299509533587,-0.8814903846213266
17,1576220400,65,307,242,372,50,0.0658232930312285,-0.7780883921014351
17,1576234800,777,2168,1391,2945,50,2.606550979588968,1.5557127197729563
17,1576249200,688,720,32,1408,50,-0.39853946952501634,0.16159989079863077
17,1576263600,2087,1193,0,3280,50,-0.469299509533587,1.8595694521779005
17,1576278000,824,562,0,1386,50,-0.469299509533587,0.14164512031233592
17,1576292400,207,178,0,385,50,-0.469299509533587,-0.7662969368140791
17,1576306800,34,53,19,87,50,-0.42728573577849815,-1.0365933734011636
17,1576321200,202,349,147,551,50,-0.1442455757442156,-0.6157291231447635
17,1576335600,410,354,0,764,50,-0.469299509533587,-0.42253066343654533
17,1576350000,526,416,0,942,50,-0.469299509533587,-0.261078429501978
17,1576364400,373,250,0,623,50,-0.469299509533587,-0.5504226015532531
17,1576378800,186,111,0,297,50,-0.469299509533587,-0.8461160187592583
17,1576393200,29,43,14,72,50,-0.4383419920298373,-1.0501988987327282
17,1576407600,159,208,49,367,50,-0.3609481982704632,-0.7826235672119567
17,1576422000,320,305,0,625,50,-0.469299509533587,-0.5486085315090445
17,1576436400,367,293,0,660,50,-0.469299509533587,-0.5168623057353936
17,1576450800,273,199,0,472,50,-0.469299509533587,-0.687384889891004
17,1576465200,96,44,0,140,50,-0.469299509533587,-0.9885205172296352
17,1576479600,59,283,224,342,50,0.02602077052640751,-0.8052994427645644
17,1576494000,792,2212,1420,3004,50,2.6706772658467353,1.6092277860771107
17,1576508400,575,644,69,1219,50,-0.3167231732651065,-0.009829728379083958
17,1576522800,1846,949,0,2795,50,-0.469299509533587,1.4196574664573096
17,1576537200,757,485,0,1242,50,-0.469299509533587,0.011032077129315187
17,1576551600,138,67,0,205,51,-0.4783772087310725,-0.9113547760497098
17,1576566000,64,295,231,359,51,0.07775065922530638,-0.7528460883905596
17,1576580400,919,2390,1471,3309,51,3.063025794575565,2.2835216297555
17,1576594800,646,726,80,1372,51,-0.2857788129020235,0.2898117077050194
17,1576609200,1940,1115,0,3055,51,-0.4783772087310725,2.0220852228371613
17,1576623600,810,545,0,1355,51,-0.4783772087310725,0.2723139954309574
17,1576638000,174,53,0,227,51,-0.4783772087310725,-0.8887106778126883
17,1576652400,65,305,240,370,51,0.09941797875607439,-0.7415240392720489
17,1576666800,850,2342,1492,3192,51,3.1135828734806905,2.1630961982222496
17,1576681200,627,738,111,1365,51,-0.21114693451826705,0.28260676735687623
17,1576695600,1887,951,0,2838,51,-0.4783772087310725,1.7987320720447222
17,1576710000,804,474,0,1278,51,-0.4783772087310725,0.19305965160138228
17,1576724400,184,58,0,242,51,-0.4783772087310725,-0.8732715199238101
17,1576738800,68,283,215,351,51,0.03923098005949659,-0.7610803059312947
17,1576745318,328,975,647,1303,51,1.079262317536361,0.21879158141617938
17,1576745384,9,37,28,46,51,-0.41096777019090536,-1.0750098496718195
17,1576753200,436,1440,1004,1876,51,1.938732658923492,0.8085674127713293
17,1576767600,650,670,20,1320,51,-0.43022760977381025,0.23628929369024143
17,1576782000,1875,988,0,2863,51,-0.4783772087310725,1.8244640018595193
17,1576796400,780,529,0,1309,51,-0.4783772087310725,0.2249672445717307
17,1576810800,169,85,0,254,51,-0.4783772087310725,-0.8609201936127074
17,1576825200,75,287,212,362,51,0.03200854021590725,-0.749758256812784
17,1576839600,721,2085,1364,2806,51,2.8054254401542122,1.7657952018817817
17,1576854000,735,696,0,1431,51,-0.4783772087310725,0.3505390620679406
17,1576868400,1719,882,0,2601,51,-0.4783772087310725,1.5547933774004454
17,1576882800,630,385,0,1015,51,-0.4783772087310725,-0.07764025005028335
17,1576897200,195,87,0,282,51,-0.4783772087310725,-0.8321004322201347
17,1576911600,29,56,27,85,51,-0.41337525013876847,-1.0348680391607359
17,1576926000,169,296,127,465,51,-0.17262725535245727,-0.6437427059758198
17,1576940400,292,296,4,588,51,-0.46874728893962003,-0.5171416112870181
17,1576954800,417,303,0,720,51,-0.4783772087310725,-0.38127702186488927
17,1576969200,284,215,0,499,51,-0.4783772087310725,-0.6087472814276957
17,1576983600,129,54,0,183,51,-0.4783772087310725,-0.9339988742867312
17,1576998000,33,49,16,82,51,-0.4398575295652627,-1.0379558707385117
17,1577012400,127,198,71,325,51,-0.30744613243279156,-0.7878415129386837
17,1577026800,258,265,7,523,51,-0.4615248490960307,-0.5840446288054906
17,1577041200,313,305,0,618,51,-0.4783772087310725,-0.4862632955092615
17,1577055600,241,206,0,447,51,-0.4783772087310725,-0.6622696954424737
17,1577070000,88,34,0,122,51,-0.4783772087310725,-0.9967847830348362
17,1577084400,29,237,208,266,51,0.022378620424454806,-0.8485688673016049
17,1577098800,431,1599,1168,2030,51,2.333559370373042,0.9670761004304794
17,1577113200,584,583,0,1167,51,-0.4783772087310725,0.0788098832236831
17,1577127600,1385,631,0,2016,51,-0.4783772087310725,0.9526662197341931
17,1577142000,542,315,0,857,51,-0.4783772087310725,-0.2402660464798011
17,1577156400,139,73,0,212,52,-0.4821400248583288,-0.886445591522288
17,1577170800,30,238,208,268,52,0.2611715885118928,-0.7880898683318351
17,1577185200,328,1123,795,1451,52,2.358882728167278,1.2896747840664804
17,1577199600,763,487,0,1250,52,-0.4821400248583288,0.9366479919007481
17,1577214000,760,369,0,1129,52,-0.4821400248583288,0.7241293757213768
17,1577228400,305,151,0,456,52,-0.4821400248583288,-0.4578956547638864
17,1577242800,93,46,0,139,52,-0.4821400248583288,-1.0146593021098425
17,1577257200,18,31,13,49,52,-0.43568304902268995,-1.1727310000944988
17,1577271600,98,124,26,222,52,-0.3892260731870511,-0.8688820695239928
17,1577286000,164,157,0,321,52,-0.4821400248583288,-0.6950032017408708
17,1577300400,191,167,0,358,52,-0.4821400248583288,-0.6300181703471788
17,1577314800,149,169,20,318,52,-0.41066775434196134,-0.7002722583403594
17,1577329200,62,43,0,105,52,-0.4821400248583288,-1.074375276904046
17,1577343600,36,205,169,241,52,0.12180066100497626,-0.835511377727232
17,1577358000,302,1169,867,1471,52,2.616182902026201,1.3248018280630707
17,1577372400,466,486,20,952,52,-0.41066775434196134,0.41325503635155275
17,1577386800,1105,608,0,1713,52,-0.4821400248583288,1.7498390604218133
17,1577401200,439,322,0,761,52,-0.4821400248583288,0.07779176618411551
17,1577415600,131,79,0,210,52,-0.4821400248583288,-0.889958295921947
17,1577430000,34,238,204,272,52,0.24687713440861933,-0.781064459532517
17,1577444400,344,1248,904,1592,52,2.748406602481481,1.537320444242442
17,1577458800,551,563,12,1114,52,-0.43925666254850837,0.6977840927239342
17,1577473200,1141,667,0,1808,52,-0.4821400248583288,1.916692519405617
17,1577487600,463,326,0,789,52,-0.4821400248583288,0.12696962777934193
