remote_unit_id,time_stamp,entries,exits,num_people_exited,sum_exit_entry,week_num,z_score_num_people_exited,z_score_sum_exit_entry
163,1546311600,119,172,53,291,1,-0.20645974331154215,-0.6700162944344498
163,1546326000,50,76,26,126,1,-0.37685664936342633,-0.9317237073772261
163,1546340400,39,108,69,147,1,-0.1054837989844997,-0.8984154911845091
163,1546354800,172,310,138,482,1,0.329974960925871,-0.3670701376340239
163,1546369200,310,332,22,642,1,-0.402100635445187,-0.11329325235618024
163,1546383600,160,162,2,322,1,-0.52832056585399,-0.6208470229118676
163,1546398000,43,36,0,79,1,-0.5409425588948704,-1.0062706674275927
163,1546412400,35,82,47,117,1,-0.2443257224341831,-0.9459986571741048
163,1546426800,536,1113,577,1649,1,3.100502433399099,1.4839150193612485
163,1546441200,466,553,87,1019,1,0.008114138383423095,0.48466853357973894
163,1546455600,1213,642,0,1855,1,-0.5409425588948704,1.810652759156472
163,1546470000,446,260,0,706,1,-0.5409425588948704,-0.011782498245042768
163,1546484400,60,40,0,100,1,-0.5409425588948704,-0.9729624512348757
163,1546498800,39,97,58,136,1,-0.17490476070934138,-0.9158626520473608
163,1546513200,646,1206,560,1852,1,2.993215492551616,1.8058944425575125
163,1546527600,544,548,4,1092,1,-0.5156985728131097,0.6004542374877551
163,1546542000,1233,673,0,1906,1,-0.5409425588948704,1.8915441413387846
163,1546556400,480,258,0,738,1,-0.5409425588948704,0.03897287881052597
163,1546570800,65,54,0,119,1,-0.5409425588948704,-0.9428264461081318
163,1546585200,38,97,59,135,1,-0.16859376418890124,-0.9174487575803474
163,1546599600,629,1135,506,1764,1,2.6524216804478478,1.6663171556546983
163,1546614000,553,577,24,1130,1,-0.38947864240430663,0.660726247741243
163,1546628400,1240,668,0,1908,1,-0.5409425588948704,1.8947163524047577
163,1546642800,402,264,0,666,1,-0.5409425588948704,-0.07522671956450369
163,1546657200,126,74,0,200,1,-0.5409425588948704,-0.8143518979362234
163,1546671600,28,67,39,95,1,-0.29481369459770435,-0.9808929788998083
163,1546686000,94,270,176,364,1,0.5697928287025968,-0.5542305905264336
163,1546700400,286,396,110,682,1,0.15326705835354665,-0.04984903103671932
163,1546714800,481,490,9,971,1,-0.48414359021090897,0.40853546799638585
163,1546729200,312,230,0,542,1,-0.5409425588948704,-0.2719038056548325
163,1546743600,85,90,5,175,1,-0.5093875762926696,-0.8540045362608865
163,1546758000,17,43,26,60,1,-0.37685664936342633,-1.0364066725543366
163,1546772400,68,219,151,287,1,0.412017915691593,-0.676360716566396
163,1546786800,233,401,168,634,1,0.5193048565390757,-0.12598209662007243
163,1546801200,400,414,14,814,1,-0.45258860760870817,0.1595168993175017
163,1546815600,228,188,0,416,1,-0.5409425588948704,-0.4717531028111344
163,1546830000,37,65,28,102,1,-0.36423465632254604,-0.9697902401689027
163,1546844400,49,98,49,147,1,-0.23170372939330278,-0.8984154911845091
163,1546858800,680,1241,561,1921,1,2.9995264890720565,1.9153357243335825
163,1546873200,457,489,32,946,1,-0.33899067024078544,0.36888282967172276
163,1546887600,1270,694,0,1964,1,-0.5409425588948704,1.983538262252003
163,1546902000,436,227,0,663,1,-0.5409425588948704,-0.07998503616346325
163,1546916400,46,37,0,83,2,-0.5829321990984502,-1.0640358357342719
163,1546930800,40,108,68,148,2,-0.2906357118012216,-0.9623944699961283
163,1546934041,12,125,113,137,2,-0.09720421285452625,-0.9795953165056603
163,1546934110,0,1,1,1,2,-0.5786337213440792,-1.1922603278962376
163,1546945200,705,1271,566,1976,2,1.8500062098755405,1.8960734772242775
163,1546959600,455,521,66,976,2,-0.2992326673099636,0.3323601581759154
163,1546974000,985,656,0,1641,2,-0.5829321990984502,1.3722295153430761
163,1546988400,435,249,0,684,2,-0.5829321990984502,-0.12424413098620629
163,1547002800,52,46,0,98,2,-0.5829321990984502,-1.0405801359485465
163,1547017200,43,95,52,138,2,-0.35941135587115774,-0.978031603186612
163,1547031600,546,1363,817,1909,2,2.9289241262226637,1.7913046848480372
163,1547046000,422,642,220,1064,2,0.3627329068631716,0.4699669302521713
163,1547060400,1083,656,0,1739,2,-0.5829321990984502,1.5254734206098157
163,1547074800,486,292,0,778,2,-0.5829321990984502,0.02274492100433975
163,1547089200,49,41,0,90,2,-0.5829321990984502,-1.0530898425009334
163,1547103600,44,107,63,151,2,-0.31212810057307666,-0.9577033300389832
163,1547118000,535,1447,912,1982,2,3.337279512887909,1.9054557571385677
163,1547132400,413,608,195,1021,2,0.2552709630038964,0.40272725753309174
163,1547146800,999,643,0,1642,2,-0.5829321990984502,1.3737932286621246
163,1547161200,455,289,0,744,2,-0.5829321990984502,-0.03042133184330456
163,1547175600,54,54,0,108,2,-0.5829321990984502,-1.0249430027580628
163,1547190000,41,94,53,135,2,-0.35511287811678677,-0.9827227431437571
163,1547204400,546,1190,644,1736,2,2.185287474716479,1.5207822806526705
163,1547218800,494,545,51,1039,2,-0.3637098336255288,0.43087409727596226
163,1547233200,922,744,0,1666,2,-0.5829321990984502,1.4113223483192852
163,1547247600,419,308,0,727,2,-0.5829321990984502,-0.05700445826712672
163,1547262000,92,136,44,228,2,-0.39379917790612584,-0.8372974044722594
163,1547276400,30,45,15,75,2,-0.5184550327828851,-1.0765455422866588
163,1547290800,110,343,233,453,2,0.41861311766999476,-0.4854619076863779
163,1547305200,367,572,205,939,2,0.2982557405476065,0.27450276537112606
163,1547319600,497,580,83,1077,2,-0.2261585454856565,0.4902952033998
163,1547334000,360,240,0,600,2,-0.5829321990984502,-0.2555960497862687
163,1547348400,130,131,1,261,2,-0.5786337213440792,-0.7856948649436635
163,1547362800,24,49,25,73,2,-0.47547025523917497,-1.0796729689247555
163,1547377200,75,203,128,278,2,-0.03272704653896113,-0.7591117385198413
163,1547391600,271,465,194,736,2,0.2509724852495254,-0.042931038395691457
163,1547406000,306,503,197,809,2,0.2638679185126384,0.07122003389483897
163,1547420400,200,179,0,379,2,-0.5829321990984502,-0.6011766932959567
163,1547434800,41,66,25,107,2,-0.47547025523917497,-1.026506716077111
163,1547449200,44,103,59,147,2,-0.3293220115905607,-0.9639581833151767
163,1547463600,526,1306,780,1832,2,2.769880449310936,1.6708987592813134
163,1547478000,336,493,157,829,2,0.09192880833779811,0.10249430027580621
163,1547492400,1043,612,0,1655,2,-0.5829321990984502,1.3941215018097532
163,1547506800,446,255,0,701,2,-0.5829321990984502,-0.09766100456238413
163,1547521200,54,33,0,87,3,-0.625282171479569,-1.0167812247312717
163,1547535600,43,94,51,137,3,-0.39986461018666375,-0.9288858457311434
163,1547541586,53,273,220,326,3,0.34710730860747324,-0.5966413131106583
163,1547550000,552,1369,817,1921,3,2.9858187613891287,2.207221276993436
163,1547564400,407,547,140,954,3,-0.006488865969633038,0.5073246471309536
163,1547578800,1040,603,0,1643,3,-0.625282171479569,1.718522969752722
163,1547593200,499,299,0,798,3,-0.625282171479569,0.23309106465055318
163,1547607600,57,38,0,95,3,-0.625282171479569,-1.0027179640912511
163,1547621989,16,81,65,97,3,-0.33798527963567015,-0.9992021489312461
163,1547622000,42,78,36,120,3,-0.46616389291987115,-0.958770274591187
163,1547627143,39,194,155,233,3,0.05981041676357439,-0.760126718050897
163,1547633490,84,349,265,433,3,0.5460051568070955,-0.4085452020503837
163,1547636400,515,1385,870,1900,3,3.2200762270464613,2.170305217813382
163,1547650800,391,595,204,986,3,0.276388073692052,0.5635776896910357
163,1547665200,1079,655,0,1734,3,-0.625282171479569,1.8784925595329558
163,1547679600,491,257,0,748,3,-0.625282171479569,0.14519568565042484
163,1547694000,55,52,0,107,3,-0.625282171479569,-0.9816230731312204
163,1547708400,48,94,46,142,3,-0.4219643710977329,-0.9200963078311306
163,1547715226,65,356,291,421,3,0.6609239135446551,-0.4296400930104145
163,1547722800,521,1381,860,1902,3,3.175876705224323,2.173821032973387
163,1547737200,436,546,110,982,3,-0.13908743143604788,0.5565460593710255
163,1547751600,1014,654,0,1668,3,-0.625282171479569,1.7624706592527863
163,1547766000,546,260,0,806,3,-0.625282171479569,0.24715432529057374
163,1547780400,57,55,0,112,3,-0.625282171479569,-0.9728335352312076
163,1547794800,35,106,71,141,3,-0.31146556654238716,-0.9218542154111332
163,1547809200,400,1112,712,1512,3,2.5217237822566765,1.4882370767723858
163,1547823600,405,543,138,948,3,-0.015328770334060694,0.4967772016509382
163,1547838000,937,670,0,1607,3,-0.625282171479569,1.6552382968726298
163,1547852400,421,278,0,699,3,-0.625282171479569,0.05905821423029908
163,1547866800,101,119,18,220,3,-0.5457230321997201,-0.7829795165909303
163,1547881200,27,49,22,76,3,-0.5280432234708647,-1.0361182081113
163,1547895600,117,315,198,432,3,0.249868360598769,-0.41030310963038624
163,1547910000,309,481,172,790,3,0.13494960386120947,0.21902780401053265
163,1547924400,483,485,2,968,3,-0.6164422671151414,0.5319353532509895
163,1547938800,308,209,0,517,3,-0.625282171479569,-0.2608809653301681
163,1547953200,76,138,62,214,3,-0.3512451361823116,-0.7935269620709458
163,1547967600,15,54,39,69,3,-0.4529040363732297,-1.048423561171318
163,1547982000,56,218,162,274,3,0.09075008203907119,-0.6880525072707918
163,1547996400,238,469,231,707,3,0.3957267826118253,0.07312147487031961
163,1548010800,358,394,36,752,3,-0.46616389291987115,0.15222731597043512
163,1548025200,202,165,0,367,3,-0.625282171479569,-0.524567102330553
163,1548039600,46,89,43,135,3,-0.43522422764437435,-0.9324016608911486
163,1548054000,22,61,39,83,3,-0.4529040363732297,-1.023812855051282
163,1548068400,129,507,378,636,3,1.045459753397258,-0.05168996330986262
163,1548082800,194,390,196,584,3,0.24102845623434135,-0.1431011574699961
163,1548097200,457,404,0,861,3,-0.625282171479569,0.3438392421907149
163,1548111600,180,150,0,330,3,-0.625282171479569,-0.5896096827906481
163,1548126000,26,17,0,43,4,-0.577107789844798,-1.2173768136156808
163,1548140400,50,87,37,137,4,-0.41795508258325126,-1.066797088690726
163,1548154800,524,1364,840,1888,4,3.036088807444373,1.7381507660283793
163,1548169200,404,562,158,966,4,0.10251728440721262,0.26118793218999253
163,1548183600,1027,617,0,1644,4,-0.577107789844798,1.3472842460104113
163,1548198000,486,247,0,733,4,-0.577107789844798,-0.11205755618782101
163,1548212400,55,47,0,102,4,-0.577107789844798,-1.1228640075457623
163,1548226800,42,110,68,152,4,-0.28461092244519853,-1.0427684091814247
163,1548241200,579,1300,721,1879,4,2.5242192894950737,1.7237335583227984
163,1548255600,395,554,159,949,4,0.10681870892779498,0.23395542874611772
163,1548270000,1018,646,0,1664,4,-0.577107789844798,1.3793224853561463
163,1548284400,503,249,0,752,4,-0.577107789844798,-0.08162122880937268
163,1548298800,50,41,0,91,4,-0.577107789844798,-1.1404850391859167
163,1548313200,45,112,67,157,4,-0.2889123469657809,-1.0347588493449908
163,1548327600,509,1412,903,1921,4,3.3070785522410606,1.791013860948842
163,1548342000,474,467,0,941,4,-0.577107789844798,0.2211401330078237
163,1548356400,997,704,0,1701,4,-0.577107789844798,1.4385932281457563
163,1548370800,471,256,0,727,4,-0.577107789844798,-0.12166902799154153
163,1548385200,62,49,0,111,4,-0.577107789844798,-1.1084467998401817
163,1548399600,35,126,91,161,4,-0.18567815847180458,-1.028351201475844
163,1548414000,692,1023,331,1715,4,0.8466637264679585,1.4610199956877707
163,1548428400,500,600,100,1100,4,-0.14696533778656345,0.4758441358064175
163,1548442800,964,739,0,1703,4,-0.577107789844798,1.4417970520803298
163,1548457200,503,312,0,815,4,-0.577107789844798,0.019299225129692774
163,1548471600,111,141,30,252,4,-0.4480650542273277,-0.8825772124527493
163,1548486000,23,54,31,77,4,-0.4437636297067454,-1.1629118067279312
163,1548500400,119,377,258,496,4,0.5326597364654473,-0.49171069243478155
163,1548514800,346,524,178,870,4,0.18854577481885956,0.1074043833304642
163,1548529200,575,687,112,1262,4,-0.0953482435395753,0.7353538745068715
163,1548543600,380,279,0,659,4,-0.577107789844798,-0.23059904176704077
163,1548558000,117,158,41,275,4,-0.4007493845009219,-0.845733237205154
163,1548572400,28,47,19,75,4,-0.4953807239537335,-1.1661156306625047
163,1548586800,92,262,170,354,4,0.1541343786542008,-0.7191821917895005
163,1548601200,292,583,291,875,4,0.6746067456446647,0.11541394316689797
163,1548615600,410,447,37,857,4,-0.41795508258325126,0.08657952775573642
163,1548630000,214,163,0,377,4,-0.577107789844798,-0.6823382165419052
163,1548644400,43,62,19,105,4,-0.4953807239537335,-1.118058271643902
163,1548658800,44,106,62,150,4,-0.3104194695686926,-1.0459722331159982
163,1548673200,513,1240,727,1753,4,2.550027836618568,1.5218926504446675
163,1548687600,335,520,185,855,4,0.21865574646293598,0.08337570382116291
163,1548702000,1020,663,0,1683,4,-0.577107789844798,1.4097588127345948
163,1548716400,457,240,0,697,4,-0.577107789844798,-0.16972638701014411
163,1548730800,44,53,9,97,5,-0.6529624371805555,-1.1361417195553805
163,1548745200,46,117,71,163,5,-0.44039659314778057,-1.0334722869031387
163,1548759600,534,1365,831,1899,5,2.1652492369313956,1.667044911343704
163,1548774000,422,558,136,980,5,-0.21754530504890368,0.23745084153445942
163,1548788400,1046,684,0,1730,5,-0.6838187693788615,1.4041489398553881
163,1548802800,490,284,0,774,5,-0.6838187693788615,-0.08300223613768898
163,1548817200,47,65,18,112,5,-0.6221061049822495,-1.1128077575889619
163,1548831600,30,102,72,132,5,-0.43696811179241324,-1.0816958083004038
163,1548846000,549,1366,817,1915,5,2.117250497956253,1.6919344707745505
163,1548860400,397,514,117,911,5,-0.2826864508008831,0.130114616488934
163,1548874800,1038,649,0,1687,5,-0.6838187693788615,1.3372582488849882
163,1548889200,435,265,0,700,5,-0.6838187693788615,-0.19811644850535393
163,1548903600,33,37,4,70,5,-0.6701048439573922,-1.1781428510949339
163,1548918000,40,92,52,132,5,-0.50553773889976,-1.0816958083004038
163,1548932400,481,1306,825,1787,5,2.1446783487991916,1.4928179953277787
163,1548946800,391,498,107,889,5,-0.31697126435455647,0.09589147227152009
163,1548961200,952,608,0,1560,5,-0.6838187693788615,1.1396973709026443
163,1548975600,457,270,0,727,5,-0.6838187693788615,-0.1561153169658005
163,1548990000,38,49,11,87,5,-0.6461054744698208,-1.1516976941996595
163,1549004400,61,102,41,163,5,-0.5432510338088007,-1.0334722869031387
163,1549018800,513,1319,806,1832,5,2.079537203047212,1.5628198812270344
163,1549033200,399,536,137,935,5,-0.21411682369353635,0.1674489556352037
163,1549047600,1009,757,0,1766,5,-0.6838187693788615,1.4601504485747927
163,1549062000,444,283,0,727,5,-0.6838187693788615,-0.1561153169658005
163,1549076400,74,114,40,188,5,-0.546679515164168,-0.9945823502924412
163,1549090800,26,68,42,94,5,-0.5398225524534334,-1.1408085119486642
163,1549105200,102,400,298,502,5,0.33786867452060493,-0.5061247464620791
163,1549119600,268,1016,748,1284,5,1.8806852844359065,0.7103524707205425
163,1549134000,479,1010,531,1489,5,1.1367048303211944,1.029249950928263
163,1549148400,315,396,81,711,5,-0.4061117795941072,-0.18100487639664697
163,1549162800,113,118,5,231,5,-0.6666763626020248,-0.9276916593220413
163,1549177200,21,58,37,79,5,-0.55696495923027,-1.1641424739150827
163,1549191600,59,310,251,369,5,0.17673005081834006,-0.7130192092309905
163,1549206000,213,850,637,1063,5,1.5001238539901323,0.36656543108197553
163,1549220400,368,845,477,1213,5,0.9515668371313583,0.5999050507461613
163,1549234800,225,161,0,386,5,-0.6838187693788615,-0.686574052335716
163,1549249200,53,70,17,123,5,-0.6255345863376168,-1.095696185480255
163,1549263600,30,93,63,123,5,-0.46782444399071926,-1.095696185480255
163,1549278000,502,1393,891,1895,5,2.370958118253436,1.6608225214859924
163,1549292400,358,563,205,921,5,0.01901990847144257,0.14567059113321304
163,1549306800,959,658,0,1617,5,-0.6838187693788615,1.228366426375035
163,1549321200,458,228,0,686,5,-0.6838187693788615,-0.2198948130073446
163,1549335600,46,41,0,87,6,-0.6946388553571637,-1.1663635472057408
163,1549350000,64,89,25,153,6,-0.6048480393870761,-1.0659143051870898
163,1549364400,482,1302,820,1784,6,2.2504999084617108,1.4163995392435078
163,1549378800,393,813,420,1206,6,0.8138468529403087,0.5367076924741114
163,1549393200,1000,799,0,1799,6,-0.6946388553571637,1.4392289124295647
163,1549407600,476,277,0,753,6,-0.6946388553571637,-0.15273937774480997
163,1549422000,62,49,0,111,6,-0.6946388553571637,-1.1298365501080496
163,1549436400,41,102,61,143,6,-0.47554926439014983,-1.081133887311128
163,1549450800,518,1326,808,1844,6,2.2074003167960687,1.5077170319877358
163,1549465200,470,587,117,1057,6,-0.2744178366171535,0.30993591882594523
163,1549479600,1058,742,0,1800,6,-0.6946388553571637,1.4407508706419685
163,1549494000,479,299,0,778,6,-0.6946388553571637,-0.11469042243471497
163,1549508400,50,41,0,91,6,-0.6946388553571637,-1.1602757143561255
163,1549522800,42,106,64,148,6,-0.4647743664737393,-1.0735240962491088
163,1549537200,475,1373,898,1848,6,2.530647254288384,1.513804864837351
163,1549551600,412,599,187,1011,6,-0.023003551900908144,0.2399258410553704
163,1549566000,1136,955,0,2091,6,-0.6946388553571637,1.8836407104514743
163,1549580400,528,250,0,778,6,-0.6946388553571637,-0.11469042243471497
163,1549594800,62,59,0,121,6,-0.6946388553571637,-1.1146169679840114
163,1549609200,46,91,45,137,6,-0.5330153866110059,-1.0902656365855508
163,1549623600,482,1136,654,1618,6,1.6542888904203288,1.163754475984477
163,1549638000,421,645,224,1066,6,0.10988685573482157,0.3236335427375794
163,1549652400,1020,706,0,1726,6,-0.6946388553571637,1.3281259629240874
163,1549666800,472,327,0,799,6,-0.6946388553571637,-0.08272929997423517
163,1549681200,99,125,26,224,6,-0.6012564067482725,-0.9578552721064202
163,1549695600,22,61,39,83,6,-0.554565182443827,-1.172451380055356
163,1549710000,93,454,361,547,6,0.6019405272509019,-0.46626276949999274
163,1549724400,303,915,612,1218,6,1.5034403195905817,0.554971191022957
163,1549738800,491,900,409,1391,6,0.7743388939134701,0.8182699617688144
163,1549753200,344,362,18,706,6,-0.6299894678587006,-0.22427141372778855
163,1549767600,95,150,55,245,6,-0.4970990602229709,-0.9258941496459403
163,1549782000,20,42,22,62,6,-0.6156229373034866,-1.2044125025158356
163,1549796400,76,316,240,392,6,0.16735297795567766,-0.7021662924225818
163,1549810800,233,845,612,1078,6,1.5034403195905817,0.341897041286425
163,1549825200,399,686,287,1085,6,0.33615971197944244,0.3525507487732516
163,1549839600,207,191,0,398,6,-0.6946388553571637,-0.6930345431481589
163,1549854000,38,53,15,91,6,-0.6407643657751111,-1.1602757143561255
163,1549868400,34,85,51,119,6,-0.5114655907781849,-1.1176608844088192
163,1549882800,518,1385,867,1903,6,2.4193066424854757,1.59751256651956
163,1549897200,374,560,186,934,6,-0.026595184539711648,0.12273505870027782
163,1549911600,1023,722,0,1745,6,-0.6946388553571637,1.3570431689597595
163,1549926000,446,225,0,671,6,-0.6946388553571637,-0.27753995116192154
163,1549940400,44,41,0,85,7,-0.7369618843152531,-1.178256512851846
163,1549954800,34,100,66,134,7,-0.5064690101956681,-1.0992916859842838
163,1549969200,502,1376,874,1878,7,2.3153225396319783,1.7112115396693577
163,1549983600,345,487,142,832,7,-0.2410529733306915,0.025554215108744664
163,1549998000,912,578,0,1490,7,-0.7369618843152531,1.0859390330445795
163,1550012400,408,226,0,634,7,-0.7369618843152531,-0.2935281465193637
163,1550026800,33,41,8,74,7,-0.7090233541189398,-1.1959833107200744
163,1550041200,37,98,61,135,7,-0.523930591568364,-1.097680158905354
163,1550055600,501,1404,903,1905,7,2.416599711593614,1.7547227708004633
163,1550070000,440,588,148,1028,7,-0.2200990756834565,0.3414135225789934
163,1550084400,995,700,0,1695,7,-0.7369618843152531,1.4163020842251968
163,1550098800,530,279,0,809,7,-0.7369618843152531,-0.011510907706641664
163,1550113200,37,47,10,84,7,-0.7020387215698615,-1.179868039930776
163,1550127600,55,84,29,139,7,-0.6356847123536173,-1.0912340505896347
163,1550142000,526,1335,809,1861,7,2.0883219817869327,1.6838155793275504
163,1550156400,382,590,208,972,7,-0.010560099211106509,0.2511680061589223
163,1550170800,1037,784,0,1821,7,-0.7369618843152531,1.6193544961703568
163,1550185200,456,277,0,733,7,-0.7369618843152531,-0.13398696570530952
163,1550199600,58,66,8,124,7,-0.7090233541189398,-1.1154069567735823
163,1550214000,37,102,65,139,7,-0.5099613264702073,-1.0912340505896347
163,1550228400,428,1195,767,1623,7,1.9416446982562876,1.3002721345422483
163,1550242800,421,577,156,998,7,-0.19216054548714318,0.2930677102110982
163,1550257200,945,758,0,1703,7,-0.7369618843152531,1.4291943008566357
163,1550271600,592,308,0,900,7,-0.7369618843152531,0.1351380564759738
163,1550286000,93,98,5,191,7,-0.7195003029425573,-1.007434642485283
163,1550300400,18,64,46,82,7,-0.5763153356864514,-1.1830910940886357
163,1550314800,76,496,420,572,7,0.7298109509911967,-0.39344282541301384
163,1550329200,340,1054,714,1394,7,1.7565519357057118,0.9312324334673149
163,1550343600,506,1053,547,1559,7,1.173335117857671,1.1971344014907386
163,1550358000,397,455,58,852,7,-0.5344075403919815,0.05778475668734147
163,1550372400,117,111,0,228,7,-0.7369618843152531,-0.9478081405648789
163,1550386800,29,57,28,86,7,-0.6391770286281565,-1.1766449857729162
163,1550401200,79,336,257,415,7,0.16056339824131266,-0.6464525768049988
163,1550415600,281,872,591,1153,7,1.3269970339373942,0.5428544074452234
163,1550430000,407,806,399,1213,7,0.6564723092258743,0.6395460321810138
163,1550444400,267,186,0,453,7,-0.7369618843152531,-0.5852145478056648
163,1550458800,50,42,0,92,7,-0.7369618843152531,-1.1669758232993372
163,1550473200,23,76,53,99,7,-0.5518691217646773,-1.1556951337468282
163,1550487600,142,693,551,835,7,1.1873043829558276,0.030388796345534184
163,1550502000,278,913,635,1191,7,1.4806589500171177,0.6040924364445573
163,1550516400,589,894,305,1483,7,0.32819457941919267,1.0746583434920707
163,1550530800,353,231,0,584,7,-0.7369618843152531,-0.37410450046585575
163,1550545200,50,32,0,82,8,-0.7437061576875349,-1.1791893369842166
163,1550559600,34,94,60,128,8,-0.520208970403198,-1.1037872386457568
163,1550574000,491,1271,780,1762,8,2.161757277008845,1.5746264284203961
163,1550588400,376,626,250,1002,8,0.18753212266386887,0.32885262978497615
163,1550602800,979,668,0,1647,8,-0.7437061576875349,1.3861211825742472
163,1550617200,483,276,0,759,8,-0.7437061576875349,-0.06946715056819103
163,1550631600,41,35,0,76,8,-0.7437061576875349,-1.189024393289233
163,1550646000,40,75,35,115,8,-0.6133327984383384,-1.125096527306626
163,1550660400,450,1197,747,1647,8,2.0388338240024595,1.3861211825742472
163,1550674800,382,540,158,922,8,-0.15516356450544772,0.19771854571808986
163,1550689200,900,597,0,1497,8,-0.7437061576875349,1.1402447749488354
163,1550703600,433,240,0,673,8,-0.7437061576875349,-0.21043629094009383
163,1550718000,54,38,0,92,8,-0.7437061576875349,-1.1627975764758558
163,1550732400,33,100,67,133,8,-0.4941342985533587,-1.0955913583915764
163,1550736940,26,149,123,175,8,-0.2855369237546443,-1.0267459642564611
163,1550739644,46,375,329,421,8,0.4818034192549125,-0.6235086557507857
163,1550746800,507,1329,822,1836,8,2.318205308107881,1.6959254561822663
163,1550761200,385,699,314,1084,8,0.42592912243382824,0.46326506595353467
163,1550775600,927,666,0,1593,8,-0.7437061576875349,1.2976056758290988
163,1550790000,512,290,0,802,8,-0.7437061576875349,0.0010174196177603699
163,1550804400,58,65,7,123,8,-0.7176314858376956,-1.1119831188999374
163,1550818800,30,92,62,122,8,-0.5127590641603867,-1.1136222949507735
163,1550824750,37,229,192,266,8,-0.028515158377656804,-0.877580943630378
163,1550832356,73,490,417,563,8,0.8095992939386066,-0.3907456565320625
163,1550832439,122,509,387,631,8,0.6978507002964381,-0.2792816850752091
163,1550833200,407,1227,820,1634,8,2.3107554018650696,1.3648118939133782
163,1550847600,439,659,220,1098,8,0.07578352902170042,0.48621353066523976
163,1550862000,883,677,0,1560,8,-0.7437061576875349,1.2435128661515082
163,1550876400,504,293,0,797,8,-0.7437061576875349,-0.007178460636420025
163,1551495600,7882,8465,583,16347,9,1.3901027018732526,4.090761579727714
163,1551510000,29,66,37,95,9,-0.8558169683569506,-0.400915363078804
163,1551524400,87,456,369,543,9,0.5098338201346748,-0.2770985238973297
163,1551538800,254,908,654,1162,9,1.6821545271229676,-0.10602123940328373
163,1551553200,414,834,420,1248,9,0.7196175255957378,-0.08225282831041142
163,1551567600,303,416,113,719,9,-0.5431981131600725,-0.22845619421889335
163,1551582000,103,135,32,238,9,-0.8763839983041136,-0.36139347021507445
163,1551596400,31,61,30,92,9,-0.8846108102829788,-0.40174449369832277
163,1551610800,84,332,248,416,9,0.012111695413329394,-0.31219838679029227
163,1551625200,235,840,605,1075,9,1.48059763364077,-0.13006602736932896
163,1551639600,361,747,386,1108,9,0.5797617219550292,-0.12094559055462215
163,1551654000,185,152,0,337,9,-1.0080129899659571,-0.334032159770954
163,1551668400,44,68,24,112,9,-0.9092912462195745,-0.3962169562348641
163,1551682800,30,66,36,96,9,-0.8599303743463832,-0.40063898620563104
163,1551697200,374,1021,647,1395,9,1.6533606851969396,-0.04162542795399017
163,1551711600,300,527,227,827,9,-0.07426983036475535,-0.19860749191621652
163,1551726000,832,554,0,1386,9,-1.0080129899659571,-0.044112819812546576
163,1551740400,380,245,0,625,9,-1.0080129899659571,-0.2544356202971491
163,1551754800,34,39,5,73,10,-0.6194900003452722,-0.9620959099791143
163,1551769200,28,92,64,120,10,-0.41046273715687565,-0.8917649399219184
163,1551783600,511,1275,764,1786,10,2.0695217413495244,1.6012434880629411
163,1551798000,375,556,181,931,10,0.00404895425062268,0.32181839446927074
163,1551812400,1041,693,0,1734,10,-0.6372041751917465,1.5234304999145543
163,1551826800,522,276,0,798,10,-0.6372041751917465,0.12279671324358868
163,1551841200,47,52,5,99,10,-0.6194900003452722,-0.9231894159049208
163,1551855600,33,95,62,128,10,-0.41754840709546537,-0.8797937109760127
163,1551870000,502,1348,846,1850,10,2.360034208831703,1.6970133196301866
163,1551884400,384,631,247,1015,10,0.23787606222408328,0.4475162984012805
163,1551898800,971,699,0,1670,10,-0.6372041751917465,1.4276606683473088
163,1551913200,475,323,0,798,10,-0.6372041751917465,0.12279671324358868
163,1551927600,47,38,0,85,10,-0.6372041751917465,-0.9441390665602558
163,1551942000,36,108,72,144,10,-0.38212005740251676,-0.8558512530842013
163,1551956400,413,1388,975,1801,10,2.8170599198707396,1.6236895423365143
163,1551970800,382,597,215,979,10,0.12450534320664783,0.39364576814470487
163,1551985200,993,679,0,1672,10,-0.6372041751917465,1.4306534755837852
163,1551999600,511,307,0,818,10,-0.6372041751917465,0.1527247856083529
163,1552014000,58,62,4,120,10,-0.6230328353145671,-0.8917649399219184
163,1552028400,41,84,43,125,10,-0.4848622715120676,-0.8842829218307273
163,1552042800,481,1358,877,1839,10,2.4698620928798434,1.6805528798295664
163,1552057200,423,635,212,1058,10,0.11387683829876326,0.5118616539855235
163,1552071600,965,699,0,1664,10,-0.6372041751917465,1.4186822466378795
163,1552074209,0,0,0,0,10,-0.6372041751917465,-1.0713333741105038
163,1552074712,0,0,0,0,10,-0.6372041751917465,-1.0713333741105038
163,1552086000,495,321,0,816,10,-0.6372041751917465,0.1497319783718765
163,1552100400,107,126,19,233,10,-0.5698903107751442,-0.7226713310610006
163,1552114800,33,59,26,92,10,-0.5450904659900803,-0.9336642412325883
163,1552129200,89,513,424,602,10,0.8649578517892731,-0.17049839593110067
163,1552141723,0,0,0,0,10,-0.6372041751917465,-1.0713333741105038
163,1552141784,0,0,0,0,10,-0.6372041751917465,-1.0713333741105038
163,1552143600,331,1029,698,1360,10,1.835694633376064,0.9637755466934632
163,1552158000,507,1007,500,1514,10,1.134213309455682,1.1942217039021477
163,1552172400,369,474,105,843,10,-0.2652065034157865,0.19013487606430818
163,1552190400,118,170,52,288,10,-0.4529767567884139,-0.6403691320578989
163,1552204800,27,67,40,94,10,-0.4954907764199522,-0.9306714339961119
163,1552219200,93,377,284,470,10,0.368960956087993,-0.36802367353854454
163,1552233600,231,791,560,1022,10,1.3467834076133736,0.45799112372894796
163,1552248000,340,649,309,989,10,0.45753183032036443,0.408609804327087
163,1552262400,177,143,0,320,10,-0.6372041751917465,-0.5924842162742762
163,1552276800,31,43,12,74,10,-0.5946901555602082,-0.9605995063608761
163,1552291200,96,252,156,348,10,-0.08452191998174875,-0.5505849149636063
163,1552291469,0,0,0,0,10,-0.6372041751917465,-1.0713333741105038
163,1552293272,0,0,0,0,10,-0.6372041751917465,-1.0713333741105038
163,1552296690,0,1,1,1,10,-0.6336613402224517,-1.0698369704922654
163,1552297698,0,0,0,0,10,-0.6372041751917465,-1.0713333741105038
163,1552305600,512,1404,892,1916,10,2.523004617419266,1.7957759584339086
163,1552320000,422,585,163,1007,10,-0.05972207519668475,0.4355450694553748
163,1552334400,1063,722,0,1785,10,-0.6372041751917465,1.599747084444703
163,1552348800,331,180,0,511,11,-0.6109817199696042,-0.4852566852323857
163,1552363200,19,22,3,41,11,-0.5990757971864044,-1.2379650748667794
163,1552377600,100,326,226,426,11,0.28593112969811657,-0.6213847982513718
163,1552392000,530,1371,841,1901,11,2.7266453002540825,1.7408383394310338
163,1552406400,473,591,118,1064,11,-0.14268209049707742,0.4003768029970179
163,1552420800,1082,692,0,1774,11,-0.6109817199696042,1.5374469235085488
163,1552435200,307,168,0,475,11,-0.6109817199696042,-0.5429109448639563
163,1552449600,25,36,11,61,11,-0.5673266697645382,-1.205934930627018
163,1552464000,109,303,194,412,11,0.1589346200106517,-0.6438058992192048
163,1552478400,518,1276,758,1794,11,2.3972481032522204,1.5694770677483103
163,1552492800,465,586,121,1051,11,-0.13077616771387757,0.379557209241173
163,1552507200,1099,712,0,1811,11,-0.6109817199696042,1.5967026903521073
163,1552521600,350,202,0,552,11,-0.6109817199696042,-0.41959488954087476
163,1552536000,29,34,5,63,11,-0.5911385153309378,-1.2027319162030419
163,1552550400,108,297,189,405,11,0.1390914153719853,-0.6550164497031213
163,1552564800,544,1409,865,1953,11,2.8218926825196813,1.8241167144544137
163,1552579200,529,669,140,1198,11,-0.0553719900869453,0.6149787694034196
163,1552593600,1116,706,0,1822,11,-0.6109817199696042,1.6143192696839763
163,1552608000,480,191,0,671,11,-0.6109817199696042,-0.22901553131429425
163,1552622400,32,53,21,85,11,-0.5276402604872054,-1.1674987575393043
163,1552636800,90,280,190,370,11,0.1430600562997186,-0.7110692021227039
163,1552651200,488,1299,811,1787,11,2.6075860724220843,1.5582665172643937
163,1552665600,539,532,0,1071,11,-0.6109817199696042,0.4115873534809344
163,1552680000,976,725,0,1701,11,-0.6109817199696042,1.4205368970334196
163,1552694400,359,225,0,584,11,-0.6109817199696042,-0.3683466587572565
163,1552708800,61,107,46,168,11,-0.4284242372938734,-1.0345736589442942
163,1552723200,34,92,58,126,11,-0.38080054616107406,-1.1018369618477932
163,1552737600,157,503,346,660,11,0.7621680410261099,-0.24663211064616303
163,1552752000,427,572,145,999,11,-0.03552878544827891,0.2962788342177933
163,1552766400,480,499,19,979,11,-0.535577542342672,0.2642486899780318
163,1552780800,282,289,7,571,11,-0.5832012334754713,-0.3891662525131014
163,1552795200,61,108,47,169,11,-0.4244555963661401,-1.0329721517323063
163,1552809600,104,72,0,176,11,-0.6109817199696042,-1.0217616012483897
163,1552824000,101,318,217,419,11,0.25021336134851707,-0.6325953487352883
163,1552838400,269,411,142,680,11,-0.047434708231478745,-0.2146019664064016
163,1552852800,351,328,0,679,11,-0.6109817199696042,-0.21620347361838968
163,1552867200,191,133,0,324,11,-0.6109817199696042,-0.7847385338741552
163,1552881600,30,40,10,70,11,-0.5712953106922715,-1.1915213657191253
163,1552896000,85,258,173,343,11,0.07559316052825286,-0.7543098968463817
163,1552910400,463,1182,719,1645,11,2.2424711070706227,1.3308524931620875
163,1552924800,396,440,44,836,11,-0.43636151914933996,0.03523315866373758
163,1552939200,1101,660,0,1761,11,-0.6109817199696042,1.5166273297527038
163,1552953600,271,203,0,474,12,-0.5516155907886331,-0.49934801244001575
163,1552968000,33,48,15,81,12,-0.4876042033882207,-1.17934457157993
163,1552982400,85,288,203,373,12,0.3146718520302812,-0.6741053978678309
163,1552996800,490,1224,734,1714,12,2.5806749660048793,1.6461882046935559
163,1553011200,444,455,11,899,12,-0.5046739066949973,0.23601722327108743
163,1553025600,1086,642,0,1728,12,-0.5516155907886331,1.670412000693451
163,1553040000,331,229,0,560,12,-0.5516155907886331,-0.35054469415494544
163,1553054400,34,53,19,87,12,-0.47053450008144404,-1.168962944722832
163,1553068800,84,281,197,365,12,0.28906729707011625,-0.6879475670106281
163,1553083200,463,1259,796,1722,12,2.8452553672599175,1.660030373836353
163,1553097600,459,435,0,894,12,-0.5516155907886331,0.22736586755683916
163,1553112000,1082,645,0,1727,12,-0.5516155907886331,1.6686817295506013
163,1553126400,298,204,0,502,12,-0.5516155907886331,-0.45090042044022544
163,1553140800,44,44,0,88,12,-0.5516155907886331,-1.1672326735799825
163,1553155200,78,283,205,361,12,0.32320670368366955,-0.6948686515820267
163,1553169600,478,1279,801,1757,12,2.866592496393388,1.720589863836091
163,1553184000,470,399,0,869,12,-0.5516155907886331,0.1841090889855978
163,1553198400,1015,703,0,1718,12,-0.5516155907886331,1.6531092892649546
163,1553212800,319,240,0,559,12,-0.5516155907886331,-0.3522749652977951
163,1553227200,36,50,14,86,12,-0.49187162921491484,-1.1706932158656818
163,1553241600,105,225,120,330,12,-0.039524491585333985,-0.748507057010366
163,1553256000,466,1104,638,1570,12,2.1710020866422406,1.3970291601232057
163,1553270400,472,462,0,934,12,-0.5516155907886331,0.29657671327082535
163,1553284800,953,687,0,1640,12,-0.5516155907886331,1.5181481401226815
163,1553299200,303,258,0,561,12,-0.5516155907886331,-0.3488144230120958
163,1553313600,72,135,63,207,12,-0.28276776370690104,-0.9613304075808735
163,1553328000,40,138,98,178,12,-0.1334078597726055,-1.0115082707235135
163,1553342400,189,368,179,557,12,0.2122536321896214,-0.3557355075834944
163,1553356800,422,478,56,900,12,-0.3126397444937602,0.23774749441393708
163,1553371200,527,552,25,1079,12,-0.4449299451212791,0.5474660289840253
163,1553385600,353,268,0,621,12,-0.5516155907886331,-0.24499815444111653
163,1553400000,81,107,26,188,12,-0.44066251929458494,-0.994205559295017
163,1553414400,28,66,38,94,12,-0.38945340937425504,-1.1568510467228845
163,1553428800,126,281,155,407,12,0.10983541234896159,-0.6152761790109426
163,1553443200,286,383,97,669,12,-0.13767528559929965,-0.1619451395843331
163,1553457600,326,359,33,685,12,-0.41079053850772584,-0.13426080129873863
163,1553472000,171,161,0,332,12,-0.5516155907886331,-0.7450465147246667
163,1553486400,23,42,19,65,12,-0.47053450008144404,-1.2070289098655245
163,1553500800,94,246,152,340,12,0.0970331348688791,-0.7312043455818694
163,1553515200,452,1187,735,1639,12,2.5849423918315737,1.5164178689798318
163,1553529600,412,398,0,810,12,-0.5516155907886331,0.08202309155746819
163,1553544000,991,668,0,1659,12,-0.5516155907886331,1.551023291836825
163,1553558400,290,178,0,468,13,-0.5557916795502126,-0.49861897320748644
163,1553572800,34,48,14,82,13,-0.4963832978786029,-1.1625160489006345
163,1553587200,95,291,196,386,13,0.2759256638523233,-0.6396541032770153
163,1553601600,463,1168,705,1631,13,2.4358446831987046,1.5016719569249775
163,1553616000,456,461,5,917,13,-0.5345744003817806,0.2736343609537142
163,1553630400,1015,801,0,1816,13,-0.5557916795502126,1.8198609698867194
163,1553644800,345,220,0,565,13,-0.5557916795502126,-0.33178473397889746
163,1553659200,34,52,18,86,13,-0.4794094745438573,-1.1556362864582184
163,1553673600,80,264,184,344,13,0.2250041938480864,-0.7118916089223838
163,1553688000,491,1262,771,1753,13,2.7159127682220077,1.7115047114186668
163,1553702400,448,675,227,1123,13,0.4074727946966019,0.6279421267381403
163,1553716800,1014,717,0,1731,13,-0.5557916795502126,1.6736660179853786
163,1553731200,319,213,0,532,13,-0.5557916795502126,-0.3885427741288298
163,1553745600,47,58,11,105,13,-0.5091136653796621,-1.1229574148567423
163,1553760000,83,284,201,367,13,0.29714294302075533,-0.6723329748784915
163,1553774400,434,1190,756,1624,13,2.6522609307167118,1.4896323726507494
163,1553788800,425,447,22,872,13,-0.4624356512091116,0.1962370334765337
163,1553803200,1003,711,0,1714,13,-0.5557916795502126,1.6444270276051105
163,1553817600,346,230,0,576,13,-0.5557916795502126,-0.3128653872622533
163,1553832000,63,50,0,113,13,-0.5557916795502126,-1.1091978899719102
163,1553846400,89,257,168,346,13,0.1571089005091039,-0.7084517277011757
163,1553860800,438,1120,682,1558,13,2.3382451990239175,1.3761162923508847
163,1553875200,441,461,20,902,13,-0.47092256287648443,0.24783525179465402
163,1553889600,968,702,0,1670,13,-0.5557916795502126,1.568749640738534
163,1553904000,368,221,0,589,13,-0.5557916795502126,-0.2905061593244012
163,1553918400,96,116,20,212,13,-0.47092256287648443,-0.9389237695221131
163,1553932800,40,91,51,131,13,-0.3393754320322058,-1.078238958981038
163,1553947200,131,318,187,449,13,0.23773456134914564,-0.5312978448089627
163,1553961600,390,415,25,805,13,-0.4497052837080524,0.08100101256606503
163,1553976000,512,381,0,893,13,-0.5557916795502126,0.23235578629921794
163,1553990400,352,298,0,650,13,-0.5557916795502126,-0.18558978207755658
163,1554004800,80,120,40,200,13,-0.3860534462027563,-0.9595630568493613
163,1554019200,40,60,20,100,13,-0.47092256287648443,-1.1315571179097623
163,1554033600,101,211,110,312,13,-0.08901153784470776,-0.766929708461712
163,1554048000,280,383,103,663,13,-0.11871572868051262,-0.16323055413970444
163,1554062400,313,281,0,594,13,-0.5557916795502126,-0.28190645627138117
163,1554076800,177,126,0,303,13,-0.5557916795502126,-0.7824091739571482
163,1554091200,30,33,3,63,13,-0.5430613120491534,-1.1951949205021106
163,1554105600,102,263,161,365,13,0.12740470967329903,-0.6757728560996995
163,1554120000,434,1235,801,1669,13,2.8432164432326,1.5670297001279299
163,1554134400,418,398,0,816,13,-0.5557916795502126,0.09992035928270913
163,1554148800,1046,691,0,1737,13,-0.5557916795502126,1.6839856616490028
163,1554163200,264,156,0,420,14,-0.5425354073701386,-0.5825006722433845
163,1554177600,16,32,16,48,14,-0.4744652442348262,-1.20795531475116
163,1554192000,98,262,164,360,14,0.1551837647668134,-0.6833804532930258
163,1554206400,465,1186,721,1651,14,2.5248763189148757,1.4872161689584207
163,1554220800,402,428,26,830,14,-0.43192139227525594,0.10684449826249695
163,1554235200,1009,696,0,1705,14,-0.5425354073701386,1.5780079719030977
163,1554249600,292,170,0,462,14,-0.5425354073701386,-0.5118848255086357
163,1554264000,25,34,9,59,14,-0.5042459406065254,-1.1894606882253924
163,1554278400,100,254,154,354,14,0.11263991280724314,-0.6934684313979899
163,1554292800,445,1175,730,1620,14,2.563165785678489,1.4350949487494393
163,1554307200,389,459,70,848,14,-0.2447284436531469,0.1371084325773893
163,1554321600,1151,791,0,1942,14,-0.5425354073701386,1.9764831070491804
163,1554336000,337,206,0,543,14,-0.5425354073701386,-0.3756971210916201
163,1554350400,32,34,2,66,14,-0.5340266369782245,-1.1776913804362676
163,1554364800,111,263,152,374,14,0.10413114241532909,-0.6598418377147761
163,1554379200,450,1219,769,1669,14,2.729086808320813,1.517480103273313
163,1554393600,450,441,0,891,14,-0.5425354073701386,0.20940560899629881
163,1554408000,1106,781,0,1887,14,-0.5425354073701386,1.8840099744203427
163,1554422400,309,209,0,518,14,-0.5425354073701386,-0.4177303631956373
163,1554436800,35,30,0,65,14,-0.5425354073701386,-1.1793727101204283
163,1554451200,103,250,147,353,14,0.08285921643554398,-0.6951497610821505
163,1554465600,448,1197,749,1645,14,2.6439991044016726,1.4771281908534566
163,1554480000,550,437,0,987,14,-0.5425354073701386,0.37081325867572473
163,1554494400,1087,722,0,1809,14,-0.5425354073701386,1.752866259055809
163,1554508800,347,281,0,628,14,-0.5425354073701386,-0.23278409793796173
163,1554523200,54,116,62,170,14,-0.2787635252208031,-1.0028330932835563
163,1554537600,43,73,30,116,14,-0.41490385149142783,-1.0936248962282333
163,1554552000,187,372,185,559,14,0.2445258538819109,-0.3487958461450491
163,1554566400,513,425,0,938,14,-0.5425354073701386,0.2884281041518511
163,1554580800,539,450,0,989,14,-0.5425354073701386,0.3741759180440461
163,1554595200,409,351,0,760,14,-0.5425354073701386,-0.010848579628751114
163,1554609600,86,141,55,227,14,-0.3085442215925023,-0.9069973012863971
163,1554624000,22,67,45,89,14,-0.3510880735520725,-1.1390207977005717
163,1554638400,114,318,204,432,14,0.32535917260509434,-0.5623247160334564
163,1554652800,299,412,113,711,14,-0.06178988022699485,-0.09323373415262476
163,1554667200,358,305,0,663,14,-0.5425354073701386,-0.1739375589923377
163,1554681600,216,177,0,393,14,-0.5425354073701386,-0.627896573715723
163,1554696000,24,42,18,66,14,-0.46595647384291217,-1.1776913804362676
163,1554710400,87,245,158,332,14,0.12965745359107123,-0.730457684449525
163,1554724800,413,1170,757,1583,14,2.6780341859693286,1.3728857504354939
163,1554739200,370,390,20,760,14,-0.4574477034509981,-0.010848579628751114
163,1554753600,1019,650,0,1669,14,-0.5425354073701386,1.517480103273313
163,1554768000,248,157,0,405,15,-0.5962091775332421,-0.4724649498816958
163,1554782400,22,41,19,63,15,-0.5136437666503587,-1.0674826728878086
163,1554796800,133,273,140,406,15,0.012167534235372339,-0.4707251319781692
163,1554811200,441,1284,843,1725,15,3.0670877369020575,1.8240946827734765
163,1554825600,377,450,73,827,15,-0.27898417782532176,0.2617382054065487
163,1554840000,1038,742,0,1780,15,-0.5962091775332421,1.9197846674674421
163,1554854400,290,207,0,497,15,-0.5962091775332421,-0.31240170275724444
163,1554868800,26,21,0,47,15,-0.5962091775332421,-1.095319759344235
163,1554883200,99,260,161,359,15,0.10342404100066452,-0.5524965734439216
163,1554887491,47,337,290,384,15,0.6639997254160307,-0.5090011258557554
163,1554887574,57,274,217,331,15,0.3467747257081103,-0.6012114747426676
163,1554895781,85,434,349,519,15,0.9203870539470896,-0.2741257088796582
163,1554897600,464,1226,762,1690,15,2.7150983536645024,1.763201056150044
163,1554912000,444,435,0,879,15,-0.5962091775332421,0.3522087363899343
163,1554926400,1016,739,0,1755,15,-0.5962091775332421,1.876289219879276
163,1554940800,297,191,0,488,15,-0.5962091775332421,-0.32806006388898423
163,1554955200,27,36,9,63,15,-0.5570992460624027,-1.0674826728878086
163,1554969600,87,291,204,378,15,0.29028260247245324,-0.5194400332769152
163,1554984000,336,1130,794,1466,15,2.8541558877830426,1.3734818457600753
163,1554998400,470,455,0,925,15,-0.5962091775332421,0.43224035995216
163,1555012800,981,687,0,1668,15,-0.5962091775332421,1.7249250622724577
163,1555027200,270,196,0,466,15,-0.5962091775332421,-0.3663360577665704
163,1555041600,34,36,2,70,15,-0.5875180816508334,-1.055303947563122
163,1555056000,99,262,163,361,15,0.11211513688307329,-0.5490169376368682
163,1555058754,60,163,103,223,15,-0.14861773958919006,-0.7891118083235453
163,1555059569,20,56,36,76,15,-0.4397694516498841,-1.0448650401419624
163,1555059777,42,245,203,287,15,0.28593705453124885,-0.67776346249784
163,1555059860,45,205,160,250,15,0.09907849305946012,-0.7421367249283259
163,1555059943,81,104,23,185,15,-0.4962615748855412,-0.8552248886575579
163,1555070400,372,1192,820,1564,15,2.9671401342543566,1.5439840003056866
163,1555084800,447,483,36,930,15,-0.4397694516498841,0.4409394494697932
163,1555099200,960,801,0,1761,15,-0.5962091775332421,1.8867281273004357
163,1555113600,357,269,0,626,15,-0.5962091775332421,-0.08796519320230711
163,1555128000,59,107,48,166,15,-0.38762287635543147,-0.8882814288245642
163,1555142400,35,77,42,112,15,-0.4136961640026578,-0.9822315956150031
163,1555156800,153,326,173,479,15,0.15557061629511718,-0.343718425020724
163,1555171200,511,421,0,932,15,-0.5962091775332421,0.4444190852768465
163,1555185600,508,429,0,937,15,-0.5962091775332421,0.4531181747944797
163,1555200000,330,269,0,599,15,-0.5962091775332421,-0.13494027659752655
163,1555214400,96,120,24,216,15,-0.4919160269443368,-0.8012905336482319
163,1555228800,22,54,32,76,15,-0.4571516434147017,-1.0448650401419624
163,1555243200,114,276,162,390,15,0.1077695889418689,-0.4985622184345955
163,1555257600,259,368,109,627,15,-0.12254445194196373,-0.08622537529878047
163,1555272000,388,326,0,714,15,-0.5962091775332421,0.06513878230803771
163,1555286400,165,158,0,323,15,-0.5962091775332421,-0.6151300179708807
163,1555300800,19,33,14,52,15,-0.5353715063563808,-1.0866206698266017
163,1555315200,91,233,142,324,15,0.020858630117781118,-0.6133902000673541
163,1555329600,432,1100,668,1532,15,2.3066168471912896,1.488309827392834
163,1555344000,381,420,39,801,15,-0.426732807826271,0.2165029399148559
163,1555358400,1080,1014,0,2094,15,-0.5962091775332421,2.466087489174809
163,1555372800,288,183,0,471,16,-0.5569774481197259,-0.39429002658839135
163,1555387200,23,34,11,57,16,-0.5081309065420279,-1.1378010321538343
163,1555401600,90,270,180,360,16,0.2423295958789696,-0.5936371802544883
163,1555416000,467,930,463,1397,16,1.4990178928324742,1.2687321742657152
163,1555430400,416,446,30,862,16,-0.4237596074532767,0.30791481200119364
163,1555444800,1013,743,0,1756,16,-0.5569774481197259,1.9134675631497586
163,1555459200,310,203,0,513,16,-0.5569774481197259,-0.3188613738498681
163,1555473600,24,27,3,51,16,-0.543655664053081,-1.1485765539736232
163,1555488000,99,280,181,379,16,0.24677019056785124,-0.5595146944918231
163,1555502400,434,1255,821,1689,16,3.0887507914521017,1.7931409028287812
163,1555516800,402,446,44,848,16,-0.3615912818089337,0.28277192775501925
163,1555531200,1023,728,0,1751,16,-0.5569774481197259,1.904487961633268
163,1555545600,312,243,0,555,16,-0.5569774481197259,-0.24343272111134495
163,1555560000,29,29,0,58,16,-0.5569774481197259,-1.136005111850536
163,1555574400,92,262,170,354,16,0.19792364899015316,-0.6044127020742773
163,1555588800,457,1204,747,1661,16,2.7601467844748604,1.7428551343364325
163,1555603200,425,487,62,912,16,-0.28166057740906414,0.3977108271661022
163,1555617600,1028,749,0,1777,16,-0.5569774481197259,1.9511818895190203
163,1555632000,361,202,0,563,16,-0.5569774481197259,-0.22906535868495959
163,1555646400,28,35,7,63,16,-0.5258932852975544,-1.1270255103340452
163,1555660800,55,193,138,248,16,0.05582461894594063,-0.7947802542238835
163,1555675200,307,1057,750,1364,16,2.7734685685415053,1.2094668042568757
163,1555689600,413,480,67,893,16,-0.25945760396465595,0.36358834140343693
163,1555704000,682,575,0,1257,16,-0.5569774481197259,1.0173033318039713
163,1555718400,299,187,0,486,16,-0.5569774481197259,-0.3673512220389188
163,1555732800,50,69,19,119,16,-0.47260614903097475,-1.0264539733493476
163,1555747200,29,76,47,105,16,-0.34826949774228877,-1.0515968575955221
163,1555761600,118,350,232,468,16,0.473240519700815,-0.39967778749828586
163,1555776000,288,365,77,653,16,-0.2150516570758395,-0.06743253138812418
163,1555790400,351,344,0,695,16,-0.5569774481197259,0.00799612135039902
163,1555804800,231,211,0,442,16,-0.5569774481197259,-0.4463717153840383
163,1555819200,54,74,20,128,16,-0.4681655543420931,-1.010290690619664
163,1555833600,16,64,48,80,16,-0.34382890305340713,-1.0964948651779762
163,1555848000,106,241,135,347,16,0.04250283487929571,-0.6169841441973646
163,1555862400,207,307,100,514,16,-0.11291797923156176,-0.31706545354656995
163,1555876800,323,220,0,543,16,-0.5569774481197259,-0.264983764750923
163,1555891200,166,166,0,332,16,-0.5569774481197259,-0.6439229487468372
163,1555905600,17,33,16,50,16,-0.48592793309761967,-1.1503724742769215
163,1555920000,67,203,136,270,16,0.04694342956817735,-0.7552700075513238
163,1555934400,358,1096,738,1454,16,2.720181432274926,1.371099631553711
163,1555948800,381,407,26,788,16,-0.44152198620880323,0.17501670955712895
163,1555963200,976,714,0,1690,16,-0.5569774481197259,1.7949368231320795
163,1555977600,253,141,0,394,17,-0.5508781397585684,-0.3656831534581881
163,1555992000,22,31,9,53,17,-0.5067475390384366,-0.9675854719507705
163,1556006400,81,261,180,342,17,0.3317338746440678,-0.4574688442547109
163,1556011406,157,167,10,324,17,-0.501844138958422,-0.48924081414581494
163,1556020800,368,1133,765,1501,17,3.2002229214526356,1.5882929948447118
163,1556035200,351,430,79,781,17,-0.1635095334374114,0.31741419920054925
163,1556049600,967,698,0,1665,17,-0.5508781397585684,1.8777709427414375
163,1556064000,283,176,0,459,17,-0.5508781397585684,-0.2509510399625345
163,1556078400,27,23,0,50,17,-0.5508781397585684,-0.9728808002659546
163,1556092800,77,226,149,303,17,0.17972847216361376,-0.5263081123521031
163,1556107200,396,1079,683,1475,17,2.7981441148914343,1.5424001494464503
163,1556121600,409,430,21,839,17,-0.4479067380782608,0.41979054662744014
163,1556136000,944,735,0,1679,17,-0.5508781397585684,1.902482474878963
163,1556150400,310,202,0,512,17,-0.5508781397585684,-0.157400239727617
163,1556164800,20,31,11,51,17,-0.4969407388784073,-0.9711156908275599
163,1556179200,75,263,188,338,17,0.3709610752841849,-0.4645292820082896
163,1556193600,393,1132,739,1525,17,3.0727345193722546,1.6306556213661838
163,1556208000,394,478,84,872,17,-0.1389925330373382,0.47803915809446423
163,1556222400,940,807,0,1747,17,-0.5508781397585684,2.0225099166898004
163,1556236800,316,188,0,504,17,-0.5508781397585684,-0.17152111523477434
163,1556251200,26,31,5,57,17,-0.5263611393584952,-0.9605250341971918
163,1556265600,67,245,178,312,17,0.32192707448403846,-0.510422127406551
163,1556266302,12,24,12,36,17,-0.4920373387983926,-0.9975923324034799
163,1556280000,406,1088,682,1494,17,2.79324071481142,1.575937228775949
163,1556294400,539,503,0,1042,17,-0.5508781397585684,0.7781077626215581
163,1556308800,872,795,0,1667,17,-0.5508781397585684,1.881301161618227
163,1556323200,453,231,0,684,17,-0.5508781397585684,0.14619858367626626
163,1556337600,93,117,24,210,17,-0.4331965378382169,-0.6904632901228074
163,1556352000,37,87,50,124,17,-0.3057081357578361,-0.8422627018247489
163,1556366400,182,351,169,533,17,0.27779647376390665,-0.12033294152132892
163,1556380800,397,517,120,914,17,0.03752986984318905,0.5521737545070404
163,1556395200,414,531,117,945,17,0.02281966960314511,0.6068921470972751
163,1556409600,265,330,65,595,17,-0.23215713455761644,-0.010896156340859374
163,1556424000,68,128,60,196,17,-0.25667413495768965,-0.7151748222603327
163,1556438400,30,62,32,92,17,-0.39396933719809973,-0.8987462038533784
163,1556452800,114,266,152,380,17,0.1944386724036577,-0.39039468559571344
163,1556467200,246,396,150,642,17,0.1846318722436284,0.07206398726369012
163,1556481600,285,393,108,678,17,-0.021310931116986696,0.13560792704589825
163,1556496000,178,145,0,323,17,-0.5508781397585684,-0.49100592358420964
163,1556510400,27,42,15,69,17,-0.4773271385583487,-0.9393437209364558
163,1556523453,38,60,22,98,17,-0.4430033379982462,-0.8881555472230104
163,1556523534,1,0,0,1,17,-0.5508781397585684,-1.0593711627472935
163,1556523615,2,0,0,2,17,-0.5508781397585684,-1.0576060533088987
163,1556523698,3,3,0,6,17,-0.5508781397585684,-1.0505456155553201
163,1556523779,0,2,2,2,17,-0.5410713395985391,-1.0576060533088987
163,1556523860,0,2,2,2,17,-0.5410713395985391,-1.0576060533088987
163,1556524800,93,244,151,337,17,0.18953527232364306,-0.4662943914466842
163,1556526883,24,101,77,125,17,-0.1733163335974407,-0.8404975923863544
163,1556526966,73,63,0,136,17,-0.5508781397585684,-0.8210813885640129
163,1556539200,430,1110,680,1540,17,2.7834339146513907,1.657132262942104
163,1556553600,374,425,51,799,17,-0.30080473567782146,0.34918616909165334
163,1556568000,1053,753,0,1806,17,-0.5508781397585684,2.1266513735550863
163,1556582400,362,180,0,542,18,-0.6432442112176668,-0.3653678798931773
163,1556596800,31,26,0,57,18,-0.6432442112176668,-1.2287219444397839
163,1556611200,84,283,199,367,18,0.2615343130268136,-0.6768873877192725
163,1556625600,456,1241,785,1697,18,2.92585700251056,1.6906608717590508
163,1556640000,436,406,0,842,18,-0.6432442112176668,0.16866556209441438
163,1556654400,1025,791,0,1816,18,-0.6432442112176668,1.9024941370807955
163,1556668800,326,219,0,545,18,-0.6432442112176668,-0.3600275454733014
163,1556683200,40,30,0,70,18,-0.6432442112176668,-1.2055804952869882
163,1556697600,87,281,194,368,18,0.23880118427695232,-0.6751072762459805
163,1556712000,451,886,435,1337,18,1.3345379900202676,1.0498207413739407
163,1556726400,446,565,119,1011,18,-0.10219574697096744,0.4695044010807577
163,1556740800,1057,717,0,1774,18,-0.6432442112176668,1.8277294552025327
163,1556755200,341,222,0,563,18,-0.6432442112176668,-0.3279855389540459
163,1556769600,34,26,0,60,18,-0.6432442112176668,-1.223381610019908
163,1556784000,98,265,167,363,18,0.11604228902770121,-0.6840078336124403
163,1556790335,83,359,276,442,18,0.6116244957746779,-0.5433790272223745
163,1556798400,441,1204,763,1645,18,2.82583123601117,1.5980950751478682
163,1556812800,444,470,26,914,18,-0.525031941718388,0.2968335881714364
163,1556827200,1017,734,0,1751,18,-0.6432442112176668,1.7867868913168172
163,1556841600,330,274,0,604,18,-0.6432442112176668,-0.25500096854907506
163,1556856000,40,49,9,89,18,-0.6023245794679164,-1.1717583772944409
163,1556870400,87,255,168,342,18,0.12058891477767347,-0.7213901745515718
163,1556878254,104,383,279,487,18,0.6252643730245947,-0.4632740109242358
163,1556884800,425,1161,736,1586,18,2.703072340761919,1.4930684982236417
163,1556899200,494,474,0,968,18,-0.6432442112176668,0.3929596077292029
163,1556913600,962,699,0,1661,18,-0.6432442112176668,1.6265768587205398
163,1556928000,359,235,0,594,18,-0.6432442112176668,-0.2728020832819948
163,1556942400,75,105,30,180,18,-0.5068454387184989,-1.0097682332248714
163,1556956800,35,91,56,126,18,-0.38863316921922003,-1.1058942527826379
163,1556971200,158,377,219,535,18,0.3524668280262589,-0.37782866020622113
163,1556985600,361,548,187,909,18,0.2069748040271465,0.2879330308049765
163,1557000000,430,558,128,988,18,-0.061276115221217065,0.42856183719504237
163,1557014400,319,310,0,629,18,-0.6432442112176668,-0.21049818171677573
163,1557028800,93,99,6,192,18,-0.6159644567178332,-0.9884068955453676
163,1557043200,34,59,25,93,18,-0.5295785674683602,-1.164637931401273
163,1557057600,111,272,161,383,18,0.08876253452786763,-0.648405604146601
163,1557072000,291,466,175,757,18,0.15241529502747933,0.01735608686459673
163,1557086400,318,372,54,690,18,-0.3977264207191646,-0.10191138184596542
163,1557100800,148,172,24,320,18,-0.5341251932183325,-0.7605526269639952
163,1557115200,20,45,25,65,18,-0.5295785674683602,-1.2144810526534482
163,1557129600,96,252,156,348,18,0.06602940577800631,-0.71070950571182
163,1557144000,403,1168,765,1571,18,2.8349244875111146,1.4663668261242622
163,1557158400,411,469,58,880,18,-0.37953991771927553,0.23630979807950933
163,1557172800,989,729,0,1718,18,-0.6432442112176668,1.7280432126981822
163,1557187200,317,180,0,497,19,-0.5663078394935366,-0.4269334677960909
163,1557201600,24,23,0,47,19,-0.5663078394935366,-1.2196481294864452
163,1557216000,94,248,154,342,19,0.0734963711342704,-0.6999796290449908
163,1557230400,404,1188,784,1592,19,2.6908772327934805,1.5020055423171048
163,1557244800,438,436,0,874,19,-0.5663078394935366,0.2371852598867171
163,1557259200,993,731,0,1724,19,-0.5663078394935366,1.734535176412942
163,1557273600,366,249,0,615,19,-0.5663078394935366,-0.2190660676195091
163,1557288000,27,35,8,62,19,-0.5330712571232609,-1.1932243074301
163,1557302400,95,287,192,382,19,0.23137013739307993,-0.6295161035614038
163,1557316800,415,1170,755,1585,19,2.5703946217012312,1.489674425357477
163,1557331200,456,543,87,999,19,-0.2048600062167885,0.45738377702292665
163,1557345600,936,711,0,1647,19,-0.5663078394935366,1.598892889857037
163,1557360000,360,220,0,580,19,-0.5663078394935366,-0.2807216524176478
163,1557374400,31,35,4,66,19,-0.5496895483083988,-1.1861779548817415
163,1557388800,102,305,203,407,19,0.277070438152209,-0.5854764001341618
163,1557403200,433,1183,750,1616,19,2.549621757719809,1.544283657607257
163,1557417600,451,439,0,890,19,-0.5663078394935366,0.2653706700801519
163,1557432000,1035,710,0,1745,19,-0.5663078394935366,1.7715285272918253
163,1557446400,361,232,0,593,19,-0.5663078394935366,-0.25782100663548196
163,1557460800,43,38,0,81,19,-0.5663078394935366,-1.1597541328253962
163,1557475200,75,257,182,332,19,0.18982440943023532,-0.7175955104158875
163,1557489600,407,1139,732,1546,19,2.474839447386689,1.4209724880109795
163,1557504000,497,475,0,972,19,-0.5663078394935366,0.4098208973215054
163,1557518400,926,726,0,1652,19,-0.5663078394935366,1.6077008305424854
163,1557532800,411,219,0,630,19,-0.5663078394935366,-0.19264224556316395
163,1557547200,79,133,54,212,19,-0.3419609084941757,-0.9289860868666486
163,1557561600,38,86,48,124,19,-0.36688834527188247,-1.0840058429305401
163,1557576000,152,378,226,530,19,0.3726256124667516,-0.3688010592721316
163,1557590400,335,469,134,804,19,-0.009595084791418818,0.11387409029043974
163,1557604800,413,430,17,843,19,-0.49568010195670076,0.18257602763693712
163,1557619200,261,297,36,558,19,-0.416743218827296,-0.31947659143362067
163,1557633600,61,124,63,185,19,-0.30456975332761554,-0.97654896656807
163,1557648000,25,50,25,75,19,-0.4624435195864251,-1.1703236616479344
163,1557662400,93,243,150,336,19,0.05687807994913256,-0.7105491578675288
163,1557676800,201,324,123,525,19,-0.05529538555054789,-0.37760899995757996
163,1557691200,265,293,28,558,19,-0.4499798011975717,-0.31947659143362067
163,1557705600,126,124,0,250,19,-0.5663078394935366,-0.862045737657241
163,1557720000,15,26,11,41,19,-0.5206075387344076,-1.2302176583089834
163,1557734400,100,256,156,356,19,0.08180551672683932,-0.6753173951257353
163,1557748800,413,1216,803,1629,19,2.7698141159228853,1.5671843033894228
163,1557763200,424,419,0,843,19,-0.5663078394935366,0.18257602763693712
163,1557777600,1045,663,0,1708,19,-0.5663078394935366,1.7063497662195073
163,1557792000,305,163,0,468,20,-0.5733649764293546,-0.5121967131842728
163,1557806400,30,22,0,52,20,-0.5733649764293546,-1.2442295125916851
163,1557820800,99,289,190,388,20,0.206231634902431,-0.6529722515318521
163,1557835200,437,1209,772,1646,20,2.5942591496134795,1.5607230889838322
163,1557849600,473,459,0,932,20,-0.5733649764293546,0.304301409231687
163,1557864000,1063,685,0,1748,20,-0.5733649764293546,1.7402119003769958
163,1557878400,329,215,0,544,20,-0.5733649764293546,-0.3784599517540725
163,1557892800,30,35,5,65,20,-0.5528492761311498,-1.2213534876102035
163,1557907200,96,280,184,376,20,0.18161279454458512,-0.674088582283989
163,1557921600,415,1228,813,1643,20,2.76248789205876,1.555444006295798
163,1557936000,566,412,0,978,20,-0.5733649764293546,0.3852473437815451
163,1557950400,1048,779,0,1827,20,-0.5733649764293546,1.8792277444952306
163,1557964800,379,219,0,598,20,-0.5733649764293546,-0.2834364633694565
163,1557979200,39,28,0,67,20,-0.5733649764293546,-1.217834099151514
163,1557993600,82,241,159,323,20,0.0790342930535607,-0.7673523764392602
163,1558008000,451,1162,711,1613,20,2.3439676059753802,1.5026531794154558
163,1558022400,439,509,70,948,20,-0.2861451722544862,0.3324565169012029
163,1558036800,980,701,0,1681,20,-0.5733649764293546,1.6223123870108982
163,1558051200,348,262,0,610,20,-0.5733649764293546,-0.26232013261731957
163,1558065600,67,43,0,110,20,-0.5733649764293546,-1.1421672472896902
163,1558080000,78,265,187,343,20,0.19392221472350807,-0.7321584918523655
163,1558094400,407,1195,788,1602,20,2.6599093905677353,1.4832965428926637
163,1558108800,463,492,29,955,20,-0.4543739146997663,0.3447743765066161
163,1558123200,886,695,0,1581,20,-0.5733649764293546,1.446342964076424
163,1558137600,360,227,0,587,20,-0.5733649764293546,-0.3027930998922486
163,1558152000,91,132,41,223,20,-0.40513623398407456,-0.9433217993737344
163,1558166400,48,105,57,153,20,-0.3394859930298189,-1.0665003954278662
163,1558180800,160,347,187,507,20,0.19392221472350807,-0.44356863823982795
163,1558195200,403,516,113,919,20,-0.10971014968992422,0.2814253842502054
163,1558209600,412,483,71,895,20,-0.28204203219484525,0.23919272274593162
163,1558224000,281,259,0,540,20,-0.5733649764293546,-0.38549872867145146
163,1558238400,80,128,48,208,20,-0.3764142535665877,-0.9697172128139055
163,1558252800,22,67,45,89,20,-0.38872367374551065,-1.1791208261059296
163,1558267200,125,299,174,424,20,0.14058139394817537,-0.5896232592754415
163,1558281600,285,450,165,735,20,0.10365313341140657,-0.042358353949226955
163,1558296000,306,399,93,705,20,-0.19177295088274376,-0.09514918082956919
163,1558310400,169,166,0,335,20,-0.5733649764293546,-0.7462360456871234
163,1558324800,35,50,15,85,20,-0.5118178755347399,-1.1861596030233086
163,1558339200,82,231,149,313,20,0.03800289245715094,-0.7849493187327077
163,1558353600,405,1208,803,1613,20,2.72145649146235,1.5026531794154558
163,1558368000,425,386,0,811,20,-0.5733649764293546,0.09137840748097337
163,1558382400,952,689,0,1641,20,-0.5733649764293546,1.5519246178371084
163,1558396800,314,157,0,471,21,-0.524149966474747,-0.1785968303243633
163,1558411200,27,43,16,70,21,-0.4435921969625185,-0.9697664022652938
163,1558425600,100,257,157,357,21,0.2663231468639949,-0.40351785576392957
163,1558440000,421,1215,794,1636,21,3.473529345569591,2.119938210351906
163,1558454400,447,425,0,872,21,-0.524149966474747,0.6125727416165673
163,1558454809,14,6,0,20,21,-0.524149966474747,-1.0684159748265072
163,1558468800,911,678,0,1589,21,-0.524149966474747,2.0272076121443656
163,1558483200,320,191,0,511,21,-0.524149966474747,-0.09967717227539266
163,1558497600,26,36,10,62,21,-0.4738013605296042,-0.985550333875088
163,1558512000,98,277,179,375,21,0.377090079943309,-0.3680040096418928
163,1558526400,418,1161,743,1579,21,3.2167514552493626,2.007477697632123
163,1558540800,447,449,2,896,21,-0.5140802452857184,0.6599245364459496
163,1558555200,947,762,0,1709,21,-0.524149966474747,2.2639665862912772
163,1558569600,355,207,0,562,21,-0.524149966474747,0.0009453917370448858
163,1558584000,35,35,0,70,21,-0.524149966474747,-0.9697664022652938
163,1558598400,76,238,162,314,21,0.2914974498365663,-0.488356488166573
163,1558598902,9,19,10,28,21,-0.4738013605296042,-1.0526320432167129
163,1558599586,13,18,5,31,21,-0.4989756635021756,-1.0467130688630402
163,1558612800,440,1151,711,1591,21,3.055635916224906,2.031153595046814
163,1558627200,453,468,15,921,21,-0.4486270575570328,0.7092493227265563
163,1558641600,898,723,0,1621,21,-0.524149966474747,2.090343338583542
163,1558656000,336,227,0,563,21,-0.524149966474747,0.0029183831882691517
163,1558670400,41,39,0,80,21,-0.524149966474747,-0.9500364877530512
163,1558684800,81,229,148,310,21,0.22100940151336637,-0.49624845397147005
163,1558687187,37,111,74,148,21,-0.1515702824806903,-0.8158730690698011
163,1558687262,21,133,112,154,21,0.039754420110852305,-0.8040351203624555
163,1558688994,14,151,137,165,21,0.16562593497370928,-0.7823322143989886
163,1558699200,313,975,662,1288,21,2.808927747093706,1.4333371853258616
163,1558713600,476,507,31,983,21,-0.3680692880448043,0.8315747927024607
163,1558728000,682,559,0,1241,21,-0.524149966474747,1.3406065871183213
163,1558742400,284,211,0,495,21,-0.524149966474747,-0.1312450354949809
163,1558756800,76,98,22,174,21,-0.4133830333954328,-0.7645752913379702
163,1558771200,25,70,45,95,21,-0.2975812397216044,-0.9204416159846872
163,1558785600,105,313,208,418,21,0.5231010371842231,-0.28316537723924934
163,1558800000,372,389,17,761,21,-0.4385573363680042,0.39357069053067373
163,1558814400,309,368,59,677,21,-0.2270931913984045,0.22783940862783544
163,1558828800,228,223,0,451,21,-0.524149966474747,-0.2180566593488486
163,1558843200,48,60,12,108,21,-0.4637316393405756,-0.8947927271187717
163,1558857600,15,46,31,61,21,-0.3680692880448043,-0.9875233253263122
163,1558872000,102,223,121,325,21,0.08506816546148081,-0.46665358220310604
163,1558886400,226,358,132,584,21,0.1404516320011379,0.04435120366397873
163,1558900800,411,257,0,668,21,-0.524149966474747,0.21008248556681705
163,1558915200,163,151,0,314,21,-0.524149966474747,-0.488356488166573
163,1558929600,34,49,15,83,21,-0.4486270575570328,-0.9441175133993783
163,1558944000,16,53,37,69,21,-0.3378601244777186,-0.9717393937165181
163,1558958400,78,295,217,373,21,0.5684147825348517,-0.3719499925443413
163,1558972800,217,330,113,547,21,0.044789280705366585,-0.028649480031319098
163,1558987200,288,245,0,533,21,-0.524149966474747,-0.05627136034845882
163,1559001600,165,134,0,299,22,-0.5574145471520425,-0.6873473030157845
163,1559016000,20,34,14,54,22,-0.49302008683122894,-1.1300442898970828
163,1559030400,73,264,191,337,22,0.3211098757961998,-0.6186840968872566
163,1559044800,387,1139,752,1526,22,2.9014878929373724,1.5297514843448399
163,1559059200,412,418,6,830,22,-0.5298169213002653,0.2721306563065395
163,1559073600,1007,700,0,1707,22,-0.5574145471520425,1.8568051766938805
163,1559088000,244,175,0,419,22,-0.5574145471520425,-0.47051612576780166
163,1559102400,26,25,0,51,22,-0.5574145471520425,-1.1354650693282824
163,1559116800,92,290,198,382,22,0.35330710595660664,-0.537372405419263
163,1559131200,428,1187,759,1615,22,2.933685123097779,1.6905679408037604
163,1559145600,436,443,7,879,22,-0.5252173169916358,0.36067005368279914
163,1559160000,1000,788,0,1788,22,-0.5574145471520425,2.0031662213362686
163,1559174400,282,184,0,466,22,-0.5574145471520425,-0.3855905813456751
163,1559188800,26,40,14,66,22,-0.49302008683122894,-1.1083611721722846
163,1559203200,91,261,170,352,22,0.22451818531497947,-0.5915801997312587
163,1559217600,430,1127,697,1557,22,2.6485096559627475,1.585766205133902
163,1559232000,465,492,27,957,22,-0.4332252308190449,0.501610318893988
163,1559246400,948,783,0,1731,22,-0.5574145471520425,1.900171412143477
163,1559260800,289,186,0,475,22,-0.5574145471520425,-0.36932824305207634
163,1559275200,44,46,2,90,22,-0.5482153385347834,-1.0649949367226879
163,1559289600,94,279,185,373,22,0.2935122499444226,-0.5536347437128618
163,1559304000,362,1002,640,1364,22,2.3863322103708637,1.237029395060063
163,1559318400,524,566,42,1090,22,-0.3642311661896018,0.7419315403438356
163,1559332800,816,677,0,1493,22,-0.5574145471520425,1.4701229106016445
163,1559347200,402,283,0,685,22,-0.5574145471520425,0.010126317131893573
163,1559361600,70,149,79,219,22,-0.19404580677030878,-0.8319014211811064
163,1559376000,39,108,69,147,22,-0.24004184985660418,-0.962000127529896
163,1559390400,128,351,223,479,22,0.46829721367234517,-0.3621005371438103
163,1559404800,381,458,77,839,22,-0.20324501538756784,0.2883929946001382
163,1559419200,396,466,70,862,22,-0.23544224554797463,0.32995230357266825
163,1559433600,294,297,3,591,22,-0.543615734226154,-0.15972477171235963
163,1559448000,67,136,69,203,22,-0.24004184985660418,-0.8608122448141707
163,1559462400,21,56,35,77,22,-0.3964283963500086,-1.0884849809245527
163,1559476800,85,300,215,385,22,0.4315003792033088,-0.5319516259880634
163,1559491200,280,401,121,681,22,-0.000862425807868039,0.0028986112236274795
163,1559505600,316,351,35,667,22,-0.3964283963500086,-0.02239835945530385
163,1559520000,178,191,13,369,22,-0.4976196911398585,-0.5608624496211279
163,1559534400,25,56,31,81,22,-0.4148268135845267,-1.0812572750162865
163,1559548800,90,249,159,339,22,0.17392253792005452,-0.6150702439331236
163,1559563200,373,1160,787,1533,22,3.0624740437394062,1.5423999696843056
163,1559571882,185,278,93,463,22,-0.1296513464494952,-0.39101136077687465
163,1559571944,164,194,30,358,22,-0.41942641789315627,-0.5807386408688596
163,1559572013,1,0,0,1,22,-0.5574145471520425,-1.2258113931816086
163,1559572174,3,7,4,10,22,-0.5390161299175243,-1.20954905488801
163,1559577600,429,383,0,812,22,-0.5574145471520425,0.23960597971934205
163,1559589856,931,417,0,1348,22,-0.5574145471520425,1.2081185714269986
163,1559589942,10,5,0,15,22,-0.5574145471520425,-1.2005144225026771
163,1559592000,870,676,0,1546,22,-0.5574145471520425,1.5658900138861702
163,1559606400,278,191,0,469,23,-0.5819453796347097,-0.4486739507200723
163,1559620800,30,29,0,59,23,-0.5819453796347097,-1.183747062066125
163,1559635200,96,256,160,352,23,0.09792967757140382,-0.6584387166407751
163,1559649600,416,1202,786,1618,23,2.757940838890323,1.6113236222960607
163,1559664000,421,505,84,926,23,-0.22501097460150013,0.3706636392436986
163,1559678400,977,759,0,1736,23,-0.5819453796347097,1.822881249463949
163,1559692800,343,205,0,548,23,-0.5819453796347097,-0.30703791219241827
163,1559707200,32,36,4,68,23,-0.5649485032045569,-1.1676113108414554
163,1559721600,93,264,171,357,23,0.14467108775432413,-0.6494744104048477
163,1559736000,432,1181,749,1613,23,2.6007197319114095,1.6023593160601333
163,1559750400,443,419,0,862,23,-0.5819453796347097,0.255920519423827
163,1559764800,998,788,0,1786,23,-0.5819453796347097,1.9125243118232236
163,1559779200,343,189,0,532,23,-0.5819453796347097,-0.3357236921473862
163,1559793600,33,34,1,67,23,-0.5776961605271715,-1.169404172088641
163,1559808000,85,246,161,331,23,0.10217889667894202,-0.6960888028316705
163,1559811088,25,239,214,264,23,0.32738750937846717,-0.8162105063930987
163,1559822400,437,1227,790,1664,23,2.774937715320476,1.6937952396665934
163,1559836800,419,504,85,923,23,-0.22076175549396193,0.36528505550214213
163,1559851200,902,759,0,1661,23,-0.5819453796347097,1.6884166559250369
163,1559865600,394,233,0,627,23,-0.5819453796347097,-0.1654018736647642
163,1559880000,44,48,4,92,23,-0.5649485032045569,-1.1245826409090036
163,1559894400,76,249,173,325,23,0.15316952596940053,-0.7068459703147835
163,1559908800,407,1159,752,1566,23,2.613467389234024,1.518094837442415
163,1559923200,449,467,18,916,23,-0.505459435699022,0.35273502677184365
163,1559937600,807,706,0,1513,23,-0.5819453796347097,1.4230731913415837
163,1559952000,350,257,0,607,23,-0.5819453796347097,-0.20125909860847407
163,1559966400,78,125,47,203,23,-0.3822320815804139,-0.9255750424714138
163,1559980800,32,89,57,121,23,-0.3397398905050318,-1.0725896647406243
163,1559995200,133,387,254,520,23,0.4973562736799955,-0.3572380271136121
163,1560009600,355,435,80,790,23,-0.24200785103165298,0.1268345096264714
163,1560024000,386,401,15,787,23,-0.5182070930216366,0.1214559258849149
163,1560038400,253,249,0,502,23,-0.5819453796347097,-0.389509529562951
163,1560052800,83,120,37,203,23,-0.424724272655796,-0.9255750424714138
163,1560067200,25,55,30,80,23,-0.45446880640856346,-1.1460969758752295
163,1560081600,118,251,133,369,23,-0.01679923833212785,-0.6279600754386218
163,1560096000,247,380,133,627,23,-0.01679923833212785,-0.1654018736647642
163,1560110400,329,321,0,650,23,-0.5819453796347097,-0.12416606497949782
163,1560124800,171,182,11,353,23,-0.5352039694517895,-0.6566458553935897
163,1560139200,19,42,23,61,23,-0.48421334016133094,-1.180161339571754
163,1560153600,84,233,149,317,23,0.051188267388483505,-0.7211888602922675
163,1560168000,424,1137,713,1561,23,2.447747844040034,1.5091305312064875
163,1560182400,330,385,55,715,23,-0.34823832872010824,-0.007630083912440692
163,1560196800,985,602,0,1587,23,-0.5819453796347097,1.5557449236333103
163,1560211200,258,143,0,401,24,-0.583076227583006,-0.6449944191359318
163,1560225600,27,22,0,49,24,-0.583076227583006,-1.2108484187459823
163,1560240000,90,228,138,318,24,-0.07725478063720675,-0.7784202201803471
163,1560254400,409,1187,778,1596,24,2.268583813894036,1.276015607949325
163,1560268800,388,436,48,824,24,-0.40713833299316277,0.034994904259100505
163,1560283200,990,712,0,1702,24,-0.583076227583006,1.4464148237409877
163,1560297600,342,211,0,553,24,-0.583076227583006,-0.4006483738497736
163,1560312000,29,40,11,69,24,-0.5427571267395003,-1.178697623313593
163,1560326400,88,257,169,345,24,0.03637177628540032,-0.7350166463466217
163,1560333138,90,375,285,465,24,0.4615550215441881,-0.5421118737522862
163,1560340800,439,1246,807,1685,24,2.3748796252087327,1.419086647623457
163,1560340952,3,0,0,3,24,-0.583076227583006,-1.2847952482404774
163,1560355200,446,460,14,906,24,-0.5317610083276351,0.16681316553189637
163,1560369600,998,821,0,1819,24,-0.583076227583006,1.634496977020465
163,1560384000,351,208,0,559,24,-0.583076227583006,-0.3910031352200568
163,1560398400,39,33,0,72,24,-0.583076227583006,-1.1738750039987347
163,1560412800,89,242,153,331,24,-0.02227418857788075,-0.7575222031492941
163,1560427200,428,1210,782,1638,24,2.2832453051098565,1.3435322783573422
163,1560441600,420,435,15,855,24,-0.52809563552368,0.08482863717930382
163,1560456000,1009,714,0,1723,24,-0.583076227583006,1.4801731589449965
163,1560470400,339,210,0,549,24,-0.583076227583006,-0.40707853293625146
163,1560484800,42,36,0,78,24,-0.583076227583006,-1.164229765369018
163,1560499200,86,245,159,331,24,-0.0002819517541503497,-0.7575222031492941
163,1560513600,363,1100,737,1463,24,2.1183035289318783,1.0622128183239365
163,1560528000,438,478,40,916,24,-0.4364613154248033,0.18288856324809097
163,1560542400,844,764,0,1608,24,-0.583076227583006,1.2953060852087583
163,1561161600,9669,9341,0,19010,25,-0.5923693610854746,4.102734386171231
163,1561176000,83,98,15,181,25,-0.4949639241225768,-0.3293156414948416
163,1561190400,37,72,35,109,25,-0.36509000817204645,-0.3462633074352504
163,1561204800,139,335,196,474,25,0.6803950152297228,-0.2603480564873447
163,1561219200,358,442,84,800,25,-0.04689891409324711,-0.18361279125716046
163,1561233600,366,465,99,831,25,0.05050652286965065,-0.17631587953281777
163,1561248000,252,278,26,530,25,-0.4235332703497851,-0.24716653853369344
163,1561262400,86,102,16,188,25,-0.48847022832505027,-0.32766795175063523
163,1561276800,24,59,35,83,25,-0.36509000817204645,-0.35238329791373135
163,1561291200,100,245,145,345,25,0.34921652955587046,-0.2907126246305771
163,1561305600,255,335,80,590,25,-0.07287369728335318,-0.23304348358335278
163,1561320000,301,332,31,633,25,-0.39106479136215255,-0.22292196086894198
163,1561334400,200,193,0,393,25,-0.5923693610854746,-0.2794141806703046
163,1561348800,48,52,4,100,25,-0.5663945778953685,-0.34838176567780155
163,1561363200,89,203,114,292,25,0.1479119598325484,-0.3031879898367114
163,1561377600,404,1090,686,1494,25,3.8623059560177166,-0.02025612233155344
163,1561392000,362,438,76,800,25,-0.09884848047345925,-0.18361279125716046
163,1561406400,888,700,0,1588,25,-0.5923693610854746,0.0018699970906469344
163,1561420800,441,174,0,615,26,-0.5288000760912854,-0.3236179554114352
163,1561435200,35,31,0,66,26,-0.5288000760912854,-1.1975911125766812
163,1561449600,92,225,133,317,26,0.02229642111877434,-0.7980150425430259
163,1561464000,416,1243,827,1659,26,2.897942805056981,1.338363786083131
163,1561478400,397,479,82,876,26,-0.18902629585651173,0.09187747996220637
163,1561492800,952,709,0,1661,26,-0.5288000760912854,1.3415476591511282
163,1561507200,315,188,0,503,26,-0.5288000760912854,-0.5019148472192814
163,1561521600,51,35,0,86,26,-0.5288000760912854,-1.1657523818967086
163,1561536000,87,213,126,300,26,-0.006708657681755119,-0.8250779636210025
163,1561550400,404,1161,757,1565,26,2.6078920170516864,1.1887217518872601
163,1561564800,425,433,8,858,26,-0.49565141460496603,0.06322262235023109
163,1561579200,918,694,0,1612,26,-0.5288000760912854,1.2635427689851955
163,1561593600,356,228,0,584,26,-0.5288000760912854,-0.3729679879653926
163,1561608000,38,51,13,89,26,-0.4749335011760164,-1.1609765722947127
163,1561622400,82,227,145,309,26,0.07201941334825342,-0.8107505348150149
163,1561636800,411,1187,776,1598,26,2.686620088081695,1.2412556575092146
163,1561651200,415,459,44,874,26,-0.3464824379165288,0.08869360689420912
163,1561665600,1279,948,0,2227,26,-0.5288000760912854,2.242583737394351
163,1561680000,597,233,0,830,26,-0.5288000760912854,0.01864839939826955
163,1561694400,67,50,0,117,26,-0.5288000760912854,-1.116402349342751
163,1561708800,79,238,159,317,26,0.13002957094931233,-0.7980150425430259
163,1561723200,376,1058,682,1434,26,2.297123315617442,0.9801780659334399
163,1561737600,453,491,38,944,26,-0.3713439340312683,0.20012916427411298
163,1561752000,785,653,0,1438,26,-0.5288000760912854,0.9865458120694345
163,1561766400,420,203,0,623,26,-0.5288000760912854,-0.3108824631394461
163,1561780800,102,99,0,201,26,-0.5288000760912854,-0.9826796804868665
163,1561795200,30,90,60,120,26,-0.28018511494389003,-1.1116265397407552
163,1561809600,126,292,166,418,26,0.1590346497498418,-0.6372294526091646
163,1561824000,324,350,26,674,26,-0.42106692626074743,-0.2296936999055162
163,1561838400,528,368,0,896,26,-0.5288000760912854,0.1237162106421789
163,1561852800,296,224,0,520,26,-0.5288000760912854,-0.47485192614130467
163,1561867200,111,78,0,189,26,-0.5288000760912854,-1.0017829188948502
163,1561881600,26,60,34,86,26,-0.38791826477442803,-1.1657523818967086
163,1561896000,133,339,206,472,26,0.3247779571814387,-0.5512648797732388
163,1561910400,1063,1185,122,2248,26,-0.02328298842491481,2.276014404608322
163,1561924800,1320,655,0,1975,26,-0.5288000760912854,1.8414157308266972
163,1561939200,629,264,0,893,26,-0.5288000760912854,0.11894040104018302
163,1561953600,100,61,0,161,26,-0.5288000760912854,-1.0463571418468116
163,1561968000,75,218,143,293,26,0.06373224797667357,-0.8362215193589929
163,1561982400,347,1124,777,1471,26,2.6907636707674847,1.039079717691389
163,1561996800,353,389,36,742,26,-0.37963109940284817,-0.12144201559360959
163,1562011200,877,630,0,1507,26,-0.5288000760912854,1.0963894329153396
163,1562025600,256,168,0,424,27,-0.5295818242533746,-0.21449683546724915
163,1562040000,35,27,0,62,27,-0.5295818242533746,-1.0104104804930418
163,1562054400,86,227,141,313,27,0.22984452400779154,-0.4585477045221193
163,1562068800,356,1152,796,1508,27,3.757676141816755,2.1688467866541856
163,1562083200,379,390,11,769,27,-0.4703357970840638,0.544039649433023
163,1562097600,908,659,0,1567,27,-0.5295818242533746,2.2985675188545223
163,1562112000,272,157,0,429,27,-0.5295818242533746,-0.20350355307739013
163,1562126400,33,29,0,62,27,-0.5295818242533746,-1.0104104804930418
163,1562140800,71,201,130,272,27,0.1705984968384807,-0.5486926201189632
163,1562143365,22,141,119,163,27,0.11135246966916985,-0.7883461762178897
163,1562155200,315,1001,686,1316,27,3.1652158701236464,1.7467047428835993
163,1562169600,611,449,0,1060,27,-0.5295818242533746,1.1838486845228178
163,1562184000,772,611,0,1383,27,-0.5295818242533746,1.8940147269077101
163,1562198400,303,169,0,472,27,-0.5295818242533746,-0.10896132452460258
163,1562212800,46,59,13,105,27,-0.45956379214418913,-0.9158682519402543
163,1562227200,22,60,38,82,27,-0.3249137303957554,-0.9664373509336058
163,1562241600,86,182,96,268,27,-0.012525587139389166,-0.5574872460308504
163,1562256000,210,205,0,415,27,-0.5295818242533746,-0.23428474376899536
163,1562270400,256,205,0,461,27,-0.5295818242533746,-0.13314654578229243
163,1562284800,146,198,52,344,27,-0.24950969581663252,-0.3903893537049934
163,1562299200,35,86,51,121,27,-0.2548956982865699,-0.8806897482927055
163,1562313600,36,127,91,163,27,-0.03945559948907591,-0.7883461762178897
163,1562328000,122,467,345,589,27,1.3285890278750108,0.14828148339809838
163,1562342400,265,378,113,643,27,0.07903645484954576,0.26700893320857577
163,1562356800,377,371,0,748,27,-0.5295818242533746,0.49786786339561506
163,1562371200,208,189,0,397,27,-0.5295818242533746,-0.27386056037248785
163,1562385600,43,69,26,112,27,-0.3895457600350036,-0.9004776565944518
163,1562400000,22,67,45,89,27,-0.287211713106194,-0.9510467555878032
163,1562414400,90,241,151,331,27,0.283704548707165,-0.41897188791862683
163,1562428800,230,352,122,582,27,0.1275104770789819,0.13289088805229576
163,1562443200,286,271,0,557,27,-0.5295818242533746,0.07792447610300068
163,1562457600,223,159,0,382,27,-0.5295818242533746,-0.3068404075420649
163,1562472000,59,55,0,114,27,-0.5295818242533746,-0.8960803436385081
163,1562486400,13,43,30,56,27,-0.36800175015525416,-1.0236024193608726
163,1562500800,80,255,175,335,27,0.4129686079856614,-0.4101772620067396
163,1562515200,247,301,54,548,27,-0.2387376908767578,0.05813656780125445
163,1562529600,334,262,0,596,27,-0.5295818242533746,0.163672078743901
163,1562544000,183,138,0,321,27,-0.5295818242533746,-0.4409584526983449
163,1562558400,30,39,9,69,27,-0.4811078020239385,-0.9950198851472393
163,1562572800,74,198,124,272,27,0.1382824820188566,-0.5486926201189632
163,1562587200,386,1081,695,1467,27,3.2136898923530826,2.0787018710573415
163,1562601600,300,415,115,715,27,0.08980845978942045,0.4253121996225456
163,1562616000,961,784,0,1745,27,-0.5295818242533746,2.689928371933503
163,1562630400,326,227,0,553,28,-0.5703889305031236,-0.24765732184785658
163,1562644800,26,25,0,51,28,-0.5703889305031236,-1.1911679023998916
163,1562659200,81,237,156,318,28,0.08265236422549102,-0.6893405617477136
163,1562673600,394,1212,818,1606,28,2.853891704676407,1.7314594935332048
163,1562688000,393,409,16,802,28,-0.5034103361719836,0.22033896213114085
163,1562702400,986,639,0,1625,28,-0.5703889305031236,1.7671700533548953
163,1562716800,299,197,0,496,28,-0.5703889305031236,-0.3547890013129283
163,1562731200,40,36,0,76,28,-0.5703889305031236,-1.1441803236871408
163,1562745600,85,229,144,314,28,0.03241841847713606,-0.6968585743417537
163,1562760000,407,1138,731,1545,28,2.4896955980008335,1.616809801474093
163,1562774400,332,463,131,795,28,-0.022001689416915153,0.20718244009157064
163,1562788800,933,671,0,1604,28,-0.5703889305031236,1.7277004872361847
163,1562803200,342,174,0,516,28,-0.5703889305031236,-0.31719893834272767
163,1562817600,33,28,0,61,28,-0.5703889305031236,-1.1723728709147914
163,1562832000,71,220,149,291,28,0.05334922920561729,-0.7400871467574844
163,1562846400,351,1157,806,1508,28,2.803657758928052,1.5472681849792218
163,1562860800,377,438,61,815,28,-0.31503303961565243,0.24477250306177123
163,1562875200,922,677,0,1599,28,-0.5703889305031236,1.7183029714936346
163,1562889600,286,204,0,490,28,-0.5703889305031236,-0.3660660202039885
163,1562904000,35,32,0,67,28,-0.5703889305031236,-1.1610958520237311
163,1562918400,69,204,135,273,28,-0.005257040834130165,-0.773918203430665
163,1562925535,140,348,208,488,28,0.30033279580169586,-0.3698250265010085
163,1562932800,393,1081,688,1474,28,2.309690625735895,1.4833650779298808
163,1562947200,422,480,58,902,28,-0.3275915260527412,0.40828927698214385
163,1562961600,798,608,0,1406,28,-0.5703889305031236,1.3555588638311988
163,1562976000,351,246,0,597,28,-0.5703889305031236,-0.16495918331341528
163,1562990400,79,103,24,182,28,-0.4699210390064136,-0.9449529899450776
163,1563004800,37,83,46,120,28,-0.37782547180109616,-1.0614821851526994
163,1563019200,142,300,158,442,28,0.09102468851688351,-0.4562821713324699
163,1563033600,320,399,79,719,28,-0.23968212099312,0.06434020080480836
163,1563048000,339,463,124,802,28,-0.05130482443678888,0.22033896213114085
163,1563062400,242,199,0,441,28,-0.5703889305031236,-0.45816167448097994
163,1563076800,48,56,8,104,28,-0.5368996333375535,-1.0915542355288599
163,1563091200,21,62,41,83,28,-0.3987562825295774,-1.1310238016475707
163,1563105600,118,255,137,373,28,0.003115283457262329,-0.585967888579662
163,1563120000,268,345,77,613,28,-0.2480544452845125,-0.1348871329372548
163,1563134400,298,347,49,645,28,-0.3652669853640074,-0.07474303218493385
163,1563148800,188,151,0,339,28,-0.5703889305031236,-0.649870995629003
163,1563163200,37,46,9,83,28,-0.5327134711918573,-1.1310238016475707
163,1563177600,85,205,120,290,28,-0.06804947301957387,-0.7419666499059945
163,1563192000,374,1196,822,1570,28,2.870636353259192,1.6637973801868438
163,1563206400,343,407,64,750,28,-0.3024745531785637,0.12260479840861929
163,1563220800,962,655,0,1617,28,-0.5703889305031236,1.7521340281668152
163,1563235200,268,146,0,414,29,-0.5789455339884197,-0.5006714883855546
163,1563249600,32,37,5,69,29,-0.5587195213220467,-1.1327267128764664
163,1563264000,90,250,160,340,29,0.06828687133551647,-0.6362427539285329
163,1563278400,382,1225,843,1607,29,2.8311602015620694,1.684957157462729
163,1563292800,395,451,56,846,29,-0.35241419212504205,0.29077157532480447
163,1563307200,951,684,0,1635,29,-0.5789455339884197,1.7362543930735854
163,1563321600,347,160,0,507,29,-0.5789455339884197,-0.33029138439235234
163,1563336000,35,27,0,62,29,-0.5789455339884197,-1.1455510217791807
163,1563350400,84,255,171,339,29,0.11278409920153709,-0.638074798057492
163,1563364800,385,1271,886,1656,29,3.005103910492877,1.774727319781728
163,1563379200,395,436,41,831,29,-0.4130922301241611,0.263290913390417
163,1563393600,955,701,0,1656,29,-0.5789455339884197,1.774727319781728
163,1563408000,260,220,0,480,29,-0.5789455339884197,-0.3797565758742498
163,1563422400,31,23,0,54,29,-0.5789455339884197,-1.160207374810854
163,1563436800,78,248,170,326,29,0.10873889666826249,-0.6618913717339612
163,1563451200,400,1173,773,1573,29,2.547996024232847,1.6226676570781173
163,1563465600,359,464,105,823,29,-0.15419926799458658,0.2486345603587437
163,1563480000,953,643,0,1596,29,-0.5789455339884197,1.664804672044178
163,1563494400,328,175,0,503,29,-0.5789455339884197,-0.337619560908189
163,1563508800,35,38,3,73,29,-0.566809926388596,-1.1253985363606298
163,1563523200,73,236,163,309,29,0.08042247893534028,-0.693036121926267
163,1563537600,363,1065,702,1428,29,2.2607866443703504,1.3570212583790384
163,1563552000,446,495,49,941,29,-0.38073060985796425,0.46481576757592513
163,1563566400,815,637,0,1452,29,-0.5789455339884197,1.4009903174740583
163,1563580800,312,227,0,539,29,-0.5789455339884197,-0.2716659722656591
163,1563595200,91,108,17,199,29,-0.5101770909227515,-0.8945609761117751
163,1563609600,35,77,42,112,29,-0.40904702759088646,-1.0539488153312224
163,1563624000,126,310,184,436,29,0.1653717321341069,-0.46036651754845304
163,1563638400,248,372,124,620,29,-0.07734041986236917,-0.12327039781996675
163,1563652800,303,344,41,647,29,-0.4130922301241611,-0.07380520633806929
163,1563667200,223,239,16,462,29,-0.5142222934560261,-0.41273337019551476
163,1563681600,66,128,62,194,29,-0.32814297692539446,-0.9037211967565709
163,1563696000,18,53,35,71,29,-0.43736344532380866,-1.1290626246185482
163,1563710400,75,263,188,338,29,0.1815525422672053,-0.6399068421864512
163,1563724800,204,388,184,592,29,0.1653717321341069,-0.17456763343082335
163,1563739200,297,256,0,553,29,-0.5789455339884197,-0.2460173544602308
163,1563753600,168,143,0,311,29,-0.5789455339884197,-0.6893720336683486
163,1563768000,23,30,7,53,29,-0.5506291162554975,-1.162039418939813
163,1563782400,76,247,171,323,29,0.11278409920153709,-0.6673875041208387
163,1563796800,398,1140,742,1538,29,2.4225947457013346,1.5585461125645466
163,1563811200,330,401,71,731,29,-0.291736154125923,0.08008650049450054
163,1563825600,943,684,0,1627,29,-0.5789455339884197,1.7215980400419122
163,1563840000,245,140,0,385,30,-0.6173136307011918,-0.6174180380161886
163,1563854400,31,16,0,47,30,-0.6173136307011918,-1.2423153472156412
163,1563868800,93,229,136,322,30,-0.03180011570421415,-0.7338929802634238
163,1563879309,354,1113,759,1467,30,2.6503684125539997,1.3829928748648992
163,1563883200,350,823,473,1173,30,1.419067932486826,0.8394431443778013
163,1563897600,362,438,76,800,30,-0.29011490173229254,0.14983753392988478
163,1563912000,1019,646,0,1665,30,-0.6173136307011918,1.7490569790704955
163,1563926400,317,169,0,486,30,-0.6173136307011918,-0.4306883686991924
163,1563940800,44,43,0,87,30,-0.6173136307011918,-1.1683630029316823
163,1563955200,89,265,176,354,30,0.1404097416478381,-0.6747311048362568
163,1563969600,395,1153,758,1548,30,2.6460631661201983,1.5327463720399157
163,1563984000,379,468,89,847,30,-0.23414669809287555,0.23673153846353648
163,1563998400,924,489,0,1413,30,-0.6173136307011918,1.2831572100815547
163,1564012800,912,905,0,1817,30,-0.6173136307011918,2.0300758873495393
163,1564027200,36,27,0,63,30,-0.6173136307011918,-1.2127344095020576
163,1564041600,88,243,155,331,30,0.049999566538010666,-0.717253702799533
163,1564056000,408,1172,764,1580,30,2.671894644723006,1.591908247467083
163,1564070400,433,464,31,897,30,-0.4838509912533513,0.3291719688184851
163,1564084800,903,635,0,1538,30,-0.6173136307011918,1.5142582859689262
163,1564099200,357,183,0,540,30,-0.6173136307011918,-0.3308527039158479
163,1564113600,56,32,0,88,30,-0.6173136307011918,-1.1665141943245831
163,1564128000,62,222,160,284,30,0.0715257987070172,-0.8041477073331847
163,1564129119,14,34,20,48,30,-0.5312087020251657,-1.240466538608542
163,1564142400,358,1036,678,1394,30,2.3016434514160937,1.2480298465466741
163,1564156800,416,482,66,898,30,-0.33316736607030556,0.33102077742558406
163,1564171200,787,630,0,1417,30,-0.6173136307011918,1.2905524445099505
163,1564185600,335,257,0,592,30,-0.6173136307011918,-0.23471465634670138
163,1564200000,99,101,2,200,30,-0.6087031378335892,-0.9594476303294984
163,1564214400,23,118,95,141,30,-0.2083152194900677,-1.0685273381483378
163,1564228800,164,396,232,560,30,0.38150354194071123,-0.29387653177386847
163,1564243200,337,470,133,807,30,-0.04471585500561807,0.1627791941795776
163,1564257600,409,466,57,875,30,-0.3719145839745173,0.28849817946230766
163,1564272000,255,309,54,564,30,-0.38483032327592126,-0.2864812973454726
163,1564286400,94,97,3,191,30,-0.6043978913997878,-0.9760869077933891
163,1564300800,21,62,41,83,30,-0.4407985269153382,-1.1757582373600781
163,1564315200,108,286,178,394,30,0.14902023451544072,-0.6007787605522978
163,1564329600,251,370,119,621,30,-0.10498930507883636,-0.1810992067408312
163,1564344000,258,358,100,616,30,-0.18678898732106117,-0.19034324977632605
163,1564358400,188,185,0,373,30,-0.6173136307011918,-0.6396037413013762
163,1564372800,32,39,7,71,30,-0.5871769056645827,-1.1979439406452659
163,1564387200,95,242,147,337,30,0.01555759506760022,-0.7061608511569393
163,1564401600,379,1137,758,1516,30,2.6460631661201983,1.4735844966127487
163,1564416000,332,374,42,706,30,-0.43649328048153696,-0.023950475137418575
163,1564430400,894,604,0,1498,30,-0.6173136307011918,1.4403059416849673
163,1564444800,286,158,0,444,31,-0.5906710044305521,-0.6267712478137745
163,1564459200,29,35,6,64,31,-0.568216774061492,-1.28244385392316
163,1564473600,78,255,177,333,31,0.07172879145671959,-0.8182966669667792
163,1564488000,401,1169,768,1570,31,2.283470482809135,1.316090211341931
163,1564502400,400,407,7,807,31,-0.5644744023333154,-0.0004313635566509115
163,1564516800,964,669,0,1633,31,-0.5906710044305521,1.4247938276179608
163,1564531200,314,190,0,504,31,-0.5906710044305521,-0.5232439942175556
163,1564545600,42,34,0,76,31,-0.5906710044305521,-1.2617384032039163
163,1564560000,98,235,137,333,31,-0.07796607767034745,-0.8182966669667792
163,1564574400,441,1187,746,1628,31,2.2011383047892483,1.4161665564849424
163,1564588800,375,439,64,814,31,-0.3511592138272448,0.011646816029574611
163,1564603200,909,652,0,1561,31,-0.5906710044305521,1.3005611233024983
163,1564617600,271,165,0,436,31,-0.5906710044305521,-0.6405748816266036
163,1564632000,29,31,2,60,31,-0.5831862609741987,-1.2893456708295745
163,1564646400,86,245,159,331,31,0.0043661003495394195,-0.8217475754199864
163,1564660800,417,1127,710,1544,31,2.0664129225748877,1.2712284014502362
163,1564675200,410,461,51,871,31,-0.3998100462935416,0.10999770694598243
163,1564689600,989,741,0,1730,31,-0.5906710044305521,1.5921628875985143
163,1564704000,382,187,0,569,31,-0.5906710044305521,-0.41108946948831865
163,1564718400,45,37,0,82,31,-0.5906710044305521,-1.2513856778442942
163,1564732800,83,246,163,329,31,0.019335587262246125,-0.8251984838731937
163,1564747200,335,1076,741,1411,31,2.182426446148365,1.0417429893119512
163,1564761600,421,478,57,899,31,-0.37735581592448153,0.15831042529088452
163,1564776000,800,545,0,1345,31,-0.5906710044305521,0.9278630103561106
163,1565395200,9584,9470,0,19054,32,-0.7325650029119528,4.102928910128785
163,1565409600,74,130,56,204,32,-0.41672859447087135,-0.32753860014025526
163,1565424000,35,106,71,141,32,-0.3321295564955817,-0.3423459981851863
163,1565438400,124,380,256,504,32,0.711258578532991,-0.25702718087867904
163,1565452800,319,514,195,833,32,0.36722249076681296,-0.17969965775515043
163,1565467200,333,448,115,781,32,-0.08397237843473196,-0.19192163709382365
163,1565481600,256,286,30,542,32,-0.5633669269613735,-0.24809573443887936
163,1565496000,71,130,59,201,32,-0.3998087868758134,-0.32824371433287103
163,1565510400,32,95,63,127,32,-0.3772490434157362,-0.34563653108405984
163,1565524800,84,293,209,377,32,0.4461815928770833,-0.2868770150327463
163,1565539200,272,378,106,650,32,-0.13473180121990574,-0.22271162350471194
163,1565553600,288,362,74,650,32,-0.3152097489005237,-0.22271162350471194
163,1565568000,184,190,6,374,32,-0.6987253877218369,-0.2875821292253621
163,1565582400,34,60,26,94,32,-0.5859266704214506,-0.35339278720283324
163,1565596800,82,239,157,321,32,0.15290492789607912,-0.30003914662824055
163,1565611200,375,1173,798,1548,32,3.768103817373458,-0.011647441848393728
163,1565625600,324,441,117,765,32,-0.07269250670469334,-0.1956822461211077
163,1565640000,910,680,0,1590,32,-0.7325650029119528,-0.0017758431517730549
163,1565654400,282,156,0,438,33,-0.5835457171425509,-0.45427011998192096
163,1565668800,35,34,0,69,33,-0.5835457171425509,-1.164763441152555
163,1565683200,93,262,169,355,33,0.1202788368553805,-0.6140829808414403
163,1565697600,391,1170,779,1561,33,2.6607106589780916,1.708017142008924
163,1565712000,359,427,68,786,33,-0.30035003861083887,0.21578862193509957
163,1565726400,1016,611,0,1627,33,-0.5835457171425509,1.835097248234566
163,1565740800,277,168,0,445,33,-0.5835457171425509,-0.4407919268973832
163,1565755200,30,38,8,68,33,-0.5502285784917613,-1.1666888973074887
163,1565769600,67,243,176,310,33,0.14943133317482143,-0.7007285078134687
163,1565784000,387,1215,828,1602,33,2.864778133214178,1.7869608443612168
163,1565798400,377,481,104,858,33,-0.15042291468228544,0.3544214650903452
163,1565812800,910,658,0,1568,33,-0.5835457171425509,1.7214953350934619
163,1565827200,318,158,0,476,33,-0.5835457171425509,-0.3811027860944302
163,1565841600,33,39,6,72,33,-0.5585578631544587,-1.158987072687753
163,1565856000,77,246,169,323,33,0.1202788368553805,-0.6756975777993272
163,1565870400,356,1088,732,1444,33,2.4649724694047026,1.4827387718816498
163,1565884800,383,434,51,817,33,-0.37114895824376687,0.2754777627380525
163,1565899200,950,677,0,1627,33,-0.5835457171425509,1.835097248234566
163,1565913600,317,180,0,497,33,-0.5835457171425509,-0.34066820684081695
163,1565928000,44,46,2,90,33,-0.5752164324798535,-1.1243288618989415
163,1565942400,79,220,141,299,33,0.003668851577616712,-0.7219085255177424
163,1565956800,316,1066,750,1382,33,2.5399360313689794,1.363360490275744
163,1565971200,388,459,71,847,33,-0.28785611161679275,0.3332414473860716
163,1565985600,738,563,0,1301,33,-0.5835457171425509,1.2073985417260926
163,1566000000,294,189,0,483,33,-0.5835457171425509,-0.3676245930098925
163,1566014400,98,92,0,190,33,-0.5835457171425509,-0.9317832464055448
163,1566028800,27,74,47,101,33,-0.3878075275691617,-1.103148844194668
163,1566043200,118,308,190,426,33,0.20773632581370335,-0.4773755938411286
163,1566057600,339,416,77,755,33,-0.26286825762870053,0.15609948113214658
163,1566072000,331,426,95,757,33,-0.1879046956644238,0.15995039344201453
163,1566086400,268,251,0,519,33,-0.5835457171425509,-0.2983081714322697
163,1566100800,67,88,21,155,33,-0.4960882281842281,-0.9991742118282336
163,1566115200,31,66,35,97,33,-0.4377832355453462,-1.1108506688144038
163,1566129600,89,274,185,363,33,0.1869131141569598,-0.5986793316019685
163,1566144000,221,420,199,641,33,0.2452181067958417,-0.06340252053032566
163,1566158400,312,318,6,630,33,-0.5585578631544587,-0.0845825382345993
163,1566172800,151,148,0,299,33,-0.5835457171425509,-0.7219085255177424
163,1566187200,24,30,6,54,33,-0.5585578631544587,-1.1936452834765643
163,1566201600,70,246,176,316,33,0.14943133317482143,-0.689175770883865
163,1566216000,325,1075,750,1400,33,2.5399360313689794,1.3980187010645553
163,1566230400,326,370,44,696,33,-0.4003014545632078,0.042497567991042526
163,1566244800,924,637,0,1561,33,-0.5835457171425509,1.708017142008924
163,1566259200,270,155,0,425,34,-0.6347757797937743,-0.47820642107851985
163,1566273600,31,45,14,76,34,-0.5754103891714576,-1.142691954516052
163,1566288000,84,222,138,306,34,-0.04960264365951045,-0.7047788522506298
163,1566302400,369,1138,769,1507,34,2.6260803193891884,1.5818891295788151
163,1566316800,312,400,88,712,34,-0.2616218958820698,0.06823297174833333
163,1566331200,957,639,0,1596,34,-0.6347757797937743,1.751342460455435
163,1566345600,322,177,0,499,34,-0.6347757797937743,-0.3373126403496448
163,1566360000,39,45,6,84,34,-0.6093334695270671,-1.1274601944372549
163,1566374400,83,243,160,326,34,0.043685827318415665,-0.6666994520536365
163,1566375469,30,31,1,61,34,-0.6305353947493231,-1.171251504663797
163,1566388800,346,1165,819,1511,34,2.838099571611748,1.5895050096182137
163,1566403200,348,428,80,776,34,-0.2955449762376793,0.19008705237871173
163,1566417600,919,627,0,1546,34,-0.6347757797937743,1.656143959962952
163,1566432000,305,170,0,475,34,-0.6347757797937743,-0.3830079205860367
163,1566446400,39,46,7,85,34,-0.605093084482616,-1.125556224427405
163,1566460800,73,234,161,307,34,0.04792621236286686,-0.7028748822407801
163,1566475200,359,1234,875,1593,34,3.0755611341010143,1.7456305504258862
163,1566489600,388,441,53,829,34,-0.41003537243786137,0.29099746290074385
163,1566504000,1224,612,0,1836,34,-0.6347757797937743,2.208295262819354
163,1566518400,297,172,0,469,34,-0.6347757797937743,-0.3944317406451347
163,1566532800,33,43,10,76,34,-0.5923719293492624,-1.142691954516052
163,1566547200,73,227,154,300,34,0.018243517051708544,-0.7162026723097277
163,1566561600,322,992,670,1314,34,2.2062821999885207,1.2144229176778303
163,1566576000,391,499,108,890,34,-0.17681419499304607,0.4071396335015733
163,1566590400,681,512,0,1193,34,-0.6347757797937743,0.9840425464860211
163,1566604800,282,217,0,499,34,-0.6347757797937743,-0.3373126403496448
163,1566619200,76,121,45,197,34,-0.44395845279347085,-0.9123115833242429
163,1566633600,47,102,55,149,34,-0.40155460234895896,-1.0037021437970268
163,1566648000,127,334,207,461,34,0.24298392440762145,-0.409663500723932
163,1566662400,334,444,110,778,34,-0.16833342490414369,0.19389499239841107
163,1566676800,351,497,146,848,34,-0.01567956330390095,0.32717289308788744
163,1566691200,234,283,49,517,34,-0.4269969126156661,-0.3030411801723509
163,1566705600,75,86,11,161,34,-0.5881315443048112,-0.9808545036788308
163,1566720000,34,69,35,103,34,-0.48636230323798274,-1.0912847642501113
163,1566734400,104,292,188,396,34,0.1624166085630489,-0.53342155136416
163,1566748800,248,442,194,690,34,0.18785891882975603,0.02634563153164075
163,1566763200,292,383,91,675,34,-0.24890074074871624,-0.0022139186161041885
163,1566777600,189,169,0,358,34,-0.6347757797937743,-0.6057724117384472
163,1566792000,34,40,6,74,34,-0.6093334695270671,-1.1464998945357514
163,1566806400,81,199,118,280,34,-0.13441034454853418,-0.754282072506721
163,1566820800,318,894,576,1212,34,1.8076860058101094,1.0202179766731647
163,1566835200,436,929,493,1365,34,1.455734047120661,1.311525388180163
163,1566849600,904,616,0,1520,34,-0.6347757797937743,1.6066407397068607
163,1566864000,282,144,0,426,35,-0.5668306308078805,-0.3228663137886738
163,1566878400,34,35,1,69,35,-0.5621543616085227,-1.1189619409794933
163,1566892800,76,248,172,324,35,0.2374876714816754,-0.5503222072717652
163,1566907200,360,1068,708,1428,35,2.7439679623375013,1.9115533457216936
163,1566921600,368,413,45,781,35,-0.3563985168367758,0.4687693939220851
163,1566936000,894,576,0,1470,35,-0.5668306308078805,2.0052116548029666
163,1566950400,331,149,0,480,35,-0.5668306308078805,-0.20244848782703725
163,1566964800,32,32,0,64,35,-0.5668306308078805,-1.130111739679645
163,1566979200,81,218,137,299,35,0.07381824950414947,-0.6060712007725227
163,1566993600,357,1170,813,1527,35,3.234976228270079,2.132319359984694
163,1567008000,344,434,90,778,35,-0.14596640286567106,0.4620795147019942
163,1567022400,906,552,0,1458,35,-0.5668306308078805,1.9784521379226028
163,1567036800,322,160,0,482,35,-0.5668306308078805,-0.19798856834697665
163,1567051200,33,52,19,85,35,-0.47798151602008077,-1.0832825851390084
163,1567065600,68,225,157,293,35,0.16734363349130715,-0.6194509592127047
163,1567080000,304,1071,767,1375,35,3.019867845099616,1.7933654795000873
163,1567094400,357,436,79,793,35,-0.19740536405860776,0.4955289108024488
163,1567108800,830,595,0,1425,35,-0.5668306308078805,1.9048634665016027
163,1567123200,327,169,0,496,35,-0.5668306308078805,-0.16676913198655235
163,1567137600,51,55,4,106,35,-0.548125554010449,-1.036453430598372
163,1567152000,60,199,139,259,35,0.08317078790286524,-0.695269590373735
163,1567166400,244,955,711,1199,35,2.7579967699355747,1.4008925652547535
163,1567180800,432,488,56,920,35,-0.3049595556438391,0.7787337977862978
163,1567195200,604,500,0,1104,35,-0.5668306308078805,1.1890463899518742
163,1567209600,379,210,0,589,35,-0.5668306308078805,0.04061712383626619
163,1567224000,70,81,11,151,35,-0.5153916696149439,-0.9361052422970082
163,1567238400,17,71,54,88,35,-0.31431209404255483,-1.0765927059189175
163,1567252800,107,290,183,397,35,0.2889266326746121,-0.3875351462495527
163,1567267200,268,386,118,654,35,-0.01503086528365031,0.18556450693823615
163,1567281600,270,344,74,614,35,-0.22078671005539718,0.09636611733702387
163,1567296000,190,164,0,354,35,-0.5668306308078805,-0.4834234150708559
163,1567310400,66,80,14,146,35,-0.5013628620168702,-0.9472550409971597
163,1567324800,25,48,23,73,35,-0.45927643922264927,-1.110042102019372
163,1567339200,80,254,174,334,35,0.24684020988039118,-0.5280226098714621
163,1567353600,197,326,129,523,35,0.036408095909286405,-0.10656021900573406
163,1567368000,266,267,1,533,35,-0.5621543616085227,-0.08426062160543099
163,1567382400,193,147,0,340,35,-0.5668306308078805,-0.5146428514312802
163,1567396800,36,51,15,87,35,-0.4966865928175123,-1.078822665658948
163,1567411200,22,54,32,76,35,-0.4171900164284283,-1.1033522227992811
163,1567425600,79,269,190,348,35,0.3216605170701173,-0.49680317351103775
163,1567440000,190,359,169,549,35,0.22345886388360175,-0.04858126576494608
163,1567454400,235,241,6,476,35,-0.5387730156117333,-0.21136832678715847
163,1567468800,159,94,0,253,36,-0.5757593854276676,-0.8374341501807984
163,1567483200,22,30,8,52,36,-0.544622228900435,-1.1978164255453443
163,1567497600,90,260,170,350,36,0.08590519077602578,-0.6635183257511418
163,1567512000,338,1119,781,1457,36,2.4640055205434175,1.3212736087192685
163,1567526400,342,459,117,801,36,-0.12037847121689038,0.14510061051458092
163,1567540800,956,617,0,1573,36,-0.5757593854276676,1.5292554193774146
163,1567555200,301,146,0,447,36,-0.5757593854276676,-0.48960250132148525
163,1567569600,39,40,1,79,36,-0.5718672408617635,-1.1494068661680172
163,1567584000,95,285,190,380,36,0.16374808209410735,-0.6097299264430006
163,1567598400,421,1253,832,1674,36,2.6625048934045257,1.71034303038149
163,1567612800,368,443,75,811,36,-0.2838485429848617,0.16303007695062802
163,1567627200,1036,625,0,1661,36,-0.5757593854276676,1.6870347240146286
163,1567641600,426,152,0,578,36,-0.5757593854276676,-0.25472649100926864
163,1567656000,36,41,5,77,36,-0.5562986625981472,-1.1529927594552267
163,1567670400,95,275,180,370,36,0.12482663643506657,-0.6276593928790477
163,1567684800,413,1251,838,1664,36,2.68585776079995,1.6924135639454427
163,1567699200,441,426,0,867,36,-0.5757593854276676,0.2634350889924916
163,1567713600,946,670,0,1616,36,-0.5757593854276676,1.6063521250524169
163,1567728000,359,174,0,533,36,-0.5757593854276676,-0.33540908997148045
163,1567742400,58,43,0,101,36,-0.5757593854276676,-1.1099620400087138
163,1567756800,86,267,181,353,36,0.12871878100097064,-0.6581394858203277
163,1567771200,396,1200,804,1596,36,2.5535248455592114,1.5704931921803227
163,1567785600,471,453,0,924,36,-0.5757593854276676,0.36563304767795984
163,1567800000,908,767,0,1675,36,-0.5757593854276676,1.7121359770250946
163,1567814400,285,213,0,498,36,-0.5757593854276676,-0.3981622224976452
163,1567828800,81,111,30,192,36,-0.45899504845054523,-0.9468038954406854
163,1567843200,31,85,54,116,36,-0.36558357886884735,-1.0830678403546432
163,1567857600,119,383,264,502,36,0.45176677997100917,-0.39099043592322635
163,1567872000,325,464,139,789,36,-0.034751290767000655,0.12358525079132446
163,1567886400,393,446,53,839,36,-0.36947572343475144,0.21323258297155978
163,1567900800,271,265,0,536,36,-0.5757593854276676,-0.33003025004066633
163,1567915200,68,115,47,183,36,-0.3928285908301759,-0.9629404152331278
163,1567929600,28,55,27,83,36,-0.47067148214825744,-1.1422350795935985
163,1567944000,93,286,193,379,36,0.17542451579181959,-0.6115228730866052
163,1567958400,244,429,185,673,36,0.14428735926458697,-0.08439655986682153
163,1567972800,336,304,0,640,36,-0.5757593854276676,-0.14356379910577685
163,1567987200,156,161,5,317,36,-0.5562986625981472,-0.7226855649900971
163,1568001600,30,38,8,68,36,-0.544622228900435,-1.169129279247669
163,1568016000,92,293,201,385,36,0.20656167231905223,-0.600765193224977
163,1568030400,398,1223,825,1621,36,2.635259881443197,1.6153168582704405
163,1568044800,438,428,0,866,36,-0.5757593854276676,0.2616421423488869
163,1568059200,1030,634,0,1664,36,-0.5757593854276676,1.6924135639454427
163,1568073600,309,156,0,465,37,-0.5580586816628996,-0.5573476155531709
163,1568088000,32,31,0,63,37,-0.5580586816628996,-1.2610234654746348
163,1568102400,94,279,185,373,37,0.16330481135335892,-0.7183878598138044
163,1568116800,421,1229,808,1650,37,2.592545114862165,1.5169207480212936
163,1568131200,405,440,35,845,37,-0.42158450730847236,0.1078186107407502
163,1568145600,1056,726,0,1782,37,-0.5580586816628996,1.7479784897865505
163,1568160000,373,169,0,542,37,-0.5580586816628996,-0.4225639328567711
163,1568174400,46,32,0,78,37,-0.5580586816628996,-1.234766903910401
163,1568188800,87,249,162,336,37,0.07362178249187812,-0.783154045005581
163,1568203200,382,1197,815,1579,37,2.6198399497330507,1.3926396899505873
163,1568217600,464,448,0,912,37,-0.5580586816628996,0.2250979190609942
163,1568232000,1016,722,0,1738,37,-0.5580586816628996,1.6709592425314648
163,1568246400,409,188,0,597,37,-0.5580586816628996,-0.3262898737879141
163,1568260800,36,44,8,80,37,-0.526864584667602,-1.2312660290351698
163,1568275200,84,291,207,375,37,0.2490885780904275,-0.7148869849385733
163,1568289600,432,1226,794,1658,37,2.537955445120394,1.5309242475222182
163,1568304000,393,454,61,847,37,-0.32020369207375493,0.11131948561598137
163,1568318400,1021,707,0,1728,37,-0.5580586816628996,1.653454868155309
163,1568332800,347,194,0,541,37,-0.5580586816628996,-0.4243143702943867
163,1568347200,54,42,0,96,37,-0.5580586816628996,-1.2032590300333206
163,1568361600,86,271,185,357,37,0.16330481135335892,-0.7463948588156537
163,1568376000,412,1186,774,1598,37,2.45997020263215,1.4258980012652833
163,1568390400,503,526,23,1029,37,-0.46837565280141885,0.42989909926201725
163,1568404800,974,724,0,1698,37,-0.5580586816628996,1.6009417450268415
163,1568419200,379,271,0,650,37,-0.5580586816628996,-0.23351668959428826
163,1568433600,111,118,7,229,37,-0.5307638467920142,-0.9704508508304482
163,1568448000,42,98,56,140,37,-0.339700002695816,-1.1262397827782349
163,1568462400,197,426,229,623,37,0.3348723448274961,-0.280778500409909
163,1568476800,437,686,249,1123,37,0.4128575873157403,0.594440218397882
163,1568491200,523,511,0,1034,37,-0.5580586816628996,0.43865128645009516
163,1568505600,353,270,0,623,37,-0.5580586816628996,-0.280778500409909
163,1568520000,109,96,0,205,37,-0.5580586816628996,-1.0124613493332222
163,1568534400,31,74,43,105,37,-0.3903904103131747,-1.1875050930947804
163,1568548800,162,356,194,518,37,0.1983981704730688,-0.46457443135954507
163,1568563200,364,516,152,880,37,0.034629161247756036,0.16908392105729558
163,1568577600,486,364,0,850,37,-0.5580586816628996,0.11657079792882812
163,1568592000,281,155,0,436,37,-0.5580586816628996,-0.6081103012440228
163,1568606400,38,35,0,73,37,-0.5580586816628996,-1.243519091098479
163,1568620800,78,252,174,330,37,0.12041292798482463,-0.7936566696312745
163,1568635200,380,1230,850,1610,37,2.756314124087478,1.4469032505166703
163,1568649600,402,396,0,798,37,-0.5580586816628996,0.02554805117281786
163,1568664000,1046,663,0,1709,37,-0.5580586816628996,1.620196556840613
163,1568678400,353,153,0,506,38,-0.5993995057972872,-0.4411901068316746
163,1568692800,30,31,1,61,38,-0.5954362219113479,-1.224419884252267
163,1568707200,107,284,177,391,38,0.10210174201395854,-0.6435978021201423
163,1568721600,412,1245,833,1657,38,2.702015971190101,1.584646912968555
163,1568736000,409,464,55,873,38,-0.3814188920706289,0.20475445117587035
163,1568750400,1062,731,0,1793,38,-0.5993995057972872,1.8240160134836125
163,1568764800,381,171,0,552,38,-0.5993995057972872,-0.3602270287162875
163,1568779200,56,50,0,106,38,-0.5993995057972872,-1.145216873052432
163,1568793600,97,269,172,366,38,0.08228532258426233,-0.6875994750089397
163,1568808000,425,1273,848,1698,38,2.7614652294791897,1.6568096565061825
163,1568822400,452,502,50,954,38,-0.4012353115003251,0.34731987133557374
163,1568836800,993,743,0,1736,38,-0.5993995057972872,1.7236921992971546
163,1568851200,362,204,0,566,38,-0.5993995057972872,-0.335586091898561
163,1568865600,65,63,0,128,38,-0.5993995057972872,-1.1064954009102903
163,1568880000,102,277,175,379,38,0.09417517424208005,-0.6647186051067651
163,1568894400,412,1233,821,1645,38,2.65445656455883,1.5635261099819322
163,1568908800,407,479,72,886,38,-0.31404306600966175,0.22763532107804496
163,1568923200,1013,764,0,1777,38,-0.5993995057972872,1.795854942834782
163,1568937600,386,204,0,590,38,-0.5993995057972872,-0.29334448592531553
163,1568952000,74,60,0,134,38,-0.5993995057972872,-1.095934999416979
163,1568966400,93,272,179,365,38,0.11002830978583701,-0.6893595419244916
163,1568980800,375,1144,769,1519,38,2.4483658024899895,1.3417576786223935
163,1568995200,416,535,119,951,38,-0.12776872337051745,0.34203967058891804
163,1569009600,877,693,0,1570,38,-0.5993995057972872,1.43152109131554
163,1569024000,348,200,0,548,38,-0.5993995057972872,-0.36726729637849503
163,1569038400,73,133,60,206,38,-0.36160247264093265,-0.9692101814972426
163,1569052800,36,101,65,137,38,-0.34178605321123645,-1.0906547986703232
163,1569067200,123,398,275,521,38,0.49050356283600416,-0.4147891030983962
163,1569081600,344,443,99,787,38,-0.20703440108930227,0.053388696438407504
163,1569096000,398,445,47,843,38,-0.4131251631581428,0.15195244370931354
163,1569110400,254,355,101,609,38,-0.1991078333174238,-0.25990321452982956
163,1569124800,68,135,67,203,38,-0.333859485439358,-0.9744903822438983
163,1569139200,22,54,32,76,38,-0.47257442144723144,-1.1980188805189889
163,1569153600,102,249,147,351,38,-0.0167967745642187,-0.7140004787422181
163,1569168000,280,395,115,675,38,-0.14362185891427443,-0.14373879810340456
163,1569182400,307,355,48,662,38,-0.40916187927220354,-0.16661966800557917
163,1569196800,175,157,0,332,38,-0.5993995057972872,-0.7474417501377041
163,1569211200,24,57,33,81,38,-0.4686111375612922,-1.1892185459412292
163,1569225600,95,279,184,374,38,0.12984472921553322,-0.6735189396845245
163,1569240000,409,1199,790,1608,38,2.5315947640947134,1.4984036341065121
163,1569254400,414,432,18,846,38,-0.5280603958503808,0.1572326444559692
163,1569268800,1005,713,0,1718,38,-0.5993995057972872,1.6920109948172204
163,1569283200,335,171,0,506,39,-0.6025029349407072,-0.43084923113486084
163,1569297600,25,36,11,61,39,-0.5565164231378645,-1.2349003674214858
163,1569312000,102,273,171,375,39,0.1123782939943926,-0.6675474308057548
163,1569326400,405,1134,729,1539,39,2.4451486199931396,1.4356335189417313
163,1569340800,436,437,1,873,39,-0.5983223429586306,0.23226709924085007
163,1569355200,1019,721,0,1740,39,-0.6025029349407072,1.7988116726352406
163,1569369600,357,205,0,562,39,-0.6025029349407072,-0.3296652679167687
163,1569384000,28,37,9,65,39,-0.5648776071020177,-1.2276729414773362
163,1569398400,97,298,201,395,39,0.2377960534566908,-0.6314103010850077
163,1569412800,489,1251,762,1740,39,2.5831081554016673,1.7988116726352406
163,1569427200,409,433,24,842,39,-0.5021687273708686,0.1762545481736919
163,1569441600,999,752,0,1751,39,-0.6025029349407072,1.8186870939816515
163,1569456000,378,185,0,563,39,-0.6025029349407072,-0.32785841143073136
163,1569470400,38,34,0,72,39,-0.6025029349407072,-1.2150249460750748
163,1569484800,111,304,193,415,39,0.20435131760007796,-0.5952731713642605
163,1569499200,418,1261,843,1679,39,2.9217361059498725,1.6885934269869616
163,1569513600,476,524,48,1000,39,-0.4018345198010301,0.46173787296759466
163,1569528000,1053,696,0,1749,39,-0.6025029349407072,1.815073381009577
163,1569542400,383,196,0,579,39,-0.6025029349407072,-0.2989487076541336
163,1569556800,49,52,3,101,39,-0.5899611589944774,-1.1626261079799913
163,1569571200,89,261,172,350,39,0.11655888597646921,-0.7127188429566889
163,1569585600,408,1216,808,1624,39,2.7754153865771913,1.589216320254907
163,1569600000,463,466,3,929,39,-0.5899611589944774,0.3334510624589422
163,1569614400,918,669,0,1587,39,-0.6025029349407072,1.5223626302715245
163,1569628800,401,240,0,641,39,-0.6025029349407072,-0.18692360551981732
163,1569643200,91,129,38,220,39,-0.44364043962179617,-0.9476101861415456
163,1569657600,30,135,105,165,39,-0.16354077682266346,-1.0469872928736004
163,1569672000,124,408,284,532,39,0.5847851879690492,-0.3838709624978895
163,1569686400,340,475,135,815,39,-0.038123017360365254,0.1274694230506832
163,1569700800,418,458,40,876,39,-0.4352792556576429,0.23768766869896213
163,1569715200,271,280,9,551,39,-0.5648776071020177,-0.34954068926317966
163,1569729600,76,98,22,174,39,-0.5105299113350219,-1.0307255844992642
163,1569744000,28,67,39,95,39,-0.4394598476397195,-1.1734672468962155
163,1569758400,88,365,277,453,39,0.555521044094513,-0.5266126248948408
163,1569772800,224,466,242,690,39,0.4092003247218317,-0.0983876377039867
163,1569787200,324,349,25,673,39,-0.49798813538879205,-0.12910419796662181
163,1569801600,191,151,0,342,39,-0.6025029349407072,-0.7271736948449877
163,1569816000,33,43,10,76,39,-0.5606970151199412,-1.2077975201309255
163,1569830400,62,233,171,295,39,0.1123782939943926,-0.8120959496887437
163,1569844800,329,942,613,1271,39,1.9601999500722531,0.9513959806837191
163,1569859200,351,416,65,767,39,-0.33076445610572774,0.04074031172088997
163,1569873600,934,600,0,1534,39,-0.6025029349407072,1.4265992365115445
163,1569888000,250,144,0,394,40,-0.591144943050823,-0.647897180193677
163,1569902400,28,32,4,60,40,-0.5757357342948047,-1.2279036667129433
163,1569916800,92,215,123,307,40,-0.11731177380325879,-0.7989767141073781
163,1569931200,380,1183,803,1563,40,2.5022537147198607,1.3821255226237548
163,1569945600,341,499,158,840,40,0.01751880281190177,0.12660249940989404
163,1569960000,996,683,0,1679,40,-0.591144943050823,1.5835649011753563
163,1569974400,354,167,0,521,40,-0.591144943050823,-0.4273557916070099
163,1569988800,34,21,0,55,40,-0.591144943050823,-1.236586398547064
163,1570003200,91,306,215,397,40,0.23710002758516327,-0.6426875410932046
163,1570017600,460,1304,844,1764,40,2.660198104469049,1.7311713423554091
163,1570032000,442,442,0,884,40,-0.591144943050823,0.20301053955015666
163,1570046400,960,748,0,1708,40,-0.591144943050823,1.6339247458132566
163,1570060800,448,173,0,621,40,-0.591144943050823,-0.2537011549245949
163,1570075200,39,37,0,76,40,-0.591144943050823,-1.200118924843757
163,1570089600,98,275,177,373,40,0.09071254440298894,-0.6843646538969842
163,1570104000,432,1317,885,1749,40,2.818142494218237,1.7051231468530468
163,1570118400,482,486,4,968,40,-0.5757357342948047,0.3488804343633853
163,1570132800,982,748,0,1730,40,-0.591144943050823,1.6721287658833879
163,1570147200,372,188,0,560,40,-0.591144943050823,-0.35963048330086805
163,1570161600,39,46,7,85,40,-0.5641788277277909,-1.1844900075423395
163,1570176000,83,255,172,338,40,0.071451033457966,-0.7451437767358294
163,1570190400,391,1138,747,1529,40,2.286524792135604,1.3230829461517337
163,1570204800,462,454,0,916,40,-0.591144943050823,0.25858002328852947
163,1570219200,927,740,0,1667,40,-0.591144943050823,1.5627263447734665
163,1570233600,349,256,0,605,40,-0.591144943050823,-0.2814858967937813
163,1570248000,83,112,29,195,40,-0.47942817956969,-0.9934699071916829
163,1570262400,32,115,83,147,40,-0.2714038613634423,-1.0768241327992423
163,1570276800,139,456,317,595,40,0.6300348508636312,-0.2988513604620228
163,1570291200,374,557,183,931,40,0.11382635753701646,0.28462821879089173
163,1570305600,450,555,105,1005,40,-0.18665321320534137,0.4131326499358789
163,1570320000,294,305,11,599,40,-0.5487696189717726,-0.2919051749947262
163,1570334400,98,95,0,193,40,-0.591144943050823,-0.9969429999253313
163,1570348800,27,65,38,92,40,-0.44475745986864873,-1.1723341829745704
163,1570363200,116,356,240,472,40,0.33340758231027795,-0.5124465635813933
163,1570377600,282,509,227,791,40,0.2833276538532183,0.04151172743551068
163,1570392000,371,390,19,761,40,-0.5179512014597358,-0.010584663569213832
163,1570406400,197,166,0,363,40,-0.591144943050823,-0.7017301175652257
163,1570420800,29,28,0,57,40,-0.591144943050823,-1.2331133058134158
163,1570435200,87,294,207,381,40,0.20628161007312656,-0.670472282962391
163,1570449600,415,1231,816,1646,40,2.55233364317692,1.5262588710701592
163,1570464000,409,440,31,849,40,-0.47172357519168084,0.1422314167113114
163,1570478400,1095,657,0,1752,40,-0.591144943050823,1.7103327859535193
163,1570492800,325,211,0,536,41,-0.5881245702141583,-0.33146343081461155
163,1570507200,39,37,0,76,41,-0.5881245702141583,-1.192441324644292
163,1570521600,105,300,195,405,41,0.20688180109741958,-0.5766549614487162
163,1570523184,24,95,71,119,41,-0.29866071194173766,-1.1119586084819524
163,1570536000,419,1287,868,1706,41,2.9506730210599423,1.8584151252304453
163,1570550400,461,434,0,895,41,-0.5881245702141583,0.3404736645872478
163,1570564800,973,654,0,1627,41,-0.5881245702141583,1.7105515304205654
163,1570579200,305,215,0,520,41,-0.5881245702141583,-0.36141048799129605
163,1570593600,39,61,22,100,41,-0.4984315437072111,-1.1475207388792652
163,1570608000,78,223,145,301,41,0.003034013581630356,-0.7713108330971656
163,1570622400,338,1122,784,1460,41,2.6082087380334165,1.3979791211389205
163,1570636800,382,401,19,783,41,-0.5106624109581585,0.13084426435045604
163,1570651200,876,609,0,1485,41,-0.5881245702141583,1.44477139797749
163,1570665600,281,182,0,463,41,-0.5881245702141583,-0.4680968791832347
163,1570680000,37,42,5,79,41,-0.5677397914625795,-1.1868262514236636
163,1570694400,98,276,178,374,41,0.13757355334205124,-0.6346773847285425
163,1570708800,432,1259,827,1691,41,2.7835178352969954,1.8303397591273036
163,1570723200,443,457,14,900,41,-0.5310471897097374,0.3498321199549617
163,1570737600,980,722,0,1702,41,-0.5881245702141583,1.850928360936274
163,1570752000,385,262,0,647,41,-0.5881245702141583,-0.12370572165136254
163,1570766400,47,49,2,96,41,-0.5799706587135268,-1.1550075031734364
163,1570780800,84,274,190,358,41,0.18649702234584065,-0.664624441905227
163,1570795200,410,1209,799,1619,41,2.6693630742881536,1.695578001832223
163,1570809600,466,526,60,992,41,-0.3435072251952113,0.5220276987208978
163,1570824000,956,739,0,1695,41,-0.5881245702141583,1.8378265234214748
163,1570838400,380,217,0,597,41,-0.5881245702141583,-0.21729027532850173
163,1570852800,82,106,24,188,41,-0.49027763220657955,-0.9828119244075002
163,1570867200,36,88,52,124,41,-0.3761228711977376,-1.1026001531142384
163,1570881600,136,395,259,531,41,0.46780696911762976,-0.34082188618232545
163,1570896000,317,525,208,842,41,0.25988222585152476,0.24127403768948028
163,1570910400,480,472,0,952,41,-0.5881245702141583,0.44716005577918644
163,1570924800,266,284,18,550,41,-0.5147393667084742,-0.3052597557850126
163,1570939200,91,100,9,191,41,-0.5514319684613163,-0.9771968511868718
163,1570953600,37,74,37,111,41,-0.43727720745247434,-1.1269321370702945
163,1570968000,103,320,217,423,41,0.2965748276043668,-0.5429645221249461
163,1570982400,273,494,221,767,41,0.31288265060563,0.10089720717377149
163,1570996800,378,364,0,742,41,-0.5881245702141583,0.0541049303352019
163,1571011200,181,170,0,351,41,-0.5881245702141583,-0.6777262794200265
163,1571025600,33,51,18,84,41,-0.5147393667084742,-1.1774677960559496
163,1571040000,53,196,143,249,41,-0.005119897919001212,-0.8686387689213905
163,1571054400,309,928,619,1237,41,1.935511039231312,0.9805920117388798
163,1571068800,293,492,199,785,41,0.2231896240986827,0.1345876464975416
163,1571083200,758,552,0,1310,41,-0.5881245702141583,1.117225460107503
163,1571097600,314,141,0,455,42,-0.6768277543829841,-0.5290517688013804
163,1571112000,37,30,0,67,42,-0.6768277543829841,-1.210504296112167
163,1571126400,98,277,179,375,42,0.0961849186913174,-0.6695574445355632
163,1571140800,444,1148,704,1592,42,2.363400859272369,1.4678851475706929
163,1571155200,409,401,0,810,42,-0.6768277543829841,0.0944421672690558
163,1571169600,1003,691,0,1694,42,-0.6768277543829841,1.6470298841317759
163,1571184000,334,276,0,610,42,-0.6768277543829841,-0.25682202206640126
163,1571198400,47,72,25,119,42,-0.5688650905457913,-1.1191756068849483
163,1571212800,88,263,175,351,42,0.07891089247736652,-0.7117091472558181
163,1571227200,448,1208,760,1656,42,2.6052372262676817,1.580289688158039
163,1571241600,440,424,0,864,42,-0.6768277543829841,0.18928349838962918
163,1571256000,971,761,0,1732,42,-0.6768277543829841,1.7137700801055127
163,1571270400,339,245,0,584,42,-0.6768277543829841,-0.30248636668001067
163,1571284800,37,51,14,88,42,-0.6163686626341561,-1.173621556231944
163,1571299200,97,273,176,370,42,0.08322939903085425,-0.6783390492689497
163,1571302197,52,195,143,247,42,-0.05928131723424046,-0.8943665257102558
163,1571313600,472,1273,801,1745,42,2.782295994960678,1.7366022524123175
163,1571328000,444,517,73,961,42,-0.3615767759783807,0.35964663021732585
163,1571342400,1003,759,0,1762,42,-0.6768277543829841,1.7664597085058313
163,1571356800,438,286,0,724,42,-0.6768277543829841,-0.05660143414519073
163,1571371200,58,67,9,125,42,-0.6379611954015947,-1.1086376812048846
163,1571385600,109,278,169,387,42,0.052999853156440214,-0.6484815931754359
163,1571388465,49,165,116,214,42,-0.17588099417840886,-0.9523251169506062
163,1571400000,403,1159,756,1562,42,2.5879632000537307,1.4151955191703742
163,1571414400,446,509,63,955,42,-0.40476184151325795,0.34910870453726217
163,1571428800,957,650,0,1607,42,-0.6768277543829841,1.494229961770852
163,1571443200,366,242,0,608,42,-0.6768277543829841,-0.2603346639597558
163,1571457600,75,116,41,191,42,-0.49976898568998773,-0.9927204987241837
163,1571472000,33,119,86,152,42,-0.3054361907830404,-1.061217015644598
163,1571486400,157,494,337,651,42,0.7785089541423769,-0.18481286325263255
163,1571500800,377,689,312,1066,42,0.6705462903051839,0.5440603296184408
163,1571515200,444,724,280,1168,42,0.5323540805935769,0.7232050661795238
163,1571529600,286,302,16,588,42,-0.6077316495271807,-0.29546108289330153
163,1571544000,78,120,42,198,42,-0.49545047913650003,-0.9804262520974427
163,1571558400,30,84,54,114,42,-0.4436284004946474,-1.1279572116183347
163,1571572800,105,317,212,422,42,0.2386956349564121,-0.5870103600417308
163,1571587200,250,494,244,744,42,0.37688784466801906,-0.021475015211645024
163,1571601600,292,411,119,703,42,-0.1629254745179457,-0.09348417402541372
163,1571616000,179,145,0,324,42,-0.6768277543829841,-0.7591298128161048
163,1571630400,32,55,23,87,42,-0.5775021036527667,-1.1753778771786214
163,1571644800,100,255,155,355,42,-0.007459238592387844,-0.7046838634691089
163,1571659200,413,1144,731,1557,42,2.480000536216538,1.4064139144369878
163,1571673600,390,471,81,861,42,-0.327028723550479,0.18401453554959735
163,1571688000,1182,647,0,1829,42,-0.6768277543829841,1.8841332119332093
163,1571702400,325,222,0,547,43,-0.5878693321862459,-0.2248419139234232
163,1571716800,37,56,19,93,43,-0.49625701586452314,-0.9729364210340626
163,1571731200,96,269,173,365,43,0.24628491642733527,-0.5247388308708602
163,1571745600,451,1218,767,1669,43,3.110375226695932,1.623973145499787
163,1571760000,451,457,6,908,43,-0.5589391270320178,0.3700085641975918
163,1571774400,1003,705,0,1708,43,-0.5878693321862459,1.688236770559952
163,1571788800,305,232,0,537,43,-0.5878693321862459,-0.24131976650295273
163,1571803200,30,49,19,79,43,-0.49625701586452314,-0.9960054146454039
163,1571817600,98,307,209,405,43,0.4198661473527048,-0.4588274205527421
163,1571832000,449,1190,741,1639,43,2.9850110043609432,1.5745395877611983
163,1571846400,505,465,0,970,43,-0.5878693321862459,0.4721712501906747
163,1571860800,1439,670,0,2109,43,-0.5878693321862459,2.348998658999085
163,1571875200,601,217,0,818,43,-0.5878693321862459,0.22170789098182628
163,1571889600,44,54,10,98,43,-0.5396523235958656,-0.9646974947442979
163,1571904000,114,279,165,393,43,0.20771130955503095,-0.47860084364817757
163,1571918400,439,1192,753,1631,43,3.0428714146693996,1.5613573056975747
163,1571932800,512,502,0,1014,43,-0.5878693321862459,0.5446738015406045
163,1571947200,1044,718,0,1762,43,-0.5878693321862459,1.7772171744894112
163,1571961600,397,298,0,695,43,-0.5878693321862459,0.01903030425361341
163,1571976000,58,74,16,132,43,-0.5107221184416373,-0.9086727959738975
163,1571990400,99,264,165,363,43,0.20771130955503095,-0.528034401386766
163,1572004800,570,1166,596,1736,43,2.285864379800427,1.7343747577826345
163,1572019200,782,503,0,1285,43,-0.5878693321862459,0.991223606445854
163,1572033600,1142,663,0,1805,43,-0.5878693321862459,1.8480719405813881
163,1572048000,362,280,0,642,43,-0.5878693321862459,-0.06830231441789295
163,1572062400,91,157,66,248,43,-0.2696370754897352,-0.7175297060513554
163,1572076800,36,150,114,186,43,-0.0381954342559092,-0.8196923920444382
163,1572091200,161,465,304,626,43,0.8779277289613187,-0.09466687854514015
163,1572105600,447,691,244,1138,43,0.5886256774190363,0.7489991735267704
163,1572120000,552,687,135,1239,43,0.06306028378388968,0.9154254845800183
163,1572134400,307,355,48,662,43,-0.35642769095241994,-0.03534660925883395
163,1572148800,114,146,32,260,43,-0.43357490469702864,-0.69775628295592
163,1572163200,28,91,63,119,43,-0.28410217806684934,-0.9300940043272858
163,1572177600,86,314,228,400,43,0.5114784636744276,-0.4670663468425069
163,1572192000,209,450,241,659,43,0.5741605748419221,-0.0402899650326928
163,1572206400,290,417,127,707,43,0.024486676911585348,0.038803727349048814
163,1572220800,194,187,0,381,43,-0.5878693321862459,-0.49837426674361296
163,1572235200,29,68,39,97,43,-0.3998229986837623,-0.9663452800022508
163,1572249600,88,242,154,330,43,0.15467260010561248,-0.5824113148992134
163,1572264000,416,1053,637,1469,43,2.4835541150209868,1.2944160939091969
163,1572278400,348,449,101,797,43,-0.10087754542340374,0.18710440056481434
163,1572284570,235,259,24,494,43,-0.47214851156933296,-0.31217453259492955
163,1572284650,6,6,0,12,43,-0.5878693321862459,-1.1064070269282515
163,1572284730,14,26,12,40,43,-0.5300089218777895,-1.060269039705569
163,1572284810,9,10,1,19,43,-0.5830476313272079,-1.094872530122581
163,1572284890,6,5,0,11,43,-0.5878693321862459,-1.1080548121862046
163,1572284971,8,3,0,11,43,-0.5878693321862459,-1.1080548121862046
163,1572285052,6,3,0,9,43,-0.5878693321862459,-1.1113503827021105
163,1572285132,4,11,7,15,43,-0.5541174261729797,-1.1014636711543928
163,1572285212,7,9,2,16,43,-0.5782259304681698,-1.0998158858964397
163,1572292800,1016,492,0,1508,43,-0.5878693321862459,1.358679718969362
163,1572307200,345,183,0,528,44,-0.5800249785246989,-0.30320092389437264
163,1572321600,35,55,20,90,44,-0.514626936085786,-0.6797282943045527
163,1572336000,107,297,190,404,44,0.04125642464497381,-0.409797713690862
163,1572350400,477,1275,798,1752,44,2.0293569147879267,0.7490125495806512
163,1572364800,434,490,56,924,44,-0.3969104596957428,0.03722108222989978
163,1572379200,1081,804,0,1885,44,-0.5800249785246989,0.8633462031526923
163,1572382591,112,77,0,189,44,-0.5800249785246989,-0.5946227927734846
163,1572382671,3,2,0,5,44,-0.5800249785246989,-0.752798674406985
163,1572382751,3,1,0,4,44,-0.5800249785246989,-0.7536583259376018
163,1572382832,3,3,0,6,44,-0.5800249785246989,-0.7519390228763682
163,1572393600,286,183,0,469,44,-0.5800249785246989,-0.3539203642007668
163,1572408000,44,49,5,93,44,-0.5636754679149707,-0.6771493397127022
163,1572422400,107,262,155,369,44,-0.07319014962312381,-0.43988551726245173
163,1572436800,468,1297,829,1765,44,2.1307238805682416,0.7601880194786703
163,1572451200,448,471,23,919,44,-0.5048172297199491,0.032922824576815536
163,1572465600,966,773,0,1739,44,-0.5800249785246989,0.7378370796826322
163,1572480000,354,227,0,581,44,-0.5800249785246989,-0.25763939277167963
163,1572494400,33,61,28,94,44,-0.48846771911022085,-0.6762896881820853
163,1572508800,105,256,151,361,44,-0.0862697581109064,-0.44676272950738655
163,1572523200,433,1239,806,1672,44,2.055516131763492,0.6802404271313033
163,1572537600,428,441,13,869,44,-0.5375162509394056,-0.010059751954026943
163,1572552000,774,1267,493,2041,44,1.0320367675945046,0.9974518419289208
163,1572566400,901,469,0,1370,44,-0.5800249785246989,0.4206256648850147
163,1572580800,96,93,0,189,44,-0.5800249785246989,-0.5946227927734846
163,1572595200,82,264,182,346,44,0.01509720766940864,-0.4596575024666393
163,1572609600,398,1132,734,1530,44,1.8200831789834053,0.5581699097837106
163,1572624000,445,499,54,944,44,-0.40345026393963407,0.054414112842236774
163,1572638400,790,737,0,1527,44,-0.5800249785246989,0.5555909551918601
163,1572652800,3089,4530,1441,7619,44,4.131903979198977,5.7925880797097085
163,1572667200,74,134,60,208,44,-0.3838308512079602,-0.5782894136917646
163,1572681600,32,108,76,140,44,-0.33151241725682984,-0.6367457177737103
163,1572696000,120,404,284,524,44,0.34862722410786456,-0.3066395300168401
163,1572710400,341,530,189,871,44,0.037986522523028164,-0.008340448892793244
163,1572724800,404,603,199,1007,44,0.07068554374248462,0.1085721592710983
163,1572739200,257,325,68,582,44,-0.357671634232395,-0.2567797412410628
163,1572750000,75,115,40,190,44,-0.44922889364687313,-0.5937631412428678
163,1572764400,24,56,32,80,44,-0.4753881106224383,-0.6883248096107213
163,1572778800,127,228,101,355,44,-0.2497648642081887,-0.4519206386910876
163,1572793200,275,437,162,712,44,-0.05030083476950428,-0.14502504226087232
163,1572807600,361,475,114,836,44,-0.2072561366228953,-0.03842825246438298
163,1572822000,217,234,17,451,44,-0.524436642451623,-0.3693940917518701
163,1572836400,61,79,18,140,44,-0.5211667403296774,-0.6367457177737103
163,1572850800,40,99,59,139,44,-0.38710075332990584,-0.6376053693043271
163,1572865200,440,1264,824,1704,44,2.1143743699585134,0.7077492761110424
163,1572879600,352,468,116,820,44,-0.200716332379004,-0.05218267695425257
163,1572894000,973,703,0,1676,44,-0.5800249785246989,0.6836790332537707
163,1572908400,400,274,0,674,44,-0.5800249785246989,-0.17769180042431262
163,1572922800,334,137,0,471,45,-0.5868311823899491,-0.5625312887905718
163,1572937200,33,128,95,161,45,-0.2257182246885461,-1.1085397411577436
163,1572951600,452,1332,880,1784,45,2.758215162633573,1.7500787046226434
163,1572966000,359,490,131,849,45,-0.08887541966485657,0.10324675957972171
163,1572980400,907,735,0,1642,45,-0.5868311823899491,1.499971607086713
163,1572994800,453,268,0,721,45,-0.5868311823899491,-0.12220189172027185
163,1573009200,57,51,0,108,45,-0.5868311823899491,-1.2018895733366473
163,1573023600,32,105,73,137,45,-0.30934438331413416,-1.1508113632764925
163,1573038000,441,1350,909,1791,45,2.8684496444582117,1.7624079277406117
163,1573052400,347,533,186,880,45,0.12018997689911358,0.1578476048164389
163,1573066800,925,690,0,1615,45,-0.5868311823899491,1.4524160322031205
163,1573081200,577,297,0,874,45,-0.5868311823899491,0.1472796992867517
163,1573095600,88,63,0,151,45,-0.5868311823899491,-1.1261529170405555
163,1573110000,39,103,64,142,45,-0.34355508457005657,-1.1420047753350864
163,1573124400,432,1298,866,1730,45,2.7049985162354715,1.6549675548554585
163,1573138800,381,489,108,870,45,-0.17630276731888045,0.1402344289336269
163,1573153200,956,715,0,1671,45,-0.5868311823899491,1.5510498171468678
163,1573167600,462,310,0,772,45,-0.5868311823899491,-0.03237469471793067
163,1573182000,90,87,0,177,45,-0.5868311823899491,-1.0803586597452444
163,1573196400,28,99,71,127,45,-0.3169467613710058,-1.1684245391593044
163,1573210800,409,1225,816,1634,45,2.5149390648136807,1.4858810663804634
163,1573225200,416,561,145,977,45,-0.035658773266755074,0.32869541087971527
163,1573239600,940,791,0,1731,45,-0.5868311823899491,1.6567288724437397
163,1573254000,394,309,0,703,45,-0.5868311823899491,-0.15390560830933345
163,1573268400,149,170,21,319,45,-0.5070062127927969,-0.8302515622093141
163,1573282800,20,66,46,86,45,-0.4119764870819013,-1.2406385602788337
163,1573297200,104,377,273,481,45,0.45089342237303,-0.5449181129077597
163,1573311600,345,582,237,927,45,0.3140506173493404,0.24062953146565527
163,1573326000,505,563,58,1068,45,-0.3663622187406715,0.4889753114133044
163,1573340400,347,357,10,704,45,-0.5488192921055909,-0.15214429072105223
163,1573354800,151,122,0,273,45,-0.5868311823899491,-0.9112721712702493
163,1573369200,28,48,20,76,45,-0.5108074018212326,-1.2582517361616457
163,1573383600,80,252,172,332,45,0.06697333050101209,-0.8073544335616585
163,1573398000,285,575,290,860,45,0.515513635856439,0.1226212530508149
163,1573412400,461,427,0,888,45,-0.5868311823899491,0.1719381455226885
163,1573426800,370,298,0,668,45,-0.5868311823899491,-0.21555172389917543
163,1573441200,80,80,0,160,45,-0.5868311823899491,-1.110301058746025
163,1573455600,26,102,76,128,45,-0.29794081622882673,-1.1666632215710233
163,1573470000,393,1071,678,1464,45,1.9903749788895373,1.1864570763726594
163,1573484400,276,535,259,811,45,0.3976767759749285,0.03631669122503611
163,1573498800,936,595,0,1531,45,-0.5868311823899491,1.3044653547874998
163,1573513200,451,251,0,702,45,-0.5868311823899491,-0.15566692589761463
163,1573527600,63,49,0,112,46,-0.507355204029788,-1.0411578740219256
163,1573542000,41,105,64,146,46,-0.2470252914225542,-0.983110263663775
163,1573556400,490,1341,851,1831,46,2.9542191026695237,1.8936610143798616
163,1573570800,403,508,105,911,46,-0.08025144115854507,0.32296096939461194
163,1573585200,1064,696,0,1760,46,-0.507355204029788,1.7724439456907823
163,1573599600,496,290,0,786,46,-0.507355204029788,0.10955063719552913
163,1573614000,63,59,0,122,46,-0.507355204029788,-1.0240850474459988
163,1573628400,47,116,69,163,46,-0.22668701700011407,-0.9540864584846998
163,1573642800,499,1424,925,1923,46,3.2552255641216377,2.0507310188783863
163,1573657200,382,516,134,898,46,0.037710550491607736,0.30076629484590733
163,1573671600,964,715,0,1679,46,-0.507355204029788,1.634154050425777
163,1573686000,558,329,0,887,46,-0.507355204029788,0.2819861856123881
163,1573700400,72,68,0,140,46,-0.507355204029788,-0.9933539596093309
163,1573714800,35,116,81,151,46,-0.17787515838625773,-0.9745738503758117
163,1573729200,441,1198,757,1639,46,2.571859543527649,1.5658627441220705
163,1573743600,402,523,121,925,46,-0.015168963006736622,0.3468629266009092
163,1573758000,990,715,0,1705,46,-0.507355204029788,1.6785433995231862
163,1573772400,543,284,0,827,46,-0.507355204029788,0.1795492261568283
163,1573786800,82,75,0,157,46,-0.507355204029788,-0.9643301544302557
163,1573801200,129,131,2,260,46,-0.4992198942608119,-0.7884800406982114
163,1573815600,447,1179,732,1626,46,2.4701681714154486,1.5436680695733658
163,1573830000,391,532,141,923,46,0.06618413468302393,0.3434483612857239
163,1573844400,977,723,0,1700,46,-0.507355204029788,1.670006986235223
163,1573858800,449,331,0,780,46,-0.507355204029788,0.09930694124997315
163,1573873200,129,107,0,236,46,-0.507355204029788,-0.8294548244804354
163,1573887600,27,72,45,99,46,-0.32431073422782675,-1.06335254857063
163,1573902000,101,369,268,470,46,0.5827763050130034,-0.4299506826037523
163,1573916400,408,554,146,962,46,0.08652240910546408,0.41003238493183775
163,1573930800,645,588,0,1233,46,-0.507355204029788,0.8727059851394493
163,1573945200,313,349,36,662,46,-0.360919628188219,-0.10215241234596105
163,1573959600,118,131,13,249,46,-0.4544756905314436,-0.8072601499317308
163,1573974000,27,46,19,73,46,-0.43006976122451546,-1.1077418976680393
163,1573988400,68,234,166,302,46,0.16787550679522462,-0.7167741690793196
163,1574002800,279,451,172,730,46,0.1922814361021528,0.013942808370340015
163,1574017200,359,447,88,806,46,-0.14940157419484154,0.14369629034738238
163,1574031600,228,198,0,426,46,-0.507355204029788,-0.5050711195378295
163,1574046000,62,51,0,113,46,-0.507355204029788,-1.0394505913643328
163,1574060400,32,99,67,131,46,-0.23482232676909012,-1.008719503527665
163,1574074800,430,1264,834,1694,46,2.8850689696332275,1.6597632902896668
163,1574089200,318,452,134,770,46,0.037710550491607736,0.08223411467404652
163,1574095515,184,201,17,385,46,-0.4382050709934915,-0.5750697084991286
163,1574095970,167,149,0,316,46,-0.507355204029788,-0.6928722118730224
163,1574096052,3,2,0,5,46,-0.507355204029788,-1.2238371183843404
163,1574096544,260,203,0,463,46,-0.507355204029788,-0.44190166120690094
163,1574096750,218,195,0,413,46,-0.507355204029788,-0.5272657940865341
163,1574096833,3,3,0,6,46,-0.507355204029788,-1.2221298357267478
163,1574103600,863,485,0,1348,46,-0.507355204029788,1.0690434907626056
163,1574118000,449,256,0,705,46,-0.507355204029788,-0.028739258069476553
163,1574132400,48,53,5,101,47,-0.611418039103565,-1.180184348251697
163,1574146800,40,110,70,150,47,-0.35747444458770733,-1.0962612153709397
163,1574161200,476,1254,778,1730,47,2.4085573233696347,1.6098316407840862
163,1574175600,370,542,172,912,47,0.04102165757563855,0.20882913677471202
163,1574190000,987,686,0,1673,47,-0.630952161758631,1.5122067719227974
163,1574204400,477,257,0,734,47,-0.630952161758631,-0.09603448879212002
163,1574218800,81,56,0,137,47,-0.630952161758631,-1.118526536339304
163,1574233200,35,109,74,144,47,-0.34184714646365455,-1.1065375173563385
163,1574247600,476,1358,882,1834,47,2.814867074595007,1.7879542085309996
163,1574262000,399,573,174,972,47,0.04883530663766494,0.3115921566287003
163,1574276400,958,663,0,1621,47,-0.630952161758631,1.4231454880493408
163,1574290800,494,292,0,786,47,-0.630952161758631,-0.006973204918663466
163,1574305200,72,66,0,138,47,-0.630952161758631,-1.1168138193417374
163,1574319600,39,93,54,132,47,-0.41998363708391845,-1.1270901213271363
163,1574334000,463,1326,863,1789,47,2.7406374085057563,1.710881943640508
163,1574348400,372,506,134,878,47,-0.10743767460286285,0.15059675885745197
163,1574362800,925,749,0,1674,47,-0.630952161758631,1.5139194889203638
163,1574377200,489,321,0,810,47,-0.630952161758631,0.034132003022931866
163,1574391600,83,77,0,160,47,-0.630952161758631,-1.079134045395275
163,1574406000,35,89,54,124,47,-0.41998363708391845,-1.140791857307668
163,1574420400,404,1152,748,1556,47,2.291352587439239,1.3118188832075202
163,1574434800,437,540,103,977,47,-0.2285492350642719,0.3201557416165327
163,1574449200,903,779,0,1682,47,-0.630952161758631,1.5276212249008956
163,1574463600,421,327,0,748,47,-0.630952161758631,-0.0720564508261894
163,1574478000,155,135,0,290,47,-0.630952161758631,-0.8564808357116337
163,1574492400,39,93,54,132,47,-0.41998363708391845,-1.1270901213271363
163,1574506800,109,453,344,562,47,0.712995476909908,-0.3906218123735532
163,1574521200,298,697,399,995,47,0.9278708261156338,0.35098464757272924
163,1574535600,453,762,309,1215,47,0.5762566183244463,0.7277823870373531
163,1574550000,366,360,0,726,47,-0.630952161758631,-0.1097362247726518
163,1574564400,178,151,0,329,47,-0.630952161758631,-0.7896848728065412
163,1574578800,26,58,32,84,47,-0.5059337767662088,-1.209300537210327
163,1574593200,68,240,172,308,47,0.04102165757563855,-0.8256519297554371
163,1574607600,234,502,268,736,47,0.41607681255290524,-0.09260905479698707
163,1574622000,322,453,131,775,47,-0.11915814819590244,-0.02581309189189466
163,1574636400,252,225,0,477,47,-0.630952161758631,-0.5362027571667034
163,1574650800,57,52,0,109,47,-0.630952161758631,-1.1664826122711651
163,1574665200,48,97,49,145,47,-0.43951775973898444,-1.1048248003587722
163,1574679600,430,1151,721,1581,47,2.1858683251018824,1.354636808146682
163,1574694000,351,544,193,895,47,0.12306497272691563,0.179712947816082
163,1574708400,900,706,0,1606,47,-0.630952161758631,1.3974547330858438
163,1574722800,456,300,0,756,47,-0.630952161758631,-0.05835471484565763
163,1574737200,73,70,0,143,48,-0.6195999889769495,-0.839108663486085
163,1574751600,36,98,62,134,48,-0.2566217277180121,-0.8590560299911941
163,1574766000,430,1123,693,1553,48,3.4375602538043983,2.2859787556476774
163,1574780400,392,456,64,848,48,-0.24491275154836897,0.7234350460807962
163,1574794800,878,703,0,1581,48,-0.6195999889769495,2.3480372292191283
163,1574809200,415,268,0,683,48,-0.6195999889769495,0.3577333268204623
163,1574823600,87,75,0,162,48,-0.6195999889769495,-0.7969975564197436
163,1574838000,41,111,70,152,48,-0.20978582303943957,-0.819161296980976
163,1574852400,297,874,577,1171,48,2.7584396359650967,1.4393238662086014
163,1574866800,418,487,69,905,48,-0.21564031112426113,0.8497683672798206
163,1574881200,580,578,0,1158,48,-0.6195999889769495,1.4105110034789994
163,1574895600,258,261,3,519,48,-0.6020365247224847,-0.005752018383748349
163,1574910000,66,84,18,150,48,-0.5142192034501613,-0.8235940450932223
163,1574924400,14,31,17,45,48,-0.5200736915349827,-1.0563133209861622
163,1574938800,70,135,65,205,48,-0.23905826346354742,-0.7016934720064444
163,1574953200,111,276,165,387,48,0.3463905450186096,-0.2983133937920155
163,1574967600,127,184,57,311,48,-0.28589416814212,-0.4667578220573814
163,1574982000,115,99,0,214,48,-0.6195999889769495,-0.6817461055013353
163,1574996400,32,41,9,73,48,-0.5669095962135553,-0.9942548474147115
163,1575010800,20,49,29,69,48,-0.44981983451712393,-1.0031203436392044
163,1575025200,98,334,236,432,48,0.7620591990409411,-0.19857656126646986
163,1575039600,238,461,223,699,48,0.6859508539382606,0.3931953117184341
163,1575054000,364,435,71,799,48,-0.203931334954618,0.6148327173307577
163,1575068400,221,210,0,431,48,-0.6195999889769495,-0.2007929353225931
163,1575082800,71,89,18,160,48,-0.5142192034501613,-0.80143030453199
163,1575097200,15,63,48,78,48,-0.3385845609055141,-0.9831729771340953
163,1575111600,64,285,221,349,48,0.6742418777686175,-0.38253560792469843
163,1575126000,208,450,242,658,48,0.7971861275498706,0.30232397541738143
163,1575140400,332,442,110,774,48,0.024393700353423236,0.5594233659276768
163,1575154800,214,258,44,472,48,-0.3620025132448004,-0.10992159902154043
163,1575169200,74,133,59,207,48,-0.2741851919724768,-0.6972607238941979
163,1575183600,20,50,30,70,48,-0.44396534643230234,-1.0009039695830813
163,1575198000,47,170,123,217,48,0.10050204545610365,-0.6750969833329655
163,1575212400,173,385,212,558,48,0.6215514850052234,0.08068656980505785
163,1575226800,257,278,21,535,48,-0.4966557391956965,0.029709966514223425
163,1575241200,136,133,0,269,48,-0.6195999889769495,-0.5598455324145573
163,1575255600,28,33,5,61,48,-0.5903275485528416,-1.0208513360881903
163,1575270000,39,97,58,136,48,-0.2800396800572984,-0.8546232818789476
163,1575284400,471,1188,717,1659,48,3.578067967840116,2.5209144055967405
163,1575298800,344,453,109,797,48,0.018539212268601665,0.6103999692185113
163,1575313200,859,613,0,1472,48,-0.6195999889769495,2.1064524571016956
163,1575327600,395,216,0,611,48,-0.6195999889769495,0.19815439477958935
163,1575342000,67,46,0,113,49,-0.5903606695657458,-1.1833098446747614
163,1575356400,38,103,65,141,49,-0.3208031134669858,-1.134054132607031
163,1575370800,455,1284,829,1739,49,2.8475349305245934,1.6770397204012975
163,1575385200,366,428,62,794,49,-0.33324423144077475,0.014659438115396023
163,1575399600,913,703,0,1616,49,-0.5903606695657458,1.4606664138180532
163,1575414000,456,249,0,705,49,-0.5903606695657458,-0.1419033609570328
163,1575428400,364,288,0,652,49,-0.5903606695657458,-0.23513738737095105
163,1575442800,35,98,63,133,49,-0.32909719211617844,-1.1481271931978112
163,1575457200,464,1248,784,1712,49,2.6609181609177592,1.6295431409074146
163,1575471600,348,485,137,833,49,-0.022216282096051667,0.08326560849544909
163,1575486000,846,766,0,1612,49,-0.5903606695657458,1.453629883522663
163,1575500400,499,349,0,848,49,-0.5903606695657458,0.10965259710316182
163,1575514800,430,207,0,637,49,-0.5903606695657458,-0.2615243759786638
163,1575529200,34,96,62,130,49,-0.33324423144077475,-1.1534045909193538
163,1575543600,416,1287,871,1703,49,3.021710582157638,1.613710947742787
163,1575558000,341,555,214,896,49,0.29710574589786404,0.1940909606478425
163,1575572400,1006,736,0,1742,49,-0.5903606695657458,1.68231711812284
163,1575586800,461,360,0,821,49,-0.5903606695657458,0.06215601760927892
163,1575601200,84,80,0,164,49,-0.5903606695657458,-1.0935940834085383
163,1575615600,52,100,48,152,49,-0.3913027819851231,-1.1147036742947085
163,1575630000,459,953,494,1412,49,1.45827675678483,1.10180336875316
163,1575644400,358,513,155,871,49,0.05243042574668188,0.15011264630165466
163,1575658800,990,799,0,1789,49,-0.5903606695657458,1.764996349093673
163,1575673200,421,336,0,757,49,-0.5903606695657458,-0.05042846711696202
163,1575687600,132,133,1,265,49,-0.5862136302411496,-0.9159216934499392
163,1575702000,19,59,40,78,49,-0.42447909658189353,-1.2448794847594244
163,1575716400,86,364,278,450,49,0.5625162626720277,-0.5904821672881491
163,1575730800,304,562,258,866,49,0.4795754761801016,0.14131698343241708
163,1575745200,445,591,146,1036,49,0.015107071825315104,0.44036952098649457
163,1575759600,313,331,18,644,49,-0.5157139617230123,-0.24921044796173117
163,1575774000,124,137,13,261,49,-0.5364491583459938,-0.9229582237453293
163,1575788400,19,55,36,74,49,-0.4410672538802788,-1.2519160150548145
163,1575802800,82,237,155,319,49,0.05243042574668188,-0.8209285344621735
163,1575817200,236,464,228,700,49,0.35516429644221237,-0.15069902382627035
163,1575831600,384,421,37,805,49,-0.4369202145556825,0.034009896427718685
163,1575846000,202,193,0,395,49,-0.5903606695657458,-0.6872344588497623
163,1575860400,52,49,0,101,49,-0.5903606695657458,-1.2044194355609317
163,1575874800,34,79,45,113,49,-0.403743899958912,-1.1833098446747614
163,1575889200,469,1249,780,1718,49,2.644330003619374,1.6400979363504995
163,1575903600,334,494,160,828,49,0.07316562236966341,0.07446994562621152
163,1575918000,941,717,0,1658,49,-0.5903606695657458,1.5345499819196486
163,1575932400,436,279,0,715,49,-0.5903606695657458,-0.12431203521855763
163,1575946800,69,44,0,113,50,-0.441793288577303,-0.6942080121816645
163,1575961200,39,96,57,135,50,-0.16641059472535105,-0.657416474062829
163,1575975600,477,1317,840,1794,50,3.616477989240936,2.116999968625724
163,1575990000,378,456,78,834,50,-0.06495381277989509,0.5115510325310821
163,1576004400,933,771,0,1704,50,-0.441793288577303,1.9664891308668513
163,1576018800,489,349,0,838,50,-0.441793288577303,0.5182404030981431
163,1576033200,75,64,0,139,50,-0.441793288577303,-0.650727103495768
163,1576047600,36,99,63,135,50,-0.13742294274093506,-0.657416474062829
163,1576062000,499,1270,771,1769,50,3.283119991420152,2.0751914025815927
163,1576076400,388,476,88,864,50,-0.0166410594725351,0.5617213117840397
163,1576090800,937,732,0,1669,50,-0.441793288577303,1.9079571384050675
163,1576105200,552,319,0,871,50,-0.441793288577303,0.5734277102763964
163,1576119600,378,178,0,556,50,-0.441793288577303,0.04663977812034207
163,1576134000,68,85,17,153,50,-0.359661607954791,-0.6273143065110545
163,1576148400,446,1218,772,1664,50,3.287951266750888,1.8995954251962412
163,1576162800,371,494,123,865,50,0.15245357710322485,0.5633936544258049
163,1576177200,902,786,0,1688,50,-0.441793288577303,1.9397316485986074
163,1576191600,513,369,0,882,50,-0.441793288577303,0.5918234793358143
163,1576206000,159,207,48,366,50,-0.20989207270197505,-0.2711053238150558
163,1576220400,167,103,0,270,50,-0.441793288577303,-0.43165021742452
163,1576234800,404,1124,720,1528,50,3.036724949552616,1.672156825916167
163,1576249200,418,495,77,913,50,-0.06978508811063108,0.643666101230537
163,1576263600,865,841,0,1706,50,-0.441793288577303,1.9698338161503819
163,1576278000,407,370,0,777,50,-0.441793288577303,0.41622750195046276
163,1576292400,127,122,0,249,50,-0.441793288577303,-0.4667694129015903
163,1576306800,19,50,31,69,50,-0.29202375332448705,-0.7677910884193356
163,1576321200,72,323,251,395,50,0.7708568194374327,-0.2226073872038635
163,1576335600,275,518,243,793,50,0.7322066167915446,0.4429849842187068
163,1576350000,464,592,128,1056,50,0.17660995375690486,0.8828110990029681
163,1576364400,323,358,35,681,50,-0.27269865200154303,0.25568260834099854
163,1576378800,124,146,22,270,50,-0.33550523130111104,-0.43165021742452
163,1576384076,5,10,5,15,50,-0.417636911923623,-0.8580975910746592
163,1576384157,0,0,0,0,50,-0.441793288577303,-0.8831827307011381
163,1576384237,0,0,0,0,50,-0.441793288577303,-0.8831827307011381
163,1576384317,0,0,0,0,50,-0.441793288577303,-0.8831827307011381
163,1576384398,0,0,0,0,50,-0.441793288577303,-0.8831827307011381
163,1576384478,0,0,0,0,50,-0.441793288577303,-0.8831827307011381
163,1576384558,0,0,0,0,50,-0.441793288577303,-0.8831827307011381
163,1576384639,0,0,0,0,50,-0.441793288577303,-0.8831827307011381
163,1576384720,0,0,0,0,50,-0.441793288577303,-0.8831827307011381
163,1576384799,0,0,0,0,50,-0.441793288577303,-0.8831827307011381
163,1576384880,0,0,0,0,50,-0.441793288577303,-0.8831827307011381
163,1576384960,0,0,0,0,50,-0.441793288577303,-0.8831827307011381
163,1576385041,0,0,0,0,50,-0.441793288577303,-0.8831827307011381
163,1576385121,0,0,0,0,50,-0.441793288577303,-0.8831827307011381
163,1576385202,1,0,0,1,50,-0.441793288577303,-0.8815103880593728
163,1576385282,0,0,0,0,50,-0.441793288577303,-0.8831827307011381
163,1576385363,1,0,0,1,50,-0.441793288577303,-0.8815103880593728
163,1576385443,0,0,0,0,50,-0.441793288577303,-0.8831827307011381
163,1576385524,0,0,0,0,50,-0.441793288577303,-0.8831827307011381
163,1576385604,0,0,0,0,50,-0.441793288577303,-0.8831827307011381
163,1576385684,0,0,0,0,50,-0.441793288577303,-0.8831827307011381
163,1576393200,16,53,37,69,50,-0.26303610134007105,-0.7677910884193356
163,1576407600,65,217,152,282,50,0.29256056169456884,-0.411582105723337
163,1576422000,253,543,290,796,50,0.9592765573361366,0.44800201214400254
163,1576436400,410,461,51,871,50,-0.19539824670976705,0.5734277102763964
163,1576450800,218,206,0,424,50,-0.441793288577303,-0.1741094505926712
163,1576465200,49,60,11,109,50,-0.388649259939207,-0.7008973827487256
163,1576479600,31,89,58,120,50,-0.16157931939461506,-0.6825016136893078
163,1576494000,443,1153,710,1596,50,2.988412196245256,1.7858761255562041
163,1576508400,384,467,83,851,50,-0.04079743612621509,0.5399808574410914
163,1576522800,939,708,0,1647,50,-0.441793288577303,1.871165600286232
163,1576537200,476,267,0,743,50,-0.441793288577303,0.3593678521304442
163,1576551600,205,164,0,369,51,-0.6014642711416017,-0.6362302408419976
163,1576566000,34,94,60,128,51,-0.31926543232632776,-1.0942291383459233
163,1576580400,457,1312,855,1769,51,3.419869181976052,2.0243442674795626
163,1576594800,364,420,56,784,51,-0.33807868824734605,0.15244005983903622
163,1576609200,879,626,0,1505,51,-0.6014642711416017,1.5226359316246396
163,1576623600,471,294,0,765,51,-0.6014642711416017,0.11633226294038648
163,1576638000,55,45,0,100,51,-0.6014642711416017,-1.1474406285123544
163,1576652400,27,94,67,121,51,-0.2863422344645458,-1.107532010887531
163,1576666800,436,896,460,1332,51,1.5620601597754984,1.1938649388106182
163,1576681200,486,517,31,1003,51,-0.4556615377537102,0.5686299293550516
163,1576695600,909,743,0,1652,51,-0.6014642711416017,1.8019962549984034
163,1576710000,501,322,0,823,51,-0.6014642711416017,0.22655606399942255
163,1576724400,58,62,4,120,51,-0.5826510152205835,-1.109432421250618
163,1576738800,25,87,62,112,51,-0.30985880436581864,-1.1246357041553126
163,1576753200,435,1174,739,1609,51,2.874284760266522,1.7202786093856697
163,1576767600,418,576,158,994,51,0.14165933773861966,0.5515262360872702
163,1576782000,860,674,0,1534,51,-0.6014642711416017,1.5777478321541576
163,1576796400,432,331,0,763,51,-0.6014642711416017,0.11253144221421282
163,1576810800,77,77,0,154,51,-0.6014642711416017,-1.0448184689056657
163,1576825200,36,90,54,126,51,-0.34748531620785517,-1.098029959072097
163,1576839600,379,1107,728,1486,51,2.822548306483722,1.4865281347259898
163,1576854000,424,561,137,985,51,0.04288974415327378,0.5344225428194888
163,1576868400,888,707,0,1595,51,-0.6014642711416017,1.6936728643024541
163,1576882800,368,301,0,669,51,-0.6014642711416017,-0.06610713191594905
163,1576897200,110,116,6,226,51,-0.5732443872600743,-0.907988922763414
163,1576911600,20,73,53,93,51,-0.35218863018810975,-1.1607435010539622
163,1576926000,58,285,227,343,51,0.4661880023761847,-0.6856409102822552
163,1576940400,248,509,261,757,51,0.6261006777048399,0.10112898003569186
163,1576954800,394,502,108,896,51,-0.09350636127410862,0.365286020504761
163,1576969200,254,303,49,557,51,-0.371001886109128,-0.27895309258167383
163,1576983600,100,121,21,221,51,-0.5026946775562559,-0.9174909745788482
163,1576998000,20,37,17,57,51,-0.5215079334772741,-1.2291582741250882
163,1577012400,51,201,150,252,51,0.10403282589658314,-0.8585782533231565
163,1577026800,205,444,239,649,51,0.5226277701392394,-0.10411533917768563
163,1577041200,366,447,81,813,51,-0.2204958387409819,0.20755196036855425
163,1577055600,186,200,14,386,51,-0.5356178754180378,-0.6039232646695215
163,1577070000,44,60,16,104,51,-0.5262112474575287,-1.1398389870600072
163,1577084400,22,81,59,103,51,-0.32396874630658234,-1.141739397423094
163,1577098800,213,715,502,928,51,1.7595993469461901,0.42609915212353955
163,1577113200,364,521,157,885,51,0.1369560237583651,0.3443815065108059
163,1577127600,650,596,0,1246,51,-0.6014642711416017,1.030429647585151
163,1577142000,278,267,0,545,51,-0.6014642711416017,-0.3017580169387158
163,1577156400,52,63,11,115,52,-0.7543192463916187,-0.8861735534513694
163,1577170800,25,61,36,86,52,-0.5056846063538134,-0.9819143271012236
163,1577185200,143,486,343,629,52,2.547548773310437,0.8107491243425984
163,1577199600,316,437,121,753,52,0.33967316977472495,1.2201234668454233
163,1577214000,370,401,31,771,52,-0.5554115343613745,1.2795487746280916
163,1577228400,132,186,54,318,52,-0.3266676655265935,-0.21598813790238988
163,1577242800,38,63,25,101,52,-0.6150838479704477,-0.9323932372823335
163,1577257200,26,38,12,64,52,-0.7443738607901066,-1.0545452588355957
163,1577271600,30,68,38,98,52,-0.48579383515078894,-0.9422974552461115
163,1577286000,98,131,33,229,52,-0.53552076315835,-0.5098132708278046
163,1577300400,109,160,51,269,52,-0.35650382233113015,-0.37775703131076427
163,1577314800,94,115,21,209,52,-0.6548653903764966,-0.5758413905863247
163,1577329200,15,24,9,39,52,-0.7742100175946431,-1.137080408533746
163,1577343600,48,86,38,134,52,-0.48579383515078894,-0.8234468396807753
163,1577358000,134,509,375,643,52,2.865801112558828,0.8569688081735625
163,1577372400,236,429,193,665,52,1.0557409330836045,0.9295997399079347
163,1577386800,618,470,0,1088,52,-0.8637184880082531,2.326094472800636
163,1577401200,212,196,0,408,52,-0.8637184880082531,0.08113840101095078
163,1577415600,54,72,18,126,52,-0.6847015471810333,-0.8498580875841834
163,1577430000,24,70,46,94,52,-0.4062307503386912,-0.9555030791978155
163,1577437105,43,232,189,275,52,1.0159593906775557,-0.3579485953832082
163,1577437188,16,200,184,216,52,0.9662324626699945,-0.5527315486708426
163,1577444400,156,316,160,472,52,0.7275432082337013,0.29242838423821527
163,1577458800,249,412,163,661,52,0.757379365038238,0.9163941159562307
163,1577473200,469,576,107,1045,52,0.20043777135355395,2.1841340153198177
163,1577487600,233,228,0,461,52,-0.8637184880082531,0.2561129183710292
