remote_unit_id,time_stamp,entries,exits,num_people_exited,sum_exit_entry,week_num,z_score_num_people_exited,z_score_sum_exit_entry
281,1546311600,363,268,0,631,1,-0.4826530149895093,0.5116805515448655
281,1546326000,15,22,7,37,1,-0.22465303970420794,-1.1234425943423256
281,1546340400,76,92,16,168,1,0.10706121423403663,-0.7628346278251169
281,1546354800,383,341,0,724,1,-0.4826530149895093,0.7676846804463954
281,1546369200,651,310,0,961,1,-0.4826530149895093,1.4200822992599718
281,1546383600,102,58,0,160,1,-0.4826530149895093,-0.7848564883757861
281,1546398000,20,16,0,36,1,-0.4826530149895093,-1.1261953269111593
281,1546412400,27,23,0,50,1,-0.4826530149895093,-1.0876570709474882
281,1546426800,418,396,0,814,1,-0.4826530149895093,1.0154306116414245
281,1546441200,411,363,0,774,1,-0.4826530149895093,0.9053213088880782
281,1546455600,719,381,0,1100,1,-0.4826530149895093,1.8027121263278498
281,1546470000,167,169,2,336,1,-0.408938736336566,-0.3003755562610628
281,1546484400,17,31,14,48,1,0.03334693558109338,-1.0931625360851556
281,1546498800,22,40,18,62,1,0.18077549288697986,-1.0546242801214842
281,1546513200,379,467,88,846,1,2.760775245739993,1.1035180538441014
281,1546527600,412,385,0,797,1,-0.4826530149895093,0.9686341579712522
281,1546542000,626,391,0,1017,1,-0.4826530149895093,1.5742353231146564
281,1546556400,171,187,16,358,1,0.10706121423403663,-0.2398154397467224
281,1546570800,28,27,0,55,1,-0.4826530149895093,-1.07389340810332
281,1546585200,21,37,16,58,1,0.10706121423403663,-1.065635210396819
281,1546599600,431,434,3,865,1,-0.3720815970100944,1.1558199726519407
281,1546614000,441,385,0,826,1,-0.4826530149895093,1.0484634024674282
281,1546628400,614,488,0,1102,1,-0.4826530149895093,1.808217591465517
281,1546642800,270,183,0,453,1,-0.4826530149895093,0.021694154292474833
281,1546657200,48,34,0,82,1,-0.4826530149895093,-0.9995696287448113
281,1546671600,5,20,15,25,1,0.070204074907565,-1.1564753851683296
281,1546686000,64,171,107,235,1,3.4610608929429536,-0.578401545713262
281,1546700400,227,259,32,486,1,0.6967754434575826,0.11253432906398546
281,1546714800,345,240,0,585,1,-0.4826530149895093,0.3850548533785173
281,1546729200,152,109,0,261,1,-0.4826530149895093,-0.506830498923587
281,1546743600,30,45,15,75,1,0.070204074907565,-1.0188387567266468
281,1546758000,7,14,7,21,1,-0.22465303970420794,-1.167486315443664
281,1546772400,47,146,99,193,1,3.1662037783311807,-0.6940163136042755
281,1546786800,222,299,77,521,1,2.3553467131488053,0.20887996897316338
281,1546801200,308,268,0,576,1,-0.4826530149895093,0.36028026025901444
281,1546815600,141,69,0,210,1,-0.4826530149895093,-0.6472198599341034
281,1546830000,25,20,0,45,1,-0.4826530149895093,-1.1014207337916564
281,1546844400,27,45,18,72,1,0.18077549288697986,-1.0270969544331479
281,1546858800,521,442,0,963,1,-0.4826530149895093,1.425587764397639
281,1546873200,319,261,0,580,1,-0.4826530149895093,0.37129119053434906
281,1546887600,580,497,0,1077,1,-0.4826530149895093,1.7393992772446756
281,1546902000,221,189,0,410,1,-0.4826530149895093,-0.09667334616737235
281,1546916400,23,17,0,40,2,-0.4908463513166626,-1.090791882626766
281,1546930800,27,49,22,76,2,0.7831481110895067,-0.9987819899332279
281,1546945200,535,479,0,1014,2,-0.4908463513166626,1.398586880803959
281,1546959600,342,267,0,609,2,-0.4908463513166626,0.3634755880016554
281,1546974000,616,508,0,1124,2,-0.4908463513166626,1.6797282195897698
281,1546988400,226,184,0,410,2,-0.4908463513166626,-0.1451346521654023
281,1547002800,17,20,3,37,2,-0.31711983371582136,-1.0984593736845607
281,1547017200,28,43,15,71,2,0.3777862366875437,-1.0115611416962191
281,1547031600,520,505,0,1025,2,-0.4908463513166626,1.42670101468254
281,1547046000,355,285,0,640,2,-0.4908463513166626,0.4427063289322021
281,1547060400,656,422,0,1078,2,-0.4908463513166626,1.5621600233702488
281,1547074800,185,220,35,405,2,1.5359630206931523,-0.15791380392839371
281,1547089200,20,22,2,42,2,-0.37502867291610176,-1.0856802219215693
281,1547103600,22,41,19,63,2,0.6094215934886653,-1.0320077845170055
281,1547118000,606,511,0,1117,2,-0.4908463513166626,1.6618374071215818
281,1547132400,415,293,0,708,2,-0.4908463513166626,0.6165027929088851
281,1547146800,659,443,0,1102,2,-0.4908463513166626,1.6234999518326076
281,1547161200,319,205,0,524,2,-0.4908463513166626,0.1462300080308016
281,1547175600,32,32,0,64,2,-0.4908463513166626,-1.0294519541644072
281,1547190000,27,39,12,66,2,0.20405971908670242,-1.0243402934592105
281,1547204400,511,448,0,959,2,-0.4908463513166626,1.2580162114110534
281,1547218800,393,324,0,717,2,-0.4908463513166626,0.6395052660822697
281,1547233200,621,486,0,1107,2,-0.4908463513166626,1.636279103595599
281,1547247600,205,187,0,392,2,-0.4908463513166626,-0.19113959851217135
281,1547262000,33,37,4,70,2,-0.2592109945155409,-1.0141169720488175
281,1547276400,7,14,7,21,2,-0.08548447691469967,-1.1393526593261332
281,1547290800,76,130,54,206,2,2.63623096549848,-0.6665240440954514
281,1547305200,250,287,37,537,2,1.651780699093713,0.17945580261457925
281,1547319600,451,242,0,693,2,-0.4908463513166626,0.578165337619911
281,1547334000,115,123,8,238,2,-0.027575637714419253,-0.5847374728123065
281,1547348400,34,48,14,82,2,0.3198773974872633,-0.9834470078176382
281,1547362800,7,12,5,19,2,-0.20130215531526052,-1.1444643200313298
281,1547377200,56,145,89,201,2,4.663040337508295,-0.6793031958584428
281,1547391600,242,220,0,462,2,-0.4908463513166626,-0.012231473830291748
281,1547406000,298,222,0,520,2,-0.4908463513166626,0.1360066866204085
281,1547420400,78,85,7,163,2,-0.08548447691469967,-0.7764247492571774
281,1547434800,13,14,1,27,2,-0.4329375121163822,-1.1240176772105435
281,1547449200,21,43,22,64,2,0.7831481110895067,-1.0294519541644072
281,1547463600,528,453,0,981,2,-0.4908463513166626,1.3142444791682157
281,1547478000,271,254,0,525,2,-0.4908463513166626,0.1487858383833999
281,1547492400,535,502,0,1037,2,-0.4908463513166626,1.4573709789137195
281,1547506800,188,181,0,369,2,-0.4908463513166626,-0.24992369662193178
281,1547521200,19,14,0,33,3,-0.31624176103958807,-1.1090172652581665
281,1547535600,35,40,5,75,3,-0.23455569730242512,-0.994986812010591
281,1547550000,505,478,0,983,3,-0.31624176103958807,1.4702429867703275
281,1547564400,331,303,0,634,3,-0.31624176103958807,0.522704220498807
281,1547578800,573,489,0,1062,3,-0.31624176103958807,1.6847288393074338
281,1547593200,180,196,16,376,3,-0.054846357080666576,-0.17776856373629973
281,1547607600,15,12,0,27,3,-0.31624176103958807,-1.1253073300078202
281,1547622000,20,38,18,58,3,-0.022171931585801385,-1.041141995467943
281,1547636400,519,533,14,1052,3,-0.08752078257553177,1.6575787313913444
281,1547650800,329,270,0,599,3,-0.31624176103958807,0.42767884279249413
281,1547665200,549,509,0,1058,3,-0.31624176103958807,1.6738687961409981
281,1547679600,225,183,0,408,3,-0.31624176103958807,-0.09088821840481362
281,1547694000,15,27,12,42,3,-0.12019520807039695,-1.084582168133686
281,1547708400,24,38,14,62,3,-0.08752078257553177,-1.0302819523015072
281,1547722800,533,495,0,1028,3,-0.31624176103958807,1.59241847239273
281,1547737200,361,289,0,650,3,-0.31624176103958807,0.5661443931645501
281,1547751600,608,529,0,1137,3,-0.31624176103958807,1.8883546486781044
281,1547766000,244,193,0,437,3,-0.31624176103958807,-0.012152905448154323
281,1547780400,31,35,4,66,3,-0.2508929100498577,-1.0194219091350716
281,1547794800,32,51,19,83,3,-0.005834718838368792,-0.9732667256777194
281,1547809200,493,503,10,996,3,-0.15286963356526215,1.5055381270612438
281,1547823600,423,300,0,723,3,-0.31624176103958807,0.7643401809520028
281,1547838000,574,425,0,999,3,-0.31624176103958807,1.5136831594360707
281,1547852400,263,211,0,474,3,-0.31624176103958807,0.0883024938413765
281,1547866800,48,41,0,89,3,-0.31624176103958807,-0.9569766609280659
281,1547881200,8,23,15,31,3,-0.07118356982809917,-1.1144472868413844
281,1547895600,108,364,256,472,3,3.866084702303156,0.08287247225815862
281,1547910000,266,584,318,850,3,4.8789918926439775,1.1091465514863383
281,1547924400,346,251,0,597,3,-0.31624176103958807,0.42224882120927626
281,1547938800,140,137,0,277,3,-0.31624176103958807,-0.4465546321055849
281,1547953200,28,30,2,58,3,-0.2835673355447229,-1.041141995467943
281,1547967600,7,13,6,20,3,-0.21821848455499251,-1.1443124055490828
281,1547982000,61,96,35,157,3,0.25556068512055274,-0.7723559270986579
281,1547996400,265,202,0,467,3,-0.31624176103958807,0.0692974183001139
281,1548010800,279,199,0,478,3,-0.31624176103958807,0.09916253700781226
281,1548025200,89,87,0,176,3,-0.31624176103958807,-0.720770722058088
281,1548039600,17,21,4,38,3,-0.2508929100498577,-1.0954422113001219
281,1548054000,10,18,8,28,3,-0.18554405906012733,-1.1225923192162113
281,1548068400,168,225,57,393,3,0.6149793655640697,-0.13161338027894773
281,1548082800,295,241,0,536,3,-0.31624176103958807,0.25663316292113086
281,1548097200,375,254,0,629,3,-0.31624176103958807,0.5091291665407623
281,1548111600,106,78,0,184,3,-0.31624176103958807,-0.6990506357252164
281,1548126000,14,7,0,21,4,-0.5487032611687342,-1.1207070696374979
281,1548140400,20,46,26,66,4,0.2519555791080923,-0.9973196142392413
281,1548154800,513,493,0,1006,4,-0.5487032611687342,1.5801072318576732
281,1548169200,294,248,0,542,4,-0.5487032611687342,0.30784546952898345
281,1548183600,539,465,0,1004,4,-0.5487032611687342,1.574623344951084
281,1548198000,213,178,0,391,4,-0.5487032611687342,-0.10618799191849962
281,1548212400,19,14,0,33,4,-0.5487032611687342,-1.0878037481979628
281,1548226800,22,36,14,58,4,-0.117579270250443,-1.019255161865598
281,1548241200,471,488,17,959,4,-0.025195557910809175,1.4512358895528275
281,1548255600,321,286,0,607,4,-0.5487032611687342,0.4860717939931318
281,1548270000,566,481,0,1047,4,-0.5487032611687342,1.6925269134427512
281,1548284400,214,187,0,401,4,-0.5487032611687342,-0.07876855738555373
281,1548298800,11,18,7,29,4,-0.3331412657095886,-1.0987715220111411
281,1548313200,21,49,28,70,4,0.31354472066784816,-0.9863518404260629
281,1548327600,521,483,0,1004,4,-0.5487032611687342,1.574623344951084
281,1548342000,313,253,0,566,4,-0.5487032611687342,0.37365211240805357
281,1548356400,579,472,0,1051,4,-0.5487032611687342,1.7034946872559296
281,1548370800,208,174,0,382,4,-0.5487032611687342,-0.13086548299815093
281,1548385200,14,14,0,28,4,-0.5487032611687342,-1.1015134654644356
281,1548399600,17,46,29,63,4,0.3443392914477261,-1.005545444599125
281,1548405316,169,234,65,403,4,1.4529438395233323,-0.07328467047896454
281,1548414000,241,280,39,521,4,0.6522849992465055,0.25026465700979705
281,1548427439,407,317,0,724,4,-0.5487032611687342,0.8068791780285988
281,1548428400,44,23,0,67,4,-0.5487032611687342,-0.9945776707859467
281,1548442800,480,523,43,1003,4,0.7754632823660174,1.5718814014977893
281,1548457200,197,243,46,440,4,0.8678469947056512,0.028167237292935274
281,1548471600,42,37,0,79,4,-0.5487032611687342,-0.9616743493464116
281,1548486000,6,15,9,21,4,-0.2715521241498327,-1.1207070696374979
281,1548500400,61,189,128,250,4,3.3930017986556424,-0.4928020188330368
281,1548514800,296,452,156,748,4,4.255249780492225,0.8726858209076689
281,1548529200,320,264,0,584,4,-0.5487032611687342,0.4230070945673562
281,1548543600,119,113,0,232,4,-0.5487032611687342,-0.5421570009923394
281,1548558000,41,35,0,76,4,-0.5487032611687342,-0.9699001797062954
281,1548572400,5,26,21,31,4,0.09798272520870259,-1.093287635104552
281,1548586800,51,105,54,156,4,1.1142035609446748,-0.7505447034427283
281,1548601200,214,261,47,475,4,0.8986415654855291,0.12413525815824591
281,1548615600,277,239,0,516,4,-0.5487032611687342,0.2365549397433241
281,1548630000,78,72,0,150,4,-0.5487032611687342,-0.7669963641624957
281,1548644400,14,16,2,30,4,-0.4871141196089783,-1.0960295785578464
281,1548658800,15,48,33,63,4,0.4675175745672379,-1.005545444599125
281,1548673200,507,508,1,1015,4,-0.5179086903888562,1.6047847229373244
281,1548687600,309,258,0,567,4,-0.5487032611687342,0.37639405586134816
281,1548702000,540,534,0,1074,4,-0.5487032611687342,1.7665593866817053
281,1548716400,168,187,19,355,4,0.03639358364894671,-0.20489795623710486
281,1548730800,18,17,0,35,5,-0.6517655548971928,-1.0271204585776217
281,1548745200,32,52,20,84,5,0.28892699856267307,-0.908112807200933
281,1548759600,396,507,111,903,5,4.569078116805062,1.0810150800951501
281,1548774000,239,275,36,514,5,1.0414810413305657,0.1362400518189886
281,1548788400,483,464,0,947,5,-0.6517655548971928,1.1878790935762584
281,1548802800,174,223,49,397,5,1.6529312010794783,-0.1479210749375947
281,1548817200,21,39,18,60,5,0.19485774321668645,-0.9664022690997193
281,1548831600,28,56,28,84,5,0.6652040199466194,-0.908112807200933
281,1548846000,690,630,0,1320,5,-0.6517655548971928,2.0937944805865625
281,1548860400,412,441,29,853,5,0.7122386476196126,0.9595787011393454
281,1548874800,546,495,0,1041,5,-0.6517655548971928,1.4161794860131716
281,1548889200,175,221,46,396,5,1.5118273180604984,-0.1503498025167108
281,1548903600,14,13,0,27,5,-0.6517655548971928,-1.0465502792105505
281,1548918000,24,39,15,63,5,0.053753860197706595,-0.959116086362371
281,1548932400,551,467,0,1018,5,-0.6517655548971928,1.3603187516935014
281,1548946800,285,277,0,562,5,-0.6517655548971928,0.25281897561656125
281,1548961200,493,456,0,949,5,-0.6517655548971928,1.1927365487344908
281,1548975600,166,187,21,353,5,0.33596162623566633,-0.25478508841870295
281,1548990000,47,58,11,105,5,-0.13438465049426657,-0.8571095280394949
281,1549004400,37,75,38,112,5,1.1355502966765523,-0.8401084349856822
281,1549018800,728,724,0,1452,5,-0.6517655548971928,2.414386521029887
281,1549033200,431,432,1,863,5,-0.6047309272241994,0.9838659769305064
281,1549047600,527,462,0,989,5,-0.6517655548971928,1.2898856518991346
281,1549062000,230,200,0,430,5,-0.6517655548971928,-0.06777306482676351
281,1549076400,49,59,10,108,5,-0.18141927816725986,-0.8498233453021466
281,1549090800,4,36,32,40,5,0.8533425306385926,-1.0149768206820413
281,1549105200,99,139,40,238,5,1.2296195520225388,-0.5340887600170541
281,1549119600,257,234,0,491,5,-0.6517655548971928,0.08037931749931838
281,1549134000,269,148,0,417,5,-0.6517655548971928,-0.09934652335527278
281,1549148400,87,66,0,153,5,-0.6517655548971928,-0.7405306042419223
281,1549162800,27,33,6,60,5,-0.369557788859233,-0.9664022690997193
281,1549177200,4,15,11,19,5,-0.13438465049426657,-1.0659800998434792
281,1549191600,42,72,30,114,5,0.7592732752926059,-0.8352509798274501
281,1549206000,153,156,3,309,5,-0.5106616718782129,-0.3616491018998112
281,1549220400,213,152,0,365,5,-0.6517655548971928,-0.2256403574693098
281,1549234800,60,49,0,109,5,-0.6517655548971928,-0.8473946177230306
281,1549249200,23,20,0,43,5,-0.6517655548971928,-1.0076906379446928
281,1549263600,27,50,23,77,5,0.4300308815816529,-0.9251139002547456
281,1549278000,527,531,4,1058,5,-0.4636270442052196,1.4574678548581452
281,1549292400,305,297,0,602,5,-0.6517655548971928,0.3499680787812051
281,1549306800,598,527,0,1125,5,-0.6517655548971928,1.6201926026589237
281,1549321200,192,155,0,347,5,-0.6517655548971928,-0.26935745389339955
281,1549335600,21,10,0,31,6,-0.49718790283267805,-1.0539879943656056
281,1549350000,25,50,25,75,6,1.5910012890645697,-0.9439817923105035
281,1549364400,508,428,0,936,6,-0.49718790283267805,1.2086395706313826
281,1549378800,333,295,0,628,6,-0.49718790283267805,0.4385961562456672
281,1549393200,666,513,0,1179,6,-0.49718790283267805,1.8161738228902424
281,1549407600,224,185,0,409,6,-0.49718790283267805,-0.10893471307404597
281,1549422000,24,11,0,35,6,-0.49718790283267805,-1.0439874305424146
281,1549436400,34,43,9,77,6,0.25456020625033116,-0.938981510398908
281,1549450800,553,575,22,1128,6,1.3404185860369,1.6886666341445558
281,1549465200,310,296,0,606,6,-0.49718790283267805,0.38359305521811615
281,1549479600,540,484,0,1024,6,-0.49718790283267805,1.4286519747415871
281,1549494000,214,218,4,432,6,-0.1630776321291184,-0.05143147109069709
281,1549508400,18,10,0,28,6,-0.49718790283267805,-1.061488417232999
281,1549522800,24,47,23,71,6,1.42394615371279,-0.9539823561336946
281,1549537200,539,535,0,1074,6,-0.49718790283267805,1.553659022531476
281,1549551600,332,342,10,674,6,0.3380877739262211,0.5536026402123649
281,1549566000,561,501,0,1062,6,-0.49718790283267805,1.5236573310619026
281,1549580400,254,184,0,438,6,-0.49718790283267805,-0.03643062535591043
281,1549594800,25,15,0,40,6,-0.49718790283267805,-1.0314867257634257
281,1549609200,30,33,3,63,6,-0.24660519980500833,-0.9739834837800768
281,1549623600,525,493,0,1018,6,-0.49718790283267805,1.4136511290068003
281,1549638000,409,342,0,751,6,-0.49718790283267805,0.7461134938087939
281,1549652400,641,554,0,1195,6,-0.49718790283267805,1.856176078183007
281,1549666800,239,194,0,433,6,-0.49718790283267805,-0.048931330134899316
281,1549681200,24,24,0,48,6,-0.49718790283267805,-1.0114855981170436
281,1549695600,6,18,12,24,6,0.5051429092780009,-1.0714889810561903
281,1549710000,74,131,57,205,6,4.2638834546930475,-0.6189634680567925
281,1549724400,196,148,0,344,6,-0.49718790283267805,-0.27144387520090146
281,1549738800,245,172,0,417,6,-0.49718790283267805,-0.08893358542766375
281,1549753200,130,81,0,211,6,-0.49718790283267805,-0.6039626223220058
281,1549767600,37,26,0,63,6,-0.49718790283267805,-0.9739834837800768
281,1549782000,8,19,11,27,6,0.42161534160211095,-1.063988558188797
281,1549796400,49,91,42,140,6,3.0109699395546987,-0.781472630183648
281,1549810800,213,171,0,384,6,-0.49718790283267805,-0.17143823696899038
281,1549825200,262,158,0,420,6,-0.49718790283267805,-0.08143316256027042
281,1549839600,73,56,0,129,6,-0.49718790283267805,-0.8089741806974236
281,1549854000,15,22,7,37,6,0.08750507089855132,-1.038987148630819
281,1549868400,28,44,16,72,6,0.8392531799815606,-0.9514822151778969
281,1549882800,535,531,0,1066,6,-0.49718790283267805,1.5336578948850936
281,1549897200,344,269,0,613,6,-0.49718790283267805,0.40109404190870057
281,1549911600,545,475,0,1020,6,-0.49718790283267805,1.4186514109183959
281,1549926000,186,195,9,381,6,0.25456020625033116,-0.17893865983638374
281,1549940400,24,22,0,46,7,-0.5061769679350516,-0.9387190293438
281,1549954800,36,47,11,83,7,0.7606045444103422,-0.8383560177393389
281,1549969200,500,505,5,1005,7,0.06963281040376375,1.6625817308907462
281,1549983600,337,285,0,622,7,-0.5061769679350516,0.6236889350932163
281,1549998000,519,491,0,1010,7,-0.5061769679350516,1.6761443000264842
281,1550012400,225,202,0,427,7,-0.5061769679350516,0.09474873879943474
281,1550026800,17,19,2,36,7,-0.27585305659952547,-0.9658441676152759
281,1550041200,34,44,10,78,7,0.6454425887425791,-0.8519185868750768
281,1550055600,489,453,0,942,7,-0.5061769679350516,1.4916933597804476
281,1550070000,266,303,37,569,7,3.754815391772182,0.4799257022543936
281,1550084400,561,484,0,1045,7,-0.5061769679350516,1.77108228397665
281,1550098800,245,222,0,467,7,-0.5061769679350516,0.20324929188533863
281,1550113200,19,25,6,44,7,0.1847947660715268,-0.9441440569980951
281,1550127600,27,47,20,74,7,1.79706214542021,-0.8627686421836672
281,1550142000,744,522,0,1266,7,-0.5061769679350516,2.370547839776269
281,1550156400,285,317,32,602,7,3.179005613433367,0.5694386585502643
281,1550170800,603,551,0,1154,7,-0.5061769679350516,2.0667462911357384
281,1550185200,243,231,0,474,7,-0.5061769679350516,0.22223688867537184
281,1550199600,33,25,0,58,7,-0.5061769679350516,-0.9061688634180288
281,1550214000,23,43,20,66,7,1.79706214542021,-0.884468752800848
281,1550228400,466,444,0,910,7,-0.5061769679350516,1.4048929173117244
281,1550242800,407,315,0,722,7,-0.5061769679350516,0.894940317807976
281,1550257200,582,438,0,1020,7,-0.5061769679350516,1.70326943829796
281,1550271600,200,158,0,358,7,-0.5061769679350516,-0.0924147152737495
281,1550286000,24,21,0,45,7,-0.5061769679350516,-0.9414315431709476
281,1550300400,10,9,0,19,7,-0.5061769679350516,-1.0119569026767852
281,1550314800,93,106,13,199,7,0.9909284557458684,-0.5237044137902175
281,1550329200,256,141,0,397,7,-0.5061769679350516,0.013373323985006803
281,1550343600,391,99,0,490,7,-0.5061769679350516,0.2656371099097334
281,1550358000,112,44,0,156,7,-0.5061769679350516,-0.6403425083575642
281,1550372400,21,11,0,32,7,-0.5061769679350516,-0.9766942229238663
281,1550386800,6,16,10,22,7,0.6454425887425791,-1.0038193611953423
281,1550401200,59,76,17,135,7,1.4515762784169208,-0.6973052987276638
281,1550415600,290,132,0,422,7,-0.5061769679350516,0.08118616966369674
281,1550425758,266,65,0,331,7,-0.5061769679350516,-0.16565258860673465
281,1550430000,72,30,0,102,7,-0.5061769679350516,-0.7868182550235345
281,1550444400,86,30,0,116,7,-0.5061769679350516,-0.7488430614434681
281,1550458800,13,6,0,19,7,-0.5061769679350516,-1.0119569026767852
281,1550473200,8,14,6,22,7,0.1847947660715268,-1.0038193611953423
281,1550487600,152,134,0,286,7,-0.5061769679350516,-0.28771571082837655
281,1550502000,280,128,0,408,7,-0.5061769679350516,0.04321097608363038
281,1550516400,332,116,0,448,7,-0.5061769679350516,0.1517115291695343
281,1550530800,89,43,0,132,7,-0.5061769679350516,-0.7054428402091065
281,1550545200,13,6,0,19,8,-0.4775657733095382,-1.2788452577934828
281,1550559600,25,48,23,73,8,2.6238025427712275,-1.1456471983142291
281,1550574000,520,441,0,961,8,-0.4775657733095382,1.0447208909001648
281,1550588400,322,306,0,628,8,-0.4775657733095382,0.22333285744476708
281,1550602800,596,452,0,1048,8,-0.4775657733095382,1.259317764505629
281,1550617200,202,197,0,399,8,-0.4775657733095382,-0.34152557997651245
281,1550631600,19,18,0,37,8,-0.4775657733095382,-1.2344459046337315
281,1550646000,27,53,26,80,8,3.0283288448687187,-1.128380783196548
281,1550660400,504,452,0,956,8,-0.4775657733095382,1.0323877372446784
281,1550674800,347,271,0,618,8,-0.4775657733095382,0.19866655013379417
281,1550689200,580,481,0,1061,8,-0.4775657733095382,1.2913839640098939
281,1550703600,182,185,3,367,8,-0.073039471212047,-0.4204577633716257
281,1550718000,15,21,6,36,8,0.3314868308854442,-1.236912535364829
281,1550732400,24,33,9,57,8,0.7360131329829355,-1.1851132900117858
281,1550746800,542,421,0,963,8,-0.4775657733095382,1.0496541523623595
281,1550761200,395,325,0,720,8,-0.4775657733095382,0.4502628847057178
281,1550775600,643,525,0,1168,8,-0.4775657733095382,1.555313452237304
281,1550790000,259,233,0,492,8,-0.4775657733095382,-0.11212892198446442
281,1550804400,29,30,1,59,8,-0.34272367261037445,-1.1801800285495911
281,1550818800,20,37,17,57,8,1.8147499385762453,-1.1851132900117858
281,1550833200,526,453,0,979,8,-0.4775657733095382,1.0891202440599161
281,1550847600,402,329,0,731,8,-0.4775657733095382,0.477395822747788
281,1550862000,555,464,0,1019,8,-0.4775657733095382,1.1877854733038076
281,1550876400,198,173,0,371,8,-0.4775657733095382,-0.41059124044723655
281,1551495600,7107,8677,1570,15784,9,4.102899703675699,4.111363666024992
281,1551510000,6,13,7,19,9,-0.3094308747888901,-0.31659002895837296
281,1551524400,42,139,97,181,9,-0.05536193552989266,-0.27108869698328225
281,1551538800,137,230,93,367,9,-0.0666538883858481,-0.21884642693780773
281,1551553200,166,214,48,380,9,-0.1936883580153468,-0.2151950854830165
281,1551567600,54,88,34,142,9,-0.23321019301119086,-0.28204272134765596
281,1551582000,22,34,12,56,9,-0.29531593371894577,-0.30619774943319794
281,1551596400,3,12,9,15,9,-0.3037848983609124,-0.3177135186367703
281,1551610800,38,95,57,133,9,-0.16828146408944708,-0.2845705731240499
281,1551625200,94,205,111,299,9,-0.015840100534048614,-0.23794575147056185
281,1551639600,157,164,7,321,9,-0.3094308747888901,-0.2317665582393767
281,1551654000,38,62,24,100,9,-0.2614400751510795,-0.29383936297082763
281,1551668400,9,11,2,20,9,-0.3235458158588344,-0.3163091565387737
281,1551682800,24,29,5,53,9,-0.3150768512168678,-0.3070403666919959
281,1551697200,476,357,0,833,9,-0.3291917922868121,-0.0879598794045221
281,1551711600,282,305,23,587,9,-0.26426306336506833,-0.15705449462595614
281,1551726000,555,418,0,973,9,-0.3291917922868121,-0.04863774066061654
281,1551740400,190,178,0,368,9,-0.3291917922868121,-0.21856555451820842
281,1551754800,11,17,6,28,10,-0.3489067215897224,-1.047636397103199
281,1551769200,25,43,18,68,10,-0.05942593403130182,-0.9546039251923669
281,1551783600,551,507,0,1058,10,-0.49364711536893274,1.3479497546007262
281,1551798000,337,320,0,657,10,-0.49364711536893274,0.415299223694635
281,1551812400,633,560,0,1193,10,-0.49364711536893274,1.6619343472997843
281,1551826800,222,198,0,420,10,-0.49364711536893274,-0.13591817237704487
281,1551841200,19,22,3,41,10,-0.4212769184793276,-1.0174008437321787
281,1551855600,30,34,4,64,10,-0.3971535195161259,-0.9639071723834501
281,1551870000,544,570,26,1114,10,0.13356125767431193,1.478195215275891
281,1551884400,346,297,0,643,10,-0.49364711536893274,0.3827378585258438
281,1551898800,601,526,0,1127,10,-0.49364711536893274,1.5084307686469116
281,1551913200,206,207,1,413,10,-0.46952371640573104,-0.15219885496144048
281,1551927600,17,21,4,38,10,-0.3971535195161259,-1.024378279125491
281,1551942000,28,41,13,69,10,-0.1800429288473104,-0.9522781133945961
281,1551956400,564,550,0,1114,10,-0.49364711536893274,1.478195215275891
281,1551970800,408,318,0,726,10,-0.49364711536893274,0.5757802377408203
281,1551985200,576,493,0,1069,10,-0.49364711536893274,1.373533684376205
281,1551999600,224,260,36,484,10,0.3747952473063291,0.01293378268028641
281,1552014000,22,23,1,45,10,-0.46952371640573104,-1.0080975965410954
281,1552028400,27,48,21,75,10,0.01294426285830333,-0.9383232426079713
281,1552042800,534,538,4,1072,10,-0.3971535195161259,1.3805111197695175
281,1552057200,422,383,0,805,10,-0.49364711536893274,0.7595193697647137
281,1552071600,698,532,0,1230,10,-0.49364711536893274,1.747989383817304
281,1552086000,207,233,26,440,10,0.13356125767431193,-0.08940193642162884
281,1552100400,19,36,17,55,10,-0.08354933299450354,-0.9848394785633874
281,1552114800,6,8,2,14,10,-0.44540031744252934,-1.0801977622719903
281,1552129200,41,162,121,203,10,2.425284159178475,-0.6406193324933087
281,1552143600,115,349,234,464,10,5.151228242020269,-0.03358245327512962
281,1552158000,203,281,78,484,10,1.3879780037608012,0.01293378268028641
281,1552172400,66,89,23,155,10,0.06119106078470676,-0.7522582987863072
281,1552190400,16,29,13,45,10,-0.1800429288473104,-1.0080975965410954
281,1552204800,4,18,14,22,10,-0.1559195298841087,-1.0615912678898238
281,1552219200,41,92,51,133,10,0.7366462317543548,-0.8034261583372648
281,1552233600,116,160,44,276,10,0.5677824390119428,-0.47083507125604024
281,1552248000,152,139,0,291,10,-0.49364711536893274,-0.4359478942894782
281,1552262400,43,69,26,112,10,0.13356125767431193,-0.8522682060904516
281,1552276800,6,12,6,18,10,-0.3489067215897224,-1.070894515080907
281,1552291200,110,155,45,265,10,0.5919058379751445,-0.4964190010315191
281,1552305600,530,532,2,1062,10,-0.44540031744252934,1.3572530017918094
281,1552320000,452,352,0,804,10,-0.49364711536893274,0.7571935579669429
281,1552334400,635,585,0,1220,10,-0.49364711536893274,1.7247312658395961
281,1552348800,142,117,0,259,11,-0.3436551011034998,-0.719161429686997
281,1552363200,12,13,1,25,11,-0.325567990519105,-1.293929139775946
281,1552377600,118,185,67,303,11,0.8681813080509467,-0.611085450012152
281,1552392000,550,460,0,1010,11,-0.3436551011034998,1.125499041581382
281,1552406400,457,349,0,806,11,-0.3436551011034998,0.6244194994525547
281,1552420800,593,499,0,1092,11,-0.3436551011034998,1.3269133673390479
281,1552435200,165,143,0,308,11,-0.3436551011034998,-0.598804088685465
281,1552449600,9,6,0,15,11,-0.3436551011034998,-1.3184918624293198
281,1552464000,123,159,36,282,11,0.3074808799347103,-0.662667167584237
281,1552478400,585,526,0,1111,11,-0.3436551011034998,1.3735825403804582
281,1552492800,472,381,0,853,11,-0.3436551011034998,0.739864295923412
281,1552507200,577,535,0,1112,11,-0.3436551011034998,1.3760388126457956
281,1552521600,185,130,0,315,11,-0.3436551011034998,-0.5816101828281033
281,1552536000,9,15,6,24,11,-0.23513243759713143,-1.2963854120412834
281,1552550400,122,161,39,283,11,0.3617422116878945,-0.6602108953188996
281,1552564800,564,523,0,1087,11,-0.3436551011034998,1.3146320060123609
281,1552579200,427,417,0,844,11,-0.3436551011034998,0.7177578455353755
281,1552593600,678,530,0,1208,11,-0.3436551011034998,1.611840950118185
281,1552608000,208,129,0,337,11,-0.3436551011034998,-0.5275721929906807
281,1552622400,10,22,12,32,11,-0.12660977409076307,-1.2767352339185842
281,1552636800,125,164,39,289,11,0.3617422116878945,-0.6454732617268754
281,1552651200,503,459,0,962,11,-0.3436551011034998,1.0075979728451874
281,1552665600,542,452,0,994,11,-0.3436551011034998,1.0861986853359837
281,1552680000,755,484,0,1239,11,-0.3436551011034998,1.687985390343644
281,1552694400,181,164,0,345,11,-0.3436551011034998,-0.5079220148679816
281,1552708800,24,28,4,52,11,-0.27130665876592086,-1.2276097886118364
281,1552723200,16,27,11,43,11,-0.1446968846751578,-1.249716238999873
281,1552737600,152,269,117,421,11,1.772536837270683,-0.32124532270234
281,1552752000,463,398,0,861,11,-0.3436551011034998,0.759514474046111
281,1552766400,531,311,0,842,11,-0.3436551011034998,0.7128453010047007
281,1552780800,123,136,13,259,11,-0.10852266350636834,-0.719161429686997
281,1552795200,19,28,9,47,11,-0.18087110584394725,-1.2398911499385235
281,1552809600,30,62,32,92,11,0.23513243759713143,-1.1293588979983409
281,1552824000,193,537,344,730,11,5.878310939928285,0.4377428072869131
281,1552838400,389,402,13,791,11,-0.10852266350636834,0.5875754154724938
281,1552852800,412,292,0,704,11,-0.3436551011034998,0.373879728388141
281,1552867200,73,85,12,158,11,-0.12660977409076307,-0.9672449284860734
281,1552881600,6,10,4,16,11,-0.27130665876592086,-1.3160355901639824
281,1552896000,108,130,22,238,11,0.05426133175318417,-0.7707431472590822
281,1552910400,457,474,17,931,11,-0.03617422116878945,0.9314535326197283
281,1552924800,456,366,0,822,11,-0.3436551011034998,0.6637198556979529
281,1552939200,569,464,0,1033,11,-0.3436551011034998,1.181993303684142
281,1552953600,114,110,0,224,12,-0.5079884376262435,-0.7748285561399945
281,1552968000,10,11,1,21,12,-0.484229512926575,-1.2886089473088849
281,1552982400,109,154,45,263,12,0.5611631738588346,-0.6761219785262668
281,1552996800,529,449,0,978,12,-0.5079884376262435,1.1334986110587415
281,1553011200,422,321,0,743,12,-0.5079884376262435,0.5387282074888438
281,1553025600,577,452,0,1029,12,-0.5079884376262435,1.262576443322847
281,1553040000,134,119,0,253,12,-0.5079884376262435,-0.7014313574015816
281,1553054400,7,14,7,21,12,-0.3416759647285646,-1.2886089473088849
281,1553068800,114,134,20,248,12,-0.03280994363287538,-0.7140860468392389
281,1553083200,535,501,0,1036,12,-0.5079884376262435,1.2802930085355675
281,1553097600,408,406,0,814,12,-0.5079884376262435,0.7184247975035788
281,1553112000,649,526,0,1175,12,-0.5079884376262435,1.632093374902443
281,1553126400,147,111,0,258,12,-0.5079884376262435,-0.6887766679639241
281,1553140800,14,19,5,33,12,-0.3891938141279014,-1.2582376926585073
281,1553155200,105,158,53,263,12,0.7512345714561819,-0.6761219785262668
281,1553169600,533,401,0,934,12,-0.5079884376262435,1.0221373440073565
281,1553184000,511,336,0,847,12,-0.5079884376262435,0.8019457477921177
281,1553198400,524,488,0,1012,12,-0.5079884376262435,1.2195504992348118
281,1553212800,129,124,0,253,12,-0.5079884376262435,-0.7014313574015816
281,1553227200,12,20,8,32,12,-0.3179170400288962,-1.2607686305460386
281,1553241600,101,144,43,245,12,0.5136453244594978,-0.7216788605018334
281,1553256000,536,395,0,931,12,-0.5079884376262435,1.014544530344762
281,1553270400,460,407,0,867,12,-0.5079884376262435,0.8525645055427473
281,1553284800,593,449,0,1042,12,-0.5079884376262435,1.2954786358607564
281,1553299200,152,145,0,297,12,-0.5079884376262435,-0.5900700903501964
281,1553313600,23,30,7,53,12,-0.3416759647285646,-1.2076189349078776
281,1553328000,16,52,36,68,12,0.34733285156181903,-1.1696548665949054
281,1553342400,157,302,145,459,12,2.937055643825675,-0.18005815257009666
281,1553356800,419,526,107,945,12,2.0342165052382755,1.0499776607702027
281,1553371200,562,437,0,999,12,-0.5079884376262435,1.1866483066969027
281,1553385600,156,153,0,309,12,-0.5079884376262435,-0.5596988356998187
281,1553400000,27,30,3,57,12,-0.4367116635272382,-1.1974951833577516
281,1553414400,15,31,16,46,12,-0.12784564243154897,-1.2253355001205979
281,1553428800,156,309,153,465,12,3.127127041423022,-0.16487252524490778
281,1553443200,457,610,153,1067,12,3.127127041423022,1.3587520830490434
281,1553457600,488,360,0,848,12,-0.5079884376262435,0.8044766856796491
281,1553472000,92,116,24,208,12,0.06222575516579822,-0.8153235623404982
281,1553486400,10,12,2,22,12,-0.4604705882269066,-1.2860780094213535
281,1553500800,100,170,70,270,12,1.1551362913505447,-0.6584054133135464
281,1553515200,509,429,0,938,12,-0.5079884376262435,1.0322610955574825
281,1553529600,395,294,0,689,12,-0.5079884376262435,0.4020575615621438
281,1553544000,539,465,0,1004,12,-0.5079884376262435,1.19930299613456
281,1553558400,111,98,0,209,13,-0.5084509401919294,-0.770085433015919
281,1553572800,15,11,0,26,13,-0.5084509401919294,-1.2278131136408015
281,1553587200,127,164,37,291,13,1.878657099259002,-0.564983412189469
281,1553601600,542,442,0,984,13,-0.5084509401919294,1.1683787882096754
281,1553616000,408,330,0,738,13,-0.5084509401919294,0.5530727257303255
281,1553630400,613,469,0,1082,13,-0.5084509401919294,1.4135007155388475
281,1553644800,142,123,0,265,13,-0.5084509401919294,-0.6300157602563923
281,1553659200,15,9,0,24,13,-0.5084509401919294,-1.2328156019536416
281,1553673600,110,148,38,258,13,1.9431735327576758,-0.6475244693513331
281,1553688000,527,473,0,1000,13,-0.5084509401919294,1.2083986947123975
281,1553702400,467,364,0,831,13,-0.5084509401919294,0.7856884322773968
281,1553716800,644,475,0,1119,13,-0.5084509401919294,1.506046749326392
281,1553731200,154,116,0,270,13,-0.5084509401919294,-0.6175095394742917
281,1553745600,13,15,2,28,13,-0.37941807319458176,-1.2228106253279611
281,1553760000,113,163,50,276,13,2.7173707347417615,-0.6025020745357709
281,1553774400,585,454,0,1039,13,-0.5084509401919294,1.3059472168127821
281,1553788800,465,328,0,793,13,-0.5084509401919294,0.6906411543334322
281,1553803200,634,530,0,1164,13,-0.5084509401919294,1.6186027363652975
281,1553817600,150,122,0,272,13,-0.5084509401919294,-0.6125070511614514
281,1553832000,15,13,0,28,13,-0.5084509401919294,-1.2228106253279611
281,1553846400,100,152,52,252,13,2.8464036017391092,-0.6625319342898538
281,1553860800,561,425,0,986,13,-0.5084509401919294,1.1733812765225158
281,1553875200,519,417,0,936,13,-0.5084509401919294,1.0483190687015096
281,1553889600,608,454,0,1062,13,-0.5084509401919294,1.363475832410445
281,1553904000,195,132,0,327,13,-0.5084509401919294,-0.4749386225583447
281,1553918400,20,31,11,51,13,0.2012298282934826,-1.1652820097302983
281,1553932800,13,25,12,38,13,0.26574626179215644,-1.19779818376376
281,1553947200,199,225,26,424,13,1.16897633077359,-0.23231793938559284
281,1553961600,482,360,0,842,13,-0.5084509401919294,0.8132021179980182
281,1553976000,661,315,0,976,13,-0.5084509401919294,1.1483688349583145
281,1553990400,142,122,0,264,13,-0.5084509401919294,-0.6325170044128123
281,1554004800,24,26,2,50,13,-0.37941807319458176,-1.1677832538867186
281,1554019200,10,26,16,36,13,0.5238119957868517,-1.2028006720766002
281,1554033600,140,190,50,330,13,2.7173707347417615,-0.4674348900890843
281,1554048000,290,217,0,507,13,-0.5084509401919294,-0.0247146744027227
281,1554062400,318,200,0,518,13,-0.5084509401919294,0.0027990113178986403
281,1554076800,79,69,0,148,13,-0.5084509401919294,-0.9226613265575465
281,1554091200,12,16,4,28,13,-0.25038520619723414,-1.2228106253279611
281,1554105600,145,176,31,321,13,1.4915584982669592,-0.4899460874968654
281,1554120000,525,438,0,963,13,-0.5084509401919294,1.115852660924853
281,1554134400,448,312,0,760,13,-0.5084509401919294,0.6081000971715682
281,1554148800,610,583,0,1193,13,-0.5084509401919294,1.691138816901481
281,1554163200,135,133,0,268,14,-0.5899042361903865,-0.6863869283069227
281,1554177600,14,27,13,41,14,-0.13816831338540603,-1.2155381351055157
281,1554192000,125,188,63,313,14,1.5992775435568263,-0.5814891119812103
281,1554206400,480,494,14,974,14,-0.10341939624656138,0.9593432567142522
281,1554220800,383,353,0,736,14,-0.5899042361903865,0.40455036148048507
281,1554235200,614,507,0,1121,14,-0.5899042361903865,1.302009456711579
281,1554249600,141,148,7,289,14,-0.3466618162184739,-0.6374346140215903
281,1554264000,11,13,2,24,14,-0.5204064019126972,-1.2551661990507847
281,1554278400,124,181,57,305,14,1.3907840407237584,-0.600137612661337
281,1554292800,473,551,78,1024,14,2.120511300639496,1.0758963859650437
281,1554307200,576,393,0,969,14,-0.5899042361903865,0.9476879437891731
281,1554321600,743,570,0,1313,14,-0.5899042361903865,1.7495734730346182
281,1554336000,158,131,0,289,14,-0.5899042361903865,-0.6374346140215903
281,1554350400,9,12,3,21,14,-0.48565748477385245,-1.2621593868058323
281,1554364800,121,186,65,307,14,1.6687753778345156,-0.5954754874913054
281,1554379200,439,540,101,979,14,2.9197363948329227,0.9709985696393314
281,1554393600,490,358,0,848,14,-0.5899042361903865,0.6656293710022578
281,1554408000,750,571,0,1321,14,-0.5899042361903865,1.7682219737147447
281,1554422400,193,147,0,340,14,-0.5899042361903865,-0.5185504221857831
281,1554436800,16,12,0,28,14,-0.5899042361903865,-1.2458419487107215
281,1554451200,129,179,50,308,14,1.1475416207518458,-0.5931444249062895
281,1554465600,559,464,0,1023,14,-0.5899042361903865,1.0735653233800277
281,1554480000,467,355,0,822,14,-0.5899042361903865,0.6050217437918464
281,1554494400,609,581,0,1190,14,-0.5899042361903865,1.4628527750776712
281,1554508800,170,146,0,316,14,-0.5899042361903865,-0.5744959242261629
281,1554523200,17,25,8,42,14,-0.31191289907962927,-1.2132070725205
281,1554537600,13,29,16,42,14,-0.033921561968872097,-1.2132070725205
281,1554552000,172,250,78,422,14,2.120511300639496,-0.32740329021448505
281,1554566400,505,402,0,907,14,-0.5899042361903865,0.8031620635181917
281,1554580800,712,279,0,991,14,-0.5899042361903865,0.9989713206595213
281,1554595200,161,108,0,269,14,-0.5899042361903865,-0.6840558657219068
281,1554609600,22,30,8,52,14,-0.31191289907962927,-1.1898964466703417
281,1554624000,12,50,38,62,14,0.7305546150857101,-1.1665858208201834
281,1554638400,189,277,88,466,14,2.468000472027942,-0.22483653647378862
281,1554652800,460,409,0,869,14,-0.5899042361903865,0.7145816852875903
281,1554667200,491,193,0,684,14,-0.5899042361903865,0.283335107059662
281,1554681600,83,65,0,148,14,-0.5899042361903865,-0.9661144385088221
281,1554696000,11,10,0,21,14,-0.5899042361903865,-1.2621593868058323
281,1554710400,117,141,24,258,14,0.24406977514188508,-0.7096975541570809
281,1554724800,565,543,0,1108,14,-0.5899042361903865,1.2717056431063734
281,1554739200,476,352,0,828,14,-0.5899042361903865,0.6190081193019413
281,1554753600,786,499,0,1285,14,-0.5899042361903865,1.6843037206541749
281,1554768000,173,103,0,276,15,-0.5028606708662642,-0.6471881247883822
281,1554782400,12,10,0,22,15,-0.5028606708662642,-1.2452580713945849
281,1554796800,116,178,62,294,15,2.3254653808836516,-0.6048052151863679
281,1554811200,546,495,0,1041,15,-0.5028606708662642,1.1540855332972282
281,1554825600,478,338,0,816,15,-0.5028606708662642,0.6242991632720487
281,1554840000,653,568,0,1221,15,-0.5028606708662642,1.5779146293173718
281,1554854400,148,117,0,265,15,-0.5028606708662642,-0.673088791767391
281,1554868800,12,8,0,20,15,-0.5028606708662642,-1.2499672835725866
281,1554883200,128,152,24,280,15,0.5919752201337033,-0.637769700432379
281,1554897600,539,504,0,1043,15,-0.5028606708662642,1.1587947454752299
281,1554912000,451,412,0,863,15,-0.5028606708662642,0.7349656494550862
281,1554926400,648,485,0,1133,15,-0.5028606708662642,1.3707092934853016
281,1554940800,146,126,0,272,15,-0.5028606708662642,-0.6566065491443854
281,1554955200,10,9,0,19,15,-0.5028606708662642,-1.2523218896615873
281,1554969600,127,181,54,308,15,1.9605200838836625,-0.5718407299403566
281,1554984000,581,482,0,1063,15,-0.5028606708662642,1.2058868672552459
281,1554998400,443,363,0,806,15,-0.5028606708662642,0.6007531023820407
281,1555012800,688,489,0,1177,15,-0.5028606708662642,1.4743119614013367
281,1555027200,177,130,0,307,15,-0.5028606708662642,-0.5741953360293575
281,1555041600,13,12,0,25,15,-0.5028606708662642,-1.2381942531275825
281,1555056000,114,159,45,273,15,1.549956624758675,-0.6542519430553846
281,1555070400,534,477,0,1011,15,-0.5028606708662642,1.0834473506272042
281,1555084800,463,410,0,873,15,-0.5028606708662642,0.7585117103450942
281,1555099200,776,562,0,1338,15,-0.5028606708662642,1.8534035417304653
281,1555113600,172,144,0,316,15,-0.5028606708662642,-0.5530038812283503
281,1555128000,18,31,13,49,15,0.09017543675871825,-1.1816837069915633
281,1555142400,13,55,42,68,15,1.4131021383836788,-1.136946191300548
281,1555156800,184,266,82,450,15,3.237828623383625,-0.23748666530224335
281,1555171200,506,444,0,950,15,-0.5028606708662642,0.9398163791981556
281,1555185600,766,377,0,1143,15,-0.5028606708662642,1.3942553543753096
281,1555200000,179,106,0,285,15,-0.5028606708662642,-0.625996669987375
281,1555214400,27,26,0,53,15,-0.5028606708662642,-1.1722652826355602
281,1555228800,18,70,52,88,15,1.8692837596336653,-1.0898540695205323
281,1555243200,198,259,61,457,15,2.279847218758653,-0.22100442267923776
281,1555257600,509,407,0,916,15,-0.5028606708662642,0.8597597721721285
281,1555272000,455,255,0,710,15,-0.5028606708662642,0.3747109178379641
281,1555286400,86,64,0,150,15,-0.5028606708662642,-0.9438684920024828
281,1555300800,8,9,1,17,15,-0.4572425087412655,-1.2570311018395888
281,1555315200,142,180,38,322,15,1.2306294898836843,-0.5388762446943455
281,1555329600,554,459,0,1013,15,-0.5028606708662642,1.088156562805206
281,1555344000,441,358,0,799,15,-0.5028606708662642,0.5842708597590351
281,1555345516,72,38,0,110,15,-0.5028606708662642,-1.0380527355625147
281,1555358400,595,450,0,1045,15,-0.5028606708662642,1.1635039576532316
281,1555372800,160,109,0,269,16,-0.5008622432771832,-0.697278922004804
281,1555387200,7,8,1,15,16,-0.4521673029585682,-1.2687294513085798
281,1555401600,119,180,61,299,16,2.4695291161583337,-0.6297847650004211
281,1555416000,596,432,0,1028,16,-0.5008622432771832,1.010323250206085
281,1555430400,567,448,0,1015,16,-0.5008622432771832,0.9810757821708523
281,1555444800,802,506,0,1308,16,-0.5008622432771832,1.640268715580326
281,1555459200,162,137,0,299,16,-0.5008622432771832,-0.6297847650004211
281,1555473600,11,10,0,21,16,-0.5008622432771832,-1.2552306199077032
281,1555488000,125,163,38,288,16,1.349545488830188,-0.6545326225686948
281,1555502400,569,537,0,1106,16,-0.5008622432771832,1.1858080584174806
281,1555516800,552,476,0,1028,16,-0.5008622432771832,1.010323250206085
281,1555531200,899,531,0,1430,16,-0.5008622432771832,1.9147449540648167
281,1555545600,187,159,0,346,16,-0.5008622432771832,-0.5240439190268877
281,1555560000,14,23,9,37,16,-0.06260778040964794,-1.2192337361720322
281,1555574400,118,167,49,285,16,1.8851898323349534,-0.6612820382691331
281,1555588800,566,528,0,1094,16,-0.5008622432771832,1.1588103956157274
281,1555603200,517,383,0,900,16,-0.5008622432771832,0.7223481803207177
281,1555617600,821,461,0,1282,16,-0.5008622432771832,1.5817737795098608
281,1555632000,206,158,0,364,16,-0.5008622432771832,-0.483547424824258
281,1555646400,19,11,0,30,16,-0.5008622432771832,-1.2349823728063882
281,1555660800,55,103,48,158,16,1.8364948920163384,-0.947007302921021
281,1555675200,467,443,0,910,16,-0.5008622432771832,0.744846232655512
281,1555689600,587,479,0,1066,16,-0.5008622432771832,1.0958158490783034
281,1555704000,786,432,0,1218,16,-0.5008622432771832,1.4377862445671772
281,1555718400,167,130,0,297,16,-0.5008622432771832,-0.6342843754673799
281,1555732800,20,24,4,44,16,-0.3060824820027231,-1.2034850995376762
281,1555747200,20,68,48,88,16,1.8364948920163384,-1.1044936692645813
281,1555761600,250,224,0,474,16,-0.5008622432771832,-0.23606884914152046
281,1555776000,447,334,0,781,16,-0.5008622432771832,0.4546213575366652
281,1555790400,583,266,0,849,16,-0.5008622432771832,0.6076081134132666
281,1555804800,152,124,0,276,16,-0.5008622432771832,-0.681530285370448
281,1555819200,26,35,9,61,16,-0.06260778040964794,-1.1652384105685258
281,1555833600,11,46,35,57,16,1.2034606678743431,-1.1742376315024436
281,1555848000,160,233,73,393,16,3.0538683999817144,-0.41830307305335446
281,1555862400,465,405,0,870,16,-0.5008622432771832,0.6548540233163347
281,1555876800,606,278,0,884,16,-0.5008622432771832,0.6863512965850467
281,1555891200,134,80,0,214,16,-0.5008622432771832,-0.8210182098461728
281,1555905600,15,12,0,27,16,-0.5008622432771832,-1.2417317885068266
281,1555920000,100,157,57,257,16,2.2747493548838738,-0.7242765848065572
281,1555934400,547,492,0,1039,16,-0.5008622432771832,1.0350711077743586
281,1555948800,524,340,0,864,16,-0.5008622432771832,0.6413551919154581
281,1555963200,567,477,0,1044,16,-0.5008622432771832,1.0463201339417558
281,1555977600,129,112,0,241,17,-0.4312644666111561,-0.785787014701273
281,1555992000,8,9,1,17,17,-0.4046275436734082,-1.2839127632565979
281,1556006400,114,148,34,262,17,0.47439091327227173,-0.7390877257742113
281,1556020800,596,513,0,1109,17,-0.4312644666111561,1.1444502609506106
281,1556035200,585,475,0,1060,17,-0.4312644666111561,1.0354852534541334
281,1556049600,861,592,0,1453,17,-0.4312644666111561,1.9094290890891452
281,1556064000,164,139,0,303,17,-0.4312644666111561,-0.6479129235832813
281,1556078400,11,11,0,22,17,-0.4312644666111561,-1.2727938849406308
281,1556092800,119,147,28,266,17,0.31456937564578447,-0.7301926231214376
281,1556107200,532,544,12,1076,17,-0.11162139135818155,1.071065664065228
281,1556121600,585,520,0,1105,17,-0.4312644666111561,1.1355551582978372
281,1556136000,783,549,0,1332,17,-0.4312644666111561,1.640352233842742
281,1556150400,192,188,0,380,17,-0.4312644666111561,-0.4766821975173884
281,1556164800,18,16,0,34,17,-0.4312644666111561,-1.2461085769823097
281,1556179200,102,132,30,234,17,0.36784322152128024,-0.8013534443436269
281,1556193600,567,517,0,1084,17,-0.4312644666111561,1.0888558693707753
281,1556208000,552,431,0,983,17,-0.4312644666111561,0.8642545273882405
281,1556222400,701,538,0,1239,17,-0.4312644666111561,1.4335410971657545
281,1556236800,181,159,0,340,17,-0.4312644666111561,-0.565633224045125
281,1556251200,20,26,6,46,17,-0.2714429289846688,-1.2194232690239888
281,1556265600,93,152,59,245,17,1.1403139867159686,-0.7768919120484994
281,1556280000,572,447,0,1019,17,-0.4312644666111561,0.9443104512632035
281,1556294400,506,386,0,892,17,-0.4312644666111561,0.6618909420376398
281,1556308800,595,452,0,1047,17,-0.4312644666111561,1.006576169832619
281,1556323200,136,143,7,279,17,-0.24480600604692093,-0.7012835394999233
281,1556337600,22,48,26,70,17,0.2612955297702887,-1.166052653107347
281,1556352000,25,61,36,86,17,0.5276647591477674,-1.1304722424962523
281,1556366400,241,451,210,692,17,5.162489350315898,0.21713580939895688
281,1556380800,590,453,0,1043,17,-0.4312644666111561,0.9976810671798454
281,1556395200,596,329,0,925,17,-0.4312644666111561,0.7352755389230224
281,1556409600,152,131,0,283,17,-0.4312644666111561,-0.6923884368471496
281,1556424000,25,38,13,63,17,-0.08498446842043368,-1.1816190827497008
281,1556438400,17,61,44,78,17,0.7407601426497504,-1.1482624478017995
281,1556452800,231,331,100,562,17,2.2324278271636318,-0.07195502681618698
281,1556467200,409,396,0,805,17,-0.4312644666111561,0.46842245933981275
281,1556481600,405,228,0,633,17,-0.4312644666111561,0.08593304527054545
281,1556496000,89,76,0,165,17,-0.4312644666111561,-0.9547939651039725
281,1556510400,11,8,0,19,17,-0.4312644666111561,-1.279465211930211
281,1556524800,120,194,74,314,17,1.5398678307821867,-0.6234513912881537
281,1556539200,542,525,0,1067,17,-0.4312644666111561,1.0510516830964873
281,1556553600,530,411,0,941,17,-0.4312644666111561,0.7708559495341171
281,1556568000,638,511,0,1149,17,-0.4312644666111561,1.2334012874783473
281,1556582400,153,134,0,287,18,-0.45111619549518023,-0.5885269093270901
281,1556596800,16,11,0,27,18,-0.45111619549518023,-1.1814661592261715
281,1556611200,140,189,49,329,18,0.9973395091289455,-0.492744415112623
281,1556625600,609,535,0,1144,18,-0.45111619549518023,1.3658920797633438
281,1556640000,442,372,0,814,18,-0.45111619549518023,0.6133153395068174
281,1556654400,702,500,0,1202,18,-0.45111619549518023,1.4981631432023697
281,1556668800,193,166,0,359,18,-0.45111619549518023,-0.42432834781657514
281,1556683200,17,16,0,33,18,-0.45111619549518023,-1.167782945766962
281,1556697600,135,186,51,321,18,1.0564601501340118,-0.5109886997249025
281,1556700226,144,164,20,308,18,0.14009021455548334,-0.5406356622198565
281,1556712000,437,397,0,834,18,-0.45111619549518023,0.658926051037516
281,1556726400,481,366,0,847,18,-0.45111619549518023,0.68857301353247
281,1556740800,700,493,0,1193,18,-0.45111619549518023,1.4776383230135552
281,1556755200,182,149,0,331,18,-0.45111619549518023,-0.48818334395955315
281,1556769600,22,12,0,34,18,-0.45111619549518023,-1.165502410190427
281,1556783448,116,136,20,252,18,0.14009021455548334,-0.6683456545058125
281,1556784000,25,45,20,70,18,0.14009021455548334,-1.0834031294351696
281,1556798400,574,584,10,1158,18,-0.15551299046984846,1.3978195778348328
281,1556800391,64,60,0,124,18,-0.45111619549518023,-0.9602542083022834
281,1556800487,5,2,0,7,18,-0.45111619549518023,-1.22707687075687
281,1556812800,489,406,0,895,18,-0.45111619549518023,0.7980387212061466
281,1556827200,762,551,0,1313,18,-0.45111619549518023,1.7513025921977468
281,1556841600,198,167,0,365,18,-0.45111619549518023,-0.4106451343573656
281,1556856000,21,18,0,39,18,-0.45111619549518023,-1.1540997323077524
281,1556870400,101,190,89,291,18,2.179752329230273,-0.5794047670209503
281,1556884800,569,618,49,1187,18,0.9973395091289455,1.4639551095543457
281,1556899200,569,367,0,936,18,-0.45111619549518023,0.8915406798440787
281,1556913600,700,483,0,1183,18,-0.45111619549518023,1.454832967248206
281,1556928000,227,188,0,415,18,-0.45111619549518023,-0.29661835553061916
281,1556942400,23,29,6,52,18,-0.2737542724799812,-1.1244527698127982
281,1556956800,24,49,25,73,18,0.28789181706814926,-1.0765615227055647
281,1556971200,205,389,184,594,18,4.9879827769709255,0.11159751266913308
281,1556985600,513,364,0,877,18,-0.45111619549518023,0.7569890808285179
281,1557000000,624,426,0,1050,18,-0.45111619549518023,1.1515217355690606
281,1557014400,185,140,0,325,18,-0.45111619549518023,-0.5018665574187627
281,1557028800,28,35,7,63,18,-0.24419395197744798,-1.099366878470914
281,1557043200,13,30,17,43,18,0.05140925304788381,-1.1449775900016126
281,1557057600,159,200,41,359,18,0.7608569451086801,-0.42432834781657514
281,1557072000,368,325,0,693,18,-0.45111619549518023,0.337370534746091
281,1557086400,371,274,0,645,18,-0.45111619549518023,0.22790482707241444
281,1557100800,89,84,0,173,18,-0.45111619549518023,-0.8485079650520718
281,1557115200,9,23,14,32,18,-0.03727170845971573,-1.170063481343497
281,1557129600,106,206,100,312,18,2.5049158547581376,-0.5315135199137168
281,1557144000,611,592,0,1203,18,-0.45111619549518023,1.5004436787789046
281,1557158400,553,419,0,972,18,-0.45111619549518023,0.9736399605993361
281,1557172800,735,574,0,1309,18,-0.45111619549518023,1.7421804498916071
281,1557187200,211,135,0,346,19,-0.48284625212257426,-0.5364339147921253
281,1557201600,13,14,1,27,19,-0.4542432301350593,-1.2586145408356237
281,1557216000,131,217,86,348,19,1.977013638803714,-0.5319061365724169
281,1557230400,557,567,10,1124,19,-0.19681603224742447,1.224871812674463
281,1557244800,517,406,0,923,19,-0.48284625212257426,0.7698301015937634
281,1557259200,796,525,0,1321,19,-0.48284625212257426,1.6708579673157458
281,1557273600,197,157,0,354,19,-0.48284625212257426,-0.5183228019132915
281,1557288000,15,12,0,27,19,-0.48284625212257426,-1.2586145408356237
281,1557302400,132,182,50,314,19,0.9473048472531748,-0.6088783663074606
281,1557316800,583,564,0,1147,19,-0.48284625212257426,1.2769412622011103
281,1557331200,472,414,0,886,19,-0.48284625212257426,0.686066204529157
281,1557345600,774,629,0,1403,19,-0.48284625212257426,1.8564968743237922
281,1557360000,204,143,0,347,19,-0.48284625212257426,-0.5341700256822711
281,1557374400,14,10,0,24,19,-0.48284625212257426,-1.2654062081651865
281,1557388800,127,210,83,337,19,1.891204572841169,-0.5568089167808135
281,1557403200,578,562,0,1140,19,-0.48284625212257426,1.2610940384321307
281,1557417600,528,395,0,923,19,-0.48284625212257426,0.7698301015937634
281,1557432000,713,544,0,1257,19,-0.48284625212257426,1.5259690642850752
281,1557446400,211,156,0,367,19,-0.48284625212257426,-0.4888922434851866
281,1557460800,10,11,1,21,19,-0.4542432301350593,-1.272197875494749
281,1557475200,106,154,48,260,19,0.8900988032781448,-0.7311283782395889
281,1557489600,534,565,31,1099,19,0.4038474294903901,1.1682745849281073
281,1557504000,562,417,0,979,19,-0.48284625212257426,0.8966078917456002
281,1557518400,665,472,0,1137,19,-0.48284625212257426,1.254302371102568
281,1557532800,188,134,0,322,19,-0.48284625212257426,-0.5907672534286268
281,1557547200,23,27,4,50,19,-0.36843416417251434,-1.2065450913089766
281,1557561600,21,38,17,59,19,0.0034051216651803935,-1.1861700893202884
281,1557576000,187,362,175,549,19,4.522682595692547,-0.07686442549171735
281,1557590400,478,441,0,919,19,-0.48284625212257426,0.7607745451543465
281,1557604800,759,364,0,1123,19,-0.48284625212257426,1.2226079235646088
281,1557619200,177,132,0,309,19,-0.48284625212257426,-0.6201978118567317
281,1557633600,22,25,3,47,19,-0.3970371861600293,-1.213336758638539
281,1557648000,14,84,70,98,19,1.5193652870034744,-1.0978784140359736
281,1557662400,164,231,67,395,19,1.4335562210409294,-0.42550334840926823
281,1557676800,330,239,0,569,19,-0.48284625212257426,-0.03158664329463281
281,1557691200,235,198,0,433,19,-0.48284625212257426,-0.3394755622348076
281,1557705600,99,70,0,169,19,-0.48284625212257426,-0.9371422872363235
281,1557720000,11,22,11,33,19,-0.16821301025990948,-1.2450312061764983
281,1557734400,131,183,52,314,19,1.0045108912282048,-0.6088783663074606
281,1557748800,564,504,0,1068,19,-0.48284625212257426,1.0980940225226263
281,1557763200,452,350,0,802,19,-0.48284625212257426,0.495899519301402
281,1557777600,581,533,0,1114,19,-0.48284625212257426,1.2022329215759207
281,1557792000,154,126,0,280,20,-0.3500963446053832,-0.7790774943701743
281,1557806400,8,23,15,31,20,-0.16365450428298978,-1.3067371301530435
281,1557820800,135,183,48,318,20,0.24651754442627571,-0.6985511242507002
281,1557835200,590,553,0,1143,20,-0.3500963446053832,1.0497187533431434
281,1557849600,504,368,0,872,20,-0.3500963446053832,0.47543858749110507
281,1557864000,647,612,0,1259,20,-0.3500963446053832,1.2955360937078535
281,1557878400,191,152,0,343,20,-0.3500963446053832,-0.6455732491720989
281,1557892800,11,29,18,40,20,-0.1263661362185111,-1.287665095124747
281,1557907200,130,216,86,346,20,0.7188368732430056,-0.6392159041626667
281,1557921600,656,521,0,1177,20,-0.3500963446053832,1.1217686634500412
281,1557936000,579,453,0,1032,20,-0.3500963446053832,0.8144969879941536
281,1557950400,822,573,0,1395,20,-0.3500963446053832,1.5837357341354448
281,1557964800,224,175,0,399,20,-0.3500963446053832,-0.5269028089960319
281,1557979200,10,22,12,32,20,-0.20094287234746847,-1.3046180151498994
281,1557993600,133,177,44,310,20,0.19679972034030413,-0.7155040442758527
281,1558008000,577,549,0,1126,20,-0.3500963446053832,1.0136937982896945
281,1558022400,538,396,0,934,20,-0.3500963446053832,0.6068237176860364
281,1558036800,785,510,0,1295,20,-0.3500963446053832,1.3718242338210396
281,1558051200,188,128,0,316,20,-0.3500963446053832,-0.7027893542569883
281,1558065600,18,22,4,40,20,-0.3003785205194116,-1.287665095124747
281,1558080000,120,194,74,314,20,0.5696834009850908,-0.7070275842632765
281,1558094400,542,537,0,1079,20,-0.3500963446053832,0.914095393141924
281,1558108800,552,447,0,999,20,-0.3500963446053832,0.7445661928903998
281,1558123200,739,547,0,1286,20,-0.3500963446053832,1.3527521987927429
281,1558137600,198,156,0,354,20,-0.3500963446053832,-0.6222629841375144
281,1558152000,19,35,16,54,20,-0.15122504826149688,-1.2579974850807303
281,1558166400,15,44,29,59,20,0.01035788001791073,-1.24740191006501
281,1558180800,177,328,151,505,20,1.5267515146400437,-0.30227661866276234
281,1558195200,527,566,39,1093,20,0.13465244023283968,0.9437630031859408
281,1558209600,635,479,0,1114,20,-0.3500963446053832,0.9882644182519659
281,1558224000,243,146,0,389,20,-0.3500963446053832,-0.5480939590274725
281,1558238400,26,37,11,63,20,-0.21337232836896136,-1.2389254500524338
281,1558252800,23,96,73,119,20,0.557253944963598,-1.1202550098763668
281,1558267200,206,709,503,915,20,5.901920034205542,0.5665605326262994
281,1558281600,803,502,0,1305,20,-0.3500963446053832,1.39301538385248
281,1558296000,576,366,0,942,20,-0.3500963446053832,0.6237766377111887
281,1558310400,149,101,0,250,20,-0.3500963446053832,-0.8426509444644958
281,1558324800,15,16,1,31,20,-0.33766688858389027,-1.3067371301530435
281,1558339200,125,184,59,309,20,0.38324156066269754,-0.7176231592789967
281,1558353600,506,479,0,985,20,-0.3500963446053832,0.7148985828463831
281,1558368000,505,438,0,943,20,-0.3500963446053832,0.6258957527143328
281,1558382400,799,606,0,1405,20,-0.3500963446053832,1.6049268841668853
281,1558396800,209,127,0,336,21,-0.6035620668648333,-0.5705989557264648
281,1558411200,15,19,4,34,21,-0.5030680854641475,-1.2401777469591855
281,1558425600,130,200,70,330,21,1.1550826076471683,-0.5839018456185056
281,1558440000,567,515,0,1082,21,-0.6035620668648333,1.0833936875172758
281,1558454400,571,399,0,970,21,-0.6035620668648333,0.8350730761991807
281,1558468800,784,565,0,1349,21,-0.6035620668648333,1.6753722877130919
281,1558483200,221,152,0,373,21,-0.6035620668648333,-0.48856446805887976
281,1558497600,15,15,0,30,21,-0.6035620668648333,-1.249046340220546
281,1558512000,118,201,83,319,21,1.4816880471993972,-0.608290477087247
281,1558526400,542,515,0,1057,21,-0.6035620668648333,1.0279649796337724
281,1558540800,468,442,0,910,21,-0.6035620668648333,0.7020441772787727
281,1558555200,799,572,0,1371,21,-0.6035620668648333,1.7241495506505748
281,1558569600,241,151,0,392,21,-0.6035620668648333,-0.44643865006741723
281,1558584000,15,14,0,29,21,-0.6035620668648333,-1.2512634885358862
281,1558598400,121,173,52,294,21,0.7028596913440822,-0.6637191849707504
281,1558612800,573,563,0,1136,21,-0.6035620668648333,1.203119696545643
281,1558627200,610,445,0,1055,21,-0.6035620668648333,1.0235306830030921
281,1558641600,746,511,0,1257,21,-0.6035620668648333,1.4713946427017994
281,1558656000,249,157,0,406,21,-0.6035620668648333,-0.4153985736526553
281,1558670400,17,18,1,35,21,-0.5784385715146618,-1.2379605986438453
281,1558684800,90,185,95,275,21,1.783169991401455,-0.705845002962213
281,1558699200,469,539,70,1008,21,1.1550826076471683,0.9193247121821059
281,1558713600,610,562,0,1172,21,-0.6035620668648333,1.282937035897888
281,1558728000,726,494,0,1220,21,-0.6035620668648333,1.3893601550342145
281,1558742400,213,142,0,355,21,-0.6035620668648333,-0.5284731377350023
281,1558756800,19,22,3,41,21,-0.5281915808143189,-1.2246577087518045
281,1558771200,17,40,23,57,21,-0.025721673810889863,-1.1891833357063624
281,1558785600,197,313,116,510,21,2.3107633937550554,-0.18481514885728131
281,1558800000,534,488,0,1022,21,-0.6035620668648333,0.9503647885968677
281,1558814400,623,382,0,1005,21,-0.6035620668648333,0.9126732672360854
281,1558828800,205,119,0,324,21,-0.6035620668648333,-0.5972047355105464
281,1558843200,22,31,9,53,21,-0.37745060871329017,-1.198051928967723
281,1558857600,9,35,26,44,21,0.049648812239624494,-1.2180062638057843
281,1558872000,160,273,113,433,21,2.235392907704541,-0.3555355691384717
281,1558886400,439,574,135,1013,21,2.788109805408313,0.9304104537588065
281,1558900800,683,336,0,1019,21,-0.6035620668648333,0.9437133436508474
281,1558915200,129,118,0,247,21,-0.6035620668648333,-0.7679251557917368
281,1558929600,10,22,12,32,21,-0.30208012266277584,-1.2446120435898658
281,1558944000,16,34,18,50,21,-0.15133915056174713,-1.2047033739137434
281,1558958400,164,261,97,425,21,1.8334169821017978,-0.3732727556611928
281,1558972800,419,501,82,920,21,1.4565645518492258,0.724215660432174
281,1558987200,598,333,0,931,21,-0.6035620668648333,0.7486042919009155
281,1559001600,149,82,0,231,22,-0.42291955415298205,-0.842058085388948
281,1559016000,10,11,1,21,22,-0.3999109773726385,-1.3000313426578956
281,1559030400,124,212,88,336,22,1.6018352025172533,-0.6130714567544743
281,1559044800,528,453,0,981,22,-0.42291955415298205,0.7935606905715789
281,1559059200,455,331,0,786,22,-0.42291955415298205,0.3682998088218419
281,1559073600,768,548,0,1316,22,-0.42291955415298205,1.5241370771672809
281,1559088000,172,117,0,289,22,-0.42291955415298205,-0.715570233381334
281,1559102400,12,6,0,18,22,-0.42291955415298205,-1.3065738177617376
281,1559116800,152,142,0,294,22,-0.42291955415298205,-0.7046661082082637
281,1559131200,555,557,2,1112,22,-0.37690240059229485,1.0792487701060176
281,1559145600,508,410,0,918,22,-0.42291955415298205,0.6561687133908946
281,1559160000,680,638,0,1318,22,-0.42291955415298205,1.528498727236509
281,1559174400,122,113,0,235,22,-0.42291955415298205,-0.8333347852504919
281,1559188800,8,8,0,16,22,-0.42291955415298205,-1.3109354678309657
281,1559203200,122,183,61,305,22,0.9806036294479766,-0.6806770328275094
281,1559217600,602,542,0,1144,22,-0.42291955415298205,1.1490351712136666
281,1559232000,533,393,0,926,22,-0.42291955415298205,0.6736153136678069
281,1559246400,740,596,0,1336,22,-0.42291955415298205,1.5677535778595615
281,1559260800,162,157,0,319,22,-0.42291955415298205,-0.6501454823429128
281,1559275200,10,14,4,24,22,-0.3308852470316077,-1.2934888675540535
281,1559289600,122,171,49,293,22,0.7045007080838536,-0.7068469332428777
281,1559304000,519,501,0,1020,22,-0.42291955415298205,0.8786128669215263
281,1559318400,596,511,0,1107,22,-0.42291955415298205,1.0683446449329475
281,1559332800,770,509,0,1279,22,-0.42291955415298205,1.4434465508865615
281,1559347200,236,145,0,381,22,-0.42291955415298205,-0.5149343301968426
281,1559361600,26,25,0,51,22,-0.42291955415298205,-1.2346065916194744
281,1559376000,20,68,48,88,22,0.68149213130351,-1.153916065338755
281,1559390400,221,398,177,619,22,3.6495985359678325,0.0041020280412978885
281,1559404800,565,484,0,1049,22,-0.42291955415298205,0.9418567929253333
281,1559419200,586,420,0,1006,22,-0.42291955415298205,0.8480813164369297
281,1559433600,259,150,0,409,22,-0.42291955415298205,-0.4538712292276496
281,1559448000,28,24,0,52,22,-0.42291955415298205,-1.2324257665848604
281,1559462400,11,181,170,192,22,3.4885384985054273,-0.9271102617388954
281,1559476800,206,330,124,536,22,2.4301439666096223,-0.1769064498316671
281,1559491200,560,554,0,1114,22,-0.42291955415298205,1.0836104201752457
281,1559505600,597,290,0,887,22,-0.42291955415298205,0.5885631373178595
281,1559520000,145,85,0,230,22,-0.42291955415298205,-0.844238910423562
281,1559534400,13,20,7,33,22,-0.26185951669057694,-1.2738614422425272
281,1559548800,134,175,41,309,22,0.5204320938411049,-0.6719537326890532
281,1559563200,534,502,0,1036,22,-0.42291955415298205,0.9135060674753508
281,1559577600,528,375,0,903,22,-0.42291955415298205,0.6234563378716841
281,1559592000,754,646,0,1400,22,-0.42291955415298205,1.70732638007486
281,1559606400,198,123,0,321,23,-0.5690739574934656,-0.6633583479595284
281,1559620800,14,34,20,48,23,0.0013581717362612497,-1.228655027090257
281,1559635200,135,222,87,357,23,1.9123058046558463,-0.5888137309313005
281,1559649600,568,550,0,1118,23,-0.5690739574934656,0.9869766456931846
281,1559664000,549,477,0,1026,23,-0.5690739574934656,0.7964737355099354
281,1559678400,759,619,0,1378,23,-0.5690739574934656,1.5253544353414974
281,1559692800,254,178,0,432,23,-0.5690739574934656,-0.4335124454558256
281,1559707200,16,17,1,33,23,-0.5405523510319793,-1.259715284185352
281,1559721600,138,190,52,328,23,0.9140495785038243,-0.6488635613151508
281,1559736000,606,523,0,1129,23,-0.5690739574934656,1.009754167562921
281,1559750400,483,399,0,882,23,-0.5690739574934656,0.49829526739702357
281,1559764800,782,565,0,1347,23,-0.5690739574934656,1.461163237344968
281,1559779200,249,130,0,379,23,-0.5690739574934656,-0.5432586871918279
281,1559793600,18,9,0,27,23,-0.5690739574934656,-1.27213938702339
281,1559808000,126,189,63,315,23,1.227787249580174,-0.6757824507975664
281,1559822400,458,562,104,1020,23,2.3971731145011144,0.7840496326718973
281,1559836800,863,937,74,1800,23,1.5415249206565238,2.399183001616836
281,1559851200,781,610,0,1391,23,-0.5690739574934656,1.5522733248239131
281,1559865600,304,182,0,486,23,-0.5690739574934656,-0.3216955199134837
281,1559880000,14,14,0,28,23,-0.5690739574934656,-1.2700687032170503
281,1559894400,126,168,42,294,23,0.6288335138889608,-0.7192668107306994
281,1559908800,527,583,56,1110,23,1.0281360043497696,0.9704111752424672
281,1559923200,575,499,0,1074,23,-0.5690739574934656,0.8958665582142392
281,1559937600,778,588,0,1366,23,-0.5690739574934656,1.5005062296654215
281,1559952000,267,169,0,436,23,-0.5690739574934656,-0.42522971023046696
281,1559966400,22,26,4,48,23,-0.45498753164752026,-1.228655027090257
281,1559980800,16,96,80,112,23,1.7126545594254419,-1.0961312634845184
281,1559995200,230,321,91,551,23,2.026392230501792,-0.1871010725014055
281,1560009600,475,465,0,940,23,-0.5690739574934656,0.6183949281647242
281,1560024000,572,369,0,941,23,-0.5690739574934656,0.6204656119710639
281,1560038400,231,119,0,350,23,-0.5690739574934656,-0.6033085175756782
281,1560052800,26,21,0,47,23,-0.5690739574934656,-1.2307257108965965
281,1560067200,12,36,24,48,23,0.11544459758220663,-1.228655027090257
281,1560081600,145,276,131,421,23,3.1672564889612453,-0.45628996732556193
281,1560096000,525,459,0,984,23,-0.5690739574934656,0.7095050156436694
281,1560110400,583,285,0,868,23,-0.5690739574934656,0.4693056941082683
281,1560124800,161,89,0,250,23,-0.5690739574934656,-0.8103768982096446
281,1560139200,14,9,0,23,23,-0.5690739574934656,-1.2804221222487486
281,1560153600,136,145,9,281,23,-0.3123794993400885,-0.746185700213115
281,1560168000,552,500,0,1052,23,-0.5690739574934656,0.8503115144747666
281,1560182400,397,337,0,734,23,-0.5690739574934656,0.19183406405875317
281,1560196800,586,576,0,1162,23,-0.5690739574934656,1.0780867331721298
281,1560211200,156,130,0,286,24,-0.5205488991349223,-0.8597077100661127
281,1560225600,22,13,0,35,24,-0.5205488991349223,-1.390167532399234
281,1560240000,144,187,43,331,24,1.5779138505027335,-0.7646053514804934
281,1560254400,575,548,0,1123,24,-0.5205488991349223,0.9091961596264074
281,1560268800,551,484,0,1035,24,-0.5205488991349223,0.7232182139478629
281,1560283200,766,573,0,1339,24,-0.5205488991349223,1.3656874808373802
281,1560297600,236,181,0,417,24,-0.5205488991349223,-0.5828541772946431
281,1560312000,13,12,0,25,24,-0.5205488991349223,-1.411301389862705
281,1560326400,131,191,60,322,24,2.407538658499016,-0.7836258231976172
281,1560340800,544,598,54,1142,24,2.114729902735622,0.9493504888070022
281,1560355200,547,449,0,996,24,-0.5205488991349223,0.6407961698403261
281,1560369600,802,606,0,1408,24,-0.5205488991349223,1.51151109733533
281,1560384000,362,194,0,556,24,-0.5205488991349223,-0.28909355855239655
281,1560398400,16,16,0,32,24,-0.5205488991349223,-1.3965076896382753
281,1560412800,126,163,37,289,24,1.2851050947393396,-0.8533675528270714
281,1560427200,563,477,0,1040,24,-0.5205488991349223,0.7337851426795984
281,1560441600,493,402,0,895,24,-0.5205488991349223,0.4273442094592693
281,1560456000,736,529,0,1265,24,-0.5205488991349223,1.209296935607695
281,1560470400,206,184,0,390,24,-0.5205488991349223,-0.6399155924460146
281,1560484800,14,21,7,35,24,-0.17893868407762953,-1.390167532399234
281,1560499200,104,159,55,263,24,2.163531362029521,-0.908315582232096
281,1560513600,548,519,0,1067,24,-0.5205488991349223,0.7908465578309699
281,1560528000,556,451,0,1007,24,-0.5205488991349223,0.6640434130501441
281,1560542400,776,553,0,1329,24,-0.5205488991349223,1.3445536233739093
281,1561161600,7787,9290,1503,17077,25,4.063417457424082,4.097413165145371
281,1561176000,35,33,0,68,25,-0.343015759392942,-0.37619821746916265
281,1561190400,17,45,28,62,25,-0.2609265178288191,-0.3777763036762111
281,1561204800,190,349,159,539,25,0.1231338623461843,-0.2523184502158588
281,1561219200,558,548,0,1106,25,-0.343015759392942,-0.10318930364977963
281,1561233600,724,411,0,1135,25,-0.343015759392942,-0.09556188698237875
281,1561248000,256,135,0,391,25,-0.343015759392942,-0.2912445766563874
281,1561262400,32,41,9,73,25,-0.31662993174733106,-0.3748831456299556
281,1561276800,14,86,72,100,25,-0.1319291382280546,-0.36778175769823757
281,1561291200,180,373,193,553,25,0.2228136556740478,-0.24863624906607906
281,1561305600,438,548,110,986,25,-0.020522310391030717,-0.13475102779074877
281,1561320000,560,357,0,917,25,-0.343015759392942,-0.152899019171806
281,1561334400,251,105,0,356,25,-0.343015759392942,-0.30045007953083674
281,1561348800,26,16,0,42,25,-0.343015759392942,-0.3830365910330393
281,1561363200,124,154,30,278,25,-0.2550630005742389,-0.32096520022246666
281,1561377600,519,484,0,1003,25,-0.343015759392942,-0.1302797835374448
281,1561392000,475,477,2,952,25,-0.33715224213836176,-0.1436935162973567
281,1561406400,712,620,0,1332,25,-0.343015759392942,-0.043748056517621085
281,1561420800,228,153,0,381,26,-0.4759446990680914,-0.5161873956460773
281,1561435200,14,9,0,23,26,-0.4759446990680914,-1.2945060559884778
281,1561449600,131,155,24,286,26,0.5051437603606124,-0.7227244703179434
281,1561464000,535,436,0,971,26,-0.4759446990680914,0.7665165417897225
281,1561478400,512,361,0,873,26,-0.4759446990680914,0.5534572437071659
281,1561492800,736,587,0,1323,26,-0.4759446990680914,1.531790755310742
281,1561507200,193,169,0,362,26,-0.4759446990680914,-0.5574948105804506
281,1561521600,18,37,19,55,26,0.30075033131296575,-1.2249356729411125
281,1561536000,119,141,22,260,26,0.42338638874155377,-0.7792504065439279
281,1561550400,651,538,0,1189,26,-0.4759446990680914,1.2404647762998993
281,1561564800,483,497,14,980,26,0.09635690226531915,0.786083212021794
281,1561579200,795,794,0,1589,26,-0.4759446990680914,2.110094564391967
281,1561593600,266,181,0,447,26,-0.4759446990680914,-0.3726984806108862
281,1561608000,13,13,0,26,26,-0.4759446990680914,-1.2879838325777875
281,1561622400,111,154,43,265,26,1.2818387907416695,-0.768380034192777
281,1561636800,526,552,26,1078,26,0.5869011319796711,0.9991425101043505
281,1561651200,499,455,0,954,26,-0.4759446990680914,0.7295572757958095
281,1561665600,770,540,0,1310,26,-0.4759446990680914,1.5035277871977497
281,1561680000,213,166,0,379,26,-0.4759446990680914,-0.5205355445865377
281,1561694400,23,24,1,47,26,-0.4350660132585621,-1.2423282687029538
281,1561708800,103,144,41,247,26,1.200081419122611,-0.80751337465692
281,1561723200,535,518,0,1053,26,-0.4759446990680914,0.9447906483485963
281,1561737600,553,423,0,976,26,-0.4759446990680914,0.7773869141408734
281,1561752000,757,497,0,1254,26,-0.4759446990680914,1.3817796168648604
281,1561766400,186,146,0,332,26,-0.4759446990680914,-0.6227170446873557
281,1561780800,23,34,11,57,26,-0.02627915516326883,-1.220587524000652
281,1561795200,20,123,103,143,26,3.7345599393134292,-1.0336171195608577
281,1561809600,334,303,0,637,26,-0.4759446990680914,0.04037566873284596
281,1561824000,512,513,1,1025,26,-0.4350660132585621,0.8839165631821516
281,1561838400,582,298,0,880,26,-0.4759446990680914,0.568675764998777
281,1561852800,173,135,0,308,26,-0.4759446990680914,-0.6748948319728797
281,1561867200,31,25,0,56,26,-0.4759446990680914,-1.2227615984708824
281,1561881600,16,34,18,50,26,0.25987164550343644,-1.2358060452922632
281,1561896000,138,251,113,389,26,4.143346797408722,-0.498794799884236
281,1561910400,498,400,0,898,26,-0.4759446990680914,0.6078091054629201
281,1561924800,474,383,0,857,26,-0.4759446990680914,0.5186720521834832
281,1561939200,232,126,0,358,26,-0.4759446990680914,-0.5661911084613712
281,1561953600,15,20,5,35,26,-0.27155127002044477,-1.2684171623457159
281,1561968000,121,146,25,267,26,0.5460224461701417,-0.7640318852523166
281,1561982400,484,507,23,991,26,0.46426507455108307,0.8099980311943259
281,1561996800,547,376,0,923,26,-0.4759446990680914,0.6621609672186743
281,1562011200,850,590,0,1440,26,-0.4759446990680914,1.7861574683276717
281,1562025600,229,145,0,374,27,-0.5352336074124522,-0.2176278864619191
281,1562040000,16,22,6,38,27,-0.3999488841748013,-1.0961075013791395
281,1562054400,129,161,32,290,27,0.186284916521686,-0.43724779019122423
281,1562068800,509,457,0,966,27,-0.5352336074124522,1.330169530296993
281,1562083200,542,379,0,921,27,-0.5352336074124522,1.212516010442008
281,1562097600,688,583,0,1271,27,-0.5352336074124522,2.127598942647446
281,1562112000,188,158,0,346,27,-0.5352336074124522,-0.29083452103835417
281,1562126400,22,14,0,36,27,-0.5352336074124522,-1.1013365467060277
281,1562140800,106,134,28,240,27,0.09609510102991872,-0.5679739233634297
281,1562155200,494,486,0,980,27,-0.5352336074124522,1.3667728475852106
281,1562169600,529,430,0,959,27,-0.5352336074124522,1.3118678716528842
281,1562184000,714,413,0,1127,27,-0.5352336074124522,1.7511076791114946
281,1562198400,201,148,0,349,27,-0.5352336074124522,-0.2829909530480218
281,1562212800,15,19,4,34,27,-0.44504379192068494,-1.1065655920329158
281,1562227200,20,36,16,56,27,-0.17447434544538312,-1.0490460934371455
281,1562241600,149,227,78,376,27,1.2234677946770096,-0.2123988411350309
281,1562256000,395,410,15,805,27,-0.19702179931832492,0.9092313814824916
281,1562270400,544,269,0,813,27,-0.5352336074124522,0.9301475627900444
281,1562284800,161,115,0,276,27,-0.5352336074124522,-0.4738511074794417
281,1562299200,16,28,12,44,27,-0.2646641609371504,-1.0804203653984747
281,1562313600,42,90,48,132,27,0.5470441784887551,-0.8503423710153933
281,1562328000,254,333,79,587,27,1.2460152485499514,0.3392654408516759
281,1562342400,405,443,38,848,27,0.32156963975933694,1.0216558560105882
281,1562356800,636,418,0,1054,27,-0.5352336074124522,1.5602475246800747
281,1562371200,159,109,0,268,27,-0.5352336074124522,-0.4947672887869946
281,1562385600,20,28,8,48,27,-0.3548539764289177,-1.0699622747446984
281,1562400000,9,15,6,24,27,-0.3999488841748013,-1.1327108186673571
281,1562414400,72,280,208,352,27,4.154636798159446,-0.2751473850576895
281,1562428800,158,273,115,431,27,2.057723587975857,-0.06860009464560494
281,1562443200,221,161,0,382,27,-0.5352336074124522,-0.19671170515436626
281,1562457600,76,74,0,150,27,-0.5352336074124522,-0.8032809630733994
281,1562472000,15,17,2,32,27,-0.4901386996665686,-1.1117946373598042
281,1562486400,8,15,7,23,27,-0.37740143030185946,-1.135325341330801
281,1562500800,46,152,106,198,27,1.8547965031193805,-0.6777838752280821
281,1562515200,136,271,135,407,27,2.5086726654346934,-0.13134863856826354
281,1562529600,257,275,18,532,27,-0.12937943769949947,0.19546669436225
281,1562544000,114,88,0,202,27,-0.5352336074124522,-0.6673257845743057
281,1562558400,13,9,0,22,27,-0.5352336074124522,-1.1379398639942453
281,1562572800,110,146,36,256,27,0.2764747320134533,-0.5261415607483239
281,1562587200,548,467,0,1015,27,-0.5352336074124522,1.4582811408057545
281,1562601600,463,325,0,788,27,-0.5352336074124522,0.8647844962039417
281,1562616000,684,468,0,1152,27,-0.5352336074124522,1.8164707456975973
281,1562630400,185,142,0,327,28,-0.5162036056035496,-0.5566521965143184
281,1562644800,11,15,4,26,28,-0.4083401656266885,-1.24888090675768
281,1562659200,111,159,48,270,28,0.7781576741187838,-0.6877386964607357
281,1562673600,552,489,0,1041,28,-0.5162036056035496,1.08537869755133
281,1562688000,496,363,0,859,28,-0.5162036056035496,0.6668218029855765
281,1562702400,695,608,0,1303,28,-0.5162036056035496,1.6879166446734588
281,1562716800,229,148,0,377,28,-0.5162036056035496,-0.44166403866658394
281,1562731200,14,11,0,25,28,-0.5162036056035496,-1.2511806699146348
281,1562745600,131,159,28,290,28,0.2388404742344782,-0.641743433321642
281,1562760000,542,490,0,1032,28,-0.5162036056035496,1.0646808291387377
281,1562774400,504,400,0,904,28,-0.5162036056035496,0.7703111450485375
281,1562788800,715,613,0,1328,28,-0.5162036056035496,1.745410723597326
281,1562803200,284,179,0,463,28,-0.5162036056035496,-0.24388440716848064
281,1562817600,23,14,0,37,28,-0.5162036056035496,-1.2235835120311784
281,1562832000,114,142,28,256,28,0.2388404742344782,-0.7199353806581014
281,1562846400,530,462,0,992,28,-0.5162036056035496,0.9726903028605502
281,1562860800,516,399,0,915,28,-0.5162036056035496,0.7956085397750391
281,1562875200,599,500,0,1099,28,-0.5162036056035496,1.218764960654702
281,1562889600,137,165,28,302,28,0.2388404742344782,-0.6141462754381857
281,1562904000,13,14,1,27,28,-0.48923774560933436,-1.2465811436007255
281,1562918400,102,139,37,241,28,0.48153321418241574,-0.7544318280124218
281,1562932800,507,470,0,977,28,-0.5162036056035496,0.9381938555062299
281,1562947200,577,466,0,1043,28,-0.5162036056035496,1.0899782238652393
281,1562961600,733,572,0,1305,28,-0.5162036056035496,1.6925161709873682
281,1562976000,209,164,0,373,28,-0.5162036056035496,-0.4508630912944027
281,1562990400,36,31,0,67,28,-0.5162036056035496,-1.1545906173225378
281,1563004800,19,83,64,102,28,1.2096114340262283,-1.0740989068291236
281,1563019200,180,312,132,492,28,3.0432899136328673,-0.17719127561679465
281,1563033600,324,482,158,806,28,3.7444022734824647,0.5449343556669779
281,1563048000,552,520,0,1072,28,-0.5162036056035496,1.1566713554169255
281,1563062400,11,14,3,25,28,-0.4353060256209038,-1.2511806699146348
281,1563076800,17,14,0,31,28,-0.5162036056035496,-1.2373820909729065
281,1563091200,11,34,23,45,28,0.10401117426340181,-1.205185406775541
281,1563105600,148,241,93,389,28,1.9916213738584716,-0.4140668807831277
281,1563120000,304,379,75,683,28,1.5062358939625964,0.2620634873615511
281,1563134400,404,270,0,674,28,-0.5162036056035496,0.2413656189489589
281,1563148800,160,84,0,244,28,-0.5162036056035496,-0.7475325385415577
281,1563163200,32,12,0,44,28,-0.5162036056035496,-1.2074851699324956
281,1563177600,105,181,76,286,28,1.5332017539568117,-0.6509424859494607
281,1563192000,500,506,6,1006,28,-0.35440844563825796,1.0048869870579158
281,1563206400,485,369,0,854,28,-0.5162036056035496,0.6553229872008031
281,1563220800,724,544,0,1268,28,-0.5162036056035496,1.6074249341800446
281,1563235200,190,132,0,322,29,-0.5030533962838504,-0.5171851938167819
281,1563249600,16,15,0,31,29,-0.5030533962838504,-1.1468333100463572
281,1563264000,118,160,42,278,29,0.8856573878236802,-0.6123897199820785
281,1563278400,519,572,53,1091,29,1.2493673550899382,1.1467302748448798
281,1563292800,524,406,0,930,29,-0.5030533962838504,0.7983682586491353
281,1563307200,765,536,0,1301,29,-0.5030533962838504,1.6011155133610682
281,1563321600,181,152,0,333,29,-0.5030533962838504,-0.4933840622754577
281,1563336000,18,18,0,36,29,-0.5030533962838504,-1.13601461389121
281,1563350400,120,131,11,251,29,-0.13934342901759234,-0.6708106792198741
281,1563364800,522,476,0,998,29,-0.5030533962838504,0.9455025263591391
281,1563379200,530,355,0,885,29,-0.5030533962838504,0.7009999932528092
281,1563393600,695,527,0,1222,29,-0.5030533962838504,1.43018011410974
281,1563408000,203,145,0,348,29,-0.5030533962838504,-0.46092797381001566
281,1563422400,14,14,0,28,29,-0.5030533962838504,-1.1533245277394457
281,1563436800,122,150,28,272,29,0.42275379312117006,-0.6253721553682553
281,1563451200,555,470,0,1025,29,-0.5030533962838504,1.0039234855969348
281,1563465600,500,363,0,863,29,-0.5030533962838504,0.6533977301701609
281,1563480000,704,534,0,1238,29,-0.5030533962838504,1.4647999418062116
281,1563494400,180,186,6,366,29,-0.30466614141134596,-0.42198066765148523
281,1563508800,18,19,1,37,29,-0.46998885380509964,-1.1338508746601805
281,1563523200,95,186,91,281,29,2.505819969282466,-0.6058985022889901
281,1563537600,519,538,19,1057,29,0.1251729108124135,1.0731631409898779
281,1563552000,543,497,0,1040,29,-0.5030533962838504,1.036379574062377
281,1563566400,1113,850,0,1963,29,-0.5030533962838504,3.0335108843025766
281,1563580800,271,192,0,463,29,-0.5030533962838504,-0.21209796224162675
281,1563595200,29,25,0,54,29,-0.5030533962838504,-1.0970673077326796
281,1563609600,14,46,32,60,29,0.555011963036173,-1.0840848723465026
281,1563624000,127,249,122,376,29,3.530820786123739,-0.4003432753411905
281,1563638400,268,302,34,570,29,0.6211410479936744,0.019422135478526434
281,1563652800,304,233,0,537,29,-0.5030533962838504,-0.05198125914544604
281,1563667200,133,111,0,244,29,-0.5030533962838504,-0.6859568538370805
281,1563681600,29,19,0,48,29,-0.5030533962838504,-1.1100497431188563
281,1563696000,12,39,27,51,29,0.3896892506424193,-1.103558525425768
281,1563710400,91,213,122,304,29,3.530820786123739,-0.5561324999753123
281,1563724800,242,266,24,508,29,0.2904956232061671,-0.11472969684530064
281,1563739200,307,232,0,539,29,-0.5030533962838504,-0.047653780683387104
281,1563753600,148,97,0,245,29,-0.5030533962838504,-0.683793114606051
281,1563768000,17,17,0,34,29,-0.5030533962838504,-1.140342092353269
281,1563782400,106,133,27,239,29,0.3896892506424193,-0.6967755499922278
281,1563796800,569,460,0,1029,29,-0.5030533962838504,1.0125784425210527
281,1563811200,512,398,0,910,29,-0.5030533962838504,0.7550934740285459
281,1563825600,583,573,0,1156,29,-0.5030533962838504,1.2873733248617953
281,1563840000,110,114,4,224,30,-0.39063134637571373,-0.6818273925819685
281,1563854400,6,7,1,13,30,-0.4523099800139843,-1.1503408640297512
281,1563868800,129,139,10,268,30,-0.26727407909917256,-0.5841279009056535
281,1563883200,570,541,0,1111,30,-0.47286952456007453,1.2877055418928343
281,1563897600,493,405,0,898,30,-0.47286952456007453,0.8147511844597644
281,1563912000,756,539,0,1295,30,-0.47286952456007453,1.696267052539242
281,1563926400,174,131,0,305,30,-0.47286952456007453,-0.5019715101778432
281,1563940800,10,14,4,24,30,-0.39063134637571373,-1.1259159911106724
281,1563955200,118,170,52,288,30,0.5962267918366158,-0.5397190410527831
281,1563969600,567,486,0,1053,30,-0.47286952456007453,1.15891984831951
281,1563984000,519,409,0,928,30,-0.47286952456007453,0.8813644742390699
281,1563998400,780,586,0,1366,30,-0.47286952456007453,1.853918505016932
281,1564012800,228,150,0,378,30,-0.47286952456007453,-0.33987917171486626
281,1564027200,23,15,0,38,30,-0.47286952456007453,-1.0948297892136631
281,1564041600,132,159,27,291,30,0.08223817818436079,-0.5330577120748525
281,1564056000,524,569,45,1093,30,0.4523099800139843,1.247737568025251
281,1564070400,615,436,0,1051,30,-0.47286952456007453,1.154478962334223
281,1564084800,785,635,0,1420,30,-0.47286952456007453,1.973822426619682
281,1564099200,207,154,0,361,30,-0.47286952456007453,-0.3776267025898061
281,1564113600,24,15,0,39,30,-0.47286952456007453,-1.0926093462210196
281,1564127435,74,134,60,208,30,0.7607031482053372,-0.7173544804642648
281,1564128000,14,21,7,35,30,-0.32895271273744314,-1.1014911181915938
281,1564129036,40,31,0,71,30,-0.47286952456007453,-1.021555170456427
281,1564142400,490,504,14,994,30,-0.18503590091481179,1.0279137117535424
281,1564156800,555,444,0,999,30,-0.47286952456007453,1.03901592671676
281,1564171200,801,470,0,1271,30,-0.47286952456007453,1.6429764207157975
281,1564185600,225,151,0,376,30,-0.47286952456007453,-0.3443200577001533
281,1564200000,17,26,9,43,30,-0.28783362364526277,-1.0837275742504455
281,1564214400,9,30,21,39,30,-0.04111908909218039,-1.0926093462210196
281,1564228800,79,209,130,288,30,2.199871266431651,-0.5397190410527831
281,1564243200,198,454,256,652,30,4.790373879239016,0.26852220826945833
281,1564257600,335,382,47,717,30,0.49342906910616474,0.41285100279128717
281,1564272000,123,105,0,228,30,-0.47286952456007453,-0.6729456206113943
281,1564286400,21,32,11,53,30,-0.24671453455308237,-1.0615231443240103
281,1564300800,7,31,24,38,30,0.020559544546090196,-1.0948297892136631
281,1564315200,53,166,113,219,30,1.8503590091481177,-0.692929607545186
281,1564329600,186,320,134,506,30,2.2821094446160117,-0.055662468656495635
281,1564344000,324,273,0,597,30,-0.47286952456007453,0.14639784367406472
281,1564358400,174,95,0,269,30,-0.47286952456007453,-0.58190745791301
281,1564372800,8,15,7,23,30,-0.32895271273744314,-1.128136434103316
281,1564387200,112,148,36,260,30,0.26727407909917256,-0.6018914448468017
281,1564401600,527,505,0,1032,30,-0.47286952456007453,1.1122905454739962
281,1564416000,446,391,0,837,30,-0.47286952456007453,0.6793041619085096
281,1564430400,677,491,0,1168,30,-0.47286952456007453,1.414270792473515
281,1564444800,174,106,0,280,31,-0.4773698987834086,-0.7130901192382009
281,1564459200,10,6,0,16,31,-0.4773698987834086,-1.2766627197617462
281,1564472461,88,126,38,214,31,1.227522596871622,-0.8539832693690872
281,1564473600,37,71,34,108,31,1.0480602289079346,-1.0802662074580864
281,1564488000,586,536,0,1122,31,-0.4773698987834086,1.084364917280076
281,1564502400,525,373,0,898,31,-0.4773698987834086,0.6061821047146436
281,1564516800,753,618,0,1371,31,-0.4773698987834086,1.6159163473193288
281,1564531200,186,114,0,300,31,-0.4773698987834086,-0.6703952252591444
281,1564545600,14,7,0,21,31,-0.4773698987834086,-1.265988996266982
281,1564560000,102,163,61,265,31,2.259431212662825,-0.7451112897224932
281,1564574400,589,517,0,1106,31,-0.4773698987834086,1.0502090020968309
281,1564588800,513,341,0,854,31,-0.4773698987834086,0.5122533379607195
281,1564603200,616,513,0,1129,31,-0.4773698987834086,1.0993081301727456
281,1564617600,194,130,0,324,31,-0.4773698987834086,-0.6191613524842766
281,1564632000,13,7,0,20,31,-0.4773698987834086,-1.2681237409659347
281,1564646400,92,152,60,244,31,2.2145656206719027,-0.7899409284005025
281,1564660800,557,466,0,1023,31,-0.4773698987834086,0.8730251920837465
281,1564675200,505,375,0,880,31,-0.4773698987834086,0.5677567001334929
281,1564689600,779,505,0,1284,31,-0.4773698987834086,1.4301935585104333
281,1564704000,206,100,0,306,31,-0.4773698987834086,-0.6575867570654275
281,1564718400,21,17,0,38,31,-0.4773698987834086,-1.229698336384784
281,1564732800,89,162,73,251,31,2.797818316553887,-0.7749977155078327
281,1564747200,520,495,0,1015,31,-0.4773698987834086,0.855947234492124
281,1564761600,550,500,0,1050,31,-0.4773698987834086,0.9306632989554727
281,1564776000,749,483,0,1232,31,-0.4773698987834086,1.3191868341648865
281,1565395200,9273,9482,209,18755,32,2.940822265381554,4.105928801363141
281,1565409600,28,28,0,56,32,-0.5747078783634113,-0.3506391696797765
281,1565424000,16,48,32,64,32,-0.0364448898474358,-0.3487325145769184
281,1565438400,158,327,169,485,32,2.2679935297365845,-0.24839478978901167
281,1565452800,437,448,11,885,32,-0.3896799760610447,-0.1530620346461074
281,1565467200,613,397,0,1010,32,-0.5747078783634113,-0.12327054866394982
281,1565481600,253,123,0,376,32,-0.5747078783634113,-0.2743729655654531
281,1565496000,22,29,7,51,32,-0.4569628496255417,-0.3518308291190628
281,1565510400,18,42,24,60,32,-0.17101063697642968,-0.34968584212834747
281,1565524800,154,241,87,395,32,0.888694621664397,-0.2698446596961651
281,1565539200,420,449,29,869,32,-0.08690704502080851,-0.15687534485182358
281,1565553600,525,314,0,839,32,-0.5747078783634113,-0.16402530148754138
281,1565568000,218,101,0,319,32,-0.5747078783634113,-0.28795788317331694
281,1565582400,13,13,0,26,32,-0.5747078783634113,-0.3577891263154943
281,1565596800,112,159,47,271,32,0.21586588601942772,-0.29939781379046543
281,1565611200,486,472,0,958,32,-0.5747078783634113,-0.13566380683252738
281,1565625600,461,379,0,840,32,-0.5747078783634113,-0.16378696959968414
281,1565640000,733,498,0,1231,32,-0.5747078783634113,-0.07059920144749521
281,1565654400,168,139,0,307,33,-0.39042701446311184,-0.7204461587133331
281,1565668800,13,13,0,26,33,-0.39042701446311184,-1.218494596305262
281,1565682478,91,153,62,244,33,0.4326679588408829,-0.8321082639385698
281,1565683200,28,35,7,63,33,-0.29749693683201567,-1.1529152646650436
281,1565697600,536,452,0,988,33,-0.39042701446311184,0.4865680263404165
281,1565705928,237,205,0,442,33,-0.39042701446311184,-0.48117021894496864
281,1565712000,221,158,0,379,33,-0.39042701446311184,-0.5928323241702054
281,1565726400,703,382,0,1085,33,-0.39042701446311184,0.658492220099908
281,1565740800,164,158,0,322,33,-0.39042701446311184,-0.6938599431835148
281,1565755200,15,14,0,29,33,-0.39042701446311184,-1.2131773531992984
281,1565769600,115,145,30,260,33,0.0078447468130146,-0.803749634040097
281,1565784000,537,527,0,1064,33,-0.39042701446311184,0.6212715183581624
281,1565798400,482,389,0,871,33,-0.39042701446311184,0.27919554520783396
281,1565812800,675,474,0,1149,33,-0.39042701446311184,0.7719267396937993
281,1565827200,209,153,0,362,33,-0.39042701446311184,-0.6229633684373328
281,1565841600,11,13,2,24,33,-0.3638755637113701,-1.2220394250425712
281,1565856000,98,151,53,249,33,0.3131864304580449,-0.823246192095297
281,1565870400,515,463,0,978,33,-0.39042701446311184,0.468843882653871
281,1565884800,482,394,0,876,33,-0.39042701446311184,0.2880576170511067
281,1565899200,752,592,0,1344,33,-0.39042701446311184,1.1175475415814369
281,1565913600,332,181,0,513,33,-0.39042701446311184,-0.35532879877049545
281,1565928000,17,19,2,36,33,-0.3638755637113701,-1.2007704526187166
281,1565942400,89,185,96,274,33,0.8840426216204929,-0.7789358328789333
281,1565956800,485,401,0,886,33,-0.39042701446311184,0.30578176073765223
281,1565971200,510,431,0,941,33,-0.39042701446311184,0.4032645510136526
281,1565985600,716,499,0,1215,33,-0.39042701446311184,0.8889060880249997
281,1566000000,236,143,0,379,33,-0.39042701446311184,-0.5928323241702054
281,1566014400,71,74,3,145,33,-0.35059983833549924,-1.0075772864353705
281,1566028800,62,171,109,233,33,1.0566270515068144,-0.8516048219937699
281,1566043200,457,860,403,1317,33,4.959690312012853,1.069692353627764
281,1566057600,1068,964,0,2032,33,-0.39042701446311184,2.3369686272157684
281,1566072000,1247,856,0,2103,33,-0.39042701446311184,2.4628100473902417
281,1566086400,525,396,0,921,33,-0.39042701446311184,0.3678162636405616
281,1566100800,76,89,13,165,33,-0.2178425845767904,-0.9721289990622795
281,1566115200,63,313,250,376,33,2.9285043295046087,-0.5981495672761691
281,1566129600,489,661,172,1150,33,1.89299775018668,0.7736991540624538
281,1566144000,851,890,39,1741,33,0.12732627519585255,1.8211960459372938
281,1566158400,994,981,0,1975,33,-0.39042701446311184,2.2359410082024587
281,1566172800,439,309,0,748,33,-0.39042701446311184,0.06118857786332414
281,1566187200,51,41,0,92,33,-0.39042701446311184,-1.1015152479740618
281,1566201600,97,150,53,247,33,0.3131864304580449,-0.8267910208326061
281,1566216000,500,455,0,955,33,-0.39042701446311184,0.4280783521748163
281,1566230400,437,329,0,766,33,-0.39042701446311184,0.09309203649910607
281,1566244800,638,483,0,1121,33,-0.39042701446311184,0.7222991373714719
281,1566259200,158,126,0,284,34,-0.42606451992418304,-0.7825579901167105
281,1566273600,23,12,0,35,34,-0.42606451992418304,-1.2023359681963453
281,1566288000,105,148,43,253,34,0.21946612016228895,-0.8348195054599581
281,1566302400,520,456,0,976,34,-0.42606451992418304,0.3840539007712704
281,1566316800,465,357,0,822,34,-0.42606451992418304,0.12443217938868506
281,1566331200,700,447,0,1147,34,-0.42606451992418304,0.6723351628259593
281,1566345600,200,144,0,344,34,-0.42606451992418304,-0.6814066700975213
281,1566360000,14,18,4,32,34,-0.36601515805567403,-1.2073935341973046
281,1566374400,110,144,34,254,34,0.08435505595814365,-0.833133650126305
281,1566388800,503,418,0,921,34,-0.42606451992418304,0.29133185742034706
281,1566403200,452,338,0,790,34,-0.42606451992418304,0.07048480871178421
281,1566417600,679,505,0,1184,34,-0.42606451992418304,0.7347118101711259
281,1566432000,188,148,0,336,34,-0.42606451992418304,-0.6948935127667466
281,1566446400,19,16,0,35,34,-0.42606451992418304,-1.2023359681963453
281,1566460800,98,177,79,275,34,0.7599103769788702,-0.7977306881195888
281,1566475200,533,456,0,989,34,-0.42606451992418304,0.4059700201087614
281,1566489600,467,378,0,845,34,-0.42606451992418304,0.16320685206270755
281,1566504000,689,446,0,1135,34,-0.42606451992418304,0.6521048988221215
281,1566518400,193,150,0,343,34,-0.42606451992418304,-0.6830925254311745
281,1566532800,18,18,0,36,34,-0.42606451992418304,-1.200650112862692
281,1566547200,82,145,63,227,34,0.519712929504834,-0.8786517441349401
281,1566561600,452,406,0,858,34,-0.42606451992418304,0.1851229714001985
281,1566576000,468,420,0,888,34,-0.42606451992418304,0.23569863140979305
281,1566590400,658,449,0,1107,34,-0.42606451992418304,0.6049009494798332
281,1566604800,178,128,0,306,34,-0.42606451992418304,-0.7454691727763411
281,1566619200,74,78,4,152,34,-0.36601515805567403,-1.0050908941589265
281,1566633600,73,226,153,299,34,1.870823571546287,-0.7572701601119132
281,1566648000,581,885,304,1466,34,4.137686982082502,1.2101230142613146
281,1566662400,1103,1070,0,2173,34,-0.42606451992418304,2.402022735154093
281,1566676800,1311,861,0,2172,34,-0.42606451992418304,2.4003368798204394
281,1566691200,545,452,0,997,34,-0.42606451992418304,0.41945686277798655
281,1566705600,83,100,17,183,34,-0.1708547319830197,-0.9528293788156788
281,1566720000,53,195,142,248,34,1.7056878264078872,-0.8432487821282239
281,1566734400,451,704,253,1155,34,3.3720576182590127,0.6858220054951845
281,1566748800,947,963,16,1910,34,-0.18586707245014694,1.958642782403314
281,1566763200,1152,962,0,2114,34,-0.42606451992418304,2.3025572704685566
281,1566777600,521,319,0,840,34,-0.42606451992418304,0.15477757539444179
281,1566792000,47,46,0,93,34,-0.42606451992418304,-1.1045563588444625
281,1566806400,89,169,80,258,34,0.7749227174459974,-0.8263902287916923
281,1566820800,506,457,0,963,34,-0.42606451992418304,0.36213778143377945
281,1566835200,477,356,0,833,34,-0.42606451992418304,0.14297658805886973
281,1566849600,668,478,0,1146,34,-0.42606451992418304,0.6706493074923061
281,1566864000,172,116,0,288,35,-0.5680857925902372,-0.6373782396592879
281,1566878400,21,19,0,40,35,-0.5680857925902372,-1.2680357626279535
281,1566892800,95,182,87,277,35,1.633171350702156,-0.6653509523716077
281,1566907200,532,478,0,1010,35,-0.5680857925902372,1.1986489038220693
281,1566921600,458,365,0,823,35,-0.5680857925902372,0.723112787712632
281,1566936000,667,517,0,1184,35,-0.5680857925902372,1.6411263594533105
281,1566950400,211,142,0,353,35,-0.5680857925902372,-0.47208493726830697
281,1566964800,23,16,0,39,35,-0.5680857925902372,-1.2705787365108918
281,1566979200,114,178,64,292,35,1.0512298070731325,-0.6272063441275352
281,1566993600,523,463,0,986,35,-0.5680857925902372,1.1376175306315535
281,1567008000,441,345,0,786,35,-0.5680857925902372,0.6290227540439198
281,1567022400,622,552,0,1174,35,-0.5680857925902372,1.615696620623929
281,1567036800,257,141,0,398,35,-0.5680857925902372,-0.3576511125360894
281,1567051200,17,18,1,35,35,-0.542783986345497,-1.2807506320426443
281,1567065600,97,156,59,253,35,0.9247207758494317,-0.7263823255621238
281,1567080000,518,486,0,1004,35,-0.5680857925902372,1.1833910605244404
281,1567094400,494,423,0,917,35,-0.5680857925902372,0.9621523327088198
281,1567108800,709,463,0,1172,35,-0.5680857925902372,1.6106106728580527
281,1567123200,194,138,0,332,35,-0.5680857925902372,-0.5254873888100084
281,1567137600,21,19,0,40,35,-0.5680857925902372,-1.2680357626279535
281,1567152000,71,150,79,221,35,1.4307569007442347,-0.8077574898161451
281,1567166400,424,455,31,879,35,0.21627020099670746,0.8655193251571695
281,1567180800,485,400,0,885,35,-0.5680857925902372,0.8807771684547984
281,1567195200,674,428,0,1102,35,-0.5680857925902372,1.4326025010523809
281,1567209600,188,141,0,329,35,-0.5680857925902372,-0.533116310458823
281,1567224000,33,40,7,73,35,-0.3909731488770561,-1.184117624490994
281,1567238400,21,86,65,107,35,1.0765316133178726,-1.0976565124710962
281,1567252800,179,374,195,553,35,4.365766425134091,0.03650983931932664
281,1567267200,450,473,23,923,35,0.013855751038786267,0.9774101760064487
281,1567281600,629,386,0,1015,35,-0.5680857925902372,1.2113637732367601
281,1567296000,185,144,0,329,35,-0.5680857925902372,-0.533116310458823
281,1567310400,27,35,8,62,35,-0.36567134263231593,-1.2120903372033138
281,1567324800,18,59,41,77,35,0.46928826344410896,-1.1739457289592414
281,1567339200,203,301,98,504,35,1.9114912193942974,-0.0880958809446436
281,1567353600,484,506,22,990,35,-0.01144605520595388,1.1477894261633061
281,1567368000,672,405,0,1077,35,-0.5680857925902372,1.3690281539789266
281,1567382400,170,117,0,287,35,-0.5680857925902372,-0.6399212135422261
281,1567396800,27,27,0,54,35,-0.5680857925902372,-1.2324341282668192
281,1567411200,23,65,42,88,35,0.4945900696888491,-1.1459730162469215
281,1567425600,179,258,79,437,35,1.4307569007442347,-0.25847513110150083
281,1567440000,281,323,42,604,35,0.4945900696888491,0.16620150734917322
281,1567454400,375,249,0,624,35,-0.5680857925902372,0.21706098500793655
281,1567468800,108,83,0,191,36,-0.5177310867605379,-0.9499626727167735
281,1567483200,12,9,0,21,36,-0.5177310867605379,-1.3449276458255934
281,1567497600,125,212,87,337,36,1.4926720917973852,-0.6107574605174342
281,1567512000,545,556,11,1101,36,-0.2635421791267776,1.1642615951010267
281,1567526400,459,433,0,892,36,-0.5177310867605379,0.6786870105143011
281,1567540800,661,542,0,1203,36,-0.5177310867605379,1.4012405789663185
281,1567555200,153,131,0,284,36,-0.5177310867605379,-0.7338935991925368
281,1567569600,14,15,1,29,36,-0.4946230042483779,-1.3263410588557665
281,1567584000,108,173,65,281,36,0.9842942765298643,-0.7408635693062219
281,1567598400,612,528,0,1140,36,-0.5177310867605379,1.2548712065789323
281,1567612800,505,342,0,847,36,-0.5177310867605379,0.5741374588090252
281,1567627200,686,630,0,1316,36,-0.5177310867605379,1.6637761199151222
281,1567641600,230,151,0,381,36,-0.5177310867605379,-0.5085312321833867
281,1567656000,16,11,0,27,36,-0.5177310867605379,-1.3309877055982233
281,1567670400,144,218,74,362,36,1.1922670191393048,-0.5526743762367253
281,1567684800,528,603,75,1131,36,1.2153751016514647,1.2339612962378772
281,1567699200,495,377,0,872,36,-0.5177310867605379,0.6322205430897341
281,1567713600,660,573,0,1233,36,-0.5177310867605379,1.470940280103169
281,1567728000,184,158,0,342,36,-0.5177310867605379,-0.5991408436612924
281,1567742400,15,13,0,28,36,-0.5177310867605379,-1.3286643822269948
281,1567756800,112,205,93,317,36,1.6313205868703455,-0.6572239279420012
281,1567771200,506,505,0,1011,36,-0.5177310867605379,0.955162491690475
281,1567785600,500,391,0,891,36,-0.5177310867605379,0.6763636871430727
281,1567800000,578,564,0,1142,36,-0.5177310867605379,1.259517853321389
281,1567814400,182,164,0,346,36,-0.5177310867605379,-0.589847550176379
281,1567828800,27,21,0,48,36,-0.5177310867605379,-1.2821979148024278
281,1567843200,24,43,19,67,36,-0.07867751902949727,-1.2380547707490892
281,1567857600,168,268,100,436,36,1.7930771644554657,-0.38074844676582736
281,1567872000,481,464,0,945,36,-0.5177310867605379,0.8018231491894038
281,1567886400,588,444,0,1032,36,-0.5177310867605379,1.0039522824862703
281,1567900800,255,130,0,385,36,-0.5177310867605379,-0.49923793869847327
281,1567915200,34,40,6,74,36,-0.37908259168757774,-1.2217915071504908
281,1567929600,15,100,85,115,36,1.446455926773065,-1.1265352489301284
281,1567944000,251,455,204,706,36,4.196317745720109,0.24654886346582766
281,1567958400,480,349,0,829,36,-0.5177310867605379,0.5323176381269149
281,1567972800,482,424,0,906,36,-0.5177310867605379,0.711213537711498
281,1567987200,201,85,0,286,36,-0.5177310867605379,-0.7292469524500801
281,1568001600,19,19,0,38,36,-0.5177310867605379,-1.3054311485147114
281,1568016000,145,233,88,378,36,1.5157801743095454,-0.5155012022970717
281,1568030400,513,546,33,1059,36,0.24483563614074322,1.066682013509436
281,1568044800,503,402,0,905,36,-0.5177310867605379,0.7088902143402697
281,1568059200,710,551,0,1261,36,-0.5177310867605379,1.535993334497563
281,1568073600,188,136,0,324,37,-0.4612027784837409,-0.6520868267527247
281,1568088000,13,13,0,26,37,-0.4612027784837409,-1.3284370980411229
281,1568102400,148,234,86,382,37,1.2164049112275102,-0.5204481833476002
281,1568116800,530,528,0,1058,37,-0.4612027784837409,1.013822901856954
281,1568131200,491,419,0,910,37,-0.4612027784837409,0.6779173979956019
281,1568145600,693,611,0,1304,37,-0.4612027784837409,1.5721523204373096
281,1568160000,189,143,0,332,37,-0.4612027784837409,-0.6339297724899489
281,1568174400,15,18,3,33,37,-0.40268158000544146,-1.312549675561194
281,1568188800,142,225,83,367,37,1.1578837127492108,-0.5544926600903048
281,1568203200,574,592,18,1166,37,-0.1100755876139442,1.2589431344044273
281,1568217600,541,419,0,960,37,-0.4612027784837409,0.7913989871379506
281,1568232000,744,563,0,1307,37,-0.4612027784837409,1.5789612157858506
281,1568246400,177,180,3,357,37,-0.40268158000544146,-0.5771889779187745
281,1568260800,26,12,0,38,37,-0.4612027784837409,-1.3012015166469593
281,1568275200,144,220,76,364,37,1.0213342496331785,-0.5613015554388457
281,1568289600,597,543,0,1140,37,-0.4612027784837409,1.1999327080504059
281,1568304000,469,412,0,881,37,-0.4612027784837409,0.6120980762930397
281,1568318400,705,548,0,1253,37,-0.4612027784837409,1.456401099512114
281,1568332800,156,161,5,317,37,-0.36366744768657516,-0.6679742492326535
281,1568347200,12,14,2,26,37,-0.4221886461648746,-1.3284370980411229
281,1568361600,119,220,101,339,37,1.5090109036190074,-0.6180423500100201
281,1568376000,507,522,15,1029,37,-0.16859678609224366,0.9480035801543918
281,1568390400,534,422,0,956,37,-0.4612027784837409,0.7823204600065627
281,1568404800,786,542,0,1328,37,-0.4612027784837409,1.626623483225637
281,1568419200,209,169,0,378,37,-0.4612027784837409,-0.5295267104789881
281,1568433600,24,33,9,57,37,-0.28563918304884256,-1.2580785127728666
281,1568448000,24,70,46,94,37,0.436122264850184,-1.1741021368075286
281,1568462400,180,451,271,631,37,4.825212150722643,0.04469013058129627
281,1568476800,452,423,0,875,37,-0.4612027784837409,0.5984802855959579
281,1568491200,578,352,0,930,37,-0.4612027784837409,0.7233100336525414
281,1568505600,188,156,0,344,37,-0.4612027784837409,-0.6066941910957853
281,1568520000,26,28,2,54,37,-0.4221886461648746,-1.2648874081214077
281,1568534400,20,65,45,85,37,0.41661519869075087,-1.1945288228531514
281,1568548800,172,283,111,455,37,1.704081565213339,-0.35476506319977114
281,1568563200,444,403,0,847,37,-0.4612027784837409,0.5349305956762426
281,1568577600,543,288,0,831,37,-0.4612027784837409,0.498616487150691
281,1568592000,113,81,0,194,37,-0.4612027784837409,-0.9471389585228313
281,1568606400,16,16,0,32,37,-0.4612027784837409,-1.314819307344041
281,1568620800,132,246,114,378,37,1.7626027636916384,-0.5295267104789881
281,1568635200,505,490,0,995,37,-0.4612027784837409,0.8708360995375948
281,1568649600,504,405,0,909,37,-0.4612027784837409,0.675647766212755
281,1568664000,693,696,3,1389,37,-0.40268158000544146,1.7650710219793024
281,1568678400,276,126,0,402,38,-0.5052615800664249,-0.4772197987799309
281,1568692800,17,17,0,34,38,-0.5052615800664249,-1.288650954989239
281,1568707200,144,224,80,368,38,1.8757747579745114,-0.5521889816905735
281,1568721600,573,520,0,1093,38,-0.5052615800664249,1.046418595080482
281,1568736000,486,438,0,924,38,-0.5052615800664249,0.6737776564952291
281,1568750400,728,589,0,1317,38,-0.5052615800664249,1.5403332119035393
281,1568764800,237,153,0,390,38,-0.5052615800664249,-0.5036795103954519
281,1568779200,17,15,0,32,38,-0.5052615800664249,-1.2930609069251593
281,1568793600,134,198,64,332,38,1.3995674903663242,-0.6315681165371363
281,1568808000,565,562,0,1127,38,-0.5052615800664249,1.1213877779911248
281,1568822400,515,419,0,934,38,-0.5052615800664249,0.6958274161748299
281,1568836800,753,574,0,1327,38,-0.5052615800664249,1.56238297158314
281,1568851200,220,177,0,397,38,-0.5052615800664249,-0.4882446786197313
281,1568865600,23,13,0,36,38,-0.5052615800664249,-1.2842410030533191
281,1568880000,125,235,110,360,38,2.7686633847398623,-0.5698287894342542
281,1568894400,599,576,0,1175,38,-0.5052615800664249,1.2272266244532084
281,1568908800,548,457,0,1005,38,-0.5052615800664249,0.8523807098999954
281,1568923200,742,645,0,1387,38,-0.5052615800664249,1.6946815296607447
281,1568937600,249,165,0,414,38,-0.5052615800664249,-0.45076008716441
281,1568952000,19,16,0,35,38,-0.5052615800664249,-1.2864459790212792
281,1568966400,110,205,95,315,38,2.322219071357187,-0.6690527079924576
281,1568980800,548,581,33,1129,38,0.4769159093754614,1.125797729927045
281,1568995200,556,476,0,1032,38,-0.5052615800664249,0.9119150610349175
281,1569009600,752,598,0,1350,38,-0.5052615800664249,1.613097418846222
281,1569024000,244,162,0,406,38,-0.5052615800664249,-0.46839989490809064
281,1569038400,35,25,0,60,38,-0.5052615800664249,-1.2313215798222772
281,1569052800,26,42,16,68,38,-0.029054312458237565,-1.2136817720785966
281,1569067200,196,242,46,438,38,0.8638343143071135,-0.3978406639333682
281,1569081600,455,439,0,894,38,-0.5052615800664249,0.6076283774564268
281,1569096000,674,377,0,1051,38,-0.5052615800664249,0.9538096044261589
281,1569110400,168,89,0,257,38,-0.5052615800664249,-0.796941314134142
281,1569124800,30,47,17,77,38,0.0007086417672741385,-1.193836988366956
281,1569139200,16,38,22,54,38,0.14952341289483265,-1.2445514356300376
281,1569153600,169,238,69,407,38,1.5483822614938827,-0.46619491894013054
281,1569168000,418,364,0,782,38,-0.5052615800664249,0.36067106904489826
281,1569182400,524,241,0,765,38,-0.5052615800664249,0.3231864775895769
281,1569196800,112,65,0,177,38,-0.5052615800664249,-0.9733393915709482
281,1569211200,13,10,0,23,38,-0.5052615800664249,-1.3129056906368
281,1569225600,122,257,135,379,38,3.512737240377655,-0.5279342460430128
281,1569240000,514,540,26,1054,38,0.2685752297968795,0.9604245323300391
281,1569254400,465,423,0,888,38,-0.5052615800664249,0.5943985216486664
281,1569268800,722,557,0,1279,38,-0.5052615800664249,1.4565441251210565
281,1569283200,182,155,0,337,39,-0.5493711902980368,-0.6395125733181183
281,1569297600,10,18,8,28,39,-0.39032992779339776,-1.248501207666227
281,1569312000,133,274,141,407,39,2.2537310613462274,-0.5015539830127214
281,1569326400,551,612,61,1163,39,0.6633184362998362,0.9883987922855643
281,1569340800,530,493,0,1023,39,-0.5493711902980368,0.7124816116747705
281,1569355200,760,623,0,1383,39,-0.5493711902980368,1.4219829332453828
281,1569369600,316,149,0,465,39,-0.5493711902980368,-0.3872454367596783
281,1569384000,14,17,3,31,39,-0.48973071685879715,-1.2425886966531385
281,1569398400,140,221,81,361,39,1.060921592561434,-0.5922124852134107
281,1569412800,590,615,25,1205,39,-0.05236724497103968,1.0711739464688024
281,1569427200,514,462,0,976,39,-0.5493711902980368,0.6198522724697184
281,1569441600,817,639,0,1456,39,-0.5493711902980368,1.565854034563868
281,1569456000,209,188,0,397,39,-0.5493711902980368,-0.5212623530563495
281,1569470400,14,13,0,27,39,-0.5493711902980368,-1.25047204467059
281,1569484800,142,227,85,369,39,1.1404422238137535,-0.5764457891785083
281,1569499200,574,615,41,1189,39,0.2657152800382385,1.0396405543989973
281,1569513600,560,446,0,1006,39,-0.5493711902980368,0.6789773826006028
281,1569528000,675,615,0,1290,39,-0.5493711902980368,1.2386950918396413
281,1569542400,236,155,0,391,39,-0.5493711902980368,-0.5330873750825263
281,1569556800,19,12,0,31,39,-0.5493711902980368,-1.2425886966531385
281,1569571200,129,197,68,326,39,0.8024795409913954,-0.6611917803661091
281,1569585600,539,555,16,1094,39,-0.23128866528875866,0.8524110389845302
281,1569600000,533,523,0,1056,39,-0.5493711902980368,0.7775192328187434
281,1569614400,788,586,0,1374,39,-0.5493711902980368,1.4042454002061175
281,1569628800,191,134,0,325,39,-0.5493711902980368,-0.663162617370472
281,1569643200,38,28,0,66,39,-0.5493711902980368,-1.1736094015004401
281,1569657600,23,45,22,68,39,-0.11200771841027933,-1.1696677274917147
281,1569672000,176,344,168,520,39,2.790495322299384,-0.2788494015197237
281,1569686400,534,740,206,1274,39,3.54594131919642,1.2071616997698362
281,1569700800,631,609,0,1240,39,-0.5493711902980368,1.1401532416215008
281,1569715200,477,118,0,595,39,-0.5493711902980368,-0.13103662619251283
281,1569729600,50,36,0,86,39,-0.5493711902980368,-1.1341926614131839
281,1569744000,22,35,13,57,39,-0.2909291387279983,-1.1913469345397054
281,1569758400,145,259,114,404,39,1.7169668003930703,-0.5074664940258099
281,1569772800,427,418,0,845,39,-0.5493711902980368,0.3616726248981901
281,1569787200,550,327,0,877,39,-0.5493711902980368,0.42473940903780005
281,1569801600,109,82,0,191,39,-0.5493711902980368,-0.9272547759550888
281,1569816000,15,18,3,33,39,-0.48973071685879715,-1.238647022644413
281,1569830400,90,168,78,258,39,1.0012811191221942,-0.7952086966627804
281,1569859200,932,923,0,1855,39,-0.5493711902980368,2.3522179993046297
281,1569873600,602,440,0,1042,39,-0.5493711902980368,0.749927514757664
281,1569888000,139,120,0,259,40,-0.586772986756832,-0.7933075191486392
281,1569902400,11,13,2,24,40,-0.5320682909881594,-1.3136042308236386
281,1569916800,105,198,93,303,40,1.9569953664864372,-0.6958902624945966
281,1569931200,537,517,0,1054,40,-0.586772986756832,0.9668451863050825
281,1569945600,438,413,0,851,40,-0.586772986756832,0.5173973885602957
281,1569960000,697,523,0,1220,40,-0.586772986756832,1.3343739273180608
281,1569974400,176,130,0,306,40,-0.586772986756832,-0.6892481768136393
281,1569988800,19,17,0,36,40,-0.586772986756832,-1.287035888099809
281,1570003200,132,205,73,337,40,1.4099484087997127,-0.6206132914437457
281,1570017600,583,579,0,1162,40,-0.586772986756832,1.2059602708195505
281,1570032000,571,429,0,1000,40,-0.586772986756832,0.8472876440478486
281,1570046400,700,615,0,1315,40,-0.586772986756832,1.5447066405483798
281,1570060800,209,163,0,372,40,-0.586772986756832,-0.5431222918325755
281,1570075200,16,16,0,32,40,-0.586772986756832,-1.2958920023410854
281,1570089600,136,217,81,353,40,1.6287671918744027,-0.5851888344786393
281,1570104000,556,632,76,1188,40,1.4920054524527215,1.2635250133878482
281,1570118400,462,430,0,892,40,-0.586772986756832,0.6081725595333808
281,1570132800,660,643,0,1303,40,-0.586772986756832,1.5181382978245501
281,1570147200,204,177,0,381,40,-0.586772986756832,-0.5231960347897032
281,1570161600,20,27,7,47,40,-0.3953065515664783,-1.2626815739362982
281,1570176000,133,233,100,366,40,2.148461801676791,-0.5564064631944904
281,1570190400,600,631,31,1231,40,0.2611497976575911,1.3587282414815716
281,1570204800,591,469,0,1060,40,-0.586772986756832,0.9801293576669974
281,1570219200,748,601,0,1349,40,-0.586772986756832,1.6199836115992308
281,1570233600,174,194,20,368,40,-0.03972602907010738,-0.5519784060738522
281,1570248000,29,40,11,69,40,-0.28589716002913346,-1.213972945609277
281,1570262400,23,149,126,172,40,2.859622846669533,-0.9859280038964049
281,1570276800,253,312,59,565,40,1.0270155384190056,-0.11581477969098022
281,1570291200,549,400,0,949,40,-0.586772986756832,0.7343721874715722
281,1570305600,566,411,0,977,40,-0.586772986756832,0.7963649871605082
281,1570320000,157,136,0,293,40,-0.586772986756832,-0.7180305480977881
281,1570334400,36,26,0,62,40,-0.586772986756832,-1.229471145531511
281,1570348800,13,40,27,53,40,0.1517404061202462,-1.2493974025743833
281,1570363200,177,288,111,465,40,2.449337628404489,-0.3372176357228949
281,1570377600,433,417,0,850,40,-0.586772986756832,0.5151833599999766
281,1570392000,449,297,0,746,40,-0.586772986756832,0.28492438972678535
281,1570406400,87,84,0,171,40,-0.586772986756832,-0.988142032456724
281,1570420800,12,25,13,37,40,-0.23119246426046097,-1.2848218595394898
281,1570435200,141,212,71,353,40,1.3552437130310404,-0.5851888344786393
281,1570449600,566,554,0,1120,40,-0.586772986756832,1.1129710712861463
281,1570464000,544,413,0,957,40,-0.586772986756832,0.7520844159541253
281,1570478400,699,580,0,1279,40,-0.586772986756832,1.4650016123768905
281,1570492800,136,114,0,250,41,-0.5318654351383845,-0.7576165881889145
281,1570507200,15,10,0,25,41,-0.5318654351383845,-1.2623382489844903
281,1570521600,134,235,101,369,41,2.588706039076037,-0.4906749098125877
281,1570536000,586,586,0,1172,41,-0.5318654351383845,1.3106206173822896
281,1570550400,517,389,0,906,41,-0.5318654351383845,0.7139274539528533
281,1570564800,641,614,0,1255,41,-0.5318654351383845,1.4968068300313242
281,1570579200,176,129,0,305,41,-0.5318654351383845,-0.6342401822166627
281,1570593600,9,9,0,18,41,-0.5318654351383845,-1.278040700653686
281,1570608000,104,139,35,243,41,0.5495207192923557,-0.7733190398581102
281,1570622400,508,421,0,929,41,-0.5318654351383845,0.7655212237230677
281,1570636800,364,311,0,675,41,-0.5318654351383845,0.1957465488693954
281,1570651200,608,505,0,1113,41,-0.5318654351383845,1.178271381884783
281,1570665600,183,125,0,308,41,-0.5318654351383845,-0.6275105600727217
281,1570680000,11,10,0,21,41,-0.5318654351383845,-1.271311078509745
281,1570694400,141,229,88,370,41,2.1870483245731904,-0.4884317024312741
281,1570708800,570,618,48,1188,41,0.9511784337952021,1.3465119354833084
281,1570723200,541,387,0,928,41,-0.5318654351383845,0.7632780163417541
281,1570737600,795,560,0,1355,41,-0.5318654351383845,1.7211275681626912
281,1570752000,184,112,0,296,41,-0.5318654351383845,-0.6544290486484857
281,1570766400,17,11,0,28,41,-0.5318654351383845,-1.2556086268405493
281,1570780800,122,200,78,322,41,1.8780808518786936,-0.5961056567343302
281,1570795200,534,561,27,1095,41,0.30234674113675797,1.1378936490211369
281,1570809600,558,443,0,1001,41,-0.5318654351383845,0.9270321551776519
281,1570824000,741,606,0,1347,41,-0.5318654351383845,1.703181909112182
281,1570838400,208,153,0,361,41,-0.5318654351383845,-0.5086205688630971
281,1570852800,25,33,8,58,41,-0.28469145698278675,-1.1883124054011391
281,1570867200,18,52,34,70,41,0.518623972022906,-1.1613939168253753
281,1570881600,223,336,113,559,41,2.9594670063094335,-0.06446550736299037
281,1570896000,538,354,0,892,41,-0.5318654351383845,0.6825225506144619
281,1570910400,653,375,0,1028,41,-0.5318654351383845,0.9875987544731211
281,1570924800,140,139,0,279,41,-0.5318654351383845,-0.692563574130818
281,1570939200,27,44,17,71,41,-0.006620731557739257,-1.1591507094440616
281,1570953600,15,30,15,45,41,-0.06841422609663869,-1.2174741013582169
281,1570968000,164,266,102,430,41,2.619602786345487,-0.3538392595524538
281,1570982400,526,399,0,925,41,-0.5318654351383845,0.7565483941978131
281,1570996800,623,278,0,901,41,-0.5318654351383845,0.7027114170462849
281,1571011200,113,93,0,206,41,-0.5318654351383845,-0.856317712966716
281,1571025600,23,15,0,38,41,-0.5318654351383845,-1.2331765530274126
281,1571040000,63,120,57,183,41,1.2292491592202495,-0.9079114827369305
281,1571054400,434,427,0,861,41,-0.5318654351383845,0.6129831217937382
281,1571068800,584,453,0,1037,41,-0.5318654351383845,1.0077876209049441
281,1571083200,730,492,0,1222,41,-0.5318654351383845,1.422780986447973
281,1571097600,135,120,0,255,42,-0.506064421063329,-0.7532982461872113
281,1571112000,135,44,0,179,42,-0.506064421063329,-0.9046060930550543
281,1571126400,148,212,64,360,42,0.6001224627859811,-0.5442545103829545
281,1571140800,560,539,0,1099,42,-0.506064421063329,0.9270152111346246
281,1571155200,581,442,0,1023,42,-0.506064421063329,0.7757073642667816
281,1571169600,716,572,0,1288,42,-0.506064421063329,1.303293935582287
281,1571184000,166,114,0,280,42,-0.506064421063329,-0.7035259281385787
281,1571198400,11,16,5,27,42,-0.41964357076260167,-1.2072217867907404
281,1571212800,128,186,58,314,42,0.49641744242510827,-0.6358355755924384
281,1571227200,558,639,81,1197,42,0.8939533538084541,1.1221226978852643
281,1571241600,541,454,0,995,42,-0.506064421063329,0.7199623680523131
281,1571256000,577,651,74,1228,42,0.7729641633874358,1.1838403722655688
281,1571270400,153,162,9,315,42,-0.3505068905220198,-0.6338446828704931
281,1571284800,15,12,0,27,42,-0.506064421063329,-1.2072217867907404
281,1571299200,138,228,90,366,42,1.0495108843497634,-0.5323091540512827
281,1571302210,160,173,13,333,42,-0.2813702102814379,-0.5980086138754777
281,1571313600,413,385,0,798,42,-0.506064421063329,0.32775650182908833
281,1571328000,537,428,0,965,42,-0.506064421063329,0.660235586393954
281,1571342400,813,585,0,1398,42,-0.506064421063329,1.5222921349962704
281,1571356800,224,180,0,404,42,-0.506064421063329,-0.45665523061736113
281,1571371200,17,29,12,46,42,-0.29865438034158337,-1.1693948250737798
281,1571385600,147,190,43,337,42,0.2371548915229262,-0.5900450429876964
281,1571388472,141,168,27,309,42,-0.03939182943940132,-0.6457900392021649
281,1571400000,354,450,96,804,42,1.1532159047106363,0.33970185816076015
281,1571414400,594,476,0,1070,42,-0.506064421063329,0.8692793221982108
281,1571428800,793,586,0,1379,42,-0.506064421063329,1.4844651732793095
281,1571443200,230,218,0,448,42,-0.506064421063329,-0.3690559508517678
281,1571457600,24,30,6,54,42,-0.4023594007024562,-1.1534676832982174
281,1571472000,25,43,18,68,42,-0.19494935998071056,-1.1255951851909831
281,1571486400,221,331,110,552,42,1.3951942855526729,-0.16200310776945626
281,1571500800,654,518,0,1172,42,-0.506064421063329,1.0723503798366318
281,1571515200,661,372,0,1033,42,-0.506064421063329,0.7956162914862346
281,1571529600,134,136,2,270,42,-0.4714960809430381,-0.7234348553580318
281,1571544000,28,28,0,56,42,-0.506064421063329,-1.1494858978543268
281,1571558400,13,178,165,191,42,2.345823638860674,-0.8807153803917107
281,1571572800,297,607,310,904,42,4.852028297581767,0.5387911303552905
281,1571587200,578,356,0,934,42,-0.506064421063329,0.5985179120136496
281,1571601600,332,284,0,616,42,-0.506064421063329,-0.03458597356495684
281,1571616000,96,87,0,183,42,-0.506064421063329,-0.8966425221672731
281,1571630400,10,14,4,24,42,-0.43692774082274716,-1.2131944649565765
281,1571644800,144,216,72,360,42,0.7383958232671448,-0.5442545103829545
281,1571673600,1114,1012,0,2126,42,-0.506064421063329,2.971662036572451
281,1571688000,789,659,0,1448,42,-0.506064421063329,1.6218367710935355
281,1571702400,156,135,0,291,43,-0.5886380950263371,-0.671608195170209
281,1571716800,14,22,8,36,43,-0.29990466447327246,-1.201356594807338
281,1571731200,137,232,95,369,43,2.840071392791305,-0.5095675082223813
281,1571745600,565,614,49,1179,43,1.1798541671111835,1.1731627023896753
281,1571760000,499,422,0,921,43,-0.5886380950263371,0.6371819686391684
281,1571774400,629,622,0,1251,43,-0.5886380950263371,1.322738721110747
281,1571788800,175,175,0,350,43,-0.5886380950263371,-0.5490389576071085
281,1571803200,21,14,0,35,43,-0.5886380950263371,-1.2034340395117973
281,1571817600,135,216,81,351,43,2.334787889323442,-0.5469615129026492
281,1571832000,598,600,2,1198,43,-0.5164547373880709,1.2126341517744026
281,1571846400,550,452,0,1002,43,-0.5886380950263371,0.8054549897003741
281,1571860800,766,605,0,1371,43,-0.5886380950263371,1.5720320856458665
281,1571875200,165,144,0,309,43,-0.5886380950263371,-0.634214190489941
281,1571889600,25,27,2,52,43,-0.5164547373880709,-1.1681174795359885
281,1571904000,135,193,58,328,43,1.5046792764833812,-0.5947427411052137
281,1571918400,590,656,66,1246,43,1.7934127070364458,1.3123514975884505
281,1571932800,547,452,0,999,43,-0.5886380950263371,0.7992226555869961
281,1571947200,864,667,0,1531,43,-0.5886380950263371,1.9044232383593593
281,1571961600,219,161,0,380,43,-0.5886380950263371,-0.48671561647332867
281,1571976000,22,16,0,38,43,-0.5886380950263371,-1.1972017053984192
281,1571990400,127,164,37,291,43,0.7467540212815866,-0.671608195170209
281,1572004800,554,608,54,1162,43,1.360312561206849,1.1378461424138668
281,1572019200,523,469,0,992,43,-0.5886380950263371,0.7846805426557808
281,1572033600,800,614,0,1414,43,-0.5886380950263371,1.6613622079376178
281,1572048000,195,136,0,331,43,-0.5886380950263371,-0.5885104069918358
281,1572062400,34,33,0,67,43,-0.5886380950263371,-1.1369558089690988
281,1572076800,28,38,10,66,43,-0.22772130683500633,-1.1390332536735581
281,1572091200,215,268,53,483,43,1.324220882387716,-0.2727388119140177
281,1572105600,628,374,0,1002,43,-0.5886380950263371,0.8054549897003741
281,1572120000,640,310,0,950,43,-0.5886380950263371,0.697427865068489
281,1572134400,147,113,0,260,43,-0.5886380950263371,-0.7360089810084481
281,1572148800,30,34,4,64,43,-0.4442713797498048,-1.1431881430824766
281,1572163200,12,55,43,67,43,0.9633040941963852,-1.1369558089690988
281,1572177600,189,273,84,462,43,2.443062925780841,-0.31636515070766363
281,1572192000,277,170,0,447,43,-0.5886380950263371,-0.3475268212745536
281,1572206400,384,199,0,583,43,-0.5886380950263371,-0.06499434146808483
281,1572220800,73,57,0,130,43,-0.5886380950263371,-1.0060767925881609
281,1572235200,10,10,0,20,43,-0.5886380950263371,-1.234595710078687
281,1572249600,127,166,39,293,43,0.8189373789198529,-0.6674533057612902
281,1572264000,576,559,0,1135,43,-0.5886380950263371,1.081755135393465
281,1572278400,533,417,0,950,43,-0.5886380950263371,0.697427865068489
281,1572292800,801,593,0,1394,43,-0.5886380950263371,1.6198133138484312
281,1572307200,153,132,0,285,44,-0.41344232388867747,-0.7433301917796855
281,1572321600,12,13,1,25,44,-0.40257556354197016,-1.2151385001762387
281,1572336000,141,212,71,353,44,0.3580976607275404,-0.619934172660587
281,1572350400,608,567,0,1175,44,-0.41344232388867747,0.8717059408085152
281,1572364800,554,358,0,912,44,-0.41344232388867747,0.39445369039200195
281,1572379200,713,645,0,1358,44,-0.41344232388867747,1.203786404026089
281,1572393600,159,147,0,306,44,-0.41344232388867747,-0.705222597639964
281,1572408000,13,18,5,31,44,-0.359108522155141,-1.2042506161363182
281,1572422400,159,196,37,355,44,-0.011372191060507594,-0.6163048779806136
281,1572436800,610,552,0,1162,44,-0.41344232388867747,0.8481155253886875
281,1572451200,523,387,0,910,44,-0.41344232388867747,0.3908243957120285
281,1572465600,728,631,0,1359,44,-0.41344232388867747,1.2056010513660758
281,1572480000,204,154,0,358,44,-0.41344232388867747,-0.6108609359606534
281,1572494400,18,12,0,30,44,-0.41344232388867747,-1.206065263476305
281,1572508800,151,183,32,334,44,-0.06570599279404406,-0.6544124721203352
281,1572523200,613,605,0,1218,44,-0.41344232388867747,0.9497357764279452
281,1572537600,486,473,0,959,44,-0.41344232388867747,0.47974211537137884
281,1572552000,703,841,138,1544,44,1.086170603956929,1.5413108092636232
281,1572566400,180,150,0,330,44,-0.41344232388867747,-0.6616710614802821
281,1572580800,18,32,14,50,44,-0.26130767903477536,-1.1697723166765701
281,1572595200,123,214,91,337,44,0.5754328676616862,-0.6489685301003749
281,1572609600,635,652,17,1287,44,-0.22870739799465345,1.0749464428870303
281,1572624000,607,520,0,1127,44,-0.41344232388867747,0.7846028684891516
281,1572638400,767,766,0,1533,44,-0.41344232388867747,1.521349688523769
281,1572652800,202,162,0,364,44,-0.41344232388867747,-0.5999730519207329
281,1572667200,19,24,5,43,44,-0.359108522155141,-1.1824748480564773
281,1572681600,21,64,43,85,44,0.053828371019736164,-1.106259659777034
281,1572696000,445,296,0,741,44,-0.41344232388867747,0.084148995254269
281,1572710400,555,548,0,1103,44,-0.41344232388867747,0.7410513323294697
281,1572724800,665,357,0,1022,44,-0.41344232388867747,0.5940648977905436
281,1572739200,197,116,0,313,44,-0.41344232388867747,-0.6925200662600568
281,1572750000,26,25,0,51,44,-0.41344232388867747,-1.1679576693365832
281,1572764400,14,40,26,54,44,-0.13090655487428782,-1.162513727316623
281,1572778800,112,351,239,463,44,2.1837133989743656,-0.4203229652620454
281,1572793200,473,826,353,1299,44,3.422524078498997,1.0967222109668713
281,1572807600,1074,657,0,1731,44,-0.41344232388867747,1.8806498618411438
281,1572822000,202,90,0,292,44,-0.41344232388867747,-0.7306276603997783
281,1572836400,25,20,0,45,44,-0.41344232388867747,-1.1788455533765037
281,1572850800,37,86,49,123,44,0.11902893309997993,-1.0373030608575378
281,1572865200,607,1054,447,1661,44,4.443999551089482,1.753624548042072
281,1572879600,533,601,68,1134,44,0.3254973796874185,0.7973053998690588
281,1572894000,846,729,0,1575,44,-0.41344232388867747,1.5975648768032122
281,1572908400,228,204,0,432,44,-0.41344232388867747,-0.47657703280163444
281,1572922800,32,27,0,59,45,-0.6338207328327861,-1.1178823317342257
281,1572937200,34,81,47,115,45,0.6533831011300943,-1.0032827046480166
281,1572951600,601,680,79,1281,45,1.5297772008495023,1.3828452450398403
281,1572966000,429,423,0,852,45,-0.6338207328327861,0.5049302446829873
281,1572980400,757,615,0,1372,45,-0.6338207328327861,1.5690696390549304
281,1572994800,262,230,0,492,45,-0.6338207328327861,-0.23178164372835786
281,1573009200,25,21,0,46,45,-0.6338207328327861,-1.1444858165935243
281,1573023600,40,60,20,100,45,-0.08607442050815613,-1.0339790333318226
281,1573038000,606,661,55,1267,45,0.8724816260599464,1.354195338268288
281,1573052400,449,410,0,859,45,-0.6338207328327861,0.5192551980687635
281,1573066800,786,568,0,1354,45,-0.6338207328327861,1.5322340446343632
281,1573081200,235,226,0,461,45,-0.6338207328327861,-0.29522072300822366
281,1573095600,0,13,13,13,45,-0.2777856298217766,-1.2120177396978977
281,1573110000,35,62,27,97,45,0.10563678880546437,-1.0401182990685838
281,1573124400,581,678,97,1259,45,2.0227488819416695,1.3378239629702582
281,1573138800,424,395,0,819,45,-0.6338207328327861,0.437398321578614
281,1573153200,725,660,0,1385,45,-0.6338207328327861,1.595673123914229
281,1573167600,211,229,18,440,45,-0.14084905174061912,-0.33819558316555215
281,1573182000,0,41,41,41,45,0.48905920743270537,-1.154717926154793
281,1573196400,30,57,27,87,45,0.10563678880546437,-1.0605825181911213
281,1573210800,492,574,82,1066,45,1.6119391476981968,0.9428645339052869
281,1573225200,435,433,0,868,45,-0.6338207328327861,0.5376729952790471
281,1573239600,611,642,31,1253,45,0.21518605127039037,1.3255454314967356
281,1573254000,218,233,15,451,45,-0.2230109985893136,-0.31568494213076104
281,1573268400,38,49,11,87,45,-0.33256026105423964,-1.0605825181911213
281,1573282800,7,15,8,22,45,-0.4147222079029341,-1.193599942487614
281,1573297200,118,282,164,400,45,3.8576990282291796,-0.4200524596557016
281,1573311600,477,376,0,853,45,-0.6338207328327861,0.5069766665952411
281,1573326000,616,348,0,964,45,-0.6338207328327861,0.7341294988554058
281,1573340400,181,168,0,349,45,-0.6338207328327861,-0.5244199771806421
281,1573354800,41,64,23,105,45,-0.003912473659461629,-1.0237469237705539
281,1573369200,10,31,21,41,45,-0.05868710489192463,-1.154717926154793
281,1573383600,103,227,124,330,45,2.7622064035799196,-0.5633019935134632
281,1573398000,498,418,0,916,45,-0.6338207328327861,0.6359012470672265
281,1573412400,644,318,0,962,45,-0.6338207328327861,0.7300366550308983
281,1573426800,134,121,0,255,45,-0.6338207328327861,-0.7167836369324935
281,1573441200,22,25,3,47,45,-0.5516587859840916,-1.1424393946812705
281,1573455600,25,53,28,78,45,0.13302410442169588,-1.0790003154014047
281,1573470000,546,584,38,1130,45,0.4068972605840109,1.073835536289526
281,1573484400,572,435,0,1007,45,-0.6338207328327861,0.8221256410823164
281,1573498800,850,603,0,1453,45,-0.6338207328327861,1.734829813947483
281,1573513200,221,164,0,385,45,-0.6338207328327861,-0.45074878833950766
281,1573527600,2,5,3,7,46,-0.40016391588190253,-1.192403289581217
281,1573542000,41,51,10,92,46,-0.18026075463091307,-1.0133923667971572
281,1573556400,692,650,0,1342,46,-0.49440812784661226,1.6191212035566656
281,1573570800,427,346,0,773,46,-0.49440812784661226,0.42080102633160543
281,1573585200,668,577,0,1245,46,-0.49440812784661226,1.414838150497209
281,1573599600,199,215,16,414,46,0.008227669298506433,-0.3352568710740125
281,1573614000,2,36,34,38,46,0.5736929410867649,-1.1271169530364424
281,1573628400,39,44,5,83,46,-0.33733444123876266,-1.0323464645037048
281,1573642800,616,668,52,1284,46,1.1391582128750235,1.4969725738922481
281,1573657200,436,351,0,787,46,-0.49440812784661226,0.45028517831956827
281,1573671600,677,569,0,1246,46,-0.49440812784661226,1.4169441613534919
281,1573686000,196,199,3,395,46,-0.40016391588190253,-0.37527107734339055
281,1573700400,2,18,16,20,46,0.008227669298506433,-1.1650251484495373
281,1573714800,37,50,13,87,46,-0.08601654266620332,-1.0239224210785725
281,1573729200,642,645,3,1287,46,-0.40016391588190253,1.5032906064610974
281,1573743600,374,384,10,758,46,-0.18026075463091307,0.38921086348735956
281,1573758000,707,556,0,1263,46,-0.49440812784661226,1.452746345910304
281,1573772400,236,210,0,446,46,-0.49440812784661226,-0.2678645236729546
281,1573786800,2,25,23,27,46,0.22813083054949587,-1.150283072455556
281,1573801200,26,43,17,69,46,0.03964240662007635,-1.0618306164916675
281,1573815600,533,623,90,1156,46,2.33291823109468,1.2274031842880166
281,1573830000,560,386,0,946,46,-0.49440812784661226,0.7851409044685745
281,1573844400,714,602,0,1316,46,-0.49440812784661226,1.5643649212933062
281,1573858800,253,212,0,465,46,-0.49440812784661226,-0.2278503174035765
281,1573873200,49,41,0,90,46,-0.49440812784661226,-1.0176043885097232
281,1573887600,10,25,15,35,46,-0.023187068023063483,-1.1334349856052914
281,1573902000,134,295,161,429,46,4.5633645809261445,-0.3036667082297666
281,1573916400,449,451,2,900,46,-0.43157865320347244,0.6882644050795539
281,1573930800,570,447,0,1017,46,-0.49440812784661226,0.9346676752646716
281,1573945200,155,161,6,316,46,-0.30591970391719275,-0.5416459349897522
281,1573959600,34,65,31,99,46,0.4794487291220552,-0.9986502908031758
281,1573974000,7,20,13,27,46,-0.08601654266620332,-1.150283072455556
281,1573988400,107,212,105,319,46,2.804139290918229,-0.535327902420903
281,1574002800,367,358,0,725,46,-0.49440812784661226,0.31971250523001865
281,1574017200,381,270,0,651,46,-0.49440812784661226,0.16386770186507232
281,1574031600,126,104,0,230,46,-0.49440812784661226,-0.7227628686300952
281,1574046000,18,16,0,34,46,-0.49440812784661226,-1.1355409964615746
281,1574060400,31,61,30,92,46,0.4480339918004853,-1.0133923667971572
281,1574074800,594,597,3,1191,46,-0.40016391588190253,1.3011135642579237
281,1574089200,426,324,0,750,46,-0.49440812784661226,0.3723627766370951
281,1574103600,637,609,0,1246,46,-0.49440812784661226,1.4169441613534919
281,1574118000,203,174,0,377,46,-0.49440812784661226,-0.41317927275648564
281,1574132400,1,6,5,7,47,-0.4372678813422698,-1.1797430036630492
281,1574146800,35,63,28,98,47,0.4464157449686772,-0.9861581779718173
281,1574161200,608,636,28,1244,47,0.4464157449686772,1.451734242271609
281,1574175600,399,377,0,776,47,-0.6293730174968235,0.456155138716702
281,1574190000,661,549,0,1210,47,-0.6293730174968235,1.3794058458595004
281,1574204400,205,189,0,394,47,-0.6293730174968235,-0.3564756680311068
281,1574218800,1,6,5,7,47,-0.4372678813422698,-1.1797430036630492
281,1574233200,28,54,26,82,47,0.36957369050685573,-1.020195070401045
281,1574247600,656,635,0,1291,47,-0.6293730174968235,1.551717613782465
281,1574262000,434,354,0,788,47,-0.6293730174968235,0.4816828080386227
281,1574276400,699,604,0,1303,47,-0.6293730174968235,1.577245283104386
281,1574290800,195,227,32,422,47,0.6000998538923201,-0.29691110627995854
281,1574305200,0,16,16,16,47,-0.014636581802251658,-1.1605972516716088
281,1574319600,35,56,21,91,47,0.17746855435230205,-1.0010493184096043
281,1574334000,623,689,66,1312,47,1.9064147797432853,1.5963910350958264
281,1574348400,440,380,0,820,47,-0.6293730174968235,0.5497565928970779
281,1574362800,695,587,0,1282,47,-0.6293730174968235,1.5325718617910247
281,1574377200,214,209,0,423,47,-0.6293730174968235,-0.2947838005031318
281,1574391600,1,29,28,30,47,0.4464157449686772,-1.1308149707960347
281,1574406000,24,56,32,80,47,0.6000998538923201,-1.0244496819546984
281,1574420400,558,601,43,1159,47,1.0227311534323382,1.2709132512413375
281,1574434800,503,371,0,874,47,-0.6293730174968235,0.664631104845721
281,1574449200,659,658,0,1317,47,-0.6293730174968235,1.60702756397996
281,1574463600,273,237,0,510,47,-0.6293730174968235,-0.10970819791920676
281,1574478000,42,45,3,87,47,-0.5141099358040913,-1.0095585415169113
281,1574492400,8,23,15,31,47,-0.053057609033162395,-1.128687665019208
281,1574506800,102,244,142,346,47,4.826412849292502,-0.4585863453187896
281,1574521200,456,281,0,737,47,-0.6293730174968235,0.3731902134204597
281,1574535600,520,312,0,832,47,-0.6293730174968235,0.5752842622189985
281,1574550000,153,149,0,302,47,-0.6293730174968235,-0.5521877994991655
281,1574564400,44,60,16,104,47,-0.014636581802251658,-0.973394343310857
281,1574578800,8,35,27,43,47,0.40799471773776647,-1.103159995697287
281,1574593200,152,198,46,350,47,1.1379942351250705,-0.4500771222114827
281,1574607600,260,275,15,535,47,-0.053057609033162395,-0.05652555349853865
281,1574622000,350,253,0,603,47,-0.6293730174968235,0.08813123932567862
281,1574636400,110,113,3,223,47,-0.5141099358040913,-0.7202449558684767
281,1574650800,19,25,6,44,47,-0.39884685411135906,-1.1010326899204603
281,1574665200,28,58,30,86,47,0.5232577994304987,-1.011685847293738
281,1574679600,566,621,55,1187,47,1.4837834802032672,1.330477812992486
281,1574694000,459,372,0,831,47,-0.6293730174968235,0.5731569564421718
281,1574708400,728,565,0,1293,47,-0.6293730174968235,1.5559722253361186
281,1574722800,241,175,0,416,47,-0.6293730174968235,-0.30967494094091885
281,1574737200,22,25,3,47,48,-0.326445078495001,-0.8049032066213014
281,1574751600,35,73,38,108,48,-0.08469481885386673,-0.7058322474397605
281,1574766000,552,640,88,1192,48,0.26066269491918215,1.05470742063877
281,1574780400,545,377,0,922,48,-0.3471665293213839,0.6161966177040806
281,1574794800,826,600,0,1426,48,-0.3471665293213839,1.4347501165155008
281,1574809200,242,227,0,469,48,-0.3471665293213839,-0.11952706277523142
281,1574823600,30,29,0,59,48,-0.3471665293213839,-0.7854138376019819
281,1574838000,29,46,17,75,48,-0.22974497463854726,-0.7594280122428891
281,1574852400,473,574,101,1047,48,0.35045564850017485,0.8192108783219924
281,1574866800,605,825,220,1430,48,1.1724065312800314,1.441246572855274
281,1574881200,1262,2168,906,3430,48,5.9107116202462615,4.6894747427418615
281,1574895600,545,441,0,986,48,-0.3471665293213839,0.7201399191404515
281,1574910000,60,37,0,97,48,-0.3471665293213839,-0.7236975023741367
281,1574924400,14,277,263,291,48,1.4694139931248533,-0.4086193698951377
281,1574938800,9,87,78,96,48,0.19159119216457238,-0.72532161645908
281,1574953200,540,239,0,779,48,-0.3471665293213839,0.3839483035571897
281,1574967600,292,153,0,445,48,-0.3471665293213839,-0.15850580081387047
281,1574982000,125,84,0,209,48,-0.3471665293213839,-0.5417967248604878
281,1574996400,22,20,0,42,48,-0.3471665293213839,-0.8130237770460179
281,1575010800,10,21,11,31,48,-0.27118787629131313,-0.8308890319803941
281,1575025200,201,257,56,458,48,0.03963388610443087,-0.13739231770960766
281,1575039600,388,410,22,798,48,-0.19520922326124238,0.41480647117111225
281,1575054000,498,333,0,831,48,-0.3471665293213839,0.4684022359742409
281,1575068400,207,152,0,359,48,-0.3471665293213839,-0.29817961211899374
281,1575082800,42,37,0,79,48,-0.3471665293213839,-0.752931555903116
281,1575097200,7,16,9,23,48,-0.2850021768422351,-0.8438819446599405
281,1575111600,91,194,103,285,48,0.36426994905109683,-0.41836405440479746
281,1575126000,376,296,0,672,48,-0.3471665293213839,0.2101680964682572
281,1575140400,469,255,0,724,48,-0.3471665293213839,0.2946220288853085
281,1575154800,142,123,0,265,48,-0.3471665293213839,-0.45084633610366337
281,1575169200,32,50,18,82,48,-0.2228378243630863,-0.7480592136482861
281,1575183600,7,26,19,33,48,-0.2159306740876253,-0.8276408038105075
281,1575198000,88,147,59,235,48,0.060355336930813804,-0.4995697586519622
281,1575212400,279,218,0,497,48,-0.3471665293213839,-0.0740518683968192
281,1575226800,229,207,0,436,48,-0.3471665293213839,-0.17312282757836012
281,1575241200,89,84,0,173,48,-0.3471665293213839,-0.6002648319184464
281,1575255600,18,18,0,36,48,-0.3471665293213839,-0.8227684615556776
281,1575270000,38,72,34,110,48,-0.11232341995571064,-0.7025840192698739
281,1575284400,564,610,46,1174,48,-0.02943761665017891,1.0254733671097906
281,1575298800,350,350,0,700,48,-0.3471665293213839,0.2556432908466694
281,1575313200,610,630,20,1240,48,-0.20902352381216435,1.1326648967160482
281,1575327600,205,193,0,398,48,-0.3471665293213839,-0.2348391628062053
281,1575342000,18,9,0,27,49,-0.5162708303074353,-1.2146433123289724
281,1575356400,43,64,21,107,49,0.049382427246798116,-1.0450666501182546
281,1575370800,633,702,69,1335,49,1.3423041587993314,1.557935114816265
281,1575385200,398,391,0,789,49,-0.5162708303074353,0.40057439522811544
281,1575399600,686,604,0,1290,49,-0.5162708303074353,1.4625482423227363
281,1575414000,272,238,0,510,49,-0.5162708303074353,-0.19082421423176318
281,1575428400,21,11,0,32,49,-0.5162708303074353,-1.2040447709408026
281,1575442800,33,61,28,94,49,0.23793351309820923,-1.072622857727496
281,1575457200,648,626,0,1274,49,-0.5162708303074353,1.4286329098805925
281,1575471600,408,369,0,777,49,-0.5162708303074353,0.37513789589650776
281,1575486000,693,599,0,1292,49,-0.5162708303074353,1.4667876588780042
281,1575500400,254,224,0,478,49,-0.5162708303074353,-0.25865487911605034
281,1575514800,19,16,0,35,49,-0.5162708303074353,-1.1976856461079006
281,1575529200,35,61,26,96,49,0.18406177428352033,-1.0683834411722282
281,1575543600,495,681,186,1176,49,4.4938008794586315,1.2209014986724633
281,1575558000,471,362,0,833,49,-0.5162708303074353,0.4938415594440103
281,1575572400,761,576,0,1337,49,-0.5162708303074353,1.562174531371533
281,1575586800,266,235,0,501,49,-0.5162708303074353,-0.20990158873046894
281,1575601200,34,19,0,53,49,-0.5162708303074353,-1.1595308971104892
281,1575615600,29,56,27,85,49,0.2109976436908648,-1.091700232226202
281,1575630000,552,616,64,1168,49,1.2076248117626092,1.2039438324513914
281,1575644400,500,404,0,904,49,-0.5162708303074353,0.6443408471560225
281,1575658800,713,612,0,1325,49,-0.5162708303074353,1.5367380320399253
281,1575673200,287,236,0,523,49,-0.5162708303074353,-0.16326800662252153
281,1575687600,49,56,7,105,49,-0.3277197444560241,-1.0493060666735226
281,1575702000,9,33,24,42,49,0.13019003546883146,-1.1828476881644627
281,1575716400,183,286,103,469,49,2.2581237186490424,-0.2777322536147561
281,1575730800,484,366,0,850,49,-0.5162708303074353,0.5298766001637878
281,1575745200,498,370,0,868,49,-0.5162708303074353,0.5680313491611994
281,1575759600,206,165,0,371,49,-0.5162708303074353,-0.4854636648228855
281,1575774000,46,64,18,110,49,-0.031425180975235216,-1.0387075252853526
281,1575788400,5,20,15,25,49,-0.11223278919726855,-1.2188827288842403
281,1575802800,119,228,109,347,49,2.4197389350931093,-0.5363366634861009
281,1575817200,475,430,0,905,49,-0.5162708303074353,0.6464605554336564
281,1575831600,548,332,0,880,49,-0.5162708303074353,0.5934678484928071
281,1575846000,180,131,0,311,49,-0.5162708303074353,-0.612646161480924
281,1575860400,23,19,0,42,49,-0.5162708303074353,-1.1828476881644627
281,1575874800,34,61,27,95,49,0.2109976436908648,-1.0705031494498622
281,1575889200,580,624,44,1204,49,0.6689074236157203,1.2802533304462145
281,1575903600,393,344,0,737,49,-0.5162708303074353,0.2903495647911488
281,1575918000,646,675,29,1321,49,0.2648693825055537,1.5282591989293894
281,1575932400,235,243,8,478,49,-0.30078387504867965,-0.25865487911605034
281,1575946800,24,21,0,45,50,-0.6767916925086033,-1.157606182421532
281,1575961200,42,72,30,114,50,0.7784259398477791,-1.0150089403634857
281,1575975600,694,723,29,1417,50,0.7299186854358997,1.6778056451674488
281,1575990000,495,448,0,943,50,-0.6767916925086033,0.6982245910295648
281,1576004400,694,656,0,1350,50,-0.6767916925086033,1.5393416565023892
281,1576018800,275,247,0,522,50,-0.6767916925086033,-0.17182524819416767
281,1576033200,39,27,0,66,50,-0.6767916925086033,-1.11420702179517
281,1576047600,32,63,31,95,50,0.8269331942596585,-1.0542748475968606
281,1576062000,653,658,5,1311,50,-0.4342554204492062,1.4587432153391455
281,1576076400,406,342,0,748,50,-0.6767916925086033,0.29523238521334666
281,1576090800,735,662,0,1397,50,-0.6767916925086033,1.6364731112375803
281,1576105200,291,290,0,581,50,-0.6767916925086033,-0.04989427310105551
281,1576119600,31,42,11,73,50,-0.1432118939779297,-1.099740634919716
281,1576134000,35,68,33,103,50,0.9239477030834173,-1.0377418340249132
281,1576148400,609,692,83,1301,50,3.3493104236773883,1.4380769483742113
281,1576162800,441,396,0,837,50,-0.6767916925086033,0.4791621612012616
281,1576177200,707,655,0,1362,50,-0.6767916925086033,1.5641411768603104
281,1576191600,273,288,15,561,50,0.050817123669587946,-0.09122680703092403
281,1576206000,33,46,13,79,50,-0.04619738515417088,-1.0873408747407554
281,1576220400,30,67,37,97,50,1.117976720730935,-1.0501415942038739
281,1576234800,555,559,4,1114,50,-0.4827626748610856,1.0516177561299407
281,1576249200,437,459,22,896,50,0.39036790455274384,0.6010931362943738
281,1576263600,661,723,62,1384,50,2.3306580810279205,1.6096069641831658
281,1576278000,282,287,5,569,50,-0.4342554204492062,-0.07469379345897663
281,1576292400,70,85,15,155,50,0.050817123669587946,-0.9302772458072551
281,1576306800,10,22,12,32,50,-0.09470463956605028,-1.1844723294759465
281,1576321200,125,190,65,315,50,2.4761798442635587,-0.5996169743683069
281,1576335600,402,326,0,728,50,-0.6767916925086033,0.25389985128347814
281,1576350000,474,319,0,793,50,-0.6767916925086033,0.38823058655555087
281,1576364400,169,171,2,340,50,-0.5797771836848444,-0.5479513069559713
281,1576378800,53,55,2,108,50,-0.5797771836848444,-1.0274087005424462
281,1576393200,13,22,9,35,50,-0.24022640280168853,-1.1782724493864662
281,1576407600,98,152,54,250,50,1.9426000457328851,-0.7339477096403796
281,1576422000,410,313,0,723,50,-0.6767916925086033,0.24356671780101102
281,1576436400,409,315,0,724,50,-0.6767916925086033,0.24563334449750443
281,1576450800,139,117,0,256,50,-0.6767916925086033,-0.721547949461419
281,1576465200,25,19,0,44,50,-0.6767916925086033,-1.1596728091180253
281,1576479600,47,57,10,104,50,-0.1917191483898091,-1.0356752073284199
281,1576494000,609,646,37,1255,50,1.117976720730935,1.3430121203355136
281,1576508400,430,360,0,790,50,-0.6767916925086033,0.38203070646607057
281,1576522800,683,624,0,1307,50,-0.6767916925086033,1.450476708553172
281,1576537200,260,232,0,492,50,-0.6767916925086033,-0.23382404908897045
281,1576551600,31,20,0,51,51,-0.5128968485085774,-1.1198660986375122
281,1576566000,37,64,27,101,51,0.3361907809932135,-1.0096843704169922
281,1576580400,608,613,5,1221,51,-0.35565839860083837,1.4583863417226524
281,1576594800,351,408,57,759,51,1.2796214804396477,0.44030717296504895
281,1576609200,610,661,51,1271,51,1.090935340550361,1.5685680699431723
281,1576623600,269,236,0,505,51,-0.5128968485085774,-0.1194160063951919
281,1576638000,34,35,1,69,51,-0.4814491585270296,-1.0802006764781251
281,1576652400,29,74,45,103,51,0.9022492006610741,-1.0052771012881716
281,1576666800,588,615,27,1203,51,0.3361907809932135,1.4187209195632653
281,1576681200,457,393,0,850,51,-0.5128968485085774,0.6408379183263951
281,1576695600,725,697,0,1422,51,-0.5128968485085774,1.9013168891691423
281,1576710000,306,266,0,572,51,-0.5128968485085774,0.028227509420304706
281,1576724400,25,28,3,53,51,-0.418553778563934,-1.1154588295086914
281,1576738800,39,57,18,96,51,0.05316157115928318,-1.0207025432390444
281,1576753200,578,629,51,1207,51,1.090935340550361,1.427535457820907
281,1576767600,443,416,0,859,51,-0.5128968485085774,0.6606706294060887
281,1576782000,710,559,0,1269,51,-0.5128968485085774,1.5641608008143515
281,1576796400,292,263,0,555,51,-0.5128968485085774,-0.009234278174672044
281,1576810800,51,39,0,90,51,-0.5128968485085774,-1.0339243506255067
281,1576825200,32,51,19,83,51,0.08460926114083099,-1.0493497925763795
281,1576839600,512,484,0,996,51,-0.5128968485085774,0.962568564730313
281,1576854000,495,444,0,939,51,-0.5128968485085774,0.8369613945589205
281,1576868400,728,594,0,1322,51,-0.5128968485085774,1.6809534327281026
281,1576882800,298,232,0,530,51,-0.5128968485085774,-0.06432514228493197
281,1576897200,53,41,0,94,51,-0.5128968485085774,-1.025109812367865
281,1576911600,10,15,5,25,51,-0.35565839860083837,-1.1771605973121826
281,1576926000,88,174,86,262,51,2.191604489904534,-0.6548992055469184
281,1576940400,369,274,0,643,51,-0.5128968485085774,0.1846855634934429
281,1576954800,449,262,0,711,51,-0.5128968485085774,0.33453271387334993
281,1576969200,157,118,0,275,51,-0.5128968485085774,-0.6262519562095832
281,1576983600,42,39,0,81,51,-0.5128968485085774,-1.0537570617052003
281,1576998000,11,21,10,32,51,-0.1984199486930993,-1.1617351553613098
281,1577012400,89,131,42,220,51,0.8079061307164306,-0.747451857252155
281,1577026800,342,277,0,619,51,-0.5128968485085774,0.13179833394759338
281,1577041200,439,260,0,699,51,-0.5128968485085774,0.30808909910042515
281,1577055600,114,93,0,207,51,-0.5128968485085774,-0.7760991065894902
281,1577070000,33,31,0,64,51,-0.5128968485085774,-1.091218849300177
281,1577084400,25,40,15,65,51,-0.041181498785360246,-1.0890152147357666
281,1577098800,301,470,169,771,51,4.801762758373003,0.46675078773797374
281,1577113200,485,539,54,1024,51,1.1852784104950043,1.0242703325338043
281,1577127600,715,476,0,1191,51,-0.5128968485085774,1.3922773047903405
281,1577142000,202,175,0,377,51,-0.5128968485085774,-0.40148123063972274
281,1577156400,26,28,2,54,52,-0.6075735983323809,-1.03566176196046
281,1577170800,14,43,29,57,52,0.08925417462227893,-1.027286197896532
281,1577185200,219,329,110,548,52,2.1797374934862583,0.3435144538997236
281,1577199600,410,368,0,778,52,-0.6591904704030964,0.9856410321342222
281,1577214000,433,352,0,785,52,-0.6591904704030964,1.0051840149500546
281,1577228400,104,102,0,206,52,-0.6591904704030964,-0.6112998493880959
281,1577242800,25,36,11,61,52,-0.3752976740141609,-1.0161187791446276
281,1577257200,6,13,7,19,52,-0.478531418155592,-1.1333766760396229
281,1577271600,49,139,90,188,52,1.6635687727791029,-0.6615532337716653
281,1577286000,330,422,92,752,52,1.7151856448498184,0.913052810246844
281,1577300400,434,259,0,693,52,-0.6591904704030964,0.7483333836562552
281,1577314800,77,88,11,165,52,-0.3752976740141609,-0.7257658915951152
281,1577329200,20,25,5,45,52,-0.5301482902263076,-1.0607884541522448
281,1577343600,13,41,28,54,52,0.06344573858692115,-1.03566176196046
281,1577358000,220,322,102,542,52,1.973270005203396,0.3267633257718671
281,1577372400,397,350,0,747,52,-0.6591904704030964,0.8990935368069636
281,1577386800,615,370,0,985,52,-0.6591904704030964,1.563554952545271
281,1577401200,177,135,0,312,52,-0.6591904704030964,-0.31536325246263136
281,1577415600,26,22,0,48,52,-0.6591904704030964,-1.0524128900883165
281,1577430000,14,40,26,54,52,0.011828866516205613,-1.03566176196046
281,1577444400,243,343,100,586,52,1.9216531331326805,0.44960493204281465
281,1577458800,526,465,0,991,52,-0.6591904704030964,1.5803060806731275
281,1577473200,764,392,0,1156,52,-0.6591904704030964,2.040962104189181
281,1577487600,212,161,0,373,52,-0.6591904704030964,-0.14506011649609046
