remote_unit_id,time_stamp,entries,exits,num_people_exited,sum_exit_entry,week_num,z_score_num_people_exited,z_score_sum_exit_entry
207,1546311600,101,128,27,229,1,0.4309909532284061,-0.45272300390702963
207,1546326000,73,58,0,131,1,-0.4030427344183729,-0.6990426184584287
207,1546340400,224,59,0,283,1,-0.4030427344183729,-0.3169958693582995
207,1546354800,361,116,0,477,1,-0.4030427344183729,0.17061642883528647
207,1546369200,342,183,0,525,1,-0.4030427344183729,0.2912627706563799
207,1546383600,171,189,18,360,1,0.1529797240128131,-0.12345902935362878
207,1546398000,67,73,6,140,1,-0.21770191494131091,-0.6764214293669737
207,1546412400,180,45,0,225,1,-0.4030427344183729,-0.46277686572545407
207,1546426800,958,205,0,1163,1,-0.4030427344183729,1.8948537306950801
207,1546441200,497,184,0,681,1,-0.4030427344183729,0.6833633815749336
207,1546455600,582,407,0,989,1,-0.4030427344183729,1.4575107415936164
207,1546470000,255,320,65,575,1,1.6048161432497987,0.41693604338668555
207,1546484400,83,96,13,179,1,-0.0014709588847385822,-0.5783962766373353
207,1546498800,173,44,0,217,1,-0.4030427344183729,-0.48288458936230294
207,1546513200,959,219,0,1178,1,-0.4030427344183729,1.932555712514172
207,1546527600,441,202,0,643,1,-0.4030427344183729,0.5878516942999013
207,1546542000,583,451,0,1034,1,-0.4030427344183729,1.5706166870508915
207,1546556400,191,330,139,521,1,3.8906862501335633,0.28120890883795546
207,1546570800,50,133,83,183,1,2.1608386016809846,-0.5683424148189108
207,1546585200,170,51,0,221,1,-0.4030427344183729,-0.4728307275438785
207,1546599600,902,253,0,1155,1,-0.4030427344183729,1.8747460070582311
207,1546614000,540,229,0,769,1,-0.4030427344183729,0.9045483415802715
207,1546628400,566,480,0,1046,1,-0.4030427344183729,1.6007782725061648
207,1546642800,303,304,1,607,1,-0.37215259783886256,0.49736693793408115
207,1546657200,37,87,50,124,1,1.1414640945571437,-0.7166368766406714
207,1546671600,1,1,0,2,1,-0.4030427344183729,-1.0232796621026172
207,1546686000,1,5,4,6,1,-0.2794821881003316,-1.013225800284193
207,1546700400,0,1,1,1,1,-0.37215259783886256,-1.0257931275572234
207,1546714800,0,1,1,1,1,-0.37215259783886256,-1.0257931275572234
207,1546729200,2,9,7,11,1,-0.18681177836180057,-1.0006584730111623
207,1546743600,2,4,2,6,1,-0.3412624612593523,-1.013225800284193
207,1546758000,2,2,0,4,1,-0.4030427344183729,-1.018252731193405
207,1546772400,1,1,0,2,1,-0.4030427344183729,-1.0232796621026172
207,1546786800,0,0,0,0,1,-0.4030427344183729,-1.0283065930118296
207,1546801200,1,0,0,1,1,-0.4030427344183729,-1.0257931275572234
207,1546815600,0,1,1,1,1,-0.37215259783886256,-1.0257931275572234
207,1546830000,1,0,0,1,1,-0.4030427344183729,-1.0257931275572234
207,1546844400,174,22,0,196,1,-0.4030427344183729,-0.5356673639090314
207,1546858800,958,203,0,1161,1,-0.4030427344183729,1.889826799785868
207,1546873200,466,168,0,634,1,-0.4030427344183729,0.5652305052084462
207,1546887600,528,421,0,949,1,-0.4030427344183729,1.356972123409372
207,1546902000,211,341,130,552,1,3.6126750209179703,0.35912633793074494
207,1546916400,51,105,54,156,2,0.6630096650669901,-1.1392440399230228
207,1546930800,208,42,0,250,2,-0.5275730113953483,-0.8930895155351017
207,1546945200,1046,282,0,1328,2,-0.5275730113953483,1.9298315194668019
207,1546959600,482,177,0,659,2,-0.5275730113953483,0.1779445320676613
207,1546974000,597,368,0,965,2,-0.5275730113953483,0.9792560689049363
207,1546988400,221,351,130,572,2,2.338644543051022,-0.04987933624881883
207,1547002800,56,118,62,174,2,0.8393922838021513,-1.0921080671678889
207,1547017200,218,55,0,273,2,-0.5275730113953483,-0.832860217014653
207,1547031600,1032,246,0,1278,2,-0.5275730113953483,1.7988982618136522
207,1547046000,484,197,0,681,2,-0.5275730113953483,0.2355551654350471
207,1547060400,585,430,0,1015,2,-0.5275730113953483,1.1101893265580858
207,1547074800,230,375,145,605,2,2.669361953179449,0.036536613802259844
207,1547089200,53,89,36,142,2,0.26614877291287725,-1.1759053520659046
207,1547103600,206,44,0,250,2,-0.5275730113953483,-0.8930895155351017
207,1547118000,1090,286,0,1376,2,-0.5275730113953483,2.055527446813825
207,1547132400,473,223,0,696,2,-0.5275730113953483,0.27483514273099197
207,1547146800,642,444,0,1086,2,-0.5275730113953483,1.2961145524255582
207,1547161200,220,371,151,591,2,2.8016489172308203,-0.0001246983406220188
207,1547175600,57,103,46,160,2,0.48662704633182885,-1.1287693793107707
207,1547190000,191,37,0,228,2,-0.5275730113953483,-0.9507001489024874
207,1547204400,1047,260,0,1307,2,-0.5275730113953483,1.874839551252479
207,1547218800,455,260,0,715,2,-0.5275730113953483,0.32458978063918875
207,1547233200,646,411,0,1057,2,-0.5275730113953483,1.2201732629867315
207,1547247600,247,362,115,609,2,2.0079271329225947,0.047011274414511806
207,1547262000,61,118,57,179,2,0.7291531470926754,-1.079014741402574
207,1547276400,71,28,0,99,2,-0.5275730113953483,-1.2885079536476132
207,1547290800,426,126,0,552,2,-0.5275730113953483,-0.10225263931007864
207,1547305200,481,203,0,684,2,-0.5275730113953483,0.24341116089423606
207,1547319600,451,260,0,711,2,-0.5275730113953483,0.3141151200269368
207,1547334000,256,204,0,460,2,-0.5275730113953483,-0.34316983339187374
207,1547348400,74,112,38,186,2,0.3102444275966676,-1.060684085331133
207,1547362800,48,39,0,87,2,-0.5275730113953483,-1.319931935484369
207,1547377200,300,92,0,392,2,-0.5275730113953483,-0.521239063800157
207,1547391600,380,166,0,546,2,-0.5275730113953483,-0.11796463022845657
207,1547406000,334,240,0,574,2,-0.5275730113953483,-0.04464200594269285
207,1547420400,170,181,11,351,2,-0.2850469106345016,-0.6286043350757397
207,1547434800,46,60,14,106,2,-0.21890342860881615,-1.2701772975761723
207,1547449200,206,39,0,245,2,-0.5275730113953483,-0.9061828413004166
207,1547463600,997,274,0,1271,2,-0.5275730113953483,1.7805676057422113
207,1547478000,474,200,0,674,2,-0.5275730113953483,0.21722450936360618
207,1547492400,590,384,0,974,2,-0.5275730113953483,1.0028240552825032
207,1547506800,207,353,146,560,2,2.691409780521344,-0.08130331808557471
207,1547521200,67,93,26,160,3,0.15636376073812325,-1.086943687347528
207,1547535600,194,54,0,248,3,-0.5463079541838135,-0.8455167721770674
207,1547550000,1070,291,0,1361,3,-0.5463079541838135,2.2079850071947806
207,1547564400,462,211,0,673,3,-0.5463079541838135,0.32046548858936147
207,1547578800,611,379,0,990,3,-0.5463079541838135,1.1901510807374978
207,1547593200,251,398,147,649,3,3.4264898186440593,0.25462178445196315
207,1547607600,56,110,54,166,3,0.9130871460386706,-1.0704827613131784
207,1547622000,195,45,0,240,3,-0.5463079541838135,-0.8674646735562002
207,1547636400,1045,270,0,1315,3,-0.5463079541838135,2.081784574264767
207,1547650800,520,178,0,698,3,-0.5463079541838135,0.3890526803991514
207,1547665200,600,441,0,1041,3,-0.5463079541838135,1.3300689520294693
207,1547679600,270,380,110,650,3,2.426533916639765,0.2573652721243547
207,1547694000,66,100,34,166,3,0.37257044225256536,-1.0704827613131784
207,1547708400,198,49,0,247,3,-0.5463079541838135,-0.8482602598494591
207,1547722800,1051,241,0,1292,3,-0.5463079541838135,2.0186843577997604
207,1547737200,513,229,0,742,3,-0.5463079541838135,0.5097661379843818
207,1547751600,640,434,0,1074,3,-0.5463079541838135,1.4206040452183921
207,1547766000,254,360,106,614,3,2.3184305758825436,0.15859971591825722
207,1547780400,54,137,83,191,3,1.696836366528523,-1.0018955695033884
207,1547794800,192,54,0,246,3,-0.5463079541838135,-0.8510037475218506
207,1547809200,1001,283,0,1284,3,-0.5463079541838135,1.9967364564206276
207,1547823600,495,247,0,742,3,-0.5463079541838135,0.5097661379843818
207,1547838000,591,458,0,1049,3,-0.5463079541838135,1.3520168534086021
207,1547852400,272,351,79,623,3,1.588733025771302,0.1832911049697816
207,1547866800,71,142,71,213,3,1.37252634425686,-0.9415388407107733
207,1547881200,63,31,0,94,3,-0.5463079541838135,-1.2680138737253734
207,1547895600,367,135,0,502,3,-0.5463079541838135,-0.14867090338960168
207,1547910000,460,230,0,690,3,-0.5463079541838135,0.36710477902001865
207,1547924400,472,239,0,711,3,-0.5463079541838135,0.4247180201402422
207,1547938800,247,228,0,475,3,-0.5463079541838135,-0.2227450705441748
207,1547953200,70,105,35,175,3,0.3995962774418706,-1.045791372261654
207,1547967600,57,37,0,94,3,-0.5463079541838135,-1.2680138737253734
207,1547982000,251,95,0,346,3,-0.5463079541838135,-0.5766549802826909
207,1547996400,354,140,0,494,3,-0.5463079541838135,-0.17061880476873448
207,1548010800,312,191,0,503,3,-0.5463079541838135,-0.1459274157172101
207,1548025200,159,183,24,342,3,0.10231209035951275,-0.5876289309722573
207,1548039600,68,78,10,146,3,-0.2760496022907609,-1.1253525147610104
207,1548054000,108,31,0,139,3,-0.5463079541838135,-1.1445569284677515
207,1548068400,388,133,0,521,3,-0.5463079541838135,-0.09654463761416134
207,1548082800,358,195,0,553,3,-0.5463079541838135,-0.008753032097630216
207,1548097200,340,247,0,587,3,-0.5463079541838135,0.0845255487636841
207,1548111600,122,192,70,314,3,1.3455005090675547,-0.664446585799222
207,1548126000,32,60,28,92,4,0.17527199005754474,-1.2978582644010352
207,1548140400,157,28,0,185,4,-0.46548495875816764,-1.0550660902248883
207,1548154800,937,268,0,1205,4,-0.46548495875816764,1.6078158200941415
207,1548169200,440,187,0,627,4,-0.46548495875816764,0.09884940424669128
207,1548183600,545,362,0,907,4,-0.46548495875816764,0.8298365953146603
207,1548198000,205,365,160,570,4,3.19598332018876,-0.04995870250643097
207,1548212400,57,80,23,137,4,0.06085110634045322,-1.1803781801222544
207,1548226800,197,41,0,238,4,-0.46548495875816764,-0.91670065762988
207,1548241200,1018,240,0,1258,4,-0.46548495875816764,1.74618125268915
207,1548255600,475,235,0,710,4,-0.46548495875816764,0.3155348930275535
207,1548270000,584,370,0,954,4,-0.46548495875816764,0.9525380166724979
207,1548284400,208,406,198,614,4,4.065582036438656,0.0649107132328213
207,1548298800,56,111,55,167,4,0.7931447621298388,-1.1020581239364007
207,1548313200,176,53,0,229,4,-0.46548495875816764,-0.940196674485636
207,1548327600,1034,279,0,1313,4,-0.46548495875816764,1.8897680223632154
207,1548342000,463,208,0,671,4,-0.46548495875816764,0.21371881998594355
207,1548356400,813,421,0,1234,4,-0.46548495875816764,1.683525207740467
207,1548370800,293,375,82,668,4,1.4110175342021327,0.20588681436735817
207,1548385200,59,94,35,153,4,0.3354612272614728,-1.138607483489799
207,1548399600,253,43,0,296,4,-0.46548495875816764,-0.7652818823372292
207,1548407707,939,93,0,1032,4,-0.46548495875816764,1.156170162755718
207,1548408345,58,3,0,61,4,-0.46548495875816764,-1.3787889891264173
207,1548414000,400,301,0,701,4,-0.46548495875816764,0.29203887617179736
207,1548428400,711,260,0,971,4,-0.46548495875816764,0.9969193818444817
207,1548442800,849,423,0,1272,4,-0.46548495875816764,1.7827306122425484
207,1548457200,416,367,0,783,4,-0.46548495875816764,0.5061136964131312
207,1548471600,103,156,53,259,4,0.7473764086430021,-0.8618766182997822
207,1548486000,101,41,0,142,4,-0.46548495875816764,-1.1673248374246121
207,1548500400,406,141,0,547,4,-0.46548495875816764,-0.11000407891558557
207,1548514800,454,160,0,614,4,-0.46548495875816764,0.0649107132328213
207,1548529200,441,269,0,710,4,-0.46548495875816764,0.3155348930275535
207,1548543600,259,203,0,462,4,-0.46548495875816764,-0.3319109047755047
207,1548558000,75,123,48,198,4,0.6329555249259107,-1.0211273992110184
207,1548572400,50,31,0,81,4,-0.46548495875816764,-1.3265756183358481
207,1548586800,288,102,0,390,4,-0.46548495875816764,-0.5198790396215539
207,1548601200,417,165,0,582,4,-0.46548495875816764,-0.018630680032089442
207,1548615600,310,184,0,494,4,-0.46548495875816764,-0.24836951151059397
207,1548630000,149,195,46,344,4,0.5871871714390741,-0.6399697924398631
207,1548644400,39,78,39,117,4,0.42699793423514604,-1.2325915509128236
207,1548658800,226,63,0,289,4,-0.46548495875816764,-0.7835565621139284
207,1548673200,1055,301,0,1356,4,-0.46548495875816764,2.002026769562939
207,1548687600,466,208,0,674,4,-0.46548495875816764,0.22155082560452893
207,1548702000,580,451,0,1031,4,-0.46548495875816764,1.1535594942161893
207,1548716400,228,356,128,584,4,2.4636896643993746,-0.01340934295303252
207,1548730800,62,114,52,176,5,0.607644878483736,-1.1316323372507795
207,1548745200,196,62,0,258,5,-0.5463520037845071,-0.9035041606240126
207,1548759600,1025,291,0,1316,5,-0.5463520037845071,2.0399057280481734
207,1548774000,466,200,0,666,5,-0.5463520037845071,0.23157262064087578
207,1548788400,585,452,0,1037,5,-0.5463520037845071,1.2637135173302718
207,1548802800,230,379,149,609,5,2.760292908868728,0.07299571737592814
207,1548817200,57,102,45,159,5,0.45229914433224183,-1.1789272031368165
207,1548831600,181,46,0,227,5,-0.5463520037845071,-0.9897477395926684
207,1548846000,1043,236,0,1279,5,-0.5463520037845071,1.9369698434726812
207,1548860400,659,210,0,869,5,-0.5463520037845071,0.7963289603388473
207,1548874800,528,472,0,1000,5,-0.5463520037845071,1.1607776327547796
207,1548889200,174,343,169,517,5,3.2041378635872833,-0.1829529685955663
207,1548903600,44,93,49,137,5,0.5410681352759529,-1.2401323236952173
207,1548918000,175,38,0,213,5,-0.5463520037845071,-1.028696452675287
207,1548932400,949,231,0,1180,5,-0.5463520037845071,1.6615468009598773
207,1548946800,420,205,0,625,5,-0.5463520037845071,0.11750853232749238
207,1548961200,517,407,0,924,5,-0.5463520037845071,0.9493417617348493
207,1548975600,213,322,109,535,5,1.872602999431618,-0.13287605177505654
207,1548990000,51,109,58,160,5,0.7407983648993026,-1.1761451522023436
207,1549004400,201,41,0,242,5,-0.5463520037845071,-0.9480169755755768
207,1549018800,893,259,0,1152,5,-0.5463520037845071,1.5836493747946399
207,1549033200,483,206,0,689,5,-0.5463520037845071,0.2955597921337494
207,1549047600,550,383,0,933,5,-0.5463520037845071,0.9743802201451043
207,1549062000,292,333,41,625,5,0.3635301533885308,0.11750853232749238
207,1549076400,69,132,63,201,5,0.8517596035789414,-1.0620810638889602
207,1549090800,84,34,0,118,5,-0.5463520037845071,-1.2929912914501998
207,1549105200,425,128,0,553,5,-0.5463520037845071,-0.08279913495454674
207,1549119600,476,240,0,716,5,-0.5463520037845071,0.37067516736451406
207,1549134000,428,275,0,703,5,-0.5463520037845071,0.3345085052163681
207,1549148400,237,250,13,487,5,-0.2578527832174463,-0.2664144966297493
207,1549162800,62,141,79,203,5,1.2068355673537854,-1.0565169620200148
207,1549177200,63,33,0,96,5,-0.5463520037845071,-1.3541964120086007
207,1549191600,339,97,0,436,5,-0.5463520037845071,-0.4082990942878603
207,1549206000,434,166,0,600,5,-0.5463520037845071,0.04795725896567324
207,1549220400,339,283,0,622,5,-0.5463520037845071,0.10916237952407408
207,1549234800,153,188,35,341,5,0.23037666697296427,-0.672593933062773
207,1549249200,61,78,17,139,5,-0.1690837922737353,-1.2345682218262717
207,1549263600,232,31,0,263,5,-0.5463520037845071,-0.8895939059516488
207,1549278000,1063,255,0,1318,5,-0.5463520037845071,2.0454698299171192
207,1549292400,463,230,0,693,5,-0.5463520037845071,0.3066879958716405
207,1549306800,539,299,0,838,5,-0.5463520037845071,0.7100853813701915
207,1549321200,233,388,155,621,5,2.8934463952842946,0.10638032858960132
207,1549335600,46,98,52,144,6,0.33448472298409815,-1.2389467287587155
207,1549350000,194,39,0,233,6,-0.5488461536752373,-1.0096234867631682
207,1549364400,1016,293,0,1309,6,-0.5488461536752373,1.762868742306595
207,1549378800,477,205,0,682,6,-0.5488461536752373,0.14729938577616608
207,1549393200,578,442,0,1020,6,-0.5488461536752373,1.018212372231166
207,1549407600,248,368,120,616,6,1.4896097155386137,-0.02276054649019487
207,1549422000,51,105,54,156,6,0.3684589874709957,-1.2080267410739227
207,1549436400,202,52,0,254,6,-0.5488461536752373,-0.9555135083147807
207,1549450800,1063,255,0,1318,6,-0.5488461536752373,1.7860587330701898
207,1549465200,496,253,0,749,6,-0.5488461536752373,0.3199359836829264
207,1549479600,614,475,0,1089,6,-0.5488461536752373,1.1960023014187253
207,1549494000,227,452,225,679,6,3.273258601100734,0.13956938885496784
207,1549508400,48,126,78,174,6,0.7761501613137659,-1.1616467595467332
207,1549522800,203,46,0,249,6,-0.5488461536752373,-0.9683968365167777
207,1549537200,1120,310,0,1430,6,-0.5488461536752373,2.0746452847949235
207,1549551600,448,225,0,673,6,-0.5488461536752373,0.1241093950125714
207,1549566000,609,455,0,1064,6,-0.5488461536752373,1.13158566040874
207,1549580400,242,448,206,690,6,2.950503088475207,0.16791271089936133
207,1549594800,54,133,79,187,6,0.7931372935572146,-1.128150106221541
207,1549609200,222,58,0,280,6,-0.5488461536752373,-0.888520201664396
207,1549623600,1050,280,0,1330,6,-0.5488461536752373,1.8169787207549826
207,1549638000,521,230,0,751,6,-0.5488461536752373,0.32508931496372523
207,1549652400,638,447,0,1085,6,-0.5488461536752373,1.1856956388571276
207,1549666800,273,355,82,628,6,0.8440986902875609,0.008159441194598029
207,1549681200,81,159,78,240,6,0.7761501613137659,-0.9915868272803724
207,1549695600,75,40,0,115,6,-0.5488461536752373,-1.3136700323302983
207,1549710000,446,170,0,616,6,-0.5488461536752373,-0.02276054649019487
207,1549724400,486,233,0,719,6,-0.5488461536752373,0.24263601447094418
207,1549738800,437,297,0,734,6,-0.5488461536752373,0.2812859990769353
207,1549753200,268,248,0,516,6,-0.5488461536752373,-0.2804271105301357
207,1549767600,76,161,85,237,6,0.8950600870179072,-0.9993168242015706
207,1549782000,62,47,0,109,6,-0.5488461536752373,-1.3291300261726948
207,1549796400,320,110,0,430,6,-0.5488461536752373,-0.5020203556044848
207,1549810800,408,199,0,607,6,-0.5488461536752373,-0.045950537253789545
207,1549825200,366,247,0,613,6,-0.5488461536752373,-0.030490543411393095
207,1549839600,140,252,112,392,6,1.3537126575910237,-0.5999336499396624
207,1549854000,61,70,9,131,6,-0.39596196348419843,-1.2724433820839078
207,1549868400,219,45,0,264,6,-0.5488461536752373,-0.9297468519107865
207,1549882800,1093,269,0,1362,6,-0.5488461536752373,1.8994320212477638
207,1549897200,522,179,0,701,6,-0.5488461536752373,0.19625603294375482
207,1549911600,605,393,0,998,6,-0.5488461536752373,0.961525728142379
207,1549926000,246,423,177,669,6,2.4578762534151934,0.11380273245097376
207,1549940400,64,102,38,166,7,0.19997640395897187,-1.1342860692513985
207,1549954800,204,65,0,269,7,-0.5405394677777313,-0.8497278730334937
207,1549969200,1028,287,0,1315,7,-0.5405394677777313,2.040057304092025
207,1549983600,417,199,0,616,7,-0.5405394677777313,0.10892935111808844
207,1549998000,555,463,0,1018,7,-0.5405394677777313,1.2195351266481635
207,1550012400,185,372,187,557,7,3.10357811155815,-0.05407000399702209
207,1550026800,41,96,55,137,7,0.5312598202622338,-1.2144043963418767
207,1550041200,190,30,0,220,7,-0.5405394677777313,-0.9851002188070601
207,1550055600,1048,307,0,1355,7,-0.5405394677777313,2.1505653414582016
207,1550070000,442,213,0,655,7,-0.5405394677777313,0.21667468755011063
207,1550084400,615,411,0,1026,7,-0.5405394677777313,1.2416367341213987
207,1550098800,217,423,206,640,7,3.4738360474265018,0.1752341735377944
207,1550113200,51,104,53,155,7,0.49228530069714416,-1.1646757795270972
207,1550127600,205,42,0,247,7,-0.5405394677777313,-0.9105072935848909
207,1550142000,1076,308,0,1384,7,-0.5405394677777313,2.2306836685486795
207,1550156400,517,198,0,715,7,-0.5405394677777313,0.3824367435993756
207,1550170800,603,408,0,1011,7,-0.5405394677777313,1.2001962201090826
207,1550185200,254,386,132,640,7,2.031778823518185,0.1752341735377944
207,1550199600,75,152,77,227,7,0.9599795354782198,-0.9657613122679792
207,1550214000,206,49,0,255,7,-0.5405394677777313,-0.8884056861116556
207,1550228400,977,287,0,1264,7,-0.5405394677777313,1.8991595564501498
207,1550242800,526,224,0,750,7,-0.5405394677777313,0.47913127629478014
207,1550257200,621,447,0,1068,7,-0.5405394677777313,1.3576701733558842
207,1550271600,284,339,55,623,7,0.5312598202622338,0.12826825765716934
207,1550286000,89,148,59,237,7,0.6092088593924131,-0.9381343029264351
207,1550300400,82,44,0,126,7,-0.5405394677777313,-1.2447941066175752
207,1550314800,423,158,0,581,7,-0.5405394677777313,0.012234818422683886
207,1550329200,451,201,0,652,7,-0.5405394677777313,0.2083865847476474
207,1550343600,423,302,0,725,7,-0.5405394677777313,0.41006375294091973
207,1550358000,275,262,0,537,7,-0.5405394677777313,-0.1093240226801104
207,1550372400,71,135,64,206,7,0.7066451583051372,-1.0237780318852219
207,1550386800,51,35,0,86,7,-0.5405394677777313,-1.3553021439837518
207,1550401200,316,111,0,427,7,-0.5405394677777313,-0.4132211254370961
207,1550415600,450,171,0,621,7,-0.5405394677777313,0.1227428557888605
207,1550430000,366,260,0,626,7,-0.5405394677777313,0.1365563604596326
207,1550444400,147,222,75,369,7,0.9210050159131302,-0.5734577796180522
207,1550458800,56,87,31,143,7,0.06356558548115812,-1.1978281907369501
207,1550473200,94,32,0,126,7,-0.5405394677777313,-1.2447941066175752
207,1550487600,454,156,0,610,7,-0.5405394677777313,0.09235314551316194
207,1550502000,419,187,0,606,7,-0.5405394677777313,0.08130234177654427
207,1550516400,438,326,0,764,7,-0.5405394677777313,0.5178090893729419
207,1550530800,164,297,133,461,7,2.05126608330073,-0.31928929367584596
207,1550545200,47,99,52,146,8,0.7115488529880394,-1.356503590795731
207,1550559600,203,45,0,248,8,-0.5698551420034081,-1.0795691574483914
207,1550574000,903,235,0,1138,8,-0.5698551420034081,1.3368195256803563
207,1550588400,493,264,0,757,8,-0.5698551420034081,0.30238796582411714
207,1550602800,563,393,0,956,8,-0.5698551420034081,0.8426816151978485
207,1550617200,237,344,107,581,8,2.0668800015366857,-0.17545968387325317
207,1550631600,71,100,29,171,8,0.1447740090495145,-1.288627504190991
207,1550646000,186,55,0,241,8,-0.5698551420034081,-1.0985744616977187
207,1550660400,939,276,0,1215,8,-0.5698551420034081,1.5458778724229558
207,1550674800,480,241,0,721,8,-0.5698551420034081,0.2046464011132914
207,1550689200,507,394,0,901,8,-0.5698551420034081,0.6933542246674201
207,1550703600,227,360,133,587,8,2.7075819990324095,-0.15916942308811555
207,1550718000,55,99,44,154,8,0.514409776835509,-1.3347832430822142
207,1550732400,192,39,0,231,8,-0.5698551420034081,-1.1257248963396147
207,1550746800,990,229,0,1219,8,-0.5698551420034081,1.5567380462797142
207,1550761200,448,202,0,650,8,-0.5698551420034081,0.011878315155829518
207,1550775600,575,454,0,1029,8,-0.5698551420034081,1.0408797880836895
207,1550790000,230,355,125,585,8,2.510442922879879,-0.16459951001649475
207,1550804400,80,113,33,193,8,0.2433435471257797,-1.2288965479788196
207,1550818800,182,45,0,227,8,-0.5698551420034081,-1.1365850701963731
207,1550833200,948,240,0,1188,8,-0.5698551420034081,1.4725716988898365
207,1550847600,492,228,0,720,8,-0.5698551420034081,0.2019313576491018
207,1550862000,579,430,0,1009,8,-0.5698551420034081,0.9865789187998975
207,1550876400,298,330,32,628,8,0.2187011626067134,-0.04785264105634177
207,1551495600,9193,9192,0,18385,9,-0.44921246502575357,4.115130398861682
207,1551510000,97,44,0,141,9,-0.44921246502575357,-0.3244603326390981
207,1551524400,410,121,0,531,9,-0.44921246502575357,-0.22955568534216192
207,1551538800,432,184,0,616,9,-0.44921246502575357,-0.20887133913641942
207,1551553200,498,227,0,725,9,-0.44921246502575357,-0.18234670694317315
207,1551567600,249,249,0,498,9,-0.44921246502575357,-0.2375860785749796
207,1551582000,81,128,47,209,9,0.9129156547297573,-0.3079128556745041
207,1551596400,68,34,0,102,9,-0.44921246502575357,-0.33395079736879174
207,1551610800,311,114,0,425,9,-0.44921246502575357,-0.2553502817869702
207,1551625200,460,168,0,628,9,-0.44921246502575357,-0.20595119614266755
207,1551639600,350,192,0,542,9,-0.44921246502575357,-0.22687888759788938
207,1551654000,131,190,59,321,9,1.2606930470077602,-0.28065818773281986
207,1551668400,41,77,36,118,9,0.5941197118082547,-0.3300572733771226
207,1551682800,165,34,0,199,9,-0.44921246502575357,-0.31034630816929737
207,1551697200,804,217,0,1021,9,-0.44921246502575357,-0.11031651309729336
207,1551711600,438,169,0,607,9,-0.44921246502575357,-0.21106144638173333
207,1551726000,527,380,0,907,9,-0.44921246502575357,-0.13805787153793625
207,1551740400,213,350,137,563,9,3.521246096814778,-0.22176863735882357
207,1551754800,62,100,38,162,10,0.49796564514570374,-1.2621048568114277
207,1551769200,208,42,0,250,10,-0.4492967739872441,-1.0173651112303659
207,1551783600,1073,316,0,1389,10,-0.4492967739872441,2.150345913960876
207,1551798000,495,200,0,695,10,-0.4492967739872441,0.22023928403750292
207,1551812400,620,246,0,866,10,-0.4492967739872441,0.695813107837066
207,1551826800,315,184,0,499,10,-0.4492967739872441,-0.3248628765748618
207,1551841200,98,55,0,153,10,-0.4492967739872441,-1.2871350580640362
207,1551855600,338,218,0,556,10,-0.4492967739872441,-0.1663382686416741
207,1551870000,1035,295,0,1330,10,-0.4492967739872441,1.986259039082664
207,1551884400,505,235,0,740,10,-0.4492967739872441,0.34539029030054585
207,1551898800,588,421,0,1009,10,-0.4492967739872441,1.0935151944062913
207,1551913200,236,418,182,654,10,4.087591654491612,0.10621281166450826
207,1551927600,61,105,44,166,10,0.6475333955351166,-1.2509803229213794
207,1551942000,203,52,0,255,10,-0.4492967739872441,-1.0034594438678055
207,1551946281,393,70,0,463,10,-0.4492967739872441,-0.42498368158529615
207,1551956400,759,295,0,1054,10,-0.4492967739872441,1.2186662006693343
207,1551970800,510,195,0,705,10,-0.4492967739872441,0.24805061876262358
207,1551985200,612,423,0,1035,10,-0.4492967739872441,1.165824664691605
207,1551999600,258,404,146,662,10,3.1901851521551348,0.12846187944460477
207,1552014000,64,106,42,170,10,0.5976774787386456,-1.239855789031331
207,1552028400,201,40,0,241,10,-0.4492967739872441,-1.0423953124829746
207,1552042800,1036,292,0,1328,10,-0.4492967739872441,1.9806967721376398
207,1552057200,523,229,0,752,10,-0.4492967739872441,0.3787638919706906
207,1552071600,693,417,0,1110,10,-0.4492967739872441,1.37440967513001
207,1552086000,320,364,44,684,10,0.6475333955351166,0.1896468158398702
207,1552100400,86,150,64,236,10,1.146092563499826,-1.0563009798455347
207,1552114800,78,48,0,126,10,-0.4492967739872441,-1.362225661821862
207,1552129200,424,161,0,585,10,-0.4492967739872441,-0.08568539793882421
207,1552143600,515,202,0,717,10,-0.4492967739872441,0.2814242204327683
207,1552158000,498,274,0,772,10,-0.4492967739872441,0.4343865614209319
207,1552172400,281,225,0,506,10,-0.4492967739872441,-0.3053949422672773
207,1552190400,85,161,76,246,10,1.4452280642786515,-1.0284896451204142
207,1552204800,91,68,0,159,10,-0.4492967739872441,-1.270448257228964
207,1552219200,356,152,0,508,10,-0.4492967739872441,-0.2998326753222532
207,1552233600,442,153,0,595,10,-0.4492967739872441,-0.057874063213703565
207,1552248000,306,203,0,509,10,-0.4492967739872441,-0.29705154184974114
207,1552262400,114,210,96,324,10,1.9437872322433611,-0.8115612342644731
207,1552276800,31,56,25,87,10,0.17390218596864263,-1.4706898672498325
207,1552291200,469,124,0,593,10,-0.4492967739872441,-0.0634363301587277
207,1552305600,879,288,0,1167,10,-0.4492967739872441,1.5329342830631976
207,1552320000,511,273,0,784,10,-0.4492967739872441,0.4677601630910767
207,1552334400,580,442,0,1022,10,-0.4492967739872441,1.129669929548948
207,1552348800,185,290,105,475,11,1.8418308198164006,-0.4097711271524835
207,1552363200,29,70,41,99,11,0.3709316857088166,-1.555797694148047
207,1552377600,496,135,0,631,11,-0.5713630720788544,0.0657079804307822
207,1552392000,890,241,0,1131,11,-0.5713630720788544,1.5896794790950952
207,1552406400,546,241,0,787,11,-0.5713630720788544,0.5411870880140479
207,1552420800,590,486,0,1076,11,-0.5713630720788544,1.4220426142420208
207,1552435200,212,353,141,565,11,2.6692115827519167,-0.13545625739290712
207,1552449600,31,65,34,96,11,0.2100520929157996,-1.5649415231400328
207,1552464000,519,162,0,681,11,-0.5713630720788544,0.2181051302972135
207,1552478400,928,225,0,1153,11,-0.5713630720788544,1.656734225036325
207,1552492800,539,247,0,786,11,-0.5713630720788544,0.5381391450167192
207,1552507200,562,421,0,983,11,-0.5713630720788544,1.1385839154904587
207,1552521600,176,347,171,523,11,3.3586955518648467,-0.2634698632807094
207,1552536000,38,88,50,126,11,0.5777768764426956,-1.473503233220174
207,1552550400,469,122,0,591,11,-0.5713630720788544,-0.056209739462362844
207,1552552225,198,12,0,210,11,-0.5713630720788544,-1.2174760214445695
207,1552564800,756,239,0,995,11,-0.5713630720788544,1.175159231458402
207,1552579200,510,214,0,724,11,-0.5713630720788544,0.34916667918234445
207,1552593600,557,508,0,1065,11,-0.5713630720788544,1.388515241271406
207,1552608000,210,333,123,543,11,2.2555212012841586,-0.2025110033341369
207,1552622400,34,59,25,93,11,0.0032069021819206103,-1.5740853521320186
207,1552636800,440,132,0,572,11,-0.5713630720788544,-0.11412065641160674
207,1552651200,868,234,0,1102,11,-0.5713630720788544,1.5012891321725652
207,1552665600,548,237,0,785,11,-0.5713630720788544,0.5350912020193906
207,1552680000,561,460,0,1021,11,-0.5713630720788544,1.2544057493889464
207,1552694400,254,316,62,570,11,0.8535704640878675,-0.12021654240626399
207,1552708800,57,121,64,178,11,0.8995360620287295,-1.3150101973590855
207,1552723200,139,49,0,188,11,-0.5713630720788544,-1.284530767385799
207,1552737600,432,172,0,604,11,-0.5713630720788544,-0.016586480497090703
207,1552752000,487,196,0,683,11,-0.5713630720788544,0.22420101629187075
207,1552766400,436,267,0,703,11,-0.5713630720788544,0.2851598762384433
207,1552780800,189,277,88,466,11,1.4511232373190734,-0.43720261412844114
207,1552795200,50,104,54,154,11,0.6697080723244196,-1.3881608292949725
207,1552809600,97,59,0,156,11,-0.5713630720788544,-1.3820649433003152
207,1552824000,405,129,0,534,11,-0.5713630720788544,-0.22994249031009453
207,1552838400,496,203,0,699,11,-0.5713630720788544,0.27296810424912876
207,1552852800,319,254,0,573,11,-0.5713630720788544,-0.11107271341427812
207,1552867200,125,212,87,337,11,1.4281404383486425,-0.8303872607838338
207,1552881600,32,56,24,88,11,-0.01977589678851039,-1.5893250671186618
207,1552896000,498,128,0,626,11,-0.5713630720788544,0.05046826544413907
207,1552910400,856,257,0,1113,11,-0.5713630720788544,1.53481650514318
207,1552924800,467,233,0,700,11,-0.5713630720788544,0.2760160472464574
207,1552939200,557,464,0,1021,11,-0.5713630720788544,1.2544057493889464
207,1552953600,168,339,171,507,12,2.9418083954754035,-0.35741240875793556
207,1552968000,32,54,22,86,12,-0.07175142427988787,-1.5970683937830072
207,1552982400,462,127,0,589,12,-0.51670656545181,-0.1159592240262114
207,1552996800,927,252,0,1179,12,-0.51670656545181,1.6213258856288773
207,1553011200,497,271,0,768,12,-0.51670656545181,0.4111154109369426
207,1553025600,573,517,0,1090,12,-0.51670656545181,1.359260843663957
207,1553040000,197,361,164,558,12,2.8002317596479736,-0.2072403060589364
207,1553054400,31,78,47,109,12,0.43387941796093277,-1.5293437200167919
207,1553068800,502,132,0,634,12,-0.51670656545181,0.016545572472905525
207,1553083200,902,224,0,1126,12,-0.51670656545181,1.4652646808632506
207,1553097600,544,295,0,839,12,-0.51670656545181,0.6201785343022159
207,1553112000,553,498,0,1051,12,-0.51670656545181,1.2444233533647224
207,1553126400,208,370,162,578,12,2.7597812922687077,-0.1483492853926622
207,1553140800,49,81,32,130,12,0.13050091261644037,-1.467508148317204
207,1553155200,471,114,0,585,12,-0.51670656545181,-0.12773742815946623
207,1553169600,889,254,0,1143,12,-0.51670656545181,1.5153220484295835
207,1553184000,508,250,0,758,12,-0.51670656545181,0.3816699006038055
207,1553198400,574,435,0,1009,12,-0.51670656545181,1.1207522099655465
207,1553212800,174,338,164,512,12,2.8002317596479736,-0.34268965359136705
207,1553227200,41,81,40,122,12,0.29230278213350297,-1.4910645565837137
207,1553241600,463,106,0,569,12,-0.51670656545181,-0.17485024469248558
207,1553256000,895,258,0,1153,12,-0.51670656545181,1.5447675587627208
207,1553270400,532,265,0,797,12,-0.51670656545181,0.49650739090304014
207,1553284800,639,486,0,1125,12,-0.51670656545181,1.4623201298299369
207,1553299200,234,306,72,540,12,0.9395102602017533,-0.26024222465858315
207,1553313600,58,135,77,193,12,1.0406364286499175,-1.2820014332184404
207,1553328000,139,50,0,189,12,-0.51670656545181,-1.2937796373516952
207,1553342400,428,155,0,583,12,-0.51670656545181,-0.13362653022609366
207,1553356800,480,178,0,658,12,-0.51670656545181,0.08721479727243456
207,1553371200,437,238,0,675,12,-0.51670656545181,0.1372721648387676
207,1553385600,208,239,31,447,12,0.11027567892680755,-0.5340854707567582
207,1553400000,61,94,33,155,12,0.1507261463060732,-1.3938943724843613
207,1553414400,103,46,0,149,12,-0.51670656545181,-1.4115616786842435
207,1553428800,398,162,0,560,12,-0.51670656545181,-0.20135120399230896
207,1553443200,467,191,0,658,12,-0.51670656545181,0.08721479727243456
207,1553457600,329,251,0,580,12,-0.51670656545181,-0.14246018332603477
207,1553472000,147,194,47,341,12,0.43387941796093277,-0.8462078802880113
207,1553486400,32,43,11,75,12,-0.29422899486584897,-1.629458455149458
207,1553500800,505,107,0,612,12,-0.51670656545181,-0.04823455025999608
207,1553515200,903,250,0,1153,12,-0.51670656545181,1.5447675587627208
207,1553529600,475,281,0,756,12,-0.51670656545181,0.37578079853717805
207,1553544000,557,494,0,1051,12,-0.51670656545181,1.2444233533647224
207,1553558400,194,313,119,507,13,2.1802606767053385,-0.22214083627706024
207,1553572800,43,53,10,96,13,-0.24957418281912633,-1.4591937525227445
207,1553587200,490,142,0,632,13,-0.4724948121332974,0.15409180248379267
207,1553601600,928,280,0,1208,13,-0.4724948121332974,1.887771801893803
207,1553616000,516,256,0,772,13,-0.4724948121332974,0.575472357895948
207,1553630400,530,434,0,964,13,-0.4724948121332974,1.153365691032618
207,1553644800,187,325,138,512,13,2.6038098724022634,-0.20709153072662612
207,1553659200,34,48,14,82,13,-0.16040593109345788,-1.5013318080639602
207,1553673600,489,130,0,619,13,-0.4724948121332974,0.11496360805266398
207,1553688000,901,257,0,1158,13,-0.4724948121332974,1.7372787463894617
207,1553702400,523,298,0,821,13,-0.4724948121332974,0.7229555522902023
207,1553716800,531,464,0,995,13,-0.4724948121332974,1.2466713854453095
207,1553731200,223,363,140,586,13,2.6483939982650977,0.01563819141979881
207,1553745600,51,42,0,93,13,-0.4724948121332974,-1.468223335853005
207,1553760000,464,117,0,581,13,-0.4724948121332974,0.0005888858693646942
207,1553774400,926,296,0,1222,13,-0.4724948121332974,1.9299098574350184
207,1553788800,494,250,0,744,13,-0.4724948121332974,0.49119624681351687
207,1553803200,565,455,0,1020,13,-0.4724948121332974,1.32191791319748
207,1553817600,196,341,145,537,13,2.759854312922183,-0.13184500297445553
207,1553832000,61,66,5,127,13,-0.36103449747621186,-1.365888058110053
207,1553846400,447,100,0,547,13,-0.4724948121332974,-0.1017463918735873
207,1553850126,131,62,0,193,13,-0.4724948121332974,-1.1672372248443228
207,1553853074,558,56,0,614,13,-0.4724948121332974,0.09991430250222987
207,1553854654,84,13,0,97,13,-0.4724948121332974,-1.4561838914126577
207,1553857432,111,22,0,133,13,-0.4724948121332974,-1.3478288914495322
207,1553860800,226,173,0,399,13,-0.4724948121332974,-0.5472058361664371
207,1553875200,573,234,0,807,13,-0.4724948121332974,0.6808174967489867
207,1553889600,591,468,0,1059,13,-0.4724948121332974,1.4393024964908663
207,1553904000,212,360,148,572,13,2.8267305017164346,-0.026499864121416715
207,1553918400,53,110,57,163,13,0.7981527749574777,-1.2575330581469275
207,1553932800,160,66,0,226,13,-0.4724948121332974,-1.0679118082114576
207,1553947200,442,176,0,618,13,-0.4724948121332974,0.11195374694257716
207,1553961600,532,231,0,763,13,-0.4724948121332974,0.5483836079051665
207,1553976000,481,294,0,775,13,-0.4724948121332974,0.5845019412262085
207,1553990400,232,254,22,486,13,0.01793057235787899,-0.2853479195888835
207,1554004800,58,112,54,170,13,0.7312765861632264,-1.2364640303763197
207,1554019200,126,56,0,182,13,-0.4724948121332974,-1.2003456970552777
207,1554033600,378,157,0,535,13,-0.4724948121332974,-0.13786472519462917
207,1554048000,424,216,0,640,13,-0.4724948121332974,0.17817069136448727
207,1554062400,271,271,0,542,13,-0.4724948121332974,-0.11679569742402142
207,1554076800,125,225,100,350,13,1.7567114810084135,-0.6946890305606915
207,1554091200,35,58,23,93,13,0.0402226352892961,-1.468223335853005
207,1554105600,528,131,0,659,13,-0.4724948121332974,0.23535805245613692
207,1554120000,901,219,0,1120,13,-0.4724948121332974,1.6229040242061625
207,1554134400,525,237,0,762,13,-0.4724948121332974,0.5453737467950797
207,1554148800,519,417,0,936,13,-0.4724948121332974,1.069089579950187
207,1554163200,181,318,137,499,14,1.9231762509382222,-0.23668692688706594
207,1554177600,31,51,20,82,14,-0.12665442381392356,-1.3633279562738707
207,1554192000,494,145,0,639,14,-0.4770528297544613,0.14156185995742487
207,1554206400,881,268,0,1149,14,-0.4770528297544613,1.519468154890927
207,1554220800,488,274,0,762,14,-0.4770528297544613,0.47388043697079896
207,1554235200,564,455,0,1019,14,-0.4770528297544613,1.1682371385353285
207,1554249600,166,336,170,502,14,2.50133362074011,-0.2285815957403983
207,1554264000,39,58,19,97,14,-0.14417434411095045,-1.3228013005405324
207,1554278400,501,119,0,620,14,-0.4770528297544613,0.09022809602852969
207,1554292800,835,236,0,1071,14,-0.4770528297544613,1.308729545077568
207,1554307200,505,287,0,792,14,-0.4770528297544613,0.5549337484374756
207,1554311908,241,37,0,278,14,-0.4770528297544613,-0.8337796546915835
207,1554311978,98,19,0,117,14,-0.4770528297544613,-1.268765759562748
207,1554311997,3,2,0,5,14,-0.4770528297544613,-1.5713647890383406
207,1554312057,0,0,0,0,14,-0.4770528297544613,-1.5848736742827867
207,1554321600,470,412,0,882,14,-0.4770528297544613,0.7980936828375054
207,1554336000,187,348,161,535,14,2.3436543380668677,-0.13942295312705402
207,1554350400,37,74,37,111,14,0.1711842212355335,-1.2849764218560833
207,1554364800,491,109,0,600,14,-0.4770528297544613,0.03619255505074528
207,1554379200,880,228,0,1108,14,-0.4770528297544613,1.4086952958864691
207,1554393600,494,273,0,767,14,-0.4770528297544613,0.48738932221524506
207,1554406065,510,84,0,594,14,-0.4770528297544613,0.01998189275740996
207,1554408000,475,500,25,975,14,-0.039054822328789124,1.0493589483842027
207,1554422400,200,401,201,601,14,3.044451149947943,0.0388943320996345
207,1554436800,34,66,32,100,14,0.08358461975039909,-1.3146959693938647
207,1554451200,464,115,0,579,14,-0.4770528297544613,-0.020544762975928343
207,1554465600,933,248,0,1181,14,-0.4770528297544613,1.605925020455382
207,1554480000,535,283,0,818,14,-0.4770528297544613,0.6251799517085953
207,1554494400,547,437,0,984,14,-0.4770528297544613,1.0736749418242058
207,1554508800,184,307,123,491,14,1.6778973667798458,-0.2583011432781797
207,1554523200,45,113,68,158,14,0.714301750443367,-1.15799290055829
207,1554537600,150,55,0,205,14,-0.4770528297544613,-1.0310093792604966
207,1554552000,492,88,0,580,14,-0.4770528297544613,-0.01784298592703912
207,1554566400,421,102,0,523,14,-0.4770528297544613,-0.17184427771372465
207,1554580800,437,87,0,524,14,-0.4770528297544613,-0.16914250066483544
207,1554595200,236,42,0,278,14,-0.4770528297544613,-0.8337796546915835
207,1554609600,761,979,218,1740,14,3.3422897949974,3.1162183907844563
207,1554624000,147,47,0,194,14,-0.4770528297544613,-1.060728926798278
207,1554638400,409,88,0,497,14,-0.4770528297544613,-0.2420904809848444
207,1554652800,473,391,0,864,14,-0.4770528297544613,0.7494616959574993
207,1554667200,304,249,0,553,14,-0.4770528297544613,-0.09079096624704806
207,1554681600,128,210,82,338,14,0.9595806346017434,-0.6716730317582303
207,1554696000,39,53,14,92,14,-0.23177394559608488,-1.3363101857849786
207,1554710400,517,121,0,638,14,-0.4770528297544613,0.13886008290853563
207,1554713681,364,32,0,396,14,-0.4770528297544613,-0.5149699629226556
207,1554724800,520,278,0,798,14,-0.4770528297544613,0.5711444107308109
207,1554739200,506,220,0,726,14,-0.4770528297544613,0.376616463210787
207,1554753600,638,457,0,1095,14,-0.4770528297544613,1.3735721942509092
207,1554768000,192,307,115,499,15,1.7891556503376103,-0.4554527850670237
207,1554782400,35,62,27,97,15,0.0058832301253337336,-1.600008664781734
207,1554796800,522,131,0,653,15,-0.5412571715307057,-0.01699107990268195
207,1554811200,898,263,0,1161,15,-0.5412571715307057,1.4293631163537182
207,1554825600,515,224,0,739,15,-0.5412571715307057,0.22786415804623616
207,1554840000,553,533,0,1086,15,-0.5412571715307057,1.2158265716308243
207,1554854400,183,342,159,525,15,2.6807918604437484,-0.38142678289642057
207,1554868800,38,80,42,118,15,0.30985011993424455,-1.5402184322593238
207,1554883200,496,141,0,637,15,-0.5412571715307057,-0.06254554277689928
207,1554897600,905,284,0,1189,15,-0.5412571715307057,1.5090834263835984
207,1554912000,516,291,0,807,15,-0.5412571715307057,0.4214706252616598
207,1554926400,584,421,0,1005,15,-0.5412571715307057,0.9852071033300992
207,1554934123,120,37,0,157,15,-0.5412571715307057,-1.429179429003419
207,1554940800,259,393,134,652,15,2.1741803774288972,-0.019838233832320532
207,1554955200,35,61,26,96,15,-0.014381229195260319,-1.6028558187113726
207,1554969600,486,128,0,614,15,-0.5412571715307057,-0.1280300831585867
207,1554984000,920,242,0,1162,15,-0.5412571715307057,1.4322102702833568
207,1554998400,509,265,0,774,15,-0.5412571715307057,0.32751454558358656
207,1555012800,560,524,0,1084,15,-0.5412571715307057,1.2101322637715473
207,1555027200,182,351,169,533,15,2.883436453649689,-0.3586495514593119
207,1555041600,37,70,33,107,15,0.12746998604889806,-1.571537125485348
207,1555056000,456,124,0,580,15,-0.5412571715307057,-0.2248333167662985
207,1555070400,936,289,0,1225,15,-0.5412571715307057,1.6115809678505875
207,1555084800,524,288,0,812,15,-0.5412571715307057,0.4357063949098527
207,1555099200,557,475,0,1032,15,-0.5412571715307057,1.062080259430341
207,1555113600,247,328,81,575,15,1.1001640334374125,-0.2390690864144914
207,1555128000,50,92,42,142,15,0.30985011993424455,-1.4718867379479978
207,1555142400,157,59,0,216,15,-0.5412571715307057,-1.2611973471547426
207,1555156800,542,175,0,717,15,-0.5412571715307057,0.16522677159418736
207,1555171200,503,210,0,713,15,-0.5412571715307057,0.15383815587563301
207,1555185600,417,304,0,721,15,-0.5412571715307057,0.17661538731274168
207,1555718400,9935,8841,0,18776,16,-0.5722079738328705,4.115600711630458
207,1555732800,57,101,44,158,16,1.3319462920311358,-0.32042746593604876
207,1555747200,125,64,0,189,16,-0.5722079738328705,-0.3130412336068748
207,1555761600,393,103,0,496,16,-0.5722079738328705,-0.23989370699215154
207,1555776000,449,217,0,666,16,-0.5722079738328705,-0.19938856196119728
207,1555790400,410,279,0,689,16,-0.5722079738328705,-0.19390845410406818
207,1555804800,219,276,57,495,16,1.8945373251273194,-0.24013197255115715
207,1555819200,65,93,28,158,16,0.6395265589896789,-0.32042746593604876
207,1555833600,95,58,0,153,16,-0.5722079738328705,-0.3216187937310768
207,1555848000,392,251,0,643,16,-0.5722079738328705,-0.20486866981832638
207,1555862400,397,167,0,564,16,-0.5722079738328705,-0.22369164897976984
207,1555876800,291,252,0,543,16,-0.5722079738328705,-0.2286952257188877
207,1555891200,131,210,79,341,16,2.8466144580593222,-0.2768248686380216
207,1555905600,32,54,22,86,16,0.3798691590991326,-0.3375825861844529
207,1555920000,414,124,0,538,16,-0.5722079738328705,-0.22988655351391576
207,1555934400,749,208,0,957,16,-0.5722079738328705,-0.13005328429056384
207,1555948800,433,246,0,679,16,-0.5722079738328705,-0.1962911096941243
207,1555963200,456,464,8,920,16,-0.22599810731214212,-0.13886910997377153
207,1555977600,175,302,127,477,17,1.2294044772562067,-0.24418167539688918
207,1555992000,38,72,34,110,17,0.026135519301805275,-1.0672407759723697
207,1556006400,430,107,0,537,17,-0.41376926102561035,-0.1096216044581185
207,1556020800,817,220,0,1037,17,-0.41376926102561035,1.0117123200316371
207,1556035200,463,262,0,725,17,-0.41376926102561035,0.3119999511500296
207,1556049600,507,461,0,968,17,-0.41376926102561035,0.8569682384520508
207,1556064000,184,532,348,716,17,4.088785549384408,0.291815940509214
207,1556078400,38,96,58,134,17,0.33665654070939277,-1.0134167475968614
207,1556092800,424,122,0,546,17,-0.41376926102561035,-0.0894375938173029
207,1556107200,474,436,0,910,17,-0.41376926102561035,0.7268935032112391
207,1556116153,1089,148,0,1237,17,-0.41376926102561035,1.4602458898275392
207,1556116234,4,4,0,8,17,-0.41376926102561035,-1.2959928965682799
207,1556116320,2,0,0,2,17,-0.41376926102561035,-1.309448903662157
207,1556121600,642,322,0,964,17,-0.41376926102561035,0.8479975670561328
207,1556136000,509,292,0,801,17,-0.41376926102561035,0.48244270767247244
207,1556150400,522,855,333,1377,17,3.8947099110046657,1.7742193886846709
207,1556164800,82,78,0,160,17,-0.41376926102561035,-0.9551073835233942
207,1556177273,282,43,0,325,17,-0.41376926102561035,-0.5850671884417749
207,1556177274,279,23,0,302,17,-0.41376926102561035,-0.6366485489683036
207,1556177275,0,0,0,0,17,-0.41376926102561035,-1.313934239360116
207,1556177390,12,1,0,13,17,-0.41376926102561035,-1.2847795573233824
207,1556177391,0,0,0,0,17,-0.41376926102561035,-1.313934239360116
207,1556179200,137,76,0,213,17,-0.41376926102561035,-0.8362459875274801
207,1556193600,852,345,0,1197,17,-0.41376926102561035,1.370539175868359
207,1556208000,477,266,0,743,17,-0.41376926102561035,0.3523679724316608
207,1556222400,578,519,0,1097,17,-0.41376926102561035,1.1462723909704078
207,1556236800,202,336,134,538,17,1.3199731085000865,-0.10737893660913898
207,1556251200,42,83,41,125,17,0.11670415054568496,-1.0336007582376772
207,1556265600,403,56,0,459,17,-0.41376926102561035,-0.28454969667852037
207,1556280000,793,90,0,883,17,-0.41376926102561035,0.6663414712887924
207,1556294400,478,103,0,581,17,-0.41376926102561035,-0.010944219103020004
207,1556308800,536,120,0,656,17,-0.41376926102561035,0.15725586957044332
207,1556323200,1041,1286,245,2327,17,2.7561328325101786,3.904753845215206
207,1556337600,53,123,70,176,17,0.4919170514131865,-0.9192246979397221
207,1556352000,180,47,0,227,17,-0.41376926102561035,-0.804848637641767
207,1556366400,481,157,0,638,17,-0.41376926102561035,0.11688784828881213
207,1556380800,506,253,0,759,17,-0.41376926102561035,0.388250658015333
207,1556395200,428,297,0,725,17,-0.41376926102561035,0.3119999511500296
207,1556409600,206,268,62,474,17,0.388410044277324,-0.2509096789438277
207,1556424000,45,106,61,151,17,0.3754716683853412,-0.9752913941642098
207,1556438400,100,53,0,153,17,-0.41376926102561035,-0.9708060584662508
207,1556452800,437,187,0,624,17,-0.41376926102561035,0.08549049840309898
207,1556467200,453,189,0,642,17,-0.41376926102561035,0.1258585196847302
207,1556481600,335,256,0,591,17,-0.41376926102561035,0.011482459386775107
207,1556496000,129,198,69,327,17,0.47897867552120366,-0.5805818527438158
207,1556510400,32,49,17,81,17,-0.19381687086190252,-1.1322781435927756
207,1556524800,514,133,0,647,17,-0.41376926102561035,0.13707185892962773
207,1556539200,904,201,0,1105,17,-0.41376926102561035,1.1642137337622438
207,1556553600,502,239,0,741,17,-0.41376926102561035,0.3478826367337018
207,1556568000,591,474,0,1065,17,-0.41376926102561035,1.0745070198030635
207,1556582400,183,289,106,472,18,2.0258187873642224,-0.40396852635005637
207,1556596800,34,68,34,102,18,0.2794803061751458,-1.5870244013237775
207,1556611200,516,121,0,637,18,-0.5451795321641404,0.12361044492200848
207,1556625600,842,260,0,1102,18,-0.5451795321641404,1.6104239094160093
207,1556640000,465,255,0,720,18,-0.5451795321641404,0.3889986547134108
207,1556654400,577,459,0,1036,18,-0.5451795321641404,1.3993923209071835
207,1556668800,218,356,138,574,18,2.8019692234482565,-0.07782879865459809
207,1556683200,42,89,47,131,18,0.5947914208342846,-1.4942984003123236
207,1556697600,488,145,0,633,18,-0.5451795321641404,0.11082065167904934
207,1556712000,871,263,0,1134,18,-0.5451795321641404,1.7127422553596825
207,1556726400,509,296,0,805,18,-0.5451795321641404,0.6607817611262926
207,1556740800,552,418,0,970,18,-0.5451795321641404,1.1883607323983576
207,1556755200,192,314,122,506,18,2.4138940054062394,-0.2952552837849036
207,1556769600,33,82,49,115,18,0.6433008230895367,-1.5454575732841602
207,1556784000,535,129,0,664,18,-0.5451795321641404,0.20994154931198272
207,1556798400,851,179,0,1030,18,-0.5451795321641404,1.3802076310427447
207,1556812800,487,222,0,709,18,-0.5451795321641404,0.35382672329527315
207,1556827200,603,484,0,1087,18,-0.5451795321641404,1.5624621847549125
207,1556841600,218,367,149,585,18,3.068770935852143,-0.042656867236460436
207,1556856000,46,53,7,99,18,-0.37539662427075793,-1.5966167462559968
207,1556870400,451,132,0,583,18,-0.5451795321641404,-0.04905176385794001
207,1556878324,662,65,0,727,18,-0.5451795321641404,0.4113807928885893
207,1556883661,185,31,0,216,18,-0.5451795321641404,-1.2225152938994417
207,1556884800,330,215,0,545,18,-0.5451795321641404,-0.17055479966605191
207,1556899200,549,257,0,806,18,-0.5451795321641404,0.6639792094370325
207,1556913600,534,380,0,914,18,-0.5451795321641404,1.0093036269969293
207,1556928000,215,327,112,542,18,2.171346994129979,-0.18014714459827127
207,1556942400,46,101,55,147,18,0.7888290298552931,-1.443139227340487
207,1556956800,130,76,0,206,18,-0.5451795321641404,-1.2544897770068397
207,1556971200,480,109,0,589,18,-0.5451795321641404,-0.02986707399350129
207,1556985600,498,227,0,725,18,-0.5451795321641404,0.40498589626710974
207,1557000000,393,268,0,661,18,-0.5451795321641404,0.20034920437976336
207,1557014400,230,265,35,495,18,0.30373500730277186,-0.33042721520304125
207,1557028800,52,99,47,151,18,0.5947914208342846,-1.430349434097528
207,1557043200,102,55,0,157,18,-0.5451795321641404,-1.4111647442330892
207,1557057600,406,149,0,555,18,-0.5451795321641404,-0.13858031655865405
207,1557072000,436,225,0,661,18,-0.5451795321641404,0.20034920437976336
207,1557086400,308,271,0,579,18,-0.5451795321641404,-0.061841557100899155
207,1557100800,131,197,66,328,18,1.0556307422591797,-0.8644010830965857
207,1557115200,36,58,22,94,18,-0.01157610735636697,-1.6126039878096958
207,1557129600,510,115,0,625,18,-0.5451795321641404,0.08524106519313103
207,1557144000,876,293,0,1169,18,-0.5451795321641404,1.8246529462355752
207,1557158400,478,226,0,704,18,-0.5451795321641404,0.3378394817415742
207,1557172800,521,516,0,1037,18,-0.5451795321641404,1.4025897692179232
207,1557187200,187,319,132,506,19,2.564232596750712,-0.3921238053064292
207,1557201600,47,62,15,109,19,-0.1786143733043596,-1.5609247223031049
207,1557216000,513,127,0,640,19,-0.5302614207473175,0.0023833052163781394
207,1557230400,896,206,0,1102,19,-0.5302614207473175,1.3625496116457587
207,1557244800,499,251,0,750,19,-0.5302614207473175,0.3262324257948021
207,1557259200,571,463,0,1034,19,-0.5302614207473175,1.1623519734700059
207,1557273600,205,317,112,522,19,2.0953698668267684,-0.34501847867684027
207,1557288000,40,62,22,102,19,-0.014512417830979247,-1.58153330270355
207,1557302400,503,139,0,642,19,-0.5302614207473175,0.008271471045076757
207,1557316800,911,237,0,1148,19,-0.5302614207473175,1.497977425705827
207,1557331200,512,264,0,776,19,-0.5302614207473175,0.40277858156788415
207,1557345600,577,436,0,1013,19,-0.5302614207473175,1.1005262322686704
207,1557360000,219,339,120,558,19,2.2829149587963458,-0.23903149376026517
207,1557374400,40,69,29,109,19,0.14958953764240113,-1.5609247223031049
207,1557388800,527,124,0,651,19,-0.5302614207473175,0.03476821727422053
207,1557403200,881,219,0,1100,19,-0.5302614207473175,1.3566614458170603
207,1557417600,530,280,0,810,19,-0.5302614207473175,0.5028774006557606
207,1557432000,542,458,0,1000,19,-0.5302614207473175,1.0622531543821292
207,1557446400,200,363,163,563,19,3.290969828132825,-0.22431107918851864
207,1557460800,44,72,28,116,19,0.12614640114620393,-1.5403161419026596
207,1557475200,450,139,0,589,19,-0.5302614207473175,-0.1477649234154366
207,1557489600,872,197,0,1069,19,-0.5302614207473175,1.2653948754722315
207,1557504000,1139,248,0,1387,19,-0.5302614207473175,2.201613242235312
207,1557518400,608,431,0,1039,19,-0.5302614207473175,1.1770723880417524
207,1557532800,243,356,113,599,19,2.1188130033229653,-0.11832409427194351
207,1557547200,67,146,79,213,19,1.321746362452261,-1.2547400992107767
207,1557561600,158,65,0,223,19,-0.5302614207473175,-1.2252992700672836
207,1557576000,524,153,0,677,19,-0.5302614207473175,0.11131437304730256
207,1557590400,552,227,0,779,19,-0.5302614207473175,0.41161083031093204
207,1557604800,456,268,0,724,19,-0.5302614207473175,0.24968627002172009
207,1557619200,212,260,48,472,19,0.5950091310701479,-0.49222262439430575
207,1557633600,53,101,48,154,19,0.5950091310701479,-1.4284409911573859
207,1557648000,113,67,0,180,19,-0.5302614207473175,-1.3518948353843039
207,1557662400,386,149,0,535,19,-0.5302614207473175,-0.30674540079029927
207,1557676800,420,181,0,601,19,-0.5302614207473175,-0.1124359284432449
207,1557691200,282,241,0,523,19,-0.5302614207473175,-0.342074395762491
207,1557705600,151,181,30,332,19,0.1730326741385983,-0.9043942324032089
207,1557720000,33,44,11,77,19,-0.2723869192891484,-1.6551353755622826
207,1557734400,495,127,0,622,19,-0.5302614207473175,-0.05061018724190942
207,1557748800,902,160,0,1062,19,-0.5302614207473175,1.2447862950717865
207,1557763200,510,260,0,770,19,-0.5302614207473175,0.38511408408178827
207,1557777600,490,478,0,968,19,-0.5302614207473175,0.9680425011229514
207,1557792000,166,300,134,466,20,2.305903243822326,-0.528672433013739
207,1557806400,38,89,51,127,20,0.5011482577503394,-1.5296349464777836
207,1557820800,482,123,0,605,20,-0.6077975770649777,-0.11824827557567937
207,1557835200,807,216,0,1023,20,-0.6077975770649777,1.1159768885186294
207,1557849600,471,264,0,735,20,-0.6077975770649777,0.2656016558412109
207,1557864000,512,481,0,993,20,-0.6077975770649777,1.0273961351147316
207,1557878400,185,355,170,540,20,3.088688538986079,-0.3101732412841245
207,1557892800,42,70,28,112,20,0.0010354302846081356,-1.5739253231797325
207,1557907200,500,133,0,633,20,-0.6077975770649777,-0.03557290573204145
207,1557921600,881,265,0,1146,20,-0.6077975770649777,1.4791579774746102
207,1557936000,528,242,0,770,20,-0.6077975770649777,0.3689458681457583
207,1557950400,576,507,0,1083,20,-0.6077975770649777,1.293138395326425
207,1557964800,221,332,111,553,20,1.805790416356595,-0.27178824814243546
207,1557979200,42,80,38,122,20,0.21847579005231738,-1.5443984053784334
207,1557993600,509,138,0,647,20,-0.6077975770649777,0.005764779189777506
207,1558008000,914,200,0,1114,20,-0.6077975770649777,1.3846718405104526
207,1558022400,509,235,0,744,20,-0.6077975770649777,0.29217588186238025
207,1558036800,550,491,0,1041,20,-0.6077975770649777,1.169125340560968
207,1558051200,206,329,123,535,20,2.066718848077846,-0.32493670018477416
207,1558065600,51,81,30,132,20,0.044523502238149985,-1.514871487577134
207,1558080000,498,138,0,636,20,-0.6077975770649777,-0.026714830391651675
207,1558094400,927,178,0,1105,20,-0.6077975770649777,1.3580976144892833
207,1558108800,554,130,0,684,20,-0.6077975770649777,0.11501437505458474
207,1558123200,737,750,13,1487,20,-0.3251251093669557,2.4860258744989148
207,1558137600,225,338,113,563,20,1.8492784883101367,-0.24226133034113623
207,1558152000,54,105,51,159,20,0.5011482577503394,-1.435148809513626
207,1558166400,184,63,0,247,20,-0.6077975770649777,-1.1753119328621926
207,1558180800,527,146,0,673,20,-0.6077975770649777,0.08253476547315557
207,1558195200,557,259,0,816,20,-0.6077975770649777,0.5047696900317349
207,1558209600,457,271,0,728,20,-0.6077975770649777,0.24493281338030146
207,1558224000,252,314,62,566,20,0.7403326534948197,-0.23340325500074646
207,1558238400,59,102,43,161,20,0.327195969936172,-1.4292434259533662
207,1558252800,126,45,0,171,20,-0.6077975770649777,-1.399716508152067
207,1558267200,394,162,0,556,20,-0.6077975770649777,-0.2629301728020457
207,1558281600,454,200,0,654,20,-0.6077975770649777,0.026433621650686984
207,1558296000,323,282,0,605,20,-0.6077975770649777,-0.11824827557567937
207,1558310400,167,299,132,466,20,2.2624151718687844,-0.528672433013739
207,1558324800,39,68,29,107,20,0.02277946626137906,-1.5886887820803821
207,1558339200,496,137,0,633,20,-0.6077975770649777,-0.03557290573204145
207,1558353600,835,199,0,1034,20,-0.6077975770649777,1.1484564981000587
207,1558368000,560,260,0,820,20,-0.6077975770649777,0.5165804571522546
207,1558382400,527,573,46,1100,20,0.39242807786648476,1.3433341555886338
207,1558396800,205,303,98,508,21,2.1334770066562783,-0.33982450774802725
207,1558411200,45,85,40,130,21,0.5585830708336439,-1.472525302416866
207,1558425600,508,130,0,638,21,-0.5275506780095525,0.04972867560368983
207,1558440000,876,164,0,1040,21,-0.5275506780095525,1.2543469810451535
207,1558454400,471,222,0,693,21,-0.5275506780095525,0.21453963779095475
207,1558468800,548,519,0,1067,21,-0.5275506780095525,1.3352541806643563
207,1558483200,196,358,162,554,21,3.871291004805393,-0.2019826121004966
207,1558497600,46,76,30,122,21,0.28704963362284475,-1.4964978060077412
207,1558512000,497,144,0,641,21,-0.5275506780095525,0.058718364450267915
207,1558526400,876,265,0,1141,21,-0.5275506780095525,1.556999838879949
207,1558540800,533,291,0,824,21,-0.5275506780095525,0.6070893840915312
207,1558555200,544,423,0,967,21,-0.5275506780095525,1.03559788577842
207,1558569600,216,350,134,566,21,3.110997380615155,-0.16602385671418426
207,1558584000,43,87,44,130,21,0.6671964457179634,-1.472525302416866
207,1558598400,479,113,0,592,21,-0.5275506780095525,-0.08811322004384084
207,1558612800,892,209,0,1101,21,-0.5275506780095525,1.4371373209255744
207,1558627200,555,246,0,801,21,-0.5275506780095525,0.5381684362677659
207,1558641600,704,438,0,1142,21,-0.5275506780095525,1.5599964018288084
207,1558656000,288,355,67,643,21,1.2917233513028012,0.06471149034798664
207,1558670400,57,87,30,144,21,0.28704963362284475,-1.4305734211328351
207,1558684800,615,117,0,732,21,-0.5275506780095525,0.33140559279646986
207,1558699200,1099,200,0,1299,21,-0.5275506780095525,2.0304567847997284
207,1558713600,837,291,0,1128,21,-0.5275506780095525,1.5180445205447772
207,1558728000,784,399,0,1183,21,-0.5275506780095525,1.6828554827320423
207,1558742400,316,324,8,640,21,-0.3103239282409132,0.055721801501408555
207,1558756800,90,123,33,213,21,0.3685096647860845,-1.2238105776615391
207,1558771200,258,62,0,320,21,-0.5275506780095525,-0.9031783421335874
207,1558785600,639,114,0,753,21,-0.5275506780095525,0.3943334147225165
207,1558800000,544,228,0,772,21,-0.5275506780095525,0.4512681107508444
207,1558814400,385,276,0,661,21,-0.5275506780095525,0.11864962342745516
207,1558828800,195,247,52,442,21,0.8844231954866026,-0.5375976623727452
207,1558843200,48,100,52,148,21,0.8844231954866026,-1.4185871693373977
207,1558857600,120,53,0,173,21,-0.5275506780095525,-1.3436730956159135
207,1558872000,387,173,0,560,21,-0.5275506780095525,-0.18400323440734043
207,1558886400,460,174,0,634,21,-0.5275506780095525,0.03774242380825238
207,1558900800,313,262,0,575,21,-0.5275506780095525,-0.13905479017445
207,1558915200,168,186,18,354,21,-0.03879049103011411,-0.801295201872369
207,1558929600,33,81,48,114,21,0.7758098206022831,-1.520470309598616
207,1558944000,127,44,0,171,21,-0.5275506780095525,-1.3496662215136324
207,1558958400,405,102,0,507,21,-0.5275506780095525,-0.3428210706968866
207,1558972800,458,188,0,646,21,-0.5275506780095525,0.07370117919456473
207,1558987200,341,289,0,630,21,-0.5275506780095525,0.02575617201281493
207,1559001600,148,248,100,396,22,1.541236992258534,-0.6675223210724552
207,1559016000,40,65,25,105,22,-0.02840300955665583,-1.6025891185678764
207,1559030400,457,130,0,587,22,-0.5516163434950525,-0.05378431996721314
207,1559044800,719,221,0,940,22,-0.5516163434950525,1.080506331290119
207,1559059200,405,250,0,655,22,-0.5516163434950525,0.16471926157810868
207,1559073600,511,494,0,1005,22,-0.5516163434950525,1.2893700489437356
207,1559088000,181,306,125,487,22,2.0644503261969307,-0.37511311635739225
207,1559102400,34,58,24,92,22,-0.049331542914191694,-1.6443618620985998
207,1559116800,475,131,0,606,22,-0.5516163434950525,0.007268151346920893
207,1559131200,836,228,0,1064,22,-0.5516163434950525,1.4789540388139413
207,1559145600,497,262,0,759,22,-0.5516163434950525,0.49890120982389496
207,1559160000,513,465,0,978,22,-0.5516163434950525,1.2026112739183872
207,1559174400,164,346,182,510,22,3.257376727576475,-0.30120749318765105
207,1559188800,39,85,46,124,22,0.4110961909515974,-1.5415366472537426
207,1559203200,468,105,0,573,22,-0.5516163434950525,-0.09877035146183823
207,1559217600,863,211,0,1074,22,-0.5516163434950525,1.5110869184529592
207,1559232000,521,275,0,796,22,-0.5516163434950525,0.6177928644882612
207,1559246400,564,548,0,1112,22,-0.5516163434950525,1.6331918610812273
207,1559260800,178,370,192,548,22,3.4666620611518337,-0.179102550559383
207,1559275200,48,95,47,143,22,0.43202472430913325,-1.4804841759396086
207,1559289600,444,123,0,567,22,-0.5516163434950525,-0.11805007924524896
207,1559304000,810,201,0,1011,22,-0.5516163434950525,1.3086497767271463
207,1559318400,522,281,0,803,22,-0.5516163434950525,0.6402858802355738
207,1559332800,584,465,0,1049,22,-0.5516163434950525,1.4307547193554144
207,1559347200,238,329,91,567,22,1.3528801920407112,-0.11805007924524896
207,1559361600,72,109,37,181,22,0.22273939073377458,-1.3583792333113405
207,1559376000,148,56,0,204,22,-0.5516163434950525,-1.2844736101415992
207,1559390400,441,129,0,570,22,-0.5516163434950525,-0.1084102153535436
207,1559404800,531,263,0,794,22,-0.5516163434950525,0.6113662885604576
207,1559419200,444,294,0,738,22,-0.5516163434950525,0.43142216258195737
207,1559433600,214,252,38,466,22,0.24366792409131044,-0.4425921635993299
207,1559448000,64,115,51,179,22,0.5157388577392767,-1.364805809239144
207,1559462400,93,60,0,153,22,-0.5516163434950525,-1.4483512963005907
207,1559476800,373,112,0,485,22,-0.5516163434950525,-0.38153969228519585
207,1559491200,442,204,0,646,22,-0.5516163434950525,0.13579966990299255
207,1559505600,290,276,0,566,22,-0.5516163434950525,-0.12126336720915076
207,1559520000,130,222,92,352,22,1.3738087253982472,-0.8089069914841341
207,1559534400,44,81,37,125,22,0.22273939073377458,-1.5383233592898407
207,1559548800,471,148,0,619,22,-0.5516163434950525,0.04904089487764418
207,1559563200,838,185,0,1023,22,-0.5516163434950525,1.347209232293968
207,1559577600,448,227,0,675,22,-0.5516163434950525,0.2289850208561445
207,1559592000,505,525,20,1030,22,-0.13304567634433517,1.3697022480412804
207,1559606400,189,341,152,530,23,2.43314750772955,-0.301414147662874
207,1559620800,44,80,36,124,23,0.14820250818090555,-1.513039335297793
207,1559635200,439,140,0,579,23,-0.5609183537479842,-0.15518352156900442
207,1559649600,823,170,0,993,23,-0.5609183537479842,1.0803160539996077
207,1559664000,446,248,0,694,23,-0.5609183537479842,0.1880108049778323
207,1559678400,553,455,0,1008,23,-0.5609183537479842,1.125080531375282
207,1559692800,176,373,197,549,23,3.319548585140662,-0.24471247632035312
207,1559707200,40,94,54,134,23,0.5027629391453504,-1.4831963503806769
207,1559721600,469,156,0,625,23,-0.5609183537479842,-0.017905790950269743
207,1559736000,372,259,0,631,23,-0.5609183537479842,0.0
207,1559750400,1309,278,0,1587,23,-0.5609183537479842,2.852989358076312
207,1559764800,488,477,0,965,23,-0.5609183537479842,0.9967556962316823
207,1559779200,169,352,183,521,23,3.043779361057205,-0.32827283408827856
207,1559793600,38,79,41,117,23,0.2466915167821402,-1.5339294247397746
207,1559808000,445,135,0,580,23,-0.5609183537479842,-0.1521992230772928
207,1559822400,783,177,0,960,23,-0.5609183537479842,0.9818342037731241
207,1559836800,413,233,0,646,23,-0.5609183537479842,0.04476447737567435
207,1559851200,784,503,0,1287,23,-0.5609183537479842,1.957699810562825
207,1559865600,302,345,43,647,23,0.2860871202226341,0.047748775867385976
207,1559880000,63,89,26,152,23,-0.04877550902156381,-1.4294789775298677
207,1559894400,601,142,0,743,23,-0.5609183537479842,0.33424143107170184
207,1559908800,722,188,0,910,23,-0.5609183537479842,0.832619279187543
207,1559923200,546,279,0,825,23,-0.5609183537479842,0.578953907392055
207,1559937600,562,540,0,1102,23,-0.5609183537479842,1.4056045895961746
207,1559952000,248,330,82,578,23,1.0543013873122646,-0.15816782006071606
207,1559966400,57,152,95,209,23,1.3103728096754745,-1.2593739635023051
207,1559980800,153,61,0,214,23,-0.5609183537479842,-1.244452471043747
207,1559995200,438,124,0,562,23,-0.5609183537479842,-0.20591659592810202
207,1560009600,462,247,0,709,23,-0.5609183537479842,0.23277528235350664
207,1560024000,426,294,0,720,23,-0.5609183537479842,0.2656025657623345
207,1560038400,216,321,105,537,23,1.5073508268779439,-0.2805240582208926
207,1560052800,66,104,38,170,23,0.18759811162139942,-1.3757616046790584
207,1560067200,113,65,0,178,23,-0.5609183537479842,-1.3518872167453655
207,1560081600,364,127,0,491,23,-0.5609183537479842,-0.4178017888396273
207,1560096000,454,198,0,652,23,-0.5609183537479842,0.06267026832594409
207,1560110400,344,304,0,648,23,-0.5609183537479842,0.0507330743590976
207,1560124800,151,246,95,397,23,1.3103728096754745,-0.6983258470605199
207,1560139200,43,72,29,115,23,0.010317896139177,-1.5398980217231977
207,1560153600,445,143,0,588,23,-0.5609183537479842,-0.12832483514359982
207,1560168000,854,239,0,1093,23,-0.5609183537479842,1.37874590317077
207,1560182400,481,273,0,754,23,-0.5609183537479842,0.3670687144805297
207,1560196800,479,499,20,978,23,-0.16696231934304542,1.0355515766239334
207,1560211200,162,302,140,464,24,2.138242249542426,-0.6846448176000429
207,1560225600,40,90,50,130,24,0.38278681092150607,-1.7855701652192892
207,1560240000,422,161,0,583,24,-0.5924662105345604,-0.2923989602147426
207,1560254400,758,257,0,1015,24,-0.5924662105345604,1.1315523876041629
207,1560268800,482,262,0,744,24,-0.5924662105345604,0.23828661154184025
207,1560283200,528,469,0,997,24,-0.5924662105345604,1.072221081445042
207,1560297600,199,352,153,551,24,2.391808035121003,-0.3978768378309578
207,1560312000,45,82,37,127,24,0.1292210253429288,-1.7954587162458093
207,1560326400,505,142,0,647,24,-0.5924662105345604,-0.08144320498231214
207,1560340800,863,181,0,1044,24,-0.5924662105345604,1.2271417141938579
207,1560355200,482,330,0,812,24,-0.5924662105345604,0.46242710147629756
207,1560369600,544,451,0,995,24,-0.5924662105345604,1.0656287140940284
207,1560384000,208,356,148,564,24,2.2942827329753963,-0.35502645004937033
207,1560398400,57,87,30,144,24,-0.007314397660920498,-1.7394235937621951
207,1560412800,444,125,0,569,24,-0.5924662105345604,-0.3385455316718367
207,1560427200,861,173,0,1034,24,-0.5924662105345604,1.1941798774387906
207,1560441600,491,257,0,748,24,-0.5924662105345604,0.25147134624386713
207,1560456000,507,484,0,991,24,-0.5924662105345604,1.0524439793920015
207,1560470400,180,287,107,467,24,1.4945752553814218,-0.6747562665735227
207,1560484800,47,111,64,158,24,0.6558576569292047,-1.693277022305101
207,1560499200,451,166,0,617,24,-0.5924662105345604,-0.1803287152475139
207,1560513600,831,191,0,1022,24,-0.5924662105345604,1.15462567333271
207,1560528000,494,239,0,733,24,-0.5924662105345604,0.20202859111126625
207,1560542400,518,447,0,965,24,-0.5924662105345604,0.9667432038288266
207,1561161600,8283,9638,1355,17921,25,4.101320100375986,4.115104183471772
207,1561176000,60,109,49,169,25,-0.14766993618646956,-0.32647113132353595
207,1561190400,139,77,0,216,25,-0.30708839850772557,-0.3147116653593978
207,1561204800,467,116,0,583,25,-0.30708839850772557,-0.22288775027772378
207,1561219200,512,218,0,730,25,-0.30708839850772557,-0.1861081439643557
207,1561233600,407,295,0,702,25,-0.30708839850772557,-0.1931137832621401
207,1561248000,199,284,85,483,25,-0.030546167950444736,-0.2479078906269538
207,1561262400,51,124,73,175,25,-0.06958742402911967,-0.32496992290258214
207,1561276800,116,54,0,170,25,-0.30708839850772557,-0.32622092992004365
207,1561291200,357,138,0,495,25,-0.30708839850772557,-0.24490547378504618
207,1561305600,441,200,0,641,25,-0.30708839850772557,-0.2083760688751704
207,1561320000,303,263,0,566,25,-0.30708839850772557,-0.2271411741370929
207,1561334400,147,232,85,379,25,-0.030546167950444736,-0.273928836590153
207,1561348800,44,96,52,140,25,-0.13790962216680083,-0.33372697202481266
207,1561363200,403,138,0,541,25,-0.30708839850772557,-0.23339620922440038
207,1561377600,753,230,0,983,25,-0.30708839850772557,-0.12280718888080384
207,1561392000,474,294,0,768,25,-0.30708839850772557,-0.17660049063164832
207,1561406400,473,394,0,867,25,-0.30708839850772557,-0.15183055168591061
207,1561420800,176,312,136,488,26,2.338533962795708,-0.3914562320339766
207,1561435200,46,86,40,132,26,0.27032406194194736,-1.5604303844949354
207,1561449600,384,116,0,500,26,-0.5914300634137862,-0.3520526089173151
207,1561464000,847,218,0,1065,26,-0.5914300634137862,1.5032013128254988
207,1561478400,476,239,0,715,26,-0.5914300634137862,0.3539289719228707
207,1561492800,488,488,0,976,26,-0.5914300634137862,1.2109577747102591
207,1561507200,198,346,148,544,26,2.597060200402428,-0.20757265748955614
207,1561521600,44,91,47,135,26,0.42113103387920076,-1.55057947871577
207,1561536000,425,132,0,557,26,-0.5914300634137862,-0.1648853991131728
207,1561550400,864,257,0,1121,26,-0.5914300634137862,1.6870848873699194
207,1561564800,553,211,0,764,26,-0.5914300634137862,0.5148270996492387
207,1561579200,556,405,0,961,26,-0.5914300634137862,1.161703245814432
207,1561593600,220,365,145,585,26,2.532428641000748,-0.07294361184096256
207,1561608000,54,95,41,149,26,0.2918679150758407,-1.5046085850796649
207,1561622400,378,66,0,444,26,-0.5914300634137862,-0.5359361834617355
207,1561636800,849,352,0,1201,26,-0.5914300634137862,1.9497757081476628
207,1561651200,502,284,0,786,26,-0.5914300634137862,0.5870670753631181
207,1561665600,491,417,0,908,26,-0.5914300634137862,0.987670577049177
207,1561680000,186,321,135,507,26,2.316990109661815,-0.3290671620992625
207,1561694400,66,115,49,181,26,0.46421874014698744,-1.3995322567685675
207,1561708800,379,124,0,503,26,-0.5914300634137862,-0.3422017031381497
207,1561723200,766,237,0,1003,26,-0.5914300634137862,1.2996159267227476
207,1561737600,633,306,0,939,26,-0.5914300634137862,1.0894632701005527
207,1561752000,558,438,0,996,26,-0.5914300634137862,1.276630479904695
207,1561766400,256,334,78,590,26,1.0889904810298943,-0.056525435542353585
207,1561780800,50,131,81,181,26,1.1536220404315745,-1.3995322567685675
207,1561795200,130,63,0,193,26,-0.5914300634137862,-1.360128633651906
207,1561809600,420,161,0,581,26,-0.5914300634137862,-0.08607815287984974
207,1561824000,502,260,0,762,26,-0.5914300634137862,0.5082598291297951
207,1561838400,425,306,0,731,26,-0.5914300634137862,0.40646713607841944
207,1561852800,224,246,22,470,26,-0.11746529446813274,-0.4505616667089689
207,1561867200,59,105,46,164,26,0.3995871807453074,-1.455354056183838
207,1561881600,107,51,0,158,26,-0.5914300634137862,-1.4750558677421688
207,1561896000,392,131,0,523,26,-0.5914300634137862,-0.27652899794371383
207,1561910400,565,238,0,803,26,-0.5914300634137862,0.6428888747783886
207,1561924800,315,278,0,593,26,-0.5914300634137862,-0.046674529763188206
207,1561939200,139,265,126,404,26,2.1230954314567745,-0.6672815938506074
207,1561953600,50,109,59,159,26,0.6796572714859208,-1.471772232482447
207,1561968000,377,120,0,497,26,-0.5914300634137862,-0.36190351469648047
207,1561982400,719,214,0,933,26,-0.5914300634137862,1.069761458542222
207,1561996800,436,266,0,702,26,-0.5914300634137862,0.3112417135464874
207,1562011200,456,443,0,899,26,-0.5914300634137862,0.958117859711681
207,1562025600,110,199,89,309,27,2.198533120292452,-0.6864275224175665
207,1562040000,0,2,2,2,27,-0.49273656866855947,-1.765661332203215
207,1562054400,397,119,0,516,27,-0.5546048373803069,0.04126432978318015
207,1562068800,768,230,0,998,27,-0.5546048373803069,1.7356965653424068
207,1562083200,446,306,0,752,27,-0.5546048373803069,0.8709033496835484
207,1562097600,467,459,0,926,27,-0.5546048373803069,1.4825863558812775
207,1562112000,121,194,73,315,27,1.7035869705984725,-0.6653350049624724
207,1562126400,0,1,1,1,27,-0.5236707030244332,-1.7691767517790642
207,1562140800,372,109,0,481,27,-0.5546048373803069,-0.08177535537153548
207,1562155200,817,225,0,1042,27,-0.5546048373803069,1.8903750266797634
207,1562169600,489,292,0,781,27,-0.5546048373803069,0.9728505173831699
207,1562184000,486,409,0,895,27,-0.5546048373803069,1.373608349029958
207,1562198400,179,312,133,491,27,3.559635031950894,-0.0466211596130453
207,1562212800,38,68,30,106,27,0.3734191932959039,-1.4000576963149172
207,1562227200,122,56,0,178,27,-0.5546048373803069,-1.146947486853788
207,1562241600,335,83,0,418,27,-0.5546048373803069,-0.30324678865002364
207,1562256000,403,161,0,564,27,-0.5546048373803069,0.210004469423933
207,1562270400,365,231,0,596,27,-0.5546048373803069,0.32249789585110156
207,1562284800,199,223,24,422,27,0.18781438716066176,-0.2891851103466275
207,1562299200,59,135,76,194,27,1.7963893736660936,-1.0907007736402037
207,1562313600,249,101,0,350,27,-0.5546048373803069,-0.5422953198077568
207,1562328000,592,220,0,812,27,-0.5546048373803069,1.0818285242344894
207,1562342400,545,240,0,785,27,-0.5546048373803069,0.986912195686566
207,1562356800,464,356,0,820,27,-0.5546048373803069,1.1099518808412816
207,1562371200,215,265,50,480,27,0.9921018804133777,-0.08529077494738449
207,1562385600,60,111,51,171,27,1.0230360147692514,-1.171555423884731
207,1562400000,143,53,0,196,27,-0.5546048373803069,-1.0836699344885057
207,1562414400,288,130,0,418,27,-0.5546048373803069,-0.30324678865002364
207,1562428800,400,191,0,591,27,-0.5546048373803069,0.3049207979718565
207,1562443200,346,277,0,623,27,-0.5546048373803069,0.4174142243990251
207,1562457600,176,244,68,420,27,1.548916298819104,-0.2962159494983256
207,1562472000,55,90,35,145,27,0.5280898650752723,-1.2629563328568054
207,1562486400,107,50,0,157,27,-0.5546048373803069,-1.2207712979466172
207,1562500800,344,131,0,475,27,-0.5546048373803069,-0.10286787282662958
207,1562515200,430,189,0,619,27,-0.5546048373803069,0.403352546095629
207,1562529600,302,232,0,534,27,-0.5546048373803069,0.10454188214846247
207,1562544000,138,220,82,358,27,1.9819941798013359,-0.5141719632009647
207,1562558400,39,78,39,117,27,0.6518264024987671,-1.361388080980578
207,1562572800,408,115,0,523,27,-0.5546048373803069,0.06587226681412327
207,1562587200,799,212,0,1011,27,-0.5546048373803069,1.7813970198284441
207,1562601600,454,219,0,673,27,-0.5546048373803069,0.5931852031914759
207,1562616000,478,436,0,914,27,-0.5546048373803069,1.4404013209710893
207,1562630400,180,280,100,460,28,1.7229163081539998,-0.4604968041688312
207,1562644800,36,93,57,129,28,0.7126608365546091,-1.495386324303828
207,1562659200,427,109,0,536,28,-0.6265150211469092,-0.22287866661517639
207,1562673600,890,277,0,1167,28,-0.6265150211469092,1.7499771859684579
207,1562688000,486,254,0,740,28,-0.6265150211469092,0.4149384394498971
207,1562702400,504,537,33,1041,28,0.1487973175223909,1.35603132634003
207,1562716800,188,345,157,533,28,3.0620921658555185,-0.23225832993966278
207,1562731200,46,83,37,129,28,0.24277457069442723,-1.495386324303828
207,1562745600,436,127,0,563,28,-0.6265150211469092,-0.13846169669479902
207,1562760000,907,242,0,1149,28,-0.6265150211469092,1.6936992060215394
207,1562774400,497,252,0,749,28,-0.6265150211469092,0.4430774294233562
207,1562788800,491,494,3,985,28,-0.5560320812678818,1.1809442776162844
207,1562803200,208,341,133,549,28,2.4982286468233,-0.18223345887573544
207,1562817600,53,76,23,129,28,-0.08614581540770003,-1.495386324303828
207,1562832000,424,117,0,541,28,-0.6265150211469092,-0.2072458944076991
207,1562846400,850,244,0,1094,28,-0.6265150211469092,1.5217387117392893
207,1562860800,505,232,0,737,28,-0.6265150211469092,0.40555877612541075
207,1562875200,472,527,55,999,28,0.6656722099685909,1.2247160397972208
207,1562889600,170,283,113,453,28,2.0283423809631183,-0.48238268525929945
207,1562904000,45,71,26,116,28,-0.015662875528672755,-1.536031532043269
207,1562918400,408,121,0,529,28,-0.6265150211469092,-0.2447645477056446
207,1562932800,862,228,0,1090,28,-0.6265150211469092,1.5092324939733075
207,1562947200,503,292,0,795,28,-0.6265150211469092,0.5868989337321473
207,1562961600,626,409,0,1035,28,-0.6265150211469092,1.3372719996910574
207,1562976000,236,360,124,596,28,2.286779827186218,-0.035285400125448896
207,1562990400,58,109,51,167,28,0.5716949567965545,-1.3765772555270004
207,1563004800,138,79,0,217,28,-0.6265150211469092,-1.2202495334522276
207,1563019200,473,139,0,612,28,-0.6265150211469092,0.014739470938478437
207,1563033600,444,236,0,680,28,-0.6265150211469092,0.2273451729601696
207,1563048000,435,238,0,673,28,-0.6265150211469092,0.20545929186970138
207,1563062400,187,243,56,430,28,0.6891665232616,-0.554293437413695
207,1563076800,63,122,59,185,28,0.7596494631406272,-1.3202992755800822
207,1563091200,113,48,0,161,28,-0.6265150211469092,-1.3953365821759733
207,1563105600,384,152,0,536,28,-0.6265150211469092,-0.22287866661517639
207,1563120000,413,191,0,604,28,-0.6265150211469092,-0.010272964593485229
207,1563134400,327,264,0,591,28,-0.6265150211469092,-0.050918172332926184
207,1563148800,153,231,78,384,28,1.2060414157077999,-0.698114941722486
207,1563163200,41,56,15,97,28,-0.27410032175177274,-1.5954360664316827
207,1563177600,453,106,0,559,28,-0.6265150211469092,-0.15096791446078084
207,1563192000,892,220,0,1112,28,-0.6265150211469092,1.5780166916862075
207,1563206400,464,242,0,706,28,-0.6265150211469092,0.30863558843905153
207,1563220800,489,459,0,948,28,-0.6265150211469092,1.0652617632809525
207,1563235200,182,294,112,476,29,2.1079784931985817,-0.3751946239420023
207,1563249600,35,71,36,106,29,0.27405444024413284,-1.5903935518408598
207,1563264000,423,96,0,519,29,-0.5946464269448165,-0.23396880259159453
207,1563278400,862,210,0,1072,29,-0.5946464269448165,1.5822609464031845
207,1563292800,476,231,0,707,29,-0.5946464269448165,0.38348362563809524
207,1563307200,530,476,0,1006,29,-0.5946464269448165,1.3654957322374424
207,1563321600,217,348,131,565,29,2.5664595064371936,-0.08289001696092575
207,1563336000,41,68,27,109,29,0.056879223446895506,-1.580540587560599
207,1563350400,438,114,0,552,29,-0.5946464269448165,-0.12558619550872344
207,1563364800,936,193,0,1129,29,-0.5946464269448165,1.7694672677281436
207,1563379200,487,265,0,752,29,-0.5946464269448165,0.5312780898420103
207,1563393600,528,513,0,1041,29,-0.5946464269448165,1.4804469821738206
207,1563408000,170,314,144,484,29,2.880157041810981,-0.3489200525279729
207,1563422400,44,79,35,123,29,0.24992386059999536,-1.5345600875860474
207,1563436800,416,131,0,547,29,-0.5946464269448165,-0.1420078026424918
207,1563451200,856,280,0,1136,29,-0.5946464269448165,1.7924575177154192
207,1563465600,476,212,0,688,29,-0.5946464269448165,0.3210815185297755
207,1563480000,506,469,0,975,29,-0.5946464269448165,1.2636817680080785
207,1563494400,172,319,147,491,29,2.952548780743393,-0.32592980254069726
207,1563508800,59,94,35,153,29,0.24992386059999536,-1.4360304447834373
207,1563523200,398,132,0,530,29,-0.5946464269448165,-0.19784126689730416
207,1563537600,852,248,0,1100,29,-0.5946464269448165,1.6742219463522872
207,1563552000,570,264,0,834,29,-0.5946464269448165,0.8005924468358112
207,1563566400,354,381,27,735,29,0.056879223446895506,0.47544462558719797
207,1563580800,225,296,71,521,29,1.1186247277889447,-0.2274001597380872
207,1563595200,49,108,59,157,29,0.829057772059295,-1.4228931590764227
207,1563609600,177,64,0,241,29,-0.5946464269448165,-1.1470101592291144
207,1563624000,485,129,0,614,29,-0.5946464269448165,0.07804173295000402
207,1563638400,501,166,0,667,29,-0.5946464269448165,0.2521107685679485
207,1563652800,386,290,0,676,29,-0.5946464269448165,0.2816696614087315
207,1563667200,224,275,51,499,29,0.636013134906195,-0.2996552311266679
207,1563681600,53,126,73,179,29,1.1668858870772199,-1.3506380876878419
207,1563696000,112,57,0,169,29,-0.5946464269448165,-1.3834813019553787
207,1563710400,424,109,0,533,29,-0.5946464269448165,-0.18798830261704316
207,1563724800,438,207,0,645,29,-0.5946464269448165,0.17985569717936775
207,1563739200,297,253,0,550,29,-0.5946464269448165,-0.1321548383622308
207,1563753600,159,211,52,370,29,0.6601437145503326,-0.7233326951778912
207,1563768000,37,72,35,109,29,0.24992386059999536,-1.580540587560599
207,1563782400,434,106,0,540,29,-0.5946464269448165,-0.16499805262976747
207,1563796800,807,227,0,1034,29,-0.5946464269448165,1.457456732186545
207,1563811200,410,198,0,608,29,-0.5946464269448165,0.058335804389482014
207,1563825600,440,408,0,848,29,-0.5946464269448165,0.8465729468103625
207,1563840000,107,182,75,289,30,2.0350810668010193,-0.8385559106428998
207,1563854400,0,1,1,1,30,-0.4908901614807571,-1.6847369647128518
207,1563868800,401,83,0,484,30,-0.5250249078088892,-0.2656208219497031
207,1563883200,828,270,0,1098,30,-0.5250249078088892,1.5383901752688751
207,1563897600,472,213,0,685,30,-0.5250249078088892,0.3249430387032842
207,1563912000,472,419,0,891,30,-0.5250249078088892,0.9301975426560971
207,1563926400,104,180,76,284,30,2.0692158131291514,-0.8532465539427253
207,1563940800,0,2,2,2,30,-0.45675541515262497,-1.6817988360528866
207,1563955200,409,116,0,525,30,-0.5250249078088892,-0.14515754689113353
207,1563969600,864,218,0,1082,30,-0.5250249078088892,1.4913801167094334
207,1563984000,460,244,0,704,30,-0.5250249078088892,0.3807674832426214
207,1563998400,583,479,0,1062,30,-0.5250249078088892,1.4326175435101312
207,1564012800,129,216,87,345,30,2.4446980227386046,-0.6740207056848535
207,1564027200,2,0,0,2,30,-0.5250249078088892,-1.6817988360528866
207,1564041600,398,102,0,500,30,-0.5250249078088892,-0.2186107633902613
207,1564056000,824,264,0,1088,30,-0.5250249078088892,1.5090088886692241
207,1564070400,471,284,0,755,30,-0.5250249078088892,0.530612044900842
207,1564084800,545,452,0,997,30,-0.5250249078088892,1.241639180612399
207,1564099200,122,200,78,322,30,2.137485305785416,-0.7415976648640511
207,1564113600,1,3,2,4,30,-0.45675541515262497,-1.6759225787329564
207,1564128000,359,115,0,474,30,-0.5250249078088892,-0.2950021085493542
207,1564142400,810,217,0,1027,30,-0.5250249078088892,1.3297830404113522
207,1564156800,532,291,0,823,30,-0.5250249078088892,0.7304047937784696
207,1564171200,545,412,0,957,30,-0.5250249078088892,1.1241140342137945
207,1564185600,210,299,89,509,30,2.512967515394869,-0.19216760545057532
207,1564200000,55,117,62,172,30,1.591329364535302,-1.1823169638588178
207,1564214400,172,74,0,246,30,-0.5250249078088892,-0.9648954430213995
207,1564228800,543,194,0,737,30,-0.5250249078088892,0.47772572902147004
207,1564243200,539,272,0,811,30,-0.5250249078088892,0.6951472498588882
207,1564257600,469,281,0,750,30,-0.5250249078088892,0.5159214016010165
207,1564272000,252,277,25,529,30,0.32834375039441366,-0.1334050322512731
207,1564286400,55,75,20,130,30,0.15767001875375308,-1.3057183675773525
207,1564300800,152,47,0,199,30,-0.5250249078088892,-1.1029874900397598
207,1564315200,437,110,0,547,30,-0.5250249078088892,-0.08051871637190108
207,1564329600,565,233,0,798,30,-0.5250249078088892,0.6569515772793418
207,1564344000,396,277,0,673,30,-0.5250249078088892,0.2896854947837029
207,1564358400,165,249,84,414,30,2.3422937837542084,-0.47128982814726084
207,1564372800,35,52,17,87,30,0.05526577976935674,-1.4320578999558522
207,1564387200,400,107,0,507,30,-0.5250249078088892,-0.19804386277050554
207,1564401600,783,278,0,1061,30,-0.5250249078088892,1.429679414850166
207,1564416000,373,197,0,570,30,-0.5250249078088892,-0.012941757192703528
207,1564430400,478,506,28,984,30,0.43074798937881,1.2034435080328525
207,1564444800,120,210,90,330,31,1.9629732603359022,-0.7159034200894524
207,1564459200,2,5,3,7,31,-0.37113161869676503,-1.5894565937921807
207,1564473600,390,99,0,489,31,-0.4516179938358226,-0.28588808071256744
207,1564488000,841,265,0,1106,31,-0.4516179938358226,1.3827877959889292
207,1564502400,443,274,0,717,31,-0.4516179938358226,0.33073768895994676
207,1564516800,482,450,0,932,31,-0.4516179938358226,0.9122049717651685
207,1564531200,127,223,96,350,31,2.1239460106140173,-0.6618134402936178
207,1564545600,2,4,2,6,31,-0.3979604104097842,-1.5921610927819725
207,1564560000,398,103,0,501,31,-0.4516179938358226,-0.2534340928350667
207,1564574400,826,283,0,1109,31,-0.4516179938358226,1.3909012929583044
207,1564588800,381,261,0,642,31,-0.4516179938358226,0.1279002647255671
207,1564603200,478,444,0,922,31,-0.4516179938358226,0.8851599818672512
207,1564617600,109,184,75,293,31,1.5605413846406149,-0.8159698827117463
207,1564632000,0,2,2,2,31,-0.3979604104097842,-1.6029790887411395
207,1564646400,385,105,0,490,31,-0.4516179938358226,-0.28318358172277575
207,1564660800,877,274,0,1151,31,-0.4516179938358226,1.5044902505295572
207,1564675200,504,241,0,745,31,-0.4516179938358226,0.40646366067411516
207,1564689600,521,501,0,1022,31,-0.4516179938358226,1.1556098808464241
207,1564704000,98,229,131,327,31,3.0629537205696877,-0.7240169170588275
207,1564718400,0,5,5,5,31,-0.3174740352707267,-1.5948655917717642
207,1564732800,368,107,0,475,31,-0.4516179938358226,-0.32375106656965164
207,1564747200,692,241,0,933,31,-0.4516179938358226,0.9149094707549602
207,1564761600,470,292,0,762,31,-0.4516179938358226,0.45244014350057454
207,1564776000,573,384,0,957,31,-0.4516179938358226,0.9798174465099617
207,1565395200,8921,6895,0,15816,32,-0.6201736729460423,4.105382114777378
207,1565409600,9,12,3,21,32,2.7287641609625863,-0.2874971114728199
207,1565424000,6,8,2,14,32,1.61245154965971,-0.28944393987318406
207,1565438400,1,3,2,4,32,1.61245154965971,-0.2922251233022757
207,1565452800,2,3,1,5,32,0.4961389383568338,-0.2919470049593665
207,1565467200,0,0,0,0,32,-0.6201736729460423,-0.2933375966739123
207,1565481600,0,1,1,1,32,0.4961389383568338,-0.29305947833100315
207,1565496000,0,0,0,0,32,-0.6201736729460423,-0.2933375966739123
207,1565510400,0,0,0,0,32,-0.6201736729460423,-0.2933375966739123
207,1565524800,0,0,0,0,32,-0.6201736729460423,-0.2933375966739123
207,1565539200,1,0,0,1,32,-0.6201736729460423,-0.29305947833100315
207,1565553600,0,0,0,0,32,-0.6201736729460423,-0.2933375966739123
207,1565568000,0,1,1,1,32,0.4961389383568338,-0.29305947833100315
207,1565582400,0,0,0,0,32,-0.6201736729460423,-0.2933375966739123
207,1565596800,382,128,0,510,32,-0.6201736729460423,-0.15149724179024018
207,1565611200,791,215,0,1006,32,-0.6201736729460423,-0.01355054370729633
207,1565625600,461,231,0,692,32,-0.6201736729460423,-0.10087970338077289
207,1565640000,470,444,0,914,32,-0.6201736729460423,-0.039137431254939146
207,1565654400,99,194,95,293,33,3.3730242120814897,-0.2990122044370166
207,1565668800,1,2,1,3,33,-0.3771023971265422,-1.046542715529558
207,1565683200,395,99,0,494,33,-0.41699736105428725,0.21910377049264146
207,1565697600,816,252,0,1068,33,-0.41699736105428725,1.6986986441723615
207,1565712000,422,215,0,637,33,-0.41699736105428725,0.5877136432037912
207,1565726400,455,468,13,923,33,0.10163717000639802,1.3249333886260908
207,1565740800,104,163,59,267,33,1.9368055106826692,-0.3660321812935893
207,1565755200,2,7,5,9,33,-0.21752254141556215,-1.031076567024195
207,1565769600,393,122,0,515,33,-0.41699736105428725,0.2732352902614117
207,1565784000,850,168,0,1018,33,-0.41699736105428725,1.569814073294337
207,1565798400,465,209,0,674,33,-0.41699736105428725,0.6830882256535292
207,1565812800,490,455,0,945,33,-0.41699736105428725,1.3816425998124213
207,1565827200,110,181,71,291,33,2.4155450778156093,-0.30416758727213755
207,1565841600,2,5,3,7,33,-0.2973124692710522,-1.036231949859316
207,1565856000,364,139,0,503,33,-0.41699736105428725,0.24230299325068586
207,1565870400,816,227,0,1043,33,-0.41699736105428725,1.6342563587333492
207,1565884800,480,235,0,715,33,-0.41699736105428725,0.7887735737735092
207,1565899200,511,431,0,942,33,-0.41699736105428725,1.37390952555974
207,1565913600,116,190,74,306,33,2.5352299695988445,-0.26550221600873025
207,1565928000,0,8,8,8,33,-0.09783764963232708,-1.0336542584417556
207,1565942400,354,108,0,462,33,-0.41699736105428725,0.13661764513070584
207,1565956800,700,191,0,891,33,-0.41699736105428725,1.242447263264155
207,1565971200,524,225,0,749,33,-0.41699736105428725,0.8764150819705658
207,1565985600,532,419,0,951,33,-0.41699736105428725,1.3971087483177844
207,1566000000,190,277,87,467,33,3.0538645006595297,0.1495061022185083
207,1566014400,7,16,9,23,33,-0.05794268570458206,-0.9949888871783482
207,1566028800,4,8,4,12,33,-0.25741750534330715,-1.0233434927715137
207,1566043200,6,9,3,15,33,-0.2973124692710522,-1.0156104185188322
207,1566057600,1,3,2,4,33,-0.3372074331987972,-1.0439650241119975
207,1566072000,0,0,0,0,33,-0.41699736105428725,-1.0542757897822395
207,1566086400,0,0,0,0,33,-0.41699736105428725,-1.0542757897822395
207,1566100800,0,2,2,2,33,-0.3372074331987972,-1.0491204069471185
207,1566115200,0,1,1,1,33,-0.3771023971265422,-1.0516980983646789
207,1566129600,1,2,1,3,33,-0.3771023971265422,-1.046542715529558
207,1566144000,1,0,0,1,33,-0.41699736105428725,-1.0516980983646789
207,1566158400,0,0,0,0,33,-0.41699736105428725,-1.0542757897822395
207,1566172800,0,1,1,1,33,-0.3771023971265422,-1.0516980983646789
207,1566187200,0,0,0,0,33,-0.41699736105428725,-1.0542757897822395
207,1566201600,362,113,0,475,33,-0.41699736105428725,0.1701276335589922
207,1566216000,741,228,0,969,33,-0.41699736105428725,1.443507193833873
207,1566230400,406,260,0,666,33,-0.41699736105428725,0.6624666943130454
207,1566244800,415,410,0,825,33,-0.41699736105428725,1.072319629705163
207,1566259200,88,157,69,245,34,1.7884056888876743,-0.2865689951126834
207,1566273600,0,0,0,0,34,-0.4258745509612892,-0.9617946778466357
207,1566288000,355,100,0,455,34,-0.4258745509612892,0.2921958758021329
207,1566302400,756,169,0,925,34,-0.4258745509612892,1.5875267773733883
207,1566316800,404,237,0,641,34,-0.4258745509612892,0.8048161900409702
207,1566331200,457,518,61,975,34,1.5316775451370697,1.7253279371150112
207,1566345600,102,184,82,286,34,2.2055889224824066,-0.1735720441245526
207,1566360000,1,3,2,4,34,-0.3616925150236381,-0.9507705850673059
207,1566374400,352,124,0,476,34,-0.4258745509612892,0.35007236289361454
207,1566388800,782,219,0,1001,34,-0.4258745509612892,1.7969845401806552
207,1566403200,429,251,0,680,34,-0.4258745509612892,0.9123010946394361
207,1566417600,467,459,0,926,34,-0.4258745509612892,1.5902828005682208
207,1566432000,102,172,70,274,34,1.8204967068564997,-0.2066443224625421
207,1566446400,0,1,1,1,34,-0.3937835329924636,-0.9590386546518033
207,1566460800,355,134,0,489,34,-0.4258745509612892,0.3859006644264365
207,1566475200,772,163,0,935,34,-0.4258745509612892,1.615087009321713
207,1566489600,417,262,0,679,34,-0.4258745509612892,0.9095450714446036
207,1566498871,248,281,33,529,34,0.6331290420099541,0.49614159221973486
207,1566498951,6,2,0,8,34,-0.4258745509612892,-0.9397464922879761
207,1566499034,4,6,2,10,34,-0.3616925150236381,-0.9342344458983112
207,1566499114,2,6,4,8,34,-0.29751047908598693,-0.9397464922879761
207,1566499195,0,5,5,5,34,-0.2654194611171614,-0.9480145618724735
207,1566499275,4,0,0,4,34,-0.4258745509612892,-0.9507705850673059
207,1566504000,470,130,0,600,34,-0.4258745509612892,0.6918192390528394
207,1566518400,97,210,113,307,34,3.200410479515999,-0.11569555703307097
207,1566532800,0,2,2,2,34,-0.3616925150236381,-0.9562826314569709
207,1566547200,335,101,0,436,34,-0.4258745509612892,0.23983143510031618
207,1566561600,709,163,0,872,34,-0.4258745509612892,1.441457548047268
207,1566576000,494,277,0,771,34,-0.4258745509612892,1.1630992053691898
207,1566590400,513,381,0,894,34,-0.4258745509612892,1.5020900583335821
207,1566604800,157,296,139,453,34,4.034776946705463,0.286683829412468
207,1566619200,3,14,11,17,34,-0.07287335330420805,-0.9149422835344839
207,1566633600,0,0,0,0,34,-0.4258745509612892,-0.9617946778466357
207,1566648000,2,2,0,4,34,-0.4258745509612892,-0.9507705850673059
207,1566662400,0,1,1,1,34,-0.3937835329924636,-0.9590386546518033
207,1566676800,0,1,1,1,34,-0.3937835329924636,-0.9590386546518033
207,1566691200,2,1,0,3,34,-0.4258745509612892,-0.9535266082621384
207,1566705600,0,0,0,0,34,-0.4258745509612892,-0.9617946778466357
207,1566720000,0,0,0,0,34,-0.4258745509612892,-0.9617946778466357
207,1566734400,1,1,0,2,34,-0.4258745509612892,-0.9562826314569709
207,1566748800,0,0,0,0,34,-0.4258745509612892,-0.9617946778466357
207,1566763200,17,7,0,24,34,-0.4258745509612892,-0.8956501211706568
207,1566777600,0,1,1,1,34,-0.3937835329924636,-0.9590386546518033
207,1566792000,5,5,0,10,34,-0.4258745509612892,-0.9342344458983112
207,1566806400,309,89,0,398,34,-0.4258745509612892,0.13510255369668275
207,1566820800,732,184,0,916,34,-0.4258745509612892,1.5627225686198962
207,1566835200,432,211,0,643,34,-0.4258745509612892,0.8103282364306351
207,1566849600,400,440,40,840,34,0.8577661677917331,1.3532648058126295
207,1566864000,157,263,106,420,35,2.9746514594612656,-0.26856066039888005
207,1566878400,41,66,25,107,35,0.2882261169905394,-1.3687471489011165
207,1566892800,406,118,0,524,35,-0.5409175072288206,0.09699651149962657
207,1566907200,819,248,0,1067,35,-0.5409175072288206,2.0056267455466372
207,1566921600,438,187,0,625,35,-0.5409175072288206,0.452008764977984
207,1566936000,560,387,0,947,35,-0.5409175072288206,1.583830008740668
207,1566950400,177,266,89,443,35,2.410833794992101,-0.18771628584440264
207,1566964800,28,61,33,89,35,0.5535520767407346,-1.4320166594220118
207,1566979200,402,113,0,515,35,-0.5409175072288206,0.06536175623917888
207,1566993600,816,194,0,1010,35,-0.5409175072288206,1.8052732955638018
207,1567008000,430,206,0,636,35,-0.5409175072288206,0.4906734658518645
207,1567022400,485,439,0,924,35,-0.5409175072288206,1.5029856341861905
207,1567036800,158,279,121,437,35,3.4721376339928813,-0.20880612268470108
207,1567051200,35,62,27,97,35,0.3545576069280882,-1.4038968769682805
207,1567065600,409,120,0,529,35,-0.5409175072288206,0.11457137553320862
207,1567080000,811,202,0,1013,35,-0.5409175072288206,1.815818213983951
207,1567094400,483,228,0,711,35,-0.5409175072288206,0.7542964263555952
207,1567108800,451,408,0,859,35,-0.5409175072288206,1.2745124017496239
207,1567123200,184,256,72,440,35,1.847016130522936,-0.19826120426455188
207,1567137600,49,55,6,104,35,-0.34192303741617414,-1.3792920673212656
207,1567152000,393,110,0,503,35,-0.5409175072288206,0.02318208255858196
207,1567166400,769,207,0,976,35,-0.5409175072288206,1.685764220135444
207,1567180800,518,275,0,793,35,-0.5409175072288206,1.0425241965063408
207,1567195200,498,347,0,845,35,-0.5409175072288206,1.2253027824555942
207,1567209600,210,251,41,461,35,0.8188780364909297,-0.12444677532350726
207,1567224000,61,76,15,137,35,-0.04343133269720459,-1.263297964699624
207,1567238400,112,51,0,163,35,-0.5409175072288206,-1.1719086717249974
207,1567252800,346,103,0,449,35,-0.5409175072288206,-0.16662644900410417
207,1567267200,392,199,0,591,35,-0.5409175072288206,0.33249968954962605
207,1567281600,336,207,0,543,35,-0.5409175072288206,0.16378099482723835
207,1567296000,168,190,22,358,35,0.18872888208421618,-0.4864889744152975
207,1567310400,51,91,40,142,35,0.7857122915221554,-1.245723100666042
207,1567324800,88,48,0,136,35,-0.5409175072288206,-1.2668129375063404
207,1567339200,299,78,0,377,35,-0.5409175072288206,-0.4197044910876857
207,1567353600,365,150,0,515,35,-0.5409175072288206,0.06536175623917888
207,1567368000,281,166,0,447,35,-0.5409175072288206,-0.17365639461753699
207,1567382400,133,173,40,306,35,0.7857122915221554,-0.6692675603645508
207,1567396800,34,82,48,116,35,1.0510382512723506,-1.3371123936406686
207,1567411200,110,45,0,155,35,-0.5409175072288206,-1.2000284541787287
207,1567425600,307,113,0,420,35,-0.5409175072288206,-0.26856066039888005
207,1567440000,326,171,0,497,35,-0.5409175072288206,0.002092245718283501
207,1567454400,260,162,0,422,35,-0.5409175072288206,-0.26153071478544726
207,1567468800,127,184,57,311,36,1.9098674823164332,-0.7876802843433328
207,1567483200,35,48,13,83,36,0.03150925596158029,-1.3380105340786133
207,1567497600,427,140,0,567,36,-0.523460220006899,-0.1697656179738951
207,1567512000,809,209,0,1018,36,-0.523460220006899,0.9188262356691378
207,1567526400,474,245,0,719,36,-0.523460220006899,0.19712121518295855
207,1567540800,507,473,0,980,36,-0.523460220006899,0.8271045273799243
207,1567555200,124,178,54,302,36,1.7817976032467842,-0.8094038468328834
207,1567569600,4,4,0,8,36,-0.523460220006899,-1.5190402214915346
207,1567584000,584,113,0,697,36,-0.523460220006899,0.14401917354183502
207,1567598400,1152,188,0,1340,36,-0.523460220006899,1.6960470269619463
207,1567612800,624,194,0,818,36,-0.523460220006899,0.43608040256801456
207,1567627200,732,448,0,1180,36,-0.523460220006899,1.3098503604810476
207,1567641600,140,192,52,332,36,1.696417683867018,-0.7369919718677149
207,1567656000,1,2,1,3,36,-0.4807702603170159,-1.5311088673190627
207,1567670400,646,136,0,782,36,-0.523460220006899,0.3491861526098124
207,1567684800,1192,220,0,1412,36,-0.523460220006899,1.8698355268783506
207,1567699200,740,241,0,981,36,-0.523460220006899,0.82951825654543
207,1567713600,803,521,0,1324,36,-0.523460220006899,1.6574273603138563
207,1567728000,118,196,78,314,36,2.8063566358039767,-0.780439096846816
207,1567742400,1,0,0,1,36,-0.523460220006899,-1.5359363256500738
207,1567756800,665,136,0,801,36,-0.523460220006899,0.3950470067544191
207,1567771200,1180,269,0,1449,36,-0.523460220006899,1.9591435060020583
207,1567785600,710,308,0,1018,36,-0.523460220006899,0.9188262356691378
207,1567800000,745,514,0,1259,36,-0.523460220006899,1.5005349645559913
207,1567814400,285,310,25,595,36,0.5437887722401765,-0.10218120133973785
207,1567828800,39,92,53,131,36,1.739107643556901,-1.2221515341343439
207,1567843200,171,64,0,235,36,-0.523460220006899,-0.9711237009217597
207,1567857600,553,138,0,691,36,-0.523460220006899,0.12953679854880132
207,1567872000,519,187,0,706,36,-0.523460220006899,0.16574273603138556
207,1567886400,368,261,0,629,36,-0.523460220006899,-0.020114409712546893
207,1567900800,196,229,33,425,36,0.8853084497592406,-0.5125151594756926
207,1567915200,49,100,51,149,36,1.653727724177135,-1.1787044091552428
207,1567929600,92,49,0,141,36,-0.523460220006899,-1.1980142424792877
207,1567944000,367,126,0,493,36,-0.523460220006899,-0.3483815762213107
207,1567958400,429,175,0,604,36,-0.523460220006899,-0.0804576388501873
207,1567972800,249,216,0,465,36,-0.523460220006899,-0.4159659928554679
207,1567987200,124,207,83,331,36,3.0198064342533915,-0.7394057010332206
207,1568001600,26,41,15,67,36,0.11688917534134631,-1.3766302007267033
207,1568016000,489,137,0,626,36,-0.523460220006899,-0.02735559720906374
207,1568030400,846,232,0,1078,36,-0.523460220006899,1.0636499855994748
207,1568044800,480,228,0,708,36,-0.523460220006899,0.1705701943623968
207,1568059200,530,465,0,995,36,-0.523460220006899,0.8633104648625086
207,1568073600,173,305,132,478,37,2.2475196923021503,-0.4182078077617769
207,1568088000,35,68,33,103,37,0.16107475356753523,-1.5705473760346926
207,1568102400,530,128,0,658,37,-0.5344068926773365,0.13491518500922273
207,1568116800,849,222,0,1071,37,-0.5344068926773365,1.4040251628671274
207,1568131200,498,258,0,756,37,-0.5344068926773365,0.4360599255178781
207,1568145600,535,442,0,977,37,-0.5344068926773365,1.11517204442005
207,1568160000,186,344,158,530,37,2.795474928737504,-0.2584167209612659
207,1568174400,42,74,32,116,37,0.1399995521661755,-1.5305996043345649
207,1568188800,503,137,0,640,37,-0.5344068926773365,0.07960288573212276
207,1568203200,856,231,0,1087,37,-0.5344068926773365,1.4531916511134384
207,1568217600,514,238,0,752,37,-0.5344068926773365,0.4237683034563003
207,1568232000,534,474,0,1008,37,-0.5344068926773365,1.2104321153972775
207,1568246400,165,299,134,464,37,2.28967009510487,-0.46122848497729907
207,1568260800,29,48,19,77,37,-0.13397806605150128,-1.6504429194349481
207,1568275200,490,138,0,628,37,-0.5344068926773365,0.04272801954738945
207,1568289600,893,220,0,1113,37,-0.5344068926773365,1.533087194513694
207,1568304000,455,203,0,658,37,-0.5344068926773365,0.13491518500922273
207,1568318400,586,425,0,1011,37,-0.5344068926773365,1.219650831943461
207,1568332800,162,338,176,500,37,3.1748285539619796,-0.35060388642309914
207,1568347200,35,72,37,107,37,0.24537555917297424,-1.558255753973115
207,1568361600,517,148,0,665,37,-0.5344068926773365,0.1564255236169838
207,1568376000,836,271,0,1107,37,-0.5344068926773365,1.5146497614213272
207,1568390400,556,266,0,822,37,-0.5344068926773365,0.6388716895339113
207,1568404800,544,409,0,953,37,-0.5344068926773365,1.0414223120505832
207,1568419200,210,319,109,529,37,1.7627900600708761,-0.26148962647666035
207,1568433600,49,107,58,156,37,0.6879547886015289,-1.4076833837187872
207,1568448000,139,67,0,206,37,-0.5344068926773365,-1.2540381079490652
207,1568462400,449,129,0,578,37,-0.5344068926773365,-0.11091725622233266
207,1568476800,489,203,0,692,37,-0.5344068926773365,0.23939397253263375
207,1568491200,362,262,0,624,37,-0.5344068926773365,0.030436397485811686
207,1568505600,169,247,78,416,37,1.109458816628724,-0.6087279497162323
207,1568520000,50,112,62,162,37,0.7722555942069679,-1.3892459506264205
207,1568534400,95,42,0,137,37,-0.5344068926773365,-1.4660685885112816
207,1568548800,454,138,0,592,37,-0.5344068926773365,-0.06789657900681047
207,1568563200,563,226,0,789,37,-0.5344068926773365,0.5374658075258947
207,1568577600,390,198,0,588,37,-0.5344068926773365,-0.08018820106838824
207,1568592000,152,187,35,339,37,0.20322515637025473,-0.8453416744016043
207,1568606400,41,43,2,84,37,-0.49225648987461706,-1.628932580827187
207,1568620800,499,130,0,629,37,-0.5344068926773365,0.045800925062783895
207,1568635200,900,273,0,1173,37,-0.5344068926773365,1.7174615254373604
207,1568649600,563,241,0,804,37,-0.5344068926773365,0.5835593902568113
207,1568664000,554,459,0,1013,37,-0.5344068926773365,1.2257966429742497
207,1568678400,163,319,156,482,38,2.689753026701559,-0.45064177033442976
207,1568692800,47,51,4,98,38,-0.42891448555102957,-1.5797314816834558
207,1568707200,510,142,0,652,38,-0.5109846832418872,0.04921565396071197
207,1568721600,883,255,0,1138,38,-0.5109846832418872,1.478219819886823
207,1568736000,555,250,0,805,38,-0.5109846832418872,0.4990873358263395
207,1568750400,533,495,0,1028,38,-0.5109846832418872,1.1547826629899667
207,1568764800,178,356,178,534,38,3.141139114001276,-0.29774420525591583
207,1568779200,28,75,47,103,38,0.45334013962568953,-1.5650297927335988
207,1568793600,498,140,0,638,38,-0.5109846832418872,0.008050924901112068
207,1568808000,830,243,0,1073,38,-0.5109846832418872,1.2870978635386807
207,1568822400,498,234,0,732,38,-0.5109846832418872,0.28444267715842575
207,1568836800,540,445,0,985,38,-0.5109846832418872,1.0283481380211954
207,1568851200,213,328,115,541,38,1.8485335003702688,-0.2771618407261159
207,1568865600,31,86,55,117,38,0.6174805350074047,-1.5238650636739988
207,1568880000,505,125,0,630,38,-0.5109846832418872,-0.015471777418659308
207,1568894400,918,259,0,1177,38,-0.5109846832418872,1.5928929936957086
207,1568908800,551,194,0,745,38,-0.5109846832418872,0.3226670684280542
207,1568923200,554,399,0,953,38,-0.5109846832418872,0.93425732874211
207,1568937600,169,359,190,528,38,3.3873497070738483,-0.31538623199574434
207,1568952000,41,93,52,134,38,0.5559278867392615,-1.4738793212444845
207,1568966400,486,144,0,630,38,-0.5109846832418872,-0.015471777418659308
207,1568980800,896,181,0,1077,38,-0.5109846832418872,1.2988592146985662
207,1568995200,571,248,0,819,38,-0.5109846832418872,0.5402520648859395
207,1569009600,744,418,0,1162,38,-0.5109846832418872,1.548787926846137
207,1569024000,270,294,24,564,38,-0.018563497096741606,-0.20953407155677314
207,1569038400,55,117,62,172,38,0.7611033809664055,-1.3621464852255705
207,1569052800,148,58,0,206,38,-0.5109846832418872,-1.2621750003665422
207,1569067200,449,149,0,598,38,-0.5109846832418872,-0.10956258669774481
207,1569081600,566,196,0,762,38,-0.5109846832418872,0.3726528108575684
207,1569096000,428,245,0,673,38,-0.5109846832418872,0.11096274755011183
207,1569110400,215,271,56,486,38,0.6379980844301191,-0.43888041917454407
207,1569124800,74,123,49,197,38,0.4943752384711183,-1.288638040476285
207,1569139200,114,61,0,175,38,-0.5109846832418872,-1.3533254718556562
207,1569153600,367,118,0,485,38,-0.5109846832418872,-0.4418207569645155
207,1569168000,409,191,0,600,38,-0.5109846832418872,-0.10368191111780196
207,1569182400,300,242,0,542,38,-0.5109846832418872,-0.27422150293614445
207,1569196800,175,225,50,400,38,0.5148927878938327,-0.6917494691120863
207,1569211200,47,55,8,102,38,-0.34684428786017196,-1.56797013052357
207,1569225600,521,125,0,646,38,-0.5109846832418872,0.03157362722088344
207,1569240000,831,220,0,1051,38,-0.5109846832418872,1.2224104321593092
207,1569254400,607,218,0,825,38,-0.5109846832418872,0.557894091625768
207,1569268800,1000,416,0,1416,38,-0.5109846832418872,2.2956337254988783
207,1569283200,266,307,41,573,39,0.4115610924385102,-0.12254600143863924
207,1569297600,40,73,33,113,39,0.23008533514278917,-1.5368761972537575
207,1569312000,523,104,0,627,39,-0.5185021637020601,0.04348406502661378
207,1569326400,931,230,0,1161,39,-0.5185021637020601,1.685336944516338
207,1569340800,496,259,0,755,39,-0.5185021637020601,0.4370368151664728
207,1569355200,543,445,0,988,39,-0.5185021637020601,1.153425805655435
207,1569369600,182,335,153,517,39,2.9522216945786046,-0.29472532962482756
207,1569384000,32,47,15,79,39,-0.17823511877258316,-1.6414136465096576
207,1569398400,519,132,0,651,39,-0.5185021637020601,0.11727520567783735
207,1569412800,924,234,0,1158,39,-0.5185021637020601,1.6761130519349352
207,1569427200,531,273,0,804,39,-0.5185021637020601,0.5876937273293875
207,1569441600,540,512,0,1052,39,-0.5185021637020601,1.3502021807253644
207,1569456000,196,341,145,537,39,2.7707459372828835,-0.23323271241547458
207,1569470400,46,69,23,115,39,0.0032406385231378643,-1.5307269355328221
207,1569484800,507,123,0,630,39,-0.5185021637020601,0.052707957608016734
207,1569499200,898,244,0,1142,39,-0.5185021637020601,1.6269189581674528
207,1569513600,570,282,0,852,39,-0.5185021637020601,0.7352760086318347
207,1569528000,551,513,0,1064,39,-0.5185021637020601,1.387097751050976
207,1569542400,184,343,159,527,39,3.088328512550395,-0.2639790210201511
207,1569556800,40,82,42,122,39,0.4342455621004753,-1.5092045195095487
207,1569571200,478,163,0,641,39,-0.5185021637020601,0.08652889707316086
207,1569585600,838,254,0,1092,39,-0.5185021637020601,1.4731874151440703
207,1569600000,575,237,0,812,39,-0.5185021637020601,0.6122907742131287
207,1569614400,573,477,0,1050,39,-0.5185021637020601,1.344052919004429
207,1569628800,217,352,135,569,39,2.5439012406632324,-0.13484452488050983
207,1569643200,49,96,47,145,39,0.5476679104103009,-1.4384880097187929
207,1569657600,161,55,0,216,39,-0.5185021637020601,-1.2201892186255898
207,1569672000,453,160,0,613,39,-0.5185021637020601,0.00043923298006670706
207,1569686400,467,225,0,692,39,-0.5185021637020601,0.24333507095701093
207,1569700800,395,247,0,642,39,-0.5185021637020601,0.08960352793362851
207,1569715200,205,253,48,458,39,0.5703523800722661,-0.4761285503924188
207,1569729600,64,96,32,160,39,0.20740086548082404,-1.3923685468117781
207,1569744000,99,54,0,153,39,-0.5185021637020601,-1.4138909628350516
207,1569758400,389,171,0,560,39,-0.5185021637020601,-0.16251620262471866
207,1569772800,403,140,0,543,39,-0.5185021637020601,-0.21478492725266868
207,1569787200,270,231,0,501,39,-0.5185021637020601,-0.3439194233923099
207,1569801600,127,193,66,320,39,0.9786728339876384,-0.9004276091369543
207,1569816000,29,50,21,79,39,-0.0421283008007924,-1.6414136465096576
207,1569830400,435,132,0,567,39,-0.5185021637020601,-0.14099378660144513
207,1569844800,731,217,0,948,39,-0.5185021637020601,1.030440571236729
207,1569859200,423,208,0,631,39,-0.5185021637020601,0.05578258846848438
207,1569873600,443,438,0,881,39,-0.5185021637020601,0.8244403035853966
207,1569888000,163,275,112,438,40,1.6136098516583726,-0.5040330505393494
207,1569902400,37,66,29,103,40,0.048489110734308394,-1.5497046844362303
207,1569916800,415,134,0,549,40,-0.49836030476928034,-0.1575567778153083
207,1569931200,801,186,0,987,40,-0.49836030476928034,1.2096198659065838
207,1569945600,446,241,0,687,40,-0.49836030476928034,0.27319750719295904
207,1569960000,471,454,0,925,40,-0.49836030476928034,1.0160925784391013
207,1569974400,152,353,201,505,40,3.2918718509624902,-0.2948987237599732
207,1569988800,39,62,23,101,40,-0.06465214764574445,-1.5559475001609877
207,1570003200,507,125,0,632,40,-0.49836030476928034,0.10152007476212786
207,1570017600,890,239,0,1129,40,-0.49836030476928034,1.652859782364366
207,1570032000,512,268,0,780,40,-0.49836030476928034,0.5634884383941827
207,1570046400,531,450,0,981,40,-0.49836030476928034,1.1908914187323112
207,1570060800,169,311,142,480,40,2.179316143558637,-0.37293392031944195
207,1570075200,50,80,30,130,40,0.06734598713098386,-1.4654266721520042
207,1570089600,509,118,0,627,40,-0.49836030476928034,0.08591303545023411
207,1570104000,891,261,0,1152,40,-0.49836030476928034,1.7246521631990772
207,1570118400,507,244,0,751,40,-0.49836030476928034,0.47296761038519897
207,1570132800,562,509,0,1071,40,-0.49836030476928034,1.4718181263463985
207,1570147200,157,370,213,527,40,3.518154367722596,-0.22622775078764076
207,1570161600,40,66,26,106,40,-0.008081518455718032,-1.540340460849094
207,1570176000,482,124,0,606,40,-0.49836030476928034,0.020363470340280392
207,1570190400,878,225,0,1103,40,-0.49836030476928034,1.5717031779425186
207,1570204800,631,213,0,844,40,-0.49836030476928034,0.7632585415864226
207,1570219200,587,469,0,1056,40,-0.49836030476928034,1.4249970084107173
207,1570233600,225,339,114,564,40,1.6513236044517237,-0.11073565987962707
207,1570248000,62,114,52,176,40,0.4821972678578443,-1.3218419104825816
207,1570262400,149,70,0,219,40,-0.49836030476928034,-1.1876213724002955
207,1570276800,514,154,0,668,40,-0.49836030476928034,0.21389075780776282
207,1570291200,491,246,0,737,40,-0.49836030476928034,0.4292679003118965
207,1570305600,401,324,0,725,40,-0.49836030476928034,0.3918110059633515
207,1570320000,204,222,18,426,40,-0.15893652962912183,-0.5414899448878944
207,1570334400,47,103,56,150,40,0.5576247734445462,-1.402998514904429
207,1570348800,79,62,0,141,40,-0.49836030476928034,-1.431091185665838
207,1570363200,370,132,0,502,40,-0.49836030476928034,-0.3042629473471095
207,1570377600,464,204,0,668,40,-0.49836030476928034,0.21389075780776282
207,1570392000,225,203,0,428,40,-0.49836030476928034,-0.5352471291631369
207,1570406400,108,190,82,298,40,1.0479035597581083,-0.9410301512723742
207,1570420800,32,44,12,76,40,-0.27207778800917465,-1.6339826967204565
207,1570435200,509,117,0,626,40,-0.49836030476928034,0.08279162758785537
207,1570449600,873,236,0,1109,40,-0.49836030476928034,1.5904316251167911
207,1570464000,501,236,0,737,40,-0.49836030476928034,0.4292679003118965
207,1570478400,508,150,0,658,40,-0.49836030476928034,0.18267667918397534
207,1570492800,602,795,193,1397,41,2.9400175070628034,2.2999191585695624
207,1570507200,41,64,23,105,41,-0.11554653957888743,-1.500757310676067
207,1570521600,509,137,0,646,41,-0.5289463811833515,0.0907024183192005
207,1570536000,898,230,0,1128,41,-0.5289463811833515,1.5086018441523223
207,1570550400,498,264,0,762,41,-0.5289463811833515,0.43193962453630036
207,1570564800,528,496,0,1024,41,-0.5289463811833515,1.2026650385783708
207,1570579200,211,362,151,573,41,2.185113448480738,-0.12404168559328475
207,1570593600,39,69,30,108,41,0.010270803518123357,-1.49193221051528
207,1570608000,382,131,0,513,41,-0.5289463811833515,-0.30054368880902604
207,1570622400,850,230,0,1080,41,-0.5289463811833515,1.3674002415797293
207,1570636800,513,276,0,789,41,-0.5289463811833515,0.5113655259833839
207,1570651200,500,482,0,982,41,-0.5289463811833515,1.079113636327352
207,1570665600,177,363,186,540,41,2.8142001639657925,-0.22111778736194246
207,1570680000,37,48,11,85,41,-0.3312334134594773,-1.5595913117479807
207,1570694400,524,148,0,672,41,-0.5289463811833515,0.16718661971268842
207,1570708800,918,261,0,1179,41,-0.5289463811833515,1.6586285468857025
207,1570723200,511,258,0,769,41,-0.5289463811833515,0.4525315249114702
207,1570737600,595,523,0,1118,41,-0.5289463811833515,1.4791848436163655
207,1570752000,178,368,190,546,41,2.8860957885926557,-0.20346758704036835
207,1570766400,31,75,44,106,41,0.26190548971214495,-1.4978156106224711
207,1570780800,463,157,0,620,41,-0.5289463811833515,0.014218216925712606
207,1570795200,857,260,0,1117,41,-0.5289463811833515,1.4762431435627699
207,1570809600,522,295,0,817,41,-0.5289463811833515,0.5937331274840633
207,1570824000,588,392,0,980,41,-0.5289463811833515,1.0732302362201604
207,1570838400,194,288,94,482,41,1.1606007975479362,-0.3917363904704924
207,1570852800,51,105,54,156,41,0.4416445512793032,-1.3507306079426868
207,1570867200,137,66,0,203,41,-0.5289463811833515,-1.2124707054236894
207,1570881600,452,132,0,584,41,-0.5289463811833515,-0.09168298500373218
207,1570896000,456,204,0,660,41,-0.5289463811833515,0.13188621906954015
207,1570910400,380,260,0,640,41,-0.5289463811833515,0.07305221799762637
207,1570924800,197,278,81,475,41,0.9269400175106305,-0.4123282908456622
207,1570939200,56,99,43,155,41,0.2439315835554291,-1.3536723079962825
207,1570953600,99,59,0,158,41,-0.5289463811833515,-1.3448472078354954
207,1570968000,362,131,0,493,41,-0.5289463811833515,-0.3593776898809398
207,1570982400,436,167,0,603,41,-0.5289463811833515,-0.0357906839854141
207,1570996800,293,253,0,546,41,-0.5289463811833515,-0.20346758704036835
207,1571011200,146,251,105,397,41,1.3583137652718102,-0.6417808950261259
207,1571025600,35,66,31,101,41,0.028244709674839184,-1.5125241108904497
207,1571040000,278,52,0,330,41,-0.5289463811833515,-0.8388747986170371
207,1571054400,655,127,0,782,41,-0.5289463811833515,0.49077362560821414
207,1571068800,459,203,0,662,41,-0.5289463811833515,0.13776961917673153
207,1571083200,379,375,0,754,41,-0.5289463811833515,0.40840602410753485
207,1571097600,147,281,134,428,42,2.1690253972555893,-0.5547415106862192
207,1571112000,35,60,25,95,42,-0.020083568493107308,-1.5605251208051543
207,1571126400,478,109,0,587,42,-0.52217278082079,-0.07450248963843951
207,1571140800,847,271,0,1118,42,-0.52217278082079,1.5293146183890514
207,1571155200,480,221,0,701,42,-0.52217278082079,0.2698198273392139
207,1571169600,503,418,0,921,42,-0.52217278082079,0.9343014916820538
207,1571184000,177,313,136,490,42,2.2091925342418035,-0.36747849618960077
207,1571198400,34,59,25,93,42,-0.020083568493107308,-1.5665658632082708
207,1571212800,454,148,0,602,42,-0.52217278082079,-0.029196921615064063
207,1571227200,855,218,0,1073,42,-0.52217278082079,1.393397914318925
207,1571241600,533,298,0,831,42,-0.52217278082079,0.6624680835418011
207,1571256000,476,479,3,955,42,-0.46192207534146806,1.0369941125350381
207,1571270400,158,357,199,515,42,3.474457349307564,-0.29196921615064164
207,1571284800,31,65,34,96,42,0.16066854794485846,-1.5575047496035959
207,1571299200,478,144,0,622,42,-0.52217278082079,0.0312105024161032
207,1571313600,910,265,0,1175,42,-0.52217278082079,1.701475776877878
207,1571328000,518,307,0,825,42,-0.52217278082079,0.6443458563324509
207,1571342400,593,480,0,1073,42,-0.52217278082079,1.393397914318925
207,1571356800,207,366,159,573,42,2.6711146095832716,-0.1167876864602566
207,1571371200,44,75,31,119,42,0.10041784246553653,-1.4880362119677535
207,1571385600,472,123,0,595,42,-0.52217278082079,-0.050339520025972605
207,1571400000,909,258,0,1167,42,-0.52217278082079,1.677312807265411
207,1571414400,558,272,0,830,42,-0.52217278082079,0.6594477123402428
207,1571428800,592,452,0,1044,42,-0.52217278082079,1.3058071494737324
207,1571443200,242,353,111,595,42,1.707103321914121,-0.050339520025972605
207,1571457600,48,128,80,176,42,1.0845126986277946,-1.3158750534789267
207,1571472000,114,83,0,197,42,-0.52217278082079,-1.2524472582462012
207,1571486400,464,160,0,624,42,-0.52217278082079,0.03725124481921993
207,1571500800,500,222,0,722,42,-0.52217278082079,0.3332476225719395
207,1571515200,400,315,0,715,42,-0.52217278082079,0.312105024161031
207,1571529600,203,207,4,410,42,-0.44183850684836073,-0.6091081923142698
207,1571544000,44,110,66,154,42,0.8033427397242923,-1.3823232199132107
207,1571558400,105,52,0,157,42,-0.52217278082079,-1.3732621063085357
207,1571572800,364,138,0,502,42,-0.52217278082079,-0.3312340417709004
207,1571587200,371,204,0,575,42,-0.52217278082079,-0.11074694405713988
207,1571601600,276,249,0,525,42,-0.52217278082079,-0.26176550413505806
207,1571616000,112,178,66,290,42,0.8033427397242923,-0.9715527365012734
207,1571630400,33,52,19,85,42,-0.14058497945175114,-1.5907288328207378
207,1571644800,523,150,0,673,42,-0.52217278082079,0.18524943369557972
207,1571659200,897,200,0,1097,42,-0.52217278082079,1.4658868231563258
207,1571673600,473,185,0,658,42,-0.52217278082079,0.13994386567220427
207,1571688000,552,455,0,1007,42,-0.52217278082079,1.194053415016073
207,1571702400,170,279,109,449,43,1.4304193615057477,-0.5077828994135075
207,1571716800,33,79,46,112,43,0.3122835770022887,-1.4957085569116229
207,1571731200,492,139,0,631,43,-0.5041330275557923,0.025755586238293524
207,1571745600,910,289,0,1199,43,-0.5041330275557923,1.690864706294464
207,1571760000,512,270,0,782,43,-0.5041330275557923,0.4684166375208318
207,1571774400,539,523,0,1062,43,-0.5041330275557923,1.2892450769851411
207,1571788800,185,366,181,551,43,2.7082888295097005,-0.20876682503722344
207,1571803200,39,71,32,110,43,0.06380895822374234,-1.5015716171935107
207,1571817600,498,137,0,635,43,-0.5041330275557923,0.03748170680206937
207,1571832000,899,217,0,1116,43,-0.5041330275557923,1.4475477045961151
207,1571846400,493,286,0,779,43,-0.5041330275557923,0.4596220470979999
207,1571860800,579,524,0,1103,43,-0.5041330275557923,1.4094378127638436
207,1571875200,177,389,212,566,43,3.2584826282336246,-0.16479387292306402
207,1571889600,40,65,25,105,43,-0.060428351165530844,-1.5162292678982305
207,1571904000,499,125,0,624,43,-0.5041330275557923,0.005234875251685789
207,1571918400,918,279,0,1197,43,-0.5041330275557923,1.685001646012576
207,1571932800,512,263,0,775,43,-0.5041330275557923,0.44789592653422405
207,1571947200,552,444,0,996,43,-0.5041330275557923,1.0957640876828396
207,1571961600,162,370,208,532,43,3.187489880011183,-0.2644658977151587
207,1571976000,44,60,16,104,43,-0.22016203466602494,-1.5191607980391746
207,1571990400,474,131,0,605,43,-0.5041330275557923,-0.05046419742624949
207,1572004800,937,244,0,1181,43,-0.5041330275557923,1.6380971637574726
207,1572019200,533,271,0,804,43,-0.5041330275557923,0.5329103006215989
207,1572033600,560,466,0,1026,43,-0.5041330275557923,1.1837099919111584
207,1572048000,185,319,134,504,43,1.874124037896009,-0.34654874166158967
207,1572062400,50,116,66,166,43,0.6672473181144979,-1.3374059293006488
207,1572076800,157,69,0,226,43,-0.5041330275557923,-1.1615141208440112
207,1572091200,471,154,0,625,43,-0.5041330275557923,0.008166405392629751
207,1572105600,526,202,0,728,43,-0.5041330275557923,0.3101140099098578
207,1572120000,442,297,0,739,43,-0.5041330275557923,0.3423608414602414
207,1572134400,228,251,23,479,43,-0.09592472527675176,-0.4198369951851887
207,1572148800,52,90,38,142,43,0.17029808055740508,-1.407762652683304
207,1572163200,104,48,0,152,43,-0.5041330275557923,-1.3784473512738642
207,1572177600,317,145,0,462,43,-0.5041330275557923,-0.4696730075812361
207,1572192000,351,184,0,535,43,-0.5041330275557923,-0.25567130729232684
207,1572206400,274,199,0,473,43,-0.5041330275557923,-0.4374261760308525
207,1572220800,106,177,71,283,43,0.7559882533925502,-0.9944169028102052
207,1572235200,33,65,32,98,43,0.06380895822374234,-1.5367499788848382
207,1572249600,517,104,0,621,43,-0.5041330275557923,-0.0035597151711460966
207,1572264000,836,228,0,1064,43,-0.5041330275557923,1.295108137267029
207,1572278400,452,268,0,720,43,-0.5041330275557923,0.28666176878230615
207,1572292800,597,475,0,1072,43,-0.5041330275557923,1.3185603783945807
207,1572307200,150,424,274,574,44,2.2488925387394207,-0.225485232383934
207,1572321600,35,61,26,96,44,-0.2652273934460476,-1.6056589865290742
207,1572336000,550,119,0,669,44,-0.5288044831106532,0.048817082770434866
207,1572350400,916,228,0,1144,44,-0.5288044831106532,1.4203286585422792
207,1572364800,465,273,0,738,44,-0.5288044831106532,0.24804718535623962
207,1572379200,510,500,0,1010,44,-0.5288044831106532,1.0334180245350642
207,1572393600,145,481,336,626,44,2.8774225217857876,-0.07534080724680578
207,1572408000,19,84,65,103,44,0.13013824105086072,-1.585447236991384
207,1572422400,480,105,0,585,44,-0.5288044831106532,-0.1937239116818492
207,1572436800,903,223,0,1126,44,-0.5288044831106532,1.368355588302504
207,1572451200,489,248,0,737,44,-0.5288044831106532,0.245159792565141
207,1572465600,540,510,0,1050,44,-0.5288044831106532,1.148913736179009
207,1572480000,152,475,323,627,44,2.745633976953485,-0.07245341445570716
207,1572494400,34,103,69,137,44,0.17068856253772313,-1.4872758820940308
207,1572508800,477,149,0,626,44,-0.5288044831106532,-0.07534080724680578
207,1572523200,923,286,0,1209,44,-0.5288044831106532,1.6080091899636895
207,1572537600,598,328,0,926,44,-0.5288044831106532,0.7908770300827801
207,1572552000,498,583,85,1081,44,0.3328898484851727,1.2384229127030661
207,1572566400,182,583,401,765,44,3.5363652459473016,0.32600679071590233
207,1572580800,23,131,108,154,44,0.5660541970346314,-1.4381902046453543
207,1572595200,465,179,0,644,44,-0.5288044831106532,-0.02336773700703063
207,1572609600,860,305,0,1165,44,-0.5288044831106532,1.4809639071553502
207,1572624000,583,280,0,863,44,-0.5288044831106532,0.6089712842435671
207,1572638400,587,471,0,1058,44,-0.5288044831106532,1.172012878507798
207,1572652800,229,344,115,573,44,0.6370172596366407,-0.22837262517503262
207,1572667200,57,105,48,162,44,-0.042200625268304454,-1.4150910623165653
207,1572681600,152,61,0,213,44,-0.5288044831106532,-1.2678340299705357
207,1572696000,489,190,0,679,44,-0.5288044831106532,0.07769101068142106
207,1572710400,489,238,0,727,44,-0.5288044831106532,0.2162858646541548
207,1572724800,439,300,0,739,44,-0.5288044831106532,0.2509345781473382
207,1572739200,177,254,77,431,44,0.2517892055114479,-0.6383824015110366
207,1572750000,47,129,82,176,44,0.3024771073700259,-1.3746675632411847
207,1572764400,79,42,0,121,44,-0.5288044831106532,-1.5334741667516087
207,1572778800,396,155,0,551,44,-0.5288044831106532,-0.2918952665792023
207,1572793200,581,245,0,826,44,-0.5288044831106532,0.5021377509729181
207,1572807600,477,317,0,794,44,-0.5288044831106532,0.4097411816577623
207,1572822000,140,219,79,359,44,0.2720643662548791,-0.8462746824701373
207,1572836400,56,73,17,129,44,-0.356465616791488,-1.5103750244228198
207,1572850800,204,41,0,245,44,-0.5288044831106532,-1.17543746065538
207,1572865200,1084,272,0,1356,44,-0.5288044831106532,2.032455930255187
207,1572879600,467,210,0,677,44,-0.5288044831106532,0.07191622509922382
207,1572894000,575,398,0,973,44,-0.5288044831106532,0.9265844912644152
207,1572908400,229,367,138,596,44,0.8701816081860995,-0.16196259097976437
207,1572922800,75,129,54,204,45,0.367984864150964,-1.0784965378897997
207,1572937200,189,54,0,243,45,-0.5814914406208065,-0.9736240339382716
207,1572951600,960,220,0,1180,45,-0.5814914406208065,1.5460050994612642
207,1572966000,479,181,0,660,45,-0.5814914406208065,0.14770504677422194
207,1572980400,559,489,0,1048,45,-0.5814914406208065,1.1910520091637842
207,1572994800,196,407,211,603,45,3.128499305802223,-0.005570151308780757
207,1573009200,52,115,63,167,45,0.5262309149462591,-1.1779909647156084
207,1573023600,211,60,0,271,45,-0.5814914406208065,-0.8983309541782001
207,1573038000,1106,310,0,1416,45,-0.5814914406208065,2.1806182002961525
207,1573052400,511,229,0,740,45,-0.5814914406208065,0.36282813180299767
207,1573066800,610,459,0,1069,45,-0.5814914406208065,1.247521818983838
207,1573081200,231,394,163,625,45,2.284520368227316,0.053588697074132566
207,1573095600,66,166,100,232,45,1.17679801266025,-1.0032034581297282
207,1573110000,213,55,0,268,45,-0.5814914406208065,-0.9063980698667792
207,1573124400,1126,311,0,1437,45,-0.5814914406208065,2.237088010116206
207,1573138800,464,248,0,712,45,-0.5814914406208065,0.2875350520429262
207,1573153200,649,479,0,1128,45,-0.5814914406208065,1.40617509419256
207,1573167600,259,414,155,673,45,2.143857211964831,0.182662548091398
207,1573182000,72,151,79,223,45,0.8075572274712282,-1.0274048051954654
207,1573196400,207,54,0,261,45,-0.5814914406208065,-0.925221339806797
207,1573210800,1064,315,0,1379,45,-0.5814914406208065,2.0811237734703436
207,1573225200,535,221,0,756,45,-0.5814914406208065,0.40585274880875283
207,1573239600,614,434,0,1048,45,-0.5814914406208065,1.1910520091637842
207,1573254000,253,369,116,622,45,1.458124325185219,0.045521581385553476
207,1573268400,78,170,92,248,45,1.0361348563977655,-0.960178841123973
207,1573282800,84,46,0,130,45,-0.5814914406208065,-1.2774853915414173
207,1573297200,379,121,0,500,45,-0.5814914406208065,-0.28254112328332953
207,1573311600,527,220,0,747,45,-0.5814914406208065,0.38165140174301554
207,1573326000,432,225,0,657,45,-0.5814914406208065,0.13963793108564287
207,1573340400,244,231,0,475,45,-0.5814914406208065,-0.3497670873548219
207,1573354800,66,171,105,237,45,1.2647124853243028,-0.9897582653154298
207,1573369200,66,42,0,108,45,-0.5814914406208065,-1.3366442399243306
207,1573383600,320,112,0,432,45,-0.5814914406208065,-0.4653957455577889
207,1573398000,455,139,0,594,45,-0.5814914406208065,-0.029771498374518025
207,1573412400,318,212,0,530,45,-0.5814914406208065,-0.2018699663975386
207,1573426800,155,208,53,363,45,0.35040196961815345,-0.650939406395108
207,1573441200,52,87,35,139,45,0.03390986802756327,-1.25328404447568
207,1573455600,171,53,0,224,45,-0.5814914406208065,-1.0247157666326059
207,1573470000,795,163,0,958,45,-0.5814914406208065,0.9490385385064115
207,1573484400,481,207,0,688,45,-0.5814914406208065,0.22299812653429346
207,1573498800,481,426,0,907,45,-0.5814914406208065,0.811897571800567
207,1573513200,174,337,163,511,45,2.284520368227316,-0.2529616990918728
207,1573527600,69,181,112,250,46,1.304762721524951,-1.013946683184981
207,1573542000,219,59,0,278,46,-0.538915212405169,-0.9401457733981681
207,1573556400,1089,300,0,1389,46,-0.538915212405169,1.9881688970714482
207,1573570800,500,222,0,722,46,-0.538915212405169,0.2301257960784383
207,1573585200,576,446,0,1022,46,-0.538915212405169,1.0208498295085777
207,1573599600,216,451,235,667,46,3.329516166823208,0.08515972328291274
207,1573614000,62,155,93,217,46,0.9919959291618057,-1.1009263268622964
207,1573628400,215,58,0,273,46,-0.538915212405169,-0.9533245072886704
207,1573642800,1092,241,0,1333,46,-0.538915212405169,1.8405670774978222
207,1573657200,515,243,0,758,46,-0.538915212405169,0.325012680090055
207,1573671600,570,493,0,1063,46,-0.538915212405169,1.1289154474106968
207,1573686000,246,442,196,688,46,2.687521171972541,0.1405104056230225
207,1573700400,76,150,74,226,46,0.6792291367986603,-1.0772046058593923
207,1573714800,191,64,0,255,46,-0.538915212405169,-1.0007679492944788
207,1573729200,1084,275,0,1359,46,-0.538915212405169,1.9090964937284343
207,1573743600,474,229,0,703,46,-0.538915212405169,0.18004660729452948
207,1573758000,678,374,0,1052,46,-0.538915212405169,1.0999222328515916
207,1573772400,381,347,0,728,46,-0.538915212405169,0.24594027674704108
207,1573786800,123,189,66,312,46,0.5475378558036517,-0.8505303829427522
207,1573801200,204,55,0,259,46,-0.538915212405169,-0.9902249621820769
207,1573815600,1107,330,0,1437,46,-0.538915212405169,2.1146847424202706
207,1573830000,470,252,0,722,46,-0.538915212405169,0.2301257960784383
207,1573844400,655,428,0,1083,46,-0.538915212405169,1.181630382972706
207,1573858800,285,357,72,642,46,0.6463063165499081,0.01926605383040113
207,1573873200,73,170,97,243,46,1.05784156965931,-1.0323969106316844
207,1573887600,90,48,0,138,46,-0.538915212405169,-1.3091503223322332
207,1573902000,426,155,0,581,46,-0.538915212405169,-0.14151449963372723
207,1573916400,493,213,0,706,46,-0.538915212405169,0.18795384762883088
207,1573930800,457,293,0,750,46,-0.538915212405169,0.30392670586525133
207,1573945200,286,292,6,578,46,-0.44014675165891265,-0.1494217399680286
207,1573959600,78,155,77,233,46,0.7286133671717885,-1.058754378412689
207,1573974000,67,36,0,103,46,-0.538915212405169,-1.4014014595657494
207,1573988400,243,119,0,362,46,-0.538915212405169,-0.718743044037729
207,1574002800,434,205,0,639,46,-0.538915212405169,0.011358813496099737
207,1574017200,317,257,0,574,46,-0.538915212405169,-0.15996472708043047
207,1574031600,152,252,100,404,46,1.1072258000324382,-0.6080416793575094
207,1574046000,43,82,39,125,46,0.10307978244549774,-1.3434150304475392
207,1574060400,206,44,0,250,46,-0.538915212405169,-1.013946683184981
207,1574074800,968,292,0,1260,46,-0.538915212405169,1.6481575626964884
207,1574089200,409,210,0,619,46,-0.538915212405169,-0.04135612206590956
207,1574103600,571,421,0,992,46,-0.538915212405169,0.9417774261655638
207,1574118000,227,435,208,662,46,2.885058093465054,0.07198098939241042
207,1574132400,65,145,80,210,47,0.6289111382862582,-0.6505507328382218
207,1574146800,210,59,0,269,47,-0.5017156271721835,-0.5262109938507082
207,1574161200,1059,273,0,1332,47,-0.5017156271721835,1.714011761127715
207,1574175600,487,213,0,700,47,-0.5017156271721835,0.3821013367190946
207,1574190000,631,522,0,1153,47,-0.5017156271721835,1.3367776377588176
207,1574204400,223,454,231,677,47,2.7629691580890667,0.33362991304599604
207,1574218800,64,165,101,229,47,0.9257006642190991,-0.6105091219778361
207,1574233200,198,68,0,266,47,-0.5017156271721835,-0.5325333534602428
207,1574247600,1138,238,0,1376,47,-0.5017156271721835,1.8067397020675555
207,1574262000,517,217,0,734,47,-0.5017156271721835,0.4537547456271533
207,1574276400,589,425,0,1014,47,-0.5017156271721835,1.0438416425170485
207,1574290800,253,457,204,710,47,2.381382624746843,0.4031758687508766
207,1574305200,70,162,92,232,47,0.7985051531050245,-0.6041867623683015
207,1574319600,199,57,0,256,47,-0.5017156271721835,-0.5536078854920248
207,1574334000,1073,279,0,1352,47,-0.5017156271721835,1.7561608251912788
207,1574348400,461,231,0,692,47,-0.5017156271721835,0.365241711093669
207,1574362800,594,428,0,1022,47,-0.5017156271721835,1.060701268142474
207,1574377200,248,463,215,711,47,2.5368438049973787,0.40528332195405475
207,1574391600,62,176,114,238,47,1.109427513606096,-0.5915420431492323
207,1574406000,194,60,0,254,47,-0.5017156271721835,-0.5578227918983812
207,1574420400,1087,338,0,1425,47,-0.5017156271721835,1.9100049090232873
207,1574434800,549,270,0,819,47,-0.5017156271721835,0.6328882678973
207,1574449200,654,479,0,1133,47,-0.5017156271721835,1.2946285736952539
207,1574463600,340,456,116,796,47,1.137693182742557,0.5844168442242015
207,1574478000,48,110,62,158,47,0.3745201160581088,-0.7601382994034881
207,1574492400,11,18,7,29,47,-0.40278578519456987,-1.0319997626134754
207,1574506800,1,5,4,6,47,-0.4451842888992614,-1.080471186286574
207,1574521200,1,1,0,2,47,-0.5017156271721835,-1.0889009990992868
207,1574535600,2,1,0,3,47,-0.5017156271721835,-1.0867935458961087
207,1574550000,1,2,1,3,47,-0.487582792603953,-1.0867935458961087
207,1574564400,3,6,3,9,47,-0.45931712346749193,-1.0741488266770394
207,1574578800,6,1,0,7,47,-0.5017156271721835,-1.0783637330833957
207,1574593200,0,1,1,1,47,-0.487582792603953,-1.091008452302465
207,1574607600,2,1,0,3,47,-0.5017156271721835,-1.0867935458961087
207,1574622000,0,2,2,2,47,-0.4734499580357225,-1.0889009990992868
207,1574636400,0,0,0,0,47,-0.5017156271721835,-1.0931159055056432
207,1574650800,3,1,0,4,47,-0.5017156271721835,-1.0846860926929305
207,1574665200,201,32,0,233,47,-0.5017156271721835,-0.6020793091651233
207,1574679600,1025,262,0,1287,47,-0.5017156271721835,1.6191763669846961
207,1574694000,465,227,0,692,47,-0.5017156271721835,0.365241711093669
207,1574708400,565,457,0,1022,47,-0.5017156271721835,1.060701268142474
207,1574722800,233,491,258,724,47,3.144555691431291,0.4326802135953713
207,1574737200,55,386,331,441,48,4.051088055239894,0.06875854827756872
207,1574751600,197,61,0,258,48,-0.3921645004954122,-0.4026760655149316
207,1574766000,1072,289,0,1361,48,-0.3921645004954122,2.438812344392871
207,1574780400,503,212,0,715,48,-0.3921645004954122,0.7746223962510392
207,1574794800,572,435,0,1007,48,-0.3921645004954122,1.5268568619745915
207,1574809200,213,463,250,676,48,2.9637664328394107,0.6741527244591948
207,1574823600,29,225,196,254,48,2.238885351239089,-0.4129806472371721
207,1574838000,172,54,0,226,48,-0.3921645004954122,-0.4851127192928552
207,1574852400,870,258,0,1128,48,-0.3921645004954122,1.838570459072365
207,1574866800,486,242,0,728,48,-0.3921645004954122,0.8081122868483206
207,1574881200,569,432,0,1001,48,-0.3921645004954122,1.5113999893912309
207,1574895600,222,283,61,505,48,0.42668264723828464,0.23363185583341584
207,1574910000,57,133,76,190,48,0.6280385032383741,-0.5778539547930192
207,1574924400,85,44,0,129,48,-0.3921645004954122,-0.734998826057186
207,1574938800,266,107,0,373,48,-0.3921645004954122,-0.10641934100051885
207,1574953200,314,203,0,517,48,-0.3921645004954122,0.2645456010001372
207,1574967600,299,193,0,492,48,-0.3921645004954122,0.2001419652361344
207,1574982000,228,179,0,407,48,-0.3921645004954122,-0.018830396361475064
207,1574996400,97,91,0,188,48,-0.3921645004954122,-0.5830062456541394
207,1575010800,142,51,0,193,48,-0.3921645004954122,-0.5701255185013389
207,1575025200,473,195,0,668,48,-0.3921645004954122,0.653543561014714
207,1575039600,480,198,0,678,48,-0.3921645004954122,0.6793050153203151
207,1575054000,479,334,0,813,48,-0.3921645004954122,1.0270846484459302
207,1575068400,242,266,24,508,48,-0.06999513089526918,0.24136029212509616
207,1575082800,31,71,40,102,48,0.1447844488381595,-0.804554752682309
207,1575097200,1,5,4,6,48,-0.338469605562055,-1.0518647140160797
207,1575111600,3,7,4,10,48,-0.338469605562055,-1.0415601322938393
207,1575126000,0,0,0,0,48,-0.3921645004954122,-1.0673215865994403
207,1575140400,0,5,5,5,48,-0.32504588182871574,-1.0544408594466397
207,1575154800,0,4,4,4,48,-0.338469605562055,-1.0570170048771999
207,1575169200,1,3,2,4,48,-0.36531705302873363,-1.0570170048771999
207,1575183600,0,4,4,4,48,-0.338469605562055,-1.0570170048771999
207,1575198000,2,6,4,8,48,-0.338469605562055,-1.0467124231549594
207,1575212400,0,1,1,1,48,-0.3787407767620729,-1.0647454411688801
207,1575226800,0,2,2,2,48,-0.36531705302873363,-1.0621692957383202
207,1575241200,0,2,2,2,48,-0.36531705302873363,-1.0621692957383202
207,1575255600,1,2,1,3,48,-0.3787407767620729,-1.05959315030776
207,1575270000,185,40,0,225,48,-0.3921645004954122,-0.4876888647234153
207,1575284400,1016,246,0,1262,48,-0.3921645004954122,2.18377394676742
207,1575298800,495,212,0,707,48,-0.3921645004954122,0.7540132328065583
207,1575313200,522,464,0,986,48,-0.3921645004954122,1.4727578079328292
207,1575327600,199,415,216,614,48,2.507359825905875,0.514431707764468
207,1575342000,52,108,56,160,49,0.42170730119249883,-1.211772753718495
207,1575356400,197,48,0,245,49,-0.5966249086686483,-0.9977506525571125
207,1575370800,1092,338,0,1430,49,-0.5966249086686483,1.98596922833981
207,1575385200,463,195,0,658,49,-0.5966249086686483,0.0421449683799584
207,1575399600,557,470,0,1027,49,-0.5966249086686483,0.9712526781276076
207,1575414000,237,413,176,650,49,2.6038477508949573,0.022001711800063568
207,1575428400,61,131,70,192,49,0.6762903536577857,-1.1311997273989156
207,1575442800,194,56,0,250,49,-0.5966249086686483,-0.9851611171946781
207,1575457200,1115,295,0,1410,49,-0.5966249086686483,1.9356110868900729
207,1575471600,546,261,0,807,49,-0.5966249086686483,0.4173131221804997
207,1575486000,584,509,0,1093,49,-0.5966249086686483,1.13743454491174
207,1575500400,233,402,169,635,49,2.476556224662314,-0.015766894287239246
207,1575514800,63,151,88,214,49,1.0036114211131544,-1.075805771804205
207,1575529200,197,30,0,227,49,-0.5966249086686483,-1.0430729798618759
207,1575543600,1097,363,0,1460,49,-0.5966249086686483,2.0615064405144157
207,1575558000,522,227,0,749,49,-0.5966249086686483,0.2712745119762621
207,1575572400,599,446,0,1045,49,-0.5966249086686483,1.016575005432371
207,1575586800,229,418,189,647,49,2.8402462996127236,0.014447990582603003
207,1575601200,70,160,90,230,49,1.0399804286081953,-1.0355192586444153
207,1575615600,176,64,0,240,49,-0.5966249086686483,-1.0103401879195466
207,1575630000,1055,324,0,1379,49,-0.5966249086686483,1.8575559676429803
207,1575644400,523,261,0,784,49,-0.5966249086686483,0.35940125951330204
207,1575658800,561,491,0,1052,49,-0.5966249086686483,1.034200354939779
207,1575673200,305,406,101,711,49,1.2400099698309206,0.17559404322176167
207,1575687600,86,199,113,285,49,1.4582240148011665,-0.8970343696576383
207,1575702000,71,38,0,109,49,-0.5966249086686483,-1.3401860144153246
207,1575716400,424,127,0,551,49,-0.5966249086686483,-0.22727108837613502
207,1575730800,540,179,0,719,49,-0.5966249086686483,0.19573729980165652
207,1575745200,486,301,0,787,49,-0.5966249086686483,0.3669549807307626
207,1575759600,266,282,16,548,49,-0.30567284870832057,-0.23482480959359558
207,1575774000,91,159,68,250,49,0.6399213461627447,-0.9851611171946781
207,1575788400,64,30,0,94,49,-0.5966249086686483,-1.3779546205026274
207,1575802800,296,101,0,397,49,-0.5966249086686483,-0.6150287775391106
207,1575817200,429,223,0,652,49,-0.5966249086686483,0.027037525945037274
207,1575831600,414,324,0,738,49,-0.5966249086686483,0.24357753417890673
207,1575846000,172,216,44,388,49,0.20349325622225303,-0.6376899411914922
207,1575860400,42,98,56,140,49,0.42170730119249883,-1.2621308951682322
207,1575874800,242,59,0,301,49,-0.5966249086686483,-0.8567478564978486
207,1575889200,1048,260,0,1308,49,-0.5966249086686483,1.6787845654964137
207,1575903600,485,188,0,673,49,-0.5966249086686483,0.07991357446726122
207,1575918000,614,436,0,1050,49,-0.5966249086686483,1.0291645407948053
207,1575932400,253,395,142,648,49,1.9855746234792606,0.016965897655089858
207,1575946800,66,134,68,200,50,0.7573131759989401,-1.1483849046759729
207,1575961200,187,56,0,243,50,-0.5023760672468217,-1.0348539687308882
207,1575975600,1068,281,0,1349,50,-0.5023760672468217,1.8852673139496618
207,1575990000,487,226,0,713,50,-0.5023760672468217,0.20606556369213042
207,1576004400,747,424,0,1171,50,-0.5023760672468217,1.4153020442234974
207,1576018800,343,337,0,680,50,-0.5023760672468217,0.11893717099008867
207,1576033200,104,107,3,211,50,-0.44680154180950865,-1.1193421071086256
207,1576047600,193,48,0,241,50,-0.5023760672468217,-1.0401344773794967
207,1576062000,1131,263,0,1394,50,-0.5023760672468217,2.004078758543355
207,1576076400,528,230,0,758,50,-0.5023760672468217,0.32487700828582367
207,1576090800,591,320,0,911,50,-0.5023760672468217,0.7288359199043808
207,1576105200,223,299,76,522,50,0.9055119104984415,-0.29822301224998987
207,1576119600,52,154,102,206,50,1.387157797621821,-1.132543378730147
207,1576134000,205,67,0,272,50,-0.5023760672468217,-0.9582865933260636
207,1576148400,1080,306,0,1386,50,-0.5023760672468217,1.9829567239489208
207,1576162800,480,250,0,730,50,-0.5023760672468217,0.2509498872053034
207,1576177200,678,490,0,1168,50,-0.5023760672468217,1.4073812812505846
207,1576191600,248,492,244,740,50,4.01768533498797,0.27735243044834634
207,1576206000,74,147,73,221,50,0.8499373850611284,-1.0929395638655826
207,1576220400,169,63,0,232,50,-0.5023760672468217,-1.0638967662982355
207,1576234800,924,298,0,1222,50,-0.5023760672468217,1.5499550147630163
207,1576249200,528,179,0,707,50,-0.5023760672468217,0.19022403774630464
207,1576263600,604,415,0,1019,50,-0.5023760672468217,1.0139833869292445
207,1576278000,292,387,95,679,50,1.2574839049347573,0.11629691666578439
207,1576292400,100,218,118,318,50,1.6835552666208238,-0.836834894408066
207,1576306800,77,28,0,105,50,-0.5023760672468217,-1.3992090654848808
207,1576321200,440,97,0,537,50,-0.5023760672468217,-0.2586191973854255
207,1576335600,582,214,0,796,50,-0.5023760672468217,0.4252066726093869
207,1576350000,517,300,0,817,50,-0.5023760672468217,0.48065201341977704
207,1576364400,297,277,0,574,50,-0.5023760672468217,-0.16092978738616656
207,1576378800,91,141,50,232,50,0.42386602337506196,-1.0638967662982355
207,1576393200,62,49,0,111,50,-0.5023760672468217,-1.383367539539055
207,1576407600,343,131,0,474,50,-0.5023760672468217,-0.42495521981659606
207,1576422000,470,173,0,643,50,-0.5023760672468217,0.021247760990829773
207,1576436400,440,270,0,710,50,-0.5023760672468217,0.19814480071921753
207,1576450800,178,233,55,411,50,0.5164902324372503,-0.5912912422477666
207,1576465200,42,112,70,154,50,0.7943628596238154,-1.2698366035939703
207,1576479600,192,50,0,242,50,-0.5023760672468217,-1.0374942230551925
207,1576494000,943,274,0,1217,50,-0.5023760672468217,1.536753743141495
207,1576508400,506,177,0,683,50,-0.5023760672468217,0.12685793396300157
207,1576522800,577,439,0,1016,50,-0.5023760672468217,1.0060626239563317
207,1576537200,234,419,185,653,50,2.9247196680541476,0.04765030423387272
207,1576551600,64,130,66,194,51,0.9163987871219128,-1.1520630581865514
207,1576566000,194,47,0,241,51,-0.5974614261688753,-1.0223253391574993
207,1576580400,1036,255,0,1291,51,-0.5974614261688753,1.8760705114915344
207,1576594800,473,181,0,654,51,-0.5974614261688753,0.1177103620977872
207,1576609200,628,489,0,1117,51,-0.5974614261688753,1.3957649133839802
207,1576623600,270,397,127,667,51,2.315572620617944,0.15359526310582286
207,1576638000,51,118,67,169,51,0.9393360630808641,-1.2210724832020046
207,1576652400,186,58,0,244,51,-0.5974614261688753,-1.014044208155645
207,1576666800,1000,304,0,1304,51,-0.5974614261688753,1.91195541249957
207,1576681200,505,231,0,736,51,-0.5974614261688753,0.34406127614847365
207,1576695600,596,423,0,1019,51,-0.5974614261688753,1.1252479673234037
207,1576710000,224,403,179,627,51,3.508310970483414,0.04318018308109776
207,1576724400,54,138,84,192,51,1.329269754383037,-1.1575838121877877
207,1576738800,172,64,0,236,51,-0.5974614261688753,-1.03612722416059
207,1576753200,963,276,0,1239,51,-0.5974614261688753,1.7325309074593918
207,1576767600,487,216,0,703,51,-0.5974614261688753,0.25296883512807544
207,1576782000,679,452,0,1131,51,-0.5974614261688753,1.434410191392634
207,1576796400,294,370,76,664,51,1.1457715467114262,0.14531413210396849
207,1576810800,97,105,8,202,51,-0.4139632184972646,-1.1299800421816064
207,1576825200,187,52,0,239,51,-0.5974614261688753,-1.0278460931587357
207,1576839600,931,291,0,1222,51,-0.5974614261688753,1.6856044984488836
207,1576854000,578,217,0,795,51,-0.5974614261688753,0.5069235191849432
207,1576868400,611,412,0,1023,51,-0.5974614261688753,1.1362894753258763
207,1576882800,307,396,89,703,51,1.4439561341777936,0.25296883512807544
207,1576897200,75,157,82,232,51,1.2833952024651343,-1.0471687321630625
207,1576911600,67,49,0,116,51,-0.5974614261688753,-1.3673724642347653
207,1576926000,371,134,0,505,51,-0.5974614261688753,-0.2935858109943138
207,1576940400,450,211,0,661,51,-0.5974614261688753,0.13703300110211408
207,1576954800,460,281,0,741,51,-0.5974614261688753,0.3578631611515643
207,1576969200,230,307,77,537,51,1.1687088226703775,-0.20525374697453372
207,1576983600,70,180,110,250,51,1.9256389293157716,-0.9974819461519363
207,1576998000,70,56,0,126,51,-0.5974614261688753,-1.339768694228584
207,1577012400,289,92,0,381,51,-0.5974614261688753,-0.6358725590709616
207,1577026800,466,178,0,644,51,-0.5974614261688753,0.09010659209160593
207,1577041200,389,264,0,653,51,-0.5974614261688753,0.11494998509716907
207,1577055600,175,226,51,401,51,0.5723396477376429,-0.580665019058599
207,1577070000,66,112,46,178,51,0.4576532679428862,-1.1962290901964414
207,1577084400,179,65,0,244,51,-0.5974614261688753,-1.014044208155645
207,1577098800,677,106,0,783,51,-0.5974614261688753,0.47379899517752566
207,1577113200,673,420,0,1093,51,-0.5974614261688753,1.3295158653691452
207,1577127600,567,397,0,964,51,-0.5974614261688753,0.9734272322894068
207,1577142000,262,294,32,556,51,0.13653140451756748,-0.1528065839627893
207,1577156400,118,100,0,218,52,-0.5367538812314259,-0.9068539460181501
207,1577170800,131,59,0,190,52,-0.5367538812314259,-1.0139551501876047
207,1577185200,579,199,0,778,52,-0.5367538812314259,1.2351701373709427
207,1577199600,510,198,0,708,52,-0.5367538812314259,0.9674171269473061
207,1577214000,441,341,0,782,52,-0.5367538812314259,1.2504703093951504
207,1577228400,204,201,0,405,52,-0.5367538812314259,-0.19157090388643516
207,1577242800,58,104,46,162,52,1.587175455254216,-1.1210563543570593
207,1577257200,41,27,0,68,52,-0.5367538812314259,-1.4806103969259428
207,1577271600,152,71,0,223,52,-0.5367538812314259,-0.8877287309878903
207,1577286000,237,108,0,345,52,-0.5367538812314259,-0.4210734842495522
207,1577300400,260,150,0,410,52,-0.5367538812314259,-0.1724456888561754
207,1577314800,143,187,44,330,52,1.4948307014939708,-0.4784491293403315
207,1577329200,49,73,24,122,52,0.5713831638915178,-1.2740580745991374
207,1577343600,151,48,0,199,52,-0.5367538812314259,-0.9795297631331371
207,1577358000,543,196,0,739,52,-0.5367538812314259,1.0859934601349166
207,1577372400,444,157,0,601,52,-0.5367538812314259,0.5581375252997473
207,1577386800,427,351,0,778,52,-0.5367538812314259,1.2351701373709427
207,1577401200,222,254,32,476,52,0.940762178932499,0.08000714954325339
207,1577415600,67,132,65,199,52,2.4644506159765465,-0.9795297631331371
207,1577430000,140,49,0,189,52,-0.5367538812314259,-1.0177801931936565
207,1577444400,616,243,0,859,52,-0.5367538812314259,1.5449986208611508
207,1577458800,488,184,0,672,52,-0.5367538812314259,0.8297155787294358
207,1577473200,516,343,0,859,52,-0.5367538812314259,1.5449986208611508
207,1577487600,271,339,68,610,52,2.6029677466169145,0.5925629123542149
