remote_unit_id,time_stamp,entries,exits,num_people_exited,sum_exit_entry,week_num,z_score_num_people_exited,z_score_sum_exit_entry
259,1546311600,99,182,83,281,1,0.3821627608113454,-0.6258974772210799
259,1546326000,30,73,43,103,1,-0.11476714488761772,-0.9883740083005433
259,1546340400,198,75,0,273,1,-0.6489667935140031,-0.6421885572695951
259,1546354800,528,288,0,816,1,-0.6489667935140031,0.46356850102337466
259,1546369200,490,392,0,882,1,-0.6489667935140031,0.5979699114236252
259,1546383600,153,267,114,420,1,0.7672834377280419,-0.34283996137812817
259,1546398000,26,59,33,85,1,-0.2389996213123585,-1.0250289384097027
259,1546412400,114,63,0,177,1,-0.6489667935140031,-0.8376815178517777
259,1546426800,1110,376,0,1486,1,-0.6489667935140031,1.8279464550865234
259,1546441200,611,270,0,881,1,-0.6489667935140031,0.5959335264175608
259,1546455600,717,721,4,1438,1,-0.5992738029441068,1.7301999747954322
259,1546470000,219,415,196,634,1,1.7859897444109163,0.09294642991965367
259,1546484400,29,61,32,90,1,-0.25142286895483257,-1.0148470133793805
259,1546498800,120,65,0,185,1,-0.6489667935140031,-0.8213904378032625
259,1546513200,979,392,0,1371,1,-0.6489667935140031,1.5937621793891172
259,1546527600,567,270,0,837,1,-0.6489667935140031,0.5063325861507271
259,1546542000,708,614,0,1322,1,-0.6489667935140031,1.4939793140919617
259,1546556400,225,571,346,796,1,3.649476890782028,0.42284080090208664
259,1546570800,26,63,37,89,1,-0.18930663074246218,-1.016883398385445
259,1546585200,122,82,0,204,1,-0.6489667935140031,-0.7826991226880389
259,1546599600,1110,367,0,1477,1,-0.6489667935140031,1.809618990031944
259,1546614000,650,262,0,912,1,-0.6489667935140031,0.6590614616055572
259,1546628400,753,762,9,1515,1,-0.5371575647317364,1.8870016202623912
259,1546642800,269,457,188,726,1,1.6866037632711237,0.2802938504775786
259,1546657200,44,129,85,173,1,0.40700925609629357,-0.8458270578760353
259,1546671600,10,29,19,39,1,-0.4129250883069956,-1.118702648688665
259,1546686000,117,80,0,197,1,-0.6489667935140031,-0.7969538177304897
259,1546700400,199,156,0,355,1,-0.6489667935140031,-0.47520498677231426
259,1546714800,187,273,86,460,1,0.41943250373876767,-0.26138456113555214
259,1546729200,94,263,169,357,1,1.450562058064116,-0.47113221676018546
259,1546743600,16,107,91,123,1,0.48154874195113806,-0.9476463081792553
259,1546758000,11,25,14,36,1,-0.475041326519366,-1.1248118037068582
259,1546772400,88,56,0,144,1,-0.6489667935140031,-0.9048822230519029
259,1546786800,183,180,0,363,1,-0.6489667935140031,-0.45891390672379906
259,1546801200,208,310,102,518,1,0.6182044660183529,-0.14327423078381687
259,1546815600,70,189,119,259,1,0.8293996759404122,-0.6706979473544967
259,1546830000,20,42,22,62,1,-0.37565534537957335,-1.0718657935491838
259,1546844400,134,80,0,214,1,-0.6489667935140031,-0.7623352726273948
259,1546858800,1170,357,0,1527,1,-0.6489667935140031,1.911438240335164
259,1546873200,541,249,0,790,1,-0.6489667935140031,0.41062249086570024
259,1546887600,640,770,130,1410,1,0.9660554000076271,1.673181194625629
259,1546902000,206,478,272,684,1,2.7301565652389463,0.19476568022287372
259,1546916400,26,66,40,92,2,-0.26553789597725447,-1.0219501947064946
259,1546930800,155,81,0,236,2,-0.6391590561462557,-0.7650609687054606
259,1546945200,1175,374,0,1549,2,-0.6391590561462557,1.5772692655956346
259,1546959600,495,230,0,725,2,-0.6391590561462557,0.10729202792305087
259,1546974000,654,709,55,1363,2,-0.125429960913879,1.245454015344299
259,1546988400,233,562,329,795,2,2.433874986243779,0.23216873500688687
259,1547002800,25,61,36,86,2,-0.30290001199415456,-1.0326539124565377
259,1547017200,143,71,0,214,2,-0.6391590561462557,-0.8043079337889519
259,1547031600,1243,401,0,1644,2,-0.6391590561462557,1.7467447966379834
259,1547046000,521,253,0,774,2,-0.6391590561462557,0.19470572288173607
259,1547060400,721,752,31,1473,2,-0.3496026570152797,1.4416888407617556
259,1547074800,271,513,242,784,2,1.6212489628762015,0.21254525246514122
259,1547089200,20,79,59,99,2,-0.08806784489697887,-1.009462523998111
259,1547103600,142,81,0,223,2,-0.6391590561462557,-0.7882523571638873
259,1547118000,1232,395,0,1627,2,-0.6391590561462557,1.7164175963461947
259,1547132400,533,252,0,785,2,-0.6391590561462557,0.21432920542348172
259,1547146800,664,724,60,1388,2,-0.07872731589275385,1.290052839302812
259,1547161200,237,548,311,785,2,2.2657454641677286,0.21432920542348172
259,1547175600,24,88,64,112,2,-0.04136519987585372,-0.9862711355396844
259,1547190000,124,59,0,183,2,-0.6391590561462557,-0.8596104754975079
259,1547204400,1137,388,0,1525,2,-0.6391590561462557,1.5344543945954623
259,1547218800,582,271,0,853,2,-0.6391590561462557,0.3356380065906367
259,1547233200,682,711,29,1393,2,-0.3682837150237298,1.2989726040945144
259,1547247600,228,470,242,698,2,1.6212489628762015,0.05912529804785699
259,1547262000,38,108,70,146,2,0.014677974149496457,-0.9256167349561069
259,1547276400,17,23,6,40,2,-0.5831158821209055,-1.1147157485402015
259,1547290800,103,68,0,171,2,-0.6391590561462557,-0.8810179109975941
259,1547305200,263,188,0,451,2,-0.6391590561462557,-0.38151108266225003
259,1547319600,203,329,126,532,2,0.5377475983860982,-0.2370108930366684
259,1547334000,87,254,167,341,2,0.9207092875593244,-0.5777459080797066
259,1547348400,19,79,60,98,2,-0.07872731589275385,-1.0112464769564515
259,1547362800,12,21,9,33,2,-0.5550942951082304,-1.127203419248585
259,1547377200,88,52,0,140,2,-0.6391590561462557,-0.9363204527061499
259,1547391600,185,167,0,352,2,-0.6391590561462557,-0.558122425537961
259,1547406000,146,266,120,412,2,0.48170442436074795,-0.4510852480375301
259,1547420400,71,168,97,239,2,0.2668722572635723,-0.759709109830439
259,1547434800,13,38,25,51,2,-0.4056458310406299,-1.0950922659984557
259,1547449200,128,69,0,197,2,-0.6391590561462557,-0.8346351340807406
259,1547463600,1231,450,0,1681,2,-0.6391590561462557,1.8127510560965825
259,1547478000,605,329,0,934,2,-0.6391590561462557,0.48013819621621834
259,1547492400,752,1005,253,1757,2,1.7239947819226769,1.9483314809304617
259,1547506800,250,693,443,943,2,3.4986952927254324,0.49619377284128297
259,1547521200,25,63,38,88,3,-0.2196061834995493,-0.9775212213787161
259,1547535600,139,60,0,199,3,-0.652846565286052,-0.7683408333282444
259,1547550000,1268,360,0,1628,3,-0.652846565286052,1.924621099321521
259,1547564400,527,782,255,1309,3,2.254424417754953,1.323463047176472
259,1547578800,673,672,0,1345,3,-0.652846565286052,1.391305335192841
259,1547593200,234,557,323,791,3,3.0296966798992213,0.34728790294093753
259,1547607600,22,69,47,91,3,-0.1169966193922197,-0.971867697377352
259,1547622000,133,70,0,203,3,-0.652846565286052,-0.7608028013264256
259,1547636400,1259,412,0,1671,3,-0.652846565286052,2.0056549433410726
259,1547650800,534,264,0,798,3,-0.652846565286052,0.3604794589441204
259,1547665200,722,664,0,1386,3,-0.652846565286052,1.4685701632114836
259,1547679600,239,548,309,787,3,2.8700818023989307,0.33974987093911874
259,1547694000,18,72,54,90,3,-0.03718918064207445,-0.9737522053778067
259,1547708400,142,63,0,205,3,-0.652846565286052,-0.7570337853255162
259,1547722800,1248,425,0,1673,3,-0.652846565286052,2.0094239593419823
259,1547737200,588,289,0,877,3,-0.652846565286052,0.5093555909800417
259,1547751600,710,735,25,1445,3,-0.3678199983212476,1.579756135238311
259,1547766000,245,489,244,734,3,2.1290127282904394,0.23987094691501967
259,1547780400,22,71,49,93,3,-0.09419449403503534,-0.9680986813764426
259,1547794800,129,71,0,200,3,-0.652846565286052,-0.7664563253277897
259,1547809200,1170,423,0,1593,3,-0.652846565286052,1.8586633193056064
259,1547823600,613,284,0,897,3,-0.652846565286052,0.5470457509891357
259,1547838000,684,692,8,1376,3,-0.5616380638573146,1.4497250832069366
259,1547852400,267,422,155,689,3,1.1143181498957355,0.1550680868945582
259,1547866800,32,109,77,141,3,0.22503526096554563,-0.8776422973546171
259,1547881200,21,24,3,45,3,-0.6186433772502755,-1.058555065398268
259,1547895600,98,66,0,164,3,-0.652846565286052,-0.8342986133441589
259,1547910000,235,201,0,436,3,-0.652846565286052,-0.3217124372204807
259,1547924400,178,318,140,496,3,0.9433022097168529,-0.20864195719319875
259,1547938800,88,249,161,337,3,1.1827245259672885,-0.508278729265496
259,1547953200,23,90,67,113,3,0.11102463417962385,-0.9304085213673486
259,1547967600,11,20,9,31,3,-0.5502370011787224,-1.084938177404634
259,1547982000,59,45,0,104,3,-0.652846565286052,-0.9473690933714409
259,1547996400,127,174,47,301,3,-0.1169966193922197,-0.5761210172818652
259,1548010800,118,239,121,357,3,0.7266820188236015,-0.47058856925640197
259,1548025200,52,162,110,214,3,0.6012703293590875,-0.740073213321424
259,1548039600,12,46,34,58,3,-0.265210434213918,-1.034056461392357
259,1548054000,65,53,0,118,3,-0.652846565286052,-0.9209859813650751
259,1548068400,508,130,0,638,3,-0.652846565286052,0.05895817887136854
259,1548082800,402,191,0,593,3,-0.652846565286052,-0.025844681149092927
259,1548097200,389,386,0,775,3,-0.652846565286052,0.31713577493366235
259,1548111600,132,261,129,393,3,0.8178905202523389,-0.4027462812400328
259,1548126000,17,32,15,49,4,-0.48757811765751813,-1.105422224733754
259,1548140400,129,80,0,209,4,-0.6590880082908159,-0.8139166190275645
259,1548154800,1226,404,0,1630,4,-0.6590880082908159,1.7750175416505314
259,1548169200,486,272,0,758,4,-0.6590880082908159,0.1863119905517983
259,1548183600,686,670,0,1356,4,-0.6590880082908159,1.2758141918786816
259,1548198000,272,510,238,782,4,2.062202256424176,0.23003783140772674
259,1548212400,23,51,28,74,4,-0.33893621244199335,-1.059874473842162
259,1548226800,143,72,0,215,4,-0.6590880082908159,-0.8029851588135825
259,1548241200,1204,389,0,1593,4,-0.6590880082908159,1.707606870330975
259,1548255600,547,246,0,793,4,-0.6590880082908159,0.25007884180002726
259,1548270000,715,720,5,1435,4,-0.6019180447463833,1.4197450846961128
259,1548284400,251,511,260,762,4,2.3137500960196795,0.19359963069445307
259,1548298800,20,67,47,87,4,-0.12169035097314944,-1.036189643378534
259,1548313200,121,91,0,212,4,-0.6590880082908159,-0.8084508889205735
259,1548327600,1170,548,0,1718,4,-0.6590880082908159,1.9353456247889356
259,1548342000,545,254,0,799,4,-0.6590880082908159,0.2610103020140094
259,1548356400,701,634,0,1335,4,-0.6590880082908159,1.2375540811297443
259,1548370800,250,525,275,775,4,2.4852599866529776,0.21728446115808095
259,1548385200,29,72,43,101,4,-0.16742632180869552,-1.0106829028792426
259,1548399600,124,75,0,199,4,-0.6590880082908159,-0.8321357193842014
259,1548414000,1156,400,0,1556,4,-0.6590880082908159,1.6401961990114187
259,1548428400,606,264,0,870,4,-0.6590880082908159,0.390365914546131
259,1548442800,733,671,0,1404,4,-0.6590880082908159,1.3632658735905385
259,1548457200,248,476,228,724,4,1.947862329335311,0.12436704933923305
259,1548471600,32,148,116,180,4,0.6672551459400206,-0.8667520100618114
259,1548486000,15,25,10,40,4,-0.5447480812019507,-1.1218194150547272
259,1548500400,99,87,0,186,4,-0.6590880082908159,-0.8558205498478293
259,1548514800,199,232,33,431,4,-0.28176624889756074,-0.4094525911102265
259,1548529200,229,357,128,586,4,0.8044630584466589,-0.12705653558235544
259,1548543600,70,233,163,303,4,1.204652803257687,-0.6426570756751782
259,1548558000,20,103,83,123,4,0.2899333865467653,-0.9706008820946413
259,1548572400,9,20,11,29,4,-0.5333140884930642,-1.1418604254470277
259,1548586800,88,50,0,138,4,-0.6590880082908159,-0.9432722315596861
259,1548601200,160,194,34,354,4,-0.27033225618867424,-0.5497396638563302
259,1548615600,155,319,164,474,4,1.2160867959665735,-0.3311104595766881
259,1548630000,65,223,158,288,4,1.1474828397132544,-0.6699857262101334
259,1548644400,11,47,36,58,4,-0.24746427077090116,-1.089025034412781
259,1548658800,123,80,0,203,4,-0.6590880082908159,-0.8248480792415467
259,1548673200,1240,408,0,1648,4,-0.6590880082908159,1.8078119222924776
259,1548687600,559,235,0,794,4,-0.6590880082908159,0.251900751835691
259,1548702000,715,776,61,1491,4,0.03838554695126186,1.5217720466932791
259,1548716400,247,532,285,779,4,2.5995999137418426,0.2245721013007357
259,1548730800,17,63,46,80,5,-0.05087306031532182,-1.2006350561646335
259,1548745200,175,89,0,264,5,-0.5189052152162826,-0.8607256260426316
259,1548759600,1277,458,0,1735,5,-0.5189052152162826,1.8567024810740256
259,1548774000,561,248,0,809,5,-0.5189052152162826,0.1460713273078634
259,1548788400,730,741,11,1471,5,-0.4069844825225746,1.369006342203327
259,1548802800,253,568,315,821,5,2.686097584648992,0.16823933362016788
259,1548817200,22,57,35,79,5,-0.16279379300902982,-1.2024823900239923
259,1548831600,128,100,0,228,5,-0.5189052152162826,-0.927229644979545
259,1548846000,1237,431,0,1668,5,-0.5189052152162826,1.7329311124969922
259,1548860400,554,273,0,827,5,-0.5189052152162826,0.17932333677632012
259,1548874800,746,779,33,1525,5,-0.18314301713515857,1.4687623706086972
259,1548889200,173,554,381,727,5,3.35762198081124,-0.005410049159550527
259,1548903600,17,51,34,68,5,-0.1729684050720942,-1.222803062476938
259,1548918000,129,70,0,199,5,-0.5189052152162826,-0.9808023269009475
259,1548932400,1161,361,0,1522,5,-0.5189052152162826,1.463220369030621
259,1548946800,518,243,0,761,5,-0.5189052152162826,0.05739930205864549
259,1548961200,701,700,0,1401,5,-0.5189052152162826,1.2396929720482175
259,1548975600,263,580,317,843,5,2.706446808775121,0.2088806785260594
259,1548990000,22,74,52,96,5,0.010174612063064364,-1.1710777144148943
259,1549004400,123,80,0,203,5,-0.5189052152162826,-0.9734129914635127
259,1549018800,1146,431,0,1577,5,-0.5189052152162826,1.56482373129535
259,1549033200,585,282,0,867,5,-0.5189052152162826,0.25321669115066836
259,1549047600,746,753,7,1499,5,-0.44768293077483207,1.4207316902653708
259,1549062000,259,510,251,769,5,2.034922412612873,0.07217797293351513
259,1549076400,36,130,94,166,5,0.4375083187117677,-1.0417643442597848
259,1549090800,28,38,10,66,5,-0.41715909458563893,-1.2264977301956554
259,1549105200,321,95,0,416,5,-0.5189052152162826,-0.5799308794201082
259,1549119600,633,222,0,855,5,-0.5189052152162826,0.23104868483836388
259,1549134000,503,432,0,935,5,-0.5189052152162826,0.3788353935870604
259,1549148400,223,300,77,523,5,0.2645399136396735,-0.38226615646872664
259,1549162800,46,122,76,168,5,0.25436530157660914,-1.0380696765410673
259,1549177200,18,26,8,44,5,-0.4375083187117677,-1.267139075101547
259,1549191600,282,82,0,364,5,-0.5189052152162826,-0.675992240106761
259,1549206000,512,208,0,720,5,-0.5189052152162826,-0.01834138617506147
259,1549220400,490,400,0,890,5,-0.5189052152162826,0.2957053699159186
259,1549234800,143,224,81,367,5,0.30523836189193093,-0.6704502385286848
259,1549249200,39,91,52,130,5,0.010174612063064364,-1.1082683631966983
259,1549263600,123,93,0,216,5,-0.5189052152162826,-0.9493976512918495
259,1549278000,1202,399,0,1601,5,-0.5189052152162826,1.6091597439199588
259,1549292400,612,236,0,848,5,-0.5189052152162826,0.21811734782285294
259,1549306800,768,763,0,1531,5,-0.5189052152162826,1.4798463737648493
259,1549321200,258,520,262,778,5,2.146843145306581,0.08880397766774349
259,1549335600,35,82,47,117,6,-0.039487944225086634,-1.1661820785042976
259,1549350000,120,79,0,199,6,-0.5236444777674529,-1.016346932883376
259,1549364400,1084,347,0,1431,6,-0.5236444777674529,1.2348347671772983
259,1549378800,630,305,0,935,6,-0.5236444777674529,0.3285148619580658
259,1549393200,793,675,0,1468,6,-0.5236444777674529,1.3024433084940557
259,1549407600,273,566,293,839,6,2.494607954741341,0.1530981061091821
259,1549422000,33,81,48,114,6,-0.029186741383759693,-1.1716638521245752
259,1549436400,144,82,0,226,6,-0.5236444777674529,-0.9670109703008775
259,1549450800,1281,433,0,1714,6,-0.5236444777674529,1.75194874535682
259,1549465200,608,297,0,905,6,-0.5236444777674529,0.27369712575528965
259,1549479600,750,697,0,1447,6,-0.5236444777674529,1.2640708931521123
259,1549494000,249,583,334,832,6,2.916957271235746,0.14030730099520097
259,1549508400,19,84,65,103,6,0.1459337069187983,-1.1917636887322598
259,1549522800,135,76,0,211,6,-0.5236444777674529,-0.9944198384022656
259,1549537200,1289,411,0,1700,6,-0.5236444777674529,1.7263671351288579
259,1549551600,565,291,0,856,6,-0.5236444777674529,0.1841614899574219
259,1549566000,824,717,0,1541,6,-0.5236444777674529,1.4358331332541443
259,1549580400,270,548,278,818,6,2.340089912121437,0.11472569076723878
259,1549594800,29,85,56,114,6,0.05322288134685584,-1.1716638521245752
259,1549609200,139,89,0,228,6,-0.5236444777674529,-0.9633564545540257
259,1549623600,1231,419,0,1650,6,-0.5236444777674529,1.6350042414575643
259,1549638000,602,285,0,887,6,-0.5236444777674529,0.24080648403362395
259,1549652400,796,779,0,1575,6,-0.5236444777674529,1.497959900950624
259,1549666800,291,553,262,844,6,2.175270666660206,0.16223439547631144
259,1549681200,46,131,85,177,6,0.35195776374533716,-1.0565466060987452
259,1549695600,30,33,3,63,6,-0.4927408692434721,-1.2648540036692946
259,1549710000,400,105,0,505,6,-0.5236444777674529,-0.4572060236150592
259,1549724400,594,254,0,848,6,-0.5236444777674529,0.16954342697001493
259,1549738800,639,423,0,1062,6,-0.5236444777674529,0.5605766118831516
259,1549753200,239,307,68,546,6,0.17683731544277914,-0.38228845080459845
259,1549767600,45,141,96,186,6,0.4652709949999335,-1.0401012852379123
259,1549782000,25,35,10,60,6,-0.4206324493541835,-1.2703357772895723
259,1549796400,280,73,0,353,6,-0.5236444777674529,-0.7349492203757918
259,1549810800,582,249,0,831,6,-0.5236444777674529,0.13848004312177511
259,1549825200,413,359,0,772,6,-0.5236444777674529,0.030671828589648658
259,1549839600,159,263,104,422,6,0.5476806177305491,-0.6088684271094066
259,1549854000,24,71,47,95,6,-0.039487944225086634,-1.2063817517196667
259,1549868400,127,92,0,219,6,-0.5236444777674529,-0.9798017754148586
259,1549882800,1291,462,0,1753,6,-0.5236444777674529,1.8232118024204291
259,1549897200,576,249,0,825,6,-0.5236444777674529,0.12751649588121988
259,1549911600,722,721,0,1443,6,-0.5236444777674529,1.2567618616584089
259,1549926000,233,572,339,805,6,2.9684632854423807,0.09097133841270244
259,1549940400,33,73,40,106,7,-0.0230399210056067,-1.156955961354097
259,1549954800,133,96,0,229,7,-0.5532737194908012,-0.9247827687830965
259,1549969200,1225,422,0,1647,7,-0.5532737194908012,1.7518155000435593
259,1549983600,508,192,0,700,7,-0.5532737194908012,-0.0357293240599972
259,1549998000,637,554,0,1191,7,-0.5532737194908012,0.8910758592925331
259,1550012400,211,439,228,650,7,2.4690589318748075,-0.13010867063357462
259,1550026800,24,58,34,82,7,-0.10257499077838587,-1.2022580477094142
259,1550041200,135,92,0,227,7,-0.5532737194908012,-0.9285579426460396
259,1550055600,1286,410,0,1696,7,-0.5532737194908012,1.8443072596856651
259,1550070000,615,299,0,914,7,-0.5532737194908012,0.3682142792749142
259,1550084400,769,676,0,1445,7,-0.5532737194908012,1.3705229398863064
259,1550098800,287,572,285,859,7,3.2246420947162093,0.26439699804397904
259,1550113200,29,98,69,127,7,0.3613795828961593,-1.1173166357931945
259,1550127600,120,81,0,201,7,-0.5532737194908012,-0.9776352028643
259,1550142000,1366,447,0,1813,7,-0.5532737194908012,2.0651549306678363
259,1550156400,647,252,0,899,7,-0.5532737194908012,0.33990047530284095
259,1550170800,832,826,0,1658,7,-0.5532737194908012,1.7725789562897463
259,1550185200,293,546,253,839,7,2.800455055928054,0.22664525941454805
259,1550199600,25,119,94,144,7,0.6927757069494058,-1.085227657958178
259,1550214000,120,96,0,216,7,-0.5532737194908012,-0.9493213988922267
259,1550228400,1207,438,0,1645,7,-0.5532737194908012,1.748040326180616
259,1550242800,570,280,0,850,7,-0.5532737194908012,0.24740871566073508
259,1550257200,852,766,0,1618,7,-0.5532737194908012,1.6970754790308844
259,1550271600,290,487,197,777,7,2.0581277380487815,0.10961486966331203
259,1550286000,58,136,78,194,7,0.48068218755532804,-0.9908483113846007
259,1550300400,35,34,0,69,7,-0.5532737194908012,-1.2267966778185444
259,1550314800,378,99,0,477,7,-0.5532737194908012,-0.4566612097781525
259,1550329200,671,265,0,936,7,-0.5532737194908012,0.40974119176728824
259,1550343600,633,437,0,1070,7,-0.5532737194908012,0.6626778405844758
259,1550358000,245,344,99,589,7,0.7590549317600551,-0.24525147345333909
259,1550372400,52,140,88,192,7,0.6132406371766267,-0.9946234852475438
259,1550386800,22,23,1,45,7,-0.5400178745286713,-1.2720987641738615
259,1550401200,309,87,0,396,7,-0.5532737194908012,-0.609555751227348
259,1550415600,634,370,0,1004,7,-0.5532737194908012,0.5380971031073536
259,1550430000,478,367,0,845,7,-0.5532737194908012,0.23797078100337735
259,1550444400,182,268,86,450,7,0.5867289472523669,-0.5076260569278843
259,1550458800,33,68,35,101,7,-0.08931914581625601,-1.1663938960114548
259,1550473200,53,27,0,80,7,-0.5532737194908012,-1.2060332215723573
259,1550487600,592,210,0,802,7,-0.5532737194908012,0.15680454295010074
259,1550502000,568,244,0,812,7,-0.5532737194908012,0.17568041226481623
259,1550516400,609,429,0,1038,7,-0.5532737194908012,0.6022750587773862
259,1550530800,198,364,166,562,7,1.6471965442227559,-0.2962163206030709
259,1550545200,28,71,43,99,8,-0.17459191005989297,-1.3342275921849418
259,1550559600,117,78,0,195,8,-0.5723377184082584,-1.1616051543820383
259,1550574000,1199,327,0,1526,8,-0.5723377184082584,1.2317330197394678
259,1550588400,598,299,0,897,8,-0.5723377184082584,0.10069642205169373
259,1550602800,772,728,0,1500,8,-0.5723377184082584,1.1849811095011815
259,1550617200,262,604,342,866,8,2.591128943339206,0.04495375984450613
259,1550631600,39,69,30,108,8,-0.29484064281637556,-1.3180442386409197
259,1550646000,130,82,0,212,8,-0.5723377184082584,-1.131036597687774
259,1550660400,1219,363,0,1582,8,-0.5723377184082584,1.3324294417911615
259,1550674800,581,304,0,885,8,-0.5723377184082584,0.07911861732633078
259,1550689200,641,750,109,1391,8,0.43590165624224936,0.9889827165791348
259,1550703600,227,500,273,727,8,1.9528856694778758,-0.20498914489094794
259,1550718000,30,82,52,112,8,-0.09134278738232811,-1.3108516370657988
259,1550732400,116,97,0,213,8,-0.5723377184082584,-1.1292384472939938
259,1550746800,1252,406,0,1658,8,-0.5723377184082584,1.4690888717184603
259,1550761200,582,270,0,852,8,-0.5723377184082584,0.019779654331582696
259,1550775600,784,709,0,1493,8,-0.5723377184082584,1.1723940567447197
259,1550790000,279,593,314,872,8,2.3321316727867822,0.0557426622071876
259,1550804400,29,109,80,138,8,0.1676544831700959,-1.2640997268275123
259,1550818800,119,101,0,220,8,-0.5723377184082584,-1.1166513945375323
259,1550833200,1198,352,0,1550,8,-0.5723377184082584,1.2748886291901937
259,1550847600,560,273,0,833,8,-0.5723377184082584,-0.01438520315024196
259,1550862000,748,681,0,1429,8,-0.5723377184082584,1.0573124315427842
259,1550876400,292,534,242,826,8,1.6661386913662635,-0.026972255906703674
259,1551495600,14,3,0,17,9,-0.44152198620880323,-1.3721246984883668
259,1551510000,30,33,3,63,9,-0.3958472979803063,-1.2655369087943649
259,1551524400,423,155,0,578,9,-0.44152198620880323,-0.0722170893941245
259,1551538800,598,271,0,869,9,-0.44152198620880323,0.6020665367135841
259,1551553200,634,431,0,1065,9,-0.44152198620880323,1.0562232058445493
259,1551567600,269,324,55,593,9,0.3958472979803063,-0.03746020145042817
259,1551582000,54,137,83,191,9,0.8221443881129439,-0.9689447983414896
259,1551596400,33,33,0,66,9,-0.44152198620880323,-1.2585855312056256
259,1551610800,450,138,0,588,9,-0.44152198620880323,-0.04904583076499361
259,1551625200,785,338,0,1123,9,-0.44152198620880323,1.1906165058935085
259,1551639600,560,493,0,1053,9,-0.44152198620880323,1.0284176954895923
259,1551654000,159,269,110,428,9,1.2332165821694159,-0.4197859688310877
259,1551668400,45,47,2,92,9,-0.41107219405647194,-1.1983402587698853
259,1551682800,110,81,0,191,9,-0.44152198620880323,-0.9689447983414896
259,1551697200,1026,306,0,1332,9,-0.44152198620880323,1.674895811242344
259,1551711600,487,214,0,701,9,-0.44152198620880323,0.21278939174418535
259,1551726000,649,652,3,1301,9,-0.3958472979803063,1.6030649094920382
259,1551740400,224,490,266,714,9,3.608300370051254,0.2429120279620555
259,1551754800,23,73,50,96,10,-0.005692666827682544,-1.26383950956157
259,1551769200,143,105,0,248,10,-0.5130825362515602,-1.0096768123597337
259,1551783600,1458,460,0,1918,10,-0.5130825362515602,1.7827686108446514
259,1551798000,575,250,0,825,10,-0.5130825362515602,-0.044861836797500054
259,1551812400,843,851,8,1694,10,-0.43190015714373975,1.4082130570735245
259,1551826800,265,591,326,856,10,2.795099412392122,0.006973976447611292
259,1551841200,31,101,70,132,10,0.1972632809418685,-1.2036430812769248
259,1551855600,132,113,0,245,10,-0.5130825362515602,-1.0146931813834543
259,1551870000,1426,469,0,1895,10,-0.5130825362515602,1.7443097816627946
259,1551884400,620,315,0,935,10,-0.5130825362515602,0.1390716940722499
259,1551898800,826,798,0,1624,10,-0.5130825362515602,1.2911644465200471
259,1551913200,263,667,404,930,10,3.5866276086933713,0.13071107903271578
259,1551927600,24,114,90,138,10,0.4002192287114196,-1.1936103432294838
259,1551942000,142,87,0,229,10,-0.5130825362515602,-1.0414471495099633
259,1551956400,1448,417,0,1865,10,-0.5130825362515602,1.6941460914255904
259,1551970800,657,282,0,939,10,-0.5130825362515602,0.14576018610387714
259,1551985200,823,782,0,1605,10,-0.5130825362515602,1.2593941093698178
259,1551999600,292,646,354,938,10,3.0792377392694936,0.14408806309597033
259,1552014000,33,86,53,119,10,0.024750725337750114,-1.2253806803797134
259,1552028400,140,101,0,241,10,-0.5130825362515602,-1.0213816734150816
259,1552042800,1358,453,0,1811,10,-0.5130825362515602,1.6038514489986222
259,1552057200,670,309,0,979,10,-0.5130825362515602,0.21264510642014986
259,1552071600,840,762,0,1602,10,-0.5130825362515602,1.2543777403460972
259,1552086000,339,532,193,871,10,1.4454423597246076,0.03205582156621355
259,1552100400,68,170,102,238,10,0.5219927973731502,-1.026398042438802
259,1552114800,33,32,0,65,10,-0.5130825362515602,-1.3156753228066815
259,1552129200,470,154,0,624,10,-0.5130825362515602,-0.38095856138677037
259,1552143600,789,317,0,1106,10,-0.5130825362515602,0.4250047284243157
259,1552158000,744,513,0,1257,10,-0.5130825362515602,0.6774953026182452
259,1552172400,296,389,93,685,10,0.4306626208768522,-0.2789590579044545
259,1552190400,50,133,83,183,10,0.32918464699207667,-1.118364807873677
259,1552204800,63,50,0,113,10,-0.5130825362515602,-1.2354134184271541
259,1552219200,425,104,0,529,10,-0.5130825362515602,-0.539810247137918
259,1552233600,639,353,0,992,10,-0.5130825362515602,0.2343827055229385
259,1552248000,503,433,0,936,10,-0.5130825362515602,0.1407438170801567
259,1552262400,163,297,134,460,10,0.8467223138044319,-0.6551867346834885
259,1552276800,15,38,23,53,10,-0.27968319631657645,-1.3357407989015633
259,1552291200,450,217,0,667,10,-0.5130825362515602,-0.30905727204677724
259,1552305600,1232,353,0,1585,10,-0.5130825362515602,1.2259516492116813
259,1552320000,720,409,0,1129,10,-0.5130825362515602,0.4634635576061725
259,1552334400,739,829,90,1568,10,0.4002192287114196,1.1975255580772655
259,1552348800,205,432,227,637,11,2.1132841796420405,-0.36359355579030617
259,1552363200,10,34,24,44,11,-0.3733099296083097,-1.4817144473217747
259,1552377600,491,233,0,724,11,-0.6672914991748536,-0.19955221082700472
259,1552392000,1286,334,0,1620,11,-0.6672914991748536,1.4898850890249276
259,1552406400,700,387,0,1087,11,-0.6672914991748536,0.4848961595371151
259,1552420800,747,929,182,1676,11,1.562068736704771,1.5954749202656733
259,1552435200,220,464,244,684,11,2.321521124751676,-0.2749735188561088
259,1552449600,18,42,24,60,11,-0.3733099296083097,-1.451545924110133
259,1552464000,446,219,0,665,11,-0.6672914991748536,-0.3107986401699333
259,1552478400,1222,337,0,1559,11,-0.6672914991748536,1.3748675942805437
259,1552492800,673,412,0,1085,11,-0.6672914991748536,0.4811250941356599
259,1552507200,743,841,98,1584,11,0.5331332432218673,1.4220059117987338
259,1552521600,207,433,226,640,11,2.101034947576768,-0.35793695768812334
259,1552536000,10,39,29,49,11,-0.3120637692819464,-1.4722867838181366
259,1552550400,469,238,0,707,11,-0.6672914991748536,-0.23160626673937396
259,1552564800,1281,367,0,1648,11,-0.6672914991748536,1.5426800046453004
259,1552579200,701,408,0,1109,11,-0.6672914991748536,0.5263778789531224
259,1552593600,750,884,134,1634,11,0.9741055975716831,1.516282546835114
259,1552608000,216,489,273,705,11,2.676748854644583,-0.23537733214082918
259,1552622400,18,61,43,79,11,-0.14057452036812912,-1.4157208027963086
259,1552636800,442,196,0,638,11,-0.6672914991748536,-0.36170802308957856
259,1552651200,1211,323,0,1534,11,-0.6672914991748536,1.3277292767623536
259,1552665600,696,402,0,1098,11,-0.6672914991748536,0.5056370192451187
259,1552680000,802,852,50,1654,11,-0.05482989591122047,1.553993200849666
259,1552694400,233,455,222,688,11,2.0520380193156775,-0.26743138805319844
259,1552708800,22,101,79,123,11,0.30039783398168673,-1.332757363964294
259,1552723200,87,54,0,141,11,-0.6672914991748536,-1.2988177753511971
259,1552737600,621,189,0,810,11,-0.6672914991748536,-0.03739639856443086
259,1552752000,729,324,0,1053,11,-0.6672914991748536,0.42078804771237666
259,1552766400,606,458,0,1064,11,-0.6672914991748536,0.44152890742038026
259,1552780800,215,335,120,550,11,0.8026163486578658,-0.5276349007536076
259,1552795200,16,91,75,107,11,0.2514009057205961,-1.3629258871759358
259,1552809600,83,27,0,110,11,-0.6672914991748536,-1.3572692890737528
259,1552824000,492,132,0,624,11,-0.6672914991748536,-0.388105480899765
259,1552838400,650,324,0,974,11,-0.6672914991748536,0.271830964354896
259,1552852800,437,382,0,819,11,-0.6672914991748536,-0.020426604257882435
259,1552867200,147,232,85,379,11,0.37389322637332273,-0.8500609925780277
259,1552881600,9,29,20,38,11,-0.42230685786940036,-1.4930276435261403
259,1552896000,391,171,0,562,11,-0.6672914991748536,-0.5050085083448764
259,1552910400,1186,339,0,1525,11,-0.6672914991748536,1.310759482455805
259,1552924800,611,348,0,959,11,-0.6672914991748536,0.24354797384398197
259,1552939200,637,770,133,1407,11,0.9618563655064104,1.088266623769948
259,1552953600,170,398,228,568,12,2.4535320235020635,-0.4668641288106033
259,1552968000,25,46,21,71,12,-0.3661649245913852,-1.4283205045794007
259,1552982400,405,205,0,610,12,-0.6522211367168076,-0.3856142942385922
259,1552996800,1145,335,0,1480,12,-0.6522211367168076,1.2974179933244938
259,1553011200,658,336,0,994,12,-0.6522211367168076,0.35724133613408027
259,1553025600,704,887,183,1591,12,1.840554426090444,1.5121496989790946
259,1553040000,217,433,216,650,12,2.290071330858965,-0.3082334994081055
259,1553054400,16,43,27,59,12,-0.284434578269836,-1.4515347430285468
259,1553068800,449,228,0,677,12,-0.6522211367168076,-0.25600146289752695
259,1553083200,1178,360,0,1538,12,-0.6522211367168076,1.4096201458286997
259,1553097600,670,393,0,1063,12,-0.6522211367168076,0.49072320721666984
259,1553112000,783,823,40,1606,12,-0.10735216123981267,1.5411674970405271
259,1553126400,211,398,187,609,12,1.8950413236381436,-0.3875488141093544
259,1553140800,12,47,35,59,12,-0.17546078317443703,-1.4515347430285468
259,1553155200,412,197,0,609,12,-0.6522211367168076,-0.3875488141093544
259,1553169600,1118,397,0,1515,12,-0.6522211367168076,1.3651261888011699
259,1553184000,589,362,0,951,12,-0.6522211367168076,0.27405698169130704
259,1553198400,650,823,173,1473,12,1.7043371822211955,1.2838763542291587
259,1553212800,187,405,218,592,12,2.3173147796328144,-0.42043565191231125
259,1553227200,11,49,38,60,12,-0.1345956100136624,-1.4496002231577847
259,1553241600,392,199,0,591,12,-0.6522211367168076,-0.4223701717830734
259,1553256000,1147,402,0,1549,12,-0.6522211367168076,1.4308998644070834
259,1553270400,616,395,0,1011,12,-0.6522211367168076,0.39012817393703714
259,1553284800,747,751,4,1498,12,-0.5977342391691081,1.332239350998213
259,1553299200,241,407,166,648,12,1.6089851115127212,-0.3121025391496298
259,1553313600,24,89,65,113,12,0.23319094843330915,-1.3470706700073898
259,1553328000,83,56,0,139,12,-0.6522211367168076,-1.2967731533675733
259,1553342400,578,168,0,746,12,-0.6522211367168076,-0.12251959181493738
259,1553356800,736,382,0,1118,12,-0.6522211367168076,0.5971218001085891
259,1553371200,655,489,0,1144,12,-0.6522211367168076,0.6474193167484055
259,1553385600,266,339,73,605,12,0.3421647435287081,-0.39528689359240304
259,1553400000,23,79,56,102,12,0.11059542895098529,-1.3683503885857735
259,1553414400,60,42,0,102,12,-0.6522211367168076,-1.3683503885857735
259,1553428800,536,125,0,661,12,-0.6522211367168076,-0.28695378082972167
259,1553443200,647,400,0,1047,12,-0.6522211367168076,0.4597708892844752
259,1553457600,465,471,6,936,12,-0.5704907903952583,0.24503918362987454
259,1553472000,137,257,120,394,12,0.9823857897141771,-0.8034705863232205
259,1553486400,10,33,23,43,12,-0.3389214758175355,-1.4824870609607415
259,1553500800,415,218,0,633,12,-0.6522211367168076,-0.34112033721106233
259,1553515200,1272,338,0,1610,12,-0.6522211367168076,1.5489055765235757
259,1553529600,619,348,0,967,12,-0.6522211367168076,0.30500929962350176
259,1553544000,714,846,132,1560,12,1.1458464823572756,1.4521795829854673
259,1553558400,174,450,276,624,13,2.869099290277512,-0.252400963929217
259,1553572800,13,43,30,56,13,-0.1300441604658362,-1.2766019157059478
259,1553587200,453,229,0,682,13,-0.4957933617760006,-0.14781706392384658
259,1553601600,1229,376,0,1605,13,-0.4957933617760006,1.516509482713341
259,1553616000,646,361,0,1007,13,-0.4957933617760006,0.4382134102441772
259,1553630400,712,851,139,1563,13,1.1988446042944279,1.4407763137439347
259,1553644800,213,428,215,641,13,2.125409247613511,-0.22174706220350499
259,1553659200,8,57,49,65,13,0.10159700036393458,-1.260373379498218
259,1553673600,445,240,0,685,13,-0.4957933617760006,-0.1424075518546033
259,1553688000,1285,390,0,1675,13,-0.4957933617760006,1.6427314309956844
259,1553702400,711,385,0,1096,13,-0.4957933617760006,0.5986956016317283
259,1553716800,766,828,62,1594,13,0.2600883209316725,1.4966746051261155
259,1553731200,183,477,294,660,13,3.088548811063611,-0.18748681909829742
259,1553745600,19,48,29,67,13,-0.14223580050950835,-1.2567670381187224
259,1553760000,471,237,0,708,13,-0.4957933617760006,-0.10093462599040469
259,1553774400,1206,379,0,1585,13,-0.4957933617760006,1.4804460689183856
259,1553788800,737,437,0,1174,13,-0.4957933617760006,0.739342915432054
259,1553803200,807,799,0,1606,13,-0.4957933617760006,1.5183126534030886
259,1553817600,201,480,279,681,13,2.9056742104085282,-0.14962023461359436
259,1553832000,20,35,15,55,13,-0.31291876112091843,-1.2784050863956955
259,1553846400,419,228,0,647,13,-0.4957933617760006,-0.2109280380650184
259,1553860800,1265,342,0,1607,13,-0.4957933617760006,1.5201158240928365
259,1553875200,712,415,0,1127,13,-0.4957933617760006,0.654593893013909
259,1553889600,740,813,73,1553,13,0.3941963614120661,1.422744606846457
259,1553904000,204,296,92,500,13,0.6258375222418369,-0.4759941294579399
259,1553918400,21,20,0,41,13,-0.4957933617760006,-1.3036494760521642
259,1553932800,67,21,0,88,13,-0.4957933617760006,-1.2189004536340193
259,1553947200,520,82,0,602,13,-0.4957933617760006,-0.29207071910366783
259,1553961600,655,144,0,799,13,-0.4957933617760006,0.06315390677664197
259,1553976000,539,155,0,694,13,-0.4957933617760006,-0.1261790156468734
259,1553990400,164,74,0,238,13,-0.4957933617760006,-0.9484248501718544
259,1554004800,19,15,0,34,13,-0.4957933617760006,-1.3162716708803985
259,1554019200,43,17,0,60,13,-0.4957933617760006,-1.2693892329469567
259,1554033600,394,73,0,467,13,-0.4957933617760006,-0.5354987622196161
259,1554048000,439,94,0,533,13,-0.4957933617760006,-0.4164894966962636
259,1554062400,281,110,0,391,13,-0.4957933617760006,-0.6725397346404464
259,1554076800,103,54,0,157,13,-0.4957933617760006,-1.0944816760414235
259,1554091200,10,10,0,20,13,-0.4957933617760006,-1.3415160605368672
259,1554105600,455,211,0,666,13,-0.4957933617760006,-0.17666779495981083
259,1554120000,1175,355,0,1530,13,-0.4957933617760006,1.3812716809822585
259,1554134400,650,333,0,983,13,-0.4957933617760006,0.39493731369023083
259,1554148800,683,838,155,1521,13,1.3939108449931823,1.3650431447745286
259,1554163200,190,377,187,567,14,1.7141660236119243,-0.5219450214490596
259,1554177600,16,31,15,47,14,-0.46980846573067553,-1.4690436645570244
259,1554192000,457,204,0,661,14,-0.6602713572431116,-0.3507387282718506
259,1554206400,1249,374,0,1623,14,-0.6602713572431116,1.401393761477884
259,1554220800,671,419,0,1090,14,-0.6602713572431116,0.4306176522922202
259,1554235200,711,943,232,1654,14,2.285554698149232,1.4578554113554743
259,1554249600,152,417,265,569,14,2.7045730594765915,-0.5183023343601828
259,1554264000,13,29,16,42,14,-0.45711093962984645,-1.4781503822792164
259,1554278400,479,207,0,686,14,-0.6602713572431116,-0.3052051396608908
259,1554292800,1207,313,0,1520,14,-0.6602713572431116,1.2137953764007294
259,1554307200,667,409,0,1076,14,-0.6602713572431116,0.40511884267008275
259,1554321600,754,860,106,1614,14,0.6856664094447696,1.3850016695779386
259,1554336000,228,427,199,655,14,1.866536336821873,-0.36166678953848097
259,1554350400,10,34,24,44,14,-0.3555307308232139,-1.4745076951903395
259,1554364800,495,208,0,703,14,-0.6602713572431116,-0.2742422994054381
259,1554379200,1262,329,0,1591,14,-0.6602713572431116,1.3431107680558554
259,1554393600,668,414,0,1082,14,-0.6602713572431116,0.41604690393671306
259,1554408000,742,880,138,1622,14,1.0919872446713,1.3995724179334457
259,1554422400,189,412,223,601,14,2.1712769632417706,-0.4600193409381542
259,1554436800,18,41,23,59,14,-0.368228256924043,-1.4471875420237637
259,1554451200,450,176,0,626,14,-0.6602713572431116,-0.4144857523271944
259,1554465600,1192,341,0,1533,14,-0.6602713572431116,1.2374728424784287
259,1554480000,633,391,0,1024,14,-0.6602713572431116,0.31040897835928627
259,1554494400,728,786,58,1514,14,0.07618515660497441,1.2028673151340992
259,1554508800,206,399,193,605,14,1.7903511802168985,-0.4527339667604007
259,1554523200,18,68,50,86,14,-0.025395052201658136,-1.398011266323927
259,1554537600,110,51,0,161,14,-0.6602713572431116,-1.2614105004910474
259,1554552000,616,205,0,821,14,-0.6602713572431116,-0.05932376116170765
259,1554566400,781,508,0,1289,14,-0.6602713572431116,0.7930650176354606
259,1554580800,811,649,0,1460,14,-0.6602713572431116,1.104514763734426
259,1554595200,248,357,109,605,14,0.7237589877472569,-0.4527339667604007
259,1554609600,23,87,64,110,14,0.15237031320994882,-1.3542990212574055
259,1554624000,64,42,0,106,14,-0.6602713572431116,-1.361584395435159
259,1554638400,517,177,0,694,14,-0.6602713572431116,-0.29063439130538365
259,1554652800,690,490,0,1180,14,-0.6602713572431116,0.5945385712916756
259,1554667200,607,474,0,1081,14,-0.6602713572431116,0.4142255603922747
259,1554681600,154,273,119,427,14,0.8507342487555476,-0.7769331176704347
259,1554696000,11,32,21,43,14,-0.3936233091257011,-1.4763290387347778
259,1554710400,457,215,0,672,14,-0.6602713572431116,-0.3307039492830283
259,1554724800,1211,323,0,1534,14,-0.6602713572431116,1.239294186022867
259,1554739200,645,398,0,1043,14,-0.6602713572431116,0.34501450570361575
259,1554753600,794,936,142,1730,14,1.142777349074616,1.5962775207327922
259,1554768000,243,409,166,652,15,0.1764239676547626,-0.40414050077883673
259,1554782400,15,38,23,53,15,-0.20707308255678428,-1.1314199513220393
259,1554796800,475,202,0,677,15,-0.268754426297103,-0.37378660050574813
259,1554811200,1340,399,0,1739,15,-0.268754426297103,0.9156470830950553
259,1554825600,618,342,0,960,15,-0.268754426297103,-0.030180449414385267
259,1554840000,757,926,169,1683,15,0.1844693603165433,0.8476543464833368
259,1554854400,244,392,148,636,15,0.12815161168407838,-0.42356699695361344
259,1554868800,15,29,14,44,15,-0.2312092605421264,-1.1423473554203514
259,1554883200,487,217,0,704,15,-0.268754426297103,-0.34100438821081247
259,1554897600,1260,352,0,1612,15,-0.268754426297103,0.7614492697077652
259,1554912000,664,417,0,1081,15,-0.268754426297103,0.11673242790736352
259,1554926400,810,861,51,1671,15,-0.13198275104683105,0.8330844743522543
259,1554940800,230,412,182,642,15,0.219332728517593,-0.4162820608880722
259,1554955200,15,29,14,44,15,-0.2312092605421264,-1.1423473554203514
259,1554969600,481,222,0,703,15,-0.268754426297103,-0.342218544221736
259,1554984000,1203,393,0,1596,15,-0.268754426297103,0.7420227735329885
259,1554998400,690,417,0,1107,15,-0.268754426297103,0.14830048419137565
259,1555012800,819,852,33,1671,15,-0.18025510701751526,0.8330844743522543
259,1555027200,195,404,209,599,15,0.29174126247361937,-0.46849076935778455
259,1555041600,16,40,24,56,15,-0.2043912850028574,-1.1277774832892689
259,1555056000,415,186,0,601,15,-0.268754426297103,-0.46606245733593743
259,1555070400,1231,451,0,1682,15,-0.268754426297103,0.8464401904724133
259,1555084800,766,483,0,1249,15,-0.268754426297103,0.32071063774251884
259,1555099200,897,921,24,1818,15,-0.2043912850028574,1.0115654079580152
259,1555113600,232,369,137,601,15,0.09865183859088246,-0.46606245733593743
259,1555128000,29,77,48,106,15,-0.14002814370861175,-1.0670696827430917
259,1555142400,87,35,0,122,15,-0.268754426297103,-1.047643186568315
259,1555156800,587,577,0,1164,15,-0.268754426297103,0.21750737681401763
259,1555171200,1052,3502,2450,4554,15,6.301649580823805,4.333496253844831
259,1555185600,992,1168,176,2160,15,0.2032419431940316,1.426806763693867
259,1555200000,358,291,0,649,15,-0.268754426297103,-0.40778296881160736
259,1555214400,30,76,46,106,15,-0.14539173881646555,-1.0670696827430917
259,1555228800,51,36,0,87,15,-0.268754426297103,-1.090138646950639
259,1555243200,510,178,0,688,15,-0.268754426297103,-0.3604308843855892
259,1555257600,700,583,0,1283,15,-0.268754426297103,0.36199194211391933
259,1555272000,612,456,0,1068,15,-0.268754426297103,0.10094839976535745
259,1555286400,128,215,87,343,15,-0.03543803910546261,-0.7793147081542118
259,1555300800,15,32,17,47,15,-0.2231638678803457,-1.1387048873875807
259,1555315200,454,191,0,645,15,-0.268754426297103,-0.41263959285530155
259,1555329600,1222,391,0,1613,15,-0.268754426297103,0.7626634257186887
259,1555344000,692,439,0,1131,15,-0.268754426297103,0.1774402284535407
259,1555358400,763,954,191,1717,15,0.24346890650293512,0.8889356508547374
259,1555372800,195,447,252,642,16,2.5312945451940703,-0.25880110017974084
259,1555387200,12,22,10,34,16,-0.5936997166002368,-1.227257268730424
259,1555401600,508,228,0,736,16,-0.7228317108892578,-0.10907267938407601
259,1555416000,1280,449,0,1729,16,-0.7228317108892578,1.4726328722126814
259,1555430400,716,546,0,1262,16,-0.7228317108892578,0.7287693348554953
259,1555444800,943,1068,125,2011,16,0.8913182177235041,1.9218181345996759
259,1555459200,220,452,232,672,16,2.2730305566160283,-0.21101543396835845
259,1555473600,13,12,0,25,16,-0.7228317108892578,-1.2415929685938387
259,1555488000,484,197,0,681,16,-0.7228317108892578,-0.19667973410494374
259,1555502400,1277,517,0,1794,16,-0.7228317108892578,1.5761684823373432
259,1555516800,786,534,0,1320,16,-0.7228317108892578,0.8211549561975012
259,1555531200,996,1119,123,2115,16,0.8654918188656999,2.0874751107991347
259,1555545600,256,457,201,713,16,1.8727213743200632,-0.1457083568128025
259,1555560000,13,23,10,36,16,-0.5936997166002368,-1.2240715576496652
259,1555574400,463,246,0,709,16,-0.7228317108892578,-0.15207977897432018
259,1555588800,1194,444,0,1638,16,-0.7228317108892578,1.3276830180381547
259,1555603200,699,469,0,1168,16,-0.7228317108892578,0.5790409140598305
259,1555617600,868,885,17,1753,16,-0.5033073205979222,1.5108614051817872
259,1555632000,227,445,218,672,16,2.0922457646113988,-0.21101543396835845
259,1555646400,15,28,13,43,16,-0.5549601183135305,-1.2129215688670094
259,1555660800,298,136,0,434,16,-0.7228317108892578,-0.5901150525786588
259,1555675200,1072,372,0,1444,16,-0.7228317108892578,1.0186690432045484
259,1555689600,847,589,0,1436,16,-0.7228317108892578,1.0059261988815131
259,1555704000,919,791,0,1710,16,-0.7228317108892578,1.4423686169454724
259,1555718400,204,339,135,543,16,1.020450212012525,-0.41649379867730274
259,1555732800,14,53,39,67,16,-0.21921693316207602,-1.1746930358979035
259,1555747200,23,33,10,56,16,-0.5936997166002368,-1.192214446842077
259,1555761600,125,108,0,233,16,-0.7228317108892578,-0.9102790161949208
259,1555776000,177,295,118,472,16,0.8009258217211895,-0.529586542044241
259,1555790400,292,363,71,655,16,0.19400544856279103,-0.23809397815480848
259,1555804800,69,234,165,303,16,1.407846194879588,-0.798779128368362
259,1555819200,8,51,43,59,16,-0.16756413544646764,-1.1874358802209388
259,1555833600,20,34,14,54,16,-0.5420469188846284,-1.1954001579228357
259,1555848000,134,130,0,264,16,-0.7228317108892578,-0.860900494443159
259,1555862400,277,399,122,676,16,0.8525786194367978,-0.2046440118068408
259,1555876800,393,466,73,859,16,0.21983184742059522,0.0868485520825918
259,1555891200,84,203,119,287,16,0.8138390211500917,-0.8242648170144325
259,1555905600,8,41,33,49,16,-0.2966961297354886,-1.2033644356247328
259,1555920000,361,154,0,515,16,-0.7228317108892578,-0.46109375380792633
259,1555934400,1064,366,0,1430,16,-0.7228317108892578,0.9963690656392367
259,1555948800,622,405,0,1027,16,-0.7228317108892578,0.35444828286633323
259,1555963200,627,835,208,1462,16,1.963113770322378,1.047340442931378
259,1555977600,184,398,214,582,17,2.5877262704686292,-0.47367605813419694
259,1555992000,10,21,11,31,17,-0.399405354499626,-1.4283713496636852
259,1556006400,402,161,0,563,17,-0.5612696297442112,-0.5065965854283172
259,1556020800,1159,437,0,1596,17,-0.5612696297442112,1.2832405037730645
259,1556035200,742,655,0,1397,17,-0.5612696297442112,0.9384412968504363
259,1556049600,939,968,29,1907,17,-0.13453654046303196,1.8220975557978758
259,1556064000,212,438,226,650,17,2.7643054798263584,-0.3558552236078717
259,1556078400,11,19,8,30,17,-0.44355015683905835,-1.4301040089949546
259,1556092800,349,158,0,507,17,-0.5612696297442112,-0.6036255079794086
259,1556107200,1194,414,0,1608,17,-0.5612696297442112,1.3040324157482985
259,1556121600,738,572,0,1310,17,-0.5612696297442112,0.7876999350299908
259,1556136000,955,973,18,1928,17,-0.29640081570761717,1.858483401754535
259,1556150400,243,403,160,646,17,1.793119828358847,-0.3627858609329497
259,1556164800,18,18,0,36,17,-0.5612696297442112,-1.4197080530073378
259,1556179200,375,165,0,540,17,-0.5612696297442112,-0.5464477500475154
259,1556193600,1166,413,0,1579,17,-0.5612696297442112,1.2537852951414834
259,1556208000,752,516,0,1268,17,-0.5612696297442112,0.7149282431166724
259,1556222400,828,834,6,1662,17,-0.4729800250653466,1.3975960196368509
259,1556236800,184,399,215,583,17,2.6024412045817735,-0.47194339880292746
259,1556251200,15,17,2,32,17,-0.531839761517923,-1.4266386903324157
259,1556265600,324,155,0,479,17,-0.5612696297442112,-0.6521399692549543
259,1556280000,1115,287,0,1402,17,-0.5612696297442112,0.9471045935067838
259,1556294400,595,372,0,967,17,-0.5612696297442112,0.1933977844045562
259,1556308800,635,730,95,1365,17,0.8366491110044796,0.8829961982498127
259,1556323200,213,410,197,623,17,2.337572390545179,-0.4026370255521479
259,1556337600,28,69,41,97,17,0.042042668894697426,-1.314015833799899
259,1556352000,91,79,0,170,17,-0.5612696297442112,-1.1875317026172263
259,1556366400,634,240,0,874,17,-0.5612696297442112,0.032260466596493766
259,1556380800,766,535,0,1301,17,-0.5612696297442112,0.7721060010485654
259,1556395200,701,526,0,1227,17,-0.5612696297442112,0.6438892105346232
259,1556409600,248,311,63,559,17,0.3657712193838679,-0.5135272227533951
259,1556424000,26,93,67,119,17,0.4246309558364444,-1.2758973285119701
259,1556438400,69,44,0,113,17,-0.5612696297442112,-1.2862932844995871
259,1556452800,485,177,0,662,17,-0.5612696297442112,-0.33506331163263786
259,1556467200,634,354,0,988,17,-0.5612696297442112,0.2297836303612155
259,1556481600,493,436,0,929,17,-0.5612696297442112,0.12755672981631563
259,1556496000,162,249,87,411,17,0.7189296380993266,-0.7699608037812795
259,1556510400,12,38,26,50,17,-0.17868134280246428,-1.395450822369565
259,1556524800,467,225,0,692,17,-0.5612696297442112,-0.2830835316945532
259,1556539200,1154,376,0,1530,17,-0.5612696297442112,1.1688849879092784
259,1556553600,760,494,0,1254,17,-0.5612696297442112,0.6906710124788995
259,1556568000,761,898,137,1659,17,1.4546763437565324,1.3923980416430424
259,1556582400,218,432,214,650,18,1.8873432172127014,-0.40288817422495116
259,1556596800,11,59,48,70,18,-0.10728417560326864,-1.4440886754046467
259,1556611200,463,233,0,696,18,-0.6840439036464407,-0.32031020344173394
259,1556625600,1224,369,0,1593,18,-0.6840439036464407,1.289960226831002
259,1556640000,678,420,0,1098,18,-0.6840439036464407,0.4013494542724688
259,1556654400,767,943,176,1710,18,1.4307417658451902,1.499995500344837
259,1556668800,219,481,262,700,18,2.4641029452558736,-0.31312951033014985
259,1556683200,11,46,35,57,18,-0.26348993528162773,-1.467425928017295
259,1556697600,491,228,0,719,18,-0.6840439036464407,-0.2790212180501253
259,1556712000,1239,392,0,1631,18,-0.6840439036464407,1.358176811391051
259,1556726400,696,435,0,1131,18,-0.6840439036464407,0.4605901724430377
259,1556740800,804,952,148,1756,18,1.0942985911533398,1.5825734711280544
259,1556755200,205,462,257,667,18,2.404023806918043,-0.3723702285007187
259,1556769600,14,59,45,73,18,-0.1433316586059669,-1.4387031555709586
259,1556784000,441,219,0,660,18,-0.6840439036464407,-0.3849364414459909
259,1556798400,1209,384,0,1593,18,-0.6840439036464407,1.289960226831002
259,1556812800,732,483,0,1215,18,-0.6840439036464407,0.6113847277863039
259,1556827200,816,926,110,1742,18,0.6376971397858286,1.55744104523751
259,1556841600,224,479,255,703,18,2.3799921515829108,-0.30774399049646173
259,1556856000,17,71,54,88,18,-0.03518920959787213,-1.411775556402518
259,1556870400,408,185,0,593,18,-0.6840439036464407,-0.5052130510650247
259,1556884800,1151,382,0,1533,18,-0.6840439036464407,1.1822498301572404
259,1556899200,734,437,0,1171,18,-0.6840439036464407,0.5323971035588787
259,1556913600,827,867,40,1694,18,-0.20341079694379732,1.4712727278985007
259,1556928000,297,507,210,804,18,1.839279906542437,-0.12643148942896304
259,1556942400,35,105,70,140,18,0.15706403308318523,-1.3184265459519249
259,1556956800,122,70,0,192,18,-0.6840439036464407,-1.2250775355013315
259,1556971200,839,200,0,1039,18,-0.6840439036464407,0.2954342308766032
259,1556985600,757,427,0,1184,18,-0.6840439036464407,0.5557343561715271
259,1557000000,637,573,0,1210,18,-0.6840439036464407,0.6024088613968238
259,1557014400,248,343,95,591,18,0.4574597247723374,-0.5088033976208167
259,1557028800,31,78,47,109,18,-0.11930000327083473,-1.3740769175667016
259,1557043200,60,38,0,98,18,-0.6840439036464407,-1.3938238236235578
259,1557057600,455,109,0,564,18,-0.6840439036464407,-0.5572730761240094
259,1557072000,534,347,0,881,18,-0.6840439036464407,0.011796852969031003
259,1557086400,400,390,0,790,18,-0.6840439036464407,-0.15156391531950741
259,1557100800,116,236,120,352,18,0.7578554164614895,-0.9378498110379672
259,1557115200,11,40,29,51,18,-0.3355849012870243,-1.4781969676846711
259,1557129600,483,225,0,708,18,-0.6840439036464407,-0.2987681241069816
259,1557144000,1193,374,0,1567,18,-0.6840439036464407,1.2432857216057054
259,1557158400,758,447,0,1205,18,-0.6840439036464407,0.5934329950073437
259,1557172800,761,937,176,1698,18,1.4307417658451902,1.4784534210100848
259,1557187200,263,460,197,723,19,1.5490911301674435,-0.22306433178150628
259,1557201600,18,41,23,59,19,-0.413592292034997,-1.465240466909831
259,1557216000,487,230,0,717,19,-0.6730274570387679,-0.2342888149302562
259,1557230400,1179,347,0,1526,19,-0.6730274570387679,1.2791456629595248
259,1557244800,691,454,0,1145,19,-0.6730274570387679,0.5663909830139049
259,1557259200,851,1039,188,1890,19,1.4475730221224896,1.9600976406503534
259,1557273600,264,518,254,782,19,2.192039147785484,-0.11269024748546538
259,1557288000,16,44,28,60,19,-0.35719334312113377,-1.4633697197183726
259,1557302400,481,226,0,707,19,-0.6730274570387679,-0.2529962868448394
259,1557316800,1182,365,0,1547,19,-0.6730274570387679,1.3184313539801495
259,1557331200,688,438,0,1126,19,-0.6730274570387679,0.5308467863761968
259,1557345600,793,929,136,1722,19,0.8610239534183121,1.6458121124853557
259,1557360000,225,470,245,695,19,2.0905210397405307,-0.27544525314233925
259,1557374400,17,64,47,81,19,-0.1428773372484535,-1.4240840286977479
259,1557388800,492,232,0,724,19,-0.6730274570387679,-0.22119358459004795
259,1557403200,1159,348,0,1507,19,-0.6730274570387679,1.243601466321817
259,1557417600,685,361,0,1046,19,-0.6730274570387679,0.3811870110595312
259,1557432000,731,980,249,1711,19,2.135640198871621,1.6252338933793142
259,1557446400,197,497,300,694,19,2.710909477793026,-0.27731600033379755
259,1557460800,15,58,43,73,19,-0.18799649637954408,-1.4390500062294145
259,1557475200,436,220,0,656,19,-0.6730274570387679,-0.3484043936092137
259,1557489600,1171,348,0,1519,19,-0.6730274570387679,1.2660504326193167
259,1557504000,741,422,0,1163,19,-0.6730274570387679,0.6000644324601546
259,1557518400,763,834,71,1597,19,0.12783761753809,1.4119687135530656
259,1557532800,254,486,232,740,19,1.9438837725644862,-0.19126162952671483
259,1557547200,60,136,76,196,19,0.18423656645195324,-1.208948101680041
259,1557561600,98,50,0,148,19,-0.6730274570387679,-1.2987439668700405
259,1557576000,667,168,0,835,19,-0.6730274570387679,-0.013540646338174407
259,1557590400,752,404,0,1156,19,-0.6730274570387679,0.5869692021199464
259,1557604800,660,541,0,1201,19,-0.6730274570387679,0.6711528257355708
259,1557619200,233,354,121,587,19,0.6918271066767223,-0.47748594981983783
259,1557633600,21,83,62,104,19,0.0263195094931362,-1.3810568432942065
259,1557648000,61,31,0,92,19,-0.6730274570387679,-1.4035058095917063
259,1557662400,438,103,0,541,19,-0.6730274570387679,-0.5635403206269206
259,1557676800,474,277,0,751,19,-0.6730274570387679,-0.1706834104206733
259,1557691200,357,332,0,689,19,-0.6730274570387679,-0.28666973629108916
259,1557705600,118,227,109,345,19,0.5564696292834506,-0.9302067701527513
259,1557720000,12,41,29,53,19,-0.3459135533383611,-1.476464950058581
259,1557734400,447,179,0,626,19,-0.6730274570387679,-0.40452680935296337
259,1557748800,1175,320,0,1495,19,-0.6730274570387679,1.2211525000243169
259,1557763200,631,330,0,961,19,-0.6730274570387679,0.22217349978557394
259,1557777600,644,740,96,1384,19,0.4098323621074062,1.0134995617724434
259,1557792000,166,366,200,532,20,1.9269465303795241,-0.6310987369766424
259,1557806400,17,33,16,50,20,-0.4415482573108277,-1.5459226579850276
259,1557820800,477,234,0,711,20,-0.6475043258056409,-0.29136122274323795
259,1557835200,1110,375,0,1485,20,-0.6475043258056409,1.1776713807017622
259,1557849600,692,410,0,1102,20,-0.6475043258056409,0.4507469787386678
259,1557864000,746,826,80,1572,20,0.38227601666842503,1.342795200468836
259,1557878400,188,422,234,610,20,2.364603175931002,-0.4830566916682315
259,1557892800,12,39,27,51,20,-0.2999534602206436,-1.544024683045176
259,1557907200,479,208,0,687,20,-0.6475043258056409,-0.3369126212996721
259,1557921600,1168,344,0,1512,20,-0.6475043258056409,1.2289167040777507
259,1557936000,714,412,0,1126,20,-0.6475043258056409,0.49629837729510196
259,1557950400,840,910,70,1750,20,0.25355347385916677,1.6806347397623889
259,1557964800,229,451,222,680,20,2.210136124559892,-0.350198445878632
259,1557979200,23,62,39,85,20,-0.14548640884953376,-1.4794935350902279
259,1557993600,467,232,0,699,20,-0.6475043258056409,-0.31413692202145505
259,1558008000,1105,335,0,1440,20,-0.6475043258056409,1.0922625084084483
259,1558022400,719,467,0,1186,20,-0.6475043258056409,0.6101768736861872
259,1558036800,845,928,83,1773,20,0.42089277951120246,1.7242881633789715
259,1558051200,289,566,277,855,20,2.9181101100108124,-0.018052831404633284
259,1558065600,24,65,41,89,20,-0.11974190028768211,-1.471901635330822
259,1558080000,460,189,0,649,20,-0.6475043258056409,-0.4090356690140261
259,1558094400,1096,320,0,1416,20,-0.6475043258056409,1.046711109852014
259,1558108800,717,469,0,1186,20,-0.6475043258056409,0.6101768736861872
259,1558123200,835,874,39,1709,20,-0.14548640884953376,1.6028177672284807
259,1558137600,300,503,203,803,20,1.9655632932223015,-0.1167475282769072
259,1558152000,31,107,76,138,20,0.33078699954472174,-1.3789008632781024
259,1558166400,108,77,0,185,20,-0.6475043258056409,-1.2896960411050857
259,1558180800,679,320,0,999,20,-0.6475043258056409,0.2552555599339714
259,1558195200,871,469,0,1340,20,-0.6475043258056409,0.9024650144233061
259,1558209600,739,543,0,1282,20,-0.6475043258056409,0.7923824679119237
259,1558224000,266,398,132,664,20,1.051633239276568,-0.3805660449162548
259,1558238400,33,121,88,154,20,0.4852540509158316,-1.3485332642404797
259,1558252800,71,43,0,114,20,-0.6475043258056409,-1.4244522618345365
259,1558267200,545,140,0,685,20,-0.6475043258056409,-0.3407085711793749
259,1558281600,642,413,0,1055,20,-0.6475043258056409,0.36154215656565103
259,1558296000,597,512,0,1109,20,-0.6475043258056409,0.46403280331762775
259,1558310400,209,308,99,517,20,0.6268488480060157,-0.6595683610744137
259,1558324800,16,52,36,68,20,-0.18410317169231122,-1.511759109067702
259,1558339200,453,229,0,682,20,-0.6475043258056409,-0.3464024959989292
259,1558353600,1252,350,0,1602,20,-0.6475043258056409,1.3997344486643786
259,1558368000,670,373,0,1043,20,-0.6475043258056409,0.33876645728743393
259,1558372056,219,193,0,412,20,-0.6475043258056409,-0.858855729758813
259,1558382400,583,784,201,1367,20,1.93981878466045,0.9537103377992945
259,1558396800,265,445,180,710,21,1.9992075381288175,-0.07528400164706574
259,1558411200,28,41,13,69,21,-0.38186413751545784,-1.3085195975167199
259,1558425600,479,217,0,696,21,-0.5672170224458506,-0.10221894445857145
259,1558440000,1225,363,0,1588,21,-0.5672170224458506,1.6139216975316493
259,1558454400,682,364,0,1046,21,-0.5672170224458506,0.5711546258290713
259,1558454877,32,45,13,77,21,-0.38186413751545784,-1.293128201624431
259,1558468800,856,887,31,1743,21,-0.12522168145799104,1.9121299929447482
259,1558483200,231,474,243,705,21,2.897456134329951,-0.08490362407974635
259,1558497600,20,55,35,75,21,-0.06819002455633173,-1.2969760505975032
259,1558512000,495,235,0,730,21,-0.5672170224458506,-0.0368055119163433
259,1558526400,1202,352,0,1554,21,-0.5672170224458506,1.5485082649894213
259,1558540800,679,473,0,1152,21,-0.5672170224458506,0.7750906214019002
259,1558555200,864,920,56,1784,21,0.23122617417737956,1.9910108968927294
259,1558569600,257,502,245,759,21,2.925971962780781,0.018988298193204238
259,1558584000,17,57,40,74,21,0.0030995465707423795,-1.2988999750840393
259,1558598400,386,229,0,615,21,-0.5672170224458506,-0.25805682786799733
259,1558612800,1110,358,0,1468,21,-0.5672170224458506,1.3830507591473147
259,1558627200,651,365,0,1016,21,-0.5672170224458506,0.5134368912329876
259,1558641600,736,860,124,1596,21,1.2007643415055875,1.6293130934239384
259,1558656000,210,439,229,649,21,2.697845335174144,-0.19264339532576918
259,1558670400,21,59,38,80,21,-0.02541628188008727,-1.2873564281648227
259,1558684800,402,192,0,594,21,-0.5672170224458506,-0.29845924208525587
259,1558687341,294,119,0,413,21,-0.5672170224458506,-0.646689574148294
259,1558688898,151,44,0,195,21,-0.5672170224458506,-1.0661051122131686
259,1558689043,28,14,0,42,21,-0.5672170224458506,-1.3604655586531953
259,1558699200,572,224,0,796,21,-0.5672170224458506,0.09017350419504075
259,1558713600,819,559,0,1378,21,-0.5672170224458506,1.2098975553590638
259,1558728000,749,778,29,1527,21,-0.15373750990882068,1.4965623038529459
259,1558742400,253,460,207,713,21,2.3841712222150178,-0.06951222818745738
259,1558756800,39,81,42,120,21,0.03161537502157203,-1.2103994487033778
259,1558771200,115,63,0,178,21,-0.5672170224458506,-1.0988118284842827
259,1558785600,577,181,0,758,21,-0.5672170224458506,0.017064373706668117
259,1558800000,717,450,0,1167,21,-0.5672170224458506,0.803949488699942
259,1558814400,648,435,0,1083,21,-0.5672170224458506,0.6423398318309078
259,1558828800,246,354,108,600,21,0.9726377138989504,-0.28691569516603915
259,1558843200,27,72,45,99,21,0.0743891176978165,-1.2508018629206363
259,1558857600,71,54,0,125,21,-0.5672170224458506,-1.200779826270697
259,1558872000,539,187,0,726,21,-0.5672170224458506,-0.04450120986248779
259,1558886400,597,418,0,1015,21,-0.5672170224458506,0.5115129667464514
259,1558900800,553,425,0,978,21,-0.5672170224458506,0.44032776074461494
259,1558915200,200,290,90,490,21,0.7159952578414835,-0.4985473886850126
259,1558929600,20,82,62,102,21,0.3167736595298685,-1.245030089461028
259,1558944000,68,50,0,118,21,-0.5672170224458506,-1.21424729767645
259,1558958400,521,196,0,717,21,-0.5672170224458506,-0.06181653024131288
259,1558972800,712,474,0,1186,21,-0.5672170224458506,0.8405040539441283
259,1558987200,639,515,0,1154,21,-0.5672170224458506,0.7789384703749724
259,1559001600,204,292,88,496,22,0.7060123184532452,-0.6263321853395218
259,1559016000,20,47,27,67,22,-0.21564967703727528,-1.407839742879766
259,1559030400,460,230,0,690,22,-0.6235984291396368,-0.2729231733050059
259,1559044800,1138,338,0,1476,22,-0.6235984291396368,1.1589298342162806
259,1559059200,635,334,0,969,22,-0.6235984291396368,0.23532999348690115
259,1559073600,707,887,180,1594,22,2.09605991820944,1.3738899549383057
259,1559088000,243,429,186,672,22,2.186715196454409,-0.3057137001948063
259,1559102400,13,42,29,55,22,-0.18543125095561888,-1.429700094139633
259,1559116800,494,259,0,753,22,-0.6235984291396368,-0.1581563291907043
259,1559131200,1182,364,0,1546,22,-0.6235984291396368,1.2864485498988378
259,1559145600,687,396,0,1083,22,-0.6235984291396368,0.44300333045563733
259,1559160000,789,994,205,1783,22,2.4737902442301447,1.7181904872812104
259,1559174400,163,389,226,552,22,2.791083718087537,-0.524317212793476
259,1559188800,23,47,24,70,22,-0.2609773161597599,-1.4023746550647993
259,1559203200,488,237,0,725,22,-0.6235984291396368,-0.20916381546372723
259,1559217600,1101,395,0,1496,22,-0.6235984291396368,1.1953637529827255
259,1559232000,709,442,0,1151,22,-0.6235984291396368,0.5668786542615502
259,1559246400,845,963,118,1808,22,1.159288709678091,1.7637328857392667
259,1559260800,199,387,188,586,22,2.2169336225360654,-0.46237955089051963
259,1559275200,19,49,30,68,22,-0.17032203791479067,-1.4060180469414438
259,1559289600,451,214,0,665,22,-0.6235984291396368,-0.31846557176306206
259,1559304000,1182,350,0,1532,22,-0.6235984291396368,1.2609448067623263
259,1559318400,730,423,0,1153,22,-0.6235984291396368,0.5705220461381947
259,1559332800,827,849,22,1676,22,-0.2911957422414163,1.52326902188073
259,1559347200,354,487,133,841,22,1.3859269052905143,0.0021529133816534708
259,1559361600,34,92,58,126,22,0.25273592722839905,-1.3003596825187533
259,1559376000,103,69,0,172,22,-0.6235984291396368,-1.21656166935593
259,1559390400,638,283,0,921,22,-0.6235984291396368,0.14788858844743327
259,1559395308,256,167,0,423,22,-0.6235984291396368,-0.7593159888370459
259,1559395593,15,28,13,43,22,-0.42717865960887014,-1.4515604453995
259,1559404800,491,415,0,906,22,-0.6235984291396368,0.12056314937259954
259,1559419200,754,569,0,1323,22,-0.6235984291396368,0.8802103556529767
259,1559433600,346,336,0,682,22,-0.6235984291396368,-0.2874967408115839
259,1559448000,44,116,72,160,22,0.4642649097999939,-1.238422020615797
259,1559462400,65,62,0,127,22,-0.6235984291396368,-1.2985379865804312
259,1559476800,529,243,0,772,22,-0.6235984291396368,-0.12354410636258159
259,1559491200,686,530,0,1216,22,-0.6235984291396368,0.6852888902524962
259,1559505600,576,426,0,1002,22,-0.6235984291396368,0.2954459594515353
259,1559520000,188,266,78,454,22,0.5549201880449631,-0.7028434147490562
259,1559534400,16,36,20,52,22,-0.32141416832307274,-1.4351651819545996
259,1559548800,465,214,0,679,22,-0.6235984291396368,-0.2929618286265506
259,1559563200,1254,375,0,1629,22,-0.6235984291396368,1.4376493127795844
259,1559577600,723,396,0,1119,22,-0.6235984291396368,0.5085843842352382
259,1559592000,760,879,119,1639,22,1.1743979227189194,1.4558662721628068
259,1559606400,260,453,193,713,23,1.8807911362065861,-0.26608162140311065
259,1559620800,19,49,30,68,23,-0.242892868159287,-1.506086975576561
259,1559635200,402,189,0,591,23,-0.6337549548523925,-0.5006252697894067
259,1559649600,1102,335,0,1437,23,-0.6337549548523925,1.1258003575450721
259,1559664000,640,421,0,1061,23,-0.6337549548523925,0.4029445231741927
259,1559678400,806,925,119,1731,23,0.916664655696926,1.6910121003776215
259,1559692800,275,493,218,768,23,2.206509541784174,-0.16034473073715752
259,1559707200,18,54,36,72,23,-0.16472045082066591,-1.4983970198917642
259,1559721600,456,240,0,696,23,-0.6337549548523925,-0.29876393306349613
259,1559736000,1136,371,0,1507,23,-0.6337549548523925,1.2603745820290126
259,1559750400,714,439,0,1153,23,-0.6337549548523925,0.5798135039245143
259,1559764800,791,886,95,1677,23,0.6039749863424415,1.5871976986328677
259,1559779200,223,432,209,655,23,2.0892509157762427,-0.3775859788326612
259,1559793600,22,37,15,59,23,-0.43832391150583977,-1.5233893758673531
259,1559808000,416,229,0,645,23,-0.6337549548523925,-0.39681086804465265
259,1559822400,1137,353,0,1490,23,-0.6337549548523925,1.227692270368627
259,1559836800,653,427,0,1080,23,-0.6337549548523925,0.43947181267697655
259,1559851200,749,907,158,1656,23,1.4247853683979632,1.5468254312876855
259,1559865600,334,459,125,793,23,0.9948370730355471,-0.11228250770717883
259,1559880000,25,62,37,87,23,-0.1516917145975624,-1.469559686073777
259,1559894400,433,265,0,698,23,-0.6337549548523925,-0.29491895522109784
259,1559908800,1118,373,0,1491,23,-0.6337549548523925,1.229614759289826
259,1559923200,740,511,0,1251,23,-0.6337549548523925,0.7682174182020308
259,1559937600,829,825,0,1654,23,-0.6337549548523925,1.5429804534452873
259,1559952000,290,471,181,761,23,1.724446301529344,-0.17380215318555156
259,1559966400,24,123,99,147,23,0.6560899312348556,-1.3542103508018282
259,1559980800,93,55,0,148,23,-0.6337549548523925,-1.352287861880629
259,1559995200,580,194,0,774,23,-0.6337549548523925,-0.14880979720996262
259,1560009600,638,478,0,1116,23,-0.6337549548523925,0.5086814138401459
259,1560024000,581,503,0,1084,23,-0.6337549548523925,0.4471617683617731
259,1560038400,278,378,100,656,23,0.6691186674579591,-0.37566348991146203
259,1560052800,34,115,81,149,23,0.42157267921899233,-1.3503653729594298
259,1560067200,69,42,0,111,23,-0.6337549548523925,-1.4234199519649975
259,1560081600,456,167,0,623,23,-0.6337549548523925,-0.4391056243110339
259,1560096000,575,357,0,932,23,-0.6337549548523925,0.15494345233950269
259,1560110400,554,497,0,1051,23,-0.6337549548523925,0.38371963396220127
259,1560124800,221,245,24,466,23,-0.32106528549790814,-0.7409363849393001
259,1560139200,18,40,22,58,23,-0.3471227579441151,-1.5253118647885524
259,1560153600,420,239,0,659,23,-0.6337549548523925,-0.3698960231478646
259,1560168000,1118,396,0,1514,23,-0.6337549548523925,1.2738320044774065
259,1560182400,615,341,0,956,23,-0.6337549548523925,0.20108318644828224
259,1560196800,610,911,301,1521,23,3.287894648301766,1.2872894269258006
259,1560211200,195,363,168,558,24,1.6125246533044917,-0.7249843755103138
259,1560225600,23,49,26,72,24,-0.31368776115807673,-1.6168023206645323
259,1560240000,456,257,0,713,24,-0.6663745412709413,-0.44055684156195196
259,1560254400,1051,340,0,1391,24,-0.6663745412709413,0.8035842424186245
259,1560268800,672,439,0,1111,24,-0.6663745412709413,0.28977966496351915
259,1560283200,768,860,92,1628,24,0.581594065282272,1.23848311690741
259,1560297600,286,490,204,776,24,2.1008601949992274,-0.32495081163455325
259,1560312000,21,37,16,58,24,-0.44933652273994773,-1.6424925495372875
259,1560326400,458,248,0,706,24,-0.6663745412709413,-0.4534019559983296
259,1560340800,1244,396,0,1640,24,-0.6663745412709413,1.2605033130840573
259,1560355200,685,399,0,1084,24,-0.6663745412709413,0.24023422356606255
259,1560369600,845,888,43,1733,24,-0.083084866468896,1.4311598334530744
259,1560384000,251,438,187,689,24,1.8702573003100467,-0.48459723391524673
259,1560398400,13,49,36,62,24,-0.1780389995762057,-1.6351524841450717
259,1560412800,476,261,0,737,24,-0.6663745412709413,-0.3965164492086572
259,1560427200,1125,427,0,1552,24,-0.6663745412709413,1.09902187445531
259,1560441600,658,408,0,1066,24,-0.6663745412709413,0.2072039293010915
259,1560456000,719,842,123,1561,24,1.0021052261860721,1.1155370215877956
259,1560470400,224,455,231,679,24,2.467111851270279,-0.5029473973957862
259,1560484800,15,65,50,80,24,0.011869266638413714,-1.6021221898801008
259,1560499200,395,234,0,629,24,-0.6663745412709413,-0.5946982147984835
259,1560513600,1114,411,0,1525,24,-0.6663745412709413,1.0494764330578534
259,1560528000,701,454,0,1155,24,-0.6663745412709413,0.3705203842778928
259,1560542400,833,836,3,1669,24,-0.62567991279638,1.313718787177622
259,1561161600,5,0,0,5,25,-0.5242581246028517,-1.3705769262352978
259,1561176000,37,100,63,137,25,0.6146474564309297,-1.1220277904747218
259,1561190400,97,69,0,166,25,-0.5242581246028517,-1.0674222985273225
259,1561204800,633,217,0,850,25,-0.5242581246028517,0.22051413223202618
259,1561219200,773,479,0,1252,25,-0.5242581246028517,0.9774592275028715
259,1561233600,690,544,0,1234,25,-0.5242581246028517,0.9435661635355201
259,1561248000,314,432,118,746,25,1.6089301065397865,0.02468754042066323
259,1561262400,31,92,61,123,25,0.5784917236996985,-1.1483890624493283
259,1561276800,69,50,0,119,25,-0.5242581246028517,-1.1559208544420732
259,1561291200,508,191,0,699,25,-0.5242581246028517,-0.06381101549408734
259,1561305600,643,505,0,1148,25,-0.5242581246028517,0.7816326356915085
259,1561320000,592,479,0,1071,25,-0.5242581246028517,0.6366456398311725
259,1561334400,246,290,44,536,25,0.27116799548423365,-0.37073153919843505
259,1561348800,22,43,21,65,25,-0.14462293092492462,-1.2576000463441268
259,1561363200,388,236,0,624,25,-0.5242581246028517,-0.205032115358051
259,1561377600,1180,383,0,1563,25,-0.5242581246028517,1.5630560549387742
259,1561392000,718,435,0,1153,25,-0.5242581246028517,0.7910473756824394
259,1561406400,743,958,215,1701,25,3.3624831440044973,1.8229028786884673
259,1561420800,283,400,117,683,26,1.1955167475430526,-0.337237929096393
259,1561435200,19,42,23,61,26,-0.3454235460579828,-1.5215373859742223
259,1561449600,389,250,0,639,26,-0.7224621285348318,-0.42101473955077323
259,1561464000,1139,394,0,1533,26,-0.7224621285348318,1.2811777274086793
259,1561478400,625,422,0,1047,26,-0.7224621285348318,0.3558247755716615
259,1561492800,738,881,143,1619,26,1.62173427556036,1.4449233114786042
259,1561507200,233,461,228,694,26,3.01513773254002,-0.31629372648279797
259,1561521600,35,61,26,96,26,-0.2962446005175242,-1.4548967412946017
259,1561536000,416,236,0,652,26,-0.7224621285348318,-0.3962625000983427
259,1561550400,1055,517,0,1572,26,-0.7224621285348318,1.3554344457659708
259,1561564800,695,512,0,1207,26,-0.7224621285348318,0.6604677226784986
259,1561579200,832,900,68,1732,26,0.3922606370488958,1.6600773928728079
259,1561593600,324,475,151,799,26,1.7528781303349164,-0.1163717924439361
259,1561608000,28,47,19,75,26,-0.4109954734452609,-1.4948811281023742
259,1561622400,374,207,0,581,26,-0.7224621285348318,-0.5314478078770016
259,1561636800,1089,375,0,1464,26,-0.7224621285348318,1.1498004564688558
259,1561651200,640,407,0,1047,26,-0.7224621285348318,0.3558247755716615
259,1561665600,825,939,114,1764,26,1.1463378020025938,1.7210059822941755
259,1561680000,403,501,98,904,26,0.8840500924534815,0.08355014159492577
259,1561694400,29,74,45,103,26,0.015222054572046735,-1.4415686123586775
259,1561708800,331,233,0,564,26,-0.7224621285348318,-0.5638161210071031
259,1561723200,1077,348,0,1425,26,-0.7224621285348318,1.0755437381115642
259,1561737600,700,455,0,1155,26,-0.7224621285348318,0.5614587648687765
259,1561752000,724,800,76,1524,26,0.523404491823452,1.2640415616339196
259,1561766400,307,494,187,801,26,2.3430254768204195,-0.11256375560510064
259,1561780800,34,97,63,131,26,0.3102957278147982,-1.388256096614981
259,1561795200,83,67,0,150,26,-0.7224621285348318,-1.3520797466460441
259,1561809600,549,239,0,788,26,-0.7224621285348318,-0.13731599505753114
259,1561824000,698,415,0,1113,26,-0.7224621285348318,0.4814899912532318
259,1561838400,572,556,0,1128,26,-0.7224621285348318,0.5100502675444978
259,1561852800,267,330,63,597,26,0.3102957278147982,-0.500983513166318
259,1561867200,23,112,89,135,26,0.7365132558321058,-1.3806400229373101
259,1561881600,58,48,0,106,26,-0.7224621285348318,-1.4358565571004245
259,1561896000,519,203,0,722,26,-0.7224621285348318,-0.26298121073910147
259,1561910400,645,423,0,1068,26,-0.7224621285348318,0.3958091623794338
259,1561924800,502,530,28,1032,26,-0.2634586368238852,0.32726449928039547
259,1561939200,234,342,108,576,26,1.0479799109216767,-0.5409678999740903
259,1561953600,21,60,39,81,26,-0.08313583650887041,-1.4834570175858677
259,1561968000,348,216,0,564,26,-0.7224621285348318,-0.5638161210071031
259,1561982400,1142,324,0,1466,26,-0.7224621285348318,1.153608493307691
259,1561996800,616,393,0,1009,26,-0.7224621285348318,0.2834720756337876
259,1562011200,776,942,166,1718,26,1.9987728580372093,1.6334211350009598
259,1562025600,240,380,140,620,27,1.703910270758146,-0.2329674597847632
259,1562040000,22,45,23,67,27,-0.2007792357262784,-1.413098805686816
259,1562054400,367,212,0,579,27,-0.5752053780266353,-0.3204636355207201
259,1562068800,1125,357,0,1482,27,-0.5752053780266353,1.6065862837370621
259,1562083200,600,369,0,969,27,-0.5752053780266353,0.5118170605042357
259,1562097600,629,922,293,1551,27,4.194658086930086,1.7538359453414776
259,1562112000,257,420,163,677,27,2.0783364130585027,-0.1113264349811158
259,1562126400,19,59,40,78,27,0.07597052162615935,-1.3896242219527788
259,1562140800,329,179,0,508,27,-0.5752053780266353,-0.47198140325859667
259,1562155200,1044,327,0,1371,27,-0.5752053780266353,1.3697063933299594
259,1562169600,722,422,0,1144,27,-0.5752053780266353,0.8852763471821005
259,1562184000,685,767,82,1452,27,0.7597052162615937,1.5425646917351425
259,1562198400,305,453,148,758,27,1.834145450688705,0.06153186342406733
259,1562212800,21,72,51,93,27,0.2550438940306779,-1.3576134259518189
259,1562227200,94,47,0,141,27,-0.5752053780266353,-1.2551788787487475
259,1562241600,457,196,0,653,27,-0.5752053780266353,-0.16254370858265155
259,1562256000,564,413,0,977,27,-0.5752053780266353,0.528889485038081
259,1562270400,632,543,0,1175,27,-0.5752053780266353,0.9514319922507508
259,1562284800,536,586,50,1122,27,0.238764496539358,0.838327179714026
259,1562299200,51,91,40,142,27,0.07597052162615935,-1.2530448256820168
259,1562313600,234,120,0,354,27,-0.5752053780266353,-0.8006255755351177
259,1562328000,732,222,0,954,27,-0.5752053780266353,0.4798062645032759
259,1562342400,616,438,0,1054,27,-0.5752053780266353,0.6932115711763415
259,1562356800,664,508,0,1172,27,-0.5752053780266353,0.9450298330505589
259,1562371200,261,360,99,621,27,1.0364549736140314,-0.23083340671803254
259,1562385600,38,75,37,113,27,0.02713232915219974,-1.3149323646172058
259,1562400000,82,55,0,137,27,-0.5752053780266353,-1.26371509101567
259,1562414400,445,148,0,593,27,-0.5752053780266353,-0.2905868925864909
259,1562428800,540,324,0,864,27,-0.5752053780266353,0.28774148849751685
259,1562443200,506,413,0,919,27,-0.5752053780266353,0.4051144071677029
259,1562457600,223,254,31,477,27,-0.07054405579571946,-0.538137048327247
259,1562472000,30,77,47,107,27,0.1899263040653984,-1.3277366830175896
259,1562486400,63,38,0,101,27,-0.5752053780266353,-1.3405410014179737
259,1562500800,443,160,0,603,27,-0.5752053780266353,-0.26924636191918433
259,1562515200,529,364,0,893,27,-0.5752053780266353,0.34962902743270585
259,1562529600,433,440,7,873,27,-0.46124959558739625,0.3069479660980928
259,1562544000,201,266,65,467,27,0.48295545890915603,-0.5594775789945535
259,1562558400,21,39,18,60,27,-0.2821762231828777,-1.4280371771539304
259,1562572800,328,254,0,582,27,-0.5752053780266353,-0.3140614763205281
259,1562587200,1117,352,0,1469,27,-0.5752053780266353,1.5788435938695637
259,1562601600,574,343,0,917,27,-0.5752053780266353,0.4008463010342416
259,1562616000,793,943,150,1736,27,1.8667042456713445,2.148635762686649
259,1562630400,284,401,117,685,28,1.431939263062005,-0.22737151382137696
259,1562644800,21,46,25,67,28,-0.20021805625114755,-1.4091206152926743
259,1562659200,369,272,0,641,28,-0.6437390669340693,-0.31150899030153406
259,1562673600,1132,385,0,1517,28,-0.6437390669340693,1.3635916778034118
259,1562688000,625,345,0,970,28,-0.6437390669340693,0.31760986792509516
259,1562702400,850,893,43,1743,28,0.11911707144055617,1.7957523524514913
259,1562716800,270,465,195,735,28,2.8157248163927213,-0.1317607450939257
259,1562731200,23,50,27,73,28,-0.1647363753965138,-1.3976473230453803
259,1562745600,388,256,0,644,28,-0.6437390669340693,-0.30577234417788696
259,1562760000,1076,353,0,1429,28,-0.6437390669340693,1.1953167248430976
259,1562774400,623,374,0,997,28,-0.6437390669340693,0.3692396830379188
259,1562788800,798,866,68,1664,28,0.562638082123478,1.6446873378621185
259,1562803200,315,379,64,694,28,0.4916747204142105,-0.21016157545043573
259,1562817600,18,58,40,76,28,0.06589455015860556,-1.391910676921733
259,1562832000,367,234,0,601,28,-0.6437390669340693,-0.38799760528349503
259,1562846400,1102,405,0,1507,28,-0.6437390669340693,1.3444695240579216
259,1562860800,652,379,0,1031,28,-0.6437390669340693,0.4342550057725857
259,1562875200,671,838,167,1509,28,2.318981284427849,1.3482939548070196
259,1562889600,220,386,166,606,28,2.301240444000532,-0.37843652841074993
259,1562904000,18,64,46,82,28,0.1723395927225068,-1.380437384674439
259,1562918400,358,218,0,576,28,-0.6437390669340693,-0.4358029896472207
259,1562932800,1073,350,0,1423,28,-0.6437390669340693,1.1838434325958034
259,1562947200,631,458,0,1089,28,-0.6437390669340693,0.5451634974964291
259,1562961600,762,827,65,1589,28,0.5094155608415274,1.5012711847709417
259,1562976000,329,450,121,779,28,1.5029026247712725,-0.047623268613768616
259,1562990400,39,106,67,145,28,0.5448972416961612,-1.2599678160778505
259,1563004800,79,52,0,131,28,-0.6437390669340693,-1.2867388313215369
259,1563019200,520,205,0,725,28,-0.6437390669340693,-0.15088289883941597
259,1563033600,656,365,0,1021,28,-0.6437390669340693,0.41513285202709543
259,1563048000,532,364,0,896,28,-0.6437390669340693,0.1761059302084673
259,1563062400,45,32,0,77,28,-0.6437390669340693,-1.389998461547184
259,1563076800,24,54,30,78,28,-0.11151385411456319,-1.388086246172635
259,1563091200,58,52,0,110,28,-0.6437390669340693,-1.3268953541870663
259,1563105600,486,160,0,646,28,-0.6437390669340693,-0.3019479134287889
259,1563120000,577,365,0,942,28,-0.6437390669340693,0.26406783743772244
259,1563134400,558,426,0,984,28,-0.6437390669340693,0.3443808831687815
259,1563148800,233,292,59,525,28,0.40297051827762614,-0.533325973749221
259,1563163200,19,50,31,69,28,-0.09377301368724632,-1.4052961845435763
259,1563177600,349,259,0,608,28,-0.6437390669340693,-0.3746120976616519
259,1563192000,1113,381,0,1494,28,-0.6437390669340693,1.3196107241887842
259,1563206400,609,324,0,933,28,-0.6437390669340693,0.24685789906678124
259,1563220800,730,923,193,1653,28,2.7802431355380874,1.623652968742079
259,1563235200,299,392,93,691,29,0.6493054591412841,-0.18546873675890754
259,1563249600,22,52,30,74,29,-0.21534589711832222,-1.417205498514502
259,1563264000,395,234,0,629,29,-0.6270846381943253,-0.3092413124944778
259,1563278400,1141,386,0,1527,29,-0.6270846381943253,1.4834647038045883
259,1563292800,617,369,0,986,29,-0.6270846381943253,0.4034491639184025
259,1563307200,659,870,211,1529,29,2.2688111740402293,1.4874573675379936
259,1563321600,234,445,211,679,29,2.2688111740402293,-0.2094247191593405
259,1563336000,19,44,25,63,29,-0.2839690206309894,-1.439165149048232
259,1563350400,387,231,0,618,29,-0.6270846381943253,-0.331200963028208
259,1563364800,1178,397,0,1575,29,-0.6270846381943253,1.57928863340632
259,1563379200,625,377,0,1002,29,-0.6270846381943253,0.4353904737856465
259,1563393600,733,851,118,1584,29,0.9924210767046201,1.5972556202066448
259,1563408000,240,420,180,660,29,1.8433478082616928,-0.24735502462669268
259,1563422400,16,31,15,47,29,-0.4212152676563237,-1.471106458915476
259,1563436800,385,251,0,636,29,-0.6270846381943253,-0.2952669894275586
259,1563451200,1164,479,0,1643,29,-0.6270846381943253,1.7150392003421067
259,1563465600,625,318,0,943,29,-0.6270846381943253,0.31760689365018446
259,1563480000,711,969,258,1680,29,2.9138685350593008,1.7889034794101084
259,1563494400,294,410,116,704,29,0.9649718272995532,-0.15951642249177184
259,1563508800,24,58,34,82,29,-0.16044739830818847,-1.40123484358088
259,1563523200,343,234,0,577,29,-0.6270846381943253,-0.4130505695630206
259,1563537600,1051,383,0,1434,29,-0.6270846381943253,1.297805840201233
259,1563552000,655,405,0,1060,29,-0.6270846381943253,0.5511777220544057
259,1563566400,633,713,80,1346,29,0.47088533800834953,1.1221286359313911
259,1563580800,307,429,122,736,29,1.0473195755147537,-0.09563380275728398
259,1563595200,39,83,44,122,29,-0.023201151282854132,-1.3213815689127701
259,1563609600,107,55,0,162,29,-0.6270846381943253,-1.2415282942446602
259,1563624000,498,174,0,672,29,-0.6270846381943253,-0.22339904222625973
259,1563638400,532,274,0,806,29,-0.6270846381943253,0.04410942791190825
259,1563652800,438,362,0,800,29,-0.6270846381943253,0.032131436711691774
259,1563667200,262,308,46,570,29,0.004248098122212739,-0.4270248926299398
259,1563681600,35,74,39,109,29,-0.0918242747955213,-1.3473338831799058
259,1563696000,68,50,0,118,29,-0.6270846381943253,-1.329366896379581
259,1563710400,442,168,0,610,29,-0.6270846381943253,-0.34717161796183
259,1563724800,466,280,0,746,29,-0.6270846381943253,-0.07567048409025652
259,1563739200,391,359,0,750,29,-0.6270846381943253,-0.06768515662344553
259,1563753600,190,229,39,419,29,-0.0918242747955213,-0.7284710045020545
259,1563768000,19,43,24,62,29,-0.2976936453335228,-1.441161480914935
259,1563782400,360,238,0,598,29,-0.6270846381943253,-0.37112760036226294
259,1563796800,1093,388,0,1481,29,-0.6270846381943253,1.3916334379362618
259,1563811200,627,301,0,928,29,-0.6270846381943253,0.2876619156496433
259,1563825600,616,850,234,1466,29,2.5844775421984982,1.3616884599357206
259,1563840000,150,285,135,435,30,1.7110091460419323,-0.7105833667587231
259,1563854400,21,36,15,57,30,-0.38460139124180154,-1.4383604331289994
259,1563868800,372,218,0,590,30,-0.6465527084022683,-0.41215626282382145
259,1563883200,991,391,0,1382,30,-0.6465527084022683,1.1127099714758053
259,1563897600,535,275,0,810,30,-0.6465527084022683,0.011417691148297094
259,1563912000,674,821,147,1495,30,1.9205701997703057,1.3302729569251206
259,1563926400,222,394,172,616,30,2.3571557283710836,-0.3620975228089347
259,1563940800,18,35,17,53,30,-0.34967454895373934,-1.4460617777466744
259,1563955200,386,247,0,633,30,-0.6465527084022683,-0.3293668081838165
259,1563969600,1120,426,0,1546,30,-0.6465527084022683,1.4284651008004754
259,1563984000,658,355,0,1013,30,-0.6465527084022683,0.4022609304952974
259,1563998400,801,900,99,1701,30,1.082325984856812,1.7268922047353772
259,1564012800,291,485,194,776,30,2.741350993539768,-0.0540437381019394
259,1564027200,28,60,32,88,30,-0.08772323179327261,-1.3786750123420193
259,1564041600,369,229,0,598,30,-0.6465527084022683,-0.3967535735884717
259,1564056000,1124,447,0,1571,30,-0.6465527084022683,1.4765985046609436
259,1564070400,613,387,0,1000,30,-0.6465527084022683,0.377231560487854
259,1564084800,743,857,114,1600,30,1.344277302017279,1.5324332531390863
259,1564099200,338,479,141,817,30,1.815789672906119,0.024895044229228138
259,1564113600,24,55,31,79,30,-0.10518665293730373,-1.3960030377317876
259,1564128000,341,245,0,586,30,-0.6465527084022683,-0.4198576074414963
259,1564142400,1092,413,0,1505,30,-0.6465527084022683,1.3495263184693078
259,1564156800,730,413,0,1143,30,-0.6465527084022683,0.6525546305697311
259,1564171200,823,830,7,1653,30,-0.5243087603940505,1.6344760693232785
259,1564185600,329,466,137,795,30,1.7459359883299945,-0.017462351167983715
259,1564200000,46,93,47,139,30,0.1742280853671941,-1.2804828684666645
259,1564212715,72,62,0,134,30,-0.6465527084022683,-1.290109549238758
259,1564214400,33,21,0,54,30,-0.6465527084022683,-1.4441364415922557
259,1564228800,578,216,0,794,30,-0.6465527084022683,-0.019387687322402435
259,1564243200,628,378,0,1006,30,-0.6465527084022683,0.3887835774143663
259,1564257600,656,486,0,1142,30,-0.6465527084022683,0.6506292944153124
259,1564272000,351,396,45,747,30,0.1393012430791319,-0.1098784865800823
259,1564286400,40,83,43,123,30,0.10437440079106965,-1.311288246937364
259,1564300800,72,45,0,117,30,-0.6465527084022683,-1.3228402638638763
259,1564315200,500,177,0,677,30,-0.6465527084022683,-0.24465201738939274
259,1564329600,591,399,0,990,30,-0.6465527084022683,0.3579781989436668
259,1564344000,577,457,0,1034,30,-0.6465527084022683,0.4426929897380905
259,1564358400,237,303,66,540,30,0.5060330871037853,-0.5084230705447574
259,1564372800,22,37,15,59,30,-0.38460139124180154,-1.434509760820162
259,1564387200,355,233,0,588,30,-0.6465527084022683,-0.41600693513265885
259,1564401600,1060,382,0,1442,30,-0.6465527084022683,1.2282301407409284
259,1564416000,563,327,0,890,30,-0.6465527084022683,0.16544458350179475
259,1564430400,711,846,135,1557,30,1.7110091460419323,1.4496437984990813
259,1564444800,251,414,163,665,31,1.5968235629675946,-0.4533967070796932
259,1564459200,22,43,21,65,31,-0.348823452618234,-1.6203158459443192
259,1564473600,377,239,0,616,31,-0.6365599830921945,-0.5486951034203044
259,1564488000,1203,385,0,1588,31,-0.6365599830921945,1.3417139015403898
259,1564502400,665,367,0,1032,31,-0.6365599830921945,0.2603688328591697
259,1564516800,690,792,102,1482,31,0.761017450638471,1.1355581870076392
259,1564531200,246,380,134,626,31,1.1994731161226013,-0.5292464511058939
259,1564545600,26,46,20,72,31,-0.36252519216461304,-1.606701789324232
259,1564560000,321,241,0,562,31,-0.6365599830921945,-0.6537178259181207
259,1564574400,1065,344,0,1409,31,-0.6365599830921945,0.993583025112443
259,1564588800,639,431,0,1070,31,-0.6365599830921945,0.33427371165392933
259,1564603200,606,854,248,1460,31,2.761471424409816,1.0927711519159362
259,1564617600,215,399,184,614,31,1.8845600934415552,-0.5525848338831865
259,1564632000,20,40,20,60,31,-0.36252519216461304,-1.6300401721015243
259,1564646400,383,234,0,617,31,-0.6365599830921945,-0.5467502381888633
259,1564660800,1122,369,0,1491,31,-0.6365599830921945,1.1530619740906085
259,1564675200,639,422,0,1061,31,-0.6365599830921945,0.3167699245709599
259,1564689600,790,822,32,1612,31,-0.19810431760806416,1.3883906670949748
259,1564704000,282,444,162,726,31,1.5831218234212154,-0.33475992796178955
259,1564718400,29,58,29,87,31,-0.23920953624720137,-1.5775288108526162
259,1564732800,340,240,0,580,31,-0.6365599830921945,-0.6187102517521819
259,1564747200,1038,385,0,1423,31,-0.6365599830921945,1.0208111383526175
259,1564761600,712,467,0,1179,31,-0.6365599830921945,0.546264021881003
259,1564776000,769,689,0,1458,31,-0.6365599830921945,1.088881421453054
259,1565395200,11,0,0,11,32,-0.537886728227649,-1.3921464314674488
259,1565409600,39,92,53,131,32,0.617842863504732,-1.1533031993808969
259,1565424000,124,84,0,208,32,-0.537886728227649,-1.000045458792026
259,1565438400,540,257,0,797,32,-0.537886728227649,0.17227673869946664
259,1565452800,649,475,0,1124,32,-0.537886728227649,0.8231245461353207
259,1565467200,709,516,0,1225,32,-0.537886728227649,1.024150933141502
259,1565481600,306,391,85,697,32,1.315641862286547,-0.02675928803932668
259,1565496000,46,102,56,148,32,0.6832615196405272,-1.119467074835302
259,1565510400,80,54,0,134,32,-0.537886728227649,-1.147332118578733
259,1565524800,498,210,0,708,32,-0.537886728227649,-0.004865325098059417
259,1565539200,615,438,0,1053,32,-0.537886728227649,0.6818089671507774
259,1565553600,625,575,0,1200,32,-0.537886728227649,0.9743919264568036
259,1565568000,260,328,68,588,32,0.9449361441837077,-0.24370855718461137
259,1565582400,24,30,6,54,32,-0.40704941595605876,-1.3065609399697677
259,1565596800,360,230,0,590,32,-0.537886728227649,-0.23972783664983552
259,1565611200,1102,368,0,1470,32,-0.537886728227649,1.5117891986515455
259,1565625600,627,363,0,990,32,-0.537886728227649,0.5564162703053377
259,1565640000,742,918,176,1660,32,3.300007765072334,1.8899576494552528
259,1565654400,257,399,142,656,33,1.1502903707854357,-0.17273842315660792
259,1565668800,15,50,35,65,33,-0.2800928407003827,-1.3112708553375223
259,1565683200,364,251,0,615,33,-0.747975199597613,-0.25172290660739893
259,1565697600,949,422,0,1371,33,-0.747975199597613,1.2046739101925523
259,1565712000,498,371,0,869,33,-0.747975199597613,0.23759560062433074
259,1565726400,657,905,248,1562,33,2.56730551487419,1.5726260160242862
259,1565740800,186,398,212,584,33,2.0860550885798963,-0.3114428818994604
259,1565755200,18,33,15,51,33,-0.5474541886416572,-1.3382411667597436
259,1565769600,374,267,0,641,33,-0.747975199597613,-0.20163518539470218
259,1565784000,1124,414,0,1538,33,-0.747975199597613,1.5263911964433352
259,1565798400,658,413,0,1071,33,-0.747975199597613,0.6267386654306669
259,1565812800,685,899,214,1584,33,2.1127912233740234,1.615007933973491
259,1565827200,215,394,179,609,33,1.6449088644767935,-0.2632816115026366
259,1565841600,14,45,31,59,33,-0.3335651102886376,-1.32282956023276
259,1565856000,358,269,0,627,33,-0.747975199597613,-0.2286054968169235
259,1565870400,1153,428,0,1581,33,-0.747975199597613,1.6092285815258722
259,1565884800,703,500,0,1203,33,-0.747975199597613,0.8810301731258966
259,1565899200,743,857,114,1600,33,0.7759844836676514,1.6458311470274583
259,1565913600,265,462,197,727,33,1.8855340776239402,-0.035960415229628354
259,1565928000,19,56,37,75,33,-0.2533567059062553,-1.2920063471787928
259,1565942400,310,204,0,514,33,-0.747975199597613,-0.44629443901056703
259,1565956800,1045,355,0,1400,33,-0.747975199597613,1.260540983852868
259,1565971200,707,500,0,1207,33,-0.747975199597613,0.8887359763893884
259,1565985600,773,798,25,1571,33,-0.41377351467101997,1.5899640733671427
259,1566000000,258,425,167,683,33,1.4844920557120287,-0.12072425112803822
259,1566014400,29,86,57,115,33,0.014004642035019185,-1.2149483145438746
259,1566028800,46,51,5,97,33,-0.6811348626122944,-1.2496244292295877
259,1566043200,254,174,0,428,33,-0.747975199597613,-0.6119692091756408
259,1566057600,358,351,0,709,33,-0.747975199597613,-0.07063652991534149
259,1566072000,311,410,99,721,33,0.5754634727116956,-0.04751912012486607
259,1566086400,140,276,136,416,33,1.0700819664030534,-0.6350866189661163
259,1566100800,19,92,73,111,33,0.22789372038803876,-1.2226541178073664
259,1566115200,30,45,15,75,33,-0.5474541886416572,-1.2920063471787928
259,1566129600,173,125,0,298,33,-0.747975199597613,-0.8624078152391246
259,1566144000,263,259,0,522,33,-0.747975199597613,-0.4308828324835834
259,1566158400,275,342,67,617,33,0.14768531600565643,-0.247870004975653
259,1566172800,94,229,135,323,33,1.0567138990059897,-0.8142465448423007
259,1566187200,12,25,13,37,33,-0.5741903234357847,-1.3652114781819649
259,1566201600,353,212,0,565,33,-0.747975199597613,-0.3480454474010465
259,1566216000,1033,382,0,1415,33,-0.747975199597613,1.2894377460909623
259,1566230400,597,383,0,980,33,-0.747975199597613,0.45143164118622836
259,1566244800,646,780,134,1426,33,1.043345831608926,1.3106287050655647
259,1566259200,209,392,183,601,34,1.9885979816200106,-0.22675845121730598
259,1566273600,16,41,25,57,34,-0.39944693441878615,-1.2998688682456834
259,1566288000,358,200,0,558,34,-0.777302142652773,-0.3115815172691814
259,1566302400,1103,405,0,1508,34,-0.777302142652773,1.5624164536443454
259,1566316800,653,420,0,1073,34,-0.777302142652773,0.7043226459102568
259,1566331200,693,819,126,1512,34,1.1270881068465208,1.570306971416613
259,1566345600,245,419,174,664,34,1.8525701066557756,-0.10248279630409314
259,1566360000,15,47,32,62,34,-0.2936474761132698,-1.290005721030349
259,1566374400,343,201,0,544,34,-0.777302142652773,-0.3391983294721176
259,1566388800,1133,358,0,1491,34,-0.777302142652773,1.5288817531122088
259,1566403200,604,377,0,981,34,-0.777302142652773,0.5228407371481048
259,1566417600,653,872,219,1525,34,2.5327094814769517,1.5959511541764821
259,1566432000,180,361,181,541,34,1.9583695649612918,-0.3451162178013182
259,1566446400,17,65,48,82,34,-0.05182014284351823,-1.2505531321690118
259,1566460800,344,187,0,531,34,-0.777302142652773,-0.3648425122319869
259,1566475200,1060,371,0,1431,34,-0.777302142652773,1.4105239865281964
259,1566489600,624,334,0,958,34,-0.777302142652773,0.47747025995756676
259,1566504000,751,802,51,1553,34,-0.006477517855439805,1.6511847785823546
259,1566518400,244,406,162,650,34,1.6711996067034618,-0.13009960850702934
259,1566532800,11,60,49,71,34,-0.03670593451415875,-1.2722520560427473
259,1566547200,287,182,0,469,34,-0.777302142652773,-0.48714553770213287
259,1566561600,1024,322,0,1346,34,-0.777302142652773,1.2428504838675125
259,1566576000,576,386,0,962,34,-0.777302142652773,0.4853607777298342
259,1566590400,743,739,0,1482,34,-0.777302142652773,1.5111280881246067
259,1566604800,251,420,169,671,34,1.7769990650089782,-0.08867439020262505
259,1566619200,35,72,37,107,34,-0.21807643446647246,-1.20123739609234
259,1566633600,37,63,26,100,34,-0.38433272608942665,-1.215045802193808
259,1566648000,209,162,0,371,34,-0.777302142652773,-0.6804632231226861
259,1566662400,261,292,31,553,34,-0.3087616844426293,-0.32144466448451575
259,1566676800,337,365,28,702,34,-0.3541043094307077,-0.02752287746755207
259,1566691200,130,290,160,420,34,1.640971190044743,-0.5838043804124096
259,1566705600,17,64,47,81,34,-0.0669343511728777,-1.2525257616120786
259,1566720000,33,42,9,75,34,-0.6412742676885378,-1.2643615382704798
259,1566734400,176,126,0,302,34,-0.777302142652773,-0.8165746546943002
259,1566748800,231,327,96,558,34,0.6736618569657365,-0.3115815172691814
259,1566763200,247,320,73,567,34,0.3260350653904686,-0.2938278522815796
259,1566777600,129,257,128,386,34,1.1573165235052398,-0.6508737814766831
259,1566792000,12,29,17,41,34,-0.520360601053662,-1.3314309393347534
259,1566806400,289,226,0,515,34,-0.777302142652773,-0.3964045833210568
259,1566820800,1053,364,0,1417,34,-0.777302142652773,1.3829071743252603
259,1566835200,641,368,0,1009,34,-0.777302142652773,0.5780743615539772
259,1566849600,727,816,89,1543,34,0.5678623986602203,1.631458484151686
259,1566864000,150,294,144,444,35,1.9335881942799051,-0.3497890668490178
259,1566878400,0,1,1,1,35,-0.7533925310428876,-1.225367618953528
259,1566892800,341,215,0,556,35,-0.772182606045145,-0.12842383471424318
259,1566907200,1083,373,0,1456,35,-0.772182606045145,1.6504039235116241
259,1566921600,628,337,0,965,35,-0.772182606045145,0.6799545576350676
259,1566936000,761,789,28,1550,35,-0.24606050598194074,1.8361926004818814
259,1566950400,158,274,116,432,35,1.407466094216701,-0.3735067702920294
259,1566964800,0,11,11,11,35,-0.5654917810203147,-1.2056028660843519
259,1566979200,326,187,0,513,35,-0.772182606045145,-0.2134122720517013
259,1566993600,1077,398,0,1475,35,-0.772182606045145,1.6879569539630592
259,1567008000,587,309,0,896,35,-0.772182606045145,0.5435777628377512
259,1567022400,689,821,132,1510,35,1.7081072942528177,1.7571335890051762
259,1567036800,121,261,140,382,35,1.8584278942708758,-0.47233053463791086
259,1567051200,1,17,16,18,35,-0.4715414060090283,-1.1917675390759284
259,1567065600,342,175,0,517,35,-0.772182606045145,-0.2055063709040308
259,1567080000,1151,358,0,1509,35,-0.772182606045145,1.7551571137182587
259,1567094400,692,408,0,1100,35,-0.772182606045145,0.9467787213689478
259,1567108800,774,863,89,1637,35,0.9001340691557541,2.008145950443715
259,1567123200,206,319,113,525,35,1.351095869209929,-0.18969456860868975
259,1567137600,0,0,0,0,35,-0.772182606045145,-1.2273440942404457
259,1567152000,288,184,0,472,35,-0.772182606045145,-0.29444775881532415
259,1567166400,1034,312,0,1346,35,-0.772182606045145,1.432991641950685
259,1567180800,736,471,0,1207,35,-0.772182606045145,1.1582615770691342
259,1567195200,686,694,8,1380,35,-0.6218620060270866,1.5001918017058844
259,1567209600,230,374,144,604,35,1.9335881942799051,-0.03355302094219693
259,1567224000,20,58,38,78,35,-0.05815975595936781,-1.0731790218608706
259,1567238400,39,44,5,83,35,-0.6782322310338584,-1.0632966454262824
259,1567252800,225,176,0,401,35,-0.772182606045145,-0.4347775041864759
259,1567267200,290,313,23,603,35,-0.3400108809932272,-0.035529496229114554
259,1567281600,336,409,73,745,35,0.5994928691196375,0.24512999451318895
259,1567296000,120,281,161,401,35,2.253019469318279,-0.4347775041864759
259,1567310400,10,89,79,99,35,0.7122333191331812,-1.0316730408356003
259,1567324800,24,30,6,54,35,-0.6594421560316012,-1.1206144287468938
259,1567339200,201,126,0,327,35,-0.772182606045145,-0.5810366754183806
259,1567353600,247,299,52,546,35,0.20490129407223429,-0.1481885875834195
259,1567368000,303,347,44,650,35,0.054580694054175954,0.05736484225601407
259,1567382400,89,244,155,333,35,2.140279019304735,-0.5691778236968748
259,1567396800,12,52,40,64,35,-0.020579605954853218,-1.1008496758777173
259,1567411200,32,43,11,75,35,-0.5654917810203147,-1.0791084477216235
259,1567425600,140,99,0,239,35,-0.772182606045145,-0.754966500667132
259,1567440000,180,202,22,382,35,-0.3588009559954845,-0.47233053463791086
259,1567454400,210,285,75,495,35,0.637073019124152,-0.24898882721621865
259,1567468800,80,179,99,259,36,0.4673369319350786,-0.9284389800184362
259,1567483200,12,42,30,54,36,-0.3947524561921383,-1.3092440304166229
259,1567497600,364,205,0,569,36,-0.7695739292909282,-0.35258744039191
259,1567512000,1085,348,0,1433,36,-0.7695739292909282,1.2523665281155696
259,1567526400,620,385,0,1005,36,-0.7695739292909282,0.4573198863086237
259,1567540800,710,849,139,1559,36,0.9670988960667983,1.486422315189577
259,1567555200,212,401,189,613,36,1.5918013512314482,-0.27085367347717726
259,1567569600,11,35,24,46,36,-0.4697167508118963,-1.3241047153102108
259,1567584000,383,222,0,605,36,-0.7695739292909282,-0.28571435837076503
259,1567598400,1098,357,0,1455,36,-0.7695739292909282,1.293233411572936
259,1567612800,616,391,0,1007,36,-0.7695739292909282,0.4610350575320206
259,1567627200,717,853,136,1570,36,0.9296167487569194,1.5068557569182601
259,1567641600,184,467,283,651,36,2.76624196694099,-0.20026542023263533
259,1567656000,16,36,20,52,36,-0.5196929472250682,-1.3129592016400198
259,1567670400,501,234,0,735,36,-0.7695739292909282,-0.04422822884996369
259,1567684800,1173,350,0,1523,36,-0.7695739292909282,1.419549233168432
259,1567699200,691,444,0,1135,36,-0.7695739292909282,0.698806015829425
259,1567713600,747,860,113,1607,36,0.6422536193811805,1.5755864245511035
259,1567728000,206,449,243,655,36,2.26648000280927,-0.19283507778584144
259,1567742400,9,61,52,70,36,-0.11988337591969234,-1.2795226606294474
259,1567756800,426,255,0,681,36,-0.7695739292909282,-0.14453785188168117
259,1567771200,1163,367,0,1530,36,-0.7695739292909282,1.4325523324503213
259,1567785600,723,458,0,1181,36,-0.7695739292909282,0.7842549539675547
259,1567800000,679,859,180,1538,36,1.4793549093018112,1.447413017343909
259,1567814400,182,401,219,583,36,1.9666228243302382,-0.32658124182813136
259,1567828800,12,70,58,82,36,-0.04491908129993435,-1.2572316332890656
259,1567843200,31,49,18,80,36,-0.5446810454316543,-1.2609468045124625
259,1567857600,269,199,0,468,36,-0.7695739292909282,-0.5402035871734556
259,1567872000,397,360,0,757,36,-0.7695739292909282,-0.003361345392597315
259,1567886400,337,404,67,741,36,0.06752736062970263,-0.03308271517977286
259,1567900800,125,335,210,460,36,1.8541763824006012,-0.5550642720670435
259,1567915200,21,85,64,106,36,0.03004521331982364,-1.2126495786083025
259,1567929600,34,42,8,76,36,-0.6696215364645842,-1.2683771469592566
259,1567944000,190,149,0,339,36,-0.7695739292909282,-0.7798321310825584
259,1567958400,289,332,43,621,36,-0.2323298178493293,-0.2559929885835895
259,1567972800,238,342,104,580,36,0.5298071774515436,-0.3321539986632268
259,1567987200,99,216,117,315,36,0.6922298157943525,-0.8244141857633218
259,1568001600,12,24,12,36,36,-0.6196453400514123,-1.3426805714271954
259,1568016000,450,215,0,665,36,-0.7695739292909282,-0.1742592216688567
259,1568030400,1159,394,0,1553,36,-0.7695739292909282,1.4752768015193862
259,1568044800,724,464,0,1188,36,-0.7695739292909282,0.797258053249444
259,1568059200,764,923,159,1687,36,1.2169798781326584,1.7241932734869814
259,1568073600,189,399,210,588,37,1.5264331364158372,-0.5102659456828355
259,1568088000,13,35,22,48,37,-0.4384700336427625,-1.484410023804612
259,1568102400,461,237,0,698,37,-0.6684055109900454,-0.31182918902839946
259,1568116800,1159,397,0,1556,37,-0.6684055109900454,1.2359775128762012
259,1568131200,690,436,0,1126,37,-0.6684055109900454,0.4602701914088605
259,1568145600,759,899,140,1658,37,0.7948202539472098,1.4199825054103146
259,1568160000,191,505,314,696,37,2.613400847512084,-0.3154371300584801
259,1568174400,17,33,16,50,37,-0.5011797092829305,-1.4808020827745314
259,1568188800,490,227,0,717,37,-0.6684055109900454,-0.2775537492426332
259,1568203200,1179,371,0,1550,37,-0.6684055109900454,1.2251536897859592
259,1568217600,683,416,0,1099,37,-0.6684055109900454,0.4115629875027717
259,1568232000,704,988,284,1692,37,2.2998524693112437,1.4813175029216856
259,1568246400,222,471,249,693,37,1.9340460280769298,-0.32084904160360106
259,1568260800,13,37,24,50,37,-0.41756680842937316,-1.4808020827745314
259,1568275200,475,218,0,693,37,-0.6684055109900454,-0.32084904160360106
259,1568289600,1074,357,0,1431,37,-0.6684055109900454,1.0104811984961601
259,1568304000,660,427,0,1087,37,-0.6684055109900454,0.3899153413222878
259,1568318400,818,1022,204,1840,37,1.463723460775669,1.748305139147654
259,1568332800,154,422,268,576,37,2.1326266676041286,-0.5319135918633193
259,1568347200,9,57,48,66,37,-0.16672810586870082,-1.451938554533886
259,1568361600,461,226,0,687,37,-0.6684055109900454,-0.33167286469384305
259,1568376000,1155,383,0,1538,37,-0.6684055109900454,1.2035060436054752
259,1568390400,735,468,0,1203,37,-0.6684055109900454,0.5991759210669657
259,1568404800,853,948,95,1801,37,0.32449768664594913,1.6779502890610811
259,1568419200,280,504,224,784,37,1.6727557129095627,-0.1566877247349313
259,1568433600,44,90,46,134,37,-0.18763133108209018,-1.3292685595111438
259,1568448000,75,64,0,139,37,-0.6684055109900454,-1.3202487069359423
259,1568462400,540,187,0,727,37,-0.6684055109900454,-0.25951404409222995
259,1568476800,625,463,0,1088,37,-0.6684055109900454,0.3917193118373281
259,1568491200,683,542,0,1225,37,-0.6684055109900454,0.6388632723978529
259,1568505600,206,345,139,551,37,0.7843686413405151,-0.5770128547393275
259,1568520000,36,105,69,141,37,0.052755758871887465,-1.3166407659058617
259,1568534400,59,41,0,100,37,-0.6684055109900454,-1.390603557022515
259,1568548800,494,207,0,701,37,-0.6684055109900454,-0.30641727748327846
259,1568563200,607,459,0,1066,37,-0.6684055109900454,0.3520319605064409
259,1568577600,534,481,0,1015,37,-0.6684055109900454,0.2600294642393842
259,1568592000,170,298,128,468,37,0.6694009026668736,-0.7267424074876746
259,1568606400,12,40,28,52,37,-0.3757603580025944,-1.4771941417444507
259,1568620800,483,250,0,733,37,-0.6684055109900454,-0.24869022100198798
259,1568635200,1149,428,0,1577,37,-0.6684055109900454,1.273860893692048
259,1568649600,729,447,0,1176,37,-0.6684055109900454,0.5504687171608769
259,1568664000,789,967,178,1756,37,1.1919815330016077,1.5967716158842664
259,1568678400,204,419,215,623,38,1.6298378582873794,-0.49043140602303303
259,1568692800,18,33,15,51,38,-0.4593789904252693,-1.4938485494651508
259,1568707200,496,215,0,711,38,-0.616070254078718,-0.33605953780116876
259,1568721600,1235,365,0,1600,38,-0.616070254078718,1.22344717639471
259,1568736000,758,454,0,1212,38,-0.616070254078718,0.5428075755983085
259,1568750400,798,909,111,1707,38,0.5434450969568021,1.4111493343462949
259,1568764800,217,481,264,698,38,2.141695986221978,-0.3588644728793987
259,1568779200,19,50,31,69,38,-0.2922416425282574,-1.4622724855106786
259,1568793600,513,242,0,755,38,-0.616070254078718,-0.25887360369023665
259,1568808000,1221,361,0,1582,38,-0.616070254078718,1.1918711124402377
259,1568822400,712,437,0,1149,38,-0.616070254078718,0.43229135175765565
259,1568836800,793,964,171,1757,38,1.1702101515705967,1.4988606231087178
259,1568851200,211,466,255,677,38,2.047681228029909,-0.39570321415961635
259,1568865600,21,46,25,67,38,-0.3549181479896369,-1.4657809370611754
259,1568880000,503,228,0,731,38,-0.616070254078718,-0.3009750222961996
259,1568894400,1236,397,0,1633,38,-0.616070254078718,1.2813366269779092
259,1568908800,748,460,0,1208,38,-0.616070254078718,0.5357906724973146
259,1568923200,835,946,111,1781,38,0.5434450969568021,1.5409620417146808
259,1568937600,271,561,290,832,38,2.413294176554623,-0.12379821899610541
259,1568952000,18,43,25,61,38,-0.3549181479896369,-1.4763062917126661
259,1568966400,488,234,0,722,38,-0.616070254078718,-0.31676305427343576
259,1568980800,1198,387,0,1585,38,-0.616070254078718,1.197133789765983
259,1568995200,802,509,0,1311,38,-0.616070254078718,0.7164759273479058
259,1569009600,870,925,55,1795,38,-0.04153562068273955,1.5655212025681593
259,1569024000,324,464,140,788,38,0.8463815400201361,-0.20098415310703754
259,1569038400,34,93,59,127,38,0.00024871629151342826,-1.360527390546268
259,1569052800,100,65,0,165,38,-0.616070254078718,-1.2938668110868266
259,1569067200,613,238,0,851,38,-0.616070254078718,-0.09046792926638471
259,1569081600,731,459,0,1190,38,-0.616070254078718,0.5042146085428424
259,1569096000,731,583,0,1314,38,-0.616070254078718,0.7217386046736511
259,1569110400,218,309,91,527,38,0.33452341208553726,-0.6588370804468849
259,1569124800,30,118,88,148,38,0.3031851593548475,-1.3236886492660505
259,1569139200,59,44,0,103,38,-0.616070254078718,-1.402628809152231
259,1569153600,471,133,0,604,38,-0.616070254078718,-0.5237616957527538
259,1569168000,616,418,0,1034,38,-0.616070254078718,0.23055538760408303
259,1569182400,521,493,0,1014,38,-0.616070254078718,0.19547087209911387
259,1569196800,145,264,119,409,38,0.6270137709053081,-0.865835721926203
259,1569211200,19,40,21,59,38,-0.3967024849638898,-1.4798147432631632
259,1569225600,482,230,0,712,38,-0.616070254078718,-0.3343053120259203
259,1569240000,1147,379,0,1526,38,-0.616070254078718,1.0936344690263242
259,1569254400,710,471,0,1181,38,-0.616070254078718,0.4884265765656063
259,1569268800,724,1115,391,1839,38,3.4683486851545102,1.6427071366790913
259,1569283200,223,436,213,659,39,1.2782291165651622,-0.45099298156208845
259,1569297600,27,40,13,67,39,-0.4865437847770107,-1.4321465016581936
259,1569312000,496,261,0,757,39,-0.6012540233642519,-0.28857229749212515
259,1569326400,1108,443,0,1551,39,-0.6012540233642519,1.0273667142583942
259,1569340800,738,468,0,1206,39,-0.6012540233642519,0.45557961217535997
259,1569355200,827,1044,217,1871,39,1.3135245745920057,1.557719968364397
259,1569369600,246,473,227,719,39,1.4017632196591143,-0.35155174641721293
259,1569384000,19,62,43,81,39,-0.22182784957568474,-1.4089435467910558
259,1569398400,502,321,0,823,39,-0.6012540233642519,-0.17918693883276207
259,1569412800,1191,430,0,1621,39,-0.6012540233642519,1.1433814885940823
259,1569427200,773,480,0,1253,39,-0.6012540233642519,0.5334752463721791
259,1569441600,834,1042,208,1876,39,1.234109794031608,1.566006737959803
259,1569456000,746,1297,551,2043,39,4.2606953198334345,1.8427848424463733
259,1569470400,23,52,29,75,39,-0.3453619526696369,-1.4188876703055435
259,1569484800,471,282,0,753,39,-0.6012540233642519,-0.2952017131684502
259,1569499200,1198,429,0,1627,39,-0.6012540233642519,1.1533256121085698
259,1569513600,693,457,0,1150,39,-0.6012540233642519,0.3627677927068095
259,1569528000,841,975,134,1816,39,0.581143820535004,1.4665655028149276
259,1569542400,223,538,315,761,39,2.1782632962496704,-0.2819428818158001
259,1569556800,24,51,27,75,39,-0.3630096816830586,-1.4188876703055435
259,1569571200,467,248,0,715,39,-0.6012540233642519,-0.358181162093538
259,1569585600,1183,398,0,1581,39,-0.6012540233642519,1.0770873318308318
259,1569600000,751,533,0,1284,39,-0.6012540233642519,0.5848532178636981
259,1569614400,861,994,133,1855,39,0.5723199560282931,1.5312023056590967
259,1569628800,279,477,198,756,39,1.1458711489644993,-0.2902296514112064
259,1569643200,44,102,58,146,39,-0.08946988197502176,-1.301215542050774
259,1569657600,112,59,0,171,39,-0.6012540233642519,-1.2597816940737425
259,1569672000,619,272,0,891,39,-0.6012540233642519,-0.0664868723352365
259,1569686400,758,541,0,1299,39,-0.6012540233642519,0.609713526649917
259,1569700800,744,603,0,1347,39,-0.6012540233642519,0.6892665147658174
259,1569715200,230,415,185,645,39,1.031160910377258,-0.4741959364292261
259,1569729600,35,121,86,156,39,0.15759832421288245,-1.2846420028599614
259,1569742000,51,38,0,89,39,-0.6012540233642519,-1.3956847154384058
259,1569744000,23,19,0,42,39,-0.6012540233642519,-1.4735803496352249
259,1569758400,537,206,0,743,39,-0.6012540233642519,-0.31177525235926273
259,1569772800,676,487,0,1163,39,-0.6012540233642519,0.38431339365486583
259,1569787200,583,549,0,1132,39,-0.6012540233642519,0.3329354221633468
259,1569801600,186,285,99,471,39,0.2723085628001237,-0.7625755183493651
259,1569816000,24,51,27,75,39,-0.3630096816830586,-1.4188876703055435
259,1569830400,319,214,0,533,39,-0.6012540233642519,-0.6598195753663271
259,1569844800,1038,330,0,1368,39,-0.6012540233642519,0.7240709470665239
259,1569859200,704,457,0,1161,39,-0.6012540233642519,0.3809986858167033
259,1569873600,732,899,167,1631,39,0.8723313492564625,1.159955027784895
259,1569888000,193,386,193,579,40,1.4957202825191689,-0.43352338495446197
259,1569902400,20,38,18,58,40,-0.47036171127793597,-1.4054996458569542
259,1569916800,366,224,0,590,40,-0.6725872877827811,-0.41300181322715407
259,1569931200,1126,364,0,1490,40,-0.6725872877827811,1.2660358735525832
259,1569945600,640,423,0,1063,40,-0.6725872877827811,0.4694257710470856
259,1569960000,703,924,221,1627,40,1.8102934015267058,1.5216227214290543
259,1569974400,224,488,264,712,40,2.2933878342882803,-0.1853989267970119
259,1569988800,16,43,27,59,40,-0.36924892302551343,-1.403634048427199
259,1570003200,485,264,0,749,40,-0.6725872877827811,-0.11637182189606714
259,1570017600,1170,415,0,1585,40,-0.6725872877827811,1.4432676293793332
259,1570032000,719,473,0,1192,40,-0.6725872877827811,0.7100878394855146
259,1570046400,801,989,188,1790,40,1.4395465112678232,1.8257151024791622
259,1570060800,198,481,283,679,40,2.5068481650433942,-0.24696364197893558
259,1570075200,23,45,22,68,40,-0.4254226942768593,-1.3868436715594017
259,1570089600,437,259,0,696,40,-0.6725872877827811,-0.21524848567309612
259,1570104000,1253,371,0,1624,40,-0.6725872877827811,1.5160259291397884
259,1570118400,674,388,0,1062,40,-0.6725872877827811,0.4675601736173304
259,1570132800,675,859,184,1534,40,1.3946074942667464,1.3481221604618148
259,1570147200,222,480,258,702,40,2.2259793087866653,-0.20405490109456453
259,1570161600,20,69,49,89,40,-0.12208432951959167,-1.347666125534541
259,1570176000,459,216,0,675,40,-0.6725872877827811,-0.25442603169795663
259,1570190400,1158,438,0,1596,40,-0.6725872877827811,1.4637892011066411
259,1570204800,785,507,0,1292,40,-0.6725872877827811,0.8966475824610409
259,1570219200,809,861,52,1670,40,-0.08838006676878415,1.6018434109085307
259,1570233600,243,446,203,689,40,1.6080678250218607,-0.22830766768138297
259,1570248000,33,127,94,160,40,0.38347961174252104,-1.2152087080219174
259,1570262400,129,65,0,194,40,-0.6725872877827811,-1.1517783954102385
259,1570276800,651,242,0,893,40,-0.6725872877827811,0.15227420798869082
259,1570291200,753,452,0,1205,40,-0.6725872877827811,0.7343406060723331
259,1570305600,688,585,0,1273,40,-0.6725872877827811,0.8612012312956909
259,1570320000,260,380,120,640,40,0.6755832222495195,-0.3197219417393909
259,1570334400,24,110,86,134,40,0.29360157774036766,-1.2637142411955542
259,1570348800,81,40,0,121,40,-0.6725872877827811,-1.2879670077823726
259,1570363200,481,163,0,644,40,-0.6725872877827811,-0.3122595520203698
259,1570377600,585,380,0,965,40,-0.6725872877827811,0.28659722293106976
259,1570392000,430,466,36,896,40,-0.2681361347730909,0.1578710002779566
259,1570406400,140,272,132,412,40,0.8104002732527495,-0.7450781557235909
259,1570420800,7,55,48,62,40,-0.13331908376986085,-1.3980372561379333
259,1570435200,478,267,0,745,40,-0.6725872877827811,-0.1238342116150882
259,1570439145,537,220,0,757,40,-0.6725872877827811,-0.10144704245802504
259,1570439225,26,0,0,26,40,-0.6725872877827811,-1.4651987636091226
259,1570439305,20,4,0,24,40,-0.6725872877827811,-1.4689299584686333
259,1570449600,633,228,0,861,40,-0.6725872877827811,0.09257509023652237
259,1570464000,671,389,0,1060,40,-0.6725872877827811,0.4638289787578198
259,1570478400,677,893,216,1570,40,1.7541196302753599,1.4152836679330043
259,1570492800,165,469,304,634,41,2.7086719424606573,-0.3650827713893211
259,1570507200,17,33,16,50,41,-0.476947485444458,-1.5104844363467615
259,1570521600,446,246,0,692,41,-0.6539263425502977,-0.25132712658190404
259,1570536000,1126,392,0,1518,41,-0.6539263425502977,1.3687101598133797
259,1570550400,697,431,0,1128,41,-0.6539263425502977,0.6038015136945412
259,1570564800,736,878,142,1614,41,0.9167610142640299,1.556995365011863
259,1570579200,211,485,274,696,41,2.3768365853872075,-0.24348190969863392
259,1570593600,21,50,29,71,41,-0.3331521640459632,-1.4692970477095932
259,1570608000,349,187,0,536,41,-0.6539263425502977,-0.5572905850294395
259,1570622400,1030,350,0,1380,41,-0.6539263425502977,1.09805017734056
259,1570636800,603,329,0,932,41,-0.6539263425502977,0.21938588641430434
259,1570651200,612,769,157,1381,41,1.0826786928007548,1.1000114815613775
259,1570665600,170,389,219,559,41,1.7684717640858836,-0.5121805879506363
259,1570680000,22,48,26,70,41,-0.36633569975330815,-1.4712583519304108
259,1570694400,465,252,0,717,41,-0.6539263425502977,-0.20229452106146567
259,1570708800,1218,409,0,1627,41,-0.6539263425502977,1.5824923198824912
259,1570723200,751,468,0,1219,41,-0.6539263425502977,0.7822801977889369
259,1570737600,858,883,25,1741,41,-0.37739687832242313,1.80608100105569
259,1570752000,208,493,285,701,41,2.4985095496474727,-0.23367538859454623
259,1570766400,21,62,41,83,41,-0.20041802121658342,-1.445761397059783
259,1570780800,452,226,0,678,41,-0.6539263425502977,-0.27878538567334954
259,1570795200,1161,357,0,1518,41,-0.6539263425502977,1.3687101598133797
259,1570809600,739,476,0,1215,41,-0.6539263425502977,0.7744349809056668
259,1570824000,772,845,73,1617,41,0.15353969299509607,1.5628792776743157
259,1570838400,239,448,209,687,41,1.6578599783947339,-0.26113364768599173
259,1570852800,27,97,70,124,41,0.12035615728775112,-1.3653479240062638
259,1570867200,103,64,0,167,41,-0.6539263425502977,-1.2810118425111099
259,1570881600,608,201,0,809,41,-0.6539263425502977,-0.02185453274625247
259,1570896000,689,522,0,1211,41,-0.6539263425502977,0.7665897640223965
259,1570910400,614,536,0,1150,41,-0.6539263425502977,0.646950206552527
259,1570924800,205,392,187,597,41,1.4145140498742041,-0.43765102755956986
259,1570939200,30,91,61,121,41,0.020805550165716263,-1.3712318366687166
259,1570953600,70,47,0,117,41,-0.6539263425502977,-1.3790770535519867
259,1570968000,554,172,0,726,41,-0.6539263425502977,-0.18464278307410786
259,1570982400,633,376,0,1009,41,-0.6539263425502977,0.3704063114172545
259,1570996800,457,428,0,885,41,-0.6539263425502977,0.1272045880358802
259,1571011200,144,300,156,444,41,1.0716175142316398,-0.7377305733446528
259,1571025600,12,63,51,75,41,-0.08980623552543357,-1.4614518308263231
259,1571040000,262,130,0,392,41,-0.6539263425502977,-0.8397183928271645
259,1571054400,895,252,0,1147,41,-0.6539263425502977,0.6410662938900743
259,1571068800,652,386,0,1038,41,-0.6539263425502977,0.42728413382096303
259,1571083200,606,764,158,1370,41,1.0937398713698696,1.0784371351323847
259,1571097600,171,361,190,532,42,1.4496345877235124,-0.5990182180361515
259,1571112000,17,48,31,65,42,-0.3348188273580758,-1.4556819678400945
259,1571126400,463,268,0,731,42,-0.6827311284117188,-0.23397306555010308
259,1571140800,1172,370,0,1542,42,-0.6827311284117188,1.2537235106618834
259,1571155200,688,427,0,1115,42,-0.6827311284117188,0.47043567090538746
259,1571169600,691,919,228,1610,42,1.8761077309505585,1.3784625577425431
259,1571184000,186,438,252,624,42,2.1454591898307984,-0.4302536249270236
259,1571198400,22,58,36,80,42,-0.2787039400913592,-1.428166001572302
259,1571212800,463,238,0,701,42,-0.6827311284117188,-0.28900499808568825
259,1571227200,1142,428,0,1570,42,-0.6827311284117188,1.3050866476950962
259,1571241600,709,439,0,1148,42,-0.6827311284117188,0.5309707966945312
259,1571256000,706,897,191,1603,42,1.4608575651768556,1.36562177348424
259,1571270400,180,413,233,593,42,1.932222618217275,-0.487119955213795
259,1571284800,18,37,19,55,42,-0.4694945567981957,-1.4740259453519562
259,1571299200,477,241,0,718,42,-0.6827311284117188,-0.2578202363155233
259,1571313600,1219,412,0,1631,42,-0.6827311284117188,1.4169849105174528
259,1571328000,716,417,0,1133,42,-0.6827311284117188,0.5034548304267386
259,1571342400,792,952,160,1744,42,1.1129452641232127,1.6242718564014904
259,1571356800,203,511,308,714,42,2.7739459272180245,-0.26515782732026805
259,1571371200,22,51,29,73,42,-0.35726478226476244,-1.441006785830605
259,1571385600,446,223,0,669,42,-0.6827311284117188,-0.3477057261236458
259,1571400000,1138,425,0,1563,42,-0.6827311284117188,1.292245863436793
259,1571414400,819,513,0,1332,42,-0.6827311284117188,0.8684999829127871
259,1571428800,786,872,86,1658,42,0.2824449325758069,1.4665136497994795
259,1571443200,222,485,263,707,42,2.2689119418175747,-0.27799861157857125
259,1571457600,26,98,72,124,42,0.1253232482290004,-1.3474525005201103
259,1571472000,106,70,0,176,42,-0.6827311284117188,-1.2520638174584293
259,1571486400,617,266,0,883,42,-0.6827311284117188,0.04485539263019526
259,1571500800,736,401,0,1137,42,-0.6827311284117188,0.5107924214314833
259,1571515200,689,583,0,1272,42,-0.6827311284117188,0.7584361178416167
259,1571529600,238,364,126,602,42,0.7313640307095397,-0.4706103754531194
259,1571544000,30,93,63,123,42,0.024316451148910505,-1.3492868982712964
259,1571558400,73,46,0,119,42,-0.6827311284117188,-1.356624489276041
259,1571572800,494,150,0,644,42,-0.6827311284117188,-0.39356566990330016
259,1571587200,568,375,0,943,42,-0.6827311284117188,0.15491925770136566
259,1571601600,344,414,70,758,42,0.10287729332231375,-0.1844443262680764
259,1571616000,119,207,88,326,42,0.30489088748249354,-0.9769041547805033
259,1571630400,16,37,21,53,42,-0.447048601891509,-1.4776947408543286
259,1571644800,443,236,0,679,42,-0.6827311284117188,-0.3293617486117841
259,1571659200,1118,383,0,1501,42,-0.6827311284117188,1.1785132028632503
259,1571673600,739,432,0,1171,42,-0.6827311284117188,0.5731619449718132
259,1571688000,774,863,89,1637,42,0.3161138649358369,1.4279912970245698
259,1571702400,185,421,236,606,43,1.9368366188411683,-0.4704124454537681
259,1571716800,23,43,20,66,43,-0.42771482862580495,-1.4462611843992963
259,1571731200,472,248,0,720,43,-0.6466547774653395,-0.26439993389860106
259,1571745600,1195,384,0,1579,43,-0.6466547774653395,1.287922411942526
259,1571760000,692,390,0,1082,43,-0.6466547774653395,0.3897801466537715
259,1571774400,699,895,196,1594,43,1.4989567211620993,1.3150293213576796
259,1571788800,188,426,238,614,43,1.9587306137251217,-0.45595542709901954
259,1571803200,18,39,21,57,43,-0.41676783118382826,-1.4625253300483883
259,1571817600,478,245,0,723,43,-0.6466547774653395,-0.25897855201557035
259,1571832000,1200,411,0,1611,43,-0.6466547774653395,1.3457504853615203
259,1571846400,765,456,0,1221,43,-0.6466547774653395,0.6409708405675278
259,1571860800,768,785,17,1553,43,-0.46055582095173514,1.2409371022895932
259,1571875200,218,493,275,711,43,2.363769519078261,-0.2806640795476932
259,1571889600,16,48,32,64,43,-0.29635085932208427,-1.4498754389879833
259,1571904000,494,245,0,739,43,-0.6466547774653395,-0.23006451530607322
259,1571918400,1236,371,0,1607,43,-0.6466547774653395,1.338521976184146
259,1571932800,798,424,0,1222,43,-0.6466547774653395,0.6427779678618714
259,1571947200,806,932,126,1738,43,0.7326669002237282,1.5752556517431537
259,1571961600,228,578,350,806,43,3.1847943272265153,-0.10898698658505399
259,1571976000,16,66,50,82,43,-0.09930490536650315,-1.417347147689799
259,1571990400,456,217,0,673,43,-0.6466547774653395,-0.34933491673274886
259,1572004800,1257,429,0,1686,43,-0.6466547774653395,1.4812850324372882
259,1572019200,842,424,0,1266,43,-0.6466547774653395,0.7222915688129885
259,1572033600,759,952,193,1711,43,1.466115728836169,1.5264632147958774
259,1572048000,311,490,179,801,43,1.3128577646484947,-0.11802262305677184
259,1572062400,29,110,81,139,43,0.2400520153347754,-1.3143408919122155
259,1572076800,113,59,0,172,43,-0.6466547774653395,-1.2547056911988776
259,1572091200,540,212,0,752,43,-0.6466547774653395,-0.2065718604796068
259,1572105600,724,454,0,1178,43,-0.6466547774653395,0.5632643669107542
259,1572120000,661,572,0,1233,43,-0.6466547774653395,0.6626563680996507
259,1572134400,215,323,108,538,43,0.535620946268147,-0.593297101469131
259,1572148800,38,134,96,172,43,0.4042569769644263,-1.2547056911988776
259,1572163200,61,40,0,101,43,-0.6466547774653395,-1.3830117290972712
259,1572177600,406,134,0,540,43,-0.6466547774653395,-0.5896828468804438
259,1572192000,469,271,0,740,43,-0.6466547774653395,-0.22825738801172965
259,1572206400,406,410,4,816,43,-0.6028667876974326,-0.09091571364161828
259,1572220800,124,225,101,349,43,0.45899196417430993,-0.9348441601000658
259,1572235200,16,31,15,47,43,-0.48244981583568863,-1.480596602991824
259,1572249600,460,207,0,667,43,-0.6466547774653395,-0.36017768049881027
259,1572264000,1154,427,0,1581,43,-0.6466547774653395,1.2915366665312131
259,1572278400,699,410,0,1109,43,-0.6466547774653395,0.4385725836010479
259,1572292800,788,931,143,1719,43,0.9187658567373325,1.540920233150626
259,1572307200,178,442,264,620,44,2.2514810706835693,-0.4415679580858935
259,1572321600,20,34,14,54,44,-0.46983909008193214,-1.4606160297618345
259,1572336000,506,234,0,740,44,-0.6222330190848002,-0.22551536338428058
259,1572350400,1227,399,0,1626,44,-0.6222330190848002,1.3696729608292948
259,1572364800,682,388,0,1070,44,-0.6222330190848002,0.368629272045155
259,1572379200,733,929,196,1662,44,1.511281986955353,1.4344887392397787
259,1572393600,236,450,214,686,44,1.7072170385304692,-0.3227390310000064
259,1572408000,24,38,14,62,44,-0.46983909008193214,-1.4462125234483936
259,1572422400,476,247,0,723,44,-0.6222330190848002,-0.2561228143003424
259,1572436800,1232,351,0,1583,44,-0.6222330190848002,1.2922541143945503
259,1572451200,776,401,0,1177,44,-0.6222330190848002,0.5612761689874265
259,1572465600,777,950,173,1727,44,1.2609205321649268,1.5515172280364857
259,1572480000,184,516,332,700,44,2.9916801544117857,-0.2975328949514849
259,1572494400,16,39,23,55,44,-0.3718715642943741,-1.4588155914726544
259,1572508800,409,222,0,631,44,-0.6222330190848002,-0.4217631369049123
259,1572523200,1166,461,0,1627,44,-0.6222330190848002,1.3714733991184749
259,1572537600,694,396,0,1090,44,-0.6222330190848002,0.4046380378287571
259,1572552000,793,835,42,1628,44,-0.165051232076196,1.3732738374076552
259,1572566400,247,471,224,718,44,1.8160698449610893,-0.2651250057462429
259,1572580800,23,76,53,99,44,-0.04531314500251392,-1.3795963067487296
259,1572595200,469,217,0,686,44,-0.6222330190848002,-0.3227390310000064
259,1572609600,1214,370,0,1584,44,-0.6222330190848002,1.2940545526837304
259,1572624000,808,483,0,1291,44,-0.6222330190848002,0.7665261339539587
259,1572638400,805,881,76,1686,44,0.20504830978791222,1.4776992581801014
259,1572652800,301,445,144,746,44,0.9452473935161287,-0.21471273364919993
259,1572667200,34,102,68,136,44,0.11796606464341618,-1.3129800900490656
259,1572681600,112,58,0,170,44,-0.6222330190848002,-1.251765188216942
259,1572696000,616,218,0,834,44,-0.6222330190848002,-0.056274164201350445
259,1572710400,753,449,0,1202,44,-0.6222330190848002,0.6062871262169292
259,1572724800,602,491,0,1093,44,-0.6222330190848002,0.41003935269629743
259,1572739200,220,367,147,587,44,0.9779032354453148,-0.5009824216288371
259,1572750000,51,86,35,137,44,-0.24124819657763003,-1.3111796517598855
259,1572764400,47,36,0,83,44,-0.6222330190848002,-1.4084033193756114
259,1572778800,448,131,0,579,44,-0.6222330190848002,-0.5153859279422779
259,1572793200,689,328,0,1017,44,-0.6222330190848002,0.27320604271860927
259,1572807600,486,451,0,937,44,-0.6222330190848002,0.12917097958420065
259,1572822000,165,278,113,443,44,0.6078036935812065,-0.7602455352707725
259,1572836400,26,59,33,85,44,-0.26301875786375406,-1.4048024427972512
259,1572850800,160,114,0,274,44,-0.6222330190848002,-1.0645196061422109
259,1572865200,1398,453,0,1851,44,-0.6222330190848002,1.774771575894819
259,1572879600,656,322,0,978,44,-0.6222330190848002,0.20298894944058507
259,1572894000,832,816,0,1648,44,-0.6222330190848002,1.4092826031912573
259,1572908400,294,587,293,881,44,2.567154209332368,0.02834643539011462
259,1572922800,35,88,53,123,45,-0.005938495057963946,-1.2281102039166674
259,1572937200,156,128,0,284,45,-0.556733911684122,-0.9521771497272566
259,1572951600,1316,402,0,1718,45,-0.556733911684122,1.5055122894504762
259,1572966000,600,327,0,927,45,-0.556733911684122,0.14984119712858865
259,1572980400,789,831,42,1620,45,-0.12025452492377033,1.337553039074313
259,1572994800,287,595,308,882,45,2.644114924558457,0.07271705154769745
259,1573009200,35,102,67,137,45,0.13955463386215328,-1.2041160252915013
259,1573023600,166,136,0,302,45,-0.556733911684122,-0.9213274914949002
259,1573038000,1437,454,0,1891,45,-0.556733911684122,1.802011782461458
259,1573052400,666,401,0,1067,45,-0.556733911684122,0.38978298338025014
259,1573066800,865,847,0,1712,45,-0.556733911684122,1.4952290700396906
259,1573081200,293,526,233,819,45,1.864687448200686,-0.03525675226555024
259,1573095600,32,87,55,119,45,0.014846237644909941,-1.2349656835238578
259,1573110000,156,120,0,276,45,-0.556733911684122,-0.9658881089416373
259,1573124400,1419,467,0,1886,45,-0.556733911684122,1.79344243295247
259,1573138800,672,341,0,1013,45,-0.556733911684122,0.29723400868318073
259,1573153200,851,844,0,1695,45,-0.556733911684122,1.4660932817091317
259,1573167600,297,677,380,974,45,3.3923653018619166,0.230393082513075
259,1573182000,39,111,72,150,45,0.191516465619338,-1.1818357165681328
259,1573196400,149,128,0,277,45,-0.556733911684122,-0.9641742390398398
259,1573210800,1351,480,0,1831,45,-0.556733911684122,1.699179588353603
259,1573225200,745,424,0,1169,45,-0.556733911684122,0.5645977133636035
259,1573239600,844,842,0,1686,45,-0.556733911684122,1.4506684525929534
259,1573254000,314,553,239,867,45,1.9270416463093079,0.04700900302073371
259,1573268400,77,155,78,232,45,0.25387066372795963,-1.0412983846207309
259,1573282800,40,36,0,76,45,-0.556733911684122,-1.3086620893011538
259,1573297200,464,171,0,635,45,-0.556733911684122,-0.35060881419630535
259,1573311600,686,322,0,1008,45,-0.556733911684122,0.2886646591741928
259,1573326000,627,441,0,1068,45,-0.556733911684122,0.39149685328204775
259,1573340400,261,408,147,669,45,0.9709439419771088,-0.29233723753518753
259,1573354800,51,127,76,178,45,0.23308593102508576,-1.1338473593178005
259,1573369200,34,40,6,74,45,-0.4943797135755003,-1.312089829104749
259,1573383600,363,147,0,510,45,-0.556733911684122,-0.5648425519210031
259,1573398000,652,298,0,950,45,-0.556733911684122,0.18926020486993303
259,1573412400,467,445,0,912,45,-0.556733911684122,0.1241331486016249
259,1573426800,188,293,105,481,45,0.5344645552167572,-0.614544779073133
259,1573441200,28,84,56,112,45,0.025238603996346885,-1.2469627728364407
259,1573455600,122,113,0,235,45,-0.556733911684122,-1.0361567749153382
259,1573470000,1077,307,0,1384,45,-0.556733911684122,0.9330797422500837
259,1573484400,668,316,0,984,45,-0.556733911684122,0.24753178153105082
259,1573498800,751,779,28,1530,45,-0.26574765384388754,1.1833047479125307
259,1573513200,247,552,305,799,45,2.612937825504146,-0.06953415030150188
259,1573527600,31,73,42,104,46,-0.14901114787953929,-1.2493502105403627
259,1573542000,147,116,0,263,46,-0.5689083760896149,-0.985543193972079
259,1573556400,1343,502,0,1845,46,-0.5689083760896149,1.6392536627010337
259,1573570800,611,308,0,919,46,-0.5689083760896149,0.10286814482536852
259,1573585200,861,836,0,1697,46,-0.5689083760896149,1.3936974460211218
259,1573599600,281,654,373,935,46,3.1601789125379605,0.12941476284481845
259,1573614000,29,96,67,125,46,0.10092767843598187,-1.2145077743898347
259,1573628400,161,119,0,280,46,-0.5689083760896149,-0.9573374123264135
259,1573642800,1414,491,0,1905,46,-0.5689083760896149,1.738803480273971
259,1573657200,669,343,0,1012,46,-0.5689083760896149,0.2571703620634213
259,1573671600,786,833,47,1619,46,-0.09902338261643505,1.2642826831763034
259,1573686000,282,579,297,861,46,2.4003648805387767,0.006636654504862485
259,1573700400,30,94,64,124,46,0.07093501927811934,-1.2161669380160502
259,1573714800,152,134,0,286,46,-0.5689083760896149,-0.9473824305691197
259,1573729200,1410,438,0,1848,46,-0.5689083760896149,1.6442311535796805
259,1573743600,640,352,0,992,46,-0.5689083760896149,0.22398708953910887
259,1573758000,906,848,0,1754,46,-0.5689083760896149,1.4882697727154122
259,1573772400,344,640,296,984,46,2.390367327486156,0.2107137805293839
259,1573786800,39,103,64,142,46,0.07093501927811934,-1.1863019927441691
259,1573801200,154,120,0,274,46,-0.5689083760896149,-0.9672923940837072
259,1573815600,1352,524,0,1876,46,-0.5689083760896149,1.690687735113718
259,1573830000,719,365,0,1084,46,-0.5689083760896149,0.376630143150946
259,1573844400,868,770,0,1638,46,-0.5689083760896149,1.2958067920744
259,1573858800,318,586,268,904,46,2.110435842012772,0.0779806904321342
259,1573873200,49,172,123,221,46,0.6607906493827493,-1.055228066273135
259,1573887600,54,49,0,103,46,-0.5689083760896149,-1.2510093741665784
259,1573902000,465,178,0,643,46,-0.5689083760896149,-0.35506101601014295
259,1573916400,717,316,0,1033,46,-0.5689083760896149,0.2920127982139493
259,1573930800,674,532,0,1206,46,-0.5689083760896149,0.5790481055492518
259,1573945200,274,377,103,651,46,0.46083958833033234,-0.341787707000418
259,1573959600,61,147,86,208,46,0.2908811864357779,-1.0767971934139382
259,1573974000,31,37,6,68,46,-0.5089230577738897,-1.309080101084125
259,1573988400,378,111,0,489,46,-0.5689083760896149,-0.6105722144473485
259,1574002800,679,331,0,1010,46,-0.5689083760896149,0.25385203481099006
259,1574017200,517,449,0,966,46,-0.5689083760896149,0.1808488352575027
259,1574031600,172,302,130,474,46,0.7307735207510953,-0.6354596688405829
259,1574046000,33,73,40,106,46,-0.16900625398478097,-1.2460318832879316
259,1574060400,152,120,0,272,46,-0.5689083760896149,-0.9706107213361383
259,1574074800,1379,416,0,1795,46,-0.5689083760896149,1.5562954813902528
259,1574089200,613,281,0,894,46,-0.5689083760896149,0.06138905416997798
259,1574103600,735,810,75,1545,46,0.18090810285694864,1.1415045748363475
259,1574118000,265,574,309,839,46,2.520335517170227,-0.02986494527188118
259,1574132400,30,71,41,101,47,-0.1125708137869164,-1.2658649915266265
259,1574146800,145,141,0,286,47,-0.5423866482460517,-0.9577943621482982
259,1574161200,1391,505,0,1896,47,-0.5423866482460517,1.7232527367658024
259,1574175600,614,303,0,917,47,-0.5423866482460517,0.09297627102859464
259,1574190000,842,883,41,1725,47,-0.1125708137869164,1.4384955604215097
259,1574204400,323,612,289,935,47,2.4872908190390723,0.12295071064378334
259,1574218800,40,108,68,148,47,0.17047863817397754,-1.187598399198078
259,1574233200,173,129,0,302,47,-0.5423866482460517,-0.931150415823686
259,1574247600,1402,446,0,1848,47,-0.5423866482460517,1.6433208977919658
259,1574262000,606,337,0,943,47,-0.5423866482460517,0.13627268380608942
259,1574276400,851,811,0,1662,47,-0.5423866482460517,1.3335850217683491
259,1574290800,308,642,334,950,47,2.9590399056405623,0.14792941032310725
259,1574305200,38,96,58,134,47,0.06564550781809089,-1.2109118522321138
259,1574319600,148,139,0,287,47,-0.5423866482460517,-0.9561291155030098
259,1574334000,1362,462,0,1824,47,-0.5423866482460517,1.6033549783050474
259,1574348400,629,331,0,960,47,-0.5423866482460517,0.16458187677598987
259,1574362800,829,837,8,1666,47,-0.45852014396134233,1.3402460083495022
259,1574377200,298,621,323,919,47,2.8437234622490872,0.09630676431917116
259,1574391600,55,114,59,169,47,0.07612882085367956,-1.1526282196470248
259,1574406000,138,130,0,268,47,-0.5423866482460517,-0.9877688017634868
259,1574420400,1296,436,0,1732,47,-0.5423866482460517,1.4501522869385275
259,1574434800,667,347,0,1014,47,-0.5423866482460517,0.254505195621556
259,1574449200,881,807,0,1688,47,-0.5423866482460517,1.376881434545844
259,1574463600,360,564,204,924,47,1.596209211014036,0.10463299754561246
259,1574478000,69,161,92,230,47,0.4220781510281055,-1.0510481742844406
259,1574492400,44,37,0,81,47,-0.5423866482460517,-1.2991699244323915
259,1574506800,478,133,0,611,47,-0.5423866482460517,-0.4165892024296133
259,1574521200,849,355,0,1204,47,-0.5423866482460517,0.5709020582263256
259,1574535600,683,531,0,1214,47,-0.5423866482460517,0.5875545246792082
259,1574550000,321,392,71,713,47,0.20192857728074354,-0.24673404461021062
259,1574564400,70,146,76,216,47,0.2543451424586869,-1.0743616273184764
259,1574578800,35,38,3,73,47,-0.5109367091392857,-1.3124918975946978
259,1574593200,361,100,0,461,47,-0.5423866482460517,-0.6663761992228524
259,1574607600,560,275,0,835,47,-0.5423866482460517,-0.04357395388504277
259,1574622000,523,446,0,969,47,-0.5423866482460517,0.17956909658358422
259,1574636400,185,341,156,526,47,1.09301018530578,-0.5581351672791155
259,1574650800,32,77,45,109,47,-0.07063756164456175,-1.2525430183643202
259,1574665200,141,114,0,255,47,-0.5423866482460517,-1.0094170081522342
259,1574679600,1391,428,0,1819,47,-0.5423866482460517,1.5950287450786063
259,1574694000,681,323,0,1004,47,-0.5423866482460517,0.23785272916867337
259,1574708400,855,835,0,1690,47,-0.5423866482460517,1.3802119278364204
259,1574722800,278,583,305,861,47,2.655023827608491,-0.0002775411075479804
259,1574737200,46,102,56,148,48,0.21050989402745085,-1.0941343238362318
259,1574751600,145,132,0,277,48,-0.579154014668824,-0.8386382559737758
259,1574766000,1325,462,0,1787,48,-0.579154014668824,2.1520521507883057
259,1574780400,705,302,0,1007,48,-0.579154014668824,0.6071922055734558
259,1574794800,866,812,0,1678,48,-0.579154014668824,1.9361678763928973
259,1574809200,335,643,308,978,48,3.7639974831606877,0.5497551050462369
259,1574823600,57,115,58,172,48,0.23871217648088924,-1.046600171675775
259,1574838000,148,125,0,273,48,-0.579154014668824,-0.8465606146671854
259,1574852400,1178,373,0,1551,48,-0.579154014668824,1.6846329878771462
259,1574866800,736,355,0,1091,48,-0.579154014668824,0.773561738135055
259,1574881200,761,694,0,1455,48,-0.579154014668824,1.4944963792353185
259,1574895600,306,460,154,766,48,1.592421734245932,0.1298700942955341
259,1574910000,42,146,104,188,48,0.8873646729099721,-1.014910736902137
259,1574924400,54,30,0,84,48,-0.579154014668824,-1.2208920629307838
259,1574938800,450,103,0,553,48,-0.579154014668824,-0.29199550612852115
259,1574953200,568,388,0,956,48,-0.579154014668824,0.5061821322324848
259,1574967600,516,297,0,813,48,-0.579154014668824,0.22295780894309558
259,1574982000,244,312,68,556,48,0.37972358874808115,-0.28605373710846405
259,1574996400,72,123,51,195,48,0.14000418789385488,-1.0010466091886703
259,1575010800,70,31,0,101,48,-0.579154014668824,-1.1872220384837933
259,1575025200,612,157,0,769,48,-0.579154014668824,0.1358118633155912
259,1575039600,667,268,0,935,48,-0.579154014668824,0.46458974909208495
259,1575054000,663,519,0,1182,48,-0.579154014668824,0.9537953984101208
259,1575068400,276,391,115,667,48,1.0424772264038833,-0.06620828336635076
259,1575082800,67,116,49,183,48,0.11180190544041649,-1.024813685268899
259,1575097200,32,43,11,75,48,-0.42404146117491287,-1.238717369990955
259,1575111600,366,131,0,497,48,-0.579154014668824,-0.402908527836254
259,1575126000,744,321,0,1065,48,-0.579154014668824,0.7220664066278933
259,1575140400,643,409,0,1052,48,-0.579154014668824,0.6963187408743124
259,1575154800,262,398,136,660,48,1.3386011921649863,-0.08007241107981736
259,1575169200,56,117,61,173,48,0.2810156001610468,-1.0446195820024227
259,1575183600,25,35,10,60,48,-0.43814260240163205,-1.2684262150912406
259,1575198000,341,90,0,431,48,-0.579154014668824,-0.5336274462775106
259,1575212400,526,248,0,774,48,-0.579154014668824,0.14571481168235306
259,1575226800,316,329,13,645,48,-0.3958391787214745,-0.10978125618010294
259,1575241200,131,211,80,342,48,0.5489372834687115,-0.7098999272058717
259,1575255600,28,60,32,88,48,-0.1279174954138098,-1.2129697042373742
259,1575270000,143,115,0,258,48,-0.579154014668824,-0.876269459767471
259,1575284400,1333,455,0,1788,48,-0.579154014668824,2.154032740461658
259,1575298800,594,258,0,852,48,-0.579154014668824,0.3002008062038381
259,1575313200,689,846,157,1535,48,1.6347251579260895,1.6529435531035082
259,1575327600,248,510,262,758,48,3.1153449867316048,0.1140253769087151
259,1575342000,29,85,56,114,49,-0.05166714441418788,-1.2560979792457347
259,1575356400,156,136,0,292,49,-0.5754650912338856,-0.9550886356280435
259,1575370800,1371,409,0,1780,49,-0.5754650912338856,1.5612141919175997
259,1575385200,642,284,0,926,49,-0.5754650912338856,0.11704576804395768
259,1575399600,817,807,0,1624,49,-0.5754650912338856,1.2974082503200726
259,1575414000,310,644,334,954,49,2.5486155201550256,0.16439555243325743
259,1575428400,42,102,60,144,49,-0.014253005355638046,-1.2053660674000564
259,1575442800,140,110,0,250,49,-0.5754650912338856,-1.026113312211993
259,1575457200,1351,453,0,1804,49,-0.5754650912338856,1.6017997213941422
259,1575471600,676,294,0,970,49,-0.5754650912338856,0.19145257208428584
259,1575486000,867,815,0,1682,49,-0.5754650912338856,1.3954899465550505
259,1575500400,324,679,355,1003,49,2.745039750212412,0.24725767511453195
259,1575514800,44,87,43,131,49,-0.17326309635447482,-1.227349895866517
259,1575529200,153,114,0,267,49,-0.5754650912338856,-0.9973652288327753
259,1575543600,1422,444,0,1866,49,-0.5754650912338856,1.7066456725418773
259,1575558000,622,331,0,953,49,-0.5754650912338856,0.16270448870506815
259,1575572400,847,803,0,1650,49,-0.5754650912338856,1.3413759072529936
259,1575586800,305,683,378,988,49,2.9601710497990736,0.22189171919169282
259,1575601200,41,107,66,148,49,0.0418682032321867,-1.1986018124872992
259,1575615600,143,119,0,262,49,-0.5754650912338856,-1.0058205474737218
259,1575630000,1359,538,0,1897,49,-0.5754650912338856,1.7590686481157451
259,1575644400,726,353,0,1079,49,-0.5754650912338856,0.37577851845691695
259,1575658800,834,811,0,1645,49,-0.5754650912338856,1.3329205886120474
259,1575673200,389,572,183,961,49,1.1362317706947693,0.17623299853058236
259,1575687600,73,213,140,286,49,0.7340297758153587,-0.9652350179971791
259,1575702000,65,49,0,114,49,-0.5754650912338856,-1.2560979792457347
259,1575716400,484,153,0,637,49,-0.5754650912338856,-0.37167164940274316
259,1575730800,752,305,0,1057,49,-0.5754650912338856,0.33857511643675287
259,1575745200,671,521,0,1192,49,-0.5754650912338856,0.5668687197423051
259,1575759600,259,395,136,654,49,0.6966156367568088,-0.3429235660235255
259,1575774000,60,151,91,211,49,0.2757065723481231,-1.0920647976113749
259,1575788400,30,42,12,72,49,-0.46322267405823603,-1.3271226558296843
259,1575802800,368,119,0,487,49,-0.5754650912338856,-0.6253312086311346
259,1575817200,686,295,0,981,49,-0.5754650912338856,0.2100542730943679
259,1575831600,468,503,35,971,49,-0.24809137447157448,0.19314363581247512
259,1575846000,169,371,202,540,49,1.313948931222881,-0.535704831037103
259,1575860400,32,77,45,109,49,-0.15455602682519992,-1.2645532978866811
259,1575874800,125,123,0,248,49,-0.5754650912338856,-1.0294954396683715
259,1575889200,1280,519,0,1799,49,-0.5754650912338856,1.5933444027531958
259,1575903600,573,270,0,843,49,-0.5754650912338856,-0.02331252139575225
259,1575918000,710,831,121,1541,49,0.5563126152872468,1.1570499608803626
259,1575932400,263,590,327,853,49,2.4831407768025633,-0.006401884113859485
259,1575946800,24,72,48,96,50,-0.13019703293786297,-1.268996894886926
259,1575961200,134,118,0,252,50,-0.5611941074907887,-0.9983524609394914
259,1575975600,1315,506,0,1821,50,-0.5611941074907887,1.7237059804933608
259,1575990000,604,294,0,898,50,-0.5611941074907887,0.12239307963770583
259,1576004400,866,846,0,1712,50,-0.5611941074907887,1.5346018567736788
259,1576018800,308,648,340,956,50,2.4917018372591015,0.22301729225918795
259,1576033200,25,117,92,142,50,0.26488361873565225,-1.189191484876785
259,1576047600,125,107,0,232,50,-0.5611941074907887,-1.0330504652917265
259,1576062000,1323,453,0,1776,50,-0.5611941074907887,1.6456354707008314
259,1576076400,643,337,0,980,50,-0.5611941074907887,0.2646548974818702
259,1576090800,803,726,0,1529,50,-0.5611941074907887,1.2171151169507266
259,1576105200,264,681,417,945,50,3.1830929776877532,0.2039333898654586
259,1576119600,31,114,83,145,50,0.18407166725697868,-1.1839867842239498
259,1576134000,146,117,0,263,50,-0.5611941074907887,-0.979268558545762
259,1576148400,1269,497,0,1766,50,-0.5611941074907887,1.6282864685247138
259,1576162800,610,272,0,882,50,-0.5611941074907887,0.09463467615591767
259,1576177200,838,778,0,1616,50,-0.5611941074907887,1.3680514358829499
259,1576191600,292,645,353,937,50,2.608430211617186,0.19005418812456448
259,1576206000,26,134,108,160,50,0.40854931025329416,-1.1579632809597733
259,1576220400,140,120,0,260,50,-0.5611941074907887,-0.9844732591985973
259,1576234800,1289,439,0,1728,50,-0.5611941074907887,1.562360260255467
259,1576249200,673,292,0,965,50,-0.5611941074907887,0.23863139421769378
259,1576263600,775,815,40,1590,50,-0.20202987869668393,1.3229440302250441
259,1576278000,306,519,213,825,50,1.3513554108378192,-0.00425463624795267
259,1576292400,50,163,113,213,50,0.45344483885255726,-1.06601356942635
259,1576306800,28,33,5,61,50,-0.5162985788915256,-1.3297184025033377
259,1576321200,389,124,0,513,50,-0.5611941074907887,-0.5455435041428219
259,1576335600,648,303,0,951,50,-0.5611941074907887,0.21434279117112914
259,1576350000,615,483,0,1098,50,-0.5611941074907887,0.4693731231600579
259,1576364400,293,440,147,733,50,0.7587344333275463,-0.16386545626823462
259,1576378800,63,139,76,202,50,0.12121792721801035,-1.0850974718200794
259,1576393200,23,40,17,63,50,-0.40854931025329416,-1.3262486020681141
259,1576407600,386,125,0,511,50,-0.5611941074907887,-0.5490133045780454
259,1576422000,703,296,0,999,50,-0.5611941074907887,0.29761800161649365
259,1576436400,557,430,0,987,50,-0.5611941074907887,0.27679919900515254
259,1576450800,182,306,124,488,50,0.5522150017709361,-0.588916009583116
259,1576465200,29,75,46,104,50,-0.14815524437756822,-1.255117693146032
259,1576479600,143,117,0,260,50,-0.5611941074907887,-0.9844732591985973
259,1576494000,1293,434,0,1727,50,-0.5611941074907887,1.5606253600378552
259,1576508400,574,286,0,860,50,-0.5611941074907887,0.056466871368458946
259,1576522800,740,775,35,1515,50,-0.24692540729594703,1.192826513904162
259,1576537200,312,680,368,992,50,2.743116797414975,0.2854737000932113
259,1576551600,47,93,46,140,51,-0.046894455712634495,-1.2044930758635344
259,1576566000,139,115,0,254,51,-0.595985900784209,-0.9858264781826894
259,1576580400,1212,444,0,1656,51,-0.595985900784209,1.703389047681736
259,1576594800,529,239,0,768,51,-0.595985900784209,9.133943094435887e-05
259,1576609200,738,708,0,1446,51,-0.595985900784209,1.3005821572170218
259,1576623600,261,514,253,775,51,2.4240170471094507,0.013518235779768165
259,1576638000,41,115,74,156,51,0.2873351195483239,-1.1738030270662227
259,1576652400,142,123,0,265,51,-0.595985900784209,-0.9647270696345378
259,1576666800,1282,483,0,1765,51,-0.595985900784209,1.9124650051134209
259,1576681200,668,306,0,974,51,-0.595985900784209,0.3952257176963307
259,1576695600,785,814,29,1599,51,-0.24981955497821637,1.5940557488413134
259,1576710000,290,589,299,879,51,2.973108492181025,0.21300355296229329
259,1576724400,31,118,87,149,51,0.44251313663376884,-1.1872299234150465
259,1576738800,124,109,0,233,51,-0.595985900784209,-1.0261071672291608
259,1576753200,1235,438,0,1673,51,-0.595985900784209,1.7359972245288793
259,1576767600,614,288,0,902,51,-0.595985900784209,0.2571204981084287
259,1576782000,742,660,0,1402,51,-0.595985900784209,1.2161845230244148
259,1576796400,284,578,294,862,51,2.913424639455854,0.18039537611514977
259,1576810800,44,134,90,178,51,0.4783234482688716,-1.1316042099699193
259,1576825200,122,111,0,233,51,-0.595985900784209,-1.0261071672291608
259,1576839600,1111,348,0,1459,51,-0.595985900784209,1.3255178218648374
259,1576854000,680,305,0,985,51,-0.595985900784209,0.41632512624448237
259,1576868400,782,717,0,1499,51,-0.595985900784209,1.402242943858116
259,1576882800,315,508,193,823,51,1.707810814407397,0.10558838217170284
259,1576897200,47,132,85,179,51,0.4186395955437004,-1.1296860819200873
259,1576911600,31,33,2,64,51,-0.5721123596941405,-1.3502708076507641
259,1576926000,379,120,0,499,51,-0.595985900784209,-0.5158851059738562
259,1576940400,693,262,0,955,51,-0.595985900784209,0.3587812847495232
259,1576954800,625,459,0,1084,51,-0.595985900784209,0.6062198031778476
259,1576969200,273,379,106,652,51,0.6693117769894192,-0.22241151434956444
259,1576983600,63,138,75,201,51,0.29927189009335814,-1.0874872648237839
259,1576998000,25,39,14,64,51,-0.4288711131537298,-1.3502708076507641
259,1577012400,335,84,0,419,51,-0.595985900784209,-0.669335349960414
259,1577026800,644,319,0,963,51,-0.595985900784209,0.37412630914817896
259,1577041200,523,458,0,981,51,-0.595985900784209,0.40865261404515446
259,1577055600,198,359,161,557,51,1.3258341569663017,-0.4046336790836018
259,1577070000,31,91,60,122,51,0.1202203319178447,-1.2390193807605099
259,1577084400,90,109,19,199,51,-0.36918726042855865,-1.091323520923448
259,1577098800,815,235,0,1050,51,-0.595985900784209,0.5410034494835606
259,1577113200,706,334,0,1040,51,-0.595985900784209,0.5218221689852408
259,1577127600,788,684,0,1472,51,-0.595985900784209,1.350453486512653
259,1577142000,234,444,210,678,51,1.9107359136729787,-0.17254018505393315
259,1577156400,37,104,67,141,52,0.5642490783271519,-1.1892403634941409
259,1577170800,76,86,10,162,52,-0.4140687152742978,-1.1389696981245991
259,1577185200,691,251,0,942,52,-0.5857034159061311,0.7282264441726684
259,1577199600,696,312,0,1008,52,-0.5857034159061311,0.886219963905514
259,1577214000,658,512,0,1170,52,-0.5857034159061311,1.274022239613408
259,1577228400,254,384,130,638,52,1.6455476923077017,0.0004987169183487198
259,1577242800,46,90,44,136,52,0.16948926687393537,-1.201209569534508
259,1577257200,29,28,0,57,52,-0.5857034159061311,-1.3903230249723082
259,1577271600,196,82,0,278,52,-0.5857034159061311,-0.8612841179880824
259,1577286000,533,260,0,793,52,-0.5857034159061311,0.3715441041697288
259,1577300400,562,423,0,985,52,-0.5857034159061311,0.8311616161198254
259,1577314800,230,296,66,526,52,0.5470856082639686,-0.2676114983858743
259,1577329200,51,90,39,141,52,0.08367191655801873,-1.1892403634941409
259,1577343600,80,90,10,170,52,-0.4140687152742978,-1.1198189684600117
259,1577358000,671,247,0,918,52,-0.5857034159061311,0.6707742551789062
259,1577372400,619,275,0,894,52,-0.5857034159061311,0.6133220661851442
259,1577386800,673,607,0,1280,52,-0.5857034159061311,1.5373447725014842
259,1577401200,208,420,212,628,52,3.052952237488735,-0.023439695162385477
259,1577415600,37,101,64,138,52,0.512758668137602,-1.1964218871183612
259,1577430000,76,77,1,153,52,-0.5685399458429478,-1.1605142689972598
259,1577444400,766,244,0,1010,52,-0.5857034159061311,0.8910076463216609
259,1577458800,710,333,0,1043,52,-0.5857034159061311,0.9700044061880837
259,1577473200,753,595,0,1348,52,-0.5857034159061311,1.7001259746504767
259,1577487600,286,462,176,748,52,2.435067315214135,0.2638212498064249
