remote_unit_id,time_stamp,entries,exits,num_people_exited,sum_exit_entry,week_num,z_score_num_people_exited,z_score_sum_exit_entry
20,1546311600,340,97,0,437,1,-0.45286005098266097,-0.7637433181178622
20,1546326000,45,64,19,109,1,-0.4224381029496478,-1.110787153272781
20,1546340400,84,307,223,391,1,-0.09580245038466426,-0.8124140998773935
20,1546354800,493,702,209,1195,1,-0.11821862261951607,0.038266520441370695
20,1546369200,1095,1089,0,2184,1,-0.45286005098266097,1.0846883282712934
20,1546383600,873,429,0,1302,1,-0.45286005098266097,0.1514789910559326
20,1546398000,141,35,0,176,1,-0.45286005098266097,-1.0398971015795506
20,1546412400,30,309,279,339,1,-0.006137761445257013,-0.8674332444751246
20,1546426800,202,2500,2298,2702,1,3.2265945058523005,1.632763653302537
20,1546441200,764,970,206,1734,1,-0.12302208809841289,0.6085611154063134
20,1546455600,1995,855,0,2850,1,-0.45286005098266097,1.7893566033114638
20,1546470000,891,303,0,1194,1,-0.45286005098266097,0.0372084599683374
20,1546484400,151,37,0,188,1,-0.45286005098266097,-1.0272003759031512
20,1546498800,29,289,260,318,1,-0.03655970947827018,-0.8896525144088236
20,1546513200,209,2367,2158,2576,1,3.0024327835037825,1.4994480337003426
20,1546527600,685,869,184,1554,1,-0.15824750161032286,0.4181102302603214
20,1546542000,1905,884,0,2789,1,-0.45286005098266097,1.724814914456433
20,1546556400,1125,248,0,1373,1,-0.45286005098266097,0.2266012846412961
20,1546570800,209,40,0,249,1,-0.45286005098266097,-0.9626586870481205
20,1546585200,27,298,271,325,1,-0.01894700272231519,-0.8822460910975906
20,1546599600,204,2205,2001,2409,1,2.751051423441516,1.3227519347037833
20,1546614000,705,850,145,1555,1,-0.2206925528359815,0.41916829073335465
20,1546628400,2188,1104,0,3292,1,-0.45286005098266097,2.2570193323921774
20,1546642800,1307,434,0,1741,1,-0.45286005098266097,0.6159675387175464
20,1546657200,225,64,0,289,1,-0.45286005098266097,-0.920336268126789
20,1546671600,35,89,54,124,1,-0.36639767236251825,-1.0949162461772817
20,1546686000,102,343,241,445,1,-0.06698165751128336,-0.755278834333596
20,1546700400,338,532,194,870,1,-0.14223595001400016,-0.30560313329444816
20,1546714800,808,451,0,1259,1,-0.45286005098266097,0.10598239071550118
20,1546729200,579,220,0,799,1,-0.45286005098266097,-0.3807254268798117
20,1546743600,158,56,0,214,1,-0.45286005098266097,-0.9996908036042856
20,1546758000,26,54,28,80,1,-0.40802770651295733,-1.1414709069907463
20,1546772400,72,310,238,382,1,-0.07178512299018017,-0.8219366441346931
20,1546786800,314,531,217,845,1,-0.10540938134245789,-0.3320546451202804
20,1546801200,906,517,0,1423,1,-0.45286005098266097,0.2795043082929605
20,1546815600,580,175,0,755,1,-0.45286005098266097,-0.4272800876932764
20,1546830000,89,38,0,127,1,-0.45286005098266097,-1.0917420647581817
20,1546844400,25,309,284,334,1,0.001868014352904348,-0.872723546840291
20,1546858800,158,2415,2257,2573,1,3.1609471443073773,1.4962738522812427
20,1546873200,564,677,113,1241,1,-0.2719295179442142,0.08693730220090198
20,1546887600,2201,704,0,2905,1,-0.45286005098266097,1.8475499293282946
20,1546902000,898,126,0,1024,1,-0.45286005098266097,-0.1426618204473217
20,1546916400,160,35,0,195,2,-0.47737775399376287,-0.9147499982894912
20,1546930800,33,274,241,307,2,-0.13162253560982629,-0.7939737072553266
20,1546945200,186,2431,2245,2617,2,2.743454052113862,1.6970372953243196
20,1546959600,570,727,157,1297,2,-0.2521347279096216,0.2736024367073789
20,1546974000,2367,730,0,3097,2,-0.47737775399376287,2.2146499711850254
20,1546988400,998,101,0,1099,2,-0.47737775399376287,0.060087207914837806
20,1547002800,152,30,0,182,2,-0.47737775399376287,-0.9287686749273854
20,1547017200,33,300,267,333,2,-0.09432114275512773,-0.7659363539795384
20,1547031600,173,2582,2409,2755,2,2.978739760889653,1.8458509396342724
20,1547046000,555,751,196,1306,2,-0.1961826386275738,0.2833076743797671
20,1547060400,1890,561,0,2451,2,-0.47737775399376287,1.5180295782558255
20,1547074800,707,112,0,819,2,-0.47737775399376287,-0.24185351967057386
20,1547089200,148,34,0,182,2,-0.47737775399376287,-0.9287686749273854
20,1547103600,31,301,270,332,2,-0.0900171358872779,-0.7670147137209149
20,1547118000,179,2363,2184,2542,2,2.6559392458009152,1.6161603147210843
20,1547132400,548,772,224,1320,2,-0.15601190786097535,0.29840471075903774
20,1547146800,1899,592,0,2491,2,-0.47737775399376287,1.5611639679108844
20,1547161200,719,127,0,846,2,-0.47737775399376287,-0.21273780665340916
20,1547175600,155,43,0,198,2,-0.47737775399376287,-0.9115149190653619
20,1547190000,35,275,240,310,2,-0.13305720456577624,-0.7907386280311972
20,1547204400,193,2310,2117,2503,2,2.559816425752269,1.574104284807402
20,1547218800,681,829,148,1510,2,-0.2650467485131711,0.5032930616205671
20,1547233200,1830,682,0,2512,2,-0.47737775399376287,1.5838095224797901
20,1547247600,634,163,0,797,2,-0.47737775399376287,-0.2655774339808562
20,1547262000,170,41,0,211,2,-0.47737775399376287,-0.8974962424274677
20,1547276400,24,85,61,109,2,-0.38986294768081625,-1.0074889360478676
20,1547290800,71,326,255,397,2,-0.11153717022652707,-0.6969213305314443
20,1547305200,346,475,129,821,2,-0.29230545867622004,-0.2396968001878209
20,1547319600,625,423,0,1048,2,-0.47737775399376287,0.005090861104637823
20,1547334000,316,138,0,454,2,-0.47737775399376287,-0.6354548252729855
20,1547348400,112,46,0,158,2,-0.47737775399376287,-0.9546493087204206
20,1547362800,23,51,28,74,2,-0.4372070232271644,-1.0452315269960442
20,1547377200,61,252,191,313,2,-0.2033559834073235,-0.7875035488070677
20,1547391600,234,426,192,660,2,-0.20192131445137357,-0.41331271854943263
20,1547399588,115,172,57,287,2,-0.39560162350461603,-0.815540902082856
20,1547406000,535,274,0,809,2,-0.47737775399376287,-0.25263711708433856
20,1547420400,224,87,0,311,2,-0.47737775399376287,-0.7896602682898207
20,1547434800,84,28,0,112,2,-0.47737775399376287,-1.0042538568237382
20,1547449200,20,284,264,304,2,-0.09862514962297757,-0.797208786479456
20,1547463600,162,2371,2209,2533,2,2.691805969699664,1.606455077048696
20,1547478000,464,688,224,1152,2,-0.15601190786097535,0.11724027420779072
20,1547492400,1784,491,0,2275,2,-0.47737775399376287,1.3282382637735668
20,1547506800,723,109,0,832,2,-0.47737775399376287,-0.22783484303267973
20,1547521200,135,53,0,188,3,-0.5457237353520704,-0.9496902478820881
20,1547535600,35,313,278,348,3,-0.10795198153882436,-0.7519148210176931
20,1547541580,32,703,671,735,3,0.510912404247527,-0.27354550728943783
20,1547550000,189,2403,2214,2592,3,2.940703109764932,2.0218855407554464
20,1547564400,543,740,197,1283,3,-0.2355041831894464,0.40383532972111497
20,1547578800,1873,633,0,2506,3,-0.5457237353520704,1.915581248815834
20,1547593200,781,172,0,953,3,-0.5457237353520704,-0.004076488186699661
20,1547607600,141,49,0,190,3,-0.5457237353520704,-0.9472180550462832
20,1547621982,22,200,178,222,3,-0.2654238354284812,-0.9076629696734042
20,1547622000,32,292,260,324,3,-0.1362969152389626,-0.7815811350473524
20,1547627136,36,517,481,553,3,0.21171588185717904,-0.4985150553476871
20,1547633485,71,1281,1210,1352,3,1.3596856967127773,0.4891259825563853
20,1547636400,159,2513,2354,2672,3,3.1611637052104515,2.1207732541876436
20,1547650800,513,772,259,1285,3,-0.13787163377785916,0.4063075225569199
20,1547665200,1875,517,0,2392,3,-0.5457237353520704,1.7746662571749525
20,1547679600,729,131,0,860,3,-0.5457237353520704,-0.11903345505162924
20,1547694000,149,45,0,194,3,-0.5457237353520704,-0.9422736693746733
20,1547708400,27,308,281,335,3,-0.10322782592213466,-0.7679840744504253
20,1547715218,52,915,863,967,3,0.8132583637156681,0.0132288616639349
20,1547722800,188,2508,2320,2696,3,3.107623274887968,2.150439568217303
20,1547737200,584,841,257,1425,3,-0.1410210708556523,0.5793610210632655
20,1547751600,1874,597,0,2471,3,-0.5457237353520704,1.8723178741892477
20,1547766000,759,126,0,885,3,-0.5457237353520704,-0.08813104460406752
20,1547780400,150,48,0,198,3,-0.5457237353520704,-0.9373292837030635
20,1547794800,40,267,227,307,3,-0.18826262702254937,-0.8025947741516943
20,1547809200,183,2250,2067,2433,3,2.7092194845471367,1.8253462103089537
20,1547823600,719,947,228,1666,3,-0.1866879084836528,0.8772602577777604
20,1547838000,1718,549,0,2267,3,-0.5457237353520704,1.620154204937144
20,1547852400,575,170,0,745,3,-0.5457237353520704,-0.2611845431104131
20,1547866800,150,53,0,203,3,-0.5457237353520704,-0.9311488016135511
20,1547881200,29,82,53,111,3,-0.46226365279055226,-1.0448696720605781
20,1547895600,85,324,239,409,3,-0.16936600455579054,-0.6765129395256425
20,1547910000,437,474,37,911,3,-0.48745914941289736,-0.05599253773860334
20,1547924400,550,329,0,879,3,-0.5457237353520704,-0.09554762311148234
20,1547938800,352,120,0,472,3,-0.5457237353520704,-0.5986388651977871
20,1547953200,120,33,0,153,3,-0.5457237353520704,-0.9929536225086745
20,1547967600,32,50,18,82,3,-0.5173788016519322,-1.0807164681797499
20,1547982000,70,281,211,351,3,-0.21345812364489444,-0.7482065317639858
20,1547996400,277,409,132,686,3,-0.33786088821772337,-0.3341142317666588
20,1548010800,510,353,0,863,3,-0.5457237353520704,-0.11532516579792183
20,1548025200,277,83,0,360,3,-0.5457237353520704,-0.7370816640028636
20,1548039600,75,29,0,104,3,-0.5457237353520704,-1.0535223469858954
20,1548054000,25,235,210,260,3,-0.215032842183791,-0.8606913057931104
20,1548068400,140,1090,950,1230,3,0.9502588765996696,0.33832221957228414
20,1548082800,476,569,93,1045,3,-0.3992749112346895,0.10964438226032745
20,1548097200,962,319,0,1281,3,-0.5457237353520704,0.40136313688531
20,1548111600,426,76,0,502,3,-0.5457237353520704,-0.561555972660713
20,1548126000,79,32,0,111,4,-0.48287656437347476,-0.9915098133009238
20,1548140400,32,380,348,412,4,-0.028254385608867,-0.697415223660401
20,1548154800,198,3291,3093,3489,4,3.557774007232651,2.308993588046871
20,1548169200,724,919,195,1643,4,-0.2281313779967549,0.5053437127099767
20,1548183600,2026,444,0,2470,4,-0.48287656437347476,1.3133710403934067
20,1548198000,2931,671,0,3602,4,-0.48287656437347476,2.419401191466735
20,1548212400,133,29,0,162,4,-0.48287656437347476,-0.9416798329963834
20,1548226800,37,304,267,341,4,-0.13407161687304295,-0.7667863727118199
20,1548241200,177,2537,2360,2714,4,2.6001933835704167,1.5517732991053255
20,1548255600,544,1440,896,1984,4,0.6876449073882739,0.8385206398442567
20,1548270000,1823,538,0,2361,4,-0.48287656437347476,1.2068716707229183
20,1548284400,742,107,0,849,4,-0.48287656437347476,-0.2704406865411036
20,1548298800,159,27,0,186,4,-0.48287656437347476,-0.9182304305001291
20,1548313200,32,288,256,320,4,-0.14844185815583227,-0.7873045998960425
20,1548327600,202,2461,2259,2663,4,2.4682484408829874,1.5019433188007851
20,1548342000,670,832,162,1502,4,-0.2712421018451229,0.3675784730444826
20,1548356400,1769,565,0,2334,4,-0.48287656437347476,1.1804910929146322
20,1548370800,770,117,0,887,4,-0.48287656437347476,-0.23331246592203428
20,1548385200,145,39,0,184,4,-0.48287656437347476,-0.9201845473748169
20,1548399600,29,294,265,323,4,-0.13668438801536828,-0.7843734245840107
20,1548403949,16,319,303,335,4,-0.08704173631118697,-0.7726487233358835
20,1548414000,179,2232,2053,2411,4,2.1991330132234785,1.2557245925901148
20,1548428400,714,813,99,1527,4,-0.35354439282837086,0.39200493397808084
20,1548442800,1749,632,0,2381,4,-0.48287656437347476,1.2264128394697968
20,1548457200,657,194,0,851,4,-0.48287656437347476,-0.26848656966641576
20,1548471600,167,37,0,204,4,-0.48287656437347476,-0.9006433786279383
20,1548486000,34,86,52,120,4,-0.41494451467301613,-0.9827162873648284
20,1548500400,93,300,207,393,4,-0.2124547511428029,-0.7159793339699356
20,1548514800,370,419,49,789,4,-0.41886367138650415,-0.3290641927817394
20,1548529200,570,330,0,900,4,-0.48287656437347476,-0.22061070623656318
20,1548543600,291,160,0,451,4,-0.48287656437347476,-0.6593099446039877
20,1548558000,134,45,0,179,4,-0.48287656437347476,-0.9250698395615367
20,1548572400,26,49,23,75,4,-0.45282969623673347,-1.0266839170453053
20,1548586800,80,236,156,316,4,-0.27908041527209887,-0.7912128336454182
20,1548601200,238,339,101,577,4,-0.3509316216860455,-0.5362005814986526
20,1548615600,452,276,0,728,4,-0.48287656437347476,-0.3886647574597191
20,1548630000,217,91,0,308,4,-0.48287656437347476,-0.7990293011441697
20,1548644400,67,32,0,99,4,-0.48287656437347476,-1.0032345145490509
20,1548658800,21,285,264,306,4,-0.13799077358653095,-0.8009834180188575
20,1548673200,161,2423,2262,2584,4,2.4721675975964756,1.4247557022506148
20,1548687600,522,746,224,1268,4,-0.19024619643303758,0.138946798706003
20,1548702000,1834,450,0,2284,4,-0.48287656437347476,1.1316381710474357
20,1548716400,693,93,0,786,4,-0.48287656437347476,-0.33199536809377117
20,1548730800,143,30,0,173,5,-0.4680372244340438,-0.929484378529434
20,1548745200,33,334,301,367,5,-0.0869883713109641,-0.731361668430082
20,1548759600,208,2515,2307,2723,5,2.452493354153813,1.6747058830857595
20,1548774000,537,737,200,1274,5,-0.214848617707745,0.19491306383853776
20,1548788400,1992,540,0,2532,5,-0.4680372244340438,1.4796469262353666
20,1548802800,751,109,0,860,5,-0.4680372244340438,-0.2278848845178113
20,1548817200,129,32,0,161,5,-0.4680372244340438,-0.9417393915252702
20,1548831600,33,293,260,326,5,-0.13889203568985536,-0.7732329628325224
20,1548846000,190,2473,2283,2663,5,2.422110721346657,1.6134308181065784
20,1548860400,529,732,203,1261,5,-0.2110507886068505,0.1816367997597152
20,1548874800,1901,564,0,2465,5,-0.4680372244340438,1.4112231036752811
20,1548889200,699,108,0,807,5,-0.4680372244340438,-0.28201119191608787
20,1548903600,111,36,0,147,5,-0.4680372244340438,-0.9560369066870791
20,1548918000,27,288,261,315,5,-0.13762609265622386,-0.7844667247453723
20,1548932400,180,2507,2327,2687,5,2.4778122148264425,1.6379408440982508
20,1548946800,560,752,192,1312,5,-0.22497616197679696,0.23372060499201908
20,1548961200,1730,544,0,2274,5,-0.4680372244340438,1.216164146824888
20,1548975600,773,102,0,875,5,-0.4680372244340438,-0.21256611827301602
20,1548990000,129,33,0,162,5,-0.4680372244340438,-0.9407181404422839
20,1549004400,28,389,361,417,5,-0.011031789293074459,-0.6802991142807645
20,1549018800,180,3307,3127,3487,5,3.490566641731638,2.4549417104873315
20,1549033200,742,841,99,1583,5,-0.3427088641045259,0.51047964848132
20,1549047600,2335,662,0,2997,5,-0.4680372244340438,1.9545286798240196
20,1549062000,788,159,0,947,5,-0.4680372244340438,-0.13903604029799882
20,1549076400,221,54,0,275,5,-0.4680372244340438,-0.8253167680648262
20,1549090800,30,71,41,101,5,-0.41613356005515256,-1.0030144565044512
20,1549105200,106,267,161,373,5,-0.26422039601937325,-0.725234161932164
20,1549119600,326,449,123,775,5,-0.31232623129737,-0.31469122657165105
20,1549134000,585,448,0,1033,5,-0.4680372244340438,-0.05120844716117268
20,1549148400,298,174,0,472,5,-0.4680372244340438,-0.6241303047165152
20,1549162800,86,61,0,147,5,-0.4680372244340438,-0.9560369066870791
20,1549177200,25,52,27,77,5,-0.4338567625259935,-1.0275244824961236
20,1549191600,62,250,188,312,5,-0.23003993411132292,-0.7875304779943313
20,1549206000,237,424,187,661,5,-0.23130587714495443,-0.431113850032095
20,1549220400,470,360,0,830,5,-0.4680372244340438,-0.2585224170074018
20,1549234800,193,93,0,286,5,-0.4680372244340438,-0.8140830061519764
20,1549249200,41,31,0,72,5,-0.4680372244340438,-1.0326307379110553
20,1549263600,18,311,293,329,5,-0.09711591558001605,-0.7701692095835634
20,1549278000,164,2504,2340,2668,5,2.494269474263652,1.61853707352151
20,1549292400,486,733,247,1219,5,-0.15534929512706477,0.1387442542742885
20,1549306800,1765,500,0,2265,5,-0.4680372244340438,1.206972887078011
20,1549321200,689,93,0,782,5,-0.4680372244340438,-0.3075424689907466
20,1549335600,108,31,0,139,6,-0.47793191226450654,-0.9519597895655116
20,1549350000,25,309,284,334,6,-0.08445085566272985,-0.750689388508833
20,1549364400,173,2501,2328,2674,6,2.747504354527522,1.6645554241713099
20,1549378800,510,796,286,1306,6,-0.0816798623063793,0.25256614906599556
20,1549393200,1682,550,0,2232,6,-0.47793191226450654,1.208342515109505
20,1549407600,657,130,0,787,6,-0.47793191226450654,-0.2831227645156259
20,1549422000,147,35,0,182,6,-0.47793191226450654,-0.9075770857427569
20,1549436400,29,358,329,387,6,-0.022103505144842696,-0.6959851256575307
20,1549450800,174,2683,2509,2857,6,2.998279253277246,1.8534399543937314
20,1549465200,579,862,283,1441,6,-0.08583635234090511,0.3919071959513884
20,1549479600,1939,643,0,2582,6,-0.47793191226450654,1.569597081108672
20,1549494000,855,196,0,1051,6,-0.47793191226450654,-0.010633606161968756
20,1549508400,148,38,0,186,6,-0.47793191226450654,-0.9034484621313379
20,1549522800,32,267,235,299,6,-0.15234019289331807,-0.7868148451087498
20,1549537200,191,2597,2406,2788,6,2.855573095425193,1.7822211970967528
20,1549551600,555,723,168,1278,6,-0.24516847033106118,0.22366578378606222
20,1549566000,1797,582,0,2379,6,-0.47793191226450654,1.3600694328291552
20,1549580400,760,125,0,885,6,-0.47793191226450654,-0.18197148603585925
20,1549594800,167,33,0,200,6,-0.47793191226450654,-0.8889982794913712
20,1549609200,31,282,251,313,6,-0.13017224604251376,-0.7723646624687831
20,1549623600,195,2327,2132,2522,6,2.4759470056051693,1.5076677269373862
20,1549638000,646,651,5,1297,6,-0.4710044288736302,0.24327674594030269
20,1549652400,2317,1337,0,3654,6,-0.47793191226450654,2.676068208968977
20,1549666800,656,167,0,823,6,-0.47793191226450654,-0.2459651520128545
20,1549681200,157,44,0,201,6,-0.47793191226450654,-0.8879661235885165
20,1549695600,22,75,53,97,6,-0.4045005883212172,-0.9953103374854116
20,1549710000,103,325,222,428,6,-0.1703516497095966,-0.6536667336404854
20,1549724400,332,527,195,859,6,-0.20776006002032887,-0.20880753951008305
20,1549738800,630,471,0,1101,6,-0.47793191226450654,0.04097418898076934
20,1549753200,290,214,0,504,6,-0.47793191226450654,-0.5752228850235236
20,1549767600,159,46,0,205,6,-0.47793191226450654,-0.8838374999770974
20,1549782000,19,48,29,67,6,-0.4377525085974237,-1.0262750145710546
20,1549796400,80,275,195,355,6,-0.20776006002032887,-0.7290141145488831
20,1549810800,233,388,155,621,6,-0.2631799271473397,-0.4544606443895164
20,1549825200,384,306,0,690,6,-0.47793191226450654,-0.3832418870925378
20,1549839600,241,101,0,342,6,-0.47793191226450654,-0.742432141285995
20,1549854000,47,35,0,82,6,-0.47793191226450654,-1.010792676028233
20,1549868400,22,308,286,330,6,-0.0816798623063793,-0.7548180121202521
20,1549871649,9,205,196,214,6,-0.20637456334215362,-0.8745480968514046
20,1549882800,184,2348,2164,2532,6,2.520282899306778,1.5179892859659336
20,1549897200,562,684,122,1246,6,-0.3089013175271236,0.19063679489470983
20,1549911600,1812,515,0,2327,6,-0.47793191226450654,1.3063973258807076
20,1549926000,712,127,0,839,6,-0.47793191226450654,-0.2294506575671783
20,1549940400,122,32,0,154,7,-0.504833308562795,-1.0596349346185436
20,1549954800,34,311,277,345,7,-0.06515288019986347,-0.8303488739687888
20,1549963231,77,1603,1526,1680,7,1.9173772823463509,0.7722526494208597
20,1549969200,146,1976,1830,2122,7,2.399914647769929,1.302851805479455
20,1549983600,617,777,160,1394,7,-0.2508662741293327,0.4289237837358863
20,1549998000,1995,593,0,2588,7,-0.504833308562795,1.8622617754416841
20,1550012400,701,101,0,802,7,-0.504833308562795,-0.2817429592204222
20,1550026800,137,40,0,177,7,-0.504833308562795,-1.0320245712942275
20,1550041200,31,298,267,329,7,-0.08102581985195487,-0.8495560832378781
20,1550055600,187,2483,2296,2670,7,3.1395936355573877,1.9606987229457675
20,1550070000,585,800,215,1385,7,-0.1635651060428301,0.4181197285220235
20,1550084400,1811,654,0,2465,7,-0.504833308562795,1.7146063541855592
20,1550098800,894,216,0,1110,7,-0.504833308562795,0.08799581920954912
20,1550113200,147,27,0,174,7,-0.504833308562795,-1.0356259230321818
20,1550127600,31,296,265,327,7,-0.08420040778237314,-0.8519569843965143
20,1550142000,221,2481,2260,2702,7,3.082451052809859,1.9991131414839463
20,1550156400,675,853,178,1528,7,-0.22229498275556822,0.5897841613645102
20,1550170800,1964,719,0,2683,7,-0.504833308562795,1.9763045804769026
20,1550185200,817,241,0,1058,7,-0.504833308562795,0.025572389085008505
20,1550199600,183,35,0,218,7,-0.504833308562795,-0.982806097542186
20,1550214000,33,280,247,313,7,-0.11277169915613763,-0.8687632925069676
20,1550228400,202,2229,2027,2431,7,2.7126115589161293,1.6737910344887443
20,1550242800,683,736,53,1419,7,-0.4207067284067106,0.4589350482188385
20,1550257200,1720,627,0,2347,7,-0.504833308562795,1.5729531858260248
20,1550271600,742,230,0,972,7,-0.504833308562795,-0.07766636073634713
20,1550286000,166,43,0,209,7,-0.504833308562795,-0.9936101527560488
20,1550300400,30,81,51,111,7,-0.42388131633712883,-1.1112543095292216
20,1550314800,87,414,327,501,7,0.014211818060593469,-0.6430785835951669
20,1550329200,358,521,163,879,7,-0.2461043922337053,-0.18930826461292938
20,1550343600,737,523,0,1260,7,-0.504833308562795,0.2680634061072624
20,1550358000,453,285,0,738,7,-0.504833308562795,-0.3585717962967799
20,1550372400,231,53,0,284,7,-0.504833308562795,-0.9035763593071922
20,1550386800,21,57,36,78,7,-0.4476907258152659,-1.1508691786467184
20,1550401200,94,348,254,442,7,-0.10166064139967367,-0.7139051677749341
20,1550415600,334,481,147,815,7,-0.2715010956770515,-0.26613710168928706
20,1550430000,594,418,0,1012,7,-0.504833308562795,-0.029648337563623575
20,1550444400,307,108,0,415,7,-0.504833308562795,-0.7463173334165225
20,1550458800,99,41,0,140,7,-0.504833308562795,-1.0764412427289969
20,1550473200,20,137,117,157,7,-0.3191199146333257,-1.0560335828805893
20,1550487600,124,886,762,1010,7,0.7046846929265689,-0.03204923872225975
20,1550502000,396,614,218,1010,7,-0.15880322414720266,-0.03204923872225975
20,1550516400,1150,411,0,1561,7,-0.504833308562795,0.6293990304820071
20,1550530800,439,124,0,563,7,-0.504833308562795,-0.5686506476774454
20,1550545200,88,33,0,121,8,-0.41362944230052495,-0.538635742395695
20,1550559600,20,288,268,308,8,0.10913933409908713,-0.3123293735740489
20,1550574000,212,2437,2225,2649,8,3.9265217796738665,2.520735917396398
20,1550588400,670,874,204,1544,8,-0.01570097071276053,1.1834710107230346
20,1550602800,1871,600,0,2471,8,-0.41362944230052495,2.3053212989458474
20,1550608137,283,68,0,351,8,-0.41362944230052495,-0.26029101068992705
20,1550608200,3,1,0,4,8,-0.41362944230052495,-0.6802284972199335
20,1550608262,2,1,0,3,8,-0.41362944230052495,-0.6814386917056108
20,1550608337,3,0,0,3,8,-0.41362944230052495,-0.6814386917056108
20,1550608400,2,0,0,2,8,-0.41362944230052495,-0.6826488861912879
20,1550608462,2,0,0,2,8,-0.41362944230052495,-0.6826488861912879
20,1550608538,3,0,0,3,8,-0.41362944230052495,-0.6814386917056108
20,1550608601,3,1,0,4,8,-0.41362944230052495,-0.6802284972199335
20,1550608665,2,1,0,3,8,-0.41362944230052495,-0.6814386917056108
20,1550608739,2,7,5,9,8,-0.40387629348709936,-0.6741775247915472
20,1550608801,1,0,0,1,8,-0.41362944230052495,-0.6838590806769652
20,1550608864,5,3,0,8,8,-0.41362944230052495,-0.6753877192772245
20,1550608939,3,2,0,5,8,-0.41362944230052495,-0.6790183027342562
20,1550609004,4,3,0,7,8,-0.41362944230052495,-0.6765979137629017
20,1550609066,5,1,0,6,8,-0.41362944230052495,-0.677808108248579
20,1550609141,2,1,0,3,8,-0.41362944230052495,-0.6814386917056108
20,1550609204,4,0,0,4,8,-0.41362944230052495,-0.6802284972199335
20,1550609266,2,2,0,4,8,-0.41362944230052495,-0.6802284972199335
20,1550609341,2,1,0,3,8,-0.41362944230052495,-0.6814386917056108
20,1550609422,3,3,0,6,8,-0.41362944230052495,-0.677808108248579
20,1550609505,5,1,0,6,8,-0.41362944230052495,-0.677808108248579
20,1550609585,4,2,0,6,8,-0.41362944230052495,-0.677808108248579
20,1550609665,1,1,0,2,8,-0.41362944230052495,-0.6826488861912879
20,1550609745,2,0,0,2,8,-0.41362944230052495,-0.6826488861912879
20,1550609826,2,0,0,2,8,-0.41362944230052495,-0.6826488861912879
20,1550609907,3,0,0,3,8,-0.41362944230052495,-0.6814386917056108
20,1550609987,2,2,0,4,8,-0.41362944230052495,-0.6802284972199335
20,1550610068,4,0,0,4,8,-0.41362944230052495,-0.6802284972199335
20,1550610149,3,0,0,3,8,-0.41362944230052495,-0.6814386917056108
20,1550610229,2,1,0,3,8,-0.41362944230052495,-0.6814386917056108
20,1550610309,4,2,0,6,8,-0.41362944230052495,-0.677808108248579
20,1550610390,4,0,0,4,8,-0.41362944230052495,-0.6802284972199335
20,1550617200,766,120,0,886,8,-0.41362944230052495,0.38716303914740274
20,1550631600,135,33,0,168,8,-0.41362944230052495,-0.48175660156886413
20,1550646000,28,328,300,356,8,0.17155948650501096,-0.2542400382615408
20,1550660400,187,2531,2344,2718,8,4.158646721433396,2.6042393369081287
20,1550674800,661,824,163,1485,8,-0.09567679098285044,1.1120695360680768
20,1550689200,1871,539,0,2410,8,-0.41362944230052495,2.231499435319535
20,1550703600,741,130,0,871,8,-0.41362944230052495,0.36901012186224397
20,1550718000,118,34,0,152,8,-0.41362944230052495,-0.5011197133397002
20,1550732400,32,287,255,319,8,0.08378114718418057,-0.2990172342315991
20,1550739628,60,1197,1137,1257,8,1.8042365978724562,0.8361451933336632
20,1550739717,56,974,918,1030,8,1.3770486798444148,0.561431045084927
20,1550746800,146,1781,1635,1927,8,2.7756502196896458,1.646975498737422
20,1550761200,588,803,215,1391,8,0.005755956676775789,0.998311254414415
20,1550775600,1875,622,0,2497,8,-0.41362944230052495,2.3367863555734556
20,1550790000,804,134,0,938,8,-0.41362944230052495,0.4500931524026199
20,1550804400,146,37,0,183,8,-0.41362944230052495,-0.46360368428370535
20,1550818800,31,311,280,342,8,0.13254689125130856,-0.2711827610610223
20,1550823559,36,502,466,538,8,0.49536402711074085,-0.03398464186828093
20,1550824741,12,284,272,296,8,0.11694185314982761,-0.3268517074021759
20,1550824828,39,636,597,675,8,0.7508965260224915,0.1318120026695026
20,1550833200,155,1719,1564,1874,8,2.6371555065390027,1.582835190996528
20,1550847600,674,761,87,1435,8,-0.24392465294691953,1.051559811784214
20,1550862000,1747,605,0,2352,8,-0.41362944230052495,2.1613081551502544
20,1550876400,668,194,0,862,8,-0.41362944230052495,0.3581183714911487
20,1551495600,7293,9534,2241,16827,9,3.1556391818352987,4.188116504906092
20,1551510000,28,80,52,108,9,-0.4403438641319298,-0.4067307955372775
20,1551524400,94,444,350,538,9,0.0491960845652991,-0.2885548077873733
20,1551538800,321,547,226,868,9,-0.15450510214093038,-0.19786160788628399
20,1551553200,662,445,0,1107,9,-0.5257669424280905,-0.13217774492761628
20,1551567600,370,164,0,534,9,-0.5257669424280905,-0.2896541193013259
20,1551582000,168,48,0,216,9,-0.5257669424280905,-0.3770493846605574
20,1551596400,27,77,50,104,9,-0.4436293671433206,-0.40783010705123013
20,1551610800,139,376,237,515,9,-0.13643483557828098,-0.2948758489926007
20,1551625200,352,520,168,872,9,-0.2497846894712635,-0.1967622963723314
20,1551639600,548,356,0,904,9,-0.5257669424280905,-0.1879678042607106
20,1551654000,251,125,0,376,9,-0.5257669424280905,-0.3330769241024535
20,1551668400,73,31,0,104,9,-0.5257669424280905,-0.40783010705123013
20,1551682800,26,276,250,302,9,-0.1150790660042408,-0.35341418711057654
20,1551687675,25,413,388,438,9,0.11162064178172426,-0.3160375956361882
20,1551697200,161,2009,1848,2170,9,2.5100378400970067,0.1599642899052865
20,1551711600,502,773,271,1275,9,-0.08058128438463742,-0.08600666134160719
20,1551726000,1614,490,0,2104,9,-0.5257669424280905,0.14182564992506863
20,1551740400,687,122,0,809,9,-0.5257669424280905,-0.2140764527170848
20,1551754800,123,41,0,164,10,-0.5333089237785015,-1.0283677909781381
20,1551769200,27,289,262,316,10,-0.13052965614502307,-0.8585451102173025
20,1551783600,231,2446,2215,2677,10,2.871866945718272,1.7792927139690975
20,1551798000,599,778,179,1377,10,-0.25812766841059065,0.3268618916724774
20,1551812400,1864,607,0,2471,10,-0.5333089237785015,1.5491382913590177
20,1551826800,769,131,0,900,10,-0.5333089237785015,-0.2060684946625132
20,1551841200,133,29,0,162,10,-0.5333089237785015,-1.0306022999355176
20,1551855600,31,323,292,354,10,-0.08440989267554082,-0.8160894400270936
20,1551870000,231,2464,2233,2695,10,2.899538803799961,1.7994032945855123
20,1551884400,672,888,216,1560,10,-0.2012466267982292,0.5313194612726939
20,1551898800,1952,677,0,2629,10,-0.5333089237785015,1.7256644989919916
20,1551913200,797,150,0,947,10,-0.5333089237785015,-0.15355753416409693
20,1551927600,141,36,0,177,10,-0.5333089237785015,-1.0138434827551719
20,1551942000,25,326,301,351,10,-0.07057396363469613,-0.8194412034631627
20,1551946183,33,562,529,595,10,0.27993623873336904,-0.546831110662874
20,1551946273,2,16,14,18,10,-0.5117863674927431,-1.1914869448668355
20,1551956400,164,2082,1918,2246,10,2.4152812873703975,1.2977560336538334
20,1551970800,610,874,264,1484,10,-0.12745500524705758,0.44640812089227616
20,1551985200,1802,663,0,2465,10,-0.5333089237785015,1.5424347644868794
20,1551999600,742,152,0,894,10,-0.5333089237785015,-0.21277202153465144
20,1552014000,143,29,0,172,10,-0.5333089237785015,-1.0194297551486204
20,1552028400,26,316,290,342,10,-0.0874845435735063,-0.8294964937713701
20,1552042800,216,2347,2131,2563,10,2.7427316080037216,1.651925703398471
20,1552057200,717,835,118,1552,10,-0.3519045207985379,0.5223814254431762
20,1552071600,1760,673,0,2433,10,-0.5333089237785015,1.506682621168809
20,1552086000,700,204,0,904,10,-0.5333089237785015,-0.20159947674775436
20,1552100400,212,57,0,269,10,-0.5333089237785015,-0.9110560707157188
20,1552114800,32,117,85,149,10,-0.4026362606149684,-1.0451266081584838
20,1552129200,117,539,422,656,10,0.11544241569221562,-0.4786785874628019
20,1552143600,362,692,330,1054,10,-0.025991525614196622,-0.0340113049442982
20,1552158000,766,574,0,1340,10,-0.5333089237785015,0.28552347596095823
20,1552172400,499,226,0,725,10,-0.5333089237785015,-0.40158802843321206
20,1552190400,185,62,0,247,10,-0.5333089237785015,-0.9356356692468923
20,1552204800,39,100,61,139,10,-0.43953207139055417,-1.056299152945381
20,1552219200,98,414,316,512,10,-0.047514081899955006,-0.6395632323941198
20,1552233600,336,545,209,881,10,-0.21200790494110838,-0.22729632975761765
20,1552248000,494,272,0,766,10,-0.5333089237785015,-0.355780594806934
20,1552262400,213,95,0,308,10,-0.5333089237785015,-0.8674831460468202
20,1552276800,47,23,0,70,10,-0.5333089237785015,-1.1333897119749707
20,1552291200,47,625,578,672,10,0.35526518573352334,-0.4608025158037666
20,1552305600,307,2233,1926,2540,10,2.4275798909622592,1.6262288503886075
20,1552320000,661,689,28,1350,10,-0.49026381120698465,0.2966960207478553
20,1552334400,2017,488,0,2505,10,-0.5333089237785015,1.5871249436344679
20,1552348800,481,134,0,615,11,-0.5396955639851355,-0.549669536380691
20,1552363200,78,21,0,99,11,-0.5396955639851355,-1.1627718283967663
20,1552377600,49,671,622,720,11,0.47733867103140304,-0.4249103490518385
20,1552392000,297,2354,2057,2651,11,2.8237118659650573,1.8694705150625825
20,1552406400,699,772,73,1471,11,-0.4203330251487894,0.46741488603357334
20,1552420800,1958,436,0,2394,11,-0.5396955639851355,1.5641075517910101
20,1552435200,511,142,0,653,11,-0.5396955639851355,-0.5045185923950111
20,1552449600,78,34,0,112,11,-0.5396955639851355,-1.147325452822718
20,1552463705,39,606,567,645,11,0.3874079910862107,-0.5140240542867331
20,1552464000,45,520,475,565,11,0.23697849008697994,-0.6090786732039541
20,1552478400,254,2341,2087,2595,11,2.8727649641169806,1.802932281820528
20,1552492800,702,715,13,1417,11,-0.5184392214526355,0.4032530182644492
20,1552507200,1926,488,0,2414,11,-0.5396955639851355,1.5878712065203155
20,1552521600,486,146,0,632,11,-0.5396955639851355,-0.5294704298607815
20,1552536000,80,31,0,111,11,-0.5396955639851355,-1.1485136355591832
20,1552550400,79,651,572,730,11,0.3955835074448646,-0.41302852168718585
20,1552552081,24,269,245,293,11,-0.13909526241109704,-0.9322643775225053
20,1552564800,254,2026,1772,2280,11,2.3577074335217882,1.4286547198339703
20,1552579200,743,792,49,1535,11,-0.45957550367032785,0.5434585811673501
20,1552593600,1857,637,0,2494,11,-0.5396955639851355,1.6829258254375365
20,1552608000,646,162,0,808,11,-0.5396955639851355,-0.3203502682428954
20,1552622400,103,32,0,135,11,-0.5396955639851355,-1.1199972498840167
20,1552636800,46,566,520,612,11,0.3105581373148646,-0.5532340845900868
20,1552651200,260,2128,1868,2388,11,2.514677347607942,1.5569784553722186
20,1552665600,816,705,0,1521,11,-0.5396955639851355,0.5268240228568365
20,1552680000,1722,515,0,2237,11,-0.5396955639851355,1.3775628621659641
20,1552694400,471,150,0,621,11,-0.5396955639851355,-0.5425404399618995
20,1552708800,101,48,0,149,11,-0.5396955639851355,-1.103362691573503
20,1552723200,45,192,147,237,11,-0.29933538304071244,-0.9988026107645601
20,1552737600,216,569,353,785,11,0.037495890935826066,-0.34767847118159645
20,1552752000,827,708,0,1535,11,-0.5396955639851355,0.5434585811673501
20,1552766400,855,482,0,1337,11,-0.5396955639851355,0.3081983993472282
20,1552780800,363,131,0,494,11,-0.5396955639851355,-0.6934396474929877
20,1552795200,85,36,0,121,11,-0.5396955639851355,-1.1366318081945306
20,1552809600,52,104,52,156,11,-0.4546701938551356,-1.0950454124182463
20,1552824000,140,507,367,647,11,0.060387336740056835,-0.5116476888138026
20,1552838400,385,544,159,929,11,-0.27971414377994325,-0.1765801571305987
20,1552852800,630,335,0,965,11,-0.5396955639851355,-0.13380557861784928
20,1552867200,267,105,0,372,11,-0.5396955639851355,-0.8383979413417497
20,1552881600,50,22,0,72,11,-0.5396955639851355,-1.1948527622813283
20,1552896000,56,611,555,667,11,0.3677867518254415,-0.4878840340844974
20,1552910400,249,2203,1954,2452,11,2.655296228976788,1.6330221505059954
20,1552924800,687,703,16,1390,11,-0.5135339116374432,0.37117208437988713
20,1552939200,1886,473,0,2359,11,-0.5396955639851355,1.522521156014726
20,1552953600,533,134,0,667,12,-0.5203945450418269,-0.5489484788306638
20,1552968000,107,25,0,132,12,-0.5203945450418269,-1.1795011993768765
20,1552982400,56,694,638,750,12,0.49088199632743806,-0.4511244119048027
20,1552996800,297,2260,1963,2557,12,2.5911036535598457,1.6786115993606296
20,1553011200,728,751,23,1479,12,-0.48393786721817006,0.4080773325404105
20,1553025600,1938,512,0,2450,12,-0.5203945450418269,1.5525010552513872
20,1553040000,614,137,0,751,12,-0.5203945450418269,-0.4499458086888285
20,1553054400,119,30,0,149,12,-0.5203945450418269,-1.1594649447053145
20,1553068800,54,666,612,720,12,0.4496700996572172,-0.48648250838402957
20,1553083200,282,2408,2126,2690,12,2.849470544223153,1.8353658270852022
20,1553097600,774,720,0,1494,12,-0.5203945450418269,0.4257563807800239
20,1553112000,1938,505,0,2443,12,-0.5203945450418269,1.5442508327395676
20,1553126400,583,145,0,728,12,-0.5203945450418269,-0.47705368265623577
20,1553140800,123,28,0,151,12,-0.5203945450418269,-1.157107738273366
20,1553155200,51,647,596,698,12,0.42430893247554285,-0.5124117791354627
20,1553169600,256,2267,2011,2523,12,2.6671871551048687,1.6385390900175059
20,1553184000,779,751,0,1530,12,-0.5203945450418269,0.4681860965550962
20,1553198400,2048,526,0,2574,12,-0.5203945450418269,1.6986478540321917
20,1553212800,554,128,0,682,12,-0.5203945450418269,-0.5312694305910503
20,1553227200,118,29,0,147,12,-0.5203945450418269,-1.161822151137263
20,1553241600,48,624,576,672,12,0.39260747349844993,-0.5430554627507926
20,1553256000,299,2140,1841,2439,12,2.3977247537995785,1.5395364198756707
20,1553270400,858,707,0,1565,12,-0.5203945450418269,0.5094372091141942
20,1553284800,1658,588,0,2246,12,-0.5203945450418269,1.3120659991926444
20,1553299200,578,165,0,743,12,-0.5203945450418269,-0.4593746344166223
20,1553313600,157,41,0,198,12,-0.5203945450418269,-1.1017133871225773
20,1553328000,50,183,133,233,12,-0.30957984284415885,-1.0604622745634793
20,1553342400,199,569,370,768,12,0.06608244603439258,-0.42990955401726655
20,1553356800,624,633,9,1257,12,-0.5061288885021351,0.14642741859413158
20,1553371200,840,433,0,1273,12,-0.5203945450418269,0.16528507004971923
20,1553385600,422,201,0,623,12,-0.5203945450418269,-0.6008070203335298
20,1553400000,92,32,0,124,12,-0.5203945450418269,-1.1889300251046702
20,1553414400,39,116,77,155,12,-0.39834392798001905,-1.1523933254094691
20,1553428800,144,468,324,612,12,-0.006830909612921197,-0.6137716557092463
20,1553443200,483,541,58,1024,12,-0.4284603140082574,-0.12818713072786386
20,1553457600,697,333,0,1030,12,-0.5203945450418269,-0.12111551143201849
20,1553472000,299,113,0,412,12,-0.5203945450418269,-0.8494922989040922
20,1553486400,57,29,0,86,12,-0.5203945450418269,-1.233716947311691
20,1553500800,51,658,607,709,12,0.44174473491294397,-0.4994471437597461
20,1553515200,272,2097,1825,2369,12,2.3723635866179045,1.4570341947574745
20,1553529600,687,669,0,1356,12,-0.5203945450418269,0.26310913697558025
20,1553544000,1837,530,0,2367,12,-0.5203945450418269,1.4546769883255262
20,1553558400,654,141,0,795,13,-0.5963711455759527,-0.28858703940119496
20,1553572800,129,23,0,152,13,-0.5963711455759527,-1.0933659374120386
20,1553587200,51,692,641,743,13,0.4882574993239403,-0.3536702473274218
20,1553601600,266,2191,1925,2457,13,2.6608989658628834,1.7915724139332092
20,1553616000,680,750,70,1430,13,-0.4779249597054495,0.5061790573902291
20,1553630400,1903,526,0,2429,13,-0.5963711455759527,1.756527609665241
20,1553644800,589,125,0,714,13,-0.5963711455759527,-0.3899666517478176
20,1553659200,119,42,0,161,13,-0.5963711455759527,-1.0821015360401915
20,1553673600,49,722,673,771,13,0.5424043271504561,-0.3186254430594535
20,1553688000,261,2239,1978,2500,13,2.7505796494505503,1.845391220487589
20,1553702400,716,723,7,1439,13,-0.5845265269889024,0.517443458762076
20,1553716800,1937,488,0,2425,13,-0.5963711455759527,1.7515212090555312
20,1553731200,534,157,0,691,13,-0.5963711455759527,-0.41875345525364865
20,1553745600,128,39,0,167,13,-0.5963711455759527,-1.0745919351256268
20,1553758059,36,427,391,463,13,0.06523540692928625,-0.7041182900071048
20,1553760000,46,499,453,545,13,0.17014488584316045,-0.6014870775080549
20,1553774400,337,2163,1826,2500,13,2.4933822172746005,1.845391220487589
20,1553788800,736,755,19,1491,13,-0.564221466553959,0.5825266666883028
20,1553803200,1819,543,0,2362,13,-0.5963711455759527,1.6726703994526024
20,1553817600,587,142,0,729,13,-0.5963711455759527,-0.37119264946140595
20,1553832000,125,29,0,154,13,-0.5963711455759527,-1.0908627371071835
20,1553846400,56,616,560,672,13,0.3511983413880724,-0.44253385814977003
20,1553852973,84,1429,1345,1513,13,1.6794877115072862,0.6100618700417064
20,1553853065,74,1203,1129,1277,13,1.3139966236783052,0.3146842340688308
20,1553857343,97,426,329,523,13,-0.039674071984587944,-0.6290222808614585
20,1553857434,82,393,311,475,13,-0.07013166263700303,-0.6890990881779756
20,1553860800,128,1575,1447,1703,13,1.852080725204305,0.84786589900292
20,1553875200,855,728,0,1583,13,-0.5963711455759527,0.6976738807116273
20,1553889600,1744,541,0,2285,13,-0.5963711455759527,1.5762971877156897
20,1553904000,460,185,0,645,13,-0.5963711455759527,-0.47632706226531085
20,1553918400,105,43,0,148,13,-0.5963711455759527,-1.0983723380217483
20,1553932800,41,120,79,161,13,-0.462696164379242,-1.0821015360401915
20,1553947200,140,389,249,529,13,-0.17504114155087724,-0.6215126799468939
20,1553961600,352,437,85,789,13,-0.4525436341617703,-0.2960966403157596
20,1553976000,586,399,0,985,13,-0.5963711455759527,-0.0507830104399815
20,1553990400,314,149,0,463,13,-0.5963711455759527,-0.7041182900071048
20,1554004800,63,29,0,92,13,-0.5963711455759527,-1.1684619465576849
20,1554019200,29,94,65,123,13,-0.48638540155334264,-1.1296623418324343
20,1554033600,125,335,210,460,13,-0.24103258796444327,-0.7078730904643872
20,1554048000,317,505,188,822,13,-0.2782585320951728,-0.25479383528565414
20,1554062400,418,218,0,636,13,-0.5963711455759527,-0.48759146363715783
20,1554076800,180,125,0,305,13,-0.5963711455759527,-0.9018711140906402
20,1554091200,35,16,0,51,13,-0.5963711455759527,-1.21977755280721
20,1554105600,46,676,630,722,13,0.46964452725857553,-0.37995385052839803
20,1554120000,247,2202,1955,2449,13,2.711661616950242,1.7815596127137896
20,1554134400,666,637,0,1303,13,-0.5963711455759527,0.34722583803194423
20,1554148800,1926,444,0,2370,13,-0.5963711455759527,1.682683200672022
20,1554163200,296,48,0,344,14,-0.5417812130416774,-0.8390462146980843
20,1554177600,0,2,2,2,14,-0.5384311135074823,-1.218918563486645
20,1554192000,47,693,646,740,14,0.540300936503312,-0.39919402136396137
20,1554206400,273,2315,2042,2588,14,2.878670411371431,1.6534495475286124
20,1554220800,690,768,78,1458,14,-0.4111273312080718,0.39831576351962517
20,1554235200,1933,451,0,2384,14,-0.5417812130416774,1.4268590236898218
20,1554249600,313,56,0,369,14,-0.5417812130416774,-0.8112777681492129
20,1554264000,0,5,5,5,14,-0.5334059642061898,-1.2155863499007804
20,1554278400,182,698,516,880,14,0.3225444667806362,-0.24369072069028155
20,1554280324,10,367,357,377,14,0.05621155381213259,-0.8023918652535741
20,1554292800,309,1972,1663,2281,14,2.243826549641476,1.3124530239084715
20,1554307200,732,754,22,1486,14,-0.5049301181655322,0.42941642365436117
20,1554321600,1919,736,0,2655,14,-0.5417812130416774,1.7278689842795878
20,1554336000,491,73,0,564,14,-0.5417812130416774,-0.5946838850680161
20,1554350400,1,6,5,7,14,-0.5334059642061898,-1.2133648741768708
20,1554364800,49,618,569,667,14,0.41132210443680406,-0.4802778852866659
20,1554379200,305,2158,1853,2463,14,2.5620860053900025,1.5146073147842554
20,1554393600,774,842,68,1616,14,-0.4278778288790469,0.5738123457084924
20,1554408000,2002,558,0,2560,14,-0.5417812130416774,1.6223488873938765
20,1554422400,304,76,0,380,14,-0.5417812130416774,-0.7990596516677095
20,1554436800,0,4,4,4,14,-0.5350810139732873,-1.2166970877627354
20,1554451200,44,598,554,642,14,0.38619635793034146,-0.5080463318355373
20,1554465600,313,2192,1879,2505,14,2.605637299334538,1.5612583049863593
20,1554480000,957,854,0,1811,14,-0.5417812130416774,0.7904062287896894
20,1554494400,2059,769,0,2828,14,-0.5417812130416774,1.9200266343977779
20,1554508800,521,163,0,684,14,-0.5417812130416774,-0.4613953416334333
20,1554523200,124,41,0,165,14,-0.5417812130416774,-1.0378682919880036
20,1554537600,64,173,109,237,14,-0.3592007884280491,-0.9578951659272539
20,1554552000,207,647,440,854,14,0.19524068448122567,-0.2725699051011078
20,1554566400,635,742,107,1377,14,-0.3625508879622441,0.3083459967012818
20,1554580800,928,576,0,1504,14,-0.5417812130416774,0.44940970516954853
20,1554595200,533,191,0,724,14,-0.5417812130416774,-0.41696582715523905
20,1554609600,93,41,0,134,14,-0.5417812130416774,-1.0723011657086041
20,1554624000,40,121,81,161,14,-0.40610218190677927,-1.042311243435823
20,1554638400,155,451,296,606,14,-0.04596648198081533,-0.5480328948659121
20,1554652800,445,491,46,936,14,-0.46472892375519204,-0.1814894004208096
20,1554667200,661,300,0,961,14,-0.5417812130416774,-0.1537209538719382
20,1554681600,278,111,0,389,14,-0.5417812130416774,-0.7890630109101158
20,1554696000,45,26,0,71,14,-0.5417812130416774,-1.14227765101176
20,1554710400,50,675,625,725,14,0.5051248913942644,-0.4158550892932842
20,1554724800,250,2191,1941,2441,14,2.709490384894583,1.4901710818212486
20,1554739200,713,674,0,1387,14,-0.5417812130416774,0.3194533753208304
20,1554753600,1879,423,0,2302,14,-0.5417812130416774,1.3357785190095235
20,1554768000,290,52,0,342,15,-0.6346607881824583,-0.8014239598708987
20,1554782400,1,3,2,4,15,-0.6310892587047855,-1.2035039634872913
20,1554796800,58,707,649,765,15,0.5243005273223685,-0.2982291624456499
20,1554811200,260,2270,2010,2530,15,2.9547263368787156,1.80138979135001
20,1554825600,699,713,14,1412,15,-0.6096600818387486,0.47143285631117277
20,1554840000,2048,555,0,2603,15,-0.6346607881824583,1.8882295554446746
20,1554854400,329,44,0,373,15,-0.6346607881824583,-0.7645467997759041
20,1554868800,1,2,1,3,15,-0.6328750234436219,-1.2046935492968074
20,1554883200,49,665,616,714,15,0.46537029094076715,-0.35889803873096354
20,1554887469,42,1068,1026,1110,15,1.1975338338636932,0.11217794183735447
20,1554887560,50,872,822,922,15,0.8332378271410665,-0.111464190351645
20,1554894699,162,1016,854,1178,15,0.8903822987838316,0.19306977688443938
20,1554895772,167,913,746,1080,15,0.6975197069894998,0.07649036755187583
20,1554897600,128,1766,1638,1894,15,2.290421854031573,1.044813216497863
20,1554912000,756,742,0,1498,15,-0.6346607881824583,0.5737372359295448
20,1554926400,1924,545,0,2469,15,-0.6346607881824583,1.7288250569695367
20,1554940800,298,52,0,350,15,-0.6346607881824583,-0.7919072733947711
20,1554955200,1,4,3,5,15,-0.6293034939659491,-1.2023143776777754
20,1554969600,54,639,585,693,15,0.4100115840368386,-0.3838793407307986
20,1554984000,337,2248,1911,2585,15,2.7779356277339113,1.8668170108733875
20,1554998400,812,764,0,1576,15,-0.6346607881824583,0.6665249290717893
20,1555012800,1889,555,0,2444,15,-0.6346607881824583,1.6990854117316379
20,1555027200,342,71,0,413,15,-0.6346607881824583,-0.7169633673952659
20,1555041600,2,1,0,3,15,-0.6346607881824583,-1.2046935492968074
20,1555056000,45,566,521,611,15,0.2957226407513087,-0.4814253771111069
20,1555059760,43,814,771,857,15,0.7421638254604099,-0.18878726797018205
20,1555059844,35,716,681,751,15,0.5814449989651335,-0.3148833637788732
20,1555070400,261,1698,1437,1959,15,1.9314831415254554,1.1221362941164
20,1555084800,828,716,0,1544,15,-0.6346607881824583,0.6284581831672787
20,1555099200,1990,837,0,2827,15,-0.6346607881824583,2.1546967767762486
20,1555113600,767,153,0,920,15,-0.6346607881824583,-0.1138433619706769
20,1555128000,78,28,0,106,15,-0.6346607881824583,-1.0821662109166639
20,1555142400,46,135,89,181,15,-0.47572772642601824,-0.9929472752029673
20,1555156800,211,442,231,653,15,-0.22214913351124874,-0.43146277311143677
20,1555171200,460,541,81,1001,15,-0.49001384433670947,-0.017486911399884588
20,1555185600,680,607,0,1287,15,-0.6346607881824583,0.3227346301216784
20,1555200000,490,180,0,670,15,-0.6346607881824583,-0.41123981434966556
20,1555214400,88,28,0,116,15,-0.6346607881824583,-1.0702703528215045
20,1555228800,39,104,65,143,15,-0.5185860801580919,-1.0381515359645737
20,1555243200,143,398,255,541,15,-0.179290779779175,-0.5646963837772238
20,1555251771,56,202,146,258,15,-0.37393913631234316,-0.9013491678702389
20,1555255963,36,67,31,103,15,-0.5793020812785297,-1.0857349683452118
20,1555257600,350,424,74,774,15,-0.5025141975085643,-0.28752289016000626
20,1555272000,580,377,0,957,15,-0.6346607881824583,-0.06982868701858659
20,1555286400,174,96,0,270,15,-0.6346607881824583,-0.8870741381560474
20,1555300800,33,18,0,51,15,-0.6346607881824583,-1.1475934304400415
20,1555315200,40,640,600,680,15,0.4367980551193847,-0.399343956254506
20,1555329600,376,2258,1882,2634,15,2.7261484503076554,1.9251067155396693
20,1555344000,714,743,29,1457,15,-0.5828736107562025,0.5249642177393907
20,1555358400,1957,511,0,2468,15,-0.6346607881824583,1.7276354711600208
20,1555372800,514,97,0,611,16,-0.5080294985041115,-0.5985290711670485
20,1555387200,67,22,0,89,16,-0.5080294985041115,-1.193799954684848
20,1555401600,49,680,631,729,16,0.5838363493067688,-0.4639659212530632
20,1555416000,345,2347,2002,2692,16,2.9561787856755752,1.774571903163489
20,1555430400,762,730,0,1492,16,-0.5080294985041115,0.4061330904788926
20,1555444800,1990,594,0,2584,16,-0.5080294985041115,1.6514124100218752
20,1555459200,571,149,0,720,16,-0.5080294985041115,-0.47422921234819765
20,1555473600,79,25,0,104,16,-0.5080294985041115,-1.1766944695262904
20,1555488000,50,654,604,704,16,0.5371162575620877,-0.49247506318399226
20,1555502400,363,2330,1967,2693,16,2.8956157037843218,1.775712268840726
20,1555516800,720,763,43,1483,16,-0.4336234264662861,0.39586979938375816
20,1555531200,2040,601,0,2641,16,-0.5080294985041115,1.7164132536243937
20,1555545600,565,184,0,749,16,-0.5080294985041115,-0.4411586077083199
20,1555560000,85,26,0,111,16,-0.5080294985041115,-1.1687119097856302
20,1555574400,44,681,637,725,16,0.5942185919166979,-0.4685273839620118
20,1555588800,355,2210,1855,2565,16,2.7018138417323114,1.6297454621543692
20,1555603200,864,842,0,1706,16,-0.5080294985041115,0.6501713454076457
20,1555617600,1808,597,0,2405,16,-0.5080294985041115,1.447286953796423
20,1555632000,1738,198,0,1936,16,-0.5080294985041115,0.9124554511721933
20,1555646400,103,32,0,135,16,-0.5080294985041115,-1.1413431335319384
20,1555660800,48,464,416,512,16,0.21180598911764156,-0.7114252732135277
20,1555675200,383,1594,1211,1977,16,1.5874531349332515,0.959210443938917
20,1555689600,918,736,0,1654,16,-0.5080294985041115,0.5908723301913131
20,1555704000,1339,598,0,1937,16,-0.5080294985041115,0.9135958168494305
20,1555718400,572,164,0,736,16,-0.5080294985041115,-0.45598336151240304
20,1555732800,84,23,0,107,16,-0.5080294985041115,-1.173273372494579
20,1555747200,36,116,80,152,16,-0.3695995970383898,-1.1219569170189065
20,1555761600,205,441,236,646,16,-0.09966128918023237,-0.5586162724637478
20,1555776000,403,462,59,865,16,-0.40593744617314176,-0.30887618914880893
20,1555790400,546,410,0,956,16,-0.5080294985041115,-0.20510291252022703
20,1555804800,348,145,0,493,16,-0.5080294985041115,-0.7330922210810338
20,1555819200,77,20,0,97,16,-0.5080294985041115,-1.1846770292669506
20,1555833600,32,94,62,126,16,-0.4007463248681772,-1.1516064246270727
20,1555848000,288,480,192,768,16,-0.17579773498637932,-0.41949165984081377
20,1555862400,702,525,0,1227,16,-0.5080294985041115,0.1039361860110443
20,1555876800,690,300,0,990,16,-0.5080294985041115,-0.16633047949416346
20,1555891200,280,128,0,408,16,-0.5080294985041115,-0.8300233036461927
20,1555905600,36,16,0,52,16,-0.5080294985041115,-1.2359934847426228
20,1555920000,30,613,583,643,16,0.5007784084273357,-0.5620373694954592
20,1555934400,349,2102,1753,2451,16,2.525315717363516,1.4997437749493325
20,1555948800,824,723,0,1547,16,-0.5080294985041115,0.46885320272693665
20,1555963200,2008,480,0,2488,16,-0.5080294985041115,1.5419373050071075
20,1555977600,424,98,0,522,17,-0.5327650692435486,-0.6938230235515697
20,1555992000,67,20,0,87,17,-0.5327650692435486,-1.18854052892905
20,1556006400,44,668,624,712,17,0.5619199119195186,-0.4777395154556588
20,1556020800,327,2195,1868,2522,17,2.744272662827941,1.580740219563282
20,1556035200,763,765,2,1528,17,-0.5292564635346927,0.45028228773520074
20,1556049600,1809,590,0,2399,17,-0.5327650692435486,1.4408545801117185
20,1556064000,602,144,0,746,17,-0.5327650692435486,-0.4390719403227063
20,1556078400,77,32,0,109,17,-0.5327650692435486,-1.1635203332547865
20,1556092800,44,658,614,702,17,0.5443768833752387,-0.489112331671233
20,1556107200,411,2115,1704,2526,17,2.4565669947017503,1.5852893460495117
20,1556121600,746,783,37,1529,17,-0.46785586362971293,0.45141956935675814
20,1556136000,1853,592,0,2445,17,-0.5327650692435486,1.4931695347033602
20,1556150400,572,169,0,741,17,-0.5327650692435486,-0.44475834843049344
20,1556164800,86,30,0,116,17,-0.5327650692435486,-1.1555593619038846
20,1556179200,40,646,606,686,17,0.5303424605398147,-0.5073088376161519
20,1556193600,345,2065,1720,2410,17,2.484635840372598,1.4533646779488503
20,1556208000,779,854,75,1633,17,-0.40119235516144924,0.5696968579987304
20,1556222400,2155,675,0,2830,17,-0.5327650692435486,1.9310229590029693
20,1556236800,606,171,0,777,17,-0.5327650692435486,-0.4038162100544261
20,1556251200,80,34,0,114,17,-0.5327650692435486,-1.1578339251469993
20,1556265600,50,620,570,670,17,0.467187557780407,-0.5255053435610707
20,1556280000,393,2071,1678,2464,17,2.4109551204866224,1.5147778855129512
20,1556294400,991,844,0,1835,17,-0.5327650692435486,0.7994277455533304
20,1556308800,1908,604,0,2512,17,-0.5327650692435486,1.5693674033477079
20,1556323200,500,145,0,645,17,-0.5327650692435486,-0.5539373841000064
20,1556337600,79,28,0,107,17,-0.5327650692435486,-1.1657948964979015
20,1556352000,36,155,119,191,17,-0.3240030295666176,-1.0702632402870778
20,1556366400,284,598,314,882,17,0.018086027046840945,-0.2844016397908964
20,1556380800,580,602,22,1182,17,-0.4941704064461328,0.056782846676331364
20,1556395200,750,487,0,1237,17,-0.5327650692435486,0.11933333586198978
20,1556409600,409,204,0,613,17,-0.5327650692435486,-0.5903303959898439
20,1556424000,80,38,0,118,17,-0.5327650692435486,-1.1532847986607697
20,1556438400,34,109,75,143,17,-0.40119235516144924,-1.1248527581218342
20,1556452800,195,423,228,618,17,-0.1327840184339664,-0.5846439878820568
20,1556467200,397,477,80,874,17,-0.3924208408893093,-0.2934998927633558
20,1556481600,575,337,0,912,17,-0.5327650692435486,-0.25028319114417363
20,1556496000,326,120,0,446,17,-0.5327650692435486,-0.780256426789934
20,1556510400,36,31,0,67,17,-0.5327650692435486,-1.2112861613601984
20,1556524800,42,625,583,667,17,0.4899934948879709,-0.528917188425743
20,1556539200,330,2166,1836,2496,17,2.6881349714862455,1.551170897402789
20,1556553600,686,649,0,1335,17,-0.5327650692435486,0.2307869347746175
20,1556568000,1905,494,0,2399,17,-0.5327650692435486,1.4408545801117185
20,1556582400,540,120,0,660,18,-0.5665136321157198,-0.5570823302445947
20,1556596800,83,20,0,103,18,-0.5665136321157198,-1.2090259876123408
20,1556611200,44,672,628,716,18,0.4617249834006734,-0.49153682788805303
20,1556625600,320,2293,1973,2613,18,2.6639239290528214,1.7288170644398
20,1556640000,713,737,24,1450,18,-0.5272178888475775,0.367577435142334
20,1556654400,1919,590,0,2509,18,-0.5665136321157198,1.6070897029205082
20,1556668800,551,143,0,694,18,-0.5665136321157198,-0.5172868466709801
20,1556683200,76,24,0,100,18,-0.5665136321157198,-1.2125373538100126
20,1556697600,47,720,673,767,18,0.5354045020284405,-0.43184360252763104
20,1556712000,305,2318,2013,2623,18,2.7294168344997254,1.7405216184320398
20,1556726400,719,707,0,1426,18,-0.5665136321157198,0.33948650556095894
20,1556740800,1947,478,0,2425,18,-0.5665136321157198,1.5087714493856954
20,1556755200,471,111,0,582,18,-0.5665136321157198,-0.6483778513840637
20,1556769600,89,24,0,113,18,-0.5665136321157198,-1.1973214336201012
20,1556784000,50,658,608,708,18,0.4289785306772214,-0.5009004710818447
20,1556790326,94,1481,1387,1575,18,1.7044528642556773,0.5138843600453291
20,1556798400,242,1900,1658,2142,18,2.148167298658452,1.1775325714053146
20,1556812800,775,879,104,1654,18,-0.39623207795376936,0.6063503365840219
20,1556827200,1836,662,0,2498,18,-0.5665136321157198,1.5942146935290447
20,1556841600,688,128,0,816,18,-0.5665136321157198,-0.37449128796565695
20,1556856000,92,34,0,126,18,-0.5665136321157198,-1.1821055134301897
20,1556870400,49,635,586,684,18,0.3929574326814242,-0.5289914006632197
20,1556884800,349,2090,1741,2439,18,2.284065077460778,1.525157824974831
20,1556899200,853,797,0,1650,18,-0.5665136321157198,0.6016685149871261
20,1556913600,1774,574,0,2348,18,-0.5665136321157198,1.4186463836454506
20,1556928000,453,201,0,654,18,-0.5665136321157198,-0.5641050626399385
20,1556942400,104,38,0,142,18,-0.5665136321157198,-1.1633782270426063
20,1556956800,44,160,116,204,18,-0.3765842063196982,-1.0908099922907208
20,1556971200,211,503,292,714,18,-0.08841542235332044,-0.4938777386865009
20,1556985600,505,591,86,1096,18,-0.4257038854048762,-0.04676377618294802
20,1557000000,745,586,0,1331,18,-0.5665136321157198,0.2282932426346827
20,1557014400,483,188,0,671,18,-0.5665136321157198,-0.5442073208531313
20,1557028800,95,38,0,133,18,-0.5665136321157198,-1.173912325635622
20,1557043200,32,138,106,170,18,-0.3929574326814242,-1.1306054758643354
20,1557057600,132,422,290,554,18,-0.09169006762566564,-0.6811506025623346
20,1557072000,446,553,107,999,18,-0.3913201100452516,-0.16029794990767218
20,1557086400,607,377,0,984,18,-0.5665136321157198,-0.1778547808960316
20,1557100800,375,93,0,468,18,-0.5665136321157198,-0.7818097668955952
20,1557115200,37,27,0,64,18,-0.5665136321157198,-1.2546737481820753
20,1557129600,34,643,609,677,18,0.43061585331339397,-0.5371845884577875
20,1557144000,389,2228,1839,2617,18,2.4445226958056927,1.733498886036696
20,1557158400,712,750,38,1462,18,-0.504295371941161,0.3816228999330215
20,1557172800,1978,507,0,2485,18,-0.5665136321157198,1.578998773339133
20,1557187200,567,135,0,702,19,-0.5491648405782308,-0.44238814993765324
20,1557201600,96,41,0,137,19,-0.5491648405782308,-1.0916837815027765
20,1557216000,52,683,631,735,19,0.5163891907177368,-0.4044646882710177
20,1557230400,325,2222,1897,2547,19,2.654251953983497,1.6778781159696963
20,1557244800,764,760,0,1524,19,-0.5491648405782308,0.5022508043039952
20,1557259200,1956,539,0,2495,19,-0.5491648405782308,1.6181199339495433
20,1557273600,673,125,0,798,19,-0.5491648405782308,-0.33206535236198625
20,1557288000,87,35,0,122,19,-0.5491648405782308,-1.1089217186239744
20,1557302400,44,655,611,699,19,0.48261568734860943,-0.4458357373618928
20,1557305225,25,456,431,481,19,0.1786541570264634,-0.6963604235233032
20,1557306560,20,343,323,363,19,-0.0037227611668242374,-0.8319655288767271
20,1557316800,372,2246,1874,2618,19,2.6154124251090005,1.7594710183433666
20,1557331200,720,770,50,1490,19,-0.4647310821554124,0.46317814682927977
20,1557345600,1873,559,0,2432,19,-0.5491648405782308,1.5457205980405118
20,1557360000,590,125,0,715,19,-0.5491648405782308,-0.427448604432615
20,1557374400,90,25,0,115,19,-0.5491648405782308,-1.1169660892805335
20,1557388800,58,668,610,726,19,0.48092701218015305,-0.41480745054373647
20,1557403200,328,2141,1813,2469,19,2.512403239833162,1.5882408429394668
20,1557417600,799,817,18,1616,19,-0.5187686875460161,0.6079768186473427
20,1557432000,2025,576,0,2601,19,-0.5491648405782308,1.7399346896060088
20,1557446400,570,123,0,693,19,-0.5491648405782308,-0.452730912210372
20,1557460800,95,23,0,118,19,-0.5491648405782308,-1.1135185018562939
20,1557475200,59,638,579,697,19,0.4285780819580057,-0.44813412897805255
20,1557489600,310,2104,1794,2414,19,2.4803184116324912,1.5250350734950744
20,1557504000,827,829,2,1656,19,-0.545787490241318,0.6539446509705372
20,1557518400,1689,571,0,2260,19,-0.5491648405782308,1.3480589190507752
20,1557532800,502,168,0,670,19,-0.5491648405782308,-0.4791624157962089
20,1557547200,107,36,0,143,19,-0.5491648405782308,-1.0847886066542973
20,1557561600,41,166,125,207,19,-0.3380804445211849,-1.011240074937186
20,1557576000,213,506,293,719,19,-0.054383016220515244,-0.4228518212002955
20,1557590400,444,605,161,1049,19,-0.27728813845675565,-0.04361720453394035
20,1557604800,656,455,0,1111,19,-0.5491648405782308,0.027632935567011234
20,1557619200,433,119,0,552,19,-0.5491648405782308,-0.6147675211496328
20,1557633600,78,25,0,103,19,-0.5491648405782308,-1.1307564389774918
20,1557648000,27,100,73,127,19,-0.42589155328091594,-1.103175739583575
20,1557662400,118,417,299,535,19,-0.04425096520977704,-0.6343038498869905
20,1557676800,429,518,89,947,19,-0.3988727505856141,-0.1608351769580865
20,1557691200,479,229,0,708,19,-0.5491648405782308,-0.43549297508917406
20,1557705600,174,81,0,255,19,-0.5491648405782308,-0.9560786761493525
20,1557720000,35,18,0,53,19,-0.5491648405782308,-1.188216229381485
20,1557734400,45,659,614,704,19,0.48768171285397854,-0.4400897583214935
20,1557748800,281,2303,2022,2584,19,2.865336350040543,1.7203983608686513
20,1557763200,876,763,0,1639,19,-0.5491648405782308,0.6344083222331796
20,1557777600,2012,485,0,2497,19,-0.5491648405782308,1.620418325565703
20,1557792000,429,109,0,538,20,-0.5657880376356548,-0.7052860557976509
20,1557806400,81,22,0,103,20,-0.5657880376356548,-1.2239566750116797
20,1557820800,48,735,687,783,20,0.586929583525955,-0.4131612242863014
20,1557835200,298,2261,1963,2559,20,2.727930580035728,1.7044457176082157
20,1557849600,743,733,0,1476,20,-0.5657880376356548,0.41313472770294424
20,1557864000,2049,670,0,2719,20,-0.5657880376356548,1.895221117778893
20,1557878400,678,115,0,793,20,-0.5657880376356548,-0.40123776177563414
20,1557892800,92,20,0,112,20,-0.5657880376356548,-1.213225558752079
20,1557907200,48,630,582,678,20,0.4107500344401195,-0.5383575806483084
20,1557921600,347,2222,1875,2569,20,2.580275338897123,1.716369180118883
20,1557936000,741,842,101,1583,20,-0.3963200904197558,0.5407157765670847
20,1557950400,1969,637,0,2606,20,-0.5657880376356548,1.7604859914083522
20,1557964800,750,224,0,974,20,-0.5657880376356548,-0.18542309033255552
20,1557979200,118,30,0,148,20,-0.5657880376356548,-1.1703010937136766
20,1557993600,63,643,580,706,20,0.4073942335051512,-0.5049718856184399
20,1558008000,297,2172,1875,2469,20,2.580275338897123,1.5971345550122098
20,1558022400,767,821,54,1588,20,-0.47518141239151074,0.5466775078224183
20,1558036800,1904,742,0,2646,20,-0.5657880376356548,1.8081798414510215
20,1558051200,772,191,0,963,20,-0.5657880376356548,-0.19853889909428957
20,1558065600,99,21,0,120,20,-0.5657880376356548,-1.2036867887435452
20,1558080000,57,604,547,661,20,0.35202351807817434,-0.5586274669164428
20,1558086892,83,1583,1500,1666,20,1.9510626635905675,0.6396805154056234
20,1558093469,246,559,313,805,20,-0.040605191313116365,-0.38692960676283333
20,1558094400,282,1705,1423,1987,20,1.821864327594288,1.0224236619980447
20,1558108800,841,786,0,1627,20,-0.5657880376356548,0.5931790116140209
20,1558123200,1638,667,0,2305,20,-0.5657880376356548,1.4015897698372657
20,1558132456,450,91,0,541,20,-0.5657880376356548,-0.7017090170444508
20,1558137600,446,161,0,607,20,-0.5657880376356548,-0.6230141644740463
20,1558152000,113,34,0,147,20,-0.5657880376356548,-1.1714934399647434
20,1558166400,41,171,130,212,20,-0.34766097686271547,-1.0939909336454057
20,1558180800,178,510,332,688,20,-0.008725082430917552,-0.5264341181376411
20,1558195200,463,611,148,1074,20,-0.3174587684480008,-0.06618846522588226
20,1558209600,732,580,0,1312,20,-0.5657880376356548,0.2175899425280001
20,1558224000,505,234,0,739,20,-0.5657880376356548,-0.4656244593332377
20,1558238400,99,39,0,138,20,-0.5657880376356548,-1.182224556224344
20,1558252800,33,108,75,141,20,-0.4399455025743436,-1.1786475174711437
20,1558267200,137,382,245,519,20,-0.15470242310203844,-0.7279406345679189
20,1558281600,375,553,178,928,20,-0.26712175442347635,-0.24027101788162522
20,1558296000,648,427,0,1075,20,-0.5657880376356548,-0.06499611897481553
20,1558310400,398,118,0,516,20,-0.5657880376356548,-0.731517673321119
20,1558324800,52,19,0,71,20,-0.5657880376356548,-1.262111755045815
20,1558339200,45,678,633,723,20,0.49632295828181106,-0.4847019993503054
20,1558353600,250,2183,1933,2433,20,2.6775935660112036,1.5542100899738074
20,1558368000,728,699,0,1427,20,-0.5657880376356548,0.35470976140067434
20,1558382400,1854,499,0,2353,20,-0.5657880376356548,1.4588223898884687
20,1558396800,454,93,0,547,21,-0.47593186302408585,-0.48303241301930877
20,1558411200,85,22,0,107,21,-0.47593186302408585,-1.0231137018471355
20,1558425600,67,666,599,733,21,0.6429389051377916,-0.25472532274209114
20,1558440000,265,2159,1894,2424,21,3.061866525788261,1.8209052668212153
20,1558454400,733,842,109,1575,21,-0.27233100537860233,0.7787938708784317
20,1558454802,32,27,0,59,21,-0.47593186302408585,-1.0820316606283529
20,1558468800,1888,576,0,2464,21,-0.47593186302408585,1.8700035658055632
20,1558483200,532,131,0,663,21,-0.47593186302408585,-0.3406473459646999
20,1558497600,106,23,0,129,21,-0.47593186302408585,-0.9961096374057441
20,1558512000,61,661,600,722,21,0.6448068029143557,-0.2682273549627868
20,1558526400,267,2216,1949,2483,21,3.164600903499285,1.8933252578231283
20,1558540800,774,875,101,1649,21,-0.2872741875911149,0.8696257239994752
20,1558555200,1880,590,0,2470,21,-0.47593186302408585,1.8773683106532153
20,1558569600,521,125,0,646,21,-0.47593186302408585,-0.36151412303304775
20,1558584000,95,27,0,122,21,-0.47593186302408585,-1.004701839728005
20,1558598400,81,678,597,759,21,0.6392031095846634,-0.22281142840226503
20,1558598914,18,127,109,145,21,-0.27233100537860233,-0.9764703178120049
20,1558612800,348,2428,2080,2776,21,3.409295512229178,2.2529702978834765
20,1558627200,792,772,0,1564,21,-0.47593186302408585,0.765291838657736
20,1558641600,1946,617,0,2563,21,-0.47593186302408585,1.9915218557918242
20,1558656000,507,156,0,663,21,-0.47593186302408585,-0.3406473459646999
20,1558670400,102,26,0,128,21,-0.47593186302408585,-0.9973370948803527
20,1558684800,50,512,462,562,21,0.38703690974851407,-0.4646205509001783
20,1558699200,256,1735,1479,1991,21,2.2866889485141724,1.2894161803156496
20,1558713600,1128,785,0,1913,21,-0.47593186302408585,1.1936744972961713
20,1558728000,1293,556,0,1849,21,-0.47593186302408585,1.1151172189212146
20,1558742400,463,161,0,624,21,-0.47593186302408585,-0.3885181874744391
20,1558756800,92,32,0,124,21,-0.47593186302408585,-1.0022469247787875
20,1558771200,33,139,106,172,21,-0.2779346987082945,-0.9433289659975701
20,1558785600,150,467,317,617,21,0.11619173214672406,-0.3971103897967
20,1558800000,409,523,114,932,21,-0.262991516495782,-0.01046128529496046
20,1558814400,690,514,0,1204,21,-0.47593186302408585,0.3234071477986051
20,1558828800,458,187,0,645,21,-0.47593186302408585,-0.3627415805076565
20,1558843200,84,22,0,106,21,-0.47593186302408585,-1.0243411593217442
20,1558857600,26,88,62,114,21,-0.3601222008771136,-1.0145214995248746
20,1558872000,163,350,187,513,21,-0.12663497880660493,-0.5247659671560044
20,1558886400,378,411,33,789,21,-0.41429123639747156,-0.18598770416400412
20,1558900800,628,296,0,924,21,-0.47593186302408585,-0.020280945091830035
20,1558915200,231,136,0,367,21,-0.47593186302408585,-0.7039747584488742
20,1558929600,47,21,0,68,21,-0.47593186302408585,-1.0709845433568745
20,1558944000,29,130,101,159,21,-0.2872741875911149,-0.9592859131674831
20,1558958400,168,428,260,596,21,0.00972155888257211,-0.4228869967634826
20,1558972800,391,443,52,834,21,-0.37880117864275425,-0.13075211780661275
20,1558987200,574,315,0,889,21,-0.47593186302408585,-0.06324195670313443
20,1559001600,319,133,0,452,22,-0.5402692317332968,-0.7381602785880289
20,1559016000,48,20,0,68,22,-0.5402692317332968,-1.1917723560529834
20,1559030400,35,592,557,627,22,0.4421682659090464,-0.5314360245349897
20,1559044800,258,2051,1793,2309,22,2.6222270578048024,1.4554793772776495
20,1559059200,678,617,0,1295,22,-0.5402692317332968,0.2576599852217541
20,1559073600,1920,468,0,2388,22,-0.5402692317332968,1.5488006119644502
20,1559088000,474,124,0,598,22,-0.5402692317332968,-0.5656931866352076
20,1559102400,81,18,0,99,22,-0.5402692317332968,-1.155152631049302
20,1559116800,55,654,599,709,22,0.5162479335948246,-0.4345709454929942
20,1559131200,302,2091,1789,2393,22,2.615171851358538,1.5547070192231085
20,1559145600,757,686,0,1443,22,-0.5402692317332968,0.43248964007803864
20,1559160000,2199,524,0,2723,22,-0.5402692317332968,1.9445298982945536
20,1559174400,431,107,0,538,22,-0.5402692317332968,-0.6365700737391068
20,1559188800,87,19,0,106,22,-0.5402692317332968,-1.1468836608871806
20,1559203200,43,624,581,667,22,0.4844995045866339,-0.4841847664657236
20,1559217600,273,2060,1787,2333,22,2.6116442481354056,1.4838301321192093
20,1559232000,682,754,72,1436,22,-0.4132755157005343,0.42422066991591706
20,1559246400,2115,562,0,2677,22,-0.5402692317332968,1.8901909515148976
20,1559260800,481,95,0,576,22,-0.5402692317332968,-0.5916813785733039
20,1559275200,94,30,0,124,22,-0.5402692317332968,-1.125620594756011
20,1559289600,54,594,540,648,22,0.4121836385124219,-0.506629114048625
20,1559304000,363,1918,1555,2281,22,2.2024422742520597,1.4224034966291634
20,1559318400,854,744,0,1598,22,-0.5402692317332968,0.6155882650964447
20,1559332800,1686,618,0,2304,22,-0.5402692317332968,1.4495729700189914
20,1559347200,590,257,0,847,22,-0.5402692317332968,-0.27155410515402617
20,1559361600,123,56,0,179,22,-0.5402692317332968,-1.0606501149107699
20,1559376000,37,180,143,217,22,-0.2880456012793379,-1.0157614197449671
20,1559390400,217,578,361,795,22,0.09646315004208185,-0.3329807406440721
20,1559404800,450,598,148,1048,22,-0.27922659322150717,-0.03411653335596405
20,1559419200,608,451,0,1059,22,-0.5402692317332968,-0.02112243738691587
20,1559433600,400,230,0,630,22,-0.5402692317332968,-0.5278921801797948
20,1559448000,90,44,0,134,22,-0.5402692317332968,-1.1138077802386943
20,1559462400,28,100,72,128,22,-0.4132755157005343,-1.1208954689490842
20,1559476800,149,474,325,623,22,0.0329662920257006,-0.5361611503419164
20,1559491200,441,533,92,974,22,-0.37799948346921136,-0.12153136078410633
20,1559505600,638,317,0,955,22,-0.5402692317332968,-0.1439757083670077
20,1559520000,255,170,0,425,22,-0.5402692317332968,-0.7700548777847834
20,1559534400,45,22,0,67,22,-0.5402692317332968,-1.192953637504715
20,1559548800,37,624,587,661,22,0.4950823142560308,-0.4912724551761135
20,1559563200,254,2118,1864,2372,22,2.747456972225999,1.5299001087367436
20,1559577600,663,632,0,1295,22,-0.5402692317332968,0.2576599852217541
20,1559592000,1929,499,0,2428,22,-0.5402692317332968,1.5960518700337163
20,1559606400,530,143,0,673,23,-0.5585278150896386,-0.4678733899870321
20,1559620800,87,21,0,108,23,-0.5585278150896386,-1.1150108581852856
20,1559635200,59,747,688,806,23,0.6171603243701935,-0.3155383753492132
20,1559641688,67,1215,1148,1282,23,1.4032308827299649,0.22966062440719143
20,1559649600,269,2348,2079,2617,23,2.994169338888546,1.7587376510349229
20,1559664000,686,642,0,1328,23,-0.5585278150896386,0.2823479227029784
20,1559678400,1871,561,0,2432,23,-0.5585278150896386,1.5468430818018664
20,1559692800,579,135,0,714,23,-0.5585278150896386,-0.4209129719407872
20,1559707200,97,22,0,119,23,-0.5585278150896386,-1.102411721636293
20,1559721600,53,640,587,693,23,0.44456657133902633,-0.44496586898886387
20,1559736000,290,2194,1904,2484,23,2.69512075690385,1.6064026363971038
20,1559750400,674,711,37,1385,23,-0.49530040061287434,0.34763435754775796
20,1559764800,1947,525,0,2472,23,-0.5585278150896386,1.592658123798203
20,1559779200,486,115,0,601,23,-0.5585278150896386,-0.5503404655804378
20,1559793600,93,24,0,117,23,-0.5585278150896386,-1.1047024737361097
20,1559808000,49,636,587,685,23,0.44456657133902633,-0.4541288773881311
20,1559822400,374,2174,1800,2548,23,2.5174004567529455,1.6797067035912423
20,1559836800,720,750,30,1470,23,-0.5072623438922621,0.4449913217899731
20,1559851200,1945,655,0,2600,23,-0.5585278150896386,1.7392662581864797
20,1559865600,590,146,0,736,23,-0.5585278150896386,-0.3957146988428021
20,1559880000,98,38,0,136,23,-0.5585278150896386,-1.0829403287878498
20,1559894400,65,626,561,691,23,0.4001364963013001,-0.4472566210886807
20,1559908800,357,2009,1652,2366,23,2.2644907988458884,1.471248262507911
20,1559923200,1041,763,0,1804,23,-0.5585278150896386,0.827546922459383
20,1559937600,2202,606,0,2808,23,-0.5585278150896386,1.9775044765674297
20,1559952000,644,180,0,824,23,-0.5585278150896386,-0.29492160645086174
20,1559966400,162,35,0,197,23,-0.5585278150896386,-1.0130723897434366
20,1559980800,39,139,100,178,23,-0.3876429110983839,-1.0348345346916965
20,1559995200,137,435,298,572,23,-0.04929080119569966,-0.5835563710277818
20,1560009600,439,563,124,1002,23,-0.3466305341404828,-0.09104466956716423
20,1560024000,622,408,0,1030,23,-0.5585278150896386,-0.058974140169728656
20,1560038400,366,207,0,573,23,-0.5585278150896386,-0.5824109949778734
20,1560052800,98,44,0,142,23,-0.5585278150896386,-1.0760680724883993
20,1560067200,30,107,77,137,23,-0.42694643901637247,-1.0817949527379416
20,1560081600,153,513,360,666,23,0.05665783927887823,-0.47589102233639097
20,1560096000,487,532,45,1019,23,-0.48162960829357393,-0.0715732767187212
20,1560110400,352,377,25,729,23,-0.5158065890918249,-0.40373233119216095
20,1560124800,243,122,0,365,23,-0.5585278150896386,-0.8206492133588233
20,1560139200,49,22,0,71,23,-0.5585278150896386,-1.1573897720318966
20,1560153600,37,695,658,732,23,0.5658948531728171,-0.40029620304243574
20,1560154790,17,195,178,212,23,-0.2543526859852053,-0.9958917489948105
20,1560155439,9,113,104,122,23,-0.3808075149387337,-1.0989755934865677
20,1560168000,255,1921,1666,2176,23,2.288414685404664,1.2536268130253128
20,1560182400,927,741,0,1668,23,-0.5585278150896386,0.6717757796718389
20,1560196800,2125,452,0,2577,23,-0.5585278150896386,1.7129226090385863
20,1560211200,480,114,0,594,24,-0.6545448818784076,-0.8015387581172992
20,1560225600,81,21,0,102,24,-0.6545448818784076,-1.2999426166099326
20,1560240000,63,704,641,767,24,0.2692777121062217,-0.6262869948668407
20,1560254400,296,2248,1952,2544,24,2.1587183060435837,1.173842388347406
20,1560268800,778,2098,1320,2876,24,1.2478667001180208,1.510163691232679
20,1560283200,2312,548,0,2860,24,-0.6545448818784076,1.4939554356719429
20,1560297600,615,502,0,1117,24,-0.6545448818784076,-0.2717314044757398
20,1560312000,95,24,0,119,24,-0.6545448818784076,-1.2827213450766506
20,1560326400,53,663,610,716,24,0.22459986434721468,-0.6779508094666868
20,1560327483,11,165,154,176,24,-0.4325968639788243,-1.2249794346415284
20,1560340800,281,1986,1705,2267,24,1.802736744866979,0.8932369639521633
20,1560355200,803,751,0,1554,24,-0.6545448818784076,0.1709565755268634
20,1560369600,1950,617,0,2567,24,-0.6545448818784076,1.1971417557159643
20,1560384000,653,163,0,816,24,-0.6545448818784076,-0.5766492122120865
20,1560398400,99,22,0,121,24,-0.6545448818784076,-1.2806953131315584
20,1560412800,60,651,591,711,24,0.19721666733362972,-0.6830158893294169
20,1560427200,311,2372,2061,2683,24,2.315811383647834,1.3146516085313005
20,1560441600,716,755,39,1471,24,-0.5983372669557858,0.08687624980554519
20,1560456000,1914,657,0,2571,24,-0.6545448818784076,1.2011938196061482
20,1560470400,603,125,0,728,24,-0.6545448818784076,-0.6657946177961348
20,1560484800,107,25,0,132,24,-0.6545448818784076,-1.2695521374335526
20,1560499200,47,585,538,632,24,0.12083195987468222,-0.7630441511605511
20,1560513600,294,2037,1743,2331,24,1.8575031388941492,0.9580699861951075
20,1560528000,934,799,0,1733,24,-0.6545448818784076,0.3522864346125979
20,1560542400,1726,717,0,2443,24,-0.6545448818784076,1.0715277751202599
20,1561161600,9246,7658,0,16904,25,-0.4171113924354618,4.696312625089604
20,1561176000,105,33,0,138,25,-0.4171113924354618,-0.35225983217568346
20,1561190400,39,180,141,219,25,-0.040408709755557146,-0.3278691385672802
20,1561204800,174,472,298,646,25,0.37904037663270546,-0.19929103769335219
20,1561219200,478,505,27,983,25,-0.3449768361776077,-0.09781370749542768
20,1561233600,668,544,0,1212,25,-0.4171113924354618,-0.028857302108707485
20,1561248000,519,205,0,724,25,-0.4171113924354618,-0.17580370310748242
20,1561262400,82,33,0,115,25,-0.4171113924354618,-0.35918558468177325
20,1561276800,32,130,98,162,25,-0.1552896697217692,-0.34503295999541583
20,1561291200,171,392,221,563,25,0.17332330878623273,-0.22428397065011102
20,1561305600,398,469,71,867,25,-0.22742422597962328,-0.1327435897000545
20,1561320000,574,345,0,919,25,-0.4171113924354618,-0.117085366642808
20,1561334400,298,148,0,446,25,-0.4171113924354618,-0.25951497252891564
20,1561348800,46,26,0,72,25,-0.4171113924354618,-0.3721337306714194
20,1561363200,49,639,590,688,25,1.1591622443102385,-0.18664401137788383
20,1561365344,20,331,311,351,25,0.4137718296457463,-0.2881213415758083
20,1561365425,1,26,25,27,25,-0.35032013664115247,-0.3856841160094212
20,1561365505,1,23,22,24,25,-0.35833508733646957,-0.3865874750319546
20,1561365586,3,17,14,20,25,-0.3797082891906486,-0.38779195372866593
20,1561365666,1,22,21,23,25,-0.3610067375682419,-0.38688859470613246
20,1561365746,1,21,20,22,25,-0.3636783878000143,-0.38718971438031025
20,1561377600,277,2100,1823,2377,25,4.453306980085575,0.32194711830844985
20,1561392000,667,732,65,1399,25,-0.2434541273702575,0.027452076962544383
20,1561406400,1958,529,0,2487,25,-0.4171113924354618,0.3550702824680098
20,1561420800,506,191,0,697,26,-0.5306509849995291,-0.48094210858562936
20,1561435200,101,24,0,125,26,-0.5306509849995291,-1.1369435402929569
20,1561449600,70,725,655,795,26,0.5785510967068038,-0.3685502549015068
20,1561464000,293,2230,1937,2523,26,2.7495389879243897,1.6132163080185313
20,1561478400,704,721,17,1425,26,-0.5018625340239449,0.35396880449642376
20,1561492800,2066,671,0,2737,26,-0.5306509849995291,1.8586434170838602
20,1561507200,530,147,0,677,26,-0.5306509849995291,-0.5038792215823891
20,1561521600,97,25,0,122,26,-0.5306509849995291,-1.1403841072424707
20,1561536000,47,686,639,733,26,0.551456084023901,-0.4396553051914619
20,1561550400,307,2155,1848,2462,26,2.598822979875743,1.5432581133784142
20,1561564800,755,886,131,1641,26,-0.30881056865826256,0.6016896248614285
20,1561579200,1985,599,0,2584,26,-0.5306509849995291,1.6831745026586484
20,1561593600,577,178,0,755,26,-0.5306509849995291,-0.4144244808950262
20,1561608000,105,24,0,129,26,-0.5306509849995291,-1.1323561176936048
20,1561622400,44,640,596,684,26,0.4786382374385998,-0.49585123203352316
20,1561636800,297,2181,1884,2478,26,2.6597867584122743,1.561607803775822
20,1561651200,745,756,11,1501,26,-0.5120231637800334,0.44112983388411064
20,1561665600,2016,614,0,2630,26,-0.5306509849995291,1.7359298625511959
20,1561680000,729,169,0,898,26,-0.5306509849995291,-0.25042412296819433
20,1561694400,127,44,0,171,26,-0.5306509849995291,-1.0841881804004094
20,1561708800,40,612,572,652,26,0.43799571841424556,-0.5325506128283387
20,1561723200,278,1919,1641,2197,26,2.248281253290688,1.2393413661713482
20,1561737600,940,834,0,1774,26,-0.5306509849995291,0.7542214262898805
20,1561752000,1865,745,0,2610,26,-0.5306509849995291,1.7129927495544361
20,1561766400,689,210,0,899,26,-0.5306509849995291,-0.24927726731835637
20,1561780800,128,53,0,181,26,-0.5306509849995291,-1.0727196239020296
20,1561795200,38,150,112,188,26,-0.3409858962192096,-1.0646916343531638
20,1561809600,154,398,244,552,26,-0.11745204158526161,-0.6472361778121372
20,1561824000,376,497,121,873,26,-0.32574495158507677,-0.27909551421414397
20,1561838400,658,449,0,1107,26,-0.5306509849995291,-0.010731292152055469
20,1561852800,390,196,0,586,26,-0.5306509849995291,-0.6082430857176456
20,1561867200,92,54,0,146,26,-0.5306509849995291,-1.1128595716463592
20,1561881600,35,86,51,121,26,-0.4442856320727765,-1.1415309628923087
20,1561896000,145,324,179,469,26,-0.2275255306095542,-0.7424251967486899
20,1561910400,335,455,120,790,26,-0.3274383898777582,-0.3742845331506967
20,1561924800,410,385,0,795,26,-0.5306509849995291,-0.3685502549015068
20,1561939200,270,169,0,439,26,-0.5306509849995291,-0.7768308662438295
20,1561953600,51,34,0,85,26,-0.5306509849995291,-1.1828177662864763
20,1561968000,42,611,569,653,26,0.4329154035362013,-0.5314037571785006
20,1561982400,238,2072,1834,2310,26,2.575114843778203,1.3689360546030405
20,1561996800,654,647,0,1301,26,-0.5306509849995291,0.21175870391651364
20,1562011200,1889,503,0,2392,26,-0.5306509849995291,1.4629782178897552
20,1562025600,496,179,0,675,27,-0.4753955486208213,-0.23972363738371064
20,1562040000,97,24,0,121,27,-0.4753955486208213,-1.0241266179271191
20,1562054400,43,651,608,694,27,0.7870525305785643,-0.21282173010875619
20,1562068800,277,1992,1715,2269,27,3.085621648462972,2.0172047939993094
20,1562083200,647,680,33,1327,27,-0.40687451800638097,0.6834365491041997
20,1562097600,1809,488,0,2297,27,-0.4753955486208213,2.0568497099834526
20,1562112000,535,137,0,672,27,-0.4753955486208213,-0.24397130695344027
20,1562126400,93,24,0,117,27,-0.4753955486208213,-1.0297901773534253
20,1562140800,39,586,547,625,27,0.6603924436852049,-0.3105181302125381
20,1562155200,268,1797,1529,2065,27,2.699412203181581,1.7283632632576933
20,1562169600,1116,747,0,1863,27,-0.4753955486208213,1.4423535122292301
20,1562184000,1278,500,0,1778,27,-0.4753955486208213,1.3220028744202235
20,1562198400,439,156,0,595,27,-0.4753955486208213,-0.3529948259098346
20,1562212800,95,18,0,113,27,-0.4753955486208213,-1.0354537367797314
20,1562227200,34,117,83,151,27,-0.3030547746511683,-0.9816499222298226
20,1562241600,152,358,206,510,27,-0.04765820599734525,-0.4733454637188413
20,1562256000,373,354,0,727,27,-0.4753955486208213,-0.16609736484173004
20,1562270400,455,199,0,654,27,-0.4753955486208213,-0.2694573243718182
20,1562284800,201,253,52,454,27,-0.36742301553140017,-0.5526352956871281
20,1562299200,53,43,0,96,27,-0.4753955486208213,-1.0595238643415328
20,1562313600,33,356,323,389,27,0.1952799934538523,-0.6446681363646037
20,1562328000,236,900,664,1136,27,0.9033306431364024,0.4130015864980787
20,1562342400,592,561,0,1153,27,-0.4753955486208213,0.43707171405988005
20,1562356800,817,452,0,1269,27,-0.4753955486208213,0.6013149374227598
20,1562371200,423,161,0,584,27,-0.4753955486208213,-0.3685696143321766
20,1562385600,100,46,0,146,27,-0.4753955486208213,-0.9887293715127053
20,1562400000,33,135,102,168,27,-0.2636032721761875,-0.9575797946680212
20,1562414400,155,423,268,578,27,0.08107827576311841,-0.37706495347163593
20,1562428800,433,521,88,954,27,-0.2926728003156471,0.1553096326011467
20,1562443200,554,402,0,956,27,-0.4753955486208213,0.1581414123142998
20,1562457600,312,177,0,489,27,-0.4753955486208213,-0.5030791507069489
20,1562472000,80,27,0,107,27,-0.4753955486208213,-1.0439490759191907
20,1562486400,30,97,67,127,27,-0.33627709252483634,-1.0156312787876598
20,1562500800,119,369,250,488,27,0.04370316815524187,-0.5044950405635253
20,1562515200,340,419,79,759,27,-0.31136035411958535,-0.12078888943128047
20,1562529600,436,316,0,752,27,-0.4753955486208213,-0.1307001184273163
20,1562544000,221,116,0,337,27,-0.4753955486208213,-0.7182944089065844
20,1562558400,47,20,0,67,27,-0.4753955486208213,-1.1005846701822528
20,1562572800,50,725,675,775,27,0.9261709866745492,-0.09813465172605568
20,1562587200,272,2453,2181,2725,27,4.0532216565335535,2.662850568598216
20,1562601600,574,720,146,1294,27,-0.1722418980236004,0.6367121838371735
20,1562616000,1925,480,0,2405,27,-0.4753955486208213,2.20976581449372
20,1562630400,532,135,0,667,28,-0.5404178016408734,-0.4722958111526764
20,1562644800,90,26,0,116,28,-0.5404178016408734,-1.1094729352638462
20,1562659200,51,691,640,742,28,0.5323099754189099,-0.38556571258945
20,1562673600,320,2110,1790,2430,28,2.4598676998232083,1.5664397057402317
20,1562688000,620,714,94,1334,28,-0.3828609093852177,0.29902386540295023
20,1562702400,1974,521,0,2495,28,-0.5404178016408734,1.6416057911616946
20,1562716800,553,125,0,678,28,-0.5404178016408734,-0.4595753966967365
20,1562731200,114,25,0,139,28,-0.5404178016408734,-1.0828757050377902
20,1562745056,40,406,366,446,28,0.07304839586519016,-0.7278605015856502
20,1562745600,54,651,597,705,28,0.46023607789770565,-0.428352561213975
20,1562760000,248,2329,2081,2577,28,2.947623610955078,1.7364306989241556
20,1562774400,722,677,0,1399,28,-0.5404178016408734,0.3741899508244131
20,1562788800,1980,581,0,2561,28,-0.5404178016408734,1.717928277897334
20,1562803200,566,146,0,712,28,-0.5404178016408734,-0.4202577520147406
20,1562817600,104,24,0,128,28,-0.5404178016408734,-1.09559611949373
20,1562832000,47,712,665,759,28,0.5742134042103076,-0.365906890248452
20,1562846400,364,2137,1773,2501,28,2.431373368245058,1.6485441990467526
20,1562860800,809,717,0,1526,28,-0.5404178016408734,0.5210529177248098
20,1562875200,2044,688,0,2732,28,-0.5404178016408734,1.91567290262149
20,1562889600,683,159,0,842,28,-0.5404178016408734,-0.2699255811718148
20,1562904000,102,20,0,122,28,-0.5404178016408734,-1.102534527378788
20,1562918400,52,627,575,679,28,0.42336106056127565,-0.45841899538256015
20,1562932800,297,2012,1715,2309,28,2.334157413449015,1.426515146724893
20,1562947200,883,683,0,1566,28,-0.5404178016408734,0.5673089702918639
20,1562961600,1579,572,0,2151,28,-0.5404178016408734,1.2438037390850296
20,1562976000,532,237,0,769,28,-0.5404178016408734,-0.3543428771066885
20,1562990400,135,38,0,173,28,-0.5404178016408734,-1.0435580603557941
20,1563004800,39,151,112,190,28,-0.35269044065541133,-1.0238992380147962
20,1563019200,181,448,267,629,28,-0.09288918214874507,-0.5162390610913777
20,1563033600,420,495,75,915,28,-0.41470751526668004,-0.18550828523694116
20,1563048000,421,538,117,959,28,-0.3443097548971318,-0.13462662741318168
20,1563062400,74,61,0,135,28,-0.5404178016408734,-1.0875013102944955
20,1563076800,50,36,0,86,28,-0.5404178016408734,-1.1441649746891367
20,1563091200,27,103,76,130,28,-0.41303137811502416,-1.0932833168653773
20,1563105600,169,425,256,594,28,-0.1113266908169601,-0.5567131070875501
20,1563120000,397,478,81,875,28,-0.40465069235674456,-0.23176433780399522
20,1563134400,545,398,0,943,28,-0.5404178016408734,-0.1531290484400033
20,1563148800,270,159,0,429,28,-0.5404178016408734,-0.7475193239266481
20,1563163200,58,17,0,75,28,-0.5404178016408734,-1.1568853891450765
20,1563177600,50,651,601,701,28,0.4669406265043293,-0.43297816647068044
20,1563192000,269,2252,1983,2521,28,2.783362170092799,1.6716722253302798
20,1563206400,661,622,0,1283,28,-0.5404178016408734,0.24004739837995628
20,1563220800,1964,556,0,2520,28,-0.5404178016408734,1.6705158240161033
20,1563235200,481,151,0,632,29,-0.5306049106565746,-0.5038635394951475
20,1563249600,99,17,0,116,29,-0.5306049106565746,-1.109578745197354
20,1563264000,50,718,668,768,29,0.5876653299941481,-0.3442176713255737
20,1563274369,151,2034,1883,2185,29,2.621644884471136,1.3191514110000595
20,1563278400,273,1893,1620,2166,29,2.181367828646076,1.2968479441234277
20,1563279657,56,67,11,123,29,-0.5121902809452602,-1.101361678453332
20,1563279741,40,65,25,105,29,-0.4887534794944966,-1.122491278652246
20,1563291887,633,560,0,1193,29,-0.5306049106565746,0.15467566670434452
20,1563292800,688,611,0,1299,29,-0.5306049106565746,0.27910553454239473
20,1563307200,2002,534,0,2536,29,-0.5306049106565746,1.7311786148788861
20,1563321600,520,141,0,661,29,-0.5306049106565746,-0.4698214058413413
20,1563336000,107,20,0,127,29,-0.5306049106565746,-1.0966662117424621
20,1563350400,55,649,594,704,29,0.4637850937543974,-0.41934513869949075
20,1563364800,294,2265,1971,2559,29,2.7689619221616506,1.7581775484663875
20,1563379200,743,789,46,1532,29,-0.4535982773183511,0.5526164704505616
20,1563393600,2008,604,0,2612,29,-0.5306049106565746,1.8203924823854125
20,1563408000,778,141,0,919,29,-0.5306049106565746,-0.16696380299023802
20,1563422400,110,19,0,129,29,-0.5306049106565746,-1.0943184783870272
20,1563436800,53,620,567,673,29,0.4185855480993532,-0.4557350057087319
20,1563451200,330,2156,1826,2486,29,2.5262236214215985,1.6724852809930133
20,1563465600,676,683,7,1359,29,-0.5188865099311927,0.349537535205442
20,1563480000,1891,617,0,2508,29,-0.5306049106565746,1.6983103479027972
20,1563494400,596,197,0,793,29,-0.5306049106565746,-0.3148710043826373
20,1563508800,118,24,0,142,29,-0.5306049106565746,-1.0790582115767002
20,1563523200,43,615,572,658,29,0.4269558343317688,-0.4733430058744937
20,1563537600,288,1871,1583,2159,29,2.119427710526201,1.2886308773794057
20,1563552000,875,690,0,1565,29,-0.5306049106565746,0.5913540708152376
20,1563566400,1723,656,0,2379,29,-0.5306049106565746,1.5468815464772456
20,1563580800,540,199,0,739,29,-0.5306049106565746,-0.3782598049793799
20,1563595200,150,36,0,186,29,-0.5306049106565746,-1.0274080777571322
20,1563609600,37,158,121,195,29,-0.3280439838321173,-1.0168432776576752
20,1563622127,99,261,162,360,29,-0.25940763672630945,-0.8231552758342952
20,1563624000,198,476,278,674,29,-0.06521699613426779,-0.4545611390310144
20,1563638400,424,485,61,909,29,-0.42848741862110434,-0.17870246976741258
20,1563652800,505,398,0,903,29,-0.5306049106565746,-0.18574566983371732
20,1563667200,415,180,0,595,29,-0.5306049106565746,-0.5472966065706933
20,1563681600,94,51,0,145,29,-0.5306049106565746,-1.0755366115435478
20,1563696000,31,97,66,128,29,-0.42011713238868875,-1.0954923450647447
20,1563710400,166,414,248,580,29,-0.11543871352876132,-0.5649046067364552
20,1563724800,359,445,86,804,29,-0.3866359874590264,-0.3019584709277453
20,1563739200,533,345,0,878,29,-0.5306049106565746,-0.21509233677665368
20,1563753600,266,140,0,406,29,-0.5306049106565746,-0.7691574086592923
20,1563768000,63,23,0,86,29,-0.5306049106565746,-1.1447947455288776
20,1563782400,39,649,610,688,29,0.4905700096981273,-0.43812700554297007
20,1563796800,269,2161,1892,2430,29,2.636711399689484,1.606748747040836
20,1563811200,710,634,0,1344,29,-0.5306049106565746,0.33192953503968015
20,1563825600,2246,494,0,2740,29,-0.5306049106565746,1.9706474171332469
20,1563840000,438,107,0,545,30,-0.540900369536237,-0.6156458564977361
20,1563854400,112,26,0,138,30,-0.540900369536237,-1.1032732669132546
20,1563868800,50,705,655,755,30,0.5603242767287624,-0.36404448994427435
20,1563879293,164,1726,1562,1890,30,2.085226191480449,0.9958009911899115
20,1563883200,325,2210,1885,2535,30,2.6282728491042575,1.7685766170326866
20,1563897600,657,714,57,1371,30,-0.44506860642615315,0.3739861852792133
20,1563912000,1945,579,0,2524,30,-0.540900369536237,1.7553974978322673
20,1563926400,493,124,0,617,30,-0.540900369536237,-0.5293825308222635
20,1563940800,110,26,0,136,30,-0.540900369536237,-1.10566947040424
20,1563955200,54,701,647,755,30,0.546874204713312,-0.36404448994427435
20,1563969600,254,2215,1961,2469,30,2.756048533251036,1.6895019018301702
20,1563984000,693,705,12,1398,30,-0.5207252615130615,0.4063349324075155
20,1563998400,2001,575,0,2576,30,-0.540900369536237,1.8176987885978864
20,1564012800,603,162,0,765,30,-0.540900369536237,-0.3520634724893476
20,1564027200,109,28,0,137,30,-0.540900369536237,-1.1044713686587473
20,1564041600,52,630,578,682,30,0.4308673335800525,-0.4515059173652396
20,1564056000,257,2044,1787,2301,30,2.4635094669149904,1.488220808587401
20,1564070400,753,824,71,1577,30,-0.42153098039911496,0.6207951448507043
20,1564076905,918,301,0,1219,30,-0.540900369536237,0.19187471996432676
20,1564084800,1910,630,0,2540,30,-0.540900369536237,1.77456712576015
20,1564099200,649,139,0,788,30,-0.540900369536237,-0.3245071323430161
20,1564113600,126,35,0,161,30,-0.540900369536237,-1.075716926766923
20,1564128000,41,617,576,658,30,0.42750481557618997,-0.4802603592570638
20,1564142400,264,1926,1662,2190,30,2.2533520916735785,1.3552315148377139
20,1564156800,917,700,0,1617,30,-0.540900369536237,0.6687192146704113
20,1564171200,1542,628,0,2170,30,-0.540900369536237,1.3312694799278604
20,1564185600,535,174,0,709,30,-0.540900369536237,-0.4191571702369374
20,1564200000,156,51,0,207,30,-0.540900369536237,-1.0206042464742602
20,1564214400,56,195,139,251,30,-0.30720536826778677,-0.9678877696725824
20,1564228800,166,532,366,698,30,0.07444042517061761,-0.4323362894373568
20,1564243200,477,574,97,1051,30,-0.37781824634890127,-0.00940637327844261
20,1564257600,755,637,0,1392,30,-0.540900369536237,0.39914632193455946
20,1564272000,430,207,0,637,30,-0.540900369536237,-0.50542049591241
20,1564286400,104,56,0,160,30,-0.540900369536237,-1.0769150285124158
20,1564300800,42,126,84,168,30,-0.3996746133740081,-1.0673302145484744
20,1564315200,154,470,316,624,30,-0.00962252492594724,-0.5209958186038147
20,1564329600,412,566,154,978,30,-0.2819864832388173,-0.09686780069940787
20,1564344000,657,351,0,1008,30,-0.540900369536237,-0.060924748334627625
20,1564358400,313,179,0,492,30,-0.540900369536237,-0.6791452490088478
20,1564372800,66,31,0,97,30,-0.540900369536237,-1.1523954384784543
20,1564375650,4,13,9,17,30,-0.5257690385188554,-1.2482435781178682
20,1564375731,0,0,0,0,30,-0.540900369536237,-1.2686113077912438
20,1564375811,0,0,0,0,30,-0.540900369536237,-1.2686113077912438
20,1564387200,36,675,639,711,30,0.5334241326978616,-0.41676096674595203
20,1564401600,247,2111,1864,2358,30,2.5929664100637004,1.5565126080804832
20,1564416000,710,608,0,1318,30,-0.540900369536237,0.31048679276810154
20,1564430400,1940,436,0,2376,30,-0.540900369536237,1.5780784394993514
20,1564444800,520,109,0,629,31,-0.6018751419604806,-0.749614360041485
20,1564459200,69,31,0,100,31,-0.6018751419604806,-1.3428760428171171
20,1564473600,59,678,619,737,31,0.33069234958779853,-0.628494772631715
20,1564488000,309,2264,1955,2573,31,2.343471297420595,1.4305382133343734
20,1564502400,761,723,0,1484,31,-0.6018751419604806,0.2092490402858601
20,1564516800,1946,515,0,2461,31,-0.6018751419604806,1.3049327152797972
20,1564531200,529,144,0,673,31,-0.6018751419604806,-0.7002693429486158
20,1564545600,87,24,0,111,31,-0.6018751419604806,-1.3305397885438999
20,1564560000,45,676,631,721,31,0.34877120241264403,-0.6464384152109403
20,1564574400,313,2200,1887,2513,31,2.2410244647464705,1.3632495536622788
20,1564588800,774,749,0,1523,31,-0.6018751419604806,0.2529866690727215
20,1564603200,2052,525,0,2577,31,-0.6018751419604806,1.4350241239791797
20,1564617600,478,128,0,606,31,-0.6018751419604806,-0.7754083462491211
20,1564632000,84,25,0,109,31,-0.6018751419604806,-1.3327827438663031
20,1564646400,40,659,619,699,31,0.33069234958779853,-0.6711109237573748
20,1564660800,306,2095,1789,2401,31,2.0933805000102326,1.2376440556077026
20,1564675200,722,769,47,1491,31,-0.5310663017298359,0.21709938391427114
20,1564689600,1906,621,0,2527,31,-0.6018751419604806,1.378950240919101
20,1564704000,588,143,0,731,31,-0.6018751419604806,-0.6352236385989245
20,1564718400,100,31,0,131,31,-0.6018751419604806,-1.3081102353198684
20,1564732800,46,532,486,578,31,0.13031839744576115,-0.8068097207627652
20,1564747200,301,1856,1555,2157,31,1.7408428699257459,0.9640035062745189
20,1564761600,884,683,0,1567,31,-0.6018751419604806,0.3023316861655907
20,1564776000,1511,528,0,2039,31,-0.6018751419604806,0.8316691422527333
20,1565395200,8622,8462,0,17084,32,-0.4660692642561378,4.062475785055606
20,1565409600,150,49,0,199,32,-0.4660692642561378,-0.4135050501456989
20,1565424000,51,198,147,249,32,-0.10314422799311819,-0.4002507391146023
20,1565438400,194,579,385,773,32,0.4844486878612945,-0.26134555950871047
20,1565452800,513,562,49,1075,32,-0.3450942521684646,-0.1812895208808873
20,1565467200,764,537,0,1301,32,-0.4660692642561378,-0.12138003502033087
20,1565481600,490,236,0,726,32,-0.4660692642561378,-0.2738046118779412
20,1565496000,112,41,0,153,32,-0.4660692642561378,-0.4256990162943077
20,1565510400,36,133,97,169,32,-0.226588117878499,-0.4214576367643568
20,1565524800,173,465,292,638,32,0.2548430526744862,-0.29713219929267115
20,1565539200,450,594,144,1044,32,-0.11055086138624103,-0.18950719372016714
20,1565553600,710,398,0,1108,32,-0.4660692642561378,-0.17254167560036357
20,1565568000,366,148,0,514,32,-0.4660692642561378,-0.3300028906497906
20,1565582400,75,28,0,103,32,-0.4660692642561378,-0.43895332732540426
20,1565596800,47,598,551,645,32,0.8942824022807588,-0.2952765957483176
20,1565611200,281,2014,1733,2295,32,3.8124959591711614,0.14211566827786856
20,1565625600,600,582,0,1182,32,-0.4660692642561378,-0.15292529527434068
20,1565640000,1868,534,0,2402,32,-0.4660692642561378,0.1704798938844152
20,1565654400,509,166,0,675,33,-0.5255653558623591,-0.4786854790832079
20,1565668800,123,28,0,151,33,-0.5255653558623591,-1.1255942923262685
20,1565683200,43,611,568,654,33,0.4906355786045269,-0.5046112139650862
20,1565697600,259,2132,1873,2391,33,2.825393007265242,1.6398174284074254
20,1565712000,674,664,0,1338,33,-0.5255653558623591,0.33982700790180953
20,1565726400,1868,516,0,2384,33,-0.5255653558623591,1.6311755167801327
20,1565740800,457,133,0,590,33,-0.5255653558623591,-0.5836229774146204
20,1565755200,112,31,0,143,33,-0.5255653558623591,-1.1354707627574603
20,1565769600,49,668,619,717,33,0.5818789723682789,-0.42683400931945115
20,1565784000,275,2123,1848,2398,33,2.7806658534594813,1.6484593400347183
20,1565798400,733,698,0,1431,33,-0.5255653558623591,0.4546409766644138
20,1565812800,1870,519,0,2389,33,-0.5255653558623591,1.6373483107996276
20,1565827200,537,107,0,644,33,-0.5255653558623591,-0.516956802004076
20,1565841600,114,34,0,148,33,-0.5255653558623591,-1.1292979687379654
20,1565856000,46,622,576,668,33,0.5049482678223703,-0.4873273907105007
20,1565870400,313,1999,1686,2312,33,2.490833896798151,1.5422872828994068
20,1565884800,733,752,19,1485,33,-0.4915727189699809,0.5213071520749583
20,1565899200,1952,714,0,2666,33,-0.5255653558623591,1.9793210994796424
20,1565913600,669,193,0,862,33,-0.5255653558623591,-0.24782298275410042
20,1565928000,129,29,0,158,33,-0.5255653558623591,-1.1169523806989756
20,1565942400,48,576,528,624,33,0.41907213251530956,-0.5416479780820554
20,1565956800,247,1750,1503,1997,33,2.1634311309399816,1.153401259671231
20,1565971200,896,671,0,1567,33,-0.5255653558623591,0.6225409739946738
20,1565985600,1513,602,0,2115,33,-0.5255653558623591,1.2990791985313097
20,1566000000,508,213,0,721,33,-0.5255653558623591,-0.42189577410385526
20,1566014400,136,36,0,172,33,-0.5255653558623591,-1.09966855744439
20,1566028800,39,153,114,192,33,-0.32160953450808977,-1.0749773813664107
20,1566043200,191,508,317,699,33,0.04157495439468816,-0.4490560677896326
20,1566057600,470,517,47,987,33,-0.44147830670752874,-0.0935031322667291
20,1566072000,590,430,0,1020,33,-0.5255653558623591,-0.052762691738063076
20,1566086400,381,205,0,586,33,-0.5255653558623591,-0.5885612126302163
20,1566100800,102,38,0,140,33,-0.5255653558623591,-1.1391744391691572
20,1566115200,35,108,73,143,33,-0.3949620667495375,-1.1354707627574603
20,1566129600,167,376,209,543,33,-0.1516463500461986,-0.641647241197872
20,1566144000,366,439,73,805,33,-0.3949620667495375,-0.31819283457634173
20,1566158400,587,347,0,934,33,-0.5255653558623591,-0.15893474887337455
20,1566172800,260,123,0,383,33,-0.5255653558623591,-0.8391766498217073
20,1566187200,73,29,0,102,33,-0.5255653558623591,-1.186087673717318
20,1566201600,33,617,584,650,33,0.5192609570402138,-0.5095494491806821
20,1566216000,304,2005,1701,2309,33,2.5176701890816076,1.5385836064877099
20,1566230400,644,639,0,1283,33,-0.5255653558623591,0.27192627368736616
20,1566244800,2027,432,0,2459,33,-0.5255653558623591,1.7237674270725556
20,1566259200,567,111,0,678,34,-0.5385537695755933,-0.4610459094510124
20,1566273600,123,32,0,155,34,-0.5385537695755933,-1.0984261377222024
20,1566288000,54,659,605,713,34,0.533490984432697,-0.41839140086689836
20,1566302400,383,2164,1781,2547,34,2.6173333492488116,1.816704848940678
20,1566316800,739,658,0,1397,34,-0.5385537695755933,0.4151995668912163
20,1566331200,2448,459,0,2907,34,-0.5385537695755933,2.2554369372344225
20,1566345600,606,142,0,748,34,-0.5385537695755933,-0.37573689228278434
20,1566360000,121,35,0,156,34,-0.5385537695755933,-1.097207437476942
20,1566374400,52,627,575,679,34,0.4803317404322859,-0.45982720920575204
20,1566388800,259,2184,1925,2443,34,2.872497720450785,1.6899600234335963
20,1566403200,647,650,3,1297,34,-0.5332378451755523,0.2933295423651761
20,1566417600,2130,430,0,2560,34,-0.5385537695755933,1.8325479521290633
20,1566432000,435,152,0,587,34,-0.5385537695755933,-0.571947631769709
20,1566446400,106,36,0,142,34,-0.5385537695755933,-1.1142692409105877
20,1566460800,46,589,543,635,34,0.4236285468318474,-0.5134500199972097
20,1566475200,259,2111,1852,2370,34,2.7431435600497847,1.600994905529587
20,1566489600,679,673,0,1352,34,-0.5385537695755933,0.3603580558544982
20,1566504000,1828,488,0,2316,34,-0.5385537695755933,1.5351850922855252
20,1566518400,613,153,0,766,34,-0.5385537695755933,-0.3538002878680971
20,1566532800,111,33,0,144,34,-0.5385537695755933,-1.1118318404200669
20,1566547200,50,606,556,656,34,0.44666421923202554,-0.4878573148467413
20,1566561600,313,1836,1523,2149,34,2.1601638508452763,1.3316621513270381
20,1566576000,842,608,0,1450,34,-0.5385537695755933,0.47979067989001756
20,1566590400,1361,494,0,1855,34,-0.5385537695755933,0.9733642792204802
20,1566604800,459,163,0,622,34,-0.5385537695755933,-0.529293123185595
20,1566619200,118,38,0,156,34,-0.5385537695755933,-1.097207437476942
20,1566633600,44,185,141,229,34,-0.28870532277366123,-1.0082423195729326
20,1566648000,200,453,253,653,34,-0.09024414517212648,-0.4915134155825225
20,1566662400,424,535,111,959,34,-0.3418645667740723,-0.1185911405328396
20,1566676800,646,453,0,1099,34,-0.5385537695755933,0.052026893803616615
20,1566691200,354,180,0,534,34,-0.5385537695755933,-0.6365387447685102
20,1566705600,94,39,0,133,34,-0.5385537695755933,-1.1252375431179313
20,1566720000,34,92,58,126,34,-0.43577923117479855,-1.133768444834754
20,1566734400,150,408,258,558,34,-0.08138427117205796,-0.6072899388822606
20,1566748800,343,458,115,801,34,-0.3347766675740175,-0.31114577928398307
20,1566763200,498,322,0,820,34,-0.5385537695755933,-0.28799047462403543
20,1566777600,290,125,0,415,34,-0.5385537695755933,-0.781564073954498
20,1566792000,64,25,0,89,34,-0.5385537695755933,-1.178860353909389
20,1566806400,39,579,540,618,34,0.4183126224318063,-0.5341679241666365
20,1566820800,219,1890,1671,2109,34,2.4224161212473043,1.282914141516622
20,1566835200,627,882,255,1509,34,-0.08670019557209907,0.5516939943603812
20,1566849600,1813,420,0,2233,34,-0.5385537695755933,1.434032971928912
20,1566864000,429,138,0,567,35,-0.48464219728068425,-0.4507382682653337
20,1566878400,117,29,0,146,35,-0.48464219728068425,-1.046800945661761
20,1566892800,43,623,580,666,35,0.7714365266003104,-0.31057151039776526
20,1566907200,252,2000,1748,2252,35,3.300919198139969,1.9349282671574217
20,1566921600,608,619,11,1227,35,-0.4608200145863895,0.4837067841851224
20,1566936000,1860,585,0,2445,35,-0.48464219728068425,2.2081826537073277
20,1566950400,554,140,0,694,35,-0.48464219728068425,-0.27092838696047317
20,1566964800,133,40,0,173,35,-0.48464219728068425,-1.008573648061515
20,1566979200,41,571,530,612,35,0.6631538779898798,-0.3870261055982571
20,1566993600,239,1967,1728,2206,35,3.2576061386957966,1.869800278653299
20,1567008000,705,628,0,1333,35,-0.48464219728068425,0.6337843229120138
20,1567022400,1884,482,0,2366,35,-0.48464219728068425,2.0963324125806824
20,1567036800,412,117,0,529,35,-0.48464219728068425,-0.5045396500730872
20,1567051200,128,25,0,153,35,-0.48464219728068425,-1.036890164802438
20,1567065600,52,590,538,642,35,0.6804791017675487,-0.34455133048687275
20,1567080000,290,1810,1520,2100,35,2.8071503204764054,1.7197227399264075
20,1567094400,688,648,0,1336,35,-0.48464219728068425,0.6380318004231523
20,1567108800,1805,511,0,2316,35,-0.48464219728068425,2.025541120728375
20,1567123200,512,130,0,642,35,-0.48464219728068425,-0.34455133048687275
20,1567137600,131,34,0,165,35,-0.48464219728068425,-1.0199002547578842
20,1567152000,60,477,417,537,35,0.4184350921303067,-0.49321304337671806
20,1567166400,305,1503,1198,1808,35,2.109810063425232,1.306301595508933
20,1567180800,953,620,0,1573,35,-0.48464219728068425,0.9735825238030887
20,1567195200,1160,451,0,1611,35,-0.48464219728068425,1.0273839056108423
20,1567209600,462,202,0,664,35,-0.48464219728068425,-0.3134031620718576
20,1567224000,107,31,0,138,35,-0.48464219728068425,-1.0581275523581302
20,1567238400,39,127,88,166,35,-0.2940647357263264,-1.0184844289208381
20,1567252800,184,405,221,589,35,-0.006032890422581114,-0.4195900998503185
20,1567267200,378,443,65,821,35,-0.3438747540871245,-0.0911185056556127
20,1567281600,511,407,0,918,35,-0.48464219728068425,0.046216600537863424
20,1567296000,346,192,0,538,35,-0.48464219728068425,-0.4917972175396719
20,1567310400,97,48,0,145,35,-0.48464219728068425,-1.048216771498807
20,1567324800,37,102,65,139,35,-0.3438747540871245,-1.056711726521084
20,1567339200,178,371,193,549,35,-0.06667117364442224,-0.4762231333321643
20,1567353600,348,537,189,885,35,-0.07533378553325668,-0.0005056520846593837
20,1567368000,535,371,0,906,35,-0.48464219728068425,0.029226690493309674
20,1567382400,307,148,0,455,35,-0.48464219728068425,-0.609310762014502
20,1567396800,79,21,0,100,35,-0.48464219728068425,-1.1119289341658838
20,1567411200,28,131,103,159,35,-0.26157994114319727,-1.0283952097801612
20,1567425600,170,375,205,545,35,-0.0406833379779189,-0.48188643668034886
20,1567440000,364,353,0,717,35,-0.48464219728068425,-0.23836439270841184
20,1567454400,410,242,0,652,35,-0.48464219728068425,-0.33039307211641133
20,1567468800,209,105,0,314,36,-0.5458654789470453,-0.8618782581638923
20,1567483200,55,17,0,72,36,-0.5458654789470453,-1.1477789643944778
20,1567497600,50,649,599,699,36,0.4985452431773824,-0.4070362255243247
20,1567512000,242,2062,1820,2304,36,2.627469269410982,1.4891234170380285
20,1567526400,647,631,0,1278,36,-0.5458654789470453,0.2769989352505055
20,1567540800,1881,449,0,2330,36,-0.5458654789470453,1.5198400218396617
20,1567555200,452,147,0,599,36,-0.5458654789470453,-0.5251770132229138
20,1567569600,117,28,0,145,36,-0.5458654789470453,-1.0615361893745077
20,1567584000,47,702,655,749,36,0.5961863123576294,-0.34796583167503026
20,1567598400,242,2162,1920,2404,36,2.801828321518566,1.6072642047366175
20,1567612800,695,696,1,1391,36,-0.5441218884259694,0.41049802534991103
20,1567627200,1862,419,0,2281,36,-0.5458654789470453,1.461951035867353
20,1567641600,447,143,0,590,36,-0.5458654789470453,-0.5358096841157868
20,1567656000,114,29,0,143,36,-0.5458654789470453,-1.0638990051284796
20,1567670400,44,628,584,672,36,0.4723913853612448,-0.43893423820294375
20,1567684800,248,2063,1815,2311,36,2.6187513168056027,1.4973932721769296
20,1567699200,698,693,0,1391,36,-0.5458654789470453,0.41049802534991103
20,1567713600,1887,699,0,2586,36,-0.5458654789470453,1.8222804383480495
20,1567728000,681,149,0,830,36,-0.5458654789470453,-0.2522717936391732
20,1567742400,115,26,0,141,36,-0.5458654789470453,-1.0662618208824513
20,1567756800,48,562,514,610,36,0.3503400488859361,-0.512181526576069
20,1567771200,292,1847,1555,2139,36,2.1654177813258846,1.2941911173353566
20,1567785600,887,664,0,1551,36,-0.5458654789470453,0.5995232856676534
20,1567800000,1877,617,0,2494,36,-0.5458654789470453,1.7135909136653475
20,1567814400,526,143,0,669,36,-0.5458654789470453,-0.44247846183390144
20,1567828800,108,27,0,135,36,-0.5458654789470453,-1.0733502681443667
20,1567843200,43,166,123,209,36,-0.331403844854717,-0.9859260852474108
20,1567850212,42,218,176,260,36,-0.23899354723769756,-0.9256742835211303
20,1567857600,223,478,255,701,36,-0.10124989607270626,-0.404673409770353
20,1567872000,475,486,11,961,36,-0.526685983215211,-0.0975073617540216
20,1567886400,590,390,0,980,36,-0.5458654789470453,-0.07506061209128968
20,1567900800,322,183,0,505,36,-0.5458654789470453,-0.6362293536595873
20,1567915200,119,39,0,158,36,-0.5458654789470453,-1.046177886973691
20,1567929600,36,89,53,125,36,-0.45345518133002577,-1.0851643469142256
20,1567944000,144,377,233,521,36,-0.13960888753637474,-0.6173268276278131
20,1567958400,332,413,81,745,36,-0.4046346467399023,-0.3526914631829738
20,1567972800,552,275,0,827,36,-0.5458654789470453,-0.2558160172701308
20,1567987200,232,96,0,328,36,-0.5458654789470453,-0.8453385478860899
20,1568001600,53,19,0,72,36,-0.5458654789470453,-1.1477789643944778
20,1568016000,42,623,581,665,36,0.4671606137980173,-0.447204093341845
20,1568030400,260,2074,1814,2334,36,2.6170077262845273,1.5245656533476053
20,1568044800,685,1357,672,2042,36,0.6258273512159187,1.1795945532677254
20,1568059200,2147,464,0,2611,36,-0.5458654789470453,1.8518156352726967
20,1568073600,599,97,0,696,37,-0.5290786211293311,-0.4509114788899143
20,1568088000,125,17,0,142,37,-0.5290786211293311,-1.080659573520596
20,1568102400,55,795,740,850,37,0.6435397339821347,-0.2758551493355371
20,1568116800,243,2653,2410,2896,37,3.289854129976929,2.04989322902976
20,1568131200,685,687,2,1372,37,-0.5259093823317326,0.3175176040890402
20,1568145600,2213,556,0,2769,37,-0.5290786211293311,1.9055285936180333
20,1568160000,560,112,0,672,37,-0.5290786211293311,-0.47819298479449257
20,1568174400,120,29,0,149,37,-0.5290786211293311,-1.0727024676317607
20,1568188800,47,637,590,684,37,0.40584682416224294,-0.46455223184220346
20,1568203200,294,2217,1923,2511,37,2.518144482761681,1.612252405143817
20,1568217600,678,664,0,1342,37,-0.5290786211293311,0.28341572170831736
20,1568232000,1910,534,0,2444,37,-0.5290786211293311,1.536091534493536
20,1568246400,524,120,0,644,37,-0.5290786211293311,-0.5100214083498339
20,1568260800,95,21,0,116,37,-0.5290786211293311,-1.1102145382505557
20,1568273078,34,394,360,428,37,0.04138436243840901,-0.7555549614910383
20,1568275200,33,516,483,549,37,0.2362925484907202,-0.6180107025554562
20,1568289600,262,2173,1911,2435,37,2.4991290499760894,1.5258609697793193
20,1568304000,727,759,32,1486,37,-0.4783708003677542,0.44710475713578696
20,1568318400,1981,558,0,2539,37,-0.5290786211293311,1.6440808286991584
20,1568332800,547,176,0,723,37,-0.5290786211293311,-0.42021978474726374
20,1568347200,101,27,0,128,37,-0.5290786211293311,-1.0965737852982667
20,1568361600,43,611,568,654,37,0.3709851973886588,-0.49865411422292627
20,1568376000,285,2042,1757,2327,37,2.2550976625610004,1.403094193208717
20,1568390400,891,643,0,1534,37,-0.5290786211293311,0.5016677689449435
20,1568404800,1688,734,0,2422,37,-0.5290786211293311,1.5110834874143393
20,1568419200,703,158,0,861,37,-0.5290786211293311,-0.2633511257959387
20,1568433600,133,31,0,164,37,-0.5290786211293311,-1.0556515264413993
20,1568448000,31,167,136,198,37,-0.3135703828926293,-1.0170027264099133
20,1568462400,159,493,334,652,37,0.00018425806962778113,-0.5009275730483078
20,1568476800,417,534,117,951,37,-0.34367815146981556,-0.16104547865377022
20,1568491200,553,574,21,1127,37,-0.49580161375454623,0.039018897979803714
20,1568505600,420,160,0,580,37,-0.5290786211293311,-0.5827720907620426
20,1568520000,113,44,0,157,37,-0.5290786211293311,-1.0636086323302345
20,1568534400,31,102,71,133,37,-0.41657064381458236,-1.0908901382348128
20,1568548800,132,422,290,554,37,-0.06953899547754046,-0.6123270554920024
20,1568563200,311,455,144,766,37,-0.30089342770223504,-0.37134042000156103
20,1568577600,538,340,0,878,37,-0.5290786211293311,-0.2440267257801958
20,1568592000,243,134,0,377,37,-0.5290786211293311,-0.8135281615382671
20,1568606400,69,19,0,88,37,-0.5290786211293311,-1.142042961805897
20,1568620800,34,639,605,673,37,0.42961611514423215,-0.4770562553818018
20,1568635200,244,2107,1863,2351,37,2.423067318833724,1.4303756991132952
20,1568649600,675,635,0,1310,37,-0.5290786211293311,0.247040380502213
20,1568664000,2212,441,0,2653,37,-0.5290786211293311,1.7736679817459051
20,1568678400,588,118,0,706,38,-0.5374241292404387,-0.4802080820574329
20,1568692800,118,25,0,143,38,-0.5374241292404387,-1.1204414479858609
20,1568705819,51,359,308,410,38,-0.033198770239279,-0.8168139014443151
20,1568707200,50,633,583,683,38,0.4170024431546136,-0.5063632639692515
20,1568721600,271,2139,1868,2410,38,2.520669931195166,1.4575497430616458
20,1568736000,698,634,0,1332,38,-0.5374241292404387,0.2316677386729328
20,1568750400,2220,557,0,2777,38,-0.5374241292404387,1.8748954718284894
20,1568764800,683,146,0,829,38,-0.5374241292404387,-0.34033471792031633
20,1568779200,129,26,0,155,38,-0.5374241292404387,-1.1067952661188252
20,1568793600,51,669,618,720,38,0.47430077940474535,-0.46428753654589117
20,1568808000,262,2170,1908,2432,38,2.58615374405246,1.4825677431512112
20,1568822400,677,688,11,1365,38,-0.519416080704683,0.2691947388072812
20,1568836800,2189,697,0,2886,38,-0.5374241292404387,1.9988482904540643
20,1568851200,798,169,0,967,38,-0.5374241292404387,-0.18340362644940503
20,1568865600,130,33,0,163,38,-0.5374241292404387,-1.0976978115408011
20,1568880000,60,716,656,776,38,0.5365104016191742,-0.4006053544997243
20,1568894400,290,2550,2260,2840,38,3.1624112971966425,1.9465379266304272
20,1568908800,763,789,26,1552,38,-0.49485965088319794,0.4818477395685885
20,1568923200,2004,584,0,2588,38,-0.5374241292404387,1.6599681074226762
20,1568937600,655,161,0,816,38,-0.5374241292404387,-0.35511808160960506
20,1568952000,127,36,0,163,38,-0.5374241292404387,-1.0976978115408011
20,1568966400,49,570,521,619,38,0.31550253322580873,-0.5791429005934422
20,1568980800,298,1943,1645,2241,38,2.1555976745157555,1.265366015100892
20,1568995200,875,683,0,1558,38,-0.5374241292404387,0.48867083050210636
20,1569009600,1706,659,0,2365,38,-0.5374241292404387,1.4063765610602617
20,1569024000,569,201,0,770,38,-0.5374241292404387,-0.40742844543324214
20,1569038400,128,49,0,177,38,-0.5374241292404387,-1.0817772660292595
20,1569052800,41,157,116,198,38,-0.34752107195428766,-1.057896447761947
20,1569067200,159,503,344,662,38,0.025736661332285117,-0.530244082236564
20,1569081600,416,826,410,1242,38,0.13378495254681935,0.12932137467016458
20,1569096000,625,541,0,1166,38,-0.5374241292404387,0.042895556178938074
20,1569110400,489,161,0,650,38,-0.5374241292404387,-0.5438902641035998
20,1569124800,107,39,0,146,38,-0.5374241292404387,-1.117029902519102
20,1569139200,40,83,43,123,38,-0.46702903041884825,-1.1431850844309204
20,1569153600,127,346,219,473,38,-0.17890025384675698,-0.7451714466423773
20,1569168000,330,399,69,729,38,-0.4244645520616075,-0.45405290014561434
20,1569182400,490,499,9,989,38,-0.5226902713475476,-0.15838562635983944
20,1569196800,440,158,0,598,38,-0.5374241292404387,-0.6030237188607548
20,1569211200,55,22,0,77,38,-0.5374241292404387,-1.1954954482545574
20,1569225600,44,613,569,657,38,0.39408310865456087,-0.5359299913478289
20,1569240000,269,2149,1880,2418,38,2.540315075052354,1.4666471976396696
20,1569254400,657,710,53,1367,38,-0.4506580772045249,0.2714691024517871
20,1569268800,2102,476,0,2578,38,-0.5374241292404387,1.6485962892001464
20,1569283200,610,109,0,719,39,-0.5505158557665165,-0.5505903192550736
20,1569297600,149,21,0,170,39,-0.5505158557665165,-1.14980264669093
20,1569312000,59,663,604,722,39,0.47855246853419764,-0.5473159349521454
20,1569326400,315,2166,1851,2481,39,2.6031355817841817,1.3725647279980753
20,1569340800,805,698,0,1503,39,-0.5505158557665165,0.3051154452434898
20,1569355200,2504,707,0,3211,39,-0.5505158557665165,2.1693315750439317
20,1569369600,886,165,0,1051,39,-0.5505158557665165,-0.1882251230643554
20,1569384000,146,28,0,174,39,-0.5505158557665165,-1.1454368009536924
20,1569398400,54,649,595,703,39,0.4632186689999155,-0.5680537022040238
20,1569412800,294,2296,2002,2590,39,2.8604026628593604,1.491534024337799
20,1569427200,732,742,10,1474,39,-0.5334783007284252,0.27346306364851747
20,1569441600,2220,602,0,2822,39,-0.5505158557665165,1.744753077097578
20,1569456000,720,123,0,843,39,-0.5505158557665165,-0.415249101400709
20,1569470400,143,28,0,171,39,-0.5505158557665165,-1.1487111852566205
20,1569484800,60,665,605,725,39,0.4802562240380068,-0.5440415506492172
20,1569499200,359,2224,1865,2583,39,2.6269881588375097,1.4838937942976334
20,1569513600,778,801,23,1579,39,-0.5113294791789065,0.38806651425100364
20,1569528000,2071,726,0,2797,39,-0.5505158557665165,1.717466541239843
20,1569542400,706,150,0,856,39,-0.5505158557665165,-0.4010601027546869
20,1569556800,143,43,0,186,39,-0.5505158557665165,-1.1323392637419796
20,1569571200,53,571,518,624,39,0.3320294952066125,-0.6542791555144658
20,1569585600,362,2066,1704,2428,39,2.3526835227242398,1.3147172719796776
20,1569600000,922,762,0,1684,39,-0.5505158557665165,0.5026699648534898
20,1569614400,2338,878,0,3216,39,-0.5505158557665165,2.1747888822154784
20,1569628800,754,187,0,941,39,-0.5505158557665165,-0.30828588083838854
20,1569643200,207,59,0,266,39,-0.5505158557665165,-1.0450223489972281
20,1569657600,80,202,122,282,39,-0.3426576843018027,-1.027558966048278
20,1569672000,185,618,433,803,39,0.18721027738283652,-0.45890755877308465
20,1569686400,474,605,131,1079,39,-0.32732388476752056,-0.15766420290369243
20,1569700800,747,619,0,1366,39,-0.5505158557665165,0.1555852287431031
20,1569715200,622,223,0,845,39,-0.5505158557665165,-0.4130661785320902
20,1569729600,130,48,0,178,39,-0.5505158557665165,-1.1410709552164546
20,1569744000,51,114,63,165,39,-0.4431792590265413,-1.1552599538624768
20,1569758400,168,473,305,641,39,-0.030870427104732034,-0.6357243111312062
20,1569772800,403,544,141,947,39,-0.3102863297294292,-0.3017371122325322
20,1569787200,732,1079,347,1811,39,0.040687304055251394,0.6412855670107825
20,1569801600,433,113,0,546,39,-0.5505158557665165,-0.7394131473905984
20,1569816000,60,44,0,104,39,-0.5505158557665165,-1.2218391013553498
20,1569830400,40,578,538,618,39,0.3661046052827951,-0.6608279241203222
20,1569844800,209,1923,1714,2132,39,2.369721077762331,0.9916446874240974
20,1569859200,598,598,0,1196,39,-0.5505158557665165,-0.029963215089493563
20,1569873600,1735,418,0,2153,39,-0.5505158557665165,1.0145653775445946
20,1569888000,410,90,0,500,40,-0.5413900061881516,-0.742002416556633
20,1569902400,96,22,0,118,40,-0.5413900061881516,-1.1801741111804551
20,1569916800,43,678,635,721,40,0.49047388754714477,-0.48850517961457884
20,1569931200,223,2125,1902,2348,40,2.5493267274882796,1.3777391846601814
20,1569945600,605,737,132,1342,40,-0.3268923148919955,0.22381058572938314
20,1569960000,2055,683,0,2738,40,-0.5413900061881516,1.8250872498520416
20,1569974400,695,160,0,855,40,-0.5413900061881516,-0.33480097259993974
20,1569988800,115,21,0,136,40,-0.5413900061881516,-1.159527277402369
20,1570003200,46,648,602,694,40,0.43684946472310576,-0.5194754302817076
20,1570017600,267,2250,1983,2517,40,2.680950310783648,1.5715900129099876
20,1570032000,712,653,0,1365,40,-0.5413900061881516,0.25019265111249284
20,1570046400,1969,703,0,2672,40,-0.5413900061881516,1.749382192665727
20,1570060800,655,173,0,828,40,-0.5413900061881516,-0.3657712232670685
20,1570075200,112,24,0,136,40,-0.5413900061881516,-1.159527277402369
20,1570089600,45,664,619,709,40,0.46447416739003494,-0.5022697354666361
20,1570104000,305,2285,1980,2590,40,2.67607536325419,1.6553243943433358
20,1570118400,727,755,28,1482,40,-0.4958904959132094,0.3843970706700509
20,1570132800,2013,712,0,2725,40,-0.5413900061881516,1.8101756476789796
20,1570147200,649,144,0,793,40,-0.5413900061881516,-0.40591784450223545
20,1570161600,126,26,0,152,40,-0.5413900061881516,-1.1411745362662928
20,1570176000,53,549,496,602,40,0.2646013186822531,-0.6250036918141465
20,1570190400,281,2056,1775,2337,40,2.3429539487412203,1.365121675129129
20,1570204800,860,752,0,1612,40,-0.5413900061881516,0.533513092400671
20,1570219200,1845,663,0,2508,40,-0.5413900061881516,1.5612665960209446
20,1570233600,569,167,0,736,40,-0.5413900061881516,-0.47129948479950734
20,1570248000,140,46,0,186,40,-0.5413900061881516,-1.1021749613521308
20,1570262400,47,188,141,235,40,-0.31226747230362123,-1.0459696916228969
20,1570276800,218,636,418,854,40,0.13785268291634273,-0.3359480189209445
20,1570291200,551,657,106,1208,40,-0.369141860147299,0.070106378714744
20,1570305600,749,604,0,1353,40,-0.5413900061881516,0.23642809526043562
20,1570320000,424,212,0,636,40,-0.5413900061881516,-0.5860041168999843
20,1570334400,100,44,0,144,40,-0.5413900061881516,-1.150350906834331
20,1570348800,28,122,94,150,40,-0.38864165026513137,-1.1434686289083025
20,1570363200,156,501,345,657,40,0.019228959699529116,-0.5619161441588841
20,1570377600,449,568,119,1017,40,-0.3480170875196472,-0.14897946859716701
20,1570392000,680,410,0,1090,40,-0.5413900061881516,-0.06524508716381883
20,1570406400,289,128,0,417,40,-0.5413900061881516,-0.8372072612000289
20,1570420800,43,20,0,63,40,-0.5413900061881516,-1.2432616588357173
20,1570435200,42,735,693,777,40,0.5847228731166679,-0.42427058563831177
20,1570449600,246,2171,1925,2417,40,2.5867013252141247,1.4568853808095106
20,1570464000,668,616,0,1284,40,-0.5413900061881516,0.15728189911110652
20,1570478400,2018,447,0,2465,40,-0.5413900061881516,1.5119436042177397
20,1570492800,495,137,0,632,41,-0.5374842608716266,-0.6229918760795163
20,1570507200,101,24,0,125,41,-0.5374842608716266,-1.2234258857308797
20,1570521600,55,698,643,753,41,0.5861649068864744,-0.4796930295946742
20,1570536000,313,2182,1869,2495,41,2.7286126202168504,1.5833366445920614
20,1570550400,881,702,0,1583,41,-0.5374842608716266,0.5032660000120942
20,1570564800,2099,568,0,2667,41,-0.5374842608716266,1.7870341784382833
20,1570579200,710,137,0,847,41,-0.5374842608716266,-0.368369958771739
20,1570593600,109,33,0,142,41,-0.5374842608716266,-1.203292989943753
20,1570608000,72,601,529,673,41,0.38694872473340514,-0.574436068592917
20,1570622400,359,2114,1755,2473,41,2.5293964380637814,1.5572823088675445
20,1570636800,723,696,0,1419,41,-0.5374842608716266,0.3090427700656965
20,1570651200,1979,448,0,2427,41,-0.5374842608716266,1.502805061443555
20,1570665600,615,134,0,749,41,-0.5374842608716266,-0.48443018154458634
20,1570680000,113,22,0,135,41,-0.5374842608716266,-1.2115830058560992
20,1570694400,46,644,598,690,41,0.507526940247105,-0.5543031728057903
20,1570708800,293,2182,1889,2475,41,2.763562827612126,1.5596508848425006
20,1570723200,773,772,0,1545,41,-0.5374842608716266,0.45826305648792887
20,1570737600,2012,758,0,2770,41,-0.5374842608716266,1.9090158411485207
20,1570752000,717,152,0,869,41,-0.5374842608716266,-0.34231562304722224
20,1570766400,132,36,0,168,41,-0.5374842608716266,-1.1725015022693241
20,1570780800,50,617,567,667,41,0.4533541187844282,-0.5815417965177851
20,1570795200,318,2064,1746,2382,41,2.5136688447359075,1.4495121020070434
20,1570809600,864,784,0,1648,41,-0.5374842608716266,0.5802447191981663
20,1570824000,1705,665,0,2370,41,-0.5374842608716266,1.435300646157307
20,1570838400,538,167,0,705,41,-0.5374842608716266,-0.5365388529936198
20,1570852800,143,47,0,190,41,-0.5374842608716266,-1.1464471665448075
20,1570867200,44,195,151,239,41,-0.27361019503729805,-1.0884170551583838
20,1570881600,192,580,388,772,41,0.14054976259671428,-0.4571915578325916
20,1570896000,529,666,137,1195,41,-0.29807534021399074,0.043762260870616895
20,1570910400,759,856,97,1615,41,-0.3679757550045414,0.5411632156113912
20,1570924800,633,255,0,888,41,-0.5374842608716266,-0.31981415128513957
20,1570939200,100,35,0,135,41,-0.5374842608716266,-1.2115830058560992
20,1570953600,34,94,60,128,41,-0.4326336386858007,-1.2198730217684455
20,1570968000,167,509,342,676,41,0.060164285587581086,-0.5708832046304828
20,1570982400,514,588,74,1102,41,-0.40816849350910794,-0.06637652196484028
20,1570996800,803,497,0,1300,41,-0.5374842608716266,0.16811249955581048
20,1571011200,320,144,0,464,41,-0.5374842608716266,-0.821952257975826
20,1571025600,70,25,0,95,41,-0.5374842608716266,-1.2589545253552208
20,1571040000,35,485,450,520,41,0.2488954055220677,-0.7556321306770561
20,1571054400,237,1860,1623,2097,41,2.2987250692549646,1.1119900255758037
20,1571068800,852,746,0,1598,41,-0.5374842608716266,0.5210303198242646
20,1571083200,1700,515,0,2215,41,-0.5374842608716266,1.2517360080982118
20,1571097600,549,115,0,664,42,-0.5432685853669064,-0.6265745575059772
20,1571112000,93,24,0,117,42,-0.5432685853669064,-1.2146505393730547
20,1571126400,54,674,620,728,42,0.4831200065908852,-0.5577685925343265
20,1571140800,268,2201,1933,2469,42,2.656746169882144,1.31396867333511
20,1571155200,767,734,0,1501,42,-0.5432685853669064,0.27327845313889254
20,1571169600,2472,738,0,3210,42,-0.5432685853669064,2.1106127365225036
20,1571184000,795,224,0,1019,42,-0.5432685853669064,-0.24491647055385207
20,1571198400,179,27,0,206,42,-0.5432685853669064,-1.1189672443343528
20,1571212800,59,713,654,772,42,0.5394058326014738,-0.5104644916163167
20,1571227200,337,2226,1889,2563,42,2.5839056891625587,1.415027434387222
20,1571241600,761,743,0,1504,42,-0.5432685853669064,0.2765037327469387
20,1571256000,2601,740,0,3341,42,-0.5432685853669064,2.2514499460738513
20,1571270400,832,167,0,999,42,-0.5432685853669064,-0.2664183346074929
20,1571284800,167,31,0,198,42,-0.5432685853669064,-1.1275679899558093
20,1571299200,54,695,641,749,42,0.5178847814797781,-0.5351916352780036
20,1571313600,338,2252,1914,2590,42,2.6252923259350505,1.4440549508596372
20,1571328000,753,802,49,1555,42,-0.4621507772928229,0.3313334860837229
20,1571342400,2016,665,0,2681,42,-0.5432685853669064,1.541888432303703
20,1571356800,594,201,0,795,42,-0.5432685853669064,-0.4857373479546297
20,1571371200,140,53,0,193,42,-0.5432685853669064,-1.1329434559692195
20,1571385600,45,578,533,623,42,0.3390945106226145,-0.670653378815941
20,1571400000,257,2002,1745,2259,42,2.3455186613530072,1.088199100771881
20,1571414400,887,750,0,1637,42,-0.5432685853669064,0.41949112870365035
20,1571428800,1870,736,0,2606,42,-0.5432685853669064,1.4612564421025498
20,1571443200,568,165,0,733,42,-0.5432685853669064,-0.5523931265209163
20,1571457600,161,46,0,207,42,-0.5432685853669064,-1.1178921511316708
20,1571472000,50,187,137,237,42,-0.31646981585365247,-1.0856393550512096
20,1571486400,221,700,479,921,42,0.24969937519403262,-0.35027560441669225
20,1571500800,588,725,137,1313,42,-0.31646981585365247,0.0711609310346685
20,1571515200,885,803,0,1688,42,-0.5432685853669064,0.47432088204043454
20,1571529600,500,255,0,755,42,-0.5432685853669064,-0.5287410760619113
20,1571544000,133,53,0,186,42,-0.5432685853669064,-1.1404691083879936
20,1571558400,36,145,109,181,42,-0.36282284903884304,-1.1458445744014039
20,1571572800,174,488,314,662,42,-0.023452427504411937,-0.6287247439113414
20,1571587200,639,724,85,1363,42,-0.40255402034043497,0.12491559116877064
20,1571601600,882,418,0,1300,42,-0.5432685853669064,0.05718471939980194
20,1571616000,289,110,0,399,42,-0.5432685853669064,-0.9114742562167186
20,1571630400,71,25,0,96,42,-0.5432685853669064,-1.2372274966293775
20,1571644800,47,659,612,706,42,0.46987628282368793,-0.5814206429933315
20,1571659200,307,2195,1888,2502,42,2.582250223691659,1.3494467490236173
20,1571673600,737,781,44,1518,42,-0.4704281046473212,0.29155503758448725
20,1571688000,1980,640,0,2620,42,-0.5432685853669064,1.4763077469400985
20,1571702400,585,159,0,744,43,-0.5346412586569985,-0.5177371958828426
20,1571716800,106,36,0,142,43,-0.5346412586569985,-1.1757810937716373
20,1571731200,54,674,620,728,43,0.4596494409165081,-0.5352267346971628
20,1571745600,347,2294,1947,2641,43,2.5877522769391588,1.5558662497899873
20,1571760000,680,751,71,1431,43,-0.4207789366090647,0.23321987695702778
20,1571774400,2041,557,0,2598,43,-0.5346412586569985,1.5088631142265019
20,1571788800,556,118,0,674,43,-0.5346412586569985,-0.5942539281954932
20,1571803200,123,21,0,144,43,-0.5346412586569985,-1.1735949014198472
20,1571817600,53,651,598,704,43,0.42436815802841593,-0.561461042918643
20,1571832000,307,2395,2088,2702,43,2.813873226358295,1.6225451165195828
20,1571846400,836,832,0,1668,43,-0.5346412586569985,0.49228367064414463
20,1571860800,2127,712,0,2839,43,-0.5346412586569985,1.7722992926171988
20,1571875200,616,169,0,785,43,-0.5346412586569985,-0.4729202526711473
20,1571889600,125,43,0,168,43,-0.5346412586569985,-1.147360593198367
20,1571904000,60,714,654,774,43,0.5141750599253778,-0.48494431060599236
20,1571918400,332,2337,2005,2669,43,2.6807665681895836,1.5864729427150475
20,1571932800,710,758,48,1468,43,-0.4576639141738883,0.2736644354651431
20,1571947200,2052,652,0,2704,43,-0.5346412586569985,1.6247313088713726
20,1571961600,679,195,0,874,43,-0.5346412586569985,-0.3756346930164916
20,1571976000,138,30,0,168,43,-0.5346412586569985,-1.147360593198367
20,1571990400,53,546,493,599,43,0.2559802169716124,-0.6762361413876188
20,1572004800,337,2056,1719,2393,43,2.2221098906443855,1.2847783981680252
20,1572019200,893,763,0,1656,43,-0.5346412586569985,0.47916651653340453
20,1572033600,1870,675,0,2545,43,-0.5346412586569985,1.4509290169040665
20,1572048000,581,156,0,737,43,-0.5346412586569985,-0.5253888691141076
20,1572062400,158,67,0,225,43,-0.5346412586569985,-1.0850541111723517
20,1572076800,60,186,126,246,43,-0.33257572938883423,-1.0620990914785564
20,1572091200,217,654,437,871,43,0.16617331507465052,-0.3789139815441766
20,1572105600,706,765,59,1471,43,-0.4400232727298422,0.2769437239928281
20,1572120000,1036,689,0,1725,43,-0.5346412586569985,0.5545901526701601
20,1572134400,502,297,0,799,43,-0.5346412586569985,-0.45761690620861717
20,1572148800,114,94,0,208,43,-0.5346412586569985,-1.1036367461625667
20,1572163200,43,111,68,154,43,-0.42559002063925905,-1.1626639396608973
20,1572177600,186,541,355,727,43,0.034670351582670615,-0.5363198308730577
20,1572192000,446,645,199,1091,43,-0.2155060179874375,-0.13843282284727487
20,1572206400,657,400,0,1057,43,-0.5346412586569985,-0.17559809282770514
20,1572220800,284,145,0,429,43,-0.5346412586569985,-0.8620624912897701
20,1572235200,53,32,0,85,43,-0.5346412586569985,-1.2380875757976528
20,1572249600,43,626,583,669,43,0.400312737877444,-0.5997194090749682
20,1572264000,283,2215,1932,2498,43,2.563696856788187,1.3995534966370011
20,1572278400,723,684,0,1407,43,-0.5346412586569985,0.20698556873554758
20,1572292800,2322,602,0,2924,43,-0.5346412586569985,1.8652124675682744
20,1572307200,710,132,0,842,44,-0.5014455482168131,-0.3542650720978446
20,1572321600,120,18,0,138,44,-0.5014455482168131,-1.1331387929596322
20,1572336000,54,685,631,739,44,0.49801982016391055,-0.46821960796256634
20,1572350400,352,2300,1948,2652,44,2.5840671896685268,1.6482369659132852
20,1572364800,760,768,8,1528,44,-0.4887740379996249,0.40469426385554497
20,1572379200,2271,594,0,2865,44,-0.5014455482168131,1.8838905206626613
20,1572393600,632,100,0,732,44,-0.5014455482168131,-0.47596409098249887
20,1572408000,102,23,0,125,44,-0.5014455482168131,-1.147521404282364
20,1572422400,48,687,639,735,44,0.5106913303810988,-0.4726450268310992
20,1572436800,287,2272,1985,2559,44,2.6426729244230227,1.5453459772198956
20,1572451200,762,735,0,1497,44,-0.5014455482168131,0.3703972676244151
20,1572465600,2031,562,0,2593,44,-0.5014455482168131,1.5829620376024252
20,1572480000,514,138,0,652,44,-0.5014455482168131,-0.5644724683531566
20,1572494400,196,41,0,237,44,-0.5014455482168131,-1.0236096759634432
20,1572508800,53,678,625,731,44,0.4885161875010193,-0.4770704456996321
20,1572523200,282,2228,1946,2510,44,2.5808993121142296,1.491134596080368
20,1572537600,743,689,0,1432,44,-0.5014455482168131,0.2984842110107558
20,1572552000,2172,472,0,2644,44,-0.5014455482168131,1.6393861281762194
20,1572566400,497,170,0,667,44,-0.5014455482168131,-0.5478771475961582
20,1572580800,200,67,0,267,44,-0.5014455482168131,-0.9904190344494466
20,1572595200,57,579,522,636,44,0.3253704934547206,-0.582174143827288
20,1572609600,345,2187,1842,2532,44,2.4161696792907823,1.5154743998572988
20,1572624000,930,875,0,1805,44,-0.5014455482168131,0.7111545205014471
20,1572638400,1875,728,0,2603,44,-0.5014455482168131,1.5940255847737574
20,1572652800,651,147,0,798,44,-0.5014455482168131,-0.4029446796517063
20,1572667200,117,36,0,153,44,-0.5014455482168131,-1.1165434722026337
20,1572681600,44,132,88,176,44,-0.3620589358277423,-1.0910973137085698
20,1572696000,263,571,308,834,44,-0.01359240485506528,-0.3631159098349103
20,1572710400,607,609,2,1216,44,-0.49827767066251605,0.059511592109980055
20,1572724800,912,491,0,1403,44,-0.5014455482168131,0.26639992421389236
20,1572739200,496,198,0,694,44,-0.5014455482168131,-0.5180055702335613
20,1572750000,88,31,0,119,44,-0.5014455482168131,-1.1541595325851632
20,1572764400,22,55,33,77,44,-0.44917556857091157,-1.2006264307047585
20,1572778800,115,386,271,501,44,-0.07219813960956097,-0.731532030640273
20,1572793200,396,514,118,910,44,-0.3145407725132863,-0.27903295133278555
20,1572807600,640,366,0,1006,44,-0.5014455482168131,-0.17282289848799634
20,1572822000,321,108,0,429,44,-0.5014455482168131,-0.8111895702738648
20,1572836400,83,33,0,116,44,-0.5014455482168131,-1.1574785967365628
20,1572850800,21,263,242,284,44,-0.11813236414686838,-0.9716110042581818
20,1572865200,210,2393,2183,2603,44,2.956292802298432,1.5940255847737574
20,1572879600,604,826,222,1430,44,-0.14981113968983903,0.29627150157648935
20,1572894000,1929,650,0,2579,44,-0.5014455482168131,1.5674730715625602
20,1572908400,761,165,0,926,44,-0.5014455482168131,-0.261331275858654
20,1572922800,150,36,0,186,45,-0.5070101835420951,-1.1343559364504463
20,1572937200,28,308,280,336,45,-0.09724867172469161,-0.9714629204120206
20,1572951600,190,2474,2284,2664,45,2.8354730057112962,1.5566366885043459
20,1572966000,544,742,198,1286,45,-0.21725025732835979,0.060192847831341954
20,1572980400,2099,636,0,2735,45,-0.5070101835420951,1.633739382762534
20,1572994800,989,163,0,1152,45,-0.5070101835420951,-0.08532491316298499
20,1573009200,170,36,0,206,45,-0.5070101835420951,-1.1126368676453229
20,1573023600,30,270,240,300,45,-0.15578603055574924,-1.0105572442612427
20,1573038000,197,2497,2300,2694,45,2.8588879492437194,1.589215291712031
20,1573052400,638,841,203,1479,45,-0.2099330874744776,0.269781861800783
20,1573066800,2088,679,0,2767,45,-0.5070101835420951,1.6684898928507315
20,1573081200,1028,196,0,1224,45,-0.5070101835420951,-0.0071362654645406596
20,1573095600,156,53,0,209,45,-0.5070101835420951,-1.1093790073245544
20,1573110000,28,263,235,291,45,-0.16310320040963147,-1.0203308252235483
20,1573124400,200,2273,2073,2473,45,2.526688437877467,1.349219581415417
20,1573138800,600,860,260,1460,45,-0.12651735114022042,0.24914874643591572
20,1573153200,1957,780,0,2737,45,-0.5070101835420951,1.6359112896430463
20,1573167600,1015,252,0,1267,45,-0.5070101835420951,0.0395597324664747
20,1573182000,166,31,0,197,45,-0.5070101835420951,-1.1224104486076285
20,1573196400,29,293,264,322,45,-0.12066361525711466,-0.986666268575607
20,1573210800,218,2344,2126,2562,45,2.6042504383286187,1.4458694375982164
20,1573225200,732,851,119,1583,45,-0.3328615410196986,0.38272101958742477
20,1573239600,1854,901,0,2755,45,-0.5070101835420951,1.6554584515676574
20,1573254000,885,286,0,1171,45,-0.5070101835420951,-0.06469179779811773
20,1573268400,187,55,0,242,45,-0.5070101835420951,-1.0735425437961008
20,1573282800,27,106,79,133,45,-0.39139889985075627,-1.1919114687840233
20,1573297200,125,624,499,749,45,0.22324336787534899,-0.522964149586222
20,1573311600,642,797,155,1439,45,-0.28017791807174675,0.22634372419053614
20,1573326000,1105,816,0,1921,45,-0.5070101835420951,0.7497732823940106
20,1573340400,679,346,0,1025,45,-0.5070101835420951,-0.22324100007551873
20,1573354800,190,59,0,249,45,-0.5070101835420951,-1.0659408697143076
20,1573369200,24,72,48,96,45,-0.43676535294482594,-1.2320917460735017
20,1573383600,109,508,399,617,45,0.07689997079770487,-0.6663100037000366
20,1573398000,480,826,346,1306,45,-0.0006620296534465011,0.08191191663646538
20,1573412400,910,563,0,1473,45,-0.5070101835420951,0.26326614115924596
20,1573426800,491,163,0,654,45,-0.5070101835420951,-0.6261297264105582
20,1573441200,104,41,0,145,45,-0.5070101835420951,-1.1788800275009494
20,1573455600,28,269,241,297,45,-0.1543225965849728,-1.0138151045820114
20,1573470000,194,2260,2066,2454,45,2.5164444000820323,1.32858646605055
20,1573484400,719,855,136,1574,45,-0.3079831635164991,0.37294743862511925
20,1573498800,1714,629,0,2343,45,-0.5070101835420951,1.2080456341821149
20,1573513200,743,168,0,911,45,-0.5070101835420951,-0.34703969226472225
20,1573527600,157,41,0,198,46,-0.5062686878776343,-1.198884387081751
20,1573542000,35,346,311,381,46,-0.0612864120511314,-0.9982917188816
20,1573556400,222,2615,2393,2837,46,2.9176624569867435,1.6938153472362742
20,1573570800,600,825,225,1425,46,-0.18433617321215792,0.14607301117827814
20,1573585200,2104,767,0,2871,46,-0.5062686878776343,1.7310839303991439
20,1573599600,1007,154,0,1161,46,-0.5062686878776343,-0.14330657573341515
20,1573614000,160,43,0,203,46,-0.5062686878776343,-1.1934037130872113
20,1573628400,31,314,283,345,46,-0.10134912498727958,-1.0377525716422853
20,1573642800,183,2421,2238,2604,46,2.6958867246616376,1.4384159390907267
20,1573657200,641,862,221,1503,46,-0.19005941791732195,0.23157152549309662
20,1573671600,2056,870,0,2926,46,-0.5062686878776343,1.79137134433908
20,1573686000,1115,190,0,1305,46,-0.5062686878776343,0.014536835309326644
20,1573700400,181,38,0,219,46,-0.5062686878776343,-1.1758655563046845
20,1573714800,37,308,271,345,46,-0.11851885910277164,-1.0377525716422853
20,1573729200,207,2445,2238,2652,46,2.6958867246616376,1.4910304094383073
20,1573743600,613,852,239,1465,46,-0.16430481674408384,0.18991840313459532
20,1573758000,1844,710,0,2554,46,-0.5062686878776343,1.3836091991453303
20,1573772400,835,193,0,1028,46,-0.5062686878776343,-0.28909250398816977
20,1573786800,154,49,0,203,46,-0.5062686878776343,-1.1934037130872113
20,1573801200,32,300,268,332,46,-0.12281129263164466,-1.0520023240280885
20,1573815600,245,2266,2021,2511,46,2.385400699406489,1.3364754027922892
20,1573830000,726,871,145,1597,46,-0.29880106731543843,0.334608196590442
20,1573844400,1824,888,0,2712,46,-0.5062686878776343,1.556798497372783
20,1573858800,957,237,0,1194,46,-0.5062686878776343,-0.10713412736945349
20,1573873200,515,256,0,771,46,-0.5062686878776343,-0.5707991473075076
20,1573887600,779,167,0,946,46,-0.5062686878776343,-0.37897555749861994
20,1573902000,110,589,479,699,46,0.17908986556575762,-0.6497208528288785
20,1573916400,572,921,349,1493,46,-0.006915587352073169,0.22061017750401735
20,1573930800,1122,721,0,1843,46,-0.5062686878776343,0.6042573571217925
20,1573945200,667,321,0,988,46,-0.5062686878776343,-0.3329378959444869
20,1573959600,159,58,0,217,46,-0.5062686878776343,-1.1780578259025003
20,1573974000,29,79,50,108,46,-0.434728129063084,-1.2975365189834647
20,1573988400,89,443,354,532,46,0.00023846852938186146,-0.8327753642465027
20,1574002800,508,748,240,1256,46,-0.16287400556779283,-0.039173769837161886
20,1574017200,860,550,0,1410,46,-0.5062686878776343,0.1296309891946592
20,1574031600,619,304,0,923,46,-0.5062686878776343,-0.40418665787350233
20,1574046000,165,50,0,215,46,-0.5062686878776343,-1.1802500955003161
20,1574060400,119,305,186,424,46,-0.24013780908750715,-0.951157922528559
20,1574074800,189,2392,2203,2581,46,2.6458083334914524,1.4132048387158442
20,1574089200,567,714,147,1281,46,-0.2959394449628564,-0.011770399864463656
20,1574103600,2125,633,0,2758,46,-0.5062686878776343,1.6072206981225479
20,1574118000,1062,175,0,1237,46,-0.5062686878776343,-0.06000033101641254
20,1574132400,128,32,0,160,47,-0.5237555701732649,-1.2044834872269758
20,1574146800,31,316,285,347,47,-0.11964610936535072,-1.0046395319978598
20,1574161200,197,2463,2266,2660,47,2.6892691252328174,1.4672271441783193
20,1574175600,592,838,246,1430,47,-0.17494529873906528,0.15274551352691407
20,1574190000,1898,631,0,2529,47,-0.5237555701732649,1.3272295070926818
20,1574204400,834,163,0,997,47,-0.5237555701732649,-0.3099947678324831
20,1574218800,155,41,0,196,47,-0.5237555701732649,-1.1660108541347396
20,1574233200,32,334,302,366,47,-0.09554133451014181,-0.9843345311991796
20,1574247600,181,2487,2306,2668,47,2.745986242539191,1.4757766181988163
20,1574262000,565,885,320,1450,47,-0.07001863172227354,0.17411919857815641
20,1574276400,2032,755,0,2787,47,-0.5237555701732649,1.6029500442537084
20,1574290800,1136,207,0,1343,47,-0.5237555701732649,0.05976998355400979
20,1574305200,196,35,0,231,47,-0.5237555701732649,-1.1286069052950656
20,1574319600,45,345,300,390,47,-0.0983771903754605,-0.9586861091376887
20,1574334000,290,2800,2510,3090,47,3.0352435408016984,1.9267613727800301
20,1574348400,785,989,204,1774,47,-0.2344982719107579,0.5203728964082827
20,1574362800,1976,721,0,2697,47,-0.5237555701732649,1.5067684615231176
20,1574377200,854,153,0,1007,47,-0.5237555701732649,-0.2993079253068619
20,1574391600,183,42,0,225,47,-0.5237555701732649,-1.1350190108104383
20,1574406000,33,272,239,305,47,-0.18487079426768072,-1.0495242706054688
20,1574420400,207,2239,2032,2446,47,2.35747398899053,1.238528714130026
20,1574434800,779,1033,254,1812,47,-0.1636018752777905,0.5609828980056432
20,1574449200,1773,754,0,2527,47,-0.5237555701732649,1.3250921385875576
20,1574463600,774,332,0,1106,47,-0.5237555701732649,-0.1935081843032122
20,1574478000,259,108,0,367,47,-0.5237555701732649,-0.9832658469466175
20,1574492400,48,135,87,183,47,-0.4003958400319016,-1.179903749418047
20,1574506800,169,623,454,792,47,0.11998371125407906,-0.5290750396077173
20,1574521200,621,903,282,1524,47,-0.12389989316332876,0.25320183326775314
20,1574535600,1173,1004,0,2177,47,-0.5237555701732649,0.9510526501908163
20,1574550000,736,430,0,1166,47,-0.5237555701732649,-0.1293871291494851
20,1574564400,199,78,0,277,47,-0.5237555701732649,-1.079447429677208
20,1574578800,37,64,27,101,47,-0.4854715159914625,-1.2675358581281408
20,1574593200,100,539,439,639,47,0.09871479226418885,-0.6925837302497213
20,1574607600,444,796,352,1240,47,-0.02464493787717442,-0.050304494459888376
20,1574622000,902,609,0,1511,47,-0.5237555701732649,0.23930893798444564
20,1574636400,578,259,0,837,47,-0.5237555701732649,-0.480984248242422
20,1574650800,103,41,0,144,47,-0.5237555701732649,-1.2215824352679698
20,1574665200,37,307,270,344,47,-0.14091502835524095,-1.007845584755546
20,1574679600,209,2309,2100,2518,47,2.4538930884113657,1.3154739803144986
20,1574694000,586,825,239,1411,47,-0.18487079426768072,0.13244051272823382
20,1574708400,1913,797,0,2710,47,-0.5237555701732649,1.5206613568064251
20,1574722800,1179,394,0,1573,47,-0.5237555701732649,0.30556736164329695
20,1574737200,262,47,0,309,48,-0.46440741541485897,-0.9678829466175325
20,1574751600,49,346,297,395,48,0.11856713423643926,-0.8639159804847029
20,1574766000,243,2329,2086,2572,48,3.630154573045101,1.7678989645289012
20,1574780400,793,885,92,1678,48,-0.2838227064319652,0.6871260840318125
20,1574794800,2047,809,0,2856,48,-0.46440741541485897,2.111231736409408
20,1574809200,955,246,0,1201,48,-0.46440741541485897,0.11047209745786253
20,1574823600,226,57,0,283,48,-0.46440741541485897,-0.9993148200995506
20,1574838000,46,283,237,329,48,0.0007944979432477076,-0.9437045824005953
20,1574852400,227,1749,1522,1976,48,2.5230917918891005,1.0473837108641755
20,1574866800,1006,905,0,1911,48,-0.46440741541485897,0.9688040271591298
20,1574881200,1620,921,0,2541,48,-0.46440741541485897,1.7304224999926487
20,1574895600,848,278,0,1126,48,-0.46440741541485897,0.019803231644348385
20,1574910000,135,38,0,173,48,-0.46440741541485897,-1.1322958232927047
20,1574924400,33,101,68,134,48,-0.33093176094924187,-1.1794436335157321
20,1574938800,154,776,622,930,48,0.756502247491227,-0.21714473768163528
20,1574953200,838,432,0,1270,48,-0.46440741541485897,0.19388745400629556
20,1574967600,678,437,0,1115,48,-0.46440741541485897,0.006505131325032974
20,1574982000,445,213,0,658,48,-0.46440741541485897,-0.5459704910319799
20,1574996400,85,44,0,129,48,-0.46440741541485897,-1.1854882245699665
20,1575010800,17,193,176,210,48,-0.11894101562149705,-1.0875658494913711
20,1575025200,200,1023,823,1223,48,1.1510405790734186,0.13706829809649335
20,1575039600,801,966,165,1767,48,-0.14053266560858216,0.7947198047971826
20,1575054000,1389,1004,0,2393,48,-0.46440741541485897,1.5515026047873142
20,1575068400,888,374,0,1262,48,-0.46440741541485897,0.1842161083195207
20,1575082800,289,61,0,350,48,-0.46440741541485897,-0.9183172999728114
20,1575097200,32,91,59,123,48,-0.3485976563932206,-1.1927417338350474
20,1575111600,128,534,406,662,48,0.3325207568357373,-0.5411348181885925
20,1575126000,571,846,275,1417,48,0.07538383426226902,0.37159843100078327
20,1575140400,1133,947,0,2080,48,-0.46440741541485897,1.1731112047922485
20,1575154800,768,471,0,1239,48,-0.46440741541485897,0.15641098947004303
20,1575169200,267,72,0,339,48,-0.46440741541485897,-0.9316154002921267
20,1575183600,30,61,31,91,48,-0.40355821999671,-1.2314271165821469
20,1575198000,105,414,309,519,48,0.14212166149507757,-0.7140101223396929
20,1575212400,535,695,160,1230,48,-0.15034705196634812,0.14553072557242133
20,1575226800,860,459,0,1319,48,-0.46440741541485897,0.25312444633779146
20,1575241200,493,147,0,640,48,-0.46440741541485897,-0.5677310188272233
20,1575255600,89,38,0,127,48,-0.46440741541485897,-1.18790606099166
20,1575270000,28,267,239,295,48,0.004720252486354093,-0.9848078015693884
20,1575284400,168,2371,2203,2539,48,3.8598112138168243,1.728004663570955
20,1575298800,637,804,167,1441,48,-0.1366069110654758,0.40061246806110784
20,1575313200,2015,678,0,2693,48,-0.46440741541485897,1.9141780680413707
20,1575327600,880,179,0,1059,48,-0.46440741541485897,-0.061194288482390925
20,1575342000,163,32,0,195,49,-0.5099142836653793,-1.2545600718743948
20,1575356400,35,298,263,333,49,-0.14715823437267758,-1.135697298248175
20,1575370800,213,2479,2266,2692,49,2.6155808026359972,0.8961670712029289
20,1575385200,667,989,322,1656,49,-0.06577950088115894,0.003834944559714138
20,1575399600,2018,779,0,2797,49,-0.5099142836653793,0.986606138092444
20,1575414000,1066,239,0,1305,49,-0.5099142836653793,-0.29848993618523606
20,1575428400,176,47,0,223,49,-0.5099142836653793,-1.2304429873705243
20,1575442800,43,294,251,337,49,-0.16370984118451187,-1.1322520004619079
20,1575457200,204,2493,2289,2697,49,2.6473047156920133,0.900473693435763
20,1575471600,711,977,266,1688,49,-0.143020332669719,0.031397326849852046
20,1575486000,2378,1766,0,4144,49,-0.5099142836653793,2.1468101676179363
20,1575500400,1567,753,0,2320,49,-0.5099142836653793,0.5757543770800758
20,1575514800,275,62,0,337,49,-0.5099142836653793,-1.1322520004619079
20,1575529200,40,308,268,348,49,-0.1402617315344133,-1.122777431549673
20,1575543600,248,2596,2348,2844,49,2.728683449183532,1.027088387081084
20,1575558000,843,1062,219,1905,49,-0.20784745934940332,0.21830473175484974
20,1575572400,2117,1399,0,3516,49,-0.5099142836653793,1.6058984151739801
20,1575586800,1431,550,0,1981,49,-0.5099142836653793,0.2837653896939273
20,1575601200,238,74,0,312,49,-0.5099142836653793,-1.153785111626078
20,1575615600,46,316,270,362,49,-0.13750313039910758,-1.1107188892977375
20,1575630000,204,2370,2166,2574,49,2.4776507458707115,0.7945307865080454
20,1575644400,901,1031,130,1932,49,-0.33060520987050773,0.2415604918121536
20,1575658800,2047,1381,0,3428,49,-0.5099142836653793,1.530101863876101
20,1575673200,1422,803,0,2225,49,-0.5099142836653793,0.49392855465622887
20,1575687600,464,96,0,560,49,-0.5099142836653793,-0.9401766488775093
20,1575702000,38,99,61,137,49,-0.42577694903855495,-1.3045168897752697
20,1575716400,194,702,508,896,49,0.19077040470227266,-0.6507716348310613
20,1575730800,932,1102,170,2034,49,-0.2754331871643934,0.3294155853619682
20,1575745200,1776,1768,0,3544,49,-0.5099142836653793,1.6300154996778509
20,1575759600,1423,1097,0,2520,49,-0.5099142836653793,0.7480192663934377
20,1575774000,456,140,0,596,49,-0.5099142836653793,-0.9091689688011041
20,1575788400,34,76,42,110,49,-0.4519836598239592,-1.3277726498325737
20,1575802800,157,592,435,749,49,0.09008146326361403,-0.7773863284763822
20,1575817200,703,1009,306,1712,49,-0.08784830996360468,0.05206911356745548
20,1575831600,1427,1372,0,2799,49,-0.5099142836653793,0.9883287869855776
20,1575846000,1043,495,0,1538,49,-0.5099142836653793,-0.0978013401351694
20,1575860400,152,41,0,193,49,-0.5099142836653793,-1.2562827207675284
20,1575874800,34,317,283,351,49,-0.11957222301962041,-1.1201934582099726
20,1575889200,217,2671,2454,2888,49,2.8748893093547347,1.0649866627300237
20,1575903600,687,897,210,1584,49,-0.22026116445827906,-0.05818041559309616
20,1575918000,2403,927,0,3330,49,-0.5099142836653793,1.4456920681125536
20,1575932400,1372,301,0,1673,49,-0.5099142836653793,0.018477460151349902
20,1575946800,228,39,0,267,50,-0.5283164756065692,-1.2240176094682487
20,1575961200,36,292,256,328,50,-0.1744379093393233,-1.1694739507306822
20,1575975600,199,2535,2336,2734,50,2.7008254415820505,0.9818710152133375
20,1575990000,794,1000,206,1794,50,-0.24355481681339478,0.14136217565083609
20,1576004400,2062,1024,0,3086,50,-0.5283164756065692,1.2966147508792956
20,1576018800,1377,351,0,1728,50,-0.5283164756065692,0.08234772521346896
20,1576033200,212,38,0,250,50,-0.5283164756065692,-1.2392183012475706
20,1576047600,48,298,250,346,50,-0.18273193823621187,-1.1533791006114003
20,1576062000,220,2656,2436,2876,50,2.8390592565301933,1.1088414994876727
20,1576076400,683,1034,351,1717,50,-0.043115785138587465,0.07251198347390778
20,1576090800,2158,1162,0,3320,50,-0.5283164756065692,1.5058478024299606
20,1576105200,1517,390,0,1907,50,-0.5283164756065692,0.24240206806632827
20,1576119600,277,55,0,332,50,-0.5283164756065692,-1.1658973173708416
20,1576134000,34,292,258,326,50,-0.17167323304036042,-1.1712622674106024
20,1576148400,254,2537,2283,2791,50,2.6275615196595346,1.0328380405910638
20,1576162800,888,1072,184,1960,50,-0.2739662561019862,0.289792460084214
20,1576177200,2128,1299,0,3427,50,-0.5283164756065692,1.6015227448056923
20,1576191600,1393,505,0,1898,50,-0.5283164756065692,0.23435464300668732
20,1576206000,263,53,0,316,50,-0.5283164756065692,-1.1802038508102033
20,1576220400,36,286,250,322,50,-0.18273193823621187,-1.1748389007704427
20,1576234800,230,2354,2124,2584,50,2.4077697538919876,0.8477472642193213
20,1576249200,861,1173,312,2034,50,-0.09702697296836323,0.355960177241262
20,1576263600,2299,1302,0,3601,50,-0.5283164756065692,1.7571062959587511
20,1576278000,1161,546,0,1707,50,-0.5283164756065692,0.0635704000743067
20,1576292400,454,73,0,527,50,-0.5283164756065692,-0.9915364410786206
20,1576306800,36,83,47,119,50,-0.4633465825809421,-1.3563530437823446
20,1576321200,191,691,500,882,50,0.16285259913414554,-0.6741102303927823
20,1576335600,766,1048,282,1814,50,-0.1384971174528061,0.15924534245003824
20,1576350000,1473,1606,133,3079,50,-0.34446550172553914,1.2903556424995748
20,1576364400,1095,1047,0,2142,50,-0.5283164756065692,0.45252927795695363
20,1576378800,485,125,0,610,50,-0.5283164756065692,-0.9173212988619317
20,1576393200,34,82,48,116,50,-0.46196424443146067,-1.359035518802225
20,1576407600,167,608,441,775,50,0.0812946483147412,-0.7697851727685139
20,1576422000,746,1145,399,1891,50,0.023236446036521155,0.22809553462696655
20,1576436400,1586,1468,0,3054,50,-0.5283164756065692,1.2680016840005721
20,1576450800,1048,582,0,1630,50,-0.5283164756065692,-0.005279792102621608
20,1576465200,140,66,0,206,50,-0.5283164756065692,-1.2785612682058152
20,1576479600,23,292,269,315,50,-0.15646751339606468,-1.1810980091501635
20,1576494000,217,2575,2358,2792,50,2.7312368808706418,1.0337321989310237
20,1576508400,744,1073,329,1817,50,-0.07352722442717892,0.16192781746991858
20,1576522800,2216,1203,0,3419,50,-0.5283164756065692,1.5943694780860114
20,1576537200,1400,469,0,1869,50,-0.5283164756065692,0.20842405114784418
20,1576551600,236,43,0,279,51,-0.5707661254203056,-1.2203199556732773
20,1576566000,39,291,252,330,51,-0.1994168768430356,-1.1770632653086
20,1576580400,232,2680,2448,2912,51,3.0366265750446026,1.012912705703107
20,1576594800,730,942,212,1672,51,-0.25836120201403084,-0.038818589438068964
20,1576609200,2260,1046,0,3306,51,-0.5707661254203056,1.3470918430302228
20,1576623600,1356,367,0,1723,51,-0.5707661254203056,0.004438100926608444
20,1576638000,262,49,0,311,51,-0.5707661254203056,-1.1931785028954405
20,1576652400,40,291,251,331,51,-0.20089048497231046,-1.1762150949092924
20,1576666800,245,2619,2374,2864,51,2.9275795734782615,0.972200526536352
20,1576681200,894,1143,249,2037,51,-0.20383770123086023,0.2707636063091321
20,1576695600,2683,1253,0,3936,51,-0.5707661254203056,1.8814391945938849
20,1576710000,1526,426,0,1952,51,-0.5707661254203056,0.19866912236800308
20,1576724400,243,45,0,288,51,-0.5707661254203056,-1.2126864220795106
20,1576738800,44,315,271,359,51,-0.17141832238681287,-1.1524663237286854
20,1576748907,123,1933,1810,2056,51,2.096464588567229,0.2868788438959727
20,1576753200,212,2139,1927,2351,51,2.26887673969239,0.5370891116916557
20,1576767600,878,1231,353,2109,51,-0.05058245578627263,0.33183187505926487
20,1576782000,2141,1326,0,3467,51,-0.5707661254203056,1.4836472773187142
20,1576796400,1401,417,0,1818,51,-0.5707661254203056,0.08501428886081146
20,1576810800,225,58,0,283,51,-0.5707661254203056,-1.2169272740760477
20,1576825200,45,310,265,355,51,-0.18025997116246215,-1.155859005325915
20,1576839600,248,2204,1956,2452,51,2.3116113754413616,0.6227543220217031
20,1576854000,908,1073,165,1981,51,-0.3276207840899502,0.22326606394791768
20,1576868400,2059,1606,0,3665,51,-0.5707661254203056,1.6515850163815795
20,1576882800,1455,776,0,2231,51,-0.5707661254203056,0.4353086637747677
20,1576897200,439,96,0,535,51,-0.5707661254203056,-1.003188333450583
20,1576911600,38,94,56,132,51,-0.48824407018091226,-1.345001004371465
20,1576926000,187,606,419,793,51,0.04667568074586951,-0.7843603704292736
20,1576940400,806,1066,260,1872,51,-0.18762801180883654,0.13081549042341106
20,1576954800,1567,1801,234,3368,51,-0.22594182316998346,1.3996784077872817
20,1576969200,1302,972,0,2274,51,-0.5707661254203056,0.4717799909449859
20,1576983600,480,114,0,594,51,-0.5707661254203056,-0.9531462798914463
20,1576998000,29,78,49,107,51,-0.4985593270858364,-1.3662052643541502
20,1577012400,132,617,485,749,51,0.14393381727801163,-0.8216798679987992
20,1577026800,713,1119,406,1832,51,0.027518775065296056,0.09688867445111506
20,1577041200,1595,1604,9,3199,51,-0.5575036522568316,1.256337610304331
20,1577055600,1219,715,0,1934,51,-0.5707661254203056,0.18340205518046987
20,1577070000,283,54,0,337,51,-0.5707661254203056,-1.171126072513448
20,1577084400,20,271,251,291,51,-0.20089048497231046,-1.2101419108815885
20,1577098800,253,1780,1527,2033,51,1.6794334879824375,0.2673709247119025
20,1577113200,955,1381,426,2336,51,0.056990937650793674,0.5243665557020447
20,1577127600,2060,2040,0,4100,51,-0.5707661254203056,2.0205391400802983
20,1577142000,1301,1009,0,2310,51,-0.5707661254203056,0.5023141253200523
20,1577156400,406,76,0,482,52,-0.7494506652819756,-0.9484974087343618
20,1577170800,36,228,192,264,52,-0.20806978024994185,-1.1420215066362525
20,1577185200,232,1226,994,1458,52,2.0533232916026156,-0.08207759427452122
20,1577199600,918,1218,300,2136,52,0.09645696758057715,0.5198001047047534
20,1577214000,1559,1528,0,3087,52,-0.7494506652819756,1.3640267886712578
20,1577228400,1158,944,0,2102,52,-0.7494506652819756,0.4896174472338163
20,1577242800,300,122,0,422,52,-0.7494506652819756,-1.0017609219183685
20,1577257200,37,54,17,91,52,-0.7015158994197642,-1.2955979696501383
20,1577271600,131,323,192,454,52,-0.20806978024994185,-0.9733537148868983
20,1577286000,543,886,343,1429,52,0.21770372829087636,-0.10782162564679107
20,1577300400,1433,1660,227,3093,52,-0.10938055641597735,1.3693531399896586
20,1577314800,1126,909,0,2035,52,-0.7494506652819756,0.43013985751167555
20,1577329200,277,50,0,327,52,-0.7494506652819756,-1.0860948177930456
20,1577343600,23,230,207,253,52,-0.1657743986068142,-1.1517864840533203
20,1577358000,202,1328,1126,1530,52,2.4255226500621387,-0.018161378453713295
20,1577372400,872,1258,386,2130,52,0.3389504890011756,0.5144737533863527
20,1577386800,1892,1754,0,3646,52,-0.7494506652819756,1.8602651865022528
20,1577401200,1255,630,0,1885,52,-0.7494506652819756,0.29698107455165906
20,1577415600,239,62,0,301,52,-0.7494506652819756,-1.1091756735061151
20,1577430000,41,231,190,272,52,-0.21370916446902552,-1.134919704878385
20,1577444400,176,1333,1157,1509,52,2.512933105457936,-0.036803608068115605
20,1577458800,867,1459,592,2326,52,0.9198070635667951,0.6884678964541076
20,1577473200,1692,2148,456,3840,52,0.5363289366691045,2.032483879130541
20,1577487600,1198,941,0,2139,52,-0.7494506652819756,0.5224632803639536
