remote_unit_id,time_stamp,entries,exits,num_people_exited,sum_exit_entry,week_num,z_score_num_people_exited,z_score_sum_exit_entry
296,1546300800,0,0,0,0,1,-0.7604486499402402,-1.7979558768447657
296,1546315200,44,103,59,147,1,0.6416285483870777,-0.9110447563877839
296,1546329600,52,39,0,91,1,-0.7604486499402402,-1.2489156594190152
296,1546344000,94,45,0,139,1,-0.7604486499402402,-0.9593120282493883
296,1546358400,157,103,0,260,1,-0.7604486499402402,-0.22926954134262112
296,1546372800,141,132,0,273,1,-0.7604486499402402,-0.1508352245675139
296,1546387200,48,111,63,159,1,0.7366846296296077,-0.8386438485953772
296,1546401600,14,65,51,79,1,0.45151638590201765,-1.3213165672114218
296,1546416000,295,54,0,349,1,-0.7604486499402402,0.3077038581177283
296,1546430400,396,109,0,505,1,-0.7604486499402402,1.2489156594190152
296,1546444800,236,151,0,387,1,-0.7604486499402402,0.5369733994603495
296,1546459200,268,284,16,552,1,-0.3802243249701201,1.5324858816059412
296,1546473600,52,152,100,204,1,1.6159533811230105,-0.5671404443738522
296,1546488000,14,79,65,93,1,0.7842126702508727,-1.2368488414536138
296,1546502400,355,76,0,431,1,-0.7604486499402402,0.8024433946991739
296,1546516800,384,104,0,488,1,-0.7604486499402402,1.1463477067131056
296,1546531200,220,170,0,390,1,-0.7604486499402402,0.5550736264084511
296,1546545600,276,365,89,641,1,1.3545491577060529,2.069459281066291
296,1546560000,56,182,126,238,1,2.2338179091994554,-0.36200453896203333
296,1546574400,19,68,49,87,1,0.4039883452807526,-1.2730492953498174
296,1546588800,313,63,0,376,1,-0.7604486499402402,0.47060590065064334
296,1546603200,418,81,0,499,1,-0.7604486499402402,1.2127152055228116
296,1546617600,270,247,0,517,1,-0.7604486499402402,1.3213165672114218
296,1546632000,250,347,97,597,1,1.544661320191113,1.8039892858274662
296,1546646400,98,188,90,286,1,1.3783131780166853,-0.07240090779240667
296,1546660800,15,120,105,135,1,1.734773482676173,-0.9834456641801906
296,1546675200,100,19,0,119,1,-0.7604486499402402,-1.0799802079033995
296,1546689600,276,93,0,369,1,-0.7604486499402402,0.4283720377717395
296,1546704000,266,172,0,438,1,-0.7604486499402402,0.8446772575780778
296,1546718400,202,165,0,367,1,-0.7604486499402402,0.41630521980633833
296,1546732800,92,128,36,220,1,0.09505608124253002,-0.47060590065064334
296,1546747200,16,116,100,132,1,1.6159533811230105,-1.0015458911282922
296,1546761600,92,30,0,122,1,-0.7604486499402402,-1.061879980955298
296,1546776000,195,57,0,252,1,-0.7604486499402402,-0.2775368132042256
296,1546790400,224,81,0,305,1,-0.7604486499402402,0.04223386287890389
296,1546804800,128,187,59,315,1,0.6416285483870777,0.10256795270590945
296,1546819200,63,136,73,199,1,0.9743248327359327,-0.597307489287355
296,1546833600,12,49,37,61,1,0.11882010155316253,-1.4299179289000317
296,1546848000,289,65,0,354,1,-0.7604486499402402,0.33787090303123113
296,1546862400,205,97,0,302,1,-0.7604486499402402,0.024133635930802224
296,1546876800,302,185,0,487,1,-0.7604486499402402,1.140314297730405
296,1546891200,211,340,129,551,1,2.3051099701313533,1.5264524726232407
296,1546905600,53,187,134,240,2,1.6137329559604214,-0.5855797386119231
296,1546920000,22,63,41,85,2,-0.08342399772331738,-1.5236024006108453
296,1546934400,401,46,0,447,2,-0.8316329773043205,0.6671343970898633
296,1546948800,414,140,0,554,2,-0.8316329773043205,1.3146726218246032
296,1546963200,249,188,0,437,2,-0.8316329773043205,0.6066168059931586
296,1546977600,207,363,156,570,2,2.0152109450038864,1.4115007675793305
296,1546992000,77,240,163,317,2,2.142953941517716,-0.11959428716729728
296,1547006400,19,77,58,96,2,0.22680899381026928,-1.4570330504044702
296,1547020800,363,69,0,432,2,-0.8316329773043205,0.5763580104448063
296,1547035200,451,132,0,583,2,-0.8316329773043205,1.4901736360050466
296,1547049600,267,183,0,450,2,-0.8316329773043205,0.6852896744188747
296,1547064000,229,369,140,598,2,1.7232269529722755,1.5809500226501036
296,1547078400,69,220,151,289,2,1.923965947494008,-0.28904354223807033
296,1547092800,17,83,66,100,2,0.37280098982607474,-1.4328260139657885
296,1547107200,355,57,0,412,2,-0.8316329773043205,0.45532282825139697
296,1547121600,401,108,0,509,2,-0.8316329773043205,1.0423434618894323
296,1547136000,254,146,0,400,2,-0.8316329773043205,0.3827017189353514
296,1547150400,237,337,100,574,2,0.9932669728932481,1.4357078040180125
296,1547164800,69,199,130,268,2,1.5407369579525185,-0.4161304835411501
296,1547179200,15,71,56,86,2,0.1903109948063179,-1.5175506415011748
296,1547193600,353,75,0,428,2,-0.8316329773043205,0.5521509740061245
296,1547208000,467,86,0,553,2,-0.8316329773043205,1.3086208627149327
296,1547222400,276,115,0,391,2,-0.8316329773043205,0.3282358869483172
296,1547236800,246,332,86,578,2,0.7377809798655884,1.4599148404566944
296,1547251200,93,170,77,263,2,0.5735399843478073,-0.44638927908950243
296,1547265600,20,108,88,128,2,0.7742789788695399,-1.2633767588950153
296,1547280000,114,25,0,139,2,-0.8316329773043205,-1.1968074086886402
296,1547294400,237,64,0,301,2,-0.8316329773043205,-0.21642243292202473
296,1547308800,286,115,0,401,2,-0.8316329773043205,0.38875347804502186
296,1547323200,193,130,0,323,2,-0.8316329773043205,-0.0832837325092745
296,1547337600,92,145,53,237,2,0.13556399630039084,-0.6037350159409346
296,1547352000,14,101,87,115,2,0.7560299793675641,-1.3420496273207314
296,1547366400,66,22,0,88,2,-0.8316329773043205,-1.505447123281834
296,1547380800,174,39,0,213,2,-0.8316329773043205,-0.7489772345730258
296,1547395200,109,116,7,225,2,-0.7038899807904907,-0.6763561252569802
296,1547409600,132,168,36,300,2,-0.17466899523319582,-0.22247419203169522
296,1547424000,60,126,66,186,2,0.37280098982607474,-0.9123747305341283
296,1547438400,13,55,42,68,2,-0.06517499822134169,-1.6264823054752433
296,1547452800,283,67,0,350,2,-0.8316329773043205,0.0801137634518281
296,1547467200,318,139,0,457,2,-0.8316329773043205,0.727651988186568
296,1547481600,189,214,25,403,2,-0.37540798975492834,0.4008569962643628
296,1547496000,199,351,152,550,2,1.9422149469959837,1.2904655853859213
296,1547510400,78,182,104,260,3,1.385868299477113,-0.44382239890090547
296,1547524800,22,64,42,86,3,0.044306570169156845,-1.4921268886125463
296,1547539200,357,78,0,435,3,-0.8644933109749425,0.6105068292573539
296,1547553600,414,119,0,533,3,-0.8644933109749425,1.200931197025979
296,1547568000,264,198,0,462,3,-0.8644933109749425,0.7731747673160567
296,1547582400,234,366,132,600,3,1.9917348869065128,1.604588672949427
296,1547596800,59,196,137,255,3,2.099925348947477,-0.4739460911339986
296,1547611200,16,73,57,89,3,0.3688779562920495,-1.4740526732726904
296,1547625600,342,76,0,418,3,-0.8644933109749425,0.5080862756648372
296,1547640000,461,118,0,579,3,-0.8644933109749425,1.4780691655704359
296,1547654400,225,217,0,442,3,-0.8644933109749425,0.6526799983836843
296,1547668800,252,316,64,568,3,0.5203446031493993,1.411797042657631
296,1547683200,68,173,105,241,3,1.407506391885306,-0.5582924293866594
296,1547697600,13,79,66,92,3,0.5636207879657851,-1.4559784579328345
296,1547712000,368,62,0,430,3,-0.8644933109749425,0.5803831370242607
296,1547726400,438,105,0,543,3,-0.8644933109749425,1.2611785814921654
296,1547740800,287,262,0,549,3,-0.8644933109749425,1.2973270121718772
296,1547755200,244,343,99,587,3,1.2776778374361488,1.526267073143385
296,1547769600,73,201,128,274,3,1.9051825172737413,-0.3594760606482447
296,1547784000,21,92,71,113,3,0.6718112500067492,-1.3294589505538432
296,1547798400,360,71,0,431,3,-0.8644933109749425,0.5864078754708794
296,1547812800,463,137,0,600,3,-0.8644933109749425,1.604588672949427
296,1547827200,278,184,0,462,3,-0.8644933109749425,0.7731747673160567
296,1547841600,232,319,87,551,3,1.0180207285378349,1.3093764890651143
296,1547856000,89,198,109,287,3,1.4940587615180774,-0.2811544608422026
296,1547870400,22,94,72,116,3,0.6934493424149422,-1.3113847352139874
296,1547884800,96,34,0,130,3,-0.8644933109749425,-1.2270383969613268
296,1547899200,256,69,0,325,3,-0.8644933109749425,-0.052214399870694865
296,1547913600,221,135,0,356,3,-0.8644933109749425,0.13455249197448252
296,1547928000,173,201,28,374,3,-0.25862672354554295,0.24299778401361774
296,1547942400,70,110,40,180,3,0.001030385352771161,-0.9258014746303954
296,1547956800,15,115,100,130,3,1.2993159298443417,-1.2270383969613268
296,1547971200,81,42,0,123,3,-0.8644933109749425,-1.269211566087657
296,1547985600,160,57,0,217,3,-0.8644933109749425,-0.7028861521055063
296,1548000000,196,136,0,332,3,-0.8644933109749425,-0.010041230744364488
296,1548014400,133,157,24,290,3,-0.3451790931783143,-0.2630802455023467
296,1548028800,48,118,70,166,3,0.6501731575985564,-1.010147812883056
296,1548043200,20,66,46,86,3,0.13085893980192823,-1.4921268886125463
296,1548057600,179,37,0,216,3,-0.8644933109749425,-0.708910890552125
296,1548072000,244,88,0,332,3,-0.8644933109749425,-0.010041230744364488
296,1548086400,200,159,0,359,3,-0.8644933109749425,0.1526267073143384
296,1548100800,149,246,97,395,3,1.2344016526197632,0.36951729139260886
296,1548115200,51,114,63,165,4,0.3199053602445642,-1.0724000323118688
296,1548129600,13,47,34,60,4,-0.2229127776172228,-1.729145545206995
296,1548144000,296,68,0,364,4,-0.8593202495931109,0.17228908260365663
296,1548158400,265,127,0,392,4,-0.8593202495931109,0.34742121937569037
296,1548172800,213,215,2,428,4,-0.8218845159474705,0.5725911095111623
296,1548187200,216,335,119,551,4,1.3681059023224975,1.3419215674740246
296,1548201600,71,197,126,268,4,1.4991309700822393,-0.4281639577576018
296,1548216000,22,73,51,95,4,0.09529095837072127,-1.510230374241953
296,1548230400,324,67,0,391,4,-0.8593202495931109,0.34116650020526057
296,1548244800,434,97,0,531,4,-0.8593202495931109,1.2168271840654292
296,1548259200,227,208,0,435,4,-0.8593202495931109,0.6163741437041707
296,1548273600,223,345,122,568,4,1.4242595027909584,1.4482517933713308
296,1548288000,75,181,106,256,4,1.1247736336258345,-0.5032205878027591
296,1548302400,12,73,61,85,4,0.28246962659892366,-1.5727775659462508
296,1548316800,312,70,0,382,4,-0.8593202495931109,0.2848740276713926
296,1548331200,366,118,0,484,4,-0.8593202495931109,0.9228553830552297
296,1548345600,239,185,0,424,4,-0.8593202495931109,0.5475722328294432
296,1548360000,225,325,100,550,4,1.012466432688913,1.335666848303595
296,1548374400,67,208,141,275,4,1.7798989724245429,-0.38438092356459336
296,1548388800,20,60,40,80,4,-0.11060557668030137,-1.6040511617983997
296,1548403200,336,80,0,416,4,-0.8593202495931109,0.497534479466005
296,1548417600,431,121,0,552,4,-0.8593202495931109,1.3481762866444544
296,1548432000,301,147,0,448,4,-0.8593202495931109,0.6976854929197578
296,1548446400,224,317,93,541,4,0.8814413649291714,1.279374375769727
296,1548460800,91,197,106,288,4,1.1247736336258345,-0.3030695743490063
296,1548475200,19,138,119,157,4,1.3681059023224975,-1.122437785675307
296,1548489600,100,55,0,155,4,-0.8593202495931109,-1.1349472240161664
296,1548504000,254,115,0,369,4,-0.8593202495931109,0.20356267845580553
296,1548518400,277,233,0,510,4,-0.8593202495931109,1.0854780814864038
296,1548532800,211,333,122,544,4,1.4242595027909584,1.2981385332810162
296,1548547200,97,248,151,345,4,1.9670776406527453,0.05344941836549091
296,1548561600,40,138,98,178,4,0.9750306990432726,-0.9910886830962816
296,1548576000,91,39,0,130,4,-0.8593202495931109,-1.2913152032769109
296,1548590400,212,69,0,281,4,-0.8593202495931109,-0.3468526085420147
296,1548604800,234,190,0,424,4,-0.8593202495931109,0.5475722328294432
296,1548619200,145,274,129,419,4,1.5552845705507,0.5162986369772943
296,1548633600,76,178,102,254,4,1.0499021663345536,-0.5157300261436186
296,1548648000,23,61,38,84,4,-0.14804131032594184,-1.5790322851166805
296,1548662400,347,63,0,410,4,-0.8593202495931109,0.4600061644434263
296,1548667727,275,37,0,312,4,-0.8593202495931109,-0.1529563142586917
296,1548667808,4,3,0,7,4,-0.8593202495931109,-2.060645661239773
296,1548676800,188,49,0,237,4,-0.8593202495931109,-0.6220602520409249
296,1548691200,269,151,0,420,4,-0.8593202495931109,0.522553356147724
296,1548705600,221,318,97,539,4,0.9563128322204523,1.2668649374288674
296,1548720000,63,193,130,256,5,2.0964382298215276,-0.3573066567930113
296,1548734400,25,79,54,104,5,0.5008657859516382,-1.183772489027281
296,1548748800,428,65,0,493,5,-0.6328304241664411,0.9313275684670012
296,1548763200,465,126,0,591,5,-0.6328304241664411,1.4641805392496223
296,1548777600,268,196,0,464,5,-0.6328304241664411,0.7736465873170418
296,1548792000,247,361,114,608,5,1.760528241638393,1.5566142178547708
296,1548806400,72,196,124,268,5,1.9704719842528522,-0.29205935424820056
296,1548820800,22,55,33,77,5,0.05998392646127405,-1.330578919753105
296,1548835200,380,61,0,441,5,-0.6328304241664411,0.6485892574394878
296,1548849600,465,129,0,594,5,-0.6328304241664411,1.480492364885825
296,1548864000,269,186,0,455,5,-0.6328304241664411,0.7247111104084337
296,1548878400,225,350,125,575,5,1.991466358514298,1.3771841358565413
296,1548892800,55,189,134,244,5,2.180415726867311,-0.4225539593378221
296,1548907200,16,77,61,93,5,0.6478264057817595,-1.243582516360024
296,1548921600,329,69,0,398,5,-0.6328304241664411,0.41478642332058263
296,1548936000,408,104,0,512,5,-0.6328304241664411,1.0346357974962848
296,1548950400,252,171,0,423,5,-0.6328304241664411,0.5507183036222717
296,1548964800,201,321,120,522,5,1.8864944872070686,1.0890085496169604
296,1548979200,70,187,117,257,5,1.8235113644227308,-0.3518693815809438
296,1548993600,19,71,52,90,5,0.45887703742874636,-1.2598943419962267
296,1549008000,325,88,0,413,5,-0.6328304241664411,0.4963455515015961
296,1549022400,421,123,0,544,5,-0.6328304241664411,1.2086286042824468
296,1549036800,288,193,0,481,5,-0.6328304241664411,0.8660802659221903
296,1549051200,238,310,72,548,5,0.8787645226576647,1.2303777051307172
296,1549065600,89,102,13,191,5,-0.3599035587676442,-0.710729545577403
296,1549080000,13,23,10,36,5,-0.42288668155198195,-1.5535072034478752
296,1549094400,123,9,0,132,5,-0.6328304241664411,-1.0315287830893891
296,1549108800,227,25,0,252,5,-0.6328304241664411,-0.3790557576412816
296,1549123200,208,61,0,269,5,-0.6328304241664411,-0.286622079036133
296,1549137600,175,77,0,252,5,-0.6328304241664411,-0.3790557576412816
296,1549152000,93,46,0,139,5,-0.6328304241664411,-0.9934678566049162
296,1549166400,26,23,0,49,5,-0.6328304241664411,-1.4828226256909969
296,1549180800,82,8,0,90,5,-0.6328304241664411,-1.2598943419962267
296,1549195200,179,31,0,210,5,-0.6328304241664411,-0.6074213165481193
296,1549209600,180,35,0,215,5,-0.6328304241664411,-0.5802349404877815
296,1549224000,144,51,0,195,5,-0.6328304241664411,-0.6889804447291327
296,1549238400,65,37,0,102,5,-0.6328304241664411,-1.1946470394514161
296,1549252800,14,18,4,32,5,-0.5488529271206574,-1.5752563042961454
296,1549267200,352,62,0,414,5,-0.6328304241664411,0.5017828267136636
296,1549281600,414,101,0,515,5,-0.6328304241664411,1.0509476231324875
296,1549296000,250,165,0,415,5,-0.6328304241664411,0.5072201019257312
296,1549310400,225,328,103,553,5,1.529590124762488,1.257564081191055
296,1549324800,79,170,91,249,6,1.047832712671919,-0.45512733600544564
296,1549339200,21,67,46,88,6,0.22300812835291564,-1.265227637681893
296,1549353600,337,67,0,404,6,-0.6201458911731765,0.32478289231659985
296,1549368000,446,117,0,563,6,-0.6201458911731765,1.1248198362082464
296,1549382400,277,174,0,451,6,-0.6201458911731765,0.5612718002594136
296,1549396800,235,348,113,583,6,1.4510802872278759,1.2254534140562523
296,1549411200,70,233,163,303,6,2.367552047582324,-0.1834166758158298
296,1549425600,16,59,43,75,6,0.16801982273164875,-1.3306394632830967
296,1549440000,391,107,0,498,6,-0.6201458911731765,0.7977607082022274
296,1549454400,468,127,0,595,6,-0.6201458911731765,1.285833560765056
296,1549468800,281,206,0,487,6,-0.6201458911731765,0.7424122403858242
296,1549483200,216,378,162,594,6,2.349222612375235,1.2808018818726556
296,1549497600,74,193,119,267,6,1.5610568984704096,-0.3645571159422404
296,1549512000,14,79,65,93,6,0.5712673972876059,-1.2400692432198914
296,1549526400,392,65,0,457,6,-0.6201458911731765,0.5914618736138154
296,1549540800,491,146,0,637,6,-0.6201458911731765,1.4971640742458683
296,1549555200,279,200,0,479,6,-0.6201458911731765,0.7021588092466219
296,1549569600,269,399,130,668,6,1.7626806857483883,1.6531461199102773
296,1549584000,75,217,142,292,6,1.9826339082334559,-0.23876514363223303
296,1549598400,15,85,70,100,6,0.6629145733230507,-1.2048474909730893
296,1549612800,372,61,0,433,6,-0.6201458911731765,0.47070158019620834
296,1549627200,459,88,0,547,6,-0.6201458911731765,1.0443129739298418
296,1549641600,244,215,0,459,6,-0.6201458911731765,0.601525231398616
296,1549656000,293,373,80,666,6,0.8462089253939403,1.6430827621254767
296,1549670400,93,106,13,199,6,-0.3818632334810201,-0.7067112806254603
296,1549684800,20,29,9,49,6,-0.45518097430937593,-1.4614631144855044
296,1549699200,110,10,0,120,6,-0.6201458911731765,-1.1042139131250834
296,1549713600,257,35,0,292,6,-0.6201458911731765,-0.23876514363223303
296,1549728000,221,46,0,267,6,-0.6201458911731765,-0.3645571159422404
296,1549742400,163,91,0,254,6,-0.6201458911731765,-0.42996894154344417
296,1549756800,72,48,0,120,6,-0.6201458911731765,-1.1042139131250834
296,1549771200,18,24,6,42,6,-0.5101692799306428,-1.4966848667323065
296,1549785600,86,11,0,97,6,-0.6201458911731765,-1.2199425276502902
296,1549800000,199,20,0,219,6,-0.6201458911731765,-0.6060777027774544
296,1549814400,222,53,0,275,6,-0.6201458911731765,-0.324303684803038
296,1549828800,132,55,0,187,6,-0.6201458911731765,-0.7670914273342638
296,1549843200,47,44,0,91,6,-0.6201458911731765,-1.250132601004692
296,1549857600,16,17,1,33,6,-0.6018164559660876,-1.541969976763909
296,1549872000,365,71,0,436,6,-0.6201458911731765,0.48579661687340925
296,1549886400,483,89,0,572,6,-0.6201458911731765,1.1701049462398492
296,1549900800,268,190,0,458,6,-0.6201458911731765,0.5964935525062157
296,1549915200,195,363,168,558,6,2.4591992236177687,1.0996614417462451
296,1549929600,68,188,120,256,7,1.9069228039894237,-0.2544812357402397
296,1549944000,27,77,50,104,7,0.4488335858544677,-1.085482877154915
296,1549958400,350,68,0,418,7,-0.5926587128133579,0.6311915662938222
296,1549972800,269,128,0,397,7,-0.5926587128133579,0.5163821289931105
296,1549987200,185,153,0,338,7,-0.5926587128133579,0.19382228133872995
296,1550001600,200,361,161,561,7,2.7609464888970403,1.4129891631510498
296,1550016000,63,174,111,237,7,1.719454190229215,-0.3583564409170741
296,1550030400,23,73,50,96,7,0.4488335858544677,-1.1292198056504243
296,1550044800,388,87,0,475,7,-0.5926587128133579,0.9428171818243255
296,1550059200,481,135,0,616,7,-0.5926587128133579,1.7136805465576757
296,1550073600,269,210,0,479,7,-0.5926587128133579,0.9646856460720802
296,1550088000,251,347,96,598,7,1.4070065006288672,1.61527245744278
296,1550102400,77,219,142,296,7,2.365179415403267,-0.03579659326269351
296,1550116800,19,91,72,110,7,0.9070901972683111,-1.052680180783283
296,1550131200,383,70,0,453,7,-0.5926587128133579,0.8225406284616752
296,1550145600,513,113,0,626,7,-0.5926587128133579,1.7683517071770622
296,1550160000,267,198,0,465,7,-0.5926587128133579,0.888146021204939
296,1550174400,253,341,88,594,7,1.2403677328420153,1.5934039931950255
296,1550188800,75,211,136,286,7,2.240200339563128,-0.09046775388208005
296,1550203200,21,106,85,127,7,1.1778781949219457,-0.9597392077303261
296,1550217600,374,86,0,460,7,-0.5926587128133579,0.8608104408952457
296,1550232000,480,111,0,591,7,-0.5926587128133579,1.5770026450092094
296,1550246400,278,202,0,480,7,-0.5926587128133579,0.9701527621340188
296,1550260800,276,347,71,623,7,0.8862603512949545,1.7519503589912464
296,1550275200,108,93,0,201,7,-0.5926587128133579,-0.5551726191468657
296,1550289600,21,26,5,47,7,-0.48850948294657537,-1.3971084926854183
296,1550304000,109,12,0,121,7,-0.5926587128133579,-0.992541904101958
296,1550318400,237,27,0,264,7,-0.5926587128133579,-0.21074430724473042
296,1550332800,143,58,0,201,7,-0.5926587128133579,-0.5551726191468657
296,1550347200,158,61,0,219,7,-0.5926587128133579,-0.4567645300319699
296,1550361600,78,39,0,117,7,-0.5926587128133579,-1.0144103683497125
296,1550376000,22,30,8,52,7,-0.4260199450265058,-1.369772912375725
296,1550390400,70,8,0,78,7,-0.5926587128133579,-1.22762789476532
296,1550404800,197,25,0,222,7,-0.5926587128133579,-0.4403631818461539
296,1550419200,204,45,0,249,7,-0.5926587128133579,-0.29275104817381026
296,1550433600,136,73,0,209,7,-0.5926587128133579,-0.5114356906513564
296,1550448000,46,46,0,92,7,-0.5926587128133579,-1.1510882698981788
296,1550462400,22,22,0,44,7,-0.5926587128133579,-1.4135098408712343
296,1550476800,165,13,0,178,7,-0.5926587128133579,-0.6809162885714547
296,1550491200,240,16,0,256,7,-0.5926587128133579,-0.2544812357402397
296,1550505600,201,33,0,234,7,-0.5926587128133579,-0.37475778910289004
296,1550520000,155,82,0,237,7,-0.5926587128133579,-0.3583564409170741
296,1550534400,45,52,7,97,8,-0.6375645454527099,-1.6190751824339682
296,1550548800,17,21,4,38,8,-0.691443239434629,-1.9522550194237223
296,1550563200,319,50,0,369,8,-0.7632814980771879,-0.0830596627523892
296,1550577600,393,125,0,518,8,-0.7632814980771879,0.7583606035437699
296,1550592000,256,170,0,426,8,-0.7632814980771879,0.2388259424750005
296,1550606400,235,353,118,588,8,1.3559471318782985,1.1536587152265292
296,1550620800,77,200,123,277,8,1.4457449551814971,-0.6025943238211585
296,1550635200,25,87,62,112,8,0.3502115108824745,-1.534368444216234
296,1550649600,316,46,0,362,8,-0.7632814980771879,-0.12258947392066512
296,1550664000,470,137,0,607,8,-0.7632814980771879,1.2609539169689923
296,1550678400,272,212,0,484,8,-0.7632814980771879,0.5663586635835725
296,1550692800,165,294,129,459,8,1.5535023431453354,0.4251807665540156
296,1550707200,60,216,156,276,8,2.038410588982608,-0.6082414397023408
296,1550721600,17,76,59,93,8,0.29633281690055535,-1.6416636459586973
296,1550736000,324,49,0,373,8,-0.7632814980771879,-0.060471199227660095
296,1550750400,427,161,0,588,8,-0.7632814980771879,1.1536587152265292
296,1550764800,260,246,0,506,8,-0.7632814980771879,0.6905952129695826
296,1550779200,235,324,89,559,8,0.8351197567197468,0.9898923546722431
296,1550793600,82,227,145,309,8,1.840855377715571,-0.42188661562332574
296,1550808000,70,94,24,164,8,-0.33225194622183474,-1.2407184183947557
296,1550822400,302,55,0,357,8,-0.7632814980771879,-0.1508250533265765
296,1550836800,466,121,0,587,8,-0.7632814980771879,1.1480115993453468
296,1550851200,249,193,0,442,8,-0.7632814980771879,0.32917979657391694
296,1550865600,257,361,104,618,8,1.1045132266293425,1.3230721916619974
296,1551484800,7988,6082,0,14070,9,-0.7341574156211262,4.120124313387856
296,1551499200,30,105,75,135,9,0.9259975443261443,-0.28802435312984315
296,1551513600,112,41,0,153,9,-0.7341574156211262,-0.2823302967252993
296,1551528000,255,77,0,332,9,-0.7341574156211262,-0.2257060691467799
296,1551542400,182,160,0,342,9,-0.7341574156211262,-0.22254270447758887
296,1551556800,197,174,0,371,9,-0.7341574156211262,-0.2133689469369349
296,1551571200,81,192,111,273,9,1.7228719251008344,-0.244369920695007
296,1551585600,28,121,93,149,9,1.3244347347134893,-0.2835956425929757
296,1551600000,85,35,0,120,9,-0.7341574156211262,-0.29276940013362973
296,1551614400,184,61,0,245,9,-0.7341574156211262,-0.25322734176874184
296,1551628800,217,115,0,332,9,-0.7341574156211262,-0.2257060691467799
296,1551643200,117,170,53,287,9,0.43901875607494495,-0.23994121015813955
296,1551657600,57,159,102,216,9,1.523653329907162,-0.2624010993093958
296,1551672000,15,55,40,70,9,0.15125856301741802,-0.30858622347958486
296,1551686400,272,46,0,318,9,-0.7341574156211262,-0.23013477968364734
296,1551700800,396,78,0,474,9,-0.7341574156211262,-0.18078629084426728
296,1551715200,270,147,0,417,9,-0.7341574156211262,-0.19881746945865617
296,1551729600,196,319,123,515,9,1.9884967186923976,-0.16781649570058407
296,1551744000,63,184,121,247,10,1.3951575479821334,-0.6087293758308615
296,1551758400,16,59,43,75,10,-0.05534582465812967,-1.5370513118667795
296,1551772800,403,81,0,484,10,-0.8549822993187876,0.6704118964976999
296,1551787200,493,119,0,612,10,-0.8549822993187876,1.36125612796629
296,1551801600,260,145,0,405,10,-0.8549822993187876,0.2440314723881795
296,1551816000,267,359,92,626,10,0.8558678325133178,1.4368172157831671
296,1551830400,66,218,152,284,10,1.9716396576212123,-0.40903221517197214
296,1551844800,12,91,79,103,10,0.6141172704066072,-1.3859291362330253
296,1551859200,419,45,0,464,10,-0.8549822993187876,0.5624674853307328
296,1551873600,534,136,0,670,10,-0.8549822993187876,1.674294920350495
296,1551888000,348,172,0,520,10,-0.8549822993187876,0.8647118365982409
296,1551902400,235,358,123,593,10,1.4323499421523966,1.2587089373576712
296,1551916800,67,209,142,276,10,1.7856776867698965,-0.45220997963875903
296,1551931200,28,88,60,116,10,0.2607895257891072,-1.3157652689744967
296,1551945600,221,54,0,275,10,-0.8549822993187876,-0.4576072001971074
296,1551960000,629,134,0,763,10,-0.8549822993187876,2.1762364322768923
296,1551974400,220,205,0,425,10,-0.8549822993187876,0.3519758835551467
296,1551988800,233,350,117,583,10,1.320772759641607,1.2047367317741877
296,1552003200,77,236,159,313,10,2.1018130372171333,-0.25251281897986966
296,1552017600,19,81,62,100,10,0.29798191995937034,-1.4021207979080705
296,1552032000,361,75,0,436,10,-0.8549822993187876,0.41134530969697863
296,1552046400,366,141,0,507,10,-0.8549822993187876,0.7945479693397123
296,1552060800,248,190,0,438,10,-0.8549822993187876,0.4221397508136754
296,1552075200,227,361,134,588,10,1.6369081100888438,1.2317228345659295
296,1552089600,93,189,96,282,10,0.9302526208538441,-0.41982665628866883
296,1552104000,17,115,98,132,10,0.9674450150241072,-1.229409740040923
296,1552118400,113,43,0,156,10,-0.8549822993187876,-1.0998764466405622
296,1552132800,214,72,0,286,10,-0.8549822993187876,-0.3982377740552754
296,1552147200,227,167,0,394,10,-0.8549822993187876,0.18466204624634752
296,1552161600,158,245,87,403,10,0.7628868470876599,0.23323703127148276
296,1552176000,92,151,59,243,10,0.2421933287039756,-0.6303182580642549
296,1552194000,26,99,73,125,10,0.5025400878958177,-1.2671902839493614
296,1552208400,109,49,0,158,10,-0.8549822993187876,-1.0890820055238655
296,1552222800,176,53,0,229,10,-0.8549822993187876,-0.705879345881132
296,1552237200,209,131,0,340,10,-0.8549822993187876,-0.10678786390446394
296,1552251600,102,139,37,241,10,-0.16692300716891914,-0.6411126991809516
296,1552266000,46,125,79,171,10,0.6141172704066072,-1.018918138265337
296,1552280400,24,26,2,50,10,-0.8177899051485245,-1.6719818258254884
296,1552294800,533,110,0,643,10,-0.8549822993187876,1.5285699652750893
296,1552309200,297,100,0,397,10,-0.8549822993187876,0.2008537079213926
296,1552323600,272,228,0,500,10,-0.8549822993187876,0.7567674254312737
296,1552338000,171,287,116,458,10,1.3021765625564754,0.5300841619806426
296,1552352400,54,178,124,232,11,1.5273552756332847,-0.645348310904851
296,1552366800,38,59,21,97,11,-0.37978149768575487,-1.3598536851980842
296,1552381200,611,116,0,727,11,-0.7686152087508018,1.974504728170337
296,1552395600,443,129,0,572,11,-0.7686152087508018,1.1541467058336619
296,1552410000,282,274,0,556,11,-0.7686152087508018,1.0694645873989084
296,1552424400,189,345,156,534,11,2.119863787732404,0.9530266745511222
296,1552438800,55,185,130,240,11,1.6384506216518695,-0.6030072516874743
296,1552453200,34,47,13,81,11,-0.5279086257105347,-1.4445358036328377
296,1552463691,342,58,0,400,11,-0.7686152087508018,0.24381393266006124
296,1552467600,245,58,0,303,11,-0.7686152087508018,-0.26957141035063215
296,1552482000,344,116,0,460,11,-0.7686152087508018,0.561371876790387
296,1552496400,272,304,32,576,11,-0.17610669665168266,1.1753172354423502
296,1552510800,175,337,162,512,11,2.2309591337509884,0.8365887617033361
296,1552525200,63,189,126,252,11,1.5643870576394796,-0.5394956628614092
296,1552539600,40,66,26,106,11,-0.2872020426702675,-1.3122199935785352
296,1552554000,600,112,0,712,11,-0.7686152087508018,1.8951152421377555
296,1552568400,327,85,0,412,11,-0.7686152087508018,0.3073255214861264
296,1552582800,329,237,0,566,11,-0.7686152087508018,1.1223909114206294
296,1552597200,198,325,127,523,11,1.582902948642577,0.8948077181272291
296,1552611600,60,179,119,239,11,1.4347758206177974,-0.6082998840896464
296,1552626000,35,58,23,93,11,-0.3427497156795599,-1.3810242148067726
296,1552640400,499,116,0,615,11,-0.7686152087508018,1.3817298991270621
296,1552654800,210,142,0,352,11,-0.7686152087508018,-0.010232422644199407
296,1552669200,301,292,0,593,11,-0.7686152087508018,1.265291986279276
296,1552672123,54,55,1,109,11,-0.7500993177477043,-1.296342096372019
296,1552673781,22,41,19,63,11,-0.4168132796919498,-1.5398031868719355
296,1552683600,126,183,57,309,11,0.2867905784257542,-0.2378156159375996
296,1552698000,79,205,126,284,11,1.5643870576394796,-0.370131425991902
296,1552712400,19,97,78,116,11,0.6756242894908011,-1.2592936695568142
296,1552726800,188,31,0,219,11,-0.7686152087508018,-0.7141525321330883
296,1552741200,274,68,0,342,11,-0.7686152087508018,-0.06315874666592038
296,1552755600,292,90,0,382,11,-0.7686152087508018,0.14854654942096351
296,1552770000,158,218,60,376,11,0.3423382514350466,0.11679075500793092
296,1552784400,84,171,87,255,11,0.8422673085186783,-0.5236177656548928
296,1552798800,27,78,51,105,11,0.1756952324071693,-1.3175126259807073
296,1552813200,121,54,0,175,11,-0.7686152087508018,-0.9470283578286606
296,1552827600,235,81,0,316,11,-0.7686152087508018,-0.2007671891223949
296,1552842000,210,164,0,374,11,-0.7686152087508018,0.10620549020358673
296,1552856400,126,183,57,309,11,0.2867905784257542,-0.2378156159375996
296,1552870800,51,173,122,224,11,1.4903234936270897,-0.6876893701222279
296,1552885200,27,39,12,66,11,-0.5464245167136321,-1.5239252896654192
296,1552899600,568,113,0,681,11,-0.7686152087508018,1.7310436376704206
296,1552914000,308,115,0,423,11,-0.7686152087508018,0.3655444779100195
296,1552928400,282,249,0,531,11,-0.7686152087508018,0.937148777344606
296,1552942800,188,327,139,515,11,1.8050936406797466,0.8524666589098524
296,1552957200,56,161,105,217,12,1.0895125386378883,-0.8308558117177197
296,1552971600,32,46,14,78,12,-0.49561000520452086,-1.5676834326820288
296,1552986000,562,107,0,669,12,-0.7394750119495068,1.5651591859503937
296,1553000400,348,96,0,444,12,-0.7394750119495068,0.37245260525277085
296,1553014800,271,215,0,486,12,-0.7394750119495068,0.5950911669829938
296,1553029200,190,314,124,504,12,1.4204721906489408,0.6905076934388036
296,1553043600,42,198,156,240,12,1.977877920351766,-0.7089346945797405
296,1553058000,25,36,11,61,12,-0.5478667923641607,-1.6577990410014047
296,1553072400,586,99,0,685,12,-0.7394750119495068,1.6499738761333358
296,1553086800,334,121,0,455,12,-0.7394750119495068,0.43076270475354356
296,1553101200,312,266,0,578,12,-0.7394750119495068,1.0827756355349107
296,1553115600,192,316,124,508,12,1.4204721906489408,0.7117113659845391
296,1553130000,48,191,143,239,12,1.7514318426599933,-0.7142356127161743
296,1553144400,34,45,11,79,12,-0.5478667923641607,-1.562382514545595
296,1553158800,529,132,0,661,12,-0.7394750119495068,1.5227518408589227
296,1553173200,335,129,0,464,12,-0.7394750119495068,0.47847096798144845
296,1553187600,317,267,0,584,12,-0.7394750119495068,1.1145811443535139
296,1553202000,188,357,169,545,12,2.2043239980435385,0.9078453370325926
296,1553216400,47,201,154,248,12,1.9430400622453394,-0.6665273494882694
296,1553230800,34,52,18,86,12,-0.4259342889916677,-1.5252760875905578
296,1553245200,552,127,0,679,12,-0.7394750119495068,1.6181683673147325
296,1553259600,341,138,0,479,12,-0.7394750119495068,0.5579847400279566
296,1553274000,312,258,0,570,12,-0.7394750119495068,1.0403682904434397
296,1553288400,201,301,100,502,12,1.0024178933718217,0.6799058571659359
296,1553302800,77,197,120,274,12,1.3507964744360876,-0.5287034779409886
296,1553317200,20,62,42,82,12,-0.007879991714548808,-1.5464797601362934
296,1553331600,214,32,0,246,12,-0.7394750119495068,-0.6771291857611372
296,1553346000,375,65,0,440,12,-0.7394750119495068,0.35124893270703533
296,1553360400,347,92,0,439,12,-0.7394750119495068,0.3459480145706015
296,1553374800,151,197,46,348,12,0.06179572449830434,-0.13643553584488152
296,1553389200,78,184,106,262,12,1.1069314676911015,-0.5923144955781952
296,1553403600,31,86,55,117,12,0.21856608597722393,-1.3609476253611077
296,1553418000,134,52,0,186,12,-0.7394750119495068,-0.9951842739471699
296,1553432400,252,53,0,305,12,-0.7394750119495068,-0.3643750157115383
296,1553446800,219,130,0,349,12,-0.7394750119495068,-0.13113461770844764
296,1553461200,114,164,50,278,12,0.1314714407111575,-0.5074998053952531
296,1553475600,54,141,87,195,12,0.7759718156800491,-0.947476010719265
296,1553490000,44,38,0,82,12,-0.7394750119495068,-1.5464797601362934
296,1553504400,560,57,0,617,12,-0.7394750119495068,1.2895114428558319
296,1553518800,363,88,0,451,12,-0.7394750119495068,0.40955903220780804
296,1553533200,311,160,0,471,12,-0.7394750119495068,0.5155773949364856
296,1553547600,173,321,148,494,12,1.8385264879260597,0.6374985120744648
296,1553562000,45,181,136,226,13,1.7888340021018845,-0.707934574341145
296,1553576400,38,41,3,79,13,-0.6376902173592923,-1.463081095070625
296,1553590800,414,47,0,461,13,-0.6924238463696948,0.49927244859373787
296,1553605200,323,50,0,373,13,-0.6924238463696948,0.047211946388334904
296,1553619600,284,257,0,541,13,-0.6924238463696948,0.9102365415077405
296,1553634000,162,342,180,504,13,2.591593894254454,0.7201656485350143
296,1553648400,40,185,145,225,13,1.9530348891330918,-0.7130716255025701
296,1553662800,40,34,0,74,13,-0.6924238463696948,-1.48876635087775
296,1553677200,544,126,0,670,13,-0.6924238463696948,1.5729161413315698
296,1553691600,360,102,0,462,13,-0.6924238463696948,0.5044094997551629
296,1553706000,287,246,0,533,13,-0.6924238463696948,0.8691401322163402
296,1553720400,183,298,115,481,13,1.405698599029067,0.6020134718222385
296,1553734800,44,165,121,209,13,1.515165857049872,-0.7952644440853706
296,1553749200,34,32,0,66,13,-0.6924238463696948,-1.5298627601691503
296,1553763600,602,120,0,722,13,-0.6924238463696948,1.8400428017256716
296,1553778000,324,130,0,454,13,-0.6924238463696948,0.4633130904637626
296,1553792400,337,259,0,596,13,-0.6924238463696948,1.1927743553861174
296,1553806800,224,307,83,531,13,0.8218732229181072,0.8588660298934901
296,1553821200,45,178,133,223,13,1.734100373091482,-0.7233457278254202
296,1553835600,36,35,0,71,13,-0.6924238463696948,-1.5041775043620251
296,1553850000,546,146,0,692,13,-0.6924238463696948,1.6859312668829205
296,1553864400,335,108,0,443,13,-0.6924238463696948,0.40680552768808725
296,1553878800,331,260,0,591,13,-0.6924238463696948,1.1670890995789922
296,1553893200,216,283,67,499,13,0.5299605348626273,0.6944803927278891
296,1553907600,86,148,62,234,13,0.4387378198452898,-0.6668381650497448
296,1553922000,22,81,59,103,13,0.38400419083488735,-1.3397918671964242
296,1553936400,186,45,0,231,13,-0.6924238463696948,-0.6822493185340198
296,1553950800,279,75,0,354,13,-0.6924238463696948,-0.05039202567874074
296,1553965200,266,141,0,407,13,-0.6924238463696948,0.22187168587678605
296,1553979600,139,186,47,325,13,0.1650696747932774,-0.1993665093600667
296,1553994000,54,178,124,232,13,1.5698994860602744,-0.6771122673725948
296,1554008400,21,67,46,88,13,0.1468251317898099,-1.4168476346177996
296,1554022800,122,50,0,172,13,-0.6924238463696948,-0.9853353370580968
296,1554037200,239,50,0,289,13,-0.6924238463696948,-0.3843003511713679
296,1554051600,205,132,0,337,13,-0.6924238463696948,-0.1377218954229663
296,1554066000,120,156,36,276,13,-0.03562029824486505,-0.45108201626989336
296,1554080400,50,142,92,192,13,0.9860741099493147,-0.8825943138295962
296,1554094800,41,38,0,79,13,-0.6924238463696948,-1.463081095070625
296,1554109200,597,127,0,724,13,-0.6924238463696948,1.8503169040485217
296,1554123600,307,118,0,425,13,-0.6924238463696948,0.31433860678243664
296,1554138000,333,248,0,581,13,-0.6924238463696948,1.1157185879647418
296,1554152400,180,325,145,505,13,1.9530348891330918,0.7253026996964393
296,1554166800,49,200,151,249,14,1.893566843200503,-0.6914898874655141
296,1554181200,34,52,18,86,14,-0.4053821648668757,-1.5123568494195474
296,1554195600,600,104,0,704,14,-0.7165181208459195,1.5998872149215115
296,1554210000,333,99,0,432,14,-0.7165181208459195,0.23009694712091594
296,1554224400,295,285,0,580,14,-0.7165181208459195,0.9754240046006517
296,1554238800,186,299,113,485,14,1.2367242694669662,0.4970046095967673
296,1554253200,44,162,118,206,14,1.3231509239055896,-0.9080376136251671
296,1554267600,33,43,10,76,14,-0.543664811968673,-1.5627167857357458
296,1554282000,593,119,0,712,14,-0.7165181208459195,1.6401751639744702
296,1554296400,365,124,0,489,14,-0.7165181208459195,0.5171485841232466
296,1554310800,312,212,0,524,14,-0.7165181208459195,0.6934083612299409
296,1554325200,194,291,97,485,14,0.9601589752633719,0.4970046095967673
296,1554339600,61,205,144,266,14,1.7725695269864306,-0.605877995727977
296,1554354000,42,54,12,96,14,-0.5090941501932237,-1.4619969131033492
296,1554368400,596,129,0,725,14,-0.7165181208459195,1.705643081185528
296,1554382800,327,125,0,452,14,-0.7165181208459195,0.3308168197533127
296,1554397200,336,276,0,612,14,-0.7165181208459195,1.1365758008124864
296,1554411600,205,301,96,506,14,0.9428736443756472,0.6027604758607839
296,1554426000,62,197,135,259,14,1.6170015489969087,-0.6411299511493158
296,1554440400,40,59,19,99,14,-0.38809683397915107,-1.4468889322084897
296,1554454800,594,131,0,725,14,-0.7165181208459195,1.705643081185528
296,1554469200,343,117,0,460,14,-0.7165181208459195,0.37110476880627136
296,1554483600,286,245,0,531,14,-0.7165181208459195,0.7286603166512797
296,1554498000,204,346,142,550,14,1.7379988652109812,0.8243441956520566
296,1554512400,71,183,112,254,14,1.2194389385792417,-0.666309919307415
296,1554526800,21,76,55,97,14,0.23417507797893644,-1.4569609194717292
296,1554541200,195,62,0,257,14,-0.7165181208459195,-0.6512019384125555
296,1554555600,285,95,0,380,14,-0.7165181208459195,-0.031774721723315566
296,1554570000,258,137,0,395,14,-0.7165181208459195,0.04376518275098198
296,1554584400,196,210,14,406,14,-0.47452348841777436,0.09916111269880018
296,1554598800,76,184,108,260,14,1.150297615028343,-0.6360939575176959
296,1554613200,30,78,48,108,14,0.11317776176486385,-1.401564989523911
296,1554627600,145,42,0,187,14,-0.7165181208459195,-1.003721492625944
296,1554642000,244,74,0,318,14,-0.7165181208459195,-0.34400632688374544
296,1554656400,253,172,0,425,14,-0.7165181208459195,0.19484499169957709
296,1554670800,144,188,44,332,14,0.044036438213965245,-0.27350241604106773
296,1554685200,43,139,96,182,14,0.9428736443756472,-1.0289014607840432
296,1554699600,39,31,0,70,14,-0.7165181208459195,-1.5929327475254649
296,1554714000,594,138,0,732,14,-0.7165181208459195,1.740895036606867
296,1554728400,315,111,0,426,14,-0.7165181208459195,0.19988098533119691
296,1554742800,304,238,0,542,14,-0.7165181208459195,0.7840562465990979
296,1554757200,168,377,209,545,14,2.8961160346885326,0.7991642274939574
296,1554771600,46,166,120,212,15,0.9998136208164983,-0.6330548772457494
296,1554786000,45,46,1,91,15,-0.80925508417573,-1.1836708127705964
296,1554800400,582,115,0,697,15,-0.8244573422008747,1.5739594097753316
296,1554814800,317,139,0,456,15,-0.8244573422008747,0.4772780836473305
296,1554829200,287,248,0,535,15,-0.8244573422008747,0.8367711324610736
296,1554843600,202,353,151,555,15,1.4710836195959862,0.9277820308949326
296,1554858000,47,170,123,217,15,1.0454203948919325,-0.6103021526372846
296,1554872400,40,30,0,70,15,-0.8244573422008747,-1.2792322561261484
296,1554886800,596,108,0,704,15,-0.8244573422008747,1.605813224227182
296,1554901200,380,116,0,496,15,-0.8244573422008747,0.6592998805150485
296,1554915600,300,249,0,549,15,-0.8244573422008747,0.9004787613647749
296,1554930000,196,400,204,596,15,2.2768032949286594,1.1143543726843435
296,1554944400,54,172,118,226,15,0.9694091047662088,-0.5693472483420481
296,1554958800,48,57,9,105,15,-0.6876370199745718,-1.119963183866895
296,1554973200,615,118,0,733,15,-0.8244573422008747,1.7377790269562776
296,1554987600,376,126,0,502,15,-0.8244573422008747,0.6866031500452062
296,1555002000,315,260,0,575,15,-0.8244573422008747,1.0187929293287916
296,1555016400,183,341,158,524,15,1.5774994257719996,0.7867151383224511
296,1555030800,69,196,127,265,15,1.1062294269925117,-0.391875996396023
296,1555045200,50,52,2,102,15,-0.7940528261505853,-1.1336148186319739
296,1555059600,591,108,0,699,15,-0.8244573422008747,1.5830604996187174
296,1555059678,1,2,1,3,15,-0.80925508417573,-1.584118765879576
296,1555074000,346,142,0,488,15,-0.8244573422008747,0.6228955211415049
296,1555088400,316,271,0,587,15,-0.8244573422008747,1.073399468389107
296,1555102800,231,346,115,577,15,0.9238023306907744,1.0278940191721775
296,1555117200,47,198,151,245,15,1.4710836195959862,-0.482886894829882
296,1555131600,15,77,62,92,15,0.11808265535810133,-1.1791202678489034
296,1555146000,86,57,0,143,15,-0.8244573422008747,-0.9470424768425629
296,1555160400,109,124,15,233,15,-0.5964234718237031,-0.5374934338901974
296,1555174800,105,163,58,268,15,0.05727362325752223,-0.3782243616309442
296,1555189200,66,192,126,258,15,1.091027168967367,-0.42372981084787364
296,1555203600,30,184,154,214,15,1.5166903936714207,-0.6239537874023635
296,1555218000,8,78,70,86,15,0.23970071955925953,-1.206423537379061
296,1555232400,41,46,5,87,15,-0.7484460520751509,-1.2018729924573681
296,1555246800,59,82,23,141,15,-0.4748054076225449,-0.9561435666859489
296,1555261200,64,136,72,200,15,0.2701052356095491,-0.6876614163060648
296,1555275600,46,197,151,243,15,1.4710836195959862,-0.49198798467326793
296,1555290000,15,162,147,177,15,1.4102745874954072,-0.7923239495050026
296,1555304400,20,30,10,50,15,-0.672434761949427,-1.3702431545600073
296,1555318800,569,116,0,685,15,-0.8244573422008747,1.5193528707150161
296,1555333200,295,76,0,371,15,-0.8244573422008747,0.09048176530342972
296,1555347600,284,258,0,542,15,-0.8244573422008747,0.8686249469129242
296,1555362000,170,329,159,499,15,1.5927016837971444,0.6729515152801273
296,1555376400,55,200,145,255,16,1.616984174502625,-0.6399899021017694
296,1555390800,34,32,0,66,16,-0.7104640936895248,-1.7039144765277057
296,1555405200,610,109,0,719,16,-0.7104640936895248,1.9719730742666663
296,1555419600,304,122,0,426,16,-0.7104640936895248,0.32260852237883947
296,1555434000,287,258,0,545,16,-0.7104640936895248,0.992486958128503
296,1555448400,200,347,147,547,16,1.6490869092363099,1.0037454192335393
296,1555462800,46,224,178,270,16,2.146679297608425,-0.5555514438139967
296,1555477200,38,58,20,96,16,-0.3894367463526766,-1.5350375599521602
296,1555491600,607,112,0,719,16,-0.7104640936895248,1.9719730742666663
296,1555506000,395,122,0,517,16,-0.7104640936895248,0.834868502657994
296,1555520400,308,244,0,552,16,-0.7104640936895248,1.0318915719961301
296,1555534800,198,338,140,536,16,1.536727337668413,0.9418238831558393
296,1555549200,55,242,187,297,16,2.2911416039100065,-0.40356221889600585
296,1555563600,38,74,36,112,16,-0.13261486848319798,-1.4449698711118693
296,1555578000,601,125,0,726,16,-0.7104640936895248,2.0113776881342935
296,1555592400,337,114,0,451,16,-0.7104640936895248,0.463339286191794
296,1555606800,285,223,0,508,16,-0.7104640936895248,0.7842054276853303
296,1555621200,213,313,100,526,16,0.8946726429947164,0.8855315776306575
296,1555635600,59,244,185,303,16,2.2590388691763215,-0.36978683558089676
296,1555650000,38,56,18,94,16,-0.4215394810863614,-1.5462960210571965
296,1555664400,408,84,0,492,16,-0.7104640936895248,0.6941377388450394
296,1555678800,291,89,0,380,16,-0.7104640936895248,0.06366391696300316
296,1555693200,287,222,0,509,16,-0.7104640936895248,0.7898346582378485
296,1555707600,169,230,61,399,16,0.26866931568786234,0.17061929746084858
296,1555722000,72,173,101,245,16,0.9107240103615588,-0.6962822076269513
296,1555736400,27,99,72,126,16,0.4452343567231289,-1.3661606433766147
296,1555750800,158,61,0,219,16,-0.7104640936895248,-0.8426422019924239
296,1555765200,241,80,0,321,16,-0.7104640936895248,-0.2684606856355695
296,1555779600,239,162,0,401,16,-0.7104640936895248,0.18187775856588495
296,1555794000,195,214,19,409,16,-0.405488113719519,0.2269116029860304
296,1555808400,74,226,152,300,16,1.7293437460705219,-0.3866745272384513
296,1555822800,21,78,57,99,16,0.20446384622049268,-1.5181498682946055
296,1555837200,136,53,0,189,16,-0.7104640936895248,-1.0115191185679693
296,1555851600,232,70,0,302,16,-0.7104640936895248,-0.37541606613341494
296,1555866000,203,165,0,368,16,-0.7104640936895248,-0.0038868496672150106
296,1555880400,147,172,25,319,16,-0.3091799095184645,-0.2797191467406059
296,1555894800,61,155,94,216,16,0.7983644387936619,-0.8595298936499784
296,1555909200,41,36,0,77,16,-0.7104640936895248,-1.6419929404500055
296,1555923600,455,92,0,547,16,-0.7104640936895248,1.0037454192335393
296,1555938000,268,108,0,376,16,-0.7104640936895248,0.04114699475293043
296,1555952400,254,210,0,464,16,-0.7104640936895248,0.5365192833745304
296,1555966800,170,292,122,462,16,1.2478027250652495,0.525260822269494
296,1555981200,50,182,132,232,17,1.6676789899880353,-0.8249521985052038
296,1555995600,40,44,4,84,17,-0.6628232845572409,-1.682604459068567
296,1556010000,501,108,0,609,17,-0.7356514806367808,1.3597430868487683
296,1556024400,323,107,0,430,17,-0.7356514806367808,0.32244744738361975
296,1556038800,301,207,0,508,17,-0.7356514806367808,0.7744533684913382
296,1556053200,207,295,88,502,17,0.8665688331130965,0.7396836822522829
296,1556067600,63,216,153,279,17,2.05002701940562,-0.5525896562992709
296,1556082000,33,39,6,72,17,-0.626409186517471,-1.7521438315466775
296,1556096400,493,99,0,592,17,-0.7356514806367808,1.2612289758381119
296,1556110800,338,131,0,469,17,-0.7356514806367808,0.548450407937479
296,1556125200,327,204,0,531,17,-0.7356514806367808,0.90773716574105
296,1556139600,174,298,124,472,17,1.5220225978289557,0.5658352510570066
296,1556154000,77,230,153,307,17,2.05002701940562,-0.3903311205170131
296,1556168400,42,39,0,81,17,-0.7356514806367808,-1.6999893021880945
296,1556182800,505,119,0,624,17,-0.7356514806367808,1.4466673024464065
296,1556197200,318,117,0,435,17,-0.7356514806367808,0.3514221859161658
296,1556211600,295,224,0,519,17,-0.7356514806367808,0.8381977932629395
296,1556226000,221,323,102,544,17,1.121467519391486,0.9830714859256697
296,1556240400,73,222,149,295,17,1.9771988233260798,-0.4598704929951236
296,1556254800,33,75,42,108,17,0.029044578198387922,-1.543525714112346
296,1556269200,465,88,0,553,17,-0.7356514806367808,1.0352260152842527
296,1556283600,361,121,0,482,17,-0.7356514806367808,0.6237847281220987
296,1556298000,253,239,0,492,17,-0.7356514806367808,0.6817342051871909
296,1556312400,192,287,95,479,17,0.9940181762522913,0.606399885002571
296,1556326800,67,166,99,233,17,1.066846372331831,-0.8191572507986946
296,1556341200,26,73,47,99,17,0.12007982329781278,-1.5956802434709287
296,1556355600,200,48,0,248,17,-0.7356514806367808,-0.7322330352010565
296,1556370000,299,104,0,403,17,-0.7356514806367808,0.1659838593078711
296,1556384400,273,206,0,479,17,-0.7356514806367808,0.606399885002571
296,1556398800,207,214,7,421,17,-0.608202137497586,0.27029291802503685
296,1556413200,100,192,92,292,17,0.9393970291926365,-0.47725533611465126
296,1556427600,25,115,90,140,17,0.9029829311528664,-1.3580873875040511
296,1556442000,144,54,0,198,17,-0.7356514806367808,-1.021980420526517
296,1556456400,233,66,0,299,17,-0.7356514806367808,-0.4366907021690868
296,1556470800,241,177,0,418,17,-0.7356514806367808,0.25290807490550926
296,1556485200,129,196,67,325,17,0.4842208036955122,-0.2860220617998473
296,1556499600,52,155,103,207,17,1.1396745684113712,-0.9698258911679342
296,1556514000,40,34,0,74,17,-0.7356514806367808,-1.740553936133659
296,1556528400,569,140,0,709,17,-0.7356514806367808,1.9392378574996894
296,1556542800,306,105,0,411,17,-0.7356514806367808,0.21234344095994478
296,1556557200,297,239,0,536,17,-0.7356514806367808,0.9367119042735961
296,1556571600,194,338,144,532,17,1.886163578226655,0.9135321134475592
296,1556586000,62,145,83,207,18,0.8250519438819495,-0.9002454788916414
296,1556600400,33,42,9,75,18,-0.5916670846181052,-1.5642903079197494
296,1556614800,629,141,0,770,18,-0.7639707502464902,1.9320063297661223
296,1556629200,332,126,0,458,18,-0.7639707502464902,0.36244582479059423
296,1556643600,272,245,0,517,18,-0.7639707502464902,0.659253740795582
296,1556658000,207,262,55,469,18,0.2889960952603072,0.41778289387626993
296,1556672400,53,240,187,293,18,2.816116524476621,-0.46761021149454074
296,1556686800,38,71,33,109,18,-0.13219064294241178,-1.39324845801857
296,1556701200,626,137,0,763,18,-0.7639707502464902,1.896791831257056
296,1556715600,354,148,0,502,18,-0.7639707502464902,0.5837941011332969
296,1556730000,320,271,0,591,18,-0.7639707502464902,1.0315212964628546
296,1556744400,211,297,86,508,18,0.8824864990914111,0.6139779569982109
296,1556758800,63,211,148,274,18,2.0694673067536193,-0.5631924217334351
296,1556773200,33,44,11,77,18,-0.5533773811451308,-1.5542290226314448
296,1556787600,589,132,0,721,18,-0.7639707502464902,1.685504840202658
296,1556802000,369,99,0,468,18,-0.7639707502464902,0.41275225123211756
296,1556816400,332,258,0,590,18,-0.7639707502464902,1.0264906538187022
296,1556830800,199,320,121,519,18,1.552556309868464,0.6693150260838866
296,1556845200,62,214,152,276,18,2.146046713699568,-0.5531311364451305
296,1556859600,33,63,30,96,18,-0.18962519815187348,-1.4586468123925505
296,1556874000,547,123,0,670,18,-0.7639707502464902,1.4289420653508889
296,1556888400,373,105,0,478,18,-0.7639707502464902,0.4630586776736409
296,1556902800,312,272,0,584,18,-0.7639707502464902,0.9963067979537883
296,1556917200,196,263,67,459,18,0.5187343160981539,0.3674764674347466
296,1556931600,85,195,110,280,18,1.3419629407671048,-0.5330085658685211
296,1556946000,26,94,68,120,18,0.5378791678346411,-1.3379113889328944
296,1556960400,182,48,0,230,18,-0.7639707502464902,-0.7845406980761378
296,1556974800,294,72,0,366,18,-0.7639707502464902,-0.10037329847142042
296,1556989200,260,189,0,449,18,-0.7639707502464902,0.31717004099322327
296,1557003600,186,227,41,413,18,0.020968170949486,0.13606690580373926
296,1557018000,78,166,88,244,18,0.9207762025643855,-0.714111701058005
296,1557032400,18,97,79,115,18,0.7484725369360006,-1.363064602153656
296,1557046800,141,40,0,181,18,-0.7639707502464902,-1.031042187639602
296,1557061200,220,83,0,303,18,-0.7639707502464902,-0.4173037850530174
296,1557075600,197,148,0,345,18,-0.7639707502464902,-0.2060167939986194
296,1557090000,91,187,96,278,18,1.0739350164562833,-0.5430698511568257
296,1557104400,46,118,72,164,18,0.61445857478059,-1.1165631125901918
296,1557118800,30,44,14,74,18,-0.4959428259356691,-1.5693209505639016
296,1557133200,541,119,0,660,18,-0.7639707502464902,1.3786356389093655
296,1557147600,321,108,0,429,18,-0.7639707502464902,0.21655718811017657
296,1557162000,290,265,0,555,18,-0.7639707502464902,0.8504181612733706
296,1557176400,202,328,126,530,18,1.6482805685509003,0.7246520951695622
296,1557190800,48,194,146,242,19,1.8042705888786708,-0.7201611264952497
296,1557205200,38,50,12,88,19,-0.5403230094148317,-1.515720847446791
296,1557219600,608,110,0,718,19,-0.7502866152321602,1.7388416473549688
296,1557234000,312,124,0,436,19,-0.7502866152321602,0.2820374830151335
296,1557248400,296,242,0,538,19,-0.7502866152321602,0.8089666488401803
296,1557262800,190,335,145,525,19,1.7867736217272268,0.7418090100585567
296,1557277200,57,205,148,262,19,1.8392645231815588,-0.6168416822158287
296,1557291600,32,45,13,77,19,-0.5228260422633876,-1.5725465418004725
296,1557306000,613,126,0,739,19,-0.7502866152321602,1.8473270638483608
296,1557320400,392,108,0,500,19,-0.7502866152321602,0.6126597047092804
296,1557334800,327,238,0,565,19,-0.7502866152321602,0.9484478986173985
296,1557349200,189,313,124,502,19,1.4193373115469017,0.6229916491372226
296,1557363600,58,223,165,281,19,2.1367129647561076,-0.5186882101503788
296,1557378000,37,47,10,84,19,-0.5753169437177197,-1.536384736302675
296,1557392400,555,133,0,688,19,-0.7502866152321602,1.5838624809358373
296,1557406800,353,101,0,454,19,-0.7502866152321602,0.37502498286661234
296,1557421200,298,271,0,569,19,-0.7502866152321602,0.9691117874732827
296,1557435600,196,293,97,489,19,0.9469191984579124,0.555834010355599
296,1557450000,67,202,135,269,19,1.6118039502127863,-0.5806798767180313
296,1557464400,39,78,39,117,19,-0.06790489632584235,-1.3659076532416305
296,1557478800,575,125,0,700,19,-0.7502866152321602,1.6458541475034898
296,1557493200,369,106,0,475,19,-0.7502866152321602,0.4835103993600043
296,1557507600,302,267,0,569,19,-0.7502866152321602,0.9691117874732827
296,1557522000,175,281,106,456,19,1.1043919028209088,0.3853569272945544
296,1557536400,67,161,94,228,19,0.8944282970035803,-0.7924847374908442
296,1557550800,27,72,45,99,19,0.037076906582821936,-1.4588951530931094
296,1557565200,185,61,0,246,19,-0.7502866152321602,-0.6994972376393654
296,1557579600,302,105,0,407,19,-0.7502866152321602,0.1322242888099731
296,1557594000,277,174,0,451,19,-0.7502866152321602,0.3595270662246992
296,1557608400,169,207,38,376,19,-0.0854018634772864,-0.027920849823129344
296,1557622800,77,207,130,284,19,1.524319114455566,-0.5031902935084657
296,1557637200,27,92,65,119,19,0.3870162496117029,-1.3555757088136884
296,1557651600,137,50,0,187,19,-0.7502866152321602,-1.0042895982636573
296,1557666000,225,49,0,274,19,-0.7502866152321602,-0.5548500156481762
296,1557680400,192,146,0,338,19,-0.7502866152321602,-0.22422779395402914
296,1557694800,119,150,31,269,19,-0.20788063353739472,-0.5806798767180313
296,1557709200,54,150,96,204,19,0.9294222313064684,-0.9164680706261494
296,1557723600,26,33,7,59,19,-0.6278078451720519,-1.6655340416519513
296,1557738000,563,119,0,682,19,-0.7502866152321602,1.552866647652011
296,1557752400,314,122,0,436,19,-0.7502866152321602,0.2820374830151335
296,1557766800,265,268,3,533,19,-0.6977957137778281,0.783136787770325
296,1557781200,166,318,152,484,19,1.909252391787335,0.5300041492857437
296,1557795600,46,59,13,105,20,-0.3444038271327543,-1.342341964019129
296,1557810000,32,15,0,47,20,-0.603418275637553,-1.6269820253309848
296,1557824400,567,127,0,694,20,-0.603418275637553,1.5482269344754056
296,1557838800,300,130,0,430,20,-0.603418275637553,0.2526238967800624
296,1557853200,250,298,48,548,20,0.3529427649955499,0.8317191939317689
296,1557867600,174,350,176,524,20,2.903238873350491,0.7139370995958286
296,1557882000,54,55,1,109,20,-0.58349408729103,-1.322711614963139
296,1557896400,31,10,0,41,20,-0.603418275637553,-1.6564275489149698
296,1557910800,581,102,0,683,20,-0.603418275637553,1.494243474571433
296,1557925200,368,131,0,499,20,-0.603418275637553,0.5912474179958908
296,1557939600,307,289,0,596,20,-0.603418275637553,1.0672833826036494
296,1557954000,215,343,128,558,20,1.9468778327173881,0.880795066571744
296,1557968400,69,60,0,129,20,-0.603418275637553,-1.2245598696831888
296,1557982800,27,17,0,44,20,-0.603418275637553,-1.6417047871229773
296,1557997200,591,117,0,708,20,-0.603418275637553,1.616933156171371
296,1558011600,355,120,0,475,20,-0.603418275637553,0.4734653236599505
296,1558026000,321,229,0,550,20,-0.603418275637553,0.8415343684597639
296,1558040400,201,261,60,462,20,0.5920330251538256,0.4096666892279828
296,1558054800,57,73,16,130,20,-0.28463126209318534,-1.2196522824191913
296,1558069200,35,12,0,47,20,-0.603418275637553,-1.6269820253309848
296,1558083600,548,114,0,662,20,-0.603418275637553,1.3911841420274853
296,1558098000,320,98,0,418,20,-0.603418275637553,0.1937328496120923
296,1558112400,307,263,0,570,20,-0.603418275637553,0.9396861137397141
296,1558126800,204,276,72,480,20,0.8311232853121013,0.49800325997993805
296,1558141200,69,209,140,278,20,2.185968092875664,-0.49332936734755944
296,1558155600,31,112,81,143,20,1.010440980430808,-1.1558536479872237
296,1558170000,213,68,0,281,20,-0.603418275637553,-0.4786066055555669
296,1558184400,309,119,0,428,20,-0.603418275637553,0.24280872225206743
296,1558198800,319,174,0,493,20,-0.603418275637553,0.5618018944119058
296,1558213200,208,217,9,425,20,-0.4241005805188462,0.22808596046007487
296,1558227600,105,212,107,317,20,1.5284698774404055,-0.30193346405165644
296,1558242000,26,106,80,132,20,0.9905167920842851,-1.2098371078911963
296,1558256400,177,51,0,228,20,-0.603418275637553,-0.738708730547435
296,1558270800,302,69,0,371,20,-0.603418275637553,-0.03692375179579078
296,1558285200,316,213,0,529,20,-0.603418275637553,0.7384750359158162
296,1558299600,164,229,65,393,20,0.6916539668864404,0.07104316801215449
296,1558314000,71,188,117,259,20,1.7277117609056354,-0.5865735253635121
296,1558328400,35,41,6,76,20,-0.4838731455584151,-1.484661994675057
296,1558342800,522,117,0,639,20,-0.603418275637553,1.2783096349555425
296,1558357200,321,96,0,417,20,-0.603418275637553,0.1888252623480948
296,1558371600,278,243,0,521,20,-0.603418275637553,0.699214337803836
296,1558386000,153,306,153,459,20,2.4449825413804627,0.3949439274359903
296,1558400400,52,196,144,248,21,1.793481459425154,-0.628788823218444
296,1558414800,41,59,18,100,21,-0.44340373578529024,-1.4152176612719347
296,1558429200,611,97,0,708,21,-0.7629587636724966,1.8155170247856485
296,1558443600,336,121,0,457,21,-0.7629587636724966,0.4817762251138502
296,1558458000,320,244,0,564,21,-0.7629587636724966,1.050343020193063
296,1558472400,188,336,148,524,21,1.8644936878445333,0.8377946855840115
296,1558486800,58,184,126,242,21,1.4739264315379477,-0.6606710734098017
296,1558501200,38,54,16,92,21,-0.4789098499949798,-1.457727328193745
296,1558515600,628,128,0,756,21,-0.7629587636724966,2.0705750263165106
296,1558530000,356,111,0,467,21,-0.7629587636724966,0.5349133087661131
296,1558544400,310,277,0,587,21,-0.7629587636724966,1.1725583125932677
296,1558558800,223,362,139,585,21,1.70471617390093,1.1619308958628152
296,1558573200,60,225,165,285,21,2.1662956586268947,-0.43218161370507135
296,1558587600,31,69,38,100,21,-0.08834259368839431,-1.4152176612719347
296,1558602000,561,118,0,679,21,-0.7629587636724966,1.6614194821940862
296,1558616400,364,105,0,469,21,-0.7629587636724966,0.5455407254965657
296,1558630800,295,287,0,582,21,-0.7629587636724966,1.1459897707671363
296,1558645200,199,354,155,553,21,1.9887650875784468,0.9918922281755739
296,1558659600,62,198,136,260,21,1.6514570025863957,-0.5650243228357286
296,1558674000,31,47,16,78,21,-0.4789098499949798,-1.532119245306913
296,1558688400,513,85,0,598,21,-0.7629587636724966,1.231009104610757
296,1558702800,341,123,0,464,21,-0.7629587636724966,0.5189721836704343
296,1558717200,332,258,0,590,21,-0.7629587636724966,1.1884994376889466
296,1558731600,230,276,46,506,21,0.05368186315036406,0.7421479350099384
296,1558746000,78,197,119,275,21,1.3496550318040341,-0.48531869735733424
296,1558760400,23,98,75,121,21,0.5685205191908632,-1.3036297856021826
296,1558774800,190,45,0,235,21,-0.7629587636724966,-0.6978670319663858
296,1558789200,280,104,0,384,21,-0.7629587636724966,0.0938755144523312
296,1558803600,277,159,0,436,21,-0.7629587636724966,0.3701883494440982
296,1558818000,155,202,47,357,21,0.07143492025520885,-0.04959461140877859
296,1558832400,70,204,134,274,21,1.615950888376706,-0.4906324057225605
296,1558846800,28,63,35,91,21,-0.1416017650029287,-1.4630410365589712
296,1558861200,123,40,0,163,21,-0.7629587636724966,-1.0804540342626785
296,1558875600,213,79,0,292,21,-0.7629587636724966,-0.3949856551484873
296,1558890000,256,144,0,400,21,-0.7629587636724966,0.1788948482959518
296,1558904400,120,190,70,310,21,0.4797552336666392,-0.29933890457441414
296,1558918800,60,156,96,216,21,0.9413347183926039,-0.7988274909056853
296,1558933200,20,51,31,71,21,-0.21261399342230788,-1.569315203863497
296,1558947600,160,45,0,205,21,-0.7629587636724966,-0.8572782829231744
296,1558962000,237,89,0,326,21,-0.7629587636724966,-0.21431957073079352
296,1558976400,250,173,0,423,21,-0.7629587636724966,0.30111014069615644
296,1558990800,131,182,51,313,21,0.14244714867458805,-0.2833977794787353
296,1559005200,53,163,110,216,22,1.0575578263463596,-0.9090338608370223
296,1559019600,40,38,0,78,22,-0.8072960506460761,-1.6628985421092186
296,1559034000,527,104,0,631,22,-0.8072960506460761,1.3580229705250175
296,1559048400,293,121,0,414,22,-0.8072960506460761,0.172598073162216
296,1559062800,233,239,6,472,22,-0.7055767482646705,0.4894397507983565
296,1559077200,204,277,73,481,22,0.43028879499435857,0.5386048387074128
296,1559091600,24,190,166,214,22,2.0069379819061455,-0.9199594359279237
296,1559106000,9,63,54,72,22,0.10817767078657418,-1.6956752673819229
296,1559120400,452,120,0,572,22,-0.8072960506460761,1.0357185053434264
296,1559134800,272,99,0,371,22,-0.8072960506460761,-0.06230179129216404
296,1559149200,242,261,19,503,22,-0.4851849264382918,0.6587861647073282
296,1559163600,152,318,166,470,22,2.0069379819061455,0.47851417570745514
296,1559178000,28,178,150,206,22,1.7356865088890636,-0.9636617362915293
296,1559192400,10,74,64,84,22,0.2777098414222502,-1.6301218168365146
296,1559206800,561,119,0,680,22,-0.8072960506460761,1.6256995602521018
296,1559221200,334,113,0,447,22,-0.8072960506460761,0.35287006216208905
296,1559235600,331,267,0,598,22,-0.8072960506460761,1.1777509815251446
296,1559250000,209,367,158,576,22,1.8713122453976045,1.0575696555252292
296,1559264400,33,184,151,217,22,1.7526397259526312,-0.9035710732915716
296,1559278800,11,48,37,59,22,-0.180027019294075,-1.766691505472782
296,1559293200,533,108,0,641,22,-0.8072960506460761,1.4126508459795246
296,1559307600,341,111,0,452,22,-0.8072960506460761,0.38018399988934254
296,1559322000,310,252,0,562,22,-0.8072960506460761,0.9810906298889194
296,1559336400,231,334,103,565,22,0.9388853069013865,0.9974789925252715
296,1559350800,77,205,128,282,22,1.3627157334905764,-0.5484898828372762
296,1559365200,25,113,88,138,22,0.6845870509478725,-1.3351312893821767
296,1559379600,220,64,0,284,22,-0.8072960506460761,-0.5375643077463748
296,1559394000,298,124,0,422,22,-0.8072960506460761,0.2163003735258216
296,1559408400,310,231,0,541,22,-0.8072960506460761,0.8663720914344547
296,1559422800,212,228,16,440,22,-0.5360445776289946,0.31463054934393414
296,1559437200,93,181,88,274,22,0.6845870509478725,-0.5921921832008817
296,1559451600,19,114,95,133,22,0.8032595703928457,-1.3624452271094303
296,1559466000,159,48,0,207,22,-0.8072960506460761,-0.9581989487460786
296,1559480400,317,111,0,428,22,-0.8072960506460761,0.24907709879852577
296,1559494800,303,213,0,516,22,-0.8072960506460761,0.7298024027981872
296,1559509200,144,216,72,360,22,0.41333557793079095,-0.12239245429212173
296,1559523600,66,188,122,254,22,1.2609964311091708,-0.7014479341098958
296,1559538000,37,35,0,72,22,-0.8072960506460761,-1.6956752673819229
296,1559552400,530,108,0,638,22,-0.8072960506460761,1.3962624833431725
296,1559566800,310,130,0,440,22,-0.8072960506460761,0.31463054934393414
296,1559581200,302,235,0,537,22,-0.8072960506460761,0.8445209412526519
296,1559595600,190,324,134,514,22,1.464435035871982,0.7188768277072859
296,1559610000,56,192,136,248,23,1.6991333507717457,-0.7025484985649191
296,1559624400,40,42,2,82,23,-0.7120422665110038,-1.5882931878948676
296,1559638800,520,82,0,602,23,-0.7480299622913433,1.1863287304881036
296,1559653200,339,108,0,447,23,-0.7480299622913433,0.359277966354718
296,1559667600,289,237,0,526,23,-0.7480299622913433,0.7808070654936694
296,1559682000,209,303,94,512,23,0.9433917393846152,0.7061057061525894
296,1559696400,50,188,138,238,23,1.7351210465520852,-0.7559066123799763
296,1559710800,29,39,10,68,23,-0.5680914833896457,-1.6629945472359475
296,1559725200,597,102,0,699,23,-0.7480299622913433,1.703902434494158
296,1559739600,364,129,0,493,23,-0.7480299622913433,0.6047252899039808
296,1559754000,309,251,0,560,23,-0.7480299622913433,0.9622246524648637
296,1559768400,194,325,131,519,23,1.6091641113208968,0.7434563858231293
296,1559782800,55,202,147,257,23,1.8970656775636132,-0.6545261961313676
296,1559797200,29,42,13,71,23,-0.5141099397191363,-1.6469871130914304
296,1559811600,533,98,0,631,23,-0.7480299622913433,1.3410672605517693
296,1559826000,342,128,0,470,23,-0.7480299622913433,0.4820016281293494
296,1559840400,287,202,0,489,23,-0.7480299622913433,0.5833820443779579
296,1559854800,199,321,122,520,23,1.4472194803093688,0.7487921972046351
296,1559869200,59,202,143,261,23,1.825090286002934,-0.6331829506053448
296,1559883600,35,71,36,106,23,-0.10025143824523156,-1.4602337147387305
296,1559898000,555,130,0,685,23,-0.7480299622913433,1.6292010751530779
296,1559912400,350,107,0,457,23,-0.7480299622913433,0.4126360801697751
296,1559926800,342,281,0,623,23,-0.7480299622913433,1.2983807694997236
296,1559941200,244,326,82,570,23,0.727465564702578,1.0155827662799208
296,1559955600,73,225,152,298,23,1.987034917014462,-0.43575792948963343
296,1559970000,24,79,55,103,23,0.24163167166799412,-1.4762411488832476
296,1559984400,196,60,0,256,23,-0.7480299622913433,-0.6598620075128734
296,1559998800,295,99,0,394,23,-0.7480299622913433,0.07647996313491513
296,1560013200,277,170,0,447,23,-0.7480299622913433,0.359277966354718
296,1560027600,161,204,43,365,23,0.025705496985956852,-0.07825856692875058
296,1560042000,75,185,110,260,23,1.2312933056273316,-0.6385187619868505
296,1560056400,20,77,57,97,23,0.27761936744833365,-1.5082560171722819
296,1560070800,140,42,0,182,23,-0.7480299622913433,-1.0547120497442963
296,1560085200,254,76,0,330,23,-0.7480299622913433,-0.26501196528145055
296,1560099600,226,144,0,370,23,-0.7480299622913433,-0.051579510021222005
296,1560114000,118,155,37,273,23,-0.08225759035506178,-0.5691532140272763
296,1560128400,66,169,103,235,23,1.1053363703961432,-0.7719140465244934
296,1560142800,31,31,0,62,23,-0.7480299622913433,-1.695009415524982
296,1560157200,528,116,0,644,23,-0.7480299622913433,1.4104328085113436
296,1560171600,329,106,0,435,23,-0.7480299622913433,0.2952482297766494
296,1560186000,289,289,0,578,23,-0.7480299622913433,1.0582692573319665
296,1560200400,174,309,135,483,23,1.6811395028815759,0.5513671760889237
296,1560214800,55,188,133,243,24,1.2176463624993268,-1.0019714899867294
296,1560229200,32,48,16,80,24,-0.49965699556099935,-1.864394475427452
296,1560243600,582,100,0,682,24,-0.7345018992273687,1.3207505382861375
296,1560258000,322,100,0,422,24,-0.7345018992273687,-0.054893487570230055
296,1560272400,294,270,0,564,24,-0.7345018992273687,0.6964197880897861
296,1560286800,213,341,128,554,24,1.1442573301035863,0.6435104024799257
296,1560301200,71,228,157,299,24,1.5699137179988807,-0.7056789305715117
296,1560315600,48,59,11,107,24,-0.5730460279567398,-1.7215391342808293
296,1560330000,589,105,0,694,24,-0.7345018992273687,1.3842418010179698
296,1560344400,345,120,0,465,24,-0.7345018992273687,0.1726168705521692
296,1560358800,292,264,0,556,24,-0.7345018992273687,0.6540922796018979
296,1560373200,216,287,71,503,24,0.30762236079214533,0.3736725358696383
296,1560387600,62,258,196,320,24,2.142348170685656,-0.594569220790805
296,1560402000,35,71,36,106,24,-0.20610086597803767,-1.7268300728418153
296,1560416400,565,107,0,672,24,-0.7345018992273687,1.2678411526762772
296,1560430800,350,103,0,453,24,-0.7345018992273687,0.10912560782033685
296,1560445200,304,245,0,549,24,-0.7345018992273687,0.6170557096749957
296,1560459600,177,321,144,498,24,1.3791022337699557,0.34721784306470815
296,1560474000,56,250,194,306,24,2.11299255772736,-0.6686423606446095
296,1560488400,46,67,21,113,24,-0.42626796316525895,-1.6897935029149131
296,1560502800,557,97,0,654,24,-0.7345018992273687,1.1726042585785288
296,1560517200,324,117,0,441,24,-0.7345018992273687,0.0456343450885045
296,1560531600,303,261,0,564,24,-0.7345018992273687,0.6964197880897861
296,1560546000,219,313,94,532,24,0.6452119098125513,0.5271097541382331
296,1561165200,9540,7323,0,16863,25,-0.5981972483642439,4.119942240800765
296,1561179600,29,109,80,138,25,0.7069603844304703,-0.30010198995747706
296,1561194000,203,53,0,256,25,-0.5981972483642439,-0.2689172234863576
296,1561208400,361,109,0,470,25,-0.5981972483642439,-0.21236179954720882
296,1561222800,315,201,0,516,25,-0.5981972483642439,-0.20020502617711142
296,1561237200,203,202,0,405,25,-0.5981972483642439,-0.22953984887452036
296,1561251600,81,250,169,331,25,2.15894825091459,-0.24909639733945968
296,1561266000,29,75,46,104,25,0.1522683904927167,-0.3090874311440708
296,1561280400,166,48,0,214,25,-0.5981972483642439,-0.28001688612862047
296,1561294800,265,83,0,348,25,-0.5981972483642439,-0.24460367674616282
296,1561309200,285,168,0,453,25,-0.5981972483642439,-0.21685452014050569
296,1561323600,158,183,25,341,25,-0.1903354881158958,-0.2464536205198733
296,1561338000,65,192,127,257,25,1.473740493697365,-0.26865294580439897
296,1561352400,44,63,19,107,25,-0.28822231057549935,-0.30829459809819487
296,1561366800,493,114,0,607,25,-0.5981972483642439,-0.17615575711887524
296,1561381200,353,121,0,474,25,-0.5981972483642439,-0.21130468881937425
296,1561395600,291,241,0,532,25,-0.5981972483642439,-0.1959765832657732
296,1561410000,157,351,194,508,25,2.566810011162938,-0.20231924763278053
296,1561424400,60,184,124,244,26,1.2197729726358542,-0.8756330019889689
296,1561438800,51,61,10,112,26,-0.6104598675335189,-1.6901479957854189
296,1561453200,514,120,0,634,26,-0.7710066078992533,1.530888570591452
296,1561467600,336,112,0,448,26,-0.7710066078992533,0.38316289751463584
296,1561482000,314,266,0,580,26,-0.7710066078992533,1.197677891311086
296,1561496400,188,334,146,522,26,1.57297580144047,0.8397849394914336
296,1561510800,71,253,182,324,26,2.150944066757114,-0.3819875512032415
296,1561525200,45,67,22,112,26,-0.41780377909463756,-1.6901479957854189
296,1561539600,547,121,0,668,26,-0.7710066078992533,1.740687887175386
296,1561554000,354,130,0,484,26,-0.7710066078992533,0.6053033503682131
296,1561568400,304,246,0,550,26,-0.7710066078992533,1.0125608472664382
296,1561582800,195,322,127,517,26,1.2679369947455745,0.8089320988173256
296,1561597200,81,233,152,314,26,1.6693038456599105,-0.44369323255145743
296,1561611600,44,82,38,126,26,-0.16092899450946244,-1.6037600418979165
296,1561626000,503,102,0,605,26,-0.7710066078992533,1.3519420946816256
296,1561640400,381,122,0,503,26,-0.7710066078992533,0.7225441449298233
296,1561654800,290,235,0,525,26,-0.7710066078992533,0.8582966438958984
296,1561669200,210,334,124,544,26,1.2197729726358542,0.9755374384575086
296,1561683600,73,233,160,306,26,1.7977412379524982,-0.49305777763003017
296,1561698000,39,87,48,126,26,-0.0003822541437279664,-1.6037600418979165
296,1561712400,491,92,0,583,26,-0.7710066078992533,1.2161895957155506
296,1561726800,359,122,0,481,26,-0.7710066078992533,0.5867916459637483
296,1561741200,313,218,0,531,26,-0.7710066078992533,0.895320052704828
296,1561755600,218,261,43,479,26,-0.0806556243265952,0.5744505096941052
296,1561770000,76,255,179,331,26,2.1027800446473934,-0.33879357425949036
296,1561784400,35,101,66,136,26,0.28860187851459407,-1.5420543605497008
296,1561798800,191,55,0,246,26,-0.7710066078992533,-0.8632918657193257
296,1561813200,295,110,0,405,26,-0.7710066078992533,0.1178284677173074
296,1561827600,243,159,0,402,26,-0.7710066078992533,0.09931676331284263
296,1561842000,174,181,7,355,26,-0.6586238896432393,-0.19069993902377216
296,1561856400,97,210,113,307,26,1.0431715582335461,-0.4868872094952086
296,1561870800,21,93,72,114,26,0.38492992273403476,-1.6778068595157758
296,1561885200,133,55,0,188,26,-0.7710066078992533,-1.221184817538978
296,1561899600,273,72,0,345,26,-0.7710066078992533,-0.2524056203719881
296,1561914000,238,188,0,426,26,-0.7710066078992533,0.2474103985485608
296,1561928400,142,247,105,389,26,0.9147341659409585,0.019099377560161935
296,1561942800,53,187,134,240,26,1.3803197130015885,-0.9003152745282552
296,1561957200,45,70,25,115,26,-0.36963975698491724,-1.6716362913809542
296,1561971600,421,118,0,539,26,-0.7710066078992533,0.9446845977834006
296,1561986000,297,109,0,406,26,-0.7710066078992533,0.12399903585212899
296,1562000400,256,238,0,494,26,-0.7710066078992533,0.667009031716429
296,1562014800,156,296,140,452,26,1.4766477572210293,0.4078451700539222
296,1562029200,51,207,156,258,27,2.0475202093544023,-0.5204347493382813
296,1562043600,39,43,4,82,27,-0.6643820762303496,-1.6592901866113938
296,1562058000,490,108,0,598,27,-0.735747925851001,1.6796268908484135
296,1562072400,354,127,0,481,27,-0.735747925851001,0.9225468558429921
296,1562086800,296,248,0,544,27,-0.735747925851001,1.3302053362305268
296,1562101200,173,333,160,506,27,2.1188860589750536,1.0843160940920138
296,1562115600,56,201,145,257,27,1.851264122897611,-0.5269055188682421
296,1562130000,37,75,38,112,27,-0.05777235445481306,-1.465167100712568
296,1562144400,475,108,0,583,27,-0.735747925851001,1.5825653478990005
296,1562158800,344,135,0,479,27,-0.735747925851001,0.9096053167830703
296,1562173200,309,298,0,607,27,-0.735747925851001,1.7378638166180613
296,1562187600,211,262,51,473,27,0.17416665681230387,0.8707806996033052
296,1562202000,84,210,126,294,27,1.512276337199517,-0.28748704625969007
296,1562216400,16,59,43,75,27,0.03143495757100115,-1.70458557332112
296,1562230800,156,59,0,215,27,-0.735747925851001,-0.7986778391265985
296,1562245200,192,82,0,274,27,-0.735747925851001,-0.4169024368589074
296,1562259600,261,161,0,422,27,-0.735747925851001,0.540771453575301
296,1562274000,133,147,14,280,27,-0.4859674521787212,-0.3780778196791422
296,1562288400,65,170,105,235,27,1.1376056266910972,-0.6692624485273813
296,1562302800,28,49,21,77,27,-0.36107721534258136,-1.6916440342611982
296,1562317200,320,88,0,408,27,-0.735747925851001,0.4501806801558488
296,1562331600,277,110,0,387,27,-0.735747925851001,0.3142945200266706
296,1562346000,274,236,0,510,27,-0.735747925851001,1.1101991722118572
296,1562360400,191,219,28,410,27,-0.23618697850644146,0.4631222192157705
296,1562374800,77,222,145,299,27,1.851264122897611,-0.2551331986098857
296,1562389200,23,99,76,122,27,0.6202032169413749,-1.400459405412959
296,1562403600,168,46,0,214,27,-0.735747925851001,-0.8051486086565595
296,1562418000,238,80,0,318,27,-0.735747925851001,-0.13218857754062924
296,1562432400,254,193,0,447,27,-0.735747925851001,0.7025406918243227
296,1562446800,143,205,62,348,27,0.37042274326909513,0.06193450835819676
296,1562461200,75,191,116,266,27,1.3338617131478885,-0.4686685930985943
296,1562475600,20,94,74,114,27,0.5845202921310492,-1.452225561652646
296,1562490000,137,59,0,196,27,-0.735747925851001,-0.921622460195855
296,1562504400,246,71,0,317,27,-0.735747925851001,-0.1386593470705901
296,1562518800,225,127,0,352,27,-0.735747925851001,0.08781758647804024
296,1562533200,120,186,66,306,27,0.4417885928897465,-0.20983781190015965
296,1562547600,58,214,156,272,27,2.0475202093544023,-0.4298439759188291
296,1562562000,44,49,5,93,27,-0.6465406138251868,-1.5881117217818244
296,1562576400,448,108,0,556,27,-0.735747925851001,1.4078545705900571
296,1562590800,323,141,0,464,27,-0.735747925851001,0.8125437738336574
296,1562605200,270,230,0,500,27,-0.735747925851001,1.0454914769122485
296,1562619600,161,302,141,463,27,1.7798982732769595,0.8060730043036964
296,1562634000,47,182,135,229,28,1.5765342687107229,-0.7729742708606513
296,1562648400,35,58,23,93,28,-0.33579610777593005,-1.559862354117832
296,1562662800,505,119,0,624,28,-0.7285068100901534,1.512472735658366
296,1562677200,315,161,0,476,28,-0.7285068100901534,0.6561533509373165
296,1562691600,267,234,0,501,28,-0.7285068100901534,0.8008018956537101
296,1562706000,204,336,132,540,28,1.525311133626259,1.026453625411284
296,1562720400,62,187,125,249,28,1.4057904850958431,-0.6572554350875365
296,1562734800,40,61,21,101,28,-0.369944864498906,-1.513574819808586
296,1562749200,469,103,0,572,28,-0.7285068100901534,1.2116037626482676
296,1562763600,307,131,0,438,28,-0.7285068100901534,0.43628756296839843
296,1562778000,291,235,0,526,28,-0.7285068100901534,0.9454504403701036
296,1562792400,186,300,114,486,28,1.2179723231194755,0.714012768823874
296,1562806800,60,202,142,262,28,1.6960549172411388,-0.5820381918350118
296,1562821200,37,69,32,106,28,-0.18212670252253832,-1.4846451108653074
296,1562835600,402,95,0,497,28,-0.7285068100901534,0.7776581284990871
296,1562850000,294,93,0,387,28,-0.7285068100901534,0.14120453174695569
296,1562864400,295,299,4,594,28,-0.6602092966442016,1.3388944819986939
296,1562878800,167,362,195,529,28,2.600996970400001,0.9628082657360708
296,1562893200,62,201,139,263,28,1.644831782156675,-0.576252250046356
296,1562907600,39,72,33,111,28,-0.16505232416105037,-1.4557154019220286
296,1562922000,444,85,0,529,28,-0.7285068100901534,0.9628082657360708
296,1562936400,320,129,0,449,28,-0.7285068100901534,0.4999329226436116
296,1562950800,314,249,0,563,28,-0.7285068100901534,1.159530286550366
296,1562965200,218,306,88,524,28,0.7740384857207881,0.9338785567927921
296,1562979600,86,208,122,294,28,1.3545673500113793,-0.3968880545980282
296,1562994000,24,98,74,122,28,0.5349971886599565,-1.3920700422468155
296,1563008400,180,59,0,239,28,-0.7285068100901534,-0.7151148529740938
296,1563022800,338,122,0,460,28,-0.7285068100901534,0.5635782823188248
296,1563037200,339,161,0,500,28,-0.7285068100901534,0.7950159538650543
296,1563051600,148,113,0,261,28,-0.7285068100901534,-0.5878241336236676
296,1563066000,5,24,19,29,28,-0.40409362122188197,-1.9301626285917994
296,1563080400,19,66,47,85,28,0.07398897289978125,-1.606149888427078
296,1563094800,136,51,0,187,28,-0.7285068100901534,-1.0159838259841925
296,1563109200,285,63,0,348,28,-0.7285068100901534,-0.08444719801061817
296,1563123600,253,125,0,378,28,-0.7285068100901534,0.08913105564905403
296,1563138000,144,213,69,357,28,0.4496252968525166,-0.032373721912716515
296,1563152400,76,187,111,263,28,1.1667491880350116,-0.576252250046356
296,1563166800,49,22,0,71,28,-0.7285068100901534,-1.6871530734682583
296,1563181200,462,99,0,561,28,-0.7285068100901534,1.1479584029730545
296,1563195600,331,125,0,456,28,-0.7285068100901534,0.5404345151642018
296,1563210000,264,218,0,482,28,-0.7285068100901534,0.690869001669251
296,1563224400,160,327,167,487,28,2.122914376278338,0.7197987106125298
296,1563238800,45,199,154,244,29,1.9489644581625662,-0.7073027511930724
296,1563253200,44,71,27,115,29,-0.267769389224452,-1.5308207851975602
296,1563267600,503,102,0,605,29,-0.7390435142594873,1.5972709718737501
296,1563274360,190,54,0,244,29,-0.7390435142594873,-0.7073027511930724
296,1563282000,133,105,0,238,29,-0.7390435142594873,-0.7456059155653741
296,1563296400,292,250,0,542,29,-0.7390435142594873,1.1950877459645817
296,1563310800,196,284,88,480,29,0.7969610414102576,0.7992883807841302
296,1563325200,62,213,151,275,29,1.8966006664920068,-0.5094030686028466
296,1563339600,33,64,31,97,29,-0.19795100033037266,-1.6457302783144654
296,1563350793,326,53,0,379,29,-0.7390435142594873,0.15451844718371724
296,1563354000,181,44,0,225,29,-0.7390435142594873,-0.8285961050386946
296,1563368400,355,140,0,495,29,-0.7390435142594873,0.8950462917148846
296,1563382800,307,223,0,530,29,-0.7390435142594873,1.1184814172199782
296,1563397200,179,301,122,480,29,1.3904173470099317,0.7992883807841302
296,1563411600,50,214,164,264,29,2.1235104303977645,-0.5796255366187332
296,1563426000,43,61,18,104,29,-0.4248607642361304,-1.6010432532134469
296,1563440400,492,100,0,592,29,-0.7390435142594873,1.5142807824004296
296,1563454800,337,140,0,477,29,-0.7390435142594873,0.7801367985979794
296,1563469200,299,238,0,537,29,-0.7390435142594873,1.163168442320997
296,1563483600,210,309,99,519,29,0.9889616108689757,1.0482589492040917
296,1563498000,68,226,158,294,29,2.0187828470566456,-0.3881097147572244
296,1563512400,43,44,1,87,29,-0.7215889170359675,-1.7095688856016351
296,1563526800,480,89,0,569,29,-0.7390435142594873,1.3674519856399396
296,1563541200,316,117,0,433,29,-0.7390435142594873,0.4992469265344331
296,1563555600,315,246,0,561,29,-0.7390435142594873,1.316381099810204
296,1563570000,226,265,39,491,29,-0.058314222542214016,0.8695108488000167
296,1563584400,66,183,117,249,29,1.3031443608923325,-0.6753834475494875
296,1563598800,27,119,92,146,29,0.8667794303043369,-1.3329211026073344
296,1563613200,197,53,0,250,29,-0.7390435142594873,-0.6689995868207707
296,1563627600,252,92,0,344,29,-0.7390435142594873,-0.06891667832137637
296,1563642000,282,161,0,443,29,-0.7390435142594873,0.5630855338216026
296,1563656400,164,196,32,360,29,-0.18049640310685283,0.03322509333809499
296,1563670800,89,177,88,266,29,0.7969610414102576,-0.5668578151612993
296,1563685200,23,120,97,143,29,0.9540524164219361,-1.3520726847934854
296,1563699600,146,49,0,195,29,-0.7390435142594873,-1.0201119269002035
296,1563714000,234,65,0,299,29,-0.7390435142594873,-0.3561904111136396
296,1563728400,248,141,0,389,29,-0.7390435142594873,0.21835705447088682
296,1563742800,132,237,105,369,29,1.0936891942100946,0.09067983989654763
296,1563757200,59,192,133,251,29,1.5824179164686498,-0.6626157260920537
296,1563771600,35,41,6,76,29,-0.6343159309183684,-1.7797913536175216
296,1563786000,469,91,0,560,29,-0.7390435142594873,1.309997239081487
296,1563800400,326,132,0,458,29,-0.7390435142594873,0.658843444752357
296,1563814800,260,205,0,465,29,-0.7390435142594873,0.7035304698533758
296,1563829200,165,306,141,471,29,1.7220546942568085,0.7418336342256775
296,1563843600,31,201,170,232,30,1.4899566184033464,-0.615447507953249
296,1563858000,28,41,13,69,30,-0.7138957687100825,-1.5453423743068004
296,1563872400,460,82,0,542,30,-0.8963803612736149,1.1530642010627077
296,1563886800,305,137,0,442,30,-0.8963803612736149,0.5825765529930442
296,1563901200,311,256,0,567,30,-0.8963803612736149,1.2956861130801236
296,1563915600,159,319,160,478,30,1.3495838548929369,0.7879521062981231
296,1563930000,26,200,174,226,30,1.5461057238075102,-0.6496767668374288
296,1563944400,19,67,48,86,30,-0.2225910964236493,-1.4483594741349577
296,1563958800,487,104,0,591,30,-0.8963803612736149,1.432603148616843
296,1563973200,339,136,0,475,30,-0.8963803612736149,0.7708374768560332
296,1563987600,307,246,0,553,30,-0.8963803612736149,1.2158178423503707
296,1564002000,182,298,116,480,30,0.7319436954471352,0.7993618592595164
296,1564016400,39,226,187,265,30,1.7285903163710425,-0.42718658409026006
296,1564030800,12,63,51,75,30,-0.18047926737052644,-1.5111131154226207
296,1564045200,502,91,0,593,30,-0.8963803612736149,1.4440129015782361
296,1564059600,337,130,0,467,30,-0.8963803612736149,0.7251984650104601
296,1564074000,314,218,0,532,30,-0.8963803612736149,1.0960154362557415
296,1564088400,178,295,117,473,30,0.7459809717981762,0.75942772389464
296,1564102800,27,233,206,260,30,1.9952985670408205,-0.4557109664937432
296,1564117200,15,63,48,78,30,-0.2225910964236493,-1.4939984859805306
296,1564131600,451,94,0,545,30,-0.8963803612736149,1.1701788305047975
296,1564146000,322,133,0,455,30,-0.8963803612736149,0.6567399472421005
296,1564160400,292,238,0,530,30,-0.8963803612736149,1.084605683294348
296,1564174800,237,317,80,554,30,0.22660174680966108,1.2215227188310673
296,1564189200,56,191,135,247,30,0.9986519461169132,-0.5298743607427995
296,1564203600,18,124,106,142,30,0.5915709319367257,-1.1288863912159461
296,1564218000,102,67,0,169,30,-0.8963803612736149,-0.974854726237137
296,1564232400,133,111,0,244,30,-0.8963803612736149,-0.5469889901848893
296,1564246800,130,180,50,310,30,-0.1945165437215674,-0.1704671424589115
296,1564261200,62,184,122,246,30,0.816167353553381,-0.5355792372234961
296,1564275600,30,230,200,260,30,1.9110749089345749,-0.4557109664937432
296,1564290000,9,94,85,103,30,0.2967881285648658,-1.351376573963115
296,1564304400,44,49,5,93,30,-0.8261939795184101,-1.4084253387700811
296,1564318800,99,93,0,192,30,-0.8963803612736149,-0.8436425671811144
296,1564333200,82,167,85,249,30,0.2967881285648658,-0.5184646077814062
296,1564347600,40,202,162,242,30,1.377658407595019,-0.5583987431462827
296,1564362000,19,196,177,215,30,1.588217552860633,-0.7124304081250918
296,1564376400,11,52,41,63,30,-0.32085203088093595,-1.5795716331909802
296,1564390800,419,108,0,527,30,-0.8963803612736149,1.0674910538522582
296,1564405200,327,124,0,451,30,-0.8963803612736149,0.633920441319314
296,1564419600,270,224,0,494,30,-0.8963803612736149,0.8792301299892693
296,1564434000,158,302,144,460,30,1.1249874332762817,0.6852643296455837
296,1564448400,41,52,11,93,31,-0.2510912877651462,-1.261396032923181
296,1564462800,24,8,0,32,31,-0.48783450194371264,-1.5498952974442772
296,1564477200,465,98,0,563,31,-0.48783450194371264,0.9614671527311671
296,1564491600,320,116,0,436,31,-0.48783450194371264,0.36082114299052415
296,1564506000,239,275,36,514,31,0.28696147173159564,0.7297218418863521
296,1564520400,162,336,174,498,31,3.257012704153611,0.6540499036513104
296,1564534800,54,56,2,110,31,-0.4447902811839733,-1.1809945985484491
296,1564549200,26,11,0,37,31,-0.48783450194371264,-1.5262478167458267
296,1564563600,481,86,0,567,31,-0.48783450194371264,0.9803851372899276
296,1564578000,339,114,0,453,31,-0.48783450194371264,0.4412225773652559
296,1564592400,244,234,0,478,31,-0.48783450194371264,0.5594599808575085
296,1564606800,184,310,126,494,31,2.223951405919866,0.6351319190925501
296,1564621200,40,49,9,89,31,-0.29413550852488557,-1.2803140174819414
296,1564635600,24,6,0,30,31,-0.48783450194371264,-1.5593542897236574
296,1564650000,499,95,0,594,31,-0.48783450194371264,1.1080815330615603
296,1564664400,317,140,0,457,31,-0.48783450194371264,0.4601405619240163
296,1564678800,279,222,0,501,31,-0.48783450194371264,0.6682383920703808
296,1564693200,221,325,104,546,31,1.7504649775627334,0.8810657183564354
296,1564707600,52,59,7,111,31,-0.3371797292846249,-1.1762651024087591
296,1564722000,23,10,0,33,31,-0.48783450194371264,-1.545165801304587
296,1564736400,452,81,0,533,31,-0.48783450194371264,0.8195822685404641
296,1564750800,329,119,0,448,31,-0.48783450194371264,0.41757509666680537
296,1564765200,284,261,0,545,31,-0.48783450194371264,0.8763362222167453
296,1564779600,198,273,75,471,31,1.1263237765465128,0.5263535078796777
296,1565398800,7991,4834,0,12825,32,-0.7520782488910429,4.119615003893986
296,1565413200,20,82,62,102,32,0.5006371626946345,-0.30827024744021075
296,1565427600,157,54,0,211,32,-0.7520782488910429,-0.270335837914515
296,1565442000,247,77,0,324,32,-0.7520782488910429,-0.2310093399658579
296,1565456400,240,166,0,406,32,-0.7520782488910429,-0.202471527295151
296,1565470800,136,194,58,330,32,0.4198168135600747,-0.22892120733141594
296,1565485200,67,180,113,247,32,1.5310966141602724,-0.2578070421078632
296,1565499600,20,97,77,117,32,0.8037134719492339,-0.30304991585410584
296,1565514000,131,47,0,178,32,-0.7520782488910429,-0.28182056740394584
296,1565528400,210,75,0,285,32,-0.7520782488910429,-0.2445822020897307
296,1565542800,210,170,0,380,32,-0.7520782488910429,-0.21152010204439953
296,1565557200,105,200,95,305,32,1.1674050430547533,-0.23762175997492413
296,1565571600,49,202,153,251,32,2.339300105505871,-0.25641495368490186
296,1565586000,33,42,9,75,32,-0.5702324633382833,-0.31766684429519965
296,1565600400,400,93,0,493,32,-0.7520782488910429,-0.17219360409574244
296,1565614800,289,102,0,391,32,-0.7520782488910429,-0.2076918588812559
296,1565629200,237,230,0,467,32,-0.7520782488910429,-0.18124217884499097
296,1565643600,145,248,103,393,32,1.3290457413238728,-0.20699581466977526
296,1565658000,44,172,128,216,33,1.7082058554757573,-0.8723338178737043
296,1565672400,37,47,10,84,33,-0.5853735334324175,-1.7516388703068682
296,1565683340,282,54,0,336,33,-0.7797446680856527,-0.07296558838900996
296,1565686800,182,31,0,213,33,-0.7797446680856527,-0.8923180236108217
296,1565701200,322,110,0,432,33,-0.7797446680856527,0.5665289951987456
296,1565715600,257,251,0,508,33,-0.7797446680856527,1.072795540539052
296,1565730000,181,266,85,447,33,0.8724099764668461,0.6664500238843323
296,1565744400,53,168,115,221,33,1.4555233804265515,-0.8390268083118421
296,1565758800,36,48,12,84,33,-0.5464993065017705,-1.7516388703068682
296,1565773200,476,109,0,585,33,-0.7797446680856527,1.5857234877917308
296,1565787600,313,128,0,441,33,-0.7797446680856527,0.6264816124100976
296,1565802000,255,281,26,536,33,-0.2743797179872413,1.2593147940854805
296,1565816400,187,306,119,493,33,1.5332718342878455,0.9728745118534652
296,1565830800,39,166,127,205,33,1.6887687420104338,-0.9456092389098013
296,1565845200,36,56,20,92,33,-0.39100239877918236,-1.6983476550078884
296,1565859600,469,97,0,566,33,-0.7797446680856527,1.4591568514566542
296,1565874000,340,104,0,444,33,-0.7797446680856527,0.6464658181472149
296,1565888400,307,236,0,543,33,-0.7797446680856527,1.3059446074720877
296,1565902800,179,276,97,455,33,1.1056553380507284,0.7197412391833119
296,1565917200,56,189,133,245,33,1.8053914228023749,-0.6791531624149032
296,1565931600,37,66,29,103,33,-0.21606837759127073,-1.6250722339717916
296,1565946000,439,102,0,541,33,-0.7797446680856527,1.292621803647343
296,1565960400,283,109,0,392,33,-0.7797446680856527,0.3000729187038474
296,1565974800,254,243,0,497,33,-0.7797446680856527,0.9995201195029549
296,1565989200,180,253,73,433,33,0.6391646148829639,0.573190397111118
296,1566003600,74,179,105,253,33,1.2611522457733164,-0.6258619471159236
296,1566018000,25,99,74,124,33,0.6586017283482875,-1.48518279381197
296,1566032400,205,60,0,265,33,-0.7797446680856527,-0.5459251241674541
296,1566046800,272,112,0,384,33,-0.7797446680856527,0.24678170340486777
296,1566061200,293,190,0,483,33,-0.7797446680856527,0.9062604927297406
296,1566075600,192,201,9,393,33,-0.604810646897741,0.30673432061621986
296,1566090000,106,220,114,326,33,1.436086266961228,-0.1395796075127345
296,1566104400,29,106,77,135,33,0.716913068744258,-1.411907372775873
296,1566118800,153,70,0,223,33,-0.7797446680856527,-0.8257040044870971
296,1566133200,247,68,0,315,33,-0.7797446680856527,-0.21285502854883148
296,1566147600,228,173,0,401,33,-0.7797446680856527,0.3600255359151995
296,1566162000,122,206,84,328,33,0.8529728630015225,-0.12625680368798958
296,1566176400,73,191,118,264,33,1.513834720822522,-0.5525865260798266
296,1566190800,35,48,13,83,33,-0.527062193036447,-1.7583002722192405
296,1566205200,413,92,0,505,33,-0.7797446680856527,1.0528113348019346
296,1566219600,296,120,0,416,33,-0.7797446680856527,0.45994656460078626
296,1566234000,252,206,0,458,33,-0.7797446680856527,0.7397254449204292
296,1566248400,147,304,157,451,33,2.2718821459701393,0.6930956315338221
296,1566262800,65,183,118,248,34,1.3020826894438686,-0.7180879801317183
296,1566277200,29,44,15,73,34,-0.5411142066733354,-1.8996296532833035
296,1566291600,445,117,0,562,34,-0.8095409391175885,1.4019353648374115
296,1566306000,306,111,0,417,34,-0.8095409391175885,0.42294369279752675
296,1566320400,275,192,0,467,34,-0.8095409391175885,0.7605270279836939
296,1566334800,165,270,105,435,34,1.0694461879921826,0.5444736934645469
296,1566349200,64,203,139,267,34,1.6778801148658227,-0.5898063127609747
296,1566363600,29,43,14,72,34,-0.559009322169619,-1.9063813199870268
296,1566378000,502,82,0,584,34,-0.8095409391175885,1.550472032319325
296,1566392400,303,84,0,387,34,-0.8095409391175885,0.22039369168582645
296,1566406800,298,224,0,522,34,-0.8095409391175885,1.131868696688478
296,1566421200,146,268,122,414,34,1.3736631514290027,0.4026886926863567
296,1566435600,37,174,137,211,34,1.6420898838732556,-0.967899648169482
296,1566450000,24,58,34,82,34,-0.20110701224394834,-1.8388646529497934
296,1566464400,468,93,0,561,34,-0.8095409391175885,1.3951836981336883
296,1566478800,290,103,0,393,34,-0.8095409391175885,0.2609036919081665
296,1566493200,274,190,0,464,34,-0.8095409391175885,0.7402720278725239
296,1566507600,151,260,109,411,34,1.1410266499773167,0.38243369257518667
296,1566522000,44,184,140,228,34,1.6957752303621063,-0.8531213142061852
296,1566536400,29,65,36,94,34,-0.16531678125138127,-1.7578446525051132
296,1566550800,445,90,0,535,34,-0.8095409391175885,1.2196403638368813
296,1566565200,287,119,0,406,34,-0.8095409391175885,0.34867535905657
296,1566579600,219,241,22,460,34,-0.41584839819935077,0.7132653610576305
296,1566594000,181,263,82,444,34,0.6578585315776613,0.6052386937980571
296,1566608400,70,224,154,294,34,1.9463068473100757,-0.4075113117604445
296,1566622800,35,109,74,144,34,0.514697607607393,-1.420261317318946
296,1566637200,223,63,0,286,34,-0.8095409391175885,-0.46152464539023125
296,1566651600,325,90,0,415,34,-0.8095409391175885,0.40944035939008006
296,1566666000,278,237,0,515,34,-0.8095409391175885,1.0846070297624144
296,1566680400,201,216,15,417,34,-0.5411142066733354,0.42294369279752675
296,1566694800,85,222,137,307,34,1.6420898838732556,-0.319739644612041
296,1566709200,30,99,69,129,34,0.42522203012597537,-1.5215363178747963
296,1566723600,171,54,0,225,34,-0.8095409391175885,-0.8733763143173552
296,1566738000,260,94,0,354,34,-0.8095409391175885,-0.0024113095370438867
296,1566752400,298,226,0,524,34,-0.8095409391175885,1.1453720300959245
296,1566766800,145,222,77,367,34,0.5683829540962436,0.08536035761135957
296,1566781200,79,213,134,292,34,1.5884045373844051,-0.42101464516789117
296,1566795600,31,56,25,87,34,-0.3621630517105001,-1.8051063194311765
296,1566810000,370,79,0,449,34,-0.8095409391175885,0.6389970273166737
296,1566824400,277,115,0,392,34,-0.8095409391175885,0.2541520252044432
296,1566838800,261,222,0,483,34,-0.8095409391175885,0.8685536952432674
296,1566853200,162,304,142,466,34,1.7315654613546734,0.7537753612799706
296,1566867600,62,210,148,272,35,1.4259827848284758,-0.5620555707479568
296,1566882000,44,65,21,109,35,-0.4952579765443684,-1.620315316991222
296,1566896400,468,84,0,552,35,-0.8129434567713741,1.2558139320012107
296,1566910800,320,121,0,441,35,-0.8129434567713741,0.5351585219827907
296,1566925200,270,277,7,547,35,-0.7070482966957056,1.2233519765949756
296,1566939600,189,295,106,484,35,0.7906118243744643,0.8143313384764128
296,1566954000,61,177,116,238,35,0.9418906244825623,-0.7827968675103557
296,1566968400,38,47,9,85,35,-0.676792536674086,-1.7761327029411507
296,1566982800,481,77,0,558,35,-0.8129434567713741,1.294768278488693
296,1566997200,283,122,0,405,35,-0.8129434567713741,0.3014324430578978
296,1567011600,280,194,0,474,35,-0.8129434567713741,0.7494074276639426
296,1567026000,174,322,148,496,35,1.4259827848284758,0.8922400314513772
296,1567040400,66,252,186,318,35,2.000842225239248,-0.2634055810105935
296,1567054800,27,79,52,106,35,-0.026293696209264687,-1.6397924902349632
296,1567069200,417,96,0,513,35,-0.8129434567713741,1.0026106798325767
296,1567083600,359,122,0,481,35,-0.8129434567713741,0.7948541652326718
296,1567098000,306,246,0,552,35,-0.8129434567713741,1.2558139320012107
296,1567112400,177,324,147,501,35,1.410854904817666,0.9247019868576123
296,1567126800,78,266,188,344,35,2.0310979852608675,-0.09460341289817085
296,1567141200,45,80,35,125,35,-0.28346765639303123,-1.5164370596912697
296,1567155600,460,96,0,556,35,-0.8129434567713741,1.2817834963261987
296,1567170000,328,108,0,436,35,-0.8129434567713741,0.5026965665765556
296,1567184400,287,255,0,542,35,-0.8129434567713741,1.1908900211887403
296,1567198800,210,276,66,486,35,0.18549662394207247,0.8273161206389069
296,1567213200,64,297,233,361,35,2.7118525857473084,0.015767235483028597
296,1567227600,30,83,53,113,35,-0.011165816198454892,-1.594345752666234
296,1567242000,188,64,0,252,35,-0.8129434567713741,-0.6919033923728973
296,1567256400,265,131,0,396,35,-0.8129434567713741,0.24300092332667453
296,1567270800,248,277,29,525,35,-0.37423493645789,1.0805193728075408
296,1567285200,148,300,152,448,35,1.486494304871715,0.5806052595515199
296,1567299600,95,197,102,292,35,0.7301003043312252,-0.43220774912301624
296,1567314000,18,88,70,106,35,0.24600814398531165,-1.6397924902349632
296,1567328400,127,60,0,187,35,-0.8129434567713741,-1.113908812653954
296,1567342800,212,112,0,324,35,-0.8129434567713741,-0.2244512345231114
296,1567357200,248,226,0,474,35,-0.8129434567713741,0.7494074276639426
296,1567371600,141,256,115,397,35,0.9267627444717526,0.24949331440792155
296,1567386000,73,205,132,278,35,1.1839367046555191,-0.5231012242604746
296,1567400400,18,52,34,70,35,-0.298595536403841,-1.8735185691598562
296,1567414800,141,51,0,192,35,-0.8129434567713741,-1.081446857247719
296,1567429200,170,78,0,248,35,-0.8129434567713741,-0.7178729566978854
296,1567443600,199,222,23,421,35,-0.4650022165227488,0.4053107003578502
296,1567458000,135,220,85,355,35,0.4729263441474586,-0.023187111004453562
296,1567472400,43,187,144,230,36,1.9047376933529856,-0.4901852572693823
296,1567486800,28,45,17,73,36,-0.28441784561379424,-1.285725888929315
296,1567501200,454,96,0,550,36,-0.5774544138219458,1.131298832738124
296,1567515600,269,140,0,409,36,-0.5774544138219458,0.4168324055785665
296,1567530000,273,231,0,504,36,-0.5774544138219458,0.8982104947995448
296,1567544400,174,324,150,498,36,2.0081623644852744,0.8678076681119041
296,1567558800,52,170,118,222,36,1.4565641184464007,-0.5307223595195699
296,1567573200,42,59,17,101,36,-0.28441784561379424,-1.1438460310536582
296,1567587600,496,95,0,591,36,-0.5774544138219458,1.3390514817703356
296,1567602000,320,114,0,434,36,-0.5774544138219458,0.5435108501104029
296,1567616400,288,229,0,517,36,-0.5774544138219458,0.9640832859560998
296,1567630800,166,316,150,482,36,2.0081623644852744,0.7867334636115288
296,1567645200,57,192,135,249,36,1.7496006866545524,-0.3939096394251866
296,1567659600,36,56,20,92,36,-0.2327055100476498,-1.1894502710851194
296,1567674000,513,121,0,634,36,-0.5774544138219458,1.5569384063650942
296,1567688400,340,130,0,470,36,-0.5774544138219458,0.7259278102362473
296,1567702800,319,236,0,555,36,-0.5774544138219458,1.156634521644491
296,1567717200,171,320,149,491,36,1.9909249192965595,0.8323377036429899
296,1567731600,60,237,177,297,36,2.473573384580574,-0.15068702592406066
296,1567746000,38,62,24,100,36,-0.1637557292927906,-1.1489131688349317
296,1567760400,555,132,0,687,36,-0.5774544138219458,1.8254967087725875
296,1567774800,324,119,0,443,36,-0.5774544138219458,0.589115090141864
296,1567789200,266,290,24,556,36,-0.1637557292927906,1.1617016594257645
296,1567803600,170,324,154,494,36,2.0771121452401333,0.8475391169868103
296,1567818000,46,66,20,112,36,-0.2327055100476498,-1.0881075154596502
296,1567832400,15,16,1,31,36,-0.560216968633231,-1.4985456757428002
296,1567846800,145,20,0,165,36,-0.5774544138219458,-0.8195492130521569
296,1567861200,239,26,0,265,36,-0.5774544138219458,-0.31283543492481125
296,1567875600,189,49,0,238,36,-0.5774544138219458,-0.4496481550191946
296,1567890000,115,54,0,169,36,-0.5774544138219458,-0.7992806619270632
296,1567904400,66,60,0,126,36,-0.5774544138219458,-1.0171675865218217
296,1567918800,17,9,0,26,36,-0.5774544138219458,-1.5238813646491673
296,1567933200,105,14,0,119,36,-0.5774544138219458,-1.052637550990736
296,1567947600,185,23,0,208,36,-0.5774544138219458,-0.6016622884573983
296,1567962000,206,52,0,258,36,-0.5774544138219458,-0.34830539939372546
296,1567976400,109,58,0,167,36,-0.5774544138219458,-0.80941493748961
296,1567990800,47,50,3,97,36,-0.5257420782558014,-1.164114582178752
296,1568005200,29,12,0,41,36,-0.5774544138219458,-1.4478742979300656
296,1568019600,526,120,0,646,36,-0.5774544138219458,1.6177440597403756
296,1568034000,288,108,0,396,36,-0.5774544138219458,0.35095961442201157
296,1568048400,277,233,0,510,36,-0.5774544138219458,0.9286133214871856
296,1568062800,183,287,104,470,36,1.2152398858043936,0.7259278102362473
296,1568077200,54,179,125,233,37,1.1925556128850685,-0.8992342460524638
296,1568091600,27,70,43,97,37,-0.1146250143511428,-1.6256415453668005
296,1568106000,572,120,0,692,37,-0.800097782292083,1.5523903891334223
296,1568120400,326,117,0,443,37,-0.800097782292083,0.22242408377114417
296,1568134800,306,292,0,598,37,-0.800097782292083,1.0503147557838073
296,1568149200,194,344,150,538,37,1.5910862919204989,0.7298409472627764
296,1568163600,62,198,136,260,37,1.3679091116606579,-0.755021032218
296,1568178000,38,42,4,80,37,-0.7363328736464141,-1.7164424577810926
296,1568192400,564,121,0,685,37,-0.800097782292083,1.515001778139302
296,1568206800,343,120,0,463,37,-0.800097782292083,0.3292486866114878
296,1568221200,308,291,0,599,37,-0.800097782292083,1.0556559859258245
296,1568235600,179,335,156,514,37,1.6867336548890022,0.601651423854364
296,1568250000,50,191,141,241,37,1.447615247467744,-0.8565044049163264
296,1568264400,31,43,12,74,37,-0.6088030563550764,-1.7484898386331957
296,1568278800,559,144,0,703,37,-0.800097782292083,1.6111439206956113
296,1568293200,331,113,0,444,37,-0.800097782292083,0.22776531391316135
296,1568307600,302,290,0,592,37,-0.800097782292083,1.0182673749317042
296,1568322000,200,344,144,544,37,1.4954389289519956,0.7618883281148795
296,1568336400,78,230,152,308,37,1.6229687462433333,-0.49864198540117527
296,1568350800,33,64,31,97,37,-0.30591974028814933,-1.6256415453668005
296,1568365200,559,110,0,669,37,-0.800097782292083,1.429542095867027
296,1568379600,341,101,0,442,37,-0.800097782292083,0.217082853629127
296,1568394000,307,265,0,572,37,-0.800097782292083,0.9114427720913606
296,1568408400,208,298,90,506,37,0.6346126622354662,0.5589215827182266
296,1568422800,87,214,127,301,37,1.224438067207903,-0.5360305963952956
296,1568437200,25,123,98,148,37,0.7621424795268039,-1.3532388081239244
296,1568451600,234,58,0,292,37,-0.800097782292083,-0.5841016676734502
296,1568466000,332,89,0,421,37,-0.800097782292083,0.1049170206467662
296,1568480400,332,211,0,543,37,-0.800097782292083,0.7565470979728623
296,1568494800,178,233,55,411,37,0.07666971158586375,0.05150471922659438
296,1568509200,88,218,130,306,37,1.2722617486921546,-0.5093244456852096
296,1568523600,25,117,92,142,37,0.6664951165583006,-1.3852861889760273
296,1568538000,180,47,0,227,37,-0.800097782292083,-0.931281626904567
296,1568552400,268,85,0,353,37,-0.800097782292083,-0.2582866290104021
296,1568566800,274,175,0,449,37,-0.800097782292083,0.25447146462324727
296,1568581200,146,225,79,371,37,0.45925916345987683,-0.16214448645409288
296,1568595600,53,214,161,267,37,1.7664397906960883,-0.7176324212238797
296,1568610000,31,43,12,74,37,-0.6088030563550764,-1.7484898386331957
296,1568624400,562,108,0,670,37,-0.800097782292083,1.4348833260090443
296,1568638800,305,118,0,423,37,-0.800097782292083,0.11559948093080055
296,1568653200,285,252,0,537,37,-0.800097782292083,0.7244997171207592
296,1568667600,179,349,170,528,37,1.9099108351488432,0.6764286458426045
296,1568682000,51,209,158,260,38,1.8498880538846467,-0.6571788132332684
296,1568696400,29,45,16,74,38,-0.48212047567951155,-1.6817010421253646
296,1568710800,509,125,0,634,38,-0.7448820001374449,1.402882012603527
296,1568725200,295,112,0,407,38,-0.7448820001374449,0.1525242386330656
296,1568739600,295,269,0,564,38,-0.7448820001374449,1.0173091307624156
296,1568754000,212,317,105,529,38,0.9794905041177426,0.8245226898418598
296,1568768400,55,213,158,268,38,1.8498880538846467,-0.6131133410228558
296,1568782800,34,56,22,90,38,-0.38358490400778655,-1.5935700977045393
296,1568797200,561,115,0,676,38,-0.7448820001374449,1.634225741708194
296,1568811600,309,130,0,439,38,-0.7448820001374449,0.3287861274747165
296,1568826000,315,274,0,589,38,-0.7448820001374449,1.1550137314199553
296,1568840400,183,343,160,526,38,1.8827332444418883,0.807998137762955
296,1568854800,74,229,155,303,38,1.8006202680487842,-0.4203269001023
296,1568869200,36,62,26,98,38,-0.3178945228933032,-1.5495046254941265
296,1568883600,585,122,0,707,38,-0.7448820001374449,1.8049794465235434
296,1568898000,318,114,0,432,38,-0.7448820001374449,0.2902288392906054
296,1568912400,279,258,0,537,38,-0.7448820001374449,0.8685881620522726
296,1568926800,203,302,99,505,38,0.8809549324460176,0.6923262732106217
296,1568941200,73,219,146,292,38,1.6528169105411967,-0.48091692439161754
296,1568955600,39,65,26,104,38,-0.3178945228933032,-1.516455521336317
296,1568970000,531,116,0,647,38,-0.7448820001374449,1.4744884049454479
296,1568984400,305,113,0,418,38,-0.7448820001374449,0.2131142629223831
296,1568998800,272,251,0,523,38,-0.7448820001374449,0.7914735856840504
296,1569013200,177,302,125,479,38,1.307942409690159,0.5491134885267802
296,1569027600,90,196,106,286,38,0.9959130993963634,-0.5139660285494271
296,1569042000,25,89,64,114,38,0.30616409769428843,-1.461373681073301
296,1569056400,206,42,0,248,38,-0.7448820001374449,-0.7232770215488876
296,1569070800,280,86,0,366,38,-0.7448820001374449,-0.07331130644529969
296,1569085200,263,184,0,447,38,-0.7448820001374449,0.37285159968512926
296,1569099600,186,178,0,364,38,-0.7448820001374449,-0.08432767449790288
296,1569114000,76,196,120,272,38,1.225829433297055,-0.5910806049176494
296,1569128400,25,72,47,97,38,0.026979977957734276,-1.555012809520428
296,1569142800,159,49,0,208,38,-0.7448820001374449,-0.9436043826009513
296,1569157200,238,72,0,310,38,-0.7448820001374449,-0.38176961191818887
296,1569171600,247,160,0,407,38,-0.7448820001374449,0.1525242386330656
296,1569186000,123,200,77,323,38,0.5196578363163593,-0.3101632195762682
296,1569200400,54,135,81,189,38,0.5853482174308426,-1.0482598791006816
296,1569214800,29,45,16,74,38,-0.48212047567951155,-1.6817010421253646
296,1569229200,542,113,0,655,38,-0.7448820001374449,1.5185538771558604
296,1569243600,290,138,0,428,38,-0.7448820001374449,0.26819610318539905
296,1569258000,258,261,3,519,38,-0.6956142143015824,0.769440849578844
296,1569272400,164,359,195,523,38,2.4575240791936177,0.7914735856840504
296,1569286800,45,189,144,234,39,1.470661184545762,-0.7842295553257246
296,1569301200,34,43,9,77,39,-0.6093210844426318,-1.6403900996664247
296,1569315600,592,117,0,709,39,-0.747986569041858,1.8060650851955018
296,1569330000,308,128,0,436,39,-0.747986569041858,0.3173273233801443
296,1569344400,302,274,0,576,39,-0.747986569041858,1.0807825858495583
296,1569358800,175,354,179,529,39,2.0099158468760865,0.8244797477348266
296,1569373200,68,204,136,272,39,1.3474029760131163,-0.5770059840840265
296,1569387600,38,54,16,92,39,-0.501470151976567,-1.5585913215447018
296,1569402000,575,157,0,732,39,-0.747986569041858,1.931489878315477
296,1569416400,333,116,0,449,39,-0.747986569041858,0.3882195977523042
296,1569430800,281,234,0,515,39,-0.747986569041858,0.7481342214878851
296,1569445200,156,362,206,518,39,2.4259123006737653,0.7644939771122297
296,1569459600,69,173,104,242,39,0.8543701418825341,-0.7406035403274723
296,1569474000,45,48,3,93,39,-0.7017647408421159,-1.5531380696699202
296,1569488400,619,103,0,722,39,-0.747986569041858,1.8769573595676616
296,1569502800,319,115,0,434,39,-0.747986569041858,0.30642081963058126
296,1569517200,312,249,0,561,39,-0.747986569041858,0.9989838077278355
296,1569531600,191,366,175,557,39,1.9482867426097634,0.9771708002287094
296,1569546000,62,218,156,280,39,1.6555484973447303,-0.5333799690857742
296,1569560400,44,58,14,102,39,-0.5322847041097283,-1.5040588027968864
296,1569574800,529,135,0,664,39,-0.747986569041858,1.560668750830333
296,1569589200,349,117,0,466,39,-0.747986569041858,0.4809248796235902
296,1569603600,276,264,0,540,39,-0.747986569041858,0.8844655183574234
296,1569618000,195,275,80,470,39,0.4845955162845975,0.5027378871227163
296,1569632400,83,248,165,331,39,1.7942139819439564,-0.2552641234719163
296,1569646800,25,96,71,121,39,0.34593003168537123,-1.4004470171760375
296,1569661200,190,54,0,244,39,-0.747986569041858,-0.7296970365779093
296,1569675600,305,105,0,410,39,-0.747986569041858,0.17554277463582454
296,1569690000,285,134,0,419,39,-0.747986569041858,0.2246220415088583
296,1569704400,165,228,63,393,39,0.22267182315272568,0.08283749276453854
296,1569718800,79,177,98,256,39,0.76192648548305,-0.664258014080531
296,1569733200,23,96,73,119,39,0.37674458381853265,-1.4113535209256005
296,1569747600,133,44,0,177,39,-0.747986569041858,-1.0950649121882718
296,1569762000,230,70,0,300,39,-0.747986569041858,-0.42431493159014366
296,1569776400,226,143,0,369,39,-0.747986569041858,-0.04804055223021816
296,1569790800,91,190,99,281,39,0.7773337615496307,-0.5279267172109927
296,1569805200,53,179,126,232,39,1.1933302153473093,-0.7951360590752877
296,1569819600,39,49,10,88,39,-0.5939138083760511,-1.5804043290438279
296,1569834000,419,88,0,507,39,-0.747986569041858,0.7045082064896329
296,1569848400,293,124,0,417,39,-0.747986569041858,0.21371553775929525
296,1569862800,278,212,0,490,39,-0.747986569041858,0.6118029246183468
296,1569877200,166,278,112,444,39,0.9776283504151797,0.36095333837839655
296,1569891600,46,176,130,222,40,1.4899433414559318,-0.8472364415629933
296,1569906000,28,33,5,61,40,-0.6173310504200493,-1.702696023144143
296,1569920400,462,98,0,560,40,-0.7016220260950885,0.9486973384024019
296,1569934800,302,131,0,433,40,-0.7016220260950885,0.2738938175278303
296,1569949200,265,233,0,498,40,-0.7016220260950885,0.6192656982904063
296,1569963600,200,340,140,540,40,1.6585252928060101,0.8424290673985323
296,1569978000,71,198,127,269,40,1.439368756050908,-0.5975060047038998
296,1569992400,40,54,14,94,40,-0.46560729420497865,-1.5273533759877582
296,1570006800,590,110,0,700,40,-0.7016220260950885,1.6925752354294885
296,1570021200,341,143,0,484,40,-0.7016220260950885,0.5448779085876977
296,1570035600,289,276,0,565,40,-0.7016220260950885,0.9752644061533693
296,1570050000,181,336,155,517,40,1.911398219831128,0.7202205557440824
296,1570064400,64,192,128,256,40,1.456226951185916,-0.666580380856415
296,1570078800,51,53,2,104,40,-0.6679056358250729,-1.4742192404858234
296,1570093200,546,146,0,692,40,-0.7016220260950885,1.6500679270279408
296,1570107600,323,128,0,451,40,-0.7016220260950885,0.36953526143131293
296,1570122000,359,246,0,605,40,-0.7016220260950885,1.1878009481611083
296,1570136400,181,359,178,540,40,2.2991367079363085,0.8424290673985323
296,1570150800,61,212,151,273,40,1.8439654392910965,-0.576252350503126
296,1570165200,41,68,27,109,40,-0.24645075744987666,-1.4476521727348561
296,1570179600,546,123,0,669,40,-0.7016220260950885,1.5278594153734908
296,1570194000,343,114,0,457,40,-0.7016220260950885,0.40141574273247377
296,1570208400,311,280,0,591,40,-0.7016220260950885,1.1134131584583997
296,1570222800,213,215,2,428,40,-0.6679056358250729,0.24732674977686295
296,1570237200,77,159,82,236,40,0.680749974975555,-0.7728486518602845
296,1570251600,23,90,67,113,40,0.42787704795043724,-1.4263985185340822
296,1570266000,169,44,0,213,40,-0.7016220260950885,-0.8950571635147345
296,1570280400,292,116,0,408,40,-0.7016220260950885,0.14105847877299343
296,1570294800,263,166,0,429,40,-0.7016220260950885,0.2526401633270564
296,1570309200,169,209,40,378,40,-0.027294220694774635,-0.01834392773281087
296,1570323600,87,190,103,277,40,1.0347720728107197,-0.554998696302352
296,1570338000,28,95,67,123,40,0.42787704795043724,-1.3732643830321474
296,1570352400,135,42,0,177,40,-0.7016220260950885,-1.0863400513216996
296,1570366800,261,78,0,339,40,-0.7016220260950885,-0.22556705619035647
296,1570381200,234,149,0,383,40,-0.7016220260950885,0.008223140018156513
296,1570395600,121,162,41,283,40,-0.010436025559766787,-0.5231182150011912
296,1570410000,53,160,107,213,40,1.1022048533507511,-0.8950571635147345
296,1570424400,35,41,6,76,40,-0.6004728552850415,-1.6229948198912407
296,1570438800,549,131,0,680,40,-0.7016220260950885,1.5863069644256191
296,1570453200,339,112,0,451,40,-0.7016220260950885,0.36953526143131293
296,1570467600,331,253,0,584,40,-0.7016220260950885,1.0762192636070453
296,1570482000,182,358,176,540,40,2.2654203176662926,0.8424290673985323
296,1570496400,46,162,116,208,41,1.3560175977504147,-0.9057766667087518
296,1570510800,33,57,24,90,41,-0.3174579684289536,-1.5718047320215967
296,1570525200,539,109,0,648,41,-0.7540168117800932,1.577717814118805
296,1570539600,347,134,0,481,41,-0.7540168117800932,0.6351187725319823
296,1570554000,312,308,0,620,41,-0.7540168117800932,1.4196772562479605
296,1570568400,183,345,162,528,41,2.192755380840099,0.9004011375294714
296,1570582800,52,184,132,236,41,1.6470568266511745,-0.7477361088379073
296,1570597200,30,36,6,66,41,-0.6448771009423082,-1.7072680673394633
296,1570611600,458,91,0,549,41,-0.7540168117800932,1.0189315559326046
296,1570626000,312,148,0,460,41,-0.7540168117800932,0.516588354128849
296,1570640400,271,252,0,523,41,-0.7540168117800932,0.8721796093382491
296,1570654800,190,295,105,485,41,1.1559281278811424,0.6576959950849601
296,1570669200,56,189,133,245,41,1.6652467784574718,-0.6969373580937073
296,1570683600,37,52,15,89,41,-0.48116753468563095,-1.5774490376598411
296,1570698000,595,103,0,698,41,-0.7540168117800932,1.8599330960310274
296,1570712400,312,129,0,441,41,-0.7540168117800932,0.4093465470022044
296,1570726800,345,250,0,595,41,-0.7540168117800932,1.2785696152918493
296,1570741200,202,285,83,487,41,0.7557491881425978,0.668984606361449
296,1570755600,68,239,171,307,41,2.356464947096776,-0.34699040852255153
296,1570770000,46,48,2,94,41,-0.7176369081674981,-1.5492275094686188
296,1570784400,554,121,0,675,41,-0.7540168117800932,1.7301140663514052
296,1570798800,351,140,0,491,41,-0.7540168117800932,0.6915618289144267
296,1570813200,320,257,0,577,41,-0.7540168117800932,1.1769721138034492
296,1570827600,210,313,103,523,41,1.1195482242685475,0.8721796093382491
296,1570842000,84,226,142,310,41,1.8289563447141493,-0.3300574916078182
296,1570856400,34,114,80,148,41,0.7011793327237054,-1.2444350050034187
296,1570870800,176,47,0,223,41,-0.7540168117800932,-0.8211120821350851
296,1570885200,299,85,0,384,41,-0.7540168117800932,0.08762112562227091
296,1570899600,253,171,0,424,41,-0.7540168117800932,0.3133933511520488
296,1570914000,167,208,41,375,41,-0.008228787721896419,0.03682237487807089
296,1570928400,81,199,118,280,41,1.3923975013630097,-0.4993866607551516
296,1570942800,16,104,88,120,41,0.8466989471740852,-1.4024755628742631
296,1570957200,126,42,0,168,41,-0.7540168117800932,-1.1315488922385297
296,1570971600,241,70,0,311,41,-0.7540168117800932,-0.32441318596957375
296,1570986000,235,141,0,376,41,-0.7540168117800932,0.04246668051631534
296,1571000400,130,158,28,288,41,-0.24469816120376367,-0.454232215649196
296,1571014800,57,151,94,208,41,0.9558386580118701,-0.9057766667087518
296,1571029200,36,59,23,95,41,-0.3356479202352511,-1.5435832038303743
296,1571043600,295,85,0,380,41,-0.7540168117800932,0.06504390306929313
296,1571058000,264,96,0,360,41,-0.7540168117800932,-0.04784220969559582
296,1571072400,310,209,0,519,41,-0.7540168117800932,0.8496023867852713
296,1571086800,158,233,75,391,41,0.610229573692218,0.12713126508998204
296,1571101200,61,183,122,244,42,1.1081847118640686,-0.7515057019242098
296,1571115600,38,47,9,85,42,-0.632200676126292,-1.571665054342885
296,1571130000,564,111,0,675,42,-0.7708154415414535,1.4716935489716956
296,1571144400,331,146,0,477,42,-0.7708154415414535,0.45036303463900584
296,1571158800,317,243,0,560,42,-0.7708154415414535,0.878496533071396
296,1571173200,200,316,116,516,42,1.0157748682539611,0.6515341965530205
296,1571187600,59,154,95,213,42,0.6923404156185843,-0.9114109844712471
296,1571202000,34,57,23,91,42,-0.4165777077027076,-1.540715644817652
296,1571216400,528,124,0,652,42,-0.7708154415414535,1.3530541457916356
296,1571230800,313,124,0,437,42,-0.7708154415414535,0.24403363780411905
296,1571245200,251,232,0,483,42,-0.7708154415414535,0.4813124441642389
296,1571259600,127,339,212,466,42,2.4943323660156835,0.39362245050941197
296,1571274000,36,226,190,262,42,2.155496272778622,-0.6586574733485108
296,1571288400,36,52,16,88,42,-0.5243891919144998,-1.5561903495802685
296,1571302800,601,129,0,730,42,-0.7708154415414535,1.755396469619665
296,1571317200,353,120,0,473,42,-0.7708154415414535,0.4297300949555172
296,1571331600,336,293,0,629,42,-0.7708154415414535,1.2344147426115757
296,1571346000,189,328,139,517,42,1.370012602092707,0.6566924314738927
296,1571360400,61,200,139,261,42,1.370012602092707,-0.663815708269383
296,1571374800,31,75,44,106,42,-0.09314325506733079,-1.4633421210045694
296,1571389200,541,143,0,684,42,-0.7708154415414535,1.5181176632595452
296,1571403600,342,117,0,459,42,-0.7708154415414535,0.35751480606330677
296,1571418000,353,264,0,617,42,-0.7708154415414535,1.1725159235611098
296,1571432400,233,396,163,629,42,1.7396519765331377,1.2344147426115757
296,1571446800,66,192,126,258,42,1.1697912742708072,-0.6792904130319994
296,1571461200,27,89,62,116,42,0.1840862757629922,-1.4117597717958477
296,1571475600,186,65,0,251,42,-0.7708154415414535,-0.7153980574781047
296,1571490000,310,97,0,407,42,-0.7708154415414535,0.08928659017795393
296,1571504400,270,250,0,520,42,-0.7708154415414535,0.6721671362365091
296,1571518800,157,223,66,380,42,0.24569283816973062,-0.04998575268559467
296,1571533200,82,189,107,271,42,0.8771601028387995,-0.6122333590606612
296,1571547600,26,80,54,106,42,0.06087315094951531,-1.4633421210045694
296,1571562000,134,45,0,179,42,-0.7708154415414535,-1.086790971780901
296,1571576400,229,106,0,335,42,-0.7708154415414535,-0.2821063241248423
296,1571590800,218,197,0,415,42,-0.7708154415414535,0.1305524695449313
296,1571605200,100,208,108,308,42,0.8925617434404842,-0.42137866698839094
296,1571619600,47,156,109,203,42,0.9079633840421688,-0.9629933336799689
296,1571634000,31,50,19,81,42,-0.47818427010944603,-1.5922979940263737
296,1571648400,510,133,0,643,42,-0.7708154415414535,1.3066300315037862
296,1571662800,337,134,0,471,42,-0.7708154415414535,0.41941362511377284
296,1571677200,310,260,0,570,42,-0.7708154415414535,0.9300788822801177
296,1571691600,158,341,183,499,42,2.04768478856683,0.5638442028981936
296,1571706000,50,181,131,231,43,1.0804849232330564,-0.8206156578536498
296,1571720400,37,59,22,96,43,-0.4308074625173048,-1.5070852329540028
296,1571734800,549,112,0,661,43,-0.7358389532192126,1.3659170628363637
296,1571749200,371,129,0,500,43,-0.7358389532192126,0.5472385325314982
296,1571763600,278,309,31,587,43,-0.3060218526847061,0.9896300364850592
296,1571778000,200,310,110,510,43,0.7893185002903262,0.59808813068708
296,1571792400,53,190,137,243,43,1.1636753297881222,-0.7595961400669516
296,1571806800,31,57,26,88,43,-0.37534719148059426,-1.5477649114784682
296,1571821200,594,117,0,711,43,-0.7358389532192126,1.6201650536142724
296,1571835600,363,138,0,501,43,-0.7358389532192126,0.5523234923470565
296,1571850000,323,269,0,592,43,-0.7358389532192126,1.01505483556285
296,1571864400,171,407,236,578,43,2.536317037946707,0.9438653981450357
296,1571878800,69,299,230,368,43,2.4531266313916413,-0.12397616312218031
296,1571893200,34,30,0,64,43,-0.7358389532192126,-1.6698039470518644
296,1571907600,581,152,0,733,43,-0.7358389532192126,1.7320341695565522
296,1571922000,342,137,0,479,43,-0.7358389532192126,0.4404543764047767
296,1571936400,344,222,0,566,43,-0.7358389532192126,0.8828458803583376
296,1571950800,170,343,173,513,43,1.6628177691185166,0.6133430101337545
296,1571965200,71,233,162,304,43,1.5103020237675628,-0.44941359131790326
296,1571979600,29,51,22,80,43,-0.4308074625173048,-1.5884445900029336
296,1571994000,545,119,0,664,43,-0.7358389532192126,1.3811719422830384
296,1572008400,346,141,0,487,43,-0.7358389532192126,0.48113405492924205
296,1572022800,293,268,0,561,43,-0.7358389532192126,0.8574210812805467
296,1572037200,201,348,147,549,43,1.3023260073798983,0.7964015634938486
296,1572051600,72,216,144,288,43,1.2607308041023655,-0.530772948366834
296,1572066000,29,90,61,119,43,0.10993018009062262,-1.390131157196165
296,1572080400,167,58,0,225,43,-0.7358389532192126,-0.8511254167469988
296,1572094800,293,107,0,400,43,-0.7358389532192126,0.03874255097568117
296,1572109200,305,163,0,468,43,-0.7358389532192126,0.3845198184336368
296,1572123600,166,241,75,407,43,0.3040411287191094,0.07433726968458837
296,1572138000,92,162,70,254,43,0.23471578992322126,-0.7036615820958119
296,1572152400,25,107,82,132,43,0.40109660303335276,-1.3240266795939086
296,1572166800,134,44,0,178,43,-0.7358389532192126,-1.0901185280782328
296,1572181200,229,75,0,304,43,-0.7358389532192126,-0.44941359131790326
296,1572195600,184,131,0,315,43,-0.7358389532192126,-0.3934790333467634
296,1572210000,100,144,44,244,43,-0.12577597181539701,-0.7545111802513935
296,1572224400,57,158,101,215,43,0.6645328904577277,-0.9019750149025805
296,1572238800,31,42,11,73,43,-0.5833232078682586,-1.6240393087118408
296,1572253200,576,129,0,705,43,-0.7358389532192126,1.5896552947209233
296,1572267600,331,120,0,451,43,-0.7358389532192126,0.2980755015691479
296,1572282000,277,233,0,510,43,-0.7358389532192126,0.59808813068708
296,1572296400,156,370,214,526,43,2.2312855472447994,0.6794474877360107
296,1572310800,54,186,132,240,44,1.8167047529770552,-0.5435724620210162
296,1572325200,30,52,22,82,44,-0.18071932097677512,-1.2927203037596378
296,1572339600,580,122,0,702,44,-0.5802041357675412,1.6469737587590039
296,1572354000,371,153,0,524,44,-0.5802041357675412,0.8029970762939744
296,1572368400,333,277,0,610,44,-0.5802041357675412,1.210761091417528
296,1572382800,200,362,162,562,44,2.361456773146281,0.9831718736741493
296,1572397200,57,180,123,237,44,1.6532791469262873,-0.5577967881299774
296,1572411600,31,69,38,100,44,0.10981508978014565,-1.2073743471058707
296,1572426000,576,117,0,693,44,-0.5802041357675412,1.6043007804321203
296,1572440400,325,129,0,454,44,-0.5802041357675412,0.4710961337515472
296,1572454800,307,246,0,553,44,-0.5802041357675412,0.9404988953472657
296,1572469200,198,353,155,551,44,2.234347968440129,0.931016011274625
296,1572483600,64,217,153,281,44,2.1980311670955137,-0.34917333853188026
296,1572498000,40,56,16,96,44,-0.28966972501062044,-1.2263401152511524
296,1572512400,539,113,0,652,44,-0.5802041357675412,1.4099016569429843
296,1572526800,319,141,0,460,44,-0.5802041357675412,0.4995447859694695
296,1572541200,266,266,0,532,44,-0.5802041357675412,0.8409286125845375
296,1572555600,204,315,111,519,44,1.4353783388585968,0.7792898661123725
296,1572570000,80,212,132,292,44,1.8167047529770552,-0.29701747613235596
296,1572584400,35,83,48,118,44,0.2913990965032211,-1.1220283904521038
296,1572598800,519,156,0,675,44,-0.5802041357675412,1.5189548237783532
296,1572613200,362,133,0,495,44,-0.5802041357675412,0.6654952572406831
296,1572627600,305,247,0,552,44,-0.5802041357675412,0.9357574533109454
296,1572642000,222,302,80,524,44,0.8724679180170627,0.8029970762939744
296,1572656400,86,63,0,149,44,-0.5802041357675412,-0.9750436873261716
296,1572670800,16,33,17,49,44,-0.2715113243383129,-1.4491878909582105
296,1572685200,119,18,0,137,44,-0.5802041357675412,-1.0319409917620164
296,1572699600,262,33,0,295,44,-0.5802041357675412,-0.2827931500233948
296,1572714000,224,65,0,289,44,-0.5802041357675412,-0.31124180224131714
296,1572728400,160,68,0,228,44,-0.5802041357675412,-0.6004697664568609
296,1572742800,72,53,0,125,44,-0.5802041357675412,-1.088838296197861
296,1572753600,25,23,0,48,44,-0.5802041357675412,-1.453929332994531
296,1572768000,93,13,0,106,44,-0.5802041357675412,-1.1789256948879485
296,1572782400,235,23,0,258,44,-0.5802041357675412,-0.4582265053672492
296,1572796800,223,41,0,264,44,-0.5802041357675412,-0.42977785314932687
296,1572811200,129,76,0,205,44,-0.5802041357675412,-0.7095229332922298
296,1572825600,50,41,0,91,44,-0.5802041357675412,-1.2500473254327542
296,1572840000,19,20,1,39,44,-0.5620457350952336,-1.4966023113214144
296,1572854400,358,83,0,441,44,-0.5802041357675412,0.4094573872793821
296,1572868800,466,146,0,612,44,-0.5802041357675412,1.2202439754901688
296,1572883200,268,215,0,483,44,-0.5802041357675412,0.6085979528048384
296,1572897600,210,362,152,572,44,2.1798727664232063,1.0305862940373531
296,1572912000,51,156,105,207,45,1.5941051030131992,-0.6037854655225059
296,1572926400,7,95,88,102,45,1.2365207349480332,-1.1194117054439332
296,1572940800,332,61,0,393,45,-0.6145042291540044,0.309609588052594
296,1572955200,432,140,0,572,45,-0.6145042291540044,1.1886295589662654
296,1572969600,272,206,0,478,45,-0.6145042291540044,0.7270213060842257
296,1572984000,233,346,113,579,45,1.762380099749748,1.2230046416276938
296,1572998400,64,199,135,263,45,2.2251363407752573,-0.328784804231078
296,1573012800,12,97,85,109,45,1.1734176111718273,-1.0850366227825048
296,1573027200,405,101,0,506,45,-0.6145042291540044,0.8645216367299395
296,1573041600,494,139,0,633,45,-0.6145042291540044,1.4881838507301421
296,1573056000,291,244,0,535,45,-0.6145042291540044,1.0069326934701432
296,1573070400,249,342,93,591,45,1.3416926079083762,1.2819333547615712
296,1573084800,39,135,96,174,45,1.4047957316845818,-0.7658394266406687
296,1573099200,4,7,3,11,45,-0.5514011053777985,-1.5662877800425037
296,1573113600,364,71,0,435,45,-0.6145042291540044,0.5158600840211649
296,1573128000,495,138,0,633,45,-0.6145042291540044,1.4881838507301421
296,1573142400,306,218,0,524,45,-0.6145042291540044,0.9529147064307557
296,1573156800,250,393,143,643,45,2.3934113375118065,1.53729111167504
296,1573171200,44,140,96,184,45,1.4047957316845818,-0.7167321656957709
296,1573185600,0,1,1,1,45,-0.5934698545619357,-1.6153950409874014
296,1573200000,343,59,0,402,45,-0.6145042291540044,0.353806122903002
296,1573214400,445,154,0,599,45,-0.6145042291540044,1.3212191635174895
296,1573228800,302,234,0,536,45,-0.6145042291540044,1.011843419564633
296,1573243200,247,372,125,619,45,2.0147925948545713,1.419433685407285
296,1573257600,80,99,19,179,45,-0.2148511119047008,-0.7412857961682199
296,1573272000,19,32,13,51,45,-0.3410573594571124,-1.3698587362629122
296,1573286400,126,14,0,140,45,-0.6145042291540044,-0.9328041138533214
296,1573300800,273,27,0,300,45,-0.6145042291540044,-0.14708793873495596
296,1573315200,264,43,0,307,45,-0.6145042291540044,-0.11271285607352748
296,1573329600,154,82,0,236,45,-0.6145042291540044,-0.4613744087823022
296,1573344000,85,49,0,134,45,-0.6145042291540044,-0.9622684704202601
296,1573358400,26,29,3,55,45,-0.5514011053777985,-1.350215831884953
296,1573372800,102,12,0,114,45,-0.6145042291540044,-1.0604829923100558
296,1573387200,246,23,0,269,45,-0.6145042291540044,-0.2993204476641393
296,1573401600,222,40,0,262,45,-0.6145042291540044,-0.33369553032556776
296,1573416000,111,76,0,187,45,-0.6145042291540044,-0.7019999874123016
296,1573430400,61,57,0,118,45,-0.6145042291540044,-1.0408400879320967
296,1573444800,9,18,9,27,45,-0.42519485782538685,-1.487716162530667
296,1573459200,264,42,0,306,45,-0.6145042291540044,-0.11762358216801727
296,1573473600,384,110,0,494,45,-0.6145042291540044,0.8055929235960622
296,1573488000,254,194,0,448,45,-0.6145042291540044,0.5796995232495321
296,1573502400,201,301,100,502,45,1.4889332300528562,0.8448787323519804
296,1573516800,33,92,59,125,46,0.4425515200827803,-1.1150669162376392
296,1573531200,0,0,0,0,46,-0.7625503115272524,-1.7360599479813124
296,1573545600,337,66,0,403,46,-0.7625503115272524,0.2660215863602896
296,1573560000,469,147,0,616,46,-0.7625503115272524,1.3241937124515086
296,1573574400,286,227,0,513,46,-0.7625503115272524,0.8124954542947219
296,1573588800,232,354,122,586,46,1.7293551707850185,1.175155384833027
296,1573603200,25,136,111,161,46,1.5046751682814532,-0.9362209230954615
296,1573617600,0,10,10,10,46,-0.5582957637967384,-1.6863805054418186
296,1573632000,335,63,0,398,46,-0.7625503115272524,0.24118186509054268
296,1573646400,467,142,0,609,46,-0.7625503115272524,1.289418102673863
296,1573660800,258,184,0,442,46,-0.7625503115272524,0.4597714122643156
296,1573675200,231,371,140,602,46,2.097013356699944,1.2546424928962172
296,1573689600,36,102,66,138,46,0.5855297034941401,-1.0504836409362972
296,1573704000,0,3,3,3,46,-0.7012739472080982,-1.7211561152194643
296,1573718400,341,76,0,417,46,-0.7625503115272524,0.335572805915581
296,1573732800,477,166,0,643,46,-0.7625503115272524,1.4583282073081418
296,1573747200,288,199,0,487,46,-0.7625503115272524,0.6833289036920379
296,1573761600,264,370,106,634,46,1.4025478944161962,1.4136167090225975
296,1573776000,32,132,100,164,46,1.2799951657778879,-0.9213170903336133
296,1573790400,0,5,5,5,46,-0.6604230376619954,-1.7112202267115655
296,1573804800,336,69,0,405,46,-0.7625503115272524,0.2759574748681884
296,1573819200,425,137,0,562,46,-0.7625503115272524,1.0559247227382418
296,1573833600,317,211,0,528,46,-0.7625503115272524,0.8870146181039626
296,1573848000,233,312,79,545,46,0.8510606155438084,0.9714696704211022
296,1573862400,96,178,82,274,46,0.9123369798629626,-0.374843222399181
296,1573876800,21,105,84,126,46,0.9531878894090654,-1.11009897198369
296,1573891200,113,45,0,158,46,-0.7625503115272524,-0.9511247558573096
296,1573905600,266,88,0,354,46,-0.7625503115272524,0.02259231791676977
296,1573920000,302,158,0,460,46,-0.7625503115272524,0.5491944088354045
296,1573934400,193,230,37,423,46,-0.006808484924350516,0.3653804714392773
296,1573948800,94,169,75,263,46,0.7693587964516028,-0.4294906091926242
296,1573963200,23,109,86,132,46,0.9940387989551682,-1.0802913064599937
296,1573977600,95,39,0,134,46,-0.7625503115272524,-1.0703554179520949
296,1573992000,210,63,0,273,46,-0.7625503115272524,-0.37981116665313036
296,1574006400,237,149,0,386,46,-0.7625503115272524,0.18156653404315007
296,1574020800,133,204,71,337,46,0.6876569773593971,-0.061862734400369775
296,1574035200,61,177,116,238,46,1.6068024421467102,-0.5536892155413589
296,1574049600,9,58,49,67,46,0.23829697235226632,-1.4032076829667037
296,1574064000,332,65,0,397,46,-0.7625503115272524,0.23621392083659332
296,1574078400,462,158,0,620,46,-0.7625503115272524,1.344065489467306
296,1574092800,261,191,0,452,46,-0.7625503115272524,0.5094508548038095
296,1574107200,210,377,167,587,46,2.6485006355723315,1.1801233290869764
296,1574121600,40,108,68,148,47,0.5661525259719804,-0.9729050082005919
296,1574136000,0,2,2,2,47,-0.6913593346003991,-1.661723101987225
296,1574150400,330,65,0,395,47,-0.729465754617744,0.19242423265761616
296,1574164800,511,170,0,681,47,-0.729465754617744,1.5417528273355412
296,1574179200,281,193,0,474,47,-0.729465754617744,0.5651408724462738
296,1574193600,221,371,150,592,47,2.1285157466831186,1.1218568660546484
296,1574208000,33,114,81,147,47,0.8138442560847219,-0.9776229403498153
296,1574222400,0,3,3,3,47,-0.6723061245917267,-1.6570051698380015
296,1574236800,333,63,0,396,47,-0.729465754617744,0.19714216480683966
296,1574251200,522,144,0,666,47,-0.729465754617744,1.4709838450971886
296,1574265600,312,207,0,519,47,-0.729465754617744,0.7774478191613319
296,1574280000,251,405,154,656,47,2.2047285867178084,1.4238045236049535
296,1574294400,32,118,86,150,47,0.909110306128084,-0.9634691439021449
296,1574308800,0,2,2,2,47,-0.6913593346003991,-1.661723101987225
296,1574323200,339,68,0,407,47,-0.729465754617744,0.24903941844829833
296,1574337600,520,139,0,659,47,-0.729465754617744,1.4379583200526238
296,1574352000,240,223,0,463,47,-0.729465754617744,0.5132436188048151
296,1574366400,236,370,134,606,47,1.82366438654436,1.1879079161437776
296,1574380800,40,142,102,182,47,1.2139616662668427,-0.8124953151269924
296,1574395200,0,3,3,3,47,-0.6723061245917267,-1.6570051698380015
296,1574409600,316,84,0,400,47,-0.729465754617744,0.21601389340373373
296,1574424000,487,132,0,619,47,-0.729465754617744,1.2492410340836833
296,1574438400,281,234,0,515,47,-0.729465754617744,0.7585760905644379
296,1574452800,228,359,131,587,47,1.766504756518343,1.098267205308531
296,1574467200,95,180,85,275,47,0.8900570961194115,-0.37372762524920555
296,1574481600,23,101,78,124,47,0.7566846260587046,-1.0861353797819562
296,1574496000,111,48,0,159,47,-0.729465754617744,-0.9210077545591332
296,1574510400,271,73,0,344,47,-0.729465754617744,-0.04819030695278308
296,1574524800,246,154,0,400,47,-0.729465754617744,0.21601389340373373
296,1574539200,180,196,16,376,47,-0.4246143944789853,0.10278352182236938
296,1574553600,83,163,80,246,47,0.7947910460760494,-0.5105476575766875
296,1574568000,22,112,90,134,47,0.9853231461627736,-1.038956058289721
296,1574582400,99,39,0,138,47,-0.729465754617744,-1.020084329692827
296,1574596800,209,81,0,290,47,-0.729465754617744,-0.30295864301085285
296,1574611200,208,131,0,339,47,-0.729465754617744,-0.07177996769890065
296,1574625600,139,174,35,313,47,-0.06260340431420935,-0.194446203578712
296,1574640000,48,140,92,188,47,1.0234295661801185,-0.7841877222316513
296,1574654400,14,68,54,82,47,0.2994075858505666,-1.2842885300493438
296,1574668800,312,74,0,386,47,-0.729465754617744,0.14996284331460452
296,1574683200,503,157,0,660,47,-0.729465754617744,1.4426762522018475
296,1574697600,292,219,0,511,47,-0.729465754617744,0.7397043619675437
296,1574712000,239,401,162,640,47,2.357154266787188,1.3483176092173772
296,1574726400,86,212,126,298,48,1.6237842428327283,-0.0778933195356563
296,1574740800,11,84,73,95,48,0.5866124423892122,-1.3477182571284
296,1574755200,252,79,0,331,48,-0.8419449431273285,0.12853142401390305
296,1574769600,429,159,0,588,48,-0.8419449431273285,1.7361423055968348
296,1574784000,294,221,0,515,48,-0.8419449431273285,1.2795057516841732
296,1574798400,209,393,184,602,48,2.7588024395445,1.8237164392239207
296,1574812800,73,230,157,303,48,2.2304318996959167,-0.04661684324026852
296,1574827200,27,76,49,103,48,0.1169497403015824,-1.2976758950557796
296,1574841600,334,89,0,423,48,-0.8419449431273285,0.7040185878490381
296,1574856000,448,131,0,579,48,-0.8419449431273285,1.6798446482651368
296,1574870400,303,263,0,566,48,-0.8419449431273285,1.5985258098971287
296,1574884800,209,321,112,530,48,1.3498143332816108,1.3733351805703367
296,1574899200,103,171,68,274,48,0.48876604612095603,-0.22802040575351762
296,1574913600,16,92,76,108,48,0.645320280150166,-1.2663994187603917
296,1574928000,84,29,0,113,48,-0.8419449431273285,-1.235122942465004
296,1574942400,185,105,0,290,48,-0.8419449431273285,-0.12793568160827673
296,1574956800,176,139,0,315,48,-0.8419449431273285,0.028446699868662148
296,1574971200,115,144,29,259,48,-0.27443584477144245,-0.321849834639681
296,1574985600,62,121,59,183,48,0.31264253283809484,-0.7972522743295752
296,1575000000,15,72,57,87,48,0.2735039743307923,-1.3977606192010206
296,1575014400,145,54,0,199,48,-0.8419449431273285,-0.6971675501843343
296,1575028800,285,96,0,381,48,-0.8419449431273285,0.44129618696778083
296,1575043200,216,163,0,379,48,-0.8419449431273285,0.4287855964496257
296,1575057600,179,265,86,444,48,0.8410130726866784,0.8353797882896669
296,1575072000,69,183,114,252,48,1.3889528917889133,-0.36563690145322386
296,1575086400,18,90,72,108,48,0.567043163135561,-1.2663994187603917
296,1575100800,104,44,0,148,48,-0.8419449431273285,-1.0161876083972896
296,1575115200,220,65,0,285,48,-0.8419449431273285,-0.15921215790366453
296,1575129600,248,137,0,385,48,-0.8419449431273285,0.466317368004091
296,1575144000,144,178,34,322,48,-0.17658944850318625,0.07223376668220503
296,1575158400,73,182,109,255,48,1.291106495520657,-0.3468710156759912
296,1575172800,20,114,94,134,48,0.9975673067158883,-1.1037617420243755
296,1575187200,74,44,0,118,48,-0.8419449431273285,-1.2038464661696162
296,1575201600,175,56,0,231,48,-0.8419449431273285,-0.4969981018938525
296,1575216000,211,121,0,332,48,-0.8419449431273285,0.13478671927298058
296,1575230400,108,158,50,266,48,0.13651901955523363,-0.2780627678261381
296,1575244800,47,110,63,157,48,0.3909196498526998,-0.9598899510655916
296,1575259200,12,79,67,91,48,0.46919676686730477,-1.3727394381647102
296,1575273600,312,70,0,382,48,-0.8419449431273285,0.44755148222685837
296,1575288000,428,134,0,562,48,-0.8419449431273285,1.5735046288608183
296,1575302400,264,220,0,484,48,-0.8419449431273285,1.085591598652769
296,1575316800,217,345,128,562,48,1.6629228013400308,1.5735046288608183
296,1575331200,63,170,107,233,49,0.9275036114211489,-0.8603258445007411
296,1575345600,17,73,56,90,49,0.0700531428565822,-1.6469169576186358
296,1575360000,374,69,0,443,49,-0.8714610971358833,0.2948079579800833
296,1575374400,484,163,0,647,49,-0.8714610971358833,1.416937937532884
296,1575388800,287,202,0,489,49,-0.8714610971358833,0.5478372670949305
296,1575403200,244,398,154,642,49,1.7177030628433967,1.3894347517595311
296,1575417600,82,216,134,298,49,1.3814479771318018,-0.5027844294471526
296,1575432000,19,96,77,115,49,0.42312098285375677,-1.5094010287518709
296,1575446400,382,79,0,461,49,-0.8714610971358833,0.39381942676415393
296,1575460800,508,151,0,659,49,-0.8714610971358833,1.4829455833889311
296,1575475200,291,248,0,539,49,-0.8714610971358833,0.8228691248284601
296,1575489600,244,400,156,644,49,1.7513285714145561,1.4004360260688724
296,1575504000,83,210,127,293,49,1.2637586971327437,-0.5302876152205055
296,1575518400,19,91,72,110,49,0.33905721142585804,-1.5369042145252239
296,1575532800,368,79,0,447,49,-0.8714610971358833,0.31681050659876564
296,1575547200,486,151,0,637,49,-0.8714610971358833,1.3619315659861781
296,1575561600,312,200,0,512,49,-0.8714610971358833,0.6743519216523541
296,1575576000,226,360,134,586,49,1.3814479771318018,1.081399071097978
296,1575590400,77,243,166,320,49,1.9194561142703535,-0.38177041204439954
296,1575604800,18,74,56,92,49,0.0700531428565822,-1.6359156833092945
296,1575619200,348,78,0,426,49,-0.8714610971358833,0.20129712635068323
296,1575633600,466,147,0,613,49,-0.8714610971358833,1.229916274274084
296,1575648000,302,243,0,545,49,-0.8714610971358833,0.8558729477564837
296,1575662400,216,348,132,564,49,1.3478224685606424,0.960385053695225
296,1575676800,105,219,114,324,49,1.045192891420207,-0.3597678634257172
296,1575691200,33,148,115,181,49,1.062005645705787,-1.146358976543612
296,1575705600,132,54,0,186,49,-0.8714610971358833,-1.118855790770259
296,1575720000,270,98,0,368,49,-0.8714610971358833,-0.11773982862021112
296,1575734400,268,165,0,433,49,-0.8714610971358833,0.23980158643337737
296,1575748800,213,238,25,451,49,-0.45114223999638975,0.33881305521744803
296,1575763200,98,146,48,244,49,-0.06444889142805571,-0.7998188357993645
296,1575777600,26,152,126,178,49,1.2469459428471639,-1.1628608880076237
296,1575792000,89,39,0,128,49,-0.8714610971358833,-1.4378927457411532
296,1575806400,228,65,0,293,49,-0.8714610971358833,-0.5302876152205055
296,1575820800,253,129,0,382,49,-0.8714610971358833,-0.040730908454822835
296,1575835200,153,211,58,364,49,0.10367865142774169,-0.1397423772388935
296,1575849600,54,172,118,226,49,1.112443908562526,-0.8988303045834353
296,1575864000,15,67,52,82,49,0.00280212571426325,-1.6909220548560004
296,1575878400,307,70,0,377,49,-0.8714610971358833,-0.06823409422817579
296,1575892800,431,166,0,597,49,-0.8714610971358833,1.1419060797993545
296,1575907200,264,234,0,498,49,-0.8714610971358833,0.5973430014869658
296,1575921600,244,394,150,638,49,1.6504520457010776,1.3674322031408488
296,1575936000,44,185,141,229,50,1.6879705353772876,-0.8904944323248545
296,1575950400,8,15,7,23,50,-0.7566764468932669,-2.006288469757822
296,1575964800,361,68,0,429,50,-0.8843818862656092,0.1928007496489003
296,1575979200,492,179,0,671,50,-0.8843818862656092,1.5035879198371436
296,1575993600,304,230,0,534,50,-0.8843818862656092,0.7615307201851216
296,1576008000,264,339,75,603,50,0.48389067843805933,1.135267557966067
296,1576022400,68,231,163,299,50,2.0893304876903636,-0.5113411186340403
296,1576036800,13,88,75,101,50,0.48389067843805933,-1.5838033487880576
296,1576051200,380,82,0,462,50,-0.8843818862656092,0.3715444546745698
296,1576065600,502,154,0,656,50,-0.8843818862656092,1.422340781189112
296,1576080000,291,244,0,535,50,-0.8843818862656092,0.7669471960949903
296,1576094400,246,353,107,599,50,1.0676869727116245,1.1136016543265919
296,1576108800,89,251,162,340,50,2.0710868534943145,-0.2892656063294206
296,1576123200,19,88,69,107,50,0.3744288732617658,-1.551304493328845
296,1576137600,379,93,0,472,50,-0.8843818862656092,0.42570921377325754
296,1576152000,515,133,0,648,50,-0.8843818862656092,1.3790089739101619
296,1576166400,294,203,0,497,50,-0.8843818862656092,0.5611211115199769
296,1576180800,260,375,115,635,50,1.2136360462800158,1.3085947870818677
296,1576195200,77,211,134,288,50,1.5602650960049451,-0.5709223536425968
296,1576209600,26,118,92,144,50,0.7940324597708909,-1.3508948846637003
296,1576224000,354,76,0,430,50,-0.8843818862656092,0.19821722555876906
296,1576238400,478,130,0,608,50,-0.8843818862656092,1.1623499375154107
296,1576252800,318,212,0,530,50,-0.8843818862656092,0.7398648165456464
296,1576267200,262,347,85,609,50,0.6663270203985484,1.1677664134252796
296,1576281600,113,239,126,352,50,1.4143160224365539,-0.2242678954109953
296,1576296000,21,122,101,143,50,0.958225167535331,-1.356311360573569
296,1576310400,106,34,0,140,50,-0.8843818862656092,-1.3725607883031754
296,1576324800,265,98,0,363,50,-0.8843818862656092,-0.1646866604024388
296,1576339200,299,143,0,442,50,-0.8843818862656092,0.26321493647719435
296,1576353600,187,251,64,438,50,0.2832107022815213,0.24154903283771925
296,1576368000,104,170,66,274,50,0.3196979706736191,-0.6467530163807597
296,1576382400,35,126,91,161,50,0.775788825574842,-1.2588147941959311
296,1576396800,82,50,0,132,50,-0.8843818862656092,-1.4158925955821255
296,1576411200,236,74,0,310,50,-0.8843818862656092,-0.4517598836254838
296,1576425600,281,147,0,428,50,-0.8843818862656092,0.18738427373903152
296,1576440000,158,234,76,392,50,0.5021343126341082,-0.007608859016244347
296,1576454400,76,156,80,232,50,0.5751088494183039,-0.8742450045952481
296,1576468800,23,100,77,123,50,0.5203779468301571,-1.4646408787709446
296,1576483200,329,81,0,410,50,-0.8843818862656092,0.08988770736139358
296,1576497600,451,142,0,593,50,-0.8843818862656092,1.0811027988673791
296,1576512000,321,208,0,529,50,-0.8843818862656092,0.7344483406357777
296,1576526400,241,371,130,612,50,1.4872905592207495,1.184015841154886
296,1576540800,56,238,182,294,51,2.2382681503800304,-0.4229666406421812
296,1576555200,26,120,94,146,51,0.7239648218417561,-1.2656463323831422
296,1576569600,335,86,0,421,51,-0.8935864609150369,0.30014363537877864
296,1576584000,486,135,0,621,51,-0.8935864609150369,1.4388999755692666
296,1576598400,270,181,0,451,51,-0.8935864609150369,0.47095708640735184
296,1576612800,231,360,129,591,51,1.3262445547831152,1.2680865245406934
296,1576627200,68,208,140,276,51,1.5155324708503994,-0.5254547112593251
296,1576641600,20,81,61,101,51,0.15610107363990325,-1.521866508926002
296,1576656000,372,71,0,443,51,-0.8935864609150369,0.42540683279973235
296,1576670400,490,182,0,672,51,-0.8935864609150369,1.729282842317841
296,1576684800,294,237,0,531,51,-0.8935864609150369,0.926459622483547
296,1576699200,241,379,138,620,51,1.4811164861108932,1.433206193868314
296,1576713600,100,204,104,304,51,0.8960447455392873,-0.36602882363265676
296,1576728000,14,108,94,122,51,0.7239648218417561,-1.4022970932060008
296,1576742400,349,97,0,446,51,-0.8935864609150369,0.44248817790258965
296,1576756800,457,156,0,613,51,-0.8935864609150369,1.393349721961647
296,1576771200,284,198,0,482,51,-0.8935864609150369,0.6474643191368775
296,1576785600,245,382,137,627,51,1.4639084937411402,1.4730626657749812
296,1576800000,85,201,116,286,51,1.1025406539763247,-0.4685168942498007
296,1576814400,15,114,99,129,51,0.8100047836905218,-1.3624406212993336
296,1576828800,325,78,0,403,51,-0.8935864609150369,0.19765556476163473
296,1576843200,444,150,0,594,51,-0.8935864609150369,1.2851678696435507
296,1576857600,302,212,0,514,51,-0.8935864609150369,0.8296653335673555
296,1576872000,295,442,147,737,51,1.6359884174386714,2.0993786528797496
296,1576886400,87,238,151,325,51,1.704820386917684,-0.24645940791265555
296,1576900800,30,120,90,150,51,0.6551328523627437,-1.2428712055793325
296,1576915200,104,33,0,137,51,-0.8935864609150369,-1.3168903676917143
296,1576929600,249,83,0,332,51,-0.8935864609150369,-0.20660293600598847
296,1576944000,232,135,0,367,51,-0.8935864609150369,-0.007320576472653091
296,1576958400,146,178,32,324,51,-0.34293070508293716,-0.252153189613608
296,1576972800,88,162,74,250,51,0.37980497444669375,-0.6734930354840886
296,1576987200,18,117,99,135,51,0.8100047836905218,-1.328277931093619
296,1577001600,78,46,0,124,51,-0.8935864609150369,-1.3909095298040959
296,1577016000,207,67,0,274,51,-0.8935864609150369,-0.53684227466123
296,1577030400,178,121,0,299,51,-0.8935864609150369,-0.394497732137419
296,1577044800,147,190,43,337,51,-0.15364278901565287,-0.17813402750122628
296,1577059200,55,153,98,208,51,0.7927967913207686,-0.912631866924091
296,1577073600,17,109,92,126,51,0.6895488371022499,-1.3795219664021912
296,1577088000,228,53,0,281,51,-0.8935864609150369,-0.4969858027545629
296,1577102400,344,125,0,469,51,-0.8935864609150369,0.5734451570244957
296,1577116800,248,191,0,439,51,-0.8935864609150369,0.4026317059959226
296,1577131200,203,264,61,467,51,0.15610107363990325,0.5620575936225909
296,1577145600,73,174,101,247,52,1.1798221318259572,-0.18662413376989487
296,1577160000,15,97,82,112,52,0.8017484198704853,-1.1730224917053906
296,1577174400,196,54,0,250,52,-0.8299381264636565,-0.1647041702602172
296,1577188800,316,112,0,428,52,-0.8299381264636565,1.135880331313992
296,1577203200,217,219,2,436,52,-0.7901408936262384,1.1943335673397992
296,1577217600,138,226,88,364,52,0.9211401183827396,0.6682544431075348
296,1577232000,63,135,72,198,52,0.6027622556833948,-0.5446502044279637
296,1577246400,17,70,53,87,52,0.22468854372792293,-1.3556888542860381
296,1577260800,53,32,0,85,52,-0.8299381264636565,-1.3703021632924899
296,1577275200,106,51,0,157,52,-0.8299381264636565,-0.8442230390602254
296,1577289600,155,87,0,242,52,-0.8299381264636565,-0.22315740628602435
296,1577304000,105,130,25,235,52,-0.33247271599593037,-0.2743039878086056
296,1577318400,40,94,54,134,52,0.24458716014663198,-1.012276092634421
296,1577332800,10,55,45,65,52,0.06549961237825057,-1.5164352533570078
296,1577347200,212,48,0,260,52,-0.8299381264636565,-0.09163762522795824
296,1577361600,279,106,0,385,52,-0.8299381264636565,0.8216941876752786
296,1577376000,277,164,0,441,52,-0.8299381264636565,1.2308668398559288
296,1577390400,192,301,109,493,52,1.3390110631756293,1.6108128740236753
296,1577404800,60,185,125,245,52,1.657388925874974,-0.20123744277634667
296,1577419200,13,78,65,91,52,0.4634719407524315,-1.3264622362731344
296,1577433600,218,55,0,273,52,-0.8299381264636565,0.0033488833139783966
296,1577448000,303,88,0,391,52,-0.8299381264636565,0.8655341146946339
296,1577462400,246,186,0,432,52,-0.8299381264636565,1.1651069493268957
296,1577476800,155,335,180,490,52,2.751812828903972,1.5888929105139975
