remote_unit_id,time_stamp,entries,exits,num_people_exited,sum_exit_entry,week_num,z_score_num_people_exited,z_score_sum_exit_entry
29,1546311600,77,143,66,220,1,-0.26980407628902253,-0.6604679097698691
29,1546326000,22,71,49,93,1,-0.39147389724354165,-0.8446770647879107
29,1546340400,67,162,95,229,1,-0.06224967583719581,-0.6474137176819764
29,1546354800,156,470,314,626,1,1.505143899988668,-0.07157880002715337
29,1546369200,258,424,166,682,1,0.4459007528552076,0.009647284075290172
29,1546383600,134,198,64,332,1,-0.28411817287190716,-0.498015741564982
29,1546398000,24,83,59,107,1,-0.3199034143291187,-0.8243705437622999
29,1546412400,79,173,94,252,1,-0.06940672412863812,-0.6140530045684728
29,1546426800,657,1155,498,1812,1,2.8220407856140515,1.6486736239995974
29,1546441200,296,565,269,861,1,1.1830767268737645,0.2692806600456008
29,1546455600,1408,906,0,2314,1,-0.7421692635242144,2.376807449346502
29,1546470000,337,339,2,676,1,-0.7278551669413298,0.0009444893500283636
29,1546484400,49,52,3,101,1,-0.7206981186498875,-0.8330733384875617
29,1546498800,80,172,92,252,1,-0.08372082071152272,-0.6140530045684728
29,1546513200,684,1198,514,1882,1,2.936553558277128,1.750206229127652
29,1546527600,308,488,180,796,1,0.5460994289353998,0.17500038385526454
29,1546542000,1387,825,0,2212,1,-0.7421692635242144,2.228859939017051
29,1546556400,412,356,0,768,1,-0.7421692635242144,0.13438734180404277
29,1546570800,70,66,0,136,1,-0.7421692635242144,-0.7823070359235345
29,1546585200,78,161,83,239,1,-0.14813425533450342,-0.63290905980654
29,1546599600,648,1070,422,1718,1,2.2781051154644367,1.5123298399704956
29,1546601617,18,59,41,77,1,-0.44873028357508005,-0.867884517388609
29,1546614000,361,517,156,878,1,0.37433026994078455,0.2939385784338426
29,1546628400,1228,866,0,2094,1,-0.7421692635242144,2.057704976086902
29,1546642800,363,344,0,707,1,-0.7421692635242144,0.04590892876388104
29,1546657200,73,84,11,157,1,-0.6634417323183491,-0.7518472543851181
29,1546671600,20,48,28,68,1,-0.54177191136383,-0.8809387094765017
29,1546686000,52,219,167,271,1,0.45305780114664984,-0.5864941546051438
29,1546700400,165,312,147,477,1,0.30991683531780384,-0.28769820237115495
29,1546714800,210,222,12,432,1,-0.6562846840269068,-0.3529691628106185
29,1546729200,168,100,0,268,1,-0.7421692635242144,-0.5908455519677747
29,1546743600,66,33,0,99,1,-0.7421692635242144,-0.8359742700626489
29,1546758000,13,26,13,39,1,-0.6491276357354645,-0.923002217315267
29,1546772400,45,156,111,201,1,0.052263096825881004,-0.6880267597331982
29,1546786800,121,327,206,448,1,0.7321826845128996,-0.3297617102099204
29,1546801200,205,199,0,404,1,-0.7421692635242144,-0.3935822048618403
29,1546815600,127,79,0,206,1,-0.7421692635242144,-0.68077443079548
29,1546830000,24,34,10,58,1,-0.6705987806097914,-0.895443367351938
29,1546844400,90,167,77,257,1,-0.19107654508315722,-0.6068006756307546
29,1546858800,746,1182,436,1928,1,2.378303791544629,1.816927655354659
29,1546873200,320,394,74,714,1,-0.21254768995748413,0.056062189276686485
29,1546887600,1439,725,0,2164,1,-0.7421692635242144,2.1592375812149567
29,1546902000,398,387,0,785,1,-0.7421692635242144,0.15904526019228457
29,1546916400,62,66,4,128,2,-0.5772628701680843,-0.8972316566977805
29,1546930800,83,190,107,273,2,0.12165657465339143,-0.710589328876716
29,1546945200,717,1242,525,1959,2,2.9580481080065653,1.4596104277185575
29,1546959600,315,376,61,691,2,-0.19048220652901524,-0.17254454936495778
29,1546974000,1405,802,0,2207,2,-0.604405372879598,1.7788331677159643
29,1546988400,462,355,0,817,2,-0.604405372879598,-0.010358802430791413
29,1547002800,49,97,48,146,2,-0.2786953403414345,-0.8740622642786139
29,1547017200,82,170,88,252,2,-0.007270313226298278,-0.7376202866990771
29,1547031600,793,1265,472,2058,2,2.5984099470790096,1.587042086023974
29,1547046000,399,370,0,769,2,-0.604405372879598,-0.07214384888190241
29,1547060400,1417,854,0,2271,2,-0.604405372879598,1.861213229650779
29,1547074800,1493,383,0,1876,2,-0.604405372879598,1.3527737848968449
29,1547089200,67,66,0,133,2,-0.604405372879598,-0.8907957143591231
29,1547103600,89,193,104,282,2,0.10129969761975621,-0.6990046326671326
29,1547118000,733,1248,515,1981,2,2.890191851227781,1.48792857400865
29,1547132400,356,421,65,777,2,-0.1633397038175016,-0.061846341140050574
29,1547146800,1355,773,0,2128,2,-0.604405372879598,1.6771452787651775
29,1547161200,434,388,0,822,2,-0.604405372879598,-0.003922860092134018
29,1547175600,64,88,24,152,2,-0.4415503566105162,-0.8663391334722249
29,1547190000,86,179,93,265,2,0.02665781516309375,-0.7208868366185678
29,1547204400,744,1134,390,1878,2,2.0419886414929804,1.3553481618323078
29,1547218800,366,415,49,781,2,-0.2719097146635561,-0.056697587269124654
29,1547233200,1210,821,0,2031,2,-0.604405372879598,1.5522879973952242
29,1547247600,404,400,0,804,2,-0.604405372879598,-0.02709225251130064
29,1547262000,92,77,0,169,2,-0.604405372879598,-0.8444569295207898
29,1547276400,21,70,49,91,2,-0.2719097146635561,-0.9448576300038452
29,1547290800,55,187,132,242,2,0.29129721660035157,-0.7504921713763919
29,1547305200,159,346,187,505,2,0.6645066288836639,-0.4119616043630129
29,1547319600,224,263,39,487,2,-0.33976597144234016,-0.4351309967821795
29,1547334000,169,118,0,287,2,-0.604405372879598,-0.6925686903284753
29,1547348400,64,48,0,112,2,-0.604405372879598,-0.9178266721814842
29,1547362800,12,32,20,44,2,-0.46869285932202986,-1.0053554879872246
29,1547377200,42,134,92,176,2,0.019872189485215346,-0.8354466102466694
29,1547391600,114,244,130,358,2,0.27772596524459475,-0.6011783091195403
29,1547406000,200,198,0,398,2,-0.604405372879598,-0.5496907704102811
29,1547420400,128,50,0,178,2,-0.604405372879598,-0.8328722333112065
29,1547434800,27,17,0,44,2,-0.604405372879598,-1.0053554879872246
29,1547449200,95,142,47,237,2,-0.2854809660193129,-0.7569281137150492
29,1547463600,795,1230,435,2025,2,2.3473417969975086,1.5445648665888352
29,1547478000,338,403,65,741,2,-0.1633397038175016,-0.10818512597838381
29,1547492400,1411,869,0,2280,2,-0.604405372879598,1.8727979258603624
29,1547506800,422,375,0,797,2,-0.604405372879598,-0.03610257178542099
29,1547521200,59,49,0,108,3,-0.6343918709445222,-0.8537792106181471
29,1547535600,87,172,85,259,3,0.003574038709546645,-0.6341795937247582
29,1547550000,834,1281,447,2115,3,2.720558265706875,2.0650051013357036
29,1547564400,367,418,51,785,3,-0.2516123251520809,0.13078331015552347
29,1547578800,1370,771,0,2141,3,-0.6343918709445222,2.102816955900128
29,1547593200,428,393,0,821,3,-0.6343918709445222,0.18313818570626517
29,1547607600,57,52,0,109,3,-0.6343918709445222,-0.8523249085195154
29,1547622000,101,205,104,306,3,0.14617818322045614,-0.5658273950890677
29,1547636400,781,1220,439,2001,3,2.6605144153864924,1.899214662091688
29,1547650800,394,426,32,820,3,-0.3942164696629904,0.18168388360763346
29,1547665200,1333,778,0,2111,3,-0.6343918709445222,2.0591878929411767
29,1547679600,426,402,0,828,3,-0.6343918709445222,0.19331830039668718
29,1547694000,58,73,15,131,3,-0.5218096515938042,-0.8203302623496176
29,1547708400,83,180,97,263,3,0.09363981419012107,-0.6283623853302314
29,1547722800,761,1345,584,2106,3,3.748809202443433,2.051916382448018
29,1547737200,371,424,53,795,3,-0.23660136257198516,0.1453263311418406
29,1547751600,1284,821,0,2105,3,-0.6343918709445222,2.0504620803493863
29,1547766000,498,409,0,907,3,-0.6343918709445222,0.3082081661885926
29,1547780400,72,80,8,152,3,-0.5743480206241393,-0.7897899182783517
29,1547794800,79,172,93,251,3,0.0636178890299296,-0.6458140105138119
29,1547809200,627,961,334,1588,3,1.872438879931466,1.29858789535679
29,1547823600,350,395,45,745,3,-0.2966452128923681,0.0726112262102549
29,1547838000,1128,774,0,1902,3,-0.6343918709445222,1.7552387543271484
29,1547852400,346,326,0,672,3,-0.6343918709445222,-0.03355282698986024
29,1547866800,79,66,0,145,3,-0.6343918709445222,-0.7999700329687737
29,1547881200,13,57,44,70,3,-0.30415069418241597,-0.9090426903661522
29,1547895600,57,230,173,287,3,0.6640563922337591,-0.5934591349630702
29,1547910000,172,295,123,467,3,0.28878232773136564,-0.33168475720936164
29,1547924400,269,256,0,525,3,-0.6343918709445222,-0.24733523548872222
29,1547938800,146,83,0,229,3,-0.6343918709445222,-0.6778086566837096
29,1547953200,59,28,0,87,3,-0.6343918709445222,-0.884319554689413
29,1547967600,12,16,4,28,3,-0.6043699457843308,-0.9701233785086842
29,1547982000,33,128,95,161,3,0.07862885161002534,-0.7767011993906662
29,1547996400,109,271,162,380,3,0.5814960980432325,-0.4582090397903208
29,1548010800,158,185,27,343,3,-0.43174387611322973,-0.5120182174396942
29,1548025200,112,70,0,182,3,-0.6343918709445222,-0.7461608553194002
29,1548039600,34,25,0,59,3,-0.6343918709445222,-0.9250400134511011
29,1548054000,46,103,57,149,3,-0.2065794374117937,-0.7941528245742467
29,1548068400,192,379,187,571,3,0.7691331302944293,-0.18043733895166336
29,1548082800,180,290,110,470,3,0.19121107096074336,-0.3273218509134665
29,1548097200,285,430,145,715,3,0.4539029161124188,0.02898216325130347
29,1548111600,134,170,36,304,3,-0.3641945445027989,-0.5687359992863311
29,1548126000,31,38,7,69,4,-0.564415594005099,-0.9935830648477093
29,1548140400,79,161,82,240,4,-0.06237476914881145,-0.7587855215858554
29,1548154800,793,1246,453,2039,4,2.4210538444736245,1.711394480332712
29,1548169200,307,405,98,712,4,0.044727273487196566,-0.11068937878120623
29,1548183600,1367,780,0,2147,4,-0.6112727376583525,1.8596876655507248
29,1548198000,430,380,0,810,4,-0.6112727376583525,0.023872955953657373
29,1548212400,63,63,0,126,4,-0.6112727376583525,-0.915317217093758
29,1548226800,101,155,54,256,4,-0.24980334376182547,-0.7368161608128164
29,1548241200,756,1027,271,1783,4,1.2027681094890332,1.3598847079640888
29,1548255600,347,470,123,817,4,0.21207421510595909,0.03348455129186192
29,1548270000,1391,735,0,2126,4,-0.6112727376583525,1.8308528795361114
29,1548284400,436,401,0,837,4,-0.6112727376583525,0.06094625225816061
29,1548298800,64,57,0,121,4,-0.6112727376583525,-0.9221826423353326
29,1548313200,87,159,72,246,4,-0.12931354579631646,-0.7505470112959658
29,1548327600,858,1240,382,2098,4,1.945788530276339,1.7924064981832932
29,1548342000,358,392,34,750,4,-0.3836808970568355,-0.05851214694523871
29,1548356400,1304,791,0,2095,4,-0.6112727376583525,1.7882872430383483
29,1548370800,470,364,0,834,4,-0.6112727376583525,0.05682699711321581
29,1548385200,73,82,9,155,4,-0.551027838675598,-0.8754977506926249
29,1548399600,86,161,75,247,4,-0.10923191280206496,-0.7491739262476509
29,1548407639,165,683,518,848,4,2.856155892682407,0.0760501877896249
29,1548408287,11,45,34,56,4,-0.3836808970568355,-1.0114331704758035
29,1548414000,693,1138,445,1831,4,2.3675028231556206,1.4257927902832055
29,1548428400,434,443,9,877,4,-0.551027838675598,0.115869654190758
29,1548442800,1227,744,0,1971,4,-0.6112727376583525,1.6180246970472965
29,1548457200,434,348,0,782,4,-0.6112727376583525,-0.014573425399160799
29,1548471600,92,68,0,160,4,-0.6112727376583525,-0.8686323254510502
29,1548486000,16,61,45,77,4,-0.31004824274458,-0.9825983844611897
29,1548500400,58,257,199,315,4,0.7208089176269972,-0.6558041429622353
29,1548514800,221,321,100,542,4,0.05811502881669757,-0.3441138369947451
29,1548529200,322,307,0,629,4,-0.6112727376583525,-0.2246554377913458
29,1548543600,200,87,0,287,4,-0.6112727376583525,-0.6942505243150535
29,1548558000,55,34,0,89,4,-0.6112727376583525,-0.9661213638814106
29,1548572400,11,36,25,47,4,-0.44392579603959004,-1.0237909359106379
29,1548586800,47,194,147,241,4,0.3727272790599711,-0.7574124365375405
29,1548601200,122,335,213,457,4,0.8145232049335042,-0.4608260661015146
29,1548615600,361,226,0,587,4,-0.6112727376583525,-0.28232500982057307
29,1548630000,168,93,0,261,4,-0.6112727376583525,-0.7299507355712418
29,1548644400,28,24,0,52,4,-0.6112727376583525,-1.0169255106690631
29,1548658800,83,166,83,249,4,-0.055680891484060954,-0.746427756151021
29,1548673200,750,1283,533,2033,4,2.9565640576536647,1.7031559700428225
29,1548687600,433,440,7,873,4,-0.564415594005099,0.11037731399749826
29,1548702000,1419,812,0,2231,4,-0.6112727376583525,1.9750268096091794
29,1548716400,518,354,0,872,4,-0.6112727376583525,0.10900422894918332
29,1548730800,59,27,0,86,5,-0.5577237117917104,-0.9793196579411676
29,1548745200,62,157,95,219,5,-0.06609884564043465,-0.7974415672311799
29,1548759600,731,1285,554,2016,5,2.3092255076588875,1.6599639140157971
29,1548774000,441,403,0,844,5,-0.5577237117917104,0.057248708661619525
29,1548788400,1502,784,0,2286,5,-0.5577237117917104,2.0291901132014867
29,1548802800,565,352,0,917,5,-0.5577237117917104,0.15707653288589848
29,1548817200,84,25,0,109,5,-0.5577237117917104,-0.9478670557883125
29,1548831600,107,165,58,272,5,-0.2575737935098789,-0.7249638318354705
29,1548846000,791,1291,500,2082,5,2.02977558374132,1.7502192071500768
29,1548860400,470,414,0,884,5,-0.5577237117917104,0.11194888631875868
29,1548874800,1429,886,0,2315,5,-0.5577237117917104,2.0688477420029123
29,1548889200,480,393,0,873,5,-0.5577237117917104,0.09690633746304542
29,1548903600,75,25,0,100,5,-0.5577237117917104,-0.9601745957611689
29,1548918000,70,142,72,212,5,-0.18512381323495405,-0.8070140983211792
29,1548932400,617,1189,572,1806,5,2.4023754822980763,1.3727879813158164
29,1548946800,325,456,131,781,5,0.12020110363794353,-0.028904071148374656
29,1548961200,1290,768,0,2058,5,-0.5577237117917104,1.7173991005557934
29,1548975600,487,343,0,830,5,-0.5577237117917104,0.03810364648162082
29,1548990000,83,29,0,112,5,-0.5577237117917104,-0.9437645424640272
29,1549004400,92,175,83,267,5,-0.12819882873322738,-0.7318013540426129
29,1549013496,143,641,498,784,5,2.019425586559188,-0.02480155782408922
29,1549013580,551,838,287,1389,5,0.9275008838442491,0.8025386292401406
29,1549018800,233,953,720,1186,5,3.1682752737758535,0.5249352276301593
29,1549033200,432,434,2,866,5,-0.5473737146095783,0.08733380637304607
29,1549047600,1216,799,0,2015,5,-0.5577237117917104,1.6585964095743686
29,1549062000,407,337,0,744,5,-0.5577237117917104,-0.07950173548122838
29,1549076400,54,47,0,101,5,-0.5577237117917104,-0.9588070913197404
29,1549090800,15,46,31,61,5,-0.39729875546866256,-1.0135072689768796
29,1549105200,56,251,195,307,5,0.45140101346617145,-0.6771011763854737
29,1549119600,222,286,64,508,5,-0.22652380196348254,-0.40223278365834947
29,1549134000,273,226,0,499,5,-0.5577237117917104,-0.41454032363120574
29,1549148400,181,90,0,271,5,-0.5577237117917104,-0.7263313362768989
29,1549162800,68,26,0,94,5,-0.5577237117917104,-0.9683796224097397
29,1549177200,13,26,13,39,5,-0.49044873010785167,-1.043592366688306
29,1549191600,44,162,118,206,5,0.05292612195408475,-0.8152191249697501
29,1549206000,150,237,87,387,5,-0.10749883436896314,-0.5677008210711955
29,1549220400,194,210,16,404,5,-0.47492373433465346,-0.5444532455669112
29,1549234800,148,47,0,195,5,-0.5577237117917104,-0.8302616738254633
29,1549249200,26,26,0,52,5,-0.5577237117917104,-1.0258148089497359
29,1549263600,101,172,71,273,5,-0.19029881182602013,-0.723596327394042
29,1549278000,709,1265,556,1974,5,2.3195755048410196,1.602528727475801
29,1549292400,391,410,19,801,5,-0.4593987385614553,-0.0015539823198050756
29,1549306800,1381,843,0,2224,5,-0.5577237117917104,1.9444048378329208
29,1549321200,522,323,0,845,5,-0.5577237117917104,0.058616213103048
29,1549335600,43,59,16,102,6,-0.47576599929064195,-0.9618383767483951
29,1549350000,93,207,114,300,6,0.12074632472327208,-0.7010143508976503
29,1549364400,727,1198,471,1925,6,2.293755505059673,1.4395868713622508
29,1549378800,432,436,4,868,6,-0.5488083246801009,0.04720810709842592
29,1549393200,1397,824,0,2221,6,-0.5731557664765872,1.829505617078516
29,1549407600,610,334,0,944,6,-0.5731557664765872,0.1473223796471967
29,1549422000,43,57,14,100,6,-0.4879397201888851,-0.9644729628680997
29,1549436400,110,159,49,269,6,-0.2748996044696301,-0.74185043575307
29,1549450800,776,1286,510,2062,6,2.5311430625754143,1.6200560205620087
29,1549465200,519,386,0,905,6,-0.5731557664765872,0.09594795031295905
29,1549479600,1447,839,0,2286,6,-0.5731557664765872,1.9151296659689119
29,1549494000,583,439,0,1022,6,-0.5731557664765872,0.2500712383156719
29,1549508400,39,92,53,131,6,-0.2505521626731438,-0.92363687801268
29,1549522800,85,168,83,253,6,-0.06794634919949664,-0.7629271247107059
29,1549527066,101,282,181,383,6,0.5285659748144174,-0.5916790269299138
29,1549537200,653,1327,674,1980,6,3.5293881762313526,1.5120379896541245
29,1549551600,521,428,0,949,6,-0.5731557664765872,0.1539088449464579
29,1549566000,1400,855,0,2255,6,-0.5731557664765872,1.8742935811134922
29,1549580400,604,424,0,1028,6,-0.5731557664765872,0.2579749966747854
29,1549594800,54,65,11,119,6,-0.5062003015362498,-0.939444394730907
29,1549609200,86,199,113,285,6,0.11465946427415051,-0.7207737467954339
29,1549623600,705,1064,359,1769,6,1.612027134758057,1.2340891540253003
29,1549638000,429,521,92,950,6,-0.013164605157402504,0.15522613800631016
29,1549652400,1260,863,0,2123,6,-0.5731557664765872,1.7004108972129957
29,1549666800,418,379,0,797,6,-0.5731557664765872,-0.04631970015108361
29,1549681200,77,85,8,162,6,-0.5244608828836146,-0.8828007931572603
29,1549695600,15,54,39,69,6,-0.3357682089608458,-1.0053090477235194
29,1549710000,59,263,204,322,6,0.6685637651442136,-0.6720339035809009
29,1549724400,216,358,142,574,6,0.2911784172986761,-0.34007605249813466
29,1549738800,304,292,0,596,6,-0.5731557664765872,-0.31109560518138524
29,1549753200,169,109,0,278,6,-0.5731557664765872,-0.7299947982143997
29,1549767600,81,35,0,116,6,-0.5731557664765872,-0.9433962739104637
29,1549782000,11,43,32,54,6,-0.37837623210469684,-1.0250684436213031
29,1549796400,37,165,128,202,6,0.2059623710109741,-0.8301090707631705
29,1549810800,164,257,93,421,6,-0.007077744708280932,-0.5416218906555285
29,1549825200,205,185,0,390,6,-0.5731557664765872,-0.582457975510948
29,1549839600,146,77,0,223,6,-0.5731557664765872,-0.8024459165062733
29,1549854000,23,17,0,40,6,-0.5731557664765872,-1.0435105464592345
29,1549868400,80,160,80,240,6,-0.08620693054686136,-0.7800519344887851
29,1549882800,752,1300,548,2052,6,2.7624437596420344,1.6068830899634863
29,1549897200,399,430,31,829,6,-0.3844630925538184,-0.004166322235811709
29,1549911600,1449,822,0,2271,6,-0.5731557664765872,1.8953702700711281
29,1549926000,530,388,0,918,6,-0.5731557664765872,0.11307276009103825
29,1549940400,47,42,0,89,7,-0.5582155845642526,-0.9258250001640824
29,1549954800,83,170,87,253,7,-0.04932078634754414,-0.6888852498028958
29,1549969200,730,1113,383,1843,7,1.6820914006886134,1.6082745250403159
29,1549983600,313,374,61,687,7,-0.2014042892628823,-0.06186176409097508
29,1549998000,1334,805,0,2139,7,-0.5582155845642526,2.0359218793507505
29,1550012400,345,375,30,720,7,-0.38273461966193933,-0.014184863103663133
29,1550026800,45,70,25,115,7,-0.4119814471456582,-0.8882613812043821
29,1550041200,95,173,78,268,7,-0.10196507581823812,-0.6672139311722994
29,1550055600,831,1372,541,2203,7,2.60629114917413,2.128386172174628
29,1550070000,503,450,0,953,7,-0.5582155845642526,0.32244295295826664
29,1550084400,1398,861,0,2259,7,-0.5582155845642526,2.209292428395521
29,1550098800,587,425,0,1012,7,-0.5582155845642526,0.40768347290527895
29,1550113200,50,78,28,128,7,-0.3944333506554269,-0.8694795717245319
29,1550127600,108,172,64,280,7,-0.18385619277265097,-0.6498768762678224
29,1550142000,771,1255,484,2026,7,2.2728773158597346,1.8726646123335913
29,1550156400,424,396,0,820,7,-0.5582155845642526,0.1302905944336458
29,1550170800,1421,818,0,2239,7,-0.5582155845642526,2.1803973368880594
29,1550185200,543,438,0,981,7,-0.5582155845642526,0.3628960810687132
29,1550199600,73,98,25,171,7,-0.4119814471456582,-0.8073551249834892
29,1550214000,96,212,116,308,7,0.12031081305802535,-0.6094237481573759
29,1550226406,225,964,739,1189,7,3.764465517529397,0.6634050327463157
29,1550228222,32,55,23,87,7,-0.42368017813914577,-0.9287145093148286
29,1550228400,598,1147,549,1745,7,2.65308607314808,1.4666885766537534
29,1550242800,429,458,29,887,7,-0.38858398515868314,0.22708915098364277
29,1550257200,1246,768,0,2014,7,-0.5582155845642526,1.8553275574291141
29,1550271600,354,328,0,682,7,-0.5582155845642526,-0.06908553696784052
29,1550286000,83,65,0,148,7,-0.5582155845642526,-0.8405844802170702
29,1550300400,26,62,36,88,7,-0.3476384266814767,-0.9272697547394555
29,1550314800,74,262,188,336,7,0.5414651288235772,-0.5689706200469294
29,1550329200,223,359,136,582,7,0.23729812299290087,-0.21356099450514945
29,1550343600,297,280,0,577,7,-0.5582155845642526,-0.22078476738201488
29,1550358000,195,142,0,337,7,-0.5582155845642526,-0.5675258654715564
29,1550372400,62,61,0,123,7,-0.5582155845642526,-0.8767033446013974
29,1550386800,17,21,4,38,7,-0.5348181225772775,-0.99950748350811
29,1550401200,72,170,98,242,7,0.015022234116637393,-0.7047775501319998
29,1550415600,185,342,157,527,7,0.3601347984245201,-0.29302249615066933
29,1550430000,293,277,0,570,7,-0.5582155845642526,-0.23089804940962652
29,1550444400,148,124,0,272,7,-0.5582155845642526,-0.6614349128708071
29,1550458800,24,52,28,76,7,-0.3944333506554269,-0.9446068096439326
29,1550473200,44,60,16,104,7,-0.4646257366163522,-0.9041536815334861
29,1550487600,180,277,97,457,7,0.009172868619893618,-0.3941553164267856
29,1550502000,190,352,162,542,7,0.38938162590823905,-0.27135117752007304
29,1550516400,360,322,0,682,7,-0.5582155845642526,-0.06908553696784052
29,1550530800,149,164,15,313,7,-0.47047510211309596,-0.6021999752805105
29,1550545200,27,47,20,74,8,-0.5059243114859033,-1.2464647490660714
29,1550559600,104,172,68,276,8,-0.24386279762270163,-0.9917389090174977
29,1550574000,848,1363,515,2211,8,2.1965850502283644,1.4483328756062162
29,1550588400,425,405,0,830,8,-0.6151166089289041,-0.2931343773991321
29,1550602800,1325,841,0,2166,8,-0.6151166089289041,1.3915870201498508
29,1550617200,541,367,0,908,8,-0.6151166089289041,-0.1947748946080987
29,1550631600,66,74,8,140,8,-0.5714396899517038,-1.1632374943967356
29,1550646000,88,197,109,285,8,-0.020018587864550158,-0.9803897379262246
29,1550660400,733,1242,509,1975,8,2.163827360995464,1.150732389212833
29,1550674800,465,474,9,939,8,-0.5659800750795537,-0.1556833052937136
29,1550689200,1375,811,0,2186,8,-0.6151166089289041,1.4168074003526798
29,1550703600,447,386,0,833,8,-0.6151166089289041,-0.28935132036870775
29,1550718000,44,70,26,114,8,-0.47316662225300316,-1.1960239886604134
29,1550732400,83,192,109,275,8,-0.020018587864550158,-0.9929999280276393
29,1550746800,826,1320,494,2146,8,2.0819331379132135,1.3663666399470216
29,1550761200,379,494,115,873,8,0.012739101368350058,-0.23891055996304958
29,1550775600,1450,838,0,2288,8,-0.6151166089289041,1.5454313393871082
29,1550790000,604,386,0,990,8,-0.6151166089289041,-0.09137133577649945
29,1550804400,64,79,15,143,8,-0.5332223858466535,-1.1594544373663112
29,1550818800,94,175,81,269,8,-0.17288780428475117,-1.0005660420884879
29,1550833200,701,1233,532,1934,8,2.289398503054915,1.0990306097970333
29,1550847600,431,525,94,956,8,-0.1019128109468007,-0.1342459821213089
29,1550862000,1155,747,0,1902,8,-0.6151166089289041,1.0586780014725068
29,1550876400,416,370,0,786,8,-0.6151166089289041,-0.3486192138453561
29,1551495600,9663,8637,0,18300,9,-0.8069926030615291,4.21554542812506
29,1551510000,16,41,25,57,9,-0.479926488339493,-0.33765032792229216
29,1551524400,62,241,179,303,9,1.5348007783482496,-0.2762521940634067
29,1551538800,205,318,113,523,9,0.6713462354820742,-0.22134329386440332
29,1551553200,329,232,0,561,9,-0.8069926030615291,-0.21185902928457548
29,1551567600,191,119,0,310,9,-0.8069926030615291,-0.27450509269343837
29,1551582000,75,48,0,123,9,-0.8069926030615291,-0.32117765786259117
29,1551596400,14,35,21,49,9,-0.5322570666950187,-0.33964701520225593
29,1551610800,51,179,128,230,9,0.8675859043152959,-0.2944719654930759
29,1551625200,161,302,141,463,9,1.0376602839707547,-0.2363184484641315
29,1551639600,217,177,0,394,9,-0.8069926030615291,-0.2535398762538189
29,1551654000,121,66,0,187,9,-0.8069926030615291,-0.3052041596228811
29,1551668400,28,24,0,52,9,-0.8069926030615291,-0.33889825747226954
29,1551682800,75,150,75,225,9,0.17420574110457926,-0.2957198950430533
29,1551687659,153,251,98,404,9,0.4751065666488525,-0.2510440171538642
29,1551697200,562,835,273,1397,9,2.7645693697031053,-0.0032052085283628792
29,1551711600,284,390,106,674,9,0.579767723359904,-0.1836558214550874
29,1551726000,1190,708,0,1898,9,-0.8069926030615291,0.1218373323793674
29,1551740400,312,325,13,637,9,-0.6369182234060703,-0.1928905001249198
29,1551754800,44,65,21,109,10,-0.4386487351743516,-0.9744933481318243
29,1551769200,103,180,77,283,10,-0.14253079449774822,-0.7432248709682395
29,1551783600,790,1372,582,2162,10,2.5278184919609075,1.754208856562657
29,1551798000,475,456,0,931,10,-0.5496929629280779,0.11805083708924898
29,1551812400,1522,894,0,2416,10,-0.5496929629280779,2.0918076680543267
29,1551826800,575,426,0,1001,10,-0.5496929629280779,0.21108987962632336
29,1551841200,44,69,25,113,10,-0.41749745369745134,-0.9691768314154201
29,1551855600,90,165,75,255,10,-0.15310643523619832,-0.7804404879830692
29,1551862858,503,846,343,1349,10,1.2640294237161178,0.6736268339534931
29,1551863476,46,109,63,155,10,-0.21656027966689906,-0.9133534058931755
29,1551870000,283,1097,814,1380,10,3.754592817621121,0.714829838505626
29,1551884400,487,442,0,929,10,-0.5496929629280779,0.11539257873104686
29,1551898800,1424,926,0,2350,10,-0.5496929629280779,2.0040851422336567
29,1551913200,561,433,0,994,10,-0.5496929629280779,0.20178597537261592
29,1551927600,50,69,19,119,10,-0.44922437591280173,-0.9612020563408138
29,1551942000,93,163,70,256,10,-0.17954553708232363,-0.7791113588039682
29,1551945034,306,207,0,513,10,-0.5496929629280779,-0.4375251597749951
29,1551956400,619,1195,576,1814,10,2.496091569745557,1.2916719022354872
29,1551970800,445,504,59,949,10,-0.2377115611437993,0.14197516231306812
29,1551985200,1371,871,0,2242,10,-0.5496929629280779,1.860539190890742
29,1551999600,541,426,0,967,10,-0.5496929629280779,0.16589948753688724
29,1552014000,62,91,29,153,10,-0.39634617222055113,-0.9160116642513776
29,1552028400,90,199,109,289,10,0.02667945731745372,-0.7352500958936331
29,1552042800,750,1136,386,1886,10,1.4914056995927956,1.3873692031307638
29,1552057200,472,522,50,994,10,-0.28530194446682483,0.20178597537261592
29,1552071600,1223,902,0,2125,10,-0.5496929629280779,1.7050310769359178
29,1552086000,446,409,0,855,10,-0.5496929629280779,0.017037019477568232
29,1552100400,80,77,0,157,10,-0.5496929629280779,-0.9106951475349734
29,1552114800,16,43,27,59,10,-0.4069218129590012,-1.0409498070868775
29,1552129200,61,252,191,313,10,0.46028072759390865,-0.7033509955952076
29,1552143600,268,364,96,632,10,-0.04206220748247207,-0.2793587874619687
29,1552158000,371,259,0,630,10,-0.5496929629280779,-0.28201704582017084
29,1552172400,206,103,0,309,10,-0.5496929629280779,-0.7086675123116118
29,1552190400,77,47,0,124,10,-0.5496929629280779,-0.9545564104453085
29,1552204800,15,34,19,49,10,-0.44922437591280173,-1.054241098877888
29,1552219200,59,191,132,250,10,0.1482993258096301,-0.7870861338785745
29,1552233600,180,250,70,430,10,-0.17954553708232363,-0.5478428816403833
29,1552248000,226,171,0,397,10,-0.5496929629280779,-0.5917041445507184
29,1552262400,120,54,0,174,10,-0.5496929629280779,-0.8880999514902553
29,1552276800,14,13,0,27,10,-0.5496929629280779,-1.0834819408181116
29,1552291200,231,421,190,652,10,0.4549929072246836,-0.2527762038799474
29,1552305600,658,1209,551,1867,10,2.3638960605149304,1.3621157487278437
29,1552320000,562,467,0,1029,10,-0.5496929629280779,0.2483054966411531
29,1552334400,1493,875,0,2368,10,-0.5496929629280779,2.028009467457476
29,1552348800,360,228,0,588,11,-0.5590291673242866,-0.39888825313029824
29,1552363200,27,32,5,59,11,-0.5317129693754863,-1.1164454768515235
29,1552377600,290,417,127,707,11,0.13480226057524278,-0.23747178881493752
29,1552392000,729,1139,410,1868,11,1.6808990644773438,1.337356068917279
29,1552406400,609,527,0,1136,11,-0.5590291673242866,0.3444413472463208
29,1552420800,1465,875,0,2340,11,-0.5590291673242866,1.9775961626723233
29,1552435200,374,302,0,676,11,-0.5590291673242866,-0.27952145598952727
29,1552449600,27,27,0,54,11,-0.5590291673242866,-1.1232276812345219
29,1552464000,277,393,116,670,11,0.07470662508788196,-0.2876601012491253
29,1552478400,699,1222,523,1921,11,2.2982451381202322,1.4092474353770617
29,1552492800,647,485,0,1132,11,-0.5590291673242866,0.33901558373992213
29,1552507200,1455,883,0,2338,11,-0.5590291673242866,1.974883280919124
29,1552521600,369,322,0,691,11,-0.5590291673242866,-0.2591748428405322
29,1552536000,32,43,11,75,11,-0.49893353183692585,-1.0947424228259288
29,1552550400,258,410,152,668,11,0.27138325031924465,-0.2903729830023246
29,1552551770,16,52,36,68,11,-0.362352542092924,-1.1042375089621266
29,1552564800,704,1152,448,1856,11,1.8885021688882266,1.321078778398083
29,1552579200,593,459,0,1052,11,-0.5590291673242866,0.23050031361194856
29,1552593600,1468,858,0,2326,11,-0.5590291673242866,1.9586059903999278
29,1552608000,452,285,0,737,11,-0.5590291673242866,-0.19677856251694742
29,1552622400,32,40,8,72,11,-0.5153232506062061,-1.0988117454557278
29,1552636800,247,370,123,617,11,0.11294930221620249,-0.3595514677089078
29,1552651200,606,1075,469,1681,11,2.003230200273188,1.0837016249931408
29,1552665600,606,547,0,1153,11,-0.5590291673242866,0.3675008421485152
29,1552680000,1167,723,0,1890,11,-0.5590291673242866,1.3671977682024719
29,1552694400,331,330,0,661,11,-0.5590291673242866,-0.2998680691385223
29,1552708800,45,26,0,71,11,-0.5590291673242866,-1.1001681863323274
29,1552723200,26,82,56,108,11,-0.2530877502977225,-1.0499798738981396
29,1552737600,95,293,198,388,11,0.5226922714482081,-0.6701764284502322
29,1552752000,302,426,124,728,11,0.11841254180596256,-0.20898653040634446
29,1552766400,263,254,0,517,11,-0.5590291673242866,-0.4951955553688748
29,1552780800,197,71,0,268,11,-0.5590291673242866,-0.8329493336421926
29,1552795200,33,19,0,52,11,-0.5590291673242866,-1.1259405629877213
29,1552809600,28,49,21,77,11,-0.4443011359393251,-1.0920295410727294
29,1552824000,72,863,791,935,11,3.762393348175932,0.07179673104978719
29,1552838400,206,350,144,556,11,0.22767733360116404,-0.4422943611814876
29,1552852800,264,196,0,460,11,-0.5590291673242866,-0.572512685335056
29,1552867200,207,80,0,287,11,-0.5590291673242866,-0.8071769569867988
29,1552881600,16,12,0,28,11,-0.5590291673242866,-1.1584951440261133
29,1552896000,239,398,159,637,11,0.3096259274475652,-0.3324226501769144
29,1552910400,714,1193,479,1907,11,2.057862596170789,1.3902572631046661
29,1552924800,1007,532,0,1539,11,-0.5590291673242866,0.8910870205159878
29,1552939200,1461,874,0,2335,11,-0.5590291673242866,1.970813958289325
29,1552953600,308,169,0,477,12,-0.542264579100696,-0.502224106499003
29,1552968000,46,13,0,59,12,-0.542264579100696,-1.0482726860305875
29,1552982400,247,405,158,652,12,0.4523367882050583,-0.27361525143195203
29,1552996800,687,1245,558,1932,12,2.9703149332829173,1.398495231344192
29,1553011200,624,511,0,1135,12,-0.542264579100696,0.35734518855310865
29,1553025600,1531,951,0,2482,12,-0.542264579100696,2.1169802044120667
29,1553040000,365,233,0,598,12,-0.542264579100696,-0.3441574124240706
29,1553054400,37,5,0,42,12,-0.542264579100696,-1.0704804033799582
29,1553068800,257,376,119,633,12,0.206833919059967,-0.2984356414106604
29,1553083200,701,1233,532,1934,12,2.8066463538528565,1.40110790397353
29,1553097600,623,488,0,1111,12,-0.542264579100696,0.32599311700105593
29,1553112000,1487,852,0,2339,12,-0.542264579100696,1.9301741114144193
29,1553126400,371,181,0,552,12,-0.542264579100696,-0.4042488828988383
29,1553140800,52,11,0,63,12,-0.542264579100696,-1.043047340771912
29,1553155200,219,392,173,611,12,0.546760968645478,-0.3271750403333754
29,1553169600,781,1227,446,2008,12,2.265281052661117,1.4977767912590256
29,1553184000,597,536,0,1133,12,-0.542264579100696,0.3547325159237709
29,1553198400,1374,850,0,2224,12,-0.542264579100696,1.7799454352275002
29,1553212800,351,194,0,545,12,-0.542264579100696,-0.4133932371015203
29,1553227200,58,15,0,73,12,-0.542264579100696,-1.0299839776252235
29,1553241600,225,368,143,593,12,0.35791260776463857,-0.35068909399741494
29,1553256000,774,1152,378,1926,12,1.8372247679978808,1.390657213456179
29,1553270400,594,537,0,1131,12,-0.542264579100696,0.3521198432944332
29,1553284800,1133,833,0,1966,12,-0.542264579100696,1.4429106660429334
29,1553299200,295,176,0,471,12,-0.542264579100696,-0.5100621243870161
29,1553313600,36,14,0,50,12,-0.542264579100696,-1.0600297128626073
29,1553328000,34,65,31,99,12,-0.347121272857162,-0.996019233443833
29,1553342400,114,286,172,400,12,0.5404660232827834,-0.6028120027285054
29,1553356800,350,342,0,692,12,-0.542264579100696,-0.22136179884519752
29,1553371200,319,213,0,532,12,-0.542264579100696,-0.43037560919221557
29,1553385600,163,63,0,226,12,-0.542264579100696,-0.8301145214808875
29,1553400000,25,25,0,50,12,-0.542264579100696,-1.0600297128626073
29,1553414400,15,48,33,63,12,-0.3345313821317727,-1.043047340771912
29,1553428800,78,234,156,312,12,0.439746897479669,-0.7177695984193653
29,1553443200,233,291,58,524,12,-0.17715774806440648,-0.44082629970956644
29,1553457600,275,199,0,474,12,-0.542264579100696,-0.5061431154430096
29,1553472000,90,43,0,133,12,-0.542264579100696,-0.9516037987450917
29,1553486400,14,7,0,21,12,-0.542264579100696,-1.0979134659880043
29,1553500800,246,392,146,638,12,0.3767974438527225,-0.2919039598373161
29,1553515200,681,1196,515,1877,12,2.699632282687048,1.3266467340374046
29,1553529600,608,481,0,1089,12,-0.542264579100696,0.29725371807834094
29,1553544000,1435,876,0,2311,12,-0.542264579100696,1.893596694603691
29,1553558400,325,148,0,473,13,-0.5923818757863438,-0.5156399244742028
29,1553572800,37,6,0,43,13,-0.5923818757863438,-1.0832304063419487
29,1553587200,246,413,167,659,13,0.49701678094292084,-0.2701240416197826
29,1553601600,712,1148,436,1860,13,2.251796653159521,1.3151693740154793
29,1553616000,605,496,0,1101,13,-0.5923818757863438,0.3133061746256677
29,1553630400,1463,881,0,2344,13,-0.5923818757863438,1.9540386605828954
29,1553644800,354,189,0,543,13,-0.5923818757863438,-0.4232414739375931
29,1553659200,30,15,0,45,13,-0.5923818757863438,-1.0805904506123312
29,1553673600,242,394,152,636,13,0.3991666021947833,-0.30048353251038296
29,1553688000,751,1207,456,1958,13,2.3822635581570375,1.444527204766733
29,1553702400,667,428,0,1095,13,-0.5923818757863438,0.3053863074368154
29,1553716800,1431,802,0,2233,13,-0.5923818757863438,1.8075211175891286
29,1553731200,330,190,0,520,13,-0.5923818757863438,-0.45360096482819345
29,1553745600,37,10,0,47,13,-0.5923818757863438,-1.0779504948827139
29,1553760000,250,397,147,647,13,0.3665498759454041,-0.2859637759974871
29,1553774400,697,1189,492,1886,13,2.617103987152568,1.349488798500506
29,1553788800,634,494,0,1128,13,-0.5923818757863438,0.3489455769755029
29,1553803200,1414,816,0,2230,13,-0.5923818757863438,1.8035611839947026
29,1553817600,353,190,0,543,13,-0.5923818757863438,-0.4232414739375931
29,1553832000,43,11,0,54,13,-0.5923818757863438,-1.0687106498290528
29,1553846400,235,438,203,673,13,0.7318572099384509,-0.2516443515124607
29,1553860800,636,1112,476,1748,13,2.512730463154554,1.1673318531569037
29,1553875200,805,632,0,1437,13,-0.5923818757863438,0.7568187372013946
29,1553889600,1232,831,0,2063,13,-0.5923818757863438,1.5831248805716478
29,1553904000,328,268,0,596,13,-0.5923818757863438,-0.3532826471027314
29,1553918400,37,31,0,68,13,-0.5923818757863438,-1.0502309597217308
29,1553932800,33,84,51,117,13,-0.25969126804267617,-0.985552044346104
29,1553947200,118,310,192,428,13,0.6601004121898167,-0.5750389283905949
29,1553961600,284,431,147,715,13,0.3665498759454041,-0.1962052811904948
29,1553976000,347,290,0,637,13,-0.5923818757863438,-0.29916355464557426
29,1553990400,176,81,0,257,13,-0.5923818757863438,-0.8007551432728844
29,1554004800,36,15,0,51,13,-0.5923818757863438,-1.0726705834234789
29,1554019200,28,43,15,71,13,-0.49453169703820626,-1.0462710261273047
29,1554033600,81,231,150,312,13,0.3861199116950316,-0.7281563607084054
29,1554048000,176,243,67,419,13,-0.15531774404466278,-0.5869187291738732
29,1554062400,162,167,5,329,13,-0.5597651495369647,-0.7057167370066573
29,1554076800,123,66,0,189,13,-0.5923818757863438,-0.8905136380798768
29,1554091200,12,9,0,21,13,-0.5923818757863438,-1.1122699193677403
29,1554105600,228,402,174,630,13,0.5426801976920517,-0.30840339969923525
29,1554120000,738,1222,484,1960,13,2.564917225153561,1.4471671604963505
29,1554134400,590,488,0,1078,13,-0.5923818757863438,0.2829466837350673
29,1554148800,1451,978,0,2429,13,-0.5923818757863438,2.066236779091636
29,1554163200,300,223,0,523,14,-0.6025714317220204,-0.46792174740566905
29,1554177600,26,34,8,60,14,-0.5513017429252114,-1.0809105846497165
29,1554192000,253,432,179,685,14,0.5445878551065817,-0.2534418518688749
29,1554206400,765,1182,417,1947,14,2.0698610968116506,1.4173830133622003
29,1554220800,641,504,0,1145,14,-0.6025714317220204,0.3555751354578245
29,1554235200,1449,908,0,2357,14,-0.6025714317220204,1.9602025020664322
29,1554249600,350,251,0,601,14,-0.6025714317220204,-0.36465364955462004
29,1554264000,25,34,9,59,14,-0.5448930318256103,-1.0822345346221658
29,1554278400,244,431,187,675,14,0.5958575439033907,-0.26668135159336837
29,1554292800,714,1248,534,1962,14,2.8196802954649827,1.4372422629489405
29,1554307200,611,451,0,1062,14,-0.6025714317220204,0.24568728774452872
29,1554321600,1463,952,0,2415,14,-0.6025714317220204,2.0369916004684945
29,1554336000,402,284,0,686,14,-0.6025714317220204,-0.2521179018964256
29,1554350400,25,30,5,55,14,-0.5705278762240148,-1.0875303345119633
29,1554364800,230,384,154,614,14,0.3843700776165535,-0.34744229991277853
29,1554379200,706,1217,511,1923,14,2.672279940174157,1.3856082140234158
29,1554393600,632,550,0,1182,14,-0.6025714317220204,0.4045612844384503
29,1554408000,1495,890,0,2385,14,-0.6025714317220204,1.997273101295014
29,1554422400,393,275,0,668,14,-0.6025714317220204,-0.2759490014005138
29,1554436800,31,45,14,76,14,-0.5128494763276047,-1.0597273850905269
29,1554451200,208,383,175,591,14,0.5189530107081772,-0.3778931492791135
29,1554465600,664,1115,451,1779,14,2.287757274198089,1.1949594179907101
29,1554480000,652,569,0,1221,14,-0.6025714317220204,0.45619533336397483
29,1554494400,1236,878,0,2114,14,-0.6025714317220204,1.638482658761241
29,1554508800,268,124,0,392,14,-0.6025714317220204,-0.6413591937965335
29,1554523200,43,13,0,56,14,-0.6025714317220204,-1.0862063845395138
29,1554537600,31,68,37,99,14,-0.3654491210367787,-1.029276535724192
29,1554552000,121,399,278,520,14,1.1790502539670935,-0.4718935973230171
29,1554566400,333,418,85,751,14,-0.05783098825592444,-0.16606115368721805
29,1554580800,331,287,0,618,14,-0.6025714317220204,-0.34214650002298114
29,1554595200,198,83,0,281,14,-0.6025714317220204,-0.7883176407384109
29,1554609600,39,13,0,52,14,-0.6025714317220204,-1.0915021844293114
29,1554624000,19,61,42,80,14,-0.333405565538773,-1.0544315852007295
29,1554638400,106,245,139,351,14,0.28823941112253654,-0.6956411426669566
29,1554652800,228,332,104,560,14,0.06393452263649702,-0.41893559842504324
29,1554667200,281,175,0,456,14,-0.6025714317220204,-0.5566263955597753
29,1554681600,123,49,0,172,14,-0.6025714317220204,-0.9326281877353897
29,1554696000,14,10,0,24,14,-0.6025714317220204,-1.128572783657893
29,1554710400,231,402,171,633,14,0.4933181663097727,-0.32228725043624096
29,1554724800,642,1091,449,1733,14,2.274939851998887,1.1340577192580403
29,1554739200,563,425,0,988,14,-0.6025714317220204,0.14771498978327707
29,1554753600,1448,811,0,2259,14,-0.6025714317220204,1.8304554047663963
29,1554768000,316,237,0,553,15,-0.45773513484938727,-0.4343055445520511
29,1554782400,25,28,3,53,15,-0.4444122826916089,-1.0833993055365414
29,1554796800,241,438,197,679,15,0.41713215684472926,-0.2707339167839595
29,1554811200,667,1178,511,1845,15,1.8115906826922044,1.242952733831872
29,1554825600,692,516,0,1208,15,-0.45773513484938727,0.41600728233763123
29,1554840000,1488,863,0,2351,15,-0.45773513484938727,1.899835619948176
29,1554854400,304,207,0,511,15,-0.45773513484938727,-0.4888294204747483
29,1554868800,30,27,0,57,15,-0.45773513484938727,-1.0782065554486655
29,1554883200,261,425,164,686,15,0.2705807831091666,-0.2616466041301767
29,1554897600,720,1926,1206,2646,15,4.898051432577539,2.2828009389290256
29,1554912000,597,487,0,1084,15,-0.45773513484938727,0.2550320296134776
29,1554926400,1517,788,0,2305,15,-0.45773513484938727,1.840118993937603
29,1554940800,388,291,0,679,15,-0.45773513484938727,-0.2707339167839595
29,1554955200,27,26,0,53,15,-0.45773513484938727,-1.0833993055365414
29,1554969600,253,426,173,679,15,0.31054933958250186,-0.2707339167839595
29,1554984000,687,1233,546,1920,15,1.967023957866286,1.3403167979795454
29,1554998400,609,573,0,1182,15,-0.45773513484938727,0.38225440676643774
29,1555012800,1410,804,0,2214,15,-0.45773513484938727,1.7219839294384258
29,1555027200,358,237,0,595,15,-0.45773513484938727,-0.3797816686293539
29,1555041600,35,44,9,79,15,-0.417766578376052,-1.0496464299653478
29,1555056000,217,379,162,596,15,0.26169888167064764,-0.37848348110738494
29,1555070400,640,1139,499,1779,15,1.7582992740610908,1.1572723573819192
29,1555084800,617,528,0,1145,15,-0.45773513484938727,0.33422146845358547
29,1555099200,1219,794,0,2013,15,-0.45773513484938727,1.4610482375226608
29,1555113600,290,196,0,486,15,-0.45773513484938727,-0.5212841085239728
29,1555128000,62,17,0,79,15,-0.45773513484938727,-1.0496464299653478
29,1555142400,37,50,13,87,15,-0.40000277549901414,-1.039260929789596
29,1555156800,150,337,187,487,15,0.37272264965213453,-0.5199859210020038
29,1555171200,415,344,0,759,15,-0.45773513484938727,-0.1668789150264411
29,1555185600,447,228,0,675,15,-0.45773513484938727,-0.2759266668718355
29,1555200000,192,87,0,279,15,-0.45773513484938727,-0.7900089255715518
29,1555214400,48,17,0,65,15,-0.45773513484938727,-1.0678210552729137
29,1555228800,20,50,30,70,15,-0.3245066132716031,-1.0613301176630687
29,1555243200,112,234,122,346,15,0.08406085290026864,-0.7030303615996301
29,1555257600,286,237,0,523,15,-0.45773513484938727,-0.4732511702111205
29,1555272000,284,168,0,452,15,-0.45773513484938727,-0.5654224842709181
29,1555286400,113,54,0,167,15,-0.45773513484938727,-0.9354059280320777
29,1555300800,21,9,0,30,15,-0.45773513484938727,-1.113257618541828
29,1555315200,224,401,177,625,15,0.32831314245953974,-0.3408360429702845
29,1555329600,722,1052,330,1774,15,1.0077786025062394,1.1507814197720743
29,1555344000,583,552,0,1135,15,-0.45773513484938727,0.3212395932338956
29,1555358400,1424,902,0,2326,15,-0.45773513484938727,1.8673809318989516
29,1555372800,298,238,0,536,16,-0.604266017739825,-0.4297206503428241
29,1555387200,23,28,5,51,16,-0.5779390750582143,-1.0827165210987606
29,1555401600,259,458,199,717,16,0.4435463009882782,-0.18602528414318595
29,1555416000,781,1300,519,2081,16,2.1284706326113585,1.6504414534054683
29,1555430400,673,504,0,1177,16,-0.604266017739825,0.4333110056459496
29,1555444800,1491,901,0,2392,16,-0.604266017739825,2.0691666406324707
29,1555459200,355,266,0,621,16,-0.604266017739825,-0.3152780750557012
29,1555473600,31,32,1,63,16,-0.5990006292035028,-1.0665599222346962
29,1555488000,242,449,207,691,16,0.4856694092788552,-0.22103124834865884
29,1555502400,707,1362,655,2069,16,2.8445634735511676,1.634284854541404
29,1555516800,659,575,0,1234,16,-0.604266017739825,0.5100548502502555
29,1555531200,1457,874,0,2331,16,-0.604266017739825,1.987037263073477
29,1555545600,372,319,0,691,16,-0.604266017739825,-0.22103124834865884
29,1555560000,27,35,8,62,16,-0.5621429094492479,-1.0679063054733682
29,1555574400,256,420,164,676,16,0.2592577022170038,-0.24122699692873936
29,1555588800,746,1364,618,2110,16,2.649744097707249,1.6894865673269575
29,1555603200,672,586,0,1258,16,-0.604266017739825,0.5423680479783843
29,1555617600,1370,877,0,2247,16,-0.604266017739825,1.873941071025026
29,1555632000,308,303,0,611,16,-0.604266017739825,-0.32874190744242154
29,1555646400,27,40,13,67,16,-0.5358159667676373,-1.061174389280008
29,1555660800,138,260,122,398,16,0.03811138369147445,-0.6155215372795647
29,1555675200,469,970,501,1439,16,2.03369363895756,0.7860634141780225
29,1555689600,579,571,0,1150,16,-0.604266017739825,0.3969586582018047
29,1555704000,713,678,0,1391,16,-0.604266017739825,0.7214370187217649
29,1555718400,219,249,30,468,16,-0.4463043616501612,-0.5212747105725224
29,1555732800,33,29,0,62,16,-0.604266017739825,-1.0679063054733682
29,1555747200,31,47,16,78,16,-0.520019801158671,-1.0463641736546156
29,1555761600,105,356,251,461,16,0.7173465048770288,-0.5306993932432267
29,1555776000,215,392,177,607,16,0.32770775318919143,-0.3341274403971097
29,1555790400,252,337,85,589,16,-0.15670799215244421,-0.3583623386932063
29,1555804800,130,145,15,275,16,-0.525285189694993,-0.781126675636225
29,1555819200,29,42,13,71,16,-0.5358159667676373,-1.05578885632532
29,1555833600,27,25,0,52,16,-0.604266017739825,-1.0813701378600884
29,1555848000,103,227,124,330,16,0.0486421607641187,-0.7070755975092631
29,1555862400,194,284,90,478,16,-0.1303810494708336,-0.5078108781858021
29,1555876800,196,243,47,439,16,-0.35679275653268505,-0.5603198244940114
29,1555891200,112,96,0,208,16,-0.604266017739825,-0.8713343526272512
29,1555905600,15,23,8,38,16,-0.5621429094492479,-1.100219503201497
29,1555920000,209,351,142,560,16,0.14341915441791697,-0.3974074526146953
29,1555934400,627,1292,665,1919,16,2.897217358914389,1.4323273687405988
29,1555948800,445,590,145,1035,16,0.15921532002688335,0.2421245857545208
29,1555963200,1270,914,0,2184,16,-0.604266017739825,1.7891189269886878
29,1555977600,201,217,16,418,17,-0.5707343184651806,-0.5323819026353204
29,1555992000,21,39,18,60,17,-0.5590893199020733,-1.0372781439642784
29,1556006400,220,391,171,611,17,0.3317530701756343,-0.2601892362205469
29,1556020800,704,1261,557,1965,17,2.579237792855341,1.6493904027722162
29,1556035200,452,589,137,1041,17,0.13378809460281038,0.3462503832527826
29,1556049600,1313,937,0,2250,17,-0.6638943069700389,2.051332941260353
29,1556064000,255,268,13,523,17,-0.5882018163098416,-0.38429780950811204
29,1556078400,27,31,4,58,17,-0.6406043098438243,-1.0400987933571777
29,1556092800,231,366,135,597,17,0.12214309603970311,-0.2799337819708414
29,1556107200,684,1289,605,1973,17,2.858717758369916,1.660673000343813
29,1556121600,453,543,90,996,17,-0.1398693716302109,0.28278577191255044
29,1556136000,1209,943,0,2152,17,-0.6638943069700389,1.9131211210082921
29,1556150400,262,317,55,579,17,-0.34365684648458844,-0.3053196265069342
29,1556164800,30,34,4,64,17,-0.6406043098438243,-1.03163684517848
29,1556179200,218,364,146,582,17,0.1861905881367932,-0.3010886524175854
29,1556193600,672,1304,632,1976,17,3.0159252389718643,1.6649039744331617
29,1556208000,460,548,88,1008,17,-0.1515143701933182,0.29970966826994566
29,1556222400,1292,957,0,2249,17,-0.6638943069700389,2.0499226165639035
29,1556236800,366,293,0,659,17,-0.6638943069700389,-0.19249365079096595
29,1556251200,30,46,16,76,17,-0.5707343184651806,-1.0147129488210849
29,1556263512,113,221,108,334,17,-0.0350643845622453,-0.6508491771370871
29,1556265600,103,254,151,357,17,0.21530308454456143,-0.6184117091187462
29,1556280000,652,1122,470,1774,17,2.072680355360174,1.380018385750342
29,1556294400,483,620,137,1103,17,0.13378809460281038,0.43369051443265805
29,1556308800,1016,842,0,1858,17,-0.6638943069700389,1.4984856602521086
29,1556323200,283,264,0,547,17,-0.6638943069700389,-0.35045001679332155
29,1556337600,58,33,0,91,17,-0.6638943069700389,-0.9935580783743407
29,1556352000,27,67,40,94,17,-0.43099433570789314,-0.9893271042849919
29,1556366400,87,343,256,430,17,0.826665509107694,-0.5154580062779252
29,1556380800,300,318,18,618,17,-0.5590893199020733,-0.2503169633453997
29,1556395200,302,260,0,562,17,-0.6638943069700389,-0.3292951463465775
29,1556409600,205,89,0,294,17,-0.6638943069700389,-0.7072621649950712
29,1556424000,43,31,0,74,17,-0.6638943069700389,-1.0175335982139841
29,1556438400,20,71,51,91,17,-0.36694684361080304,-0.9935580783743407
29,1556452800,80,239,159,319,17,0.2618830787969906,-0.6720040475838311
29,1556467200,178,249,71,427,17,-0.25049685797973015,-0.519688980367274
29,1556481600,236,174,0,410,17,-0.6638943069700389,-0.5436645002069173
29,1556496000,129,69,0,198,17,-0.6638943069700389,-0.8426533358542332
29,1556510400,15,13,0,28,17,-0.6638943069700389,-1.0824085342506657
29,1556524800,251,409,158,660,17,0.2560605795154369,-0.19108332609451636
29,1556526847,159,258,99,417,17,-0.0874668780962281,-0.53379222733177
29,1556528382,82,277,195,359,17,0.47149305293292176,-0.615591059725847
29,1556539200,479,1010,531,1489,17,2.4278528115349465,0.978075847262205
29,1556553600,671,483,0,1154,17,-0.6638943069700389,0.5056170739515878
29,1556568000,1463,809,0,2272,17,-0.6638943069700389,2.0823600845822443
29,1556582400,362,189,0,551,18,-0.606437253906927,-0.451689300754082
29,1556596800,28,39,11,67,18,-0.5505366131836628,-1.1062330778947276
29,1556611200,264,451,187,715,18,0.3438736383885648,-0.22990173990477225
29,1556625600,713,1248,535,1961,18,2.1123666358154694,1.4551427772796173
29,1556640000,630,550,0,1180,18,-0.606437253906927,0.39894713689357536
29,1556654400,1505,914,0,2419,18,-0.606437253906927,2.074525111846592
29,1556668800,375,292,0,667,18,-0.606437253906927,-0.29481517234847265
29,1556683200,28,39,11,67,18,-0.5505366131836628,-1.1062330778947276
29,1556697600,245,459,214,704,18,0.4810843019820315,-0.24477773483978693
29,1556712000,733,1193,460,1926,18,1.731225903611395,1.4078100661227524
29,1556726400,669,491,0,1160,18,-0.606437253906927,0.3718998733753669
29,1556740800,1507,804,0,2311,18,-0.606437253906927,1.928469888848266
29,1556755200,397,253,0,650,18,-0.606437253906927,-0.31780534633894986
29,1556769600,29,47,18,76,18,-0.5149634781779492,-1.0940618093115337
29,1556784000,264,430,166,694,18,0.237154233371424,-0.2583013665988912
29,1556790317,126,576,450,702,18,1.6804071393175186,-0.24748246119160777
29,1556790401,489,932,443,1421,18,1.644834004311805,0.7248666622879878
29,1556793588,107,221,114,328,18,-0.027103340956734147,-0.7532662889821067
29,1556798400,249,1094,845,1343,18,3.6877483289256427,0.6193823345669747
29,1556812800,611,528,0,1139,18,-0.606437253906927,0.34350024668124796
29,1556827200,1500,924,0,2424,18,-0.606437253906927,2.0812869277261443
29,1556841600,514,331,0,845,18,-0.606437253906927,-0.054094527036417
29,1556856000,28,37,9,65,18,-0.5607003660424381,-1.1089378042465485
29,1556870400,211,375,164,586,18,0.2269904805126487,-0.4043565895972171
29,1556884800,692,1122,430,1814,18,1.5787696107297655,1.2563453904207849
29,1556899200,665,602,0,1267,18,-0.606437253906927,0.5166027331977824
29,1556913600,1222,792,0,2014,18,-0.606437253906927,1.5268180256028698
29,1556928000,339,272,0,611,18,-0.606437253906927,-0.3705475101994565
29,1556942400,40,25,0,65,18,-0.606437253906927,-1.1089378042465485
29,1556956800,20,76,56,96,18,-0.3218521738612182,-1.0670145457933253
29,1556971200,106,331,225,437,18,0.5369849427052957,-0.6058587028078704
29,1556985600,337,392,55,729,18,-0.3269340502906059,-0.2109686554420263
29,1557000000,315,305,0,620,18,-0.606437253906927,-0.35837624161626264
29,1557014400,236,97,0,333,18,-0.606437253906927,-0.7465044731025546
29,1557028800,39,18,0,57,18,-0.606437253906927,-1.119756709653832
29,1557043200,24,30,6,54,18,-0.5759459953306011,-1.123813799181563
29,1557057600,78,245,167,323,18,0.24223610980081167,-0.7600281048616588
29,1557072000,228,326,98,554,18,-0.10841336382693666,-0.44763221122635066
29,1557086400,208,171,0,379,18,-0.606437253906927,-0.6842957670106751
29,1557100800,119,84,0,203,18,-0.606437253906927,-0.9223116859709098
29,1557115200,12,14,2,26,18,-0.5962735010481517,-1.161679968107055
29,1557129600,269,401,132,670,18,0.06437043477224368,-0.2907580828207414
29,1557144000,757,1329,572,2086,18,2.300396063702813,1.6241881742684205
29,1557158400,564,473,0,1037,18,-0.606437253906927,0.2055592027383846
29,1557172800,1627,822,0,2449,18,-0.606437253906927,2.115096007123905
29,1557187200,324,220,0,544,19,-0.5641851603497136,-0.4093556788767737
29,1557201600,28,26,0,54,19,-0.5641851603497136,-1.0309719936100632
29,1557216000,273,437,164,710,19,0.40814828055870134,-0.1987672947018226
29,1557230400,641,1264,623,1905,19,3.1294961426133505,1.3172153504130364
29,1557244800,752,496,0,1248,19,-0.5641851603497136,0.4837420467808502
29,1557259200,1603,883,0,2486,19,-0.5641851603497136,2.054274695025365
29,1557273600,377,277,0,654,19,-0.5641851603497136,-0.26980915924277
29,1557288000,30,30,0,60,19,-0.5641851603497136,-1.02336036526639
29,1557302400,251,405,154,656,19,0.3488596561130663,-0.267271949794879
29,1557316800,683,1181,498,1864,19,2.388388337042912,1.2652025567312712
29,1557331200,729,309,0,1038,19,-0.5641851603497136,0.2173350547522976
29,1557345600,1548,892,0,2440,19,-0.5641851603497136,1.9959188777238728
29,1557360000,424,311,0,735,19,-0.5641851603497136,-0.1670521766031854
29,1557374400,29,42,13,71,19,-0.487109948570388,-1.00940571330299
29,1557388800,248,403,155,651,19,0.3547885185576298,-0.27361497341460644
29,1557403200,774,1291,517,2065,19,2.501036723489619,1.5201921062443144
29,1557417600,779,497,0,1276,19,-0.5641851603497136,0.5192629790513239
29,1557432000,1605,934,0,2539,19,-0.5641851603497136,2.121510745394476
29,1557446400,419,268,0,687,19,-0.5641851603497136,-0.22794520335256885
29,1557460800,26,32,6,58,19,-0.5286119856823325,-1.0258975747142811
29,1557475200,226,379,153,605,19,0.34293079366850276,-0.3319707907160989
29,1557489600,745,1224,479,1969,19,2.2757399505962055,1.3984060527455475
29,1557504000,643,512,0,1155,19,-0.5641851603497136,0.3657618074539198
29,1557518400,1229,814,0,2043,19,-0.5641851603497136,1.4922828023175136
29,1557532800,290,290,0,580,19,-0.5641851603497136,-0.3636859088147361
29,1557547200,48,27,0,75,19,-0.5641851603497136,-1.0043312944072078
29,1557561600,25,68,43,93,19,-0.3092440752334828,-0.981496409376189
29,1557576000,103,374,271,477,19,1.0425365621269964,-0.49435219538112146
29,1557590400,308,369,61,677,19,-0.20252455123133972,-0.24063125059202373
29,1557604800,283,252,0,535,19,-0.5641851603497136,-0.4207731213922831
29,1557619200,155,80,0,235,19,-0.5641851603497136,-0.8013545385759296
29,1557633600,33,19,0,52,19,-0.5641851603497136,-1.033509203057954
29,1557648000,28,37,9,65,19,-0.510825398348642,-1.0170173416466628
29,1557662400,79,262,183,341,19,0.5207966670054079,-0.6668824378377078
29,1557676800,206,329,123,535,19,0.16506492033159761,-0.4207731213922831
29,1557691200,155,142,0,297,19,-0.5641851603497136,-0.7227010456913093
29,1557705600,100,75,0,175,19,-0.5641851603497136,-0.877470822012659
29,1557720000,11,17,6,28,19,-0.5286119856823325,-1.0639557164326459
29,1557734400,289,446,157,735,19,0.3666462434467568,-0.1670521766031854
29,1557735947,119,178,59,297,19,-0.21438227612046673,-0.7227010456913093
29,1557736028,9,0,0,9,19,-0.5641851603497136,-1.08805920618761
29,1557748800,612,1125,513,1737,19,2.477321273711365,1.1040897567901942
29,1557763200,581,550,0,1131,19,-0.5641851603497136,0.33531529407922805
29,1557777600,1560,987,0,2547,19,-0.5641851603497136,2.13165958318604
29,1557792000,315,189,0,504,20,-0.6367683583443768,-0.3650115439731107
29,1557806400,22,38,16,60,20,-0.5464183356684924,-0.9671330127373797
29,1557820800,295,465,170,760,20,0.32320063258689546,-0.017842408829748437
29,1557835200,646,1187,541,1833,20,2.4181917833839663,1.437284474017235
29,1557849600,625,533,0,1158,20,-0.6367683583443768,0.5218971059634476
29,1557864000,1542,986,0,2528,20,-0.6367683583443768,2.3797944307540977
29,1557878400,346,258,0,604,20,-0.6367683583443768,-0.22939860055773484
29,1557892800,34,29,0,63,20,-0.6367683583443768,-0.9630646244349184
29,1557907200,272,415,143,687,20,0.17073496932134047,-0.11683985752297284
29,1557909170,167,270,103,437,20,-0.055140087368370665,-0.4558722160614126
29,1557909250,4,10,6,14,20,-0.6028870998409201,-1.0295149667084527
29,1557921600,314,1049,735,1363,20,3.513685808329065,0.7999036399649682
29,1557936000,971,1524,553,2495,20,2.4859543003908797,2.3350421594270236
29,1557950400,1425,927,0,2352,20,-0.6367683583443768,2.141115650343036
29,1557964800,372,290,0,662,20,-0.6367683583443768,-0.15074309337681682
29,1557979200,30,54,24,84,20,-0.5012433243305502,-0.9345859063176895
29,1557993600,271,423,152,694,20,0.22155685707652548,-0.10734695148389653
29,1557995165,101,173,72,274,20,-0.23019325630289678,-0.6769213138284753
29,1557995246,5,7,2,12,20,-0.6254746055098912,-1.0322272255767602
29,1558008000,554,1098,544,1652,20,2.4351324126356944,1.1918250464354045
29,1558022400,654,586,0,1240,20,-0.6367683583443768,0.6330997195640559
29,1558036800,1388,940,0,2328,20,-0.6367683583443768,2.108568543923346
29,1558051200,536,332,0,868,20,-0.6367683583443768,0.12861957005885752
29,1558065600,34,53,19,87,20,-0.5294777064167641,-0.9305175180152282
29,1558080000,257,388,131,645,20,0.10297245231442713,-0.17379729375743072
29,1558082676,31,118,87,149,20,-0.1454901100442551,-0.8464374930976951
29,1558083132,5,39,34,44,20,-0.44477456015812233,-0.9888310836838399
29,1558083338,227,424,197,651,20,0.47566629585245046,-0.16566051715250815
29,1558083418,10,3,0,13,20,-0.6367683583443768,-1.0308710961426064
29,1558086900,54,225,171,279,20,0.3288475090041382,-0.6701406666577064
29,1558094400,349,827,478,1176,20,2.0624385690976714,0.5463074357782153
29,1558108800,549,662,113,1211,20,0.0013286768040571195,0.5937719659735968
29,1558123200,1113,912,0,2025,20,-0.6367683583443768,1.6976613253747568
29,1558137600,307,283,0,590,20,-0.6367683583443768,-0.24838441263588745
29,1558152000,38,32,0,70,20,-0.6367683583443768,-0.9535717183958421
29,1558166400,36,83,47,119,20,-0.37136516673396625,-0.8871213761223079
29,1558180800,135,404,269,539,20,0.8822413978939306,-0.31754701377772915
29,1558195200,283,382,99,665,20,-0.07772759303734178,-0.14667470507435554
29,1558209600,336,244,0,580,20,-0.6367683583443768,-0.26194570697742503
29,1558224000,193,117,0,310,20,-0.6367683583443768,-0.6281006541989399
29,1558238400,37,30,0,67,20,-0.6367683583443768,-0.9576401066983034
29,1558252800,22,40,18,62,20,-0.5351245828340068,-0.9644207538690722
29,1558267200,91,305,214,396,20,0.5716631949455777,-0.5114735228617167
29,1558281600,196,318,122,514,20,0.05215056455924212,-0.3514502496315731
29,1558296000,238,227,0,465,20,-0.6367683583443768,-0.4179005919051073
29,1558310400,129,75,0,204,20,-0.6367683583443768,-0.7718503742192384
29,1558324800,20,15,0,35,20,-0.6367683583443768,-1.0010362485912236
29,1558339200,254,415,161,669,20,0.2723787448317105,-0.1412501873377405
29,1558353600,678,1139,461,1817,20,1.966441670004544,1.415586403070775
29,1558368000,529,598,69,1127,20,-0.24713388555462512,0.4798570935046811
29,1558382400,1419,831,0,2250,20,-0.6367683583443768,2.0027904480593524
29,1558396800,278,242,0,520,21,-0.6682757969623312,-0.31854980528663845
29,1558411200,23,39,16,62,21,-0.5724465649741061,-1.0266291287290044
29,1558425600,257,421,164,678,21,0.31397383091697656,-0.07427789894625891
29,1558428402,261,419,158,680,21,0.2780378689213921,-0.07118584949891234
29,1558428482,9,11,2,20,21,-0.6562971429638031,-1.0915621671232825
29,1558440000,439,1029,590,1468,21,2.8654271326034713,1.1470816327556386
29,1558454400,566,551,0,1117,21,-0.6682757969623312,0.6044269547463146
29,1558468800,1417,990,0,2407,21,-0.6682757969623312,2.598798848284856
29,1558483200,277,340,63,617,21,-0.2909481960086947,-0.1685854070903295
29,1558497600,26,50,24,76,21,-0.5245319489799936,-1.0049847825975784
29,1558512000,255,402,147,657,21,0.2121552719294873,-0.10674441814339797
29,1558526400,640,1185,545,1825,21,2.595907417636588,1.6990124591070026
29,1558540800,545,553,8,1098,21,-0.6203611809682187,0.5750524849965221
29,1558555200,1384,1001,0,2385,21,-0.6682757969623312,2.564786304364044
29,1558569600,330,317,0,647,21,-0.6682757969623312,-0.12220466538013085
29,1558584000,27,54,27,81,21,-0.5065639679822013,-0.997254658979212
29,1558598400,230,419,189,649,21,0.46370700589857833,-0.11911261593278427
29,1558612800,700,1397,697,2097,21,3.506285121524727,2.119531183946137
29,1558627200,473,560,87,1033,21,-0.14720434802635698,0.47456087795775836
29,1558641600,1250,842,0,2092,21,-0.6682757969623312,2.1118010603277706
29,1558656000,326,329,3,655,21,-0.650307815964539,-0.10983646759074454
29,1558670400,34,56,22,90,21,-0.5365106029785217,-0.9833404364661523
29,1558684800,234,337,103,571,21,-0.05137511603813184,-0.23970254437930075
29,1558687206,38,174,136,212,21,0.14627267493758253,-0.7947254201780112
29,1558699200,521,1010,489,1531,21,2.2605051056778,1.2444811903470558
29,1558713600,669,719,50,1388,21,-0.36880944699912765,1.0233996548617756
29,1558728000,765,645,0,1410,21,-0.6682757969623312,1.057412198782588
29,1558742400,288,278,0,566,21,-0.6682757969623312,-0.2474326679976672
29,1558756800,42,36,0,78,21,-0.6682757969623312,-1.0018927331502319
29,1558771200,36,61,25,97,21,-0.5185426219807294,-0.9725182634004393
29,1558785600,99,342,243,441,21,0.7871306638588382,-0.44068575845682817
29,1558800000,243,395,152,638,21,0.24210190692580766,-0.13611888789319043
29,1558814400,276,343,67,619,21,-0.26699088801163845,-0.16549335764298292
29,1558828800,180,161,0,341,21,-0.6682757969623312,-0.595288230824157
29,1558843200,28,34,6,62,21,-0.6323398349667468,-1.0266291287290044
29,1558857600,33,47,14,80,21,-0.5844252189726342,-0.9988006837028852
29,1558872000,103,332,229,435,21,0.7032800858691411,-0.44996190679886794
29,1558886400,199,437,238,636,21,0.7571840288625179,-0.13921093734053702
29,1558900800,271,347,76,618,21,-0.21308694501826178,-0.1670393823666562
29,1558915200,143,119,0,262,21,-0.6682757969623312,-0.7174241839943467
29,1558929600,19,28,9,47,21,-0.6143718539689546,-1.0498194995841037
29,1558944000,37,51,14,88,21,-0.5844252189726342,-0.9864324859134989
29,1558958400,109,369,260,478,21,0.8889492228463274,-0.3834828436809165
29,1558972800,197,335,138,532,21,0.15825132893611066,-0.29999750860255897
29,1558987200,279,309,30,588,21,-0.4885959869844091,-0.21342012407685484
29,1559001600,141,124,0,265,22,-0.620767876432338,-0.7398104459754528
29,1559016000,16,22,6,38,22,-0.5870169044958234,-1.0519867391694073
29,1559030400,282,378,96,660,22,-0.08075232544810518,-0.1965961912987478
29,1559044800,626,1200,574,1826,22,2.608075105494221,1.406917279468437
29,1559059200,466,522,56,988,22,-0.30575880502486885,0.25447792397709834
29,1559073600,1370,814,0,2184,22,-0.620767876432338,1.8992481735804885
29,1559088000,239,228,0,467,22,-0.620767876432338,-0.46201480181166943
29,1559102400,26,34,8,60,22,-0.5757665805169853,-1.0217317680228566
29,1559116800,267,454,187,721,22,0.4311374155890322,-0.11270740766513007
29,1559131200,649,1250,601,1899,22,2.759954479208536,1.5073087746365368
29,1559145600,575,512,0,1087,22,-0.620767876432338,0.39062529413657626
29,1559160000,1435,867,0,2302,22,-0.620767876432338,2.0615248370028967
29,1559174400,280,270,0,550,22,-0.620767876432338,-0.34787104703150107
29,1559188800,27,57,30,84,22,-0.45201301674976524,-0.9887263449538922
29,1559203200,257,436,179,693,22,0.38613611967367945,-0.15121373457892182
29,1559217600,704,1292,588,1996,22,2.686827373346088,1.640705692873601
29,1559232000,533,530,0,1063,22,-0.620767876432338,0.35761987106761195
29,1559246400,1411,919,0,2330,22,-0.620767876432338,2.100031163916688
29,1559260800,301,274,0,575,22,-0.620767876432338,-0.3134903980013299
29,1559275200,32,45,13,77,22,-0.5476407705698898,-0.9983529266823402
29,1559289600,237,358,121,595,22,0.05987672428737212,-0.2859858787771929
29,1559304000,605,1177,572,1782,22,2.5968247815153824,1.3464073371753356
29,1559318400,515,605,90,1120,22,-0.11450329738461973,0.43600775085640225
29,1559332800,1052,816,0,1868,22,-0.620767876432338,1.4646767698391245
29,1559347200,283,300,17,583,22,-0.5251401226122134,-0.3024885903116751
29,1559361600,68,40,0,108,22,-0.620767876432338,-0.9557209218849279
29,1559376000,30,74,44,104,22,-0.37326074889789795,-0.9612218257297552
29,1559385900,47,232,185,279,22,0.419887091610194,-0.7205572825185569
29,1559390400,121,228,107,349,22,-0.018875543564495167,-0.6242914652340775
29,1559404800,219,371,152,590,22,0.23425674595936397,-0.29286200858322714
29,1559419200,307,299,0,606,22,-0.620767876432338,-0.2708583932039176
29,1559433600,217,113,0,330,22,-0.620767876432338,-0.6504207584970076
29,1559448000,42,26,0,68,22,-0.620767876432338,-1.0107299603332018
29,1559462400,25,45,20,70,22,-0.5082646366439562,-1.007979508410788
29,1559476800,69,264,195,333,22,0.4761387115043849,-0.646295080613387
29,1559491200,192,294,102,486,22,-0.04700135351159063,-0.43588550854873936
29,1559505600,239,221,0,460,22,-0.620767876432338,-0.47164138354011736
29,1559520000,134,77,0,211,22,-0.620767876432338,-0.8140726478806225
29,1559534400,16,18,2,34,22,-0.6095175524534998,-1.0574876430142346
29,1559548502,250,324,74,574,22,-0.2045058892153252,-0.3148656239625367
29,1559548582,3,27,24,30,22,-0.4857639886862798,-1.062988546859062
29,1559548800,114,348,234,462,22,0.6955200290917295,-0.4688909316177037
29,1559563200,667,1218,551,1885,22,2.4786963797375816,1.488055611179641
29,1559577600,456,594,138,1050,22,0.15550447810749668,0.3397419335719229
29,1559592000,1395,896,0,2291,22,-0.620767876432338,2.046397351429621
29,1559606400,328,247,0,575,23,-0.6840737149158811,-0.3752575992772449
29,1559620800,23,34,11,57,23,-0.6283618871956834,-1.1169274855882996
29,1559635200,278,449,171,727,23,0.18199197055264557,-0.15762473688481185
29,1559641681,134,459,325,593,23,0.9619575586354123,-0.34948528662550943
29,1559645353,69,169,100,238,23,-0.17760255382317544,-0.8577725639236261
29,1559649600,629,1247,618,1876,23,2.4459180606370396,1.4875078873843037
29,1559664000,496,542,46,1038,23,-0.45109698081323646,0.28766355393128473
29,1559678400,1441,700,0,2141,23,-0.6840737149158811,1.866933601423743
29,1559692800,352,252,0,604,23,-0.6840737149158811,-0.3337355400050044
29,1559707200,25,46,21,71,23,-0.5777147710864129,-1.0968823535258387
29,1559721600,281,410,129,691,23,-0.03072591710629079,-0.20916936218828283
29,1559725987,98,449,351,547,23,1.0936400605195158,-0.4153478634021668
29,1559736000,666,1288,622,1954,23,2.466176907080748,1.5991879088751575
29,1559750400,520,513,0,1033,23,-0.6840737149158811,0.28050457819469155
29,1559764800,1338,770,0,2108,23,-0.6840737149158811,1.8196843615622278
29,1559779200,337,281,0,618,23,-0.6840737149158811,-0.31369040794254344
29,1559793600,29,40,11,69,23,-0.6283618871956834,-1.099745943820476
29,1559808000,257,427,170,684,23,0.17692725894171854,-0.2191919282195133
29,1559822400,693,1336,643,2029,23,2.5725358509102163,1.7065725449240554
29,1559836800,482,544,62,1026,23,-0.3700615950384036,0.27048201216346107
29,1559851200,1331,881,0,2212,23,-0.6840737149158811,1.9685910568833662
29,1559865600,350,274,0,624,23,-0.6840737149158811,-0.30509963705863163
29,1559880000,45,35,0,80,23,-0.6840737149158811,-1.083996197199971
29,1559894400,232,364,132,596,23,-0.01553178227350962,-0.34518990118355347
29,1559908800,604,1171,567,1775,23,2.1876177684797598,1.3428965775051214
29,1559923200,566,632,66,1198,23,-0.34980274859469535,0.516750777502267
29,1559937600,1064,919,0,1983,23,-0.6840737149158811,1.640709968147398
29,1559952000,279,252,0,531,23,-0.6840737149158811,-0.438256585759265
29,1559966400,37,506,469,543,23,1.6912760306089085,-0.42107504399144136
29,1559980800,24,69,45,93,23,-0.45616169242416355,-1.0653828602848288
29,1559995200,87,341,254,428,23,0.6023630342595913,-0.5857314859330848
29,1560009600,239,375,136,614,23,0.004727064170198606,-0.319417588531818
29,1560024000,289,253,0,542,23,-0.6840737149158811,-0.42250683913875997
29,1560038400,201,118,0,319,23,-0.6840737149158811,-0.7417971569908164
29,1560052800,30,24,0,54,23,-0.6840737149158811,-1.1212228710302556
29,1560067200,23,30,7,53,23,-0.6486207336393917,-1.1226546661775743
29,1560081600,77,244,167,321,23,0.16173312410893737,-0.738933566696179
29,1560096000,196,305,109,501,23,-0.13202014932483191,-0.48121044017882414
29,1560110400,240,190,0,430,23,-0.6840737149158811,-0.5828678956384475
29,1560124800,132,73,0,205,23,-0.6840737149158811,-0.9050218037851412
29,1560139200,12,11,0,23,23,-0.6840737149158811,-1.1656085205971334
29,1560153600,242,363,121,605,23,-0.07124360999370724,-0.33230374485768577
29,1560168000,679,1273,594,1952,23,2.3243649819747905,1.5963243185805203
29,1560182400,489,620,131,1109,23,-0.020596493884436677,0.3893210093909081
29,1560196800,1328,871,0,2199,23,-0.6840737149158811,1.949977719968224
29,1560211200,271,202,0,473,24,-0.6533769492704938,-0.8307970591443126
29,1560225600,26,35,9,61,24,-0.610138768804064,-1.3865682943970512
29,1560240000,347,400,53,747,24,-0.3987521087459631,-0.46118220851506403
29,1560254400,732,1312,580,2044,24,2.1330835696772,1.2884180150839704
29,1560268800,576,560,0,1136,24,-0.6533769492704938,0.06356296263375968
29,1560283200,1413,841,0,2254,24,-0.6533769492704938,1.5716994699458031
29,1560297600,336,272,0,608,24,-0.6533769492704938,-0.64868755244742
29,1560312000,30,63,33,93,24,-0.4948369542269181,-1.3434015965133435
29,1560326400,290,437,147,727,24,0.052846665014525236,-0.4881613946923814
29,1560333119,149,557,408,706,24,1.3067538985409877,-0.5164895401785647
29,1560340800,691,1324,633,2015,24,2.387708410201731,1.24929819512686
29,1560355200,536,584,48,1120,24,-0.4227733201162019,0.04197961369190575
29,1560369600,1405,864,0,2269,24,-0.6533769492704938,1.591933859578791
29,1560384000,351,297,0,648,24,-0.6533769492704938,-0.5947291800927852
29,1560398400,33,36,3,69,24,-0.6389642224483506,-1.3757766199261243
29,1560412800,253,425,172,678,24,0.17295272186571894,-0.554260400826809
29,1560427200,719,1150,431,1869,24,1.4172514708440858,1.052350136032443
29,1560441600,515,556,41,1071,24,-0.4564030160345361,-0.024119392442521915
29,1560456000,1289,908,0,2197,24,-0.6533769492704938,1.4948087893404485
29,1560470400,339,304,0,643,24,-0.6533769492704938,-0.6014739766371145
29,1560484800,38,36,0,74,24,-0.6533769492704938,-1.369031823381795
29,1560499200,240,353,113,593,24,-0.11049757230309822,-0.6689219420804081
29,1560513600,654,1262,608,1916,24,2.2676023533505374,1.115751223549139
29,1560528000,573,694,121,1267,24,-0.07206363411071623,0.24027663209518874
29,1560542400,1028,916,0,1944,24,-0.6533769492704938,1.1535220841973832
29,1561161600,9979,8652,0,18631,25,-0.5190621979966804,4.003418422759952
29,1561176000,39,20,0,59,25,-0.5190621979966804,-0.40687887026524433
29,1561190400,27,78,51,105,25,-0.17452199715723526,-0.3959552392357828
29,1561204800,90,328,238,418,25,1.0887920725873972,-0.3216270541874904
29,1561219200,311,360,49,671,25,-0.18803337758231156,-0.2615470835254521
29,1561233600,345,227,0,572,25,-0.5190621979966804,-0.2850566372627714
29,1561248000,205,147,0,352,25,-0.5190621979966804,-0.33730009001236994
29,1561262400,33,25,0,58,25,-0.5190621979966804,-0.4071163405050152
29,1561276800,20,42,22,62,25,-0.37043701332084134,-0.4061664595459316
29,1561291200,78,245,167,323,25,0.609138067497189,-0.3441867269657261
29,1561305600,2962,1148,0,4110,25,-0.5190621979966804,0.555113071046681
29,1561320000,247,214,0,461,25,-0.5190621979966804,-0.31141583387734156
29,1561334400,148,68,0,216,25,-0.5190621979966804,-0.36959604262121265
29,1561348800,17,15,0,32,25,-0.5190621979966804,-0.4132905667390587
29,1561363200,263,396,133,659,25,0.3794446002708923,-0.26439672640270295
29,1561377600,648,1266,618,1914,25,3.6559543533518903,0.03362842450977943
29,1561392000,435,540,105,975,25,0.19028527431982434,-0.18935613063509782
29,1561406400,1394,891,0,2285,25,-0.5190621979966804,0.12172988346478418
29,1561420800,266,186,0,452,26,-0.6555726905374893,-0.47175201717496407
29,1561435200,43,32,0,75,26,-0.6555726905374893,-1.0141859034882281
29,1561449600,316,402,86,718,26,-0.16210003070183,-0.08902678173908014
29,1561464000,710,1327,617,2037,26,2.88480674107416,1.8087724120200586
29,1561478400,481,505,24,986,26,-0.5178593901182356,0.2965760870459458
29,1561492800,1357,913,0,2270,26,-0.6555726905374893,2.1440166971951
29,1561507200,338,264,0,602,26,-0.6555726905374893,-0.25592951598931524
29,1561521600,44,53,9,97,26,-0.6039302028802692,-0.9825319366476664
29,1561536000,262,401,139,663,26,0.14201684105735546,-0.1681616988404847
29,1561550400,686,1255,569,1941,26,2.6093801402356527,1.6706460112612433
29,1561564800,467,534,67,1001,26,-0.2711230602004059,0.31815833716451064
29,1561579200,1310,880,0,2190,26,-0.6555726905374893,2.0289113632294202
29,1561593600,305,279,0,584,26,-0.6555726905374893,-0.2818282161315931
29,1561608000,42,39,0,81,26,-0.6555726905374893,-1.0055530034408022
29,1561622400,276,386,110,662,26,-0.02438673028257619,-0.1696005155150557
29,1561636800,628,1157,529,1785,26,2.3798579728702296,1.4461906100281685
29,1561651200,513,599,86,1112,26,-0.16210003070183,0.4778669880418908
29,1561665600,1364,1058,0,2422,26,-0.6555726905374893,2.3627168317298906
29,1561680000,378,299,0,677,26,-0.6555726905374893,-0.14801826539649082
29,1561694400,47,57,10,104,26,-0.5981921486961337,-0.9724602199256693
29,1561708800,223,358,135,581,26,0.11906462432081318,-0.2861446661553061
29,1561708863,1,0,0,1,26,-0.6555726905374893,-1.1206583374064816
29,1561715972,429,815,386,1244,26,1.5593162245388423,0.6677907890852618
29,1561716052,7,9,2,16,26,-0.6440965821692183,-1.0990760872879166
29,1561716133,5,10,5,15,26,-0.6268824196168116,-1.1005149039624877
29,1561716215,3,1,0,4,26,-0.6555726905374893,-1.1163418873827686
29,1561723200,240,821,581,1061,26,2.6782367904452795,0.4044873376387702
29,1561737600,535,615,80,1150,26,-0.19652835580664343,0.5325420216755885
29,1561752000,994,906,0,1900,26,-0.6555726905374893,1.6116545276038328
29,1561766400,315,261,0,576,26,-0.6555726905374893,-0.293338749528161
29,1561780800,39,64,25,103,26,-0.5121213359341,-0.9738990366002404
29,1561795200,36,66,30,102,26,-0.48343106501342215,-0.9753378532748114
29,1561809600,107,290,183,397,26,0.3944912251593207,-0.5508869342763687
29,1561824000,252,398,146,650,26,0.1821832203463045,-0.18686631560990763
29,1561838400,307,266,0,573,26,-0.6555726905374893,-0.29765519955187403
29,1561852800,139,154,15,293,26,-0.5695018777754558,-0.7005238684317519
29,1561867200,43,55,12,98,26,-0.5867160403278625,-0.9810931199730953
29,1561881600,25,43,18,68,26,-0.5522877152230491,-1.0242576202102252
29,1561896000,98,262,164,360,26,0.28546819566074483,-0.6041231512354953
29,1561910400,211,336,125,547,26,0.061684082479457426,-0.3350644330907198
29,1561924800,263,335,72,598,26,-0.24243278927972803,-0.2616847826875992
29,1561939200,150,200,50,350,26,-0.36866998133071066,-0.6185113179812053
29,1561953600,20,59,39,79,26,-0.43178857735620196,-1.0084306367899443
29,1561968000,254,398,144,652,26,0.17070711197803334,-0.18398868226076565
29,1561971987,337,643,306,980,26,1.1002718898079964,0.28794318699851984
29,1561982400,354,880,526,1234,26,2.362643810317823,0.6534026223395518
29,1561996800,434,628,194,1062,26,0.4576098211848121,0.40592615431334117
29,1562011200,1328,953,0,2281,26,-0.6555726905374893,2.159843680615381
29,1562025600,261,288,27,549,27,-0.467411521509706,0.00709772053973944
29,1562040000,27,45,18,72,27,-0.522750111524587,-0.8176028083276886
29,1562054400,277,389,112,666,27,0.05523071751972524,0.20938275592231614
29,1562063260,143,531,388,674,27,1.7522808113094082,0.2232142113330906
29,1562068800,685,1345,660,2030,27,3.4247359762035883,2.567645903459364
29,1562083200,497,580,83,1077,27,-0.12308251697266895,0.9199737776508548
29,1562097600,1322,906,0,2228,27,-0.6334272915543488,2.909974424876032
29,1562112000,291,244,0,535,27,-0.6334272915543488,-0.01710732642911589
29,1562126400,31,41,10,72,27,-0.5719399693155923,-0.8176028083276886
29,1562140800,252,360,108,612,27,0.030635788624222594,0.11602043189958842
29,1562155200,569,1143,574,1712,27,2.8959450049502813,2.0178455508810784
29,1562169600,735,756,21,1491,27,-0.50430391485296,1.6357515951584338
29,1562184000,837,818,0,1655,27,-0.6334272915543488,1.9192964310793104
29,1562198400,264,260,0,524,27,-0.6334272915543488,-0.036125577618930794
29,1562212800,28,50,22,78,27,-0.4981551826290843,-0.8072292167696078
29,1562227200,49,57,8,106,27,-0.5842374337633436,-0.7588191228318971
29,1562230144,14,534,520,548,27,2.5639134648609954,0.00536878861339263
29,1562230224,1,0,0,1,27,-0.6334272915543488,-0.9403569750983121
29,1562230305,2,1,0,3,27,-0.6334272915543488,-0.9368991112456184
29,1562241600,101,299,198,400,27,0.5840216887730322,-0.25051313648593515
29,1562256000,256,428,172,684,27,0.42415465095226496,0.2405035305965587
29,1562270400,267,466,199,733,27,0.5901704209969079,0.32522119498755236
29,1562284800,438,167,0,605,27,-0.6334272915543488,0.10391790841516077
29,1562299200,36,56,20,92,27,-0.5104526470768357,-0.7830241698007524
29,1562313600,125,239,114,364,27,0.06752818196747656,-0.3127546858344203
29,1562315406,10,51,41,61,27,-0.3813292703754468,-0.8366210595175035
29,1562315487,2,2,0,4,27,-0.6334272915543488,-0.9351701793192717
29,1562315556,9,54,45,63,27,-0.3567343414799441,-0.8331631956648099
29,1562315636,0,2,2,2,27,-0.6211298271065976,-0.9386280431719652
29,1562315717,0,5,5,5,27,-0.6026836304349706,-0.9334412473929249
29,1562315809,29,92,63,121,27,-0.2460571614501822,-0.732885143936695
29,1562315890,1,4,3,5,27,-0.6149810948827219,-0.9334412473929249
29,1562315975,72,145,73,217,27,-0.18456983921142558,-0.5669076790074012
29,1562316056,1,5,4,6,27,-0.6088323626588462,-0.9317123154665781
29,1562328000,206,635,429,841,27,2.0043788324883103,0.5119458430330077
29,1562342400,422,556,134,978,27,0.1905028264449898,0.7488095169425206
29,1562356800,578,565,0,1143,27,-0.6334272915543488,1.034083284789744
29,1562371200,241,251,10,492,27,-0.5719399693155923,-0.0914513992620287
29,1562385600,26,62,36,88,27,-0.41207293149482505,-0.7899398975061397
29,1562400000,34,51,17,85,27,-0.5288988437484626,-0.7951266932851802
29,1562414400,104,343,239,447,27,0.8361197099519343,-0.16925333594763511
29,1562428800,226,371,145,597,27,0.2581388809076221,0.0900864530043863
29,1562443200,290,267,0,557,27,-0.6334272915543488,0.020929175950513915
29,1562457600,169,123,0,292,27,-0.6334272915543488,-0.43723778453139056
29,1562472000,34,32,0,66,27,-0.6334272915543488,-0.8279763998857694
29,1562486400,26,43,17,69,27,-0.5288988437484626,-0.8227896041067291
29,1562500800,72,269,197,341,27,0.5778729565491565,-0.3525201201403969
29,1562515200,191,332,141,523,27,0.23354395201211944,-0.0378545095452776
29,1562529600,254,218,0,472,27,-0.6334272915543488,-0.12603003778896488
29,1562544000,146,115,0,261,27,-0.6334272915543488,-0.49083467424814164
29,1562558400,13,19,6,32,27,-0.596534898211095,-0.886760085381561
29,1562572800,245,398,153,643,27,0.30732873869862737,0.16961732161633952
29,1562574550,141,269,128,410,27,0.15361043310173583,-0.23322381722246707
29,1562574630,5,2,0,7,27,-0.6334272915543488,-0.9299833835402312
29,1562587200,479,1080,601,1559,27,3.0619607749949243,1.7533189661500168
29,1562601600,415,544,129,959,27,0.1597591653256115,0.7159598103419312
29,1562616000,1360,842,0,2202,27,-0.6334272915543488,2.865022194791015
29,1562630400,304,242,0,546,28,-0.6340951737755568,-0.397619933596009
29,1562644800,38,43,5,81,28,-0.6040626790003959,-1.036284075641412
29,1562659200,300,399,99,699,28,-0.03945177722737046,-0.18747882879397315
29,1562673600,681,1245,564,1926,28,2.7535702368625956,1.4977704234419613
29,1562688000,452,531,79,983,28,-0.15958175632801416,0.20258701279934827
29,1562702400,1376,945,0,2321,28,-0.6340951737755568,2.04029157636225
29,1562716800,336,240,0,576,28,-0.6340951737755568,-0.3564157953995314
29,1562731200,32,46,14,78,28,-0.5500041884051062,-1.0404044894610598
29,1562745600,275,421,146,696,28,0.24285367365914226,-0.1915992426136209
29,1562760000,809,1359,550,2168,28,2.6694792514921453,1.830150471560214
29,1562774400,504,566,62,1070,28,-0.26169223856356133,0.3220790135691334
29,1562788800,1397,864,0,2261,28,-0.6340951737755568,1.9578832999692946
29,1562803200,366,279,0,645,28,-0.6340951737755568,-0.26164627754763287
29,1562817600,34,47,13,81,28,-0.5560106873601384,-1.036284075641412
29,1562832000,251,400,149,651,28,0.2608731705242388,-0.2534054499083373
29,1562846400,742,1348,606,2090,28,3.0058431929739475,1.7230197122493722
29,1562860800,472,604,132,1076,28,0.15876268828869167,0.3303198412084289
29,1562875200,1357,999,0,2356,28,-0.6340951737755568,2.088363070924807
29,1562889600,277,288,11,565,28,-0.5680236852702027,-0.3715239794049065
29,1562904000,33,44,11,77,28,-0.5680236852702027,-1.0417779607342756
29,1562918400,235,331,96,566,28,-0.057471274092467016,-0.3701505081316906
29,1562932800,676,1156,480,1832,28,2.249024324639892,1.3686641237596648
29,1562947200,553,611,58,1164,28,-0.28571823438369004,0.45118531325142985
29,1562961600,1028,814,0,1842,28,-0.6340951737755568,1.382398836491824
29,1562976000,308,281,0,589,28,-0.6340951737755568,-0.3385606688477244
29,1562990400,45,29,0,74,28,-0.6340951737755568,-1.0458983745539234
29,1563004800,27,77,50,104,28,-0.33377022602394757,-1.0046942363574458
29,1563019200,83,315,232,398,28,0.7594125837919102,-0.6008936820319652
29,1563033600,262,357,95,619,28,-0.0634777730474992,-0.2973565306512468
29,1563048000,374,268,0,642,28,-0.6340951737755568,-0.2657666913672806
29,1563062400,216,239,23,455,28,-0.49594569780981657,-0.5226058194586577
29,1563076800,37,32,0,69,28,-0.6340951737755568,-1.0527657309200031
29,1563091200,19,29,10,48,28,-0.574030184225235,-1.0816086276575374
29,1563105600,68,284,216,352,28,0.6633086005113953,-0.6640733605998975
29,1563120000,188,322,134,510,28,0.17077568619875602,-0.4470648994317821
29,1563134400,262,232,0,494,28,-0.6340951737755568,-0.46904043980323684
29,1563148800,145,82,0,227,28,-0.6340951737755568,-0.8357572697518876
29,1563163200,16,18,2,34,28,-0.6220821758654924,-1.1008372254825602
29,1563177600,249,397,148,646,28,0.2548666715692066,-0.2602728062744169
29,1563180591,278,452,174,730,28,0.4110356444000434,-0.1449012193242796
29,1563180670,13,36,23,49,28,-0.49594569780981657,-1.0802351563843215
29,1563192000,414,877,463,1291,28,2.146913842404345,0.6256161649498517
29,1563206400,418,363,0,781,28,-0.6340951737755568,-0.07485418439026767
29,1563220800,1350,950,0,2300,28,-0.6340951737755568,2.0114486796247157
29,1563235200,264,260,0,524,29,-0.6495495425248822,-0.32741305325763953
29,1563249600,33,32,0,65,29,-0.6495495425248822,-0.9740215499744121
29,1563264000,256,419,163,675,29,0.2938467115524666,-0.11469435390201281
29,1563278400,647,1378,731,2025,29,3.581264333122615,1.7870953423237892
29,1563292800,457,556,99,1013,29,-0.07656654158219794,0.36145743670859537
29,1563307200,1424,914,0,2338,29,-0.6495495425248822,2.2280288052265123
29,1563321600,313,243,0,556,29,-0.6495495425248822,-0.28233359379154643
29,1563336000,33,49,16,82,29,-0.5569462292412161,-0.9500730871330503
29,1563350400,256,394,138,650,29,0.14915403454673828,-0.14991268160989804
29,1563352573,195,315,120,510,29,0.04497530710261387,-0.3471353167740553
29,1563352653,6,13,7,19,29,-0.6090355929632782,-1.038823272956921
29,1563352747,30,118,88,148,29,-0.14023131946471842,-0.8570967019842333
29,1563352828,1,3,2,4,29,-0.6379741283644239,-1.0599542695816522
29,1563364800,499,989,490,1488,29,2.1864269267873935,1.0306056631584146
29,1563379200,437,507,70,944,29,-0.24441004690884283,0.26425485223483214
29,1563393600,1308,953,0,2261,29,-0.6495495425248822,2.1195563558862256
29,1563408000,312,328,16,640,29,-0.5569462292412161,-0.16400001269305212
29,1563422400,35,49,14,84,29,-0.5685216434016743,-0.9472556209164195
29,1563436800,249,436,187,685,29,0.43275168147796583,-0.10060702281885872
29,1563451200,723,1295,572,2018,29,2.661018907366182,1.7772342105655814
29,1563465600,455,591,136,1046,29,0.13757862038628,0.4079456292830039
29,1563480000,1314,806,0,2120,29,-0.6495495425248822,1.920924987613753
29,1563494400,321,290,0,611,29,-0.6495495425248822,-0.20485327283419896
29,1563508800,42,49,7,91,29,-0.6090355929632782,-0.9373944891582116
29,1563523200,238,356,118,594,29,0.0333998929421556,-0.22880173567556092
29,1563526102,178,338,160,516,29,0.2764835903117792,-0.3386829181241628
29,1563526182,3,0,0,3,29,-0.6495495425248822,-1.0613630026899674
29,1563537600,442,884,442,1326,29,1.908616986936395,0.8023908996113183
29,1563552000,578,627,49,1205,29,-0.36595189559365465,0.6319341935051539
29,1563566400,1015,912,0,1927,29,-0.6495495425248822,1.6490394977088791
29,1563580800,282,304,22,586,29,-0.5222199867598413,-0.2400716005420842
29,1563595200,56,44,0,100,29,-0.6495495425248822,-0.9247158911833728
29,1563609600,29,64,35,93,29,-0.4469797947168625,-0.9345770229415807
29,1563624000,77,341,264,418,29,0.878405126655609,-0.4767387627390729
29,1563638400,181,329,148,510,29,0.2070311053490296,-0.3471353167740553
29,1563652800,267,254,0,521,29,-0.6495495425248822,-0.33163925258258575
29,1563667200,165,128,0,293,29,-0.6495495425248822,-0.652830401278499
29,1563681600,32,26,0,58,29,-0.6495495425248822,-0.9838826817326201
29,1563696000,21,47,26,68,29,-0.4990691584389247,-0.969795350649466
29,1563710400,70,260,190,330,29,0.45011480271865323,-0.6007072762708289
29,1563724800,149,334,185,483,29,0.42117626731750757,-0.3851711106985713
29,1563739200,221,233,12,454,29,-0.5800970575621326,-0.42602437083971817
29,1563753600,121,102,0,223,29,-0.6495495425248822,-0.7514417188605775
29,1563768000,14,21,7,35,29,-0.6090355929632782,-1.0162835432238744
29,1563782400,264,394,130,658,29,0.1028523779049052,-0.13864281674337475
29,1563796800,681,1281,600,1962,29,2.8230747056125978,1.6983451564999186
29,1563811200,418,561,143,979,29,0.17809256994788394,0.31356051102587146
29,1563825600,1337,1032,0,2369,29,-0.6495495425248822,2.27169953158429
29,1563840000,240,180,0,420,30,-0.5877522315423336,-0.5660291123324678
29,1563854400,35,42,7,77,30,-0.5531988288676769,-1.039883316997672
29,1563868800,287,418,131,705,30,0.058890018511956486,-0.17230185772726891
29,1563875916,529,908,379,1437,30,1.2830677132712234,0.8389555119955576
29,1563883200,224,994,770,1218,30,3.213122062669906,0.536407200562089
29,1563897600,442,574,132,1016,30,0.0638262188940503,0.2573443744910358
29,1563912000,1399,877,0,2276,30,-0.5877522315423336,1.9980332895877042
29,1563926400,281,241,0,522,30,-0.5877522315423336,-0.4251162001579755
29,1563940800,41,35,0,76,30,-0.5877522315423336,-1.0412648161366376
29,1563955200,267,398,131,665,30,0.058890018511956486,-0.2275618232858933
29,1563969600,641,1193,552,1834,30,2.1370303793734537,1.3874106701649047
29,1563984000,430,578,148,1008,30,0.1428054250075514,0.2462923813793109
29,1563998400,1380,929,0,2309,30,-0.5877522315423336,2.043622761173569
29,1564012800,369,245,0,614,30,-0.5877522315423336,-0.2980182793731394
29,1564027200,48,42,0,90,30,-0.5877522315423336,-1.021923828191119
29,1564041600,261,413,152,674,30,0.16255022653592666,-0.21512833103520282
29,1564056000,695,1374,679,2069,30,2.763927827899369,1.7120629678218229
29,1564070400,505,567,62,1072,30,-0.2817078078525169,0.3347083262731099
29,1564084800,1322,920,0,2242,30,-0.5877522315423336,1.9510623188628735
29,1564099200,328,285,0,613,30,-0.5877522315423336,-0.29939977851210503
29,1564113600,45,42,0,87,30,-0.5877522315423336,-1.0260683256080159
29,1564128000,232,345,113,577,30,-0.029961588365732233,-0.349133747514867
29,1564142400,602,1172,570,1774,30,2.2258819862511423,1.304520721826968
29,1564156800,511,584,73,1095,30,-0.22740960364948495,0.36648280646931897
29,1564171200,1056,841,0,1897,30,-0.5877522315423336,1.474445115919738
29,1564185600,285,247,0,532,30,-0.5877522315423336,-0.41130120876831944
29,1564200000,48,21,0,69,30,-0.5877522315423336,-1.0509353101093968
29,1564214400,24,62,38,86,30,-0.4001766170227686,-1.0274498247469814
29,1564228800,75,223,148,298,30,0.1428054250075514,-0.7345720072862721
29,1564243200,234,254,20,488,30,-0.4890282239004573,-0.4720871708828063
29,1564257600,277,201,0,478,30,-0.5877522315423336,-0.48590216227246236
29,1564272000,186,75,0,261,30,-0.5877522315423336,-0.7856874754279998
29,1564286400,40,15,0,55,30,-0.5877522315423336,-1.0702762980549154
29,1564300800,16,34,18,50,30,-0.4989006246646449,-1.0771837937497435
29,1564315200,72,155,83,227,30,-0.17804759982854676,-0.8326584461528305
29,1564329600,164,241,77,405,30,-0.20766480212110966,-0.5867515994169519
29,1564344000,207,163,0,370,30,-0.5877522315423336,-0.6351040692807483
29,1564358400,160,47,0,207,30,-0.5877522315423336,-0.8602884289321426
29,1564372800,14,9,0,23,30,-0.5877522315423336,-1.114484270501815
29,1564387200,258,392,134,650,30,0.07369861965823794,-0.24828431037037746
29,1564401600,680,1283,603,1963,30,2.3887765988602383,1.5656240590914683
29,1564416000,431,531,100,962,30,-0.09413219333295186,0.18274342098689283
29,1564430400,1322,865,0,2187,30,-0.5877522315423336,1.875079866219765
29,1564444800,262,220,0,482,31,-0.6788060888574613,-0.6909431641290104
29,1564459200,35,26,0,61,31,-0.6788060888574613,-1.2640987466039766
29,1564473600,265,414,149,679,31,-0.04696043974279985,-0.4227444711419122
29,1564475889,208,924,716,1132,31,2.3574454867539316,0.19397638125989228
29,1564475969,3,15,12,18,31,-0.6279191909421865,-1.3226395780681655
29,1564488000,565,1066,501,1631,31,1.4457218991052594,0.8733223091815268
29,1564497780,193,231,38,424,31,-0.5176642454590913,-0.7699052158714048
29,1564502400,411,557,146,968,31,-0.05968216422161854,-0.02929562711515393
29,1564516800,1395,883,0,2278,31,-0.6788060888574613,1.7541576105147885
29,1564531200,283,260,0,543,31,-0.6788060888574613,-0.6078968683309749
29,1564545600,39,33,0,72,31,-0.6788060888574613,-1.249123185066626
29,1564560000,256,399,143,655,31,-0.07240388870043722,-0.45541842358704093
29,1564574400,693,1404,711,2097,31,2.3362426126225673,1.5077415524911093
29,1564588800,440,613,173,1053,31,0.05481335608774964,0.08642462112801026
29,1564603200,1394,938,0,2332,31,-0.6788060888574613,1.827674003516328
29,1564617600,254,279,25,533,31,-0.5727917182006389,-0.6215110151831119
29,1564632000,43,37,0,80,31,-0.6788060888574613,-1.2382318675849164
29,1564646400,251,374,123,625,31,-0.15721538522589512,-0.49626086414345183
29,1564660800,688,1299,611,1987,31,1.912185129995278,1.3579859371176028
29,1564675200,428,590,162,1018,31,0.00816703299874779,0.038775107145530896
29,1564689600,1218,875,0,2093,31,-0.6788060888574613,1.5022958937502546
29,1564704000,316,301,0,617,31,-0.6788060888574613,-0.5071521816251614
29,1564718400,40,49,9,89,31,-0.6406409154210052,-1.2259791354179932
29,1564732800,221,319,98,540,31,-0.2632297558827175,-0.611981112386616
29,1564747200,572,1203,631,1775,31,1.9969966265207357,1.069366023852299
29,1564761600,538,612,74,1150,31,-0.365003551713267,0.21848184559373882
29,1564776000,919,866,0,1785,31,-0.6788060888574613,1.082980170704436
29,1565395200,9952,9244,0,19196,32,-0.5049732817475854,4.0835852314100185
29,1565409600,29,19,0,48,32,-0.5049732817475854,-0.35123256690771026
29,1565424000,29,67,38,96,32,-0.2319284400753732,-0.34011541345464724
29,1565438400,82,239,157,321,32,0.6231330377928703,-0.28800375664341427
29,1565452800,252,301,49,553,32,-0.15288914380183807,-0.23427084828694292
29,1565467200,349,189,0,538,32,-0.5049732817475854,-0.2377449587410251
29,1565481600,187,107,0,294,32,-0.5049732817475854,-0.2942571554607622
29,1565496000,30,31,1,61,32,-0.497787891177264,-0.348221671180839
29,1565510400,16,32,16,48,32,-0.3900070326224434,-0.35123256690771026
29,1565524800,63,174,111,237,32,0.2926050715580871,-0.30745877518627457
29,1565539200,204,220,16,424,32,-0.3900070326224434,-0.2641481981920498
29,1565553600,275,183,0,458,32,-0.5049732817475854,-0.2562735478294635
29,1565568000,135,57,0,192,32,-0.5049732817475854,-0.31788110654852114
29,1565582400,18,10,0,28,32,-0.5049732817475854,-0.35586471417981985
29,1565596800,235,348,113,583,32,0.30697585269872985,-0.2273226273787785
29,1565611200,644,1240,596,1884,32,3.777519498163953,0.07399855267195082
29,1565625600,393,561,168,954,32,0.7021723340664054,-0.14139629548114546
29,1565640000,1353,893,0,2246,32,-0.5049732817475854,0.15784041829713455
29,1565654400,279,261,0,540,33,-0.5589581353691492,-0.4274912318456795
29,1565668800,46,7,0,53,33,-0.5589581353691492,-1.0853894302935774
29,1565682520,105,227,122,332,33,-0.12699302230937598,-0.708482659519525
29,1565683200,254,399,145,653,33,-0.045556976404664634,-0.2748372350805615
29,1565697600,651,1266,615,1917,33,1.6185709181698715,1.432726056168192
29,1565712000,421,2011,1590,2432,33,5.070751125000026,2.128450023726031
29,1565726400,1278,901,0,2179,33,-0.5589581353691492,1.786667181411209
29,1565740800,286,246,0,532,33,-0.5589581353691492,-0.4382985944485197
29,1565755200,46,11,0,57,33,-0.5589581353691492,-1.0799857489921574
29,1565768475,91,248,157,339,33,-0.0030686046282934975,-0.6990262172420398
29,1565769600,247,376,129,623,33,-0.10220813877315948,-0.3153648448412123
29,1565784000,590,1233,643,1823,33,1.7177104523147375,1.3057395455848195
29,1565798400,415,556,141,971,33,-0.05971976699678835,0.1547554283823369
29,1565812800,1263,959,0,2222,33,-0.5589581353691492,1.8447567554014752
29,1565827200,311,252,0,563,33,-0.5589581353691492,-0.39642006436251387
29,1565841600,38,11,0,49,33,-0.5589581353691492,-1.0907931115949976
29,1565856000,267,377,110,644,33,-0.1694813940857471,-0.2869955180087567
29,1565870400,639,1295,656,1934,33,1.7637395217391396,1.4556917016992275
29,1565884800,432,614,182,1046,33,0.0854488365724797,0.2560744527839639
29,1565899200,1290,953,0,2243,33,-0.5589581353691492,1.8731260822339306
29,1565913600,323,310,0,633,33,-0.5589581353691492,-0.30185564158766204
29,1565928000,43,10,0,53,33,-0.5589581353691492,-1.0853894302935774
29,1565942400,219,329,110,548,33,-0.1694813940857471,-0.4166838692428393
29,1565943384,46,90,44,136,33,-0.4031674388557884,-0.9732630432891102
29,1565956800,789,1261,472,2050,33,1.1122511545014488,1.6123984594404106
29,1565971200,480,614,134,1094,33,-0.08450465053300484,0.32091862840100516
29,1565985600,908,803,0,1711,33,-0.5589581353691492,1.1544364691450564
29,1566000000,241,269,28,510,33,-0.4598186012242832,-0.4680188416063303
29,1566014400,61,48,0,109,33,-0.5589581353691492,-1.009737892073696
29,1566028800,38,109,71,147,33,-0.3075686023589533,-0.9584029197102049
29,1566043200,146,391,245,537,33,0.30851278839842816,-0.4315439928217446
29,1566057600,301,491,190,792,33,0.11377441775672713,-0.08705930985621284
29,1566072000,342,385,43,727,33,-0.40670813650381926,-0.17486913100428955
29,1566086400,226,222,0,448,33,-0.5589581353691492,-0.5517759017783419
29,1566100800,42,52,10,94,33,-0.5235511588888399,-1.0300016969540213
29,1566115200,41,46,5,87,33,-0.5412546471289945,-1.0394581392315065
29,1566129600,106,316,210,422,33,0.18458837071734568,-0.5868998302375726
29,1566144000,240,407,167,647,33,0.03233837185201578,-0.28294275703269167
29,1566158400,324,323,0,647,33,-0.5589581353691492,-0.28294275703269167
29,1566172800,139,139,0,278,33,-0.5589581353691492,-0.7814323570886964
29,1566187200,14,28,14,42,33,-0.5093883682967162,-1.1002495538724826
29,1566201600,245,378,133,623,33,-0.08804534818103577,-0.3153648448412123
29,1566216000,682,1272,590,1954,33,1.5300534769690983,1.482710108206328
29,1566230400,385,533,148,918,33,-0.03493488346057185,0.0831566511385205
29,1566244800,1316,865,0,2181,33,-0.5589581353691492,1.7893690220619192
29,1566259200,255,197,0,452,34,-0.5853555198104406,-0.3191535169847242
29,1566273600,54,12,0,66,34,-0.5853555198104406,-0.8714467657921546
29,1566288000,244,359,115,603,34,0.11529019845746066,-0.10310097664813872
29,1566302400,678,1235,557,1913,34,2.8082067851914814,1.7712621216361457
29,1566316800,427,577,150,1004,34,0.3285301996694306,0.47065444504040943
29,1566331200,1384,953,0,2337,34,-0.5853555198104406,2.3779262084090744
29,1566345600,266,264,0,530,34,-0.5853555198104406,-0.20755021800291182
29,1566360000,34,8,0,42,34,-0.5853555198104406,-0.905786242401943
29,1566374400,231,339,108,570,34,0.07264219821506666,-0.1503177569865978
29,1566388800,619,1246,627,1865,34,3.2346867876154213,1.7025831684165689
29,1566403200,428,595,167,1023,34,0.432103914543816,0.4978398640231586
29,1566417600,1311,890,0,2201,34,-0.5853555198104406,2.1833358409536068
29,1566432000,229,277,48,506,34,-0.2929120895768818,-0.24188969461270024
29,1566446400,40,11,0,51,34,-0.5853555198104406,-0.8929089386732724
29,1566460800,239,373,134,612,34,0.23104905625824435,-0.09022367291946806
29,1566475200,654,1210,556,1864,34,2.802114213728282,1.701152356891161
29,1566489600,471,534,63,1005,34,-0.2015235176288947,0.4720852565658173
29,1566504000,1316,932,0,2248,34,-0.5853555198104406,2.250583982647776
29,1566518400,282,314,32,596,34,-0.3903932329880681,-0.11311665732599369
29,1566532800,45,11,0,56,34,-0.5853555198104406,-0.8857548810462331
29,1566547200,199,315,116,514,34,0.1213827699206598,-0.23044320240943744
29,1566561600,622,1048,426,1670,34,2.0100799235123934,1.423574920962038
29,1566576000,518,600,82,1118,34,-0.08576465982811102,0.6337669589369044
29,1566590400,898,811,0,1709,34,-0.5853555198104406,1.479376570452944
29,1566604800,218,266,48,484,34,-0.2929120895768818,-0.27336754817167297
29,1566619200,48,38,0,86,34,-0.5853555198104406,-0.8428305352839975
29,1566633600,40,82,42,122,34,-0.3294675183560767,-0.7913213203693149
29,1566648000,159,376,217,535,34,0.7367324877037731,-0.20039616037587257
29,1566662400,314,383,69,697,34,-0.16496808884969985,0.03139530674019925
29,1566676800,368,321,0,689,34,-0.5853555198104406,0.019948814536936445
29,1566691200,207,129,0,336,34,-0.5853555198104406,-0.4851276539320349
29,1566705600,46,48,2,94,34,-0.5731703768840424,-0.8313840430807348
29,1566720000,25,45,20,70,34,-0.4635040905464578,-0.8657235196905232
29,1566734400,84,323,239,407,34,0.8707690598941541,-0.3835400356280775
29,1566748800,217,415,198,632,34,0.6209736299029894,-0.06160744241131105
29,1566763200,299,272,0,571,34,-0.5853555198104406,-0.14888694546118994
29,1566777600,141,119,0,260,34,-0.5853555198104406,-0.5938693298630315
29,1566791983,20,17,0,37,34,-0.5853555198104406,-0.9129403000289823
29,1566792000,14,16,2,30,34,-0.5731703768840424,-0.9229559807068373
29,1566805918,176,203,27,379,34,-0.4208560903040638,-0.4236027583394973
29,1566805998,4,0,0,4,34,-0.5853555198104406,-0.9601570803674413
29,1566806079,2,1,0,3,34,-0.5853555198104406,-0.9615878918928492
29,1566806169,2,0,0,2,34,-0.5853555198104406,-0.963018703418257
29,1566806249,5,2,0,7,34,-0.5853555198104406,-0.9558646457912178
29,1566806336,9,23,14,32,34,-0.5000595193256526,-0.9200943576560215
29,1566806400,99,329,230,428,34,0.8159359167253618,-0.35349299359451264
29,1566806416,0,0,0,0,34,-0.5853555198104406,-0.9658803264690727
29,1566806500,6,21,15,27,34,-0.4939669478624535,-0.9272484152830608
29,1566806581,5,3,0,8,34,-0.5853555198104406,-0.95443383426581
29,1566820800,556,1147,591,1703,34,3.015354214940252,1.470791701300497
29,1566835200,396,497,101,893,34,0.02999419797267268,0.311834365720138
29,1566849600,1158,854,0,2012,34,-0.5853555198104406,1.9129124626515228
29,1566864000,257,198,0,455,35,-0.6019299252172144,-0.4528133078176316
29,1566878400,69,15,0,84,35,-0.6019299252172144,-1.018267464125881
29,1566892800,243,393,150,636,35,0.32276125470681655,-0.17694483802843178
29,1566907200,706,1319,613,2025,35,3.1769746967389922,1.9400789439450412
29,1566921600,557,557,0,1114,35,-0.6019299252172144,0.5515917838458088
29,1566936000,1318,869,0,2187,35,-0.6019299252172144,2.186988845082336
29,1566950400,409,236,0,645,35,-0.6019299252172144,-0.16322762129858204
29,1566964800,61,10,0,71,35,-0.6019299252172144,-1.038081221624553
29,1566979200,241,439,198,680,35,0.6186624322825064,-0.10988288957138871
29,1566993600,678,1265,587,1943,35,3.016694892218827,1.8150998581841882
29,1567008000,553,559,6,1112,35,-0.5649422780202532,0.5485435134613977
29,1567022400,1274,905,0,2179,35,-0.6019299252172144,2.174795763544692
29,1567036800,405,247,0,652,35,-0.6019299252172144,-0.15255867495314338
29,1567051200,69,8,0,77,35,-0.6019299252172144,-1.0289364104713197
29,1567065600,225,397,172,622,35,0.45838262776234107,-0.1982827307193091
29,1567080000,656,1181,525,1837,35,2.634489204516894,1.6535415278104026
29,1567094400,564,525,0,1089,35,-0.6019299252172144,0.5134884040406706
29,1567108800,1216,873,0,2089,35,-0.6019299252172144,2.0376235962461946
29,1567123200,367,230,0,597,35,-0.6019299252172144,-0.23638611052444722
29,1567137600,74,9,0,83,35,-0.6019299252172144,-1.0197915993180866
29,1567152000,193,307,114,500,35,0.10083537152504911,-0.38422722416838306
29,1567166400,445,897,452,1342,35,2.184472830287199,0.8990946076686682
29,1567180800,1026,652,0,1678,35,-0.6019299252172144,1.4112040322497243
29,1567195200,897,621,0,1518,35,-0.6019299252172144,1.1673424014968405
29,1567209600,242,212,0,454,35,-0.6019299252172144,-0.45433744300983714
29,1567224000,32,48,16,80,35,-0.5032961993586511,-1.0243640048947031
29,1567238400,35,59,24,94,35,-0.45397933642936944,-1.0030261122038258
29,1567252800,103,334,231,437,35,0.8220944918657932,-0.48024774127733105
29,1567267200,297,438,141,735,35,0.2672797839113747,-0.02605545400008488
29,1567281600,390,303,0,693,35,-0.6019299252172144,-0.0900691320727169
29,1567296000,163,159,0,322,35,-0.6019299252172144,-0.6555232883809663
29,1567310400,26,70,44,96,35,-0.3306871791061653,-0.9999778418194147
29,1567324800,32,37,5,69,35,-0.5711068858864133,-1.041129492008964
29,1567339200,107,295,188,402,35,0.5570163536209044,-0.5335924730045244
29,1567353600,223,406,183,629,35,0.5261933142901033,-0.18761378437387044
29,1567368000,310,333,23,643,35,-0.4601439442955296,-0.1662758916829931
29,1567382400,140,169,29,309,35,-0.4231562970985684,-0.6753370458796382
29,1567396800,18,59,41,77,35,-0.3491810027046459,-1.0289364104713197
29,1567411200,25,36,11,61,35,-0.5341192386894521,-1.053322573546608
29,1567425600,92,292,200,384,35,0.6309916480148269,-0.5610269064642238
29,1567440000,197,303,106,500,35,0.05151850859576746,-0.38422722416838306
29,1567454400,173,215,42,388,35,-0.3430163948384857,-0.5549303656954018
29,1567468800,107,107,0,214,36,-0.5317579322340252,-0.8702423276697604
29,1567483200,10,13,3,23,36,-0.5170678424595269,-1.1228141059825976
29,1567497600,235,413,178,648,36,0.33985406105287946,-0.29633577380708337
29,1567512000,668,1231,563,1899,36,2.2250822487801734,1.3579432558754256
29,1567526400,545,507,0,1052,36,-0.5317579322340252,0.23789982011116897
29,1567540800,1347,835,0,2182,36,-0.5317579322340252,1.7321726446844985
29,1567555200,392,194,0,586,36,-0.5317579322340252,-0.37832242435889435
29,1567569600,51,11,0,62,36,-0.5317579322340252,-1.0712418580548453
29,1567584000,257,448,191,705,36,0.4035111167423725,-0.22096094991267648
29,1567598400,668,1305,637,1973,36,2.587437796551134,1.4557982904050066
29,1567612800,564,478,0,1042,36,-0.5317579322340252,0.22467616679636074
29,1567627200,1337,876,0,2213,36,-0.5317579322340252,1.7731659699604039
29,1567641600,416,212,0,628,36,-0.5317579322340252,-0.3227830804366998
29,1567656000,56,10,0,66,36,-0.5317579322340252,-1.0659523967289222
29,1567670400,256,404,148,660,36,0.19295316330789555,-0.28046738982931346
29,1567684800,693,1366,673,2059,36,2.763718873845115,1.5695217089123572
29,1567699200,716,545,0,1261,36,-0.5317579322340252,0.5142741743906609
29,1567713600,1367,892,0,2259,36,-0.5317579322340252,1.8339947752085217
29,1567728000,403,240,0,643,36,-0.5317579322340252,-0.3029476004644875
29,1567742400,63,10,0,73,36,-0.5317579322340252,-1.0566958394085564
29,1567756800,223,369,146,592,36,0.18315977012489662,-0.3703882323700094
29,1567771200,633,1206,573,1839,36,2.274049214695168,1.2786013359865764
29,1567785600,672,608,0,1280,36,-0.5317579322340252,0.5393991156887965
29,1567800000,1177,893,0,2070,36,-0.5317579322340252,1.5840677275586463
29,1567814400,251,233,0,484,36,-0.5317579322340252,-0.5132036881699382
29,1567828800,42,26,0,68,36,-0.5317579322340252,-1.0633076660659604
29,1567843200,30,87,57,117,36,-0.2526462265185557,-0.9985117648234001
29,1567857600,119,281,162,400,36,0.26150691558888806,-0.6242823760143273
29,1567872000,317,325,8,642,36,-0.4925843595020295,-0.30426996579596827
29,1567886400,341,219,0,560,36,-0.5317579322340252,-0.4127039229773957
29,1567900800,213,107,0,320,36,-0.5317579322340252,-0.7300716025327931
29,1567915200,34,30,0,64,36,-0.5317579322340252,-1.0685971273918837
29,1567929600,19,50,31,69,36,-0.37996033789754186,-1.0619853007344797
29,1567944000,81,263,182,344,36,0.35944084741887733,-0.6983348345772534
29,1567958400,227,337,110,564,36,0.006878692830915882,-0.40741446165147244
29,1567972800,267,179,0,446,36,-0.5317579322340252,-0.5634535707662095
29,1567987200,142,76,0,218,36,-0.5317579322340252,-0.8649528663438371
29,1568001600,11,18,7,29,36,-0.497481056093529,-1.1148799139937124
29,1568016000,268,433,165,701,36,0.2761970053633864,-0.22625041123859976
29,1568030400,691,1418,727,2109,36,3.028140489786086,1.6356399754863984
29,1568044800,665,525,0,1190,36,-0.5317579322340252,0.4203862358555225
29,1568059200,1383,891,0,2274,36,-0.5317579322340252,1.8538302551807342
29,1568073600,385,240,0,625,37,-0.5568214212858942,-0.3963653471391659
29,1568088000,31,31,0,62,37,-0.5568214212858942,-1.0973192771707803
29,1568102400,261,455,194,716,37,0.3651417855089576,-0.28306728740048576
29,1568116800,711,1373,662,2084,37,2.5892592122099405,1.4201387095502218
29,1568131200,657,525,0,1182,37,-0.5568214212858942,0.2971183811514366
29,1568145600,1465,854,0,2319,37,-0.5568214212858942,1.7127216110731869
29,1568160000,411,239,0,650,37,-0.5568214212858942,-0.36523950655161636
29,1568174400,23,46,23,69,37,-0.44751650501640144,-1.0886040418062664
29,1568188800,296,474,178,770,37,0.2891035828867018,-0.21583547173137888
29,1568203200,813,1450,637,2263,37,2.4704495206126658,1.642999728157076
29,1568217600,676,597,0,1273,37,-0.5568214212858942,0.4104164408901167
29,1568232000,1406,1178,0,2584,37,-0.5568214212858942,2.0426555213012114
29,1568246400,386,446,60,832,37,-0.27167816145243484,-0.13864338707425616
29,1568260800,34,39,5,73,37,-0.5330594829664392,-1.0836239073122584
29,1568275200,281,442,161,723,37,0.20831299260055497,-0.2743520520359719
29,1568289600,771,1530,759,2301,37,3.050240815607366,1.6903110058501514
29,1568304000,750,626,0,1376,37,-0.5568214212858942,0.5386549041108205
29,1568318400,1446,1027,0,2473,37,-0.5568214212858942,1.9044567890924917
29,1568332800,441,309,0,750,37,-0.5568214212858942,-0.24073614420141845
29,1568347200,32,34,2,66,37,-0.5473166459581122,-1.0923391426767723
29,1568361600,225,379,154,604,37,0.17504627895331806,-0.42251105323270743
29,1568376000,649,1237,588,1886,37,2.237582525082007,1.17362205209683
29,1568390400,609,590,0,1199,37,-0.5568214212858942,0.3182839527509702
29,1568404800,1093,803,0,1896,37,-0.5568214212858942,1.1860723883318498
29,1568419200,308,264,0,572,37,-0.5568214212858942,-0.46235212918477075
29,1568433600,53,40,0,93,37,-0.5568214212858942,-1.0587232348422189
29,1568448000,29,75,46,104,37,-0.3382115887469087,-1.045027864983697
29,1568462400,101,314,213,415,37,0.4554371511228864,-0.6578224080745815
29,1568476800,305,377,72,682,37,-0.21464950948574302,-0.32539843059955303
29,1568491200,282,233,0,515,37,-0.5568214212858942,-0.5333190457243836
29,1568505600,209,125,0,334,37,-0.5568214212858942,-0.7586701315782418
29,1568520000,41,47,6,88,37,-0.5283070953025483,-1.0649484029597287
29,1568534400,19,43,24,62,37,-0.4427641173525105,-1.0973192771707803
29,1568548800,77,267,190,344,37,0.34613223485339367,-0.746219795343222
29,1568563200,211,321,110,532,37,-0.03405877825788544,-0.5121534741248499
29,1568577600,258,208,0,466,37,-0.5568214212858942,-0.5943256932759805
29,1568592000,153,70,0,223,37,-0.5568214212858942,-0.8968688637869615
29,1568606400,24,24,0,48,37,-0.5568214212858942,-1.1147497478998079
29,1568620800,246,446,200,692,37,0.3936561114923035,-0.31294809436453325
29,1568635200,765,1402,637,2167,37,2.4704495206126658,1.523476500300886
29,1568649600,611,599,0,1210,37,-0.5568214212858942,0.331979322609492
29,1568664000,1409,889,0,2298,37,-0.5568214212858942,1.6865759049796454
29,1568678400,393,186,0,579,38,-0.5702918178017435,-0.4467325480220658
29,1568692800,30,26,0,56,38,-0.5702918178017435,-1.1238130109940314
29,1568707200,272,454,182,726,38,0.33770873526564404,-0.25642503739705824
29,1568721600,701,1222,521,1923,38,2.0289844907043495,1.293221834835146
29,1568736000,642,612,0,1254,38,-0.5702918178017435,0.42712847015398925
29,1568750400,1450,946,0,2396,38,-0.5702918178017435,1.9055718520162928
29,1568764800,420,253,0,673,38,-0.5702918178017435,-0.32503930993532626
29,1568779200,35,16,0,51,38,-0.5702918178017435,-1.1302860555731133
29,1568793600,256,442,186,698,38,0.3576647913770152,-0.2926740870399168
29,1568808000,698,1335,637,2033,38,2.6077101179341127,1.4356288155749477
29,1568822400,632,557,0,1189,38,-0.5702918178017435,0.3429788906259247
29,1568836800,1409,944,0,2353,38,-0.5702918178017435,1.8499036686361885
29,1568851200,434,277,0,711,38,-0.5702918178017435,-0.27584417113430393
29,1568865600,37,15,0,52,38,-0.5702918178017435,-1.1289914466572968
29,1568880000,254,461,207,715,38,0.46243408596171376,-0.2706657354710384
29,1568894400,760,1364,604,2124,38,2.443072655015301,1.5534382269142382
29,1568908800,631,552,0,1183,38,-0.5702918178017435,0.3352112371310264
29,1568923200,1338,955,0,2293,38,-0.5702918178017435,1.772227133687206
29,1568937600,447,343,0,790,38,-0.5702918178017435,-0.17357006678481007
29,1568952000,31,14,0,45,38,-0.5702918178017435,-1.1380537090680116
29,1568966400,231,361,130,592,38,0.07828000581781899,-0.42990263211645285
29,1568980800,623,1275,652,1898,38,2.682545328351755,1.2608566119397366
29,1568995200,661,673,12,1334,38,-0.5104236494676301,0.5306971834192995
29,1569009600,1188,908,0,2096,38,-0.5702918178017435,1.5171891772713795
29,1569024000,320,273,0,593,38,-0.5702918178017435,-0.4286080232006365
29,1569038400,38,39,1,77,38,-0.5653028037739009,-1.0966262237618873
29,1569052800,25,79,54,104,38,-0.300885060298233,-1.0616717830348452
29,1569067200,100,450,350,550,38,1.1758630919432327,-0.4842762065807407
29,1569081600,286,375,89,661,38,-0.12626956932373537,-0.3405746169251228
29,1569096000,306,303,0,609,38,-0.5702918178017435,-0.40789428054757443
29,1569110400,212,123,0,335,38,-0.5702918178017435,-0.762617123481262
29,1569124800,43,36,0,79,38,-0.5702918178017435,-1.0940370059302547
29,1569139200,18,55,37,73,38,-0.38569829877156037,-1.101804659425153
29,1569153600,77,283,206,360,38,0.45744507193387096,-0.7302519005858525
29,1569168000,264,388,124,652,38,0.048345921650762264,-0.3522260971674702
29,1569182400,249,202,0,451,38,-0.5702918178017435,-0.6124424892465621
29,1569196800,114,68,0,182,38,-0.5702918178017435,-0.9606922876011678
29,1569211200,16,11,0,27,38,-0.5702918178017435,-1.1613566695527062
29,1569225600,271,421,150,692,38,0.17806028637467478,-0.3004417405348151
29,1569240000,735,1388,653,2123,38,2.6875343423795974,1.5521436179984216
29,1569254400,582,588,6,1170,38,-0.5403577336346869,0.3183813212254135
29,1569268800,1363,946,0,2309,38,-0.5702918178017435,1.7929408763402679
29,1569283200,417,230,0,647,39,-0.555533972877871,-0.32163965575114123
29,1569297600,61,44,0,105,39,-0.555533972877871,-1.0379448460938165
29,1569312000,254,455,201,709,39,0.49054012899215926,-0.23970068563814148
29,1569326400,713,1367,654,2080,39,2.8481101197738687,1.5722078308928693
29,1569340800,679,575,0,1254,39,-0.555533972877871,0.4805692935809692
29,1569355200,1426,1008,0,2434,39,-0.555533972877871,2.040052918312255
29,1569369600,418,249,0,667,39,-0.555533972877871,-0.29520772990823807
29,1569384000,52,22,0,74,39,-0.555533972877871,-1.0789143311503164
29,1569398400,267,478,211,745,39,0.5425836166473846,-0.19212321912091582
29,1569412800,761,1367,606,2128,39,2.598301379028787,1.635644452915837
29,1569427200,648,581,0,1229,39,-0.555533972877871,0.4475293862773403
29,1569441600,1410,902,0,2312,39,-0.555533972877871,1.8788181706705458
29,1569456000,461,265,0,726,39,-0.555533972877871,-0.2172335486716738
29,1569470400,23,24,1,47,39,-0.5503296241123484,-1.1145974310382356
29,1569484800,258,451,193,709,39,0.44890533886797895,-0.23970068563814148
29,1569499200,711,1377,666,2088,39,2.9105623049601395,1.5827806012300305
29,1569513600,686,609,0,1295,39,-0.555533972877871,0.5347547415589207
29,1569528000,1399,984,0,2383,39,-0.555533972877871,1.972651507412852
29,1569542400,390,254,0,644,39,-0.555533972877871,-0.3256044446275767
29,1569556800,33,16,0,49,39,-0.555533972877871,-1.1119542384539454
29,1569570627,95,265,170,360,39,0.3292053172609606,-0.7009377915968014
29,1569571200,266,403,137,669,39,0.15746180799871679,-0.29256453732394777
29,1569585600,674,1217,543,1891,39,2.2704274068008674,1.3224261316774344
29,1569600000,621,675,54,1296,39,-0.2744991395396539,0.5360763378510658
29,1569614400,1110,858,0,1968,39,-0.555533972877871,1.4241890461726117
29,1569628800,308,280,0,588,39,-0.555533972877871,-0.3996138369877055
29,1569643200,42,13,0,55,39,-0.555533972877871,-1.1040246607010744
29,1569657600,25,79,54,104,39,-0.2744991395396539,-1.0392664423859617
29,1569672000,112,343,231,455,39,0.6466705919578354,-0.5753861438430115
29,1569686400,320,328,8,648,39,-0.5138991827536906,-0.32031805945899605
29,1569700800,336,228,0,564,39,-0.555533972877871,-0.4313321479991893
29,1569715200,196,85,0,281,39,-0.555533972877871,-0.8053438986762688
29,1569729600,28,11,0,39,39,-0.555533972877871,-1.1251702013753968
29,1569744000,28,62,34,90,39,-0.3785861148501047,-1.0577687904759938
29,1569758400,152,257,105,409,39,-0.009077352498004435,-0.6361795732816886
29,1569772800,287,239,0,526,39,-0.555533972877871,-0.48155280710070525
29,1569787200,244,187,0,431,39,-0.555533972877871,-0.6071044548544952
29,1569801600,126,63,0,189,39,-0.555533972877871,-0.9269307575536232
29,1569816000,16,9,0,25,39,-0.555533972877871,-1.143672549465429
29,1569830400,277,365,88,642,39,-0.09755128151188759,-0.328247637211867
29,1569844800,633,1167,534,1800,39,2.2235882679111647,1.2021608690922252
29,1569859200,390,490,100,880,39,-0.03509909632561713,-0.013707719681319577
29,1569873600,1198,853,0,2051,39,-0.555533972877871,1.5338815384206597
29,1569888000,201,183,0,384,40,-0.5951077864036062,-0.6590615201701773
29,1569902400,25,30,5,55,40,-0.5688364735709895,-1.0760828630455097
29,1569916800,255,399,144,654,40,0.16150602317575272,-0.31682515975577075
29,1569931200,676,1235,559,1911,40,2.3420249882829327,1.276475229284633
29,1569945600,443,545,102,988,40,-0.05917300461822696,0.10653389349760625
29,1569960000,1342,874,0,2216,40,-0.5951077864036062,1.6630755623453517
29,1569974400,229,231,2,460,40,-0.5845992612705595,-0.5627283224238999
29,1569988800,23,36,13,59,40,-0.526802373038803,-1.071012694743074
29,1570003200,278,457,179,735,40,0.34540521300406907,-0.21415425163144877
29,1570017600,757,1367,610,2124,40,2.609992379175622,1.5464616913893316
29,1570032000,599,548,0,1147,40,-0.5951077864036062,0.3080730835194235
29,1570046400,1399,1023,0,2422,40,-0.5951077864036062,1.9241892299207877
29,1570060800,358,279,0,637,40,-0.5951077864036062,-0.33837337504112225
29,1570075200,25,36,11,61,40,-0.5373108981718495,-1.0684776105918563
29,1570089600,263,431,168,694,40,0.2876083247723125,-0.26612347673141423
29,1570104000,773,1339,566,2112,40,2.378804826248596,1.5312511864820246
29,1570118400,672,612,0,1284,40,-0.5951077864036062,0.4817263478778446
29,1570132800,1465,967,0,2432,40,-0.5951077864036062,1.9368646506768767
29,1570147200,416,276,0,692,40,-0.5951077864036062,-0.268658560882632
29,1570161600,28,42,14,70,40,-0.5215481104722796,-1.057069731911376
29,1570176000,244,370,126,614,40,0.06692929697833284,-0.36752684278012726
29,1570190400,731,1293,562,2024,40,2.3577877759825028,1.4197074838284403
29,1570204800,616,630,14,1246,40,-0.5215481104722796,0.43355974900470584
29,1570219200,1170,993,0,2163,40,-0.5951077864036062,1.5958958323380792
29,1570233600,318,321,3,639,40,-0.5793449987040362,-0.3358382908899044
29,1570248000,33,39,6,72,40,-0.5635822110044661,-1.0545346477601583
29,1570262400,25,60,35,85,40,-0.41120859657528974,-1.0380566007772423
29,1570276800,124,387,263,511,40,0.7867632685920284,-0.4980836765678453
29,1570291200,273,397,124,670,40,0.0564207718452862,-0.2965444865460281
29,1570305600,272,307,35,579,40,-0.41120859657528974,-0.41189081542643924
29,1570320000,250,85,0,335,40,-0.5951077864036062,-0.721171081875014
29,1570334400,42,16,0,58,40,-0.5951077864036062,-1.072280236818683
29,1570348800,16,42,26,58,40,-0.45849695967399967,-1.072280236818683
29,1570363200,74,258,184,332,40,0.3716765258366857,-0.7249737081018408
29,1570377600,204,356,152,560,40,0.2035401237079393,-0.4359741148630086
29,1570392000,225,195,0,420,40,-0.5951077864036062,-0.6134300054482564
29,1570406400,151,72,0,223,40,-0.5951077864036062,-0.8631357943432123
29,1570420800,15,14,0,29,40,-0.5951077864036062,-1.1090389570113415
29,1570435200,258,438,180,696,40,0.3506594755705924,-0.2635883925801964
29,1570449600,758,1432,674,2190,40,2.946265183433115,1.63011946837952
29,1570464000,594,457,0,1051,40,-0.5951077864036062,0.18638904426096778
29,1570478400,1456,818,0,2274,40,-0.5951077864036062,1.7365930027306686
29,1570492800,362,209,0,571,41,-0.6648219848243145,-0.3987181422976513
29,1570507200,25,34,9,59,41,-0.6190822322684018,-1.0985649589144968
29,1570521600,273,392,119,665,41,-0.06004081214057816,-0.27023064080940234
29,1570536000,760,1464,704,2224,41,2.9130431039937563,1.860748240256344
29,1570550400,461,530,69,991,41,-0.31415054856231617,0.17537494945835472
29,1570564800,1343,955,0,2298,41,-0.6648219848243145,1.9618979754704975
29,1570579200,257,268,11,525,41,-0.6089178428115322,-0.461595004728071
29,1570593600,22,55,33,77,41,-0.4971095587859675,-1.0739609692678107
29,1570608000,249,414,165,663,41,0.17374014536742077,-0.2729644174368119
29,1570622400,731,1340,609,2071,41,2.430234604792454,1.6516143282595133
29,1570636800,386,535,149,921,41,0.09242502971246463,0.07969276749902039
29,1570651200,1266,908,0,2174,41,-0.6648219848243145,1.7924038245711051
29,1570665600,248,251,3,499,41,-0.6495754006390103,-0.4971341008843952
29,1570680000,34,63,29,97,41,-0.5174383376997065,-1.0466232029937153
29,1570694400,240,420,180,660,41,0.24997306629394217,-0.2770650823779262
29,1570708800,712,1361,649,2073,41,2.6335223939298444,1.6543481048869229
29,1570723200,699,563,0,1262,41,-0.6648219848243145,0.5458016824723491
29,1570737600,1474,929,0,2403,41,-0.6648219848243145,2.105421248409499
29,1570752000,415,296,0,711,41,-0.6648219848243145,-0.20735377837898264
29,1570766400,42,66,24,108,41,-0.5428493113418803,-1.0315874315429627
29,1570780800,250,400,150,650,41,0.09750722444089939,-0.290733965514974
29,1570795200,663,1235,572,1898,41,2.242193399840368,1.4151426499885869
29,1570809600,613,654,41,1267,41,-0.4564520009584894,0.5526361240408729
29,1570824000,1185,939,0,2124,41,-0.6648219848243145,1.7240594088858663
29,1570838400,339,284,0,623,41,-0.6648219848243145,-0.32763994998500295
29,1570852800,38,64,26,102,41,-0.5326849218850108,-1.0397887614251913
29,1570867200,33,72,39,105,41,-0.46661639041535896,-1.0356880964840771
29,1570881600,128,425,297,553,41,0.8445898495208091,-0.42332213194433727
29,1570896000,332,421,89,753,41,-0.21250665399362095,-0.14994446920338203
29,1570910400,331,341,10,672,41,-0.614000037539967,-0.2606624226134689
29,1570924800,262,95,0,357,41,-0.6648219848243145,-0.6912322414304735
29,1570939200,36,33,0,69,41,-0.6648219848243145,-1.084896075777449
29,1570953600,19,52,33,71,41,-0.4971095587859675,-1.0821622991500395
29,1570961826,23,158,135,181,41,0.021274303514377993,-0.931804584642514
29,1570968000,80,373,293,453,41,0.82426107060707,-0.5600109633148149
29,1570982400,259,460,201,719,41,0.3566991555910721,-0.19641867186934442
29,1570996800,257,287,30,544,41,-0.5123561429712717,-0.43562412676768025
29,1571011200,129,83,0,212,41,-0.6648219848243145,-0.889431046917666
29,1571025600,17,13,0,30,41,-0.6648219848243145,-1.1382047200119352
29,1571040000,164,286,122,450,41,-0.04479422795527388,-0.5641116282559292
29,1571054400,552,1128,576,1680,41,2.2625221787541068,1.1171609976009456
29,1571068800,331,589,258,920,41,0.6463842551118535,0.07832587918531561
29,1571083200,812,799,0,1611,41,-0.6648219848243145,1.022845703955316
29,1571097600,200,218,18,418,42,-0.454605953105079,-0.6256922418868591
29,1571112000,18,34,16,52,42,-0.4645790270306018,-1.0734016466387466
29,1571126400,247,434,187,681,42,0.38811879360159396,-0.303977560330175
29,1571140800,695,1433,738,2128,42,3.135700660083114,1.4660648131014675
29,1571155200,665,561,0,1226,42,-0.5443636184347839,0.36269354783861923
29,1571169600,1409,988,0,2397,42,-0.5443636184347839,1.7951189930967073
29,1571184000,408,153,0,561,42,-0.5443636184347839,-0.4507675291012856
29,1571198400,28,39,11,67,42,-0.48951171184440867,-1.0550529005423577
29,1571212800,287,427,140,714,42,0.15375155635180915,-0.26361031891811953
29,1571227200,730,1289,559,2019,42,2.2431105437488266,1.3327305914677088
29,1571241600,685,583,0,1268,42,-0.5443636184347839,0.4140700369085079
29,1571256000,1503,1000,0,2503,42,-0.5443636184347839,1.9247834655111882
29,1571270400,342,326,0,668,42,-0.5443636184347839,-0.31987980694704526
29,1571284800,31,39,8,70,42,-0.5044713227326928,-1.05138315132308
29,1571299200,254,446,192,700,42,0.41305147841540085,-0.2807358152747491
29,1571313600,776,1426,650,2202,42,2.6968854073601123,1.5565852938436524
29,1571328000,696,593,0,1289,42,-0.5443636184347839,0.4397582814434523
29,1571342400,1420,1090,0,2510,42,-0.5443636184347839,1.933346213689503
29,1571356800,397,275,0,672,42,-0.5443636184347839,-0.31498680798800827
29,1571371200,41,63,22,104,42,-0.4346598052540335,-1.0097926601712652
29,1571385600,258,401,143,659,42,0.16871116724009327,-0.33088905460487855
29,1571400000,843,1364,521,2207,42,2.0536221391638945,1.5627015425424486
29,1571414400,620,658,38,1278,42,-0.3548752138498515,0.4263025343061005
29,1571428800,1204,869,0,2073,42,-0.5443636184347839,1.3987860774147085
29,1571443200,315,271,0,586,42,-0.5443636184347839,-0.4201862856073042
29,1571457600,40,32,0,72,42,-0.5443636184347839,-1.0489366518435614
29,1571472000,47,80,33,127,42,-0.3798078986636584,-0.9816579161568024
29,1571486400,119,335,216,454,42,0.5327283655216739,-0.5816552512555259
29,1571500800,330,398,68,728,42,-0.2052791049670101,-0.24648482256148996
29,1571515200,335,205,0,540,42,-0.5443636184347839,-0.47645577363622993
29,1571529600,187,68,0,255,42,-0.5443636184347839,-0.8250819494676177
29,1571544000,41,19,0,60,42,-0.5443636184347839,-1.0636156487206725
29,1571558400,22,45,23,67,42,-0.4296732682912721,-1.0550529005423577
29,1571572800,77,253,176,330,42,0.33326688701121876,-0.7333382189856735
29,1571587200,228,260,32,488,42,-0.38479443562641974,-0.5400647601037112
29,1571601600,235,148,0,383,42,-0.5443636184347839,-0.6685059827784331
29,1571616000,127,58,0,185,42,-0.5443636184347839,-0.9107094312507656
29,1571630400,13,17,4,30,42,-0.5244174705837383,-1.1003131409134501
29,1571644800,245,388,143,633,42,0.16871116724009327,-0.36269354783861923
29,1571659200,731,1378,647,2109,42,2.681925796471828,1.4428230680460417
29,1571673600,603,590,0,1193,42,-0.5443636184347839,0.3223263064265638
29,1571688000,1385,948,0,2333,42,-0.5443636184347839,1.716831009752115
29,1571702400,386,214,0,600,43,-0.5075420223562312,-0.4198034297804835
29,1571716800,35,36,1,71,43,-0.5030740355738038,-1.0725110996799085
29,1571731200,255,418,163,673,43,0.22073982317945498,-0.3297322390382188
29,1571745600,711,1345,634,2056,43,2.3251615977028184,1.3766849773529057
29,1571760000,704,539,0,1243,43,-0.5075420223562312,0.37356335990823164
29,1571774400,1497,1019,0,2516,43,-0.5075420223562312,1.9442568642219709
29,1571788800,376,305,0,681,43,-0.5075420223562312,-0.31986142361440895
29,1571803200,26,42,16,68,43,-0.4360542338373909,-1.0762126554638372
29,1571817600,263,416,153,679,43,0.17605995535517974,-0.3223291274703614
29,1571832000,747,1434,687,2181,43,2.5619648971714772,1.5309164683499343
29,1571846400,678,553,0,1231,43,-0.5075420223562312,0.3587571367725169
29,1571860800,1481,982,0,2463,43,-0.5075420223562312,1.8788627120392307
29,1571875200,425,340,0,765,43,-0.5075420223562312,-0.21621786166440574
29,1571889600,33,42,9,75,43,-0.46733014131438355,-1.0675756919680037
29,1571904000,261,431,170,692,43,0.25201573065644767,-0.3062890524066705
29,1571918400,737,1467,730,2204,43,2.7540883288158606,1.5592950626933875
29,1571932800,702,594,0,1296,43,-0.5075420223562312,0.4389575120909718
29,1571947200,1458,940,0,2398,43,-0.5075420223562312,1.798662336720776
29,1571961600,517,337,0,854,43,-0.5075420223562312,-0.10640504007452138
29,1571976000,51,52,1,103,43,-0.5030740355738038,-1.0330278379846694
29,1571990400,240,374,134,614,43,0.09116820648905681,-0.40252950278881633
29,1572004800,672,1354,682,2026,43,2.5396249632593397,1.3396694195136187
29,1572019200,720,682,0,1402,43,-0.5075420223562312,0.5697458164564521
29,1572033600,1175,839,0,2014,43,-0.5075420223562312,1.324863196377904
29,1572048000,297,289,0,586,43,-0.5075420223562312,-0.4370773567721507
29,1572062400,44,20,0,64,43,-0.5075420223562312,-1.0811480631757422
29,1572076800,31,116,85,147,43,-0.12776314584989182,-0.9787383531537152
29,1572091200,130,353,223,483,43,0.48881903012510636,-0.5641641053537023
29,1572105600,363,337,0,700,43,-0.5075420223562312,-0.29641823698286063
29,1572120000,386,240,0,626,43,-0.5075420223562312,-0.38772327965310155
29,1572134400,191,78,0,269,43,-0.5075420223562312,-0.8282084179406153
29,1572148800,35,16,0,51,43,-0.5075420223562312,-1.097188138239433
29,1572163200,24,64,40,88,43,-0.3288225510591304,-1.0515356169043126
29,1572177600,74,199,125,273,43,0.0509563254472091,-0.8232730102287104
29,1572192000,235,208,0,443,43,-0.5075420223562312,-0.6135181824727515
29,1572206400,221,148,0,369,43,-0.5075420223562312,-0.7048232251429923
29,1572220800,142,46,0,188,43,-0.5075420223562312,-0.9281504241066898
29,1572235200,20,11,0,31,43,-0.5075420223562312,-1.1218651767989578
29,1572249600,234,392,158,626,43,0.19839988926731736,-0.38772327965310155
29,1572264000,665,1425,760,2090,43,2.8881279322886866,1.4186359429040976
29,1572278400,628,494,0,1122,43,-0.5075420223562312,0.22426727662310794
29,1572292800,1461,968,0,2429,43,-0.5075420223562312,1.8369117464880391
29,1572307200,442,231,0,673,44,-0.5547374247017385,-0.30555745163431963
29,1572321600,33,29,0,62,44,-0.5547374247017385,-1.0706304457054605
29,1572336000,267,430,163,697,44,0.1895494454618306,-0.2755054846004287
29,1572350400,766,1380,614,2146,44,2.2488953254849573,1.5388820250707382
29,1572364800,689,577,0,1266,44,-0.5547374247017385,0.43697656716140293
29,1572379200,1534,1035,0,2569,44,-0.5547374247017385,2.0685479440430665
29,1572393600,434,253,0,687,44,-0.5547374247017385,-0.2880271375312166
29,1572408000,33,41,8,74,44,-0.5182080077611951,-1.055604462188515
29,1572422400,253,416,163,669,44,0.1895494454618306,-0.3105661128066348
29,1572436800,703,1447,744,2150,44,2.842498350768785,1.5438906862430535
29,1572451200,727,518,0,1245,44,-0.5547374247017385,0.41068109600674835
29,1572465600,1504,921,0,2425,44,-0.5547374247017385,1.8882361418397207
29,1572480000,413,275,0,688,44,-0.5547374247017385,-0.2867749722381378
29,1572494400,38,44,6,82,44,-0.527340361996331,-1.0455871398438847
29,1572508800,214,418,204,632,44,0.37676270728211486,-0.35689622865055004
29,1572523200,717,1392,675,2109,44,2.5274321296566,1.4925519092268231
29,1572537600,714,492,0,1206,44,-0.5547374247017385,0.3618466495766755
29,1572552000,1296,857,0,2153,44,-0.5547374247017385,1.5476471821222897
29,1572566400,293,299,6,592,44,-0.527340361996331,-0.40698284037370164
29,1572580800,35,65,30,100,44,-0.4177521111747012,-1.0230481645684664
29,1572595200,220,364,144,584,44,0.10279208022804034,-0.41700016271833196
29,1572609600,649,1288,639,1937,44,2.363049753424155,1.2771794788172712
29,1572624000,594,602,8,1196,44,-0.5182080077611951,0.3493249966458876
29,1572638400,1139,886,0,2025,44,-0.5547374247017385,1.3873700246082046
29,1572652800,285,283,0,568,44,-0.5547374247017385,-0.4370348074075926
29,1572667200,41,30,0,71,44,-0.5547374247017385,-1.0593609580677514
29,1572681600,25,67,42,92,44,-0.3629579857638863,-1.0330654869130966
29,1572696000,116,382,266,498,44,0.6598656885713251,-0.5246863779231079
29,1572710400,279,408,129,687,44,0.034299423464521715,-0.2880271375312166
29,1572724800,268,290,22,558,44,-0.45428152811524447,-0.44955646033838054
29,1572739200,157,125,0,282,44,-0.5547374247017385,-0.7951540812281266
29,1572750000,25,28,3,53,44,-0.5410388933490348,-1.0818999333431696
29,1572764400,10,22,12,32,44,-0.49994329929092357,-1.1081954044978242
29,1572778800,75,234,159,309,44,0.17128473699155897,-0.7613456183149993
29,1572793200,197,349,152,546,44,0.1393214971685836,-0.464582443855326
29,1572807600,242,233,0,475,44,-0.5547374247017385,-0.5534861796639201
29,1572822000,143,91,0,234,44,-0.5547374247017385,-0.8552580152959085
29,1572836400,36,22,0,58,44,-0.5547374247017385,-1.0756391068777755
29,1572850800,107,152,45,259,44,-0.34925945441118256,-0.8239538829689388
29,1572865200,826,1600,774,2426,44,2.9794836642958225,1.8894883071327995
29,1572879600,396,612,216,1008,44,0.4315568326929297,0.11391792154707506
29,1572894000,1378,941,0,2319,44,-0.5547374247017385,1.755506620773369
29,1572908400,610,380,0,990,44,-0.5547374247017385,0.09137894627165684
29,1572922800,55,42,0,97,45,-0.573791107228652,-1.010425330221613
29,1572937200,89,155,66,244,45,-0.26019707149564264,-0.8227601479585652
29,1572951600,796,1608,812,2404,45,3.284365817244129,1.9347690608045884
29,1572966000,426,553,127,979,45,0.029639840318199308,0.11556576335667448
29,1572980400,1268,922,0,2190,45,-0.573791107228652,1.6615694077141647
29,1572994800,534,348,0,882,45,-0.573791107228652,-0.008267724259078246
29,1573009200,54,69,15,123,45,-0.5025197354711498,-0.9772328490050196
29,1573023600,119,164,45,283,45,-0.35997699195614563,-0.772971426133675
29,1573038000,782,1460,678,2242,45,2.6476748962104435,1.7279543701473519
29,1573052400,505,504,0,1009,45,-0.573791107228652,0.15386478014505162
29,1573066800,1364,934,0,2298,45,-0.573791107228652,1.7994458681523224
29,1573081200,572,593,21,1165,45,-0.474011186768149,0.3530196674446127
29,1573095600,60,79,19,139,45,-0.48351403633581597,-0.9568067067178851
29,1573110000,110,165,55,275,45,-0.3124627441178109,-0.7831844972772422
29,1573124400,812,1490,678,2302,45,2.6476748962104435,1.804552403724106
29,1573138800,435,543,108,978,45,-0.060637230574636714,0.11428912946372857
29,1573153200,1376,878,0,2254,45,-0.573791107228652,1.7432739768627028
29,1573167600,565,439,0,1004,45,-0.573791107228652,0.1474816106803221
29,1573182000,66,83,17,149,45,-0.4930168859034829,-0.9440403677884261
29,1573196400,75,161,86,236,45,-0.16516857581897315,-0.8329732191021325
29,1573210800,764,1227,463,1991,45,1.6261185676862469,1.4075192630179298
29,1573225200,423,642,219,1065,45,0.466770920430879,0.22535627815002227
29,1573239600,1163,984,0,2147,45,-0.573791107228652,1.6066741503174908
29,1573254000,444,402,0,846,45,-0.573791107228652,-0.054226544405130805
29,1573268400,72,64,0,136,45,-0.573791107228652,-0.9606366083967229
29,1573282800,19,33,14,52,45,-0.5072711602549833,-1.067873855404179
29,1573297200,97,297,200,394,45,0.37649384953804294,-0.6312650640166796
29,1573311600,263,470,207,733,45,0.4097538230248773,-0.198486174308018
29,1573326000,368,290,0,658,45,-0.573791107228652,-0.29423371627896083
29,1573340400,254,146,0,400,45,-0.573791107228652,-0.6236052606590041
29,1573354800,104,61,0,165,45,-0.573791107228652,-0.9236142255012917
29,1573369200,16,16,0,32,45,-0.573791107228652,-1.093406533263097
29,1573383600,65,223,158,288,45,0.17693400861703704,-0.7665882566689455
29,1573398000,197,381,184,578,45,0.30047105299670734,-0.39636442771463315
29,1573412400,288,234,0,522,45,-0.573791107228652,-0.4678559257196038
29,1573426800,170,94,0,264,45,-0.573791107228652,-0.7972274700996471
29,1573441200,30,24,0,54,45,-0.573791107228652,-1.065320587618287
29,1573455600,84,121,37,205,45,-0.3979883902268134,-0.8725488697834555
29,1573470000,632,1251,619,1883,45,2.3673408339642688,1.2696428025797721
29,1573484400,347,591,244,938,45,0.5855565400267159,0.0632237737458924
29,1573498800,1019,877,0,1896,45,-0.573791107228652,1.2862390431880688
29,1573513200,474,342,0,816,45,-0.573791107228652,-0.09252556119350794
29,1573527600,42,54,12,96,46,-0.4748697659920616,-0.9673103240390158
29,1573542000,95,169,74,264,46,-0.16086243469614275,-0.7699776755360872
29,1573556400,919,1570,651,2489,46,2.7614316001061985,1.8435053180294856
29,1573570800,456,511,55,967,46,-0.25709048783521465,0.055765490520810625
29,1573585200,1463,944,0,2407,46,-0.5356453785009491,1.7471881919744847
29,1573599600,559,411,0,970,46,-0.5356453785009491,0.05928928781550578
29,1573614000,53,77,24,130,46,-0.4140941534831741,-0.9273739546991375
29,1573628400,101,174,73,275,46,-0.16592706907188337,-0.7570570854555383
29,1573642800,855,1497,642,2352,46,2.7158498907245328,1.6825852415717402
29,1573657200,494,491,0,985,46,-0.5356453785009491,0.07690827428898155
29,1573671600,1538,923,0,2461,46,-0.5356453785009491,1.8106165432789973
29,1573686000,619,455,0,1074,46,-0.5356453785009491,0.18144759403160446
29,1573700400,75,77,2,152,46,-0.5255161097494678,-0.9015327745380397
29,1573714800,106,150,44,256,46,-0.31280146596836156,-0.779374468321941
29,1573729200,875,1540,665,2415,46,2.8323364813665672,1.7565849847603383
29,1573743600,456,567,111,1023,46,0.026529037206260438,0.12154304002178684
29,1573758000,1492,900,0,2392,46,-0.5356453785009491,1.7295692055010088
29,1573772400,610,438,0,1048,46,-0.5356453785009491,0.1509080174775798
29,1573786800,94,100,6,194,46,-0.5052575722465054,-0.8521996124123075
29,1573801200,100,149,49,249,46,-0.2874782940896584,-0.787596662009563
29,1573815600,731,1271,540,2002,46,2.199257184398989,1.2714755571906389
29,1573830000,451,612,161,1063,46,0.27976075599329175,0.16852700395105558
29,1573844400,1198,943,0,2141,46,-0.5356453785009491,1.4347448318448477
29,1573858800,435,420,0,855,46,-0.5356453785009491,-0.0757896084811418
29,1573873200,87,59,0,146,46,-0.5356453785009491,-0.90858036912743
29,1573887600,22,34,12,56,46,-0.4748697659920616,-1.0142942879682846
29,1573902000,91,269,178,360,46,0.3658595403808824,-0.6572161621058423
29,1573916400,273,365,92,638,46,-0.06969901593281147,-0.33067761279742464
29,1573930800,333,280,0,613,46,-0.5356453785009491,-0.3600425902532176
29,1573945200,203,104,0,307,46,-0.5356453785009491,-0.7194699143121234
29,1573959600,60,36,0,96,46,-0.5356453785009491,-0.9673103240390158
29,1573974000,14,21,7,35,46,-0.5001929378707647,-1.0389608690311507
29,1573988400,57,202,145,259,46,0.19872660598144173,-0.7758506710272458
29,1574002800,212,337,125,549,46,0.09743391846662922,-0.43521693254004756
29,1574017200,209,163,0,372,46,-0.5356453785009491,-0.6431209729270617
29,1574031600,142,62,0,204,46,-0.5356453785009491,-0.8404536214299904
29,1574046000,26,14,0,40,46,-0.5356453785009491,-1.0330878735399922
29,1574060400,97,144,47,241,46,-0.29760756284113965,-0.7969934547954167
29,1574074800,815,1440,625,2255,46,2.629751106336942,1.5686491290432636
29,1574089200,401,503,102,904,46,-0.0190526721754052,-0.01823425266778762
29,1574103600,1410,910,0,2320,46,-0.5356453785009491,1.6449980704283251
29,1574118000,603,362,0,965,46,-0.5356453785009491,0.05341629232434719
29,1574132400,54,61,7,115,47,-0.47964097299246033,-0.9357821372918138
29,1574146800,114,175,61,289,47,-0.19672140816881925,-0.7253672005412962
29,1574161200,820,1489,669,2309,47,2.988743321697362,1.717380915757817
29,1574175600,453,520,67,973,47,-0.16528590096619244,0.101781171512463
29,1574190000,1483,975,0,2458,47,-0.5163157313955249,1.897563821366019
29,1574204400,617,397,0,1014,47,-0.5163157313955249,0.15136170258586085
29,1574218800,50,64,14,114,47,-0.4429662145893957,-0.9369914185375064
29,1574233200,116,158,42,274,47,-0.2962671809771374,-0.7435064192266856
29,1574247600,851,1466,615,2317,47,2.7058237568737207,1.7270551657233582
29,1574262000,534,479,0,1013,47,-0.5163157313955249,0.15015242134016824
29,1574276400,1390,897,0,2287,47,-0.5163157313955249,1.6907767283525792
29,1574290800,627,422,0,1049,47,-0.5163157313955249,0.19368654618510292
29,1574305200,54,97,43,151,47,-0.2910279297766996,-0.8922480124468791
29,1574319600,110,190,80,300,47,-0.09717563536050108,-0.7120651068386772
29,1574334000,912,1494,582,2406,47,2.5329284672592736,1.8346811965900023
29,1574348400,465,594,129,1059,47,0.15954767346095103,0.20577935864202923
29,1574362800,1395,910,0,2305,47,-0.5163157313955249,1.7125437907750465
29,1574377200,657,398,0,1055,47,-0.5163157313955249,0.2009422336592587
29,1574391600,57,92,35,149,47,-0.332941939380202,-0.8946665749382644
29,1574406000,110,174,64,284,47,-0.18100365456750583,-0.7314136067697593
29,1574420400,676,1063,387,1739,47,1.511274483173903,1.028090605713018
29,1574434800,435,587,152,1022,47,0.2800504510710204,0.1610359525514019
29,1574449200,1161,902,0,2063,47,-0.5163157313955249,1.41989772931743
29,1574463600,424,376,0,800,47,-0.5163157313955249,-0.10742448399236204
29,1574478000,74,68,0,142,47,-0.5163157313955249,-0.9031315436581129
29,1574492400,15,30,15,45,47,-0.43772696338895795,-1.020431824490298
29,1574506800,68,255,187,323,47,0.4634242430863433,-0.6842516381877467
29,1574521200,234,261,27,495,47,-0.3748559489837044,-0.47625526392861434
29,1574535600,366,202,0,568,47,-0.5163157313955249,-0.38797773299305227
29,1574550000,238,100,0,338,47,-0.5163157313955249,-0.6661124195023572
29,1574564400,54,25,0,79,47,-0.5163157313955249,-0.9793162621367485
29,1574578800,22,21,0,43,47,-0.5163157313955249,-1.0228503869816832
29,1574593200,78,131,53,209,47,-0.2386354177723216,-0.8221097001967066
29,1574607600,153,199,46,352,47,-0.2753101761753862,-0.6491824820626605
29,1574622000,222,153,0,375,47,-0.5163157313955249,-0.62136901341173
29,1574636400,111,44,0,155,47,-0.5163157313955249,-0.8874108874641087
29,1574650800,38,10,0,48,47,-0.5163157313955249,-1.01680398075322
29,1574665200,92,148,56,240,47,-0.22291766417100822,-0.7846219815802351
29,1574679600,785,1497,712,2282,47,3.2140311233161873,1.684730322124116
29,1574694000,431,527,96,958,47,-0.013347616153496313,0.08364195282707355
29,1574708400,1336,895,0,2231,47,-0.5163157313955249,1.6230569785937918
29,1574722800,538,365,0,903,47,-0.5163157313955249,0.017131484313978883
29,1574737200,54,48,0,102,48,-0.6422422250231515,-0.8592718529911672
29,1574751600,106,149,43,255,48,-0.38843709189584047,-0.6226148614207385
29,1574766000,719,1437,718,2156,48,3.5957132537072987,2.3178095893987694
29,1574780400,491,549,58,1040,48,-0.29990041754910407,0.5916056508850552
29,1574794800,1286,938,0,2224,48,-0.6422422250231515,2.4229904745411823
29,1574809200,606,354,0,960,48,-0.6422422250231515,0.4678634330704521
29,1574823600,53,62,9,115,48,-0.5891202204151097,-0.8391637425962941
29,1574838000,90,154,64,244,48,-0.26448574781040946,-0.6396294163702465
29,1574852400,562,994,432,1556,48,1.9076139961628578,1.3897429557892458
29,1574866800,587,523,0,1110,48,-0.6422422250231515,0.699880091472833
29,1574881200,1003,710,0,1713,48,-0.6422422250231515,1.6325870582504045
29,1574895600,310,305,0,615,48,-0.6422422250231515,-0.06577488125502419
29,1574910000,49,66,17,115,48,-0.541900660763517,-0.8391637425962941
29,1574924400,22,29,7,51,48,-0.6009251103280079,-0.9381575168479767
29,1574938800,76,139,63,215,48,-0.27038819276685855,-0.6844859703280401
29,1574953200,136,482,346,618,48,1.4000037299082355,-0.06113454808697657
29,1574967600,198,235,37,433,48,-0.42385176163453503,-0.34728842678324645
29,1574982000,67,96,29,163,48,-0.47107132128612783,-0.7649184119075322
29,1574996400,22,52,30,74,48,-0.46516887632967874,-0.9025816292262783
29,1575010800,37,90,53,127,48,-0.32941264233134954,-0.8206024099241036
29,1575025200,212,603,391,815,48,1.665613752948445,0.24358066328148378
29,1575039600,341,552,211,893,48,0.6031736607876076,0.3642293256507219
29,1575054000,465,617,152,1082,48,0.2549294083571109,0.6565703152377219
29,1575068400,161,265,104,426,48,-0.028387949552445654,-0.35811587084202423
29,1575082800,48,54,6,102,48,-0.606827555284457,-0.8592718529911672
29,1575097200,16,48,32,64,48,-0.45336398641678055,-0.9180494064531036
29,1575111600,92,349,257,441,48,0.874686128784266,-0.33491420500178615
29,1575126000,217,495,278,712,48,0.9986374728696971,0.08426255784518218
29,1575140400,343,385,42,728,48,-0.39433953685228956,0.10901100140810281
29,1575154800,174,195,21,369,48,-0.5182908809377206,-0.446282201034929
29,1575169200,42,69,27,111,48,-0.482876211199026,-0.8453508534870243
29,1575183600,19,25,6,44,48,-0.606827555284457,-0.9489849609067544
29,1575198000,73,187,114,260,48,0.030636500012045303,-0.6148809728073258
29,1575212400,207,273,66,480,48,-0.25268085789751127,-0.27458987381716704
29,1575226800,177,271,94,448,48,-0.08741239911693661,-0.32408676094300837
29,1575241200,104,122,18,226,48,-0.5359982158070679,-0.6674714153785322
29,1575255600,34,34,0,68,48,-0.6422422250231515,-0.9118622955623735
29,1575270000,90,182,92,272,48,-0.0992172890298348,-0.5963196401351354
29,1575284400,797,1460,663,2257,48,3.2710787811025983,2.474034139389706
29,1575298800,391,481,90,872,48,-0.11102217894273299,0.3317469934743886
29,1575313200,1388,830,0,2218,48,-0.6422422250231515,2.413709808205087
29,1575327600,448,394,0,842,48,-0.6422422250231515,0.28534366179391235
29,1575342000,59,40,0,99,49,-0.6141541736352267,-1.054969023388341
29,1575356400,102,167,65,269,49,-0.28430154840914584,-0.8441700748815616
29,1575370800,798,1405,607,2203,49,2.4661618803990977,1.553977962836743
29,1575385200,448,557,109,1005,49,-0.06101669440995266,0.06846537277131953
29,1575399600,1403,903,0,2306,49,-0.6141541736352267,1.6816973257555565
29,1575414000,577,462,0,1039,49,-0.6141541736352267,0.11062516247267545
29,1575428400,57,58,1,115,49,-0.6090795178625178,-1.035129122352409
29,1575442800,104,166,62,270,49,-0.29952551572727265,-0.8429300810668158
29,1575457200,839,1448,609,2287,49,2.4763111919445158,1.658137443275387
29,1575471600,471,473,2,944,49,-0.6040048620898089,-0.007174249928171971
29,1575486000,1313,911,0,2224,49,-0.6141541736352267,1.580017832946404
29,1575500400,690,463,0,1153,49,-0.6141541736352267,0.25198445735369235
29,1575514800,56,70,14,126,49,-0.5431089928173016,-1.0214891903902057
29,1575529200,103,167,64,270,49,-0.2893762041818548,-0.8429300810668158
29,1575543600,839,1490,651,2329,49,2.689446734398291,1.710217183494709
29,1575558000,485,608,123,1093,49,0.010028486407972449,0.17758482846894663
29,1575572400,1324,889,0,2213,49,-0.6141541736352267,1.5663779009842007
29,1575586800,667,457,0,1124,49,-0.6141541736352267,0.21602463672606526
29,1575601200,74,63,0,137,49,-0.6141541736352267,-1.0078492584280023
29,1575615600,97,164,67,261,49,-0.27415223686372797,-0.8540900253995277
29,1575630000,755,1353,598,2108,49,2.420489978444717,1.4361785504358955
29,1575644400,485,603,118,1088,49,-0.015344792455572232,0.1713848593952178
29,1575658800,1138,1010,0,2148,49,-0.6141541736352267,1.485778303025726
29,1575673200,435,367,0,802,49,-0.6141541736352267,-0.18325337162207023
29,1575687600,101,116,15,217,49,-0.5380343370445927,-0.9086497532483412
29,1575702000,27,60,33,87,49,-0.44669053313583185,-1.0698489491652903
29,1575716400,126,401,275,527,49,0.7813761638597307,-0.5242516706771548
29,1575730800,348,616,268,964,49,0.7458535734507682,0.017625626366743277
29,1575745200,465,415,0,880,49,-0.6141541736352267,-0.08653385407190077
29,1575759600,194,232,38,426,49,-0.42131725427228717,-0.6494910459664769
29,1575774000,71,90,19,161,49,-0.517735713953757,-0.978089406874104
29,1575788400,11,37,26,48,49,-0.4822131235447944,-1.118208707940375
29,1575802800,106,257,151,363,49,0.15211884804382267,-0.72761065629546
29,1575817200,244,401,157,645,49,0.18256678268007628,-0.37793240053715493
29,1575831600,300,314,14,614,49,-0.5431089928173016,-0.41637220879427356
29,1575846000,126,179,53,305,49,-0.34519741768165313,-0.7995302975507141
29,1575860400,26,38,12,64,49,-0.5532583043627195,-1.0983688069044428
29,1575874800,92,167,75,259,49,-0.2335549906820565,-0.8565700130290193
29,1575889200,894,1538,644,2432,49,2.6539241439893284,1.8379365464135227
29,1575903600,391,604,213,995,49,0.4667475059517767,0.05606543462386191
29,1575918000,1337,973,0,2310,49,-0.6141541736352267,1.6866573010145396
29,1575932400,594,387,0,981,49,-0.6141541736352267,0.038705521217421233
29,1575946800,52,68,16,120,50,-0.5562825103669027,-0.8778662721061645
29,1575961200,100,175,75,275,50,-0.265278672798403,-0.6848172588088315
29,1575975600,826,1584,758,2410,50,3.1034606671894838,1.9742772146737877
29,1575990000,477,585,108,1062,50,-0.10251381449737774,0.29537353773956265
29,1576004400,1414,990,0,2404,50,-0.6351988053007331,1.9668043496429233
29,1576014980,301,61,0,362,50,-0.6351988053007331,-0.5764607158612962
29,1576015060,1,1,0,2,50,-0.6351988053007331,-1.0248326177131664
29,1576015141,1,0,0,1,50,-0.6351988053007331,-1.0260780952183106
29,1576015221,1,0,0,1,50,-0.6351988053007331,-1.0260780952183106
29,1576015302,0,0,0,0,50,-0.6351988053007331,-1.0273235727234546
29,1576015382,2,1,0,3,50,-0.6351988053007331,-1.0235871402080223
29,1576015463,3,1,0,4,50,-0.6351988053007331,-1.0223416627028783
29,1576015545,0,0,0,0,50,-0.6351988053007331,-1.0273235727234546
29,1576015625,1,1,0,2,50,-0.6351988053007331,-1.0248326177131664
29,1576018800,636,440,0,1076,50,-0.6351988053007331,0.31281022281157983
29,1576033200,63,23,0,86,50,-0.6351988053007331,-0.9202125072810634
29,1576047600,127,235,108,362,50,-0.10251381449737774,-0.5764607158612962
29,1576062000,837,1449,612,2286,50,2.3833494759182807,1.8198380040359212
29,1576076400,513,513,0,1026,50,-0.6351988053007331,0.2505363475543756
29,1576090800,1291,847,0,2138,50,-0.6351988053007331,1.6355073332745969
29,1576105200,606,485,0,1091,50,-0.6351988053007331,0.3314923853887411
29,1576119600,61,104,43,165,50,-0.42311126266606386,-0.8218197843746807
29,1576134000,112,168,56,280,50,-0.35899177303232666,-0.6785898712831111
29,1576148400,826,1532,706,2358,50,2.8469827086545347,1.9095123844062953
29,1576162800,474,579,105,1053,50,-0.11731061979747096,0.28416424019326586
29,1576177200,1317,920,0,2237,50,-0.6351988053007331,1.7588096062838612
29,1576191600,666,435,0,1101,50,-0.6351988053007331,0.3439471604401819
29,1576206000,93,103,10,196,50,-0.5858761209670892,-0.7832099817152142
29,1576220400,105,171,66,276,50,-0.30966908869868265,-0.6835717813036875
29,1576234800,692,1327,635,2019,50,2.496791649885662,1.487295510162451
29,1576249200,476,673,197,1149,50,0.336458076072054,0.4037300806870979
29,1576263600,1246,1044,0,2290,50,-0.6351988053007331,1.8248199140564976
29,1576278000,422,427,5,849,50,-0.6105374631339111,0.03008682914387274
29,1576292400,95,176,81,271,50,-0.2356850621982166,-0.6897991688294078
29,1576306800,19,36,17,55,50,-0.5513502419335383,-0.95882230994053
29,1576321200,116,462,346,578,50,1.0713660726433498,-0.307437574750174
29,1576335600,354,841,487,1195,50,1.7668159217477306,0.4610220459237258
29,1576350000,427,620,193,1047,50,0.3167290023385964,0.2766913751624014
29,1576364400,213,364,151,577,50,0.10957372813729153,-0.3086830522553181
29,1576378800,58,131,73,189,50,-0.27514320966513184,-0.7919283242512227
29,1576393200,15,33,18,48,50,-0.546417973500174,-0.9675406524765385
29,1576407600,105,367,262,472,50,0.6570555242407401,-0.4394581902954469
29,1576422000,356,623,267,979,50,0.6817168664075621,0.19199890481260365
29,1576436400,350,547,197,897,50,0.336458076072054,0.08986974939078878
29,1576450800,158,279,121,437,50,-0.03839432486364053,-0.4830499029754899
29,1576465200,34,58,24,92,50,-0.5168243628999875,-0.9127396422501989
29,1576479600,101,176,75,277,50,-0.265278672798403,-0.6823263037985433
29,1576494000,814,1402,588,2216,50,2.264975033517535,1.7326545786758354
29,1576508400,407,575,168,982,50,0.19342229150448637,0.1957353373280359
29,1576522800,1246,872,0,2118,50,-0.6351988053007331,1.6105977831717153
29,1576537200,511,442,0,953,50,-0.6351988053007331,0.15961648967885747
29,1576551600,56,68,12,124,51,-0.7108232595612493,-1.0082022448760648
29,1576566000,104,178,74,282,51,-0.3495852096202865,-0.7864277822817508
29,1576580400,869,1487,618,2356,51,2.8199873576036447,2.1247129482284226
29,1576594800,400,583,183,983,51,0.28549458785656734,0.1975209410006173
29,1576609200,1319,924,0,2243,51,-0.7807403014853065,1.966102098398312
29,1576623600,570,422,0,992,51,-0.7807403014853065,0.21015366355345796
29,1576638000,60,59,0,119,51,-0.7807403014853065,-1.0152204240720875
29,1576652400,103,152,49,255,51,-0.4952457136287392,-0.8243259499402729
29,1576666800,770,1384,614,2154,51,2.796681676962292,1.8411785087091097
29,1576681200,418,608,190,1026,51,0.3262795289789341,0.25787728208641164
29,1576695600,1242,906,0,2148,51,-0.7807403014853065,1.8327566936738826
29,1576710000,541,432,0,973,51,-0.7807403014853065,0.18348458260857212
29,1576724400,66,84,18,150,51,-0.6758647385992206,-0.9717077130567473
29,1576738800,77,176,99,253,51,-0.2039247056118338,-0.8271332216186819
29,1576753200,779,1332,553,2111,51,2.4412700471816673,1.7808221676233154
29,1576767600,377,555,178,932,51,0.2563624870548768,0.12593551320118682
29,1576782000,1180,867,0,2047,51,-0.7807403014853065,1.6909894739142262
29,1576796400,392,459,67,851,51,-0.39037015074265324,0.012241010225620737
29,1576810800,62,101,39,163,51,-0.5535099152321203,-0.9534604471470886
29,1576825200,99,144,45,243,51,-0.5185513942700917,-0.8411695800107271
29,1576839600,669,1169,500,1838,51,2.1324697786837477,1.3976295835204813
29,1576854000,453,575,122,1028,51,-0.0699170419240573,0.2606845537648207
29,1576868400,1006,900,0,1906,51,-0.7807403014853065,1.493076820586389
29,1576882800,323,402,79,725,51,-0.32045310881859596,-0.1646171055141487
29,1576897200,83,122,39,205,51,-0.5535099152321203,-0.8945077419004988
29,1576911600,29,46,17,75,51,-0.6816911587595587,-1.0769804009970863
29,1576926000,87,328,241,415,51,0.6234269571561776,-0.5997442156675498
29,1576940400,280,481,201,761,51,0.39037015074265324,-0.11408621530278601
29,1576954800,313,356,43,669,51,-0.5302042345907678,-0.24322071250960178
29,1576969200,166,247,81,413,51,-0.30880026849791975,-0.6025514873459588
29,1576983600,53,70,17,123,51,-0.6816911587595587,-1.0096058807152695
29,1576998000,16,44,28,60,51,-0.6176005369958395,-1.098034938585154
29,1577012400,89,244,155,333,51,0.12235482336710028,-0.7148423544823203
29,1577026800,228,483,255,711,51,0.7049968394009112,-0.18426800726301198
29,1577041200,313,387,74,700,51,-0.3495852096202865,-0.19970800149426168
29,1577055600,160,201,41,361,51,-0.5418570749114441,-0.6755405509845938
29,1577070000,42,57,15,99,51,-0.6933439990802349,-1.0432931408561779
29,1577084400,96,148,52,244,51,-0.4777664531477249,-0.8397659441715225
29,1577090833,74,290,216,364,51,0.4777664531477249,-0.6713296434669802
29,1577098800,483,954,471,1437,51,1.9635035940339425,0.8347716119994691
29,1577113200,376,681,305,1057,51,0.9963178474178166,0.30138999310175174
29,1577127600,881,851,0,1732,51,-0.7807403014853065,1.2488441845648024
29,1577142000,243,314,71,557,51,-0.36706447010130083,-0.40042792650050796
29,1577156400,103,98,0,201,52,-0.9571131610768175,-0.8545397069672234
29,1577170800,68,121,53,189,52,-0.5949930120911805,-0.8750743282109914
29,1577185200,320,695,375,1015,52,1.6050577043875958,0.5383921007350441
29,1577199600,376,406,30,782,52,-0.7521394918396644,0.1396782049185474
29,1577214000,1004,1208,204,2212,52,0.43670778973582325,2.5867205698009093
29,1577228400,186,243,57,429,52,-0.5676631895262267,-0.46438190333563
29,1577242800,27,77,50,104,52,-0.6154903790148958,-1.0205278953543486
29,1577257200,13,21,8,34,52,-0.90245351594691,-1.1403131859429958
29,1577271600,70,191,121,261,52,-0.13038602848696687,-0.751866600748383
29,1577286000,176,409,233,585,52,0.6348490033317379,-0.1974318271666451
29,1577300400,297,361,64,658,52,-0.5198360000375577,-0.072512881267056
29,1577314800,115,167,52,282,52,-0.6018254677324189,-0.7159310135717889
29,1577329200,20,78,58,98,52,-0.5608307338849883,-1.0307952059762326
29,1577343600,71,123,52,194,52,-0.6018254677324189,-0.8665182360260881
29,1577358000,340,796,456,1136,52,2.1584866113279086,0.7454495316097055
29,1577372400,378,732,354,1110,52,1.4615761359215884,0.7009578522482081
29,1577386800,748,754,6,1502,52,-0.916118427229387,1.3717554795446316
29,1577401200,249,396,147,645,52,0.04725781818523245,-0.09475872094780474
29,1577415600,48,82,34,130,52,-0.7248096692747107,-0.9760362159928512
29,1577430000,76,132,56,208,52,-0.5744956451674652,-0.8425611779083587
29,1577444400,403,870,467,1273,52,2.2336436233815316,0.9798864574760576
29,1577458800,494,839,345,1333,52,1.4000840351504427,1.082559563694898
29,1577473200,870,888,18,1758,52,-0.8341289595345257,1.8098273994116838
29,1577487600,274,396,122,670,52,-0.12355357284572843,-0.05197826002328793
