remote_unit_id,time_stamp,entries,exits,num_people_exited,sum_exit_entry,week_num,z_score_num_people_exited,z_score_sum_exit_entry
206,1546300800,0,0,0,0,1,-0.4636555233513803,-1.0560519776184394
206,1546315200,93,113,20,206,1,3.3546840807188114,-0.4819058352058004
206,1546329600,65,44,0,109,1,-0.4636555233513803,-0.7522562032350527
206,1546344000,176,73,0,249,1,-0.4636555233513803,-0.36205979577015246
206,1546358400,349,131,0,480,1,-0.4636555233513803,0.28176427654693303
206,1546372800,405,183,0,588,1,-0.4636555233513803,0.5827729337341419
206,1546387200,167,117,0,284,1,-0.4636555233513803,-0.26451069390392734
206,1546401600,42,41,0,83,1,-0.4636555233513803,-0.8247212503356771
206,1546416000,208,173,0,381,1,-0.4636555233513803,0.005839674125324978
206,1546430400,518,275,0,793,1,-0.4636555233513803,1.154131958950603
206,1546444800,472,223,0,695,1,-0.4636555233513803,0.8809944737251728
206,1546459200,675,301,0,976,1,-0.4636555233513803,1.6641744058511512
206,1546473600,244,144,0,388,1,-0.4636555233513803,0.02534949449856999
206,1546488000,45,39,0,84,1,-0.4636555233513803,-0.8219341331394993
206,1546502400,260,189,0,449,1,-0.4636555233513803,0.1953636434654194
206,1546516800,592,295,0,887,1,-0.4636555233513803,1.4161209753913218
206,1546531200,494,231,0,725,1,-0.4636555233513803,0.9646079896105085
206,1546545600,710,341,0,1051,1,-0.4636555233513803,1.8732081955644906
206,1546560000,243,182,0,425,1,-0.4636555233513803,0.12847283075715077
206,1546574400,48,52,4,100,1,0.30001239746265795,-0.7773402580006534
206,1546588800,259,222,0,481,1,-0.4636555233513803,0.2845513937431109
206,1546603200,549,325,0,874,1,-0.4636555233513803,1.3798884518410095
206,1546617600,515,269,0,784,1,-0.4636555233513803,1.1290479041850023
206,1546632000,714,351,0,1065,1,-0.4636555233513803,1.9122278363109806
206,1546646400,268,223,0,491,1,-0.4636555233513803,0.31242256570488947
206,1546660800,14,17,3,31,1,0.10909541725914836,-0.9696513445369257
206,1546675200,7,12,5,19,1,0.4909293776661675,-1.00309675089106
206,1546689600,9,11,2,20,1,-0.0818215629443612,-1.0003096336948822
206,1546704000,23,46,23,69,1,3.92743502132934,-0.8637408910821671
206,1546718400,12,20,8,32,1,1.063680318276696,-0.9668642273407478
206,1546732800,8,23,15,31,1,2.400099179701263,-0.9696513445369257
206,1546747200,0,1,1,1,1,-0.27273854314787077,-1.0532648604222614
206,1546761600,0,8,8,8,1,1.063680318276696,-1.0337550400490165
206,1546776000,0,2,2,2,1,-0.0818215629443612,-1.0504777432260837
206,1546790400,1,2,1,3,1,-0.27273854314787077,-1.0476906260299057
206,1546804800,0,0,0,0,1,-0.4636555233513803,-1.0560519776184394
206,1546819200,2,5,3,7,1,0.10909541725914836,-1.0365421572451943
206,1546833600,1,8,7,9,1,0.8727633380731865,-1.0309679228528386
206,1546848000,230,223,0,453,1,-0.4636555233513803,0.20651211225013083
206,1546862400,581,302,0,883,1,-0.4636555233513803,1.4049725066066103
206,1546876800,447,229,0,676,1,-0.4636555233513803,0.8280392469977934
206,1546891200,752,270,0,1022,1,-0.4636555233513803,1.7923817968753328
206,1546905600,252,160,0,412,2,-0.24912767378743464,-0.385146454829553
206,1546920000,36,43,7,79,2,5.107117312642409,-1.4217840651123297
206,1546934400,274,265,0,539,2,-0.24912767378743464,0.010207828971986434
206,1546948800,516,302,0,818,2,-0.24912767378743464,0.8787420429926912
206,1546963200,463,203,0,666,2,-0.24912767378743464,0.4055621127735259
206,1546977600,745,310,0,1055,2,-0.24912767378743464,1.6165291710317844
206,1546992000,219,179,0,398,2,-0.24912767378743464,-0.4287288168234235
206,1547006400,36,41,5,77,2,3.576761602233883,-1.4280101168257398
206,1547020800,292,229,0,521,2,-0.24912767378743464,-0.045826636448704196
206,1547035200,559,326,0,885,2,-0.24912767378743464,1.0873147753919286
206,1547049600,482,244,0,726,2,-0.24912767378743464,0.592343664175828
206,1547064000,656,339,0,995,2,-0.24912767378743464,1.4297476196294823
206,1547078400,274,173,0,447,2,-0.24912767378743464,-0.2761905498448768
206,1547092800,42,35,0,77,2,-0.24912767378743464,-1.4280101168257398
206,1547107200,258,244,0,502,2,-0.24912767378743464,-0.10497412772609986
206,1547121600,577,308,0,885,2,-0.24912767378743464,1.0873147753919286
206,1547136000,567,227,0,794,2,-0.24912767378743464,0.8040294224317703
206,1547150400,825,378,0,1203,2,-0.24912767378743464,2.0772569978241298
206,1547164800,233,183,0,416,2,-0.24912767378743464,-0.3726943514027329
206,1547179200,56,46,0,102,2,-0.24912767378743464,-1.3501844704081138
206,1547193600,278,217,0,495,2,-0.24912767378743464,-0.1267653087230351
206,1547208000,566,327,0,893,2,-0.24912767378743464,1.1122189822455688
206,1547222400,520,249,0,769,2,-0.24912767378743464,0.7262037760141444
206,1547236800,808,313,0,1121,2,-0.24912767378743464,1.8219888775743167
206,1547251200,242,197,0,439,2,-0.24912767378743464,-0.30109475669851704
206,1547265600,53,55,2,108,2,1.2812280366210922,-1.3315063152678837
206,1547280000,73,48,0,121,2,-0.24912767378743464,-1.2910369791307181
206,1547294400,289,220,0,509,2,-0.24912767378743464,-0.08318294672916461
206,1547308800,366,185,0,551,2,-0.24912767378743464,0.04756413925244685
206,1547323200,393,225,0,618,2,-0.24912767378743464,0.2561368716516842
206,1547337600,206,161,0,367,2,-0.24912767378743464,-0.5252326183812795
206,1547352000,68,65,0,133,2,-0.24912767378743464,-1.2536806688502578
206,1547366400,59,34,0,93,2,-0.24912767378743464,-1.3782017031184592
206,1547380800,265,144,0,409,2,-0.24912767378743464,-0.3944855323996681
206,1547395200,393,175,0,568,2,-0.24912767378743464,0.10048557881643244
206,1547398419,85,42,0,127,2,-0.24912767378743464,-1.272358823990488
206,1547409600,369,244,0,613,2,-0.24912767378743464,0.240571742368159
206,1547424000,165,129,0,294,2,-0.24912767378743464,-0.7524835059207471
206,1547438400,38,25,0,63,2,-0.24912767378743464,-1.4715924788196102
206,1547452800,255,241,0,496,2,-0.24912767378743464,-0.12365228286633007
206,1547467200,621,317,0,938,2,-0.24912767378743464,1.2523051457972953
206,1547481600,478,198,0,676,2,-0.24912767378743464,0.4366923713405762
206,1547496000,747,291,0,1038,2,-0.24912767378743464,1.563607731467799
206,1547510400,220,174,0,394,3,-0.20142368093951335,-0.22871086350687264
206,1547524800,53,45,0,98,3,-0.20142368093951335,-1.1296046668630266
206,1547539200,263,258,0,521,3,-0.20142368093951335,0.15782127509526098
206,1547539769,20,14,0,34,3,-0.20142368093951335,-1.32439251623733
206,1547540771,47,29,0,76,3,-0.20142368093951335,-1.1965629900854433
206,1547553600,583,293,0,876,3,-0.20142368093951335,1.238285127093351
206,1547568000,481,199,0,680,3,-0.20142368093951335,0.6417473383845463
206,1547582400,705,315,0,1020,3,-0.20142368093951335,1.676557788185534
206,1547596800,273,172,0,445,3,-0.20142368093951335,-0.0734892960367245
206,1547611200,49,35,0,84,3,-0.20142368093951335,-1.1722145089136555
206,1547622043,45,43,0,88,3,-0.20142368093951335,-1.1600402683277615
206,1547625600,223,234,11,457,3,1.079922144796186,-0.036966574279042576
206,1547627223,47,38,0,85,3,-0.20142368093951335,-1.169170948767182
206,1547633620,105,163,58,268,3,6.554763400212356,-0.6121994419625327
206,1547640000,566,279,0,845,3,-0.20142368093951335,1.1439347625526728
206,1547654400,528,232,0,760,3,-0.20142368093951335,0.8852321501024257
206,1547668800,780,372,0,1152,3,-0.20142368093951335,2.078307727520035
206,1547683200,282,186,0,468,3,-0.20142368093951335,-0.003487412667834153
206,1547697600,55,33,0,88,3,-0.20142368093951335,-1.1600402683277615
206,1547712000,296,218,0,514,3,-0.20142368093951335,0.13651635406994653
206,1547726400,630,309,0,939,3,-0.20142368093951335,1.430029416321181
206,1547740800,497,254,0,751,3,-0.20142368093951335,0.8578401087841644
206,1547755200,712,284,0,996,3,-0.20142368093951335,1.6035123446701702
206,1547769600,252,182,0,434,3,-0.20142368093951335,-0.10696845764793292
206,1547784000,47,47,0,94,3,-0.20142368093951335,-1.1417789074489204
206,1547797752,120,78,0,198,3,-0.20142368093951335,-0.8252486522156772
206,1547798400,271,185,0,456,3,-0.20142368093951335,-0.04001013442551607
206,1547812800,702,287,0,989,3,-0.20142368093951335,1.5822074236448558
206,1547827200,584,264,0,848,3,-0.20142368093951335,1.1530654429920932
206,1547841600,955,371,0,1326,3,-0.20142368093951335,2.607887193006423
206,1547856000,320,157,0,477,3,-0.20142368093951335,0.023904628650427282
206,1547870400,82,64,0,146,3,-0.20142368093951335,-0.9835137798322989
206,1547884800,73,60,0,133,3,-0.20142368093951335,-1.0230800617364544
206,1547899200,321,160,0,481,3,-0.20142368093951335,0.036078869236321254
206,1547913600,426,203,0,629,3,-0.20142368093951335,0.4865257709143982
206,1547928000,361,190,0,551,3,-0.20142368093951335,0.24912807948946575
206,1547942400,229,121,0,350,3,-0.20142368093951335,-0.36262750995170634
206,1547956800,52,66,14,118,3,1.4293800972695585,-1.0687334639335566
206,1547971200,53,42,0,95,3,-0.20142368093951335,-1.138735347302447
206,1547985600,258,126,0,384,3,-0.20142368093951335,-0.25914646497160754
206,1548000000,506,176,0,682,3,-0.20142368093951335,0.6478344586774933
206,1548014400,445,150,0,595,3,-0.20142368093951335,0.38304472593429945
206,1548028800,155,121,0,276,3,-0.20142368093951335,-0.5878509607907448
206,1548043200,33,27,0,60,3,-0.20142368093951335,-1.2452599524290193
206,1548057600,97,53,0,150,3,-0.20142368093951335,-0.9713395392464049
206,1548072000,257,125,0,382,3,-0.20142368093951335,-0.26523358526455454
206,1548086400,325,162,0,487,3,-0.20142368093951335,0.05434023011516221
206,1548100800,310,229,0,539,3,-0.20142368093951335,0.21260535773178385
206,1548115200,137,122,0,259,4,-0.21813444315944697,-0.8350348763253554
206,1548129600,44,41,0,85,4,-0.21813444315944697,-1.4049249648569049
206,1548144000,264,185,0,449,4,-0.21813444315944697,-0.21274110149205447
206,1548158400,572,277,0,849,4,-0.21813444315944697,1.0973510560517372
206,1548172800,441,223,0,664,4,-0.21813444315944697,0.4914334331877335
206,1548187200,639,311,0,950,4,-0.21813444315944697,1.4281493258315445
206,1548201600,269,191,0,460,4,-0.21813444315944697,-0.1767135671596002
206,1548216000,55,38,0,93,4,-0.21813444315944697,-1.378723121706029
206,1548230400,245,214,0,459,4,-0.21813444315944697,-0.1799887975534597
206,1548244800,539,296,0,835,4,-0.21813444315944697,1.0514978305377045
206,1548259200,434,222,0,656,4,-0.21813444315944697,0.46523159003685766
206,1548273600,649,314,0,963,4,-0.21813444315944697,1.4707273209517178
206,1548288000,244,203,0,447,4,-0.21813444315944697,-0.21929156227977345
206,1548302400,50,40,0,90,4,-0.21813444315944697,-1.3885488128876076
206,1548316800,240,181,0,421,4,-0.21813444315944697,-0.3044475525201199
206,1548331200,567,289,0,856,4,-0.21813444315944697,1.1202776688087535
206,1548345600,459,239,0,698,4,-0.21813444315944697,0.6027912665789558
206,1548360000,657,319,0,976,4,-0.21813444315944697,1.513305316071891
206,1548374400,286,168,0,454,4,-0.21813444315944697,-0.19636494952275707
206,1548388800,43,46,3,89,4,0.5600749216256071,-1.391824043281467
206,1548403200,234,208,0,442,4,-0.21813444315944697,-0.23566771424907082
206,1548407703,111,136,25,247,4,6.266943596716003,-0.8743376410516692
206,1548408342,13,13,0,26,4,-0.21813444315944697,-1.598163558094614
206,1548417600,620,267,0,887,4,-0.21813444315944697,1.2218098110183973
206,1548432000,513,285,0,798,4,-0.21813444315944697,0.9303143059649037
206,1548446400,740,333,0,1073,4,-0.21813444315944697,1.8310026642762605
206,1548460800,262,182,0,444,4,-0.21813444315944697,-0.22911725346135187
206,1548475200,80,87,7,167,4,1.597687408005679,-1.1363560725604276
206,1548489600,87,79,0,166,4,-0.21813444315944697,-1.139631302954287
206,1548504000,294,186,0,480,4,-0.21813444315944697,-0.11120895928241063
206,1548518400,465,210,0,675,4,-0.21813444315944697,0.5274609675201878
206,1548532800,376,243,0,619,4,-0.21813444315944697,0.344048065464057
206,1548547200,240,159,0,399,4,-0.21813444315944697,-0.3765026211850284
206,1548561600,69,70,1,139,4,0.04126867843557104,-1.228062523588493
206,1548576000,67,57,0,124,4,-0.21813444315944697,-1.2771909794963852
206,1548590400,253,146,0,399,4,-0.21813444315944697,-0.3765026211850284
206,1548604800,479,195,0,674,4,-0.21813444315944697,0.5241857371263283
206,1548619200,344,165,0,509,4,-0.21813444315944697,-0.016227277860485737
206,1548633600,170,114,0,284,4,-0.21813444315944697,-0.7531541164788685
206,1548648000,41,38,0,79,4,-0.21813444315944697,-1.4245763472200617
206,1548662400,248,249,1,497,4,0.04126867843557104,-0.055530042586799486
206,1548676800,603,285,0,888,4,-0.21813444315944697,1.2250850414122567
206,1548691200,496,224,0,720,4,-0.21813444315944697,0.6748463352438644
206,1548705600,772,353,0,1125,4,-0.21813444315944697,2.0013146447569534
206,1548720000,238,183,0,421,5,-0.15617376188860602,-0.4372395277044334
206,1548734400,53,38,0,91,5,-0.15617376188860602,-1.4895298305319118
206,1548748800,285,232,0,517,5,-0.15617376188860602,-0.13111871233643968
206,1548763200,629,291,0,920,5,-0.15617376188860602,1.1539509605104505
206,1548777600,477,224,0,701,5,-0.15617376188860602,0.45561285045221495
206,1548792000,636,321,0,957,5,-0.15617376188860602,1.2719350247668648
206,1548806400,240,182,0,422,5,-0.15617376188860602,-0.4340507692110168
206,1548820800,46,45,0,91,5,-0.15617376188860602,-1.4895298305319118
206,1548835200,255,241,0,496,5,-0.15617376188860602,-0.19808264069818832
206,1548849600,600,333,0,933,5,-0.15617376188860602,1.1954048209248664
206,1548864000,475,247,0,722,5,-0.15617376188860602,0.5225767788139636
206,1548878400,612,346,0,958,5,-0.15617376188860602,1.2751237832602815
206,1548892800,195,172,0,367,5,-0.15617376188860602,-0.6094324863489299
206,1548907200,37,35,0,72,5,-0.15617376188860602,-1.5501162419068273
206,1548921600,247,168,0,415,5,-0.15617376188860602,-0.456372078664933
206,1548936000,546,306,0,852,5,-0.15617376188860602,0.9371153829581217
206,1548950400,400,216,0,616,5,-0.15617376188860602,0.18456837851180383
206,1548964800,621,326,0,947,5,-0.15617376188860602,1.2400474398326988
206,1548979200,272,172,0,444,5,-0.15617376188860602,-0.3638980823558516
206,1548993600,54,51,0,105,5,-0.15617376188860602,-1.4448872116240794
206,1549008000,276,202,0,478,5,-0.15617376188860602,-0.25548029357968716
206,1549022400,564,319,0,883,5,-0.15617376188860602,1.0359668962540365
206,1549036800,744,258,0,1002,5,-0.15617376188860602,1.415429156970612
206,1549051200,953,274,0,1227,5,-0.15617376188860602,2.132899817989347
206,1549065600,372,169,0,541,5,-0.15617376188860602,-0.05458850849444125
206,1549080000,90,67,0,157,5,-0.15617376188860602,-1.279071769966416
206,1549094400,85,66,0,151,5,-0.15617376188860602,-1.2982043209269158
206,1549108800,343,184,0,527,5,-0.15617376188860602,-0.09923112740227368
206,1549123200,464,206,0,670,5,-0.15617376188860602,0.3567613371563003
206,1549137600,592,227,0,819,5,-0.15617376188860602,0.8318863526753739
206,1549152000,346,161,0,507,5,-0.15617376188860602,-0.1630062972706057
206,1549166400,78,64,0,142,5,-0.15617376188860602,-1.3269031473676651
206,1549180800,60,43,0,103,5,-0.15617376188860602,-1.4512647286109126
206,1549195200,261,141,0,402,5,-0.15617376188860602,-0.49782593907934886
206,1549209600,455,182,0,637,5,-0.15617376188860602,0.2515323068735525
206,1549224000,352,191,0,543,5,-0.15617376188860602,-0.048210991507608054
206,1549238400,161,130,0,291,5,-0.15617376188860602,-0.8517781318485915
206,1549252800,52,49,0,101,5,-0.15617376188860602,-1.4576422455977458
206,1549267200,258,263,5,521,5,6.403124237432848,-0.11836367836277328
206,1549281600,590,294,0,884,5,-0.15617376188860602,1.039155654747453
206,1549296000,482,256,0,738,5,-0.15617376188860602,0.5735969147086292
206,1549310400,654,416,0,1070,5,-0.15617376188860602,1.6322647345229409
206,1549324800,324,192,0,516,6,-0.21944693209237684,-0.17162870559276755
206,1549339200,49,41,0,90,6,-0.21944693209237684,-1.4632863181845166
206,1549353600,246,192,0,438,6,-0.21944693209237684,-0.40812939522224273
206,1549368000,605,286,0,891,6,-0.21944693209237684,0.9653938407027861
206,1549368720,27,10,0,37,6,-0.21944693209237684,-1.6239855047276215
206,1549382400,480,262,0,742,6,-0.21944693209237684,0.5136168823080195
206,1549396800,686,322,0,1008,6,-0.21944693209237684,1.3201448751469989
206,1549411200,292,212,0,504,6,-0.21944693209237684,-0.20801342707422527
206,1549425600,62,58,0,120,6,-0.21944693209237684,-1.3723245144808722
206,1549440000,282,232,0,514,6,-0.21944693209237684,-0.17769282583967716
206,1549454400,584,303,0,887,6,-0.21944693209237684,0.9532656002089669
206,1549468800,722,230,0,952,6,-0.21944693209237684,1.1503495082335295
206,1549483200,693,423,0,1116,6,-0.21944693209237684,1.6476073684801185
206,1549497600,266,180,0,446,6,-0.21944693209237684,-0.38387291423460423
206,1549512000,43,47,4,90,6,3.9744277701174915,-1.4632863181845166
206,1549526400,265,252,0,517,6,-0.21944693209237684,-0.16859664546931272
206,1549540800,607,333,0,940,6,-0.21944693209237684,1.113964786752072
206,1549555200,505,224,0,729,6,-0.21944693209237684,0.474200100703107
206,1549569600,753,343,0,1096,6,-0.21944693209237684,1.5869661660110221
206,1549584000,260,197,0,457,6,-0.21944693209237684,-0.3505202528766013
206,1549598400,60,46,0,106,6,-0.21944693209237684,-1.4147733562092395
206,1549612800,261,246,0,507,6,-0.21944693209237684,-0.19891724670386082
206,1549627200,619,361,0,980,6,-0.21944693209237684,1.2352471916902643
206,1549641600,529,313,0,842,6,-0.21944693209237684,0.8168228946535004
206,1549656000,731,388,0,1119,6,-0.21944693209237684,1.6567035488504829
206,1549670400,302,203,0,505,6,-0.21944693209237684,-0.20498136695077043
206,1549684800,84,59,0,143,6,-0.21944693209237684,-1.3025871316414117
206,1549699200,107,64,0,171,6,-0.21944693209237684,-1.217689448184677
206,1549713600,314,183,0,497,6,-0.21944693209237684,-0.22923784793840893
206,1549728000,462,234,0,696,6,-0.21944693209237684,0.37414211662909824
206,1549742400,489,259,0,748,6,-0.21944693209237684,0.5318092430487483
206,1549756800,384,186,0,570,6,-0.21944693209237684,-0.007897458926207804
206,1549771200,81,79,0,160,6,-0.21944693209237684,-1.2510421095426798
206,1549785600,50,55,5,105,6,5.022896445669958,-1.4178054163326943
206,1549800000,279,153,0,432,6,-0.21944693209237684,-0.42632175596297156
206,1549814400,468,236,0,704,6,-0.21944693209237684,0.39839859761673674
206,1549828800,403,213,0,616,6,-0.21944693209237684,0.13157730675271345
206,1549843200,165,125,0,290,6,-0.21944693209237684,-0.8568742934935546
206,1549857600,43,33,0,76,6,-0.21944693209237684,-1.5057351599128839
206,1549872000,269,203,0,472,6,-0.21944693209237684,-0.3050393510247792
206,1549886400,583,361,0,944,6,-0.21944693209237684,1.126093027245891
206,1549900800,527,231,0,758,6,-0.21944693209237684,0.5621298442832965
206,1549915200,767,324,0,1091,6,-0.21944693209237684,1.5718058653937481
206,1549929600,260,220,0,480,7,-0.15617376188860604,-0.2007538917639697
206,1549944000,46,42,0,88,7,-0.15617376188860604,-1.454152478795443
206,1549958400,250,246,0,496,7,-0.15617376188860604,-0.1495947657626851
206,1549972800,565,304,0,869,7,-0.15617376188860604,1.0430523591422627
206,1549987200,423,189,0,612,7,-0.15617376188860604,0.2213088977466284
206,1550001600,591,334,0,925,7,-0.15617376188860604,1.222109300146759
206,1550016000,214,169,0,383,7,-0.15617376188860604,-0.5109060931467577
206,1550030400,42,30,0,72,7,-0.15617376188860604,-1.5053116047967277
206,1550044800,272,257,0,529,7,-0.15617376188860604,-0.044079068385035565
206,1550059200,626,356,0,982,7,-0.15617376188860604,1.4043636865263354
206,1550073600,548,241,0,789,7,-0.15617376188860604,0.7872567291358396
206,1550088000,723,469,0,1192,7,-0.15617376188860604,2.075827215293196
206,1550102400,308,187,0,495,7,-0.15617376188860604,-0.1527922111377654
206,1550116800,66,46,0,112,7,-0.15617376188860604,-1.377413789793516
206,1550131200,259,232,0,491,7,-0.15617376188860604,-0.16558199263808654
206,1550145600,630,306,0,936,7,-0.15617376188860604,1.257281199272642
206,1550160000,500,253,0,753,7,-0.15617376188860604,0.6721486956329491
206,1550174400,804,393,0,1197,7,-0.15617376188860604,2.091814442168597
206,1550188800,294,198,0,492,7,-0.15617376188860604,-0.16238454726300625
206,1550203200,51,48,0,99,7,-0.15617376188860604,-1.4189805796695598
206,1550217600,220,181,0,401,7,-0.15617376188860604,-0.45335207639531255
206,1550232000,545,305,0,850,7,-0.15617376188860604,0.9823008970157371
206,1550246400,536,327,0,863,7,-0.15617376188860604,1.0238676868917809
206,1550260800,710,376,0,1086,7,-0.15617376188860604,1.7368980055346852
206,1550275200,378,169,0,547,7,-0.15617376188860604,0.013474948366409632
206,1550289600,109,57,0,166,7,-0.15617376188860604,-1.2047517395391805
206,1550304000,87,63,0,150,7,-0.15617376188860604,-1.255910865540465
206,1550318400,307,177,0,484,7,-0.15617376188860604,-0.18796411026364857
206,1550332800,453,224,0,677,7,-0.15617376188860604,0.4291428471268472
206,1550347200,486,276,0,762,7,-0.15617376188860604,0.7009257040086717
206,1550361600,279,177,0,456,7,-0.15617376188860604,-0.27749258076589667
206,1550376000,72,69,0,141,7,-0.15617376188860604,-1.2846878739161876
206,1550390400,53,43,0,96,7,-0.15617376188860604,-1.4285729157948006
206,1550404800,296,152,0,448,7,-0.15617376188860604,-0.30307214376653896
206,1550419200,513,185,0,698,7,-0.15617376188860604,0.4962892000035332
206,1550433600,391,187,0,578,7,-0.15617376188860604,0.11259575499389858
206,1550448000,199,134,0,333,7,-0.15617376188860604,-0.6707783619007722
206,1550462400,46,50,4,96,7,6.403124237432848,-1.4285729157948006
206,1550476800,95,81,0,176,7,-0.15617376188860604,-1.1727772857883776
206,1550491200,333,138,0,471,7,-0.15617376188860604,-0.22953090013969232
206,1550505600,401,209,0,610,7,-0.15617376188860604,0.21491400699646782
206,1550520000,460,256,0,716,7,-0.15617376188860604,0.5538432167549784
206,1550534400,241,154,0,395,8,0.0,-0.5582802512404881
206,1550548800,55,34,0,89,8,0.0,-1.5577951622863548
206,1550563200,209,103,0,312,8,0.0,-0.829390504890184
206,1550577600,592,304,0,896,8,0.0,1.0781804364522545
206,1550592000,475,250,0,725,8,0.0,0.5196279861619172
206,1550606400,617,317,0,934,8,0.0,1.2023032031834406
206,1550620800,258,198,0,456,8,0.0,-0.3590305467509526
206,1550635200,55,43,0,98,8,0.0,-1.528397664902653
206,1550649600,213,118,0,331,8,0.0,-0.767329121524591
206,1550664000,588,285,0,873,8,0.0,1.003053498693905
206,1550678400,435,195,0,630,8,0.0,0.20932106933395206
206,1550692800,538,319,0,857,8,0.0,0.9507912811228794
206,1550707200,228,164,0,392,8,0.0,-0.5680794170350554
206,1550721600,55,43,0,98,8,0.0,-1.528397664902653
206,1550736000,219,119,0,338,8,0.0,-0.7444644013372672
206,1550750400,570,280,0,850,8,0.0,0.9279265609355556
206,1550764800,474,248,0,722,8,0.0,0.5098288203673499
206,1550779200,690,316,0,1006,8,0.0,1.4374831822530563
206,1550793600,326,193,0,519,8,0.0,-0.15324806506503882
206,1550808000,58,43,0,101,8,0.0,-1.5185984991080856
206,1550822400,210,118,0,328,8,0.0,-0.7771282873191583
206,1550836800,595,291,0,886,8,0.0,1.0455165504703634
206,1550851200,489,276,0,765,8,0.0,0.6502835300894815
206,1550865600,657,324,0,981,8,0.0,1.3558234672983287
206,1551499200,85,71,0,156,9,-0.24999999999999997,-0.969525372446782
206,1551513600,88,56,0,144,9,-0.24999999999999997,-1.0099635601341963
206,1551528000,330,175,0,505,9,-0.24999999999999997,0.20655191946218507
206,1551542400,419,194,0,613,9,-0.24999999999999997,0.5704956086489141
206,1551556800,440,238,0,678,9,-0.24999999999999997,0.7895357919557419
206,1551571200,232,155,0,387,9,-0.24999999999999997,-0.19109025946405594
206,1551585600,74,70,0,144,9,-0.24999999999999997,-1.0099635601341963
206,1551600000,73,36,0,109,9,-0.24999999999999997,-1.1279082742224882
206,1551614400,281,157,0,438,9,-0.24999999999999997,-0.019227961792544997
206,1551628800,471,195,0,666,9,-0.24999999999999997,0.7490976042683275
206,1551643200,335,207,0,542,9,-0.24999999999999997,0.3312363314983793
206,1551657600,144,132,0,276,9,-0.24999999999999997,-0.5651434955726387
206,1551672000,34,35,1,69,9,3.9999999999999996,-1.262702233180536
206,1551686400,168,98,0,266,9,-0.24999999999999997,-0.5988419853121506
206,1551700800,498,203,0,701,9,-0.24999999999999997,0.8670423183566193
206,1551715200,368,207,0,575,9,-0.24999999999999997,0.44244134763876874
206,1551729600,927,347,0,1274,9,-0.24999999999999997,2.797965780430654
206,1551744000,256,183,0,439,10,-0.15617376188860602,-0.47010937575361866
206,1551758400,63,38,0,101,10,-0.15617376188860602,-1.5182753406033709
206,1551772800,286,254,0,540,10,-0.15617376188860602,-0.1569000193931898
206,1551787200,586,326,0,912,10,-0.15617376188860602,0.9967027584887859
206,1551801600,527,251,0,778,10,-0.15617376188860602,0.5811576718323753
206,1551816000,758,341,0,1099,10,-0.15617376188860602,1.5766052301660156
206,1551830400,289,169,0,458,10,-0.15617376188860602,-0.41118880376502315
206,1551844800,60,33,0,93,10,-0.15617376188860602,-1.5430840024933057
206,1551859200,283,200,0,483,10,-0.15617376188860602,-0.3336617353589764
206,1551873600,629,302,0,931,10,-0.15617376188860602,1.0556233304773814
206,1551888000,551,254,0,805,10,-0.15617376188860602,0.6648869057109058
206,1551902400,748,379,0,1127,10,-0.15617376188860602,1.663435546780788
206,1551916800,273,215,0,488,10,-0.15617376188860602,-0.31815632167776703
206,1551931200,56,43,0,99,10,-0.15617376188860602,-1.5244775060758546
206,1551945600,287,220,0,507,10,-0.15617376188860602,-0.2592357496891715
206,1551960000,649,306,0,955,10,-0.15617376188860602,1.1300493161471863
206,1551974400,531,245,0,776,10,-0.15617376188860602,0.5749555063598916
206,1551988800,723,338,0,1061,10,-0.15617376188860602,1.4587640861888245
206,1552003200,288,221,0,509,10,-0.15617376188860602,-0.25303358421668776
206,1552017600,94,56,0,150,10,-0.15617376188860602,-1.366322286527519
206,1552032000,242,218,0,460,10,-0.15617376188860602,-0.4049866382925394
206,1552046400,593,298,0,891,10,-0.15617376188860602,0.9315800210277067
206,1552060800,538,320,0,858,10,-0.15617376188860602,0.8292442907317249
206,1552075200,707,424,0,1131,10,-0.15617376188860602,1.6758398777257555
206,1552089600,312,212,0,524,10,-0.15617376188860602,-0.20651734317305973
206,1552104000,69,56,0,125,10,-0.15617376188860602,-1.4438493549335658
206,1552118400,91,67,0,158,10,-0.15617376188860602,-1.3415136246375843
206,1552132800,343,208,0,551,10,-0.15617376188860602,-0.12278810929452923
206,1552147200,484,267,0,751,10,-0.15617376188860602,0.49742843795384484
206,1552161600,476,300,0,776,10,-0.15617376188860602,0.5749555063598916
206,1552176000,248,183,0,431,10,-0.15617376188860602,-0.49491803764355363
206,1552194000,71,80,9,151,10,6.403124237432848,-1.3632212037912772
206,1552208400,86,77,0,163,10,-0.15617376188860602,-1.3260082109563749
206,1552222800,325,170,0,495,10,-0.15617376188860602,-0.29644874252407394
206,1552237200,461,193,0,654,10,-0.15617376188860602,0.19662341253838342
206,1552251600,330,191,0,521,10,-0.15617376188860602,-0.21582059138178533
206,1552266000,172,103,0,275,10,-0.15617376188860602,-0.9786869444972854
206,1552280400,34,29,0,63,10,-0.15617376188860602,-1.6361164845805618
206,1552294800,454,329,0,783,10,-0.15617376188860602,0.5966630855135847
206,1552309200,484,260,0,744,10,-0.15617376188860602,0.47572085880015175
206,1552323600,630,313,0,943,10,-0.15617376188860602,1.092836323312284
206,1552338000,650,396,0,1046,10,-0.15617376188860602,1.4122478451451965
206,1552352400,213,145,0,358,11,-0.2648180687958928,-0.72238943706477
206,1552366800,32,25,0,57,11,-0.2648180687958928,-1.6406847878312678
206,1552381200,530,353,0,883,11,-0.2648180687958928,0.8792885003186564
206,1552395600,470,259,0,729,11,-0.2648180687958928,0.4094629720195179
206,1552410000,575,276,0,851,11,-0.2648180687958928,0.7816624165162379
206,1552424400,657,335,0,992,11,-0.2648180687958928,1.2118273482706439
206,1552438800,231,136,0,367,11,-0.2648180687958928,-0.6949321009953398
206,1552453200,32,36,4,68,11,2.3522075522458716,-1.6071258215241864
206,1552467600,453,366,0,819,11,-0.2648180687958928,0.6840363327138196
206,1552482000,423,256,0,679,11,-0.2648180687958928,0.25692221607823923
206,1552496400,611,286,0,897,11,-0.2648180687958928,0.9219999119822143
206,1552510800,706,385,0,1091,11,-0.2648180687958928,1.5138580450343757
206,1552525200,209,156,0,365,11,-0.2648180687958928,-0.701033731232991
206,1552539600,32,40,8,72,11,4.969233173287636,-1.5949225610488842
206,1552554000,460,334,0,794,11,-0.2648180687958928,0.6077659547431803
206,1552568400,525,269,0,794,11,-0.2648180687958928,0.6077659547431803
206,1552582800,666,296,0,962,11,-0.2648180687958928,1.1203028947058766
206,1552597200,699,373,0,1072,11,-0.2648180687958928,1.4558925577766897
206,1552611600,206,159,0,365,11,-0.2648180687958928,-0.701033731232991
206,1552626000,33,33,0,66,11,-0.2648180687958928,-1.6132274517618375
206,1552640400,429,364,0,793,11,-0.2648180687958928,0.6047151396243546
206,1552654800,522,244,0,766,11,-0.2648180687958928,0.5223431314160641
206,1552669200,660,303,0,963,11,-0.2648180687958928,1.1233537098247022
206,1552683600,603,410,0,1013,11,-0.2648180687958928,1.275894465765981
206,1552698000,219,171,0,390,11,-0.2648180687958928,-0.6247633532623516
206,1552712400,55,50,0,105,11,-0.2648180687958928,-1.49424566212764
206,1552726800,162,123,0,285,11,-0.2648180687958928,-0.9450989407390369
206,1552741200,373,234,0,607,11,-0.2648180687958928,0.037263527522797935
206,1552755600,460,260,0,720,11,-0.2648180687958928,0.3820056359500878
206,1552770000,429,280,0,709,11,-0.2648180687958928,0.34844666964300647
206,1552784400,189,164,0,353,11,-0.2648180687958928,-0.7376435126588978
206,1552798800,53,46,0,99,11,-0.2648180687958928,-1.5125505528405936
206,1552813200,97,80,0,177,11,-0.2648180687958928,-1.2745869735721989
206,1552827600,346,186,0,532,11,-0.2648180687958928,-0.1915476063891201
206,1552842000,511,257,0,768,11,-0.2648180687958928,0.5284447616537153
206,1552856400,378,282,0,660,11,-0.2648180687958928,0.19895672882055335
206,1552870800,167,121,0,288,11,-0.2648180687958928,-0.9359464953825601
206,1552885200,29,34,5,63,11,3.0064639575063126,-1.6223798971183143
206,1552899600,465,314,0,779,11,-0.2648180687958928,0.5620037279607967
206,1552914000,459,233,0,692,11,-0.2648180687958928,0.2965828126229717
206,1552928400,601,282,0,883,11,-0.2648180687958928,0.8792885003186564
206,1552942800,675,380,0,1055,11,-0.2648180687958928,1.404028700756655
206,1552957200,190,129,0,319,12,-0.2718706511763955,-0.8407045372838607
206,1552971600,32,29,0,61,12,-0.2718706511763955,-1.6571478394892663
206,1552986000,476,321,0,797,12,-0.2718706511763955,0.6719307280424335
206,1553000400,450,282,0,732,12,-0.2718706511763955,0.4662376480294436
206,1553014800,562,289,0,851,12,-0.2718706511763955,0.8428142098993788
206,1553029200,654,319,0,973,12,-0.2718706511763955,1.2288842985391442
206,1553043600,206,162,0,368,12,-0.2718706511763955,-0.6856436000432992
206,1553058000,41,27,0,68,12,-0.2718706511763955,-1.6349962770263289
206,1553072400,486,336,0,822,12,-0.2718706511763955,0.7510434511243526
206,1553086800,493,260,0,753,12,-0.2718706511763955,0.5326923354182558
206,1553101200,644,308,0,952,12,-0.2718706511763955,1.162429611150332
206,1553115600,664,348,0,1012,12,-0.2718706511763955,1.3523001465469382
206,1553130000,254,159,0,413,12,-0.2718706511763955,-0.5432406984958447
206,1553144400,38,34,0,72,12,-0.2718706511763955,-1.622338241333222
206,1553158800,438,346,0,784,12,-0.2718706511763955,0.6307921120398354
206,1553173200,450,259,0,709,12,-0.2718706511763955,0.393453942794078
206,1553187600,595,280,0,875,12,-0.2718706511763955,0.9187624240580212
206,1553202000,616,391,0,1007,12,-0.2718706511763955,1.3364776019305542
206,1553216400,180,169,0,349,12,-0.2718706511763955,-0.7457692695855578
206,1553230800,32,35,3,67,12,1.2175076987464666,-1.6381607859496057
206,1553245200,408,311,0,719,12,-0.2718706511763955,0.4250990320268457
206,1553259600,483,273,0,756,12,-0.2718706511763955,0.5421858621880861
206,1553274000,622,320,0,942,12,-0.2718706511763955,1.1307845219175645
206,1553288400,625,356,0,981,12,-0.2718706511763955,1.2542003699253583
206,1553302800,250,191,0,441,12,-0.2718706511763955,-0.45463444864409525
206,1553317200,62,69,7,131,12,3.203345498643616,-1.4356322148598928
206,1553331600,118,129,11,247,12,5.189183298540765,-1.068549179759788
206,1553346000,381,222,0,603,12,-0.2718706511763955,0.05801599692674083
206,1553360400,449,270,0,719,12,-0.2718706511763955,0.4250990320268457
206,1553374800,435,285,0,720,12,-0.2718706511763955,0.4282635409501224
206,1553389200,202,161,0,363,12,-0.2718706511763955,-0.701466144659683
206,1553403600,68,59,0,127,12,-0.2718706511763955,-1.4482902505529998
206,1553418000,96,64,0,160,12,-0.2718706511763955,-1.3438614560848665
206,1553432400,312,221,0,533,12,-0.2718706511763955,-0.1634996277026328
206,1553446800,484,213,0,697,12,-0.2718706511763955,0.35547983571475683
206,1553461200,365,260,0,625,12,-0.2718706511763955,0.1276351932388297
206,1553475600,184,127,0,311,12,-0.2718706511763955,-0.8660206086700748
206,1553490000,25,27,2,52,12,0.7210482487721791,-1.6856284197987572
206,1553504400,432,382,0,814,12,-0.2718706511763955,0.7257273797381385
206,1553518800,425,249,0,674,12,-0.2718706511763955,0.28269613047939124
206,1553533200,578,310,0,888,12,-0.2718706511763955,0.9599010400606192
206,1553547600,725,344,0,1069,12,-0.2718706511763955,1.5326771551737137
206,1553562000,218,140,0,358,13,-0.3354226605404193,-0.7346762075524749
206,1553576400,25,26,1,51,13,-0.09253038911459843,-1.6879734824021893
206,1553590800,478,351,0,829,13,-0.3354226605404193,0.7278743346436667
206,1553605200,482,248,0,730,13,-0.3354226605404193,0.42045925252600636
206,1553619600,596,283,0,879,13,-0.3354226605404193,0.8831344771273335
206,1553634000,692,321,0,1013,13,-0.3354226605404193,1.2992316589835606
206,1553648400,230,203,0,433,13,-0.3354226605404193,-0.5017859938269745
206,1553662800,33,48,15,81,13,3.307961410846894,-1.594817396911989
206,1553677200,452,362,0,814,13,-0.3354226605404193,0.6812962918985667
206,1553691600,462,256,0,718,13,-0.3354226605404193,0.38319681832992636
206,1553706000,640,320,0,960,13,-0.3354226605404193,1.1346559079508738
206,1553720400,702,370,0,1072,13,-0.3354226605404193,1.4824386271142875
206,1553734800,215,166,0,381,13,-0.3354226605404193,-0.6632565420099881
206,1553749200,26,35,9,61,13,1.8506077822919687,-1.6569214539054558
206,1553763600,457,355,0,812,13,-0.3354226605404193,0.6750858861992199
206,1553778000,516,239,0,755,13,-0.3354226605404193,0.49808932376783976
206,1553792400,604,258,0,862,13,-0.3354226605404193,0.8303460286828868
206,1553806800,678,334,0,1012,13,-0.3354226605404193,1.2961264561338872
206,1553821200,224,176,0,400,13,-0.3354226605404193,-0.6042576878661947
206,1553835600,29,45,16,74,13,3.550853682272715,-1.6165538168597025
206,1553850000,455,325,0,780,13,-0.3354226605404193,0.5757193950096732
206,1553864400,478,256,0,734,13,-0.3354226605404193,0.43288006392469974
206,1553878800,654,300,0,954,13,-0.3354226605404193,1.1160246908528337
206,1553893200,604,352,0,956,13,-0.3354226605404193,1.1222350965521803
206,1553907600,255,170,0,425,13,-0.3354226605404193,-0.5266276166243613
206,1553922000,57,48,0,105,13,-0.3354226605404193,-1.520292528519829
206,1553936400,141,127,0,268,13,-0.3354226605404193,-1.014144464023075
206,1553950800,395,208,0,603,13,-0.3354226605404193,0.026098490617492635
206,1553965200,533,267,0,800,13,-0.3354226605404193,0.63782345200314
206,1553979600,459,308,0,767,13,-0.3354226605404193,0.5353517579639199
206,1553994000,242,208,0,450,13,-0.3354226605404193,-0.44899754538252784
206,1554008400,50,52,2,102,13,0.15036188231122247,-1.529608137068849
206,1554022800,117,59,0,176,13,-0.3354226605404193,-1.299823126193022
206,1554037200,361,180,0,541,13,-0.3354226605404193,-0.16642408606225423
206,1554051600,495,201,0,696,13,-0.3354226605404193,0.3148823556371129
206,1554066000,329,180,0,509,13,-0.3354226605404193,-0.265790577251801
206,1554080400,138,104,0,242,13,-0.3354226605404193,-1.0948797381145818
206,1554094800,23,38,15,61,13,3.307961410846894,-1.6569214539054558
206,1554109200,469,359,0,828,13,-0.3354226605404193,0.7247691317939934
206,1554123600,448,263,0,711,13,-0.3354226605404193,0.361460398382213
206,1554138000,612,356,0,968,13,-0.3354226605404193,1.1594975307482605
206,1554152400,667,335,0,1002,13,-0.3354226605404193,1.265074427637154
206,1554166800,226,163,0,389,14,-0.24148568233586473,-0.6214282531797796
206,1554181200,43,24,0,67,14,-0.24148568233586473,-1.613424912292544
206,1554195600,474,343,0,817,14,-0.24148568233586473,0.6971263123489881
206,1554210000,496,255,0,751,14,-0.24148568233586473,0.4937978045805333
206,1554224400,597,282,0,879,14,-0.24148568233586473,0.8881318802526882
206,1554238800,671,355,0,1026,14,-0.24148568233586473,1.3409999202824285
206,1554253200,215,156,0,371,14,-0.24148568233586473,-0.6768814825711763
206,1554267600,35,36,1,71,14,0.8854475018981707,-1.6011019724277893
206,1554282000,501,343,0,844,14,-0.24148568233586473,0.7803061564360833
206,1554296400,537,230,0,767,14,-0.24148568233586473,0.5430895640395527
206,1554310800,579,378,0,957,14,-0.24148568233586473,1.1284292076154074
206,1554325200,655,409,0,1064,14,-0.24148568233586473,1.4580678489975993
206,1554339600,235,155,0,390,14,-0.24148568233586473,-0.6183475182135908
206,1554354000,33,36,3,69,14,3.1393138703662413,-1.6072634423601666
206,1554368400,491,331,0,822,14,-0.24148568233586473,0.7125299871799317
206,1554382800,489,273,0,762,14,-0.24148568233586473,0.5276858892086091
206,1554397200,624,319,0,943,14,-0.24148568233586473,1.0852989180887656
206,1554411600,654,350,0,1004,14,-0.24148568233586473,1.273223751026277
206,1554426000,245,169,0,414,14,-0.24148568233586473,-0.5444098790250618
206,1554440400,40,31,0,71,14,-0.24148568233586473,-1.6011019724277893
206,1554454800,447,324,0,771,14,-0.24148568233586473,0.5554125039043075
206,1554469200,504,288,0,792,14,-0.24148568233586473,0.6201079381942705
206,1554483600,667,308,0,975,14,-0.24148568233586473,1.1838824370068042
206,1554498000,614,342,0,956,14,-0.24148568233586473,1.1253484726492187
206,1554512400,232,154,0,386,14,-0.24148568233586473,-0.6306704580783457
206,1554526800,46,43,0,89,14,-0.24148568233586473,-1.5456487430363923
206,1554541200,170,107,0,277,14,-0.24148568233586473,-0.966470569392915
206,1554555600,380,219,0,599,14,-0.24148568233586473,0.02552608971984946
206,1554570000,482,260,0,742,14,-0.24148568233586473,0.4660711898848349
206,1554584400,409,258,0,667,14,-0.24148568233586473,0.2350160674206817
206,1554598800,207,142,0,349,14,-0.24148568233586473,-0.7446576518273279
206,1554613200,56,44,0,100,14,-0.24148568233586473,-1.5117606584083165
206,1554627600,92,69,0,161,14,-0.24148568233586473,-1.3238358254708054
206,1554642000,350,178,0,528,14,-0.24148568233586473,-0.19320609287954893
206,1554656400,479,215,0,694,14,-0.24148568233586473,0.3181959115077769
206,1554670800,328,216,0,544,14,-0.24148568233586473,-0.14391433342052956
206,1554685200,150,112,0,262,14,-0.24148568233586473,-1.0126815938857456
206,1554699600,25,30,5,55,14,5.393180238834312,-1.6503937318868085
206,1554714000,472,327,0,799,14,-0.24148568233586473,0.6416730829575914
206,1554728400,452,248,0,700,14,-0.24148568233586473,0.3366803213049091
206,1554742800,554,281,0,835,14,-0.24148568233586473,0.7525795417403849
206,1554757200,685,366,0,1051,14,-0.24148568233586473,1.4180182944371462
206,1554771600,240,179,0,419,15,-0.33105020144095876,-0.5585944544057562
206,1554786000,28,39,11,67,15,2.6678751527889033,-1.6954695113901583
206,1554800400,498,354,0,852,15,-0.33105020144095876,0.8398910560324433
206,1554814800,471,258,0,729,15,-0.33105020144095876,0.4426307378248254
206,1554829200,571,279,0,850,15,-0.33105020144095876,0.8334315386632137
206,1554843600,665,280,0,945,15,-0.33105020144095876,1.1402586137016177
206,1554858000,222,170,0,392,15,-0.33105020144095876,-0.6457979388903552
206,1554872400,33,27,0,60,15,-0.33105020144095876,-1.718077822182462
206,1554886800,469,343,0,812,15,-0.33105020144095876,0.7107007086478521
206,1554901200,515,235,0,750,15,-0.33105020144095876,0.5104556702017358
206,1554915600,591,309,0,900,15,-0.33105020144095876,0.9949194728939527
206,1554930000,596,365,0,961,15,-0.33105020144095876,1.1919347526554542
206,1554944400,217,168,0,385,15,-0.33105020144095876,-0.6684062496826586
206,1554958800,34,38,4,72,15,0.7594681091880818,-1.6793207179670846
206,1554973200,491,281,0,772,15,-0.33105020144095876,0.5815103612632609
206,1554987600,490,238,0,728,15,-0.33105020144095876,0.43940097914021065
206,1555002000,564,333,0,897,15,-0.33105020144095876,0.9852301968401084
206,1555016400,675,322,0,997,15,-0.33105020144095876,1.3082060653015863
206,1555030800,218,200,0,418,15,-0.33105020144095876,-0.5618242130903709
206,1555045200,28,33,5,61,15,1.032097686845342,-1.7148480634978471
206,1555059600,412,309,0,721,15,-0.33105020144095876,0.4167926683479072
206,1555074000,449,262,0,711,15,-0.33105020144095876,0.38449508150175943
206,1555088400,599,335,0,934,15,-0.33105020144095876,1.1047312681708552
206,1555102800,607,370,0,977,15,-0.33105020144095876,1.2436108916092907
206,1555117200,241,163,0,404,15,-0.33105020144095876,-0.6070408346749778
206,1555131600,46,48,2,94,15,0.2142089538735616,-1.6082660269055593
206,1555146000,157,100,0,257,15,-0.33105020144095876,-1.0818153613133503
206,1555160400,384,225,0,609,15,-0.33105020144095876,0.055059695671051914
206,1555174800,486,286,0,772,15,-0.33105020144095876,0.5815103612632609
206,1555189200,438,352,0,790,15,-0.33105020144095876,0.639646017586327
206,1555203600,230,172,0,402,15,-0.33105020144095876,-0.6135003520442074
206,1555218000,54,73,19,127,15,4.848911774046984,-1.5016839903132717
206,1555232400,117,71,0,188,15,-0.33105020144095876,-1.3046687105517702
206,1555246800,416,259,0,675,15,-0.33105020144095876,0.2682237688556273
206,1555261200,540,236,0,776,15,-0.33105020144095876,0.5944293960017201
206,1555275600,369,202,0,571,15,-0.33105020144095876,-0.0676711343443097
206,1555290000,173,113,0,286,15,-0.33105020144095876,-0.9881523594595217
206,1555304400,36,46,10,82,15,2.3952455751316433,-1.6470231311209367
206,1555318800,515,294,0,809,15,-0.33105020144095876,0.7010114325940078
206,1555333200,515,269,0,784,15,-0.33105020144095876,0.6202674654786383
206,1555347600,558,259,0,817,15,-0.33105020144095876,0.726849502070926
206,1555362000,665,344,0,1009,15,-0.33105020144095876,1.3469631695169637
206,1555376400,185,136,0,321,16,-0.3234518899983631,-0.7927812768247929
206,1555390800,29,39,10,68,16,4.827818950716309,-1.5786279748272463
206,1555405200,463,340,0,803,16,-0.3234518899983631,0.7043653968399599
206,1555419600,488,266,0,754,16,-0.3234518899983631,0.5521658387288128
206,1555434000,600,267,0,867,16,-0.3234518899983631,0.903156656413703
206,1555448400,727,399,0,1126,16,-0.3234518899983631,1.7076400350011947
206,1555462800,195,155,0,350,16,-0.3234518899983631,-0.7027039873304406
206,1555477200,39,32,0,71,16,-0.3234518899983631,-1.569309634534727
206,1555491386,229,205,0,434,16,-0.3234518899983631,-0.4417904591399028
206,1555491600,481,355,0,836,16,-0.3234518899983631,0.8068671400576711
206,1555506000,498,246,0,744,16,-0.3234518899983631,0.5211047044204155
206,1555520400,613,304,0,917,16,-0.3234518899983631,1.0584623279556897
206,1555534800,701,401,0,1102,16,-0.3234518899983631,1.633093312661041
206,1555549200,219,168,0,387,16,-0.3234518899983631,-0.5877777903893704
206,1555563600,31,34,3,65,16,1.2219293622160383,-1.5879463151197655
206,1555578000,498,327,0,825,16,-0.3234518899983631,0.7726998923184341
206,1555592400,543,263,0,806,16,-0.3234518899983631,0.7136837371324791
206,1555606800,622,273,0,895,16,-0.3234518899983631,0.9901278324772156
206,1555621200,720,302,0,1022,16,-0.3234518899983631,1.3846042381938621
206,1555635600,244,174,0,418,16,-0.3234518899983631,-0.49148827403333856
206,1555650000,27,30,3,57,16,1.2219293622160383,-1.6127952225664832
206,1555664400,334,185,0,519,16,-0.3234518899983631,-0.1777708175185252
206,1555678800,610,275,0,885,16,-0.3234518899983631,0.9590666981688182
206,1555693200,794,289,0,1083,16,-0.3234518899983631,1.574077157475086
206,1555707600,580,308,0,888,16,-0.3234518899983631,0.9683850384613374
206,1555722000,220,192,0,412,16,-0.3234518899983631,-0.5101249546183769
206,1555736400,61,46,0,107,16,-0.3234518899983631,-1.4574895510244965
206,1555750800,121,98,0,219,16,-0.3234518899983631,-1.109604846770446
206,1555765200,330,164,0,494,16,-0.3234518899983631,-0.2554236532895186
206,1555779600,454,246,0,700,16,-0.3234518899983631,0.38443571346346705
206,1555794000,388,272,0,660,16,-0.3234518899983631,0.2601911762298776
206,1555808400,197,188,0,385,16,-0.3234518899983631,-0.5939900172510498
206,1555822800,52,49,0,101,16,-0.3234518899983631,-1.476126231609535
206,1555837200,109,71,0,180,16,-0.3234518899983631,-1.2307432705731958
206,1555851600,394,227,0,621,16,-0.3234518899983631,0.1390527524271279
206,1555866000,579,173,0,752,16,-0.3234518899983631,0.5459536118671333
206,1555880400,325,172,0,497,16,-0.3234518899983631,-0.2461053129969994
206,1555894800,147,152,5,299,16,2.2521835303589723,-0.8611157723032672
206,1555909200,23,29,6,52,16,2.7673106144304396,-1.628325789720682
206,1555923600,420,252,0,672,16,-0.3234518899983631,0.29746453739995443
206,1555938000,450,226,0,676,16,-0.3234518899983631,0.30988899112331336
206,1555952400,615,209,0,824,16,-0.3234518899983631,0.7695937788875943
206,1555966800,612,272,0,884,16,-0.3234518899983631,0.9559605847379785
206,1555981200,182,114,0,296,17,-0.2467707901039249,-0.14876257157551917
206,1555995600,31,30,0,61,17,-0.2467707901039249,-0.802744935750704
206,1556010000,436,232,0,668,17,-0.2467707901039249,0.8864775963954117
206,1556024400,451,266,0,717,17,-0.2467707901039249,1.0228398765851312
206,1556038800,529,299,0,828,17,-0.2467707901039249,1.3317421847700057
206,1556053200,558,378,0,936,17,-0.2467707901039249,1.6322957819228565
206,1556054394,20,6,0,26,17,-0.2467707901039249,-0.9001465644576464
206,1556054464,2,0,0,2,17,-0.2467707901039249,-0.9669362527138355
206,1556054545,3,2,0,5,17,-0.2467707901039249,-0.9585875416818119
206,1556054628,2,3,1,5,17,0.2617265955647688,-0.9585875416818119
206,1556054708,1,0,0,1,17,-0.2467707901039249,-0.9697191563911767
206,1556054788,3,0,0,3,17,-0.2467707901039249,-0.9641533490364943
206,1556054868,2,3,1,5,17,0.2617265955647688,-0.9585875416818119
206,1556054948,5,0,0,5,17,-0.2467707901039249,-0.9585875416818119
206,1556055029,1,0,0,1,17,-0.2467707901039249,-0.9697191563911767
206,1556055110,2,0,0,2,17,-0.2467707901039249,-0.9669362527138355
206,1556055190,3,0,0,3,17,-0.2467707901039249,-0.9641533490364943
206,1556055270,2,0,0,2,17,-0.2467707901039249,-0.9669362527138355
206,1556055350,1,1,0,2,17,-0.2467707901039249,-0.9669362527138355
206,1556055430,4,0,0,4,17,-0.2467707901039249,-0.9613704453591531
206,1556055510,0,0,0,0,17,-0.2467707901039249,-0.9725020600685179
206,1556055591,2,1,0,3,17,-0.2467707901039249,-0.9641533490364943
206,1556055671,2,0,0,2,17,-0.2467707901039249,-0.9669362527138355
206,1556055757,1,1,0,2,17,-0.2467707901039249,-0.9669362527138355
206,1556055837,1,0,0,1,17,-0.2467707901039249,-0.9697191563911767
206,1556055917,2,0,0,2,17,-0.2467707901039249,-0.9669362527138355
206,1556055997,2,7,5,9,17,2.2957161382395435,-0.9474559269724471
206,1556056078,3,2,0,5,17,-0.2467707901039249,-0.9585875416818119
206,1556056158,2,0,0,2,17,-0.2467707901039249,-0.9669362527138355
206,1556056238,2,2,0,4,17,-0.2467707901039249,-0.9613704453591531
206,1556056319,2,1,0,3,17,-0.2467707901039249,-0.9641533490364943
206,1556056399,4,1,0,5,17,-0.2467707901039249,-0.9585875416818119
206,1556067600,212,163,0,375,17,-0.2467707901039249,0.0710868189344366
206,1556082000,29,31,2,60,17,0.7702239812334625,-0.8055278394280452
206,1556096400,404,243,0,647,17,-0.2467707901039249,0.8280366191712463
206,1556110800,529,239,0,768,17,-0.2467707901039249,1.164767964129533
206,1556125200,567,245,0,812,17,-0.2467707901039249,1.2872157259325463
206,1556139600,617,375,0,992,17,-0.2467707901039249,1.7881383878539643
206,1556154000,196,162,0,358,17,-0.2467707901039249,0.02377745641963599
206,1556168400,26,32,6,58,17,2.804213523908237,-0.8110936467827277
206,1556182800,435,232,0,667,17,-0.2467707901039249,0.8836946927180706
206,1556197200,489,239,0,728,17,-0.2467707901039249,1.0534518170358844
206,1556211600,553,244,0,797,17,-0.2467707901039249,1.245472170772428
206,1556226000,723,311,0,1034,17,-0.2467707901039249,1.9050203423022951
206,1556240400,215,162,0,377,17,-0.2467707901039249,0.07665262628911902
206,1556254800,41,41,0,82,17,-0.2467707901039249,-0.7443039585265385
206,1556269200,399,250,0,649,17,-0.2467707901039249,0.8336024265259288
206,1556283600,478,247,0,725,17,-0.2467707901039249,1.045103106003861
206,1556298000,533,298,0,831,17,-0.2467707901039249,1.3400908958020292
206,1556312400,580,355,0,935,17,-0.2467707901039249,1.6295128782455153
206,1556326800,267,168,0,435,17,-0.2467707901039249,0.23806103957490932
206,1556341200,46,45,0,91,17,-0.2467707901039249,-0.7192578254304677
206,1556355600,166,75,0,241,17,-0.2467707901039249,-0.30182227382928584
206,1556370000,391,212,0,603,17,-0.2467707901039249,0.705588857368233
206,1556384400,480,273,0,753,17,-0.2467707901039249,1.1230244089694148
206,1556398800,449,299,0,748,17,-0.2467707901039249,1.1091098905827086
206,1556413200,209,174,0,383,17,-0.2467707901039249,0.09335004835316629
206,1556427600,75,63,0,138,17,-0.2467707901039249,-0.5884613525954306
206,1556442000,93,78,0,171,17,-0.2467707901039249,-0.49662553124317066
206,1556456400,447,276,0,723,17,-0.2467707901039249,1.0395372986491784
206,1556470800,556,168,0,724,17,-0.2467707901039249,1.0423202023265197
206,1556485200,308,233,0,541,17,-0.2467707901039249,0.5330488293730778
206,1556499600,143,157,14,300,17,6.872192609257787,-0.1376309568661543
206,1556514000,32,36,4,68,17,1.7872187525708498,-0.7832646100093155
206,1556528400,465,302,0,767,17,-0.2467707901039249,1.1619850604521917
206,1556542800,486,238,0,724,17,-0.2467707901039249,1.0423202023265197
206,1556557200,610,251,0,861,17,-0.2467707901039249,1.4235780061222656
206,1556571600,663,324,0,987,17,-0.2467707901039249,1.7742238694672583
206,1556586000,202,146,0,348,18,-0.22566339248754055,-0.5005651663601286
206,1556600400,36,33,0,69,18,-0.22566339248754055,-1.29651684431793
206,1556614800,452,351,0,803,18,-0.22566339248754055,0.7974922295925585
206,1556629200,485,283,0,768,18,-0.22566339248754055,0.697641660673121
206,1556643600,723,217,0,940,18,-0.22566339248754055,1.1883358850772137
206,1556658000,682,309,0,991,18,-0.22566339248754055,1.3338324283598226
206,1556672400,235,194,0,429,18,-0.22566339248754055,-0.26948242114657334
206,1556686800,49,35,0,84,18,-0.22566339248754055,-1.2537237433524568
206,1556701200,498,327,0,825,18,-0.22566339248754055,0.8602554443419191
206,1556715600,546,252,0,798,18,-0.22566339248754055,0.7832278626040674
206,1556730000,602,236,0,838,18,-0.22566339248754055,0.8973427985119959
206,1556744400,721,435,0,1156,18,-0.22566339248754055,1.8045565389800278
206,1556758800,257,137,0,394,18,-0.22566339248754055,-0.3693329900660108
206,1556773200,30,32,2,62,18,0.9620386732363571,-1.3164869581018177
206,1556787600,482,331,0,813,18,-0.22566339248754055,0.8260209635695406
206,1556790121,138,40,0,178,18,-0.22566339248754055,-0.9855536439688248
206,1556790404,12,8,0,20,18,-0.22566339248754055,-1.4363076408051425
206,1556792025,70,30,0,100,18,-0.22566339248754055,-1.2080777689892854
206,1556793339,45,26,0,71,18,-0.22566339248754055,-1.2908110975225338
206,1556793668,14,6,0,20,18,-0.22566339248754055,-1.4363076408051425
206,1556802000,321,241,0,562,18,-0.22566339248754055,0.10994974074728904
206,1556816400,581,296,0,877,18,-0.22566339248754055,1.0086048610222262
206,1556830800,636,357,0,993,18,-0.22566339248754055,1.339538175155219
206,1556845200,225,144,0,369,18,-0.22566339248754055,-0.44065482500846614
206,1556859600,41,36,0,77,18,-0.22566339248754055,-1.2736938571363443
206,1556874000,480,334,0,814,18,-0.22566339248754055,0.8288738369672388
206,1556878317,189,97,0,286,18,-0.22566339248754055,-0.6774433170174179
206,1556878402,88,97,9,185,18,5.118995903269998,-0.9655835301849374
206,1556883658,178,84,0,262,18,-0.22566339248754055,-0.7459122785621749
206,1556888400,238,160,0,398,18,-0.22566339248754055,-0.3579214964752179
206,1556902800,719,308,0,1027,18,-0.22566339248754055,1.4365358706769582
206,1556917200,680,403,0,1083,18,-0.22566339248754055,1.5962967809480582
206,1556931600,261,171,0,432,18,-0.22566339248754055,-0.26092380095347867
206,1556946000,56,46,0,102,18,-0.22566339248754055,-1.2023720221938892
206,1556960400,147,99,0,246,18,-0.22566339248754055,-0.7915582529253463
206,1556974800,427,184,0,611,18,-0.22566339248754055,0.2497405372345015
206,1556989200,577,263,0,840,18,-0.22566339248754055,0.9030485453073923
206,1557003600,564,244,0,808,18,-0.22566339248754055,0.8117565965810495
206,1557018000,234,173,0,407,18,-0.22566339248754055,-0.33224563589593403
206,1557032400,66,52,0,118,18,-0.22566339248754055,-1.1567260478307178
206,1557046800,105,64,0,169,18,-0.22566339248754055,-1.0112295045481088
206,1557061200,370,216,0,586,18,-0.22566339248754055,0.17841870229204615
206,1557075600,514,206,0,720,18,-0.22566339248754055,0.5607037375836067
206,1557090000,318,201,0,519,18,-0.22566339248754055,-0.012723815353734135
206,1557104400,148,121,0,269,18,-0.22566339248754055,-0.7259421647782874
206,1557118800,28,36,8,64,18,4.52514487040805,-1.3107812113064212
206,1557133200,516,379,0,895,18,-0.22566339248754055,1.0599565821807941
206,1557147600,517,263,0,780,18,-0.22566339248754055,0.7318761414454995
206,1557162000,667,255,0,922,18,-0.22566339248754055,1.1369841639186458
206,1557176400,678,367,0,1045,18,-0.22566339248754055,1.487887591835526
206,1557190800,214,117,0,331,19,0.0,-0.7233960575572737
206,1557205200,34,22,0,56,19,0.0,-1.5229842823168436
206,1557219600,509,327,0,836,19,0.0,0.7449386824557548
206,1557234000,488,264,0,752,19,0.0,0.5007008247110135
206,1557248400,666,311,0,977,19,0.0,1.1549093722415706
206,1557262800,716,331,0,1047,19,0.0,1.3584409203621886
206,1557277200,222,171,0,393,19,0.0,-0.5431252577932978
206,1557291600,44,27,0,71,19,0.0,-1.4793703791481398
206,1557306000,473,390,0,863,19,0.0,0.8234437081594217
206,1557320400,529,263,0,792,19,0.0,0.6170045664942236
206,1557334800,583,298,0,881,19,0.0,0.8757803919618663
206,1557349200,748,338,0,1086,19,0.0,1.4718370686008184
206,1557363600,240,176,0,416,19,0.0,-0.476250606267952
206,1557378000,32,31,0,63,19,0.0,-1.5026311275047817
206,1557392400,503,368,0,871,19,0.0,0.8467044565160637
206,1557406800,516,280,0,796,19,0.0,0.6286349406725447
206,1557421200,588,269,0,857,19,0.0,0.8059981468919402
206,1557435600,847,324,0,1171,19,0.0,1.71898251989014
206,1557450000,246,179,0,425,19,0.0,-0.4500822643667297
206,1557464400,37,24,0,61,19,0.0,-1.5084463145939422
206,1557478800,427,357,0,784,19,0.0,0.5937438181375816
206,1557493200,561,241,0,802,19,0.0,0.6460805019400262
206,1557507600,649,321,0,970,19,0.0,1.134556217429509
206,1557522000,750,360,0,1110,19,0.0,1.5416193136707446
206,1557536400,249,197,0,446,19,0.0,-0.38902279993054434
206,1557550800,64,59,0,123,19,0.0,-1.3281755148299665
206,1557565200,177,111,0,288,19,0.0,-0.8484225799742245
206,1557579600,443,214,0,657,19,0.0,0.2244794379758893
206,1557594000,509,279,0,788,19,0.0,0.6053741923159026
206,1557608400,441,247,0,688,19,0.0,0.3146148378578772
206,1557622800,228,168,0,396,19,0.0,-0.5344024771595571
206,1557637200,60,59,0,119,19,0.0,-1.3398058890082876
206,1557651600,106,63,0,169,19,0.0,-1.1944262117792748
206,1557666000,316,172,0,488,19,0.0,-0.2669038710581737
206,1557680400,414,239,0,653,19,0.0,0.2128490637975683
206,1557694800,282,152,0,434,19,0.0,-0.4239139224655074
206,1557709200,162,124,0,286,19,0.0,-0.8542377670633851
206,1557723600,43,29,0,72,19,0.0,-1.4764627856035595
206,1557738000,495,335,0,830,19,0.0,0.7274931211882733
206,1557752400,450,301,0,751,19,0.0,0.4977932311664332
206,1557755601,87,55,0,142,19,0.0,-1.2729312374829418
206,1557755759,10,1,0,11,19,0.0,-1.653825991822955
206,1557766800,525,291,0,816,19,0.0,0.6867868115641498
206,1557781200,646,297,0,943,19,0.0,1.056051191725842
206,1557795600,212,126,0,338,20,-0.19302285912054576,-0.6528023944934251
206,1557810000,36,43,7,79,20,6.292545207329792,-1.3913935273967981
206,1557824400,516,356,0,872,20,-0.19302285912054576,0.8700071227668111
206,1557838800,510,254,0,764,20,-0.19302285912054576,0.5620231754557521
206,1557853200,599,264,0,863,20,-0.19302285912054576,0.8443417938242229
206,1557867600,757,311,0,1068,20,-0.19302285912054576,1.4289409530720665
206,1557882000,197,151,0,348,20,-0.19302285912054576,-0.6242853623349938
206,1557896400,38,36,0,74,20,-0.19302285912054576,-1.4056520434760138
206,1557910800,511,350,0,861,20,-0.19302285912054576,0.8386383873925366
206,1557925200,494,261,0,755,20,-0.19302285912054576,0.5363578465131639
206,1557934184,355,119,0,474,20,-0.19302285912054576,-0.26497075713875823
206,1557934252,347,154,0,501,20,-0.19302285912054576,-0.18797477031099347
206,1557934318,3,6,3,9,20,2.5865063122153127,-1.591012752505818
206,1557936430,91,51,0,142,20,-0.19302285912054576,-1.2117362247986805
206,1557936515,6,4,0,10,20,-0.19302285912054576,-1.5881610492899747
206,1557936598,6,0,0,6,20,-0.19302285912054576,-1.5995678621533473
206,1557939600,301,116,0,417,20,-0.19302285912054576,-0.4275178404418172
206,1557954000,674,377,0,1051,20,-0.19302285912054576,1.380461998402733
206,1557968400,248,214,0,462,20,-0.19302285912054576,-0.2991911957288759
206,1557982800,45,40,0,85,20,-0.19302285912054576,-1.3742833081017394
206,1557997200,505,368,0,873,20,-0.19302285912054576,0.8728588259826543
206,1558011600,508,259,0,767,20,-0.19302285912054576,0.5705782851032816
206,1558026000,627,305,0,932,20,-0.19302285912054576,1.0411093157173994
206,1558040400,887,360,0,1247,20,-0.19302285912054576,1.9393958287079882
206,1558054800,229,198,0,427,20,-0.19302285912054576,-0.39900080828338574
206,1558069200,44,42,0,86,20,-0.19302285912054576,-1.371431604885896
206,1558083600,457,356,0,813,20,-0.19302285912054576,0.7017566330320659
206,1558098000,566,258,0,824,20,-0.19302285912054576,0.7331253684063405
206,1558112400,629,310,0,939,20,-0.19302285912054576,1.0610712382283014
206,1558126800,627,353,0,980,20,-0.19302285912054576,1.1779910700778702
206,1558141200,263,237,0,500,20,-0.19302285912054576,-0.19082647352683663
206,1558155600,57,53,0,110,20,-0.19302285912054576,-1.302990727705661
206,1558170000,155,135,0,290,20,-0.19302285912054576,-0.7896841488538958
206,1558184400,405,267,0,672,20,-0.19302285912054576,0.2996664795981833
206,1558198800,527,273,0,800,20,-0.19302285912054576,0.6646844912261051
206,1558213200,501,342,0,843,20,-0.19302285912054576,0.78730772950736
206,1558227600,272,207,0,479,20,-0.19302285912054576,-0.25071224105954254
206,1558242000,66,50,0,116,20,-0.19302285912054576,-1.285880508410602
206,1558256400,120,89,0,209,20,-0.19302285912054576,-1.02067210933719
206,1558270800,409,219,0,628,20,-0.19302285912054576,0.17419153810108517
206,1558285200,560,190,0,750,20,-0.19302285912054576,0.5220993304339482
206,1558299600,402,238,0,640,20,-0.19302285912054576,0.20841197669120284
206,1558314000,203,136,0,339,20,-0.19302285912054576,-0.649950691277582
206,1558328400,40,32,0,72,20,-0.19302285912054576,-1.4113554499077001
206,1558342800,511,386,0,897,20,-0.19302285912054576,0.9412997031628896
206,1558357200,509,258,0,767,20,-0.19302285912054576,0.5705782851032816
206,1558371600,605,313,0,918,20,-0.19302285912054576,1.0011854706955956
206,1558386000,714,401,0,1115,20,-0.19302285912054576,1.562971004216694
206,1558400400,243,165,0,408,21,-0.22279599602060363,-0.5010825133215314
206,1558414800,41,39,0,80,21,-0.22279599602060363,-1.5509551678488953
206,1558429200,512,314,0,826,21,-0.22279599602060363,0.836864954948097
206,1558443600,525,282,0,807,21,-0.22279599602060363,0.7760491609358411
206,1558458000,649,247,0,896,21,-0.22279599602060363,1.0609231434143027
206,1558472400,669,371,0,1040,21,-0.22279599602060363,1.521842845401926
206,1558486800,266,171,0,437,21,-0.22279599602060363,-0.40825840667124624
206,1558501200,39,33,0,72,21,-0.22279599602060363,-1.5765618179593188
206,1558515600,508,354,0,862,21,-0.22279599602060363,0.9520948804450028
206,1558530000,480,259,0,739,21,-0.22279599602060363,0.5583926349972413
206,1558544400,752,287,0,1039,21,-0.22279599602060363,1.518642014138123
206,1558558800,696,341,0,1037,21,-0.22279599602060363,1.5122403516105172
206,1558573200,252,178,0,430,21,-0.22279599602060363,-0.4306642255178668
206,1558587600,36,49,13,85,21,4.845812913448129,-1.5349510115298808
206,1558602000,488,349,0,837,21,-0.22279599602060363,0.8720740988499293
206,1558616400,545,243,0,788,21,-0.22279599602060363,0.7152333669235853
206,1558630800,562,317,0,879,21,-0.22279599602060363,1.0065090119296527
206,1558645200,593,270,0,863,21,-0.22279599602060363,0.9552957117088057
206,1558659600,259,176,0,435,21,-0.22279599602060363,-0.4146600691988521
206,1558674001,37,34,0,71,21,-0.22279599602060363,-1.5797626492231218
206,1558688400,439,346,0,785,21,-0.22279599602060363,0.7056308731321764
206,1558702800,498,270,0,768,21,-0.22279599602060363,0.6512167416475265
206,1558717200,666,352,0,1018,21,-0.22279599602060363,1.4514245575982612
206,1558731600,728,301,0,1029,21,-0.22279599602060363,1.4866337015000937
206,1558746000,265,205,0,470,21,-0.22279599602060363,-0.30263097496574926
206,1558760400,46,57,11,103,21,4.066026927376017,-1.4773360487814278
206,1558774800,136,109,0,245,21,-0.22279599602060363,-1.0228180093214105
206,1558789200,434,191,0,625,21,-0.22279599602060363,0.19349787092370627
206,1558803600,475,237,0,712,21,-0.22279599602060363,0.47197019087456193
206,1558818000,379,264,0,643,21,-0.22279599602060363,0.25111283367215914
206,1558832400,278,106,0,384,21,-0.22279599602060363,-0.577902463652802
206,1558846800,70,45,0,115,21,-0.22279599602060363,-1.4389260736157925
206,1558861200,108,94,0,202,21,-0.22279599602060363,-1.1604537536649369
206,1558875600,365,167,0,532,21,-0.22279599602060363,-0.10417943660996705
206,1558890000,483,149,0,632,21,-0.22279599602060363,0.21590368977032684
206,1558904400,310,228,0,538,21,-0.22279599602060363,-0.08497444902714942
206,1558918800,148,144,0,292,21,-0.22279599602060363,-0.8723789399226723
206,1558933200,30,28,0,58,21,-0.22279599602060363,-1.62137345565256
206,1558947600,112,79,0,191,21,-0.22279599602060363,-1.1956628975667691
206,1558962000,325,139,0,464,21,-0.22279599602060363,-0.3218359625485669
206,1558976400,420,219,0,639,21,-0.22279599602060363,0.2383095086169474
206,1558990800,457,178,0,635,21,-0.22279599602060363,0.22550618356173566
206,1559005200,174,108,0,282,22,-0.18463723646899913,-1.0121016671899103
206,1559019600,26,31,5,57,22,6.27766603994597,-1.695758618937205
206,1559034000,481,338,0,819,22,-0.18463723646899913,0.6195595909802997
206,1559048400,511,251,0,762,22,-0.18463723646899913,0.4463664965376517
206,1559062800,606,310,0,916,22,-0.18463723646899913,0.9142916990669112
206,1559077200,605,318,0,923,22,-0.18463723646899913,0.9355610264546048
206,1559091600,196,147,0,343,22,-0.18463723646899913,-0.826754671382866
206,1559106001,42,28,0,70,22,-0.18463723646899913,-1.6562584395029167
206,1559120400,512,381,0,893,22,-0.18463723646899913,0.8444067662216321
206,1559134800,496,270,0,766,22,-0.18463723646899913,0.45852039790204807
206,1559149200,685,266,0,951,22,-0.18463723646899913,1.0206383360053792
206,1559163600,731,271,0,1002,22,-0.18463723646899913,1.1756005784014327
206,1559178000,235,140,0,375,22,-0.18463723646899913,-0.7295234604676951
206,1559192400,39,27,0,66,22,-0.18463723646899913,-1.668412340867313
206,1559206800,512,363,0,875,22,-0.18463723646899913,0.7897142100818486
206,1559221200,549,242,0,791,22,-0.18463723646899913,0.5344822814295253
206,1559235600,820,246,0,1066,22,-0.18463723646899913,1.3700630002317742
206,1559250000,592,331,0,923,22,-0.18463723646899913,0.9355610264546048
206,1559264400,213,147,0,360,22,-0.18463723646899913,-0.7751005905841815
206,1559278800,47,40,0,87,22,-0.18463723646899913,-1.6046043587042322
206,1559293200,478,368,0,846,22,-0.18463723646899913,0.7015984251899751
206,1559307600,538,273,0,811,22,-0.18463723646899913,0.595251788251507
206,1559322000,784,319,0,1103,22,-0.18463723646899913,1.4824865878524405
206,1559336400,651,347,0,998,22,-0.18463723646899913,1.1634466770370364
206,1559350800,299,194,0,493,22,-0.18463723646899913,-0.3709833702180028
206,1559365200,59,49,0,108,22,-0.18463723646899913,-1.5407963765411514
206,1559379600,167,121,0,288,22,-0.18463723646899913,-0.9938708151433158
206,1559394000,394,257,0,651,22,-0.18463723646899913,0.10909573367565302
206,1559408400,502,307,0,809,22,-0.18463723646899913,0.5891748375693088
206,1559422800,486,269,0,755,22,-0.18463723646899913,0.4250971691499581
206,1559437200,294,190,0,484,22,-0.18463723646899913,-0.3983296482878946
206,1559451600,58,59,1,117,22,1.1078234188139948,-1.5134500984712596
206,1559466000,115,68,0,183,22,-0.18463723646899913,-1.3129107259587198
206,1559480400,382,186,0,568,22,-0.18463723646899913,-0.14309771963557125
206,1559494800,487,251,0,738,22,-0.18463723646899913,0.3734430883512736
206,1559509200,333,296,0,629,22,-0.18463723646899913,0.04224927617147309
206,1559523600,215,135,0,350,22,-0.18463723646899913,-0.8054853439951722
206,1559538000,46,39,0,85,22,-0.18463723646899913,-1.6106813093864305
206,1559552400,486,335,0,821,22,-0.18463723646899913,0.6256365416624978
206,1559566800,473,268,0,741,22,-0.18463723646899913,0.3825585143745709
206,1559581200,595,307,0,902,22,-0.18463723646899913,0.871753044291524
206,1559595600,731,296,0,1027,22,-0.18463723646899913,1.2515624619289099
206,1559610000,228,181,0,409,23,-0.2616895806364791,-0.626998103738638
206,1559624400,34,35,1,69,23,0.09285759312907321,-1.6857107585083848
206,1559638800,471,271,0,742,23,-0.2616895806364791,0.4099175257858494
206,1559653200,501,263,0,764,23,-0.2616895806364791,0.47842246227095064
206,1559667600,759,259,0,1018,23,-0.2616895806364791,1.269343092598938
206,1559682000,738,310,0,1048,23,-0.2616895806364791,1.3627589150786215
206,1559696400,225,164,0,389,23,-0.2616895806364791,-0.6892753187250937
206,1559710800,54,37,0,91,23,-0.2616895806364791,-1.6172058220232837
206,1559725200,498,336,0,834,23,-0.2616895806364791,0.6963927147235456
206,1559739600,533,270,0,803,23,-0.2616895806364791,0.5998630314945392
206,1559754000,624,269,0,893,23,-0.2616895806364791,0.8801104989335898
206,1559768400,597,377,0,974,23,-0.2616895806364791,1.1323332196287355
206,1559782800,238,147,0,385,23,-0.2616895806364791,-0.7017307617223848
206,1559797200,34,32,0,66,23,-0.2616895806364791,-1.6950523407563531
206,1559811600,518,279,0,797,23,-0.2616895806364791,0.5811798669986026
206,1559826000,499,267,0,766,23,-0.2616895806364791,0.4846501837695962
206,1559840400,690,305,0,995,23,-0.2616895806364791,1.197724295364514
206,1559854800,622,344,0,966,23,-0.2616895806364791,1.107422333634153
206,1559869200,223,190,0,413,23,-0.2616895806364791,-0.6145426607413469
206,1559883600,32,48,16,80,23,5.411065199612358,-1.6514582902658341
206,1559898000,460,349,0,809,23,-0.2616895806364791,0.618546195990476
206,1559912400,521,236,0,757,23,-0.2616895806364791,0.45662543702569114
206,1559926800,633,360,0,993,23,-0.2616895806364791,1.1914965738658683
206,1559941200,655,312,0,967,23,-0.2616895806364791,1.110536194383476
206,1559955600,253,183,0,436,23,-0.2616895806364791,-0.5429238635069228
206,1559970000,61,54,0,115,23,-0.2616895806364791,-1.5424731640395368
206,1559984400,141,104,0,245,23,-0.2616895806364791,-1.1376712666275748
206,1559998800,400,256,0,656,23,-0.2616895806364791,0.14212550134408986
206,1560013200,503,304,0,807,23,-0.2616895806364791,0.6123184744918304
206,1560027600,442,277,0,719,23,-0.2616895806364791,0.3382987285514253
206,1560042000,235,208,0,443,23,-0.2616895806364791,-0.5211268382616633
206,1560056400,55,61,6,116,23,1.8655934619568348,-1.539359303290214
206,1560070800,124,92,0,216,23,-0.2616895806364791,-1.2279732283579354
206,1560085200,365,220,0,585,23,-0.2616895806364791,-0.07895861185782786
206,1560099600,526,225,0,751,23,-0.2616895806364791,0.43794227252975443
206,1560114000,346,153,0,499,23,-0.2616895806364791,-0.34675063629958736
206,1560128400,190,156,0,346,23,-0.2616895806364791,-0.8231713309459735
206,1560142800,30,38,8,68,23,2.5746878094879397,-1.6888246192577077
206,1560157200,498,340,0,838,23,-0.2616895806364791,0.7088481577208368
206,1560171600,624,230,0,854,23,-0.2616895806364791,0.7586699297100012
206,1560186000,653,238,0,891,23,-0.2616895806364791,0.8738827774349444
206,1560200400,701,321,0,1022,23,-0.2616895806364791,1.2817985355962291
206,1560214800,211,189,0,400,24,-0.34949940934649726,-0.7258476471648155
206,1560229200,52,34,0,86,24,-0.34949940934649726,-1.6387763471268482
206,1560243600,484,277,0,761,24,-0.34949940934649726,0.32372961616733015
206,1560258000,502,293,0,795,24,-0.34949940934649726,0.4225817683925184
206,1560272400,669,271,0,940,24,-0.34949940934649726,0.8441571234705271
206,1560286800,689,391,0,1080,24,-0.34949940934649726,1.2511953973389491
206,1560301200,254,238,0,492,24,-0.34949940934649726,-0.45836535290842384
206,1560315600,35,45,10,80,24,2.6794954716564794,-1.656220844578352
206,1560330000,552,354,0,906,24,-0.34949940934649726,0.7453049712453388
206,1560333200,69,82,13,151,24,3.588193935957372,-1.4497942914022235
206,1560341019,166,111,0,277,24,-0.34949940934649726,-1.0834598449206436
206,1560344400,524,264,0,788,24,-0.34949940934649726,0.4022298546990973
206,1560358800,609,255,0,864,24,-0.34949940934649726,0.6231934890848122
206,1560373200,770,322,0,1092,24,-0.34949940934649726,1.2860843922419567
206,1560387600,261,175,0,436,24,-0.34949940934649726,-0.6211806624557927
206,1560402000,32,39,7,71,24,1.7707970073555863,-1.6823875907556076
206,1560416400,512,353,0,865,24,-0.34949940934649726,0.6261009053267295
206,1560430800,498,262,0,760,24,-0.34949940934649726,0.32082219992541283
206,1560445200,532,282,0,814,24,-0.34949940934649726,0.4778226769889471
206,1560459600,677,316,0,993,24,-0.34949940934649726,0.998250184292144
206,1560474000,238,180,0,418,24,-0.34949940934649726,-0.6735141548103041
206,1560488400,47,33,0,80,24,-0.34949940934649726,-1.656220844578352
206,1560502800,500,340,0,840,24,-0.34949940934649726,0.553415499278797
206,1560517200,530,301,0,831,24,-0.34949940934649726,0.5272487531015412
206,1560531600,686,335,0,1021,24,-0.34949940934649726,1.0796578390658285
206,1560546000,751,299,0,1050,24,-0.34949940934649726,1.1639729100814302
206,1561165200,9929,7685,0,17614,25,-0.37652642921677376,6.283788335424924
206,1561179600,66,59,0,125,25,-0.37652642921677376,-0.19926103383322527
206,1561194000,155,108,0,263,25,-0.37652642921677376,-0.14810540383965076
206,1561208400,469,209,0,678,25,-0.37652642921677376,0.005732179112040705
206,1561222800,480,294,0,774,25,-0.37652642921677376,0.041318704324962104
206,1561225581,86,38,0,124,25,-0.37652642921677376,-0.19963172680419322
206,1561225645,1,0,0,1,25,-0.37652642921677376,-0.24522696223324875
206,1561225714,77,71,0,148,25,-0.37652642921677376,-0.19073509550096285
206,1561225779,4,8,4,12,25,1.8288426561957583,-0.2411493395526015
206,1561225915,7,8,1,15,25,0.17481584213635923,-0.2400372606396977
206,1561225980,3,0,0,3,25,-0.37652642921677376,-0.2444855762913129
206,1561226115,5,0,0,5,25,-0.37652642921677376,-0.24374419034937703
206,1561226182,19,8,0,27,25,-0.37652642921677376,-0.23558894498808255
206,1561226247,3,0,0,3,25,-0.37652642921677376,-0.2444855762913129
206,1561226316,4,11,7,15,25,3.4828694702551575,-0.2400372606396977
206,1561226383,3,5,2,8,25,0.7261581134894921,-0.24263211143647323
206,1561226448,7,5,0,12,25,-0.37652642921677376,-0.2411493395526015
206,1561226516,5,7,2,12,25,0.7261581134894921,-0.2411493395526015
206,1561226584,3,0,0,3,25,-0.37652642921677376,-0.2444855762913129
206,1561226717,6,0,0,6,25,-0.37652642921677376,-0.2433734973784091
206,1561226782,12,1,0,13,25,-0.37652642921677376,-0.2407786465816336
206,1561226944,11,10,0,21,25,-0.37652642921677376,-0.23781310281389012
206,1561227105,13,2,0,15,25,-0.37652642921677376,-0.2400372606396977
206,1561227183,24,13,0,37,25,-0.37652642921677376,-0.23188201527840324
206,1561237200,316,211,0,527,25,-0.37652642921677376,-0.05024245950411691
206,1561251600,245,210,0,455,25,-0.37652642921677376,-0.07693235341380797
206,1561266000,68,66,0,134,25,-0.37652642921677376,-0.1959247970945139
206,1561280400,129,90,0,219,25,-0.37652642921677376,-0.16441589456223973
206,1561281690,37,6,0,43,25,-0.37652642921677376,-0.22965785745259565
206,1561281757,3,11,8,14,25,4.03421174160829,-0.24040795361066564
206,1561281934,4,2,0,6,25,-0.37652642921677376,-0.2433734973784091
206,1561283479,33,24,0,57,25,-0.37652642921677376,-0.22446815585904462
206,1561294800,323,170,0,493,25,-0.37652642921677376,-0.06284602051702658
206,1561309200,504,232,0,736,25,-0.37652642921677376,0.02723237142818072
206,1561323600,385,284,0,669,25,-0.37652642921677376,0.002395942373329324
206,1561338000,185,172,0,357,25,-0.37652642921677376,-0.11326026456866523
206,1561352400,36,40,4,76,25,1.8288426561957583,-0.2174249894106539
206,1561366800,443,271,0,714,25,-0.37652642921677376,0.01907712606688623
206,1561381200,580,257,0,837,25,-0.37652642921677376,0.06467236149594177
206,1561395600,614,279,0,893,25,-0.37652642921677376,0.08543116787014593
206,1561410000,629,371,0,1000,25,-0.37652642921677376,0.12509531576371458
206,1561424400,271,170,0,441,26,-0.3364517740236379,-0.5555609709214173
206,1561438800,35,58,23,93,26,3.5793604393117144,-1.68949186758214
206,1561453200,439,223,0,662,26,-0.3364517740236379,0.16455031690047844
206,1561467600,486,273,0,759,26,-0.3364517740236379,0.48061726223407064
206,1561482000,724,259,0,983,26,-0.3364517740236379,1.2105038164064899
206,1561496400,933,307,0,1240,26,-0.3364517740236379,2.047918300434667
206,1561510800,389,180,0,569,26,-0.3364517740236379,-0.13848293996574917
206,1561525200,58,38,0,96,26,-0.3364517740236379,-1.6797166012316165
206,1561539600,483,241,0,724,26,-0.3364517740236379,0.36657248814463017
206,1561554000,565,324,0,889,26,-0.3364517740236379,0.9042121374234211
206,1561568400,688,290,0,978,26,-0.3364517740236379,1.194211705822284
206,1561582800,691,297,0,988,26,-0.3364517740236379,1.2267959269906956
206,1561597200,239,224,0,463,26,-0.3364517740236379,-0.4838756843509118
206,1561611600,35,46,11,81,26,1.536327980180226,-1.7285929329842338
206,1561626000,423,206,0,629,26,-0.3364517740236379,0.05702238704472025
206,1561640400,581,273,0,854,26,-0.3364517740236379,0.7901673633339806
206,1561654800,557,295,0,852,26,-0.3364517740236379,0.7836505191002983
206,1561669200,647,287,0,934,26,-0.3364517740236379,1.0508411326812732
206,1561683600,274,207,0,481,26,-0.3364517740236379,-0.42522408624777097
206,1561698000,33,46,13,79,26,1.8768333900354741,-1.735109777217916
206,1561712400,412,218,0,630,26,-0.3364517740236379,0.06028080916156141
206,1561726800,508,284,0,792,26,-0.3364517740236379,0.5881451920898288
206,1561741200,586,271,0,857,26,-0.3364517740236379,0.799942629684504
206,1561755600,685,320,0,1005,26,-0.3364517740236379,1.2821891029769954
206,1561770000,297,242,0,539,26,-0.3364517740236379,-0.23623560347098388
206,1561784400,67,64,0,131,26,-0.3364517740236379,-1.565671827142176
206,1561798800,173,142,0,315,26,-0.3364517740236379,-0.966122157643403
206,1561813200,404,219,0,623,26,-0.3364517740236379,0.037471854343673304
206,1561827600,595,264,0,859,26,-0.3364517740236379,0.8064594739181864
206,1561842000,456,244,0,700,26,-0.3364517740236379,0.2883703573404424
206,1561856400,254,195,0,449,26,-0.3364517740236379,-0.529493593986688
206,1561870800,48,56,8,104,26,1.0255698653973542,-1.6536492242968872
206,1561885200,120,85,0,205,26,-0.3364517740236379,-1.3245485904959304
206,1561899600,534,168,0,702,26,-0.3364517740236379,0.29488720157412474
206,1561914000,519,191,0,710,26,-0.3364517740236379,0.32095457850885395
206,1561928400,359,220,0,579,26,-0.3364517740236379,-0.1058987187973376
206,1561942800,198,199,1,397,26,-0.16619906909601392,-0.6989315440624282
206,1561957200,35,62,27,97,26,4.260371259022211,-1.6764581791147752
206,1561971600,399,200,0,599,26,-0.3364517740236379,-0.04073027646051446
206,1561986000,514,290,0,804,26,-0.3364517740236379,0.6272462574919228
206,1562000400,524,263,0,787,26,-0.3364517740236379,0.5718530815056231
206,1562014800,692,312,0,1004,26,-0.3364517740236379,1.2789306808601542
206,1562029200,90,70,0,160,27,-0.2969896742197685,-1.1553172010820292
206,1562043600,2,3,1,5,27,0.014849483710988445,-1.699379337876301
206,1562058000,438,227,0,665,27,-0.2969896742197685,0.6172723413767265
206,1562072400,546,289,0,835,27,-0.2969896742197685,1.213985652699476
206,1562086800,531,272,0,803,27,-0.2969896742197685,1.101663147038723
206,1562101200,634,285,0,919,27,-0.2969896742197685,1.508832230058952
206,1562115600,103,74,0,177,27,-0.2969896742197685,-1.0956458699497544
206,1562130000,2,4,2,6,27,0.32668864164174544,-1.6958692595744023
206,1562144400,381,221,0,602,27,-0.2969896742197685,0.3961374083571193
206,1562158800,495,290,0,785,27,-0.2969896742197685,1.0384817376045496
206,1562173200,607,291,0,898,27,-0.2969896742197685,1.435120585719083
206,1562187600,554,293,0,847,27,-0.2969896742197685,1.2561065923222583
206,1562202000,291,139,0,430,27,-0.2969896742197685,-0.2075960595694272
206,1562216400,25,41,16,66,27,4.692436852672343,-1.4852645614604907
206,1562230800,124,108,0,232,27,-0.2969896742197685,-0.9025915633453354
206,1562245200,307,155,0,462,27,-0.2969896742197685,-0.09527355390867437
206,1562259600,364,186,0,550,27,-0.2969896742197685,0.21361333665839594
206,1562274000,334,165,0,499,27,-0.2969896742197685,0.0345993432615711
206,1562288400,179,175,0,354,27,-0.2969896742197685,-0.4743620105137152
206,1562302800,42,48,6,90,27,1.5740452733647734,-1.401022682214926
206,1562317200,203,156,0,359,27,-0.2969896742197685,-0.45681161900422257
206,1562331600,435,234,0,669,27,-0.2969896742197685,0.6313126545843205
206,1562346000,522,259,0,781,27,-0.2969896742197685,1.0244414243969555
206,1562360400,535,259,0,794,27,-0.2969896742197685,1.0700724423216363
206,1562374800,210,171,0,381,27,-0.2969896742197685,-0.379589896362455
206,1562389200,43,56,13,99,27,3.756919378880072,-1.3694319774978394
206,1562403600,134,85,0,219,27,-0.2969896742197685,-0.9482225812700162
206,1562418000,332,145,0,477,27,-0.2969896742197685,-0.04262237938019647
206,1562432400,505,184,0,689,27,-0.2969896742197685,0.7015142206222911
206,1562446800,504,183,0,687,27,-0.2969896742197685,0.694494064018494
206,1562461200,194,142,0,336,27,-0.2969896742197685,-0.5375434199478887
206,1562475600,57,52,0,109,27,-0.2969896742197685,-1.334331194478854
206,1562490000,94,90,0,184,27,-0.2969896742197685,-1.0710753218364646
206,1562504400,350,155,0,505,27,-0.2969896742197685,0.05565981307296226
206,1562518800,521,237,0,758,27,-0.2969896742197685,0.9437096234532893
206,1562533200,351,239,0,590,27,-0.2969896742197685,0.354016468734337
206,1562547600,201,129,0,330,27,-0.2969896742197685,-0.5586038897592798
206,1562562000,30,32,2,62,27,0.32668864164174544,-1.4993048746680848
206,1562576400,445,216,0,661,27,-0.2969896742197685,0.6032320281691324
206,1562590800,455,291,0,746,27,-0.2969896742197685,0.901588683830507
206,1562605200,544,257,0,801,27,-0.2969896742197685,1.094642990434926
206,1562619600,582,340,0,922,27,-0.2969896742197685,1.5193624649646478
206,1562634000,226,152,0,378,28,-0.3096451998864734,-0.6306319771532434
206,1562648400,30,39,9,69,28,3.5222141487086347,-1.6726923030374798
206,1562662800,459,282,0,741,28,-0.3096451998864734,0.5935359784971702
206,1562677200,519,276,0,795,28,-0.3096451998864734,0.7756436082633474
206,1562691600,582,277,0,859,28,-0.3096451998864734,0.9914748731714094
206,1562706000,589,343,0,932,28,-0.3096451998864734,1.2376574097071675
206,1562720400,234,184,0,418,28,-0.3096451998864734,-0.4957374365857047
206,1562734800,37,30,0,67,28,-0.3096451998864734,-1.6794370300658568
206,1562745064,220,114,0,334,28,-0.3096451998864734,-0.7790159717775359
206,1562749200,263,200,0,463,28,-0.3096451998864734,-0.34398107844722364
206,1562763600,493,301,0,794,28,-0.3096451998864734,0.772271244749159
206,1562778000,541,282,0,823,28,-0.3096451998864734,0.8700697866606245
206,1562792400,674,364,0,1038,28,-0.3096451998864734,1.595127942211145
206,1562806800,260,172,0,432,28,-0.3096451998864734,-0.44852434738706615
206,1562821200,39,51,12,90,28,4.799500598240337,-1.601872669239522
206,1562835600,464,259,0,723,28,-0.3096451998864734,0.5328334352417778
206,1562850000,540,304,0,844,28,-0.3096451998864734,0.9408894204585824
206,1562864400,591,281,0,872,28,-0.3096451998864734,1.0353155988558596
206,1562878800,560,310,0,870,28,-0.3096451998864734,1.0285708718274824
206,1562893200,182,153,0,335,28,-0.3096451998864734,-0.7756436082633474
206,1562907600,31,27,0,58,28,-0.3096451998864734,-1.709788301693553
206,1562922000,401,225,0,626,28,-0.3096451998864734,0.2057141743654965
206,1562925471,160,84,0,244,28,-0.3096451998864734,-1.082528688054498
206,1562936400,355,294,0,649,28,-0.3096451998864734,0.28327853519183127
206,1562950800,582,300,0,882,28,-0.3096451998864734,1.0690392339977441
206,1562965200,607,367,0,974,28,-0.3096451998864734,1.379296677303083
206,1562979600,285,188,0,473,28,-0.3096451998864734,-0.310257443305339
206,1562994000,45,49,4,94,28,1.39340339948913,-1.5883832151827681
206,1563008400,167,112,0,279,28,-0.3096451998864734,-0.9644959650579017
206,1563022800,493,222,0,715,28,-0.3096451998864734,0.5058545271282701
206,1563037200,526,272,0,798,28,-0.3096451998864734,0.7857606988059129
206,1563051600,448,256,0,704,28,-0.3096451998864734,0.46875852847219696
206,1563066000,258,262,4,520,28,1.39340339948913,-0.15175635813848104
206,1563080400,74,50,0,124,28,-0.3096451998864734,-1.4872123097571142
206,1563094800,93,83,0,176,28,-0.3096451998864734,-1.3118494070193139
206,1563109200,416,204,0,620,28,-0.3096451998864734,0.1854799932803657
206,1563123600,484,230,0,714,28,-0.3096451998864734,0.5024821636140816
206,1563138000,352,278,0,630,28,-0.3096451998864734,0.21920362842225039
206,1563152400,182,166,0,348,28,-0.3096451998864734,-0.7318028825788974
206,1563166800,26,29,3,55,28,0.9676412496452291,-1.7199053922361183
206,1563181200,478,266,0,744,28,-0.3096451998864734,0.6036530690397356
206,1563195600,515,263,0,778,28,-0.3096451998864734,0.7183134285221435
206,1563210000,570,289,0,859,28,-0.3096451998864734,0.9914748731714094
206,1563224400,579,340,0,919,28,-0.3096451998864734,1.1938166840227173
206,1563238800,222,165,0,387,29,-0.2991075484990042,-0.5783635473739426
206,1563253200,38,45,7,83,29,1.9557032017242582,-1.6656052689390928
206,1563267600,449,252,0,701,29,-0.2991075484990042,0.5446427045058508
206,1563282000,556,307,0,863,29,-0.2991075484990042,1.124028095603069
206,1563296400,598,249,0,847,29,-0.2991075484990042,1.06680484709964
206,1563310800,637,327,0,964,29,-0.2991075484990042,1.4852498517809645
206,1563325200,254,223,0,477,29,-0.2991075484990042,-0.2564827745421546
206,1563339600,38,44,6,82,29,1.6335873802637921,-1.6691817219705571
206,1563354000,464,251,0,715,29,-0.2991075484990042,0.5947130469463512
206,1563368400,519,277,0,796,29,-0.2991075484990042,0.8844057424949603
206,1563382800,594,274,0,868,29,-0.2991075484990042,1.1419103607603907
206,1563397200,574,301,0,875,29,-0.2991075484990042,1.1669455319806408
206,1563411600,195,162,0,357,29,-0.2991075484990042,-0.6856571383178719
206,1563426000,33,31,0,64,29,-0.2991075484990042,-1.7335578765369148
206,1563440400,426,211,0,637,29,-0.2991075484990042,0.315749710492135
206,1563454800,458,263,0,721,29,-0.2991075484990042,0.616171765135137
206,1563469200,526,278,0,804,29,-0.2991075484990042,0.9130173667466748
206,1563483600,668,290,0,958,29,-0.2991075484990042,1.4637911335921785
206,1563498000,215,184,0,399,29,-0.2991075484990042,-0.5354461109963708
206,1563512400,37,47,10,84,29,2.9220506661056564,-1.6620288159076286
206,1563526800,417,245,0,662,29,-0.2991075484990042,0.4051610362787427
206,1563541200,500,272,0,772,29,-0.2991075484990042,0.7985708697398168
206,1563555600,658,296,0,954,29,-0.2991075484990042,1.4494853214663213
206,1563570000,414,202,0,616,29,-0.2991075484990042,0.24064419683138447
206,1563584400,249,167,0,416,29,-0.2991075484990042,-0.47464640946147757
206,1563598800,61,51,0,112,29,-0.2991075484990042,-1.561888131026628
206,1563613200,137,93,0,230,29,-0.2991075484990042,-1.1398666733138392
206,1563627600,365,211,0,576,29,-0.2991075484990042,0.09758607557281207
206,1563642000,408,197,0,605,29,-0.2991075484990042,0.20130321348527705
206,1563656400,348,255,0,603,29,-0.2991075484990042,0.19415030742234846
206,1563670800,209,173,0,382,29,-0.2991075484990042,-0.5962458125312641
206,1563685200,39,55,16,94,29,4.854745594868453,-1.6262642855929854
206,1563699600,115,84,0,199,29,-0.2991075484990042,-1.250736717289233
206,1563714000,346,204,0,550,29,-0.2991075484990042,0.004598296754740001
206,1563728400,497,182,0,679,29,-0.2991075484990042,0.465960737813636
206,1563742800,352,196,0,548,29,-0.2991075484990042,-0.002554609308188619
206,1563757200,203,140,0,343,29,-0.2991075484990042,-0.7357274807583722
206,1563771600,29,28,0,57,29,-0.2991075484990042,-1.758593047757165
206,1563786000,503,261,0,764,29,-0.2991075484990042,0.7699592454881024
206,1563800400,470,237,0,707,29,-0.2991075484990042,0.5661014226946367
206,1563814800,505,236,0,741,29,-0.2991075484990042,0.6877008257644233
206,1563829200,501,253,0,754,29,-0.2991075484990042,0.7341947151734592
206,1563843600,56,70,14,126,30,3.24499636168477,-1.2734733722202354
206,1563858000,2,2,0,4,30,-0.3003535652376103,-1.6317231207545209
206,1563872400,446,276,0,722,30,-0.3003535652376103,0.4766647435702084
206,1563886800,513,264,0,777,30,-0.3003535652376103,0.638170777745501
206,1563901200,688,240,0,928,30,-0.3003535652376103,1.0815782533903953
206,1563915600,540,318,0,858,30,-0.3003535652376103,0.8760251189854774
206,1563930000,66,86,20,152,30,4.764432044651504,-1.1971250651555516
206,1563944400,4,4,0,8,30,-0.3003535652376103,-1.619977227359954
206,1563958800,481,302,0,783,30,-0.3003535652376103,0.6557896178373511
206,1563973200,548,253,0,801,30,-0.3003535652376103,0.7086461381129014
206,1563987600,699,272,0,971,30,-0.3003535652376103,1.2078466073819878
206,1564002000,627,320,0,947,30,-0.3003535652376103,1.1373712470145874
206,1564016400,89,64,0,153,30,-0.3003535652376103,-1.19418859180691
206,1564030800,1,2,1,3,30,-0.047114284743154586,-1.6346595941031625
206,1564044584,406,215,0,621,30,-0.3003535652376103,0.18008093535739828
206,1564045200,186,189,3,375,30,0.4593642762457569,-0.542291508408456
206,1564059600,597,255,0,852,30,-0.3003535652376103,0.8584062788936273
206,1564074000,588,221,0,809,30,-0.3003535652376103,0.7321379249020349
206,1564088400,930,295,0,1225,30,-0.3003535652376103,1.9537108379369754
206,1564102800,152,74,0,226,30,-0.3003535652376103,-0.979826037356067
206,1564117200,2,4,2,6,30,0.20612499575130117,-1.6258501740572375
206,1564131600,463,233,0,696,30,-0.3003535652376103,0.40031643650552456
206,1564146000,548,268,0,816,30,-0.3003535652376103,0.7526932383425267
206,1564160400,585,271,0,856,30,-0.3003535652376103,0.8701521722881941
206,1564174800,603,303,0,906,30,-0.3003535652376103,1.0169758397202782
206,1564189200,248,168,0,416,30,-0.3003535652376103,-0.42189610111414694
206,1564203600,64,56,0,120,30,-0.3003535652376103,-1.2910922123120854
206,1564218000,139,115,0,254,30,-0.3003535652376103,-0.8976047835940998
206,1564232400,423,213,0,636,30,-0.3003535652376103,0.22412803558702354
206,1564246800,441,245,0,686,30,-0.3003535652376103,0.37095170301910774
206,1564261200,626,279,0,905,30,-0.3003535652376103,1.0140393663716365
206,1564275600,381,152,0,533,30,-0.3003535652376103,-0.07832871932306992
206,1564290000,84,43,0,127,30,-0.3003535652376103,-1.2705368988715937
206,1564304400,122,69,0,191,30,-0.3003535652376103,-1.082602604558526
206,1564318800,418,193,0,611,30,-0.3003535652376103,0.15071620187098145
206,1564333200,522,195,0,717,30,-0.3003535652376103,0.46198237682699994
206,1564347600,401,200,0,601,30,-0.3003535652376103,0.12135146838456459
206,1564362000,172,150,0,322,30,-0.3003535652376103,-0.6979245958864653
206,1564376400,24,35,11,59,30,2.485278520201403,-1.4702170865792281
206,1564390800,417,239,0,656,30,-0.3003535652376103,0.2828575025598572
206,1564405200,461,237,0,698,30,-0.3003535652376103,0.40618938320280795
206,1564419600,592,245,0,837,30,-0.3003535652376103,0.8143591786640021
206,1564434000,721,355,0,1076,30,-0.3003535652376103,1.5161763089893645
206,1564448400,69,75,6,144,31,3.9548849518764,-1.1538225363481658
206,1564462800,1,1,0,2,31,-0.2951406680504777,-1.5461820657708905
206,1564477200,493,213,0,706,31,-0.2951406680504777,0.39903700967698474
206,1564491600,505,282,0,787,31,-0.2951406680504777,0.6228477271645954
206,1564506000,538,258,0,796,31,-0.2951406680504777,0.6477155846632188
206,1564520400,640,320,0,960,31,-0.2951406680504777,1.1008632101936897
206,1564534800,75,63,0,138,31,-0.2951406680504777,-1.1704011080139147
206,1564549200,0,4,4,4,31,2.538209745234108,-1.540655875215641
206,1564563600,471,229,0,700,31,-0.2951406680504777,0.3824584380112358
206,1564578000,474,268,0,742,31,-0.2951406680504777,0.49850843967147834
206,1564592400,564,232,0,796,31,-0.2951406680504777,0.6477155846632188
206,1564606800,532,302,0,834,31,-0.2951406680504777,0.752713205212962
206,1564621200,63,54,0,117,31,-0.2951406680504777,-1.228426108844036
206,1564635600,5,5,0,10,31,-0.2951406680504777,-1.524077303549892
206,1564650000,450,236,0,686,31,-0.2951406680504777,0.34377510412448825
206,1564664400,536,293,0,829,31,-0.2951406680504777,0.738897728824838
206,1564678800,554,271,0,825,31,-0.2951406680504777,0.7278453477143386
206,1564693200,646,402,0,1048,31,-0.2951406680504777,1.3440155946246741
206,1564707600,77,56,0,133,31,-0.2951406680504777,-1.1842165844020387
206,1564722000,4,3,0,7,31,-0.2951406680504777,-1.5323665893827665
206,1564736400,414,246,0,660,31,-0.2951406680504777,0.27193462690624287
206,1564750800,424,243,0,667,31,-0.2951406680504777,0.2912762938496166
206,1564765200,627,296,0,923,31,-0.2951406680504777,0.9986286849215713
206,1564779600,609,355,0,964,31,-0.2951406680504777,1.111915591304189
206,1565398800,8429,5842,0,14271,32,-0.8362420100070908,4.104275628595891
206,1565413200,0,2,2,2,32,0.6689936080056725,-0.2955706116157466
206,1565427600,0,4,4,4,32,2.174229226018436,-0.2949539116031022
206,1565442000,0,3,3,3,32,1.4216114170120542,-0.29526226160942437
206,1565456400,0,1,1,1,32,-0.08362420100070911,-0.29587896162206884
206,1565470800,0,0,0,0,32,-0.8362420100070908,-0.296187311628391
206,1565485200,0,0,0,0,32,-0.8362420100070908,-0.296187311628391
206,1565499600,0,1,1,1,32,-0.08362420100070911,-0.29587896162206884
206,1565514000,1,3,2,4,32,0.6689936080056725,-0.2949539116031022
206,1565528400,0,0,0,0,32,-0.8362420100070908,-0.296187311628391
206,1565542800,0,3,3,3,32,1.4216114170120542,-0.29526226160942437
206,1565557200,0,1,1,1,32,-0.08362420100070911,-0.29587896162206884
206,1565571600,0,0,0,0,32,-0.8362420100070908,-0.296187311628391
206,1565586000,1,4,3,5,32,1.4216114170120542,-0.29464556159677996
206,1565600400,449,215,0,664,32,-0.8362420100070908,-0.09144290743044252
206,1565614800,476,250,0,726,32,-0.8362420100070908,-0.0723252070384654
206,1565629200,489,262,0,751,32,-0.8362420100070908,-0.06461645688041011
206,1565643600,558,296,0,854,32,-0.8362420100070908,-0.03285640622922232
206,1565658000,64,45,0,109,33,-0.3732544513450796,-0.6868749026976242
206,1565672400,1,1,0,2,33,-0.3732544513450796,-0.9937459448214062
206,1565686800,398,213,0,611,33,-0.3732544513450796,0.7528378369859138
206,1565701200,445,223,0,668,33,-0.3732544513450796,0.9163111958742836
206,1565715600,476,254,0,730,33,-0.3732544513450796,1.0941243230861948
206,1565730000,516,381,0,897,33,-0.3732544513450796,1.5730725850924712
206,1565744400,47,56,9,103,33,3.209988281567685,-0.7040826246858737
206,1565758800,1,3,2,4,33,0.4230217115244236,-0.9880100374919897
206,1565772712,391,189,0,580,33,-0.3732544513450796,0.6639312733799583
206,1565773200,170,184,14,354,33,5.2006786887414425,0.015773745155895337
206,1565787600,497,238,0,735,33,-0.3732544513450796,1.108464091409736
206,1565802000,516,281,0,797,33,-0.3732544513450796,1.286277218621647
206,1565816400,557,310,0,867,33,-0.3732544513450796,1.487033975151224
206,1565830800,65,42,0,107,33,-0.3732544513450796,-0.6926108100270406
206,1565845200,1,7,6,8,33,2.01557403726343,-0.9765382228331567
206,1565859600,413,219,0,632,33,-0.3732544513450796,0.8130648639447868
206,1565874000,488,228,0,716,33,-0.3732544513450796,1.0539729717802793
206,1565888400,548,252,0,800,33,-0.3732544513450796,1.2948810796157717
206,1565896415,350,132,0,482,33,-0.3732544513450796,0.38287181423855043
206,1565896817,15,7,0,22,33,-0.3732544513450796,-0.9363868715272413
206,1565901401,135,48,0,183,33,-0.3732544513450796,-0.4746463315092142
206,1565902800,607,364,0,971,33,-0.3732544513450796,1.7853011562808812
206,1565917200,81,48,0,129,33,-0.3732544513450796,-0.6295158294034593
206,1565931600,0,1,1,1,33,0.024883630089671975,-0.9966138984861144
206,1565941879,157,94,0,251,33,-0.3732544513450796,-0.2796254823090537
206,1565946000,203,138,0,341,33,-0.3732544513450796,-0.021509652485311823
206,1565946091,1,0,0,1,33,-0.3732544513450796,-0.9966138984861144
206,1565960400,435,252,0,687,33,-0.3732544513450796,0.9708023155037402
206,1565974800,574,300,0,874,33,-0.3732544513450796,1.5071096508041817
206,1565989200,533,371,0,904,33,-0.3732544513450796,1.593148260745429
206,1566003600,179,130,0,309,33,-0.3732544513450796,-0.11328416975597559
206,1566018000,1,4,3,5,33,0.8211597929591752,-0.9851420838272814
206,1566032400,0,2,2,2,33,0.4230217115244236,-0.9937459448214062
206,1566046800,0,1,1,1,33,0.024883630089671975,-0.9966138984861144
206,1566061200,1,1,0,2,33,-0.3732544513450796,-0.9937459448214062
206,1566075600,11,13,2,24,33,0.4230217115244236,-0.9306509641978248
206,1566090000,3,3,0,6,33,-0.3732544513450796,-0.9822741301625731
206,1566104400,0,2,2,2,33,0.4230217115244236,-0.9937459448214062
206,1566118800,0,2,2,2,33,0.4230217115244236,-0.9937459448214062
206,1566133200,0,0,0,0,33,-0.3732544513450796,-0.9994818521508226
206,1566147600,0,0,0,0,33,-0.3732544513450796,-0.9994818521508226
206,1566162000,0,0,0,0,33,-0.3732544513450796,-0.9994818521508226
206,1566176400,0,0,0,0,33,-0.3732544513450796,-0.9994818521508226
206,1566190800,2,3,1,5,33,0.024883630089671975,-0.9851420838272814
206,1566205200,391,237,0,628,33,-0.3732544513450796,0.8015930492859539
206,1566219600,426,257,0,683,33,-0.3732544513450796,0.9593305008449072
206,1566234000,468,235,0,703,33,-0.3732544513450796,1.016689574139072
206,1566248400,480,310,0,790,33,-0.3732544513450796,1.2662015429686893
206,1566262800,53,41,0,94,34,-0.5275043787166296,-0.7681447098349607
206,1566277200,1,1,0,2,34,-0.5275043787166296,-1.0067772197885134
206,1566291600,436,225,0,661,34,-0.5275043787166296,0.702557824335304
206,1566306000,470,235,0,705,34,-0.5275043787166296,0.8166864160522206
206,1566320400,520,220,0,740,34,-0.5275043787166296,0.9074705230997677
206,1566334800,557,295,0,852,34,-0.5275043787166296,1.1979796656519188
206,1566349200,72,56,0,128,34,-0.5275043787166296,-0.6799544344173435
206,1566363600,1,0,0,1,34,-0.5275043787166296,-1.0093710514184433
206,1566378000,420,241,0,661,34,-0.5275043787166296,0.702557824335304
206,1566392400,517,244,0,761,34,-0.5275043787166296,0.961940987328296
206,1566406800,503,260,0,763,34,-0.5275043787166296,0.9671286505881559
206,1566421200,587,293,0,880,34,-0.5275043787166296,1.2706069512899565
206,1566435600,51,45,0,96,34,-0.5275043787166296,-0.7629570465751009
206,1566450000,1,2,1,3,34,0.8571946154145232,-1.0041833881585835
206,1566464400,401,234,0,635,34,-0.5275043787166296,0.6351182019571261
206,1566478800,473,229,0,702,34,-0.5275043787166296,0.8089049211624307
206,1566493200,498,254,0,752,34,-0.5275043787166296,0.9385965026589268
206,1566507600,651,417,0,1068,34,-0.5275043787166296,1.7582472977167818
206,1566522000,78,53,0,131,34,-0.5275043787166296,-0.6721729395275536
206,1566536400,3,3,0,6,34,-0.5275043787166296,-0.9964018932687937
206,1566550800,292,226,0,518,34,-0.5275043787166296,0.33163990125532544
206,1566565200,434,238,0,672,34,-0.5275043787166296,0.7310899722645332
206,1566579600,665,314,0,979,34,-0.5275043787166296,1.5273962826530187
206,1566594000,718,385,0,1103,34,-0.5275043787166296,1.849031404764329
206,1566608400,257,134,0,391,34,-0.5275043787166296,0.0022232842542255827
206,1566622800,1,1,0,2,34,-0.5275043787166296,-1.0067772197885134
206,1566637200,0,2,2,2,34,2.241893609545676,-1.0067772197885134
206,1566651600,0,0,0,0,34,-0.5275043787166296,-1.0119648830483732
206,1566666000,4,5,1,9,34,0.8571946154145232,-0.988620398379004
206,1566680400,0,1,1,1,34,0.8571946154145232,-1.0093710514184433
206,1566694800,1,2,1,3,34,0.8571946154145232,-1.0041833881585835
206,1566709200,0,1,1,1,34,0.8571946154145232,-1.0093710514184433
206,1566723600,0,3,3,3,34,3.626592603676829,-1.0041833881585835
206,1566738000,0,2,2,2,34,2.241893609545676,-1.0067772197885134
206,1566752400,0,1,1,1,34,0.8571946154145232,-1.0093710514184433
206,1566766800,4,4,0,8,34,-0.5275043787166296,-0.9912142300089338
206,1566781200,1,3,2,4,34,2.241893609545676,-1.0015895565286534
206,1566795600,4,5,1,9,34,0.8571946154145232,-0.988620398379004
206,1566810000,390,242,0,632,34,-0.5275043787166296,0.6273367070673364
206,1566824400,447,237,0,684,34,-0.5275043787166296,0.7622159518236922
206,1566838800,529,280,0,809,34,-0.5275043787166296,1.0864449055649323
206,1566853200,580,332,0,912,34,-0.5275043787166296,1.353609563447714
206,1566867600,183,147,0,330,35,-0.36187980520250873,-0.5717479703542573
206,1566882000,21,30,9,51,35,2.2687080095388046,-1.5693272908740885
206,1566896400,410,232,0,642,35,-0.36187980520250873,0.5438246031302851
206,1566910800,505,266,0,771,35,-0.36187980520250873,1.0050709556287016
206,1566925200,559,254,0,813,35,-0.36187980520250873,1.1552441866746979
206,1566939600,547,346,0,893,35,-0.36187980520250873,1.441288436286119
206,1566954000,167,145,0,312,35,-0.36187980520250873,-0.6361079265168271
206,1566968400,27,25,0,52,35,-0.36187980520250873,-1.5657517377539458
206,1566982800,416,227,0,643,35,-0.36187980520250873,0.5474001562504278
206,1566997200,446,245,0,691,35,-0.36187980520250873,0.7190267060172806
206,1567011600,530,276,0,806,35,-0.36187980520250873,1.1302153148336984
206,1567026000,530,335,0,865,35,-0.36187980520250873,1.3411729489221216
206,1567040400,198,114,0,312,35,-0.36187980520250873,-0.6361079265168271
206,1567054800,35,38,3,73,35,0.5149827997112624,-1.4906651222309477
206,1567069200,394,223,0,617,35,-0.36187980520250873,0.454435775126716
206,1567083600,474,272,0,746,35,-0.36187980520250873,0.9156821276251326
206,1567098000,536,273,0,809,35,-0.36187980520250873,1.1409419741941267
206,1567112400,538,347,0,885,35,-0.36187980520250873,1.4126840113249768
206,1567126800,190,163,0,353,35,-0.36187980520250873,-0.48951024859097375
206,1567141200,25,40,15,65,35,4.022433219366347,-1.5192695471920898
206,1567155600,352,253,0,605,35,-0.36187980520250873,0.4115291376850028
206,1567170000,497,275,0,772,35,-0.36187980520250873,1.0086465087488445
206,1567184400,664,298,0,962,35,-0.36187980520250873,1.6880016015759696
206,1567198800,544,278,0,822,35,-0.36187980520250873,1.1874241647559827
206,1567213200,219,145,0,364,35,-0.36187980520250873,-0.45017916426940335
206,1567227600,45,54,9,99,35,2.2687080095388046,-1.3977007411072357
206,1567242000,133,60,0,193,35,-0.36187980520250873,-1.061598747813816
206,1567256400,311,179,0,490,35,-0.36187980520250873,0.0003405288685849477
206,1567270800,439,255,0,694,35,-0.36187980520250873,0.7297533653777089
206,1567285200,333,274,0,607,35,-0.36187980520250873,0.41868024392528835
206,1567299600,184,124,0,308,35,-0.36187980520250873,-0.6504101389973981
206,1567314000,36,48,12,84,35,3.145570614452576,-1.4513340379093773
206,1567328400,90,49,0,139,35,-0.36187980520250873,-1.2546786163015253
206,1567342800,368,197,0,565,35,-0.36187980520250873,0.26850701287929224
206,1567357200,418,257,0,675,35,-0.36187980520250873,0.6618178560949963
206,1567371600,305,192,0,497,35,-0.36187980520250873,0.025369400709584298
206,1567386000,203,115,0,318,35,-0.36187980520250873,-0.6146546077959705
206,1567400400,29,33,4,62,35,0.8072703346825194,-1.5299962065525181
206,1567414800,97,71,0,168,35,-0.36187980520250873,-1.150987575817385
206,1567429200,254,145,0,399,35,-0.36187980520250873,-0.3250348050644066
206,1567443600,346,189,0,535,35,-0.36187980520250873,0.16124041927500934
206,1567458000,286,203,0,489,35,-0.36187980520250873,-0.0032350242515578167
206,1567472400,141,110,0,251,36,-0.3148454802712976,-0.869973297145501
206,1567486800,25,29,4,54,36,1.8009161471518222,-1.4493952612911885
206,1567501200,449,256,0,705,36,-0.3148454802712976,0.4653443258095349
206,1567515600,411,268,0,679,36,-0.3148454802712976,0.3888723914552817
206,1567530000,501,269,0,770,36,-0.3148454802712976,0.6565241616951678
206,1567544400,619,318,0,937,36,-0.3148454802712976,1.1477092785090246
206,1567558800,68,33,0,101,36,-0.3148454802712976,-1.311157533804654
206,1567573200,2,4,2,6,36,0.7430353334402623,-1.5905742170221173
206,1567587600,494,273,0,767,36,-0.3148454802712976,0.6477004769619847
206,1567602000,519,277,0,796,36,-0.3148454802712976,0.732996096049421
206,1567616400,540,283,0,823,36,-0.3148454802712976,0.8124092586480685
206,1567630800,580,326,0,906,36,-0.3148454802712976,1.0565312029327996
206,1567645200,53,59,6,112,36,2.8587969608633825,-1.278804023116316
206,1567659600,3,2,0,5,36,-0.3148454802712976,-1.5935154452665117
206,1567674000,491,371,0,862,36,-0.3148454802712976,0.9271171601794481
206,1567688400,485,224,0,709,36,-0.3148454802712976,0.47710923878711226
206,1567702800,614,308,0,922,36,-0.3148454802712976,1.1035908548431093
206,1567717200,591,317,0,908,36,-0.3148454802712976,1.0624136594215883
206,1567731600,75,44,0,119,36,-0.3148454802712976,-1.2582154254055555
206,1567746000,6,2,0,8,36,-0.3148454802712976,-1.5846917605333286
206,1567760400,479,379,0,858,36,-0.3148454802712976,0.9153522472018707
206,1567774800,501,253,0,754,36,-0.3148454802712976,0.6094645097848581
206,1567789200,667,273,0,940,36,-0.3148454802712976,1.1565329632422077
206,1567803600,597,320,0,917,36,-0.3148454802712976,1.0888847136211375
206,1567818000,207,134,0,341,36,-0.3148454802712976,-0.6052627551500094
206,1567832400,52,55,3,107,36,1.2719757402960423,-1.2935101643382878
206,1567846800,130,76,0,206,36,-0.3148454802712976,-1.0023285681432468
206,1567861200,397,174,0,571,36,-0.3148454802712976,0.07121974106069166
206,1567875600,441,263,0,704,36,-0.3148454802712976,0.46240309756514053
206,1567890000,394,292,0,686,36,-0.3148454802712976,0.4094609891660422
206,1567904400,189,162,0,351,36,-0.3148454802712976,-0.5758504727060658
206,1567918800,43,53,10,96,36,4.974558588286502,-1.3258636750266257
206,1567933200,107,67,0,174,36,-0.3148454802712976,-1.0964478719638662
206,1567947600,376,230,0,606,36,-0.3148454802712976,0.174162729614494
206,1567962000,512,222,0,734,36,-0.3148454802712976,0.5506399448969711
206,1567976400,320,208,0,528,36,-0.3148454802712976,-0.05525307344826547
206,1567990800,149,132,0,281,36,-0.3148454802712976,-0.7817364498136704
206,1568005200,30,24,0,54,36,-0.3148454802712976,-1.4493952612911885
206,1568019600,516,379,0,895,36,-0.3148454802712976,1.0241776922444619
206,1568034000,500,239,0,739,36,-0.3148454802712976,0.5653460861189429
206,1568048400,621,318,0,939,36,-0.3148454802712976,1.1535917349978133
206,1568062800,659,385,0,1044,36,-0.3148454802712976,1.4624207006592203
206,1568077200,174,121,0,295,37,-0.2744106499742259,-0.9031186485495551
206,1568091600,31,26,0,57,37,-0.2744106499742259,-1.5971736966699024
206,1568106000,497,429,0,926,37,-0.2744106499742259,0.937002088273718
206,1568120400,467,244,0,711,37,-0.2744106499742259,0.31001958682046327
206,1568134800,834,280,0,1114,37,-0.2744106499742259,1.4852472523351687
206,1568149200,656,373,0,1029,37,-0.2744106499742259,1.2373704494350448
206,1568163600,202,149,0,351,37,-0.2744106499742259,-0.7398115784035911
206,1568178000,34,28,0,62,37,-0.2744106499742259,-1.5825927082640125
206,1568192400,510,362,0,872,37,-0.2744106499742259,0.7795274134901099
206,1568206800,497,242,0,739,37,-0.2744106499742259,0.39167312189344533
206,1568221200,673,306,0,979,37,-0.2744106499742259,1.0915605653761482
206,1568235600,658,349,0,1007,37,-0.2744106499742259,1.1732141004491303
206,1568250000,197,145,0,342,37,-0.2744106499742259,-0.7660573575341925
206,1568264400,26,29,3,55,37,3.18316353970102,-1.6030060920322582
206,1568278800,534,366,0,900,37,-0.2744106499742259,0.8611809485630919
206,1568293200,482,237,0,719,37,-0.2744106499742259,0.33334916826988675
206,1568307600,593,284,0,877,37,-0.2744106499742259,0.7941084018959995
206,1568322000,623,339,0,962,37,-0.2744106499742259,1.0419852047961236
206,1568336400,189,165,0,354,37,-0.2744106499742259,-0.7310629853600573
206,1568350800,21,25,4,46,37,4.335688269592769,-1.6292518711628594
206,1568365200,488,353,0,841,37,-0.2744106499742259,0.6891252853735941
206,1568379600,517,251,0,768,37,-0.2744106499742259,0.47624285464760524
206,1568394000,711,305,0,1016,37,-0.2744106499742259,1.1994598795797315
206,1568408400,643,388,0,1031,37,-0.2744106499742259,1.2432028447974006
206,1568422800,231,173,0,404,37,-0.2744106499742259,-0.5852531013011609
206,1568437200,63,44,0,107,37,-0.2744106499742259,-1.4513638126110058
206,1568451600,148,93,0,241,37,-0.2744106499742259,-1.0605933233331633
206,1568466000,354,201,0,555,37,-0.2744106499742259,-0.14490725144329364
206,1568480400,434,216,0,650,37,-0.2744106499742259,0.13213152826860963
206,1568494800,394,245,0,639,37,-0.2744106499742259,0.1000533537756524
206,1568509200,184,174,0,358,37,-0.2744106499742259,-0.7193981946353456
206,1568523600,54,52,0,106,37,-0.2744106499742259,-1.4542800102921838
206,1568538000,96,64,0,160,37,-0.2744106499742259,-1.2968053355085756
206,1568552400,419,239,0,658,37,-0.2744106499742259,0.15546110971803306
206,1568566800,610,243,0,853,37,-0.2744106499742259,0.7241196575477292
206,1568581200,470,229,0,699,37,-0.2744106499742259,0.2750252146463281
206,1568595600,155,125,0,280,37,-0.2744106499742259,-0.9468616137672241
206,1568610000,32,35,3,67,37,3.18316353970102,-1.568011719858123
206,1568624400,525,390,0,915,37,-0.2744106499742259,0.9049239137807608
206,1568638800,492,263,0,755,37,-0.2744106499742259,0.4383322847922922
206,1568653200,642,292,0,934,37,-0.2744106499742259,0.9603316697231414
206,1568667600,606,357,0,963,37,-0.2744106499742259,1.0449014024773013
206,1568682000,208,148,0,356,38,-0.2966083943340829,-0.7523746821288797
206,1568696400,26,46,20,72,38,3.8559091263430783,-1.5955093315495181
206,1568710800,512,375,0,887,38,-0.2966083943340829,0.8240496095695676
206,1568725200,491,237,0,728,38,-0.2966083943340829,0.3520129572530834
206,1568739600,615,271,0,886,38,-0.2966083943340829,0.8210808255927344
206,1568754000,650,318,0,968,38,-0.2966083943340829,1.0645211116930595
206,1568768400,181,136,0,317,38,-0.2966083943340829,-0.8681572572253757
206,1568782800,33,30,0,63,38,-0.2966083943340829,-1.6222283873410173
206,1568797200,540,435,0,975,38,-0.2966083943340829,1.0853025995308923
206,1568811600,559,263,0,822,38,-0.2966083943340829,0.6310786510754074
206,1568826000,640,324,0,964,38,-0.2966083943340829,1.0526459757857267
206,1568840400,662,374,0,1036,38,-0.2966083943340829,1.2663984221177196
206,1568854800,193,142,0,335,38,-0.2966083943340829,-0.8147191456423776
206,1568869200,32,49,17,81,38,3.2330314982415036,-1.568790275758019
206,1568883600,543,392,0,935,38,-0.2966083943340829,0.9665512404575629
206,1568898000,527,255,0,782,38,-0.2966083943340829,0.512327292002078
206,1568912400,593,312,0,905,38,-0.2966083943340829,0.8774877211525658
206,1568926800,650,369,0,1019,38,-0.2966083943340829,1.2159290945115546
206,1568941200,242,163,0,405,38,-0.2966083943340829,-0.6069042672640512
206,1568955600,41,35,0,76,38,-0.2966083943340829,-1.583634195642185
206,1568970000,479,385,0,864,38,-0.2966083943340829,0.7557675781024032
206,1568984400,526,269,0,795,38,-0.2966083943340829,0.5509214837009101
206,1568998800,675,302,0,977,38,-0.2966083943340829,1.0912401674845587
206,1569013200,669,391,0,1060,38,-0.2966083943340829,1.337649237561717
206,1569027600,239,183,0,422,38,-0.2966083943340829,-0.5564349396578862
206,1569042000,57,60,3,117,38,0.3262692337674912,-1.4619140525920227
206,1569056400,157,87,0,244,38,-0.2966083943340829,-1.084878487534202
206,1569070800,350,196,0,546,38,-0.2966083943340829,-0.18830572653056518
206,1569085200,448,235,0,683,38,-0.2966083943340829,0.2184176782955879
206,1569099600,454,331,0,785,38,-0.2966083943340829,0.5212336439325778
206,1569114000,210,191,0,401,38,-0.2966083943340829,-0.6187794031713841
206,1569128400,47,66,19,113,38,3.64828325030922,-1.4737891884993555
206,1569142800,115,71,0,186,38,-0.2966083943340829,-1.2570679581905295
206,1569157200,396,161,0,557,38,-0.2966083943340829,-0.15564910278539962
206,1569171600,497,195,0,692,38,-0.2966083943340829,0.245136734087087
206,1569186000,377,231,0,608,38,-0.2966083943340829,-0.004241119966904668
206,1569200400,149,118,0,267,38,-0.2966083943340829,-1.0165964560670375
206,1569214800,26,27,1,53,38,-0.08898251830022488,-1.6519162271093495
206,1569229200,589,391,0,980,38,-0.2966083943340829,1.1001465194150584
206,1569243600,495,256,0,751,38,-0.2966083943340829,0.4202949887202478
206,1569258000,640,275,0,915,38,-0.2966083943340829,0.9071755609208982
206,1569272400,591,377,0,968,38,-0.2966083943340829,1.0645211116930595
206,1569286800,190,137,0,327,39,-0.29530046649693253,-0.8245885718666133
206,1569301200,29,30,1,59,39,0.007202450402364217,-1.636766465192707
206,1569315600,541,364,0,905,39,-0.29530046649693253,0.9270488249336934
206,1569330000,513,247,0,760,39,-0.29530046649693253,0.4876242184699487
206,1569344400,627,283,0,910,39,-0.29530046649693253,0.9422013975703744
206,1569358800,650,354,0,1004,39,-0.29530046649693253,1.2270697631399743
206,1569373200,211,154,0,365,39,-0.29530046649693253,-0.7094290198278388
206,1569387600,26,36,10,62,39,2.7297287024960353,-1.6276749216106985
206,1569402000,544,393,0,937,39,-0.29530046649693253,1.024025289808451
206,1569416400,532,232,0,764,39,-0.29530046649693253,0.4997462765792934
206,1569430800,634,311,0,945,39,-0.29530046649693253,1.0482694060271402
206,1569445200,653,343,0,996,39,-0.29530046649693253,1.202825646921285
206,1569459600,187,163,0,350,39,-0.29530046649693253,-0.7548867377378814
206,1569474000,33,33,0,66,39,-0.29530046649693253,-1.6155528635013539
206,1569488400,517,416,0,933,39,-0.29530046649693253,1.0119032316991063
206,1569502800,529,250,0,779,39,-0.29530046649693253,0.545203994489336
206,1569517200,667,324,0,991,39,-0.29530046649693253,1.1876730742846042
206,1569531600,629,402,0,1031,39,-0.29530046649693253,1.308893655378051
206,1569546000,193,138,0,331,39,-0.29530046649693253,-0.8124665137572686
206,1569560400,39,31,0,70,39,-0.29530046649693253,-1.6034308053920092
206,1569574800,480,385,0,865,39,-0.29530046649693253,0.8058282438402466
206,1569589200,495,250,0,745,39,-0.29530046649693253,0.44216650055990614
206,1569603600,701,310,0,1011,39,-0.29530046649693253,1.2482833648313276
206,1569618000,642,354,0,996,39,-0.29530046649693253,1.202825646921285
206,1569632400,241,170,0,411,39,-0.29530046649693253,-0.5700253515703749
206,1569646800,44,47,3,91,39,0.6122082842009577,-1.5397900003179497
206,1569661200,175,99,0,274,39,-0.29530046649693253,-0.9852058418154304
206,1569675600,414,201,0,615,39,-0.29530046649693253,0.04819961200620393
206,1569690000,447,270,0,717,39,-0.29530046649693253,0.35731209379449336
206,1569704400,470,325,0,795,39,-0.29530046649693253,0.5936922269267146
206,1569718800,188,198,10,386,39,2.7297287024960353,-0.6457882147537792
206,1569733200,42,59,17,101,39,4.847249120791113,-1.5094848550445878
206,1569747600,112,74,0,186,39,-0.29530046649693253,-1.2518911202210135
206,1569762000,379,183,0,562,39,-0.29530046649693253,-0.11241765794261313
206,1569776400,461,212,0,673,39,-0.29530046649693253,0.22396945459170184
206,1569790800,360,236,0,596,39,-0.29530046649693253,-0.00938016401318332
206,1569805200,166,137,0,303,39,-0.29530046649693253,-0.8973209205226814
206,1569819600,39,31,0,70,39,-0.29530046649693253,-1.6034308053920092
206,1569834000,411,302,0,713,39,-0.29530046649693253,0.34519003568514867
206,1569848400,479,266,0,745,39,-0.29530046649693253,0.44216650055990614
206,1569862800,528,298,0,826,39,-0.29530046649693253,0.687638177274136
206,1569877200,548,348,0,896,39,-0.29530046649693253,0.8997741941876679
206,1569891600,176,131,0,307,40,-0.3005964486073395,-0.8967917037653633
206,1569906000,32,31,0,63,40,-0.3005964486073395,-1.630023024986637
206,1569920400,470,293,0,763,40,-0.3005964486073395,0.47350945392685284
206,1569934800,475,242,0,717,40,-0.3005964486073395,0.3352773195982521
206,1569949200,561,268,0,829,40,-0.3005964486073395,0.6718425162244105
206,1569963600,671,355,0,1026,40,-0.3005964486073395,1.2638366567186354
206,1569978000,262,148,0,410,40,-0.3005964486073395,-0.5872719247252356
206,1569992400,46,29,0,75,40,-0.3005964486073395,-1.5939624682052629
206,1570006800,512,386,0,898,40,-0.3005964486073395,0.8791907177173116
206,1570021200,497,261,0,758,40,-0.3005964486073395,0.45848422193461363
206,1570035600,617,319,0,936,40,-0.3005964486073395,0.9933824808583296
206,1570050000,623,388,0,1011,40,-0.3005964486073395,1.2187609607419179
206,1570064400,195,133,0,328,40,-0.3005964486073395,-0.8336857293979586
206,1570078800,40,28,0,68,40,-0.3005964486073395,-1.6149977929943977
206,1570093200,506,348,0,854,40,-0.3005964486073395,0.7469686761856065
206,1570107600,491,264,0,755,40,-0.3005964486073395,0.4494690827392701
206,1570122000,614,287,0,901,40,-0.3005964486073395,0.8882058569126551
206,1570136400,633,334,0,967,40,-0.3005964486073395,1.0865389192102128
206,1570150800,197,164,0,361,40,-0.3005964486073395,-0.7345191982491799
206,1570165200,31,35,4,66,40,0.9942805607781227,-1.6210078857912933
206,1570179600,481,424,0,905,40,-0.3005964486073395,0.9002260425064464
206,1570194000,502,241,0,743,40,-0.3005964486073395,0.413408525957896
206,1570208400,668,415,0,1083,40,-0.3005964486073395,1.4351243014301625
206,1570222800,699,425,0,1124,40,-0.3005964486073395,1.558331203766524
206,1570237200,233,199,0,432,40,-0.3005964486073395,-0.5211609039593831
206,1570251600,51,60,9,111,40,2.6128768225099503,-1.4857807978611406
206,1570266000,152,101,0,253,40,-0.3005964486073395,-1.0590642092815468
206,1570280400,431,231,0,662,40,-0.3005964486073395,0.16999976768362077
206,1570294800,479,266,0,745,40,-0.3005964486073395,0.4194186187547917
206,1570309200,442,288,0,730,40,-0.3005964486073395,0.37434292277807407
206,1570323600,231,162,0,393,40,-0.3005964486073395,-0.6383577134988488
206,1570338000,50,64,14,114,40,4.231473084241778,-1.476765658665797
206,1570352400,108,74,0,182,40,-0.3005964486073395,-1.2724225035713437
206,1570366800,415,256,0,671,40,-0.3005964486073395,0.19704518526965134
206,1570381200,470,205,0,675,40,-0.3005964486073395,0.2090653708634427
206,1570395600,307,262,0,569,40,-0.3005964486073395,-0.1094695473720286
206,1570410000,172,118,0,290,40,-0.3005964486073395,-0.9478774925389767
206,1570424400,30,42,12,72,40,3.584034579549047,-1.6029776074006064
206,1570438800,548,383,0,931,40,-0.3005964486073395,0.9783572488660904
206,1570453200,498,233,0,731,40,-0.3005964486073395,0.3773479691765219
206,1570467600,604,296,0,900,40,-0.3005964486073395,0.8852008105142073
206,1570482000,695,324,0,1019,40,-0.3005964486073395,1.2428013319295006
206,1570496400,201,137,0,338,41,-0.3259862419991863,-0.7312106765155656
206,1570510800,26,29,3,55,41,0.727200078305877,-1.6095502521662994
206,1570525200,520,386,0,906,41,-0.3259862419991863,1.0316758216102893
206,1570539600,511,274,0,785,41,-0.3259862419991863,0.656131338734887
206,1570554000,591,284,0,875,41,-0.3259862419991863,0.9354619458322937
206,1570568400,625,409,0,1034,41,-0.3259862419991863,1.4289460183710452
206,1570582800,214,140,0,354,41,-0.3259862419991863,-0.681551901920471
206,1570597200,28,24,0,52,41,-0.3259862419991863,-1.6188612724028797
206,1570611600,403,286,0,689,41,-0.3259862419991863,0.3581786911643201
206,1570626000,464,217,0,681,41,-0.3259862419991863,0.3333493038667728
206,1570640400,509,219,0,728,41,-0.3259862419991863,0.4792219542398629
206,1570654800,600,369,0,969,41,-0.3259862419991863,1.2272072465784738
206,1570669200,187,142,0,329,41,-0.3259862419991863,-0.7591437372253061
206,1570683600,27,27,0,54,41,-0.3259862419991863,-1.6126539255784929
206,1570698000,531,361,0,892,41,-0.3259862419991863,0.9882243938395816
206,1570712400,481,257,0,738,41,-0.3259862419991863,0.510258688361797
206,1570726800,678,327,0,1005,41,-0.3259862419991863,1.3389394894174365
206,1570741200,698,387,0,1085,41,-0.3259862419991863,1.587233362392909
206,1570755600,229,156,0,385,41,-0.3259862419991863,-0.5853380261424754
206,1570770000,33,39,6,72,41,1.7803863986109403,-1.5567878041590115
206,1570784400,558,328,0,886,41,-0.3259862419991863,0.9696023533664211
206,1570798800,686,248,0,934,41,-0.3259862419991863,1.1185786771517046
206,1570813200,671,355,0,1026,41,-0.3259862419991863,1.404116631073498
206,1570827600,668,410,0,1078,41,-0.3259862419991863,1.5655076485075552
206,1570842000,235,182,0,417,41,-0.3259862419991863,-0.48602047695228645
206,1570856400,49,59,10,108,41,3.184634825684358,-1.445055561320049
206,1570870800,159,106,0,265,41,-0.3259862419991863,-0.9577788356056842
206,1570885200,356,225,0,581,41,-0.3259862419991863,0.022981962647432196
206,1570899600,446,268,0,714,41,-0.3259862419991863,0.43577052646915526
206,1570914000,424,240,0,664,41,-0.3259862419991863,0.2805868558594849
206,1570928400,206,141,0,347,41,-0.3259862419991863,-0.7032776158058249
206,1570942800,52,66,14,118,41,4.588883252757776,-1.414018827198115
206,1570957200,125,77,0,202,41,-0.3259862419991863,-1.1533102605738688
206,1570971600,400,208,0,608,41,-0.3259862419991863,0.10678114477665417
206,1570986000,486,200,0,686,41,-0.3259862419991863,0.34886767092773985
206,1571000400,351,270,0,621,41,-0.3259862419991863,0.14712889913516844
206,1571014800,152,129,0,281,41,-0.3259862419991863,-0.9081200610105897
206,1571029200,32,38,6,70,41,1.7803863986109403,-1.5629951509833984
206,1571043600,309,140,0,449,41,-0.3259862419991863,-0.3867029277620974
206,1571058000,386,193,0,579,41,-0.3259862419991863,0.01677461582304538
206,1571072400,489,218,0,707,41,-0.3259862419991863,0.4140448125838014
206,1571086800,463,261,0,724,41,-0.3259862419991863,0.4668072605910893
206,1571101200,180,139,0,319,42,-0.33383550086616576,-0.874246887972509
206,1571115600,25,28,3,53,42,0.4598111615703793,-1.675615958568905
206,1571130000,505,335,0,840,42,-0.33383550086616576,0.6953519307520106
206,1571144400,528,288,0,816,42,-0.33383550086616576,0.623047954457599
206,1571158800,563,287,0,850,42,-0.33383550086616576,0.7254785875413489
206,1571173200,646,353,0,999,42,-0.33383550086616576,1.174365773702488
206,1571187600,189,157,0,346,42,-0.33383550086616576,-0.792904914641296
206,1571202000,27,35,8,62,42,1.7825555989646211,-1.6485019674585006
206,1571216400,525,381,0,906,42,-0.33383550086616576,0.8941878655616428
206,1571230800,505,277,0,782,42,-0.33383550086616576,0.5206173213738492
206,1571245200,614,265,0,879,42,-0.33383550086616576,0.8128458922304296
206,1571259600,594,333,0,927,42,-0.33383550086616576,0.9574538448192529
206,1571274000,188,127,0,315,42,-0.33383550086616576,-0.8862975506882443
206,1571288400,33,31,0,64,42,-0.33383550086616576,-1.6424766361006329
206,1571302800,491,412,0,903,42,-0.33383550086616576,0.8851498685248412
206,1571317200,531,277,0,808,42,-0.33383550086616576,0.5989466290261285
206,1571331600,634,327,0,961,42,-0.33383550086616576,1.0598844779030028
206,1571346000,668,352,0,1020,42,-0.33383550086616576,1.237631752960098
206,1571360400,214,181,0,395,42,-0.33383550086616576,-0.6452842963735388
206,1571374800,49,36,0,85,42,-0.33383550086616576,-1.5792106568430226
206,1571389200,474,369,0,843,42,-0.33383550086616576,0.7043899277888122
206,1571403600,566,295,0,861,42,-0.33383550086616576,0.7586179100096209
206,1571418000,666,296,0,962,42,-0.33383550086616576,1.0628971435819365
206,1571432400,697,379,0,1076,42,-0.33383550086616576,1.4063410309803919
206,1571446800,269,165,0,434,42,-0.33383550086616576,-0.5277903348951198
206,1571461200,62,61,0,123,42,-0.33383550086616576,-1.4647293610435377
206,1571475600,140,102,0,242,42,-0.33383550086616576,-1.106222145250413
206,1571490000,404,228,0,632,42,-0.33383550086616576,0.06871746953377629
206,1571504400,458,311,0,769,42,-0.33383550086616576,0.4814526675477095
206,1571518800,456,238,0,694,42,-0.33383550086616576,0.25550274162767306
206,1571533200,195,210,15,405,42,3.634397811316559,-0.6151576395842007
206,1571547600,43,58,15,101,42,3.634397811316559,-1.5310080059800817
206,1571562000,147,73,0,220,42,-0.33383550086616576,-1.172500790186957
206,1571576400,398,251,0,649,42,-0.33383550086616576,0.11993278607565121
206,1571590800,489,237,0,726,42,-0.33383550086616576,0.3519080433535553
206,1571605200,315,248,0,563,42,-0.33383550086616576,-0.13915646231265721
206,1571619600,177,117,0,294,42,-0.33383550086616576,-0.9495635299458546
206,1571634000,22,34,12,56,42,2.840751148880014,-1.6665779615321035
206,1571648400,489,407,0,896,42,-0.33383550086616576,0.8640612087723045
206,1571662800,534,262,0,796,42,-0.33383550086616576,0.5627946408789226
206,1571677200,606,262,0,868,42,-0.33383550086616576,0.7797065697621576
206,1571691600,642,404,0,1046,42,-0.33383550086616576,1.3159610606123773
206,1571706000,235,152,0,387,43,-0.35598787916511976,-0.6761065249120151
206,1571720400,22,40,18,62,43,2.6014498862066446,-1.616291331864848
206,1571734800,517,373,0,890,43,-0.35598787916511976,0.7790102686180617
206,1571749200,502,256,0,758,43,-0.35598787916511976,0.3971505931787572
206,1571763600,605,336,0,941,43,-0.35598787916511976,0.9265469614014292
206,1571778000,631,352,0,983,43,-0.35598787916511976,1.0480477672230262
206,1571792400,185,137,0,322,43,-0.35598787916511976,-0.8641434863025816
206,1571806800,26,38,12,64,43,1.61563729774939,-1.6105055792066767
206,1571821200,526,373,0,899,43,-0.35598787916511976,0.8050461555798324
206,1571835600,512,276,0,788,43,-0.35598787916511976,0.4839368830513264
206,1571850000,665,334,0,999,43,-0.35598787916511976,1.0943337884883964
206,1571864400,650,396,0,1046,43,-0.35598787916511976,1.2302989759554215
206,1571878800,210,158,0,368,43,-0.35598787916511976,-0.7310711751646422
206,1571893200,31,33,2,64,43,-0.0273836830127015,-1.6105055792066767
206,1571907600,502,396,0,898,43,-0.35598787916511976,0.8021532792507468
206,1571922000,501,271,0,772,43,-0.35598787916511976,0.4376508617859562
206,1571936400,602,319,0,921,43,-0.35598787916511976,0.8686894348197165
206,1571950800,692,363,0,1055,43,-0.35598787916511976,1.2563348629171922
206,1571965200,213,167,0,380,43,-0.35598787916511976,-0.6963566592156145
206,1571979600,39,41,2,80,43,-0.0273836830127015,-1.5642195579413063
206,1571994000,483,395,0,878,43,-0.35598787916511976,0.744295752669034
206,1572008400,536,314,0,850,43,-0.35598787916511976,0.6632952154546361
206,1572022800,637,363,0,1000,43,-0.35598787916511976,1.097226664817482
206,1572037200,649,376,0,1025,43,-0.35598787916511976,1.169548573044623
206,1572051600,227,200,0,427,43,-0.35598787916511976,-0.5603914717485895
206,1572066000,50,66,16,116,43,2.2728456900542264,-1.4600760100942234
206,1572080400,196,71,0,267,43,-0.35598787916511976,-1.0232516844022919
206,1572094800,412,206,0,618,43,-0.35598787916511976,-0.007852092893232309
206,1572109200,555,294,0,849,43,-0.35598787916511976,0.6604023391255505
206,1572123600,444,281,0,725,43,-0.35598787916511976,0.3016856743189311
206,1572138000,199,178,0,377,43,-0.35598787916511976,-0.7050352882028714
206,1572152400,35,65,30,100,43,4.573075063121154,-1.5063620313595936
206,1572166800,93,49,0,142,43,-0.35598787916511976,-1.3848612255379968
206,1572181200,382,199,0,581,43,-0.35598787916511976,-0.11488851706940097
206,1572195600,576,172,0,748,43,-0.35598787916511976,0.3682218298879008
206,1572210000,375,204,0,579,43,-0.35598787916511976,-0.12067426972757225
206,1572224400,134,125,0,259,43,-0.35598787916511976,-1.046394695034977
206,1572238800,27,38,11,65,43,1.451335199673181,-1.607612702877591
206,1572253200,521,381,0,902,43,-0.35598787916511976,0.8137247845670893
206,1572267600,532,274,0,806,43,-0.35598787916511976,0.5360086569748679
206,1572282000,672,313,0,985,43,-0.35598787916511976,1.0538335198811974
206,1572296400,690,404,0,1094,43,-0.35598787916511976,1.369157039751532
206,1572310800,205,156,0,361,44,-0.3086577388230565,-0.7689710992791785
206,1572325200,23,29,6,52,44,0.23149330411729244,-1.5841734294903516
206,1572339600,711,325,0,1036,44,-0.3086577388230565,1.011810690017073
206,1572354000,741,254,0,995,44,-0.3086577388230565,0.903644685037597
206,1572368400,769,265,0,1034,44,-0.3086577388230565,1.0065342995302693
206,1572382800,757,367,0,1124,44,-0.3086577388230565,1.243971871436436
206,1572397200,165,177,12,342,44,0.7716443470576414,-0.8190968089038138
206,1572411600,25,23,0,48,44,-0.3086577388230565,-1.5947262104639588
206,1572426000,682,374,0,1056,44,-0.3086577388230565,1.0645745948851102
206,1572440400,703,261,0,964,44,-0.3086577388230565,0.8218606324921395
206,1572454800,804,276,0,1080,44,-0.3086577388230565,1.1278912807267545
206,1572469200,765,384,0,1149,44,-0.3086577388230565,1.3099267525214826
206,1572483600,201,147,0,348,44,-0.3086577388230565,-0.8032676374434027
206,1572498000,35,40,5,75,44,0.14146813029390096,-1.5234949388921089
206,1572512400,598,354,0,952,44,-0.3086577388230565,0.7902022895713172
206,1572526800,486,263,0,749,44,-0.3086577388230565,0.25464865516074087
206,1572541200,587,352,0,939,44,-0.3086577388230565,0.7559057514070932
206,1572555600,595,361,0,956,44,-0.3086577388230565,0.8007550705449247
206,1572570000,144,209,65,353,44,5.54297855969739,-0.7900766612263934
206,1572584400,30,58,28,88,44,2.2120471282319056,-1.4891984007278847
206,1572598800,473,304,0,777,44,-0.3086577388230565,0.3285181219759928
206,1572613200,567,293,0,860,44,-0.3086577388230565,0.5474883271783467
206,1572627600,656,323,0,979,44,-0.3086577388230565,0.8614335611431673
206,1572642000,679,370,0,1049,44,-0.3086577388230565,1.046107228181297
206,1572656400,244,172,0,416,44,-0.3086577388230565,-0.6238703608920766
206,1572670800,47,49,2,96,44,-0.12860739117627357,-1.46809283878067
206,1572685200,143,122,0,265,44,-0.3086577388230565,-1.0222378426457566
206,1572699600,409,254,0,663,44,-0.3086577388230565,0.027763864228181404
206,1572714000,496,257,0,753,44,-0.3086577388230565,0.26520143613434827
206,1572728400,439,259,0,698,44,-0.3086577388230565,0.1201006977472463
206,1572742800,182,183,1,365,44,-0.21863256499966505,-0.7584183183055712
206,1572753600,34,55,21,89,44,1.581870911468165,-1.4865602054844829
206,1572768000,86,54,0,140,44,-0.3086577388230565,-1.3520122480709884
206,1572782400,314,284,0,598,44,-0.3086577388230565,-0.1437188265929391
206,1572796800,856,397,0,1253,44,-0.3086577388230565,1.5842990578352754
206,1572811200,541,303,0,844,44,-0.3086577388230565,0.505277203283917
206,1572825600,196,140,0,336,44,-0.3086577388230565,-0.8349259803642249
206,1572840000,33,37,4,70,44,0.05144295647050944,-1.5366859151091181
206,1572854400,300,278,0,578,44,-0.3086577388230565,-0.1964827314609762
206,1572868800,647,343,0,990,44,-0.3086577388230565,0.8904537088205877
206,1572883200,543,229,0,772,44,-0.3086577388230565,0.3153271457589835
206,1572897600,716,396,0,1112,44,-0.3086577388230565,1.212313528515614
206,1572912000,249,176,0,425,45,-0.3920138173102296,-0.45220947032289277
206,1572926400,36,52,16,88,45,3.425859881711137,-1.4983965973170454
206,1572940800,304,174,0,478,45,-0.3920138173102296,-0.287675589816394
206,1572955200,587,281,0,868,45,-0.3920138173102296,0.9230454176842575
206,1572969600,496,230,0,726,45,-0.3920138173102296,0.48221879444043053
206,1572984000,691,343,0,1034,45,-0.3920138173102296,1.4383779490819708
206,1572998400,243,211,0,454,45,-0.3920138173102296,-0.36218149797028026
206,1573012800,42,53,11,95,45,2.23277435076696,-1.4766657074388287
206,1573027200,309,251,0,560,45,-0.3920138173102296,-0.03311373695728266
206,1573041600,641,316,0,957,45,-0.3920138173102296,1.1993381604215856
206,1573056000,539,254,0,793,45,-0.3920138173102296,0.690214454703363
206,1573070400,754,400,0,1154,45,-0.3920138173102296,1.810907489851402
206,1573084800,295,215,0,510,45,-0.3920138173102296,-0.18833437894454566
206,1573099200,69,71,2,140,45,0.08522039506744124,-1.336967129650292
206,1573113600,322,269,0,591,45,-0.3920138173102296,0.06312306107482041
206,1573128000,658,310,0,968,45,-0.3920138173102296,1.2334867016587836
206,1573142400,502,303,0,805,45,-0.3920138173102296,0.7274674087803061
206,1573156800,795,365,0,1160,45,-0.3920138173102296,1.8295339668898736
206,1573171200,296,251,0,547,45,-0.3920138173102296,-0.07347110387397104
206,1573185600,53,67,14,120,45,2.9486256693334663,-1.3990553864451971
206,1573200000,302,249,0,551,45,-0.3920138173102296,-0.06105345251499
206,1573214400,581,308,0,889,45,-0.3920138173102296,0.9882380873189079
206,1573228800,616,287,0,903,45,-0.3920138173102296,1.0316998670753417
206,1573243200,767,401,0,1168,45,-0.3920138173102296,1.8543692696078355
206,1573257600,277,230,0,507,45,-0.3920138173102296,-0.19764761746378146
206,1573272000,68,71,3,139,45,0.32383750125627664,-1.3400715424900371
206,1573286400,95,56,0,151,45,-0.3920138173102296,-1.302818588413094
206,1573300800,360,168,0,528,45,-0.3920138173102296,-0.13245494782913098
206,1573315200,496,261,0,757,45,-0.3920138173102296,0.5784555924725336
206,1573329600,508,284,0,792,45,-0.3920138173102296,0.6871100418636177
206,1573344000,217,188,0,405,45,-0.3920138173102296,-0.514297727117798
206,1573358400,57,69,12,126,45,2.4713914569557955,-1.3804289094067257
206,1573372800,54,40,0,94,45,-0.3920138173102296,-1.479770120278574
206,1573387200,294,142,0,436,45,-0.3920138173102296,-0.4180609290856949
206,1573401600,482,200,0,682,45,-0.3920138173102296,0.3456246294916391
206,1573416000,341,159,0,500,45,-0.3920138173102296,-0.21937850734199826
206,1573430400,151,142,0,293,45,-0.3920138173102296,-0.8619919651692671
206,1573444800,28,39,11,67,45,2.23277435076696,-1.563589266951696
206,1573459200,198,100,0,298,45,-0.3920138173102296,-0.8464699009705409
206,1573473600,479,186,0,665,45,-0.3920138173102296,0.2928496112159697
206,1573488000,408,238,0,646,45,-0.3920138173102296,0.23386576726080974
206,1573502400,529,369,0,898,45,-0.3920138173102296,1.0161778028766153
206,1573516800,260,220,0,480,46,-0.35446625911660473,-0.36023659785533074
206,1573531200,57,72,15,129,46,1.713253585730256,-1.482275035544595
206,1573545600,328,268,0,596,46,-0.35446625911660473,0.010579524002089932
206,1573560000,607,308,0,915,46,-0.35446625911660473,1.0303238591099968
206,1573574400,529,268,0,797,46,-0.35446625911660473,0.6531143558412412
206,1573588800,688,375,0,1063,46,-0.35446625911660473,1.503434083548775
206,1573603200,261,239,0,500,46,-0.35446625911660473,-0.2963027837419823
206,1573617600,58,72,14,130,46,1.5754055960737987,-1.4790783448389275
206,1573632000,283,247,0,530,46,-0.35446625911660473,-0.20040206257195975
206,1573646400,631,309,0,940,46,-0.35446625911660473,1.1102411267516823
206,1573660800,484,265,0,749,46,-0.35446625911660473,0.4996732019692051
206,1573675200,758,325,0,1083,46,-0.35446625911660473,1.5673678976621233
206,1573689600,291,264,0,555,46,-0.35446625911660473,-0.12048479493027427
206,1573704000,65,72,7,137,46,0.6104696684785971,-1.4567015098992557
206,1573718400,290,255,0,545,46,-0.35446625911660473,-0.15245170198694846
206,1573732800,578,309,0,887,46,-0.35446625911660473,0.940816519351309
206,1573747200,517,240,0,757,46,-0.35446625911660473,0.5252467276145445
206,1573761600,726,408,0,1134,46,-0.35446625911660473,1.7303991236511616
206,1573776000,289,273,0,562,46,-0.35446625911660473,-0.09810795999060233
206,1573790400,55,79,24,134,46,2.9538854926383724,-1.4662915820162579
206,1573804800,280,256,0,536,46,-0.35446625911660473,-0.18122191833795523
206,1573819200,636,328,0,964,46,-0.35446625911660473,1.1869617036877003
206,1573833600,570,288,0,858,46,-0.35446625911660473,0.8481124888869539
206,1573848000,698,363,0,1061,46,-0.35446625911660473,1.4970407021374401
206,1573862400,332,242,0,574,46,-0.35446625911660473,-0.0597476715225933
206,1573876800,75,83,8,158,46,0.7483176581350544,-1.38957100508024
206,1573891200,99,73,0,172,46,-0.35446625911660473,-1.3448173352008959
206,1573905600,361,185,0,546,46,-0.35446625911660473,-0.14925501128128105
206,1573920000,455,224,0,679,46,-0.35446625911660473,0.27590485257248576
206,1573934400,428,239,0,667,46,-0.35446625911660473,0.23754456410447672
206,1573948800,245,200,0,445,46,-0.35446625911660473,-0.47212077255369045
206,1573963200,57,94,37,151,46,4.745909358172319,-1.4119478400199117
206,1573977600,69,49,0,118,46,-0.35446625911660473,-1.5174386333069365
206,1573992000,220,151,0,371,46,-0.35446625911660473,-0.7086758847730795
206,1574006400,501,208,0,709,46,-0.35446625911660473,0.37180557374250833
206,1574020800,336,199,0,535,46,-0.35446625911660473,-0.18441860904362267
206,1574035200,152,155,3,307,46,0.059077709852767425,-0.9132640899357943
206,1574049600,46,45,0,91,46,-0.35446625911660473,-1.6037492823599568
206,1574064000,266,264,0,530,46,-0.35446625911660473,-0.20040206257195975
206,1574078400,633,350,0,983,46,-0.35446625911660473,1.2476988270953813
206,1574092800,464,262,0,726,46,-0.35446625911660473,0.42614931573885445
206,1574107200,725,364,0,1089,46,-0.35446625911660473,1.5865480418961277
206,1574121600,259,214,0,473,47,-0.43849578050640303,0.024437195953157485
206,1574136000,61,59,0,120,47,-0.43849578050640303,-0.8227916601728288
206,1574150400,285,254,0,539,47,-0.43849578050640303,0.18284259114951754
206,1574164800,630,324,0,954,47,-0.43849578050640303,1.1788765154902663
206,1574179200,482,253,0,735,47,-0.43849578050640303,0.6532586132477989
206,1574193600,776,384,0,1160,47,-0.43849578050640303,1.6732933550425417
206,1574208000,310,252,0,562,47,-0.43849578050640303,0.2380444712937036
206,1574222400,65,78,13,143,47,2.997388965379385,-0.7675897800286428
206,1574236800,333,279,0,612,47,-0.43849578050640303,0.35804855856367335
206,1574251200,570,309,0,879,47,-0.43849578050640303,0.9988703845853117
206,1574265600,513,278,0,791,47,-0.43849578050640303,0.787663190990165
206,1574280000,751,369,0,1120,47,-0.43849578050640303,1.5772900852265659
206,1574294400,328,266,0,594,47,-0.43849578050640303,0.31484708714648424
206,1574308800,53,65,12,118,47,2.7330901387727855,-0.8275918236636276
206,1574323200,299,271,0,570,47,-0.43849578050640303,0.25724512525689874
206,1574337600,606,350,0,956,47,-0.43849578050640303,1.183676678981065
206,1574352000,539,241,0,780,47,-0.43849578050640303,0.7612622917907717
206,1574366400,746,416,0,1162,47,-0.43849578050640303,1.6780935185333405
206,1574380800,335,288,0,623,47,-0.43849578050640303,0.38444945776306666
206,1574395200,61,78,17,139,47,4.054584271805781,-0.7771901070102403
206,1574409600,287,209,0,496,47,-0.43849578050640303,0.07963907609734357
206,1574424000,591,310,0,901,47,-0.43849578050640303,1.0516721829840985
206,1574438400,603,258,0,861,47,-0.43849578050640303,0.9556689131681226
206,1574452800,867,401,0,1268,47,-0.43849578050640303,1.9325021835456764
206,1574467200,349,201,0,550,47,-0.43849578050640303,0.20924349034891088
206,1574481600,16,13,0,29,47,-0.43849578050640303,-1.0411990990041737
206,1574496000,4,4,0,8,47,-0.43849578050640303,-1.091600815657561
206,1574510400,4,8,4,12,47,0.6186995259199933,-1.0820004886759633
206,1574524800,10,8,0,18,47,-0.43849578050640303,-1.067599998203567
206,1574539200,0,1,1,1,47,-0.17419695389980397,-1.1084013878753567
206,1574553600,0,1,1,1,47,-0.17419695389980397,-1.1084013878753567
206,1574568000,0,8,8,8,47,1.6758948323463896,-1.091600815657561
206,1574582400,0,2,2,2,47,0.09010187270679512,-1.1060013061299574
206,1574596800,0,1,1,1,47,-0.17419695389980397,-1.1084013878753567
206,1574611200,2,5,3,7,47,0.3544006993133942,-1.0940008974029605
206,1574625600,1,1,0,2,47,-0.43849578050640303,-1.1060013061299574
206,1574640000,1,2,1,3,47,-0.17419695389980397,-1.1036012243845579
206,1574651835,0,6,6,6,47,1.1472971791331914,-1.0964009791483598
206,1574651914,0,0,0,0,47,-0.43849578050640303,-1.1108014696207562
206,1574654400,0,4,4,4,47,0.6186995259199933,-1.1012011426391586
206,1574668800,260,207,0,467,47,-0.43849578050640303,0.010036705480761117
206,1574683200,599,318,0,917,47,-0.43849578050640303,1.0900734909104888
206,1574697600,499,209,0,708,47,-0.43849578050640303,0.5884564061220152
206,1574712000,712,352,0,1064,47,-0.43849578050640303,1.4428855074841997
206,1574726400,230,251,21,481,48,2.5821961607113444,0.2841509534749126
206,1574740800,31,49,18,80,48,2.1419299682219948,-0.8408303249511518
206,1574755200,273,203,0,476,48,-0.49966718671410315,0.2701237554895502
206,1574769600,628,313,0,941,48,-0.49966718671410315,1.5746531681282532
206,1574784000,527,244,0,771,48,-0.49966718671410315,1.0977284366259317
206,1574798400,668,398,0,1066,48,-0.49966718671410315,1.9253331177623132
206,1574812800,235,239,4,474,48,0.08735440327169637,0.2645128762954052
206,1574827200,31,51,20,82,48,2.435440763214894,-0.8352194457570069
206,1574841600,234,153,0,387,48,-0.49966718671410315,0.020439631350099473
206,1574856000,536,307,0,843,48,-0.49966718671410315,1.2997200876151502
206,1574870400,643,339,0,982,48,-0.49966718671410315,1.6896761916082248
206,1574884800,640,326,0,966,48,-0.49966718671410315,1.644789158055065
206,1574899200,239,200,0,439,48,-0.49966718671410315,0.16632249039786842
206,1574913600,52,47,0,99,48,-0.49966718671410315,-0.7875269726067747
206,1574928000,93,69,0,162,48,-0.49966718671410315,-0.6107842779912085
206,1574942400,220,152,0,372,48,-0.49966718671410315,-0.021641962605987726
206,1574956800,323,225,0,548,48,-0.49966718671410315,0.47211540647876876
206,1574971200,271,171,0,442,48,-0.49966718671410315,0.17473880918908588
206,1574985600,184,128,0,312,48,-0.49966718671410315,-0.18996833843033653
206,1575000000,35,52,17,87,48,1.9951745707255448,-0.8211922477716445
206,1575014400,105,91,0,196,48,-0.49966718671410315,-0.5153993316907441
206,1575028800,355,203,0,558,48,-0.49966718671410315,0.5001698024494935
206,1575043200,511,246,0,757,48,-0.49966718671410315,1.0584522822669171
206,1575057600,500,323,0,823,48,-0.49966718671410315,1.2436112956737007
206,1575072000,237,176,0,413,48,-0.49966718671410315,0.09338106087398396
206,1575086400,12,17,5,29,48,0.23410980076814625,-0.9839077444018484
206,1575100800,0,6,6,6,48,0.38086519826459614,-1.0484328551345155
206,1575115200,5,9,4,14,48,0.08735440327169637,-1.0259893383579355
206,1575129600,1,5,4,6,48,0.08735440327169637,-1.0484328551345155
206,1575144000,0,1,1,1,48,-0.35291178921765326,-1.0624600531198778
206,1575158400,0,2,2,2,48,-0.2061563917212034,-1.0596546135228053
206,1575172800,0,1,1,1,48,-0.35291178921765326,-1.0624600531198778
206,1575187200,0,3,3,3,48,-0.059400994224753506,-1.0568491739257329
206,1575201600,0,0,0,0,48,-0.49966718671410315,-1.0652654927169503
206,1575216000,0,2,2,2,48,-0.2061563917212034,-1.0596546135228053
206,1575230400,0,1,1,1,48,-0.35291178921765326,-1.0624600531198778
206,1575244800,0,2,2,2,48,-0.2061563917212034,-1.0596546135228053
206,1575259200,0,3,3,3,48,-0.059400994224753506,-1.0568491739257329
206,1575273600,222,251,29,473,48,3.7562393406829435,0.26170743669833274
206,1575288000,570,352,0,922,48,-0.49966718671410315,1.521349815783876
206,1575302400,515,250,0,765,48,-0.49966718671410315,1.0808957990434969
206,1575316800,645,316,0,961,48,-0.49966718671410315,1.6307619600697028
206,1575331200,235,152,0,387,49,-0.3079229611378701,-0.6209542190036611
206,1575345600,43,43,0,86,49,-0.3079229611378701,-1.5229539014860562
206,1575360000,279,238,0,517,49,-0.3079229611378701,-0.23138624982521797
206,1575374400,630,329,0,959,49,-0.3079229611378701,1.0931448453814885
206,1575388800,499,239,0,738,49,-0.3079229611378701,0.4308792977781353
206,1575403200,734,385,0,1119,49,-0.3079229611378701,1.5726131151395724
206,1575417600,265,227,0,492,49,-0.3079229611378701,-0.30630316697491855
206,1575432000,49,47,0,96,49,-0.3079229611378701,-1.492987134626176
206,1575446400,274,262,0,536,49,-0.3079229611378701,-0.17444939279144553
206,1575460800,602,329,0,931,49,-0.3079229611378701,1.009237898173824
206,1575475200,531,288,0,819,49,-0.3079229611378701,0.6736101093431652
206,1575489600,762,343,0,1105,49,-0.3079229611378701,1.53065964153574
206,1575504000,280,217,0,497,49,-0.3079229611378701,-0.29131978354497845
206,1575518400,51,72,21,123,49,4.295264356211307,-1.4120768641044994
206,1575532800,264,245,0,509,49,-0.3079229611378701,-0.25535966331312215
206,1575547200,638,349,0,987,49,-0.3079229611378701,1.1770517925891533
206,1575561600,524,244,0,768,49,-0.3079229611378701,0.520779598357776
206,1575576000,763,378,0,1141,49,-0.3079229611378701,1.6385400022313088
206,1575590400,293,235,0,528,49,-0.3079229611378701,-0.19842280627934972
206,1575604800,45,53,8,98,49,1.445672207376102,-1.4869937812542
206,1575619200,260,226,0,486,49,-0.3079229611378701,-0.3242832270908467
206,1575633600,738,303,0,1041,49,-0.3079229611378701,1.3388723336325066
206,1575648000,560,298,0,858,49,-0.3079229611378701,0.7904805000966981
206,1575662400,741,379,0,1120,49,-0.3079229611378701,1.5756097918255603
206,1575676800,328,226,0,554,49,-0.3079229611378701,-0.1205092124436611
206,1575691200,80,58,0,138,49,-0.3079229611378701,-1.367126713814679
206,1575705600,95,61,0,156,49,-0.3079229611378701,-1.3131865334668946
206,1575720000,314,179,0,493,49,-0.3079229611378701,-0.30330649028893053
206,1575734400,494,229,0,723,49,-0.3079229611378701,0.3859291474883149
206,1575748800,450,369,0,819,49,-0.3079229611378701,0.6736101093431652
206,1575763200,277,227,0,504,49,-0.3079229611378701,-0.27034304674306225
206,1575777600,76,92,16,168,49,3.199267375890074,-1.2772264132350382
206,1575792000,61,47,0,108,49,-0.3079229611378701,-1.4570270143943196
206,1575806400,290,139,0,429,49,-0.3079229611378701,-0.49509379819216404
206,1575820800,539,170,0,709,49,-0.3079229611378701,0.3439756738844826
206,1575835200,376,243,0,619,49,-0.3079229611378701,0.07427477214556046
206,1575849600,179,148,0,327,49,-0.3079229611378701,-0.8007548201629425
206,1575864000,40,54,14,94,49,2.760868583761581,-1.498980487998152
206,1575878400,260,155,0,415,49,-0.3079229611378701,-0.5370472717959964
206,1575892800,535,375,0,910,49,-0.3079229611378701,0.9463076877680754
206,1575907200,455,241,0,696,49,-0.3079229611378701,0.30501887696663826
206,1575921600,712,442,0,1154,49,-0.3079229611378701,1.6774967991491532
206,1575936000,251,174,0,425,50,-0.3317179886254624,0.05706935808229748
206,1575950400,51,63,12,114,50,1.2862097494445348,-0.7382079768440577
206,1575964800,281,267,0,548,50,-0.3317179886254624,0.3716002654647466
206,1575979200,583,320,0,903,50,-0.3317179886254624,1.279392721731165
206,1575993600,530,252,0,782,50,-0.3317179886254624,0.9699761380459914
206,1576008000,735,369,0,1104,50,-0.3317179886254624,1.7933822533073622
206,1576022400,297,218,0,515,50,-0.3317179886254624,0.2872139244596993
206,1576036800,52,66,14,118,50,1.555864372456201,-0.7279793294495065
206,1576051200,268,269,1,537,50,-0.1968906771196293,0.34347148512973086
206,1576065600,603,317,0,920,50,-0.3317179886254624,1.3228644731580073
206,1576080000,519,309,0,828,50,-0.3317179886254624,1.08760558308333
206,1576094400,652,356,0,1008,50,-0.3317179886254624,1.5478947158381335
206,1576108800,212,261,49,473,50,6.2748202751603595,0.17981312681691178
206,1576123200,53,59,6,112,50,0.4772458804095362,-0.7433223005413333
206,1576137600,284,266,0,550,50,-0.3317179886254624,0.3767145891620222
206,1576152000,633,309,0,942,50,-0.3317179886254624,1.379122033828039
206,1576166400,537,226,0,763,50,-0.3317179886254624,0.9213900629218732
206,1576180800,739,411,0,1150,50,-0.3317179886254624,1.911011698344701
206,1576195200,324,225,0,549,50,-0.3317179886254624,0.3741574273133844
206,1576209600,47,60,13,107,50,1.4210370609503677,-0.7561081097845223
206,1576224000,270,210,0,480,50,-0.3317179886254624,0.1977132597573764
206,1576238400,677,286,0,963,50,-0.3317179886254624,1.4328224326494328
206,1576252800,774,290,0,1064,50,-0.3317179886254624,1.6910957793618502
206,1576267200,719,358,0,1077,50,-0.3317179886254624,1.7243388833941415
206,1576281600,310,245,0,555,50,-0.3317179886254624,0.3895003984052112
206,1576296000,60,80,20,140,50,2.364828241491199,-0.671721768779475
206,1576310400,56,54,0,110,50,-0.3317179886254624,-0.7484366242386089
206,1576324800,328,219,0,547,50,-0.3317179886254624,0.3690431036161088
206,1576339200,522,230,0,752,50,-0.3317179886254624,0.8932612825868574
206,1576353600,439,291,0,730,50,-0.3317179886254624,0.8370037219168259
206,1576368000,260,191,0,451,50,-0.3317179886254624,0.12355556614688024
206,1576382400,87,97,10,184,50,1.0165551264328685,-0.5592066474394118
206,1576387135,8,13,5,21,50,0.3424185689037031,-0.9760240287673729
206,1576387217,0,0,0,0,50,-0.3317179886254624,-1.0297244275887667
206,1576387296,0,0,0,0,50,-0.3317179886254624,-1.0297244275887667
206,1576387376,0,0,0,0,50,-0.3317179886254624,-1.0297244275887667
206,1576387456,0,2,2,2,50,-0.062063365613796204,-1.024610103891491
206,1576387539,1,0,0,1,50,-0.3317179886254624,-1.027167265740129
206,1576387617,0,0,0,0,50,-0.3317179886254624,-1.0297244275887667
206,1576387697,1,0,0,1,50,-0.3317179886254624,-1.027167265740129
206,1576387777,1,0,0,1,50,-0.3317179886254624,-1.027167265740129
206,1576387860,0,0,0,0,50,-0.3317179886254624,-1.0297244275887667
206,1576387939,0,0,0,0,50,-0.3317179886254624,-1.0297244275887667
206,1576388019,1,0,0,1,50,-0.3317179886254624,-1.027167265740129
206,1576388099,1,4,3,5,50,0.07276394589203689,-1.0169386183455777
206,1576388179,1,0,0,1,50,-0.3317179886254624,-1.027167265740129
206,1576388270,3,0,0,3,50,-0.3317179886254624,-1.0220529420428532
206,1576388348,0,0,0,0,50,-0.3317179886254624,-1.0297244275887667
206,1576388429,0,0,0,0,50,-0.3317179886254624,-1.0297244275887667
206,1576388514,1,0,0,1,50,-0.3317179886254624,-1.027167265740129
206,1576388596,0,0,0,0,50,-0.3317179886254624,-1.0297244275887667
206,1576388675,0,1,1,1,50,-0.1968906771196293,-1.027167265740129
206,1576388756,0,0,0,0,50,-0.3317179886254624,-1.0297244275887667
206,1576396800,49,49,0,98,50,-0.3317179886254624,-0.7791225664222624
206,1576411200,297,150,0,447,50,-0.3317179886254624,0.11332691875232904
206,1576425600,499,249,0,748,50,-0.3317179886254624,0.8830326351923062
206,1576440000,412,303,0,715,50,-0.3317179886254624,0.7986462941872589
206,1576454400,162,181,19,343,50,2.230000929985366,-0.15261791350600196
206,1576468800,48,39,0,87,50,-0.3317179886254624,-0.8072513467572783
206,1576483200,254,228,0,482,50,-0.3317179886254624,0.20282758345465196
206,1576497600,653,318,0,971,50,-0.3317179886254624,1.453279727438535
206,1576512000,531,257,0,788,50,-0.3317179886254624,0.9853191091378182
206,1576526400,738,413,0,1151,50,-0.3317179886254624,1.9135688601933387
206,1576540800,283,210,0,493,51,-0.3024892217761514,-0.25721519691708006
206,1576555200,48,53,5,101,51,2.1406929541081485,-1.4744589457077684
206,1576569600,270,273,3,543,51,1.1634200837544284,-0.10195451467336984
206,1576584000,617,328,0,945,51,-0.3024892217761514,1.1463413705660606
206,1576598400,466,240,0,706,51,-0.3024892217761514,0.4041953094411255
206,1576612800,680,371,0,1051,51,-0.3024892217761514,1.4754940169227262
206,1576627200,243,180,0,423,51,-0.3024892217761514,-0.4745801520582744
206,1576641600,52,64,12,116,51,5.561148000346169,-1.4278807410346552
206,1576656000,271,206,0,477,51,-0.3024892217761514,-0.30689861523506734
206,1576670400,680,281,0,961,51,-0.3024892217761514,1.1960247888840476
206,1576684800,648,291,0,939,51,-0.3024892217761514,1.1277100886968152
206,1576699200,727,351,0,1078,51,-0.3024892217761514,1.5593347853343296
206,1576713600,265,199,0,464,51,-0.3024892217761514,-0.347266392618432
206,1576728000,60,61,1,121,51,0.18614721340070856,-1.4123546728102843
206,1576742400,287,204,0,491,51,-0.3024892217761514,-0.26342562420682847
206,1576756800,542,299,0,841,51,-0.3024892217761514,0.8233991514991431
206,1576771200,495,245,0,740,51,-0.3024892217761514,0.5097725733668484
206,1576785600,742,370,0,1112,51,-0.3024892217761514,1.6649120492600527
206,1576800000,290,214,0,504,51,-0.3024892217761514,-0.22305784682346383
206,1576814400,52,54,2,106,51,0.6747836485775686,-1.4589328774833974
206,1576828800,227,215,0,442,51,-0.3024892217761514,-0.4155810928056645
206,1576843200,612,317,0,929,51,-0.3024892217761514,1.0966579522480733
206,1576857600,632,306,0,938,51,-0.3024892217761514,1.124604875051941
206,1576872000,706,396,0,1102,51,-0.3024892217761514,1.6338599128113105
206,1576886400,330,192,0,522,51,-0.3024892217761514,-0.16716400121572814
206,1576900800,73,73,0,146,51,-0.3024892217761514,-1.3347243316884292
206,1576915200,69,65,0,134,51,-0.3024892217761514,-1.3719868954269197
206,1576929600,299,164,0,463,51,-0.3024892217761514,-0.3503716062633062
206,1576944000,462,280,0,742,51,-0.3024892217761514,0.5159830006565969
206,1576958400,432,306,0,738,51,-0.3024892217761514,0.5035621460771
206,1576972800,233,169,0,402,51,-0.3024892217761514,-0.5397896386006327
206,1576987200,71,61,0,132,51,-0.3024892217761514,-1.378197322716668
206,1577001600,58,61,3,119,51,1.1634200837544284,-1.4185651001000326
206,1577016000,253,162,0,415,51,-0.3024892217761514,-0.49942186121726806
206,1577030400,493,215,0,708,51,-0.3024892217761514,0.41040573673087394
206,1577044800,386,287,0,673,51,-0.3024892217761514,0.30172325916027676
206,1577059200,202,171,0,373,51,-0.3024892217761514,-0.6298408343019847
206,1577073600,57,56,0,113,51,-0.3024892217761514,-1.437196381969278
206,1577088000,149,121,0,270,51,-0.3024892217761514,-0.9496778397240278
206,1577102400,489,288,0,777,51,-0.3024892217761514,0.6246654782271941
206,1577116800,522,302,0,824,51,-0.3024892217761514,0.7706105195362817
206,1577131200,666,345,0,1011,51,-0.3024892217761514,1.351285471127758
206,1577145600,302,209,0,511,52,-0.3980336088614383,0.24898933257956438
206,1577160000,49,61,12,110,52,2.040980845438439,-1.2202156562283621
206,1577174400,140,107,0,247,52,-0.3980336088614383,-0.71826781715932
206,1577188800,394,269,0,663,52,-0.3980336088614383,0.8058949642474068
206,1577203200,570,286,0,856,52,-0.3980336088614383,1.51301856235197
206,1577217600,550,250,0,800,52,-0.3980336088614383,1.307842803316449
206,1577232000,173,142,0,315,52,-0.3980336088614383,-0.46912582404475883
206,1577246400,52,51,0,103,52,-0.3980336088614383,-1.2458626261078023
206,1577260800,42,45,3,87,52,0.21172000471353103,-1.3044842715465226
206,1577275200,140,99,0,239,52,-0.3980336088614383,-0.74757863987868
206,1577289600,295,147,0,442,52,-0.3980336088614383,-0.003816513374916753
206,1577304000,210,170,0,380,52,-0.3980336088614383,-0.23097538944995777
206,1577318400,135,128,0,263,52,-0.3980336088614383,-0.6596461717205997
206,1577332800,34,52,18,86,52,3.260488072588378,-1.3081481243864426
206,1577347200,135,119,0,254,52,-0.3980336088614383,-0.6926208472798798
206,1577361600,387,227,0,614,52,-0.3980336088614383,0.6263661750913261
206,1577376000,501,235,0,736,52,-0.3980336088614383,1.073356221561568
206,1577390400,558,326,0,884,52,-0.3980336088614383,1.6156064418697305
206,1577404800,258,192,0,450,52,-0.3980336088614383,0.025494309344443376
206,1577419200,37,51,14,88,52,2.4474832544884184,-1.3008204187066026
206,1577433600,136,112,0,248,52,-0.3980336088614383,-0.7146039643193999
206,1577448000,382,254,0,636,52,-0.3980336088614383,0.7069709375695664
206,1577462400,501,252,0,753,52,-0.3980336088614383,1.1356417198402082
206,1577476800,595,273,0,868,52,-0.3980336088614383,1.5569847964310102
