remote_unit_id,time_stamp,entries,exits,num_people_exited,sum_exit_entry,week_num,z_score_num_people_exited,z_score_sum_exit_entry
290,1546300800,0,0,0,0,1,-0.4844014776681874,-1.136809180771873
290,1546315200,309,55,0,364,1,-0.4844014776681874,-0.3479225792448787
290,1546329600,33,24,0,57,1,-0.4844014776681874,-1.0132747404228657
290,1546344000,49,85,36,134,1,-0.2646963831969439,-0.8463948824075399
290,1546358400,158,178,20,336,1,-0.3623430918508299,-0.4086061639777244
290,1546372800,201,176,0,377,1,-0.4844014776681874,-0.31974805776177173
290,1546387200,101,51,0,152,1,-0.4844014776681874,-0.8073840065078534
290,1546401600,21,14,0,35,1,-0.4844014776681874,-1.060954699855816
290,1546416000,43,249,206,292,1,0.7727998962505949,-0.5039660828436248
290,1546430400,260,788,528,1048,1,2.7379399079100506,1.1344907049432096
290,1546444800,472,340,0,812,1,-0.4844014776681874,0.6230147764806527
290,1546459200,1134,295,0,1429,1,-0.4844014776681874,1.9602209114865743
290,1546473600,235,111,0,346,1,-0.4844014776681874,-0.38693345514456523
290,1546488000,42,26,0,68,1,-0.4844014776681874,-0.9894347607063906
290,1546502400,58,262,204,320,1,0.7605940576688591,-0.4432824981107791
290,1546516800,298,849,551,1147,1,2.8783070516000118,1.3490505223914855
290,1546531200,464,398,0,862,1,-0.4844014776681874,0.7313783206464487
290,1546545600,1199,419,0,1618,1,-0.4844014776681874,2.3698351084332825
290,1546560000,291,122,0,413,1,-0.4844014776681874,-0.2417263059623987
290,1546574400,37,33,0,70,1,-0.4844014776681874,-0.9851002189397587
290,1546588800,48,261,213,309,1,0.81552033128667,-0.4671224778272542
290,1546601645,120,750,630,870,1,3.3604376755785736,0.748716487712976
290,1546603200,344,417,73,761,1,-0.03888836943483251,0.5124839614315408
290,1546617600,505,396,0,901,1,-0.4844014776681874,0.8159018850957694
290,1546632000,1171,444,0,1615,1,-0.4844014776681874,2.363333295783335
290,1546646400,330,122,0,452,1,-0.4844014776681874,-0.15720274151307786
290,1546660800,75,24,0,99,1,-0.4844014776681874,-0.9222493633235971
290,1546675200,27,38,11,65,1,-0.4172693654686408,-0.9959365733563383
290,1546689600,101,215,114,316,1,0.21133132149075037,-0.45195158164404275
290,1546704000,254,261,7,515,1,-0.4416810426321123,-0.02066467586417502
290,1546718400,389,338,0,727,1,-0.4844014776681874,0.4387967513987997
290,1546732800,243,160,0,403,1,-0.4844014776681874,-0.2633990147955579
290,1546747200,82,23,0,105,1,-0.4844014776681874,-0.9092457380237016
290,1546761600,14,28,14,42,1,-0.39896060759603713,-1.0457838036726044
290,1546776000,86,135,49,221,1,-0.18535843241566152,-0.657842315559055
290,1546790400,229,288,59,517,1,-0.12432923950698277,-0.01633013409754318
290,1546804800,260,222,0,482,1,-0.4844014776681874,-0.09218461501360033
290,1546819200,158,64,0,222,1,-0.4844014776681874,-0.6556750446757391
290,1546833600,30,13,0,43,1,-0.4844014776681874,-1.0436165327892886
290,1546848000,67,263,196,330,1,0.7117707033419162,-0.42160978927761994
290,1546862400,355,857,502,1212,1,2.579264006347486,1.4899231298070201
290,1546876800,522,375,0,897,1,-0.4844014776681874,0.8072328015625058
290,1546891200,1212,359,0,1571,1,-0.4844014776681874,2.2679733769174346
290,1546905600,261,59,0,320,2,-0.5409196732554659,-0.610730860151492
290,1546920000,37,23,0,60,2,-0.5409196732554659,-1.080821858449532
290,1546934400,87,266,179,353,2,0.46667054070255987,-0.5510654642136639
290,1546948800,358,876,518,1234,2,2.3749000520532344,1.041819803096233
290,1546963200,600,432,0,1032,2,-0.5409196732554659,0.6765952582646788
290,1546977600,1607,397,0,2004,2,-0.5409196732554659,2.43401237497889
290,1546992000,302,78,0,380,2,-0.5409196732554659,-0.5022483220827136
290,1547006400,25,23,0,48,2,-0.5409196732554659,-1.1025183660632876
290,1547020800,65,276,211,341,2,0.6467984001810896,-0.5727619718274196
290,1547035200,410,931,521,1341,2,2.3917870388793467,1.2352803293188876
290,1547049600,557,462,0,1019,2,-0.5409196732554659,0.6530907083497768
290,1547064000,1236,423,0,1659,2,-0.5409196732554659,1.8102377810834136
290,1547078400,321,110,0,431,2,-0.5409196732554659,-0.4100381647242519
290,1547092800,33,22,0,55,2,-0.5409196732554659,-1.0898620699552635
290,1547107200,65,287,222,352,2,0.7087173518768342,-0.5528735065148103
290,1547121600,358,940,582,1298,2,2.735155771010294,1.1575345103695966
290,1547136000,586,422,0,1008,2,-0.5409196732554659,0.6332022430371674
290,1547150400,1307,478,0,1785,2,-0.5409196732554659,2.0380511110278485
290,1547164800,333,113,0,446,2,-0.5409196732554659,-0.3829175302070573
290,1547179200,53,20,0,73,2,-0.5409196732554659,-1.05731730853463
290,1547193600,65,272,207,337,2,0.6242824177462734,-0.5799941410320049
290,1547208000,364,884,520,1248,2,2.3861580432706426,1.067132395312281
290,1547222400,571,410,0,981,2,-0.5409196732554659,0.5843851009062171
290,1547236800,1116,457,0,1573,2,-0.5409196732554659,1.6547461431848312
290,1547251200,353,162,0,515,2,-0.5409196732554659,-0.2581626114279621
290,1547265600,98,47,0,145,2,-0.5409196732554659,-0.9271382628520959
290,1547280000,23,65,42,88,2,-0.3045018576898955,-1.0301966740174353
290,1547294400,108,199,91,307,2,-0.028681072863396887,-0.6342354100663941
290,1547308800,290,341,51,631,2,-0.25384089721155906,-0.04842970449499046
290,1547323200,337,363,26,700,2,-0.39456578742916043,0.07632521428410474
290,1547337600,224,140,0,364,2,-0.5409196732554659,-0.5311769989010545
290,1547352000,88,24,0,112,2,-0.5409196732554659,-0.9868036587899239
290,1547366400,19,26,7,45,2,-0.5015167039945374,-1.1079424929667265
290,1547380800,80,154,74,234,2,-0.12437399821136581,-0.7662224980500745
290,1547395200,217,216,0,433,2,-0.5409196732554659,-0.4064220801219593
290,1547409600,216,180,0,396,2,-0.5409196732554659,-0.4733196452643727
290,1547424000,136,54,0,190,2,-0.5409196732554659,-0.845776359300512
290,1547438400,25,13,0,38,2,-0.5409196732554659,-1.1205987890747506
290,1547452800,72,279,207,351,2,0.6242824177462734,-0.5546815488159565
290,1547467200,364,942,578,1306,2,2.7126397885754776,1.171998848778767
290,1547481600,502,329,0,831,2,-0.5409196732554659,0.313178755734271
290,1547496000,1213,350,0,1563,2,-0.5409196732554659,1.636665720173368
290,1547510400,297,104,0,401,3,-0.5475239144411965,-0.3051894681776185
290,1547524800,30,15,0,45,3,-0.5475239144411965,-1.0120183362136814
290,1547539200,81,314,233,395,3,1.1544589622015389,-0.3171023142681139
290,1547541619,31,184,153,215,3,0.5700871590624023,-0.6744876969829773
290,1547553600,369,740,371,1109,3,2.1625003226165496,1.100526370500844
290,1547568000,551,418,0,969,3,-0.5475239144411965,0.8225599617226169
290,1547582400,1383,418,0,1801,3,-0.5475239144411965,2.4744746196046514
290,1547596800,348,110,0,458,3,-0.5475239144411965,-0.19201743031791174
290,1547611200,31,16,0,47,3,-0.5475239144411965,-1.0080473875168496
290,1547625600,65,284,219,349,3,1.05219389665219,-0.40843413429524567
290,1547627175,16,102,86,118,3,0.0806757739333753,-0.8670787087793203
290,1547640000,373,829,456,1202,3,2.7833953634518824,1.2851754849035233
290,1547654400,589,417,0,1006,3,-0.5475239144411965,0.8960225126140055
290,1547668800,1326,443,0,1769,3,-0.5475239144411965,2.410939440455343
290,1547683200,360,103,0,463,3,-0.5475239144411965,-0.18209005857583221
290,1547697600,36,19,0,55,3,-0.5475239144411965,-0.9921635927295224
290,1547712000,64,290,226,354,3,1.1033264294268643,-0.39850676255316614
290,1547726400,367,836,469,1203,3,2.878355781461992,1.2871609592519393
290,1547740800,587,418,0,1005,3,-0.5475239144411965,0.8940370382655896
290,1547755200,1326,460,0,1786,3,-0.5475239144411965,2.444692504378413
290,1547769600,362,109,0,471,3,-0.5475239144411965,-0.16620626378850495
290,1547784000,52,25,0,77,3,-0.5475239144411965,-0.9484831570643725
290,1547797703,19,236,217,255,3,1.0375846015737116,-0.595068723046341
290,1547798400,60,99,39,159,3,-0.2626426604108675,-0.785674260494268
290,1547812800,337,851,514,1188,3,3.2070649207277566,1.2573788440257005
290,1547827200,595,388,0,983,3,-0.5475239144411965,0.8503566026004397
290,1547841600,1153,457,0,1610,3,-0.5475239144411965,2.0952490190572135
290,1547856000,317,141,0,458,3,-0.5475239144411965,-0.19201743031791174
290,1547870400,79,34,0,113,3,-0.5475239144411965,-0.8770060805213998
290,1547884800,17,58,41,75,3,-0.24803336533238904,-0.9524541057612043
290,1547899200,122,175,53,297,3,-0.16037759486151856,-0.5116788004128728
290,1547913600,276,280,4,556,3,-0.5183053242842397,0.0025590558268471747
290,1547928000,291,280,0,571,3,-0.5475239144411965,0.03234117105308579
290,1547942400,233,136,0,369,3,-0.5475239144411965,-0.3687246473269275
290,1547956800,65,25,0,90,3,-0.5475239144411965,-0.9226719905349656
290,1547971200,16,20,4,36,3,-0.5183053242842397,-1.0298876053494246
290,1547985600,70,104,34,174,3,-0.2991658981070635,-0.7558921452680294
290,1548000000,181,200,19,381,3,-0.4087356111956516,-0.3448989551459366
290,1548014400,251,201,0,452,3,-0.5475239144411965,-0.2039302764084072
290,1548028800,148,78,0,226,3,-0.5475239144411965,-0.6526474791504022
290,1548043200,28,18,0,46,3,-0.5475239144411965,-1.0100328618652656
290,1548057600,29,141,112,170,3,0.2705966099535947,-0.7638340426616931
290,1548072000,148,271,123,419,3,0.350947732885226,-0.2694509299061321
290,1548086400,296,192,0,488,3,-0.5475239144411965,-0.13245319986543452
290,1548100800,343,205,0,548,3,-0.5475239144411965,-0.013324738960480085
290,1548115200,146,47,0,193,4,-0.4763994792687428,-0.7715167229517572
290,1548129600,18,17,0,35,4,-0.4763994792687428,-1.0722123337641034
290,1548144000,73,296,223,369,4,0.8984016569209073,-0.43656465014813095
290,1548146345,29,196,167,225,4,0.5531601159943584,-0.7106163460783707
290,1548158400,381,739,358,1120,4,1.7306803716545522,0.9926910695991606
290,1548172800,494,436,0,930,4,-0.4763994792687428,0.6310950819134278
290,1548187200,1241,369,0,1610,4,-0.4763994792687428,1.925228090472893
290,1548201600,306,110,0,416,4,-0.4763994792687428,-0.34711722161534436
290,1548216000,36,17,0,53,4,-0.4763994792687428,-1.0379558717728237
290,1548230400,63,276,213,339,4,0.8367513817554523,-0.4936587534669309
290,1548244800,402,896,494,1298,4,2.5691241139047425,1.3314494159573735
290,1548259200,568,464,0,1032,4,-0.4763994792687428,0.8252150331973476
290,1548273600,1244,371,0,1615,4,-0.4763994792687428,1.9347437743593596
290,1548288000,354,99,0,453,4,-0.4763994792687428,-0.2767011608554911
290,1548302400,35,16,0,51,4,-0.4763994792687428,-1.0417621453274102
290,1548316800,82,280,198,362,4,0.7442759690072694,-0.44988660758918425
290,1548331200,460,935,475,1395,4,2.4519885910903776,1.5160536833548266
290,1548344098,540,271,0,811,4,-0.4763994792687428,0.4046218054155214
290,1548344178,5,1,0,6,4,-0.4763994792687428,-1.12740330030561
290,1548345600,418,407,0,825,4,-0.4763994792687428,0.431265720297628
290,1548349816,253,20,0,273,4,-0.4763994792687428,-0.6192657807682908
290,1548349881,71,122,51,193,4,-0.16198307592492145,-0.7715167229517572
290,1548349945,110,51,0,161,4,-0.4763994792687428,-0.8324170998251438
290,1548357312,336,112,0,448,4,-0.4763994792687428,-0.2862168447419578
290,1548360000,896,343,0,1239,4,-0.4763994792687428,1.2191643460970671
290,1548374400,1620,333,0,1953,4,-0.4763994792687428,2.5780040050845052
290,1548388800,53,20,0,73,4,-0.4763994792687428,-0.999893136226957
290,1548403200,80,253,173,333,4,0.5901502810936315,-0.5050775741306909
290,1548417600,368,879,511,1247,4,2.6739295816860165,1.2343894403154136
290,1548432000,526,441,0,967,4,-0.4763994792687428,0.701511142673281
290,1548446400,1143,505,0,1648,4,-0.4763994792687428,1.9975472880100393
290,1548460800,383,168,0,551,4,-0.4763994792687428,-0.0901937566807447
290,1548475200,90,20,0,110,4,-0.4763994792687428,-0.9294770754671037
290,1548489600,30,62,32,92,4,-0.27911859873928624,-0.9637335374583836
290,1548504000,135,205,70,340,4,-0.04484755311055664,-0.4917556166896376
290,1548518400,279,272,0,551,4,-0.4763994792687428,-0.0901937566807447
290,1548532800,372,301,0,673,4,-0.4763994792687428,0.14198893014904168
290,1548547200,212,152,0,364,4,-0.4763994792687428,-0.4460803340345976
290,1548561600,107,21,0,128,4,-0.4763994792687428,-0.8952206134758237
290,1548576000,19,24,5,43,4,-0.44557434168601523,-1.056987239545757
290,1548590400,95,123,28,218,4,-0.3037787088054683,-0.7239383035194239
290,1548604800,246,246,0,492,4,-0.4763994792687428,-0.20247882654105123
290,1548619200,250,180,0,430,4,-0.4763994792687428,-0.32047330673323776
290,1548633600,149,74,0,223,4,-0.4763994792687428,-0.7144226196329573
290,1548648000,28,22,0,50,4,-0.4763994792687428,-1.0436652821047037
290,1548662400,82,261,179,343,4,0.6271404461929047,-0.4860462063577576
290,1548670637,275,295,20,570,4,-0.35309892893783246,-0.05403415791217141
290,1548670698,2,0,0,2,4,-0.4763994792687428,-1.1350158474147833
290,1548676800,193,937,744,1130,4,4.1103809930411215,1.0117224373720939
290,1548691200,509,360,0,869,4,-0.4763994792687428,0.5150037384985345
290,1548705600,1286,380,0,1666,4,-0.4763994792687428,2.0318037500013193
290,1548720000,282,86,0,368,5,-0.5025600665128509,-0.5572046460741473
290,1548734400,26,16,0,42,5,-0.5025600665128509,-1.1197006657485034
290,1548748800,81,252,171,333,5,0.48649356822279816,-0.6175953230330505
290,1548763200,369,927,558,1296,5,2.724878109992951,1.0440110172933448
290,1548777600,567,447,0,1014,5,-0.5025600665128509,0.5574347057958957
290,1548792000,1355,419,0,1774,5,-0.5025600665128509,1.868775119760652
290,1548806400,319,105,0,424,5,-0.5025600665128509,-0.46057956293990204
290,1548820800,35,21,0,56,5,-0.5025600665128509,-1.095544394964942
290,1548835200,74,276,202,350,5,0.6657956891397872,-0.5882627085101547
290,1548849600,387,922,535,1309,5,2.591847504151314,1.0664418401637945
290,1548864000,562,390,0,952,5,-0.5025600665128509,0.4504569351829813
290,1548878400,1280,357,0,1637,5,-0.5025600665128509,1.6323887556643737
290,1548892800,273,94,0,367,5,-0.5025600665128509,-0.5589300939872588
290,1548907200,33,12,0,45,5,-0.5025600665128509,-1.1145243220091687
290,1548921600,71,261,190,332,5,0.5963884165267591,-0.619320770946162
290,1548936000,356,951,595,1307,5,2.938883867216454,1.0629909443375716
290,1548950400,550,357,0,907,5,-0.5025600665128509,0.37281177909296287
290,1548962698,1294,46,0,1340,5,-0.5025600665128509,1.1199307254702517
290,1548962778,419,157,0,576,5,-0.5025600665128509,-0.1983114801469508
290,1548962859,223,331,108,554,5,0.12210538700440113,-0.23627133423540425
290,1548964800,1365,200,0,1565,5,-0.5025600665128509,1.5081565059203441
290,1548979200,275,118,0,393,5,-0.5025600665128509,-0.5140684482463592
290,1548993600,42,21,0,63,5,-0.5025600665128509,-1.0834662595731614
290,1549008000,75,248,173,323,5,0.4980614469916361,-0.6348498021641658
290,1549022400,330,791,461,1121,5,2.163835989704308,0.7420576324988285
290,1549036800,689,342,0,1031,5,-0.5025600665128509,0.5867673203187915
290,1549051200,1708,419,0,2127,5,-0.5025600665128509,2.477858233089019
290,1549065600,369,127,0,496,5,-0.5025600665128509,-0.3363473131958725
290,1549080000,83,30,0,113,5,-0.5025600665128509,-0.9971938639175852
290,1549094400,23,60,37,83,5,-0.2885543092893479,-1.048957301310931
290,1549108800,113,195,82,308,5,-0.02827703699049287,-0.6607315208608385
290,1549123200,359,304,0,663,5,-0.5025600665128509,-0.04819751170624841
290,1549137600,426,314,0,740,5,-0.5025600665128509,0.08466197760333875
290,1549152000,238,192,0,430,5,-0.5025600665128509,-0.4502268754612329
290,1549166400,91,33,0,124,5,-0.5025600665128509,-0.9782139368733586
290,1549180800,20,28,8,48,5,-0.45628855143749886,-1.1093479782698341
290,1549195200,96,129,33,225,5,-0.3116900668270239,-0.8039436976490949
290,1549209600,282,225,0,507,5,-0.5025600665128509,-0.3173673861516458
290,1549224000,309,185,0,494,5,-0.5025600665128509,-0.33979820902209557
290,1549238400,131,55,0,186,5,-0.5025600665128509,-0.8712361662604442
290,1549252800,19,12,0,31,5,-0.5025600665128509,-1.1386805927927302
290,1549267200,76,258,182,334,5,0.5501169014514071,-0.615869875119939
290,1549281600,363,938,575,1301,5,2.823205079528074,1.0526382568589023
290,1549296000,886,374,0,1260,5,-0.5025600665128509,0.98189489242133
290,1549310400,1818,325,0,2143,5,-0.5025600665128509,2.5054653996988034
290,1549324800,294,86,0,380,6,-0.5414604744897411,-0.5633767290441903
290,1549339200,34,14,0,48,6,-0.5414604744897411,-1.1636002245967723
290,1549353600,72,304,232,376,6,0.7219472993196547,-0.5706083374243419
290,1549368000,318,948,630,1266,6,2.8893451181823253,1.0384245271593864
290,1549382400,591,414,0,1005,6,-0.5414604744897411,0.5665620803544953
290,1549396800,1292,421,0,1713,6,-0.5414604744897411,1.8465567636413265
290,1549411200,330,104,0,434,6,-0.5414604744897411,-0.46575001591214393
290,1549425600,32,20,0,52,6,-0.5414604744897411,-1.1563686162166207
290,1549440000,82,302,220,384,6,0.6565986213639964,-0.5561451206640388
290,1549454400,403,949,546,1352,6,2.4319043724927165,1.1939041073326455
290,1549468800,636,417,0,1053,6,-0.5414604744897411,0.6533413809163143
290,1549483200,1358,396,0,1754,6,-0.5414604744897411,1.92068074953788
290,1549497600,356,113,0,469,6,-0.5414604744897411,-0.4024734425858175
290,1549512000,50,20,0,70,6,-0.5414604744897411,-1.1238263785059384
290,1549526400,73,293,220,366,6,0.6565986213639964,-0.5886873583747209
290,1549540800,384,925,541,1309,6,2.4046757566778587,1.116164317246016
290,1549555200,628,440,0,1068,6,-0.5414604744897411,0.6804599123418829
290,1549569600,1362,441,0,1803,6,-0.5414604744897411,2.0092679521947368
290,1549584000,374,121,0,495,6,-0.5414604744897411,-0.3554679881148322
290,1549598400,53,19,0,72,6,-0.5414604744897411,-1.1202105743158626
290,1549612800,74,289,215,363,6,0.6293700055491387,-0.5941110646598345
290,1549627200,401,936,535,1337,6,2.3720014177000297,1.166785575907077
290,1549641600,619,464,0,1083,6,-0.5414604744897411,0.7075784437674513
290,1549656000,1214,493,0,1707,6,-0.5414604744897411,1.8357093510710991
290,1549670400,374,176,0,550,6,-0.5414604744897411,-0.25603337288774786
290,1549684800,95,37,0,132,6,-0.5414604744897411,-1.011736448613589
290,1549699200,22,68,46,90,6,-0.29095720899305055,-1.0876683366051805
290,1549713600,129,210,81,339,6,-0.10035689828904686,-0.6375007149407441
290,1549728000,301,370,69,671,6,-0.16570557624470525,-0.0372772193881623
290,1549742400,391,363,0,754,6,-0.5414604744897411,0.11277865449998314
290,1549756800,291,212,0,503,6,-0.5414604744897411,-0.341004771354529
290,1549771200,101,30,0,131,6,-0.5414604744897411,-1.0135443507086268
290,1549785600,19,25,6,44,6,-0.5087861355119119,-1.1708318329769238
290,1549800000,101,154,53,255,6,-0.2528371468522498,-0.7893644909239275
290,1549814400,260,232,0,492,6,-0.5414604744897411,-0.3608916943999459
290,1549828800,267,177,0,444,6,-0.5414604744897411,-0.44767099496176493
290,1549843200,173,58,0,231,6,-0.5414604744897411,-0.832754141204837
290,1549857600,22,16,0,38,6,-0.5414604744897411,-1.1816792455471512
290,1549872000,80,332,252,412,6,0.8308617625790854,-0.5055238620029776
290,1549886400,417,947,530,1364,6,2.344772801885172,1.2155989324731002
290,1549900800,593,389,0,982,6,-0.5414604744897411,0.5249803321686237
290,1549915200,1234,423,0,1657,6,-0.5414604744897411,1.7453142463192042
290,1549929600,340,97,0,437,7,-0.4702464952137065,-0.33865280563618816
290,1549944000,40,32,0,72,7,-0.4702464952137065,-1.0498812688919987
290,1549958400,80,283,203,363,7,0.7199608426295427,-0.48284706941955796
290,1549972800,353,868,515,1221,7,2.5492450269009406,1.1890269620146487
290,1549987200,529,365,0,894,7,-0.4702464952137065,0.5518442017827307
290,1550001600,1189,386,0,1575,7,-0.4702464952137065,1.8788211428161745
290,1550016000,292,80,0,372,7,-0.4702464952137065,-0.46530992922968867
290,1550030400,45,29,0,74,7,-0.4702464952137065,-1.0459841266275833
290,1550044800,99,297,198,396,7,0.6906453909585267,-0.4185442220567039
290,1550059200,420,982,562,1402,7,2.8248102726084907,1.5417183369442424
290,1550073600,633,460,0,1093,7,-0.4702464952137065,0.9396098570920631
290,1550088000,1320,423,0,1743,7,-0.4702464952137065,2.206181093027068
290,1550102400,383,91,0,474,7,-0.4702464952137065,-0.2665556737445033
290,1550116800,43,27,0,70,7,-0.4702464952137065,-1.0537784111564141
290,1550131200,75,274,199,349,7,0.6965084812927299,-0.5101270652704658
290,1550145600,346,953,607,1299,7,3.0886493376476345,1.3410155103268493
290,1550154088,285,88,0,373,7,-0.4702464952137065,-0.46336135809748097
290,1550160000,455,415,0,870,7,-0.4702464952137065,0.505078494609746
290,1550174400,1769,449,0,2218,7,-0.4702464952137065,3.1317523808257257
290,1550188800,327,104,0,431,7,-0.4702464952137065,-0.35034423242943435
290,1550203200,72,34,0,106,7,-0.4702464952137065,-0.983629850396937
290,1550217600,69,285,216,354,7,0.7961810169741843,-0.5003842096094273
290,1550228521,115,767,652,882,7,3.3524884026867783,0.5284613481962384
290,1550232000,364,409,45,773,7,-0.20640743017456256,0.3160670947855991
290,1550246400,647,422,0,1069,7,-0.4702464952137065,0.8928441499190783
290,1550260800,1141,466,0,1607,7,-0.4702464952137065,1.9411754190468211
290,1550275200,375,172,0,547,7,-0.4702464952137065,-0.12430998109334115
290,1550289600,87,27,0,114,7,-0.4702464952137065,-0.9680412813392754
290,1550304000,19,62,43,81,7,-0.21813361084296898,-1.0323441287021293
290,1550318400,126,179,53,305,7,-0.15950270750093698,-0.5958641950876046
290,1550332800,281,306,25,587,7,-0.32366923685862653,-0.04636713580503315
290,1550347200,384,327,0,711,7,-0.4702464952137065,0.19525568458872167
290,1550361600,224,160,0,384,7,-0.4702464952137065,-0.4419270756431963
290,1550376000,101,22,0,123,7,-0.4702464952137065,-0.9505041411494061
290,1550390400,27,28,1,55,7,-0.4643834048795033,-1.0830069781395297
290,1550404800,86,147,61,233,7,-0.11259798482731141,-0.736161316606559
290,1550419200,254,262,8,516,7,-0.4233417725400809,-0.18471568619177986
290,1550433600,260,228,0,488,7,-0.4702464952137065,-0.23927567789359547
290,1550448000,191,97,0,288,7,-0.4702464952137065,-0.6289899043351355
290,1550462400,41,30,0,71,7,-0.4702464952137065,-1.0518298400242063
290,1550476800,36,88,52,124,7,-0.1653657978351402,-0.9485555700171984
290,1550491200,166,255,89,421,7,0.05156854453037814,-0.36982994375151135
290,1550505600,314,298,0,612,7,-0.4702464952137065,0.0023471425001593558
290,1550520000,390,308,0,698,7,-0.4702464952137065,0.16992425987002158
290,1550534400,195,92,0,287,8,-0.6091887992329111,-0.8382464822536222
290,1550548800,23,18,0,41,8,-0.6091887992329111,-1.2822023783834686
290,1550563200,75,298,223,373,8,0.5887750652198153,-0.6830423884846515
290,1550577600,359,876,517,1235,8,2.1681534336014368,0.8726079467345663
290,1550592000,522,451,0,973,8,-0.6091887992329111,0.3997768703686324
290,1550606400,1248,413,0,1661,8,-0.6091887992329111,1.6414096205203978
290,1550620800,376,128,0,504,8,-0.6091887992329111,-0.44662685030168453
290,1550635200,36,14,0,50,8,-0.6091887992329111,-1.2659600895006693
290,1550649600,76,284,208,360,8,0.508194536220753,-0.7065034724264727
290,1550664000,348,891,543,1239,8,2.3078263505331447,0.8798267417935882
290,1550678400,570,387,0,957,8,-0.6091887992329111,0.3709016901325448
290,1550692800,1182,389,0,1571,8,-0.6091887992329111,1.4789867316924055
290,1550707200,298,115,0,413,8,-0.6091887992329111,-0.6108544378944326
290,1550721600,43,39,0,82,8,-0.6091887992329111,-1.2082097290284943
290,1550736000,80,250,170,330,8,0.3040571960897951,-0.7606444353691368
290,1550736482,4,27,23,31,8,-0.4856319881010156,-1.3002493660310233
290,1550750400,368,870,502,1238,8,2.0875729046023745,0.8780220430288328
290,1550764800,539,478,0,1017,8,-0.6091887992329111,0.4791836160178732
290,1550779200,1281,465,0,1746,8,-0.6091887992329111,1.7948090155246132
290,1550793600,424,149,0,573,8,-0.6091887992329111,-0.3221026355335569
290,1550808000,42,35,0,77,8,-0.6091887992329111,-1.2172332228522715
290,1550822400,76,258,182,334,8,0.368521619289045,-0.7534256403101149
290,1550836800,345,812,467,1157,8,1.8995516702712292,0.7318414430836394
290,1550851200,572,445,0,1017,8,-0.6091887992329111,0.4791836160178732
290,1550865600,1125,396,0,1521,8,-0.6091887992329111,1.3887517934546316
290,1551484800,9692,6748,0,16440,9,-0.457085962136317,4.106153292151032
290,1551499200,96,28,0,124,9,-0.457085962136317,-0.32444075178005927
290,1551513600,22,48,26,70,9,-0.17635600113920893,-0.3391043996332267
290,1551528000,120,203,83,323,9,0.43909045181598955,-0.27040249395079435
290,1551542400,289,298,9,587,9,-0.35991020640654886,-0.19871354889086493
290,1551556800,370,354,0,724,9,-0.457085962136317,-0.16151133118931066
290,1551571200,286,159,0,445,9,-0.457085962136317,-0.23727351176400877
290,1551585600,89,30,0,119,9,-0.457085962136317,-0.32579849695164886
290,1551600000,21,34,13,55,9,-0.31672098163776297,-0.3431776351479954
290,1551614400,105,179,74,284,9,0.3419146960862213,-0.280992906289193
290,1551628800,272,256,0,528,9,-0.457085962136317,-0.21473494191562187
290,1551643200,252,194,0,446,9,-0.457085962136317,-0.23700196272969085
290,1551657600,156,68,0,224,9,-0.457085962136317,-0.2972858483482679
290,1551672000,26,14,0,40,9,-0.457085962136317,-0.3472508706627641
290,1551686400,61,244,183,305,9,1.5188210710356358,-0.2752903765685168
290,1551700800,304,678,374,982,9,3.581106553745161,-0.09145168033528873
290,1551715200,416,309,0,725,9,-0.457085962136317,-0.16123978215499274
290,1551729600,969,348,0,1317,9,-0.457085962136317,-0.00048275383878741706
290,1551744000,282,94,0,376,10,-0.5427048912184299,-0.5754649704766658
290,1551758400,41,21,0,62,10,-0.5427048912184299,-1.1546188189692075
290,1551772800,86,294,208,380,10,0.7003047239051647,-0.5680872144449136
290,1551787200,407,941,534,1348,10,2.6484832553007984,1.2173297452391008
290,1551801600,574,469,0,1043,10,-0.5427048912184299,0.6547758478180011
290,1551816000,1333,449,0,1782,10,-0.5427048912184299,2.0178162746842063
290,1551830400,364,117,0,481,10,-0.5427048912184299,-0.38179887464317247
290,1551844800,49,28,0,77,10,-0.5427048912184299,-1.1269522338501372
290,1551859200,73,307,234,380,10,0.8556809257956141,-0.5680872144449136
290,1551873600,397,955,558,1352,10,2.7919074416612135,1.2247075012708528
290,1551888000,641,436,0,1077,10,-0.5427048912184299,0.7174867740878942
290,1551902400,1304,429,0,1733,10,-0.5427048912184299,1.9274387632952428
290,1551916800,377,119,0,496,10,-0.5427048912184299,-0.35413228952410203
290,1551931200,31,22,0,53,10,-0.5427048912184299,-1.1712187700406498
290,1551944663,29,235,206,264,10,0.6883527083751302,-0.7820421393657253
290,1551945600,79,109,30,188,10,-0.3634246582679114,-0.9222195039690156
290,1551960000,372,929,557,1301,10,2.785931433896196,1.1306411118660131
290,1551974400,603,510,0,1113,10,-0.5427048912184299,0.7838865783736633
290,1551988800,1339,448,0,1787,10,-0.5427048912184299,2.0270384697238963
290,1552003200,391,162,0,553,10,-0.5427048912184299,-0.24899926607163422
290,1552017600,49,38,0,87,10,-0.5427048912184299,-1.1085078437707567
290,1552032000,70,294,224,364,10,0.7959208481454413,-0.5975982385719222
290,1552046400,404,844,440,1248,10,2.086738525389174,1.0328858444452975
290,1552060800,647,429,0,1076,10,-0.5427048912184299,0.7156423350799561
290,1552075200,1186,518,0,1704,10,-0.5427048912184299,1.8739500320650397
290,1552089600,402,195,0,597,10,-0.5427048912184299,-0.16784394972236086
290,1552104000,109,41,0,150,10,-0.5427048912184299,-0.9923081862706609
290,1552118400,39,61,22,100,10,-0.4112327203880497,-1.0845301366675624
290,1552132800,146,227,81,373,10,-0.05864826225203006,-0.5809982875004799
290,1552147200,338,344,6,682,10,-0.5068488446283261,-0.011066634047628188
290,1552161600,385,375,0,760,10,-0.5427048912184299,0.13279960857153825
290,1552176000,332,187,0,519,10,-0.5427048912184299,-0.3117101923415273
290,1552194000,120,23,0,143,10,-0.5427048912184299,-1.005219259326227
290,1552208400,32,40,8,72,10,-0.49489682909829164,-1.1361744288898272
290,1552222800,96,174,78,270,10,-0.07657628554708192,-0.7709755053180971
290,1552237200,274,245,0,519,10,-0.5427048912184299,-0.3117101923415273
290,1552251600,243,177,0,420,10,-0.5427048912184299,-0.49430965412739236
290,1552266000,113,57,0,170,10,-0.5427048912184299,-0.9554194061119002
290,1552280400,12,19,7,31,10,-0.5008728368633089,-1.2117964282152867
290,1552294800,188,540,352,728,10,1.5608498420676533,0.07377756031752125
290,1552309200,343,703,360,1046,10,1.6086579041877915,0.6603091648418152
290,1552323600,775,364,0,1139,10,-0.5427048912184299,0.8318419925800521
290,1552338000,1129,411,0,1540,10,-0.5427048912184299,1.5714620347632027
290,1552352400,253,80,0,333,11,-0.5745206635568733,-0.6918574237300454
290,1552366800,21,25,4,46,11,-0.5497419388498065,-1.2442065288052486
290,1552381200,192,578,386,770,11,1.8166262706750682,0.14917588260397474
290,1552395600,345,720,375,1065,11,1.7484847777306345,0.7169214784129815
290,1552410000,784,489,0,1273,11,-0.5745206635568733,1.1172302374918743
290,1552424400,1239,381,0,1620,11,-0.5745206635568733,1.7850530230706043
290,1552438800,281,57,0,338,11,-0.5745206635568733,-0.6822346170214182
290,1552453200,23,35,12,58,11,-0.5001844894356731,-1.2211117927045434
290,1552467600,216,619,403,835,11,1.9219358506801019,0.2742723698161288
290,1552482000,396,767,371,1163,11,1.723706053023568,0.9055284899020752
290,1552496400,801,471,0,1272,11,-0.5745206635568733,1.115305676150149
290,1552510800,1242,426,0,1668,11,-0.5745206635568733,1.8774319674734259
290,1552525200,283,48,0,331,11,-0.5745206635568733,-0.6957065464134964
290,1552539600,19,31,12,50,11,-0.5001844894356731,-1.236508283438347
290,1552552172,113,153,40,266,11,-0.32673341648620574,-0.8208030336256504
290,1552554000,89,550,461,639,11,2.28122735893257,-0.10294165316205878
290,1552568400,384,749,365,1133,11,1.6865379659629678,0.8477916496503118
290,1552582800,756,440,0,1196,11,-0.5745206635568733,0.9690390141790151
290,1552597200,1195,458,0,1653,11,-0.5745206635568733,1.8485635473475441
290,1552611600,1096,74,0,1170,11,-0.5745206635568733,0.9190004192941534
290,1552626000,24,29,5,53,11,-0.5435472576730398,-1.2307345994131706
290,1552640400,189,566,377,755,11,1.7608741400841679,0.12030746247809304
290,1552654800,353,638,285,991,11,1.1909634718216326,0.5745039391252984
290,1552669200,809,449,0,1258,11,-0.5745206635568733,1.0883618173659928
290,1552683600,1032,474,0,1506,11,-0.5745206635568733,1.5656530301139036
290,1552698000,345,83,0,428,11,-0.5745206635568733,-0.509024096266128
290,1552712400,47,26,0,73,11,-0.5745206635568733,-1.1922433725786616
290,1552726800,54,115,61,169,11,-0.19664511177410532,-1.0074854837730187
290,1552741200,167,182,15,349,11,-0.48160044590537293,-0.6610644422624383
290,1552755600,379,228,0,607,11,-0.5745206635568733,-0.16452761609727307
290,1552770000,351,201,0,552,11,-0.5745206635568733,-0.27037848989217267
290,1552784400,236,89,0,325,11,-0.5745206635568733,-0.707253914463849
290,1552798800,55,12,0,67,11,-0.5745206635568733,-1.2037907406290143
290,1552813200,32,41,9,73,11,-0.518768532965973,-1.1922433725786616
290,1552827600,146,129,0,275,11,-0.5745206635568733,-0.8034819815501214
290,1552842000,239,168,0,407,11,-0.5745206635568733,-0.5494398844423625
290,1552856400,219,152,0,371,11,-0.5745206635568733,-0.6187240927444785
290,1552870800,113,51,0,164,11,-0.5745206635568733,-1.017108290481646
290,1552885200,19,19,0,38,11,-0.5745206635568733,-1.2596030195390522
290,1552899600,192,601,409,793,11,1.959103937740702,0.19344079346366
290,1552914000,311,709,398,1020,11,1.8909624447962683,0.6303162180353364
290,1552928400,709,360,0,1069,11,-0.5745206635568733,0.7246197237798833
290,1552942800,1169,386,0,1555,11,-0.5745206635568733,1.6599565358584505
290,1552957200,279,117,0,396,12,-0.5612449180930518,-0.6303394263763853
290,1552971600,46,27,0,73,12,-0.5612449180930518,-1.1743425218800458
290,1552986000,180,596,416,776,12,2.1246140818855292,0.009664215392627228
290,1553000400,383,745,362,1128,12,1.7759689232344633,0.6025096940839231
290,1553014800,902,386,0,1288,12,-0.5612449180930518,0.8719849116708757
290,1553029200,1485,403,0,1888,12,-0.5612449180930518,1.882516977621948
290,1553043600,341,98,0,439,12,-0.5612449180930518,-0.5579179616498917
290,1553058000,34,26,0,60,12,-0.5612449180930518,-1.1962373833089859
290,1553072400,184,616,432,800,12,2.2279163511154745,0.050085498030670125
290,1553086800,424,746,322,1170,12,1.5177132501595998,0.6732469387004981
290,1553101200,937,425,0,1362,12,-0.5612449180930518,0.9966171998048412
290,1553115600,1570,452,0,2022,12,-0.5612449180930518,2.108202472351021
290,1553130000,388,101,0,489,12,-0.5612449180930518,-0.47370695615396907
290,1553144400,33,21,0,54,12,-0.5612449180930518,-1.2063427039684966
290,1553158800,171,595,424,766,12,2.176265216500502,-0.007177985706557311
290,1553173200,495,738,243,1233,12,1.0076582958367444,0.7793528056253607
290,1553187600,1060,477,0,1537,12,-0.5612449180930518,1.2913557190405707
290,1553202000,1713,391,0,2104,12,-0.5612449180930518,2.246308521364334
290,1553216400,395,111,0,506,12,-0.5612449180930518,-0.44507521428535535
290,1553230800,47,25,0,72,12,-0.5612449180930518,-1.1760267419899644
290,1553245200,146,541,395,687,12,1.9890298535212259,-0.14023137439011518
290,1553259600,365,647,282,1012,12,1.2594575770847363,0.4071401613333824
290,1553274000,907,346,0,1253,12,-0.5612449180930518,0.8130372078237298
290,1553288400,1222,421,0,1643,12,-0.5612449180930518,1.4698830506919267
290,1553302800,342,85,0,427,12,-0.5612449180930518,-0.5781286029689132
290,1553317200,71,25,0,96,12,-0.5612449180930518,-1.1356054593519214
290,1553331600,57,104,47,161,12,-0.25779450223008704,-1.026131152207222
290,1553346000,192,182,0,374,12,-0.5612449180930518,-0.6673922687945912
290,1553360400,468,256,0,724,12,-0.5612449180930518,-0.07791523032313238
290,1553374800,486,258,0,744,12,-0.5612449180930518,-0.0442308281247633
290,1553389200,270,89,0,359,12,-0.5612449180930518,-0.6926555704433681
290,1553403600,55,17,0,72,12,-0.5612449180930518,-1.1760267419899644
290,1553418000,28,51,23,79,12,-0.41274790607500517,-1.164237201220535
290,1553432400,171,147,0,318,12,-0.5612449180930518,-0.7617085949500246
290,1553446800,378,157,0,535,12,-0.5612449180930518,-0.3962328310977202
290,1553461200,376,129,0,505,12,-0.5612449180930518,-0.44675943439527377
290,1553475600,185,34,0,219,12,-0.5612449180930518,-0.9284463858319516
290,1553490000,18,17,0,35,12,-0.5612449180930518,-1.2383428860569472
290,1553504400,180,582,402,762,12,2.034224596309327,-0.013914866146231128
290,1553518800,359,662,303,1021,12,1.3950418054490397,0.42229814232264845
290,1553533200,868,351,0,1219,12,-0.5612449180930518,0.7557737240865023
290,1553547600,1565,378,0,1943,12,-0.5612449180930518,1.975149083667463
290,1553562000,321,89,0,410,13,-0.5903574710658808,-0.577515572374909
290,1553576400,26,19,0,45,13,-0.5903574710658808,-1.2860073877164067
290,1553590800,185,600,415,785,13,2.3041378090124045,0.15038697763347905
290,1553605200,411,709,298,1120,13,1.488099380652984,0.8006465889743057
290,1553619600,873,438,0,1311,13,-0.5903574710658808,1.1713916211119113
290,1553634000,1566,344,0,1910,13,-0.5903574710658808,2.334094627658643
290,1553648400,306,85,0,391,13,-0.5903574710658808,-0.6143959682420007
290,1553662800,48,15,0,63,13,-0.5903574710658808,-1.251068065316004
290,1553677200,188,636,448,824,13,2.534302493934292,0.2260888428343514
290,1553691600,448,759,311,1207,13,1.5787703171373642,0.9695199805762518
290,1553706000,792,437,0,1229,13,-0.5903574710658808,1.0122235968434106
290,1553720400,1151,401,0,1552,13,-0.5903574710658808,1.6391903265839687
290,1553734800,332,117,0,449,13,-0.5903574710658808,-0.5018137071740366
290,1553749200,25,23,0,48,13,-0.5903574710658808,-1.2801841673163397
290,1553763600,187,523,336,710,13,1.7531375026842486,0.00480646763180143
290,1553778000,398,740,342,1138,13,1.7949856272155011,0.8355859113747084
290,1553792400,757,439,0,1196,13,-0.5903574710658808,0.9481681724426724
290,1553806800,1177,430,0,1607,13,-0.5903574710658808,1.7459493672518658
290,1553821200,338,113,0,451,13,-0.5903574710658808,-0.4979315602406586
290,1553835600,38,18,0,56,13,-0.5903574710658808,-1.2646555795828274
290,1553850000,165,504,339,669,13,1.774061564949875,-0.074777544502449
290,1553864400,413,668,255,1081,13,1.1881878215123425,0.7249447237734333
290,1553878800,847,455,0,1302,13,-0.5903574710658808,1.15392195991171
290,1553893200,978,431,0,1409,13,-0.5903574710658808,1.3616168208474368
290,1553907600,340,125,0,465,13,-0.5903574710658808,-0.4707565317070121
290,1553922000,79,34,0,113,13,-0.5903574710658808,-1.1540143919815524
290,1553936400,42,84,42,126,13,-0.2974205993471146,-1.1287804369145948
290,1553950800,148,201,53,349,13,-0.22069903770648538,-0.6959210538429401
290,1553965200,359,266,0,625,13,-0.5903574710658808,-0.16018477703676653
290,1553979600,391,273,0,664,13,-0.5903574710658808,-0.08448291183589417
290,1553994000,298,128,0,426,13,-0.5903574710658808,-0.5464583969078844
290,1554008400,58,15,0,73,13,-0.5903574710658808,-1.2316573306491136
290,1554022800,24,56,32,80,13,-0.3671674735658685,-1.2180698163822905
290,1554037200,126,204,78,330,13,-0.04633185215960075,-0.7328014497100318
290,1554051600,292,231,0,523,13,-0.5903574710658808,-0.3581742706390481
290,1554066000,222,165,0,387,13,-0.5903574710658808,-0.6221602621087569
290,1554080400,146,44,0,190,13,-0.5903574710658808,-1.0045517350464968
290,1554094800,19,13,0,32,13,-0.5903574710658808,-1.3112413427833642
290,1554109200,207,529,322,736,13,1.6554918787779933,0.05527437776571634
290,1554123600,377,661,284,1038,13,1.3904537567467288,0.6414785647058049
290,1554138000,724,369,0,1093,13,-0.5903574710658808,0.7482376053737018
290,1554152400,1121,382,0,1503,13,-0.5903574710658808,1.544077726716206
290,1554166800,278,75,0,353,14,-0.5755831271225442,-0.7132900460625319
290,1554181200,19,22,3,41,14,-0.5514488595626639,-1.338797157325559
290,1554195600,168,508,340,676,14,2.1596338629972336,-0.06572979946651326
290,1554210000,409,638,229,1047,14,1.266665963281659,0.6780623104007403
290,1554224400,736,389,0,1125,14,-0.5755831271225442,0.8344390882164971
290,1554238800,1204,369,0,1573,14,-0.5755831271225442,1.7326031454146902
290,1554253200,1216,80,0,1296,14,-0.5755831271225442,1.1772651011202717
290,1554267600,18,24,6,42,14,-0.5273145920027835,-1.3367923268407418
290,1554282000,188,516,328,704,14,2.0630967927577117,-0.009594545891626203
290,1554296400,404,685,281,1089,14,1.6849932676529191,0.7622651907630709
290,1554310800,738,462,0,1200,14,-0.5755831271225442,0.9848013745778018
290,1554325200,1146,362,0,1508,14,-0.5755831271225442,1.6022891639015595
290,1554339600,284,96,0,380,14,-0.5755831271225442,-0.6591596229724622
290,1554354000,17,19,2,36,14,-0.5594936154159573,-1.3488213097496462
290,1554368400,208,531,323,739,14,2.0228730134912447,0.06057452107698263
290,1554382800,403,629,226,1032,14,1.2425316957217787,0.6479898531284793
290,1554397200,779,444,0,1223,14,-0.5755831271225442,1.030912475728602
290,1554411600,1191,479,0,1670,14,-0.5755831271225442,1.9270717024419775
290,1554426000,315,95,0,410,14,-0.5755831271225442,-0.5990147084279404
290,1554440400,26,19,0,45,14,-0.5755831271225442,-1.3307778353862896
290,1554454800,174,503,329,677,14,2.0711415486110054,-0.06372496898169587
290,1554469200,400,635,235,1035,14,1.3149344984014197,0.6540043445829316
290,1554483600,883,448,0,1331,14,-0.5755831271225442,1.2474341680888805
290,1554498000,1085,482,0,1567,14,-0.5755831271225442,1.7205741625057858
290,1554512400,333,128,0,461,14,-0.5755831271225442,-0.4967683537022532
290,1554526800,43,15,0,58,14,-0.5755831271225442,-1.3047150390836635
290,1554541200,46,107,61,153,14,-0.08485302007164298,-1.114256143026011
290,1554555600,226,251,25,477,14,-0.3744642307902077,-0.4646910659451749
290,1554570000,381,276,0,657,14,-0.5755831271225442,-0.10382157867804377
290,1554584400,382,312,0,694,14,-0.5755831271225442,-0.029642850739800154
290,1554598800,376,127,0,503,14,-0.5755831271225442,-0.4125654733399226
290,1554613200,60,22,0,82,14,-0.5755831271225442,-1.256599107448046
290,1554627600,41,49,8,90,14,-0.5112250802961966,-1.2405604635695069
290,1554642000,161,168,7,329,14,-0.5192698361494901,-0.7614059776981493
290,1554656400,281,231,0,512,14,-0.5755831271225442,-0.39452199897656604
290,1554670800,271,191,0,462,14,-0.5755831271225442,-0.49476352321743583
290,1554685200,146,57,0,203,14,-0.5755831271225442,-1.014014618785141
290,1554699600,19,16,0,35,14,-0.5755831271225442,-1.3508261402344635
290,1554714000,184,534,350,718,14,2.240081421530168,0.01847308089581733
290,1554728400,371,623,252,994,14,1.4516953479074086,0.5718062947054183
290,1554742800,710,366,0,1076,14,-0.5755831271225442,0.7362023944604448
290,1554757200,1097,369,0,1466,14,-0.5755831271225442,1.5180862835392288
290,1554771600,268,74,0,342,15,-0.6353822240283591,-0.7048194452181951
290,1554786000,19,25,6,44,15,-0.5864768115496949,-1.3052496232981659
290,1554800400,186,562,376,748,15,2.429356957967929,0.11321630075653001
290,1554814800,410,637,227,1047,15,1.2148725480811018,0.7156613452058965
290,1554829200,744,428,0,1172,15,-0.6353822240283591,0.9675196413803808
290,1554843600,1175,405,0,1580,15,-0.6353822240283591,1.7895851200938977
290,1554858000,263,94,0,357,15,-0.6353822240283591,-0.674596449677257
290,1554872400,27,28,1,55,15,-0.6272313219485817,-1.2830860932348112
290,1554886800,204,505,301,709,15,1.8180393019846266,0.0346365123500909
290,1554901200,428,705,277,1133,15,1.6224176520699698,0.8889398529739417
290,1554915600,844,442,0,1286,15,-0.6353822240283591,1.1972144074915105
290,1554930000,1209,389,0,1598,15,-0.6353822240283591,1.8258527147430235
290,1554944400,301,106,0,407,15,-0.6353822240283591,-0.5738531312074633
290,1554958800,25,23,0,48,15,-0.6353822240283591,-1.2971901578205822
290,1554973200,188,528,340,716,15,2.135924483095944,0.04874057693586202
290,1554987600,407,608,201,1015,15,1.0029490940068906,0.6511856213852285
290,1555002000,795,388,0,1183,15,-0.6353822240283591,0.9896831714437355
290,1555016400,1192,400,0,1592,15,-0.6353822240283591,1.8137635165266481
290,1555030800,341,93,0,434,15,-0.6353822240283591,-0.5194517392337746
290,1555045200,27,26,0,53,15,-0.6353822240283591,-1.2871158259736029
290,1555059600,167,480,313,647,15,1.915850126941955,-0.09028520255245333
290,1555074000,414,666,252,1080,15,1.4186451000755358,0.7821519353959604
290,1555088400,826,418,0,1244,15,-0.6353822240283591,1.112590019976884
290,1555102800,1091,553,0,1644,15,-0.6353822240283591,1.9185365677352337
290,1555117200,379,113,0,492,15,-0.6353822240283591,-0.4025894898088139
290,1555131600,51,29,0,80,15,-0.6353822240283591,-1.2327144339999143
290,1555146000,47,123,76,170,15,-0.015913665965279582,-1.0513764607542855
290,1555160400,172,268,96,440,15,0.14710437563026765,-0.5073625410173994
290,1555174800,338,332,0,670,15,-0.6353822240283591,-0.043943276056348214
290,1555189200,303,362,59,665,15,-0.15447900132149472,-0.05401760790332758
290,1555203600,258,131,0,389,15,-0.6353822240283591,-0.6101207258565889
290,1555218000,58,23,0,81,15,-0.6353822240283591,-1.2306995676305184
290,1555232400,35,67,32,102,15,-0.37455335747548346,-1.188387373873205
290,1555246800,139,227,88,366,15,0.08189715899204875,-0.6564626523526941
290,1555261200,295,307,12,602,15,-0.5375713990710307,-0.18095418917526768
290,1555275600,244,186,0,430,15,-0.6353822240283591,-0.5275112047113582
290,1555290000,116,47,0,163,15,-0.6353822240283591,-1.0654805253400568
290,1555304400,11,27,16,38,15,-0.5049677907519212,-1.317338821514541
290,1555318800,177,504,327,681,15,2.029962756058838,-0.02177974599299359
290,1555333200,385,659,274,1044,15,1.5979649458306378,0.709616746097709
290,1555347600,734,339,0,1073,15,-0.6353822240283591,0.7680478708101893
290,1555362000,1072,364,0,1436,15,-0.6353822240283591,1.4994443629008918
290,1555376400,223,60,0,283,16,-0.5852566521769317,-0.7744440011220655
290,1555390800,19,25,6,44,16,-0.5342062276879782,-1.2653115191660949
290,1555405200,191,519,328,710,16,2.205499886552529,0.10254524659676528
290,1555419600,406,693,287,1099,16,1.8566553192113462,0.901488612785583
290,1555434000,810,436,0,1246,16,-0.5852566521769317,1.2034029439674756
290,1555448400,1192,399,0,1591,16,-0.5852566521769317,1.9119773947004888
290,1555462800,272,77,0,349,16,-0.5852566521769317,-0.6388906279383586
290,1555477200,23,20,0,43,16,-0.5852566521769317,-1.2673653581537268
290,1555491600,193,507,314,700,16,2.086382229411637,0.08200685672044607
290,1555506000,424,659,235,1083,16,1.4142183069737488,0.8686271889834722
290,1555520400,812,427,0,1239,16,-0.5852566521769317,1.1890260710540521
290,1555534800,1271,406,0,1677,16,-0.5852566521769317,2.0886075476368338
290,1555549200,293,109,0,402,16,-0.5852566521769317,-0.5300371615938667
290,1555563600,18,19,1,37,16,-0.5767482480954395,-1.2796883920795183
290,1555578000,183,538,355,721,16,2.4352267967528194,0.12513747546071644
290,1555592400,426,688,262,1114,16,1.6439452171740396,0.9322961976000618
290,1555606800,790,425,0,1215,16,-0.5852566521769317,1.139733935350886
290,1555621200,1142,434,0,1576,16,-0.5852566521769317,1.88116980988601
290,1555635600,316,118,0,434,16,-0.5852566521769317,-0.46431431398964523
290,1555650000,28,23,0,51,16,-0.5852566521769317,-1.2509346462526714
290,1555664400,120,373,253,493,16,1.5673695804406094,-0.3431378137193618
290,1555678800,390,539,149,929,16,0.6824955559654146,0.5523359848881563
290,1555693200,793,383,0,1176,16,-0.5852566521769317,1.059634214833241
290,1555707600,722,358,0,1080,16,-0.5852566521769317,0.8624656720205764
290,1555722000,300,133,0,433,16,-0.5852566521769317,-0.46636815297727713
290,1555736400,41,16,0,57,16,-0.5852566521769317,-1.2386116123268798
290,1555750800,64,79,15,143,16,-0.45763059095454783,-1.0619814593905346
290,1555765200,154,256,102,410,16,0.28260056413527845,-0.5136064496928113
290,1555779600,319,321,2,640,16,-0.5682398440139472,-0.04122348253746926
290,1555794000,308,278,0,586,16,-0.5852566521769317,-0.15213078786959305
290,1555808400,208,126,0,334,16,-0.5852566521769317,-0.6696982127528375
290,1555822800,58,20,0,78,16,-0.5852566521769317,-1.1954809935866095
290,1555837200,16,51,35,67,16,-0.28746250932470274,-1.2180732224505606
290,1555851600,148,191,43,339,16,-0.21939527667276468,-0.6594290178146778
290,1555866000,266,197,0,463,16,-0.5852566521769317,-0.4047529833483195
290,1555880400,249,186,0,435,16,-0.5852566521769317,-0.4622604750020133
290,1555894800,177,49,0,226,16,-0.5852566521769317,-0.891512823417085
290,1555909200,15,17,2,32,16,-0.5682398440139472,-1.2899575870176778
290,1555923600,158,496,338,654,16,2.290583927367451,-0.012469736710622351
290,1555938000,426,588,162,1014,16,0.7931048090248138,0.7269122988368696
290,1555952400,752,338,0,1090,16,-0.5852566521769317,0.8830040618968957
290,1555966800,1033,397,0,1430,16,-0.5852566521769317,1.5813093176917492
290,1555981200,280,69,0,349,17,-0.6155719001747664,-0.6606065693162378
290,1555995600,20,43,23,63,17,-0.42118077380378754,-1.2251086757846628
290,1556010000,192,492,300,684,17,1.9199645307510451,0.000610933015658554
290,1556024400,396,586,190,982,17,0.9902678394115809,0.5887984425526888
290,1556038800,709,433,0,1142,17,-0.6155719001747664,0.9046038168007586
290,1556053200,1070,377,0,1447,17,-0.6155719001747664,1.5066078114611419
290,1556067600,297,56,0,353,17,-0.6155719001747664,-0.652711434960036
290,1556082000,24,28,4,52,17,-0.5817647477624223,-1.2468202952642176
290,1556096400,171,488,317,659,17,2.063644928503508,-0.04873365671060237
290,1556110800,398,632,234,1030,17,1.3621465159473667,0.6835400548271097
290,1556125200,798,386,0,1184,17,-0.6155719001747664,0.987502727540877
290,1556139600,1077,358,0,1435,17,-0.6155719001747664,1.4829224083925368
290,1556154000,282,64,0,346,17,-0.6155719001747664,-0.6665279200833891
290,1556168400,20,34,14,54,17,-0.4972468667315619,-1.2428727280861167
290,1556182800,168,494,326,662,17,2.1397110214312822,-0.042812305943451055
290,1556197200,392,700,308,1092,17,1.9875788355757336,0.8059146373482368
290,1556211600,890,423,0,1313,17,-0.6155719001747664,1.2421208105283834
290,1556226000,1136,405,0,1541,17,-0.6155719001747664,1.692143468831883
290,1556240400,339,77,0,416,17,-0.6155719001747664,-0.5283630688498585
290,1556254800,26,34,8,60,17,-0.5479575953500782,-1.2310300265518141
290,1556269200,150,489,339,639,17,2.2495842667714006,-0.0882093284916111
290,1556283600,428,596,168,1024,17,0.804328501143688,0.6716973532928071
290,1556298000,748,382,0,1130,17,-0.6155719001747664,0.8809184137321534
290,1556312400,920,405,0,1325,17,-0.6155719001747664,1.2658062135969885
290,1556326800,414,305,0,719,17,-0.6155719001747664,0.06969335863242385
290,1556341200,57,18,0,75,17,-0.6155719001747664,-1.2014232727160574
290,1556355600,40,115,75,155,17,0.018312207556686458,-1.0435205855920227
290,1556370000,178,250,72,428,17,-0.007043156752571659,-0.5046776657812533
290,1556384400,332,305,0,637,17,-0.6155719001747664,-0.09215689566971198
290,1556398800,332,276,0,608,17,-0.6155719001747664,-0.14939661975217464
290,1556413200,266,136,0,402,17,-0.6155719001747664,-0.5559960390965647
290,1556427600,49,21,0,70,17,-0.6155719001747664,-1.2112921906613097
290,1556442000,30,45,15,75,17,-0.4887950786284759,-1.2014232727160574
290,1556456400,125,222,97,347,17,0.2042515458245793,-0.6645541364943387
290,1556470800,241,211,0,452,17,-0.6155719001747664,-0.4573068596440428
290,1556485200,269,164,0,433,17,-0.6155719001747664,-0.4948087478360011
290,1556499600,132,51,0,183,17,-0.6155719001747664,-0.9882546450986103
290,1556514000,13,16,3,29,17,-0.5902165358655083,-1.2922173178123777
290,1556528400,176,502,326,678,17,2.1397110214312822,-0.011231768518644067
290,1556542800,365,605,240,970,17,1.412857244565883,0.5651130394840835
290,1556557200,1054,363,0,1417,17,-0.6155719001747664,1.4473943037896289
290,1556571600,1658,397,0,2055,17,-0.6155719001747664,2.7066682336038075
290,1556586000,284,59,0,343,18,-0.5045529375424948,-0.686900728106002
290,1556600400,31,35,4,66,18,-0.467162543205007,-1.1348925461244321
290,1556614800,204,538,334,742,18,2.617544989637733,-0.04159843428162059
290,1556629200,522,637,115,1159,18,0.5704208996602784,0.6328152412190488
290,1556643600,959,443,0,1402,18,-0.5045529375424948,1.0258188938489352
290,1556658000,1619,392,0,2011,18,-0.5045529375424948,2.010753973896675
290,1556672400,298,80,0,378,18,-0.5045529375424948,-0.6302952637354422
290,1556686800,31,24,0,55,18,-0.5045529375424948,-1.152682834926608
290,1556700312,177,219,42,396,18,-0.11195379699887323,-0.6011838820591543
290,1556701200,206,593,387,799,18,3.112967714609446,0.05058760769329104
290,1556715600,542,669,127,1211,18,0.6825920826727416,0.7169147882838803
290,1556730000,1112,416,0,1528,18,-0.5045529375424948,1.2295985655829502
290,1556744400,1595,416,0,2011,18,-0.5045529375424948,2.010753973896675
290,1556758800,360,46,0,406,18,-0.5045529375424948,-0.5850108922389944
290,1556773200,33,29,0,62,18,-0.5045529375424948,-1.1413617420524962
290,1556787600,202,542,340,744,18,2.673630581143965,-0.0383638363175886
290,1556802000,535,602,67,1137,18,0.12173616761042529,0.5972346636146968
290,1556816400,1119,409,0,1528,18,-0.5045529375424948,1.2295985655829502
290,1556830800,1590,420,0,2010,18,-0.5045529375424948,2.009136674914659
290,1556845200,343,77,0,420,18,-0.5045529375424948,-0.5623687064907705
290,1556859600,44,28,0,72,18,-0.5045529375424948,-1.1251887522323363
290,1556874000,191,510,319,701,18,2.4773310108721542,-0.10790769254427632
290,1556888400,473,614,141,1087,18,0.8134584628539488,0.5163697145138971
290,1556902800,1147,372,0,1519,18,-0.5045529375424948,1.2150428747448063
290,1556917200,1296,507,0,1803,18,-0.5045529375424948,1.6743557856373483
290,1556931600,391,126,0,517,18,-0.5045529375424948,-0.40549070523521913
290,1556946000,57,31,0,88,18,-0.5045529375424948,-1.0993119685200803
290,1556960400,60,126,66,186,18,0.11238856902605335,-0.940816668282513
290,1556974800,193,210,17,403,18,-0.34564376160817173,-0.5898627891850424
290,1556989200,372,212,0,584,18,-0.5045529375424948,-0.29713167344014757
290,1557003600,373,199,0,572,18,-0.5045529375424948,-0.3165392612243395
290,1557018000,289,59,0,348,18,-0.5045529375424948,-0.678814233195922
290,1557032400,71,12,0,83,18,-0.5045529375424948,-1.1073984634301604
290,1557046800,41,50,9,91,18,-0.4204245502831473,-1.0944600715740325
290,1557061200,171,157,0,328,18,-0.5045529375424948,-0.7111602128362419
290,1557075600,276,207,0,483,18,-0.5045529375424948,-0.4604788706237629
290,1557090000,286,140,0,426,18,-0.5045529375424948,-0.5526649125986746
290,1557104400,154,40,0,194,18,-0.5045529375424948,-0.927878276426385
290,1557118800,16,22,6,38,18,-0.4484673460362631,-1.18017691762088
290,1557133200,211,480,269,691,18,2.0099510816535573,-0.12408068236443626
290,1557147600,496,574,78,1070,18,0.22455975203851664,0.4888756318196253
290,1557162000,1018,328,0,1346,18,-0.5045529375424948,0.9352501508560395
290,1557176400,1592,382,0,1974,18,-0.5045529375424948,1.9509139115620833
290,1557190800,329,67,0,396,19,-0.5211911960291978,-0.6169807216149558
290,1557205200,23,17,0,40,19,-0.5211911960291978,-1.182278579914289
290,1557219600,187,536,349,723,19,2.7960561124362746,-0.09773240795236598
290,1557234000,532,626,94,1158,19,0.37227942573514133,0.5930107615987856
290,1557248400,1129,408,0,1537,19,-0.5211911960291978,1.1948306725410534
290,1557262800,1600,393,0,1993,19,-0.5211911960291978,1.9189200640705364
290,1557277200,365,62,0,427,19,-0.5211911960291978,-0.5677553463136094
290,1557291600,28,19,0,47,19,-0.5211911960291978,-1.1711631725881786
290,1557306000,213,590,377,803,19,3.0621962976426733,0.029300818631753846
290,1557320400,564,651,87,1215,19,0.3057443794335416,0.683521935539971
290,1557334800,1079,422,0,1501,19,-0.5211911960291978,1.1376657205781995
290,1557349200,1585,419,0,2004,19,-0.5211911960291978,1.9363871327258528
290,1557363600,338,78,0,416,19,-0.5211911960291978,-0.5852224149689258
290,1557378000,20,10,0,30,19,-0.5211911960291978,-1.1981577332373041
290,1557392400,224,484,260,708,19,1.9501105237445062,-0.12155113793688846
290,1557406800,508,644,136,1152,19,0.7714897035447396,0.5834832696049767
290,1557421200,1140,439,0,1579,19,-0.5211911960291978,1.2615231164977163
290,1557435600,1588,427,0,2015,19,-0.5211911960291978,1.9538542013811693
290,1557450000,361,76,0,437,19,-0.5211911960291978,-0.5518761929905944
290,1557464400,39,17,0,56,19,-0.5211911960291978,-1.1568719345974652
290,1557478800,180,476,296,656,19,2.292290761867019,-0.20412273521656635
290,1557493200,506,644,138,1150,19,0.7904997167737681,0.5803074389403736
290,1557507600,1111,390,0,1501,19,-0.5211911960291978,1.1376657205781995
290,1557522000,1312,477,0,1789,19,-0.5211911960291978,1.594985336281031
290,1557536400,368,138,0,506,19,-0.5211911960291978,-0.44231003506179106
290,1557550800,73,16,0,89,19,-0.5211911960291978,-1.1044707286315156
290,1557565200,57,107,50,164,19,-0.04594086530348555,-0.9853770787089033
290,1557579600,204,190,0,394,19,-0.5211911960291978,-0.6201565522795588
290,1557594000,402,252,0,654,19,-0.5211911960291978,-0.20729856588116935
290,1557608400,383,296,0,679,19,-0.5211911960291978,-0.1676006825736319
290,1557622800,278,115,0,393,19,-0.5211911960291978,-0.6217444676118603
290,1557637200,66,26,0,92,19,-0.5211911960291978,-1.099706982634611
290,1557651600,29,41,12,70,19,-0.40713111665502694,-1.1346411199452442
290,1557666000,142,172,30,314,19,-0.23604099759377048,-0.7471897788636787
290,1557680400,233,174,0,407,19,-0.5211911960291978,-0.5995136529596393
290,1557694800,252,166,0,418,19,-0.5211911960291978,-0.5820465843043229
290,1557709200,165,47,0,212,19,-0.5211911960291978,-0.9091571427584314
290,1557723600,17,18,1,35,19,-0.5116861894146837,-1.1902181565757965
290,1557738000,199,472,273,671,19,2.073675609733191,-0.18030400523204387
290,1557752400,464,664,200,1128,19,1.3798101268736513,0.5453733016297406
290,1557766800,1052,363,0,1415,19,-0.5211911960291978,1.0011050020002705
290,1557781200,1634,343,0,1977,19,-0.5211911960291978,1.8935134187537124
290,1557795600,269,72,0,341,20,-0.4801087971172722,-0.6510028925844162
290,1557810000,23,21,0,44,20,-0.4801087971172722,-1.123710919078612
290,1557824400,200,586,386,786,20,2.3057774125605994,0.05726334239846983
290,1557838800,479,599,120,1078,20,0.3859698172903561,0.5220133213085884
290,1557853200,1062,427,0,1489,20,-0.4801087971172722,1.1761648327197483
290,1557867600,1571,369,0,1940,20,-0.4801087971172722,1.8939807248035272
290,1557882000,344,74,0,418,20,-0.4801087971172722,-0.5284489597896247
290,1557896400,35,23,0,58,20,-0.4801087971172722,-1.1014283858431955
290,1557910800,204,658,454,862,20,2.796555294058255,0.17822566567644588
290,1557925200,574,674,100,1248,20,0.24162338155575142,0.792586939167219
290,1557939600,1120,433,0,1553,20,-0.4801087971172722,1.2780278417959385
290,1557954000,1575,384,0,1959,20,-0.4801087971172722,1.9242213056230213
290,1557968400,338,93,0,431,20,-0.4801087971172722,-0.5077580360710235
290,1557982800,35,20,0,55,20,-0.4801087971172722,-1.106203214393642
290,1557997200,191,635,444,826,20,2.724382076190953,0.1209277230710888
290,1558011600,565,675,110,1240,20,0.31379659942305377,0.7798540630326952
290,1558026000,1153,502,0,1655,20,-0.4801087971172722,1.440372012511117
290,1558040400,1567,450,0,2017,20,-0.4801087971172722,2.0165346575983185
290,1558054800,390,101,0,491,20,-0.4801087971172722,-0.4122614650620951
290,1558069200,47,21,0,68,20,-0.4801087971172722,-1.0855122906750407
290,1558083600,179,645,466,824,20,2.8831631554990182,0.11774450403745786
290,1558098000,504,601,97,1105,20,0.2199714161955607,0.5649867782626061
290,1558112400,1150,411,0,1561,20,-0.4801087971172722,1.2907607179304623
290,1558126800,1313,449,0,1762,20,-0.4801087971172722,1.6106742308103728
290,1558141200,339,140,0,479,20,-0.4801087971172722,-0.4313607792638808
290,1558155600,50,24,0,74,20,-0.4801087971172722,-1.075962633574148
290,1558170000,54,132,78,186,20,0.0828423022476862,-0.8977023676908148
290,1558184400,193,247,54,440,20,-0.09037342063383948,-0.4934335504196843
290,1558198800,385,272,0,657,20,-0.4801087971172722,-0.14805428527072637
290,1558213200,382,383,1,765,20,-0.472891475330542,0.023839542545344868
290,1558227600,314,156,0,470,20,-0.4801087971172722,-0.44568526491522004
290,1558242000,71,16,0,87,20,-0.4801087971172722,-1.0552717098555466
290,1558256400,41,63,22,104,20,-0.32132771780920705,-1.0282143480696837
290,1558270800,171,240,69,411,20,0.017886406167114073,-0.539590226407333
290,1558284571,293,29,0,322,20,-0.4801087971172722,-0.6812434734039102
290,1558284651,2,0,0,2,20,-0.4801087971172722,-1.190558518784862
290,1558284731,4,0,0,4,20,-0.4801087971172722,-1.187375299751231
290,1558284811,0,2,2,2,20,-0.46567415354381175,-1.190558518784862
290,1558285200,297,263,0,560,20,-0.4801087971172722,-0.30244040840182734
290,1558299600,288,211,0,499,20,-0.4801087971172722,-0.3995285889275713
290,1558314000,168,47,0,215,20,-0.4801087971172722,-0.851545691703166
290,1558328400,16,19,3,35,20,-0.4584568317570815,-1.1380354047299515
290,1558342800,168,642,474,810,20,2.94090172979286,0.09546197080204122
290,1558357200,463,643,180,1106,20,0.8190091244941703,0.5665783877794216
290,1558371600,1102,469,0,1571,20,-0.4801087971172722,1.3066768130986173
290,1558386000,1459,432,0,1891,20,-0.4801087971172722,1.815991858479569
290,1558400400,310,83,0,393,21,-0.46621873063587166,-0.5007575218930967
290,1558414800,30,24,0,54,21,-0.46621873063587166,-1.0836373123373342
290,1558429200,220,605,385,825,21,2.5711530962706735,0.24202734380575455
290,1558443600,550,774,224,1324,21,1.3009794232006635,1.1000126400643813
290,1558458000,1163,465,0,1628,21,-0.46621873063587166,1.622713101111721
290,1558472400,1570,408,0,1978,21,-0.46621873063587166,2.224506395080698
290,1558486800,388,72,0,460,21,-0.46621873063587166,-0.38555709133332117
290,1558501200,32,29,0,61,21,-0.46621873063587166,-1.0716014464579546
290,1558515600,209,682,473,891,21,3.2654095138493124,0.35550836495419014
290,1558530000,522,697,175,1219,21,0.9144048270489215,0.9194746518736884
290,1558544400,1101,450,0,1551,21,-0.46621873063587166,1.4903185764385463
290,1558558800,1528,386,0,1914,21,-0.46621873063587166,2.114464192754942
290,1558573200,396,104,0,500,21,-0.46621873063587166,-0.31678071487972387
290,1558587600,43,23,0,66,21,-0.46621873063587166,-1.063004399401255
290,1558602000,184,617,433,801,21,2.949838414949931,0.20076151793359615
290,1558616400,521,718,197,1239,21,1.0879689314435812,0.953862840100487
290,1558630800,1123,455,0,1578,21,-0.46621873063587166,1.5367426305447245
290,1558645200,1438,423,0,1861,21,-0.46621873063587166,2.0233354939539256
290,1558659600,341,86,0,427,21,-0.46621873063587166,-0.442297601907539
290,1558674000,42,22,0,64,21,-0.46621873063587166,-1.066443218223935
290,1558688400,163,526,363,689,21,2.3975889918760136,0.008187663863523586
290,1558702800,500,507,7,1007,21,-0.41099378832847994,0.5549598566696224
290,1558717200,1196,405,0,1601,21,-0.46621873063587166,1.5762890470055428
290,1558731600,788,372,0,1160,21,-0.46621873063587166,0.8180294966046323
290,1558746000,286,156,0,442,21,-0.46621873063587166,-0.41650646073743997
290,1558760400,68,23,0,91,21,-0.46621873063587166,-1.0200191641177567
290,1558774800,51,107,56,158,21,-0.024419192176737835,-0.9048187335579811
290,1558789200,174,187,13,361,21,-0.36365812349357274,-0.5557786230559746
290,1558803600,347,253,0,600,21,-0.46621873063587166,-0.14483977374573048
290,1558818000,341,267,0,608,21,-0.46621873063587166,-0.13108449845501102
290,1558832400,248,98,0,346,21,-0.46621873063587166,-0.5815697642260736
290,1558846800,76,13,0,89,21,-0.46621873063587166,-1.0234579829404364
290,1558861200,37,56,19,93,21,-0.31632245865866554,-1.0165803452950768
290,1558875600,113,186,73,299,21,0.10969852485549922,-0.6623820065590504
290,1558890000,198,220,22,418,21,-0.2926546262412119,-0.4577722866095984
290,1558904400,236,222,0,458,21,-0.46621873063587166,-0.38899591015600105
290,1558918800,183,66,0,249,21,-0.46621873063587166,-0.7483524771260471
290,1558933200,50,9,0,59,21,-0.46621873063587166,-1.0750402652806346
290,1558947600,36,46,10,82,21,-0.3873259559110263,-1.035493848819816
290,1558962000,123,155,32,278,21,-0.21376185151636662,-0.6984896041971891
290,1558976400,250,194,0,444,21,-0.46621873063587166,-0.41306764191476014
290,1558990800,212,160,0,372,21,-0.46621873063587166,-0.5368651195312353
290,1559005200,164,52,0,216,22,-0.5513301593401823,-0.954988373958655
290,1559019600,16,23,7,39,22,-0.5032461881607062,-1.241311567022121
290,1559034000,190,645,455,835,22,2.5741279673257575,0.046333979184200874
290,1559048400,487,704,217,1191,22,0.9392729472235737,0.6222156556282343
290,1559062800,1148,420,0,1568,22,-0.5513301593401823,1.2320678804018315
290,1559077200,1490,407,0,1897,22,-0.5513301593401823,1.7642731375649972
290,1559091600,379,46,0,425,22,-0.5513301593401823,-0.616900535821568
290,1559106000,33,35,2,68,22,-0.5375918818603319,-1.1943998574241521
290,1559120400,186,640,454,826,22,2.567258828585832,0.03177517275724497
290,1559134800,523,678,155,1201,22,0.5133863453482148,0.6383921072137408
290,1559149200,1099,463,0,1562,22,-0.5513301593401823,1.2223620094505276
290,1559163600,1597,374,0,1971,22,-0.5513301593401823,1.8839788792977459
290,1559178000,415,58,0,473,22,-0.5513301593401823,-0.5392535682111365
290,1559192400,25,33,8,58,22,-0.4963770494207811,-1.2105763090096586
290,1559206800,191,629,438,820,22,2.45735260874703,0.022069301805941036
290,1559221200,552,749,197,1301,22,0.8018901724250708,0.8001566230688064
290,1559235600,1079,440,0,1519,22,-0.5513301593401823,1.1528032676328495
290,1559250000,1597,370,0,1967,22,-0.5513301593401823,1.8775082986635432
290,1559264400,423,64,0,487,22,-0.5513301593401823,-0.5166065359914274
290,1559278800,38,33,0,71,22,-0.5513301593401823,-1.1895469219485002
290,1559293200,174,582,408,756,22,2.251278446549276,-0.08145998834130093
290,1559307600,539,663,124,1202,22,0.30044304441053543,0.6400097523722915
290,1559322000,1148,449,0,1597,22,-0.5513301593401823,1.2789795899998004
290,1559336400,1211,461,0,1672,22,-0.5513301593401823,1.4003029768910997
290,1559350800,397,157,0,554,22,-0.5513301593401823,-0.4082243103685334
290,1559365200,63,34,0,97,22,-0.5513301593401823,-1.1474881478261831
290,1559379600,39,96,57,135,22,-0.15978925116444911,-1.0860176318012582
290,1559394000,212,256,44,468,22,-0.24908805478347598,-0.5473417940038898
290,1559408400,402,319,0,721,22,-0.5513301593401823,-0.13807756889057388
290,1559422800,313,266,0,579,22,-0.5513301593401823,-0.367783181404767
290,1559437200,292,128,0,420,22,-0.5513301593401823,-0.6249887616143213
290,1559451600,49,12,0,61,22,-0.5513301593401823,-1.2057233735340067
290,1559466000,31,68,37,99,22,-0.29717202596295195,-1.1442528575090818
290,1559480400,129,207,78,336,22,-0.015537337626021136,-0.7608709549325764
290,1559494800,288,276,0,564,22,-0.5513301593401823,-0.39204785878302684
290,1559509200,244,214,0,458,22,-0.5513301593401823,-0.5635182455893963
290,1559523600,191,62,0,253,22,-0.5513301593401823,-0.8951355030922807
290,1559538000,25,20,0,45,22,-0.5513301593401823,-1.231605696070817
290,1559552400,185,611,426,796,22,2.3749229438679285,-0.0167541819992747
290,1559566800,478,742,264,1220,22,1.2621224680000553,0.6691273652262033
290,1559581200,1023,393,0,1416,22,-0.5513301593401823,0.9861858163021319
290,1559595600,1497,426,0,1923,22,-0.5513301593401823,1.8063319116873142
290,1559610000,158,107,0,265,23,-0.551674873823137,-0.8159291037475872
290,1559624400,14,36,22,50,23,-0.4003246412184521,-1.1543380605196205
290,1559638800,199,644,445,843,23,2.5097275584079886,0.09384009166746084
290,1559653200,531,694,163,1225,23,0.5696927586570281,0.6951062381182365
290,1559667600,1134,467,0,1601,23,-0.551674873823137,1.286928413682351
290,1559682000,1553,431,0,1984,23,-0.551674873823137,1.8897685552809036
290,1559696400,162,89,0,251,23,-0.551674873823137,-0.8379650358164638
290,1559710800,20,30,10,50,23,-0.48287931354828023,-1.1543380605196205
290,1559725200,213,646,433,859,23,2.4271728860781603,0.11902401403189122
290,1559739600,494,727,233,1221,23,1.0512616805810253,0.6888102575271289
290,1559754000,1133,476,0,1609,23,-0.551674873823137,1.299520374864566
290,1559768400,1533,430,0,1963,23,-0.551674873823137,1.8567146571775888
290,1559782800,159,93,0,252,23,-0.551674873823137,-0.8363910406686869
290,1559797200,15,34,19,49,23,-0.4209633093009092,-1.1559120556673976
290,1559811600,196,681,485,877,23,2.7849097995074152,0.14735592669187542
290,1559826000,582,748,166,1330,23,0.5903314267394851,0.8603757286348109
290,1559840400,1070,484,0,1554,23,-0.551674873823137,1.2129506417368365
290,1559854800,1457,491,0,1948,23,-0.551674873823137,1.833104729960935
290,1559869200,182,114,0,296,23,-0.551674873823137,-0.7671352541665033
290,1559883600,17,38,21,55,23,-0.4072041972459378,-1.146468084780736
290,1559898000,188,595,407,783,23,2.248304429363533,-0.0005996171991531473
290,1559912400,470,679,209,1149,23,0.886152335921369,0.5754826068871921
290,1559926800,1148,465,0,1613,23,-0.551674873823137,1.3058163554556736
290,1559941200,1062,457,0,1519,23,-0.551674873823137,1.157860811564645
290,1559955600,313,142,0,455,23,-0.551674873823137,-0.5168700256699762
290,1559970000,53,29,0,82,23,-0.551674873823137,-1.1039702157907598
290,1559984400,49,141,92,190,23,0.08124428070554512,-0.9339787398308547
290,1559998800,197,166,0,363,23,-0.551674873823137,-0.661677579265451
290,1560013200,389,190,0,579,23,-0.551674873823137,-0.3216946273456407
290,1560027600,430,174,0,604,23,-0.551674873823137,-0.28234474865121817
290,1560042000,251,112,0,363,23,-0.551674873823137,-0.661677579265451
290,1560056400,85,12,0,97,23,-0.551674873823137,-1.0803602885741064
290,1560070800,35,60,25,95,23,-0.3796859731359951,-1.0835082788696602
290,1560085200,156,130,0,286,23,-0.551674873823137,-0.7828752056442723
290,1560099600,273,157,0,430,23,-0.551674873823137,-0.5562199043643987
290,1560114000,270,127,0,397,23,-0.551674873823137,-0.6081617442410364
290,1560128400,173,57,0,230,23,-0.551674873823137,-0.8710189339197787
290,1560142800,16,26,10,42,23,-0.48287931354828023,-1.166930021701836
290,1560157200,211,600,389,811,23,2.1244724208687904,0.043472246938600044
290,1560171600,490,729,239,1219,23,1.0925390167459392,0.6856622672315751
290,1560186000,1026,387,0,1413,23,-0.551674873823137,0.9910173259002937
290,1560200400,1553,347,0,1900,23,-0.551674873823137,1.757552962867644
290,1560214800,229,61,0,290,24,-0.6275998111358773,-1.0776450222713911
290,1560229200,27,15,0,42,24,-0.6275998111358773,-1.4608076968567747
290,1560243600,191,567,376,758,24,1.5760813934128217,-0.3545799750699416
290,1560258000,578,729,151,1307,24,0.2573891832440524,0.49363094568560495
290,1560272400,1067,450,0,1517,24,-0.6275998111358773,0.8180832104554862
290,1560286800,1568,383,0,1951,24,-0.6275998111358773,1.4886178909799073
290,1560301200,322,86,0,408,24,-0.6275998111358773,-0.8953337496864102
290,1560315600,24,24,0,48,24,-0.6275998111358773,-1.4515376321490638
290,1560330000,196,724,528,920,24,2.466931242060168,-0.10428822796174753
290,1560344400,568,737,169,1305,24,0.36288456005755393,0.490540924116368
290,1560358800,1116,468,0,1584,24,-0.6275998111358773,0.9215989330249245
290,1560373200,1579,425,0,2004,24,-0.6275998111358773,1.5705034625646868
290,1560387600,290,71,0,361,24,-0.6275998111358773,-0.9679492565634789
290,1560402000,24,16,0,40,24,-0.6275998111358773,-1.4638977184260116
290,1560416400,220,660,440,880,24,1.951176066527494,-0.1660886593464868
290,1560430800,506,768,262,1274,24,0.907944006927312,0.44264558979319507
290,1560445200,984,454,0,1438,24,-0.6275998111358773,0.6960273584706261
290,1560459600,1536,432,0,1968,24,-0.6275998111358773,1.5148830743184214
290,1560474000,313,66,0,379,24,-0.6275998111358773,-0.9401390624403462
290,1560488400,30,20,0,50,24,-0.6275998111358773,-1.4484476105798267
290,1560502800,185,635,450,820,24,2.0097846092016614,-0.2587893064235957
290,1560517200,485,679,194,1164,24,0.5094059167429728,0.27269440348516205
290,1560531600,1111,495,0,1606,24,-0.6275998111358773,0.955589170286531
290,1560546000,1115,471,0,1586,24,-0.6275998111358773,0.9246889545941614
290,1561165200,8740,6883,0,15623,25,-0.43261790221119456,4.084548975985859
290,1561179600,51,22,0,73,25,-0.43261790221119456,-0.37974402290298104
290,1561194000,48,111,63,159,25,0.09151532546775269,-0.3550540423303482
290,1561208400,216,253,37,469,25,-0.12479362563784457,-0.2660552751499276
290,1561222800,429,249,0,678,25,-0.43261790221119456,-0.20605288050248274
290,1561237200,340,310,0,650,25,-0.43261790221119456,-0.21409147882845622
290,1561251600,241,112,0,353,25,-0.43261790221119456,-0.29935803964324625
290,1561266000,62,15,0,77,25,-0.43261790221119456,-0.37859565171355625
290,1561280400,32,50,18,82,25,-0.282865551445781,-0.37716018772677523
290,1561294800,132,199,67,331,25,0.12479362563784457,-0.3056740811850826
290,1561309200,284,287,3,571,25,-0.40765917708362565,-0.23677180981959567
290,1561323600,267,238,0,505,25,-0.43261790221119456,-0.25571993444510455
290,1561338000,162,84,0,246,25,-0.43261790221119456,-0.3300769689603592
290,1561352400,26,17,0,43,25,-0.43261790221119456,-0.38835680682366686
290,1561366800,183,654,471,837,25,3.4859019428171254,-0.16040512572284765
290,1561381200,484,761,277,1245,25,1.8719043845676686,-0.0432712644015199
290,1561395600,993,454,0,1447,25,-0.43261790221119456,0.014721480664431595
290,1561410000,1386,348,0,1734,25,-0.43261790221119456,0.0971171135056597
290,1561424400,269,65,0,334,26,-0.5445268085597416,-0.8891189861347573
290,1561438800,27,22,0,49,26,-0.5445268085597416,-1.357776974775078
290,1561453200,208,683,475,891,26,2.3446513379208023,0.026819609207904813
290,1561467600,494,781,287,1275,26,1.201145039945345,0.658274583375916
290,1561482000,999,483,0,1482,26,-0.5445268085597416,0.9986682803883595
290,1561496400,1474,443,0,1917,26,-0.5445268085597416,1.7139883683130597
290,1561510800,315,65,0,380,26,-0.5445268085597416,-0.8134759423542143
290,1561525200,18,25,7,43,26,-0.501949446401081,-1.3676434587464532
290,1561539600,199,726,527,925,26,2.660940313956567,0.08272968504569747
290,1561554000,551,770,219,1321,26,0.7875363789754987,0.733917627156459
290,1561568400,1033,504,0,1537,26,-0.5445268085597416,1.0891110501259653
290,1561582800,1435,472,0,1907,26,-0.5445268085597416,1.6975442283607678
290,1561597200,349,86,0,435,26,-0.5445268085597416,-0.7230331726166085
290,1561611600,25,23,0,48,26,-0.5445268085597416,-1.3594213887703073
290,1561626000,194,642,448,836,26,2.18042436959454,-0.06362316052970096
290,1561640400,548,738,190,1286,26,0.611144450032476,0.6763631373234371
290,1561654800,1043,506,0,1549,26,-0.5445268085597416,1.1088440180687156
290,1561669200,1427,493,0,1920,26,-0.5445268085597416,1.7189216102987472
290,1561683600,368,78,0,446,26,-0.5445268085597416,-0.7049446186690873
290,1561698000,36,32,0,68,26,-0.5445268085597416,-1.3265331088657233
290,1561712400,165,621,456,786,26,2.2290842120615806,-0.14584386029116075
290,1561726800,521,663,142,1184,26,0.31918539523023154,0.5086329098100592
290,1561741200,1147,536,0,1683,26,-0.5445268085597416,1.3291954934294279
290,1561755600,1116,504,0,1620,26,-0.5445268085597416,1.2255974117299886
290,1561770000,332,143,0,475,26,-0.5445268085597416,-0.6572566128074406
290,1561784400,73,27,0,100,26,-0.5445268085597416,-1.273911861018389
290,1561798800,42,137,95,179,26,0.033308820736367206,-1.1440031553952825
290,1561813200,238,261,23,499,26,-0.40462976146699947,-0.6177906769219399
290,1561827600,452,254,0,706,26,-0.5445268085597416,-0.2773969799094964
290,1561842000,349,328,0,677,26,-0.5445268085597416,-0.3250849857711431
290,1561856400,257,158,0,415,26,-0.5445268085597416,-0.7559214525211924
290,1561870800,65,25,0,90,26,-0.5445268085597416,-1.2903560009706811
290,1561885200,31,76,45,107,26,-0.27081519468263743,-1.2624009630517847
290,1561899600,222,259,37,481,26,-0.3194750371496782,-0.6473901288360655
290,1561914000,856,374,0,1230,26,-0.5445268085597416,0.5842759535906022
290,1561928400,1323,391,0,1714,26,-0.5445268085597416,1.380172327281533
290,1561942800,757,158,0,915,26,-0.5445268085597416,0.0662855450934055
290,1561957200,44,44,0,88,26,-0.5445268085597416,-1.2936448289611395
290,1561971600,179,712,533,891,26,2.6974351958068477,0.026819609207904813
290,1561986000,427,703,276,1130,26,1.134237756553164,0.4198345540676826
290,1562000400,951,407,0,1358,26,-0.5445268085597416,0.7947609449799392
290,1562014800,1374,386,0,1760,26,-0.5445268085597416,1.455815371062076
290,1562029200,304,95,0,399,27,-0.4268215374565775,-0.38090060259627645
290,1562043600,31,21,0,52,27,-0.4268215374565775,-1.078030501156886
290,1562058000,183,650,467,833,27,3.1174958358174742,0.49101402557463003
290,1562072400,497,739,242,1236,27,1.4098482791008542,1.3006490374476145
290,1562086800,1017,445,0,1462,27,-0.4268215374565775,1.754687530458271
290,1562101200,1369,365,0,1734,27,-0.4268215374565775,2.301140937975521
290,1562115600,330,88,0,418,27,-0.4268215374565775,-0.3427292248652921
290,1562130000,42,19,0,61,27,-0.4268215374565775,-1.059949322231683
290,1562144400,156,572,416,728,27,2.7304290562950406,0.28006693811392686
290,1562158800,529,605,76,1134,27,0.14998385947881426,1.0957290096286458
290,1562173200,1252,410,0,1662,27,-0.4268215374565775,2.156491506573896
290,1562187600,924,345,0,1269,27,-0.4268215374565775,1.3669466935066927
290,1562202000,280,149,0,429,27,-0.4268215374565775,-0.3206300061789327
290,1562216400,79,14,0,93,27,-0.4268215374565775,-0.9956606860531829
290,1562230800,40,51,11,91,27,-0.34333654579487605,-0.9996787258143391
290,1562245200,181,145,0,326,27,-0.4268215374565775,-0.5275590538784797
290,1562259600,186,216,30,402,27,-0.19913519656102813,-0.3748735429545421
290,1562274000,157,139,0,296,27,-0.4268215374565775,-0.5878296502958235
290,1562288400,290,75,0,365,27,-0.4268215374565775,-0.44920727853593273
290,1562302800,33,23,0,56,27,-0.4268215374565775,-1.0699944216345736
290,1562317200,93,330,237,423,27,1.3719005556182626,-0.33268412546240145
290,1562331600,334,314,0,648,27,-0.4268215374565775,0.1193453476676768
290,1562346000,612,327,0,939,27,-0.4268215374565775,0.7039701329159114
290,1562360400,470,289,0,759,27,-0.4268215374565775,0.34234655441184875
290,1562374800,279,110,0,389,27,-0.4268215374565775,-0.40099080140205773
290,1562389200,63,23,0,86,27,-0.4268215374565775,-1.0097238252172298
290,1562403600,31,69,38,100,27,-0.13841883898888163,-0.981597546889136
290,1562418000,158,127,0,285,27,-0.4268215374565775,-0.6099288689821828
290,1562432400,296,301,5,597,27,-0.38887381397398596,0.016885333758192383
290,1562446800,243,192,0,435,27,-0.4268215374565775,-0.30857588689546395
290,1562461200,174,86,0,260,27,-0.4268215374565775,-0.6601543659966359
290,1562475600,39,16,0,55,27,-0.4268215374565775,-1.0720034415151516
290,1562490000,32,42,10,74,27,-0.3509260904913944,-1.0338320637841674
290,1562504400,168,203,35,371,27,-0.16118747307843656,-0.437153159252464
290,1562518800,253,252,0,505,27,-0.4268215374565775,-0.16794449525499516
290,1562533200,260,179,0,439,27,-0.4268215374565775,-0.30053980737315145
290,1562547600,147,57,0,204,27,-0.4268215374565775,-0.7726594793090109
290,1562562000,20,17,0,37,27,-0.4268215374565775,-1.1081657993655578
290,1562576400,179,700,521,879,27,3.5273312494294635,0.5834289400812238
290,1562590800,432,706,274,1138,27,1.6527137093894402,1.1037650891509583
290,1562605200,909,408,0,1317,27,-0.4268215374565775,1.4633796477744427
290,1562619600,1381,354,0,1735,27,-0.4268215374565775,2.303149957856099
290,1562634000,315,66,0,381,28,-0.54086843805375,-0.7113130705226942
290,1562648400,34,28,0,62,28,-0.54086843805375,-1.2431307334056774
290,1562662800,201,648,447,849,28,2.22520730589098,0.06890845370688607
290,1562677200,497,746,249,1243,28,0.9999657011906297,0.7257616172676865
290,1562691600,991,470,0,1461,28,-0.54086843805375,1.0891981392378756
290,1562706000,1440,385,0,1825,28,-0.54086843805375,1.6960371025275491
290,1562720400,352,67,0,419,28,-0.54086843805375,-0.6479617501792667
290,1562734800,24,22,0,46,28,-0.54086843805375,-1.2698049735502783
290,1562749200,220,682,462,902,28,2.3180286395804,0.15726687418587698
290,1562763600,590,761,171,1351,28,0.5172947660056433,0.9058127382437435
290,1562778000,1053,444,0,1497,28,-0.54086843805375,1.149215179563228
290,1562792400,1491,408,0,1899,28,-0.54086843805375,1.819405463196329
290,1562806800,367,79,0,446,28,-0.54086843805375,-0.6029489699352525
290,1562821200,33,36,3,69,28,-0.5223041713158659,-1.2314607533424142
290,1562835600,193,701,508,894,28,2.6026807295612895,0.14392975411357647
290,1562850000,532,830,298,1362,28,1.3031820579094031,0.9241512783431567
290,1562864400,1059,469,0,1528,28,-0.54086843805375,1.2008965198433925
290,1562878800,1537,409,0,1946,28,-0.54086843805375,1.8977610436210945
290,1562893200,509,339,0,848,28,-0.54086843805375,0.0672413136978485
290,1562907600,41,26,0,67,28,-0.54086843805375,-1.2347950333604893
290,1562922000,166,617,451,783,28,2.249959661541492,-0.0411227868895932
290,1562936400,515,650,135,1165,28,0.2945235651510342,0.5957246965627565
290,1562950800,1145,479,0,1624,28,-0.54086843805375,1.3609419607109987
290,1562965200,1087,402,0,1489,28,-0.54086843805375,1.1358780594909275
290,1562979600,363,114,0,477,28,-0.54086843805375,-0.5512676296550879
290,1562994000,60,22,0,82,28,-0.54086843805375,-1.209787933224926
290,1563008400,45,106,61,151,28,-0.16339501438344012,-1.094755272601334
290,1563022800,187,261,74,448,28,-0.08294985851927571,-0.5996146899171774
290,1563037200,352,259,0,611,28,-0.54086843805375,-0.32787086844405433
290,1563051600,370,246,0,616,28,-0.54086843805375,-0.3195351683988665
290,1563066000,267,131,0,398,28,-0.54086843805375,-0.6829716903690556
290,1563080400,64,22,0,86,28,-0.54086843805375,-1.2031193731887757
290,1563094800,32,40,8,72,28,-0.4913637267527257,-1.2264593333153015
290,1563109200,131,196,65,327,28,-0.13864265873292797,-0.8013386310107227
290,1563123600,292,205,0,497,28,-0.54086843805375,-0.5179248294743367
290,1563138000,274,188,0,462,28,-0.54086843805375,-0.5762747297906514
290,1563152400,153,53,0,206,28,-0.54086843805375,-1.0030625721042679
290,1563166800,22,16,0,38,28,-0.54086843805375,-1.2831420936225788
290,1563181200,190,730,540,920,28,2.8006995747653867,0.18727539434855314
290,1563195600,497,696,199,1193,28,0.6905612555592282,0.6424046168158083
290,1563210000,964,390,0,1354,28,-0.54086843805375,0.9108141582708562
290,1563224400,1438,390,0,1828,28,-0.54086843805375,1.7010385225546618
290,1563238800,332,104,0,436,29,-0.5531255153526361,-0.5261382608604727
290,1563253200,22,26,4,48,29,-0.5262452473227712,-1.1753847472289614
290,1563267600,192,636,444,828,29,2.430584235962365,0.12980148825408297
290,1563282000,498,754,256,1252,29,1.167211638558716,0.8392873393371738
290,1563296400,1010,398,0,1408,29,-0.5531255153526361,1.1003245864337827
290,1563310800,1489,455,0,1944,29,-0.5531255153526361,1.9972217944067463
290,1563325200,368,81,0,449,29,-0.5531255153526361,-0.5043851569357553
290,1563339600,24,27,3,51,29,-0.5329653143302374,-1.1703648001694114
290,1563354000,211,623,412,834,29,2.215542091723446,0.1398413823731833
290,1563368400,570,825,255,1395,29,1.1604915715512496,1.0785714825090653
290,1563382800,1008,467,0,1475,29,-0.5531255153526361,1.212436737430403
290,1563397200,1474,407,0,1881,29,-0.5531255153526361,1.8918029061561927
290,1563411600,309,81,0,390,29,-0.5531255153526361,-0.603110782440242
290,1563426000,20,28,8,48,29,-0.49936497929290635,-1.1753847472289614
290,1563440400,181,577,396,758,29,2.1080210196039864,0.012669390197912309
290,1563454800,522,796,274,1318,29,1.2881728446931078,0.9497261746472775
290,1563469200,998,446,0,1444,29,-0.5531255153526361,1.1605639511483847
290,1563483600,1430,453,0,1883,29,-0.5531255153526361,1.8951495375292262
290,1563498000,356,69,0,425,29,-0.5531255153526361,-0.5445447334121566
290,1563512400,28,24,0,52,29,-0.5531255153526361,-1.1686914844828946
290,1563526800,179,596,417,775,29,2.249142426760777,0.04111575686869661
290,1563541200,499,639,140,1138,29,0.38768386569263447,0.6485293510742672
290,1563555600,1132,479,0,1611,29,-0.5531255153526361,1.4400076707966776
290,1563570000,626,309,0,935,29,-0.5531255153526361,0.3088462667113724
290,1563584400,298,98,0,396,29,-0.5531255153526361,-0.5930708883211416
290,1563598800,50,27,0,77,29,-0.5531255153526361,-1.1268585923199765
290,1563613200,48,79,31,127,29,-0.34480343812118336,-1.0431928079941404
290,1563627600,161,165,4,326,29,-0.5262452473227712,-0.7102029863773123
290,1563642000,308,216,0,524,29,-0.5531255153526361,-0.378886480447001
290,1563656400,221,213,0,434,29,-0.5531255153526361,-0.5294848922335061
290,1563670800,175,106,0,281,29,-0.5531255153526361,-0.7855021922705648
290,1563685200,70,16,0,86,29,-0.5531255153526361,-1.1117987511413259
290,1563699600,29,45,16,74,29,-0.4456044432331766,-1.1318785393795265
290,1563714000,132,184,52,316,29,-0.20368203096439277,-0.7269361432424795
290,1563728400,219,180,0,399,29,-0.5531255153526361,-0.5880509412615914
290,1563742800,218,172,0,390,29,-0.5531255153526361,-0.603110782440242
290,1563757200,133,74,0,207,29,-0.5531255153526361,-0.9093275530728023
290,1563771600,20,13,0,33,29,-0.5531255153526361,-1.2004844825267122
290,1563786000,174,618,444,792,29,2.430584235962365,0.06956212353948091
290,1563800400,433,734,301,1167,29,1.4696146538946957,0.6970555059832523
290,1563814800,952,362,0,1314,29,-0.5531255153526361,0.9430329119012106
290,1563829200,1434,363,0,1797,29,-0.5531255153526361,1.7512443884887878
290,1563843600,313,62,0,375,30,-0.5612344817969206,-0.699925535269369
290,1563858000,25,20,0,45,30,-0.5612344817969206,-1.2695320128005447
290,1563872400,187,652,465,839,30,2.463299025237809,0.10097569374416297
290,1563886800,477,778,301,1255,30,1.3965818313588936,0.819025071480433
290,1563901200,1012,422,0,1434,30,-0.5612344817969206,1.1279934335352222
290,1563915600,1433,397,0,1830,30,-0.5612344817969206,1.8115212065726332
290,1563930000,361,82,0,443,30,-0.5612344817969206,-0.5825520792932479
290,1563944400,29,20,0,49,30,-0.5612344817969206,-1.2626276918607728
290,1563958800,200,605,405,805,30,2.0730366372333275,0.04228896575610244
290,1563973200,509,753,244,1262,30,1.0258325627546363,0.8311076331250337
290,1563987600,986,465,0,1451,30,-0.5612344817969206,1.1573367975292526
290,1564002000,1424,420,0,1844,30,-0.5612344817969206,1.8356863298618344
290,1564016400,399,82,0,481,30,-0.5612344817969206,-0.5169610303654155
290,1564030800,28,24,0,52,30,-0.5612344817969206,-1.257449451155944
290,1564045200,192,637,445,829,30,2.3332115625696486,0.0837148913947334
290,1564059600,520,745,225,1265,30,0.902249473219884,0.8362858738298625
290,1564074000,1006,469,0,1475,30,-0.5612344817969206,1.1987627231678835
290,1564088400,1399,536,0,1935,30,-0.5612344817969206,1.9927596312416436
290,1564102800,447,111,0,558,30,-0.5612344817969206,-0.3840528522748079
290,1564117200,46,25,0,71,30,-0.5612344817969206,-1.2246539266920278
290,1564131600,153,571,418,724,30,2.157593487967632,-0.09752353327427705
290,1564146000,502,681,179,1183,30,0.603048309083115,0.6947472945645401
290,1564160400,1131,454,0,1585,30,-0.5612344817969206,1.3886315490116088
290,1564174800,988,458,0,1446,30,-0.5612344817969206,1.1487063963545376
290,1564189200,332,141,0,473,30,-0.5612344817969206,-0.5307696722449592
290,1564203600,73,24,0,97,30,-0.5612344817969206,-1.179775840583511
290,1564218000,45,113,68,158,30,-0.11893710872517527,-1.0744849462519905
290,1564232400,189,241,52,430,30,-0.22300707885970358,-0.6049911223475063
290,1564246800,360,267,0,627,30,-0.5612344817969206,-0.26495331606374384
290,1564261200,295,307,12,602,30,-0.4831820041960244,-0.30810532193731777
290,1564275600,311,150,0,461,30,-0.5612344817969206,-0.5514826350642746
290,1564290000,81,28,0,109,30,-0.5612344817969206,-1.1590628777641954
290,1564304400,38,48,10,86,30,-0.49619075046284045,-1.1987627231678835
290,1564318800,142,168,26,310,30,-0.3921207803283121,-0.8121207505406611
290,1564333200,252,232,0,484,30,-0.5612344817969206,-0.5117827896605867
290,1564347600,230,184,0,414,30,-0.5612344817969206,-0.6326084061065936
290,1564362000,210,67,0,277,30,-0.5612344817969206,-0.8690813982937787
290,1564376400,24,16,0,40,30,-0.5612344817969206,-1.2781624139752594
290,1564390800,167,631,464,798,30,2.4567946521044006,0.030206404111501745
290,1564405200,407,717,310,1124,30,1.4551211895595657,0.5929085607029057
290,1564419600,983,388,0,1371,30,-0.5612344817969206,1.019250378733816
290,1564434000,1323,361,0,1684,30,-0.5612344817969206,1.5595134922709615
290,1564448400,286,75,0,361,31,-0.6797620213608087,-0.9724774991011998
290,1564462800,33,23,0,56,31,-0.6797620213608087,-1.4769803547653233
290,1564477200,178,601,423,779,31,1.7289444501417843,-0.28106047068282725
290,1564491600,484,785,301,1269,31,1.0342347822379632,0.5294523138267483
290,1564506000,1013,383,0,1396,31,-0.6797620213608087,0.7395239947098423
290,1564520400,1454,440,0,1894,31,-0.6797620213608087,1.5632696410073292
290,1564534800,334,73,0,407,31,-0.6797620213608087,-0.8963885438207091
290,1564549200,25,24,0,49,31,-0.6797620213608087,-1.4885591088297458
290,1564563600,187,646,459,833,31,1.9339407455888136,-0.19173865361442502
290,1564578000,464,771,307,1235,31,1.068400831479135,0.47321265122812467
290,1564592400,1024,443,0,1467,31,-0.6797620213608087,0.8569656430775564
290,1564606800,1482,390,0,1872,31,-0.6797620213608087,1.5268792710905728
290,1564621200,326,68,0,394,31,-0.6797620213608087,-0.9178919442260651
290,1564635600,20,22,2,42,31,-0.6683733382804181,-1.5001378628941684
290,1564650000,166,625,459,791,31,1.9339407455888136,-0.26121117800096005
290,1564664400,483,754,271,1237,31,0.8634045360321057,0.4765208666751025
290,1564678800,1008,456,0,1464,31,-0.6797620213608087,0.8520033199070896
290,1564693200,1403,450,0,1853,31,-0.6797620213608087,1.4954512243442832
290,1564707600,334,102,0,436,31,-0.6797620213608087,-0.8484194198395301
290,1564722000,29,33,4,62,31,-0.6569846552000276,-1.4670557084243898
290,1564736400,147,565,418,712,31,1.7004727424408081,-0.39188568815658553
290,1564750800,480,701,221,1181,31,0.5786874590223429,0.38389083415972247
290,1564765200,1129,448,0,1577,31,-0.6797620213608087,1.0389174926613387
290,1564779600,1018,389,0,1407,31,-0.6797620213608087,0.7577191796682206
290,1565398800,8861,6548,0,15409,32,-0.39328045562113123,4.085497285017461
290,1565413200,54,22,0,76,32,-0.39328045562113123,-0.3668771786831579
290,1565427600,53,91,38,144,32,-0.029761764209166715,-0.3471314365888748
290,1565442000,209,163,0,372,32,-0.39328045562113123,-0.2809251248609846
290,1565456400,382,242,0,624,32,-0.39328045562113123,-0.20774972768805325
290,1565470800,258,250,0,508,32,-0.39328045562113123,-0.24143364067241846
290,1565485200,233,117,0,350,32,-0.39328045562113123,-0.2873134531856056
290,1565499600,47,13,0,60,32,-0.39328045562113123,-0.3715232356465186
290,1565514000,42,42,0,84,32,-0.39328045562113123,-0.3645541502014775
290,1565528400,119,193,74,312,32,0.31462436449690495,-0.29834783847358726
290,1565542800,210,217,7,427,32,-0.3263164861505062,-0.2649543040494321
290,1565557200,265,161,0,426,32,-0.39328045562113123,-0.2652446826096421
290,1565571600,152,69,0,221,32,-0.39328045562113123,-0.32477228745270137
290,1565586000,18,20,2,38,32,-0.37414789291523837,-0.37791156397113956
290,1565600400,174,603,429,777,32,3.7106542447928894,-0.16332180797591636
290,1565614800,500,690,190,1190,32,1.4243130014386913,-0.0433954626091678
290,1565629200,1011,344,0,1355,32,-0.39328045562113123,0.0045169998254896175
290,1565643600,1416,321,0,1737,32,-0.39328045562113123,0.1154416098257268
290,1565658000,256,76,0,332,33,-0.5117469013114211,-0.4863104124309624
290,1565672400,28,25,0,53,33,-0.5117469013114211,-0.9080747453980885
290,1565683983,75,54,0,129,33,-0.5117469013114211,-0.7931855364177961
290,1565686800,163,619,456,782,33,2.7356101345831885,0.19395464074182178
290,1565701200,519,704,185,1223,33,0.805711545268629,0.8606143928511503
290,1565715600,1036,411,0,1447,33,-0.5117469013114211,1.1992352193193807
290,1565730000,1482,327,0,1809,33,-0.5117469013114211,1.7464706620939316
290,1565744400,305,67,0,372,33,-0.5117469013114211,-0.42584240770449266
290,1565758800,30,20,0,50,33,-0.5117469013114211,-0.9126098457525738
290,1565773200,197,629,432,826,33,2.564696606378209,0.26046944594093846
290,1565787600,546,714,168,1260,33,0.6846477961234352,0.9165472972231348
290,1565802000,1061,478,0,1539,33,-0.5117469013114211,1.338311630190261
290,1565816400,1479,405,0,1884,33,-0.5117469013114211,1.8598481709560624
290,1565830800,305,99,0,404,33,-0.5117469013114211,-0.3774680039233169
290,1565845200,30,29,0,59,33,-0.5117469013114211,-0.8990045446891181
290,1565859600,174,566,392,740,33,2.2798407260365767,0.1304632357790286
290,1565874000,498,669,171,1167,33,0.7060119871490576,0.7759591862340927
290,1565888400,1016,456,0,1472,33,-0.5117469013114211,1.237027722273424
290,1565902800,1469,435,0,1904,33,-0.5117469013114211,1.8900821733192972
290,1565917200,341,80,0,421,33,-0.5117469013114211,-0.3517691019145673
290,1565931600,33,18,0,51,33,-0.5117469013114211,-0.911098145634412
290,1565946000,157,538,381,695,33,2.2015053589426277,0.06243673046175018
290,1565960400,452,629,177,1081,33,0.7487403692003024,0.6459529760721828
290,1565974800,1144,419,0,1563,33,-0.5117469013114211,1.3745924330261428
290,1565989200,1003,423,0,1426,33,-0.5117469013114211,1.167489516837984
290,1566003600,271,103,0,374,33,-0.5117469013114211,-0.4228190074681692
290,1566018000,4,4,0,8,33,-0.5117469013114211,-0.976101250715367
290,1566032400,1,1,0,2,33,-0.5117469013114211,-0.9851714514243374
290,1566046800,3,3,0,6,33,-0.5117469013114211,-0.9791246509516904
290,1566061200,6,2,0,8,33,-0.5117469013114211,-0.976101250715367
290,1566075600,3,5,2,8,33,-0.49750410729433947,-0.976101250715367
290,1566090000,2,6,4,8,33,-0.48326131327725785,-0.976101250715367
290,1566104400,1,5,4,6,33,-0.48326131327725785,-0.9791246509516904
290,1566118800,1,6,5,7,33,-0.47613991626871704,-0.9776129508335287
290,1566133200,0,5,5,5,33,-0.47613991626871704,-0.9806363510698523
290,1566147600,0,5,5,5,33,-0.47613991626871704,-0.9806363510698523
290,1566162000,3,5,2,8,33,-0.49750410729433947,-0.976101250715367
290,1566176400,2,4,2,6,33,-0.49750410729433947,-0.9791246509516904
290,1566190800,10,9,0,19,33,-0.5117469013114211,-0.9594725494155878
290,1566205200,169,586,417,755,33,2.457875651250097,0.15313873755145474
290,1566219600,396,678,282,1074,33,1.4964870550970877,0.6353710752450507
290,1566234000,753,390,0,1143,33,-0.5117469013114211,0.7396783833982109
290,1566248400,1618,360,0,1978,33,-0.5117469013114211,2.001947982063266
290,1566262800,987,71,0,1058,34,-0.5042095716639229,0.6104141148685478
290,1566277200,22,23,1,45,34,-0.4967817210817115,-0.9616608809666357
290,1566291600,171,593,422,764,34,2.6303433740292967,0.15415542900917567
290,1566306000,530,677,147,1207,34,0.587684463921156,0.8416472583823112
290,1566320400,1004,428,0,1432,34,-0.5042095716639229,1.1908248240910144
290,1566334800,1488,351,0,1839,34,-0.5042095716639229,1.8224482429507576
290,1566349200,298,64,0,362,34,-0.5042095716639229,-0.469708488390374
290,1566363600,35,21,0,56,34,-0.5042095716639229,-0.9445899777542103
290,1566378000,179,587,408,766,34,2.526353465878337,0.15725922959325303
290,1566392400,526,751,225,1277,34,1.1670568093336469,0.9502802788250189
290,1566406800,1017,391,0,1408,34,-0.5042095716639229,1.153579217082086
290,1566421200,1405,341,0,1746,34,-0.5042095716639229,1.6781215157911604
290,1566435600,294,100,0,394,34,-0.5042095716639229,-0.4200476790451362
290,1566450000,29,19,0,48,34,-0.5042095716639229,-0.9570051800905197
290,1566464400,170,589,419,759,34,2.6080598222826628,0.14639592754898229
290,1566478800,535,674,139,1209,34,0.5282616592634647,0.8447510589663886
290,1566493200,1025,431,0,1456,34,-0.5042095716639229,1.2280704310999426
290,1566507600,1396,422,0,1818,34,-0.5042095716639229,1.7898583368179453
290,1566522000,316,88,0,404,34,-0.5042095716639229,-0.40452867612474935
290,1566536400,28,20,0,48,34,-0.5042095716639229,-0.9570051800905197
290,1566550800,144,521,377,665,34,2.296090097829783,0.0005173000973462857
290,1566565200,453,582,129,1035,34,0.4539831534413505,0.5747204081516581
290,1566579600,1092,439,0,1531,34,-0.5042095716639229,1.3444629530028438
290,1566594000,1054,343,0,1397,34,-0.5042095716639229,1.1365083138696606
290,1566608400,231,104,0,335,34,-0.5042095716639229,-0.5116097962754184
290,1566622800,0,1,1,1,34,-0.4967817210817115,-1.0299444938163378
290,1566637200,0,0,0,0,34,-0.5042095716639229,-1.0314963941083763
290,1566651600,1,1,0,2,34,-0.5042095716639229,-1.028392593524299
290,1566666000,1,1,0,2,34,-0.5042095716639229,-1.028392593524299
290,1566680400,3,0,0,3,34,-0.5042095716639229,-1.0268406932322602
290,1566694800,0,1,1,1,34,-0.4967817210817115,-1.0299444938163378
290,1566709200,0,0,0,0,34,-0.5042095716639229,-1.0314963941083763
290,1566723600,0,0,0,0,34,-0.5042095716639229,-1.0314963941083763
290,1566738000,2,4,2,6,34,-0.4893538704995001,-1.0221849923561444
290,1566752400,2,2,0,4,34,-0.5042095716639229,-1.0252887929402217
290,1566766800,3,4,1,7,34,-0.4967817210817115,-1.0206330920641056
290,1566781200,1,1,0,2,34,-0.5042095716639229,-1.028392593524299
290,1566795600,4,6,2,10,34,-0.4893538704995001,-1.0159773911879897
290,1566810000,163,546,383,709,34,2.3406572013230513,0.06880091294704824
290,1566824400,451,645,194,1096,34,0.9367934412850929,0.6693863259660177
290,1566838800,967,362,0,1329,34,-0.5042095716639229,1.0309790940110304
290,1566853200,1378,307,0,1685,34,-0.5042095716639229,1.5834555979768006
290,1566867600,214,44,0,258,35,-0.41985141290685873,-0.691095701624113
290,1566882000,20,17,0,37,35,-0.41985141290685873,-1.0963999476893824
290,1566896400,171,526,355,697,35,2.8003052570732154,0.1140109229127793
290,1566910800,511,624,113,1135,35,0.6051562031713057,0.917283591585123
290,1566925200,959,404,0,1363,35,-0.41985141290685873,1.3354255287022332
290,1566939600,1454,390,0,1844,35,-0.41985141290685873,2.217558299550172
290,1566954000,285,63,0,348,35,-0.41985141290685873,-0.5260396738147274
290,1566968400,29,22,0,51,35,-0.41985141290685873,-1.0707245655857
290,1566982800,169,568,399,737,35,3.1994232668735627,0.1873691574947285
290,1566997200,501,667,166,1168,35,1.0859119877035421,0.977804135115231
290,1567011600,1066,398,0,1464,35,-0.41985141290685873,1.520655071021655
290,1567026000,1441,419,0,1860,35,-0.41985141290685873,2.246901593382952
290,1567040400,294,55,0,349,35,-0.41985141290685873,-0.5242057179501787
290,1567054800,24,22,0,46,35,-0.41985141290685873,-1.0798943449084437
290,1567069200,164,551,387,715,35,3.090572900564377,0.14702212847465643
290,1567083600,521,675,154,1196,35,0.9770616213943566,1.0291548993225954
290,1567098000,987,200,0,1187,35,-0.41985141290685873,1.012649296541657
290,1567112400,1289,745,0,2034,35,-0.41985141290685873,2.5660099138144306
290,1567126800,274,74,0,348,35,-0.41985141290685873,-0.5260396738147274
290,1567141200,39,18,0,57,35,-0.41985141290685873,-1.0597208303984078
290,1567155600,129,446,317,575,35,2.455612430427461,-0.10973169256216574
290,1567170000,469,492,23,961,35,-0.21122154414758634,0.598175271153644
290,1567184400,1088,396,0,1484,35,-0.41985141290685873,1.5573341883126295
290,1567198800,673,286,0,959,35,-0.41985141290685873,0.5945073594245465
290,1567213200,277,118,0,395,35,-0.41985141290685873,-0.4398437481809371
290,1567227600,57,19,0,76,35,-0.41985141290685873,-1.0248756689719818
290,1567242000,58,64,6,122,35,-0.36542622975226596,-0.9405136992027403
290,1567256400,229,211,0,440,35,-0.41985141290685873,-0.35731573427624425
290,1567270800,416,231,0,647,35,-0.41985141290685873,0.022313129685342808
290,1567285200,368,204,0,572,35,-0.41985141290685873,-0.11523356015581192
290,1567299600,224,97,0,321,35,-0.41985141290685873,-0.5755564821575431
290,1567314000,44,14,0,58,35,-0.41985141290685873,-1.057886874533859
290,1567328400,28,35,7,63,35,-0.35635536589316713,-1.0487170952111153
290,1567342800,182,152,0,334,35,-0.41985141290685873,-0.5517150559184096
290,1567357200,299,215,0,514,35,-0.41985141290685873,-0.22160300029963825
290,1567371600,394,192,0,586,35,-0.41985141290685873,-0.0895581780521297
290,1567386000,204,98,0,302,35,-0.41985141290685873,-0.610401643583969
290,1567400400,44,13,0,57,35,-0.41985141290685873,-1.0597208303984078
290,1567414800,30,47,17,77,35,-0.26564672730217914,-1.0230417131074332
290,1567429200,168,132,0,300,35,-0.41985141290685873,-0.6140695553130664
290,1567443600,313,189,0,502,35,-0.41985141290685873,-0.243610470674223
290,1567458000,289,135,0,424,35,-0.41985141290685873,-0.3866590281090239
290,1567472400,157,35,0,192,36,-0.5526970489161782,-0.9223365016835078
290,1567486800,30,20,0,50,36,-0.5526970489161782,-1.153940008737545
290,1567501200,181,528,347,709,36,2.1009440022952086,-0.07910401473324515
290,1567515600,473,669,196,1142,36,0.946189539087948,0.627123580720263
290,1567530000,974,386,0,1360,36,-0.5526970489161782,0.982683894366602
290,1567544400,1479,307,0,1786,36,-0.5526970489161782,1.677494415528714
290,1567558800,259,67,0,326,36,-0.5526970489161782,-0.7037810795339232
290,1567573200,25,24,0,49,36,-0.5526970489161782,-1.1555710193506017
290,1567587600,187,582,395,769,36,2.468018268745199,0.01875662205015091
290,1567602000,483,659,176,1142,36,0.7932419280671188,0.627123580720263
290,1567616400,1043,359,0,1402,36,-0.5526970489161782,1.0511863401149792
290,1567630800,1493,407,0,1900,36,-0.5526970489161782,1.8634296254171665
290,1567645200,274,59,0,333,36,-0.5526970489161782,-0.6923640052425271
290,1567659600,22,23,1,45,36,-0.5450496683651368,-1.162095061802828
290,1567674000,217,649,432,866,36,2.750971349133733,0.1769646515166412
290,1567688400,520,713,193,1233,36,0.9232473974348236,0.7755455465084137
290,1567702800,1143,478,0,1621,36,-0.5526970489161782,1.4083776643743748
290,1567717200,1458,412,0,1870,36,-0.5526970489161782,1.8144993070254685
290,1567731600,370,79,0,449,36,-0.5526970489161782,-0.5031667741279614
290,1567746000,21,28,7,49,36,-0.499165385058888,-1.1555710193506017
290,1567760400,193,562,369,755,36,2.269186374418121,-0.004077526532641502
290,1567774800,547,720,173,1267,36,0.7702997864139944,0.8309999073523381
290,1567789200,1119,428,0,1547,36,-0.5526970489161782,1.2876828790081865
290,1567803600,1381,481,0,1862,36,-0.5526970489161782,1.8014512221210157
290,1567818000,382,114,0,496,36,-0.5526970489161782,-0.4265092753143011
290,1567832400,53,23,0,76,36,-0.5526970489161782,-1.1115337327980734
290,1567846800,42,97,55,139,36,-0.1320911186088979,-1.0087800641755076
290,1567861200,204,274,70,478,36,-0.017380410343275997,-0.45586746634931996
290,1567875600,478,380,0,858,36,-0.5526970489161782,0.1639165666121884
290,1567890000,419,333,0,752,36,-0.5526970489161782,-0.008970558371811304
290,1567904400,282,134,0,416,36,-0.5526970489161782,-0.5569901243588292
290,1567918800,64,17,0,81,36,-0.5526970489161782,-1.1033786797327905
290,1567933200,35,58,23,93,36,-0.37680729624222464,-1.0838065523761113
290,1567947600,177,229,52,406,36,-0.15503326026202227,-0.5733002304893952
290,1567962000,318,313,0,631,36,-0.5526970489161782,-0.20632284255166
290,1567976400,359,200,0,559,36,-0.5526970489161782,-0.32375560669173525
290,1567990800,175,66,0,241,36,-0.5526970489161782,-0.8424169816437344
290,1568005200,20,43,23,63,36,-0.37680729624222464,-1.1327368707678094
290,1568019600,214,624,410,838,36,2.5827289770108206,0.13129635435105635
290,1568032804,0,0,0,0,36,-0.5526970489161782,-1.2354905393903752
290,1568032887,0,0,0,0,36,-0.5526970489161782,-1.2354905393903752
290,1568034000,438,696,258,1134,36,1.4203271332525187,0.6140754958158102
290,1568048400,1091,401,0,1492,36,-0.5526970489161782,1.1979772952900734
290,1568062800,1492,361,0,1853,36,-0.5526970489161782,1.7867721266035062
290,1568077200,286,64,0,350,37,-0.5343718869894761,-0.7221621279980923
290,1568091600,24,17,0,41,37,-0.5343718869894761,-1.2111977630172377
290,1568106000,227,656,429,883,37,2.726480974173232,0.12138477642004519
290,1568120400,493,762,269,1255,37,1.510312074905089,0.7101267059576571
290,1568134800,1082,418,0,1500,37,-0.5343718869894761,1.0978734068628047
290,1568149200,1563,438,0,2001,37,-0.5343718869894761,1.890775844223943
290,1568163600,322,76,0,398,37,-0.5343718869894761,-0.646195427412594
290,1568178000,28,24,0,52,37,-0.5343718869894761,-1.1937887274663943
290,1568192400,206,597,391,803,37,2.437640860597048,-0.0052263912224519895
290,1568206800,543,770,227,1313,37,1.1910677388472015,0.8019198024984675
290,1568221200,1101,437,0,1538,37,-0.5343718869894761,1.158013711492991
290,1568235600,1473,400,0,1873,37,-0.5343718869894761,1.6881979759959476
290,1568250000,318,77,0,395,37,-0.5343718869894761,-0.6509433461991876
290,1568264400,21,17,0,38,37,-0.5343718869894761,-1.2159456818038312
290,1568275706,82,128,46,210,37,-0.18472332844988507,-0.9437316713724624
290,1568278800,201,603,402,804,37,2.5212524724217324,-0.003643751626920775
290,1568293200,561,710,149,1271,37,0.5981854004539818,0.7354489394861565
290,1568307600,1156,398,0,1554,37,-0.5343718869894761,1.1833359450214904
290,1568322000,1556,411,0,1967,37,-0.5343718869894761,1.836966097975882
290,1568336400,302,98,0,400,37,-0.5343718869894761,-0.6430301482215316
290,1568350800,28,26,0,54,37,-0.5343718869894761,-1.190623448275332
290,1568365200,251,534,283,785,37,1.6167268535910515,-0.03371390394201386
290,1568379600,725,718,0,1443,37,-0.5343718869894761,1.0076629499175256
290,1568394000,1342,480,0,1822,37,-0.5343718869894761,1.607483356623856
290,1568408400,1326,405,0,1731,37,-0.5343718869894761,1.4634631534305154
290,1568422800,338,171,0,509,37,-0.5343718869894761,-0.4705224323086291
290,1568437200,51,20,0,71,37,-0.5343718869894761,-1.1637185751513013
290,1568451600,48,102,54,150,37,-0.12391488348647793,-1.0386900471043352
290,1568466000,195,244,49,439,37,-0.1619201615886074,-0.5813072039958141
290,1568480400,413,306,0,719,37,-0.5343718869894761,-0.13816811724707403
290,1568494800,405,313,0,718,37,-0.5343718869894761,-0.13975075684260524
290,1568509200,313,144,0,457,37,-0.5343718869894761,-0.5528196912762523
290,1568523600,69,22,0,91,37,-0.5343718869894761,-1.1320657832406769
290,1568538000,24,47,23,71,37,-0.3595476077196806,-1.1637185751513013
290,1568552400,157,213,56,370,37,-0.10871277224562614,-0.690509336087468
290,1568566800,298,266,0,564,37,-0.5343718869894761,-0.38347725455441234
290,1568581200,292,214,0,506,37,-0.5343718869894761,-0.4752703510952228
290,1568595600,145,73,0,218,37,-0.5343718869894761,-0.9310705546082126
290,1568610000,16,15,0,31,37,-0.5343718869894761,-1.22702415897255
290,1568624400,191,594,403,785,37,2.5288535280421587,-0.03371390394201386
290,1568638800,478,720,242,1198,37,1.30508357315359,0.6199162490123779
290,1568653200,1023,406,0,1429,37,-0.5343718869894761,0.9855059955800884
290,1568667600,1488,376,0,1864,37,-0.5343718869894761,1.6739542196361668
290,1568682000,270,63,0,333,38,-0.5319296074951632,-0.7395479724794517
290,1568696400,27,24,0,51,38,-0.5319296074951632,-1.2079046287753892
290,1568710800,204,576,372,780,38,2.2682281376208837,0.0028471529258110896
290,1568725200,594,700,106,1294,38,0.2659648037475815,0.8565185051815271
290,1568739600,1132,400,0,1532,38,-0.5319296074951632,1.2517982363816447
290,1568754000,1528,389,0,1917,38,-0.5319296074951632,1.8912213309700703
290,1568768400,286,90,0,376,38,-0.5319296074951632,-0.6681318865903548
290,1568782800,26,25,0,51,38,-0.5319296074951632,-1.2079046287753892
290,1568797200,200,617,417,817,38,2.606956897110728,0.06429820357456885
290,1568811600,543,739,196,1282,38,0.9434223227272703,0.8365884347008489
290,1568826000,1099,476,0,1575,38,-0.5319296074951632,1.3232143222707415
290,1568840400,1493,382,0,1875,38,-0.5319296074951632,1.8214660842876964
290,1568854800,328,82,0,410,38,-0.5319296074951632,-0.6116633535617666
290,1568869200,28,25,0,53,38,-0.5319296074951632,-1.2045829503619427
290,1568883600,195,574,379,769,38,2.3209192779859706,-0.015422078348143922
290,1568898000,575,711,136,1286,38,0.4917839767408111,0.8432317915277416
290,1568912400,1009,421,0,1430,38,-0.5319296074951632,1.0823926372958799
290,1568926800,1492,421,0,1913,38,-0.5319296074951632,1.8845779741431774
290,1568941200,343,80,0,423,38,-0.5319296074951632,-0.5900724438743652
290,1568955600,22,19,0,41,38,-0.5319296074951632,-1.2245130208426211
290,1568970000,191,575,384,766,38,2.358555806818176,-0.02040459596831347
290,1568984400,434,705,271,1139,38,1.5079702552103442,0.5990884281394337
290,1568998800,940,431,0,1371,38,-0.5319296074951632,0.9844031240992122
290,1569013200,1129,461,0,1590,38,-0.5319296074951632,1.3481269103715892
290,1569027600,411,131,0,542,38,-0.5319296074951632,-0.39243257827430644
290,1569042000,50,19,0,69,38,-0.5319296074951632,-1.178009523054372
290,1569056400,58,114,56,172,38,-0.11040048457446784,-1.006943084761884
290,1569070800,176,181,5,357,38,-0.4942930786629582,-0.6996878315180952
290,1569085200,395,275,0,670,38,-0.5319296074951632,-0.17984515981373903
290,1569099600,383,208,0,591,38,-0.5319296074951632,-0.3110514571448705
290,1569114000,299,127,0,426,38,-0.5319296074951632,-0.5850899262541956
290,1569128400,61,23,0,84,38,-0.5319296074951632,-1.1530969349535243
290,1569142800,32,46,14,78,38,-0.4265473267649893,-1.1630619701938634
290,1569157200,160,167,7,327,38,-0.47923846713007623,-0.7495130077197908
290,1569171600,273,214,0,487,38,-0.5319296074951632,-0.4837787346440815
290,1569186000,300,142,0,442,38,-0.5319296074951632,-0.5585164989466247
290,1569200400,165,48,0,213,38,-0.5319296074951632,-0.9388486772862336
290,1569214800,17,12,0,29,38,-0.5319296074951632,-1.2444430913232993
290,1569229200,213,586,373,799,38,2.275755443387325,0.03440309785355156
290,1569243600,433,685,252,1118,38,1.3649514456479654,0.5642108047982469
290,1569258000,971,379,0,1350,38,-0.5319296074951632,0.9495255007580253
290,1569272400,1480,380,0,1860,38,-0.5319296074951632,1.7965534961868488
290,1569286800,265,60,0,325,39,-0.5876769657003802,-0.740347896913815
290,1569301200,24,23,0,47,39,-0.5876769657003802,-1.2518147949888225
290,1569315600,247,622,375,869,39,2.015955160820292,0.2605081914056243
290,1569330000,483,730,247,1213,39,1.1272487283012358,0.8934024825487992
290,1569344400,872,441,0,1313,39,-0.5876769657003802,1.0773833811369313
290,1569358800,1398,429,0,1827,39,-0.5876769657003802,2.023045199879931
290,1569373200,273,101,0,374,39,-0.5876769657003802,-0.6501972566056301
290,1569387600,20,30,10,50,39,-0.518246775659829,-1.2462953680311786
290,1569402000,216,627,411,843,39,2.2659038449662763,0.21267315777270993
290,1569416400,444,757,313,1201,39,1.585487982568874,0.8713247747182232
290,1569430800,896,466,0,1362,39,-0.5876769657003802,1.1675340214451162
290,1569445200,1356,416,0,1772,39,-0.5876769657003802,1.9218557056564582
290,1569459600,260,86,0,346,39,-0.5876769657003802,-0.7017119082103072
290,1569474000,17,18,1,35,39,-0.580733946696325,-1.2738925028193984
290,1569488400,198,616,418,814,39,2.3145049779946625,0.15931869718215158
290,1569502800,439,706,267,1145,39,1.2661091083823381,0.7682954715088692
290,1569517200,953,382,0,1335,39,-0.5876769657003802,1.1178591788263204
290,1569531600,1314,456,0,1770,39,-0.5876769657003802,1.9181760876846956
290,1569546000,347,91,0,438,39,-0.5876769657003802,-0.5324494815092256
290,1569560400,26,28,2,54,39,-0.57379092769227,-1.2389361320876533
290,1569574800,153,579,426,732,39,2.370049130027103,0.008454360339883178
290,1569589200,417,640,223,1057,39,0.9606162722039128,0.6063922807513129
290,1569603600,921,457,0,1378,39,-0.5876769657003802,1.1969709652192173
290,1569618000,1127,497,0,1624,39,-0.5876769657003802,1.6495639757460225
290,1569632400,331,114,0,445,39,-0.5876769657003802,-0.5195708186080563
290,1569646800,65,24,0,89,39,-0.5876769657003802,-1.174542817581807
290,1569661200,41,87,46,128,39,-0.2682980915138445,-1.1027902671324354
290,1569675600,171,249,78,420,39,-0.046121483384080446,-0.5655660432550893
290,1569690000,339,291,0,630,39,-0.5876769657003802,-0.17920615622001168
290,1569704400,343,281,0,624,39,-0.5876769657003802,-0.19024501013529962
290,1569718800,297,140,0,437,39,-0.5876769657003802,-0.5342892904951069
290,1569733200,73,17,0,90,39,-0.5876769657003802,-1.1727030085959256
290,1569747600,36,58,22,94,39,-0.43493054761116745,-1.1653437726524003
290,1569762000,132,209,77,341,39,-0.05306450238813557,-0.7109109531397138
290,1569776400,287,249,0,536,39,-0.5876769657003802,-0.352148200892856
290,1569790800,246,193,0,439,39,-0.5876769657003802,-0.5306096725233442
290,1569805200,135,69,0,204,39,-0.5876769657003802,-0.962964784205455
290,1569819600,12,13,1,25,39,-0.580733946696325,-1.2922905926782116
290,1569834000,158,541,383,699,39,2.071499312852733,-0.05225933619420045
290,1569848400,353,608,255,961,39,1.1827928803336767,0.42977061810670597
290,1569862800,705,342,0,1047,39,-0.5876769657003802,0.5879941908924996
290,1569877200,1079,339,0,1418,39,-0.5876769657003802,1.27056332465447
290,1569891600,94,80,0,174,40,-0.6065864503924288,-0.9651302470458527
290,1569906000,10,31,21,41,40,-0.462766759734869,-1.2100074981358844
290,1569920400,183,612,429,795,40,2.331444373040577,0.17824398548730194
290,1569934800,382,675,293,1057,40,1.4000406621154284,0.6606337583112738
290,1569949200,760,386,0,1146,40,-0.6065864503924288,0.8244989864843024
290,1569963600,1233,398,0,1631,40,-0.6065864503924288,1.7174724209103571
290,1569978000,117,92,0,209,40,-0.6065864503924288,-0.900688865180055
290,1569992400,8,28,20,36,40,-0.46961531643284804,-1.2192134098309984
290,1570006800,197,602,405,799,40,2.16707901228908,0.1856087148433931
290,1570021200,419,692,273,1111,40,1.2630695281558477,0.7600576046185047
290,1570035600,874,414,0,1288,40,-0.6065864503924288,1.085946878625539
290,1570050000,1276,403,0,1679,40,-0.6065864503924288,1.8058491731834514
290,1570064400,93,76,0,169,40,-0.6065864503924288,-0.9743361587409667
290,1570078800,9,32,23,41,40,-0.44906964633891094,-1.2100074981358844
290,1570093200,196,582,386,778,40,2.0369564350274785,0.14694388572391445
290,1570107600,419,756,337,1175,40,1.701377156826506,0.8778932743159634
290,1570122000,877,437,0,1314,40,-0.6065864503924288,1.1338176194401317
290,1570136400,1309,445,0,1754,40,-0.6065864503924288,1.9439378486101608
290,1570150800,115,116,1,231,40,-0.5997378936944497,-0.8601828537215536
290,1570165200,10,29,19,39,40,-0.4764638731308271,-1.2136898628139299
290,1570179600,167,556,389,723,40,2.057502105121416,0.04567885707766081
290,1570194000,442,666,224,1108,40,0.9274902499548751,0.7545340576014362
290,1570208400,934,407,0,1341,40,-0.6065864503924288,1.183529542593747
290,1570222800,1067,617,0,1684,40,-0.6065864503924288,1.8150550848785652
290,1570237200,378,144,0,522,40,-0.6065864503924288,-0.3243987930659207
290,1570251600,50,20,0,70,40,-0.6065864503924288,-1.1566132103042233
290,1570266000,46,106,60,152,40,-0.1956730485136867,-1.0056362585043541
290,1570280400,146,243,97,389,40,0.05772354931153759,-0.5692760441559522
290,1570294800,353,294,0,647,40,-0.6065864503924288,-0.09425100068807149
290,1570309200,362,280,0,642,40,-0.6065864503924288,-0.10345691238318545
290,1570323600,230,128,0,358,40,-0.6065864503924288,-0.6263526966656587
290,1570338000,85,24,0,109,40,-0.6065864503924288,-1.0848070990823344
290,1570352400,31,56,25,87,40,-0.4353725329429529,-1.1253131105408358
290,1570366800,164,192,28,356,40,-0.41482686284901577,-0.6300350613437044
290,1570381200,282,252,0,534,40,-0.6065864503924288,-0.30230460499764716
290,1570395600,237,161,0,398,40,-0.6065864503924288,-0.552705403104747
290,1570410000,141,49,0,190,40,-0.6065864503924288,-0.935671329621488
290,1570424400,15,25,10,40,40,-0.5381008834126384,-1.2118486804749071
290,1570438800,171,561,390,732,40,2.064350661819395,0.06224949812886595
290,1570453200,389,679,290,1068,40,1.3794949920214914,0.6808867640405245
290,1570467600,783,376,0,1159,40,-0.6065864503924288,0.8484343568915987
290,1570482000,1201,347,0,1548,40,-0.6065864503924288,1.5646542867714655
290,1570496400,244,74,0,318,41,-0.5868925721799407,-0.6955485863119848
290,1570510800,22,21,0,43,41,-0.5868925721799407,-1.2506993134147022
290,1570525200,197,577,380,774,41,2.1344338229368094,0.22499225572015763
290,1570539600,406,744,338,1150,41,1.8336556424239054,0.9840347044133277
290,1570554000,867,394,0,1261,41,-0.5868925721799407,1.2081137251711518
290,1570568400,1184,370,0,1554,41,-0.5868925721799407,1.7996015907751381
290,1570582800,258,70,0,328,41,-0.5868925721799407,-0.6753612871446133
290,1570597200,19,23,4,42,41,-0.5582470311787118,-1.2527180433314393
290,1570611600,158,546,388,704,41,2.1917249049392673,0.08368116154855683
290,1570626000,405,675,270,1080,41,1.3466814454030134,0.8427236102417269
290,1570640400,716,385,0,1101,41,-0.5868925721799407,0.8851169384932072
290,1570654800,1146,349,0,1495,41,-0.5868925721799407,1.680496525687646
290,1570669200,255,82,0,337,41,-0.5868925721799407,-0.6571927178939788
290,1570683600,15,15,0,30,41,-0.5868925721799407,-1.2769428023322853
290,1570698000,192,600,408,792,41,2.3349526099454123,0.2613293942214264
290,1570712400,431,724,293,1155,41,1.5113933061600797,0.9941283539970135
290,1570726800,823,445,0,1268,41,-0.5868925721799407,1.222244834588312
290,1570741200,1311,445,0,1756,41,-0.5868925721799407,2.2073850339560432
290,1570755600,323,83,0,406,41,-0.5868925721799407,-0.5179003536391152
290,1570770000,33,27,0,60,41,-0.5868925721799407,-1.2163809048301706
290,1570784400,166,531,365,697,41,2.0270130441822007,0.06955005213139674
290,1570798800,389,697,308,1086,41,1.6188140849146884,0.8548359897421498
290,1570813200,926,437,0,1363,41,-0.5868925721799407,1.4140241766783417
290,1570827600,1090,455,0,1545,41,-0.5868925721799407,1.7814330215245038
290,1570842000,287,125,0,412,41,-0.5868925721799407,-0.5057879741386923
290,1570856400,52,29,0,81,41,-0.5868925721799407,-1.1739875765786905
290,1570870800,35,88,53,123,41,-0.20733915391365715,-1.08920092007573
290,1570885200,157,196,39,353,41,-0.30759854741795845,-0.6248930392261843
290,1570899600,337,270,0,607,41,-0.5868925721799407,-0.11213564037494715
290,1570914000,416,298,0,714,41,-0.5868925721799407,0.10386846071592837
290,1570928400,272,95,0,367,41,-0.5868925721799407,-0.5966308203918642
290,1570942800,64,20,0,84,41,-0.5868925721799407,-1.1679313868284789
290,1570957200,22,56,34,78,41,-0.34340547366949464,-1.1800437663289018
290,1570971600,116,169,53,285,41,-0.20733915391365715,-0.7621666735643109
290,1570986000,284,238,0,522,41,-0.5868925721799407,-0.2837276832976053
290,1571000400,254,170,0,424,41,-0.5868925721799407,-0.48156321513784645
290,1571014800,158,57,0,215,41,-0.5868925721799407,-0.9034777677359117
290,1571029200,28,16,0,44,41,-0.5868925721799407,-1.248680583497965
290,1571043600,107,380,273,487,41,1.368165601153935,-0.3543832303834057
290,1571058000,280,516,236,796,41,1.1031943468925673,0.26940431388837505
290,1571072400,485,275,0,760,41,-0.5868925721799407,0.19673003688583748
290,1571086800,853,277,0,1130,41,-0.5868925721799407,0.9436601060785846
290,1571101200,224,58,0,282,42,-0.5796439012734436,-0.8052532507450935
290,1571115600,18,25,7,43,42,-0.5336354490665343,-1.245367164007603
290,1571130000,183,601,418,784,42,2.1677179590820033,0.11917011518703921
290,1571144400,473,737,264,1210,42,1.1555320105299967,0.9036409396633112
290,1571158800,818,437,0,1255,42,-0.5796439012734436,0.9865075760516497
290,1571173200,1245,403,0,1648,42,-0.5796439012734436,1.71020953384314
290,1571187600,259,98,0,357,42,-0.5796439012734436,-0.6671421900978625
290,1571202000,21,23,2,44,42,-0.5664986292143266,-1.2435256831989732
290,1571216400,203,642,439,845,42,2.3057433157027316,0.23150044451345375
290,1571230800,438,709,271,1147,42,1.201540462736906,0.7876276487196371
290,1571245200,839,404,0,1243,42,-0.5796439012734436,0.9644098063480928
290,1571259600,1354,369,0,1723,42,-0.5796439012734436,1.8483205944903711
290,1571274000,242,82,0,324,42,-0.5796439012734436,-0.7279110567826441
290,1571288400,17,23,6,40,42,-0.5402080850960927,-1.250891606433492
290,1571302800,174,600,426,774,42,2.220299047318471,0.10075530710074175
290,1571317200,429,712,283,1141,42,1.2804120950916078,0.7765787638678586
290,1571331600,890,438,0,1328,42,-0.5796439012734436,1.1209356750816213
290,1571346000,1352,467,0,1819,42,-0.5796439012734436,2.0251027521188267
290,1571360400,337,92,0,429,42,-0.5796439012734436,-0.5345555718765207
290,1571374800,19,20,1,39,42,-0.5730712652438851,-1.2527330872421218
290,1571389200,167,551,384,718,42,1.944248334077015,-0.0023676181825240494
290,1571403600,380,687,307,1067,42,1.4381553598010115,0.6403091840292574
290,1571418000,891,471,0,1362,42,-0.5796439012734436,1.1835460225750325
290,1571432400,1129,484,0,1613,42,-0.5796439012734436,1.645757705541099
290,1571446800,340,144,0,484,42,-0.5796439012734436,-0.4332741274018847
290,1571461200,47,35,0,82,42,-0.5796439012734436,-1.1735494124710428
290,1571475600,41,95,54,136,42,-0.22472155567728538,-1.0741094488050364
290,1571490000,182,219,37,401,42,-0.33645636817977964,-0.5861170345181537
290,1571504400,317,275,0,592,42,-0.5796439012734436,-0.23439420006987208
290,1571518800,366,306,0,672,42,-0.5796439012734436,-0.08707573537949238
290,1571533200,279,150,0,429,42,-0.5796439012734436,-0.5345555718765207
290,1571547600,57,20,0,77,42,-0.5796439012734436,-1.1827568165141915
290,1571562000,28,53,25,81,42,-0.41532800053448143,-1.1753908932796724
290,1571576400,141,203,62,344,42,-0.17214046744081749,-0.6910814406100492
290,1571590800,269,224,0,493,42,-0.5796439012734436,-0.416700800124217
290,1571605200,217,171,0,388,42,-0.5796439012734436,-0.6100562850303404
290,1571619600,96,45,0,141,42,-0.5796439012734436,-1.0649020447618878
290,1571634000,14,13,0,27,42,-0.5796439012734436,-1.2748308569456788
290,1571648400,190,645,455,835,42,2.4109054921756674,0.21308563642715628
290,1571662800,393,656,263,1049,42,1.148959374500438,0.607162529473922
290,1571677200,795,352,0,1147,42,-0.5796439012734436,0.7876276487196371
290,1571691600,1216,381,0,1597,42,-0.5796439012734436,1.616294012603023
290,1571706000,103,68,0,171,43,-0.5861145622799105,-0.9818035692898478
290,1571720400,14,33,19,47,43,-0.4626731738662476,-1.2084338763930091
290,1571734800,184,614,430,798,43,2.2075589649766703,0.1641416125946861
290,1571749200,425,707,282,1132,43,1.246015518386033,0.7745813107596532
290,1571763600,813,447,0,1260,43,-0.5861145622799105,1.0085222729306584
290,1571778000,1342,418,0,1760,43,-0.5861145622799105,1.9223541564111482
290,1571792400,100,91,0,191,43,-0.5861145622799105,-0.9452502939506282
290,1571806800,10,31,21,41,43,-0.4496793435069147,-1.2193998589947752
290,1571821200,176,591,415,767,43,2.1101052372816733,0.10748403581889576
290,1571835600,425,768,343,1193,43,1.6423273443456874,0.8860688005442728
290,1571850000,882,399,0,1281,43,-0.5861145622799105,1.0469032120368391
290,1571864400,1266,399,0,1665,43,-0.5861145622799105,1.748726098549855
290,1571878800,102,93,0,195,43,-0.5861145622799105,-0.9379396388827843
290,1571893200,13,23,10,36,43,-0.5211454104832458,-1.22853817782958
290,1571907600,172,614,442,786,43,2.2855219471326675,0.14220964739115435
290,1571922000,456,735,279,1191,43,1.2265247728470337,0.8824134730103509
290,1571936400,854,406,0,1260,43,-0.5861145622799105,1.0085222729306584
290,1571950800,1281,489,0,1770,43,-0.5861145622799105,1.940630794080758
290,1571965200,103,125,22,228,43,-0.44318242832724825,-0.877626734573072
290,1571979600,9,33,24,42,43,-0.4301885979679153,-1.2175721952278142
290,1571994000,167,524,357,691,43,1.733284156861018,-0.03141841047013866
290,1572008400,407,691,284,1098,43,1.259009348745366,0.7124407426829799
290,1572022800,896,478,0,1374,43,-0.5861145622799105,1.2168759423642102
290,1572037200,1009,434,0,1443,43,-0.5861145622799105,1.3429847422845176
290,1572051600,317,131,0,448,43,-0.5861145622799105,-0.4755407058416566
290,1572066000,55,21,0,76,43,-0.5861145622799105,-1.155431627151141
290,1572080400,49,113,64,162,43,-0.1703119907812566,-0.9982525431924967
290,1572094800,220,217,0,437,43,-0.5861145622799105,-0.49564500727822736
290,1572109200,366,319,0,685,43,-0.5861145622799105,-0.04238439307190453
290,1572123600,525,299,0,824,43,-0.5861145622799105,0.21166087053567156
290,1572138000,321,197,0,518,43,-0.5861145622799105,-0.34760424215438807
290,1572152400,115,22,0,137,43,-0.5861145622799105,-1.043944137366521
290,1572166800,33,55,22,88,43,-0.44318242832724825,-1.133499661947609
290,1572181200,131,143,12,274,43,-0.5081515801239129,-0.7935542012928669
290,1572195600,238,180,0,418,43,-0.5861145622799105,-0.530370618850486
290,1572210000,225,163,0,388,43,-0.5861145622799105,-0.5852005318593153
290,1572224400,128,52,0,180,43,-0.5861145622799105,-0.965354595387199
290,1572238800,16,17,1,33,43,-0.579617647100244,-1.234021169130463
290,1572253200,182,609,427,791,43,2.1880682194376706,0.15134796622595925
290,1572267600,373,708,335,1081,43,1.5903520229083559,0.6813704586446432
290,1572282000,821,388,0,1209,43,-0.5861145622799105,0.9153114208156485
290,1572296400,1213,362,0,1575,43,-0.5861145622799105,1.5842363595233668
290,1572310800,353,39,0,392,44,-0.5896021608358748,-0.679935312128571
290,1572325200,111,119,8,230,44,-0.539600564157214,-0.9634257137293306
290,1572339600,207,614,407,821,44,1.9542290701909917,0.07078926988825555
290,1572354000,407,796,389,1203,44,1.8417254776640049,0.7392666366258493
290,1572368400,851,411,0,1262,44,-0.5896021608358748,0.8425131409125457
290,1572382800,1374,403,0,1777,44,-0.5896021608358748,1.743732627482862
290,1572397200,258,93,0,351,44,-0.5896021608358748,-0.7516828829040718
290,1572411600,22,24,2,46,44,-0.5771017616662096,-1.2854148118437736
290,1572426000,196,662,466,858,44,2.322990845696115,0.13553707766126855
290,1572440400,429,722,293,1151,44,1.2417063175200758,0.6482697175935067
290,1572454800,879,449,0,1328,44,-0.5896021608358748,0.958009230453596
290,1572469200,1312,444,0,1756,44,-0.5896021608358748,1.7069838717198005
290,1572483600,287,100,0,387,44,-0.5896021608358748,-0.6886850158816809
290,1572498000,16,19,3,35,44,-0.570851562081377,-1.3046641601006153
290,1572512400,191,589,398,780,44,1.8979772739274983,-0.0009583008872453473
290,1572526800,438,725,287,1163,44,1.2042051200110802,0.6692690066009703
290,1572541200,913,380,0,1293,44,-0.5896021608358748,0.8967613041818269
290,1572555600,1411,854,0,2265,44,-0.5896021608358748,2.5977037137863848
290,1572570000,813,178,0,991,44,-0.5896021608358748,0.36827919749399096
290,1572584400,73,24,0,97,44,-0.5896021608358748,-1.196167833562053
290,1572598800,182,536,354,718,44,1.6229684921948642,-0.10945462742580768
290,1572613200,391,700,309,1091,44,1.3417095108773973,0.5432732725561883
290,1572627600,896,454,0,1350,44,-0.5896021608358748,0.9965079269672793
290,1572642000,1107,450,0,1557,44,-0.5896021608358748,1.358745662346028
290,1572656400,330,141,0,471,44,-0.5896021608358748,-0.5416899928294351
290,1572670800,74,23,0,97,44,-0.5896021608358748,-1.196167833562053
290,1572685200,40,108,68,148,44,-0.16458858906725832,-1.1069208552803325
290,1572699600,177,259,82,436,44,-0.07708579487960199,-0.6029379191012041
290,1572714000,385,361,0,746,44,-0.5896021608358748,-0.060456286408392436
290,1572728400,393,383,0,776,44,-0.5896021608358748,-0.00795806388973324
290,1572742800,303,88,0,391,44,-0.5896021608358748,-0.6816852528791929
290,1572753600,99,31,0,130,44,-0.5896021608358748,-1.138419788791528
290,1572768000,27,37,10,64,44,-0.5271001649875489,-1.2539158783325781
290,1572782400,134,221,87,355,44,-0.045834796955439,-0.744683119901584
290,1572796800,302,293,0,595,44,-0.5896021608358748,-0.32469733975231035
290,1572811200,382,268,0,650,44,-0.5896021608358748,-0.22845059846810187
290,1572825600,183,76,0,259,44,-0.5896021608358748,-0.9126774319612934
290,1572840000,25,16,0,41,44,-0.5896021608358748,-1.2941645155968835
290,1572854400,85,364,279,449,44,1.1542035233324195,-0.5801886893431185
290,1572868800,386,906,520,1292,44,2.660501623277075,0.8950113634312049
290,1572883200,695,426,0,1121,44,-0.5896021608358748,0.5957714950748475
290,1572897600,1440,420,0,1860,44,-0.5896021608358748,1.8889777097844858
290,1572912000,394,117,0,511,45,-0.5484388375030373,-0.3708613231867505
290,1572926400,33,21,0,54,45,-0.5484388375030373,-1.182712627617235
290,1572940800,80,344,264,424,45,1.2668118580891055,-0.5254150726078712
290,1572955200,414,875,461,1289,45,2.621373930178697,1.0112400222113171
290,1572969600,640,452,0,1092,45,-0.5484388375030373,0.6612734861657911
290,1572984000,1432,437,0,1869,45,-0.5484388375030373,2.041598351685455
290,1572998400,602,308,0,910,45,-0.5484388375030373,0.33795414829632014
290,1573012800,38,21,0,59,45,-0.5484388375030373,-1.1738302282252167
290,1573027200,71,368,297,439,45,1.4937181950381235,-0.4987678744318159
290,1573041600,467,935,468,1402,45,2.669505577410307,1.2119822484709337
290,1573056000,665,489,0,1154,45,-0.5484388375030373,0.7714152386268196
290,1573070400,1437,471,0,1908,45,-0.5484388375030373,2.110881066943199
290,1573084800,437,124,0,561,45,-0.5484388375030373,-0.2820373292665662
290,1573099200,34,32,0,66,45,-0.5484388375030373,-1.161394869076391
290,1573113600,75,308,233,383,45,1.0536574203491191,-0.5982507476224224
290,1573128000,443,928,485,1371,45,2.786396720687074,1.1569113722404194
290,1573142400,709,474,0,1183,45,-0.5484388375030373,0.8229331551005264
290,1573156800,1517,447,0,1964,45,-0.5484388375030373,2.210363940133805
290,1573171200,466,133,0,599,45,-0.5484388375030373,-0.2145310938872262
290,1573185600,64,31,0,95,45,-0.5484388375030373,-1.109876952602684
290,1573200000,79,310,231,389,45,1.0399055211400876,-0.5875918683520003
290,1573214400,402,747,345,1149,45,1.8237637760548766,0.7625328392348011
290,1573228800,760,445,0,1205,45,-0.5484388375030373,0.8620157124254075
290,1573243200,1282,562,0,1844,45,-0.5484388375030373,1.997186354725363
290,1573257600,424,193,0,617,45,-0.5484388375030373,-0.18255445607595983
290,1573272000,111,49,0,160,45,-0.5484388375030373,-0.9944057605064444
290,1573286400,29,78,49,107,45,-0.21151730688176845,-1.0885591940618398
290,1573300800,161,187,26,348,45,-0.3696641477856294,-0.6604275433665514
290,1573315200,343,310,0,653,45,-0.5484388375030373,-0.11860118045342713
290,1573329600,434,326,0,760,45,-0.5484388375030373,0.07148216653576726
290,1573344000,314,166,0,480,45,-0.5484388375030373,-0.4259321994172648
290,1573358400,120,18,0,138,45,-0.5484388375030373,-1.0334883178313254
290,1573372800,21,27,6,48,45,-0.5071831398759432,-1.1933715068876571
290,1573387200,95,164,69,259,45,-0.07399831479145458,-0.8185342525444794
290,1573401600,293,225,0,518,45,-0.5484388375030373,-0.35842596403792476
290,1573416000,307,219,0,526,45,-0.5484388375030373,-0.34421412501069526
290,1573430400,175,80,0,255,45,-0.5484388375030373,-0.8256401720580941
290,1573444800,33,10,0,43,45,-0.5484388375030373,-1.2022539062796755
290,1573459200,62,200,138,262,45,0.40044220792012825,-0.8132048129092684
290,1573473600,305,583,278,888,45,1.3630751525523253,0.29887159097143906
290,1573488000,491,348,0,839,45,-0.5484388375030373,0.21182407692965846
290,1573502400,1047,362,0,1409,45,-0.5484388375030373,1.2244176076197595
290,1573516800,323,115,0,438,46,-0.5329291055093139,-0.47529704104545256
290,1573531200,34,26,0,60,46,-0.5329291055093139,-1.1421241728621372
290,1573545600,94,291,197,385,46,0.62258856193934,-0.5687939669350935
290,1573560000,459,1004,545,1463,46,2.663807588701429,1.3328982238013778
290,1573574400,658,417,0,1075,46,-0.5329291055093139,0.6484301625715532
290,1573588800,1404,398,0,1802,46,-0.5329291055093139,1.930925730906817
290,1573603200,394,126,0,520,46,-0.5329291055093139,-0.3306414198577061
290,1573617600,40,19,0,59,46,-0.5329291055093139,-1.1438882658034513
290,1573632000,95,323,228,418,46,0.8044212913348134,-0.5105788998717322
290,1573646400,428,919,491,1347,46,2.3470667052383463,1.128263442608956
290,1573660800,632,457,0,1089,46,-0.5329291055093139,0.6731274637499489
290,1573675200,1398,414,0,1812,46,-0.5329291055093139,1.9485666603199567
290,1573689600,452,134,0,586,46,-0.5329291055093139,-0.21421128573098341
290,1573704000,41,17,0,58,46,-0.5329291055093139,-1.1456523587447653
290,1573718400,74,323,249,397,46,0.9275983015704568,-0.5476248516393257
290,1573732800,463,989,526,1452,46,2.5523617222977517,1.3134932014469238
290,1573747200,669,441,0,1110,46,-0.5329291055093139,0.7101734155175425
290,1573761600,1415,423,0,1838,46,-0.5329291055093139,1.9944330767941203
290,1573776000,483,175,0,658,46,-0.5329291055093139,-0.08719659395637679
290,1573790400,65,26,0,91,46,-0.5329291055093139,-1.087437291681404
290,1573804800,77,267,190,344,46,0.5815295585274589,-0.6411217775289667
290,1573819200,415,872,457,1287,46,2.147637260094924,1.022417866130117
290,1573833600,668,444,0,1112,46,-0.5329291055093139,0.7137016014001705
290,1573848000,1242,427,0,1669,46,-0.5329291055093139,1.6963013697120577
290,1573862400,390,167,0,557,46,-0.5329291055093139,-0.2653699810290888
290,1573876800,103,29,0,132,46,-0.5329291055093139,-1.0151094810875307
290,1573891200,37,66,29,103,46,-0.36282751994580653,-1.066268176385636
290,1573905600,122,198,76,320,46,-0.08714563989460482,-0.6834600081205023
290,1573920000,298,309,11,607,46,-0.46840781443350077,-0.17716533396338982
290,1573934400,311,325,14,636,46,-0.45081109868555175,-0.12600663866528436
290,1573948800,250,160,0,410,46,-0.5329291055093139,-0.5246916434022441
290,1573963200,116,20,0,136,46,-0.5329291055093139,-1.0080531093222747
290,1573977600,23,29,6,52,46,-0.4977356740134159,-1.1562369163926491
290,1573992000,95,134,39,229,46,-0.3041718007859764,-0.8439924657800746
290,1574006400,233,229,0,462,46,-0.5329291055093139,-0.43295881045391704
290,1574020800,265,191,0,456,46,-0.5329291055093139,-0.4435433681018009
290,1574035200,137,67,0,204,46,-0.5329291055093139,-0.8880947893129241
290,1574049600,27,15,0,42,46,-0.5329291055093139,-1.173877845805789
290,1574064000,81,288,207,369,46,0.6812442810991701,-0.5970194539961172
290,1574078400,363,914,551,1277,46,2.6990010201973273,1.0047769367169772
290,1574092800,588,393,0,981,46,-0.5329291055093139,0.48260542608803897
290,1574107200,1325,344,0,1669,46,-0.5329291055093139,1.6963013697120577
290,1574121600,338,97,0,435,47,-0.5345174917578458,-0.47458723666346103
290,1574136000,35,21,0,56,47,-0.5345174917578458,-1.127975892017982
290,1574150400,82,346,264,428,47,1.010914046341501,-0.4866551010103783
290,1574164800,457,916,459,1373,47,2.152425977892155,1.1425065858234535
290,1574179200,622,450,0,1072,47,-0.5345174917578458,0.6235884189060109
290,1574193600,1399,439,0,1838,47,-0.5345174917578458,1.9441575745829585
290,1574208000,412,131,0,543,47,-0.5345174917578458,-0.28839732959673736
290,1574222400,43,23,0,66,47,-0.5345174917578458,-1.1107360858081001
290,1574236800,82,324,242,406,47,0.882128084833222,-0.5245826746721183
290,1574251200,404,984,580,1388,47,2.860748766187689,1.1683662951382763
290,1574265600,683,449,0,1132,47,-0.5345174917578458,0.7270272561653018
290,1574280000,1454,486,0,1940,47,-0.5345174917578458,2.120003597923753
290,1574294400,413,135,0,548,47,-0.5345174917578458,-0.2797774264917965
290,1574308800,45,25,0,70,47,-0.5345174917578458,-1.1038401633241475
290,1574323200,82,319,237,401,47,0.8528585481267951,-0.5332025777770593
290,1574337600,408,963,555,1371,47,2.7144010826555536,1.1390586245814773
290,1574352000,647,483,0,1130,47,-0.5345174917578458,0.7235792949233254
290,1574366400,1509,492,0,2001,47,-0.5345174917578458,2.2251664158040323
290,1574380800,466,180,0,646,47,-0.5345174917578458,-0.11082732563495463
290,1574395200,92,39,0,131,47,-0.5345174917578458,-0.9986773454438683
290,1574409600,65,235,170,300,47,0.46064675626067286,-0.7073246204968656
290,1574424000,408,891,483,1299,47,2.2929197540830044,1.0149320198703282
290,1574438400,691,415,0,1106,47,-0.5345174917578458,0.682203760019609
290,1574452800,1165,452,0,1617,47,-0.5345174917578458,1.5631578573445701
290,1574467200,383,180,0,563,47,-0.5345174917578458,-0.25391771717697376
290,1574481600,91,32,0,123,47,-0.5345174917578458,-1.0124691904117737
290,1574496000,29,67,38,96,47,-0.31206901278900046,-1.0590166671784547
290,1574510400,127,206,79,333,47,-0.0720588117962989,-0.6504332600042556
290,1574524800,312,262,0,574,47,-0.5345174917578458,-0.23495393034610373
290,1574539200,320,292,0,612,47,-0.5345174917578458,-0.16944266674855282
290,1574553600,264,185,0,449,47,-0.5345174917578458,-0.45045150796962646
290,1574568000,103,27,0,130,47,-0.5345174917578458,-1.0004013260648565
290,1574582400,23,30,7,53,47,-0.493540140368848,-1.1331478338809466
290,1574596800,84,131,47,215,47,-0.25938384671743187,-0.853862973280861
290,1574611200,222,216,0,438,47,-0.5345174917578458,-0.4694152948004965
290,1574625600,239,162,0,401,47,-0.5345174917578458,-0.5332025777770593
290,1574640000,127,70,0,197,47,-0.5345174917578458,-0.8848946244586483
290,1574654400,17,14,0,31,47,-0.5345174917578458,-1.1710754075426866
290,1574668800,86,287,201,373,47,0.6421178838405204,-0.5814740351647283
290,1574683200,421,894,473,1315,47,2.2343806806701503,1.042515709806139
290,1574697600,579,368,0,947,47,-0.5345174917578458,0.4080908412824881
290,1574712000,1322,363,0,1685,47,-0.5345174917578458,1.6803885395717664
290,1574726400,345,119,0,464,48,-0.49462433934388655,-0.01839245834088959
290,1574740800,39,23,0,62,48,-0.49462433934388655,-0.9738948171949812
290,1574755200,74,293,219,367,48,1.4225921264315322,-0.24894899766637935
290,1574769600,383,879,496,1262,48,3.847564551179436,1.8783510301306654
290,1574784000,626,390,0,1016,48,-0.49462433934388655,1.293640631428908
290,1574798400,1257,432,0,1689,48,-0.49462433934388655,2.893275177470708
290,1574812800,375,155,0,530,48,-0.49462433934388655,0.13848106326202095
290,1574827200,41,21,0,62,48,-0.49462433934388655,-0.9738948171949812
290,1574841600,60,273,213,333,48,1.3700656479171371,-0.3297626300072727
290,1574856000,370,588,218,958,48,1.4138377133457996,1.1557820821415015
290,1574870400,805,373,0,1178,48,-0.49462433934388655,1.67869382081787
290,1574884800,576,351,0,927,48,-0.49462433934388655,1.0820990644189223
290,1574899200,264,128,0,392,48,-0.49462433934388655,-0.18952720918042837
290,1574913600,50,24,0,74,48,-0.49462433934388655,-0.9453723587217246
290,1574928000,34,34,0,68,48,-0.49462433934388655,-0.9596335879583529
290,1574942400,108,89,0,197,48,-0.49462433934388655,-0.6530171593708459
290,1574956800,155,133,0,288,48,-0.49462433934388655,-0.4367218492819844
290,1574971200,144,319,175,463,48,1.0373979506593018,-0.02076932988032763
290,1574985600,290,87,0,377,48,-0.49462433934388655,-0.22518028227199896
290,1575000000,11,26,15,37,48,-0.363308143057899,-1.0333166056809322
290,1575014400,18,123,105,141,48,0.4245890346580265,-0.7861219655793761
290,1575028800,131,250,119,381,48,0.5471508178582816,-0.2156727961142468
290,1575043200,305,311,6,616,48,-0.44209786082949154,0.34289201565369226
290,1575057600,376,290,0,666,48,-0.49462433934388655,0.4617355926255942
290,1575072000,255,99,0,354,48,-0.49462433934388655,-0.27984832767907386
290,1575086400,53,34,0,87,48,-0.49462433934388655,-0.9144730287090301
290,1575100800,23,39,16,62,48,-0.3545537299721665,-0.9738948171949812
290,1575115200,93,124,31,217,48,-0.22323753368617888,-0.6054797285820851
290,1575129600,209,259,50,468,48,-0.05690368505726129,-0.008884972183137437
290,1575144000,274,215,0,489,48,-0.49462433934388655,0.041029330145061375
290,1575158400,234,174,0,408,48,-0.49462433934388655,-0.15149726454941975
290,1575172800,59,19,0,78,48,-0.49462433934388655,-0.9358648725639725
290,1575187200,15,19,4,34,48,-0.4596066870009565,-1.0404472202992463
290,1575201600,64,111,47,175,48,-0.0831669243144588,-0.7053083332384827
290,1575216000,163,190,27,353,48,-0.2582551860291089,-0.28222519921851186
290,1575230400,179,131,0,310,48,-0.49462433934388655,-0.38443067541434756
290,1575244800,127,75,0,202,48,-0.49462433934388655,-0.6411328016736557
290,1575259200,14,13,0,27,48,-0.49462433934388655,-1.0570853210753124
290,1575273600,77,265,188,342,48,1.1512053207738244,-0.3083707861523303
290,1575288000,370,814,444,1184,48,3.3923350707213458,1.6929550500544983
290,1575302400,699,355,0,1054,48,-0.49462433934388655,1.3839617499275534
290,1575316800,1110,311,0,1421,48,-0.49462433934388655,2.2562736049013137
290,1575331200,261,90,0,351,49,-0.5609664151354937,-0.6423553299335607
290,1575345600,34,23,0,57,49,-0.5609664151354937,-1.1448134329374633
290,1575360000,85,323,238,408,49,0.8790490665528461,-0.544939983432804
290,1575374400,431,877,446,1308,49,2.137549991725849,0.9931970665791428
290,1575388800,618,431,0,1049,49,-0.5609664151354937,0.550555404409038
290,1575403200,1373,443,0,1816,49,-0.5609664151354937,1.8613899792525526
290,1575417600,397,116,0,513,49,-0.5609664151354937,-0.36549066093141025
290,1575432000,52,22,0,74,49,-0.5609664151354937,-1.1157597331039042
290,1575446400,78,336,258,414,49,1.000058770896404,-0.5346857364327244
290,1575460800,409,921,512,1330,49,2.5368820160595904,1.0307959722461013
290,1575475200,643,465,0,1108,49,-0.5609664151354937,0.6513888332431546
290,1575489600,1395,450,0,1845,49,-0.5609664151354937,1.9109521730862709
290,1575504000,385,118,0,503,49,-0.5609664151354937,-0.38258107259820967
290,1575518400,48,19,0,67,49,-0.5609664151354937,-1.127723021270664
290,1575532800,72,320,248,392,49,0.939553918724625,-0.5722846420996831
290,1575547200,434,954,520,1388,49,2.5852858977970135,1.129920359913538
290,1575561600,662,435,0,1097,49,-0.5609664151354937,0.6325893804096752
290,1575576000,1717,504,0,2221,49,-0.5609664151354937,2.5535516517579286
290,1575590400,482,125,0,607,49,-0.5609664151354937,-0.20484079126349583
290,1575604800,55,22,0,77,49,-0.5609664151354937,-1.1106326096038646
290,1575619200,65,342,277,407,49,1.1150179900227841,-0.546649024599484
290,1575633600,414,847,433,1261,49,2.0588936839025362,0.9128721317451854
290,1575648000,720,445,0,1165,49,-0.5609664151354937,0.7488041797439111
290,1575662400,1202,563,0,1765,49,-0.5609664151354937,1.7742288797518757
290,1575676800,455,172,0,627,49,-0.5609664151354937,-0.17065996792989702
290,1575691200,118,42,0,160,49,-0.5609664151354937,-0.9687821927694293
290,1575705600,36,77,41,113,49,-0.3128965212311999,-1.0491071276033865
290,1575720000,120,211,91,331,49,-0.010372260372304933,-0.6765361532671595
290,1575734400,319,336,17,655,49,-0.4581081664434694,-0.12280681526285867
290,1575748800,368,382,14,750,49,-0.4762596220950031,0.03955209557173572
290,1575763200,311,211,0,522,49,-0.5609664151354937,-0.3501092904312908
290,1575777600,109,59,0,168,49,-0.5609664151354937,-0.9551098634359898
290,1575792000,24,33,9,57,49,-0.5065120481808926,-1.1448134329374633
290,1575806400,98,145,47,243,49,-0.2765936099281325,-0.8269317759349943
290,1575820800,259,285,26,544,49,-0.4036537994888683,-0.31251038476433207
290,1575835200,271,206,0,477,49,-0.5609664151354937,-0.4270161429318881
290,1575849600,186,68,0,254,49,-0.5609664151354937,-0.808132323101515
290,1575864000,25,12,0,37,49,-0.5609664151354937,-1.178994256271062
290,1575878400,78,267,189,345,49,0.5825752909111291,-0.6526095769336403
290,1575892800,412,940,528,1352,49,2.6336897795344365,1.06839487791306
290,1575907200,604,375,0,979,49,-0.5609664151354937,0.43092252274144216
290,1575921600,1336,355,0,1691,49,-0.5609664151354937,1.64775983341756
290,1575936000,305,89,0,394,50,-0.5529812186812326,-0.5790793094090332
290,1575950400,34,22,0,56,50,-0.5529812186812326,-1.1666014560907538
290,1575964800,80,309,229,389,50,0.8459070930694501,-0.587770465425035
290,1575979200,422,946,524,1368,50,2.6479684553683644,1.1139578825081147
290,1575993600,627,431,0,1058,50,-0.5529812186812326,0.5751062095160039
290,1576008000,1386,377,0,1763,50,-0.5529812186812326,1.8005592077722556
290,1576022400,353,132,0,485,50,-0.5529812186812326,-0.4209002699178007
290,1576036800,43,36,0,79,50,-0.5529812186812326,-1.1266221384171458
290,1576051200,78,326,248,404,50,0.9619720621666683,-0.5616969973770296
290,1576065600,417,948,531,1365,50,2.6907292334568136,1.1087431888985135
290,1576080000,631,452,0,1083,50,-0.5529812186812326,0.6185619895960128
290,1576094400,1376,452,0,1828,50,-0.5529812186812326,1.913544235980279
290,1576108800,456,142,0,598,50,-0.5529812186812326,-0.22448014395616034
290,1576123200,49,19,0,68,50,-0.5529812186812326,-1.1457426816523497
290,1576137600,79,306,227,385,50,0.8336897279013219,-0.5947233902378364
290,1576152000,420,955,535,1375,50,2.71516396379307,1.126125500930517
290,1576166400,637,439,0,1076,50,-0.5529812186812326,0.6063943711736104
290,1576180800,1361,455,0,1816,50,-0.5529812186812326,1.8926854615418747
290,1576195200,499,167,0,666,50,-0.5529812186812326,-0.10628042213853607
290,1576209600,62,25,0,87,50,-0.5529812186812326,-1.112716288791543
290,1576224000,67,262,195,329,50,0.6382118852112701,-0.6920643376170564
290,1576238400,397,724,327,1121,50,1.4445579863077336,0.6846147753176264
290,1576252800,735,386,0,1121,50,-0.5529812186812326,0.6846147753176264
290,1576267200,1205,495,0,1700,50,-0.5529812186812326,1.6910506419706333
290,1576281600,418,196,0,614,50,-0.5529812186812326,-0.19666844470495465
290,1576296000,118,36,0,154,50,-0.5529812186812326,-0.9962547981771189
290,1576310400,25,62,37,87,50,-0.32695996307086034,-1.112716288791543
290,1576324800,132,248,116,380,50,0.1556259610702049,-0.6034145462538382
290,1576339200,337,387,50,724,50,-0.2475470894780268,-0.005463012352915352
290,1576353600,422,376,0,798,50,-0.5529812186812326,0.12316609668391108
290,1576368000,292,182,0,474,50,-0.5529812186812326,-0.4400208131530046
290,1576382400,127,43,0,170,50,-0.5529812186812326,-0.9684430989259132
290,1576396800,25,32,7,57,50,-0.5102204405927838,-1.1648632248875537
290,1576411200,87,131,44,218,50,-0.2841991849824115,-0.885008001172296
290,1576425600,290,287,0,577,50,-0.5529812186812326,-0.2609829992233679
290,1576440000,289,200,0,489,50,-0.5529812186812326,-0.41394734510499925
290,1576454400,189,88,0,277,50,-0.5529812186812326,-0.782452360183475
290,1576468800,27,13,0,40,50,-0.5529812186812326,-1.1944131553419597
290,1576483200,72,317,245,389,50,0.943646014414476,-0.587770465425035
290,1576497600,398,885,487,1283,50,2.421947199757992,0.9662082302360843
290,1576512000,658,426,0,1084,50,-0.5529812186812326,0.6203002207992132
290,1576526400,1623,488,0,2111,50,-0.5529812186812326,2.40546366648598
290,1576540800,313,120,0,433,51,-0.520125999151887,-0.4035822791257001
290,1576555200,36,24,0,60,51,-0.520125999151887,-1.1227042064213344
290,1576569600,82,299,217,381,51,0.8010636207673709,-0.5038352019658422
290,1576584000,382,951,569,1333,51,2.9441914834935403,1.331564462338297
290,1576598400,586,439,0,1025,51,-0.520125999151887,0.7377586885928401
290,1576612800,1338,412,0,1750,51,-0.520125999151887,2.135515785883282
290,1576627200,337,128,0,465,51,-0.520125999151887,-0.3418881727625358
290,1576641600,44,21,0,65,51,-0.520125999151887,-1.11306450230209
290,1576656000,84,283,199,367,51,0.6914718550597828,-0.5308263734997266
290,1576670400,345,929,584,1274,51,3.0355179549165308,1.2178159537312128
290,1576684800,633,457,0,1090,51,-0.520125999151887,0.8630748421430178
290,1576699200,1341,476,0,1817,51,-0.520125999151887,2.264687821081157
290,1576713600,425,154,0,579,51,-0.520125999151887,-0.12210291884376283
290,1576728000,50,41,0,91,51,-0.520125999151887,-1.062938040882019
290,1576742400,68,232,164,300,51,0.4783767550728057,-0.659998408697602
290,1576756800,389,924,535,1313,51,2.737184814934763,1.2930056458613193
290,1576771200,583,539,0,1122,51,-0.520125999151887,0.9247689485061821
290,1576785600,1330,432,0,1762,51,-0.520125999151887,2.158651075769469
290,1576800000,356,133,0,489,51,-0.520125999151887,-0.29561759299016255
290,1576814400,36,40,4,76,51,-0.49577227343908953,-1.0918571532397523
290,1576828800,64,261,197,325,51,0.6792949922033841,-0.6117998881013798
290,1576843200,385,794,409,1179,51,1.970042454981645,1.0346615754655686
290,1576857600,650,483,0,1133,51,-0.520125999151887,0.9459762975685198
290,1576872000,1009,470,0,1479,51,-0.520125999151887,1.6130438226202342
290,1576886400,357,194,0,551,51,-0.520125999151887,-0.17608526191153162
290,1576900800,82,30,0,112,51,-0.520125999151887,-1.0224512835811925
290,1576915200,34,79,45,113,51,-0.2461465848829164,-1.0205233427573435
290,1576929600,103,167,64,270,51,-0.13046638774712885,-0.7178366334130685
290,1576944000,293,256,0,549,51,-0.520125999151887,-0.1799411435592294
290,1576958400,330,254,0,584,51,-0.520125999151887,-0.1124632147245184
290,1576972800,236,147,0,383,51,-0.520125999151887,-0.4999793203181444
290,1576987200,78,29,0,107,51,-0.520125999151887,-1.032090987700437
290,1577001600,19,29,10,48,51,-0.4592416848698935,-1.1458394963075211
290,1577016000,89,128,39,217,51,-0.28267717345211246,-0.8200174970770594
290,1577030400,245,213,0,458,51,-0.520125999151887,-0.355383758529478
290,1577044800,254,162,0,416,51,-0.520125999151887,-0.4363572731311312
290,1577059200,137,93,0,230,51,-0.520125999151887,-0.7949542663670239
290,1577073600,41,15,0,56,51,-0.520125999151887,-1.13041596971673
290,1577088000,39,249,210,288,51,0.7584446007699756,-0.6831336985837886
290,1577102400,228,570,342,798,51,1.562117549292289,0.30011612157914314
290,1577116800,517,377,0,894,51,-0.520125999151887,0.48519844066863616
290,1577131200,703,293,0,996,51,-0.520125999151887,0.6818484047012224
290,1577145600,220,84,0,304,52,-0.46010120085289424,0.2709752051373153
290,1577160000,45,31,0,76,52,-0.46010120085289424,-0.6005626019814481
290,1577174400,39,138,99,177,52,1.157059232914083,-0.21448664356480288
290,1577188800,191,288,97,479,52,1.1243893251612147,0.9399186974433836
290,1577198436,217,27,0,244,52,-0.46010120085289424,0.04162315063237757
290,1577198497,2,0,0,2,52,-0.46010120085289424,-0.8834301358708713
290,1577198558,3,6,3,9,52,-0.4110963392235919,-0.8566723961786284
290,1577198624,3,0,0,3,52,-0.46010120085289424,-0.8796076016291223
290,1577198696,0,0,0,0,52,-0.46010120085289424,-0.8910752043543692
290,1577198757,2,0,0,2,52,-0.46010120085289424,-0.8834301358708713
290,1577198818,1,0,0,1,52,-0.46010120085289424,-0.8872526701126202
290,1577198879,4,0,0,4,52,-0.46010120085289424,-0.8757850673873733
290,1577198957,1,2,1,3,52,-0.4437662469764601,-0.8796076016291223
290,1577199018,6,0,0,6,52,-0.46010120085289424,-0.8681399989038754
290,1577199096,5,0,0,5,52,-0.46010120085289424,-0.8719625331456243
290,1577199178,3,0,0,3,52,-0.46010120085289424,-0.8796076016291223
290,1577203200,423,220,0,643,52,-0.46010120085289424,1.5668143130902135
290,1577217600,254,162,0,416,52,-0.46010120085289424,0.699099040213199
290,1577232000,152,61,0,213,52,-0.46010120085289424,-0.07687541086184024
290,1577246400,32,14,0,46,52,-0.46010120085289424,-0.7152386292339169
290,1577260800,7,23,16,30,52,-0.19874193882994842,-0.7763991771019003
290,1577275200,56,35,0,91,52,-0.46010120085289424,-0.5432245883552136
290,1577289600,74,126,52,200,52,0.3893164007216797,-0.12656835600457675
290,1577304000,156,96,0,252,52,-0.46010120085289424,0.07220342456636927
290,1577318400,77,37,0,114,52,-0.46010120085289424,-0.45530630079498746
290,1577332800,17,19,2,36,52,-0.42743129310002603,-0.7534639716514065
290,1577347200,25,189,164,214,52,2.2188312348823005,-0.07305287662009129
290,1577361600,164,361,197,525,52,2.7578847128046267,1.115755272563836
290,1577376000,383,285,0,668,52,-0.46010120085289424,1.6623776691339376
290,1577390400,458,277,0,735,52,-0.46010120085289424,1.918487463331118
290,1577404800,236,94,0,330,52,-0.46010120085289424,0.37036109542278833
290,1577419200,30,21,0,51,52,-0.46010120085289424,-0.6961259580251721
290,1577433600,39,197,158,236,52,2.120821511623696,0.011042876698385879
290,1577448000,199,424,225,623,52,3.2152634213447815,1.4903636282552344
290,1577462400,406,335,0,741,52,-0.46010120085289424,1.9414226687816118
290,1577476800,560,350,0,910,52,-0.46010120085289424,2.5874309556371866
