remote_unit_id,time_stamp,entries,exits,num_people_exited,sum_exit_entry,week_num,z_score_num_people_exited,z_score_sum_exit_entry
273,1546311600,137,257,120,394,1,0.17987035003304597,-0.8402495391468846
273,1546326000,109,116,7,225,1,-0.7162372455223692,-1.2871485859315377
273,1546340400,307,89,0,396,1,-0.7717483355125276,-0.8349607930310898
273,1546354800,487,182,0,669,1,-0.7717483355125276,-0.11304694822511194
273,1546369200,441,400,0,841,1,-0.7717483355125276,0.34178521773323317
273,1546383600,179,412,233,591,1,1.075977945588461,-0.31930804674110563
273,1546398000,51,151,100,202,1,0.02126723577545036,-1.3479691662631768
273,1546412400,283,55,0,338,1,-0.7717483355125276,-0.9883344303891365
273,1546426800,910,186,0,1096,1,-0.7717483355125276,1.0161003474970587
273,1546441200,599,303,0,902,1,-0.7717483355125276,0.5030919742649718
273,1546455600,518,768,250,1286,1,1.2107905927074174,1.518531228497556
273,1546470000,216,624,408,840,1,2.4637551953424226,0.3391408446753358
273,1546484400,55,251,196,306,1,0.7825621842119093,-1.0729543682418519
273,1546498800,318,67,0,385,1,-0.7717483355125276,-0.8640488966679608
273,1546513200,997,175,0,1172,1,-0.7717483355125276,1.2170726998972576
273,1546527600,579,361,0,940,1,-0.7717483355125276,0.6035781504650714
273,1546542000,570,794,224,1364,1,1.0046065441725431,1.72479232701355
273,1546556400,253,637,384,890,1,2.2734314582333077,0.47135949757020357
273,1546570800,65,246,181,311,1,0.6636098485187125,-1.059732502952365
273,1546585200,306,58,0,364,1,-0.7717483355125276,-0.9195807308838052
273,1546598712,219,171,0,390,1,-0.7717483355125276,-0.850827031378474
273,1546599575,13,11,0,24,1,-0.7717483355125276,-1.818667570568906
273,1546599600,1027,168,0,1195,1,-0.7717483355125276,1.277893280228897
273,1546614000,608,380,0,988,1,-0.7717483355125276,0.7305080572441444
273,1546628400,610,767,157,1377,1,0.4732861114095978,1.7591691767662154
273,1546642800,310,601,291,911,1,1.5359269769354884,0.526891331786048
273,1546657200,58,346,288,404,1,1.512136509796849,-0.8138058085679111
273,1546671600,145,59,0,204,1,-0.7717483355125276,-1.342680420147382
273,1546686000,559,159,0,718,1,-0.7717483355125276,0.01652733161185847
273,1546700400,626,325,0,951,1,-0.7717483355125276,0.6326662541019422
273,1546714800,552,542,0,1094,1,-0.7717483355125276,1.010811601381264
273,1546729200,299,494,195,793,1,0.7746320284990295,0.2148553109541601
273,1546743600,80,308,228,388,1,1.0363271670240621,-0.8561157774942687
273,1546758000,103,57,0,160,1,-0.7717483355125276,-1.4590328346948658
273,1546772400,486,110,0,596,1,-0.7717483355125276,-0.30608618145161887
273,1546786800,640,300,0,940,1,-0.7717483355125276,0.6035781504650714
273,1546801200,501,549,48,1050,1,-0.3911008612942982,0.8944591868337803
273,1546815600,228,475,247,703,1,1.187000125568778,-0.023138264256601856
273,1546830000,50,183,133,233,1,0.2829623743004831,-1.2659936014683588
273,1546844400,309,70,0,379,1,-0.7717483355125276,-0.8799151350153449
273,1546858800,1045,192,0,1237,1,-0.7717483355125276,1.3889569486605857
273,1546873200,562,314,0,876,1,-0.7717483355125276,0.4343382747596406
273,1546887600,554,824,270,1378,1,1.369393706965013,1.7618135498241128
273,1546902000,247,569,322,816,1,1.7817618040347616,0.2756758912857993
273,1546916400,58,238,180,296,2,0.5007411840243549,-1.0781701237628787
273,1546930800,339,62,0,401,2,-0.770733295786703,-0.8344794356605298
273,1546933941,48,29,0,77,2,-0.770733295786703,-1.586439273233492
273,1546945200,1052,184,0,1236,2,-0.770733295786703,1.1034417506771965
273,1546945740,8,7,0,15,2,-0.770733295786703,-1.7303328223986885
273,1546959600,628,297,0,925,2,-0.770733295786703,0.3816531411550014
273,1546974000,592,858,266,1450,2,1.108223435489638,1.6001065816667455
273,1546988400,252,657,405,909,2,2.0900842837881775,0.3445193220155958
273,1547002800,51,257,206,308,2,0.6843986088859522,-1.0503197594083244
273,1547017200,321,65,0,386,2,-0.770733295786703,-0.8692923911037226
273,1547020095,54,27,0,81,2,-0.770733295786703,-1.5771558184486405
273,1547031600,1112,190,0,1302,2,-0.770733295786703,1.2566187546272443
273,1547046000,612,342,0,954,2,-0.770733295786703,0.44895818834517387
273,1547060400,610,821,211,1431,2,0.7197173444362593,1.5560101714387014
273,1547074800,258,733,475,991,2,2.5845465814924777,0.5348301451050492
273,1547089200,52,257,205,309,2,0.6773348617758908,-1.0479988957121118
273,1547103600,314,64,0,378,2,-0.770733295786703,-0.8878593006734253
273,1547118000,1080,182,0,1262,2,-0.770733295786703,1.1637842067787305
273,1547132400,584,326,0,910,2,-0.770733295786703,0.34684018571180864
273,1547146800,592,841,249,1433,2,0.9881397346185937,1.560651898831127
273,1547161200,285,710,425,995,2,2.231359225989406,0.5441135998899006
273,1547175600,62,232,170,294,2,0.43010371292374056,-1.0828118511553044
273,1547190000,302,62,0,364,2,-0.770733295786703,-0.9203513924204052
273,1547204400,1026,194,0,1220,2,-0.770733295786703,1.0663079315377908
273,1547218800,616,342,0,958,2,-0.770733295786703,0.45824164313002524
273,1547233200,624,821,197,1445,2,0.6208248848953992,1.588502263185681
273,1547247600,320,666,346,986,2,1.6733232042945527,0.523225826623985
273,1547262000,74,309,235,383,2,0.8892472750777337,-0.8762549821923611
273,1547276400,133,61,0,194,2,-0.770733295786703,-1.314898220776589
273,1547290800,567,145,0,712,2,-0.770733295786703,-0.11269082613833482
273,1547305200,681,323,0,1004,2,-0.770733295786703,0.5650013731558162
273,1547319600,551,526,0,1077,2,-0.770733295786703,0.734424422979354
273,1547334000,370,490,120,860,2,0.07691635742066891,0.23079700090116637
273,1547348400,92,290,198,382,2,0.6278886320054606,-0.878575845888574
273,1547362800,104,68,0,172,2,-0.770733295786703,-1.3659572220932716
273,1547377200,460,104,0,564,2,-0.770733295786703,-0.456178653177836
273,1547391600,585,300,0,885,2,-0.770733295786703,0.2888185933064875
273,1547406000,466,490,24,956,2,-0.6012033651452287,0.45359991573759956
273,1547420400,216,457,241,673,2,0.9316297577381023,-0.2032045102906358
273,1547434800,29,180,151,209,2,0.2958925178325733,-1.2800852653333963
273,1547449200,337,57,0,394,2,-0.770733295786703,-0.8507254815340198
273,1547463600,1020,199,0,1219,2,-0.770733295786703,1.063987067841578
273,1547478000,575,382,0,957,2,-0.770733295786703,0.45592077943381243
273,1547492400,581,807,226,1388,2,0.8256735510871808,1.456213032501549
273,1547506800,250,630,380,880,2,1.9134906060366417,0.27721427482542327
273,1547521200,44,238,194,282,3,0.5673420323852784,-1.2594266524729507
273,1547535600,334,59,0,393,3,-0.8027536640804147,-0.9745570656586818
273,1547550000,1103,181,0,1284,3,-0.8027536640804147,1.312098806877477
273,1547564400,551,330,0,881,3,-0.8027536640804147,0.2778425592545005
273,1547578800,581,836,255,1417,3,0.9981453183873776,1.6534290325197993
273,1547593200,261,703,442,964,3,2.318804572197092,0.49085315119670164
273,1547607600,48,274,226,322,3,0.7933371988126091,-1.1567709455128539
273,1547622000,326,69,0,395,3,-0.8027536640804147,-0.969424280310677
273,1547636400,1050,196,0,1246,3,-0.8027536640804147,1.214575885265385
273,1547650800,632,319,0,951,3,-0.8027536640804147,0.4574900464346702
273,1547665200,610,836,226,1446,3,0.7933371988126091,1.7278544200658694
273,1547679600,258,755,497,1013,3,2.7072337644940667,0.6166063922228203
273,1547694000,57,241,184,298,3,0.49671854287673745,-1.218364369688912
273,1547708400,330,57,0,387,3,-0.8027536640804147,-0.9899554217026963
273,1547722800,1109,198,0,1307,3,-0.8027536640804147,1.3711258383795326
273,1547737200,602,327,0,929,3,-0.8027536640804147,0.4010294076066168
273,1547751600,606,865,259,1471,3,1.0263947141907939,1.79201423691593
273,1547766000,259,684,425,943,3,2.1987446400325723,0.4369589050426508
273,1547780400,49,278,229,327,3,0.8145242456651715,-1.1439389821428418
273,1547794800,313,60,0,373,3,-0.8027536640804147,-1.0258849191387303
273,1547809200,1035,209,0,1244,3,-0.8027536640804147,1.20944309991738
273,1547823600,593,312,0,905,3,-0.8027536640804147,0.3394359834305587
273,1547838000,622,855,233,1477,3,0.8427736414685878,1.8074125929599445
273,1547852400,338,622,284,960,3,1.202953437962146,0.48058758050069195
273,1547866800,96,309,213,405,3,0.701526662451506,-0.9437603535706528
273,1547881200,143,73,0,216,3,-0.8027536640804147,-1.4288085689571106
273,1547895600,542,143,0,685,3,-0.8027536640804147,-0.22517040484997436
273,1547910000,679,326,0,1005,3,-0.8027536640804147,0.596075250830801
273,1547924400,536,511,0,1047,3,-0.8027536640804147,0.7038637431389028
273,1547938800,300,463,163,763,3,0.3484092149088016,-0.02499177627778536
273,1547953200,89,252,163,341,3,0.3484092149088016,-1.1080094847068078
273,1547967600,105,64,0,169,3,-0.8027536640804147,-1.5494290246352245
273,1547982000,398,101,0,499,3,-0.8027536640804147,-0.702519442214425
273,1547996400,537,251,0,788,3,-0.8027536640804147,0.039168040572275215
273,1548010800,463,390,0,853,3,-0.8027536640804147,0.2059835643824327
273,1548025200,236,423,187,659,3,0.5179055897292998,-0.29189661437403736
273,1548039600,56,201,145,257,3,0.22128693379342804,-1.3235864693230113
273,1548054000,224,48,0,272,3,-0.8027536640804147,-1.285090579212975
273,1548068400,557,145,0,702,3,-0.8027536640804147,-0.18154172939193317
273,1548082800,524,278,0,802,3,-0.8027536640804147,0.07509753800830914
273,1548097200,450,593,143,1043,3,0.20716223589171986,0.693598172442893
273,1548111600,214,520,306,734,3,1.358325114880936,-0.09941716382385563
273,1548126000,64,212,148,276,4,0.2162034458058943,-1.282288604457016
273,1548140400,347,62,0,409,4,-0.7243027260211834,-0.9593150627654395
273,1548146358,89,79,0,168,4,-0.7243027260211834,-1.5445528338005519
273,1548154800,1072,132,0,1204,4,-0.7243027260211834,0.9712410699022546
273,1548169200,637,364,0,1001,4,-0.7243027260211834,0.4782814536361641
273,1548183600,590,768,178,1358,4,0.40684658874381546,1.3452104339661852
273,1548198000,285,825,540,1110,4,2.7072738468613973,0.7429740554736215
273,1548212400,83,304,221,387,4,0.680101760288169,-1.0127392576317154
273,1548226800,357,82,0,439,4,-0.7243027260211834,-0.8864638879477907
273,1548241200,1089,224,0,1313,4,-0.7243027260211834,1.235933671739712
273,1548255600,692,323,0,1015,4,-0.7243027260211834,0.5122786685510669
273,1548270000,632,824,192,1456,4,0.495813388781512,1.5831909383705047
273,1548284400,281,743,462,1024,4,2.2116016752228025,0.5341340209963615
273,1548298800,100,281,181,381,4,0.42591090303760754,-1.027309492595245
273,1548313200,336,71,0,407,4,-0.7243027260211834,-0.9641718077532828
273,1548327600,1038,186,0,1224,4,-0.7243027260211834,1.019808519780687
273,1548342000,572,350,0,922,4,-0.7243027260211834,0.2864400266163555
273,1548356400,606,804,198,1410,4,0.5339420173690962,1.47148580365011
273,1548370800,313,796,483,1109,4,2.345051875279347,0.7405456829796999
273,1548385200,83,272,189,355,4,0.47674907448771986,-1.0904471774372075
273,1548399600,339,70,0,409,4,-0.7243027260211834,-0.9593150627654395
273,1548407683,688,88,0,776,4,-0.7243027260211834,-0.06810235749620218
273,1548408324,50,5,0,55,4,-0.7243027260211834,-1.8189589256136958
273,1548414000,345,200,0,545,4,-0.7243027260211834,-0.6290564035920982
273,1548428400,671,362,0,1033,4,-0.7243027260211834,0.5559893734416562
273,1548442800,658,853,195,1511,4,0.5148777030753041,1.7167514255361942
273,1548457200,367,821,454,1188,4,2.16076350377269,0.9323871099995085
273,1548471600,89,423,334,512,4,1.3981909320210055,-0.7091926958915119
273,1548486000,35,58,23,93,4,-0.5781429831021104,-1.726680770844674
273,1548500400,591,156,0,747,4,-0.7243027260211834,-0.13852515981992938
273,1548514800,694,304,0,998,4,-0.7243027260211834,0.4709963361543992
273,1548529200,581,522,0,1103,4,-0.7243027260211834,0.7259754480161701
273,1548543600,344,448,104,792,4,-0.06340649716972338,-0.029248397593456137
273,1548558000,145,345,200,490,4,0.5466515602316243,-0.7626168907577877
273,1548572400,112,89,0,201,4,-0.7243027260211834,-1.464416541501138
273,1548586800,497,104,0,601,4,-0.7243027260211834,-0.49306754393248703
273,1548601200,662,299,0,961,4,-0.7243027260211834,0.38114655387929897
273,1548615600,540,469,0,1009,4,-0.7243027260211834,0.4977084335875371
273,1548630000,243,476,233,719,4,0.7563590174633376,-0.20651958964973496
273,1548644400,70,210,140,280,4,0.165365274355782,-1.2725751144813295
273,1548658800,341,81,0,422,4,-0.7243027260211834,-0.9277462203444584
273,1548673200,1037,223,0,1260,4,-0.7243027260211834,1.1072299295618657
273,1548687600,614,341,0,955,4,-0.7243027260211834,0.3665763189157692
273,1548702000,592,822,230,1414,4,0.7372947031695454,1.4811992936257963
273,1548716400,358,782,424,1140,4,1.9701203608347688,0.8158252302912703
273,1548730800,197,558,361,755,5,1.1944558813762962,-0.32238572837921864
273,1548745200,330,60,0,390,5,-0.7617268874104184,-1.2946802819998013
273,1548759600,1022,214,0,1236,5,-0.7617268874104184,0.9589120258440699
273,1548774000,598,329,0,927,5,-0.7617268874104184,0.13579143113513814
273,1548788400,600,832,232,1432,5,0.495432121892955,1.4810208820348485
273,1548802800,295,903,608,1198,5,2.532896723177733,0.8576868394397352
273,1548817200,174,510,336,684,5,1.0589861605461914,-0.5115169977136333
273,1548831600,296,57,0,353,5,-0.7617268874104184,-1.393241647709285
273,1548846000,1120,222,0,1342,5,-0.7617268874104184,1.2412770194982665
273,1548860400,598,358,0,956,5,-0.7617268874104184,0.2130422312858146
273,1548874800,565,896,331,1461,5,1.0318922163801703,1.558271682185525
273,1548889200,285,852,567,1137,5,2.3107263810163605,0.6951937770538296
273,1548903600,144,451,307,595,5,0.9018412843832696,-0.7485970395553645
273,1548918000,291,62,0,353,5,-0.7617268874104184,-1.393241647709285
273,1548932400,1002,169,0,1171,5,-0.7617268874104184,0.7857636806787606
273,1548946800,512,324,0,836,5,-0.7617268874104184,-0.1066162520962948
273,1548961200,521,767,246,1288,5,0.5712951655578137,1.0974307019763172
273,1548975600,294,854,560,1148,5,2.2727948591839313,0.7244958046971897
273,1548990000,164,531,367,695,5,1.2269686143755214,-0.48221497007027336
273,1549004400,305,66,0,371,5,-0.7617268874104184,-1.3452928752019686
273,1549018800,978,257,0,1235,5,-0.7617268874104184,0.9562482051492189
273,1549033200,590,362,0,952,5,-0.7617268874104184,0.20238694850641095
273,1549047600,687,773,86,1460,5,-0.2957110477548576,1.555607861490674
273,1549062000,319,692,373,1011,5,1.2594813473747466,0.3595523695026147
273,1549076400,91,305,214,396,5,0.3978939228952795,-1.278697357830696
273,1549090800,163,67,0,230,5,-0.7617268874104184,-1.7208915931759472
273,1549105200,656,157,0,813,5,-0.7617268874104184,-0.16788412807786576
273,1549119600,685,350,0,1035,5,-0.7617268874104184,0.4234840661790366
273,1549134000,596,577,0,1173,5,-0.7617268874104184,0.7910913220684624
273,1549148400,333,535,202,868,5,0.3328684568968291,-0.021373989861065635
273,1549162800,97,325,228,422,5,0.4737569665601382,-1.2094380197645722
273,1549177200,110,59,0,169,5,-0.7617268874104184,-1.8833846555618527
273,1549191600,501,111,0,612,5,-0.7617268874104184,-0.703312087742899
273,1549206000,624,301,0,925,5,-0.7617268874104184,0.13046378974543632
273,1549220400,545,533,0,1078,5,-0.7617268874104184,0.5380283560576258
273,1549234800,300,484,184,784,5,0.23533025789915357,-0.24513492822854221
273,1549249200,62,196,134,258,5,-0.03560918376105621,-1.6463046137201216
273,1549263600,317,60,0,377,5,-0.7617268874104184,-1.3293099510328632
273,1549278000,1090,224,0,1314,5,-0.7617268874104184,1.166690040042441
273,1549292400,578,325,0,903,5,-0.7617268874104184,0.07185973445871627
273,1549306800,639,748,109,1387,5,-0.1710789045911611,1.3611489507665575
273,1549321200,302,761,459,1063,5,1.7254971870303075,0.49807104563486215
273,1549335600,102,310,208,412,6,0.4614334458898275,-1.1345152482343754
273,1549350000,365,62,0,427,6,-0.795922319329615,-1.098378709158201
273,1549364400,1092,175,0,1267,6,-0.795922319329615,0.9252674791075741
273,1549378800,657,308,0,965,6,-0.795922319329615,0.19771849237392644
273,1549393200,648,851,203,1499,6,0.43120854768743705,1.4841792834857406
273,1549407600,309,843,534,1152,6,2.4320968086856847,0.6482206795235692
273,1549422000,98,298,200,396,6,0.4130736087660028,-1.1730608899156283
273,1549436400,367,68,0,435,6,-0.795922319329615,-1.0791058883175744
273,1549450800,1114,211,0,1325,6,-0.795922319329615,1.0649954302021156
273,1549465200,637,359,0,996,6,-0.795922319329615,0.27240067313135385
273,1549479600,592,813,221,1405,6,0.5400181812160426,1.2577236386083799
273,1549494000,292,886,594,1178,6,2.7947955871143697,0.7108573472556051
273,1549508400,91,289,198,380,6,0.4009836494850466,-1.2116065315968811
273,1549522800,382,71,0,453,6,-0.795922319329615,-1.0357420414261649
273,1549537200,1142,205,0,1347,6,-0.795922319329615,1.1179956875138384
273,1549551600,597,311,0,908,6,-0.795922319329615,0.06039964388446314
273,1549566000,637,852,215,1489,6,0.5037483033731741,1.4600882574349574
273,1549580400,314,774,460,1088,6,1.984768315290306,0.49403811279855775
273,1549594800,99,304,205,403,6,0.44329850696839324,-1.15619717168008
273,1549609200,375,67,0,442,6,-0.795922319329615,-1.0622421700820264
273,1549623600,1112,228,0,1340,6,-0.795922319329615,1.1011319692782902
273,1549638000,655,399,0,1054,6,-0.795922319329615,0.41212862422589547
273,1549652400,681,848,167,1529,6,0.21358928063022586,1.5564523616380896
273,1549666800,369,738,369,1107,6,1.4346751680067997,0.5398110622950455
273,1549681200,100,355,255,455,6,0.7455474889922976,-1.0309238362160082
273,1549695600,171,63,0,234,6,-0.795922319329615,-1.5633355119383134
273,1549710000,625,134,0,759,6,-0.795922319329615,-0.2985566442722041
273,1549724400,744,392,0,1136,6,-0.795922319329615,0.6096750378423164
273,1549738800,662,616,0,1278,6,-0.795922319329615,0.9517676077634354
273,1549753200,268,492,224,760,6,0.5581531201374769,-0.29614754166712576
273,1549767600,104,339,235,443,6,0.6246478961827359,-1.059833067476948
273,1549782000,110,64,0,174,6,-0.795922319329615,-1.7078816682430116
273,1549796400,513,120,0,633,6,-0.795922319329615,-0.6021035725120704
273,1549810800,654,299,0,953,6,-0.795922319329615,0.1688092611129868
273,1549825200,508,603,95,1111,6,-0.22164925348419653,0.5494474727153588
273,1549839600,218,490,272,708,6,0.8483121428804251,-0.4214208771311976
273,1549854000,47,185,138,232,6,0.03828487105636128,-1.56815371714847
273,1549868400,323,63,0,386,6,-0.795922319329615,-1.1971519159664112
273,1549882800,1127,199,0,1326,6,-0.795922319329615,1.067404532807194
273,1549897200,554,401,0,955,6,-0.795922319329615,0.1736274663231434
273,1549911600,626,897,271,1523,6,0.8422671632399471,1.5419977460076197
273,1549926000,277,743,466,1020,6,2.0210381931331747,0.33021913565323313
273,1549940400,46,222,176,268,7,0.46768022204769344,-1.3873463611963646
273,1549954800,312,49,0,361,7,-0.7478936884222609,-1.1536792107141516
273,1549969200,1051,196,0,1247,7,-0.7478936884222609,1.072440093879834
273,1549983600,532,322,0,854,7,-0.7478936884222609,0.08500794184209548
273,1549998000,548,892,344,1440,7,1.628000772950832,1.5573622448805555
273,1550012400,232,677,445,909,7,2.325574437481885,0.22319819212727518
273,1550026800,50,249,199,299,7,0.6265336308022897,-1.309457311035627
273,1550041200,330,53,0,383,7,-0.7478936884222609,-1.0984031106000798
273,1550055600,1106,216,0,1322,7,-0.7478936884222609,1.2608813442687155
273,1550070000,651,364,0,1015,7,-0.7478936884222609,0.48952849267689424
273,1550084400,622,821,199,1443,7,0.6265336308022897,1.5648998948961108
273,1550098800,281,812,531,1093,7,2.9195480528251583,0.6855073930813309
273,1550113200,58,294,236,352,7,0.8820804187988143,-1.1762921607608174
273,1550127600,325,61,0,386,7,-0.7478936884222609,-1.0908654605845245
273,1550142000,1157,208,0,1365,7,-0.7478936884222609,1.368920994491674
273,1550156400,676,337,0,1013,7,-0.7478936884222609,0.48450339266652404
273,1550170800,662,798,136,1460,7,0.1914134242136129,1.6076132449842573
273,1550185200,319,759,440,1078,7,2.291041087752625,0.6478191430035546
273,1550199600,80,301,221,381,7,0.7784803696110341,-1.1034282106104498
273,1550214000,301,68,0,369,7,-0.7478936884222609,-1.133578810672671
273,1550228400,1115,206,0,1321,7,-0.7478936884222609,1.2583687942635304
273,1550242800,553,258,0,811,7,-0.7478936884222609,-0.023031708380863186
273,1550257200,677,793,116,1470,7,0.053280025296572636,1.6327387450361082
273,1550271600,365,643,278,1008,7,1.172160556524599,0.47194064264059865
273,1550286000,120,340,220,460,7,0.7715736996651821,-0.9049367602008281
273,1550300400,163,72,0,235,7,-0.7478936884222609,-1.4702605113674723
273,1550314800,629,145,0,774,7,-0.7478936884222609,-0.11599605857271135
273,1550329200,690,317,0,1007,7,-0.7478936884222609,0.4694280926354135
273,1550343600,593,559,0,1152,7,-0.7478936884222609,0.8337478433872509
273,1550358000,350,471,121,821,7,0.0878133750258327,0.0020937916709876663
273,1550372400,89,321,232,410,7,0.8544537390154062,-1.0305642604600824
273,1550386800,104,87,0,191,7,-0.7478936884222609,-1.580812711595616
273,1550401200,503,120,0,623,7,-0.7478936884222609,-0.4953911093556592
273,1550415600,670,306,0,976,7,-0.7478936884222609,0.3915390424746759
273,1550430000,534,487,0,1021,7,-0.7478936884222609,0.5046037927080047
273,1550444400,263,481,218,744,7,0.757760359773478,-0.19137255872826392
273,1550458800,74,233,159,307,7,0.3502668329682092,-1.2893569109941463
273,1550473200,215,52,0,267,7,-0.7478936884222609,-1.3898589112015496
273,1550487600,708,159,0,867,7,-0.7478936884222609,0.11767109190950159
273,1550502000,638,327,0,965,7,-0.7478936884222609,0.36390099241763996
273,1550516400,587,605,18,1192,7,-0.6235736293969247,0.9342498435946544
273,1550530800,264,523,259,787,7,1.0409338275534106,-0.08333290850530524
273,1550545200,49,226,177,275,8,0.23016974948266375,-1.4800113010137594
273,1550559600,312,57,0,369,8,-0.8314601048087105,-1.2546075681381068
273,1550574000,1037,209,0,1246,8,-0.8314601048087105,0.8483613013506939
273,1550588400,637,333,0,970,8,-0.8314601048087105,0.18653757503494817
273,1550602800,617,821,204,1438,8,0.39211328657795813,1.3087604153094736
273,1550617200,274,719,445,993,8,1.8376093028729932,0.24168955222792698
273,1550631600,49,275,226,324,8,0.5240672797667165,-1.3625136104721958
273,1550646000,323,46,0,369,8,-0.8314601048087105,-1.2546075681381068
273,1550660400,1095,202,0,1297,8,-0.8314601048087105,0.9706548159959948
273,1550674800,570,387,0,957,8,-0.8314601048087105,0.1553647183606558
273,1550689200,559,822,263,1381,8,0.7459899046750829,1.1720794283529608
273,1550703600,247,705,458,952,8,1.9155821170299867,0.14337515810131257
273,1550718000,56,262,206,318,8,0.40410910414057255,-1.3769010827834076
273,1550732400,298,55,0,353,8,-0.8314601048087105,-1.2929741609680052
273,1550746800,1107,209,0,1316,8,-0.8314601048087105,1.016215144981499
273,1550761200,637,318,0,955,8,-0.8314601048087105,0.15056889425691852
273,1550775600,632,767,135,1399,8,-0.021742419332238597,1.2152418452865965
273,1550790000,280,808,528,1088,8,2.3354357317214904,0.4694911971554482
273,1550804400,64,294,230,358,8,0.5480589148919452,-1.2809846007086618
273,1550818800,322,50,0,372,8,-0.8314601048087105,-1.247413831982501
273,1550833200,1032,202,0,1234,8,-0.8314601048087105,0.8195863567282702
273,1550847600,657,333,0,990,8,-0.8314601048087105,0.23449581607232106
273,1550862000,653,755,102,1408,8,-0.21967340911537617,1.2368230537534142
273,1550876400,349,702,353,1051,8,1.2858016949927307,0.3807684512363083
273,1551495600,7546,9083,1537,16629,9,3.8941966354767037,4.105609833293223
273,1551510000,133,58,0,191,9,-0.4545901618551153,-0.39090987130563476
273,1551524400,531,147,0,678,9,-0.4545901618551153,-0.25769384160982967
273,1551538800,703,335,0,1038,9,-0.4545901618551153,-0.15921792643428587
273,1551553200,648,466,0,1114,9,-0.4545901618551153,-0.1384285665638933
273,1551567600,334,506,172,840,9,0.03206652593998742,-0.21337967978083497
273,1551582000,119,329,210,448,9,0.13958370115053337,-0.3206090096386493
273,1551596400,112,63,0,175,9,-0.4545901618551153,-0.39528657864677
273,1551610800,504,134,0,638,9,-0.4545901618551153,-0.2686356099626679
273,1551625200,691,330,0,1021,9,-0.4545901618551153,-0.1638681779842421
273,1551639600,504,497,0,1001,9,-0.4545901618551153,-0.16933906216066122
273,1551654000,191,448,257,639,9,0.2725654704898928,-0.2683620657538469
273,1551668400,43,193,150,236,9,-0.030180259708223398,-0.3786003819086918
273,1551682800,278,44,0,322,9,-0.4545901618551153,-0.35507557995008965
273,1551697200,900,172,0,1072,9,-0.4545901618551153,-0.1499174233343734
273,1551711600,572,303,0,875,9,-0.4545901618551153,-0.20380563247210154
273,1551726000,574,738,164,1312,9,0.009431331158819847,-0.08426681321734422
273,1551740400,265,667,402,932,9,0.682828375898555,-0.1882136125693071
273,1551754800,40,211,171,251,10,0.3341326847718829,-1.458796075616326
273,1551769200,318,56,0,374,10,-0.7959224300065402,-1.196730365679979
273,1551783600,1122,221,0,1343,10,-0.7959224300065402,0.8678360808917303
273,1551798000,611,327,0,938,10,-0.7959224300065402,0.0049367920769291165
273,1551812400,600,825,225,1425,10,0.6909921947019113,1.0425465541826282
273,1551826800,292,807,515,1099,10,2.6074599332150266,0.3479658920749118
273,1551841200,52,275,223,327,10,0.677775175815614,-1.2968692954930547
273,1551855600,322,55,0,377,10,-0.7959224300065402,-1.1903385190961657
273,1551870000,1162,214,0,1376,10,-0.7959224300065402,0.938146393313677
273,1551884400,604,356,0,960,10,-0.7959224300065402,0.05181033369156029
273,1551898800,614,880,266,1494,10,0.9619410818710069,1.1895590256103352
273,1551913200,263,763,500,1026,10,2.5083322915677964,0.1924309585354538
273,1551927600,47,262,215,309,10,0.6249071002704245,-1.3352203749959348
273,1551942000,293,56,0,349,10,-0.7959224300065402,-1.2499957538784237
273,1551956400,1148,201,0,1349,10,-0.7959224300065402,0.880619774059357
273,1551970800,621,364,0,985,10,-0.7959224300065402,0.1050757218900048
273,1551985200,614,813,199,1427,10,0.5191709491800458,1.0468077852385038
273,1551999600,299,754,455,1053,10,2.210949366626106,0.24995757778977387
273,1552014000,70,299,229,369,10,0.717426232474506,-1.207383443319668
273,1552028400,304,52,0,356,10,-0.7959224300065402,-1.2350814451828591
273,1552042800,1046,212,0,1258,10,-0.7959224300065402,0.6867337610170189
273,1552057200,645,375,0,1020,10,-0.7959224300065402,0.17964726536782713
273,1552071600,657,858,201,1515,10,0.5323879680663431,1.2343019516970286
273,1552086000,387,708,321,1095,10,1.325409101244184,0.3394434299631607
273,1552100400,90,346,256,436,10,0.8958559874395201,-1.0646322029478368
273,1552114800,170,65,0,235,10,-0.7959224300065402,-1.4928859240633305
273,1552129200,887,410,0,1297,10,-0.7959224300065402,0.7698277666065924
273,1552143600,931,768,0,1699,10,-0.7959224300065402,1.6263352088375802
273,1552158000,855,913,58,1768,10,-0.41262888230391714,1.773347680265287
273,1552172400,390,574,184,964,10,0.42004330753281566,0.06033279580331141
273,1552190400,137,360,223,497,10,0.677775175815614,-0.9346646557436321
273,1552204800,214,86,0,300,10,-0.7959224300065402,-1.354395914747375
273,1552219200,704,390,0,1094,10,-0.7959224300065402,0.3373128144352229
273,1552233600,852,617,0,1469,10,-0.7959224300065402,1.1362936374118906
273,1552248000,598,672,74,1270,10,-0.3068927312135384,0.7123011473522722
273,1552262400,203,394,191,597,10,0.4663028736348564,-0.7216031029498541
273,1552276800,55,127,72,182,10,-0.3201097500998357,-1.605808547044033
273,1552291200,630,85,0,715,10,-0.7959224300065402,-0.47019047065319597
273,1552305600,963,218,0,1181,10,-0.7959224300065402,0.5226763653658097
273,1552320000,620,434,0,1054,10,-0.7959224300065402,0.25208819331771165
273,1552334400,585,945,360,1530,10,1.583140969526982,1.2662611846160952
273,1552348800,213,661,448,874,11,2.007638814235853,0.03336914475580112
273,1552363200,39,142,103,181,11,-0.11840711270104019,-1.707208502667754
273,1552377600,614,87,0,701,11,-0.7531396648010402,-0.4011473530858656
273,1552392000,1005,237,0,1242,11,-0.7531396648010402,0.957658573690676
273,1552406400,627,436,0,1063,11,-0.7531396648010402,0.5080721395076798
273,1552420800,578,867,289,1445,11,1.0278089522562415,1.4675247532389901
273,1552435200,225,674,449,899,11,2.013801266197989,0.09616054617800729
273,1552449600,45,166,121,211,11,-0.007482977382593584,-1.6318588209611067
273,1552464000,637,91,0,728,11,-0.7531396648010402,-0.33333263954988296
273,1552478400,1019,223,0,1242,11,-0.7531396648010402,0.957658573690676
273,1552492800,673,461,0,1134,11,-0.7531396648010402,0.6863997195467453
273,1552507200,587,869,282,1456,11,0.9846717885212899,1.4951529698647608
273,1552521600,210,696,486,906,11,2.2418119887970183,0.11374213857622502
273,1552536000,52,148,96,200,11,-0.16154427643599165,-1.6594870375868773
273,1552550400,678,98,0,776,11,-0.7531396648010402,-0.21277314881924708
273,1552564800,1060,234,0,1294,11,-0.7531396648010402,1.088264688648865
273,1552579200,643,354,0,997,11,-0.7531396648010402,0.3423028397530555
273,1552593600,600,896,296,1496,11,1.0709461159911928,1.5956192121402908
273,1552608000,243,754,511,997,11,2.3958732878504163,0.3423028397530555
273,1552622400,49,170,121,219,11,-0.007482977382593584,-1.6117655725060007
273,1552636800,590,103,0,693,11,-0.7531396648010402,-0.4212406015409716
273,1552651200,984,233,0,1217,11,-0.7531396648010402,0.8948671722684698
273,1552665600,664,441,0,1105,11,-0.7531396648010402,0.6135616938969861
273,1552680000,619,857,238,1476,11,0.7135239021873094,1.5453860910025259
273,1552694400,235,649,414,884,11,1.7981154475232317,0.058485705324683585
273,1552708800,56,199,143,255,11,0.12809096578439672,-1.5213459544580237
273,1552723200,264,81,0,345,11,-0.7531396648010402,-1.2952969093380815
273,1552737600,732,178,0,910,11,-0.7531396648010402,0.12378876280377801
273,1552752000,711,367,0,1078,11,-0.7531396648010402,0.5457469803610034
273,1552766400,538,541,3,1079,11,-0.7346523089146325,0.5482586364178917
273,1552780800,262,514,252,776,11,0.7997982296572123,-0.21277314881924708
273,1552795200,75,206,131,281,11,0.05414154223876565,-1.4560428969789294
273,1552809600,197,51,0,248,11,-0.7531396648010402,-1.5389275468562416
273,1552824000,562,142,0,704,11,-0.7531396648010402,-0.39361238491520084
273,1552838400,665,340,0,1005,11,-0.7531396648010402,0.3623960882081615
273,1552852800,457,528,71,985,11,-0.3156055754893897,0.31216296707039654
273,1552867200,169,412,243,581,11,0.744336161997989,-0.7025460799124552
273,1552881600,44,111,67,155,11,-0.3402553833379334,-1.7725115601468484
273,1552896000,609,91,0,700,11,-0.7531396648010402,-0.4036590091427539
273,1552910400,917,241,0,1158,11,-0.7531396648010402,0.7466794649120633
273,1552924800,615,414,0,1029,11,-0.7531396648010402,0.4226758335734794
273,1552939200,528,897,369,1425,11,1.5208051092271153,1.4172916321012252
273,1552953600,373,970,597,1343,12,2.1955051218744117,1.1297253766198028
273,1552968000,110,302,192,412,12,0.18714039355584525,-1.3189731642109914
273,1552982400,568,90,0,658,12,-0.7649732554248084,-0.6719486303287407
273,1552996800,946,242,0,1188,12,-0.7649732554248084,0.722047316653344
273,1553011200,582,429,0,1011,12,-0.7649732554248084,0.2565052739819685
273,1553025600,556,902,346,1458,12,0.9508148828424112,1.4321961953045947
273,1553040000,374,1033,659,1407,12,2.502958487691081,1.2980569626704697
273,1553054400,98,319,221,417,12,0.3309492259539648,-1.305822259050783
273,1553068800,637,90,0,727,12,-0.7649732554248084,-0.4904661391178656
273,1553083200,957,231,0,1188,12,-0.7649732554248084,0.722047316653344
273,1553097600,606,441,0,1047,12,-0.7649732554248084,0.3511917911354686
273,1553112000,561,875,314,1436,12,0.792129274678969,1.374332212599678
273,1553126400,368,1084,716,1452,12,2.7856172272322124,1.4164151091123447
273,1553140800,113,331,218,444,12,0.3160724501886421,-1.234807371185658
273,1553155200,594,97,0,691,12,-0.7649732554248084,-0.5851526562713657
273,1553169600,918,220,0,1138,12,-0.7649732554248084,0.5905382650512605
273,1553184000,589,433,0,1022,12,-0.7649732554248084,0.28543726533442687
273,1553198400,518,830,312,1348,12,0.7822114241687538,1.142876281780011
273,1553212800,413,984,571,1397,12,2.0665730652416148,1.271755152350053
273,1553227200,104,351,247,455,12,0.4598812825867617,-1.2058753798331996
273,1553241600,560,91,0,651,12,-0.7649732554248084,-0.6903598975530325
273,1553256000,886,277,0,1163,12,-0.7649732554248084,0.6562927908523023
273,1553270400,648,424,0,1072,12,-0.7649732554248084,0.41694631693651035
273,1553284800,565,878,313,1443,12,0.7871703494238613,1.3927434798239697
273,1553299200,278,656,378,934,12,1.1095004910058535,0.05398133451475996
273,1553313600,61,249,188,310,12,0.16730469253541497,-1.5872516294792418
273,1553328000,269,73,0,342,12,-0.7649732554248084,-1.5030858364539084
273,1553342400,694,166,0,860,12,-0.7649732554248084,-0.14065206185632356
273,1553356800,680,390,0,1070,12,-0.7649732554248084,0.411685954872427
273,1553371200,509,553,44,1062,12,-0.5467805442000753,0.3906445066160936
273,1553385600,320,502,182,822,12,0.13755114100476953,-0.240598941073907
273,1553400000,73,248,175,321,12,0.10283866421901655,-1.5583196381267834
273,1553414400,164,57,0,221,12,-0.7649732554248084,-1.8213377413309504
273,1553428800,597,142,0,739,12,-0.7649732554248084,-0.4589039667333656
273,1553443200,669,361,0,1030,12,-0.7649732554248084,0.30647871359076023
273,1553457600,428,511,83,939,12,-0.35338245925088,0.06713223967496831
273,1553472000,167,484,317,651,12,0.8070060504442916,-0.6903598975530325
273,1553486400,54,122,68,176,12,-0.4277663380774936,-1.9396958877728254
273,1553500800,614,95,0,709,12,-0.7649732554248084,-0.5378093976946157
273,1553515200,966,217,0,1183,12,-0.7649732554248084,0.7088964114931356
273,1553529600,584,439,0,1023,12,-0.7649732554248084,0.2880674463664685
273,1553544000,534,872,338,1406,12,0.9111434808015506,1.295426781638428
273,1553558400,259,725,466,984,13,1.9156030719096895,0.3752722451339937
273,1553572800,70,198,128,268,13,0.005650746524807343,-1.5230220404635242
273,1553587200,646,107,0,753,13,-0.7176448086505326,-0.2371662743814066
273,1553601600,946,224,0,1170,13,-0.7176448086505326,0.8684045595489914
273,1553616000,614,358,0,972,13,-0.7176448086505326,0.3434572571072197
273,1553630400,551,859,308,1410,13,1.022785120990129,1.5047043200844723
273,1553644800,246,768,522,1014,13,2.2320448772989008,0.45480971520092883
273,1553659200,85,227,142,312,13,0.08476119787211014,-1.4063670843653526
273,1553673600,635,109,0,744,13,-0.7176448086505326,-0.26102751540148716
273,1553688000,996,238,0,1234,13,-0.7176448086505326,1.0380844956917863
273,1553702400,603,458,0,1061,13,-0.7176448086505326,0.5794184183057939
273,1553716800,512,899,387,1411,13,1.4691940964499093,1.5073555690867035
273,1553731200,240,859,619,1099,13,2.780167290205213,0.6801658803905783
273,1553745600,83,235,152,318,13,0.14126866312018357,-1.3904595903519656
273,1553760000,622,102,0,724,13,-0.7176448086505326,-0.3140524954461106
273,1553774400,1013,238,0,1251,13,-0.7176448086505326,1.0831557287297162
273,1553788800,634,418,0,1052,13,-0.7176448086505326,0.5555571772857133
273,1553803200,604,782,178,1386,13,0.2881880727651745,1.4410743440309242
273,1553817600,257,889,632,1146,13,2.8536269950277084,0.8047745834954433
273,1553832000,83,269,186,352,13,0.3333940449636333,-1.300317124276106
273,1553846400,601,100,0,701,13,-0.7176448086505326,-0.3750312224974275
273,1553853043,589,76,0,665,13,-0.7176448086505326,-0.4704761865777496
273,1553857406,233,41,0,274,13,-0.7176448086505326,-1.5071145464501372
273,1553860800,195,229,34,424,13,-0.525519426807083,-1.1094271961154616
273,1553875200,667,470,0,1137,13,-0.7176448086505326,0.7809133424753628
273,1553889600,621,810,189,1431,13,0.3503462845380553,1.560380549131327
273,1553904000,316,640,324,956,13,1.1131970653870467,0.30103727307152095
273,1553918400,57,252,195,309,13,0.38425076368689937,-1.4143208313720463
273,1553932800,246,70,0,316,13,-0.7176448086505326,-1.3957620883564281
273,1553947200,695,187,0,882,13,-0.7176448086505326,0.10484484690641435
273,1553961600,754,386,0,1140,13,-0.7176448086505326,0.7888670894820563
273,1553976000,595,575,0,1170,13,-0.7176448086505326,0.8684045595489914
273,1553990400,289,479,190,768,13,0.3559970310628626,-0.19739753934793905
273,1554004800,74,226,152,300,13,0.14126866312018357,-1.4381820723921268
273,1554019200,174,71,0,245,13,-0.7176448086505326,-1.584000767514841
273,1554033600,597,141,0,738,13,-0.7176448086505326,-0.27693500941487414
273,1554048000,584,394,0,978,13,-0.7176448086505326,0.35936475112060673
273,1554062400,409,502,93,911,13,-0.19212538184344968,0.1817310679711183
273,1554076800,171,423,252,594,13,0.7063433156009179,-0.6587148657361627
273,1554091200,36,119,83,155,13,-0.2486328470915231,-1.8226131777156465
273,1554105600,644,96,0,740,13,-0.7176448086505326,-0.27163251141041184
273,1554120000,928,233,0,1161,13,-0.7176448086505326,0.8445433185289108
273,1554134400,592,440,0,1032,13,-0.7176448086505326,0.5025321972410899
273,1554148800,512,868,356,1380,13,1.2940209541808816,1.4251668500175372
273,1554163200,345,1005,660,1350,14,2.1997459449946497,1.0313229417725323
273,1554177600,100,294,194,394,14,0.13046652389327104,-1.3904373224564122
273,1554192000,625,111,0,736,14,-0.7309931492691054,-0.5240753869268107
273,1554206400,964,234,0,1198,14,-0.7309931492691054,0.646273192648265
273,1554220800,619,426,0,1045,14,-0.7309931492691054,0.2586902214902854
273,1554235200,564,918,354,1482,14,0.8409487285632722,1.365708250222554
273,1554249600,394,1055,661,1449,14,2.204186458773837,1.2821119231100486
273,1554264000,92,272,180,364,14,0.06829933098464594,-1.4664339834677806
273,1554278400,663,101,0,764,14,-0.7309931492691054,-0.45314516998286664
273,1554292800,1024,238,0,1262,14,-0.7309931492691054,0.8083994028058512
273,1554307200,664,442,0,1106,14,-0.7309931492691054,0.4132167655467348
273,1554321600,548,968,420,1516,14,1.1340226379896476,1.4518377993687717
273,1554336000,373,1130,757,1503,14,2.630475781575838,1.418905912930512
273,1554350400,119,368,249,487,14,0.37469478174858395,-1.1548476733211697
273,1554364800,626,101,0,727,14,-0.7309931492691054,-0.5468743852302212
273,1554379200,979,240,0,1219,14,-0.7309931492691054,0.699470855356223
273,1554393600,589,410,0,999,14,-0.7309931492691054,0.1421620079395203
273,1554408000,568,877,309,1445,14,0.6411256084998344,1.2719790349751994
273,1554422400,334,1133,799,1467,14,2.816977360301713,1.3277099197168696
273,1554436800,111,369,258,480,14,0.4146594057612715,-1.1725802275571555
273,1554451200,649,108,0,757,14,-0.7309931492691054,-0.47087772421885266
273,1554465600,970,247,0,1217,14,-0.7309931492691054,0.6944044112887984
273,1554480000,640,468,0,1108,14,-0.7309931492691054,0.4182832096141594
273,1554494400,575,890,315,1465,14,0.6677686911749594,1.3226434756494452
273,1554508800,283,659,376,942,14,0.9386400317053973,-0.0022316479820799384
273,1554523200,64,223,159,287,14,-0.024951458378291713,-1.6614920800636266
273,1554537600,285,65,0,350,14,-0.7309931492691054,-1.5018990919397526
273,1554552000,685,159,0,844,14,-0.7309931492691054,-0.25048740728588387
273,1554566400,758,306,0,1064,14,-0.7309931492691054,0.3068214401308188
273,1554580800,558,564,6,1122,14,-0.7043500665939804,0.45374831808613136
273,1554595200,259,574,315,833,14,0.6677686911749594,-0.278352849656719
273,1554609600,61,246,185,307,14,0.09050189988058348,-1.6108276393893808
273,1554624000,190,63,0,253,14,-0.7309931492691054,-1.7476216292098443
273,1554638400,634,162,0,796,14,-0.7309931492691054,-0.37208206490407353
273,1554652800,680,360,0,1040,14,-0.7309931492691054,0.246024111321724
273,1554667200,464,502,38,966,14,-0.56225362565998,0.0585656808270149
273,1554681600,211,428,217,639,14,0.23259834081458372,-0.7697979241969023
273,1554696000,33,134,101,167,14,-0.2825012575711671,-1.9654787241091007
273,1554710400,659,106,0,765,14,-0.7309931492691054,-0.4506119479491544
273,1554724800,967,232,0,1199,14,-0.7309931492691054,0.6488064146819773
273,1554739200,612,464,0,1076,14,-0.7309931492691054,0.33722010453536627
273,1554753600,525,886,361,1411,14,0.8720323250175848,1.1858494858289816
273,1554768000,222,716,494,938,15,2.1406689940645895,0.2739124959532791
273,1554782400,41,176,135,217,15,0.052869078638295625,-1.615541737928397
273,1554796800,647,99,0,746,15,-0.7322367391403942,-0.2292431391441991
273,1554811200,976,238,0,1214,15,-0.7322367391403942,0.997198721405904
273,1554825600,579,394,0,973,15,-0.7322367391403942,0.36563357526792356
273,1554840000,557,930,373,1487,15,1.4369815573888747,1.7126231400601308
273,1554854400,208,697,489,905,15,2.111591000813527,0.18743262117090004
273,1554868800,44,157,113,201,15,-0.07507409166637975,-1.6574713741865201
273,1554883200,648,103,0,751,15,-0.7322367391403942,-0.21614012781353562
273,1554887569,447,59,0,506,15,-0.7322367391403942,-0.8581876830160469
273,1554897600,576,241,0,817,15,-0.7322367391403942,-0.04318037824877748
273,1554912000,624,418,0,1042,15,-0.7322367391403942,0.5464551316310798
273,1554926400,556,960,404,1516,15,1.617265115545463,1.788620605777979
273,1554940800,226,791,565,1017,15,2.553576498229678,0.4809400749777623
273,1554955200,34,157,123,191,15,-0.01691810516425458,-1.6836773968478471
273,1554969600,623,88,0,711,15,-0.7322367391403942,-0.32096421845884354
273,1554984000,949,236,0,1185,15,-0.7322367391403942,0.9212012556880558
273,1554998400,655,399,0,1054,15,-0.7322367391403942,0.5779023588246722
273,1555012800,535,881,346,1416,15,1.2799603938331368,1.526560379164709
273,1555027200,229,746,517,975,15,2.274427763019477,0.37087477980018896
273,1555041600,36,174,138,210,15,0.07031587458893318,-1.6338859537913257
273,1555056000,621,100,0,721,15,-0.7322367391403942,-0.29475819579751655
273,1555059823,370,52,0,422,15,-0.7322367391403942,-1.0783182733711936
273,1555070400,619,263,0,882,15,-0.7322367391403942,0.12715876904984796
273,1555084800,647,491,0,1138,15,-0.7322367391403942,0.7980329491798189
273,1555099200,643,892,249,1535,15,0.7158473247625226,1.8384120488345004
273,1555113600,248,612,364,860,15,1.384641169536962,0.06950551919492857
273,1555128000,71,224,153,295,15,0.15754985434212093,-1.4111347611700464
273,1555142400,270,65,0,335,15,-0.7322367391403942,-1.3063106705247385
273,1555156800,718,166,0,884,15,-0.7322367391403942,0.13239997358211336
273,1555171200,790,379,0,1169,15,-0.7322367391403942,0.8792716194299326
273,1555185600,564,544,0,1108,15,-0.7322367391403942,0.719414881195838
273,1555200000,303,578,275,881,15,0.867052889668048,0.12453816678371525
273,1555214400,74,228,154,302,15,0.16336545299233346,-1.3927905453071174
273,1555228800,201,53,0,254,15,-0.7322367391403942,-1.518579454081487
273,1555243200,606,191,0,797,15,-0.7322367391403942,-0.09559242357143145
273,1555257600,654,378,0,1032,15,-0.7322367391403942,0.5202491089697528
273,1555272000,425,535,110,960,15,-0.09252088761701731,0.3315657458081985
273,1555286400,215,466,251,681,15,0.7274785220629476,-0.39958228644282456
273,1555300800,41,121,80,162,15,-0.2669888471233928,-1.7596748625656953
273,1555315200,605,101,0,706,15,-0.7322367391403942,-0.33406722978950704
273,1555329600,983,229,0,1212,15,-0.7322367391403942,0.9919575168736386
273,1555344000,560,478,0,1038,15,-0.7322367391403942,0.535972722566549
273,1555358400,510,717,207,1227,15,0.4715921814535969,1.0312665508656291
273,1555372800,234,595,361,829,16,1.505185856005751,0.27798481811426307
273,1555387200,30,125,95,155,16,-0.04738882623007674,-0.9345258492476104
273,1555401600,646,117,0,763,16,-0.6018797841714437,0.15925231952986593
273,1555416000,972,234,0,1206,16,-0.6018797841714437,0.9561992418463495
273,1555430400,620,438,0,1058,16,-0.6018797841714437,0.6899506086570955
273,1555444800,528,962,434,1490,16,1.9312683815817488,1.4671087812095127
273,1555459200,229,704,475,933,16,2.1705750055353916,0.4650784522472524
273,1555473600,35,145,110,180,16,0.040162377655402266,-0.8895514179656417
273,1555488000,653,106,0,759,16,-0.6018797841714437,0.15205641052475097
273,1555502400,1052,246,0,1298,16,-0.6018797841714437,1.121705148963994
273,1555516800,608,482,0,1090,16,-0.6018797841714437,0.7475178806980152
273,1555531200,519,964,445,1483,16,1.9954725977644334,1.4545159404505617
273,1555545600,227,788,561,1015,16,2.672535241145471,0.6125945868521094
273,1555560000,36,131,95,167,16,-0.04738882623007674,-0.9129381222322654
273,1555574400,610,93,0,703,16,-0.6018797841714437,0.05131368445314131
273,1555588800,969,212,0,1181,16,-0.6018797841714437,0.9112248105643809
273,1555603200,604,446,0,1050,16,-0.6018797841714437,0.6755587906468654
273,1555617600,565,833,268,1398,16,0.962368391915781,1.3016028740918684
273,1555632000,202,716,514,918,16,2.398208135637637,0.43809379347807126
273,1555646400,41,214,173,255,16,0.40787743397441406,-0.754628124119736
273,1555660800,542,85,0,627,16,-0.6018797841714437,-0.08540858664404323
273,1555675200,1168,227,0,1395,16,-0.6018797841714437,1.296205942338032
273,1555689600,800,448,0,1248,16,-0.6018797841714437,1.0317562864000567
273,1555704000,676,806,130,1482,16,0.15689731616937427,1.452716963199283
273,1555718400,265,588,323,853,16,1.2833894728292041,0.3211602721449529
273,1555732800,6,14,8,20,16,-0.5551858087658549,-1.1773877781702409
273,1555747200,4,6,2,10,16,-0.5902062903200466,-1.1953775506830282
273,1555761600,7,11,4,18,16,-0.5785327964686493,-1.1809857326727984
273,1555776000,27,27,0,54,16,-0.6018797841714437,-1.1162225516267634
273,1555790400,1,3,2,4,16,-0.5902062903200466,-1.2061714141907007
273,1555804800,0,1,1,1,16,-0.5960430372457451,-1.211568345944537
273,1555819200,1,1,0,2,16,-0.6018797841714437,-1.2097693686932582
273,1555833600,1,1,0,2,16,-0.6018797841714437,-1.2097693686932582
273,1555848000,3,2,0,5,16,-0.6018797841714437,-1.204372436939422
273,1555862400,0,2,2,2,16,-0.5902062903200466,-1.2097693686932582
273,1555876800,0,2,2,2,16,-0.5902062903200466,-1.2097693686932582
273,1555891200,0,1,1,1,16,-0.5960430372457451,-1.211568345944537
273,1555905600,0,1,1,1,16,-0.5960430372457451,-1.211568345944537
273,1555920000,673,78,0,751,16,-0.6018797841714437,0.137664592514521
273,1555934400,1129,211,0,1340,16,-0.6018797841714437,1.1972621935177012
273,1555948800,776,403,0,1179,16,-0.6018797841714437,0.9076268560618235
273,1555963200,538,862,324,1400,16,1.2892262197549027,1.3052008285944259
273,1555977600,243,618,375,861,17,2.0041218452212495,0.0766408391265966
273,1555992000,45,127,82,172,17,-0.12638294290009608,-1.2318149736435806
273,1556006400,725,85,0,810,17,-0.7226334296780836,-0.020211477928960792
273,1556020800,1204,247,0,1451,17,-0.7226334296780836,1.1970892129065742
273,1556035200,789,422,0,1211,17,-0.7226334296780836,0.7413136032333629
273,1556049600,683,870,187,1553,17,0.6371085340717172,1.390793847017689
273,1556064000,275,759,484,1034,17,2.796698711791989,0.40517909109936967
273,1556078400,43,176,133,219,17,0.24445577448621325,-1.1425589167492434
273,1556092800,750,76,0,826,17,-0.7226334296780836,0.010173562715919956
273,1556107200,1261,245,0,1506,17,-0.7226334296780836,1.3015377901233518
273,1556121600,758,409,0,1167,17,-0.7226334296780836,0.657754741459941
273,1556136000,632,909,277,1541,17,1.2915298000475572,1.3680050665340284
273,1556150400,256,691,435,947,17,2.440402689205143,0.23996043259283062
273,1556164800,50,180,130,230,17,0.22264173228701858,-1.121669201305888
273,1556179200,716,83,0,799,17,-0.7226334296780836,-0.041101193372316304
273,1556193600,1147,222,0,1369,17,-0.7226334296780836,1.0413658796015604
273,1556208000,783,390,0,1173,17,-0.7226334296780836,0.6691491317017711
273,1556222400,695,875,180,1570,17,0.5862091022735963,1.4230779527028747
273,1556236800,282,623,341,905,17,1.7568960336303767,0.16019970090001864
273,1556251200,64,212,148,276,17,0.35352598548218656,-1.0343122094518558
273,1556265600,657,92,0,749,17,-0.7226334296780836,-0.13605444538756864
273,1556280000,1215,234,0,1449,17,-0.7226334296780836,1.1932910828259642
273,1556294400,712,449,0,1161,17,-0.7226334296780836,0.6463603512181106
273,1556308800,700,805,105,1505,17,0.0408580472937297,1.2996387250830468
273,1556323200,288,573,285,861,17,1.3497005792454095,0.0766408391265966
273,1556337600,5,8,3,13,17,-0.7008193874788889,-1.533766315052083
273,1556352000,2,3,1,5,17,-0.7153620822783521,-1.5489588353745234
273,1556366400,0,1,1,1,17,-0.7153620822783521,-1.5565550955357437
273,1556380800,0,2,2,2,17,-0.7080907348786205,-1.5546560304954387
273,1556395200,0,1,1,1,17,-0.7153620822783521,-1.5565550955357437
273,1556409600,32,164,132,196,17,0.2371844270864817,-1.1862374126762596
273,1556424000,51,220,169,271,17,0.5062242808765492,-1.043807534653381
273,1556438400,145,65,0,210,17,-0.7226334296780836,-1.159650502111989
273,1556452800,541,164,0,705,17,-0.7226334296780836,-0.2196133071609907
273,1556467200,594,309,0,903,17,-0.7226334296780836,0.15640157081940856
273,1556481600,435,480,45,915,17,-0.3954227966901636,0.17919035130306912
273,1556496000,226,435,209,661,17,0.7970781768658114,-0.30317216893441273
273,1556510400,40,129,89,169,17,-0.07548351110197518,-1.2375121687644957
273,1556524800,785,94,0,879,17,-0.7226334296780836,0.11082400985208743
273,1556539200,1206,219,0,1425,17,-0.7226334296780836,1.147713521858643
273,1556553600,733,423,0,1156,17,-0.7226334296780836,0.6368650260165853
273,1556568000,625,985,360,1610,17,1.8950516342252761,1.4990405543150767
273,1556582400,279,608,329,887,18,1.6722600008833222,-0.118663536996932
273,1556596800,27,139,112,166,18,0.049843815227520814,-1.790775787969988
273,1556611200,790,99,0,889,18,-0.7875322805948283,-0.11402522284721478
273,1556625600,1245,207,0,1452,18,-0.7875322805948283,1.1916602102981813
273,1556640000,713,437,0,1150,18,-0.7875322805948283,0.4912747736908818
273,1556654400,657,860,203,1517,18,0.7302118930831795,1.3424054201639908
273,1556668800,257,623,366,880,18,1.9488931753960625,-0.13489763652094225
273,1556683200,51,175,124,226,18,0.1395626826370582,-1.6516263634784716
273,1556697600,851,97,0,948,18,-0.7875322805948283,0.022805044569443062
273,1556712000,1303,237,0,1540,18,-0.7875322805948283,1.3957460328857387
273,1556726400,811,438,0,1249,18,-0.7875322805948283,0.7208713241018839
273,1556740800,677,799,122,1476,18,0.12460953806880198,1.2473199800947878
273,1556755200,249,679,430,928,18,2.427393801580262,-0.023578096927729088
273,1556769600,49,178,129,227,18,0.1769455440576988,-1.649307206403613
273,1556784000,829,86,0,915,18,-0.7875322805948283,-0.05372713890089099
273,1556798400,1236,234,0,1470,18,-0.7875322805948283,1.2334050376456362
273,1556812800,694,402,0,1096,18,-0.7875322805948283,0.366040291648517
273,1556827200,670,938,268,1608,18,1.216189091551507,1.553448713976124
273,1556841600,280,687,407,967,18,2.255432639045315,0.0668690289917566
273,1556856000,52,176,124,228,18,0.1395626826370582,-1.6469880493287543
273,1556870400,814,90,0,904,18,-0.7875322805948283,-0.07923786672433566
273,1556884800,1179,252,0,1431,18,-0.7875322805948283,1.1429579117261506
273,1556899200,805,440,0,1245,18,-0.7875322805948283,0.7115946958024495
273,1556913600,674,872,198,1546,18,0.6928290316625388,1.4096609753348903
273,1556928000,316,669,353,985,18,1.851697735702397,0.10861385633921154
273,1556942400,75,230,155,305,18,0.3713364234450298,-1.4684129545646416
273,1556956800,324,64,0,388,18,-0.7875322805948283,-1.275922917351377
273,1556971200,836,207,0,1043,18,-0.7875322805948283,0.24312496668101077
273,1556985600,827,367,0,1194,18,-0.7875322805948283,0.5933176849846605
273,1557000000,676,460,0,1136,18,-0.7875322805948283,0.4588065746428613
273,1557014400,340,548,208,888,18,0.76759475450382,-0.11634437992207339
273,1557028800,71,254,183,325,18,0.5806804474006171,-1.4220298130674693
273,1557043200,200,59,0,259,18,-0.7875322805948283,-1.5750941800081375
273,1557057600,659,156,0,815,18,-0.7875322805948283,-0.28564284638675175
273,1557072000,646,328,0,974,18,-0.7875322805948283,0.08310312851576686
273,1557086400,388,488,100,876,18,-0.03987505218201658,-0.14417426482037668
273,1557100800,179,366,187,545,18,0.6105867365371296,-0.9118152565985758
273,1557115200,42,120,78,162,18,-0.20435964243283514,-1.8000524162694225
273,1557129600,674,105,0,779,18,-0.7875322805948283,-0.3691325010816616
273,1557144000,1060,234,0,1294,18,-0.7875322805948283,0.8252333924705213
273,1557158400,627,459,0,1086,18,-0.7875322805948283,0.3428487208999309
273,1557172800,528,876,348,1404,18,1.8143148742817563,1.080340670704968
273,1557187200,229,673,444,902,19,1.9899973116612628,0.07995768419762495
273,1557201600,34,131,97,165,19,-0.17661114644057826,-1.773982508052022
273,1557216000,675,127,0,802,19,-0.7822625021635713,-0.17159458069377898
273,1557230400,983,233,0,1216,19,-0.7822625021635713,0.8698317959566333
273,1557244800,656,419,0,1075,19,-0.7822625021635713,0.5151431024597537
273,1557259200,604,923,319,1527,19,1.209518760471839,1.6521593397688994
273,1557273600,223,721,498,944,19,2.327164045775094,0.1856096354520146
273,1557288000,32,181,149,213,19,0.14806793085422212,-1.653237420904148
273,1557302400,683,113,0,796,19,-0.7822625021635713,-0.1866877165872632
273,1557316800,1057,234,0,1291,19,-0.7822625021635713,1.0584959946251862
273,1557331200,662,450,0,1112,19,-0.7822625021635713,0.6082174404695732
273,1557345600,552,889,337,1441,19,1.321907671843116,1.4358243919622922
273,1557360000,221,689,468,910,19,2.139849193489632,0.10008186538893725
273,1557374400,34,167,133,201,19,0.048166676301975846,-1.6834236926911166
273,1557388800,716,108,0,824,19,-0.7822625021635713,-0.11625308241767011
273,1557403200,1022,229,0,1251,19,-0.7822625021635713,0.9578750886686247
273,1557417600,654,450,0,1104,19,-0.7822625021635713,0.5880932592782608
273,1557432000,574,914,340,1488,19,1.340639157071662,1.5540539564612519
273,1557446400,277,737,460,1014,19,2.0898985662135092,0.36169622087599734
273,1557460800,41,179,138,220,19,0.0793858183495528,-1.6356287623617498
273,1557475200,669,100,0,769,19,-0.7822625021635713,-0.2546068281079423
273,1557489600,1025,244,0,1269,19,-0.7822625021635713,1.0031544963490773
273,1557504000,650,483,0,1133,19,-0.7822625021635713,0.661043416096768
273,1557518400,647,771,124,1418,19,-0.008027779383662685,1.3779673710372693
273,1557532800,300,631,331,931,19,1.2844447013860236,0.15290784101613208
273,1557547200,58,253,195,311,19,0.43528403769193014,-1.4067162013105723
273,1557561600,296,77,0,373,19,-0.7822625021635713,-1.250753797077902
273,1557576000,674,203,0,877,19,-0.7822625021635713,0.01706961797477396
273,1557590400,713,359,0,1072,19,-0.7822625021635713,0.5075965345130116
273,1557604800,532,579,47,1111,19,-0.4888025669163479,0.6057019178206592
273,1557619200,305,534,229,839,19,0.6475742036154535,-0.07852024268395953
273,1557633600,69,227,158,296,19,0.20426238653986065,-1.444449041044283
273,1557648000,173,71,0,244,19,-0.7822625021635713,-1.575256218787813
273,1557662400,514,152,0,666,19,-0.7822625021635713,-0.5137056609460883
273,1557676800,511,308,0,819,19,-0.7822625021635713,-0.1288306956622403
273,1557691200,360,466,106,826,19,-0.12041669075493974,-0.11122203711984205
273,1557705600,156,397,241,553,19,0.7225001445296382,-0.7979597202733748
273,1557720000,38,105,67,143,19,-0.36392599872604003,-1.8293240063281309
273,1557734400,627,88,0,715,19,-0.7822625021635713,-0.3904450511493004
273,1557748800,1000,250,0,1250,19,-0.7822625021635713,0.9553595660197106
273,1557763200,572,489,0,1061,19,-0.7822625021635713,0.47992578537495717
273,1557777600,498,879,381,1377,19,1.596636121861793,1.2748309424317936
273,1557792000,246,627,381,873,20,1.8534315155883623,0.15427945302870577
273,1557806400,34,135,101,169,20,0.017794441028892775,-0.9021667876273318
273,1557820800,655,94,0,749,20,-0.6443460751514872,-0.031799146177755394
273,1557835200,1083,391,0,1474,20,-0.6443460751514872,1.056160405634215
273,1557849600,1025,717,0,1742,20,-0.6443460751514872,1.4583302813385022
273,1557864000,561,894,333,1455,20,1.5387508742353102,1.0276483622074186
273,1557878400,221,677,456,898,20,2.3451200177025058,0.19179529964291164
273,1557892800,34,161,127,195,20,0.18824645509512922,-0.8631503071485577
273,1557907200,705,101,0,806,20,-0.6443460751514872,0.053736984102634014
273,1557921600,1074,340,0,1414,20,-0.6443460751514872,0.966122373760121
273,1557936000,1016,824,0,1840,20,-0.6443460751514872,1.6053924000661892
273,1557950400,565,911,346,1476,20,1.6239768812684285,1.0591616733633515
273,1557964800,251,697,446,948,20,2.2795615507539533,0.2668269928713234
273,1557979200,45,199,154,244,20,0.36525431585622087,-0.7896192477847142
273,1557993600,627,104,0,731,20,-0.6443460751514872,-0.05881055573998363
273,1558008000,1207,446,0,1653,20,-0.6443460751514872,1.3247738673919291
273,1558022400,1054,835,0,1889,20,-0.6443460751514872,1.6789234594300328
273,1558036800,613,955,342,1568,20,1.5977534944890075,1.1972199889036292
273,1558051200,272,695,423,967,20,2.1287770767722827,0.29533903629811986
273,1558065600,57,193,136,250,20,0.24724907534882645,-0.7806154445973048
273,1558080000,634,103,0,737,20,-0.6443460751514872,-0.04980675255257422
273,1558094400,1178,408,0,1586,20,-0.6443460751514872,1.2242313984658575
273,1558108800,998,884,0,1882,20,-0.6443460751514872,1.668419022378055
273,1558123200,648,888,240,1536,20,0.9290571316137722,1.1491997052374456
273,1558137600,302,554,252,856,20,1.0077272919520353,0.12876867733104577
273,1558152000,0,3,3,3,20,-0.6246785350669215,-1.151272009145659
273,1558166400,0,3,3,3,20,-0.6246785350669215,-1.151272009145659
273,1558180800,2,18,16,20,20,-0.5394525280338033,-1.125761233447999
273,1558195200,0,1,1,1,20,-0.637790228456632,-1.1542732768747954
273,1558209600,0,4,4,4,20,-0.6181226883720662,-1.1497713752810905
273,1558224000,1,0,0,1,20,-0.6443460751514872,-1.1542732768747954
273,1558238400,1,4,3,5,20,-0.6246785350669215,-1.1482707414165223
273,1558252800,1,2,1,3,20,-0.637790228456632,-1.151272009145659
273,1558267200,5,6,1,11,20,-0.637790228456632,-1.139266938229113
273,1558281600,10,25,15,35,20,-0.5460083747286585,-1.1032517254794754
273,1558296000,2,4,2,6,20,-0.6312343817617767,-1.146770107551954
273,1558310400,1,4,3,5,20,-0.6246785350669215,-1.1482707414165223
273,1558324800,1,2,1,3,20,-0.637790228456632,-1.151272009145659
273,1558339200,644,107,0,751,20,-0.6443460751514872,-0.028797878448618926
273,1558353600,945,248,0,1193,20,-0.6443460751514872,0.634482289690541
273,1558368000,493,465,0,958,20,-0.6443460751514872,0.28183333151700574
273,1558382400,535,873,338,1408,20,1.5715301077095865,0.9571185705727117
273,1558396800,260,633,373,893,21,1.7239401794723597,0.14332796077131502
273,1558411200,39,172,133,211,21,0.08487990696892773,-1.6447757449488725
273,1558425600,672,118,0,790,21,-0.8234326607100574,-0.1267228921453702
273,1558440000,970,254,0,1224,21,-0.8234326607100574,1.011161284222022
273,1558454400,665,424,0,1089,21,-0.8234326607100574,0.6572111371952986
273,1558468800,586,890,304,1476,21,1.252710351127623,1.6718682253385722
273,1558483200,267,702,435,969,21,2.1473640832024126,0.34258878428265555
273,1558497600,52,199,147,251,21,0.18049175619829458,-1.5399016273113248
273,1558512000,703,102,0,805,21,-0.8234326607100574,-0.08739509803128981
273,1558526400,1004,252,0,1256,21,-0.8234326607100574,1.09506057833206
273,1558540800,690,445,0,1135,21,-0.8234326607100574,0.7778163724784783
273,1558555200,578,825,247,1403,21,0.8634335364080578,1.4804729606500475
273,1558569600,248,709,461,957,21,2.3249289460569513,0.31112654899139125
273,1558584000,49,191,142,240,21,0.14634466718780642,-1.5687420096616504
273,1558598400,613,112,0,725,21,-0.8234326607100574,-0.2971433333063851
273,1558612800,977,265,0,1242,21,-0.8234326607100574,1.0583546371589183
273,1558627200,657,383,0,1040,21,-0.8234326607100574,0.5287403430893026
273,1558641600,521,937,416,1458,21,2.0176051449625576,1.6246748724016755
273,1558656000,236,623,387,859,21,1.8195520287017264,0.05418496077939952
273,1558670400,52,198,146,250,21,0.17366233839619694,-1.5425234802522636
273,1558684800,613,103,0,716,21,-0.8234326607100574,-0.32074000977483336
273,1558699200,863,244,0,1107,21,-0.8234326607100574,0.704404490132195
273,1558713600,696,466,0,1162,21,-0.8234326607100574,0.848606401883823
273,1558728000,629,858,229,1487,21,0.7405040159703005,1.7007086076888978
273,1558742400,340,638,298,978,21,1.2117338443150372,0.3661854607511038
273,1558756800,54,257,203,311,21,0.562939153115762,-1.3825904508550033
273,1558771200,259,72,0,331,21,-0.8234326607100574,-1.3301533920362294
273,1558785600,602,175,0,777,21,-0.8234326607100574,-0.16080698037757316
273,1558800000,694,382,0,1076,21,-0.8234326607100574,0.6231270489630956
273,1558814400,509,533,24,1042,21,-0.6595266334597142,0.53398404897118
273,1558828800,265,526,261,791,21,0.9590453856374247,-0.12410103920443148
273,1558843200,65,240,175,305,21,0.37171545465702827,-1.3983215685006354
273,1558857600,186,76,0,262,21,-0.8234326607100574,-1.5110612449609993
273,1558872000,528,166,0,694,21,-0.8234326607100574,-0.37842077447548456
273,1558886400,618,349,0,967,21,-0.8234326607100574,0.3373450784007782
273,1558900800,410,541,131,951,21,0.07122107136473246,0.29539543134575913
273,1558915200,219,418,199,637,21,0.5356214819073715,-0.52786639210899
273,1558929600,48,146,98,194,21,-0.1541497161044894,-1.6893472449448301
273,1558944000,248,61,0,309,21,-0.8234326607100574,-1.3878341567368808
273,1558958400,535,147,0,682,21,-0.8234326607100574,-0.40988300976674885
273,1558972800,603,390,0,993,21,-0.8234326607100574,0.40551325486518414
273,1558987200,455,710,255,1165,21,0.918068878824839,0.8564719607066391
273,1559001600,217,586,369,803,22,1.5102071899860954,0.08723391512239892
273,1559016000,39,165,126,204,22,0.07415253788527648,-0.8317907233404616
273,1559030400,620,132,0,752,22,-0.6704683928336667,0.008986408341754707
273,1559044800,947,270,0,1217,22,-0.6704683928336667,0.7224195584005696
273,1559059200,629,448,0,1077,22,-0.6704683928336667,0.507622480963507
273,1559073600,557,931,374,1488,22,1.5397556396177994,1.1382053297251693
273,1559088000,199,797,598,996,22,2.8635261831181427,0.383347029017778
273,1559102400,45,149,104,194,22,-0.05586064049422153,-0.8471333717288232
273,1559116800,667,103,0,770,22,-0.6704683928336667,0.03660317544080561
273,1559131200,1086,555,0,1641,22,-0.6704683928336667,1.372947850067102
273,1559145600,893,1079,186,1972,22,0.4287339334657256,1.8807895117218711
273,1559160000,503,976,473,1479,22,2.1248149423255405,1.1243969461756438
273,1559174400,219,623,404,842,22,1.7170463374080238,0.1470702438370092
273,1559188800,52,174,122,226,22,0.050513778179913205,-0.798036896886066
273,1559203200,647,110,0,757,22,-0.6704683928336667,0.016657732535935513
273,1559217600,1069,464,0,1533,22,-0.6704683928336667,1.2072472474727964
273,1559232000,916,983,67,1899,22,-0.2745191677688318,1.7687881784868316
273,1559246400,507,1023,516,1530,22,2.3789316091581956,1.202644452956288
273,1559260800,235,630,395,865,22,1.6638591280709565,0.1823583351302409
273,1559275200,52,176,124,228,22,0.06233315803259484,-0.7949683672083937
273,1559289600,650,103,0,753,22,-0.6704683928336667,0.010520673180590868
273,1559304000,1020,479,0,1499,22,-0.6704683928336667,1.155082242952367
273,1559318400,899,1025,126,1924,22,0.07415253788527648,1.8071447994577354
273,1559332800,633,848,215,1481,22,0.6001149413296093,1.1274654758533162
273,1559347200,286,537,251,823,22,0.8128637786778787,0.11791921189912215
273,1559361600,2,5,3,7,22,-0.6527393230546442,-1.1340408965911852
273,1559376000,1,14,13,15,22,-0.593642423791236,-1.121766777880496
273,1559390400,6,9,3,15,22,-0.6527393230546442,-1.121766777880496
273,1559404800,0,1,1,1,22,-0.6645587029073258,-1.1432464856242022
273,1559419200,0,0,0,0,22,-0.6704683928336667,-1.1447807504630385
273,1559433600,0,1,1,1,22,-0.6645587029073258,-1.1432464856242022
273,1559448000,0,0,0,0,22,-0.6704683928336667,-1.1447807504630385
273,1559462400,0,1,1,1,22,-0.6645587029073258,-1.1432464856242022
273,1559476800,0,0,0,0,22,-0.6704683928336667,-1.1447807504630385
273,1559491200,0,2,2,2,22,-0.658649012980985,-1.141712220785366
273,1559505600,0,2,2,2,22,-0.658649012980985,-1.141712220785366
273,1559520000,2,6,4,8,22,-0.6468296331283033,-1.1325066317523491
273,1559534400,1,5,4,6,22,-0.6468296331283033,-1.1355751614300216
273,1559548800,589,125,0,714,22,-0.6704683928336667,-0.04931565553401941
273,1559563200,888,267,0,1155,22,-0.6704683928336667,0.6272951383927277
273,1559577600,627,454,0,1081,22,-0.6704683928336667,0.5137595403188517
273,1559592000,548,829,281,1377,22,0.9901544764681033,0.9679019326143554
273,1559606400,240,634,394,874,23,1.5538706653437824,-0.15107770687747196
273,1559620800,59,172,113,231,23,-0.14763068856114614,-1.5440461438638193
273,1559635200,569,96,0,665,23,-0.8318643290994271,-0.6038466078574822
273,1559649600,930,222,0,1152,23,-0.8318643290994271,0.4511699221772785
273,1559664000,632,434,0,1066,23,-0.8318643290994271,0.26486310167832694
273,1559678400,571,890,319,1461,23,1.0997332933051005,1.1205746609467673
273,1559692800,233,735,502,968,23,2.2078284810794844,0.0525599806446379
273,1559707200,49,208,159,257,23,0.13090689962257882,-1.4877208260385548
273,1559721600,648,100,0,748,23,-0.8318643290994271,-0.424038862492215
273,1559736000,1144,417,0,1561,23,-0.8318643290994271,1.3372104987362459
273,1559750400,989,720,0,1709,23,-0.8318643290994271,1.6578315386646743
273,1559764800,531,945,414,1476,23,1.6749739645540975,1.1530700366151891
273,1559779200,255,634,379,889,23,1.463043190936046,-0.11858233120905019
273,1559793600,52,181,129,233,23,-0.05074804919289398,-1.5397134271080297
273,1559808000,649,104,0,753,23,-0.8318643290994271,-0.4132070706027411
273,1559822400,1198,429,0,1627,23,-0.8318643290994271,1.4801901516773017
273,1559836800,998,700,0,1698,23,-0.8318643290994271,1.6340015965078316
273,1559851200,581,930,349,1511,23,1.2813882421205733,1.2288925798415067
273,1559865600,258,701,443,959,23,1.8505737484090545,0.033062755243584825
273,1559880000,50,196,146,246,23,0.05218975513587394,-1.5115507681953975
273,1559894400,611,122,0,733,23,-0.8318643290994271,-0.45653423816063676
273,1559908800,808,348,0,1156,23,-0.8318643290994271,0.45983535568885764
273,1559923200,930,818,0,1748,23,-0.8318643290994271,1.7423195154025708
273,1559937600,644,919,275,1563,23,0.833306035042407,1.3415432154920355
273,1559952000,268,678,410,946,23,1.6507533047120344,0.0049000963309526096
273,1559966400,58,268,210,326,23,0.4397203126088826,-1.3382420979638145
273,1559980800,267,89,0,356,23,-0.8318643290994271,-1.273251346626971
273,1559995200,600,270,0,870,23,-0.8318643290994271,-0.15974314038905113
273,1560009600,747,442,0,1189,23,-0.8318643290994271,0.5313251821593856
273,1560024000,567,630,63,1197,23,-0.45038893658693413,0.5486560491825438
273,1560038400,301,594,293,895,23,0.9422990043316907,-0.10558418094168147
273,1560052800,67,286,219,353,23,0.4942167972535244,-1.2797504217606555
273,1560067200,203,72,0,275,23,-0.8318643290994271,-1.4487263752364488
273,1560081600,536,184,0,720,23,-0.8318643290994271,-0.484696897073269
273,1560096000,602,384,0,986,23,-0.8318643290994271,0.09155443144674405
273,1560110400,433,562,129,995,23,-0.05074804919289398,0.11105165684779712
273,1560124800,211,488,277,699,23,0.8454163649634385,-0.5301904230090595
273,1560139200,45,158,113,203,23,-0.14763068856114614,-1.6047041784448732
273,1560153600,596,102,0,698,23,-0.8318643290994271,-0.5323567813869543
273,1560168000,879,244,0,1123,23,-0.8318643290994271,0.3883455292183297
273,1560182400,497,489,0,986,23,-0.8318643290994271,0.09155443144674405
273,1560196800,551,985,434,1536,23,1.7960772637644127,1.2830515392888764
273,1560211200,125,329,204,454,24,0.667699349039706,-0.7471185869464974
273,1560225600,1,15,14,16,24,-0.5575356737454285,-1.5664937132878203
273,1560240000,445,159,0,604,24,-0.6478161491085437,-0.4665106669665922
273,1560254400,983,265,0,1248,24,-0.6478161491085437,0.7382326694804671
273,1560268800,580,469,0,1049,24,-0.6478161491085437,0.3659594956404596
273,1560283200,594,989,395,1583,24,1.89938297720792,1.3649236907689217
273,1560297600,139,317,178,456,24,0.500035609079635,-0.7433771480134319
273,1560312000,0,6,6,6,24,-0.6091245168100657,-1.5852009079531473
273,1560326400,619,105,0,724,24,-0.6478161491085437,-0.24202433098266815
273,1560340800,960,319,0,1279,24,-0.6478161491085437,0.7962249729429808
273,1560355200,593,496,0,1089,24,-0.6478161491085437,0.4407882743017676
273,1560369600,596,896,300,1492,24,1.286765465815353,1.194688219314446
273,1560384000,121,354,233,475,24,0.8547089051490161,-0.7078334781493106
273,1560398400,3,9,6,12,24,-0.6091245168100657,-1.573976591153951
273,1560412800,623,95,0,718,24,-0.6478161491085437,-0.25324864778186434
273,1560427200,1070,251,0,1321,24,-0.6478161491085437,0.8747951905373541
273,1560441600,646,460,0,1106,24,-0.6478161491085437,0.47259050523282353
273,1560456000,569,1023,454,1592,24,2.2798506948096198,1.3817601659677161
273,1560470400,130,282,152,412,24,0.3323718691195639,-0.8256888045408708
273,1560484800,4,8,4,12,24,-0.622021727576225,-1.573976591153951
273,1560499200,600,102,0,702,24,-0.6478161491085437,-0.28318015924638756
273,1560513600,904,283,0,1187,24,-0.6478161491085437,0.6241187820219722
273,1560528000,672,507,0,1179,24,-0.6478161491085437,0.6091530262897107
273,1560542400,650,1115,465,1765,24,2.350785354023496,1.7053946336778734
273,1561161600,9827,8850,0,18677,25,-0.2529063163217863,4.10063865004256
273,1561176000,1,7,6,8,25,-0.18214496356854037,-0.2974770146046201
273,1561190400,0,1,1,1,25,-0.24111275752957864,-0.299126101842958
273,1561204800,0,0,0,0,25,-0.2529063163217863,-0.2993616857341491
273,1561219200,0,1,1,1,25,-0.24111275752957864,-0.299126101842958
273,1561233600,1,2,1,3,25,-0.24111275752957864,-0.29865493406057575
273,1561248000,1,1,0,2,25,-0.2529063163217863,-0.2988905179517669
273,1561262400,0,3,3,3,25,-0.21752563994516333,-0.29865493406057575
273,1561276800,0,1,1,1,25,-0.24111275752957864,-0.299126101842958
273,1561291200,2,2,0,4,25,-0.2529063163217863,-0.29841935016938465
273,1561305600,7,6,0,13,25,-0.2529063163217863,-0.2962990951486645
273,1561320000,4,3,0,7,25,-0.2529063163217863,-0.2977125984958112
273,1561334400,0,1,1,1,25,-0.24111275752957864,-0.299126101842958
273,1561348800,0,1,1,1,25,-0.24111275752957864,-0.299126101842958
273,1561363200,558,100,0,658,25,-0.2529063163217863,-0.14434748533038652
273,1561377600,941,217,0,1158,25,-0.2529063163217863,-0.026555539734822206
273,1561392000,592,402,0,994,25,-0.2529063163217863,-0.0651912978901673
273,1561406400,485,856,371,1341,25,4.122503995587253,0.01655631235315433
273,1561420800,122,310,188,432,26,0.8033934235073867,-0.8146924666444826
273,1561435200,0,18,18,18,26,-0.5950046856692931,-1.6026922780709867
273,1561449600,518,98,0,616,26,-0.7430703678174122,-0.464470328232703
273,1561464000,966,228,0,1194,26,-0.7430703678174122,0.6356839978651698
273,1561478400,590,397,0,987,26,-0.7430703678174122,0.24168409215191777
273,1561492800,509,879,370,1388,26,2.300501987449479,1.0049399481471548
273,1561507200,118,278,160,396,26,0.5730690290547571,-0.8832141893772221
273,1561521600,1,14,13,15,26,-0.6361340418215484,-1.6084024216320483
273,1561536000,583,110,0,693,26,-0.7430703678174122,-0.3179099768321213
273,1561550400,1094,429,0,1523,26,-0.7430703678174122,1.2618964083949278
273,1561564800,965,791,0,1756,26,-0.7430703678174122,1.7053842249707138
273,1561579200,552,832,280,1384,26,1.5601735767088842,0.9973264233990726
273,1561593600,152,286,134,438,26,0.3591963770630296,-0.8032721795223593
273,1561608000,2,3,1,5,26,-0.7348444965869612,-1.6274362335022536
273,1561622400,549,96,0,645,26,-0.7430703678174122,-0.4092722738091073
273,1561636800,1200,441,0,1641,26,-0.7430703678174122,1.4864953884633516
273,1561651200,1007,712,0,1719,26,-0.7430703678174122,1.634959121050954
273,1561665600,578,825,247,1403,26,1.2887198261039992,1.033490665952463
273,1561680000,156,323,167,479,26,0.6306501276679145,-0.7252335508545171
273,1561694400,0,11,11,11,26,-0.6525857842824505,-1.6160159463801305
273,1561708800,489,91,0,580,26,-0.7430703678174122,-0.5329920509654424
273,1561723200,1075,365,0,1440,26,-0.7430703678174122,1.1039157698722228
273,1561737600,1091,864,0,1955,26,-0.7430703678174122,2.084157081187801
273,1561752000,617,858,241,1475,26,1.239364598721293,1.170534111417942
273,1561766400,308,592,284,900,26,1.5930770616306884,0.0760899288811307
273,1561780800,66,216,150,282,26,0.4908103167502465,-1.1001996446975637
273,1561795200,241,86,0,327,26,-0.7430703678174122,-1.0145474912816395
273,1561809600,615,187,0,802,26,-0.7430703678174122,-0.11044142744688235
273,1561824000,646,391,0,1037,26,-0.7430703678174122,0.3368531515029448
273,1561838400,481,541,60,1022,26,-0.24951809399034872,0.3083024336976367
273,1561852800,279,529,250,808,26,1.3133974397953523,-0.09902114032475909
273,1561867200,68,269,201,337,26,0.9103297495032504,-0.995513679411434
273,1561881600,160,98,0,258,26,-0.7430703678174122,-1.1458807931860566
273,1561896000,624,192,0,816,26,-0.7430703678174122,-0.08379409082859476
273,1561910400,648,415,0,1063,26,-0.7430703678174122,0.3863410623654789
273,1561924800,435,610,175,1045,26,0.696457097511523,0.35208020099910914
273,1561939200,196,535,339,731,26,2.0454999793054967,-0.24558149172534077
273,1561953600,54,167,113,221,26,0.18645308122355736,-1.2163058971058167
273,1561968000,526,121,0,647,26,-0.7430703678174122,-0.4054655114350662
273,1561982400,863,310,0,1173,26,-0.7430703678174122,0.5957129929377384
273,1561996800,550,497,0,1047,26,-0.7430703678174122,0.35588696337315023
273,1562011200,510,902,392,1412,26,2.4814711545194026,1.0506210966356477
273,1562025600,247,657,410,904,27,2.3902318343969635,0.6772778202761676
273,1562040000,51,186,135,237,27,0.38593550164794876,-0.7123992365770192
273,1562054400,589,109,0,698,27,-0.5979917889742947,0.24808220751491347
273,1562068800,912,261,0,1173,27,-0.5979917889742947,1.2377322854838246
273,1562083200,586,404,0,990,27,-0.5979917889742947,0.8564565712347493
273,1562097600,507,862,355,1369,27,1.9893725678471605,1.6460931597615225
273,1562112000,225,662,437,887,27,2.587017292521412,0.6418587648541223
273,1562126400,63,187,124,250,27,0.30576364833798814,-0.6853140765483964
273,1562140800,543,105,0,648,27,-0.5979917889742947,0.14390851509713334
273,1562155200,908,264,0,1172,27,-0.5979917889742947,1.235648811635469
273,1562169600,569,500,0,1069,27,-0.5979917889742947,1.0210510052548418
273,1562184000,542,864,322,1406,27,1.7488570079172787,1.72318169215068
273,1562198400,264,602,338,866,27,1.8654706127317668,0.5981058140386546
273,1562212800,51,203,152,254,27,0.5098374567633424,-0.6769801811549739
273,1562227200,224,63,0,287,27,-0.5979917889742947,-0.608225544159239
273,1562241600,492,169,0,661,27,-0.5979917889742947,0.17099367512575617
273,1562256000,544,320,0,864,27,-0.5979917889742947,0.5939388663419435
273,1562270400,446,410,0,856,27,-0.5979917889742947,0.5772710755550986
273,1562284800,249,449,200,698,27,0.8596782712068067,0.24808220751491347
273,1562299200,71,202,131,273,27,0.35678210044432673,-0.6373941780362175
273,1562313600,401,108,0,509,27,-0.5979917889742947,-0.14569434982429535
273,1562328000,658,247,0,905,27,-0.5979917889742947,0.6793612941245232
273,1562342400,654,482,0,1136,27,-0.5979917889742947,1.1606437530946672
273,1562356800,502,649,147,1151,27,0.4733957052588148,1.1918958608200012
273,1562371200,265,503,238,768,27,1.136635582641216,0.3939253768998056
273,1562385600,0,7,7,7,27,-0.5469733368679562,-1.1915982216988077
273,1562400000,1,1,0,2,27,-0.5979917889742947,-1.2020155909405856
273,1562414400,2,5,3,7,27,-0.5761267380715782,-1.1915982216988077
273,1562428800,9,10,1,19,27,-0.5907034386733893,-1.1665965355185404
273,1562443200,0,5,5,5,27,-0.5615500374697672,-1.195765169395519
273,1562457600,3,2,0,5,27,-0.5979917889742947,-1.195765169395519
273,1562472000,1,1,0,2,27,-0.5979917889742947,-1.2020155909405856
273,1562486400,1,2,1,3,27,-0.5907034386733893,-1.1999321170922301
273,1562500800,0,5,5,5,27,-0.5615500374697672,-1.195765169395519
273,1562515200,0,7,7,7,27,-0.5469733368679562,-1.1915982216988077
273,1562529600,0,1,1,1,27,-0.5907034386733893,-1.2040990647889414
273,1562544000,0,2,2,2,27,-0.5834150883724837,-1.2020155909405856
273,1562558400,1,4,3,5,27,-0.5761267380715782,-1.195765169395519
273,1562572800,535,121,0,656,27,-0.5979917889742947,0.16057630588397817
273,1562587200,875,270,0,1145,27,-0.5979917889742947,1.1793950177298678
273,1562601600,601,396,0,997,27,-0.5979917889742947,0.8710408881732385
273,1562616000,497,919,422,1416,27,2.4776920380078296,1.7440164306342358
273,1562630400,238,611,373,849,28,0.6898584211201175,-0.23440857493263126
273,1562644800,39,152,113,191,28,-0.32608951665893626,-1.4695116019751853
273,1562659200,588,127,0,715,28,-0.7676361203859866,-0.48593411539418485
273,1562673600,922,290,0,1212,28,-0.7676361203859866,0.4469628518400848
273,1562688000,605,476,0,1081,28,-0.7676361203859866,0.20106848019483461
273,1562702400,325,999,674,1324,28,1.8660135337027914,0.6571931543154131
273,1562716800,236,711,475,947,28,1.0884226120949771,-0.05045706026671895
273,1562731200,28,55,27,83,28,-0.6621338345397002,-1.672233679362109
273,1562745600,563,110,0,673,28,-0.7676361203859866,-0.5647704788224329
273,1562760000,983,694,0,1677,28,-0.7676361203859866,1.3197940183671177
273,1562774400,811,1107,296,1918,28,0.3889815318547824,1.7721645799434937
273,1562788800,442,1155,713,1597,28,2.0184057243696496,1.169629516599026
273,1562803200,199,714,515,913,28,1.2447222948302161,-0.11427697351815792
273,1562817600,41,78,37,119,28,-0.6230589138558905,-1.604659653566468
273,1562832000,565,127,0,692,28,-0.7676361203859866,-0.5291064096525112
273,1562846400,1026,565,0,1591,28,-0.7676361203859866,1.1583671789664192
273,1562860800,835,1027,192,1862,28,-0.01739764325683915,1.6670494287058297
273,1562875200,448,1092,644,1540,28,1.7487887716513622,1.0626373090892607
273,1562889600,197,757,560,954,28,1.42055943790736,-0.03731766636201093
273,1562904000,42,61,19,103,28,-0.693393771086748,-1.6346925539200863
273,1562918400,534,124,0,658,28,-0.7676361203859866,-0.5929263229039502
273,1562932800,1011,574,0,1585,28,-0.7676361203859866,1.1471048413338123
273,1562947200,925,1122,197,2047,28,0.0021398170850657305,2.014304839044542
273,1562961600,565,918,353,1483,28,0.611708579752498,0.9556451015794953
273,1562976000,267,556,289,823,28,0.36162908737611554,-0.2832120380072611
273,1562990400,145,153,8,298,28,-0.7363761838389388,-1.2686665808603628
273,1563004800,124,439,315,563,28,0.46322388115402097,-0.7712466687535591
273,1563019200,376,1485,1109,1861,28,3.565772583448516,1.6651723724337286
273,1563033600,492,685,193,1177,28,-0.013490151188458175,0.3812658823165446
273,1563048000,623,550,0,1173,28,-0.7676361203859866,0.37375765722814003
273,1563062400,659,489,0,1148,28,-0.7676361203859866,0.3268312504256114
273,1563076800,203,165,0,368,28,-0.7676361203859866,-1.1372726418132826
273,1563091200,70,280,210,350,28,0.052937213974018425,-1.1710596547111032
273,1563105600,220,474,254,694,28,0.22486686498278138,-0.5253522971083089
273,1563120000,370,539,169,909,28,-0.10726996082960161,-0.1217851986065625
273,1563134400,414,462,48,876,28,-0.5800765011036998,-0.18372805558590033
273,1563148800,300,264,0,564,28,-0.7676361203859866,-0.7693696124814579
273,1563163200,44,122,78,166,28,-0.46285173905227045,-1.516438008777714
273,1563177600,545,162,0,707,28,-0.7676361203859866,-0.500950565570994
273,1563192000,902,232,0,1134,28,-0.7676361203859866,0.30055246261619534
273,1563206400,564,400,0,964,28,-0.7676361203859866,-0.01854710364099947
273,1563220800,462,852,390,1314,28,0.7562857862825941,0.6384225915944016
273,1563235200,193,590,397,783,29,1.8139822106686654,0.29005844611177645
273,1563249600,28,57,29,85,29,-0.4153915999686803,-1.26624396426294
273,1563264000,566,98,0,664,29,-0.5910759491765146,0.024728952079410775
273,1563278400,936,286,0,1222,29,-0.5910759491765146,1.268879016533697
273,1563292800,563,456,0,1019,29,-0.5910759491765146,0.8162581149490731
273,1563307200,537,1106,569,1643,29,2.855972143901338,2.207565713908705
273,1563321600,217,651,434,868,29,2.038131207933833,0.47957951327775195
273,1563336000,29,40,11,69,29,-0.5244370580976809,-1.3019185180824178
273,1563350400,534,109,0,643,29,-0.5910759491765146,-0.02209389980865376
273,1563350813,36,6,0,42,29,-0.5910759491765146,-1.3621193276527863
273,1563364800,934,303,0,1237,29,-0.5910759491765146,1.3023239107394573
273,1563379200,515,390,0,905,29,-0.5910759491765146,0.5620769189852942
273,1563393600,514,975,461,1489,29,2.201699395127334,1.8641981333962316
273,1563408000,190,615,425,805,29,1.983608478869333,0.33911095761355836
273,1563422400,18,44,26,62,29,-0.43356584299018036,-1.317526135378439
273,1563435454,431,73,0,504,29,-0.5910759491765146,-0.3320165861153666
273,1563436800,111,95,0,206,29,-0.5910759491765146,-0.9964551510031395
273,1563451200,929,239,0,1168,29,-0.5910759491765146,1.1484773973929596
273,1563465600,586,439,0,1025,29,-0.5910759491765146,0.8296360726313773
273,1563480000,524,881,357,1405,29,1.5716589703819974,1.6769067258439736
273,1563494400,234,643,409,877,29,1.8866791827546656,0.4996464498012082
273,1563508800,37,43,6,80,29,-0.5547274631335144,-1.2773922623315268
273,1563523200,515,108,0,623,29,-0.5910759491765146,-0.06668709208300093
273,1563537600,875,270,0,1145,29,-0.5910759491765146,1.0971952262774602
273,1563552000,611,436,0,1047,29,-0.5910759491765146,0.8786885841331592
273,1563566400,401,503,102,904,29,0.026848313554488815,0.5598472593715769
273,1563580800,206,433,227,639,29,0.7841084394503263,-0.031012538263523192
273,1563595200,33,51,18,84,29,-0.482030491047514,-1.2684736238766572
273,1563609600,120,90,0,210,29,-0.5910759491765146,-0.9875365125482701
273,1563624000,246,238,0,484,29,-0.5910759491765146,-0.3766097783897138
273,1563638400,236,292,56,528,29,-0.2518234127751794,-0.27850475538615
273,1563652800,209,213,4,422,29,-0.5668436251478478,-0.51484867444019
273,1563667200,116,171,55,287,29,-0.2578814937823461,-0.8158527222920334
273,1563681600,33,55,22,88,29,-0.4577981670188472,-1.2595549854217878
273,1563696000,51,72,21,123,29,-0.4638562480260139,-1.1815168989416802
273,1563710400,162,222,60,384,29,-0.22759108874651257,-0.5995757397614496
273,1563724800,149,230,81,379,29,-0.10037138759601189,-0.6107240378300365
273,1563739200,147,210,63,357,29,-0.20941684572501248,-0.6597765493318184
273,1563753600,88,119,31,207,29,-0.4032754379543469,-0.9942254913894222
273,1563768000,25,37,12,62,29,-0.5183789770905142,-1.317526135378439
273,1563782400,512,109,0,621,29,-0.5910759491765146,-0.07114641131043566
273,1563796800,931,238,0,1169,29,-0.5910759491765146,1.1507070570066769
273,1563811200,538,411,0,949,29,-0.5910759491765146,0.660181941988858
273,1563825600,399,816,417,1215,29,1.9351438308119993,1.2532713992376754
273,1563840000,177,518,341,695,30,2.0771745527153778,0.43082051044287495
273,1563854400,21,153,132,174,30,0.44090538435990084,-0.7054813083593753
273,1563868800,525,98,0,623,30,-0.592527774601453,0.2737883972878615
273,1563883200,882,232,0,1114,30,-0.592527774601453,1.3446601689421893
273,1563897474,224,402,178,626,30,0.8010411821797666,0.2803314020026537
273,1563897600,542,236,0,778,30,-0.592527774601453,0.61184364088546
273,1563897735,2,0,0,2,30,-0.592527774601453,-1.0806135786741295
273,1563897797,2,0,0,2,30,-0.592527774601453,-1.0806135786741295
273,1563897860,0,14,14,14,30,-0.4829212274388852,-1.0544415598149608
273,1563897935,1,6,5,7,30,-0.5533825791862502,-1.0697085708161427
273,1563898015,0,1,1,1,30,-0.5846987355184124,-1.082794580245727
273,1563898096,2,0,0,2,30,-0.592527774601453,-1.0806135786741295
273,1563898176,1,8,7,9,30,-0.5377245010201691,-1.0653465676729479
273,1563898250,1,1,0,2,30,-0.592527774601453,-1.0806135786741295
273,1563898315,1,0,0,1,30,-0.592527774601453,-1.082794580245727
273,1563898377,2,0,0,2,30,-0.592527774601453,-1.0806135786741295
273,1563898461,4,12,8,16,30,-0.5298954619371286,-1.050079556671766
273,1563898542,1,11,10,12,30,-0.5142373837710474,-1.0588035629581556
273,1563898622,1,0,0,1,30,-0.592527774601453,-1.082794580245727
273,1563898703,7,0,0,7,30,-0.592527774601453,-1.0697085708161427
273,1563898783,3,1,0,4,30,-0.592527774601453,-1.0762515755309348
273,1563898864,2,0,0,2,30,-0.592527774601453,-1.0806135786741295
273,1563899240,8,39,31,47,30,-0.3498275630271957,-0.9824685079522463
273,1563912000,509,706,197,1215,30,0.9497929247575372,1.5649413276735276
273,1563926400,230,636,406,866,30,2.5860620931130143,0.8037717791860319
273,1563940800,41,172,131,213,30,0.4330763452768603,-0.6204222470670763
273,1563955200,578,109,0,687,30,-0.592527774601453,0.41337249787009567
273,1563969600,955,256,0,1211,30,-0.592527774601453,1.556217321387138
273,1563984000,590,427,0,1017,30,-0.592527774601453,1.1331030164972407
273,1563998400,493,901,408,1394,30,2.601720171279095,1.9553406089894638
273,1564012800,233,632,399,865,30,2.5312588195317303,0.8015907776144345
273,1564027200,42,178,136,220,30,0.47222154069206307,-0.6051552360658944
273,1564041600,551,105,0,656,30,-0.592527774601453,0.345761449150576
273,1564056000,870,235,0,1105,30,-0.592527774601453,1.3250311547978126
273,1564070400,594,404,0,998,30,-0.592527774601453,1.09166398663689
273,1564084800,524,843,319,1367,30,1.9049356928884855,1.8964535665563338
273,1564099200,231,610,379,841,30,2.374678037870919,0.7492467398960967
273,1564113600,49,218,169,267,30,0.7305798304324015,-0.5026481622008162
273,1564128000,526,114,0,640,30,-0.592527774601453,0.31086542400501743
273,1564142400,854,219,0,1073,30,-0.592527774601453,1.2552391045066955
273,1564156800,611,465,0,1076,30,-0.592527774601453,1.2617821092214878
273,1564171200,558,803,245,1361,30,1.3255868007434841,1.8833675571267494
273,1564185600,261,582,321,843,30,1.9205937710545666,0.7536087430392915
273,1564200000,50,79,29,129,30,-0.3654856411932768,-0.8036263790812587
273,1564214400,128,89,0,217,30,-0.592527774601453,-0.6116982407806867
273,1564228800,246,234,0,480,30,-0.592527774601453,-0.038094827450568025
273,1564243200,273,267,0,540,30,-0.592527774601453,0.09276526684527653
273,1564257600,208,217,9,425,30,-0.522066422854088,-0.15804991388842554
273,1564272000,157,185,28,342,30,-0.37331468027631737,-0.3390730443310105
273,1564286400,52,63,11,115,30,-0.5064083446880069,-0.8341604010836224
273,1564300800,49,61,12,110,30,-0.4985793056049663,-0.8450654089416094
273,1564315200,134,163,29,297,30,-0.3654856411932768,-0.43721811505289393
273,1564329600,181,270,89,451,30,0.10425670378915676,-0.10134387302689289
273,1564344000,167,214,47,381,30,-0.22456293769854674,-0.25401398303871153
273,1564358400,75,142,67,217,30,-0.06798215603773555,-0.6116982407806867
273,1564372800,23,37,14,60,30,-0.4829212274388852,-0.9541154875214799
273,1564387200,519,89,0,608,30,-0.592527774601453,0.24107337371390036
273,1564401600,857,252,0,1109,30,-0.592527774601453,1.3337551610842022
273,1564416000,535,405,0,940,30,-0.592527774601453,0.9651658954842403
273,1564430400,501,870,369,1371,30,2.2963876470405133,1.9051775728427236
273,1564444800,185,637,452,822,31,1.7836490263589737,0.3098988405561256
273,1564459200,35,183,148,218,31,0.12299315327932413,-0.9232622075502224
273,1564473600,566,113,0,679,31,-0.6854840480884,0.017941837444854482
273,1564488000,878,250,0,1128,31,-0.6854840480884,0.9346459940669575
273,1564502400,545,406,0,951,31,-0.6854840480884,0.573272640565594
273,1564516800,487,928,441,1415,31,1.7235595046356968,1.5206016576539143
273,1564531200,217,674,457,891,31,1.8109624453240996,0.45077319870072496
273,1564545600,48,175,127,223,31,0.008276793625795704,-0.91305392072815
273,1564560000,594,117,0,711,31,-0.6854840480884,0.08327487310611795
273,1564574400,932,250,0,1182,31,-0.6854840480884,1.0448954917453397
273,1564588800,597,433,0,1030,31,-0.6854840480884,0.7345635723543381
273,1564603200,465,904,439,1369,31,1.7126341370496465,1.426685418890848
273,1564617600,211,617,406,828,31,1.5323655718798161,0.3221487847426125
273,1564632000,37,189,152,226,31,0.1448438884514248,-0.9069289486349065
273,1564646400,549,101,0,650,31,-0.6854840480884,-0.041266226123165536
273,1564655192,661,123,0,784,31,-0.6854840480884,0.23231586070837523
273,1564655258,143,115,0,258,31,-0.6854840480884,-0.841595912973643
273,1564655322,9,2,0,11,31,-0.6854840480884,-1.3458852819840204
273,1564655395,0,9,9,9,31,-0.6363198939511736,-1.3499685967128494
273,1564655396,1,6,5,7,31,-0.6581706291232742,-1.3540519114416782
273,1564655906,6,6,0,12,31,-0.6854840480884,-1.343843624619606
273,1564655983,3,0,0,3,31,-0.6854840480884,-1.3622185408993364
273,1564656586,13,14,1,27,31,-0.6800213642953749,-1.3132187641533888
273,1564660800,223,94,0,317,31,-0.6854840480884,-0.7211381284731885
273,1564675200,569,449,0,1018,31,-0.6854840480884,0.7100636839813643
273,1564689600,518,912,394,1430,31,1.4668133663635141,1.5512265181201315
273,1564704000,261,762,501,1023,31,2.051320532217207,0.7202719708034367
273,1564718400,42,243,201,285,31,0.4125153943096578,-0.786471164134452
273,1564727579,28,46,18,74,31,-0.5871557398139471,-1.217260868025908
273,1564732800,539,109,0,648,31,-0.6854840480884,-0.0453495408519945
273,1564747200,882,318,0,1200,31,-0.6854840480884,1.0816453243048003
273,1564761600,626,536,0,1162,31,-0.6854840480884,1.00406234445705
273,1564776000,568,958,390,1526,31,1.4449626311914137,1.747225625103922
273,1565395200,6175,9833,3658,16008,32,4.193752991985975,4.225070767467485
273,1565409600,53,212,159,265,32,-0.1468388105457787,-0.3433860843749194
273,1565424000,231,72,0,303,32,-0.3440820505007798,-0.33235887479796383
273,1565438400,569,165,0,734,32,-0.3440820505007798,-0.20728710301723108
273,1565452800,583,352,0,935,32,-0.3440820505007798,-0.14895896814965034
273,1565460347,226,74,0,300,32,-0.3440820505007798,-0.3332294439750919
273,1565467200,186,470,284,656,32,0.008226629670417148,-0.2299219016225609
273,1565481600,241,438,197,679,32,-0.09969891672005515,-0.2232475379312457
273,1565496000,49,227,178,276,32,-0.12326886363291692,-0.3401939973921165
273,1565510400,175,52,0,227,32,-0.3440820505007798,-0.354413293951875
273,1565524800,516,156,0,672,32,-0.3440820505007798,-0.2252788660112112
273,1565539200,573,294,0,867,32,-0.3440820505007798,-0.16869186949788662
273,1565553600,404,455,51,859,32,-0.28081535089257187,-0.17101338730356147
273,1565568000,187,399,212,586,32,-0.08109106389411165,-0.2502351824222159
273,1565582400,41,130,89,171,32,-0.23367545706684836,-0.370663918591599
273,1565596800,527,110,0,637,32,-0.3440820505007798,-0.2354355064110387
273,1565611200,802,223,0,1025,32,-0.3440820505007798,-0.12284189283580824
273,1565625600,557,397,0,954,32,-0.3440820505007798,-0.14344536336117258
273,1565640000,461,903,442,1364,32,0.20422934610368867,-0.02446757582033628
273,1565654400,198,587,389,785,33,1.4277475148353622,0.22586649049337876
273,1565668800,39,159,120,198,33,-0.042993963458053536,-1.0719487968176309
273,1565683200,541,107,0,648,33,-0.6990868162283506,-0.07703077417716352
273,1565697600,900,270,0,1170,33,-0.6990868162283506,1.0770741320857786
273,1565712000,501,477,0,978,33,-0.6990868162283506,0.6525757757591791
273,1565726400,473,982,509,1455,33,2.083840367605659,1.7071888797580745
273,1565740800,228,690,462,918,33,1.826870666937293,0.5199200394071168
273,1565755200,28,207,179,235,33,0.2795850224873425,-0.9901444260671924
273,1565769600,528,106,0,634,33,-0.6990868162283506,-0.10798377932597807
273,1565784000,935,271,0,1206,33,-0.6990868162283506,1.156667573897016
273,1565798400,558,512,0,1070,33,-0.6990868162283506,0.8559812381656747
273,1565812800,509,991,482,1500,33,1.9362194757323425,1.8066806820221213
273,1565827200,216,707,491,923,33,1.9854264396901147,0.5309746841031221
273,1565841600,46,212,166,258,33,0.20850829677056032,-0.9392930604655685
273,1565856000,512,103,0,615,33,-0.6990868162283506,-0.1499914291707978
273,1565870400,894,230,0,1124,33,-0.6990868162283506,0.9753714008825308
273,1565884800,579,508,0,1087,33,-0.6990868162283506,0.8935670301320924
273,1565899200,520,1122,602,1642,33,2.5923123285026395,2.1206325913886688
273,1565913600,245,767,522,1012,33,2.1549170933224415,0.7277473596920144
273,1565917138,14,124,110,138,33,-0.09766836785557828,-1.204604533169693
273,1565917218,1,1,0,2,33,-0.6990868162283506,-1.5052908689010345
273,1565928000,41,98,57,139,33,-0.3874427111624595,-1.2023936042304921
273,1565942400,514,99,0,613,33,-0.6990868162283506,-0.15441328704919988
273,1565956800,865,239,0,1104,33,-0.6990868162283506,0.93115282209851
273,1565971200,604,471,0,1075,33,-0.6990868162283506,0.8670358828616799
273,1565985600,530,777,247,1307,33,0.6513709723905108,1.3799713967563207
273,1566000000,212,595,383,807,33,1.3949428721968473,0.2745069271558016
273,1566014400,42,59,17,101,33,-0.6061403287525585,-1.2864089039201316
273,1566028800,96,103,7,199,33,-0.6608147331500832,-1.0697378678784297
273,1566043200,202,212,10,414,33,-0.6444124118308259,-0.5943881459502065
273,1566057600,177,238,61,415,33,-0.3655729494034496,-0.5921772170110055
273,1566072000,200,256,56,456,33,-0.39291015160221193,-0.5015291305037629
273,1566086400,137,189,52,326,33,-0.41477991336122183,-0.7889498925998979
273,1566100800,32,56,24,88,33,-0.5678682456742912,-1.315150980129745
273,1566115200,33,55,22,88,33,-0.5788031265537961,-1.315150980129745
273,1566129600,121,220,99,341,33,-0.15781021269285553,-0.7557859585118823
273,1566144000,163,282,119,445,33,-0.04846140389780601,-0.5258493488349744
273,1566158400,158,223,65,381,33,-0.3437031876444397,-0.6673488009438407
273,1566172800,101,118,17,219,33,-0.6061403287525585,-1.025519289094409
273,1566187200,22,30,8,52,33,-0.6553472927103308,-1.3947444219409824
273,1566201600,502,100,0,602,33,-0.6990868162283506,-0.1787335053804113
273,1566216000,830,229,0,1059,33,-0.6990868162283506,0.8316610198344633
273,1566230400,521,403,0,924,33,-0.6990868162283506,0.5331856130423231
273,1566244800,471,821,350,1292,33,1.2145173376850158,1.3468074626683053
273,1566259200,203,518,315,721,34,1.4833881844666363,0.1252432712045233
273,1566273600,26,164,138,190,34,0.23776435488062325,-1.202942860228325
273,1566288000,537,87,0,624,34,-0.7333999868305058,-0.11738206730580866
273,1566302400,843,224,0,1067,34,-0.7333999868305058,0.990690354963027
273,1566316800,548,377,0,925,34,-0.7333999868305058,0.6355068697210978
273,1566331200,494,874,380,1368,34,1.9408206642581103,1.7435792919899336
273,1566345600,220,578,358,798,34,1.7859973634056114,0.31784276672303424
273,1566360000,46,170,124,216,34,0.1392404361563058,-1.1379092643389577
273,1566374400,530,104,0,634,34,-0.7333999868305058,-0.09236914580989815
273,1566388800,899,235,0,1134,34,-0.7333999868305058,1.1582769289856274
273,1566403200,558,399,0,957,34,-0.7333999868305058,0.7155482185080114
273,1566417600,481,790,309,1271,34,1.4411636478705003,1.5009539534796015
273,1566432000,186,660,474,846,34,2.6023384042642417,0.4379047899034047
273,1566446400,34,171,137,205,34,0.23072693211460057,-1.1654234779844592
273,1566460800,534,102,0,636,34,-0.7333999868305058,-0.08736656151071605
273,1566475200,900,200,0,1100,34,-0.7333999868305058,1.0732329958995317
273,1566489600,565,395,0,960,34,-0.7333999868305058,0.7230520949567846
273,1566504000,483,827,344,1310,34,1.687473444681294,1.5985043473136524
273,1566518400,217,588,371,805,34,1.8774838593639063,0.3353518117701716
273,1566532800,39,194,155,233,34,0.3574005419030087,-1.0953872977959098
273,1566547200,491,101,0,592,34,-0.7333999868305058,-0.1974234160927223
273,1566561600,790,239,0,1029,34,-0.7333999868305058,0.8956412532785671
273,1566576000,566,453,0,1019,34,-0.7333999868305058,0.8706283317826566
273,1566590400,572,776,204,1348,34,0.7022342574381197,1.6935534489981126
273,1566604800,261,535,274,796,34,1.1948538510597069,0.31284018242385214
273,1566619200,34,60,26,94,34,-0.5504269949139162,-1.4430669065890658
273,1566633600,59,94,35,153,34,-0.48709019001971215,-1.2954906697631938
273,1566648000,156,190,34,346,34,-0.49412761278573486,-0.8127412848921209
273,1566662400,164,256,92,420,34,-0.08595709235641975,-0.6276456658223831
273,1566676800,227,223,0,450,34,-0.7333999868305058,-0.5526069013346516
273,1566691200,157,168,11,325,34,-0.6559883364042564,-0.865268420033533
273,1566705600,44,56,12,100,34,-0.6489509136382337,-1.4280591536915195
273,1566720000,28,61,33,89,34,-0.5011650355517575,-1.455573367337021
273,1566734400,100,198,98,298,34,-0.04373255576028372,-0.9328033080724913
273,1566748800,195,240,45,435,34,-0.41671596235948544,-0.5901262835785174
273,1566763200,211,207,0,418,34,-0.7333999868305058,-0.6326482501215652
273,1566777600,136,144,8,280,34,-0.6771006047023244,-0.9778265667651304
273,1566792000,23,53,30,76,34,-0.5222773038498255,-1.4880901652817047
273,1566806400,521,91,0,612,34,-0.7333999868305058,-0.14739757310090126
273,1566820800,810,225,0,1035,34,-0.7333999868305058,0.9106490061761134
273,1566835200,539,375,0,914,34,-0.7333999868305058,0.6079926560755962
273,1566849600,490,860,370,1350,34,1.8704464365978835,1.6985560332972947
273,1566864000,111,281,170,392,35,0.8561728842379824,-0.7259185074312451
273,1566878400,2,5,3,7,35,-0.6398900480104504,-1.6913817633255726
273,1566892800,509,98,0,607,35,-0.6667654300268893,-0.18676370219155575
273,1566907200,867,219,0,1086,35,-0.6667654300268893,1.014423049947101
273,1566921600,605,390,0,995,35,-0.6667654300268893,0.7862226440084418
273,1566936000,511,858,347,1369,35,2.441820423207878,1.7241012354486456
273,1566950400,105,271,166,376,35,0.8203390415493973,-0.7660416557281522
273,1566964800,3,5,2,8,35,-0.6488485086825966,-1.6888740665570159
273,1566979200,514,117,0,631,35,-0.6667654300268893,-0.12657897974619509
273,1566993600,921,235,0,1156,35,-0.6667654300268893,1.1899618237460696
273,1567008000,582,393,0,975,35,-0.6667654300268893,0.7360687086373079
273,1567022400,467,856,389,1323,35,2.818075771438023,1.6087471840950376
273,1567036800,101,245,144,346,35,0.6232529067621786,-0.8412725587848531
273,1567051200,1,1,0,2,35,-0.6667654300268893,-1.7039202471683559
273,1567065600,507,116,0,623,35,-0.6667654300268893,-0.14664055389464864
273,1567080000,850,246,0,1096,35,-0.6667654300268893,1.0395000176326679
273,1567094400,561,435,0,996,35,-0.6667654300268893,0.7887303407769984
273,1567108800,507,826,319,1333,35,2.1909835243877818,1.6338241517806045
273,1567123200,123,280,157,403,35,0.7397128955000805,-0.6983338429771214
273,1567137600,8,3,0,11,35,-0.6667654300268893,-1.6813509762513457
273,1567152000,478,101,0,579,35,-0.6667654300268893,-0.2569792117111432
273,1567166400,863,238,0,1101,35,-0.6667654300268893,1.0520385014754514
273,1567180800,653,469,0,1122,35,-0.6667654300268893,1.104700133615142
273,1567195200,555,813,258,1368,35,1.6445174233868571,1.721593538680089
273,1567209600,318,583,265,901,35,1.7072266480918812,0.5504991477641125
273,1567224000,60,179,119,239,35,0.399291389958521,-1.1095961130204193
273,1567238400,201,64,0,265,35,-0.6667654300268893,-1.0443959970379453
273,1567252800,520,178,0,698,35,-0.6667654300268893,0.04143670374710347
273,1567267200,556,313,0,869,35,-0.6667654300268893,0.47025285117029825
273,1567281600,460,425,0,885,35,-0.6667654300268893,0.5103759994672054
273,1567296000,247,452,205,699,35,1.169719007763103,0.04394440051566016
273,1567310400,44,214,170,258,35,0.8561728842379824,-1.0619498744178422
273,1567324800,147,70,0,217,35,-0.6667654300268893,-1.1647654419286666
273,1567339200,508,155,0,663,35,-0.6667654300268893,-0.04633268315238085
273,1567353600,563,295,0,858,35,-0.6667654300268893,0.4426681867161746
273,1567368000,404,462,58,866,35,-0.1471747110424036,0.46272976086462814
273,1567382400,194,406,212,600,35,1.232428232468127,-0.2043175795714526
273,1567396800,41,126,85,167,35,0.09470372710554663,-1.2901502803565015
273,1567411200,188,55,0,243,35,-0.6667654300268893,-1.0995653259461926
273,1567425600,460,152,0,612,35,-0.6667654300268893,-0.17422521834877228
273,1567440000,551,325,0,876,35,-0.6667654300268893,0.48780672855019513
273,1567454400,372,429,57,801,35,-0.15613317171454988,0.299729470908443
273,1567468800,156,392,236,548,36,0.7052029567574687,-0.6847726751091092
273,1567483200,34,124,90,158,36,-0.2162341902352434,-1.693004263269757
273,1567497600,563,94,0,657,36,-0.7842433904362304,-0.40298487226421015
273,1567512000,891,228,0,1119,36,-0.7842433904362304,0.7913817783260957
273,1567526400,540,417,0,957,36,-0.7842433904362304,0.3725778878593651
273,1567540800,490,928,438,1418,36,1.980068050541906,1.564359329249259
273,1567555200,231,644,413,875,36,1.822287717152743,0.16059073342558786
273,1567569600,28,139,111,167,36,-0.08369871018834647,-1.6697373804660498
273,1567584000,560,124,0,684,36,-0.7842433904362304,-0.3331842238530884
273,1567598400,928,240,0,1168,36,-0.7842433904362304,0.9180570291462797
273,1567612800,569,393,0,962,36,-0.7842433904362304,0.3855039338614247
273,1567627200,511,899,388,1410,36,1.66450738376358,1.5436776556459637
273,1567641600,207,624,417,831,36,1.847532570495009,0.04684152860746348
273,1567656000,33,155,122,188,36,-0.014275363497114734,-1.6154479872573995
273,1567670400,602,125,0,727,36,-0.7842433904362304,-0.22202022823537595
273,1567684800,958,242,0,1200,36,-0.7842433904362304,1.000783723559461
273,1567699200,606,462,0,1068,36,-0.7842433904362304,0.659536109105088
273,1567713600,553,915,362,1468,36,1.5004158370388503,1.693619789269855
273,1567728000,198,648,450,846,36,2.0558026105687044,0.08561966661364225
273,1567742400,32,170,138,202,36,0.0867040498719496,-1.5792550584516327
273,1567756800,586,108,0,694,36,-0.7842433904362304,-0.30733213184896924
273,1567771200,918,228,0,1146,36,-0.7842433904362304,0.8611824267372176
273,1567785600,606,482,0,1088,36,-0.7842433904362304,0.7112402931133263
273,1567800000,491,894,403,1385,36,1.7591755837970777,1.4790474256356658
273,1567814400,250,559,309,809,36,1.1659215302538248,-0.010033073801598702
273,1567828800,62,214,152,276,36,0.1750610365698809,-1.3879495776211508
273,1567843200,227,71,0,298,36,-0.7842433904362304,-1.3310749752120885
273,1567857600,582,175,0,757,36,-0.7842433904362304,-0.14446395222301842
273,1567872000,659,425,0,1084,36,-0.7842433904362304,0.7008994563116786
273,1567886400,515,541,26,1056,36,-0.6201518437115008,0.6285135987001449
273,1567900800,273,478,205,751,36,0.5095553433549065,-0.15997520742548993
273,1567915200,61,223,162,284,36,0.2381731699255461,-1.3672679040178555
273,1567929600,168,61,0,229,36,-0.7842433904362304,-1.509454410040511
273,1567944000,526,168,0,694,36,-0.7842433904362304,-0.30733213184896924
273,1567958400,576,339,0,915,36,-0.7842433904362304,0.26399910144206457
273,1567972800,397,490,93,887,36,-0.19730055022854384,0.19161324383053085
273,1567987200,131,423,292,554,36,1.0586309035491939,-0.6692614199066377
273,1568001600,53,111,58,164,36,-0.4181930169733721,-1.6774930080672856
273,1568016000,663,118,0,781,36,-0.7842433904362304,-0.08241893141313239
273,1568030400,947,231,0,1178,36,-0.7842433904362304,0.9439091211503988
273,1568044800,609,419,0,1028,36,-0.7842433904362304,0.5561277410886113
273,1568059200,538,892,354,1430,36,1.4499261303543183,1.595381839654202
273,1568073600,178,569,391,747,37,1.589031073629207,0.1640682168308772
273,1568088000,41,137,96,178,37,-0.07959296249808129,-0.8790023460380516
273,1568102400,644,114,0,758,37,-0.6226028183225547,0.18423302560338725
273,1568116800,1010,238,0,1248,37,-0.6226028183225547,1.0824835981970167
273,1568131200,623,414,0,1037,37,-0.6226028183225547,0.6956859026515966
273,1568145600,516,937,421,1453,37,1.7587216535743548,1.4582823071392492
273,1568160000,190,665,475,855,37,2.064164697475621,0.36204997568824854
273,1568174400,37,153,116,190,37,0.03353409079868401,-0.857004372831677
273,1568188800,629,106,0,735,37,-0.6226028183225547,0.1420702436245026
273,1568203200,1037,238,0,1275,37,-0.6226028183225547,1.1319790379113595
273,1568217600,611,457,0,1068,37,-0.6226028183225547,0.7525140001013977
273,1568232000,526,967,441,1493,37,1.8718487068711203,1.5316088844938314
273,1568246400,225,712,487,937,37,2.13204092945368,0.5123694592651417
273,1568260800,25,157,132,182,37,0.12403573343609625,-0.8716696883025934
273,1568275200,681,101,0,782,37,-0.6226028183225547,0.22822897201613643
273,1568289600,980,245,0,1225,37,-0.6226028183225547,1.0403208162181319
273,1568304000,608,424,0,1032,37,-0.6226028183225547,0.6865200804822739
273,1568318400,560,956,396,1516,37,1.6173128369533982,1.573771666472716
273,1568332800,204,749,545,953,37,2.4601093840142996,0.5417000902069744
273,1568347200,36,175,139,211,37,0.1636302020899641,-0.8185079197205214
273,1568361600,585,116,0,701,37,-0.6226028183225547,0.07974265287310792
273,1568376000,955,224,0,1179,37,-0.6226028183225547,0.9559952522603626
273,1568390400,648,509,0,1157,37,-0.6226028183225547,0.9156656347153426
273,1568404800,577,872,295,1449,37,1.0460212178047334,1.450949649403791
273,1568419200,273,567,294,840,37,1.0403648651398953,0.33455250918028034
273,1568433600,0,1,1,1,37,-0.6169464656577165,-1.2034724508320769
273,1568448000,1,3,2,4,37,-0.6112901129928782,-1.1979729575304832
273,1568462400,0,0,0,0,37,-0.6226028183225547,-1.2053056152659414
273,1568476800,0,0,0,0,37,-0.6226028183225547,-1.2053056152659414
273,1568491200,0,0,0,0,37,-0.6226028183225547,-1.2053056152659414
273,1568505600,0,1,1,1,37,-0.6169464656577165,-1.2034724508320769
273,1568520000,0,1,1,1,37,-0.6169464656577165,-1.2034724508320769
273,1568534400,0,0,0,0,37,-0.6226028183225547,-1.2053056152659414
273,1568548800,0,0,0,0,37,-0.6226028183225547,-1.2053056152659414
273,1568563200,0,0,0,0,37,-0.6226028183225547,-1.2053056152659414
273,1568577600,0,1,1,1,37,-0.6169464656577165,-1.2034724508320769
273,1568592000,1,3,2,4,37,-0.6112901129928782,-1.1979729575304832
273,1568606400,1,4,3,5,37,-0.60563376032804,-1.1961397930966187
273,1568620800,623,103,0,726,37,-0.6226028183225547,0.12557176371972165
273,1568635200,919,211,0,1130,37,-0.6226028183225547,0.8661701950009997
273,1568649600,612,505,0,1117,37,-0.6226028183225547,0.8423390573607605
273,1568664000,520,904,384,1424,37,1.5494366049753392,1.4051205385571772
273,1568678400,164,577,413,741,38,1.6890519866977969,-0.17092876768586351
273,1568692800,0,5,5,5,38,-0.6738833422313768,-1.9055807922116066
273,1568707200,618,98,0,716,38,-0.7028408830270775,-0.2298503717798086
273,1568721600,975,215,0,1190,38,-0.7028408830270775,0.8873032418413901
273,1568736000,571,426,0,997,38,-0.7028408830270775,0.4324284582361341
273,1568750400,527,869,342,1396,38,1.2778549073988477,1.3728172595754975
273,1568764800,195,691,496,886,38,2.1697471639064276,0.17081653605901795
273,1568779200,3,6,3,9,38,-0.6854663585496571,-1.8961533355565754
273,1568793600,608,107,0,715,38,-0.7028408830270775,-0.2322072359435664
273,1568808000,978,254,0,1232,38,-0.7028408830270775,0.9862915367192179
273,1568822400,620,453,0,1073,38,-0.7028408830270775,0.6115501346817271
273,1568836800,516,965,449,1481,38,1.8975462804268415,1.5731507134949108
273,1568851200,210,701,491,911,38,2.1407896231107273,0.229738140152963
273,1568865600,2,8,6,10,38,-0.6680918340722366,-1.8937964713928177
273,1568880000,557,106,0,663,38,-0.7028408830270775,-0.3547641724589722
273,1568894400,995,287,0,1282,38,-0.7028408830270775,1.104134744907108
273,1568908800,620,420,0,1040,38,-0.7028408830270775,0.5337736172777197
273,1568923200,564,948,384,1512,38,1.521098250082733,1.6462135025714026
273,1568937600,222,654,432,876,38,1.7990906417214594,0.1472478944214399
273,1568952000,2,12,10,14,38,-0.6449258014356761,-1.8843690147377865
273,1568966400,563,98,0,661,38,-0.7028408830270775,-0.3594779007864878
273,1568980800,967,242,0,1209,38,-0.7028408830270775,0.9320836609527884
273,1568995200,631,401,0,1032,38,-0.7028408830270775,0.5149187039676572
273,1569009600,575,858,283,1433,38,0.9361559260095799,1.4600212336345362
273,1569024000,256,639,383,895,38,1.5153067419235928,0.19202831353283817
273,1569038400,60,225,165,285,38,0.2527579632310443,-1.2456588263594217
273,1569052800,236,64,0,300,38,-0.7028408830270775,-1.2103058639030548
273,1569067200,563,208,0,771,38,-0.7028408830270775,-0.10022284277312943
273,1569081600,641,421,0,1062,38,-0.7028408830270775,0.5856246288803914
273,1569096000,525,455,0,980,38,-0.7028408830270775,0.39236176745225143
273,1569110400,261,493,232,754,38,0.6407890098934331,-0.14028953355701207
273,1569124800,46,233,187,279,38,0.3801711427321272,-1.2598000113419685
273,1569139200,152,55,0,207,38,-0.7028408830270775,-1.4294942311325305
273,1569153600,537,142,0,679,38,-0.7028408830270775,-0.31705434583884734
273,1569168000,576,353,0,929,38,-0.7028408830270775,0.27216169510060345
273,1569182400,405,503,98,908,38,-0.13527308343134453,0.2226675476616896
273,1569196800,174,429,255,603,38,0.7739936975536561,-0.49617602228444035
273,1569211200,26,124,98,150,38,-0.13527308343134453,-1.5638354884667252
273,1569225600,614,116,0,730,38,-0.7028408830270775,-0.19685427348719936
273,1569240000,909,218,0,1127,38,-0.7028408830270775,0.7388207995246485
273,1569254400,587,413,0,1000,38,-0.7028408830270775,0.4394990507274075
273,1569268800,530,895,365,1425,38,1.4110595950590707,1.4411663203244738
273,1569283200,185,659,474,844,39,2.08086512661519,0.04263233568374109
273,1569297600,47,113,66,160,39,-0.3539388890678346,-1.7195859945644816
273,1569312000,670,98,0,768,39,-0.7478042445459709,-0.1531697010105059
273,1569326400,986,215,0,1201,39,-0.7478042445459709,0.9623866396290854
273,1569340800,591,420,0,1011,39,-0.7478042445459709,0.472881547893468
273,1569355200,520,960,440,1480,39,1.8779647919749378,1.6811862217040183
273,1569369600,198,694,496,892,39,2.212153578441235,0.16629677991168654
273,1569384000,25,154,129,179,39,0.02202349570675004,-1.67063548539092
273,1569398400,628,100,0,728,39,-0.7478042445459709,-0.2562234045337938
273,1569412800,978,238,0,1216,39,-0.7478042445459709,1.0010317784503184
273,1569427200,671,439,0,1110,39,-0.7478042445459709,0.7279394641136054
273,1569441600,569,924,355,1493,39,1.3707139553743077,1.714678675349087
273,1569456000,211,666,455,877,39,1.9674796454926962,0.1276516410904536
273,1569470400,35,131,96,166,39,-0.17490918203231812,-1.7041279390359885
273,1569484800,693,110,0,803,39,-0.7478042445459709,-0.06299771042762899
273,1569499200,987,214,0,1201,39,-0.7478042445459709,0.9623866396290854
273,1569513600,627,364,0,991,39,-0.7478042445459709,0.421354696131824
273,1569528000,521,852,331,1373,39,1.2274901897458945,1.4055175647792233
273,1569542400,195,709,514,904,39,2.3195714026625454,0.19721289096867292
273,1569556800,44,166,122,210,39,-0.01975010260153714,-1.5907688651603717
273,1569571200,605,86,0,691,39,-0.7478042445459709,-0.3515480802928351
273,1569585600,932,210,0,1142,39,-0.7478042445459709,0.8103824269322358
273,1569600000,608,486,0,1094,39,-0.7478042445459709,0.6867179827042903
273,1569614400,613,850,237,1463,39,0.6665304410346095,1.637388397706621
273,1569628800,281,641,360,922,39,1.4005522398802273,0.24358705755415244
273,1569643200,60,217,157,277,39,0.18911788893989878,-1.4181539117588646
273,1569657600,248,68,0,316,39,-0.7478042445459709,-1.317676550823659
273,1569672000,602,184,0,786,39,-0.7478042445459709,-0.10679553442502633
273,1569686400,633,398,0,1031,39,-0.7478042445459709,0.5244083996551119
273,1569700800,508,492,0,1000,39,-0.7478042445459709,0.4445417794245638
273,1569715200,275,473,198,748,39,0.433791821888438,-0.20469655277214982
273,1569729600,65,247,182,312,39,0.33830931146949583,-1.3279819211759878
273,1569744000,153,54,0,207,39,-0.7478042445459709,-1.5984978929246183
273,1569758400,489,145,0,634,39,-0.7478042445459709,-0.4983996078135203
273,1569772800,547,351,0,898,39,-0.7478042445459709,0.18175483544017973
273,1569787200,392,450,58,842,39,-0.4016801442773057,0.03747965050757669
273,1569801600,161,403,242,564,39,0.6963687255405289,-0.6787435889792741
273,1569816000,27,112,85,139,39,-0.24055340794534083,-1.7736891889142077
273,1569830400,526,108,0,634,39,-0.7478042445459709,-0.4983996078135203
273,1569844800,919,216,0,1135,39,-0.7478042445459709,0.7923480288156605
273,1569859200,586,411,0,997,39,-0.7478042445459709,0.43681275166031724
273,1569873600,524,790,266,1314,39,0.8395924911689422,1.2535133520823736
273,1569888000,199,557,358,756,40,1.5790956485601961,-0.3593868081837103
273,1569902400,29,120,91,149,40,-0.145561613722872,-1.7550652906123698
273,1569916800,559,90,0,649,40,-0.7333661488081124,-0.6054125044273126
273,1569931200,965,218,0,1183,40,-0.7333661488081124,0.6224166712183286
273,1569945600,586,450,0,1036,40,-0.7333661488081124,0.28441875207992173
273,1569960000,566,786,220,1352,40,0.6876997601891721,1.010999312948878
273,1569974400,177,648,471,825,40,2.309006774545165,-0.20073472369017242
273,1569988800,37,142,105,179,40,-0.05513014678668116,-1.6860861234412665
273,1570003200,647,113,0,760,40,-0.7333661488081124,-0.3501895858942299
273,1570017600,1011,257,0,1268,40,-0.7333661488081124,0.8178576448697883
273,1570032000,612,418,0,1030,40,-0.7333661488081124,0.27062291864570104
273,1570046400,549,869,320,1418,40,1.3336388097333924,1.1627534807253055
273,1570060800,205,638,433,843,40,2.063549935718361,-0.15934722338751037
273,1570075200,37,153,116,190,40,0.015923148663183062,-1.6607937621451951
273,1570089600,623,105,0,728,40,-0.7333661488081124,-0.42376736421007355
273,1570104000,979,259,0,1238,40,-0.7333661488081124,0.7488784776986849
273,1570118400,614,427,0,1041,40,-0.7333661488081124,0.2959152799417723
273,1570132800,528,974,446,1502,40,2.14752201215911,1.355895148804395
273,1570147200,297,678,381,975,40,1.7276616299553669,0.14416111216534475
273,1570161600,36,155,119,191,40,0.03530132014950967,-1.658494456572825
273,1570176000,651,114,0,765,40,-0.7333661488081124,-0.3386930580323793
273,1570190400,974,263,0,1237,40,-0.7333661488081124,0.7465791721263147
273,1570204800,643,448,0,1091,40,-0.7333661488081124,0.41088055856027805
273,1570219200,661,901,240,1562,40,0.8168875700980162,1.493853483146602
273,1570233600,294,675,381,969,40,1.7276616299553669,0.13036527873112408
273,1570248000,89,258,169,347,40,0.35827084492161976,-1.2998027872830873
273,1570262400,365,111,0,476,40,-0.7333661488081124,-1.0031923684473425
273,1570276800,908,317,0,1225,40,-0.7333661488081124,0.7189875052578734
273,1570291200,1059,586,0,1645,40,-0.7333661488081124,1.6846958456533216
273,1570305600,860,743,0,1603,40,-0.7333661488081124,1.5881250116137768
273,1570320000,437,600,163,1037,40,0.3195145019489666,0.28671805765229186
273,1570334400,93,285,192,378,40,0.5068368263167904,-1.2285243145396136
273,1570348800,278,89,0,367,40,-0.7333661488081124,-1.253816675835685
273,1570363200,812,238,0,1050,40,-0.7333661488081124,0.31660903009310337
273,1570377600,873,496,0,1369,40,-0.7333661488081124,1.05008750767917
273,1570392000,656,651,0,1307,40,-0.7333661488081124,0.9075305621922228
273,1570406400,244,450,206,694,40,0.5972682932529813,-0.5019437536706575
273,1570420800,64,130,66,194,40,-0.30704637610892704,-1.6515965398557149
273,1570434945,107,79,0,186,40,-0.7333661488081124,-1.6699909844346756
273,1570435200,658,118,0,776,40,-0.7333661488081124,-0.31340069673630805
273,1570449600,945,208,0,1153,40,-0.7333661488081124,0.5534375040472251
273,1570464000,625,415,0,1040,40,-0.7333661488081124,0.29361597436940223
273,1570478400,520,925,405,1445,40,1.8826870018459796,1.2248347311792986
273,1570492800,142,619,477,761,41,2.1880743637893847,-0.16790020382225626
273,1570507200,37,134,97,171,41,-0.1799779075931731,-1.7450673951473157
273,1570521600,628,106,0,734,41,-0.7844544084460892,-0.24007565156086066
273,1570536000,961,245,0,1206,41,-0.7844544084460892,1.021658101499187
273,1570550400,612,393,0,1005,41,-0.7844544084460892,0.48435199055624295
273,1570564800,516,899,383,1415,41,1.6022930124473833,1.5803495302906063
273,1570579200,204,652,448,856,41,2.0073545851838737,0.08605044562838893
273,1570593600,42,170,128,212,41,0.013205304019614523,-1.6354676411738793
273,1570608000,512,129,0,641,41,-0.7844544084460892,-0.48867997154938697
273,1570622400,927,224,0,1151,41,-0.7844544084460892,0.8746340412909187
273,1570636800,598,419,0,1017,41,-0.7844544084460892,0.516429967328956
273,1570651200,521,855,334,1376,41,1.2969389037691064,1.4760961057792887
273,1570665600,181,639,458,820,41,2.0696717502202566,-0.010183484689750298
273,1570680000,40,143,103,183,41,-0.14258760857134323,-1.7129894183746026
273,1570694400,682,149,0,831,41,-0.7844544084460892,0.019221327351903354
273,1570708800,956,231,0,1187,41,-0.7844544084460892,0.9708679716090579
273,1570723200,618,401,0,1019,41,-0.7844544084460892,0.5217762967910748
273,1570737600,547,865,318,1412,41,1.1972314397108934,1.5723300360974282
273,1570752000,199,662,463,861,41,2.100830332738448,0.09941626928368603
273,1570766400,46,180,134,226,41,0.05059560304144438,-1.5980433349390475
273,1570780800,611,122,0,733,41,-0.7844544084460892,-0.24274881629192008
273,1570795200,907,224,0,1131,41,-0.7844544084460892,0.8211707466697302
273,1570809600,626,437,0,1063,41,-0.7844544084460892,0.6393955449576895
273,1570824000,608,865,257,1473,41,0.8170967329889565,1.735393084692053
273,1570838400,278,604,326,882,41,1.2470851717399998,0.15555272863593392
273,1570852800,59,248,189,307,41,0.39334001074155145,-1.3815169917232342
273,1570867200,260,85,0,345,41,-0.7844544084460892,-1.2799367319429762
273,1570881600,616,186,0,802,41,-0.7844544084460892,-0.05830044984881991
273,1570896000,647,327,0,974,41,-0.7844544084460892,0.40148388389340084
273,1570910400,499,538,39,1037,41,-0.5414174648041951,0.5698932619501444
273,1570924800,286,524,238,810,41,0.6986941194198286,-0.036915132000344526
273,1570939200,65,223,158,288,41,0.20015679912876383,-1.4323071216133634
273,1570953600,186,58,0,244,41,-0.7844544084460892,-1.5499263697799779
273,1570968000,556,163,0,719,41,-0.7844544084460892,-0.280173122526752
273,1570982400,633,317,0,950,41,-0.7844544084460892,0.3373279303479747
273,1570996800,436,478,42,914,41,-0.5227223152932802,0.24109400002983544
273,1571011200,138,467,329,605,41,1.2657803212509149,-0.5849139018675262
273,1571025600,34,137,103,171,41,-0.14258760857134323,-1.7450673951473157
273,1571040000,458,100,0,558,41,-0.7844544084460892,-0.7105526442273191
273,1571054400,885,229,0,1114,41,-0.7844544084460892,0.77572694624172
273,1571068800,654,385,0,1039,41,-0.7844544084460892,0.5752395914122633
273,1571083200,547,810,263,1357,41,0.8544870320107864,1.4253059758891597
273,1571097600,195,604,409,799,42,1.6323462975133396,-0.1428291470683738
273,1571112000,30,134,104,164,42,-0.17525709729526007,-1.7182027419044077
273,1571126400,675,111,0,786,42,-0.7916202220824547,-0.17508088995478077
273,1571140800,1064,242,0,1306,42,-0.7916202220824547,1.114988825501499
273,1571155200,648,455,0,1103,42,-0.7916202220824547,0.611365455813759
273,1571169600,589,934,345,1523,42,1.253045913028912,1.6533448413746004
273,1571184000,218,683,465,901,42,1.9642341339372138,0.11022298942497338
273,1571198400,35,167,132,202,42,-0.009313179083323068,-1.623928416544141
273,1571212800,616,116,0,732,42,-0.7916202220824547,-0.3090496680983175
273,1571227200,1043,226,0,1269,42,-0.7916202220824547,1.0231954034401867
273,1571241600,605,498,0,1103,42,-0.7916202220824547,0.611365455813759
273,1571256000,458,928,470,1386,42,1.9938669764750596,1.3134610894178496
273,1571270400,148,649,501,797,42,2.177590600209704,-0.14779095366628256
273,1571284800,22,150,128,172,42,-0.033019453113599787,-1.6983555155127725
273,1571299200,630,110,0,740,42,-0.7916202220824547,-0.28920244170668247
273,1571313600,983,220,0,1203,42,-0.7916202220824547,0.8594557857091973
273,1571328000,668,400,0,1068,42,-0.7916202220824547,0.5245338403503556
273,1571342400,568,946,378,1514,42,1.448622673778695,1.6310167116840109
273,1571356800,226,726,500,952,42,2.171664031702135,0.23674905767164697
273,1571371200,41,167,126,208,42,-0.04487259012873814,-1.6090429967504147
273,1571385600,616,106,0,722,42,-0.7916202220824547,-0.33385870108786136
273,1571400000,955,252,0,1207,42,-0.7916202220824547,0.8693793989050149
273,1571414400,675,405,0,1080,42,-0.7916202220824547,0.5543046799378082
273,1571428800,647,870,223,1517,42,0.5300045551054722,1.6384594215808739
273,1571443200,239,579,340,818,42,1.2234130704910662,-0.09569198438824049
273,1571457600,58,241,183,299,42,0.29294181480270504,-1.3832807965455658
273,1571472000,273,70,0,343,42,-0.7916202220824547,-1.2741210513915728
273,1571486400,593,176,0,769,42,-0.7916202220824547,-0.2172562460370053
273,1571500800,668,382,0,1050,42,-0.7916202220824547,0.4798775809691766
273,1571515200,525,544,19,1069,42,-0.6790154204386403,0.5270147436493099
273,1571529600,267,522,255,789,42,0.719654747347686,-0.1676381800579176
273,1571544000,62,247,185,309,42,0.30479495181784344,-1.358471763556022
273,1571558400,168,63,0,231,42,-0.7916202220824547,-1.551982220874464
273,1571572800,579,175,0,754,42,-0.7916202220824547,-0.2544697955213211
273,1571587200,607,396,0,1003,42,-0.7916202220824547,0.36327512591832056
273,1571601600,368,507,139,875,42,0.032172800469661186,0.045719503652159404
273,1571616000,148,409,261,557,42,0.755214158393101,-0.7432077454153347
273,1571630400,36,134,98,170,42,-0.21081650834067517,-1.7033173221106814
273,1571644800,629,96,0,725,42,-0.7916202220824547,-0.32641599119099823
273,1571659200,946,222,0,1168,42,-0.7916202220824547,0.7726241702457939
273,1571673600,637,465,0,1102,42,-0.7916202220824547,0.6088845525148046
273,1571688000,571,920,349,1491,42,1.2767521870591887,1.57395593580806
273,1571702400,193,599,406,792,43,1.6742380381684845,-0.1308923090503422
273,1571716800,31,156,125,187,43,-0.016329837127926662,-1.6635990247043502
273,1571731200,641,118,0,759,43,-0.768361810124551,-0.2144944935405608
273,1571745600,956,226,0,1182,43,-0.768361810124551,0.8571335076522415
273,1571760000,612,404,0,1016,43,-0.768361810124551,0.4365891856711418
273,1571774400,535,882,347,1417,43,1.319278946914078,1.4524823972037983
273,1571788800,191,658,467,849,43,2.0412296409908373,0.013511464160035428
273,1571803200,34,141,107,175,43,-0.12462244123944055,-1.6939998190644296
273,1571817600,659,113,0,772,43,-0.768361810124551,-0.18156029965047468
273,1571832000,1036,229,0,1265,43,-0.768361810124551,1.0674056686427913
273,1571846400,626,430,0,1056,43,-0.768361810124551,0.5379251668714068
273,1571860800,565,932,367,1497,43,1.4396040625935378,1.6551543596043283
273,1571875200,217,684,467,901,43,2.0412296409908373,0.14524823972037992
273,1571889600,43,161,118,204,43,-0.05844362761573762,-1.6205312326942376
273,1571904000,681,123,0,804,43,-0.768361810124551,-0.10049151469026268
273,1571918400,1036,232,0,1268,43,-0.768361810124551,1.0750058672328113
273,1571932800,630,422,0,1052,43,-0.768361810124551,0.5277915687513802
273,1571947200,585,829,244,1414,43,0.6996046011648597,1.4448821986137785
273,1571961600,223,769,546,992,43,2.5165138479247036,0.3757875969509828
273,1571976000,45,170,125,215,43,-0.016329837127926662,-1.5926638378641647
273,1571990400,611,101,0,712,43,-0.768361810124551,-0.3335642714508722
273,1572004800,933,223,0,1156,43,-0.768361810124551,0.7912651198720693
273,1572019200,582,451,0,1033,43,-0.768361810124551,0.4796569776812544
273,1572033600,581,878,297,1459,43,1.0184661577154281,1.5588851774640766
273,1572048000,315,632,317,947,43,1.1387912733948882,0.26178461810068465
273,1572062400,54,260,206,314,43,0.47098688137388584,-1.3418572843935088
273,1572076800,244,71,0,315,43,-0.768361810124551,-1.3393238848635023
273,1572091200,657,186,0,843,43,-0.768361810124551,-0.0016889330200043206
273,1572105600,640,367,0,1007,43,-0.768361810124551,0.41378858990108214
273,1572120000,486,537,51,1023,43,-0.4615327651419282,0.4543229823811882
273,1572134400,272,479,207,751,43,0.47700313715785886,-0.23476168978061382
273,1572148800,68,253,185,321,43,0.344645509910453,-1.3241234876834624
273,1572163200,157,70,0,227,43,-0.768361810124551,-1.5622630435040852
273,1572177600,438,146,0,584,43,-0.768361810124551,-0.6578394112917202
273,1572192000,489,317,0,806,43,-0.768361810124551,-0.09542471563024944
273,1572206400,430,438,8,868,43,-0.720231763852767,0.0616460552301613
273,1572220800,151,404,253,555,43,0.7537509032206166,-0.7313079976619122
273,1572235200,34,115,81,149,43,-0.2810450916227384,-1.7598682068446019
273,1572249600,599,132,0,731,43,-0.768361810124551,-0.2854296803807463
273,1572264000,956,237,0,1193,43,-0.768361810124551,0.8850009024823143
273,1572278400,624,443,0,1067,43,-0.768361810124551,0.5657925617014796
273,1572292800,558,998,440,1556,43,1.8787907348235664,1.8046249318747192
273,1572307200,185,620,435,805,44,1.7372502024020515,-0.16104934640104215
273,1572321600,39,141,102,180,44,-0.20555561204616593,-1.7029806554598255
273,1572336000,686,110,0,796,44,-0.8006492849402145,-0.18325315725148864
273,1572350400,986,227,0,1213,44,-0.8006492849402145,0.8455234121525316
273,1572364800,591,384,0,975,44,-0.8006492849402145,0.2583559696629469
273,1572379200,525,935,410,1460,44,1.5913939100260592,1.4548946654925627
273,1572393600,192,665,473,857,44,1.9589517668135599,-0.03276066148735139
273,1572408000,31,184,153,215,44,0.09199122440085837,-1.6166325021525336
273,1572422400,641,106,0,747,44,-0.8006492849402145,-0.30414057188169724
273,1572436800,1058,252,0,1310,44,-0.8006492849402145,1.0848311513184548
273,1572451200,642,488,0,1130,44,-0.8006492849402145,0.6407549343095251
273,1572465600,582,896,314,1478,44,1.0313057473022489,1.4993022871934556
273,1572480000,215,736,521,951,44,2.238995848175465,0.1991458073950896
273,1572494400,39,173,134,212,44,-0.01885955780489577,-1.6240337724360157
273,1572508800,575,93,0,668,44,-0.8006492849402145,-0.49904068934672746
273,1572523200,924,229,0,1153,44,-0.8006492849402145,0.6974980064828884
273,1572537600,651,430,0,1081,44,-0.8006492849402145,0.5198675196793165
273,1572552000,575,972,397,1547,44,1.5155486379905432,1.6695315037135454
273,1572566400,288,681,393,969,44,1.4922116312103844,0.24355342909598257
273,1572580800,61,226,165,287,44,0.16200224474133468,-1.4390020153489618
273,1572595200,601,111,0,712,44,-0.8006492849402145,-0.39048872518898914
273,1572609600,915,222,0,1137,44,-0.8006492849402145,0.6580245649709835
273,1572624000,688,474,0,1162,44,-0.8006492849402145,0.7197018173333348
273,1572638400,658,969,311,1627,44,1.0138029922171297,1.8668987112730697
273,1572652800,290,652,362,942,44,1.311349828664154,0.17694199654464315
273,1572667200,92,236,144,328,44,0.03948295914550115,-1.3378513214747056
273,1572681600,245,69,0,314,44,-0.8006492849402145,-1.3723905827976224
273,1572696000,657,193,0,850,44,-0.8006492849402145,-0.05003029214880976
273,1572710400,701,409,0,1110,44,-0.8006492849402145,0.5914131324196441
273,1572724800,597,536,0,1133,44,-0.8006492849402145,0.6481562045930073
273,1572739200,234,451,217,685,44,0.46538333288339867,-0.4571001577403286
273,1572750000,55,236,181,291,44,0.25535027186196974,-1.4291336549709857
273,1572764400,134,61,0,195,44,-0.8006492849402145,-1.6659743040424146
273,1572778800,524,150,0,674,44,-0.8006492849402145,-0.4842381487797631
273,1572793200,648,351,0,999,44,-0.8006492849402145,0.3175661319308042
273,1572807600,492,532,40,1024,44,-0.5672792171386268,0.3792433842931555
273,1572822000,214,493,279,707,44,0.8271069379758595,-0.4028241756614594
273,1572836400,40,195,155,235,44,0.10365972779093777,-1.5672907002626526
273,1572850800,336,113,0,449,44,-0.8006492849402145,-1.0393334200409252
273,1572865200,1095,235,0,1330,44,-0.8006492849402145,1.1341729532083358
273,1572879600,604,349,0,953,44,-0.8006492849402145,0.20407998758407772
273,1572894000,629,839,210,1468,44,0.42454357101812085,1.4746313862485152
273,1572908400,279,784,505,1063,44,2.1456478210548298,0.4754598979784236
273,1572922800,58,272,214,330,45,0.41017026591057054,-1.3892881605969705
273,1572937200,348,58,0,406,45,-0.7752349913255093,-1.1989779808430638
273,1572951600,1130,209,0,1339,45,-0.7752349913255093,1.1373298837673935
273,1572966000,613,342,0,955,45,-0.7752349913255093,0.1757626597476554
273,1572980400,607,745,138,1352,45,-0.010814778715327001,1.1698829408305618
273,1572994800,249,787,538,1036,45,2.2048959824736074,0.3785932460643189
273,1573009200,55,292,237,347,45,0.5375736346789343,-1.3467187782835965
273,1573023600,320,68,0,388,45,-0.7752349913255093,-1.2440514444689892
273,1573038000,1199,227,0,1426,45,-0.7752349913255093,1.3551849579593653
273,1573052400,691,368,0,1059,45,-0.7752349913255093,0.4361871162530011
273,1573066800,623,843,220,1466,45,0.44340592732840456,1.4553482104614215
273,1573081200,320,942,622,1262,45,2.6701952423232838,0.9445156227009356
273,1573095600,149,522,373,671,45,1.290915293483172,-0.5353964330169425
273,1573110000,381,88,0,469,45,-0.7752349913255093,-1.0412208581523257
273,1573124400,1175,205,0,1380,45,-0.7752349913255093,1.2399972175820009
273,1573138800,631,379,0,1010,45,-0.7752349913255093,0.31348713193798244
273,1573153200,607,896,289,1503,45,0.8256160336334958,1.5479992190258232
273,1573167600,343,910,567,1253,45,2.365535012659805,0.9219788908879729
273,1573182000,146,505,359,651,45,1.2133654168415593,-0.5854780592679706
273,1573196400,333,92,0,425,45,-0.7752349913255093,-1.1514004359045873
273,1573210800,1035,194,0,1229,45,-0.7752349913255093,0.8618809393867394
273,1573225200,634,351,0,985,45,-0.7752349913255093,0.25088509912419743
273,1573239600,643,792,149,1435,45,0.05011726721736869,1.377721689772328
273,1573254000,341,747,406,1088,45,1.4737114312812591,0.5088054743169917
273,1573268400,85,372,287,457,45,0.8145374798275511,-1.0712698339029425
273,1573282800,158,77,0,235,45,-0.7752349913255093,-1.6271758852893534
273,1573297200,623,153,0,776,45,-0.7752349913255093,-0.2724678951990454
273,1573311600,719,304,0,1023,45,-0.7752349913255093,0.3460401890011507
273,1573326000,611,566,0,1177,45,-0.7752349913255093,0.7316687111340665
273,1573340400,326,526,200,852,45,0.3326203892689578,-0.08215771544513895
273,1573354800,90,349,259,439,45,0.6594377265443256,-1.1163432975288676
273,1573369200,112,81,0,193,45,-0.7752349913255093,-1.7323473004165124
273,1573383600,489,116,0,605,45,-0.7752349913255093,-0.700665799645335
273,1573398000,616,285,0,901,45,-0.7752349913255093,0.04054226886987972
273,1573412400,500,521,21,1021,45,-0.6589101763630903,0.34103202637604785
273,1573426800,230,448,218,678,45,0.43232737352245987,-0.5178678638290828
273,1573441200,58,222,164,280,45,0.13320642076195374,-1.5144922262245404
273,1573455600,290,55,0,345,45,-0.7752349913255093,-1.3517269409086994
273,1573470000,980,208,0,1188,45,-0.7752349913255093,0.7592136055721319
273,1573484400,648,370,0,1018,45,-0.7752349913255093,0.33351978243839364
273,1573498800,617,801,184,1418,45,0.24399195882140046,1.3351523074589542
273,1573513200,329,762,433,1091,45,1.623271907661512,0.516317718254646
273,1573527600,131,458,327,589,46,1.075184261439223,-0.7958939940024523
273,1573542000,390,73,0,463,46,-0.8216147940015334,-1.0874536656251144
273,1573556400,1131,220,0,1351,46,-0.8216147940015334,0.9673478296203141
273,1573570800,609,383,0,992,46,-0.8216147940015334,0.1366341620605068
273,1573585200,626,819,193,1445,46,0.2979026913197693,1.1848606005134112
273,1573599600,290,766,476,1056,46,1.9394749625421979,0.2847279635196368
273,1573614000,109,532,423,641,46,1.6320426997337572,-0.6755677803169092
273,1573628400,374,62,0,436,46,-0.8216147940015334,-1.149930738115685
273,1573642800,1168,218,0,1386,46,-0.8216147940015334,1.0483366272932757
273,1573657200,1028,671,0,1699,46,-0.8216147940015334,1.7726078750543333
273,1573671600,620,931,311,1551,46,0.9823745217234674,1.4301409591800953
273,1573686000,293,576,283,869,46,0.819957477220895,-0.14798361261875864
273,1573700400,111,507,396,618,46,1.4754262639634192,-0.7287889902162841
273,1573714800,377,79,0,456,46,-0.8216147940015334,-1.1036514251597067
273,1573729200,1113,211,0,1324,46,-0.8216147940015334,0.9048707571297436
273,1573743600,1048,679,0,1727,46,-0.8216147940015334,1.8373989131927027
273,1573758000,754,926,172,1680,46,0.17608990794284002,1.7286425277461541
273,1573772400,342,770,428,1112,46,1.6610457433949308,0.41431003979637554
273,1573786800,121,522,401,643,46,1.5044293076245931,-0.6709398490213114
273,1573801200,367,94,0,461,46,-0.8216147940015334,-1.0920815969207123
273,1573815600,1139,198,0,1337,46,-0.8216147940015334,0.9349523105511294
273,1573830000,714,418,0,1132,46,-0.8216147940015334,0.46058935275235363
273,1573844400,665,903,238,1568,46,0.5589300842703321,1.4694783751926765
273,1573858800,351,684,333,1035,46,1.1099879138326314,0.23613468491585976
273,1573873200,87,393,306,480,46,0.9533714780622937,-1.0481162496125331
273,1573887600,150,62,0,212,46,-0.8216147940015334,-1.6682590432226398
273,1573902000,584,149,0,733,46,-0.8216147940015334,-0.46268294071940985
273,1573916400,692,299,0,991,46,-0.8216147940015334,0.1343201964127079
273,1573930800,584,518,0,1102,46,-0.8216147940015334,0.39117038331838644
273,1573945200,308,442,134,750,46,-0.04433322388207969,-0.42334552470682846
273,1573959600,100,373,273,473,46,0.7619513898985476,-1.0643140091471255
273,1573974000,109,67,0,176,46,-0.8216147940015334,-1.7515618065434004
273,1573988400,471,106,0,577,46,-0.8216147940015334,-0.8236615817760392
273,1574002800,653,307,0,960,46,-0.8216147940015334,0.0625872613309418
273,1574017200,520,466,0,986,46,-0.8216147940015334,0.12275036817371336
273,1574031600,223,490,267,713,46,0.7271477375051393,-0.5089622536753879
273,1574046000,54,224,170,278,46,0.16448869047837056,-1.515537310467912
273,1574060400,346,55,0,401,46,-0.8216147940015334,-1.2309195357886467
273,1574074800,1127,212,0,1339,46,-0.8216147940015334,0.9395802418467272
273,1574089200,585,357,0,942,46,-0.8216147940015334,0.020935879670561507
273,1574103600,570,828,258,1398,46,0.6749422589150267,1.0761042150668627
273,1574118000,271,831,560,1102,46,2.426726096049915,0.39117038331838644
273,1574132400,114,477,363,591,47,1.176901069903555,-0.824805400410304
273,1574146800,365,80,0,445,47,-0.8035662271990498,-1.1579218276852816
273,1574161200,1148,198,0,1346,47,-0.8035662271990498,0.8978172200870115
273,1574175600,594,374,0,968,47,-0.8035662271990498,0.03536510015590515
273,1574190000,601,881,280,1482,47,0.7240669496294058,1.208117453713018
273,1574204400,342,912,570,1254,47,2.3062584542017346,0.6879082385164776
273,1574218800,107,505,398,612,47,1.3678552170071119,-0.7768913937474649
273,1574233200,398,78,0,476,47,-0.8035662271990498,-1.0871916273734714
273,1574247600,1196,235,0,1431,47,-0.8035662271990498,1.0917548661032654
273,1574262000,1140,661,0,1801,47,-0.8035662271990498,1.935954031115195
273,1574276400,687,868,181,1555,47,0.18393950496505898,1.3746756673505067
273,1574290800,313,893,580,1206,47,2.360816781945608,0.5783905090014165
273,1574305200,117,498,381,615,47,1.2751060598425272,-0.7700465356527735
273,1574319600,350,77,0,427,47,-0.8035662271990498,-1.1989909762534297
273,1574334000,1160,216,0,1376,47,-0.8035662271990498,0.9662658010339247
273,1574348400,1094,697,0,1791,47,-0.8035662271990498,1.913137837466224
273,1574362800,741,901,160,1642,47,0.0693670167029248,1.573176552096555
273,1574377200,378,868,490,1246,47,1.8697918322507474,0.6696552835973008
273,1574391600,142,538,396,680,47,1.3569435514583372,-0.6217412769344616
273,1574406000,369,92,0,461,47,-0.8035662271990498,-1.1214159178469278
273,1574420400,1103,204,0,1307,47,-0.8035662271990498,0.8088340648560243
273,1574434800,720,423,0,1143,47,-0.8035662271990498,0.4346484890128988
273,1574449200,654,794,140,1448,47,-0.03974963878482201,1.1305423953065163
273,1574463600,362,723,361,1085,47,1.1659894043547803,0.3023145658488666
273,1574478000,87,351,264,438,47,0.6367736252392082,-1.1738931632395613
273,1574492400,163,86,0,249,47,-0.8035662271990498,-1.6051192232051146
273,1574506800,556,178,0,734,47,-0.8035662271990498,-0.4985338312300178
273,1574521200,703,354,0,1057,47,-0.8035662271990498,0.23842922363174765
273,1574535600,616,648,32,1264,47,-0.6289795784186548,0.7107244321654487
273,1574550000,361,527,166,888,47,0.10210201334924886,-0.14716444903586337
273,1574564400,119,431,312,550,47,0.8986535984098006,-0.9183517943710854
273,1574578800,91,89,0,180,47,-0.8035662271990498,-1.7625509593830149
273,1574593200,439,133,0,572,47,-0.8035662271990498,-0.8681561683433491
273,1574607600,560,307,0,867,47,-0.8035662271990498,-0.1950784556987026
273,1574622000,497,525,28,1022,47,-0.6508029095162042,0.1585725458603489
273,1574636400,225,495,270,720,47,0.6695086218855323,-0.5304765023385773
273,1574650800,50,229,179,279,47,0.17302783941628427,-1.5366706422582013
273,1574665200,354,68,0,422,47,-0.8035662271990498,-1.210399073077915
273,1574679600,1015,220,0,1235,47,-0.8035662271990498,0.6445574705834326
273,1574694000,589,380,0,969,47,-0.8035662271990498,0.03764671952080226
273,1574708400,576,754,178,1330,47,0.16757200664189695,0.8613113102486578
273,1574722800,192,649,457,841,47,1.689749350695965,-0.2544005591860274
273,1574737200,61,288,227,349,48,0.9124758257274391,-0.9089883836463667
273,1574751600,361,76,0,437,48,-0.7866539638204916,-0.7107338654145142
273,1574766000,1096,210,0,1306,48,-0.7866539638204916,1.2470295021250284
273,1574780400,576,327,0,903,48,-0.7866539638204916,0.3391139243132497
273,1574794800,610,815,205,1425,48,0.7478024540531903,1.5151236801885561
273,1574809200,249,760,511,1009,48,3.0382593509768325,0.5779205030925265
273,1574823600,59,265,206,324,48,0.7552876073111107,-0.9653106899622339
273,1574838000,346,74,0,420,48,-0.7866539638204916,-0.749033033709304
273,1574852400,975,217,0,1192,48,-0.7866539638204916,0.9901997853246742
273,1574866800,1080,1210,130,2290,48,0.18641595970916036,3.4638754787175605
273,1574881200,661,946,285,1607,48,1.3466147146868224,1.9251500701680693
273,1574895600,307,542,235,849,48,0.9723570517908023,0.21745774267097664
273,1574910000,71,256,185,327,48,0.5980993888947823,-0.9585520132043298
273,1574924400,149,64,0,213,48,-0.7866539638204916,-1.215381730004684
273,1574938800,371,117,0,488,48,-0.7866539638204916,-0.5958363605301452
273,1574953200,440,282,0,722,48,-0.7866539638204916,-0.06865957341362856
273,1574967600,359,334,0,693,48,-0.7866539638204916,-0.13399344874003447
273,1574982000,200,346,146,546,48,0.30617841183588673,-0.46516860987733344
273,1574996400,71,174,103,245,48,-0.01568317825469041,-1.1432891779203742
273,1575010800,181,41,0,222,48,-0.7866539638204916,-1.195105699730972
273,1575025200,558,144,0,702,48,-0.7866539638204916,-0.1137174184663223
273,1575039600,564,262,0,826,48,-0.7866539638204916,0.16564122086037886
273,1575054000,534,603,69,1137,48,-0.270178389023984,0.8662907114297664
273,1575068400,295,502,207,797,48,0.7627727605690311,0.10030734553397294
273,1575082800,63,323,260,386,48,1.1594858832388122,-0.8256313702988833
273,1575097200,138,72,0,210,48,-0.7866539638204916,-1.222140406762588
273,1575111600,455,133,0,588,48,-0.7866539638204916,-0.3705471352666766
273,1575126000,634,267,0,901,48,-0.7866539638204916,0.3346081398079804
273,1575140400,581,562,0,1143,48,-0.7866539638204916,0.8798080649455745
273,1575154800,298,556,258,854,48,1.1445155767229716,0.22872220393415008
273,1575169200,89,303,214,392,48,0.8151688333744739,-0.8121140167830752
273,1575183600,98,77,0,175,48,-0.7866539638204916,-1.3009916356048021
273,1575198000,454,131,0,585,48,-0.7866539638204916,-0.37730581202458063
273,1575212400,551,280,0,831,48,-0.7866539638204916,0.1769056821235523
273,1575226800,394,445,51,839,48,-0.4049111476665512,0.19492882014462978
273,1575241200,192,397,205,589,48,0.7478024540531903,-0.3682942430140419
273,1575255600,39,194,155,233,48,0.3735447911571704,-1.1703238849519904
273,1575270000,325,58,0,383,48,-0.7866539638204916,-0.8323900470567873
273,1575284400,1060,219,0,1279,48,-0.7866539638204916,1.186201411303892
273,1575298800,576,339,0,915,48,-0.7866539638204916,0.36614863134486597
273,1575313200,532,841,309,1373,48,1.5262583928769118,1.3979732830515526
273,1575327600,223,676,453,899,48,2.6041204620174496,0.330102355302711
273,1575342000,47,195,148,242,49,0.021449095156437236,-1.2841274323302867
273,1575356400,372,64,0,436,49,-0.8794129014139281,-0.9429218129392163
273,1575370800,1080,225,0,1305,49,-0.8794129014139281,0.5854683069104758
273,1575385200,598,322,0,920,49,-0.8794129014139281,-0.0916665563140713
273,1575399600,640,869,229,1509,49,0.5144884311172453,0.9442618448268593
273,1575414000,289,763,474,1052,49,2.005780249764134,0.14049396822005916
273,1575428400,49,307,258,356,49,0.691008687201979,-1.0836251611417196
273,1575442800,366,64,0,430,49,-0.8794129014139281,-0.953474564054404
273,1575457200,1115,215,0,1330,49,-0.8794129014139281,0.6294381032237581
273,1575471600,1096,1245,149,2341,49,0.027536000538669437,2.4075766661328935
273,1575486000,672,1004,332,1676,49,1.1414396854871618,1.237980084199585
273,1575500400,249,760,511,1009,49,2.230995748906725,0.06486591856121363
273,1575514800,60,318,258,378,49,0.691008687201979,-1.0449317403860312
273,1575529200,348,72,0,420,49,-0.8794129014139281,-0.971062482579717
273,1575543600,1207,211,0,1418,49,-0.8794129014139281,0.7842117862465118
273,1575558000,1100,1173,73,2273,49,-0.4350688085109776,2.287978820160766
273,1575572400,713,1017,304,1730,49,0.9710063347846601,1.3329548442362746
273,1575586800,213,659,446,872,49,1.8353468990616324,-0.17608856523557329
273,1575601200,69,335,266,404,49,0.7397039302598366,-0.9992031522202176
273,1575615600,336,68,0,404,49,-0.8794129014139281,-0.9992031522202176
273,1575630000,1084,230,0,1314,49,-0.8794129014139281,0.6012974335832575
273,1575644400,1093,1171,78,2264,49,-0.4046342815998166,2.272149693487984
273,1575658800,735,978,243,1713,49,0.5997051064684961,1.3030553827432427
273,1575673200,383,782,399,1165,49,1.549262346096719,0.3392374475560951
273,1575687600,95,401,306,496,49,0.9831801455491246,-0.8373943017873388
273,1575702000,146,116,0,262,49,-0.8794129014139281,-1.248951595279661
273,1575716400,601,156,0,757,49,-0.8794129014139281,-0.3783496282766718
273,1575730800,732,324,0,1056,49,-0.8794129014139281,0.14752913563018433
273,1575745200,616,566,0,1182,49,-0.8794129014139281,0.369136909049127
273,1575759600,341,518,177,859,49,0.197969351241171,-0.19895285931848006
273,1575774000,122,353,231,475,49,0.5266622418817097,-0.8743289306904959
273,1575788400,110,85,0,195,49,-0.8794129014139281,-1.3667906493992574
273,1575802800,516,111,0,627,49,-0.8794129014139281,-0.6069925691057396
273,1575817200,700,312,0,1012,49,-0.8794129014139281,0.0701422941188075
273,1575831600,540,497,0,1037,49,-0.8794129014139281,0.11411209043208978
273,1575846000,221,478,257,699,49,0.6849217818197468,-0.48035955572348665
273,1575860400,46,195,149,241,49,0.027536000538669437,-1.2858862241828182
273,1575874800,314,51,0,365,49,-0.8794129014139281,-1.067796034468938
273,1575889200,1054,215,0,1269,49,-0.8794129014139281,0.5221518002193494
273,1575903600,622,346,0,968,49,-0.8794129014139281,-0.007244547392569319
273,1575918000,531,816,285,1347,49,0.8553551325222484,0.6593375647167901
273,1575932400,263,758,495,1021,49,2.13360526279101,0.08597142079158912
273,1575946800,130,246,116,376,50,-0.043211616168558016,-1.2220476272701255
273,1575961200,345,64,0,409,50,-0.7426368453154502,-1.1394252852507891
273,1575975600,1132,223,0,1355,50,-0.7426368453154502,1.2290818526368512
273,1575990000,606,380,0,986,50,-0.7426368453154502,0.30521384642063626
273,1576004400,653,808,155,1461,50,0.1919399694928971,1.494474830032295
273,1576018800,277,813,536,1090,50,2.4891900755701895,0.5655994091482416
273,1576033200,52,282,230,334,50,0.6441545573033877,-1.3272033352947352
273,1576047600,333,67,0,400,50,-0.7426368453154502,-1.1619586512560627
273,1576062000,1129,224,0,1353,50,-0.7426368453154502,1.2240744379690127
273,1576076400,664,333,0,997,50,-0.7426368453154502,0.33275462709374837
273,1576090800,621,695,74,1316,50,-0.29645178534243277,1.1314372666139991
273,1576105200,277,738,461,1015,50,2.036975487759699,0.37782135910429543
273,1576119600,59,335,276,394,50,0.9215128378271552,-1.1769808952595784
273,1576134000,331,68,0,399,50,-0.7426368453154502,-1.164462358589982
273,1576148400,1133,206,0,1339,50,-0.7426368453154502,1.1890225352941426
273,1576162800,646,312,0,958,50,-0.7426368453154502,0.2351100410708964
273,1576177200,610,709,99,1319,50,-0.14571358940560256,1.138948388615757
273,1576191600,296,851,555,1147,50,2.60375110448218,0.7083107271816406
273,1576206000,82,338,256,420,50,0.800922281077691,-1.111884504577677
273,1576220400,315,64,0,379,50,-0.7426368453154502,-1.2145365052683676
273,1576234800,1078,212,0,1290,50,-0.7426368453154502,1.0663408759320978
273,1576249200,619,375,0,994,50,-0.7426368453154502,0.3252435050919905
273,1576263600,629,842,213,1471,50,0.5416525840663432,1.519511903371488
273,1576278000,286,671,385,957,50,1.5787313721117349,0.23260633373697712
273,1576292400,73,401,328,474,50,1.235048285375762,-0.9766843085460359
273,1576306800,119,68,0,187,50,-0.7426368453154502,-1.6952483133808698
273,1576321200,612,160,0,772,50,-0.7426368453154502,-0.23057952303808998
273,1576335600,813,338,0,1151,50,-0.7426368453154502,0.7183255565173178
273,1576350000,702,485,0,1187,50,-0.7426368453154502,0.8084590205384119
273,1576364400,356,538,182,894,50,0.3547372211046737,0.07487277170006237
273,1576378800,127,406,279,533,50,0.9396014213395748,-0.8289655758447982
273,1576393200,107,66,0,173,50,-0.7426368453154502,-1.7303002160557397
273,1576407600,506,115,0,621,50,-0.7426368453154502,-0.6086393304599015
273,1576422000,694,298,0,992,50,-0.7426368453154502,0.32023609042415196
273,1576436400,518,527,9,1045,50,-0.6883710947781913,0.4529325791218739
273,1576450800,235,535,300,770,50,1.066221505926512,-0.23558693770592853
273,1576465200,66,200,134,266,50,0.06531988490595972,-1.4974554340012465
273,1576479600,302,58,0,360,50,-0.7426368453154502,-1.262106944612834
273,1576494000,1095,211,0,1306,50,-0.7426368453154502,1.1064001932748064
273,1576508400,644,361,0,1005,50,-0.7426368453154502,0.3527842857651026
273,1576522800,631,772,141,1403,50,0.10752657976827218,1.3492598046649766
273,1576537200,275,719,444,994,50,1.9344735145226541,0.3252435050919905
273,1576551600,207,531,324,738,51,1.418650243667701,-0.2485184071864326
273,1576566000,344,302,0,646,51,-0.8010798374901783,-0.49633134276536806
273,1576580400,1039,213,0,1252,51,-0.8010798374901783,1.13600168941762
273,1576594800,602,298,0,900,51,-0.8010798374901783,0.1878478489416929
273,1576609200,592,798,206,1390,51,0.6102300289250167,1.5077210927860232
273,1576623600,273,773,500,1046,51,2.624429547012722,0.5811162032300036
273,1576638000,61,308,247,369,51,0.8911217984542544,-1.2424637683671629
273,1576652400,339,54,0,393,51,-0.8010798374901783,-1.1778169156074405
273,1576666800,1090,221,0,1311,51,-0.8010798374901783,1.2949252024519373
273,1576681200,653,366,0,1019,51,-0.8010798374901783,0.5083884938753159
273,1576695600,600,779,179,1379,51,0.42525252216186005,1.4780912852711503
273,1576710000,276,724,448,1000,51,2.26817657102442,0.45720973544053584
273,1576724400,67,299,232,366,51,0.7883565169191675,-1.2505446249621281
273,1576738800,341,106,0,447,51,-0.8010798374901783,-1.0323614968980654
273,1576753200,1062,234,0,1296,51,-0.8010798374901783,1.2545209194771108
273,1576767600,616,338,0,954,51,-0.8010798374901783,0.3333032676510681
273,1576782000,636,817,181,1453,51,0.4389545596998716,1.677419081280294
273,1576796400,291,712,421,1003,51,2.083199064261264,0.4652905920355011
273,1576810800,79,273,194,352,51,0.5280178036969471,-1.288255289071966
273,1576825200,298,72,0,370,51,-0.8010798374901783,-1.2397701495021745
273,1576839600,968,215,0,1183,51,-0.8010798374901783,0.9501419877334183
273,1576854000,648,377,0,1025,51,-0.8010798374901783,0.5245502070652466
273,1576868400,679,788,109,1467,51,-0.05431879166854601,1.7151297453901322
273,1576882800,365,668,303,1033,51,1.2747788495185792,0.546099157985154
273,1576897200,107,363,256,470,51,0.9527809673753066,-0.9704082630033315
273,1576911600,144,70,0,214,51,-0.8010798374901783,-1.6599746924403693
273,1576926000,533,137,0,670,51,-0.8010798374901783,-0.43168449000564574
273,1576940400,637,296,0,933,51,-0.8010798374901783,0.27673727148631105
273,1576954800,590,492,0,1082,51,-0.8010798374901783,0.678086482369587
273,1576969200,306,486,180,792,51,0.43210354093086584,-0.10306298847705742
273,1576983600,87,337,250,424,51,0.9116748547612719,-1.0943147307927992
273,1576998000,116,63,0,179,51,-0.8010798374901783,-1.7542513527149644
273,1577012400,435,114,0,549,51,-0.8010798374901783,-0.7576123726692456
273,1577026800,583,261,0,844,51,-0.8010798374901783,0.03700519250234089
273,1577041200,534,417,0,951,51,-0.8010798374901783,0.3252224110561028
273,1577055600,220,478,258,698,51,0.9664830049133182,-0.35626316178596973
273,1577070000,58,209,151,267,51,0.23342399662969762,-1.5172128925959827
273,1577084400,261,51,0,312,51,-0.8010798374901783,-1.3960000436715034
273,1577098800,781,181,0,962,51,-0.8010798374901783,0.3548522185709755
273,1577113200,678,344,0,1022,51,-0.8010798374901783,0.5164693504702812
273,1577127600,553,713,160,1266,51,0.2950831655507498,1.1737123535274578
273,1577142000,266,578,312,844,51,1.3364380184396314,0.03700519250234089
273,1577156400,58,251,193,309,52,1.496343311763136,-0.8356427813567834
273,1577168906,188,28,0,216,52,-0.7726247835408021,-1.10974964741978
273,1577170800,53,58,5,111,52,-0.7138432266676431,-1.4192251413618733
273,1577185200,658,181,0,839,52,-0.7726247835408021,0.7264716166366394
273,1577199600,567,375,0,942,52,-0.7726247835408021,1.0300523392655498
273,1577214000,454,622,168,1076,52,1.2024355273973408,1.4250020172487925
273,1577228400,237,349,112,586,52,0.5440820904179599,-0.019216954480975636
273,1577242800,59,189,130,248,52,0.7556956951613323,-1.0154333064088565
273,1577257200,91,43,0,134,52,-0.7726247835408021,-1.351435271260272
273,1577271600,230,95,0,325,52,-0.7726247835408021,-0.7884846108513215
273,1577286000,349,166,0,515,52,-0.7726247835408021,-0.22848133609896246
273,1577300400,352,262,0,614,52,-0.7726247835408021,0.06330984390358255
273,1577314800,194,285,91,479,52,0.297199551550692,-0.33458721973625155
273,1577329200,49,125,76,174,52,0.12085488093121495,-1.2335398449966175
273,1577343600,239,46,0,285,52,-0.7726247835408021,-0.9063800371149761
273,1577358000,648,164,0,812,52,-0.7726247835408021,0.6468922039086725
273,1577372400,493,240,0,733,52,-0.7726247835408021,0.4140487370379548
273,1577386800,516,634,118,1150,52,0.6146199586657507,1.6431085558365535
273,1577401200,237,517,280,754,52,2.5191424013561026,0.47594383582637345
273,1577415600,49,226,177,275,52,1.308242329769027,-0.9358538936808897
273,1577430000,236,60,0,296,52,-0.7726247835408021,-0.8739587948924711
273,1577444400,714,192,0,906,52,-0.7726247835408021,0.9239464556282607
273,1577458800,586,325,0,911,52,-0.7726247835408021,0.9386833839112175
273,1577473200,601,666,65,1267,52,-0.008464544189734885,1.987952677657743
273,1577487600,314,542,228,856,52,1.907814209875249,0.7765771727986925
