remote_unit_id,time_stamp,entries,exits,num_people_exited,sum_exit_entry,week_num,z_score_num_people_exited,z_score_sum_exit_entry
203,1546311600,138,120,0,258,1,-0.4055126866629853,-0.4514190272665843
203,1546326000,34,31,0,65,1,-0.4055126866629853,-0.7513782563036309
203,1546340400,52,89,37,141,1,-0.24733831038932083,-0.6332595961646903
203,1546354800,200,220,20,420,1,-0.32001302381235586,-0.19963977802305288
203,1546369200,288,292,4,580,1,-0.3884127540928594,0.049031085427348464
203,1546383600,131,120,0,251,1,-0.4055126866629853,-0.46229837754253933
203,1546398000,47,21,0,68,1,-0.4055126866629853,-0.7467156776139359
203,1546412400,28,91,63,119,1,-0.1361887486835026,-0.6674518398891204
203,1546426800,419,1309,890,1728,1,3.399222310190024,1.8332445306839782
203,1546441200,460,501,41,961,1,-0.23023837781919496,0.6411785790186166
203,1546455600,950,573,0,1523,1,-0.4055126866629853,1.5146349868881515
203,1546470000,456,201,0,657,1,-0.4055126866629853,0.1687039384628541
203,1546484400,67,34,0,101,1,-0.4055126866629853,-0.6954273120272906
203,1546498800,38,98,60,136,1,-0.14901369811109702,-0.6410305606475153
203,1546513200,513,1307,794,1820,1,2.9888239285070024,1.976230277167959
203,1546527600,498,619,121,1117,1,0.11176027358332273,0.883632670882758
203,1546542000,954,577,0,1531,1,-0.4055126866629853,1.5270685300606714
203,1546556400,511,236,0,747,1,-0.4055126866629853,0.30858129915370486
203,1546570800,100,34,0,134,1,-0.4055126866629853,-0.6441389464406453
203,1546585200,32,88,56,120,1,-0.1661136306812229,-0.6658976469925554
203,1546599600,533,1251,718,1784,1,2.663925209674611,1.9202793328916186
203,1546614000,478,615,137,1093,1,0.18016000386382627,0.8463320413651978
203,1546628400,936,600,0,1536,1,-0.4055126866629853,1.5348394945434964
203,1546642800,368,278,0,646,1,-0.4055126866629853,0.15160781660063902
203,1546657200,1,1,0,2,1,-0.4055126866629853,-0.8492924087872264
203,1546671600,0,1,1,1,1,-0.4012377035204538,-0.8508466016837914
203,1546686000,0,24,24,24,1,-0.30291309124223,-0.8151001650627963
203,1546700400,0,17,17,17,1,-0.3328379732399503,-0.8259795153387512
203,1546714800,0,1,1,1,1,-0.4012377035204538,-0.8508466016837914
203,1546729200,1,3,2,4,1,-0.39696272037792235,-0.8461840229940965
203,1546743600,1,0,0,1,1,-0.4055126866629853,-0.8508466016837914
203,1546758000,0,1,1,1,1,-0.4012377035204538,-0.8508466016837914
203,1546772400,2,16,14,18,1,-0.34566292266754467,-0.8244253224421862
203,1546786800,0,5,5,5,1,-0.3841377709503279,-0.8446298300975315
203,1546801200,0,13,13,13,1,-0.34993790581007617,-0.8321962869250114
203,1546815600,0,1,1,1,1,-0.4012377035204538,-0.8508466016837914
203,1546830000,0,0,0,0,1,-0.4055126866629853,-0.8524007945803564
203,1546844400,26,110,84,136,1,-0.046414102690341706,-0.6410305606475153
203,1546858800,615,1439,824,2054,1,3.117073422782947,2.339911414964171
203,1546873200,489,545,56,1034,1,-0.1661136306812229,0.7546346604678623
203,1546887600,948,532,0,1480,1,-0.4055126866629853,1.447804692335856
203,1546902000,505,202,0,707,1,-0.4055126866629853,0.24641358329110455
203,1546916400,76,25,0,101,2,-0.48608389886835096,-0.9788139113378973
203,1546930800,37,123,86,160,2,-0.16162782666552153,-0.8915122926395814
203,1546933919,83,150,67,233,2,-0.23330998215219315,-0.7834950356060719
203,1546945200,531,1279,748,1810,2,2.3359293802911423,1.549973654008235
203,1546945687,11,31,20,42,2,-0.41062899835606503,-1.066115530036213
203,1546959600,432,599,167,1031,2,0.1439645204092364,0.39729634949996284
203,1546974000,1004,596,0,1600,2,-0.48608389886835096,1.239239078980331
203,1546988400,512,207,0,719,2,-0.48608389886835096,-0.06436644768435153
203,1547002800,108,32,0,140,2,-0.48608389886835096,-0.921106061689858
203,1547017200,43,114,71,157,2,-0.218219002049736,-0.8959513579971229
203,1547031600,610,1453,843,2063,2,2.6943401577245,1.9243348324942333
203,1547046000,486,584,98,1070,2,-0.11635488635814999,0.4550041991480021
203,1547060400,1014,621,0,1635,2,-0.48608389886835096,1.291028174818315
203,1547074800,522,233,0,755,2,-0.48608389886835096,-0.01109766339385371
203,1547089200,90,23,0,113,2,-0.48608389886835096,-0.9610576499077313
203,1547103600,38,108,70,146,2,-0.22199174707535027,-0.9122279309747751
203,1547118000,649,1582,933,2231,2,3.033887210029787,2.1729224925165567
203,1547132400,494,647,153,1141,2,0.09114609005063627,0.5600620792764839
203,1547146800,1060,667,0,1727,2,-0.48608389886835096,1.4271595124495873
203,1547161200,493,237,0,730,2,-0.48608389886835096,-0.04808987470669941
203,1547175600,106,23,0,129,2,-0.48608389886835096,-0.93738263466751
203,1547190000,33,109,76,142,2,-0.1993552769216645,-0.9181466847848303
203,1547204400,584,1480,896,2064,2,2.894295644082058,1.9258145209467472
203,1547218800,492,551,59,1043,2,-0.26349194235710754,0.4150526109301288
203,1547233200,1036,601,0,1637,2,-0.48608389886835096,1.2939875517233426
203,1547247600,470,315,0,785,2,-0.48608389886835096,0.03329299018156113
203,1547262000,158,60,0,218,2,-0.48608389886835096,-0.8056903623937793
203,1547276400,32,31,0,63,2,-0.48608389886835096,-1.0350420725334228
203,1547290800,122,223,101,345,2,-0.10503665128130711,-0.6177699289245232
203,1547305200,280,405,125,685,2,-0.014490770666564009,-0.11467585506982167
203,1547319600,407,404,0,811,2,-0.48608389886835096,0.07176488994692067
203,1547334000,251,217,0,468,2,-0.48608389886835096,-0.43576824926532237
203,1547348400,113,52,0,165,2,-0.48608389886835096,-0.8841138503770123
203,1547362800,27,29,2,56,2,-0.4785384088171224,-1.0453998917010194
203,1547377200,77,140,63,217,2,-0.24840096225465033,-0.8071700508462932
203,1547391600,264,344,80,608,2,-0.1842642968192073,-0.22861186591338645
203,1547406000,309,249,0,558,2,-0.48608389886835096,-0.30259628853907783
203,1547420400,194,91,0,285,2,-0.48608389886835096,-0.7065512360753529
203,1547434800,51,16,0,67,2,-0.48608389886835096,-1.0291233187233675
203,1547449200,30,96,66,126,2,-0.23708272717780746,-0.9418217000250516
203,1547463600,623,1482,859,2105,2,2.754704078134329,1.9864817474998142
203,1547478000,480,566,86,1046,2,-0.16162782666552153,0.41949167628767026
203,1547492400,1045,548,0,1593,2,-0.48608389886835096,1.2288812598127343
203,1547506800,509,221,0,730,2,-0.48608389886835096,-0.04808987470669941
203,1547521200,87,37,0,124,3,-0.4715705329904278,-0.9161288781967855
203,1547535600,36,95,59,131,3,-0.2219866413308208,-0.9055788629132032
203,1547550000,642,1532,890,2174,3,3.293339019162966,2.173518454852303
203,1547564400,501,590,89,1091,3,-0.09507957777508841,0.5412803759780772
203,1547578800,1037,603,0,1640,3,-0.4715705329904278,1.3687030032190282
203,1547593200,550,218,0,768,3,-0.4715705329904278,0.05447252789278179
203,1547607600,77,37,0,114,3,-0.4715705329904278,-0.931200328601903
203,1547622000,37,109,72,146,3,-0.1669935804566701,-0.882971687305527
203,1547636400,707,1591,884,2298,3,3.2679576064518194,2.36040443987576
203,1547650800,532,644,112,1176,3,0.002215837617639749,0.669387704421576
203,1547665200,1035,589,0,1624,3,-0.4715705329904278,1.3445886825708402
203,1547679600,516,253,0,769,3,-0.4715705329904278,0.05597967293329354
203,1547694000,61,20,0,81,3,-0.4715705329904278,-0.9809361149387907
203,1547708400,48,110,62,158,3,-0.20929593497524754,-0.864885946819386
203,1547722800,693,1504,811,2197,3,2.959150418466204,2.208182790784073
203,1547737200,517,611,94,1128,3,-0.07392840051579967,0.597044742477012
203,1547751600,1088,661,0,1749,3,-0.4715705329904278,1.532981812634809
203,1547766000,555,249,0,804,3,-0.4715705329904278,0.1087297493512048
203,1547780400,103,38,0,141,3,-0.4715705329904278,-0.8905074125080857
203,1547794800,39,99,60,138,3,-0.21775640587896303,-0.895028847629621
203,1547809200,580,1170,590,1750,3,2.024268383605642,1.5344889576753207
203,1547823600,535,597,62,1132,3,-0.20929593497524754,0.603073322639059
203,1547838000,1086,649,0,1735,3,-0.4715705329904278,1.5118817820676445
203,1547852400,469,291,0,760,3,-0.4715705329904278,0.04241536756868779
203,1547866800,134,52,0,186,3,-0.4715705329904278,-0.822685885685057
203,1547881200,27,24,0,51,3,-0.4715705329904278,-1.0261504661541434
203,1547895600,102,238,136,340,3,0.10374148846222565,-0.5905855494462474
203,1547910000,313,337,24,650,3,-0.3700448821458419,-0.12337058688760477
203,1547924400,388,352,0,740,3,-0.4715705329904278,0.012272466758452776
203,1547938800,226,168,0,394,3,-0.4715705329904278,-0.5091997172586129
203,1547953200,58,48,0,106,3,-0.4715705329904278,-0.943257488925997
203,1547967600,19,20,1,39,3,-0.46734029753857004,-1.0442362066402844
203,1547982000,54,118,64,172,3,-0.20083546407153205,-0.8437859162522214
203,1547996400,193,264,71,457,3,-0.17122381590852784,-0.4142495797063726
203,1548010800,302,244,0,546,3,-0.4715705329904278,-0.2801136711008268
203,1548025200,188,89,0,277,3,-0.4715705329904278,-0.6855356869984877
203,1548039600,41,23,0,64,3,-0.4715705329904278,-1.0065575806274905
203,1548054000,19,72,53,91,3,-0.24736805404196727,-0.9658646645336733
203,1548068400,186,632,446,818,3,1.4151144785381269,0.1298297799183693
203,1548082800,308,410,102,718,3,-0.04008651690093771,-0.020884724132805736
203,1548097200,489,394,0,883,3,-0.4715705329904278,0.2277942075516331
203,1548111600,261,117,0,378,3,-0.4715705329904278,-0.5333140379068009
203,1548126000,43,19,0,62,4,-0.5195401396633591,-1.091011006749187
203,1548140400,42,114,72,156,4,-0.216533508546291,-0.9527034752125402
203,1548154800,653,1497,844,2150,4,3.0323709250978275,1.981181821426541
203,1548169200,479,635,156,1114,4,0.13697422775695506,0.4568562610864768
203,1548183600,1018,537,0,1555,4,-0.5195401396633591,1.1057245739339365
203,1548198000,518,211,0,729,4,-0.5195401396633591,-0.10961607552638493
203,1548212400,75,24,0,99,4,-0.5195401396633591,-1.0365708081656133
203,1548226800,48,119,71,167,4,-0.2207419339784725,-0.9365185513093156
203,1548241200,667,1393,726,2060,4,2.5357767241004106,1.8487597167637941
203,1548255600,502,635,133,1137,4,0.040180442816780536,0.490697465611401
203,1548270000,1094,629,0,1723,4,-0.5195401396633591,1.3529125026377309
203,1548284400,545,219,0,764,4,-0.5195401396633591,-0.05811859037976114
203,1548298800,102,29,0,131,4,-0.5195401396633591,-0.9894873931744144
203,1548313200,39,118,79,157,4,-0.1870745305210205,-0.9512321184940652
203,1548327600,676,1354,678,2030,4,2.3337723033556985,1.8046190152095452
203,1548342000,449,614,165,1063,4,0.17485005664658856,0.38181706844425356
203,1548356400,950,564,0,1514,4,-0.5195401396633591,1.045398948476463
203,1548370800,541,237,0,778,4,-0.5195401396633591,-0.03751959632111162
203,1548385200,144,34,0,178,4,-0.5195401396633591,-0.9203336274060909
203,1548399600,39,96,57,135,4,-0.27965989002901354,-0.9836019663005144
203,1548414000,689,1369,680,2058,4,2.3421891542200615,1.8458170033268442
203,1548428400,558,588,30,1146,4,-0.393287376697914,0.5039396760776756
203,1548442800,1070,604,0,1674,4,-0.5195401396633591,1.2808160234324575
203,1548457200,537,327,0,864,4,-0.5195401396633591,0.08901708146773542
203,1548471600,146,68,0,214,4,-0.5195401396633591,-0.8673647855409922
203,1548486000,36,32,0,68,4,-0.5195401396633591,-1.082182866438337
203,1548500400,107,254,147,361,4,0.09909839886732154,-0.6510753479251723
203,1548514800,298,395,97,693,4,-0.1113228727417535,-0.1625849173914837
203,1548529200,431,442,11,873,4,-0.47324745990936257,0.10225929193401011
203,1548543600,238,167,0,405,4,-0.5195401396633591,-0.5863356523122738
203,1548558000,88,65,0,153,4,-0.5195401396633591,-0.9571175453679651
203,1548572400,24,23,0,47,4,-0.5195401396633591,-1.1130813575263114
203,1548586800,68,152,84,220,4,-0.166032403360113,-0.8585366452301424
203,1548601200,233,341,108,574,4,-0.06503019298775699,-0.3376763668900046
203,1548615600,369,288,0,657,4,-0.5195401396633591,-0.21555375925658246
203,1548630000,188,117,0,305,4,-0.5195401396633591,-0.7334713241597703
203,1548644400,42,21,0,63,4,-0.5195401396633591,-1.089539650030712
203,1548658800,45,113,68,158,4,-0.233367210275017,-0.9497607617755902
203,1548673200,603,1429,826,2032,4,2.9566192673185605,1.8075617286464951
203,1548687600,446,599,153,1045,4,0.12434895146041054,0.3553326475117042
203,1548702000,1056,652,0,1708,4,-0.5195401396633591,1.3308421518606064
203,1548716400,505,222,0,727,4,-0.5195401396633591,-0.11255878896333486
203,1548730800,73,33,0,106,5,-0.5730284100611315,-1.0155809679101804
203,1548745200,50,119,69,169,5,-0.27390285075136617,-0.9217162558854064
203,1548759600,663,1504,841,2167,5,3.0728352910912253,2.0551360397574245
203,1548774000,504,628,124,1132,5,-0.03546943391024888,0.513072913636138
203,1548788400,1015,594,0,1609,5,-0.5730284100611315,1.2237628761094266
203,1548802800,509,199,0,708,5,-0.5730284100611315,-0.11865149745122938
203,1548817200,69,50,0,119,5,-0.5730284100611315,-0.9962120590796715
203,1548831600,36,125,89,161,5,-0.18719979008186896,-0.9336355843964889
203,1548842666,574,1270,696,1844,5,2.444238101237371,1.5738931511224723
203,1548846000,97,278,181,375,5,0.21163428899781814,-0.6147935467250345
203,1548847699,46,71,25,117,5,-0.46464958422426,-0.999191891207442
203,1548860400,458,502,44,960,5,-0.38228167658823764,0.25680735064786636
203,1548874800,1060,638,0,1698,5,-0.5730284100611315,1.3563654057952184
203,1548889200,533,195,0,728,5,-0.5730284100611315,-0.08885317617352337
203,1548903600,81,21,0,102,5,-0.5730284100611315,-1.0215406321657217
203,1548918000,54,78,24,132,5,-0.4689847372577349,-0.9768431502491626
203,1548932400,644,1303,659,1947,5,2.283837438998801,1.7273545057026582
203,1548946800,461,574,113,1035,5,-0.08315611727847233,0.3685510554392639
203,1548961200,922,554,0,1476,5,-0.5730284100611315,1.0256040396126815
203,1548975600,516,234,0,750,5,-0.5730284100611315,-0.05607502276804675
203,1548990000,88,29,0,117,5,-0.5730284100611315,-0.999191891207442
203,1549004400,36,83,47,119,5,-0.3692762174878131,-0.9962120590796715
203,1549018800,660,1320,660,1980,5,2.288172592032276,1.7765217358108731
203,1549033200,592,551,0,1143,5,-0.5730284100611315,0.5294619903388764
203,1549047600,1017,616,0,1633,5,-0.5730284100611315,1.2595208616426736
203,1549062000,455,275,0,730,5,-0.5730284100611315,-0.08587334404575277
203,1549076400,125,68,0,193,5,-0.5730284100611315,-0.8859582703521592
203,1549090800,21,50,29,71,5,-0.4473089720903606,-1.0677280301461658
203,1549105200,112,447,335,559,5,0.8792478561529465,-0.3406489909701392
203,1549119600,284,585,301,869,5,0.7318526530148013,0.12122498883430402
203,1549134000,405,510,105,915,5,-0.11783734154627121,0.18976112777302787
203,1549148400,246,260,14,506,5,-0.5123362675924834,-0.4196145423560601
203,1549162800,85,70,0,155,5,-0.5730284100611315,-0.9425750807798007
203,1549177200,25,26,1,51,5,-0.5686932570276566,-1.097526351423872
203,1549191600,68,242,174,310,5,0.1812882177634941,-0.711638090877579
203,1549206000,269,441,172,710,5,0.1726179116965444,-0.11567166532345878
203,1549220400,343,432,89,775,5,-0.18719979008186896,-0.01882712117091424
203,1549234800,193,144,0,337,5,-0.5730284100611315,-0.6714103571526759
203,1549249200,42,30,0,72,5,-0.5730284100611315,-1.0662381140822805
203,1549263600,40,96,56,136,5,-0.33025984018653937,-0.9708834859936214
203,1549278000,631,1443,812,2074,5,2.9471158531204544,1.9165738458160915
203,1549292400,419,575,156,994,5,0.10325546316094664,0.3074644968199666
203,1549306800,1506,642,0,2148,5,-0.5730284100611315,2.026827634543604
203,1549321200,500,224,0,724,5,-0.5730284100611315,-0.09481284042906457
203,1549335600,94,48,0,142,6,-0.602643487117444,-1.0471780305748977
203,1549350000,42,96,54,138,6,-0.36307180810927675,-1.0530035891899079
203,1549364400,703,1558,855,2261,6,3.1905747638452038,2.038911645726705
203,1549378800,550,701,151,1251,6,0.06726991159057923,0.5679580954366538
203,1549393200,1056,747,0,1803,6,-0.602643487117444,1.3718851843080482
203,1549407600,559,216,0,775,6,-0.602643487117444,-0.1252833797495487
203,1549422000,92,28,0,120,6,-0.602643487117444,-1.0792186029574533
203,1549436400,46,122,76,168,6,-0.2654685314763197,-1.009311899577332
203,1549450800,734,1452,718,2186,6,2.582772541176335,1.9296824216952657
203,1549465200,555,664,109,1219,6,-0.11906361652688419,0.5213536265165729
203,1549479600,1130,657,0,1787,6,-0.602643487117444,1.3485829498480078
203,1549494000,562,234,0,796,6,-0.602643487117444,-0.09469919702074564
203,1549508400,84,24,0,108,6,-0.602643487117444,-1.0966952788024837
203,1549522800,42,108,66,150,6,-0.3098336572185729,-1.0355269133448775
203,1549526905,134,227,93,361,6,-0.19004781771448928,-0.7282286964030945
203,1549537200,580,1237,657,1817,6,2.3121452741485906,1.3922746394605836
203,1549551600,558,716,158,1274,6,0.09832549961015645,0.6014550574729619
203,1549566000,1065,719,0,1784,6,-0.602643487117444,1.3442137808867503
203,1549580400,598,248,0,846,6,-0.602643487117444,-0.02187971433311934
203,1549594800,99,49,0,148,6,-0.602643487117444,-1.0384396926523827
203,1549609200,54,109,55,163,6,-0.3586352955350514,-1.0165938478460947
203,1549623600,678,1035,357,1713,6,0.981191501880995,1.2408101154703208
203,1549638000,565,663,98,1228,6,-0.1678652548433627,0.5344611334003456
203,1549652400,1050,656,0,1706,6,-0.602643487117444,1.2306153878940531
203,1549666800,499,351,0,850,6,-0.602643487117444,-0.016054155718109236
203,1549681200,158,99,0,257,6,-0.602643487117444,-0.8796932203933573
203,1549695600,38,42,4,80,6,-0.5848974368205427,-1.1374741891075544
203,1549710000,112,432,320,544,6,0.8170405366346581,-0.46170938976638226
203,1549724400,353,687,334,1040,6,0.8791517126738126,0.2606598784948707
203,1549738800,468,499,31,967,6,-0.46511159731645907,0.15434343377093632
203,1549753200,271,325,54,596,6,-0.36307180810927675,-0.38597712777125087
203,1549767600,121,108,0,229,6,-0.602643487117444,-0.9204721306984279
203,1549782000,27,25,0,52,6,-0.602643487117444,-1.178253099412625
203,1549796400,77,268,191,345,6,0.244730414559592,-0.7515309308631349
203,1549810800,258,533,275,791,6,0.6173974707945188,-0.10198114528950827
203,1549825200,339,445,106,784,6,-0.13237315424956014,-0.11217587286577596
203,1549839600,210,168,0,378,6,-0.602643487117444,-0.7034700722893016
203,1549854000,40,28,0,68,6,-0.602643487117444,-1.1549508649525846
203,1549868400,34,114,80,148,6,-0.24772248117941845,-1.0384396926523827
203,1549882800,707,1547,840,2254,6,3.124027075231824,2.0287169181504376
203,1549897200,525,684,159,1209,6,0.10276201218438177,0.5067897299790477
203,1549911600,1061,617,0,1678,6,-0.602643487117444,1.1898364775889825
203,1549926000,571,239,0,810,6,-0.602643487117444,-0.07430974186821028
203,1549940400,90,23,0,113,7,-0.5882115838042075,-1.0524350256726411
203,1549954800,45,111,66,156,7,-0.32174279637076036,-0.9879258736103009
203,1549969200,669,1393,724,2062,7,2.334870266223304,1.8714797968738919
203,1549983600,439,552,113,991,7,-0.13198472047118437,0.264751846670025
203,1549998000,900,573,0,1473,7,-0.5882115838042075,0.9878544349036982
203,1550012400,398,198,0,596,7,-0.5882115838042075,-0.32783222460030886
203,1550026800,73,46,0,119,7,-0.5882115838042075,-1.0434337486406866
203,1550041200,34,120,86,154,7,-0.24099467896668547,-0.9909262992876191
203,1550055600,742,1667,925,2409,7,3.1463888461342564,2.3920536518885904
203,1550070000,543,641,98,1184,7,-0.19254580852424055,0.554292924531226
203,1550084400,1097,646,0,1743,7,-0.5882115838042075,1.3929119013416478
203,1550098800,600,309,0,909,7,-0.5882115838042075,0.141734393899981
203,1550113200,76,25,0,101,7,-0.5882115838042075,-1.07043757973655
203,1550127600,44,134,90,178,7,-0.2248450554858705,-0.9549211911598013
203,1550142000,727,1548,821,2275,7,2.726498635633067,2.1910251315082743
203,1550156400,572,704,132,1276,7,-0.055274008937313227,0.6923125056878607
203,1550170800,1188,708,0,1896,7,-0.5882115838042075,1.6224444656564858
203,1550185200,532,257,0,789,7,-0.5882115838042075,-0.03829114673910776
203,1550199600,111,28,0,139,7,-0.5882115838042075,-1.013429491867505
203,1550214000,51,103,52,154,7,-0.3782664785536128,-0.9909262992876191
203,1550228400,588,1391,803,1979,7,2.6538253299693997,1.7469621312651888
203,1550242800,532,631,99,1163,7,-0.1885084026540368,0.5227884549193855
203,1550257200,1051,592,0,1643,7,-0.5882115838042075,1.2428906174757406
203,1550271600,478,324,0,802,7,-0.5882115838042075,-0.01878837983653981
203,1550286000,151,89,0,240,7,-0.5882115838042075,-0.8619079951629388
203,1550300400,26,57,31,83,7,-0.4630520018278914,-1.0974414108324133
203,1550314800,116,406,290,522,7,0.5826361185548784,-0.4388479746610802
203,1550329200,352,549,197,901,7,0.20715737262593018,0.1297326911907084
203,1550343600,463,549,86,1012,7,-0.24099467896668547,0.2962563162818655
203,1550358000,287,303,16,590,7,-0.5236130898809476,-0.3368335016322633
203,1550372400,132,98,0,230,7,-0.5882115838042075,-0.8769101235495296
203,1550386800,37,32,0,69,7,-0.5882115838042075,-1.1184443905736403
203,1550401200,83,263,180,346,7,0.13852147283246652,-0.7028854342650771
203,1550415600,235,496,261,731,7,0.4655513483189698,-0.12530349138133398
203,1550430000,404,492,88,896,7,-0.232919867226278,0.12223162699741305
203,1550444400,217,186,0,403,7,-0.5882115838042075,-0.6173733024615099
203,1550458800,59,45,0,104,7,-0.5882115838042075,-1.0659369412205728
203,1550473200,18,67,49,85,7,-0.39037869616422405,-1.0944409851550951
203,1550487600,165,761,596,926,7,1.8180823148372243,0.16723801215718523
203,1550502000,352,668,316,1020,7,0.6876086711801758,0.3082580189911381
203,1550516400,633,604,0,1237,7,-0.5882115838042075,0.6338042049801569
203,1550530800,311,200,0,511,7,-0.5882115838042075,-0.45535031588633
203,1550545200,58,38,0,96,8,-0.5974415319829154,-1.242098381174891
203,1550559600,37,125,88,162,8,-0.2675600900096037,-1.153992884968674
203,1550574000,660,1405,745,2065,8,2.195304766541144,1.3863822556439103
203,1550588400,510,681,171,1191,8,0.04357808821522442,0.21965189679188782
203,1550602800,1074,647,0,1721,8,-0.5974415319829154,0.9271657299630227
203,1550617200,581,211,0,792,8,-0.5974415319829154,-0.31298587572751374
203,1550631600,43,65,22,108,8,-0.5149711714895875,-1.226079200046488
203,1550646000,37,102,65,139,8,-0.35377910325262835,-1.18469631546478
203,1550660400,745,1439,694,2184,8,2.0041234763066114,1.5452391351672405
203,1550674800,528,696,168,1224,8,0.03233212996613424,0.26370464489499623
203,1550689200,1015,569,0,1584,8,-0.5974415319829154,0.7442800787470879
203,1550703600,525,202,0,727,8,-0.5974415319829154,-0.3997564401730303
203,1550718000,75,56,0,131,8,-0.5974415319829154,-1.195375769550382
203,1550732400,52,101,49,153,8,-0.4137575472477759,-1.1660072708149765
203,1550746800,717,1530,813,2247,8,2.4502131535205214,1.6293398360913567
203,1550761200,574,658,84,1232,8,-0.2825547010083906,0.27438409898059823
203,1550775600,1064,665,0,1729,8,-0.5974415319829154,0.9378451840486247
203,1550790000,607,285,0,892,8,-0.5974415319829154,-0.1794926996574883
203,1550804400,107,45,0,152,8,-0.5974415319829154,-1.1673422025756766
203,1550818800,45,116,71,161,8,-0.331287186754448,-1.1553278167293743
203,1550833200,670,1389,719,2059,8,2.0978397950490293,1.3783726650797088
203,1550847600,563,699,136,1262,8,-0.08762475802416093,0.3144320518016059
203,1550862000,1061,695,0,1756,8,-0.5974415319829154,0.9738883415875317
203,1550876400,540,328,0,868,8,-0.5974415319829154,-0.2115310619142944
203,1551510000,32,43,11,75,9,-0.6619699475243562,-1.182577364337253
203,1551524400,132,415,283,547,9,0.9364368604926796,-0.2530122417430017
203,1551538800,384,644,260,1028,9,0.8012774612853567,0.6942776395447842
203,1551553200,550,613,63,1163,9,-0.35639217540345236,0.960149019947801
203,1551567600,315,334,19,649,9,-0.6149579825826788,-0.05213164321627786
203,1551582000,141,94,0,235,9,-0.7266113993191629,-0.8674705431188628
203,1551596400,27,51,24,78,9,-0.5855755044941302,-1.1766691114394083
203,1551610800,93,288,195,381,9,0.41930524613422676,-0.5799355687570816
203,1551625200,317,557,240,874,9,0.6837475489311627,0.39098732412208353
203,1551639600,421,497,76,918,9,-0.2799977323732264,0.47764169995714084
203,1551654000,202,139,0,341,9,-0.7266113993191629,-0.6587122740616792
203,1551668400,45,30,0,75,9,-0.7266113993191629,-1.182577364337253
203,1551682800,30,92,62,122,9,-0.36226867102116206,-1.090014735604351
203,1551697200,595,1271,676,1866,9,3.2458996382525878,2.3446496156761034
203,1551711600,418,611,193,1029,9,0.40755225489880736,0.6962470571773991
203,1551726000,833,608,0,1441,9,-0.7266113993191629,1.5076471218147542
203,1551740400,457,204,0,661,9,-0.7266113993191629,-0.028498631624898588
203,1551754800,101,46,0,147,10,-0.5939798023423352,-1.0737018321713185
203,1551769200,53,113,60,166,10,-0.3181174540373804,-1.0465530976316255
203,1551783600,760,1532,772,2292,10,2.9554490791814163,1.9912474092835
203,1551798000,543,585,42,1128,10,-0.4008761585288669,0.32803019853599025
203,1551812400,1074,695,0,1769,10,-0.5939798023423352,1.2439427690593183
203,1551826800,553,244,0,797,10,-0.5939798023423352,-0.14492933476076733
203,1551841200,104,65,0,169,10,-0.5939798023423352,-1.0422664553358845
203,1551855600,45,138,93,183,10,-0.1663931624696553,-1.0222621246224264
203,1551867829,679,1396,717,2075,10,2.702575259901874,1.6811802832249008
203,1551870000,72,124,52,196,10,-0.3548991004780411,-1.0036866746742155
203,1551884400,547,681,134,1228,10,0.022112775538730436,0.4709182750606904
203,1551898800,1093,729,0,1822,10,-0.5939798023423352,1.3196734496174094
203,1551913200,592,294,0,886,10,-0.5939798023423352,-0.017758946653784188
203,1551927600,113,47,0,160,10,-0.5939798023423352,-1.0551263822231074
203,1551942000,46,119,73,165,10,-0.2583472785713069,-1.0479819783968725
203,1551956400,796,1247,451,2043,10,1.479585515749908,1.6354560987369966
203,1551970800,564,617,53,1181,10,-0.35030139467295845,0.4037608790940813
203,1551985200,1071,667,0,1738,10,-0.5939798023423352,1.1996474653366613
203,1551999600,580,337,0,917,10,-0.5939798023423352,0.026536357068872866
203,1552014000,137,56,0,193,10,-0.5939798023423352,-1.0079733169699563
203,1552028400,38,151,113,189,10,-0.07443904636800372,-1.0136888400309443
203,1552042800,741,1407,666,2148,10,2.468092263842663,1.7854885790879318
203,1552057200,542,711,169,1253,10,0.1830324787166207,0.5066402941918654
203,1552071600,1048,748,0,1796,10,-0.5939798023423352,1.2825225497209873
203,1552086000,522,343,0,865,10,-0.5939798023423352,-0.04776544272397122
203,1552100400,149,110,0,259,10,-0.5939798023423352,-0.9136671864636543
203,1552114800,26,50,24,76,10,-0.4836348630203533,-1.1751523665038555
203,1552129200,147,463,316,610,10,0.8588952320637598,-0.4121300378619567
203,1552143600,403,653,250,1056,10,0.5554466489283096,0.2251507834382061
203,1552158000,636,635,0,1271,10,-0.5939798023423352,0.5323601479663115
203,1552172400,379,394,15,773,10,-0.5250142152660965,-0.17922247312669537
203,1552190400,158,107,0,265,10,-0.5939798023423352,-0.9050939018721722
203,1552204800,48,59,11,107,10,-0.5434050384864269,-1.1308570627811985
203,1552219200,102,350,248,452,10,0.5462512373181445,-0.6378931987709829
203,1552233600,307,511,204,818,10,0.343952181894511,-0.1149228386905803
203,1552248000,385,379,0,764,10,-0.5939798023423352,-0.1920824000139184
203,1552262400,190,132,0,322,10,-0.5939798023423352,-0.8236476982530931
203,1552276800,27,22,0,49,10,-0.5939798023423352,-1.2137321471655247
203,1552291200,130,304,174,434,10,0.2060210077420336,-0.6636130525454289
203,1552305600,713,1453,740,2166,10,2.808322493418774,1.8112084328623779
203,1552320000,533,582,49,1115,10,-0.3686922178932888,0.3094547485877792
203,1552334400,1119,572,0,1691,10,-0.5939798023423352,1.1324900693700521
203,1552348800,415,182,0,597,11,-0.5937724806040046,-0.4864791271473313
203,1552363200,42,33,0,75,11,-0.5937724806040046,-1.2099609059818242
203,1552377600,127,342,215,469,11,0.25353559459418784,-0.6638846208078966
203,1552392000,738,1559,821,2297,11,2.6417620763156044,1.8696875855320512
203,1552406400,629,732,103,1361,11,-0.1878527980671961,0.5724099131391677
203,1552420800,1146,595,0,1741,11,-0.5937724806040046,1.0990824724439707
203,1552435200,434,179,0,613,11,-0.5937724806040046,-0.4643034404397607
203,1552449600,47,28,0,75,11,-0.5937724806040046,-1.2099609059818242
203,1552464000,144,323,179,467,11,0.11166075409588586,-0.6666565816463429
203,1552478400,844,1579,735,2423,11,2.3028388462363276,2.04432111835417
203,1552492800,600,654,54,1254,11,-0.3809602198565516,0.42411000828228884
203,1552507200,1123,658,0,1781,11,-0.5937724806040046,1.1545216892128973
203,1552521600,437,201,0,638,11,-0.5937724806040046,-0.4296539299591815
203,1552536000,48,42,0,90,11,-0.5937724806040046,-1.1891711996934766
203,1552550400,153,335,182,488,11,0.12348365747074436,-0.6375509928426565
203,1552564800,777,1600,823,2377,11,2.6496440118988436,1.9805660190699044
203,1552579200,590,737,147,1327,11,-0.014450215235938127,0.52528657888558
203,1552593600,1126,671,0,1797,11,-0.5937724806040046,1.1766973759204682
203,1552608000,432,206,0,638,11,-0.5937724806040046,-0.4296539299591815
203,1552622400,53,48,0,101,11,-0.5937724806040046,-1.1739254150820218
203,1552636800,154,328,174,482,11,0.09195591513778836,-0.6458668753579955
203,1552651200,687,1490,803,2177,11,2.5708246560664536,1.7033699352252711
203,1552665600,682,668,0,1350,11,-0.5937724806040046,0.5571641285277128
203,1552680000,1051,631,0,1682,11,-0.5937724806040046,1.017309627709804
203,1552694400,418,313,0,731,11,-0.5937724806040046,-0.30075775097142704
203,1552708800,121,65,0,186,11,-0.5937724806040046,-1.0561170794480526
203,1552723200,43,116,73,159,11,-0.3060818318157811,-1.093538550767078
203,1552737600,287,575,288,862,11,0.5412262433824113,-0.11919431605319229
203,1552752000,597,721,124,1318,11,-0.10509247444318662,0.5128127551125715
203,1552766400,630,569,0,1199,11,-0.5937724806040046,0.3478810852250147
203,1552780800,351,317,0,668,11,-0.5937724806040046,-0.38807451738248655
203,1552795200,103,69,0,172,11,-0.5937724806040046,-1.075520805317177
203,1552809600,44,72,28,116,11,-0.48342538243865857,-1.1531357087936742
203,1552824000,152,372,220,524,11,0.27324043355228533,-0.5876556977506224
203,1552838400,328,565,237,893,11,0.34023688600981683,-0.07622892305727413
203,1552852800,371,439,68,810,11,-0.3257866707738786,-0.19126529785279694
203,1552867200,169,127,0,296,11,-0.5937724806040046,-0.9036592333335044
203,1552881600,30,27,0,57,11,-0.5937724806040046,-1.234908553527841
203,1552896000,122,273,151,395,11,0.0013136559305398706,-0.7664471718304109
203,1552910400,710,1549,839,2259,11,2.7126994965647557,1.8170203296015708
203,1552924800,564,628,64,1192,11,-0.3415505419403566,0.33817922229045255
203,1552939200,1125,554,0,1679,11,-0.5937724806040046,1.0131516864521344
203,1552953600,435,178,0,613,12,-0.47617099450168054,-0.18235163154604828
203,1552968000,63,58,0,121,12,-0.47617099450168054,-0.799670457605606
203,1552982400,171,359,188,530,12,0.29444720033030747,-0.28649281561707124
203,1552996800,827,1553,726,2380,12,2.499726928094188,2.0347263474117536
203,1553011200,635,650,15,1285,12,-0.41468550023317086,0.6608155455109086
203,1553025600,1220,587,0,1807,12,-0.47617099450168054,1.315775763403366
203,1553040000,410,219,0,629,12,-0.47617099450168054,-0.16227622256850166
203,1553054400,58,24,0,82,12,-0.47617099450168054,-0.8486042669883758
203,1553068800,182,319,137,501,12,0.08539651981737453,-0.3228794943888744
203,1553083200,859,1560,701,2419,12,2.3972511043133387,2.083660156794523
203,1553097600,610,661,51,1271,12,-0.26712031398874764,0.6432495626555553
203,1553112000,1137,624,0,1761,12,-0.47617099450168054,1.2580589625929197
203,1553126400,450,214,0,664,12,-0.47617099450168054,-0.1183612654301185
203,1553140800,75,50,0,125,12,-0.47617099450168054,-0.7946516053612194
203,1553155200,142,298,156,440,12,0.16327814589082013,-0.3994169911157708
203,1553169600,696,1595,899,2291,12,3.2088596286576667,1.9230568849741505
203,1553184000,579,617,38,1196,12,-0.32040774235478936,0.5491460830733057
203,1553198400,1140,608,0,1748,12,-0.47617099450168054,1.2417476927986633
203,1553212800,458,259,0,717,12,-0.47617099450168054,-0.05186147319199541
203,1553227200,79,37,0,116,12,-0.47617099450168054,-0.8059440229110894
203,1553241600,138,267,129,405,12,0.05260425620750271,-0.44333194825415395
203,1553256000,638,1464,826,2102,12,2.909630223217586,1.6859161164268814
203,1553270400,570,693,123,1263,12,0.028010058500098835,0.633211858166782
203,1553284800,1008,632,0,1640,12,-0.47617099450168054,1.1062386822002237
203,1553299200,217,182,0,399,12,-0.47617099450168054,-0.45086022662073394
203,1553313600,0,2,2,2,12,-0.4679729285992126,-0.9489813118761088
203,1553328000,0,2,2,2,12,-0.4679729285992126,-0.9489813118761088
203,1553342400,0,6,6,6,12,-0.4515767967942767,-0.9439624596317221
203,1553356800,0,4,4,4,12,-0.45977486269674467,-0.9464718857539155
203,1553371200,2,13,11,15,12,-0.4310816320381068,-0.9326700420818521
203,1553385600,0,2,2,2,12,-0.4679729285992126,-0.9489813118761088
203,1553400000,0,0,0,0,12,-0.47617099450168054,-0.9514907379983021
203,1553414400,0,0,0,0,12,-0.47617099450168054,-0.9514907379983021
203,1553428800,0,2,2,2,12,-0.4679729285992126,-0.9489813118761088
203,1553443200,0,1,1,1,12,-0.47207196155044656,-0.9502360249372054
203,1553457600,0,0,0,0,12,-0.47617099450168054,-0.9514907379983021
203,1553472000,0,0,0,0,12,-0.47617099450168054,-0.9514907379983021
203,1553486400,0,1,1,1,12,-0.47207196155044656,-0.9502360249372054
203,1553500800,139,312,173,451,12,0.23296170606179778,-0.3856151474437075
203,1553515200,703,1344,641,2047,12,2.1513091272393,1.616906898066565
203,1553529600,586,631,45,1217,12,-0.29171451169615153,0.5754950573563357
203,1553544000,1087,508,0,1595,12,-0.47617099450168054,1.049776594450874
203,1553558400,409,203,0,612,13,-0.48944188730661564,-0.19751405423226254
203,1553572800,47,18,0,65,13,-0.48944188730661564,-0.8704619827406416
203,1553587200,136,361,225,497,13,0.3890435514488483,-0.3389930519991064
203,1553601600,756,1477,721,2233,13,2.325615896438671,1.7967246882029888
203,1553616000,601,732,131,1333,13,0.022031857035454475,0.6894977491581238
203,1553630400,1131,623,0,1754,13,-0.48944188730661564,1.2074339062002217
203,1553644800,450,201,0,651,13,-0.48944188730661564,-0.14953422020698506
203,1553659200,61,32,0,93,13,-0.48944188730661564,-0.8360149224148014
203,1553673600,145,310,165,455,13,0.15478076778072458,-0.3906636424878668
203,1553688000,757,1586,829,2343,13,2.7472889070412934,1.9320524251973612
203,1553702400,724,674,0,1398,13,-0.48944188730661564,0.7694641392002529
203,1553716800,1245,609,0,1854,13,-0.48944188730661564,1.330459121649651
203,1553731200,451,198,0,649,13,-0.48944188730661564,-0.15199472451597365
203,1553745600,60,36,0,96,13,-0.48944188730661564,-0.8323241659513185
203,1553760000,141,335,194,476,13,0.2680077798869844,-0.3648283472434866
203,1553774400,716,1546,830,2262,13,2.751193286769096,1.8324020006833233
203,1553788800,613,730,117,1343,13,-0.03262945915377439,0.7018002707030667
203,1553803200,1167,649,0,1816,13,-0.48944188730661564,1.283709539778868
203,1553817600,487,249,0,736,13,-0.48944188730661564,-0.044962787074970034
203,1553832000,67,46,0,113,13,-0.48944188730661564,-0.8114098793249155
203,1553846400,139,295,156,434,13,0.11964135023050602,-0.41649893773224694
203,1553860800,699,1436,737,2135,13,2.3880859720835037,1.676159977062548
203,1553875200,673,758,85,1431,13,-0.15756961044344037,0.8100624602985647
203,1553889600,1048,663,0,1711,13,-0.48944188730661564,1.154533063556967
203,1553904000,259,162,0,421,13,-0.48944188730661564,-0.43249221574067276
203,1553918400,0,1,1,1,13,-0.4855375075788136,-0.9491981206282765
203,1553932800,0,0,0,0,13,-0.48944188730661564,-0.9504283727827707
203,1553947200,0,1,1,1,13,-0.4855375075788136,-0.9491981206282765
203,1553961600,0,0,0,0,13,-0.48944188730661564,-0.9504283727827707
203,1553976000,0,3,3,3,13,-0.4777287481232094,-0.9467376163192879
203,1553990400,0,0,0,0,13,-0.48944188730661564,-0.9504283727827707
203,1554004800,0,2,2,2,13,-0.48163312785101153,-0.9479678684737821
203,1554019200,0,0,0,0,13,-0.48944188730661564,-0.9504283727827707
203,1554033600,0,0,0,0,13,-0.48944188730661564,-0.9504283727827707
203,1554048000,0,0,0,0,13,-0.48944188730661564,-0.9504283727827707
203,1554062400,0,1,1,1,13,-0.4855375075788136,-0.9491981206282765
203,1554076800,0,1,1,1,13,-0.4855375075788136,-0.9491981206282765
203,1554091200,0,1,1,1,13,-0.4855375075788136,-0.9491981206282765
203,1554105600,137,279,142,416,13,0.06498003404127715,-0.4386434765131443
203,1554120000,696,1577,881,2273,13,2.950316652887001,1.8459347743827605
203,1554134400,557,599,42,1156,13,-0.32545793873892903,0.4717431178126336
203,1554148800,1123,558,0,1681,13,-0.48944188730661564,1.1176254989221381
203,1554163200,225,105,0,330,14,-0.5428169202341798,-0.7464513622121509
203,1554177600,0,2,2,2,14,-0.5349432159862657,-1.1846273450753941
203,1554192000,185,329,144,514,14,0.024089785615642248,-0.5006453230449658
203,1554206400,753,1556,803,2309,14,2.6184753353033696,1.8972994612218679
203,1554220800,576,606,30,1182,14,-0.42471135651546693,0.3917374713228587
203,1554235200,1219,568,0,1787,14,-0.5428169202341798,1.1999584153236578
203,1554249600,251,103,0,354,14,-0.5428169202341798,-0.7143897049294746
203,1554264000,0,0,0,0,14,-0.5428169202341798,-1.1872991498489505
203,1554278400,163,300,137,463,14,-0.0034681792520574383,-0.568776344770653
203,1554292800,674,1529,855,2203,14,2.8231916457491386,1.7556938082233808
203,1554307200,614,698,84,1312,14,-0.21212134182178363,0.5654047816040222
203,1554321600,1179,596,0,1775,14,-0.5428169202341798,1.1839275866823196
203,1554336000,267,111,0,378,14,-0.5428169202341798,-0.6823280476467982
203,1554350400,0,0,0,0,14,-0.5428169202341798,-1.1872991498489505
203,1554364800,152,307,155,459,14,0.06739515897917032,-0.5741199543177656
203,1554379200,797,1598,801,2395,14,2.6106016310554554,2.0121870664847914
203,1554393600,637,702,65,1339,14,-0.2869215321769685,0.601474146047033
203,1554408000,1186,717,0,1903,14,-0.5428169202341798,1.3549230921899267
203,1554422400,242,120,0,362,14,-0.5428169202341798,-0.7037024858352492
203,1554436800,0,12,12,12,14,-0.4955746947466947,-1.1712683212076123
203,1554451200,134,321,187,455,14,0.19337442694579746,-0.5794635638648784
203,1554465600,757,1500,743,2257,14,2.3822642078659437,1.8278325371094024
203,1554480000,635,630,0,1265,14,-0.5428169202341798,0.5026173694254477
203,1554494400,1104,630,0,1734,14,-0.5428169202341798,1.1291555888244142
203,1554508800,405,282,0,687,14,-0.5428169202341798,-0.2695342101323405
203,1554523200,85,49,0,134,14,-0.5428169202341798,-1.0082882300206741
203,1554537600,43,93,50,136,14,-0.34597431403632495,-1.0056164252471178
203,1554552000,230,488,258,718,14,0.4728909277467514,-0.22812123614221697
203,1554566400,435,581,146,1016,14,0.031963489863556446,0.16997767511768078
203,1554580800,478,455,0,933,14,-0.5428169202341798,0.05909777701509181
203,1554595200,285,253,0,538,14,-0.5428169202341798,-0.4685836657622894
203,1554609600,92,72,0,164,14,-0.5428169202341798,-0.9682111584173289
203,1554624000,39,64,25,103,14,-0.44439561713525244,-1.0497012040107978
203,1554638400,161,276,115,437,14,-0.0900789259791136,-0.6035098068268856
203,1554652800,338,472,134,810,14,-0.015278735623928731,-0.10521821655862437
203,1554667200,397,393,0,790,14,-0.5428169202341798,-0.13193626429418798
203,1554681600,182,116,0,298,14,-0.5428169202341798,-0.7892002385890526
203,1554696000,40,15,0,55,14,-0.5428169202341798,-1.1138245185761504
203,1554710400,137,307,170,444,14,0.12644794083852678,-0.5941584901194383
203,1554724800,736,1557,821,2293,14,2.6893386735345977,1.875925023033417
203,1554739200,613,667,54,1280,14,-0.33022690554049655,0.5226559052271204
203,1554753600,1156,546,0,1702,14,-0.5428169202341798,1.0864067124475125
203,1554768000,265,117,0,382,15,-0.5323094584887519,-0.6382190871970372
203,1554782400,0,0,0,0,15,-0.5323094584887519,-1.1322645872930164
203,1554796800,139,355,216,494,15,0.29008689835899293,-0.4933680505196821
203,1554811200,754,1639,885,2393,15,2.837231170262424,1.962633008857974
203,1554825600,657,686,29,1343,15,-0.42189513280086016,0.6046545400077691
203,1554840000,1185,601,0,1786,15,-0.5323094584887519,1.1775921225798078
203,1554854400,199,96,0,295,15,-0.5323094584887519,-0.7507373031874828
203,1554868800,0,3,3,3,15,-0.5208872868658665,-1.1283846488105873
203,1554883200,169,314,145,483,15,0.01976216995070644,-0.5075944916219223
203,1554897600,777,1687,910,2464,15,2.932415933786469,2.0544582196087973
203,1554912000,616,675,59,1291,15,-0.30767341657200675,0.5374022729789971
203,1554926400,1202,628,0,1830,15,-0.5323094584887519,1.2344978869887688
203,1554940800,232,106,0,338,15,-0.5323094584887519,-0.6951248516059981
203,1554955200,1,6,5,7,15,-0.5132725057839429,-1.1232113975006817
203,1554969600,161,349,188,510,15,0.18347996321206303,-0.4726750452800599
203,1554984000,800,1637,837,2437,15,2.654476424296259,2.0195387732669348
203,1554998400,675,718,43,1393,15,-0.3685916652273952,0.6693201813815883
203,1555012800,1139,633,0,1772,15,-0.5323094584887519,1.1594857429951384
203,1555027200,252,130,0,382,15,-0.5323094584887519,-0.6382190871970372
203,1555041600,0,2,2,2,15,-0.5246946774068283,-1.1296779616380637
203,1555056000,137,316,179,453,15,0.149213448343407,-0.5463938764462138
203,1555070400,741,1521,780,2262,15,2.437455163461437,1.7932090284585673
203,1555084800,644,688,44,1332,15,-0.3647842746864335,0.5904280989055288
203,1555099200,1116,652,0,1768,15,-0.5323094584887519,1.154312491685233
203,1555113600,361,220,0,581,15,-0.5323094584887519,-0.38084983452923654
203,1555128000,54,51,0,105,15,-0.5323094584887519,-0.996466740407996
203,1555142400,25,82,57,107,15,-0.3152881976539303,-0.9938801147530432
203,1555156800,178,371,193,549,15,0.20251691591687193,-0.4222358450084809
203,1555171200,425,527,102,952,15,-0.14395562331065015,0.09896922446450243
203,1555185600,443,439,0,882,15,-0.5323094584887519,0.00843732654115546
203,1555200000,228,226,0,454,15,-0.5323094584887519,-0.5451005636187375
203,1555214400,76,47,0,123,15,-0.5323094584887519,-0.973187109513421
203,1555228800,35,42,7,77,15,-0.5056577247020194,-1.0326794995773347
203,1555243200,140,249,109,389,15,-0.11730388952391768,-0.6291658974047025
203,1555257600,288,387,99,675,15,-0.15537779493353548,-0.2592784287464563
203,1555272000,323,341,18,664,15,-0.46377642875143976,-0.27350486984869654
203,1555286400,135,110,0,245,15,-0.5323094584887519,-0.815402944561302
203,1555300800,20,10,0,30,15,-0.5323094584887519,-1.0934652024687248
203,1555315200,164,290,126,454,15,-0.052578250327567404,-0.5451005636187375
203,1555329600,745,1492,747,2237,15,2.3118112756096987,1.7608762077716578
203,1555344000,531,620,89,1151,15,-0.19345170034315332,0.3563384771323031
203,1555358400,1122,553,0,1675,15,-0.5323094584887519,1.034034398729929
203,1555372800,337,182,0,519,16,-0.5442847143667373,-0.4488770023141287
203,1555387200,38,18,0,56,16,-0.5442847143667373,-1.079301831651161
203,1555401600,200,354,154,554,16,0.06153761096867085,-0.4012206977206166
203,1555416000,749,1629,880,2378,16,2.9175571446927377,2.0823535759527028
203,1555430400,661,698,37,1359,16,-0.3987299998381003,0.694874307930163
203,1555444800,1193,587,0,1780,16,-0.5442847143667373,1.2681115717549807
203,1555459200,378,157,0,535,16,-0.5442847143667373,-0.4270912630713803
203,1555473600,47,11,0,58,16,-0.5442847143667373,-1.0765786142458174
203,1555488000,169,342,173,511,16,0.1362819238347277,-0.4597698719355029
203,1555502400,811,1585,774,2396,16,2.5005625571242103,2.1068625326007946
203,1555516800,616,689,73,1305,16,-0.25710919651293995,0.6213474379858871
203,1555531200,1227,646,0,1873,16,-0.5442847143667373,1.3947411811034558
203,1555545600,356,165,0,521,16,-0.5442847143667373,-0.44615378490878516
203,1555560000,43,19,0,62,16,-0.5442847143667373,-1.0711321794351303
203,1555574400,149,347,198,496,16,0.23462970392164462,-0.48019400247557953
203,1555588800,826,1564,738,2390,16,2.3589417537990496,2.098692880384764
203,1555603200,628,664,36,1292,16,-0.40266391104157695,0.603646524851154
203,1555617600,1149,652,0,1801,16,-0.5442847143667373,1.2967053545110878
203,1555632000,365,192,0,557,16,-0.5442847143667373,-0.3971358716126012
203,1555646400,40,20,0,60,16,-0.5442847143667373,-1.0738553968404738
203,1555660800,79,291,212,370,16,0.2897044607703181,-0.6517566990122233
203,1555675200,515,1350,835,1865,16,2.7405311405362873,1.3838483114820814
203,1555689600,639,670,31,1309,16,-0.42233346705896035,0.6267938727965742
203,1555704000,817,564,0,1381,16,-0.5442847143667373,0.724829699388942
203,1555718400,279,177,0,456,16,-0.5442847143667373,-0.5346583505824506
203,1555732800,65,33,0,98,16,-0.5442847143667373,-1.0221142661389464
203,1555747200,33,58,25,91,16,-0.4459369342798204,-1.0316455270576488
203,1555761600,136,338,202,474,16,0.25036534873555133,-0.5101493939343587
203,1555776000,268,460,192,728,16,0.21102623670078455,-0.16430078345572757
203,1555790400,388,327,0,715,16,-0.5442847143667373,-0.18200169659046064
203,1555804800,198,188,0,386,16,-0.5442847143667373,-0.6299709597694749
203,1555819200,39,39,0,78,16,-0.5442847143667373,-1.0493464401923818
203,1555833600,28,31,3,59,16,-0.5324829807563073,-1.0752170055431456
203,1555848000,118,192,74,310,16,-0.25317528530946326,-0.7334532211725299
203,1555862400,245,364,119,609,16,-0.07614928115301282,-0.3263322190736689
203,1555876800,243,275,32,518,16,-0.41839955585548366,-0.45023861101680046
203,1555891200,108,94,0,202,16,-0.5442847143667373,-0.8805069610610816
203,1555905600,18,16,0,34,16,-0.5442847143667373,-1.10925722310994
203,1555920000,134,316,182,450,16,0.1716871246660178,-0.5428280027984812
203,1555934400,696,1484,788,2180,16,2.5556373139728836,1.812755052823691
203,1555948800,584,637,53,1221,16,-0.33578742058247346,0.5069723069614579
203,1555963200,1056,551,0,1607,16,-0.5442847143667373,1.0325532661927634
203,1555977600,317,106,0,423,17,-0.6850301162885573,-0.6242201682322067
203,1555992000,33,13,0,46,17,-0.6850301162885573,-1.1705198490719158
203,1556006400,159,384,225,543,17,0.3468929134218378,-0.45033167565723303
203,1556020800,779,1498,719,2277,17,2.6125372542082164,2.0623570420511372
203,1556035200,567,750,183,1317,17,0.15426728120923072,0.6712491014513474
203,1556049600,1149,617,0,1766,17,-0.6850301162885573,1.3218818778360408
203,1556064000,368,177,0,545,17,-0.6850301162885573,-0.4474335341143168
203,1556078400,38,21,0,59,17,-0.6850301162885573,-1.1516819290429603
203,1556092800,160,361,201,521,17,0.23682112358606233,-0.48221123262931154
203,1556107200,754,1408,654,2162,17,2.3144261567363245,1.895713903333454
203,1556121600,566,648,82,1214,17,-0.3089515010163244,0.5219948119911617
203,1556136000,1094,597,0,1691,17,-0.6850301162885573,1.2132015699766823
203,1556150400,365,150,0,515,17,-0.6850301162885573,-0.49090565725806024
203,1556164800,35,18,0,53,17,-0.6850301162885573,-1.160376353671709
203,1556179200,149,365,216,514,17,0.305615992233422,-0.49235472802951835
203,1556193600,784,1621,837,2405,17,3.153723554234112,2.2478381007977757
203,1556208000,570,704,134,1274,17,-0.07046262303881086,0.6089390582786485
203,1556222400,1133,694,0,1827,17,-0.6850301162885573,1.4102751948949857
203,1556236800,355,168,0,523,17,-0.6850301162885573,-0.4793130910863953
203,1556251200,42,29,0,71,17,-0.6850301162885573,-1.134293079785463
203,1556265600,150,317,167,467,17,0.08088608798538041,-0.5604610542880497
203,1556266302,33,52,19,85,17,-0.597889949335235,-1.1140060889850494
203,1556272547,438,888,450,1326,17,1.3788159431322329,0.6842907383944704
203,1556280000,231,485,254,716,17,0.4798963261400665,-0.19964243219497926
203,1556294400,643,669,26,1312,17,-0.5657856772998004,0.6640037475940569
203,1556308800,991,607,0,1598,17,-0.6850301162885573,1.0784379882310775
203,1556323200,331,230,0,561,17,-0.6850301162885573,-0.424248401770987
203,1556337600,55,51,0,106,17,-0.6850301162885573,-1.083575602784429
203,1556352000,31,103,72,134,17,-0.3548147467812308,-1.0430016211836017
203,1556366400,165,569,404,734,17,1.1678450126136632,-0.1735591583087332
203,1556380800,401,639,238,1040,17,0.4065151329162162,0.2698564977574498
203,1556395200,441,497,56,938,17,-0.42819594000508115,0.12205127906872211
203,1556409600,239,246,7,485,17,-0.6529258442531227,-0.5343777804018036
203,1556424000,64,54,0,118,17,-0.6850301162885573,-1.0661867535269316
203,1556438400,24,51,27,75,17,-0.5611993527233099,-1.1284967966996304
203,1556452800,121,356,235,477,17,0.3927561591867443,-0.5459703465734685
203,1556467200,306,520,214,826,17,0.29644334308044074,-0.04024464733458669
203,1556481600,304,394,90,698,17,-0.2722609044043992,-0.22572570608122533
203,1556496000,172,116,0,288,17,-0.6850301162885573,-0.8198447223790521
203,1556510400,24,32,8,56,17,-0.6483395196766321,-1.1560291413573347
203,1556524800,153,336,183,489,17,0.15426728120923072,-0.5285814973159713
203,1556539200,751,1491,740,2242,17,2.70885007031452,2.0116395650501033
203,1556553600,579,710,131,1289,17,-0.0842215967682828,0.6306751198505203
203,1556568000,1149,611,0,1760,17,-0.6850301162885573,1.313187453207292
203,1556582400,376,171,0,547,18,-0.6066017252010198,-0.479867852555155
203,1556596800,33,16,0,49,18,-0.6066017252010198,-1.1616546223677937
203,1556611200,161,337,176,498,18,0.12139730053975376,-0.5469512897455552
203,1556625600,743,1585,842,2328,18,2.8762117956724538,1.958409731855105
203,1556640000,555,648,93,1203,18,-0.22192042182663377,0.41822877595305974
203,1556654400,1171,612,0,1783,18,-0.6066017252010198,1.2122776243292253
203,1556668800,406,187,0,593,18,-0.6066017252010198,-0.41689156458049365
203,1556683200,39,23,0,62,18,-0.6066017252010198,-1.1438569757662589
203,1556697600,160,346,186,506,18,0.16276088154775226,-0.5359988918369185
203,1556712000,823,1543,720,2366,18,2.3715761073748722,2.0104336219211296
203,1556722290,392,518,126,910,18,-0.08542060450023874,0.01709720254923821
203,1556726400,202,161,0,363,18,-0.6066017252010198,-0.7317730044538007
203,1556740800,1179,609,0,1788,18,-0.6066017252010198,1.2191228730221233
203,1556755200,410,180,0,590,18,-0.6066017252010198,-0.42099871379623244
203,1556769600,31,31,0,62,18,-0.6066017252010198,-1.1438569757662589
203,1556784000,162,319,157,481,18,0.04280649662455661,-0.5702251353014084
203,1556798400,820,1626,806,2446,18,2.7273029040436594,2.1199576010074974
203,1556812800,625,686,61,1311,18,-0.35428388105222897,0.566086147719656
203,1556827200,1198,675,0,1873,18,-0.6066017252010198,1.335492100801389
203,1556841600,431,248,0,679,18,-0.6066017252010198,-0.2991532870626484
203,1556856000,49,29,0,78,18,-0.6066017252010198,-1.1219521799489853
203,1556870400,141,305,164,446,18,0.07176100333015556,-0.6181418761516942
203,1556884800,700,1475,775,2175,18,2.599075802918864,1.748945121852427
203,1556899200,612,702,90,1314,18,-0.23432949612903334,0.5701932969353949
203,1556913600,1072,679,0,1751,18,-0.6066017252010198,1.1684680326946781
203,1556928000,358,283,0,641,18,-0.6066017252010198,-0.351177177128673
203,1556942400,70,54,0,124,18,-0.6066017252010198,-1.058975891974324
203,1556956800,33,99,66,132,18,-0.3336020905482297,-1.0480234940656872
203,1556971200,159,469,310,628,18,0.6756692860469337,-0.3689748237302078
203,1556985600,414,635,221,1049,18,0.307533415075747,0.207395116211802
203,1557000000,457,475,18,932,18,-0.5321472793866225,0.04721629679798932
203,1557014400,274,282,8,556,18,-0.573510860394621,-0.4675464049079387
203,1557028800,80,92,12,172,18,-0.5569654279914216,-0.9932615045225034
203,1557043200,23,53,30,76,18,-0.4825109821770243,-1.1246902794261446
203,1557057600,128,314,186,442,18,0.16276088154775226,-0.6236180751060126
203,1557072000,305,520,215,825,18,0.2827152664709479,-0.09927202523002743
203,1557086400,363,382,19,745,18,-0.5280109212858226,-0.20879600431639508
203,1557100800,161,113,0,274,18,-0.6066017252010198,-0.8536184311873847
203,1557115200,23,22,0,45,18,-0.6066017252010198,-1.167130821322112
203,1557129600,161,331,170,492,18,0.09657915193495466,-0.5551655881770328
203,1557144000,760,1488,728,2248,18,2.404666972181271,1.8488857527687375
203,1557158400,552,679,127,1231,18,-0.08128424639943889,0.4565621686332884
203,1557172800,1192,587,0,1779,18,-0.6066017252010198,1.2068014253749069
203,1557187200,359,188,0,547,19,-0.561539105913863,-0.5135502227919632
203,1557201600,47,18,0,65,19,-0.561539105913863,-1.1499570392975615
203,1557216000,162,369,207,531,19,0.18956923008155946,-0.5346757602693275
203,1557230400,710,1693,983,2403,19,3.0053183543929016,1.9370121245822907
203,1557244800,611,701,90,1312,19,-0.2349702641767228,0.4965145378445154
203,1557259200,1171,662,0,1833,19,-0.561539105913863,1.184414851951189
203,1557273600,436,173,0,609,19,-0.561539105913863,-0.4316887650671767
203,1557288000,50,22,0,72,19,-0.561539105913863,-1.1407146166512145
203,1557302400,173,315,142,488,19,-0.046286044506375135,-0.5914506422397439
203,1557316800,784,1545,761,2329,19,2.199781878107956,1.839306513749481
203,1557331200,596,685,89,1281,19,-0.23859880686269103,0.45558380898212214
203,1557345600,1213,617,0,1830,19,-0.561539105913863,1.1804538136741831
203,1557360000,440,177,0,617,19,-0.561539105913863,-0.42112599632849457
203,1557374400,37,33,0,70,19,-0.561539105913863,-1.1433553088358852
203,1557388800,189,348,159,537,19,0.015399181155084679,-0.5267536837153158
203,1557403200,792,1597,805,2389,19,2.3594377562905575,1.9185272792895969
203,1557417600,642,681,39,1323,19,-0.42002594116110226,0.5110383448602033
203,1557432000,1192,685,0,1877,19,-0.561539105913863,1.2425100800139408
203,1557446400,422,225,0,647,19,-0.561539105913863,-0.3815156135584366
203,1557460800,49,31,0,80,19,-0.561539105913863,-1.1301518479125325
203,1557475200,152,350,198,502,19,0.15691234590784542,-0.5729657969470502
203,1557489600,668,1579,911,2247,19,2.7440632810031893,1.7310381341779892
203,1557504000,636,674,38,1310,19,-0.42365448384707044,0.4938738456598448
203,1557518400,1047,599,0,1646,19,-0.561539105913863,0.9375101326844942
203,1557532800,407,247,0,654,19,-0.561539105913863,-0.3722731909120897
203,1557547200,63,57,0,120,19,-0.561539105913863,-1.0773380042191218
203,1557561600,33,100,67,133,19,-0.31842674595399195,-1.0601735050187633
203,1557590400,577,1127,550,1704,19,1.4341593713686605,1.0140902060399397
203,1557604800,454,481,27,935,19,-0.46356845339272096,-0.001255938965879946
203,1557619200,270,241,0,511,19,-0.561539105913863,-0.5610826821160327
203,1557633600,63,54,0,117,19,-0.561539105913863,-1.0812990424961277
203,1557648000,31,65,34,96,19,-0.43816865459094334,-1.1090263104351683
203,1557662400,110,301,191,411,19,0.13151254710606786,-0.6931172913495594
203,1557676800,243,394,151,637,19,-0.013629160332661115,-0.3947190744817892
203,1557691200,257,265,8,522,19,-0.5325107644261172,-0.5465588751003448
203,1557705600,164,103,0,267,19,-0.561539105913863,-0.8832471286458378
203,1557720000,33,19,0,52,19,-0.561539105913863,-1.1671215384979199
203,1557734400,175,342,167,517,19,0.04442752264283047,-0.5531606055620212
203,1557748800,776,1504,728,2280,19,2.0800399694710046,1.774609555225053
203,1557763200,598,590,0,1188,19,-0.561539105913863,0.33279162239494237
203,1557777600,1141,544,0,1685,19,-0.561539105913863,0.9890036302855696
203,1557792000,358,130,0,488,20,-0.5947173918053242,-0.650155187183143
203,1557806400,43,17,0,60,20,-0.5947173918053242,-1.2005809228212618
203,1557820800,178,376,198,554,20,0.17027407459113,-0.5652764522482929
203,1557835200,795,1528,733,2323,20,2.237296471167408,1.7097308522933714
203,1557849600,697,735,38,1432,20,-0.44790084774943906,0.563867930672895
203,1557864000,1168,672,0,1840,20,-0.5947173918053242,1.0885728375428774
203,1557878400,463,160,0,623,20,-0.5947173918053242,-0.4765395929982223
203,1557892800,48,21,0,69,20,-0.5947173918053242,-1.1890065498756006
203,1557907200,182,342,160,524,20,0.023457530535244856,-0.6038576954004975
203,1557921600,844,1727,883,2571,20,2.8168354608616912,2.028669129018263
203,1557936000,1183,1335,152,2518,20,-0.007451215581783598,1.9605089327827014
203,1557950400,1195,686,0,1881,20,-0.5947173918053242,1.141300536517557
203,1557964800,517,203,0,720,20,-0.5947173918053242,-0.3517935734727608
203,1557979200,59,27,0,86,20,-0.5947173918053242,-1.1671438454226846
203,1557993600,177,330,153,507,20,-0.0035876223171550413,-0.6257203998534134
203,1558008000,768,1580,812,2348,20,2.5425203390730635,1.741881888253542
203,1558022400,641,644,3,1285,20,-0.5831266120114386,0.37481983922709244
203,1558036800,1162,760,0,1922,20,-0.5947173918053242,1.1940282354922367
203,1558051200,486,282,0,768,20,-0.5947173918053242,-0.2900635844292334
203,1558065600,76,38,0,114,20,-0.5947173918053242,-1.1311346851472937
203,1558080000,146,356,210,502,20,0.2166371937666727,-0.6321506070454476
203,1558094400,740,1563,823,2303,20,2.5850198649839777,1.684010023525235
203,1558108800,634,668,34,1302,20,-0.46335522080795327,0.3966825436800084
203,1558123200,1057,702,0,1759,20,-0.5947173918053242,0.9844034810319251
203,1558137600,370,293,0,663,20,-0.5947173918053242,-0.4250979354619495
203,1558152000,86,70,0,156,20,-0.5947173918053242,-1.0771209447342072
203,1558166400,39,106,67,145,20,-0.3358566430752109,-1.0912674005566823
203,1558180800,219,636,417,855,20,1.0164009995447838,-0.1781779792878401
203,1558195200,462,676,214,1138,20,0.23209156682518692,0.18577174778128994
203,1558209600,475,555,80,1030,20,-0.28562993063503966,0.046879272433353374
203,1558224000,283,277,0,560,20,-0.5947173918053242,-0.557560203617852
203,1558238400,85,70,0,155,20,-0.5947173918053242,-1.078406986172614
203,1558252800,33,62,29,95,20,-0.4826731871310961,-1.1555694724770231
203,1558267200,147,418,271,565,20,0.45231638290901466,-0.5511299964258178
203,1558281600,346,560,214,906,20,0.23209156682518692,-0.11258986592909229
203,1558296000,404,379,0,783,20,-0.5947173918053242,-0.2707729628531311
203,1558310400,215,167,0,382,20,-0.5947173918053242,-0.786475579654266
203,1558324800,29,31,2,60,20,-0.5869902052760672,-1.2005809228212618
203,1558339200,154,345,191,499,20,0.14322892173873011,-0.6360087313606679
203,1558353600,736,1517,781,2253,20,2.4227489478695783,1.619707951604894
203,1558368000,623,618,0,1241,20,-0.5947173918053242,0.31823401593719236
203,1558382400,1141,603,0,1744,20,-0.5947173918053242,0.9651128594558228
203,1558396800,372,217,0,589,21,-0.6149071418837568,-0.29628918151150546
203,1558411200,54,22,0,76,21,-0.6149071418837568,-1.0897213092938876
203,1558425600,179,364,185,543,21,0.34821468511908726,-0.3674351422873136
203,1558440000,836,1515,679,2351,21,2.920010266413168,2.428910446466189
203,1558454400,653,695,42,1348,21,-0.3962524568344625,0.877619171289329
203,1558468800,1254,633,0,1887,21,-0.6149071418837568,1.7112642334232548
203,1558483200,411,179,0,590,21,-0.6149071418837568,-0.29474253019029223
203,1558497600,53,26,0,79,21,-0.6149071418837568,-1.085081355330248
203,1558512000,184,359,175,543,21,0.29615404582163624,-0.3674351422873136
203,1558526400,814,1533,719,2347,21,3.1282528236029723,2.422723841181336
203,1558540800,647,658,11,1305,21,-0.5576404386565607,0.8111131644771605
203,1558555200,1201,574,0,1775,21,-0.6149071418837568,1.5380392854473741
203,1558569600,452,198,0,650,21,-0.6149071418837568,-0.201943450917499
203,1558584000,64,26,0,90,21,-0.6149071418837568,-1.0680681907969025
203,1558598400,163,335,172,498,21,0.2805358540324009,-0.4370344517419085
203,1558612800,814,1570,756,2384,21,3.320877189003541,2.4799499400662253
203,1558627200,669,700,31,1369,21,-0.4535191600616586,0.9100988490348066
203,1558641600,1106,551,0,1657,21,-0.6149071418837568,1.3555344295442142
203,1558656000,413,232,0,645,21,-0.6149071418837568,-0.2096767075235651
203,1558670400,53,24,0,77,21,-0.6149071418837568,-1.0881746579726743
203,1558684800,139,327,188,466,21,0.36383287690832256,-0.4865272940207316
203,1558687218,147,205,58,352,21,-0.3129554339585408,-0.6628455446390388
203,1558688988,132,276,144,408,21,0.13476606399953803,-0.5762330706510984
203,1558699200,337,833,496,1170,21,1.9673005672698143,0.6023152361133758
203,1558713600,757,650,0,1407,21,-0.6149071418837568,0.968871599240909
203,1558728000,879,542,0,1421,21,-0.6149071418837568,0.9905247177378941
203,1558742400,367,267,0,634,21,-0.6149071418837568,-0.22668987205691055
203,1558756800,68,68,0,136,21,-0.6149071418837568,-0.9969222300210944
203,1558771200,31,96,65,127,21,-0.2765129864503251,-1.0108420919120134
203,1558785600,158,489,331,647,21,1.1083000188618721,-0.20658340488113866
203,1558800000,359,542,183,901,21,0.337802557259597,0.1862660307070194
203,1558814400,419,506,87,925,21,-0.16197957999593285,0.22338566241613667
203,1558828800,222,233,11,455,21,-0.5576404386565607,-0.503540458554077
203,1558843200,69,52,0,121,21,-0.6149071418837568,-1.0201219998392927
203,1558857600,22,60,38,82,21,-0.41707671255344286,-1.0804414013666084
203,1558872000,175,287,112,462,21,-0.031827981752305265,-0.49271389930558446
203,1558886400,249,456,207,705,21,0.4627480915734795,-0.11687762825077187
203,1558900800,314,359,45,673,21,-0.3806342650452272,-0.16637047052959492
203,1558915200,170,166,0,336,21,-0.6149071418837568,-0.6875919657784503
203,1558929600,36,34,0,70,21,-0.6149071418837568,-1.099001217221167
203,1558944000,17,70,53,87,21,-0.33898575360726635,-1.0727081447605422
203,1558958400,140,344,204,484,21,0.4471298997842442,-0.4586875702388936
203,1558972800,297,453,156,750,21,0.19723883115647925,-0.04727831879617694
203,1558987200,337,386,49,723,21,-0.35981000932624674,-0.08903790446893389
203,1559001600,181,159,0,340,22,-0.6141164177147236,-0.8000767125417604
203,1559016000,31,16,0,47,22,-0.6141164177147236,-1.2130459657399102
203,1559030400,173,319,146,492,22,0.012068878762949802,-0.5858401033741195
203,1559044800,742,1589,847,2331,22,3.0186160899331487,2.006140977279115
203,1559059200,591,611,20,1202,22,-0.528337609978056,0.41487037365893986
203,1559073600,1140,598,0,1738,22,-0.6141164177147236,1.1703363112500946
203,1559088000,365,171,0,536,22,-0.6141164177147236,-0.5238242428255919
203,1559102400,54,21,0,75,22,-0.6141164177147236,-1.173581327209029
203,1559116800,173,373,200,546,22,0.24367165965195228,-0.5097297290645629
203,1559131200,785,1556,771,2341,22,2.692656620533812,2.0202354910401437
203,1559145600,623,800,177,1423,22,0.14502603075478457,0.7263591277776809
203,1559160000,1213,508,0,1721,22,-0.6141164177147236,1.1463756378563452
203,1559174400,366,148,0,514,22,-0.6141164177147236,-0.5548321730998557
203,1559188800,54,21,0,75,22,-0.6141164177147236,-1.173581327209029
203,1559203200,167,334,167,501,22,0.10213662688645077,-0.5731550409891933
203,1559217600,847,1607,760,2454,22,2.6454782762786446,2.1795034965397715
203,1559232000,668,755,87,1423,22,-0.2409786040602196,0.7263591277776809
203,1559246400,1178,662,0,1840,22,-0.6141164177147236,1.3141003516125904
203,1559260800,401,222,0,623,22,-0.6141164177147236,-0.40120197310463956
203,1559275200,65,30,0,95,22,-0.6141164177147236,-1.145392299686971
203,1559289600,156,345,189,501,22,0.1964933153967851,-0.5731550409891933
203,1559304000,596,1219,623,1815,22,2.057893443282472,1.2788640672100178
203,1559318400,675,772,97,1447,22,-0.19808920019188578,0.7601859608041505
203,1559332800,1013,621,0,1634,22,-0.6141164177147236,1.023753368135393
203,1559347200,385,284,0,669,22,-0.6141164177147236,-0.3363672098039061
203,1559361600,101,70,0,171,22,-0.6141164177147236,-1.0382739951031505
203,1559376000,47,96,49,143,22,-0.403958338759888,-1.0777386336340318
203,1559390400,224,628,404,852,22,1.1186154985659618,-0.07843760797707532
203,1559404800,436,638,202,1074,22,0.25224954042561903,0.2344605975177686
203,1559419200,478,523,45,1001,22,-0.4211141003072215,0.13157064706225685
203,1559433600,290,304,14,594,22,-0.5540712522990563,-0.44207606301162367
203,1559448000,102,81,0,183,22,-0.6141164177147236,-1.0213605785899158
203,1559462400,25,62,37,87,22,-0.4554256234018885,-1.1566679106957942
203,1559476800,137,360,223,497,22,0.34231728854912,-0.578792846493605
203,1559491200,399,560,161,959,22,0.07640298456545049,0.07237368926593503
203,1559505600,458,436,0,894,22,-0.6141164177147236,-0.0192406501807535
203,1559520000,212,158,0,370,22,-0.6141164177147236,-0.7577931712586734
203,1559534400,35,22,0,57,22,-0.6141164177147236,-1.1989514519788813
203,1559548800,178,385,207,563,22,0.27369424235978596,-0.4857690556708136
203,1559563200,801,1460,659,2261,22,2.2122952972084735,1.9074793809519117
203,1559571832,318,390,72,708,22,-0.30531270986272024,-0.281398606135893
203,1559577600,264,222,0,486,22,-0.6141164177147236,-0.5942968116307369
203,1559592000,1191,555,0,1746,22,-0.6141164177147236,1.1816119222589176
203,1559606400,407,182,0,589,23,-0.6354387684152983,-0.45913537752602385
203,1559620800,44,22,0,66,23,-0.6354387684152983,-1.2227129816041375
203,1559635200,179,347,168,526,23,0.12046135648426483,-0.5511150889159305
203,1559641701,550,908,358,1458,23,0.9753484025016279,0.8096006414871326
203,1559645368,114,393,279,507,23,0.6198953675786191,-0.5788550018747912
203,1559649600,129,257,128,386,23,-0.05951486372991687,-0.7555144475601674
203,1559664000,596,677,81,1273,23,-0.27098692248158035,0.5395014889929625
203,1559678400,1152,563,0,1715,23,-0.6354387684152983,1.1848194641411962
203,1559692800,430,201,0,631,23,-0.6354387684152983,-0.39781556993275274
203,1559707200,53,41,0,94,23,-0.6354387684152983,-1.1818331098752903
203,1559721600,174,369,195,543,23,0.2419453051288375,-0.5262951667948446
203,1559736000,796,1625,829,2421,23,3.094568395523617,2.2155762298757056
203,1559750400,627,705,78,1332,23,-0.284485138997644,0.6256412187073194
203,1559764800,1151,555,0,1706,23,-0.6354387684152983,1.1716795053712095
203,1559779200,451,200,0,651,23,-0.6354387684152983,-0.36861566155500464
203,1559793600,61,25,0,86,23,-0.6354387684152983,-1.1935130732263894
203,1559808000,163,402,239,565,23,0.4399191473644374,-0.4941752675793216
203,1559822400,866,1587,721,2453,23,2.608632600945327,2.2622960832801025
203,1559836800,626,744,118,1370,23,-0.10450891878346229,0.6811210446250409
203,1559851200,1167,723,0,1890,23,-0.6354387684152983,1.4403186624464923
203,1559865600,472,243,0,715,23,-0.6354387684152983,-0.2751759547462106
203,1559880000,77,33,0,110,23,-0.6354387684152983,-1.1584731831730917
203,1559894400,174,405,231,579,23,0.403923903321601,-0.4737353317148979
203,1559908800,737,1402,665,2139,23,2.356665892645472,1.8038575217494568
203,1559923200,690,683,0,1373,23,-0.6354387684152983,0.6855010308817031
203,1559937600,1018,636,0,1654,23,-0.6354387684152983,1.0957597435890645
203,1559952000,376,285,0,661,23,-0.6354387684152983,-0.3540157073661306
203,1559966400,100,74,0,174,23,-0.6354387684152983,-1.0650334763642977
203,1559980800,44,118,74,162,23,-0.3024827610190622,-1.0825534213909465
203,1559995200,198,578,380,776,23,1.074335323619428,-0.18611623419407877
203,1560009600,435,626,191,1061,23,0.2239476831074193,0.22998246018883217
203,1560024000,456,492,36,948,23,-0.4734601702225348,0.0650029778545552
203,1560038400,295,334,39,629,23,-0.45996195370647114,-0.4007355607705276
203,1560052800,89,68,0,157,23,-0.6354387684152983,-1.0898533984853835
203,1560067200,38,61,23,99,23,-0.5319524417921438,-1.1745331327808533
203,1560081600,171,355,184,526,23,0.19245184456993752,-0.5511150889159305
203,1560096000,323,487,164,810,23,0.10246373446284666,-0.13647638995190695
203,1560110400,391,393,2,784,23,-0.6264399574045892,-0.17443627084297952
203,1560124800,220,134,0,354,23,-0.6354387684152983,-0.8022343009645645
203,1560139200,29,21,0,50,23,-0.6354387684152983,-1.2460729083063362
203,1560153600,151,355,204,506,23,0.28243995467702837,-0.5803149972936786
203,1560168000,774,1601,827,2375,23,3.0855695845129083,2.148416440606885
203,1560182400,590,573,0,1163,23,-0.6354387684152983,0.37890199291534765
203,1560196800,1112,574,0,1686,23,-0.6354387684152983,1.1424795969934614
203,1560211200,412,178,0,590,24,-0.6064520392964721,-0.6997878327330176
203,1560225600,56,22,0,78,24,-0.6064520392964721,-1.3413122201265806
203,1560240000,181,361,180,542,24,0.03661934257902114,-0.7599307440511641
203,1560254400,792,1577,785,2369,24,2.198053709438318,1.5292588179957887
203,1560268800,628,749,121,1377,24,-0.17416516592461276,0.2863053174207601
203,1560283200,1231,603,0,1834,24,-0.6064520392964721,0.8589159522622802
203,1560297600,418,189,0,607,24,-0.6064520392964721,-0.6784872183078406
203,1560312000,57,26,0,83,24,-0.6064520392964721,-1.3350473335309403
203,1560326400,190,382,192,572,24,0.07949076803738736,-0.7223414244773225
203,1560340800,874,1624,750,2498,24,2.0730120518514163,1.6908928921633073
203,1560355200,671,765,94,1436,24,-0.27062587320593673,0.3602309792493152
203,1560369600,1242,647,0,1889,24,-0.6064520392964721,0.9278297048143231
203,1560384000,471,251,0,722,24,-0.6064520392964721,-0.5343948266081145
203,1560398400,66,22,0,88,24,-0.6064520392964721,-1.3287824469353
203,1560412800,204,329,125,533,24,-0.159874690771824,-0.7712075399233166
203,1560427200,859,1649,790,2508,24,2.215916803379304,1.7034226653545879
203,1560441600,652,676,24,1328,24,-0.5207091883797397,0.2249094287834855
203,1560456000,1169,651,0,1820,24,-0.6064520392964721,0.8413742697944875
203,1560470400,442,290,0,732,24,-0.6064520392964721,-0.5218650534168341
203,1560484800,80,28,0,108,24,-0.6064520392964721,-1.303722900552739
203,1560499200,160,323,163,483,24,-0.024115176820330996,-0.8338564058797192
203,1560513600,703,1497,794,2200,24,2.2302072785320926,1.3175056510631475
203,1560528000,696,752,56,1448,24,-0.4063853871574298,0.37526670707885185
203,1560542400,1077,642,0,1719,24,-0.6064520392964721,0.7148235605625541
203,1561176000,84,71,0,155,25,-0.6501998610742606,-0.9619461932162902
203,1561190400,54,94,40,148,25,-0.44738522550981236,-0.973209756828682
203,1561204800,174,497,323,671,25,0.987528321108659,-0.13166064693140414
203,1561219200,420,610,190,1030,25,0.3131696578568685,0.44599925833269294
203,1561233600,514,552,38,1066,25,-0.45752595728803475,0.5039261569107082
203,1561248000,298,324,26,622,25,-0.5183703479573692,-0.2105055922181472
203,1561262400,111,76,0,187,25,-0.6501998610742606,-0.9104556167024989
203,1561276800,35,64,29,99,25,-0.5031592502900356,-1.0520547021154252
203,1561291200,162,413,251,575,25,0.622461977092652,-0.2861323764727783
203,1561305600,370,583,213,953,25,0.42978807330642627,0.3221000585963824
203,1561320000,401,445,44,846,25,-0.4271037619533675,0.14992844337839248
203,1561334400,227,184,0,411,25,-0.6501998610742606,-0.5500215811059591
203,1561348800,34,26,0,60,25,-0.6501998610742606,-1.1148088422416083
203,1561363200,172,309,137,481,25,0.04444026573397462,-0.4373859449820405
203,1561377600,811,1624,813,2435,25,3.47200760677315,2.7067573833913454
203,1561392000,610,686,76,1296,25,-0.26485205350180896,0.8740146756035838
203,1561406400,1168,595,0,1763,25,-0.6501998610742606,1.6254552766017267
203,1561420800,405,191,0,596,26,-0.6034351974231575,-0.5372774169202265
203,1561435200,44,22,0,66,26,-0.6034351974231575,-1.254162587491721
203,1561449600,165,313,148,478,26,0.05152432539548175,-0.6968858133870875
203,1561464000,855,1565,710,2420,26,2.5386003512338284,1.9298896606692186
203,1561478400,638,660,22,1298,26,-0.5060763494366031,0.4122572807046587
203,1561492800,1144,644,0,1788,26,-0.6034351974231575,1.0750379101009462
203,1561507200,436,211,0,647,26,-0.6034351974231575,-0.4682941269218374
203,1561521600,56,24,0,80,26,-0.6034351974231575,-1.2352259980803986
203,1561536000,193,363,170,556,26,0.14888317338203624,-0.5913819580954336
203,1561550400,837,1576,739,2413,26,2.666937014488832,1.9204213659635574
203,1561564800,639,741,102,1380,26,-0.1520441749400413,0.5231715901138333
203,1561579200,1137,598,0,1735,26,-0.6034351974231575,1.0033493930437967
203,1561593600,440,230,0,670,26,-0.6034351974231575,-0.4371840157460933
203,1561608000,59,26,0,85,26,-0.6034351974231575,-1.2284629304334977
203,1561622400,186,370,184,556,26,0.21083880391893456,-0.5913819580954336
203,1561636800,933,1601,668,2534,26,2.3527334596231335,2.084087603018559
203,1561651200,665,698,33,1363,26,-0.45739692544332583,0.5001771601143703
203,1561665600,1133,715,0,1848,26,-0.6034351974231575,1.156194721863757
203,1561680000,448,262,0,710,26,-0.6034351974231575,-0.38307947457088615
203,1561694400,74,43,0,117,26,-0.6034351974231575,-1.185179297493332
203,1561708800,161,330,169,491,26,0.14445777120082923,-0.6793018375051453
203,1561723200,723,1392,669,2115,26,2.3571588618043404,1.5173425342082643
203,1561737600,683,745,62,1428,26,-0.3290602621883222,0.5880970395240819
203,1561752000,1016,678,0,1694,26,-0.6034351974231575,0.9478922383392093
203,1561766400,400,275,0,675,26,-0.6034351974231575,-0.4304209480991924
203,1561780800,99,82,0,181,26,-0.6034351974231575,-1.0986120316130006
203,1561795200,36,93,57,129,26,-0.3511872730943573,-1.16894793514077
203,1561809600,177,450,273,627,26,0.6046995980463595,-0.495346397509441
203,1561824000,364,516,152,880,26,0.06922593412030983,-0.15313517457625583
203,1561838400,444,452,8,896,26,-0.5680319799735014,-0.131493358106173
203,1561852800,203,304,101,507,26,-0.15646957712124832,-0.6576600210350624
203,1561867200,86,67,0,153,26,-0.6034351974231575,-1.1364852104356455
203,1561881600,36,51,15,87,26,-0.5370541647050523,-1.2257577033747373
203,1561896000,179,550,371,729,26,1.0383890118046477,-0.3573798175126628
203,1561910400,861,929,68,1790,26,-0.3025078491010801,1.0777431371597064
203,1561924800,843,656,0,1499,26,-0.6034351974231575,0.6841326001100746
203,1561939200,497,202,0,699,26,-0.6034351974231575,-0.3979582233940681
203,1561953600,88,49,0,137,26,-0.6034351974231575,-1.1581270269057284
203,1561968000,156,306,150,462,26,0.06037512975789579,-0.7185276298571704
203,1561982400,758,1510,752,2268,26,2.7244672428445234,1.7242924042034316
203,1561996800,572,676,104,1248,26,-0.14319337057762724,0.3446266042356498
203,1562011200,1110,570,0,1680,26,-0.6034351974231575,0.9289556489278868
203,1562025600,420,179,0,599,27,-0.6105020827438792,-0.22225671032707145
203,1562040000,60,27,0,87,27,-0.6105020827438792,-1.04700361263481
203,1562054400,174,357,183,531,27,0.34652810448219773,-0.33179340828981796
203,1562068800,812,1655,843,2467,27,3.7981123862811637,2.7867808160613183
203,1562083200,612,708,96,1320,27,-0.10845345993675684,0.9391544548367555
203,1562097600,1140,666,0,1806,27,-0.6105020827438792,1.7220196785116793
203,1562112000,416,174,0,590,27,-0.6105020827438792,-0.23675421446919967
203,1562126400,68,21,0,89,27,-0.6105020827438792,-1.0437819450476702
203,1562140800,155,340,185,495,27,0.35698745079067945,-0.38978342485833084
203,1562155200,720,1370,650,2090,27,2.788785467512678,2.179496475885503
203,1562169600,722,722,0,1444,27,-0.6105020827438792,1.138897845239411
203,1562184000,951,562,0,1513,27,-0.6105020827438792,1.2500453769957272
203,1562198400,365,233,0,598,27,-0.6105020827438792,-0.22386754412064125
203,1562212800,73,46,0,119,27,-0.6105020827438792,-0.9954569312405762
203,1562227200,33,61,28,94,27,-0.46407123442513515,-1.0357277760798214
203,1562241600,144,242,98,386,27,-0.09799411362827512,-0.5653643083574392
203,1562256000,249,296,47,545,27,-0.36470744449455883,-0.3092417351798407
203,1562270400,210,233,23,443,27,-0.4902196001963394,-0.4735467821239605
203,1562284800,126,361,235,487,27,0.6184711085027224,-0.40267009520688923
203,1562299200,44,82,38,126,27,-0.41177450288272655,-0.9841810946855877
203,1562313600,62,197,135,259,27,0.09550379307863659,-0.769940200140804
203,1562328000,314,707,393,1021,27,1.4447594668727777,0.45751515055938485
203,1562342400,455,613,158,1068,27,0.2157862756261763,0.5332243388571655
203,1562356800,590,491,0,1081,27,-0.6105020827438792,0.5541651781735729
203,1562371200,281,233,0,514,27,-0.6105020827438792,-0.3591775827805046
203,1562385600,81,55,0,136,27,-0.6105020827438792,-0.9680727567498896
203,1562400000,34,72,38,106,27,-0.41177450288272655,-1.0163977705569835
203,1562414400,181,476,295,657,27,0.9322514977571738,-0.12882835030002296
203,1562428800,320,451,131,771,27,0.07458510046167316,0.05480670216693443
203,1562443200,404,425,21,829,27,-0.5006789465048211,0.14823506219398294
203,1562457600,215,233,18,448,27,-0.5163679659675438,-0.4654926131561115
203,1562472000,63,57,0,120,27,-0.6105020827438792,-0.9938460974470065
203,1562486400,29,63,34,92,27,-0.43269319549969,-1.0389494436669608
203,1562500800,143,374,231,517,27,0.5975524158857589,-0.3543450813997952
203,1562515200,310,510,200,820,27,0.4354325481042923,0.13373755805185472
203,1562529600,346,332,0,678,27,-0.6105020827438792,-0.09500084063505712
203,1562544000,222,173,0,395,27,-0.6105020827438792,-0.550866804215311
203,1562558400,31,14,0,45,27,-0.6105020827438792,-1.1146586319647416
203,1562572800,176,300,124,476,27,0.037977388381987165,-0.420389266936157
203,1562587200,793,1434,641,2227,27,2.741718409124511,2.4001807056045656
203,1562601600,552,610,58,1162,27,-0.3071810397979094,0.6846427154527269
203,1562616000,1146,556,0,1702,27,-0.6105020827438792,1.5544929639804197
203,1562630400,406,189,0,595,28,-0.620002124602546,-0.4704756602285635
203,1562644800,47,18,0,65,28,-0.620002124602546,-1.1857811855811913
203,1562659200,180,377,197,557,28,0.25750344826120103,-0.5217617167632802
203,1562673600,847,1664,817,2511,28,3.019196114126801,2.1154212955745213
203,1562688000,582,667,85,1249,28,-0.2413829687983912,0.4121843653952452
203,1562702400,1158,578,0,1736,28,-0.620002124602546,1.069455668879641
203,1562716800,417,188,0,605,28,-0.620002124602546,-0.4569793295615328
203,1562731200,54,23,0,77,28,-0.620002124602546,-1.1695855887807545
203,1562745600,172,359,187,531,28,0.21296001816659457,-0.5568521764975601
203,1562760000,835,1578,743,2413,28,2.6895747314267133,1.9831572550376204
203,1562774400,632,701,69,1333,28,-0.3126524569497615,0.5255535429983033
203,1562788800,1133,633,0,1766,28,-0.620002124602546,1.109944660880733
203,1562803200,415,172,0,587,28,-0.620002124602546,-0.4812727247621881
203,1562817600,57,22,0,79,28,-0.620002124602546,-1.1668863226473485
203,1562832000,190,362,172,552,28,0.1461448730246849,-0.5285098820967956
203,1562846400,951,1529,578,2480,28,1.9546081348657065,2.073582670506726
203,1562860800,652,713,61,1365,28,-0.34828720102544664,0.5687418011328015
203,1562875200,1177,574,0,1751,28,-0.620002124602546,1.0897001648801872
203,1562889600,432,179,0,611,28,-0.620002124602546,-0.44888153116131435
203,1562904000,64,26,0,90,28,-0.620002124602546,-1.1520403589136146
203,1562918400,153,342,189,495,28,0.22186870418551585,-0.6054389668988707
203,1562932800,826,1533,707,2359,28,2.52921838308613,1.9102770694356546
203,1562947200,648,745,97,1393,28,-0.18793085268486345,0.6065315270004875
203,1562961600,987,635,0,1622,28,-0.620002124602546,0.9155974992754908
203,1562976000,411,279,0,690,28,-0.620002124602546,-0.3422605188917717
203,1562990400,108,76,0,184,28,-0.620002124602546,-1.0251748506435259
203,1563004800,49,107,58,156,28,-0.36165023005382857,-1.062964576511212
203,1563019200,212,492,280,704,28,0.6272139180464346,-0.3233656559579287
203,1563033600,436,557,121,993,28,-0.08102662045780798,0.06667830031925892
203,1563048000,457,563,106,1020,28,-0.14784176559971765,0.10311839312024185
203,1563062400,250,229,0,479,28,-0.620002124602546,-0.6270330959661198
203,1563076800,80,56,0,136,28,-0.620002124602546,-1.0899572378452733
203,1563091200,39,46,7,85,28,-0.5888217235363215,-1.1587885242471299
203,1563105600,182,386,204,568,28,0.2886838493274255,-0.5069157530295465
203,1563120000,354,467,113,821,28,-0.11666136453349313,-0.16545858715366937
203,1563134400,352,429,77,781,28,-0.27701771287407634,-0.21944390982179224
203,1563148800,228,168,0,396,28,-0.620002124602546,-0.7390526405024748
203,1563163200,32,20,0,52,28,-0.620002124602546,-1.2033264154483314
203,1563177600,186,328,142,514,28,0.01251458274086556,-0.5797959386315124
203,1563192000,792,1506,714,2298,28,2.5603987841523543,1.8279494523667672
203,1563206400,552,674,122,1226,28,-0.07657227744834733,0.38114280486107455
203,1563220800,1146,560,0,1706,28,-0.620002124602546,1.0289666768785488
203,1563235200,402,181,0,583,29,-0.5267404556797255,-0.5247360810315869
203,1563249600,43,25,0,68,29,-0.5267404556797255,-1.164607624199544
203,1563264000,192,372,180,564,29,0.4261568510775669,-0.548342992332929
203,1563278400,904,1590,686,2494,29,3.1048570578508445,1.849622208277085
203,1563292800,621,672,51,1293,29,-0.256752885431826,0.3574169202290919
203,1563307200,1142,567,0,1709,29,-0.5267404556797255,0.874284030826898
203,1563321600,436,204,0,640,29,-0.5267404556797255,-0.4539153471275606
203,1563336000,53,17,0,70,29,-0.5267404556797255,-1.1621226861678238
203,1563350400,161,351,190,512,29,0.47909559034186094,-0.6129513811576548
203,1563364800,879,1615,736,2494,29,3.3695507541723146,1.849622208277085
203,1563379200,645,640,0,1285,29,-0.5267404556797255,0.34747716810221096
203,1563393600,1155,558,0,1713,29,-0.5267404556797255,0.8792539068903384
203,1563408000,416,169,0,585,29,-0.5267404556797255,-0.5222511429998666
203,1563422400,47,23,0,70,29,-0.5267404556797255,-1.1621226861678238
203,1563436800,165,333,168,498,29,0.3626303639604141,-0.6303459473796963
203,1563451200,840,1510,670,2350,29,3.020155075027974,1.670706669993229
203,1563465600,605,684,79,1289,29,-0.10852441549180275,0.3524470441656514
203,1563480000,1170,614,0,1784,29,-0.5267404556797255,0.9674692070164064
203,1563494400,405,184,0,589,29,-0.5267404556797255,-0.5172812669364262
203,1563508800,66,33,0,99,29,-0.5267404556797255,-1.1260910847078807
203,1563523200,141,311,170,452,29,0.37321811181327286,-0.6874995221092615
203,1563537600,996,1387,391,2383,29,1.5431642495541709,1.7117081475166127
203,1563552000,1055,801,0,1856,29,-0.5267404556797255,1.0569269761583344
203,1563566400,1631,752,0,2383,29,-0.5267404556797255,1.7117081475166127
203,1563580800,603,263,0,866,29,-0.5267404556797255,-0.1731173495431755
203,1563595200,136,74,0,210,29,-0.5267404556797255,-0.9881770239474083
203,1563609600,50,118,68,168,29,-0.16675702868252618,-1.040360722613533
203,1563624000,280,493,213,773,29,0.6008546906497372,-0.2886669680181658
203,1563638400,539,585,46,1124,29,-0.283222255063973,0.14743965654873312
203,1563652800,558,404,0,962,29,-0.5267404556797255,-0.05384032402060485
203,1563667200,369,250,0,619,29,-0.5267404556797255,-0.4800071964606229
203,1563681600,83,59,0,142,29,-0.5267404556797255,-1.0726649170258957
203,1563696000,35,56,21,91,29,-0.4155691032247081,-1.1360308368347616
203,1563710400,197,314,117,511,29,0.09264279371251455,-0.6141938501735149
203,1563724800,389,439,50,828,29,-0.26204675935825544,-0.2203311721458597
203,1563739200,440,307,0,747,29,-0.5267404556797255,-0.3209711624305287
203,1563753600,276,128,0,404,29,-0.5267404556797255,-0.7471380348705468
203,1563768000,58,19,0,77,29,-0.5267404556797255,-1.153425403056803
203,1563782400,268,301,33,569,29,-0.3520426161075553,-0.5421306472536285
203,1563796800,1234,1544,310,2778,29,1.1143604615133893,2.2024834087813563
203,1563811200,902,588,0,1490,29,-0.5267404556797255,0.6021833163535337
203,1563825600,1619,483,0,2102,29,-0.5267404556797255,1.3625743540599216
203,1563840000,447,121,0,568,30,-0.5207765798102174,-0.6257938804072565
203,1563854400,45,21,0,66,30,-0.5207765798102174,-1.1867018502455677
203,1563868800,265,341,76,606,30,0.03369935172887999,-0.5833347113756712
203,1563883200,1192,1732,540,2924,30,3.4189208284938952,2.0066745995510327
203,1563897600,827,619,0,1446,30,-0.5207765798102174,0.3552363935330567
203,1563912000,1550,587,0,2137,30,-0.5207765798102174,1.1273228619758315
203,1563926400,476,167,0,643,30,-0.5207765798102174,-0.5419928888975487
203,1563940800,82,21,0,103,30,-0.5207765798102174,-1.1453600277674452
203,1563955200,275,383,108,658,30,0.2671629018506052,-0.5252326905956071
203,1563969600,1273,1642,369,2915,30,2.171349982530926,1.9966184805698677
203,1563984000,830,669,0,1499,30,-0.5207765798102174,0.41445576086658353
203,1563998400,1648,666,0,2314,30,-0.5207765798102174,1.325093201938742
203,1564012800,593,234,0,827,30,-0.5207765798102174,-0.33640112306039877
203,1564027200,63,33,0,96,30,-0.5207765798102174,-1.1531814536416845
203,1564041600,263,326,63,589,30,-0.06114521550807088,-0.6023296027845383
203,1564056000,1264,1574,310,2838,30,1.7409015619939956,1.9105827959532342
203,1564070400,908,675,0,1583,30,-0.5207765798102174,0.5083128713574563
203,1564084800,1630,678,0,2308,30,-0.5207765798102174,1.3183891226179656
203,1564099200,563,210,0,773,30,-0.5207765798102174,-0.3967378369473884
203,1564113600,88,29,0,117,30,-0.5207765798102174,-1.1297171760189664
203,1564128000,235,307,72,542,30,0.004516407963664337,-0.6548448907972886
203,1564142400,1119,1477,358,2596,30,2.091096887176583,1.6401849300152436
203,1564156800,964,668,0,1632,30,-0.5207765798102174,0.5630628524771322
203,1564171200,1376,731,0,2107,30,-0.5207765798102174,1.0938024653719485
203,1564185600,478,251,0,729,30,-0.5207765798102174,-0.4459010852997503
203,1564200000,122,104,0,226,30,-0.5207765798102174,-1.0079264016915244
203,1564214400,50,116,66,166,30,-0.039258007684159144,-1.0749671948992905
203,1564228800,282,551,269,833,30,1.4417763884005352,-0.3296970437396221
203,1564243200,560,554,0,1114,30,-0.5207765798102174,-0.015722662216583392
203,1564257600,645,540,0,1185,30,-0.5207765798102174,0.06360894307927337
203,1564272000,382,328,0,710,30,-0.5207765798102174,-0.46713066981554296
203,1564286400,103,104,1,207,30,-0.5134808438689135,-1.029155986207317
203,1564300800,48,56,8,104,30,-0.4624106922797861,-1.1442426812139823
203,1564315200,206,382,176,588,30,0.7632729458592713,-0.603446949338001
203,1564329600,462,528,66,990,30,-0.039258007684159144,-0.15427363484596704
203,1564344000,527,450,0,977,30,-0.5207765798102174,-0.16879914004098306
203,1564358400,275,208,0,483,30,-0.5207765798102174,-0.7207683374515921
203,1564372800,35,22,0,57,30,-0.5207765798102174,-1.1967579692267327
203,1564387200,273,332,59,605,30,-0.09032815927328654,-0.584452057929134
203,1564401600,1163,1620,457,2783,30,2.8133747453656706,1.849128735512782
203,1564416000,782,613,0,1395,30,-0.5207765798102174,0.29825171930645533
203,1564430400,1656,684,0,2340,30,-0.5207765798102174,1.3541442123287741
203,1564444800,467,179,0,646,31,-0.5343945959816997,-0.7198133270659753
203,1564459200,44,24,0,68,31,-0.5343945959816997,-1.3126208830538173
203,1564473600,283,365,82,648,31,-0.011426637308410318,-0.7177620898480244
203,1564488000,1220,1656,436,2876,31,2.2462643062323755,1.5673161709494015
203,1564502400,809,678,0,1487,31,-0.5343945959816997,0.14273192308242455
203,1564516800,1629,688,0,2317,31,-0.5343945959816997,0.9939953685320939
203,1564531200,474,198,0,672,31,-0.5343945959816997,-0.6931472432326122
203,1564545600,48,25,0,73,31,-0.5343945959816997,-1.30749279000894
203,1564560000,264,350,86,614,31,0.014083994821994045,-0.7526331225531915
203,1564574400,1212,1715,503,2927,31,2.673567394416649,1.619622720007152
203,1564588800,917,641,0,1558,31,-0.5343945959816997,0.21555084431968544
203,1564603200,1520,746,0,2266,31,-0.5343945959816997,0.9416888194743431
203,1564617600,495,212,0,707,31,-0.5343945959816997,-0.6572505919184696
203,1564632000,59,24,0,83,31,-0.5343945959816997,-1.2972366039191847
203,1564646400,276,336,60,612,31,-0.1517351140256343,-0.7546843597711426
203,1564660800,1218,1606,388,2824,31,1.9401367206675233,1.513984003282675
203,1564675200,894,724,0,1618,31,-0.5343945959816997,0.27708796085821574
203,1564689600,1616,869,0,2485,31,-0.5343945959816997,1.1662992948399789
203,1564704000,555,273,0,828,31,-0.5343945959816997,-0.5331507402324334
203,1564718400,71,36,0,107,31,-0.5343945959816997,-1.2726217573037726
203,1564732800,236,317,81,553,31,-0.017804295341011408,-0.8151958577006974
203,1564747200,1128,1503,375,2631,31,1.8572271662437092,1.3160396117504025
203,1564761600,868,722,0,1590,31,-0.5343945959816997,0.2483706398069016
203,1564776000,1397,761,0,2158,31,-0.5343945959816997,0.8309220097049886
203,1565409600,122,79,0,201,32,-0.6014584693163846,-0.9302199217820385
203,1565424000,55,117,62,172,32,0.01163362609896298,-0.9724170529412716
203,1565438400,273,529,256,802,32,1.9300185698179537,-0.05572075534413935
203,1565452800,585,672,87,1257,32,0.25884818070192567,0.6063376818093451
203,1565467200,646,481,0,1127,32,-0.6014584693163846,0.4171781283369209
203,1565481600,391,315,0,706,32,-0.6014584693163846,-0.1954078102160833
203,1565496000,116,94,0,210,32,-0.6014584693163846,-0.9171242603877938
203,1565510400,44,61,17,105,32,-0.4333525721863699,-1.0699069766539826
203,1565524800,233,324,91,557,32,0.29840250943839974,-0.41221375996524634
203,1565539200,481,505,24,986,32,-0.36413249689754035,0.21201276649375325
203,1565553600,539,467,0,1006,32,-0.6014584693163846,0.24111423625874157
203,1565568000,272,145,0,417,32,-0.6014584693163846,-0.6159240483201647
203,1565582400,40,32,0,72,32,-0.6014584693163846,-1.1179244017662133
203,1565596800,233,365,132,598,32,0.7038343789872586,-0.3525557469470203
203,1565611200,1082,1447,365,2529,32,3.007874027886871,2.4571911588626025
203,1565625600,690,620,0,1310,32,-0.6014584693163846,0.6834565766865641
203,1565640000,1611,619,0,2230,32,-0.6014584693163846,2.0221241858760273
203,1565654400,489,154,0,643,33,-0.5364647387746249,-0.47696477414970423
203,1565668800,63,17,0,80,33,-0.5364647387746249,-1.1385567661557778
203,1565683200,267,399,132,666,33,0.5126218614957526,-0.449937037353719
203,1565683499,28,17,0,45,33,-0.5364647387746249,-1.1796859308453207
203,1565697600,1150,1561,411,2711,33,2.730009448430869,1.9531812995067086
203,1565706015,423,348,0,771,33,-0.5364647387746249,-0.32654954328509067
203,1565712000,357,313,0,670,33,-0.5364647387746249,-0.4452365613891998
203,1565726400,1585,655,0,2240,33,-0.5364647387746249,1.3997002546845758
203,1565740800,471,146,0,617,33,-0.5364647387746249,-0.5075178679190788
203,1565755200,71,25,0,96,33,-0.5364647387746249,-1.1197548622977012
203,1565769600,254,386,132,640,33,0.5126218614957526,-0.48049013112309363
203,1565784000,1209,1639,430,2848,33,2.8810143378637263,2.1141726012914903
203,1565798400,854,696,0,1550,33,-0.5364647387746249,0.5888681508050184
203,1565812800,1596,653,0,2249,33,-0.5364647387746249,1.410276325604744
203,1565827200,512,200,0,712,33,-0.5364647387746249,-0.3958815637617485
203,1565841600,85,28,0,113,33,-0.5364647387746249,-1.0997778394484947
203,1565856000,246,375,129,621,33,0.48877898421688043,-0.5028173919545597
203,1565870400,1198,1426,228,2624,33,1.2755939344196636,1.8509459472784167
203,1565884800,841,728,0,1569,33,-0.5364647387746249,0.6111954116364845
203,1565899200,1609,707,0,2316,33,-0.5364647387746249,1.4890092980104401
203,1565913600,569,204,0,773,33,-0.5364647387746249,-0.3241993053028311
203,1565928000,89,43,0,132,33,-0.5364647387746249,-1.0774505786170288
203,1565942400,189,333,144,522,33,0.6079933706112415,-0.6191541720764092
203,1565956800,1005,1449,444,2454,33,2.992281098498463,1.6511757187863516
203,1565971200,866,755,0,1621,33,-0.5364647387746249,0.6723015991752338
203,1565985600,1315,643,0,1958,33,-0.5364647387746249,1.068316699185974
203,1566000000,448,246,0,694,33,-0.5364647387746249,-0.41703370560208475
203,1566014400,113,60,0,173,33,-0.5364647387746249,-1.029270699980707
203,1566028800,53,122,69,175,33,0.011921438639436108,-1.0269204619984476
203,1566043200,293,502,209,795,33,1.1245890449868061,-0.2983466874979756
203,1566057600,649,579,0,1228,33,-0.5364647387746249,0.2104798356612249
203,1566072000,745,490,0,1235,33,-0.5364647387746249,0.21870566859913348
203,1566086400,378,273,0,651,33,-0.5364647387746249,-0.4675638222206659
203,1566100800,103,65,0,168,33,-0.5364647387746249,-1.0351462949363561
203,1566115200,38,55,17,93,33,-0.4013551008610156,-1.1232802192710907
203,1566129600,240,352,112,592,33,0.3536693463032712,-0.5368958426973237
203,1566144000,538,514,0,1052,33,-0.5364647387746249,0.003658893222381281
203,1566158400,557,375,0,932,33,-0.5364647387746249,-0.13735538571319394
203,1566172800,266,145,0,411,33,-0.5364647387746249,-0.7495923800918163
203,1566187200,33,24,0,57,33,-0.5364647387746249,-1.165584502951763
203,1566201600,214,350,136,564,33,0.5444123645342489,-0.5697991744489579
203,1566216000,1129,1506,377,2635,33,2.4597901726036504,1.8638722561808443
203,1566230400,716,665,0,1381,33,-0.5364647387746249,0.3902730413040833
203,1566244800,1553,521,0,2074,33,-0.5364647387746249,1.2046305021570303
203,1566259200,468,151,0,619,34,-0.5251955104713317,-0.4779422510095998
203,1566273600,79,27,0,106,34,-0.5251955104713317,-1.1389014127716561
203,1566288000,258,306,48,564,34,-0.26901497596608015,-0.5488053190347716
203,1566302400,1189,1707,518,2896,34,2.2394194243978416,2.45578876523251
203,1566316800,828,659,0,1487,34,-0.5251955104713317,0.640405804369474
203,1566331200,1541,605,0,2146,34,-0.5251955104713317,1.4894742012528952
203,1566345600,436,203,0,639,34,-0.5251955104713317,-0.4521738626368101
203,1566360000,87,21,0,108,34,-0.5251955104713317,-1.1363245739343772
203,1566374400,249,372,123,621,34,0.13126710919837548,-0.4753654121723208
203,1566388800,1156,1617,461,2773,34,1.9352050396728555,2.297313176739853
203,1566403200,635,693,58,1328,34,-0.21564403127748608,0.4355471168057957
203,1566417600,1137,548,0,1685,34,-0.5251955104713317,0.8955128492600922
203,1566432000,385,213,0,598,34,-0.5251955104713317,-0.504999058801029
203,1566446400,87,19,0,106,34,-0.5251955104713317,-1.1389014127716561
203,1566460800,194,310,116,504,34,0.09390744791635963,-0.6261104841531407
203,1566475200,977,1666,689,2643,34,3.1520625785728007,2.12981865231672
203,1566489600,593,673,80,1266,34,-0.09822795296257908,0.3556651128501476
203,1566504000,1129,625,0,1754,34,-0.5251955104713317,0.9844137891462168
203,1566518400,414,219,0,633,34,-0.5251955104713317,-0.459904379148647
203,1566532800,63,35,0,98,34,-0.5251955104713317,-1.149208768120772
203,1566547200,157,314,157,471,34,0.31272832113959537,-0.6686283249682438
203,1566561600,765,1418,653,2183,34,2.959927177693862,1.5371457197425562
203,1566576000,645,667,22,1312,34,-0.40777943215642476,0.414932406107564
203,1566590400,958,542,0,1500,34,-0.5251955104713317,0.6571552568117873
203,1566604800,402,285,0,687,34,-0.5251955104713317,-0.3903297305421148
203,1566619200,112,79,0,191,34,-0.5251955104713317,-1.0293857621872997
203,1566633600,70,104,34,174,34,-0.3437342985301119,-1.051288892304171
203,1566648000,242,511,269,753,34,0.9104829016518491,-0.3052940489119087
203,1566662400,546,583,37,1129,34,-0.32772301512353363,0.17915165249653803
203,1566676800,575,444,0,1019,34,-0.5251955104713317,0.03742551644619458
203,1566691200,356,271,0,627,34,-0.5251955104713317,-0.46763489566048394
203,1566705600,101,87,0,188,34,-0.5251955104713317,-1.0332510204432184
203,1566720000,46,54,8,100,34,-0.4824987547204565,-1.146631929283493
203,1566734400,214,352,138,566,34,0.21132352623126663,-0.5462284801974926
203,1566748800,556,501,0,1057,34,-0.5251955104713317,0.08638545435449504
203,1566763200,532,439,0,971,34,-0.5251955104713317,-0.024418615648500747
203,1566777600,292,193,0,485,34,-0.5251955104713317,-0.6505904531072909
203,1566792000,33,22,0,55,34,-0.5251955104713317,-1.20461080312227
203,1566806400,179,255,76,434,34,-0.1195763308380167,-0.7162998434579048
203,1566820800,797,1370,573,2167,34,2.532959620185109,1.5165310090443245
203,1566835200,573,646,73,1219,34,-0.13558761424459495,0.29510940017409176
203,1566849600,1146,570,0,1716,34,-0.5251955104713317,0.9354538512379162
203,1566864000,408,181,0,589,35,-0.556298794831856,-0.3760746675497973
203,1566878400,67,22,0,89,35,-0.556298794831856,-1.1247302764744105
203,1566892800,200,381,181,581,35,0.26630059017335106,-0.3880531572925911
203,1566907200,837,1613,776,2450,35,2.9704256403285894,2.4104215088676133
203,1566921600,611,650,39,1261,35,-0.37905362347714283,0.6301184708448828
203,1566936000,1183,629,0,1812,35,-0.556298794831856,1.4551369518798065
203,1566950400,420,223,0,643,35,-0.556298794831856,-0.29521986178593906
203,1566964800,70,23,0,93,35,-0.556298794831856,-1.1187410316030135
203,1566979200,172,364,192,536,35,0.31629281799134706,-0.4554321620958063
203,1566993600,823,1633,810,2456,35,3.1249470717660315,2.4194053761747085
203,1567008000,631,690,59,1321,35,-0.2881586638080592,0.7199571439158364
203,1567022400,1188,552,0,1740,35,-0.556298794831856,1.3473305441946621
203,1567036800,400,243,0,643,35,-0.556298794831856,-0.29521986178593906
203,1567051200,68,20,0,88,35,-0.556298794831856,-1.1262275876922596
203,1567065600,149,328,179,477,35,0.25721109420644267,-0.5437735239489107
203,1567080000,819,1521,702,2340,35,2.63411428955298,2.245717274904198
203,1567094400,638,662,24,1300,35,-0.44722484322895556,0.6885136083410026
203,1567108800,1149,595,0,1744,35,-0.556298794831856,1.353319789066059
203,1567123200,428,228,0,656,35,-0.556298794831856,-0.2757548159538991
203,1567137600,64,38,0,102,35,-0.556298794831856,-1.1052652306423705
203,1567152000,136,318,182,454,35,0.2708453381568052,-0.5782116819594428
203,1567166400,568,1327,759,1895,35,2.8931649246098683,1.5794137829612924
203,1567180800,710,630,0,1340,35,-0.556298794831856,0.7484060570549717
203,1567195200,841,559,0,1400,35,-0.556298794831856,0.8382447301259253
203,1567209600,365,291,0,656,35,-0.556298794831856,-0.2757548159538991
203,1567224000,108,72,0,180,35,-0.556298794831856,-0.9884749556501309
203,1567238400,53,98,45,151,35,-0.3517851355764178,-1.0318969809677585
203,1567252800,220,491,271,711,35,0.6753279086842274,-0.19340269897219167
203,1567267200,406,563,157,969,35,0.15722663857045066,0.19290359523290873
203,1567281600,450,509,59,959,35,-0.2881586638080592,0.17793048305441644
203,1567296000,281,261,0,542,35,-0.556298794831856,-0.44644829478871095
203,1567310400,103,63,0,166,35,-0.556298794831856,-1.00943731270002
203,1567324800,32,56,24,88,35,-0.44722484322895556,-1.1262275876922596
203,1567339200,170,343,173,513,35,0.22994260630571758,-0.4898703201063385
203,1567353600,373,522,149,895,35,0.12086865470281721,0.08210256511206597
203,1567368000,368,433,65,801,35,-0.2608901759073341,-0.05864468936576131
203,1567382400,239,203,0,442,35,-0.556298794831856,-0.5961794165736336
203,1567396800,60,46,0,106,35,-0.556298794831856,-1.0992759857709735
203,1567411200,35,78,43,113,35,-0.3608746315433261,-1.088794807246029
203,1567425600,188,337,149,525,35,0.12086865470281721,-0.4719025854921478
203,1567440000,335,438,103,773,35,-0.08818975253607517,-0.10056940346553965
203,1567454400,372,315,0,687,35,-0.556298794831856,-0.22933816820057312
203,1567468800,198,170,0,368,36,-0.5829482222404753,-0.7999430917291045
203,1567483200,39,25,0,64,36,-0.5829482222404753,-1.1873529458937686
203,1567497600,184,421,237,605,36,0.29478080577067145,-0.4979163304230998
203,1567512000,832,1619,787,2451,36,2.331704710437889,1.8545790340110122
203,1567526400,611,651,40,1262,36,-0.4348083019010412,0.33934772939987506
203,1567540800,1138,553,0,1691,36,-0.5829482222404753,0.8860543985993519
203,1567555200,404,182,0,586,36,-0.5829482222404753,-0.5221294463083913
203,1567569600,62,16,0,78,36,-0.5829482222404753,-1.1695117026098696
203,1567584000,196,404,208,600,36,0.18737936352458176,-0.5042882030244923
203,1567598400,896,1760,864,2656,36,2.6168740570913,2.1158258106681047
203,1567612800,627,751,124,1378,36,-0.1237144691882297,0.48717517375218117
203,1567627200,1237,605,0,1842,36,-0.5829482222404753,1.0784849511614054
203,1567641600,440,220,0,660,36,-0.5829482222404753,-0.4278257318077823
203,1567656000,63,24,0,87,36,-0.5829482222404753,-1.1580423319273632
203,1567670400,202,400,198,602,36,0.15034438343972326,-0.5017394539839353
203,1567684800,945,1674,729,2619,36,2.11690182594571,2.0686739534178002
203,1567699200,646,716,70,1362,36,-0.3237033616464656,0.4667851814277251
203,1567713600,1274,668,0,1942,36,-0.5829482222404753,1.2059224031892555
203,1567728000,450,204,0,654,36,-0.5829482222404753,-0.4354719789294533
203,1567742400,76,24,0,100,36,-0.5829482222404753,-1.1414754631637427
203,1567756800,162,402,240,564,36,0.305891299796129,-0.5501656857545183
203,1567771200,822,1630,808,2452,36,2.409478168616092,1.8558534085312905
203,1567785600,706,730,24,1436,36,-0.4940642700368148,0.5610888959283342
203,1567800000,1147,571,0,1718,36,-0.5829482222404753,0.9204625106468713
203,1567814400,341,262,0,603,36,-0.5829482222404753,-0.5004650794636568
203,1567828800,94,74,0,168,36,-0.5829482222404753,-1.0548179957848045
203,1567843200,46,120,74,166,36,-0.3088893696125222,-1.0573667448253616
203,1567857600,222,574,352,796,36,0.7206830767465443,-0.2545107970499062
203,1567872000,478,651,173,1129,36,0.05775693322757698,0.1698559182028345
203,1567886400,539,565,26,1104,36,-0.4866572740198431,0.13799655519587198
203,1567900800,309,302,0,611,36,-0.5829482222404753,-0.4902700833014288
203,1567915200,85,93,8,178,36,-0.5533202381725884,-1.0420742505820195
203,1567929600,42,56,14,98,36,-0.5310992501216732,-1.1440242122042996
203,1567944000,192,424,232,616,36,0.2762633157282422,-0.4838982107000363
203,1567958400,392,567,175,959,36,0.06516392924454868,-0.0467877502445106
203,1567972800,394,413,19,807,36,-0.512581760079244,-0.2404926773268427
203,1567987200,232,176,0,408,36,-0.5829482222404753,-0.7489681109179644
203,1568001600,46,22,0,68,36,-0.5829482222404753,-1.1822554478126546
203,1568016000,187,366,179,553,36,0.07997792127849208,-0.5641838054775818
203,1568030400,800,1828,1028,2628,36,3.2242477304829795,2.0801433241003067
203,1568044800,650,652,2,1302,36,-0.5755412262235036,0.3903227102110151
203,1568059200,1266,583,0,1849,36,-0.5829482222404753,1.087405572803355
203,1568073600,434,224,0,658,37,-0.6589944617577038,-0.5054348167174996
203,1568088000,67,22,0,89,37,-0.6589944617577038,-1.2437527415289176
203,1568102400,215,413,198,628,37,0.11449854374364614,-0.5443619480783828
203,1568116800,926,1624,698,2550,37,2.067763709151096,1.949569601108868
203,1568131200,657,702,45,1359,37,-0.48320059687103334,0.40416248608180466
203,1568145600,1291,698,0,1989,37,-0.6589944617577038,1.221632244660352
203,1568160000,493,200,0,693,37,-0.6589944617577038,-0.46001983012980247
203,1568174400,61,21,0,82,37,-0.6589944617577038,-1.252835738846457
203,1568188800,206,409,203,615,37,0.13403119539772063,-0.5612303716680987
203,1568203200,850,1744,894,2594,37,2.8334436539908157,2.00666272710483
203,1568217600,660,716,56,1376,37,-0.4402287632320695,0.42622119385297186
203,1568232000,1245,706,0,1951,37,-0.6589944617577038,1.1723245449365667
203,1568246400,486,208,0,694,37,-0.6589944617577038,-0.4587222590844397
203,1568260800,79,27,0,106,37,-0.6589944617577038,-1.2216940337577504
203,1568275200,192,385,193,577,37,0.09496589208957165,-0.6105380713918842
203,1568289600,897,1677,780,2574,37,2.3880991962779174,1.9807113061975745
203,1568304000,699,728,29,1427,37,-0.5457050821640718,0.4923973171664733
203,1568318400,1277,671,0,1948,37,-0.6589944617577038,1.1684318318004783
203,1568332800,487,210,0,697,37,-0.6589944617577038,-0.45482954594835134
203,1568347200,70,37,0,107,37,-0.6589944617577038,-1.2203964627123878
203,1568361600,180,420,240,600,37,0.2785728176378719,-0.5806939373485404
203,1568376000,778,1626,848,2404,37,2.6537432587733307,1.7601242284859029
203,1568390400,737,747,10,1484,37,-0.6199291584495548,0.5663588667521514
203,1568404800,1176,621,0,1797,37,-0.6589944617577038,0.9724986039506994
203,1568419200,444,334,0,778,37,-0.6589944617577038,-0.3497262912739667
203,1568433600,103,101,0,204,37,-0.6589944617577038,-1.0945320713121987
203,1568448000,43,142,99,185,37,-0.2722479590070288,-1.1191859211740913
203,1568462400,228,681,453,909,37,1.1106637781014452,-0.17974448433144338
203,1568476800,446,776,330,1222,37,0.6301605474112127,0.2263952528671047
203,1568491200,547,703,156,1250,37,-0.0495757301505796,0.2627272421372624
203,1568505600,312,352,40,664,37,-0.5027332485251078,-0.4976493904453229
203,1568520000,89,131,42,220,37,-0.4949201878634781,-1.0737709345863944
203,1568534400,39,96,57,135,37,-0.43632223290125455,-1.18406447344223
203,1568548800,181,517,336,698,37,0.6535997293961021,-0.4535319749029886
203,1568563200,395,673,278,1068,37,0.42702097020883806,0.026569311881237602
203,1568577600,437,596,159,1033,37,-0.037856139158134905,-0.01884567470645947
203,1568592000,233,201,0,434,37,-0.6589944617577038,-0.7960907308787608
203,1568606400,37,28,0,65,37,-0.6589944617577038,-1.2748944466176242
203,1568620800,199,387,188,586,37,0.07543324043549715,-0.5988599319836192
203,1568635200,859,1598,739,2457,37,2.2279314527145067,1.82889549389013
203,1568649600,634,648,14,1282,37,-0.6043030371262952,0.30424951558887114
203,1568664000,1217,590,0,1807,37,-0.6589944617577038,0.9854743144043272
203,1568678400,401,168,0,569,38,-0.6344796864911693,-0.6028661170756514
203,1568692800,68,24,0,92,38,-0.6344796864911693,-1.2139681100676367
203,1568707200,203,415,212,618,38,0.19901207044559246,-0.5400904406467053
203,1568721600,872,1728,856,2600,38,2.7309398603855666,1.999121614091481
203,1568736000,667,795,128,1462,38,-0.1312393804161433,0.5411885574355496
203,1568750400,1260,610,0,1870,38,-0.6344796864911693,1.0638921489255495
203,1568764800,472,185,0,657,38,-0.6344796864911693,-0.49012612675427886
203,1568779200,77,47,0,124,38,-0.6344796864911693,-1.172971749950774
203,1568793600,201,419,218,620,38,0.2226014597928593,-0.5375281681394014
203,1568808000,909,1807,898,2716,38,2.8960655858164346,2.1477334195151085
203,1568822400,718,757,39,1475,38,-0.4811486557339348,0.5578433287330251
203,1568836800,1284,595,0,1879,38,-0.6344796864911693,1.0754223752084173
203,1568851200,483,209,0,692,38,-0.6344796864911693,-0.4452863578764602
203,1568865600,72,61,0,133,38,-0.6344796864911693,-1.1614415236679063
203,1568880000,196,396,200,592,38,0.1518332917510588,-0.5733999832416563
203,1568894400,904,1696,792,2600,38,2.4793197073480537,1.999121614091481
203,1568908800,666,755,89,1421,38,-0.2845704111733778,0.4886619710358192
203,1568923200,1251,594,0,1845,38,-0.6344796864911693,1.0318637425842505
203,1568937600,515,261,0,776,38,-0.6344796864911693,-0.3376709125696955
203,1568952000,91,43,0,134,38,-0.6344796864911693,-1.1601603874142543
203,1568966400,175,400,225,575,38,0.2501224140313373,-0.5951792995537396
203,1568980800,839,1605,766,2444,38,2.377099020176564,1.7992643585217751
203,1568995200,725,844,119,1569,38,-0.16662346443704354,0.6782701365763094
203,1569009600,1148,649,0,1797,38,-0.6344796864911693,0.9703692024089564
203,1569024000,454,287,0,741,38,-0.6344796864911693,-0.38251068144751416
203,1569038400,98,82,0,180,38,-0.6344796864911693,-1.1012281197462641
203,1569052800,47,108,61,155,38,-0.3946542281272897,-1.133256526087563
203,1569067200,242,620,378,862,38,0.8516518423866417,-0.22749319475562688
203,1569081600,485,711,226,1196,38,0.25405397892254844,0.20040631396412803
203,1569096000,584,629,45,1213,38,-0.45755926638666794,0.22218563027621135
203,1569110400,300,324,24,624,38,-0.5401221291021019,-0.5324036231247935
203,1569124800,80,93,13,173,38,-0.5833693429054244,-1.110196073521828
203,1569139200,43,72,29,115,38,-0.5204643046460462,-1.1845019762336415
203,1569153600,152,421,269,573,38,0.42311126924462744,-0.5977415720610435
203,1569168000,384,620,236,1004,38,0.29336962783465986,-0.04557184673704844
203,1569182400,445,487,42,932,38,-0.46935396106030136,-0.13781365699998963
203,1569196800,231,188,0,419,38,-0.6344796864911693,-0.7950365551234455
203,1569211200,45,26,0,71,38,-0.6344796864911693,-1.240871971394328
203,1569225600,204,383,179,587,38,0.06927042903562486,-0.5798056645099161
203,1569240000,867,1552,685,2419,38,2.0586422639884616,1.7672359521804761
203,1569254400,636,685,49,1321,38,-0.44183300682182336,0.3605483456706231
203,1569268800,1207,610,0,1817,38,-0.6344796864911693,0.9959919274819957
203,1569283200,445,147,0,592,39,-0.5754727942295829,-0.5982771626673705
203,1569297600,60,14,0,74,39,-0.5754727942295829,-1.274298662147547
203,1569312000,219,434,215,653,39,0.3061898002551699,-0.5186684532691258
203,1569326400,973,1505,532,2478,39,1.606129532588503,1.863067524629179
203,1569340800,644,682,38,1326,39,-0.41964405659971954,0.3596374717311806
203,1569355200,1261,604,0,1865,39,-0.5754727942295829,1.0630652482173102
203,1569369600,539,175,0,714,39,-0.5754727942295829,-0.43905974387088115
203,1569384000,74,24,0,98,39,-0.5754727942295829,-1.242977202712172
203,1569398400,224,418,194,642,39,0.22007391893340336,-0.533024122177006
203,1569412800,907,1729,822,2636,39,2.795348846079565,2.069267132578731
203,1569427200,721,809,88,1530,39,-0.21460624392884683,0.6258698769318678
203,1569441600,1290,704,0,1994,39,-0.5754727942295829,1.2314180926824505
203,1569456000,538,184,0,722,39,-0.5754727942295829,-0.42861925739242285
203,1569470400,93,32,0,125,39,-0.5754727942295829,-1.2077405608473752
203,1569484800,190,371,181,561,39,0.16676408763897646,-0.6387340477713965
203,1569499200,927,1748,821,2675,39,2.7912480898261474,2.1201645041612154
203,1569513600,699,731,32,1430,39,-0.44424859412022427,0.4953637959511388
203,1569528000,1266,637,0,1903,39,-0.5754727942295829,1.1126575589899872
203,1569542400,479,204,0,683,39,-0.5754727942295829,-0.47951662897490716
203,1569556800,100,31,0,131,39,-0.5754727942295829,-1.1999101959885314
203,1569571200,198,352,154,550,39,0.05604366879670517,-0.6530897166792767
203,1569585600,840,1600,760,2440,39,2.5411019583676824,1.813475213856502
203,1569600000,696,788,92,1484,39,-0.198203218915177,0.5658370796807325
203,1569614400,1143,682,0,1825,39,-0.5754727942295829,1.0108628158250186
203,1569628800,462,291,0,753,39,-0.5754727942295829,-0.38816237228839684
203,1569643200,138,88,0,226,39,-0.5754727942295829,-1.075929419056839
203,1569657600,72,156,84,228,39,-0.23100926894251664,-1.0733192974372243
203,1569672000,273,653,380,926,39,0.9828145820690499,-0.16238685219173557
203,1569686400,637,734,97,1371,39,-0.17769943764808974,0.41836520817250866
203,1569700800,671,640,0,1311,39,-0.5754727942295829,0.34006155958407125
203,1569715200,431,332,0,763,39,-0.5754727942295829,-0.37511176419032394
203,1569729600,134,93,0,227,39,-0.5754727942295829,-1.0746243582470316
203,1569744000,63,69,6,132,39,-0.5508682567090781,-1.1986051351787241
203,1569758400,218,449,231,667,39,0.37180190030984916,-0.5003976019318238
203,1569772800,496,561,65,1057,39,-0.3089236377574483,0.008576113893019464
203,1569787200,562,495,0,1057,39,-0.5754727942295829,0.008576113893019464
203,1569801600,323,169,0,492,39,-0.5754727942295829,-0.7287832436480997
203,1569816000,67,30,0,97,39,-0.5754727942295829,-1.2442822635219792
203,1569830400,127,326,199,453,39,0.24057770020049063,-0.779680615230584
203,1569844800,771,1603,832,2374,39,2.836356408613739,1.727341200409221
203,1569859200,577,648,71,1225,39,-0.28431910023694357,0.22782632994064425
203,1569873600,1135,493,0,1628,39,-0.5754727942295829,0.7537658362929823
203,1569888000,348,115,0,463,40,-0.5876355694631406,-0.7271522458411197
203,1569902400,54,15,0,69,40,-0.5876355694631406,-1.2243596076930616
203,1569916800,216,349,133,565,40,-0.07353497572451827,-0.5984335887119367
203,1569931200,859,1692,833,2551,40,2.6322576228998096,1.90779438245039
203,1569945600,632,687,55,1319,40,-0.3750375795712291,0.3530749159488862
203,1569960000,1188,607,0,1795,40,-0.5876355694631406,0.9537619825517399
203,1569974400,458,185,0,643,40,-0.5876355694631406,-0.5000016744366792
203,1569988800,47,15,0,62,40,-0.5876355694631406,-1.2331932410254567
203,1570003200,211,423,212,634,40,0.2318330461202273,-0.5113592030069013
203,1570017600,924,1754,830,2678,40,2.6206613689057052,2.068061730052412
203,1570032000,678,753,75,1431,40,-0.297729219610534,0.49441304926720475
203,1570046400,1289,597,0,1886,40,-0.5876355694631406,1.0685992158728739
203,1570060800,502,189,0,691,40,-0.5876355694631406,-0.43942818872882844
203,1570075200,61,31,0,92,40,-0.5876355694631406,-1.1953348124580498
203,1570089600,198,369,171,567,40,0.07335090820080237,-0.5959096934741097
203,1570104000,914,1725,811,2639,40,2.547218426943045,2.018845772914783
203,1570118400,662,685,23,1347,40,-0.4987309555083412,0.3884094492784658
203,1570132800,1304,631,0,1935,40,-0.5876355694631406,1.1304346491996382
203,1570147200,474,206,0,680,40,-0.5876355694631406,-0.45330961253687757
203,1570161600,70,27,0,97,40,-0.5876355694631406,-1.189025074363482
203,1570176000,195,332,137,527,40,-0.058073303732379254,-0.646387598230652
203,1570190400,834,1566,732,2400,40,2.2418504050982992,1.7172402919944427
203,1570204800,746,757,11,1503,40,-0.5451159714847582,0.585273277828981
203,1570219200,1163,659,0,1822,40,-0.5876355694631406,0.987834568262406
203,1570233600,407,300,0,707,40,-0.5876355694631406,-0.4192370268262115
203,1570248000,101,55,0,156,40,-0.5876355694631406,-1.114570164847582
203,1570262400,49,137,88,186,40,-0.2474787856360822,-1.0767117362801755
203,1570276800,262,654,392,916,40,0.9276082857664829,-0.1554899744732778
203,1570291200,577,781,204,1358,40,0.20090970213594925,0.40229087308651496
203,1570305600,639,664,25,1303,40,-0.4910001195122717,0.33288375404626924
203,1570320000,362,340,0,702,40,-0.5876355694631406,-0.4255467649207793
203,1570334400,111,73,0,184,40,-0.5876355694631406,-1.0792356315180025
203,1570348800,41,78,37,119,40,-0.44461510353585465,-1.1612622267473838
203,1570363200,182,441,259,623,40,0.4135076920278607,-0.5252406268149504
203,1570377600,436,725,289,1161,40,0.5294702319689033,0.153687192160544
203,1570392000,489,474,0,963,40,-0.5876355694631406,-0.09617843638434057
203,1570406400,259,143,0,402,40,-0.5876355694631406,-0.8041310505948468
203,1570420800,34,20,0,54,40,-0.5876355694631406,-1.243288821976765
203,1570435200,196,399,203,595,40,0.1970442841379145,-0.56057516014453
203,1570449600,890,1719,829,2609,40,2.61679595090767,1.9809873443473764
203,1570464000,686,722,36,1408,40,-0.4484805215338894,0.4653882540321929
203,1570478400,1207,598,0,1805,40,-0.5876355694631406,0.9663814587408756
203,1570492800,485,201,0,686,41,-0.5331570449114253,-0.22328669718901153
203,1570507200,67,22,0,89,41,-0.5331570449114253,-0.9992918096691601
203,1570521600,214,400,186,614,41,0.30981482140551714,-0.3168752534680244
203,1570536000,927,1670,743,2597,41,2.834198313548189,2.260709567383122
203,1570550400,689,736,47,1425,41,-0.3201480249281119,0.7372958457303013
203,1570564800,1179,591,0,1770,41,-0.5331570449114253,1.1857410112339046
203,1570570806,232,80,0,312,41,-0.5331570449114253,-0.7094272534161062
203,1570570887,5,0,0,5,41,-0.5331570449114253,-1.1084784586613416
203,1570570968,4,0,0,4,41,-0.5331570449114253,-1.1097782997207726
203,1570571048,5,0,0,5,41,-0.5331570449114253,-1.1084784586613416
203,1570571129,4,1,0,5,41,-0.5331570449114253,-1.1084784586613416
203,1570571209,3,0,0,3,41,-0.5331570449114253,-1.1110781407802033
203,1570571290,2,0,0,2,41,-0.5331570449114253,-1.112377981839634
203,1570571370,4,1,0,5,41,-0.5331570449114253,-1.1084784586613416
203,1570579200,248,89,0,337,41,-0.5331570449114253,-0.6769312269303379
203,1570593600,83,37,0,120,41,-0.5331570449114253,-0.9589967368268073
203,1570608000,154,332,178,486,41,0.2735579669402723,-0.48325490907515845
203,1570622400,818,1498,680,2316,41,2.5486755846343856,1.8954542296830856
203,1570636800,572,679,107,1251,41,-0.048221616438775636,0.5111235013893535
203,1570651200,1087,584,0,1671,41,-0.5331570449114253,1.057056746350262
203,1570665600,477,204,0,681,41,-0.5331570449114253,-0.2297859024861652
203,1570680000,84,30,0,114,41,-0.5331570449114253,-0.9667957831833917
203,1570694400,188,394,206,582,41,0.4004569575686292,-0.3584701673698079
203,1570708800,928,1762,834,2690,41,3.2466200330903487,2.3815947859101803
203,1570723200,691,792,101,1483,41,-0.07541425728770926,0.8126866271772839
203,1570737600,1288,607,0,1895,41,-0.5331570449114253,1.3482211436627465
203,1570752000,596,232,0,828,41,-0.5331570449114253,-0.03870926674984724
203,1570766400,101,59,0,160,41,-0.5331570449114253,-0.9070030944495779
203,1570780800,183,355,172,538,41,0.24636532609133865,-0.41566317398476027
203,1570795200,842,1630,788,2472,41,3.038143119915191,2.0982294349542805
203,1570809600,709,691,0,1400,41,-0.5331570449114253,0.7047998192445329
203,1570824000,1150,607,0,1757,41,-0.5331570449114253,1.1688430774613052
203,1570838400,477,293,0,770,41,-0.5331570449114253,-0.11410004819682984
203,1570852800,117,44,0,161,41,-0.5331570449114253,-0.9057032533901471
203,1570867200,56,114,58,170,41,-0.27029485003840026,-0.8940046838552705
203,1570881600,322,656,334,978,41,0.9805666290125467,0.15626689216476294
203,1570896000,659,760,101,1419,41,-0.07541425728770926,0.7294967993737169
203,1570910400,706,537,0,1243,41,-0.5331570449114253,0.5007247729139076
203,1570924800,414,316,0,730,41,-0.5331570449114253,-0.16609369057405923
203,1570939200,107,70,0,177,41,-0.5331570449114253,-0.8849057964392554
203,1570953600,34,61,27,95,41,-0.410790161091224,-0.9914927633125756
203,1570968000,235,462,227,697,41,0.4956312005398969,-0.20898844553527346
203,1570982400,500,595,95,1095,41,-0.1026068981366429,0.3083482961181589
203,1570996800,586,570,0,1156,41,-0.5331570449114253,0.3876386007434337
203,1571011200,304,174,0,478,41,-0.5331570449114253,-0.4936536375506043
203,1571025600,60,20,0,80,41,-0.5331570449114253,-1.0109903792040367
203,1571040000,123,308,185,431,41,0.3052827145973615,-0.5547461673438489
203,1571054400,698,1307,609,2005,41,2.226896001255338,1.4912036602001273
203,1571068800,562,766,204,1328,41,0.391392743952318,0.61121126296552
203,1571083200,962,611,0,1573,41,-0.5331570449114253,0.92967232252605
203,1571097600,387,192,0,579,42,-0.5851780037845021,-0.6044774914103516
203,1571112000,57,33,0,90,42,-0.5851780037845021,-1.222342355720599
203,1571126400,209,406,197,615,42,0.21379275583810034,-0.5589905075347505
203,1571140800,958,1664,706,2622,42,2.2781385256244184,1.976908843530007
203,1571155200,692,823,131,1515,42,-0.0538827270811472,0.5781840893552753
203,1571169600,1270,637,0,1907,42,-0.5851780037845021,1.0734868026673754
203,1571184000,503,228,0,731,42,-0.5851780037845021,-0.412421337268925
203,1571198400,67,19,0,86,42,-0.5851780037845021,-1.2273964650401101
203,1571212800,230,372,142,602,42,-0.009270146594605943,-0.575416362823162
203,1571227200,916,1740,824,2656,42,2.756709843570952,2.0198687727458524
203,1571241600,738,742,4,1480,42,-0.5689552472439416,0.5339606328095521
203,1571256000,1227,577,0,1804,42,-0.5851780037845021,0.9433434876899613
203,1571270400,513,178,0,691,42,-0.5851780037845021,-0.4629624304640373
203,1571284800,67,23,0,90,42,-0.5851780037845021,-1.222342355720599
203,1571299200,199,378,179,577,42,0.14079035140557827,-0.6070045460701072
203,1571313600,921,1644,723,2565,42,2.3470852409218006,1.9048877857269721
203,1571328000,703,812,109,1515,42,-0.1431078880542297,0.5781840893552753
203,1571342400,1274,730,0,2004,42,-0.5851780037845021,1.1960489536655226
203,1571356800,535,243,0,778,42,-0.5851780037845021,-0.3530355527646681
203,1571371200,98,41,0,139,42,-0.5851780037845021,-1.1604295165565865
203,1571385600,166,299,133,465,42,-0.04577134881086697,-0.7485196070164215
203,1571400000,800,1631,831,2431,42,2.785099667516933,1.735575123523346
203,1571414400,724,774,50,1498,42,-0.38239354702749645,0.5567041247473525
203,1571428800,1199,693,0,1892,42,-0.5851780037845021,1.0545338927192083
203,1571443200,458,266,0,724,42,-0.5851780037845021,-0.42126602857806966
203,1571457600,123,72,0,195,42,-0.5851780037845021,-1.0896719860834292
203,1571472000,48,99,51,147,42,-0.3783378578923563,-1.1503212979175639
203,1571486400,298,705,407,1003,42,1.0654874742175242,-0.06874190354216164
203,1571500800,608,762,154,1370,42,0.039398123027075425,0.3949726265229933
203,1571515200,634,587,0,1221,42,-0.5851780037845021,0.20670705437120018
203,1571529600,361,346,0,707,42,-0.5851780037845021,-0.44274599318599234
203,1571544000,112,106,0,218,42,-0.5851780037845021,-1.0606108574962396
203,1571558400,53,64,11,117,42,-0.5405654232979609,-1.1882271178138981
203,1571572800,208,438,230,646,42,0.3476304972977241,-0.5198211603085385
203,1571587200,451,603,152,1054,42,0.0312867447567952,-0.004302009718393511
203,1571601600,464,429,0,893,42,-0.5851780037845021,-0.20772990982872036
203,1571616000,227,164,0,391,42,-0.5851780037845021,-0.8420206294273792
203,1571630400,45,19,0,64,42,-0.5851780037845021,-1.255194066297422
203,1571644800,177,359,182,536,42,0.1529574188109986,-0.6588091665950973
203,1571659200,870,1638,768,2508,42,2.529591252003106,1.832866727923937
203,1571673600,684,760,76,1444,42,-0.2769456295138535,0.488473648933951
203,1571688000,1217,624,0,1841,42,-0.5851780037845021,0.9900939988954401
203,1571702400,508,177,0,685,43,-0.6155516733685388,-0.491997248211217
203,1571716800,89,28,0,117,43,-0.6155516733685388,-1.2110492823548666
203,1571731200,219,386,167,605,43,0.021432604738119677,-0.5932721825976465
203,1571745600,910,1722,812,2632,43,2.481641343533297,1.9727814674185116
203,1571760000,659,725,66,1384,43,-0.3638093838174043,0.392892490990211
203,1571774400,1256,615,0,1871,43,-0.6155516733685388,1.0094036540676008
203,1571788800,519,174,0,693,43,-0.6155516733685388,-0.48186975477257404
203,1571803200,79,23,0,102,43,-0.6155516733685388,-1.230038332552322
203,1571817600,195,433,238,628,43,0.2922462798613098,-0.564155638961548
203,1571832000,905,1708,803,2613,43,2.447312849503597,1.9487286705017346
203,1571846400,719,780,61,1499,43,-0.3828807693894599,0.5384752091707035
203,1571860800,1215,714,0,1929,43,-0.6155516733685388,1.0828279814977622
203,1571875200,579,226,0,805,43,-0.6155516733685388,-0.3400848466315727
203,1571889600,91,27,0,118,43,-0.6155516733685388,-1.2097833456750362
203,1571904000,216,351,135,567,43,-0.10062426292303643,-0.6413777764312005
203,1571918400,920,1784,864,2704,43,2.679983753482676,2.0639289083662984
203,1571932800,723,806,83,1529,43,-0.2989666728724151,0.5764533095656146
203,1571947200,1286,671,0,1957,43,-0.6155516733685388,1.1182742085330124
203,1571961600,607,218,0,825,43,-0.6155516733685388,-0.3147661130349653
203,1571976000,97,35,0,132,43,-0.6155516733685388,-1.192060232157411
203,1571990400,191,330,139,521,43,-0.08536715446539192,-0.6996108637033975
203,1572004800,857,1654,797,2511,43,2.4244271868171303,1.8196031291590369
203,1572019200,716,760,44,1476,43,-0.4477234803344491,0.509358665534605
203,1572033600,1138,668,0,1806,43,-0.6155516733685388,0.9271177698786268
203,1572048000,441,288,0,729,43,-0.6155516733685388,-0.43629603429868075
203,1572062400,147,112,0,259,43,-0.6155516733685388,-1.031286273818954
203,1572076800,64,131,67,195,43,-0.3599951067029932,-1.1123062213280979
203,1572091200,232,759,527,991,43,1.3945723659261258,-0.10462062418312404
203,1572105600,566,863,297,1429,43,0.5172886296115664,0.44985964158257763
203,1572120000,643,724,81,1367,43,-0.3065952271012374,0.37137156743309474
203,1572134400,360,396,36,756,43,-0.47823769724973814,-0.4021157439432608
203,1572148800,133,141,8,274,43,-0.5850374564532497,-1.0122972236214987
203,1572163200,51,70,19,121,43,-0.5430804081947274,-1.2059855356355451
203,1572177600,169,453,284,622,43,0.4677030271242217,-0.5717512590405303
203,1572192000,369,509,140,878,43,-0.08155287735098078,-0.24767146900395573
203,1572206400,398,495,97,893,43,-0.2455667932706593,-0.2286824188065002
203,1572220800,241,160,0,401,43,-0.6155516733685388,-0.8515232652830418
203,1572235200,48,34,0,82,43,-0.6155516733685388,-1.2553570661489295
203,1572249600,205,374,169,579,43,0.029061158966941936,-0.6261865362732361
203,1572264000,845,1643,798,2488,43,2.4282414639315415,1.7904865855229384
203,1572278400,641,687,46,1328,43,-0.44009492610562684,0.32200003691971035
203,1572292800,1328,664,0,1992,43,-0.6155516733685388,1.1625819923270755
203,1572307200,462,181,0,643,44,-0.5636790746226298,-0.5046870592976831
203,1572321600,58,24,0,82,44,-0.5636790746226298,-1.1961094770304188
203,1572336000,215,428,213,643,44,0.3024065896063027,-0.5046870592976831
203,1572350400,965,1721,756,2686,44,2.5103151139082294,2.013273723996398
203,1572364800,695,751,56,1446,44,-0.3359758013981217,0.4849960092217231
203,1572379200,1280,683,0,1963,44,-0.5636790746226298,1.1221892177205188
203,1572393600,465,237,0,702,44,-0.5636790746226298,-0.43197061964308164
203,1572408000,54,21,0,75,44,-0.5636790746226298,-1.2047368512267276
203,1572422400,227,418,191,645,44,0.21295173226810307,-0.5022220952415949
203,1572436800,939,1750,811,2689,44,2.733952257253728,2.01697117008053
203,1572451200,688,834,146,1522,44,0.029975887712694795,0.5786646433530741
203,1572465600,1283,747,0,2030,44,-0.5636790746226298,1.204765513599473
203,1572480000,493,228,0,721,44,-0.5636790746226298,-0.4085534611102439
203,1572494400,74,26,0,100,44,-0.5636790746226298,-1.1739248005256253
203,1572508800,209,391,182,600,44,0.1763565633570214,-0.5576837865035791
203,1572523200,916,1798,882,2714,44,3.0226474786633726,2.0477832207816324
203,1572537600,650,715,65,1365,44,-0.2993806324870401,0.3851649649501516
203,1572552000,1207,614,0,1821,44,-0.5636790746226298,0.9471767697382577
203,1572566400,553,412,0,965,44,-0.5636790746226298,-0.10782784626748534
203,1572580800,113,89,0,202,44,-0.5636790746226298,-1.048211633665128
203,1572595200,171,362,191,533,44,0.21295173226810307,-0.6402600823825333
203,1572609600,864,1607,743,2471,44,2.457455425481111,1.7482900879669179
203,1572624000,721,768,47,1489,44,-0.3725709703092034,0.537992736427619
203,1572638400,1211,733,0,1944,44,-0.5636790746226298,1.098772059187681
203,1572652800,436,275,0,711,44,-0.5636790746226298,-0.4208782813906848
203,1572667200,89,86,0,175,44,-0.5636790746226298,-1.0814886484223183
203,1572681600,53,96,43,149,44,-0.3888354898252397,-1.1135331811514648
203,1572696000,223,564,341,787,44,0.822871214119464,-0.32720964725933377
203,1572710400,555,644,89,1199,44,-0.20179351539082235,0.18057294829483228
203,1572724800,599,596,0,1195,44,-0.5636790746226298,0.1756430201826559
203,1572739200,320,293,0,613,44,-0.5636790746226298,-0.5416615201390058
203,1572750000,104,84,0,188,44,-0.5636790746226298,-1.065466382057745
203,1572764400,37,33,0,70,44,-0.5636790746226298,-1.210899261366948
203,1572778800,180,333,153,513,44,0.0584387968657583,-0.6649097229434151
203,1572793200,496,589,93,1085,44,-0.18552899587478605,0.040069997097805746
203,1572807600,465,473,8,938,44,-0.5311500355905572,-0.14110486102467584
203,1572822000,274,165,0,439,44,-0.5636790746226298,-0.756113393018678
203,1572836400,56,31,0,87,44,-0.5636790746226298,-1.1899470668901984
203,1572850800,56,171,115,227,44,-0.09607413853658646,-1.0173995829640254
203,1572865200,980,1685,705,2665,44,2.3029424900787667,1.9873916014074717
203,1572879600,578,709,131,1287,44,-0.031016060472441296,0.2890313667627124
203,1572894000,1299,706,0,2005,44,-0.5636790746226298,1.1739534628983708
203,1572908400,599,274,0,873,44,-0.5636790746226298,-0.22121619284754185
203,1572922800,106,55,0,161,45,-0.6509572279063296,-1.0684386683744165
203,1572937200,58,161,103,219,45,-0.24918222891606254,-0.9995527515292724
203,1572951600,997,1789,792,2786,45,2.4384194633586365,2.049242912979087
203,1572966000,597,807,210,1404,45,0.16819568265635082,0.40785779091030916
203,1572980400,1262,648,0,1910,45,-0.6509572279063296,1.008828030973118
203,1572994800,658,302,0,960,45,-0.6509572279063296,-0.11947577942148344
203,1573009200,101,37,0,138,45,-0.6509572279063296,-1.0957554974681805
203,1573023600,67,145,78,212,45,-0.34670043255447686,-1.0078665690795485
203,1573038000,1003,1880,877,2883,45,2.769981355729245,2.164448670461483
203,1573052400,638,804,166,1442,45,-0.0034363557472584048,0.4529899433260932
203,1573066800,1273,685,0,1958,45,-0.6509572279063296,1.0658370656035818
203,1573081200,603,324,0,927,45,-0.6509572279063296,-0.15866949072992748
203,1573095600,97,35,0,132,45,-0.6509572279063296,-1.1028816267969885
203,1573110000,55,153,98,208,45,-0.2686858696437454,-1.0126173219654204
203,1573124400,956,1803,847,2759,45,2.652959511363148,2.017175330999451
203,1573138800,591,813,222,1404,45,0.2150044204027897,0.40785779091030916
203,1573153200,1286,689,0,1975,45,-0.6509572279063296,1.086027765368538
203,1573167600,625,305,0,930,45,-0.6509572279063296,-0.15510642606552347
203,1573182000,126,57,0,183,45,-0.6509572279063296,-1.0423095275021204
203,1573196400,53,153,100,206,45,-0.26088441335267226,-1.0149926984083564
203,1573210800,869,1694,825,2563,45,2.5671434921613434,1.7843884395917227
203,1573225200,590,784,194,1374,45,0.10578403232776565,0.3722271442662691
203,1573239600,1230,674,0,1904,45,-0.6509572279063296,1.0017019016443098
203,1573254000,553,398,0,951,45,-0.6509572279063296,-0.13016497341469546
203,1573268400,139,98,0,237,45,-0.6509572279063296,-0.9781743635428484
203,1573282800,40,62,22,102,45,-0.565141208704525,-1.1385122734410287
203,1573297200,188,652,464,840,45,1.1589806316226403,-0.2619983659976436
203,1573311600,509,841,332,1350,45,0.6440845164118127,0.34372262695103706
203,1573326000,690,800,110,1490,45,-0.2218771318973065,0.5099989779565572
203,1573340400,393,390,0,783,45,-0.6509572279063296,-0.32969659462131967
203,1573354800,164,120,0,284,45,-0.6509572279063296,-0.9223530171338523
203,1573369200,37,39,2,76,45,-0.6431557716152564,-1.1693921671991967
203,1573383600,108,357,249,465,45,0.32032408033227716,-0.707381449048144
203,1573398000,386,647,261,1033,45,0.36713281807871606,-0.03277453925431934
203,1573412400,501,589,88,1090,45,-0.3076931510991111,0.034923689369356734
203,1573426800,280,211,0,491,45,-0.6509572279063296,-0.676501555289976
203,1573441200,73,57,0,130,45,-0.6509572279063296,-1.1052570032399245
203,1573455600,43,119,76,162,45,-0.35450188884555,-1.0672509801529484
203,1573470000,901,1521,620,2422,45,1.7674942223263457,1.6169244003647345
203,1573484400,612,885,273,1497,45,0.41394155582515496,0.5183127955068333
203,1573498800,1136,621,0,1757,45,-0.6509572279063296,0.8271117330885136
203,1573513200,521,226,0,747,45,-0.6509572279063296,-0.3724533705941677
203,1573527600,90,37,0,127,46,-0.6254720959664304,-1.1176070121475394
203,1573542000,71,163,92,234,46,-0.26630666591526575,-0.9888507079896477
203,1573556400,969,1820,851,2789,46,2.6968081320068427,2.0856573025095435
203,1573570800,556,722,166,1278,46,0.022587266951975386,0.2674257550088477
203,1573585200,1267,723,0,1990,46,-0.6254720959664304,1.1241966761342583
203,1573599600,577,258,0,835,46,-0.6254720959664304,-0.2656494108037323
203,1573614000,79,49,0,128,46,-0.6254720959664304,-1.1164036822021386
203,1573628400,56,210,154,266,46,-0.024260397837306963,-0.9503441497368202
203,1573642800,961,1792,831,2753,46,2.618728690691372,2.0423374244751127
203,1573657200,577,742,165,1319,46,0.018683294886201858,0.31676228277028284
203,1573671600,1303,641,0,1944,46,-0.6254720959664304,1.0688434986458188
203,1573686000,467,270,0,737,46,-0.6254720959664304,-0.3835757454530163
203,1573700400,242,258,16,500,46,-0.563008542914054,-0.6687649425130195
203,1573714800,53,144,91,197,46,-0.2702106379810393,-1.0333739159694795
203,1573729200,925,1759,834,2684,46,2.6304406068886923,1.9593076582424536
203,1573743600,612,804,192,1416,46,0.12409054066208713,0.43348528747416604
203,1573758000,1276,740,0,2016,46,-0.6254720959664304,1.1554832547146807
203,1573772400,663,315,0,978,46,-0.6254720959664304,-0.09357322861140961
203,1573786800,132,56,0,188,46,-0.6254720959664304,-1.044203885478087
203,1573801200,59,145,86,204,46,-0.28973049830990694,-1.0249506063516733
203,1573815600,851,1523,672,2374,46,1.997997132233381,1.5862753751681877
203,1573830000,612,792,180,1404,46,0.07724287587280479,0.41904532812935574
203,1573844400,1252,786,0,2038,46,-0.6254720959664304,1.1819565135134995
203,1573858800,589,363,0,952,46,-0.6254720959664304,-0.12485980719183191
203,1573873200,177,130,0,307,46,-0.6254720959664304,-0.9010076219753851
203,1573887600,32,56,24,88,46,-0.5317767663878658,-1.164536880018173
203,1573902000,162,567,405,729,46,0.9556365906718488,-0.3932023850162232
203,1573916400,512,722,210,1234,46,0.19436203784601067,0.21447923741120994
203,1573930800,666,716,50,1382,46,-0.43027349267775394,0.3925720693305369
203,1573945200,353,390,37,743,46,-0.48102512953280985,-0.37635576578061114
203,1573959600,182,135,0,317,46,-0.6254720959664304,-0.8889743225213765
203,1573974000,41,47,6,88,46,-0.6020482635717892,-1.164536880018173
203,1573988400,122,336,214,458,46,0.20997792610910476,-0.7193048002198555
203,1574002800,405,719,314,1124,46,0.6003751326864577,0.0821129434171156
203,1574017200,502,506,4,1008,46,-0.6098562077033363,-0.057473330249383885
203,1574031600,290,184,0,474,46,-0.6254720959664304,-0.7000515210934418
203,1574046000,73,47,0,120,46,-0.6254720959664304,-1.1260303217653456
203,1574060400,60,152,92,212,46,-0.26630666591526575,-1.0153239667884666
203,1574074800,914,1744,830,2658,46,2.614824718625598,1.9280210796620312
203,1574089200,554,767,213,1321,46,0.20607395404333126,0.3191689426610846
203,1574103600,1222,716,0,1938,46,-0.6254720959664304,1.0616235189734138
203,1574118000,576,214,0,790,46,-0.6254720959664304,-0.31979925834677086
203,1574132400,76,26,0,102,47,-0.6707388848559023,-1.1484990815809142
203,1574146800,51,161,110,212,47,-0.228934828962793,-1.01899440138703
203,1574161200,1000,1821,821,2821,47,2.626725932309941,2.052621149757005
203,1574175600,545,755,210,1300,47,0.17270522184912454,0.2619246172579336
203,1574190000,1301,678,0,1979,47,-0.6707388848559023,1.061321688636546
203,1574204400,627,269,0,896,47,-0.6707388848559023,-0.2137107536359683
203,1574218800,58,32,0,90,47,-0.6707388848559023,-1.1626268648747924
203,1574233200,49,160,111,209,47,-0.2249184284546738,-1.0225263472104995
203,1574247600,977,1850,873,2827,47,2.835578758732138,2.059685041403944
203,1574262000,656,947,291,1603,47,0.4980336630067777,0.61865114542836
203,1574276400,1316,791,0,2107,47,-0.6707388848559023,1.2120180437712476
203,1574290800,609,272,0,881,47,-0.6707388848559023,-0.23137048275331615
203,1574305200,89,48,0,137,47,-0.6707388848559023,-1.1072930469737692
203,1574319600,51,174,123,225,47,-0.1767216223572437,-1.0036893028186618
203,1574334000,1006,1740,734,2746,47,2.277299088103572,1.9643225041702657
203,1574348400,596,773,177,1369,47,0.04016400508119175,0.34315937119773365
203,1574362800,1269,763,0,2032,47,-0.6707388848559023,1.1237193981845084
203,1574377200,668,277,0,945,47,-0.6707388848559023,-0.15602230518596535
203,1574391600,124,56,0,180,47,-0.6707388848559023,-1.0566684901707053
203,1574406000,45,152,107,197,47,-0.2409840304871505,-1.0366541305043777
203,1574420400,847,1531,684,2378,47,2.0764790626976137,1.5310704831579987
203,1574434800,612,807,195,1419,47,0.1124592142273369,0.40202513492222647
203,1574449200,1184,771,0,1955,47,-0.6707388848559023,1.0330661220487893
203,1574463600,545,366,0,911,47,-0.6707388848559023,-0.19605102451862047
203,1574478000,182,106,0,288,47,-0.6707388848559023,-0.9295184405258009
203,1574492400,48,76,28,124,47,-0.5582796706285653,-1.1225981455421372
203,1574506800,206,669,463,875,47,1.188854550403276,-0.23843437440025528
203,1574521200,549,881,332,1430,47,0.6627060838396639,0.4149756029416149
203,1574535600,707,753,46,1460,47,-0.4859844614824202,0.4502950611763106
203,1574550000,462,458,0,920,47,-0.6707388848559023,-0.18545518704821176
203,1574564400,176,146,0,322,47,-0.6707388848559023,-0.8894897211931457
203,1574578800,41,48,7,89,47,-0.642624081299068,-1.1638041801492822
203,1574593200,144,361,217,505,47,0.20082002540595875,-0.6740410259615021
203,1574607600,366,615,249,981,47,0.3293448416657724,-0.11363895530433053
203,1574622000,440,609,169,1049,47,0.00803280101623835,-0.03358151663902031
203,1574636400,329,214,0,543,47,-0.6707388848559023,-0.6293030455308876
203,1574650800,84,53,0,137,47,-0.6707388848559023,-1.1072930469737692
203,1574665200,47,150,103,197,47,-0.2570496325196272,-1.0366541305043777
203,1574679600,924,1673,749,2597,47,2.33754509572536,1.788902528271277
203,1574694000,579,794,215,1373,47,0.1927872243897204,0.3478686322956931
203,1574708400,1295,662,0,1957,47,-0.6707388848559023,1.035420752597769
203,1574722800,613,275,0,888,47,-0.6707388848559023,-0.22312927583188716
203,1574737200,97,39,0,136,48,-0.49001705289016606,-0.8874630361913475
203,1574751600,54,164,110,218,48,0.12600438502889985,-0.7647200661643204
203,1574766000,976,1657,681,2633,48,3.3237156673178694,2.85021008768044
203,1574780400,627,818,191,1445,48,0.5796201711329393,1.071933887776682
203,1574794800,1261,644,0,1905,48,-0.49001705289016606,1.760492012318541
203,1574809200,613,289,0,902,48,-0.49001705289016606,0.2591359277196613
203,1574823600,102,54,0,156,48,-0.49001705289016606,-0.8575257264286579
203,1574838000,48,129,81,177,48,-0.036401266786126624,-0.826091551177834
203,1574852400,648,1327,679,1975,48,3.3125152775375226,1.8652725964879544
203,1574866800,699,688,0,1387,48,-0.49001705289016606,0.9851156894648823
203,1574881200,1014,585,0,1599,48,-0.49001705289016606,1.3024511729493913
203,1574895600,427,245,0,672,48,-0.49001705289016606,-0.08514313455126822
203,1574910000,111,58,0,169,48,-0.49001705289016606,-0.8380664750829098
203,1574924400,30,37,7,67,48,-0.4508156886589528,-0.9907467548726263
203,1574938800,165,146,0,311,48,-0.49001705289016606,-0.6255115757678141
203,1574953200,240,203,0,443,48,-0.49001705289016606,-0.42792533133406324
203,1574967600,208,197,0,405,48,-0.49001705289016606,-0.48480621988317335
203,1574982000,116,106,0,222,48,-0.49001705289016606,-0.7587326042117825
203,1574996400,61,26,0,87,48,-0.49001705289016606,-0.9608094451099368
203,1575010800,25,65,40,90,48,-0.266009257283233,-0.9563188486455334
203,1575025200,265,440,175,705,48,0.49001705289016606,-0.035746573442830505
203,1575039600,435,560,125,995,48,0.21000730838149975,0.3983444181161676
203,1575054000,620,581,0,1201,48,-0.49001705289016606,0.7066987086718697
203,1575068400,353,240,0,593,48,-0.49001705289016606,-0.20339550811389184
203,1575082800,125,60,0,185,48,-0.49001705289016606,-0.8141166272727581
203,1575097200,31,43,12,74,48,-0.42281471420808614,-0.9802686964556849
203,1575111600,166,387,221,553,48,0.7476260178381391,-0.2632701276392709
203,1575126000,390,514,124,904,48,0.20440711349132643,0.26212965869593025
203,1575140400,505,492,0,997,48,-0.49001705289016606,0.40133814909243654
203,1575154800,319,254,0,573,48,-0.49001705289016606,-0.23333281787658136
203,1575169200,123,72,0,195,48,-0.49001705289016606,-0.7991479723914133
203,1575183600,31,33,2,64,48,-0.4788166631098194,-0.9952373513370297
203,1575198000,130,255,125,385,48,0.21000730838149975,-0.5147435296458629
203,1575212400,281,469,188,750,48,0.5628195864624194,0.031612373523220924
203,1575226800,356,361,5,717,48,-0.4620160784392994,-0.01778418758521679
203,1575241200,181,144,0,325,48,-0.49001705289016606,-0.6045554589339315
203,1575255600,59,29,0,88,48,-0.49001705289016606,-0.9593125796218023
203,1575270000,58,139,81,197,48,-0.036401266786126624,-0.7961542414151445
203,1575284400,856,1560,704,2416,48,3.4525201497918556,2.5253902767552585
203,1575298800,551,675,124,1226,48,0.20440711349132643,0.7441203458752316
203,1575313200,1149,590,0,1739,48,-0.49001705289016606,1.5120123412882178
203,1575327600,514,218,0,732,48,-0.49001705289016606,0.0046687947368003494
203,1575342000,55,24,0,79,49,-0.5932062920275158,-1.1771935299647116
203,1575356400,46,123,77,169,49,-0.2893360561146702,-1.077058810610867
203,1575370800,914,1762,848,2676,49,2.753312669713953,1.71224942739012
203,1575385200,680,738,58,1418,49,-0.36431702341783995,0.31258857242193444
203,1575399600,1495,741,0,2236,49,-0.5932062920275158,1.2227019105491013
203,1575414000,699,292,0,991,49,-0.5932062920275158,-0.16249504051241798
203,1575428400,60,19,0,79,49,-0.5932062920275158,-1.1771935299647116
203,1575457200,1058,1939,881,2997,49,2.8835427708194583,2.0693965930855
203,1575471600,649,848,199,1497,49,0.19212068130568258,0.4004846038547537
203,1575486000,1468,712,0,2180,49,-0.5932062920275158,1.1603958629511535
203,1575500400,721,278,0,999,49,-0.5932062920275158,-0.153594176569854
203,1575514800,75,19,0,94,49,-0.5932062920275158,-1.1605044100724042
203,1575529200,63,125,62,188,49,-0.3485315566171726,-1.0559192587472774
203,1575543600,1033,1721,688,2754,49,2.121893997687261,1.799032850830119
203,1575558000,672,850,178,1522,49,0.10924698060217923,0.42829980367526616
203,1575572400,1497,736,0,2233,49,-0.5932062920275158,1.2193640865706399
203,1575586800,787,291,0,1078,49,-0.5932062920275158,-0.06569814513703469
203,1575601200,69,21,0,90,49,-0.5932062920275158,-1.1649548420436862
203,1575615600,45,139,94,184,49,-0.22224782221183417,-1.0603696907185594
203,1575630000,912,1666,754,2578,49,2.3823541998982716,1.6032138440937114
203,1575644400,659,823,164,1482,49,0.053997846799843666,0.3837954839624463
203,1575658800,1421,763,0,2184,49,-0.5932062920275158,1.1648462949224354
203,1575673200,623,390,0,1013,49,-0.5932062920275158,-0.13801766467036702
203,1575687600,167,142,0,309,49,-0.5932062920275158,-0.9212936916159972
203,1575702000,30,57,27,87,49,-0.4866543911230115,-1.1682926660221475
203,1575716400,200,566,366,766,49,0.8511639202335426,-0.4128318388970299
203,1575730800,533,849,316,1382,49,0.6538455852252013,0.27253468468039654
203,1575745200,805,745,0,1550,49,-0.5932062920275158,0.4594528274742401
203,1575759600,447,389,0,836,49,-0.5932062920275158,-0.33494927939959507
203,1575774000,164,142,0,306,49,-0.5932062920275158,-0.9246315155944587
203,1575788400,34,49,15,83,49,-0.5340107915250134,-1.1727430979934297
203,1575802800,164,377,213,541,49,0.24736981510801814,-0.6631686372816418
203,1575817200,472,666,194,1138,49,0.17238884780484845,0.0010583344321951566
203,1575831600,546,570,24,1116,49,-0.498493491223512,-0.023419041409855786
203,1575846000,284,200,0,484,49,-0.5932062920275158,-0.7265872928724102
203,1575860400,62,44,0,106,49,-0.5932062920275158,-1.1471531141585583
203,1575874800,53,130,77,183,49,-0.2893360561146702,-1.06148229871138
203,1575889200,1016,1751,735,2767,49,2.3073732325951015,1.8134967547367855
203,1575903600,572,765,193,1337,49,0.16844248110468163,0.22246732500347413
203,1575918000,1402,601,0,2003,49,-0.5932062920275158,0.9634642482219254
203,1575932400,606,298,0,904,49,-0.5932062920275158,-0.25929193588780125
203,1575946800,45,18,0,63,50,-0.5343603859187889,-1.1719797335313733
203,1575961200,61,155,94,216,50,-0.14259533418111417,-0.9979981277912525
203,1575975600,978,1686,708,2664,50,2.416380642062846,1.7857075640506788
203,1575990000,657,712,55,1369,50,-0.30513615351908563,0.3131181559888727
203,1576004400,1416,724,0,2140,50,-0.5343603859187889,1.1898489927577163
203,1576018800,706,305,0,1011,50,-0.5343603859187889,-0.09397605874944892
203,1576033200,68,30,0,98,50,-0.5343603859187889,-1.1321800197999732
203,1576047600,53,147,94,200,50,-0.14259533418111417,-1.0161922826398926
203,1576062000,988,1781,793,2769,50,2.7706362739532966,1.9051067052448791
203,1576076400,652,730,78,1382,50,-0.20927874724284604,0.3279009068033928
203,1576090800,1613,731,0,2344,50,-0.5343603859187889,1.4218244670778772
203,1576105200,848,336,0,1184,50,-0.5343603859187889,0.10274824055147189
203,1576119600,67,25,0,92,50,-0.5343603859187889,-1.1390028278682132
203,1576134000,47,121,74,168,50,-0.225949600508279,-1.0525805923371727
203,1576148400,1173,1774,601,2947,50,1.9704353172125146,2.107516677936
203,1576162800,644,667,23,1311,50,-0.43850297964254936,0.24716434466255247
203,1576177200,1339,774,0,2113,50,-0.5343603859187889,1.1591463564506361
203,1576191600,725,353,0,1078,50,-0.5343603859187889,-0.017788035320768607
203,1576206000,87,36,0,123,50,-0.5343603859187889,-1.103751652848973
203,1576220400,44,125,81,169,50,-0.19677560729377133,-1.0514434576591327
203,1576234800,871,1708,837,2579,50,2.9540156598730594,1.6890511164172783
203,1576249200,685,726,41,1411,50,-0.363484139948101,0.3608778124665529
203,1576263600,1298,746,0,2044,50,-0.5343603859187889,1.0806840636658759
203,1576278000,562,399,0,961,50,-0.5343603859187889,-0.15083279265144914
203,1576292400,166,121,0,287,50,-0.5343603859187889,-0.9172615656504123
203,1576306800,23,53,30,76,50,-0.40932898642804166,-1.1571969827168531
203,1576321200,152,467,315,619,50,0.7784693087340573,-0.5397328525411307
203,1576335600,521,759,238,1280,50,0.45755538337447266,0.21191316964331233
203,1576350000,699,608,0,1307,50,-0.5343603859187889,0.24261580595039245
203,1576364400,470,421,0,891,50,-0.5343603859187889,-0.23043222011424946
203,1576378800,165,139,0,304,50,-0.5343603859187889,-0.8979302761237322
203,1576393200,34,45,11,79,50,-0.48851553943884823,-1.1537855786827331
203,1576407600,153,320,167,473,50,0.1616477379130375,-0.7057545155349714
203,1576422000,465,662,197,1127,50,0.28667913740378476,0.03793156390319162
203,1576436400,610,570,0,1180,50,-0.5343603859187889,0.09819970183931186
203,1576450800,320,192,0,512,50,-0.5343603859187889,-0.6614062630914113
203,1576465200,92,37,0,129,50,-0.5343603859187889,-1.096928844780733
203,1576479600,56,152,96,208,50,-0.1342599075483977,-1.0070952052155726
203,1576494000,891,1691,800,2582,50,2.7998102671678047,1.6924625204513983
203,1576508400,694,746,52,1440,50,-0.31763929346816033,0.39385471812971307
203,1576522800,1329,695,0,2024,50,-0.5343603859187889,1.0579413701050757
203,1576537200,675,304,0,979,50,-0.5343603859187889,-0.13036436844672905
203,1576551600,58,25,0,83,51,-0.5562308381719702,-1.143156975105263
203,1576566000,45,122,77,167,51,-0.19732211298279387,-1.0362587083492365
203,1576580400,937,1708,771,2645,51,3.0375175659949765,2.1172401609535454
203,1576594800,584,705,121,1289,51,0.007768587125306868,0.3915967118919746
203,1576609200,1253,608,0,1861,51,-0.5562308381719702,1.1195230045639646
203,1576623600,657,306,0,963,51,-0.5562308381719702,-0.023270370994509234
203,1576638000,53,18,0,71,51,-0.5562308381719702,-1.1584281560704097
203,1576652400,48,124,76,172,51,-0.20198326525797797,-1.0298957162804254
203,1576666800,953,1655,702,2608,51,2.715898059007273,2.0701540196443435
203,1576681200,693,821,128,1514,51,0.04039665305159562,0.6779313549884741
203,1576695600,1291,736,0,2027,51,-0.5562308381719702,1.3307743412484934
203,1576710000,657,298,0,955,51,-0.5562308381719702,-0.033451158304606994
203,1576724400,75,33,0,108,51,-0.5562308381719702,-1.1113420147612076
203,1576738800,43,132,89,175,51,-0.14138828568058456,-1.0260779210391389
203,1576753200,917,1688,771,2605,51,3.0375175659949765,2.0663362244030568
203,1576767600,596,721,125,1317,51,0.0264131962260433,0.42722946747731677
203,1576782000,1468,694,0,2162,51,-0.5562308381719702,1.5025751271063932
203,1576796400,755,325,0,1080,51,-0.5562308381719702,0.12562364341567053
203,1576810800,75,31,0,106,51,-0.5562308381719702,-1.113887211588732
203,1576825200,47,105,58,152,51,-0.2858840062112919,-1.05534768455567
203,1576839600,803,1488,685,2291,51,2.6366584703291434,1.6667403224817194
203,1576854000,659,752,93,1411,51,-0.12274367657984814,0.5468537183709655
203,1576868400,1212,637,0,1849,51,-0.5562308381719702,1.104251823598818
203,1576882800,568,303,0,871,51,-0.5562308381719702,-0.1403494250606335
203,1576897200,199,81,0,280,51,-0.5562308381719702,-0.8924550875941057
203,1576911600,34,51,17,85,51,-0.4769912494938403,-1.1406117782777387
203,1576926000,159,463,304,622,51,0.8607594534839986,-0.45722643008742636
203,1576940400,433,633,200,1066,51,0.37599961686485134,0.10780726562299946
203,1576954800,691,613,0,1304,51,-0.5562308381719702,0.4106856880984079
203,1576969200,432,309,0,741,51,-0.5562308381719702,-0.30578721884972215
203,1576983600,156,104,0,260,51,-0.5562308381719702,-0.9179070558693501
203,1576998000,27,44,17,71,51,-0.4769912494938403,-1.1584281560704097
203,1577012400,135,300,165,435,51,0.2128592872334076,-0.6952023334609616
203,1577026800,342,534,192,876,51,0.3387103986633785,-0.1339864329918224
203,1577041200,565,522,0,1087,51,-0.5562308381719702,0.13453183231200608
203,1577055600,333,233,0,566,51,-0.5562308381719702,-0.5284919412581107
203,1577070000,86,44,0,130,51,-0.5562308381719702,-1.0833448496584388
203,1577084400,32,128,96,160,51,-0.10876021975429583,-1.045166897245572
203,1577098800,578,887,309,1465,51,0.8840652148599192,0.6155740327141254
203,1577113200,578,594,16,1172,51,-0.4816524017690244,0.24270269748179482
203,1577127600,1036,633,0,1669,51,-0.5562308381719702,0.8751841091216183
203,1577142000,498,245,0,743,51,-0.5562308381719702,-0.3032420220221977
203,1577156400,112,46,0,158,52,-0.5411833984085698,-0.9237528048053699
203,1577170800,27,100,73,127,52,0.38024839363400964,-0.9907971991839861
203,1577185200,406,571,165,977,52,1.5415048986739728,0.8475168402296853
203,1577199600,556,505,0,1061,52,-0.5411833984085698,1.0291855217717423
203,1577214000,683,415,0,1098,52,-0.5411833984085698,1.1092062505462197
203,1577228400,285,158,0,443,52,-0.5411833984085698,-0.3073769210019624
203,1577242800,67,42,0,109,52,-0.5411833984085698,-1.0297262023715699
203,1577257200,17,17,0,34,52,-0.5411833984085698,-1.1919303823198348
203,1577271600,86,81,0,167,52,-0.5411833984085698,-0.904288303211578
203,1577286000,164,153,0,317,52,-0.5411833984085698,-0.5798799433150479
203,1577300400,245,189,0,434,52,-0.5411833984085698,-0.3268414225957542
203,1577314800,129,92,0,221,52,-0.5411833984085698,-0.7875012936488273
203,1577329200,45,27,0,72,52,-0.5411833984085698,-1.1097469311460473
203,1577343600,21,101,80,122,52,0.46860486684357205,-1.001610811180537
203,1577358000,368,568,200,936,52,1.9832872647217847,0.758845221857967
203,1577372400,476,506,30,982,52,-0.16251279893901657,0.8583304522262363
203,1577386800,847,557,0,1404,52,-0.5411833984085698,1.7709993047351416
203,1577401200,402,261,0,663,52,-0.5411833984085698,0.16842200684628197
203,1577415600,95,60,0,155,52,-0.5411833984085698,-0.9302409720033005
203,1577430000,28,112,84,140,52,0.5190942801061791,-0.9626818079929536
203,1577444400,379,698,319,1077,52,3.4853473092843457,1.0637890801607055
203,1577458800,534,612,78,1146,52,0.4433601602122685,1.2130169257131094
203,1577473200,856,589,0,1445,52,-0.5411833984085698,1.8596709231068598
203,1577487600,455,300,0,755,52,-0.5411833984085698,0.3673924675828205
