remote_unit_id,time_stamp,entries,exits,num_people_exited,sum_exit_entry,week_num,z_score_num_people_exited,z_score_sum_exit_entry
28,1546308000,108,203,95,311,1,-0.31426592527748937,-0.6190425676022246
28,1546322400,55,85,30,140,1,-0.4777153396435679,-0.8823822418614901
28,1546336800,49,132,83,181,1,-0.3444412017758423,-0.8192423199630696
28,1546351200,137,295,158,432,1,-0.1558457236611364,-0.4327027980971304
28,1546365600,268,469,201,737,1,-0.04771764954203831,0.03699662090331366
28,1546380000,175,207,32,382,1,-0.4726861268938424,-0.5097027028513016
28,1546394400,58,85,27,143,1,-0.4852591587681561,-0.8777622475762398
28,1546408800,16,53,37,69,1,-0.46011309501952863,-0.9917221066124131
28,1546423200,329,1700,1371,2029,1,2.8943718090473745,2.0266741597510967
28,1546437600,248,701,453,949,1,0.5859631569233736,0.36347621706099936
28,1546452000,864,632,0,1496,1,-0.5531535308894502,1.205855175071632
28,1546466400,497,395,0,892,1,-0.5531535308894502,0.27569632564124424
28,1546480800,154,153,0,307,1,-0.5531535308894502,-0.6252025599825584
28,1546495200,18,70,52,88,1,-0.42239399939658745,-0.962462142805828
28,1546509600,376,1796,1420,2172,1,3.017587521415649,2.246893887348026
28,1546524000,316,878,562,1194,1,0.8600552517834129,0.7407757503564381
28,1546538400,870,679,0,1549,1,-0.5531535308894502,1.2874750741110534
28,1546552800,539,464,0,1003,1,-0.5531535308894502,0.44663611419550425
28,1546567200,135,117,0,252,1,-0.5531535308894502,-0.7099024552121466
28,1546581600,15,71,56,86,1,-0.4123355738971365,-0.9655421389959948
28,1546596000,414,1679,1265,2093,1,2.6278235333119238,2.1252340378364356
28,1546610400,313,712,399,1025,1,0.4501744126807854,0.48051607228733956
28,1546624800,917,732,0,1649,1,-0.5531535308894502,1.4414748836193956
28,1546639200,477,437,0,914,1,-0.5531535308894502,0.30957628373307955
28,1546653600,107,122,15,229,1,-0.515434435266509,-0.7453224113990653
28,1546668000,16,33,17,49,1,-0.5104052225167836,-1.0225220685140815
28,1546682400,69,196,127,265,1,-0.2337985212818815,-0.6898824799760621
28,1546696800,162,310,148,472,1,-0.18099178740976385,-0.3711028742937935
28,1546711200,225,382,157,607,1,-0.15836033003599914,-0.16320313145753138
28,1546725600,165,230,65,395,1,-0.3897041165233718,-0.4896827276152171
28,1546740000,79,105,26,184,1,-0.48777376514301884,-0.8146223256778194
28,1546754400,15,20,5,35,1,-0.5405804990151365,-1.0440820418452494
28,1546768800,58,158,100,216,1,-0.3016928934031756,-0.7653423866351499
28,1546783200,161,318,157,479,1,-0.15836033003599914,-0.3603228876282095
28,1546797600,243,420,177,663,1,-0.10806820253874422,-0.07696323813285966
28,1546812000,122,213,91,335,1,-0.3243243507769404,-0.5820826133202225
28,1546826400,44,51,7,95,1,-0.535551286265411,-0.9516821561402441
28,1546840800,11,57,46,68,1,-0.4374816376457639,-0.9932621047074965
28,1546855200,437,1883,1446,2320,1,3.082967287162081,2.4748136054203727
28,1546869600,273,687,414,960,1,0.4878935083037266,0.38041619610691707
28,1546884000,885,603,0,1488,1,-0.5531535308894502,1.1935351903109646
28,1546898400,551,441,0,992,1,-0.5531535308894502,0.4296961351495866
28,1546912800,83,62,0,145,2,-0.5295845796425858,-0.908789301974126
28,1546927200,16,48,32,64,2,-0.4580291684593511,-1.0201137008404653
28,1546941600,454,1936,1482,2390,2,2.78432540078097,2.1766832345065144
28,1546956000,268,756,488,1024,2,0.5616354409017429,0.29928658201985303
28,1546970400,921,647,0,1568,2,-0.5295845796425858,1.0469467423073668
28,1546984800,580,469,0,1049,2,-0.5295845796425858,0.3336459643860072
28,1546999200,95,88,0,183,2,-0.5295845796425858,-0.8565630407775717
28,1547013600,15,52,37,67,2,-0.4468486354619707,-1.0159905749565268
28,1547028000,422,1882,1460,2304,2,2.7351310555924964,2.0584869591669444
28,1547042400,263,734,471,997,2,0.5236216287106495,0.2621784490644066
28,1547056800,937,681,0,1618,2,-0.5295845796425858,1.115665507039675
28,1547071200,545,485,0,1030,2,-0.5295845796425858,0.30753283378773005
28,1547085600,71,106,35,177,2,-0.45132084866092287,-0.8648092925454487
28,1547100000,15,47,32,62,2,-0.4580291684593511,-1.0228624514297577
28,1547114400,445,1765,1320,2210,2,2.4220761316658446,1.9292956814702047
28,1547128800,274,829,555,1103,2,0.7114545830666404,0.4078622302969001
28,1547143200,938,671,0,1609,2,-0.5295845796425858,1.1032961293878596
28,1547157600,596,437,0,1033,2,-0.5295845796425858,0.31165595967166854
28,1547172000,102,99,0,201,2,-0.5295845796425858,-0.8318242854739407
28,1547186400,25,53,28,78,2,-0.4669735948572554,-1.000872446715419
28,1547200800,427,1706,1279,2133,2,2.330395761087325,1.8234687837824501
28,1547215200,285,740,455,1025,2,0.4878439231190322,0.3006609573144992
28,1547229600,812,661,0,1473,2,-0.5295845796425858,0.9163810893159812
28,1547244000,457,418,0,875,2,-0.5295845796425858,0.09450466311757447
28,1547258400,106,95,0,201,2,-0.5295845796425858,-0.8318242854739407
28,1547272800,13,19,6,32,2,-0.5161679400457293,-1.0640937102691426
28,1547287200,74,195,121,269,2,-0.25901568110597967,-0.7383667654380015
28,1547301600,183,266,83,449,2,-0.34398773188607085,-0.49097921240169184
28,1547316000,270,301,31,571,2,-0.4602652750588272,-0.3233054264548597
28,1547330400,190,193,3,383,2,-0.5228762598441575,-0.5816879818483387
28,1547344800,82,79,0,161,2,-0.5295845796425858,-0.8867992972597873
28,1547359200,13,22,9,35,2,-0.5094596202473011,-1.059970584385204
28,1547373600,68,141,73,209,2,-0.3663487978808317,-0.8208292831167714
28,1547388000,152,212,60,364,2,-0.39541818367402076,-0.6078011124466158
28,1547402400,221,255,34,476,2,-0.45355695526039896,-0.4538710794462454
28,1547416800,145,156,11,301,2,-0.5049874070483489,-0.6943867560093242
28,1547431200,49,55,6,104,2,-0.5161679400457293,-0.9651386890546187
28,1547445600,13,46,33,59,2,-0.455793061859875,-1.0269855773136962
28,1547460000,440,1794,1354,2234,2,2.4981037560480313,1.9622806885417128
28,1547474400,292,741,449,1033,2,0.47442728352217567,0.31165595967166854
28,1547488800,889,650,0,1539,2,-0.5295845796425858,1.007089858762628
28,1547503200,534,490,0,1024,2,-0.5295845796425858,0.29928658201985303
28,1547517600,73,72,0,145,3,-0.49308108551359436,-0.8253748894063075
28,1547532000,12,49,37,61,3,-0.402955467201653,-0.9484693521145191
28,1547546400,436,1823,1387,2259,3,2.885411687423236,2.272502422083684
28,1547560800,298,780,482,1078,3,0.6809877800635881,0.5418528928170425
28,1547575200,929,599,0,1528,3,-0.49308108551359436,1.201287514468176
28,1547589600,555,456,0,1011,3,-0.49308108551359436,0.44367040470454044
28,1547604000,102,74,0,176,3,-0.49308108551359436,-0.7799471710258961
28,1547618400,19,57,38,76,3,-0.4005196396797086,-0.9264881980594813
28,1547632800,428,1917,1489,2345,3,3.1338660946615606,2.398527705332567
28,1547647200,291,705,414,996,3,0.5153515085713715,0.4216892506495027
28,1547661600,968,649,0,1617,3,-0.49308108551359436,1.3317090285280668
28,1547676000,580,453,0,1033,3,-0.49308108551359436,0.4759094306519292
28,1547690400,95,69,0,164,3,-0.49308108551359436,-0.7975320942699263
28,1547704800,17,54,37,71,3,-0.402955467201653,-0.9338152494111606
28,1547719200,441,1854,1413,2295,3,2.9487432029937892,2.3252571918157745
28,1547733600,283,836,553,1119,3,0.8539315341216377,0.6019347139008125
28,1547748000,942,672,0,1614,3,-0.49308108551359436,1.3273127977170593
28,1547762400,550,471,0,1021,3,-0.49308108551359436,0.458324507407899
28,1547776800,101,76,0,177,3,-0.49308108551359436,-0.7784817607555602
28,1547791200,23,57,34,80,3,-0.41026294976748606,-0.9206265569781379
28,1547805600,374,1646,1272,2020,3,2.605291522399634,1.9222693674734153
28,1547820000,286,725,439,1011,3,0.5762471966199805,0.44367040470454044
28,1547834400,885,666,0,1551,3,-0.49308108551359436,1.2349919506859006
28,1547848800,492,434,0,926,3,-0.49308108551359436,0.319110531725993
28,1547863200,120,87,0,207,3,-0.49308108551359436,-0.7345194526454847
28,1547877600,12,20,8,32,3,-0.4735944653380395,-0.9909662499542589
28,1547892000,79,182,103,261,3,-0.2421908507533251,-0.6553872980473486
28,1547906400,194,303,109,497,3,-0.22757588562165892,-0.30955047424808757
28,1547920800,317,298,0,615,3,-0.49308108551359436,-0.13663206234845698
28,1547935200,193,184,0,377,3,-0.49308108551359436,-0.48539970668838983
28,1547949600,72,79,7,151,3,-0.47603029285998383,-0.8165824277842924
28,1547964000,15,27,12,42,3,-0.46385115525026205,-0.9763121472509003
28,1547978400,47,132,85,179,3,-0.2860357461483236,-0.7755509402148886
28,1547992800,142,202,60,344,3,-0.3469314341969327,-0.5337582456094729
28,1548007200,208,245,37,453,3,-0.402955467201653,-0.374028526142865
28,1548021600,138,139,1,277,3,-0.49064525799165004,-0.631940733721975
28,1548036000,55,69,14,124,3,-0.4589795002063733,-0.8561485050833604
28,1548050400,14,28,14,42,3,-0.4589795002063733,-0.9763121472509003
28,1548064800,105,392,287,497,3,0.2060014132844375,-0.30955047424808757
28,1548079200,133,266,133,399,3,-0.16911602509499424,-0.4531606807410011
28,1548093600,256,293,37,549,3,-0.402955467201653,-0.23334914019062325
28,1548108000,164,162,0,326,3,-0.49308108551359436,-0.5601356304755183
28,1548122400,48,51,3,99,4,-0.547456215319922,-1.0280249536695703
28,1548136800,20,61,41,81,4,-0.45934204431845,-1.0533190650076616
28,1548151200,438,1786,1348,2224,4,2.571321679337439,1.958085412632882
28,1548165600,291,714,423,1005,4,0.4264372536437149,0.24511198368102818
28,1548180000,911,589,0,1500,4,-0.5544125972410907,0.9407000454785405
28,1548194400,578,484,0,1062,4,-0.5544125972410907,0.3252100029183175
28,1548208800,67,58,0,125,4,-0.5544125972410907,-0.9914890150701049
28,1548223200,27,62,35,89,4,-0.4732548081607877,-1.0420772377462875
28,1548237600,436,1790,1354,2226,4,2.5852344431797762,1.9608958694482255
28,1548252000,302,649,347,951,4,0.2502089116407711,0.1692296496667541
28,1548266400,940,629,0,1569,4,-0.5544125972410907,1.0376608056078906
28,1548280800,605,489,0,1094,4,-0.5544125972410907,0.3701773119638132
28,1548295200,77,95,18,172,4,-0.5126743057140778,-0.925443279909533
28,1548309600,14,70,56,84,4,-0.42456013471260584,-1.0491033797846463
28,1548324000,460,1817,1357,2277,4,2.5921908251009453,2.032562518239484
28,1548338400,308,716,408,1024,4,0.39165534403787067,0.27181132342679126
28,1548352800,961,603,0,1564,4,-0.5544125972410907,1.030634663569532
28,1548367200,585,419,0,1004,4,-0.5544125972410907,0.24370675527335645
28,1548381600,88,88,0,176,4,-0.5544125972410907,-0.9198223662788461
28,1548396000,13,75,62,88,4,-0.4106473708702682,-1.0434824661539592
28,1548410400,416,1771,1355,2187,4,2.5875532371534993,1.9060919615490275
28,1548424800,340,781,441,1121,4,0.46817554517072785,0.40811847897095027
28,1548439200,901,637,0,1538,4,-0.5544125972410907,0.9940987249700667
28,1548453600,505,454,0,959,4,-0.5544125972410907,0.18047147692812804
28,1548468000,102,144,42,246,4,-0.45702325034472707,-0.821456377741824
28,1548482400,20,46,26,66,4,-0.4941239539242942,-1.0743974911227376
28,1548496800,86,256,170,342,4,-0.16021762170819015,-0.6865544506053368
28,1548511200,207,350,143,557,4,-0.22282505899870966,-0.3844303429559123
28,1548525600,311,491,180,802,4,-0.1370296819709607,-0.04014938307633546
28,1548540000,247,255,8,502,4,-0.5358622454513072,-0.46171790537785806
28,1548554400,93,114,21,207,4,-0.5057179237929089,-0.876260285641022
28,1548568800,19,26,7,45,4,-0.5381810394250301,-1.1039072876838443
28,1548583200,66,175,109,241,4,-0.3016640541052898,-0.8284825197801827
28,1548597600,187,295,108,482,4,-0.3039828480790127,-0.48982247353129293
28,1548612000,270,376,106,646,4,-0.3086204360264586,-0.2593650146731272
28,1548626400,169,174,5,343,4,-0.542818627372476,-0.685149222197665
28,1548640800,61,74,13,135,4,-0.5242682755826925,-0.9774367309933875
28,1548655200,11,51,40,62,4,-0.46166083829217297,-1.0800184047534247
28,1548669600,452,1831,1379,2283,4,2.6432042925228503,2.040993888685515
28,1548684000,300,737,437,1037,4,0.4589003692758361,0.29007929272652394
28,1548698400,914,680,0,1594,4,-0.5544125972410907,1.0727915157996843
28,1548712800,619,456,0,1075,4,-0.5544125972410907,0.3434779722180501
28,1548727200,95,86,0,181,5,-0.5635319002394488,-0.9196913991775401
28,1548741600,15,52,37,67,5,-0.4790184305451713,-1.0785070813379636
28,1548756000,433,1790,1357,2223,5,2.5360567044939173,1.925059679520572
28,1548770400,297,895,598,1192,5,0.8023885018464415,0.4887529399820051
28,1548784800,943,743,0,1686,5,-0.5635319002394488,1.1769542293438402
28,1548799200,624,476,0,1100,5,-0.5635319002394488,0.36058589823850545
28,1548813600,100,78,0,178,5,-0.5635319002394488,-0.9238707592343933
28,1548828000,18,60,42,78,5,-0.46759769139729596,-1.0631827611295017
28,1548842400,466,1808,1342,2274,5,2.5017944870502915,1.9961088004870773
28,1548856800,309,800,491,1109,5,0.5579846840819093,0.3731239784090652
28,1548871200,963,699,0,1662,5,-0.5635319002394488,1.1435193488890143
28,1548885600,552,428,0,980,5,-0.5635319002394488,0.19341149596437546
28,1548900000,94,66,0,160,5,-0.5635319002394488,-0.9489469195755128
28,1548914400,13,57,44,70,5,-0.46302939573814583,-1.0743277212811104
28,1548928800,438,1718,1280,2156,5,2.3601773216166375,1.8317206382508495
28,1548943200,250,712,462,962,5,0.49174439702423234,0.16833533562325595
28,1548957600,883,593,0,1476,5,-0.5635319002394488,0.8843990253641127
28,1548972000,543,424,0,967,5,-0.5635319002394488,0.17530093571801136
28,1548986400,97,110,13,207,5,-0.5338379784549729,-0.8834702786848119
28,1549000800,12,50,38,62,5,-0.4767342827155962,-1.085472681432719
28,1549015200,410,1662,1252,2072,5,2.2962211823885355,1.7146985566589585
28,1549029600,312,798,486,1110,5,0.5465639449340339,0.3745170984280163
28,1549044000,867,656,0,1523,5,-0.5635319002394488,0.9498756662548137
28,1549058400,540,456,0,996,5,-0.5635319002394488,0.2157014162675928
28,1549072800,114,112,0,226,5,-0.5635319002394488,-0.8570009983247413
28,1549087200,15,32,17,47,5,-0.5247013871366726,-1.1063694817169853
28,1549101600,70,243,173,313,5,-0.16837432572296213,-0.7357995566759971
28,1549116000,206,373,167,579,5,-0.18207921270041252,-0.36522963163500893
28,1549130400,279,389,110,668,5,-0.3122756389861914,-0.24124194994836254
28,1549144800,218,254,36,472,5,-0.4813025783747464,-0.5142934736627749
28,1549159200,89,104,15,193,5,-0.5292696827958228,-0.9029739589501271
28,1549173600,15,30,15,45,5,-0.5292696827958228,-1.1091557217548873
28,1549188000,66,137,71,203,5,-0.401357404339619,-0.8890427587606162
28,1549202400,182,238,56,420,5,-0.435619621783245,-0.5867357146482312
28,1549216800,268,361,93,629,5,-0.3511061520889675,-0.2955736306874548
28,1549231200,171,180,9,351,5,-0.5429745697732732,-0.6828609959558559
28,1549245600,128,122,0,250,5,-0.5635319002394488,-0.8235661178699153
28,1549260000,13,53,40,66,5,-0.4721659870564461,-1.0799002013569146
28,1549274400,432,1921,1489,2353,5,2.8375642179978264,2.1061652819842127
28,1549288800,284,913,629,1197,5,0.8731970845632686,0.4957185400767605
28,1549303200,960,755,0,1715,5,-0.5635319002394488,1.2173547098934216
28,1549317600,647,464,0,1111,5,-0.5635319002394488,0.37591021844696737
28,1549332000,129,112,0,241,6,-0.6032551515093879,-0.864895517777262
28,1549346400,13,73,60,86,6,-0.4613001109545448,-1.0835236657105805
28,1549360800,423,1716,1293,2139,6,2.4558759724474797,1.812241416270726
28,1549368702,61,288,227,349,6,-0.06619191474356505,-0.7125610663140467
28,1549375200,319,829,510,1148,6,0.6033626932067779,0.41443177367770373
28,1549389600,879,617,0,1496,6,-0.6032551515093879,0.9052872283925087
28,1549404000,610,508,0,1118,6,-0.6032551515093879,0.37211664827125507
28,1549418400,88,106,18,194,6,-0.560668639342935,-0.931189214247365
28,1549432800,16,61,45,77,6,-0.4967888710932556,-1.096218203332515
28,1549447200,451,1925,1474,2376,6,2.8841070114545895,2.146530906981671
28,1549461600,347,826,479,1173,6,0.5300192555867757,0.44969437818307767
28,1549476000,985,780,0,1765,6,-0.6032551515093879,1.2847128528703322
28,1549490400,686,516,0,1202,6,-0.6032551515093879,0.4905989994093114
28,1549504800,104,98,0,202,6,-0.6032551515093879,-0.9199051808056454
28,1549519200,14,65,51,79,6,-0.4825933670377713,-1.093397194972085
28,1549533600,453,1909,1456,2362,6,2.841520499288136,2.1267838484586616
28,1549548000,339,961,622,1300,6,0.8683454355758182,0.6288284090703772
28,1549562400,932,739,0,1671,6,-0.6032551515093879,1.1521254599301263
28,1549576800,655,519,0,1174,6,-0.6032551515093879,0.4511048823632926
28,1549591200,92,110,18,202,6,-0.560668639342935,-0.9199051808056454
28,1549605600,14,62,48,76,6,-0.48969111906551344,-1.09762870751273
28,1549620000,398,1759,1361,2157,6,2.6167583517429684,1.8376304915145953
28,1549634400,334,893,559,1227,6,0.719292642993233,0.5258616039146854
28,1549648800,884,795,0,1679,6,-0.6032551515093879,1.1634094933718457
28,1549663200,545,544,0,1089,6,-0.6032551515093879,0.3312120270450213
28,1549677600,138,147,9,285,6,-0.5819618954261614,-0.802833333847804
28,1549692000,22,29,7,51,6,-0.5866937301113229,-1.132891312018104
28,1549706400,93,257,164,350,6,-0.21524470732615023,-0.7111505621338318
28,1549720800,242,396,154,638,6,-0.2389038807519574,-0.30492535823192424
28,1549735200,287,450,163,737,6,-0.21761062466873096,-0.1652854443906435
28,1549749600,230,279,49,509,6,-0.4873252017229327,-0.48688039747965367
28,1549764000,87,108,21,195,6,-0.5535708873151928,-0.9297787100671501
28,1549778400,20,32,12,52,6,-0.5748641433984193,-1.1314808078378888
28,1549792800,64,152,88,216,6,-0.39505442536228474,-0.900158122282636
28,1549807200,225,350,125,575,6,-0.3075154836867982,-0.3937871215854665
28,1549821600,222,361,139,583,6,-0.27439264089066817,-0.38250308814374684
28,1549836000,149,223,74,372,6,-0.4281772681584148,-0.6801194701691028
28,1549850400,54,88,34,142,6,-0.5228139618616435,-1.0045354316185429
28,1549864800,15,61,46,76,6,-0.49442295375067485,-1.09762870751273
28,1549871632,73,411,338,484,6,0.19642491028289458,-0.5221430019850276
28,1549879200,426,1502,1076,1928,6,1.9424719091074638,1.5146250342453702
28,1549893600,309,808,499,1117,6,0.57733760243839,0.3707061440910401
28,1549908000,895,742,0,1637,6,-0.6032551515093879,1.1041683178028177
28,1549922400,617,438,0,1055,6,-0.6032551515093879,0.2832548849177128
28,1549936800,82,87,5,169,7,-0.5870593394191052,-0.9714885804186018
28,1549951200,14,59,45,73,7,-0.49548723967969865,-1.109242452751856
28,1549965600,417,1833,1416,2250,7,2.643146478888457,2.0146135896387114
28,1549980000,281,616,335,897,7,0.1684104834309981,0.07314495144190962
28,1549994400,931,530,0,1461,7,-0.5985058518865309,0.8824489513997783
28,1550008800,503,450,0,953,7,-0.5985058518865309,0.15350137696964128
28,1550023200,74,85,11,159,7,-0.5733235244581941,-0.9858379421199824
28,1550037600,11,60,49,71,7,-0.486330029705758,-1.112112325092132
28,1550052000,402,1967,1565,2369,7,2.984252550417746,2.185370993885141
28,1550066400,314,893,579,1207,7,0.7270002918413774,0.5179751641847098
28,1550080800,961,768,0,1729,7,-0.5985058518865309,1.2670118449967798
28,1550095200,661,474,0,1135,7,-0.5985058518865309,0.4146597599347691
28,1550109600,112,93,0,205,7,-0.5985058518865309,-0.9198308782936314
28,1550124000,50,142,92,192,7,-0.3878900224858961,-0.9384850485054262
28,1550138400,422,1862,1440,2284,7,2.6980897387321012,2.0634014194234056
28,1550152800,308,881,573,1189,7,0.7132644768804665,0.4921463131222246
28,1550167200,910,762,0,1672,7,-0.5985058518865309,1.1852204832989102
28,1550181600,652,505,0,1157,7,-0.5985058518865309,0.44622835567780655
28,1550224800,428,1867,1439,2295,7,2.695800436238616,2.0791857172949246
28,1550239200,371,933,562,1304,7,0.6880821494521296,0.6571639726881021
28,1550253600,915,821,0,1736,7,-0.5985058518865309,1.2770563981877463
28,1550282400,673,590,0,1263,7,-0.5985058518865309,0.5983315897124415
28,1550296800,16,33,17,49,7,-0.5595877094972832,-1.1436809208351697
28,1550311200,84,273,189,357,7,-0.16582768061783545,-0.7017205804326455
28,1550325600,188,470,282,658,7,0.04707745127628454,-0.26980479322108797
28,1550340000,310,470,160,780,7,-0.2322174529289051,-0.094742580464244
28,1550354400,226,253,27,479,7,-0.5366946845624315,-0.5266583676758017
28,1550368800,98,131,33,229,7,-0.5229588696015206,-0.8853924102103179
28,1550383200,18,34,16,52,7,-0.5618770119907683,-1.1393761123247554
28,1550397600,64,173,109,237,7,-0.34897188009664837,-0.8739129208492133
28,1550412000,204,375,171,579,7,-0.20703512550056835,-0.38316475066199507
28,1550426400,258,441,183,699,7,-0.1795634955787464,-0.21097241024542726
28,1550440800,185,243,58,428,7,-0.46572630726439157,-0.599840112352843
28,1550455200,57,102,45,159,7,-0.49548723967969865,-0.9858379421199824
28,1550469600,11,35,24,46,7,-0.543562592042887,-1.1479857293455837
28,1550484000,122,444,322,566,7,0.13864955101569099,-0.40181892087378995
28,1550498400,191,409,218,600,7,-0.09943790830676577,-0.3530310910890957
28,1550512800,318,466,148,784,7,-0.25968908285072706,-0.08900283578369174
28,1550527200,220,303,83,523,7,-0.40849374492726254,-0.4635211761897267
28,1550541600,95,104,9,199,8,-0.6026911291734137,-1.2645237003656167
28,1550556000,23,59,36,82,8,-0.5514655452667542,-1.4233598690360105
28,1550570400,406,1850,1444,2256,8,2.119853793273119,1.5280062052326733
28,1550584800,437,912,475,1349,8,0.2814245041785614,0.29668650451432177
28,1550599200,1003,575,0,1578,8,-0.6197663238089669,0.6075709713991095
28,1550613600,797,386,0,1183,8,-0.6197663238089669,0.07132920537513063
28,1550628000,227,132,0,359,8,-0.6197663238089669,-1.0473118457736252
28,1550642400,18,66,48,84,8,-0.5286986190860167,-1.4206447208536106
28,1550656800,407,1829,1422,2236,8,2.0781144286084334,1.5008547234086744
28,1550671200,413,765,352,1178,8,0.04806351082600147,0.06454133491913089
28,1550685600,1109,457,0,1566,8,-0.6197663238089669,0.5912800823047102
28,1550700000,707,409,0,1116,8,-0.6197663238089669,-0.019628258735265792
28,1550714400,250,180,0,430,8,-0.6197663238089669,-0.9509240852984291
28,1550728800,20,70,50,90,8,-0.524904131389227,-1.412499276306411
28,1550743200,399,1960,1561,2359,8,2.34183132353531,1.6678363366262678
28,1550757600,374,961,587,1335,8,0.49391581519877864,0.2776804672375225
28,1550772000,1110,652,0,1762,8,-0.6197663238089669,0.8573646041798997
28,1550786400,829,427,0,1256,8,-0.6197663238089669,0.17043211403272673
28,1550800800,230,147,0,377,8,-0.6197663238089669,-1.0228755121320263
28,1550815200,18,72,54,90,8,-0.5173151559956478,-1.412499276306411
28,1550829600,370,1694,1324,2064,8,1.8921845314657435,1.2673519797222836
28,1550844000,410,888,478,1298,8,0.28711623572374584,0.2274502258631245
28,1550858400,1112,604,0,1716,8,-0.6197663238089669,0.7949161959847021
28,1550872800,682,486,0,1168,8,-0.6197663238089669,0.05096559400713143
28,1551492000,9449,9756,307,19205,9,0.5652078239724585,4.100808760787415
28,1551506400,14,23,9,37,9,-0.6896658381915594,-0.365669051307267
28,1551520800,100,316,216,416,9,0.18200814861364764,-0.2773554509950861
28,1551535200,192,459,267,651,9,0.39676840623232185,-0.22259635845323245
28,1551549600,304,454,150,758,9,-0.09591689065757777,-0.19766349504055866
28,1551564000,211,293,82,504,9,-0.38226390081581,-0.2568499184687749
28,1551578400,88,177,89,265,9,-0.3527870027112861,-0.3125410806709154
28,1551592800,11,25,14,36,9,-0.6686109109740422,-0.3659020687223387
28,1551607200,81,159,78,240,9,-0.3991078425898237,-0.3183665160477084
28,1551621600,232,358,126,590,9,-0.19698054130165973,-0.2368104207726072
28,1551636000,250,472,222,722,9,0.20727406127466813,-0.2060521219831405
28,1551650400,139,218,79,357,9,-0.3948968571463203,-0.2911034784843174
28,1551664800,61,80,19,141,9,-0.6475559837565252,-0.3414352401398084
28,1551679200,14,38,24,52,9,-0.6265010565390081,-0.36217379008119127
28,1551693600,344,1378,1034,1722,9,3.626594241399441,0.02696529308857708
28,1551708000,276,670,394,946,9,0.9315635575572556,-0.15385622100707574
28,1551722400,784,581,0,1365,9,-0.7275647071830901,-0.05622192409202609
28,1551736800,473,433,0,906,9,-0.7275647071830901,-0.16317691760994446
28,1551751200,95,66,0,161,10,-0.5739480794924187,-0.9931931892787876
28,1551765600,14,68,54,82,10,-0.45280387073127004,-1.1037649870036932
28,1551780000,440,1940,1500,2380,10,2.7911688305394877,2.1126146480827988
28,1551794400,346,874,528,1220,10,0.6105730728388123,0.4890287574386165
28,1551808800,967,702,0,1669,10,-0.5739480794924187,1.1174684685586491
28,1551823200,641,460,0,1101,10,-0.5739480794924187,0.32247123934667027
28,1551837600,80,96,16,176,10,-0.538053499118745,-0.9721985441411473
28,1551852000,13,57,44,70,10,-0.47523798346481605,-1.1205607031138054
28,1551866400,440,1889,1449,2329,10,2.6767548555984026,2.041232854614822
28,1551880800,316,687,371,1003,10,0.2583575029221395,0.1853062244474204
28,1551895200,989,730,0,1719,10,-0.5739480794924187,1.18745061901745
28,1551909600,664,490,0,1154,10,-0.5739480794924187,0.3966523188329993
28,1551924000,90,112,22,202,10,-0.5245930314786174,-0.9358078259025708
28,1551938400,11,89,78,100,10,-0.3989620001707595,-1.0785714128385246
28,1551946237,158,492,334,650,10,0.17535128580801917,-0.3087677577917143
28,1551952800,334,1732,1398,2066,10,2.562340880657318,1.6731267432015289
28,1551967200,332,856,524,1188,10,0.6015994277453939,0.4442401811449839
28,1551981600,938,728,0,1666,10,-0.5739480794924187,1.113269539531121
28,1551996000,645,460,0,1105,10,-0.5739480794924187,0.3280698113833743
28,1552010400,96,123,27,219,10,-0.5133759751118443,-0.9120138947465785
28,1552024800,12,56,44,68,10,-0.47523798346481605,-1.1233599891321573
28,1552039200,385,1790,1405,2175,10,2.5780447595708003,1.8256878312017149
28,1552053600,380,679,299,1059,10,0.09683189124060801,0.26368623296127747
28,1552068000,869,817,0,1686,10,-0.5739480794924187,1.1412623997146414
28,1552082400,578,474,0,1052,10,-0.5739480794924187,0.25388873189704536
28,1552096800,124,150,26,274,10,-0.5156193863851989,-0.8350335292418974
28,1552111200,20,63,43,83,10,-0.47748139473817064,-1.1023653439945171
28,1552125600,102,259,157,361,10,-0.22173250957574578,-0.7132645874435838
28,1552140000,236,444,208,680,10,-0.10731853463466097,-0.26677846751643375
28,1552154400,335,573,238,908,10,-0.04001619643402284,0.0523401385756986
28,1552168800,326,307,0,633,10,-0.5739480794924187,-0.3325616889477066
28,1552186800,128,136,8,264,10,-0.5560007893055818,-0.8490299593336577
28,1552201200,21,44,23,65,10,-0.5223496202052628,-1.1275589181596855
28,1552215600,78,174,96,252,10,-0.35858059725037666,-0.8658256754437699
28,1552230000,181,338,157,519,10,-0.22173250957574578,-0.4921209919937728
28,1552244400,242,411,169,653,10,-0.19481157429549054,-0.30456882876418623
28,1552258800,157,231,74,388,10,-0.4079356452641779,-0.6754742261958313
28,1552273200,34,60,26,94,10,-0.5156193863851989,-1.0869692708935808
28,1552287600,31,186,155,217,10,-0.22621933212245499,-0.9148131807649306
28,1552302000,415,1806,1391,2221,10,2.546637001743836,1.8900714096238118
28,1552316400,451,588,137,1039,10,-0.2666007350428379,0.2356933727777571
28,1552330800,1020,753,0,1773,10,-0.5739480794924187,1.263031341512955
28,1552345200,372,340,0,712,10,-0.5739480794924187,-0.22198989122280113
28,1552359600,53,59,6,112,11,-0.5724734963208532,-1.027758954135502
28,1552374000,42,186,144,228,11,-0.2779278785067684,-0.878074581764697
28,1552388400,514,2097,1583,2611,11,2.793457223192275,2.196906964438993
28,1552402800,352,718,366,1070,11,0.19590637623762883,0.2084275004440764
28,1552417200,1069,826,0,1895,11,-0.5852798275301613,1.2729930798054043
28,1552431600,391,377,0,768,11,-0.5852798275301613,-0.18126802072819148
28,1552446000,57,59,2,116,11,-0.5810110504603919,-1.0225974240537499
28,1552460400,28,199,171,227,11,-0.22029938806488225,-0.8793649642851349
28,1552474800,505,1948,1443,2453,11,2.4946428283084208,1.9930265262097935
28,1552489200,341,656,315,997,11,0.08705256095851055,0.11422957645210438
28,1552503600,1026,825,0,1851,11,-0.5852798275301613,1.2162162489061334
28,1552518000,409,346,0,755,11,-0.5852798275301613,-0.19804299349388513
28,1552532400,64,68,4,132,11,-0.5767422733906226,-1.0019513037267425
28,1552546800,31,192,161,223,11,-0.241643273413729,-0.8845264943668868
28,1552561200,480,2066,1586,2546,11,2.799860388796929,2.113032100610525
28,1552575600,426,811,385,1237,11,0.23645975840043762,0.4239213813572179
28,1552590000,1097,779,0,1876,11,-0.5852798275301613,1.2484758119170827
28,1552604400,386,363,0,749,11,-0.5852798275301613,-0.20578528861651296
28,1552618800,240,138,0,378,11,-0.5852798275301613,-0.6845172036990009
28,1552633200,40,198,158,238,11,-0.248046439018383,-0.8651707565603172
28,1552647600,452,1850,1398,2302,11,2.3985953442386103,1.7981787656236594
28,1552662000,431,685,254,1116,11,-0.04314513966945446,0.26778509638422315
28,1552676400,947,805,0,1752,11,-0.5852798275301613,1.088468379382774
28,1552690800,356,366,10,722,11,-0.5639359421813145,-0.24062561666833823
28,1552705200,103,100,0,203,11,-0.5852798275301613,-0.9103341447756462
28,1552719600,21,62,41,83,11,-0.49776989759988965,-1.0651800472282031
28,1552734000,137,374,237,511,11,-0.0794297447624939,-0.5128963284807505
28,1552748400,257,572,315,829,11,0.08705256095851055,-0.1025546869814751
28,1552762800,427,679,252,1106,11,-0.04741391673922381,0.25488127117984344
28,1552777200,247,304,57,551,11,-0.4636196810417349,-0.46128102766323165
28,1552791600,85,81,0,166,11,-0.5852798275301613,-0.9580782980318513
28,1552806000,28,48,20,76,11,-0.5425920568324678,-1.074212724871269
28,1552820400,110,226,116,336,11,-0.3376907574835392,-0.7387132695573958
28,1552834800,206,451,245,657,11,-0.06235463648341651,-0.32450048049680646
28,1552849200,282,437,155,719,11,-0.254449604623037,-0.24449676422965216
28,1552863600,159,250,91,409,11,-0.39105047085565603,-0.6445153455654238
28,1552878000,35,47,12,82,11,-0.5596671651115451,-1.066470429748641
28,1552892400,50,181,131,231,11,-0.30567492946026914,-0.874203434203383
28,1552906800,451,1971,1520,2422,11,2.6589907454945405,1.9530246680762162
28,1552921200,407,746,339,1153,11,0.13827788579574268,0.31552924964042817
28,1552935600,955,679,0,1634,11,-0.5852798275301613,0.9362032419710933
28,1552950000,376,258,0,634,11,-0.5852798275301613,-0.35417927846687985
28,1552964400,41,60,19,101,12,-0.5358655094077052,-0.9485557638990381
28,1552978800,36,197,161,233,12,-0.21458753932746158,-0.7723369224165746
28,1552993200,452,1923,1471,2375,12,2.7493148607085884,2.0872142780034006
28,1553003604,165,250,85,415,12,-0.3865391289478736,-0.5293685197665113
28,1553007600,368,664,296,1032,12,0.09085278434037564,0.29432106504167005
28,1553009167,46,35,0,81,12,-0.5788534068128082,-0.975255588366078
28,1553009237,1,2,1,3,12,-0.5765908858967501,-1.0793849037875336
28,1553022000,1021,730,0,1751,12,-0.5788534068128082,1.254179754631755
28,1553036400,406,271,0,677,12,-0.5788534068128082,-0.17960081924828847
28,1553050800,48,66,18,114,12,-0.5381280303237632,-0.9312008779954621
28,1553065200,41,220,179,261,12,-0.17386216283841663,-0.7349571681627187
28,1553079600,446,1981,1535,2427,12,2.894116199336304,2.1566338216177043
28,1553094000,371,651,280,1022,12,0.054652449683446784,0.2809711528081501
28,1553108400,1047,719,0,1766,12,-0.5788534068128082,1.274204622982035
28,1553122800,386,301,0,687,12,-0.5788534068128082,-0.1662509070147685
28,1553137200,57,52,0,109,12,-0.5788534068128082,-0.9378758341122221
28,1553151600,27,189,162,216,12,-0.21232501841140353,-0.7950317732135586
28,1553166000,455,1817,1362,2272,12,2.5027000808582605,1.9497101819981448
28,1553180400,331,703,372,1034,12,0.2628043739607877,0.29699104748837407
28,1553194800,950,722,0,1672,12,-0.5788534068128082,1.1487154479869475
28,1553209200,408,274,0,682,12,-0.5788534068128082,-0.1729258631315285
28,1553223600,58,69,11,127,12,-0.5539656767361696,-0.9138459920918862
28,1553238000,34,186,152,220,12,-0.23495022757198405,-0.7896918083201506
28,1553252400,386,1799,1413,2185,12,2.6180886475772214,1.8335659455665212
28,1553266800,364,640,276,1004,12,0.045602366019214566,0.2569413107878142
28,1553281200,989,774,0,1763,12,-0.5788534068128082,1.270199649311979
28,1553295600,291,373,82,664,12,-0.3933266916960478,-0.19695570515186442
28,1553310000,75,91,16,166,12,-0.5426530721558793,-0.8617813343811583
28,1553324400,17,55,38,72,12,-0.49287761200260216,-0.9872705093762459
28,1553338800,130,302,172,432,12,-0.189699809250823,-0.5066736689695275
28,1553353200,257,506,249,763,12,-0.015485698714352876,-0.06479157404001683
28,1553367600,315,572,257,887,12,0.0026144686141115515,0.10074733765563067
28,1553382000,182,291,109,473,12,-0.33223862696248035,-0.45193902881209563
28,1553396400,70,92,22,162,12,-0.529077946659531,-0.8671212992745664
28,1553410800,11,41,30,52,12,-0.5109777793310666,-1.013970333843286
28,1553425200,89,234,145,323,12,-0.25078787398439045,-0.652187712314895
28,1553439600,201,399,198,600,12,-0.1308742654333136,-0.28239514344639216
28,1553454000,252,528,276,780,12,0.045602366019214566,-0.042096723243032895
28,1553468400,182,251,69,433,12,-0.4227394636048025,-0.5053386777461755
28,1553482800,45,38,0,83,12,-0.5788534068128082,-0.972585605919374
28,1553497200,32,207,175,239,12,-0.18291224650264884,-0.7643269750764626
28,1553511600,484,2036,1552,2520,12,2.932579054909291,2.28078800538944
28,1553526000,348,678,330,1026,12,0.16777849548634946,0.2863111177015581
28,1553540400,1066,902,0,1968,12,-0.5788534068128082,1.543872850099138
28,1553554800,398,249,0,647,12,-0.5788534068128082,-0.21965055594884833
28,1553569200,49,49,0,98,13,-0.5434837119260747,-1.05268529402673
28,1553583600,29,190,161,219,13,-0.2430637936685649,-0.906044576296237
28,1553598000,455,1595,1140,2050,13,1.5837132248041186,1.312956697790808
28,1553612400,365,2403,2038,2768,13,3.259347303035446,2.1831057501089393
28,1553626800,1590,440,0,2030,13,-0.5434837119260747,1.2887185626287432
28,1553641200,354,335,0,689,13,-0.5434837119260747,-0.3364483999877109
28,1553655600,70,69,0,139,13,-0.5434837119260747,-1.0029971169444967
28,1553670000,30,178,148,208,13,-0.2673213025961899,-0.9193755506353727
28,1553684400,550,2029,1479,2579,13,2.2162744191475707,1.9540553728274257
28,1553698800,405,859,454,1264,13,0.3036631383155988,0.3603979859216561
28,1553713200,1143,870,0,2013,13,-0.5434837119260747,1.268116147740988
28,1553727600,444,349,0,793,13,-0.5434837119260747,-0.21041009714497322
28,1553742000,71,66,0,137,13,-0.5434837119260747,-1.0054209304607031
28,1553756400,45,182,137,227,13,-0.28784688707341105,-0.896349322231411
28,1553770800,457,2031,1574,2488,13,2.3935408305417534,1.8437718578400302
28,1553785200,435,777,342,1212,13,0.09467536909298334,0.29737883450028724
28,1553799600,1153,784,0,1937,13,-0.5434837119260747,1.1760112341251412
28,1553814000,433,295,0,728,13,-0.5434837119260747,-0.2891840364216843
28,1553828400,96,82,0,178,13,-0.5434837119260747,-0.9557327533784701
28,1553842800,42,179,137,221,13,-0.28784688707341105,-0.9036207627800305
28,1553857200,442,1882,1440,2324,13,2.1435018923646956,1.6450191495110977
28,1553871600,453,769,316,1222,13,0.046160351237733314,0.3094979020813197
28,1553886000,1060,767,0,1827,13,-0.5434837119260747,1.0427014907337842
28,1553900400,453,360,0,813,13,-0.5434837119260747,-0.18617196198290828
28,1553914800,138,140,2,278,13,-0.5397517874756708,-0.8345420775681454
28,1553929200,46,61,15,107,13,-0.5154942785480457,-1.0417781332038005
28,1553943600,186,335,149,521,13,-0.265455340370988,-0.5400487353490564
28,1553958000,406,495,89,901,13,-0.3774130738831034,-0.07952416726982255
28,1553972400,455,598,143,1053,13,-0.2766511137221995,0.10468565996187099
28,1553986800,320,362,42,682,13,-0.46511329846759386,-0.34493174729443365
28,1554001200,126,105,0,231,13,-0.5434837119260747,-0.891501695198998
28,1554015600,19,25,6,44,13,-0.5322879385748631,-1.1181282589643051
28,1554030000,140,197,57,337,13,-0.43712386508956497,-0.7630395788400538
28,1554044400,294,418,124,712,13,-0.31210439600103607,-0.3085745445513362
28,1554058800,326,372,46,698,13,-0.45764944956678616,-0.32554123916478167
28,1554073200,192,231,39,423,13,-0.4707111851431996,-0.6588155976431745
28,1554087600,44,53,9,97,13,-0.5266900518992573,-1.053897200784833
28,1554102000,41,200,159,241,13,-0.24679571811896875,-0.8793826276179655
28,1554116400,421,2067,1646,2488,13,2.527890110756292,1.8437718578400302
28,1554130800,371,712,341,1083,13,0.09280940686778141,0.14104286270496838
28,1554145200,1094,725,0,1819,13,-0.5434837119260747,1.033006236668958
28,1554159600,374,345,0,719,13,-0.5434837119260747,-0.3000911972446135
28,1554174000,69,68,0,137,14,-0.617544755768825,-1.0778392432193717
28,1554188400,40,195,155,235,14,-0.30691144097551243,-0.9558633194039436
28,1554202800,477,2091,1614,2568,14,2.6170498898854095,1.947910458773543
28,1554217200,448,712,264,1160,14,-0.08846607766924756,0.19544004313963753
28,1554231600,1133,777,0,1910,14,-0.617544755768825,1.1289292560128115
28,1554246000,397,361,0,758,14,-0.617544755768825,-0.3049101749603837
28,1554260400,68,60,0,128,14,-0.617544755768825,-1.0890411137738498
28,1554274800,42,207,165,249,14,-0.28687058195658904,-0.9384381874303112
28,1554289200,516,2108,1592,2624,14,2.572960000043778,2.0176109866680734
28,1554303600,419,688,269,1107,14,-0.07844564815978587,0.1294734720965999
28,1554318000,1137,841,0,1978,14,-0.617544755768825,1.2135656113133126
28,1554332400,433,347,0,780,14,-0.617544755768825,-0.27752782471610393
28,1554346800,69,67,0,136,14,-0.617544755768825,-1.0790838955032027
28,1554361200,41,195,154,236,14,-0.3089155268774048,-0.9546186671201128
28,1554375600,470,2008,1538,2478,14,2.4647393613415916,1.835891753228762
28,1554390000,407,767,360,1174,14,0.10392616891241693,0.2128651751132701
28,1554404400,1111,749,0,1860,14,-0.617544755768825,1.0666966418212667
28,1554418800,445,339,0,784,14,-0.617544755768825,-0.2725492155807804
28,1554433200,87,75,0,162,14,-0.617544755768825,-1.0467229361235992
28,1554447600,39,171,132,210,14,-0.35300541671903624,-0.9869796264997162
28,1554462000,421,1818,1397,2239,14,2.182163249174772,1.5384198573931773
28,1554476400,441,652,211,1093,14,-0.19468263046954148,0.11204834012296731
28,1554490800,973,776,0,1749,14,-0.617544755768825,0.9285402383160368
28,1554505200,389,346,0,735,14,-0.617544755768825,-0.3335371774884944
28,1554519600,118,188,70,306,14,-0.4772587426363612,-0.8674930072519499
28,1554534000,31,82,51,113,14,-0.5153363747723156,-1.1077108980313133
28,1554548400,152,256,104,408,14,-0.4091198219720217,-0.7405384743011982
28,1554562800,418,1463,1045,1881,14,1.4767250117086688,1.0928343397817155
28,1554577200,620,1087,467,1707,14,0.31836336041489716,0.876264842395139
28,1554591600,345,545,200,890,14,-0.21672757539035722,-0.1406160734947051
28,1554606000,135,189,54,324,14,-0.5093241170666386,-0.8450892661429937
28,1554620400,21,54,33,75,14,-0.5514099210063778,-1.1550076848168875
28,1554634800,134,343,209,477,14,-0.19869080227332617,-0.6546574667168662
28,1554649200,354,692,338,1046,14,0.05983627907078548,0.05354968278291508
28,1554663600,415,666,251,1081,14,-0.11451919439384796,0.09711251271699653
28,1554678000,211,370,159,581,14,-0.2988950973679431,-0.5252136291984528
28,1554692400,60,88,28,148,14,-0.5614303505158394,-1.064148068097232
28,1554706800,40,212,172,252,14,-0.2728419806433427,-0.9347042305788185
28,1554721200,491,2190,1699,2681,14,2.7873971915462583,2.0885561668464345
28,1554735600,456,667,211,1123,14,-0.19468263046954148,0.14938790863789428
28,1554750000,1114,727,0,1841,14,-0.617544755768825,1.0430482484284795
28,1554764400,396,305,0,701,14,-0.617544755768825,-0.37585535513874496
28,1554778800,68,59,0,127,15,-0.5495351449594015,-1.0424173991262675
28,1554793200,38,197,159,235,15,-0.23305935683493878,-0.9031157264421273
28,1554807600,434,2236,1802,2670,15,3.03719045378451,2.2376210604641806
28,1554822000,432,771,339,1203,15,0.12521512028709453,0.3454400065046102
28,1554836400,1058,738,0,1796,15,-0.5495351449594015,1.11030937596475
28,1554850800,381,348,0,729,15,-0.5495351449594015,-0.2659395569424493
28,1554865200,71,66,0,137,15,-0.5495351449594015,-1.0295190960999583
28,1554879600,43,197,154,240,15,-0.24301142564388414,-0.8966665749289727
28,1554887513,333,1046,713,1379,15,0.8696298671962082,0.5724501397676534
28,1554894000,360,2099,1739,2459,15,2.911794386791798,1.965466866609055
28,1554895814,20,41,21,61,15,-0.5077364559618309,-1.1275461990999087
28,1554908400,430,770,340,1200,15,0.1272055340488836,0.3415705155967174
28,1554922800,1130,809,0,1939,15,-0.5495351449594015,1.2947551092409726
28,1554937200,445,362,0,807,15,-0.5495351449594015,-0.16533279333723697
28,1554951600,74,94,20,168,15,-0.50972686972362,-0.9895343567183995
28,1554966000,44,219,175,263,15,-0.2012127366463136,-0.8670004779684614
28,1554980400,464,2051,1587,2515,15,2.609251494999859,2.037697363556387
28,1554994800,424,787,363,1211,15,0.1729850505700323,0.3557586489256576
28,1555009200,1079,806,0,1885,15,-0.5495351449594015,1.2251042728989026
28,1555023600,401,339,0,740,15,-0.5495351449594015,-0.2517514236135091
28,1555038000,75,76,1,151,15,-0.5475447311976125,-1.0114614718631252
28,1555052400,32,177,145,209,15,-0.2609251494999858,-0.9366513143105315
28,1555066800,454,1853,1399,2307,15,2.235053707783513,1.769412660609154
28,1555081200,455,705,250,1160,15,-0.05193170451213306,0.2899773034914803
28,1555095600,1027,876,0,1903,15,-0.5495351449594015,1.2483212183462593
28,1555110000,421,340,0,761,15,-0.5495351449594015,-0.22466498725825962
28,1555124400,132,131,0,263,15,-0.5495351449594015,-0.8670004779684614
28,1555138800,21,69,48,90,15,-0.453995284393526,-1.0901411203236118
28,1555153200,155,384,229,539,15,-0.09373039350970361,-0.5110073144423255
28,1555167600,345,588,243,933,15,-0.06586460084465658,-0.0028141752057401384
28,1555182000,576,646,70,1222,15,-0.41020618163416633,0.3699467822545978
28,1555196400,371,349,0,720,15,-0.5495351449594015,-0.2775480296661276
28,1555210800,141,121,0,262,15,-0.5495351449594015,-0.8682903082710923
28,1555225200,24,45,21,69,15,-0.5077364559618309,-1.1172275566788612
28,1555239600,151,235,84,386,15,-0.3823403889691193,-0.7083513507448573
28,1555254000,309,436,127,745,15,-0.29675259721218916,-0.24530227210035446
28,1555268400,408,479,71,887,15,-0.4082157678723773,-0.062146369126762795
28,1555282800,251,254,3,505,15,-0.5435639036740343,-0.554861544731777
28,1555297200,46,46,0,92,15,-0.5495351449594015,-1.08756145971835
28,1555311600,36,177,141,213,15,-0.2688868045471421,-0.9314919931000077
28,1555326000,417,1960,1543,2377,15,2.52167328948114,1.8597007817933189
28,1555340400,360,721,361,1081,15,0.16900422304645416,0.1880807095836371
28,1555354800,1016,800,0,1816,15,-0.5495351449594015,1.1361059820173687
28,1555369200,373,320,0,693,15,-0.5495351449594015,-0.3123734478371627
28,1555383600,66,45,0,111,16,-0.5152932001591702,-1.023878958976783
28,1555398000,42,197,155,239,16,-0.19462034545730636,-0.8575183556141576
28,1555412400,465,2145,1680,2610,16,2.960386773383612,2.224051883235723
28,1555426800,431,772,341,1203,16,0.1901870801849303,0.3953849384606145
28,1555441200,1098,847,0,1945,16,-0.5152932001591702,1.3597565610783335
28,1555455600,482,335,0,817,16,-0.5152932001591702,-0.10629625605480253
28,1555470000,70,59,0,129,16,-0.5152932001591702,-1.0004844991289137
28,1555484400,37,194,157,231,16,-0.19048263120308875,-0.8679158933243217
28,1555498800,501,2148,1647,2649,16,2.892114488189022,2.274739879572773
28,1555513200,461,753,292,1214,16,0.08881308095659914,0.4096815528120902
28,1555527600,1086,853,0,1939,16,-0.5152932001591702,1.3519584077957105
28,1555542000,439,324,0,763,16,-0.5152932001591702,-0.1764796355984101
28,1555556400,82,70,0,152,16,-0.5152932001591702,-0.970591578212192
28,1555570800,44,210,166,254,16,-0.17186291705910955,-0.8380229724075999
28,1555585200,437,2074,1637,2511,16,2.871425916917934,2.0953823540724423
28,1555599600,458,798,340,1256,16,0.1881182230578215,0.4642686257904516
28,1555614000,1029,869,0,1898,16,-0.5152932001591702,1.2986710270311193
28,1555628400,435,378,0,813,16,-0.5152932001591702,-0.11149502490988457
28,1555642800,84,87,3,171,16,-0.5090866287778438,-0.9458974261505524
28,1555657200,38,177,139,215,16,-0.22772205949104712,-0.8887109687446498
28,1555671600,323,1498,1175,1821,16,1.915613924193669,1.1985947265707901
28,1555686000,506,654,148,1160,16,-0.20910234534706795,0.3394981732684826
28,1555700400,826,745,0,1571,16,-0.5152932001591702,0.8736716731281624
28,1555714800,384,346,0,730,16,-0.5152932001591702,-0.21936947865283696
28,1555729200,81,85,4,166,16,-0.507017771650735,-0.9523958872194049
28,1555743600,24,61,37,85,16,-0.43874548645614464,-1.0576709565348164
28,1555758000,140,238,98,378,16,-0.3125452017025079,-0.6768611379000566
28,1555772400,318,419,101,737,16,-0.3063386303211815,-0.21027163315644337
28,1555786800,408,455,47,863,16,-0.41805691518505667,-0.04651041422135905
28,1555801200,248,261,13,509,16,-0.4883980575067558,-0.5066014578961198
28,1555815600,85,118,33,203,16,-0.44702091496457985,-0.904307275309896
28,1555830000,14,57,43,71,16,-0.4263323436934919,-1.0758666475276033
28,1555844400,159,237,78,396,16,-0.3539223442446839,-0.6534666780521875
28,1555858800,253,397,144,650,16,-0.21737777385550314,-0.3233448557544778
28,1555873200,381,403,22,784,16,-0.46977834336277663,-0.1491860991092294
28,1555887600,224,286,62,510,16,-0.3870240582784247,-0.5053017656823493
28,1555902000,53,46,0,99,16,-0.5152932001591702,-1.0394752655420292
28,1555916400,32,177,145,209,16,-0.21530891672839433,-0.896509122027273
28,1555930800,431,1929,1498,2360,16,2.5838547762498107,1.8991288297930953
28,1555945200,391,647,256,1038,16,0.014334224380682369,0.1809357231884803
28,1555959600,947,742,0,1689,16,-0.5152932001591702,1.0270353543530826
28,1555974000,351,249,0,600,16,-0.5152932001591702,-0.3883294664430033
28,1555988400,68,52,0,120,17,-0.5613405893056987,-0.996151553710702
28,1556002800,61,178,117,239,17,-0.3030083522488708,-0.8322508788687064
28,1556017200,468,1993,1525,2461,17,2.805810363785435,2.228146595912085
28,1556031600,492,818,326,1310,17,0.15845692591247146,0.6428551947092538
28,1556046000,1051,858,0,1909,17,-0.5613405893056987,1.4678678353004753
28,1556060400,497,331,0,828,17,-0.5613405893056987,-0.02101140423059382
28,1556074800,78,64,0,142,17,-0.5613405893056987,-0.9658505886138624
28,1556089200,47,196,149,243,17,-0.2323533814299093,-0.8267416124874628
28,1556103600,483,1918,1435,2401,17,2.6070932583571054,2.1455076001934317
28,1556118000,423,751,328,1174,17,0.16287286158865655,0.45554013774697316
28,1556132400,1023,839,0,1862,17,-0.5613405893056987,1.4031339553208635
28,1556146800,385,353,0,738,17,-0.5613405893056987,-0.14496989780857367
28,1556161200,395,149,0,544,17,-0.5613405893056987,-0.4121693172988858
28,1556175600,286,264,0,550,17,-0.5613405893056987,-0.4039054177270205
28,1556190000,417,1893,1476,2310,17,2.6976199397189,2.020171790020141
28,1556204400,404,764,360,1168,17,0.23352783240761804,0.4472762381751078
28,1556218800,961,890,0,1851,17,-0.5613405893056987,1.3879834727724438
28,1556233200,371,358,0,729,17,-0.5613405893056987,-0.15736574716637167
28,1556247600,121,148,27,269,17,-0.5017254576772,-0.7909313810093798
28,1556262000,42,186,144,228,17,-0.24339322062037202,-0.8474013614171262
28,1556266277,24,190,166,214,17,-0.194817928182336,-0.8666837937514785
28,1556272496,16,179,163,195,17,-0.20144183169661364,-0.8928528090623854
28,1556276400,364,1732,1368,2096,17,2.459159413204905,1.725426038623611
28,1556283427,92,266,174,358,17,-0.17715418547759562,-0.6683502040267109
28,1556283508,2,2,0,4,17,-0.5613405893056987,-1.1559202787667648
28,1556290800,356,708,352,1064,17,0.21586408970287768,0.3040353122627756
28,1556305200,869,746,0,1615,17,-0.5613405893056987,1.0629367562790744
28,1556319600,286,317,31,603,17,-0.49289358632482977,-0.3309076381755434
28,1556334000,93,110,17,203,17,-0.5238051360581254,-0.8818342762998983
28,1556348400,30,81,51,111,17,-0.44873422956297887,-1.0085474030685
28,1556362800,145,339,194,484,17,-0.1329948287157447,-0.494808313017539
28,1556377200,310,484,174,794,17,-0.17715418547759562,-0.06784016847116399
28,1556391600,377,508,131,885,17,-0.2720968025155751,0.05749564170212675
28,1556406000,245,319,74,564,17,-0.3979509692868503,-0.38462298539266804
28,1556420400,86,105,19,191,17,-0.5193892003819404,-0.898362075443629
28,1556434800,22,49,27,71,17,-0.5017254576772,-1.0636400668809354
28,1556449200,108,238,130,346,17,-0.2743047703536677,-0.6848780031704415
28,1556463600,229,428,199,657,17,-0.12195498952528196,-0.25653254202875553
28,1556478000,293,387,94,680,17,-0.35379161252499935,-0.22485426033660513
28,1556492400,178,242,64,420,17,-0.42003064766777576,-0.5829565751174358
28,1556506800,44,51,7,95,17,-0.5458848144390509,-1.0305844685934742
28,1556521200,35,188,153,223,17,-0.2235215100775391,-0.8542879443936806
28,1556526914,190,566,376,756,17,0.26885531781709876,-0.1201781990929777
28,1556535600,360,2152,1792,2512,17,3.3953377765561448,2.2983897422729402
28,1556550000,360,666,306,1026,17,0.11429756915062053,0.25169728164096183
28,1556564400,986,756,0,1742,17,-0.5613405893056987,1.2378559638835571
28,1556578800,326,322,0,648,17,-0.5613405893056987,-0.2689283913865535
28,1556593200,51,62,11,113,18,-0.5343697940479166,-0.9977347547567498
28,1556607600,37,197,160,234,18,-0.239553013675489,-0.846585710383497
28,1556622000,477,2070,1593,2547,18,2.59583253178551,2.0427344518919894
28,1556636400,364,738,374,1102,18,0.18387511383927285,0.2376900790047963
28,1556650800,998,772,0,1770,18,-0.5561347912566194,1.0721327371976304
28,1556665200,258,190,0,448,18,-0.5561347912566194,-0.5792642600043555
28,1556679600,442,392,0,834,18,-0.5561347912566194,-0.09708631679711911
28,1556694000,65,203,138,268,18,-0.28308300809289444,-0.8041140780802688
28,1556700216,22,44,22,66,18,-0.512604796839214,-1.0564455405876827
28,1556708400,457,2187,1730,2644,18,2.8669056788393528,2.1639035205217874
28,1556722800,595,1200,605,1795,18,0.6409400552220298,1.1033618785970627
28,1556737200,1014,807,0,1821,18,-0.5561347912566194,1.1358401856524725
28,1556751600,380,355,0,735,18,-0.5561347912566194,-0.22075371673887145
28,1556766000,59,56,0,115,18,-0.5561347912566194,-0.9952364234447952
28,1556780400,37,224,187,261,18,-0.18612983870867328,-0.81285823767211
28,1556794800,446,2170,1724,2616,18,2.8550338621800604,2.1289268821544227
28,1556809200,414,706,292,1120,18,0.02162695282894353,0.26017506081238767
28,1556823600,1065,843,0,1908,18,-0.5561347912566194,1.2445175977224971
28,1556838000,441,376,0,817,18,-0.5561347912566194,-0.11832213294873314
28,1556852400,66,67,1,133,18,-0.5541561551467373,-0.9727514416372038
28,1556866800,33,177,144,210,18,-0.27121119143360206,-0.8765656861269521
28,1556881200,411,1891,1480,2302,18,2.3722466513688363,1.736688866177552
28,1556895600,409,734,325,1143,18,0.08692194445505166,0.28890587089986547
28,1556910000,979,858,0,1837,18,-0.5561347912566194,1.1558268361481092
28,1556924400,349,280,0,629,18,-0.5561347912566194,-0.35316527627246486
28,1556938800,92,121,29,213,18,-0.4987543440700395,-0.8728181891590201
28,1556953200,22,58,36,80,18,-0.48490389130086503,-1.0389572214040006
28,1556967600,135,432,297,567,18,0.031520133378353854,-0.43061354694305726
28,1556982000,394,559,165,953,18,-0.22965983312607868,0.051564396264179156
28,1556996400,415,529,114,944,18,-0.330570274730064,0.04032190536038349
28,1557010800,272,310,38,582,18,-0.4809466190811009,-0.4118760621033978
28,1557025200,82,150,68,232,18,-0.421587535784639,-0.8490840416954515
28,1557039600,20,39,19,59,18,-0.5185407051688602,-1.0651897001795239
28,1557054000,91,196,105,287,18,-0.3483779997190026,-0.7803799306167002
28,1557068400,210,338,128,548,18,-0.3028693691917151,-0.45434769440662587
28,1557082800,233,438,205,671,18,-0.15051438873079612,-0.3007003187214184
28,1557097200,127,208,81,335,18,-0.39586526635617214,-0.72041997912979
28,1557111600,34,39,5,73,18,-0.546241610707209,-1.0477013809958415
28,1557126000,39,192,153,231,18,-0.2534034664446635,-0.8503332073514288
28,1557140400,418,2028,1610,2446,18,2.6294693456535048,1.9165687206382824
28,1557154800,400,647,247,1047,18,-0.06741167211574939,0.168985967926045
28,1557169200,1053,787,0,1840,18,-0.5561347912566194,1.159574333116041
28,1557183600,331,297,0,628,18,-0.5561347912566194,-0.3544144419284422
28,1557198000,57,53,0,110,19,-0.5527750490416556,-0.8241769023157488
28,1557212400,41,183,142,224,19,-0.2194931591178142,-0.6705003004482417
28,1557226800,478,2109,1631,2587,19,3.2752725739568334,2.5149190873843854
28,1557241200,403,775,372,1178,19,0.32032962033629525,0.6155302099166868
28,1557255600,1061,824,0,1885,19,-0.5527750490416556,1.5685947495686832
28,1557270000,382,394,12,776,19,-0.5246103822875282,0.07361798227863522
28,1557284400,66,58,0,124,19,-0.5527750490416556,-0.8053043371741252
28,1557298800,43,216,173,259,19,-0.1467344366696516,-0.6233188875941824
28,1557313200,463,2084,1621,2547,19,3.251802018328394,2.460997472694032
28,1557327600,418,474,56,892,19,-0.42133993752239424,0.22999066488066008
28,1557342000,1045,767,0,1812,19,-0.5527750490416556,1.4701878027587882
28,1557356400,397,370,0,767,19,-0.5527750490416556,0.06148561897330571
28,1557370800,77,83,6,160,19,-0.538692715664592,-0.7567748839528071
28,1557385200,38,207,169,245,19,-0.15612265892102745,-0.6421914527358061
28,1557399600,463,2051,1588,2514,19,3.1743491847545435,2.4165121405744903
28,1557414000,387,785,398,1172,19,0.3813530649702381,0.6074419677131339
28,1557428400,1056,864,0,1920,19,-0.5527750490416556,1.6157761624227425
28,1557442800,366,357,0,723,19,-0.5527750490416556,0.002171842813916978
28,1557457200,80,83,3,163,19,-0.5457338823531238,-0.7527307628510306
28,1557471600,43,195,152,238,19,-0.19602260348937464,-0.651627735306618
28,1557486000,404,1952,1548,2356,19,3.080466962240785,2.2035217625475947
28,1557500400,412,771,359,1183,19,0.28981789801932384,0.622270411752981
28,1557514800,1036,775,0,1811,19,-0.5527750490416556,1.4688397623915295
28,1557529200,347,366,19,713,19,-0.5081809933476206,-0.011308560858671372
28,1557543600,102,110,8,212,19,-0.533998604538904,-0.6866767848553477
28,1557558000,22,88,66,110,19,-0.3978693818939547,-0.8241769023157488
28,1557572400,115,382,267,497,19,0.07388878623768007,-0.3024852801865797
28,1557586800,295,559,264,854,19,0.06684761954914821,0.17876513092482435
28,1557601200,376,575,199,951,19,-0.08571099203570881,0.30952504654893137
28,1557615600,228,303,75,531,19,-0.3767458818283591,-0.25665190769977936
28,1557630000,71,110,39,181,19,-0.46123988209074146,-0.7284660362403715
28,1557644400,16,41,25,57,19,-0.4940986599705568,-0.8956230417804671
28,1557658800,95,193,98,288,19,-0.32276360388294817,-0.5842257169436762
28,1557673200,151,324,173,475,19,-0.1467344366696516,-0.3321421682662741
28,1557687600,185,299,114,484,19,-0.2852107148774449,-0.32000980496094455
28,1557702000,110,220,110,330,19,-0.29459893712882074,-0.5276080215188051
28,1557716400,31,48,17,79,19,-0.5128751044733084,-0.8659661537007728
28,1557730800,25,193,168,218,19,-0.1584697144838714,-0.6785885426517947
28,1557735918,21,48,27,69,19,-0.4894045488448689,-0.8794465573733611
28,1557735992,159,466,307,625,19,0.16777100875143824,-0.12993611317744885
28,1557736073,6,5,0,11,19,-0.5527750490416556,-0.9576328986743735
28,1557736156,52,236,184,288,19,-0.12091682547836811,-0.5842257169436762
28,1557736236,1,11,10,12,19,-0.5293044934132162,-0.9562848583071146
28,1557736317,105,612,507,717,19,0.6371821213202291,-0.005916399389636032
28,1557736398,5,5,0,10,19,-0.5527750490416556,-0.9589809390416324
28,1557736478,3,16,13,19,19,-0.5222633267246842,-0.9468485757363029
28,1557736563,44,347,303,391,19,0.1583827865000624,-0.44537755911601623
28,1557736644,2,13,11,15,19,-0.5269574378503722,-0.9522407372053382
28,1557736731,18,39,21,57,19,-0.5034868822219326,-0.8956230417804671
28,1557736811,1,0,0,1,19,-0.5527750490416556,-0.9711133023469619
28,1557745200,327,1395,1068,1722,19,1.9538802920756873,1.348864169705493
28,1557759600,329,724,395,1053,19,0.3743118982817062,0.4470251640093325
28,1557774000,958,737,0,1695,19,-0.5527750490416556,1.3124670797895046
28,1557788400,357,287,0,644,19,-0.5527750490416556,-0.10432334619953099
28,1557802800,80,86,6,166,20,-0.5711639424026946,-0.6406452453746021
28,1557817200,39,202,163,241,20,-0.13161796867489914,-0.5226467949686782
28,1557831600,440,2137,1697,2577,20,4.163054156792861,3.152611607007835
28,1557846000,417,2178,1761,2595,20,4.34223213334432,3.1809312351052568
28,1557860400,1058,786,0,1844,20,-0.5879618777043939,1.9993734183739376
28,1557874800,337,306,0,643,20,-0.5879618777043939,0.10982489920707456
28,1557889200,97,82,0,179,20,-0.5879618777043939,-0.6201921806375753
28,1557903600,35,227,192,262,20,-0.050427948050019704,-0.4896072288550194
28,1557909146,26,87,61,113,20,-0.4171828688037854,-0.7240308169947884
28,1557909221,131,730,599,861,20,1.0890319965819089,0.45280706172029367
28,1557909301,176,581,405,757,20,0.5458987551603016,0.28918254382407904
28,1557909382,8,47,39,55,20,-0.47877529824334913,-0.8152829519753696
28,1557909463,16,41,25,57,20,-0.5179704806139805,-0.8121363266312117
28,1557909544,72,369,297,441,20,0.24353591972971617,-0.20798426055288077
28,1557909625,2,1,0,3,20,-0.5879618777043939,-0.897095210923477
28,1557909709,4,21,17,25,20,-0.5403677276829129,-0.8624823321377393
28,1557909790,45,400,355,445,20,0.405915960979475,-0.2016910098645648
28,1557909871,1,29,28,30,20,-0.509571512963131,-0.8546157687773444
28,1557909954,22,74,52,96,20,-0.4423797717563342,-0.7507771324201312
28,1557910035,1,0,0,1,20,-0.5879618777043939,-0.900241836267635
28,1557918000,293,1299,1006,1592,20,2.2284919412138375,1.602898625010033
28,1557932400,401,782,381,1183,20,0.4787070139535049,0.9594137421297274
28,1557946800,1088,845,0,1933,20,-0.5879618777043939,2.1393982461889673
28,1557961200,390,404,14,794,20,-0.5487666953337624,0.34739511269100154
28,1557975600,96,101,5,197,20,-0.5739635982863112,-0.5918725525401536
28,1557990000,49,216,167,265,20,-0.12041934514043301,-0.48488729083878246
28,1557995150,35,75,40,110,20,-0.4759756423597326,-0.7287507550110254
28,1557995212,120,622,502,742,20,0.8174653758711052,0.26558285374289425
28,1557995273,38,291,253,329,20,0.12035106085058876,-0.38419527982572726
28,1557995350,3,5,2,8,20,-0.5823625659371608,-0.8892286475630821
28,1557995412,11,11,0,22,20,-0.5879618777043939,-0.8672022701539762
28,1557995474,2,22,20,24,20,-0.5319687600320633,-0.8640556448098182
28,1557995553,1,3,2,4,20,-0.5823625659371608,-0.8955218982513979
28,1557995637,20,50,30,70,20,-0.5039722011958979,-0.7916832618941848
28,1557995717,0,0,0,0,20,-0.5879618777043939,-0.9018151489397139
28,1557995803,191,623,432,814,20,0.621489464017948,0.3788613661325813
28,1557995884,6,15,9,21,20,-0.5627649747518451,-0.8687755828260552
28,1557995967,78,395,317,473,20,0.29952903740204684,-0.15763825504635318
28,1557996048,3,8,5,11,20,-0.5739635982863112,-0.884508709546845
28,1557996133,32,140,108,172,20,-0.2855990422738084,-0.6312053693421282
28,1558004400,243,1249,1006,1492,20,2.2284919412138375,1.4455673578021344
28,1558018800,388,803,415,1191,20,0.573895313996467,0.9720002435063593
28,1558033200,980,812,0,1792,20,-0.5879618777043939,1.9175611594258304
28,1558047600,417,365,0,782,20,-0.5879618777043939,0.32851536062605374
28,1558062000,103,124,21,227,20,-0.5291691041484466,-0.5446731723777839
28,1558076400,42,190,148,232,20,-0.1736128069291471,-0.536806609017389
28,1558083323,47,125,78,172,20,-0.36958871878230437,-0.6312053693421282
28,1558083404,0,3,3,3,20,-0.5795629100535443,-0.897095210923477
28,1558083484,216,749,533,965,20,0.9042547082632177,0.6164315796165083
28,1558083564,8,8,0,16,20,-0.5879618777043939,-0.8766421461864501
28,1558083626,172,942,770,1114,20,1.5677731526803358,0.8508551677562773
28,1558083687,91,457,366,548,20,0.4367121756992569,-0.03963980464042918
28,1558083766,58,500,442,558,20,0.6494860228541134,-0.023906677919639317
28,1558083846,0,5,5,5,20,-0.5739635982863112,-0.893948585579319
28,1558083927,9,26,17,35,20,-0.5403677276829129,-0.8467492054169494
28,1558084008,1,9,8,10,20,-0.5655646306354616,-0.8860820222189241
28,1558084090,23,69,46,92,20,-0.4591777070580334,-0.7570703831084471
28,1558084170,0,0,0,0,20,-0.5879618777043939,-0.9018151489397139
28,1558084266,18,168,150,186,20,-0.16801349516191405,-0.6091789919330224
28,1558090800,171,768,597,939,20,1.0834326848146758,0.5755254501424546
28,1558105200,394,733,339,1127,20,0.3611214668416105,0.8713082324933041
28,1558119600,987,822,0,1809,20,-0.5879618777043939,1.944307474851173
28,1558134000,355,383,28,738,20,-0.509571512963131,0.2592896030545783
28,1558148400,111,137,26,248,20,-0.515170824730364,-0.5116336062641252
28,1558162800,38,90,52,128,20,-0.4423797717563342,-0.7004311269136037
28,1558177200,139,355,216,494,20,0.01676379315677707,-0.12459868893269446
28,1558191600,338,559,221,897,20,0.03076207257485973,0.5094463179151372
28,1558206000,407,527,120,934,20,-0.25200317167041003,0.5676588867820597
28,1558220400,272,366,94,638,20,-0.32479422464443986,0.10195833584667963
28,1558234800,90,89,0,179,20,-0.5879618777043939,-0.6201921806375753
28,1558249200,21,55,34,76,20,-0.49277357766143176,-0.7822433858617109
28,1558263600,108,229,121,337,20,-0.24920351578679348,-0.3716087784490954
28,1558278000,264,431,167,695,20,-0.12041934514043301,0.19163715815518187
28,1558292400,295,503,208,798,20,-0.005633453912155186,0.3536883633793175
28,1558306800,343,323,0,666,20,-0.5879618777043939,0.14601109066489126
28,1558321200,70,76,6,146,20,-0.5711639424026946,-0.6721114988161818
28,1558335600,37,207,170,244,20,-0.1120203774895834,-0.5179268569524411
28,1558350000,435,1926,1491,2361,20,3.5863250447678556,2.812776069838774
28,1558364400,371,698,327,1069,20,0.32752559623821215,0.7800560975127229
28,1558371365,267,192,0,459,20,-0.5879618777043939,-0.179664632455459
28,1558378800,963,726,0,1689,20,-0.5879618777043939,1.7555099542016948
28,1558393200,375,381,6,756,20,-0.5711639424026946,0.28760923115200004
28,1558407600,83,45,0,128,21,-0.601073826038654,-0.8643766732047854
28,1558422000,42,202,160,244,21,-0.10884252479979863,-0.6731519508148802
28,1558428385,38,140,102,178,21,-0.2872763714988837,-0.7819522238987918
28,1558428447,168,936,768,1104,21,1.7616364199078518,0.74454857724821
28,1558428509,60,454,394,514,21,0.6110457532620274,-0.2280599245625147
28,1558428574,67,429,362,496,21,0.5125994930142562,-0.2577327263126724
28,1558428648,8,45,37,53,21,-0.48724533762716865,-0.9880133471637759
28,1558428712,23,66,43,89,21,-0.4687866638307116,-0.9286677436634604
28,1558428773,238,755,517,993,21,0.9894485660893975,0.5615662997889042
28,1558428853,7,19,12,26,21,-0.5641564784457398,-1.0325225497890125
28,1558428935,6,45,39,51,21,-0.48109244636168297,-0.9913103251360156
28,1558429025,4,17,13,21,21,-0.561080032812997,-1.0407649947196118
28,1558429109,7,90,83,97,21,-0.3457288385209978,-0.9154798317745014
28,1558429193,4,10,6,14,21,-0.5826151522421968,-1.0523044176224507
28,1558436400,199,1076,877,1275,21,2.096968993876822,1.026440193874708
28,1558450800,400,708,308,1108,21,0.34647142884614257,0.7511425331926894
28,1558454818,188,79,0,267,21,-0.601073826038654,-0.6352367041341231
28,1558465200,983,854,0,1837,21,-0.601073826038654,1.9528910040740761
28,1558479600,462,417,0,879,21,-0.601073826038654,0.3736385553712387
28,1558494000,93,64,0,157,21,-0.601073826038654,-0.8165704926073091
28,1558508400,32,195,163,227,21,-0.09961318790157009,-0.701176263578918
28,1558522800,446,2114,1668,2560,21,4.530437489376412,3.144748541038744
28,1558537200,415,767,352,1182,21,0.4818350366868278,0.87313071816556
28,1558551600,1044,875,0,1919,21,-0.601073826038654,2.0880671009359055
28,1558566000,347,370,23,717,21,-0.5303155764855685,0.10658333961981939
28,1558580400,80,60,0,140,21,-0.601073826038654,-0.8445948053713469
28,1558594800,38,173,135,211,21,-0.18575366561836976,-0.727552087356836
28,1558597034,14,19,5,33,21,-0.5856915978749397,-1.0209831268861733
28,1558609200,435,1956,1521,2391,21,4.078199981363214,2.8661539023844855
28,1558623600,402,758,356,1160,21,0.4941408192177992,0.8368639604709228
28,1558638000,1051,799,0,1850,21,-0.601073826038654,1.9743213608936345
28,1558652400,333,303,0,636,21,-0.601073826038654,-0.026944268255890268
28,1558666800,110,100,0,210,21,-0.601073826038654,-0.7292005763429559
28,1558681200,41,171,130,212,21,-0.201135893782084,-0.7259035983707162
28,1558687294,151,515,364,666,21,0.5187523842797419,0.0225104013277059
28,1558689013,70,319,249,389,21,0.16496113651431465,-0.4341210478274987
28,1558695600,327,953,626,1280,21,1.3247811400583676,1.0346826388053074
28,1558710000,493,659,166,1152,21,-0.09038385100334155,0.8236760485819639
28,1558724400,846,721,0,1567,21,-0.601073826038654,1.507798977821711
28,1558738800,305,297,0,602,21,-0.601073826038654,-0.08299289378396593
28,1558753200,96,119,23,215,21,-0.5303155764855685,-0.7209581314123565
28,1558767600,23,79,56,102,21,-0.4287928706050546,-0.9072373868439021
28,1558782000,206,329,123,535,21,-0.2226710132112839,-0.19344165585399736
28,1558796400,372,547,175,919,21,-0.06269584030865594,0.4395781148160336
28,1558810800,428,626,198,1054,21,0.008062409244429525,0.6621241279422163
28,1558825200,256,337,81,593,21,-0.35188172978648347,-0.09782929465904477
28,1558839600,83,134,51,217,21,-0.4441750987687688,-0.7176611534401167
28,1558854000,16,50,34,66,21,-0.49647467452539723,-0.9665829903442175
28,1558868400,179,280,101,459,21,-0.29035281713162653,-0.3187268187991077
28,1558882800,381,490,109,871,21,-0.26574125206968374,0.36045064348227973
28,1558897200,358,553,195,911,21,-0.0011669276537990135,0.42639020292707464
28,1558911600,218,337,119,555,21,-0.2349767957422553,-0.1604718761315999
28,1558926000,81,96,15,177,21,-0.5549271415475113,-0.7836007128849116
28,1558940400,24,42,18,66,21,-0.5456978046492827,-0.9665829903442175
28,1558954800,115,269,154,384,21,-0.1273011985962557,-0.4423634927580981
28,1558969200,233,460,227,693,21,0.09727933259397206,0.06701960395294246
28,1558983600,360,457,97,817,21,-0.3026585996625979,0.2714322382318066
28,1558998000,245,322,77,567,21,-0.36418751231745483,-0.14069000829816145
28,1559012400,56,44,0,100,22,-0.518379032047866,-0.817154623380243
28,1559026800,47,214,167,261,22,-0.12345277446506159,-0.59969694674517
28,1559041200,541,1960,1419,2501,22,2.837311743461113,2.4258011629601923
28,1559055600,470,618,148,1088,22,-0.16838450436969205,0.517306150007658
28,1559070000,1013,694,0,1707,22,-0.518379032047866,1.3533701365735595
28,1559084400,278,335,57,613,22,-0.3835838423339747,-0.12426152950575596
28,1559098800,75,51,0,126,22,-0.518379032047866,-0.7820372346068771
28,1559113200,37,165,128,202,22,-0.21568106216403987,-0.679386405884731
28,1559127600,442,2069,1627,2511,22,3.3291959445223305,2.4393078509499486
28,1559142000,430,692,262,1122,22,0.10120587505809062,0.5632288891728287
28,1559156400,1035,761,0,1796,22,-0.518379032047866,1.4735796596823887
28,1559170800,302,302,0,604,22,-0.518379032047866,-0.13641754869653644
28,1559185200,62,65,3,127,22,-0.5112845483787138,-0.7806865658079015
28,1559199600,35,199,164,234,22,-0.13054725813421378,-0.6361650043175114
28,1559214000,425,1995,1570,2420,22,3.1944007548084388,2.316396990243168
28,1559228400,356,688,332,1044,22,0.26674382733830804,0.4578767228527312
28,1559242800,955,822,0,1777,22,-0.518379032047866,1.447916952501852
28,1559257200,339,341,2,680,22,-0.5136493762684312,-0.03376671997439021
28,1559271600,65,75,10,140,22,-0.4947307531506921,-0.7631278714212186
28,1559286000,43,206,163,249,22,-0.13291208602393115,-0.6159049723328773
28,1559300400,384,1933,1549,2317,22,3.1447393691243737,2.1772781039486806
28,1559314800,406,726,320,1132,22,0.23836589266169933,0.5767355771625847
28,1559329200,961,869,0,1830,22,-0.518379032047866,1.5195023988475593
28,1559343600,376,393,17,769,22,-0.47817695792267034,0.08644280313443893
28,1559358000,98,132,34,230,22,-0.4379748837974747,-0.641567679513414
28,1559372400,21,80,59,101,22,-0.3788541865545399,-0.8158039545812674
28,1559386800,133,343,210,476,22,-0.02176517520721375,-0.3093031549654143
28,1559401200,281,532,251,813,22,0.0751927682711993,0.1458722302893657
28,1559415600,390,475,85,865,22,-0.3173686614218877,0.21610700783609732
28,1559430000,243,277,34,520,22,-0.4379748837974747,-0.24987372781048753
28,1559444400,96,102,6,198,22,-0.5041900647095616,-0.6847890810806334
28,1559458800,16,53,37,69,22,-0.4308804001283225,-0.8590253561484869
28,1559473200,108,244,136,352,22,-0.19676243904630072,-0.47678608603838973
28,1559487600,219,381,162,600,22,-0.13527691391364854,-0.14182022389243887
28,1559502000,299,471,172,770,22,-0.11162863501647463,0.08779347193341454
28,1559516400,196,227,31,423,22,-0.44506936746662684,-0.3808886013111215
28,1559530800,49,53,4,102,22,-0.5089197204889965,-0.8144532857822918
28,1559545200,35,213,178,248,22,-0.09743966767817029,-0.6172556411318529
28,1559548470,14,41,27,55,22,-0.45452867902549643,-0.8779347193341454
28,1559548545,77,230,153,307,22,-0.1565603649211051,-0.5375661819922921
28,1559548626,6,11,5,17,22,-0.506554892599279,-0.9292601336952185
28,1559548709,30,138,108,168,22,-0.2629776199583877,-0.7253091450499016
28,1559548790,1,9,8,10,22,-0.4994604089301269,-0.9387148152880478
28,1559548870,62,352,290,414,22,0.1674210559701776,-0.39304462050190203
28,1559548951,4,11,7,15,22,-0.5018252368198443,-0.9319614712931698
28,1559549031,4,14,10,18,22,-0.4947307531506921,-0.9279094648962429
28,1559549113,37,212,175,249,22,-0.10453415134732245,-0.6159049723328773
28,1559549194,0,4,4,4,22,-0.5089197204889965,-0.9468188280819014
28,1559549279,11,28,17,39,22,-0.47817695792267034,-0.8995454201177551
28,1559549359,0,1,1,1,22,-0.5160142041581486,-0.9508708344788283
28,1559559600,374,1724,1350,2098,22,2.6741386190706127,1.8814816369730223
28,1559574000,357,702,345,1059,22,0.2974865899046341,0.47813675483736534
28,1559588400,1061,807,0,1868,22,-0.518379032047866,1.5708278132086324
28,1559602800,318,313,0,631,22,-0.518379032047866,-0.09994949112419502
28,1559617200,67,77,10,144,23,-0.5308950476369316,-0.9848656174751985
28,1559631600,39,162,123,201,23,-0.3095449733081187,-0.9141021405330446
28,1559646000,427,2153,1726,2580,23,2.830491921816546,2.039341923421062
28,1559660400,412,706,294,1118,23,0.025418413508049537,0.22432081308020288
28,1559674800,1015,820,0,1835,23,-0.550483549789924,1.1144508651420333
28,1559689200,347,387,40,734,23,-0.47212954117795475,-0.25240155789851804
28,1559703600,89,82,0,171,23,-0.550483549789924,-0.9513460757657572
28,1559718000,32,207,175,239,23,-0.20768476211255876,-0.8669264892382754
28,1559732400,504,2146,1642,2650,23,2.6659485037314106,2.1262444389640582
28,1559746800,390,719,329,1109,23,0.09397817104352257,0.2131476325103891
28,1559761200,1051,815,0,1866,23,-0.550483549789924,1.152936264882503
28,1559775600,415,379,0,794,23,-0.550483549789924,-0.17791368743309288
28,1559790000,81,63,0,144,23,-0.550483549789924,-0.9848656174751985
28,1559804400,32,212,180,244,23,-0.19789051103606262,-0.86071916669949
28,1559818800,448,2117,1669,2565,23,2.7188374595444897,2.0207199558047058
28,1559833200,412,675,263,1087,23,-0.03530594316622658,0.18583541333973322
28,1559847600,1366,877,0,2243,23,-0.550483549789924,1.6209683843069242
28,1559862000,530,407,0,937,23,-0.550483549789924,-0.0003842628238296279
28,1559876400,99,91,0,190,23,-0.550483549789924,-0.9277582501183727
28,1559890800,40,205,165,245,23,-0.22727326426555106,-0.8594777021917329
28,1559905200,407,1955,1548,2362,23,2.4818165834932833,1.7687026607300174
28,1559919600,494,994,500,1488,23,0.4289415578596908,0.6836626809503246
28,1559934000,998,866,0,1864,23,-0.550483549789924,1.1504533358669888
28,1559948400,415,353,0,768,23,-0.550483549789924,-0.2101917646347771
28,1559962800,109,100,0,209,23,-0.550483549789924,-0.9041704244709879
28,1559977200,21,90,69,111,23,-0.4153228849342771,-1.0258339462311823
28,1559991600,143,377,234,520,23,-0.09211259940990424,-0.5180749625585344
28,1560006000,277,508,231,785,23,-0.09798915005580192,-0.18908686800290664
28,1560020400,438,482,44,920,23,-0.4642941403167578,-0.021489159455700083
28,1560034800,276,307,31,583,23,-0.4897591931156478,-0.43986269856983795
28,1560049200,116,97,0,213,23,-0.550483549789924,-0.8992045664399596
28,1560063600,17,53,36,70,23,-0.4799649420391517,-1.0767339910492228
28,1560078000,95,216,121,311,23,-0.31346267373871717,-0.7775410446797653
28,1560092400,204,397,193,601,23,-0.17242545823717265,-0.4175163374302104
28,1560106800,345,435,90,780,23,-0.3741870304129933,-0.1952941905416921
28,1560121200,229,254,25,483,23,-0.5015122944074432,-0.5640091493455465
28,1560135600,43,50,7,93,23,-0.5367715982828293,-1.04818030737081
28,1560150000,31,214,183,245,23,-0.19201396039016494,-0.8594777021917329
28,1560164400,448,2028,1580,2476,23,2.5444997903828583,1.9102296146143252
28,1560178800,367,644,277,1011,23,-0.007882040152037365,0.0914841107501947
28,1560193200,987,747,0,1734,23,-0.550483549789924,0.9890629498585677
28,1560207600,313,331,18,644,23,-0.5152242459145377,-0.3641333635966557
28,1560222000,62,53,0,115,24,-0.6572089481154381,-1.2006149075845587
28,1560236400,34,196,162,230,24,-0.3607364098845047,-1.058194905454993
28,1560250800,448,2158,1710,2606,24,2.4722233998777474,1.8843261820219444
28,1560265200,417,711,294,1128,24,-0.11916619354818861,0.0539195459567451
28,1560279600,1002,887,0,1889,24,-0.6572089481154381,0.9963684296141312
28,1560294000,452,364,0,816,24,-0.6572089481154381,-0.33247211199477195
28,1560308400,96,67,0,163,24,-0.6572089481154381,-1.1411700371304792
28,1560322800,42,222,180,264,24,-0.3277950167477343,-1.0160881222166867
28,1560333125,274,1752,1478,2026,24,2.047645443892707,1.1660339973684832
28,1560337200,451,1580,1129,2031,24,1.4089484325186594,1.1722261713741164
28,1560340946,82,194,112,276,24,-0.4522402797088669,-1.0012269046031668
28,1560351600,310,609,299,919,24,-0.1100158065657524,-0.20491332747872626
28,1560366000,1083,853,0,1936,24,-0.6572089481154381,1.054574865267084
28,1560380400,374,417,43,791,24,-0.5785156200664866,-0.3634329820229384
28,1560394800,82,94,12,176,24,-0.6352480193575912,-1.1250703847158325
28,1560409200,34,213,179,247,24,-0.3296250941442216,-1.03714151383584
28,1560423600,493,1880,1387,2373,24,1.881108400812368,1.5957708733594334
28,1560438000,345,649,304,994,24,-0.10086541958331618,-0.11203071739422696
28,1560452400,1002,853,0,1855,24,-0.6572089481154381,0.9542616463758249
28,1560466800,408,467,59,875,24,-0.5492343817226908,-0.25940445872829915
28,1560481200,77,73,0,150,24,-0.6572089481154381,-1.1572696895451255
28,1560495600,41,189,148,230,24,-0.3863574934353261,-1.058194905454993
28,1560510000,357,1883,1526,2240,24,2.135489158924095,1.431059044809588
28,1560524400,458,742,284,1200,24,-0.13746696751306103,0.14308685163786442
28,1560538800,970,883,0,1853,24,-0.6572089481154381,0.9517847767735715
28,1560553200,391,422,31,813,24,-0.6004765488243335,-0.3361874163981519
28,1561172400,8517,9936,1419,18453,25,2.55920380089038,4.0815272842282395
28,1561186800,23,67,44,90,25,-0.45126644968171625,-0.39084959002617925
28,1561201200,133,341,208,474,25,-0.09219945252257168,-0.2973249633467861
28,1561215600,289,506,217,795,25,-0.07249455633700887,-0.21914422073198087
28,1561230000,408,618,210,1026,25,-0.08782058670355772,-0.16288331249515842
28,1561244400,399,337,0,736,25,-0.5476014977000233,-0.23351388993532513
28,1561258800,133,116,0,249,25,-0.5476014977000233,-0.352124549291743
28,1561273200,18,46,28,64,25,-0.4862973762338279,-0.3971819866242632
28,1561287600,98,282,184,380,25,-0.14474584235073917,-0.32021901258601254
28,1561302000,235,394,159,629,25,-0.19948166508841364,-0.25957413747359354
28,1561316400,321,366,45,687,25,-0.44907701677220924,-0.24544802198556018
28,1561330800,263,275,12,538,25,-0.5213283027859396,-0.28173752556688725
28,1561345200,61,59,0,120,25,-0.5476014977000233,-0.38354297856685166
28,1561359600,36,192,156,228,25,-0.20604996381693458,-0.3572391773132723
28,1561374000,403,2016,1613,2419,25,2.9839537853347338,0.17638701293295272
28,1561388400,469,676,207,1145,25,-0.09438888543207866,-0.13390042037315897
28,1561402800,1022,725,0,1747,25,-0.5476014977000233,0.012718916244014682
28,1561417200,384,342,0,726,25,-0.5476014977000233,-0.23594942708843433
28,1561431600,63,66,3,129,26,-0.5754276461818775,-1.0779332143850409
28,1561446000,35,215,180,250,26,-0.22122303231120782,-0.9184230785348013
28,1561460400,426,1989,1563,2415,26,2.5463757303053804,1.9356219141575022
28,1561474800,398,711,313,1109,26,0.04493071709443659,0.21396705944334585
28,1561489200,949,834,0,1783,26,-0.5814311142135837,1.1024780640967466
28,1561503600,393,399,6,792,26,-0.5694241781501712,-0.2039231311725711
28,1561518000,77,61,0,138,26,-0.5814311142135837,-1.0660688241151883
28,1561532400,36,235,199,271,26,-0.1832010681104015,-0.8907395012384788
28,1561546800,413,2145,1732,2558,26,2.8845710960915003,2.1241338928896036
28,1561561200,439,762,323,1201,26,0.06494227720012415,0.3352474933129495
28,1561575600,1034,823,0,1857,26,-0.5814311142135837,1.2000297174266452
28,1561590000,394,393,0,787,26,-0.5814311142135837,-0.21051445910026695
28,1561604400,89,89,0,178,26,-0.5814311142135837,-1.0133382006936216
28,1561618800,33,227,194,260,26,-0.19320684816324527,-0.9052404226794096
28,1561633200,438,2078,1640,2516,26,2.700464743119175,2.0687667382969583
28,1561647600,423,805,382,1228,26,0.1830104818236807,0.3708406641225071
28,1561662000,959,868,0,1827,26,-0.5814311142135837,1.16048174986047
28,1561676400,513,442,0,955,26,-0.5814311142135837,0.010954159270313638
28,1561690800,91,121,30,212,26,-0.5213964338965211,-0.9685171707852899
28,1561705200,36,201,165,237,26,-0.2512403724697392,-0.9355605311468106
28,1561719600,440,1921,1481,2361,26,2.3822809374387424,1.864435572538387
28,1561734000,466,798,332,1264,26,0.08295268129524294,0.41829822520191723
28,1561748400,955,903,0,1858,26,-0.5814311142135837,1.2013479830121843
28,1561762800,449,424,0,873,26,-0.5814311142135837,-0.09714361874389832
28,1561777200,142,140,0,282,26,-0.5814311142135837,-0.8762385797975479
28,1561791600,26,95,69,121,26,-0.44335134948433963,-1.0884793390693543
28,1561806000,123,361,238,484,26,-0.10515598369822003,-0.6099489315186355
28,1561820400,270,491,221,761,26,-0.13917563587788886,-0.24478936432428539
28,1561834800,382,648,266,1030,26,-0.049123615402294894,0.1098240781857514
28,1561849200,403,299,0,702,26,-0.5814311142135837,-0.3225670338710964
28,1561863600,125,136,11,261,26,-0.5594183980973274,-0.9039221570938705
28,1561878000,29,75,46,104,26,-0.489377937727421,-1.1108898540235201
28,1561892400,115,257,142,372,26,-0.29726696071282055,-0.7575946770990226
28,1561906800,253,413,160,666,26,-0.26124615252258293,-0.37002459495050655
28,1561921200,307,492,185,799,26,-0.21121725225836405,-0.19469527207379692
28,1561935600,245,354,109,599,26,-0.36330510906158947,-0.45834838918163096
28,1561950000,66,130,64,196,26,-0.45335712953718343,-0.9896094201539165
28,1561964400,32,198,166,230,26,-0.2492392164591704,-0.9447883902455848
28,1561978800,384,2023,1639,2407,26,2.698463587108606,1.9250757894731887
28,1561993200,393,737,344,1130,26,0.106966553422068,0.2416506367396684
28,1562007600,978,795,0,1773,26,-0.5814311142135837,1.0892954082413548
28,1562022000,407,378,0,785,26,-0.5814311142135837,-0.2131509902713453
28,1562036400,77,87,10,164,27,-0.4782435942818112,-0.4771164388168829
28,1562050800,38,204,166,242,27,0.0901952434040605,-0.33697332642512523
28,1562063291,360,1471,1111,1831,27,3.5336228178473217,2.5179934119146563
28,1562065200,323,1919,1596,2242,27,5.300884588857885,3.2564398118250715
28,1562079600,400,656,256,1056,27,0.41814072668437113,1.125545820842705
28,1562094000,1043,730,0,1773,27,-0.5146819813129568,2.4137844309054004
28,1562108400,387,315,0,702,27,-0.5146819813129568,0.48951169537242
28,1562122800,83,68,0,151,27,-0.5146819813129568,-0.5004736242155092
28,1562137200,34,200,166,234,27,0.0901952434040605,-0.35134697897812606
28,1562143325,128,740,612,868,27,1.7153473049931554,0.7877649858471863
28,1562151600,309,1360,1051,1669,27,3.314992495660448,2.22692694771639
28,1562166000,516,636,120,1152,27,-0.07742133693920936,1.2980296514787144
28,1562180400,942,795,0,1737,27,-0.5146819813129568,2.349102994416897
28,1562194800,368,289,0,657,27,-0.5146819813129568,0.4086598997617906
28,1562209200,87,88,1,175,27,-0.5110381426098423,-0.45735266655650686
28,1562223600,25,87,62,112,27,-0.28876398171985396,-0.570545180411388
28,1562230120,10,18,8,28,27,-0.48553127168804033,-0.7214685322178963
28,1562230182,21,47,26,68,27,-0.4199421750319782,-0.6496002694528924
28,1562230243,15,93,78,108,27,-0.23046256247002098,-0.5777320066878885
28,1562230305,48,88,40,136,27,-0.3689284331883743,-0.5274242227523857
28,1562230367,10,3,0,13,27,-0.5146819813129568,-0.7484191307547727
28,1562230441,1,6,5,7,27,-0.496462787797384,-0.7591993701695233
28,1562230502,1,6,5,7,27,-0.496462787797384,-0.7591993701695233
28,1562230564,4,1,0,5,27,-0.5146819813129568,-0.7627927833077736
28,1562230625,5,5,0,10,27,-0.5146819813129568,-0.7538092504621481
28,1562230699,31,42,11,73,27,-0.47459975557869666,-0.6406167366072669
28,1562230761,2,0,0,2,27,-0.5146819813129568,-0.7681829030151489
28,1562230823,1,4,3,5,27,-0.5037504652036131,-0.7627927833077736
28,1562230884,0,12,12,12,27,-0.4709559168755821,-0.7502158373238978
28,1562230946,3,10,7,13,27,-0.4891751103911549,-0.7484191307547727
28,1562231019,1,6,5,7,27,-0.496462787797384,-0.7591993701695233
28,1562231088,4,0,0,4,27,-0.5146819813129568,-0.7645894898768987
28,1562231168,0,0,0,0,27,-0.5146819813129568,-0.771776316153399
28,1562238000,103,143,40,246,27,-0.3689284331883743,-0.3297865001486249
28,1562252400,343,498,155,841,27,0.05011301766980032,0.7392539084808087
28,1562266800,400,1006,606,1406,27,1.693484272774468,1.7543931200364893
28,1562281200,886,1255,369,2141,27,0.8298945001363166,3.074972448343437
28,1562295600,422,145,0,567,27,-0.5146819813129568,0.24695630854053174
28,1562310000,34,140,106,174,27,-0.12843507878281324,-0.4591493731256319
28,1562315357,19,34,15,53,27,-0.4600244007662384,-0.6765508679897688
28,1562315422,58,333,275,391,27,0.4873736620435478,-0.06926404762548558
28,1562315484,13,21,8,34,27,-0.48553127168804033,-0.7106882928031457
28,1562315550,40,220,180,260,27,0.14120898524766437,-0.30463260818087345
28,1562315618,2,2,0,4,27,-0.5146819813129568,-0.7645894898768987
28,1562315681,21,243,222,264,27,0.294250210778476,-0.2974457819043731
28,1562315743,5,50,45,55,27,-0.35070923967280154,-0.6729574548515187
28,1562315805,1,2,1,3,27,-0.5110381426098423,-0.7663861964460238
28,1562315870,4,20,16,24,27,-0.45638056206312383,-0.7286553584943967
28,1562315938,1,10,9,11,27,-0.48188743298492576,-0.752012543893023
28,1562316001,2,26,24,28,27,-0.4272298524382073,-0.7214685322178963
28,1562316072,34,202,168,236,27,0.09748292081028963,-0.3477535658398758
28,1562316152,0,6,6,6,27,-0.49281894909426943,-0.7609960767386484
28,1562316233,0,7,7,7,27,-0.4891751103911549,-0.7591993701695233
28,1562316317,3,18,15,21,27,-0.4600244007662384,-0.734045478201772
28,1562316398,0,4,4,4,27,-0.5001066265004985,-0.7645894898768987
28,1562324400,139,656,517,795,27,1.3691826281972719,0.6566054063010541
28,1562338800,337,627,290,964,27,0.5420312425902662,0.9602488164831958
28,1562353200,618,574,0,1192,27,-0.5146819813129568,1.3698979142437182
28,1562367600,312,288,0,600,27,-0.5146819813129568,0.30624762532166
28,1562382000,94,79,0,173,27,-0.5146819813129568,-0.46094607969475704
28,1562396400,15,74,59,89,27,-0.29969549782919763,-0.6118694315012653
28,1562410800,109,314,205,423,27,0.23230495282552843,-0.011769437413482433
28,1562425200,244,462,218,706,27,0.27967485596601777,0.4966985216489204
28,1562439600,298,358,60,656,27,-0.2960516591260831,0.4068631931926655
28,1562454000,218,254,36,472,27,-0.38350378800083257,0.07626918447364739
28,1562468400,87,88,1,175,27,-0.5110381426098423,-0.45735266655650686
28,1562482800,21,45,24,66,27,-0.4272298524382073,-0.6531936825911425
28,1562497200,113,223,110,336,27,-0.11385972397035497,-0.168082908927366
28,1562511600,212,385,173,597,27,0.11570211432586244,0.3008575056142847
28,1562526000,284,417,133,701,27,-0.030051433798720047,0.48771498880329495
28,1562540400,231,218,0,449,27,-0.5146819813129568,0.034944933383770124
28,1562554800,60,46,0,106,27,-0.5146819813129568,-0.5813254198261386
28,1562569200,28,192,164,220,27,0.08290756599783139,-0.3765008709458774
28,1562574516,30,92,62,122,27,-0.28876398171985396,-0.5525781147201371
28,1562574593,88,582,494,670,27,1.2853743380256368,0.43201708516041687
28,1562574656,157,518,361,675,27,0.8007437905114001,0.44100061800604234
28,1562574719,36,291,255,327,27,0.41449688798125656,-0.18425326804949188
28,1562574794,10,41,31,51,27,-0.4017229815164054,-0.6801442811280191
28,1562574856,14,44,30,58,27,-0.40536682021952,-0.6675673351441433
28,1562574919,2,29,27,31,27,-0.41629833632886365,-0.7160784125105211
28,1562574997,3,26,23,29,27,-0.4308736911413219,-0.7196718256487712
28,1562575059,50,305,255,355,27,0.41449688798125656,-0.13394548411398913
28,1562575122,25,50,25,75,27,-0.42358601373509275,-0.6370233234690167
28,1562575202,0,2,2,2,27,-0.5073943039067277,-0.7681829030151489
28,1562575299,5,28,23,33,27,-0.4308736911413219,-0.7124849993722708
28,1562583600,257,1362,1105,1619,27,3.5117597856286347,2.1370916192601355
28,1562598000,356,622,266,978,27,0.45457911371551674,0.9854027084509472
28,1562612400,1002,750,0,1752,27,-0.5146819813129568,2.3760535929537734
28,1562626800,361,333,0,694,27,-0.5146819813129568,0.47513804281941924
28,1562641200,70,47,0,117,28,-0.5548347497779178,-0.9006768542954883
28,1562655600,34,204,170,238,28,-0.18782343669524845,-0.7383940789268936
28,1562670000,388,2061,1673,2449,28,3.05698834897094,2.2269548164447017
28,1562684400,489,710,221,1199,28,-0.07772004277044764,0.5504798642897971
28,1562698800,1054,854,0,1908,28,-0.5548347497779178,1.501376457152059
28,1562713200,394,323,0,717,28,-0.5548347497779178,-0.09596887726113408
28,1562727600,60,87,27,147,28,-0.4965447177000821,-0.8604414554437706
28,1562742000,36,229,193,265,28,-0.13816896492524025,-0.7021822199603476
28,1562756400,458,2498,2040,2956,28,3.8493010072141147,2.906933057038731
28,1562770800,467,682,215,1149,28,-0.0906733832321889,0.483420866203601
28,1562785200,1045,863,0,1908,28,-0.5548347497779178,1.501376457152059
28,1562799600,491,378,0,869,28,-0.5548347497779178,0.10789047692090233
28,1562814000,99,73,0,172,28,-0.5548347497779178,-0.8269119564006725
28,1562828400,35,204,169,239,28,-0.18998232677220533,-0.7370528989651696
28,1562842800,451,2092,1641,2543,28,2.9879038665083204,2.3530257328467505
28,1562857200,427,738,311,1165,28,0.11658006415567146,0.5048797455911838
28,1562871600,978,833,0,1811,28,-0.5548347497779178,1.3712820008648385
28,1562886000,338,356,18,694,28,-0.515974728392694,-0.12681601638078432
28,1562900400,87,60,0,147,28,-0.5548347497779178,-0.8604414554437706
28,1562914800,33,215,182,248,28,-0.1619167557717659,-0.7249822793096543
28,1562929200,388,1994,1606,2382,28,2.9123427138148292,2.1370957590091986
28,1562943600,462,729,267,1191,28,0.02158890076956879,0.5397504245960058
28,1562958000,887,916,29,1803,28,-0.49222693754616836,1.3605525611710472
28,1562972400,514,380,0,894,28,-0.5548347497779178,0.1414199759640004
28,1562986800,160,90,0,250,28,-0.5548347497779178,-0.7222999193862064
28,1563001200,25,99,74,124,28,-0.3950768840831088,-0.8912885945634208
28,1563015600,170,354,184,524,28,-0.15759897561785216,-0.3548166098738514
28,1563030000,360,476,116,836,28,-0.3044035008509199,0.06363153818401285
28,1563044400,487,641,154,1128,28,-0.2223656779265585,0.45525608700739856
28,1563058800,346,341,0,687,28,-0.5548347497779178,-0.1362042761128518
28,1563073200,128,90,0,218,28,-0.5548347497779178,-0.765217678161372
28,1563087600,13,49,36,62,28,-0.4771147070074702,-0.9744417521903042
28,1563102000,115,253,138,368,28,-0.2569079191578686,-0.5640406839027835
28,1563116400,211,481,270,692,28,0.028065571000439424,-0.12949837630423217
28,1563130800,311,473,162,784,28,-0.20509455731090348,-0.006109819825631191
28,1563145200,236,251,15,487,28,-0.5224513986235647,-0.40444026845763653
28,1563159600,63,58,0,121,28,-0.5548347497779178,-0.8953121344485926
28,1563174000,35,207,172,242,28,-0.1835056565413347,-0.7330293590799979
28,1563180571,32,131,99,163,28,-0.34110463215918685,-0.8389825760561879
28,1563180635,179,975,796,1154,28,1.1636417514797577,0.4901267660122206
28,1563180699,24,79,55,103,28,-0.4360957955452895,-0.9194533737596232
28,1563180771,3,10,7,13,28,-0.5397225192392197,-1.0401595703147763
28,1563180836,11,43,32,54,28,-0.4857502673152977,-0.9851711918840955
28,1563180899,0,2,2,2,28,-0.5505169696240041,-1.0549125498937395
28,1563180975,59,551,492,610,28,0.5073391680848665,-0.2394751331655939
28,1563181057,0,38,38,38,28,-0.47279692685355645,-1.0066300712716783
28,1563181146,274,906,632,1180,28,0.8095837788588295,0.5249974450170426
28,1563181226,5,15,10,20,28,-0.533245849008349,-1.030771310582709
28,1563181310,65,476,411,541,28,0.3324690718513593,-0.33201655052454465
28,1563181390,1,13,12,14,28,-0.5289280688544353,-1.0388183903530526
28,1563188400,192,1032,840,1224,28,1.2586329148658604,0.5840093633328952
28,1563202800,386,755,369,1141,28,0.24179568861917042,0.47269142650980955
28,1563217200,1009,797,0,1806,28,-0.5548347497779178,1.364576101056219
28,1563231600,457,328,0,785,28,-0.5548347497779178,-0.004768639863907268
28,1563246000,68,78,10,146,29,-0.5508926334663224,-0.651286987248099
28,1563260400,38,211,173,249,29,-0.09345862693902152,-0.4964230846880881
28,1563274800,450,2030,1580,2480,29,3.8550668159070667,2.8579591154224393
28,1563279533,34,224,190,258,29,-0.04575078576746253,-0.4828912873770192
28,1563279646,58,87,29,145,29,-0.4975721050981094,-0.6527905202826623
28,1563289200,427,943,516,1370,29,0.8691172272871391,1.1890374470572733
28,1563291589,49,105,56,154,29,-0.42180082794328044,-0.6392587229715934
28,1563303600,1060,831,0,1891,29,-0.5789560694495924,1.972378158064707
28,1563318000,579,387,0,966,29,-0.5789560694495924,0.5816101010937353
28,1563332400,84,91,7,175,29,-0.5593116642613034,-0.6076845292457659
28,1563346800,35,214,179,249,29,-0.07662056534905952,-0.4964230846880881
28,1563352547,26,95,69,121,29,-0.38531836116502943,-0.6888753131121793
28,1563352615,112,743,631,855,29,1.191846741094744,0.41471793425721876
28,1563352677,156,614,458,770,29,0.7063492985841733,0.2869176263193457
28,1563352738,5,16,11,21,29,-0.5480862898679953,-0.8392286165685006
28,1563352816,10,40,30,50,29,-0.4947657614997824,-0.7956261585661675
28,1563352878,7,17,10,24,29,-0.5508926334663224,-0.834718017464811
28,1563352942,61,339,278,400,29,0.20120745088531342,-0.269389596469043
28,1563353023,1,12,11,13,29,-0.5480862898679953,-0.8512568808450063
28,1563353104,20,53,33,73,29,-0.48634673070480144,-0.7610448987712135
28,1563353185,5,20,15,25,29,-0.5368609154746874,-0.8332144844302477
28,1563353268,8,28,20,36,29,-0.5228291974830525,-0.8166756210500524
28,1563353350,48,485,437,533,29,0.6474160830193063,-0.06941970287213572
28,1563353430,1,17,16,18,29,-0.5340545718763604,-0.8437392156721902
28,1563353514,38,89,51,127,29,-0.43583254593491544,-0.6798541149048001
28,1563353595,0,1,1,1,29,-0.5761497258512654,-0.8692992772597649
28,1563361200,241,1357,1116,1598,29,2.552923386283339,1.5318429789376857
28,1563375600,419,628,209,1047,29,0.0075697426007504546,0.7033962768933556
28,1563390000,1033,810,0,1843,29,-0.5789560694495924,1.900208572405673
28,1563404400,341,367,26,708,29,-0.5059911358930904,0.1936985781764265
28,1563418800,74,88,14,162,29,-0.5396672590730144,-0.6272304586950876
28,1563433200,33,202,169,235,29,-0.10468400133232951,-0.5174725471719731
28,1563435487,4,17,13,21,29,-0.5424736026713414,-0.8392286165685006
28,1563447600,415,2046,1631,2461,29,3.9981903394217437,2.8293919877657383
28,1563462000,381,679,298,1060,29,0.25733432285185337,0.7229422063426774
28,1563476400,1068,893,0,1961,29,-0.5789560694495924,2.077625470484132
28,1563490800,437,446,9,883,29,-0.5536989770646494,0.4568168592249887
28,1563505200,90,112,22,202,29,-0.5172165102863984,-0.567089137312559
28,1563519600,34,183,149,217,29,-0.1608108732988695,-0.5445361417941109
28,1563526078,36,103,67,139,29,-0.39093104836168346,-0.6618117184900415
28,1563526139,158,602,444,760,29,0.6670604882075953,0.27188229597371355
28,1563526201,33,464,431,497,29,0.6305780214293443,-0.12354689211641137
28,1563526263,55,377,322,432,29,0.32468656921170136,-0.2212765393630202
28,1563526324,21,76,55,97,29,-0.42460717154160743,-0.7249601059416965
28,1563526385,127,929,802,1056,29,1.671731496408661,0.7169280742044245
28,1563526460,16,75,59,91,29,-0.4133817971482994,-0.7339813041490757
28,1563526523,6,20,14,26,29,-0.5396672590730144,-0.8317109513956845
28,1563526585,10,24,14,34,29,-0.5396672590730144,-0.8196826871191788
28,1563526661,11,30,19,41,29,-0.5256355410813794,-0.8091579558772364
28,1563526723,4,71,67,75,29,-0.39093104836168346,-0.7580378327020871
28,1563526785,7,42,35,49,29,-0.4807340435081474,-0.7971296916007307
28,1563526865,1,4,3,5,29,-0.5705370386546114,-0.863285145121512
28,1563526964,6,7,1,13,29,-0.5761497258512654,-0.8512568808450063
28,1563534000,162,945,783,1107,29,1.618410968040448,0.7936082589671484
28,1563548400,399,762,363,1161,29,0.43974665674310837,0.8747990428335618
28,1563562800,1049,1067,18,2116,29,-0.5284418846797064,2.31067309084143
28,1563577200,492,730,238,1222,29,0.08895370695223344,0.9665145579419178
28,1563591600,150,131,0,281,29,-0.5789560694495924,-0.4483100275820653
28,1563606000,19,81,62,100,29,-0.40496276635331846,-0.7204495068380068
28,1563620400,125,323,198,448,29,-0.02330003698084654,-0.19722001081000878
28,1563620893,2,8,6,10,29,-0.5621180078596304,-0.855767479948696
28,1563634800,223,439,216,662,29,0.02721414778903945,0.12453605858651871
28,1563649200,284,425,141,709,29,-0.1832616220854855,0.1952021112109897
28,1563663600,256,319,63,575,29,-0.4021564227549914,-0.006271315420480787
28,1563678000,89,90,1,179,29,-0.5761497258512654,-0.601670397107513
28,1563692400,17,63,46,80,29,-0.44986426392655043,-0.7505201675292711
28,1563706800,113,267,154,380,29,-0.1467791553072345,-0.2994602571603073
28,1563721200,177,368,191,545,29,-0.04294444216913553,-0.05137730645737717
28,1563735600,243,383,140,626,29,-0.1860679656838125,0.07040886934224307
28,1563750000,200,301,101,501,29,-0.2955153660185655,-0.11753275997815853
28,1563764400,67,55,0,122,29,-0.5789560694495924,-0.6873717800776161
28,1563778800,27,191,164,218,29,-0.11871571932396452,-0.5430326087595477
28,1563793200,409,2072,1663,2481,29,4.087993334568208,2.8594626484570025
28,1563807600,394,702,308,1096,29,0.28539775883512336,0.777069395586953
28,1563822000,1114,832,0,1946,29,-0.5789560694495924,2.0550724749656837
28,1563836400,283,306,23,589,29,-0.5144101666880714,0.01477814706340419
28,1563850800,66,45,0,111,30,-0.5765326116194022,-1.0829725736996751
28,1563865200,37,214,177,251,30,-0.21656626977893703,-0.8989048446934343
28,1563879600,406,2027,1621,2433,30,2.7201082930325406,1.9699221888181198
28,1563894000,359,700,341,1059,30,0.1169618661636408,0.16342890557115577
28,1563908400,957,866,0,1823,30,-0.5765326116194022,1.1679127981480701
28,1563922800,374,347,0,721,30,-0.5765326116194022,-0.28096318302962575
28,1563937200,68,67,0,135,30,-0.5765326116194022,-1.0514181058700338
28,1563951600,35,200,165,235,30,-0.240970767530833,-0.9199411565798619
28,1563966000,427,2184,1757,2611,30,2.9966926008873616,2.203951158554626
28,1563980400,378,695,317,1073,30,0.06815287065984893,0.18183567847177987
28,1563994800,983,951,0,1934,30,-0.5765326116194022,1.3138522118601612
28,1564009200,586,452,0,1038,30,-0.5765326116194022,0.13581874622021964
28,1564023600,95,99,4,194,30,-0.5683977790354369,-0.9738467057888324
28,1564038000,35,218,183,253,30,-0.20436402090298908,-0.8962753057076309
28,1564052400,434,2091,1657,2525,30,2.7933217862882285,2.090880982165078
28,1564066800,420,805,385,1225,30,0.20644502458725925,0.38168064139284136
28,1564081200,1018,899,0,1917,30,-0.5765326116194022,1.291501130480832
28,1564095600,410,479,69,889,30,-0.4362067495460005,-0.0600819082221367
28,1564110000,100,80,0,180,30,-0.5765326116194022,-0.9922534786894565
28,1564124400,31,186,155,217,30,-0.26130784899074627,-0.9436070074520928
28,1564127340,8,26,18,34,30,-0.5399258649915583,-1.1842098246531076
28,1564138800,381,1669,1288,2050,30,2.0428834804174287,1.4663654730367608
28,1564153200,441,770,329,1211,30,0.09255736841174488,0.36327386849221727
28,1564167600,953,881,0,1834,30,-0.5765326116194022,1.182375262569989
28,1564182000,422,471,49,893,30,-0.4768809124658271,-0.054822830250529815
28,1564196400,130,128,0,258,30,-0.5765326116194022,-0.8897014582431223
28,1564210800,29,90,61,119,30,-0.45247641471393113,-1.0724544177564614
28,1564225200,151,343,192,494,30,-0.18606064758906712,-0.5794158579183163
28,1564239600,340,534,194,874,30,-0.18199323129708445,-0.0798034506156625
28,1564254000,413,714,301,1127,30,0.035613540323987676,0.2528332310884728
28,1564268400,485,361,0,846,30,-0.5765326116194022,-0.11661699641691067
28,1564282800,134,125,0,259,30,-0.5765326116194022,-0.8883866887502205
28,1564297200,17,64,47,81,30,-0.48094832875780974,-1.1224156584867269
28,1564311600,111,282,171,393,30,-0.228768518654885,-0.71220757670139
28,1564326000,282,533,251,815,30,-0.06607186697557875,-0.15737485069686402
28,1564340400,270,524,254,794,30,-0.05997074253760476,-0.18498501004780013
28,1564354800,419,318,0,737,30,-0.5765326116194022,-0.2599268711431982
28,1564369200,92,50,0,142,30,-0.5765326116194022,-1.0422147194197218
28,1564383600,28,224,196,252,30,-0.1779258150051018,-0.8975900752005326
28,1564398000,422,2055,1633,2477,30,2.744512790784437,2.0277720465057953
28,1564412400,399,715,316,1114,30,0.0661191625138576,0.2357412276807504
28,1564426800,926,793,0,1719,30,-0.5765326116194022,1.0311767708862913
28,1564441200,393,452,59,845,30,-0.4565438310059138,-0.1179317659098124
28,1564455600,64,69,5,133,31,-0.5799516255986588,-0.8214224020476607
28,1564470000,37,238,201,275,31,-0.14908083183718143,-0.6347637950633612
28,1564472462,3,8,5,11,31,-0.5799516255986588,-0.9817910643862843
28,1564472551,0,3,3,3,31,-0.5843482663513269,-0.9923070422445547
28,1564475853,21,103,82,124,31,-0.4106809566209355,-0.8332528771382149
28,1564475915,130,731,601,861,31,0.7302473186964458,0.13553158305494536
28,1564475977,38,402,364,440,31,0.20924538950527166,-0.4178717517365343
28,1564476054,2,18,16,20,31,-0.555770101458984,-0.9699605892957301
28,1564476116,12,86,74,98,31,-0.4282675196316081,-0.8674298051775937
28,1564476180,22,42,20,64,31,-0.5469768199536478,-0.9121227110752429
28,1564476257,5,50,45,55,31,-0.492018810545296,-0.9239531861657971
28,1564476340,1,3,2,4,31,-0.5865465867276609,-0.9909925450122709
28,1564476425,187,733,546,920,31,0.6093396979980721,0.21308691975968955
28,1564476505,9,19,10,28,31,-0.5689600237169884,-0.9594446114374597
28,1564476587,59,417,358,476,31,0.19605546724726725,-0.37054985137431745
28,1564476668,1,0,0,1,31,-0.5909432274803291,-0.9949360367091223
28,1564484400,228,1283,1055,1511,31,1.7282847695521129,0.9899547840394152
28,1564498800,410,747,337,1157,31,0.14989073934425182,0.5246227638109501
28,1564513200,950,795,0,1745,31,-0.5909432274803291,1.2975471363938242
28,1564527600,344,430,86,774,31,-0.40188767511559925,0.021170323846254807
28,1564542000,69,64,0,133,31,-0.5909432274803291,-0.8214224020476607
28,1564556400,31,210,179,241,31,-0.1974438801165309,-0.6794567009610104
28,1564570800,376,2100,1724,2476,31,3.1989611013196044,2.258444613193282
28,1564585200,390,729,339,1119,31,0.15428738009691997,0.4746718689841657
28,1564599600,897,776,0,1673,31,-0.5909432274803291,1.2029033356693906
28,1564614000,323,337,14,660,31,-0.5601667422116522,-0.12868236063409835
28,1564628400,75,84,9,159,31,-0.5711583440933224,-0.7872454740082819
28,1564642800,34,193,159,227,31,-0.2414102876432123,-0.6978596622129836
28,1564657200,438,2047,1609,2485,31,2.9461542580411866,2.2702750882838356
28,1564671600,401,788,387,1189,31,0.2598067581609552,0.5666866752440316
28,1564686000,987,916,0,1903,31,-0.5909432274803291,1.5052376990946643
28,1564700400,600,430,0,1030,31,-0.5909432274803291,0.35768161531090753
28,1564714800,100,92,0,192,31,-0.5909432274803291,-0.7438670653429166
28,1564729200,38,212,174,250,31,-0.20843548199820125,-0.6676262258704562
28,1564743600,347,1903,1556,2250,31,2.8296432780954808,1.961368238697143
28,1564758000,485,740,255,1225,31,-0.03037153151514175,0.6140085756062484
28,1564772400,999,967,0,1966,31,-0.5909432274803291,1.5880510247285438
28,1564786800,513,409,0,922,31,-0.5909432274803291,0.21571591422425715
28,1565406000,6873,9575,2702,16448,32,3.4722949825983926,4.07632789135718
28,1565420400,25,68,43,93,32,-0.4729852010765734,-0.4167872116323147
28,1565434800,178,447,269,625,32,-0.13765864165177372,-0.270633910819694
28,1565449200,336,600,264,936,32,-0.14507737084258784,-0.1851946691792334
28,1565463600,362,577,215,939,32,-0.21778091691256654,-0.18437049643029008
28,1565478000,322,407,85,729,32,-0.4106678758737345,-0.24206258885632456
28,1565492400,96,111,15,207,32,-0.5145300845451326,-0.38546864717246737
28,1565506800,19,46,27,65,32,-0.4967251344871787,-0.4244794906224526
28,1565521200,100,266,166,366,32,-0.29048446298254527,-0.3417874914784699
28,1565535600,200,563,363,763,32,0.0018134671355323577,-0.23272196436829992
28,1565550000,323,562,239,885,32,-0.18217101679665862,-0.19920560591127037
28,1565564400,390,362,0,752,32,-0.5367862721175751,-0.23574393111442554
28,1565578800,81,69,0,150,32,-0.5367862721175751,-0.40112792940239106
28,1565593200,37,200,163,237,32,-0.2949357004970337,-0.3772269196830339
28,1565607600,342,1981,1639,2323,32,1.895073156631304,0.19584786508224192
28,1565622000,371,693,322,1064,32,-0.05902011222914369,-0.15002996522431716
28,1565636400,855,754,0,1609,32,-0.5367862721175751,-0.00030524916627530776
28,1565650800,440,351,0,791,32,-0.5367862721175751,-0.22502968537816198
28,1565665200,70,41,0,111,33,-0.65901546638018,-1.0788474069642204
28,1565679600,31,216,185,247,33,-0.2471307998925675,-0.8866447366503805
28,1565683269,13,33,20,46,33,-0.6144873943274651,-1.1707089773348056
28,1565694000,403,1954,1551,2357,33,2.794136521307858,2.095323163071695
28,1565708400,384,655,271,1039,33,-0.055660090065893585,0.23265316694198146
28,1565722800,873,679,0,1552,33,-0.65901546638018,0.9576529454052158
28,1565737200,341,401,60,742,33,-0.5254312502220354,-0.18708354690515425
28,1565751600,56,46,0,102,33,-0.65901546638018,-1.0915667013232244
28,1565766000,30,219,189,249,33,-0.23822518548202454,-0.883818226792824
28,1565768381,7,15,8,22,33,-0.6412042375590941,-1.2046270956254832
28,1565780400,437,2035,1598,2472,33,2.898777490631738,2.2578474798811916
28,1565794800,366,669,303,1035,33,0.015584825218450204,0.2270001472268685
28,1565809200,898,795,0,1693,33,-0.65901546638018,1.156921890362947
28,1565823600,372,364,0,736,33,-0.65901546638018,-0.19556307647782367
28,1565838000,59,45,0,104,33,-0.65901546638018,-1.088740191465668
28,1565852400,29,225,196,254,33,-0.22264036026357434,-0.8767519521489328
28,1565866800,410,1945,1535,2355,33,2.758514063665686,2.0924966532141385
28,1565881200,401,735,334,1136,33,0.08460333690015825,0.3697388950334702
28,1565895600,927,780,0,1707,33,-0.65901546638018,1.1767074593658422
28,1565910000,422,336,0,758,33,-0.65901546638018,-0.1644714680447025
28,1565924400,86,69,0,155,33,-0.65901546638018,-1.016664190097978
28,1565938800,33,201,168,234,33,-0.28497966113737516,-0.9050170507244975
28,1565945977,30,18,0,48,33,-0.65901546638018,-1.1678824674772492
28,1565953200,182,1326,1144,1508,33,1.8879902550351104,0.8954697285389736
28,1565967600,434,741,307,1175,33,0.024490439628993176,0.4248558372558214
28,1565982000,892,815,0,1707,33,-0.65901546638018,1.1767074593658422
28,1565996400,330,333,3,663,33,-0.6523362555722728,-0.2987306862786348
28,1566010800,123,132,9,255,33,-0.6389778339564584,-0.8753386972201546
28,1566025200,26,87,61,113,33,-0.5232048466193997,-1.0760208971066638
28,1566039600,232,557,325,789,33,0.06456570447643656,-0.12066056525257722
28,1566054000,446,929,483,1375,33,0.41633747369288404,0.7075068230114683
28,1566068400,494,997,503,1491,33,0.4608655457455989,0.8714443947497436
28,1566082800,307,691,384,998,33,0.1959235170319454,0.17470971486207382
28,1566097200,114,160,46,274,33,-0.5566009006589359,-0.8484868535733681
28,1566111600,20,65,45,85,33,-0.5588273042615716,-1.1155920351124544
28,1566126000,166,414,248,580,33,-0.10686737292651569,-0.4160308453672283
28,1566140400,330,821,491,1151,33,0.43414870251397,0.39093771896514373
28,1566154800,370,920,550,1290,33,0.5655065150694788,0.5873801540653184
28,1566169200,255,526,271,781,33,-0.055660090065893585,-0.1319666046828031
28,1566183600,59,84,25,143,33,-0.6033553763142865,-1.0336232492433168
28,1566198000,30,197,167,227,33,-0.2872060647400109,-0.9149098352259452
28,1566212400,339,1880,1541,2219,33,2.7718724852815004,1.9002939829002983
28,1566226800,413,638,225,1051,33,-0.15807465578713778,0.24961222608732025
28,1566241200,927,731,0,1658,33,-0.65901546638018,1.1074579678557086
28,1566255600,293,367,74,660,33,-0.494261599785135,-0.3029704510649695
28,1566270000,50,59,9,109,34,-0.6208673151204301,-1.1370734062488452
28,1566284400,34,208,174,242,34,-0.2692959316266057,-0.9569002888068371
28,1566298800,380,1990,1610,2370,34,2.790440472598436,1.9258695902652918
28,1566313200,440,1106,666,1546,34,0.7790260118822525,0.8096090731809713
28,1566327600,985,874,0,1859,34,-0.6400439360382751,1.2336255074617872
28,1566342000,494,396,0,890,34,-0.6400439360382751,-0.07906434818712864
28,1566356400,83,59,0,142,34,-0.6400439360382751,-1.0923687981617303
28,1566370800,32,209,177,241,34,-0.2629037246539907,-0.958254973900386
28,1566385200,361,1906,1545,2267,34,2.651942654858445,1.7863370256297517
28,1566399600,372,711,339,1083,34,0.08227545186721871,0.18238987486781538
28,1566414000,941,739,0,1680,34,-0.6400439360382751,0.9911368757165283
28,1566428400,328,291,0,619,34,-0.6400439360382751,-0.44618400853888945
28,1566442800,60,61,1,121,34,-0.6379132003807367,-1.120817185126258
28,1566457200,36,189,153,225,34,-0.31404138043491064,-0.979929935397169
28,1566471600,396,1948,1552,2344,34,2.666857804461213,1.8906477778330195
28,1566486000,350,656,306,1006,34,0.011961175168453828,0.07807912266454757
28,1566500400,909,861,0,1770,34,-0.6400439360382751,1.1130585341359323
28,1566514800,512,362,0,874,34,-0.6400439360382751,-0.10073930968391157
28,1566529200,68,67,0,135,34,-0.6400439360382751,-1.101851593816573
28,1566543600,26,197,171,223,34,-0.2756881385992207,-0.9826393055842668
28,1566558000,319,1723,1404,2042,34,2.3515089271455403,1.4815328795812417
28,1566572400,400,781,381,1181,34,0.17176634948382857,0.3151490140356108
28,1566586800,847,886,39,1733,34,-0.5569452453942803,1.0629351856746216
28,1566601200,488,409,0,897,34,-0.6400439360382751,-0.06958155253228611
28,1566615600,123,138,15,261,34,-0.6080829011752001,-0.9311612720294073
28,1566630000,27,92,65,119,34,-0.5015461182982837,-1.1235265553133558
28,1566644400,282,642,360,924,34,0.12702090067552363,-0.033005055006464924
28,1566658800,476,1017,541,1493,34,0.5126840546899614,0.7378107632228779
28,1566673200,645,1055,410,1700,34,0.23355768355244014,1.018230577587507
28,1566687600,524,561,37,1085,34,-0.5612067167093568,0.18509924505491326
28,1566702000,125,117,0,242,34,-0.6400439360382751,-0.9569002888068371
28,1566716400,20,46,26,66,34,-0.5846448089422785,-1.1953248652714492
28,1566730800,207,371,164,578,34,-0.290603288201989,-0.5017260973743957
28,1566745200,411,721,310,1132,34,0.02048411779860715,0.2487694444517131
28,1566759600,475,960,485,1435,34,0.3933628578678149,0.6592390277970397
28,1566774000,333,590,257,923,34,-0.09244487205092433,-0.03435974010001386
28,1566788400,56,83,27,139,34,-0.5825140732847401,-1.096432853442377
28,1566792076,2,5,3,7,34,-0.6336517290656601,-1.2752512857908362
28,1566792374,2,3,1,5,34,-0.6379132003807367,-1.2779606559779342
28,1566802800,21,195,174,216,34,-0.2692959316266057,-0.9921221012391094
28,1566817200,389,1884,1495,2273,34,2.545405871981528,1.7944651361910453
28,1566831600,342,662,320,1004,34,0.041791474373990445,0.0753697524774497
28,1566846000,921,824,0,1745,34,-0.6400439360382751,1.0791914067972088
28,1566860400,414,368,0,782,34,-0.6400439360382751,-0.2253703382904134
28,1566874800,70,51,0,121,35,-0.5551720182220307,-0.9794275205624408
28,1566889200,32,199,167,231,35,-0.16763454451489262,-0.8143614882055854
28,1566903600,379,1946,1567,2325,35,3.0811826003353664,2.32789552775128
28,1566918000,383,657,274,1040,35,0.08066790869866289,0.3996241497643783
28,1566932400,941,826,0,1767,35,-0.5551720182220307,1.490560563613777
28,1566946800,478,398,0,876,35,-0.5551720182220307,0.15352570152324846
28,1566961200,81,44,0,125,35,-0.5551720182220307,-0.9734251193858279
28,1566975600,26,181,155,207,35,-0.1954815486136091,-0.8503758952652629
28,1566990000,373,1985,1612,2358,35,3.1856088657055532,2.3774153374583364
28,1567004400,341,680,339,1021,35,0.2315058475667106,0.3711127441754669
28,1567018800,908,701,0,1609,35,-0.5551720182220307,1.2534657171375667
28,1567033200,289,384,95,673,35,-0.33471656910719166,-0.1510961581898574
28,1567047600,67,49,0,116,35,-0.5551720182220307,-0.986930522033207
28,1567062000,26,197,171,223,35,-0.15835220981532044,-0.8263662905588113
28,1567076400,396,1912,1516,2308,35,2.9628328329158213,2.3023853227506748
28,1567090800,396,788,392,1184,35,0.35449678233604187,0.6157105921224435
28,1567105200,940,880,0,1820,35,-0.5551720182220307,1.5700923792038983
28,1567119600,490,394,0,884,35,-0.5551720182220307,0.1655305038764743
28,1567134000,91,69,0,160,35,-0.5551720182220307,-0.9209041090904647
28,1567148400,34,186,152,220,35,-0.20244329963828825,-0.8308680914412709
28,1567162800,286,1682,1396,1968,35,2.684362791928656,1.7921812227385765
28,1567177200,484,793,309,1277,35,0.16188833731991936,0.755266419478694
28,1567191600,761,691,0,1452,35,-0.5551720182220307,1.0178714709555094
28,1567206000,359,311,0,670,35,-0.5551720182220307,-0.15559795907231708
28,1567220400,118,110,0,228,35,-0.5551720182220307,-0.8188632890880451
28,1567234800,31,45,14,76,35,-0.5226838467735281,-1.0469545337993362
28,1567249200,117,309,192,426,35,-0.10961995264256656,-0.5217444308457054
28,1567263600,225,542,317,767,35,0.1804530067190637,-0.010039730539453694
28,1567278000,342,482,140,824,35,-0.23029030373700476,0.07549448622728046
28,1567292400,325,327,2,652,35,-0.5505308508722445,-0.18260876436707524
28,1567306800,110,107,0,217,35,-0.5551720182220307,-0.8353698923237306
28,1567321200,15,44,29,59,35,-0.48787509165013243,-1.072464738799941
28,1567335600,94,232,138,326,35,-0.23493147108679083,-0.6718044602610285
28,1567350000,217,416,199,633,35,-0.09337586691831527,-0.21112016995598662
28,1567364400,360,496,136,856,35,-0.23957263843657692,0.12351369564018384
28,1567378800,253,310,57,563,35,-0.4228987487531273,-0.3161621905467128
28,1567393200,77,91,14,168,35,-0.5226838467735281,-0.908899306737239
28,1567407600,11,46,35,57,35,-0.47395158960077416,-1.0754659393882475
28,1567422000,108,271,163,379,35,-0.17691687921446478,-0.5922726446709072
28,1567436400,187,400,213,587,35,-0.06088769546981268,-0.28014778348703523
28,1567450800,224,404,180,628,35,-0.13746695674128306,-0.21862317142675278
28,1567465200,170,244,74,414,35,-0.38344882627994553,-0.5397516343755442
28,1567479600,40,59,19,99,36,-0.5226451917133599,-1.1185708230340163
28,1567494000,24,208,184,232,36,-0.20127616555608088,-0.9434115696986745
28,1567508400,433,1974,1541,2407,36,2.4417406132040864,1.9210348664243988
28,1567522800,427,733,306,1160,36,0.036342144693543584,0.2787522430471701
28,1567533844,747,638,0,1385,36,-0.5596513219981375,0.57507428816335
28,1567534614,711,267,0,978,36,-0.5596513219981375,0.03906063321986005
28,1567537200,689,535,0,1224,36,-0.5596513219981375,0.3630394025468835
28,1567551600,532,435,0,967,36,-0.5596513219981375,0.024573777680846804
28,1567566000,93,76,0,169,36,-0.5596513219981375,-1.026381742331205
28,1567580400,34,210,176,244,36,-0.21685769409703987,-0.9276077272924782
28,1567594800,408,2140,1732,2548,36,2.8137496071194823,2.106730014697205
28,1567609200,383,758,375,1141,36,0.1707328283593148,0.25372949257069266
28,1567623600,982,832,0,1814,36,-0.5596513219981375,1.1400616541848665
28,1567638000,395,387,0,782,36,-0.5596513219981375,-0.2190687927480123
28,1567652400,66,93,27,159,36,-0.5070636631724009,-1.0395516110030352
28,1567666800,28,197,169,225,36,-0.230491531570379,-0.9526304777689556
28,1567681200,426,2146,1720,2572,36,2.790377314308044,2.1383376995095977
28,1567695600,444,794,350,1238,36,0.12204055166881798,0.38147721868744583
28,1567710000,1085,922,0,2007,36,-0.5596513219981375,1.39424011955119
28,1567724400,429,389,0,818,36,-0.5596513219981375,-0.1716572655294235
28,1567738800,63,91,28,154,36,-0.5051159721047811,-1.0461365453389502
28,1567753200,27,232,205,259,36,-0.16037465313606356,-0.9078529242847329
28,1567767600,405,2016,1611,2421,36,2.5780789879374777,1.9394726825649613
28,1567782000,410,806,396,1216,36,0.21163434077933213,0.35250350760941934
28,1567796400,953,833,0,1786,36,-0.5596513219981375,1.103186021903742
28,1567810800,319,400,81,719,36,-0.4018883455209278,-0.3020389653805427
28,1567825200,103,155,52,258,36,-0.4583713864819041,-0.9091699111519159
28,1567839600,18,79,61,97,36,-0.4408421668733252,-1.1212047967683825
28,1567854000,153,391,238,544,36,-0.09610084790460777,-0.5325116671375716
28,1567868400,328,483,155,811,36,-0.2577592065170572,-0.18087617359970465
28,1567882800,362,636,274,998,36,-0.025983969470292342,0.0654003705635205
28,1567897200,385,293,0,678,36,-0.5596513219981375,-0.3560354269350466
28,1567911600,126,110,0,236,36,-0.5596513219981375,-0.9381436222299424
28,1567926000,23,63,40,86,36,-0.48174367929334255,-1.1356916523073957
28,1567940400,131,266,135,397,36,-0.29671302786945464,-0.7261087366134759
28,1567954800,209,548,339,757,36,0.10061594992499939,-0.25199346442758785
28,1567969200,390,476,86,866,36,-0.3921498901828284,-0.10844189590463843
28,1567983600,283,265,0,548,36,-0.5596513219981375,-0.5272437196688395
28,1567998000,45,35,0,80,36,-0.5596513219981375,-1.1435935735104938
28,1568012400,34,208,174,242,36,-0.22075307623227963,-0.9302417010268442
28,1568026800,402,2179,1777,2581,36,2.9013957051623764,2.1501905813142446
28,1568041200,375,767,392,1142,36,0.20384357650885265,0.2550464794378757
28,1568055600,1011,891,0,1902,36,-0.5596513219981375,1.2559564984969724
28,1568070000,407,373,0,780,36,-0.5596513219981375,-0.22170276648237836
28,1568084400,64,54,0,118,37,-0.5511060978742643,-0.988921883687289
28,1568098800,35,223,188,258,37,-0.20314299704462954,-0.8201638830580588
28,1568100540,1,1,0,2,37,-0.5511060978742643,-1.1287499413515083
28,1568101766,3,15,12,18,37,-0.528895687183011,-1.1094633127081677
28,1568113200,434,2248,1814,2682,37,2.806367651620191,2.1017603564080414
28,1568127600,419,814,395,1233,37,0.17998658737948964,0.35511504989550874
28,1568142000,1127,931,0,2058,37,-0.5511060978742643,1.349581839317758
28,1568156400,389,377,0,766,37,-0.5511060978742643,-0.2078134236319949
28,1568170800,76,63,0,139,37,-0.5511060978742643,-0.9636081835929045
28,1568185200,26,228,202,254,37,-0.17723085123816737,-0.8249855402188939
28,1568199600,385,2276,1891,2661,37,2.9488844535557326,2.0764466563136565
28,1568214000,447,853,406,1300,37,0.2003461305131385,0.4358778073394975
28,1568228400,1050,1039,0,2089,37,-0.5511060978742643,1.3869496823142304
28,1568242800,400,478,78,878,37,-0.406738428381118,-0.07280702312861072
28,1568257200,80,69,0,149,37,-0.5511060978742643,-0.9515540406908166
28,1568271600,28,215,187,243,37,-0.20499386460223398,-0.8382450974111906
28,1568286000,424,2103,1679,2527,37,2.556500531343591,1.9149211414256793
28,1568300400,441,807,366,1248,37,0.12631142820896085,0.37319626424864055
28,1568314800,1069,920,0,1989,37,-0.5511060978742643,1.2664082532933518
28,1568329200,443,418,0,861,37,-0.5511060978742643,-0.0932990660621601
28,1568343600,322,244,0,566,37,-0.5511060978742643,-0.44889628167375234
28,1568358000,37,199,162,236,37,-0.251265553542345,-0.8466829974426521
28,1568372400,474,2073,1599,2547,37,2.408431126735236,1.939029427229855
28,1568386800,395,726,331,1121,37,0.06153106369280544,0.22010864939212457
28,1568401200,989,931,0,1920,37,-0.5511060978742643,1.1832346672689456
28,1568415600,352,374,22,726,37,-0.5103870116069666,-0.25602999524034636
28,1568430000,103,146,43,249,37,-0.4715187928972734,-0.8310126116699379
28,1568444400,22,106,84,128,37,-0.39563322303549137,-0.9768677407852011
28,1568458800,135,422,287,557,37,-0.019907108841789936,-0.4597450102856314
28,1568473200,318,539,221,857,37,-0.14206436764368302,-0.09812072322299525
28,1568487600,370,594,224,964,37,-0.1365117649708697,0.03085860582934498
28,1568502000,405,342,0,747,37,-0.5511060978742643,-0.23071629514596184
28,1568516400,114,119,5,233,37,-0.5418517600862421,-0.8502992403132784
28,1568530800,23,56,33,79,37,-0.4900274684733178,-1.0359330410054317
28,1568537920,10,1,0,11,37,-0.5511060978742643,-1.1179012127396293
28,1568545200,109,363,254,472,37,-0.08098573824273647,-0.5622052249533783
28,1568559600,310,524,214,834,37,-0.15502044054691408,-0.12584525189779736
28,1568574000,308,567,259,875,37,-0.07173140045471427,-0.07642326599923709
28,1568588400,378,320,0,698,37,-0.5511060978742643,-0.2897815953661924
28,1568602800,56,71,15,127,37,-0.5233430845101977,-0.9780731550754099
28,1568617200,33,208,175,241,37,-0.22720427529348727,-0.8406559259916082
28,1568631600,391,2304,1913,2695,37,2.9896035398230305,2.1174307421807557
28,1568646000,412,752,340,1164,37,0.0781888717112454,0.2719414638711024
28,1568660400,1097,863,0,1960,37,-0.5511060978742643,1.2314512388772971
28,1568674800,385,363,0,748,37,-0.5511060978742643,-0.22951088085575305
28,1568689200,66,80,14,146,38,-0.5682032822380427,-1.0015044102043187
28,1568703600,41,219,178,260,38,-0.26785326752080435,-0.8651859057665564
28,1568718000,468,2335,1867,2803,38,2.8253856035609983,2.175673364279316
28,1568732400,364,818,454,1182,38,0.2376138304179627,0.23731989328271386
28,1568746800,1092,961,0,2053,38,-0.5938429176407338,1.2788410982414062
28,1568761200,411,380,0,791,38,-0.5938429176407338,-0.2302286614117164
28,1568775600,70,55,0,125,38,-0.5938429176407338,-1.0266157136533802
28,1568790000,35,216,181,251,38,-0.26235905993451336,-0.8759478929590113
28,1568804400,422,2320,1898,2742,38,2.8821590819526715,2.102731006641566
28,1568818800,453,780,327,1233,38,0.005025709264979317,0.2983044873732917
28,1568833200,1065,903,0,1968,38,-0.5938429176407338,1.1772001080904433
28,1568847600,401,413,12,814,38,-0.57186608729557,-0.2027258052532205
28,1568862000,78,93,15,171,38,-0.566371879709279,-0.9716100013363884
28,1568876400,29,198,169,227,38,-0.28433589027967715,-0.9046465254722245
28,1568884309,49,215,166,264,38,-0.2898300978659681,-0.8604028003476876
28,1568890800,427,2269,1842,2696,38,2.779600540341907,2.047725294324574
28,1568905200,403,829,426,1232,38,0.18633455961258052,0.2971087110185745
28,1568919600,1148,990,0,2138,38,-0.5938429176407338,1.3804820883923692
28,1568934000,543,384,0,927,38,-0.5938429176407338,-0.06760307717017544
28,1568948400,81,70,0,151,38,-0.5938429176407338,-0.9955255284307326
28,1568962800,30,194,164,224,38,-0.2934929029234954,-0.9082338545363762
28,1568977200,397,1879,1482,2276,38,2.1202956299869937,1.5454992253433446
28,1568991600,487,967,480,1454,38,0.2852302961658176,0.5625710617657957
28,1569006000,1049,885,0,1934,38,-0.5938429176407338,1.1365437120300579
28,1569020400,380,404,24,784,38,-0.5498892569504062,-0.23859909589473688
28,1569034800,132,152,20,284,38,-0.5572148670654608,-0.8364872732533434
28,1569049200,19,84,65,103,38,-0.47480175327109664,-1.0529227934571588
28,1569063600,134,397,263,531,38,-0.11218405257589419,-0.5411305136381918
28,1569078000,261,682,421,943,38,0.17717754696876228,-0.04847065549470004
28,1569092400,415,657,242,1072,38,-0.15064350567993082,0.10578449426382043
28,1569106800,299,399,100,698,38,-0.4107026647643689,-0.3414358624004172
28,1569121200,140,131,0,271,38,-0.5938429176407338,-0.8520323658646671
28,1569135600,22,77,55,99,38,-0.4931157785587331,-1.0577058988760277
28,1569150000,121,293,172,414,38,-0.2788416826933862,-0.6810363471401056
28,1569164400,234,477,243,711,38,-0.14881210315116716,-0.3258907697890934
28,1569178800,289,628,339,917,38,0.0270025396101431,-0.07956084071734758
28,1569193200,224,294,70,518,38,-0.4656447406272784,-0.5566756062495155
28,1569207600,48,44,0,92,38,-0.5938429176407338,-1.0660763333590482
28,1569222000,37,184,147,221,38,-0.3246267459124774,-0.9118211836005278
28,1569236400,428,2199,1771,2627,38,2.649570960799688,1.9652167258490865
28,1569250800,419,737,318,1156,38,-0.01145691349389352,0.2062297080600663
28,1569265200,1087,936,0,2023,38,-0.5938429176407338,1.2429678075998898
28,1569279600,374,392,18,766,38,-0.5608776721229881,-0.2601230702796467
28,1569294000,91,60,0,151,39,-0.5962224491567698,-1.0455848011679512
28,1569308400,32,196,164,228,39,-0.284890462969837,-0.9494588880151196
28,1569322800,418,2289,1871,2707,39,2.95561990545147,2.145296160113053
28,1569337200,449,766,317,1215,39,0.005559499753338117,0.2827005442166297
28,1569351600,1129,932,0,2061,39,-0.5962224491567698,1.338837200415272
28,1569366000,402,468,66,870,39,-0.47093030837422367,-0.1479934822473556
28,1569380400,100,79,0,179,39,-0.5962224491567698,-1.0106299236578304
28,1569394800,35,196,161,231,39,-0.29058556027813454,-0.9457137225676067
28,1569409200,390,2144,1754,2534,39,2.7335111104278655,1.9293249526398084
28,1569423600,407,804,397,1211,39,0.15742876130793948,0.2777069902866125
28,1569438000,1178,1056,0,2234,39,-0.5962224491567698,1.5548084078885167
28,1569452400,614,465,0,1079,39,-0.5962224491567698,0.11291971059604419
28,1569466800,112,72,0,184,39,-0.5962224491567698,-1.004387981245309
28,1569481200,30,210,180,240,39,-0.25451661065891673,-0.9344782262250679
28,1569495600,423,2262,1839,2685,39,2.8948722008296293,2.1178316134979585
28,1569510000,415,750,335,1165,39,0.039730083603123426,0.22028112009141446
28,1569524400,1072,975,0,2047,39,-0.5962224491567698,1.3213597616602117
28,1569538800,420,444,24,864,39,-0.5506616706903894,-0.15548381314238144
28,1569553200,78,103,25,181,39,-0.5487633049209569,-1.0081331466928218
28,1569567600,34,197,163,231,39,-0.28678882873926953,-0.9457137225676067
28,1569582000,390,1953,1563,2343,39,2.3709232484662546,1.690882752481486
28,1569596400,499,868,369,1367,39,0.10427451976382901,0.4724555935572841
28,1569610800,1021,933,0,1954,39,-0.5962224491567698,1.2052596327873113
28,1569625200,358,379,21,737,39,-0.5563567679986869,-0.3140291504204282
28,1569639600,109,139,30,248,39,-0.5392714760737943,-0.9244911183650335
28,1569654000,30,121,91,151,39,-0.42347116413841074,-1.0455848011679512
28,1569668400,128,495,367,623,39,0.10047778822496398,-0.456345437425919
28,1569682800,305,632,327,937,39,0.024543157447663288,-0.06435145391956715
28,1569697200,412,824,412,1236,39,0.18590424784942725,0.30891670234922014
28,1569711600,431,398,0,829,39,-0.5962224491567698,-0.19917741003003211
28,1569726000,137,172,35,309,39,-0.5297796472266317,-0.8483394209322709
28,1569740400,22,64,42,86,39,-0.5164910868406041,-1.1267300525307309
28,1569754800,120,288,168,408,39,-0.27729699989210693,-0.7247489611643446
28,1569769200,259,561,302,820,39,-0.02291598678814964,-0.21041290637257087
28,1569783600,337,505,168,842,39,-0.27729699989210693,-0.18294835975747614
28,1569798000,254,297,43,551,39,-0.5145927210711716,-0.546229408166229
28,1569812400,49,60,11,109,39,-0.5753404256930121,-1.098017117433132
28,1569826800,25,180,155,205,39,-0.30197575489472966,-0.9781718231127186
28,1569841200,345,1776,1431,2121,39,2.1203389669011625,1.4137405093655302
28,1569855600,320,675,355,995,39,0.07769739899177376,0.008055078065682555
28,1569870000,987,803,0,1790,39,-0.5962224491567698,1.0005239216566053
28,1569884400,278,283,5,561,39,-0.5867306203096072,-0.533745523341186
28,1569898800,50,50,0,100,40,-0.5905545634949108,-1.068190289396803
28,1569913200,28,205,177,233,40,-0.25452833884728987,-0.9027827671766293
28,1569927600,424,2068,1644,2492,40,2.5305025739101104,1.9066577794051154
28,1569942000,369,744,375,1113,40,0.12136540397886228,0.1916429437538423
28,1569956400,967,911,0,1878,40,-0.5905545634949108,1.1430471129149908
28,1569970800,519,367,0,886,40,-0.5905545634949108,-0.09066914304299527
28,1569985200,93,60,0,153,40,-0.5905545634949108,-1.002276013624854
28,1569999600,72,268,196,340,40,-0.21845772716195203,-0.7697105500521287
28,1570014000,453,2136,1683,2589,40,2.6045422505273828,2.027293340723588
28,1570028400,419,698,279,1117,40,-0.060886107694423604,0.19661760607625353
28,1570042800,1053,925,0,1978,40,-0.5905545634949108,1.2674136709752717
28,1570057200,417,400,0,817,40,-0.5905545634949108,-0.17648206810458905
28,1570071600,78,93,15,171,40,-0.5620777647959598,-0.9798900331740035
28,1570086000,33,195,162,228,40,-0.2830051375462408,-0.9090010950796433
28,1570100400,379,2244,1865,2623,40,2.950060741407987,2.0695779704640835
28,1570114800,356,782,426,1138,40,0.21818651955529542,0.22273458326891252
28,1570129200,1058,944,0,2002,40,-0.5905545634949108,1.2972616449097392
28,1570143600,363,414,51,777,40,-0.49373344791847756,-0.2262286913287014
28,1570158000,78,81,3,159,40,-0.5848592037551206,-0.9948140201412371
28,1570172400,33,200,167,233,40,-0.27351287131325713,-0.9027827671766293
28,1570186800,400,2017,1617,2417,40,2.4792443362519987,1.8133828608599047
28,1570201200,461,945,484,1406,40,0.3282968078579056,0.5560369588704652
28,1570215600,1029,762,0,1791,40,-0.5905545634949108,1.0348482074025465
28,1570230000,353,376,23,729,40,-0.5468901388231859,-0.2859246391976362
28,1570244400,99,120,21,219,40,-0.5506870453163795,-0.9201940853050686
28,1570258800,17,89,72,106,40,-0.45386592973994627,-1.060728295913186
28,1570273200,124,408,284,532,40,-0.051393841461439965,-0.5309267585763895
28,1570287600,275,599,324,874,40,0.024544288402429157,-0.10559313001022896
28,1570302000,415,604,189,1019,40,-0.2317468998881291,0.07473837917717828
28,1570316400,285,367,82,652,40,-0.434881397273979,-0.3816868889040525
28,1570330800,92,121,29,213,40,-0.5354994193436056,-0.9276560787886855
28,1570345200,14,61,47,75,40,-0.5013272609048645,-1.0992819289118732
28,1570359600,120,279,159,399,40,-0.288700497286031,-0.6963342807965631
28,1570374000,251,502,251,753,40,-0.11404279859913198,-0.2560766652631688
28,1570388400,363,545,182,908,40,-0.2450360726143062,-0.06330850026973348
28,1570402800,219,249,30,468,40,-0.5336009660970089,-0.6105213557349692
28,1570417200,41,55,14,96,40,-0.5639762180425565,-1.073164951719214
28,1570431600,24,193,169,217,40,-0.26971596482006366,-0.9226814164662742
28,1570446000,451,2127,1676,2578,40,2.5912530778012055,2.013613019336957
28,1570460400,371,733,362,1104,40,0.09668551177310482,0.18044995352841703
28,1570474800,1049,945,0,1994,40,-0.5905545634949108,1.2873123202649166
28,1570489200,345,352,7,697,40,-0.5772653907687336,-0.3257219377769261
28,1570503600,67,62,0,129,41,-0.6398853152465169,-1.0598754659459864
28,1570518000,32,191,159,223,41,-0.3119127820347401,-0.9347442356961432
28,1570532400,440,2275,1835,2715,41,3.14520649886424,2.38256454922523
28,1570546800,413,763,350,1176,41,0.08206680188632508,0.3338734497091813
28,1570561200,1105,907,0,2012,41,-0.6398853152465169,1.446742688952467
28,1570575600,328,365,37,693,41,-0.5635646628639022,-0.30908808444692754
28,1570590000,73,64,0,137,41,-0.6398853152465169,-1.0492259995417443
28,1570604400,26,219,193,245,41,-0.2417802906561212,-0.9054582030844778
28,1570618800,391,1948,1557,2339,41,2.571770245827297,1.8820396282258576
28,1570633200,345,625,280,970,41,-0.06232362154024332,0.059649689799950605
28,1570647600,1278,470,0,1748,41,-0.6398853152465169,1.095310297612482
28,1570662000,427,302,0,729,41,-0.6398853152465169,-0.2611654856278387
28,1570676400,100,52,0,152,41,-0.6398853152465169,-1.0292582500337906
28,1570690800,44,193,149,237,41,-0.33253998538139273,-0.9161076694887198
28,1570705200,418,2172,1754,2590,41,2.978126151756354,2.2161666366589494
28,1570719600,389,858,469,1247,41,0.3275305217114914,0.42838746404682876
28,1570734000,1107,910,0,2017,41,-0.6398853152465169,1.4533986054551182
28,1570748400,387,413,26,800,41,-0.5862545865452201,-0.16665147129019123
28,1570762800,75,94,19,169,41,-0.6006936288878769,-1.0066281339247765
28,1570777200,38,210,172,248,41,-0.2850974176840917,-0.901464653182887
28,1570791600,398,2004,1606,2402,41,2.672843542225895,1.965904176159263
28,1570806000,432,836,404,1268,41,0.19345369995824926,0.45634231335796394
28,1570820400,971,962,0,1933,41,-0.6398853152465169,1.3415792082105775
28,1570834800,440,464,24,904,41,-0.5903800272145506,-0.028208408035045634
28,1570849200,117,161,44,278,41,-0.5491256205212454,-0.8615291541669797
28,1570863600,19,76,57,95,41,-0.5223102561705969,-1.1051356981640148
28,1570878000,139,432,293,571,41,-0.0355082571895949,-0.4714924471116176
28,1570892400,242,742,500,984,41,0.3914748520861145,0.07828625600737406
28,1570906800,417,834,417,1251,41,0.2202690643088977,0.43371219724894977
28,1570921200,297,437,140,734,41,-0.3511044683933801,-0.25450956912518746
28,1570935600,110,155,45,265,41,-0.5470629001865801,-0.8788345370738728
28,1570950000,17,68,51,85,41,-0.5346865781785886,-1.1184475311693172
28,1570964400,119,315,196,434,41,-0.2355921296521254,-0.6538645592842612
28,1570978800,244,554,310,798,41,-0.00044201150028543024,-0.1693138378912517
28,1570993200,361,580,219,941,41,-0.18814956195482435,0.021045374084573472
28,1571007600,245,342,97,587,41,-0.4398014427839864,-0.45019351430313365
28,1571022000,56,71,15,127,41,-0.608944510226538,-1.062537832547047
28,1571036400,18,133,115,151,41,-0.40267247676001167,-1.0305894333343208
28,1571050800,317,1235,918,1552,41,1.2536919519761942,0.8343983707085538
28,1571065200,288,651,363,939,41,0.1088821662369735,0.01838300748351298
28,1571079600,563,776,213,1339,41,-0.20052588396281593,0.5508563276956114
28,1571094000,321,323,2,644,41,-0.6357598745771864,-0.37431606617290963
28,1571108400,67,61,0,128,42,-0.6136264906371397,-1.0217189305926708
28,1571122800,35,200,165,235,42,-0.30850834612143485,-0.8937976937819654
28,1571137200,418,2194,1776,2612,42,2.670554264877356,1.9479666043399686
28,1571151600,414,815,401,1229,42,0.1279030605798157,0.2945547304221586
28,1571166000,1095,947,0,2042,42,-0.6136264906371397,1.266517025067986
28,1571180400,399,300,0,699,42,-0.6136264906371397,-0.3390738257430182
28,1571194800,68,73,5,141,42,-0.604380486257876,-1.006177098082959
28,1571209200,30,204,174,234,42,-0.29186553823876005,-0.8949932193596355
28,1571223600,446,2273,1827,2719,42,2.764863509545847,2.0758878411506743
28,1571238000,410,765,355,1175,42,0.0428398202905889,0.22999634922797074
28,1571252400,1018,786,0,1804,42,-0.6136264906371397,0.9819819375824919
28,1571266800,335,377,42,712,42,-0.535960053851324,-0.3235319932333063
28,1571281200,70,62,0,132,42,-0.6136264906371397,-1.0169368282819902
28,1571295600,32,199,167,231,42,-0.30480994436972936,-0.8985797960926459
28,1571310000,420,2183,1763,2603,42,2.6465146534912702,1.9372068741409374
28,1571324400,413,862,449,1275,42,0.21666470262074802,0.3495489069949852
28,1571338800,1094,1000,0,2094,42,-0.6136264906371397,1.3286843551068337
28,1571353200,421,369,0,790,42,-0.6136264906371397,-0.230280998175035
28,1571367600,79,87,8,166,42,-0.5988328836303177,-0.9762889586412054
28,1571382000,36,204,168,240,42,-0.3029607434938766,-0.8878200658936146
28,1571396400,391,2056,1665,2447,42,2.4652929676577005,1.7507048840243948
28,1571410800,443,833,390,1276,42,0.10756185094543538,0.35074443257265536
28,1571425200,1028,963,0,1991,42,-0.6136264906371397,1.205545220606809
28,1571439600,351,393,42,744,42,-0.535960053851324,-0.2852751747478617
28,1571454000,104,131,27,235,42,-0.5636980669891153,-0.8937976937819654
28,1571468400,26,74,48,100,42,-0.5248648485962074,-1.055193646767435
28,1571482800,132,466,334,598,42,0.004006601897681008,-0.4598219090877028
28,1571497200,263,744,481,1007,42,0.2758391306480362,0.02914805217938642
28,1571511600,478,815,337,1293,42,0.009554204525239278,0.3710683673930478
28,1571526000,296,456,160,752,42,-0.31775435050069867,-0.2757109701265005
28,1571540400,99,164,65,263,42,-0.4934284337067105,-0.8603229776072013
28,1571554800,20,54,34,74,42,-0.550753660858146,-1.0862773117868587
28,1571569200,120,312,192,432,42,-0.25857992247341044,-0.6582791549809468
28,1571583600,227,609,382,836,42,0.09276824393861333,-0.17528682160220835
28,1571598000,250,561,311,811,42,-0.0385250182469324,-0.20517496104396196
28,1571612400,151,213,62,364,42,-0.4989760363342688,-0.7395748942625167
28,1571626800,42,56,14,98,42,-0.5877376783752012,-1.0575846979227752
28,1571641200,25,182,157,207,42,-0.32330195312825694,-0.9272724099567294
28,1571655600,477,2188,1711,2665,42,2.550356207946927,2.011329459956486
28,1571670000,402,627,225,1029,42,-0.19755629357026946,0.055449614888129606
28,1571684400,1237,879,0,2116,42,-0.6136264906371397,1.3549859178155768
28,1571698800,378,293,0,671,42,-0.6136264906371397,-0.37254854191778225
28,1571713200,59,76,17,135,43,-0.6008828749612829,-1.0687850777596657
28,1571727600,33,204,171,237,43,-0.3227385655610412,-0.9455201626130131
28,1571742000,441,2218,1777,2659,43,2.577909232470051,1.9814173323398534
28,1571756400,386,744,358,1130,43,0.015008095853538066,0.133652084700327
28,1571770800,1049,930,0,1979,43,-0.6315871169080628,1.1596512313621699
28,1571785200,344,354,10,698,43,-0.6135257981158394,-0.38841108533255425
28,1571799600,61,54,0,115,43,-0.6315871169080628,-1.0929546689648917
28,1571814000,39,203,164,242,43,-0.33538148871559764,-0.9394777648117066
28,1571828400,416,2323,1907,2739,43,2.8127063767689564,2.0780956971607574
28,1571842800,376,865,489,1241,43,0.2516113720316658,0.2677933158893312
28,1571857200,1110,921,0,2031,43,-0.6315871169080628,1.2224921684957575
28,1571871600,362,417,55,779,43,-0.5322498635508337,-0.290524240951389
28,1571886000,87,88,1,175,43,-0.6297809850288405,-1.0204458953492137
28,1571900400,36,197,161,233,43,-0.3407998843532647,-0.9503540808540584
28,1571914800,383,2282,1899,2665,43,2.7982573217351776,1.9886682097014212
28,1571929200,405,884,479,1289,43,0.23355005323944228,0.32580033478187354
28,1571943600,1053,959,0,2012,43,-0.6315871169080628,1.1995310568507929
28,1571958000,409,458,49,867,43,-0.5430866548261677,-0.1841780396483947
28,1571972400,81,94,13,175,43,-0.6081074024781723,-1.0204458953492137
28,1571986800,31,178,147,209,43,-0.36608573066237754,-0.9793575903003295
28,1572001200,403,2015,1612,2418,43,2.2798974723983636,1.6901737583168803
28,1572015600,422,782,360,1204,43,0.018620359611982763,0.22307957215966312
28,1572030000,1037,921,0,1958,43,-0.6315871169080628,1.1342731605966827
28,1572044400,319,403,84,722,43,-0.47987203905338555,-0.3594075758862831
28,1572058800,128,185,57,313,43,-0.528637599792389,-0.8536757160331544
28,1572073200,31,108,77,139,43,-0.492514962207942,-1.0639511595186204
28,1572087600,237,529,292,766,43,-0.10419660817513696,-0.3062344752347859
28,1572102000,509,809,300,1318,43,-0.08974755314135817,0.3608462420294512
28,1572116400,557,912,355,1469,43,0.009589700215871019,0.5433266556289074
28,1572130800,324,565,241,889,43,-0.19630933401547676,-0.1575914893226461
28,1572145200,116,214,98,330,43,-0.45458619274427264,-0.8331315635087123
28,1572159600,23,62,39,85,43,-0.5611479736183912,-1.1292090557727306
28,1572174000,157,292,135,449,43,-0.38775931321304574,-0.6893224958376177
28,1572188400,254,510,256,764,43,-0.16921735582714154,-0.3086514343553085
28,1572202800,306,696,390,1002,43,0.07280431598865322,-0.021033299013119303
28,1572217200,173,395,222,568,43,-0.2306258397207014,-0.5455134281665232
28,1572231600,54,83,29,137,43,-0.5792092924106147,-1.0663681186391432
28,1572246000,32,184,152,216,43,-0.3570550712662658,-0.9708982333785005
28,1572260400,448,2260,1812,2708,43,2.6411238482428336,2.040632830792657
28,1572274800,389,831,442,1220,43,0.16672317370821538,0.2424152451238439
28,1572289200,981,856,0,1837,43,-0.6315871169080628,0.9880471338050655
28,1572303600,328,365,37,693,43,-0.5647602373768359,-0.39445348313386075
28,1572318000,61,66,5,127,44,-0.6050141793192589,-1.037586084157691
28,1572332400,32,185,153,217,44,-0.3300037121420367,-0.9262552090798836
28,1572346800,439,2271,1832,2710,44,2.7898785472536125,2.157610030575377
28,1572361200,389,803,414,1192,44,0.1549809630826592,0.2798292709296948
28,1572375600,1099,775,0,1874,44,-0.6143050734806516,1.1234699020748562
28,1572390000,398,427,29,825,44,-0.5604178873445742,-0.17415329744314137
28,1572404400,63,48,0,111,44,-0.6143050734806516,-1.0573782397270788
28,1572418800,30,193,163,223,44,-0.31142192381925143,-0.9188331507413631
28,1572433200,397,2330,1933,2727,44,2.977554609313744,2.1786391958678517
28,1572447600,383,826,443,1209,44,0.20886814921873653,0.3008584362221695
28,1572462000,1076,954,0,2030,44,-0.6143050734806516,1.316443418876389
28,1572476400,372,373,1,745,44,-0.612446894648373,-0.27311407529008114
28,1572490800,63,63,0,126,44,-0.6143050734806516,-1.0388230938807776
28,1572505200,37,166,129,203,44,-0.3746000041167214,-0.9435733452030981
28,1572519600,342,2215,1873,2557,44,2.866063879377032,1.9683475429431048
28,1572534000,361,815,454,1176,44,0.22930811637380036,0.2600371153603068
28,1572548400,1113,830,0,1943,44,-0.6143050734806516,1.2088235729678418
28,1572562800,380,361,0,741,44,-0.6143050734806516,-0.27806211418242816
28,1572577200,66,135,69,201,44,-0.4860907340534331,-0.9460473646492715
28,1572591600,41,191,150,232,44,-0.3355782486388723,-0.9077000632335824
28,1572606000,363,1957,1594,2320,44,2.347631985171323,1.6751762385715456
28,1572620400,409,843,434,1252,44,0.19214453972822979,0.3540498543148996
28,1572634800,1013,905,0,1918,44,-0.6143050734806516,1.1778983298906731
28,1572649200,357,428,71,785,44,-0.48237437638887604,-0.22363368636661127
28,1572663600,104,120,16,224,44,-0.5845742121641951,-0.9175961410182764
28,1572678000,21,87,66,108,44,-0.4916652705502687,-1.0610892688963391
28,1572692400,127,375,248,502,44,-0.1534767230755765,-0.5737074380001607
28,1572706800,238,595,357,833,44,0.04906476964278309,-0.16425721965844742
28,1572721200,380,636,256,1016,44,-0.1386112924173483,0.06211555966642731
28,1572735600,246,401,155,647,44,-0.32628735447747964,-0.3943410281525824
28,1572746400,89,126,37,215,44,-0.545552456686346,-0.9287292285260571
28,1572760800,18,40,22,58,44,-0.573425139170524,-1.1229397550506763
28,1572775200,88,225,137,313,44,-0.3597345734584932,-0.8075022756635559
28,1572789600,247,465,218,712,44,-0.20922208804393236,-0.3139353961519438
28,1572804000,281,594,313,875,44,-0.032695098977472165,-0.11230281128880402
28,1572818400,213,345,132,558,44,-0.3690254676198858,-0.5044348935073029
28,1572832800,74,95,21,169,44,-0.5752833180028025,-0.9856316757880474
28,1572847200,18,52,34,70,44,-0.5511269931831816,-1.1080956383736353
28,1572861600,370,1539,1169,1909,44,1.5579059814529481,1.1667652423828925
28,1572876000,525,1482,957,2007,44,1.1639720690099002,1.2879921952453939
28,1572890400,898,881,0,1779,44,-0.6143050734806516,1.0059539783816154
28,1572904800,628,496,0,1124,44,-0.6143050734806516,0.19571260975979599
28,1572919200,105,117,12,222,45,-0.6637240384319089,-1.0243159986224275
28,1572933600,16,77,61,93,45,-0.5495623943790156,-1.2128711605337623
28,1572948000,402,1316,914,1718,45,1.4377821439295146,1.1623392123803369
28,1572962400,293,899,606,1192,45,0.720194667025614,0.3935018855170654
28,1572976800,721,822,101,1543,45,-0.4563692155603271,0.9065473260665108
28,1572991200,581,513,0,1094,45,-0.6916819920775154,0.2502584291813228
28,1573005600,108,124,16,232,45,-0.65440472055004,-1.0096993194044948
28,1573020000,14,76,62,90,45,-0.5472325649085483,-1.2172561642991422
28,1573034400,412,2041,1629,2453,45,3.10361021531357,2.2366651348984066
28,1573048800,354,963,609,1317,45,0.7271841554370155,0.5762103757412269
28,1573063200,949,892,0,1841,45,-0.6916819920775154,1.3421243667609117
28,1573077600,634,576,0,1210,45,-0.6916819920775154,0.41981190810934466
28,1573092000,122,110,0,232,45,-0.6916819920775154,-1.0096993194044948
28,1573106400,13,67,54,80,45,-0.565871200672286,-1.231872843517075
28,1573120800,395,2046,1651,2441,45,3.154866463663849,2.219125119836887
28,1573135200,385,930,545,1315,45,0.578075069327114,0.5732870398976403
28,1573149600,891,812,0,1703,45,-0.6916819920775154,1.1404141935534375
28,1573164000,514,595,81,1109,45,-0.5029658049696714,0.2721834480082222
28,1573178400,98,125,27,223,45,-0.6287765963749007,-1.0228543307006344
28,1573192800,14,79,65,93,45,-0.5402430764971466,-1.2128711605337623
28,1573207200,382,1865,1483,2247,45,2.7634551126253575,1.9355615430089883
28,1573221600,400,932,532,1332,45,0.5477872862110403,0.5981353945681263
28,1573236000,795,861,66,1656,45,-0.5379132470266794,1.0717158012291528
28,1573250400,452,504,52,956,45,-0.5705308596132204,0.04854825597384855
28,1573264800,107,185,78,292,45,-0.5099552933810729,-0.9219992440968972
28,1573279200,16,42,26,58,45,-0.6311064258453679,-1.2640295377965274
28,1573293600,132,342,210,474,45,-0.20241780327940123,-0.6559756823305181
28,1573308000,403,628,225,1031,45,-0.1674703612223931,0.15817335010834543
28,1573322400,446,824,378,1270,45,0.18899354775909005,0.5075119834169421
28,1573336800,285,492,207,777,45,-0.20940729169080285,-0.21309030202715068
28,1573351200,121,231,110,352,45,-0.43540075032612224,-0.8342991687892997
28,1573365600,16,41,25,57,45,-0.633436255315835,-1.2654912057183207
28,1573380000,123,231,108,354,45,-0.44006040926705664,-0.831375832945713
28,1573394400,352,540,188,892,45,-0.2536740516296799,-0.04499849102092213
28,1573408800,375,691,316,1066,45,0.04454412059012302,0.20933172737111064
28,1573423200,242,458,216,700,45,-0.18843882645659799,-0.32563873200523413
28,1573437600,70,167,97,237,45,-0.46568853344219596,-1.0023909797955282
28,1573452000,10,63,53,73,45,-0.5682010301427532,-1.242104518969628
28,1573466400,339,1312,973,1651,45,1.5752420826870799,1.0644074616201864
28,1573480800,243,664,421,907,45,0.28917621498918006,-0.023073472194022747
28,1573495200,573,728,155,1301,45,-0.3305584241550978,0.5528236889925342
28,1573509600,378,495,117,873,45,-0.41909194403285177,-0.07277018153499466
28,1573524000,127,117,0,244,46,-0.6301896119568441,-0.9424780263475357
28,1573538400,10,78,68,88,46,-0.4931751835350454,-1.1493426549572658
28,1573552800,435,2098,1663,2533,46,2.7206191301821425,2.0928625819067737
28,1573567200,340,920,580,1260,46,0.5384628657584971,0.4047941702389119
28,1573581600,915,817,0,1732,46,-0.6301896119568441,1.0306922773145057
28,1573596000,597,574,0,1171,46,-0.6301896119568441,0.2867752475064376
28,1573610400,143,126,0,269,46,-0.6301896119568441,-0.9093266435575148
28,1573624800,17,72,55,89,46,-0.5193691183803892,-1.148016599645665
28,1573639200,438,2053,1615,2491,46,2.623903063060873,2.037168258819539
28,1573653600,362,925,563,1287,46,0.5042092586530474,0.4405976636521344
28,1573668000,868,871,3,1739,46,-0.6241448577617646,1.0399746644957115
28,1573682400,565,571,6,1136,46,-0.6181001035666853,0.24036331160040844
28,1573696800,167,162,0,329,46,-0.6301896119568441,-0.8297633248614648
28,1573711200,20,60,40,80,46,-0.5495928893557861,-1.1599510974500726
28,1573725600,415,1944,1529,2359,46,2.4506201094685984,1.8621289576882287
28,1573740000,342,963,621,1305,46,0.6210745064245815,0.46446665926094943
28,1573754400,888,836,0,1724,46,-0.6301896119568441,1.020083834821699
28,1573768800,632,636,4,1268,46,-0.6221299396967382,0.4154026127317185
28,1573783200,171,139,0,310,46,-0.6301896119568441,-0.8549583757818806
28,1573797600,19,88,69,107,46,-0.491160265470019,-1.12414760403685
28,1573812000,380,1776,1396,2156,46,2.1826360068200805,1.5929397294332595
28,1573826400,358,901,543,1259,46,0.46391089735251845,0.40346811492731105
28,1573840800,861,889,28,1750,46,-0.5737719061361034,1.0545612729233207
28,1573855200,530,540,10,1070,46,-0.6100404313065796,0.15284366103475336
28,1573869600,162,166,4,328,46,-0.6221299396967382,-0.8310893801730657
28,1573884000,23,45,22,68,46,-0.5858614145262622,-1.1758637611892826
28,1573898400,95,317,222,412,46,-0.1828778015209721,-0.7197007339985956
28,1573912800,220,562,342,782,46,0.05891236628220193,-0.2290602687062869
28,1573927200,326,809,483,1135,46,0.3430158134509314,0.2390372562888076
28,1573941600,219,423,204,642,46,-0.2191463266914482,-0.41470801233040366
28,1573956000,113,190,77,303,46,-0.4750409209498074,-0.8642407629630865
28,1573970400,17,55,38,72,46,-0.5536227254858389,-1.1705595399428792
28,1573984800,64,195,131,259,46,-0.36623534543837905,-0.9225871966735232
28,1573999200,193,415,222,608,46,-0.1828778015209721,-0.459793892924832
28,1574013600,266,547,281,813,46,-0.06399763568441154,-0.18795255404666103
28,1574028000,172,288,116,460,46,-0.39645911641377585,-0.6560500790417555
28,1574042400,61,88,27,149,46,-0.5757868242011299,-1.068453280949615
28,1574056800,14,61,47,75,46,-0.5354884629006009,-1.1665813740080766
28,1574071200,402,2000,1598,2402,46,2.5896494559554233,1.9191493360870646
28,1574085600,330,859,529,1189,46,0.4357020444421481,0.3106442431152526
28,1574100000,911,764,0,1675,46,-0.6301896119568441,0.9551071245532581
28,1574114400,487,484,0,971,46,-0.6301896119568441,0.02156418518627078
28,1574128800,86,70,0,156,47,-0.6347629069264408,-1.0234771387213326
28,1574143200,16,59,43,75,47,-0.5530092977076799,-1.1291291967966444
28,1574157600,377,2020,1643,2397,47,2.4889854639206304,1.8995631346956257
28,1574172000,339,993,654,1332,47,0.6086524518891311,0.5104342229646749
28,1574186400,922,894,0,1816,47,-0.6347629069264408,1.1417378786245622
28,1574200800,602,494,0,1096,47,-0.6347629069264408,0.20260847351068018
28,1574215200,100,100,0,200,47,-0.6347629069264408,-0.9660858972977064
28,1574229600,15,73,58,88,47,-0.5244905968174145,-1.1121726936487548
28,1574244000,403,2504,2101,2907,47,3.359756464436734,2.564779796651292
28,1574258400,444,868,424,1312,47,0.17136570490506148,0.4843472950448448
28,1574272800,911,850,0,1761,47,-0.6347629069264408,1.0699988268450296
28,1574287200,609,562,0,1171,47,-0.6347629069264408,0.3004344532100429
28,1574301600,123,109,0,232,47,-0.6347629069264408,-0.9243468126259784
28,1574316000,14,70,56,84,47,-0.5282930902694499,-1.1173900792327207
28,1574330400,405,2018,1613,2423,47,2.4319480621400995,1.9334761409914047
28,1574344800,355,973,618,1328,47,0.5402075697524941,0.5052168373807089
28,1574359200,895,904,9,1799,47,-0.6176516863922815,1.1195639898927068
28,1574373600,655,602,0,1257,47,-0.6347629069264408,0.41260824326531215
28,1574388000,128,142,14,270,47,-0.6081454527621931,-0.8747816495783013
28,1574402400,15,69,54,84,47,-0.5320955837214854,-1.1173900792327207
28,1574416800,370,1747,1377,2117,47,1.9832538347999236,1.5343461438180048
28,1574431200,393,882,489,1275,47,0.2949467420962116,0.4360864783931592
28,1574445600,844,820,0,1664,47,-0.6347629069264408,0.9434772264338538
28,1574460000,515,494,0,1009,47,-0.6347629069264408,0.08913033705941942
28,1574474400,143,188,45,331,47,-0.5492068042556445,-0.7952165194228196
28,1574488800,12,38,26,50,47,-0.5853304920499808,-1.1617378566964318
28,1574503200,97,333,236,430,47,-0.186068679586265,-0.6660862262196607
28,1574517600,220,554,334,774,47,0.00025349956346901143,-0.21739106599858377
28,1574532000,323,625,302,948,47,-0.060586395669097196,0.009565206903937737
28,1574546400,232,424,192,656,47,-0.26972353553104356,-0.3713039407255811
28,1574560800,107,211,104,318,47,-0.4370332474206006,-0.8121730225707091
28,1574575200,13,44,31,57,47,-0.5758242584198923,-1.1526074319244914
28,1574589600,72,185,113,257,47,-0.41992202688644137,-0.8917381527261908
28,1574604000,161,406,245,567,47,-0.16895745905210574,-0.48739076996882486
28,1574618400,215,459,244,674,47,-0.17085870577812345,-0.34782570559773407
28,1574632800,139,300,161,439,47,-0.32866218403759206,-0.6543471086557373
28,1574647200,61,118,57,179,47,-0.5263918435434323,-0.993477171613528
28,1574659891,2,1,0,3,47,-0.6347629069264408,-1.2230421373080325
28,1574661600,11,71,60,82,47,-0.5206881033653792,-1.1199987720247038
28,1574673713,319,1209,890,1528,47,1.057346679229307,0.7660861165790095
28,1574674013,110,757,647,867,47,0.5953437248070073,-0.096086851171374
28,1574676000,265,1878,1613,2143,47,2.4319480621400995,1.568259150113784
28,1574690400,361,932,571,1293,47,0.4508489736296625,0.45956471352100625
28,1574704800,879,824,0,1703,47,-0.6347629069264408,0.9943467358775224
28,1574719200,605,573,0,1178,47,-0.6347629069264408,0.3095648779819834
28,1574733600,91,105,14,196,48,-0.5535147854080518,-0.7269754312238031
28,1574748000,13,71,58,84,48,-0.4322788283371175,-0.9154902136417626
28,1574762400,361,1911,1550,2272,48,3.678722261431837,2.7672807143090887
28,1574776800,362,922,560,1284,48,0.9509132273358148,1.1043110265506604
28,1574791200,847,857,10,1704,48,-0.564536236050864,1.8112414606180083
28,1574805600,558,479,0,1037,48,-0.5920898626578945,0.6885686046110534
28,1574820000,104,114,10,218,48,-0.564536236050864,-0.6899457418202753
28,1574834400,16,63,47,79,48,-0.46258781760485107,-0.9239060521425644
28,1574847575,44,97,53,141,48,-0.44605564164063277,-0.8195496547326225
28,1574848800,237,1475,1238,1712,48,2.8190491112924843,1.8247068022192912
28,1574863200,331,797,466,1128,48,0.6919091372297279,0.8417368653256455
28,1574877600,731,792,61,1523,48,-0.42401274035500836,1.5065881068889848
28,1574892000,308,319,11,627,48,-0.561780873390161,-0.0015301524546911774
28,1574906400,84,115,31,199,48,-0.5066736201761,-0.7219259281233221
28,1574920800,22,41,19,63,48,-0.5397379721045366,-0.95083673534513
28,1574935200,119,145,26,264,48,-0.5204504334796152,-0.6125200276128991
28,1574949600,119,301,182,420,48,-0.09061385840993899,-0.34994586638788416
28,1574964000,169,310,141,479,48,-0.20358372749876413,-0.25063897207842334
28,1574978400,109,151,42,260,48,-0.47636463090836634,-0.6192526984135406
28,1574992800,52,87,35,139,48,-0.4956521695332877,-0.8229159901329433
28,1575007200,51,46,0,97,48,-0.5920898626578945,-0.893609033539678
28,1575021600,80,512,432,592,48,0.5982268067658242,-0.060441021960303515
28,1575036000,240,494,254,734,48,0.10777225316068079,0.17856879146246654
28,1575050400,404,504,100,908,48,-0.3165535965875893,0.4714399712903679
28,1575064800,212,277,65,489,48,-0.4129912897121961,-0.23380729507681983
28,1575079200,94,119,25,213,48,-0.5232057961403183,-0.6983615803210771
28,1575093600,13,30,17,43,48,-0.5452486974259426,-0.9845000893483371
28,1575108000,72,231,159,303,48,-0.1539871996061092,-0.5468764873066454
28,1575122400,162,415,253,577,48,0.10501689049997774,-0.08568853746270881
28,1575136800,271,558,287,829,48,0.1986992209638815,0.33846972297770006
28,1575151200,203,306,103,509,48,-0.30828750860548015,-0.20014394107361277
28,1575165600,87,136,49,223,48,-0.45707709228344495,-0.6815299033194736
28,1575180000,14,36,22,50,48,-0.5314718841224274,-0.9727179154472146
28,1575194400,66,173,107,239,48,-0.2972660579626679,-0.654599220116908
28,1575208800,144,368,224,512,48,0.02511137333958921,-0.19509443797313172
28,1575223200,191,397,206,588,48,-0.024485154553065734,-0.06717369276094493
28,1575237600,109,285,176,394,48,-0.1071460343741573,-0.39370822659205335
28,1575252000,56,80,24,136,48,-0.5259611588010213,-0.8279654932334243
28,1575266400,10,58,48,68,48,-0.45983245494414804,-0.9424208968443283
28,1575275260,56,339,283,395,48,0.1876777703210693,-0.392025058891893
28,1575280800,394,1920,1526,2314,48,3.612593557574964,2.8379737577158233
28,1575295200,281,822,541,1103,48,0.8985613367824569,0.7996576728216367
28,1575309600,934,733,0,1667,48,-0.5920898626578945,1.7489642557120753
28,1575324000,421,395,0,816,48,-0.5920898626578945,0.31658854287561544
28,1575338400,81,98,17,179,49,-0.57984094884164,-1.0293892836372063
28,1575352800,13,48,35,61,49,-0.5433140129759387,-1.1842382270508527
28,1575367200,410,1963,1553,2373,49,2.537124245031527,1.8497512405114394
28,1575381600,305,916,611,1221,49,0.6255479347264988,0.3380056234561797
28,1575396000,884,853,0,1737,49,-0.61433861049258,1.0151416810955147
28,1575410400,640,558,0,1198,49,-0.61433861049258,0.3078232022823334
28,1575424800,108,107,0,215,49,-0.61433861049258,-0.9821472331042294
28,1575439200,12,64,52,76,49,-0.5088163513249988,-1.164554039328779
28,1575453600,422,1986,1564,2408,49,2.5594462613939,1.8956810118629446
28,1575468000,327,932,605,1259,49,0.6133722894379318,0.3878722323520997
28,1575482400,871,817,0,1688,49,-0.61433861049258,0.9508400012034074
28,1575496800,637,552,0,1189,49,-0.61433861049258,0.29601268964908917
28,1575511200,124,127,3,251,49,-0.6082507878482964,-0.9349051825712525
28,1575525600,16,62,46,78,49,-0.5209919966135659,-1.1619294809658358
28,1575540000,422,2035,1613,2457,49,2.6588806979171977,1.959982691755052
28,1575554400,326,1093,767,1419,49,0.9421147122292424,0.5978369013875525
28,1575568800,918,818,0,1736,49,-0.61433861049258,1.0138294019140432
28,1575583200,609,625,16,1234,49,-0.5818702230564011,0.35506525281531026
28,1575597600,102,174,72,276,49,-0.46823086702977523,-0.9020982030344631
28,1575612000,17,48,31,65,49,-0.5514311098349834,-1.1789891103249663
28,1575626400,405,1855,1450,2260,49,2.328109000911126,1.7014636930051508
28,1575640800,359,965,606,1324,49,0.6154015636526929,0.4731703791477524
28,1575655200,895,847,0,1742,49,-0.61433861049258,1.0217030770028728
28,1575669600,516,608,92,1124,49,-0.4276453827345517,0.2107145428534365
28,1575684000,184,174,0,358,49,-0.61433861049258,-0.7944913101537935
28,1575698400,18,28,10,46,49,-0.5940458683449682,-1.2039224147729264
28,1575712800,96,279,183,375,49,-0.24298142919128468,-0.7721825640687766
28,1575727200,244,574,330,818,49,0.05532188037860826,-0.19084288667686689
28,1575741600,393,639,246,1032,49,-0.11513715366133057,0.08998485815805116
28,1575756000,251,386,135,637,49,-0.34038659149982115,-0.4283654185232228
28,1575770400,139,173,34,312,49,-0.5453432871906999,-0.8548561525014862
28,1575784800,14,27,13,41,49,-0.5879580457006847,-1.2104838106802842
28,1575799200,77,177,100,254,49,-0.41141118901646234,-0.9309683450268378
28,1575813600,264,429,165,693,49,-0.27950836505698584,-0.35487778436081435
28,1575828000,310,530,220,840,49,-0.16789828324512115,-0.16197274468449213
28,1575842400,192,296,104,488,49,-0.4032940921574176,-0.6238950165624881
28,1575856800,86,107,21,193,49,-0.5717238519825952,-1.011017375096604
28,1575871200,12,52,40,64,49,-0.533167641902133,-1.180301389506438
28,1575885600,398,1882,1484,2280,49,2.397104324213006,1.7277092766345823
28,1575900000,428,925,497,1353,49,0.39421067424372475,0.5112264754104282
28,1575914400,1136,783,0,1919,49,-0.61433861049258,1.2539764921233423
28,1575928800,686,505,0,1191,49,-0.61433861049258,0.29863724801203234
28,1575943200,114,74,0,188,50,-0.5863383422993762,-0.9760559656230376
28,1575957600,23,49,26,72,50,-0.5309267049310578,-1.1288774029246875
28,1575972000,424,1976,1552,2400,50,2.721310165224859,1.9380907525773894
28,1575986400,395,1012,617,1407,50,0.7286224367872561,0.629886552227921
28,1576000800,1169,774,0,1943,50,-0.5863383422993762,1.3360269866562342
28,1576015200,660,466,0,1126,50,-0.5863383422993762,0.2596897946265105
28,1576029600,116,137,21,253,50,-0.5415827890403498,-0.8904232636867683
28,1576044000,18,62,44,80,50,-0.4925648021376066,-1.1183379934556081
28,1576058400,418,1824,1406,2242,50,2.4101525092335327,1.7299374155630731
28,1576072800,327,1068,741,1395,50,0.9928933226976976,0.614077438024302
28,1576087200,787,905,118,1692,50,-0.3348547573200851,1.0053530145638712
28,1576101600,831,699,0,1530,50,-0.5863383422993762,0.7919299728150152
28,1576116000,127,142,15,269,50,-0.5543700899715002,-0.8693444447486097
28,1576130400,16,55,39,71,50,-0.5032208862468986,-1.1301948291083224
28,1576144800,415,1817,1402,2232,50,2.4016276419460993,1.716763153726724
28,1576159200,349,1037,688,1386,50,0.8799388311392025,0.6022206023715878
28,1576173600,896,913,17,1809,50,-0.5501076563277834,1.1594918780491559
28,1576188000,620,554,0,1174,50,-0.5863383422993762,0.3229262514409863
28,1576202400,127,167,40,294,50,-0.5010896694250402,-0.8364087901577368
28,1576216800,74,118,44,192,50,-0.4925648021376066,-0.970786260888498
28,1576231200,403,1745,1342,2148,50,2.273754632634595,1.6060993543013915
28,1576245600,415,1002,587,1417,50,0.6646859321315041,0.6430608140642701
28,1576260000,858,886,28,1744,50,-0.5266642712873411,1.0738591761128866
28,1576274400,474,568,94,1042,50,-0.38600396104468665,0.14902599520117782
28,1576288800,151,181,30,332,50,-0.5224018376436242,-0.7863465951796101
28,1576303200,14,27,13,41,50,-0.558632523615217,-1.1697176146173698
28,1576317600,75,198,123,273,50,-0.3241986732107931,-0.86407474001407
28,1576332000,215,364,149,579,50,-0.2687870358424747,-0.46094232782178673
28,1576346400,314,396,82,710,50,-0.41157856290698747,-0.2883594977656132
28,1576360800,235,303,68,538,50,-0.44141559841300504,-0.5149568013508182
28,1576375200,128,148,20,276,50,-0.5437140058622082,-0.8601224614631653
28,1576389600,16,27,11,43,50,-0.5628949572589338,-1.1670827622500999
28,1576404000,60,148,88,208,50,-0.3987912619758371,-0.9497074419503394
28,1576418400,199,335,136,534,50,-0.2964928545266339,-0.5202265060853578
28,1576432800,294,292,0,586,50,-0.5863383422993762,-0.45172034453634236
28,1576447200,179,215,36,394,50,-0.5096145367124738,-0.7046661717942456
28,1576461600,56,73,17,129,50,-0.5501076563277834,-1.0537841104574974
28,1576476000,16,59,43,75,50,-0.494696018959465,-1.1249251243737828
28,1576490400,430,1925,1495,2355,50,2.59983080637893,1.8788065743138185
28,1576504800,345,768,423,1113,50,0.31516637334672665,0.24256325423925662
28,1576519200,840,780,0,1620,50,-0.5863383422993762,0.9104983293421574
28,1576533600,561,540,0,1101,50,-0.5863383422993762,0.22675414003563768
28,1576548000,102,111,9,213,51,-0.5629314514262405,-0.9268320112264142
28,1576562400,15,53,38,68,51,-0.4963699032428446,-1.1408136227348251
28,1576576800,413,1840,1427,2253,51,2.691698732161875,2.0836679024091596
28,1576591200,325,881,556,1206,51,0.6925570608605713,0.5385730937932549
28,1576605600,893,813,0,1706,51,-0.5835884836210874,1.2764407196843268
28,1576620000,571,492,0,1063,51,-0.5835884836210874,0.3275429527884083
28,1576634400,123,114,0,237,51,-0.5835884836210874,-0.8914143651836427
28,1576648800,16,55,39,71,51,-0.4940746774434171,-1.1363864169794786
28,1576663200,385,1889,1504,2274,51,2.8684311187177878,2.114658342696585
28,1576677600,345,953,608,1298,51,0.8119088024307984,0.6743407369572122
28,1576692000,869,797,0,1666,51,-0.5835884836210874,1.2174113096130412
28,1576706400,855,542,0,1397,51,-0.5835884836210874,0.8204385268836444
28,1576720800,126,108,0,234,51,-0.5835884836210874,-0.8958415709389892
28,1576735200,14,48,34,62,51,-0.5055508064405543,-1.149668034245518
28,1576749600,359,1761,1402,2120,51,2.6343180871761884,1.8873951139221345
28,1576764000,353,900,547,1253,51,0.6719000286657243,0.6079326506270156
28,1576778400,819,768,0,1587,51,-0.5835884836210874,1.1008282247222518
28,1576792800,566,554,0,1120,51,-0.5835884836210874,0.4116598621399905
28,1576807200,137,133,0,270,51,-0.5835884836210874,-0.842715101874832
28,1576821600,23,49,26,72,51,-0.5239126128359739,-1.1349106817276966
28,1576836000,314,1589,1275,1903,51,2.342824410648903,1.5671605642854094
28,1576850400,342,853,511,1195,51,0.5892718998863363,0.5223400060236513
28,1576864800,793,800,7,1593,51,-0.5675219030250953,1.1096826362329446
28,1576879200,420,396,0,816,51,-0.5835884836210874,-0.03696365440178131
28,1576893600,116,112,0,228,51,-0.5835884836210874,-0.9046959824496821
28,1576908000,18,27,9,45,51,-0.5629314514262405,-1.1747555335258144
28,1576922400,75,183,108,258,51,-0.3357040972829235,-0.8604239248962177
28,1576936800,209,426,217,635,51,-0.08552448514533212,-0.30407173497434936
28,1576951200,326,456,130,782,51,-0.28520912969551976,-0.0871386529623742
28,1576965600,232,312,80,544,51,-0.3999704196668919,-0.4383636428865245
28,1576980000,106,121,15,227,51,-0.5491600966296758,-0.9061717177014642
28,1576994400,22,24,2,46,51,-0.5789980320222325,-1.1732797982740322
28,1577008800,69,133,64,202,51,-0.43669403245773103,-0.9430650989960178
28,1577023200,174,376,202,550,51,-0.11995287213674379,-0.42950923137583163
28,1577037600,305,466,161,771,51,-0.21405712991326897,-0.10337174073197779
28,1577052000,194,282,88,476,51,-0.3816086132714724,-0.5387136400077103
28,1577066400,71,88,17,159,51,-0.5445696450308208,-1.00652171482265
28,1577080800,14,55,41,69,51,-0.48948422584456225,-1.1393378874830429
28,1577095200,186,1263,1077,1449,51,1.8883697023622694,0.8971767599763159
28,1577109600,302,783,481,1085,51,0.520415125903513,0.36000912832761545
28,1577124000,721,725,4,1446,51,-0.5744075804233777,0.8927495542209695
28,1577138400,363,312,0,675,51,-0.5835884836210874,-0.24504232490306363
28,1577152800,86,78,0,164,52,-0.7056851922530359,-0.9177555962912761
28,1577167200,12,40,28,52,52,-0.5972919467229696,-1.1861624119621443
28,1577181600,107,804,697,911,52,1.9925323839775437,0.8724220046563897
28,1577196000,289,574,285,863,52,0.3976031997494249,0.7573905122260176
28,1577210400,459,475,16,934,52,-0.6437461948072838,0.9275412614459431
28,1577224800,181,180,0,361,52,-0.7056851922530359,-0.44564717944162396
28,1577239200,73,72,0,145,52,-0.7056851922530359,-0.9632888953782984
28,1577253600,5,33,28,38,52,-0.5972919467229696,-1.2197132639210029
28,1577268000,64,113,49,177,52,-0.5159970125754199,-0.8866012337580503
28,1577282400,148,280,132,428,52,-0.1946884633255804,-0.2850823879242296
28,1577296800,233,288,55,521,52,-0.4927698885332628,-0.062208871340383616
28,1577311200,134,162,28,296,52,-0.5972919467229696,-0.6014189921077528
28,1577325600,47,93,46,140,52,-0.5276105745964984,-0.9752713425064622
28,1577340000,7,53,46,60,52,-0.5276105745964984,-1.1669904965570823
28,1577354400,98,877,779,975,52,2.309969745887024,1.025797327896886
28,1577368800,206,612,406,818,52,0.8660168679329258,0.6495484880725438
28,1577383200,509,618,109,1127,52,-0.2837257721538492,1.3900637205930642
28,1577397600,262,327,65,589,52,-0.4540580151296677,0.10075240960264353
28,1577412000,75,104,29,179,52,-0.5934207593826101,-0.8818082549067848
28,1577426400,10,47,37,57,52,-0.562451260659734,-1.1741799648339806
28,1577440800,135,1004,869,1139,52,2.6583766065193797,1.4188215937006572
28,1577455200,301,789,488,1090,52,1.1834542298424058,1.3013936118446523
28,1577469600,629,754,125,1383,52,-0.221786774708097,2.0035650135550487
28,1577484000,311,369,58,680,52,-0.48115632651218426,0.318832947335224
