remote_unit_id,time_stamp,entries,exits,num_people_exited,sum_exit_entry,week_num,z_score_num_people_exited,z_score_sum_exit_entry
260,1546311600,86,209,123,295,1,0.3778100701958427,-1.0265422607404837
260,1546326000,90,104,14,194,1,-0.7752662640418694,-1.2049652825409072
260,1546340400,288,135,0,423,1,-0.9233678115586397,-0.8004219954884622
260,1546354800,326,254,0,580,1,-0.9233678115586397,-0.5230713576402792
260,1546369200,410,465,55,875,1,-0.3415403034570419,-0.001934808817260564
260,1546383600,217,404,187,621,1,1.0548457159867928,-0.4506422101767411
260,1546398000,50,138,88,188,1,0.00755620140391679,-1.2155646699745957
260,1546412400,297,74,0,371,1,-0.9233678115586397,-0.892283353247096
260,1546426800,1001,527,0,1528,1,-0.9233678115586397,1.1516318568825064
260,1546441200,568,492,0,1060,1,-0.9233678115586397,0.32487963705480205
260,1546455600,848,1038,190,1886,1,1.0865817618832436,1.7840619737592545
260,1546470000,290,501,211,791,1,1.3087340831583991,-0.1503262328888998
260,1546484400,60,196,136,256,1,0.5153329357471295,-1.0954382790594592
260,1546498800,358,90,0,448,1,-0.9233678115586397,-0.7562578811814267
260,1546513200,1185,559,0,1744,1,-0.9233678115586397,1.5332098044952929
260,1546527600,665,529,0,1194,1,-0.9233678115586397,0.5615992897405122
260,1546542000,882,1086,204,1968,1,1.234683309400014,1.928920268686331
260,1546556400,356,521,165,877,1,0.8221147127461537,0.0015983203273022748
260,1546570800,60,217,157,277,1,0.737485257022285,-1.0583404230415494
260,1546585200,350,261,0,611,1,-0.9233678115586397,-0.46830785589955526
260,1546599600,1143,547,0,1690,1,-0.9233678115586397,1.4378153175920962
260,1546614000,684,596,0,1280,1,-0.9233678115586397,0.7135238429567143
260,1546628400,825,1031,206,1856,1,1.2558406733309813,1.7310650365908118
260,1546642800,345,518,173,863,1,0.9067441684700225,-0.023133583684637596
260,1546657200,53,243,190,296,1,1.0865817618832436,-1.0247756961682024
260,1546671600,160,89,0,249,1,-0.9233678115586397,-1.107804231065429
260,1546686000,504,258,0,762,1,-0.9233678115586397,-0.20155660548506096
260,1546700400,510,455,0,965,1,-0.9233678115586397,0.1570560026880672
260,1546714800,486,702,216,1188,1,1.3616274929858172,0.5509999023068237
260,1546729200,294,515,221,809,1,1.4145209028132353,-0.11852807058783424
260,1546743600,71,245,174,316,1,0.9173228504355061,-0.989444404722574
260,1546758000,115,65,0,180,1,-0.9233678115586397,-1.229697186552847
260,1546772400,415,201,0,616,1,-0.9233678115586397,-0.4594750330381482
260,1546786800,509,457,0,966,1,-0.9233678115586397,0.1588225672603486
260,1546801200,512,632,120,1144,1,0.3460740242993919,0.47327106112644124
260,1546815600,248,427,179,675,1,0.9702162602629241,-0.3552477232735444
260,1546830000,54,171,117,225,1,0.3143379784029411,-1.1502017808001832
260,1546844400,347,111,0,458,1,-0.9233678115586397,-0.7385922354586124
260,1546858800,1198,642,0,1840,1,-0.9233678115586397,1.7028000034343092
260,1546873200,635,568,0,1203,1,-0.9233678115586397,0.577498370891045
260,1546887600,956,1253,297,2209,1,2.2185007321899888,2.354662330606153
260,1546902000,288,531,243,819,1,1.6472519060538744,-0.10086242486502005
260,1546916400,58,200,142,258,2,0.3387451417225015,-1.1541035462529308
260,1546930800,322,121,0,443,2,-0.8790222032039595,-0.86506617141376
260,1546945200,1270,617,0,1887,2,-0.8790222032039595,1.3909877165200917
260,1546959600,625,549,0,1174,2,-0.8790222032039595,0.27702205024804444
260,1546974000,889,1273,384,2162,2,2.414095123921118,1.8206378683080482
260,1546988400,315,636,321,951,2,1.87381806243966,-0.07138516374728032
260,1547002800,53,198,145,251,2,0.3644726208406661,-1.1650400955711697
260,1547017200,329,101,0,430,2,-0.8790222032039595,-0.885376905861918
260,1547031600,1246,612,0,1858,2,-0.8790222032039595,1.3456791550588163
260,1547046000,705,583,0,1288,2,-0.8790222032039595,0.45513156771650637
260,1547060400,873,1158,285,2031,2,1.565088313021684,1.615968159638149
260,1547074800,331,628,297,959,2,1.6679982294943427,-0.05888625024072159
260,1547089200,69,221,152,290,2,0.42450340544971704,-1.1041078922266958
260,1547103600,358,88,0,446,2,-0.8790222032039595,-0.8603790788488005
260,1547118000,1253,657,0,1910,2,-0.8790222032039595,1.426922092851448
260,1547132400,655,554,0,1209,2,-0.8790222032039595,0.33170479683923887
260,1547146800,912,1137,225,2049,2,1.0505387306583907,1.644090715027906
260,1547161200,305,538,233,843,2,1.119145341640163,-0.24012049608582325
260,1547175600,56,227,171,283,2,0.5874441065314266,-1.1150444415449348
260,1547190000,334,94,0,428,2,-0.8790222032039595,-0.8885016342385577
260,1547204400,1218,577,0,1795,2,-0.8790222032039595,1.2472502111946662
260,1547218800,699,568,0,1267,2,-0.8790222032039595,0.42232191976178973
260,1547233200,912,1247,335,2159,2,1.9938796316577618,1.8159507757430886
260,1547247600,356,554,198,910,2,0.8189914185949086,-0.13544209546839384
260,1547262000,73,228,155,301,2,0.4502308845678817,-1.0869218861551775
260,1547276400,136,77,0,213,2,-0.8790222032039595,-1.2244099347273236
260,1547290800,522,270,0,792,2,-0.8790222032039595,-0.31980106969013516
260,1547305200,591,551,0,1142,2,-0.8790222032039595,0.22702639622180948
260,1547319600,592,738,146,1330,2,0.3730484472133877,0.5207508636259398
260,1547334000,324,454,130,778,2,0.2358352252498428,-0.34167416832661296
260,1547348400,79,259,180,338,2,0.6646265438859206,-1.0291144111873434
260,1547362800,99,63,0,162,2,-0.8790222032039595,-1.3040905083316356
260,1547377200,422,200,0,622,2,-0.8790222032039595,-0.5854029817045083
260,1547391600,493,359,0,852,2,-0.8790222032039595,-0.22605921839094467
260,1547406000,461,568,107,1029,2,0.038591218677247005,0.05047924294166734
260,1547420400,223,367,144,590,2,0.3558967944679446,-0.6353986357307433
260,1547434800,59,151,92,210,2,-0.09004617691357635,-1.2290970272922832
260,1547449200,320,81,0,401,2,-0.8790222032039595,-0.9306854673231933
260,1547463600,1163,677,0,1840,2,-0.8790222032039595,1.317556599669059
260,1547478000,619,496,0,1115,2,-0.8790222032039595,0.18484256313717373
260,1547492400,924,1150,226,2074,2,1.0591145570311122,1.683149819735902
260,1547506800,277,514,237,791,2,1.1534486471310492,-0.321363433878455
260,1547521200,52,188,136,240,3,0.5034883046962018,-1.11268823146377
260,1547535600,343,107,0,450,3,-0.8508813392152003,-0.7531657521236677
260,1547550000,1256,654,0,1910,3,-0.8508813392152003,1.7463714851932353
260,1547564400,661,578,0,1239,3,-0.8508813392152003,0.5976115631112888
260,1547578800,951,1224,273,2175,3,1.8678165489304817,2.200054613884317
260,1547593200,357,592,235,949,3,1.4893897366611193,0.1011281392606711
260,1547607600,53,235,182,288,3,0.9615839195485878,-1.030511664757461
260,1547622000,347,95,0,442,3,-0.8508813392152003,-0.7668618465747191
260,1547627059,622,324,0,946,3,-0.8508813392152003,0.09599210384152677
260,1547636400,639,376,0,1015,3,-0.8508813392152003,0.21412091848184617
260,1547650800,685,545,0,1230,3,-0.8508813392152003,0.5822034568538558
260,1547665200,909,1053,144,1962,3,0.5831571072792254,1.8353960991250702
260,1547679600,282,591,309,873,3,2.226326160554088,-0.028984758024318366
260,1547694000,67,214,147,281,3,0.6130329082478593,-1.042495747402131
260,1547708400,348,100,0,448,3,-0.8508813392152003,-0.7565897757364305
260,1547722800,1280,695,0,1975,3,-0.8508813392152003,1.8576522526080288
260,1547737200,659,536,0,1195,3,-0.8508813392152003,0.5222830436305054
260,1547751600,919,1241,322,2160,3,2.3557879647515017,2.1743744367885953
260,1547766000,332,562,230,894,3,1.4395967350467296,0.006967489909691881
260,1547780400,64,217,153,281,3,0.6727845101851271,-1.042495747402131
260,1547794800,339,114,0,453,3,-0.8508813392152003,-0.7480297167045232
260,1547809200,1204,674,0,1878,3,-0.8508813392152003,1.6915871073890292
260,1547823600,656,507,0,1163,3,-0.8508813392152003,0.46749866582629934
260,1547838000,816,1089,273,1905,3,1.8678165489304817,1.737811426161328
260,1547852400,356,540,184,896,3,0.9815011201943438,0.010391513522454762
260,1547866800,70,243,173,313,3,0.8719565166426861,-0.9877113695979249
260,1547881200,144,66,0,210,3,-0.8508813392152003,-1.1640485856552132
260,1547895600,556,358,0,914,3,-0.8508813392152003,0.04120772603732069
260,1547910000,564,519,0,1083,3,-0.8508813392152003,0.33053772131578407
260,1547924400,560,648,88,1208,3,0.0254754891980599,0.5445391971134641
260,1547938800,290,391,101,681,3,0.15493729339547332,-0.3576910248495549
260,1547953200,54,196,142,250,3,0.5632399066334696,-1.0955681133999557
260,1547967600,107,63,0,170,3,-0.8508813392152003,-1.2325290579104708
260,1547982000,360,153,0,513,3,-0.8508813392152003,-0.6453090083216368
260,1547996400,424,325,0,749,3,-0.8508813392152003,-0.24127422201561696
260,1548010800,409,484,75,893,3,-0.10398631499935354,0.005255478103310441
260,1548025200,159,320,161,479,3,0.7524533127681508,-0.7035174097386059
260,1548039600,51,164,113,215,3,0.2744404972700088,-1.1554885266233061
260,1548054000,195,56,0,251,3,-0.8508813392152003,-1.0938561015935742
260,1548068400,565,290,0,855,3,-0.8508813392152003,-0.05980097053918429
260,1548082800,427,343,0,770,3,-0.8508813392152003,-0.2053219740816067
260,1548097200,444,546,102,990,3,0.16489589371835128,0.17132062332231016
260,1548111600,172,303,131,475,3,0.45369530308181205,-0.7103654569641316
260,1548126000,51,137,86,188,4,-0.02394150730496948,-1.3198176049009058
260,1548140400,312,97,0,409,4,-0.9154541298364102,-0.9444369703462802
260,1548154800,1103,562,0,1665,4,-0.9154541298364102,1.1889479934573841
260,1548169200,623,541,0,1164,4,-0.9154541298364102,0.33797198480640017
260,1548183600,849,1025,176,1874,4,0.9090368186000265,1.5439459691221658
260,1548198000,327,615,288,942,4,2.0700765130595773,-0.03910720465571244
260,1548212400,67,210,143,277,4,0.5669447657681946,-1.1686462181345634
260,1548226800,340,105,0,445,4,-0.9154541298364102,-0.8832889936767484
260,1548241200,1201,615,0,1816,4,-0.9154541298364102,1.4454297844879203
260,1548255600,684,537,0,1221,4,-0.9154541298364102,0.43478961453315884
260,1548270000,868,1034,166,1902,4,0.8053725601661381,1.5915055065318016
260,1548284400,294,559,265,853,4,1.831648718661634,-0.1902785914220549
260,1548298800,71,233,162,304,4,0.7639068567925827,-1.1227852356324146
260,1548313200,331,102,0,433,4,-0.9154541298364102,-0.9036716525665923
260,1548327600,1089,551,0,1640,4,-0.9154541298364102,1.1464841207702092
260,1548342000,599,525,0,1124,4,-0.9154541298364102,0.27002978850692044
260,1548356400,800,992,192,1792,4,1.074899632094248,1.4046644667082324
260,1548370800,335,530,195,865,4,1.1059989096244145,-0.16989593253221097
260,1548385200,55,220,165,275,4,0.7950061343227492,-1.1720433279495373
260,1548399600,358,118,0,476,4,-0.9154541298364102,-0.8306337915446516
260,1548414000,1121,576,0,1697,4,-0.9154541298364102,1.243301750496968
260,1548428400,747,670,0,1417,4,-0.9154541298364102,0.7677063764006097
260,1548442800,872,1141,269,2013,4,1.8731144220351892,1.7800451012628578
260,1548457200,378,538,160,916,4,0.743174005105805,-0.08326963225037429
260,1548471600,71,261,190,332,4,1.0541667804074704,-1.0752256982227788
260,1548486000,147,71,0,218,4,-0.9154541298364102,-1.268860957676296
260,1548500400,552,304,0,856,4,-0.9154541298364102,-0.1851829266995939
260,1548514800,601,494,0,1095,4,-0.9154541298364102,0.2207716961897976
260,1548529200,588,710,122,1298,4,0.3492498230570289,0.5655783424096573
260,1548543600,319,413,94,732,4,0.05898989944214127,-0.3958037352279812
260,1548558000,68,241,173,309,4,0.87793754106986,-1.1142924610949796
260,1548572400,78,60,0,138,4,-0.9154541298364102,-1.4047453502752556
260,1548586800,432,203,0,635,4,-0.9154541298364102,-0.5605635612542196
260,1548601200,515,396,0,911,4,-0.9154541298364102,-0.09176240678780925
260,1548615600,463,610,147,1073,4,0.60841046914175,0.18340348822508376
260,1548630000,201,396,195,597,4,1.1059989096244145,-0.6251086477387253
260,1548644400,66,161,95,227,4,0.06935632528553012,-1.2535739635089131
260,1548658800,329,103,0,432,4,-0.9154541298364102,-0.9053702074740793
260,1548673200,1140,660,0,1800,4,-0.9154541298364102,1.4182529059681284
260,1548687600,703,549,0,1252,4,-0.9154541298364102,0.48744481666525563
260,1548702000,958,1130,172,2088,4,0.8675711152264711,1.9074367193243824
260,1548716400,288,542,254,830,4,1.7176180343843566,-0.22934535429425576
260,1548730800,51,187,136,238,5,0.4137295679467611,-1.2148236475547278
260,1548745200,370,106,0,476,5,-0.9098252633046099,-0.8356696685737895
260,1548759600,923,771,0,1694,5,-0.9098252633046099,1.1047065767992474
260,1548774000,672,594,0,1266,5,-0.9098252633046099,0.4228666482116778
260,1548788400,964,1284,320,2248,5,2.2044213984633214,1.9872750824943726
260,1548802800,360,542,182,902,5,0.8614025255759012,-0.157015907876816
260,1548817200,62,206,144,268,5,0.4915857344909593,-1.167031129195786
260,1548831600,335,93,0,428,5,-0.9098252633046099,-0.9121376979480964
260,1548846000,1252,600,0,1852,5,-0.9098252633046099,1.3564138401563408
260,1548860400,687,512,0,1199,5,-0.9098252633046099,0.31613002387670774
260,1548874800,870,1121,251,1991,5,1.5329119620196112,1.5778525085527713
260,1548889200,266,463,197,729,5,1.007382837846273,-0.43261943041338036
260,1548903600,42,182,140,224,5,0.4526576512188602,-1.2371268227889005
260,1548918000,299,87,0,386,5,-0.9098252633046099,-0.9790472236506149
260,1548932400,1043,494,0,1537,5,-0.9098252633046099,0.854592397387452
260,1548946800,586,439,0,1025,5,-0.9098252633046099,0.038933417394845356
260,1548961200,802,952,150,1754,5,0.549977859399108,1.2002916135171309
260,1548975600,287,477,190,764,5,0.9392586921200995,-0.37686149232794824
260,1548990000,61,214,153,275,5,0.5791739218531824,-1.1558795415786995
260,1549004400,292,105,0,397,5,-0.9098252633046099,-0.9615233002523362
260,1549018800,1064,738,0,1802,5,-0.9098252633046099,1.2767596428914378
260,1549033200,657,559,0,1216,5,-0.9098252633046099,0.34321245094677477
260,1549047600,878,1127,249,2005,5,1.5134479203835618,1.600155683786944
260,1549062000,318,526,208,844,5,1.1144350668445457,-0.24941477670410347
260,1549076400,60,248,188,308,5,0.91979465048405,-1.1033077713838635
260,1549090800,141,53,0,194,5,-0.9098252633046099,-1.2849193411478423
260,1549105200,601,349,0,950,5,-0.9098252633046099,-0.08054787850250913
260,1549119600,602,521,0,1123,5,-0.9098252633046099,0.19505564403405523
260,1549134000,604,706,102,1310,5,0.08284086013391834,0.4929623418047924
260,1549148400,323,436,113,759,5,0.18989308913219097,-0.3848269120544386
260,1549162800,82,271,189,353,5,0.9295266713020747,-1.0316189938454507
260,1549177200,96,57,0,153,5,-0.9098252633046099,-1.3502357829050629
260,1549206000,983,630,0,1613,5,-0.9098252633046099,0.9756667772301045
260,1549220400,531,628,97,1159,5,0.0341807560437944,0.2524066660647854
260,1549234800,240,386,146,626,5,0.511049776127009,-0.5967070767790805
260,1549249200,67,175,108,242,5,0.14123298504206705,-1.2084513117735356
260,1549263600,311,95,0,406,5,-0.9098252633046099,-0.9471855447446537
260,1549278000,1264,624,0,1888,5,-0.9098252633046099,1.413764862187071
260,1549292400,701,626,0,1327,5,-0.9098252633046099,0.5200447688748594
260,1549306800,936,1155,219,2091,5,1.2214872958428182,1.7371609030825772
260,1549321200,325,676,351,1001,5,2.50611404382209,0.0006994027076919195
260,1549335600,60,212,152,272,6,0.4469802210432892,-1.1905500113577385
260,1549350000,344,83,0,427,6,-0.8990205955323514,-0.9481429624746535
260,1549364400,1154,549,0,1703,6,-0.8990205955323514,1.0474144205886786
260,1549378800,690,604,0,1294,6,-0.8990205955323514,0.40777259482621553
260,1549393200,848,1114,266,1962,6,1.4564808334750197,1.4524687796900915
260,1549407600,366,664,298,1030,6,1.7398494264383124,-0.0051013464972324415
260,1549422000,65,215,150,280,6,0.4292696839830834,-1.1780386798024824
260,1549436400,352,108,0,460,6,-0.8990205955323514,-0.8965337198092225
260,1549450800,1319,619,0,1938,6,-0.8990205955323514,1.4149347850243235
260,1549465200,666,628,0,1294,6,-0.8990205955323514,0.40777259482621553
260,1549479600,931,1127,196,2058,6,0.8366120363678167,1.6026047583531635
260,1549494000,329,618,289,947,6,1.6601520096673863,-0.13490641138301343
260,1549508400,68,210,142,278,6,0.3584275357422602,-1.1811665126912965
260,1549522800,355,100,0,455,6,-0.8990205955323514,-0.9043533020312574
260,1549537200,1382,669,0,2051,6,-0.8990205955323514,1.5916573432423144
260,1549551600,748,600,0,1348,6,-0.8990205955323514,0.49222408282419355
260,1549566000,936,1207,271,2143,6,1.500757176125534,1.7355376561277585
260,1549580400,365,636,271,1001,6,1.500757176125534,-0.05045492338503544
260,1549594800,69,220,151,289,6,0.4381249525131863,-1.1639634318028194
260,1549609200,326,98,0,424,6,-0.8990205955323514,-0.9528347118078744
260,1549623600,1228,678,0,1906,6,-0.8990205955323514,1.3648894588032996
260,1549638000,708,676,0,1384,6,-0.8990205955323514,0.5485250748228455
260,1549652400,864,1161,297,2025,6,1.7309941579082095,1.5509955156877326
260,1549666800,352,579,227,931,6,1.1111253608010065,-0.15992907449352545
260,1549681200,77,258,181,335,6,0.7037830084162733,-1.0920232753600974
260,1549695600,170,74,0,244,6,-0.8990205955323514,-1.2343396718011344
260,1549710000,596,322,0,918,6,-0.8990205955323514,-0.18025998827081643
260,1549724400,618,516,0,1134,6,-0.8990205955323514,0.15754596372109556
260,1549738800,582,714,132,1296,6,0.2698748504412312,0.41090042771502955
260,1549753200,288,491,203,779,6,0.898598916078537,-0.3976443740433894
260,1549767600,71,254,183,325,6,0.721493545476479,-1.1076624398041675
260,1549782000,97,63,0,160,6,-0.8990205955323514,-1.3657086531313225
260,1549796400,442,211,0,653,6,-0.8990205955323514,-0.5946978460386715
260,1549810800,517,455,0,972,6,-0.8990205955323514,-0.09580850027283844
260,1549825200,545,562,17,1107,6,-0.7484810305206021,0.11532021972210656
260,1549839600,215,425,210,640,6,0.9605857957892573,-0.6150287598159624
260,1549854000,51,180,129,231,6,0.24330904485092253,-1.2546705855784255
260,1549868400,356,100,0,456,6,-0.8990205955323514,-0.9027893855868504
260,1549882800,1222,745,0,1967,6,-0.8990205955323514,1.4602883619121265
260,1549897200,685,572,0,1257,6,-0.8990205955323514,0.34990768638315656
260,1549911600,947,1170,223,2117,6,1.075704286680595,1.6948758285731764
260,1549926000,315,591,276,906,6,1.5450335187760487,-0.19902698560370044
260,1549940400,58,200,142,258,7,0.4326774615413444,-1.1838967682637538
260,1549954800,371,88,0,459,7,-0.8865906267166199,-0.8588737920789534
260,1549969200,1179,584,0,1763,7,-0.8865906267166199,1.2497329787915918
260,1549983600,592,494,0,1086,7,-0.8865906267166199,0.155003850049752
260,1549998000,791,953,162,1744,7,0.6184898683382408,1.2190094138786007
260,1550012400,299,491,192,790,7,0.8972084785335853,-0.32363695070000364
260,1550026800,61,176,115,237,7,0.1818307123655343,-1.2178543926412702
260,1550041200,350,100,0,450,7,-0.8865906267166199,-0.8734270596693176
260,1550055600,1295,688,0,1983,7,-0.8865906267166199,1.6054795198893832
260,1550070000,680,619,0,1299,7,-0.8865906267166199,0.49943118302170453
260,1550084400,955,1228,273,2183,7,1.6497487260610155,1.9288854663419208
260,1550098800,369,685,316,1054,7,2.0492454006743426,0.10325889861734598
260,1550113200,60,206,146,266,7,0.4698399429007237,-1.170960530405652
260,1550127600,343,105,0,448,7,-0.8865906267166199,-0.8766611191338429
260,1550142000,1349,655,0,2004,7,-0.8865906267166199,1.6394371442668996
260,1550156400,718,627,0,1345,7,-0.8865906267166199,0.5738145507057882
260,1550170800,977,1281,304,2258,7,1.9377579565962049,2.0501626962616224
260,1550185200,373,646,273,1019,7,1.6497487260610155,0.04666285798815191
260,1550199600,62,210,148,272,7,0.4884211835804133,-1.161258352012076
260,1550214000,339,104,0,443,7,-0.8865906267166199,-0.8847462677951564
260,1550228400,1337,659,0,1996,7,-0.8865906267166199,1.626500906408798
260,1550242800,668,595,0,1263,7,-0.8865906267166199,0.4412181126602478
260,1550257200,905,1245,340,2150,7,2.2722202888306184,1.875523485177252
260,1550271600,364,591,227,955,7,1.222380190428154,-0.05682704487666013
260,1550286000,87,283,196,370,7,0.9343709598929646,-1.0027894382503326
260,1550300400,168,77,0,245,7,-0.8865906267166199,-1.2049181547831687
260,1550314800,610,322,0,932,7,-0.8865906267166199,-0.09401872871870195
260,1550329200,635,561,0,1196,7,-0.8865906267166199,0.3328771205986477
260,1550343600,601,704,103,1305,7,0.07034326828739647,0.5091333614152806
260,1550358000,364,504,140,868,7,0.41409622086165476,-0.19750863158351398
260,1550372400,76,274,198,350,7,0.9529522005726543,-1.0351300328955864
260,1550386800,120,63,0,183,7,-0.8865906267166199,-1.3051739981834554
260,1550401200,421,213,0,634,7,-0.8865906267166199,-0.575893588932983
260,1550415600,518,400,0,918,7,-0.8865906267166199,-0.11665714497037959
260,1550430000,517,651,134,1168,7,0.35835249882258585,0.2876002880952924
260,1550444400,235,409,174,644,7,0.7299773124163786,-0.559723291610356
260,1550458800,72,211,139,283,7,0.40480560052180997,-1.1434710249571864
260,1550473200,196,62,0,258,7,-0.8865906267166199,-1.1838967682637538
260,1550487600,726,360,0,1086,7,-0.8865906267166199,0.155003850049752
260,1550502000,631,516,0,1147,7,-0.8865906267166199,0.253642663717776
260,1550516400,707,802,95,1509,7,-0.003981694431362084,0.839007426796869
260,1550530800,287,478,191,765,7,0.8879178581937405,-0.3640626940065709
260,1550545200,49,186,137,235,8,0.39182683622926223,-1.36570002740606
260,1550559600,329,80,0,409,8,-0.8565516885011778,-1.0462859280427237
260,1550574000,1083,529,0,1612,8,-0.8565516885011778,1.1620770692796538
260,1550588400,735,582,0,1317,8,-0.8565516885011778,0.6205416709337673
260,1550602800,800,1083,283,1883,8,1.7222156290076873,1.6595553504719764
260,1550617200,328,613,285,941,8,1.7404401330183508,-0.06968649780539632
260,1550631600,55,213,158,268,8,0.5831841283412275,-1.30512149131991
260,1550646000,345,84,0,429,8,-0.8565516885011778,-1.0095716637480872
260,1550660400,1130,535,0,1665,8,-0.8565516885011778,1.25936986966044
260,1550674800,664,569,0,1233,8,-0.8565516885011778,0.4663417608962946
260,1550689200,712,906,194,1618,8,0.9112252005331679,1.1730913485680445
260,1550703600,279,542,263,821,8,1.5399705889010538,-0.2899720835732145
260,1550718000,62,194,132,256,8,0.3462655762026038,-1.3271500498966917
260,1550732400,360,97,0,457,8,-0.8565516885011778,-0.9581716937355963
260,1550739598,650,250,0,900,8,-0.8565516885011778,-0.14495073960940086
260,1550746800,413,299,0,712,8,-0.8565516885011778,-0.4900648239789827
260,1550761200,695,615,0,1310,8,-0.8565516885011778,0.6076916784306446
260,1550775600,900,1061,161,1961,8,0.6105208843572225,1.8027409812210582
260,1550790000,351,650,299,1001,8,1.8680116610929942,0.04045629507851278
260,1550804400,60,247,187,307,8,0.8474394364958462,-1.233528675945369
260,1550818800,326,93,0,419,8,-0.8565516885011778,-1.0279287958954055
260,1550824724,557,176,0,733,8,-0.8565516885011778,-0.4515148464696145
260,1550833200,441,316,0,757,8,-0.8565516885011778,-0.4074577293160509
260,1550847600,761,583,0,1344,8,-0.8565516885011778,0.6701059277315264
260,1550862000,864,993,129,1857,8,0.3189288201866088,1.6118268068889492
260,1550876400,396,612,216,1008,8,1.1116947446504648,0.053306287581635504
260,1551510000,157,60,0,217,9,-0.7258863006652171,-1.292442069916608
260,1551524400,472,241,0,713,9,-0.7258863006652171,-0.11683564774434915
260,1551538800,621,424,0,1045,9,-0.7258863006652171,0.6700621993548241
260,1551553200,541,603,62,1144,9,0.03919786023592176,0.9047094489416257
260,1551567600,316,416,100,732,9,0.508120410465652,-0.07180233721758925
260,1551582000,65,270,205,335,9,1.8038274571530648,-1.0127615098030465
260,1551596400,111,50,0,161,9,-0.7258863006652171,-1.4251718272586371
260,1551610800,469,178,0,647,9,-0.7258863006652171,-0.2732671474688836
260,1551625200,534,372,0,906,9,-0.7258863006652171,0.34060798023800154
260,1551639600,524,519,0,1043,9,-0.7258863006652171,0.6653218508783231
260,1551654000,183,341,158,524,9,1.2238443029215562,-0.5647985787736978
260,1551668400,52,169,117,221,9,0.7179015513578998,-1.282961372963606
260,1551682800,270,90,0,360,9,-0.7258863006652171,-0.9535071538467834
260,1551697200,830,414,0,1244,9,-0.7258863006652171,1.1417268727666778
260,1551711600,552,501,0,1053,9,-0.7258863006652171,0.6890235932608283
260,1551726000,832,934,102,1766,9,0.5328005446882694,2.37895782513345
260,1551740400,296,552,256,848,9,2.433170879829808,0.2031378744194713
260,1551754800,60,197,137,257,10,0.4461204181985835,-1.1399870541024841
260,1551769200,377,94,0,471,10,-0.8884770413056653,-0.7940822428937645
260,1551783600,1272,728,0,2000,10,-0.8884770413056653,1.677359141863864
260,1551798000,635,639,4,1274,10,-0.8495106921230594,0.50386898795017
260,1551812400,961,1206,245,2167,10,1.4982118461289402,1.9472942048164632
260,1551826800,413,651,238,1064,10,1.43002073505938,0.16442968723133283
260,1551841200,57,227,170,284,10,0.7675927989550814,-1.0963448582957767
260,1551855600,374,108,0,482,10,-0.8884770413056653,-0.7763020890465873
260,1551870000,463,617,154,1080,10,0.6117274022246582,0.1902917291908633
260,1551884400,704,615,0,1319,10,-0.8884770413056653,0.5766059809613494
260,1551898800,961,1211,250,2172,10,1.5469197826071976,1.9553760929288164
260,1551913200,349,605,256,954,10,1.6053693063811063,-0.013371851240439006
260,1551927600,60,206,146,266,10,0.5337947038594465,-1.1254396555002484
260,1551942000,356,96,0,452,10,-0.8884770413056653,-0.8247934177207069
260,1551945990,492,199,0,691,10,-0.8884770413056653,-0.4384791659502208
260,1551946117,31,30,0,61,10,-0.8884770413056653,-1.4567970681067322
260,1551952509,577,284,0,861,10,-0.8884770413056653,-0.16369497013020975
260,1551956400,184,118,0,302,10,-0.8884770413056653,-1.067250061091305
260,1551970800,695,556,0,1251,10,-0.8884770413056653,0.466692302633345
260,1551985200,938,1122,184,2060,10,0.9039750210942017,1.7743417992121033
260,1551999600,389,644,255,1033,10,1.5956277190854549,0.11432198093474259
260,1552014000,53,264,211,317,10,1.166997878076791,-1.043004396754245
260,1552028400,330,103,0,433,10,-0.8884770413056653,-0.8555045925476493
260,1552042800,1277,638,0,1915,10,-0.8884770413056653,1.5399670439538586
260,1552057200,748,653,0,1401,10,-0.8884770413056653,0.709148946003943
260,1552071600,890,1140,250,2030,10,1.5469197826071976,1.7258504705379838
260,1552086000,375,557,182,932,10,0.8844918465028988,-0.04893215893479337
260,1552100400,77,267,190,344,10,0.9624245448681104,-0.9993622009475374
260,1552114800,147,75,0,222,10,-0.8884770413056653,-1.1965602708889571
260,1552129200,588,335,0,923,10,-0.8884770413056653,-0.06347955753702925
260,1552143600,613,553,0,1166,10,-0.8884770413056653,0.32930020472333943
260,1552158000,599,728,129,1327,10,0.3681877198333719,0.5895370019411146
260,1552172400,368,475,107,843,10,0.15387279932903997,-0.1927897673346815
260,1552190400,86,281,195,367,10,1.0111324813463676,-0.9621855156307124
260,1552204800,167,71,0,238,10,-0.8884770413056653,-1.1706982289294265
260,1552219200,382,198,0,580,10,-0.8884770413056653,-0.6178970820444633
260,1552233600,510,431,0,941,10,-0.8884770413056653,-0.034384760332557496
260,1552248000,402,573,171,975,10,0.7773343862507328,0.02057207883144471
260,1552262400,165,339,174,504,10,0.8065591481376871,-0.7407417813522329
260,1552276800,49,120,71,169,10,-0.19682434331441226,-1.2822282848799016
260,1552291200,757,267,0,1024,10,-0.8884770413056653,0.09977458233250672
260,1552305600,1016,701,0,1717,10,-0.8884770413056653,1.2199242747046692
260,1552320000,783,720,0,1503,10,-0.8884770413056653,0.8740194634959495
260,1552334400,837,1131,294,1968,10,1.9755496236158614,1.6256350579448033
260,1552348800,253,477,224,730,11,1.2304977341261158,-0.4421146723306675
260,1552363200,39,140,101,179,11,0.11816636741240502,-1.3686049783177283
260,1552377600,649,306,0,955,11,-0.7952114215151137,-0.06378378513086955
260,1552392000,927,643,0,1570,11,-0.7952114215151137,0.9703206398819115
260,1552406400,767,776,9,1543,11,-0.7138213215116714,0.9249209334179358
260,1552420800,878,1121,243,1999,11,1.4023212785778274,1.691671531476193
260,1552435200,281,505,224,786,11,1.2304977341261158,-0.34795231818316225
260,1552449600,45,127,82,172,11,-0.05365717703930641,-1.3803752725861664
260,1552464000,770,314,0,1084,11,-0.7952114215151137,0.15312592353034793
260,1552478400,1056,666,0,1722,11,-0.7952114215151137,1.2259041725679973
260,1552486124,373,301,0,674,11,-0.7952114215151137,-0.5362770264781728
260,1552492800,431,444,13,875,11,-0.6776479437323637,-0.19830143391301994
260,1552507200,879,1182,303,2061,11,1.9449219452674424,1.7959227092823593
260,1552521600,264,509,245,773,11,1.4204079674674812,-0.3698114361102617
260,1552536000,35,140,105,175,11,0.1543397451917127,-1.3753308607568357
260,1552550400,831,287,0,1118,11,-0.7952114215151137,0.21029592426276186
260,1552551814,162,74,0,236,11,-0.7952114215151137,-1.2727611535604462
260,1552551967,30,17,0,47,11,-0.7952114215151137,-1.5905590988082763
260,1552564800,844,527,0,1371,11,-0.7952114215151137,0.6357079885363124
260,1552579200,832,713,0,1545,11,-0.7952114215151137,0.9282838746374895
260,1552593600,914,1211,297,2125,11,1.8906618785984808,1.9035368283080796
260,1552608000,291,562,271,853,11,1.655534923032981,-0.2352937873281113
260,1552622400,52,154,102,206,11,0.12720971185723193,-1.3232052718537526
260,1552636800,778,277,0,1055,11,-0.7952114215151137,0.10436327584681843
260,1552651200,984,617,0,1601,11,-0.7952114215151137,1.0224462287849947
260,1552665600,833,771,0,1604,11,-0.7952114215151137,1.0274906406143254
260,1552680000,785,1166,381,1951,11,2.650302811963942,1.6109609422069027
260,1552694400,262,450,188,712,11,0.9049373341123469,-0.4723811433066513
260,1552708800,44,187,143,231,11,0.49798683409513556,-1.2811685066093306
260,1552723200,304,114,0,418,11,-0.7952114215151137,-0.966733502581054
260,1552737600,596,400,0,996,11,-0.7952114215151137,0.00515650986998252
260,1552752000,598,546,0,1144,11,-0.7952114215151137,0.2540141601169607
260,1552766400,557,660,103,1217,11,0.13625305630205886,0.3767615146306729
260,1552780800,287,465,178,752,11,0.8145038896640777,-0.40512231891557615
260,1552795200,50,184,134,234,11,0.4165967340916933,-1.2761240947799999
260,1552809600,216,75,0,291,11,-0.7952114215151137,-1.1802802700227177
260,1552824000,492,256,0,748,11,-0.7952114215151137,-0.41184820135468364
260,1552838400,561,511,0,1072,11,-0.7952114215151137,0.13294827621302538
260,1552852800,460,549,89,1009,11,0.009646234074482011,0.027015627797081956
260,1552867200,200,381,181,581,11,0.8416339229985584,-0.6926537931874226
260,1552881600,46,101,55,147,11,-0.2978274770496332,-1.4224120378305884
260,1552896000,781,256,0,1037,11,-0.7952114215151137,0.07409680487083459
260,1552910400,954,574,0,1528,11,-0.7952114215151137,0.8996988742712826
260,1552924800,780,745,0,1525,11,-0.7952114215151137,0.8946544624419519
260,1552939200,872,1158,286,2030,11,1.7911850897053847,1.743797120379276
260,1552953600,260,532,272,792,12,1.4174656206655836,-0.4899308305189385
260,1552968000,38,161,123,199,12,0.14205226996461712,-1.5460341077306992
260,1552982400,824,268,0,1092,12,-0.9108057309496035,0.04435413265733167
260,1552996800,972,583,0,1555,12,-0.9108057309496035,0.8689339258260419
260,1553011200,755,741,0,1496,12,-0.9108057309496035,0.7638578830680421
260,1553025600,865,1140,275,2005,12,1.4431450841025157,1.6703613705904472
260,1553040000,294,584,290,878,12,1.5715424012871768,-0.3367691410750744
260,1553054400,48,174,126,222,12,0.16773173340154934,-1.5050722605538518
260,1553068800,821,241,0,1062,12,-0.9108057309496035,-0.009074363660295343
260,1553083200,1017,594,0,1611,12,-0.9108057309496035,0.9686671189522791
260,1553097600,805,777,0,1582,12,-0.9108057309496035,0.9170195725119062
260,1553112000,886,1154,268,2040,12,1.3832263360830073,1.7326946162943453
260,1553126400,301,589,288,890,12,1.5544227589958888,-0.31539774254802355
260,1553140800,49,179,130,228,12,0.20197101798412562,-1.4943865612903264
260,1553155200,817,259,0,1076,12,-0.9108057309496035,0.01585893462126393
260,1553169600,919,559,0,1478,12,-0.9108057309496035,0.731800785277466
260,1553184000,698,677,0,1375,12,-0.9108057309496035,0.5483629479202798
260,1553198400,843,1088,245,1931,12,1.1863504497331936,1.5385710796736338
260,1553212800,292,509,217,801,12,0.9466754576551597,-0.4739022816236504
260,1553227200,44,177,133,221,12,0.22765048142105784,-1.506853210431106
260,1553241600,744,276,0,1020,12,-0.9108057309496035,-0.08387425850497317
260,1553256000,973,586,0,1559,12,-0.9108057309496035,0.8760577253350589
260,1553270400,807,722,0,1529,12,-0.9108057309496035,0.8226292290174319
260,1553284800,867,1170,303,2037,12,1.6828200761805499,1.7273517666625826
260,1553299200,317,564,247,881,12,1.2034700920244819,-0.33142629144331165
260,1553313600,55,213,158,268,12,0.4416460100621596,-1.423148566200157
260,1553328000,321,114,0,435,12,-0.9108057309496035,-1.1257299366987
260,1553342400,590,388,0,978,12,-0.9108057309496035,-0.158674153349651
260,1553356800,626,580,0,1206,12,-0.9108057309496035,0.24738241866431432
260,1553371200,454,734,280,1188,12,1.4859441898307362,0.21532532087373812
260,1553385600,312,508,196,820,12,0.7669192135966343,-0.44006423395581995
260,1553400000,45,175,130,220,12,0.20197101798412562,-1.5086341603083602
260,1553414400,193,63,0,256,12,-0.9108057309496035,-1.4445199647272078
260,1553428800,470,265,0,735,12,-0.9108057309496035,-0.5914449735224299
260,1553443200,599,489,0,1088,12,-0.9108057309496035,0.03723033314831474
260,1553457600,494,715,221,1209,12,0.980914742237736,0.25272526829607705
260,1553472000,221,423,202,644,12,0.8182781404704986,-0.7535114123525651
260,1553486400,32,115,83,147,12,-0.20034057586114568,-1.6386435013479193
260,1553500800,769,245,0,1014,12,-0.9108057309496035,-0.09455995776849857
260,1553515200,974,622,0,1596,12,-0.9108057309496035,0.9419528707934656
260,1553529600,787,765,0,1552,12,-0.9108057309496035,0.8635910761942792
260,1553544000,810,1092,282,1902,12,1.5030638321220242,1.486923533233261
260,1553558400,267,548,281,815,13,1.376360476065668,-0.4685210177046351
260,1553572800,47,174,127,221,13,0.16845008811549972,-1.4887411756600544
260,1553587200,747,315,0,1062,13,-0.8276838032460028,-0.04428805639994053
260,1553601600,1032,605,0,1637,13,-0.8276838032460028,0.9432987968397331
260,1553616000,782,667,0,1449,13,-0.8276838032460028,0.6204008343891964
260,1553630400,853,1213,360,2066,13,1.9960028179362088,1.6801244664742025
260,1553644800,304,604,300,908,13,1.525388381072507,-0.30878957883282704
260,1553659200,47,187,140,234,13,0.27041654943596843,-1.4664131250650705
260,1553673600,790,296,0,1086,13,-0.8276838032460028,-0.003067039916893285
260,1553688000,1022,595,0,1617,13,-0.8276838032460028,0.9089479497705271
260,1553702400,819,816,0,1635,13,-0.8276838032460028,0.9398637121328125
260,1553716800,882,1095,213,1977,13,0.8429974476201392,1.5272631970162358
260,1553731200,304,607,303,911,13,1.5489191029156921,-0.30363695177244615
260,1553745600,40,187,147,227,13,0.32532156707006704,-1.4784359215392926
260,1553760000,822,259,0,1081,13,-0.8276838032460028,-0.011654751684194794
260,1553774400,1006,565,0,1571,13,-0.8276838032460028,0.8299410015113532
260,1553788800,818,758,0,1576,13,-0.8276838032460028,0.8385287132786546
260,1553803200,945,1287,342,2232,13,1.8548184868770983,1.9652364971486127
260,1553817600,295,625,330,920,13,1.760695599504358,-0.28817907059130343
260,1553832000,45,184,139,229,13,0.2625729754882401,-1.4750008368323722
260,1553846400,782,272,0,1054,13,-0.8276838032460028,-0.058028395227622945
260,1553860800,1020,590,0,1610,13,-0.8276838032460028,0.896925153296305
260,1553875200,866,811,0,1677,13,-0.8276838032460028,1.0120004909781453
260,1553889600,820,1152,332,1972,13,1.7763827473998146,1.5186754852489341
260,1553904000,282,508,226,790,13,0.9449639089406079,-0.5114595765411427
260,1553918400,56,198,142,254,13,0.2861036973314252,-1.4320622779958645
260,1553932800,304,113,0,417,13,-0.8276838032460028,-1.1521028743818353
260,1553947200,605,348,0,953,13,-0.8276838032460028,-0.23150017292711345
260,1553961600,643,608,0,1251,13,-0.8276838032460028,0.28032744840405655
260,1553976000,558,739,181,1297,13,0.5920030812928314,0.3593343966632304
260,1553990400,324,474,150,798,13,0.3488522889132521,-0.49771923771346027
260,1554004800,62,196,134,258,13,0.22335510574959827,-1.4251921085820234
260,1554019200,218,81,0,299,13,-0.8276838032460028,-1.3547728720901508
260,1554033600,440,239,0,679,13,-0.8276838032460028,-0.7021067777752362
260,1554048000,514,454,0,968,13,-0.8276838032460028,-0.20573703762520892
260,1554062400,506,520,14,1026,13,-0.7178737679778057,-0.1061195811245114
260,1554076800,257,383,126,640,13,0.16060651416777133,-0.769090929560188
260,1554091200,37,114,77,151,13,-0.2237286092709186,-1.6089691404022757
260,1554105600,756,291,0,1047,13,-0.8276838032460028,-0.07005119170184507
260,1554120000,1024,633,0,1657,13,-0.8276838032460028,0.9776496439089392
260,1554134400,800,731,0,1531,13,-0.8276838032460028,0.7612393073729411
260,1554148800,768,1136,368,1904,13,2.058751409518036,1.4018826052136337
260,1554163200,269,472,203,741,14,0.7936712668293086,-0.5893694980815125
260,1554177600,38,135,97,173,14,-0.07066935937521245,-1.5506054826465334
260,1554192000,838,302,0,1140,14,-0.861622573920859,0.08586493473792997
260,1554206400,1013,593,0,1606,14,-0.861622573920859,0.8744845981310633
260,1554220800,799,775,0,1574,14,-0.861622573920859,0.8203304581555692
260,1554235200,874,1231,357,2105,14,2.0494114218811594,1.718950718373925
260,1554249600,290,559,269,849,14,1.3318456189943875,-0.40659927566421983
260,1554264000,33,159,126,192,14,0.16580118930338292,-1.5184514620360838
260,1554278400,836,266,0,1102,14,-0.861622573920859,0.021556893517030683
260,1554292800,1011,631,0,1642,14,-0.861622573920859,0.9354080056034941
260,1554307200,865,738,0,1603,14,-0.861622573920859,0.8694076475083607
260,1554321600,849,1251,402,2100,14,2.4163484801755315,1.710489134002754
260,1554336000,298,558,260,856,14,1.258458207335513,-0.39475305754458045
260,1554350400,43,161,118,204,14,0.10056793449549453,-1.4981436595452735
260,1554364800,833,291,0,1124,14,-0.861622573920859,0.0587878647501829
260,1554379200,1054,575,0,1629,14,-0.861622573920859,0.9134078862384497
260,1554393600,823,755,0,1578,14,-0.861622573920859,0.8270997256525059
260,1554408000,887,1196,309,2083,14,1.6580118930338295,1.6817197471407728
260,1554422400,297,559,262,856,14,1.2747665210374852,-0.39475305754458045
260,1554436800,36,169,133,205,14,0.22288028726028525,-1.4964513426710393
260,1554451200,782,280,0,1062,14,-0.861622573920859,-0.04613578145233698
260,1554465600,992,616,0,1608,14,-0.861622573920859,0.8778692318795317
260,1554480000,885,858,0,1743,14,-0.861622573920859,1.1063320099011476
260,1554494400,800,1089,289,1889,14,1.4949287560141085,1.3534102735393396
260,1554508800,288,455,167,743,14,0.5001216201938108,-0.5859848643330441
260,1554523200,51,175,124,226,14,0.1494928756014108,-1.4609126883121213
260,1554537600,315,91,0,406,14,-0.861622573920859,-1.1562956509499667
260,1554552000,646,426,0,1072,14,-0.861622573920859,-0.029212612709995065
260,1554566400,656,613,0,1269,14,-0.861622573920859,0.3041738115141407
260,1554580800,542,705,163,1247,14,0.4675049927898666,0.26694284028098847
260,1554595200,290,491,201,781,14,0.7773629531273364,-0.5216768231121448
260,1554609600,49,245,196,294,14,0.7365921688724062,-1.3458351408641962
260,1554624000,223,78,0,301,14,-0.861622573920859,-1.333988922744557
260,1554638400,492,256,0,748,14,-0.861622573920859,-0.5775232799618731
260,1554652800,598,501,0,1099,14,-0.861622573920859,0.01647994289432811
260,1554667200,451,615,164,1066,14,0.4756591496408527,-0.039366513955400216
260,1554681600,204,395,191,599,14,0.695821384617476,-0.8296784942227677
260,1554696000,33,112,79,145,14,-0.21744418269296129,-1.5979903551250907
260,1554710400,800,273,0,1073,14,-0.861622573920859,-0.027520295835760874
260,1554724800,942,555,0,1497,14,-0.861622573920859,0.6900220588395364
260,1554739200,790,713,0,1503,14,-0.861622573920859,0.7001759600849415
260,1554753600,844,1172,328,2016,14,1.8129408732025643,1.568334516567082
260,1554768000,288,533,245,821,15,1.1652208658161236,-0.36897542983472525
260,1554782400,33,156,123,189,15,0.18282639311297433,-1.4859435065649713
260,1554796800,773,294,0,1067,15,-0.8076204933008566,0.06579378990521231
260,1554811200,1014,629,0,1643,15,-0.8076204933008566,1.08379001173531
260,1554825600,696,713,17,1409,15,-0.6707294602192703,0.6702290466168328
260,1554840000,834,1252,418,2086,15,2.5582884377640323,1.8667280781775553
260,1554854400,293,534,241,827,15,1.1330112109733974,-0.35837130252399507
260,1554868800,32,145,113,177,15,0.1023022560061588,-1.5071517611864318
260,1554883200,820,297,0,1117,15,-0.8076204933008566,0.15416151749463053
260,1554887265,477,257,0,734,15,-0.8076204933008566,-0.5227352758403129
260,1554897600,598,387,0,985,15,-0.8076204933008566,-0.07912928334143354
260,1554912000,847,753,0,1600,15,-0.8076204933008566,1.0077937660084104
260,1554926400,887,1188,301,2075,15,1.6161560336142906,1.8472871781078832
260,1554940800,302,592,290,894,15,1.5275794827967935,-0.23995854755417467
260,1554955200,42,144,102,186,15,0.013725705188661726,-1.4912455702203364
260,1554969600,796,307,0,1103,15,-0.8076204933008566,0.12941855376959344
260,1554984000,1046,590,0,1636,15,-0.8076204933008566,1.0714185298727914
260,1554998400,802,757,0,1559,15,-0.8076204933008566,0.9353322293850874
260,1555012800,868,1186,318,2054,15,1.7530470666958768,1.8101727325203276
260,1555027200,343,573,230,916,15,1.0444346601559003,-0.20107674741483064
260,1555041600,42,159,117,201,15,0.134511910848885,-1.464735251943511
260,1555056000,794,288,0,1082,15,-0.8076204933008566,0.09230410818203778
260,1555059683,419,197,0,616,15,-0.8076204933008566,-0.7312831129513399
260,1555070400,549,352,0,901,15,-0.8076204933008566,-0.22758706569165613
260,1555084800,888,783,0,1671,15,-0.8076204933008566,1.1332759391853842
260,1555099200,798,1172,374,1970,15,2.203982234494044,1.661714950170105
260,1555113600,269,501,232,770,15,1.0605394875772634,-0.45911051197593183
260,1555128000,49,156,107,205,15,0.05398777374206949,-1.4576658337363575
260,1555142400,289,107,0,396,15,-0.8076204933008566,-1.1201011143447799
260,1555156800,589,349,0,938,15,-0.8076204933008566,-0.16219494727548664
260,1555171200,668,635,0,1303,15,-0.8076204933008566,0.48288946412726624
260,1555185600,579,731,152,1310,15,0.4163463907227393,0.49526094598978476
260,1555200000,310,499,189,809,15,0.7142856980179568,-0.3901836844561856
260,1555214400,63,181,118,244,15,0.14256432455956655,-1.3887390062166114
260,1555228800,222,78,0,300,15,-0.8076204933008566,-1.289767151316463
260,1555243200,470,290,0,760,15,-0.8076204933008566,-0.47678405749381547
260,1555257600,595,525,0,1120,15,-0.8076204933008566,0.15946358114999562
260,1555272000,449,597,148,1046,15,0.3841367358800131,0.02867934431765667
260,1555286400,217,408,191,625,15,0.7303905254393199,-0.7153769219852446
260,1555300800,30,89,59,119,15,-0.332528084370645,-1.6096583251901568
260,1555315200,717,239,0,956,15,-0.8076204933008566,-0.1303825653432961
260,1555329600,954,607,0,1561,15,-0.8076204933008566,0.9388669384886642
260,1555344000,720,699,0,1419,15,-0.8076204933008566,0.6879025921347165
260,1555358400,791,1119,328,1910,15,1.8335712038026926,1.5556736770628032
260,1555372800,253,493,240,746,16,1.4283959893231688,-0.0502269598371803
260,1555387200,29,147,118,176,16,0.3631797108641502,-0.8946324503583148
260,1555401600,824,285,0,1109,16,-0.6671114437109661,0.48752601044206856
260,1555416000,984,650,0,1634,16,-0.6671114437109661,1.2652679096062716
260,1555430400,759,728,0,1487,16,-0.6671114437109661,1.0475001778402946
260,1555444800,895,1228,333,2123,16,2.2404051196238957,1.9896789356849292
260,1555459200,315,585,270,900,16,1.6903344184524356,0.17791066391765256
260,1555473600,54,176,122,230,16,0.39810483474805247,-0.8146361407299969
260,1555488000,842,297,0,1139,16,-0.6671114437109661,0.531968404680023
260,1555502400,1003,553,0,1556,16,-0.6671114437109661,1.1497176845875898
260,1555516800,745,716,0,1461,16,-0.6671114437109661,1.0089834361674008
260,1555531200,808,1133,325,1941,16,2.1705548718560914,1.7200617439746722
260,1555545600,313,549,236,862,16,1.3934708654392665,0.12161696454957692
260,1555560000,38,128,90,166,16,0.11870384367683448,-0.9094465817709664
260,1555574400,763,273,0,1036,16,-0.6671114437109661,0.37938285112971276
260,1555588800,973,609,0,1582,16,-0.6671114437109661,1.1882344262604838
260,1555603200,823,668,0,1491,16,-0.6671114437109661,1.0534258304053552
260,1555617600,760,1092,332,1852,16,2.2316738386529202,1.5882159744020738
260,1555632000,304,589,285,893,16,1.821303633017069,0.16754077192879652
260,1555646400,44,152,108,196,16,0.2758669011543946,-0.8650041875330119
260,1555660800,544,180,0,724,16,-0.6671114437109661,-0.08281804894501357
260,1555675200,768,385,0,1153,16,-0.6671114437109661,0.5527081886577351
260,1555689600,651,662,11,1313,16,-0.5710673530302349,0.7897342912601588
260,1555704000,599,842,243,1441,16,1.4545898322360955,0.9793551733420979
260,1555718400,279,480,201,759,16,1.087876031455122,-0.030968589000733373
260,1555732800,0,7,7,7,16,-0.6059924769141372,-1.144991271232125
260,1555747200,0,11,11,11,16,-0.5710673530302349,-1.1390656186670645
260,1555761600,0,6,6,6,16,-0.6147237578851127,-1.1464726843733901
260,1555776000,1,5,4,6,16,-0.6321863198270639,-1.1464726843733901
260,1555790400,0,5,5,5,16,-0.6234550388560882,-1.1479540975146554
260,1555804800,0,2,2,2,16,-0.6496488817690149,-1.1523983369384507
260,1555819200,0,0,0,0,16,-0.6671114437109661,-1.155361163220981
260,1555833600,1,5,4,6,16,-0.6321863198270639,-1.1464726843733901
260,1555848000,0,5,5,5,16,-0.6234550388560882,-1.1479540975146554
260,1555862400,0,11,11,11,16,-0.5710673530302349,-1.1390656186670645
260,1555876800,0,1,1,1,16,-0.6583801627399906,-1.1538797500797158
260,1555891200,0,4,4,4,16,-0.6321863198270639,-1.1494355106559204
260,1555905600,0,4,4,4,16,-0.6321863198270639,-1.1494355106559204
260,1555920000,550,152,0,702,16,-0.6671114437109661,-0.11540913805284683
260,1555934400,780,488,0,1268,16,-0.6671114437109661,0.7230706999032271
260,1555948800,607,604,0,1211,16,-0.6671114437109661,0.6386301508511137
260,1555963200,653,884,231,1537,16,1.3498144605843887,1.121570834903552
260,1555977600,229,392,163,621,17,0.7696470520544579,-0.3396131110441365
260,1555992000,31,116,85,147,17,0.05880303104222103,-1.144400376210982
260,1556006400,680,181,0,861,17,-0.7158346841634217,0.06787411182515239
260,1556020800,852,506,0,1358,17,-0.7158346841634217,0.9117122358503048
260,1556035200,708,681,0,1389,17,-0.7158346841634217,0.9643460021375879
260,1556049600,725,1121,396,1846,17,2.8930657302063962,1.7402695890178588
260,1556064000,242,512,270,754,17,1.7447792347250906,-0.11379727503740557
260,1556078400,49,166,117,215,17,0.3504313473549336,-1.0289456630646836
260,1556092800,698,185,0,883,17,-0.7158346841634217,0.10522710725483721
260,1556107200,931,478,0,1409,17,-0.7158346841634217,0.9983032707100287
260,1556121600,712,607,0,1319,17,-0.7158346841634217,0.8454955621340453
260,1556136000,704,1058,354,1762,17,2.510303565045961,1.5976490610136078
260,1556150400,248,561,313,809,17,2.136654784770298,-0.020414786463193533
260,1556164800,39,158,119,197,17,0.3686581171244781,-1.0595072047798801
260,1556179200,661,188,0,849,17,-0.7158346841634217,0.04749975068168795
260,1556193600,869,466,0,1335,17,-0.7158346841634217,0.872661376991998
260,1556208000,697,660,0,1357,17,-0.7158346841634217,0.9100143724216827
260,1556222400,811,982,171,1793,17,0.842554131132636,1.650282827300891
260,1556236800,280,463,183,743,17,0.9519147497499032,-0.13247377275224798
260,1556251200,59,182,123,241,17,0.4051116566635672,-0.9848012139205106
260,1556265600,616,191,0,807,17,-0.7158346841634217,-0.023810513320437605
260,1556280000,787,507,0,1294,17,-0.7158346841634217,0.8030489764184944
260,1556294400,617,615,0,1232,17,-0.7158346841634217,0.6977814438439282
260,1556308800,758,832,74,1590,17,-0.041444202690273914,1.3056165512906175
260,1556323200,289,401,112,690,17,0.30486442293107224,-0.22246053446921593
260,1556337600,0,1,1,1,17,-0.7067212992786495,-1.3922884367897994
260,1556352000,0,0,0,0,17,-0.7158346841634217,-1.3939863002184214
260,1556366400,0,0,0,0,17,-0.7158346841634217,-1.3939863002184214
260,1556380800,0,0,0,0,17,-0.7158346841634217,-1.3939863002184214
260,1556395200,0,0,0,0,17,-0.7158346841634217,-1.3939863002184214
260,1556409600,37,82,45,119,17,-0.3057323643486697,-1.1919405522123991
260,1556424000,35,138,103,173,17,0.22284395896812184,-1.100255927066809
260,1556438400,139,60,0,199,17,-0.7158346841634217,-1.0561114779226362
260,1556452800,312,191,0,503,17,-0.7158346841634217,-0.5399609956215369
260,1556467200,381,345,0,726,17,-0.7158346841634217,-0.1613374510388226
260,1556481600,319,454,135,773,17,0.5144722752808344,-0.08153786989358687
260,1556496000,173,324,151,497,17,0.6602864334371907,-0.5501481761932691
260,1556510400,33,109,76,142,17,-0.023217432920729378,-1.1528896933540922
260,1556524800,775,278,0,1053,17,-0.7158346841634217,0.3938638901205835
260,1556539200,926,565,0,1491,17,-0.7158346841634217,1.1375280718570357
260,1556553600,751,684,0,1435,17,-0.7158346841634217,1.0424477198542017
260,1556568000,781,1089,308,1870,17,2.0910878603464367,1.7810183113047875
260,1556582400,267,499,232,766,18,1.3199367966504834,-0.4745005890364564
260,1556596800,39,122,83,161,18,-0.09471125435614866,-1.4398866709794769
260,1556625600,1815,849,0,2664,18,-0.8827366787423934,2.554099053158342
260,1556640000,771,712,0,1483,18,-0.8827366787423934,0.6696015940265944
260,1556654400,852,1059,207,1911,18,1.0825797411124578,1.3525524090209957
260,1556668800,303,512,209,815,18,1.1015683055555,-0.3963122947964432
260,1556683200,42,151,109,193,18,0.15214008340339788,-1.3888249278023255
260,1556697600,850,252,0,1102,18,-0.8827366787423934,0.06164771432363429
260,1556712000,1007,591,0,1598,18,-0.8827366787423934,0.8531047335694826
260,1556726400,834,744,0,1578,18,-0.8827366787423934,0.8211911440837628
260,1556740800,859,1135,276,1994,18,1.7376852143974082,1.4849938053867324
260,1556755200,258,488,230,746,18,1.3009482322074413,-0.5064141785221762
260,1556769600,44,160,116,204,18,0.21860005895404502,-1.3712724535851797
260,1556784000,797,280,0,1077,18,-0.8827366787423934,0.021755727466484687
260,1556798400,1032,568,0,1600,18,-0.8827366787423934,0.8562960925180545
260,1556812800,788,708,0,1496,18,-0.8827366787423934,0.6903454271923122
260,1556827200,817,1058,241,1875,18,1.4053853366441726,1.2951079479467003
260,1556841600,269,524,255,793,18,1.5383052877454668,-0.4314172432307349
260,1556856000,53,191,138,244,18,0.42747426782750747,-1.3074452746137404
260,1556870400,816,253,0,1069,18,-0.8827366787423934,0.008990291672196811
260,1556884800,1037,586,0,1623,18,-0.8827366787423934,0.8929967204266321
260,1556899200,855,765,0,1620,18,-0.8827366787423934,0.8882096820037741
260,1556913600,807,1110,303,1917,18,1.9940308343784758,1.3621264858667115
260,1556928000,277,460,183,737,18,0.8547169677959534,-0.5207752937907499
260,1556942400,52,168,116,220,18,0.21860005895404502,-1.3457415819966039
260,1556956800,282,104,0,386,18,-0.8827366787423934,-1.0808587892651305
260,1556971200,529,350,0,879,18,-0.8827366787423934,-0.29418880844214024
260,1556985600,638,536,0,1174,18,-0.8827366787423934,0.17653663647222517
260,1557000000,451,646,195,1097,18,0.9686483544542056,0.05366931695220437
260,1557014400,288,448,160,736,18,0.63634847670097,-0.522370973265036
260,1557028800,51,195,144,246,18,0.48443996115663357,-1.3042539156651682
260,1557043200,193,68,0,261,18,-0.8827366787423934,-1.2803187235508786
260,1557057600,543,218,0,761,18,-0.8827366787423934,-0.4824789864078864
260,1557072000,583,405,0,988,18,-0.8827366787423934,-0.12025974574496792
260,1557086400,367,454,87,821,18,-0.056734125470064574,-0.3867382179507273
260,1557100800,185,319,134,504,18,0.38949713894142335,-0.8925686112993844
260,1557115200,29,86,57,115,18,-0.3415625921156952,-1.5132879267966322
260,1557129600,803,281,0,1084,18,-0.8827366787423934,0.032925483786486576
260,1557144000,952,635,0,1587,18,-0.8827366787423934,0.8355522593523367
260,1557158400,751,717,0,1468,18,-0.8827366787423934,0.6456664019123046
260,1557172800,834,1171,337,2005,18,2.3168364299101905,1.5025462796038782
260,1557187200,274,503,229,777,19,1.0950352704047024,-0.4662005782303183
260,1557201600,36,131,95,167,19,-0.050477462278878414,-1.564000101599873
260,1557216000,797,283,0,1080,19,-0.8625946981366409,0.07909984075488675
260,1557230400,954,607,0,1561,19,-0.8625946981366409,0.9447417600020275
260,1557244800,786,770,0,1556,19,-0.8625946981366409,0.9357434032530967
260,1557259200,891,1073,182,1964,19,0.6932509537171778,1.670009313965848
260,1557273600,302,598,296,900,19,1.667791636746493,-0.2448410022066212
260,1557288000,40,172,132,212,19,0.2658208295815133,-1.483014890859496
260,1557302400,841,302,0,1143,19,-0.8625946981366409,0.19247913579141454
260,1557316800,1036,588,0,1624,19,-0.8625946981366409,1.0581210550385551
260,1557331200,812,751,0,1563,19,-0.8625946981366409,0.9483411027015998
260,1557345600,796,1109,313,1905,19,1.8131178789526188,1.5638287043284649
260,1557360000,283,605,322,888,19,1.8900553012970382,-0.26643705840405507
260,1557374400,43,161,118,204,19,0.14614039482352725,-1.4974122616577852
260,1557388800,873,282,0,1155,19,-0.8625946981366409,0.2140751919888484
260,1557403200,1011,614,0,1625,19,-0.8625946981366409,1.0599207263883414
260,1557417600,807,694,0,1501,19,-0.8625946981366409,0.8367614790148581
260,1557432000,822,1095,273,1917,19,1.4711737796440871,1.5854247605258986
260,1557446400,301,585,284,886,19,1.5652084069539334,-0.27003640110362737
260,1557460800,44,177,133,221,19,0.2743694320642266,-1.4668178487114205
260,1557475200,784,272,0,1056,19,-0.8625946981366409,0.03590772836001902
260,1557489600,1013,545,0,1558,19,-0.8625946981366409,0.939342745952669
260,1557504000,834,799,0,1633,19,-0.8625946981366409,1.0743180971866306
260,1557518400,741,1113,372,1854,19,2.3174854254327024,1.4720454654893709
260,1557532800,313,586,273,899,19,1.4711737796440871,-0.24664067355640734
260,1557547200,49,225,176,274,19,0.6419593388208981,-1.3714352671727543
260,1557561600,301,117,0,418,19,-0.8625946981366409,-1.112282592803548
260,1557576000,590,386,0,976,19,-0.8625946981366409,-0.1080659796228734
260,1557590400,629,612,0,1241,19,-0.8625946981366409,0.36884692807045777
260,1557604800,507,685,178,1192,19,0.6590565437863246,0.2806630319309361
260,1557619200,318,488,170,806,19,0.5906677239246183,-0.4140101090865198
260,1557633600,49,202,153,251,19,0.4453414817184924,-1.412827708217836
260,1557648000,178,83,0,261,19,-0.8625946981366409,-1.3948309947199744
260,1557662400,383,198,0,581,19,-0.8625946981366409,-0.8189361627884048
260,1557676800,357,348,0,705,19,-0.8625946981366409,-0.5957769154149215
260,1557691200,344,441,97,785,19,-0.03338025731345184,-0.45180320743202906
260,1557705600,176,313,137,489,19,0.30856384199507975,-0.984505926968731
260,1557720000,31,107,76,138,19,-0.21290090945043091,-1.6161905707436715
260,1557734400,726,254,0,980,19,-0.8625946981366409,-0.10086729422372878
260,1557748800,904,524,0,1428,19,-0.8625946981366409,0.7053854704804687
260,1557763200,709,684,0,1393,19,-0.8625946981366409,0.6423969732379533
260,1557777600,759,988,229,1747,19,1.0950352704047024,1.2794806310622524
260,1557792000,240,484,244,724,20,1.4530036740435341,-0.1663945371602656
260,1557806400,38,128,90,166,20,0.11748743648298582,-0.9375280892441066
260,1557820800,839,274,0,1113,20,-0.6630090659874646,0.37118781366520776
260,1557835200,995,597,0,1592,20,-0.6630090659874646,1.0331465438590426
260,1557849600,761,740,0,1501,20,-0.6630090659874646,0.9073882047199215
260,1557864000,813,1115,302,1928,20,1.9559903089689354,1.4974850268342588
260,1557878400,281,525,244,806,20,1.4530036740435341,-0.05307383595798072
260,1557892800,45,151,106,196,20,0.25624237025551033,-0.8960692961213195
260,1557907200,820,284,0,1104,20,-0.6630090659874646,0.35875017572837165
260,1557921600,1044,610,0,1654,20,-0.6630090659874646,1.118828049646136
260,1557936000,778,741,0,1519,20,-0.6630090659874646,0.9322634805935939
260,1557950400,714,1073,359,1787,20,2.450304760533554,1.3026286991571592
260,1557964800,309,560,251,869,20,1.5137089575690137,0.03398962959987229
260,1557979200,43,160,117,203,20,0.35163638722412094,-0.8863955777260024
260,1557993600,841,320,0,1161,20,-0.6630090659874646,0.4375218826616672
260,1558008000,967,601,0,1568,20,-0.6630090659874646,0.9999795093608129
260,1558022400,825,770,0,1595,20,-0.6630090659874646,1.0372924231713212
260,1558036800,893,1153,260,2046,20,1.5917586078160586,1.6605562797838882
260,1558051200,321,532,211,853,20,1.1668216231377022,0.011878273267719145
260,1558065600,50,207,157,257,20,0.6985237216554322,-0.8117697501049855
260,1558080000,778,309,0,1087,20,-0.6630090659874646,0.3352568596254589
260,1558094400,998,565,0,1563,20,-0.6630090659874646,0.993069710507015
260,1558108800,796,821,25,1617,20,-0.44620448196789503,1.067695538128032
260,1558123200,776,1139,363,1915,20,2.484993493976685,1.4795195498143843
260,1558137600,305,463,158,768,20,0.707195905016215,-0.10558830724684444
260,1558152000,0,20,20,20,20,-0.48956539877180894,-1.1392942157750041
260,1558166400,1,29,28,30,20,-0.42018793188554665,-1.1254746180674082
260,1558180800,0,2,2,2,20,-0.645664699265899,-1.1641694916486762
260,1558195200,0,0,0,0,20,-0.6630090659874646,-1.1669334111901954
260,1558209600,0,3,3,3,20,-0.6369925159051162,-1.1627875318779168
260,1558224000,0,0,0,0,20,-0.6630090659874646,-1.1669334111901954
260,1558238400,0,0,0,0,20,-0.6630090659874646,-1.1669334111901954
260,1558252800,0,0,0,0,20,-0.6630090659874646,-1.1669334111901954
260,1558267200,0,0,0,0,20,-0.6630090659874646,-1.1669334111901954
260,1558281600,0,0,0,0,20,-0.6630090659874646,-1.1669334111901954
260,1558296000,0,0,0,0,20,-0.6630090659874646,-1.1669334111901954
260,1558310400,0,0,0,0,20,-0.6630090659874646,-1.1669334111901954
260,1558324800,0,0,0,0,20,-0.6630090659874646,-1.1669334111901954
260,1558339200,716,233,0,949,20,-0.6630090659874646,0.14454641126063802
260,1558353600,903,584,0,1487,20,-0.6630090659874646,0.8880407679292875
260,1558368000,776,765,0,1541,20,-0.6630090659874646,0.9626665955503044
260,1558382400,785,1056,271,1841,20,1.6871526247846693,1.377254526778176
260,1558396800,255,506,251,761,21,1.4382834297865574,-0.3004032292231172
260,1558411200,49,144,95,193,21,0.0006283457535108993,-1.3380918960847823
260,1558425600,857,289,0,1146,21,-0.8748667374717417,0.4029596875757227
260,1558440000,973,659,0,1632,21,-0.8748667374717417,1.29084118774257
260,1558454400,803,714,0,1517,21,-0.8748667374717417,1.080745771036423
260,1558468800,865,1138,273,2003,21,1.6410296595860896,1.9686272712032704
260,1558483200,320,523,203,843,21,0.9959280193148508,-0.15059606252829932
260,1558497600,45,190,145,235,21,0.4614152316615386,-1.2613613960703633
260,1558512000,804,276,0,1080,21,-0.8748667374717417,0.28238318755306446
260,1558526400,885,547,0,1432,21,-0.8748667374717417,0.9254578543405753
260,1558540800,835,759,0,1594,21,-0.8748667374717417,1.221418354396191
260,1558555200,841,1122,281,1963,21,1.7147555613313739,1.8955506045228716
260,1558569600,297,545,248,842,21,1.4106362166320756,-0.1524229791953093
260,1558584000,40,167,127,207,21,0.2955319527346486,-1.3125150627466426
260,1558598400,749,289,0,1038,21,-0.8748667374717417,0.20565268753864555
260,1558598888,74,56,0,130,21,-0.8748667374717417,-1.4531876461064106
260,1558599543,66,44,0,110,21,-0.8748667374717417,-1.4897259794466102
260,1558612800,828,481,0,1309,21,-0.8748667374717417,0.7007471042983484
260,1558627200,718,663,0,1381,21,-0.8748667374717417,0.8322851043230666
260,1558641600,765,1154,389,1919,21,2.710055234892714,1.8151662711744325
260,1558656000,300,500,200,800,21,0.968280806160369,-0.2291534792097282
260,1558670400,46,177,131,223,21,0.33239490360729085,-1.283284396074483
260,1558684800,787,265,0,1052,21,-0.8748667374717417,0.2312295208767852
260,1558699200,949,581,0,1530,21,-0.8748667374717417,1.1044956877075527
260,1558713600,795,858,63,1653,21,-0.2942752612276268,1.3292064377497794
260,1558728000,774,1045,271,1819,21,1.6225981841497685,1.632474604473435
260,1558742400,338,559,221,897,21,1.1618112982417408,-0.05194256250976075
260,1558756800,45,178,133,223,21,0.35082637904361197,-1.283284396074483
260,1558771200,272,107,0,379,21,-0.8748667374717417,-0.9982853960209271
260,1558785600,546,355,0,901,21,-0.8748667374717417,-0.044634895841720854
260,1558800000,535,516,0,1051,21,-0.8748667374717417,0.2294026042097752
260,1558814400,448,605,157,1053,21,0.5720040842794653,0.23305643754379515
260,1558828800,278,455,177,733,21,0.7563188386426763,-0.3515568958993964
260,1558843200,48,172,124,220,21,0.26788473958016695,-1.288765146075513
260,1558857600,184,81,0,265,21,-0.8748667374717417,-1.2065538960600641
260,1558872000,418,235,0,653,21,-0.8748667374717417,-0.49771022926019437
260,1558886400,539,440,0,979,21,-0.8748667374717417,0.0978646041850571
260,1558900800,353,571,218,924,21,1.134164085087259,-0.002615812500491459
260,1558915200,220,429,209,649,21,1.0512224456238142,-0.5050178959282342
260,1558929600,48,169,121,217,21,0.2402375264256853,-1.2942458960765428
260,1558944000,247,80,0,327,21,-0.8748667374717417,-1.0932850627054458
260,1558958400,454,278,0,732,21,-0.8748667374717417,-0.35338381256640644
260,1558972800,582,474,0,1056,21,-0.8748667374717417,0.23853718754482509
260,1558987200,454,594,140,1048,21,0.4153365430707358,0.2239218542087453
260,1559001600,222,420,198,642,22,1.021395632632311,-0.22724756437730204
260,1559016000,39,124,85,163,22,0.0837662955969246,-0.9134929111414214
260,1559030400,748,256,0,1004,22,-0.6215301083677467,0.291376267623974
260,1559044800,945,553,0,1498,22,-0.6215301083677467,0.9991115521782015
260,1559059200,802,746,0,1548,22,-0.6215301083677467,1.0707446781452286
260,1559073600,766,1151,385,1917,22,2.5730477213545875,1.5993971477818882
260,1559088000,256,488,232,744,22,1.3035141942181796,-0.08111598740456681
260,1559102400,46,141,95,187,22,0.16674234312218003,-0.8791090106772484
260,1559116800,851,325,0,1176,22,-0.6215301083677467,0.5377942209505471
260,1559131200,933,576,0,1509,22,-0.6215301083677467,1.0148708398909474
260,1559145600,741,731,0,1472,22,-0.6215301083677467,0.9618623266753474
260,1559160000,724,1021,297,1745,22,1.84285850313234,1.3529791944553153
260,1559174400,253,444,191,697,22,0.9633123993646323,-0.14845112581357225
260,1559188800,43,138,95,181,22,0.16674234312218003,-0.8877049857932917
260,1559203200,819,261,0,1080,22,-0.6215301083677467,0.40025861909385513
260,1559217600,952,541,0,1493,22,-0.6215301083677467,0.9919482395814988
260,1559232000,740,667,0,1407,22,-0.6215301083677467,0.8687392629182122
260,1559246400,772,1114,342,1886,22,2.2162507169959893,1.5549846096823314
260,1559260800,239,437,198,676,22,1.021395632632311,-0.17853703871972362
260,1559275200,47,150,103,197,22,0.2331231811423844,-0.864782385483843
260,1559289600,795,268,0,1063,22,-0.6215301083677467,0.37590335626506594
260,1559304000,883,515,0,1398,22,-0.6215301083677467,0.8558453002441473
260,1559318400,780,785,5,1565,22,-0.580042084605119,1.0950999409740179
260,1559332800,695,1055,360,1750,22,2.365607602541449,1.360142507052018
260,1559347200,265,520,255,785,22,1.494359103526267,-0.02237682411160461
260,1559361600,0,0,0,0,22,-0.6215301083677467,-1.1470169017939298
260,1559376000,0,0,0,0,22,-0.6215301083677467,-1.1470169017939298
260,1559390400,0,0,0,0,22,-0.6215301083677467,-1.1470169017939298
260,1559404800,0,0,0,0,22,-0.6215301083677467,-1.1470169017939298
260,1559419200,0,0,0,0,22,-0.6215301083677467,-1.1470169017939298
260,1559433600,0,0,0,0,22,-0.6215301083677467,-1.1470169017939298
260,1559448000,0,0,0,0,22,-0.6215301083677467,-1.1470169017939298
260,1559462400,0,0,0,0,22,-0.6215301083677467,-1.1470169017939298
260,1559476800,0,0,0,0,22,-0.6215301083677467,-1.1470169017939298
260,1559491200,0,0,0,0,22,-0.6215301083677467,-1.1470169017939298
260,1559505600,0,0,0,0,22,-0.6215301083677467,-1.1470169017939298
260,1559520000,0,0,0,0,22,-0.6215301083677467,-1.1470169017939298
260,1559534400,0,0,0,0,22,-0.6215301083677467,-1.1470169017939298
260,1559548800,681,278,0,959,22,-0.6215301083677467,0.2269064542536496
260,1559563200,889,593,0,1482,22,-0.6215301083677467,0.9761889518687529
260,1559577600,753,724,0,1477,22,-0.6215301083677467,0.9690256392720501
260,1559592000,810,1115,305,1925,22,1.9092393411525443,1.6108584479366126
260,1559606400,251,492,241,743,23,1.0105104693737734,-0.38674650787030945
260,1559620800,45,174,129,219,23,0.14880505441029265,-1.4044168440330411
260,1559635200,668,229,0,897,23,-0.8436949324672879,-0.08766018770034632
260,1559641663,537,286,0,823,23,-0.8436949324672879,-0.23137699089890004
260,1559645338,164,122,0,286,23,-0.8436949324672879,-1.274294873569486
260,1559649600,158,146,0,304,23,-0.8436949324672879,-1.2393367322509188
260,1559664000,687,697,10,1384,23,-0.7667569489884056,0.8581517468631086
260,1559678400,745,1188,443,1933,23,2.5646577356471942,1.9243750570794058
260,1559692800,252,532,280,784,23,1.310568604941414,-0.30711963042246215
260,1559707200,51,184,133,235,23,0.17958024780184553,-1.3733429406387594
260,1559721600,806,258,0,1064,23,-0.8436949324672879,0.23667367897747085
260,1559736000,935,573,0,1508,23,-0.8436949324672879,1.0989744981687932
260,1559750400,749,701,0,1450,23,-0.8436949324672879,0.9863315983645213
260,1559764800,786,1105,319,1891,23,1.6106267405090546,1.8428060606694159
260,1559779200,263,471,208,734,23,0.7566151238934621,-0.404225578529593
260,1559793600,44,150,106,194,23,-0.028152307591136426,-1.4529698180866066
260,1559808000,709,234,0,943,23,-0.8436949324672879,0.001677284558214099
260,1559822400,939,565,0,1504,23,-0.8436949324672879,1.0912060223202227
260,1559836800,728,655,0,1383,23,-0.8436949324672879,0.856209627900966
260,1559851200,790,1129,339,1919,23,1.7645027074668191,1.897185391609409
260,1559865600,289,548,259,837,23,1.1489988396357613,-0.2041873254289034
260,1559880000,50,201,151,251,23,0.3180686180638335,-1.3422690372444774
260,1559894400,771,259,0,1030,23,-0.8436949324672879,0.17064163426462184
260,1559908800,891,496,0,1387,23,-0.8436949324672879,0.8639781037495364
260,1559923200,783,779,0,1562,23,-0.8436949324672879,1.2038489221244946
260,1559937600,677,1099,422,1776,23,2.4030879703415415,1.6194623800230148
260,1559952000,330,521,191,851,23,0.6258205519793624,-0.17699765995890673
260,1559966400,58,215,157,273,23,0.36423140815116284,-1.2995424200773398
260,1559980800,271,114,0,385,23,-0.8436949324672879,-1.0820250963173668
260,1559995200,511,358,0,869,23,-0.8436949324672879,-0.14203951864033962
260,1560009600,619,589,0,1208,23,-0.8436949324672879,0.5163388095260079
260,1560024000,465,652,187,1117,23,0.5950453585878095,0.3396059839710296
260,1560038400,280,568,288,848,23,1.3721189917245198,-0.18282401684533459
260,1560052800,56,212,156,268,23,0.35653760980327465,-1.309253014888053
260,1560067200,172,74,0,246,23,-0.8436949324672879,-1.3519796320551905
260,1560081600,425,228,0,653,23,-0.8436949324672879,-0.5615372144631451
260,1560096000,476,438,0,914,23,-0.8436949324672879,-0.054644165343921816
260,1560110400,371,575,204,946,23,0.7258399305019092,0.007503641444641953
260,1560124800,190,413,223,603,23,0.8720220991117854,-0.658643162570276
260,1560139200,32,123,91,155,23,-0.14355928280945973,-1.5287124576101687
260,1560153600,720,255,0,975,23,-0.8436949324672879,0.06382509134677787
260,1560168000,822,506,0,1328,23,-0.8436949324672879,0.749393084983122
260,1560182400,616,656,40,1272,23,-0.535942998551759,0.6406344231031353
260,1560196800,627,875,248,1502,23,1.064367057808991,1.0873217843959375
260,1560211200,125,249,124,374,24,0.4749046401943089,-0.8973389067359802
260,1560225600,0,1,1,1,24,-0.5976554158377531,-1.4832797037684022
260,1560240000,534,181,0,715,24,-0.6063754162932983,-0.3616664890736317
260,1560254400,888,553,0,1441,24,-0.6063754162932983,0.7787973678849166
260,1560268800,754,657,0,1411,24,-0.6063754162932983,0.7316707622254724
260,1560283200,810,1113,303,1923,24,2.035784721736903,1.5359648321466526
260,1560297600,160,345,185,505,24,1.0068246679825672,-0.6915527286897407
260,1560312000,0,0,0,0,24,-0.6063754162932983,-1.484850590623717
260,1560326400,809,271,0,1080,24,-0.6063754162932983,0.21170721311627208
260,1560333059,565,331,0,896,24,-0.6063754162932983,-0.07733596826165201
260,1560340443,348,259,0,607,24,-0.6063754162932983,-0.5313222694476306
260,1560340800,20,15,0,35,24,-0.6063754162932983,-1.4298695506876988
260,1560355200,739,730,0,1469,24,-0.6063754162932983,0.8227821998337311
260,1560369600,737,1093,356,1830,24,2.4979447458807997,1.3898723546023757
260,1560384000,169,301,132,470,24,0.5446646438386706,-0.7465337686257588
260,1560398400,0,0,0,0,24,-0.6063754162932983,-1.484850590623717
260,1560412800,704,269,0,973,24,-0.6063754162932983,0.04362231959758796
260,1560427200,904,493,0,1397,24,-0.6063754162932983,0.7096783462510652
260,1560441600,701,659,0,1360,24,-0.6063754162932983,0.6515555326044175
260,1560456000,759,1024,265,1783,24,1.7044247044261847,1.31604067240258
260,1560470400,174,309,135,483,24,0.5708246452053063,-0.7261122395066664
260,1560484800,0,1,1,1,24,-0.5976554158377531,-1.4832797037684022
260,1560499200,706,253,0,959,24,-0.6063754162932983,0.02162990362318069
260,1560513600,935,551,0,1486,24,-0.6063754162932983,0.8494872763740828
260,1560528000,794,757,0,1551,24,-0.6063754162932983,0.9515949219695451
260,1560542400,760,1066,306,1826,24,2.061944723103539,1.3835888071811164
260,1561176000,0,0,0,0,25,-0.2524427291399686,-0.5346331840630778
260,1561190400,0,0,0,0,25,-0.2524427291399686,-0.5346331840630778
260,1561204800,0,0,0,0,25,-0.2524427291399686,-0.5346331840630778
260,1561219200,0,1,1,1,25,-0.23939857596252345,-0.53294413665013
260,1561233600,0,1,1,1,25,-0.23939857596252345,-0.53294413665013
260,1561248000,0,0,0,0,25,-0.2524427291399686,-0.5346331840630778
260,1561262400,0,0,0,0,25,-0.2524427291399686,-0.5346331840630778
260,1561276800,0,0,0,0,25,-0.2524427291399686,-0.5346331840630778
260,1561291200,0,0,0,0,25,-0.2524427291399686,-0.5346331840630778
260,1561305600,0,0,0,0,25,-0.2524427291399686,-0.5346331840630778
260,1561320000,0,0,0,0,25,-0.2524427291399686,-0.5346331840630778
260,1561334400,0,0,0,0,25,-0.2524427291399686,-0.5346331840630778
260,1561348800,0,1,1,1,25,-0.23939857596252345,-0.53294413665013
260,1561363200,623,217,0,840,25,-0.2524427291399686,0.8841666428131072
260,1561377600,833,544,0,1377,25,-0.2524427291399686,1.7911851035660968
260,1561392000,718,683,0,1401,25,-0.2524427291399686,1.831722241476845
260,1561406400,717,1043,326,1760,25,3.9999512067071623,2.4380902627251193
260,1561420800,141,246,105,387,26,0.2939815320374613,-0.8719227538607829
260,1561435200,0,0,0,0,26,-0.7465149015782724,-1.5934129763956892
260,1561449600,612,188,0,800,26,-0.7465149015782724,-0.101960319992782
260,1561464000,856,505,0,1361,26,-0.7465149015782724,0.9439208553097567
260,1561478400,681,671,0,1352,26,-0.7465149015782724,0.927142012925224
260,1561492800,696,924,228,1620,26,1.5128487828444637,1.426778652820198
260,1561507200,148,260,112,408,26,0.3633479609451769,-0.8327721216302065
260,1561521600,0,1,1,1,26,-0.736605411734313,-1.5915486605751856
260,1561536000,691,194,0,885,26,-0.7465149015782724,0.0565065247500269
260,1561550400,997,649,0,1646,26,-0.7465149015782724,1.4752508641532924
260,1561564800,745,681,0,1426,26,-0.7465149015782724,1.065101383642493
260,1561579200,705,1050,345,1755,26,2.6722590945877096,1.6784612885881884
260,1561593600,168,287,119,455,26,0.43271438985289246,-0.7451492780665357
260,1561608000,0,0,0,0,26,-0.7465149015782724,-1.5934129763956892
260,1561622400,632,171,0,803,26,-0.7465149015782724,-0.0963673725312711
260,1561636800,824,504,0,1328,26,-0.7465149015782724,0.8823984332331368
260,1561651200,644,684,40,1328,26,-0.3501353078198976,0.8823984332331368
260,1561665600,721,942,221,1663,26,1.443482353936748,1.506944233101854
260,1561680000,156,288,132,444,26,0.5615377578243642,-0.7656567520920757
260,1561694400,0,0,0,0,26,-0.7465149015782724,-1.5934129763956892
260,1561708800,613,164,0,777,26,-0.7465149015782724,-0.14483958386436557
260,1561723200,845,467,0,1312,26,-0.7465149015782724,0.8525693801050787
260,1561737600,681,721,40,1402,26,-0.3501353078198976,1.0203578039504058
260,1561752000,665,953,288,1618,26,2.1074181734820256,1.4230500211791908
260,1561766400,272,509,237,781,26,1.602034191440098,-0.13738232058235106
260,1561780800,37,151,114,188,26,0.38316694063309564,-1.242921602141006
260,1561795200,229,105,0,334,26,-0.7465149015782724,-0.9707314923474755
260,1561809600,413,314,0,727,26,-0.7465149015782724,-0.23805537488954728
260,1561824000,504,453,0,957,26,-0.7465149015782724,0.19073726382628856
260,1561838400,372,549,177,921,26,1.0074648008025358,0.12362189428815772
260,1561852800,224,348,124,572,26,0.4822618390726893,-0.5270243270676106
260,1561867200,45,148,103,193,26,0.27416255234954257,-1.2336000230384878
260,1561881600,154,65,0,219,26,-0.7465149015782724,-1.1851278117053934
260,1561896000,421,247,0,668,26,-0.7465149015782724,-0.3480500082992617
260,1561910400,474,408,0,882,26,-0.7465149015782724,0.05091357728851599
260,1561924800,351,513,162,864,26,0.8588224531431453,0.017355892519450578
260,1561939200,179,408,229,587,26,1.522758272688423,-0.49905958976005604
260,1561953600,34,116,82,150,26,0.06606326562639583,-1.3137656033201441
260,1561968000,562,200,0,762,26,-0.7465149015782724,-0.1728043211719201
260,1561982400,822,534,0,1356,26,-0.7465149015782724,0.9345992762072386
260,1561996800,713,641,0,1354,26,-0.7465149015782724,0.9308706445662313
260,1562011200,653,958,305,1611,26,2.275879500829335,1.4099998104356652
260,1562025600,244,493,249,737,27,1.844174531212931,0.23945520511858384
260,1562040000,38,145,107,183,27,0.4262614937384238,-0.7553153770521032
260,1562054400,648,257,0,905,27,-0.6421659359078599,0.54111848635446
260,1562057418,311,131,0,442,27,-0.6421659359078599,-0.2902511518134607
260,1562062362,301,222,0,523,27,-0.6421659359078599,-0.1448063555033061
260,1562063208,39,34,0,73,27,-0.6421659359078599,-0.9528330016708316
260,1562068800,238,187,0,425,27,-0.6421659359078599,-0.32077660289090054
260,1562083200,721,744,23,1465,27,-0.4125039650493129,1.5466627571407139
260,1562097600,701,925,224,1626,27,1.5945419541927712,1.835756734991762
260,1562112000,230,492,262,722,27,1.9739834712634141,0.2125209835796663
260,1562126400,34,174,140,208,27,0.7557764954050347,-0.7104250078205739
260,1562140800,646,210,0,856,27,-0.6421659359078599,0.4531333626606628
260,1562155200,864,556,0,1420,27,-0.6421659359078599,1.4658600925239615
260,1562169600,693,761,68,1454,27,0.03683467358697462,1.526910994678841
260,1562184000,748,1007,259,1755,27,1.9440275620209948,2.0673910402264526
260,1562198400,283,532,249,815,27,1.844174531212931,0.3795131571209549
260,1562212800,39,143,104,182,27,0.3963055844960046,-0.7571109918213643
260,1562227200,257,96,0,353,27,-0.6421659359078599,-0.4500608662777046
260,1562241600,459,260,0,719,27,-0.6421659359078599,0.20713413927188282
260,1562256000,471,436,0,907,27,-0.6421659359078599,0.5447097158929823
260,1562270400,346,437,91,783,27,0.26649664444552157,0.32205348450459753
260,1562284800,174,372,198,546,27,1.3349240740918051,-0.10350721581029922
260,1562299200,38,157,119,195,27,0.5460851307081005,-0.7337679998209691
260,1562313600,469,139,0,608,27,-0.6421659359078599,0.007820899883893187
260,1562328000,623,422,0,1045,27,-0.6421659359078599,0.7925045540510235
260,1562342400,617,611,0,1228,27,-0.6421659359078599,1.1211020568258172
260,1562356800,558,749,191,1307,27,1.2650269525261606,1.2629556235974495
260,1562371200,212,416,204,628,27,1.3948358925766435,0.043733195269116544
260,1562385600,0,0,0,0,27,-0.6421659359078599,-1.0839128798268969
260,1562400000,0,0,0,0,27,-0.6421659359078599,-1.0839128798268969
260,1562414400,0,0,0,0,27,-0.6421659359078599,-1.0839128798268969
260,1562428800,0,0,0,0,27,-0.6421659359078599,-1.0839128798268969
260,1562443200,0,0,0,0,27,-0.6421659359078599,-1.0839128798268969
260,1562457600,0,0,0,0,27,-0.6421659359078599,-1.0839128798268969
260,1562472000,0,0,0,0,27,-0.6421659359078599,-1.0839128798268969
260,1562486400,0,0,0,0,27,-0.6421659359078599,-1.0839128798268969
260,1562500800,0,1,1,1,27,-0.6321806328270535,-1.0821172650576356
260,1562515200,1,1,0,2,27,-0.6421659359078599,-1.0803216502883746
260,1562529600,0,0,0,0,27,-0.6421659359078599,-1.0839128798268969
260,1562544000,0,0,0,0,27,-0.6421659359078599,-1.0839128798268969
260,1562558400,0,1,1,1,27,-0.6321806328270535,-1.0821172650576356
260,1562572800,528,211,0,739,27,-0.6421659359078599,0.24304643465710618
260,1562587200,783,528,0,1311,27,-0.6421659359078599,1.2701380826744941
260,1562601600,650,680,30,1330,27,-0.34260684348366816,1.3042547632904564
260,1562616000,648,1022,374,1670,27,3.09233741631373,1.9147637848392534
260,1562630400,237,457,220,694,28,1.304549786419241,-0.2422915242420537
260,1562644800,39,138,99,177,28,0.19124634148513817,-1.2396598953116185
260,1562659200,656,220,0,876,28,-0.7196382952791278,0.1088130087070001
260,1562673600,938,599,0,1537,28,-0.7196382952791278,1.383978372879113
260,1562688000,666,617,0,1283,28,-0.7196382952791278,0.8939753433787851
260,1562702400,459,818,359,1277,28,2.5834686198559376,0.882400468666179
260,1562716800,229,475,246,704,28,1.543772014256321,-0.22300006638771008
260,1562731200,38,56,18,94,28,-0.5540229067765341,-1.3997789955026705
260,1562745600,676,193,0,869,28,-0.7196382952791278,0.09530898820895957
260,1562760000,847,490,0,1337,28,-0.7196382952791278,0.9981492157922407
260,1562774400,687,627,0,1314,28,-0.7196382952791278,0.9537788627272504
260,1562788800,710,1018,308,1728,28,2.1142250190985887,1.752445217897076
260,1562803200,259,482,223,741,28,1.3321523511696733,-0.1516216723266387
260,1562817600,27,66,39,93,28,-0.36080495352350794,-1.401708141288105
260,1562832000,709,206,0,915,28,-0.7196382952791278,0.1840496943389402
260,1562846400,876,546,0,1422,28,-0.7196382952791278,1.1621266075541614
260,1562860800,638,594,0,1232,28,-0.7196382952791278,0.7955889083216328
260,1562875200,686,980,294,1666,28,1.9854130502632379,1.6328381792001456
260,1562889600,202,385,183,587,28,0.9641181544972427,-0.4487101232835304
260,1562904000,32,59,27,91,28,-0.4712152125252371,-1.4055664328589736
260,1562918400,687,195,0,882,28,-0.7196382952791278,0.12038788341960627
260,1562932800,812,504,0,1316,28,-0.7196382952791278,0.9576371542981191
260,1562947200,679,663,0,1342,28,-0.7196382952791278,1.0077949447194126
260,1562961600,814,1105,291,1919,28,1.9578104855128056,2.120912062915039
260,1562976000,254,463,209,717,28,1.2033403823343225,-0.19792117117706337
260,1562990400,37,76,39,113,28,-0.36080495352350794,-1.3631252255794177
260,1563004800,141,88,0,229,28,-0.7196382952791278,-1.1393443144690318
260,1563019200,357,259,0,616,28,-0.7196382952791278,-0.39276489550593385
260,1563033600,360,342,0,702,28,-0.7196382952791278,-0.22685835795857878
260,1563048000,337,321,0,658,28,-0.7196382952791278,-0.3117407725176907
260,1563062400,202,345,143,547,28,0.5960839578248119,-0.5258759547009049
260,1563076800,37,136,99,173,28,0.19124634148513817,-1.247376478453356
260,1563091200,100,48,0,148,28,-0.7196382952791278,-1.295605123089215
260,1563105600,231,153,0,384,28,-0.7196382952791278,-0.8403267177267058
260,1563120000,244,278,34,522,28,-0.40680922810756176,-0.5741045993367638
260,1563134400,216,250,34,466,28,-0.40680922810756176,-0.6821367633210881
260,1563148800,125,176,51,301,28,-0.2503946945217787,-1.0004458179177578
260,1563163200,21,51,30,72,28,-0.4436126477748048,-1.4422202027822264
260,1563177600,575,196,0,771,28,-0.7196382952791278,-0.09374729876360785
260,1563192000,680,489,0,1169,28,-0.7196382952791278,0.674052723839268
260,1563206400,542,625,83,1167,28,0.04403266281616587,0.6701944322683993
260,1563220800,658,914,256,1572,28,1.6357805634244287,1.4514984753693156
260,1563235200,225,453,228,678,29,1.503278689366166,-0.17570140312450166
260,1563249600,29,60,31,89,29,-0.3620674227837527,-1.340670931533486
260,1563264000,677,194,0,871,29,-0.6555990444926232,0.20602884981766126
260,1563278400,851,624,0,1475,29,-0.6555990444926232,1.4006665326003889
260,1563292800,651,654,3,1305,29,-0.627192758520797,1.0644274496979655
260,1563307200,678,1011,333,1689,29,2.4974986983800824,1.8239322016657922
260,1563321600,182,485,303,667,29,2.2134358386618205,-0.19745804966524672
260,1563336000,30,50,20,80,29,-0.46622380468044866,-1.3584718241577318
260,1563350400,607,208,0,815,29,-0.6555990444926232,0.09526774015568652
260,1563364800,881,533,0,1414,29,-0.6555990444926232,1.2800160381471664
260,1563379200,598,600,2,1198,29,-0.6366615205114057,0.8527946151652638
260,1563393600,656,914,258,1570,29,1.787341549084428,1.588564843634096
260,1563408000,188,521,333,709,29,2.4974986983800824,-0.11438721741876565
260,1563422400,20,50,30,70,29,-0.37153618477436146,-1.3782505937402274
260,1563436800,617,199,0,816,29,-0.6555990444926232,0.09724561711393608
260,1563451200,829,536,0,1365,29,-0.6555990444926232,1.1831000671929384
260,1563465600,652,591,0,1243,29,-0.6555990444926232,0.9417990782864935
260,1563480000,668,929,261,1597,29,1.8157478350562541,1.6419675215068337
260,1563494400,260,465,205,725,29,1.2854971635821655,-0.08274118608677287
260,1563508800,26,69,43,95,29,-0.24844227889644802,-1.3288036697839887
260,1563523200,618,172,0,790,29,-0.6555990444926232,0.045820816199447806
260,1563537600,760,487,0,1247,29,-0.6555990444926232,0.9497105861194917
260,1563552000,672,673,1,1345,29,-0.6461302825020144,1.1435425280279474
260,1563566400,460,603,143,1063,29,0.6984339201644245,0.5857812258015747
260,1563580800,214,369,155,583,29,0.8120590640517292,-0.3635997141582088
260,1563595200,29,68,39,97,29,-0.2863173268588829,-1.3248479158674895
260,1563609600,139,74,0,213,29,-0.6555990444926232,-1.095414188710542
260,1563624000,283,242,0,525,29,-0.6555990444926232,-0.4783165777366826
260,1563638400,320,280,0,600,29,-0.6555990444926232,-0.3299758058679665
260,1563652800,225,263,38,488,29,-0.29578608884949165,-0.5514980251919159
260,1563667200,130,205,75,335,29,0.0545581048030312,-0.854113199804097
260,1563681600,26,55,29,81,29,-0.38100494676497015,-1.3564939471994824
260,1563696000,93,43,0,136,29,-0.6555990444926232,-1.247710714495757
260,1563710400,183,152,0,335,29,-0.6555990444926232,-0.854113199804097
260,1563724800,226,211,0,437,29,-0.6555990444926232,-0.652369750062643
260,1563739200,198,253,55,451,29,-0.1348171350091433,-0.6246794726471493
260,1563753600,120,155,35,275,29,-0.3241923748213178,-0.9727858172990699
260,1563768000,20,55,35,75,29,-0.3241923748213178,-1.3683612089489796
260,1563782400,583,194,0,777,29,-0.6555990444926232,0.02010841574220367
260,1563796800,799,473,0,1272,29,-0.6555990444926232,0.9991575100757304
260,1563811200,576,568,0,1144,29,-0.6555990444926232,0.7459892594197881
260,1563825600,607,860,253,1467,29,1.7399977391313843,1.3848435169343924
260,1563840000,160,335,175,495,30,0.892648421333826,-0.6139422262444498
260,1563854400,32,108,76,140,30,-0.03018403413759335,-1.2931645007346737
260,1563868800,603,191,0,794,30,-0.7386210706611073,-0.04186487392733176
260,1563883200,834,496,0,1330,30,-0.7386210706611073,0.9836650954438231
260,1563897600,629,602,0,1231,30,-0.7386210706611073,0.7942481794592254
260,1563912000,685,959,274,1644,30,1.8154808768052455,1.5844419804858803
260,1563926400,234,439,205,673,30,1.172294619961529,-0.27337443790850663
260,1563940800,31,138,107,169,30,0.25878370444436627,-1.2376787374664582
260,1563955200,666,202,0,868,30,-0.7386210706611073,0.09971948751570081
260,1563969600,892,506,0,1398,30,-0.7386210706611073,1.11376964379688
260,1563984000,679,630,0,1309,30,-0.7386210706611073,0.9434857496289084
260,1563998400,718,957,239,1675,30,1.4892269784062588,1.6437543481174208
260,1564012800,217,507,290,724,30,1.9646255160733537,-0.1757960266437139
260,1564027200,28,147,119,175,30,0.3706421838954474,-1.2261989243764826
260,1564041600,543,193,0,736,30,-0.7386210706611073,-0.15283640046376268
260,1564056000,911,518,0,1429,30,-0.7386210706611073,1.1730820114284206
260,1564070400,546,606,60,1152,30,-0.17932867340570155,0.6430973071078798
260,1564084800,697,1044,347,1741,30,2.495953293465989,1.7700322921071527
260,1564099200,249,510,261,759,30,1.6943008573999077,-0.10883045028552284
260,1564113600,42,134,92,176,30,0.11896060513051485,-1.22428562219482
260,1564128000,617,182,0,799,30,-0.7386210706611073,-0.03229836301901874
260,1564142400,803,507,0,1310,30,-0.7386210706611073,0.945399051810571
260,1564156800,659,709,50,1368,30,-0.27254407294826916,1.0563705783470019
260,1564171200,722,989,267,1711,30,1.750230097125448,1.7126332266572746
260,1564185600,273,478,205,751,30,1.172294619961529,-0.12413686773882365
260,1564200000,33,81,48,114,30,-0.2911871528567827,-1.3429103574579013
260,1564214400,171,81,0,252,30,-0.7386210706611073,-1.0788746563884621
260,1564228800,317,231,0,548,30,-0.7386210706611073,-0.512537210616332
260,1564243200,362,303,0,665,30,-0.7386210706611073,-0.28868085536180743
260,1564257600,323,348,25,671,30,-0.5055825718046882,-0.27720104227183184
260,1564272000,184,234,50,418,30,-0.27254407294826916,-0.7612664942324702
260,1564286400,33,58,25,91,30,-0.5055825718046882,-1.3869163076361413
260,1564300800,87,46,0,133,30,-0.7386210706611073,-1.306557616006312
260,1564315200,221,159,0,380,30,-0.7386210706611073,-0.8339719771356491
260,1564329600,299,263,0,562,30,-0.7386210706611073,-0.4857509800730555
260,1564344000,225,262,37,487,30,-0.39372409235360706,-0.6292486436977507
260,1564358400,126,162,36,288,30,-0.40304563230786383,-1.0099957778486086
260,1564372800,25,47,22,72,30,-0.5335471916674585,-1.4232690490877307
260,1564387200,568,187,0,755,30,-0.7386210706611073,-0.11648365901217324
260,1564401600,807,504,0,1311,30,-0.7386210706611073,0.9473123539922337
260,1564416000,642,633,0,1275,30,-0.7386210706611073,0.8784334754523799
260,1564430400,685,1003,318,1688,30,2.225628634792543,1.6686272764790346
260,1564444800,227,438,211,665,31,1.0118398995123472,-0.6696241169733393
260,1564459200,30,109,79,139,31,-0.20098976437532434,-1.7328029438720234
260,1564473600,665,199,0,864,31,-0.9268499420050671,-0.26739486497174597
260,1564488000,899,507,0,1406,31,-0.9268499420050671,0.8281240022888753
260,1564502400,598,612,14,1210,31,-0.7982164928048595,0.4319585078551451
260,1564516800,692,917,225,1609,31,1.1404733487125547,1.238438264380953
260,1564531200,226,450,224,676,31,1.1312852451982542,-0.6473903392245076
260,1564545600,31,141,110,172,31,0.08384144456799245,-1.6661016106255282
260,1564560000,653,180,0,833,31,-0.9268499420050671,-0.3300536931729992
260,1564574400,891,491,0,1382,31,-0.9268499420050671,0.7796139417459695
260,1564588800,658,613,0,1271,31,-0.9268499420050671,0.5552549117350305
260,1564603200,648,914,266,1562,31,1.5171855927988769,1.1434393958177627
260,1564617600,186,404,218,590,31,1.076156624112451,-0.8212180561699198
260,1564632000,30,151,121,181,31,0.1849105832252984,-1.6479103379219384
260,1564646400,647,206,0,853,31,-0.9268499420050671,-0.28962864272057776
260,1564660800,849,545,0,1394,31,-0.9268499420050671,0.8038689720174225
260,1564675200,644,630,0,1274,31,-0.9268499420050671,0.5613186693028938
260,1564689600,719,1021,302,1740,31,1.8479573193136964,1.5032223448443136
260,1564704000,254,495,241,749,31,1.2874830049413633,-0.4998389050731693
260,1564718400,41,161,120,202,31,0.17572247971099786,-1.6054640349468958
260,1564732800,614,178,0,792,31,-0.9268499420050671,-0.4129250466004632
260,1564747200,781,510,0,1291,31,-0.9268499420050671,0.595679962187452
260,1564761600,673,704,31,1377,31,-0.6420187330617503,0.7695076791328642
260,1564776000,710,969,259,1679,31,1.4528688681987731,1.379925940964428
260,1565409600,31,174,143,205,32,0.830416687914346,-1.2946411435045346
260,1565424000,247,100,0,347,32,-0.8297337794538902,-0.9498795637560574
260,1565438400,450,331,0,781,32,-0.8297337794538902,0.103828363080838
260,1565452800,534,529,0,1063,32,-0.8297337794538902,0.7884957256799268
260,1565467200,441,516,75,957,32,0.04097450762735262,0.5311384900930353
260,1565481600,233,398,165,631,32,1.085824452124844,-0.26035640425910284
260,1565496000,41,161,120,202,32,0.5633994798760983,-1.3019248388513336
260,1565510400,164,68,0,232,32,-0.8297337794538902,-1.2290878853833453
260,1565524800,507,219,0,726,32,-0.8297337794538902,-0.029706051610473638
260,1565539200,597,395,0,992,32,-0.8297337794538902,0.6161149358056881
260,1565553600,375,606,231,981,32,1.8520477447563375,0.5894080528674257
260,1565568000,208,335,127,543,32,0.6446655866703476,-0.4740114677652014
260,1565582400,33,129,96,162,32,0.28477282801010056,-1.399040776808651
260,1565596800,502,176,0,678,32,-0.8297337794538902,-0.1462451771592547
260,1565611200,708,496,0,1204,32,-0.8297337794538902,1.130829406979471
260,1565625600,626,592,0,1218,32,-0.8297337794538902,1.1648199852645322
260,1565640000,685,943,258,1628,32,2.1655027281055848,2.1602583493270373
260,1565654400,223,486,263,709,33,2.3185097281773097,-0.17898908549798825
260,1565668800,36,138,102,174,33,0.5308894087462467,-1.2240763727774862
260,1565683200,634,192,0,826,33,-0.6016402346200169,0.049562713776219666
260,1565697600,779,468,0,1247,33,-0.6016402346200169,0.8719585043270021
260,1565712000,598,586,0,1184,33,-0.6016402346200169,0.7488921508716593
260,1565726400,611,938,327,1549,33,3.0291165632306516,1.4618956272399148
260,1565740800,217,459,242,676,33,2.085341860425432,-0.24345241349840588
260,1565755200,37,152,115,189,33,0.6752314221164567,-1.1947748600500234
260,1565769600,655,217,0,872,33,-0.6016402346200169,0.13942068614043818
260,1565784000,762,533,0,1295,33,-0.6016402346200169,0.9657233450548822
260,1565798400,652,669,17,1321,33,-0.412885294058973,1.016512633782484
260,1565812800,697,948,251,1645,33,2.185270946604808,1.6494253086956752
260,1565827200,220,444,224,664,33,1.8854836880666794,-0.26689362368037595
260,1565841600,41,143,102,184,33,0.5308894087462467,-1.2045420309591777
260,1565856000,647,195,0,842,33,-0.6016402346200169,0.08081766068551306
260,1565870400,829,520,0,1349,33,-0.6016402346200169,1.0712087908737473
260,1565884800,743,586,0,1329,33,-0.6016402346200169,1.0321401072371306
260,1565899200,930,940,10,1870,33,-0.49060791664293224,2.0889479996076132
260,1565913600,294,484,190,778,33,1.5079738069445916,-0.04420212695166051
260,1565928000,52,165,113,217,33,0.6530249585210398,-1.14007870295876
260,1565942400,607,175,0,782,33,-0.6016402346200169,-0.03638839022433716
260,1565956800,754,439,0,1193,33,-0.6016402346200169,0.7664730585081369
260,1565971200,706,666,0,1372,33,-0.6016402346200169,1.1161377770558567
260,1565985600,895,909,14,1804,33,-0.4461949894520984,1.9600213436067782
260,1566000000,295,469,174,764,33,1.3303220981812562,-0.07155020549729223
260,1566014400,46,83,37,129,33,-0.19082065810480364,-1.3119809109598737
260,1566028800,175,66,0,241,33,-0.6016402346200169,-1.09319628259482
260,1566043200,459,335,0,794,33,-0.6016402346200169,-0.01294718004236712
260,1566057600,363,332,0,695,33,-0.6016402346200169,-0.20633716404361999
260,1566072000,304,292,0,596,33,-0.6016402346200169,-0.39972714804487286
260,1566086400,178,167,0,345,33,-0.6016402346200169,-0.890039127684413
260,1566100800,37,68,31,105,33,-0.25744004889105443,-1.3588633313238139
260,1566115200,84,46,0,130,33,-0.6016402346200169,-1.3100274767780429
260,1566129600,215,132,0,347,33,-0.6016402346200169,-0.8861322593207512
260,1566144000,335,265,0,600,33,-0.6016402346200169,-0.3919134113175495
260,1566158400,275,262,0,537,33,-0.6016402346200169,-0.5149797647728922
260,1566172800,131,140,9,271,33,-0.5017111484406407,-1.0345932571398948
260,1566187200,30,33,3,63,33,-0.5683305392268915,-1.440907566960709
260,1566201600,560,173,0,733,33,-0.6016402346200169,-0.13210666513404817
260,1566213373,604,367,0,971,33,-0.6016402346200169,0.332810670141691
260,1566216000,105,82,0,187,33,-0.6016402346200169,-1.1986817284136853
260,1566230400,601,602,1,1203,33,-0.5905370028223085,0.7860074003264452
260,1566244800,770,875,105,1645,33,0.5641991041393721,1.6494253086956752
260,1566259200,270,418,148,688,34,0.8588283706464851,-0.21146888485558102
260,1566273600,43,105,62,148,34,-0.033088844642504014,-1.2992698167051109
260,1566288000,616,191,0,807,34,-0.6760989300834032,0.028250209385333902
260,1566302400,818,488,0,1306,34,-0.6760989300834032,1.0334588482611033
260,1566316800,608,604,0,1212,34,-0.6760989300834032,0.8441009082724814
260,1566331200,814,909,95,1723,34,0.3091584588986197,1.8734829011893515
260,1566345600,226,493,267,719,34,2.0929928894765975,-0.14902105358273765
260,1566360000,41,175,134,216,34,0.7136325449017659,-1.1622874771388738
260,1566374400,709,725,16,1434,34,-0.5101608435180098,1.2913079580328437
260,1566388800,763,470,0,1233,34,-0.6760989300834032,0.8864042778444076
260,1566403200,606,583,0,1189,34,-0.6760989300834032,0.7977686463603717
260,1566417600,659,921,262,1580,34,2.041137237424912,1.585417098866235
260,1566432000,218,422,204,640,34,1.4396116736253615,-0.3081623010199837
260,1566446400,40,155,115,195,34,0.5165810671053613,-1.2045908467108
260,1566460800,635,204,0,839,34,-0.6760989300834032,0.092712486828269
260,1566475200,811,471,0,1282,34,-0.6760989300834032,0.9851121401789019
260,1566489600,633,577,0,1210,34,-0.6760989300834032,0.840072015932298
260,1566504000,676,945,269,1621,34,2.1137351502972717,1.6680093918399956
260,1566518400,219,439,220,658,34,1.605549760190755,-0.2719022699583327
260,1566532800,42,141,99,183,34,0.350642980539968,-1.2287642007519006
260,1566547200,582,190,0,772,34,-0.6760989300834032,-0.04225540656787637
260,1566561600,704,412,0,1116,34,-0.6760989300834032,0.650714075943676
260,1566576000,637,635,0,1272,34,-0.6760989300834032,0.9649676784779847
260,1566590400,616,868,252,1484,34,1.9374259333215413,1.3920302665374298
260,1566604800,261,436,175,697,34,1.1388488917255863,-0.19333886932475552
260,1566619200,39,79,40,118,34,-0.26125371366991984,-1.3597032018078627
260,1566633600,148,70,0,218,34,-0.6760989300834032,-1.1582585847986904
260,1566648000,273,222,0,495,34,-0.6760989300834032,-0.6002569956832834
260,1566662400,343,263,0,606,34,-0.6760989300834032,-0.37665347080310224
260,1566676800,315,314,0,629,34,-0.6760989300834032,-0.33032120889099265
260,1566691200,183,184,1,367,34,-0.6657277996730661,-0.8581061054550239
260,1566705600,27,56,29,83,34,-0.3753361481836277,-1.430208817761073
260,1566720000,77,44,0,121,34,-0.6760989300834032,-1.3536598632975876
260,1566734400,204,142,0,346,34,-0.6760989300834032,-0.90040947502695
260,1566748800,270,248,0,518,34,-0.6760989300834032,-0.5539247337711738
260,1566763200,263,232,0,495,34,-0.6760989300834032,-0.6002569956832834
260,1566777600,125,152,27,277,34,-0.3960784090043019,-1.0394062607632788
260,1566792000,25,43,18,68,34,-0.4894185826973356,-1.4604255103124488
260,1566806400,562,184,0,746,34,-0.6760989300834032,-0.09463100699026115
260,1566820800,705,460,0,1165,34,-0.6760989300834032,0.7494219382781704
260,1566835200,663,573,0,1236,34,-0.6760989300834032,0.8924476163546827
260,1566849600,644,949,305,1593,34,2.487095845069407,1.6116048990774274
260,1566864000,144,264,120,408,35,0.5727802387844326,-0.7169817561988827
260,1566878400,0,1,1,1,35,-0.6984256375231136,-1.5258575574438469
260,1566892800,614,177,0,791,35,-0.7091080398450258,0.04419620910043259
260,1566907200,828,516,0,1344,35,-0.7091080398450258,1.1432338456814284
260,1566921600,613,644,31,1257,35,-0.377953567865749,0.9703291903784507
260,1566936000,672,899,227,1571,35,1.715797287229033,1.594375877334025
260,1566950400,54,260,206,314,35,1.4914668384688778,-0.9037982803193413
260,1566964800,0,1,1,1,35,-0.6984256375231136,-1.5258575574438469
260,1566979200,623,177,0,800,35,-0.7091080398450258,0.06208289758005097
260,1566993600,823,461,0,1284,35,-0.7091080398450258,1.0239892558173058
260,1567008000,649,638,0,1287,35,-0.7091080398450258,1.0299514853105118
260,1567022400,669,1004,335,1673,35,2.8694967379955454,1.7970916801030334
260,1567036800,128,253,125,381,35,0.6261922503939934,-0.7706418216377379
260,1567051200,0,0,0,0,35,-0.7091080398450258,-1.5278449672749157
260,1567065600,607,180,0,787,35,-0.7091080398450258,0.03624656977615776
260,1567080000,863,528,0,1391,35,-0.7091080398450258,1.2366421077416576
260,1567094400,621,610,0,1231,35,-0.7091080398450258,0.9186565347706642
260,1567108800,740,962,222,1702,35,1.6623852756194724,1.854726565204026
260,1567123200,137,229,92,366,35,0.27367297377089234,-0.8004529691037684
260,1567137600,0,1,1,1,35,-0.6984256375231136,-1.5258575574438469
260,1567152000,545,184,0,729,35,-0.7091080398450258,-0.07902320042582732
260,1567166400,817,507,0,1324,35,-0.7091080398450258,1.1034856490600542
260,1567180800,698,686,0,1384,35,-0.7091080398450258,1.2227302389241765
260,1567195200,677,1007,330,1684,35,2.8160847263859847,1.8189531882447891
260,1567209600,233,380,147,613,35,0.8612051014760608,-0.3095627408297975
260,1567224000,42,130,88,172,35,0.2309433644832437,-1.186010476331098
260,1567238400,216,109,0,325,35,-0.7091080398450258,-0.8819367721775855
260,1567252800,401,332,0,733,35,-0.7091080398450258,-0.07107356110155248
260,1567267200,500,499,0,999,35,-0.7091080398450258,0.4575774539627239
260,1567281600,450,530,80,980,35,0.14548414590794648,0.41981666717241845
260,1567296000,249,400,151,649,35,0.9039347107637093,-0.23801598691132397
260,1567310400,36,153,117,189,35,0.5407330318186961,-1.1522245092029297
260,1567324800,166,74,0,240,35,-0.7091080398450258,-1.0508666078184257
260,1567339200,339,244,0,583,35,-0.7091080398450258,-0.36918503576185874
260,1567353600,464,434,0,898,35,-0.7091080398450258,0.2568490610247844
260,1567368000,376,483,107,859,35,0.43390900859957465,0.17934007761310475
260,1567382400,173,391,218,564,35,1.6196556663318236,-0.4069458225521642
260,1567396800,36,141,105,177,35,0.4125442039557503,-1.1760734271757542
260,1567411200,198,75,0,273,35,-0.7091080398450258,-0.9852820833931583
260,1567425600,338,242,0,580,35,-0.7091080398450258,-0.37514726525506487
260,1567440000,484,395,0,879,35,-0.7091080398450258,0.21908827423447894
260,1567454400,390,474,84,864,35,0.1882137551955951,0.1892771267684483
260,1567468800,175,338,163,513,36,0.5962966303306954,-0.8106782910723301
260,1567483200,33,92,59,125,36,-0.3460418940124585,-1.5519842464796973
260,1567497600,572,215,0,787,36,-0.8806377876302093,-0.2871787246248595
260,1567512000,868,548,0,1416,36,-0.8806377876302093,0.9145775793731662
260,1567526400,752,669,0,1421,36,-0.8806377876302093,0.9241304911696528
260,1567540800,733,1094,361,1827,36,2.3903642055224688,1.6998269290443722
260,1567555200,232,509,277,741,36,1.629244628168383,-0.37506551315253706
260,1567569600,23,142,119,165,36,0.19761494695474563,-1.475560952107804
260,1567584000,688,227,0,915,36,-0.8806377876302093,-0.04262418263480022
260,1567598400,917,522,0,1439,36,-0.8806377876302093,0.958520973637005
260,1567612800,661,676,15,1337,36,-0.7447235773884082,0.7636415729886765
260,1567627200,719,1053,334,1772,36,2.145718627087227,1.5947448992830187
260,1567641600,237,448,211,685,36,1.0312221031044586,-0.482058125273188
260,1567656000,31,136,105,167,36,0.07076168406239801,-1.471739787389209
260,1567670400,707,270,0,977,36,-0.8806377876302093,0.07583192364163474
260,1567684800,914,529,0,1443,36,-0.8806377876302093,0.9661633030741943
260,1567699200,705,692,0,1397,36,-0.8806377876302093,0.8782765145465168
260,1567713600,773,1083,310,1856,36,1.9282558907003453,1.755233817463995
260,1567728000,256,469,213,725,36,1.0493439978033654,-0.4056348309012945
260,1567742400,41,155,114,196,36,0.15231021020747862,-1.4163328989695863
260,1567756800,553,355,0,908,36,-0.8806377876302093,-0.05599825914988159
260,1567771200,560,622,62,1182,36,-0.3188590519640983,0.46750130729758904
260,1567785600,780,838,58,1618,36,-0.3551028413619119,1.3005152159512285
260,1567800000,650,934,284,1584,36,1.692671259614557,1.235555415735119
260,1567814400,229,409,180,638,36,0.7503327352714032,-0.5718554961601628
260,1567828800,45,190,145,235,36,0.4331995780405341,-1.3418201869569901
260,1567843200,256,91,0,347,36,-0.8806377876302093,-1.1278349627156883
260,1567857600,459,313,0,772,36,-0.8806377876302093,-0.31583746001431956
260,1567872000,539,535,0,1074,36,-0.8806377876302093,0.26115841249347654
260,1567886400,487,578,91,1065,36,-0.056091578829949626,0.2439631712598005
260,1567900800,278,422,144,700,36,0.4241386306910807,-0.4533993898837279
260,1567915200,47,178,131,225,36,0.30634631514818644,-1.3609260105499634
260,1567929600,173,71,0,244,36,-0.8806377876302093,-1.3246249457233141
260,1567944000,412,247,0,659,36,-0.8806377876302093,-0.5317332666149188
260,1567958400,494,431,0,925,36,-0.8806377876302093,-0.02351835904182684
260,1567972800,431,565,134,996,36,0.3335291571965467,0.11213298846828416
260,1567987200,199,366,167,565,36,0.6325404197285089,-0.7113280083888686
260,1568001600,35,93,58,128,36,-0.3551028413619119,-1.5462524994018054
260,1568016000,730,250,0,980,36,-0.8806377876302093,0.08156367071952676
260,1568030400,891,522,0,1413,36,-0.8806377876302093,0.9088458322952742
260,1568044800,665,700,35,1365,36,-0.5635046303993402,0.8171378790490019
260,1568059200,764,1076,312,1840,36,1.946377785399252,1.7246644997152376
260,1568073600,193,466,273,659,37,1.507379347040202,-0.1947565473981475
260,1568088000,33,123,90,156,37,0.07616036478560133,-0.9143135289184806
260,1568102400,501,276,0,777,37,-0.6277178232084645,-0.025953915550435143
260,1568116800,830,563,0,1393,37,-0.6277178232084645,0.8552530439257581
260,1568131200,752,671,0,1423,37,-0.6277178232084645,0.8981689672768713
260,1568145600,752,1038,286,1790,37,1.609050640861567,1.4231737629388241
260,1568160000,269,509,240,778,37,1.2492906781090445,-0.0245233847720647
260,1568174400,35,128,93,163,37,0.09962297105207019,-0.9042998134698875
260,1568188800,817,233,0,1050,37,-0.6277178232084645,0.36458098694469593
260,1568203200,1022,556,0,1578,37,-0.6277178232084645,1.11990123792429
260,1568217600,714,737,23,1451,37,-0.44783784183220327,0.9382238290712438
260,1568232000,819,1070,251,1889,37,1.3353202344194302,1.5647963099974982
260,1568246400,258,484,226,742,37,1.1397985155321897,-0.07602249279340066
260,1568260800,39,149,110,188,37,0.23257773989539374,-0.8685365440106264
260,1568275200,801,317,0,1118,37,-0.6277178232084645,0.46185707987388613
260,1568289600,993,553,0,1546,37,-0.6277178232084645,1.0741242530164359
260,1568304000,733,684,0,1417,37,-0.6277178232084645,0.8895857826066488
260,1568318400,725,1163,438,1888,37,2.7978226916959894,1.5633657792191276
260,1568332800,238,553,315,791,37,1.8358558347707659,-0.005926484653248934
260,1568347200,40,144,104,184,37,0.18565252736245602,-0.8742586671241082
260,1568361600,760,244,0,1004,37,-0.6277178232084645,0.29877657113965556
260,1568376000,905,548,0,1453,37,-0.6277178232084645,0.9410848906279847
260,1568390400,801,865,64,1666,37,-0.1271822228571288,1.2457879464208892
260,1568404800,829,1132,303,1961,37,1.7420054097048905,1.66779452604017
260,1568419200,309,426,117,735,37,0.2873238211838211,-0.08603620824199378
260,1568433600,0,1,1,1,37,-0.6198969544529749,-1.1360457995658992
260,1568448000,0,1,1,1,37,-0.6198969544529749,-1.1360457995658992
260,1568462400,0,0,0,0,37,-0.6277178232084645,-1.1374763303442699
260,1568476800,0,0,0,0,37,-0.6277178232084645,-1.1374763303442699
260,1568491200,0,0,0,0,37,-0.6277178232084645,-1.1374763303442699
260,1568505600,0,0,0,0,37,-0.6277178232084645,-1.1374763303442699
260,1568520000,0,1,1,1,37,-0.6198969544529749,-1.1360457995658992
260,1568534400,0,0,0,0,37,-0.6277178232084645,-1.1374763303442699
260,1568548800,0,0,0,0,37,-0.6277178232084645,-1.1374763303442699
260,1568563200,0,0,0,0,37,-0.6277178232084645,-1.1374763303442699
260,1568577600,0,0,0,0,37,-0.6277178232084645,-1.1374763303442699
260,1568592000,0,0,0,0,37,-0.6277178232084645,-1.1374763303442699
260,1568606400,0,1,1,1,37,-0.6198969544529749,-1.1360457995658992
260,1568620800,732,206,0,938,37,-0.6277178232084645,0.20436153976720628
260,1568635200,927,542,0,1469,37,-0.6277178232084645,0.9639733830819118
260,1568649600,701,668,0,1369,37,-0.6277178232084645,0.8209203052448675
260,1568664000,691,1125,434,1816,37,2.7665392166740306,1.4603675631764557
260,1568678400,230,450,220,680,38,1.2142271048620357,-0.4873128439153446
260,1568692800,1,1,0,2,38,-0.7760972607447073,-1.6516626126125546
260,1568707200,589,222,0,811,38,-0.7760972607447073,-0.2623426083706034
260,1568721600,858,546,0,1404,38,-0.7760972607447073,0.7560341067288738
260,1568736000,670,653,0,1323,38,-0.7760972607447073,0.6169303733004461
260,1568750400,832,1096,264,1928,38,1.6122919779833844,1.6559150489078385
260,1568764800,237,493,256,730,38,1.5399165465067755,-0.40144634179903116
260,1568779200,0,1,1,1,38,-0.7670503318101312,-1.653379942654881
260,1568793600,770,243,0,1013,38,-0.7760972607447073,0.08455806017930284
260,1568808000,954,557,0,1511,38,-0.7760972607447073,0.9397884212577846
260,1568822400,752,752,0,1504,38,-0.7760972607447073,0.9277671109615007
260,1568836800,827,1058,231,1885,38,1.313743323142373,1.582069857087809
260,1568851200,281,483,202,764,38,1.0513823840396657,-0.343057120359938
260,1568865600,0,3,3,3,38,-0.748956473940979,-1.6499452825702283
260,1568880000,743,240,0,983,38,-0.7760972607447073,0.03303815890951479
260,1568894400,984,549,0,1533,38,-0.7760972607447073,0.9775696821889625
260,1568908800,749,663,0,1412,38,-0.7760972607447073,0.769772747067484
260,1568923200,789,1125,336,1914,38,2.263670861272864,1.6318724283152708
260,1568937600,237,488,251,725,38,1.494681901833895,-0.4100329920106625
260,1568952000,0,7,7,7,38,-0.7127687582026745,-1.6430759624009232
260,1568966400,710,244,0,954,38,-0.7760972607447073,-0.016764412317947
260,1568980800,909,590,0,1499,38,-0.7760972607447073,0.9191804607498694
260,1568995200,782,772,0,1554,38,-0.7760972607447073,1.013633613077814
260,1569009600,799,1107,308,1906,38,2.0103568511047327,1.6181337879766606
260,1569024000,280,473,193,753,38,0.9699600236284808,-0.361947750825527
260,1569038400,41,192,151,233,38,0.5899890083762844,-1.2549593728351867
260,1569052800,221,104,0,325,38,-0.7760972607447073,-1.09696500894117
260,1569067200,445,340,0,785,38,-0.7760972607447073,-0.3069931894710864
260,1569081600,516,559,43,1075,38,-0.3870793165579348,0.1910325228035315
260,1569096000,450,609,159,1059,38,0.6623644398528933,0.1635552421263112
260,1569110400,280,414,134,694,38,0.4361912164884907,-0.46327022332277684
260,1569124800,49,207,158,256,38,0.6533175109183171,-1.2154607818616825
260,1569139200,151,75,0,226,38,-0.7760972607447073,-1.2669806831314705
260,1569153600,374,230,0,604,38,-0.7760972607447073,-0.617829927132141
260,1569168000,491,447,0,938,38,-0.7760972607447073,-0.044241692995167295
260,1569182400,401,545,144,946,38,0.5266605058342517,-0.030503052656557148
260,1569196800,169,350,181,519,38,0.8613968764135675,-0.7638029807298738
260,1569211200,25,94,69,119,38,-0.1518591642589561,-1.4507349976603812
260,1569225600,759,277,0,1036,38,-0.7760972607447073,0.12405665115280702
260,1569240000,925,575,0,1500,38,-0.7760972607447073,0.9208977907921956
260,1569254400,717,715,0,1432,38,-0.7760972607447073,0.8041193479140093
260,1569268800,820,1112,292,1932,38,1.8656059881515152,1.6627843690771436
260,1569283200,230,459,229,689,39,1.2849099433954458,-0.5093046162642402
260,1569297600,32,125,93,157,39,0.00782527371129987,-1.4813642682509307
260,1569312000,820,224,0,1044,39,-0.8654752724697707,0.13934421165920927
260,1569326400,1014,600,0,1614,39,-0.8654752724697707,1.1808366959306633
260,1569340800,743,683,0,1426,39,-0.8654752724697707,0.8373268941007803
260,1569355200,818,1142,324,1960,39,2.1769911464836365,1.8130409056814056
260,1569369600,256,483,227,739,39,1.2661292864883262,-0.4179456264158671
260,1569384000,28,127,99,155,39,0.06416724443265927,-1.4850186278448656
260,1569398400,820,246,0,1066,39,-0.8654752724697707,0.17954216719249347
260,1569412800,992,547,0,1539,39,-0.8654752724697707,1.0437982111581037
260,1569427200,782,757,0,1539,39,-0.8654752724697707,1.0437982111581037
260,1569441600,833,1056,223,1889,39,1.2285679726740866,1.6833111400967158
260,1569456000,241,507,266,748,39,1.6323520961771623,-0.4015010082431599
260,1569470400,34,142,108,176,39,0.14868020051469835,-1.4466478521085488
260,1569484800,831,263,0,1094,39,-0.8654752724697707,0.23070320150758244
260,1569499200,1017,569,0,1586,39,-0.8654752724697707,1.1296756616155743
260,1569513600,749,689,0,1438,39,-0.8654752724697707,0.8592530516643898
260,1569528000,746,1051,305,1797,39,1.9985749058659983,1.5152105987757092
260,1569542400,258,476,218,734,39,1.1816163304062872,-0.4270815254007044
260,1569556800,30,132,102,162,39,0.09233822979333896,-1.4722283692660934
260,1569571200,737,216,0,953,39,-0.8654752724697707,-0.026929149864829898
260,1569585600,896,587,0,1483,39,-0.8654752724697707,0.9414761425279257
260,1569600000,780,799,19,1579,39,-0.6870590318521326,1.116885403036802
260,1569614400,795,1107,312,1902,39,2.0643072050409175,1.7070644774572927
260,1569628800,256,462,206,718,39,1.0689323889635685,-0.4563164021521838
260,1569643200,36,195,159,231,39,0.6275869516462532,-1.3461529632753384
260,1569657600,236,110,0,346,39,-0.8654752724697707,-1.1360272866240801
260,1569672000,519,362,0,881,39,-0.8654752724697707,-0.15848609524648727
260,1569686400,531,538,7,1069,39,-0.7997429732948514,0.18502370658339584
260,1569700800,488,596,108,1084,39,0.14868020051469835,0.2124314035379078
260,1569715200,252,410,158,662,39,0.6181966231926933,-0.5586384707823617
260,1569729600,43,146,103,189,39,0.10172855824689886,-1.422894514747972
260,1569744000,161,73,0,234,39,-0.8654752724697707,-1.340671423884436
260,1569758400,357,253,0,610,39,-0.8654752724697707,-0.6536518202246698
260,1569772800,452,455,3,907,39,-0.837304287109091,-0.11097942052533322
260,1569787200,396,533,137,929,39,0.4209997256679354,-0.07078146499204901
260,1569801600,189,341,152,530,39,0.5618546524713339,-0.7998262039820669
260,1569816000,33,92,59,125,39,-0.3114458937097367,-1.5398340217538895
260,1569830400,542,156,0,698,39,-0.8654752724697707,-0.492859998091533
260,1569844800,713,458,0,1171,39,-0.8654752724697707,0.3713960458740771
260,1569859200,647,631,0,1278,39,-0.8654752724697707,0.5669042841495957
260,1569873600,630,884,254,1514,39,1.5196681547344435,0.998118716233917
260,1569888000,199,381,182,580,40,0.61072206554608,-0.7084751373670373
260,1569902400,29,108,79,137,40,-0.19821353015273876,-1.5150521676461228
260,1569916800,631,158,0,789,40,-0.8186592783100852,-0.32794556777713
260,1569931200,806,463,0,1269,40,-0.8186592783100852,0.5459979413288769
260,1569945600,664,598,0,1262,40,-0.8186592783100852,0.533252931821081
260,1569960000,670,996,326,1666,40,1.7416611507949138,1.2688220519853035
260,1569974400,214,455,241,669,40,1.0740929407521995,-0.5464314450536318
260,1569988800,35,130,95,165,40,-0.07255363179175722,-1.464072129614939
260,1570003200,790,230,0,1020,40,-0.8186592783100852,0.0926397459801358
260,1570017600,941,562,0,1503,40,-0.8186592783100852,0.9720454020180553
260,1570032000,774,757,0,1531,40,-0.8186592783100852,1.0230254400492391
260,1570046400,752,1070,318,1822,40,1.6788312016144231,1.5528536924447558
260,1570060800,222,455,233,677,40,1.0112629915717086,-0.531865719901865
260,1570075200,31,136,105,167,40,0.005983804683856243,-1.4604306983269975
260,1570089600,739,253,0,992,40,-0.8186592783100852,0.04165970794895207
260,1570104000,926,549,0,1475,40,-0.8186592783100852,0.9210653639868716
260,1570118400,731,696,0,1427,40,-0.8186592783100852,0.8336710130762709
260,1570132800,759,1145,386,1904,40,2.2128857696485946,1.7021523752503653
260,1570147200,229,492,263,721,40,1.2468753009985492,-0.4517542315671477
260,1570161600,39,128,89,167,40,-0.11967609367712531,-1.4604306983269975
260,1570176000,784,231,0,1015,40,-0.8186592783100852,0.08353616776028157
260,1570190400,972,570,0,1542,40,-0.8186592783100852,1.0430533121329184
260,1570204800,783,761,0,1544,40,-0.8186592783100852,1.04669474342086
260,1570219200,768,1109,341,1877,40,1.8594673055083342,1.6529930528631525
260,1570233600,277,473,196,750,40,0.7206744766119388,-0.3989534778919931
260,1570248000,41,167,126,208,40,0.17091242128264453,-1.3857813569241926
260,1570262400,234,130,0,364,40,-0.8186592783100852,-1.1017497164647403
260,1570276800,492,394,0,886,40,-0.8186592783100852,-0.1513361503119578
260,1570291200,588,581,0,1169,40,-0.8186592783100852,0.36392637693179214
260,1570305600,509,657,148,1166,40,0.34369478152899413,0.3584642299998796
260,1570320000,243,419,176,662,40,0.5635996036607118,-0.5591764545614277
260,1570334400,39,194,155,233,40,0.3986709870619236,-1.3402634658249215
260,1570348800,172,74,0,246,40,-0.8186592783100852,-1.3165941624533004
260,1570363200,402,202,0,604,40,-0.8186592783100852,-0.6647779619117369
260,1570377600,508,450,0,958,40,-0.8186592783100852,-0.02024462394605676
260,1570392000,423,593,170,1016,40,0.5164771417753438,0.08535688340425242
260,1570406400,135,360,225,495,40,0.9484330423912178,-0.8632359671045593
260,1570420800,25,103,78,128,40,-0.20606727380030013,-1.5314386084418605
260,1570435200,728,236,0,964,40,-0.8186592783100852,-0.009320330082231671
260,1570449600,961,584,0,1545,40,-0.8186592783100852,1.048515459064831
260,1570464000,742,710,0,1452,40,-0.8186592783100852,0.8791889041755421
260,1570478400,745,1191,446,1936,40,2.6841103885022757,1.7604152758574325
260,1570492800,215,451,236,666,41,1.258719030157406,-0.513398580822427
260,1570507200,29,130,101,159,41,0.05437598240301996,-1.5040926796020158
260,1570521600,813,239,0,1052,41,-0.8466510385095207,0.240857675842112
260,1570536000,953,523,0,1476,41,-0.8466510385095207,1.0693671391212947
260,1570550400,728,715,0,1443,41,-0.8466510385095207,1.0048840912717356
260,1570564800,728,1034,306,1762,41,1.8831932030670877,1.6282202204841396
260,1570579200,281,434,153,715,41,0.5182710822787835,-0.4176510249245969
260,1570593600,31,129,98,160,41,0.027612803564033603,-1.5021386478489989
260,1570608000,565,139,0,704,41,-0.8466510385095207,-0.4391453742077832
260,1570622400,778,424,0,1202,41,-0.8466510385095207,0.5339624387946531
260,1570636800,569,515,0,1084,41,-0.8466510385095207,0.3033866919386541
260,1570651200,617,878,261,1495,41,1.4817455204822922,1.1064937424286165
260,1570665600,216,416,200,632,41,0.9375608840895697,-0.5798356604250029
260,1570680000,34,122,88,156,41,-0.06159779256592092,-1.5099547748610667
260,1570694400,782,258,0,1040,41,-0.8466510385095207,0.21740929480590873
260,1570708800,1034,573,0,1607,41,-0.8466510385095207,1.325345298766514
260,1570723200,789,694,0,1483,41,-0.8466510385095207,1.0830453613924134
260,1570737600,787,1137,350,1924,41,2.2757198260388876,1.944773364472884
260,1570752000,220,540,320,760,41,2.0080880376490238,-0.32971959603883455
260,1570766400,31,160,129,191,41,0.3041656515668926,-1.4415636635054736
260,1570780800,762,252,0,1014,41,-0.8466510385095207,0.16660446922746827
260,1570795200,939,542,0,1481,41,-0.8466510385095207,1.0791372978863794
260,1570809600,752,772,20,1524,41,-0.6682298462496117,1.1631606632661078
260,1570824000,811,1178,367,1989,41,2.42737783945981,2.071785428418985
260,1570838400,278,458,180,736,41,0.7591396918296607,-0.3766163581112411
260,1570852800,41,205,164,246,41,0.6164027380217334,-1.334091917089542
260,1570867200,268,111,0,379,41,-0.8466510385095207,-1.074205693938289
260,1570881600,518,342,0,860,41,-0.8466510385095207,-0.13431642073714053
260,1570896000,621,569,0,1190,41,-0.8466510385095207,0.5105140577584498
260,1570910400,541,651,110,1192,41,0.13466551891997902,0.5144221212644837
260,1570924800,278,444,166,722,41,0.6342448572477244,-0.4039728026534783
260,1570939200,55,167,112,222,41,0.15250763814596993,-1.3809886791619486
260,1570953600,191,79,0,270,41,-0.8466510385095207,-1.2871951550171354
260,1570968000,395,252,0,647,41,-0.8466510385095207,-0.5505251841297488
260,1570982400,511,433,0,944,41,-0.8466510385095207,0.029822246516282458
260,1570996800,417,527,110,944,41,0.13466551891997902,0.029822246516282458
260,1571011200,176,364,188,540,41,0.8305081687336243,-0.7596065817025615
260,1571025600,38,136,98,174,41,0.027612803564033603,-1.4747822033067617
260,1571040000,450,155,0,605,41,-0.8466510385095207,-0.6325945177564604
260,1571054400,642,365,0,1007,41,-0.8466510385095207,0.1529262469563497
260,1571068800,644,559,0,1203,41,-0.8466510385095207,0.53591647054767
260,1571083200,589,818,229,1407,41,1.196271612866438,0.9345389481631259
260,1571097600,231,422,191,653,42,0.7736478168282563,-0.5947209053232488
260,1571112000,26,115,89,141,42,-0.10899059789671048,-1.5440141318724725
260,1571126400,785,238,0,1023,42,-0.8791358813332011,0.09129177792521356
260,1571140800,930,550,0,1480,42,-0.8791358813332011,0.9386101461537198
260,1571155200,685,742,57,1427,42,-0.38589676722219024,0.8403434644992104
260,1571169600,754,1060,306,1814,42,1.7687793628416992,1.55787564941044
260,1571184000,214,502,288,716,42,1.6130196425961167,-0.47791334033769983
260,1571198400,29,154,125,183,42,0.20252884259445428,-1.4661424218821064
260,1571212800,801,214,0,1015,42,-0.8791358813332011,0.07645907126038194
260,1571227200,974,572,0,1546,42,-0.8791358813332011,1.0609799761385807
260,1571241600,758,670,0,1428,42,-0.8791358813332011,0.8421975528323143
260,1571256000,653,916,263,1569,42,1.3966866978105859,1.1036240077999715
260,1571270400,164,410,246,574,42,1.2495802953564246,-0.7411938836384611
260,1571284800,31,116,85,147,42,-0.14360386906239545,-1.5328896018738487
260,1571299200,821,251,0,1072,42,-0.8791358813332011,0.18214210624730723
260,1571313600,927,530,0,1457,42,-0.8791358813332011,0.8959661144923289
260,1571328000,725,685,0,1410,42,-0.8791358813332011,0.8088239628364432
260,1571342400,732,1068,336,1800,42,2.0283788965843366,1.5319184127469847
260,1571356800,258,517,259,775,42,1.3620734266449008,-0.36852212868456663
260,1571371200,35,169,134,204,42,0.28040870271724544,-1.4272065668869236
260,1571385600,798,220,0,1018,42,-0.8791358813332011,0.0820213362596938
260,1571400000,931,585,0,1516,42,-0.8791358813332011,1.005357326145462
260,1571414400,743,783,40,1526,42,-0.5330031696763514,1.0238982094765017
260,1571428800,776,1149,373,1925,42,2.3485516548669225,1.7636794543849788
260,1571443200,265,470,205,735,42,0.8947942659081537,-0.4426856620087247
260,1571457600,37,204,167,241,42,0.5659681898341464,-1.3586052985620773
260,1571472000,258,108,0,366,42,-0.8791358813332011,-1.1268442569240833
260,1571486400,484,330,0,814,42,-0.8791358813332011,-0.2962126836935125
260,1571500800,595,593,0,1188,42,-0.8791358813332011,0.39721635288736573
260,1571515200,573,736,163,1309,42,0.5313549186684615,0.621561041192944
260,1571529600,259,464,205,723,42,0.8947942659081537,-0.4649347220059722
260,1571544000,53,166,113,219,42,0.09868902909739935,-1.3993952418903641
260,1571558400,197,93,0,290,42,-0.8791358813332011,-1.2677549702399835
260,1571572800,390,233,0,623,42,-0.8791358813332011,-0.6503435553163674
260,1571587200,477,433,0,910,42,-0.8791358813332011,-0.11822020371553307
260,1571601600,348,479,131,827,42,0.25444874934298173,-0.2721095353631611
260,1571616000,155,272,117,427,42,0.13330230026308432,-1.013744868604742
260,1571630400,29,100,71,129,42,-0.26475031814229283,-1.5662631918697199
260,1571644800,724,242,0,966,42,-0.8791358813332011,-0.01439125706171173
260,1571659200,897,494,0,1391,42,-0.8791358813332011,0.7735962845074681
260,1571673600,770,738,0,1508,42,-0.8791358813332011,0.9905246194806305
260,1571688000,755,1058,303,1813,42,1.7428194094674354,1.556021561077336
260,1571702400,239,464,225,703,43,1.0421076976092802,-0.5176002129045167
260,1571716800,29,122,93,151,43,-0.08256527796904362,-1.5025828391852618
260,1571731200,787,238,0,1025,43,-0.8749485107628627,0.0569729857592512
260,1571745600,926,554,0,1480,43,-0.8749485107628627,0.8688698969145755
260,1571760000,732,667,0,1399,43,-0.8749485107628627,0.7243344028407704
260,1571774400,707,1054,347,1761,43,2.081578175037731,1.3702831541335778
260,1571788800,199,429,230,628,43,1.0847089466842168,-0.6514293740839658
260,1571803200,32,137,105,169,43,0.019677719810804014,-1.470463840502194
260,1571817600,827,250,0,1077,43,-0.8749485107628627,0.14976120417700253
260,1571832000,934,518,0,1452,43,-0.8749485107628627,0.8189070100742478
260,1571846400,761,730,0,1491,43,-0.8749485107628627,0.8884981738875614
260,1571860800,775,1055,280,1830,43,1.5107214374335818,1.493405982418671
260,1571875200,257,535,278,792,43,1.4936809378036071,-0.35878960830490386
260,1571889600,32,133,101,165,43,-0.014403279449145195,-1.477601395765098
260,1571904000,831,240,0,1071,43,-0.8749485107628627,0.13905487128264662
260,1571918400,975,498,0,1473,43,-0.8749485107628627,0.8563791752044936
260,1571932800,819,778,0,1597,43,-0.8749485107628627,1.077643388354516
260,1571947200,889,1142,253,2031,43,1.2806746924289245,1.8520681343795946
260,1571961600,244,528,284,772,43,1.544802436693531,-0.3944773846194236
260,1571976000,41,165,124,206,43,0.18156246629556275,-1.4044414543203325
260,1571990400,752,259,0,1011,43,-0.8749485107628627,0.031991542339087374
260,1572004800,927,541,0,1468,43,-0.8749485107628627,0.8474572311258636
260,1572019200,782,827,45,1609,43,-0.4915372690884341,1.099056054143228
260,1572033600,776,1094,318,1870,43,1.8344909304030992,1.5647815350477106
260,1572048000,252,489,237,741,43,1.1443506953891278,-0.4497934379069292
260,1572062400,44,192,148,236,43,0.386048461855258,-1.350909789848553
260,1572076800,254,128,0,382,43,-0.8749485107628627,-1.0903890227525588
260,1572091200,545,333,0,878,43,-0.8749485107628627,-0.20533217015246893
260,1572105600,652,597,0,1249,43,-0.8749485107628627,0.45667608048187236
260,1572120000,502,685,183,1187,43,0.6842572053798136,0.34604397390686115
260,1572134400,261,472,211,733,43,0.922824200199458,-0.4640685484327371
260,1572148800,58,198,140,256,43,0.3178864633353596,-1.3152220135340331
260,1572163200,176,81,0,257,43,-0.8749485107628627,-1.313437624718307
260,1572177600,329,199,0,528,43,-0.8749485107628627,-0.8298682556565645
260,1572192000,425,288,0,713,43,-0.8749485107628627,-0.49975632474725684
260,1572206400,367,472,105,839,43,0.019677719810804014,-0.27492333396578245
260,1572220800,152,328,176,480,43,0.6246154566749025,-0.9155189188114119
260,1572235200,21,97,76,118,43,-0.22740952482382773,-1.5614676701042194
260,1572249600,739,215,0,954,43,-0.8749485107628627,-0.06971862015729391
260,1572264000,937,571,0,1508,43,-0.8749485107628627,0.9188327837549031
260,1572278400,792,745,0,1537,43,-0.8749485107628627,0.9705800594109567
260,1572292800,764,1118,354,1882,43,2.141219923742642,1.5861942008364225
260,1572307200,255,471,216,726,44,0.8640346786720431,-0.5350886685565264
260,1572321600,33,121,88,154,44,-0.17590559498002883,-1.525310690361983
260,1572336000,794,242,0,1036,44,-0.8908645331158284,0.0015701194848924097
260,1572350400,1000,578,0,1578,44,-0.8908645331158284,0.939857419866986
260,1572364800,815,769,0,1584,44,-0.8908645331158284,0.9502443641516586
260,1572379200,834,1203,369,2037,44,2.1070882870217855,1.7344586576444416
260,1572393600,251,521,270,772,44,1.302759481619011,-0.45545542904070296
260,1572408000,38,166,128,204,44,0.14907574053624364,-1.4387528213230445
260,1572422400,827,229,0,1056,44,-0.8908645331158284,0.036193267100467816
260,1572436800,950,550,0,1500,44,-0.8908645331158284,0.8048271441662419
260,1572451200,781,724,0,1505,44,-0.8908645331158284,0.8134829310701357
260,1572465600,785,1119,334,1904,44,1.822729618445047,1.5042147260008651
260,1572480000,251,522,271,773,44,1.3108840150069179,-0.4537242716599242
260,1572494400,37,165,128,202,44,0.14907574053624364,-1.442215136084602
260,1572508800,744,218,0,962,44,-0.8908645331158284,-0.1265355266927366
260,1572523200,959,530,0,1489,44,-0.8908645331158284,0.7857844129776754
260,1572537600,766,745,0,1511,44,-0.8908645331158284,0.8238698753548084
260,1572552000,795,1081,286,1876,44,1.43275201582552,1.4557423193390595
260,1572566400,283,511,228,794,44,0.9615290793269249,-0.41736996666357
260,1572580800,39,203,164,242,44,0.4415589425008889,-1.3729688408534513
260,1572595200,777,268,0,1045,44,-0.8908645331158284,0.017150535911901344
260,1572609600,948,584,0,1532,44,-0.8908645331158284,0.8602241803511625
260,1572624000,808,844,36,1652,44,-0.5983813311511831,1.0679630660446149
260,1572638400,797,1175,378,1972,44,2.180209087512947,1.6219334278938216
260,1572652800,311,500,189,811,44,0.6446722771985592,-0.3879402911903309
260,1572667200,57,196,139,253,44,0.23844560780321858,-1.3539261096648847
260,1572681600,273,107,0,380,44,-0.8908645331158284,-1.134069122305981
260,1572696000,508,362,0,870,44,-0.8908645331158284,-0.28580200572438347
260,1572710400,658,633,0,1291,44,-0.8908645331158284,0.4430152515834789
260,1572724800,582,721,139,1303,44,0.23844560780321858,0.4637891401528241
260,1572739200,278,408,130,686,44,0.1653248073120573,-0.6043349637876773
260,1572750000,52,203,151,255,44,0.33594000845810035,-1.3504637949033274
260,1572764400,114,58,0,172,44,-0.8908645331158284,-1.4941498575079653
260,1572778800,423,225,0,648,44,-0.8908645331158284,-0.6701189442572705
260,1572793200,588,480,0,1068,44,-0.8908645331158284,0.056967155669813065
260,1572807600,503,643,140,1146,44,0.24657014119112539,0.19199743137055716
260,1572822000,222,413,191,635,44,0.6609213439743729,-0.6926239902073945
260,1572836400,56,163,107,219,44,-0.02153946060979941,-1.412785460611363
260,1572850800,376,114,0,490,44,-0.8908645331158284,-0.9436418104203163
260,1572865200,1172,612,0,1784,44,-0.8908645331158284,1.2964758403074126
260,1572879600,688,607,0,1295,44,-0.8908645331158284,0.44993988110659394
260,1572894000,894,1225,331,2119,44,1.7983560182813265,1.8764135628683007
260,1572908400,338,640,302,978,44,1.562744550032029,-0.09883700860027628
260,1572922800,62,247,185,309,45,0.33077883209919434,-1.2796305679612665
260,1572937200,356,107,0,463,45,-0.8536227925140502,-1.0100328313627822
260,1572951600,1130,563,0,1693,45,-0.8536227925140502,1.1432477921186195
260,1572966000,667,582,0,1249,45,-0.8536227925140502,0.3659660060814306
260,1572980400,889,1082,193,1971,45,0.38199619965003734,1.629924225718481
260,1572994800,363,677,314,1040,45,1.1566588838565377,8.336355491602448e-05
260,1573009200,54,265,211,319,45,0.49723527663943407,-1.2621242214288975
260,1573023600,396,109,0,505,45,-0.8536227925140502,-0.9365061759268318
260,1573038000,1266,589,0,1855,45,-0.8536227925140502,1.4268506059429993
260,1573052400,680,591,0,1271,45,-0.8536227925140502,0.40447996845264267
260,1573066800,927,1194,267,2121,45,0.8557568494953351,1.8925194237040177
260,1573081200,392,812,420,1204,45,1.8352890039052074,0.28718744668576957
260,1573095600,99,601,502,700,45,2.360267021301348,-0.595132418545634
260,1573110000,424,150,0,574,45,-0.8536227925140502,-0.815712384853485
260,1573124400,1311,586,0,1897,45,-0.8536227925140502,1.5003772613789494
260,1573138800,721,623,0,1344,45,-0.8536227925140502,0.5322762981389373
260,1573153200,932,1182,250,2114,45,0.7469199434497937,1.8802649811313594
260,1573167600,363,754,391,1117,45,1.6496260465334014,0.13488223185415824
260,1573182000,87,624,537,711,45,2.584343004336286,-0.575875437360028
260,1573196400,398,133,0,531,45,-0.8536227925140502,-0.8909896749426721
260,1573210800,1206,623,0,1829,45,-0.8536227925140502,1.3813341049588395
260,1573225200,762,674,0,1436,45,-0.8536227925140502,0.6933346862367331
260,1573239600,848,1210,362,2058,45,1.4639630891615958,1.7822294405500922
260,1573254000,360,623,263,983,45,0.8301481657199136,-0.09970281167958796
260,1573268400,94,334,240,428,45,0.68289823401124,-1.071305044226074
260,1573282800,117,82,0,199,45,-0.8536227925140502,-1.4722003798173269
260,1573297200,539,301,0,840,45,-0.8536227925140502,-0.35004356709246637
260,1573311600,585,484,0,1069,45,-0.8536227925140502,0.05085176849878647
260,1573326000,534,696,162,1230,45,0.1835289003905207,0.3327039476699293
260,1573340400,352,480,128,832,45,-0.03414491170056206,-0.36404864431836165
260,1573354800,80,327,247,407,45,0.7277134306182276,-1.1080683719440492
260,1573369200,102,59,0,161,45,-0.8536227925140502,-1.5387244966403295
260,1573383600,438,194,0,632,45,-0.8536227925140502,-0.714175574965744
260,1573398000,551,419,0,970,45,-0.8536227925140502,-0.12246106217166781
260,1573412400,467,583,116,1050,45,-0.11097096302682656,0.017589710087285142
260,1573426800,226,414,188,640,45,0.34998534493076044,-0.7001704977398487
260,1573441200,61,210,149,271,45,0.10030067812040082,-1.3461546847842691
260,1573455600,324,78,0,402,45,-0.8536227925140502,-1.1168215452102337
260,1573470000,897,454,0,1351,45,-0.8536227925140502,0.5445307407115956
260,1573484400,609,568,0,1177,45,-0.8536227925140502,0.23992031104837294
260,1573498800,770,944,174,1714,45,0.2603549517167852,1.1800111198365946
260,1573513200,355,656,301,1011,45,1.073430661586418,-0.05068504138895442
260,1573527600,96,573,477,669,46,1.9628560718748285,-0.6989334410601817
260,1573542000,401,108,0,509,46,-0.8225142740622955,-0.9702541460410853
260,1573556400,1247,589,0,1836,46,-0.8225142740622955,1.280011950894283
260,1573570800,637,570,0,1207,46,-0.8225142740622955,0.21338242943810626
260,1573585200,909,1145,236,2054,46,0.5555725218311245,1.649686411430764
260,1573599600,361,686,325,1047,46,1.0752747457061853,-0.05793827554279723
260,1573614000,68,541,473,609,46,1.9394986685546012,-0.8006787054280206
260,1573628400,431,106,0,537,46,-0.8225142740622955,-0.9227730226694272
260,1573642800,1220,660,0,1880,46,-0.8225142740622955,1.3546251447640316
260,1573657200,689,614,0,1303,46,-0.8225142740622955,0.3761748524266484
260,1573671600,926,1223,297,2149,46,0.9117729224645932,1.8107830800131757
260,1573686000,383,554,171,937,46,0.1760147178774283,-0.2444712602171684
260,1573700400,84,605,521,689,46,2.2197875083973306,-0.6650183529375688
260,1573714800,415,116,0,531,46,-0.8225142740622955,-0.932947549106211
260,1573729200,1086,847,0,1933,46,-0.8225142740622955,1.4445001282889558
260,1573743600,690,666,0,1356,46,-0.8225142740622955,0.4660498359515727
260,1573758000,945,1179,234,2124,46,0.5438938201710107,1.7683892198599094
260,1573772400,393,741,348,1134,46,1.2095798147974932,0.08959235779056905
260,1573786800,102,645,543,747,46,2.348253226658582,-0.5666645973819913
260,1573801200,393,140,0,533,46,-0.8225142740622955,-0.9295560402939497
260,1573815600,1238,597,0,1835,46,-0.8225142740622955,1.2783161964881524
260,1573830000,700,633,0,1333,46,-0.8225142740622955,0.4270474846105678
260,1573844400,900,1289,389,2189,46,1.4489931988298248,1.8786132562584015
260,1573858800,352,646,294,998,46,0.8942548699744226,-0.14103024144319892
260,1573873200,76,341,265,417,46,0.7249136959027735,-1.1262635514051047
260,1573887600,135,87,0,222,46,-0.8225142740622955,-1.456935660600581
260,1573902000,532,362,0,894,46,-0.8225142740622955,-0.3173886996807862
260,1573916400,552,466,0,1018,46,-0.8225142740622955,-0.10711515332058599
260,1573930800,565,590,25,1155,46,-0.6765305033108738,0.12520320031931262
260,1573945200,311,422,111,733,46,-0.17434633192598353,-0.5904051590678203
260,1573959600,105,328,223,433,46,0.47966096104038525,-1.0991314809070145
260,1573974000,132,70,0,202,46,-0.8225142740622955,-1.490850748723194
260,1573988400,417,204,0,621,46,-0.8225142740622955,-0.7803296525544527
260,1574002800,516,461,0,977,46,-0.8225142740622955,-0.1766410839719425
260,1574017200,474,649,175,1123,46,0.19937212119765577,0.07093905932313194
260,1574031600,251,372,121,623,46,-0.1159528236254149,-0.7769381437421915
260,1574046000,52,170,118,222,46,-0.1334708761155855,-1.456935660600581
260,1574060400,344,104,0,448,46,-0.8225142740622955,-1.0736951648150548
260,1574074800,1187,652,0,1839,46,-0.8225142740622955,1.2850992141126751
260,1574089200,656,617,0,1273,46,-0.8225142740622955,0.325302220242729
260,1574103600,870,1138,268,2008,46,0.7424317483929441,1.5716817087487545
260,1574118000,380,682,302,1062,46,0.9409696766148775,-0.032501959450837524
260,1574132400,86,473,387,559,47,1.321721656373386,-0.8860649818757627
260,1574146800,323,110,0,433,47,-0.8919067622451626,-1.091914926302056
260,1574161200,1321,636,0,1957,47,-0.8919067622451626,1.397889163425492
260,1574175600,731,600,0,1331,47,-0.8919067622451626,0.37517436016470124
260,1574190000,948,1229,281,2177,47,0.7154048285347138,1.7573097013126706
260,1574204400,382,880,498,1262,47,1.9566383345818068,0.2624470096455406
260,1574218800,92,534,442,626,47,1.6363200104406215,-0.7766050907919401
260,1574233200,392,141,0,533,47,-0.8919067622451626,-0.9285419545351565
260,1574247600,1288,616,0,1904,47,-0.8919067622451626,1.3113014883890353
260,1574262000,663,585,0,1248,47,-0.8919067622451626,0.23957479359817466
260,1574276400,917,1182,265,2099,47,0.6238853073515179,1.6298787833344892
260,1574290800,381,808,427,1189,47,1.5505204593313753,0.143184740255704
260,1574305200,84,535,451,619,47,1.6877997411061691,-0.788041198815623
260,1574319600,402,107,0,509,47,-0.8919067622451626,-0.9677514677592124
260,1574334000,1312,611,0,1923,47,-0.8919067622451626,1.342342353024746
260,1574348400,681,591,0,1272,47,-0.8919067622451626,0.27878430682223054
260,1574362800,969,1335,366,2304,47,1.2016022848204415,1.9647933754566331
260,1574377200,433,845,412,1278,47,1.4647209082221293,0.2885866851282445
260,1574391600,118,608,490,726,47,1.9108785739902088,-0.6132321190250406
260,1574406000,390,160,0,550,47,-0.8919067622451626,-0.9007685493347836
260,1574420400,1197,618,0,1815,47,-0.8919067622451626,1.1658995435164947
260,1574434800,683,617,0,1300,47,-0.8919067622451626,0.3245287389169624
260,1574449200,855,1155,300,2010,47,0.8240842599397588,1.4844768384619487
260,1574463600,381,649,268,1030,47,0.6410452175733672,-0.11657828485366617
260,1574478000,76,329,253,405,47,0.5552456664641211,-1.1376593583967878
260,1574492400,157,100,0,257,47,-0.8919067622451626,-1.379451356611799
260,1574506800,553,303,0,856,47,-0.8919067622451626,-0.40084725572807123
260,1574521200,569,504,0,1073,47,-0.8919067622451626,-0.0463279069938994
260,1574535600,594,825,231,1419,47,0.42940632483722685,0.5189425753195728
260,1574550000,351,472,121,823,47,-0.19979038329724436,-0.45476033641114805
260,1574564400,77,323,246,400,47,0.5152058759464729,-1.1458280069851328
260,1574578800,108,68,0,176,47,-0.8919067622451626,-1.5117834637429877
260,1574593200,403,191,0,594,47,-0.8919067622451626,-0.8288844417573479
260,1574607600,472,337,0,809,47,-0.8919067622451626,-0.477632552458514
260,1574622000,398,557,159,955,47,0.017568479512845694,-0.23910801367884077
260,1574636400,220,419,199,639,47,0.24636728247083522,-0.7553666044622431
260,1574650800,75,200,125,275,47,-0.1769105030014454,-1.3500442216937572
260,1574665200,351,150,0,501,47,-0.8919067622451626,-0.9808213055005643
260,1574679600,1201,665,0,1866,47,-0.8919067622451626,1.2492197591176133
260,1574694000,698,675,0,1373,47,-0.8919067622451626,0.443791008306799
260,1574708400,918,1254,336,2172,47,1.0300031826019493,1.7491410527243259
260,1574722800,359,651,292,1010,47,0.7783244993481608,-0.14925287920704608
260,1574737200,61,263,202,324,48,1.0746692431338807,-0.9747048911046314
260,1574751600,422,114,0,536,48,-0.8835553828858451,-0.5918910606430005
260,1574766000,1250,605,0,1855,48,-0.8835553828858451,1.7898610260498835
260,1574780400,707,621,0,1328,48,-0.8835553828858451,0.838243626741961
260,1574794800,987,1352,365,2339,48,2.6548207977933624,2.663832223896249
260,1574809200,396,711,315,1107,48,2.1701117319468954,0.4391782657418644
260,1574823600,67,284,217,351,48,1.2200819628878208,-0.925950299489235
260,1574838000,342,99,0,441,48,-0.8835553828858451,-0.7634349941045804
260,1574852400,1193,642,0,1835,48,-0.8835553828858451,1.7537465137421824
260,1574866800,724,669,0,1393,48,-0.8835553828858451,0.9556157917419893
260,1574881200,901,1140,239,2041,48,1.433353951860266,2.125725990511503
260,1574895600,365,570,205,935,48,1.1037517870846687,0.12859345989563542
260,1574910000,81,260,179,341,48,0.851703072844506,-0.9440075556430856
260,1574924400,166,60,0,226,48,-0.8835553828858451,-1.1516660014123665
260,1574938800,413,244,0,657,48,-0.8835553828858451,-0.3733982611814091
260,1574953200,490,469,0,959,48,-0.8835553828858451,0.17193087466487667
260,1574967600,417,514,97,931,48,0.056780204856300434,0.12137055743409521
260,1574982000,228,301,73,529,48,-0.17588014675000363,-0.6045311399506957
260,1574996400,74,194,120,268,48,0.27974637514567513,-1.0758255255661944
260,1575010800,204,69,0,273,48,-0.8835553828858451,-1.0667968974892692
260,1575025200,594,308,0,902,48,-0.8835553828858451,0.0690045145879287
260,1575039600,602,516,0,1118,48,-0.8835553828858451,0.4590412475111
260,1575054000,614,720,106,1334,48,0.14402783670866445,0.8490779804342712
260,1575068400,292,472,180,764,48,0.8613972541614353,-0.18018562033520852
260,1575082800,65,263,198,328,48,1.0358925178661633,-0.9674819886430912
260,1575097200,126,78,0,204,48,-0.8835553828858451,-1.1913919649508378
260,1575111600,477,262,0,739,48,-0.8835553828858451,-0.22532876071983482
260,1575126000,557,477,0,1034,48,-0.8835553828858451,0.30736029581875557
260,1575140400,539,689,150,1228,48,0.5705718146535552,0.6576710652034558
260,1575154800,294,464,170,758,48,0.7644554409921419,-0.19101997402751883
260,1575169200,77,276,199,353,48,1.0455866991830927,-0.9223388482584649
260,1575183600,100,59,0,159,48,-0.8835553828858451,-1.272649617643165
260,1575198000,367,174,0,541,48,-0.8835553828858451,-0.5828624325660752
260,1575212400,432,336,0,768,48,-0.8835553828858451,-0.1729627178736683
260,1575226800,349,462,113,811,48,0.2118871059271698,-0.09531651641211106
260,1575241200,188,337,149,525,48,0.5608776333366259,-0.611754042412236
260,1575255600,48,174,126,222,48,0.33791146304725117,-1.1588889038739068
260,1575270000,306,93,0,399,48,-0.8835553828858451,-0.8392754699507525
260,1575284400,1138,567,0,1705,48,-0.8835553828858451,1.5190021837421257
260,1575298800,665,576,0,1241,48,-0.8835553828858451,0.6811454982034614
260,1575313200,755,976,221,1731,48,1.2588586881555381,1.565951049742137
260,1575327600,271,475,204,746,48,1.0940576057677394,-0.21268868141213945
260,1575342000,51,234,183,285,49,0.6326576674290356,-1.157505057432963
260,1575356400,376,98,0,474,49,-0.9086374362858503,-0.8569989367532515
260,1575370800,1206,600,0,1806,49,-0.9086374362858503,1.2608537232751917
260,1575385200,664,531,0,1195,49,-0.9086374362858503,0.28937626435824076
260,1575399600,960,1254,294,2214,49,1.5675415827970811,1.9095653488694897
260,1575414000,343,591,248,934,49,1.1801122124643777,-0.12560837848517042
260,1575428400,66,291,225,357,49,0.9863975272980259,-1.0430265352692634
260,1575441417,276,70,0,346,49,-0.9086374362858503,-1.0605163094887173
260,1575442800,106,34,0,140,49,-0.9086374362858503,-1.388052081234858
260,1575457200,1302,614,0,1916,49,-0.9086374362858503,1.435751465469733
260,1575471600,662,576,0,1238,49,-0.9086374362858503,0.35774538176156134
260,1575486000,950,1147,197,2097,49,0.7505709540520323,1.723537750353478
260,1575500400,366,601,235,967,49,1.0706213034573093,-0.0731390558268081
260,1575514800,88,325,237,413,49,1.087466058689166,-0.953987684697497
260,1575529200,412,109,0,521,49,-0.9086374362858503,-0.7822699014519475
260,1575543600,1310,587,0,1897,49,-0.9086374362858503,1.4055418554543122
260,1575558000,722,519,0,1241,49,-0.9086374362858503,0.36251532018504884
260,1575572400,993,1310,317,2303,49,1.761256267963433,2.0510735220996184
260,1575586800,318,555,237,873,49,1.087466058689166,-0.22259712642941595
260,1575601200,82,302,220,384,49,0.9442856392183842,-1.000097089457876
260,1575615600,379,113,0,492,49,-0.9086374362858503,-0.8283793062123265
260,1575630000,1250,618,0,1868,49,-0.9086374362858503,1.3594324506939333
260,1575644400,763,646,0,1409,49,-0.9086374362858503,0.629631871900348
260,1575658800,835,1108,273,1943,49,1.390671652862586,1.4786809112811203
260,1575673200,360,641,281,1001,49,1.4580506737900127,-0.01907975369394994
260,1575687600,77,330,253,407,49,1.2222241005440193,-0.9635275615444719
260,1575702000,158,85,0,243,49,-0.9086374362858503,-1.2242841953617878
260,1575716400,589,316,0,905,49,-0.9086374362858503,-0.17171778324554945
260,1575730800,605,587,0,1192,49,-0.9086374362858503,0.28460632593475327
260,1575745200,583,730,147,1313,49,0.3294520732556155,0.4769938423487485
260,1575759600,324,452,128,776,49,0.16942689855297705,-0.3768251354555113
260,1575774000,78,305,227,383,49,1.0032422825298826,-1.0016870689323718
260,1575788400,109,56,0,165,49,-0.9086374362858503,-1.3483025943724622
260,1575802800,425,203,0,628,49,-0.9086374362858503,-0.6121420976808939
260,1575817200,547,452,0,999,49,-0.9086374362858503,-0.022259712642941597
260,1575831600,504,585,81,1089,49,-0.22642484939565485,0.12083844006168294
260,1575846000,236,408,172,644,49,0.5400115136538239,-0.5867024260889606
260,1575860400,64,186,122,250,49,0.11889263285740702,-1.213154339040317
260,1575874800,347,105,0,452,49,-0.9086374362858503,-0.8919784851921596
260,1575889200,1116,570,0,1686,49,-0.9086374362858503,1.0700561863356923
260,1575903600,651,542,0,1193,49,-0.9086374362858503,0.28619630540924906
260,1575918000,824,1146,322,1970,49,1.8033681560430745,1.5216103570925077
260,1575932400,355,595,240,950,49,1.112733191536951,-0.10016870689323717
260,1575946800,101,275,174,376,50,0.5440430099993363,-1.0813342856405586
260,1575961200,401,108,0,509,50,-0.9219843930519726,-0.8596381350280592
260,1575975600,1295,593,0,1888,50,-0.9219843930519726,1.4390009002699613
260,1575990000,622,569,0,1191,50,-0.9219843930519726,0.2771797199924267
260,1576004400,943,1114,171,2057,50,0.5187666754639688,1.720705031499378
260,1576018800,353,695,342,1048,50,1.95951774397991,0.038814685875228044
260,1576033200,51,266,215,317,50,0.8894862486493573,-1.179680698318284
260,1576047600,383,98,0,481,50,-0.9219843930519726,-0.906311008841217
260,1576062000,1279,573,0,1852,50,-0.9219843930519726,1.3789929196530442
260,1576076400,657,552,0,1209,50,-0.9219843930519726,0.30718371030088526
260,1576090800,939,1150,211,2089,50,0.8557844692688674,1.7740454587144154
260,1576105200,330,617,287,947,50,1.4961182774981745,-0.12954103752223395
260,1576119600,71,304,233,375,50,1.0411442558615616,-1.0830011739910286
260,1576134000,388,110,0,498,50,-0.9219843930519726,-0.8779739068832283
260,1576148400,1239,610,0,1849,50,-0.9219843930519726,1.3739922546016345
260,1576162800,677,606,0,1283,50,-0.9219843930519726,0.4305334482356594
260,1576177200,919,1224,305,2143,50,1.647776284710379,1.8640574296397912
260,1576191600,364,673,309,1037,50,1.6814780640908689,0.020478914020058917
260,1576206000,62,276,214,338,50,0.8810608038042348,-1.1446760429584155
260,1576220400,347,100,0,447,50,-0.9219843930519726,-0.9629852127571943
260,1576234800,1182,597,0,1779,50,-0.9219843930519726,1.25731007006874
260,1576249200,703,629,0,1332,50,-0.9219843930519726,0.5122109774086855
260,1576263600,811,1120,309,1931,50,1.6814780640908689,1.510677099340168
260,1576278000,371,531,160,902,50,0.42608678216762175,-0.20455101329338038
260,1576292400,107,271,164,378,50,0.4597885615481116,-1.0780005089396187
260,1576306800,145,81,0,226,50,-0.9219843930519726,-1.3313675382110468
260,1576321200,560,307,0,867,50,-0.9219843930519726,-0.2628921055598276
260,1576335600,592,505,0,1097,50,-0.9219843930519726,0.12049221504825415
260,1576350000,534,665,131,1199,50,0.18174888165907027,0.29051482679618607
260,1576364400,289,467,178,756,50,0.5777447893798261,-0.4479167124619888
260,1576378800,76,343,267,419,50,1.3276093805957254,-1.009658086570352
260,1576393200,109,68,0,177,50,-0.9219843930519726,-1.4130450673840729
260,1576407600,409,190,0,599,50,-0.9219843930519726,-0.7096181834857663
260,1576422000,526,434,0,960,50,-0.9219843930519726,-0.10787148896612497
260,1576436400,540,602,62,1142,50,-0.39960681265437975,0.1955021908194006
260,1576450800,230,451,221,681,50,0.9400389177200921,-0.5729333387472328
260,1576465200,54,213,159,267,50,0.41766133732249927,-1.26302511584178
260,1576479600,355,124,0,479,50,-0.9219843930519726,-0.9096447855421568
260,1576494000,1135,548,0,1683,50,-0.9219843930519726,1.0972887884236278
260,1576508400,635,650,15,1285,50,-0.7956027203751356,0.43386722493659924
260,1576522800,882,1124,242,2006,50,1.1169732594676638,1.635693725625412
260,1576537200,356,583,227,939,50,0.9905915867908268,-0.1428761443259933
260,1576551600,66,281,215,347,51,1.0305328008560535,-1.2249982989487085
260,1576566000,339,97,0,436,51,-0.8612095230810792,-1.068703935561861
260,1576580400,1095,530,0,1625,51,-0.8612095230810792,1.0193185146287191
260,1576594800,608,502,0,1110,51,-0.8612095230810792,0.11491854671606251
260,1576609200,884,1086,202,1970,51,0.9161483812691571,1.6251786873080718
260,1576623600,336,639,303,975,51,1.8048273334442753,-0.12215717302803196
260,1576638000,281,503,222,784,51,1.0921244114028439,-0.4575754135548619
260,1576652400,527,523,0,1050,51,-0.8612095230810792,0.009551560163131636
260,1576666800,1240,657,0,1897,51,-0.8612095230810792,1.496982187002006
260,1576681200,740,646,0,1386,51,-0.8612095230810792,0.5996066848595445
260,1576695600,958,1109,151,2067,51,0.46740950442825585,1.79552198223531
260,1576724400,444,869,425,1313,51,2.8782811172597644,0.47141018455347866
260,1576738800,363,101,0,464,51,-0.8612095230810792,-1.0195326751704932
260,1576753200,1069,598,0,1667,51,-0.8612095230810792,1.0930754052157707
260,1576767600,674,556,0,1230,51,-0.8612095230810792,0.3256525198219243
260,1576782000,910,1160,250,2070,51,1.3384908535900053,1.8007903315629565
260,1576796400,359,576,217,935,51,1.0481304038694221,-0.19240183072998587
260,1576810800,55,296,241,351,51,1.2593016400298462,-1.217973833178513
260,1576825200,355,102,0,457,51,-0.8612095230810792,-1.0318254902683353
260,1576839600,1063,523,0,1586,51,-0.8612095230810792,0.9508299733693141
260,1576854000,732,605,0,1337,51,-0.8612095230810792,0.513556979174651
260,1576868400,1064,1178,114,2242,51,0.14185384868093534,2.1028423596813584
260,1576882800,420,636,216,1056,51,1.039331602362738,0.020088258818424725
260,1576897200,66,286,220,352,51,1.0745268083894752,-1.2162177167359642
260,1576911600,118,62,0,180,51,-0.8612095230810792,-1.518269744854366
260,1576926000,495,293,0,788,51,-0.8612095230810792,-0.45055094778466653
260,1576940400,638,478,0,1116,51,-0.8612095230810792,0.1254552453713556
260,1576954800,606,681,75,1287,51,-0.20129941007975385,0.4257511570472086
260,1576969200,343,474,131,817,51,0.29143347429456906,-0.3996235709507499
260,1576983600,89,271,182,360,51,0.7401723511354703,-1.2021687851955734
260,1576998000,117,56,0,173,51,-0.8612095230810792,-1.530562559952208
260,1577012400,397,180,0,577,51,-0.8612095230810792,-0.8210915171624734
260,1577026800,551,478,0,1029,51,-0.8612095230810792,-0.02732688513039417
260,1577041200,516,598,82,1114,51,-0.1397077995329635,0.1219430124862579
260,1577055600,294,454,160,748,51,0.5465987179884149,-0.5207956054866204
260,1577070000,58,215,157,273,51,0.5202023134683619,-1.3549509156973232
260,1577084400,287,69,0,356,51,-0.8612095230810792,-1.2091932509657688
260,1577098800,819,438,0,1257,51,-0.8612095230810792,0.37306766377074313
260,1577113200,675,594,0,1269,51,-0.8612095230810792,0.39414106108132935
260,1577127600,815,1018,203,1833,51,0.9249471827758414,1.3845907346788795
260,1577142000,348,595,247,943,51,1.3120944490699524,-0.1783528991895951
260,1577156400,76,252,176,328,52,1.0825786625809355,-0.9713550163588764
260,1577170800,295,75,0,370,52,-0.8575198824941056,-0.8792453403015155
260,1577185200,725,382,0,1107,52,-0.8575198824941056,0.7370601657526528
260,1577199600,700,637,0,1337,52,-0.8575198824941056,1.2414702965429631
260,1577214000,579,840,261,1419,52,2.019558073554677,1.4213034736073344
260,1577228400,266,415,149,681,52,0.7849499085069236,-0.1971951199720089
260,1577242800,71,192,121,263,52,0.47629786724498524,-1.1139057054952684
260,1577257200,86,33,0,119,52,-0.8575198824941056,-1.4297103091205061
260,1577271600,284,143,0,427,52,-0.8575198824941056,-0.7542393513665254
260,1577286000,352,251,0,603,52,-0.8575198824941056,-0.36825594693567937
260,1577300400,366,386,20,752,52,-0.6370541387355783,-0.04148590568456529
260,1577314800,208,294,86,502,52,0.09048281566756224,-0.5897577869783808
260,1577329200,60,146,86,206,52,0.09048281566756224,-1.2389116944302585
260,1577343600,251,81,0,332,52,-0.8575198824941056,-0.9625826662581753
260,1577358000,688,334,0,1022,52,-0.8575198824941056,0.5506477261127555
260,1577372400,629,467,0,1096,52,-0.8575198824941056,0.7129362029757249
260,1577386800,688,863,175,1551,52,1.0715553753930092,1.7107910269304691
260,1577401200,315,554,239,869,52,1.7770457554202967,0.21510533476094038
260,1577415600,70,223,153,293,52,0.829043057258629,-1.0481130797400107
260,1577430000,259,86,0,345,52,-0.8575198824941056,-0.9340725284308969
260,1577444400,752,396,0,1148,52,-0.8575198824941056,0.8269767542848385
260,1577458800,677,550,0,1227,52,-0.8575198824941056,1.0002306687736842
260,1577473200,737,932,195,1669,52,1.2920211191515367,1.96957535490115
260,1577487600,315,521,206,836,52,1.4132772782187266,0.14273344643015673
