remote_unit_id,time_stamp,entries,exits,num_people_exited,sum_exit_entry,week_num,z_score_num_people_exited,z_score_sum_exit_entry
21,1546311600,531,200,0,731,1,-0.5871778738289398,-0.33063944543685714
21,1546326000,47,73,26,120,1,-0.5299842034854199,-1.0346611388321965
21,1546340400,55,194,139,249,1,-0.28141171314627544,-0.8860215341709873
21,1546354800,197,742,545,939,1,0.6116894468333054,-0.09097248598312467
21,1546369200,373,834,461,1207,1,0.4269098964927025,0.21782917331303067
21,1546383600,342,363,21,705,1,-0.540982986243789,-0.3605978153685737
21,1546398000,106,42,0,148,1,-0.5871778738289398,-1.0023982789057324
21,1546412400,39,167,128,206,1,-0.3056090352146877,-0.935568069058057
21,1546426800,262,1851,1589,2113,1,2.9082352867807986,1.2617631409336154
21,1546441200,586,1060,474,1646,1,0.4555067316644625,0.7236647271600911
21,1546455600,1748,1284,0,3032,1,-0.5871778738289398,2.3206762935200587
21,1546470000,647,406,0,1053,1,-0.5871778738289398,0.04038344371747872
21,1546484400,141,75,0,216,1,-0.5871778738289398,-0.9240456190843198
21,1546498800,47,186,139,233,1,-0.28141171314627544,-0.9044574541289667
21,1546513200,308,1961,1653,2269,1,3.049019706087925,1.4415133605239148
21,1546527600,645,880,235,1525,1,-0.07023508418558636,0.5842430824778717
21,1546542000,1704,1227,0,2931,1,-0.5871778738289398,2.2042995487853134
21,1546556400,836,355,0,1191,1,-0.5871778738289398,0.19939325335505126
21,1546570800,118,70,0,188,1,-0.5871778738289398,-0.9563084790107839
21,1546585200,42,191,149,233,1,-0.25941414762953696,-0.9044574541289667
21,1546599600,278,1807,1529,2085,1,2.776249893680368,1.2295002810071516
21,1546614000,642,908,266,1550,1,-0.002042631083697177,0.6130492074122146
21,1546628400,1703,1227,0,2930,1,-0.5871778738289398,2.2031473037879397
21,1546642800,652,471,0,1123,1,-0.5871778738289398,0.1210405935336387
21,1546657200,171,136,0,307,1,-0.5871778738289398,-0.8191913243233119
21,1546671600,23,108,85,131,1,-0.400198566936663,-1.0219864438610855
21,1546686000,72,298,226,370,1,-0.09003289315065095,-0.7465998894887679
21,1546700400,272,690,418,962,1,0.3323203647707272,-0.06447085104352925
21,1546714800,421,606,185,1027,1,-0.18022291176927857,0.010425073785762162
21,1546729200,294,362,68,656,1,-0.43759442831511836,-0.4170578202398857
21,1546743600,168,108,0,276,1,-0.5871778738289398,-0.854910919241897
21,1546758000,26,84,58,110,1,-0.45959199383185684,-1.0461835888059334
21,1546772400,72,238,166,310,1,-0.2220182862510816,-0.8157345893311907
21,1546786800,239,641,402,880,1,0.29712425994394565,-0.1589549408281738
21,1546801200,379,692,313,1071,1,0.10134592684497351,0.06112385367020557
21,1546815600,245,260,15,505,1,-0.5541815255538322,-0.5910468148433166
21,1546830000,96,63,0,159,1,-0.5871778738289398,-0.9897235839346216
21,1546844400,50,171,121,221,1,-0.3210073310764046,-0.9182843940974512
21,1546858800,294,1880,1586,2174,1,2.901636017125777,1.332050085773412
21,1546873200,532,746,214,1278,1,-0.11642997177073709,0.29963856812656436
21,1546887600,1732,1016,0,2748,1,-0.5871778738289398,1.9934387142659238
21,1546902000,713,233,0,946,1,-0.5871778738289398,-0.08290677100150867
21,1546916400,120,65,0,185,2,-0.5535548065530739,-0.9840378892328324
21,1546930800,38,190,152,228,2,-0.25073613602738204,-0.9358708134534933
21,1546945200,297,1907,1610,2204,2,2.6539324273045835,1.2775743432900897
21,1546959600,638,746,108,1384,2,-0.3383941722321876,0.35903940982362303
21,1546974000,1747,1040,0,2787,2,-0.5535548065530739,1.9306302776936872
21,1546988400,765,275,0,1040,2,-0.5535548065530739,-0.02629719641108978
21,1547002800,120,60,0,180,2,-0.5535548065530739,-0.9896387119978719
21,1547017200,47,185,138,232,2,-0.27862732936527473,-0.9313901552414617
21,1547031600,276,1987,1711,2263,2,2.8551474649565236,1.343664051917555
21,1547046000,533,845,312,1378,2,0.06802035926281993,0.3523184225055757
21,1547060400,1751,1120,0,2871,2,-0.5535548065530739,2.02472410014635
21,1547074800,807,294,0,1101,2,-0.5535548065530739,0.042032841322391275
21,1547089200,126,58,0,184,2,-0.5535548065530739,-0.9851580537858403
21,1547103600,56,165,109,221,2,-0.33640194413662383,-0.9437119653245485
21,1547118000,319,1991,1672,2310,2,2.777450569229537,1.3963117859089256
21,1547132400,626,837,211,1463,2,-0.13319467838912005,0.44753240951124607
21,1547146800,1795,1042,0,2837,2,-0.5535548065530739,1.9866385053440816
21,1547161200,781,291,0,1072,2,-0.5535548065530739,0.009548069285162579
21,1547175600,122,64,0,186,2,-0.5535548065530739,-0.9829177246798245
21,1547190000,60,166,106,226,2,-0.3423786284233151,-0.9381111425595091
21,1547204400,272,1718,1446,1990,2,2.327207019632126,1.037859128946402
21,1547218800,597,719,122,1316,2,-0.3105029788942949,0.2828682202190868
21,1547233200,1694,1038,0,2732,2,-0.5535548065530739,1.8690212272782536
21,1547247600,535,336,0,871,2,-0.5535548065530739,-0.21560500586942252
21,1547262000,142,77,0,219,2,-0.5535548065530739,-0.9459522944305643
21,1547276400,26,121,95,147,2,-0.3642931374745165,-1.0266041422471321
21,1547290800,71,337,266,408,2,-0.023622133133113135,-0.7342411939120739
21,1547305200,196,678,482,874,2,0.40669913550865955,-0.2122445122103989
21,1547319600,386,723,337,1109,2,0.11782606165191399,0.05099415774645437
21,1547334000,246,339,93,585,2,-0.36827759366564405,-0.535972068029678
21,1547348400,125,109,0,234,2,-0.5535548065530739,-0.929149826135446
21,1547362800,28,95,67,123,2,-0.42007552415030186,-1.0534880915193214
21,1547377200,56,265,209,321,2,-0.13717913458024758,-0.83169551002376
21,1547391600,224,582,358,806,2,0.15966285165875302,-0.28841570181493514
21,1547406000,412,597,185,1009,2,-0.1849926088737779,-0.06102229755433425
21,1547420400,229,190,0,419,2,-0.5535548065530739,-0.7219193838289871
21,1547434800,84,52,0,136,2,-0.5535548065530739,-1.0389259523302188
21,1547449200,46,173,127,219,2,-0.3005418384164761,-0.9459522944305643
21,1547463600,272,1851,1579,2123,2,2.5921733563421068,1.186841014496451
21,1547478000,507,682,175,1189,2,-0.20491488982941553,0.14060732198708525
21,1547492400,1733,816,0,2549,2,-0.5535548065530739,1.6640311140778103
21,1547506800,700,235,0,935,2,-0.5535548065530739,-0.14391447447691783
21,1547521200,94,98,4,192,3,-0.5426096399905956,-0.9208102038940578
21,1547535600,51,176,125,227,3,-0.28053568157658626,-0.8808458992077789
21,1547550000,274,1816,1542,2090,3,2.7885453024949123,1.246396947379007
21,1547564400,620,843,223,1463,3,-0.0682774342660662,0.5304649748562401
21,1547578800,1741,1031,0,2772,3,-0.5512732419216373,2.025129970123069
21,1547593200,784,213,0,997,3,-0.5512732419216373,-0.0016311961096440535
21,1547607600,108,72,0,180,3,-0.5512732419216373,-0.9345122512150676
21,1547622000,47,174,127,221,3,-0.27620388061106543,-0.8876969228682838
21,1547636400,281,1990,1709,2271,3,3.1502506831159005,1.4530694944709062
21,1547650800,562,832,270,1394,3,0.033519888423673004,0.4516782027604333
21,1547665200,1753,1062,0,2815,3,-0.5512732419216373,2.074228973023355
21,1547679600,793,285,0,1078,3,-0.5512732419216373,0.09085762330717273
21,1547694000,121,95,0,216,3,-0.5512732419216373,-0.893406109252038
21,1547708400,53,201,148,254,3,-0.23071997047309684,-0.8500162927355066
21,1547722800,303,1961,1658,2264,3,3.03978975849512,1.4450766335336505
21,1547737200,613,827,214,1440,3,-0.08777053861090987,0.5042027174909712
21,1547751600,2275,1134,0,3409,3,-0.5512732419216373,2.7524803154133446
21,1547766000,963,295,0,1258,3,-0.5512732419216373,0.29638833312232116
21,1547780400,156,65,0,221,3,-0.5512732419216373,-0.8876969228682838
21,1547794800,49,202,153,251,3,-0.2198904680592948,-0.8534418045657591
21,1547809200,251,1760,1509,2011,3,2.717070586563819,1.156191802515692
21,1547823600,581,842,261,1423,3,0.014026784078829324,0.4847914837862072
21,1547838000,1515,1064,0,2579,3,-0.5512732419216373,1.8047553757101602
21,1547852400,673,386,0,1059,3,-0.5512732419216373,0.06916271504890706
21,1547866800,154,90,0,244,3,-0.5512732419216373,-0.861434665503015
21,1547881200,28,141,113,169,3,-0.30652648736971116,-0.9470724612593268
21,1547895600,78,454,376,532,3,0.2631053395962763,-0.5325855297987775
21,1547910000,333,753,420,1086,3,0.35840496083773427,0.09999232152117933
21,1547924400,494,740,246,1234,3,-0.018461723162576806,0.26898423848030134
21,1547938800,237,332,95,569,3,-0.3455126960593985,-0.4903375505589969
21,1547953200,116,90,0,206,3,-0.5512732419216373,-0.9048244820195462
21,1547967600,19,77,58,96,3,-0.4256510139215336,-1.030426582462137
21,1547982000,70,198,128,268,3,-0.274037980128305,-0.8340305708609951
21,1547996400,185,509,324,694,3,0.15047851449273505,-0.3476078909651439
21,1548010800,347,440,93,787,3,-0.3498444970249193,-0.2414170242273172
21,1548025200,189,160,0,349,3,-0.5512732419216373,-0.7415417514441783
21,1548039600,75,46,0,121,3,-0.5512732419216373,-1.0018806505433664
21,1548054000,19,100,81,119,3,-0.3758353028180442,-1.004164325096868
21,1548068400,156,850,694,1006,3,0.9518616931140862,0.008645339381113367
21,1548082800,305,424,119,729,3,-0.2935310844731487,-0.307643586278865
21,1548097200,859,414,0,1273,3,-0.5512732419216373,0.3135158922735835
21,1548111600,238,129,0,367,3,-0.5512732419216373,-0.7209886804626635
21,1548126000,79,31,0,110,4,-0.5740889277139221,-1.070331814263123
21,1548140400,41,156,115,197,4,-0.33248299175261614,-0.9722134747508012
21,1548154800,313,1831,1518,2144,4,2.615109426975316,1.2236072957146091
21,1548169200,556,796,240,1352,4,-0.06986784396858796,0.3303920670507134
21,1548183600,1826,1005,0,2831,4,-0.5740889277139221,1.9984038387601852
21,1548198000,771,241,0,1012,4,-0.5740889277139221,-0.05305891495146408
21,1548212400,124,57,0,181,4,-0.5740889277139221,-0.9902582268450213
21,1548226800,50,189,139,239,4,-0.2820608833780827,-0.9248460005034734
21,1548241200,267,1862,1595,2129,4,2.7768803580102777,1.2066903406262777
21,1548255600,513,891,378,1404,4,0.22005927918497914,0.38903751135692877
21,1548270000,1750,1203,0,2953,4,-0.5740889277139221,2.1359950734786137
21,1548284400,841,271,0,1112,4,-0.5740889277139221,0.05972078563741164
21,1548298800,131,56,0,187,4,-0.5740889277139221,-0.9834914448096888
21,1548313200,61,190,129,251,4,-0.30307009520080497,-0.9113124364328083
21,1548327600,286,1807,1521,2093,4,2.6214121905221326,1.1660896484142824
21,1548342000,653,684,31,1337,4,-0.508960371063483,0.31347511196238204
21,1548356400,1623,1115,0,2738,4,-0.5740889277139221,1.893518717212531
21,1548370800,752,310,0,1062,4,-0.5740889277139221,0.003330935342973783
21,1548385200,120,70,0,190,4,-0.5740889277139221,-0.9801080537920225
21,1548399600,52,171,119,223,4,-0.3240793070235272,-0.9428907525976935
21,1548414000,315,1849,1534,2164,4,2.6487241658916716,1.2461632358323842
21,1548428400,619,818,199,1437,4,-0.15600561244174918,0.42625481255125774
21,1548442800,1640,1099,0,2739,4,-0.5740889277139221,1.8946465142184197
21,1548457200,741,417,0,1158,4,-0.5740889277139221,0.11159944790829447
21,1548471600,158,83,0,241,4,-0.5740889277139221,-0.9225904064916959
21,1548486000,23,131,108,154,4,-0.3471894400285217,-1.0207087460040178
21,1548495928,32,68,36,100,4,-0.4984557651521219,-1.0816097843220107
21,1548500400,69,401,332,470,4,0.12341690480045678,-0.6643248921431705
21,1548514800,245,716,471,961,4,0.4154449491362961,-0.11057656225179069
21,1548529200,474,846,372,1320,4,0.20745375209134578,0.29430256286227313
21,1548543600,291,377,86,668,4,-0.39340970603851066,-0.44102108497719655
21,1548558000,164,104,0,268,4,-0.5740889277139221,-0.8921398873326994
21,1548572400,20,104,84,124,4,-0.3976115484030551,-1.0545426561806805
21,1548586800,53,303,250,356,4,-0.0488586321458657,-0.7928937508144888
21,1548601200,244,633,389,877,4,0.24316941218997362,-0.2053115107464463
21,1548615600,425,563,138,988,4,-0.28416180456035495,-0.08012604309279425
21,1548630000,242,216,0,458,4,-0.5740889277139221,-0.6778584562138356
21,1548644400,112,53,0,165,4,-0.5740889277139221,-1.0083029789392415
21,1548658800,61,181,120,242,4,-0.321978385841255,-0.9214626094858072
21,1548673200,264,1772,1508,2036,4,2.594100215152594,1.1018052190786234
21,1548687600,532,870,338,1402,4,0.13602243189409013,0.3867819173451512
21,1548702000,1712,917,0,2629,4,-0.5740889277139221,1.7705888435706563
21,1548716400,639,198,0,837,4,-0.5740889277139221,-0.25042339098199656
21,1548730800,96,57,0,153,5,-0.5215434307559084,-0.9158234025394554
21,1548745200,52,183,131,235,5,-0.24112583459519335,-0.8273484743959171
21,1548759600,277,1922,1645,2199,5,2.999730963781315,1.2917339508956598
21,1548774000,614,775,161,1389,5,-0.17690806448205249,0.41777429484363476
21,1548788400,1884,1011,0,2895,5,-0.5215434307559084,2.0426918775774
21,1548802800,795,221,0,1016,5,-0.5215434307559084,0.015321268044368884
21,1548817200,133,59,0,192,5,-0.5215434307559084,-0.8737438635443578
21,1548831600,46,187,141,233,5,-0.21971991122414639,-0.8295063994725886
21,1548846000,280,1899,1619,2179,5,2.944075563016593,1.2701547001289433
21,1548860400,532,765,233,1297,5,-0.022785416210514425,0.3185097413167381
21,1548862094,88,28,0,116,5,-0.5215434307559084,-0.9557450164578812
21,1548862177,115,80,0,195,5,-0.5215434307559084,-0.8705069759293503
21,1548862281,10,5,0,15,5,-0.5215434307559084,-1.0647202328298004
21,1548874800,1652,906,0,2558,5,-0.5215434307559084,1.679081502158224
21,1548889200,690,200,0,890,5,-0.5215434307559084,-0.12062801178594613
21,1548903600,90,54,0,144,5,-0.5215434307559084,-0.9255340653844779
21,1548918000,43,158,115,201,5,-0.27537531198886844,-0.8640332006993353
21,1548932400,273,1728,1455,2001,5,2.593018419731423,1.0780993683051647
21,1548946800,578,666,88,1244,5,-0.33317130509069526,0.2613247267849389
21,1548961200,1671,967,0,2638,5,-0.5215434307559084,1.7653985052250907
21,1548975600,741,185,0,926,5,-0.5215434307559084,-0.08178536040585613
21,1548990000,106,57,0,163,5,-0.5215434307559084,-0.905033777156097
21,1549004400,39,167,128,206,5,-0.24754761160650743,-0.8586383880076562
21,1549018800,292,1701,1409,1993,5,2.4945511722246074,1.0694676679984783
21,1549033200,601,740,139,1341,5,-0.2240010958983558,0.36598409300351475
21,1549047600,2055,1029,0,3084,5,-0.5215434307559084,2.246615797322872
21,1549062000,708,396,0,1104,5,-0.5215434307559084,0.11026997141792223
21,1549076400,163,102,0,265,5,-0.5215434307559084,-0.7949795982458421
21,1549090800,22,60,38,82,5,-0.44020092194593,-0.9924297427612996
21,1549105200,72,302,230,374,5,-0.02920719322182851,-0.6773726815672362
21,1549119600,193,646,453,839,5,0.44814489795251855,-0.17565510124107364
21,1549134000,410,780,370,1190,5,0.2704757339728288,0.2030607497148039
21,1549148400,287,357,70,644,5,-0.3717019671585797,-0.38605279621656113
21,1549162800,130,115,0,245,5,-0.5215434307559084,-0.8165588490125587
21,1549177200,29,48,19,77,5,-0.4808721763509192,-0.9978245554529787
21,1549191600,49,193,144,242,5,-0.2132981342128323,-0.8197957366275662
21,1549206000,178,578,400,756,5,0.3346935040859697,-0.26520899192294783
21,1549220400,344,548,204,892,5,-0.08486259398655059,-0.11847008670927446
21,1549234800,197,225,28,422,5,-0.46160684531697693,-0.6255824797271162
21,1549249200,75,61,0,136,5,-0.5215434307559084,-0.9341657656911645
21,1549263600,54,163,109,217,5,-0.28821886601149665,-0.846769800085962
21,1549278000,360,1854,1494,2214,5,2.6765015208785066,1.3079183889706973
21,1549292400,752,893,141,1645,5,-0.21971991122414639,0.6939887046576081
21,1549306800,2189,1067,0,3256,5,-0.5215434307559084,2.4321973539166355
21,1549321200,725,253,0,978,5,-0.5215434307559084,-0.025679308412392788
21,1549335600,98,66,0,164,6,-0.5831716175116592,-1.0018472352609897
21,1549350000,49,186,137,235,6,-0.32048416744417163,-0.9263993867990287
21,1549364400,288,2106,1818,2394,6,2.90271001915033,1.3678527938963783
21,1549378800,547,1123,576,1670,6,0.5212661287574859,0.5984972687349728
21,1549393200,1679,1334,0,3013,6,-0.5831716175116592,2.02563051499432
21,1549407600,823,341,0,1164,6,-0.5831716175116592,0.060798517724377124
21,1549422000,132,61,0,193,6,-0.5831716175116592,-0.9710305084244141
21,1549436400,48,193,145,241,6,-0.30514475430154464,-0.9200235122811165
21,1549450800,260,2097,1837,2357,6,2.9391411253640696,1.3285349010359198
21,1549465200,495,936,441,1431,6,0.262413531975655,0.3445249337714701
21,1549479600,1770,1270,0,3040,6,-0.5831716175116592,2.0543219503249253
21,1549494000,856,265,0,1121,6,-0.5831716175116592,0.015104750346006354
21,1549508400,125,54,0,179,6,-0.5831716175116592,-0.9859075489662091
21,1549522800,56,172,116,228,6,-0.36075012694356756,-0.9338379070699262
21,1549537200,308,1994,1686,2302,6,2.6496097022969844,1.2700893846217245
21,1549551600,595,909,314,1504,6,0.018900348336451097,0.42209807373940184
21,1549566000,1884,1169,0,3053,6,-0.5831716175116592,2.068136345113735
21,1549580400,916,333,0,1249,6,-0.5831716175116592,0.1511234067281333
21,1549594800,133,74,0,207,6,-0.5831716175116592,-0.9561534678826189
21,1549609200,49,171,122,220,6,-0.34924556708659726,-0.9423390730938092
21,1549623600,259,1629,1370,1888,6,2.0437028831632174,0.8301540428857827
21,1549638000,581,943,362,1524,6,0.11093682719221319,0.44335098879910917
21,1549652400,1677,1123,0,2800,6,-0.5831716175116592,1.7992869696084373
21,1549666800,703,453,0,1156,6,-0.5831716175116592,0.05229735170049419
21,1549681200,152,93,0,245,6,-0.5831716175116592,-0.915772929269175
21,1549695600,22,58,36,80,6,-0.5141442583698377,-1.0911094785117605
21,1549710000,70,356,286,426,6,-0.03478759766274346,-0.7234340479788236
21,1549724400,235,670,435,905,6,0.25090897211868474,-0.21442673229883288
21,1549738800,423,668,245,1091,6,-0.11340209001870691,-0.016774622243554648
21,1549753200,276,356,80,632,6,-0.4297774860853891,-0.504529022863838
21,1549767600,128,90,0,218,6,-0.5831716175116592,-0.9444643645997799
21,1549782000,24,45,21,69,6,-0.5429056580122633,-1.1027985817945996
21,1549796400,51,243,192,294,6,-0.21502570208861088,-0.863703287372892
21,1549810800,147,571,424,718,6,0.22981727904757257,-0.41314148810709644
21,1549825200,301,487,186,788,6,-0.22653026194558115,-0.3387562853981208
21,1549839600,219,207,0,426,6,-0.5831716175116592,-0.7234340479788236
21,1549854000,67,45,0,112,6,-0.5831716175116592,-1.0571048144162287
21,1549868400,53,181,128,234,6,-0.337741007229627,-0.927462032552014
21,1549882800,253,1805,1552,2058,6,2.392674532157982,1.010803820893295
21,1549897200,509,774,265,1283,6,-0.07505355716213938,0.18725336232963577
21,1549911600,1685,903,0,2588,6,-0.5831716175116592,1.5740060699755394
21,1549926000,740,245,0,985,6,-0.5831716175116592,-0.12941507206000352
21,1549940400,102,37,0,139,7,-0.6308381576101618,-1.0532524697948842
21,1549954800,54,181,127,235,7,-0.35096701624007093,-0.9440740252307026
21,1549969200,311,1790,1479,2101,7,2.6284485989753854,1.1780819909855778
21,1549983600,488,692,204,1180,7,-0.18128136359836225,0.1306512884479603
21,1549998000,1730,874,0,2604,7,-0.6308381576101618,1.7501315494833212
21,1550012400,735,182,0,917,7,-0.6308381576101618,-0.16845215863932894
21,1550026800,97,44,0,141,7,-0.6308381576101618,-1.0509779188664636
21,1550041200,52,178,126,230,7,-0.35317072601463856,-0.9497604025517536
21,1550055600,300,1975,1675,2275,7,3.0603757147906436,1.375967921758157
21,1550070000,565,863,298,1428,7,0.025867355210996413,0.41269560357209617
21,1550084400,1758,1177,0,2935,7,-0.6308381576101618,2.126569728136906
21,1550098800,844,292,0,1136,7,-0.6308381576101618,0.08061116802271039
21,1550113200,133,54,0,187,7,-0.6308381576101618,-0.9986632475127933
21,1550127600,50,186,136,236,7,-0.3311336282689621,-0.9429367497664923
21,1550142000,366,1898,1532,2264,7,2.7452452170274704,1.3634578916518445
21,1550156400,730,929,199,1659,7,-0.19229991247120046,0.6754062358046582
21,1550170800,2007,1303,0,3310,7,-0.6308381576101618,2.5530480272157403
21,1550185200,789,395,0,1184,7,-0.6308381576101618,0.13520039030480122
21,1550199600,173,63,0,236,7,-0.6308381576101618,-0.9429367497664923
21,1550214000,50,189,139,239,7,-0.3245224989452592,-0.9395249233738616
21,1550228400,272,1837,1565,2109,7,2.8179676395882027,1.1871801946992595
21,1550242800,687,925,238,1612,7,-0.1063552312630623,0.6219542889867776
21,1550257200,1593,1290,0,2883,7,-0.6308381576101618,2.0674314039979738
21,1550271600,694,492,0,1186,7,-0.6308381576101618,0.13747494123322165
21,1550286000,192,106,0,298,7,-0.6308381576101618,-0.8724256709854584
21,1550300400,25,102,77,127,7,-0.46115250496845317,-1.0668997753654068
21,1550314800,69,469,400,538,7,0.2506457522168962,-0.5994795595750043
21,1550329200,244,922,678,1166,7,0.8632770695467016,0.11472943194901715
21,1550343600,522,979,457,1501,7,0.376257209367252,0.4957167124594426
21,1550358000,354,506,152,860,7,-0.2958742718758798,-0.23327686009931178
21,1550372400,172,134,0,306,7,-0.6308381576101618,-0.8633274672717766
21,1550386800,23,66,43,89,7,-0.5360786373037532,-1.1101162430053955
21,1550401200,68,308,240,376,7,-0.10194781171392701,-0.7837181847770608
21,1550415600,190,778,588,968,7,0.6649431898356135,-0.11045110996460746
21,1550430000,395,782,387,1177,7,0.22199752514751683,0.12723946205532963
21,1550444400,250,338,88,588,7,-0.43691169744820907,-0.542615786364493
21,1550458800,100,58,0,158,7,-0.6308381576101618,-1.0316442359748899
21,1550473200,20,109,89,129,7,-0.43470798767364144,-1.0646252244369865
21,1550487600,118,738,620,856,7,0.7354619026217781,-0.2378259619561527
21,1550502000,320,755,435,1075,7,0.3277755943267638,0.011237364705886651
21,1550516400,732,783,51,1515,7,-0.518448959107212,0.5116385689583858
21,1550530800,331,251,0,582,7,-0.6308381576101618,-0.5494394391497543
21,1550545200,85,45,0,130,8,-0.6638020884766606,-1.2496118405471628
21,1550559600,50,172,122,222,8,-0.4446187638199739,-1.1538529535857955
21,1550574000,326,1848,1522,2174,8,2.0705997158469223,0.8779008219423428
21,1550588400,557,1007,450,1564,8,0.14466099427341317,0.24297776708979957
21,1550602800,1696,1123,0,2819,8,-0.6638020884766606,1.5492538881388844
21,1550617200,769,373,0,1142,8,-0.6638020884766606,-0.1962640839721238
21,1550631600,104,65,0,169,8,-0.6638020884766606,-1.2090183993352788
21,1550646000,45,175,130,220,8,-0.43024608679330595,-1.1559346685197383
21,1550660400,330,1838,1508,2168,8,2.045447531050253,0.8716556771405145
21,1550674800,609,909,300,1518,8,-0.12482669997661142,0.19509832360911597
21,1550689200,1700,920,0,2620,8,-0.6638020884766606,1.3421232522115794
21,1550703600,683,211,0,894,8,-0.6638020884766606,-0.45439673578102663
21,1550718000,110,36,0,146,8,-0.6638020884766606,-1.2329581210756206
21,1550732400,42,185,143,227,8,-0.40689048662497046,-1.1486486662509388
21,1550739641,59,717,658,776,8,0.5183505969667805,-0.5772179168836498
21,1550746800,277,1889,1612,2166,8,2.232292332396937,0.8695739622065718
21,1550761200,596,1128,532,1724,8,0.29198093379675993,0.40951496180522073
21,1550775600,1642,1301,0,2943,8,-0.6638020884766606,1.6783202140433358
21,1550790000,753,355,0,1108,8,-0.6638020884766606,-0.23165323784915082
21,1550804400,142,79,0,221,8,-0.6638020884766606,-1.154893811052767
21,1550818800,46,198,152,244,8,-0.39072122496996897,-1.1309540893124252
21,1550833200,272,1902,1630,2174,8,2.26463085570694,0.8779008219423428
21,1550847600,639,1117,478,1756,8,0.19496536386675106,0.442822400748305
21,1550862000,1600,1303,0,2903,8,-0.6638020884766606,1.6366859153644806
21,1550876400,789,447,0,1236,8,-0.6638020884766606,-0.09842348207681385
21,1551495600,8514,9558,1044,18072,9,2.1544405595314373,4.078478910663754
21,1551510000,22,74,52,96,9,-0.6806755603737396,-0.4077522234020048
21,1551524400,81,419,338,500,9,0.1367067080666642,-0.3069268240827699
21,1551538800,237,782,545,1019,9,0.7283085597001033,-0.17740112545236666
21,1551553200,427,884,457,1311,9,0.4768063232569022,-0.10452732198400877
21,1551567600,345,457,112,802,9,-0.5091967627988297,-0.23155734241344086
21,1551582000,192,121,0,313,9,-0.8292905182719948,-0.3535960064409306
21,1551596400,28,63,35,91,9,-0.7292612196866307,-0.4090000625024904
21,1551610800,65,277,212,342,9,-0.22339876684064655,-0.34635853965811425
21,1551625200,190,684,494,874,9,0.58255158176143,-0.2135884593664485
21,1551639600,341,579,238,920,9,-0.14909128789151893,-0.20210833964198116
21,1551654000,211,175,0,386,9,-0.8292905182719948,-0.33537755557384114
21,1551668400,70,44,0,114,9,-0.8292905182719948,-0.4032600026402567
21,1551682800,32,148,116,180,9,-0.4977648429605024,-0.38678852651384704
21,1551697200,240,1469,1229,1709,9,2.683166852054076,-0.005199329585356566
21,1551711600,418,769,351,1187,9,0.17386044754122804,-0.13547373167605117
21,1551726000,1445,893,0,2338,9,-0.8292905182719948,0.15177882925572944
21,1551740400,648,235,0,883,9,-0.8292905182719948,-0.21134234898557444
21,1551754800,104,61,0,165,10,-0.6294272233419945,-1.0622823044287635
21,1551769200,52,171,119,223,10,-0.3813678192478434,-1.0012593234660716
21,1551783600,327,1887,1560,2214,10,2.622443956379651,1.0935123161325464
21,1551798000,636,912,276,1548,10,-0.05409616846816494,0.3928001554230138
21,1551812400,1825,1270,0,3095,10,-0.6294272233419945,2.02043035454861
21,1551826800,854,290,0,1144,10,-0.6294272233419945,-0.032256470592979015
21,1551841200,104,51,0,155,10,-0.6294272233419945,-1.072803508043021
21,1551855600,47,183,136,230,10,-0.3459307615201075,-0.9938944809360915
21,1551870000,330,1947,1617,2277,10,2.741262326407942,1.1597958989023671
21,1551884400,668,914,246,1582,10,-0.1166321526935812,0.42857224771148844
21,1551898800,1880,1168,0,3048,10,-0.6294272233419945,1.9709806975616009
21,1551913200,776,271,0,1047,10,-0.6294272233419945,-0.13431214565127433
21,1551927600,134,52,0,186,10,-0.6294272233419945,-1.0401877768388235
21,1551942000,43,185,142,228,10,-0.33342356467502426,-0.9959987216589429
21,1551956400,337,1837,1500,2174,10,2.4973719879288185,1.0514275016755175
21,1551970800,698,847,149,1545,10,-0.3188318350224271,0.38964379433873664
21,1551985200,1667,1213,0,2880,10,-0.6294272233419945,1.7942244768420792
21,1551999600,871,328,0,1199,10,-0.6294272233419945,0.025610149285435847
21,1552014000,159,62,0,221,10,-0.6294272233419945,-1.003363564188923
21,1552028400,55,188,133,243,10,-0.35218435994264913,-0.980216916237557
21,1552042800,314,1752,1438,2066,10,2.3681309538629582,0.9377985026415392
21,1552057200,657,990,333,1647,10,0.06472220156012597,0.4969600712041605
21,1552071600,1667,1314,0,2981,10,-0.6294272233419945,1.9004886333460773
21,1552086000,687,459,0,1146,10,-0.6294272233419945,-0.030152229870127566
21,1552100400,214,98,0,312,10,-0.6294272233419945,-0.907620611299182
21,1552114800,32,71,39,103,10,-0.5481304438489534,-1.1275137668371584
21,1552129200,92,515,423,607,10,0.2523301542363747,-0.5972451046785933
21,1552143600,263,910,647,1173,10,0.7192655031194829,-0.0017449801116329968
21,1552158000,501,1044,543,1545,10,0.5024740911380398,0.38964379433873664
21,1552172400,369,635,266,1004,10,-0.07494149654330369,-0.1795533211925805
21,1552190400,195,117,0,312,10,-0.6294272233419945,-0.907620611299182
21,1552204800,35,88,53,123,10,-0.5189469845437592,-1.106471359608644
21,1552219200,85,272,187,357,10,-0.23961958833689986,-0.8602751950350245
21,1552233600,243,669,426,912,10,0.25858375265891637,-0.27634839444374715
21,1552248000,369,449,80,818,10,-0.4626645987408845,-0.3752477084177653
21,1552262400,247,196,0,443,10,-0.6294272233419945,-0.7697928439524121
21,1552276800,71,40,0,111,10,-0.6294272233419945,-1.1190968039457527
21,1552291200,105,419,314,524,10,0.02511607821736233,-0.6845710946769283
21,1552305600,335,1778,1443,2113,10,2.3785536179005278,0.9872481596285483
21,1552320000,590,900,310,1490,10,0.01677794698730683,0.33177717446032173
21,1552334400,1925,1045,0,2970,10,-0.6294272233419945,1.8889153093703945
21,1552348800,563,255,0,818,11,-0.6472481809868305,-0.443667991560095
21,1552363200,87,63,0,150,11,-0.6472481809868305,-1.1525261448180693
21,1552377600,113,461,348,574,11,0.07839264230867567,-0.7025922271812712
21,1552392000,409,1892,1483,2301,11,2.44506601713741,1.130039555268611
21,1552406400,616,876,260,1492,11,-0.10510273829478566,0.2715571510983999
21,1552420800,1880,1198,0,3078,11,-0.6472481809868305,1.9545646826360452
21,1552435200,622,262,0,884,11,-0.6472481809868305,-0.373631108154367
21,1552449600,79,68,0,147,11,-0.6472481809868305,-1.1557096395183295
21,1552464000,115,441,326,556,11,0.032518797157810336,-0.7216931953828334
21,1552478400,387,1938,1551,2325,11,2.586857902149175,1.155507512870694
21,1552492800,804,1033,229,1837,11,-0.16974315646191407,0.6376590416283416
21,1552507200,1885,1192,0,3077,11,-0.6472481809868305,1.9535035177359583
21,1552521600,598,249,0,847,11,-0.6472481809868305,-0.41289420945757815
21,1552536000,67,56,0,123,11,-0.6472481809868305,-1.1811775971204124
21,1552550400,110,472,362,582,11,0.1075850892228627,-0.6941029079805769
21,1552564800,359,1944,1585,2303,11,2.657753844655058,1.1321618850687847
21,1552579200,754,1006,252,1760,11,-0.12178413653146396,0.555949344321659
21,1552593600,1799,1145,0,2944,11,-0.6472481809868305,1.8123685860244156
21,1552608000,581,290,0,871,11,-0.6472481809868305,-0.3874262518554953
21,1552622400,74,61,0,135,11,-0.6472481809868305,-1.168443618319371
21,1552636800,114,411,297,525,11,-0.02795127145014851,-0.7545893072855238
21,1552651200,377,1890,1513,2267,11,2.5076212605249535,1.0939599486656604
21,1552665600,818,1061,243,1879,11,-0.14055070954772705,0.6822279674319867
21,1552680000,1699,1311,0,3010,11,-0.6472481809868305,1.8824054694301435
21,1552694400,533,339,0,872,11,-0.6472481809868305,-0.3863650869554085
21,1552708800,130,80,0,210,11,-0.6472481809868305,-1.0888562508128619
21,1552723200,32,140,108,172,11,-0.4220493047916734,-1.1291805170161597
21,1552737600,137,682,545,819,11,0.48917207388687883,-0.4426068266600082
21,1552752000,440,1093,653,1533,11,0.7143709500820359,0.3150649120019582
21,1552766400,552,987,435,1539,11,0.25980284813255217,0.3214319014024789
21,1552780800,452,445,0,897,11,-0.6472481809868305,-0.3598359644532388
21,1552795200,124,109,0,233,11,-0.6472481809868305,-1.0644494581108659
21,1552809600,70,110,40,180,11,-0.563841189803439,-1.1206911978154654
21,1552824000,392,568,176,960,11,-0.2802574197799078,-0.29298257574777115
21,1552838400,240,780,540,1020,11,0.4787461999889549,-0.2293126817425639
21,1552852800,516,563,47,1079,11,-0.5492449663463455,-0.16670395263744342
21,1552867200,245,270,25,515,11,-0.5951188114972108,-0.7652009562863916
21,1552881600,52,49,0,101,11,-0.6472481809868305,-1.2045232249223217
21,1552896000,118,415,297,533,11,-0.02795127145014851,-0.7460999880848295
21,1552910400,328,1817,1489,2145,11,2.4575770658149185,0.9644978308550722
21,1552924800,671,904,233,1575,11,-0.16140245734357492,0.35963383780560326
21,1552939200,2009,1039,0,3048,11,-0.6472481809868305,1.9227297356334414
21,1552953600,534,314,0,848,12,-0.6332591956869584,-0.41059071456596447
21,1552968000,99,92,0,191,12,-0.6332591956869584,-1.1115211883183291
21,1552982400,128,454,326,582,12,0.06926753477373153,-0.6943768728888396
21,1552996800,580,1981,1401,2561,12,2.3858817533174173,1.4169494704230776
21,1553011200,904,956,52,1860,12,-0.5211997172085662,0.6690769253691847
21,1553025600,2354,1254,0,3608,12,-0.6332591956869584,2.5339573943480787
21,1553040000,646,556,0,1202,12,-0.6332591956869584,-0.03292041364003282
21,1553054400,110,104,0,214,12,-0.6332591956869584,-1.0869832874107122
21,1553068800,109,465,356,574,12,0.1339172338958809,-0.702911794943663
21,1553083200,378,2102,1724,2480,12,3.0819435138658924,1.3305333846179916
21,1553097600,713,974,261,1687,12,-0.0708068133242588,0.4845092359336306
21,1553112000,1782,1002,0,2784,12,-0.6332591956869584,1.6548604227012775
21,1553126400,731,309,0,1040,12,-0.6332591956869584,-0.20575258525020493
21,1553140800,104,114,10,218,12,-0.6117092959795752,-1.0827158263833006
21,1553155200,122,474,352,596,12,0.12529727401292765,-0.6794407592928988
21,1553169600,447,1825,1378,2272,12,2.3363169839904363,1.1086254111925855
21,1553184000,798,898,100,1696,12,-0.41776019861312713,0.4941110232453068
21,1553198400,1867,1122,0,2989,12,-0.6332591956869584,1.873567800356125
21,1553212800,655,304,0,959,12,-0.6332591956869584,-0.292168671055291
21,1553227200,115,100,0,215,12,-0.6332591956869584,-1.085916422153859
21,1553241600,103,404,301,507,12,0.015392785505273714,-0.7743917671528082
21,1553256000,407,1698,1291,2105,12,2.148832856536203,0.9304589132981488
21,1553270400,716,923,207,1639,12,-0.18717627174412768,0.4332997036046907
21,1553284800,1667,1065,0,2732,12,-0.6332591956869584,1.599383429344926
21,1553299200,582,399,0,981,12,-0.6332591956869584,-0.26869763540452685
21,1553313600,161,82,0,243,12,-0.6332591956869584,-1.0560441949619777
21,1553328000,46,197,151,243,12,-0.3078557101054732,-1.0560441949619777
21,1553342400,134,501,367,635,12,0.15762212357400235,-0.6378330142756352
21,1553356800,294,889,595,1183,12,0.6489598369023376,-0.05319085352023819
21,1553371200,514,875,361,1389,12,0.14469218374957246,0.16658338939146214
21,1553385600,388,380,0,768,12,-0.6332591956869584,-0.4959399351141976
21,1553400000,149,78,0,227,12,-0.6332591956869584,-1.0731140390716243
21,1553414400,43,148,105,191,12,-0.40698524875943554,-1.1115211883183291
21,1553428800,106,380,274,486,12,-0.042791943704660725,-0.7967959375467194
21,1553443200,237,821,584,1058,12,0.6252549472242162,-0.18654901062685247
21,1553457600,424,576,152,1000,12,-0.30570072013473487,-0.2484271955243215
21,1553472000,274,259,0,533,12,-0.6332591956869584,-0.7466532704746325
21,1553486400,74,48,0,122,12,-0.6332591956869584,-1.1851348910411803
21,1553500800,130,459,329,589,12,0.07573250468594647,-0.6869088160908693
21,1553515200,371,1915,1544,2286,12,2.694045319132996,1.1235615247885262
21,1553529600,681,802,121,1483,12,-0.37250540922762254,0.26686872353563607
21,1553544000,1808,996,0,2804,12,-0.6332591956869584,1.6761977278383358
21,1553558400,527,296,0,823,13,-0.6228511936006604,-0.3493611609648769
21,1553572800,114,95,0,209,13,-0.6228511936006604,-0.99357255435967
21,1553587200,115,490,375,605,13,0.17443699060499493,-0.5780876817467415
21,1553601600,388,1928,1540,2316,13,2.6513456162038973,1.217100745123765
21,1553616000,720,931,211,1651,13,-0.17424370862094501,0.5193799363167008
21,1553630400,1838,1232,0,3070,13,-0.6228511936006604,2.008200729846361
21,1553644800,689,355,0,1044,13,-0.6228511936006604,-0.11748702751170217
21,1553659200,125,95,0,220,13,-0.6228511936006604,-0.9820313078981997
21,1553673600,118,449,331,567,13,0.0808885103248647,-0.6179574422500024
21,1553688000,404,2068,1664,2472,13,2.9149822424479006,1.3807766040318883
21,1553702400,752,1030,278,1782,13,-0.03179488637620125,0.6568256896305735
21,1553716800,1919,1251,0,3170,13,-0.6228511936006604,2.1131211522233633
21,1553731200,818,347,0,1165,13,-0.6228511936006604,0.009466683564470398
21,1553745600,98,114,16,212,13,-0.5888335644078858,-0.9904249416883599
21,1553760000,118,452,334,570,13,0.08726681579850995,-0.6148098295786922
21,1553774400,458,1916,1458,2374,13,2.4770052665909272,1.277954590102426
21,1553788800,747,1042,295,1789,13,0.0043488446411217895,0.6641701191969637
21,1553803200,1835,1364,0,3199,13,-0.6228511936006604,2.143548074712694
21,1553817600,724,443,0,1167,13,-0.6228511936006604,0.01156509201201044
21,1553832000,139,79,0,218,13,-0.6228511936006604,-0.9841297163457398
21,1553846400,110,439,329,549,13,0.07663630667576787,-0.6368431182778627
21,1553852988,76,807,731,883,13,0.9313292401442304,-0.2864089075386756
21,1553857358,80,230,150,310,13,-0.30393591991839825,-0.8876029277588978
21,1553860800,415,1852,1437,2267,13,2.432357128275411,1.1656897381590339
21,1553875200,802,1010,208,1812,13,-0.18062201409459025,0.6883018163436742
21,1553889600,1630,1187,0,2817,13,-0.6228511936006604,1.7427520612325456
21,1553904000,531,341,0,872,13,-0.6228511936006604,-0.29795015400014585
21,1553918400,125,66,0,191,13,-0.6228511936006604,-1.0124582303875302
21,1553932800,24,126,102,150,13,-0.40598880749672217,-1.0554756035621011
21,1553947200,142,399,257,541,13,-0.07644302469171795,-0.6452367520680229
21,1553961600,285,627,342,912,13,0.10427563039489726,-0.255981985049345
21,1553976000,428,697,269,1125,13,-0.05092980279713698,-0.03250148538633045
21,1553990400,327,279,0,606,13,-0.6228511936006604,-0.5770384775229715
21,1554004800,104,75,0,179,13,-0.6228511936006604,-1.0250486810727706
21,1554019200,22,85,63,107,13,-0.4889067786541103,-1.1005913851842122
21,1554033600,104,222,118,326,13,-0.37197117830394755,-0.8708156601785775
21,1554048000,159,436,277,595,13,-0.033920988200749666,-0.5885797239844417
21,1554062400,266,310,44,576,13,-0.5293027133205301,-0.6085146042360722
21,1554076800,165,142,0,307,13,-0.6228511936006604,-0.8907505404302078
21,1554091200,45,34,0,79,13,-0.6228511936006604,-1.1299691034497727
21,1554105600,105,430,325,535,13,0.06813189937757422,-0.6515319774106431
21,1554120000,360,1908,1548,2268,13,2.6683544308002847,1.1667389423828038
21,1554134400,663,851,188,1514,13,-0.22314405058555853,0.37563895766020783
21,1554148800,1858,861,0,2719,13,-0.6228511936006604,1.6399300473030836
21,1554163200,347,172,0,519,14,-0.6561614375885464,-0.6770035048119252
21,1554177600,46,20,0,66,14,-0.6561614375885464,-1.1272978128892435
21,1554192000,106,453,347,559,14,0.050421744871589194,-0.637242418005981
21,1554206400,385,1937,1552,2322,14,2.5041183871322907,1.11522748296601
21,1554220800,748,929,181,1677,14,-0.2875978755560261,0.47407995822015975
21,1554235200,1943,1154,0,3097,14,-0.6561614375885464,1.8855985398311792
21,1554249600,397,190,0,587,14,-0.6561614375885464,-0.6094096572418201
21,1554264000,30,17,0,47,14,-0.6561614375885464,-1.1461843291220668
21,1554278400,113,451,338,564,14,0.0320953799086462,-0.632272282155238
21,1554292800,452,2061,1609,2513,14,2.6201853652309297,1.3050866724643937
21,1554307200,842,1146,304,1988,14,-0.03713755439580513,0.783222408136376
21,1554321600,1908,1364,0,3272,14,-0.6561614375885464,2.0595532946071855
21,1554336000,419,232,0,651,14,-0.6561614375885464,-0.5457919183523093
21,1554350400,42,13,0,55,14,-0.6561614375885464,-1.138232111760878
21,1554364800,102,476,374,578,14,0.10540083976041818,-0.6183559017731575
21,1554379200,370,2024,1654,2394,14,2.7118171900456445,1.1867974392167098
21,1554393600,767,1088,321,1855,14,-0.0025210872435794656,0.6510167945066114
21,1554408000,1858,1314,0,3172,14,-0.6561614375885464,1.9601505775923247
21,1554422400,403,271,0,674,14,-0.6561614375885464,-0.5229292934388914
21,1554436800,36,24,0,60,14,-0.6561614375885464,-1.133261975910135
21,1554451200,108,427,319,535,14,-0.006593612790900131,-0.6610990700895475
21,1554465600,436,1941,1505,2377,14,2.408414036770255,1.1698989773241835
21,1554480000,865,1001,136,1866,14,-0.3792297003707411,0.6619510933782461
21,1554494400,1804,1135,0,2939,14,-0.6561614375885464,1.7285422469476996
21,1554508800,445,329,0,774,14,-0.6561614375885464,-0.42352657642403085
21,1554523200,90,69,0,159,14,-0.6561614375885464,-1.0348532860654232
21,1554537600,34,173,139,207,14,-0.3731209120497601,-0.98713998189829
21,1554552000,139,586,447,725,14,0.2540480222376225,-0.4722339077613125
21,1554566400,318,1014,696,1332,14,0.7610774528790455,0.1311405845188909
21,1554580800,466,884,418,1350,14,0.19499640180147285,0.14903307358156578
21,1554595200,383,429,46,812,14,-0.5624933500001711,-0.38575354395838385
21,1554609600,117,74,0,191,14,-0.6561614375885464,-1.0030444166206678
21,1554624000,36,136,100,172,14,-0.4525351602225131,-1.0219309328534911
21,1554638400,122,385,263,507,14,-0.12062432811587878,-0.6889318308537085
21,1554652800,228,752,524,980,14,0.41084025580946815,-0.21875697937341815
21,1554667200,374,534,160,908,14,-0.3303593938028931,-0.29032693562411777
21,1554681600,217,211,0,428,14,-0.6561614375885464,-0.7674599772954482
21,1554696000,65,40,0,105,14,-0.6561614375885464,-1.0885307532534478
21,1554710400,97,456,359,553,14,0.07485689815551319,-0.6432065810268727
21,1554724800,350,1878,1528,2228,14,2.4552480805644428,1.0217889289720412
21,1554739200,720,934,214,1654,14,-0.2204012040252351,0.4512173333067418
21,1554753600,1846,1105,0,2951,14,-0.6561614375885464,1.740470572989483
21,1554768000,342,97,0,439,15,-0.6444571859718236,-0.7045853691036905
21,1554782400,330,254,0,584,15,-0.6444571859718236,-0.5589476235298699
21,1554796800,117,497,380,614,15,0.12636505806915865,-0.5288156761697692
21,1554811200,396,2064,1668,2460,15,2.7390467694501717,1.3253034847217673
21,1554825600,693,926,233,1619,15,-0.17182144159932655,0.4806045603936079
21,1554840000,1886,1236,0,3122,15,-0.6444571859718236,1.9902151231346583
21,1554854400,398,175,0,573,15,-0.6444571859718236,-0.5699960042285737
21,1554868800,41,20,0,61,15,-0.6444571859718236,-1.0842479058409606
21,1554883200,97,484,387,581,15,0.14056441519622936,-0.5619608182658801
21,1554887483,48,594,546,642,15,0.46309266993969295,-0.5006925253003418
21,1554897600,389,2145,1756,2534,15,2.9175529733333465,1.3996289548766825
21,1554912000,735,1092,357,1827,15,0.07971002750878342,0.6895193954236402
21,1554926400,2022,1305,0,3327,15,-0.6444571859718236,2.1961167634286807
21,1554940800,435,158,0,593,15,-0.6444571859718236,-0.5499080393218397
21,1554955200,34,18,0,52,15,-0.6444571859718236,-1.093287490048991
21,1554969600,101,461,360,562,15,0.08579546627752802,-0.5810443849272773
21,1554984000,388,1922,1534,2310,15,2.4672305044462464,1.1746437479212632
21,1554998400,687,1078,391,1765,15,0.1486783335545555,0.6272467042127652
21,1555012800,1934,1151,0,3085,15,-0.6444571859718236,1.9530523880572006
21,1555027200,396,243,0,639,15,-0.6444571859718236,-0.5037057200363518
21,1555041600,44,24,0,68,15,-0.6444571859718236,-1.0772171181236039
21,1555056000,109,398,289,507,15,-0.05822658458276076,-0.6362862884207954
21,1555059767,46,474,428,520,15,0.2237320783690722,-0.6232291112314183
21,1555070400,407,1926,1519,2333,15,2.4368033106025235,1.1977449075640072
21,1555084800,819,1042,223,1861,15,-0.19210623749514188,0.7236689357650877
21,1555099200,1809,1193,0,3002,15,-0.6444571859718236,1.869687333694255
21,1555113600,513,308,0,821,15,-0.6444571859718236,-0.3209052393850736
21,1555128000,76,54,0,130,15,-0.6444571859718236,-1.0149444269127288
21,1555142400,26,105,79,131,15,-0.48420729839488247,-1.013940028667392
21,1555156800,143,393,250,536,15,-0.1373372885764405,-0.6071587393060313
21,1555171200,280,768,488,1048,15,0.3454408537439641,-0.09290683769364416
21,1555185600,464,746,282,1210,15,-0.07242594170983149,0.06980567805090021
21,1555200000,322,356,34,678,15,-0.5754888799260515,-0.46453418846822075
21,1555214400,87,79,0,166,15,-0.6444571859718236,-0.9787860900806079
21,1555228800,29,60,31,89,15,-0.581574318694796,-1.0561247549715334
21,1555243200,104,274,170,378,15,-0.29961565574296306,-0.7658536620692289
21,1555257600,189,530,341,719,15,0.0472543540754789,-0.42335386040941636
21,1555272000,327,503,176,830,15,-0.28744477820547387,-0.31186565517704334
21,1555286400,218,149,0,367,15,-0.6444571859718236,-0.7769020427679325
21,1555300800,41,33,0,74,15,-0.6444571859718236,-1.0711907286515836
21,1555315200,114,398,284,512,15,-0.06836898253066842,-0.6312642971941119
21,1555329600,405,2005,1600,2410,15,2.6011101573586277,1.2750835724549325
21,1555344000,697,870,173,1567,15,-0.2935302169742185,0.4283758516360998
21,1555358400,1853,983,0,2836,15,-0.6444571859718236,1.702957224968364
21,1555372800,464,186,0,650,16,-0.6415460883188194,-0.5291911666052379
21,1555387200,58,49,0,107,16,-0.6415460883188194,-1.0786941373104721
21,1555401600,135,500,365,635,16,0.13303858002232433,-0.5443708066799682
21,1555416000,459,2012,1553,2471,16,2.6541525142395264,1.3136171384670114
21,1555430400,739,1074,335,1813,16,0.06937408673401115,0.6477369271888456
21,1555444800,1963,1302,0,3265,16,-0.6415460883188194,2.1171260864227315
21,1555459200,634,300,0,934,16,-0.6415460883188194,-0.24178998119034564
21,1555473600,81,40,0,121,16,-0.6415460883188194,-1.0645264732407238
21,1555488000,124,474,350,598,16,0.10120633337816773,-0.5818139188643027
21,1555502400,408,2093,1685,2501,16,2.9342762847081043,1.343976418616472
21,1555516800,749,1172,423,1921,16,0.2561232670463965,0.7570303357269033
21,1555531200,2052,1301,0,3353,16,-0.6415460883188194,2.206179974861149
21,1555545600,637,314,0,951,16,-0.6415460883188194,-0.2245863891056514
21,1555560000,87,45,0,132,16,-0.6415460883188194,-1.0533947371859218
21,1555574400,105,445,340,550,16,0.07998483561539667,-0.6303887671034395
21,1555588800,431,2001,1570,2432,16,2.6902290604362373,1.274150074272713
21,1555603200,833,1055,222,1888,16,-0.17042883798530187,0.7236351275624967
21,1555617600,1914,1364,0,3278,16,-0.6415460883188194,2.1302817744874973
21,1555632000,578,406,0,984,16,-0.6415460883188194,-0.1911911809412449
21,1555646400,86,55,0,141,16,-0.6415460883188194,-1.0442869531410837
21,1555660800,81,344,263,425,16,-0.0834206971579405,-0.7568857677261913
21,1555675200,337,1576,1239,1913,16,1.987797484488515,0.7489345276870472
21,1555689600,806,1100,294,1906,16,-0.01763405409335021,0.741850695652173
21,1555704000,1044,1201,157,2245,16,-0.30836857344331375,1.084910561341076
21,1555718400,441,388,0,829,16,-0.6415460883188194,-0.34804746171345724
21,1555732800,93,45,0,138,16,-0.6415460883188194,-1.0473228811560296
21,1555747200,28,109,81,137,16,-0.46965195644037383,-1.0483348571610116
21,1555761600,144,359,215,503,16,-0.1852838864192416,-0.6779516393375942
21,1555776000,222,717,495,939,16,0.40891805093834815,-0.23673010116543558
21,1555790400,356,600,244,956,16,-0.12374154290720552,-0.2195265090807413
21,1555804800,303,285,0,588,16,-0.6415460883188194,-0.5919336789141229
21,1555819200,105,41,0,146,16,-0.6415460883188194,-1.0392270731161735
21,1555833600,26,71,45,97,16,-0.5460493483863497,-1.0888138973602923
21,1555848000,120,281,161,401,16,-0.29987997433820535,-0.7811731918457597
21,1555862400,181,506,325,687,16,0.04815258897124008,-0.49174805442090336
21,1555876800,328,502,174,830,16,-0.27229202724660295,-0.3470354857084752
21,1555891200,207,221,14,428,16,-0.6118359914509399,-0.7538498397112453
21,1555905600,48,48,0,96,16,-0.6415460883188194,-1.0898258733652744
21,1555920000,113,465,352,578,16,0.10545063293072195,-0.602053438963943
21,1555934400,368,1884,1516,2252,16,2.5756329725172735,1.0919943933759502
21,1555948800,703,982,279,1685,16,-0.0494663007375068,0.5182039985511476
21,1555963200,1829,930,0,2759,16,-0.6415460883188194,1.605066227901832
21,1555977600,470,208,0,678,17,-0.6880593356958378,-0.5462114303673474
21,1555992000,81,29,0,110,17,-0.6880593356958378,-1.115473985319005
21,1556006400,126,529,403,655,17,0.15025749115315137,-0.5692625549516575
21,1556020800,409,1904,1495,2313,17,2.421825667131057,1.0924228607346949
21,1556035200,676,1181,505,1857,17,0.3624369361620767,0.6354092602805473
21,1556049600,1932,1246,0,3178,17,-0.6880593356958378,1.9593455896663563
21,1556064000,546,325,0,871,17,-0.6880593356958378,-0.3527824284207455
21,1556078400,69,42,0,111,17,-0.6880593356958378,-1.1144717625109914
21,1556092800,86,503,417,589,17,0.17938016007594504,-0.6354092602805473
21,1556107200,385,2049,1664,2434,17,2.7733778848419237,1.2136918205043261
21,1556121600,688,1291,603,1979,17,0.5662956186216324,0.757680442858192
21,1556136000,1998,1411,0,3409,17,-0.6880593356958378,2.1908590583174705
21,1556150400,643,285,0,928,17,-0.6880593356958378,-0.295655728363977
21,1556164800,90,41,0,131,17,-0.6880593356958378,-1.0944273063507217
21,1556179200,83,475,392,558,17,0.12737539414238494,-0.6664781673289653
21,1556193600,415,1977,1562,2392,17,2.5611984398329986,1.1715984625677598
21,1556208000,762,1254,492,2016,17,0.3353944578766254,0.7947626867546909
21,1556222400,2068,1346,0,3414,17,-0.6880593356958378,2.1958701723575382
21,1556236800,707,284,0,991,17,-0.6880593356958378,-0.2325156914591277
21,1556251200,98,57,0,155,17,-0.6880593356958378,-1.0703739589583983
21,1556265600,108,427,319,535,17,-0.024478522383610615,-0.6895292919132753
21,1556265860,5,25,20,30,17,-0.6464555229489897,-1.1956518099600835
21,1556280000,411,1872,1461,2283,17,2.3510991854614156,1.0623561764942904
21,1556294400,854,1025,171,1879,17,-0.3323467367102865,0.6574581620568439
21,1556308800,1695,1039,0,2734,17,-0.6880593356958378,1.5143586629083705
21,1556323200,503,336,0,839,17,-0.6880593356958378,-0.3848535582771769
21,1556337600,136,79,0,215,17,-0.6880593356958378,-1.0102405904775893
21,1556352000,52,148,96,200,17,-0.48836103451096685,-1.0252739325977915
21,1556366400,157,602,445,759,17,0.2376254979215324,-0.4650313829182554
21,1556380800,304,963,659,1267,17,0.682786294312807,0.044097803552593184
21,1556395200,466,874,408,1340,17,0.1606584443398634,0.11726006853757734
21,1556409600,413,424,11,837,17,-0.6651772386850713,-0.38685800389320385
21,1556424000,146,96,0,242,17,-0.6880593356958378,-0.9831805746612253
21,1556438400,40,111,71,151,17,-0.540365800444527,-1.0743828501904522
21,1556452800,106,392,286,498,17,-0.09312481341590997,-0.7266115358097741
21,1556467200,285,804,519,1089,17,0.3915596050848703,-0.13429785627380653
21,1556481600,405,568,163,973,17,-0.34898826180902576,-0.2505557020033704
21,1556496000,262,208,0,470,17,-0.6880593356958378,-0.7546737744341516
21,1556510400,77,40,0,117,17,-0.6880593356958378,-1.1084584256629106
21,1556524800,115,461,346,576,17,0.031686624824634316,-0.6484381567847225
21,1556539200,393,1883,1490,2276,17,2.411424713944345,1.055340616838196
21,1556553600,707,932,225,1639,17,-0.22001644229379666,0.41692468813360833
21,1556568000,1889,982,0,2871,17,-0.6880593356958378,1.6516631876062176
21,1556582400,486,254,0,740,18,-0.6510578443844667,-0.5162836375927202
21,1556596800,96,39,0,135,18,-0.6510578443844667,-1.118752856018944
21,1556611200,121,478,357,599,18,0.06149407668857661,-0.6566938190771789
21,1556625600,388,1976,1588,2364,18,2.5185008409488465,1.1009229917034569
21,1556640000,630,975,345,1605,18,0.037542751610491115,0.34509797222328553
21,1556654400,1840,1275,0,3115,18,-0.6510578443844667,1.848781476063943
21,1556668800,697,287,0,984,18,-0.6510578443844667,-0.27330431644230935
21,1556683200,106,40,0,146,18,-0.6510578443844667,-1.1077988702293762
21,1556697600,103,493,390,596,18,0.1273602206533117,-0.659681269747061
21,1556712000,423,2069,1646,2492,18,2.63426557882626,1.2283875536184266
21,1556726400,786,1144,358,1930,18,0.06349002044508373,0.6687384614605131
21,1556740800,1933,1338,0,3271,18,-0.6510578443844667,2.004128910897812
21,1556755200,703,254,0,957,18,-0.6510578443844667,-0.3001913724712482
21,1556769600,93,36,0,129,18,-0.6510578443844667,-1.124727757358708
21,1556784000,126,478,352,604,18,0.05151435790604098,-0.6517147346273754
21,1556798400,364,2051,1687,2415,18,2.716099272843052,1.1517096530914528
21,1556812800,764,1123,359,1887,18,0.06548596420159085,0.625918335192203
21,1556827200,1846,1471,0,3317,18,-0.6510578443844667,2.0499364878360047
21,1556841600,735,264,0,999,18,-0.6510578443844667,-0.2583670630928988
21,1556856000,97,55,0,152,18,-0.6510578443844667,-1.1018239688896119
21,1556870400,111,464,353,575,18,0.05351030166254811,-0.6805934244362357
21,1556884800,416,1937,1521,2353,18,2.3847726092628694,1.0899690059138893
21,1556899200,805,1057,252,1862,18,-0.14808001774467142,0.6010229129431854
21,1556913600,1781,1331,0,3112,18,-0.6510578443844667,1.8457940253940608
21,1556928000,607,488,0,1095,18,-0.6510578443844667,-0.1627686416566716
21,1556942400,132,85,0,217,18,-0.6510578443844667,-1.0370958710421665
21,1556956800,33,146,113,179,18,-0.4255161998991617,-1.074936912860673
21,1556971200,162,556,394,718,18,0.1353439956793402,-0.5381916091718556
21,1556985600,366,986,620,1352,18,0.5864272846499502,0.09315629906322835
21,1557000000,501,936,435,1437,18,0.2171776896961323,0.17780073470988786
21,1557014400,494,429,0,923,18,-0.6510578443844667,-0.33404914672991204
21,1557028800,133,71,0,204,18,-0.6510578443844667,-1.0500414906116555
21,1557043200,32,73,41,105,18,-0.5692241503676746,-1.1486273627177648
21,1557057600,109,328,219,437,18,-0.21394616170940653,-0.8180161552508124
21,1557072000,212,617,405,829,18,0.15729937700091856,-0.42765593438621785
21,1557086400,427,437,10,864,18,-0.6310984068193954,-0.39280234323759333
21,1557100800,271,130,0,401,18,-0.6510578443844667,-0.8538655632893976
21,1557115200,47,34,0,81,18,-0.6510578443844667,-1.1725269680768216
21,1557129600,111,476,365,587,18,0.0774616267406336,-0.6686436217567073
21,1557144000,337,1906,1569,2243,18,2.480577909575211,0.9804291480182122
21,1557158400,720,1041,321,1761,18,-0.010359898545679862,0.5004454070571548
21,1557172800,1945,1138,0,3083,18,-0.6510578443844667,1.8169153355852004
21,1557187200,490,290,0,780,19,-0.6102433795207947,-0.2516886242801935
21,1557201600,76,46,0,122,19,-0.6102433795207947,-0.45648088739631265
21,1557216000,115,505,390,620,19,0.20440915157542502,-0.30148613506830757
21,1557230400,409,2060,1651,2469,19,2.8384523354532023,0.2739863489768357
21,1557244800,687,914,227,1601,19,-0.13607382936991808,0.003834852951316851
21,1557259200,1896,1260,0,3156,19,-0.6102433795207947,0.4878044109233005
21,1557273600,656,284,0,940,19,-0.6102433795207947,-0.20189111349207942
21,1557288000,99,43,0,142,19,-0.6102433795207947,-0.45025619854779836
21,1557302400,111,499,388,610,19,0.2002314462877521,-0.3045984794925647
21,1557316800,384,2170,1786,2554,19,3.120447442371124,0.30044127658302133
21,1557532800,9315,8358,0,17673,19,-0.6102433795207947,5.005994811617376
21,1557547200,149,65,0,214,19,-0.6102433795207947,-0.427847318693147
21,1557561600,46,133,87,179,19,-0.42851319950702255,-0.438740524178047
21,1557576000,128,435,307,563,19,0.031034382136998793,-0.31922649828657323
21,1557590400,331,822,491,1153,19,0.4153832686029076,-0.13559817725540255
21,1557604800,455,934,479,1389,19,0.39031703687687,-0.062146848842934296
21,1557619200,464,345,0,809,19,-0.6102433795207947,-0.24266282544984782
21,1557633600,101,88,0,189,19,-0.6102433795207947,-0.43562817975378987
21,1557648000,23,88,65,111,19,-0.4744679576714247,-0.45990446626299547
21,1557662400,101,306,205,407,19,-0.1820285875343202,-0.36777907130498444
21,1557676800,199,607,408,806,19,0.24200849916448133,-0.24359652877712495
21,1557691200,348,421,73,769,19,-0.457757136520733,-0.2551122031468763
21,1557705600,251,129,0,380,19,-0.6102433795207947,-0.3761824012504787
21,1557720000,40,32,0,72,19,-0.6102433795207947,-0.4720426095175983
21,1557734400,92,440,348,532,19,0.11667734053429368,-0.3288747660017703
21,1557748800,419,1694,1275,2113,19,2.053043741370693,0.1631868874732819
21,1557763200,772,670,0,1442,19,-0.6102433795207947,-0.04565142339437151
21,1557777600,1891,797,0,2688,19,-0.6102433795207947,0.34214669186806684
21,1557792000,448,237,0,685,20,-0.6604908100999961,-0.5716869117699952
21,1557806400,90,67,0,157,20,-0.6604908100999961,-1.102901627962321
21,1557820800,94,517,423,611,20,0.16305410566212136,-0.6461374591151318
21,1557835200,427,1921,1494,2348,20,2.248199743442802,1.1014382265403035
21,1557849600,771,1462,691,2233,20,0.6848272437809098,0.9857380516120507
21,1557864000,2012,941,0,2953,20,-0.6604908100999961,1.710121755510677
21,1557878400,581,158,0,739,20,-0.6604908100999961,-0.5173581339775983
21,1557892800,85,57,0,142,20,-0.6604908100999961,-1.1179929551268757
21,1557907200,108,530,422,638,20,0.16110719096764828,-0.6189730702189333
21,1557921600,368,1716,1348,2084,20,1.9639501980497307,0.8358308684441407
21,1557936000,723,1056,333,1779,20,-0.01216821684045682,0.5289738827648616
21,1557936298,11,22,11,33,20,-0.6390747484607922,-1.2276565991893067
21,1557936379,6,17,11,23,20,-0.6390747484607922,-1.2377174839656764
21,1557950400,1981,1097,0,3078,20,-0.6604908100999961,1.8358828152152993
21,1557964800,743,318,0,1061,20,-0.6604908100999961,-0.19339764417849054
21,1557979200,98,65,0,163,20,-0.6604908100999961,-1.096865097096499
21,1557993600,104,502,398,606,20,0.1143812383002941,-0.6511679015033167
21,1558008000,368,1679,1311,2047,20,1.8919143543542263,0.7986055947715723
21,1558022400,790,1094,304,1884,20,-0.06862874298017646,0.6346131729167446
21,1558036800,1940,1125,0,3065,20,-0.6604908100999961,1.8228036650060186
21,1558051200,745,374,0,1119,20,-0.6604908100999961,-0.13504451247554564
21,1558065600,118,65,0,183,20,-0.6604908100999961,-1.0767433275437595
21,1558080000,112,495,383,607,20,0.08517751788319773,-0.6501618130256798
21,1558094400,355,1955,1600,2310,20,2.4545727010569496,1.0632068643900983
21,1558108800,850,1042,192,1892,20,-0.28668318876116267,0.6426618807378404
21,1558123200,1718,1309,0,3027,20,-0.6604908100999961,1.7845723028558134
21,1558137600,642,444,0,1086,20,-0.6604908100999961,-0.168245432237566
21,1558152000,179,77,0,256,20,-0.6604908100999961,-1.0032988686762598
21,1558166400,44,154,110,198,20,-0.4463301937079561,-1.0616520003792047
21,1558180800,135,634,499,769,20,0.3110196224420763,-0.48717547964848884
21,1558195200,411,982,571,1393,20,0.4511974804441389,0.14062373039698706
21,1558209600,602,1107,505,1709,20,0.3227011106089148,0.4585476893302729
21,1558224000,520,450,0,970,20,-0.6604908100999961,-0.28495169564345574
21,1558238400,174,99,0,273,20,-0.6604908100999961,-0.9861953645564312
21,1558252800,51,111,60,162,20,-0.5436759284316107,-1.097871185574136
21,1558267200,130,470,340,600,20,0.0014601860208548183,-0.6572044323691386
21,1558281600,277,929,652,1206,20,0.6088975706964592,-0.047514814921128336
21,1558296000,585,739,154,1324,20,-0.36066594715114014,0.07120362544003538
21,1558310400,427,269,0,696,20,-0.6604908100999961,-0.5606199385159885
21,1558324800,75,41,0,116,20,-0.6604908100999961,-1.1441512555454372
21,1558339200,149,673,524,822,20,0.35969248980390356,-0.43385279033372887
21,1558353600,397,2673,2276,3070,20,3.7706870345207593,1.8278341073942035
21,1558368000,655,970,315,1625,20,-0.04721268134097246,0.37403625720876654
21,1558382400,2198,1202,0,3400,20,-0.6604908100999961,2.159843305014407
21,1558396800,603,332,0,935,21,-0.6423352505884357,-0.2291623694844991
21,1558411200,129,59,0,188,21,-0.6423352505884357,-1.0388559642718271
21,1558425600,168,553,385,721,21,0.21254537273269566,-0.46112278351995856
21,1558440000,417,2307,1890,2724,21,3.5543514457153,1.7099833347652063
21,1558454400,812,1120,308,1932,21,0.0415692480684694,0.8515130174003283
21,1558454805,29,7,0,36,21,-0.6423352505884357,-1.2036128938671067
21,1558468800,1883,1221,0,3104,21,-0.6423352505884357,2.1218756587534053
21,1558483200,650,264,0,914,21,-0.6423352505884357,-0.25192484002068904
21,1558497600,133,62,0,195,21,-0.6423352505884357,-1.0312684740930973
21,1558512000,185,526,341,711,21,0.11484473006742352,-0.47196205520385853
21,1558526400,431,2091,1660,2522,21,3.0436435408741045,1.4910300467504267
21,1558540800,754,1266,512,2020,21,0.4945449549710948,0.946898608218648
21,1558555200,1953,1392,0,3345,21,-0.6423352505884357,2.3831021063353948
21,1558569600,723,327,0,1050,21,-0.6423352505884357,-0.10451074511964942
21,1558584000,93,77,0,170,21,-0.6423352505884357,-1.058366653302847
21,1558598400,109,446,337,555,21,0.10596285346148968,-0.6410546934726982
21,1558612800,416,1859,1443,2275,21,2.561801735002194,1.2233000361580975
21,1558627200,755,1110,355,1865,21,0.14593129818819192,0.7788898971181984
21,1558641600,1859,1166,0,3025,21,-0.6423352505884357,2.0362454124505955
21,1558656000,699,305,0,1004,21,-0.6423352505884357,-0.1543713948655893
21,1558670400,134,61,0,195,21,-0.6423352505884357,-1.0312684740930973
21,1558684800,150,413,263,563,21,-0.05835186374828621,-0.6323832761255781
21,1558699200,383,1672,1289,2055,21,2.2198494856737416,0.984836059112298
21,1558713600,1098,1217,119,2315,21,-0.3780994215619041,1.2666571228936974
21,1558728000,1141,1282,141,2423,21,-0.32924910022926807,1.383721257079817
21,1558742400,582,415,0,997,21,-0.6423352505884357,-0.16195888504431927
21,1558756800,194,86,0,280,21,-0.6423352505884357,-0.9391346647799474
21,1558771200,35,160,125,195,21,-0.3647766066530034,-1.0312684740930973
21,1558785600,140,588,448,728,21,0.3524349292761535,-0.45353529334122855
21,1558800000,360,949,589,1309,21,0.665521079635321,0.17622639149335992
21,1558814400,539,961,422,1500,21,0.2947027313375836,0.38325648065584944
21,1558828800,485,418,0,903,21,-0.6423352505884357,-0.26384803887297903
21,1558843200,120,69,0,189,21,-0.6423352505884357,-1.0377720371034371
21,1558857600,29,88,59,117,21,-0.5113275706509116,-1.115814793227517
21,1558872000,123,435,312,558,21,0.050451124674403235,-0.6378029119675281
21,1558886400,298,730,432,1028,21,0.3169074228524182,-0.12835714282422936
21,1558900800,418,636,218,1054,21,-0.1582729755650418,-0.10017503644608942
21,1558915200,369,371,2,740,21,-0.6378943122854688,-0.4405281673205486
21,1558929600,105,48,0,153,21,-0.6423352505884357,-1.076793415165477
21,1558944000,34,115,81,149,21,-0.46247724931827555,-1.081129123839037
21,1558958400,141,445,304,586,21,0.03268737146253557,-0.6074529512526082
21,1558972800,309,627,318,936,21,0.06377393958330398,-0.22807844231610913
21,1558987200,473,559,86,1032,21,-0.45137490356085824,-0.12402143415066937
21,1559001600,261,287,26,548,22,-0.633894311865984,-0.7352727487889917
21,1559016000,56,54,0,110,22,-0.6862236578410108,-1.1816926797016387
21,1559030400,92,497,405,589,22,0.12890653907767588,-0.693484581740091
21,1559044800,437,1948,1511,2385,22,2.3549164101692006,1.1370409797190735
21,1559059200,697,876,179,1573,22,-0.32595623747448016,0.309431427433527
21,1559073600,1889,1189,0,3078,22,-0.6862236578410108,1.843362925204152
21,1559088000,600,237,0,837,22,-0.6862236578410108,-0.4407171322735694
21,1559102400,106,52,0,158,22,-0.6862236578410108,-1.1327699475468282
21,1559116800,166,532,366,698,22,0.05041252011513569,-0.5823892108052086
21,1559131200,417,2071,1654,2488,22,2.642727813031848,1.2420210091346047
21,1559145600,759,1131,372,1890,22,0.06248852303244956,0.6325253043725888
21,1559160000,2088,1155,0,3243,22,-0.6862236578410108,2.0115348169863134
21,1559174400,669,223,0,892,22,-0.6862236578410108,-0.3846598350128489
21,1559188800,101,67,0,168,22,-0.6862236578410108,-1.1225777116812425
21,1559203200,86,505,419,591,22,0.15708387921807493,-0.6914461345669739
21,1559217600,404,2010,1606,2414,22,2.546119789693337,1.1665984637292717
21,1559232000,786,1102,316,1888,22,-0.05022083752914662,0.6304868571994717
21,1559246400,1897,1144,0,3041,22,-0.6862236578410108,1.8056516525014854
21,1559260800,646,226,0,872,22,-0.6862236578410108,-0.40504430674402
21,1559275200,93,66,0,159,22,-0.6862236578410108,-1.1317507239602695
21,1559289600,90,485,395,575,22,0.10877986754881942,-0.7077537119519108
21,1559304000,402,1876,1474,2278,22,2.2804477255124316,1.0279840559573081
21,1559318400,803,1129,326,1932,22,-0.03009416600029016,0.6753326950080482
21,1559332800,1638,1382,0,3020,22,-0.6862236578410108,1.7842479571837557
21,1559347200,685,547,0,1232,22,-0.6862236578410108,-0.03812381558294025
21,1559361600,158,80,0,238,22,-0.6862236578410108,-1.0512320606221437
21,1559376000,35,169,134,204,22,-0.41652625935433424,-1.0858856625651347
21,1559390400,148,583,435,731,22,0.18928655366424527,-0.5487548324487762
21,1559404800,336,972,636,1308,22,0.5938326513942601,0.03933717699550992
21,1559419200,551,832,281,1383,22,-0.12066418788014423,0.11577894598740153
21,1559433600,437,534,97,971,22,-0.4909949440111031,-0.30414117167472304
21,1559448000,132,90,0,222,22,-0.6862236578410108,-1.0675396380070807
21,1559462400,29,110,81,139,22,-0.5231976184572734,-1.1521351956914407
21,1559476800,106,442,336,548,22,-0.009967494471433698,-0.7352727487889917
21,1559491200,259,929,670,1188,22,0.6622633345923721,-0.08296965339151667
21,1559505600,481,575,94,1056,22,-0.49703294546976007,-0.2175071668172459
21,1559520000,287,307,20,594,22,-0.6459703147832979,-0.6883884638072982
21,1559534400,61,67,6,128,22,-0.6741476549236969,-1.1633466551435847
21,1559548800,95,501,406,596,22,0.13091920623056152,-0.6863500166341812
21,1559563200,377,2077,1700,2454,22,2.735310502064588,1.2073674071916138
21,1559577600,682,1057,375,1739,22,0.0685265244911065,0.4786225428022471
21,1559592000,1922,1235,0,3157,22,-0.6862236578410108,1.9238815885422778
21,1559606400,559,358,0,917,23,-0.7357503167201904,-0.38359247806548635
21,1559620800,98,68,0,166,23,-0.7357503167201904,-1.1428216374129303
21,1559635200,85,562,477,647,23,0.17324931444390973,-0.6565510306937286
21,1559641697,199,1256,1057,1455,23,1.2785318848321239,0.1603027119863444
21,1559645364,109,305,196,414,23,-0.3622410343131388,-0.8921041520358782
21,1559649600,253,2199,1946,2452,23,2.97266327289268,1.1682274415061868
21,1559664000,731,1105,374,1836,23,-0.023033624780204154,0.5454775584728639
21,1559678400,1936,1317,0,3253,23,-0.7357503167201904,1.978004480969972
21,1559692800,695,357,0,1052,23,-0.7357503167201904,-0.24711320175136525
21,1559707200,112,56,0,168,23,-0.7357503167201904,-1.1407997222082766
21,1559721600,104,516,412,620,23,0.04938144017626505,-0.6838468859565527
21,1559725991,69,639,570,708,23,0.3504756576268475,-0.5948826169517923
21,1559735072,173,503,330,676,23,-0.10688264736137901,-0.6272332602262507
21,1559736000,437,2138,1701,2575,23,2.5057766698838653,1.292575226592386
21,1559750400,756,1122,366,1878,23,-0.03827890161314504,0.5879377777705905
21,1559764800,1978,1460,0,3438,23,-0.7357503167201904,2.165031637400434
21,1559779200,675,316,0,991,23,-0.7357503167201904,-0.30878161549330146
21,1559793600,110,49,0,159,23,-0.7357503167201904,-1.149898340629218
21,1559808000,136,514,378,650,23,-0.01541098636373371,-0.653518157886748
21,1559822400,455,2239,1784,2694,23,2.663946417025627,1.412879181269278
21,1559836800,826,1205,379,2031,23,-0.013505326759616099,0.7426142909265944
21,1559851200,1856,1526,0,3382,23,-0.7357503167201904,2.108418011670132
21,1559865600,801,378,0,1179,23,-0.7357503167201904,-0.11872158625585873
21,1559880000,153,73,0,226,23,-0.7357503167201904,-1.082164181273321
21,1559894400,145,501,356,646,23,-0.05733549765432114,-0.6575619882960554
21,1559908800,392,2018,1626,2410,23,2.362852199575044,1.1257672222084603
21,1559923200,886,1229,343,2115,23,-0.08210907250785007,0.8275347295220475
21,1559937600,1600,1694,94,3294,23,-0.5566183139331351,2.019453742665372
21,1559952000,689,485,0,1174,23,-0.7357503167201904,-0.12377637426749284
21,1559966400,142,129,0,271,23,-0.7357503167201904,-1.036671089168614
21,1559980800,33,161,128,194,23,-0.4918258873931363,-1.1145148245477794
21,1559995200,135,567,432,702,23,0.08749463225861726,-0.6009483625657532
21,1560009600,335,1091,756,1426,23,0.7049283439927231,0.13098494151886653
21,1560024000,487,927,440,1414,23,0.10273990909155814,0.11885345029094466
21,1560038400,411,577,166,988,23,-0.4194108224366671,-0.3118144883002819
21,1560052800,127,106,0,233,23,-0.7357503167201904,-1.0750874780570332
21,1560067200,27,107,80,134,23,-0.5832975483907816,-1.1751722806873888
21,1560081600,119,600,481,719,23,0.18087195286038016,-0.5837620833261973
21,1560096000,265,863,598,1128,23,0.40383412654214057,-0.1702804239745267
21,1560110400,406,696,290,1102,23,-0.18310903152608343,-0.1965653216350241
21,1560124800,302,356,54,658,23,-0.6328446980978395,-0.6454304970681335
21,1560139200,69,50,0,119,23,-0.7357503167201904,-1.190336644722291
21,1560153600,87,480,393,567,23,0.013173907698030448,-0.7374276388798744
21,1560168000,447,1991,1544,2438,23,2.2065881120374002,1.1540740350736114
21,1560182400,744,753,9,1497,23,-0.718599380283132,0.20276293128407097
21,1560196800,1869,971,0,2840,23,-0.7357503167201904,1.5604789912089942
21,1560211200,458,221,0,679,24,-0.7253443587029564,-0.7618159823211567
21,1560225600,85,58,0,143,24,-0.7253443587029564,-1.2455351152548015
21,1560240000,82,508,426,590,24,0.030646430512621392,-0.8421350174537954
21,1560254400,417,2160,1743,2577,24,2.3678292225241613,0.9510551264625337
21,1560268800,710,1218,508,1928,24,0.1761657843052913,0.36535789274250474
21,1560283200,1937,1527,0,3464,24,-0.7253443587029564,1.7515380945822034
21,1560297600,760,386,0,1146,24,-0.7253443587029564,-0.34036666314202946
21,1560312000,101,52,0,153,24,-0.7253443587029564,-1.236510504565741
21,1560326400,93,582,489,675,24,0.14244788525577023,-0.7654258265967808
21,1560333134,153,1548,1395,1701,24,1.7502592820381961,0.16049923010083048
21,1560340800,454,1755,1301,2209,24,1.5834444130563552,0.6189494531051059
21,1560340949,3,15,12,18,24,-0.7040488435137853,-1.3583427488680582
21,1560355200,765,1213,448,1978,24,0.06968820835943527,0.4104809461878074
21,1560369600,1911,1420,0,3331,24,-0.7253443587029564,1.6315107724176983
21,1560384000,709,301,0,1010,24,-0.7253443587029564,-0.4631013685132528
21,1560398400,103,56,0,159,24,-0.7253443587029564,-1.2310957381523047
21,1560412800,104,495,391,599,24,-0.031465488789127964,-0.8340128678336409
21,1560427200,515,1979,1464,2494,24,1.8727084943759307,0.8761508577433312
21,1560441600,746,1082,336,1828,24,-0.12906993340616266,0.2751117858518993
21,1560456000,1811,1421,0,3232,24,-0.7253443587029564,1.542167126595999
21,1560470400,630,353,0,983,24,-0.7253443587029564,-0.48746781737371625
21,1560484800,114,46,0,160,24,-0.7253443587029564,-1.2301932770833985
21,1560499200,99,487,388,586,24,-0.03678936758642076,-0.8457448617294197
21,1560513600,419,1987,1568,2406,24,2.0572696260154144,0.7967342836795985
21,1560528000,1052,1210,158,2262,24,-0.44495340871220224,0.6667798897571268
21,1560542400,1784,1507,0,3291,24,-0.7253443587029564,1.5954123296614562
21,1561161600,8477,6977,0,15454,25,-0.7885890900854884,4.002041462861602
21,1561176000,142,110,0,252,25,-0.7885890900854884,-0.46747325344915863
21,1561190400,30,150,120,180,25,-0.49885402722026384,-0.48864185360534695
21,1561204800,147,701,554,848,25,0.5490211168089649,-0.2922442854895998
21,1561219200,410,1051,641,1461,25,0.7590790373862527,-0.11201717582649649
21,1561233600,521,980,459,1501,25,0.3196475253739955,-0.10025684240639188
21,1561248000,438,597,159,1035,25,-0.4046901317890659,-0.2372647267506107
21,1561262400,173,118,0,291,25,-0.7885890900854884,-0.45600692836455664
21,1561276800,27,104,77,131,25,-0.6026757580803026,-0.5030482620449751
21,1561291200,137,458,321,595,25,-0.013547796921012753,-0.36662839437176153
21,1561305600,278,868,590,1146,25,0.6359416356685322,-0.20462980150982038
21,1561320000,424,799,375,1223,25,0.11683298136833829,-0.18199115967611898
21,1561334400,374,332,0,706,25,-0.7885890900854884,-0.33399346913097117
21,1561348800,87,45,0,132,25,-0.7885890900854884,-0.5027542537094725
21,1561363200,103,526,423,629,25,0.2327270065144281,-0.35663211096467257
21,1561377600,413,2175,1762,2588,25,3.4656874163188918,0.21933021828495114
21,1561392000,709,1107,398,1816,25,0.172365535084173,-0.007644216723068003
21,1561406400,1868,1300,0,3168,25,-0.7885890900854884,0.38985505287646816
21,1561420800,579,369,0,948,26,-0.6990497626844453,-0.40919099531052205
21,1561435200,119,49,0,168,26,-0.6990497626844453,-1.182800009990387
21,1561449600,129,462,333,591,26,-0.0659532153228801,-0.7632658904909219
21,1561464000,388,2057,1669,2445,26,2.4740377374550513,1.0755432290173725
21,1561478400,718,1006,288,1724,26,-0.1515068028041727,0.3604507936530359
21,1561492800,1963,1288,0,3251,26,-0.6990497626844453,1.874939210853233
21,1561507200,596,376,0,972,26,-0.6990497626844453,-0.3853876410126801
21,1561521600,116,42,0,158,26,-0.6990497626844453,-1.1927180742811545
21,1561536000,96,630,534,726,26,0.31618614209356016,-0.6293720225655606
21,1561550400,447,2227,1780,2674,26,2.6850699199089063,1.3026669012759484
21,1561564800,823,1131,308,1954,26,-0.11348298614582042,0.5885662723406884
21,1561579200,1842,1475,0,3317,26,-0.6990497626844453,1.9403984351722985
21,1561593600,704,388,0,1092,26,-0.6990497626844453,-0.2663708695234701
21,1561608000,129,53,0,182,26,-0.6990497626844453,-1.1689147199833125
21,1561622400,102,613,511,715,26,0.2724587529364551,-0.6402818932854049
21,1561636800,514,2264,1750,2778,26,2.628034194921378,1.4058147698999304
21,1561651200,799,1121,322,1920,26,-0.08686631448497384,0.5548448537520789
21,1561665600,1876,1503,0,3379,26,-0.6990497626844453,2.001890433775057
21,1561680000,760,423,0,1183,26,-0.6990497626844453,-0.17611648447748585
21,1561694400,155,95,0,250,26,-0.6990497626844453,-1.1014718828060936
21,1561708800,109,534,425,643,26,0.10895634130554034,-0.7116919561789308
21,1561723200,364,1965,1601,2329,26,2.3447567608166535,0.9604936832444696
21,1561737600,979,1249,270,2228,26,-0.18572823779668973,0.8603212339077179
21,1561752000,1584,1330,0,2914,26,-0.6990497626844453,1.5407004442543684
21,1561766400,633,463,0,1096,26,-0.6990497626844453,-0.2624036438071631
21,1561780800,158,96,0,254,26,-0.6990497626844453,-1.0975046570897866
21,1561795200,46,158,112,204,26,-0.48611638939767265,-1.147094978543624
21,1561809600,141,505,364,646,26,-0.0070162995024340745,-0.7087165368917006
21,1561824000,341,945,604,1286,26,0.4492695003977931,-0.0739604222825806
21,1561838400,472,1020,548,1492,26,0.3428028137544068,0.1303517021072299
21,1561852800,431,467,36,898,26,-0.6306068926994113,-0.45878131676435957
21,1561867200,162,121,0,283,26,-0.6990497626844453,-1.0687422706465608
21,1561881600,37,108,71,145,26,-0.5640652135472948,-1.2056115578591522
21,1561896000,145,710,565,855,26,0.3751230579140062,-0.5014289932146598
21,1561910400,344,812,468,1156,26,0.19070754712099772,-0.2028952580625581
21,1561924800,481,832,351,1313,26,-0.03173178033036305,-0.04718164869750834
21,1561939200,355,421,66,776,26,-0.5735711677118829,-0.5797817011117231
21,1561953600,101,90,0,191,26,-0.6990497626844453,-1.1599884621216219
21,1561968000,103,512,409,615,26,0.07853728797885852,-0.7394625361930798
21,1561982400,394,2039,1645,2433,26,2.428409157465029,1.0636415518684517
21,1561996800,626,1039,413,1665,26,0.08614205131052897,0.30193421433750767
21,1562011200,1802,1493,0,3295,26,-0.6990497626844453,1.9185786937326101
21,1562025600,567,454,0,1021,27,-0.7398588647054734,0.04516153389944474
21,1562040000,107,38,0,145,27,-0.7398588647054734,-1.025354200505915
21,1562054400,101,545,444,646,27,0.4117756099607277,-0.4131071880206579
21,1562068800,409,2112,1703,2521,27,3.6773337261876353,1.8782364215798553
21,1562083200,754,1143,389,1897,27,0.2691181862971217,1.1156772683048044
21,1562097600,1830,1284,0,3114,27,-0.7398588647054734,2.602912027176177
21,1562112000,579,411,0,990,27,-0.7398588647054734,0.007277986220716253
21,1562126400,131,56,0,187,27,-0.7398588647054734,-0.9740281036508635
21,1562140800,106,505,399,611,27,0.2950558996905046,-0.45587893539986746
21,1562143341,37,258,221,295,27,-0.16663539871171112,-0.8420467117378739
21,1562143411,54,416,362,470,27,0.19908636013498784,-0.6281879748418261
21,1562143504,1,29,28,30,27,-0.6672332672040012,-1.1658899418947464
21,1562155200,366,1537,1171,1903,27,2.297447373659665,1.123009567855526
21,1562169600,1059,1184,125,2243,27,-0.415637447288187,1.538506542396419
21,1562184000,1247,1305,58,2552,27,-0.5894201270238525,1.9161199692585837
21,1562198400,541,510,0,1051,27,-0.7398588647054734,0.08182303165305295
21,1562212800,124,58,0,182,27,-0.7398588647054734,-0.9801383532764648
21,1562227200,33,111,78,144,27,-0.5375447002370867,-1.0265762504310352
21,1562241600,121,339,218,460,27,-0.174416712729726,-0.6404084740930288
21,1562256000,217,564,347,781,27,0.16017979004491348,-0.24813044812942095
21,1562270400,308,446,138,754,27,-0.38191841987678926,-0.2811257961076683
21,1562284800,286,703,417,989,27,0.3417437837985938,0.00605593629559598
21,1562299200,71,126,55,197,27,-0.5972014410418673,-0.9618076043996607
21,1562313600,42,297,255,339,27,-0.07844717317420925,-0.7882765150325819
21,1562328000,227,996,769,1223,27,1.254751295245672,0.29201561877374
21,1562342400,557,1034,477,1591,27,0.4973700641588913,0.7417299912180008
21,1562356800,765,1148,383,1913,27,0.25355555826109194,1.1352300671067288
21,1562371200,478,472,0,950,27,-0.7398588647054734,-0.041604010784094696
21,1562385600,157,81,0,238,27,-0.7398588647054734,-0.9117035574697295
21,1562400000,31,128,97,159,27,-0.48826304478965915,-1.008245501554231
21,1562414400,132,556,424,688,27,0.3599001831739619,-0.36178109116560636
21,1562428800,260,854,594,1114,27,0.8008413108614713,0.15881217693563018
21,1562443200,421,764,343,1185,27,0.14980470468756032,0.2455777216191696
21,1562457600,340,352,12,692,27,-0.7087336086334138,-0.3568928914651253
21,1562472000,121,108,0,229,27,-0.7398588647054734,-0.9227020067958119
21,1562486400,30,100,70,130,27,-0.558294870951793,-1.0436849493827192
21,1562500800,109,390,281,499,27,-0.011009118351413695,-0.5927485270133381
21,1562515200,227,790,563,1017,27,0.7204343993419843,0.04027333419896364
21,1562529600,406,591,185,997,27,-0.2600111669278896,0.015832335696558168
21,1562544000,283,279,0,562,27,-0.7398588647054734,-0.5157593817307609
21,1562558400,82,49,0,131,27,-0.7398588647054734,-1.0424628994575988
21,1562572800,104,457,353,561,27,0.17574241808094324,-0.5169814316558812
21,1562587200,365,2007,1642,2372,27,3.5191136744879996,1.6961509827369343
21,1562601600,660,895,235,1555,27,-0.13032259996097506,0.6977361939136708
21,1562616000,1850,1104,0,2954,27,-0.7398588647054734,2.4073840391569337
21,1562630400,485,411,0,896,28,-0.6601782087321316,-0.31362880095496715
21,1562644800,103,44,0,147,28,-0.6601782087321316,-1.0341583761045925
21,1562659200,112,553,441,665,28,0.14620482694415401,-0.5358482026366274
21,1562673600,413,2152,1739,2565,28,2.519640609955081,1.2919304259138242
21,1562688000,717,1059,342,1776,28,-0.03481993616684888,0.5329213006894525
21,1562702400,1884,1204,0,3088,28,-0.6601782087321316,1.7950505431411328
21,1562716800,666,338,0,1004,28,-0.6601782087321316,-0.20973401575315204
21,1562731200,121,50,0,171,28,-0.6601782087321316,-1.0110706460597447
21,1562745600,105,560,455,665,28,0.17180428839419482,-0.5358482026366274
21,1562760000,439,2302,1863,2741,28,2.7463786970840136,1.4612404462427082
21,1562774400,747,1156,409,1903,28,0.08769177220120358,0.6550938721767722
21,1562788800,1889,1354,0,3243,28,-0.6601782087321316,1.944158799680775
21,1562803200,735,356,0,1091,28,-0.6601782087321316,-0.12604099434057872
21,1562817600,113,48,0,161,28,-0.6601782087321316,-1.0206905335784313
21,1562832000,115,583,468,698,28,0.19557521688351845,-0.5041025738249616
21,1562846400,457,2414,1957,2871,28,2.9182607953914306,1.5862989839856338
21,1562860800,840,1197,357,2037,28,-0.007391941756090863,0.7840003649271724
21,1562875200,1894,1119,0,3013,28,-0.6601782087321316,1.7229013867509835
21,1562889600,615,254,0,869,28,-0.6601782087321316,-0.33960249725542097
21,1562904000,93,55,0,148,28,-0.6601782087321316,-1.033196387352724
21,1562918400,111,524,413,635,28,0.09500590404407239,-0.5647078651926871
21,1562932800,404,2065,1661,2469,28,2.377015039019139,1.199579505734433
21,1562947200,902,1202,300,2104,28,-0.11161832051697132,0.8484536113023726
21,1562961600,1612,1409,0,3021,28,-0.6601782087321316,1.7305972967659327
21,1562976000,598,586,0,1184,28,-0.6601782087321316,-0.03657604041679346
21,1562990400,167,100,0,267,28,-0.6601782087321316,-0.9187197258803536
21,1563004800,42,198,156,240,28,-0.37492706686024824,-0.9446934221808073
21,1563019200,151,616,465,767,28,0.19008961800136684,-0.43772534994602413
21,1563033600,337,1018,681,1355,28,0.5850527375162823,0.1279240361527472
21,1563048000,508,1011,503,1519,28,0.25957387050862046,0.2856901914592072
21,1563062400,285,1055,770,1340,28,0.7477921710201131,0.1134942048747173
21,1563076800,117,115,0,232,28,-0.6601782087321316,-0.9523893321957566
21,1563091200,28,115,87,143,28,-0.5010958411497352,-1.0380063311120673
21,1563105600,123,453,330,576,28,-0.05676233169545529,-0.6214652015529379
21,1563118453,205,678,473,883,28,0.20471788168710445,-0.32613465472925973
21,1563118533,2,7,5,9,28,-0.6510355439285456,-1.1669128238624675
21,1563118614,4,9,5,13,28,-0.6510355439285456,-1.163064868854993
21,1563118694,3,6,3,9,28,-0.65469260984998,-1.1669128238624675
21,1563118774,2,9,7,11,28,-0.6473784780071111,-1.1649888463587301
21,1563120000,218,296,78,514,28,-0.5175526377961899,-0.6811085041687948
21,1563134400,393,755,362,1148,28,0.0017507230474951415,-0.07120763548406517
21,1563148800,312,352,40,664,28,-0.5870368903034435,-0.536810191388496
21,1563163200,79,53,0,132,28,-0.6601782087321316,-1.0485882073826225
21,1563177600,115,557,442,672,28,0.1480333599048712,-0.5291142813735468
21,1563192000,394,2265,1871,2659,28,2.7610069607697514,1.382357368589478
21,1563206400,717,1003,286,1720,28,-0.13721778196701212,0.4790499305848076
21,1563220800,1927,1470,0,3397,28,-0.6601782087321316,2.092305067468548
21,1563235200,550,491,0,1041,29,-0.667141776926859,-0.260338548678326
21,1563249600,102,59,0,161,29,-0.667141776926859,-1.1011007473629604
21,1563264000,94,621,527,715,29,0.3061473370201926,-0.5718027268274065
21,1563278400,441,2369,1928,2810,29,2.8935819644202296,1.4297845529956719
21,1563292800,816,1127,311,1943,29,-0.09277192030914928,0.6014427049734242
21,1563307200,1974,1438,0,3412,29,-0.667141776926859,2.0049423298231153
21,1563321600,601,421,0,1022,29,-0.667141776926859,-0.27849136887719883
21,1563336000,114,57,0,171,29,-0.667141776926859,-1.0915466314688167
21,1563350400,122,592,470,714,29,0.2008769774471718,-0.5727581384168209
21,1563364800,439,2280,1841,2719,29,2.7329061524403557,1.3428420983589653
21,1563379200,775,1214,439,1989,29,0.14362467662675701,0.6453916380864846
21,1563393600,1986,1406,0,3392,29,-0.667141776926859,1.985834098034828
21,1563408000,586,270,0,856,29,-0.667141776926859,-0.4370896927199821
21,1563422400,96,64,0,160,29,-0.667141776926859,-1.1020561589523747
21,1563436800,93,587,494,680,29,0.24520133937265423,-0.6052421324569089
21,1563451200,536,2133,1597,2669,29,2.282275139531284,1.2950715188882476
21,1563465600,763,1088,325,1851,29,-0.06691604251928453,0.5135448387473033
21,1563480000,1897,1345,0,3242,29,-0.667141776926859,1.8425223596226743
21,1563494400,652,447,0,1099,29,-0.667141776926859,-0.20492467649229332
21,1563508800,107,75,0,182,29,-0.667141776926859,-1.0810371039852589
21,1563523200,98,459,361,557,29,-0.0004294996310608836,-0.722757757954875
21,1563537600,381,1932,1551,2313,29,2.197320112507443,0.9549449930567364
21,1563552000,911,1194,283,2105,29,-0.14448367588887878,0.75621938245855
21,1563566400,1717,1584,0,3301,29,-0.667141776926859,1.8988916433981213
21,1563580800,522,574,52,1096,29,-0.5711056594216471,-0.20779091126053637
21,1563595200,155,82,0,237,29,-0.667141776926859,-1.0284894665674693
21,1563609600,44,151,107,195,29,-0.46952899667574993,-1.0686167533228723
21,1563622143,105,178,73,283,29,-0.53232184273685,-0.9845405334544088
21,1563624000,139,594,455,733,29,0.1731742512437453,-0.554605318217948
21,1563638400,249,710,461,959,29,0.1842553417251159,-0.33868229901030333
21,1563652800,379,806,427,1185,29,0.12146249566401579,-0.12275927980265858
21,1563667200,393,457,64,850,29,-0.5489434784589059,-0.44282216225646825
21,1563681600,148,103,0,251,29,-0.667141776926859,-1.0151137043156682
21,1563696000,29,96,67,125,29,-0.5434029332182206,-1.1354955645818772
21,1563710400,183,447,264,630,29,-0.17957379574655236,-0.6530127119276269
21,1563724800,192,704,512,896,29,0.2784446108167661,-0.39887322914340784
21,1563739200,421,698,277,1119,29,-0.15556476637024938,-0.18581644470400616
21,1563753600,338,316,0,654,29,-0.667141776926859,-0.6300828337816823
21,1563768000,81,55,0,136,29,-0.667141776926859,-1.1249860370983193
21,1563782400,104,550,446,654,29,0.1565526155216894,-0.6300828337816823
21,1563796800,368,2226,1858,2594,29,2.764302575470906,1.2234156496821706
21,1563811200,688,1031,343,1719,29,-0.033672771075172706,0.3874305089446082
21,1563825600,1975,1085,0,3060,29,-0.667141776926859,1.6686374503492611
21,1563840000,535,233,0,768,30,-0.7496305876822466,-0.5993875260039598
21,1563854400,97,54,0,151,30,-0.7496305876822466,-1.189536314890026
21,1563868800,87,468,381,555,30,-0.07559029740627678,-0.8031179831072534
21,1563879305,196,1933,1737,2129,30,2.3233562475129226,0.702383141214737
21,1563883200,371,1746,1375,2117,30,1.682929515019744,0.6909053689835655
21,1563897600,587,1049,462,1636,30,0.06770960682562231,0.23083799871744268
21,1563912000,2622,1260,0,3882,30,-0.7496305876822466,2.3790943679850347
21,1563926400,587,332,0,919,30,-0.7496305876822466,-0.45495889209505225
21,1563940800,156,72,0,228,30,-0.7496305876822466,-1.1158872764066756
21,1563955200,92,613,521,705,30,0.17208854941428955,-0.65964583021761
21,1563969600,450,2340,1890,2790,30,2.594033844395399,1.3346170949484317
21,1563984000,758,1126,368,1884,30,-0.0985890474681865,0.46804529149498625
21,1563998400,2035,1465,0,3500,30,-0.7496305876822466,2.0137186186260765
21,1564012800,645,437,0,1082,30,-0.7496305876822466,-0.29905248595497325
21,1564027200,126,71,0,197,30,-0.7496305876822466,-1.1455381880038686
21,1564041600,93,596,503,689,30,0.1402441262516453,-0.6749495265258386
21,1564056000,384,2406,2022,2790,30,2.82755961425479,1.3346170949484317
21,1564070400,850,1296,446,2146,30,0.03940345290327188,0.7186433185422298
21,1564084800,1858,1445,0,3303,30,-0.7496305876822466,1.8252918578310118
21,1564099200,723,439,0,1162,30,-0.7496305876822466,-0.22253400441383014
21,1564113600,146,92,0,238,30,-0.7496305876822466,-1.1063224662140327
21,1564128000,94,526,432,620,30,0.014635568221215246,-0.7409467168550745
21,1564129126,24,141,117,165,30,-0.542641837125059,-1.1761455806203258
21,1564142400,365,1867,1502,2232,30,1.9076096117784007,0.8009006861989587
21,1564156800,895,1139,244,2034,30,-0.3179617403664024,0.6115174443846295
21,1564171200,1679,1488,0,3167,30,-0.7496305876822466,1.6952104392110685
21,1564185600,807,600,0,1407,30,-0.7496305876822466,0.011803845305920574
21,1564200000,218,141,0,359,30,-0.7496305876822466,-0.9905882628830539
21,1564214400,66,251,185,317,30,-0.4223406829550696,-1.030760465692154
21,1564228800,157,803,646,960,30,0.39323037693265234,-0.41574317030521646
21,1564243200,369,1188,819,1557,30,0.6992906662180665,0.15527599819556387
21,1564257600,488,1278,790,1766,30,0.6479857622338063,0.3551805312218002
21,1564272000,540,623,83,1163,30,-0.6027924142100537,-0.22157752339456585
21,1564286400,211,102,0,313,30,-0.7496305876822466,-1.0345863897692111
21,1564300800,33,170,137,203,30,-0.507259144722121,-1.1397993018882828
21,1564315200,125,529,404,654,30,-0.03490020114289802,-0.7084263622000887
21,1564329600,253,864,611,1117,30,0.33131066522751074,-0.2655756502807231
21,1564344000,404,792,388,1196,30,-0.06320635506524845,-0.19001364975884433
21,1564358400,354,499,145,853,30,-0.49310606776094573,-0.5180866393664953
21,1564372800,99,62,0,161,30,-0.7496305876822466,-1.179971504697383
21,1564387200,113,541,428,654,30,0.007559029740627637,-0.7084263622000887
21,1564401600,389,2092,1703,2481,30,2.263205670427928,1.0390644599957666
21,1564416000,711,1016,305,1727,30,-0.21004452853744135,0.31787777147049295
21,1564430400,1925,1463,0,3388,30,-0.7496305876822466,1.9065927444684763
21,1564444800,651,373,0,1024,31,-0.6893933655338548,-0.5477906922004797
21,1564459200,75,74,0,149,31,-0.6893933655338548,-1.3529141899755408
21,1564473600,129,598,469,727,31,0.04114812594129771,-0.8210726108738433
21,1564488000,357,2244,1887,2601,31,2.249906835774488,0.9032718860752592
21,1564502400,724,1129,405,1853,31,-0.058541970976420325,0.21500631312012117
21,1564516800,1926,1337,0,3263,31,-0.6893933655338548,1.5124053209633628
21,1564531200,658,464,0,1122,31,-0.6893933655338548,-0.4576168604496728
21,1564545600,75,70,0,145,31,-0.6893933655338548,-1.3565947545367982
21,1564560000,106,585,479,691,31,0.05672470358469115,-0.8541976919251602
21,1564574400,456,2345,1889,2801,31,2.2530221513031665,1.0873001141381304
21,1564588800,806,1101,295,1907,31,-0.2298843250537482,0.2646939346970964
21,1564603200,2019,1227,0,3246,31,-0.6893933655338548,1.4967629215780187
21,1564617600,700,307,0,1007,31,-0.6893933655338548,-0.5634330915858238
21,1564632000,103,76,0,179,31,-0.6893933655338548,-1.3253099557661103
21,1564646400,107,538,431,645,31,-0.018042869103597373,-0.8965241843796204
21,1564660800,400,2228,1828,2628,31,2.158005027678467,0.9281156968637468
21,1564675200,742,1223,481,1965,31,0.059840019113369836,0.31806212083532903
21,1564689600,1854,1470,0,3324,31,-0.6893933655338548,1.5685339305225383
21,1564704000,685,377,0,1062,31,-0.6893933655338548,-0.5128253288685342
21,1564718400,110,71,0,181,31,-0.6893933655338548,-1.3234696734854816
21,1564732800,116,529,413,645,31,-0.04608070886170557,-0.8965241843796204
21,1564747200,394,2034,1640,2428,31,1.8651653679826699,0.7440874688008757
21,1564761600,900,1279,379,2179,31,-0.09904107284924328,0.5149723248626011
21,1564776000,1533,1559,26,3092,31,-0.6488942636610318,1.3550611859696078
21,1565395200,7879,6847,0,14726,32,-0.8320821615683314,3.986688701662344
21,1565409600,178,128,0,306,32,-0.8320821615683314,-0.4813331266931599
21,1565424000,40,217,177,257,32,-0.4287634689231612,-0.49651572513902814
21,1565438400,145,702,557,847,32,0.43711847008906857,-0.31370484589285985
21,1565452800,330,1104,774,1434,32,0.931582629998684,-0.13182351349031607
21,1565467200,460,1077,617,1537,32,0.5738366709857364,-0.09990907185920533
21,1565481600,486,607,121,1093,32,-0.5563671230933845,-0.23748200471564387
21,1565496000,181,120,0,301,32,-0.8320821615683314,-0.48288237143253426
21,1565510400,42,148,106,190,32,-0.5905466733175515,-0.5172756046466439
21,1565524800,139,575,436,714,32,0.16140343161412174,-0.35491475596021643
21,1565539200,361,1157,796,1518,32,0.9817126369941289,-0.10579620186882771
21,1565553600,459,877,418,1336,32,0.12038797134512137,-0.16218871038205251
21,1565568000,381,451,70,832,32,-0.6725775938555522,-0.3183525801109828
21,1565582400,100,57,0,157,32,-0.8320821615683314,-0.5275006199265143
21,1565596800,104,533,429,637,32,0.1454529748428438,-0.3787731249465808
21,1565611200,380,2186,1806,2566,32,3.283135685421371,0.21892549550402723
21,1565625600,711,977,266,1688,32,-0.22596480425977053,-0.05312188073010124
21,1565640000,1880,1451,0,3331,32,-0.8320821615683314,0.4559599406282963
21,1565654400,521,494,0,1015,33,-0.7346692571119614,-0.3624636910153502
21,1565668800,118,64,0,182,33,-0.7346692571119614,-1.2103044808704708
21,1565683200,106,568,462,674,33,0.10571995853388533,-0.709538972336594
21,1565697600,436,2213,1777,2649,33,2.497736881854856,1.300647774318704
21,1565712000,730,1086,356,1816,33,-0.0870966147528241,0.4528069844635833
21,1565726400,1791,1368,0,3159,33,-0.7346692571119614,1.8197339721891859
21,1565740800,623,380,0,1003,33,-0.7346692571119614,-0.37467748390642036
21,1565755200,118,68,0,186,33,-0.7346692571119614,-1.2062332165734473
21,1565769600,106,604,498,710,33,0.17120483248031493,-0.6728975936633835
21,1565784000,407,2312,1905,2719,33,2.730571989219939,1.3718948995166131
21,1565798400,709,1133,424,1842,33,0.03659703603487629,0.4792702023942353
21,1565812800,1863,1363,0,3226,33,-0.7346692571119614,1.8879276491643275
21,1565827200,636,404,0,1040,33,-0.7346692571119614,-0.337018289158954
21,1565841600,110,86,0,196,33,-0.7346692571119614,-1.196055055830889
21,1565856000,118,536,418,654,33,0.02568289037713802,-0.7298952938217109
21,1565870400,445,2265,1820,2710,33,2.5759549257353136,1.3627345548483105
21,1565884800,786,1276,490,2062,33,0.15665263826999726,0.7031897387305217
21,1565899200,1875,1396,0,3271,33,-0.7346692571119614,1.9337293725058406
21,1565913600,654,534,0,1188,33,-0.7346692571119614,-0.18638151016908866
21,1565928000,138,87,0,225,33,-0.7346692571119614,-1.1665383896774693
21,1565942400,88,510,422,598,33,0.032958987482296864,-0.7868929939800384
21,1565956800,380,2014,1634,2394,33,2.2376164103454275,1.041104675383463
21,1565971200,964,1164,200,2128,33,-0.3708644018540191,0.7703655996314076
21,1565985600,1481,1501,20,2982,33,-0.6982887715861672,1.639580527045901
21,1566000000,524,681,157,1205,33,-0.4490824457344767,-0.16907863690673924
21,1566014400,183,120,0,303,33,-0.7346692571119614,-1.0871487358855132
21,1566028800,52,188,136,240,33,-0.4872819555365606,-1.1512711485636316
21,1566043200,199,694,495,893,33,0.1657477596514458,-0.48663725207456354
21,1566057600,370,1102,732,1472,33,0.5968565131321074,0.10267825491957192
21,1566072000,475,1226,751,1701,33,0.631417974381612,0.33575813592416087
21,1566086400,464,659,195,1123,33,-0.37995952323546767,-0.25253955499571873
21,1566100800,194,146,0,340,33,-0.7346692571119614,-1.049489541138047
21,1566115200,40,111,71,151,33,-0.6055185334953919,-1.241856779172402
21,1566129600,159,481,322,640,33,-0.1489434401466743,-0.7441447188612929
21,1566144000,289,882,593,1171,33,0.34401213872783754,-0.20368438343143805
21,1566158400,377,873,496,1250,33,0.16756678392773552,-0.12327691356522613
21,1566172800,305,324,19,629,33,-0.7001077958624569,-0.7553406956781071
21,1566187200,83,66,0,149,33,-0.7346692571119614,-1.2438924113209138
21,1566201600,85,578,493,663,33,0.16210971109886638,-0.7207349491534083
21,1566216000,389,2076,1687,2465,33,2.334024696988782,1.113369616655628
21,1566230400,674,1064,390,1738,33,-0.0252497893589739,0.37341733067162725
21,1566244800,1802,1023,0,2825,33,-0.7346692571119614,1.4797834033877328
21,1566259200,492,386,0,878,34,-0.7579491130220608,-0.4357970583661815
21,1566273600,143,108,0,251,34,-0.7579491130220608,-1.0852649977067717
21,1566288000,128,604,476,732,34,0.18330209710629383,-0.5870288273354417
21,1566302400,436,2212,1776,2648,34,2.753946158381212,1.3976291818775899
21,1566316800,674,1071,397,1745,34,0.027086034921125726,0.46227104914305567
21,1566331200,1830,1270,0,3100,34,-0.7579491130220608,1.865826165261875
21,1566345600,581,453,0,1034,34,-0.7579491130220608,-0.27420694905656096
21,1566360000,132,84,0,216,34,-0.7579491130220608,-1.1215191888980327
21,1566374400,127,600,473,727,34,0.1773698415802748,-0.5922079975056218
21,1566375465,19,152,133,171,34,-0.49495245136855,-1.168131720429654
21,1566388800,370,2018,1648,2388,34,2.5008365892710662,1.1283123330282223
21,1566403200,681,1132,451,1813,34,0.1338666343894685,0.5327077634575056
21,1566417600,1984,1321,0,3305,34,-0.7579491130220608,2.0781721422392607
21,1566432000,578,412,0,990,34,-0.7579491130220608,-0.3197836465541462
21,1566446400,112,90,0,202,34,-0.7579491130220608,-1.1360208653745372
21,1566460800,110,593,483,703,34,0.19714402666700492,-0.6170680143224866
21,1566475200,429,2183,1754,2612,34,2.710442951190406,1.3603391566522929
21,1566489600,722,1115,393,1837,34,0.01917636088643367,0.5575677802743704
21,1566504000,1818,1412,0,3230,34,-0.7579491130220608,2.000484589686559
21,1566518400,557,357,0,914,34,-0.7579491130220608,-0.3985070331408844
21,1566532800,124,81,0,205,34,-0.7579491130220608,-1.132913363272429
21,1566547200,105,508,403,613,34,0.03895054597316381,-0.7102930773857291
21,1566561600,357,1860,1503,2217,34,2.2141109055134796,0.9511847132080613
21,1566576000,873,1210,337,2083,34,-0.09155907559925511,0.8123829526472335
21,1566590400,1355,1499,144,2854,34,-0.4732008477731468,1.6110109928890117
21,1566604800,524,533,9,1057,34,-0.7401523464440037,-0.2503827662737323
21,1566619200,160,132,0,292,34,-0.7579491130220608,-1.0427958023112944
21,1566633600,42,150,108,192,34,-0.5443879140853753,-1.1463792057148974
21,1566648000,169,660,491,829,34,0.21296337473638904,-0.4865529260339469
21,1566662400,306,1104,798,1410,34,0.8200308568990043,0.11526664774098595
21,1566676800,474,1089,615,1563,34,0.4581632698118428,0.2737492549484984
21,1566691200,444,758,314,1202,34,-0.13703970129873444,-0.10018683133850809
21,1566705600,174,103,0,277,34,-0.7579491130220608,-1.0583333128218348
21,1566720000,31,89,58,120,34,-0.6432588395190261,-1.2209592561654914
21,1566734400,155,465,310,620,34,-0.1449493753334265,-0.703042239147477
21,1566748800,252,972,720,1224,34,0.6657922132225093,-0.07739848258971545
21,1566763200,431,901,470,1332,34,0.17143758605425574,0.03447159308617569
21,1566777600,292,440,148,732,34,-0.46529117373845474,-0.5870288273354417
21,1566792000,69,53,0,122,34,-0.7579491130220608,-1.2188875880974195
21,1566806400,102,495,393,597,34,0.01917636088643367,-0.7268664219303056
21,1566820800,338,1812,1474,2150,34,2.156765768761962,0.8817838329276474
21,1566835200,667,870,203,1537,34,-0.356533155761439,0.24681757006356164
21,1566849600,1785,1336,0,3121,34,-0.7579491130220608,1.8875786799766316
21,1566864000,459,391,0,850,35,-0.7262477008091281,-0.44644777376681466
21,1566878400,116,78,0,194,35,-0.7262477008091281,-1.160432511567098
21,1566892800,112,556,444,668,35,0.21248295176511608,-0.6445350028516493
21,1566907200,432,2202,1770,2634,35,3.0159893601287373,1.4952424278120042
21,1566921600,703,1126,423,1829,35,0.16808352900822618,0.6190873760906201
21,1566936000,1793,1181,0,2974,35,-0.7262477008091281,1.8652954931353218
21,1566950400,531,441,0,972,35,-0.7262477008091281,-0.3136640267978596
21,1566964800,138,91,0,229,35,-0.7262477008091281,-1.122338813666168
21,1566979200,114,584,470,698,35,0.2674536656545989,-0.6118832617937096
21,1566993600,424,2166,1742,2590,35,2.9567901297862176,1.4473532075936926
21,1567008000,807,1094,287,1901,35,-0.1194555897982991,0.6974515546296757
21,1567022400,1797,1188,0,2985,35,-0.7262477008091281,1.8772677981898998
21,1567036800,2258,576,0,2834,35,-0.7262477008091281,1.7129207015316028
21,1567051200,131,102,0,233,35,-0.7262477008091281,-1.1179852481917762
21,1567065600,104,601,497,705,35,0.3245386377706002,-0.6042645222135237
21,1567080000,480,2156,1676,2636,35,2.817249086835992,1.4974192105492004
21,1567094400,768,1122,354,1890,35,0.022199711378444967,0.6854792495750978
21,1567108800,1746,1356,0,3102,35,-0.7262477008091281,2.0046095883158648
21,1567123200,637,498,0,1135,35,-0.7262477008091281,-0.13625623371638676
21,1567137600,149,94,0,243,35,-0.7262477008091281,-1.1071013345057963
21,1567152000,99,506,407,605,35,0.13425539738392908,-0.7131036590733228
21,1567166400,384,1803,1419,2187,35,2.27388472262072,1.0087314860487016
21,1567180800,1036,1240,204,2276,35,-0.29493902259934024,1.105598317853923
21,1567195200,1041,1385,344,2426,35,0.001057129113259284,1.2688570231436218
21,1567209600,462,603,141,1065,35,-0.42813729087001007,-0.21244362951824625
21,1567224000,150,129,0,279,35,-0.7262477008091281,-1.0679192452362685
21,1567238400,56,150,94,206,35,-0.5275074275163828,-1.147371815143922
21,1567252800,213,667,454,880,35,0.23362553403030178,-0.4137960327088749
21,1567267200,298,982,684,1280,35,0.7199049261295725,0.021560514730322188
21,1567281600,387,1067,680,1454,35,0.7114478932234982,0.21094061286637292
21,1567296000,385,621,236,1006,35,-0.22728275935074607,-0.2766587202655278
21,1567310400,189,127,0,316,35,-0.7262477008091281,-1.0276487645981427
21,1567324800,34,111,77,145,35,-0.5634498173671985,-1.2137636886283996
21,1567339200,217,599,382,816,35,0.08139894172096487,-0.4834530802991464
21,1567353600,365,940,575,1305,35,0.4894507794390485,0.04877029894527201
21,1567368000,565,944,379,1509,35,0.07505616704140917,0.2708021381392625
21,1567382400,554,504,0,1058,35,-0.7262477008091281,-0.2200623690984322
21,1567396800,153,78,0,231,35,-0.7262477008091281,-1.1201620309289722
21,1567411200,32,113,81,145,35,-0.5549927844611241,-1.2137636886283996
21,1567425600,182,408,226,590,35,-0.24842534161593174,-0.7294295296022928
21,1567440000,305,555,250,860,35,-0.19768314417948613,-0.43556386008083475
21,1567454400,428,559,131,987,35,-0.44927987313519574,-0.29733815626888965
21,1567468800,347,292,0,639,36,-0.6101371267531133,-0.745983306010106
21,1567483200,85,50,0,135,36,-0.6101371267531133,-1.18884093905893
21,1567497600,120,550,430,670,36,0.14227506233266518,-0.7187440468344838
21,1567512000,422,2113,1691,2535,36,2.348767551721425,0.9200049326021374
21,1567526400,722,1141,419,1863,36,0.12302730865837783,0.3295280885370386
21,1567540800,2345,1271,0,3616,36,-0.6101371267531133,1.8698642606294766
21,1567555200,727,327,0,1054,36,-0.6101371267531133,-0.381328707368713
21,1567569600,171,89,0,260,36,-0.6101371267531133,-1.0790052165765829
21,1567584000,108,619,511,727,36,0.28400852120696296,-0.6686589573825334
21,1567598400,443,2334,1891,2777,36,2.6987267094357406,1.132646891327962
21,1567612800,799,1120,321,1919,36,-0.04845267862163681,0.37873449220913014
21,1567627200,2467,1359,0,3826,36,-0.6101371267531133,2.05438827439982
21,1567641600,817,371,0,1188,36,-0.6101371267531133,-0.26358481286763674
21,1567656000,169,100,0,269,36,-0.6101371267531133,-1.0710970445578538
21,1567670400,126,586,460,712,36,0.1947689359898125,-0.6818392440804152
21,1567684800,400,2305,1905,2705,36,2.7232238504757427,1.0693815151781298
21,1567699200,807,895,88,1702,36,-0.4561550973588145,0.18805967797977527
21,1567713600,2599,1465,0,4064,36,-0.6101371267531133,2.2635154900062093
21,1567728000,1007,422,0,1429,36,-0.6101371267531133,-0.051821539921671184
21,1567742400,217,80,0,297,36,-0.6101371267531133,-1.046493842721808
21,1567756800,114,586,472,700,36,0.21576648545267146,-0.6923834734387205
21,1567771200,408,2114,1706,2522,36,2.375014488549999,0.9085820174639734
21,1567785600,1050,1061,11,2111,36,-0.5908893730788259,0.5474421619420156
21,1567800000,2479,1145,0,3624,36,-0.6101371267531133,1.8768937468683469
21,1567814400,793,424,0,1217,36,-0.6101371267531133,-0.23810292525173216
21,1567828800,237,97,0,334,36,-0.6101371267531133,-1.0139824688670334
21,1567843200,50,157,107,207,36,-0.42290897737595445,-1.1255755629090982
21,1567857600,283,917,634,1200,36,0.4992334032012671,-0.2530405835093314
21,1567872000,540,982,442,1522,36,0.1632726117955241,0.02989623760519519
21,1567886400,702,938,236,1640,36,-0.19718532065022093,0.133581159628531
21,1567900800,688,566,0,1254,36,-0.6101371267531133,-0.20559155139695737
21,1567915200,244,140,0,384,36,-0.6101371267531133,-0.9700481798740944
21,1567929600,46,83,37,129,36,-0.5453946825759649,-1.1941130537380829
21,1567944000,159,463,304,622,36,-0.07819920702735364,-0.7609209642677052
21,1567958400,422,764,342,1186,36,-0.011706967061633676,-0.2653421844273543
21,1567972800,618,681,63,1299,36,-0.4998999920731039,-0.16605069130331235
21,1567987200,504,319,0,823,36,-0.6101371267531133,-0.5843051225160908
21,1568001600,96,41,0,137,36,-0.6101371267531133,-1.1870835674992126
21,1568016000,126,610,484,736,36,0.23676403491553039,-0.6607507853638045
21,1568030400,373,2250,1877,2623,36,2.6742295683957384,0.99732928122971
21,1568044800,846,1060,214,1906,36,-0.23568082799879564,0.367311577070966
21,1568059200,2623,1309,0,3932,36,-0.6101371267531133,2.1475289670648507
21,1568073600,868,362,0,1230,37,-0.6239608363078505,-0.29875890512945275
21,1568088000,153,46,0,199,37,-0.6239608363078505,-1.1783385971280633
21,1568102400,151,625,474,776,37,0.1909048373484528,-0.6860810973383463
21,1568116800,413,2311,1898,2724,37,2.638940110104942,0.9758211723156727
21,1568131200,893,1034,141,1927,37,-0.3815640852835071,0.2958745044952142
21,1568145600,2691,1366,0,4057,37,-0.6239608363078505,2.1130469040655737
21,1568160000,1131,322,0,1453,37,-0.6239608363078505,-0.10851033935283766
21,1568174400,168,38,0,206,37,-0.6239608363078505,-1.172366669054358
21,1568188800,120,620,500,740,37,0.2356021105869842,-0.7167938702888312
21,1568203200,415,2304,1889,2719,37,2.6234679770608347,0.9715555094058831
21,1568217600,875,1154,279,2029,37,-0.14432471194053273,0.38289402785492155
21,1568232000,2668,1375,0,4043,37,-0.6239608363078505,2.101103047918163
21,1568246400,954,334,0,1288,37,-0.6239608363078505,-0.24927721537589367
21,1568260800,173,56,0,229,37,-0.6239608363078505,-1.1527446196693258
21,1568275200,135,622,487,757,37,0.2132534739677185,-0.7022906163955467
21,1568289600,425,2349,1924,2774,37,2.683637383343473,1.0184778014135685
21,1568304000,1047,977,0,2024,37,-0.6239608363078505,0.37862836494513197
21,1568318400,2695,1389,0,4084,37,-0.6239608363078505,2.136081483778437
21,1568332800,1038,282,0,1320,37,-0.6239608363078505,-0.22197697275324038
21,1568347200,179,51,0,230,37,-0.6239608363078505,-1.151891487087368
21,1568361600,108,552,444,660,37,0.13933106053476269,-0.7850444768454644
21,1568376000,427,2133,1706,2560,37,2.3088679384973254,0.8359074288745746
21,1568390400,1021,1073,52,2094,37,-0.5345662898307877,0.43834764568218604
21,1568404800,2416,1546,0,3962,37,-0.6239608363078505,2.0319993087795716
21,1568419200,915,539,0,1454,37,-0.6239608363078505,-0.10765720677087974
21,1568433600,249,140,0,389,37,-0.6239608363078505,-1.0162434065560595
21,1568448000,45,187,142,232,37,-0.3798449593897174,-1.1501852219234523
21,1568462400,199,778,579,977,37,0.37141305619636805,-0.5146014483648054
21,1568476800,526,1129,603,1655,37,0.4126720776473201,0.06382244220266123
21,1568491200,750,1132,382,1882,37,0.0327452551198032,0.25748353830710796
21,1568505600,717,510,0,1227,37,-0.6239608363078505,-0.3013183028753265
21,1568520000,253,115,0,368,37,-0.6239608363078505,-1.0341591907771757
21,1568534400,37,99,62,136,37,-0.5173750308928909,-1.232085949791412
21,1568548800,186,713,527,899,37,0.28201850971930525,-0.5811457897575227
21,1568563200,448,902,454,1350,37,0.15652231947265938,-0.19638299529450293
21,1568577600,692,825,133,1517,37,-0.39531709243382446,-0.05390985410753108
21,1568592000,531,394,0,925,37,-0.6239608363078505,-0.5589643426266169
21,1568606400,115,44,0,159,37,-0.6239608363078505,-1.21246390040638
21,1568620800,129,625,496,754,37,0.2287256070118255,-0.7048500141414205
21,1568635200,376,2183,1807,2559,37,2.482499653770082,0.8350542962926166
21,1568649600,858,1123,265,1981,37,-0.1683924744535881,0.3419436639209416
21,1568664000,2508,1311,0,3819,37,-0.6239608363078505,1.9100013495595898
21,1568678400,755,311,0,1066,38,-0.6718094512604126,-0.3381722892867656
21,1568692800,151,66,0,217,38,-0.6718094512604126,-1.1287411931999294
21,1568707200,127,601,474,728,38,0.1633586863499467,-0.6529099683476012
21,1568721600,454,2290,1836,2744,38,2.563145613407561,1.224341987234187
21,1568736000,925,1163,238,2088,38,-0.25246342435900854,0.6134901604178908
21,1568750400,2721,1275,0,3996,38,-0.6718094512604126,2.3901750469506546
21,1568764800,1045,384,0,1429,38,-0.6718094512604126,-0.00015519609421152793
21,1568779200,201,106,0,307,38,-0.6718094512604126,-1.0449353023257424
21,1568793600,132,604,472,736,38,0.15983477015749795,-0.6454605558254513
21,1568808000,403,2240,1837,2643,38,2.564907571503786,1.1302931541420438
21,1568822400,975,1167,192,2142,38,-0.3335134967853303,0.663773694942403
21,1568836800,2296,1312,0,3608,38,-0.6718094512604126,2.0288785396263815
21,1568851200,597,349,0,946,38,-0.6718094512604126,-0.44991347711901497
21,1568865600,149,106,0,255,38,-0.6718094512604126,-1.0933564837197172
21,1568880000,136,596,460,732,38,0.13869127300280532,-0.6491852620865262
21,1568894400,424,2261,1837,2685,38,2.564907571503786,1.169402569883331
21,1568908800,859,1120,261,1979,38,-0.21193838814584764,0.5119919148035977
21,1568923200,1965,1464,0,3429,38,-0.6718094512604126,1.8621979344432769
21,1568937600,666,424,0,1090,38,-0.6718094512604126,-0.3158240517203158
21,1568952000,163,126,0,289,38,-0.6718094512604126,-1.0616964805005797
21,1568966400,111,570,459,681,38,0.13692931490658092,-0.6966752669152322
21,1568980800,353,2129,1776,2482,38,2.457428127634098,0.980373727133776
21,1568995200,841,1148,307,1989,38,-0.13088831571952586,0.5213036804562852
21,1569009600,1633,1460,0,3093,38,-0.6718094512604126,1.5493226085129788
21,1569024000,621,508,0,1129,38,-0.6718094512604126,-0.2795081656748348
21,1569038400,182,110,0,292,38,-0.6718094512604126,-1.0589029508047736
21,1569052800,56,143,87,199,38,-0.5185190968888909,-1.1455023713747667
21,1569067200,141,745,604,886,38,0.392413238859117,-0.5057840710351396
21,1569081600,360,990,630,1350,38,0.43822414936095105,-0.07371814475044232
21,1569096000,465,1039,574,1504,38,0.3395544959723854,0.06968304630094428
21,1569110400,443,420,0,863,38,-0.6718094512604126,-0.5272011320363207
21,1569124800,149,101,0,250,38,-0.6718094512604126,-1.0980123665460608
21,1569139200,31,108,77,139,38,-0.5361386778511348,-1.2013729652908915
21,1569153600,116,552,436,668,38,0.09640427869342003,-0.7087805622637258
21,1569168000,261,801,540,1062,38,0.2796479207007562,-0.34189699554784064
21,1569182400,383,783,400,1166,38,0.032973787229342105,-0.24505463275989123
21,1569196800,349,309,0,658,38,-0.6718094512604126,-0.7180923279164133
21,1569211200,72,44,0,116,38,-0.6718094512604126,-1.2227900262920726
21,1569225600,107,604,497,711,38,0.2038837225631076,-0.6687399699571698
21,1569240000,410,2195,1785,2605,38,2.473285750500118,1.0949084446618316
21,1569254400,806,1041,235,1847,38,-0.2577492986476817,0.3890766081881235
21,1569268800,1882,1344,0,3226,38,-0.6718094512604126,1.6731690916937216
21,1569283200,648,310,0,958,39,-0.6976494854474535,-0.452615138628473
21,1569297600,107,73,0,180,39,-0.6976494854474535,-1.2185611881299483
21,1569312000,144,643,499,787,39,0.1405377374376492,-0.6209657484803397
21,1569326400,425,2338,1913,2763,39,2.515681491264373,1.324419076474564
21,1569340800,822,1131,309,1953,39,-0.17861170614585686,0.5269688192815114
21,1569355200,1993,1351,0,3344,39,-0.6976494854474535,1.896417347374766
21,1569369600,715,309,0,1024,39,-0.6976494854474535,-0.38763771026459465
21,1569384000,116,66,0,182,39,-0.6976494854474535,-1.2165921751492246
21,1569398400,131,605,474,736,39,0.09854438959771418,-0.6711755794887911
21,1569412800,433,2474,2041,2907,39,2.7306874322048404,1.4661880110866623
21,1569427200,844,1321,477,2165,39,0.10358359133850638,0.7356841952382116
21,1569441600,1967,1435,0,3402,39,-0.6976494854474535,1.95351872381575
21,1569456000,709,336,0,1045,39,-0.6976494854474535,-0.36696307396699696
21,1569470400,126,83,0,209,39,-0.6976494854474535,-1.1900104999094563
21,1569484800,123,656,533,779,39,0.19764869049996078,-0.628841800403234
21,1569499200,438,2460,2022,2898,39,2.69877248784649,1.4573274526734061
21,1569513600,859,1182,323,2041,39,-0.15509543135549325,0.6136053904333493
21,1569528000,1980,1333,0,3313,39,-0.6976494854474535,1.8658976461735504
21,1569542400,744,326,0,1070,39,-0.6976494854474535,-0.34235041170795216
21,1569556800,175,81,0,256,39,-0.6976494854474535,-1.143738694862452
21,1569571200,111,568,457,679,39,0.06998891306655837,-0.7272924494394134
21,1569585600,381,2249,1868,2630,39,2.44009346515249,1.1934797132564454
21,1569600000,881,1154,273,2035,39,-0.23908212703536325,0.6076983514911785
21,1569614400,1662,1531,0,3193,39,-0.6976494854474535,1.7477568673301351
21,1569628800,627,505,0,1132,39,-0.6976494854474535,-0.28131100930552094
21,1569643200,199,105,0,304,39,-0.6976494854474535,-1.0964823833250859
21,1569657600,62,221,159,283,39,-0.4305717931854669,-1.1171570196226834
21,1569672000,145,825,680,970,39,0.4445695757987786,-0.4408010607441315
21,1569686400,361,1184,823,1545,39,0.6847715254432069,0.1252901712138997
21,1569700800,513,1149,636,1662,39,0.370661283600493,0.24047743058622953
21,1569715200,486,572,86,1058,39,-0.5531923688780771,-0.3541644895922937
21,1569729600,206,106,0,312,39,-0.6976494854474535,-1.0886063314021914
21,1569744000,66,150,84,216,39,-0.5565518367052719,-1.1831189544769236
21,1569758400,127,637,510,764,39,0.15901481048722058,-0.6436093977586609
21,1569772800,263,976,713,1239,39,0.5000007949474928,-0.17596881483680907
21,1569787200,459,883,424,1342,39,0.014557693917844167,-0.07456464632954435
21,1569801600,371,358,0,729,39,-0.6976494854474535,-0.6780671249213237
21,1569816000,102,63,0,165,39,-0.6976494854474535,-1.2333287854853752
21,1569830400,109,569,460,678,39,0.07502811480735057,-0.7282769559297751
21,1569844800,337,1920,1583,2257,39,1.961369299777231,0.8262587923514966
21,1569859200,730,827,97,1557,39,-0.5347152958285056,0.13710424909824123
21,1569873600,1732,1051,0,2783,39,-0.6976494854474535,1.3441092062817999
21,1569888000,521,281,0,802,40,-0.6911168860032315,-0.5703790886438886
21,1569902400,105,36,0,141,40,-0.6911168860032315,-1.2154362932606249
21,1569916800,125,578,453,703,40,0.10541751386940497,-0.6669912872173485
21,1569931200,382,2150,1768,2532,40,2.417653133808736,1.1178946844074784
21,1569945600,669,1078,409,1747,40,0.028049934190826596,0.3518282613754997
21,1569960000,1754,1220,0,2974,40,-0.6911168860032315,1.5492339952101977
21,1569974400,645,315,0,960,40,-0.6911168860032315,-0.41618992324382165
21,1569988800,111,51,0,162,40,-0.6911168860032315,-1.1949427965935273
21,1570003200,125,609,484,734,40,0.15992649046113064,-0.6367389826135378
21,1570017600,442,2368,1926,2810,40,2.6954730790181767,1.3891895450481027
21,1570032000,827,1126,299,1953,40,-0.16536901500561935,0.5528597048717896
21,1570046400,2146,1368,0,3514,40,-0.6911168860032315,2.0762096237927055
21,1570060800,623,278,0,901,40,-0.6911168860032315,-0.47376689007042894
21,1570075200,117,48,0,165,40,-0.6911168860032315,-1.1920151542125135
21,1570089600,132,501,369,633,40,-0.042284229153335566,-0.7353029427743402
21,1570104000,469,2271,1802,2740,40,2.477437172651274,1.320877889491111
21,1570118400,828,963,135,1791,40,-0.4537390847166842,0.39476701629703737
21,1570132800,1927,1267,0,3194,40,-0.6911168860032315,1.763927769817886
21,1570147200,636,282,0,918,40,-0.6911168860032315,-0.4571769165780167
21,1570161600,121,43,0,164,40,-0.6911168860032315,-1.1929910350061848
21,1570176000,123,519,396,642,40,0.005191331103973892,-0.7265200156312983
21,1570190400,445,2199,1754,2644,40,2.393036176638279,1.227193333298665
21,1570204800,883,1089,206,1972,40,-0.32889594478079637,0.5714014399515446
21,1570219200,1795,1473,0,3268,40,-0.6911168860032315,1.8361429485495628
21,1570233600,580,480,0,1060,40,-0.6911168860032315,-0.3186018438766906
21,1570248000,196,113,0,309,40,-0.6911168860032315,-1.0514883199238447
21,1570262400,38,190,152,228,40,-0.42384706529541527,-1.1305346642112208
21,1570276800,159,875,716,1034,40,0.5678646378572711,-0.34397474451214466
21,1570291200,457,1246,789,1703,40,0.6962244859603671,0.308889506453962
21,1570305600,579,1199,620,1778,40,0.399062645831282,0.38208056597931034
21,1570320000,493,588,95,1081,40,-0.5240732480608463,-0.29810834720959306
21,1570334400,176,96,0,272,40,-0.6911168860032315,-1.0875959092896832
21,1570348800,43,112,69,155,40,-0.5697904542345518,-1.2017739621492265
21,1570363200,130,660,530,790,40,0.24081077830691713,-0.5820896581679444
21,1570377600,309,1127,818,1436,40,0.7472167543848847,0.048329334543722145
21,1570392000,472,822,350,1294,40,-0.07569295674181259,-0.09024573815760394
21,1570406400,368,311,0,679,40,-0.6911168860032315,-0.6904124262654598
21,1570420800,95,54,0,149,40,-0.6911168860032315,-1.2076292469112544
21,1570435200,125,565,440,690,40,0.08255891078255227,-0.6796777375350754
21,1570449600,437,2170,1733,2607,40,2.356110740882594,1.1910857439328266
21,1570464000,770,965,195,1735,40,-0.348237839700441,0.34011769185144397
21,1570478400,1939,1229,0,3168,40,-0.6911168860032315,1.7385548691824317
21,1570492800,519,334,0,853,41,-0.6682951751569377,-0.492649291156868
21,1570507200,120,77,0,197,41,-0.6682951751569377,-1.1512360582579853
21,1570521600,145,616,471,761,41,0.21369929778685712,-0.5850120694698295
21,1570536000,445,2335,1890,2780,41,2.8709183149996913,1.4419493372026637
21,1570550400,858,983,125,1841,41,-0.43422020887673735,0.49924663246493656
21,1570564800,2216,1255,0,3471,41,-0.6682951751569377,2.1356741177924077
21,1570579200,634,356,0,990,41,-0.6682951751569377,-0.35510906692995786
21,1570593600,158,57,0,215,41,-0.6682951751569377,-1.1331650798924058
21,1570608000,114,525,411,639,41,0.10134331397236096,-0.7074931450587568
21,1570622400,457,2017,1560,2474,41,2.2529604040199627,1.1347427049878134
21,1570636800,750,879,129,1629,41,-0.4267298099557709,0.2864106650481121
21,1570651200,1827,1139,0,2966,41,-0.6682951751569377,1.6286827803136512
21,1570665600,581,338,0,919,41,-0.6682951751569377,-0.4263890371497434
21,1570680000,163,78,0,241,41,-0.6682951751569377,-1.1070625555865687
21,1570694400,133,579,446,712,41,0.16688430453081704,-0.6342052883539069
21,1570708800,403,2302,1899,2705,41,2.887771712571866,1.3666535940127493
21,1570723200,849,1063,214,1912,41,-0.26755883288523474,0.5705266026847221
21,1570737600,2278,1400,0,3678,41,-0.6682951751569377,2.343490368996571
21,1570752000,699,468,0,1167,41,-0.6682951751569377,-0.17741111300176007
21,1570766400,199,82,0,281,41,-0.6682951751569377,-1.0669048258852811
21,1570780800,150,552,402,702,41,0.08448991640018653,-0.6442447207792288
21,1570795200,407,2063,1656,2470,41,2.4327299781231564,1.1307269320176845
21,1570809600,942,1125,183,2067,41,-0.3256094245227244,0.7261378052772116
21,1570824000,1987,1399,0,3386,41,-0.6682951751569377,2.0503389421771714
21,1570838400,660,471,0,1131,41,-0.6682951751569377,-0.21355306973291893
21,1570852800,169,106,0,275,41,-0.6682951751569377,-1.0729284853404744
21,1570867200,33,155,122,188,41,-0.43983800806746215,-1.160271547440775
21,1570881600,132,735,603,867,41,0.4608824621787486,-0.4785940857614173
21,1570896000,352,997,645,1349,41,0.539531650848896,0.005306557139098658
21,1570910400,513,1008,495,1521,41,0.2586416913126556,0.17798479485463548
21,1570924800,486,564,78,1050,41,-0.5222323961980927,-0.2948724723780264
21,1570939200,175,91,0,266,41,-0.6682951751569377,-1.081963974523264
21,1570953600,41,96,55,137,41,-0.5653021899936496,-1.2114726528099167
21,1570968000,154,529,375,683,41,0.033929723683663274,-0.6633196423873404
21,1570982400,264,989,725,1253,41,0.6893396292682241,-0.09107199414399166
21,1570996800,481,881,400,1362,41,0.08074471693970334,0.018357819292017137
21,1571011200,380,359,0,739,41,-0.6682951751569377,-0.6070988208055378
21,1571025600,93,49,0,142,41,-0.6682951751569377,-1.2064529365972556
21,1571040000,80,407,327,487,41,-0.05595506336793365,-0.8600925179236498
21,1571054400,332,1744,1412,2076,41,1.9758156439442054,0.7351732944600013
21,1571068800,555,921,366,1476,41,0.01707632611148885,0.13280734894068688
21,1571083200,1336,1042,0,2378,41,-0.6682951751569377,1.038364153704723
21,1571097600,508,301,0,809,42,-0.6484542708275748,-0.4747213680667438
21,1571112000,98,63,0,161,42,-0.6484542708275748,-1.1008217414720578
21,1571126400,134,611,477,745,42,0.21680865853867717,-0.536558441983318
21,1571140800,474,2271,1797,2745,42,2.6112469536402547,1.395850117909626
21,1571147898,179,466,287,645,42,-0.12784533848351964,-0.6331788699779652
21,1571155200,768,658,0,1426,42,-0.6484542708275748,0.12142667266022945
21,1571156624,89,90,1,179,42,-0.6466403024221948,-1.0834300644330213
21,1571156693,6,12,6,18,42,-0.6375704603952949,-1.2389889535044032
21,1571156755,5,9,4,14,42,-0.6411983972060549,-1.2428537706241891
21,1571169600,1869,1253,0,3122,42,-0.6484542708275748,1.7601091314494461
21,1571184000,805,552,0,1357,42,-0.6484542708275748,0.05475857734392288
21,1571198400,158,80,0,238,42,-0.6484542708275748,-1.0264240119161794
21,1571212800,115,625,510,740,42,0.2766696159162166,-0.5413894633830504
21,1571227200,450,2293,1843,2743,42,2.694689500287734,1.3939177093497332
21,1571241600,882,1147,265,2029,42,-0.16775264340187926,0.7040478534679522
21,1571256000,2059,1186,0,3245,42,-0.6484542708275748,1.8789522578828621
21,1571270400,728,229,0,957,42,-0.6484542708275748,-0.33172313463466596
21,1571284800,125,67,0,192,42,-0.6484542708275748,-1.0708694087937172
21,1571299200,146,541,395,687,42,0.06806324929751854,-0.5925982902202134
21,1571313600,444,2267,1823,2711,42,2.6584101321801343,1.362999172391446
21,1571328000,780,1160,380,1940,42,0.0408537232168188,0.6180556725527161
21,1571342400,2046,1485,0,3531,42,-0.6484542708275748,2.155286681947553
21,1571356800,777,513,0,1290,42,-0.6484542708275748,-0.009977109412490755
21,1571371200,142,105,0,247,42,-0.6484542708275748,-1.0177281733966612
21,1571385600,131,526,395,657,42,0.06806324929751854,-0.6215844186186076
21,1571400000,407,2107,1700,2514,42,2.4352920183183966,1.172656929241991
21,1571414400,845,1013,168,1858,42,-0.34370757872373764,0.5388269215971054
21,1571428800,1760,1554,0,3314,42,-0.6484542708275748,1.9456203531991687
21,1571443200,618,458,0,1076,42,-0.6484542708275748,-0.21674482532103578
21,1571457600,203,122,0,325,42,-0.6484542708275748,-0.9423642395608364
21,1571472000,59,197,138,256,42,-0.3981266308851371,-1.0090323348771428
21,1571486400,170,897,727,1067,42,0.670300759883673,-0.22544066384055403
21,1571500800,395,1224,829,1619,42,0.8553255372324312,0.30790409868989854
21,1571515200,599,1202,603,1801,42,0.445368677616555,0.48375327764015646
21,1571529600,518,604,86,1122,42,-0.4924529879648962,-0.17229942844349808
21,1571544000,175,131,0,306,42,-0.6484542708275748,-0.9607221208798193
21,1571558400,45,159,114,204,42,-0.4416618726142567,-1.0592749574343594
21,1571572800,147,620,473,767,42,0.20955278491715723,-0.5153019478244957
21,1571587200,272,932,660,1204,42,0.5487648767232141,-0.09307067748788736
21,1571601600,442,662,220,1104,42,-0.2493812216439785,-0.18969110548253457
21,1571616000,304,221,0,525,42,-0.6484542708275748,-0.749123383571542
21,1571630400,74,54,0,128,42,-0.6484542708275748,-1.1327064827102913
21,1571644800,117,545,428,662,42,0.127924206675058,-0.6167533972188752
21,1571659200,383,2198,1815,2581,42,2.6438983849370943,1.2373926159984048
21,1571673600,758,1058,300,1816,42,-0.10426374921357985,0.49824634183935357
21,1571688000,1912,1226,0,3138,42,-0.6484542708275748,1.7755683999285896
21,1571702400,564,361,0,925,43,-0.7021524698445079,-0.47612376820899094
21,1571716800,156,81,0,237,43,-0.7021524698445079,-1.166292103683281
21,1571731200,136,568,432,704,43,0.05283620113439803,-0.6978202829470986
21,1571736268,113,930,817,1043,43,0.7256849009651359,-0.35775187346194703
21,1571745600,350,2274,1924,2624,43,2.660343370348582,1.228230885818362
21,1571760000,804,991,187,1795,43,-0.37534024421243517,0.3966181676378584
21,1571774400,1963,1188,0,3151,43,-0.7021524698445079,1.756891805578465
21,1571788800,628,300,0,928,43,-0.7021524698445079,-0.4731143132577949
21,1571803200,123,77,0,200,43,-0.7021524698445079,-1.2034087147480321
21,1571817600,136,583,447,719,43,0.07905108554338781,-0.6827730081911185
21,1571832000,453,2327,1874,2780,43,2.572960422318616,1.3847225432805557
21,1571846400,819,1188,369,2007,43,-0.05726631338335908,0.609286317522378
21,1571860800,2002,1246,0,3248,43,-0.7021524698445079,1.8541975156671366
21,1571875200,778,485,0,1263,43,-0.7021524698445079,-0.137058510374238
21,1571889600,156,86,0,242,43,-0.7021524698445079,-1.1612763454312875
21,1571904000,127,574,447,701,43,0.07905108554338781,-0.7008297378982947
21,1571918400,473,2307,1834,2780,43,2.5030540638946435,1.3847225432805557
21,1571932800,652,1095,443,1747,43,0.07206044970099054,0.34846688841872187
21,1571947200,1852,1434,0,3286,43,-0.7021524698445079,1.8923172783822864
21,1571961600,774,450,0,1224,43,-0.7021524698445079,-0.1761814247397864
21,1571976000,151,85,0,236,43,-0.7021524698445079,-1.1672952553336797
21,1571990400,132,530,398,662,43,-0.006584203525978823,-0.7399526522638431
21,1572004800,383,2145,1762,2528,43,2.3772226187314924,1.1319283273800889
21,1572019200,858,1144,286,2002,43,-0.20232200711310258,0.6042705592703846
21,1572033600,1777,1440,0,3217,43,-0.7021524698445079,1.8230998145047776
21,1572048000,642,516,0,1158,43,-0.7021524698445079,-0.2423894336660991
21,1572062400,228,190,0,418,43,-0.7021524698445079,-0.9847216549611204
21,1572076800,59,261,202,320,43,-0.3491253598034454,-1.0830305167001908
21,1572091200,166,834,668,1000,43,0.4652837158358374,-0.40088739442909016
21,1572105600,358,1259,901,1617,43,0.8724882536554788,0.21805717386689383
21,1572120000,574,1240,666,1814,43,0.4617883979146387,0.41567804899543326
21,1572134400,530,617,87,1147,43,-0.5501061402723672,-0.2534241018204846
21,1572148800,217,165,0,382,43,-0.7021524698445079,-1.0208351143754728
21,1572163200,49,157,108,206,43,-0.5134053020997814,-1.19738980484564
21,1572177600,156,439,283,595,43,-0.20756498399490053,-0.8071638128405545
21,1572192000,227,690,463,917,43,0.10701362891297693,-0.4841489814121804
21,1572206400,499,723,224,1222,43,-0.31067686267026035,-0.17818772804058378
21,1572220800,337,286,0,623,43,-0.7021524698445079,-0.7790755666293916
21,1572235200,86,59,0,145,43,-0.7021524698445079,-1.2585820555199594
21,1572249600,125,545,420,670,43,0.0318642936072062,-0.7319274390606537
21,1572264000,465,2232,1767,2697,43,2.3859609135344892,1.3014609562974655
21,1572278400,786,1053,267,1839,43,-0.23552752736448965,0.4407568402554002
21,1572292800,1874,1291,0,3165,43,-0.7021524698445079,1.7709359286840465
21,1572307200,648,283,0,931,44,-0.6573868989482109,-0.39835748379047503
21,1572321600,96,56,0,152,44,-0.6573868989482109,-1.1519028098876933
21,1572336000,109,563,454,672,44,0.1579048259273989,-0.6488943765493704
21,1572350400,470,2311,1841,2781,44,2.648674919324912,1.391191750201635
21,1572364800,777,1135,358,1912,44,-0.014491662152025206,0.5505872721804763
21,1572379200,1951,1199,0,3150,44,-0.6573868989482109,1.748134273089791
21,1572393600,622,209,0,831,44,-0.6573868989482109,-0.49508987481707556
21,1572408000,97,47,0,144,44,-0.6573868989482109,-1.1596414011698213
21,1572422400,103,557,454,660,44,0.1579048259273989,-0.6605022634725625
21,1572436800,434,2264,1830,2698,44,2.628921155065811,1.3109038656495566
21,1572451200,812,1111,299,1923,44,-0.12044367045083794,0.5612278351934024
21,1572465600,1985,1306,0,3291,44,-0.6573868989482109,1.8845269444372978
21,1572480000,786,277,0,1063,44,-0.6573868989482109,-0.2706707276353623
21,1572494400,145,57,0,202,44,-0.6573868989482109,-1.103536614374393
21,1572508800,98,485,387,583,44,0.037586443621967495,-0.7349862045630449
21,1572523200,472,2101,1629,2573,44,2.267966008149517,1.189988376866306
21,1572537600,814,988,174,1802,44,-0.34491826430425476,0.4441816420512157
21,1572552000,1851,1156,0,3007,44,-0.6573868989482109,1.6098069539217523
21,1572566400,550,480,0,1030,44,-0.6573868989482109,-0.3025924166741405
21,1572580800,134,104,0,238,44,-0.6573868989482109,-1.0687129536048168
21,1572595200,89,494,405,583,44,0.06991078513685951,-0.7349862045630449
21,1572609600,433,2053,1620,2486,44,2.251803837392071,1.1058311966731633
21,1572624000,871,1225,354,2096,44,-0.021674849155334543,0.7285748716694213
21,1572638400,1889,1593,0,3482,44,-0.6573868989482109,2.069285811298105
21,1572652800,587,419,0,1006,44,-0.6573868989482109,-0.3258081905205246
21,1572667200,130,88,0,218,44,-0.6573868989482109,-1.0880594318101369
21,1572681600,45,145,100,190,44,-0.47780722386547747,-1.1151445012975851
21,1572696000,148,644,496,792,44,0.23332828946214695,-0.5328155073174498
21,1572710400,382,1074,692,1456,44,0.5853044526243045,0.10948756909917783
21,1572724800,529,1007,478,1536,44,0.20100394794725493,0.18687348192045827
21,1572739200,492,414,0,906,44,-0.6573868989482109,-0.42254058154712515
21,1572750000,129,80,0,209,44,-0.6573868989482109,-1.096765347002531
21,1572764400,36,172,136,208,44,-0.4131585408356934,-1.097732670912797
21,1572778800,104,448,344,552,44,-0.039632816663607885,-0.7649732457812911
21,1572793200,253,1040,787,1293,44,0.7559051439529013,-0.04818622827418106
21,1572807600,427,836,409,1263,44,0.07709397214016885,-0.07720594558216122
21,1572822000,321,245,0,566,44,-0.6573868989482109,-0.751430711037567
21,1572836400,87,50,0,137,44,-0.6573868989482109,-1.1664126685416834
21,1572850800,56,237,181,293,44,-0.3323476870484634,-1.0155101385401866
21,1572865200,332,2321,1989,2653,44,2.914452838447357,1.2673742896875864
21,1572879600,680,1004,324,1684,44,-0.07554875168015457,0.33003742063982705
21,1572894000,1868,1437,0,3305,44,-0.6573868989482109,1.8980694791810218
21,1572908400,832,352,0,1184,44,-0.6573868989482109,-0.15362453449317565
21,1572922800,157,57,0,214,45,-0.6572792747648266,-1.132299368558933
21,1572937200,51,224,173,275,45,-0.3825558963455198,-1.0756589760672215
21,1572951600,329,2411,2082,2740,45,2.6489292447091435,1.2131699992125944
21,1572966000,666,1207,541,1873,45,0.20182678144815022,0.4081336010107281
21,1572980400,1893,1526,0,3419,45,-0.6572792747648266,1.843642564817055
21,1572994800,1074,472,0,1546,45,-0.6572792747648266,0.10450395601417646
21,1573009200,160,70,0,230,45,-0.6572792747648266,-1.1174428721676644
21,1573023600,60,230,170,290,45,-0.3873198855666638,-1.0617310107004072
21,1573038000,373,2507,2134,2880,45,2.73150505787564,1.3431643426361946
21,1573052400,702,1116,414,1818,45,0.00015123775305215763,0.35706439466574236
21,1573066800,1881,1562,0,3443,45,-0.6572792747648266,1.865927309403958
21,1573081200,996,503,0,1499,45,-0.6572792747648266,0.060862997864825005
21,1573095600,174,85,0,259,45,-0.6572792747648266,-1.0905154724584902
21,1573110000,51,234,183,285,45,-0.3666759322750396,-1.0663736658226788
21,1573124400,368,2416,2048,2784,45,2.5949373668695106,1.254025364288583
21,1573138800,714,1125,411,1839,45,-0.004612751468091892,0.3765635461792824
21,1573153200,1977,1563,0,3540,45,-0.6572792747648266,1.9559948187760239
21,1573167600,934,389,0,1323,45,-0.6572792747648266,-0.1025584624391294
21,1573182000,151,106,0,257,45,-0.6572792747648266,-1.0923725345073987
21,1573196400,59,229,170,288,45,-0.3873198855666638,-1.0635880727493159
21,1573210800,367,2167,1800,2534,45,2.2011142579216028,1.0218926081750115
21,1573225200,764,1087,323,1851,45,-0.14435643528831732,0.38770591847273383
21,1573239600,1801,1413,0,3214,45,-0.6572792747648266,1.6532937048039262
21,1573254000,762,541,0,1303,45,-0.6572792747648266,-0.12112908292821513
21,1573268400,266,141,0,407,45,-0.6572792747648266,-0.9530928808392558
21,1573282800,42,91,49,133,45,-0.5794674508194738,-1.2075103815397303
21,1573297200,118,613,495,731,45,0.12877894672394147,-0.652248828916067
21,1573311600,351,1293,942,1644,45,0.8386133406744047,0.19549999641069654
21,1573326000,599,1565,966,2164,45,0.8767252544435572,0.6783361291269254
21,1573340400,627,852,225,1479,45,-0.2999800831790229,0.04229237737573927
21,1573354800,301,184,0,485,45,-0.6572792747648266,-0.8806674609318215
21,1573369200,34,75,41,109,45,-0.5921714220758579,-1.229795126126633
21,1573383600,88,386,298,474,45,-0.18405634546451774,-0.8908813022008186
21,1573398000,275,1068,793,1343,45,0.6020018760242504,-0.08398784195004368
21,1573412400,527,1121,594,1648,45,0.2859905910216951,0.19921412050851367
21,1573426800,425,477,52,902,45,-0.5747034615983297,-0.493470023734384
21,1573441200,150,97,0,247,45,-0.6572792747648266,-1.1016578447519416
21,1573455600,43,188,145,231,45,-0.42701979574286425,-1.1165143411432101
21,1573470000,312,2083,1771,2395,45,2.1550623621172105,0.8928267957758657
21,1573484400,653,1217,564,1870,45,0.2383506988102546,0.40534800793736525
21,1573498800,1694,1412,0,3106,45,-0.6572792747648266,1.5530123541628633
21,1573513200,721,412,0,1133,45,-0.6572792747648266,-0.2789793570854438
21,1573527600,244,82,0,326,46,-0.6483339072517443,-1.0158473531168595
21,1573542000,65,244,179,309,46,-0.3316851503675363,-1.0322116563031383
21,1573556400,433,2224,1791,2657,46,2.519922649058963,1.2279873955429057
21,1573570800,715,961,246,1676,46,-0.2131629899695367,0.28367084108763774
21,1573585200,1850,1383,0,3233,46,-0.6483339072517443,1.7824484917368244
21,1573599600,883,329,0,1212,46,-0.6483339072517443,-0.16297837529079684
21,1573614000,237,75,0,312,46,-0.6483339072517443,-1.029323838093795
21,1573628400,58,208,150,266,46,-0.3829857869577153,-1.0736037173037258
21,1573642800,351,1898,1547,2249,46,2.0882897067140087,0.8352441190722132
21,1573657200,687,1012,325,1699,46,-0.07341297994801471,0.3058107806926032
21,1573671600,1886,1367,0,3253,46,-0.6483339072517443,1.8017006131324467
21,1573686000,970,323,0,1293,46,-0.6483339072517443,-0.08500728363852703
21,1573700400,146,54,0,200,46,-0.6483339072517443,-1.1371357179092791
21,1573714800,54,217,163,271,46,-0.3599889498655661,-1.0687906869548205
21,1573729200,404,2208,1804,2612,46,2.5429194861511117,1.1846701224027558
21,1573743600,685,1025,340,1710,46,-0.0468781679186118,0.31639944746019544
21,1573758000,1895,1609,0,3504,46,-0.6483339072517443,2.043314736647505
21,1573772400,1003,460,0,1463,46,-0.6483339072517443,0.0786357482242615
21,1573786800,181,103,0,284,46,-0.6483339072517443,-1.0562768080476659
21,1573801200,52,214,162,266,46,-0.361757937334193,-1.0736037173037258
21,1573815600,350,2102,1752,2452,46,2.450932137782515,1.0306531512377783
21,1573830000,778,1080,302,1858,46,-0.1140996917264325,0.4588651457877995
21,1573844400,1772,1650,0,3422,46,-0.6483339072517443,1.964381038925454
21,1573858800,865,716,0,1581,46,-0.6483339072517443,0.19222326445843235
21,1573873200,249,162,0,411,46,-0.6483339072517443,-0.9340258371854652
21,1573887600,48,103,55,151,46,-0.5510395964772671,-1.1843034153285534
21,1573902000,122,612,490,734,46,0.21846995237541728,-0.623104076646167
21,1573916400,380,1341,961,1721,46,1.0516630500986686,0.3269881142277876
21,1573930800,626,1560,934,2186,46,1.0039003884457434,0.7745999366760032
21,1573945200,537,736,199,1273,46,-0.29630540099499914,-0.1042594050341492
21,1573959600,258,197,0,455,46,-0.6483339072517443,-0.8916711701150963
21,1573974000,39,65,26,104,46,-0.602340233067446,-1.2295459006082656
21,1573988400,91,433,342,524,46,-0.043340192981358085,-0.8252513513001998
21,1574002800,266,1070,804,1336,46,0.7739320175242514,-0.043615222637939335
21,1574017200,498,994,496,1492,46,0.22908387718717843,0.10655132424791366
21,1574031600,391,347,0,738,46,-0.6483339072517443,-0.6192536523670426
21,1574046000,119,73,0,192,46,-0.6483339072517443,-1.144836566467528
21,1574060400,49,208,159,257,46,-0.36706489974007356,-1.0822671719317558
21,1574074800,346,2203,1857,2549,46,2.6366758219883355,1.1240259400065458
21,1574089200,624,933,309,1557,46,-0.10171677944604447,0.16912071878368576
21,1574103600,1915,1174,0,3089,46,-0.6483339072517443,1.6438332176883448
21,1574118000,827,311,0,1138,46,-0.6483339072517443,-0.2342112244545989
21,1574132400,108,67,0,175,47,-0.6466001117721006,-1.1651802944234029
21,1574146800,51,227,176,278,47,-0.3600320905346543,-1.069673350988277
21,1574161200,372,2384,2012,2756,47,2.6293934037377977,1.228056802722811
21,1574175600,726,1167,441,1893,47,0.0714481687149099,0.4278384319993771
21,1574190000,1897,1477,0,3374,47,-0.6466001117721006,1.8010984633335665
21,1574204400,943,346,0,1289,47,-0.6466001117721006,-0.1322217023192254
21,1574218800,151,69,0,220,47,-0.6466001117721006,-1.123453959912911
21,1574233200,56,221,165,277,47,-0.3779425918619947,-1.0706006028662878
21,1574247600,338,2363,2025,2701,47,2.6505603598519274,1.1770579494322095
21,1574262000,705,1148,443,1853,47,0.07470462350169907,0.3907483568789399
21,1574276400,1879,1575,0,3454,47,-0.6466001117721006,1.8752786135744408
21,1574290800,989,374,0,1363,47,-0.6466001117721006,-0.06360506334641648
21,1574305200,150,78,0,228,47,-0.6466001117721006,-1.1160359448888235
21,1574319600,61,203,142,264,47,-0.41539182191007007,-1.08265487728043
21,1574334000,361,2304,1943,2665,47,2.5170457135935718,1.143676881823816
21,1574348400,689,1046,357,1735,47,-0.06532293233023496,0.28133263527365
21,1574362800,1885,1446,0,3331,47,-0.6466001117721006,1.7612266325790964
21,1574377200,975,388,0,1363,47,-0.6466001117721006,-0.06360506334641648
21,1574391600,197,96,0,293,47,-0.6466001117721006,-1.055764572818113
21,1574406000,49,196,147,245,47,-0.40725068494309713,-1.1002726629626376
21,1574420400,355,2127,1772,2482,47,2.238618829323098,0.9739897881478157
21,1574434800,820,1092,272,1912,47,-0.20372226076877442,0.44545621768158483
21,1574449200,1893,1512,0,3405,47,-0.6466001117721006,1.8298432715519053
21,1574463600,834,690,0,1524,47,-0.6466001117721006,0.08568248901334345
21,1574478000,308,200,0,508,47,-0.6466001117721006,-0.8564054190457627
21,1574492400,45,180,135,225,47,-0.4267894136638321,-1.1188177005228563
21,1574506800,114,635,521,749,47,0.20170636018647645,-0.6329377164451283
21,1574521200,411,1261,850,1672,47,0.7373931726132938,0.2229157669589613
21,1574535600,728,1760,1032,2488,47,1.0337305582111078,0.9795532994158812
21,1574550000,549,775,226,1324,47,-0.2786207208649252,-0.09976788658884281
21,1574564400,251,185,0,436,47,-0.6466001117721006,-0.9231675542625498
21,1574578800,34,103,69,137,47,-0.5342524216278746,-1.2004158657878183
21,1574593200,99,391,292,490,47,-0.17115771290088277,-0.8730959528499596
21,1574607600,246,974,728,1220,47,0.5387494306191549,-0.19620208190197966
21,1574622000,524,1066,542,1590,47,0.23589913544776267,0.14688111296206494
21,1574636400,448,383,0,831,47,-0.6466001117721006,-0.556903062448232
21,1574650800,119,102,0,221,47,-0.6466001117721006,-1.1225267080349
21,1574665200,56,221,165,277,47,-0.3779425918619947,-1.0706006028662878
21,1574679600,341,2217,1876,2558,47,2.4079544782361344,1.0444609308766464
21,1574694000,690,1038,348,1728,47,-0.0799769788707862,0.27484187212757344
21,1574708400,1781,1495,0,3276,47,-0.6466001117721006,1.710227779288495
21,1574722800,809,508,0,1317,47,-0.6466001117721006,-0.10625864973491932
21,1574737200,145,89,0,234,48,-0.7534204793946314,-1.0054579982877612
21,1574751600,53,221,168,274,48,-0.38298393123711494,-0.9617480891889532
21,1574766000,381,2167,1786,2548,48,3.1846728242323,1.523160243078287
21,1574780400,723,1183,460,1906,48,0.2608700691319018,0.821616202042417
21,1574794800,1812,1603,0,3415,48,-0.7534204793946314,2.4705725227949524
21,1574809200,956,496,0,1452,48,-0.7534204793946314,0.3255087337709452
21,1574823600,226,110,0,336,48,-0.7534204793946314,-0.8939977300858006
21,1574838000,54,197,143,251,48,-0.4381084175700787,-0.9868812869207678
21,1574852400,303,1652,1349,1955,48,2.2210968031320935,0.875160840688457
21,1574866800,955,1333,378,2288,48,0.08006175395978067,1.2390458339360344
21,1574881200,1541,1642,101,3183,48,-0.5307175546094578,2.2170550500218655
21,1574895600,605,678,73,1283,48,-0.5924569793023773,0.140834367828481
21,1574910000,190,108,0,298,48,-0.7534204793946314,-0.9355221437296684
21,1574924400,41,201,160,242,48,-0.40062376686366336,-0.9967160164679997
21,1574938800,226,1441,1215,1667,48,1.9256295563874075,0.5604494951770387
21,1574953200,594,1092,498,1686,48,0.34465928835800674,0.5812117019989725
21,1574967600,380,580,200,960,48,-0.3124245887309213,-0.21212314814439437
21,1574982000,228,242,14,470,48,-0.7225507670481717,-0.7475695346047935
21,1574996400,90,78,0,168,48,-0.7534204793946314,-1.0775793483007947
21,1575010800,23,110,87,133,48,-0.5615872669559175,-1.1158255187622517
21,1575025200,151,696,545,847,48,0.4482933226639786,-0.3356036413485272
21,1575039600,507,1371,864,1878,48,1.1516817682725964,0.7910192656732514
21,1575054000,850,1452,602,2302,48,0.573977151503136,1.254344302120617
21,1575068400,533,596,63,1129,48,-0.6145067738355627,-0.02744878220193018
21,1575082800,189,162,0,351,48,-0.7534204793946314,-0.8776065141737476
21,1575097200,28,139,111,167,48,-0.5086677600762723,-1.0786720960282647
21,1575111600,103,607,504,710,48,0.35788916507791807,-0.485310080011945
21,1575126000,353,1274,921,1627,48,1.2773655971117537,0.5167395860782306
21,1575140400,662,1323,661,1985,48,0.7040709392489305,0.907943272512563
21,1575154800,514,761,247,1275,48,-0.20879055442494945,0.13209238600871936
21,1575169200,239,156,0,395,48,-0.7534204793946314,-0.8295256141650587
21,1575183600,38,77,39,115,48,-0.6674262807152079,-1.1354949778567154
21,1575198000,87,403,316,490,48,-0.05664697214596946,-0.7257145800553895
21,1575212400,236,844,608,1080,48,0.5872070282230473,-0.0809934208479701
21,1575226800,372,553,181,925,48,-0.3543191983439738,-0.25036931860585143
21,1575241200,216,242,26,458,48,-0.6960910136083491,-0.760682507334436
21,1575255600,97,73,0,170,48,-0.7534204793946314,-1.0753938528458542
21,1575270000,51,204,153,255,48,-0.41605862303689317,-0.982510296010887
21,1575284400,305,1952,1647,2257,48,2.8781806802210212,1.205170654384458
21,1575298800,645,876,231,1521,48,-0.24407022567804626,0.4009083269663891
21,1575313200,1956,968,0,2924,48,-0.7534204793946314,1.934033388607083
21,1575327600,643,220,0,863,48,-0.7534204793946314,-0.318119677709004
21,1575342000,93,65,0,158,49,-0.6395944072796653,-1.1681242437954467
21,1575356400,57,228,171,285,49,-0.3451727284511461,-1.0568743158149279
21,1575370800,364,2195,1831,2559,49,2.512955849650268,0.9351125836157774
21,1575385200,667,946,279,1613,49,-0.15922219445418664,0.10643201771364587
21,1575399600,1842,1495,0,3337,49,-0.6395944072796653,1.6166278904570655
21,1575414000,956,374,0,1330,49,-0.6395944072796653,-0.14147136510908484
21,1575428400,154,79,0,233,49,-0.6395944072796653,-1.1024254674289986
21,1575442800,56,213,157,269,49,-0.3692774273026038,-1.0708900547731035
21,1575457200,383,2239,1856,2622,49,2.555999954742157,0.9902995557635939
21,1575471600,721,1160,439,1881,49,0.11626007813390146,0.34119564526308693
21,1575486000,1904,1727,0,3631,49,-0.6395944072796653,1.8741670938135417
21,1575500400,1173,527,0,1700,49,-0.6395944072796653,0.18264259829872562
21,1575514800,200,79,0,279,49,-0.6395944072796653,-1.0621302179242438
21,1575529200,55,211,156,266,49,-0.37099919150627936,-1.0735180058277614
21,1575543600,380,2284,1904,2664,49,2.6386446365185834,1.0270908705288047
21,1575558000,723,1095,372,1818,49,0.0009018764876395648,0.28600867311527056
21,1575572400,1861,1700,0,3561,49,-0.6395944072796653,1.8128482358715237
21,1575586800,1060,521,0,1581,49,-0.6395944072796653,0.0784005397972947
21,1575601200,185,82,0,267,49,-0.6395944072796653,-1.0726420221428754
21,1575615600,62,203,141,265,49,-0.39682565456141267,-1.0743939895126473
21,1575630000,359,2141,1782,2500,49,2.4285894036701663,0.883429546207505
21,1575644400,713,1225,512,1938,49,0.24194886500221666,0.3911267153015875
21,1575658800,1793,1743,0,3536,49,-0.6395944072796653,1.7909486437493742
21,1575673200,921,766,0,1687,49,-0.6395944072796653,0.17125481039520796
21,1575687600,312,106,0,418,49,-0.6395944072796653,-0.9403684857250934
21,1575702000,38,96,58,134,49,-0.5397320834664834,-1.18914785223271
21,1575716400,126,502,376,628,49,0.0077889333023417676,-0.7564119118990388
21,1575730800,511,1275,764,1786,49,0.6758334443284554,0.25797719519891943
21,1575745200,815,1886,1071,2701,49,1.2044150548568495,1.0595022668695857
21,1575759600,600,818,218,1418,49,-0.2642498108783952,-0.0643848008391191
21,1575774000,266,131,0,397,49,-0.6395944072796653,-0.9587641431076988
21,1575788400,30,56,26,86,49,-0.594828537984101,-1.2311950691072369
21,1575802800,73,434,361,507,49,-0.018037529752791492,-0.8624059377702417
21,1575817200,320,1288,968,1608,49,1.0270733418782678,0.10205209928921599
21,1575831600,594,1033,439,1627,49,0.11626007813390146,0.1186957893020495
21,1575846000,419,419,0,838,49,-0.6395944072796653,-0.5724553380729841
21,1575860400,125,72,0,197,49,-0.6395944072796653,-1.1339608800848937
21,1575874800,52,185,133,237,49,-0.41059976819081706,-1.0989215326894546
21,1575889200,499,2046,1547,2545,49,2.0239748158064117,0.9228488120273738
21,1575903600,977,1018,41,1995,49,-0.5690020749289677,0.441057785340088
21,1575918000,2709,1249,0,3958,49,-0.6395944072796653,2.1606137587712553
21,1575932400,1253,330,0,1583,49,-0.6395944072796653,0.08015250716706664
21,1575946800,175,60,0,235,50,-0.43201691348104665,-0.9225053768324225
21,1575961200,70,218,148,288,50,-0.30762870030775535,-0.8873860552968333
21,1575975600,481,2349,1868,2830,50,1.1379640473818462,0.7970161209950117
21,1575990000,1038,1063,25,2101,50,-0.41100539098555827,0.31395979270360536
21,1576004400,2398,1595,0,3993,50,-0.43201691348104665,1.5676533086533184
21,1576018800,1128,368,0,1496,50,-0.43201691348104665,-0.08693057576868667
21,1576033200,190,66,0,256,50,-0.43201691348104665,-0.9085901739598307
21,1576047600,52,219,167,271,50,-0.29165994321118416,-0.8986507433365506
21,1576062000,410,7729,7319,8139,50,5.719316412298137,4.3149119329279015
21,1576076400,695,1217,522,1912,50,0.0067036762247510645,0.18872296685027776
21,1576090800,1842,1616,0,3458,50,-0.43201691348104665,1.213146949756333
21,1576105200,1049,459,0,1508,50,-0.43201691348104665,-0.0789790312700627
21,1576119600,196,76,0,272,50,-0.43201691348104665,-0.897988114628332
21,1576134000,54,200,146,254,50,-0.30930962210739443,-0.909915431376268
21,1576148400,381,2133,1752,2514,50,1.04047058300278,0.5876254491979137
21,1576162800,763,1183,420,1946,50,-0.0790233355568416,0.21125234292971234
21,1576177200,1863,1782,0,3645,50,-0.43201691348104665,1.3370585181932233
21,1576191600,1092,650,0,1742,50,-0.43201691348104665,0.07607608645310479
21,1576206000,219,99,0,318,50,-0.43201691348104665,-0.8675071940502734
21,1576220400,59,191,132,250,50,-0.32107607470486793,-0.9125659462091426
21,1576234800,363,2067,1704,2430,50,1.0001284598114424,0.531964637707546
21,1576249200,846,1224,378,2070,50,-0.11432269334926211,0.29341830274882674
21,1576263600,1927,1442,0,3369,50,-0.43201691348104665,1.1541729947248718
21,1576278000,750,640,0,1390,50,-0.43201691348104665,-0.1571692188398651
21,1576292400,213,117,0,330,50,-0.43201691348104665,-0.8595556495516494
21,1576306800,31,73,42,104,50,-0.39671755568862616,-1.0093097376090676
21,1576321200,84,497,413,581,50,-0.08490656185557835,-0.6932358437887647
21,1576335600,411,1361,950,1772,50,0.3664209413475124,0.09595494769966473
21,1576350000,697,1610,913,2307,50,0.3353238880541896,0.45046130659665023
21,1576364400,600,804,204,1404,50,-0.26056288991786136,-0.1478924169248038
21,1576378800,305,169,0,474,50,-0.43201691348104665,-0.7641371155681618
21,1576393200,35,59,24,94,50,-0.4118458518853778,-1.0159360246912543
21,1576407600,82,442,360,524,50,-0.12945098954601375,-0.7310056801572286
21,1576422000,351,1323,972,1674,50,0.3849110811435422,0.03101733429423561
21,1576436400,648,1378,730,2026,50,0.18151954338721452,0.26426263958720553
21,1576450800,388,432,44,820,50,-0.3950366338889871,-0.5348675825245038
21,1576465200,121,94,0,215,50,-0.43201691348104665,-0.9357579509967958
21,1576479600,61,196,135,257,50,-0.3185546920054093,-0.9079275452516119
21,1576494000,351,2094,1743,2445,50,1.0329064349044044,0.5419040683308259
21,1576508400,678,1156,478,1834,50,-0.030276603367308513,0.13703792760922193
21,1576522800,1903,1422,0,3325,50,-0.43201691348104665,1.1250173315632506
21,1576537200,974,495,0,1469,50,-0.43201691348104665,-0.1048215508905906
21,1576551600,147,65,0,212,51,-0.7496637348628865,-1.2423609000450841
21,1576566000,45,197,152,242,51,-0.4550953047918169,-1.2136989072947992
21,1576580400,439,1989,1550,2428,51,2.254159071782889,0.8748049644426219
21,1576594800,717,950,233,1667,51,-0.2981213387671022,0.1477457483437301
21,1576609200,1846,1276,0,3122,51,-0.7496637348628865,1.5378523967325444
21,1576623600,909,504,0,1413,51,-0.7496637348628865,-0.09492579027534812
21,1576638000,204,68,0,272,51,-0.7496637348628865,-1.1850369145445145
21,1576652400,59,214,155,273,51,-0.44928145419830895,-1.1840815147861716
21,1576666800,351,2160,1809,2511,51,2.756088173022409,0.9541031443850766
21,1576681200,701,1472,771,2173,51,0.7444958676686573,0.6311780260652009
21,1576695600,2019,1671,0,3690,51,-0.7496637348628865,2.08051945947127
21,1576710000,943,527,0,1470,51,-0.7496637348628865,-0.040468004049806945
21,1576724400,191,109,0,300,51,-0.7496637348628865,-1.1582857213109152
21,1576738800,54,198,144,252,51,-0.4705989063745048,-1.204144909711371
21,1576753200,349,1912,1563,2261,51,2.279352424354757,0.7152532047993697
21,1576767600,704,1071,367,1775,51,-0.038436012257080314,0.2509289222447555
21,1576782000,1757,1803,46,3560,51,-0.6605180257624312,1.956317490886703
21,1576796400,933,560,0,1493,51,-0.7496637348628865,-0.01849380960792191
21,1576810800,700,262,0,962,51,-0.7496637348628865,-0.5258110812879634
21,1576825200,439,342,0,781,51,-0.7496637348628865,-0.6987384375480152
21,1576839600,314,1876,1562,2190,51,2.2774144741569207,0.647419821957029
21,1576854000,800,1326,526,2126,51,0.26969806919884115,0.586274237423088
21,1576868400,1715,1909,194,3624,51,-0.37370139648270556,2.0174630754206437
21,1576882800,802,705,0,1507,51,-0.7496637348628865,-0.005118212991122322
21,1576897200,643,171,0,814,51,-0.7496637348628865,-0.6672102455227019
21,1576911600,674,281,0,955,51,-0.7496637348628865,-0.5324988795963632
21,1576926000,111,455,344,566,51,-0.08300886680730796,-0.9041493855917232
21,1576940400,420,1344,924,1764,51,1.041002247937563,0.24041952490298438
21,1576954800,761,1567,806,2328,51,0.8123241245929167,0.7792649886083391
21,1576969200,499,775,276,1274,51,-0.21478948026015487,-0.22772635668500116
21,1576983600,241,146,0,387,51,-0.7496637348628865,-1.0751659423350892
21,1576998000,33,64,31,97,51,-0.6895872787299709,-1.3522318722545092
21,1577012400,85,386,301,471,51,-0.16634072531425526,-0.9949123626342917
21,1577026800,331,1319,988,1650,51,1.165031060599066,0.13150395245190202
21,1577041200,698,1417,719,2115,51,0.643722457381186,0.5757648400813169
21,1577055600,456,596,140,1052,51,-0.4783507071658487,-0.4398251030371089
21,1577070000,149,98,0,247,51,-0.7496637348628865,-1.2089219085030851
21,1577084400,50,164,114,214,51,-0.5287374123095843,-1.2404501005283985
21,1577098800,283,1507,1224,1790,51,1.6223873072883581,0.2652599186198979
21,1577113200,772,1618,846,2390,51,0.8898421325063561,0.8384997736255945
21,1577127600,1576,2038,462,3614,51,0.14566925653733817,2.0079090778372155
21,1577142000,796,691,0,1487,51,-0.7496637348628865,-0.024226208157978876
21,1577156400,222,102,0,324,52,-1.0554956221287097,-0.9235781367366644
21,1577170800,36,140,104,176,52,-0.7595807688549318,-1.0908225232379734
21,1577185200,208,1031,823,1239,52,1.2862151879128219,0.1103989825112929
21,1577199600,754,1308,554,2062,52,0.5208200385796845,1.0404133750151934
21,1577214000,885,1412,527,2297,52,0.4439959901336075,1.3059703400679474
21,1577228400,442,534,92,976,52,-0.7937247903865216,-0.18679881242008717
21,1577242800,150,114,0,264,52,-1.0554956221287097,-0.9913799150480059
21,1577257200,22,50,28,72,52,-0.9758262385550003,-1.2083456056442985
21,1577271600,61,236,175,297,52,-0.5575619747930257,-0.9540889369767681
21,1577286000,238,849,611,1087,52,0.6830041408547359,-0.061365522544105475
21,1577300400,508,1231,723,1739,52,1.0016816751495736,0.6754138017724718
21,1577314800,421,483,62,904,52,-0.8790848442154959,-0.2681609463936969
21,1577329200,124,81,0,205,52,-1.0554956221287097,-1.058051663720825
21,1577343600,43,155,112,198,52,-0.7368180878338719,-1.0659618711904815
21,1577358000,196,1037,841,1233,52,1.3374312202102063,0.10361880468015876
21,1577372400,484,1520,1036,2004,52,1.89227157009854,0.9748716559808965
21,1577386800,1184,1658,474,2842,52,0.293193228369086,1.9218364930626324
21,1577401200,639,711,72,1350,52,-0.8506314929391712,0.2358322723872746
21,1577415600,239,108,0,347,52,-1.0554956221287097,-0.8975874550506502
21,1577430000,60,163,103,223,52,-0.7624261039825643,-1.0377111302274225
21,1577444400,204,1135,931,1339,52,1.5935113816971296,0.22340194636352867
21,1577458800,653,1502,849,2155,52,1.3601939012312663,1.1455061313977726
21,1577473200,1251,1666,415,2917,52,0.1253184558387697,2.006588715951809
