remote_unit_id,time_stamp,entries,exits,num_people_exited,sum_exit_entry,week_num,z_score_num_people_exited,z_score_sum_exit_entry
22,1546311600,370,376,6,746,1,-0.7170695404904812,-0.7938079000005831
22,1546326000,97,132,35,229,1,-0.5565787833575511,-1.2107788405543753
22,1546340400,207,409,202,616,1,0.36762661116656414,-0.8986555252849022
22,1546354800,688,1115,427,1803,1,1.6128135199565399,0.058683945580380856
22,1546369200,1075,1274,199,2349,1,0.3510241190493645,0.49904397177452114
22,1546383600,895,571,0,1466,1,-0.7502745247248805,-0.2131133599643541
22,1546398000,220,96,0,316,1,-0.7502745247248805,-1.140611583633331
22,1546412400,276,242,0,518,1,-0.7502745247248805,-0.977694504345389
22,1546426800,1379,1756,377,3135,1,1.3361053180032119,1.1329688446474044
22,1546441200,1145,1522,377,2667,1,1.3361053180032119,0.7555173936238556
22,1546455600,2409,2030,0,4439,1,-0.7502745247248805,2.1846711782685744
22,1546470000,1224,611,0,1835,1,-0.7502745247248805,0.08449259180421326
22,1546484400,213,121,0,334,1,-0.7502745247248805,-1.126094220132425
22,1546498800,300,251,0,551,1,-0.7502745247248805,-0.9510793379270618
22,1546513200,1399,1771,372,3170,1,1.308434497807879,1.1611970514547212
22,1546527600,994,1424,430,2418,1,1.6294160120737395,0.5546938651946598
22,1546542000,2382,1999,0,4381,1,-0.7502745247248805,2.1378930069878783
22,1546556400,1311,677,0,1988,1,-0.7502745247248805,0.2078901815619119
22,1546570800,235,109,0,344,1,-0.7502745247248805,-1.1180290181874777
22,1546585200,278,270,0,548,1,-0.7502745247248805,-0.953498898510546
22,1546599600,1294,1692,398,2986,1,1.4523227628236097,1.012797335667685
22,1546614000,955,1471,516,2426,1,2.1053541194334633,0.5611460267506179
22,1546628400,2320,2001,0,4321,1,-0.7502745247248805,2.0895017953181925
22,1546642800,1166,799,0,1965,1,-0.7502745247248805,0.18934021708853238
22,1546657200,358,191,0,549,1,-0.7502745247248805,-0.9526923783160512
22,1546671600,97,166,69,263,1,-0.36841720602928807,-1.1833571539415533
22,1546686000,392,672,280,1064,1,0.7992914062137556,-0.5373344781512486
22,1546700400,840,1268,428,2108,1,1.6183476839956064,0.3046726049012834
22,1546714800,1095,1248,153,2343,1,0.0964525732523028,0.4942048506075526
22,1546729200,892,572,0,1464,1,-0.7502745247248805,-0.21472640035334362
22,1546743600,242,157,0,399,1,-0.7502745247248805,-1.0736704074902657
22,1546758000,64,122,58,186,1,-0.4292930104590202,-1.24545920891765
22,1546772400,317,545,228,862,1,0.5115148761822946,-0.7002515574391907
22,1546786800,783,1313,530,2096,1,2.1828324159803953,0.29499436256734624
22,1546801200,1162,1017,0,2179,1,-0.7502745247248805,0.36193553871041156
22,1546815600,1612,402,0,2014,1,-0.7502745247248805,0.22885970661877575
22,1546830000,177,76,0,253,1,-0.7502745247248805,-1.191422355886501
22,1546844400,286,242,0,528,1,-0.7502745247248805,-0.9696293024004413
22,1546858800,1356,1794,438,3150,1,1.673689324386272,1.145066647564826
22,1546873200,933,1104,171,2037,1,0.19606752595550084,0.24740967109215528
22,1546887600,2288,1721,0,4009,1,-0.7502745247248805,1.8378674946358267
22,1546902000,1120,495,0,1615,1,-0.7502745247248805,-0.09294185098463449
22,1546916400,162,102,0,264,2,-0.6735552319913355,-1.1706781306969651
22,1546930800,290,226,0,516,2,-0.6735552319913355,-0.974663808490791
22,1546945200,1374,1784,410,3158,2,1.4707636984747023,1.0803752362263204
22,1546959600,838,1320,482,2158,2,1.847327022849226,0.3025406242970579
22,1546974000,2244,1723,0,3967,2,-0.6735552319913355,1.7096434372770934
22,1546988400,1155,536,0,1691,2,-0.6735552319913355,-0.060708139473907664
22,1547002800,170,87,0,257,2,-0.6735552319913355,-1.17612297298047
22,1547017200,304,243,0,547,2,-0.6735552319913355,-0.9505509355209839
22,1547031600,1387,1869,482,3256,2,1.847327022849226,1.156603028195388
22,1547046000,957,1347,390,2304,2,1.3661627750373346,0.4161044776387302
22,1547060400,2442,1752,0,4194,2,-0.6735552319913355,1.886211894185036
22,1547074800,1259,546,0,1805,2,-0.6735552319913355,0.027965006286028254
22,1547089200,194,104,0,298,2,-0.6735552319913355,-1.1442317538913702
22,1547103600,292,239,0,531,2,-0.6735552319913355,-0.9629962893118521
22,1547118000,1362,1839,477,3201,2,1.821176791989884,1.1138221245392785
22,1547132400,938,1229,291,2167,2,0.8483882040223645,0.3095411358044213
22,1547146800,2242,1877,0,4119,2,-0.6735552319913355,1.8278742982903413
22,1547161200,1167,568,0,1735,2,-0.6735552319913355,-0.026483416549020117
22,1547175600,183,116,0,299,2,-0.6735552319913355,-1.143453919279441
22,1547190000,283,245,0,528,2,-0.6735552319913355,-0.9653297931476399
22,1547204400,1195,1715,520,2910,2,2.0460687773802246,0.8874722524678632
22,1547218800,1012,1291,279,2303,2,0.7856276499599438,0.41532664302680095
22,1547233200,2499,2118,0,4617,2,-0.6735552319913355,2.215235935031114
22,1547247600,1217,623,0,1840,2,-0.6735552319913355,0.05518921770355244
22,1547262000,307,177,0,484,2,-0.6735552319913355,-0.9995545160725274
22,1547276400,108,152,44,260,2,-0.4434332004291266,-1.1737894691446822
22,1547290800,425,685,260,1110,2,0.6862567726944445,-0.5126300490048091
22,1547305200,849,1154,305,2003,2,0.9216088504285219,0.1819762594480222
22,1547319600,1284,1170,0,2454,2,-0.6735552319913355,0.5327796694281196
22,1547334000,791,574,0,1365,2,-0.6735552319913355,-0.3142822229628472
22,1547348400,286,180,0,466,2,-0.6735552319913355,-1.0135555390872542
22,1547362800,62,119,57,181,2,-0.3754426001948376,-1.235238403487094
22,1547377200,273,533,260,806,2,0.6862567726944445,-0.7490917710313049
22,1547391600,653,1309,656,1962,2,2.7573550567543252,0.15008504035892245
22,1547406000,1134,952,0,2086,2,-0.6735552319913355,0.246536532238151
22,1547420400,627,392,0,1019,2,-0.6735552319913355,-0.583412998690372
22,1547434800,137,95,0,232,2,-0.6735552319913355,-1.1955688382787015
22,1547449200,298,247,0,545,2,-0.6735552319913355,-0.9521066047448424
22,1547463600,1417,1663,246,3080,2,0.6130361262882872,1.019704136495838
22,1547478000,869,1119,250,1988,2,0.6339563109757607,0.17030874026908327
22,1547492400,2229,1800,0,4029,2,-0.6735552319913355,1.7578691832167077
22,1547506800,1111,454,0,1565,2,-0.6735552319913355,-0.15871530057699473
22,1547521200,169,93,0,262,3,-0.6001018525091868,-1.0911001370340658
22,1547535600,292,218,0,510,3,-0.6001018525091868,-0.8608163628666383
22,1547541583,664,593,0,1257,3,-0.6001018525091868,-0.16717934954781472
22,1547550000,668,1475,807,2143,3,2.7720492848747518,0.6555280049374299
22,1547564400,878,986,108,1864,3,-0.14881025048010957,0.3964587589990741
22,1547578800,2340,1809,0,4149,3,-0.6001018525091868,2.518226597598153
22,1547593200,1166,555,0,1721,3,-0.6001018525091868,0.26367416341059785
22,1547607600,182,98,0,280,3,-0.6001018525091868,-1.074385992134817
22,1547621986,255,243,0,498,3,-0.6001018525091868,-0.8719591261328041
22,1547622000,53,184,131,237,3,-0.05270185375169498,-1.1143142271719113
22,1547627140,529,433,0,962,3,-0.6001018525091868,-0.4411056131743916
22,1547633487,719,1120,401,1839,3,1.0755271513209983,0.3732446688612286
22,1547636400,488,1405,917,1893,3,3.231698138793256,0.4233871035589749
22,1547650800,921,1255,334,2176,3,0.7955592130251817,0.686170603919386
22,1547665200,2321,1780,0,4101,3,-0.6001018525091868,2.47365554453349
22,1547679600,1293,502,0,1795,3,-0.6001018525091868,0.33238787021862054
22,1547694000,171,120,0,291,3,-0.6001018525091868,-1.064171792474165
22,1547708400,278,222,0,500,3,-0.6001018525091868,-0.8701019989217765
22,1547715223,743,749,6,1492,3,-0.5750300968409048,0.05103309774793302
22,1547718374,342,499,157,841,3,0.055942420810860656,-0.5534618094415639
22,1547722800,508,1517,1009,2025,3,3.6161317257069148,0.5459574994867992
22,1547737200,936,1214,278,2150,3,0.5615561601212157,0.6620279501760267
22,1547751600,2266,1945,0,4211,3,-0.6001018525091868,2.57579754114001
22,1547766000,1211,611,0,1822,3,-0.6001018525091868,0.35745908756749367
22,1547780400,169,104,0,273,3,-0.6001018525091868,-1.0808859373734137
22,1547794800,246,223,0,469,3,-0.6001018525091868,-0.8988874706927049
22,1547797533,216,154,0,370,3,-0.6001018525091868,-0.9908152676385732
22,1547809200,1013,1360,347,2373,3,0.8498813503064595,0.8690976342056086
22,1547823600,970,1248,278,2218,3,0.5615561601212157,0.7251702753509665
22,1547838000,2192,1889,0,4081,3,-0.6001018525091868,2.455084272423213
22,1547852400,1044,596,0,1640,3,-0.6001018525091868,0.1884605113639784
22,1547866800,325,181,0,506,3,-0.6001018525091868,-0.8645306172886936
22,1547881200,92,178,86,270,3,-0.2407400212638105,-1.0836716281899552
22,1547895600,428,703,275,1131,3,0.5490202822870747,-0.284178363842556
22,1547910000,928,1214,286,2142,3,0.5949851676789252,0.654599441331916
22,1547924400,1229,1279,50,2508,3,-0.3911705552735029,0.9944537209499743
22,1547938800,657,557,0,1214,3,-0.6001018525091868,-0.20710758458490897
22,1547953200,242,184,0,426,3,-0.6001018525091868,-0.9388157057297992
22,1547967600,71,88,17,159,3,-0.5290652114490543,-1.186742188401989
22,1547982000,236,527,291,763,3,0.6158782974024936,-0.6258897706716419
22,1547996400,605,963,358,1568,3,0.89584623569831,0.12160393176698335
22,1548010800,807,895,88,1702,3,-0.23238276937438312,0.24603145490583525
22,1548025200,571,437,0,1008,3,-0.6001018525091868,-0.3983916873207559
22,1548039600,199,91,0,290,3,-0.6001018525091868,-1.0651003560796788
22,1548054000,131,148,17,279,3,-0.5290652114490543,-1.0753145557403307
22,1548068400,457,871,414,1328,3,1.1298492886022762,-0.10125133355633348
22,1548082800,576,958,382,1534,3,0.9961332583714383,0.09003276917951346
22,1548097200,1364,952,0,2316,3,-0.6001018525091868,0.8161695086913208
22,1548111600,577,251,0,828,3,-0.6001018525091868,-0.5655331363132435
22,1548126000,103,63,0,166,4,-0.7128658085405897,-1.2564494716797268
22,1548140400,249,215,0,464,4,-0.7128658085405897,-1.0178628472783513
22,1548154800,1368,1736,368,3104,4,1.4492326876924078,1.095790469566049
22,1548169200,855,1138,283,1993,4,0.9498349372038077,0.2062946987273639
22,1548183600,2327,1714,0,4041,4,-0.7128658085405897,1.8459772717945353
22,1548198000,1131,592,0,1723,4,-0.7128658085405897,-0.009874390495358881
22,1548212400,163,77,0,240,4,-0.7128658085405897,-1.1972031287075733
22,1548226800,275,242,0,517,4,-0.7128658085405897,-0.9754296556901872
22,1548241200,1299,1863,564,3162,4,2.600785147642591,1.1422267924361154
22,1548255600,881,1240,359,2121,4,1.3963552788171443,0.3087748595440621
22,1548270000,2328,1764,0,4092,4,-0.7128658085405897,1.8868092108699384
22,1548284400,1180,591,0,1771,4,-0.7128658085405897,0.028555669810902944
22,1548298800,191,96,0,287,4,-0.7128658085405897,-1.1595736946576918
22,1548313200,290,235,0,525,4,-0.7128658085405897,-0.9690246456391436
22,1548327600,1385,1679,294,3064,4,1.0144628813846854,1.0637654193108308
22,1548342000,863,1033,170,1896,4,0.28592969243661015,0.12863395185845977
22,1548356400,2252,1727,0,3979,4,-0.7128658085405897,1.7963384438989471
22,1548370800,1112,653,0,1765,4,-0.7128658085405897,0.023751912272620215
22,1548385200,223,107,0,330,4,-0.7128658085405897,-1.1251467656333323
22,1548399600,293,249,0,542,4,-0.7128658085405897,-0.9554139992806758
22,1548414000,1218,1704,486,2922,4,2.1425142707236406,0.9500764909048063
22,1548428400,1019,1363,344,2382,4,1.3082262640250384,0.5177383124593607
22,1548442800,2306,1971,0,4277,4,-0.7128658085405897,2.0349250683003226
22,1548457200,1009,625,0,1634,4,-0.7128658085405897,-0.08113012731321935
22,1548471600,247,200,0,447,4,-0.7128658085405897,-1.031473493636819
22,1548486000,95,152,57,247,4,-0.3779755523305874,-1.19159874491291
22,1548500400,401,672,271,1073,4,0.879331725370123,-0.5302814571426544
22,1548514800,823,1272,449,2095,4,1.9251293675697794,0.2879585768781703
22,1548529200,1164,1236,72,2400,4,-0.2898465375384815,0.532149585074209
22,1548543600,900,649,0,1549,4,-0.7128658085405897,-0.149183359105558
22,1548558000,253,221,0,474,4,-0.7128658085405897,-1.0098565847145469
22,1548572400,70,112,42,182,4,-0.4661045671226932,-1.2436394515776394
22,1548586800,321,535,214,856,4,0.5444414691601207,-0.7040173547772131
22,1548601200,756,1200,444,1956,4,1.895753029305744,0.17667152724128707
22,1548615600,923,1036,113,1959,4,-0.04896056377339212,0.17907340601042843
22,1548630000,831,385,0,1216,4,-0.7128658085405897,-0.4157919024802494
22,1548644400,201,72,0,273,4,-0.7128658085405897,-1.1707824622470182
22,1548658800,273,238,0,511,4,-0.7128658085405897,-0.9802334132284699
22,1548673200,1416,1671,255,3087,4,0.7853274429252102,1.0821798232075812
22,1548687600,848,1159,311,2007,4,1.1143424314824053,0.21750346631669026
22,1548702000,2243,1732,0,3975,4,-0.7128658085405897,1.7931359388734252
22,1548716400,1089,491,0,1580,4,-0.7128658085405897,-0.1243639451577639
22,1548730800,174,82,0,256,5,-0.6068629556691856,-1.1520478049983718
22,1548745200,305,221,0,526,5,-0.6068629556691856,-0.9294937688907645
22,1548759600,1427,1715,288,3142,5,1.0351276152303543,1.2268075587296094
22,1548774000,861,1197,336,2058,5,1.3087927103802774,0.333294317467956
22,1548788400,2269,1711,0,3980,5,-0.6068629556691856,1.9175493448709984
22,1548802800,1074,545,0,1619,5,-0.6068629556691856,-0.028562059758857516
22,1548817200,185,95,0,280,5,-0.6068629556691856,-1.132265224011029
22,1548831600,280,232,0,512,5,-0.6068629556691856,-0.9410336078000479
22,1548846000,1371,1667,296,3038,5,1.0807384644220082,1.1410830411177901
22,1548860400,838,1018,180,1856,5,0.4193811511430269,0.16679092749115343
22,1548874800,2337,1798,0,4135,5,-0.6068629556691856,2.0453118470809213
22,1548889200,1099,577,0,1676,5,-0.6068629556691856,0.01842157008608182
22,1548903600,146,74,0,220,5,-0.6068629556691856,-1.1817216764793863
22,1548918000,250,199,0,449,5,-0.6068629556691856,-0.9929628828918229
22,1548932400,1261,1512,251,2773,5,0.824177437718955,0.9226503760492126
22,1548946800,836,930,94,1766,5,-0.0709354776672524,0.09260624878861762
22,1548961200,2199,1669,0,3868,5,-0.6068629556691856,1.8252306335967317
22,1548975600,1019,610,0,1629,5,-0.6068629556691856,-0.020319317680797984
22,1548990000,271,83,0,354,5,-0.6068629556691856,-1.0712689326333884
22,1549004400,240,211,0,451,5,-0.6068629556691856,-0.991314334476211
22,1549011171,678,638,0,1316,5,-0.6068629556691856,-0.2783171447240614
22,1549018800,498,1392,894,1890,5,4.490149441498136,0.19481625055655583
22,1549033200,883,1160,277,2043,5,0.9724126975918301,0.32093020435086667
22,1549047600,2262,2065,0,4327,5,-0.6068629556691856,2.2035724949796642
22,1549062000,1059,742,0,1801,5,-0.6068629556691856,0.12145584606182598
22,1549076400,224,186,0,410,5,-0.6068629556691856,-1.025109576996255
22,1549090800,105,127,22,232,5,-0.48143312039213737,-1.1718303859857149
22,1549105200,399,698,299,1097,5,1.0978425328688783,-0.45883319623356517
22,1549119600,804,1087,283,1891,5,1.0066208344855705,0.19564052476436178
22,1549134000,1061,1168,107,2229,5,0.0031821522691851604,0.474245207002774
22,1549148400,738,790,52,1528,5,-0.3103924359234353,-0.10357101266919927
22,1549162800,255,182,0,437,5,-0.6068629556691856,-1.0028541733854943
22,1549177200,60,96,36,156,5,-0.4016141343067431,-1.2344752257789673
22,1549191600,292,499,207,791,5,0.5733177671648587,-0.7110611038221869
22,1549206000,657,990,333,1647,5,1.2916886419334073,-0.005482381940290825
22,1549220400,1143,935,0,2078,5,-0.6068629556691856,0.34977980162407507
22,1549234800,620,449,0,1069,5,-0.6068629556691856,-0.48191287405213185
22,1549249200,158,74,0,232,5,-0.6068629556691856,-1.1718303859857149
22,1549263600,294,231,0,525,5,-0.6068629556691856,-0.9303180430985705
22,1549278000,1388,1782,394,3170,5,1.6394713670197683,1.2498872365481761
22,1549292400,856,1084,228,1940,5,0.6930462462929502,0.2360299609468535
22,1549306800,2197,1848,0,4045,5,-0.6068629556691856,1.9711271683783853
22,1549321200,1127,538,0,1665,5,-0.6068629556691856,0.009354553800216336
22,1549335600,144,96,0,240,6,-0.6418640909322112,-1.1832684391622772
22,1549350000,303,255,0,558,6,-0.6418640909322112,-0.9303332262137399
22,1549355481,541,531,0,1072,6,-0.6418640909322112,-0.5215008379887458
22,1549364400,774,1443,669,2217,6,2.8017211951265204,0.3892250073762702
22,1549378800,892,1547,655,2439,6,2.729658124865202,0.5658024201894
22,1549393200,2360,1972,0,4332,6,-0.6418640909322112,2.071482791609466
22,1549407600,1247,670,0,1917,6,-0.6418640909322112,0.1506068819531219
22,1549422000,195,112,0,307,6,-0.6418640909322112,-1.129977057817774
22,1549436400,300,224,0,524,6,-0.6418640909322112,-0.9573766137616967
22,1549450800,1628,1698,70,3326,6,-0.28154873962561744,1.2713166776905085
22,1549465200,880,1324,444,2204,6,1.6435647087838976,0.3788848886079338
22,1549479600,2306,1826,0,4132,6,-0.6418640909322112,1.912404041327367
22,1549494000,1157,603,0,1760,6,-0.6418640909322112,0.0257300629816743
22,1549508400,235,86,0,321,6,-0.6418640909322112,-1.1188415452980272
22,1549522800,303,239,0,542,6,-0.6418640909322112,-0.9430595262363078
22,1549537200,1298,1732,434,3030,6,1.59209108716867,1.035880127273002
22,1549551600,884,1196,312,2080,6,0.9641129034628922,0.2802560634330325
22,1549566000,2380,1964,0,4344,6,-0.6418640909322112,2.081027516626392
22,1549580400,1227,751,0,1978,6,-0.6418640909322112,0.19912590078916206
22,1549594800,182,108,0,290,6,-0.6418640909322112,-1.1434987515917523
22,1549609200,270,245,0,515,6,-0.6418640909322112,-0.9645351575243911
22,1549623600,1175,1560,385,2735,6,1.3398703412540542,0.8012389706069063
22,1549638000,914,1354,440,2268,6,1.6229752601378065,0.42979008869820545
22,1549652400,2242,2101,0,4343,6,-0.6418640909322112,2.0802321228749814
22,1549666800,1162,736,0,1898,6,-0.6418640909322112,0.1354944006763225
22,1549681200,262,164,0,426,6,-0.6418640909322112,-1.0353252013999252
22,1549695600,88,112,24,200,6,-0.5183273990556647,-1.215084189218697
22,1549710000,411,605,194,1016,6,0.35672416840320575,-0.5660428880677335
22,1549724400,874,1223,349,2097,6,1.1545653034392347,0.2937777572070109
22,1549738800,1048,1120,72,2168,6,-0.27125401530257187,0.350250713557156
22,1549753200,878,663,0,1541,6,-0.6418640909322112,-0.14846116857722397
22,1549767600,224,210,0,434,6,-0.6418640909322112,-1.0289620513886413
22,1549782000,67,100,33,167,6,-0.47200113960195983,-1.2413321830152433
22,1549796400,299,499,200,798,6,0.38760834137234235,-0.7394387258752213
22,1549810800,700,1052,352,1752,6,1.170007389923803,0.019366912970390344
22,1549825200,995,1012,17,2007,6,-0.5543589341863241,0.2221923195800664
22,1549839600,751,444,0,1195,6,-0.6418640909322112,-0.423667406565255
22,1549854000,118,67,0,185,6,-0.6418640909322112,-1.2270150954898542
22,1549868400,274,203,0,477,6,-0.6418640909322112,-0.99476012007799
22,1549882800,1314,1697,383,3011,6,1.3295756169310087,1.0207676459962027
22,1549897200,821,1150,329,1971,6,1.0516180602087792,0.1935581445292886
22,1549911600,2276,1604,0,3880,6,-0.6418640909322112,1.7119648159719225
22,1549926000,1036,556,0,1592,6,-0.6418640909322112,-0.10789608725528875
22,1549940400,228,72,0,300,7,-0.611888526935511,-0.9589209153910997
22,1549954800,267,216,0,483,7,-0.611888526935511,-0.8056400668572627
22,1549963234,855,991,136,1846,7,-0.04045203537435517,0.3360090946269977
22,1549969200,476,1472,996,1948,7,3.573043425968248,0.4214443216786445
22,1549983600,789,1038,249,1827,7,0.43434446129042875,0.32009468958796544
22,1549998000,2270,1674,0,3944,7,-0.611888526935511,2.093294451042242
22,1550012400,1046,471,0,1517,7,-0.611888526935511,0.06043860737217619
22,1550026800,242,67,0,309,7,-0.611888526935511,-0.9513825130041896
22,1550041200,273,225,0,498,7,-0.611888526935511,-0.7930760628790794
22,1550046799,601,448,0,1049,7,-0.611888526935511,-0.33155831674714437
22,1550055600,822,1472,650,2294,7,2.1192417636141307,0.7112540134420737
22,1550070000,938,1299,361,2237,7,0.9049392190466747,0.6635107983249771
22,1550084400,2346,2030,0,4376,7,-0.611888526935511,2.4551377656139226
22,1550098800,1212,665,0,1877,7,-0.611888526935511,0.3619747028485766
22,1550113200,203,92,0,295,7,-0.611888526935511,-0.9631089167171608
22,1550127600,258,234,0,492,7,-0.611888526935511,-0.7981016644703528
22,1550142000,1329,1701,372,3030,7,0.9511583470405918,1.3277278086382702
22,1550142124,5,6,1,11,7,-0.6076867880269731,-1.200987392037432
22,1550144758,136,230,94,366,7,-0.2169250695329474,-0.9036392978870929
22,1550146488,239,204,0,443,7,-0.611888526935511,-0.8391440774657517
22,1550156400,813,1120,307,1933,7,0.6780453179856275,0.4088803177004611
22,1550170800,2402,1912,0,4314,7,-0.611888526935511,2.403206549170765
22,1550185200,1200,642,0,1842,7,-0.611888526935511,0.3326586935661488
22,1550199600,283,117,0,400,7,-0.611888526935511,-0.8751608888698773
22,1550214000,264,234,0,498,7,-0.611888526935511,-0.7930760628790794
22,1550228400,1219,1572,353,2791,7,0.8713253077783715,1.1275413452525487
22,1550242800,1036,1288,252,2324,7,0.44694967801604246,0.7363820213984404
22,1550257200,2205,2088,0,4293,7,-0.611888526935511,2.385616943601308
22,1550271600,1074,834,0,1908,7,-0.611888526935511,0.38794031107015553
22,1550286000,271,229,0,500,7,-0.611888526935511,-0.7914008623486549
22,1550300400,95,144,49,239,7,-0.4060033204171534,-1.0100145315690452
22,1550314800,361,719,358,1080,7,0.892334002321061,-0.3055927085255654
22,1550329200,860,1416,556,2276,7,1.7242783062115674,0.6961772086682537
22,1550343600,1286,1284,0,2570,7,-0.611888526935511,0.9424316866406474
22,1550358000,876,700,0,1576,7,-0.611888526935511,0.10985702301969737
22,1550372400,348,213,0,561,7,-0.611888526935511,-0.7403072461707093
22,1550386800,55,98,43,153,7,-0.43121375386838084,-1.0820481543772964
22,1550401200,301,524,223,825,7,0.32509924966844306,-0.5191807761546824
22,1550415600,670,1295,625,1965,7,2.014198290900683,0.43568352618725226
22,1550430000,953,1597,644,2550,7,2.0940313301629034,0.9256796813364029
22,1550444400,764,497,0,1261,7,-0.611888526935511,-0.153987060522153
22,1550458800,133,77,0,210,7,-0.611888526935511,-1.0343049392601997
22,1550473200,101,151,50,252,7,-0.4018015815086155,-0.9991257281212864
22,1550487600,597,1116,519,1713,7,1.5688139665956646,0.22460825935377196
22,1550502000,748,1337,589,2085,7,1.8629356901933183,0.536195558012719
22,1550516400,1428,1254,0,2682,7,-0.611888526935511,1.0362429163444165
22,1550523213,422,299,0,721,7,-0.611888526935511,-0.6062912037367536
22,1550523293,5,4,0,9,7,-0.611888526935511,-1.2026625925678567
22,1550523373,6,4,0,10,7,-0.611888526935511,-1.2018249923026445
22,1550523453,6,3,0,9,7,-0.611888526935511,-1.2026625925678567
22,1550530800,755,240,0,995,7,-0.611888526935511,-0.3767887310686044
22,1550545200,131,60,0,191,8,-0.5511529968464065,-1.1985348155978932
22,1550559600,253,228,0,481,8,-0.5511529968464065,-1.0083562524225214
22,1550574000,1248,1691,443,2939,8,0.9933537671153734,0.6035710175259755
22,1550588400,958,1333,375,2291,8,0.7562737220828655,0.17862029705135143
22,1550602800,2215,1888,0,4103,8,-0.5511529968464065,1.3669084228229855
22,1550617200,1201,598,0,1799,8,-0.5511529968464065,-0.14402747219790019
22,1550631600,157,93,0,250,8,-0.5511529968464065,-1.1598433148139382
22,1550646000,261,224,0,485,8,-0.5511529968464065,-1.0057330998269989
22,1550652409,179,487,308,666,8,0.5226801483008356,-0.8870354448796117
22,1550660400,1272,1528,256,2800,8,0.34138364327597653,0.5124164648315731
22,1550674800,891,1149,258,2040,8,0.3483565857769327,0.014017471682322669
22,1550689200,2224,1755,0,3979,8,-0.5511529968464065,1.285590692361792
22,1550703600,1118,597,0,1715,8,-0.5511529968464065,-0.19911367670386995
22,1550718000,142,99,0,241,8,-0.5511529968464065,-1.1657454081538636
22,1550732400,285,230,0,515,8,-0.5511529968464065,-0.9860594553605813
22,1550761200,1918,3192,1274,5110,8,3.8906113762626404,2.027287088745742
22,1550775600,2575,1956,0,4531,8,-0.5511529968464065,1.6475857505438791
22,1550790000,1370,665,0,2035,8,-0.5511529968464065,0.010738530937919705
22,1550804400,233,129,0,362,8,-0.5511529968464065,-1.0863950421393118
22,1550818800,257,218,0,475,8,-0.5511529968464065,-1.012290981315805
22,1550833200,1125,1571,446,2696,8,1.0038131808668076,0.4442144973479915
22,1550847600,951,1385,434,2336,8,0.9619755258610709,0.2081307637509781
22,1550862000,2379,2079,0,4458,8,-0.5511529968464065,1.5997132156755958
22,1550876400,1234,715,0,1949,8,-0.5511529968464065,-0.04565924986581127
22,1551495600,9252,9788,536,19040,9,2.6607593482359264,5.184706776302717
22,1551510000,85,117,32,202,9,-0.4170986079516038,-0.39275330234997047
22,1551524400,418,657,239,1075,9,0.847021624053989,-0.1342798630961327
22,1551538800,861,1263,402,2124,9,1.842439970995591,0.1763027689511477
22,1551553200,1199,1350,151,2549,9,0.30961785392600755,0.30213462654894957
22,1551567600,797,753,0,1550,9,-0.6125181607254153,0.006355742454351727
22,1551582000,383,167,0,550,9,-0.6125181607254153,-0.2897192165992997
22,1551596400,69,104,35,173,9,-0.398778024879059,-0.40133947616252635
22,1551610800,301,576,275,877,9,1.0668686209245268,-0.19290270498875572
22,1551625200,757,1228,471,1985,9,2.263813381664122,0.13514834964269012
22,1551639600,1174,1106,0,2280,9,-0.6125181607254153,0.22249046256351732
22,1551654000,539,297,0,836,9,-0.6125181607254153,-0.20504177830995543
22,1551668400,105,87,0,192,9,-0.6125181607254153,-0.39571405194050696
22,1551682800,210,224,14,434,9,-0.5270221063868727,-0.3240639118495233
22,1551697200,1006,1453,447,2459,9,2.1172487170837635,0.2754878802341209
22,1551711600,835,999,164,1834,9,0.38900704724036844,0.09044103082558874
22,1551723994,1011,1236,225,2247,9,0.7615255697154465,0.2127199889147468
22,1551724074,19,12,0,31,9,-0.6125181607254153,-0.44338212034814484
22,1551724167,16,10,0,26,9,-0.6125181607254153,-0.44486249514341314
22,1551724777,72,70,0,142,9,-0.6125181607254153,-0.41051779989318954
22,1551725420,8,18,10,26,9,-0.5514495504835992,-0.44486249514341314
22,1551725421,13,21,8,34,9,-0.5636632725319624,-0.4424938954709839
22,1551725431,1,0,0,1,9,-0.6125181607254153,-0.45226436911975443
22,1551725432,63,59,0,122,9,-0.6125181607254153,-0.4164392990742626
22,1551725433,78,39,0,117,9,-0.6125181607254153,-0.4179196738695308
22,1551725438,63,11,0,74,9,-0.6125181607254153,-0.43065089710883786
22,1551726000,2032,610,0,2642,9,-0.6125181607254153,0.3296695977409391
22,1551728479,309,35,0,344,9,-0.6125181607254153,-0.35071065816435193
22,1551728621,231,154,0,385,9,-0.6125181607254153,-0.33857158484315225
22,1551740400,1124,381,0,1505,9,-0.6125181607254153,-0.006967630703062589
22,1551754800,172,84,0,256,10,-0.689467122402662,-1.1565123056154445
22,1551769200,269,199,0,468,10,-0.689467122402662,-1.0046403467030793
22,1551783600,1335,1791,456,3126,10,1.644037099255587,0.8994901570189314
22,1551798000,1107,1329,222,2436,10,0.44658098550990677,0.40518991338906407
22,1551826800,3652,2210,0,5862,10,-0.689467122402662,2.8594980795860576
22,1551841200,221,70,0,291,10,-0.689467122402662,-1.1314391048516106
22,1551855600,248,220,0,468,10,-0.689467122402662,-1.0046403467030793
22,1551870000,1358,1645,287,3003,10,0.7792076837725957,0.8113757657631725
22,1551884400,896,1243,347,2139,10,1.086247712938155,0.1924258954788168
22,1551898800,2306,1896,0,4202,10,-0.689467122402662,1.6703119862156521
22,1551913200,1189,573,0,1762,10,-0.689467122402662,-0.07764829560590783
22,1551927600,216,87,0,303,10,-0.689467122402662,-1.122842578875439
22,1551942000,280,212,0,492,10,-0.689467122402662,-0.9874472947507361
22,1551956400,1004,1673,669,2677,10,2.7340292027933217,0.5778368100771771
22,1551970800,981,1240,259,2221,10,0.6359223368286682,0.2511688229826561
22,1551985200,2303,1898,0,4201,10,-0.689467122402662,1.6695956090509712
22,1551999600,1293,762,0,2055,10,-0.689467122402662,0.13225021364561557
22,1552014000,250,117,0,367,10,-0.689467122402662,-1.0769944403358571
22,1552028400,271,218,0,489,10,-0.689467122402662,-0.9895964262447791
22,1552042800,1196,1649,453,2845,10,1.628685097797309,0.6981881737435797
22,1552057200,1046,1546,500,2592,10,1.8691997873103305,0.5169447510792949
22,1552071600,2421,2065,0,4486,10,-0.689467122402662,1.8737631009850468
22,1552086000,1257,815,0,2072,10,-0.689467122402662,0.144428625445192
22,1552100400,438,186,0,624,10,-0.689467122402662,-0.8928855090128485
22,1552114800,93,148,55,241,10,-0.40801376233423275,-1.167257963085659
22,1552129200,418,815,397,1233,10,1.342114403909454,-0.4566118157221395
22,1552143600,1005,1482,477,2487,10,1.7515011094635329,0.4417251487877934
22,1552156770,1123,557,0,1680,10,-0.689467122402662,-0.13639122310974713
22,1552158000,1388,1522,134,2910,10,-0.003744390599579929,0.7447526894478425
22,1552172400,1024,833,0,1857,10,-0.689467122402662,-0.009592464961215949
22,1552190400,321,201,0,522,10,-0.689467122402662,-0.9659559798103071
22,1552204800,94,147,53,241,10,-0.4182484299730847,-1.167257963085659
22,1552219200,326,610,284,936,10,0.7638556823143178,-0.6693758336323867
22,1552233600,763,1127,364,1890,10,1.1732423878683966,0.014047981473255968
22,1552248000,985,954,0,1939,10,-0.689467122402662,0.04915046254262336
22,1552262400,513,294,0,807,10,-0.689467122402662,-0.7617884878762315
22,1552276800,83,48,0,131,10,-0.689467122402662,-1.2460594512005654
22,1552291200,567,393,0,960,10,-0.689467122402662,-0.6521827816800435
22,1552305600,1224,1728,504,2952,10,1.8896691225880344,0.7748405303644431
22,1552320000,1112,1175,63,2287,10,-0.36707509177882486,0.29844971585159996
22,1552334400,2467,1709,0,4176,10,-0.689467122402662,1.651686179933947
22,1552348800,1076,421,0,1497,11,-0.6417987542398069,-0.24958779153291483
22,1552363200,121,55,0,176,11,-0.6417987542398069,-1.2587732381457244
22,1552377600,595,404,0,999,11,-0.6417987542398069,-0.6300377176594699
22,1552392000,1205,1917,712,3122,11,2.2738438462278077,0.9918401802655831
22,1552406400,1150,1263,113,2413,11,-0.1790633415251433,0.45019560672396153
22,1552420800,2474,1697,0,4171,11,-0.6417987542398069,1.793229683291198
22,1552435200,937,453,0,1390,11,-0.6417987542398069,-0.33133104875287744
22,1552449600,100,52,0,152,11,-0.6417987542398069,-1.2771081743445947
22,1552464000,591,424,0,1015,11,-0.6417987542398069,-0.6178144268602231
22,1552478400,1248,1944,696,3192,11,2.208323787790333,1.0453170775122875
22,1552492800,1121,1280,159,2401,11,0.009306826482595839,0.4410281386245265
22,1552507200,2450,1685,0,4135,11,-0.6417987542398069,1.7657272789928928
22,1552521600,916,458,0,1374,11,-0.6417987542398069,-0.3435543395521242
22,1552536000,109,73,0,182,11,-0.6417987542398069,-1.254189504096007
22,1552549538,513,332,0,845,11,-0.6417987542398069,-0.7476868916022198
22,1552550400,114,437,323,551,11,0.6808874254667093,-0.9722898600383788
22,1552564800,1172,1898,726,3070,11,2.331173897360598,0.9521144851680311
22,1552579200,1202,1292,90,2494,11,-0.2732484255290129,0.5120760163951482
22,1552593600,2472,1862,0,4334,11,-0.6417987542398069,1.9177544583085242
22,1552608000,1002,473,0,1475,11,-0.6417987542398069,-0.2663948163818791
22,1552622400,134,64,0,198,11,-0.6417987542398069,-1.2419662132967602
22,1552636800,585,389,0,974,11,-0.6417987542398069,-0.6491366095332929
22,1552651200,1043,1671,628,2714,11,1.9298635394310666,0.680146264884791
22,1552665600,1267,1431,164,2698,11,0.029781844744306618,0.6679229740855442
22,1552680000,2607,2030,0,4637,11,-0.6417987542398069,2.1492330278192595
22,1552694400,1014,515,0,1529,11,-0.6417987542398069,-0.22514120993442133
22,1552708800,225,108,0,333,11,-0.6417987542398069,-1.1388321971781157
22,1552723200,163,222,59,385,11,-0.4001935387516197,-1.099106502080564
22,1552737600,685,1099,414,1784,11,1.0535327578298455,-0.030332512821426266
22,1552752000,1366,1627,261,2993,11,0.4269971990214957,0.8932898981966562
22,1552766400,1410,1693,283,3103,11,0.5170872793730231,0.9773250224414776
22,1552780800,877,559,0,1436,11,-0.6417987542398069,-0.29618908770504304
22,1552795200,171,179,8,350,11,-0.6090387250210696,-1.125844950703916
22,1552809600,161,159,0,320,11,-0.6417987542398069,-1.1487636209525038
22,1552824000,414,1146,732,1560,11,2.355743919274651,-0.20145858401088074
22,1552838400,903,1378,475,2281,11,1.303327980622717,0.34935345763017583
22,1552852800,1170,1065,0,2235,11,-0.6417987542398069,0.3142114965823415
22,1552867200,665,338,0,1003,11,-0.6417987542398069,-0.6269818949596582
22,1552881600,88,48,0,136,11,-0.6417987542398069,-1.2893314651438414
22,1552896000,588,419,0,1007,11,-0.6417987542398069,-0.6239260722598465
22,1552896878,11,90,79,101,11,-0.31829346570477657,-1.3160699137671936
22,1552910400,1189,1833,644,3022,11,1.995383597868541,0.9154446127702909
22,1552924800,1020,1350,330,2370,11,0.7095524510331044,0.4173455127009859
22,1552939200,2403,1683,0,4086,11,-0.6417987542398069,1.7282934509201997
22,1552953600,996,373,0,1369,12,-0.6727468041485579,-0.38392883824206436
22,1552968000,124,76,0,200,12,-0.6727468041485579,-1.3152045580614857
22,1552982400,600,452,0,1052,12,-0.6727468041485579,-0.6364646835652095
22,1552988580,116,1220,1104,1336,12,3.0048567643043866,-0.4102180587331173
22,1552996800,1214,1833,619,3047,12,1.389242877801055,0.9528381915757194
22,1553011200,1146,1426,280,2572,12,0.25997873857501497,0.5744327451135934
22,1553025600,2432,1870,0,4302,12,-0.6727468041485579,1.9526252132809152
22,1553040000,1063,440,0,1503,12,-0.6727468041485579,-0.27717867018748565
22,1553054400,162,80,0,242,12,-0.6727468041485579,-1.281745550163782
22,1553068800,625,444,0,1069,12,-0.6727468041485579,-0.6229217517970912
22,1553083200,1092,1837,745,2929,12,1.8089693720266629,0.8588343122440755
22,1553097600,1097,1423,326,2520,12,0.4132122205938876,0.5330073067640555
22,1553112000,2439,1963,0,4402,12,-0.6727468041485579,2.0322895177992573
22,1553126400,1067,470,0,1537,12,-0.6727468041485579,-0.2500928066512493
22,1553140800,137,76,0,213,12,-0.6727468041485579,-1.3048481984741014
22,1553155200,614,433,0,1047,12,-0.6727468041485579,-0.6404478987911265
22,1553169600,984,1800,816,2784,12,2.04548192036014,0.7433210706924791
22,1553184000,1111,1360,249,2471,12,0.1567126963449051,0.49397179755006776
22,1553198400,2380,1873,0,4253,12,-0.6727468041485579,1.9135897040669274
22,1553212800,910,492,0,1402,12,-0.6727468041485579,-0.3576396177510114
22,1553227200,147,80,0,227,12,-0.6727468041485579,-1.2936951958415333
22,1553241600,544,419,0,963,12,-0.6727468041485579,-0.7073659145865341
22,1553242569,18,90,72,108,12,-0.43290309316249637,-1.3884957182183606
22,1553255943,1068,1726,658,2794,12,1.5191582212518384,0.7512875011443133
22,1553256000,645,1288,643,1933,12,1.4691907814630756,0.0653778392413862
22,1553270400,1285,1522,237,2807,12,0.11673874451389482,0.7616438607316979
22,1553284800,2387,2018,0,4405,12,-0.6727468041485579,2.0346794469348075
22,1553299200,1087,576,0,1663,12,-0.6727468041485579,-0.149715782958138
22,1553313600,231,104,0,335,12,-0.6727468041485579,-1.2076577469617238
22,1553328000,195,234,39,429,12,-0.5428314606977745,-1.132773300714482
22,1553342400,637,1022,385,1659,12,0.6097508170963548,-0.15290235513887168
22,1553356800,1096,1561,465,2657,12,0.87624382930309,0.6421474039541845
22,1553371200,1346,1257,0,2603,12,-0.6727468041485579,0.5991286795142796
22,1553385600,833,675,0,1508,12,-0.6727468041485579,-0.27319545496156855
22,1553400000,175,143,0,318,12,-0.6727468041485579,-1.221200678729842
22,1553414400,113,200,87,313,12,-0.38293565337373353,-1.2251838939557589
22,1553428800,486,1025,539,1511,12,1.12274986559432,-0.2708055258260183
22,1553443200,1094,1650,556,2744,12,1.1793796306882511,0.7114553488851422
22,1553457600,1277,1070,0,2347,12,-0.6727468041485579,0.3951880599473233
22,1553472000,735,373,0,1108,12,-0.6727468041485579,-0.5918526730349377
22,1553486400,91,56,0,147,12,-0.6727468041485579,-1.3574266394562071
22,1553500800,594,476,0,1070,12,-0.6727468041485579,-0.6221251087519079
22,1553515200,985,1880,895,2865,12,2.3086437699142914,0.8078491573523364
22,1553529600,1011,1384,373,2395,12,0.5697768652653445,0.4334269261161276
22,1553544000,2413,1720,0,4133,12,-0.6727468041485579,1.8179925386449167
22,1553558400,957,401,0,1358,13,-0.6720041723915348,-0.3756481470271758
22,1553572800,132,76,0,208,13,-0.6720041723915348,-1.2745319188788309
22,1553587200,583,465,0,1048,13,-0.6720041723915348,-0.6179559463958828
22,1553601600,972,2088,1116,3060,13,3.169897432115849,0.9546998353132737
22,1553616000,1130,1347,217,2477,13,0.07503225070712323,0.4990048448876086
22,1553630400,2388,1888,0,4276,13,-0.6720041723915348,1.905171719288589
22,1553644800,968,472,0,1440,13,-0.6720041723915348,-0.3115538259038404
22,1553659200,165,88,0,253,13,-0.6720041723915348,-1.2393582060672443
22,1553673600,603,474,0,1077,13,-0.6720041723915348,-0.5952884425839715
22,1553688000,1058,1949,891,3007,13,2.3953204957232312,0.9132730180018497
22,1553702400,1176,1561,385,2737,13,0.6533830298802777,0.7022307411323306
22,1553716800,2469,1988,0,4457,13,-0.6720041723915348,2.0466482085974147
22,1553731200,1020,515,0,1535,13,-0.6720041723915348,-0.2372982099682689
22,1553745600,133,64,0,197,13,-0.6720041723915348,-1.2831299375661076
22,1553760000,554,540,0,1094,13,-0.6720041723915348,-0.5820005955218166
22,1553774400,1178,2097,919,3275,13,2.4917122922520902,1.1227520187464093
22,1553788800,1160,1558,398,2718,13,0.6981363639829624,0.6873796179452163
22,1553803200,2443,2251,0,4694,13,-0.6720041723915348,2.231896429405104
22,1553817600,1126,473,0,1599,13,-0.6720041723915348,-0.18727337396956809
22,1553832000,156,80,0,236,13,-0.6720041723915348,-1.2526460531293993
22,1553846400,566,437,0,1003,13,-0.6720041723915348,-0.6531296592074693
22,1553852991,563,981,418,1544,13,0.7669876472178617,-0.2302634674059516
22,1553857359,206,439,233,645,13,0.1301132772950427,-0.932956085575202
22,1553860800,653,1213,560,1866,13,1.255831758185647,0.021423988712511846
22,1553875200,1188,1551,363,2739,13,0.5776466183218885,0.7037940172572901
22,1553889600,2291,2043,0,4334,13,-0.6720041723915348,1.9505067269124117
22,1553904000,1015,595,0,1610,13,-0.6720041723915348,-0.1786753552822914
22,1553918400,188,133,0,321,13,-0.6720041723915348,-1.186206817818625
22,1553932800,156,261,105,417,13,-0.3105349354083132,-1.1111695638205736
22,1553947200,583,975,392,1558,13,0.6774809790124926,-0.2193205345312358
22,1553961600,1061,1479,418,2540,13,0.7669876472178617,0.5482480428238298
22,1553976000,1352,1427,75,2779,13,-0.4138118602606622,0.7350595397564781
22,1553990400,870,670,0,1540,13,-0.6720041723915348,-0.2333900196558704
22,1554004800,150,172,22,322,13,-0.5962677608331455,-1.185425179756145
22,1554019200,112,190,78,302,13,-0.4034841677754273,-1.2010579410057391
22,1554033600,371,742,371,1113,13,0.6051871316158483,-0.5671494723347024
22,1554048000,860,1226,366,2086,13,0.5879743108071234,0.19338436245804588
22,1554062400,956,976,20,1932,13,-0.6031528891566353,0.07301210083617206
22,1554076800,512,309,0,821,13,-0.6720041723915348,-0.7953877865787747
22,1554091200,91,44,0,135,13,-0.6720041723915348,-1.331591497439849
22,1554105600,616,499,0,1115,13,-0.6720041723915348,-0.5655861962097429
22,1554120000,1034,1858,824,2892,13,2.1646686968863187,0.8233846408166842
22,1554134400,1017,1435,418,2452,13,0.7669876472178617,0.4794638933256161
22,1554148800,2389,1697,0,4086,13,-0.6720041723915348,1.756660487417446
22,1554163200,827,468,0,1295,14,-0.6359040849548887,-0.49162804497249346
22,1554177600,104,64,0,168,14,-0.6359040849548887,-1.3745328475193692
22,1554192000,620,493,0,1113,14,-0.6359040849548887,-0.6342089447626722
22,1554206400,1049,2033,984,3082,14,2.5438471579992123,0.9083283721981072
22,1554220800,1175,1290,115,2465,14,-0.2642868157072042,0.42496345367865535
22,1554235200,2422,1621,0,4043,14,-0.6359040849548887,1.661186859551743
22,1554249600,839,423,0,1262,14,-0.6359040849548887,-0.5174806257036797
22,1554264000,89,49,0,138,14,-0.6359040849548887,-1.3980351936386295
22,1554278400,579,538,0,1117,14,-0.6359040849548887,-0.6310752986134375
22,1554292800,1076,1778,702,2854,14,1.6325769847135856,0.7297105416917296
22,1554307200,1154,1477,323,2631,14,0.40785572345382526,0.5550097688718952
22,1554321600,2475,1990,0,4465,14,-0.6359040849548887,1.9917865282960034
22,1554336000,956,556,0,1512,14,-0.6359040849548887,-0.3216277413765112
22,1554350400,106,76,0,182,14,-0.6359040849548887,-1.3635650859970478
22,1554364800,577,498,0,1075,14,-0.6359040849548887,-0.6639785831804018
22,1554379200,1059,1919,860,2978,14,2.1431467981147523,0.8268535723180052
22,1554393600,1156,1489,333,2645,14,0.4401702686057978,0.5659775303942167
22,1554408000,2379,1822,0,4201,14,-0.6359040849548887,1.7849658824465136
22,1554422400,933,541,0,1474,14,-0.6359040849548887,-0.3513973797942408
22,1554436800,107,78,0,185,14,-0.6359040849548887,-1.3612148513851219
22,1554451200,582,462,0,1044,14,-0.6359040849548887,-0.6882643408369706
22,1554465600,947,1972,1025,2919,14,2.6763367931223,0.7806322916167934
22,1554480000,1201,1629,428,2830,14,0.7471584475495372,0.7109086647963214
22,1554494400,2367,1999,0,4366,14,-0.6359040849548887,1.9142287861024447
22,1554508800,827,569,0,1396,14,-0.6359040849548887,-0.41250347970431733
22,1554523200,158,128,0,286,14,-0.6359040849548887,-1.2820902861169456
22,1554537600,177,267,90,444,14,-0.3450731785871356,-1.1583112632221753
22,1554552000,585,1145,560,1730,14,1.1737104435555752,-0.1508440262432202
22,1554566400,1097,1829,732,2926,14,1.7295206201695035,0.7861161723779542
22,1554580800,1468,1494,26,2962,14,-0.5518862675597601,0.8143189877210664
22,1554595200,881,677,0,1558,14,-0.6359040849548887,-0.28559081066031217
22,1554609600,290,123,0,413,14,-0.6359040849548887,-1.182597020878744
22,1554624000,150,164,14,314,14,-0.5906637217421271,-1.260154763072303
22,1554638400,432,967,535,1399,14,1.0929240806756437,-0.4101532450923913
22,1554652800,943,1541,598,2484,14,1.2965057151330708,0.43984827288752015
22,1554667200,1238,1268,30,2506,14,-0.538960449498971,0.457083326708311
22,1554681600,859,380,0,1239,14,-0.6359040849548887,-0.5354990910617792
22,1554696000,188,117,0,305,14,-0.6359040849548887,-1.2672054669080808
22,1554710400,607,483,0,1090,14,-0.6359040849548887,-0.6522274101207717
22,1554724800,1147,1787,640,2934,14,1.4322268047713558,0.7923834646764235
22,1554739200,1122,1392,270,2514,14,0.2365886341483706,0.4633506190067804
22,1554753600,2494,1709,0,4203,14,-0.6359040849548887,1.7865327055211309
22,1554768000,902,421,0,1323,15,-0.6600754134959077,-0.42601195970734335
22,1554782400,118,74,0,192,15,-0.6600754134959077,-1.3664534556650638
22,1554796800,638,499,0,1137,15,-0.6600754134959077,-0.5806734258860666
22,1554811200,1136,1873,737,3009,15,2.0963336885680284,0.9759193950094706
22,1554825600,1123,1347,224,2470,15,0.1776934316361434,0.5277337483947833
22,1554840000,2555,1713,0,4268,15,-0.6600754134959077,2.0227945881224416
22,1554854400,749,555,0,1304,15,-0.6600754134959077,-0.44181071162882585
22,1554868800,113,68,0,181,15,-0.6600754134959077,-1.375600101514343
22,1554883200,584,601,17,1185,15,-0.5964947422135645,-0.5407607894528477
22,1554887488,446,880,434,1326,15,0.9631017239474413,-0.42351741993026715
22,1554895776,454,1106,652,1560,15,1.7784303321563124,-0.228943317318325
22,1554897600,670,1575,905,2245,15,2.724660322417067,0.3406432651140697
22,1554912000,1200,1346,146,2546,15,-0.1140296483651958,0.5909287560807133
22,1554926400,2489,1648,0,4137,15,-0.6600754134959077,1.913866351190115
22,1554940800,1016,521,0,1537,15,-0.6600754134959077,-0.24806812227590908
22,1554955200,104,93,0,197,15,-0.6600754134959077,-1.3622958893699368
22,1554969600,593,523,0,1116,15,-0.6600754134959077,-0.5981352043255999
22,1554984000,1034,1783,749,2817,15,2.1412141624143883,0.8162688492765949
22,1554998400,1125,1377,252,2502,15,0.2824145372776498,0.5543421726835959
22,1555012800,2409,1760,0,4169,15,-0.6600754134959077,1.9404747754789275
22,1555027200,997,553,0,1550,15,-0.6600754134959077,-0.23725844990857897
22,1555041600,98,88,0,186,15,-0.6600754134959077,-1.371442535219216
22,1555056000,542,566,24,1108,15,-0.5703144658031879,-0.604787310397803
22,1555059774,362,694,332,1056,15,0.5816176962533823,-0.6480259998671235
22,1555070400,626,1453,827,2079,15,2.4329372424157274,0.20261206411585436
22,1555084800,1194,1695,501,2889,15,1.2136843695896173,0.8761378039264233
22,1555099200,2295,1895,0,4190,15,-0.6600754134959077,1.9579365539184608
22,1555113600,894,696,0,1590,15,-0.6600754134959077,-0.20399791954756322
22,1555128000,177,137,0,314,15,-0.6600754134959077,-1.2650088380639657
22,1555142400,198,289,91,487,15,-0.3197318201610119,-1.1211570442525725
22,1555156800,895,933,38,1828,15,-0.5179539129824348,-0.006097763899519491
22,1555171200,1315,1510,195,2825,15,0.06923228650744036,0.8229209553487982
22,1555185600,1317,1478,161,2795,15,-0.05792905605724596,0.7979755575780363
22,1555200000,856,687,0,1543,15,-0.6600754134959077,-0.24307904272175673
22,1555214400,208,149,0,357,15,-0.6600754134959077,-1.2292537679258737
22,1555228800,161,223,62,384,15,-0.42819296528971496,-1.2068029099321882
22,1555243200,565,913,348,1478,15,0.6414583280485289,-0.2971274045584073
22,1555257600,991,1200,209,2191,15,0.12159283932819355,0.2957415491266985
22,1555272000,1195,1171,0,2366,15,-0.6600754134959077,0.4412563694561424
22,1555286400,683,411,0,1094,15,-0.6600754134959077,-0.6164284960241585
22,1555300800,91,69,0,160,15,-0.6600754134959077,-1.3930618799538763
22,1555315200,517,443,0,960,15,-0.6600754134959077,-0.7278512727335613
22,1555329600,1187,1951,764,3138,15,2.197314754722338,1.0831846054237464
22,1555344000,1107,1381,274,2488,15,0.3646954059959762,0.5427009870572405
22,1555358400,2541,1772,0,4313,15,-0.6600754134959077,2.0602126847785844
22,1555372800,870,424,0,1294,16,-0.643024107168144,-0.4704058414652336
22,1555387200,92,59,0,151,16,-0.643024107168144,-1.3628811536961944
22,1555401600,632,555,0,1187,16,-0.643024107168144,-0.5539533991281494
22,1555416000,1216,1924,708,3140,16,1.8159477100581847,0.9709847327940436
22,1555430400,1286,1407,121,2693,16,-0.2227760988568647,0.6219589545199933
22,1555444800,2693,1834,0,4527,16,-0.643024107168144,2.0539797092282894
22,1555459200,1047,534,0,1581,16,-0.643024107168144,-0.2463109905375995
22,1555473600,109,68,0,177,16,-0.643024107168144,-1.3425798780024019
22,1555488000,596,511,0,1107,16,-0.643024107168144,-0.6164188628013576
22,1555502400,1034,2052,1018,3086,16,2.8926161611036108,0.9288205448146282
22,1555516800,1216,1487,271,2703,16,0.2981925064876964,0.6297671374791443
22,1555531200,2564,1723,0,4287,16,-0.643024107168144,1.866583318208665
22,1555545600,1136,795,0,1931,16,-0.643024107168144,0.026975413032685996
22,1555560000,132,80,0,212,16,-0.643024107168144,-1.3152512376453733
22,1555574400,590,514,0,1104,16,-0.643024107168144,-0.6187613176891029
22,1555588800,1054,1880,826,2934,16,2.2257763462625726,0.8101361638355327
22,1555603200,1211,1547,336,2758,16,0.5239455688036729,0.6727121437544749
22,1555617600,2524,1848,0,4372,16,-0.643024107168144,1.9329528733614487
22,1555632000,1246,590,0,1836,16,-0.643024107168144,-0.04720232507924864
22,1555646400,149,65,0,214,16,-0.643024107168144,-1.313689601053543
22,1555660800,462,445,0,907,16,-0.643024107168144,-0.7725825219843778
22,1555675200,928,1665,737,2593,16,1.9166683070914663,0.5438771249284832
22,1555689600,1371,2017,646,3388,16,1.6006140198490992,1.1646276701809888
22,1555704000,1921,1990,69,3911,16,-0.4033785487096459,1.5729956389445867
22,1555718400,878,723,0,1601,16,-0.643024107168144,-0.23069462461929746
22,1555732800,161,117,0,278,16,-0.643024107168144,-1.2637172301149766
22,1555747200,129,186,57,315,16,-0.44505603713721076,-1.2348269531661178
22,1555761600,444,915,471,1359,16,0.992817313613778,-0.419652652230752
22,1555776000,946,1391,445,2337,16,0.9025160886873874,0.34398764117421715
22,1555790400,1114,1505,391,2619,16,0.7149673907633454,0.5641784006222758
22,1555804800,860,545,0,1405,16,-0.643024107168144,-0.38373501061865734
22,1555819200,248,95,0,343,16,-0.643024107168144,-1.2129640408804951
22,1555833600,102,145,43,247,16,-0.4936797736360365,-1.2879225972883448
22,1555848000,487,692,205,1179,16,0.06896632013608953,-0.5601999454954703
22,1555862400,848,1044,196,1892,16,0.03770820381541587,-0.00347650050800296
22,1555876800,1236,881,0,2117,16,-0.643024107168144,0.17220761607289486
22,1555891200,785,337,0,1122,16,-0.643024107168144,-0.604706588362631
22,1555905600,84,39,0,123,16,-0.643024107168144,-1.3847440659818173
22,1555920000,548,451,0,999,16,-0.643024107168144,-0.7007472387601885
22,1555934400,1015,1871,856,2886,16,2.3299700673314847,0.7726568856316078
22,1555948800,1268,1648,380,2916,16,0.6767630263714108,0.7960814345090609
22,1555963200,2339,1481,0,3820,16,-0.643024107168144,1.5019411740163124
22,1555977600,772,373,0,1145,17,-0.5955781254979765,-0.48099452192458464
22,1555992000,100,49,0,149,17,-0.5955781254979765,-1.22007776358192
22,1556006400,553,592,39,1145,17,-0.4605683760484731,-0.48099452192458464
22,1556020800,967,2020,1053,2987,17,3.0496851096386153,0.8858642442730177
22,1556035200,1617,1726,109,3343,17,-0.21824318472885165,1.1500345595641939
22,1556049600,2692,1949,0,4641,17,-0.5955781254979765,2.1132173383505606
22,1556052910,296,201,0,497,17,-0.5955781254979765,-0.961843859870321
22,1556052987,10,6,0,16,17,-0.5955781254979765,-1.3187706060923876
22,1556064000,1056,287,0,1343,17,-0.5955781254979765,-0.3340683353300541
22,1556078400,141,42,0,183,17,-0.5955781254979765,-1.194848014368718
22,1556092800,546,480,0,1026,17,-0.5955781254979765,-0.5692986441707923
22,1556107200,995,1940,945,2935,17,2.6758119573169137,0.8472775690057672
22,1556121600,1293,1532,239,2825,17,0.2317893134361597,0.7656519097865836
22,1556136000,2458,1768,0,4226,17,-0.5955781254979765,1.8052659876600043
22,1556150400,1163,527,0,1690,17,-0.5955781254979765,-0.07657648306590209
22,1556164800,181,53,0,234,17,-0.5955781254979765,-1.1570033905489145
22,1556179200,542,526,0,1068,17,-0.5955781254979765,-0.5381324833780132
22,1556193600,977,2138,1161,3115,17,3.4235582619603173,0.9808468295462496
22,1556208000,1272,1662,390,2934,17,0.7545193689970575,0.8465355175583201
22,1556222400,2373,2093,0,4466,17,-0.5955781254979765,1.983358335047314
22,1556236800,1098,543,0,1641,17,-0.5955781254979765,-0.11293700399081116
22,1556251200,192,63,0,255,17,-0.5955781254979765,-1.1414203101525249
22,1556265600,533,417,0,950,17,-0.5955781254979765,-0.6256945541767738
22,1556266297,48,56,8,104,17,-0.5678838179185912,-1.2534700787170407
22,1556280000,1008,1604,596,2612,17,1.4676477891662292,0.6075949514803461
22,1556294400,1267,1660,393,2927,17,0.7649047343393269,0.8413411574261902
22,1556308800,2131,1939,0,4070,17,-0.5955781254979765,1.6895059618582529
22,1556323200,848,564,0,1412,17,-0.5955781254979765,-0.28286678545620253
22,1556337600,149,128,0,277,17,-0.5955781254979765,-1.1250951783086882
22,1556352000,179,294,115,473,17,-0.19747245404431266,-0.9796530946090519
22,1556366400,724,1124,400,1848,17,0.7891372534712892,0.040667645630743494
22,1556380800,1213,1762,549,2975,17,1.3049437321373405,0.8769596269036521
22,1556395200,1464,1694,230,3158,17,0.20063321740935122,1.012755041786476
22,1556409600,1034,602,0,1636,17,-0.5955781254979765,-0.11664726122804678
22,1556424000,216,115,0,331,17,-0.5955781254979765,-1.0850244001465434
22,1556438400,132,146,14,278,17,-0.5471130872340523,-1.124353126861241
22,1556452800,528,816,288,1344,17,0.40141694735989475,-0.333326283882607
22,1556467200,962,1373,411,2335,17,0.827216926392944,0.40204670053749286
22,1556481600,1172,927,0,2099,17,-0.5955781254979765,0.2269225589399716
22,1556496000,643,271,0,914,17,-0.5955781254979765,-0.6524084062848703
22,1556510400,98,39,0,137,17,-0.5955781254979765,-1.2289823809512856
22,1556522938,445,312,0,757,17,-0.5955781254979765,-0.7689104835340688
22,1556524800,190,452,262,642,17,0.31141044772689247,-0.854246399990488
22,1556539200,1137,1583,446,2720,17,0.9483795220527547,0.6877365078046356
22,1556553600,1103,1369,266,2472,17,0.3252576015165851,0.5037077488377488
22,1556568000,2357,1795,0,4152,17,-0.5955781254979765,1.7503541805489171
22,1556582400,975,376,0,1351,18,-0.6788929464629492,-0.3448738200350935
22,1556596800,103,37,0,140,18,-0.6788929464629492,-1.2985399702767548
22,1556611200,591,514,0,1105,18,-0.6788929464629492,-0.5385995615375284
22,1556625600,1160,1867,707,3027,18,2.0739720919921525,0.9749812318270239
22,1556640000,1085,1365,280,2450,18,0.4113506331232297,0.5205919926119632
22,1556654400,2418,1764,0,4182,18,-0.6788929464629492,1.884547213271383
22,1556668800,916,539,0,1455,18,-0.6788929464629492,-0.26297350655438934
22,1556683200,132,58,0,190,18,-0.6788929464629492,-1.2591648195648777
22,1556697600,582,527,0,1109,18,-0.6788929464629492,-0.5354495494805782
22,1556712000,1061,1885,824,2946,18,2.529538159176377,0.9111934876737832
22,1556726400,1138,1539,401,2677,18,0.8824916085872571,0.6993551768438848
22,1556740800,2474,1806,0,4280,18,-0.6788929464629492,1.9617225086666619
22,1556755200,859,466,0,1325,18,-0.6788929464629492,-0.3653488984052696
22,1556769600,114,61,0,175,18,-0.6788929464629492,-1.2709773647784408
22,1556784000,583,566,0,1149,18,-0.6788929464629492,-0.5039494289110766
22,1556787810,382,835,453,1217,18,1.0849654162246902,-0.45039922394292387
22,1556790054,213,572,359,785,18,0.7189550716493303,-0.7906005260935413
22,1556790332,26,39,13,65,18,-0.6282744945535909,-1.3576026963445702
22,1556798400,673,1405,732,2078,18,2.1713152687409183,0.22764087131559824
22,1556812800,1137,1420,283,2557,18,0.4230318143330816,0.60485481513538
22,1556827200,2378,1963,0,4341,18,-0.6788929464629492,2.009760192535152
22,1556841600,1011,455,0,1466,18,-0.6788929464629492,-0.25431097339777636
22,1556856000,122,65,0,187,18,-0.6788929464629492,-1.2615273286075903
22,1556870400,551,481,0,1032,18,-0.6788929464629492,-0.5960872815768689
22,1556884800,1059,1816,757,2875,18,2.268658445489684,0.8552807736629178
22,1556899200,1197,1732,535,2929,18,1.4042510359606426,0.897805936431745
22,1556913600,2293,1869,0,4162,18,-0.6788929464629492,1.868797152986632
22,1556928000,1009,624,0,1633,18,-0.6788929464629492,-0.12279797002010716
22,1556942400,175,108,0,283,18,-0.6788929464629492,-1.1859270392407866
22,1556956800,179,247,68,426,18,-0.41411950570630573,-1.0733141082048183
22,1556971200,761,974,213,1735,18,0.15047091943653693,-0.04247266256787805
22,1556985600,1245,1602,357,2847,18,0.7111676175094289,0.8332306892642667
22,1557000000,1541,1587,46,3128,18,-0.4997815012452198,1.0545190362650154
22,1557014400,924,616,0,1540,18,-0.6788929464629492,-0.1960357503441984
22,1557028800,184,152,0,336,18,-0.6788929464629492,-1.1441893794861968
22,1557043200,108,176,68,284,18,-0.41411950570630573,-1.1851395362265489
22,1557057600,427,744,317,1171,18,0.5554185347114033,-0.48662436259785075
22,1557072000,915,1268,353,2183,18,0.6955927092296263,0.31032868781053996
22,1557086400,1077,1029,0,2106,18,-0.6788929464629492,0.24969095571424937
22,1557100800,542,270,0,812,18,-0.6788929464629492,-0.7693379447091276
22,1557115200,62,40,0,102,18,-0.6788929464629492,-1.3284650848177812
22,1557129600,577,486,0,1063,18,-0.6788929464629492,-0.571674688135505
22,1557144000,1073,1854,781,2927,18,2.3621078951684997,0.89623093040327
22,1557158400,1100,1399,299,2499,18,0.4853314474522919,0.5591796403096027
22,1557172800,2516,1656,0,4172,18,-0.6788929464629492,1.8766721831290074
22,1557187200,1090,501,0,1591,19,-0.6186240775941662,-0.15785919096710743
22,1557201600,136,44,0,180,19,-0.6186240775941662,-1.3091019974985179
22,1557216000,631,481,0,1112,19,-0.6186240775941662,-0.5486779750412006
22,1557230400,1051,1847,796,2898,19,2.1879419449004027,0.9085294328008255
22,1557244800,1180,1287,107,2467,19,-0.24135954944477056,0.5568741176944911
22,1557259200,2531,1437,0,3968,19,-0.6186240775941662,1.781548428540449
22,1557273600,976,481,0,1457,19,-0.6186240775941662,-0.26719054183543417
22,1557288000,119,57,0,176,19,-0.6186240775941662,-1.3123656199124978
22,1557302400,611,582,0,1193,19,-0.6186240775941662,-0.48258962115810766
22,1557306562,433,837,404,1270,19,0.805813953923178,-0.41976488968899456
22,1557308718,178,451,273,629,19,0.34392934469354414,-0.9427603815292739
22,1557316800,656,1554,898,2210,19,2.5475772894914157,0.3471863775962824
22,1557331200,1165,1372,207,2537,19,0.11122412172288888,0.6139875099391393
22,1557345600,2405,1551,0,3956,19,-0.6186240775941662,1.7717575612985095
22,1557360000,1090,495,0,1585,19,-0.6186240775941662,-0.1627546245880773
22,1557374400,127,55,0,182,19,-0.6186240775941662,-1.307470186291528
22,1557388800,581,482,0,1063,19,-0.6186240775941662,-0.5886573496124545
22,1557403200,1244,1896,652,3140,19,1.6802214584189732,1.1059785888466096
22,1557417600,1133,1408,275,2541,19,0.3509810181168973,0.6172511323531192
22,1557432000,2462,1967,0,4429,19,-0.6186240775941662,2.157680911751633
22,1557446400,1027,506,0,1533,19,-0.6186240775941662,-0.20518171596981602
22,1557460800,124,69,0,193,19,-0.6186240775941662,-1.2984952246530832
22,1557475200,592,503,0,1095,19,-0.6186240775941662,-0.5625483703006152
22,1557489600,896,2053,1157,2949,19,3.4607689978156535,0.9501406185790693
22,1557504000,1236,1429,193,2665,19,0.061862407759416566,0.7184234271864962
22,1557518400,2452,1959,0,4411,19,-0.6186240775941662,2.142994610888723
22,1557532800,1074,582,0,1656,19,-0.6186240775941662,-0.10482532673993403
22,1557547200,209,150,0,359,19,-0.6186240775941662,-1.163054894472917
22,1557561600,164,237,73,401,19,-0.3612379976417748,-1.1287868591261283
22,1557576000,617,1161,544,1778,19,1.299431093557901,-0.005284843113547017
22,1557590400,1109,1444,335,2553,19,0.562531220817493,0.627041999595059
22,1557604800,1321,1318,0,2639,19,-0.6186240775941662,0.6972098814956269
22,1557619200,742,566,0,1308,19,-0.6186240775941662,-0.38876047675618547
22,1557633600,162,121,0,283,19,-0.6186240775941662,-1.2250637203385353
22,1557648000,105,132,27,237,19,-0.5234264863788981,-1.2625953780993042
22,1557662400,287,797,510,1084,19,1.1795526453608969,-0.57152333193906
22,1557676800,676,1054,378,1730,19,0.7141421994195866,-0.04444831208130584
22,1557691200,957,788,0,1745,19,-0.6186240775941662,-0.03220972802888121
22,1557705600,642,203,0,845,19,-0.6186240775941662,-0.7665247711743591
22,1557720000,67,46,0,113,19,-0.6186240775941662,-1.363767672932681
22,1557734400,603,436,0,1039,19,-0.6186240775941662,-0.6082390840963339
22,1557748800,1123,1757,634,2880,19,1.6167563976087946,0.893843131937916
22,1557763200,1031,1288,257,2319,19,0.2875159573067186,0.4361200883772347
22,1557777600,2454,1664,0,4118,19,-0.6186240775941662,1.9039342690646954
22,1557792000,809,416,0,1225,20,-0.5710419124237514,-0.582544885733701
22,1557806400,113,58,0,171,20,-0.5710419124237514,-1.3620889443068844
22,1557820800,648,492,0,1140,20,-0.5710419124237514,-0.6454113420702481
22,1557835200,1091,1908,817,2999,20,1.8168123628514865,0.729515038278469
22,1557849600,1179,1346,167,2525,20,-0.08294930046418615,0.3789420935311361
22,1557864000,2454,1760,0,4214,20,-0.5710419124237514,1.6281355612067592
22,1557878400,867,398,0,1265,20,-0.5710419124237514,-0.5529606709870907
22,1557892800,114,46,0,160,20,-0.5710419124237514,-1.370224603362202
22,1557907200,628,512,0,1140,20,-0.5710419124237514,-0.6454113420702481
22,1557921600,1043,1976,933,3019,20,2.155846751997053,0.7443071456517742
22,1557936000,1291,1400,109,2691,20,-0.2524664950369693,0.5017165847295691
22,1557950400,2960,1818,0,4778,20,-0.5710419124237514,2.0452729891339656
22,1557964800,1137,648,0,1785,20,-0.5710419124237514,-0.1683658792811558
22,1557979200,146,70,0,216,20,-0.5710419124237514,-1.3288067027169477
22,1557993600,586,543,0,1129,20,-0.5710419124237514,-0.6535470011255659
22,1558008000,954,2323,1369,3277,20,3.4301484215441813,0.9351253307674111
22,1558022400,1215,1615,400,2830,20,0.5980421880782012,0.6045217309740402
22,1558036800,2422,2004,0,4426,20,-0.5710419124237514,1.7849318993637941
22,1558051200,1037,588,0,1625,20,-0.5710419124237514,-0.2867027382675973
22,1558065600,160,88,0,248,20,-0.5710419124237514,-1.3051393309196593
22,1558080000,503,563,60,1066,20,-0.39567929734845847,-0.7001421393514773
22,1558094400,916,2168,1252,3084,20,3.0881913221473605,0.7923814946150161
22,1558108800,1177,1674,497,2851,20,0.8815450824499246,0.6200534437160107
22,1558123200,2308,1990,0,4298,20,-0.5710419124237514,1.690262412174641
22,1558137600,1088,772,0,1860,20,-0.5710419124237514,-0.11289547663126134
22,1558152000,197,136,0,333,20,-0.5710419124237514,-1.2422728745831124
22,1558166400,185,292,107,477,20,-0.258311915539479,-1.135769701495315
22,1558180800,851,1152,301,2003,20,0.30869387320396796,-0.007131908912129262
22,1558195200,1417,1609,192,3026,20,-0.009881544182814119,0.749484383232431
22,1558209600,1442,1699,257,3141,20,0.18009462214875316,0.8345390006289358
22,1558224000,843,678,0,1521,20,-0.5710419124237514,-0.36362169660878424
22,1558238400,181,151,0,332,20,-0.5710419124237514,-1.2430124799517777
22,1558252800,131,185,54,316,20,-0.4132155588559877,-1.2548461658504217
22,1558267200,549,938,389,1487,20,0.5658923753143975,-0.38876827914340306
22,1558281600,1031,1491,460,2522,20,0.773404803153494,0.37672327742514033
22,1558296000,1303,1183,0,2486,20,-0.5710419124237514,0.350097484153191
22,1558310400,772,382,0,1154,20,-0.5710419124237514,-0.6350568669089344
22,1558324800,107,58,0,165,20,-0.5710419124237514,-1.3665265765188759
22,1558339200,527,477,0,1004,20,-0.5710419124237514,-0.7459976722087234
22,1558353600,1188,1896,708,3084,20,1.4982369454647044,0.7923814946150161
22,1558368000,1267,1401,134,2668,20,-0.17939873875559723,0.4847056612502682
22,1558382400,2967,1823,0,4790,20,-0.5710419124237514,2.0541482535579485
22,1558396800,995,442,0,1437,21,-0.7222692197816409,-0.26931417203968466
22,1558411200,113,60,0,173,21,-0.7222692197816409,-1.237021691884568
22,1558425600,466,515,49,981,21,-0.5300445021110796,-0.6184238469204337
22,1558440000,1159,1901,742,3060,21,2.188562219229717,0.9732406576345602
22,1558454400,1140,1493,353,2633,21,0.6625333381307706,0.6463331331299992
22,1558468800,2657,2030,0,4687,21,-0.7222692197816409,2.218857852877935
22,1558483200,1049,544,0,1593,21,-0.7222692197816409,-0.14988191484363897
22,1558497600,130,72,0,202,21,-0.7222692197816409,-1.21481954150838
22,1558512000,601,508,0,1109,21,-0.7222692197816409,-0.5204281487082937
22,1558526400,1316,1904,588,3220,21,1.5844273922650958,1.0957352803997353
22,1558540800,1191,1554,363,2745,21,0.7017628723492526,0.7320793690656218
22,1558555200,2689,2005,0,4694,21,-0.7222692197816409,2.2242169926239113
22,1558569600,1089,557,0,1646,21,-0.7222692197816409,-0.1093055710526747
22,1558584000,144,74,0,218,21,-0.7222692197816409,-1.2025700792318625
22,1558598400,562,454,0,1016,21,-0.7222692197816409,-0.5916281481905517
22,1558612800,1162,2034,872,3196,21,2.698546164069982,1.077361086984959
22,1558627200,1183,1696,513,2879,21,1.2902058856264813,0.834668615631456
22,1558641600,2705,1991,0,4696,21,-0.7222692197816409,2.225748175408476
22,1558656000,986,467,0,1453,21,-0.7222692197816409,-0.2570647097631672
22,1558670400,138,67,0,205,21,-0.7222692197816409,-1.212522767331533
22,1558684800,518,465,0,983,21,-0.7222692197816409,-0.6168926641358691
22,1558687213,237,292,55,529,21,-0.5065067815799904,-0.9644711562320534
22,1558688983,157,324,167,481,21,-0.06713599833299295,-1.001219543061606
22,1558699200,667,1172,505,1839,21,1.2588222582516957,0.03845356765781777
22,1558713600,1777,2201,424,3978,21,0.9410630310819923,1.6760535557497527
22,1558728000,1887,1795,0,3682,21,-0.7222692197816409,1.4494385036341786
22,1558742400,934,614,0,1548,21,-0.7222692197816409,-0.18433352749634446
22,1558756800,190,133,0,323,21,-0.7222692197816409,-1.1221829830422163
22,1558771200,135,285,150,420,21,-0.1338262065044122,-1.047920617990829
22,1558785600,532,1129,597,1661,21,1.6197339730617295,-0.09782170016843954
22,1558800000,1008,1661,653,2669,21,1.8394193646852282,0.6738944232521636
22,1558814400,1247,1284,37,2531,21,-0.5771199431732579,0.5682428111172001
22,1558828800,765,655,0,1420,21,-0.7222692197816409,-0.28232922570848457
22,1558843200,187,133,0,320,21,-0.7222692197816409,-1.1244797572190635
22,1558857600,102,182,80,284,21,-0.4084329460337856,-1.1520410473412277
22,1558872000,491,928,437,1419,21,0.9920614255660187,-0.2830948171007669
22,1558886400,970,1541,571,2511,21,1.5177371840936764,0.5529309832715532
22,1558900800,1153,1050,0,2203,21,-0.7222692197816409,0.31712883444859113
22,1558915200,753,434,0,1187,21,-0.7222692197816409,-0.4607120201102708
22,1558929600,138,81,0,219,21,-0.7222692197816409,-1.2018044878395802
22,1558944000,97,187,90,284,21,-0.3692034118153037,-1.1520410473412277
22,1558958400,511,974,463,1485,21,1.0940582145340718,-0.23256578521013216
22,1558972800,1086,1478,392,2564,21,0.8155285215828502,0.5935073270625175
22,1558987200,1256,1067,0,2323,21,-0.7222692197816409,0.40899980152247245
22,1559001600,824,318,0,1142,22,-0.6223053543697501,-0.5876556606488557
22,1559016000,103,58,0,161,22,-0.6223053543697501,-1.3324750444944982
22,1559030400,569,489,0,1058,22,-0.6223053543697501,-0.651432243975088
22,1559044800,1254,1763,509,3017,22,1.673009322254908,0.8359287885974032
22,1559059200,1110,1272,162,2382,22,0.10822701815126089,0.3538081884526702
22,1559073600,2462,1598,0,4060,22,-0.6223053543697501,1.6278213648981221
22,1559088000,781,410,0,1191,22,-0.6223053543697501,-0.5504526537085533
22,1559102400,118,45,0,163,22,-0.6223053543697501,-1.3309565544153021
22,1559116800,584,504,0,1088,22,-0.6223053543697501,-0.6286548927871479
22,1559131200,1240,1904,664,3144,22,2.371975481148468,0.9323529086263498
22,1559145600,1196,1551,355,2747,22,0.978552622450984,0.6309326279059418
22,1559160000,2468,1961,0,4429,22,-0.6223053543697501,1.9079827845097856
22,1559174400,793,417,0,1210,22,-0.6223053543697501,-0.5360269979561914
22,1559188800,113,56,0,169,22,-0.6223053543697501,-1.326401084177714
22,1559203200,561,464,0,1025,22,-0.6223053543697501,-0.6764873302818222
22,1559217600,1128,1838,710,2966,22,2.579410599271718,0.7972072915779049
22,1559232000,1180,1564,384,2744,22,1.109326936050424,0.6286548927871479
22,1559246400,2699,1806,0,4505,22,-0.6223053543697501,1.965685407519234
22,1559260800,1035,394,0,1429,22,-0.6223053543697501,-0.36975233428422827
22,1559275200,128,81,0,209,22,-0.6223053543697501,-1.296031282593794
22,1559289600,513,453,0,966,22,-0.6223053543697501,-0.7212827876181045
22,1559304000,1135,1795,660,2930,22,2.3539376447899243,0.7698744701523768
22,1559318400,1811,1695,0,3506,22,-0.6223053543697501,1.2071996129608273
22,1559332800,2575,1661,0,4236,22,-0.6223053543697501,1.7614484918673707
22,1559347200,1091,718,0,1809,22,-0.6223053543697501,-0.0812392192369865
22,1559361600,260,124,0,384,22,-0.6223053543697501,-1.1631634006641431
22,1559376000,155,256,101,411,22,-0.1668499863165272,-1.142663784594997
22,1559390400,595,911,316,1506,22,0.802683717955185,-0.3112904662351819
22,1559404800,1165,1434,269,2599,22,0.590739140742299,0.5185643620454372
22,1559419200,1484,1113,0,2597,22,-0.6223053543697501,0.5170458719662412
22,1559433600,831,677,0,1508,22,-0.6223053543697501,-0.3097719761559859
22,1559448000,206,150,0,356,22,-0.6223053543697501,-1.1844222617728872
22,1559462400,110,203,93,313,22,-0.20292565903361418,-1.2170697984756016
22,1559476800,485,814,329,1299,22,0.8613066861204512,-0.46845418943196887
22,1559491200,1023,1291,268,2314,22,0.5862296816526632,0.30217952576000584
22,1559505600,1398,1052,0,2450,22,-0.6223053543697501,0.4054368511453345
22,1559520000,698,445,0,1143,22,-0.6223053543697501,-0.5868964156092576
22,1559534400,122,56,0,178,22,-0.6223053543697501,-1.319567878821332
22,1559548800,517,489,0,1006,22,-0.6223053543697501,-0.6909129860341843
22,1559563200,1231,1917,686,3148,22,2.471183581120457,0.9353898887847417
22,1559577600,1215,1505,290,2720,22,0.6854377816246523,0.6104330118367958
22,1559592000,2573,1681,0,4254,22,-0.6223053543697501,1.775114902580135
22,1559606400,1035,454,0,1489,23,-0.6492191418570268,-0.3954718718253703
22,1559620800,121,54,0,175,23,-0.6492191418570268,-1.36859928676645
22,1559635200,568,506,0,1074,23,-0.6492191418570268,-0.7028142441241131
22,1559649600,1206,1925,719,3131,23,2.2721218871697197,0.8205671048361616
22,1559664000,1171,1490,319,2661,23,0.6468973925790401,0.47249261090746486
22,1559678400,2719,1893,0,4612,23,-0.6492191418570268,1.917372052726374
22,1559692800,1047,559,0,1606,23,-0.6492191418570268,-0.30882354035801385
22,1559707200,124,66,0,190,23,-0.6492191418570268,-1.357490526321917
22,1559721600,659,672,13,1331,23,-0.5963993457828296,-0.5124841485077832
22,1559736000,1211,1978,767,3189,23,2.467148826520601,0.863520978555022
22,1559750400,1224,1433,209,2657,23,0.19996065656660328,0.4695302747889228
22,1559764800,2758,2024,0,4782,23,-0.6492191418570268,2.043271337764413
22,1559779200,917,435,0,1352,23,-0.6492191418570268,-0.4969318838854372
22,1559793600,136,91,0,227,23,-0.6492191418570268,-1.3300889172254027
22,1559808000,611,563,0,1174,23,-0.6492191418570268,-0.6287558411605606
22,1559822400,1248,2005,757,3253,23,2.426518214155834,0.9109183564516956
22,1559836800,1291,1697,406,2988,23,1.000383720152513,0.7146635885982815
22,1559851200,2691,2201,0,4892,23,-0.6492191418570268,2.124735581024321
22,1559865600,1220,549,0,1769,23,-0.6492191418570268,-0.1881083435274233
22,1559880000,180,71,0,251,23,-0.6492191418570268,-1.3123149005141501
22,1559894400,534,491,0,1025,23,-0.6492191418570268,-0.7391028615762538
22,1559908800,1143,1884,741,3027,23,2.3615092343722073,0.743546365754067
22,1559923200,1533,1832,299,3365,23,0.5656361678495061,0.9938637677708744
22,1559937600,2231,2130,0,4361,23,-0.6492191418570268,1.7314854612878572
22,1559952000,1110,689,0,1799,23,-0.6492191418570268,-0.16589082263835758
22,1559966400,257,165,0,422,23,-0.6492191418570268,-1.1856750314464752
22,1559980800,160,270,110,430,23,-0.2022824058445899,-1.1797503592093912
22,1559995200,639,1188,549,1827,23,1.5814014769686808,-0.14515446980856286
22,1560009600,1223,1601,378,2824,23,0.8866180055311653,0.5932078077380555
22,1560024000,1294,1279,0,2573,23,-0.6492191418570268,0.40732121629953866
22,1560038400,1058,701,0,1759,23,-0.6492191418570268,-0.19551418382377858
22,1560052800,239,115,0,354,23,-0.6492191418570268,-1.2360347454616911
22,1560067200,124,186,62,310,23,-0.3973093451954714,-1.2686204427656542
22,1560081600,505,855,350,1360,23,0.7728522909098178,-0.491007211648353
22,1560096000,1038,1353,315,2391,23,0.6306451476331333,0.27253492290587317
22,1560110400,1226,1171,0,2397,23,-0.6492191418570268,0.2769784270836863
22,1560124800,808,397,0,1205,23,-0.6492191418570268,-0.6057977362418594
22,1560139200,115,55,0,170,23,-0.6492191418570268,-1.3723022069146276
22,1560153600,605,469,0,1074,23,-0.6492191418570268,-0.7028142441241131
22,1560168000,1292,1809,517,3101,23,1.4513835174014265,0.7983495839470958
22,1560182400,1117,1317,200,2434,23,0.16339310543831298,0.3043800361802007
22,1560196800,2295,1660,0,3955,23,-0.6492191418570268,1.430808345255834
22,1560211200,706,369,0,1075,24,-0.60835470529449,-0.6548082417230702
22,1560225600,114,48,0,162,24,-0.60835470529449,-1.332713635616423
22,1560240000,606,499,0,1105,24,-0.60835470529449,-0.6325331466334748
22,1560254400,1250,1989,739,3239,24,2.0406510947799177,0.9519686174064106
22,1560268800,1276,1496,220,2772,24,0.18025324601318218,0.6052196371783757
22,1560283200,2695,2028,0,4723,24,-0.60835470529449,2.0538433211717293
22,1560297600,1150,745,0,1895,24,-0.60835470529449,-0.04595564260746284
22,1560312000,136,71,0,207,24,-0.60835470529449,-1.29930099298203
22,1560326400,462,517,55,979,24,-0.4112027174675719,-0.7260885460097755
22,1560340800,1086,1948,862,3034,24,2.4815546311928434,0.7997554676275088
22,1560347232,393,599,206,992,24,0.1300691036572394,-0.716436004804284
22,1560355200,1226,1148,0,2374,24,-0.60835470529449,0.3097033756564102
22,1560369600,2442,1998,0,4440,24,-0.60835470529449,1.8437149241598796
22,1560384000,1154,484,0,1638,24,-0.60835470529449,-0.23677895720833
22,1560398400,137,72,0,209,24,-0.60835470529449,-1.2978159866427237
22,1560412800,530,487,0,1017,24,-0.60835470529449,-0.6978734255629546
22,1560427200,1329,1842,513,3171,24,1.2305356538911274,0.9014784018699944
22,1560441600,1124,1525,401,2649,24,0.8290625150435852,0.5138917473110346
22,1560445953,617,190,0,807,24,-0.60835470529449,-0.8537990911901223
22,1560446015,468,632,164,1100,24,-0.020483323410588918,-0.6362456624817406
22,1560446081,628,233,0,861,24,-0.60835470529449,-0.8137039200288506
22,1560456000,1874,1350,0,3224,24,-0.60835470529449,0.9408310698616129
22,1560470400,1026,443,0,1469,24,-0.60835470529449,-0.3622619928797174
22,1560484800,126,66,0,192,24,-0.60835470529449,-1.3104385405268277
22,1560499200,518,447,0,965,24,-0.60835470529449,-0.73648359038492
22,1560513600,919,1858,939,2777,24,2.757567414150529,0.6089321530266416
22,1560528000,1419,1914,495,3333,24,1.1660131851477724,1.0217639153538094
22,1560542400,2113,2271,158,4384,24,-0.041990812991707246,1.8021347466593014
22,1561161600,7696,7858,162,15554,25,0.0670841381998051,3.8679371760228256
22,1561176000,251,133,0,384,25,-0.798479344059628,-0.6262882345367841
22,1561190400,159,305,146,464,25,-0.01840361313445989,-0.6025876390954678
22,1561204800,697,1144,447,1841,25,1.5898347088414002,-0.19464114006181038
22,1561219200,1271,1592,321,2863,25,0.9166186670840635,0.10813396670100577
22,1561233600,1470,1258,0,2728,25,-0.798479344059628,0.06813921189378445
22,1561248000,888,995,107,1883,25,-0.22678000701173082,-0.1821983274551193
22,1561262400,167,154,0,321,25,-0.798479344059628,-0.6449524534468207
22,1561276800,102,206,104,308,25,-0.2428089603869055,-0.6488038002060346
22,1561291200,451,884,433,1335,25,1.5150329264239184,-0.3445474062281362
22,1561305600,1042,1146,104,2188,25,-0.2428089603869055,-0.09183980733510079
22,1561320000,1210,1187,0,2397,25,-0.798479344059628,-0.02992200174466187
22,1561334400,895,435,0,1330,25,-0.798479344059628,-0.34602869344321846
22,1561348800,132,78,0,210,25,-0.798479344059628,-0.677837029621647
22,1561363200,344,512,168,856,25,0.09914204495015447,-0.4864547214330177
22,1561377600,1112,1769,657,2881,25,2.711861445103628,0.11346660067530194
22,1561392000,1381,1422,41,2803,25,-0.5794169812655738,0.09035852012001852
22,1561406400,2958,1660,0,4618,25,-0.798479344059628,0.6280657791948828
22,1561420800,1360,627,0,1987,26,-0.5545865741557793,-0.02646109274811911
22,1561435200,168,62,0,230,26,-0.5545865741557793,-1.1813926879103416
22,1561449600,394,462,68,856,26,-0.3498437428052109,-0.7699031155873187
22,1561464000,1049,1927,878,2976,26,2.0890046894589123,0.6236398449954427
22,1561464732,37,18,0,55,26,-0.5545865741557793,-1.2964257153169376
22,1561467984,233,361,128,594,26,-0.16918830337823879,-0.9421239909046223
22,1561468072,343,195,0,538,26,-0.5545865741557793,-0.978934559674733
22,1561469021,220,163,0,383,26,-0.5545865741557793,-1.080820955377718
22,1561478400,1075,1137,62,2212,26,-0.36790928674790807,0.12143851391750415
22,1561492800,3031,1849,0,4880,26,-0.5545865741557793,1.8751991831792059
22,1561507200,1243,678,0,1921,26,-0.5545865741557793,-0.06984497737003527
22,1561521600,180,65,0,245,26,-0.5545865741557793,-1.1715327141326335
22,1561536000,420,575,155,995,26,-0.08789335563610134,-0.6785340252472226
22,1561537126,94,98,4,192,26,-0.5425428781939812,-1.2063712881472024
22,1561550400,1028,2009,981,3037,26,2.3991298604752145,0.6637370716914561
22,1561564800,1575,1677,102,3252,26,-0.2474723271299267,0.8050633625052739
22,1561579200,2993,2447,0,5440,26,-0.5545865741557793,2.243304870880313
22,1561593600,1349,568,0,1917,26,-0.5545865741557793,-0.07247430371075746
22,1561608000,174,67,0,241,26,-0.5545865741557793,-1.1741620404733557
22,1561622400,379,645,266,1024,26,0.24631920730379703,-0.6594714092769867
22,1561636800,1085,2235,1150,3320,26,2.9079760148611857,0.8497619102975512
22,1561651200,1521,1687,166,3208,26,-0.05477319174115647,0.7761407727573298
22,1561665600,2877,2164,0,5041,26,-0.5545865741557793,1.9810295683932742
22,1561680000,1402,620,0,2022,26,-0.5545865741557793,-0.0034544872667999355
22,1561694400,246,104,0,350,26,-0.5545865741557793,-1.102512897688676
22,1561708800,366,565,199,931,26,0.04458729994367818,-0.7206032466987776
22,1561723200,950,2110,1160,3060,26,2.9380852547656815,0.6788556981506088
22,1561737600,1793,1981,188,3774,26,0.0114671360487333,1.14819044996952
22,1561752000,2637,2143,0,4780,26,-0.5545865741557793,1.8094660246611511
22,1561766400,1407,740,0,2147,26,-0.5545865741557793,0.07871196088076854
22,1561780800,333,155,0,488,26,-0.5545865741557793,-1.0118011389337602
22,1561795200,186,240,54,426,26,-0.3919966786715044,-1.0525556972149543
22,1561809600,575,1118,543,1693,26,1.0803451526583183,-0.21971657879120018
22,1561824000,1236,1742,506,2978,26,0.9689409650116855,0.6249545081658038
22,1561838400,1505,1081,0,2586,26,-0.5545865741557793,0.36728052677502904
22,1561852800,984,672,0,1656,26,-0.5545865741557793,-0.24403784744288046
22,1561867200,262,144,0,406,26,-0.5545865741557793,-1.0657023289185652
22,1561881600,119,196,77,315,26,-0.3227454268911651,-1.1255195031699952
22,1561896000,575,1121,546,1696,26,1.0893779246296669,-0.21774458403565852
22,1561910400,1761,1681,0,3442,26,-0.5545865741557793,0.929956363689578
22,1561924800,2324,1533,0,3857,26,-0.5545865741557793,1.2027489715395054
22,1561939200,1335,632,0,1967,26,-0.5545865741557793,-0.03960772445173007
22,1561953600,209,114,0,323,26,-0.5545865741557793,-1.1202608504885507
22,1561968000,344,643,299,987,26,0.34567969898863166,-0.6837926779286669
22,1561982400,1086,2180,1094,3266,26,2.739364271396012,0.8142660046978015
22,1561996800,1497,1528,31,3025,26,-0.4612479304518437,0.6558490926692896
22,1562011200,2807,1755,0,4562,26,-0.5545865741557793,1.6661677390917917
22,1562025600,1167,514,0,1681,27,-0.7632515617169676,-0.17016093223835438
22,1562040000,168,80,0,248,27,-0.7632515617169676,-1.2230133324868946
22,1562054400,383,555,172,938,27,-0.17525842071076386,-0.7160571872171857
22,1562063276,626,1593,967,2219,27,2.5425005740562825,0.2251179172617954
22,1562068800,1031,1313,282,2344,27,0.20078370435134316,0.3169577986512354
22,1562083200,1494,1729,235,3223,27,0.04011116000662471,0.9627758445817775
22,1562097600,2827,979,0,3806,27,-0.7632515617169676,1.3911170513821256
22,1562112000,2937,2598,0,5535,27,-0.7632515617169676,2.6614462907608596
22,1562126400,223,109,0,332,27,-0.7632515617169676,-1.161296932193191
22,1562140800,240,464,224,704,27,0.0025069475004140017,-0.8879814451782174
22,1562143346,530,1017,487,1547,27,0.9015894828761791,-0.26861328508783405
22,1562143442,9,29,20,38,27,-0.69488026625113,-1.3773043332211539
22,1562155200,1004,1762,758,2766,27,1.828020536438279,0.6270092382219848
22,1562169600,1756,2372,616,4128,27,1.3425843386308318,1.627696585841323
22,1562184000,2653,2019,0,4672,27,-0.7632515617169676,2.027383749648166
22,1562198400,1179,691,0,1870,27,-0.7632515617169676,-0.031299031577521085
22,1562212800,243,96,0,339,27,-0.7632515617169676,-1.1561538988353823
22,1562227200,96,258,162,354,27,-0.20944406844368268,-1.1451331130686495
22,1562241600,488,1301,813,1789,27,2.0160415989693328,-0.09081127471787821
22,1562256000,974,1624,650,2598,27,1.458815540922756,0.5035764376345775
22,1562270400,1280,805,0,2085,27,-0.7632515617169676,0.12666556441231572
22,1562284800,794,828,34,1622,27,-0.6470203594250435,-0.21350935625417006
22,1562299200,183,159,0,342,27,-0.7632515617169676,-1.1539497416820357
22,1562313600,211,418,207,629,27,-0.05560865364554799,-0.9430853740118814
22,1562328000,773,1481,708,2254,27,1.657092297773685,0.2508330840508386
22,1562342400,1399,1826,427,3225,27,0.6964755964786661,0.9642452826840086
22,1562356800,1844,1501,0,3345,27,-0.7632515617169676,1.052411568817871
22,1562371200,1091,648,0,1739,27,-0.7632515617169676,-0.1275472272736542
22,1562385600,276,149,0,425,27,-0.7632515617169676,-1.0929680604394476
22,1562400000,100,258,158,358,27,-0.2231183275368502,-1.1421942368641873
22,1562414400,578,1059,481,1637,27,0.8810780942364278,-0.20248857048743726
22,1562428800,1190,1458,268,2648,27,0.1529237975252568,0.5403123901903535
22,1562443200,1408,1217,0,2625,27,-0.7632515617169676,0.5234138520146965
22,1562457600,890,617,0,1507,27,-0.7632515617169676,-0.2980020471324549
22,1562472000,265,110,0,375,27,-0.7632515617169676,-1.1297040129952236
22,1562486400,86,200,114,286,27,-0.373535177561693,-1.1950940085445048
22,1562500800,532,966,434,1498,27,0.7204055498917092,-0.30461451859249455
22,1562515200,1051,1372,321,2423,27,0.3341077305097266,0.3750006036893615
22,1562529600,1314,1106,0,2420,27,-0.7632515617169676,0.3727964465360149
22,1562544000,931,385,0,1316,27,-0.7632515617169676,-0.4383333858955192
22,1562558400,142,74,0,216,27,-0.7632515617169676,-1.2465243421225911
22,1562572800,408,657,249,1065,27,0.08797106683271105,-0.6227478677255147
22,1562587200,1085,2177,1092,3262,27,2.969821170717768,0.9914298875752828
22,1562601600,1345,1513,168,2858,27,-0.18893267980393139,0.6946033909246127
22,1562616000,2856,1920,0,4776,27,-0.7632515617169676,2.10379453096418
22,1562630400,1172,451,0,1623,28,-0.5329564062874214,0.021004725011861992
22,1562644800,147,51,0,198,28,-0.5329564062874214,-0.8810063189430335
22,1562659200,402,685,283,1087,28,0.22789778731947416,-0.31827802555643553
22,1562673600,973,2243,1270,3216,28,2.8814776074255017,1.0293581236224925
22,1562688000,1439,1472,33,2911,28,-0.44423489254527454,0.8362961107058307
22,1562702400,2732,2125,0,4857,28,-0.5329564062874214,2.068095052134762
22,1562716800,1208,501,0,1709,28,-0.5329564062874214,0.0754418827522978
22,1562731200,166,56,0,222,28,-0.5329564062874214,-0.8658145539922142
22,1562743007,230,349,119,579,28,-0.21302125067180097,-0.6398370503487772
22,1562745600,302,431,129,733,28,-0.18613594347721102,-0.5423565585810202
22,1562748917,287,391,104,678,28,-0.2533492114636859,-0.5771710199266477
22,1562760000,959,2354,1395,3313,28,3.217543947357876,1.0907581736320537
22,1562774400,1411,1764,353,3175,28,0.41609493768160377,1.0034055251648428
22,1562788800,2890,2186,0,5076,28,-0.5329564062874214,2.2067199073109878
22,1562803200,1288,551,0,1839,28,-0.5329564062874214,0.15773060956923562
22,1562817600,168,81,0,249,28,-0.5329564062874214,-0.8487238184225425
22,1562832000,386,703,317,1089,28,0.31930783178107996,-0.31701204514386727
22,1562846400,1058,2392,1334,3450,28,3.0535435734708773,1.1774778318929806
22,1562860800,1463,1784,321,3247,28,0.33006195465891597,1.0489808200173008
22,1562875200,2770,2241,0,5011,28,-0.5329564062874214,2.1655755439025186
22,1562889600,1019,527,0,1546,28,-0.5329564062874214,-0.027735520872016573
22,1562904000,166,63,0,229,28,-0.5329564062874214,-0.8613836225482252
22,1562918400,337,678,341,1015,28,0.3838325690480959,-0.3638533204088934
22,1562932800,999,2326,1327,3325,28,3.0347238584346647,1.0983540561074634
22,1562947200,1800,2016,216,3816,28,0.04776622911572151,1.409152247392975
22,1562961600,2514,2628,114,5142,28,-0.22646390426909596,2.248497260925741
22,1562968126,588,436,0,1024,28,-0.5329564062874214,-0.3581564085523362
22,1562968195,10,9,0,19,28,-0.5329564062874214,-0.994311565867894
22,1562968263,12,8,0,20,28,-0.5329564062874214,-0.9936785756616099
22,1562968327,10,7,0,17,28,-0.5329564062874214,-0.9955775462804624
22,1562968395,8,2,0,10,28,-0.5329564062874214,-1.0000084777244513
22,1562968462,6,5,0,11,28,-0.5329564062874214,-0.9993754875181672
22,1562968527,6,9,3,15,28,-0.5248908141290444,-0.9968435266930307
22,1562968595,10,5,0,15,28,-0.5329564062874214,-0.9968435266930307
22,1562968681,9,5,0,14,28,-0.5329564062874214,-0.9974765168993147
22,1562968762,6,2,0,8,28,-0.5329564062874214,-1.0012744581370197
22,1562968842,11,5,0,16,28,-0.5329564062874214,-0.9962105364867465
22,1562968927,8,3,0,11,28,-0.5329564062874214,-0.9993754875181672
22,1562969008,9,7,0,16,28,-0.5329564062874214,-0.9962105364867465
22,1562969097,412,136,0,548,28,-0.5329564062874214,-0.6594597467435855
22,1562969177,6,7,1,13,28,-0.5302678755679624,-0.9981095071055989
22,1562969257,5,1,0,6,28,-0.5329564062874214,-1.0025404385495877
22,1562976000,1324,477,0,1801,28,-0.5329564062874214,0.1336769817304384
22,1562990400,308,182,0,490,28,-0.5329564062874214,-0.6961731787080655
22,1563004800,141,344,203,485,28,0.012815329762754577,-0.6993381297394862
22,1563019200,742,1437,695,2179,28,1.33557244373658,0.3729472797058423
22,1563033600,1337,1735,398,3072,28,0.5370788200572586,0.9382075339175768
22,1563048000,1532,1684,152,3216,28,-0.12429973692965415,1.0293581236224925
22,1563062400,1354,702,0,2056,28,-0.5329564062874214,0.2950894843328934
22,1563076800,226,166,0,392,28,-0.5329564062874214,-0.7582062189239109
22,1563091200,89,227,138,316,28,-0.16193916700208008,-0.8063134746015054
22,1563105600,528,1032,504,1560,28,0.8220630763199119,-0.01887365798403865
22,1563120000,998,1476,478,2474,28,0.752161277613978,0.5596793905596628
22,1563134400,1201,1219,18,2420,28,-0.4845628533371594,0.5254979194203193
22,1563148800,886,422,0,1308,28,-0.5329564062874214,-0.17838718996764122
22,1563163200,123,77,0,200,28,-0.5329564062874214,-0.8797403385304652
22,1563177600,396,656,260,1052,28,0.16606158077191727,-0.34043268277638034
22,1563192000,1016,2299,1283,3315,28,2.9164285067784688,1.092024154044622
22,1563206400,1398,1503,105,2901,28,-0.2506606807442269,0.8299662086429893
22,1563220800,2857,2197,0,5054,28,-0.5329564062874214,2.1927941227727366
22,1563235200,1134,740,0,1874,29,-0.6292080819045408,-0.014562374252566485
22,1563249600,170,75,0,245,29,-0.6292080819045408,-1.1097658672087398
22,1563264000,413,716,303,1129,29,0.16849086712088124,-0.515438127630313
22,1563278400,1054,2446,1392,3500,29,3.035468277974626,1.078624169361146
22,1563292800,1427,1703,276,3130,29,0.09740878255425946,0.8298670837909901
22,1563307200,2898,2146,0,5044,29,-0.6292080819045408,2.1166807642809324
22,1563321600,1148,712,0,1860,29,-0.6292080819045408,-0.023974804517383198
22,1563336000,157,76,0,233,29,-0.6292080819045408,-1.1178336645785827
22,1563350400,408,660,252,1068,29,0.034224707383929,-0.5564494309270144
22,1563355594,364,773,409,1137,29,0.4475538657898408,-0.5100595960504177
22,1563364800,957,2397,1440,3354,29,3.161836428315287,0.9804659680280575
22,1563379200,1401,1709,308,3110,29,0.1816542161147001,0.816420754841252
22,1563393600,2959,2143,0,5102,29,-0.6292080819045408,2.155675118235173
22,1563408000,1029,688,0,1717,29,-0.6292080819045408,-0.12011605650801106
22,1563422400,136,77,0,213,29,-0.6292080819045408,-1.1312799935283209
22,1563435444,325,427,102,752,29,-0.36067576243063637,-0.7689014283328773
22,1563435520,196,263,67,459,29,-0.4528192053873683,-0.9658901474465414
22,1563436800,99,399,300,498,29,0.16059285772458992,-0.9396698059945521
22,1563451200,1013,2071,1058,3084,29,2.156156565187527,0.7989405272065924
22,1563465600,1342,1746,404,3088,29,0.4343905167960219,0.8016297929965399
22,1563480000,2714,2175,0,4889,29,-0.6292080819045408,2.0124717149204616
22,1563494400,1127,761,0,1888,29,-0.6292080819045408,-0.0051499439877497714
22,1563508800,178,87,0,265,29,-0.6292080819045408,-1.0963195382590016
22,1563523200,401,592,191,993,29,-0.12636815034066093,-0.6068731644885326
22,1563537600,967,2121,1154,3088,29,2.408892865868849,0.8016297929965399
22,1563547272,818,1284,466,2102,29,0.5976160443193756,0.13872577577444856
22,1563552000,1708,809,0,2517,29,-0.6292080819045408,0.41773710148151544
22,1563566400,2770,2385,0,5155,29,-0.6292080819045408,2.1913078899519793
22,1563580800,2528,998,0,3526,29,-0.6292080819045408,1.0961043969958058
22,1563595200,336,172,0,508,29,-0.6292080819045408,-0.932946641519683
22,1563609600,108,286,178,394,29,-0.16059285772458992,-1.0095907165331905
22,1563618170,245,183,0,428,29,-0.6292080819045408,-0.9867319573186356
22,1563618268,14,4,0,18,29,-0.6292080819045408,-1.2623817007882678
22,1563622156,313,1097,784,1410,29,1.4348050403262542,-0.32651720588649186
22,1563624000,351,369,18,720,29,-0.581820025526793,-0.7904155546524584
22,1563638400,1044,1429,385,2473,29,0.3843697906195103,0.38815517779209147
22,1563652800,1190,1156,0,2346,29,-0.6292080819045408,0.30277098896125415
22,1563667200,923,599,0,1522,29,-0.6292080819045408,-0.2512177637679581
22,1563681600,303,97,0,400,29,-0.6292080819045408,-1.005556817848269
22,1563696000,106,175,69,281,29,-0.4475538657898408,-1.085562475099211
22,1563710400,526,923,397,1449,29,0.41596182820467553,-0.30029686443450243
22,1563724800,917,1213,296,2130,29,0.15006217852953485,0.157550636304082
22,1563726565,10,0,0,10,29,-0.6292080819045408,-1.2677602323681632
22,1563739200,1042,1192,150,2234,29,-0.23430761208997547,0.22747154684272045
22,1563753600,883,399,0,1282,29,-0.6292080819045408,-0.41257371116481606
22,1563768000,140,55,0,195,29,-0.6292080819045408,-1.1433816895830853
22,1563782400,378,566,188,944,29,-0.13426615973695225,-0.639816670415391
22,1563796800,1012,2223,1211,3235,29,2.5589550443983837,0.9004603107771154
22,1563811200,1378,1530,152,2908,29,-0.22904227249244793,0.6806128324488965
22,1563825600,2702,2174,0,4876,29,-0.6292080819045408,2.003731601103132
22,1563840000,860,354,0,1214,30,-0.67649181594954,-0.5622112749252147
22,1563854400,144,76,0,220,30,-0.67649181594954,-1.2286582545034428
22,1563868800,382,578,196,960,30,-0.12114391789714399,-0.7325106037107981
22,1563883200,1010,2209,1199,3219,30,2.7207639481566988,0.7820806708035047
22,1563897600,1324,1512,188,2836,30,-0.14381117904213975,0.5252907380283928
22,1563912000,2796,1935,0,4731,30,-0.67649181594954,1.7958310059365838
22,1563926400,1154,532,0,1686,30,-0.67649181594954,-0.24574953009531167
22,1563940800,157,98,0,255,30,-0.67649181594954,-1.2051918115605473
22,1563955200,423,671,248,1094,30,0.026193279545328414,-0.6426676507294273
22,1563969600,1024,2229,1205,3253,30,2.7377643940154455,0.8048766439480316
22,1563984000,1424,1705,281,3129,30,0.1196957317684359,0.7217383889503453
22,1563998400,2695,2287,0,4982,30,-0.67649181594954,1.964118925327062
22,1564012800,1381,796,0,2177,30,-0.67649181594954,0.08345114090359168
22,1564027200,201,107,0,308,30,-0.67649181594954,-1.1696569122470202
22,1564041600,425,685,260,1110,30,0.06019417126282205,-0.6319401339555323
22,1564056000,1090,2363,1273,3453,30,2.9304361137479096,0.9389706036217194
22,1564070400,1352,1721,369,3073,30,0.36903560436338917,0.6841920802417126
22,1564084800,2618,2677,59,5295,30,-0.5093207650051963,2.1739759722163834
22,1564099200,1575,685,0,2260,30,-0.67649181594954,0.13910013416817207
22,1564113600,232,111,0,343,30,-0.67649181594954,-1.1461904693041247
22,1564128000,379,627,248,1006,30,0.026193279545328414,-0.70166899298585
22,1564129130,81,152,71,233,30,-0.47531987328770264,-1.219942147124653
22,1564142400,933,2030,1097,2963,30,2.431756368558003,0.6104404024211845
22,1564156800,1790,2045,255,3835,30,0.0460271330471997,1.195090066598463
22,1564171200,2292,2413,121,4705,30,-0.3336494911314792,1.7783987911790045
22,1564185600,1249,773,0,2022,30,-0.67649181594954,-0.020471677843516306
22,1564200000,306,212,0,518,30,-0.67649181594954,-1.028858254589648
22,1564214400,126,376,250,502,30,0.031860094831577354,-1.039585771363543
22,1564218561,67,323,256,390,30,0.04886054069032417,-1.114678388780808
22,1564218635,2,5,3,7,30,-0.6679915930201665,-1.37146832155592
22,1564228800,646,1078,432,1724,30,0.5475402858802307,-0.22027167775731102
22,1564243200,1213,1691,478,2904,30,0.6778770374639563,0.5708826843174466
22,1564257600,1506,1436,0,2942,30,-0.67649181594954,0.5963605366554472
22,1564272000,1103,863,0,1966,30,-0.67649181594954,-0.05801798655214887
22,1564286400,213,192,0,405,30,-0.67649181594954,-1.1046213418052815
22,1564300800,101,244,143,345,30,-0.27131452298274084,-1.144849529707388
22,1564315200,456,1029,573,1485,30,0.9470507635607809,-0.38051395956736783
22,1564329600,979,1476,497,2455,30,0.7317117826833212,0.2698417448500176
22,1564344000,1213,1125,0,2338,30,-0.67649181594954,0.1913967784409103
22,1564358400,1024,494,0,1518,30,-0.67649181594954,-0.35838845622120935
22,1564372800,134,86,0,220,30,-0.67649181594954,-1.2286582545034428
22,1564387200,413,612,199,1025,30,-0.11264369496777057,-0.6889300668168497
22,1564401600,1404,2247,843,3651,30,1.7120708272043876,1.0717236236986702
22,1564416000,1493,1463,0,2956,30,-0.67649181594954,0.6057471138326054
22,1564430400,2713,1938,0,4651,30,-0.67649181594954,1.7421934220671087
22,1564444800,1242,525,0,1767,31,-0.6523053614536645,-0.3958903180500414
22,1564459200,134,79,0,213,31,-0.6523053614536645,-1.4205346832127304
22,1564473600,411,667,256,1078,31,-0.05961619541235798,-0.850188881497334
22,1564488000,1042,2328,1286,3370,31,2.325031621081961,0.661062653221381
22,1564502400,1422,1545,123,2967,31,-0.3675367387072555,0.395340851959757
22,1564516800,2752,1768,0,4520,31,-0.6523053614536645,1.4193258578141044
22,1564531200,1097,753,0,1850,31,-0.6523053614536645,-0.34116349545769703
22,1564545600,152,76,0,228,31,-0.6523053614536645,-1.4106442935876078
22,1564560000,419,625,206,1044,31,-0.17537579815480064,-0.8726070979809449
22,1564574400,1051,2259,1208,3310,31,2.1444466408037504,0.6215010947208911
22,1564588800,1388,1583,195,2971,31,-0.20084291075813804,0.397978289193123
22,1564603200,2627,2287,0,4914,31,-0.6523053614536645,1.679113425300655
22,1564617600,1079,546,0,1625,31,-0.6523053614536645,-0.4895193398345342
22,1564632000,148,84,0,232,31,-0.6523053614536645,-1.4080068563542418
22,1564646400,402,677,275,1079,31,-0.01562754637022976,-0.8495295221889925
22,1564660800,973,2244,1271,3217,31,2.2903037402592283,0.5601806790451317
22,1564675200,1332,1666,334,2998,31,0.1209687848658526,0.4157809905183435
22,1564689600,2676,2413,0,5089,31,-0.6523053614536645,1.7945013042604172
22,1564704000,1339,622,0,1961,31,-0.6523053614536645,-0.26797461223179064
22,1564718400,219,83,0,302,31,-0.6523053614536645,-1.361851704770337
22,1564732800,360,595,235,955,31,-0.1082352285641839,-0.9312900764233383
22,1564747200,983,2062,1079,3045,31,1.8457868657282483,0.4467708780103939
22,1564761600,1645,1939,294,3584,31,0.028361102671898456,0.8021655452064617
22,1564776000,2443,2056,0,4499,31,-0.6523053614536645,1.405479312338933
22,1565395200,9809,7679,0,17488,32,-0.6103022146101427,4.264561331164486
22,1565409600,338,176,0,514,32,-0.6103022146101427,-0.48076147988481943
22,1565424000,142,369,227,511,32,0.09083633145911256,-0.4816001724990028
22,1565438400,607,1483,876,2090,32,2.095413055683547,-0.04016829323384116
22,1565452800,1125,1623,498,2748,32,0.927878384255448,0.14378495347703682
22,1565467200,1338,1235,0,2573,32,-0.6103022146101427,0.09486121764967566
22,1565481600,1022,776,0,1798,32,-0.6103022146101427,-0.12180104101435237
22,1565496000,277,159,0,436,32,-0.6103022146101427,-0.5025674878535861
22,1565510400,114,254,140,368,32,-0.17788196593306896,-0.521577853775075
22,1565524800,511,1168,657,1679,32,1.4189842381101245,-0.15506918137695797
22,1565539200,1083,1476,393,2559,32,0.6035631977476428,0.09094731878348676
22,1565553600,1356,1193,0,2549,32,-0.6103022146101427,0.08815167673620898
22,1565568000,1014,480,0,1494,32,-0.6103022146101427,-0.2067885592515969
22,1565582400,131,107,0,238,32,-0.6103022146101427,-0.5579212003896862
22,1565582909,0,1,1,1,32,-0.6072134985481636,-0.6241779169101696
22,1565582972,1,0,0,1,32,-0.6103022146101427,-0.6241779169101696
22,1565583052,0,1,1,1,32,-0.6072134985481636,-0.6241779169101696
22,1565583151,0,0,0,0,32,-0.6103022146101427,-0.6244574811148974
22,1565596800,353,632,279,985,32,0.25144956668202567,-0.3490867394580359
22,1565611200,1007,2193,1186,3200,32,3.0529150348970675,0.2701479740139925
22,1565625600,1412,1501,89,2913,32,-0.33540648509400295,0.18991304725712022
22,1565640000,2830,2165,0,4995,32,-0.6103022146101427,0.7719657215003541
22,1565654400,1169,771,0,1940,33,-0.6281953186847923,-0.17078826098924949
22,1565668800,162,96,0,258,33,-0.6281953186847923,-1.32253015043526
22,1565683200,407,674,267,1081,33,0.05163411423255148,-0.7589846242675629
22,1565683482,29,46,17,75,33,-0.5849102986114033,-1.4478385724142255
22,1565697600,1002,2206,1204,3208,33,2.4374025735716938,0.6974690016846753
22,1565712000,1312,1563,251,2875,33,0.010895271810538372,0.46944875841147576
22,1565726400,2920,1994,0,4914,33,-0.6281953186847923,1.8656447825377633
22,1565740800,1064,698,0,1762,33,-0.6281953186847923,-0.2926729555917405
22,1565755200,181,352,171,533,33,-0.19279894029952716,-1.1342251447291645
22,1565769600,425,655,230,1080,33,-0.04257445886835383,-0.7596693697428577
22,1565784000,1044,2362,1318,3406,33,2.7276668258285373,0.8330486057930642
22,1565798400,1364,1637,273,3001,33,0.0669111801408064,0.5557266882986324
22,1565812800,2713,2278,0,4991,33,-0.6281953186847923,1.9183701841354701
22,1565827200,1187,514,0,1701,33,-0.6281953186847923,-0.334442429584729
22,1565841600,162,63,0,225,33,-0.6281953186847923,-1.3451267511199916
22,1565856000,438,688,250,1126,33,0.008349094159162553,-0.7281710778792927
22,1565870400,944,2298,1354,3242,33,2.8193292212780667,0.7207503478447016
22,1565884800,2483,1843,0,4326,33,-0.6281953186847923,1.463014443064366
22,1565899200,2917,1949,0,4866,33,-0.6281953186847923,1.8327769997236083
22,1565913600,1398,756,0,2154,33,-0.6281953186847923,-0.024252729276142318
22,1565928000,207,118,0,325,33,-0.6281953186847923,-1.2766522035905021
22,1565942400,362,594,232,956,33,-0.03748210356560219,-0.8445778086794246
22,1565956800,888,2144,1256,3032,33,2.5698038114432364,0.576953798032774
22,1565971200,1686,1839,153,3525,33,-0.23863013802429192,0.9145333173531565
22,1565985600,2658,2140,0,4798,33,-0.6281953186847923,1.7862143074035557
22,1566000000,1325,928,0,2253,33,-0.6281953186847923,0.04353707277805212
22,1566014400,313,163,0,476,33,-0.6281953186847923,-1.1732556368209732
22,1566028800,144,401,257,545,33,0.02617233771879329,-1.1260081990256257
22,1566043200,752,1337,585,2089,33,0.8613186073700619,-0.06876118517031038
22,1566057600,1441,1617,176,3058,33,-0.18006805204264806,0.5947571803904412
22,1566072000,1550,1700,150,3250,33,-0.24626867097841937,0.7262283116470608
22,1566086400,1292,765,0,2057,33,-0.6281953186847923,-0.09067304037974697
22,1566100800,308,204,0,512,33,-0.6281953186847923,-1.1486047997103572
22,1566115200,115,247,132,362,33,-0.2920998687031841,-1.2513166210045912
22,1566129600,638,1043,405,1681,33,0.40300663012241456,-0.3481373390906269
22,1566144000,1135,1490,355,2625,33,0.2756977475536236,0.2982623895877524
22,1566158400,1309,1326,17,2635,33,-0.5849102986114033,0.3051098443407014
22,1566172800,962,439,0,1401,33,-0.6281953186847923,-0.539866072173197
22,1566187200,133,63,0,196,33,-0.6281953186847923,-1.3649843699035435
22,1566201600,409,638,229,1047,33,-0.04512063651972965,-0.7822659704275893
22,1566216000,1016,2189,1173,3205,33,2.3584710663790434,0.6954147652587905
22,1566230400,1395,1549,154,2944,33,-0.2360839603729161,0.5166961962068234
22,1566244800,2479,1930,0,4409,33,-0.6281953186847923,1.5198483175138422
22,1566259200,1077,468,0,1545,34,-0.6432729004619463,-0.4360338641138535
22,1566273600,175,98,0,273,34,-0.6432729004619463,-1.3512732620558034
22,1566288000,430,684,254,1114,34,-0.07504939279215717,-0.7461503582278318
22,1566302400,1046,2504,1458,3550,34,2.618419517579599,1.0066194321704307
22,1566316800,1400,1710,310,3110,34,0.05022823094606406,0.690027187599316
22,1566331200,2667,2037,0,4704,34,-0.6432729004619463,1.8369545463410362
22,1566345600,1215,557,0,1772,34,-0.6432729004619463,-0.2727010470283011
22,1566360000,204,85,0,289,34,-0.6432729004619463,-1.3397608167986719
22,1566374400,382,648,266,1030,34,-0.048204187705395474,-0.8065906958277719
22,1566388800,933,2358,1425,3291,34,2.5445952035910047,0.8202617245706155
22,1566403200,1412,1593,181,3005,34,-0.23835772373662412,0.6144767655993909
22,1566417600,2578,2295,0,4873,34,-0.6432729004619463,1.958554749369487
22,1566432000,1137,590,0,1727,34,-0.6432729004619463,-0.3050797993139833
22,1566446400,203,101,0,304,34,-0.6432729004619463,-1.3289678993701113
22,1566460800,426,658,232,1084,34,-0.12426560211788694,-0.7677361930849532
22,1566475200,967,2363,1396,3330,34,2.479719291297997,0.8483233098848734
22,1566489600,1410,1630,220,3040,34,-0.15111080720464862,0.6396602395993659
22,1566504000,2663,2171,0,4834,34,-0.6432729004619463,1.9304931640552292
22,1566518400,1283,638,0,1921,34,-0.6432729004619463,-0.16549140057126452
22,1566532800,196,94,0,290,34,-0.6432729004619463,-1.3390412889701013
22,1566547200,354,673,319,1027,34,0.07036213476113533,-0.8087492793134841
22,1566561600,861,2158,1297,3019,34,2.258246349332213,0.624550155199381
22,1566576000,1429,1902,473,3331,34,0.4148756000412437,0.8490428377134441
22,1566590400,2286,1859,0,4145,34,-0.6432729004619463,1.4347384901700064
22,1566604800,1081,619,0,1700,34,-0.6432729004619463,-0.3245070506853926
22,1566619200,285,150,0,435,34,-0.6432729004619463,-1.2347097538273475
22,1566633600,149,341,192,490,34,-0.21374961907375925,-1.195135723255958
22,1566648000,669,1374,705,2043,34,0.933882898385303,-0.07770900548563725
22,1566662400,1263,1523,260,2786,34,-0.06162679024877632,0.4569001711424042
22,1566676800,1513,1309,0,2822,34,-0.6432729004619463,0.48280317297095
22,1566691200,1101,941,0,2042,34,-0.6432729004619463,-0.07842853331420797
22,1566705600,245,176,0,421,34,-0.6432729004619463,-1.2447831434273375
22,1566720000,126,242,116,368,34,-0.3837692512899166,-1.2829181183415854
22,1566734400,592,1145,553,1737,34,0.5938436339529883,-0.2978845210282761
22,1566748800,1149,1635,486,2784,34,0.4439579055519022,0.4554611154852628
22,1566763200,1412,1145,0,2557,34,-0.6432729004619463,0.29212829839971044
22,1566777600,974,478,0,1452,34,-0.6432729004619463,-0.50294995217093
22,1566792000,144,83,0,227,34,-0.6432729004619463,-1.3843715421700562
22,1566806400,393,603,210,996,34,-0.1734818114436167,-0.8310546419991762
22,1566820800,925,2378,1453,3303,34,2.607234015460115,0.828896058513464
22,1566835200,1316,1587,271,2903,34,-0.03701868558591143,0.541084927085178
22,1566849600,2758,1910,0,4668,34,-0.6432729004619463,1.8110515445124904
22,1566864000,1045,503,0,1548,35,-0.715866915145957,-0.3322337557842038
22,1566878400,173,73,0,246,35,-0.715866915145957,-1.3229023146643717
22,1566892800,397,675,278,1072,35,-0.040162622401883105,-0.6944136590307167
22,1566907200,912,2398,1486,3310,35,2.8959912827594163,1.0084405919476365
22,1566921600,1258,1752,494,3010,35,0.48484502951437575,0.7801759470443719
22,1566936000,2629,1994,0,4623,35,-0.715866915145957,2.0074788544742574
22,1566950400,1134,518,0,1652,35,-0.715866915145957,-0.25310201221773876
22,1566964800,178,92,0,270,35,-0.715866915145957,-1.3046411430721105
22,1566979200,382,659,277,1041,35,-0.0425932133829769,-0.7180010056707208
22,1566993600,960,2488,1528,3448,35,2.998076103965355,1.113442328603138
22,1567008000,1323,1693,370,3016,35,0.18345174785874566,0.7847412399424372
22,1567022400,2569,2194,0,4763,35,-0.715866915145957,2.1140023554291143
22,1567036800,1012,469,0,1481,35,-0.715866915145957,-0.3832128598125995
22,1567051200,172,119,0,291,35,-0.715866915145957,-1.288662617928882
22,1567065600,407,725,318,1132,35,0.05706101684186853,-0.6487607300500638
22,1567080000,960,2361,1401,3321,35,2.689391049366444,1.0168102955940894
22,1567094400,1403,1680,277,3083,35,-0.0425932133829769,0.835720343970833
22,1567108800,2664,2101,0,4765,35,-0.715866915145957,2.1155241197284695
22,1567123200,1274,529,0,1803,35,-0.715866915145957,-0.13820880761642892
22,1567137600,244,112,0,356,35,-0.715866915145957,-1.2392052781998413
22,1567152000,315,593,278,908,35,-0.040162622401883105,-0.8191983315778347
22,1567166400,875,1880,1005,2755,35,1.7268770208533029,0.586150998876597
22,1567180800,1642,2108,466,3750,35,0.4167884820437496,1.3432287378057577
22,1567195200,2106,1535,0,3641,35,-0.715866915145957,1.260292583490905
22,1567209600,1148,802,0,1950,35,-0.715866915145957,-0.02635913161382933
22,1567224000,283,173,0,456,35,-0.715866915145957,-1.1631170632320866
22,1567238400,135,320,185,455,35,-0.26620758364360564,-1.163877945381764
22,1567252800,573,1319,746,1892,35,1.097353956750011,-0.07049029629512713
22,1567267200,1166,1727,561,2893,35,0.6476946252476597,0.6911527355320988
22,1567281600,1383,1447,64,2830,35,-0.5603090923559544,0.6432171601024133
22,1567296000,1042,759,0,1801,35,-0.715866915145957,-0.13973057191578403
22,1567310400,269,166,0,435,35,-0.715866915145957,-1.1790955883753151
22,1567324800,97,235,138,332,35,-0.38044535975501387,-1.2574664497921024
22,1567339200,566,1069,503,1635,35,0.5067203483442199,-0.26603700876225705
22,1567353600,1011,1532,521,2543,35,0.5504709860039081,0.42484398314495686
22,1567368000,1267,1468,201,2735,35,-0.227318127946105,0.5709333558830462
22,1567382400,949,496,0,1445,35,-0.715866915145957,-0.41060461720099123
22,1567396800,165,137,0,302,35,-0.715866915145957,-1.280292914282429
22,1567411200,99,162,63,261,35,-0.5627396833370482,-1.3114890824192085
22,1567425600,429,1037,608,1466,35,0.7619324013590679,-0.3946260920577627
22,1567440000,908,1510,602,2418,35,0.7473488554725052,0.3297337144352633
22,1567454400,1243,978,0,2221,35,-0.715866915145957,0.17983993094878628
22,1567468800,793,357,0,1150,36,-0.44978489628357243,-0.413271722398104
22,1567483200,116,74,0,190,36,-0.44978489628357243,-0.9862985487632607
22,1567497600,410,591,181,1001,36,-0.18015826110000416,-0.5022102610735294
22,1567512000,943,2137,1194,3080,36,1.3288571059770935,0.7387509597735131
22,1567526400,1367,1671,304,3038,36,0.003068678831371002,0.7136810361200375
22,1567540800,2746,1702,0,4448,36,-0.44978489628357243,1.5553141873438616
22,1567555200,1045,592,0,1637,36,-0.44978489628357243,-0.12257998860661304
22,1567569600,178,102,0,280,36,-0.44978489628357243,-0.9325772837915273
22,1567584000,427,628,201,1055,36,-0.15036526273717893,-0.4699775020904893
22,1567584720,54,97,43,151,36,-0.38572994980349823,-1.0095777635843453
22,1567598400,1045,1918,873,2963,36,0.8506794822537487,0.6689133153102597
22,1567612800,1282,1650,368,2932,36,0.09840627359241173,0.6504093240422182
22,1567627200,2872,1822,0,4694,36,-0.44978489628357243,1.702152311599933
22,1567641600,1004,637,0,1641,36,-0.44978489628357243,-0.12019237683009155
22,1567656000,164,82,0,246,36,-0.44978489628357243,-0.9528719838919599
22,1567670400,454,631,177,1085,36,-0.1861168607725692,-0.45207041376657814
22,1567684800,1058,2403,1345,3461,36,1.553794243616424,0.9661709814871847
22,1567699200,1369,1531,162,2900,36,-0.20846160954468812,0.6313084298300462
22,1567713600,2719,2262,0,4981,36,-0.44978489628357243,1.8734634565653496
22,1567728000,1124,545,0,1669,36,-0.44978489628357243,-0.10347909439444115
22,1567742400,182,81,0,263,36,-0.44978489628357243,-0.9427246338417435
22,1567756800,396,632,236,1028,36,-0.09822751560223478,-0.48609388158200934
22,1567771200,906,2290,1384,3196,36,1.6118905904239331,0.8079917012926362
22,1567785600,1444,5598,4154,7042,36,5.738220863675227,3.1036804244180454
22,1567800000,2512,2468,0,4980,36,-0.44978489628357243,1.8728665536212192
22,1567814400,1197,632,0,1829,36,-0.44978489628357243,-0.007974623333581704
22,1567828800,271,141,0,412,36,-0.44978489628357243,-0.8537860951663182
22,1567843200,137,281,144,418,36,-0.23527530807123082,-0.8502046775015359
22,1567857600,574,1347,773,1921,36,0.7017144904396225,0.04694044752641248
22,1567872000,1239,1801,562,3040,36,0.3873983577118164,0.7148748420082983
22,1567886400,1386,1509,123,2895,36,-0.2665579563521973,0.6283239151093943
22,1567900800,1103,686,0,1789,36,-0.44978489628357243,-0.03185074109879657
22,1567904113,109,54,0,163,36,-0.44978489628357243,-1.0024149282547807
22,1567904193,2,4,2,6,36,-0.44680559644728995,-1.096128690483249
22,1567904273,3,3,0,6,36,-0.44978489628357243,-1.096128690483249
22,1567904353,2,7,5,9,36,-0.44233664669286615,-1.094337981650858
22,1567904434,1,1,0,2,36,-0.44978489628357243,-1.0985163022597706
22,1567904514,4,2,0,6,36,-0.44978489628357243,-1.096128690483249
22,1567904594,2,2,0,4,36,-0.44978489628357243,-1.0973224963715098
22,1567915200,254,71,0,325,36,-0.44978489628357243,-0.9057166513056606
22,1567929600,113,216,103,329,36,-0.29635095471502254,-0.903329039529139
22,1567944000,435,1152,717,1587,36,0.6182940950237119,-0.15242513581313163
22,1567958400,935,1393,458,2328,36,0.23247476622512525,0.2898799457874737
22,1567972800,1246,1039,0,2285,36,-0.44978489628357243,0.26421311918986773
22,1567987200,760,377,0,1137,36,-0.44978489628357243,-0.4210314606717988
22,1568001600,113,68,0,181,36,-0.44978489628357243,-0.9916706752604341
22,1568016000,396,660,264,1056,36,-0.056517317894279454,-0.46938059914635893
22,1568030400,999,2323,1324,3322,36,1.5225115953354575,0.883201472253063
22,1568044800,1618,1494,0,3112,36,-0.44978489628357243,0.757851853985685
22,1568059200,2827,2018,0,4845,36,-0.44978489628357243,1.792284656163619
22,1568073600,1138,469,0,1607,37,-0.5863733015980291,-0.34054407555665234
22,1568088000,155,78,0,233,37,-0.5863733015980291,-1.2415871247865082
22,1568102400,491,676,185,1167,37,-0.15225973406660961,-0.6290877012197794
22,1568116800,983,2400,1417,3383,37,2.7387019697101946,0.824122922574515
22,1568131200,1395,1350,0,2745,37,-0.5863733015980291,0.4057346653629808
22,1568145600,2981,2460,0,5441,37,-0.5863733015980291,2.17372015351705
22,1568160000,1319,503,0,1822,37,-0.5863733015980291,-0.1995511675621698
22,1568174400,159,108,0,267,37,-0.5863733015980291,-1.2192905718943574
22,1568188800,427,599,172,1026,37,-0.1827650117850337,-0.7215528176254633
22,1568192118,246,415,169,661,37,-0.18980469125851618,-0.9609128707323755
22,1568203200,965,2307,1342,3272,37,2.562709982873133,0.7513312351913171
22,1568217600,1443,1424,0,2867,37,-0.5863733015980291,0.48573994338775695
22,1568232000,3416,1915,0,5331,37,-0.5863733015980291,2.1015842471012682
22,1568246400,1608,526,0,2134,37,-0.5863733015980291,0.005052494271683915
22,1568260800,185,77,0,262,37,-0.5863733015980291,-1.2225694767314386
22,1568275200,494,616,122,1110,37,-0.3000930030097417,-0.6664672163625027
22,1568275719,30,45,15,75,37,-0.5511749042306167,-1.3452005176382675
22,1568289600,1013,2123,1110,3136,37,2.0183081035904875,0.6621450236227142
22,1568304000,1333,1427,94,2760,37,-0.36579667809557814,0.41557137987422377
22,1568318400,2824,2031,0,4855,37,-0.5863733015980291,1.7894325066111583
22,1568332800,1060,511,0,1571,37,-0.5863733015980291,-0.3641521903836355
22,1568347200,205,50,0,255,37,-0.5863733015980291,-1.2271599435033518
22,1568361600,396,688,292,1084,37,0.09882216715426541,-0.6835175215153239
22,1568376000,973,2269,1296,3242,37,2.4547682309464016,0.7316578061688311
22,1568390400,1563,1779,216,3342,37,-0.0795163795072907,0.7972359029104509
22,1568404800,2820,2507,0,5327,37,-0.5863733015980291,2.0989611232316037
22,1568419200,1292,759,0,2051,37,-0.5863733015980291,-0.04937732602386051
22,1568433600,326,138,0,464,37,-0.5863733015980291,-1.0901017213133666
22,1568448000,135,321,186,456,37,-0.14991317424211548,-1.0953479690526962
22,1568462400,582,1297,715,1879,37,1.0914169729152947,-0.16217165241944653
22,1568476800,1171,1695,524,2866,37,0.6432240464369103,0.48508416242034075
22,1568491200,1519,1480,0,2999,37,-0.5863733015980291,0.572303031086695
22,1568505600,1147,819,0,1966,37,-0.5863733015980291,-0.10511870825423733
22,1568520000,316,168,0,484,37,-0.5863733015980291,-1.0769861019650426
22,1568534400,98,241,143,339,37,-0.2508152466953643,-1.1720743422403912
22,1568548800,467,1258,791,1725,37,1.2697555195768508,-0.263161921401541
22,1568563200,1157,1587,430,2744,37,0.4226474229344594,0.4050788843955646
22,1568577600,1331,1133,0,2464,37,-0.5863733015980291,0.2214602135190292
22,1568592000,933,447,0,1380,37,-0.5863733015980291,-0.48940635516012926
22,1568606400,138,71,0,209,37,-0.5863733015980291,-1.257325868004497
22,1568620800,394,677,283,1071,37,0.07770312873381797,-0.6920426740917344
22,1568635200,1019,2445,1426,3464,37,2.7598210081306425,0.8772411809352271
22,1568649600,1428,1495,67,2923,37,-0.42915379335692044,0.522463677563064
22,1568664000,2987,2111,0,5098,37,-0.5863733015980291,1.9487872816932943
22,1568678400,1168,474,0,1642,38,-0.6455739239877905,-0.33184841102783985
22,1568692800,208,69,0,277,38,-0.6455739239877905,-1.244473328209582
22,1568705677,210,292,82,502,38,-0.46474706910478847,-1.0940406495532509
22,1568705823,329,521,192,850,38,-0.22217445889588347,-0.8613714398981254
22,1568707200,113,437,324,550,38,0.06891267335480257,-1.0619483447732336
22,1568721600,963,2500,1537,3463,38,2.743827002294819,0.8856534015640666
22,1568736000,1390,1629,239,3019,38,-0.11852979817026041,0.5887995823489065
22,1568750400,2806,2089,0,4895,38,-0.6455739239877905,1.8430738275012495
22,1568764800,1169,745,0,1914,38,-0.6455739239877905,-0.14999201727440847
22,1568779200,227,110,0,337,38,-0.6455739239877905,-1.2043579472345602
22,1568793600,465,601,136,1066,38,-0.34566596954768963,-0.7169560683880475
22,1568808000,1003,2513,1510,3516,38,2.6842864525162695,0.9210886547586691
22,1568822400,1342,1616,274,2958,38,-0.04134760401288154,0.5480156116909679
22,1568836800,3045,2418,0,5463,38,-0.6455739239877905,2.222832767398121
22,1568851200,1205,704,0,1909,38,-0.6455739239877905,-0.1533349656889936
22,1568865600,216,123,0,339,38,-0.6455739239877905,-1.2030207678687264
22,1568880000,426,657,231,1083,38,-0.13617144254908986,-0.705590043778458
22,1568894400,1017,2428,1411,3445,38,2.465971103328255,0.8736187872715602
22,1568908800,1408,1726,318,3134,38,0.055681440070680474,0.6656873958843647
22,1568923200,2827,2210,0,5037,38,-0.6455739239877905,1.9380135624754673
22,1568937600,1186,755,0,1941,38,-0.6455739239877905,-0.13194009583564875
22,1568952000,246,157,0,403,38,-0.6455739239877905,-1.1602310281620365
22,1568966400,411,672,261,1083,38,-0.07001527612847941,-0.705590043778458
22,1568980800,928,2347,1419,3275,38,2.483612747707084,0.7599585411756655
22,1568995200,1522,1491,0,3013,38,-0.6455739239877905,0.5847880442514044
22,1569009600,2764,2295,0,5059,38,-0.6455739239877905,1.952722535499642
22,1569024000,1240,1011,0,2251,38,-0.6455739239877905,0.07532270586862969
22,1569038400,264,227,0,491,38,-0.6455739239877905,-1.1013951360653382
22,1569052800,134,332,198,466,38,-0.20894322561176137,-1.118109878138264
22,1569067200,562,1237,675,1799,38,0.842939820475945,-0.2268798308098666
22,1569081600,1208,1852,644,3060,38,0.7745784485079809,0.6162117593485047
22,1569096000,1453,1903,450,3356,38,0.3467685723213665,0.8141143054919447
22,1569110400,973,757,0,1730,38,-0.6455739239877905,-0.2730125189311415
22,1569124800,338,150,0,488,38,-0.6455739239877905,-1.1034009051140892
22,1569139200,65,95,30,160,38,-0.57941775756718,-1.322698321110874
22,1569153600,514,1202,688,1716,38,0.8716074925915428,-0.28237277449197984
22,1569168000,1052,1383,331,2435,38,0.08434911218627834,0.1983432075253627
22,1569182400,1252,1338,86,2590,38,-0.45592624691537376,0.3019746083775019
22,1569196800,771,509,0,1280,38,-0.6455739239877905,-0.5738778762438037
22,1569211200,98,82,0,180,38,-0.6455739239877905,-1.3093265274525336
22,1569225600,419,636,217,1055,38,-0.1670443202120414,-0.7243105549001349
22,1569240000,970,2320,1350,3290,38,2.33145356493968,0.7699873864194209
22,1569254400,1295,1573,278,2868,38,-0.032526781823466806,0.48784254022843543
22,1569268800,2598,2101,0,4699,38,-0.6455739239877905,1.7120302496495121
22,1569283200,996,504,0,1500,39,-0.7433761962382359,-0.4691317693769922
22,1569297600,138,62,0,200,39,-0.7433761962382359,-1.3626537496324693
22,1569312000,451,698,247,1149,39,-0.18660883938490694,-0.710382704045971
22,1569326400,1064,2307,1243,3371,39,2.058493538857667,0.8168525575906984
22,1569340800,1404,1585,181,2989,39,-0.33538068372628227,0.5542945603156274
22,1569355200,2797,2210,0,5007,39,-0.7433761962382359,1.9413156035122066
22,1569369600,1212,620,0,1832,39,-0.7433761962382359,-0.24094000211174724
22,1569384000,177,109,0,286,39,-0.7433761962382359,-1.3035438340155685
22,1569398400,426,692,266,1118,39,-0.14378058116542008,-0.7316897666520632
22,1569412800,1020,2297,1277,3317,39,2.1351335798820115,0.7797370291800864
22,1569427200,1383,1865,482,3248,39,0.3431090912245356,0.7323116317665264
22,1569441600,2849,2090,0,4939,39,-0.7433761962382359,1.8945775306988433
22,1569456000,1178,613,0,1791,39,-0.7433761962382359,-0.2691203107198046
22,1569470400,222,88,0,310,39,-0.7433761962382359,-1.287048043610852
22,1569484800,415,746,331,1161,39,0.0027371443222980497,-0.7021348088436128
22,1569499200,1052,2407,1355,3459,39,2.3109548504672732,0.8773371224079923
22,1569513600,1533,1609,76,3142,39,-0.5720631633602885,0.6594552241456951
22,1569528000,2805,2447,0,5252,39,-0.7433761962382359,2.1097101305603543
22,1569542400,1265,503,0,1768,39,-0.7433761962382359,-0.2849287765243246
22,1569556800,206,94,0,300,39,-0.7433761962382359,-1.2939212896128172
22,1569571200,400,691,291,1091,39,-0.08742760982399005,-0.7502475308573692
22,1569585600,915,2326,1411,3241,39,2.4371855062720766,0.7275003595651507
22,1569600000,1537,2014,477,3551,39,0.33183849695624956,0.9405709856260722
22,1569614400,2651,2523,0,5174,39,-0.7433761962382359,2.056098811745026
22,1569628800,1185,688,0,1873,39,-0.7433761962382359,-0.21275969350368987
22,1569643200,310,189,0,499,39,-0.7433761962382359,-1.1571436941737097
22,1569657600,156,391,235,547,39,-0.21365826562879336,-1.1241521133642767
22,1569672000,553,1437,884,1990,39,1.249264870394731,-0.1323427152806969
22,1569686400,1270,1733,463,3003,39,0.30028083300504876,0.5639171047183787
22,1569700800,1438,1594,156,3032,39,-0.39173365506771235,0.5838495181240778
22,1569715200,1060,801,0,1861,39,-0.7433761962382359,-0.2210075887060481
22,1569729600,320,181,0,501,39,-0.7433761962382359,-1.1557690449733165
22,1569744000,145,236,91,381,39,-0.5382513805554305,-1.2382479969968991
22,1569758400,476,1174,698,1650,39,0.8299987636144913,-0.36603307934751406
22,1569772800,761,1557,796,2318,39,1.050902411272897,0.09309975358376193
22,1569787200,1046,1557,511,2603,39,0.40847853798059447,0.28898726463977037
22,1569801600,777,526,0,1303,39,-0.7433761962382359,-0.6045347156157068
22,1569816000,97,81,0,178,39,-0.7433761962382359,-1.3777748908367928
22,1569830400,328,623,295,951,39,-0.07841113440936123,-0.8464729748848822
22,1569844800,665,2082,1417,2747,39,2.45071021939402,0.3879620070680694
22,1569859200,1050,1718,668,2768,39,0.7623751980047753,0.40239582367219634
22,1569873600,2309,1957,0,4266,39,-0.7433761962382359,1.4320080747665846
22,1569888000,836,411,0,1247,40,-0.6762562910278763,-0.5783947997334595
22,1569902400,110,70,0,180,40,-0.6762562910278763,-1.2947782101379497
22,1569916800,342,583,241,925,40,-0.12338768770147586,-0.7945854821610564
22,1569931200,725,2006,1281,2731,40,2.2624353308024934,0.41796225841111706
22,1569945600,1211,1515,304,2726,40,0.021138129765591502,0.4146052602367755
22,1569960000,2399,1863,0,4262,40,-0.6762562910278763,1.4458750993945044
22,1569974400,990,517,0,1507,40,-0.6762562910278763,-0.40383089466769817
22,1569988800,105,62,0,167,40,-0.6762562910278763,-1.3035064053912377
22,1570003200,359,648,289,1007,40,-0.01327277915513882,-0.7395307121018547
22,1570017600,830,2243,1413,3073,40,2.56525132930492,0.6475809335360801
22,1570032000,1212,1508,296,2720,40,0.002785645007868664,0.41057686242756564
22,1570046400,2573,2237,0,4810,40,-0.6762562910278763,1.81380209930234
22,1570060800,924,461,0,1385,40,-0.6762562910278763,-0.48574165012163234
22,1570075200,135,64,0,199,40,-0.6762562910278763,-1.2820216170754517
22,1570089600,400,585,185,985,40,-0.2518550810055357,-0.7543015040689576
22,1570104000,926,2266,1340,3192,40,2.3977849058906995,0.7274774900854094
22,1570118400,1165,1639,474,2804,40,0.41112843086720186,0.46697443175650394
22,1570132800,2516,2373,0,4889,40,-0.6762562910278763,1.8668426704569367
22,1570147200,919,576,0,1495,40,-0.6762562910278763,-0.41188769028611794
22,1570161600,117,70,0,187,40,-0.6762562910278763,-1.2900784126938714
22,1570176000,366,557,191,923,40,-0.2380907174372436,-0.795928281430793
22,1570190400,862,2293,1431,3155,40,2.6065444200097967,0.7026357035952818
22,1570204800,1371,1905,534,3276,40,0.5487720665501231,0.7838750594143478
22,1570219200,2556,2564,8,5120,40,-0.6579038062701535,2.021935986111517
22,1570233600,1140,820,0,1960,40,-0.6762562910278763,-0.09968686007235232
22,1570248000,224,282,58,506,40,-0.5432007765343858,-1.0759019291708796
22,1570262400,115,281,166,396,40,-0.29544223230512745,-1.149755889006394
22,1570276800,542,1473,931,2015,40,1.459514122652119,-0.0627598801545951
22,1570291200,1478,1895,417,3373,40,0.2803669769684266,0.8490008239965741
22,1570305600,1824,1421,0,3245,40,-0.6762562910278763,0.76306167073343
22,1570320000,1152,1018,0,2170,40,-0.6762562910278763,0.041307063249993434
22,1570334400,267,140,0,407,40,-0.6762562910278763,-1.1423704930228427
22,1570348800,70,192,122,262,40,-0.3963808984726031,-1.239723440078748
22,1570363200,450,1225,775,1675,40,1.1016406698765235,-0.29103575600982157
22,1570377600,1034,1650,616,2684,40,0.7368850353167822,0.38640647557230634
22,1570392000,1481,1284,0,2765,40,-0.6762562910278763,0.44078984599663973
22,1570406400,813,287,0,1100,40,-0.6762562910278763,-0.6770905460591016
22,1570420800,126,45,0,171,40,-0.6762562910278763,-1.3008208068517644
22,1570435200,358,610,252,968,40,-0.09815302115960695,-0.7657152978617189
22,1570449600,1033,2090,1057,3123,40,1.7485657575862539,0.6811509152794958
22,1570464000,1738,1426,0,3164,40,-0.6762562910278763,0.7086783003090966
22,1570478400,3337,2270,0,5607,40,-0.6762562910278763,2.3489076082923854
22,1570492800,1281,425,0,1706,41,-0.6574466113277481,-0.29903288804674105
22,1570507200,127,98,0,225,41,-0.6574466113277481,-1.2856891421462209
22,1570521600,451,588,137,1039,41,-0.30746531781494735,-0.7433946176107876
22,1570536000,1034,2269,1235,3303,41,2.4974942462511485,0.764903666846486
22,1570550400,1832,1767,0,3599,41,-0.6574466113277481,0.9621016757684617
22,1570564800,3453,2291,0,5744,41,-0.6574466113277481,2.3911210309631845
22,1570579200,1341,487,0,1828,41,-0.6574466113277481,-0.2177553303153862
22,1570593600,166,77,0,243,41,-0.6574466113277481,-1.273697371333398
22,1570608000,1158,1039,0,2197,41,-0.6574466113277481,0.028075971347482194
22,1570622400,903,2075,1172,2978,41,2.336553943394897,0.5483855827260735
22,1570636800,1544,1555,11,3099,41,-0.6293459235274502,0.628996930967827
22,1570651200,3130,2129,0,5259,41,-0.6574466113277481,2.068009428506569
22,1570665600,1111,340,0,1451,41,-0.6574466113277481,-0.4689163078950647
22,1570680000,144,46,0,190,41,-0.6574466113277481,-1.3090064742822654
22,1570694400,464,630,166,1094,41,-0.23338168634143483,-0.7067530956827178
22,1570708800,1059,2213,1154,3272,41,2.2905709997216825,0.7442511726688467
22,1570723200,1705,1674,0,3379,41,-0.6574466113277481,0.8155355880561825
22,1570737600,2651,2497,0,5148,41,-0.6574466113277481,1.9940601751608278
22,1570752000,1049,585,0,1634,41,-0.6574466113277481,-0.3469999712980324
22,1570766400,172,105,0,277,41,-0.6574466113277481,-1.251046248686955
22,1570780800,394,548,154,942,41,-0.26403698212357796,-0.8080169381021107
22,1570795200,903,2130,1227,3033,41,2.4770573823963864,0.5850271046541433
22,1570809600,1358,1857,499,3215,41,0.6173027716130369,0.7062772317615743
22,1570824000,2349,2621,272,4970,41,0.037406759734162805,1.875474886011802
22,1570838400,1069,678,0,1747,41,-0.6574466113277481,-0.27171829897308897
22,1570852800,216,142,0,358,41,-0.6574466113277481,-1.1970832800292521
22,1570867200,117,233,116,350,41,-0.3611120854336978,-1.2024129559460621
22,1570881600,545,1296,751,1841,41,1.2610639830380426,-0.20909460695056967
22,1570896000,1170,1820,650,2990,41,1.0030485768716713,0.5563800966012887
22,1570910400,1492,1468,0,2960,41,-0.6574466113277481,0.5363938119132506
22,1570924800,824,725,0,1549,41,-0.6574466113277481,-0.4036277779141403
22,1570939200,211,159,0,370,41,-0.6574466113277481,-1.1890887661540368
22,1570953600,92,188,96,280,41,-0.41220424507060305,-1.249047620218151
22,1570968000,452,998,546,1450,41,0.7373693467597642,-0.46958251738466594
22,1570982400,957,1487,530,2444,41,0.69649561905024,0.1926297152789957
22,1570996800,1131,1465,334,2596,41,0.19579245460856898,0.29389355769838865
22,1571011200,914,516,0,1430,41,-0.6574466113277481,-0.4829067071766914
22,1571025600,107,57,0,164,41,-0.6574466113277481,-1.3263279210118983
22,1571040000,326,496,170,822,41,-0.22316325441405377,-0.8879620768542631
22,1571054400,746,1761,1015,2507,41,1.9354804902451912,0.23460091312387568
22,1571068800,1182,1756,574,2938,41,0.8088983702514315,0.5217372031420228
22,1571083200,2133,1750,0,3883,41,-0.6574466113277481,1.1513051708152222
22,1571097600,875,467,0,1342,42,-0.7624648641118476,-0.4237398135791028
22,1571112000,99,69,0,168,42,-0.7624648641118476,-1.25476566373071
22,1571126400,462,623,161,1085,42,-0.2517818706302597,-0.6056594417639095
22,1571140800,1057,1970,913,3027,42,2.1335200616564114,0.7690017175158361
22,1571155200,1317,1593,276,2910,42,0.11299169614230305,0.6861822758908463
22,1571169600,2496,2213,0,4709,42,-0.7624648641118476,1.9596196731844933
22,1571184000,976,973,0,1949,42,-0.7624648641118476,0.005930281005246157
22,1571198400,113,83,0,196,42,-0.7624648641118476,-1.2349456264187466
22,1571212800,476,604,128,1080,42,-0.35645602457369074,-0.6091987341410458
22,1571227200,1030,2177,1147,3207,42,2.8757549714371042,0.8964162430927436
22,1571241600,1320,1439,119,2759,42,-0.3850035211037174,0.5792956461013296
22,1571256000,2462,2216,0,4678,42,-0.7624648641118476,1.9376760604462482
22,1571270400,750,393,0,1143,42,-0.7624648641118476,-0.5646036501891282
22,1571284800,87,63,0,150,42,-0.7624648641118476,-1.2675071162884008
22,1571299200,477,587,110,1064,42,-0.413551017633744,-0.620524469747882
22,1571302711,376,612,236,988,42,-0.01388606621337095,-0.674321713880354
22,1571313600,727,1491,764,2218,42,1.660900396881526,0.19634421089518003
22,1571328000,1403,1659,256,3062,42,0.04955281496446605,0.7937767641557903
22,1571342400,2709,2248,0,4957,42,-0.7624648641118476,2.1351685750904545
22,1571356800,1079,673,0,1752,42,-0.7624648641118476,-0.13351783865392475
22,1571371200,154,309,155,463,42,-0.27081353498361077,-1.0459474134796674
22,1571385600,395,563,168,958,42,-0.22957826221801675,-0.6955574681431719
22,1571388503,233,474,241,707,42,0.0019736540810883,-0.8732299454754151
22,1571400000,754,1564,810,2318,42,1.806809823590551,0.2671300584379064
22,1571414400,1397,1967,570,3364,42,1.0455432494565071,1.007550023734824
22,1571428800,2544,2614,70,5158,42,-0.5404287799894181,2.2774481286513346
22,1571443200,1021,962,0,1983,42,-0.7624648641118476,0.029997469169773115
22,1571457600,218,191,0,409,42,-0.7624648641118476,-1.0841717711527397
22,1571472000,143,339,196,482,42,-0.14076382856904496,-1.0324981024465494
22,1571486400,563,1366,803,1929,42,1.784606215178308,-0.008226888503299112
22,1571500800,1150,1846,696,2996,42,1.44520820087688,0.747058104777591
22,1571515200,1385,1727,342,3112,42,0.32234000402916513,0.8291696879271535
22,1571529600,875,687,0,1562,42,-0.7624648641118476,-0.2680109489851048
22,1571544000,193,170,0,363,42,-0.7624648641118476,-1.1167332610223937
22,1571558400,89,250,161,339,42,-0.2517818706302597,-1.133721864432648
22,1571572800,406,1140,734,1546,42,1.5657420751147704,-0.279336684591941
22,1571587200,1015,1605,590,2620,42,1.108982130634344,0.4809033180169399
22,1571601600,1069,1127,58,2196,42,-0.5784921086961202,0.18077132443578023
22,1571616000,559,321,0,880,42,-0.7624648641118476,-0.7507704292264985
22,1571630400,71,53,0,124,42,-0.7624648641118476,-1.2859114366495097
22,1571644800,423,561,138,984,42,-0.32473658398477223,-0.677153147782063
22,1571646764,211,279,68,490,42,-0.5467726681072017,-1.0268352346431313
22,1571659200,857,1724,867,2581,42,1.9876106349473865,0.45329683747527666
22,1571673600,1256,1296,40,2552,42,-0.6355871017561735,0.43276894168788604
22,1571688000,2399,2369,0,4768,42,-0.7624648641118476,2.001383323234702
22,1571702400,993,484,0,1477,43,-0.6928380262599896,-0.4029300345671453
22,1571716800,125,66,0,191,43,-0.6928380262599896,-1.2806496162183114
22,1571731200,472,557,85,1029,43,-0.4385267211244598,-0.7086985980039434
22,1571745600,1114,1987,873,3101,43,1.9190886723672753,0.7054810078912478
22,1571760000,1212,1484,272,2696,43,0.12095815017370573,0.4290607663914638
22,1571774400,2514,2264,0,4778,43,-0.6928380262599896,1.8500655634347978
22,1571788800,810,422,0,1232,43,-0.6928380262599896,-0.5701472176966443
22,1571803200,96,34,0,130,43,-0.6928380262599896,-1.3222832822219825
22,1571817600,493,539,46,1032,43,-0.5552107317160558,-0.7066510406595006
22,1571832000,997,1962,965,2959,43,2.194343261455143,0.6085632935876198
22,1571846400,1396,1420,24,2816,43,-0.6210324812805459,0.5109630601691776
22,1571860800,2715,2159,0,4874,43,-0.6928380262599896,1.915587398456969
22,1571875200,1231,524,0,1755,43,-0.6928380262599896,-0.2131897206487751
22,1571889600,184,51,0,235,43,-0.6928380262599896,-1.250618775166483
22,1571904000,499,556,57,1055,43,-0.5222998569338108,-0.6909531010187722
22,1571918400,1162,2072,910,3234,43,2.0297888875439174,0.7962560501615472
22,1571932800,1315,1656,341,2971,43,0.3273990919896064,0.6167535229653912
22,1571947200,2691,2284,0,4975,43,-0.6928380262599896,1.9845218290532114
22,1571961600,1201,557,0,1758,43,-0.6928380262599896,-0.21114216330433222
22,1571976000,176,87,0,263,43,-0.6928380262599896,-1.231508239951683
22,1571990400,332,530,198,862,43,-0.10044228017957903,-0.8226792901779284
22,1572004800,918,2088,1170,3006,43,2.807682291487891,0.6406416919838911
22,1572019200,1478,1742,264,3220,43,0.09702296851389115,0.7867007825541473
22,1572033600,2571,2481,0,5052,43,-0.6928380262599896,2.037075800893911
22,1572048000,1101,641,0,1742,43,-0.6928380262599896,-0.22206246914136074
22,1572062400,219,151,0,370,43,-0.6928380262599896,-1.1584786946665548
22,1572076800,147,351,204,498,43,-0.0824908939347181,-1.071116247970327
22,1572091200,610,1401,791,2011,43,1.673753060354176,-0.038464827256319015
22,1572105600,1252,1838,586,3090,43,1.0604140303214276,0.6979732976282907
22,1572120000,1414,1754,340,3168,43,0.32440719428212955,0.7512097885838046
22,1572134400,912,746,0,1658,43,-0.6928380262599896,-0.2793940747857604
22,1572148800,179,199,20,378,43,-0.6330000721104532,-1.1530185417480407
22,1572163200,77,201,124,278,43,-0.3218427105328638,-1.221270453229469
22,1572177600,365,977,612,1342,43,1.138203370715825,-0.4950701150670733
22,1572192000,745,1168,423,1913,43,0.5727347040027057,-0.1053517005081186
22,1572206400,1046,1300,254,2346,43,0.06710399143912295,0.1901790762064653
22,1572220800,718,399,0,1117,43,-0.6928380262599896,-0.6486369159002867
22,1572235200,94,82,0,176,43,-0.6928380262599896,-1.2908874029405255
22,1572249600,473,571,98,1044,43,-0.3996320509272611,-0.6984608112817292
22,1572264000,1093,2075,982,3168,43,2.245205522482249,0.7512097885838046
22,1572278400,1356,1443,87,2799,43,-0.43254292570950614,0.4993602352173348
22,1572292800,2697,2333,0,5030,43,-0.6928380262599896,2.022060380367997
22,1572307200,1120,409,0,1529,44,-0.636028753218204,-0.27240120759655245
22,1572321600,95,50,0,145,44,-0.636028753218204,-1.2207852434943385
22,1572336000,485,560,75,1045,44,-0.3452004962794626,-0.6040615207284372
22,1572350400,1220,2163,943,3383,44,3.020651864024904,0.9980496613012044
22,1572364800,1264,1680,416,2944,44,0.9770986452686815,0.6972255343076147
22,1572379200,2616,2490,0,5106,44,-0.636028753218204,2.17873296610748
22,1572393600,906,513,0,1419,44,-0.636028753218204,-0.3477785514901626
22,1572408000,99,57,0,156,44,-0.636028753218204,-1.2132475091049775
22,1572422400,480,556,76,1036,44,-0.341322786186946,-0.6102287579560962
22,1572436800,1135,2093,958,3228,44,3.0788175154126525,0.8918361312692992
22,1572451200,1221,1553,332,2774,44,0.6513709974972911,0.5807332755629444
22,1572465600,2600,2229,0,4829,44,-0.636028753218204,1.9889191092117524
22,1572480000,1036,575,0,1611,44,-0.636028753218204,-0.21621082396677033
22,1572494400,126,60,0,186,44,-0.636028753218204,-1.1926900516794474
22,1572508800,502,521,19,1023,44,-0.5623522614603894,-0.6191369895071592
22,1572510960,39,224,185,263,44,0.08134761389735809,-1.1399259109539204
22,1572511055,247,309,62,556,44,-0.39561072748217774,-0.9391480767645769
22,1572523200,797,1379,582,2176,44,1.620798520626429,0.17095462421404553
22,1572537600,1228,1507,279,2735,44,0.4458523625939139,0.5540085809097554
22,1572552000,2449,2002,0,4451,44,-0.636028753218204,1.729895145650074
22,1572566400,911,625,0,1536,44,-0.636028753218204,-0.26760446753059547
22,1572580800,226,128,0,354,44,-0.636028753218204,-1.0775682900964794
22,1572595200,447,488,41,935,44,-0.47704263942502534,-0.6794388646220474
22,1572597547,190,337,147,527,44,-0.06600536961827086,-0.959020285609256
22,1572609600,813,1618,805,2431,44,2.48552787125762,0.34569301233105093
22,1572624000,1512,1817,305,3329,44,0.5466728249993442,0.9610462379352503
22,1572638400,2569,2662,93,5231,44,-0.2754017146141646,2.264389038713855
22,1572652800,1147,702,0,1849,44,-0.636028753218204,-0.05312166172423197
22,1572667200,198,139,0,337,44,-0.636028753218204,-1.0892175159709463
22,1572681600,139,247,108,386,44,-0.21723606322641636,-1.0556403355092472
22,1572696000,492,949,457,1441,44,1.1360847590618601,-0.3327030827114406
22,1572710400,1267,1444,177,2711,44,0.05032593315722568,0.5375626149693313
22,1572724800,1506,1466,0,2972,44,-0.636028753218204,0.7164124945714427
22,1572739200,929,621,0,1550,44,-0.636028753218204,-0.25801098739868145
22,1572750000,286,181,0,467,44,-0.636028753218204,-1.0001352004603161
22,1572764400,50,124,74,174,44,-0.3490782063719791,-1.2009130346496595
22,1572778800,629,618,0,1247,44,-0.636028753218204,-0.46564130739653486
22,1572793200,1414,1327,0,2741,44,-0.636028753218204,0.5581200723948614
22,1572807600,1175,1422,247,2597,44,0.3217656396333843,0.4594442767523172
22,1572822000,1058,394,0,1452,44,-0.636028753218204,-0.32516534832207955
22,1572836400,158,95,0,253,44,-0.636028753218204,-1.1467783967624303
22,1572850800,215,248,33,463,44,-0.5080643201651577,-1.0028761947837201
22,1572865200,1378,2007,629,3385,44,1.803050894974707,0.9994201584629063
22,1572879600,1106,1608,502,2714,44,1.310581713225105,0.5396183607118844
22,1572894000,2595,2413,0,5008,44,-0.636028753218204,2.1115786051840817
22,1572908400,1324,611,0,1935,44,-0.636028753218204,0.005809716228954164
22,1572922800,207,97,0,304,45,-0.7575849308570787,-1.1848482148158652
22,1572937200,214,263,49,477,45,-0.5917045406343031,-1.06868474427328
22,1572951600,1174,1884,710,3058,45,1.6459880703300782,0.6643668017984686
22,1572966000,1125,1707,582,2832,45,1.2126678672991542,0.5126156784306983
22,1572980400,2535,1778,0,4313,45,-0.7575849308570787,1.5070555620929456
22,1572994800,1376,606,0,1982,45,-0.7575849308570787,-0.058129697067552895
22,1573009200,214,127,0,341,45,-0.7575849308570787,-1.1600040043530002
22,1573023600,238,283,45,521,45,-0.6052457969790195,-1.0391402777769
22,1573038000,1180,1980,800,3160,45,1.9506663380861968,0.7328562468582588
22,1573052400,1146,1410,264,2556,45,0.13613798789420217,0.32729129768067794
22,1573066800,2443,2458,15,4901,45,-0.7068052195643924,1.9018770689082063
22,1573081200,1423,617,0,2040,45,-0.7575849308570787,-0.01918471850414281
22,1573095600,191,126,0,317,45,-0.7575849308570787,-1.1761191678964802
22,1573110000,228,258,30,486,45,-0.6560255082717059,-1.062641557944475
22,1573124400,1178,2085,907,3263,45,2.31289494530736,0.802017157065694
22,1573138800,1112,1512,400,2624,45,0.596540703614559,0.372950927720538
22,1573153200,2589,2346,0,4935,45,-0.7575849308570787,1.9247068839281363
22,1573167600,1247,808,0,2055,45,-0.7575849308570787,-0.009112741289467789
22,1573182000,220,132,0,352,45,-0.7575849308570787,-1.1526178877289053
22,1573196400,206,284,78,490,45,-0.49353043213510933,-1.059955697353895
22,1573210800,1079,1894,815,2973,45,2.0014460493788833,0.6072922642486436
22,1573225200,1188,1841,653,3029,45,1.4530251674178698,0.6448943125167637
22,1573239600,2520,2826,306,5346,45,0.27832117951372415,2.200679059610232
22,1573254000,1302,935,0,2237,45,-0.7575849308570787,0.11309391558192247
22,1573268400,315,191,0,506,45,-0.7575849308570787,-1.049212254991575
22,1573282800,62,156,94,218,45,-0.43936540675624386,-1.2425942175133355
22,1573297200,473,744,271,1217,45,0.15983518649745584,-0.5718005350159789
22,1573311600,1152,1732,580,2884,45,1.205897239126796,0.5475318661082385
22,1573326000,1643,1857,214,3500,45,-0.03312771641475254,0.9611543970575593
22,1573340400,1039,893,0,1932,45,-0.7575849308570787,-0.09170295444980296
22,1573354800,319,193,0,512,45,-0.7575849308570787,-1.045183464105705
22,1573369200,49,98,49,147,45,-0.5917045406343031,-1.2902682429961305
22,1573383600,327,581,254,908,45,0.10228484703241124,-0.7792832656382844
22,1573398000,1055,1720,665,2775,45,1.493648936452019,0.47434216501493326
22,1573412400,1460,1570,110,3030,45,-0.38520038137737833,0.6455657776644086
22,1573426800,1036,613,0,1649,45,-0.7575849308570787,-0.28172759123333835
22,1573441200,167,109,0,276,45,-0.7575849308570787,-1.2036492389499254
22,1573455600,152,227,75,379,45,-0.5036863743936466,-1.1344883287424903
22,1573470000,1058,1872,814,2930,45,1.9980607352927042,0.5784192628999084
22,1573484400,1167,1786,619,2953,45,1.3379244884877806,0.5938629612957435
22,1573498800,2451,2180,0,4631,45,-0.7575849308570787,1.720581479044056
22,1573513200,1216,625,0,1841,45,-0.7575849308570787,-0.1528062828854981
22,1573527600,199,111,0,310,46,-0.7792801325372171,-1.1699437902917043
22,1573542000,243,272,29,515,46,-0.6886851911007056,-1.0376208515531449
22,1573556400,1279,2037,758,3316,46,1.5886841988033233,0.7703623260405374
22,1573570800,1062,1344,282,2406,46,0.1016775738454114,0.1829775735913226
22,1573585200,2357,2264,0,4621,46,-0.7792801325372171,1.6127107897177084
22,1573599600,1162,660,0,1822,46,-0.7792801325372171,-0.19398143237608564
22,1573614000,145,189,44,334,46,-0.6418257386335445,-1.1544523242930436
22,1573628400,203,285,82,488,46,-0.5231151257167365,-1.055048750801638
22,1573642800,1148,1888,740,3036,46,1.53245285584273,0.5896285560561637
22,1573657200,1101,1416,315,2517,46,0.2047683692731658,0.25462560383512794
22,1573671600,2403,2263,0,4666,46,-0.7792801325372171,1.641757288465197
22,1573686000,1316,671,0,1987,46,-0.7792801325372171,-0.08747760363529393
22,1573700400,174,106,0,280,46,-0.7792801325372171,-1.18930812279003
22,1573714800,226,270,44,496,46,-0.6418257386335445,-1.0498849288020844
22,1573729200,1330,2076,746,3406,46,1.5511966368295944,0.8284553235355148
22,1573743600,1022,2127,1105,3149,46,2.67269953254365,0.6625675417998574
22,1573758000,2455,3263,808,5718,46,1.7448823736938601,2.320799881406487
22,1573772400,1411,1458,47,2869,46,-0.6324538481401123,0.4818337718154836
22,1573786800,360,193,0,553,46,-0.7792801325372171,-1.0130926970552656
22,1573801200,227,326,99,553,46,-0.47000774625395386,-1.0130926970552656
22,1573815600,1174,1923,749,3097,46,1.5605685273230265,0.6290026988027594
22,1573830000,1272,1815,543,3087,46,0.9170320467740143,0.6225479213033175
22,1573844400,2508,2608,100,5116,46,-0.4668837827561431,1.9322222759400836
22,1573858800,3106,1325,0,4431,46,-0.7792801325372171,1.490070017228312
22,1573873200,334,447,113,781,46,-0.4262722572846035,-0.8659237700679897
22,1573887600,69,131,62,200,46,-0.5855943956729512,-1.2409463427855654
22,1573902000,452,994,542,1446,46,0.9139080832762037,-0.4366810663551019
22,1573916400,1107,1893,786,3000,46,1.676155176742024,0.5663913570581728
22,1573930800,1505,1657,152,3162,46,-0.3044376808699847,0.670958752549132
22,1573945200,1138,892,0,2030,46,-0.7792801325372171,-0.05972206038769366
22,1573959600,305,196,0,501,46,-0.7792801325372171,-1.0466575400523634
22,1573974000,51,116,65,167,46,-0.576222505179519,-1.2622471085337237
22,1573988400,287,719,432,1006,46,0.5702720985170223,-0.7206912763305464
22,1574002800,778,1552,774,2330,46,1.638667614768295,0.133921264595564
22,1574017200,1161,1051,0,2212,46,-0.7792801325372171,0.05775489010214932
22,1574031600,673,405,0,1078,46,-0.7792801325372171,-0.6742168783345647
22,1574046000,141,86,0,227,46,-0.7792801325372171,-1.2235184435370723
22,1574060400,213,278,65,491,46,-0.576222505179519,-1.0531123175518053
22,1574074800,1274,1939,665,3213,46,1.2981555935069244,0.7038781177962857
22,1574089200,978,1308,330,2286,46,0.2516278217403269,0.10552024359801954
22,1574103600,2474,2115,0,4589,46,-0.7792801325372171,1.5920555017194942
22,1574118000,1145,509,0,1654,46,-0.7792801325372171,-0.3024216943667099
22,1574132400,125,99,0,224,47,-0.7606880573816057,-1.1796440736794314
22,1574146800,227,260,33,487,47,-0.6424782078994994,-1.0148218765575698
22,1574161200,1228,1982,754,3210,47,1.9402278974519729,0.6916832290045162
22,1574175600,1010,1420,410,2430,47,0.7079797695172899,0.20285694096249374
22,1574190000,2395,2446,51,4841,47,-0.578000108181987,1.7138315313077708
22,1574204400,1345,634,0,1979,47,-0.7606880573816057,-0.0797849255848808
22,1574218800,179,101,0,280,47,-0.7606880573816057,-1.1445488529994914
22,1574233200,213,255,42,468,47,-0.6102391580407432,-1.0267291835739782
22,1574247600,3526,3064,0,6590,47,-0.7606880573816057,2.8099304771866134
22,1574262000,1010,1469,459,2479,47,0.8835034854149627,0.2335652590574413
22,1574276400,2485,2034,0,4519,47,-0.7606880573816057,1.5120340123981155
22,1574290800,1296,720,0,2016,47,-0.7606880573816057,-0.056597011921348965
22,1574305200,204,114,0,318,47,-0.7606880573816057,-1.1207342389666748
22,1574319600,236,260,24,496,47,-0.6747172577582556,-1.0091815732340081
22,1574334000,1200,1980,780,3180,47,2.033362930377269,0.6728822179259769
22,1574348400,1089,1528,439,2617,47,0.8118611523955045,0.3200499100187222
22,1574362800,2433,2229,0,4662,47,-0.7606880573816057,1.6016521652058195
22,1574377200,1281,710,0,1991,47,-0.7606880573816057,-0.07226452115346507
22,1574391600,237,140,0,377,47,-0.7606880573816057,-1.0837589171788808
22,1574406000,248,241,0,489,47,-0.7606880573816057,-1.0135684758190007
22,1574420400,1140,1831,691,2971,47,1.7145545484406792,0.5419018407454862
22,1574434800,1192,1705,513,2897,47,1.0769377845675001,0.49552601341842256
22,1574449200,2342,2579,237,4921,47,0.08827358889897541,1.7639675608505425
22,1574463600,1162,877,0,2039,47,-0.7606880573816057,-0.04218290342780215
22,1574478000,340,266,0,606,47,-0.7606880573816057,-0.9402445326126972
22,1574492400,85,160,75,245,47,-0.49202930855863697,-1.1664833659244538
22,1574506800,435,994,559,1429,47,1.2417151505122543,-0.4244701286914351
22,1574521200,1051,1870,819,2921,47,2.1730654797652122,0.510566822281254
22,1574535600,1511,1681,170,3192,47,-0.15172822671620995,0.6804026223573926
22,1574550000,994,957,0,1951,47,-0.7606880573816057,-0.09733253592485083
22,1574564400,258,241,0,499,47,-0.7606880573816057,-1.0073014721261542
22,1574578800,44,116,72,160,47,-0.5027756585115557,-1.2197528973136487
22,1574593200,259,748,489,1007,47,0.9909669849441501,-0.688937684529555
22,1574607600,773,1465,692,2238,47,1.718136665091652,0.08253047005984204
22,1574622000,1117,1466,349,2583,47,0.489470653807942,0.2987420974630443
22,1574636400,820,488,0,1308,47,-0.7606880573816057,-0.500300873374877
22,1574650800,127,118,0,245,47,-0.7606880573816057,-1.1664833659244538
22,1574665200,223,281,58,504,47,-0.5529252916251766,-1.004167970279731
22,1574679600,1204,1920,716,3124,47,1.8041074647150022,0.6377869972460368
22,1574694000,1096,1583,487,2679,47,0.9838027516422043,0.35890533291437016
22,1574708400,2450,2329,0,4779,47,-0.7606880573816057,1.6749761084121229
22,1574722800,1299,1215,0,2514,47,-0.7606880573816057,0.25549977198240387
22,1574737200,194,108,0,302,48,-0.6693293941306954,-1.2073264696977006
22,1574751600,263,270,7,533,48,-0.6526542952514119,-1.0440291309040537
22,1574766000,1177,1876,699,3053,48,0.9957983368148986,0.7373963832084589
22,1574780400,1212,1678,466,2890,48,0.44075575983303394,0.6221692567003877
22,1574794800,2478,2425,0,4903,48,-0.6693293941306954,2.04518892333074
22,1574809200,1370,845,0,2215,48,-0.6693293941306954,0.14500170827739325
22,1574823600,235,147,0,382,48,-0.6693293941306954,-1.150773278773494
22,1574838000,237,283,46,520,48,-0.5597501729239753,-1.0532190244292372
22,1574852400,947,1743,796,2690,48,1.2268675641421127,0.48078627938987084
22,1574866800,1388,2290,902,3678,48,1.4793762043141199,1.179218187303824
22,1574881200,2277,2559,282,4836,48,0.0024388750061536944,1.9978256259317169
22,1574895600,1647,904,0,2551,48,-0.6693293941306954,0.3825251101590616
22,1574910000,382,153,0,535,48,-0.6693293941306954,-1.0426153011309485
22,1574924400,85,208,123,293,48,-0.37632408525185695,-1.213688703676674
22,1574938800,87,1854,1767,1941,48,3.539941994397008,-0.04869297063801486
22,1574953200,1225,1490,265,2715,48,-0.03805779370067763,0.4984591515536854
22,1574967600,1079,1271,192,2350,48,-0.21195525344177688,0.24043521796199213
22,1574982000,1055,833,0,1888,48,-0.6693293941306954,-0.08615945962530183
22,1574996400,664,233,0,897,48,-0.6693293941306954,-0.7867121121989129
22,1575010800,159,305,146,464,48,-0.32153447464849694,-1.092806258076182
22,1575025200,658,1817,1159,2475,48,2.0915905488820994,0.3287995787810652
22,1575039600,1537,2881,1344,4418,48,2.5322895906917346,1.7023352033527366
22,1575054000,2470,2490,20,4960,48,-0.6216862544755997,2.085483071864237
22,1575068400,1672,890,0,2562,48,-0.6693293941306954,0.39030117391114005
22,1575082800,363,206,0,569,48,-0.6693293941306954,-1.0185801949881605
22,1575097200,49,139,90,188,48,-0.4549352656827648,-1.2879147667646953
22,1575111600,392,915,523,1307,48,0.5765387078500567,-0.49687700871235335
22,1575126000,1073,1837,764,2910,48,1.1506385406939597,0.6363075544314394
22,1575140400,1787,1568,0,3355,48,-0.6693293941306954,0.9508846789473394
22,1575154800,1261,944,0,2205,48,-0.6693293941306954,0.1379325594118674
22,1575169200,326,194,0,520,48,-0.6693293941306954,-1.0532190244292372
22,1575183600,53,131,78,184,48,-0.48352114947582225,-1.2907424263109055
22,1575198000,327,773,446,1100,48,0.39311262017793824,-0.6432083902287383
22,1575212400,851,1613,762,2464,48,1.14587422672845,0.32102351502898674
22,1575226800,1215,1177,0,2392,48,-0.6693293941306954,0.27012564319720067
22,1575241200,812,368,0,1180,48,-0.6693293941306954,-0.5866551993045316
22,1575255600,145,98,0,243,48,-0.6693293941306954,-1.2490344480043032
22,1575270000,228,257,29,485,48,-0.6002468416308067,-1.0779610454585777
22,1575284400,1197,1729,532,2926,48,0.5979781206948497,0.6476181926162807
22,1575298800,1033,1396,363,2429,48,0.1953935906092912,0.2962814939996463
22,1575313200,2276,2030,0,4306,48,-0.6693293941306954,1.6231607360588471
22,1575327600,1055,546,0,1601,48,-0.6693293941306954,-0.2890440320658935
22,1575342000,147,104,0,251,49,-0.6958517313579302,-1.239489616871626
22,1575356400,219,295,76,514,49,-0.4328993545975996,-1.0693445633980652
22,1575370800,1275,1947,672,3222,49,1.6292008631544677,0.6825672419494757
22,1575385200,1193,1525,332,2718,49,0.4528349671214091,0.3565098010723854
22,1575399600,2629,2679,50,5308,49,-0.5228567466471864,2.0320827611352104
22,1575414000,1424,788,0,2212,49,-0.6958517313579302,0.02915848146165581
22,1575428400,225,97,0,322,49,-0.6958517313579302,-1.193556921827433
22,1575442800,252,256,4,508,49,-0.6820121325810707,-1.073226199598983
22,1575457200,1241,1944,703,3185,49,1.7364577536751287,0.6586304853771496
22,1575471600,1110,1686,576,2796,49,1.2970504925098394,0.406971071684316
22,1575486000,2603,2172,0,4775,49,-0.6958517313579302,1.6872640786203512
22,1575500400,1543,872,0,2415,49,-0.6958517313579302,0.1604871729260394
22,1575514800,237,131,0,368,49,-0.6958517313579302,-1.16379771095373
22,1575529200,233,286,53,519,49,-0.5124770475645417,-1.066109866563967
22,1575543600,1199,2110,911,3309,49,2.456116890071823,0.738850966862783
22,1575558000,1225,1494,269,2719,49,0.2348612863858718,0.357156740439205
22,1575572400,2651,2519,0,5170,49,-0.6958517313579302,1.9428051285141026
22,1575586800,1649,858,0,2507,49,-0.6958517313579302,0.22000559467344477
22,1575601200,280,161,0,441,49,-0.6958517313579302,-1.1165711371758977
22,1575615600,225,263,38,488,49,-0.5643755429777649,-1.0861649869353753
22,1575630000,1102,1831,729,2933,49,1.8264151457247155,0.4956017649386044
22,1575644400,1260,1716,456,2976,49,0.881862529204054,0.5234201577118482
22,1575658800,2530,2394,0,4924,49,-0.6958517313579302,1.7836580442764751
22,1575673200,1419,877,0,2296,49,-0.6958517313579302,0.08350138827450419
22,1575687600,368,270,0,638,49,-0.6958517313579302,-0.9891240819124317
22,1575702000,76,133,57,209,49,-0.49863744878768224,-1.2666610702780503
22,1575716400,447,963,516,1410,49,1.0894565108569467,-0.48968689072768234
22,1575730800,1181,1954,773,3135,49,1.9786507322701703,0.6262835170361685
22,1575745200,2655,2085,0,4740,49,-0.6958517313579302,1.6646212007816643
22,1575759600,1153,1052,0,2205,49,-0.6958517313579302,0.024629905893918443
22,1575774000,320,302,0,622,49,-0.6958517313579302,-0.9994751117815458
22,1575788400,55,109,54,164,49,-0.5090171478703269,-1.2957733417849333
22,1575802800,340,826,486,1166,49,0.9856595200305004,-0.6475400962316705
22,1575817200,959,1767,808,2726,49,2.099747221567691,0.36168531600694237
22,1575831600,1368,1396,28,2764,49,-0.5989745399199137,0.38626901194608804
22,1575846000,816,576,0,1392,49,-0.6958517313579302,-0.5013317993304356
22,1575860400,163,77,0,240,49,-0.6958517313579302,-1.246605949906642
22,1575874800,246,239,0,485,49,-0.6958517313579302,-1.088105805035834
22,1575889200,1320,1888,568,3208,49,1.2693712949561202,0.6735100908140009
22,1575903600,1097,1385,288,2482,49,0.3005993805759545,0.2038321105029542
22,1575918000,2455,2181,0,4636,49,-0.6958517313579302,1.5973395066324234
22,1575932400,1230,683,0,1913,49,-0.6958517313579302,-0.16427638921741167
22,1575946800,257,105,0,362,50,-0.6908033109966916,-1.0092870754534442
22,1575961200,239,265,26,504,50,-0.5959536878463593,-0.9204230506836353
22,1575975600,1252,2034,782,3286,50,2.161981508370994,0.8205608712150158
22,1575990000,1219,1602,383,2821,50,0.7064045992562796,0.5295624802434584
22,1576004400,2547,2355,0,4902,50,-0.6908033109966916,1.831858505215095
22,1576018800,1409,732,0,2141,50,-0.6908033109966916,0.10401644613451419
22,1576033200,253,129,0,382,50,-0.6908033109966916,-0.9967710156267106
22,1576047600,251,270,19,521,50,-0.6214901248483718,-0.9097843998309116
22,1576062000,1335,2018,683,3353,50,1.8008233279139596,0.8624896716345736
22,1576076400,1114,1557,443,2671,50,0.9252883449878156,0.435692031542956
22,1576090800,2628,2348,0,4976,50,-0.6908033109966916,1.8781679265740097
22,1576105200,1487,976,0,2463,50,-0.6908033109966916,0.305525009344926
22,1576119600,273,106,0,379,50,-0.6908033109966916,-0.9986484246007206
22,1576134000,250,282,32,532,50,-0.5740653132732056,-0.9029005669262081
22,1576148400,1180,1926,746,3106,50,2.030651260932072,0.7079163327744129
22,1576162800,1216,1662,446,2878,50,0.9362325322743925,0.5652332507496493
22,1576177200,2374,2409,35,4783,50,-0.5631211259866289,1.7573879492460298
22,1576191600,1534,1027,0,2561,50,-0.6908033109966916,0.3668537024959209
22,1576206000,336,203,0,539,50,-0.6908033109966916,-0.8985199459868514
22,1576220400,253,229,0,482,50,-0.6908033109966916,-0.9341907164930423
22,1576234800,1165,1861,696,3026,50,1.8482481394891257,0.6578520934674783
22,1576249200,1216,1588,372,2804,50,0.6662759125388314,0.5189238293907348
22,1576263600,2520,2563,43,5083,50,-0.5339366265557575,1.9451288466470347
22,1576278000,1277,882,0,2159,50,-0.6908033109966916,0.11528089997857448
22,1576292400,366,235,0,601,50,-0.6908033109966916,-0.859720160523977
22,1576306800,65,149,84,214,50,-0.3843660669725412,-1.1019059181712731
22,1576321200,424,815,391,1239,50,0.7355890986871512,-0.4604578520511735
22,1576335600,1418,1819,401,3237,50,0.7720697229757405,0.7898965246395183
22,1576350000,1878,1767,0,3645,50,-0.6908033109966916,1.045224145104885
22,1576364400,1134,1084,0,2218,50,-0.6908033109966916,0.15220327646743875
22,1576378800,397,279,0,676,50,-0.6908033109966916,-0.8127849361737258
22,1576383678,41,13,0,54,50,-0.6908033109966916,-1.2020343967851423
22,1576383746,1,0,0,1,50,-0.6908033109966916,-1.2352019553259865
22,1576383840,2,0,0,2,50,-0.6908033109966916,-1.23457615233465
22,1576383922,0,0,0,0,50,-0.6908033109966916,-1.2358277583173234
22,1576384005,1,0,0,1,50,-0.6908033109966916,-1.2352019553259865
22,1576393200,68,103,35,171,50,-0.5631211259866289,-1.1288154467987506
22,1576407600,291,856,565,1147,50,1.3703519613086055,-0.5180317272541484
22,1576422000,1023,1928,905,2951,50,2.6106931871206425,0.6109168691172271
22,1576436400,1541,1828,287,3369,50,0.35619060608582215,0.8725025194959605
22,1576450800,997,769,0,1766,50,-0.6908033109966916,-0.1306596756167418
22,1576465200,174,110,0,284,50,-0.6908033109966916,-1.0580997087777055
22,1576479600,253,268,15,521,50,-0.6360823745638076,-0.9097843998309116
22,1576494000,1245,1967,722,3212,50,1.9430977626394579,0.7742514498561013
22,1576508400,1227,1758,531,2985,50,1.2463178387274019,0.6321941708226744
22,1576522800,2567,2825,258,5392,50,0.2503967956489131,2.1385019709700694
22,1576537200,1435,980,0,2415,50,-0.6908033109966916,0.27548646576076524
22,1576551600,211,114,0,325,51,-0.4353817674818769,-1.1298836232306324
22,1576566000,197,269,72,466,51,-0.3381206409847349,-1.0499750227844902
22,1576580400,1147,1991,844,3138,51,0.7047347709012877,0.46432129205304146
22,1576594800,1139,1612,473,2751,51,0.20356979964518093,0.24499768657320434
22,1576609200,2493,2535,42,5028,51,-0.37864611035854406,1.53543657462899
22,1576623600,1659,892,0,2551,51,-0.4353817674818769,0.1316521540254849
22,1576638000,261,118,0,379,51,-0.4353817674818769,-1.0992803294427482
22,1576652400,244,256,12,500,51,-0.41917157973235325,-1.030706282251378
22,1576666800,1313,2084,771,3397,51,0.6061227954250187,0.6111037567023381
22,1576681200,1300,1757,457,3057,51,0.18195621597914938,0.4184163513712151
22,1576695600,2655,2764,109,5419,51,-0.2881392287570369,1.7570270907597816
22,1576710000,1586,1036,0,2622,51,-0.4353817674818769,0.17188981807992532
22,1576724400,265,138,0,403,51,-0.4353817674818769,-1.0856788655370218
22,1576738800,250,240,0,490,51,-0.4353817674818769,-1.036373558878764
22,1576753200,1315,1966,651,3281,51,0.444020917929782,0.5453633478246608
22,1576767600,1248,1666,418,2914,51,0.12927310579319748,0.3373742955995957
22,1576782000,2672,2319,0,4991,51,-0.4353817674818769,1.514467651107662
22,1576796400,1586,1125,0,2711,51,-0.4353817674818769,0.22232858006366046
22,1576810800,288,159,0,447,51,-0.4353817674818769,-1.0607428483765236
22,1576825200,197,1232,1035,1429,51,0.9627469259145394,-0.5042162835672211
22,1576839600,1078,1820,742,2898,51,0.5669481750303365,0.3283066529957781
22,1576854000,1421,2000,579,3421,51,0.34675979143263996,0.6247052206080644
22,1576868400,2760,2766,6,5526,51,-0.4272766736071151,1.8176669506728114
22,1576882800,1471,1053,0,2524,51,-0.4353817674818769,0.11635050713154278
22,1576897200,356,303,0,659,51,-0.4353817674818769,-0.9405965838759409
22,1576911600,67,134,67,201,51,-0.34487488588036974,-1.2001578534102184
22,1576926000,394,826,432,1220,51,0.14818499150097508,-0.6226623650795879
22,1576940400,1226,1557,331,2783,51,0.01174924460915089,0.26313297178083944
22,1576954800,1722,1816,94,3538,51,-0.3084019634439415,0.6910123571484803
22,1576969200,1232,889,0,2121,51,-0.4353817674818769,-0.11204074095211188
22,1576983600,318,227,0,545,51,-0.4353817674818769,-1.005203537428141
22,1576998000,57,117,60,174,51,-0.3543308287342586,-1.2154595003041606
22,1577012400,302,884,582,1186,51,0.3508123383700209,-0.6419311056127002
22,1577026800,1046,1182,136,2228,51,-0.25166630632060866,-0.051400881039081976
22,1577041200,1597,6336,4739,7933,51,5.966291544600844,3.1817804348846144
22,1577055600,1108,730,0,1838,51,-0.4353817674818769,-0.2724246695071349
22,1577070000,254,151,0,405,51,-0.4353817674818769,-1.0845454102115446
22,1577084400,200,249,49,449,51,-0.3691901675046553,-1.0596093930510464
22,1577089714,355,437,82,792,51,-0.32461215119346515,-0.8652218047317075
22,1577098800,698,1217,519,1915,51,0.26570885268502165,-0.22878663947626288
22,1577113200,1460,2017,557,3477,51,0.3170411138918466,0.6564419697214259
22,1577127600,2512,2196,0,4708,51,-0.4353817674818769,1.354083722552639
22,1577142000,1584,1280,0,2864,51,-0.4353817674818769,0.3090379124626658
22,1577156400,395,165,0,560,52,-0.6581645268224361,-0.8903582032801765
22,1577170800,183,229,46,412,52,-0.517156640617901,-0.9955522006874138
22,1577185200,679,1548,869,2227,52,2.005658366911064,0.294495808056748
22,1577199600,1380,2630,1250,4010,52,3.1735715113442793,1.5617991687128583
22,1577214000,1923,1910,0,3833,52,-0.6581645268224361,1.4359928339758246
22,1577228400,880,621,0,1501,52,-0.6581645268224361,-0.22152339544091673
22,1577242800,170,154,0,324,52,-0.6581645268224361,-1.058099982929555
22,1577257200,27,56,29,83,52,-0.5692682507369683,-1.2293956138426916
22,1577271600,173,336,163,509,52,-0.1585061474454965,-0.9266074861705083
22,1577286000,621,769,148,1390,52,-0.20448697990349707,-0.3004188934963448
22,1577300400,857,974,117,1831,52,-0.2995140336500316,0.013030787967112692
22,1577314800,593,504,0,1097,52,-0.6581645268224361,-0.5086745775525648
22,1577329200,127,109,0,236,52,-0.6581645268224361,-1.1206477651716962
22,1577343600,159,237,78,396,52,-0.4190641980408331,-1.0069245247314396
22,1577358000,796,1307,511,2103,52,0.9082491655801169,0.20636029671554906
22,1577372400,1299,1830,531,3129,52,0.9695569421907844,0.9356105760386951
22,1577386800,2300,1807,0,4107,52,-0.6581645268224361,1.630743883229764
22,1577401200,1383,952,0,2335,52,-0.6581645268224361,0.37125899535392126
22,1577415600,299,162,0,461,52,-0.6581645268224361,-0.9607244583025852
22,1577430000,175,197,22,372,52,-0.5907259725507019,-1.023983010797478
22,1577444400,684,1357,673,2041,52,1.4048421561265232,0.1622925410449496
22,1577458800,1434,1889,455,3323,52,0.7365873910702482,1.0735000050725063
22,1577473200,2250,2511,261,4761,52,0.141901957946774,2.095587628529313
22,1577487600,1301,1162,0,2463,52,-0.6581645268224361,0.4622375877061266
