remote_unit_id,time_stamp,entries,exits,num_people_exited,sum_exit_entry,week_num,z_score_num_people_exited,z_score_sum_exit_entry
304,1546311600,120,137,17,257,1,-0.1126246822401176,-0.6182856230271011
304,1546326000,44,38,0,82,1,-0.31724051714964424,-0.9753812798909383
304,1546340400,171,56,0,227,1,-0.31724051714964424,-0.679502021346616
304,1546354800,423,182,0,605,1,-0.31724051714964424,0.09182459747927244
304,1546369200,432,197,0,629,1,-0.31724051714964424,0.1407977161348844
304,1546383600,160,160,0,320,1,-0.31724051714964424,-0.48973118655611964
304,1546398000,35,25,0,60,1,-0.31724051714964424,-1.0202733053252493
304,1546412400,63,69,6,132,1,-0.24502316365216423,-0.8733539493584134
304,1546426800,639,913,274,1552,1,2.9806852925686083,2.0242222377652945
304,1546441200,483,321,0,804,1,-0.31724051714964424,0.49789337299872166
304,1546455600,792,461,0,1253,1,-0.31724051714964424,1.4140988011807956
304,1546470000,278,222,0,500,1,-0.31724051714964424,-0.12243279663902991
304,1546484400,84,71,0,155,1,-0.31724051714964424,-0.8264213773134519
304,1546498800,66,64,0,130,1,-0.31724051714964424,-0.8774350425797144
304,1546513200,688,949,261,1637,1,2.824214359990735,2.197668699670587
304,1546527600,485,348,0,833,1,-0.31724051714964424,0.5570692247075861
304,1546542000,836,423,0,1259,1,-0.31724051714964424,1.4263420808446985
304,1546556400,265,241,0,506,1,-0.31724051714964424,-0.11018951697512692
304,1546570800,102,76,0,178,1,-0.31724051714964424,-0.7794888052684904
304,1546585200,63,76,13,139,1,-0.16076958457177093,-0.8590701230838599
304,1546599600,705,847,142,1552,1,1.3919035156240487,2.0242222377652945
304,1546614000,491,338,0,829,1,-0.31724051714964424,0.5489070382649841
304,1546628400,873,458,0,1331,1,-0.31724051714964424,1.5732614368115343
304,1546642800,263,225,0,488,1,-0.31724051714964424,-0.1469193559668359
304,1546657200,81,63,0,144,1,-0.31724051714964424,-0.8488673900306074
304,1546671600,29,22,0,51,1,-0.31724051714964424,-1.0386382248211037
304,1546686000,226,144,0,370,1,-0.31724051714964424,-0.38770385602359475
304,1546700400,389,196,0,585,1,-0.31724051714964424,0.05101366526626246
304,1546714800,383,183,0,566,1,-0.31724051714964424,0.012243279663902991
304,1546729200,189,169,0,358,1,-0.31724051714964424,-0.4121904153514007
304,1546743600,68,59,0,127,1,-0.31724051714964424,-0.8835566824116659
304,1546758000,22,14,0,36,1,-0.31724051714964424,-1.0692464239808612
304,1546772400,209,110,0,319,1,-0.31724051714964424,-0.49177173316677014
304,1546786800,366,166,0,532,1,-0.31724051714964424,-0.05713530509821396
304,1546801200,298,177,0,475,1,-0.31724051714964424,-0.17344646190529237
304,1546815600,98,94,0,192,1,-0.31724051714964424,-0.7509211527193834
304,1546830000,34,24,0,58,1,-0.31724051714964424,-1.0243543985465502
304,1546844400,61,56,0,117,1,-0.31724051714964424,-0.9039621485181709
304,1546858800,684,1078,394,1762,1,4.425032362518208,2.4527370260018992
304,1546873200,409,321,0,730,1,-0.31724051714964424,0.34689292381058473
304,1546887600,763,473,0,1236,1,-0.31724051714964424,1.3794095087997371
304,1546902000,243,161,0,404,1,-0.31724051714964424,-0.31832527126147775
304,1546916400,51,20,0,71,2,-0.3693888250797192,-0.9975755078100196
304,1546930800,78,65,0,143,2,-0.3693888250797192,-0.8705418473216422
304,1546945200,709,1045,336,1754,2,2.7614310545148735,1.971836306105803
304,1546959600,479,335,0,814,2,-0.3693888250797192,0.31334129417420875
304,1546974000,807,494,0,1301,2,-0.3693888250797192,1.1725828588664284
304,1546988400,292,191,0,483,2,-0.3693888250797192,-0.2706606727931931
304,1547002800,55,27,0,82,2,-0.3693888250797192,-0.9781675874576286
304,1547017200,67,67,0,134,2,-0.3693888250797192,-0.8864210548826893
304,1547031600,725,1051,326,1776,2,2.668251891431701,2.010652146810585
304,1547046000,488,350,0,838,2,-0.3693888250797192,0.35568584767033457
304,1547060400,826,490,0,1316,2,-0.3693888250797192,1.199048204801507
304,1547074800,274,194,0,468,2,-0.3693888250797192,-0.29712601872827177
304,1547089200,57,32,0,89,2,-0.3693888250797192,-0.9658170926879253
304,1547103600,70,50,0,120,2,-0.3693888250797192,-0.9111220444220961
304,1547118000,736,1069,333,1805,2,2.7334773055899215,2.0618184822850703
304,1547132400,438,329,0,767,2,-0.3693888250797192,0.23041654357762903
304,1547146800,856,560,0,1416,2,-0.3693888250797192,1.3754838443686979
304,1547161200,292,173,0,465,2,-0.3693888250797192,-0.3024190879152875
304,1547175600,61,33,0,94,2,-0.3693888250797192,-0.9569953107095657
304,1547190000,66,73,7,139,2,-0.3041634109214985,-0.8775992729043298
304,1547204400,667,982,315,1649,2,2.565754812040211,1.7865788845602526
304,1547218800,534,385,0,919,2,-0.3693888250797192,0.49859871571975917
304,1547233200,872,477,0,1349,2,-0.3693888250797192,1.25727196585868
304,1547247600,295,246,0,541,2,-0.3693888250797192,-0.1683280018442224
304,1547262000,50,51,1,101,2,-0.36007090877140197,-0.9446448159398623
304,1547276400,24,18,0,42,2,-0.3693888250797192,-1.048741843284505
304,1547290800,250,133,0,383,2,-0.3693888250797192,-0.447096312360384
304,1547305200,403,176,0,579,2,-0.3693888250797192,-0.10128245880868986
304,1547319600,409,173,0,582,2,-0.3693888250797192,-0.09598938962167412
304,1547334000,199,158,0,357,2,-0.3693888250797192,-0.4929695786478536
304,1547348400,62,60,0,122,2,-0.3693888250797192,-0.9075933316307522
304,1547362800,28,17,0,45,2,-0.3693888250797192,-1.0434487740974892
304,1547377200,213,88,0,301,2,-0.3693888250797192,-0.5917735368054805
304,1547391600,383,196,0,579,2,-0.3693888250797192,-0.10128245880868986
304,1547406000,303,177,0,480,2,-0.3693888250797192,-0.27595374198020883
304,1547420400,122,109,0,231,2,-0.3693888250797192,-0.7152784845025142
304,1547434800,31,24,0,55,2,-0.3693888250797192,-1.0258052101407702
304,1547449200,68,64,0,132,2,-0.3693888250797192,-0.8899497676740331
304,1547463600,708,1055,347,1763,2,2.863928133906363,1.9877155136668503
304,1547478000,420,311,0,731,2,-0.3693888250797192,0.1668997133334403
304,1547492400,822,464,0,1286,2,-0.3693888250797192,1.1461175129313497
304,1547506800,262,165,0,427,2,-0.3693888250797192,-0.36946463095082
304,1547521200,47,19,0,66,3,-0.324663971086216,-0.9444979516806625
304,1547535600,75,78,3,153,3,-0.29795373366904643,-0.7764424540712757
304,1547550000,714,1031,317,1745,3,2.4977177826613666,2.298779984941872
304,1547564400,386,352,0,738,3,-0.324663971086216,0.35358589192287726
304,1547578800,842,437,0,1279,3,-0.324663971086216,1.3986206529191794
304,1547593200,271,204,0,475,3,-0.324663971086216,-0.15444394567791286
304,1547607600,56,35,0,91,3,-0.324663971086216,-0.8962061420227928
304,1547622000,70,66,0,136,3,-0.324663971086216,-0.8092808846386271
304,1547625925,160,22,0,182,3,-0.324663971086216,-0.7204239548681467
304,1547636400,578,1074,496,1652,3,4.09142861521915,2.1191344530145964
304,1547650800,472,344,0,816,3,-0.324663971086216,0.504256338055431
304,1547665200,839,514,0,1353,3,-0.324663971086216,1.541564409506474
304,1547679600,286,164,0,450,3,-0.324663971086216,-0.20273575533578267
304,1547694000,58,30,0,88,3,-0.324663971086216,-0.9020011591817372
304,1547708400,83,56,0,139,3,-0.324663971086216,-0.8034858674796828
304,1547722800,705,1120,415,1825,3,3.3702522049555723,2.4533137758470556
304,1547737200,433,410,0,843,3,-0.324663971086216,0.5564114924859304
304,1547751600,873,493,0,1366,3,-0.324663971086216,1.5666761505285662
304,1547766000,284,222,0,506,3,-0.324663971086216,-0.09456210170215434
304,1547780400,56,64,8,120,3,-0.2534366713070972,-0.8401876428196638
304,1547794800,54,69,15,123,3,-0.1911127840003682,-0.8343926256607195
304,1547809200,713,996,283,1709,3,2.1950017586001116,2.2292397790345397
304,1547823600,473,356,0,829,3,-0.324663971086216,0.5293680790775233
304,1547838000,760,402,0,1162,3,-0.324663971086216,1.1726149837203488
304,1547852400,268,193,0,461,3,-0.324663971086216,-0.18148735908631997
304,1547866800,66,78,12,144,3,-0.21782302141753776,-0.7938275055481088
304,1547881200,24,15,0,39,3,-0.324663971086216,-0.9966531061111619
304,1547895600,273,123,0,396,3,-0.324663971086216,-0.3070460641967814
304,1547910000,396,170,0,566,3,-0.324663971086216,0.02133824147673314
304,1547924400,390,178,0,568,3,-0.324663971086216,0.025201586249362723
304,1547938800,177,122,0,299,3,-0.324663971086216,-0.49441828566931617
304,1547953200,70,58,0,128,3,-0.324663971086216,-0.8247342637291455
304,1547967600,26,18,0,44,3,-0.324663971086216,-0.986994744179588
304,1547982000,195,71,0,266,3,-0.324663971086216,-0.5581634744177043
304,1547996400,295,160,0,455,3,-0.324663971086216,-0.1930773934042087
304,1548010800,300,131,0,431,3,-0.324663971086216,-0.2394375306757637
304,1548025200,119,110,0,229,3,-0.324663971086216,-0.6296353527113515
304,1548039600,48,34,0,82,3,-0.324663971086216,-0.9135911934996259
304,1548054000,38,35,0,73,3,-0.324663971086216,-0.930976244976459
304,1548068400,295,314,19,609,3,-0.1554991341108088,0.10440015408826916
304,1548082800,321,181,0,502,3,-0.324663971086216,-0.10228879124741351
304,1548097200,331,213,0,544,3,-0.324663971086216,-0.02115855102219227
304,1548111600,97,84,0,181,3,-0.324663971086216,-0.7223556272544616
304,1548126000,24,25,1,49,4,-0.3601194551029271,-1.0510086983248959
304,1548140400,72,52,0,124,4,-0.36905331045692763,-0.9159120934230995
304,1548154800,648,1056,408,1704,4,3.2759596739752985,1.930123049841411
304,1548169200,407,372,0,779,4,-0.36905331045692763,0.26393158938592215
304,1548183600,796,443,0,1239,4,-0.36905331045692763,1.0925240994502732
304,1548198000,238,196,0,434,4,-0.36905331045692763,-0.35751279316234114
304,1548212400,47,31,0,78,4,-0.36905331045692763,-0.9987713444295346
304,1548226800,72,57,0,129,4,-0.36905331045692763,-0.9069056530963131
304,1548241200,701,1025,324,1726,4,2.525515824239252,1.9697513872792713
304,1548255600,496,388,0,884,4,-0.36905331045692763,0.4530668362484371
304,1548270000,822,470,0,1292,4,-0.36905331045692763,1.1879923669142094
304,1548284400,274,213,0,487,4,-0.36905331045692763,-0.26204452569840503
304,1548298800,60,65,5,125,4,-0.32438403368692487,-0.9141108053577423
304,1548313200,80,52,0,132,4,-0.36905331045692763,-0.9015017889002412
304,1548327600,706,1098,392,1804,4,3.1330179883112894,2.1102518563771393
304,1548342000,472,363,0,835,4,-0.36905331045692763,0.3648037210459301
304,1548356400,884,465,0,1349,4,-0.36905331045692763,1.2906657866395745
304,1548370800,275,208,0,483,4,-0.36905331045692763,-0.2692496779598342
304,1548385200,72,39,0,111,4,-0.36905331045692763,-0.9393288382727442
304,1548399600,67,56,0,123,4,-0.36905331045692763,-0.9177133814884568
304,1548414000,680,946,266,1626,4,2.00735221370722,1.7896225807435426
304,1548428400,484,365,0,849,4,-0.36905331045692763,0.39002175396093214
304,1548442800,852,447,0,1299,4,-0.36905331045692763,1.2006013833717104
304,1548457200,272,200,0,472,4,-0.36905331045692763,-0.28906384667876434
304,1548471600,62,67,5,129,4,-0.32438403368692487,-0.9069056530963131
304,1548486000,20,13,0,33,4,-0.36905331045692763,-1.0798293073706124
304,1548500400,254,147,0,401,4,-0.36905331045692763,-0.41695529931913156
304,1548514800,445,193,0,638,4,-0.36905331045692763,0.009949972170544993
304,1548529200,458,229,0,687,4,-0.36905331045692763,0.09821308737305195
304,1548543600,235,143,0,378,4,-0.36905331045692763,-0.4583849248223491
304,1548558000,66,62,0,128,4,-0.36905331045692763,-0.9087069411616704
304,1548572400,16,13,0,29,4,-0.36905331045692763,-1.0870344596320416
304,1548586800,234,85,0,319,4,-0.36905331045692763,-0.5646609206784289
304,1548601200,352,146,0,498,4,-0.36905331045692763,-0.2422303569794749
304,1548615600,307,170,0,477,4,-0.36905331045692763,-0.2800574063519779
304,1548630000,99,114,15,213,4,-0.23504548014691934,-0.7555974556063011
304,1548644400,33,33,0,66,4,-0.36905331045692763,-1.020386801213822
304,1548658800,74,73,0,147,4,-0.36905331045692763,-0.8744824679198819
304,1548673200,726,1045,319,1771,4,2.480846547469249,2.0508093502203493
304,1548687600,425,389,0,814,4,-0.36905331045692763,0.32697667167342714
304,1548702000,787,482,0,1269,4,-0.36905331045692763,1.1465627414109918
304,1548716400,265,169,0,434,4,-0.36905331045692763,-0.35751279316234114
304,1548730800,40,45,5,85,5,-0.3186906564958599,-0.9753521903575151
304,1548745200,72,61,0,133,5,-0.368375168644435,-0.8869270423716918
304,1548759600,717,941,224,1658,5,1.8574909756117273,1.9224135967612324
304,1548774000,424,352,0,776,5,-0.368375168644435,0.2976015025217313
304,1548788400,814,532,0,1346,5,-0.368375168644435,1.3476501348533816
304,1548802800,252,181,0,433,5,-0.368375168644435,-0.3342698674602969
304,1548817200,43,23,0,66,5,-0.368375168644435,-1.0103538114352366
304,1548831600,63,70,7,133,5,-0.2988168516364299,-0.8869270423716918
304,1548846000,698,996,298,1694,5,2.592821755410638,1.9887324577505998
304,1548860400,440,404,0,844,5,-0.368375168644435,0.42287046216831414
304,1548874800,827,511,0,1338,5,-0.368375168644435,1.3329126101890778
304,1548889200,233,183,0,416,5,-0.368375168644435,-0.3655871073719426
304,1548903600,45,26,0,71,5,-0.368375168644435,-1.0011428585200468
304,1548918000,63,49,0,112,5,-0.368375168644435,-0.9256130446154894
304,1548932400,639,1003,364,1642,5,3.2486573157718284,1.8929385474326246
304,1548946800,391,379,0,770,5,-0.368375168644435,0.2865483590235034
304,1548961200,764,507,0,1271,5,-0.368375168644435,1.209485841125533
304,1548975600,243,199,0,442,5,-0.368375168644435,-0.31769015221295505
304,1548990000,63,39,0,102,5,-0.368375168644435,-0.9440349504458693
304,1549004400,63,65,2,128,5,-0.34850136378500496,-0.8961379952868818
304,1549018800,649,915,266,1564,5,2.2748408776597575,1.749247681955662
304,1549033200,490,332,0,822,5,-0.368375168644435,0.3823422693414785
304,1549047600,846,442,0,1288,5,-0.368375168644435,1.2408030810371786
304,1549062000,297,195,0,492,5,-0.368375168644435,-0.22558062306105592
304,1549076400,61,61,0,122,5,-0.368375168644435,-0.9071911387851097
304,1549090800,26,20,0,46,5,-0.368375168644435,-1.0471976230959963
304,1549105200,223,161,0,384,5,-0.368375168644435,-0.42453720602915807
304,1549119600,406,191,0,597,5,-0.368375168644435,-0.032150611842067675
304,1549134000,389,181,0,570,5,-0.368375168644435,-0.08188975758409323
304,1549148400,191,122,0,313,5,-0.368375168644435,-0.5553327374248549
304,1549162800,58,64,6,122,5,-0.3087537540661449,-0.9071911387851097
304,1549177200,19,15,0,34,5,-0.368375168644435,-1.0693039100924522
304,1549191600,220,78,0,298,5,-0.368375168644435,-0.5829655961704246
304,1549206000,313,176,0,489,5,-0.368375168644435,-0.23110719481016986
304,1549220400,325,171,0,496,5,-0.368375168644435,-0.21821186072890397
304,1549234800,158,118,0,276,5,-0.368375168644435,-0.6234937889972603
304,1549249200,31,41,10,72,5,-0.26900614434728487,-0.9993006679370088
304,1549263600,61,53,0,114,5,-0.368375168644435,-0.9219286634494135
304,1549278000,684,1059,375,1743,5,3.357963242498694,2.078999796319461
304,1549292400,410,345,0,755,5,-0.368375168644435,0.25891550027793364
304,1549306800,786,511,0,1297,5,-0.368375168644435,1.2573827962845205
304,1549321200,273,180,0,453,5,-0.368375168644435,-0.29742605579953724
304,1549335600,43,35,0,78,6,-0.3907622935697398,-1.016637258479265
304,1549350000,75,64,0,139,6,-0.3907622935697398,-0.9109129259486642
304,1549364400,689,1011,322,1700,6,2.517696296544273,1.7945900753671975
304,1549378800,441,417,0,858,6,-0.3907622935697398,0.33524764928907086
304,1549393200,815,486,0,1301,6,-0.3907622935697398,1.103048949470318
304,1549407600,267,201,0,468,6,-0.3907622935697398,-0.34069480459509704
304,1549422000,55,40,0,95,6,-0.3907622935697398,-0.987173100233032
304,1549436400,67,74,7,141,6,-0.32753493291508734,-0.907446554390284
304,1549450800,748,1045,297,1793,6,2.2918842942062283,1.9557763528318837
304,1549465200,479,448,0,927,6,-0.3907622935697398,0.45483746805319286
304,1549479600,861,537,0,1398,6,-0.3907622935697398,1.2711679700517649
304,1549494000,268,181,0,449,6,-0.3907622935697398,-0.37362533439971035
304,1549508400,64,42,0,106,6,-0.3907622935697398,-0.96810805666194
304,1549522800,65,82,17,147,6,-0.23721013197986954,-0.8970474397151429
304,1549537200,708,1130,422,1838,6,3.420944305896451,2.0337697128954417
304,1549551600,451,410,0,861,6,-0.3907622935697398,0.34044720662664135
304,1549566000,917,515,0,1432,6,-0.3907622935697398,1.3300962865442307
304,1549580400,238,182,0,420,6,-0.3907622935697398,-0.4238877219962254
304,1549594800,41,54,13,95,6,-0.27334005235395664,-0.987173100233032
304,1549609200,50,70,20,120,6,-0.21011269169930422,-0.9438434557532775
304,1549623600,686,1061,375,1747,6,2.996417741500927,1.8760498069891358
304,1549638000,539,400,0,939,6,-0.3907622935697398,0.47563569740347494
304,1549652400,879,502,0,1381,6,-0.3907622935697398,1.241703811805532
304,1549666800,335,212,0,547,6,-0.3907622935697398,-0.2037731280390733
304,1549681200,68,88,20,156,6,-0.21011269169930422,-0.8814487677024313
304,1549695600,23,26,3,49,6,-0.3636648532891744,-1.06689964607578
304,1549710000,279,163,0,442,6,-0.3907622935697398,-0.3857576348540416
304,1549724400,440,209,0,649,6,-0.3907622935697398,-0.026988178561675537
304,1549738800,504,222,0,726,6,-0.3907622935697398,0.10646712643596787
304,1549753200,191,186,0,377,6,-0.3907622935697398,-0.49841471050140285
304,1549767600,71,98,27,169,6,-0.14688533104465176,-0.8589173525729591
304,1549782000,32,15,0,47,6,-0.3907622935697398,-1.0703660176341603
304,1549796400,251,96,0,347,6,-0.3907622935697398,-0.5504102838771081
304,1549810800,400,179,0,579,6,-0.3907622935697398,-0.14831118310498773
304,1549825200,339,168,0,507,6,-0.3907622935697398,-0.27310055920668025
304,1549839600,126,136,10,262,6,-0.30043749263452196,-0.6977310751082729
304,1549854000,42,29,0,71,6,-0.3907622935697398,-1.0287695589335961
304,1549868400,77,61,0,138,6,-0.3907622935697398,-0.9126461117278545
304,1549882800,780,1064,284,1844,6,2.1744620529904455,2.0441688275705827
304,1549897200,439,307,0,746,6,-0.3907622935697398,0.14113084201977133
304,1549911600,801,557,0,1358,6,-0.3907622935697398,1.2018405388841578
304,1549926000,271,194,0,465,6,-0.3907622935697398,-0.34589436193266754
304,1549940400,56,17,0,73,7,-0.330905640507314,-0.9896606390278562
304,1549954800,68,57,0,125,7,-0.330905640507314,-0.8924920166741052
304,1549969200,711,987,276,1698,7,2.454757529253604,2.0468588095268636
304,1549983600,402,332,0,734,7,-0.330905640507314,0.245502041276556
304,1549998000,780,477,0,1257,7,-0.330905640507314,1.2227941468729366
304,1550012400,267,194,0,461,7,-0.330905640507314,-0.26463322608063694
304,1550026800,54,24,0,78,7,-0.330905640507314,-0.9803175022630725
304,1550041200,64,66,2,130,7,-0.3107196755090465,-0.8831488799093214
304,1550055600,753,1189,436,1942,7,4.0696347291150055,2.5028038836483106
304,1550070000,460,419,0,879,7,-0.330905640507314,0.5164530074552849
304,1550084400,883,578,0,1461,7,-0.330905640507314,1.6039941268761138
304,1550098800,290,190,0,480,7,-0.330905640507314,-0.22912930637445866
304,1550113200,53,31,0,84,7,-0.330905640507314,-0.969105738145332
304,1550127600,62,68,6,130,7,-0.27034774551251145,-0.8831488799093214
304,1550142000,720,1052,332,1772,7,3.0199645492050946,2.185137233645663
304,1550156400,490,430,0,920,7,-0.330905640507314,0.5930667289265117
304,1550170800,904,480,0,1384,7,-0.330905640507314,1.460109820698444
304,1550185200,276,185,0,461,7,-0.330905640507314,-0.26463322608063694
304,1550199600,51,38,0,89,7,-0.330905640507314,-0.9597626013805481
304,1550214000,72,56,0,128,7,-0.330905640507314,-0.8868861346152349
304,1550228400,719,1002,283,1721,7,2.52540840674754,2.089837238644869
304,1550242800,493,354,0,847,7,-0.330905640507314,0.4566569321606688
304,1550257200,803,426,0,1229,7,-0.330905640507314,1.1704725809901475
304,1550271600,289,201,0,490,7,-0.330905640507314,-0.21044303284489116
304,1550286000,79,86,7,165,7,-0.2602547630133777,-0.8177469225558351
304,1550300400,38,16,0,54,7,-0.330905640507314,-1.0251645587340346
304,1550314800,283,153,0,436,7,-0.330905640507314,-0.3113489099045557
304,1550329200,480,252,0,732,7,-0.330905640507314,0.24176478657064251
304,1550343600,445,210,0,655,7,-0.330905640507314,0.0978804803929727
304,1550358000,184,163,0,347,7,-0.330905640507314,-0.4776567443177065
304,1550372400,61,88,27,149,7,-0.05839511303070246,-0.8476449602031432
304,1550386800,32,23,0,55,7,-0.330905640507314,-1.0232959313810777
304,1550401200,260,109,0,369,7,-0.330905640507314,-0.43654694255265797
304,1550415600,408,166,0,574,7,-0.330905640507314,-0.0534783351965241
304,1550430000,350,198,0,548,7,-0.330905640507314,-0.10206264637339962
304,1550444400,152,146,0,298,7,-0.330905640507314,-0.5692194846125873
304,1550458800,39,45,6,84,7,-0.27034774551251145,-0.969105738145332
304,1550473200,30,32,2,62,7,-0.3107196755090465,-1.0102155399103805
304,1550487600,401,283,0,684,7,-0.330905640507314,0.15207067362871848
304,1550502000,378,210,0,588,7,-0.330905640507314,-0.02731755225512959
304,1550516400,472,186,0,658,7,-0.330905640507314,0.10348636245184296
304,1550530800,149,130,0,279,7,-0.330905640507314,-0.6047234043187656
304,1550545200,43,37,0,80,8,-0.4357020205436462,-1.1942074455331775
304,1550559600,70,52,0,122,8,-0.4357020205436462,-1.1216786086893236
304,1550574000,716,1007,291,1723,8,2.1235434895293777,1.6430515767156781
304,1550588400,484,365,0,849,8,-0.4357020205436462,0.13376101953643296
304,1550602800,793,503,0,1296,8,-0.4357020205436462,0.9056750688031636
304,1550617200,308,225,0,533,8,-0.4357020205436462,-0.41193213386018196
304,1550631600,95,46,0,141,8,-0.4357020205436462,-1.0888679444028182
304,1550646000,75,76,1,151,8,-0.42690736243342964,-1.0715991737257102
304,1550660400,716,987,271,1703,8,1.947650327325046,1.608514035361462
304,1550674800,452,405,0,857,8,-0.4357020205436462,0.14757603607811942
304,1550689200,763,468,0,1231,8,-0.4357020205436462,0.7934280594019611
304,1550703600,252,223,0,475,8,-0.4357020205436462,-0.5120910037874088
304,1550718000,90,69,0,159,8,-0.4357020205436462,-1.0577841571840236
304,1550732400,77,57,0,134,8,-0.4357020205436462,-1.1009560838767938
304,1550746800,693,1093,400,1786,8,3.0821612235429843,1.751844831981459
304,1550761200,441,383,0,824,8,-0.4357020205436462,0.0905890928436628
304,1550775600,844,490,0,1334,8,-0.4357020205436462,0.9712963973761742
304,1550790000,340,221,0,561,8,-0.4357020205436462,-0.36357957596427937
304,1550804400,98,76,0,174,8,-0.4357020205436462,-1.0318810011683617
304,1550818800,71,59,0,130,8,-0.4357020205436462,-1.1078635921476372
304,1550833200,677,903,226,1580,8,1.5518907123653,1.3961081560330326
304,1550847600,497,378,0,875,8,-0.4357020205436462,0.17865982329691396
304,1550862000,852,440,0,1292,8,-0.4357020205436462,0.8987675605323203
304,1550876400,301,206,0,507,8,-0.4357020205436462,-0.45683093762066296
304,1551495600,9346,8868,0,18214,9,-0.4218307438660538,4.1088953471444665
304,1551510000,29,28,0,57,9,-0.4218307438660538,-0.3407344751075536
304,1551524400,330,134,0,464,9,-0.4218307438660538,-0.24099336492103754
304,1551538800,431,209,0,640,9,-0.4218307438660538,-0.19786207402957112
304,1551553200,478,234,0,712,9,-0.4218307438660538,-0.1802174550285167
304,1551567600,239,178,0,417,9,-0.4218307438660538,-0.2525113801022814
304,1551582000,62,79,17,141,9,1.533929977694741,-0.3201490862729901
304,1551596400,32,15,0,47,9,-0.4218307438660538,-0.34318511663547785
304,1551610800,306,94,0,400,9,-0.4218307438660538,-0.2566774706997526
304,1551625200,437,186,0,623,9,-0.4218307438660538,-0.20202816462704232
304,1551639600,369,166,0,535,9,-0.4218307438660538,-0.2235938100727755
304,1551654000,101,118,17,219,9,1.533929977694741,-0.30103408235518114
304,1551668400,38,18,0,56,9,-0.4218307438660538,-0.340979539260346
304,1551682800,62,52,0,114,9,-0.4218307438660538,-0.32676581839838553
304,1551697200,646,678,32,1324,9,3.2596012026013246,-0.03023819351955395
304,1551711600,388,290,0,678,9,-0.4218307438660538,-0.18854963622345905
304,1551726000,691,360,0,1051,9,-0.4218307438660538,-0.09714070723188536
304,1551740400,200,161,0,361,9,-0.4218307438660538,-0.2662349726586571
304,1551754800,43,36,0,79,10,-0.4023763061797671,-1.0503296454514386
304,1551769200,75,54,0,129,10,-0.4023763061797671,-0.9639954123650133
304,1551783600,749,1089,340,1838,10,3.00328593313168,1.9869086745290068
304,1551798000,513,387,0,900,10,-0.4023763061797671,0.3672784618276663
304,1551812400,895,550,0,1445,10,-0.4023763061797671,1.308321602469703
304,1551826800,266,208,0,474,10,-0.4023763061797671,-0.36828920406867804
304,1551841200,55,34,0,89,10,-0.4023763061797671,-1.0330627988341536
304,1551855600,74,67,0,141,10,-0.4023763061797671,-0.9432751964242712
304,1551870000,803,1123,320,1926,10,2.8029528602310068,2.1388569247611153
304,1551884400,454,386,0,840,10,-0.4023763061797671,0.26367738212395586
304,1551898800,814,539,0,1353,10,-0.4023763061797671,1.1494666135906804
304,1551913200,292,216,0,508,10,-0.4023763061797671,-0.30958192556990877
304,1551927600,59,30,0,89,10,-0.4023763061797671,-1.0330627988341536
304,1551942000,86,60,0,146,10,-0.4023763061797671,-0.9346417731156286
304,1551956400,734,1076,342,1810,10,3.0233192404217473,1.9385615040006086
304,1551970800,543,404,0,947,10,-0.4023763061797671,0.4484326409289062
304,1551985200,859,518,0,1377,10,-0.4023763061797671,1.1909070454721646
304,1551999600,249,222,0,471,10,-0.4023763061797671,-0.37346925805386355
304,1552014000,61,57,0,118,10,-0.4023763061797671,-0.9829889436440268
304,1552028400,66,93,27,159,10,-0.1319266577638581,-0.912194872513158
304,1552042800,725,989,264,1714,10,2.242020256109121,1.7727997764746717
304,1552057200,565,379,0,944,10,-0.4023763061797671,0.4432525869437207
304,1552071600,896,472,0,1368,10,-0.4023763061797671,1.175366883516608
304,1552086000,309,186,0,495,10,-0.4023763061797671,-0.33202882617237933
304,1552100400,72,69,0,141,10,-0.4023763061797671,-0.9432751964242712
304,1552114800,26,19,0,45,10,-0.4023763061797671,-1.1090369239502078
304,1552129200,310,268,0,578,10,-0.4023763061797671,-0.1887139992489132
304,1552143600,451,217,0,668,10,-0.4023763061797671,-0.03331237969334749
304,1552158000,518,248,0,766,10,-0.4023763061797671,0.1359027171560463
304,1552172400,255,170,0,425,10,-0.4023763061797671,-0.4528967524933749
304,1552190400,66,94,28,160,10,-0.12191000411882441,-0.9104681878514295
304,1552204800,45,17,0,62,10,-0.4023763061797671,-1.0796832847008233
304,1552219200,264,118,0,382,10,-0.4023763061797671,-0.5271441929477008
304,1552233600,358,174,0,532,10,-0.4023763061797671,-0.26814149368842455
304,1552248000,255,170,0,425,10,-0.4023763061797671,-0.4528967524933749
304,1552262400,138,123,0,261,10,-0.4023763061797671,-0.7360730370168502
304,1552276800,23,15,0,38,10,-0.4023763061797671,-1.1211237165823074
304,1552291200,192,267,75,459,10,0.348872717197758,-0.39418947399460563
304,1552305600,705,956,251,1661,10,2.1118037587236835,1.6812854894030609
304,1552320000,574,367,0,941,10,-0.4023763061797671,0.43807253295853515
304,1552334400,842,433,0,1275,10,-0.4023763061797671,1.0147852099758568
304,1552348800,180,143,0,323,11,-0.4533741205041744,-0.6776917622217019
304,1552363200,32,12,0,44,11,-0.4533741205041744,-1.1877561253608826
304,1552377600,197,235,38,432,11,-0.006440768852128521,-0.47841930493793594
304,1552392000,726,1007,281,1733,11,2.8515804009227965,1.900052868696738
304,1552406400,556,376,0,932,11,-0.4533741205041744,0.43567453581328386
304,1552420800,827,473,0,1300,11,-0.4533741205041744,1.1084476026061816
304,1552435200,223,166,0,389,11,-0.4533741205041744,-0.5570313752425409
304,1552449600,30,8,0,38,11,-0.4533741205041744,-1.1987252514498972
304,1552464000,176,245,69,421,11,0.35816275486401417,-0.4985293694344628
304,1552478400,705,987,282,1692,11,2.86334180491364,1.825097173755138
304,1552492800,587,426,0,1013,11,-0.4533741205041744,0.5837577380149814
304,1552507200,876,473,0,1349,11,-0.4533741205041744,1.198028798999801
304,1552521600,192,157,0,349,11,-0.4533741205041744,-0.6301588825026384
304,1552536000,28,17,0,45,11,-0.4533741205041744,-1.18592793767938
304,1552550400,196,269,73,465,11,0.4052083708273874,-0.4180891114483555
304,1552564800,741,1046,305,1787,11,3.133854096703036,1.9987750034978697
304,1552579200,575,430,0,1005,11,-0.4533741205041744,0.569132236562962
304,1552593600,919,511,0,1430,11,-0.4533741205041744,1.3461120012014987
304,1552608000,250,211,0,461,11,-0.4533741205041744,-0.4254018621743652
304,1552622400,41,22,0,63,11,-0.4533741205041744,-1.1530205594123362
304,1552636800,172,244,72,416,11,0.3934469668365441,-0.507670307841975
304,1552651200,732,934,202,1666,11,1.922429485646175,1.7775642940360745
304,1552665600,618,459,0,1077,11,-0.4533741205041744,0.7007617496311376
304,1552680000,911,440,0,1351,11,-0.4533741205041744,1.201685174362806
304,1552694400,270,199,0,469,11,-0.4533741205041744,-0.4107763607223457
304,1552708800,46,52,6,98,11,-0.3828056965591145,-1.0890339905597508
304,1552723200,54,34,0,88,11,-0.4533741205041744,-1.1073158673747752
304,1552737600,418,233,0,651,11,-0.4533741205041744,-0.07804620268890168
304,1552752000,473,218,0,691,11,-0.4533741205041744,-0.004918695428804103
304,1552766400,505,192,0,697,11,-0.4533741205041744,0.006050430660210534
304,1552780800,184,177,0,361,11,-0.4533741205041744,-0.6082206303246092
304,1552795200,44,32,0,76,11,-0.4533741205041744,-1.1292541195528045
304,1552809600,55,21,0,76,11,-0.4533741205041744,-1.1292541195528045
304,1552824000,354,125,0,479,11,-0.4533741205041744,-0.3924944839073213
304,1552838400,396,163,0,559,11,-0.4533741205041744,-0.24623946938712613
304,1552852800,333,224,0,557,11,-0.4533741205041744,-0.24989584475013102
304,1552867200,139,89,0,228,11,-0.4533741205041744,-0.8513695919644336
304,1552881600,21,9,0,30,11,-0.4533741205041744,-1.2133507529019167
304,1552896000,187,247,60,434,11,0.25231011894642436,-0.4747629295749311
304,1552910400,741,972,231,1713,11,2.263510201380631,1.8634891150666892
304,1552924800,566,356,0,922,11,-0.4533741205041744,0.41739265899825945
304,1552939200,767,458,0,1225,11,-0.4533741205041744,0.9713335264934987
304,1552953600,158,152,0,310,12,-0.4253286805987322,-0.6686878413785234
304,1552968000,32,13,0,45,12,-0.4253286805987322,-1.1681841953746956
304,1552982400,187,247,60,434,12,0.34411013857485373,-0.43496124554635235
304,1552996800,699,956,257,1655,12,2.8704342615281275,1.8664917666397842
304,1553011200,557,401,0,958,12,-0.4253286805987322,0.5527221110347579
304,1553025600,840,459,0,1299,12,-0.4253286805987322,1.1954702495732286
304,1553040000,188,149,0,337,12,-0.4253286805987322,-0.6177957600279701
304,1553054400,26,24,0,50,12,-0.4253286805987322,-1.1587597358653339
304,1553068800,195,261,66,456,12,0.4210540204922123,-0.3934936237051607
304,1553083200,666,1013,347,1679,12,4.024592490288506,1.9117291722847207
304,1553097600,638,413,0,1051,12,-0.4253286805987322,0.7280170579088863
304,1553112000,869,504,0,1373,12,-0.4253286805987322,1.3349522503117823
304,1553126400,213,144,0,357,12,-0.4253286805987322,-0.5800979219905231
304,1553140800,32,14,0,46,12,-0.4253286805987322,-1.1662993034728233
304,1553155200,195,233,38,428,12,0.06198257154453889,-0.4462705969575865
304,1553169600,722,929,207,1651,12,2.2292352455501394,1.858952199032295
304,1553184000,551,411,0,962,12,-0.4253286805987322,0.5602616786422473
304,1553198400,832,503,0,1335,12,-0.4253286805987322,1.263326358040633
304,1553212800,235,175,0,410,12,-0.4253286805987322,-0.4801986511912887
304,1553227200,37,23,0,60,12,-0.4253286805987322,-1.1399108168466106
304,1553241600,167,195,28,362,12,-0.06625723165105875,-0.5706734624811614
304,1553256000,729,849,120,1578,12,1.1135489577484396,1.7213550901956136
304,1553270400,529,371,0,900,12,-0.4253286805987322,0.4433983807261617
304,1553284800,853,438,0,1291,12,-0.4253286805987322,1.1803911143582497
304,1553299200,202,157,0,359,12,-0.4253286805987322,-0.5763281381867784
304,1553313600,45,38,0,83,12,-0.4253286805987322,-1.0965583031035464
304,1553328000,45,36,0,81,12,-0.4253286805987322,-1.1003280869072911
304,1553342400,397,186,0,583,12,-0.4253286805987322,-0.15411235216737254
304,1553356800,427,187,0,614,12,-0.4253286805987322,-0.09568070320932975
304,1553371200,470,180,0,650,12,-0.4253286805987322,-0.027824594741925238
304,1553385600,189,158,0,347,12,-0.4253286805987322,-0.5989468410092467
304,1553400000,36,32,0,68,12,-0.4253286805987322,-1.1248316816316317
304,1553414400,54,22,0,76,12,-0.4253286805987322,-1.1097525464166529
304,1553428800,401,129,0,530,12,-0.4253286805987322,-0.25401162296660695
304,1553443200,375,178,0,553,12,-0.4253286805987322,-0.21065910922354297
304,1553457600,303,161,0,464,12,-0.4253286805987322,-0.37841448849018194
304,1553472000,109,81,0,190,12,-0.4253286805987322,-0.8948748696032053
304,1553486400,18,13,0,31,12,-0.4253286805987322,-1.1945726820009086
304,1553500800,187,247,60,434,12,0.34411013857485373,-0.43496124554635235
304,1553515200,733,943,210,1676,12,2.2677071865088183,1.9060744965791037
304,1553529600,522,425,0,947,12,-0.4253286805987322,0.5319883001141621
304,1553544000,737,470,0,1207,12,-0.4253286805987322,1.0220601946009724
304,1553558400,170,138,0,308,13,-0.43677835466332554,-0.6964096914033036
304,1553572800,38,14,0,52,13,-0.43677835466332554,-1.1779710138014206
304,1553587200,203,235,32,438,13,-0.0538493861913689,-0.4518668323730098
304,1553601600,721,950,229,1671,13,2.303557075964114,1.8675281305835458
304,1553616000,556,351,0,907,13,-0.43677835466332554,0.43036855905166543
304,1553630400,834,470,0,1304,13,-0.43677835466332554,1.1771648285518703
304,1553644800,208,152,0,360,13,-0.43677835466332554,-0.5985925477911861
304,1553659200,36,16,0,52,13,-0.43677835466332554,-1.1779710138014206
304,1553673600,192,247,55,439,13,0.22138080989784992,-0.4499857334573921
304,1553688000,687,974,287,1661,13,2.9976158313195356,1.8487171414273693
304,1553702400,593,375,0,968,13,-0.43677835466332554,0.5451155929043418
304,1553716800,767,463,0,1230,13,-0.43677835466332554,1.0379635087961645
304,1553731200,225,161,0,386,13,-0.43677835466332554,-0.5496839759851273
304,1553745600,31,31,0,62,13,-0.43677835466332554,-1.159160024645244
304,1553760000,176,255,79,431,13,0.5085775362518173,-0.4650345247823333
304,1553774400,739,965,226,1704,13,2.267657485169868,1.9296043947989279
304,1553788800,534,436,0,970,13,-0.43677835466332554,0.5488777907355771
304,1553803200,924,476,0,1400,13,-0.43677835466332554,1.3577503244511642
304,1553817600,226,168,0,394,13,-0.43677835466332554,-0.5346351846601861
304,1553832000,49,38,0,87,13,-0.43677835466332554,-1.112132551754803
304,1553846400,186,212,26,398,13,-0.12564856777986078,-0.5271107889977156
304,1553860800,676,895,219,1571,13,2.1838917733166276,1.6794182390217813
304,1553875200,594,417,0,1011,13,-0.43677835466332554,0.6260028462759005
304,1553889600,860,458,0,1318,13,-0.43677835466332554,1.2035002133705173
304,1553904000,223,179,0,402,13,-0.43677835466332554,-0.5195863933352449
304,1553918400,66,51,0,117,13,-0.43677835466332554,-1.0556995842862735
304,1553932800,53,53,0,106,13,-0.43677835466332554,-1.0763916723580678
304,1553947200,386,169,0,555,13,-0.43677835466332554,-0.23177825924574538
304,1553961600,518,251,0,769,13,-0.43677835466332554,0.17077690869643053
304,1553976000,586,255,0,841,13,-0.43677835466332554,0.3062160306209009
304,1553990400,215,233,18,448,13,-0.22138080989784992,-0.4330558432168333
304,1554004800,34,41,7,75,13,-0.353012642810085,-1.1347057387422148
304,1554019200,38,20,0,58,13,-0.43677835466332554,-1.1666844203077147
304,1554033600,363,160,0,523,13,-0.43677835466332554,-0.29197342454551
304,1554048000,322,180,0,502,13,-0.43677835466332554,-0.33147650177348054
304,1554062400,258,167,0,425,13,-0.43677835466332554,-0.4763211182760392
304,1554076800,101,103,2,204,13,-0.41284529413382826,-0.8920439786275386
304,1554091200,16,15,0,31,13,-0.43677835466332554,-1.217474091029391
304,1554105600,194,226,32,420,13,-0.0538493861913689,-0.4857266128541274
304,1554120000,722,1043,321,1765,13,3.4044778603209895,2.0443514286516042
304,1554134400,555,328,0,883,13,-0.43677835466332554,0.38522218507684197
304,1554148800,800,439,0,1239,13,-0.43677835466332554,1.0548933990367233
304,1554163200,154,147,0,301,14,-0.4827698374828016,-0.7214734933979097
304,1554177600,31,34,3,65,14,-0.43517281125210283,-1.1797104065441406
304,1554192000,224,248,24,472,14,-0.10199362763721159,-0.3894458995504287
304,1554206400,569,749,180,1318,14,2.3730517363591237,1.2532169331686873
304,1554220800,535,381,0,916,14,-0.4827698374828016,0.4726608353518024
304,1554235200,853,505,0,1358,14,-0.4827698374828016,1.3308842065833029
304,1554249600,178,143,0,321,14,-0.4827698374828016,-0.6826398566906019
304,1554264000,41,16,0,57,14,-0.4827698374828016,-1.1952438612270637
304,1554278400,205,266,61,471,14,0.48503636254140636,-0.3913875813857941
304,1554292800,764,941,177,1705,14,2.325454710128425,2.0046478034550916
304,1554307200,580,369,0,949,14,-0.4827698374828016,0.5367363359188602
304,1554321600,854,475,0,1329,14,-0.4827698374828016,1.2745754333577066
304,1554336000,201,189,0,390,14,-0.4827698374828016,-0.5486638100503903
304,1554350400,36,17,0,53,14,-0.4827698374828016,-1.2030105885685252
304,1554364800,213,253,40,466,14,0.1518571789265151,-0.401095990562621
304,1554379200,781,892,111,1673,14,1.2783201330530523,1.9425139847233992
304,1554393600,597,377,0,974,14,-0.4827698374828016,0.5852783818029947
304,1554408000,861,463,0,1324,14,-0.4827698374828016,1.2648670241808797
304,1554422400,207,178,0,385,14,-0.4827698374828016,-0.5583722192272172
304,1554436800,43,35,0,78,14,-0.4827698374828016,-1.1544685426843906
304,1554451200,178,229,51,407,14,0.32637960843907715,-0.5156552188491788
304,1554465600,704,937,233,1641,14,3.213932533101468,1.880380165991707
304,1554480000,657,375,0,1032,14,-0.4827698374828016,0.6978959282541871
304,1554494400,848,434,0,1282,14,-0.4827698374828016,1.1833163870955334
304,1554508800,213,241,28,454,14,-0.03853092599627992,-0.4243961725870056
304,1554523200,40,39,0,79,14,-0.4827698374828016,-1.1525268608490251
304,1554537600,60,34,0,94,14,-0.4827698374828016,-1.1234016333185444
304,1554552000,428,184,0,612,14,-0.4827698374828016,-0.11761044259927475
304,1554566400,520,237,0,757,14,-0.4827698374828016,0.16393342352870616
304,1554580800,525,172,0,697,14,-0.4827698374828016,0.04743251340678302
304,1554595200,221,186,0,407,14,-0.4827698374828016,-0.5156552188491788
304,1554609600,49,82,33,131,14,0.04079745105488467,-1.0515594054100252
304,1554624000,43,16,0,59,14,-0.4827698374828016,-1.191360497556333
304,1554638400,290,124,0,414,14,-0.4827698374828016,-0.5020634460016211
304,1554652800,372,168,0,540,14,-0.4827698374828016,-0.2574115347455825
304,1554667200,341,166,0,507,14,-0.4827698374828016,-0.3214870353126402
304,1554681600,107,89,0,196,14,-0.4827698374828016,-0.9253500861112751
304,1554696000,23,55,32,78,14,0.024931775644651752,-1.1544685426843906
304,1554710400,200,259,59,459,14,0.4533050117209405,-0.4146877634101787
304,1554724800,702,948,246,1650,14,3.4201863134344963,1.8978553025099953
304,1554739200,558,340,0,898,14,-0.4827698374828016,0.4377105623152255
304,1554753600,792,457,0,1249,14,-0.4827698374828016,1.1192408865284758
304,1554768000,175,121,0,296,15,-0.46401143339617723,-0.44654711721232176
304,1554782400,1,3,2,4,15,-0.43709364306103987,-0.9148602560435098
304,1554796800,237,269,32,506,15,-0.03332678803397956,-0.10974657216249468
304,1554811200,758,1015,257,1773,15,2.9949246246689727,1.9222833829714616
304,1554825600,596,429,0,1025,15,-0.46401143339617723,0.7226319177463636
304,1554840000,847,499,0,1346,15,-0.46401143339617723,1.2374556080368135
304,1554854400,184,138,0,322,15,-0.46401143339617723,-0.4048480021109146
304,1554868800,2,5,3,7,15,-0.4236347478934712,-0.9100488196856552
304,1554883200,201,260,59,461,15,0.33006338149037473,-0.18191811753031478
304,1554897600,738,925,187,1663,15,2.0528019629391654,1.7458640498501237
304,1554912000,556,386,0,942,15,-0.46401143339617723,0.5895155118457177
304,1554926400,862,487,0,1349,15,-0.46401143339617723,1.2422670443946682
304,1554940800,209,152,0,361,15,-0.46401143339617723,-0.34229932945880387
304,1554955200,3,3,0,6,15,-0.46401143339617723,-0.91165263180494
304,1554969600,206,267,61,473,15,0.3569811718255121,-0.1626723720988961
304,1554984000,696,999,303,1695,15,3.614033802377132,1.7971860376672402
304,1554998400,646,402,0,1048,15,-0.46401143339617723,0.7595195964899161
304,1555012800,896,515,0,1411,15,-0.46401143339617723,1.3417033957903315
304,1555027200,210,147,0,357,15,-0.46401143339617723,-0.3487145779359434
304,1555041600,2,4,2,6,15,-0.43709364306103987,-0.91165263180494
304,1555056000,170,241,71,411,15,0.49157012350119883,-0.2621087234945593
304,1555070400,724,903,179,1627,15,1.945130801598616,1.6881268135558676
304,1555084800,597,441,0,1038,15,-0.46401143339617723,0.7434814752970672
304,1555099200,918,430,0,1348,15,-0.46401143339617723,1.2406632322753832
304,1555113600,111,80,0,191,15,-0.46401143339617723,-0.6149473897372353
304,1555128000,3,4,1,7,15,-0.4505525382286086,-0.9100488196856552
304,1555142400,1,2,1,3,15,-0.4505525382286086,-0.9164640681627947
304,1555156800,0,2,2,2,15,-0.43709364306103987,-0.9180678802820796
304,1555171200,1,7,6,8,15,-0.38325806239076515,-0.9084450075663703
304,1555185600,0,2,2,2,15,-0.43709364306103987,-0.9180678802820796
304,1555200000,2,5,3,7,15,-0.4236347478934712,-0.9100488196856552
304,1555214400,0,1,1,1,15,-0.4505525382286086,-0.9196716924013645
304,1555228800,0,0,0,0,15,-0.46401143339617723,-0.9212755045206494
304,1555243200,0,0,0,0,15,-0.46401143339617723,-0.9212755045206494
304,1555257600,0,0,0,0,15,-0.46401143339617723,-0.9212755045206494
304,1555272000,0,1,1,1,15,-0.4505525382286086,-0.9196716924013645
304,1555286400,0,1,1,1,15,-0.4505525382286086,-0.9196716924013645
304,1555300800,0,3,3,3,15,-0.4236347478934712,-0.9164640681627947
304,1555315200,161,238,77,399,15,0.5723234945066109,-0.281354468925978
304,1555329600,753,947,194,1700,15,2.147014229112146,1.8052050982636647
304,1555344000,581,355,0,936,15,-0.46401143339617723,0.5798926391300083
304,1555358400,822,568,0,1390,15,-0.46401143339617723,1.3080233412853488
304,1555372800,183,140,0,323,16,-0.4068817978271987,-0.6323740212620019
304,1555387200,23,23,0,46,16,-0.4068817978271987,-1.1390920709460113
304,1555401600,213,228,15,441,16,-0.21356691650658394,-0.4165157907106911
304,1555416000,781,1063,282,1844,16,3.2274379710003585,2.150001984403623
304,1555430400,593,453,0,1046,16,-0.4068817978271987,0.6902149676244195
304,1555444800,999,537,0,1536,16,-0.4068817978271987,1.5865754165239305
304,1555459200,213,186,0,399,16,-0.4068817978271987,-0.4933466863306492
304,1555473600,29,14,0,43,16,-0.4068817978271987,-1.1445799920617226
304,1555488000,193,262,69,455,16,0.48236665624762926,-0.3909054921707051
304,1555502400,793,1137,344,1930,16,4.026472813792234,2.3073223897206803
304,1555516800,630,450,0,1080,16,-0.4068817978271987,0.7524114069358142
304,1555531200,834,565,0,1399,16,-0.4068817978271987,1.3359603522397816
304,1555545600,215,168,0,383,16,-0.4068817978271987,-0.5226155989477761
304,1555560000,30,21,0,51,16,-0.4068817978271987,-1.1299455357531591
304,1555574400,207,256,49,463,16,0.22461348115347618,-0.3762710358621416
304,1555588800,770,1011,241,1781,16,2.699043962057345,2.034755640973686
304,1555603200,607,454,0,1061,16,-0.4068817978271987,0.717654573202976
304,1555617600,870,491,0,1361,16,-0.4068817978271987,1.2664466847741052
304,1555632000,283,203,0,486,16,-0.4068817978271987,-0.33419697397502174
304,1555646400,35,35,0,70,16,-0.4068817978271987,-1.0951887020203208
304,1555660800,136,129,0,265,16,-0.4068817978271987,-0.7384738294990869
304,1555675200,713,605,0,1318,16,-0.4068817978271987,1.1877864821155766
304,1555689600,699,312,0,1011,16,-0.4068817978271987,0.6261892212744544
304,1555704000,735,313,0,1048,16,-0.4068817978271987,0.6938735817015603
304,1555718400,208,286,78,494,16,0.5983555850399981,-0.31956251766645827
304,1555732800,38,40,2,78,16,-0.3811064803177834,-1.0805542457117574
304,1555747200,47,20,0,67,16,-0.4068817978271987,-1.100676623136032
304,1555761600,392,119,0,511,16,-0.4068817978271987,-0.28846429801076096
304,1555776000,395,211,0,606,16,-0.4068817978271987,-0.11468012934657001
304,1555790400,412,180,0,592,16,-0.4068817978271987,-0.14029042788655605
304,1555804800,142,180,38,322,16,0.08284923485169202,-0.6342033283005724
304,1555819200,24,59,35,83,16,0.04418625858756907,-1.0714077105189053
304,1555833600,59,21,0,80,16,-0.4068817978271987,-1.0768956316346165
304,1555848000,322,148,0,470,16,-0.4068817978271987,-0.3634658865921486
304,1555862400,299,221,0,520,16,-0.4068817978271987,-0.27200053466362706
304,1555876800,231,176,0,407,16,-0.4068817978271987,-0.47871223002208574
304,1555891200,103,124,21,227,16,-0.13624096397833804,-0.8079874969647632
304,1555905600,10,10,0,20,16,-0.4068817978271987,-1.1866540539488424
304,1555920000,166,169,3,335,16,-0.3682188215630757,-0.6104223367991568
304,1555934400,655,804,149,1459,16,1.5133793566242413,1.4457187745540074
304,1555948800,525,342,0,867,16,-0.4068817978271987,0.3627690077203124
304,1555963200,721,386,0,1107,16,-0.4068817978271987,0.8018026969772158
304,1555977600,162,160,0,322,17,-0.40341722544383485,-0.6459058155466022
304,1555992000,22,11,0,33,17,-0.40341722544383485,-1.2082358104615827
304,1556006400,195,217,22,412,17,0.01400440536255192,-0.47078574792602
304,1556020800,740,900,160,1640,17,2.632376453148069,1.9186302858303674
304,1556035200,565,325,0,890,17,-0.40341722544383485,0.4592963889921829
304,1556049600,886,433,0,1319,17,-0.40341722544383485,1.2940353779836244
304,1556064000,209,196,0,405,17,-0.40341722544383485,-0.4844061976298431
304,1556078400,35,14,0,49,17,-0.40341722544383485,-1.1771033539957014
304,1556092800,180,220,40,400,17,0.3555311942041411,-0.494135090275431
304,1556107200,719,889,170,1608,17,2.822113558060063,1.8563653728986047
304,1556121600,519,352,0,871,17,-0.40341722544383485,0.42232659693894886
304,1556136000,845,427,0,1272,17,-0.40341722544383485,1.2025837871150982
304,1556150400,227,185,0,412,17,-0.40341722544383485,-0.47078574792602
304,1556164800,30,16,0,46,17,-0.40341722544383485,-1.182940689583054
304,1556179200,210,224,14,434,17,-0.13778527856704326,-0.4279786202854333
304,1556193600,736,850,114,1586,17,1.7595857705528966,1.8135582452580181
304,1556208000,632,397,0,1029,17,-0.40341722544383485,0.7297596045395264
304,1556222400,898,477,0,1375,17,-0.40341722544383485,1.4029989756142087
304,1556236800,232,198,0,430,17,-0.40341722544383485,-0.43576173440190363
304,1556251200,28,22,0,50,17,-0.40341722544383485,-1.1751575754665837
304,1556265600,157,209,52,366,17,0.5832157200985338,-0.5602915602654287
304,1556280000,759,797,38,1556,17,0.3175837732217423,1.7551848893844906
304,1556294400,616,335,0,951,17,-0.40341722544383485,0.5779888792683552
304,1556308800,796,335,0,1131,17,-0.40341722544383485,0.9282290145095194
304,1556323200,224,147,0,371,17,-0.40341722544383485,-0.5505626676198407
304,1556337600,45,27,0,72,17,-0.40341722544383485,-1.132350447825997
304,1556352000,58,46,0,104,17,-0.40341722544383485,-1.0700855348942344
304,1556366400,358,244,0,602,17,-0.40341722544383485,-0.10108782739367997
304,1556380800,501,294,0,795,17,-0.40341722544383485,0.27444742872601285
304,1556395200,481,204,0,685,17,-0.40341722544383485,0.06041179052307911
304,1556409600,195,149,0,344,17,-0.40341722544383485,-0.6030986879060154
304,1556424000,38,50,12,88,17,-0.17573269954944207,-1.1012179913601157
304,1556438400,55,21,0,76,17,-0.40341722544383485,-1.1245673337095268
304,1556452800,363,162,0,525,17,-0.40341722544383485,-0.2509127741357336
304,1556467200,169,143,0,312,17,-0.40341722544383485,-0.665363600837778
304,1556481600,256,181,0,437,17,-0.40341722544383485,-0.42214128469808054
304,1556496000,111,107,0,218,17,-0.40341722544383485,-0.8482667825748305
304,1556510400,17,14,0,31,17,-0.40341722544383485,-1.2121273675198176
304,1556524800,211,235,24,446,17,0.05195182634495071,-0.4046292779360223
304,1556539200,680,927,247,1607,17,4.283089265882417,1.8544195943694872
304,1556553600,582,378,0,960,17,-0.40341722544383485,0.5955008860304134
304,1556568000,755,451,0,1206,17,-0.40341722544383485,1.074162404193338
304,1556582400,197,123,0,320,18,-0.372142270178215,-0.6582135119309435
304,1556596800,35,9,0,44,18,-0.372142270178215,-1.1518417082370505
304,1556611200,210,242,32,452,18,-0.03691491688094896,-0.4221304615236749
304,1556625600,757,867,110,1624,18,0.7802017567811371,1.6740008648196494
304,1556640000,574,425,0,999,18,-0.372142270178215,0.5561833913003852
304,1556654400,847,485,0,1332,18,-0.372142270178215,1.1517565411914492
304,1556668800,217,145,0,362,18,-0.372142270178215,-0.583096177710449
304,1556683200,26,13,0,39,18,-0.372142270178215,-1.1607842480252046
304,1556697600,192,236,44,428,18,0.08879534060552581,-0.46505465250681466
304,1556712000,748,936,188,1684,18,1.597318430443223,1.7813113422774987
304,1556726400,577,393,0,970,18,-0.372142270178215,0.5043166605290913
304,1556740800,862,490,0,1352,18,-0.372142270178215,1.1875267003440655
304,1556755200,215,144,0,359,18,-0.372142270178215,-0.5884617015833414
304,1556769600,46,8,0,54,18,-0.372142270178215,-1.1339566286607423
304,1556784000,221,276,55,497,18,0.204029743301461,-0.3416476034302879
304,1556798400,441,955,514,1396,18,5.012447092159121,1.2662210504798217
304,1556812800,1295,590,0,1885,18,-0.372142270178215,2.140801441761294
304,1556827200,947,492,0,1439,18,-0.372142270178215,1.3431268926579472
304,1556841600,235,159,0,394,18,-0.372142270178215,-0.5258639230662626
304,1556856000,37,18,0,55,18,-0.372142270178215,-1.1321681207031116
304,1556870400,209,233,24,442,18,-0.12072175520526547,-0.44001554109998314
304,1556884800,706,915,209,1621,18,1.8173113810445538,1.668635340946757
304,1556899200,525,321,0,846,18,-0.372142270178215,0.28254167378286926
304,1556913600,833,458,0,1291,18,-0.372142270178215,1.0784277149285855
304,1556928000,258,174,0,432,18,-0.372142270178215,-0.45790062067629134
304,1556942400,48,31,0,79,18,-0.372142270178215,-1.0892439297199719
304,1556956800,66,37,0,103,18,-0.372142270178215,-1.046319738736832
304,1556971200,354,176,0,530,18,-0.372142270178215,-0.2826268408284707
304,1556985600,448,175,0,623,18,-0.372142270178215,-0.1162956007688042
304,1557000000,462,173,0,635,18,-0.372142270178215,-0.09483350527723433
304,1557014400,236,148,0,384,18,-0.372142270178215,-0.5437490026425709
304,1557028800,51,42,0,93,18,-0.372142270178215,-1.0642048183131403
304,1557043200,27,37,10,64,18,-0.26738372227281937,-1.1160715490844342
304,1557057600,326,102,0,428,18,-0.372142270178215,-0.46505465250681466
304,1557072000,328,153,0,481,18,-0.372142270178215,-0.370263730752381
304,1557086400,322,141,0,463,18,-0.372142270178215,-0.40245687398973584
304,1557100800,88,75,0,163,18,-0.372142270178215,-0.9390092612789827
304,1557115200,25,9,0,34,18,-0.372142270178215,-1.1697267878133588
304,1557129600,203,240,37,443,18,0.015464357071748862,-0.4382270331423523
304,1557144000,731,1000,269,1731,18,2.4458626684769276,1.865371216286147
304,1557158400,596,383,0,979,18,-0.372142270178215,0.5204132321477687
304,1557172800,845,502,0,1347,18,-0.372142270178215,1.1785841605559115
304,1557187200,214,117,0,331,19,-0.4178279236198909,-0.6372970700601377
304,1557201600,32,5,0,37,19,-0.4178279236198909,-1.1715725959683854
304,1557216000,207,228,21,435,19,-0.1452508314359088,-0.448301645929329
304,1557230400,758,1012,254,1770,19,2.879056905653035,1.9777453849805715
304,1557244800,569,413,0,982,19,-0.4178279236198909,0.5457415944509824
304,1557259200,863,512,0,1375,19,-0.4178279236198909,1.2599262260222115
304,1557273600,232,134,0,366,19,-0.4178279236198909,-0.5736928407853463
304,1557288000,38,18,0,56,19,-0.4178279236198909,-1.1370445857906415
304,1557302400,219,262,43,481,19,0.14030612228064385,-0.3647075160253174
304,1557316800,757,1008,251,1765,19,2.8401173210553234,1.9686590665127441
304,1557331200,554,425,0,979,19,-0.4178279236198909,0.540289803370286
304,1557345600,892,503,0,1395,19,-0.4178279236198909,1.2962714998935208
304,1557360000,214,139,0,353,19,-0.4178279236198909,-0.5973172688016973
304,1557374400,32,14,0,46,19,-0.4178279236198909,-1.1552172227262962
304,1557388800,203,252,49,455,19,0.2181852914760673,-0.4119563720580196
304,1557403200,734,1053,319,1787,19,3.722747905270123,2.0086388677711846
304,1557417600,590,431,0,1021,19,-0.4178279236198909,0.6166148785000356
304,1557432000,925,459,0,1384,19,-0.4178279236198909,1.2762815992643006
304,1557446400,240,181,0,421,19,-0.4178279236198909,-0.47374333763924553
304,1557460800,31,26,0,57,19,-0.4178279236198909,-1.135227322097076
304,1557475200,190,231,41,421,19,0.1143463992155027,-0.47374333763924553
304,1557489600,723,837,114,1560,19,1.0618762910931547,1.596120009331823
304,1557504000,618,401,0,1019,19,-0.4178279236198909,0.6129803511129047
304,1557518400,802,486,0,1288,19,-0.4178279236198909,1.1018242846820157
304,1557532800,256,185,0,441,19,-0.4178279236198909,-0.43739806376793616
304,1557547200,60,35,0,95,19,-0.4178279236198909,-1.0661713017415884
304,1557561600,48,33,0,81,19,-0.4178279236198909,-1.0916129934515049
304,1557576000,383,154,0,537,19,-0.4178279236198909,-0.2629407491856512
304,1557590400,459,269,0,728,19,-0.4178279236198909,0.08415661628535333
304,1557604800,502,224,0,726,19,-0.4178279236198909,0.08052208889822239
304,1557619200,224,153,0,377,19,-0.4178279236198909,-0.5537029401561261
304,1557633600,52,52,0,104,19,-0.4178279236198909,-1.049815928499499
304,1557648000,50,23,0,73,19,-0.4178279236198909,-1.1061511030000286
304,1557662400,316,111,0,427,19,-0.4178279236198909,-0.4628397554778527
304,1557676800,262,142,0,404,19,-0.4178279236198909,-0.5046368204298585
304,1557691200,244,136,0,380,19,-0.4178279236198909,-0.5482511490754297
304,1557705600,100,74,0,174,19,-0.4178279236198909,-0.9226074699499163
304,1557720000,15,11,0,26,19,-0.4178279236198909,-1.1915624965976055
304,1557734400,186,244,58,430,19,0.3350040452692025,-0.4573879643971563
304,1557748800,721,923,202,1644,19,2.2041041059593653,1.7487701595913225
304,1557763200,559,394,0,953,19,-0.4178279236198909,0.49304094733758375
304,1557777600,764,483,0,1247,19,-0.4178279236198909,1.0273164732458315
304,1557792000,204,108,0,312,20,-0.4512885944110892,-0.6953906837419789
304,1557806400,33,12,0,45,20,-0.4512885944110892,-1.1946237412218597
304,1557820800,197,251,54,448,20,0.2831372277264094,-0.44109968817170253
304,1557835200,759,956,197,1715,20,2.2280056085720075,1.9279201014425629
304,1557849600,577,380,0,957,20,-0.4512885944110892,0.5106217584846994
304,1557864000,874,515,0,1389,20,-0.4512885944110892,1.3183696267667535
304,1557878400,271,125,0,396,20,-0.4512885944110892,-0.5383285982426905
304,1557892800,35,12,0,47,20,-0.4512885944110892,-1.1908841677575908
304,1557907200,213,280,67,493,20,0.45994344416691835,-0.35695928522565523
304,1557909200,90,227,137,317,20,1.41197691730812,-0.686041750081307
304,1557909281,5,0,0,5,20,-0.4512885944110892,-1.269415210507235
304,1557921600,725,782,57,1507,20,0.3239386622896038,1.539004461158611
304,1557936000,596,429,0,1025,20,-0.4512885944110892,0.6377672562698375
304,1557950400,867,493,0,1360,20,-0.4512885944110892,1.2641458115348565
304,1557964800,245,166,0,411,20,-0.4512885944110892,-0.5102817972606748
304,1557979200,44,20,0,64,20,-0.4512885944110892,-1.1590977933113062
304,1557993600,213,256,43,469,20,0.1335319676613634,-0.40183416679688044
304,1558008000,724,986,262,1710,20,3.112036690774552,1.9185711677818909
304,1558022400,611,418,0,1029,20,-0.4512885944110892,0.645246403198375
304,1558036800,952,537,0,1489,20,-0.4512885944110892,1.5053482999801922
304,1558051200,347,179,0,526,20,-0.4512885944110892,-0.29525632306522054
304,1558065600,41,27,0,68,20,-0.4512885944110892,-1.1516186463827687
304,1558080000,195,220,25,415,20,-0.11127663971780279,-0.5028026503321372
304,1558094400,695,975,280,1670,20,3.3568452981537185,1.8437796984965158
304,1558108800,619,413,0,1032,20,-0.4512885944110892,0.6508557633947782
304,1558123200,904,422,0,1326,20,-0.4512885944110892,1.2005730626422872
304,1558137600,248,181,0,429,20,-0.4512885944110892,-0.47662563608225583
304,1558152000,51,34,0,85,20,-0.4512885944110892,-1.1198322719364842
304,1558166400,67,37,0,104,20,-0.4512885944110892,-1.084306324025931
304,1558180800,443,182,0,625,20,-0.4512885944110892,-0.11014743658391643
304,1558195200,466,249,0,715,20,-0.4512885944110892,0.0581333693081782
304,1558209600,512,251,0,763,20,-0.4512885944110892,0.14788313245062867
304,1558224000,246,187,0,433,20,-0.4512885944110892,-0.4691464891537183
304,1558238400,40,63,23,103,20,-0.1384775960932657,-1.0861761107580654
304,1558252800,55,28,0,83,20,-0.4512885944110892,-1.123571845400753
304,1558267200,349,171,0,520,20,-0.4512885944110892,-0.30647504345802684
304,1558281600,401,238,0,639,20,-0.4512885944110892,-0.08397042233403504
304,1558296000,363,225,0,588,20,-0.4512885944110892,-0.17932954567288867
304,1558310400,146,159,13,305,20,-0.2744823779705803,-0.7084791908669196
304,1558324800,17,26,9,43,20,-0.3288842907215061,-1.1983633146861283
304,1558339200,216,251,35,467,20,0.024728142159511763,-0.40557374026114923
304,1558353600,716,974,258,1690,20,3.057634778023626,1.8811754331392034
304,1558368000,590,355,0,945,20,-0.4512885944110892,0.4881843176990867
304,1558382400,844,486,0,1330,20,-0.4512885944110892,1.2080522095708248
304,1558396800,218,176,0,394,21,-0.42999485554521766,-0.6185091998623565
304,1558411200,38,22,0,60,21,-0.42999485554521766,-1.2798741709477393
304,1558425600,211,242,31,453,21,0.05938740137774861,-0.501681255868232
304,1558440000,745,914,169,1659,21,2.237927770905792,1.8863611247574315
304,1558454400,569,382,0,951,21,-0.42999485554521766,0.48442579682793746
304,1558468800,894,521,0,1415,21,-0.42999485554521766,1.4032082716291878
304,1558483200,268,187,0,455,21,-0.42999485554521766,-0.4977209865802956
304,1558497600,32,19,0,51,21,-0.42999485554521766,-1.2976953827434532
304,1558512000,211,246,35,457,21,0.12253349904522813,-0.4937607172923592
304,1558526400,709,978,269,1687,21,3.81658021259278,1.9418048947885413
304,1558540800,596,391,0,987,21,-0.42999485554521766,0.5557106440107931
304,1558555200,962,560,0,1522,21,-0.42999485554521766,1.6150826785337864
304,1558569600,263,170,0,433,21,-0.42999485554521766,-0.5412839487475962
304,1558584000,33,19,0,52,21,-0.42999485554521766,-1.295715248099485
304,1558598400,191,270,79,461,21,0.8171405733875028,-0.4858401787164863
304,1558612800,740,933,193,1673,21,2.616804356910669,1.9140830097729864
304,1558627200,602,400,0,1002,21,-0.42999485554521766,0.5854126636703163
304,1558641600,925,447,0,1372,21,-0.42999485554521766,1.3180624819385547
304,1558656000,212,146,0,358,21,-0.42999485554521766,-0.6897940470452122
304,1558670400,37,22,0,59,21,-0.42999485554521766,-1.2818543055917075
304,1558684800,168,192,24,360,21,-0.05111826954034055,-0.6858337777572757
304,1558699200,631,846,215,1477,21,2.9641078940818066,1.525976619555217
304,1558713600,747,438,0,1185,21,-0.42999485554521766,0.947777303516499
304,1558728000,745,352,0,1097,21,-0.42999485554521766,0.7735254548472964
304,1558742400,251,199,0,450,21,-0.42999485554521766,-0.5076216598001366
304,1558756800,54,111,57,165,21,0.46983703621636547,-1.071960033331077
304,1558771200,105,78,0,183,21,-0.42999485554521766,-1.0363176097396491
304,1558785600,590,360,0,950,21,-0.42999485554521766,0.4824456621839693
304,1558800000,684,468,0,1152,21,-0.42999485554521766,0.8824328602655481
304,1558814400,690,415,0,1105,21,-0.42999485554521766,0.7893665319990422
304,1558828800,348,330,0,678,21,-0.42999485554521766,-0.056150960975384356
304,1558843200,37,88,51,125,21,0.3751178897151462,-1.1511654190898055
304,1558857600,70,49,0,119,21,-0.42999485554521766,-1.1630462269536148
304,1558872000,468,375,0,843,21,-0.42999485554521766,0.2705712552793706
304,1558886400,568,437,0,1005,21,-0.42999485554521766,0.591353067602221
304,1558900800,545,388,0,933,21,-0.42999485554521766,0.4487833732365097
304,1558915200,263,246,0,509,21,-0.42999485554521766,-0.3907937158060122
304,1558929600,55,76,21,131,21,-0.09847784279095019,-1.1392846112259962
304,1558944000,49,40,0,89,21,-0.42999485554521766,-1.222450266272661
304,1558958400,253,219,0,472,21,-0.42999485554521766,-0.464058697632836
304,1558972800,375,224,0,599,21,-0.42999485554521766,-0.2125815978488731
304,1558987200,351,188,0,539,21,-0.42999485554521766,-0.3313896764869658
304,1559001600,143,135,0,278,22,-0.4765877357292953,-0.7184365970338531
304,1559016000,26,16,0,42,22,-0.4765877357292953,-1.14954007138228
304,1559030400,184,244,60,428,22,0.9075614637485261,-0.4444301514734121
304,1559044800,734,883,149,1617,22,2.960716109640628,1.7275276070023498
304,1559059200,561,375,0,936,22,-0.4765877357292953,0.48353834415794794
304,1559073600,870,448,0,1318,22,-0.4765877357292953,1.1813414255185375
304,1559088000,210,139,0,349,22,-0.4765877357292953,-0.588740212801911
304,1559102400,32,19,0,51,22,-0.4765877357292953,-1.1330996846486536
304,1559116800,208,225,17,433,22,-0.08441212921057928,-0.4352966032880641
304,1559131200,802,945,143,1747,22,2.822301189692846,1.9649998598213987
304,1559145600,566,372,0,938,22,-0.4765877357292953,0.48719176343208714
304,1559160000,833,464,0,1297,22,-0.4765877357292953,1.1429805231400758
304,1559174400,205,127,0,332,22,-0.4765877357292953,-0.6197942766320943
304,1559188800,45,25,0,70,22,-0.4765877357292953,-1.0983922015443313
304,1559203200,333,211,0,544,22,-0.4765877357292953,-0.23253183357333776
304,1559217600,906,1008,102,1914,22,1.8764659033830011,2.270060369212023
304,1559232000,593,413,0,1006,22,-0.4765877357292953,0.6114080187528204
304,1559246400,944,493,0,1437,22,-0.4765877357292953,1.3987198723298206
304,1559260800,228,192,0,420,22,-0.4765877357292953,-0.45904382856996895
304,1559275200,47,29,0,76,22,-0.4765877357292953,-1.0874319437219135
304,1559289600,219,290,71,509,22,1.16132215031946,-0.296466670870774
304,1559304000,743,840,97,1583,22,1.7611201367598492,1.6654194793419832
304,1559318400,717,476,0,1193,22,-0.4765877357292953,0.9530027208848367
304,1559332800,865,475,0,1340,22,-0.4765877357292953,1.2215290375340688
304,1559347200,283,216,0,499,22,-0.4765877357292953,-0.31473376724147006
304,1559361600,51,39,0,90,22,-0.4765877357292953,-1.061858008802939
304,1559376000,62,65,3,127,22,-0.40738027575540425,-0.9942697522313636
304,1559390400,434,176,0,610,22,-0.4765877357292953,-0.11196899752674375
304,1559404800,465,203,0,668,22,-0.4765877357292953,-0.006019838576706582
304,1559419200,534,237,0,771,22,-0.4765877357292953,0.18213125404146288
304,1559433600,185,164,0,349,22,-0.4765877357292953,-0.588740212801911
304,1559448000,51,52,1,103,22,-0.45351858240466497,-1.0381107835210341
304,1559462400,40,34,0,74,22,-0.4765877357292953,-1.0910853629960529
304,1559476800,329,187,0,516,22,-0.4765877357292953,-0.28367970341128673
304,1559491200,384,173,0,557,22,-0.4765877357292953,-0.2087846082914329
304,1559505600,329,215,0,544,22,-0.4765877357292953,-0.23253183357333776
304,1559520000,116,139,23,255,22,0.054002790737202856,-0.760450918686454
304,1559534400,21,13,0,34,22,-0.4765877357292953,-1.1641537484788371
304,1559548528,93,214,121,307,22,2.3147798165509776,-0.6654620175588345
304,1559548609,3,0,0,3,22,-0.4765877357292953,-1.2207817472279947
304,1559548800,201,65,0,266,22,-0.4765877357292953,-0.7403571126786883
304,1559563200,762,884,122,1646,22,2.337848969875608,1.7805021864773685
304,1559577600,550,368,0,918,22,-0.4765877357292953,0.450657570690695
304,1559592000,881,461,0,1342,22,-0.4765877357292953,1.2251824568082081
304,1559606400,222,139,0,361,23,-0.39768934425428176,-0.6475092611404935
304,1559620800,44,13,0,57,23,-0.39768934425428176,-1.2503324974932126
304,1559635200,202,218,16,420,23,-0.20377703465332792,-0.5305139619799328
304,1559649600,728,900,172,1628,23,1.686867983955972,1.864915214053241
304,1559664000,620,370,0,990,23,-0.39768934425428176,0.5997796061814158
304,1559678400,948,452,0,1400,23,-0.39768934425428176,1.4127977867887016
304,1559692800,242,206,0,448,23,-0.39768934425428176,-0.47499076915797184
304,1559707200,50,20,0,70,23,-0.39768934425428176,-1.2245538722544451
304,1559721600,187,273,86,460,23,0.644589319850845,-0.45119511509141713
304,1559736000,724,957,233,1681,23,2.4261586643096082,1.9700126861805243
304,1559750400,577,384,0,961,23,-0.39768934425428176,0.5422734421872418
304,1559764800,911,466,0,1377,23,-0.39768934425428176,1.367189449827805
304,1559779200,227,146,0,373,23,-0.39768934425428176,-0.6237136070739387
304,1559793600,32,14,0,46,23,-0.39768934425428176,-1.2721451803875545
304,1559808000,205,255,50,460,23,0.20828662324869895,-0.45119511509141713
304,1559822400,726,893,167,1619,23,1.6262703872056739,1.847068473503325
304,1559836800,585,362,0,947,23,-0.39768934425428176,0.5145118457762614
304,1559851200,1055,452,0,1507,23,-0.39768934425428176,1.6249757022154812
304,1559865600,276,204,0,480,23,-0.39768934425428176,-0.4115356916471593
304,1559880000,53,55,2,108,23,-0.37345030555416253,-1.1492009677103552
304,1559894400,212,232,20,444,23,-0.15529895725308945,-0.4829226538468234
304,1559908800,705,866,161,1571,23,1.5535532711053162,1.751885857237106
304,1559923200,691,358,0,1049,23,-0.39768934425428176,0.7167749053419764
304,1559937600,922,448,0,1370,23,-0.39768934425428176,1.3533086516223147
304,1559952000,312,310,0,622,23,-0.39768934425428176,-0.1299537851929286
304,1559966400,58,59,1,117,23,-0.38556982490422215,-1.131354227160439
304,1559980800,65,32,0,97,23,-0.39768934425428176,-1.171013650604697
304,1559995200,453,142,0,595,23,-0.39768934425428176,-0.1834940068426767
304,1560009600,494,196,0,690,23,-0.39768934425428176,0.0048882545175480754
304,1560024000,496,227,0,723,23,-0.39768934425428176,0.07032630320057352
304,1560038400,228,275,47,503,23,0.1719280651985201,-0.3659273546862628
304,1560052800,60,67,7,127,23,-0.31285270880386445,-1.1115245154383102
304,1560067200,40,26,0,66,23,-0.39768934425428176,-1.2324857569432968
304,1560081600,341,164,0,505,23,-0.39768934425428176,-0.361961412341837
304,1560096000,389,210,0,599,23,-0.39768934425428176,-0.17556212215382513
304,1560110400,350,160,0,510,23,-0.39768934425428176,-0.35204655648077254
304,1560124800,144,145,1,289,23,-0.38556982490422215,-0.7902831855398217
304,1560139200,29,18,0,47,23,-0.39768934425428176,-1.2701622092153417
304,1560153600,227,241,14,468,23,-0.22801607335344715,-0.435331345713714
304,1560157709,329,71,0,400,23,-0.39768934425428176,-0.5701733854241907
304,1560168000,419,853,434,1272,23,4.8621820536715905,1.1589774767454515
304,1560182400,528,353,0,881,23,-0.39768934425428176,0.3836357484102105
304,1560196800,792,434,0,1226,23,-0.39768934425428176,1.0677608028236583
304,1560211200,194,117,0,311,24,-0.5012905528405681,-0.8729493218653928
304,1560225600,35,25,0,60,24,-0.5012905528405681,-1.2949577252774083
304,1560240000,216,139,0,355,24,-0.5012905528405681,-0.7989717531397805
304,1560254400,763,911,148,1674,24,1.6728047385998446,1.4186740002484606
304,1560268800,630,368,0,998,24,-0.5012905528405681,0.2821095352822354
304,1560283200,959,475,0,1434,24,-0.5012905528405681,1.0151599890178482
304,1560297600,244,166,0,410,24,-0.5012905528405681,-0.7064997922327652
304,1560312000,35,16,0,51,24,-0.5012905528405681,-1.3100895006985562
304,1560326400,189,238,49,427,24,0.21851126662281176,-0.6779175497705967
304,1560340800,767,947,180,1714,24,2.1428793962085826,1.4859263354535626
304,1560355200,661,432,0,1093,24,-0.5012905528405681,0.4418338313943529
304,1560369600,999,517,0,1516,24,-0.5012905528405681,1.1530272761883074
304,1560384000,216,130,0,346,24,-0.5012905528405681,-0.8141035285609285
304,1560398400,30,32,2,62,24,-0.471910886740022,-1.2915951085171533
304,1560412800,193,221,28,414,24,-0.08997522743292248,-0.6997745587122549
304,1560427200,733,853,120,1586,24,1.261489413192199,1.2707188627972361
304,1560441600,603,402,0,1005,24,-0.5012905528405681,0.2938786939431283
304,1560456000,991,493,0,1484,24,-0.5012905528405681,1.0992254080242256
304,1560470400,250,149,0,399,24,-0.5012905528405681,-0.7249941844141682
304,1560484800,35,21,0,56,24,-0.5012905528405681,-1.3016829587979186
304,1560499200,178,213,35,391,24,0.012853603918988927,-0.7384446514551887
304,1560513600,700,957,257,1657,24,3.273996541079608,1.3900917577862921
304,1560528000,774,424,0,1198,24,-0.5012905528405681,0.6183712113077459
304,1560542400,881,403,0,1284,24,-0.5012905528405681,0.7629637319987153
304,1561161600,9076,8201,0,17277,25,-0.42703699936700945,4.094747786824569
304,1561176000,59,45,0,104,25,-0.42703699936700945,-0.35737819013819166
304,1561190400,61,56,0,117,25,-0.42703699936700945,-0.35400792066282244
304,1561204800,362,204,0,566,25,-0.42703699936700945,-0.23760399801353113
304,1561219200,470,246,0,716,25,-0.42703699936700945,-0.19871627329773225
304,1561233600,535,233,0,768,25,-0.42703699936700945,-0.18523519539625533
304,1561248000,237,218,0,455,25,-0.42703699936700945,-0.2663809143032223
304,1561262400,42,69,27,111,25,2.103938387125266,-0.3555634296514544
304,1561276800,49,40,0,89,25,-0.42703699936700945,-0.3612669626097716
304,1561291200,302,159,0,461,25,-0.42703699936700945,-0.26482540531459037
304,1561305600,389,199,0,588,25,-0.42703699936700945,-0.23190046505521397
304,1561320000,337,242,0,579,25,-0.42703699936700945,-0.2342337285381619
304,1561334400,155,155,0,310,25,-0.42703699936700945,-0.30397238152849454
304,1561348800,12,30,18,42,25,1.2602799249611742,-0.3734517830207219
304,1561363200,197,234,37,431,25,3.0413366784187015,-0.2726029502577501
304,1561377600,1059,843,0,1902,25,-0.42703699936700945,0.10875600345518419
304,1561392000,574,343,0,917,25,-0.42703699936700945,-0.14660672217856177
304,1561406400,846,406,0,1252,25,-0.42703699936700945,-0.059757470313277605
304,1561420800,216,131,0,347,26,-0.3734647614706867,-0.6813844157241825
304,1561435200,33,16,0,49,26,-0.3734647614706867,-1.239848752452241
304,1561449600,194,187,0,381,26,-0.3734647614706867,-0.6176670081780281
304,1561464000,741,923,182,1664,26,3.124436770526107,1.7867281059900895
304,1561478400,570,369,0,939,26,-0.3734647614706867,0.4280480921382693
304,1561492800,939,470,0,1409,26,-0.3734647614706867,1.308847549393932
304,1561507200,238,142,0,380,26,-0.3734647614706867,-0.6195410495764444
304,1561521600,38,18,0,56,26,-0.3734647614706867,-1.2267304626633269
304,1561536000,210,200,0,410,26,-0.3734647614706867,-0.5633198076239553
304,1561550400,709,902,193,1611,26,3.3358484015808583,1.6874039118740254
304,1561564800,552,378,0,930,26,-0.3734647614706867,0.4111817195525226
304,1561579200,1369,496,0,1865,26,-0.3734647614706867,2.1634104270717667
304,1561593600,383,143,0,526,26,-0.3734647614706867,-0.3459310054076641
304,1561608000,36,23,0,59,26,-0.3734647614706867,-1.2211083384680779
304,1561622400,327,196,0,523,26,-0.3734647614706867,-0.351553129602913
304,1561636800,984,898,0,1882,26,-0.3734647614706867,2.195269130844844
304,1561651200,611,424,0,1035,26,-0.3734647614706867,0.6079560663862345
304,1561665600,1112,469,0,1581,26,-0.3734647614706867,1.6311826699215362
304,1561680000,306,169,0,475,26,-0.3734647614706867,-0.4415071167268956
304,1561694400,37,35,0,72,26,-0.3734647614706867,-1.196745800288666
304,1561708800,194,174,0,368,26,-0.3734647614706867,-0.6420295463574401
304,1561723200,689,770,81,1459,26,1.1832936126597544,1.402549619314747
304,1561737600,711,369,0,1080,26,-0.3734647614706867,0.6922879293149681
304,1561752000,955,410,0,1365,26,-0.3734647614706867,1.2263897278636147
304,1561766400,346,253,0,599,26,-0.3734647614706867,-0.20912598332327395
304,1561780800,74,108,34,182,26,0.2799893708803627,-0.9906012464628725
304,1561795200,59,42,0,101,26,-0.3734647614706867,-1.1423985997345931
304,1561797310,11,16,5,27,26,-0.27736856553670886,-1.2810776632173997
304,1561809600,439,163,0,602,26,-0.3734647614706867,-0.20350385912802504
304,1561824000,497,247,0,744,26,-0.3734647614706867,0.06261001944709009
304,1561838400,628,301,0,929,26,-0.3734647614706867,0.40930767815410624
304,1561852800,297,226,0,523,26,-0.3734647614706867,-0.351553129602913
304,1561867200,62,115,53,177,26,0.6451549154294784,-0.9999714534549541
304,1561881600,42,53,11,95,26,-0.16205313041593541,-1.1536428481250909
304,1561896000,366,179,0,545,26,-0.3734647614706867,-0.31032421883775435
304,1561910400,496,232,0,728,26,-0.3734647614706867,0.03262535707242923
304,1561924800,362,292,0,654,26,-0.3734647614706867,-0.10605370641037724
304,1561939200,210,230,20,440,26,0.010920022265224726,-0.5070985656714663
304,1561953600,29,77,48,106,26,0.5490587194955007,-1.1330283927425115
304,1561968000,188,173,0,361,26,-0.3734647614706867,-0.6551478361463542
304,1561972016,154,382,228,536,26,4.008521773118703,-0.3271905914235011
304,1561982400,754,445,0,1199,26,-0.3734647614706867,0.9152988557265083
304,1561996800,610,357,0,967,26,-0.3734647614706867,0.4805212512939258
304,1562011200,873,412,0,1285,26,-0.3734647614706867,1.0764664159903103
304,1562025600,233,284,51,517,27,1.4182897668433347,0.08437270936385353
304,1562040000,39,55,16,94,27,0.08864311042770845,-0.9151728475314859
304,1562054400,185,192,7,377,27,-0.2532660297934526,-0.24644615107432027
304,1562057412,136,234,98,370,27,3.2038152768871755,-0.26298709409622895
304,1562068800,734,607,0,1341,27,-0.5191953610765778,2.0314780022285337
304,1562083200,600,353,0,953,27,-0.5191953610765778,1.1146371604427376
304,1562097600,949,430,0,1379,27,-0.5191953610765778,2.1212716929188953
304,1562112000,264,244,0,508,27,-0.5191953610765778,0.0631057826213995
304,1562126400,45,58,13,103,27,-0.02532660297934524,-0.8939059207890319
304,1562140800,190,207,17,397,27,0.12663301489672635,-0.19918631386886687
304,1562155200,790,773,0,1563,27,-0.5191953610765778,2.5560621952090665
304,1562169600,708,353,0,1061,27,-0.5191953610765778,1.3698402813521862
304,1562184000,771,356,0,1127,27,-0.5191953610765778,1.5257977441301824
304,1562198400,280,234,0,514,27,-0.5191953610765778,0.07728373378303552
304,1562212800,25,74,49,99,27,1.342309957905299,-0.9033578882301225
304,1562227200,55,37,0,92,27,-0.5191953610765778,-0.9198988312520312
304,1562241600,369,200,0,569,27,-0.5191953610765778,0.20724828609803236
304,1562256000,333,231,0,564,27,-0.5191953610765778,0.19543332679666903
304,1562270400,318,404,86,722,27,2.747936423258961,0.5687860407197509
304,1562284800,387,189,0,576,27,-0.5191953610765778,0.22378922911994106
304,1562299200,55,27,0,82,27,-0.5191953610765778,-0.9435287498547579
304,1562313600,90,96,6,186,27,-0.2912559342624705,-0.6977775963864002
304,1562315484,25,79,54,104,27,1.5322594802503886,-0.8915429289287592
304,1562315564,0,1,1,1,27,-0.48120545660756,-1.1349310905368442
304,1562315644,1,0,0,1,27,-0.5191953610765778,-1.1349310905368442
304,1562315726,56,37,0,93,27,-0.5191953610765778,-0.9175358393917585
304,1562315806,1,0,0,1,27,-0.5191953610765778,-1.1349310905368442
304,1562328000,443,351,0,794,27,-0.5191953610765778,0.7389214546593831
304,1562342400,519,301,0,820,27,-0.5191953610765778,0.8003592430264725
304,1562356800,596,329,0,925,27,-0.5191953610765778,1.048473388355103
304,1562371200,224,281,57,505,27,1.6462291936574422,0.05601680704058149
304,1562385600,27,67,40,94,27,1.000400817684138,-0.9151728475314859
304,1562400000,52,35,0,87,27,-0.5191953610765778,-0.9317137905533945
304,1562414400,213,118,0,331,27,-0.5191953610765778,-0.3551437766468631
304,1562428800,361,179,0,540,27,-0.5191953610765778,0.13872152215012495
304,1562443200,373,159,0,532,27,-0.5191953610765778,0.11981758726794359
304,1562457600,173,188,15,361,27,0.05065320595869055,-0.284254020838683
304,1562472000,36,44,8,80,27,-0.21527612532443471,-0.9482547335753033
304,1562486400,46,21,0,67,27,-0.5191953610765778,-0.978973627758848
304,1562500800,283,172,0,455,27,-0.5191953610765778,-0.06213278597305201
304,1562515200,312,176,0,488,27,-0.5191953610765778,0.0158459454159461
304,1562529600,257,224,0,481,27,-0.5191953610765778,-0.0006949976059625895
304,1562544000,105,112,7,217,27,-0.2532660297934526,-0.6245248487179474
304,1562558400,13,16,3,29,27,-0.4052256476695242,-1.0687673184492095
304,1562572443,69,171,102,240,27,3.3557748947632473,-0.5701760359316761
304,1562572800,175,76,0,251,27,-0.5191953610765778,-0.5441831254686766
304,1562574604,66,125,59,191,27,1.722209002595478,-0.6859626370850369
304,1562574685,5,13,8,18,27,-0.21527612532443471,-1.094760228912209
304,1562587200,718,652,0,1370,27,-0.5191953610765778,2.100004766176441
304,1562601600,580,362,0,942,27,-0.5191953610765778,1.0886442499797382
304,1562616000,902,432,0,1334,27,-0.5191953610765778,2.014937059206625
304,1562630400,219,138,0,357,28,-0.35454811186116963,-0.6382079864357583
304,1562644800,39,29,0,68,28,-0.35454811186116963,-1.1793206253961683
304,1562659200,197,182,0,379,28,-0.35454811186116963,-0.597016020840156
304,1562673600,796,870,74,1666,28,3.0256222306680183,1.8127139665025704
304,1562688000,580,390,0,970,28,-0.35454811186116963,0.5095499640235202
304,1562702400,879,455,0,1334,28,-0.35454811186116963,1.1910897584234832
304,1562716800,279,165,0,444,28,-0.35454811186116963,-0.47531248612587695
304,1562731200,32,30,0,62,28,-0.35454811186116963,-1.1905547978313327
304,1562745600,208,226,18,434,28,0.4676554849702544,-0.4940361068511506
304,1562760000,982,913,0,1895,28,-0.35454811186116963,2.2414848811113384
304,1562774400,660,347,0,1007,28,-0.35454811186116963,0.5788273607070329
304,1562788800,906,482,0,1388,28,-0.35454811186116963,1.2921973103399613
304,1562803200,242,209,0,451,28,-0.35454811186116963,-0.46220595161818534
304,1562817600,30,15,0,45,28,-0.35454811186116963,-1.2223849530642978
304,1562832000,183,205,22,388,28,0.6503673953772375,-0.5801647621874098
304,1562846400,769,846,77,1615,28,3.1626561634732555,1.7172235008036745
304,1562860800,660,384,0,1044,28,-0.35454811186116963,0.6481047573905456
304,1562875200,979,472,0,1451,28,-0.35454811186116963,1.4101561209091855
304,1562889600,203,159,0,362,28,-0.35454811186116963,-0.6288461760731213
304,1562904000,30,14,0,44,28,-0.35454811186116963,-1.2242573151368252
304,1562918400,167,174,7,341,28,-0.03480226864894916,-0.6681657795961962
304,1562932800,732,711,0,1443,28,-0.35454811186116963,1.3951772243289666
304,1562947200,682,366,0,1048,28,-0.35454811186116963,0.6555942056806551
304,1562961600,881,417,0,1298,28,-0.35454811186116963,1.1236847238124978
304,1562976000,318,257,0,575,28,-0.35454811186116963,-0.23003305462479134
304,1562990400,57,63,6,120,28,-0.08048024625069494,-1.0819577976247452
304,1563004800,77,49,0,126,28,-0.35454811186116963,-1.0707236251895809
304,1563019200,398,293,0,691,28,-0.35454811186116963,-0.012839054211616319
304,1563033600,510,300,0,810,28,-0.35454811186116963,0.20997203241914084
304,1563048000,531,266,0,797,28,-0.35454811186116963,0.185631325476285
304,1563062400,216,185,0,401,28,-0.35454811186116963,-0.5558240552445539
304,1563076800,41,47,6,88,28,-0.08048024625069494,-1.141873383945621
304,1563091200,49,21,0,70,28,-0.35454811186116963,-1.1755759012511138
304,1563105600,323,177,0,500,28,-0.35454811186116963,-0.37046021006434415
304,1563120000,363,241,0,604,28,-0.35454811186116963,-0.17573455452149758
304,1563134400,312,151,0,463,28,-0.35454811186116963,-0.4397376067478569
304,1563148800,141,134,0,275,28,-0.35454811186116963,-0.7917416763830026
304,1563163200,18,23,5,41,28,-0.12615822385244072,-1.2298744013544074
304,1563177600,191,201,10,392,28,0.10223166415628818,-0.5726753138973002
304,1563192000,747,848,101,1595,28,4.258927625915154,1.679776259353127
304,1563206400,588,328,0,916,28,-0.35454811186116963,0.40844241210704213
304,1563220800,873,439,0,1312,28,-0.35454811186116963,1.149897792827881
304,1563235200,233,172,0,405,29,-0.36142212229887427,-0.3875270280825956
304,1563249600,35,32,0,67,29,-0.36142212229887427,-1.0557408963253085
304,1563264000,197,178,0,375,29,-0.36142212229887427,-0.44683595129940445
304,1563278400,742,920,178,1662,29,3.3853653314215495,2.097516854701695
304,1563279677,37,11,0,48,29,-0.36142212229887427,-1.093303214362621
304,1563292800,555,398,0,953,29,-0.36142212229887427,0.6958493026777792
304,1563307200,927,469,0,1396,29,-0.36142212229887427,1.571644402179323
304,1563321600,264,258,0,522,29,-0.36142212229887427,-0.15622222753704113
304,1563336000,36,21,0,57,29,-0.36142212229887427,-1.0755105373975782
304,1563350400,207,210,3,417,29,-0.2982740191462829,-0.36380345879587206
304,1563352615,93,184,91,277,29,1.5540703399963987,-0.6405784338076467
304,1563352696,5,2,0,7,29,-0.36142212229887427,-1.1743587427589262
304,1563352777,170,64,0,234,29,-0.36142212229887427,-0.725587890418406
304,1563352859,7,0,0,7,29,-0.36142212229887427,-1.1743587427589262
304,1563364800,631,680,49,1311,29,0.6699968958601188,1.4036024530650313
304,1563379200,651,365,0,1016,29,-0.36142212229887427,0.8203980414330778
304,1563393600,899,435,0,1334,29,-0.36142212229887427,1.4490726275312515
304,1563408000,253,141,0,394,29,-0.36142212229887427,-0.40927363326209215
304,1563422400,29,9,0,38,29,-0.36142212229887427,-1.1130728554348903
304,1563436800,189,178,0,367,29,-0.36142212229887427,-0.46265166415722014
304,1563451200,738,963,225,1701,29,4.3746856141454815,2.174618454883546
304,1563465600,593,379,0,972,29,-0.36142212229887427,0.7334116207150915
304,1563480000,936,458,0,1394,29,-0.36142212229887427,1.5676904739648692
304,1563494400,265,174,0,439,29,-0.36142212229887427,-0.32031024843687894
304,1563508800,42,66,24,108,29,0.14376270292185703,-0.9746853679290031
304,1563523200,183,191,8,374,29,-0.1930271805586305,-0.44881291540663143
304,1563537600,679,755,76,1434,29,1.2383298242334415,1.6467690382539475
304,1563552000,724,354,0,1078,29,-0.36142212229887427,0.9429698160811494
304,1563566400,546,299,0,845,29,-0.36142212229887427,0.48233717909726737
304,1563580800,250,200,0,450,29,-0.36142212229887427,-0.2985636432573823
304,1563595200,52,50,0,102,29,-0.36142212229887427,-0.9865471525723649
304,1563609600,45,33,0,78,29,-0.36142212229887427,-1.033994291145812
304,1563624000,358,275,0,633,29,-0.36142212229887427,0.06322078836515158
304,1563638400,422,236,0,658,29,-0.36142212229887427,0.11264489104582562
304,1563652800,373,244,0,617,29,-0.36142212229887427,0.0315893626495202
304,1563667200,200,191,0,391,29,-0.36142212229887427,-0.4152045255837731
304,1563681600,35,43,8,78,29,-0.1930271805586305,-1.033994291145812
304,1563696000,40,23,0,63,29,-0.36142212229887427,-1.0636487527542164
304,1563710400,291,182,0,473,29,-0.36142212229887427,-0.25309346879116223
304,1563724800,344,194,0,538,29,-0.36142212229887427,-0.12459080182140975
304,1563739200,269,158,0,427,29,-0.36142212229887427,-0.3440338177236025
304,1563753600,117,109,0,226,29,-0.36142212229887427,-0.7414036032762217
304,1563768000,17,19,2,36,29,-0.31932338686381334,-1.1170267836493444
304,1563782400,197,193,0,390,29,-0.36142212229887427,-0.417181489691
304,1563796800,695,838,143,1533,29,2.6486374613079833,1.8424884848694167
304,1563811200,566,413,0,979,29,-0.36142212229887427,0.7472503694656802
304,1563825600,860,484,0,1344,29,-0.36142212229887427,1.4688422686035212
304,1563840000,204,128,0,332,30,-0.41711199208172006,-0.7239457383707882
304,1563854400,33,14,0,47,30,-0.41711199208172006,-1.2675521926897353
304,1563868800,200,208,8,408,30,-0.2324616240455436,-0.578984017219069
304,1563883200,753,907,154,1660,30,3.1374075926146765,1.8090695996487265
304,1563897600,564,368,0,932,30,-0.41711199208172006,0.4204889023006793
304,1563912000,1034,425,0,1459,30,-0.41711199208172006,1.425683995023785
304,1563926400,237,184,0,421,30,-0.41711199208172006,-0.5541879333378539
304,1563940800,40,19,0,59,30,-0.41711199208172006,-1.244663499876306
304,1563955200,206,209,3,415,30,-0.3478681040681539,-0.5656322797445685
304,1563969600,758,911,153,1669,30,3.1143262966101544,1.8262361192587986
304,1563984000,619,401,0,1020,30,-0.41711199208172006,0.5883393162658279
304,1563998400,947,469,0,1416,30,-0.41711199208172006,1.3436661791089963
304,1564012800,298,245,0,543,30,-0.41711199208172006,-0.3214862230679888
304,1564027200,33,40,7,73,30,-0.2555429200500657,-1.217960024927305
304,1564041600,203,200,0,403,30,-0.41711199208172006,-0.5885209725579978
304,1564056000,762,918,156,1680,30,3.1835701846237203,1.847217421004442
304,1564070400,592,452,0,1044,30,-0.41711199208172006,0.6341167018926865
304,1564084800,999,485,0,1484,30,-0.41711199208172006,1.4733687717184294
304,1564099200,303,252,0,555,30,-0.41711199208172006,-0.2985975302545595
304,1564113600,43,60,17,103,30,-0.024729960004845095,-1.1607382928937318
304,1564128000,184,181,0,365,30,-0.41711199208172006,-0.6610018331338575
304,1564142400,702,749,47,1451,30,0.6677089201308166,1.4104248664814987
304,1564156800,720,411,0,1131,30,-0.41711199208172006,0.8000597247900494
304,1564171200,884,381,0,1265,30,-0.41711199208172006,1.0556501278733437
304,1564185600,270,273,3,543,30,-0.3478681040681539,-0.3214862230679888
304,1564200000,50,73,23,123,30,0.11375781602228724,-1.1225904715380162
304,1564214400,65,39,0,104,30,-0.41711199208172006,-1.158830901825946
304,1564228800,431,170,0,601,30,-0.41711199208172006,-0.2108575411364136
304,1564243200,497,334,0,831,30,-0.41711199208172006,0.22784240445431558
304,1564257600,453,261,0,714,30,-0.41711199208172006,0.004677649523379432
304,1564272000,240,256,16,496,30,-0.04781125600936715,-0.41113360325392045
304,1564286400,61,75,14,136,30,-0.09397384801841127,-1.097794387656801
304,1564300800,36,24,0,60,30,-0.41711199208172006,-1.2427561088085202
304,1564315200,330,217,0,547,30,-0.41711199208172006,-0.3138566587968457
304,1564329600,393,237,0,630,30,-0.41711199208172006,-0.15554320017062603
304,1564344000,351,262,0,613,30,-0.41711199208172006,-0.18796884832298427
304,1564358400,122,151,29,273,30,0.2522455920494196,-0.8364818113701492
304,1564372800,20,18,0,38,30,-0.41711199208172006,-1.2847187122998074
304,1564387200,212,188,0,400,30,-0.41711199208172006,-0.5942431457613553
304,1564401600,745,874,129,1619,30,2.5603751925016254,1.7308665658695095
304,1564416000,606,380,0,986,30,-0.41711199208172006,0.5234880199611114
304,1564430400,816,420,0,1236,30,-0.41711199208172006,1.0003357869075562
304,1564444800,249,168,0,417,31,-0.4800266007823868,-0.6953609866687831
304,1564459200,30,19,0,49,31,-0.4800266007823868,-1.3596582537600423
304,1564473600,194,220,26,414,31,0.18413437236220156,-0.7007764535200705
304,1564488000,801,879,78,1680,31,1.5124563186513782,1.5845505577232288
304,1564502400,563,354,0,917,31,-0.4800266007823868,0.20721682187912346
304,1564516800,885,427,0,1312,31,-0.4800266007823868,0.9202532906319696
304,1564531200,225,166,0,391,31,-0.4800266007823868,-0.7422950327132742
304,1564545600,42,26,0,68,31,-0.4800266007823868,-1.3253602970352218
304,1564560000,214,210,0,424,31,-0.4800266007823868,-0.6827248973491123
304,1564574400,768,877,109,1645,31,2.3043405558622334,1.5213701111248754
304,1564588800,604,453,0,1057,31,-0.4800266007823868,0.4599386082725373
304,1564603200,869,464,0,1333,31,-0.4800266007823868,0.9581615585909817
304,1564617600,203,139,0,342,31,-0.4800266007823868,-0.830747657950969
304,1564632000,37,37,0,74,31,-0.4800266007823868,-1.314529363332647
304,1564646400,197,195,0,392,31,-0.4800266007823868,-0.7404898770961784
304,1564660800,726,853,127,1579,31,2.764144306500795,1.4022298403965516
304,1564675200,598,378,0,976,31,-0.4800266007823868,0.31372100328777647
304,1564689600,969,470,0,1439,31,-0.4800266007823868,1.149508054003138
304,1564704000,276,218,0,494,31,-0.4800266007823868,-0.5563640041524055
304,1564718400,37,36,0,73,31,-0.4800266007823868,-1.3163345189497428
304,1564732800,174,183,9,357,31,-0.2501247254631062,-0.8036703236945318
304,1564747200,708,810,102,1518,31,2.12552798616946,1.292115347753707
304,1564761600,636,423,0,1059,31,-0.4800266007823868,0.46354891950672894
304,1564776000,885,358,0,1243,31,-0.4800266007823868,0.7956975530523586
304,1565395200,9037,9760,723,18797,32,4.077894692786707,4.103192517799659
304,1565409600,55,59,4,114,32,-0.27585164561005604,-0.3469247904202945
304,1565424000,58,39,0,97,32,-0.30007276571240243,-0.350974032738966
304,1565438400,459,201,0,660,32,-0.30007276571240243,-0.21687265477355175
304,1565452800,490,289,0,779,32,-0.30007276571240243,-0.18852795854285143
304,1565467200,509,355,0,864,32,-0.30007276571240243,-0.16828174694949402
304,1565481600,237,197,0,434,32,-0.30007276571240243,-0.27070375853941964
304,1565496000,40,87,47,127,32,-0.015474604509832422,-0.34382831100013395
304,1565510400,49,24,0,73,32,-0.30007276571240243,-0.35669061013003156
304,1565524800,362,162,0,524,32,-0.30007276571240243,-0.24926659332292359
304,1565539200,364,246,0,610,32,-0.30007276571240243,-0.22878219100493846
304,1565553600,385,250,0,635,32,-0.30007276571240243,-0.22282742288924512
304,1565568000,192,173,0,365,32,-0.30007276571240243,-0.28713891853873325
304,1565582400,17,36,19,53,32,-0.18502244522625713,-0.36145442462258626
304,1565596800,184,146,0,330,32,-0.30007276571240243,-0.29547559390070394
304,1565611200,734,833,99,1567,32,0.2993999568206706,-0.0008336675361970688
304,1565625600,593,362,0,955,32,-0.30007276571240243,-0.14660639100837025
304,1565640000,854,431,0,1285,32,-0.30007276571240243,-0.06800345188121804
304,1565654400,207,232,25,439,33,0.20210314392681203,-0.21761572126193135
304,1565668800,37,33,0,70,33,-0.37612110981474833,-0.8503752800081623
304,1565683200,170,197,27,367,33,0.24836108422613687,-0.3410810010172935
304,1565697600,737,763,26,1500,33,0.22523211407647445,1.6017823595775025
304,1565712000,568,369,0,937,33,-0.37612110981474833,0.6363524637126569
304,1565726400,816,441,0,1257,33,-0.37612110981474833,1.1850870404031553
304,1565740800,252,204,0,456,33,-0.37612110981474833,-0.18846419687524862
304,1565755200,29,12,0,41,33,-0.37612110981474833,-0.9001043510207388
304,1565769600,193,184,0,377,33,-0.37612110981474833,-0.32393304549571544
304,1565784000,766,828,62,1594,33,1.0578750394643215,1.7629731414803365
304,1565798400,622,374,0,996,33,-0.37612110981474833,0.7375254012899676
304,1565812800,877,464,0,1341,33,-0.37612110981474833,1.3291298667844111
304,1565827200,231,147,0,378,33,-0.37612110981474833,-0.32221824994355763
304,1565841600,33,15,0,48,33,-0.37612110981474833,-0.8881007821556341
304,1565856000,199,186,0,385,33,-0.37612110981474833,-0.31021468107845296
304,1565870400,743,844,101,1587,33,1.9599048753011556,1.750969572615232
304,1565884800,578,389,0,967,33,-0.37612110981474833,0.6877963302773911
304,1565899200,872,495,0,1367,33,-0.37612110981474833,1.3737145511405142
304,1565913600,249,231,0,480,33,-0.37612110981474833,-0.14730910362346122
304,1565928000,39,42,3,81,33,-0.30673419936576113,-0.8315125289344265
304,1565942400,192,234,42,426,33,0.5952956364710731,-0.23990806343998283
304,1565956800,812,1059,247,1871,33,5.336734517151869,2.237971509428049
304,1565971200,609,429,0,1038,33,-0.37612110981474833,0.8095468144805954
304,1565985600,853,361,0,1214,33,-0.37612110981474833,1.1113508316603695
304,1566000000,259,224,0,483,33,-0.37612110981474833,-0.1421647169669878
304,1566014400,4,6,2,10,33,-0.3298631695154235,-0.9532630131376308
304,1566028800,0,2,2,2,33,-0.3298631695154235,-0.9669813775548933
304,1566043200,2,4,2,6,33,-0.3298631695154235,-0.9601221953462621
304,1566057600,0,1,1,1,33,-0.3529921396650859,-0.9686961731070511
304,1566072000,2,3,1,5,33,-0.3529921396650859,-0.9618369908984199
304,1566086400,1,1,0,2,33,-0.37612110981474833,-0.9669813775548933
304,1566100800,4,13,9,17,33,-0.1679603784677866,-0.9412594442725262
304,1566115200,0,1,1,1,33,-0.3529921396650859,-0.9686961731070511
304,1566129600,10,23,13,33,33,-0.07544449786913694,-0.9138227154380012
304,1566144000,0,8,8,8,33,-0.19108934861744903,-0.9566926042419465
304,1566158400,0,2,2,2,33,-0.3298631695154235,-0.9669813775548933
304,1566172800,1,4,3,5,33,-0.30673419936576113,-0.9618369908984199
304,1566187200,5,4,0,9,33,-0.37612110981474833,-0.9549778086897887
304,1566201600,174,178,4,352,33,-0.2836052292160987,-0.3668029342996606
304,1566216000,714,816,102,1530,33,1.983033845450818,1.6532262261422368
304,1566230400,541,342,0,883,33,-0.37612110981474833,0.5437535038961353
304,1566244800,810,392,0,1202,33,-0.37612110981474833,1.0907732850344758
304,1566259200,206,174,0,380,34,-0.5276607502436064,-0.33880002704774786
304,1566273600,26,35,9,61,34,-0.3179280861089237,-0.8896790030654331
304,1566288000,176,192,16,368,34,-0.1548026806708372,-0.3595227471487266
304,1566302400,704,893,189,1597,34,3.87672519658473,1.7628291698598477
304,1566316800,562,335,0,897,34,-0.5276607502436064,0.5540038306360869
304,1566331200,802,413,0,1215,34,-0.5276607502436064,1.103155913312024
304,1566345600,200,244,44,444,34,0.4976989410815089,-0.22827885317586114
304,1566360000,30,35,5,65,34,-0.411142603502116,-0.8827714296984402
304,1566374400,196,207,11,403,34,-0.27132082741232755,-0.29908148018753855
304,1566388800,750,725,0,1475,34,-0.5276607502436064,1.5521481821665637
304,1566403200,547,695,148,1242,34,2.9212763933045087,1.1497820335392261
304,1566417600,847,588,0,1435,34,-0.5276607502436064,1.4830724484966344
304,1566432000,217,284,67,501,34,1.0336824160923648,-0.12984593269621206
304,1566446400,33,26,0,59,34,-0.5276607502436064,-0.8931327897489296
304,1566460800,186,236,50,422,34,0.6375207171712973,-0.26627050669432223
304,1566475200,750,807,57,1557,34,0.800646122609384,1.6937534361899185
304,1566489600,623,666,43,1289,34,0.4743953117332108,1.230946020601393
304,1566504000,857,552,0,1409,34,-0.5276607502436064,1.4381732216111804
304,1566518400,228,270,42,498,34,0.45109168238491276,-0.13502661272145675
304,1566532800,40,55,15,95,34,-0.17810631001913527,-0.8309646294459934
304,1566547200,180,154,0,334,34,-0.5276607502436064,-0.41823712076816644
304,1566561600,674,650,0,1324,34,-0.5276607502436064,1.291387287562581
304,1566576000,646,597,0,1243,34,-0.5276607502436064,1.1515089268809744
304,1566590400,706,634,0,1340,34,-0.5276607502436064,1.3190175810305527
304,1566604800,227,359,132,586,34,2.5484183237317395,0.01694000135238747
304,1566619200,0,10,10,10,34,-0.29462445676062565,-0.9777505634945929
304,1566633600,0,7,7,7,34,-0.36453534480551986,-0.9829312435198375
304,1566648000,0,8,8,8,34,-0.3412317154572218,-0.9812043501780893
304,1566662400,0,2,2,2,34,-0.48105349154701027,-0.9915657102285786
304,1566676800,2,2,0,4,34,-0.5276607502436064,-0.9881119235450823
304,1566691200,0,0,0,0,34,-0.5276607502436064,-0.9950194969120751
304,1566705600,0,0,0,0,34,-0.5276607502436064,-0.9950194969120751
304,1566720000,0,1,1,1,34,-0.5043571208953084,-0.9932926035703269
304,1566734400,1,8,7,9,34,-0.36453534480551986,-0.979477456836341
304,1566748800,1,2,1,3,34,-0.5043571208953084,-0.9898388168868304
304,1566763200,4,4,0,8,34,-0.5276607502436064,-0.9812043501780893
304,1566777600,0,2,2,2,34,-0.48105349154701027,-0.9915657102285786
304,1566792000,1,2,1,3,34,-0.5043571208953084,-0.9898388168868304
304,1566806400,190,176,0,366,34,-0.5276607502436064,-0.36297653383222306
304,1566820800,691,775,84,1466,34,1.429844115013432,1.5366061420908297
304,1566835200,568,341,0,909,34,-0.5276607502436064,0.5747265507370657
304,1566849600,795,368,0,1163,34,-0.5276607502436064,1.0133574595411161
304,1566864000,185,178,0,363,35,-0.6390777691236219,-0.5598699523153886
304,1566878400,39,14,0,53,35,-0.6390777691236219,-1.247753955254556
304,1566892800,182,191,9,373,35,-0.21822167726172453,-0.5376801457689638
304,1566907200,696,739,43,1435,35,1.3716791142165545,1.8188773094613455
304,1566921600,702,345,0,1047,35,-0.6390777691236219,0.9579128154600648
304,1566936000,819,418,0,1237,35,-0.6390777691236219,1.3795191398421351
304,1566950400,206,161,0,367,35,-0.6390777691236219,-0.5509940296968187
304,1566964800,27,36,9,63,35,-0.21822167726172453,-1.2255641487081312
304,1566979200,193,188,0,381,35,-0.6390777691236219,-0.519928300531824
304,1566993600,748,775,27,1523,35,0.6234905064620702,2.014147607069883
304,1567008000,541,455,0,996,35,-0.6390777691236219,0.8447448020732986
304,1567022400,841,476,0,1317,35,-0.6390777691236219,1.5570375922135333
304,1567036800,189,210,21,399,35,0.34291977855413863,-0.4799866487482594
304,1567051200,26,77,51,103,35,1.7457734180937967,-1.1368049225224321
304,1567065600,187,221,34,408,35,0.9508230223546571,-0.46001582285647713
304,1567080000,761,818,57,1579,35,2.0263441460017284,2.138410523729862
304,1567094400,641,363,0,1004,35,-0.6390777691236219,0.8624966473104384
304,1567108800,871,432,0,1303,35,-0.6390777691236219,1.5259718630485386
304,1567123200,219,160,0,379,35,-0.6390777691236219,-0.5243662618411089
304,1567137600,40,66,26,106,35,0.5767287184774149,-1.1301479805585048
304,1567152000,154,157,3,311,35,-0.4987924051696561,-0.6752569463567973
304,1567166400,583,635,52,1218,35,1.7925352060784518,1.3373585074039283
304,1567180800,717,366,0,1083,35,-0.6390777691236219,1.037796119027194
304,1567195200,721,386,0,1107,35,-0.6390777691236219,1.0910516547386133
304,1567209600,235,236,1,471,35,-0.5923159811389667,-0.3202200416140012
304,1567224000,44,72,28,116,35,0.6702522944467255,-1.10795817401208
304,1567238400,59,38,0,97,35,-0.6390777691236219,-1.1501188064502872
304,1567252800,411,208,0,619,35,-0.6390777691236219,0.00818909527308523
304,1567267200,501,264,0,765,35,-0.6390777691236219,0.3321602708508867
304,1567281600,561,270,0,831,35,-0.6390777691236219,0.4786129940572901
304,1567296000,223,308,85,531,35,3.3356742095720753,-0.18708120233545264
304,1567310400,42,86,44,128,35,1.4184409022012099,-1.0813304061563704
304,1567324800,36,35,0,71,35,-0.6390777691236219,-1.2078123034709916
304,1567339200,389,167,0,556,35,-0.6390777691236219,-0.13160668596939074
304,1567353600,437,282,0,719,35,-0.6390777691236219,0.2300871607373328
304,1567368000,435,294,0,729,35,-0.6390777691236219,0.25227696728375754
304,1567382400,168,211,43,379,35,1.3716791142165545,-0.5243662618411089
304,1567396800,30,71,41,101,35,1.278155538247244,-1.1412428838317172
304,1567411200,46,30,0,76,35,-0.6390777691236219,-1.1967174001977792
304,1567425600,290,212,0,502,35,-0.6390777691236219,-0.25143164132008444
304,1567440000,300,207,0,507,35,-0.6390777691236219,-0.24033673804687206
304,1567454400,303,187,0,490,35,-0.6390777691236219,-0.27805940917579414
304,1567468800,131,139,8,270,36,-0.3951604437378577,-0.8614294064559124
304,1567483200,22,65,43,87,36,0.2517057614900386,-1.2100837728603433
304,1567497600,193,231,38,424,36,0.1592963036003391,-0.5680262784434404
304,1567512000,734,828,94,1562,36,1.194282231964973,1.6001085246617093
304,1567526400,545,330,0,875,36,-0.5430155763613769,0.29122573930737017
304,1567540800,833,466,0,1299,36,-0.5430155763613769,1.09903694890015
304,1567555200,173,242,69,415,36,0.7322349425164758,-0.5851732144961174
304,1567569600,36,33,0,69,36,-0.5430155763613769,-1.2443776449656971
304,1567584000,196,246,50,442,36,0.38107900253561783,-0.5337324063380866
304,1567598400,756,963,207,1719,36,3.282735980272181,1.8992272980250735
304,1567612800,609,376,0,985,36,-0.5430155763613769,0.5007994021734216
304,1567627200,848,417,0,1265,36,-0.5430155763613769,1.0342596349233706
304,1567641600,193,201,8,394,36,-0.3951604437378577,-0.6251827319523636
304,1567656000,32,40,8,72,36,-0.3951604437378577,-1.238661999614805
304,1567670400,222,270,48,492,36,0.34411521937973805,-0.43847165048988146
304,1567684800,782,938,156,1720,36,2.3401595097972465,1.9011325131420376
304,1567699200,625,417,0,1042,36,-0.5430155763613769,0.6093966638403754
304,1567713600,912,487,0,1399,36,-0.5430155763613769,1.2895584605965604
304,1567728000,243,241,0,484,36,-0.5430155763613769,-0.45371337142559426
304,1567742400,56,41,0,97,36,-0.5430155763613769,-1.1910316216907022
304,1567756800,217,231,14,448,36,-0.28426909427021835,-0.522301115636302
304,1567771200,801,873,72,1674,36,0.7876806172502955,1.8134926177616888
304,1567785600,689,370,0,1059,36,-0.5430155763613769,0.6417853208287652
304,1567800000,842,408,0,1250,36,-0.5430155763613769,1.005681408168909
304,1567814400,211,241,30,452,36,0.011441170976819959,-0.5146802551684456
304,1567828800,50,80,30,130,36,0.011441170976819959,-1.128159522830887
304,1567843200,90,39,0,129,36,-0.5430155763613769,-1.130064737947851
304,1567857600,373,240,0,613,36,-0.5430155763613769,-0.20794062133722493
304,1567872000,549,266,0,815,36,-0.5430155763613769,0.17691283228952395
304,1567886400,596,325,0,921,36,-0.5430155763613769,0.3788656346877189
304,1567900800,277,278,1,555,36,-0.524533684783437,-0.3184430981211429
304,1567915200,50,118,68,168,36,0.7137530509385359,-1.055761348386251
304,1567929600,41,31,0,72,36,-0.5430155763613769,-1.238661999614805
304,1567944000,382,209,0,591,36,-0.5430155763613769,-0.2498553539104352
304,1567958400,445,299,0,744,36,-0.5430155763613769,0.04164255898507261
304,1567972800,408,240,0,648,36,-0.5430155763613769,-0.14125809224348132
304,1567987200,125,132,7,257,36,-0.4136423353157976,-0.8861972029764458
304,1568001600,23,35,12,58,36,-0.32123287742609813,-1.2653350112523023
304,1568016000,239,271,32,510,36,0.04840495413269975,-0.40417777838452756
304,1568030400,754,993,239,1747,36,3.8741565107662574,1.9525733213000682
304,1568044800,616,359,0,975,36,-0.5430155763613769,0.4817472510037805
304,1568059200,909,493,0,1402,36,-0.5430155763613769,1.2952741059474526
304,1568073600,207,142,0,349,37,-0.3685211862099841,-0.28142958471011736
304,1568088000,34,11,0,45,37,-0.3685211862099841,-0.8019265734861248
304,1568102400,223,249,26,472,37,0.06509644311154462,-0.0708337635935091
304,1568116800,792,1049,257,1841,37,3.91762230362205,2.273114847045814
304,1568131200,650,394,0,1044,37,-0.3685211862099841,0.9085224126560839
304,1568145600,912,524,0,1436,37,-0.3685211862099841,1.5796895823935673
304,1568160000,265,221,0,486,37,-0.3685211862099841,-0.046863507531456114
304,1568174400,33,27,0,60,37,-0.3685211862099841,-0.7762441562767824
304,1568188800,268,244,0,512,37,-0.3685211862099841,-0.0023473177019291574
304,1568203200,859,1084,225,1943,37,3.383939067534014,2.4477552840693426
304,1568217600,698,555,0,1253,37,-0.3685211862099841,1.2663640924395891
304,1568232000,983,477,0,1460,37,-0.3685211862099841,1.6207814499285154
304,1568246400,520,277,0,797,37,-0.3685211862099841,0.4856186092755779
304,1568260800,74,36,0,110,37,-0.3685211862099841,-0.6906360989123075
304,1568275200,217,249,32,466,37,0.16516204987805125,-0.08110673047724608
304,1568289600,803,1025,222,1828,37,3.333906264150761,2.2508567521310505
304,1568304000,666,413,0,1079,37,-0.3685211862099841,0.9684480528112164
304,1568318400,910,479,0,1389,37,-0.3685211862099841,1.499218008470961
304,1568332800,230,236,6,466,37,-0.2684555794434775,-0.08110673047724608
304,1568347200,39,22,0,61,37,-0.3685211862099841,-0.7745319951294929
304,1568361600,212,241,29,453,37,0.11512924649479793,-0.10336482539200956
304,1568376000,708,899,191,1607,37,2.816900629190477,1.8724691385800714
304,1568390400,696,372,0,1068,37,-0.3685211862099841,0.9496142801910319
304,1568404800,923,402,0,1325,37,-0.3685211862099841,1.389639695044433
304,1568408468,103,84,0,187,37,-0.3685211862099841,-0.5587996905710161
304,1568408548,52,31,0,83,37,-0.3685211862099841,-0.7368644498891239
304,1568408628,0,0,0,0,37,-0.3685211862099841,-0.8789738251141523
304,1568408709,0,0,0,0,37,-0.3685211862099841,-0.8789738251141523
304,1568408787,4,0,0,4,37,-0.3685211862099841,-0.8721251805249943
304,1568408868,1,2,1,3,37,-0.35184358508223296,-0.8738373416722838
304,1568408948,2,1,0,3,37,-0.3685211862099841,-0.8738373416722838
304,1568409029,8,10,2,18,37,-0.3351659839544819,-0.8481549244629414
304,1568409109,3,1,0,4,37,-0.3685211862099841,-0.8721251805249943
304,1568409189,2,2,0,4,37,-0.3685211862099841,-0.8721251805249943
304,1568409270,5,3,0,8,37,-0.3685211862099841,-0.8652765359358363
304,1568409350,3,6,3,9,37,-0.31848838282673075,-0.8635643747885469
304,1568409431,3,0,0,3,37,-0.3685211862099841,-0.8738373416722838
304,1568409511,2,1,0,3,37,-0.3685211862099841,-0.8738373416722838
304,1568409592,4,2,0,6,37,-0.3685211862099841,-0.8687008582304153
304,1568409672,6,0,0,6,37,-0.3685211862099841,-0.8687008582304153
304,1568409753,4,3,0,7,37,-0.3685211862099841,-0.8669886970831259
304,1568409833,1,0,0,1,37,-0.3685211862099841,-0.8772616639668628
304,1568409914,0,0,0,0,37,-0.3685211862099841,-0.8789738251141523
304,1568409994,4,0,0,4,37,-0.3685211862099841,-0.8721251805249943
304,1568419200,113,154,41,267,37,0.31526046002781116,-0.4218267987878562
304,1568433600,54,71,17,125,37,-0.08500196703821532,-0.664953681702965
304,1568448000,47,40,0,87,37,-0.3685211862099841,-0.7300158052999659
304,1568462400,347,252,0,599,37,-0.3685211862099841,0.14661070211225719
304,1568476800,459,299,0,758,37,-0.3685211862099841,0.41884432453128745
304,1568491200,490,278,0,768,37,-0.3685211862099841,0.43596593600418243
304,1568505600,181,189,8,370,37,-0.23510037718797525,-0.24547420061703792
304,1568520000,52,65,13,117,37,-0.15171237154921974,-0.678650970881281
304,1568534400,46,20,0,66,37,-0.3685211862099841,-0.7659711893930454
304,1568548800,343,199,0,542,37,-0.3685211862099841,0.04901751671675579
304,1568563200,364,230,0,594,37,-0.3685211862099841,0.1380498963758097
304,1568577600,393,245,0,638,37,-0.3685211862099841,0.21338498685654764
304,1568592000,134,162,28,296,37,0.09845164536704683,-0.3721741255164608
304,1568606400,11,28,17,39,37,-0.08500196703821532,-0.8121995403698619
304,1568620800,195,240,45,435,37,0.38197086453881557,-0.13418372604322054
304,1568635200,805,1012,207,1817,37,3.0837422472344946,2.232022979510866
304,1568649600,617,399,0,1016,37,-0.3685211862099841,0.860581900531978
304,1568664000,901,491,0,1392,37,-0.3685211862099841,1.5043544919128293
304,1568678400,222,178,0,400,38,-0.44888592447184505,-0.603919172690245
304,1568692800,38,40,2,78,38,-0.4156936554087861,-1.169763906753074
304,1568707200,213,230,17,443,38,-0.16675163743584384,-0.5283560560296808
304,1568721600,791,1007,216,1798,38,3.1358791343385235,1.8527607596694913
304,1568736000,647,425,0,1072,38,-0.44888592447184505,0.57697418535392
304,1568750400,937,524,0,1461,38,-0.44888592447184505,1.2605567988646047
304,1568764800,276,202,0,478,38,-0.44888592447184505,-0.46685119363154726
304,1568779200,48,15,0,63,38,-0.44888592447184505,-1.1961231334951312
304,1568793600,242,258,16,500,38,-0.18334777196737334,-0.4281909944098633
304,1568808000,795,1009,214,1804,38,3.1026868652754644,1.863304450366314
304,1568822400,630,413,0,1043,38,-0.44888592447184505,0.5260130136526092
304,1568836800,991,499,0,1490,38,-0.44888592447184505,1.3115179705659155
304,1568851200,239,209,0,448,38,-0.44888592447184505,-0.5195696471156618
304,1568865600,39,23,0,62,38,-0.44888592447184505,-1.197880415277935
304,1568880000,229,227,0,456,38,-0.44888592447184505,-0.5055113928532312
304,1568894400,765,942,177,1707,38,2.4886298876088735,1.6928481174343437
304,1568908800,638,380,0,1018,38,-0.44888592447184505,0.4820809690825138
304,1568923200,968,508,0,1476,38,-0.44888592447184505,1.2869160256066619
304,1568937600,261,211,0,472,38,-0.44888592447184505,-0.4773948843283702
304,1568952000,35,27,0,62,38,-0.44888592447184505,-1.197880415277935
304,1568966400,202,230,28,432,38,0.015805842410980462,-0.5476861556405228
304,1568980800,698,819,121,1517,38,1.5592463538432224,1.3589645787016185
304,1568995200,940,488,0,1428,38,-0.44888592447184505,1.2025665000320787
304,1569009600,1209,392,0,1601,38,-0.44888592447184505,1.506576248457139
304,1569024000,226,253,27,479,38,-0.0007902921205490203,-0.46509391184874344
304,1569038400,47,69,22,116,38,-0.08377096477819644,-1.102987199006529
304,1569052800,53,32,0,85,38,-0.44888592447184505,-1.1574629342734473
304,1569067200,374,222,0,596,38,-0.44888592447184505,-0.2594919432606969
304,1569081600,465,309,0,774,38,-0.44888592447184505,0.05330421407838251
304,1569096000,550,227,0,777,38,-0.44888592447184505,0.05857605942679396
304,1569110400,238,190,0,428,38,-0.44888592447184505,-0.5547152827717381
304,1569124800,42,77,35,119,38,0.13197878413168684,-1.0977153536581175
304,1569139200,43,29,0,72,38,-0.44888592447184505,-1.1803075974498969
304,1569153600,315,168,0,483,38,-0.44888592447184505,-0.4580647847175282
304,1569168000,406,231,0,637,38,-0.44888592447184505,-0.1874433901657404
304,1569182400,322,200,0,522,38,-0.44888592447184505,-0.38953079518817935
304,1569196800,123,137,14,260,38,-0.2165400410304323,-0.8499386222827794
304,1569211200,11,29,18,40,38,-0.15015550290431437,-1.2365406144996192
304,1569225600,209,239,30,448,38,0.04899811147403943,-0.5195696471156618
304,1569240000,768,967,199,1735,38,2.853744847302522,1.7420520073528505
304,1569254400,618,367,0,985,38,-0.44888592447184505,0.42409067024998787
304,1569268800,843,526,0,1369,38,-0.44888592447184505,1.0988868748466536
304,1569283200,208,165,0,373,39,-0.36426237326261435,-0.6525707402144664
304,1569297600,36,24,0,60,39,-0.36426237326261435,-1.2410796893027134
304,1569312000,235,221,0,456,39,-0.36426237326261435,-0.4965124565904265
304,1569326400,783,993,210,1776,39,3.501915884470549,1.9853783191171968
304,1569340800,633,411,0,1044,39,-0.36426237326261435,0.609057070770242
304,1569355200,941,515,0,1456,39,-0.36426237326261435,1.3837078280365607
304,1569369600,246,207,0,453,39,-0.36426237326261435,-0.5021531174443075
304,1569384000,34,35,1,69,39,-0.34585200060674215,-1.2241577067410705
304,1569398400,260,231,0,491,39,-0.36426237326261435,-0.43070474662848196
304,1569412800,788,991,203,1779,39,3.3730432758794433,1.9910189799710776
304,1569427200,652,444,0,1096,39,-0.36426237326261435,0.7068285255708453
304,1569441600,962,458,0,1420,39,-0.36426237326261435,1.316019897789989
304,1569456000,269,223,0,492,39,-0.36426237326261435,-0.42882452634385493
304,1569470400,32,14,0,46,39,-0.36426237326261435,-1.2674027732874913
304,1569484800,227,220,0,447,39,-0.36426237326261435,-0.5134344391520693
304,1569499200,765,973,208,1738,39,3.4650951391588043,1.913929948301371
304,1569513600,678,414,0,1092,39,-0.36426237326261435,0.6993076444323373
304,1569528000,930,427,0,1357,39,-0.36426237326261435,1.197566019858489
304,1569542400,251,214,0,465,39,-0.36426237326261435,-0.47959047402878363
304,1569556800,47,32,0,79,39,-0.36426237326261435,-1.2053555038948007
304,1569571200,218,204,0,422,39,-0.36426237326261435,-0.5604399462677441
304,1569585600,773,798,25,1571,39,0.0959969431341908,1.5999331607686642
304,1569600000,644,400,0,1044,39,-0.36426237326261435,0.609057070770242
304,1569614400,1003,398,0,1401,39,-0.36426237326261435,1.2802957123820764
304,1569628800,269,243,0,512,39,-0.36426237326261435,-0.39122012065131523
304,1569643200,52,75,23,127,39,0.059176197822446396,-1.1151049302327052
304,1569657600,66,48,0,114,39,-0.36426237326261435,-1.139547793932856
304,1569672000,402,189,0,591,39,-0.36426237326261435,-0.24268271816578324
304,1569686400,501,332,0,833,39,-0.36426237326261435,0.21233059071394764
304,1569700800,568,217,0,785,39,-0.36426237326261435,0.12208001705185226
304,1569715200,186,235,49,421,39,0.5378458868751237,-0.562320166552371
304,1569729600,53,70,17,123,39,-0.05128603811278684,-1.122625811371213
304,1569744000,45,31,0,76,39,-0.36426237326261435,-1.2109961647486815
304,1569758400,388,175,0,563,39,-0.36426237326261435,-0.29532888613533886
304,1569772800,482,255,0,737,39,-0.36426237326261435,0.031829443389756885
304,1569787200,391,216,0,607,39,-0.36426237326261435,-0.21259919361175145
304,1569801600,145,148,3,293,39,-0.3090312552949977,-0.8029883629846254
304,1569816000,25,28,3,53,39,-0.3090312552949977,-1.2542412312951023
304,1569830400,185,161,0,346,39,-0.36426237326261435,-0.7033366878993951
304,1569844800,663,752,89,1415,39,1.274260793110012,1.306618796366854
304,1569859200,548,287,0,835,39,-0.36426237326261435,0.21609103128320162
304,1569873600,788,397,0,1185,39,-0.36426237326261435,0.8741681309026471
304,1569888000,184,168,0,352,40,-0.43391233673634333,-0.7133525905957574
304,1569902400,33,29,0,62,40,-0.43391233673634333,-1.2327281990276018
304,1569916800,206,189,0,395,40,-0.43391233673634333,-0.6363417245179321
304,1569931200,701,830,129,1531,40,1.5840593717937066,1.3981779002357753
304,1569945600,545,323,0,868,40,-0.43391233673634333,0.21077780233814497
304,1569960000,846,457,0,1303,40,-0.43391233673634333,0.9898412149859115
304,1569974400,220,217,0,437,40,-0.43391233673634333,-0.5611218088140099
304,1569988800,42,15,0,57,40,-0.43391233673634333,-1.2416829508971163
304,1570003200,254,266,12,520,40,-0.2461940382684317,-0.4124729277800682
304,1570017600,757,964,207,1721,40,2.804228311835132,1.7384584712773286
304,1570032000,596,455,0,1051,40,-0.43391233673634333,0.5385217207623778
304,1570046400,944,537,0,1481,40,-0.43391233673634333,1.3086303815406297
304,1570060800,225,144,0,369,40,-0.43391233673634333,-0.6829064342394079
304,1570075200,37,25,0,62,40,-0.43391233673634333,-1.2327281990276018
304,1570089600,245,186,0,431,40,-0.43391233673634333,-0.5718675110574274
304,1570104000,818,1065,247,1883,40,3.4299559733948377,2.0285924318496003
304,1570118400,634,415,0,1049,40,-0.43391233673634333,0.534939820014572
304,1570132800,970,490,0,1460,40,-0.43391233673634333,1.2710204236886686
304,1570147200,250,260,10,510,40,-0.277480421346417,-0.43038243151909733
304,1570161600,40,42,2,82,40,-0.40262595365835807,-1.1969091915495436
304,1570176000,223,240,17,463,40,-0.16797808057346852,-0.5145570990925342
304,1570190400,777,965,188,1742,40,2.507007672594272,1.7760684291292896
304,1570204800,723,405,0,1128,40,-0.43391233673634333,0.676424899552902
304,1570219200,954,427,0,1381,40,-0.43391233673634333,1.1295353441503386
304,1570233600,241,234,0,475,40,-0.43391233673634333,-0.49306569460569927
304,1570248000,47,64,17,111,40,-0.16797808057346852,-1.144971630706359
304,1570262400,81,36,0,117,40,-0.43391233673634333,-1.1342259284629415
304,1570276800,485,261,0,746,40,-0.43391233673634333,-0.0077181432780102435
304,1570291200,541,268,0,809,40,-0.43391233673634333,0.10511173027787318
304,1570305600,623,355,0,978,40,-0.43391233673634333,0.4077823434674652
304,1570320000,230,244,14,474,40,-0.21490765519044644,-0.4948566449796022
304,1570334400,48,85,37,133,40,0.1448857502063842,-1.105570722480495
304,1570348800,40,27,0,67,40,-0.43391233673634333,-1.2237734471580872
304,1570363200,418,228,0,646,40,-0.43391233673634333,-0.18681318066830138
304,1570377600,469,225,0,694,40,-0.43391233673634333,-0.10084756272096164
304,1570392000,438,246,0,684,40,-0.43391233673634333,-0.11875706645999076
304,1570406400,108,200,92,308,40,1.0052612848509792,-0.7921544070474855
304,1570420800,20,20,0,40,40,-0.43391233673634333,-1.2721291072534657
304,1570435200,259,217,0,476,40,-0.43391233673634333,-0.49127474423179635
304,1570449600,827,1020,193,1847,40,2.5852236302892355,1.9641182183890953
304,1570464000,669,433,0,1102,40,-0.43391233673634333,0.6298601898314262
304,1570478400,974,494,0,1468,40,-0.43391233673634333,1.2853480266798918
304,1570492800,207,210,3,417,41,-0.21047284667953156,-0.2431583010888621
304,1570507200,39,14,0,53,41,-0.28554596396649823,-0.9205587123770079
304,1570521600,232,245,13,477,41,0.03977087761035732,-0.13149889263477213
304,1570536000,810,964,154,1774,41,3.5682073900977906,2.282205320114473
304,1570550400,674,401,0,1075,41,-0.28554596396649823,0.9813732116243247
304,1570564800,912,443,0,1355,41,-0.28554596396649823,1.5024504510767445
304,1570579200,244,192,0,436,41,-0.28554596396649823,-0.2077994884117336
304,1570593600,40,14,0,54,41,-0.28554596396649823,-0.9186977222361065
304,1570608000,223,212,0,435,41,-0.28554596396649823,-0.20966047855263512
304,1570622400,728,743,15,1471,41,0.0898196224683351,1.7183253074213185
304,1570636800,549,289,0,838,41,-0.28554596396649823,0.5403185482306693
304,1570643447,419,135,0,554,41,-0.28554596396649823,0.011797348214643344
304,1570643527,5,0,0,5,41,-0.28554596396649823,-1.0098862391402799
304,1570643608,5,0,0,5,41,-0.28554596396649823,-1.0098862391402799
304,1570643689,3,0,0,3,41,-0.28554596396649823,-1.013608219422083
304,1570643769,5,5,0,10,41,-0.28554596396649823,-1.0005812884357725
304,1570643851,5,1,0,6,41,-0.28554596396649823,-1.0080252489993784
304,1570643929,3,4,1,7,41,-0.2605215915375093,-1.006164258858477
304,1570644009,2,1,0,3,41,-0.28554596396649823,-1.013608219422083
304,1570644089,11,0,0,11,41,-0.28554596396649823,-0.998720298294871
304,1570644170,7,4,0,11,41,-0.28554596396649823,-0.998720298294871
304,1570644250,7,2,0,9,41,-0.28554596396649823,-1.002442278576674
304,1570644330,5,5,0,10,41,-0.28554596396649823,-1.0005812884357725
304,1570644411,12,1,0,13,41,-0.28554596396649823,-0.9949983180130679
304,1570644492,11,1,0,12,41,-0.28554596396649823,-0.9968593081539694
304,1570651200,469,437,0,906,41,-0.28554596396649823,0.6668658778119712
304,1570665600,208,197,0,405,41,-0.28554596396649823,-0.2654901827796801
304,1570680000,39,15,0,54,41,-0.28554596396649823,-0.9186977222361065
304,1570694400,255,243,0,498,41,-0.28554596396649823,-0.09241809967584064
304,1570708800,838,1091,253,1929,41,6.0456202605676905,2.5706587919542057
304,1570723200,676,428,0,1104,41,-0.28554596396649823,1.0353419257104681
304,1570737600,1052,498,0,1550,41,-0.28554596396649823,1.865343528552537
304,1570752000,290,267,0,557,41,-0.28554596396649823,0.017380318637347843
304,1570766400,52,37,0,89,41,-0.28554596396649823,-0.853563067304554
304,1570780800,231,223,0,454,41,-0.28554596396649823,-0.1743016658755066
304,1570795200,812,835,23,1647,41,0.2900146019002462,2.0458595722199826
304,1570809600,714,409,0,1123,41,-0.28554596396649823,1.0707007383875966
304,1570824000,1041,415,0,1456,41,-0.28554596396649823,1.6904104553077959
304,1570838400,293,322,29,615,41,0.4401608364741796,0.1253177468096348
304,1570852800,62,90,28,152,41,0.41513646404519067,-0.7363206884277594
304,1570867200,72,45,0,117,41,-0.28554596396649823,-0.801455343359312
304,1570881600,443,229,0,672,41,-0.28554596396649823,0.23139418484102028
304,1570896000,516,293,0,809,41,-0.28554596396649823,0.48634983414452576
304,1570910400,578,295,0,873,41,-0.28554596396649823,0.6054532031622217
304,1570924800,217,185,0,402,41,-0.28554596396649823,-0.2710731532023846
304,1570939200,56,80,24,136,41,0.3150389743292351,-0.7660965306821835
304,1570953600,34,25,0,59,41,-0.28554596396649823,-0.9093927715315989
304,1570968000,430,199,0,629,41,-0.28554596396649823,0.1513716087822558
304,1570982400,518,227,0,745,41,-0.28554596396649823,0.3672464651268298
304,1570996800,413,275,0,688,41,-0.28554596396649823,0.2611700270954443
304,1571011200,162,235,73,397,41,1.5412332233496906,-0.2803781039068921
304,1571025600,16,39,23,55,41,0.2900146019002462,-0.916836732095205
304,1571040000,156,121,0,277,41,-0.28554596396649823,-0.503696920815072
304,1571054400,703,577,0,1280,41,-0.28554596396649823,1.362876190509132
304,1571068800,537,371,0,908,41,-0.28554596396649823,0.6705878580937742
304,1571083200,682,357,0,1039,41,-0.28554596396649823,0.9143775665518706
304,1571097600,151,224,73,375,42,1.178278618669168,-0.6622653420592475
304,1571112000,33,22,0,55,42,-0.3890108584847015,-1.1935639869154693
304,1571126400,250,227,0,477,42,-0.3890108584847015,-0.49291389901132676
304,1571140800,865,1013,148,1878,42,2.7885075335532807,1.8331779804998198
304,1571155200,660,435,0,1095,42,-0.3890108584847015,0.5331566088672518
304,1571169600,972,479,0,1451,42,-0.3890108584847015,1.1242263512697988
304,1571184000,275,203,0,478,42,-0.3890108584847015,-0.49125359074615105
304,1571198400,49,29,0,78,42,-0.3890108584847015,-1.1553768968164284
304,1571212800,242,179,0,421,42,-0.3890108584847015,-0.5858911618611656
304,1571227200,873,1092,219,1965,42,4.312857572976907,1.9776247995701053
304,1571241600,672,413,0,1085,42,-0.3890108584847015,0.5165535262154949
304,1571256000,984,458,0,1442,42,-0.3890108584847015,1.1092835768832174
304,1571270400,196,174,0,370,42,-0.3890108584847015,-0.6705668833851259
304,1571284800,43,20,0,63,42,-0.3890108584847015,-1.1802815207940638
304,1571299200,249,215,0,464,42,-0.3890108584847015,-0.5144979064586107
304,1571313600,868,987,119,1855,42,2.1658856864647573,1.794990890400779
304,1571328000,742,431,0,1173,42,-0.3890108584847015,0.6626606535509559
304,1571342400,1086,533,0,1619,42,-0.3890108584847015,1.4031581398193151
304,1571356800,284,227,0,511,42,-0.3890108584847015,-0.43646341799535315
304,1571371200,49,27,0,76,42,-0.3890108584847015,-1.1586975133467798
304,1571385600,267,214,0,481,42,-0.3890108584847015,-0.48627266595062396
304,1571400000,878,936,58,1814,42,0.8562328356923455,1.7269182515285755
304,1571414400,768,414,0,1182,42,-0.3890108584847015,0.6776034279375371
304,1571428800,1082,417,0,1499,42,-0.3890108584847015,1.203921147998232
304,1571443200,224,210,0,434,42,-0.3890108584847015,-0.5643071544138816
304,1571457600,62,45,0,107,42,-0.3890108584847015,-1.1072279571263333
304,1571472000,63,51,0,114,42,-0.3890108584847015,-1.0956057992701034
304,1571486400,469,202,0,671,42,-0.3890108584847015,-0.17081409556724222
304,1571500800,593,216,0,809,42,-0.3890108584847015,0.058308445027003476
304,1571515200,632,231,0,863,42,-0.3890108584847015,0.1479650913464909
304,1571529600,237,205,0,442,42,-0.3890108584847015,-0.551024688292476
304,1571544000,52,82,30,134,42,0.2550807074689435,-1.0623996339665895
304,1571558400,52,25,0,77,42,-0.3890108584847015,-1.157037205081604
304,1571572800,390,190,0,580,42,-0.3890108584847015,-0.32190214769823033
304,1571587200,497,227,0,724,42,-0.3890108584847015,-0.08281775751293047
304,1571601600,330,188,0,518,42,-0.3890108584847015,-0.4248412601391233
304,1571616000,111,112,1,223,42,-0.36754113961958,-0.9146321983659529
304,1571630400,10,17,7,27,42,-0.238722826428851,-1.2400526183403888
304,1571644800,248,218,0,466,42,-0.3890108584847015,-0.5111772899282594
304,1571659200,853,959,106,1812,42,1.8867793412181777,1.7235976349982243
304,1571673600,710,362,0,1072,42,-0.3890108584847015,0.4949695187682108
304,1571688000,1037,486,0,1523,42,-0.3890108584847015,1.2437685463624486
304,1571702400,230,232,2,462,43,-0.4120007991447255,-0.6747896145288437
304,1571716800,32,28,0,60,43,-0.44113216878122125,-1.3564833769715527
304,1571731200,251,234,0,485,43,-0.44113216878122125,-0.6357872350856041
304,1571745600,831,913,82,1744,43,0.7532539863151042,1.4991691005247707
304,1571760000,629,368,0,997,43,-0.44113216878122125,0.23243964643346812
304,1571774400,962,544,0,1506,43,-0.44113216878122125,1.0955792610686395
304,1571788800,246,202,0,448,43,-0.44113216878122125,-0.6985301933203808
304,1571803200,40,14,0,54,43,-0.44113216878122125,-1.3666579107393544
304,1571817600,262,250,0,512,43,-0.44113216878122125,-0.5900018331304968
304,1571832000,791,1012,221,1803,43,2.7778841760515585,1.59921868257482
304,1571846400,711,411,0,1122,43,-0.44113216878122125,0.44440909992933536
304,1571860800,1014,460,0,1474,43,-0.44113216878122125,1.0413150809736975
304,1571875200,259,180,0,439,43,-0.44113216878122125,-0.7137919939720833
304,1571889600,40,35,0,75,43,-0.44113216878122125,-1.3310470425520486
304,1571904000,233,232,0,465,43,-0.44113216878122125,-0.6697023476449429
304,1571918400,865,990,125,1855,43,1.3795784334997627,1.6873979752291008
304,1571932800,716,452,0,1168,43,-0.44113216878122125,0.5224138588158145
304,1571947200,1091,558,0,1649,43,-0.44113216878122125,1.3380723158679118
304,1571961600,261,256,0,517,43,-0.44113216878122125,-0.5815230549906621
304,1571976000,43,58,15,101,43,-0.22264689650750316,-1.2869573962249083
304,1571990400,243,203,0,446,43,-0.44113216878122125,-0.7019217045763148
304,1572004800,882,950,68,1832,43,0.549334398859634,1.6483955957858614
304,1572019200,745,417,0,1162,43,-0.44113216878122125,0.5122393250480128
304,1572033600,1069,435,0,1504,43,-0.44113216878122125,1.0921877498127057
304,1572048000,278,228,0,506,43,-0.44113216878122125,-0.6001763668982985
304,1572062400,98,144,46,242,43,0.22888933285818083,-1.04785585268157
304,1572076800,122,137,15,259,43,-0.22264689650750316,-1.0190280070061322
304,1572091200,642,441,0,1083,43,-0.44113216878122125,0.3782746304386248
304,1572105600,782,457,0,1239,43,-0.44113216878122125,0.6428125084014671
304,1572120000,858,539,0,1397,43,-0.44113216878122125,0.9107418976202433
304,1572134400,355,544,189,899,43,2.3117822618676267,0.06625559489270819
304,1572148800,102,168,66,270,43,0.5202030292231382,-1.0003746950984957
304,1572163200,88,61,0,149,43,-0.44113216878122125,-1.2055611260824952
304,1572177600,524,254,0,778,43,-0.44113216878122125,-0.1389308360912913
304,1572192000,467,413,0,880,43,-0.44113216878122125,0.03403623796133637
304,1572206400,549,378,0,927,43,-0.44113216878122125,0.11373675247578245
304,1572220800,175,292,117,467,43,1.26305295495378,-0.666310836389009
304,1572235200,33,36,3,69,43,-0.3974351143264776,-1.3412215763198503
304,1572249600,255,93,0,348,43,-0.44113216878122125,-0.8681057561170746
304,1572264000,874,1197,323,2071,43,4.263584027512842,2.0536811908699595
304,1572278400,745,440,0,1185,43,-0.44113216878122125,0.5512417044912524
304,1572292800,982,486,0,1468,43,-0.44113216878122125,1.0311405472058959
304,1572307200,215,273,58,488,44,0.8948853166014082,-0.5192490407732594
304,1572321600,40,15,0,55,44,-0.4676567954888922,-1.2268460465668127
304,1572336000,243,246,3,489,44,-0.39718047934629047,-0.5176148675497177
304,1572350400,901,1073,172,1974,44,3.5729853300202747,1.9091323694096973
304,1572364800,692,446,0,1138,44,-0.4676567954888922,0.5429635545288414
304,1572379200,987,536,0,1523,44,-0.4676567954888922,1.1721202455923934
304,1572393600,216,221,5,437,44,-0.35019626858455594,-0.6025918751738858
304,1572408000,33,30,0,63,44,-0.4676567954888922,-1.2137726607784791
304,1572422400,263,218,0,481,44,-0.4676567954888922,-0.5306882533380513
304,1572436800,895,1044,149,1939,44,3.032666906260328,1.8519363065857382
304,1572451200,652,431,0,1083,44,-0.4676567954888922,0.4530840272340482
304,1572465600,1034,522,0,1556,44,-0.4676567954888922,1.2260479619692692
304,1572480000,244,228,0,472,44,-0.4676567954888922,-0.5453958123499265
304,1572494400,38,32,0,70,44,-0.4676567954888922,-1.2023334482136874
304,1572508800,227,196,0,423,44,-0.4676567954888922,-0.6254703003034695
304,1572523200,832,991,159,1823,44,3.2675879600690005,1.6623722126549014
304,1572537600,586,417,0,1003,44,-0.4676567954888922,0.32235016935071276
304,1572552000,1075,415,0,1490,44,-0.4676567954888922,1.1181925292155175
304,1572566400,300,324,24,624,44,0.09615373365192176,-0.29700148237158913
304,1572580800,51,63,12,114,44,-0.1857515309184852,-1.130429826377853
304,1572595200,249,231,0,480,44,-0.4676567954888922,-0.532322426561593
304,1572609600,894,881,0,1775,44,-0.4676567954888922,1.5839318979249002
304,1572624000,713,416,0,1129,44,-0.4676567954888922,0.5282559955169661
304,1572638400,1107,444,0,1551,44,-0.4676567954888922,1.2178770958515608
304,1572652800,256,315,59,571,44,0.9183774219822755,-0.3836126632192989
304,1572667200,49,103,54,152,44,0.8009168950779392,-1.0683312438832684
304,1572681600,71,49,0,120,44,-0.4676567954888922,-1.1206247870366026
304,1572696000,541,340,0,881,44,-0.4676567954888922,0.12298103607862615
304,1572710400,648,353,0,1001,44,-0.4676567954888922,0.31908182290362935
304,1572724800,718,344,0,1062,44,-0.4676567954888922,0.4187663895396727
304,1572739200,185,207,22,392,44,0.049169522890187264,-0.676129670233262
304,1572750000,44,69,25,113,44,0.11964583903278901,-1.1320639996013946
304,1572764400,38,18,0,56,44,-0.4676567954888922,-1.225211873343271
304,1572778800,312,189,0,501,44,-0.4676567954888922,-0.49800478886721744
304,1572793200,471,329,0,800,44,-0.4676567954888922,-0.009386995028251032
304,1572807600,429,461,32,890,44,0.28409057669885973,0.13768859509050138
304,1572822000,183,186,3,369,44,-0.39718047934629047,-0.713715654374721
304,1572836400,39,46,7,85,44,-0.30321205782282146,-1.177820849860562
304,1572850800,96,74,0,170,44,-0.4676567954888922,-1.038916125859518
304,1572865200,1038,1110,72,2148,44,1.2237747919335498,2.193478510305952
304,1572879600,567,424,0,991,44,-0.4676567954888922,0.30274009066821245
304,1572894000,1105,522,0,1627,44,-0.4676567954888922,1.3420742608407297
304,1572908400,300,238,0,538,44,-0.4676567954888922,-0.43754037959617476
304,1572922800,57,101,44,158,45,0.736128913491074,-1.1403221495284572
304,1572937200,90,76,0,166,45,-0.43156742310249235,-1.1267613000118732
304,1572951600,976,852,0,1828,45,-0.43156742310249235,1.690505187058433
304,1572966000,615,411,0,1026,45,-0.43156742310249235,0.33103002302089646
304,1572980400,1007,509,0,1516,45,-0.43156742310249235,1.1616320559116606
304,1572994800,346,293,0,639,45,-0.43156742310249235,-0.3249760723438499
304,1573009200,75,64,0,139,45,-0.43156742310249235,-1.172529167130344
304,1573023600,94,79,0,173,45,-0.43156742310249235,-1.1148955566848624
304,1573038000,996,1112,116,2108,45,2.646904737007819,2.165134920138869
304,1573052400,592,453,0,1045,45,-0.43156742310249235,0.3632370406227832
304,1573066800,1078,534,0,1612,45,-0.43156742310249235,1.3243622501106675
304,1573081200,344,291,0,635,45,-0.43156742310249235,-0.3317564971021419
304,1573095600,88,61,0,149,45,-0.43156742310249235,-1.1555781052346141
304,1573110000,77,66,0,143,45,-0.43156742310249235,-1.165748742372052
304,1573124400,886,1057,171,1943,45,4.106525157749777,1.8854423988593263
304,1573138800,578,405,0,983,45,-0.43156742310249235,0.25814045686925796
304,1573153200,1039,516,0,1555,45,-0.43156742310249235,1.2277411973050072
304,1573167600,385,316,0,701,45,-0.43156742310249235,-0.21987948859032466
304,1573182000,69,69,0,138,45,-0.43156742310249235,-1.1742242733199169
304,1573196400,84,72,0,156,45,-0.43156742310249235,-1.143712361907603
304,1573210800,839,840,1,1679,45,-0.4050288699980931,1.4379343648120577
304,1573225200,690,377,0,1067,45,-0.43156742310249235,0.40052937679338896
304,1573239600,1095,467,0,1562,45,-0.43156742310249235,1.239606940632018
304,1573254000,340,268,0,608,45,-0.43156742310249235,-0.37752436422061253
304,1573268400,116,181,65,297,45,1.293438528683458,-0.9047023891778119
304,1573282800,53,59,6,112,45,-0.27233610447609696,-1.2182970342488146
304,1573297200,532,330,0,862,45,-0.43156742310249235,0.05303260793092642
304,1573311600,848,439,0,1287,45,-0.43156742310249235,0.7734527384994463
304,1573326000,797,606,0,1403,45,-0.43156742310249235,0.970085056489913
304,1573340400,422,452,30,874,45,0.3645891700294847,0.07337388220580228
304,1573354800,130,206,76,336,45,1.5853626128318496,-0.8385932477844653
304,1573369200,50,27,0,77,45,-0.43156742310249235,-1.277625750883869
304,1573383600,446,234,0,680,45,-0.43156742310249235,-0.2554767185713574
304,1573398000,762,448,0,1210,45,-0.43156742310249235,0.6429295619023263
304,1573412400,639,443,0,1082,45,-0.43156742310249235,0.4259559696369838
304,1573426800,224,315,91,539,45,1.9834409093978382,-0.4944866913011487
304,1573441200,39,122,83,161,45,1.7711324845626444,-1.1352368309597383
304,1573455600,78,58,0,136,45,-0.43156742310249235,-1.177614485699063
304,1573470000,773,619,0,1392,45,-0.43156742310249235,0.9514388884046101
304,1573484400,518,351,0,869,45,-0.43156742310249235,0.06489835125793735
304,1573498800,832,390,0,1222,45,-0.43156742310249235,0.6632708361772021
304,1573513200,329,293,0,622,45,-0.43156742310249235,-0.3537928775665907
304,1573527600,40,118,78,158,46,1.0011285425000525,-1.0305369939295836
304,1573542000,100,68,0,168,46,-0.4125340028577802,-1.0143019775210906
304,1573556400,864,1051,187,1915,46,2.97663133024369,1.8219553890426479
304,1573570800,582,416,0,998,46,-0.4125340028577802,0.3332043843838338
304,1573585200,1556,525,0,2081,46,-0.4125340028577802,2.0914566614236327
304,1573599600,542,346,0,888,46,-0.4125340028577802,0.15461920389041006
304,1573614000,148,88,0,236,46,-0.4125340028577802,-0.9039038659433378
304,1573628400,313,68,0,381,46,-0.4125340028577802,-0.6684961280201884
304,1573642800,845,1092,247,1937,46,4.064064057442023,1.8576724251413328
304,1573657200,580,411,0,991,46,-0.4125340028577802,0.3218398728978886
304,1573671600,1035,556,0,1591,46,-0.4125340028577802,1.2959408574074727
304,1573686000,399,353,0,752,46,-0.4125340028577802,-0.06617701926509563
304,1573700400,85,91,6,176,46,-0.30379073013794694,-1.0013139643942963
304,1573714800,98,84,0,182,46,-0.4125340028577802,-0.9915729545492004
304,1573729200,851,1025,174,1876,46,2.7410209060173845,1.758638825049525
304,1573743600,577,428,0,1005,46,-0.4125340028577802,0.34456889586977896
304,1573758000,1071,540,0,1611,46,-0.4125340028577802,1.3284108902244587
304,1573772400,467,314,0,781,46,-0.4125340028577802,-0.019095471680465742
304,1573786800,158,189,31,347,46,0.14930623952802502,-0.7236951838090648
304,1573801200,70,76,6,146,46,-0.30379073013794694,-1.0500190136197753
304,1573815600,864,957,93,1821,46,1.2729867242996356,1.6693462348028132
304,1573830000,636,406,0,1042,46,-0.4125340028577802,0.4046384565812033
304,1573844400,1073,479,0,1552,46,-0.4125340028577802,1.2326242934143496
304,1573858800,402,251,0,653,46,-0.4125340028577802,-0.226903681709177
304,1573873200,102,103,1,205,46,-0.39441012407114134,-0.9542324168096663
304,1573887600,39,26,0,65,46,-0.4125340028577802,-1.1815226465285693
304,1573902000,324,167,0,491,46,-0.4125340028577802,-0.4899109475267647
304,1573916400,537,227,0,764,46,-0.4125340028577802,-0.04669499957490395
304,1573930800,549,258,0,807,46,-0.4125340028577802,0.02311557098161623
304,1573945200,253,197,0,450,46,-0.4125340028577802,-0.5564745148015863
304,1573959600,73,149,76,222,46,0.9648807849267746,-0.9266328889152281
304,1573974000,23,28,5,51,46,-0.3219146089245858,-1.2042516695004595
304,1573988400,271,105,0,376,46,-0.4125340028577802,-0.6766136362244349
304,1574002800,502,286,0,788,46,-0.4125340028577802,-0.007730960194520595
304,1574017200,409,246,0,655,46,-0.4125340028577802,-0.22365667842747838
304,1574031600,162,135,0,297,46,-0.4125340028577802,-0.8048702658515301
304,1574046000,39,50,11,89,46,-0.21317133620475254,-1.142558607148186
304,1574060400,93,43,0,136,46,-0.4125340028577802,-1.0662540300282686
304,1574074800,874,915,41,1789,46,0.3305450273944138,1.6173941822956353
304,1574089200,584,367,0,951,46,-0.4125340028577802,0.25689980726391637
304,1574103600,947,405,0,1352,46,-0.4125340028577802,0.9079239652444884
304,1574118000,319,201,0,520,46,-0.4125340028577802,-0.44282939994213477
304,1574132400,67,55,0,122,47,-0.2307915186375617,-1.0336081900494523
304,1574146800,83,57,0,140,47,-0.2307915186375617,-1.0032755352947773
304,1574161200,890,888,0,1778,47,-0.2307915186375617,1.756996047380638
304,1574175600,594,370,0,964,47,-0.2307915186375617,0.38528599347478465
304,1574190000,1089,365,0,1454,47,-0.2307915186375617,1.2110082617964901
304,1574204400,311,266,0,577,47,-0.2307915186375617,-0.2668660837507256
304,1574218800,73,62,0,135,47,-0.2307915186375617,-1.0117012727266315
304,1574233200,106,51,0,157,47,-0.2307915186375617,-0.9746280280264732
304,1574247600,883,416,0,1299,47,-0.2307915186375617,0.949810401409012
304,1574262000,581,340,0,921,47,-0.2307915186375617,0.31282465156083905
304,1574276400,1052,335,0,1387,47,-0.2307915186375617,1.0981033802096447
304,1574290800,357,1241,884,1598,47,6.340853363446333,1.4536694998338895
304,1574305200,77,46,0,123,47,-0.2307915186375617,-1.0319230425630814
304,1574319600,104,70,0,174,47,-0.2307915186375617,-0.9459805207581692
304,1574324261,107,289,182,396,47,1.1221941923797105,-0.5718777787838454
304,1574324353,5,26,21,31,47,-0.07467778275095335,-1.1869566113091976
304,1574334000,920,748,0,1668,47,-0.2307915186375617,1.5716298238798474
304,1574348400,591,404,0,995,47,-0.2307915186375617,0.43752556555228034
304,1574362800,1099,522,0,1621,47,-0.2307915186375617,1.4924278920204184
304,1574377200,407,250,0,657,47,-0.2307915186375617,-0.1320542848410594
304,1574391600,72,62,0,134,47,-0.2307915186375617,-1.0133864202130023
304,1574406000,86,62,0,148,47,-0.2307915186375617,-0.9897943554038107
304,1574420400,841,845,4,1686,47,-0.2010555689448744,1.6019624786345221
304,1574434800,672,327,0,999,47,-0.2307915186375617,0.44426615549776366
304,1574449200,1065,822,0,1887,47,-0.2307915186375617,1.9406771233950584
304,1574463600,384,286,0,670,47,-0.2307915186375617,-0.11014736751823866
304,1574478000,89,80,0,169,47,-0.2307915186375617,-0.9544062581900233
304,1574492400,34,28,0,62,47,-0.2307915186375617,-1.1347170392317019
304,1574506800,398,194,0,592,47,-0.2307915186375617,-0.24158887145516322
304,1574521200,585,242,0,827,47,-0.2307915186375617,0.15442078784198127
304,1574535600,542,289,0,831,47,-0.2307915186375617,0.1611613777874646
304,1574550000,247,261,14,508,47,-0.12671569471315614,-0.38314126031031276
304,1574564400,89,138,49,227,47,0.13347386509785777,-0.8566677039805153
304,1574578800,36,20,0,56,47,-0.2307915186375617,-1.1448279241499268
304,1574593200,286,111,0,397,47,-0.2307915186375617,-0.5701926312974746
304,1574607600,448,221,0,669,47,-0.2307915186375617,-0.11183251500460949
304,1574622000,422,250,0,672,47,-0.2307915186375617,-0.10677707254549701
304,1574636400,137,227,90,364,47,0.43826734944790263,-0.625802498347712
304,1574650800,35,44,9,79,47,-0.16388563182901525,-1.1060695319633977
304,1574665200,92,64,0,156,47,-0.2307915186375617,-0.976313175512844
304,1574679600,913,1026,113,1939,47,0.6092490601808547,2.0283047926863413
304,1574694000,630,375,0,1005,47,-0.2307915186375617,0.4543770404159886
304,1574708400,1073,472,0,1545,47,-0.2307915186375617,1.3643566830562355
304,1574722800,318,219,0,537,47,-0.2307915186375617,-0.33427198320555873
304,1574737200,76,83,7,159,48,-0.29770695489973736,-0.8846228541886478
304,1574751600,112,64,0,176,48,-0.5244578480099,-0.8497151103016857
304,1574766000,921,1061,140,1982,48,4.010560014193354,2.8587193285132426
304,1574780400,680,375,0,1055,48,-0.5244578480099,0.9552205883241847
304,1574794800,1066,469,0,1535,48,-0.5244578480099,1.9408510039560594
304,1574809200,372,295,0,667,48,-0.5244578480099,0.15850266902175275
304,1574823600,84,63,0,147,48,-0.5244578480099,-0.9092636145794447
304,1574838000,90,71,0,161,48,-0.5244578480099,-0.8805160607901817
304,1574852400,750,786,36,1536,48,0.6416896022709366,1.9429044006552925
304,1574866800,697,361,0,1058,48,-0.5244578480099,0.961380778421884
304,1574881200,875,344,0,1219,48,-0.5244578480099,1.2919776469984086
304,1574895600,263,346,83,609,48,2.1641598845820287,0.03940566046623458
304,1574910000,61,98,37,159,48,0.6740825870009598,-0.8846228541886478
304,1574924400,121,20,0,141,48,-0.5244578480099,-0.9215839947748431
304,1574938800,532,131,0,663,48,-0.5244578480099,0.15028908222482046
304,1574953200,361,322,0,683,48,-0.5244578480099,0.19135701620948192
304,1574967600,333,257,0,590,48,-0.5244578480099,0.0003911231808062105
304,1574982000,148,229,81,377,48,2.0993739151219826,-0.43698237375583815
304,1574996400,41,70,29,111,48,0.4149387091607739,-0.9831858957518353
304,1575010800,36,26,0,62,48,-0.5244578480099,-1.0838023340142557
304,1575025200,371,340,0,711,48,-0.5244578480099,0.24885212378800792
304,1575039600,517,264,0,781,48,-0.5244578480099,0.392589892734323
304,1575054000,553,298,0,851,48,-0.5244578480099,0.5363276616806381
304,1575068400,229,269,40,498,48,0.7712615411910295,-0.18852137314863643
304,1575082800,49,91,42,140,48,0.8360475106510761,-0.9236373914740762
304,1575097200,22,24,2,46,48,-0.4596718785498536,-1.116656681201985
304,1575111600,287,167,0,454,48,-0.5244578480099,-0.2788708279148916
304,1575126000,485,186,0,671,48,-0.5244578480099,0.16671625581868504
304,1575140400,500,202,0,702,48,-0.5244578480099,0.23037155349491029
304,1575154800,232,215,0,447,48,-0.5244578480099,-0.2932446048095231
304,1575169200,55,95,40,150,48,0.7712615411910295,-0.9031034244817455
304,1575183600,16,17,1,33,48,-0.4920648632798768,-1.143350838292015
304,1575198000,282,98,0,380,48,-0.5244578480099,-0.4308221836581389
304,1575212400,362,188,0,550,48,-0.5244578480099,-0.08174474478851668
304,1575226800,269,232,0,501,48,-0.5244578480099,-0.1823611830509372
304,1575241200,97,143,46,240,48,0.965619449571169,-0.718297721550769
304,1575255600,28,39,11,67,48,-0.16813501597964442,-1.0735353505180905
304,1575270000,75,59,0,134,48,-0.5244578480099,-0.9359577716694747
304,1575284400,834,919,85,1753,48,2.2289458540420752,2.388491484388869
304,1575298800,514,352,0,866,48,-0.5244578480099,0.5671286121691341
304,1575313200,822,414,0,1236,48,-0.5244578480099,1.3268853908853708
304,1575327600,271,200,0,471,48,-0.5244578480099,-0.24396308402792935
304,1575342000,59,24,0,83,49,-0.3819042507548336,-1.1113409570329766
304,1575356400,94,76,0,170,49,-0.3819042507548336,-0.97314194202486
304,1575370800,905,1004,99,1909,49,1.8421263859939032,1.7892498637120902
304,1575385200,523,411,0,934,49,-0.3819042507548336,0.24046779896595652
304,1575399600,979,613,0,1592,49,-0.3819042507548336,1.2856971308664242
304,1575414000,393,262,0,655,49,-0.3819042507548336,-0.2027221457152448
304,1575428400,77,49,0,126,49,-0.3819042507548336,-1.0430356967416086
304,1575442800,97,61,0,158,49,-0.3819042507548336,-0.9922038751294279
304,1575457200,938,1068,130,2006,49,2.538540019723306,1.9433338229740131
304,1575471600,582,451,0,1033,49,-0.3819042507548336,0.39772874707864087
304,1575486000,1067,530,0,1597,49,-0.3819042507548336,1.2936396029933275
304,1575500400,297,276,0,573,49,-0.3819042507548336,-0.33297868859645813
304,1575514800,67,49,0,116,49,-0.3819042507548336,-1.058920640995415
304,1575529200,86,57,0,143,49,-0.3819042507548336,-1.0160312915101375
304,1575543600,867,1032,165,1899,49,3.324813477159728,1.7733649194582837
304,1575558000,626,450,0,1076,49,-0.3819042507548336,0.46603400737000883
304,1575572400,1110,510,0,1620,49,-0.3819042507548336,1.3301749747770824
304,1575586800,386,305,0,691,49,-0.3819042507548336,-0.14553634640154142
304,1575601200,85,81,0,166,49,-0.3819042507548336,-0.9794959197263826
304,1575615600,80,80,0,160,49,-0.3819042507548336,-0.9890268862786665
304,1575630000,896,983,87,1879,49,1.5725469148728441,1.7415950309506705
304,1575644400,715,390,0,1105,49,-0.3819042507548336,0.5121003457060477
304,1575658800,1115,481,0,1596,49,-0.3819042507548336,1.292051108567947
304,1575673200,429,310,0,739,49,-0.3819042507548336,-0.06928861398327021
304,1575687600,111,98,0,209,49,-0.3819042507548336,-0.9111906594350146
304,1575702000,28,22,0,50,49,-0.3819042507548336,-1.163761273070538
304,1575716400,394,214,0,608,49,-0.3819042507548336,-0.27738138370813537
304,1575730800,702,282,0,984,49,-0.3819042507548336,0.31989252023498904
304,1575745200,684,324,0,1008,49,-0.3819042507548336,0.35801638644412465
304,1575759600,255,255,0,510,49,-0.3819042507548336,-0.43305383739543907
304,1575774000,86,118,32,204,49,0.3369743389013238,-0.9191331315619179
304,1575788400,25,18,0,43,49,-0.3819042507548336,-1.1748807340482026
304,1575802800,307,116,0,423,49,-0.3819042507548336,-0.5712528524035556
304,1575817200,476,245,0,721,49,-0.3819042507548336,-0.09788151364012192
304,1575831600,465,236,0,701,49,-0.3819042507548336,-0.1296514021477349
304,1575846000,171,169,0,340,49,-0.3819042507548336,-0.7030978897101495
304,1575860400,34,55,21,89,49,0.08985982370701967,-1.1018099904806926
304,1575874800,81,51,0,132,49,-0.3819042507548336,-1.0335047301893248
304,1575889200,877,1057,180,1934,49,3.6617878160610515,1.8289622243466064
304,1575903600,505,357,0,862,49,-0.3819042507548336,0.12609620033854974
304,1575918000,918,582,0,1500,49,-0.3819042507548336,1.1395556437314045
304,1575932400,318,208,0,526,49,-0.3819042507548336,-0.40763792658934866
304,1575946800,151,53,0,204,50,-0.536003509103948,-1.0819829673411892
304,1575961200,82,76,0,158,50,-0.536003509103948,-1.1564854654844345
304,1575975600,911,1006,95,1917,50,0.8384527899479494,1.6924252787322729
304,1575990000,604,439,0,1043,50,-0.536003509103948,0.27687781401061157
304,1576004400,1001,578,0,1579,50,-0.536003509103948,1.144993879331905
304,1576018800,341,227,0,568,50,-0.536003509103948,-0.4924414602946392
304,1576033200,26,29,3,55,50,-0.4925996259759934,-1.32330627654431
304,1576047600,82,99,17,181,50,-0.2900481713788716,-1.119234216412812
304,1576062000,908,1094,186,2002,50,2.155037244829241,1.8300929383447915
304,1576076400,585,385,0,970,50,-0.536003509103948,0.1586455886963309
304,1576090800,1162,700,0,1862,50,-0.536003509103948,1.603346204865349
304,1576105200,546,375,0,921,50,-0.536003509103948,0.0792842319785261
304,1576119600,72,310,238,382,50,2.9073712190471217,-0.7936906919173269
304,1576134000,88,65,0,153,50,-0.536003509103948,-1.1645835631087003
304,1576148400,917,1093,176,2010,50,2.0103576344027254,1.8430498945436167
304,1576162800,604,427,0,1031,50,-0.536003509103948,0.25744237971237366
304,1576177200,1046,580,0,1626,50,-0.536003509103948,1.2211159970000036
304,1576191600,414,261,0,675,50,-0.536003509103948,-0.3191421711353511
304,1576206000,85,96,11,181,50,-0.3768559376347809,-1.119234216412812
304,1576220400,79,67,0,146,50,-0.536003509103948,-1.1759208997826724
304,1576234800,921,947,26,1868,50,-0.15983652199500767,1.6130639220144682
304,1576249200,711,393,0,1104,50,-0.536003509103948,0.3756746050266543
304,1576263600,1175,495,0,1670,50,-0.536003509103948,1.2923792560935425
304,1576278000,415,214,0,629,50,-0.536003509103948,-0.3936446692785965
304,1576292400,155,179,24,334,50,-0.18877244408031077,-0.8714324291102785
304,1576306800,98,95,0,193,50,-0.536003509103948,-1.099798782114574
304,1576321200,341,564,223,905,50,2.6903518034073484,0.053370319580875555
304,1576335600,701,497,0,1198,50,-0.536003509103948,0.5279188403628513
304,1576350000,709,480,0,1189,50,-0.536003509103948,0.5133422646391729
304,1576364400,370,357,0,727,50,-0.536003509103948,-0.23492195584298683
304,1576378800,91,293,202,384,50,2.386524621511666,-0.7904514528676205
304,1576393200,29,49,20,78,50,-0.24664428825091697,-1.2860550274726874
304,1576407600,325,465,140,790,50,1.4895110368672693,-0.1328859257772378
304,1576422000,576,571,0,1147,50,-0.536003509103948,0.44531824459534014
304,1576436400,562,474,0,1036,50,-0.536003509103948,0.26554047733663944
304,1576450800,186,213,27,399,50,-0.14536856095235612,-0.7661571599948231
304,1576465200,41,127,86,168,50,0.7082411405640855,-1.1402892702359029
304,1576479600,89,80,0,169,50,-0.536003509103948,-1.1386696507110499
304,1576494000,876,958,82,1834,50,0.6503692963934793,1.5579968581694608
304,1576508400,630,424,0,1054,50,-0.536003509103948,0.2946936287839963
304,1576522800,962,474,0,1436,50,-0.536003509103948,0.9133882872779032
304,1576537200,339,311,0,650,50,-0.536003509103948,-0.3596326592566801
304,1576551600,75,64,0,139,51,-0.6048854105316939,-1.1592963298598833
304,1576566000,78,68,0,146,51,-0.6048854105316939,-1.146628308266172
304,1576580400,836,1047,211,1883,51,3.02442705265847,1.9968507643447901
304,1576594800,596,388,0,984,51,-0.6048854105316939,0.36991484823813786
304,1576609200,973,458,0,1431,51,-0.6048854105316939,1.1788585128651385
304,1576623600,349,229,0,578,51,-0.6048854105316939,-0.36483040419712437
304,1576638000,222,204,0,426,51,-0.6048854105316939,-0.6399074445177152
304,1576652400,93,62,0,155,51,-0.6048854105316939,-1.1303408519314
304,1576666800,902,1053,151,1955,51,1.9923950726043949,2.1271504150229648
304,1576681200,629,468,0,1097,51,-0.6048854105316939,0.5744129111080508
304,1576695600,1019,504,0,1523,51,-0.6048854105316939,1.345352510953917
304,1576710000,345,292,0,637,51,-0.6048854105316939,-0.25805707933584243
304,1576724400,70,75,5,145,51,-0.5188827455271876,-1.1484380256367022
304,1576738800,82,66,0,148,51,-0.6048854105316939,-1.1430088735251116
304,1576753200,897,905,8,1802,51,-0.4672811465244839,1.8502636573318436
304,1576767600,614,397,0,1011,51,-0.6048854105316939,0.41877721724245337
304,1576782000,990,493,0,1483,51,-0.6048854105316939,1.272963816132709
304,1576796400,373,292,0,665,51,-0.6048854105316939,-0.20738499296099674
304,1576810800,87,71,0,158,51,-0.6048854105316939,-1.1249116998198094
304,1576825200,70,63,0,133,51,-0.6048854105316939,-1.1701546340830646
304,1576839600,737,836,99,1573,51,1.0979673565575299,1.4358383794804273
304,1576854000,581,441,0,1022,51,-0.6048854105316939,0.4386841083182856
304,1576868400,934,442,0,1376,51,-0.6048854105316939,1.0793240574859773
304,1576882800,322,244,0,566,51,-0.6048854105316939,-0.38654701264348684
304,1576897200,109,190,81,299,51,0.7883577625413073,-0.8697415505750509
304,1576911600,35,45,10,80,51,-0.4328800805226814,-1.2660696547211654
304,1576926000,278,454,176,732,51,2.422408397626926,-0.08613392913547317
304,1576940400,512,568,56,1080,51,0.35834443751877604,0.5436477158090374
304,1576954800,696,386,0,1082,51,-0.6048854105316939,0.5472671505500978
304,1576969200,223,309,86,532,51,0.8743604275458136,-0.4480774032415137
304,1576983600,72,170,98,242,51,1.0807668235566286,-0.9728954406952725
304,1576998000,24,29,5,53,51,-0.5188827455271876,-1.3149320237254807
304,1577012400,268,346,78,614,51,0.7367561635386035,-0.29968057885803706
304,1577026800,489,466,0,955,51,-0.6048854105316939,0.317433044492762
304,1577041200,564,512,0,1076,51,-0.6048854105316939,0.5364088463269165
304,1577055600,173,359,186,532,51,2.5944137276359385,-0.4480774032415137
304,1577070000,37,106,69,143,51,0.5819513665304923,-1.1520574603777625
304,1577084400,71,66,0,137,51,-0.6048854105316939,-1.1629157646009438
304,1577098800,589,690,101,1279,51,1.1323684225593325,0.9037814725445477
304,1577113200,627,429,0,1056,51,-0.6048854105316939,0.5002144989163125
304,1577127600,860,400,0,1260,51,-0.6048854105316939,0.8693968425044738
304,1577142000,249,306,57,555,51,0.3755449705196773,-0.40645390371931905
304,1577156400,76,86,10,162,52,-0.3747992348210325,-1.0411871869684546
304,1577170800,59,49,0,108,52,-0.6621852295719839,-1.1754002956128864
304,1577185200,435,440,5,875,52,-0.5184922321965082,0.730922932725617
304,1577199600,629,320,0,949,52,-0.6621852295719839,0.9148446001272458
304,1577214000,568,392,0,960,52,-0.6621852295719839,0.9421843074437041
304,1577228400,241,272,31,513,52,0.22871135415596547,-0.16880198077964792
304,1577242800,40,91,51,131,52,0.8034833436578683,-1.1182354530421097
304,1577257200,21,8,0,29,52,-0.6621852295719839,-1.3717491027038142
304,1577271600,222,79,0,301,52,-0.6621852295719839,-0.6957127036059356
304,1577286000,334,285,0,619,52,-0.6621852295719839,0.09465338063349597
304,1577300400,401,307,0,708,52,-0.6621852295719839,0.31585646710302245
304,1577314800,135,235,100,370,52,2.2116747179375302,-0.5242181758936062
304,1577329200,25,74,49,99,52,0.746006144707678,-1.197769147053625
304,1577343600,53,53,0,106,52,-0.6621852295719839,-1.180371151488606
304,1577358000,450,552,102,1002,52,2.2691519168877203,1.0465722808338178
304,1577372400,563,392,0,955,52,-0.6621852295719839,0.9297571677544049
304,1577386800,729,426,0,1155,52,-0.6621852295719839,1.4268427553263745
304,1577401200,220,327,107,547,52,2.412844914263196,-0.08429743089241308
304,1577415600,53,93,40,146,52,0.4873587494318217,-1.080954033974212
304,1577430000,61,52,0,113,52,-0.6621852295719839,-1.162973155923587
304,1577444400,500,512,12,1012,52,-0.31732203587084223,1.0714265602124162
304,1577458800,658,536,0,1194,52,-0.6621852295719839,1.5237744449029085
304,1577473200,784,414,0,1198,52,-0.6621852295719839,1.5337161566543478
304,1577487600,322,368,46,690,52,0.6597903462823926,0.2711187642215452
