remote_unit_id,time_stamp,entries,exits,num_people_exited,sum_exit_entry,week_num,z_score_num_people_exited,z_score_sum_exit_entry
30,1546311600,83,107,24,190,1,-0.3330004683344224,-0.8104093541358043
30,1546326000,20,30,10,50,1,-0.4195949745708467,-1.0342937243756989
30,1546340400,77,136,59,213,1,-0.11651420274336159,-0.773628350453536
30,1546354800,216,449,233,665,1,0.9597318033379122,-0.050801669393305056
30,1546369200,266,379,113,645,1,0.21749317845427507,-0.08278515085614713
30,1546383600,171,206,35,377,1,-0.264961927720089,-0.5113638024582309
30,1546398000,29,39,10,68,1,-0.4195949745708467,-1.005508591059141
30,1546412400,31,135,104,166,1,0.1618252815880023,-0.8487895318912148
30,1546426800,414,940,526,1354,1,2.7720311124287926,1.0510292670016044
30,1546441200,603,513,0,1116,1,-0.4814481933111498,0.6704258375937837
30,1546455600,1525,509,0,2034,1,-0.4814481933111498,2.138467636738235
30,1546470000,512,211,0,723,1,-0.4814481933111498,0.04195042684893696
30,1546484400,62,69,7,131,1,-0.43815094019293765,-0.9047606244511884
30,1546498800,44,151,107,195,1,0.18038124721009322,-0.8024134837700938
30,1546513200,449,1042,593,1491,1,3.186447677988823,1.2701161150220726
30,1546527600,744,523,0,1267,1,-0.4814481933111498,0.9119011226382414
30,1546542000,1599,567,0,2166,1,-0.4814481933111498,2.3495586143929925
30,1546556400,610,243,0,853,1,-0.4814481933111498,0.24984305635741044
30,1546570800,59,40,0,99,1,-0.4814481933111498,-0.9559341947917357
30,1546585200,36,146,110,182,1,0.19893721283218416,-0.8232027467209412
30,1546599600,473,971,498,1444,1,2.598842099955944,1.1949549335843936
30,1546601652,72,67,0,139,1,-0.4814481933111498,-0.8919672318660516
30,1546614000,670,455,0,1125,1,-0.4814481933111498,0.6848184042520626
30,1546628400,1499,601,0,2100,1,-0.4814481933111498,2.2440131255656137
30,1546642800,584,264,0,848,1,-0.4814481933111498,0.24184718599169994
30,1546657200,108,63,0,171,1,-0.4814481933111498,-0.8407936615255043
30,1546671600,11,32,21,43,1,-0.3515564339565133,-1.0454879428876935
30,1546686000,163,214,51,377,1,-0.16599677773560406,-0.5113638024582309
30,1546700400,333,385,52,718,1,-0.15981145586157375,0.03395455648322644
30,1546714800,412,347,0,759,1,-0.4814481933111498,0.0995206934820527
30,1546729200,237,184,0,421,1,-0.4814481933111498,-0.4410001432399784
30,1546743600,68,48,0,116,1,-0.4814481933111498,-0.92874823554832
30,1546758000,7,20,13,27,1,-0.40103900894875577,-1.071074728057967
30,1546772400,122,159,37,281,1,-0.2525912839720284,-0.6648845134798729
30,1546786800,339,310,0,649,1,-0.4814481933111498,-0.0763884545635787
30,1546801200,419,285,0,704,1,-0.4814481933111498,0.01156611945923699
30,1546815600,193,115,0,308,1,-0.4814481933111498,-0.6217068135050361
30,1546830000,30,19,0,49,1,-0.4814481933111498,-1.035892898448841
30,1546844400,34,164,130,198,1,0.3226436503127903,-0.7976159615506675
30,1546858800,485,1099,614,1584,1,3.3163394373434594,1.4188393038242881
30,1546873200,588,444,0,1032,1,-0.4814481933111498,0.536095215449847
30,1546887600,1484,537,0,2021,1,-0.4814481933111498,2.1176783737873874
30,1546902000,642,220,0,862,1,-0.4814481933111498,0.26423562301568937
30,1546916400,68,32,0,100,2,-0.4798572800478312,-1.033435996977818
30,1546930800,42,158,116,200,2,0.22738833282081752,-0.8847450324343956
30,1546945200,492,1088,596,1580,2,3.1539219033117774,1.167190278264833
30,1546959600,720,439,0,1159,2,-0.4798572800478312,0.5412013175370248
30,1546974000,1608,489,0,2097,2,-0.4798572800478312,1.9359225649543266
30,1546988400,612,197,0,809,2,-0.4798572800478312,0.020782941635046567
30,1547002800,69,35,0,104,2,-0.4798572800478312,-1.0274883583960812
30,1547017200,41,136,95,177,2,0.099352489111838,-0.9189439542793828
30,1547031600,498,1084,586,1582,2,3.0929524539265496,1.1701640975557015
30,1547046000,622,464,0,1086,2,-0.4798572800478312,0.4326569134203265
30,1547060400,1690,548,0,2238,2,-0.4798572800478312,2.145576824960552
30,1547074800,681,185,0,866,2,-0.4798572800478312,0.10553679142479731
30,1547089200,72,27,0,99,2,-0.4798572800478312,-1.0349229066232521
30,1547103600,37,168,131,205,2,0.31884250689866,-0.8773104842072246
30,1547110499,294,639,345,933,2,1.6235887237425466,0.2051597376688903
30,1547110872,19,60,41,79,2,-0.22988253756839502,-1.0646610995319368
30,1547118000,230,387,157,617,2,0.4773630753002537,-0.2647037102883244
30,1547132400,726,463,0,1189,2,-0.4798572800478312,0.5858086069000515
30,1547146800,1602,555,0,2157,2,-0.4798572800478312,2.02513714368038
30,1547161200,672,232,0,904,2,-0.4798572800478312,0.1620393579512978
30,1547175600,75,40,0,115,2,-0.4798572800478312,-1.0111323522963047
30,1547190000,41,155,114,196,2,0.21519444294377185,-0.8906926710161326
30,1547204400,545,1030,485,1575,2,2.4771610151357435,1.159755730037662
30,1547218800,758,422,0,1180,2,-0.4798572800478312,0.5724264200911435
30,1547233200,1525,525,0,2050,2,-0.4798572800478312,1.8660378116189182
30,1547247600,592,239,0,831,2,-0.4798572800478312,0.053494953834599485
30,1547262000,110,65,0,175,2,-0.4798572800478312,-0.9219177735702513
30,1547276400,12,38,26,50,2,-0.3213367116462375,-1.1077814792495293
30,1547290800,165,241,76,406,2,-0.01648946472009584,-0.5784416454749456
30,1547305200,432,373,0,805,2,-0.4798572800478312,0.014835303053309672
30,1547319600,457,377,0,834,2,-0.4798572800478312,0.057955682770902156
30,1547334000,306,189,0,495,2,-0.4798572800478312,-0.4461066870312997
30,1547348400,92,69,0,161,2,-0.4798572800478312,-0.9427345086063303
30,1547362800,12,35,23,47,2,-0.33962754646180604,-1.1122422081858319
30,1547377200,130,147,17,277,2,-0.37620921609294306,-0.7702529897359605
30,1547391600,348,308,0,656,2,-0.4798572800478312,-0.20671423411638964
30,1547406000,418,273,0,691,2,-0.4798572800478312,-0.15467239652619183
30,1547420400,185,95,0,280,2,-0.4798572800478312,-0.7657922607996578
30,1547434800,34,20,0,54,2,-0.4798572800478312,-1.1018338406677923
30,1547449200,47,148,101,195,2,0.13593415874297501,-0.8921795806615668
30,1547463600,507,1061,554,1568,2,2.897850215893819,1.1493473625196222
30,1547478000,691,426,0,1117,2,-0.4798572800478312,0.47875111242878743
30,1547492400,1664,573,0,2237,2,-0.4798572800478312,2.144089915315118
30,1547506800,621,184,0,805,2,-0.4798572800478312,0.014835303053309672
30,1547521200,62,24,0,86,3,-0.5483668310553582,-1.0011482622330719
30,1547535600,48,141,93,189,3,0.22485257189837307,-0.8345059367482522
30,1547541616,234,564,330,798,3,2.195314921361108,0.150787036263934
30,1547550000,306,548,242,854,3,1.4636664540500501,0.24138868895470975
30,1547564400,617,433,0,1050,3,-0.5483668310553582,0.5584944733724249
30,1547578800,1705,533,0,2238,3,-0.5483668310553582,2.480543819741025
30,1547593200,676,204,0,880,3,-0.5483668310553582,0.28345374198971274
30,1547607600,67,33,0,100,3,-0.5483668310553582,-0.978497849060378
30,1547622000,45,164,119,209,3,0.4410214372402764,-0.8021482036444038
30,1547627170,192,471,279,663,3,1.7712913778058357,-0.06762766218704325
30,1547636400,350,668,318,1018,3,2.0955446758186906,0.5067221004062673
30,1547650800,692,482,0,1174,3,-0.5483668310553582,0.7591124186162854
30,1547665200,1723,619,0,2342,3,-0.5483668310553582,2.6488040318810366
30,1547679600,703,217,0,920,3,-0.5483668310553582,0.3481692081974097
30,1547694000,77,33,0,110,3,-0.5483668310553582,-0.9623189825084537
30,1547708400,40,160,120,200,3,0.4493356243688112,-0.8167091835411355
30,1547722800,523,1067,544,1590,3,3.9745509668675436,1.4321532671763337
30,1547737200,768,525,0,1293,3,-0.5483668310553582,0.9516409305841839
30,1547751600,1678,545,0,2223,3,-0.5483668310553582,2.456275519913138
30,1547766000,659,215,0,874,3,-0.5483668310553582,0.2737464220585582
30,1547780400,78,33,0,111,3,-0.5483668310553582,-0.9607010958532614
30,1547794800,55,142,87,197,3,0.17496744912716458,-0.8215628435067128
30,1547797699,68,198,130,266,3,0.5324774956541587,-0.7099286642984356
30,1547809200,438,764,326,1202,3,2.162058172846969,0.8044132449616733
30,1547823600,753,515,0,1268,3,-0.5483668310553582,0.9111937642043733
30,1547838000,1484,547,0,2031,3,-0.5483668310553582,2.145641282116193
30,1547852400,543,233,0,776,3,-0.5483668310553582,0.11519352984970066
30,1547866800,114,52,0,166,3,-0.5483668310553582,-0.871717329817678
30,1547881200,16,40,24,56,3,-0.34882633997052437,-1.0496848618888446
30,1547895600,174,322,148,496,3,0.682132863967784,-0.3378147336041781
30,1547910000,476,464,0,940,3,-0.5483668310553582,0.3805269413012582
30,1547924400,477,377,0,854,3,-0.5483668310553582,0.24138868895470975
30,1547938800,264,207,0,471,3,-0.5483668310553582,-0.3782618999839887
30,1547953200,81,52,0,133,3,-0.5483668310553582,-0.9251075894390279
30,1547967600,13,24,11,37,3,-0.45691077264147606,-1.0804247083375007
30,1547982000,70,133,63,203,3,-0.024573041957669302,-0.8118555235755583
30,1547996400,295,289,0,584,3,-0.5483668310553582,-0.19544070794724475
30,1548010800,361,296,0,657,3,-0.5483668310553582,-0.0773349821181978
30,1548025200,194,117,0,311,3,-0.5483668310553582,-0.6371237648147765
30,1548039600,37,44,7,81,3,-0.49016752115561507,-1.009237695509034
30,1548054000,16,50,34,66,3,-0.2656844686851769,-1.0335059953369203
30,1548068400,160,253,93,413,3,0.22485257189837307,-0.47209932598514925
30,1548082800,316,270,0,586,3,-0.5483668310553582,-0.1922049346368599
30,1548097200,429,278,0,707,3,-0.5483668310553582,0.0035593506414234063
30,1548111600,210,83,0,293,3,-0.5483668310553582,-0.6662457246082402
30,1548126000,44,17,0,61,4,-0.5164602260317346,-1.2086456808264259
30,1548140400,33,142,109,175,4,0.26997547228234603,-1.0412837100512744
30,1548154800,582,927,345,1509,4,1.972716984228429,0.9171449655105866
30,1548169200,733,477,0,1210,4,-0.5164602260317346,0.4781868140915488
30,1548183600,1372,540,0,1912,4,-0.5164602260317346,1.5087842130753768
30,1548198000,688,213,0,901,4,-0.5164602260317346,0.02454778804311171
30,1548212400,63,27,0,90,4,-0.5164602260317346,-1.166071144401168
30,1548226800,42,163,121,205,4,0.35655554916096044,-0.9972410861630766
30,1548241200,550,964,414,1514,4,2.4705524262804617,0.9244854028252862
30,1548255600,822,523,0,1345,4,-0.5164602260317346,0.6763786215884388
30,1548270000,1450,579,0,2029,4,-0.5164602260317346,1.6805504462393481
30,1548284400,669,238,0,907,4,-0.5164602260317346,0.033356312820751265
30,1548298800,99,44,0,143,4,-0.5164602260317346,-1.088262508865352
30,1548313200,43,153,110,196,4,0.27719047868889723,-1.010453873329536
30,1548327600,595,927,332,1522,4,1.8789219009432634,0.9362301025288056
30,1548342000,710,452,0,1162,4,-0.5164602260317346,0.40771861587043234
30,1548356400,1350,534,0,1884,4,-0.5164602260317346,1.4676777641130587
30,1548370800,682,255,0,937,4,-0.5164602260317346,0.07739893670894904
30,1548385200,106,35,0,141,4,-0.5164602260317346,-1.091198683791232
30,1548399600,38,156,118,194,4,0.3349105299413068,-1.013390048255416
30,1548403914,132,351,219,483,4,1.063626177002978,-0.5891127714657772
30,1548414000,538,765,227,1303,4,1.1213462282553877,0.6147189481449619
30,1548428400,1068,598,0,1666,4,-0.5164602260317346,1.147634697192155
30,1548442800,1481,559,0,2040,4,-0.5164602260317346,1.6966994083316873
30,1548457200,666,259,0,925,4,-0.5164602260317346,0.05978188715366993
30,1548471600,121,58,0,179,4,-0.5164602260317346,-1.0354113601995147
30,1548486000,17,42,25,59,4,-0.3360850658679546,-1.2115818557523057
30,1548500400,196,354,158,550,4,0.6235107862033548,-0.49075091144880223
30,1548514800,688,478,0,1166,4,-0.5164602260317346,0.41359096572219206
30,1548529200,634,430,0,1064,4,-0.5164602260317346,0.26384604450231963
30,1548543600,299,256,0,555,4,-0.5164602260317346,-0.4834104741341026
30,1548558000,94,59,0,153,4,-0.5164602260317346,-1.0735816342359528
30,1548572400,10,26,16,36,4,-0.4010201235269154,-1.245347867399924
30,1548586800,143,224,81,367,4,0.06795529289891249,-0.7594109171668086
30,1548601200,533,347,0,880,4,-0.5164602260317346,-0.006282048678626733
30,1548615600,467,290,0,757,4,-0.5164602260317346,-0.1868568066202376
30,1548630000,230,135,0,365,4,-0.5164602260317346,-0.7623470920926885
30,1548644400,37,28,0,65,4,-0.5164602260317346,-1.2027733309746662
30,1548658800,43,181,138,224,4,0.4792106580723308,-0.969347424367218
30,1548673200,653,1318,665,1971,4,4.281519034324813,1.5954013733888324
30,1548687600,1055,642,0,1697,4,-0.5164602260317346,1.1931454085432927
30,1548702000,1681,629,0,2310,4,-0.5164602260317346,2.0930830233254674
30,1548716400,998,174,0,1172,4,-0.5164602260317346,0.4223994904998316
30,1548730800,64,34,0,98,5,-0.4741270917609649,-1.1246294285600154
30,1548745200,48,181,133,229,5,0.15751467656165616,-0.9555247001859013
30,1548759600,637,1332,695,1969,5,2.8265573366918293,1.2905991728748492
30,1548774000,1075,573,0,1648,5,-0.4741270917609649,0.8762280445688142
30,1548788400,1751,605,0,2356,5,-0.4741270917609649,1.7901681032624988
30,1548802800,987,212,0,1199,5,-0.4741270917609649,0.2966248152560113
30,1548817200,78,23,0,101,5,-0.4741270917609649,-1.1207568011926692
30,1548831600,40,140,100,180,5,0.0007915310379982946,-1.0187776138525546
30,1548846000,644,1386,742,2030,5,3.049769089407342,1.369342596010887
30,1548860400,991,433,0,1424,5,-0.4741270917609649,0.5870718678069704
30,1548874800,1688,658,0,2346,5,-0.4741270917609649,1.777259345371345
30,1548889200,918,165,0,1083,5,-0.4741270917609649,0.14688322371862797
30,1548903600,65,17,0,82,5,-0.4741270917609649,-1.1452834411858612
30,1548918000,34,155,121,189,5,0.10052444182578056,-1.0071597317505163
30,1548932400,599,1187,588,1786,5,2.3183944102969387,1.0543689034667358
30,1548946800,848,482,0,1330,5,-0.4741270917609649,0.4657295436301253
30,1548961200,1398,550,0,1948,5,-0.4741270917609649,1.2634907813034264
30,1548975600,890,206,0,1096,5,-0.4741270917609649,0.1636646089771278
30,1548990000,83,39,0,122,5,-0.4741270917609649,-1.0936484096212464
30,1549004400,45,138,93,183,5,-0.03245277255792913,-1.0149049864852084
30,1549018800,564,1153,589,1717,5,2.3231435965249285,0.965298474017775
30,1549033200,916,495,0,1411,5,-0.4741270917609649,0.5702904825484706
30,1549047600,1610,577,0,2187,5,-0.4741270917609649,1.5720100949020006
30,1549062000,664,191,0,855,5,-0.4741270917609649,-0.1474364561996773
30,1549076400,103,33,0,136,5,-0.4741270917609649,-1.075576148573631
30,1549090800,14,38,24,52,5,-0.36014662228921374,-1.1840097148593225
30,1549105200,161,343,182,504,5,0.3902248017331481,-0.6005338581791735
30,1549119600,644,423,0,1067,5,-0.4741270917609649,0.12622921109278198
30,1549134000,527,380,0,907,5,-0.4741270917609649,-0.08031091516567784
30,1549148400,315,247,0,562,5,-0.4741270917609649,-0.5256630624104818
30,1549162800,87,57,0,144,5,-0.4741270917609649,-1.0652491422607082
30,1549177200,9,33,24,42,5,-0.36014662228921374,-1.1969184727504762
30,1549191600,115,236,121,351,5,0.10052444182578056,-0.7980378539138258
30,1549206000,502,323,0,825,5,-0.4741270917609649,-0.1861627298731385
30,1549220400,486,378,0,864,5,-0.4741270917609649,-0.13581857409763892
30,1549234800,292,121,0,413,5,-0.4741270917609649,-0.7180035549886725
30,1549249200,35,28,0,63,5,-0.4741270917609649,-1.1698100811790535
30,1549263600,43,160,117,203,5,0.08152769691382204,-0.989087470702901
30,1549278000,667,1331,664,1998,5,2.6793325636241505,1.328034570759195
30,1549292400,853,579,0,1432,5,-0.4741270917609649,0.5973988741198935
30,1549306800,1860,589,0,2449,5,-0.4741270917609649,1.9102195516502285
30,1549321200,929,197,0,1126,5,-0.4741270917609649,0.20239088265058905
30,1549335600,61,32,0,93,6,-0.49368074941110357,-1.1251561372056877
30,1549350000,39,155,116,194,6,0.09585230734316617,-0.9971152320625083
30,1549355492,168,503,335,671,6,1.2088500610430375,-0.39240719490115566
30,1549364400,408,711,303,1119,6,1.046220252283239,0.1755366219715613
30,1549378800,857,555,0,1412,6,-0.49368074941110357,0.5469820200601909
30,1549393200,1542,644,0,2186,6,-0.49368074941110357,1.5282063822465366
30,1549407600,969,217,0,1186,6,-0.49368074941110357,0.26047464815565063
30,1549422000,82,34,0,116,6,-0.49368074941110357,-1.0959983073215973
30,1549436400,37,178,141,215,6,0.2229068454367588,-0.9704928656465996
30,1549450800,681,1382,701,2063,6,3.0689284987332335,1.3722753789533575
30,1549465200,1088,471,0,1559,6,-0.49368074941110357,0.7333385849715511
30,1549479600,1792,694,0,2486,6,-0.49368074941110357,1.9085259024738024
30,1549494000,950,203,0,1153,6,-0.49368074941110357,0.21863950093065143
30,1549508400,71,32,0,103,6,-0.49368074941110357,-1.1124788198647788
30,1549522800,44,171,127,215,6,0.15175630410434693,-0.9704928656465996
30,1549537200,638,1313,675,1951,6,2.936791779115897,1.2302894247351785
30,1549551600,1173,567,0,1740,6,-0.49368074941110357,0.9627980288420015
30,1549566000,1587,694,0,2281,6,-0.49368074941110357,1.6486408969851707
30,1549580400,946,265,0,1211,6,-0.49368074941110357,0.2921679415079228
30,1549594800,101,41,0,142,6,-0.49368074941110357,-1.0630372822352343
30,1549609200,40,155,115,195,6,0.09077012581942247,-0.9958475003284174
30,1549623600,590,1147,557,1737,6,2.3370943593141402,0.9589948336397288
30,1549638000,941,570,0,1511,6,-0.49368074941110357,0.6724874617351886
30,1549652400,1884,635,0,2519,6,-0.49368074941110357,1.9503610496988015
30,1549666800,712,284,0,996,6,-0.49368074941110357,0.019605618678382317
30,1549681200,111,46,0,157,6,-0.49368074941110357,-1.044021306223871
30,1549695600,15,60,45,75,6,-0.2649825808426369,-1.1479753084193236
30,1549710000,178,345,167,523,6,0.3550435650540951,-0.5800314915466067
30,1549724400,586,522,0,1108,6,-0.49368074941110357,0.16159157289656156
30,1549738800,605,452,0,1057,6,-0.49368074941110357,0.09693725445792636
30,1549753200,327,220,0,547,6,-0.49368074941110357,-0.5496059299284255
30,1549767600,105,65,0,170,6,-0.49368074941110357,-1.0275407936806895
30,1549782000,10,32,22,42,6,-0.3818727558887421,-1.189810455644323
30,1549796400,144,201,57,345,6,-0.2039964025577124,-0.8056877402147845
30,1549810800,412,380,0,792,6,-0.49368074941110357,-0.23901165507615843
30,1549825200,444,293,0,737,6,-0.49368074941110357,-0.30873690045115715
30,1549839600,226,135,0,361,6,-0.49368074941110357,-0.7854040324693303
30,1549854000,35,22,0,57,6,-0.49368074941110357,-1.1707944796329597
30,1549868400,43,151,108,194,6,0.05519485515321653,-0.9971152320625083
30,1549882800,627,1335,708,1962,6,3.1045037693994395,1.2442344738101783
30,1549897200,770,550,0,1320,6,-0.49368074941110357,0.4303507005238294
30,1549911600,1834,676,0,2510,6,-0.49368074941110357,1.9389514640919836
30,1549926000,944,208,0,1152,6,-0.49368074941110357,0.21737176919656054
30,1549940400,77,40,0,117,7,-0.4550881905970455,-0.9791568693093233
30,1549954800,45,154,109,199,7,0.198777286366235,-0.8621031605366505
30,1549969200,582,878,296,1460,7,1.3205464991381015,0.9379544829065257
30,1549983600,515,369,0,884,7,-0.4550881905970455,0.11572355299116527
30,1549998000,1327,423,0,1750,7,-0.4550881905970455,1.3519249163708564
30,1550012400,538,233,0,771,7,-0.4550881905970455,-0.045582167634591206
30,1550026800,73,45,0,118,7,-0.4550881905970455,-0.977729385055998
30,1550041200,53,169,116,222,7,0.24076864727213376,-0.8292710227101691
30,1550055600,649,1322,673,1971,7,3.5820812222129343,1.667398936355743
30,1550070000,1028,505,0,1533,7,-0.4550881905970455,1.042160833399271
30,1550084400,1749,679,0,2428,7,-0.4550881905970455,2.3197592401253955
30,1550098800,1049,259,0,1308,7,-0.4550881905970455,0.7209768764010833
30,1550113200,103,39,0,142,7,-0.4550881905970455,-0.9434697629761913
30,1550127600,45,192,147,237,7,0.4267303884268282,-0.8078587589102899
30,1550142000,605,1273,668,1878,7,3.552087392994435,1.5346429007964923
30,1550156400,979,553,0,1532,7,-0.4550881905970455,1.0407333491459456
30,1550170800,1913,676,0,2589,7,-0.4550881905970455,2.549584204910765
30,1550185200,913,248,0,1161,7,-0.4550881905970455,0.5111366911622675
30,1550199600,118,77,0,195,7,-0.4550881905970455,-0.8678130975499516
30,1550214000,47,167,120,214,7,0.26476371064693305,-0.8406908967367713
30,1550226409,442,1040,598,1482,7,3.1321737839354475,0.9693591364796817
30,1550228226,75,90,15,165,7,-0.3651067029415482,-0.9106376251497099
30,1550228400,11,25,14,36,7,-0.371105468785248,-1.094783093828671
30,1550242800,886,515,0,1401,7,-0.4550881905970455,0.8537329119603343
30,1550257200,1537,560,0,2097,7,-0.4550881905970455,1.8472619522747282
30,1550271600,614,284,0,898,7,-0.4550881905970455,0.13570833253771916
30,1550286000,102,54,0,156,7,-0.4550881905970455,-0.9234849834296375
30,1550300400,16,57,41,73,7,-0.20913879100535285,-1.0419661764556356
30,1550314800,143,332,189,475,7,0.6786785538622208,-0.46811750661887364
30,1550329200,566,425,0,991,7,-0.4550881905970455,0.26846436809697005
30,1550343600,614,401,0,1015,7,-0.4550881905970455,0.30272399017677676
30,1550358000,306,261,0,567,7,-0.4550881905970455,-0.336788955312948
30,1550372400,111,75,0,186,7,-0.4550881905970455,-0.8806604558298792
30,1550386800,12,37,25,49,7,-0.30511904450454996,-1.0762257985354422
30,1550401200,113,228,115,341,7,0.23476988142843394,-0.6594003965644609
30,1550415600,435,385,0,820,7,-0.4550881905970455,0.024364560778347442
30,1550430000,471,349,0,820,7,-0.4550881905970455,0.024364560778347442
30,1550444400,225,163,0,388,7,-0.4550881905970455,-0.5923086366581729
30,1550458800,49,29,0,78,7,-0.4550881905970455,-1.0348287551890092
30,1550473200,11,72,61,83,7,-0.0891634741313564,-1.0276913339223828
30,1550487600,192,309,117,501,7,0.24676741311583358,-0.4310029160324164
30,1550502000,343,377,34,720,7,-0.2511301519112516,-0.1183838645541804
30,1550516400,569,314,0,883,7,-0.4550881905970455,0.11429606873783998
30,1550530800,269,126,0,395,7,-0.4550881905970455,-0.5823162468848959
30,1550545200,47,27,0,74,8,-0.5596211699711612,-1.4090405297365085
30,1550559600,33,182,149,215,8,0.1720809520825399,-1.2117060450852506
30,1550574000,574,1143,569,1717,8,2.2345970008245164,0.8903960538238938
30,1550588400,825,557,0,1382,8,-0.5596211699711612,0.4215517108581392
30,1550602800,1546,571,0,2117,8,-0.5596211699711612,1.4502101946785262
30,1550617200,911,263,0,1174,8,-0.5596211699711612,0.13044835761373036
30,1550631600,68,45,0,113,8,-0.5596211699711612,-1.354458651003182
30,1550646000,38,164,126,202,8,0.059133644651431685,-1.2299000046630262
30,1550660400,656,1136,480,1792,8,1.7975400285910974,0.9953612052341373
30,1550674800,945,421,0,1366,8,-0.5596211699711612,0.3991591452239539
30,1550689200,1286,586,0,1872,8,-0.5596211699711612,1.1073240334050638
30,1550703600,797,194,0,991,8,-0.5596211699711612,-0.12566661182726394
30,1550718000,71,48,0,119,8,-0.5596211699711612,-1.3460614388903624
30,1550732400,39,175,136,214,8,0.10824116962147874,-1.2131055804373871
30,1550746800,572,1192,620,1764,8,2.485045378171756,0.956174215374313
30,1550761200,838,572,0,1410,8,-0.5596211699711612,0.4607387007179634
30,1550775600,1518,565,0,2083,8,-0.5596211699711612,1.4026259927058824
30,1550790000,910,282,0,1192,8,-0.5596211699711612,0.15563999395218883
30,1550804400,87,56,0,143,8,-0.5596211699711612,-1.3124725904390844
30,1550818800,38,145,107,183,8,-0.03417065279165772,-1.2564911763536213
30,1550833200,492,1040,548,1532,8,2.1314711983874175,0.6314820136786263
30,1550847600,911,519,0,1430,8,-0.5596211699711612,0.48872940776069507
30,1550862000,1378,530,0,1908,8,-0.5596211699711612,1.1577073060819807
30,1550876400,669,277,0,946,8,-0.5596211699711612,-0.18864570267341008
30,1551495600,9648,8826,0,18474,9,-0.5494809212751631,4.103146255210002
30,1551510000,13,59,46,72,9,0.045251369987366376,-0.36925723880996664
30,1551524400,166,314,148,480,9,1.3640055810477578,-0.27009733088908044
30,1551538800,553,419,0,972,9,-0.5494809212751631,-0.15052214780801185
30,1551553200,646,404,0,1050,9,-0.5494809212751631,-0.13156510658784243
30,1551567600,377,259,0,636,9,-0.5494809212751631,-0.2321832484487416
30,1551582000,102,64,0,166,9,-0.5494809212751631,-0.34641157374976245
30,1551596400,15,30,15,45,9,-0.35554647847216436,-0.37581929154002525
30,1551610800,125,240,115,365,9,0.9373498068811607,-0.29804681473933026
30,1551625200,472,317,0,789,9,-0.5494809212751631,-0.19499828297840932
30,1551639600,536,310,0,846,9,-0.5494809212751631,-0.1811450605482855
30,1551654000,213,111,0,324,9,-0.5494809212751631,-0.3080114133294193
30,1551668400,46,22,0,68,9,-0.5494809212751631,-0.3702293947699753
30,1551682800,36,136,100,172,9,0.7434153640781619,-0.3449533398097494
30,1551697200,417,719,302,1136,9,3.3550658604918784,-0.11066375344765562
30,1551711600,419,458,39,877,9,-0.045251369987366376,-0.17361085185821817
30,1551726000,1047,414,0,1461,9,-0.5494809212751631,-0.03167608169694973
30,1551740400,531,180,0,711,9,-0.5494809212751631,-0.2139553241985787
30,1551754800,72,32,0,104,10,-0.5336826920334784,-1.1363384885849914
30,1551769200,42,164,122,206,10,0.11126780654660261,-1.00797116308073
30,1551783600,640,1339,699,1979,10,3.1615664760605924,1.2233549949492246
30,1551798000,824,571,0,1395,10,-0.5336826920334784,0.48838913127776745
30,1551812400,1929,630,0,2559,10,-0.5336826920334784,1.9532868458558086
30,1551826800,995,207,0,1202,10,-0.5336826920334784,0.24549801537264546
30,1551841200,91,38,0,129,10,-0.5336826920334784,-1.1048759088045352
30,1551855600,38,180,142,218,10,0.21699739647776342,-0.9928691247861111
30,1551870000,664,1383,719,2047,10,3.2672960659917534,1.3089332119520654
30,1551884400,1043,528,0,1571,10,-0.5336826920334784,0.7098856929321792
30,1551898800,1711,690,0,2401,10,-0.5336826920334784,1.7544433416433254
30,1551913200,974,236,0,1210,10,-0.5336826920334784,0.25556604090239143
30,1551927600,97,44,0,141,10,-0.5336826920334784,-1.0897738705099163
30,1551942000,42,177,135,219,10,0.17999204000185715,-0.9916106215948929
30,1551946239,143,422,279,565,10,0.941245087506215,-0.5561685174333788
30,1551956400,532,893,361,1425,10,1.3747364062239744,0.5261442270143148
30,1551970800,995,582,0,1577,10,-0.5336826920334784,0.7174367120794887
30,1551985200,1801,635,0,2436,10,-0.5336826920334784,1.798490953335964
30,1551999600,946,260,0,1206,10,-0.5336826920334784,0.25053202813751846
30,1552014000,97,45,0,142,10,-0.5336826920334784,-1.088515367318698
30,1552028400,37,143,106,180,10,0.02668413460167394,-1.0406922460524046
30,1552042800,613,1125,512,1738,10,2.1729948102042385,0.9200557258656267
30,1552057200,947,551,0,1498,10,-0.5336826920334784,0.6180149599732471
30,1552071600,1710,581,0,2291,10,-0.5336826920334784,1.6160079906093179
30,1552086000,747,328,0,1075,10,-0.5336826920334784,0.08566811008792789
30,1552100400,122,77,0,199,10,-0.5336826920334784,-1.0167806854192578
30,1552114800,21,46,25,67,10,-0.40152070461952744,-1.1829031066600666
30,1552129200,189,372,183,561,10,0.43374305583664313,-0.5612025301982518
30,1552143600,616,424,0,1040,10,-0.5336826920334784,0.041620498395289196
30,1552158000,648,465,0,1113,10,-0.5336826920334784,0.13349123135422133
30,1552172400,378,208,0,586,10,-0.5336826920334784,-0.5297399504177956
30,1552190400,112,76,0,188,10,-0.5336826920334784,-1.0306242205226586
30,1552204800,18,61,43,79,10,-0.30636407368148266,-1.1678010683654476
30,1552219200,181,249,68,430,10,-0.17420208626753164,-0.7260664482478424
30,1552233600,487,337,0,824,10,-0.5336826920334784,-0.23021619090785247
30,1552248000,411,285,0,696,10,-0.5336826920334784,-0.3913045993837883
30,1552262400,181,133,0,314,10,-0.5336826920334784,-0.8720528184291593
30,1552276800,20,33,13,53,10,-0.46495845857822393,-1.200522151337122
30,1552291200,126,505,379,631,10,1.4698930371620191,-0.47310730681297447
30,1552305600,690,1144,454,1834,10,1.8663789994038722,1.0408720322225786
30,1552320000,1169,531,0,1700,10,-0.5336826920334784,0.8722326045993333
30,1552334400,1815,647,0,2462,10,-0.5336826920334784,1.8312120363076385
30,1552348800,715,192,0,907,11,-0.6697639212698419,-0.17882856058673968
30,1552363200,34,28,0,62,11,-0.6697639212698419,-1.316785784565581
30,1552377600,142,509,367,651,11,1.561981104397256,-0.523582465129442
30,1552392000,688,1177,489,1865,11,2.303869096580869,1.1113051915691539
30,1552406400,1172,544,0,1716,11,-0.6697639212698419,0.9106476455657841
30,1552420800,1830,675,0,2505,11,-0.6697639212698419,1.9731899529259094
30,1552435200,630,183,0,813,11,-0.6697639212698419,-0.3054178849110131
30,1552449600,30,24,0,54,11,-0.6697639212698419,-1.3275593440825404
30,1552464000,129,565,436,694,11,1.9815734934191354,-0.4656745827257849
30,1552478400,766,1159,393,1925,11,1.7200883814199932,1.1921068879463497
30,1552492800,1252,561,0,1813,11,-0.6697639212698419,1.0412770547089174
30,1552507200,1682,558,0,2240,11,-0.6697639212698419,1.6163157939266277
30,1552521600,740,199,0,939,11,-0.6697639212698419,-0.1357343225189019
30,1552536000,34,37,3,71,11,-0.6515207739210644,-1.3046655301090015
30,1552550400,139,527,388,666,11,1.6896831358386974,-0.503382041035143
30,1552552168,86,189,103,275,11,-0.04341586229515231,-1.0299397624265358
30,1552564800,635,906,271,1541,11,0.9782003892363801,0.6749760311322963
30,1552579200,1246,562,0,1808,11,-0.6697639212698419,1.0345435800108178
30,1552593600,1713,652,0,2365,11,-0.6697639212698419,1.7846526613791192
30,1552608000,668,275,0,943,11,-0.6697639212698419,-0.13034754276042218
30,1552622400,33,48,15,81,11,-0.578548184525955,-1.2911985807128024
30,1552636800,135,405,270,540,11,0.972119340120121,-0.6730656034272542
30,1552651200,607,1008,401,1615,11,1.7687367743500662,0.7746314566641712
30,1552665600,1156,533,0,1689,11,-0.6697639212698419,0.874286882196046
30,1552680000,1563,587,0,2150,11,-0.6697639212698419,1.4951132493608341
30,1552694400,568,212,0,780,11,-0.6697639212698419,-0.34985881791847084
30,1552708800,57,80,23,137,11,-0.5298997915958821,-1.2157836640940862
30,1552723200,36,106,70,142,11,-0.2440904831317033,-1.2090501893959866
30,1552737600,306,521,215,827,11,0.6376616387258693,-0.28656415575633415
30,1552752000,709,749,40,1458,11,-0.42652195661947695,0.563200351143842
30,1552766400,576,640,64,1216,11,-0.28057677782925805,0.23730017575581885
30,1552780800,378,310,0,688,11,-0.6697639212698419,-0.47375475236350445
30,1552795200,53,46,0,99,11,-0.6697639212698419,-1.2669580717996436
30,1552809600,33,75,42,108,11,-0.4143598583869587,-1.254837817343064
30,1552824000,256,415,159,671,11,0.2971228882153585,-0.4966485663370433
30,1552838400,510,567,57,1077,11,-0.3231441216430719,0.05010957914864852
30,1552852800,444,481,37,925,11,-0.44476510396825436,-0.15458805167358092
30,1552867200,213,154,0,367,11,-0.6697639212698419,-0.9060438279815022
30,1552881600,13,16,3,29,11,-0.6515207739210644,-1.3612267175730388
30,1552896000,131,497,366,628,11,1.5559000552809967,-0.5545564487407003
30,1552910400,587,1111,524,1698,11,2.5167058156499382,0.8864071366526254
30,1552924800,1167,536,0,1703,11,-0.6697639212698419,0.8931406113507251
30,1552939200,1729,501,0,2230,11,-0.6697639212698419,1.6028488445304285
30,1552953600,637,170,0,807,12,-0.6921982902029435,-0.34587572914391695
30,1552968000,30,18,0,48,12,-0.6921982902029435,-1.3698194971277384
30,1552982400,120,509,389,629,12,1.6762070847364683,-0.5860101042442071
30,1552996800,699,1064,365,1763,12,1.5300843880821087,0.943834734877866
30,1553011200,1214,542,0,1756,12,-0.6921982902029435,0.9343912482166187
30,1553025600,1719,616,0,2335,12,-0.6921982902029435,1.7155025020540793
30,1553040000,720,173,0,893,12,-0.6921982902029435,-0.22985575016287793
30,1553054400,41,20,0,61,12,-0.6921982902029435,-1.352281593328279
30,1553068800,131,572,441,703,12,1.9928062608209143,-0.4861789595395921
30,1553083200,738,1104,366,1842,12,1.5361728337760403,1.0504112271976578
30,1553097600,1307,517,0,1824,12,-0.6921982902029435,1.0261279757830215
30,1553112000,1724,566,0,2290,12,-0.6921982902029435,1.654794373517489
30,1553126400,710,192,0,902,12,-0.6921982902029435,-0.21771412445555988
30,1553140800,46,35,0,81,12,-0.6921982902029435,-1.3253002028675722
30,1553155200,112,527,415,639,12,1.8345066727786912,-0.5725194090138537
30,1553169600,668,1103,435,1771,12,1.9562755866573243,0.9546272910621487
30,1553184000,1197,510,0,1707,12,-0.6921982902029435,0.868286841587887
30,1553198400,1570,541,0,2111,12,-0.6921982902029435,1.4133109288941637
30,1553212800,627,181,0,808,12,-0.6921982902029435,-0.34452665962088164
30,1553227200,44,27,0,71,12,-0.6921982902029435,-1.3387908980979255
30,1553241600,113,407,294,520,12,1.0978047438129617,-0.7330586822550589
30,1553256000,624,919,295,1543,12,1.1038931895068933,0.6470394398100917
30,1553270400,1032,1048,16,2080,12,-0.5947831591000372,1.371489773680068
30,1553284800,1501,503,0,2004,12,-0.6921982902029435,1.2689604899293825
30,1553299200,488,277,0,765,12,-0.6921982902029435,-0.40253664911140113
30,1553313600,52,75,23,127,12,-0.5521640392425157,-1.2632430048079466
30,1553328000,31,108,77,139,12,-0.2233879717702065,-1.2470541705315226
30,1553342400,313,733,420,1046,12,1.8649489012483496,-0.02344811313847123
30,1553356800,762,758,0,1520,12,-0.6921982902029435,0.6160108407802789
30,1553371200,571,658,87,1229,12,-0.16250351483089,0.2234316095769956
30,1553385600,289,315,26,604,12,-0.5338987021607207,-0.6197368423200905
30,1553400000,49,57,8,106,12,-0.6434907246514904,-1.2915734647916888
30,1553414400,30,73,43,103,12,-0.43039512536388264,-1.295620673360795
30,1553428800,260,435,175,695,12,0.37327970623509527,-0.4969715157238748
30,1553443200,487,659,172,1146,12,0.3550143691533003,0.11145883916506255
30,1553457600,502,471,0,973,12,-0.6921982902029435,-0.1219301883200509
30,1553472000,265,195,0,460,12,-0.6921982902029435,-0.8140028536371792
30,1553486400,19,18,0,37,12,-0.6921982902029435,-1.384659261881127
30,1553500800,121,554,433,675,12,1.944098695269461,-0.5239529061845816
30,1553515200,710,1005,295,1715,12,1.1038931895068933,0.8790793977721698
30,1553529600,1126,488,0,1614,12,-0.6921982902029435,0.7428233759456007
30,1553544000,1852,668,0,2520,12,-0.6921982902029435,1.9650803638156167
30,1553558400,721,171,0,892,13,-0.5927794308119427,-0.12096647103417102
30,1553572800,42,21,0,63,13,-0.5927794308119427,-1.2385888108118865
30,1553587200,139,508,369,647,13,1.5906068755997411,-0.45126499123385777
30,1553601600,670,1228,558,1898,13,2.7089266910788963,1.2352796976225018
30,1553616000,1163,572,0,1735,13,-0.5927794308119427,1.0155300698978122
30,1553630400,1752,580,0,2332,13,-0.5927794308119427,1.820379933404804
30,1553644800,657,180,0,837,13,-0.5927794308119427,-0.19511511842593743
30,1553659200,42,28,0,70,13,-0.5927794308119427,-1.2291517102347527
30,1553673600,130,506,376,636,13,1.6320261280248949,-0.46609472071221103
30,1553688000,783,1089,306,1872,13,1.217833603773356,1.2002276097645759
30,1553702400,1306,568,0,1874,13,-0.5927794308119427,1.2029239242151857
30,1553716800,1683,625,0,2308,13,-0.5927794308119427,1.7880241599974878
30,1553731200,700,170,0,870,13,-0.5927794308119427,-0.1506259299908776
30,1553745600,40,27,0,67,13,-0.5927794308119427,-1.2331961819106672
30,1553760000,123,529,406,652,13,1.809537209846983,-0.44452420510733354
30,1553774400,555,1054,499,1609,13,2.3598215634954562,0.845662259509402
30,1553788800,1224,581,0,1805,13,-0.5927794308119427,1.1099010756691514
30,1553803200,1705,668,0,2373,13,-0.5927794308119427,1.8756543796423026
30,1553817600,808,203,0,1011,13,-0.5927794308119427,0.0394642387771054
30,1553832000,51,26,0,77,13,-0.5927794308119427,-1.2197146096576188
30,1553846400,109,455,346,564,13,1.454515046202807,-0.5631620409341598
30,1553853023,291,652,361,943,13,1.5432705871138508,-0.05221045254362398
30,1553857387,161,252,91,413,13,-0.05432914928494215,-0.7667337819551913
30,1553860800,200,131,0,331,13,-0.5927794308119427,-0.8772826744301884
30,1553875200,1298,562,0,1860,13,-0.5927794308119427,1.1840497230609177
30,1553889600,1347,513,0,1860,13,-0.5927794308119427,1.1840497230609177
30,1553904000,480,229,0,709,13,-0.5927794308119427,-0.36767924326495743
30,1553918400,58,36,0,94,13,-0.5927794308119427,-1.1967959368274363
30,1553932800,30,121,91,151,13,-0.05432914928494215,-1.1199509749850602
30,1553947200,337,416,79,753,13,-0.1253335820137774,-0.3083603253515443
30,1553961600,675,459,0,1134,13,-0.5927794308119427,0.2052875774896012
30,1553976000,634,536,0,1170,13,-0.5927794308119427,0.25382123760057557
30,1553990400,353,198,0,551,13,-0.5927794308119427,-0.5806880848631227
30,1554004800,40,37,0,77,13,-0.5927794308119427,-1.2197146096576188
30,1554019200,17,69,52,86,13,-0.2850935556536567,-1.2075811946298751
30,1554033600,211,291,80,502,13,-0.11941654595304113,-0.6467477889030601
30,1554048000,460,313,0,773,13,-0.5927794308119427,-0.28139718084544746
30,1554062400,428,310,0,738,13,-0.5927794308119427,-0.328582683731117
30,1554076800,184,86,0,270,13,-0.5927794308119427,-0.9595202651737839
30,1554091200,19,14,0,33,13,-0.5927794308119427,-1.2790335275710318
30,1554105600,148,496,348,644,13,1.4663491183242794,-0.4553094629097723
30,1554120000,722,1168,446,1890,13,2.046218652276434,1.2244944398200632
30,1554134400,1162,551,0,1713,13,-0.5927794308119427,0.9858706109411057
30,1554148800,1732,577,0,2309,13,-0.5927794308119427,1.7893723172227927
30,1554163200,655,161,0,816,14,-0.6023857420964227,-0.2603305456220619
30,1554177600,26,17,0,43,14,-0.6023857420964227,-1.272510567371005
30,1554192000,155,574,419,729,14,1.8575380827792,-0.3742499012393427
30,1554206400,680,1293,613,1973,14,2.996500426516362,1.2546659422997068
30,1554220800,1244,575,0,1819,14,-0.6023857420964227,1.0530155886783132
30,1554235200,1802,624,0,2426,14,-0.6023857420964227,1.847832242237962
30,1554249600,690,162,0,852,14,-0.6023857420964227,-0.21319150191835953
30,1554264000,31,20,0,51,14,-0.6023857420964227,-1.262035224325738
30,1554278400,143,507,364,650,14,1.5346363873897986,-0.47769391381135634
30,1554292800,766,1172,406,1938,14,1.781215863868978,1.208836316476663
30,1554307200,1259,496,0,1755,14,-0.6023857420964227,0.9692128443161756
30,1554321600,1634,622,0,2256,14,-0.6023857420964227,1.625231202526034
30,1554336000,747,175,0,922,14,-0.6023857420964227,-0.12153225027227155
30,1554350400,45,24,0,69,14,-0.6023857420964227,-1.2384657024738868
30,1554364406,142,453,311,595,14,1.2234765718327387,-0.5497118972475683
30,1554364800,18,59,41,77,14,-0.36167720553341426,-1.2279903594286194
30,1554379200,618,1125,507,1743,14,2.3741807954022427,0.9534998297482749
30,1554393600,1187,605,0,1792,14,-0.6023857420964227,1.0176613059005364
30,1554408000,1758,652,0,2410,14,-0.6023857420964227,1.8268815561474276
30,1554422400,697,201,0,898,14,-0.6023857420964227,-0.15295827940807313
30,1554436800,48,30,0,78,14,-0.6023857420964227,-1.2266809415479611
30,1554451200,126,417,291,543,14,1.10605777350932,-0.6178016270418051
30,1554465600,691,998,307,1689,14,1.199992812168055,0.8827912641927212
30,1554480000,1249,539,0,1788,14,-0.6023857420964227,1.0124236343779027
30,1554494400,1465,536,0,2001,14,-0.6023857420964227,1.291329642958142
30,1554508800,460,193,0,653,14,-0.6023857420964227,-0.47376566016938115
30,1554523200,52,37,0,89,14,-0.6023857420964227,-1.2122773448607187
30,1554537600,32,110,78,142,14,-0.14445242863508959,-1.1428781971858235
30,1554552000,298,444,146,742,14,0.2547714856645341,-0.35722746879078354
30,1554566400,663,575,0,1238,14,-0.6023857420964227,0.2922438000157828
30,1554580800,577,467,0,1044,14,-0.6023857420964227,0.03821673116805324
30,1554595200,338,225,0,563,14,-0.6023857420964227,-0.5916132694286371
30,1554609600,42,36,0,78,14,-0.6023857420964227,-1.2266809415479611
30,1554624000,20,82,62,102,14,-0.23838746729382457,-1.1952549124121594
30,1554638400,197,333,136,530,14,0.19606208650282475,-0.6348240594903644
30,1554652800,467,426,0,893,14,-0.6023857420964227,-0.15950536881136515
30,1554667200,441,387,0,828,14,-0.6023857420964227,-0.24461753105416115
30,1554681600,255,119,0,374,14,-0.6023857420964227,-0.8390932488730747
30,1554696000,16,12,0,28,14,-0.6023857420964227,-1.2921518355808812
30,1554710400,140,517,377,657,14,1.6109586063000207,-0.46852798864674755
30,1554724800,725,1079,354,1804,14,1.475926988228089,1.0333743204684371
30,1554739200,1168,513,0,1681,14,-0.6023857420964227,0.872315921147454
30,1554753600,1719,559,0,2278,14,-0.6023857420964227,1.6540383959005187
30,1554768000,650,148,0,798,15,-0.7147164416332644,-0.35133901431330555
30,1554782400,46,98,52,144,15,-0.41756420319293513,-1.242106971222838
30,1554796800,144,575,431,719,15,1.748218457747157,-0.4589394250103286
30,1554811200,681,1166,485,1847,15,2.056799628435191,1.0774309960813424
30,1554825600,1153,576,0,1729,15,-0.7147164416332644,0.9167113952933839
30,1554840000,1737,615,0,2352,15,-0.7147164416332644,1.7652564062331986
30,1554854400,638,170,0,808,15,-0.7147164416332644,-0.33771870916178365
30,1554868800,37,94,57,131,15,-0.38899187257367274,-1.2598133679198167
30,1554883200,167,569,402,736,15,1.5824989401554348,-0.43578490625274136
30,1554897600,719,1135,416,1854,15,1.6625014658893695,1.0869652096874076
30,1554912000,1303,513,0,1816,15,-0.7147164416332644,1.0352080501116245
30,1554926400,1750,604,0,2354,15,-0.7147164416332644,1.7679804672635029
30,1554940800,659,207,0,866,15,-0.7147164416332644,-0.2587209392829566
30,1554955200,45,106,61,151,15,-0.3661340080782628,-1.2325727576167729
30,1554969600,150,502,352,652,15,1.2967756339628105,-0.5501954695255253
30,1554984000,706,1155,449,1861,15,1.8510788479765015,1.096499423293473
30,1554998400,1261,568,0,1829,15,-0.7147164416332644,1.052914446808603
30,1555012800,1766,681,0,2447,15,-0.7147164416332644,1.8946493051726567
30,1555027200,701,167,0,868,15,-0.7147164416332644,-0.2559968782526522
30,1555041600,61,124,63,185,15,-0.3547050758305578,-1.1862637201015984
30,1555056000,130,484,354,614,15,1.3082045662105155,-0.6019526291013086
30,1555070400,664,1003,339,1667,15,1.2224875743527281,0.832265503353948
30,1555084800,1186,524,0,1710,15,-0.7147164416332644,0.8908328155054922
30,1555099200,1511,563,0,2074,15,-0.7147164416332644,1.3866119230208895
30,1555113600,450,255,0,705,15,-0.7147164416332644,-0.4780078522224593
30,1555128000,59,94,35,153,15,-0.5147101272984274,-1.2298486965864683
30,1555142400,43,188,145,231,15,0.11388114632534596,-1.1236103164045976
30,1555156800,296,707,411,1003,15,1.633929135270107,-0.07212275870710648
30,1555171200,617,561,0,1178,15,-0.7147164416332644,0.16623258144452685
30,1555185600,606,482,0,1088,15,-0.7147164416332644,0.04364983508082971
30,1555200000,325,240,0,565,15,-0.7147164416332644,-0.6686921243437659
30,1555214400,57,91,34,148,15,-0.5204245934222799,-1.2366588491622295
30,1555228800,38,123,85,161,15,-0.22898682110580315,-1.2189524524652509
30,1555243200,228,463,235,691,15,0.6281830974720697,-0.49707627943458993
30,1555257600,425,392,0,817,15,-0.7147164416332644,-0.3254604345254139
30,1555272000,392,333,0,725,15,-0.7147164416332644,-0.4507672419194155
30,1555286400,200,151,0,351,15,-0.7147164416332644,-0.9601666545863348
30,1555300800,22,48,26,70,15,-0.5661403224130998,-1.3428972293441002
30,1555315200,123,445,322,568,15,1.125341650247236,-0.6646060327983093
30,1555329600,669,1168,499,1837,15,2.136802154169126,1.0638106909298204
30,1555344000,1028,509,0,1537,15,-0.7147164416332644,0.6552015363841632
30,1555358400,1723,587,0,2310,15,-0.7147164416332644,1.7080511245968066
30,1555372800,619,172,0,791,16,-0.6360416562727671,-0.12108846472800229
30,1555387200,30,19,0,49,16,-0.6360416562727671,-1.218347355841788
30,1555401600,159,470,311,629,16,1.5255301529612137,-0.3606517266692871
30,1555416000,701,1212,511,1913,16,2.915608486873742,1.5381089420505256
30,1555430400,1271,576,0,1847,16,-0.6360416562727671,1.440509094592965
30,1555444800,1746,643,0,2389,16,-0.6360416562727671,2.242010872198992
30,1555459200,622,203,0,825,16,-0.6360416562727671,-0.07080975543168326
30,1555473600,29,15,0,44,16,-0.6360416562727671,-1.225741283679482
30,1555488000,159,510,351,669,16,1.8035458197437195,-0.30150030396773525
30,1555491427,180,409,229,589,16,0.9555980360570774,-0.41980314937083885
30,1555502400,543,776,233,1319,16,0.9833996027353279,0.6597103149324814
30,1555516800,1260,585,0,1845,16,-0.6360416562727671,1.4375515234578875
30,1555531200,1645,661,0,2306,16,-0.6360416562727671,2.119271670093272
30,1555545600,732,211,0,943,16,-0.6360416562727671,0.10368694153789454
30,1555560000,42,28,0,70,16,-0.6360416562727671,-1.1872928589234735
30,1555574400,122,521,399,643,16,2.1371646198827263,-0.33994872872374393
30,1555588800,691,1097,406,1788,16,2.1858173615696646,1.3532607461081763
30,1555603200,1172,591,0,1763,16,-0.6360416562727671,1.3162911069197063
30,1555617600,1657,574,0,2231,16,-0.6360416562727671,2.0083627525278622
30,1555632000,569,237,0,806,16,-0.6360416562727671,-0.09890668121492037
30,1555646400,42,37,0,79,16,-0.6360416562727671,-1.1739837888156244
30,1555660800,75,202,127,277,16,0.24665808576168813,-0.8811842464429429
30,1555675200,434,708,274,1142,16,1.2683656611873961,0.3979652694781147
30,1555689600,722,505,0,1227,16,-0.6360416562727671,0.5236620427189123
30,1555704000,782,501,0,1283,16,-0.6360416562727671,0.6064740345010848
30,1555718400,326,190,0,516,16,-0.6360416562727671,-0.527754495801171
30,1555732800,38,31,0,69,16,-0.6360416562727671,-1.1887716444910121
30,1555747200,27,74,47,101,16,-0.30937324780332304,-1.1414505063297709
30,1555761600,194,302,108,496,16,0.11460064403999796,-0.5573302071519468
30,1555776000,420,428,8,848,16,-0.580438522916266,-0.036797687378290984
30,1555790400,424,424,0,848,16,-0.6360416562727671,-0.036797687378290984
30,1555804800,246,230,0,476,16,-0.6360416562727671,-0.5869059185027227
30,1555819200,30,47,17,77,16,-0.5178849978902023,-1.176941359950702
30,1555833600,27,52,25,79,16,-0.4622818645337011,-1.1739837888156244
30,1555848000,157,297,140,454,16,0.33701317746600246,-0.6194392009885762
30,1555862400,294,369,75,663,16,-0.11476228105556915,-0.3103730173729681
30,1555876800,326,372,46,698,16,-0.3163236394728857,-0.25861552250911024
30,1555891200,162,164,2,326,16,-0.6221408729336418,-0.808723753633542
30,1555905600,16,20,4,36,16,-0.6082400895945166,-1.2375715682197925
30,1555920000,110,345,235,455,16,0.9973003860744533,-0.6179604154210374
30,1555934400,446,833,387,1279,16,2.0537599198479746,0.6005588922309296
30,1555948800,577,502,0,1079,16,-0.6360416562727671,0.30480177872317066
30,1555963200,1110,457,0,1567,16,-0.6360416562727671,1.0264491356821026
30,1555977600,365,162,0,527,17,-0.6507045458360122,-0.5401370030909733
30,1555992000,26,25,0,51,17,-0.6507045458360122,-1.3090361034751046
30,1556006400,120,399,279,519,17,1.2531545972617133,-0.5530596770470092
30,1556020800,533,965,432,1498,17,2.2972063854120788,1.0283525483228741
30,1556035200,726,527,0,1253,17,-0.6507045458360122,0.6325956584192772
30,1556049600,1368,560,0,1928,17,-0.6507045458360122,1.7229462734597996
30,1556064000,392,202,0,594,17,-0.6507045458360122,-0.4319096087091734
30,1556078400,31,30,0,61,17,-0.6507045458360122,-1.29288276103006
30,1556092800,134,379,245,513,17,1.0211430887838544,-0.5627516825140361
30,1556107200,532,920,388,1452,17,1.9969561979701436,0.9540471730756682
30,1556121600,670,626,0,1296,17,-0.6507045458360122,0.7020550309329697
30,1556136000,1276,532,0,1808,17,-0.6507045458360122,1.5291061641192623
30,1556150400,457,218,0,675,17,-0.6507045458360122,-0.3010675349043107
30,1556164800,47,35,0,82,17,-0.6507045458360122,-1.2589607418954658
30,1556179200,136,333,197,469,17,0.6935974297562886,-0.6338263892722331
30,1556193600,471,910,439,1381,17,2.344973460686932,0.8393584417158503
30,1556208000,682,616,0,1298,17,-0.6507045458360122,0.7052856994219787
30,1556222400,1269,604,0,1873,17,-0.6507045458360122,1.634102890012053
30,1556236800,556,249,0,805,17,-0.6507045458360122,-0.09107408311872868
30,1556251200,35,48,13,83,17,-0.5619942631827132,-1.2573454076509614
30,1556265600,110,329,219,439,17,0.8437225234772562,-0.6822864166073674
30,1556280000,476,786,310,1262,17,1.4646945020503495,0.6471336666198175
30,1556294400,652,494,0,1146,17,-0.6507045458360122,0.4597548942572981
30,1556308800,1130,567,0,1697,17,-0.6507045458360122,1.3498040629792651
30,1556323200,444,206,0,650,17,-0.6507045458360122,-0.34145089101692266
30,1556337600,52,42,0,94,17,-0.6507045458360122,-1.239576730961412
30,1556352000,37,76,39,113,17,-0.3845736978761151,-1.208885380315827
30,1556366400,250,526,276,776,17,1.2326829935724906,-0.13791877620935852
30,1556380800,493,547,54,1040,17,-0.2822156794300008,0.2885294643398235
30,1556395200,534,501,0,1035,17,-0.6507045458360122,0.28045279311730115
30,1556409600,390,193,0,583,17,-0.6507045458360122,-0.4496782853987227
30,1556424000,37,56,19,93,17,-0.5210510558042675,-1.2411920652059165
30,1556438400,31,62,31,93,17,-0.439164641047376,-1.2411920652059165
30,1556452800,182,346,164,528,17,0.4684097891748372,-0.5385216688464689
30,1556467200,320,451,131,771,17,0.2432221485933858,-0.1459954474318809
30,1556481600,474,392,0,866,17,-0.6507045458360122,0.007461305796044447
30,1556496000,282,128,0,410,17,-0.6507045458360122,-0.7291311096979972
30,1556510400,17,18,1,35,17,-0.6438806779396046,-1.3348814513871763
30,1556524800,159,465,306,624,17,1.437399030464719,-0.38344958137403906
30,1556539200,665,1127,462,1792,17,2.5019224223043075,1.5032608162071905
30,1556553600,1120,491,0,1611,17,-0.6507045458360122,1.2108853179518801
30,1556568000,1698,656,0,2354,17,-0.6507045458360122,2.411078661618707
30,1556582400,701,170,0,871,18,-0.6920025384838749,-0.29312186836620585
30,1556596800,31,22,0,53,18,-0.6920025384838749,-1.3790065901248176
30,1556611200,165,527,362,692,18,1.433064436896621,-0.5307421192155842
30,1556625600,660,1211,551,1871,18,2.5425607306726254,1.0343655665465226
30,1556640000,1054,621,0,1675,18,-0.6920025384838749,0.7741780293036278
30,1556654400,1808,711,0,2519,18,-0.6920025384838749,1.8945774243699705
30,1556668800,754,190,0,944,18,-0.6920025384838749,-0.19621528561757667
30,1556683200,37,27,0,64,18,-0.6920025384838749,-1.3644042283407776
30,1556697600,154,519,365,673,18,1.4506754891787796,-0.555964380478926
30,1556712000,739,1118,379,1857,18,1.532860399828854,1.0157807424577443
30,1556726400,1184,566,0,1750,18,-0.6920025384838749,0.8737395869220824
30,1556740800,1689,606,0,2295,18,-0.6920025384838749,1.5972202389495194
30,1556755200,664,196,0,860,18,-0.6920025384838749,-0.30772423015024586
30,1556769600,39,29,0,68,18,-0.6920025384838749,-1.3590942786011266
30,1556784000,171,502,331,673,18,1.2510835633143131,-0.555964380478926
30,1556798400,685,1137,452,1822,18,1.9613960053613848,0.9693186822357989
30,1556812800,1194,588,0,1782,18,-0.6920025384838749,0.9162191848392898
30,1556827200,1752,718,0,2470,18,-0.6920025384838749,1.8295305400592468
30,1556841600,858,252,0,1110,18,-0.6920025384838749,0.02414762857793624
30,1556856000,56,47,0,103,18,-0.6920025384838749,-1.3126322183791812
30,1556870400,149,447,298,596,18,1.0573619882105665,-0.6581809129672062
30,1556884800,619,1053,434,1672,18,1.855729691668432,0.7701955669988896
30,1556899200,1243,612,0,1855,18,-0.6920025384838749,1.0131257675879188
30,1556913600,1496,616,0,2112,18,-0.6920025384838749,1.3542900383604901
30,1556928000,602,308,0,910,18,-0.6920025384838749,-0.24134985840460943
30,1556942400,67,60,0,127,18,-0.6920025384838749,-1.2807725199412758
30,1556956800,36,116,80,152,18,-0.22237447762630683,-1.2475853340684575
30,1556971200,302,666,364,968,18,1.44480513841806,-0.1643555871796712
30,1556985600,652,776,124,1428,18,0.035920955845355665,0.4462886328801839
30,1557000000,639,764,125,1403,18,0.04179130660607527,0.4131014470073657
30,1557014400,434,358,0,792,18,-0.6920025384838749,-0.39799337572431137
30,1557028800,50,51,1,101,18,-0.6861321877231553,-1.3152871932490067
30,1557043200,24,77,53,101,18,-0.38087394816573605,-1.3152871932490067
30,1557057600,237,403,166,640,18,0.28247568779557897,-0.5997714658310461
30,1557072000,479,526,47,1005,18,-0.4160960527300537,-0.11523855208790024
30,1557086400,444,498,54,942,18,-0.3750035974050165,-0.19887026048740214
30,1557100800,224,142,0,366,18,-0.6920025384838749,-0.9635030229971336
30,1557115200,26,21,0,47,18,-0.6920025384838749,-1.386971514734294
30,1557129600,167,519,352,686,18,1.374360929289425,-0.5387070438250606
30,1557144000,699,1112,413,1811,18,1.7324523256933204,0.9547163204517588
30,1557158400,1167,528,0,1695,18,-0.6920025384838749,0.8007277780018823
30,1557172800,1693,602,0,2295,18,-0.6920025384838749,1.5972202389495194
30,1557187200,635,155,0,790,19,-0.6065214113838188,-0.2940916878633974
30,1557201600,28,16,0,44,19,-0.6065214113838188,-1.288961129035495
30,1557216000,152,519,367,671,19,1.5737306956754589,-0.45279070059728427
30,1557230400,675,1125,450,1800,19,2.066812234874151,1.0528495126511046
30,1557244800,1185,530,0,1715,19,-0.6065214113838188,0.9394930749840426
30,1557259200,1791,615,0,2406,19,-0.6065214113838188,1.8610142329598056
30,1557273600,701,155,0,856,19,-0.6065214113838188,-0.20607374802779627
30,1557288000,36,26,0,62,19,-0.6065214113838188,-1.2649562363530582
30,1557302400,145,489,344,634,19,1.4370936426444958,-0.5021340911111819
30,1557316800,680,1170,490,1850,19,2.304441892319304,1.1195297701023177
30,1557331200,1161,571,0,1732,19,-0.6065214113838188,0.962164362517455
30,1557345600,1607,601,0,2208,19,-0.6065214113838188,1.5969604134530022
30,1557360000,703,175,0,878,19,-0.6065214113838188,-0.17673443474926256
30,1557374400,40,29,0,69,19,-0.6065214113838188,-1.2556210003098884
30,1557388800,153,464,311,617,19,1.2410491752522448,-0.5248053786445943
30,1557403200,683,1117,434,1800,19,1.9717603718960899,1.0528495126511046
30,1557417600,1256,618,0,1874,19,-0.6065214113838188,1.1515362936788998
30,1557432000,1797,566,0,2363,19,-0.6065214113838188,1.8036692115517625
30,1557446400,604,175,0,779,19,-0.6065214113838188,-0.30876134450266424
30,1557460800,47,16,0,63,19,-0.6065214113838188,-1.263622631204034
30,1557475200,142,460,318,602,19,1.2826343653051464,-0.5448094558799582
30,1557489600,646,1059,413,1705,19,1.8470048017373846,0.9261570234938
30,1557504000,1260,540,0,1800,19,-0.6065214113838188,1.0528495126511046
30,1557518400,1472,491,0,1963,19,-0.6065214113838188,1.270227151942059
30,1557532800,532,241,0,773,19,-0.6065214113838188,-0.3167629753968098
30,1557547200,50,39,0,89,19,-0.6065214113838188,-1.2289488973294032
30,1557561600,33,108,75,141,19,-0.16096580367415717,-1.1596014295801418
30,1557576000,301,454,153,755,19,0.3024120283438909,-0.34076786807924647
30,1557590400,683,502,0,1185,19,-0.6065214113838188,0.2326823460011851
30,1557604800,616,488,0,1104,19,-0.6065214113838188,0.12466032893022007
30,1557619200,321,199,0,520,19,-0.6065214113838188,-0.6541650780999474
30,1557633600,44,38,0,82,19,-0.6065214113838188,-1.2382841333725731
30,1557648000,17,79,62,96,19,-0.23819544234383183,-1.2196136612862334
30,1557662400,183,246,63,429,19,-0.232254700907703,-0.7755231466611551
30,1557676800,360,321,0,681,19,-0.6065214113838188,-0.4394546491070417
30,1557691200,407,240,0,647,19,-0.6065214113838188,-0.4847972241738665
30,1557705600,209,117,0,326,19,-0.6065214113838188,-0.9128844770106538
30,1557720000,16,12,0,28,19,-0.6065214113838188,-1.310298811419883
30,1557734400,143,469,326,612,19,1.330160296794177,-0.5314734043897156
30,1557748800,681,1163,482,1844,19,2.2569159608302733,1.111528139208172
30,1557763200,1186,520,0,1706,19,-0.6065214113838188,0.9274906286428243
30,1557777600,1566,577,0,2143,19,-0.6065214113838188,1.5102760787664256
30,1557792000,600,134,0,734,20,-0.5773848201018181,-0.3682435950954884
30,1557806400,31,23,0,54,20,-0.5773848201018181,-1.3075651270323358
30,1557820800,165,482,317,647,20,1.4888615655132733,-0.48842149697564385
30,1557835200,729,1176,447,1905,20,2.3362181274374434,1.2493233371075239
30,1557849600,1194,538,0,1732,20,-0.5773848201018181,1.0103488885412375
30,1557864000,1712,633,0,2345,20,-0.5773848201018181,1.8571196224784248
30,1557878400,590,184,0,774,20,-0.5773848201018181,-0.3129893873344974
30,1557892800,39,23,0,62,20,-0.5773848201018181,-1.2965142854801375
30,1557907200,148,504,356,652,20,1.7430685340905243,-0.48151472100552
30,1557921600,737,1144,407,1881,20,2.0754930314607756,1.2161708124509292
30,1557936000,1236,558,0,1794,20,-0.5773848201018181,1.0959929105707737
30,1557950400,1644,618,0,2262,20,-0.5773848201018181,1.7424671413743684
30,1557964800,662,216,0,878,20,-0.5773848201018181,-0.1693284471559207
30,1557979200,44,33,0,77,20,-0.5773848201018181,-1.2757939575697659
30,1557993600,165,471,306,636,20,1.4171621641196896,-0.5036164041099164
30,1558008000,653,1040,387,1693,20,1.9451304834724417,0.9564760359742713
30,1558022400,1209,583,0,1792,20,-0.5773848201018181,1.093230200182724
30,1558036800,1618,746,0,2364,20,-0.5773848201018181,1.8833653711648957
30,1558051200,552,238,0,790,20,-0.5773848201018181,-0.29088770423010096
30,1558065600,49,29,0,78,20,-0.5773848201018181,-1.2744126023757412
30,1558080000,142,483,341,625,20,1.6452966230992738,-0.5188113112441889
30,1558086907,331,647,316,978,20,1.4823434381138567,-0.03119292775344316
30,1558094400,326,337,11,663,20,-0.5056854187082345,-0.46631981387124743
30,1558108800,1159,544,0,1703,20,-0.5773848201018181,0.9702895879145191
30,1558123200,1528,523,0,2051,20,-0.5773848201018181,1.451001195435141
30,1558137600,515,174,0,689,20,-0.5773848201018181,-0.43040457882660327
30,1558152000,71,25,0,96,20,-0.5773848201018181,-1.2495482088832952
30,1558166400,90,119,29,209,20,-0.388359125518734,-1.0934550719584955
30,1558180800,350,382,32,732,20,-0.36880474332048396,-0.37100630548353797
30,1558195200,683,561,0,1244,20,-0.5773848201018181,0.3362475538571471
30,1558209600,593,539,0,1132,20,-0.5773848201018181,0.18153577212637226
30,1558224000,442,216,0,658,20,-0.5773848201018181,-0.47322658984137134
30,1558238400,59,28,0,87,20,-0.5773848201018181,-1.261980405629518
30,1558252800,33,67,34,100,20,-0.35576848852165055,-1.2440227881071961
30,1558267200,261,334,73,595,20,-0.10156151994439959,-0.5602519670649322
30,1558281600,467,404,0,871,20,-0.5773848201018181,-0.17899793351409415
30,1558296000,412,370,0,782,20,-0.5773848201018181,-0.3019385457822992
30,1558310400,269,146,0,415,20,-0.5773848201018181,-0.8088959019893918
30,1558324800,24,12,0,36,20,-0.5773848201018181,-1.3324295205247818
30,1558339200,142,467,325,609,20,1.541006584708607,-0.5409129943485853
30,1558353600,639,1067,428,1706,20,2.2123737068485263,0.9744336534965934
30,1558368000,1171,530,0,1701,20,-0.5773848201018181,0.9675268775264696
30,1558382400,1579,614,0,2193,20,-0.5773848201018181,1.647153632986659
30,1558396800,597,172,0,769,21,-0.7354613844717242,-0.028829025242356327
30,1558411200,41,24,0,65,21,-0.7354613844717242,-1.1156437850637917
30,1558425600,143,481,338,624,21,1.8691184795419304,-0.2526758152623963
30,1558440000,651,1099,448,1750,21,2.716762813984244,1.4856102920656382
30,1558454400,1149,552,0,1701,21,-0.7354613844717242,1.4099655147485213
30,1558468800,1604,641,0,2245,21,-0.7354613844717242,2.249776920065085
30,1558483200,579,206,0,785,21,-0.7354613844717242,-0.00412868979186916
30,1558497600,39,28,0,67,21,-0.7354613844717242,-1.112556243132481
30,1558512000,164,495,331,659,21,1.8151774764410558,-0.1986438314644556
30,1558526400,658,978,320,1636,21,1.7304130429968245,1.309620401980917
30,1558540800,1139,540,0,1679,21,-0.7354613844717242,1.3760025535041014
30,1558555200,1583,586,0,2169,21,-0.7354613844717242,2.132450326675271
30,1558569600,546,183,0,729,21,-0.7354613844717242,-0.09057986386857425
30,1558584000,42,39,0,81,21,-0.7354613844717242,-1.0909434496133046
30,1558598400,159,393,234,552,21,1.0677092906146521,-0.36382732478958857
30,1558598923,13,40,27,53,21,-0.5274032296540653,-1.134169036651657
30,1558612800,530,843,313,1373,21,1.67647203989595,0.9036086380135343
30,1558627200,969,519,0,1488,21,-0.7354613844717242,1.0811422990639108
30,1558641600,1463,554,0,2017,21,-0.7354613844717242,1.8977971398956426
30,1558656000,463,172,0,635,21,-0.7354613844717242,-0.23569433464018635
30,1558670400,45,25,0,70,21,-0.7354613844717242,-1.1079249302355145
30,1558684800,123,420,297,543,21,1.5531783185225225,-0.37772126348048757
30,1558699200,511,788,277,1299,21,1.3990611668057382,0.7893695865550311
30,1558713600,1118,565,0,1683,21,-0.7354613844717242,1.3821776373667232
30,1558728000,1149,551,0,1700,21,-0.7354613844717242,1.4084217437828657
30,1558742400,375,236,0,611,21,-0.7354613844717242,-0.27274483781591713
30,1558756800,56,57,1,113,21,-0.7277555268858849,-1.0415427787123301
30,1558771200,30,78,48,108,21,-0.36558022035144183,-1.0492616335406075
30,1558785600,166,418,252,584,21,1.2064147271597578,-0.3144266538886142
30,1558800000,298,558,260,856,21,1.2680615878464716,0.10547904876966764
30,1558814400,357,469,112,826,21,0.12759466514226794,0.059165919800004206
30,1558828800,207,260,53,467,21,-0.32705093242224575,-0.4950478568703016
30,1558843200,28,49,21,77,21,-0.5736383751691007,-1.0971185334759264
30,1558857600,20,63,43,83,21,-0.4041095082806379,-1.0878559076819936
30,1558872000,109,346,237,455,21,1.0908268633721696,-0.513573108458167
30,1558886400,222,423,201,645,21,0.8134159902819581,-0.22025662498363188
30,1558900800,262,370,108,632,21,0.09677123479891107,-0.24032564753715271
30,1558915200,155,196,41,351,21,-0.4195212234523163,-0.6741252888863336
30,1558929600,25,31,6,56,21,-0.6892262389566889,-1.1295377237546906
30,1558944000,19,75,56,94,21,-0.3039333596647281,-1.0708744270597836
30,1558958400,151,231,80,382,21,-0.11899277760458694,-0.6262683889510147
30,1558972800,315,281,0,596,21,-0.7354613844717242,-0.29590140230074885
30,1558987200,328,234,0,562,21,-0.7354613844717242,-0.34838961513303407
30,1559001600,190,139,0,329,22,-0.6026031838116797,-0.8441726826708428
30,1559016000,26,17,0,43,22,-0.6026031838116797,-1.277311047723261
30,1559030400,141,404,263,545,22,1.1819423305003347,-0.5170472041697157
30,1559044800,517,944,427,1461,22,2.294738772885013,0.8702071398443231
30,1559059200,907,480,0,1387,22,-0.6026031838116797,0.7581363740615296
30,1559073600,1515,518,0,2033,22,-0.6026031838116797,1.7364838699491594
30,1559088000,426,210,0,636,22,-0.6026031838116797,-0.3792304516530372
30,1559102400,29,24,0,53,22,-0.6026031838116797,-1.262166349644505
30,1559116800,127,516,389,643,22,2.03689569477149,-0.3686291629979081
30,1559131200,604,1043,439,1647,22,2.376162902815599,1.1518985241091824
30,1559145600,1041,532,0,1573,22,-0.6026031838116797,1.0398277583263889
30,1559160000,1450,588,0,2038,22,-0.6026031838116797,1.7440562189885374
30,1559174400,516,171,0,687,22,-0.6026031838116797,-0.3019924914513822
30,1559188800,43,30,0,73,22,-0.6026031838116797,-1.2318769534869933
30,1559203200,169,445,276,614,22,1.2701518045918032,-0.41254878742630013
30,1559217600,610,972,362,1582,22,1.853691402427671,1.0534579865972693
30,1559232000,1055,536,0,1591,22,-0.6026031838116797,1.0670882148681495
30,1559246400,1451,617,0,2068,22,-0.6026031838116797,1.789490313224805
30,1559260800,548,219,0,767,22,-0.6026031838116797,-0.18083490682133513
30,1559275200,45,40,0,85,22,-0.6026031838116797,-1.2137033157924864
30,1559289600,171,415,244,586,22,1.0530207914435732,-0.4549539420468166
30,1559304000,555,944,389,1499,22,2.03689569477149,0.9277569925435953
30,1559318400,901,577,0,1478,22,-0.6026031838116797,0.895953126578208
30,1559332800,1311,544,0,1855,22,-0.6026031838116797,1.4669082441473047
30,1559347200,460,200,0,660,22,-0.6026031838116797,-0.3428831762640231
30,1559361600,57,46,0,103,22,-0.6026031838116797,-1.1864428592507257
30,1559376000,27,87,60,114,22,-0.19548253415874864,-1.1697836913640942
30,1559390400,234,366,132,600,22,0.2930622454247686,-0.43375136473655834
30,1559404800,438,436,0,874,22,-0.6026031838116797,-0.01878663737864721
30,1559419200,459,429,0,888,22,-0.6026031838116797,0.0024159399316110246
30,1559433600,328,160,0,488,22,-0.6026031838116797,-0.6033719832186243
30,1559448000,38,47,9,85,22,-0.54153508636374,-1.2137033157924864
30,1559462400,37,60,23,97,22,-0.4465402681113894,-1.1955296780979792
30,1559476800,198,282,84,480,22,-0.03263427429757622,-0.6154877416816289
30,1559491200,397,357,0,754,22,-0.6026031838116797,-0.2005230143237178
30,1559505600,431,293,0,724,22,-0.6026031838116797,-0.24595710855998543
30,1559520000,213,89,0,302,22,-0.6026031838116797,-0.8850633674834837
30,1559534400,27,15,0,42,22,-0.6026031838116797,-1.2788255175311365
30,1559548800,146,442,296,588,22,1.4058586878094468,-0.4519250024310654
30,1559563200,660,997,337,1657,22,1.6840577984056164,1.1670432221879383
30,1559577600,851,501,0,1352,22,-0.6026031838116797,0.7051299307858839
30,1559592000,1585,563,0,2148,22,-0.6026031838116797,1.910647897854852
30,1559606400,562,171,0,733,23,-0.7461359983350828,-0.23034760885810301
30,1559620800,40,21,0,61,23,-0.7461359983350828,-0.8710883780916672
30,1559635200,135,442,307,577,23,1.6357087419752614,-0.3790910017158947
30,1559638837,160,394,234,554,23,1.0693417516083066,-0.4010211173295435
30,1559641821,108,279,171,387,23,0.5805592804697017,-0.5602528263503845
30,1559649600,292,371,79,663,23,-0.13321829643111802,-0.2970914389865993
30,1559664000,853,577,0,1430,23,-0.7461359983350828,0.43423024256420983
30,1559678400,1525,585,0,2110,23,-0.7461359983350828,1.0825988780981737
30,1559692800,615,213,0,828,23,-0.7461359983350828,-0.13976669654085808
30,1559707200,40,33,0,73,23,-0.7461359983350828,-0.8596465786410679
30,1559721600,151,486,335,637,23,1.8529453958146411,-0.3218820044628979
30,1559726000,220,517,297,737,23,1.5581242227469112,-0.22653367570790323
30,1559735078,395,491,96,886,23,-0.0013246137429230565,-0.08446466586296117
30,1559736000,44,37,0,81,23,-0.7461359983350828,-0.8520187123406683
30,1559750400,1139,531,0,1670,23,-0.7461359983350828,0.663066231576197
30,1559764800,1696,556,0,2252,23,-0.7461359983350828,1.2179935049302661
30,1559779200,611,172,0,783,23,-0.7461359983350828,-0.18267344448060568
30,1559793600,43,30,0,73,23,-0.7461359983350828,-0.8596465786410679
30,1559808000,159,467,308,626,23,1.6434671938980963,-0.3323703206259473
30,1559822400,622,963,341,1585,23,1.8994961073516512,0.5820201521344516
30,1559836800,1007,627,0,1634,23,-0.7461359983350828,0.628740833224399
30,1559851200,1503,668,0,2171,23,-0.7461359983350828,1.1407613586387204
30,1559865600,596,217,0,813,23,-0.7461359983350828,-0.15406894585410727
30,1559952000,3602,2711,0,6313,23,-0.7461359983350828,5.090089135670599
30,1559966400,49,64,15,113,23,-0.6297592194925579,-0.82150724713907
30,1559980800,40,98,58,138,23,-0.29614578681065296,-0.7976701649503213
30,1559995200,259,596,337,855,23,1.8684622996603113,-0.11402264777700952
30,1560009600,445,640,195,1085,23,0.7667621266177417,0.10527850835947823
30,1560024000,516,661,145,1177,23,0.37883953047599184,0.19299897081407333
30,1560038400,329,317,0,646,23,-0.7461359983350828,-0.31330065487494835
30,1560052800,41,49,8,90,23,-0.6840683829524028,-0.8434373627527187
30,1560067200,23,62,39,85,23,-0.4435563733445179,-0.8482047791904684
30,1560081600,194,320,126,514,23,0.23142894394212687,-0.4391604488315413
30,1560096000,371,547,176,918,23,0.6193515400838767,-0.053953200661362874
30,1560110400,413,332,0,745,23,-0.7461359983350828,-0.21890580940750365
30,1560124800,247,151,0,398,23,-0.7461359983350828,-0.5497645101873352
30,1560139200,24,14,0,38,23,-0.7461359983350828,-0.8930184937053159
30,1560153600,138,445,307,583,23,1.6357087419752614,-0.373370101990595
30,1560168000,604,973,369,1577,23,2.116732761191031,0.574392285834052
30,1560182400,941,448,0,1389,23,-0.7461359983350828,0.39513742777466204
30,1560196800,1446,484,0,1930,23,-0.7461359983350828,0.9109718863391831
30,1560211200,491,144,0,635,24,-0.6947184776549967,-0.6852305879255615
30,1560225600,37,22,0,59,24,-0.6947184776549967,-1.4873838310014322
30,1560240000,130,451,321,581,24,1.2614624988998626,-0.7604324544639243
30,1560254400,562,1023,461,1585,24,2.114625541634069,0.6377652122863784
30,1560268800,974,534,0,1508,24,-0.6947184776549967,0.5305329211113055
30,1560283200,1614,572,0,2186,24,-0.6947184776549967,1.4747341343151952
30,1560297600,585,198,0,783,24,-0.6947184776549967,-0.47912176852412236
30,1560312000,36,26,0,62,24,-0.6947184776549967,-1.4832059495270788
30,1560326400,145,502,357,647,24,1.48084728131723,-0.6685190620281475
30,1560340800,679,984,305,1663,24,1.1639581511588104,0.7463901306195693
30,1560355200,1137,547,0,1684,24,-0.6947184776549967,0.7756353009400437
30,1560369600,1703,632,0,2335,24,-0.6947184776549967,1.682235580874752
30,1560384000,572,214,0,786,24,-0.6947184776549967,-0.47494388704976886
30,1560398400,40,20,0,60,24,-0.6947184776549967,-1.4859912038433145
30,1560412800,145,474,329,619,24,1.3102146727703887,-0.7075126224554467
30,1560427200,627,1001,374,1628,24,1.5844456507920979,0.6976481800854452
30,1560441600,1061,591,0,1652,24,-0.6947184776549967,0.7310712318802731
30,1560456000,1621,602,0,2223,24,-0.6947184776549967,1.5262613391655548
30,1560470400,647,214,0,861,24,-0.6947184776549967,-0.3704968501909315
30,1560484800,51,29,0,80,24,-0.6947184776549967,-1.4581386606809579
30,1560499200,118,396,278,514,24,0.9994195643457848,-0.853738474057819
30,1560513600,555,866,311,1421,24,1.200522281561705,0.4093743583550541
30,1560528000,1021,544,0,1565,24,-0.6947184776549967,0.6099126691240219
30,1560542400,1353,559,0,1912,24,-0.6947184776549967,1.0931542929909093
30,1561161600,8868,8696,0,17564,25,-0.6006466177273041,4.198181972800065
30,1561176000,56,47,0,103,25,-0.6006466177273041,-0.38239722662300446
30,1561190400,42,107,65,149,25,0.09068476427942523,-0.3703299542346269
30,1561204800,270,465,195,735,25,1.473347528292884,-0.21660339728703404
30,1561219200,577,494,0,1071,25,-0.6006466177273041,-0.128459842450189
30,1561233600,568,524,0,1092,25,-0.6006466177273041,-0.12295087027288616
30,1561248000,356,224,0,580,25,-0.6006466177273041,-0.2572648585956977
30,1561262400,58,47,0,105,25,-0.6006466177273041,-0.3818725626061185
30,1561276800,31,54,23,85,25,-0.3560216671710768,-0.38711920277497835
30,1561291200,184,297,113,481,25,0.6012064002228562,-0.2832357274315538
30,1561305600,383,423,40,806,25,-0.17521192110777836,-0.19797782468758165
30,1561320000,459,377,0,836,25,-0.6006466177273041,-0.19010786443429192
30,1561334400,254,165,0,419,25,-0.6006466177273041,-0.29950031195501925
30,1561348800,20,26,6,46,25,-0.5368314132343752,-0.397350151104255
30,1561362036,95,308,213,403,25,1.6647931417716708,-0.30369762409010714
30,1561363200,42,112,70,154,25,0.14386410135686595,-0.36901829419241194
30,1561377600,615,963,348,1578,25,3.10063524286257,0.004542485830407572
30,1561392000,863,516,0,1379,25,-0.6006466177273041,-0.04766158384974768
30,1561406400,1568,499,0,2067,25,-0.6006466177273041,0.13282283795903027
30,1561420800,532,178,0,710,26,-0.5873350401470224,-0.2951864762254186
30,1561435200,30,15,0,45,26,-0.5873350401470224,-1.291869053712839
30,1561449600,125,361,236,486,26,1.331473436430857,-0.6309111339053918
30,1561464000,671,925,254,1596,26,1.4778232354918817,1.0327244465623324
30,1561478400,935,520,0,1455,26,-0.5873350401470224,0.8213977647191351
30,1561492800,1614,538,0,2152,26,-0.5873350401470224,1.8660410075894087
30,1561507200,571,192,0,763,26,-0.5873350401470224,-0.21575162418506783
30,1561521600,37,22,0,59,26,-0.5873350401470224,-1.2708862626078408
30,1561536000,141,398,257,539,26,1.5022148686687191,-0.551476281865041
30,1561550400,853,1014,161,1867,26,0.7216826070099207,1.4388913315233716
30,1561564800,927,523,0,1450,26,-0.5873350401470224,0.8139039107530642
30,1561579200,1569,571,0,2140,26,-0.5873350401470224,1.8480557580708388
30,1561593600,579,222,0,801,26,-0.5873350401470224,-0.1587983340429295
30,1561608000,54,26,0,80,26,-0.5873350401470224,-1.2394120759503433
30,1561622400,122,402,280,524,26,1.6892173896911395,-0.5739578437632535
30,1561636800,625,1056,431,1681,26,2.916929592925291,1.1601199639855366
30,1561651200,931,559,0,1490,26,-0.5873350401470224,0.8738547424816309
30,1561665600,1552,707,0,2259,26,-0.5873350401470224,2.0264094824633245
30,1561680000,615,226,0,841,26,-0.5873350401470224,-0.09884750231436287
30,1561694400,51,24,0,75,26,-0.5873350401470224,-1.246905929916414
30,1561708800,120,279,159,399,26,0.7054215182253625,-0.7613041929150243
30,1561723200,512,856,344,1368,26,2.209572230797005,0.6910047057095027
30,1561737600,905,589,0,1494,26,-0.5873350401470224,0.8798498256544875
30,1561752000,1286,597,0,1883,26,-0.5873350401470224,1.462871664214798
30,1561766400,478,242,0,720,26,-0.5873350401470224,-0.28019876829327695
30,1561780800,65,50,0,115,26,-0.5873350401470224,-1.1869550981878474
30,1561795200,55,100,45,155,26,-0.22146054249446068,-1.1270042664592808
30,1561809600,230,340,110,570,26,0.3070248430036841,-0.5050143872754018
30,1561824000,475,515,40,990,26,-0.2621132644558564,0.12446934587454787
30,1561838400,459,405,0,864,26,-0.5873350401470224,-0.06437577407043706
30,1561852800,304,289,0,593,26,-0.5873350401470224,-0.470542659031476
30,1561867200,43,48,5,91,26,-0.5466823181856267,-1.2229255972249873
30,1561881600,25,67,42,92,26,-0.24585217567129813,-1.2214268264317731
30,1561896000,215,222,7,437,26,-0.5304212294010684,-0.7043509027728859
30,1561910400,387,405,18,792,26,-0.44098524108599774,-0.172287271181857
30,1561924800,420,394,0,814,26,-0.5873350401470224,-0.13931431373114536
30,1561939200,245,200,0,445,26,-0.5873350401470224,-0.6923607364271727
30,1561953600,24,26,2,50,26,-0.5710739513624642,-1.2843751997467683
30,1561968000,106,357,251,463,26,1.4534316023150442,-0.6653828621493176
30,1561982400,508,900,392,1408,26,2.5998383616264045,0.7509555374380693
30,1561996800,831,561,0,1392,26,-0.5873350401470224,0.7269752047466426
30,1562011200,1425,519,0,1944,26,-0.5873350401470224,1.5542966826008622
30,1562025600,520,193,0,713,27,-0.5978625751974582,0.11709292269388018
30,1562040000,31,23,0,54,27,-0.5978625751974582,-1.1099002301283867
30,1562054400,109,417,308,526,27,1.9238584510462333,-0.2310826760584171
30,1562068800,526,963,437,1489,27,2.9800338159340134,1.5619285624360335
30,1562083200,846,598,0,1444,27,-0.5978625751974582,1.4781429905437695
30,1562097600,1406,545,0,1951,27,-0.5978625751974582,2.4221271005299445
30,1562112000,496,223,0,719,27,-0.5978625751974582,0.1282643322795154
30,1562126400,32,28,0,60,27,-0.5978625751974582,-1.0987288205427514
30,1562140800,111,340,229,451,27,1.2770533826265853,-0.37072529587885716
30,1562143382,91,221,130,312,27,0.46650019561968437,-0.6295296179460728
30,1562155200,434,662,228,1096,27,1.2688659766972226,0.8302012345769275
30,1562169600,1111,545,0,1656,27,-0.5978625751974582,1.8728661292362134
30,1562184000,1118,469,0,1587,27,-0.5978625751974582,1.7443949190014085
30,1562198400,440,264,0,704,27,-0.5978625751974582,0.10033580831542736
30,1562212800,38,23,0,61,27,-0.5978625751974582,-1.0968669189451457
30,1562227200,41,66,25,107,27,-0.39317742696339236,-1.0112194454552756
30,1562241600,179,233,54,412,27,-0.15574265501187595,-0.44333945818548604
30,1562256000,277,359,82,636,27,0.07350471101027786,-0.026273500321771642
30,1562270400,308,457,149,765,27,0.6220609082775744,0.2139118057693853
30,1562284800,334,261,0,595,27,-0.5978625751974582,-0.10261146582361222
30,1562299200,34,31,0,65,27,-0.5978625751974582,-1.0894193125547222
30,1562313600,69,200,131,269,27,0.474687601549047,-0.7095913866431252
30,1562315518,29,77,48,106,27,-0.20486709058805175,-1.0130813470528817
30,1562315598,2,9,7,11,27,-0.5405507336919199,-1.189961998825439
30,1562328000,252,448,196,700,27,1.0068689869576184,0.0928882019250039
30,1562342400,587,456,0,1043,27,-0.5978625751974582,0.7315204499038166
30,1562356800,719,432,0,1151,27,-0.5978625751974582,0.9326058224452503
30,1562371200,352,243,0,595,27,-0.5978625751974582,-0.10261146582361222
30,1562385600,36,24,0,60,27,-0.5978625751974582,-1.0987288205427514
30,1562400000,31,68,37,99,27,-0.29492855581104077,-1.0261146582361227
30,1562414400,187,315,128,502,27,0.4501253837609591,-0.27576831440095795
30,1562428800,328,411,83,739,27,0.0816921169396405,0.16550236423163273
30,1562443200,346,324,0,670,27,-0.5978625751974582,0.03703115399682786
30,1562457600,222,187,0,409,27,-0.5978625751974582,-0.44892516297830365
30,1562472000,27,38,11,65,27,-0.5078011099744693,-1.0894193125547222
30,1562486400,23,56,33,79,27,-0.3276781795284913,-1.06335269018824
30,1562500800,162,297,135,459,27,0.5074372252664976,-0.35583008309801023
30,1562515200,310,348,38,658,27,-0.2867411498816781,0.014688334825557448
30,1562529600,328,330,2,658,27,-0.581487763338733,0.014688334825557448
30,1562544000,193,161,0,354,27,-0.5978625751974582,-0.5513297508466264
30,1562558400,17,12,0,29,27,-0.5978625751974582,-1.1564477700685334
30,1562572800,127,363,236,490,27,1.3343652241321236,-0.29811113357222835
30,1562587200,423,982,559,1405,27,3.978897339316255,1.4055288282371408
30,1562601600,861,518,0,1379,27,-0.5978625751974582,1.357119386699388
30,1562616000,1412,510,0,1922,27,-0.5978625751974582,2.368131954199374
30,1562630400,549,188,0,737,28,-0.5929034573766407,-0.2110194881228519
30,1562644800,37,16,0,53,28,-0.5929034573766407,-1.2853005185664612
30,1562659200,142,420,278,562,28,1.395247251506087,-0.4858720909410268
30,1562673600,581,991,410,1572,28,2.339261257162634,1.100420073895297
30,1562688000,969,511,0,1480,28,-0.5929034573766407,0.9559261341280278
30,1562702400,1522,540,0,2062,28,-0.5929034573766407,1.8700073617861868
30,1562716800,591,195,0,786,28,-0.5929034573766407,-0.1340607593337629
30,1562731200,42,37,0,79,28,-0.5929034573766407,-1.2444652747191896
30,1562745600,139,397,258,536,28,1.2522148264066102,-0.5267073347882985
30,1562760000,642,1129,487,1771,28,2.8899360937956198,1.4129667479571073
30,1562774400,911,592,0,1503,28,-0.5929034573766407,0.9920496190698451
30,1562788800,1484,610,0,2094,28,-0.5929034573766407,1.9202661234443672
30,1562803200,556,183,0,739,28,-0.5929034573766407,-0.2078783155192156
30,1562817600,38,35,0,73,28,-0.5929034573766407,-1.2538887925300983
30,1562832000,132,412,280,544,28,1.4095504940160346,-0.5141426443737533
30,1562846400,603,935,332,1538,28,1.7814347992746744,1.0470201396334802
30,1562860800,863,523,0,1386,28,-0.5929034573766407,0.8082910217571225
30,1562875200,1373,512,0,1885,28,-0.5929034573766407,1.5920135863643756
30,1562889600,501,184,0,685,28,-0.5929034573766407,-0.2926899758173953
30,1562904000,32,20,0,52,28,-0.5929034573766407,-1.2868711048682795
30,1562918400,124,357,233,481,28,1.073424295032264,-0.6130895813882963
30,1562932800,516,854,338,1370,28,1.8243445268045175,0.7831616409280322
30,1562947200,762,596,0,1358,28,-0.5929034573766407,0.7643146053062145
30,1562961600,1171,637,0,1808,28,-0.5929034573766407,1.4710784411243785
30,1562976000,455,243,0,698,28,-0.5929034573766407,-0.2722723538937594
30,1562990400,74,50,0,124,28,-0.5929034573766407,-1.173788891137373
30,1563004800,38,68,30,106,28,-0.3783548197274255,-1.2020594445700996
30,1563019200,227,310,83,537,28,0.0006811067861880333,-0.5251367484864804
30,1563033600,406,438,32,844,28,-0.3640515772174779,-0.04296675382831066
30,1563048000,444,396,0,840,28,-0.5929034573766407,-0.04924909903558323
30,1563062400,314,251,0,565,28,-0.5929034573766407,-0.4811603320355724
30,1563076800,42,38,0,80,28,-0.5929034573766407,-1.2428946884173715
30,1563091200,27,46,19,73,28,-0.4570226535321378,-1.2538887925300983
30,1563105600,153,244,91,397,28,0.05789407682597876,-0.7450188307410203
30,1563120000,359,353,0,712,28,-0.5929034573766407,-0.2502841456683054
30,1563134400,367,335,0,702,28,-0.5929034573766407,-0.26599000868648687
30,1563148800,230,154,0,384,28,-0.5929034573766407,-0.7654364526646561
30,1563163200,24,26,2,50,28,-0.5786002148666931,-1.2900122774719156
30,1563177600,131,417,286,548,28,1.4524602215458777,-0.5078602991664808
30,1563192000,555,878,323,1433,28,1.7170702079799098,0.8821085779425751
30,1563206400,816,509,0,1325,28,-0.5929034573766407,0.7124852573462158
30,1563220800,1470,555,0,2025,28,-0.5929034573766407,1.8118956686189154
30,1563235200,524,180,0,704,29,-0.6410629821703598,-0.14877749745476077
30,1563249600,37,22,0,59,29,-0.6410629821703598,-1.1886827121492638
30,1563264000,135,384,249,519,29,1.4579771860553412,-0.44704488461519964
30,1563274378,455,790,335,1245,29,2.1829468827116076,0.7234530779711712
30,1563278400,162,196,34,358,29,-0.35444705558532436,-0.7066181242521221
30,1563292800,830,618,0,1448,29,-0.6410629821703598,1.0507410757742472
30,1563307200,1508,579,0,2087,29,-0.6410629821703598,2.0809727535878713
30,1563321600,563,184,0,747,29,-0.6410629821703598,-0.07945048314179391
30,1563336000,47,21,0,68,29,-0.6410629821703598,-1.174172406827945
30,1563350400,142,353,211,495,29,1.1376417386955957,-0.485739032138716
30,1563364800,595,960,365,1555,29,2.4358432885219328,1.2232524834832579
30,1563379200,865,576,0,1441,29,-0.6410629821703598,1.039455282746555
30,1563393600,1497,551,0,2048,29,-0.6410629821703598,2.018094763862157
30,1563408000,477,165,0,642,29,-0.6410629821703598,-0.24873737855717812
30,1563422400,45,21,0,66,29,-0.6410629821703598,-1.1773969191215714
30,1563436800,139,395,256,534,29,1.5169863474110838,-0.4228610424130019
30,1563451200,597,843,246,1440,29,1.4326875454743089,1.0378430265997418
30,1563465600,881,513,0,1394,29,-0.6410629821703598,0.9636792438463354
30,1563480000,1411,598,0,2009,29,-0.6410629821703598,1.9552167741364432
30,1563494400,507,204,0,711,29,-0.6410629821703598,-0.13749170442706848
30,1563508800,37,22,0,59,29,-0.6410629821703598,-1.1886827121492638
30,1563523200,123,314,191,437,29,0.9690441348220453,-0.5792498886538806
30,1563537600,512,766,254,1278,29,1.5001265870237288,0.7766575308160062
30,1563552000,778,623,0,1401,29,-0.6410629821703598,0.9749650368740277
30,1563566400,971,619,0,1590,29,-0.6410629821703598,1.2796814486217194
30,1563580800,325,202,0,527,29,-0.6410629821703598,-0.43414683544069416
30,1563595200,51,33,0,84,29,-0.6410629821703598,-1.1483763084789342
30,1563609600,37,69,32,106,29,-0.3713068159726794,-1.1129066732490442
30,1563624000,171,272,101,443,29,0.2103549173910691,-0.5695763517730015
30,1563638400,261,298,37,559,29,-0.3291574150042918,-0.3825546387426723
30,1563652800,280,296,16,576,29,-0.5061848990715196,-0.3551462842468482
30,1563667200,212,166,0,378,29,-0.6410629821703598,-0.6743730013158584
30,1563681600,35,44,9,79,29,-0.5651940604272622,-1.156437589213
30,1563696000,25,57,32,82,29,-0.3713068159726794,-1.1516008207725605
30,1563710400,148,234,86,382,29,0.08390671448590639,-0.6679239767286057
30,1563724800,293,424,131,717,29,0.4632513232013945,-0.1278181675461894
30,1563739200,254,222,0,476,29,-0.6410629821703598,-0.5163718989281665
30,1563753600,205,130,0,335,29,-0.6410629821703598,-0.7437000156288253
30,1563768000,11,12,1,23,29,-0.6326331019766823,-1.2467239334345384
30,1563782400,98,416,318,514,29,2.03963891941909,-0.4551061653492655
30,1563796800,516,882,366,1398,29,2.4442731687156103,0.9701282684335881
30,1563811200,781,588,0,1369,29,-0.6410629821703598,0.9233728401760058
30,1563825600,1221,636,0,1857,29,-0.6410629821703598,1.7101538398208393
30,1563840000,383,139,0,522,30,-0.6250833755458359,-0.4588046142107502
30,1563854400,25,20,0,45,30,-0.6250833755458359,-1.2478162216624729
30,1563868800,112,355,243,467,30,1.1902296292008119,-0.5497807953634645
30,1563875964,308,611,303,919,30,1.638455062471589,0.19787800247338794
30,1563883200,203,365,162,568,30,0.5851252942852627,-0.3827154445193891
30,1563897600,829,567,0,1396,30,-0.6250833755458359,0.9868896099251105
30,1563912000,1362,587,0,1949,30,-0.6250833755458359,1.9016137586060387
30,1563926400,470,210,0,680,30,-0.6250833755458359,-0.19745485744477076
30,1563940800,32,26,0,58,30,-0.6250833755458359,-1.2263127606627404
30,1563955200,140,422,282,562,30,1.481576160826817,-0.39264011882695793
30,1563969600,612,949,337,1561,30,1.8924494746583629,1.2598181533832535
30,1563984000,778,582,0,1360,30,-0.6250833755458359,0.9273415640796976
30,1563998400,1428,646,0,2074,30,-0.6250833755458359,2.1083778066803895
30,1564012800,536,210,0,746,30,-0.6250833755458359,-0.08828344006151355
30,1564027200,27,24,0,51,30,-0.6250833755458359,-1.237891547354904
30,1564041600,115,377,262,492,30,1.3321676830698912,-0.5084279857485944
30,1564056000,557,951,394,1508,30,2.318263636265601,1.1721501969997288
30,1564070400,836,576,0,1412,30,-0.6250833755458359,1.0133554080786276
30,1564084800,1412,598,0,2010,30,-0.6250833755458359,2.002514614066322
30,1564099200,511,222,0,733,30,-0.6250833755458359,-0.10978690106124603
30,1564113600,30,31,1,61,30,-0.6176129516579896,-1.2213504235089558
30,1564128000,101,320,219,421,30,1.010939455892501,-0.6258699650548256
30,1564142400,475,855,380,1330,30,2.213677701835753,0.8777181925418533
30,1564156800,752,563,0,1315,30,-0.6250833755458359,0.8529065067729312
30,1564171200,1082,540,0,1622,30,-0.6250833755458359,1.3607190088435368
30,1564185600,370,250,0,620,30,-0.6250833755458359,-0.29670160052045913
30,1564200000,41,37,0,78,30,-0.6250833755458359,-1.1932305129708443
30,1564214400,34,75,41,109,30,-0.3187959961441381,-1.1419530290484052
30,1564228800,197,316,119,513,30,0.2638970671078723,-0.47369162567210343
30,1564243200,352,367,15,719,30,-0.5130270172281416,-0.1329444744455733
30,1564257600,361,368,7,729,30,-0.5727904083309119,-0.11640335059962525
30,1564272000,266,177,0,443,30,-0.6250833755458359,-0.5894794925937399
30,1564286400,31,70,39,101,30,-0.33373684391983066,-1.1551859281251637
30,1564300800,26,67,41,93,30,-0.3187959961441381,-1.168418827201922
30,1564315200,158,228,70,386,30,-0.10215370339659577,-0.6837638985156438
30,1564329600,333,358,25,691,30,-0.4383227783496787,-0.1792596212142279
30,1564344000,347,252,0,599,30,-0.6250833755458359,-0.3314379605969501
30,1564358400,194,159,0,353,30,-0.6250833755458359,-0.7383496072072725
30,1564372800,19,18,0,37,30,-0.6250833755458359,-1.2610491207392311
30,1564387200,132,313,181,445,30,0.7270633481543421,-0.5861712678245503
30,1564401600,481,958,477,1439,30,2.938308818956843,1.0580164424626872
30,1564416000,753,533,0,1286,30,-0.6250833755458359,0.8049372476196819
30,1564430400,1340,530,0,1870,30,-0.6250833755458359,1.770938880223049
30,1564444800,415,234,0,649,31,-0.6802587903661167,-0.5198267821810364
30,1564459200,25,16,0,41,31,-0.6802587903661167,-1.4749152240830365
30,1564473600,129,411,282,540,31,1.0905071685561443,-0.6910515192983357
30,1564488000,568,998,430,1566,31,2.0198453313947775,0.9206602264112893
30,1564502400,843,575,0,1418,31,-0.6802587903661167,0.6881715925272498
30,1564516800,1489,638,0,2127,31,-0.6802587903661167,1.8019178183636284
30,1564531200,426,175,0,601,31,-0.6802587903661167,-0.5952285012785627
30,1564545600,31,23,0,54,31,-0.6802587903661167,-1.4544939251607898
30,1564560000,126,396,270,522,31,1.015155425623282,-0.7193271639599081
30,1564574400,535,855,320,1390,31,1.3291210211768745,0.6441872563870261
30,1564588800,871,523,0,1394,31,-0.6802587903661167,0.6504707329784867
30,1564603200,1265,466,0,1731,31,-0.6802587903661167,1.179853635809036
30,1564617600,412,180,0,592,31,-0.6802587903661167,-0.609366323609349
30,1564632000,30,16,0,46,31,-0.6802587903661167,-1.4670608783437107
30,1564646400,133,416,283,549,31,1.096786480467216,-0.6769136969675495
30,1564660800,541,970,429,1511,31,2.0135660194837057,0.834262423278707
30,1564675200,829,562,0,1391,31,-0.6802587903661167,0.6457581255348912
30,1564689600,1332,602,0,1934,31,-0.6802587903661167,1.4987400728256577
30,1564704000,460,196,0,656,31,-0.6802587903661167,-0.5088306981459805
30,1564718400,30,29,0,59,31,-0.6802587903661167,-1.4466395794214642
30,1564732800,120,327,207,447,31,0.6195587752257556,-0.837142350049793
30,1564747200,448,827,379,1275,31,1.6996004239301132,0.463537304382536
30,1564761600,772,501,0,1273,31,-0.6802587903661167,0.4603955660868057
30,1564776000,1117,635,0,1752,31,-0.6802587903661167,1.2128418879142038
30,1565395200,7599,9478,1879,17077,32,4.016670807093353,4.088531688097924
30,1565409600,40,26,0,66,32,-0.37428688505931457,-0.37527092561762543
30,1565424000,39,67,28,106,32,-0.3088548385557091,-0.3647746523504088
30,1565438400,206,349,143,555,32,-0.04011607613018666,-0.2469539849259022
30,1565452800,346,396,50,742,32,-0.25744394487430483,-0.19788390740166448
30,1565467200,389,320,0,709,32,-0.37428688505931457,-0.2065433328471182
30,1565481600,250,181,0,431,32,-0.37428688505931457,-0.2794924320542737
30,1565496000,43,28,0,71,32,-0.37428688505931457,-0.37395889145922334
30,1565510400,24,45,21,69,32,-0.3252128501816105,-0.37448370512258417
30,1565524800,154,246,92,400,32,-0.15929587511889662,-0.2876270438363666
30,1565539200,270,344,74,614,32,-0.20135933358550015,-0.23147198185675769
30,1565553600,361,325,0,686,32,-0.37428688505931457,-0.21257868997576776
30,1565568000,202,146,0,348,32,-0.37428688505931457,-0.3012721990837482
30,1565582400,18,16,0,34,32,-0.37428688505931457,-0.3836679442313987
30,1565596800,125,347,222,472,32,0.14449576936212877,-0.2687337519553767
30,1565611200,476,850,374,1326,32,0.49969830752455846,-0.0446383177003018
30,1565625600,724,575,0,1299,32,-0.37428688505931457,-0.051723302155673015
30,1565640000,1338,587,0,1925,32,-0.37428688505931457,0.11254337447626712
30,1565654400,407,190,0,597,33,-0.5366627398166142,-0.09520554175255237
30,1565668800,34,26,0,60,33,-0.5366627398166142,-0.9157121480525389
30,1565683200,134,371,237,505,33,1.1395032194349006,-0.23577650596037128
30,1565697600,503,869,366,1372,33,2.0518467162426868,1.0889520371720092
30,1565712000,677,556,0,1233,33,-0.5366627398166142,0.8765676455971524
30,1565726400,1316,519,0,1835,33,-0.5366627398166142,1.7963906940004892
30,1565740800,405,170,0,575,33,-0.5366627398166142,-0.12882033754137864
30,1565755200,33,30,0,63,33,-0.5366627398166142,-0.9111283122631535
30,1565769600,119,385,266,504,33,1.3446036954614573,-0.23730445122349975
30,1565784000,487,867,380,1354,33,2.1508607391520593,1.0614490224356967
30,1565798400,767,534,0,1301,33,-0.5366627398166142,0.9804679234898881
30,1565812800,1267,584,0,1851,33,-0.5366627398166142,1.8208378182105447
30,1565827200,437,189,0,626,33,-0.5366627398166142,-0.050895129121826845
30,1565841600,32,33,1,65,33,-0.5295903096088019,-0.9080724217368966
30,1565856000,133,361,228,494,33,1.0758513475645899,-0.2525839038547844
30,1565870400,507,910,403,1417,33,2.313526633931742,1.15770957401279
30,1565884800,795,590,0,1385,33,-0.5366627398166142,1.1088153255926791
30,1565899200,1379,569,0,1948,33,-0.5366627398166142,1.969048508734006
30,1565913600,435,193,0,628,33,-0.5366627398166142,-0.04783923859556991
30,1565928000,41,26,0,67,33,-0.5366627398166142,-0.9050165312106396
30,1565942400,109,287,178,396,33,0.722229837173975,-0.40232253964137416
30,1565956800,413,904,491,1317,33,2.9359004922192242,1.0049150476999436
30,1565971200,738,563,0,1301,33,-0.5366627398166142,0.9804679234898881
30,1565985600,1051,521,0,1572,33,-0.5366627398166142,1.3945410897977024
30,1566000000,324,207,0,531,33,-0.5366627398166142,-0.19604992911903116
30,1566014400,1,12,11,13,33,-0.4588660075306789,-0.9875255754195769
30,1566028800,0,3,3,3,33,-0.5154454491931773,-1.0028050280508616
30,1566043200,0,6,6,6,33,-0.4942281585697404,-0.9982211922614761
30,1566057600,1,1,0,2,33,-0.5366627398166142,-1.0043329733139899
30,1566072000,2,2,0,4,33,-0.5366627398166142,-1.001277082787733
30,1566086400,1,2,1,3,33,-0.5295903096088019,-1.0028050280508616
30,1566100800,0,8,8,8,33,-0.48008329815411577,-0.9951653017352191
30,1566115200,0,2,2,2,33,-0.5225178794009896,-1.0043329733139899
30,1566129600,1,1,0,2,33,-0.5366627398166142,-1.0043329733139899
30,1566144000,2,4,2,6,33,-0.5225178794009896,-0.9982211922614761
30,1566158400,0,4,4,4,33,-0.508373018985365,-1.001277082787733
30,1566172800,0,5,5,5,33,-0.5013005887775527,-0.9997491375246046
30,1566187200,0,2,2,2,33,-0.5225178794009896,-1.0043329733139899
30,1566201600,115,331,216,446,33,0.9909821850708423,-0.32592527648495084
30,1566216000,401,778,377,1179,33,2.1296434485286224,0.7940586013882152
30,1566230400,723,549,0,1272,33,-0.5366627398166142,0.9361575108591625
30,1566244800,1237,500,0,1737,33,-0.5366627398166142,1.6466520582138995
30,1566259200,376,168,0,544,34,-0.5546474936171001,-0.15458671236701035
30,1566273600,27,19,0,46,34,-0.5546474936171001,-0.9266343904635697
30,1566288000,111,382,271,493,34,1.5766819366157945,-0.23365183602750136
30,1566302400,499,853,354,1352,34,2.229450728901146,1.0980528938619452
30,1566316800,781,570,0,1351,34,-0.5546474936171001,1.0965025973195826
30,1566331200,1325,506,0,1831,34,-0.5546474936171001,1.8406449376536156
30,1566345600,409,216,0,625,34,-0.5546474936171001,-0.029012692435642282
30,1566360000,21,21,0,42,34,-0.5546474936171001,-0.9328355766330199
30,1566374400,137,349,212,486,34,1.112665566196087,-0.24450391182403935
30,1566388800,506,860,354,1366,34,2.229450728901146,1.1197570454550212
30,1566403200,746,486,0,1232,34,-0.5546474936171001,0.912017308778437
30,1566417600,1239,538,0,1777,34,-0.5546474936171001,1.7569289243660369
30,1566432000,366,192,0,558,34,-0.5546474936171001,-0.1328825607739344
30,1566446400,23,37,14,60,34,-0.44454191419547456,-0.9049302388704936
30,1566460800,120,360,240,480,34,1.332876725039338,-0.25380569107821477
30,1566475200,485,869,384,1354,34,2.4653912562332008,1.1011534869466704
30,1566489600,697,566,0,1263,34,-0.5546474936171001,0.9600765015916766
30,1566504000,1303,537,0,1840,34,-0.5546474936171001,1.8545976065348786
30,1566518400,390,156,0,546,34,-0.5546474936171001,-0.15148611928228523
30,1566532800,36,20,0,56,34,-0.5546474936171001,-0.9111314250399439
30,1566547200,100,319,219,419,34,1.1677183559068995,-0.34837378016233145
30,1566561600,415,742,327,1157,34,2.017104254302297,0.7957450681012443
30,1566576000,767,594,0,1361,34,-0.5546474936171001,1.1120055627432084
30,1566590400,1081,542,0,1623,34,-0.5546474936171001,1.5181832568422013
30,1566604800,330,212,0,542,34,-0.5546474936171001,-0.15768730545173548
30,1566619200,1,8,7,9,34,-0.49959470390628735,-0.9839953625309846
30,1566633600,0,4,4,4,34,-0.5231887566394928,-0.9917468452427975
30,1566648000,0,4,4,4,34,-0.5231887566394928,-0.9917468452427975
30,1566662400,0,4,4,4,34,-0.5231887566394928,-0.9917468452427975
30,1566676800,0,1,1,1,34,-0.5467828093726983,-0.9963977348698853
30,1566691200,0,5,5,5,34,-0.515324072395091,-0.9901965487004349
30,1566705600,0,5,5,5,34,-0.515324072395091,-0.9901965487004349
30,1566720000,0,3,3,3,34,-0.5310534408838946,-0.99329714178516
30,1566734400,1,7,6,8,34,-0.5074593881506891,-0.9855456590733472
30,1566748800,0,3,3,3,34,-0.5310534408838946,-0.99329714178516
30,1566763200,0,2,2,2,34,-0.5389181251282965,-0.9948474383275226
30,1566777600,0,2,2,2,34,-0.5389181251282965,-0.9948474383275226
30,1566792000,0,2,2,2,34,-0.5389181251282965,-0.9948474383275226
30,1566806400,104,292,188,396,34,0.923913144330443,-0.38403060063667055
30,1566820800,447,798,351,1245,34,2.2058566761679406,0.9321711638291503
30,1566835200,655,514,0,1169,34,-0.5546474936171001,0.8143486266095952
30,1566849600,1268,502,0,1770,34,-0.5546474936171001,1.7460768485694989
30,1566864000,338,167,0,505,35,-0.5822407727946838,-0.4575450779691698
30,1566878400,26,23,0,49,35,-0.5822407727946838,-1.1382646719461402
30,1566892800,120,538,418,658,35,2.239906937636975,-0.22914574051637052
30,1566907200,744,1146,402,1890,35,2.1318821448931797,1.6099914081231637
30,1566921600,1167,612,0,1779,35,-0.5822407727946838,1.4442899280103485
30,1566936000,1628,605,0,2233,35,-0.5822407727946838,2.122023909733034
30,1566950400,625,194,0,819,35,-0.5822407727946838,0.011196045953568592
30,1566964800,24,34,10,58,35,-0.5147252773298115,-1.124829416801858
30,1566979200,109,548,439,657,35,2.381689478113207,-0.230638546643513
30,1566993600,708,1062,354,1770,35,1.8078077666617929,1.430854672866066
30,1567008000,1065,556,0,1621,35,-0.5822407727946838,1.2084265599218367
30,1567022400,1486,596,0,2082,35,-0.5822407727946838,1.8966101845345196
30,1567036800,609,158,0,767,35,-0.5822407727946838,-0.06642987265784031
30,1567051200,33,25,0,58,35,-0.5822407727946838,-1.124829416801858
30,1567065600,102,554,452,656,35,2.4694596222175407,-0.2321313527706555
30,1567080000,651,1011,360,1662,35,1.8483170639407163,1.2696316111346784
30,1567094400,1133,523,0,1656,35,-0.5822407727946838,1.2606747743718236
30,1567108800,1585,564,0,2149,35,-0.5822407727946838,1.9966281950530658
30,1567123200,662,194,0,856,35,-0.5822407727946838,0.06642987265784031
30,1567137600,42,40,0,82,35,-0.5822407727946838,-1.0890020697504383
30,1567152000,88,370,282,458,35,1.321696199314713,-0.5277069659448663
30,1567166400,563,927,364,1490,35,1.8753232621266651,1.012868957266172
30,1567180800,1077,513,0,1590,35,-0.5822407727946838,1.1621495699804198
30,1567195200,1087,425,0,1512,35,-0.5822407727946838,1.0457106920633066
30,1567209600,396,174,0,570,35,-0.5822407727946838,-0.3605126797049087
30,1567224000,35,50,15,85,35,-0.4809675295973755,-1.084523651369011
30,1567238400,39,76,37,115,35,-0.3324334395746566,-1.0397394675547367
30,1567252800,264,257,0,521,35,-0.5822407727946838,-0.43366017993489014
30,1567267200,337,399,62,736,35,-0.16364470091247604,-0.11270686259925716
30,1567281600,336,345,9,681,35,-0.5214768268762988,-0.1948111995920935
30,1567296000,208,169,0,377,35,-0.5822407727946838,-0.6486242622434071
30,1567310400,36,55,19,91,35,-0.4539613314114266,-1.075566814606156
30,1567324800,23,52,29,75,35,-0.38644583594655435,-1.0994517126404357
30,1567339200,182,292,110,474,35,0.16042967731891064,-0.5038220679105867
30,1567353600,294,339,45,633,35,-0.2784210432027588,-0.2664658936949325
30,1567368000,328,355,27,683,35,-0.39994893503952883,-0.19182558733780855
30,1567382400,183,189,6,372,35,-0.5417314755157605,-0.6560882928791195
30,1567396800,21,40,19,61,35,-0.4539613314114266,-1.1203509984204305
30,1567411200,16,72,56,88,35,-0.20415399819139937,-1.0800452329875836
30,1567425600,137,226,89,363,35,0.018647136842678977,-0.6695235480234019
30,1567440000,290,308,18,598,35,-0.4607128809579138,-0.31871410814491924
30,1567454400,270,233,0,503,35,-0.5822407727946838,-0.4605306902234548
30,1567468800,185,119,0,304,36,-0.6243094373961013,-0.9618414863199864
30,1567483200,13,21,8,34,36,-0.5736163559642284,-1.3138028433664093
30,1567497600,134,519,385,653,36,1.815295106512782,-0.5068988433229435
30,1567512000,722,1079,357,1801,36,1.6378693215012268,0.9895887044151805
30,1567526400,1081,550,0,1631,36,-0.6243094373961013,0.7679834055340995
30,1567540800,1707,558,0,2265,36,-0.6243094373961013,1.5944408143023665
30,1567555200,598,193,0,791,36,-0.6243094373961013,-0.3270074830547718
30,1567569600,26,30,4,56,36,-0.5989628966801649,-1.2851245105700342
30,1567584000,146,549,403,695,36,1.929354539734496,-0.4521492988934999
30,1567598400,815,1158,343,1973,36,1.5491564289954491,1.2138011244595686
30,1567612800,1070,559,0,1629,36,-0.6243094373961013,0.7653762843707926
30,1567627200,1645,614,0,2259,36,-0.6243094373961013,1.586619450812446
30,1567641600,660,188,0,848,36,-0.6243094373961013,-0.25270452990052694
30,1567656000,36,29,0,65,36,-0.6243094373961013,-1.2733924653351534
30,1567670400,149,572,423,721,36,2.0560872433141784,-0.4182567237705111
30,1567684800,815,1138,323,1953,36,1.422423725415767,1.1877299128265002
30,1567699200,1419,604,0,2023,36,-0.6243094373961013,1.2789791535422395
30,1567713600,1448,659,0,2107,36,-0.6243094373961013,1.3884782424011266
30,1567728000,771,192,0,963,36,-0.6243094373961013,-0.10279506301038388
30,1567742400,46,26,0,72,36,-0.6243094373961013,-1.2642675412635795
30,1567756800,183,429,246,612,36,0.9345028166339903,-0.5603448271707336
30,1567771200,700,998,298,1698,36,1.264007845941164,0.8553219645048785
30,1567785600,1344,553,0,1897,36,-0.6243094373961013,1.1147305202539086
30,1567800000,1393,582,0,1975,36,-0.6243094373961013,1.2164082456228753
30,1567814400,441,210,0,651,36,-0.6243094373961013,-0.5095059644862503
30,1567828800,35,43,8,78,36,-0.5736163559642284,-1.2564461777736589
30,1567843200,33,118,85,151,36,-0.08569544718245177,-1.1612862553129595
30,1567857600,282,439,157,721,36,0.37054228570440434,-0.4182567237705111
30,1567872000,753,474,0,1227,36,-0.6243094373961013,0.24134493054611852
30,1567886400,617,453,0,1070,36,-0.6243094373961013,0.03668591922653187
30,1567900800,299,234,0,533,36,-0.6243094373961013,-0.6633261131213537
30,1567915200,47,39,0,86,36,-0.6243094373961013,-1.2460176931204316
30,1567929600,18,95,77,113,36,-0.13638852861432466,-1.2108215574157892
30,1567944000,261,357,96,618,36,-0.015992460213626537,-0.5525234636808132
30,1567958400,564,486,0,1050,36,-0.6243094373961013,0.010614707593463505
30,1567972800,480,386,0,866,36,-0.6243094373961013,-0.22924043943076544
30,1567987200,233,161,0,394,36,-0.6243094373961013,-0.8445210339711788
30,1568001600,17,30,13,47,36,-0.5419331800693079,-1.296856555804915
30,1568016000,141,564,423,705,36,2.0560872433141784,-0.43911369307696574
30,1568030400,783,1272,489,2055,36,2.4743051651271295,1.3206930921551487
30,1568044800,1394,532,0,1926,36,-0.6243094373961013,1.1525337771218578
30,1568059200,1796,646,0,2442,36,-0.6243094373961013,1.8251710372550216
30,1568073600,638,178,0,816,37,-0.6041402981255684,-0.37136645456919387
30,1568088000,32,18,0,50,37,-0.6041402981255684,-1.2948882584186259
30,1568102400,153,625,472,778,37,1.9108696283845674,-0.4171808521491918
30,1568116800,752,1244,492,1996,37,2.017437845609573,1.0512911544938996
30,1568131200,1406,655,0,2061,37,-0.6041402981255684,1.1296578871965277
30,1568145600,1820,710,0,2530,37,-0.6041402981255684,1.6951040046970285
30,1568160000,739,219,0,958,37,-0.6041402981255684,-0.2001652846649911
30,1568174400,33,22,0,55,37,-0.6041402981255684,-1.2888600482107313
30,1568188800,159,608,449,767,37,1.7883161785758108,-0.4304429146065596
30,1568203200,854,1407,553,2261,37,2.342470908145841,1.3707862955123062
30,1568217600,1409,607,0,2016,37,-0.6041402981255684,1.0754039953254775
30,1568232000,1712,818,0,2530,37,-0.6041402981255684,1.6951040046970285
30,1568246400,720,338,0,1058,37,-0.6041402981255684,-0.0796010805071018
30,1568260800,160,67,0,227,37,-0.6041402981255684,-1.0814896170591617
30,1568275200,158,569,411,727,37,1.5858365658482998,-0.4786685962697153
30,1568289600,744,1182,438,1926,37,1.7297036591020576,0.9668962115833772
30,1568304000,1428,552,0,1980,37,-0.6041402981255684,1.0320008818286375
30,1568318400,1838,685,0,2523,37,-0.6041402981255684,1.6866645104059763
30,1568332800,670,187,0,857,37,-0.6041402981255684,-0.32193513086445924
30,1568347200,38,23,0,61,37,-0.6041402981255684,-1.281626195961258
30,1568361600,145,489,344,634,37,1.2288330381445307,-0.5907933061365523
30,1568376000,702,1112,410,1814,37,1.5805081549870497,0.8318643029265412
30,1568390400,1269,605,0,1874,37,-0.6041402981255684,0.9042028254212747
30,1568404800,1647,646,0,2293,37,-0.6041402981255684,1.4093668408428308
30,1568419200,529,230,0,759,37,-0.6041402981255684,-0.44008805093919073
30,1568433600,52,31,0,83,37,-0.6041402981255684,-1.2551020710465224
30,1568448000,27,113,86,140,37,-0.1458969640580436,-1.1863804746765254
30,1568462400,290,383,93,673,37,-0.10859808802929158,-0.5437732665149756
30,1568476800,737,488,0,1225,37,-0.6041402981255684,0.12174114043657332
30,1568491200,602,449,0,1051,37,-0.6041402981255684,-0.08804057479815404
30,1568505600,352,206,0,558,37,-0.6041402981255684,-0.6824221012965482
30,1568520000,46,33,0,79,37,-0.6041402981255684,-1.2599246392128378
30,1568534400,16,78,62,94,37,-0.2737788247280505,-1.2418400085891546
30,1568548800,219,309,90,528,37,-0.12458332061304245,-0.718591362543915
30,1568563200,508,442,0,950,37,-0.6041402981255684,-0.20981042099762223
30,1568577600,436,365,0,801,37,-0.6041402981255684,-0.38945108519287724
30,1568592000,241,120,0,361,37,-0.6041402981255684,-0.9199335834875901
30,1568606400,15,15,0,30,37,-0.6041402981255684,-1.3190010992502037
30,1568620800,148,590,442,738,37,1.7510173025470588,-0.4654065338123475
30,1568635200,817,1237,420,2054,37,1.6337922635995525,1.1212183929054755
30,1568649600,1325,547,0,1872,37,-0.6041402981255684,0.901791541338117
30,1568664000,1776,645,0,2421,37,-0.6041402981255684,1.563689022164929
30,1568678400,648,166,0,814,38,-0.5840675016326479,-0.3717783735153833
30,1568692800,35,21,0,56,38,-0.5840675016326479,-1.2681006983344474
30,1568707200,158,613,455,771,38,1.6455629330856703,-0.4226251544747761
30,1568721600,779,1157,378,1936,38,1.2682408595179548,0.9549678645413316
30,1568736000,1359,538,0,1897,38,-0.5840675016326479,0.9088510166944406
30,1568750400,1886,724,0,2610,38,-0.5840675016326479,1.751961593997861
30,1568764800,722,184,0,906,38,-0.5840675016326479,-0.26298991192784515
30,1568779200,30,32,2,62,38,-0.5742669282932267,-1.2610057986656948
30,1568793600,153,593,440,746,38,1.5720586330400115,-0.4521872364279115
30,1568808000,875,1318,443,2193,38,1.5867594930491433,1.2588660670195633
30,1568822400,1342,590,0,1932,38,-0.5840675016326479,0.9502379314288301
30,1568836800,1890,636,0,2526,38,-0.5840675016326479,1.652632998635326
30,1568851200,735,172,0,907,38,-0.5840675016326479,-0.26180742864971973
30,1568865600,29,18,0,47,38,-0.5840675016326479,-1.278743047837576
30,1568880000,172,576,404,748,38,1.3956483129304302,-0.44982226987166063
30,1568894400,754,1236,482,1990,38,1.7778706731678562,1.018821961560104
30,1568908800,1396,639,0,2035,38,-0.5840675016326479,1.0720337090757477
30,1568923200,1717,693,0,2410,38,-0.5840675016326479,1.515464938372778
30,1568937600,706,207,0,913,38,-0.5840675016326479,-0.25471252898096725
30,1568952000,56,30,0,86,38,-0.5840675016326479,-1.232626199990685
30,1568966400,137,464,327,601,38,1.0183262393627148,-0.6236473117560966
30,1568980800,734,1511,777,2245,38,3.2234552407324806,1.3203551974820846
30,1568995200,1316,1017,0,2333,38,-0.5840675016326479,1.4244137259571212
30,1569009600,1677,593,0,2270,38,-0.5840675016326479,1.34991727943522
30,1569024000,521,214,0,735,38,-0.5840675016326479,-0.465194552487291
30,1569038400,46,44,0,90,38,-0.5840675016326479,-1.2278962668781834
30,1569052800,40,130,90,170,38,-0.14304170135869482,-1.1332976046281502
30,1569067200,263,365,102,628,38,-0.08423826132216776,-0.5917202632467103
30,1569081600,659,515,0,1174,38,-0.5840675016326479,0.053915606609765895
30,1569096000,585,454,0,1039,38,-0.5840675016326479,-0.10571963593716505
30,1569110400,349,228,0,577,38,-0.5840675016326479,-0.6520269104311065
30,1569124800,39,45,6,84,38,-0.5546657816143844,-1.2349911665469357
30,1569139200,19,61,42,80,38,-0.37825546150480316,-1.2397210996594374
30,1569153600,235,322,87,557,38,-0.1577425613678266,-0.6756765759936147
30,1569168000,530,421,0,951,38,-0.5840675016326479,-0.2097781644122015
30,1569182400,476,373,0,849,38,-0.5840675016326479,-0.3303914587809938
30,1569196800,246,133,0,379,38,-0.5840675016326479,-0.8861585994999386
30,1569211200,19,15,0,34,38,-0.5840675016326479,-1.2941153304532065
30,1569225600,143,613,470,756,38,1.7190672331313293,-0.44036240364665735
30,1569240000,708,1209,501,1917,38,1.8709761198923576,0.9325006822569488
30,1569254400,1335,565,0,1900,38,-0.5840675016326479,0.9123984665288167
30,1569268800,1822,617,0,2439,38,-0.5840675016326479,1.5497569534384152
30,1569283200,678,160,0,838,39,-0.5949199073950157,-0.24693949915667412
30,1569297600,29,18,0,47,39,-0.5949199073950157,-1.289923875763648
30,1569312000,165,581,416,746,39,2.0822945085753086,-0.3682474165370048
30,1569326400,807,1206,399,2013,39,1.972889111768829,1.3023735760812452
30,1569340800,1380,579,0,1959,39,-0.5949199073950157,1.2311711028362684
30,1569355200,1894,656,0,2550,39,-0.5949199073950157,2.0104426155729582
30,1569369600,739,234,0,973,39,-0.5949199073950157,-0.06893331604423233
30,1569384000,30,18,0,48,39,-0.5949199073950157,-1.2886053114442966
30,1569398400,159,600,441,759,39,2.243184797996602,-0.35110608038543634
30,1569412800,854,1200,346,2054,39,1.6318016981956869,1.3564347131746535
30,1569423000,793,430,0,1223,39,-0.5949199073950157,0.26070776379362287
30,1569427200,529,205,0,734,39,-0.5949199073950157,-0.38407018836922185
30,1569441600,1803,671,0,2474,39,-0.5949199073950157,1.9102317273022502
30,1569456000,715,251,0,966,39,-0.5949199073950157,-0.07816326627969228
30,1569470400,40,22,0,62,39,-0.5949199073950157,-1.2701454109733765
30,1569484800,167,540,373,707,39,1.8055632107706838,-0.41967142499171023
30,1569499200,765,1171,406,1936,39,2.017938392806791,1.2008441234911857
30,1569513600,1461,637,0,2098,39,-0.5949199073950157,1.414451543226116
30,1569528000,1838,731,0,2569,39,-0.5949199073950157,2.035495337640635
30,1569542400,732,240,0,972,39,-0.5949199073950157,-0.07025188036358375
30,1569556800,32,22,0,54,39,-0.5949199073950157,-1.280693925528188
30,1569571200,135,515,380,650,39,1.850612491808646,-0.49482959119474124
30,1569585600,680,1069,389,1749,39,1.9085329960003117,0.9542725957724701
30,1569600000,1253,554,0,1807,39,-0.5949199073950157,1.0307493262948526
30,1569614400,1643,612,0,2255,39,-0.5949199073950157,1.621466141364289
30,1569628800,493,219,0,712,39,-0.5949199073950157,-0.4130786033949531
30,1569643200,53,29,0,82,39,-0.5949199073950157,-1.2437741245863483
30,1569657600,36,121,85,157,39,-0.0478929233626176,-1.1448818006349917
30,1569672000,311,421,110,732,39,0.11299736605867593,-0.3867073170079247
30,1569686400,657,504,0,1161,39,-0.5949199073950157,0.17895677599383478
30,1569700800,562,510,0,1072,39,-0.5949199073950157,0.06160455157155832
30,1569715200,354,200,0,554,39,-0.5949199073950157,-0.6214117658524776
30,1569729600,47,30,0,77,39,-0.5949199073950157,-1.2503669461831053
30,1569744000,36,80,44,116,39,-0.311752998013539,-1.1989429377283998
30,1569758400,286,361,75,647,39,-0.11224903913113501,-0.4987852841527955
30,1569772800,560,451,0,1011,39,-0.5949199073950157,-0.018827871908878344
30,1569787200,470,332,0,802,39,-0.5949199073950157,-0.2944078146533253
30,1569801600,223,181,0,404,39,-0.5949199073950157,-0.8191964137551907
30,1569816000,19,25,6,44,39,-0.5563062379339052,-1.2938795687217022
30,1569830400,130,332,202,462,39,0.7050736311290361,-0.7427196832328083
30,1569844800,444,747,303,1191,39,1.3550704003910619,0.21851370557437738
30,1569859200,538,452,0,990,39,-0.5949199073950157,-0.046517722615258175
30,1569873600,1160,470,0,1630,39,-0.5949199073950157,0.7973634417696511
30,1569888000,351,125,0,476,40,-0.595038828594311,-0.7059471375486571
30,1569902400,37,23,0,60,40,-0.595038828594311,-1.2456473382684496
30,1569916800,158,361,203,519,40,0.637841135584327,-0.6501608187242555
30,1569931200,455,866,411,1321,40,1.9010876013437195,0.3903188951634214
30,1569945600,637,501,0,1138,40,-0.595038828594311,0.15290270109678192
30,1569960000,1319,567,0,1886,40,-0.595038828594311,1.1233251773910242
30,1569974400,411,172,0,583,40,-0.595038828594311,-0.5671300186135182
30,1569988800,40,20,0,60,40,-0.595038828594311,-1.2456473382684496
30,1570003200,185,549,364,734,40,1.615642486484626,-0.37122922460224733
30,1570017600,811,1315,504,2126,40,2.465904530745756,1.4346906778062891
30,1570032000,1283,564,0,1847,40,-0.595038828594311,1.0727282835735437
30,1570046400,1825,642,0,2467,40,-0.595038828594311,1.8770891596463113
30,1570060800,693,181,0,874,40,-0.595038828594311,-0.18959934936000947
30,1570075200,41,21,0,62,40,-0.595038828594311,-1.243052625764989
30,1570089600,153,565,412,718,40,1.9071609016598705,-0.3919869246299317
30,1570104000,771,1149,378,1920,40,1.700668690910739,1.1674352899498535
30,1570118400,1321,580,0,1901,40,-0.595038828594311,1.1427855211669782
30,1570132800,1759,639,0,2398,40,-0.595038828594311,1.7875715782769226
30,1570147200,643,205,0,848,40,-0.595038828594311,-0.2233306119049965
30,1570161600,43,24,0,67,40,-0.595038828594311,-1.2365658445063377
30,1570176000,151,493,342,644,40,1.4820298795293056,-0.4879912872579717
30,1570190400,724,1089,365,1813,40,1.621715786800777,1.0286181710147144
30,1570204800,1204,565,0,1769,40,-0.595038828594311,0.9715344959385825
30,1570219200,1586,720,0,2306,40,-0.595038828594311,1.6682148031177377
30,1570233600,485,217,0,702,40,-0.595038828594311,-0.41274462465761597
30,1570248000,43,27,0,70,40,-0.595038828594311,-1.232673775751147
30,1570262400,34,133,99,167,40,0.006217902704630677,-1.1068302193333106
30,1570276800,322,365,43,687,40,-0.33388691499982115,-0.43220496843357004
30,1570291200,705,541,0,1246,40,-0.595038828594311,0.2930171762836511
30,1570305600,611,479,0,1090,40,-0.595038828594311,0.09062960101372894
30,1570320000,369,246,0,615,40,-0.595038828594311,-0.5256146185581495
30,1570334400,53,52,0,105,40,-0.595038828594311,-1.1872663069405875
30,1570348800,23,59,36,82,40,-0.37640001721287764,-1.2171055007303837
30,1570363200,228,345,117,573,40,0.11553730839534734,-0.5801035811308208
30,1570377600,486,387,0,873,40,-0.595038828594311,-0.19089670561173974
30,1570392000,443,351,0,794,40,-0.595038828594311,-0.2933878494984311
30,1570406400,222,137,0,359,40,-0.595038828594311,-0.8577378190010988
30,1570420800,19,13,0,32,40,-0.595038828594311,-1.2819733133168971
30,1570435200,170,558,388,728,40,1.7614016940722483,-0.379013362112629
30,1570449600,778,1231,453,2009,40,2.1561662146220586,1.2828999963538474
30,1570464000,1269,515,0,1784,40,-0.595038828594311,0.9909948397145366
30,1570478400,1732,661,0,2393,40,-0.595038828594311,1.7810847970182713
30,1570492800,601,155,0,756,41,-0.6010872870243775,-0.1956189111442714
30,1570507200,32,21,0,53,41,-0.6010872870243775,-1.2497974054764045
30,1570521600,164,452,288,616,41,1.5057663275357123,-0.40555488441098353
30,1570536000,542,975,433,1517,41,2.566508598755202,0.9455330578269281
30,1570550400,878,523,0,1401,41,-0.6010872870243775,0.7715861085487953
30,1570564800,1556,572,0,2128,41,-0.6010872870243775,1.8617536268695076
30,1570579200,401,175,0,576,41,-0.6010872870243775,-0.4655365910586156
30,1570593600,37,28,0,65,41,-0.6010872870243775,-1.2318028934821148
30,1570608000,122,334,212,456,41,0.9497910681379107,-0.6454817110015117
30,1570622400,465,719,254,1184,41,1.2570405535945905,0.4461853499853914
30,1570636800,587,470,0,1057,41,-0.6010872870243775,0.25574343137915967
30,1570651200,1255,492,0,1747,41,-0.6010872870243775,1.2904278710508124
30,1570665600,393,169,0,562,41,-0.6010872870243775,-0.4865301883852868
30,1570680000,27,20,0,47,41,-0.6010872870243775,-1.2587946614735492
30,1570694400,146,571,425,717,41,2.507984887239644,-0.25410107512571267
30,1570708800,727,1147,420,1874,41,2.4714075675424203,1.4808697896570442
30,1570723200,1270,565,0,1835,41,-0.6010872870243775,1.422387625675603
30,1570737600,1837,681,0,2518,41,-0.6010872870243775,2.44657526668392
30,1570752000,717,223,0,940,41,-0.6010872870243775,0.08029693943483597
30,1570766400,37,24,0,61,41,-0.6010872870243775,-1.2378010641468782
30,1570780800,150,481,331,631,41,1.8203312769318367,-0.3830617444181215
30,1570795200,700,1059,359,1759,41,2.0251642672362897,1.308422383045102
30,1570809600,1218,551,0,1769,41,-0.6010872870243775,1.32341780970701
30,1570824000,1575,621,0,2196,41,-0.6010872870243775,1.963722528170482
30,1570838400,463,228,0,691,41,-0.6010872870243775,-0.2930891844466735
30,1570852800,42,33,0,75,41,-0.6010872870243775,-1.216807466820207
30,1570867200,29,116,87,145,41,0.03535807570731629,-1.1118394801868507
30,1570881600,245,395,150,640,41,0.49623230389233597,-0.3695658604224043
30,1570896000,613,521,0,1134,41,-0.6010872870243775,0.37120821667585135
30,1570910400,598,466,0,1064,41,-0.6010872870243775,0.2662402300424953
30,1570924800,322,215,0,537,41,-0.6010872870243775,-0.5240187550400568
30,1570939200,43,66,23,109,41,-0.4328316164171481,-1.1658230161697196
30,1570953600,27,56,29,83,41,-0.3889388327804796,-1.2048111254906804
30,1570968000,213,278,65,491,41,-0.12558213096046836,-0.5929977176848337
30,1570982400,444,478,34,922,41,-0.3523615130832558,0.05330517144340155
30,1570996800,424,368,0,792,41,-0.6010872870243775,-0.14163537516140257
30,1571011200,231,200,0,431,41,-0.6010872870243775,-0.6829702776562817
30,1571025600,18,34,16,52,41,-0.48403986399326143,-1.2512969481425953
30,1571040000,82,205,123,287,41,0.2987147775273275,-0.8989044215877571
30,1571054400,369,571,202,940,41,0.8766364287434633,0.08029693943483597
30,1571068800,505,447,0,952,41,-0.6010872870243775,0.09829145142912558
30,1571083200,961,460,0,1421,41,-0.6010872870243775,0.8015769618726113
30,1571097600,342,164,0,506,42,-0.6124516960513405,-0.6660285182735185
30,1571112000,28,17,0,45,42,-0.6124516960513405,-1.2341302100865976
30,1571126400,175,556,381,731,42,1.7954667432117049,-0.3887554582779809
30,1571140800,755,1180,425,1935,42,2.073546562969117,1.0949634938759178
30,1571155200,1250,593,0,1843,42,-0.6124516960513405,0.9815896204555202
30,1571169600,1962,846,0,2808,42,-0.6124516960513405,2.1707829666586034
30,1571184000,720,262,0,982,42,-0.6124516960513405,-0.07944195579407017
30,1571198400,32,24,0,56,42,-0.6124516960513405,-1.2205746382645937
30,1571212800,165,550,385,715,42,1.8207467268260151,-0.4084726536554414
30,1571227200,817,1194,377,2011,42,1.7701867595973948,1.188620171918855
30,1571241600,1258,583,0,1841,42,-0.6124516960513405,0.9791249710333376
30,1571256000,1629,748,0,2377,42,-0.6124516960513405,1.6396510161782627
30,1571270400,617,186,0,803,42,-0.6124516960513405,-0.3000280790794089
30,1571284800,36,22,0,58,42,-0.6124516960513405,-1.218109988842411
30,1571299200,151,564,413,715,42,1.9977066121261864,-0.4084726536554414
30,1571313600,793,1184,391,1977,42,1.8586667022474803,1.1467211317417514
30,1571328000,1227,570,0,1797,42,-0.6124516960513405,0.9249026837453214
30,1571342400,1830,624,0,2454,42,-0.6124516960513405,1.734540018932291
30,1571356800,683,180,0,863,42,-0.6124516960513405,-0.22608859641393225
30,1571371200,36,27,0,63,42,-0.6124516960513405,-1.2119483652869547
30,1571385600,145,440,295,585,42,1.251947095504036,-0.5686748660973076
30,1571400000,715,1077,362,1792,42,1.6753868210437315,0.918741060189865
30,1571414400,1269,552,0,1821,42,-0.6124516960513405,0.9544784768115121
30,1571428800,1641,720,0,2361,42,-0.6124516960513405,1.6199338208008023
30,1571443200,501,263,0,764,42,-0.6124516960513405,-0.3480887428119688
30,1571457600,42,35,0,77,42,-0.6124516960513405,-1.1946958193316768
30,1571472000,44,110,66,154,42,-0.19533196641522238,-1.0998068165776484
30,1571486400,309,390,81,699,42,-0.10053202786155917,-0.42818984903290186
30,1571500800,660,471,0,1131,42,-0.6124516960513405,0.10417442615853026
30,1571515200,575,390,0,965,42,-0.6124516960513405,-0.10039147588262189
30,1571529600,318,212,0,530,42,-0.6124516960513405,-0.6364527252073278
30,1571544000,40,55,15,95,42,-0.5176517574976773,-1.1725139745320337
30,1571558400,24,64,40,88,42,-0.3596518599082386,-1.1811402475096726
30,1571572800,244,301,57,545,42,-0.2522119295474203,-0.6179678545409586
30,1571587200,497,384,0,881,42,-0.6124516960513405,-0.20390675161428923
30,1571601600,405,318,0,723,42,-0.6124516960513405,-0.3986140559667112
30,1571616000,212,124,0,336,42,-0.6124516960513405,-0.8755237191590357
30,1571630400,19,18,0,37,42,-0.6124516960513405,-1.2439888077753278
30,1571644800,171,530,359,701,42,1.656426833332999,-0.4257251996107193
30,1571646796,96,210,114,306,42,0.1080278369564999,-0.912493460491774
30,1571659200,616,1022,406,1638,42,1.9534666408011436,0.7289630546818082
30,1571673600,1257,564,0,1821,42,-0.6124516960513405,0.9544784768115121
30,1571688000,1737,631,0,2368,42,-0.6124516960513405,1.6285600937784412
30,1571702400,647,177,0,824,43,-0.6267676288056624,-0.3125898799835855
30,1571716800,34,17,0,51,43,-0.6267676288056624,-1.2556753779435414
30,1571731200,152,567,415,719,43,1.86742409952372,-0.4406933434839676
30,1571745600,786,1160,374,1946,43,1.6210099769658775,1.056287129991926
30,1571760000,1257,572,0,1829,43,-0.6267676288056624,0.9135432706629288
30,1571774400,1791,697,0,2488,43,-0.6267676288056624,1.7175450082510413
30,1571788800,665,186,0,851,43,-0.6267676288056624,-0.2796489893692016
30,1571803200,40,27,0,67,43,-0.6267676288056624,-1.2361548501720545
30,1571817600,158,606,448,764,43,2.0657574176800324,-0.38579185912666103
30,1571832000,716,1206,490,1922,43,2.318181640788066,1.027006338334696
30,1571846400,1314,590,0,1904,43,-0.6267676288056624,1.0050457445917733
30,1571860800,1843,719,0,2562,43,-0.6267676288056624,1.8078274491941677
30,1571875200,677,208,0,885,43,-0.6267676288056624,-0.2381678678547921
30,1571889600,37,22,0,59,43,-0.6267676288056624,-1.245915114057798
30,1571904000,156,562,406,718,43,1.8133331945719984,-0.44191337646968554
30,1571918400,783,1181,398,1964,43,1.7652523901704682,1.0782477237348487
30,1571932800,1264,632,0,1896,43,-0.6267676288056624,0.9952854807060298
30,1571947200,1926,745,0,2671,43,-0.6267676288056624,1.9408110446374216
30,1571961600,785,221,0,1006,43,-0.6267676288056624,-0.0905438765829232
30,1571976000,48,21,0,69,43,-0.6267676288056624,-1.2337147842006186
30,1571990400,144,459,315,603,43,1.2664140445045917,-0.5822171698272469
30,1572004800,709,1065,356,1774,43,1.5128281670624344,0.846441456448443
30,1572019200,1400,661,0,2061,43,-0.6267676288056624,1.1965909233494874
30,1572033600,1543,633,0,2176,43,-0.6267676288056624,1.3368947167070488
30,1572048000,516,238,0,754,43,-0.6267676288056624,-0.39799218898384026
30,1572062400,55,52,0,107,43,-0.6267676288056624,-1.1873535307433376
30,1572076800,46,168,122,214,43,0.10646463831767411,-1.0568100012715196
30,1572091200,256,390,134,646,43,0.1785858449199695,-0.5297557514413761
30,1572105600,600,448,0,1048,43,-0.6267676288056624,-0.03930249118277037
30,1572120000,463,353,0,816,43,-0.6267676288056624,-0.3223501438693289
30,1572134400,243,214,0,457,43,-0.6267676288056624,-0.7603419857420639
30,1572148800,37,39,2,76,43,-0.6147474277052798,-1.2251745533005933
30,1572163200,29,95,66,124,43,-0.23010099249303773,-1.166612969986133
30,1572177600,163,292,129,455,43,0.1485353421690131,-0.7627820517134998
30,1572192000,362,287,0,649,43,-0.6267676288056624,-0.5260956524842224
30,1572206400,234,106,0,340,43,-0.6267676288056624,-0.9030858450710612
30,1572220800,353,221,0,574,43,-0.6267676288056624,-0.6175981264130667
30,1572235200,184,150,0,334,43,-0.6267676288056624,-0.9104060429853686
30,1572249600,151,533,382,684,43,1.6690907813674076,-0.483394497984095
30,1572264000,795,1138,343,1933,43,1.4346968599099477,1.040426701177593
30,1572278400,1270,568,0,1838,43,-0.6267676288056624,0.9245235675343902
30,1572292800,1850,661,0,2511,43,-0.6267676288056624,1.7456057669225535
30,1572307200,615,1031,416,1646,44,0.4912783395620445,0.4029382207448751
30,1572321600,30,14,0,44,44,-0.35747450359865207,-1.000054211232049
30,1572336000,160,545,385,705,44,0.42802993057651184,-0.42116657232022203
30,1572350400,758,1156,398,1914,44,0.4545534569252836,0.6376460682915766
30,1572364800,1227,542,0,1769,44,-0.35747450359865207,0.5106586134622044
30,1572379200,1785,659,0,2444,44,-0.35747450359865207,1.101807110081695
30,1572393600,688,216,0,904,44,-0.35747450359865207,-0.24688723776129076
30,1572408000,33,24,0,57,44,-0.35747450359865207,-0.9886691290749329
30,1572422400,154,435,281,589,44,0.21584171978633768,-0.5227565361837196
30,1572436800,814,1350,536,2164,44,0.7361108904737839,0.8565899559284248
30,1572451200,1332,607,0,1939,44,-0.35747450359865207,0.6595404570552613
30,1572465600,1712,4845,3133,6557,44,6.034695346455344,4.703871949483124
30,1572480000,695,182,0,877,44,-0.35747450359865207,-0.2705331776260704
30,1572494400,33,24,0,57,44,-0.35747450359865207,-0.9886691290749329
30,1572508800,157,512,355,669,44,0.36682179284857697,-0.4526944921399282
30,1572523200,813,1085,272,1898,44,0.1974792784679572,0.6236336594828182
30,1572537600,1370,528,0,1898,44,-0.35747450359865207,0.6236336594828182
30,1572552000,1697,611,0,2308,44,-0.35747450359865207,0.9827016352072495
30,1572566400,525,244,0,769,44,-0.35747450359865207,-0.3651169370851889
30,1572580800,35,30,0,65,44,-0.35747450359865207,-0.9816629246705538
30,1572595200,124,412,288,536,44,0.23012361858952246,-0.5691726403627315
30,1572609600,664,1092,428,1756,44,0.5157615946532185,0.49927353130508834
30,1572624000,1241,624,0,1865,44,-0.35747450359865207,0.5947330663147542
30,1572638400,1680,646,0,2326,44,-0.35747450359865207,0.9984655951171025
30,1572652800,458,275,0,733,44,-0.35747450359865207,-0.39664485690489504
30,1572667200,50,48,0,98,44,-0.35747450359865207,-0.9527623315024898
30,1572681600,39,146,107,185,44,-0.13916547903568444,-0.8765698586048666
30,1572696000,339,368,29,707,44,-0.29830663712831507,-0.41941502121912727
30,1572710400,673,522,0,1195,44,-0.35747450359865207,0.007963447448000698
30,1572724800,590,536,0,1126,44,-0.35747450359865207,-0.05246506553976944
30,1572739200,372,189,0,561,44,-0.35747450359865207,-0.5472782515990466
30,1572750000,39,45,6,84,44,-0.34523287605306513,-0.9650231892101533
30,1572764400,14,47,33,61,44,-0.29014555209792375,-0.9851660268727434
30,1572778800,218,267,49,485,44,-0.2575012119763585,-0.6138371934406486
30,1572793200,477,417,0,894,44,-0.35747450359865207,-0.2556449932667647
30,1572807600,479,467,0,946,44,-0.35747450359865207,-0.21010466463830024
30,1572822000,283,156,0,439,44,-0.35747450359865207,-0.6541228687658287
30,1572836400,40,20,0,60,44,-0.35747450359865207,-0.9860418024232908
30,1572850800,45,161,116,206,44,-0.120803037717304,-0.8581785720433713
30,1572865200,714,1416,702,2130,44,1.0747959192350236,0.8268135872098135
30,1572879600,983,576,0,1559,44,-0.35747450359865207,0.32674574784725186
30,1572894000,1933,663,0,2596,44,-0.35747450359865207,1.2349249937648987
30,1572908400,934,239,0,1173,44,-0.35747450359865207,-0.011303614664041955
30,1572922800,76,48,0,124,45,-0.4780149433669085,-1.0755815807663986
30,1572937200,58,182,124,240,45,0.24694190726059864,-0.9313695252446468
30,1572951600,660,1191,531,1851,45,2.6264373766589486,1.0714375561824403
30,1572966000,930,542,0,1472,45,-0.4780149433669085,0.600261960986372
30,1572980400,1636,646,0,2282,45,-0.4780149433669085,1.6072599348882595
30,1572994800,931,277,0,1208,45,-0.4780149433669085,0.27205521393686793
30,1573009200,86,34,0,120,45,-0.4780149433669085,-1.0805544102671485
30,1573023600,51,177,126,228,45,0.25863475969007454,-0.946288013746897
30,1573038000,772,1368,596,2140,45,3.0064550806169157,1.4307244876116323
30,1573052400,1020,527,0,1547,45,-0.4780149433669085,0.6935025141254356
30,1573066800,1898,730,0,2628,45,-0.4780149433669085,2.03740968670314
30,1573081200,929,316,0,1245,45,-0.4780149433669085,0.31805388681880603
30,1573095600,82,57,0,139,45,-0.4780149433669085,-1.0569334701385857
30,1573110000,60,191,131,251,45,0.28786689076376437,-0.9176942441175842
30,1573124400,742,1357,615,2099,45,3.117537178696937,1.379752985228944
30,1573138800,963,612,0,1575,45,-0.4780149433669085,0.7283123206306861
30,1573153200,1972,646,0,2618,45,-0.4780149433669085,2.0249776129512647
30,1573167600,1015,295,0,1310,45,-0.4780149433669085,0.3988623662059945
30,1573182000,127,36,0,163,45,-0.4780149433669085,-1.0270964931340854
30,1573196400,43,144,101,187,45,0.11247410432162555,-0.9972595161295851
30,1573210800,636,1188,552,1824,45,2.7492123271684457,1.0378709570523774
30,1573225200,940,563,0,1503,45,-0.4780149433669085,0.6388013896171849
30,1573239600,1809,659,0,2468,45,-0.4780149433669085,1.8384965066731374
30,1573254000,746,340,0,1086,45,-0.4780149433669085,0.12038391416399111
30,1573268400,167,104,0,271,45,-0.4780149433669085,-0.8928300966138338
30,1573282800,14,36,22,50,45,-0.34939356664267335,-1.1675789265302747
30,1573297200,165,295,130,460,45,0.2820204645490264,-0.6578639027033935
30,1573311600,425,361,0,786,45,-0.4780149433669085,-0.2525782983922635
30,1573326000,500,355,0,855,45,-0.4780149433669085,-0.16679698950432492
30,1573340400,265,263,0,528,45,-0.4780149433669085,-0.5733258011906424
30,1573354800,126,84,0,210,45,-0.4780149433669085,-0.9686657465002723
30,1573369200,11,34,23,45,45,-0.3435471404279354,-1.1737949634062121
30,1573383600,107,195,88,302,45,0.03647056353003206,-0.8542906679830208
30,1573398000,330,284,0,614,45,-0.4780149433669085,-0.4664099669245161
30,1573412400,359,331,0,690,45,-0.4780149433669085,-0.3719262064102649
30,1573426800,218,175,0,393,45,-0.4780149433669085,-0.741158796840957
30,1573441200,37,28,0,65,45,-0.4780149433669085,-1.148930815902462
30,1573455600,34,115,81,149,45,-0.0044544199731336685,-1.0445013963867107
30,1573470000,608,922,314,1530,45,1.3577628880608112,0.6723679887472479
30,1573484400,805,479,0,1284,45,-0.4780149433669085,0.3665389744511191
30,1573498800,1362,584,0,1946,45,-0.4780149433669085,1.1895422568252543
30,1573513200,820,239,0,1059,45,-0.4780149433669085,0.0868173150339282
30,1573527600,63,34,0,97,46,-0.4659874725335285,-1.1236830735955388
30,1573542000,55,181,126,236,46,0.15642689007309263,-0.9578029364511091
30,1573556400,756,1361,605,2117,46,2.522589427283978,1.2869491352659554
30,1573570800,939,530,0,1469,46,-0.4659874725335285,0.5136374167796939
30,1573585200,1879,591,0,2470,46,-0.4659874725335285,1.7082130806759095
30,1573599600,886,279,0,1165,46,-0.4659874725335285,0.1508492031688552
30,1573614000,83,51,0,134,46,-0.4659874725335285,-1.0795279291757984
30,1573628400,52,144,92,196,46,-0.011526191900122591,-1.0055382277156932
30,1573642800,730,1264,534,1994,46,2.1718638737516756,1.1401631146273594
30,1573657200,1020,532,0,1552,46,-0.4659874725335285,0.6126881461537058
30,1573671600,1888,681,0,2569,46,-0.4659874725335285,1.826357926555755
30,1573686000,874,248,0,1122,46,-0.4659874725335285,0.09953376505942735
30,1573700400,85,63,0,148,46,-0.4659874725335285,-1.062820577233194
30,1573714800,55,179,124,234,46,0.14654729701584468,-0.9601897010143383
30,1573729200,670,1366,696,2036,46,2.9721109113887594,1.1902851704551727
30,1573743600,1014,587,0,1601,46,-0.4659874725335285,0.6711638779528213
30,1573758000,1902,688,0,2590,46,-0.4659874725335285,1.8514189544696618
30,1573772400,927,308,0,1235,46,-0.4659874725335285,0.23438596288187727
30,1573786800,104,70,0,174,46,-0.4659874725335285,-1.0317926379112143
30,1573801200,39,160,121,199,46,0.13172790742997276,-1.0019580808708495
30,1573815600,612,1250,638,1862,46,2.685602712728569,0.9826366534542321
30,1573830000,994,570,0,1564,46,-0.4659874725335285,0.627008733533081
30,1573844400,1823,714,0,2537,46,-0.4659874725335285,1.7881696935440878
30,1573858800,686,280,0,966,46,-0.4659874725335285,-0.08663387087245042
30,1573873200,122,81,0,203,46,-0.4659874725335285,-0.997184551744391
30,1573887600,11,56,45,67,46,-0.24369662874544953,-1.1594845420439768
30,1573902000,204,343,139,547,46,0.22064424494520435,-0.5866610468689683
30,1573916400,596,452,0,1048,46,-0.4659874725335285,0.01122347621994687
30,1573930800,607,454,0,1061,46,-0.4659874725335285,0.026737445880936683
30,1573945200,350,218,0,568,46,-0.4659874725335285,-0.5616000189550616
30,1573959600,80,80,0,160,46,-0.4659874725335285,-1.0484999898538188
30,1573974000,14,37,23,51,46,-0.35237215237517705,-1.1785786585498104
30,1573988400,144,199,55,343,46,-0.19429866345920976,-0.8301110323183468
30,1574002800,485,376,0,861,46,-0.4659874725335285,-0.21193901044198352
30,1574017200,469,302,0,771,46,-0.4659874725335285,-0.31934341578729764
30,1574031600,259,146,0,405,46,-0.4659874725335285,-0.7561213308582416
30,1574046000,51,39,0,90,46,-0.4659874725335285,-1.1320367495668409
30,1574060400,51,132,81,183,46,-0.06586395371498634,-1.021052197376683
30,1574074800,649,1332,683,1981,46,2.907893556516648,1.1246491449663696
30,1574089200,908,506,0,1414,46,-0.4659874725335285,0.44800139129089084
30,1574103600,1811,688,0,2499,46,-0.4659874725335285,1.742821166842733
30,1574118000,867,235,0,1102,46,-0.4659874725335285,0.07566611942713533
30,1574132400,91,28,0,119,47,-0.45344109342591904,-1.083213047064377
30,1574146800,47,175,128,222,47,0.15720502838213224,-0.9607773968252921
30,1574161200,646,1348,702,1994,47,2.8955712308651123,1.1455912655403229
30,1574175600,987,595,0,1582,47,-0.45344109342591904,0.6558486645839836
30,1574190000,1963,717,0,2680,47,-0.45344109342591904,1.9610364700452958
30,1574204400,1057,267,0,1324,47,-0.45344109342591904,0.34916519116957684
30,1574218800,88,41,0,129,47,-0.45344109342591904,-1.0713260907304851
30,1574233200,48,178,130,226,47,0.16674637403538303,-0.9560226142917354
30,1574247600,725,1376,651,2101,47,2.652266916707217,1.2727816983129645
30,1574262000,1088,550,0,1638,47,-0.45344109342591904,0.7224156200537772
30,1574276400,1735,735,0,2470,47,-0.45344109342591904,1.7114103870335695
30,1574290800,928,283,0,1211,47,-0.45344109342591904,0.21484258459660027
30,1574305200,79,46,0,125,47,-0.45344109342591904,-1.076080873264042
30,1574319600,64,162,98,226,47,0.014084843583370215,-0.9560226142917354
30,1574334000,720,1352,632,2072,47,2.561624133001334,1.2383095249446785
30,1574348400,952,608,0,1560,47,-0.45344109342591904,0.6296973606494217
30,1574362800,1983,709,0,2692,47,-0.45344109342591904,1.9753008176459659
30,1574377200,968,315,0,1283,47,-0.45344109342591904,0.30042867020062075
30,1574391600,128,54,0,182,47,-0.45344109342591904,-1.008325222160859
30,1574406000,46,164,118,210,47,0.10949830011587823,-0.9750417444259621
30,1574420400,605,1262,657,1867,47,2.680890953666969,0.994626920099898
30,1574434800,992,535,0,1527,47,-0.45344109342591904,0.5904704047475791
30,1574449200,1399,633,0,2032,47,-0.45344109342591904,1.1907616996091115
30,1574463600,716,311,0,1027,47,-0.45344109342591904,-0.003877411947007606
30,1574478000,111,67,0,178,47,-0.45344109342591904,-1.0130800046944157
30,1574492400,15,43,28,58,47,-0.3198622542804078,-1.1557234807011165
30,1574506800,205,224,19,429,47,-0.36279830972003646,-0.7147174007137332
30,1574521200,522,413,0,935,47,-0.45344109342591904,-0.11323741021881155
30,1574535600,580,398,0,978,47,-0.45344109342591904,-0.0621234979830771
30,1574550000,328,230,0,558,47,-0.45344109342591904,-0.5613756640065298
30,1574564400,87,66,0,153,47,-0.45344109342591904,-1.042797395529145
30,1574578800,7,23,16,30,47,-0.37711032819991264,-1.1890069584360135
30,1574593200,117,175,58,292,47,-0.1767420694816458,-0.87756870248805
30,1574607600,406,293,0,699,47,-0.45344109342591904,-0.39376957969865645
30,1574622000,434,288,0,722,47,-0.45344109342591904,-0.3664295801307055
30,1574636400,225,137,0,362,47,-0.45344109342591904,-0.7943600081508079
30,1574650800,39,28,0,67,47,-0.45344109342591904,-1.145025220000614
30,1574665200,37,159,122,196,47,0.12858099142237983,-0.9916834832934106
30,1574679600,653,1286,633,1939,47,2.5663948058279598,1.0802130057039183
30,1574694000,971,545,0,1516,47,-0.45344109342591904,0.5773947527802982
30,1574708400,1867,641,0,2508,47,-0.45344109342591904,1.756580821102358
30,1574722800,894,258,0,1152,47,-0.45344109342591904,0.14470954222663907
30,1574737200,76,34,0,110,48,-0.4407039992178911,-0.8355362685537879
30,1574751600,46,161,115,207,48,0.38786755244517396,-0.6947190444571457
30,1574766000,700,1274,574,1974,48,3.694948789082973,1.870477192437357
30,1574780400,958,585,0,1543,48,-0.4407039992178911,1.244784165781143
30,1574794800,1875,639,0,2514,48,-0.4407039992178911,2.654408130707324
30,1574809200,877,246,0,1123,48,-0.4407039992178911,0.6350601026822796
30,1574823600,90,28,0,118,48,-0.4407039992178911,-0.8239224768757144
30,1574838000,38,130,92,168,48,0.22215324211256093,-0.7513362788877544
30,1574852400,602,1038,436,1640,48,2.7006629270872944,1.385601389877785
30,1574866800,1063,548,0,1611,48,-0.4407039992178911,1.3435013950447683
30,1574881200,1555,481,0,2036,48,-0.4407039992178911,1.9604840779424275
30,1574895600,567,235,0,802,48,-0.4407039992178911,0.1690567115995771
30,1574910000,70,36,0,106,48,-0.4407039992178911,-0.8413431643928247
30,1574924400,13,39,26,52,48,-0.2533747788418938,-0.9197362582198214
30,1574938800,143,123,0,266,48,-0.4407039992178911,-0.609067330831353
30,1574953200,244,281,37,525,48,-0.174120108682818,-0.23307082525372075
30,1574967600,219,237,18,456,48,-0.31101453895758524,-0.3332397784771054
30,1574982000,162,134,0,296,48,-0.4407039992178911,-0.5655156120385771
30,1574996400,31,44,13,75,48,-0.34703938902989245,-0.8863466071453598
30,1575010800,10,70,60,80,48,-0.00840579835020499,-0.8790879873465639
30,1575025200,179,430,251,609,48,1.3677434744119292,-0.11112601263394813
30,1575039600,391,461,70,852,48,0.06364390179440936,0.241642909587537
30,1575054000,486,292,0,778,48,-0.4407039992178911,0.13421533656535634
30,1575068400,253,202,0,455,48,-0.4407039992178911,-0.33469150243686463
30,1575082800,51,53,2,104,48,-0.42629405918896823,-0.8442466123123431
30,1575097200,7,32,25,39,48,-0.2605797488563552,-0.938608669696691
30,1575111600,113,186,73,299,48,0.08525881183779367,-0.5611604401592996
30,1575126000,271,327,56,598,48,-0.03722567840805073,-0.1270949761912993
30,1575140400,372,345,0,717,48,-0.4407039992178911,0.04566017502004527
30,1575154800,212,178,0,390,48,-0.4407039992178911,-0.4290535598212125
30,1575169200,73,73,0,146,48,-0.4407039992178911,-0.7832742060024568
30,1575183600,7,22,15,29,48,-0.3326294490009696,-0.953125909294283
30,1575198000,90,121,31,211,48,-0.21734992876958661,-0.6889121486181089
30,1575212400,276,239,0,515,48,-0.4407039992178911,-0.24758806485131274
30,1575226800,269,205,0,474,48,-0.4407039992178911,-0.3071087472014399
30,1575241200,142,97,0,239,48,-0.4407039992178911,-0.6482638777448514
30,1575255600,31,16,0,47,48,-0.4407039992178911,-0.9269948780186175
30,1575270000,37,137,100,174,48,0.27979300222825243,-0.7426259351291993
30,1575284400,662,1237,575,1899,48,3.7021537590974343,1.7615978954554175
30,1575298800,871,465,0,1336,48,-0.4407039992178911,0.9442773061109888
30,1575313200,1667,572,0,2239,48,-0.4407039992178911,2.2551840417735445
30,1575327600,744,197,0,941,48,-0.4407039992178911,0.3708463420061056
30,1575342000,61,23,0,84,49,-0.5037225352225725,-1.180826390086254
30,1575356400,42,159,117,201,49,0.17261268620917616,-1.0316478357703072
30,1575370800,672,1293,621,1965,49,3.0860567169920934,1.2175057523778114
30,1575385200,897,543,0,1440,49,-0.5037225352225725,0.5481148035242047
30,1575399600,1840,702,0,2542,49,-0.5037225352225725,1.9531982809273947
30,1575414000,993,249,0,1242,49,-0.5037225352225725,0.2956587885279873
30,1575428400,100,42,0,142,49,-0.5037225352225725,-1.106874628117665
30,1575442800,45,165,120,210,49,0.1899546149638364,-1.0201725623613882
30,1575447891,204,511,307,715,49,1.2709348406709902,-0.376282221083157
30,1575457200,515,842,327,1357,49,1.3865476990353918,0.44228728208639645
30,1575471600,1024,514,0,1538,49,-0.5037225352225725,0.6730677806435447
30,1575486000,1794,698,0,2492,49,-0.5037225352225725,1.889446761988956
30,1575500400,990,287,0,1277,49,-0.5037225352225725,0.3402848517848944
30,1575514800,95,41,0,136,49,-0.5037225352225725,-1.1145248103902776
30,1575529200,46,166,120,212,49,0.1899546149638364,-1.0176225016038507
30,1575543600,690,1294,604,1984,49,2.9877857873823523,1.2417313295744183
30,1575558000,965,610,0,1575,49,-0.5037225352225725,0.7202439046579894
30,1575572400,1774,721,0,2495,49,-0.5037225352225725,1.8932718531252621
30,1575586800,986,293,0,1279,49,-0.5037225352225725,0.342834912542432
30,1575601200,105,64,0,169,49,-0.5037225352225725,-1.072448807890908
30,1575615600,43,159,116,202,49,0.1668320432909561,-1.0303728053915384
30,1575630000,687,1193,506,1880,49,2.421282781396785,1.1091281701824656
30,1575644400,974,548,0,1522,49,-0.5037225352225725,0.6526672945832442
30,1575658800,1714,652,0,2366,49,-0.5037225352225725,1.7287929342640902
30,1575673200,683,376,0,1059,49,-0.5037225352225725,0.062328229213301535
30,1575687600,160,82,0,242,49,-0.5037225352225725,-0.9793715902407875
30,1575702000,14,56,42,70,49,-0.2609355326573294,-1.1986768153890168
30,1575716400,219,322,103,541,49,0.09168368535409514,-0.5981375069889239
30,1575730800,610,538,0,1148,49,-0.5037225352225725,0.17580593292372249
30,1575745200,626,484,0,1110,49,-0.5037225352225725,0.12735477853050906
30,1575759600,385,308,0,693,49,-0.5037225352225725,-0.40433288941607004
30,1575774000,134,98,0,232,49,-0.5037225352225725,-0.9921218940284753
30,1575788400,11,28,17,39,49,-0.4054516056128312,-1.2382027571308487
30,1575802800,142,220,78,362,49,-0.052832387601406704,-0.8263679447885345
30,1575817200,506,421,0,927,49,-0.5037225352225725,-0.10597578078417674
30,1575831600,494,359,0,853,49,-0.5037225352225725,-0.20032802881306608
30,1575846000,282,161,0,443,49,-0.5037225352225725,-0.7230904841082637
30,1575860400,59,18,0,77,49,-0.5037225352225725,-1.1897516027376354
30,1575874800,46,149,103,195,49,0.09168368535409514,-1.0392980180429199
30,1575889200,618,1184,566,1802,49,2.7681213564899894,1.0096758006385012
30,1575903600,812,507,0,1319,49,-0.5037225352225725,0.393836127693183
30,1575918000,1620,703,0,2323,49,-0.5037225352225725,1.6739666279770329
30,1575932400,769,206,0,975,49,-0.5037225352225725,-0.044774322603275546
30,1575946800,79,26,0,105,50,-0.4672434796329669,-1.223841572020548
30,1575961200,45,165,120,210,50,0.15812048113803343,-1.0906202215717653
30,1575975600,661,1328,667,1989,50,3.0087378689858433,1.166530087460468
30,1575990000,848,542,0,1390,50,-0.4672434796329669,0.40653400251931693
30,1576004400,1838,704,0,2542,50,-0.4672434796329669,1.8681625331573903
30,1576018800,889,254,0,1143,50,-0.4672434796329669,0.09314663527313274
30,1576033200,90,44,0,134,50,-0.4672434796329669,-1.1870471038013604
30,1576062000,733,1409,676,2142,50,3.0556401660436685,1.3606526266858372
30,1576076400,911,530,0,1441,50,-0.4672434796329669,0.47124151559443994
30,1576090800,1664,742,0,2406,50,-0.4672434796329669,1.6956091649570624
30,1576105200,818,379,0,1197,50,-0.4672434796329669,0.16166047264679245
30,1576119600,102,54,0,156,50,-0.4672434796329669,-1.159134058945425
30,1576134000,37,157,120,194,50,0.15812048113803343,-1.1109206178306275
30,1576148400,681,1273,592,1954,50,2.6178853935039683,1.122122970644207
30,1576162800,916,610,0,1526,50,-0.4672434796329669,0.579087370719645
30,1576177200,1813,676,0,2489,50,-0.4672434796329669,1.8009174705499096
30,1576191600,918,307,0,1225,50,-0.4672434796329669,0.19718616609980116
30,1576206000,122,49,0,171,50,-0.4672434796329669,-1.1401024374527418
30,1576220400,39,142,103,181,50,0.06952725336214172,-1.127414689790953
30,1576234800,595,1085,490,1680,50,2.0863260268486177,0.7744786847111931
30,1576249200,917,591,0,1508,50,-0.4672434796329669,0.5562494249284251
30,1576263600,1657,681,0,2338,50,-0.4672434796329669,1.6093324808568983
30,1576278000,661,356,0,1017,50,-0.4672434796329669,-0.06671898526540654
30,1576292400,167,108,0,275,50,-0.4672434796329669,-1.0081498617701379
30,1576306800,27,62,35,89,50,-0.2848456577414251,-1.2441419682794101
30,1576321200,245,376,131,621,50,0.2154455108753751,-0.5691537926722443
30,1576335600,664,579,0,1243,50,-0.4672434796329669,0.22002411189102106
30,1576350000,648,520,0,1168,50,-0.4672434796329669,0.12486600442760483
30,1576364400,472,330,0,802,50,-0.4672434796329669,-0.33950555999386645
30,1576378800,138,123,0,261,50,-0.4672434796329669,-1.0259127084966422
30,1576393200,14,51,37,65,50,-0.27442292506190846,-1.2745925626677035
30,1576407600,207,291,84,498,50,-0.02948870709326667,-0.7252130889122469
30,1576422000,540,486,0,1026,50,-0.4672434796329669,-0.05530001236979659
30,1576436400,615,473,0,1088,50,-0.4672434796329669,0.02336402313329417
30,1576450800,380,203,0,583,50,-0.4672434796329669,-0.6173672337870418
30,1576465200,77,36,0,113,50,-0.4672434796329669,-1.213691373891117
30,1576479600,45,146,101,191,50,0.05910452068262504,-1.1147269421291641
30,1576494000,687,1207,520,1894,50,2.242667017041368,1.045996484673474
30,1576508400,874,508,0,1382,50,-0.4672434796329669,0.39638380438988585
30,1576522800,1737,640,0,2377,50,-0.4672434796329669,1.6588146967378747
30,1576537200,782,257,0,1039,50,-0.4672434796329669,-0.038805940409471114
30,1576551600,81,30,0,111,51,-0.5136727893416042,-1.089389490463939
30,1576566000,48,146,98,194,51,0.2379365959872414,-0.9688954154010431
30,1576580400,706,1114,408,1820,51,2.615476488353998,1.3916270671564124
30,1576594800,857,548,0,1405,51,-0.5136727893416042,0.7891566918419326
30,1576609200,1676,636,0,2312,51,-0.5136727893416042,2.1058811024690005
30,1576623600,694,266,0,960,51,-0.5136727893416042,0.14313424120351462
30,1576638000,78,45,0,123,51,-0.5136727893416042,-1.0719686603343637
30,1576652400,41,151,110,192,51,0.32997039827240615,-0.9717988870893056
30,1576666800,616,1086,470,1702,51,3.090984466827349,1.2203222375489218
30,1576681200,957,543,0,1500,51,-0.5136727893416042,0.9270715970344039
30,1576695600,1579,703,0,2282,51,-0.5136727893416042,2.062329027145062
30,1576710000,793,287,0,1080,51,-0.5136727893416042,0.3173425424992678
30,1576724400,105,54,0,159,51,-0.5136727893416042,-1.0197061699456378
30,1576738800,44,135,91,179,51,0.18425021132089528,-0.9906714530630123
30,1576753200,611,977,366,1588,51,2.2933581803559213,1.0548243513179563
30,1576767600,807,533,0,1340,51,-0.5136727893416042,0.6947938619733997
30,1576782000,1620,685,0,2305,51,-0.5136727893416042,2.0957189515600816
30,1576796400,657,282,0,939,51,-0.5136727893416042,0.11264778847675783
30,1576810800,112,60,0,172,51,-0.5136727893416042,-1.0008336039719312
30,1576825200,41,127,86,168,51,0.14590279370207665,-1.0066405473484563
30,1576839600,527,984,457,1511,51,2.9912811810184206,0.9430406913198479
30,1576854000,843,583,0,1426,51,-0.5136727893416042,0.8196431445686895
30,1576868400,1455,587,0,2042,51,-0.5136727893416042,1.7139124245535557
30,1576882800,535,325,0,860,51,-0.5136727893416042,-0.0020393432096130148
30,1576897200,133,79,0,212,51,-0.5136727893416042,-0.9427641702066801
30,1576911600,24,65,41,89,51,-0.19922396486729124,-1.1213276790348272
30,1576926000,186,213,27,399,51,-0.30659673419998346,-0.6712895673541315
30,1576940400,359,391,32,750,51,-0.2682493165811648,-0.16173028606405343
30,1576954800,479,455,0,934,51,-0.5136727893416042,0.10538910925610144
30,1576969200,303,209,0,512,51,-0.5136727893416042,-0.5072434169672972
30,1576983600,107,55,0,162,51,-0.5136727893416042,-1.015350962413244
30,1576998000,19,48,29,67,51,-0.291257767152456,-1.1532658676057153
30,1577012400,148,196,48,344,51,-0.14553758020094512,-0.7511350387813517
30,1577026800,320,449,129,769,51,0.47569058522391705,-0.13414730502555916
30,1577041200,377,343,0,720,51,-0.5136727893416042,-0.20528236138799172
30,1577055600,278,182,0,460,51,-0.5136727893416042,-0.5827336808621236
30,1577070000,53,47,0,100,51,-0.5136727893416042,-1.105358584749383
30,1577084400,35,115,80,150,51,0.09988589255949426,-1.0327717925428193
30,1577098800,331,655,324,986,51,1.9712398723578446,0.1808793731509278
30,1577113200,548,565,17,1113,51,-0.38329156943762077,0.3652498253555999
30,1577127600,946,497,0,1443,51,-0.5136727893416042,0.8443226539189211
30,1577142000,370,229,0,599,51,-0.5136727893416042,-0.38094239852787615
30,1577156400,78,50,0,128,52,-0.7139950192075644,-0.9479763343587713
30,1577170800,23,106,83,129,52,0.21742480938540762,-0.9453144141499716
30,1577185200,228,435,207,663,52,1.6089435894520163,0.47615097734903533
30,1577199600,507,391,0,898,52,-0.7139950192075644,1.1017022264169505
30,1577214000,535,378,0,913,52,-0.7139950192075644,1.141631029548945
30,1577228400,187,134,0,321,52,-0.7139950192075644,-0.434225734060441
30,1577242800,41,31,0,72,52,-0.7139950192075644,-1.0970438660515511
30,1577257200,15,19,4,34,52,-0.6691073166247705,-1.1981968339859372
30,1577271600,60,98,38,158,52,-0.28756184467102297,-0.8681187280947821
30,1577286000,111,235,124,346,52,0.6775237608590444,-0.3676777288404501
30,1577300400,159,247,88,406,52,0.2735344376138999,-0.20796251631247176
30,1577314800,103,138,35,241,52,-0.32122762160811835,-0.6471793507644121
30,1577329200,36,36,0,72,52,-0.7139950192075644,-1.0970438660515511
30,1577343600,20,94,74,114,52,0.1164274785741215,-0.9852432172819662
30,1577358000,197,508,311,705,52,2.776023856604656,0.5879516261186202
30,1577372400,433,480,47,913,52,-0.18656451385973685,1.141631029548945
30,1577386800,682,471,0,1153,52,-0.7139950192075644,1.7804918796608582
30,1577401200,305,199,0,504,52,-0.7139950192075644,0.05290566414989282
30,1577415600,75,48,0,123,52,-0.7139950192075644,-0.9612859354027695
30,1577430000,20,108,88,128,52,0.2735344376138999,-0.9479763343587713
30,1577444400,257,536,279,793,52,2.4169222359423053,0.8222006044929884
30,1577458800,449,598,149,1047,52,0.9580719020015058,1.4983283375280965
30,1577473200,691,495,0,1186,52,-0.7139950192075644,1.8683352465512464
30,1577487600,315,257,0,572,52,-0.7139950192075644,0.23391623834826825
