remote_unit_id,time_stamp,entries,exits,num_people_exited,sum_exit_entry,week_num,z_score_num_people_exited,z_score_sum_exit_entry
332,1546300800,0,0,0,0,1,-0.8560435676447172,-1.5572518433495768
332,1546315200,38,140,102,178,1,0.5860683646360411,-0.8088579901172912
332,1546329600,35,45,10,80,1,-0.7146600448720939,-1.2208950553800102
332,1546344000,112,73,0,185,1,-0.8560435676447172,-0.7794267711699541
332,1546358400,156,109,0,265,1,-0.8560435676447172,-0.44306998320038754
332,1546372800,108,167,59,275,1,-0.02188078328623938,-0.4010253847041917
332,1546387200,34,124,90,158,1,0.4164081373088931,-0.8929471871096828
332,1546401600,10,41,31,51,1,-0.4177546470495848,-1.342824391018978
332,1546416000,176,188,12,364,1,-0.6863833403175692,-0.026828458088048877
332,1546430400,346,289,0,635,1,-0.8560435676447172,1.112580161158858
332,1546444800,331,290,0,621,1,-0.8560435676447172,1.0537177232641837
332,1546459200,261,464,203,725,1,2.0140419446395375,1.4909815476246202
332,1546473600,57,227,170,284,1,1.54747631948988,-0.36318524605761543
332,1546488000,10,56,46,66,1,-0.20567936289064975,-1.2797574932746845
332,1546502400,153,201,48,354,1,-0.1774026583361251,-0.0688730565842447
332,1546516800,347,311,0,658,1,-0.8560435676447172,1.2092827377001083
332,1546531200,316,274,0,590,1,-0.8560435676447172,0.9233794679259767
332,1546545600,299,506,207,805,1,2.070595353748587,1.8273383355941868
332,1546560000,58,238,180,296,1,1.6888598422625034,-0.31273172786218045
332,1546574400,11,55,44,66,1,-0.23395606744517444,-1.2797574932746845
332,1546588800,158,225,67,383,1,0.09122603493185932,0.05305627905472319
332,1546603200,337,346,9,683,1,-0.7287983971493562,1.3143942339405978
332,1546617600,380,350,0,730,1,-0.8560435676447172,1.5120038468727182
332,1546632000,291,495,204,786,1,2.0281802969168,1.7474535984514148
332,1546646400,80,247,167,327,1,1.505061262658093,-0.18239347252397342
332,1546660800,23,87,64,110,1,0.04881097810007231,-1.0947612598914227
332,1546675200,48,36,0,84,1,-0.8560435676447172,-1.2040772159815318
332,1546689600,244,154,0,398,1,-0.8560435676447172,0.11612317679901692
332,1546704000,264,222,0,486,1,-0.8560435676447172,0.48611564356554016
332,1546718400,236,261,25,497,1,-0.5025847607131588,0.5323647019113555
332,1546732800,79,240,161,319,1,1.420231148994519,-0.2160291513209301
332,1546747200,26,76,50,102,1,-0.1491259537816004,-1.1283969386883794
332,1546761600,31,41,10,72,1,-0.7146600448720939,-1.254530734176967
332,1546776000,173,107,0,280,1,-0.8560435676447172,-0.3800030854560938
332,1546790400,257,216,0,473,1,-0.8560435676447172,0.4314576655204856
332,1546804800,175,291,116,466,1,0.7840052965177139,0.4020264465731485
332,1546819200,59,221,162,280,1,1.4343695012717814,-0.3800030854560938
332,1546833600,14,47,33,61,1,-0.3894779424950601,-1.3007797925227822
332,1546848000,181,218,37,399,1,-0.3329245333860108,0.12032763664863651
332,1546862400,323,303,0,626,1,-0.8560435676447172,1.0747400225122816
332,1546876800,268,309,41,577,1,-0.2763711242769614,0.8687214898809221
332,1546891200,283,478,195,761,1,1.9009351264214387,1.6423421022109252
332,1546905600,59,226,167,285,2,1.2688878778577635,-0.48602929706443176
332,1546920000,13,37,24,50,2,-0.5460539164774894,-1.3525591312454184
332,1546934400,198,232,34,430,2,-0.4191349098806186,0.048638047430219565
332,1546948800,364,333,0,697,2,-0.8506595323099794,1.033163433499681
332,1546963200,339,280,0,619,2,-0.8506595323099794,0.7455492757715237
332,1546977600,312,477,165,789,2,1.2435040765383891,1.372400645179046
332,1546992000,65,232,167,297,2,1.2688878778577635,-0.44178096510625375
332,1547006400,16,47,31,63,2,-0.4572106118596798,-1.3046234382907256
332,1547020800,175,218,43,393,2,-0.30490780394343486,-0.0877943094408294
332,1547035200,579,345,0,924,2,-0.8506595323099794,1.870194379708549
332,1547049600,346,295,0,641,2,-0.8506595323099794,0.8266712176948502
332,1547064000,327,542,215,869,2,1.8780991095227433,1.667389524900233
332,1547078400,68,253,185,321,2,1.4973420897321308,-0.3532843011898977
332,1547092800,9,44,35,53,2,-0.4064430092209315,-1.341497048255874
332,1547107200,194,237,43,431,2,-0.30490780394343486,0.0523254084267344
332,1547121600,391,360,0,751,2,-0.8506595323099794,1.2322809273114823
332,1547136000,356,298,0,654,2,-0.8506595323099794,0.874606910649543
332,1547150400,327,548,221,875,2,1.9542505134808659,1.689513690879322
332,1547164800,61,245,184,306,2,1.4846501890724437,-0.4085947161376202
332,1547179200,15,47,32,62,2,-0.44451871119999276,-1.3083107992872405
332,1547193600,186,231,45,417,2,-0.2795240026240607,0.0007023544755266855
332,1547208000,361,310,0,671,2,-0.8506595323099794,0.9372920475902953
332,1547222400,334,336,2,670,2,-0.8252757309906052,0.9336046865937805
332,1547236800,281,554,273,835,2,2.614229347784594,1.5420192510187285
332,1547251200,75,258,183,333,2,1.4719582884127567,-0.3090359692317196
332,1547265600,15,63,48,78,2,-0.24144830064499942,-1.249313023343003
332,1547280000,34,32,0,66,2,-0.8506595323099794,-1.293561355301181
332,1547294400,135,143,8,278,2,-0.7491243270324828,-0.5118408240400356
332,1547308800,206,192,0,398,2,-0.8506595323099794,-0.06935750445825521
332,1547323200,129,254,125,383,2,0.7358280501509059,-0.12466791940597777
332,1547337600,65,139,74,204,2,0.08854111650686472,-0.7847055377821336
332,1547352000,12,72,60,84,2,-0.08914549272875444,-1.227188857363914
332,1547366400,19,29,10,48,2,-0.7237405257131085,-1.3599338532384482
332,1547380800,120,82,0,202,2,-0.8506595323099794,-0.7920802597751633
332,1547395200,158,137,0,295,2,-0.8506595323099794,-0.44915568709928344
332,1547409600,117,214,97,331,2,0.3804548316796676,-0.3164106912247493
332,1547424000,45,130,85,175,2,0.2281520237634226,-0.8916390066810639
332,1547438400,9,27,18,36,2,-0.6222053204356119,-1.4041821851966263
332,1547452800,193,238,45,431,2,-0.2795240026240607,0.0523254084267344
332,1547467200,375,309,0,684,2,-0.8506595323099794,0.9852277405449882
332,1547481600,311,286,0,597,2,-0.8506595323099794,0.6644273338481973
332,1547496000,292,488,196,780,2,1.6369529969886887,1.3392143962104126
332,1547510400,61,224,163,285,3,1.4698545583568003,-0.3545070710555847
332,1547524800,8,42,34,50,3,-0.41906194951254133,-1.2633342895799018
332,1547539200,187,273,86,460,3,0.342361759085953,0.32227915550507685
332,1547553600,388,298,0,686,3,-0.9169159128269414,1.1963002252348456
332,1547568000,329,305,0,634,3,-0.9169159128269414,0.9951980321996775
332,1547582400,334,523,189,857,3,1.8505664126560475,1.8576170523312634
332,1547596800,77,248,171,325,3,1.5869966673719533,-0.19981307641314777
332,1547611200,10,54,44,64,3,-0.2726343132436001,-1.2091913914550487
332,1547625600,186,248,62,434,3,-0.009064567959505904,0.22172805898749287
332,1547640000,388,343,0,731,3,-0.9169159128269414,1.3703309692075871
332,1547654400,377,306,0,683,3,-0.9169159128269414,1.1846981756366628
332,1547668800,290,511,221,801,3,2.3191348487166596,1.6410454598318518
332,1547683200,68,234,166,302,3,1.5137828492374827,-0.288762123332549
332,1547697600,8,62,54,70,3,-0.12620667697465887,-1.1859872922586832
332,1547712000,200,201,1,401,3,-0.9022731492000473,0.0941055134074824
332,1547726400,408,328,0,736,3,-0.9169159128269414,1.3896677185378916
332,1547740800,367,326,0,693,3,-0.9169159128269414,1.223371674297272
332,1547755200,368,541,173,909,3,1.6162821946257415,2.058719245366431
332,1547769600,70,234,164,304,3,1.4844973219836946,-0.28102742360042715
332,1547784000,10,72,62,82,3,-0.009064567959505904,-1.1395790938659522
332,1547798400,187,219,32,406,3,-0.4483474767663296,0.11344226273778701
332,1547812800,373,316,0,689,3,-0.9169159128269414,1.2079022748330284
332,1547827200,354,344,0,698,3,-0.9169159128269414,1.2427084236275767
332,1547841600,297,480,183,777,3,1.762709830894683,1.5482290630463895
332,1547856000,81,222,141,303,3,1.1477137585651298,-0.2848947734664881
332,1547870400,14,84,70,98,3,0.10807754105564707,-1.0777014960089775
332,1547884800,35,34,0,69,3,-0.9169159128269414,-1.1898546421247442
332,1547899200,138,128,0,266,3,-0.9169159128269414,-0.42798671851074227
332,1547913600,166,150,0,316,3,-0.9169159128269414,-0.2346192252076961
332,1547928000,144,213,69,357,3,0.09343477742875295,-0.07605788069919824
332,1547942400,62,164,102,226,3,0.576645977116259,-0.5826807131531792
332,1547956800,11,54,43,65,3,-0.2872770768704942,-1.2053240415889879
332,1547971200,25,33,8,58,3,-0.7997738038117884,-1.2323954906514143
332,1547985600,101,73,0,174,3,-0.9169159128269414,-0.7837829061883472
332,1548000000,143,134,0,277,3,-0.9169159128269414,-0.3854458699840721
332,1548014400,102,187,85,289,3,0.3277189954590589,-0.339037671591341
332,1548028800,31,110,79,141,3,0.23986241369769415,-0.9114054517683576
332,1548043200,10,50,40,60,3,-0.3312053677511766,-1.2246607909192924
332,1548057600,57,46,0,103,3,-0.9169159128269414,-1.0583647466786728
332,1548072000,146,117,0,263,3,-0.9169159128269414,-0.439588768108925
332,1548086400,130,171,41,301,3,-0.31656260412428244,-0.29262947319860994
332,1548100800,115,262,147,377,3,1.2355703403264944,0.0012891166220202345
332,1548115200,40,120,80,160,4,0.11069151064047159,-0.9723803609119348
332,1548129600,7,24,17,31,4,-0.766223870062187,-1.447778014351825
332,1548144000,165,148,0,313,4,-1.002851829934333,-0.4085366324134604
332,1548158400,382,312,0,694,4,-1.002851829934333,0.9955448091415642
332,1548172800,263,323,60,586,4,-0.16769432450322952,0.5975374713779351
332,1548187200,280,443,163,723,4,1.2659927264868311,1.1024171498373534
332,1548201600,73,201,128,274,4,0.7788175149853542,-0.5522615043836597
332,1548216000,8,25,17,33,4,-0.766223870062187,-1.440407508096943
332,1548230400,170,150,0,320,4,-1.002851829934333,-0.3827398605213733
332,1548244800,392,386,0,778,4,-1.002851829934333,1.305106071846609
332,1548259200,283,299,16,582,4,-0.780143161819372,0.5827964588681711
332,1548273600,306,475,169,781,4,1.3495084770299415,1.316161831228932
332,1548288000,62,221,159,283,4,1.210315559458091,-0.5190942262366907
332,1548302400,8,40,32,48,4,-0.5574344937044111,-1.3851287111853279
332,1548316800,163,140,0,303,4,-1.002851829934333,-0.44538916368787046
332,1548331200,354,305,0,659,4,-1.002851829934333,0.8665609496811288
332,1548345600,262,294,32,556,4,-0.5574344937044111,0.4869798775547049
332,1548360000,281,516,235,797,4,2.2681817330041554,1.375125881267988
332,1548374400,59,226,167,285,4,1.3216698935155715,-0.5117237199818087
332,1548388800,9,41,32,50,4,-0.5574344937044111,-1.3777582049304458
332,1548403200,177,172,0,349,4,-1.002851829934333,-0.27586751982558405
332,1548417600,418,397,0,815,4,-1.002851829934333,1.4414604375619262
332,1548432000,372,346,0,718,4,-1.002851829934333,1.0839908842001484
332,1548446400,337,484,147,821,4,1.0432840583718703,1.4635719563265723
332,1548460800,91,286,195,377,4,1.711410062716753,-0.17268043225723578
332,1548475200,17,86,69,103,4,-0.042420698688564025,-1.1824397891760723
332,1548489600,37,52,15,89,4,-0.794062453576557,-1.2340333329602464
332,1548504000,142,249,107,391,4,0.4865123880844681,-0.12108688847306165
332,1548518400,235,302,67,537,4,-0.07025928220293413,0.4169600681333257
332,1548532800,167,332,165,499,4,1.2938313100012013,0.27692044929056736
332,1548547200,86,308,222,394,4,2.0872309401607496,-0.11003112909073862
332,1548561600,23,81,58,104,4,-0.19553290801759965,-1.1787545360486313
332,1548576000,28,34,6,62,4,-0.9193360793912225,-1.3335351674011537
332,1548590400,136,151,15,287,4,-0.794062453576557,-0.5043532137269267
332,1548604800,169,213,44,382,4,-0.39040299261819045,-0.15425416662003072
332,1548619200,134,315,181,449,4,1.5165399781161624,0.09265779291851689
332,1548633600,52,170,118,222,4,0.6396245974135037,-0.7438946670105923
332,1548648000,12,52,40,64,4,-0.44608015964693065,-1.3261646611462716
332,1548662400,169,156,0,325,4,-1.002851829934333,-0.36431359488416826
332,1548676800,371,507,136,878,4,0.8901718490428348,1.6736313845907098
332,1548691200,344,375,31,719,4,-0.5713537854615962,1.0876761373275894
332,1548705600,429,532,103,961,4,0.43083522105572786,1.9795073941683134
332,1548720000,78,217,139,295,5,1.2845465192268164,-0.47576434007818125
332,1548734400,12,49,37,61,5,-0.4107699590133813,-1.1879976887892802
332,1548748800,200,250,50,450,5,-0.19470021178668942,-0.003985839863564311
332,1548763200,384,507,123,891,5,1.0186145226401189,1.338300086553507
332,1548777600,394,340,0,734,5,-1.0257377011201196,0.8604341218199919
332,1548792000,463,538,75,1001,5,0.22081853288002576,1.6731106350929124
332,1548806400,75,262,187,337,5,2.0823425089869096,-0.3479275851813173
332,1548820800,8,35,27,43,5,-0.5769774568800674,-1.2427848694593648
332,1548835200,190,266,76,456,5,0.23743928266669437,0.014276553693130538
332,1548849600,420,545,125,965,5,1.051856022213456,1.5635362737527434
332,1548864000,416,345,0,761,5,-1.0257377011201196,0.9426148928251187
332,1548878400,382,519,137,901,5,1.2513050196534792,1.3687374091479985
332,1548892800,81,228,147,309,5,1.4175125175201653,-0.43315208844589326
332,1548907200,4,37,33,41,5,-0.4772529581600557,-1.2488723339782632
332,1548921600,176,199,23,375,5,-0.6434604560267417,-0.2322657593222499
332,1548936000,351,453,102,804,5,0.6695787771200782,1.0734953799814317
332,1548950400,324,312,0,636,5,-1.0257377011201196,0.562148360393976
332,1548964800,383,535,152,918,5,1.5006162664535083,1.4204808575586338
332,1548979200,88,229,141,317,5,1.3177880188001536,-0.4088022303703001
332,1548993600,7,60,53,67,5,-0.1448379624266836,-1.1697352952325855
332,1549008000,181,203,22,384,5,-0.6600812058134103,-0.20487216898720764
332,1549022400,385,443,58,828,5,-0.06173421349334056,1.1465449542082111
332,1549036800,379,310,0,689,5,-1.0257377011201196,0.7234661701447805
332,1549051200,318,492,174,810,5,1.8662727617602177,1.0917577735381265
332,1549065600,76,229,153,305,5,1.517237016240177,-0.4453270174836898
332,1549080000,11,30,19,41,5,-0.7099434551734162,-1.2488723339782632
332,1549094400,41,53,12,94,5,-0.8262887036800964,-1.0875545242274587
332,1549108800,180,110,0,290,5,-1.0257377011201196,-0.49098300137542694
332,1549123200,214,171,0,385,5,-1.0257377011201196,-0.2018284367277585
332,1549137600,156,187,31,343,5,-0.510494457733393,-0.32966519162462243
332,1549152000,64,108,44,172,5,-0.29442471050670105,-0.8501434079904256
332,1549166400,12,26,14,38,5,-0.7930472041067592,-1.2580035307566106
332,1549180800,20,16,0,36,5,-1.0257377011201196,-1.2640909952755088
332,1549195200,141,68,0,209,5,-1.0257377011201196,-0.7375253143908074
332,1549209600,162,117,0,279,5,-1.0257377011201196,-0.5244640562293675
332,1549224000,130,165,35,295,5,-0.44401145858671853,-0.47576434007818125
332,1549238400,39,70,31,109,5,-0.510494457733393,-1.0418985403357215
332,1549252800,6,20,14,26,5,-0.7930472041067592,-1.2945283178700002
332,1549267200,199,255,56,454,5,-0.09497571306667776,0.008189089174232255
332,1549281600,360,527,167,887,5,1.7499275132535375,1.3261251575157105
332,1549296000,419,349,0,768,5,-1.0257377011201196,0.9639210186412627
332,1549310400,508,643,135,1151,5,1.218063520080142,2.129670474010284
332,1549324800,121,209,88,330,6,0.6215281955236117,-0.3961826782818258
332,1549339200,8,35,27,43,6,-0.4789246288934535,-1.263682406530532
332,1549353600,167,164,0,331,6,-0.9660103052747774,-0.3931600311450707
332,1549368000,412,461,49,873,6,-0.08204000369385621,1.2451147169761796
332,1549382400,348,319,0,667,6,-0.9660103052747774,0.6224494068046343
332,1549396800,396,545,149,941,6,1.7219810199406769,1.4506547222755248
332,1549411200,92,243,151,335,6,1.7580614404133674,-0.3810694425980504
332,1549425600,14,27,13,41,6,-0.7314875722022881,-1.2697277008040424
332,1549440000,197,255,58,452,6,0.08032188843325176,-0.027419727597706698
332,1549454400,424,495,71,919,6,0.31484462150574105,1.384156485266913
332,1549468800,405,331,0,736,6,-0.9660103052747774,0.8310120592407344
332,1549483200,441,549,108,990,6,0.9823324002505183,1.5987644319765233
332,1549497600,94,219,125,313,6,1.2890159742683889,-0.44756767960666205
332,1549512000,7,37,30,44,6,-0.4248039981844175,-1.2606597593937772
332,1549526400,184,249,65,433,6,0.20660336008766908,-0.08485002319605311
332,1549540800,419,550,131,969,6,1.397257235686461,1.5352888421046669
332,1549555200,400,389,0,789,6,-0.9660103052747774,0.9912123574887534
332,1549569600,496,519,23,1015,6,-0.5510854698388348,1.6743306103954003
332,1549584000,127,262,135,389,6,1.469418076631842,-0.2178464972132764
332,1549598400,17,38,21,55,6,-0.5871658903115254,-1.2274106408894712
332,1549612800,196,214,18,410,6,-0.6412865210205615,-0.15437090734141984
332,1549627200,406,473,67,879,6,0.24268378056035975,1.26325059979671
332,1549641600,437,315,0,752,6,-0.9660103052747774,0.8793744134288156
332,1549656000,339,535,196,874,6,2.569870901048908,1.2481373641129347
332,1549670400,89,257,168,346,6,2.0647450144312383,-0.3478203240937446
332,1549684800,16,35,19,51,6,-0.6232463107842161,-1.2395012294364915
332,1549699200,34,32,0,66,6,-0.9660103052747774,-1.1941615223851654
332,1549713600,167,139,0,306,6,-0.9660103052747774,-0.46872620956394756
332,1549728000,178,152,0,330,6,-0.9660103052747774,-0.3961826782818258
332,1549742400,174,197,23,371,6,-0.5510854698388348,-0.2722541456748677
332,1549756800,66,149,83,215,6,0.531327144341885,-0.7437870990086594
332,1549771200,15,35,20,50,6,-0.6052061005478708,-1.2425238765732467
332,1549785600,22,20,0,42,6,-0.9660103052747774,-1.2667050536672873
332,1549800000,127,74,0,201,6,-0.9660103052747774,-0.7861041589232304
332,1549814400,162,135,0,297,6,-0.9660103052747774,-0.49593003379474326
332,1549828800,121,194,73,315,6,0.3509250419784317,-0.4415223853331519
332,1549843200,39,91,52,130,6,-0.027919372984820216,-1.0007121056328407
332,1549857600,11,18,7,29,6,-0.8397288336203601,-1.3059994664451031
332,1549872000,188,241,53,429,6,-0.009879162748474885,-0.09694061174307342
332,1549886400,377,500,123,877,6,1.2529355537956983,1.2572053055232
332,1549900800,420,367,0,787,6,-0.9660103052747774,0.9851670632152433
332,1549915200,420,523,103,943,6,0.8921313490687917,1.456700016549035
332,1549929600,95,248,153,343,7,1.9886678795196577,-0.23211021547275118
332,1549944000,11,41,30,52,7,-0.40106421296663025,-1.1872789203575878
332,1549958400,204,244,40,448,7,-0.20677705097587515,0.11253828628981871
332,1549972800,392,280,0,672,7,-0.9839256989388956,0.8477884233833012
332,1549987200,297,268,0,565,7,-0.9839256989388956,0.4965751882538252
332,1550001600,274,417,143,691,7,1.7943807175289026,0.9101533903689091
332,1550016000,51,203,152,254,7,1.9692391633205821,-0.5242408503000723
332,1550030400,6,49,43,55,7,-0.1484909023786486,-1.1774318203072287
332,1550044800,188,239,51,427,7,0.00693882721395548,0.04360858593730473
332,1550059200,437,486,49,923,7,-0.03191860518419554,1.671662460930016
332,1550073600,479,398,0,877,7,-0.9839256989388956,1.5206735934911757
332,1550088000,465,582,117,1047,7,1.2892340963529394,2.0786759296781936
332,1550102400,198,301,103,499,7,1.017232069565882,0.2799389871459241
332,1550116800,10,62,52,72,7,0.02636754341303099,-1.121631586688527
332,1550131200,190,234,44,424,7,-0.1290621861795731,0.033761485886945594
332,1550145600,431,517,86,948,7,0.6869438941815983,1.753721628016342
332,1550160000,404,439,35,843,7,-0.3039206319712527,1.4090731262537721
332,1550174400,494,527,33,1021,7,-0.3427780643694037,1.9933343959084142
332,1550188800,102,265,163,367,7,2.1829550415104126,-0.15333341506987805
332,1550203200,10,76,66,86,7,0.29836957020008814,-1.0756784531201842
332,1550217600,185,228,43,413,7,-0.1484909023786486,-0.002344547631037917
332,1550232000,389,466,77,855,7,0.5120854483899188,1.4484615264552088
332,1550246400,439,325,0,764,7,-0.9839256989388956,1.1497661582609815
332,1550260800,347,493,146,840,7,1.8526668661261292,1.399226026203413
332,1550275200,98,233,135,331,7,1.6389509879362985,-0.27149861567418776
332,1550289600,17,42,25,59,7,-0.4982077939620078,-1.1643023535734165
332,1550304000,37,27,0,64,7,-0.9839256989388956,-1.1478905201561511
332,1550318400,156,88,0,244,7,-0.9839256989388956,-0.5570645171346028
332,1550332800,214,182,0,396,7,-0.9839256989388956,-0.05814478124973971
332,1550347200,191,187,0,378,7,-0.9839256989388956,-0.11722738155189455
332,1550361600,56,150,94,206,7,0.8423736237742024,-0.6817944511058186
332,1550376000,14,33,19,47,7,-0.6147800911564608,-1.203690753774853
332,1550390400,29,12,0,41,7,-0.9839256989388956,-1.2233849538755712
332,1550404800,140,74,0,214,7,-0.9839256989388956,-0.6555355176381942
332,1550419200,188,125,0,313,7,-0.9839256989388956,-0.3305812159763426
332,1550433600,114,169,55,283,7,0.08465369201025752,-0.42905221647993397
332,1550448000,43,142,99,185,7,0.93951720476958,-0.7507241514583325
332,1550462400,9,32,23,41,7,-0.5370652263601589,-1.2233849538755712
332,1550476800,52,25,0,77,7,-0.9839256989388956,-1.1052197532712615
332,1550491200,186,119,0,305,7,-0.9839256989388956,-0.35684014944396697
332,1550505600,181,148,0,329,7,-0.9839256989388956,-0.2780633490410938
332,1550520000,163,214,51,377,7,0.00693882721395548,-0.12050974823534759
332,1550534400,59,136,77,195,8,0.24844877305342386,-0.938384783209895
332,1550548800,6,18,12,24,8,-0.8251802739364412,-1.4958733689501107
332,1550563200,138,87,0,225,8,-1.023388713380724,-0.8405797681677519
332,1550577600,375,444,69,819,8,0.11630981342390201,1.0959595296666813
332,1550592000,315,356,41,671,8,-0.3461765452794245,0.6134547887921087
332,1550606400,370,502,132,872,8,1.1569041205063866,1.2687483895744673
332,1550620800,94,235,141,329,8,1.3055604500895985,-0.5015223826883226
332,1550635200,9,48,39,57,8,-0.3792112851868049,-1.3882878524037532
332,1550649600,152,90,0,242,8,-1.023388713380724,-0.7851569263105376
332,1550664000,379,420,41,799,8,-0.3461765452794245,1.0307561863052526
332,1550678400,334,350,16,684,8,-0.7591107941216803,0.6558369619770373
332,1550692800,338,478,140,816,8,1.2890430801359083,1.086179028162467
332,1550707200,73,186,113,259,8,0.8430740913862722,-0.7297340844533231
332,1550721600,8,60,52,68,8,-0.16448547578883194,-1.3524260135549675
332,1550736000,155,95,0,250,8,-1.023388713380724,-0.759075588965966
332,1550750400,389,464,75,853,8,0.2154140331460434,1.20680521338111
332,1550764800,343,340,0,683,8,-1.023388713380724,0.6525767948089659
332,1550779200,408,509,101,917,8,0.6448656519419894,1.415455912137682
332,1550793600,76,251,175,327,8,1.8671510285150663,-0.5080427170244655
332,1550808000,14,63,49,77,8,-0.21403758564990263,-1.3230845090423244
332,1550822400,147,86,0,233,8,-1.023388713380724,-0.8144984308231804
332,1550836800,389,363,0,752,8,-1.023388713380724,0.877528329405895
332,1550851200,325,332,7,657,8,-0.9077671237048923,0.5678124484391086
332,1550865600,286,493,207,779,8,2.395706867033154,0.9655528429438238
332,1551484800,8328,4977,0,13305,9,-0.9090067994986027,4.118367020903174
332,1551499200,13,81,68,94,9,0.2977440926774165,-0.295776061510976
332,1551513600,42,32,0,74,9,-0.9090067994986027,-0.3024585883180521
332,1551528000,132,154,22,286,9,-0.5185873932063613,-0.23162380416304496
332,1551542400,201,204,3,405,9,-0.8557677895496607,-0.19186276966094187
332,1551556800,130,226,96,356,9,0.7946415188675421,-0.20823496033827843
332,1551571200,58,180,122,238,9,1.256046271758373,-0.24766186850002772
332,1551585600,18,76,58,94,9,0.12028072618094311,-0.295776061510976
332,1551600000,26,44,18,70,9,-0.5895727398049506,-0.3037950936794674
332,1551614400,112,141,29,253,9,-0.3943630366588298,-0.2426499733947206
332,1551628800,200,179,0,379,9,-0.9090067994986027,-0.20055005451014085
332,1551643200,102,201,99,303,9,0.8478805288164841,-0.22594365637703023
332,1551657600,27,130,103,157,9,0.9188658754150736,-0.27472610206868614
332,1551672000,7,47,40,54,9,-0.19915333351270906,-0.30914111512512826
332,1551686400,114,61,0,175,9,-0.9090067994986027,-0.26871182794231757
332,1551700800,322,135,0,457,9,-0.9090067994986027,-0.1744881999625439
332,1551715200,162,211,49,373,9,-0.03943630366588297,-0.2025548125522637
332,1551729600,169,384,215,553,9,2.906455580175576,-0.14241207128857836
332,1551744000,48,226,178,274,10,1.3850317021874898,-0.6486239130901914
332,1551758400,8,36,28,44,10,-0.7546690638206479,-1.352952487781204
332,1551772800,210,272,62,482,10,-0.26967022352547,-0.011665897717449445
332,1551787200,378,496,118,874,10,0.5291513957842348,1.1887549774081028
332,1551801600,380,379,0,759,10,-1.1540798734755002,0.8365906900625963
332,1551816000,351,622,271,973,10,2.7116461771125353,1.4919224943403213
332,1551830400,97,269,172,366,10,1.2994436715471644,-0.3668924832137863
332,1551844800,12,56,44,68,10,-0.5264343154464465,-1.2794573321612723
332,1551859200,192,258,66,450,10,-0.21261153643191963,-0.10965943854402513
332,1551873600,408,526,118,934,10,0.5291513957842348,1.3724928664579321
332,1551888000,384,399,15,783,10,-0.9401097968746864,0.910085845682528
332,1551902400,428,601,173,1029,10,1.313708343320552,1.6634111907868285
332,1551916800,86,268,182,354,10,1.4420903892810402,-0.40364006102375216
332,1551931200,6,48,42,54,10,-0.5549636589932216,-1.3223295062728992
332,1551945600,203,245,42,448,10,-0.5549636589932216,-0.11578403484568611
332,1551960000,414,523,109,937,10,0.40076934982374657,1.3816797609104237
332,1551974400,397,407,10,804,10,-1.0114331557416245,0.9743941068499684
332,1551988800,462,568,106,1030,10,0.35797533450358376,1.666473488937659
332,1552003200,90,259,169,349,10,1.2566496562270018,-0.4189515517779046
332,1552017600,15,45,30,60,10,-0.7261397202738727,-1.3039557173679164
332,1552032000,191,238,47,429,10,-0.48364030012628373,-0.17396769971146542
332,1552046400,401,440,39,841,10,-0.5977576743133844,1.0876991384306964
332,1552060800,419,373,0,792,10,-1.1540798734755002,0.9376465290400025
332,1552075200,363,567,204,930,10,1.755913168295567,1.3602436738546102
332,1552089600,81,294,213,375,10,1.8842952142560554,-0.3393317998563119
332,1552104000,14,78,64,92,10,-0.2411408799786948,-1.2059621765413406
332,1552118400,41,39,0,80,10,-1.1540798734755002,-1.2427097543513064
332,1552132800,151,163,12,314,10,-0.9829038121948492,-0.5261319870569718
332,1552147200,226,209,0,435,10,-1.1540798734755002,-0.1555939108064825
332,1552161600,173,250,77,423,10,-0.05570014692465619,-0.19234148861644837
332,1552176000,63,207,144,270,10,0.900032861892312,-0.6608731056935133
332,1552194000,14,92,78,106,10,-0.0414354751512686,-1.1630900024297137
332,1552208400,27,34,7,61,10,-1.0542271710617872,-1.3008934192170858
332,1552222800,128,105,0,233,10,-1.1540798734755002,-0.7741781372742415
332,1552237200,146,185,39,331,10,-0.5977576743133844,-0.47407291849285343
332,1552251600,90,175,85,265,10,0.05841722726244449,-0.6761845964476658
332,1552266000,28,127,99,155,10,0.2581226320898707,-1.0130373930390197
332,1552280400,6,28,22,34,10,-0.8402570944609734,-1.383575469289509
332,1552294800,357,421,64,778,10,-0.2411408799786948,0.8947743549283756
332,1552309200,301,410,109,711,10,0.40076934982374657,0.6896003788227328
332,1552323600,444,381,0,825,10,-1.1540798734755002,1.0387023680174086
332,1552338000,346,506,160,852,10,1.1282676102665135,1.1213844180898318
332,1552352400,55,190,135,245,11,0.8082496113623876,-0.7623609114228219
332,1552366800,9,38,29,47,11,-0.7674568593774596,-1.3925911085151519
332,1552381200,363,379,16,742,11,-0.9607038793738558,0.8195805428947941
332,1552395600,323,441,118,764,11,0.5555419698286385,0.8896061203494975
332,1552410000,455,411,0,866,11,-1.1985463655232667,1.2142701612758493
332,1552424400,376,520,144,896,11,0.9420360098214312,1.3097595850777175
332,1552438800,41,208,167,249,11,1.2839345836612093,-0.7496289882492395
332,1552453200,7,33,26,40,11,-0.812052325530474,-1.414871974068921
332,1552467600,366,391,25,757,11,-0.8269174809148122,0.8673252547957282
332,1552482000,304,448,144,752,11,0.9420360098214312,0.8514103508287502
332,1552496400,476,435,0,911,11,-1.1985463655232667,1.3575042969786515
332,1552510800,350,555,205,905,11,1.84881048826606,1.338406412218278
332,1552525200,51,193,142,244,11,0.9123056990527548,-0.7655438922162175
332,1552539600,8,32,24,40,11,-0.8417826362991504,-1.414871974068921
332,1552554000,361,422,61,783,11,-0.29177188707863777,0.950082755424014
332,1552568400,339,476,137,815,11,0.837979922131064,1.0519381408126733
332,1552582800,468,425,0,893,11,-1.1985463655232667,1.3002106426975306
332,1552597200,389,501,112,890,11,0.4663510375226094,1.2906617003173437
332,1552611600,63,242,179,305,11,1.4623164482732676,-0.5713820638190856
332,1552626000,13,38,25,51,11,-0.8269174809148122,-1.3798591853415694
332,1552640400,317,399,82,716,11,0.020396375992464025,0.7368230422665084
332,1552654800,303,375,72,678,11,-0.12825517785091778,0.6158697721174754
332,1552669200,441,382,0,823,11,-1.1985463655232667,1.0774019871598381
332,1552683600,275,511,236,786,11,2.309630305180544,0.9596316978042008
332,1552698000,47,217,170,264,11,1.3285300498142238,-0.7018842763483054
332,1552712400,5,65,60,70,11,-0.30663704246297596,-1.3193825502670529
332,1552726800,70,68,0,138,11,-1.1985463655232667,-1.1029398563161517
332,1552741200,178,169,0,347,11,-1.1985463655232667,-0.43769687049647016
332,1552755600,198,254,56,452,11,-0.36609766400032867,-0.10348388718993154
332,1552770000,154,244,90,398,11,0.13931761906716947,-0.27536485003329425
332,1552784400,58,174,116,232,11,0.5258116590599622,-0.8037396617369648
332,1552798800,13,53,40,66,11,-0.6039401501497396,-1.3321144734406354
332,1552813200,44,47,3,91,11,-1.1539508993702523,-1.252539953605745
332,1552827600,156,157,1,313,11,-1.1836812101389285,-0.5459182174719207
332,1552842000,170,224,54,394,11,-0.395827974769005,-0.28809677320687666
332,1552856400,109,243,134,352,11,0.7933844559780494,-0.4217819665294921
332,1552870800,27,128,101,155,11,0.30283432829488943,-1.0488291828284264
332,1552885200,5,27,22,32,11,-0.8715129470678268,-1.4403358204160859
332,1552896861,69,240,171,309,11,1.343395205198562,-0.5586501406455031
332,1552899600,332,405,73,737,11,-0.1133900224665796,0.8036656389278161
332,1552914000,268,377,109,645,11,0.4217555713695949,0.5108314059354203
332,1552928400,413,390,0,803,11,-1.1985463655232667,1.013742371291926
332,1552942800,325,513,188,838,11,1.596102846732311,1.1251466990607724
332,1552957200,42,133,91,175,12,0.53753574585153,-0.9126245696436233
332,1552971600,8,23,15,31,12,-0.7702493919213995,-1.3483329211754067
332,1552986000,357,416,59,773,12,-0.013110627947598244,0.8967753901897556
332,1553000400,328,379,51,707,12,-0.1507722213973803,0.6970757290710216
332,1553014800,426,417,0,843,12,-1.0283648796397409,1.1085780610732616
332,1553029200,374,585,211,959,12,2.602459647598261,1.4595653442516427
332,1553043600,58,167,109,225,12,0.8472743311135396,-0.7613369475839762
332,1553058000,10,28,18,38,12,-0.7186262943777313,-1.3271526540870562
332,1553072400,339,400,61,739,12,0.02130477041484727,0.7938998071891956
332,1553086800,329,455,126,784,12,1.1398052171943265,0.930058667042878
332,1553101200,481,399,0,880,12,-1.0283648796397409,1.2205309013974004
332,1553115600,361,511,150,872,12,1.5527899975436725,1.196324881867857
332,1553130000,47,197,150,244,12,1.5527899975436725,-0.7038476512013103
332,1553144400,10,24,14,34,12,-0.7874570911026223,-1.339255663851828
332,1553158800,322,405,83,727,12,0.3998741524017479,0.7575907778948804
332,1553173200,368,474,106,842,12,0.7956512335698713,1.1055523086320687
332,1553187600,439,455,16,894,12,-0.7530416927401767,1.2628914355741014
332,1553202000,353,527,174,880,12,1.9657747778930188,1.2205309013974004
332,1553216400,70,167,97,237,12,0.6407819409388665,-0.725027918289661
332,1553230800,7,21,14,28,12,-0.7874570911026223,-1.3574101784989856
332,1553245200,299,335,36,634,12,-0.40888770911572164,0.4761958008639368
332,1553259600,380,393,13,773,12,-0.8046647902838451,0.8967753901897556
332,1553274000,439,434,0,873,12,-1.0283648796397409,1.1993506343090499
332,1553288400,288,435,147,723,12,1.5011669000000043,0.7454877681301085
332,1553302800,68,237,169,305,12,1.879736281986905,-0.5192767522885409
332,1553317200,11,49,38,60,12,-0.37447231075327614,-1.2605861003808114
332,1553331600,68,49,0,117,12,-1.0283648796397409,-1.0881182112328138
332,1553346000,170,123,0,293,12,-1.0283648796397409,-0.5555857815828562
332,1553360400,188,180,0,368,12,-1.0283648796397409,-0.3286543484933856
332,1553374800,167,220,53,387,12,-0.11635682303493479,-0.27116505211071973
332,1553389200,54,124,70,178,12,0.17617406304585206,-0.9035473123200445
332,1553403600,12,46,34,58,12,-0.44330310747816715,-1.2666376052631974
332,1553418000,46,47,1,93,12,-1.0111571804585182,-1.1607362698214445
332,1553432400,168,128,0,296,12,-1.0283648796397409,-0.5465085242592773
332,1553446800,162,144,0,306,12,-1.0283648796397409,-0.5162509998473479
332,1553461200,90,182,92,272,12,0.5547434450327527,-0.619126582847908
332,1553475600,35,93,58,128,12,-0.030318327128821,-1.0548349343796914
332,1553490000,7,26,19,33,12,-0.7014185951965085,-1.342281416293021
332,1553504400,349,383,34,732,12,-0.44330310747816715,0.7727195401008451
332,1553518800,309,378,69,687,12,0.1589663638646293,0.6365606802471627
332,1553533200,483,433,0,916,12,-1.0283648796397409,1.3294579892803462
332,1553547600,371,503,132,874,12,1.243051412281663,1.2023763867502426
332,1553562000,52,142,90,194,13,0.44328570229890724,-0.8793659829799233
332,1553576400,15,20,5,35,13,-0.9209642608106606,-1.3399107272619348
332,1553590800,368,400,32,768,13,-0.4876142725287979,0.7832295089563949
332,1553605200,333,376,43,709,13,-0.31106427730285385,0.6123355472416862
332,1553619600,441,485,44,926,13,-0.2950142777368589,1.2408777454127333
332,1553634000,413,481,68,894,13,0.09018571184701908,1.1481894949911964
332,1553648400,51,176,125,227,13,1.0050356871087294,-0.7837812247327134
332,1553662800,10,22,12,32,13,-0.8086142638486963,-1.3486002507389538
332,1553677200,341,367,26,708,13,-0.5839142699247674,0.6094390394160132
332,1553691600,351,447,96,798,13,0.5395856996948767,0.8701247437265857
332,1553706000,486,500,14,986,13,-0.7765142647167064,1.414668214953115
332,1553720400,363,567,204,930,13,2.2729856528223276,1.2524637767154254
332,1553734800,47,150,103,197,13,0.6519356966568411,-0.8706764595029042
332,1553749200,9,20,11,29,13,-0.8246642634146911,-1.3572897742159729
332,1553763600,351,415,64,766,13,0.02598571358303941,0.7774364933050487
332,1553778000,309,433,124,742,13,0.9889856875427344,0.7079203054888961
332,1553792400,480,431,0,911,13,-1.0012142586406352,1.1974301280276378
332,1553806800,372,550,178,922,13,1.8556856641064599,1.2292917141100412
332,1553821200,64,179,115,243,13,0.8445356914487802,-0.7374370995219449
332,1553835600,8,28,20,36,13,-0.6802142673207369,-1.3370142194362618
332,1553850000,327,360,33,687,13,-0.471564272962803,0.5486123750768795
332,1553864400,647,501,0,1148,13,-1.0012142586406352,1.8839024827121456
332,1553878800,497,403,0,900,13,-1.0012142586406352,1.1655685419452346
332,1553893200,278,463,185,741,13,1.9680356610684242,0.7050237976632231
332,1553907600,65,205,140,270,13,1.2457856805986531,-0.6592313882287731
332,1553922000,10,54,44,64,13,-0.2950142777368589,-1.255912000317417
332,1553936400,71,80,9,151,13,-0.856764262546681,-1.0039158194838635
332,1553950800,176,172,0,348,13,-1.0012142586406352,-0.433303777826277
332,1553965200,228,181,0,409,13,-1.0012142586406352,-0.2566168004602223
332,1553979600,172,276,104,448,13,0.6679856962228361,-0.14365299525897415
332,1553994000,50,174,124,224,13,0.9889856875427344,-0.7924707482097324
332,1554008400,18,69,51,87,13,-0.1826642807748945,-1.1892923203269372
332,1554022800,42,51,9,93,13,-0.856764262546681,-1.1719132733728992
332,1554037200,146,121,0,267,13,-1.0012142586406352,-0.6679209117057923
332,1554051600,156,184,28,340,13,-0.5518142707927776,-0.4564758404316612
332,1554066000,109,186,77,295,13,0.23463570794097333,-0.5868186925869474
332,1554080400,40,107,67,147,13,0.07413571228102415,-1.0155018507865556
332,1554094800,9,28,19,37,13,-0.6962642668867318,-1.3341177116105887
332,1554109200,376,374,0,750,13,-1.0012142586406352,0.7310923680942804
332,1554123600,282,409,127,691,13,1.037135686240719,0.5601984063795716
332,1554138000,478,368,0,846,13,-1.0012142586406352,1.009157119358891
332,1554152400,337,566,229,903,13,2.6742356419722006,1.1742580654222536
332,1554166800,51,176,125,227,14,1.0550795735799519,-0.8490336434789363
332,1554181200,10,32,22,42,14,-0.5992423674518973,-1.4133613945337982
332,1554195600,408,419,11,827,14,-0.7759175262028715,0.9812185221043995
332,1554210000,339,388,49,727,14,-0.16558515960859704,0.6761764945071769
332,1554224400,442,432,0,874,14,-0.9525926849538457,1.1245882750750942
332,1554238800,401,487,86,888,14,0.4286858289174071,1.1672941589387054
332,1554253200,63,209,146,272,14,1.3923685130136298,-0.7117647310601861
332,1554267600,6,26,20,32,14,-0.6313651235884381,-1.4438655972935204
332,1554282000,359,419,60,778,14,0.011089999142377157,0.8317479285817605
332,1554296400,338,425,87,763,14,0.44474720698567743,0.7859916244421771
332,1554310800,520,403,0,923,14,-0.9525926849538457,1.2740588685977332
332,1554325200,381,487,106,868,14,0.7499133902828147,1.1062857534192607
332,1554339600,43,224,181,267,14,1.9545167454030932,-0.7270168324400472
332,1554354000,11,33,22,44,14,-0.5992423674518973,-1.4072605539818537
332,1554368400,392,390,0,782,14,-0.9525926849538457,0.8439496096856494
332,1554382800,362,448,86,810,14,0.4286858289174071,0.9293613774128717
332,1554397200,515,460,0,975,14,-0.9525926849538457,1.432680722948289
332,1554411600,385,541,156,926,14,1.5529822936963338,1.28321012942565
332,1554426000,62,209,147,271,14,1.4084298910819002,-0.7148151513361584
332,1554440400,8,39,31,47,14,-0.4546899648374639,-1.398109293153937
332,1554454800,356,369,13,725,14,-0.7437947700663308,0.6700756539552325
332,1554469200,336,353,17,689,14,-0.6795492577932493,0.5602605240202323
332,1554483600,467,425,0,892,14,-0.9525926849538457,1.1794958400425943
332,1554498000,284,544,260,828,14,3.2233656127964534,0.9842689423803718
332,1554512400,86,219,133,305,14,1.1835705981261149,-0.6111008619531026
332,1554526800,10,49,39,59,14,-0.32619894029130087,-1.3615042498422703
332,1554541200,67,85,18,152,14,-0.6634878797249788,-1.0778151641768532
332,1554555600,207,211,4,418,14,-0.8883471726807641,-0.26640337076824105
332,1554570000,237,217,0,454,14,-0.9525926849538457,-0.15658824083324088
332,1554584400,159,249,90,408,14,0.4929313411904886,-0.2969075735279633
332,1554598800,60,179,119,239,14,0.9587113051703297,-0.8124286001672696
332,1554613200,11,62,51,73,14,-0.13346240347205626,-1.318798365978659
332,1554627600,50,79,29,129,14,-0.48681272097400463,-1.1479748305242146
332,1554642000,168,158,0,326,14,-0.9525926849538457,-0.5470420361576859
332,1554656400,181,178,0,359,14,-0.9525926849538457,-0.4463781670506024
332,1554670800,107,237,130,344,14,1.1353864639213038,-0.4921344711901858
332,1554685200,39,121,82,160,14,0.3644403166443255,-1.0534118019690755
332,1554699600,12,27,15,39,14,-0.71167201392979,-1.422512655361715
332,1554714000,385,369,0,754,14,-0.9525926849538457,0.758537841958427
332,1554728400,304,424,120,728,14,0.9747726832386,0.6792269147831491
332,1554742800,480,448,0,928,14,-0.9525926849538457,1.2893109699775944
332,1554757200,418,454,36,872,14,-0.37438307449611197,1.1184874345231497
332,1554771600,50,179,129,229,15,0.8823975947963577,-0.7829387575523817
332,1554786000,12,28,16,40,15,-1.014277670105596,-1.3496876046662616
332,1554800400,365,400,35,765,15,-0.6953676698123471,0.8243489781779866
332,1554814800,327,424,97,751,15,0.34528601535509645,0.782367582095477
332,1554829200,445,390,0,835,15,-1.2828334598262265,1.0342559585905347
332,1554843600,393,522,129,915,15,0.8823975947963577,1.2741496504905896
332,1554858000,51,185,134,236,15,0.9663212790840547,-0.761948059511127
332,1554872400,11,25,14,36,15,-1.047847143820675,-1.3616822892612643
332,1554886800,375,416,41,791,15,-0.5946592486671106,0.9023144280455044
332,1554901200,338,409,71,747,15,-0.09111714294092828,0.7703728975004742
332,1554915600,519,448,0,967,15,-1.2828334598262265,1.4300805502256255
332,1554930000,386,498,112,884,15,0.5970570682181876,1.1811908448793185
332,1554944400,67,197,130,264,15,0.899182331653897,-0.6779852673461076
332,1554958800,11,31,20,42,15,-0.9471387226754383,-1.3436902623687603
332,1554973200,381,376,0,757,15,-1.2828334598262265,0.8003596089879811
332,1554987600,338,463,125,801,15,0.8152586473662,0.9323011395330113
332,1555002000,470,446,0,916,15,-1.2828334598262265,1.2771483216393404
332,1555016400,449,565,116,1014,15,0.6641960156483453,1.5710180942169076
332,1555030800,70,206,136,276,15,0.9998907527991335,-0.6420012135610994
332,1555045200,7,33,26,40,15,-0.8464303015302018,-1.3496876046662616
332,1555059600,336,408,72,744,15,-0.07433240608338887,0.7613768840542222
332,1555074000,340,404,64,744,15,-0.20861030094370417,0.7613768840542222
332,1555088400,444,418,0,862,15,-1.2828334598262265,1.1152200796068032
332,1555102800,288,538,250,826,15,2.9133507545586266,1.0072679182517785
332,1555117200,67,222,155,289,15,1.3188007530923824,-0.6030184886273405
332,1555131600,11,63,52,74,15,-0.4100271432341771,-1.2477327856087383
332,1555146000,32,51,19,83,15,-0.9639234595329778,-1.220744745269982
332,1555160400,127,173,46,300,15,-0.5107355643794136,-0.5700331059910829
332,1555174800,136,227,91,363,15,0.24457759420985997,-0.38111682361978966
332,1555189200,137,292,155,429,15,1.3188007530923824,-0.1832045278022443
332,1555203600,52,185,133,237,15,0.9495365422265153,-0.7589493883623762
332,1555218000,13,61,48,74,15,-0.4771660906643348,-1.2477327856087383
332,1555232400,19,53,34,72,15,-0.7121524066698866,-1.2537301279062396
332,1555246800,74,141,67,215,15,-0.15825609037108593,-0.8249201536348914
332,1555261200,114,185,71,299,15,-0.09111714294092828,-0.5730317771398337
332,1555275600,80,252,172,332,15,1.6041412796705525,-0.47407562923106095
332,1555290000,37,144,107,181,15,0.5131333839304906,-0.9268749726924147
332,1555304400,5,26,21,31,15,-0.930353985817899,-1.3766756450050177
332,1555318800,346,390,44,736,15,-0.5443050380944924,0.7373875148642167
332,1555333200,278,442,164,720,15,1.4698633848102372,0.6894087764842056
332,1555347600,468,403,0,871,15,-1.2828334598262265,1.1422081199455594
332,1555362000,341,455,114,796,15,0.6306265419332665,0.9173077837892579
332,1555376400,48,186,138,234,16,0.8917332167820792,-0.7081624403312075
332,1555390800,6,25,19,31,16,-0.7005792582007118,-1.371073394027285
332,1555405200,390,438,48,828,16,-0.31253672228053586,1.231586852749926
332,1555419600,334,473,139,807,16,0.9051139938827749,1.1630098575399872
332,1555434000,469,448,0,917,16,-0.9548140231139305,1.522222689592049
332,1555448400,436,548,112,984,16,0.5438330121639904,1.7410159600237591
332,1555462800,51,216,165,267,16,1.2530141985008636,-0.6003985907155889
332,1555477200,7,25,18,32,16,-0.7139600353014075,-1.3678078228268118
332,1555491600,387,385,0,772,16,-0.9548140231139305,1.048714865523422
332,1555506000,321,437,116,758,16,0.5973561205667732,1.002996868716796
332,1555520400,509,465,0,974,16,-0.9548140231139305,1.708360248019026
332,1555534800,351,542,191,893,16,1.6009144031189524,1.44384898078069
332,1555549200,51,235,184,286,16,1.5072489634140824,-0.5383527379065964
332,1555563600,11,35,24,46,16,-0.6336753726972332,-1.3220898260201857
332,1555578000,368,396,28,764,16,-0.5801522642944503,1.0225902959196358
332,1555592400,345,452,107,797,16,0.47692912666051174,1.1303541455352542
332,1555606800,429,413,0,842,16,-0.9548140231139305,1.2773048495565522
332,1555621200,386,511,125,897,16,0.7177831144730348,1.456911265582583
332,1555635600,43,254,211,297,16,1.868529945132867,-0.5024314547013903
332,1555650000,11,46,35,57,16,-0.48648682458958026,-1.2861685428149796
332,1555664400,271,117,0,388,16,-0.9548140231139305,-0.20526447545832094
332,1555678800,306,263,0,569,16,-0.9548140231139305,0.38580391182734436
332,1555693200,312,358,46,670,16,-0.3392982764819273,0.7156266030751466
332,1555707600,224,430,206,654,16,1.8016260596293883,0.6633774638675739
332,1555722000,66,214,148,280,16,1.0255409877890365,-0.5579461651094362
332,1555736400,10,51,41,61,16,-0.40620216198540593,-1.2731062580130865
332,1555750800,52,52,0,104,16,-0.9548140231139305,-1.132686696392735
332,1555765200,161,119,0,280,16,-0.9548140231139305,-0.5579461651094362
332,1555779600,176,196,20,372,16,-0.6871984811000161,-0.25751361466589356
332,1555794000,129,258,129,387,16,0.7713062228758176,-0.20853004665879424
332,1555808400,75,158,83,233,16,0.15579047624381442,-0.7114280115316807
332,1555822800,12,60,48,72,16,-0.31253672228053586,-1.2371849748078803
332,1555837200,47,49,2,96,16,-0.9280524689125391,-1.1588112659965213
332,1555851600,146,127,0,273,16,-0.9548140231139305,-0.5808051635127491
332,1555866000,138,169,31,307,16,-0.5400099329923631,-0.46977574269665734
332,1555880400,101,208,107,309,16,0.47692912666051174,-0.46324460029571074
332,1555894800,36,141,105,177,16,0.4501675724591203,-0.8942999987581849
332,1555909200,7,38,31,45,16,-0.5400099329923631,-1.325355397220659
332,1555923600,308,151,0,459,16,-0.9548140231139305,0.026591079775282574
332,1555938000,271,234,0,505,16,-0.9548140231139305,0.17680735499705386
332,1555952400,274,316,42,590,16,-0.3928213848847102,0.4543809070372834
332,1555966800,162,460,298,622,16,3.0326575528933946,0.5588791854524287
332,1555981200,38,178,140,216,17,0.8708795967207157,-0.770079015753906
332,1555995600,6,26,20,32,17,-0.6478862051728508,-1.5191250363638726
332,1556010000,332,148,0,480,17,-0.9010138388217784,0.3046391877299592
332,1556024400,302,225,0,527,17,-0.9010138388217784,0.4959715951683746
332,1556038800,275,321,46,596,17,-0.3188202814292447,0.776863852897112
332,1556053200,229,541,312,770,17,3.047777246101494,1.4852008506478414
332,1556067600,48,195,147,243,17,0.9594742684978403,-0.6601646540339652
332,1556082000,9,37,28,46,17,-0.5466351517132796,-1.4621324043609403
332,1556096400,320,177,0,497,17,-0.9010138388217784,0.37384452659066264
332,1556110800,287,236,0,523,17,-0.9010138388217784,0.47968798602467966
332,1556125200,242,322,80,564,17,0.11149669577393247,0.6465949797475526
332,1556139600,263,485,222,748,17,1.9087028946813192,1.3956410003575193
332,1556154000,48,226,178,274,17,1.3518221006536784,-0.5339666831703296
332,1556168400,14,34,20,48,17,-0.6478862051728508,-1.453990599789093
332,1556182800,314,147,0,461,17,-0.9010138388217784,0.22729204429740826
332,1556197200,300,264,0,564,17,-0.9010138388217784,0.6465949797475526
332,1556211600,317,281,0,598,17,-0.9010138388217784,0.7850056574689596
332,1556226000,266,501,235,767,17,2.073235856553122,1.4729881437900703
332,1556240400,59,247,188,306,17,1.4783859174781422,-0.40369781002077015
332,1556254800,8,46,38,54,17,-0.42007133488881576,-1.4295651860735505
332,1556269200,267,130,0,397,17,-0.9010138388217784,-0.03324570200171055
332,1556283600,277,232,0,509,17,-0.9010138388217784,0.4226953540217474
332,1556298000,261,302,41,563,17,-0.3821021898414766,0.6425240774616289
332,1556312400,212,414,202,626,17,1.6555752610323915,0.898990921474824
332,1556326800,50,195,145,245,17,0.9341615051329476,-0.6520228494621177
332,1556341200,13,59,46,72,17,-0.3188202814292447,-1.3562889449269233
332,1556355600,69,65,0,134,17,-0.9010138388217784,-1.103893003199652
332,1556370000,188,135,0,323,17,-0.9010138388217784,-0.3344924711600667
332,1556384400,221,242,21,463,17,-0.6352298234904044,0.23543384886925575
332,1556398800,146,246,100,392,17,0.3646243294228602,-0.05360021343132921
332,1556413200,62,187,125,249,17,0.6810338714840198,-0.6357392403184229
332,1556427600,16,62,46,78,17,-0.3188202814292447,-1.331863531211381
332,1556442000,52,51,0,103,17,-0.9010138388217784,-1.2300909740632877
332,1556456400,167,212,45,379,17,-0.33147666311169105,-0.10652194314833772
332,1556470800,210,237,27,447,17,-0.559291533395726,0.17029941229447604
332,1556485200,96,212,116,308,17,0.5671264363420023,-0.39555600544892267
332,1556499600,37,131,94,168,17,0.2886860393281819,-0.9654823254782451
332,1556514000,6,34,28,40,17,-0.5466351517132796,-1.4865578180764827
332,1556528400,340,396,56,736,17,-0.19225646460478082,1.3467901729264344
332,1556542800,320,421,101,741,17,0.3772807111053066,1.367144684356053
332,1556557200,466,411,0,877,17,-0.9010138388217784,1.9207873952416807
332,1556571600,355,498,143,853,17,0.9088487417680549,1.823085740379511
332,1556586000,43,186,143,229,18,0.9236409715706295,-0.8266398840474678
332,1556600400,11,37,26,48,18,-0.6441180459637285,-1.3813203062857162
332,1556614800,379,383,4,762,18,-0.9389103398590778,0.8067560554717937
332,1556629200,341,417,76,758,18,0.025864440162065558,0.7944979245936005
332,1556643600,445,445,0,890,18,-0.9925089387491414,1.1990162435739804
332,1556658000,392,551,159,943,18,1.1380353671308836,1.361436477710042
332,1556672400,52,252,200,304,18,1.6874210057540346,-0.5967999300813428
332,1556686800,10,41,31,51,18,-0.577119797351149,-1.3721267081270712
332,1556701200,369,394,25,763,18,-0.6575176956862443,0.8098205881913421
332,1556715600,327,471,144,798,18,0.9370406212931455,0.9170792333755338
332,1556730000,472,458,0,930,18,-0.9925089387491414,1.3215975523559138
332,1556744400,408,563,155,971,18,1.08443676824082,1.4472433938573954
332,1556758800,50,216,166,266,18,1.2318329151884948,-0.7132521734241795
332,1556773200,10,35,25,45,18,-0.6575176956862443,-1.390513904444361
332,1556787600,390,405,15,795,18,-0.7915141929114031,0.9078856352168887
332,1556802000,322,429,107,751,18,0.44125358156005784,0.7730461955567621
332,1556816400,495,410,0,905,18,-0.9925089387491414,1.2449842343672053
332,1556830800,399,585,186,984,18,1.4998259096388125,1.4870823192115237
332,1556845200,69,243,174,312,18,1.3390301129686217,-0.5722836683249561
332,1556859600,9,48,39,57,18,-0.469922599571022,-1.353739511809781
332,1556874000,342,370,28,712,18,-0.6173187465186967,0.653529419494377
332,1556877405,22,120,98,142,18,0.3206567340574149,-1.0932542306481727
332,1556888400,384,276,0,660,18,-0.9925089387491414,0.49417371807786376
332,1556902800,438,398,0,836,18,-0.9925089387491414,1.0335314767183703
332,1556917200,300,562,262,862,18,2.5181992885500195,1.113209327426627
332,1556931600,71,263,192,334,18,1.5802238079739077,-0.5048639484948928
332,1556946000,6,72,66,78,18,-0.10813205706309324,-1.2893843246992662
332,1556960400,74,84,10,158,18,-0.8585124415239825,-1.0442217071353994
332,1556974800,207,175,0,382,18,-0.9925089387491414,-0.35776637795657285
332,1556989200,227,245,18,472,18,-0.7513152437438555,-0.08195843319722287
332,1557003600,172,271,99,443,18,0.3340563837799308,-0.17082988206412453
332,1557018000,47,215,168,262,18,1.2586322146335265,-0.7255103043023728
332,1557032400,8,60,52,68,18,-0.29572715317831555,-1.3200296518947494
332,1557046800,46,51,5,97,18,-0.925510690136562,-1.2311582030278478
332,1557061200,157,164,7,321,18,-0.8987113906915302,-0.5447028738490212
332,1557075600,174,191,17,365,18,-0.7647148934663713,-0.40986343418889454
332,1557090000,112,199,87,311,18,0.17326058710974024,-0.5753482010445045
332,1557104400,35,127,92,162,18,0.24025883572231965,-1.0319635762572061
332,1557118800,8,30,22,38,18,-0.697716644853792,-1.4119656334811994
332,1557133200,370,372,2,742,18,-0.9657096393041096,0.745465401080827
332,1557147600,322,388,66,710,18,-0.10813205706309324,0.6474003540552804
332,1557162000,452,406,0,858,18,-0.9925089387491414,1.1009511965484338
332,1557176400,326,545,219,871,18,1.9420143504818366,1.140790121902562
332,1557190800,67,215,148,282,19,1.169814675980093,-0.6825361597016714
332,1557205200,11,30,19,41,19,-0.8071210428159594,-1.4304663327557277
332,1557219600,401,398,0,799,19,-1.0982976215533624,0.92194475095786
332,1557234000,329,443,114,772,19,0.6487618508710559,0.8381517440181939
332,1557248400,464,410,0,874,19,-1.0982976215533624,1.1547031035680435
332,1557262800,393,554,161,947,19,1.3690407561688422,1.3812545667752887
332,1557277200,52,208,156,260,19,1.292415340711631,-0.7508119431339919
332,1557291600,9,33,24,42,19,-0.7304956273587481,-1.4273628880542586
332,1557306000,382,410,28,792,19,-0.669195294992979,0.9002206380475762
332,1557320400,340,427,87,767,19,0.23498460740211466,0.8226345205108484
332,1557334800,472,430,0,902,19,-1.0982976215533624,1.2415995552091788
332,1557349200,432,503,71,935,19,-0.010216722060961582,1.3440132303576593
332,1557363600,61,264,203,325,19,2.012694246009417,-0.5490880375384996
332,1557378000,13,29,16,42,19,-0.8530962920902861,-1.4273628880542586
332,1557392400,367,407,40,774,19,-0.4852942978956718,0.8443586334211322
332,1557406800,340,441,101,781,19,0.4495357706823064,0.866082746331416
332,1557421200,419,422,3,841,19,-1.0523223722790356,1.0522894284195627
332,1557435600,381,563,182,944,19,1.6908675010891299,1.3719442326708815
332,1557450000,79,236,157,315,19,1.3077404238030732,-0.5801224845531907
332,1557464400,11,41,30,52,19,-0.6385451288100944,-1.3963284410395673
332,1557478800,361,388,27,749,19,-0.6845203780844212,0.7667725158844043
332,1557493200,335,409,74,744,19,0.03575852721336521,0.7512552923770588
332,1557507600,442,412,0,854,19,-1.0982976215533624,1.0926342095386612
332,1557522000,290,504,214,794,19,2.181270160015282,0.9064275274505145
332,1557536400,84,212,128,296,19,0.8633130141512475,-0.6390879338811039
332,1557550800,10,60,50,70,19,-0.33204346698124915,-1.3404664364131234
332,1557565200,64,105,41,169,19,-0.46996921480422954,-1.033225410967681
332,1557579600,210,155,0,365,19,-1.0982976215533624,-0.42495024947973503
332,1557594000,245,277,32,522,19,-0.6078949626272099,0.062290568650915715
332,1557608400,174,253,79,427,19,0.11238394267057654,-0.23253667798865002
332,1557622800,63,171,108,234,19,0.5568113523224022,-0.8315015053721888
332,1557637200,12,72,60,84,19,-0.1787926360668265,-1.2970182105925558
332,1557651600,43,57,14,100,19,-0.8837464582731707,-1.24736309536905
332,1557666000,139,139,0,278,19,-1.0982976215533624,-0.6949499385075478
332,1557680400,149,173,24,322,19,-0.7304956273587481,-0.5583983716429068
332,1557694800,66,193,127,259,19,0.8479879310598053,-0.753915387835461
332,1557709200,28,137,109,165,19,0.5721364354138445,-1.0456391897735575
332,1557723600,10,27,17,37,19,-0.8377712089988439,-1.4428801115616041
332,1557738000,371,407,36,778,19,-0.5465946302614408,0.8567724122270086
332,1557752400,307,432,125,739,19,0.8173377648769208,0.7357380688697133
332,1557766800,451,356,0,807,19,-1.0982976215533624,0.9467723085696129
332,1557781200,298,503,205,801,19,2.043344412192302,0.9281516403607982
332,1557795600,52,95,43,147,20,-0.08436883796937096,-1.0631103955335715
332,1557810000,8,14,6,22,20,-0.6109117062601437,-1.4487211165886529
332,1557824400,371,393,22,764,20,-0.38321749294521495,0.8402641235943111
332,1557838800,346,383,37,729,20,-0.16975416796246925,0.7322931216988883
332,1557853200,468,470,2,938,20,-0.6678352595888759,1.3770342473029846
332,1557867600,324,573,249,897,20,2.847194158460337,1.2505539307969178
332,1557882000,63,82,19,145,20,-0.4259101579417641,-1.0692801670704526
332,1557896400,8,10,2,18,20,-0.6678352595888759,-1.4610606596624156
332,1557910800,360,409,49,769,20,0.0010164920237273316,0.8556885524365143
332,1557925200,379,382,3,761,20,-0.6536043712566929,0.8310094662889891
332,1557939600,483,443,0,926,20,-0.696297036253242,1.3400156180816967
332,1557954000,371,530,159,901,20,1.5664142085638626,1.2628934738706805
332,1557968400,68,103,35,171,20,-0.19821594462683534,-0.9890731370909958
332,1557982800,10,14,4,24,20,-0.6393734829245098,-1.4425513450517715
332,1557997200,367,394,27,761,20,-0.31206305128429973,0.8310094662889891
332,1558011600,354,376,22,730,20,-0.38321749294521495,0.735378007467329
332,1558026000,452,361,0,813,20,-0.696297036253242,0.9914235262479031
332,1558040400,352,505,153,857,20,1.4810288785707644,1.1271585000592919
332,1558054800,65,83,18,148,20,-0.4401410462739471,-1.0600255097651308
332,1558069200,14,20,6,34,20,-0.6109117062601437,-1.4117024873673651
332,1558083600,342,371,29,713,20,-0.2836012746199336,0.6829349494038378
332,1558098000,357,336,0,693,20,-0.696297036253242,0.6212372340350247
332,1558112400,459,456,0,915,20,-0.696297036253242,1.3060818746288496
332,1558126800,283,547,264,830,20,3.0606574834430824,1.0438665843113941
332,1558141200,91,204,113,295,20,0.9117933452834424,-0.6065473018043548
332,1558155600,8,71,63,79,20,0.20024892867429,-1.2728826277875358
332,1558170000,76,73,0,149,20,-0.696297036253242,-1.05694062399669
332,1558184400,232,233,1,465,20,-0.6820661479210589,-0.08211672116944395
332,1558198800,267,269,2,536,20,-0.6678352595888759,0.13691016838984238
332,1558213200,208,272,64,480,20,0.21447981700647306,-0.03584343464283416
332,1558227600,74,175,101,249,20,0.7410226852972458,-0.7484520471526248
332,1558242000,15,86,71,101,20,0.3140960353317544,-1.2050151408818415
332,1558256400,52,59,7,111,20,-0.5966808179279607,-1.1741662831974349
332,1558270800,191,153,0,344,20,-0.696297036253242,-0.4553878991507629
332,1558285200,213,233,20,446,20,-0.41167926960958107,-0.14072955076981633
332,1558299600,148,218,70,366,20,0.29986514699957134,-0.3875204122450685
332,1558314000,42,172,130,214,20,1.1537184469305541,-0.8564230490480477
332,1558328400,13,35,22,48,20,-0.38321749294521495,-1.368514086609196
332,1558342800,373,372,0,745,20,-0.696297036253242,0.7816512939939387
332,1558357200,317,306,0,623,20,-0.696297036253242,0.4052952302441791
332,1558371600,433,426,0,859,20,-0.696297036253242,1.133328271596173
332,1558386000,295,537,242,832,20,2.7475779401350553,1.0500363558482755
332,1558400400,79,187,108,266,21,0.4205885426625098,-0.5782217836031515
332,1558414800,12,46,34,58,21,-0.46205101884666,-1.3193229428691624
332,1558429200,396,401,5,797,21,-0.8079503064651185,1.3137239643307517
332,1558443600,321,292,0,613,21,-0.8675881146751975,0.658134477287742
332,1558458000,447,392,0,839,21,-0.8675881146751975,1.463369390721004
332,1558472400,272,525,253,797,21,2.150084980754802,1.3137239643307517
332,1558486800,42,197,155,239,21,0.9811839398372527,-0.6744224148540279
332,1558501200,13,43,30,56,21,-0.5097612654147232,-1.3264489155544126
332,1558515600,395,378,0,773,21,-0.8675881146751975,1.2282122921077505
332,1558530000,313,320,7,633,21,-0.7840951831810868,0.729394204140243
332,1558544400,478,397,0,875,21,-0.8675881146751975,1.5916368990555059
332,1558558800,332,560,228,892,21,1.8518959397044066,1.6522076668801318
332,1558573200,50,246,196,296,21,1.4702139671599008,-0.47133219332439985
332,1558587600,12,36,24,48,21,-0.581326635266818,-1.354952806295413
332,1558602000,344,373,29,717,21,-0.521688827056739,1.0286850569207475
332,1558616400,341,288,0,629,21,-0.8675881146751975,0.7151422587697428
332,1558630800,408,373,0,781,21,-0.8675881146751975,1.256716182848751
332,1558645200,272,541,269,813,21,2.340925967027055,1.3707317458127526
332,1558659600,63,218,155,281,21,0.9811839398372527,-0.5247769884637756
332,1558674000,20,48,28,68,21,-0.5336163886987548,-1.283693079442912
332,1558688400,329,364,35,693,21,-0.4501234572046442,0.9431733846977463
332,1558702800,298,288,0,586,21,-0.8675881146751975,0.5619338460368656
332,1558717200,415,446,31,861,21,-0.4978337037727074,1.5417550902587551
332,1558731600,236,502,266,738,21,2.305143282101007,1.1035077701158735
332,1558746000,67,217,150,284,21,0.9215461316271737,-0.5140880294359005
332,1558760400,17,81,64,98,21,-0.10422416958618579,-1.1768034891641603
332,1558774800,60,68,8,128,21,-0.772167621539071,-1.0699138988854089
332,1558789200,195,138,0,333,21,-0.8675881146751975,-0.3395016986472729
332,1558803600,184,198,14,382,21,-0.7006022516869762,-0.1649153678586453
332,1558818000,123,281,158,404,21,1.0169666247633,-0.08652966832089412
332,1558832400,50,174,124,224,21,0.6114295289347627,-0.7278672099934037
332,1558846800,13,60,47,73,21,-0.3069927175004545,-1.2658781477297867
332,1558861200,41,45,4,86,21,-0.8198778681071343,-1.2195593252756611
332,1558875600,174,206,32,380,21,-0.4859061421306916,-0.1720413405438954
332,1558890000,205,218,13,423,21,-0.712529813328992,-0.01883292781101811
332,1558904400,107,281,174,388,21,1.2078076110355531,-0.14353744980289498
332,1558918800,55,178,123,233,21,0.5995019672927469,-0.6958003329097782
332,1558933200,11,54,43,65,21,-0.35470296406851776,-1.2943820384707871
332,1558947600,53,54,1,107,21,-0.8556605530331817,-1.144736612080535
332,1558962000,143,95,0,238,21,-0.8675881146751975,-0.677985401196653
332,1558976400,167,239,72,406,21,-0.00880367645005932,-0.07940369563564402
332,1558990800,106,281,175,387,21,1.219735172677569,-0.14710043614552
332,1559005200,36,173,137,209,22,0.600630447461467,-0.9708581454381131
332,1559019600,9,28,19,37,22,-0.685211668140706,-1.5882418815864343
332,1559034000,335,387,52,722,22,-0.3256117544553525,0.8705247420275194
332,1559048400,290,273,0,563,22,-0.8922540426868186,0.29980373012296657
332,1559062800,364,384,20,748,22,-0.6743147010593317,0.9638501905150563
332,1559077200,227,522,295,749,22,2.322351246318614,0.9674396308415
332,1559091600,36,194,158,230,22,0.8294667561703284,-0.8954798985827949
332,1559106000,6,52,46,58,22,-0.3909935569435986,-1.512863634731116
332,1559120400,377,405,28,782,22,-0.5871389644083369,1.0858911616141431
332,1559134800,298,289,0,587,22,-0.8922540426868186,0.3859502979576161
332,1559149200,363,423,60,786,22,-0.23843601780435775,1.100248922919918
332,1559163600,264,541,277,805,22,2.126205838853876,1.1684482891223489
332,1559178000,52,185,133,237,22,0.5570425791359697,-0.8703538162976887
332,1559192400,11,41,30,52,22,-0.5653450302455881,-1.5344002766897784
332,1559206800,359,404,45,763,22,-0.40189052402497294,1.0176917954117122
332,1559221200,285,322,37,607,22,-0.48906626067596776,0.45773910448649063
332,1559235600,405,418,13,823,22,-0.7505934706289521,1.2330582149983358
332,1559250000,268,569,301,837,22,2.38773304880686,1.283310379568548
332,1559264400,43,201,158,244,22,0.8294667561703284,-0.8452277340125827
332,1559278800,12,53,41,65,22,-0.4454783923504703,-1.48773755244601
332,1559293200,355,376,21,731,22,-0.6634177339779573,0.902829704965513
332,1559307600,311,368,57,679,22,-0.2711269190484808,0.7161788079904391
332,1559322000,439,471,32,910,22,-0.5435510960828395,1.5453395233989402
332,1559336400,239,523,284,762,22,2.202484608423496,1.0141023550852686
332,1559350800,77,216,139,293,22,0.6224243816242158,-0.6693451580168399
332,1559365200,15,88,73,103,22,-0.09677544574649122,-1.3513388200411482
332,1559379600,91,123,32,214,22,-0.5435510960828395,-0.9529109438058945
332,1559394000,275,189,0,464,22,-0.8922540426868186,-0.055550862194962476
332,1559408400,307,264,0,571,22,-0.8922540426868186,0.32851925273451643
332,1559422800,202,306,104,508,22,0.24103053377611355,0.10238451216856155
332,1559437200,66,201,135,267,22,0.5788365132987183,-0.7626706065043769
332,1559451600,7,85,78,92,22,-0.04229061033961948,-1.3908226636320293
332,1559466000,78,62,0,140,22,-0.8922540426868186,-1.2185295279627304
332,1559480400,244,182,0,426,22,-0.8922540426868186,-0.19194959459982414
332,1559494800,243,243,0,486,22,-0.8922540426868186,0.02341682498679954
332,1559509200,153,307,154,460,22,0.785878887844831,-0.06990862350073739
332,1559523600,41,184,143,225,22,0.6660122499497131,-0.9134271002150135
332,1559538000,9,40,31,49,22,-0.5544480631642138,-1.5451685976691096
332,1559552400,374,311,0,685,22,-0.8922540426868186,0.7377154499491014
332,1559566800,322,293,0,615,22,-0.8922540426868186,0.48645462709804044
332,1559581200,381,392,11,773,22,-0.7723874047917008,1.0535861986761494
332,1559595600,243,538,295,781,22,2.322351246318614,1.0823017212876993
332,1559610000,65,196,131,261,23,0.622389603882131,-0.7229592566977182
332,1559624400,9,33,24,42,23,-0.5884410800340149,-1.5163943173236116
332,1559638800,321,198,0,519,23,-0.8600292708189448,0.21177245856018356
332,1559653200,312,276,0,588,23,-0.8600292708189448,0.46175884752450613
332,1559667600,303,367,64,670,23,-0.13579409539246495,0.7588441213661649
332,1559682000,256,507,251,763,23,1.9803305578067807,1.0957822977963387
332,1559696400,52,219,167,271,23,1.0297718900595259,-0.6867293452536135
332,1559710800,10,31,21,41,23,-0.622389603882131,-1.520017308468022
332,1559725200,378,374,0,752,23,-0.8600292708189448,1.0559293952078235
332,1559739600,313,303,0,616,23,-0.8600292708189448,0.5632025995679993
332,1559754000,429,312,0,741,23,-0.8600292708189448,1.0160764926193084
332,1559768400,293,566,273,859,23,2.229286399359633,1.443589447659744
332,1559782800,51,228,177,279,23,1.1429336362199134,-0.6577454160983297
332,1559797200,7,32,25,39,23,-0.577124905417976,-1.5272632907568429
332,1559811600,339,220,0,559,23,-0.8600292708189448,0.3566921043366025
332,1559826000,365,380,15,745,23,-0.6902866515783636,1.0305684571969502
332,1559840400,403,406,3,809,23,-0.8260807469708285,1.2624398904392204
332,1559854800,285,540,255,825,23,2.0255952562709356,1.320407748749788
332,1559869200,64,226,162,290,23,0.9731910169793322,-0.6178925135098144
332,1559883600,9,58,49,67,23,-0.30553671463304616,-1.4258195387133497
332,1559898000,351,354,3,705,23,-0.8260807469708285,0.8856488114205313
332,1559912400,360,338,0,698,23,-0.8600292708189448,0.8602878734096581
332,1559926800,395,515,120,910,23,0.4979116831057048,1.628361996024678
332,1559941200,290,549,259,839,23,2.0708599547350905,1.3711296247715345
332,1559955600,71,279,208,350,23,1.4937350493171144,-0.4005130448451862
332,1559970000,8,63,55,71,23,-0.23763966693681368,-1.4113275741357079
332,1559984400,92,77,0,169,23,-0.8600292708189448,-1.0562744419834815
332,1559998800,202,176,0,378,23,-0.8600292708189448,-0.299069292801693
332,1560013200,252,213,0,465,23,-0.8600292708189448,0.016130936762018093
332,1560027600,192,242,50,434,23,-0.2942205400170074,-0.09618178871470653
332,1560042000,53,233,180,286,23,1.1768821600680297,-0.6323844780874563
332,1560056400,8,71,63,79,23,-0.1471102700085037,-1.382343644980424
332,1560070800,66,43,0,109,23,-0.8600292708189448,-1.27365391064811
332,1560085200,172,163,0,335,23,-0.8600292708189448,-0.45485791201134324
332,1560099600,185,219,34,404,23,-0.47527933387362736,-0.2048715230470207
332,1560114000,113,233,120,346,23,0.4979116831057048,-0.4150050094228281
332,1560128400,34,157,123,191,23,0.5318602069538211,-0.9765686368064512
332,1560142800,12,35,23,47,23,-0.5997572546500536,-1.498279361601559
332,1560157200,347,376,29,723,23,-0.5318602069538211,0.9508626520199198
332,1560171600,287,319,32,606,23,-0.4979116831057048,0.5269726881238946
332,1560186000,362,402,40,764,23,-0.40738228617739486,1.0994052889407493
332,1560200400,231,467,236,698,23,1.8105879385661994,0.8602878734096581
332,1560214800,46,189,143,235,24,0.4967700593411,-1.0999584427391733
332,1560229200,11,28,17,39,24,-0.6517258576676817,-1.7562502381025766
332,1560243600,343,339,0,682,24,-0.8066816559942633,0.3967886619926698
332,1560258000,311,323,12,634,24,-0.6973010924696175,0.2360641406791833
332,1560272400,415,390,0,805,24,-0.8066816559942633,0.808645247858479
332,1560286800,280,650,370,930,24,2.5658857193489846,1.2271986887790167
332,1560301200,58,277,219,335,24,1.1895136283305239,-0.765115690002743
332,1560315600,6,56,50,62,24,-0.3509293079749055,-1.6792364049731976
332,1560330000,399,409,10,808,24,-0.7155311863903918,0.8186905304405719
332,1560344400,327,333,6,660,24,-0.7519913742319404,0.32312325639065514
332,1560358800,426,360,0,786,24,-0.8066816559942633,0.7450251248385572
332,1560373200,337,605,268,942,24,1.6361509293894945,1.2673798191073884
332,1560387600,59,249,190,308,24,0.9251772664792963,-0.8555232332415792
332,1560402000,10,38,28,48,24,-0.5514603411034229,-1.7261143903562979
332,1560416400,335,369,34,704,24,-0.4967700593411,0.47045406759468444
332,1560430800,270,295,25,565,24,-0.5788054819845844,0.005022641291046453
332,1560445200,417,429,12,846,24,-0.6973010924696175,0.9459307764804153
332,1560459600,319,561,242,880,24,1.3991597084194285,1.0597773124108016
332,1560474000,58,274,216,332,24,1.1621684874493625,-0.775160972584836
332,1560488400,11,36,25,47,24,-0.5788054819845844,-1.7294628178836622
332,1560502800,328,344,16,672,24,-0.6608409046280689,0.3633043867190268
332,1560517200,311,300,0,611,24,-0.8066816559942633,0.15905030754980434
332,1560531600,420,434,14,854,24,-0.6790709985488431,0.9727181966993298
332,1560546000,256,483,227,739,24,1.262434004013621,0.587649031052435
332,1561165200,8430,4646,0,13076,25,-0.7373004797552702,4.112095418467253
332,1561179600,20,97,77,117,25,0.31837975262159396,-0.33438892003871945
332,1561194000,85,69,0,154,25,-0.7373004797552702,-0.3216935021419125
332,1561208400,296,145,0,441,25,-0.7373004797552702,-0.22321823359100473
332,1561222800,284,241,0,525,25,-0.7373004797552702,-0.19439620377122682
332,1561237200,183,303,120,486,25,0.9079154668060766,-0.20777786047326657
332,1561251600,72,245,173,317,25,1.6345525098706715,-0.26576503951543873
332,1561266000,12,64,52,76,25,-0.024373569578686628,-0.348456815545992
332,1561280400,79,71,0,150,25,-0.7373004797552702,-0.3230659797523781
332,1561294800,229,156,0,385,25,-0.7373004797552702,-0.24243292013752332
332,1561309200,295,267,0,562,25,-0.7373004797552702,-0.1817007858744199
332,1561323600,148,239,91,387,25,0.510321613053751,-0.24174668133229052
332,1561338000,40,195,155,235,25,1.3877701178864694,-0.29390083052998384
332,1561352400,7,57,50,64,25,-0.05179383535470907,-0.3525742483773888
332,1561366800,332,237,0,569,25,-0.7373004797552702,-0.17929895005610508
332,1561381200,323,328,5,651,25,-0.668749815315214,-0.15116315904156
332,1561395600,349,317,0,666,25,-0.7373004797552702,-0.14601636800231393
332,1561410000,271,516,245,787,25,2.6216820778074794,-0.10449892028572913
332,1561424400,48,171,123,219,26,0.5120800390645531,-0.9252520870612253
332,1561438800,10,43,33,53,26,-0.46899575802820437,-1.5875577904483775
332,1561453200,312,244,0,556,26,-0.8287235502955488,0.4193082866825716
332,1561467600,321,295,0,616,26,-0.8287235502955488,0.658695890316482
332,1561482000,363,337,0,700,26,-0.8287235502955488,0.9938385354039566
332,1561496400,231,505,274,736,26,2.1581072097424014,1.137471097584303
332,1561510800,66,234,168,300,26,1.0026179376109319,-0.6020788221554463
332,1561525200,13,44,31,57,26,-0.4907974424080434,-1.5715986168727836
332,1561539600,361,270,0,631,26,-0.8287235502955488,0.7185427912249597
332,1561554000,374,381,7,755,26,-0.752417654966112,1.2132771720683746
332,1561568400,405,393,0,798,26,-0.8287235502955488,1.3848382880060104
332,1561582800,305,591,286,896,26,2.2889173160214358,1.775838040608064
332,1561597200,62,228,166,290,26,0.9808162532310928,-0.6419767560944313
332,1561611600,11,46,35,57,26,-0.4471940736483653,-1.5715986168727836
332,1561626000,347,190,0,537,26,-0.8287235502955488,0.34350221219849997
332,1561640400,356,338,0,694,26,-0.8287235502955488,0.9698997750405656
332,1561654800,386,403,17,789,26,-0.6434092330669168,1.3489301474609237
332,1561669200,287,523,236,810,26,1.7438752065254597,1.4327158087327925
332,1561683600,68,260,192,328,26,1.2642381501690005,-0.49036460712628804
332,1561698000,16,72,56,88,26,-0.21827638766005522,-1.4479150216619296
332,1561712400,283,159,0,442,26,-0.8287235502955488,-0.03552816022185822
332,1561726800,361,291,0,652,26,-0.8287235502955488,0.8023284524968283
332,1561741200,325,344,19,669,26,-0.6216075486870777,0.8701549401931029
332,1561755600,248,462,214,710,26,1.50405667834723,1.0337364693429416
332,1561770000,78,284,206,362,26,1.4168499408278739,-0.3547116317337388
332,1561784400,20,89,69,109,26,-0.07656543919110138,-1.364129360390061
332,1561798800,79,63,0,142,26,-0.8287235502955488,-1.2324661783914104
332,1561813200,210,154,0,364,26,-0.8287235502955488,-0.3467320449459418
332,1561827600,210,250,40,460,26,-0.39268986269876766,0.036288120868314906
332,1561842000,175,286,111,461,26,0.38126993278551874,0.040277914262213416
332,1561856400,75,206,131,281,26,0.5992867765839093,-0.6778848966395179
332,1561870800,10,75,65,85,26,-0.12016880795077949,-1.4598844018436252
332,1561885200,58,75,17,133,26,-0.6434092330669168,-1.2683743189364969
332,1561899600,208,162,0,370,26,-0.8287235502955488,-0.32279328458255074
332,1561914000,247,215,0,462,26,-0.8287235502955488,0.044267707656111925
332,1561928400,124,308,184,432,26,1.1770314126496442,-0.0754260941608433
332,1561942800,46,241,195,287,26,1.296940676738759,-0.6539461362761269
332,1561957200,14,58,44,72,26,-0.3490864939390895,-1.511751715964306
332,1561971600,302,231,0,533,26,-0.8287235502955488,0.32754303862290596
332,1561986000,294,290,0,584,26,-0.8287235502955488,0.5310225017117298
332,1562000400,325,342,17,667,26,-0.6434092330669168,0.8621753534053059
332,1562014800,247,504,257,751,26,1.9727928925137697,1.1973179984927804
332,1562029200,62,222,160,284,27,1.151341443191776,-0.42510555301120073
332,1562043600,19,61,42,80,27,-0.32537910351071925,-1.3414085412376076
332,1562058000,296,225,0,521,27,-0.8509915014895735,0.6394229186047719
332,1562072400,312,310,0,622,27,-0.8509915014895735,1.09308273140314
332,1562086800,332,383,51,715,27,-0.21274787537239337,1.5108090936828253
332,1562101200,302,540,238,842,27,2.1274787537239335,2.0812526206669117
332,1562115600,73,279,206,352,27,1.7270121647876637,-0.11967122360239847
332,1562130000,18,74,56,92,27,-0.1501749708511012,-1.2875083654595836
332,1562144400,295,224,0,519,27,-0.8509915014895735,0.6304395559751012
332,1562158800,297,323,26,620,27,-0.5256123979788542,1.0840993687734692
332,1562173200,379,412,33,791,27,-0.4380103316490452,1.8521768736103101
332,1562187600,232,467,235,699,27,2.0899350110111583,1.4389421926454602
332,1562202000,68,251,183,319,27,1.43917680398972,-0.2678967069919643
332,1562216400,12,56,44,68,27,-0.3003499417022024,-1.3953087170156315
332,1562230800,85,47,0,132,27,-0.8509915014895735,-1.1078411128661705
332,1562245200,153,86,0,239,27,-0.8509915014895735,-0.6272312121787905
332,1562259600,199,130,0,329,27,-0.8509915014895735,-0.222979893843611
332,1562274000,132,232,100,364,27,0.40046658893626985,-0.06577104782437454
332,1562288400,44,200,156,244,27,1.1012831195747421,-0.6047728056046139
332,1562302800,14,78,64,92,27,-0.05005832361703373,-1.2875083654595836
332,1562317200,192,114,0,306,27,-0.8509915014895735,-0.32628856408482354
332,1562331600,231,204,0,435,27,-0.8509915014895735,0.25313832552893367
332,1562346000,299,280,0,579,27,-0.8509915014895735,0.8999404348652208
332,1562360400,177,350,173,527,27,1.3140309949471356,0.6663730064937838
332,1562374800,71,246,175,317,27,1.3390601567556524,-0.2768800696216349
332,1562389200,11,69,58,80,27,-0.12514580904258432,-1.3414085412376076
332,1562403600,82,43,0,125,27,-0.8509915014895735,-1.1392828820700178
332,1562418000,298,149,0,447,27,-0.8509915014895735,0.30703850130695765
332,1562432400,186,199,13,385,27,-0.6883019497342139,0.02855425978716733
332,1562446800,154,230,76,384,27,0.10011664723406746,0.024062578472332
332,1562461200,45,186,141,231,27,0.9135644060108656,-0.6631646626974731
332,1562475600,17,75,58,92,27,-0.12514580904258432,-1.2875083654595836
332,1562490000,70,49,0,119,27,-0.8509915014895735,-1.1662329699590297
332,1562504400,184,144,0,328,27,-0.8509915014895735,-0.22747157515844632
332,1562518800,218,205,0,423,27,-0.8509915014895735,0.19923814975090978
332,1562533200,95,223,128,318,27,0.750874854255506,-0.2723883883067996
332,1562547600,41,175,134,216,27,0.8259623396810566,-0.730539882420003
332,1562562000,10,51,41,61,27,-0.3378936844149777,-1.4267504862194786
332,1562576400,297,260,0,557,27,-0.8509915014895735,0.8011234459388437
332,1562590800,333,285,0,618,27,-0.8509915014895735,1.0751160061437985
332,1562605200,350,322,0,672,27,-0.8509915014895735,1.3176667971449063
332,1562619600,247,512,265,759,27,2.4653724381389113,1.7084430715355798
332,1562634000,58,197,139,255,28,0.7181752185318324,-0.6668708096896941
332,1562648400,13,31,18,44,28,-0.5513087677564363,-1.4817920887120424
332,1562662800,337,272,0,609,28,-0.7401576252208069,0.7003430897127289
332,1562677200,321,287,0,608,28,-0.7401576252208069,0.6964809035562248
332,1562691600,351,386,35,737,28,-0.37295151348453076,1.1947029177452435
332,1562706000,266,488,222,754,28,1.5889782835064301,1.2603600824058117
332,1562720400,60,248,188,308,28,1.232263774962619,-0.4621749433949811
332,1562734800,11,32,21,43,28,-0.5198339581790412,-1.4856542748685464
332,1562749200,353,258,0,611,28,-0.7401576252208069,0.7080674620257369
332,1562763600,309,320,11,629,28,-0.6247499901036915,0.7775868128428093
332,1562778000,373,353,0,726,28,-0.7401576252208069,1.1522188700236993
332,1562792400,268,543,275,811,28,2.145033252707077,1.4805046933265409
332,1562806800,45,255,210,300,28,1.4630790451968498,-0.4930724326470133
332,1562821200,15,40,25,55,28,-0.4778675454091811,-1.4393080409904981
332,1562835600,347,244,0,591,28,-0.7401576252208069,0.6308237388956565
332,1562850000,316,333,17,649,28,-0.5618003709489013,0.8548305359728897
332,1562864400,345,443,98,788,28,0.2880194876407662,1.3916744117269484
332,1562878800,264,500,236,764,28,1.7358607282009406,1.2989819439708519
332,1562893200,38,201,163,239,28,0.9699736951509932,-0.7286657881937585
332,1562907600,11,35,24,46,28,-0.48835914860164614,-1.4740677163990343
332,1562922000,318,171,0,489,28,-0.7401576252208069,0.23688075093224648
332,1562936400,304,272,0,576,28,-0.7401576252208069,0.5728909465480962
332,1562950800,307,352,45,659,28,-0.2680354815598805,0.8934523975379298
332,1562965200,218,544,326,762,28,2.6801050155227935,1.2912575716578438
332,1562979600,68,204,136,272,28,0.6867004089544374,-0.6012136450291259
332,1562994000,12,71,59,83,28,-0.12115303686537003,-1.3311668286083855
332,1563008400,93,72,0,165,28,-0.7401576252208069,-1.014467563775056
332,1563022800,228,164,0,392,28,-0.7401576252208069,-0.13775130624864346
332,1563037200,257,221,0,478,28,-0.7401576252208069,0.19439670321070227
332,1563051600,136,154,18,290,28,-0.5513087677564363,-0.5316942942120535
332,1563066000,27,36,9,63,28,-0.6457331964886216,-1.408410551738466
332,1563080400,14,58,44,72,28,-0.2785270847523455,-1.3736508763299298
332,1563094800,59,63,4,122,28,-0.6981912124509467,-1.180541568504729
332,1563109200,191,124,0,315,28,-0.7401576252208069,-0.43513964029945296
332,1563123600,196,178,0,374,28,-0.7401576252208069,-0.20727065706571582
332,1563138000,116,265,149,381,28,0.8230912504564828,-0.18023535397018767
332,1563152400,43,182,139,225,28,0.7181752185318324,-0.7827363943848148
332,1563166800,10,24,14,34,28,-0.5932751805262965,-1.5204139502770826
332,1563181200,325,234,0,559,28,-0.7401576252208069,0.5072337818875279
332,1563195600,282,298,16,580,28,-0.5722919741413663,0.5883396911741123
332,1563210000,365,376,11,741,28,-0.6247499901036915,1.2101516623712596
332,1563224400,226,537,311,763,28,2.522730967635818,1.2951197578143478
332,1563238800,50,172,122,222,29,0.4387996687368431,-0.828370169928216
332,1563253200,10,30,20,40,29,-0.6143195362315803,-1.4962387047801602
332,1563267600,382,256,0,638,29,-0.8208134979900947,0.6981864811619422
332,1563282000,297,327,30,624,29,-0.5110725553523231,0.6468119784810235
332,1563296400,359,410,51,769,29,-0.29425389550588305,1.178905041961968
332,1563310800,252,559,307,811,29,2.3488688150031014,1.3330285500047243
332,1563325200,53,216,163,269,29,0.8621122903417976,-0.6558986252137029
332,1563339600,12,43,31,55,29,-0.5007478572643974,-1.44119459476489
332,1563354000,357,238,0,595,29,-0.8208134979900947,0.5403933657848345
332,1563368400,313,334,21,647,29,-0.6039948381436546,0.7312129471711043
332,1563382800,356,349,0,705,29,-0.8208134979900947,0.9440501725634821
332,1563397200,261,542,281,803,29,2.0804266647170326,1.3036716913299136
332,1563411600,34,218,184,252,29,1.0789309501882378,-0.7182819498976758
332,1563426000,8,44,36,52,29,-0.4491243668247688,-1.452203416767944
332,1563440400,328,263,0,591,29,-0.8208134979900947,0.5257149364474292
332,1563454800,293,350,57,643,29,-0.2323057069783287,0.7165345178336989
332,1563469200,384,364,0,748,29,-0.8208134979900947,1.1018432879405897
332,1563483600,282,555,273,837,29,1.997829080013627,1.4284383406978591
332,1563498000,48,240,192,288,29,1.1615285348916435,-0.5861760858610274
332,1563512400,13,59,46,72,29,-0.34587738594551165,-1.3788112700809172
332,1563526800,318,156,0,474,29,-0.8208134979900947,0.09637087832832213
332,1563541200,287,275,0,562,29,-0.8208134979900947,0.4192963237512402
332,1563555600,321,366,45,687,29,-0.35620208403343734,0.8779972405451579
332,1563570000,462,700,238,1162,29,1.6364646469362267,2.6210607243620454
332,1563584400,77,244,167,321,29,0.9034110826935006,-0.46507904382743315
332,1563598800,21,87,66,108,29,-0.13938342418699723,-1.246705406044269
332,1563613200,108,63,0,171,29,-0.8208134979900947,-1.0155201439801345
332,1563627600,239,122,0,361,29,-0.8208134979900947,-0.3182947504533795
332,1563642000,234,212,0,446,29,-0.8208134979900947,-0.006378127033515438
332,1563656400,154,295,141,449,29,0.6349689324074318,0.004630694969538588
332,1563670800,51,213,162,264,29,0.8517875922538719,-0.6742466618854597
332,1563685200,16,68,52,84,29,-0.2839291974179573,-1.334775982068701
332,1563699600,74,56,0,130,29,-0.8208134979900947,-1.1659740446885394
332,1563714000,175,108,0,283,29,-0.8208134979900947,-0.6045241225327842
332,1563728400,213,204,0,417,29,-0.8208134979900947,-0.11279673972970435
332,1563742800,102,237,135,339,29,0.5730207438798774,-0.399026111809109
332,1563757200,28,186,158,214,29,0.810488799902169,-0.8577270286030267
332,1563771600,8,48,40,56,29,-0.40782557447306594,-1.4375249874305387
332,1563786000,318,246,0,564,29,-0.8208134979900947,0.4266355384199429
332,1563800400,317,314,0,631,29,-0.8208134979900947,0.6724992298214828
332,1563814800,352,344,0,696,29,-0.8208134979900947,0.91102370655432
332,1563829200,202,523,321,725,29,2.4934145882340615,1.0174423192505089
332,1563843600,40,213,173,253,30,0.83938201841598,-0.6088341702575931
332,1563858000,6,41,35,47,30,-0.5805477920888513,-1.4427426747327539
332,1563872400,331,233,0,564,30,-0.9406749179415259,0.6501247855277226
332,1563875913,28,109,81,137,30,-0.1072378552539075,-1.078413716466907
332,1563879254,17,84,67,101,30,-0.25128870559497735,-1.2241452997732458
332,1563886800,298,177,0,475,30,-0.9406749179415259,0.2898439267981628
332,1563888326,13,28,15,41,30,-0.7863347211475225,-1.467031271950477
332,1563901200,310,307,0,617,30,-0.9406749179415259,0.8646740609509436
332,1563915600,226,554,328,780,30,2.434230718620682,1.5245142853657554
332,1563930000,67,274,207,341,30,1.189219797815721,-0.2526014110643205
332,1563944400,9,68,59,77,30,-0.33360347721844585,-1.3212996886441384
332,1563958800,356,241,0,597,30,-0.9406749179415259,0.7837120702251998
332,1563973200,319,359,40,678,30,-0.5291010598241834,1.111608132664462
332,1563987600,327,398,71,725,30,-0.2101313197832431,1.30186881086996
332,1564002000,269,571,302,840,30,2.1667077108444093,1.7674002575429866
332,1564016400,75,320,245,395,30,1.5802149630271964,-0.03400403610481229
332,1564030800,11,60,49,71,30,-0.4364969417477814,-1.3455882858618615
332,1564045200,344,227,0,571,30,-0.9406749179415259,0.678461482281733
332,1564059600,316,312,0,628,30,-0.9406749179415259,0.9092031558501027
332,1564074000,346,358,12,704,30,-0.8172027605063231,1.216858720607929
332,1564088400,253,542,289,795,30,2.032946206956273,1.5852357784100632
332,1564102800,59,306,247,365,30,1.6007936559330636,-0.15544702219342796
332,1564117200,11,73,62,84,30,-0.30273543785964513,-1.292962991890128
332,1564131600,311,167,0,478,30,-0.9406749179415259,0.30198822540702436
332,1564146000,266,259,0,525,30,-0.9406749179415259,0.4922489036125222
332,1564160400,285,374,89,659,30,-0.024923083630439016,1.0346942414750055
332,1564174800,233,495,262,728,30,1.755133852727067,1.3140131094788214
332,1564189200,66,261,195,327,30,1.0657476403805184,-0.30927480457234113
332,1564203600,14,91,77,105,30,-0.14839524106564175,-1.207952901628097
332,1564218000,40,85,45,125,30,-0.4776543275595157,-1.1269909109023533
332,1564232400,133,153,20,286,30,-0.7348879888828547,-0.47524688556011585
332,1564246800,162,187,25,349,30,-0.6834412566181869,-0.22021661477402296
332,1564261200,127,258,131,385,30,0.40722946739277055,-0.07448503146768418
332,1564275600,60,202,142,262,30,0.5204122783750397,-0.5724012744310084
332,1564290000,17,87,70,104,30,-0.22042066623617668,-1.2120010011643843
332,1564304400,34,53,19,87,30,-0.7451773353357882,-1.2808186932812664
332,1564318800,124,168,44,292,30,-0.48794367401244926,-0.4509582883423927
332,1564333200,129,190,61,319,30,-0.3130247843125787,-0.34165960086263863
332,1564347600,79,237,158,316,30,0.6850418216219767,-0.3538038994715002
332,1564362000,36,205,169,241,30,0.7982246326042458,-0.6574113646930394
332,1564376400,12,38,26,50,30,-0.6731519101652533,-1.4305983761238923
332,1564390800,372,239,0,611,30,-0.9406749179415259,0.8403854637332204
332,1564405200,364,279,0,643,30,-0.9406749179415259,0.9699246488944105
332,1564419600,324,361,37,685,30,-0.5599690991829842,1.1399448294184724
332,1564434000,214,476,262,690,30,1.755133852727067,1.1601853270999083
332,1564448400,50,62,12,112,31,-0.4530530592972218,-1.2870390018582987
332,1564462800,11,15,4,26,31,-0.5259058125510464,-1.602494232808961
332,1564477200,341,240,0,581,31,-0.5623321891779587,0.43329243204705814
332,1564491600,292,292,0,584,31,-0.5623321891779587,0.4442966842895231
332,1564506000,361,331,0,692,31,-0.5623321891779587,0.840449765018262
332,1564520400,229,485,256,714,31,1.768955914944429,0.9211476147963384
332,1564534800,72,112,40,184,31,-0.19806842290883567,-1.0229369480391395
332,1564549200,14,9,0,23,31,-0.5623321891779587,-1.613498485051426
332,1564563600,341,235,0,576,31,-0.5623321891779587,0.41495201164294987
332,1564578000,299,271,0,570,31,-0.5623321891779587,0.39294350715801996
332,1564592400,335,303,0,638,31,-0.5623321891779587,0.6423732246538926
332,1564606800,208,515,307,723,31,2.2333922169375606,0.9541603715237333
332,1564621200,59,80,21,139,31,-0.3710937118866691,-1.1880007316761139
332,1564635600,15,21,6,36,31,-0.5076926242375902,-1.5658133920007444
332,1564650000,351,236,0,587,31,-0.5623321891779587,0.4553009365319881
332,1564664400,317,308,0,625,31,-0.5623321891779587,0.594688131603211
332,1564678800,351,378,27,729,31,-0.31645414694630064,0.9761688760086633
332,1564693200,221,541,320,762,31,2.3517779409750257,1.097215650675778
332,1564707600,69,118,49,187,31,-0.11610907549828298,-1.0119326957966743
332,1564722000,18,11,0,29,31,-0.5623321891779587,-1.5914899805664962
332,1564736400,305,177,0,482,31,-0.5623321891779587,0.07015210804571417
332,1564750800,457,249,0,706,31,-0.5623321891779587,0.8918029421497652
332,1564765200,263,392,129,655,31,0.6124184570399631,0.7047306540278607
332,1564779600,219,530,311,749,31,2.269818593564473,1.0495305576250964
332,1565398800,8134,8381,247,16515,32,1.6366395414454336,4.1145037696354905
332,1565413200,20,82,62,102,32,-0.2400855525674087,-0.33739521616347046
332,1565427600,133,77,0,210,32,-0.8690420705609019,-0.3081010535809878
332,1565442000,332,197,0,529,32,-0.8690420705609019,-0.22157477706421033
332,1565456400,347,290,0,637,32,-0.8690420705609019,-0.1922806144817277
332,1565470800,272,405,133,677,32,0.4801711051348173,-0.18143092463636376
332,1565485200,124,311,187,435,32,1.0279719433872145,-0.24707154820081562
332,1565499600,23,102,79,125,32,-0.06762973311757996,-0.3311566445023862
332,1565514000,93,122,29,215,32,-0.5748527314994293,-0.3067448423503173
332,1565528400,278,164,0,442,32,-0.8690420705609019,-0.24517285247787693
332,1565542800,320,585,265,905,32,1.8192398208628993,-0.11958769251778927
332,1565557200,359,397,38,756,32,-0.4835525917906964,-0.16000278719176997
332,1565571600,61,239,178,300,32,0.9366718036784817,-0.28368925142891893
332,1565586000,8,42,34,50,32,-0.5241304316612443,-0.3514998129624436
332,1565600400,295,185,0,480,32,-0.8690420705609019,-0.23486564712478117
332,1565614800,271,278,7,549,32,-0.798030850787443,-0.21614993214152836
332,1565629200,281,285,4,566,32,-0.8284642306903539,-0.2115388139572487
332,1565643600,227,506,279,733,32,1.961262260409817,-0.16624135885285424
332,1565658000,52,268,216,320,33,0.9605256252264949,-0.7237868816519475
332,1565672400,11,34,23,45,33,-0.7841454546060026,-1.612364526537151
332,1565686800,336,189,0,525,33,-0.9920596247414817,-0.06139263728297769
332,1565701200,284,264,0,548,33,-0.9920596247414817,0.012924765743784776
332,1565715600,304,335,31,639,33,-0.7118274823849665,0.30696318641488846
332,1565730000,229,535,306,764,33,1.7741028127131517,0.7108621159081627
332,1565744400,64,306,242,370,33,1.1955590349448624,-0.5622273098546378
332,1565758800,15,39,24,54,33,-0.7751057080783731,-1.5832838036136352
332,1565768392,28,88,60,116,33,-0.44967483308371037,-1.3829499345849712
332,1565773200,308,171,0,479,33,-0.9920596247414817,-0.2100274433365026
332,1565787600,294,241,0,535,33,-0.9920596247414817,-0.029080722923515746
332,1565802000,356,337,0,693,33,-0.9920596247414817,0.48144752395598295
332,1565816400,239,544,305,783,33,1.7650630661855222,0.7722547531911403
332,1565830800,65,278,213,343,33,0.9334063856436063,-0.649469478625185
332,1565845200,15,56,41,71,33,-0.6214300171086713,-1.5283535492025497
332,1565859600,324,213,0,537,33,-0.9920596247414817,-0.02261834005162336
332,1565874000,298,260,0,558,33,-0.9920596247414817,0.04523668010324672
332,1565888400,334,347,13,681,33,-0.8745429198822978,0.4426732267246286
332,1565902800,233,527,294,760,33,1.6656258543815976,0.697937350164378
332,1565917200,73,328,255,401,33,1.3130757398040462,-0.46206037534030575
332,1565931600,21,73,52,94,33,-0.5219928053047466,-1.4540361461757874
332,1565946000,386,212,0,598,33,-0.9920596247414817,0.1744843375410945
332,1565960400,315,255,0,570,33,-0.9920596247414817,0.08401097733460104
332,1565974800,310,375,65,685,33,-0.40447610044556276,0.45559799246841337
332,1565989200,243,522,279,765,33,1.5300296564671547,0.7140933073441089
332,1566003600,82,306,224,388,33,1.0328435974475312,-0.5040658640076063
332,1566018000,27,197,170,224,33,0.5446972849555369,-1.0339812595027822
332,1566032400,199,198,0,397,33,-0.9920596247414817,-0.4749851410840905
332,1566046800,439,422,0,861,33,-0.9920596247414817,1.0242876851949436
332,1566061200,548,725,177,1273,33,0.6079755106489436,2.3555385568047753
332,1566075600,462,709,247,1171,33,1.2407577675830102,2.025957030338264
332,1566090000,199,442,243,641,33,1.2045987814724919,0.31342556928678084
332,1566104400,28,161,133,189,33,0.21022666343324467,-1.1470729597608988
332,1566118800,136,206,70,342,33,-0.35927736780741515,-0.6527006700611312
332,1566133200,432,508,76,940,33,-0.30503888864163803,1.2795518086346929
332,1566147600,604,781,177,1385,33,0.6079755106489436,2.717431997630749
332,1566162000,371,489,118,860,33,0.07463046551880184,1.0210564937589974
332,1566176400,75,342,267,417,33,1.4215526981356004,-0.41036131236516665
332,1566190800,16,65,49,81,33,-0.5491120448876351,-1.4960416348430878
332,1566205200,286,167,0,453,33,-0.9920596247414817,-0.29403842067110364
332,1566219600,279,198,0,477,33,-0.9920596247414817,-0.21648982620839502
332,1566234000,281,345,64,626,33,-0.41351584697319227,0.26495769774758793
332,1566248400,224,509,285,733,33,1.5842681356329318,0.6106951813938307
332,1566262800,67,271,204,338,34,0.5808877097227225,-0.7809832546593845
332,1566277200,21,64,43,85,34,-0.5553467979848418,-1.7354085639188
332,1566291600,315,197,0,512,34,-0.858813157186241,-0.12458007754026061
332,1566306000,283,202,0,485,34,-0.858813157186241,-0.22643574295529706
332,1566320400,312,299,0,611,34,-0.858813157186241,0.24889069564820637
332,1566334800,257,526,269,783,34,1.0396159271201864,0.8977490086625126
332,1566349200,65,345,280,410,34,1.1172468562182187,-0.5093681468859539
332,1566363600,23,65,42,88,34,-0.562404155175572,-1.7240912677615738
332,1566378000,300,174,0,474,34,-0.858813157186241,-0.2679324955317934
332,1566392400,298,224,0,522,34,-0.858813157186241,-0.08685575701617304
332,1566406800,284,327,43,611,34,-0.5553467979848418,0.24889069564820637
332,1566421200,244,507,263,751,34,0.9972717839758051,0.7770311829854324
332,1566435600,68,276,208,344,34,0.6091171384856434,-0.7583486623449318
332,1566450000,15,59,44,74,34,-0.5482894407941116,-1.7769053164952964
332,1566464400,320,203,0,523,34,-0.858813157186241,-0.08308332496376428
332,1566478800,325,291,0,616,34,-0.858813157186241,0.26775285591025016
332,1566493200,322,337,15,659,34,-0.7529527993252878,0.4299674341638267
332,1566507600,220,530,310,750,34,1.328967571940125,0.7732587509330237
332,1566522000,53,314,261,367,34,0.9831570695943447,-0.6715827251395304
332,1566536400,14,72,58,86,34,-0.4494864401238886,-1.7316361318663913
332,1566550800,266,163,0,429,34,-0.858813157186241,-0.43769193789018745
332,1566565200,280,246,0,526,34,-0.858813157186241,-0.07176602880653801
332,1566579600,306,334,28,640,34,-0.661207155845795,0.35829122516806033
332,1566594000,255,507,252,762,34,0.9196408548777727,0.8185279355619287
332,1566608400,107,347,240,454,34,0.8349525685890102,-0.34338113657996855
332,1566622800,28,195,167,223,34,0.31976549366570467,-1.2148129406863915
332,1566637200,183,812,629,995,34,3.580264515783063,1.6975046037731691
332,1566651600,892,334,0,1226,34,-0.858813157186241,2.568936407879592
332,1566666000,506,461,0,967,34,-0.858813157186241,1.591876506305724
332,1566680400,350,523,173,873,34,0.36210963681008596,1.2372678933793009
332,1566694800,149,533,384,682,34,1.8512120040541609,0.5167333713692281
332,1566709200,29,180,151,209,34,0.20684777861402126,-1.2676269894201142
332,1566723600,123,194,71,317,34,-0.3577407966443958,-0.8602043277599684
332,1566738000,393,327,0,720,34,-0.858813157186241,0.6600857893607609
332,1566752400,436,488,52,924,34,-0.49183058326826984,1.4296619280521474
332,1566766800,242,493,251,735,34,0.9125834976870425,0.7166722701468923
332,1566781200,84,399,315,483,34,1.3642543578937762,-0.2339806070601146
332,1566795600,18,87,69,105,34,-0.37185551102585623,-1.659959922870625
332,1566810000,309,194,0,503,34,-0.858813157186241,-0.15853196601193942
332,1566824400,303,303,0,606,34,-0.858813157186241,0.23002853538616258
332,1566838800,331,368,37,699,34,-0.597690941129223,0.580864716260177
332,1566853200,236,488,252,724,34,0.9196408548777727,0.675175517570396
332,1566867600,51,227,176,278,35,1.4101003928368339,-0.648646963559606
332,1566882000,13,40,27,53,35,-0.6511956264046767,-1.401220788684011
332,1566896400,345,221,0,566,35,-1.0247190661330041,0.314647532599632
332,1566910800,640,456,0,1096,35,-1.0247190661330041,2.0873769873371186
332,1566925200,447,458,11,905,35,-0.8725428499473892,1.448525429120402
332,1566939600,381,539,158,920,35,1.1610847663512824,1.4986970174620289
332,1566954000,65,245,180,310,35,1.465437198722512,-0.5416142417641352
332,1566968400,14,32,18,46,35,-0.7757034396474525,-1.4246341965767702
332,1566982800,344,256,0,600,35,-1.0247190661330041,0.42836979950731985
332,1566997200,364,453,89,817,35,0.20652486482333451,1.154185444182857
332,1567011600,425,442,17,867,35,-0.7895376411188719,1.3214240719882802
332,1567026000,391,535,144,926,35,0.9674059457514089,1.5187656527986797
332,1567040400,85,234,149,319,35,1.0365769531085065,-0.511511288759159
332,1567054800,11,51,40,62,35,-0.47135100727622264,-1.3711178356790346
332,1567069200,343,235,0,578,35,-1.0247190661330041,0.3547848032729336
332,1567083600,378,425,47,803,35,-0.37451159697628594,1.1073586283973385
332,1567098000,416,470,54,886,35,-0.2776721866763492,1.384974750554341
332,1567112400,439,540,101,979,35,0.37253528248036893,1.6960385982724284
332,1567126800,63,221,158,284,35,1.1610847663512824,-0.6285783282229552
332,1567141200,19,53,34,72,35,-0.5543562161047398,-1.33767011011795
332,1567155600,293,227,0,520,35,-1.0247190661330041,0.1607879950186426
332,1567170000,366,420,54,786,35,-0.2776721866763492,1.0504974949434944
332,1567184400,430,409,0,839,35,-1.0247190661330041,1.2277704404172431
332,1567198800,274,445,171,719,35,1.3409293854797364,0.8263977336842273
332,1567213200,86,273,187,359,35,1.562276609022449,-0.37772038651482037
332,1567227600,18,91,73,109,35,-0.014822358719378044,-1.2139135255419367
332,1567242000,118,93,0,211,35,-1.0247190661330041,-0.8727467248188733
332,1567256400,209,184,0,393,35,-1.0247190661330041,-0.26399811960713254
332,1567270800,227,265,38,492,35,-0.49901941021906177,0.06713436344760558
332,1567285200,160,363,203,523,35,1.7836238325651617,0.17082231268696801
332,1567299600,55,276,221,331,35,2.032639459050713,-0.4713740180858574
332,1567314000,15,118,103,133,35,0.400203685423208,-1.1336389841953336
332,1567328400,70,73,3,143,35,-0.9832164617187454,-1.1001912586342488
332,1567342800,206,206,0,412,35,-1.0247190661330041,-0.20044744104107168
332,1567357200,233,263,30,496,35,-0.609693021990418,0.08051345367203944
332,1567371600,143,293,150,436,35,1.0504111545799262,-0.1201728996944685
332,1567386000,66,249,183,315,35,1.5069398031367707,-0.5248903789835928
332,1567400400,17,78,61,95,35,-0.18083277637641246,-1.2607403413274554
332,1567414800,65,60,0,125,35,-1.0247190661330041,-1.1603971646442013
332,1567429200,152,124,0,276,35,-1.0247190661330041,-0.655336508671823
332,1567443600,151,220,69,371,35,-0.07015916460505618,-0.3375831158415188
332,1567458000,104,266,162,370,35,1.2164215722369605,-0.3409278883976272
332,1567472400,39,215,176,254,36,1.61518833569366,-0.7854091289072113
332,1567486800,12,40,28,52,36,-0.5565639235907421,-1.3904587111871332
332,1567501200,334,259,0,593,36,-0.967435972644548,0.22999586313681633
332,1567515600,365,424,59,789,36,-0.10166986928117137,0.8170736756460476
332,1567530000,426,453,27,879,36,-0.5712379253426637,1.086650222206409
332,1567544400,401,485,84,886,36,0.26518017451686954,1.1076172869388814
332,1567558800,88,232,144,320,36,1.1456202796321677,-0.587719661429613
332,1567573200,10,38,28,48,36,-0.5565639235907421,-1.4024398910342604
332,1567587600,373,289,0,662,36,-0.967435972644548,0.43667121549976
332,1567602000,341,490,149,831,36,1.2189902883917758,0.9428760640408829
332,1567616400,442,404,0,846,36,-0.967435972644548,0.9878054884676097
332,1567630800,416,534,118,950,36,0.7640962340822052,1.299316164492916
332,1567645200,83,265,182,348,36,1.70323234620519,-0.5038514024997227
332,1567659600,12,54,42,66,36,-0.3511278990638392,-1.3485245817221883
332,1567674000,418,438,20,856,36,-0.6739559376061152,1.0177584380854277
332,1567688400,344,502,158,846,36,1.3510563041590706,0.9878054884676097
332,1567702800,526,429,0,955,36,-0.967435972644548,1.314292639301825
332,1567717200,434,549,115,983,36,0.7200742288264402,1.3981608982317153
332,1567731600,86,282,196,368,36,1.9086683707320926,-0.44394550326408694
332,1567746000,12,58,46,70,36,-0.29243189205615266,-1.336543401875061
332,1567760400,404,395,0,799,36,-0.967435972644548,0.8470266252638655
332,1567774800,337,391,54,728,36,-0.17503987804077956,0.6343606829773583
332,1567789200,489,347,0,836,36,-0.967435972644548,0.9578525388497918
332,1567803600,294,516,222,810,36,2.2901924162820553,0.8799748698434653
332,1567818000,85,162,77,247,36,0.16246216225341809,-0.8063761936396838
332,1567832400,15,29,14,44,36,-0.761999948117645,-1.4144210708813876
332,1567846800,96,63,0,159,36,-0.967435972644548,-1.0699621502764816
332,1567861200,212,161,0,373,36,-0.967435972644548,-0.428969028455178
332,1567875600,212,277,65,489,36,-0.01362585876964155,-0.08151481288849005
332,1567890000,186,286,100,472,36,0.49996420254761575,-0.13243482723878053
332,1567904400,52,165,113,217,36,0.690726225322597,-0.8962350424931376
332,1567918800,18,20,2,38,36,-0.9380879691407047,-1.4323928406520783
332,1567933200,75,31,0,106,36,-0.967435972644548,-1.2287127832509164
332,1567947600,184,169,0,353,36,-0.967435972644548,-0.4888749276908138
332,1567962000,167,189,22,356,36,-0.6446079341022719,-0.4798890428054684
332,1567976400,96,248,152,344,36,1.2630122936475408,-0.5158325823468499
332,1567990800,33,97,64,130,36,-0.028299860521563185,-1.1568257041681536
332,1568005200,16,11,0,27,36,-0.967435972644548,-1.4653410852316782
332,1568019600,427,418,0,845,36,-0.967435972644548,0.984810193505828
332,1568034000,310,491,181,801,36,1.6885583444532684,0.8530172151874291
332,1568048400,491,451,0,942,36,-0.967435972644548,1.275353804798662
332,1568062800,416,547,131,963,36,0.9548582568571865,1.3382549989960795
332,1568077200,58,202,144,260,37,0.9930502102682554,-0.8431050722017019
332,1568091600,12,31,19,43,37,-0.745946989167482,-1.4602986166230925
332,1568106000,429,430,1,859,37,-0.9963625858862282,0.8605766471919057
332,1568120400,339,480,141,819,37,0.9513142774817976,0.7468082519068568
332,1568134800,542,462,0,1004,37,-1.010274563481714,1.2729870801002081
332,1568149200,441,613,172,1054,37,1.3825855829418605,1.4151975742065193
332,1568163600,74,202,128,276,37,0.770458568740481,-0.7975977140876823
332,1568178000,12,32,20,44,37,-0.7320350115719961,-1.4574544067409663
332,1568192400,448,447,0,895,37,-1.010274563481714,0.9629682029484499
332,1568206800,348,472,124,820,37,0.7148106583585374,0.749652461788983
332,1568221200,552,482,0,1034,37,-1.010274563481714,1.3583133765639948
332,1568235600,406,560,154,966,37,1.1321699862231143,1.1649071045794117
332,1568250000,69,244,175,313,37,1.4243215157283182,-0.6923619484490121
332,1568264400,13,32,19,45,37,-0.745946989167482,-1.4546101968588399
332,1568278800,446,473,27,919,37,-0.6346511684035948,1.0312292401194791
332,1568293200,365,445,80,810,37,0.1026836441571578,0.7212103629677209
332,1568307600,519,437,0,956,37,-1.010274563481714,1.1364650057581493
332,1568322000,410,564,154,974,37,1.1321699862231143,1.1876607836364215
332,1568336400,62,280,218,342,37,2.022536552334212,-0.6098798618673517
332,1568350800,12,49,37,61,37,-0.49553139244873584,-1.4091028387448203
332,1568365200,393,428,35,821,37,-0.5233553476397077,0.7524966716711093
332,1568379600,361,350,0,711,37,-1.010274563481714,0.43963358463722474
332,1568394000,513,406,0,919,37,-1.010274563481714,1.0312292401194791
332,1568408400,318,557,239,875,37,2.314688081839416,0.9060840053059254
332,1568422800,85,278,193,363,37,1.6747371124470645,-0.550151454342701
332,1568437200,14,92,78,106,37,0.07485968896618601,-1.2811133940491404
332,1568451600,83,61,0,144,37,-1.010274563481714,-1.1730334185283438
332,1568466000,222,179,0,401,37,-1.010274563481714,-0.44207147882190445
332,1568480400,244,239,0,483,37,-1.010274563481714,-0.20884626848755417
332,1568494800,152,263,111,415,37,0.5339549496172207,-0.4022525404721373
332,1568509200,62,209,147,271,37,1.034786143054713,-0.8118187634983135
332,1568523600,9,84,75,93,37,0.03312375617972831,-1.3180881225167813
332,1568538000,65,55,0,120,37,-1.010274563481714,-1.2412944556993732
332,1568552400,198,186,0,384,37,-1.010274563481714,-0.49042304681805027
332,1568566800,240,280,40,520,37,-0.45379545966227813,-0.10361050284888389
332,1568581200,171,220,49,391,37,-0.32858766130290507,-0.4705135776431667
332,1568595600,46,177,131,223,37,0.8121945015269386,-0.9483408378403722
332,1568610000,13,44,31,57,37,-0.5790032580216512,-1.4204796782733253
332,1568624400,406,449,43,855,37,-0.4120595268758205,0.8491998076634009
332,1568638800,354,464,110,818,37,0.5200429720217348,0.7439640420247307
332,1568653200,486,421,0,907,37,-1.010274563481714,0.9970987215339645
332,1568667600,422,577,155,999,37,1.1460819638186002,1.2587660306895772
332,1568682000,66,223,157,289,38,1.2850693074929793,-0.7230708610626322
332,1568696400,15,40,25,55,38,-0.5967120556187686,-1.3726449399039073
332,1568710800,447,462,15,909,38,-0.739271249793901,0.9980228521065581
332,1568725200,360,426,66,786,38,-0.012219359500725693,0.6565800670746058
332,1568739600,520,443,0,963,38,-0.9531100410565996,1.1479245626083907
332,1568754000,424,572,148,996,38,1.1567660327353602,1.2395311634706219
332,1568768400,91,229,138,320,38,1.0142068385602276,-0.6370161754041727
332,1568782800,9,34,25,43,38,-0.5967120556187686,-1.4059564311265367
332,1568797200,467,457,0,924,38,-0.9531100410565996,1.039662216134845
332,1568811600,365,449,84,814,38,0.24438719001451265,0.734306879927408
332,1568826000,577,467,0,1044,38,-0.9531100410565996,1.3727771283611399
332,1568840400,400,616,216,1016,38,2.1261685531262606,1.2950503155083377
332,1568854800,66,263,197,329,38,1.855306084193509,-0.6120325569872006
332,1568869200,12,31,19,43,38,-0.682247572123848,-1.4059564311265367
332,1568883600,445,451,6,896,38,-0.8675745245515202,0.9619354032820429
332,1568898000,371,440,69,811,38,0.03054839875181403,0.7259790071217506
332,1568912400,478,485,7,963,38,-0.8533186051340069,1.1479245626083907
332,1568926800,420,557,137,977,38,0.9999509191427144,1.1867879690347918
332,1568941200,63,245,182,308,38,1.6414672929308103,-0.6703276666268022
332,1568955600,11,32,21,43,38,-0.6537357332888215,-1.4059564311265367
332,1568970000,418,430,12,848,38,-0.7820390080464407,0.8286894383915249
332,1568984400,347,413,66,760,38,-0.012219359500725693,0.5844051694255753
332,1568998800,551,431,0,982,38,-0.9531100410565996,1.2006677570442208
332,1569013200,325,567,242,892,38,2.4968224579816045,0.9508315728744997
332,1569027600,87,220,133,307,38,0.9429272414726615,-0.673103624228688
332,1569042000,10,58,48,68,38,-0.26882590901596404,-1.336557491079392
332,1569056400,101,46,0,147,38,-0.9531100410565996,-1.1172568405304144
332,1569070800,240,156,0,396,38,-0.9531100410565996,-0.4260433976608526
332,1569085200,221,233,12,454,38,-0.7820390080464407,-0.26503785675147673
332,1569099600,158,240,82,398,38,0.21587535117948617,-0.420491482457081
332,1569114000,60,193,133,253,38,0.9429272414726615,-0.8230053347305206
332,1569128400,15,61,46,76,38,-0.2973377478509905,-1.3143498302643057
332,1569142800,67,39,0,106,38,-0.9531100410565996,-1.2310711022077319
332,1569157200,207,158,0,365,38,-0.9531100410565996,-0.5120980833193121
332,1569171600,208,198,0,406,38,-0.9531100410565996,-0.39828382164199466
332,1569186000,103,226,123,329,38,0.8003680472975291,-0.6120325569872006
332,1569200400,31,136,105,167,38,0.5437614977822907,-1.0617376884926986
332,1569214800,14,23,9,37,38,-0.8248067662989804,-1.4226121767378515
332,1569229200,440,454,14,894,38,-0.7535271692114143,0.9563834880782712
332,1569243600,339,471,132,810,38,0.9286713220551482,0.7232030495198648
332,1569258000,488,437,0,925,38,-0.9531100410565996,1.0424381737367308
332,1569272400,395,534,139,929,38,1.028462757977741,1.053542004144274
332,1569286800,63,229,166,292,39,1.2510389988325064,-0.6687098584545578
332,1569301200,13,40,27,53,39,-0.541686989185209,-1.3596526849256696
332,1569315600,438,450,12,888,39,-0.7351466281799265,1.0543107464692185
332,1569330000,349,432,83,781,39,0.180562329728403,0.7449765103503527
332,1569344400,506,554,48,1060,39,-0.2708434945926045,1.5515583035948721
332,1569358800,399,557,158,956,39,1.1478605247019904,1.2508969899840119
332,1569373200,69,234,165,303,39,1.2381416895661919,-0.6369091425918707
332,1569387600,9,37,28,46,39,-0.5287896799188945,-1.379889504111016
332,1569402000,487,454,0,941,39,-0.8899143393757004,1.207532377443984
332,1569416400,359,470,111,829,39,0.541686989185209,0.883743270478442
332,1569430800,540,474,0,1014,39,-0.8899143393757004,1.4185734918054533
332,1569445200,411,620,209,1031,39,1.8056232972840298,1.4677200526841516
332,1569459600,73,196,123,269,39,0.696454700380983,-0.7352022643492673
332,1569474000,13,34,21,47,39,-0.6190708447830959,-1.3769985299416807
332,1569488400,440,438,0,878,39,-0.8899143393757004,1.0254010047758666
332,1569502800,406,478,72,884,39,0.038691927798943496,1.042746849791878
332,1569517200,492,493,1,985,39,-0.8770170301093859,1.3347352408947326
332,1569531600,474,603,129,1077,39,0.77383855597887,1.6007048644735706
332,1569546000,61,267,206,328,39,1.7669313694850863,-0.5646347883584908
332,1569560400,9,45,36,54,39,-0.42561120578837847,-1.3567617107563343
332,1569574800,432,445,13,877,39,-0.722249318913612,1.0225100306065316
332,1569589200,346,326,0,672,39,-0.8899143393757004,0.4298603258928164
332,1569603600,517,389,0,906,39,-0.8899143393757004,1.106348281517252
332,1569618000,295,522,227,817,39,2.037774864077691,0.8490515804464197
332,1569632400,91,213,122,304,39,0.6835573911146685,-0.6340181684225354
332,1569646800,22,51,29,73,39,-0.51589237065258,-1.3018332015389655
332,1569661200,82,70,0,152,39,-0.8899143393757004,-1.0734462421614852
332,1569675600,230,165,0,395,39,-0.8899143393757004,-0.3709395190130327
332,1569690000,238,262,24,500,39,-0.5803789169841524,-0.06738723123283717
332,1569704400,171,274,103,445,39,0.43850851505469296,-0.2263908105462729
332,1569718800,45,156,111,201,39,0.541686989185209,-0.9317885078640605
332,1569733200,15,89,74,104,39,0.0644865463315725,-1.2122130022895745
332,1569747600,68,48,0,116,39,-0.8899143393757004,-1.1775213122575523
332,1569762000,181,163,0,344,39,-0.8899143393757004,-0.5183792016491277
332,1569776400,192,180,0,372,39,-0.8899143393757004,-0.4374319249077422
332,1569790800,111,229,118,340,39,0.6319681540494104,-0.5299430983264685
332,1569805200,40,161,121,201,39,0.670660081848354,-0.9317885078640605
332,1569819600,11,40,29,51,39,-0.51589237065258,-1.36543463326434
332,1569834000,335,212,0,547,39,-0.8899143393757004,0.068488554725917
332,1569848400,298,218,0,516,39,-0.8899143393757004,-0.021131644523474054
332,1569862800,282,300,18,582,39,-0.6577627725820395,0.16967265065264883
332,1569877200,217,531,314,748,39,3.1598407702470523,0.6495743627622913
332,1569891600,53,191,138,244,40,0.9566295726091276,-0.8464891815116276
332,1569906000,14,29,15,43,40,-0.642706470141278,-1.448516280948962
332,1569920400,360,206,0,566,40,-0.8377474509644982,0.11795224146758491
332,1569934800,300,255,0,555,40,-0.8377474509644982,0.08500548478195966
332,1569949200,281,303,22,584,40,-0.5516873457571085,0.17186511604406263
332,1569963600,261,559,298,820,40,3.0370667013901427,0.8787228049356594
332,1569978000,52,224,172,276,40,1.3987224624750934,-0.7506440711534449
332,1569992400,9,25,16,34,40,-0.6297037380863967,-1.4754727182372007
332,1570006800,451,426,0,877,40,-0.8377474509644982,1.049446907761172
332,1570021200,362,414,52,776,40,-0.1616053841106682,0.7469357781931583
332,1570035600,525,465,0,990,40,-0.8377474509644982,1.3878999537135044
332,1570050000,406,628,222,1034,40,2.0488590652191605,1.5196869804560054
332,1570064400,66,236,170,302,40,1.3727169983653307,-0.6727699189874216
332,1570078800,12,43,31,55,40,-0.43466275726317644,-1.4125743645646436
332,1570093200,421,413,0,834,40,-0.8377474509644982,0.9206550407173641
332,1570107600,404,459,55,863,40,-0.12259718794602414,1.0075146719794672
332,1570122000,499,491,0,990,40,-0.8377474509644982,1.3878999537135044
332,1570136400,415,540,125,955,40,0.7875940558956701,1.2830693642592421
332,1570150800,64,235,171,299,40,1.385719730420212,-0.6817553980835012
332,1570165200,16,37,21,53,40,-0.5646900778119899,-1.4185646839620298
332,1570179600,417,441,24,858,40,-0.5256818816473459,0.9925388734860011
332,1570194000,386,417,31,803,40,-0.43466275726317644,0.8278050900578748
332,1570208400,548,448,0,996,40,-0.8377474509644982,1.4058709119056636
332,1570222800,311,499,188,810,40,1.606766175353195,0.8487712079487273
332,1570237200,60,262,202,322,40,1.7888044241215335,-0.6128667250135574
332,1570251600,15,68,53,83,40,-0.14860265205578685,-1.3287098930012338
332,1570266000,128,117,0,245,40,-0.8377474509644982,-0.8434940218129343
332,1570280400,273,166,0,439,40,-0.8377474509644982,-0.26243304026645226
332,1570294800,314,255,0,569,40,-0.8377474509644982,0.12693772056366454
332,1570309200,201,239,38,440,40,-0.343643632879007,-0.25943788056775907
332,1570323600,62,184,122,246,40,0.7485858597310261,-0.8404988621142411
332,1570338000,15,56,41,71,40,-0.304635436714363,-1.3646518093855522
332,1570352400,88,51,0,139,40,-0.8377474509644982,-1.1609809498744141
332,1570366800,232,178,0,410,40,-0.8377474509644982,-0.34929267152855525
332,1570381200,220,192,0,412,40,-0.8377474509644982,-0.34330235213116883
332,1570395600,143,255,112,398,40,0.6185585391822126,-0.38523458791287374
332,1570410000,43,146,103,189,40,0.5015339506882804,-1.011222964939754
332,1570424400,12,34,22,46,40,-0.5516873457571085,-1.4395308018528823
332,1570438800,406,418,12,824,40,-0.681714666305922,0.8907034437304321
332,1570453200,322,429,107,751,40,0.5535448789078059,0.672056785725828
332,1570467600,516,456,0,972,40,-0.8377474509644982,1.3339870791370267
332,1570482000,401,544,143,945,40,1.0216432328835343,1.2531177672723102
332,1570496400,59,180,121,239,41,0.8638817076824633,-0.8671121582982942
332,1570510800,13,20,7,33,41,-0.6096721278656785,-1.4612089585514494
332,1570525200,450,440,0,890,41,-0.7001535037326696,1.0103490891036668
332,1570539600,327,281,0,608,41,-0.7001535037326696,0.1970709450677943
332,1570554000,414,400,0,814,41,-0.7001535037326696,0.7911677453209495
332,1570568400,272,550,278,822,41,2.8932497092706937,0.8142394657191302
332,1570582800,46,176,130,222,41,0.9802149052257376,-0.9161395641444284
332,1570597200,17,35,18,52,41,-0.4674871086461209,-1.40641362260577
332,1570611600,590,196,0,786,41,-0.7001535037326696,0.7104167239273167
332,1570626000,550,227,0,777,41,-0.7001535037326696,0.6844610384793633
332,1570640400,349,339,0,688,41,-0.7001535037326696,0.4277881490496021
332,1570654800,248,498,250,746,41,2.5313242058027288,0.5950581219364127
332,1570669200,53,183,130,236,41,0.9802149052257376,-0.8757640534476121
332,1570683600,13,35,22,48,41,-0.4157834652935546,-1.4179494828048604
332,1570698000,749,420,0,1169,41,-0.7001535037326696,1.8149753379902216
332,1570712400,613,447,0,1060,41,-0.7001535037326696,1.5006231475650085
332,1570726800,532,509,0,1041,41,-0.7001535037326696,1.445827811619329
332,1570741200,468,550,82,1018,41,0.35977118499494104,1.3794966154745594
332,1570755600,63,227,164,290,41,1.4196958737225518,-0.7200299407598918
332,1570770000,17,51,34,68,41,-0.26067253523585543,-1.3602701818094085
332,1570784400,702,441,0,1143,41,-0.7001535037326696,1.7399922466961342
332,1570798800,605,396,0,1001,41,-0.7001535037326696,1.3304692096284252
332,1570813200,516,487,0,1003,41,-0.7001535037326696,1.3362371397279704
332,1570827600,343,537,194,880,41,1.8074731988667996,0.9815094386059409
332,1570842000,93,224,131,317,41,0.9931408160638793,-0.6421628844160316
332,1570856400,13,67,54,80,41,-0.0021543184730235683,-1.3256626012121373
332,1570870800,124,78,0,202,41,-0.7001535037326696,-0.9738188651398804
332,1570885200,448,160,0,608,41,-0.7001535037326696,0.1970709450677943
332,1570899600,371,219,0,590,41,-0.7001535037326696,0.14515957417188752
332,1570914000,221,252,31,473,41,-0.2994502677502802,-0.1922643366515064
332,1570928400,74,204,130,278,41,0.9802149052257376,-0.754637521357163
332,1570942800,21,74,53,95,41,-0.015080229311165162,-1.2824031254655484
332,1570957200,89,52,0,141,41,-0.7001535037326696,-1.1497407331760088
332,1570971600,422,133,0,555,41,-0.7001535037326696,0.04422079742984661
332,1570986000,324,168,0,492,41,-0.7001535037326696,-0.13746900070582704
332,1571000400,161,219,58,380,41,0.049549324879542805,-0.460473086280358
332,1571014800,39,167,128,206,41,0.9543630835494544,-0.96228300494079
332,1571029200,18,51,33,69,41,-0.273598446073997,-1.3573862167596358
332,1571043600,428,98,0,526,41,-0.7001535037326696,-0.039414189013558726
332,1571058000,503,190,0,693,41,-0.7001535037326696,0.4422079742984651
332,1571072400,373,291,0,664,41,-0.7001535037326696,0.35857298785505975
332,1571086800,218,445,227,663,41,2.2340282565254723,0.35568902280528714
332,1571101200,40,219,179,259,42,1.726604963205852,-0.9213182912985587
332,1571115600,11,29,18,40,42,-0.4888225057121691,-1.4565814067207505
332,1571130000,752,427,0,1179,42,-0.7365100488210162,1.32727561823759
332,1571144400,551,461,0,1012,42,-0.7365100488210162,0.9191069411804847
332,1571158800,491,462,0,953,42,-0.7365100488210162,0.7749036361124056
332,1571173200,375,579,204,954,42,2.0706154397459176,0.7773477599271189
332,1571187600,74,218,144,292,42,1.2449902960497605,-0.840662205413023
332,1571202000,9,36,27,45,42,-0.36497873415774557,-1.4443607876471847
332,1571216400,750,387,0,1137,42,-0.7365100488210162,1.2246224180196355
332,1571230800,588,441,0,1029,42,-0.7365100488210162,0.9606570460306093
332,1571245200,457,490,33,947,42,-0.2824162197881299,0.7602388932241264
332,1571259600,342,514,172,856,42,1.6302820297746337,0.5378236260852248
332,1571274000,61,224,163,285,42,1.5064382582202103,-0.8577710721160153
332,1571288400,14,41,27,55,42,-0.36497873415774557,-1.4199195495000525
332,1571302800,746,457,0,1203,42,-0.7365100488210162,1.385934589790707
332,1571317200,582,455,0,1037,42,-0.7365100488210162,0.9802100365483148
332,1571331600,508,520,12,1028,42,-0.5713850200817848,0.958212922215896
332,1571346000,458,491,33,949,42,-0.2824162197881299,0.7651271408535528
332,1571360400,66,254,188,320,42,1.8504487347602756,-0.7722267386010532
332,1571374800,21,41,20,62,42,-0.4613016675889639,-1.4028106827970601
332,1571389200,720,434,0,1154,42,-0.7365100488210162,1.2661725228697598
332,1571403600,590,408,0,998,42,-0.7365100488210162,0.8848892077744999
332,1571418000,477,441,0,918,42,-0.7365100488210162,0.6893593025974435
332,1571432400,354,600,246,954,42,2.648553040333227,0.7773477599271189
332,1571446800,94,230,136,324,42,1.1349069435569397,-0.7624502433422004
332,1571461200,21,78,57,99,42,0.04783383769033288,-1.3123781016526714
332,1571475600,136,75,0,211,42,-0.7365100488210162,-1.0386362344047926
332,1571490000,442,188,0,630,42,-0.7365100488210162,-0.014548356039959581
332,1571504400,410,313,0,723,42,-0.7365100488210162,0.2127551587283685
332,1571518800,266,309,43,575,42,-0.14481202917210373,-0.14897516584918585
332,1571533200,76,181,105,257,42,0.7083339526472584,-0.9262065389279851
332,1571547600,18,76,58,94,42,0.06159425675193549,-1.3245987207262375
332,1571562000,92,53,0,145,42,-0.7365100488210162,-1.199948406175864
332,1571576400,409,240,0,649,42,-0.7365100488210162,0.03188999643959132
332,1571590800,315,251,0,566,42,-0.7365100488210162,-0.1709722801816047
332,1571605200,118,216,98,334,42,0.6120110192160401,-0.7380090051950683
332,1571619600,47,131,84,178,42,0.4193651523536035,-1.1192923202903282
332,1571634000,13,23,10,36,42,-0.5989058582049901,-1.4663579019796034
332,1571648400,795,440,0,1235,42,-0.7365100488210162,1.4641465518615295
332,1571662800,589,442,0,1031,42,-0.7365100488210162,0.9655452936600357
332,1571677200,525,483,0,1008,42,-0.7365100488210162,0.9093304459216319
332,1571691600,379,570,191,949,42,1.8917299919450834,0.7651271408535528
332,1571706000,76,216,140,292,43,1.3202656830273298,-0.8074958164960465
332,1571720400,8,38,30,46,43,-0.25464458177676613,-1.3964029087553218
332,1571734800,783,415,0,1198,43,-0.6841655630869741,1.3614059135320158
332,1571749200,641,425,0,1066,43,-0.6841655630869741,1.0454069859782584
332,1571763600,495,486,0,981,43,-0.6841655630869741,0.8419228280837934
332,1571778000,431,568,137,999,43,1.277313584896309,0.885013590932033
332,1571792400,53,251,198,304,43,2.1506729135603986,-0.7787686412638868
332,1571806800,7,22,15,29,43,-0.46940507243187013,-1.4370997403342147
332,1571821200,795,431,0,1226,43,-0.6841655630869741,1.428435989073722
332,1571835600,608,471,0,1079,43,-0.6841655630869741,1.0765280924797647
332,1571850000,560,459,0,1019,43,-0.6841655630869741,0.9328922163189659
332,1571864400,356,502,146,858,43,1.4061698792893713,0.5474692819541558
332,1571878800,55,270,215,325,43,2.3940681363028498,-0.7284960846076072
332,1571893200,12,37,25,49,43,-0.3262314119951341,-1.3892211149472817
332,1571907600,783,450,0,1233,43,-0.6841655630869741,1.4451935079591485
332,1571922000,581,449,0,1030,43,-0.6841655630869741,0.959225460281779
332,1571936400,521,525,4,1046,43,-0.6268960989122797,0.9975283605913254
332,1571950800,461,634,173,1095,43,1.7927387624685585,1.1148309927893112
332,1571965200,63,225,162,288,43,1.635247735988149,-0.8170715415734331
332,1571979600,17,41,24,58,43,-0.34054877803880773,-1.367675733523162
332,1571994000,699,447,0,1146,43,-0.6841655630869741,1.2369214875259902
332,1572008400,655,386,0,1041,43,-0.6841655630869741,0.9855587042445921
332,1572022800,472,470,0,942,43,-0.6841655630869741,0.7485595085792741
332,1572037200,322,557,235,879,43,2.6804154571763217,0.5977418386104354
332,1572051600,100,197,97,297,43,0.7046189431493649,-0.7955261601493133
332,1572066000,13,61,48,74,43,0.003068007009358643,-1.3293728332136157
332,1572080400,127,47,0,174,43,-0.6841655630869741,-1.089979706278951
332,1572094800,464,178,0,642,43,-0.6841655630869741,0.030380127775279965
332,1572109200,333,225,0,558,43,-0.6841655630869741,-0.1707100988498384
332,1572123600,262,216,0,478,43,-0.6841655630869741,-0.36222460039757015
332,1572138000,88,161,73,249,43,0.3610021581011986,-0.9104348610779524
332,1572152400,11,67,56,78,43,0.11760693535874743,-1.319797108136229
332,1572166800,113,44,0,157,43,-0.6841655630869741,-1.1306765378578438
332,1572181200,338,129,0,467,43,-0.6841655630869741,-0.38855784436038326
332,1572195600,308,159,0,467,43,-0.6841655630869741,-0.38855784436038326
332,1572210000,272,172,0,444,43,-0.6841655630869741,-0.44361826355535616
332,1572224400,30,130,100,160,43,0.7475710412803858,-1.123494744049804
332,1572238800,9,32,23,41,43,-0.3548661440824813,-1.4083725651020549
332,1572253200,663,418,0,1081,43,-0.6841655630869741,1.0813159550184581
332,1572267600,530,450,0,980,43,-0.6841655630869741,0.8395288968144468
332,1572282000,521,446,0,967,43,-0.6841655630869741,0.8084077903129403
332,1572296400,391,497,106,888,43,0.8334752375424274,0.6192872200345552
332,1572310800,55,184,129,239,44,1.156667646949925,-0.8305956206702063
332,1572325200,12,44,32,56,44,-0.31637517695566886,-1.3376211103430842
332,1572339600,765,409,0,1174,44,-0.8023274487595761,1.7599444495163552
332,1572354000,408,445,37,853,44,-0.24044513448630833,0.8705718692704876
332,1572368400,477,455,0,932,44,-0.8023274487595761,1.0894517254680687
332,1572382800,367,540,173,907,44,1.8248520206802974,1.0201859481903532
332,1572397200,62,201,139,263,44,1.308527731888646,-0.7641004744835994
332,1572411600,13,37,24,50,44,-0.43786324490664563,-1.3542448968897358
332,1572426000,460,449,0,909,44,-0.8023274487595761,1.0257272103725703
332,1572440400,396,495,99,891,44,0.701087392133762,0.9758558507326152
332,1572454800,570,504,0,1074,44,-0.8023274487595761,1.482881340405493
332,1572469200,397,556,159,953,44,1.612247901766088,1.1476349783813498
332,1572483600,74,243,169,317,44,1.764107986704809,-0.6144863955637337
332,1572498000,13,38,25,51,44,-0.42267723641277355,-1.3514742657986272
332,1572512400,416,407,0,823,44,-0.8023274487595761,0.7874529365372289
332,1572526800,349,418,69,767,44,0.24550713731759896,0.6322975954351461
332,1572541200,467,487,20,954,44,-0.4986072788821341,1.1504056094724584
332,1572555600,350,544,194,894,44,2.1437581990516117,0.9841677440059411
332,1572570000,83,199,116,282,44,0.9592495365295878,-0.7114584837525355
332,1572584400,11,90,79,101,44,0.39736722225632,-1.212942711243196
332,1572598800,433,361,0,794,44,-0.8023274487595761,0.7071046348950789
332,1572613200,378,339,0,717,44,-0.8023274487595761,0.493766040879715
332,1572627600,511,444,0,955,44,-0.8023274487595761,1.153176240563567
332,1572642000,276,517,241,793,44,2.8575005982636004,0.7043340038039703
332,1572656400,95,167,72,262,44,0.29106516279921524,-0.766871105574708
332,1572670800,13,18,5,31,44,-0.7263974062902155,-1.4068868876207996
332,1572685200,100,84,0,184,44,-0.8023274487595761,-0.9829803306811805
332,1572699600,268,184,0,452,44,-0.8023274487595761,-0.24045119826406983
332,1572714000,239,254,15,493,44,-0.5745373213514946,-0.12685532352861634
332,1572728400,179,246,67,425,44,0.21513512032985474,-0.31525823772400263
332,1572742800,141,147,6,288,44,-0.7112113977963435,-0.6948346972058839
332,1572753600,10,26,16,36,44,-0.5593513128576225,-1.3930337321652566
332,1572768000,35,22,0,57,44,-0.8023274487595761,-1.3348504792519755
332,1572782400,214,118,0,332,44,-0.8023274487595761,-0.5729269291971044
332,1572796800,226,193,0,419,44,-0.8023274487595761,-0.33188202427065433
332,1572811200,117,215,98,332,44,0.68590138363989,-0.5729269291971044
332,1572825600,52,128,76,180,44,0.3518091967747037,-0.994062855045615
332,1572840000,11,23,12,34,44,-0.6200953468331108,-1.3985749943474737
332,1572854400,283,272,0,555,44,-0.8023274487595761,0.04492380412011823
332,1572868800,441,447,6,888,44,-0.7112113977963435,0.9675439574592893
332,1572883200,437,404,0,841,44,-0.8023274487595761,0.8373242961771841
332,1572897600,465,606,141,1071,44,1.3388997488763903,1.474569447132167
332,1572912000,105,274,169,379,45,1.8605454296069244,-0.3608892579322125
332,1572926400,8,40,32,48,45,-0.28916910893890757,-1.2712653174084632
332,1572940800,225,160,0,385,45,-0.7912922128328246,-0.3443869728661777
332,1572955200,442,537,95,979,45,0.6993857518522415,1.2893392486712631
332,1572969600,465,424,0,889,45,-0.7912922128328246,1.0418049726807417
332,1572984000,451,595,144,1046,45,1.4682617546898018,1.4736147652419844
332,1572998400,116,279,163,395,45,1.766397347626815,-0.31688316442278647
332,1573012800,13,47,34,60,45,-0.2577864149455378,-1.2382607472763936
332,1573027200,291,271,0,562,45,-0.7912922128328246,0.14243043658184756
332,1573041600,494,527,33,1021,45,-0.2734777619422227,1.4048552441335063
332,1573056000,472,439,0,911,45,-0.7912922128328246,1.1023133512562024
332,1573070400,504,579,75,1083,45,0.38555881191854335,1.575378856482532
332,1573084800,84,189,105,273,45,0.8562992218190905,-0.6524296274321598
332,1573099200,3,5,2,8,45,-0.7599095188394547,-1.3812805511820283
332,1573113600,408,270,0,678,45,-0.7912922128328246,0.4614746145251862
332,1573128000,466,553,87,1019,45,0.5738549758787622,1.399354482444828
332,1573142400,492,404,0,896,45,-0.7912922128328246,1.0610576385911157
332,1573156800,487,662,175,1149,45,1.9546935115870339,1.7569039922089142
332,1573171200,82,197,115,279,45,1.0132126917859396,-0.635927342366125
332,1573185600,0,4,4,4,45,-0.7285268248460849,-1.3922820745593847
332,1573200000,252,265,13,517,45,-0.5873047018759208,0.018663298586586902
332,1573214400,506,463,0,969,45,-0.7912922128328246,1.2618354402278718
332,1573228800,480,355,0,835,45,-0.7912922128328246,0.893284407086429
332,1573243200,392,604,212,996,45,2.535273350464375,1.3360957230250283
332,1573257600,90,213,123,303,45,1.1387434677594188,-0.5699182021019861
332,1573272000,12,26,14,38,45,-0.5716133548792358,-1.2987691258518543
332,1573286400,52,22,0,74,45,-0.7912922128328246,-1.1997554154556458
332,1573300800,212,163,0,375,45,-0.7912922128328246,-0.371890781309569
332,1573315200,254,236,0,490,45,-0.7912922128328246,-0.055596984210569494
332,1573329600,182,228,46,410,45,-0.0694902509853189,-0.2756274517576996
332,1573344000,79,229,150,308,45,1.5624098366699113,-0.5561662978802904
332,1573358400,20,24,4,44,45,-0.7285268248460849,-1.2822668407858198
332,1573372800,40,22,0,62,45,-0.7912922128328246,-1.2327599855877154
332,1573387200,192,138,0,330,45,-0.7912922128328246,-0.49565791930482966
332,1573401600,217,219,2,436,45,-0.7599095188394547,-0.2041175498048823
332,1573416000,127,217,90,344,45,0.620929016868817,-0.4571525874840819
332,1573430400,45,114,69,159,45,0.2914107299384339,-0.9659730436868201
332,1573444800,8,18,10,26,45,-0.6343787428659755,-1.331773695983924
332,1573459200,193,81,0,274,45,-0.7912922128328246,-0.6496792465878207
332,1573473600,400,394,0,794,45,-0.7912922128328246,0.7805187924685247
332,1573488000,363,350,0,713,45,-0.7912922128328246,0.5577379440770556
332,1573502400,358,510,152,868,45,1.593792530663281,0.9840469749496201
332,1573516800,68,177,109,245,46,0.9948783303155428,-0.7462169038415697
332,1573531200,1,9,8,10,46,-0.7130431092629811,-1.4163252507541613
332,1573545600,257,228,0,485,46,-0.8483240153682107,-0.0618509325265827
332,1573560000,481,480,0,961,46,-0.8483240153682107,1.295474910581475
332,1573574400,438,409,0,847,46,-0.8483240153682107,0.9704010742068561
332,1573588800,430,519,89,949,46,0.6566760650524688,1.2612566120157256
332,1573603200,75,208,133,283,46,1.4007210486312318,-0.6378589583833635
332,1573617600,1,2,1,3,46,-0.831413902105057,-1.436285924917515
332,1573632000,262,253,0,515,46,-0.8483240153682107,0.023694813887790683
332,1573646400,443,464,21,907,46,-0.49321163684198294,1.1414925670356029
332,1573660800,492,427,0,919,46,-0.8483240153682107,1.1757108656013522
332,1573675200,443,551,108,994,46,0.9779682170523891,1.3895752316372856
332,1573689600,58,167,109,225,46,0.9948783303155428,-0.803247401451152
332,1573704000,2,5,3,7,46,-0.7975936755787495,-1.4248798253955985
332,1573718400,315,259,0,574,46,-0.8483240153682107,0.19193478183605833
332,1573732800,448,483,35,931,46,-0.2564700511578311,1.2099291641671015
332,1573747200,478,497,19,975,46,-0.5270318633682903,1.3353962589081825
332,1573761600,497,536,39,1033,46,-0.1888295981052163,1.5007847019759712
332,1573776000,70,241,171,311,46,2.0433053526310725,-0.5580162617299483
332,1573790400,1,2,1,3,46,-0.831413902105057,-1.436285924917515
332,1573804800,231,249,18,480,46,-0.5439419766314441,-0.07610855692897826
332,1573819200,437,412,0,849,46,-0.8483240153682107,0.9761041239678143
332,1573833600,500,396,0,896,46,-0.8483240153682107,1.1101257933503326
332,1573848000,384,588,204,972,46,2.6013390903151445,1.3268416842667452
332,1573862400,100,248,148,348,46,1.6543727475785373,-0.45250984115222115
332,1573876800,19,75,56,94,46,0.09864232736839663,-1.1767971607939158
332,1573891200,58,33,0,91,46,-0.8483240153682107,-1.185351735435353
332,1573905600,197,167,0,364,46,-0.8483240153682107,-0.4068854430645553
332,1573920000,248,294,46,542,46,-0.07045880526314038,0.10068598566072673
332,1573934400,169,276,107,445,46,0.9610581037892354,-0.1759119277457472
332,1573948800,66,201,135,267,46,1.4345412751575393,-0.6834833564710293
332,1573963200,8,71,63,79,46,0.21701312021047253,-1.2195700340011024
332,1573977600,29,39,10,68,46,-0.6792228827366736,-1.2509368076863727
332,1573992000,239,150,0,389,46,-0.8483240153682107,-0.3355973210525775
332,1574006400,227,178,0,405,46,-0.8483240153682107,-0.28997292296491173
332,1574020800,130,237,107,367,46,0.9610581037892354,-0.398330868423118
332,1574035200,42,160,118,202,46,1.1470693496839262,-0.8688324737021715
332,1574049600,8,41,33,49,46,-0.2902902776841385,-1.3051157804154758
332,1574064000,250,221,0,471,46,-0.8483240153682107,-0.10177228085329028
332,1574078400,416,469,53,885,46,0.04791198757893553,1.0787590196650623
332,1574092800,437,403,0,840,46,-0.8483240153682107,0.9504404000435023
332,1574107200,419,582,163,1001,46,1.908024446525843,1.4095359058006394
332,1574121600,83,135,52,218,47,-0.1196457191408949,-0.9086671306188029
332,1574136000,1,11,10,12,47,-0.7243879786381401,-1.5250362418782215
332,1574150400,241,237,0,478,47,-0.868374230899389,-0.1307255338836144
332,1574164800,457,494,37,951,47,-0.3356250975327682,1.2845297555615554
332,1574179200,444,378,0,822,47,-0.868374230899389,0.8985510402583272
332,1574193600,488,534,46,1022,47,-0.2060374704976442,1.4969676531315492
332,1574208000,66,187,121,253,47,0.8738594214617222,-0.803944223365989
332,1574222400,1,1,0,2,47,-0.868374230899389,-1.5549570725218826
332,1574236800,262,223,0,485,47,-0.868374230899389,-0.10978095243305165
332,1574251200,474,520,46,994,47,-0.2060374704976442,1.4131893273292981
332,1574265600,402,423,21,825,47,-0.5660031011507664,0.9075272894514256
332,1574280000,319,614,295,933,47,3.3792202108074525,1.2306722604029654
332,1574294400,68,193,125,261,47,0.9314539223662218,-0.7800075588510602
332,1574308800,2,3,1,5,47,-0.8539756056732641,-1.5459808233287842
332,1574323200,219,293,74,512,47,0.1971240358338526,-0.028994709695166692
332,1574337600,458,514,56,972,47,-0.06205121823639535,1.3473634999132438
332,1574352000,371,451,80,822,47,0.28351578719060194,0.8985510402583272
332,1574366400,382,605,223,987,47,2.342519194526461,1.3922447458787353
332,1574380800,60,194,134,254,47,1.0610415494013459,-0.800952140301623
332,1574395200,2,3,1,5,47,-0.8539756056732641,-1.5459808233287842
332,1574409600,233,199,0,432,47,-0.868374230899389,-0.26836135484445545
332,1574424000,454,439,0,893,47,-0.868374230899389,1.110988937828321
332,1574438400,364,422,58,786,47,-0.03325396778414558,0.7908360499411473
332,1574452800,354,537,183,891,47,1.7665741854814652,1.1050047716995888
332,1574467200,144,250,106,394,47,0.6578800430698489,-0.3820605112903676
332,1574481600,29,110,81,139,47,0.2979144124167268,-1.1450416927037255
332,1574496000,72,52,0,124,47,-0.868374230899389,-1.1899229386692172
332,1574510400,334,169,0,503,47,-0.868374230899389,-0.05592345727446168
332,1574524800,401,252,0,653,47,-0.868374230899389,0.39288900238045477
332,1574539200,306,331,25,637,47,-0.5084086002462669,0.345015673350597
332,1574553600,137,292,155,429,47,1.3634126791499683,-0.2773376040375538
332,1574568000,28,164,136,192,47,1.0898387998535957,-0.9864612902923218
332,1574582400,55,61,6,116,47,-0.7819824795426397,-1.213859603184146
332,1574596800,227,132,0,359,47,-0.868374230899389,-0.48678341854318147
332,1574611200,282,224,0,506,47,-0.868374230899389,-0.04694720808136335
332,1574625600,158,238,80,396,47,0.28351578719060194,-0.3760763451616354
332,1574640000,88,196,108,284,47,0.6866772935220987,-0.7111896483706397
332,1574654400,11,81,70,92,47,0.13952953492935305,-1.2856695967289327
332,1574668800,233,235,2,468,47,-0.8395769804471392,-0.16064636452727551
332,1574683200,419,467,48,886,47,-0.17724022004539444,1.0900443563777582
332,1574697600,445,430,0,875,47,-0.868374230899389,1.0571314426697311
332,1574712000,445,598,153,1043,47,1.3346154286977185,1.5598013974832374
332,1574726400,123,259,136,382,48,1.3269991260400893,-0.09168820164404623
332,1574740800,15,52,37,67,48,-0.393506756739671,-1.2045642638006804
332,1574755200,218,228,10,446,48,-0.8627356338614237,0.1344199506671429
332,1574769600,486,505,19,991,48,-0.7063260081541728,2.059872185192113
332,1574784000,415,416,1,831,48,-1.0191452595686747,1.4946018044141403
332,1574798400,457,610,153,1067,48,1.6224395301537853,2.32837561606165
332,1574812800,115,286,171,401,48,1.9352587815682871,-0.024562343926661956
332,1574827200,14,91,77,105,48,0.30164713529255527,-1.0703125483659117
332,1574841600,187,171,0,358,48,-1.0365241068694804,-0.17647875876074218
332,1574856000,372,448,76,820,48,0.28426828799174964,1.4557394657356546
332,1574870400,493,401,0,894,48,-1.0365241068694804,1.717177016845467
332,1574884800,333,444,111,777,48,0.8925279435199477,1.3038230509015742
332,1574899200,95,206,111,301,48,0.8925279435199477,-0.377856331912895
332,1574913600,6,52,46,58,48,-0.23709713103242008,-1.2363607227194413
332,1574928000,54,27,0,81,48,-1.0365241068694804,-1.1551031054826078
332,1574942400,129,123,0,252,48,-1.0365241068694804,-0.5509703860261492
332,1574956800,139,139,0,278,48,-1.0365241068694804,-0.4591139491497286
332,1574971200,80,176,96,256,48,0.6318452340078627,-0.5368386265066999
332,1574985600,69,141,72,210,48,0.214752898788527,-0.6993538609803671
332,1575000000,13,58,45,71,48,-0.25447597833322577,-1.190432504281231
332,1575014400,77,50,0,127,48,-1.0365241068694804,-0.9925878710089405
332,1575028800,186,130,0,316,48,-1.0365241068694804,-0.32486223371496004
332,1575043200,220,240,20,460,48,-0.6889471608533672,0.18388110898521554
332,1575057600,190,316,126,506,48,1.1532106530320325,0.34639634345888276
332,1575072000,61,240,179,301,48,2.0742895599747326,-0.377856331912895
332,1575086400,14,116,102,130,48,0.7361183178126968,-0.9819890513693535
332,1575100800,53,34,0,87,48,-1.0365241068694804,-1.1339054662034338
332,1575115200,243,120,0,363,48,-1.0365241068694804,-0.1588140593614305
332,1575129600,338,184,0,522,48,-1.0365241068694804,0.40292338153668006
332,1575144000,220,290,70,510,48,0.1799952041869157,0.36052810297833204
332,1575158400,109,242,133,351,48,1.2748625841376722,-0.2012093379197785
332,1575172800,23,118,95,141,48,0.6144663867070571,-0.9431267126908679
332,1575187200,44,83,39,127,48,-0.3587490621380597,-0.9925878710089405
332,1575201600,206,148,0,354,48,-1.0365241068694804,-0.1906105182801915
332,1575216000,259,186,0,445,48,-1.0365241068694804,0.1308870107872806
332,1575230400,143,259,116,402,48,0.979422180023976,-0.021029404046799625
332,1575244800,78,200,122,278,48,1.0836952638288098,-0.4591139491497286
332,1575259200,12,68,56,80,48,-0.06330865802436351,-1.15863604536247
332,1575273600,216,228,12,444,48,-0.8279779392598124,0.12735407090741827
332,1575288000,416,515,99,931,48,0.6839817759102798,1.8478957924003732
332,1575302400,368,378,10,746,48,-0.8627356338614237,1.194301914625842
332,1575316800,351,516,165,867,48,1.8309856977634533,1.621787640089184
332,1575331200,77,207,130,284,49,1.0095392014900335,-0.6525657588570933
332,1575345600,7,34,27,41,49,-0.5386772539806586,-1.3552305995720322
332,1575360000,237,168,0,405,49,-0.9445204025021022,-0.30267915092907843
332,1575374400,472,512,40,984,49,-0.34327129358144504,1.3715716423793562
332,1575388800,434,408,0,842,49,-0.9445204025021022,0.960960912414248
332,1575403200,466,604,138,1070,49,1.129789023274165,1.6202513802455485
332,1575417600,100,274,174,374,49,1.6709132213027567,-0.39231952155526406
332,1575432000,7,29,22,36,49,-0.6138333925957408,-1.3696887238665783
332,1575441463,45,25,0,70,49,-0.9445204025021022,-1.271373478663665
332,1575446400,224,193,0,417,49,-0.9445204025021022,-0.2679796526221679
332,1575460800,506,482,0,988,49,-0.9445204025021022,1.383138141814993
332,1575475200,491,393,0,884,49,-0.9445204025021022,1.0824091564884348
332,1575489600,443,550,107,993,49,0.6638209638606558,1.3975962661095391
332,1575504000,123,294,171,417,49,1.6258195381337073,-0.2679796526221679
332,1575518400,8,44,36,52,49,-0.4033962044735107,-1.3234227261240308
332,1575532800,250,236,0,486,49,-0.9445204025021022,-0.06845753735743214
332,1575547200,487,494,7,981,49,-0.8393018084409872,1.3628967678026287
332,1575561600,459,379,0,838,49,-0.9445204025021022,0.949394412978611
332,1575576000,474,630,156,1104,49,1.4003511222884608,1.7185666254484617
332,1575590400,119,243,124,362,49,0.9193518351519352,-0.4270190198621746
332,1575604800,12,56,44,68,49,-0.2831463826893793,-1.2771567283814835
332,1575619200,217,238,21,455,49,-0.6288646203187572,-0.15809790798361775
332,1575633600,464,467,3,931,49,-0.899426719333053,1.218315524857168
332,1575648000,467,374,0,841,49,-0.9445204025021022,0.9580692875553387
332,1575662400,388,578,190,966,49,1.9114128648710194,1.3195223949189905
332,1575676800,104,304,200,408,49,2.0617251421011837,-0.2940042763523508
332,1575691200,13,116,103,129,49,0.6036960529685901,-1.1007676119880214
332,1575705600,41,40,0,81,49,-0.9445204025021022,-1.2395656052156636
332,1575720000,190,151,0,341,49,-0.9445204025021022,-0.4877431418992681
332,1575734400,244,259,15,503,49,-0.7190519866568558,-0.0192999147559755
332,1575748800,186,318,132,504,49,1.0396016569360664,-0.016408289897066285
332,1575763200,76,211,135,287,49,1.0846953401051158,-0.6438908842803657
332,1575777600,18,115,97,133,49,0.5135086866304915,-1.0892011125523846
332,1575792000,24,35,11,59,49,-0.7791768975489215,-1.3031813521116664
332,1575806400,179,120,0,299,49,-0.9445204025021022,-0.6091913859734551
332,1575820800,201,271,70,472,49,0.1076655381090479,-0.10894028538216112
332,1575835200,137,246,109,383,49,0.6938834193066887,-0.3662948978250811
332,1575849600,53,184,131,237,49,1.02457042921305,-0.7884721272258264
332,1575864000,12,63,51,75,49,-0.17792778862826428,-1.256915354369119
332,1575878400,220,208,0,428,49,-0.9445204025021022,-0.23617177917416654
332,1575892800,418,497,79,915,49,0.24294658761619578,1.1720495271146205
332,1575907200,431,405,0,836,49,-0.9445204025021022,0.9436111632607926
332,1575921600,379,558,179,937,49,1.7460693599178387,1.2356652740106233
332,1575936000,104,334,230,438,50,1.8828635009195775,-0.2339456684402523
332,1575950400,9,59,50,68,50,-0.29966456822363097,-1.3696894008868388
332,1575964800,255,279,24,534,50,-0.6149186226554277,0.06073378646480796
332,1575979200,487,496,9,983,50,-0.7967959617506952,1.4389741536770169
332,1575993600,419,379,0,798,50,-0.9059223652078556,0.8711022874537236
332,1576008000,452,562,110,1014,50,0.4278447881574386,1.5341310609901093
332,1576022400,107,288,181,395,50,1.2887308598750375,-0.3659375076164772
332,1576036800,10,59,49,69,50,-0.31178972416331546,-1.3666198232315778
332,1576051200,232,224,0,456,50,-0.9059223652078556,-0.17869327064555351
332,1576065600,456,498,42,954,50,-0.39666581574110693,1.3499564016744465
332,1576080000,470,443,0,913,50,-0.9059223652078556,1.2241037178087437
332,1576094400,440,625,185,1065,50,1.3372314836337755,1.6906795214084225
332,1576108800,123,406,283,529,50,2.5254967657228558,0.045385898188502735
332,1576123200,7,56,49,63,50,-0.31178972416331546,-1.385037289163144
332,1576137600,236,243,7,479,50,-0.8210462736300642,-0.1080929845745495
332,1576152000,494,450,0,944,50,-0.9059223652078556,1.3192606251218362
332,1576166400,435,357,0,792,50,-0.9059223652078556,0.8526848215221574
332,1576180800,420,641,221,1061,50,1.7737370974624171,1.6784012107873785
332,1576195200,104,305,201,409,50,1.5312339786687275,-0.3229634204428226
332,1576209600,14,93,79,107,50,0.05196495402721933,-1.249975872331658
332,1576224000,226,177,0,403,50,-0.9059223652078556,-0.34138088637438885
332,1576238400,434,387,0,821,50,-0.9059223652078556,0.9417025735247277
332,1576252800,419,379,0,798,50,-0.9059223652078556,0.8711022874537236
332,1576267200,354,537,183,891,50,1.3129811717544067,1.156573009393001
332,1576281600,90,267,177,357,50,1.2402302361162996,-0.4825814585163969
332,1576296000,13,105,92,118,50,0.20959198124311773,-1.2162105181237866
332,1576310400,40,36,0,76,50,-0.9059223652078556,-1.3451327796447503
332,1576324800,192,139,0,331,50,-0.9059223652078556,-0.562390477553184
332,1576339200,247,217,0,464,50,-0.9059223652078556,-0.15413664940346516
332,1576353600,163,255,92,418,50,0.20959198124311773,-0.2953372215454732
332,1576368000,86,235,149,321,50,0.9007258698051338,-0.5930862541057945
332,1576382400,22,91,69,113,50,-0.0692866053696256,-1.2315584064000917
332,1576396800,26,57,31,83,50,-0.5300425310776363,-1.323645736057923
332,1576411200,196,107,0,303,50,-0.9059223652078556,-0.6483386519004933
332,1576425600,218,207,0,425,50,-0.9059223652078556,-0.2738501779586459
332,1576440000,118,254,136,372,50,0.7430988425892354,-0.43653779368748125
332,1576454400,38,150,112,188,50,0.4520951000368076,-1.0013400822555134
332,1576468800,8,52,44,60,50,-0.37241550386173794,-1.3942460221289272
332,1576483200,215,226,11,441,50,-0.7725456498713262,-0.22473693547446918
332,1576497600,547,358,0,905,50,-0.9059223652078556,1.1995470965666555
332,1576512000,304,401,97,705,50,0.2702177609415402,0.5856315655144466
332,1576526400,354,579,225,933,50,1.8222377212211551,1.2854952709139646
332,1576540800,83,281,198,364,51,1.6081726507738836,-0.26118834188826134
332,1576555200,13,62,49,75,51,-0.2448828543896155,-1.2952079419664466
332,1576569600,208,210,2,418,51,-0.8294037184344777,-0.06798052734078035
332,1576584000,436,348,0,784,51,-0.8542769466917058,1.2415391045921464
332,1576598400,356,319,0,675,51,-0.8542769466917058,0.8515455530055643
332,1576612800,360,574,214,934,51,1.807158476831709,1.778227478335149
332,1576627200,94,269,175,363,51,1.3221305258157596,-0.2647662643798814
332,1576641600,11,70,59,81,51,-0.12051671310347462,-1.2737404070167264
332,1576656000,221,241,20,462,51,-0.6055446641194241,0.08944806229050045
332,1576670400,468,432,0,900,51,-0.8542769466917058,1.6565781136200683
332,1576684800,447,430,0,877,51,-0.8542769466917058,1.5742858963128081
332,1576699200,368,566,198,934,51,1.6081726507738836,1.778227478335149
332,1576713600,77,272,195,349,51,1.5708628083880414,-0.3148571792625616
332,1576728000,13,69,56,82,51,-0.15782655548931687,-1.2701624845251065
332,1576742400,194,236,42,430,51,-0.33193915328991414,-0.025045457441340128
332,1576756800,403,390,0,793,51,-0.8542769466917058,1.2737404070167264
332,1576771200,441,377,0,818,51,-0.8542769466917058,1.363188469307227
332,1576785600,308,463,155,771,51,1.0733982432434779,1.1950261122010861
332,1576800000,97,234,137,331,51,0.8495391889284243,-0.37925978411172195
332,1576814400,18,75,57,93,51,-0.1453899413607028,-1.2308053371172862
332,1576828800,191,188,0,379,51,-0.8542769466917058,-0.20751950451396106
332,1576843200,386,344,0,730,51,-0.8542769466917058,1.0483312900446653
332,1576857600,426,334,0,760,51,-0.8542769466917058,1.1556689647932659
332,1576872000,269,552,283,821,51,2.665284851706081,1.373922236782087
332,1576886400,85,249,164,334,51,1.1853277704010048,-0.3685260166368619
332,1576900800,13,105,92,118,51,0.2898915531407903,-1.1413572748267857
332,1576915200,49,34,0,83,51,-0.8542769466917058,-1.2665845620334866
332,1576929600,169,106,0,275,51,-0.8542769466917058,-0.579623443642443
332,1576944000,211,207,0,418,51,-0.8542769466917058,-0.06798052734078035
332,1576958400,143,235,92,378,51,0.2898915531407903,-0.21109742700558107
332,1576972800,66,189,123,255,51,0.6754265911278271,-0.6511818934748433
332,1576987200,12,60,48,72,51,-0.25731946851822957,-1.3059417094413066
332,1577001600,32,40,8,72,51,-0.7547840336627931,-1.3059417094413066
332,1577016000,140,121,0,261,51,-0.8542769466917058,-0.6297143585251233
332,1577030400,220,153,0,373,51,-0.8542769466917058,-0.22898703946368118
332,1577044800,127,230,103,357,51,0.4266943085555453,-0.28623379932960147
332,1577059200,35,150,115,185,51,0.5759336780989144,-0.9016364678882446
332,1577073600,8,62,54,70,51,-0.18269978374654505,-1.3130975544245467
332,1577088000,108,69,0,177,51,-0.8542769466917058,-0.9302598478212047
332,1577102400,303,169,0,472,51,-0.8542769466917058,0.12522728720670065
332,1577116800,272,292,20,564,51,-0.6055446641194241,0.4543961564357423
332,1577131200,220,446,226,666,51,1.956397846375078,0.8193442505809841
332,1577145600,71,238,167,309,52,1.6632327118778616,0.16534497844347726
332,1577160000,9,50,41,59,52,-0.1995879254253434,-1.2221653301731144
332,1577174400,94,55,0,149,52,-0.8057438470874974,-0.7226616190711413
332,1577188800,260,133,0,393,52,-0.8057438470874974,0.631548442138652
332,1577203200,214,308,94,522,52,0.5839794855037825,1.3475037613848133
332,1577217600,153,327,174,480,52,1.7667227472835951,1.114402029537226
332,1577232000,51,138,87,189,52,0.4804894500980489,-0.5006599696924867
332,1577246400,9,37,28,46,52,-0.3917837054645629,-1.2943158662211771
332,1577260800,22,33,11,55,52,-0.6431166485927732,-1.2443654951109797
332,1577275200,69,64,0,133,52,-0.8057438470874974,-0.8114622788226032
332,1577289600,107,106,0,213,52,-0.8057438470874974,-0.36745898006529387
332,1577304000,100,152,52,252,52,-0.036960726930619144,-0.1510073719211056
332,1577318400,44,109,65,153,52,0.15523505310860042,-0.7004614541332759
332,1577332800,10,40,30,50,52,-0.36221512392006766,-1.2721157012833115
332,1577347200,88,58,0,146,52,-0.8057438470874974,-0.7393117427745405
332,1577361600,229,177,0,406,52,-0.8057438470874974,0.7036989781867148
332,1577376000,258,218,0,476,52,-0.8057438470874974,1.0922018645993605
332,1577390400,179,362,183,541,52,1.8997813642338242,1.4529545448396741
332,1577404800,37,212,175,249,52,1.7815070380558429,-0.16765749562450472
332,1577419200,45,61,16,106,52,-0.5691951947315349,-0.9613133921531951
332,1577433600,104,62,0,166,52,-0.8057438470874974,-0.6283109180852131
332,1577448000,288,169,0,457,52,-0.8057438470874974,0.9867510811444995
332,1577462400,274,281,7,555,52,-0.7022538116817638,1.5306551221222033
332,1577476800,209,387,178,596,52,1.8258599103725859,1.7582068127353243
