remote_unit_id,time_stamp,entries,exits,num_people_exited,sum_exit_entry,week_num,z_score_num_people_exited,z_score_sum_exit_entry
37,1546311600,59,49,0,108,1,-0.3017833145998459,-1.1056758824862671
37,1546326000,89,20,0,109,1,-0.3017833145998459,-1.1014584283890532
37,1546340400,156,38,0,194,1,-0.3017833145998459,-0.7429748301258642
37,1546354800,206,68,0,274,1,-0.3017833145998459,-0.4055785023487452
37,1546369200,233,109,0,342,1,-0.3017833145998459,-0.11879162373819406
37,1546383600,132,80,0,212,1,-0.3017833145998459,-0.6670606563760124
37,1546398000,41,39,0,80,1,-0.3017833145998459,-1.2237645972082587
37,1546412400,196,30,0,226,1,-0.3017833145998459,-0.6080162990150166
37,1546426800,608,119,0,727,1,-0.3017833145998459,1.5049282036891911
37,1546441200,334,107,0,441,1,-0.3017833145998459,0.2987363318859907
37,1546455600,433,323,0,756,1,-0.3017833145998459,1.6272343725083969
37,1546470000,188,130,0,318,1,-0.3017833145998459,-0.22001052207132976
37,1546484400,43,56,13,99,1,1.5921671425440147,-1.143632969361193
37,1546498800,212,39,0,251,1,-0.3017833145998459,-0.502579946584667
37,1546513200,667,138,0,805,1,-0.3017833145998459,1.8338896232718822
37,1546527600,365,128,0,493,1,-0.3017833145998459,0.518043944941118
37,1546542000,445,359,0,804,1,-0.3017833145998459,1.8296721691746682
37,1546556400,198,153,0,351,1,-0.3017833145998459,-0.08083453686326818
37,1546570800,39,57,18,96,1,2.320609626060884,-1.156285331652835
37,1546585200,199,34,0,233,1,-0.3017833145998459,-0.5784941203345187
37,1546599600,696,127,0,823,1,-0.3017833145998459,1.9098037970217339
37,1546614000,370,109,0,479,1,-0.3017833145998459,0.4589995875801222
37,1546628400,427,340,0,767,1,-0.3017833145998459,1.6736263675777507
37,1546642800,226,147,0,373,1,-0.3017833145998459,0.011949453275439552
37,1546657200,42,77,35,119,1,4.79731407001824,-1.0592838874169133
37,1546671600,101,23,0,124,1,-0.3017833145998459,-1.0381966169308434
37,1546686000,302,71,0,373,1,-0.3017833145998459,0.011949453275439552
37,1546700400,284,131,0,415,1,-0.3017833145998459,0.18908252535842704
37,1546714800,285,139,0,424,1,-0.3017833145998459,0.22703961223335292
37,1546729200,176,121,0,297,1,-0.3017833145998459,-0.3085770581128235
37,1546743600,49,70,21,119,1,2.7576751161710056,-1.0592838874169133
37,1546758000,81,13,0,94,1,-0.3017833145998459,-1.164720239847263
37,1546772400,239,56,0,295,1,-0.3017833145998459,-0.3170119663072515
37,1546786800,295,108,0,403,1,-0.3017833145998459,0.13847307619185917
37,1546801200,303,165,0,468,1,-0.3017833145998459,0.4126075925107684
37,1546815600,150,105,0,255,1,-0.3017833145998459,-0.485710130195811
37,1546830000,42,41,0,83,1,-0.3017833145998459,-1.2111122349166168
37,1546844400,221,41,0,262,1,-0.3017833145998459,-0.45618795151531305
37,1546858800,641,181,0,822,1,-0.3017833145998459,1.90558634292452
37,1546873200,324,144,0,468,1,-0.3017833145998459,0.4126075925107684
37,1546887600,460,367,0,827,1,-0.3017833145998459,1.92667361341059
37,1546902000,199,139,0,338,1,-0.3017833145998459,-0.13566144012705
37,1546916400,39,62,23,101,2,3.080301678029632,-1.1996839699755733
37,1546930800,232,38,0,270,2,-0.34383114242678287,-0.5323362568966846
37,1546945200,680,180,0,860,2,-0.34383114242678287,1.797457534325471
37,1546959600,320,108,0,428,2,-0.34383114242678287,0.09157462278653676
37,1546974000,436,343,0,779,2,-0.34383114242678287,1.4776044884119208
37,1546988400,191,137,0,328,2,-0.34383114242678287,-0.3033056808104388
37,1547002800,49,79,30,128,2,4.1224290581685405,-1.0930662880043898
37,1547017200,221,36,0,257,2,-0.34383114242678287,-0.5836706963642914
37,1547031600,682,176,0,858,2,-0.34383114242678287,1.7895599282535315
37,1547046000,336,107,0,443,2,-0.34383114242678287,0.15080666832608308
37,1547060400,424,381,0,805,2,-0.34383114242678287,1.5802733673471345
37,1547074800,189,164,0,353,2,-0.34383114242678287,-0.2045856049111949
37,1547089200,49,44,0,93,2,-0.34383114242678287,-1.2312743942633313
37,1547103600,211,35,0,246,2,-0.34383114242678287,-0.6271075297599588
37,1547118000,662,165,0,827,2,-0.34383114242678287,1.667147034138469
37,1547132400,351,124,0,475,2,-0.34383114242678287,0.27716836547711526
37,1547146800,456,359,0,815,2,-0.34383114242678287,1.6197613977068321
37,1547161200,174,154,0,328,2,-0.34383114242678287,-0.3033056808104388
37,1547175600,46,63,17,109,2,2.187049637910567,-1.1680935456878152
37,1547190000,192,37,0,229,2,-0.34383114242678287,-0.6942371813714445
37,1547204400,675,177,0,852,2,-0.34383114242678287,1.765867110037713
37,1547218800,328,114,0,442,2,-0.34383114242678287,0.14685786529011333
37,1547233200,413,321,0,734,2,-0.34383114242678287,1.299908351793282
37,1547247600,213,147,0,360,2,-0.34383114242678287,-0.1769439836594066
37,1547262000,56,62,6,118,2,0.549420897692282,-1.1325543183640874
37,1547276400,97,22,0,119,2,-0.34383114242678287,-1.1286055153281176
37,1547290800,315,84,0,399,2,-0.34383114242678287,-0.022940665256586144
37,1547305200,309,122,0,431,2,-0.34383114242678287,0.10342103189444603
37,1547319600,343,139,0,482,2,-0.34383114242678287,0.3048099867289035
37,1547334000,143,111,0,254,2,-0.34383114242678287,-0.5955171054722007
37,1547348400,57,59,2,116,2,-0.04608046238709458,-1.140451924436027
37,1547362800,65,17,0,82,2,-0.34383114242678287,-1.2747112276589987
37,1547377200,219,56,0,275,2,-0.34383114242678287,-0.5125922417168358
37,1547391600,265,120,0,385,2,-0.34383114242678287,-0.07822390776016272
37,1547406000,213,136,0,349,2,-0.34383114242678287,-0.22038081705507392
37,1547420400,137,88,0,225,2,-0.34383114242678287,-0.7100323935153235
37,1547434800,34,53,19,87,2,2.4848003179502554,-1.2549672124791498
37,1547449200,204,41,0,245,2,-0.34383114242678287,-0.6310563327959284
37,1547463600,623,156,0,779,2,-0.34383114242678287,1.4776044884119208
37,1547478000,333,108,0,441,2,-0.34383114242678287,0.14290906225414357
37,1547492400,418,363,0,781,2,-0.34383114242678287,1.4855020944838604
37,1547506800,188,126,0,314,2,-0.34383114242678287,-0.3585889233140154
37,1547521200,36,52,16,88,3,1.977083227834903,-1.1662853614579476
37,1547535600,210,39,0,249,3,-0.4039202293426147,-0.504950215614875
37,1547550000,656,176,0,832,3,-0.4039202293426147,1.8898223932454439
37,1547564400,356,117,0,473,3,-0.4039202293426147,0.41516824816679126
37,1547578800,423,375,0,798,3,-0.4039202293426147,1.7501615549928695
37,1547593200,223,157,0,380,3,-0.4039202293426147,0.03315477882886737
37,1547607600,38,59,21,97,3,2.7211468082028776,-1.1293163160381485
37,1547622000,184,43,0,227,3,-0.4039202293426147,-0.5953189933077171
37,1547636400,684,191,0,875,3,-0.4039202293426147,2.066452276917817
37,1547650800,346,153,0,499,3,-0.4039202293426147,0.5219677127128776
37,1547665200,404,343,0,747,3,-0.4039202293426147,1.540670297614008
37,1547679600,189,163,0,352,3,-0.4039202293426147,-0.08186002914384091
37,1547694000,44,48,4,92,3,0.19133063495176483,-1.1498546746047036
37,1547708400,213,39,0,252,3,-0.4039202293426147,-0.4926272004749419
37,1547722800,651,184,0,835,3,-0.4039202293426147,1.9021454083853768
37,1547737200,347,121,0,468,3,-0.4039202293426147,0.39462988960023626
37,1547751600,435,353,0,788,3,-0.4039202293426147,1.7090848378597594
37,1547766000,189,163,0,352,3,-0.4039202293426147,-0.08186002914384091
37,1547780400,46,69,23,115,3,3.018772240350067,-1.0553782251985502
37,1547794800,189,40,0,229,3,-0.4039202293426147,-0.5871036498810951
37,1547809200,656,145,0,801,3,-0.4039202293426147,1.7624845701328025
37,1547823600,334,134,0,468,3,-0.4039202293426147,0.39462988960023626
37,1547838000,440,322,0,762,3,-0.4039202293426147,1.6022853733136733
37,1547852400,208,181,0,389,3,-0.4039202293426147,0.07012382424866646
37,1547866800,51,77,26,128,3,3.465210388570852,-1.0019784929255071
37,1547881200,99,18,0,117,3,-0.4039202293426147,-1.0471628817719283
37,1547895600,333,94,0,427,3,-0.4039202293426147,0.22621534935448484
37,1547910000,291,145,0,436,3,-0.4039202293426147,0.2631843947742839
37,1547924400,287,156,0,443,3,-0.4039202293426147,0.291938096767461
37,1547938800,148,76,0,224,3,-0.4039202293426147,-0.6076420084476502
37,1547953200,35,47,12,82,3,1.3818323635405236,-1.1909313917378135
37,1547967600,59,11,0,70,3,-0.4039202293426147,-1.2402234522975457
37,1547982000,190,49,0,239,3,-0.4039202293426147,-0.546026932747985
37,1547996400,241,102,0,343,3,-0.4039202293426147,-0.11882907456364
37,1548010800,220,105,0,325,3,-0.4039202293426147,-0.19276716540323818
37,1548025200,109,97,0,206,3,-0.4039202293426147,-0.6815800992872484
37,1548039600,32,44,12,76,3,1.3818323635405236,-1.2155774220176796
37,1548054000,123,23,0,146,3,-0.4039202293426147,-0.928040402085909
37,1548068400,297,56,0,353,3,-0.4039202293426147,-0.0777523574305299
37,1548082800,213,75,0,288,3,-0.4039202293426147,-0.34475101879574555
37,1548097200,208,151,0,359,3,-0.4039202293426147,-0.05310632715066384
37,1548111600,115,76,0,191,3,-0.4039202293426147,-0.7431951749869135
37,1548126000,29,35,6,64,4,0.5285390827604681,-1.4401000951904273
37,1548140400,195,42,0,237,4,-0.3363430526657525,-0.7049235834463365
37,1548154800,619,130,0,749,4,-0.3363430526657525,1.4708589252991806
37,1548169200,344,128,0,472,4,-0.3363430526657525,0.2937265914661567
37,1548183600,434,299,0,733,4,-0.3363430526657525,1.4028657219008833
37,1548198000,193,144,0,337,4,-0.3363430526657525,-0.27996606220697773
37,1548212400,45,55,10,100,4,1.105127173044615,-1.2871153875442582
37,1548226800,206,48,0,254,4,-0.3363430526657525,-0.6326808048356456
37,1548241200,604,140,0,744,4,-0.3363430526657525,1.4496110492372127
37,1548255600,345,126,0,471,4,-0.3363430526657525,0.28947701625376315
37,1548270000,413,335,0,748,4,-0.3363430526657525,1.4666093500867872
37,1548284400,207,155,0,362,4,-0.3363430526657525,-0.173726681897138
37,1548298800,50,55,5,105,4,0.38439206018943134,-1.2658675114822902
37,1548313200,197,40,0,237,4,-0.3363430526657525,-0.7049235834463365
37,1548327600,584,148,0,732,4,-0.3363430526657525,1.3986161466884897
37,1548342000,311,147,0,458,4,-0.3363430526657525,0.23423253849264647
37,1548356400,455,311,0,766,4,-0.3363430526657525,1.5431017039098718
37,1548370800,193,144,0,337,4,-0.3363430526657525,-0.27996606220697773
37,1548385200,38,64,26,102,4,3.4114795341812036,-1.278616237119471
37,1548399600,212,38,0,250,4,-0.3363430526657525,-0.6496791056852199
37,1548414000,620,163,0,783,4,-0.3363430526657525,1.6153444825205627
37,1548428400,374,126,0,500,4,-0.3363430526657525,0.4127146974131772
37,1548442800,444,317,0,761,4,-0.3363430526657525,1.5218538278479037
37,1548457200,211,146,0,357,4,-0.3363430526657525,-0.19497455795910595
37,1548471600,52,85,33,137,4,4.420508692178461,-1.1298811046856954
37,1548486000,92,18,0,110,4,-0.3363430526657525,-1.2446196354203223
37,1548500400,308,75,0,383,4,-0.3363430526657525,-0.08448560243687264
37,1548514800,428,145,0,573,4,-0.3363430526657525,0.7229336879179091
37,1548529200,311,148,0,459,4,-0.3363430526657525,0.23848211370504008
37,1548543600,180,92,0,272,4,-0.3363430526657525,-0.556188451012561
37,1548558000,53,71,18,124,4,2.2583033536129093,-1.185125582446812
37,1548572400,56,32,0,88,4,-0.3363430526657525,-1.338110290092981
37,1548586800,254,68,0,322,4,-0.3363430526657525,-0.3437096903928815
37,1548601200,288,121,0,409,4,-0.3363430526657525,0.026003353085360652
37,1548615600,255,141,0,396,4,-0.3363430526657525,-0.029241124675755997
37,1548630000,146,78,0,224,4,-0.3363430526657525,-0.7601680612074532
37,1548644400,58,58,0,116,4,-0.3363430526657525,-1.2191221841459607
37,1548658800,199,38,0,237,4,-0.3363430526657525,-0.7049235834463365
37,1548673200,618,148,0,766,4,-0.3363430526657525,1.5431017039098718
37,1548687600,373,119,0,492,4,-0.3363430526657525,0.3787180957140285
37,1548702000,443,353,0,796,4,-0.3363430526657525,1.6705889602816792
37,1548716400,198,160,0,358,4,-0.3363430526657525,-0.19072498274671235
37,1548730800,51,54,3,105,5,-0.11716457125783501,-1.1803961454516243
37,1548745200,234,36,0,270,5,-0.3919687474807572,-0.5248258400129335
37,1548759600,943,245,0,1188,5,-0.3919687474807572,3.1225289502459646
37,1548774000,334,119,0,453,5,-0.3919687474807572,0.20226122601906904
37,1548788400,419,383,0,802,5,-0.3919687474807572,1.5888917508560574
37,1548802800,202,156,0,358,5,-0.3919687474807572,-0.17518834377896508
37,1548817200,41,61,20,102,5,1.4400590940053908,-1.1923156055505095
37,1548831600,205,43,0,248,5,-0.3919687474807572,-0.6122352140714256
37,1548846000,661,148,0,809,5,-0.3919687474807572,1.616703824420123
37,1548860400,360,145,0,505,5,-0.3919687474807572,0.408865201066414
37,1548874800,389,380,0,769,5,-0.3919687474807572,1.4577776897683192
37,1548889200,141,122,0,263,5,-0.3919687474807572,-0.5526379135769992
37,1548903600,33,54,21,87,5,1.5316604860796983,-1.251912906044936
37,1548918000,175,31,0,206,5,-0.3919687474807572,-0.7791076554558196
37,1548932400,539,135,0,674,5,-0.3919687474807572,1.0803281199702852
37,1548946800,288,97,0,385,5,-0.3919687474807572,-0.06791320288899748
37,1548961200,350,287,0,637,5,-0.3919687474807572,0.9333214454173666
37,1548975600,145,123,0,268,5,-0.3919687474807572,-0.5327721467455236
37,1548990000,23,64,41,87,5,3.3636883275658462,-1.251912906044936
37,1549004400,197,38,0,235,5,-0.3919687474807572,-0.6638862078332618
37,1549018800,565,147,0,712,5,-0.3919687474807572,1.2313079478894988
37,1549033200,331,139,0,470,5,-0.3919687474807572,0.2698048332460857
37,1549047600,393,345,0,738,5,-0.3919687474807572,1.3346099354131713
37,1549062000,196,174,0,370,5,-0.3919687474807572,-0.12751050338342393
37,1549076400,44,78,34,122,5,2.7224785830456946,-1.1128525382246077
37,1549090800,86,17,0,103,5,-0.3919687474807572,-1.1883424521842145
37,1549105200,331,85,0,416,5,-0.3919687474807572,0.055254551466150485
37,1549119600,378,180,0,558,5,-0.3919687474807572,0.6194423294800541
37,1549134000,336,188,0,524,5,-0.3919687474807572,0.48435511502602085
37,1549148400,185,104,0,289,5,-0.3919687474807572,-0.4493359260533267
37,1549162800,45,85,40,130,5,3.2720869354915387,-1.0810673112942468
37,1549177200,76,14,0,90,5,-0.3919687474807572,-1.2399934459460507
37,1549191600,247,77,0,324,5,-0.3919687474807572,-0.31027555823299835
37,1549206000,285,148,0,433,5,-0.3919687474807572,0.12279815869316711
37,1549220400,267,158,0,425,5,-0.3919687474807572,0.09101293176280635
37,1549234800,146,81,0,227,5,-0.3919687474807572,-0.6956714347636226
37,1549249200,50,45,0,95,5,-0.3919687474807572,-1.2201276791145752
37,1549263600,201,42,0,243,5,-0.3919687474807572,-0.6321009809029011
37,1549267885,303,61,0,364,5,-0.3919687474807572,-0.1513494235811945
37,1549278000,378,93,0,471,5,-0.3919687474807572,0.27377798661238073
37,1549292400,335,112,0,447,5,-0.3919687474807572,0.17842230582129845
37,1549306800,479,378,0,857,5,-0.3919687474807572,1.8074151860022878
37,1549321200,203,228,25,431,5,1.8980660543769279,0.11485185196057693
37,1549335600,35,59,24,94,6,2.3831961635144374,-1.2753498028055226
37,1549350000,176,37,0,213,6,-0.3528650356000876,-0.8241749504257093
37,1549364400,600,160,0,760,6,-0.3528650356000876,1.2497128163957851
37,1549378800,401,144,0,545,6,-0.3528650356000876,0.4345649738608284
37,1549393200,447,349,0,796,6,-0.3528650356000876,1.386202687703964
37,1549407600,219,189,0,408,6,-0.3528650356000876,-0.08485481417307422
37,1549422000,54,60,6,114,6,0.3311502641785437,-1.199522096523201
37,1549436400,200,39,0,239,6,-0.3528650356000876,-0.7255989322586913
37,1549450800,730,176,0,906,6,-0.3528650356000876,1.8032550722567324
37,1549465200,342,127,0,469,6,-0.3528650356000876,0.1464196899880065
37,1549479600,440,326,0,766,6,-0.3528650356000876,1.2724611282804814
37,1549494000,185,162,0,347,6,-0.3528650356000876,-0.3161293183341549
37,1549508400,38,69,31,107,6,3.181214013256174,-1.2260617937220135
37,1549522800,206,36,0,242,6,-0.3528650356000876,-0.7142247763163431
37,1549537200,761,178,0,939,6,-0.3528650356000876,1.9283707876225629
37,1549551600,378,157,0,535,6,-0.3528650356000876,0.3966511207196676
37,1549566000,455,380,0,835,6,-0.3528650356000876,1.5340667149544909
37,1549580400,187,172,0,359,6,-0.3528650356000876,-0.270632694564762
37,1549594800,50,69,19,119,6,1.8131834136989116,-1.1805651699526205
37,1549609200,206,61,0,267,6,-0.3528650356000876,-0.6194401434634411
37,1549623600,715,175,0,890,6,-0.3528650356000876,1.742592907230875
37,1549638000,347,187,0,534,6,-0.3528650356000876,0.3928597354055515
37,1549652400,445,346,0,791,6,-0.3528650356000876,1.3672457611333835
37,1549666800,216,154,0,370,6,-0.3528650356000876,-0.22892745610948517
37,1549681200,53,93,40,146,6,4.207236962924121,-1.0781977664714866
37,1549695600,94,20,0,114,6,-0.3528650356000876,-1.199522096523201
37,1549710000,372,71,0,443,6,-0.3528650356000876,0.0478436718209885
37,1549724400,366,133,0,499,6,-0.3528650356000876,0.2601612494114888
37,1549738800,332,154,0,486,6,-0.3528650356000876,0.21087324032797983
37,1549753200,159,113,0,272,6,-0.3528650356000876,-0.6004832168928608
37,1549767600,61,71,10,132,6,0.7871604640309646,-1.1312771608691117
37,1549782000,84,22,0,106,6,-0.3528650356000876,-1.2298531790361296
37,1549796400,243,65,0,308,6,-0.3528650356000876,-0.46399334558468197
37,1549810800,275,135,0,410,6,-0.3528650356000876,-0.07727204354484206
37,1549825200,273,134,0,407,6,-0.3528650356000876,-0.0886461994871903
37,1549839600,144,90,0,234,6,-0.3528650356000876,-0.7445558588292717
37,1549854000,45,33,0,78,6,-0.3528650356000876,-1.3360119678313798
37,1549868400,200,33,0,233,6,-0.3528650356000876,-0.7483472441433877
37,1549882800,694,151,0,845,6,-0.3528650356000876,1.5719805680956516
37,1549897200,384,162,0,546,6,-0.3528650356000876,0.4383563591749445
37,1549911600,438,376,0,814,6,-0.3528650356000876,1.4544476233580532
37,1549926000,198,160,0,358,6,-0.3528650356000876,-0.27442407987887807
37,1549940400,37,71,34,108,7,3.1634600738370557,-1.1944641737981698
37,1549954800,188,34,0,222,7,-0.3796152088604467,-0.7423618446166965
37,1549969200,648,144,0,792,7,-0.3796152088604467,1.5181498012906698
37,1549983600,296,92,0,388,7,-0.3796152088604467,-0.08403740036998986
37,1549998000,331,342,11,673,7,0.7666738531887453,1.0462184225836932
37,1550012400,154,117,0,271,7,-0.3796152088604467,-0.5480371592667651
37,1550026800,30,68,38,98,7,3.5802924600367616,-1.2341222728491763
37,1550041200,194,43,0,237,7,-0.3796152088604467,-0.6828746960401869
37,1550055600,744,165,0,909,7,-0.3796152088604467,1.982149560187445
37,1550070000,372,147,0,519,7,-0.3796152088604467,0.4354836971981943
37,1550084400,503,350,0,853,7,-0.3796152088604467,1.760064205501809
37,1550098800,219,171,0,390,7,-0.3796152088604467,-0.07610578055978857
37,1550113200,46,55,9,101,7,0.5582576600888922,-1.2222248431338743
37,1550127600,175,41,0,216,7,-0.3796152088604467,-0.7661567040473004
37,1550142000,702,188,0,890,7,-0.3796152088604467,1.9067991719905328
37,1550156400,359,131,0,490,7,-0.3796152088604467,0.3204752099502757
37,1550170800,439,396,0,835,7,-0.3796152088604467,1.6886796272099973
37,1550185200,213,189,0,402,7,-0.3796152088604467,-0.028516061698580866
37,1550199600,39,74,35,113,7,3.2676681703869823,-1.1746351242726667
37,1550214000,189,39,0,228,7,-0.3796152088604467,-0.7185669851860926
37,1550228400,750,148,0,898,7,-0.3796152088604467,1.9385256512313378
37,1550242800,344,132,0,476,7,-0.3796152088604467,0.2649538712788667
37,1550257200,470,336,0,806,7,-0.3796152088604467,1.5736711399620789
37,1550271600,247,171,0,418,7,-0.3796152088604467,0.034936896783029414
37,1550286000,69,75,6,144,7,0.24563337043911257,-1.0516950172145467
37,1550300400,93,20,0,113,7,-0.3796152088604467,-1.1746351242726667
37,1550314800,367,104,0,471,7,-0.3796152088604467,0.24512482175336348
37,1550329200,380,149,0,529,7,-0.3796152088604467,0.4751417962492008
37,1550343600,365,148,0,513,7,-0.3796152088604467,0.41168883776759047
37,1550358000,204,138,0,342,7,-0.3796152088604467,-0.26646465600461944
37,1550372400,48,67,19,115,7,1.6003386255881575,-1.1667035044624654
37,1550386800,79,11,0,90,7,-0.3796152088604467,-1.2658487520899813
37,1550401200,220,63,0,283,7,-0.3796152088604467,-0.5004474404055573
37,1550415600,302,156,0,458,7,-0.3796152088604467,0.19356929298705514
37,1550430000,272,161,0,433,7,-0.3796152088604467,0.09442404535953906
37,1550444400,144,92,0,236,7,-0.3796152088604467,-0.6868405059452876
37,1550458800,43,44,1,87,7,-0.2754071123105201,-1.2777461818052833
37,1550473200,150,26,0,176,7,-0.3796152088604467,-0.9247891002513261
37,1550487600,374,93,0,467,7,-0.3796152088604467,0.2292615821329609
37,1550502000,321,118,0,439,7,-0.3796152088604467,0.11821890479014291
37,1550516400,388,248,0,636,7,-0.3796152088604467,0.8994834560949695
37,1550530800,186,135,0,321,7,-0.3796152088604467,-0.34974666401173293
37,1550545200,34,64,30,98,8,2.089701241447916,-1.4361292176035174
37,1550559600,163,36,0,199,8,-0.4390128658504025,-1.0028775407558603
37,1550574000,567,134,0,701,8,-0.4390128658504025,1.1505119817938818
37,1550588400,361,130,0,491,8,-0.4390128658504025,0.2496916635957826
37,1550602800,439,339,0,778,8,-0.4390128658504025,1.480812765133185
37,1550617200,203,162,0,365,8,-0.4390128658504025,-0.290800527323077
37,1550631600,39,62,23,101,8,1.4996679497449752,-1.4232603559149732
37,1550646000,177,39,0,216,8,-0.4390128658504025,-0.9299539911874427
37,1550660400,606,124,0,730,8,-0.4390128658504025,1.2749109781164765
37,1550674800,350,120,0,470,8,-0.4390128658504025,0.15960963177597268
37,1550689200,342,280,0,622,8,-0.4390128658504025,0.8116319573288826
37,1550703600,162,156,0,318,8,-0.4390128658504025,-0.4924126937769373
37,1550718000,28,62,34,90,8,2.4268631224210253,-1.4704461821063022
37,1550732400,183,34,0,217,8,-0.4390128658504025,-0.9256643706245946
37,1550746800,581,135,0,716,8,-0.4390128658504025,1.2148562902366034
37,1550761200,371,154,0,525,8,-0.4390128658504025,0.39553876273261773
37,1550775600,433,336,0,769,8,-0.4390128658504025,1.442206180067552
37,1550790000,241,153,0,394,8,-0.4390128658504025,-0.16640153100048233
37,1550804400,41,79,38,120,8,2.764025003394134,-1.3417575652208595
37,1550818800,174,33,0,207,8,-0.4390128658504025,-0.9685605762530755
37,1550833200,548,107,0,655,8,-0.4390128658504025,0.9531894359028696
37,1550847600,403,120,0,523,8,-0.4390128658504025,0.38695952160692154
37,1550862000,416,276,0,692,8,-0.4390128658504025,1.111905396728249
37,1550876400,244,146,0,390,8,-0.4390128658504025,-0.18356001325187468
37,1551495600,9072,5429,0,14501,9,-0.37857067143084283,4.1185654979483814
37,1551510000,67,15,0,82,9,-0.37857067143084283,-0.2905102213751604
37,1551524400,41,79,38,120,9,3.0739938520184436,-0.2788904920364896
37,1551538800,129,81,0,210,9,-0.37857067143084283,-0.25137008044490083
37,1551553200,157,140,0,297,9,-0.37857067143084283,-0.224767015906365
37,1551567600,115,81,0,196,9,-0.37857067143084283,-0.25565103335914796
37,1551582000,37,69,32,106,9,2.5288520851580296,-0.28317144495073676
37,1551596400,56,23,0,79,9,-0.37857067143084283,-0.2914275684282134
37,1551610800,58,52,0,110,9,-0.37857067143084283,-0.28194831554666616
37,1551625200,124,105,0,229,9,-0.37857067143084283,-0.24556021577556542
37,1551639600,146,151,5,297,9,0.07571413428616854,-0.224767015906365
37,1551654000,121,71,0,192,9,-0.37857067143084283,-0.25687416276321856
37,1551668400,30,27,0,57,9,-0.37857067143084283,-0.29815478015060176
37,1551682800,157,32,0,189,9,-0.37857067143084283,-0.2577915098162715
37,1551697200,419,107,0,526,9,-0.37857067143084283,-0.15474285752332242
37,1551711600,306,145,0,451,9,-0.37857067143084283,-0.1776765338496464
37,1551726000,331,288,0,619,9,-0.37857067143084283,-0.12630509887868066
37,1551740400,182,134,0,316,9,-0.37857067143084283,-0.21895715123702958
37,1551754800,36,65,29,101,10,2.158227848101266,-1.2824216114856024
37,1551769200,218,46,0,264,10,-0.350210970464135,-0.6502912360940785
37,1551783600,710,185,0,895,10,-0.350210970464135,1.7967901557589985
37,1551798000,374,130,0,504,10,-0.350210970464135,0.2804528749118462
37,1551812400,436,361,0,797,10,-0.350210970464135,1.416736310431579
37,1551826800,188,173,0,361,10,-0.350210970464135,-0.27411549122918394
37,1551841200,62,63,1,125,10,-0.26371308016877637,-1.1893472003850099
37,1551855600,203,44,0,247,10,-0.350210970464135,-0.7162189439569981
37,1551870000,714,162,0,876,10,-0.350210970464135,1.7231062469710294
37,1551884400,338,116,0,454,10,-0.350210970464135,0.08654785178561188
37,1551898800,457,327,0,784,10,-0.350210970464135,1.3663210044187584
37,1551913200,184,177,0,361,10,-0.350210970464135,-0.27411549122918394
37,1551927600,34,89,55,123,10,4.407172995780591,-1.1971034013100592
37,1551942000,204,43,0,247,10,-0.350210970464135,-0.7162189439569981
37,1551956400,694,177,0,871,10,-0.350210970464135,1.703715744658406
37,1551970800,334,133,0,467,10,-0.350210970464135,0.1369631577984328
37,1551985200,440,350,0,790,10,-0.350210970464135,1.3895896071939065
37,1551999600,205,187,0,392,10,-0.350210970464135,-0.15389437689091864
37,1552014000,49,76,27,125,10,1.9852320675105488,-1.1893472003850099
37,1552028400,209,35,0,244,10,-0.350210970464135,-0.7278532453445722
37,1552042800,717,192,0,909,10,-0.350210970464135,1.851083562234344
37,1552057200,373,146,0,519,10,-0.350210970464135,0.3386243818497165
37,1552071600,462,319,0,781,10,-0.350210970464135,1.3546867030311842
37,1552086000,231,198,0,429,10,-0.350210970464135,-0.010404659777505272
37,1552100400,39,73,34,112,10,2.5907172995780594,-1.2397625063978308
37,1552114800,115,18,0,133,10,-0.350210970464135,-1.1583223966848124
37,1552129200,334,102,0,436,10,-0.350210970464135,0.01674204346016753
37,1552143600,342,137,0,479,10,-0.350210970464135,0.18350036334872905
37,1552158000,333,172,0,505,10,-0.350210970464135,0.28433097537437085
37,1552172400,207,138,0,345,10,-0.350210970464135,-0.3361650986295789
37,1552190400,61,81,20,142,10,1.379746835443038,-1.1234194925220902
37,1552204800,97,22,0,119,10,-0.350210970464135,-1.212615803160158
37,1552219200,188,57,0,245,10,-0.350210970464135,-0.7239751448820475
37,1552233600,254,142,0,396,10,-0.350210970464135,-0.13838197504081992
37,1552248000,205,135,0,340,10,-0.350210970464135,-0.35555560094220234
37,1552262400,109,77,0,186,10,-0.350210970464135,-0.952783072171004
37,1552276800,31,21,0,52,10,-0.350210970464135,-1.4724485341493119
37,1552291200,418,99,0,517,10,-0.350210970464135,0.3308681809246671
37,1552305600,518,130,0,648,10,-0.350210970464135,0.838899341515401
37,1552320000,410,205,0,615,10,-0.350210970464135,0.7109220262520863
37,1552334400,398,365,0,763,10,-0.350210970464135,1.28488089470574
37,1552348800,137,132,0,269,11,-0.33035042472810616,-0.7340423844166555
37,1552363200,34,39,5,73,11,1.0854371098209201,-1.578221891055089
37,1552377600,448,101,0,549,11,-0.33035042472810616,0.4719283393525353
37,1552392000,555,137,0,692,11,-0.33035042472810616,1.0878348161346578
37,1552406400,420,166,0,586,11,-0.33035042472810616,0.6312887564220355
37,1552420800,406,346,0,752,11,-0.33035042472810616,1.3462571140851987
37,1552435200,148,123,0,271,11,-0.33035042472810616,-0.7254283078183041
37,1552449600,28,41,13,69,11,3.3506971650993624,-1.5954500442517918
37,1552464000,581,87,0,668,11,-0.33035042472810616,0.9844658969544414
37,1552478400,517,138,0,655,11,-0.33035042472810616,0.9284743990651575
37,1552492800,403,158,0,561,11,-0.33035042472810616,0.5236127989426435
37,1552507200,392,378,0,770,11,-0.33035042472810616,1.423783803470361
37,1552521600,158,158,0,316,11,-0.33035042472810616,-0.5316115843553985
37,1552536000,29,38,9,67,11,2.218067137460141,-1.6040641208501432
37,1552550400,445,104,0,549,11,-0.33035042472810616,0.4719283393525353
37,1552564800,534,147,0,681,11,-0.33035042472810616,1.0404573948437252
37,1552579200,418,168,0,586,11,-0.33035042472810616,0.6312887564220355
37,1552593600,430,381,0,811,11,-0.33035042472810616,1.6003723737365638
37,1552608000,189,168,0,357,11,-0.33035042472810616,-0.3550230140891955
37,1552622400,40,44,4,84,11,0.8022796029111148,-1.5308444697641566
37,1552636800,456,82,0,538,11,-0.33035042472810616,0.4245509180616028
37,1552651200,516,144,0,660,11,-0.33035042472810616,0.950009590561036
37,1552665600,416,212,0,628,11,-0.33035042472810616,0.8121843649874141
37,1552680000,426,311,0,737,11,-0.33035042472810616,1.2816515395975634
37,1552694400,170,149,0,319,11,-0.33035042472810616,-0.5186904694578715
37,1552708800,34,51,17,85,11,4.483327192738583,-1.5265374314649809
37,1552723200,170,30,0,200,11,-0.33035042472810616,-1.0312280270597776
37,1552737600,334,102,0,436,11,-0.33035042472810616,-0.014766988454316692
37,1552752000,438,161,0,599,11,-0.33035042472810616,0.6872802543113193
37,1552766400,308,140,0,448,11,-0.33035042472810616,0.03691747113579148
37,1552780800,165,125,0,290,11,-0.33035042472810616,-0.6435945801339662
37,1552795200,47,45,0,92,11,-0.33035042472810616,-1.496388163370751
37,1552809600,104,23,0,127,11,-0.33035042472810616,-1.3456418228996023
37,1552824000,240,89,0,329,11,-0.33035042472810616,-0.4756200864661146
37,1552838400,339,133,0,472,11,-0.33035042472810616,0.14028639031600784
37,1552852800,221,167,0,388,11,-0.33035042472810616,-0.2215048268147494
37,1552867200,160,87,0,247,11,-0.33035042472810616,-0.8287972269985204
37,1552881600,24,25,1,49,11,-0.04719291781830089,-1.6815908102353054
37,1552896000,413,84,0,497,11,-0.33035042472810616,0.24796234779539986
37,1552910400,522,154,0,676,11,-0.33035042472810616,1.0189222033478469
37,1552924800,395,164,0,559,11,-0.33035042472810616,0.5149987223442921
37,1552939200,364,350,0,714,11,-0.33035042472810616,1.1825896587165228
37,1552953600,141,137,0,278,12,-0.37210644854043606,-0.7099126408385957
37,1552968000,22,48,26,70,12,3.651064262411605,-1.6726255918423167
37,1552982400,448,104,0,552,12,-0.37210644854043606,0.5582765350028446
37,1552996800,517,109,0,626,12,-0.37210644854043606,0.9007801810330145
37,1553011200,424,186,0,610,12,-0.37210644854043606,0.8267253386481129
37,1553025600,366,365,0,731,12,-0.37210644854043606,1.3867650841839314
37,1553040000,187,190,3,377,12,0.09210555656941488,-0.25169830358201695
37,1553054400,26,46,20,72,12,2.7226402521919035,-1.663368736544204
37,1553068800,458,95,0,553,12,-0.37210644854043606,0.5629049626519009
37,1553083200,556,135,0,691,12,-0.37210644854043606,1.2016279782216774
37,1553097600,393,201,0,594,12,-0.37210644854043606,0.7526704962632113
37,1553112000,393,332,0,725,12,-0.37210644854043606,1.3589945182895933
37,1553126400,182,167,0,349,12,-0.37210644854043606,-0.38129427775559477
37,1553140800,37,43,6,80,12,0.5563175616792658,-1.6263413153517534
37,1553155200,426,101,0,527,12,-0.37210644854043606,0.44256584377643576
37,1553169600,526,110,0,636,12,-0.37210644854043606,0.947064457523578
37,1553184000,390,177,0,567,12,-0.37210644854043606,0.6277029497386898
37,1553198400,358,330,0,688,12,-0.37210644854043606,1.1877426952745083
37,1553212800,164,153,0,317,12,-0.37210644854043606,-0.529403962525398
37,1553227200,30,55,25,85,12,3.496326927374988,-1.6031991771064715
37,1553241600,417,95,0,512,12,-0.37210644854043606,0.3731394290405905
37,1553256000,494,146,0,640,12,-0.37210644854043606,0.9655781681198035
37,1553270400,431,183,0,614,12,-0.37210644854043606,0.8452390492443383
37,1553284800,381,314,0,695,12,-0.37210644854043606,1.2201416888179029
37,1553299200,181,151,0,332,12,-0.37210644854043606,-0.45997754778955274
37,1553313600,32,47,15,79,12,1.9489535770088184,-1.6309697430008097
37,1553328000,159,31,0,190,12,-0.37210644854043606,-1.1172142739555546
37,1553342400,332,122,0,454,12,-0.37210644854043606,0.1046906253953221
37,1553356800,347,138,0,485,12,-0.37210644854043606,0.248171882516069
37,1553371200,316,173,0,489,12,-0.37210644854043606,0.2666855931122944
37,1553385600,207,118,0,325,12,-0.37210644854043606,-0.4923765413329472
37,1553400000,44,49,5,93,12,0.4015802266426488,-1.5661717559140207
37,1553414400,105,23,0,128,12,-0.37210644854043606,-1.4041767881970484
37,1553428800,235,94,0,329,12,-0.37210644854043606,-0.4738628307367218
37,1553443200,326,135,0,461,12,-0.37210644854043606,0.13708961893871657
37,1553457600,264,139,0,403,12,-0.37210644854043606,-0.1313591847065518
37,1553472000,151,98,0,249,12,-0.37210644854043606,-0.8441370426612299
37,1553486400,31,32,1,63,12,-0.21736911350381907,-1.7050245853857113
37,1553500800,438,81,0,519,12,-0.37210644854043606,0.4055384225839849
37,1553515200,499,123,0,622,12,-0.37210644854043606,0.8822664704367892
37,1553529600,395,179,0,574,12,-0.37210644854043606,0.6601019432820843
37,1553544000,404,330,0,734,12,-0.37210644854043606,1.4006503671311006
37,1553558400,148,145,0,293,13,-0.41817516224812246,-0.2430386649804873
37,1553572800,35,49,14,84,13,1.5333089282431156,-0.40262107459695556
37,1553587200,465,105,0,570,13,-0.41817516224812246,-0.03153470582373269
37,1553601600,556,139,0,695,13,-0.41817516224812246,0.06390931906649952
37,1553616000,408,164,0,572,13,-0.41817516224812246,-0.030007601425488972
37,1553630400,379,376,0,755,13,-0.41817516224812246,0.10972245101381099
37,1553644800,160,176,16,336,13,1.8120923697418638,-0.2102059204182474
37,1553659200,27,56,29,83,13,3.6241847394837277,-0.4033846267960774
37,1553673600,435,75,0,510,13,-0.41817516224812246,-0.07734783777104415
37,1553688000,509,133,0,642,13,-0.41817516224812246,0.02344105251304107
37,1553904000,4918,2657,0,7575,13,-0.41817516224812246,5.317148449024881
37,1553918400,43,54,11,97,13,1.1151337659949931,-0.3926948960083714
37,1553932800,162,30,0,192,13,-0.41817516224812246,-0.3201574370917949
37,1553947200,336,72,0,408,13,-0.41817516224812246,-0.15523016208147364
37,1553957243,241,91,0,332,13,-0.41817516224812246,-0.21326012921473483
37,1553961600,108,49,0,157,13,-0.41817516224812246,-0.3468817640610599
37,1553976000,316,160,0,476,13,-0.41817516224812246,-0.10330861254118731
37,1553990400,176,146,0,322,13,-0.41817516224812246,-0.2208956512059534
37,1554004800,36,56,20,92,13,2.3696592527393605,-0.3965126570039807
37,1554019200,123,22,0,145,13,-0.41817516224812246,-0.3560443904505222
37,1554033600,323,95,0,418,13,-0.41817516224812246,-0.14759464009025505
37,1554048000,267,138,0,405,13,-0.41817516224812246,-0.15752081867883921
37,1554062400,260,124,0,384,13,-0.41817516224812246,-0.17355541486039822
37,1554076800,122,109,0,231,13,-0.41817516224812246,-0.29037890132604244
37,1554091200,24,19,0,43,13,-0.41817516224812246,-0.4339267147609517
37,1554102681,244,41,0,285,13,-0.41817516224812246,-0.24914708257346213
37,1554105600,220,55,0,275,13,-0.41817516224812246,-0.2567826045646807
37,1554120000,514,141,0,655,13,-0.41817516224812246,0.03336723110162522
37,1554134400,407,183,0,590,13,-0.41817516224812246,-0.016263661841295535
37,1554148800,402,315,0,717,13,-0.41817516224812246,0.0807074674471804
37,1554163200,141,176,35,317,14,3.6537272765442736,-0.5372267661362754
37,1554177600,23,25,2,48,14,-0.1279204298133663,-1.642545514606268
37,1554192000,459,84,0,543,14,-0.3571111998956475,0.39140534224371826
37,1554206400,565,144,0,709,14,-0.3571111998956475,1.0734979528237136
37,1554220800,416,337,0,753,14,-0.3571111998956475,1.2542935845437124
37,1554235200,393,342,0,735,14,-0.3571111998956475,1.1803317352037128
37,1554249600,172,152,0,324,14,-0.3571111998956475,-0.5084638247262756
37,1554264000,31,46,15,77,14,1.3618195757214615,-1.5233847573362687
37,1554278400,473,67,0,540,14,-0.3571111998956475,0.37907836735371836
37,1554292800,565,178,0,743,14,-0.3571111998956475,1.2132036682437126
37,1554307200,438,190,0,628,14,-0.3571111998956475,0.7406696307937158
37,1554321600,403,355,0,758,14,-0.3571111998956475,1.2748385426937123
37,1554336000,166,170,4,336,14,0.10127034026891493,-0.45915592516627596
37,1554350400,39,68,29,107,14,2.96615496629743,-1.4001150084362695
37,1554364415,437,76,0,513,14,-0.3571111998956475,0.2681355933437191
37,1554364800,23,11,0,34,14,-0.3571111998956475,-1.7000713974262676
37,1554379200,571,162,0,733,14,-0.3571111998956475,1.172113751943713
37,1554393600,431,151,0,582,14,-0.3571111998956475,0.5516560158137171
37,1554408000,438,409,0,847,14,-0.3571111998956475,1.6405387977637098
37,1554422400,179,164,0,343,14,-0.3571111998956475,-0.43039298375627616
37,1554436800,33,48,15,81,14,1.3618195757214615,-1.5069487908162689
37,1554451200,420,86,0,506,14,-0.3571111998956475,0.2393726519337193
37,1554465600,512,143,0,655,14,-0.3571111998956475,0.8516124048037151
37,1554480000,395,193,0,588,14,-0.3571111998956475,0.5763099655937169
37,1554494400,393,323,0,716,14,-0.3571111998956475,1.1022608942337133
37,1554508800,165,142,0,307,14,-0.3571111998956475,-0.5783166824362751
37,1554523200,33,67,34,100,14,3.539131891503133,-1.4288779498462694
37,1554537600,161,33,0,194,14,-0.3571111998956475,-1.042632736626272
37,1554552000,396,147,0,543,14,-0.3571111998956475,0.39140534224371826
37,1554566400,379,155,0,534,14,-0.3571111998956475,0.3544244175737185
37,1554580800,336,218,0,554,14,-0.3571111998956475,0.43660425017371796
37,1554595200,195,147,0,342,14,-0.3571111998956475,-0.4345019753862761
37,1554609600,64,64,0,128,14,-0.3571111998956475,-1.3138261842062702
37,1554624000,112,19,0,131,14,-0.3571111998956475,-1.3014992093162703
37,1554638400,223,88,0,311,14,-0.3571111998956475,-0.5618807159162752
37,1554652800,395,209,0,604,14,-0.3571111998956475,0.6420538316737165
37,1554667200,244,174,0,418,14,-0.3571111998956475,-0.12221861150627825
37,1554681600,133,99,0,232,14,-0.3571111998956475,-0.886491054686273
37,1554696000,33,28,0,61,14,-0.3571111998956475,-1.5891286234162683
37,1554710400,437,77,0,514,14,-0.3571111998956475,0.27224458497371906
37,1554724800,485,140,0,625,14,-0.3571111998956475,0.7283426559037159
37,1554739200,399,213,0,612,14,-0.3571111998956475,0.6749257647137163
37,1554753600,433,394,0,827,14,-0.3571111998956475,1.5583589651637104
37,1554768000,164,164,0,328,15,-0.46880723093849536,-0.5200470220559128
37,1554782400,27,46,19,73,15,2.203393985410928,-1.6330973030748626
37,1554796800,455,97,0,552,15,-0.46880723093849536,0.45769126401563526
37,1554811200,530,124,0,654,15,-0.46880723093849536,0.9029113764232152
37,1554825600,345,194,0,539,15,-0.46880723093849536,0.40094752419898294
37,1554840000,375,375,0,750,15,-0.46880723093849536,1.3219420704538787
37,1554854400,156,161,5,317,15,0.23440361546924765,-0.5680609557469263
37,1554868800,24,44,20,68,15,2.344036154692477,-1.6549218183889596
37,1554883200,451,91,0,542,15,-0.46880723093849536,0.41404223338744117
37,1554897600,567,142,0,709,15,-0.46880723093849536,1.142981044878283
37,1554912000,429,223,0,652,15,-0.46880723093849536,0.8941815702975764
37,1554926400,414,374,0,788,15,-0.46880723093849536,1.4878083868410164
37,1554940800,163,180,17,343,15,1.922109646847831,-0.45457347611362164
37,1554955200,23,32,9,55,15,0.796972292595442,-1.711665558205612
37,1554969600,449,92,0,541,15,-0.46880723093849536,0.4096773303246218
37,1554984000,544,125,0,669,15,-0.46880723093849536,0.9683849223655063
37,1554998400,408,176,0,584,15,-0.46880723093849536,0.5973681620258564
37,1555012800,399,406,7,805,15,0.5156879540323449,1.5620117389089463
37,1555027200,169,164,0,333,15,-0.46880723093849536,-0.49822250674181573
37,1555041600,29,44,15,73,15,1.6408253082847337,-1.6330973030748626
37,1555056000,454,106,0,560,15,-0.46880723093849536,0.49261048851819056
37,1555070400,538,139,0,677,15,-0.46880723093849536,1.0033041468680617
37,1555084800,410,241,0,651,15,-0.46880723093849536,0.8898166672347569
37,1555099200,411,311,0,722,15,-0.46880723093849536,1.1997247846949353
37,1555113600,187,148,0,335,15,-0.46880723093849536,-0.4894927006161769
37,1555128000,30,56,26,86,15,3.1878891703817684,-1.5763535632582102
37,1555142400,177,44,0,221,15,-0.46880723093849536,-0.9870916497775898
37,1555156800,359,101,0,460,15,-0.46880723093849536,0.05612018223624946
37,1555171200,377,138,0,515,15,-0.46880723093849536,0.2961898506913171
37,1555185600,418,193,0,611,15,-0.46880723093849536,0.7152205447219805
37,1555200000,180,140,0,320,15,-0.46880723093849536,-0.554966246558468
37,1555214400,38,60,22,98,15,2.625320493255574,-1.5239747265043773
37,1555228800,131,22,0,153,15,-0.46880723093849536,-1.2839050580493097
37,1555243200,241,106,0,347,15,-0.46880723093849536,-0.43711386386234397
37,1555257600,341,142,0,483,15,-0.46880723093849536,0.1565129526810959
37,1555272000,230,161,0,391,15,-0.46880723093849536,-0.2450581290982899
37,1555286400,149,79,0,228,15,-0.46880723093849536,-0.9565373283378539
37,1555300800,35,32,0,67,15,-0.46880723093849536,-1.659286721451779
37,1555315200,456,68,0,524,15,-0.46880723093849536,0.3354739782566918
37,1555329600,503,124,0,627,15,-0.46880723093849536,0.7850589937270911
37,1555344000,413,203,0,616,15,-0.46880723093849536,0.7370450600360776
37,1555358400,378,335,0,713,15,-0.46880723093849536,1.1604406571295605
37,1555372800,150,144,0,294,16,-0.50764256786566,-0.1470277341789976
37,1555387200,25,50,25,75,16,4.931384944980697,-0.9132379885577058
37,1555401600,464,102,0,566,16,-0.50764256786566,0.8046123991132792
37,1555416000,573,154,0,727,16,-0.50764256786566,1.3678993897752518
37,1555430400,386,264,0,650,16,-0.50764256786566,1.0985012638064824
37,1555444800,376,377,1,753,16,-0.29008146735180573,1.4588649907517195
37,1555459200,176,171,0,347,16,-0.50764256786566,0.03840214473457106
37,1555473600,35,46,11,81,16,1.8855295377867367,-0.8922459267939055
37,1555488000,463,76,0,539,16,-0.50764256786566,0.7101481211761782
37,1555502400,553,136,0,689,16,-0.50764256786566,1.2349496652711838
37,1555516800,410,279,0,689,16,-0.50764256786566,1.2349496652711838
37,1555531200,391,385,0,776,16,-0.50764256786566,1.539334560846287
37,1555545600,182,188,6,370,16,0.7977240352174656,0.11887171482913858
37,1555560000,30,36,6,66,16,0.7977240352174656,-0.9447260812034061
37,1555574400,470,111,0,581,16,-0.50764256786566,0.8570925535227798
37,1555588800,548,121,0,669,16,-0.50764256786566,1.1649761260585163
37,1555603200,370,186,0,556,16,-0.50764256786566,0.7696256295069455
37,1555617600,409,373,0,782,16,-0.50764256786566,1.5603266226100874
37,1555632000,189,170,0,359,16,-0.50764256786566,0.0803862682621715
37,1555646400,33,44,11,77,16,1.8855295377867367,-0.906240634636439
37,1555660800,293,72,0,365,16,-0.50764256786566,0.10137833002597173
37,1555675200,409,91,0,500,16,-0.50764256786566,0.5736997197114767
37,1555689600,373,171,0,544,16,-0.50764256786566,0.7276415059793451
37,1555704000,345,239,0,584,16,-0.50764256786566,0.8675885844046799
37,1555718400,141,147,6,288,16,0.7977240352174656,-0.1680197959427978
37,1555732800,0,3,3,3,16,0.1450407336759028,-1.1651427297233083
37,1555747200,0,8,8,8,16,1.232846236245174,-1.1476493449201415
37,1555761600,0,2,2,2,16,-0.07252036683795145,-1.1686414066839417
37,1555776000,0,1,1,1,16,-0.29008146735180573,-1.1721400836445752
37,1555790400,0,1,1,1,16,-0.29008146735180573,-1.1721400836445752
37,1555804800,0,1,1,1,16,-0.29008146735180573,-1.1721400836445752
37,1555819200,0,1,1,1,16,-0.29008146735180573,-1.1721400836445752
37,1555833600,0,1,1,1,16,-0.29008146735180573,-1.1721400836445752
37,1555848000,0,2,2,2,16,-0.07252036683795145,-1.1686414066839417
37,1555862400,1,3,2,4,16,-0.07252036683795145,-1.161644052762675
37,1555876800,0,5,5,5,16,0.5801629347036114,-1.1581453758020417
37,1555891200,0,5,5,5,16,0.5801629347036114,-1.1581453758020417
37,1555905600,0,0,0,0,16,-0.50764256786566,-1.1756387606052086
37,1555920000,326,80,0,406,16,-0.50764256786566,0.24482408541193992
37,1555934400,471,125,0,596,16,-0.50764256786566,0.9095727079322803
37,1555948800,337,177,0,514,16,-0.50764256786566,0.622681197160344
37,1555963200,335,301,0,636,16,-0.50764256786566,1.0495197863576151
37,1555977600,127,128,1,255,17,-0.3219953130017455,-0.4120899605857826
37,1555992000,18,28,10,46,17,1.2384435115451748,-1.2511819749726996
37,1556006400,380,78,0,458,17,-0.49537740461806995,0.40291328783787356
37,1556020800,502,120,0,622,17,-0.49537740461806995,1.0613395575003346
37,1556035200,391,192,0,583,17,-0.49537740461806995,0.9047625787391397
37,1556049600,410,317,0,727,17,-0.49537740461806995,1.4828929618573983
37,1556064000,162,154,0,316,17,-0.49537740461806995,-0.16718750662596474
37,1556078400,30,42,12,72,17,1.5852076947778238,-1.1467973224652361
37,1556092800,383,107,0,490,17,-0.49537740461806995,0.5313867063085976
37,1556107200,489,144,0,633,17,-0.49537740461806995,1.105502295099646
37,1556121600,397,197,0,594,17,-0.49537740461806995,0.9489253163384511
37,1556136000,423,336,0,759,17,-0.49537740461806995,1.6113663803281224
37,1556150400,175,173,0,348,17,-0.49537740461806995,-0.03871408815524063
37,1556164800,27,31,4,58,17,0.19815096184722797,-1.203004443046178
37,1556179200,358,73,0,431,17,-0.49537740461806995,0.29451384100320005
37,1556193600,476,97,0,573,17,-0.49537740461806995,0.8646146354670384
37,1556208000,395,166,0,561,17,-0.49537740461806995,0.8164371035405168
37,1556222400,421,342,0,763,17,-0.49537740461806995,1.627425557636963
37,1556236800,181,155,0,336,17,-0.49537740461806995,-0.08689162008176217
37,1556251200,36,49,13,85,17,1.7585897863941482,-1.0946049962115045
37,1556265600,358,70,0,428,17,-0.49537740461806995,0.2824694580215697
37,1556280000,468,119,0,587,17,-0.49537740461806995,0.9208217560479802
37,1556294400,359,167,0,526,17,-0.49537740461806995,0.6759193020881623
37,1556308800,345,267,0,612,17,-0.49537740461806995,1.0211916142282333
37,1556323200,161,120,0,281,17,-0.49537740461806995,-0.30770530807831925
37,1556337600,0,6,6,6,17,0.5449151450798769,-1.4117737480611048
37,1556352000,0,18,18,18,17,2.6255002444757705,-1.3635962161345832
37,1556366400,2,18,16,20,17,2.2787360612431216,-1.355566627480163
37,1556380800,1,20,19,21,17,2.798882336092095,-1.3515518331529528
37,1556395200,0,18,18,18,17,2.6255002444757705,-1.3635962161345832
37,1556409600,36,16,0,52,17,-0.49537740461806995,-1.2270932090094389
37,1556424000,93,37,0,130,17,-0.49537740461806995,-0.9139392514870487
37,1556438400,64,22,0,86,17,-0.49537740461806995,-1.0905902018842943
37,1556452800,179,68,0,247,17,-0.49537740461806995,-0.44420831520346366
37,1556467200,191,95,0,286,17,-0.49537740461806995,-0.2876313364422686
37,1556481600,186,114,0,300,17,-0.49537740461806995,-0.2314242158613268
37,1556496000,114,56,0,170,17,-0.49537740461806995,-0.7533474783986436
37,1556510400,26,29,3,55,17,0.024768870230903486,-1.2150488260278085
37,1556524800,414,79,0,493,17,-0.49537740461806995,0.5434310892902281
37,1556539200,490,135,0,625,17,-0.49537740461806995,1.0733839404819652
37,1556553600,403,174,0,577,17,-0.49537740461806995,0.8806738127758789
37,1556568000,410,363,0,773,17,-0.49537740461806995,1.6675735009090642
37,1556582400,148,126,0,274,18,-0.2209595750957543,-0.7080718398489658
37,1556596800,27,41,14,68,18,3.716138308428595,-1.5970919469993434
37,1556611200,454,111,0,565,18,-0.2209595750957543,0.5477769522906454
37,1556625600,533,111,0,644,18,-0.2209595750957543,0.8887118477512271
37,1556640000,385,169,0,554,18,-0.2209595750957543,0.5003050048214505
37,1556654400,402,351,0,753,18,-0.2209595750957543,1.359115690855068
37,1556668800,188,164,0,352,18,-0.2209595750957543,-0.37145257597649267
37,1556683200,36,36,0,72,18,-0.2209595750957543,-1.579829420646909
37,1556697600,494,103,0,597,18,-0.2209595750957543,0.6858771631101216
37,1556712000,561,110,0,671,18,-0.2209595750957543,1.0052339006301603
37,1556726400,398,177,0,575,18,-0.2209595750957543,0.5909332681717318
37,1556740800,396,340,0,736,18,-0.2209595750957543,1.285749953857221
37,1556755200,157,145,0,302,18,-0.2209595750957543,-0.5872341553819241
37,1556769600,37,32,0,69,18,-0.2209595750957543,-1.5927763154112349
37,1556784000,496,78,0,574,18,-0.2209595750957543,0.5866176365836231
37,1556798400,540,154,0,694,18,-0.2209595750957543,1.1044934271566587
37,1556812800,453,202,0,655,18,-0.2209595750957543,0.936183795220422
37,1556827200,386,349,0,735,18,-0.2209595750957543,1.2814343222691125
37,1556841600,168,153,0,321,18,-0.2209595750957543,-0.5052371552078602
37,1556856000,42,34,0,76,18,-0.2209595750957543,-1.5625668942944746
37,1556870400,452,91,0,543,18,-0.2209595750957543,0.4528330573522556
37,1556884800,533,138,0,671,18,-0.2209595750957543,1.0052339006301603
37,1556899200,420,245,0,665,18,-0.2209595750957543,0.9793401111015084
37,1556913600,397,320,0,717,18,-0.2209595750957543,1.203752953683157
37,1556928000,185,159,0,344,18,-0.2209595750957543,-0.4059776286813617
37,1556942400,38,57,19,95,18,5.1222446954015775,-1.4805698941204106
37,1556956800,161,49,0,210,18,-0.2209595750957543,-0.9842722614879181
37,1556971200,325,113,0,438,18,-0.2209595750957543,-0.0003082593991505463
37,1556985600,400,145,0,545,18,-0.2209595750957543,0.4614643205284728
37,1557000000,292,177,0,469,18,-0.2209595750957543,0.13347631983221697
37,1557014400,161,136,0,297,18,-0.2209595750957543,-0.6088123133224673
37,1557028800,50,30,0,80,18,-0.2209595750957543,-1.54530436794204
37,1557043200,115,21,0,136,18,-0.2209595750957543,-1.3036289990079568
37,1557057600,209,83,0,292,18,-0.2209595750957543,-0.6303904712630105
37,1557072000,248,144,0,392,18,-0.2209595750957543,-0.19882731245214752
37,1557086400,182,170,0,352,18,-0.2209595750957543,-0.37145257597649267
37,1557100800,125,72,0,197,18,-0.2209595750957543,-1.0403754721333303
37,1557115200,27,20,0,47,18,-0.2209595750957543,-1.6877202103496247
37,1557129600,490,99,0,589,18,-0.2209595750957543,0.6513521104052525
37,1557144000,521,137,0,658,18,-0.2209595750957543,0.949130689984748
37,1557158400,422,193,0,615,18,-0.2209595750957543,0.7635585316960769
37,1557172800,405,355,0,760,18,-0.2209595750957543,1.3893251119718282
37,1557187200,149,145,0,294,19,-0.38118350615584695,-0.6604001019757996
37,1557201600,38,39,1,77,19,-0.17052946328024732,-1.6078086537477871
37,1557216000,500,102,0,602,19,-0.38118350615584695,0.684308810216699
37,1557230400,539,135,0,674,19,-0.38118350615584695,0.9986563481318285
37,1557244800,407,198,0,605,19,-0.38118350615584695,0.697406624296496
37,1557259200,391,357,0,748,19,-0.38118350615584695,1.321735762100156
37,1557273600,177,167,0,344,19,-0.38118350615584695,-0.44210320064584846
37,1557288000,41,47,6,88,19,0.8827407510977509,-1.5597833354551978
37,1557302400,506,90,0,596,19,-0.38118350615584695,0.6581131820571048
37,1557316800,562,125,0,687,19,-0.38118350615584695,1.0554135424776157
37,1557331200,446,189,0,635,19,-0.38118350615584695,0.8283847650944667
37,1557345600,415,361,0,776,19,-0.38118350615584695,1.4439820268449286
37,1557360000,186,175,0,361,19,-0.38118350615584695,-0.3678822541936651
37,1557374400,40,43,3,83,19,0.25077862247095195,-1.581613025588193
37,1557388800,503,90,0,593,19,-0.38118350615584695,0.6450153679773077
37,1557403200,591,126,0,717,19,-0.38118350615584695,1.1863916832755863
37,1557417600,411,209,0,620,19,-0.38118350615584695,0.7628956946954814
37,1557432000,392,356,0,748,19,-0.38118350615584695,1.321735762100156
37,1557446400,166,182,16,348,19,2.989281179853747,-0.4246394485394524
37,1557460800,29,45,16,74,19,2.989281179853747,-1.6209064678275842
37,1557475200,455,80,0,535,19,-0.38118350615584695,0.39179096243456457
37,1557489600,534,120,0,654,19,-0.38118350615584695,0.9113375875998481
37,1557504000,393,212,0,605,19,-0.38118350615584695,0.697406624296496
37,1557518400,378,332,0,710,19,-0.38118350615584695,1.1558301170893932
37,1557532800,234,190,0,424,19,-0.38118350615584695,-0.09282815851792679
37,1557547200,40,61,21,101,19,4.0425513942317455,-1.5030261411094106
37,1557561600,183,36,0,219,19,-0.38118350615584695,-0.9878454539707261
37,1557576000,351,161,0,512,19,-0.38118350615584695,0.2913743878227871
37,1557590400,354,243,0,597,19,-0.38118350615584695,0.6624791200837038
37,1557604800,339,208,0,547,19,-0.38118350615584695,0.4441822187537528
37,1557619200,170,176,6,346,19,0.8827407510977509,-0.43337132459265043
37,1557633600,46,53,7,99,19,1.0933947939733506,-1.5117580171626086
37,1557648000,105,27,0,132,19,-0.38118350615584695,-1.367682062284841
37,1557662400,189,66,0,255,19,-0.38118350615584695,-0.8306716850131614
37,1557676800,208,105,0,313,19,-0.38118350615584695,-0.5774472794704182
37,1557691200,179,119,0,298,19,-0.38118350615584695,-0.6429363498694034
37,1557705600,104,93,0,197,19,-0.38118350615584695,-1.0838960905559045
37,1557720000,28,28,0,56,19,-0.38118350615584695,-1.6994933523063664
37,1557734400,453,111,0,564,19,-0.38118350615584695,0.5184031652059361
37,1557748800,508,132,0,640,19,-0.38118350615584695,0.8502144552274618
37,1557763200,388,189,0,577,19,-0.38118350615584695,0.5751603595517234
37,1557777600,334,316,0,650,19,-0.38118350615584695,0.893873835493452
37,1557792000,135,138,3,273,20,0.08380123506079437,-0.2766307835595925
37,1557806400,28,37,9,65,20,1.7082559454700401,-0.9857406794447449
37,1557820800,468,112,0,580,20,-0.7284261201438286,0.7699881493093583
37,1557835200,540,159,0,699,20,-0.7284261201438286,1.1756808301282675
37,1557849600,385,258,0,643,20,-0.7284261201438286,0.9847666273899573
37,1557864000,374,366,0,740,20,-0.7284261201438286,1.3154572999902447
37,1557878400,169,141,0,310,20,-0.7284261201438286,-0.1504910424646375
37,1557892800,29,37,8,66,20,1.437513493735166,-0.9823314972529893
37,1557907200,466,111,0,577,20,-0.7284261201438286,0.7597606027340917
37,1557921600,505,135,0,640,20,-0.7284261201438286,0.9745390808146908
37,1557936000,441,192,0,633,20,-0.7284261201438286,0.950674805472402
37,1557950400,389,360,0,749,20,-0.7284261201438286,1.3461399397160447
37,1557964800,198,150,0,348,20,-0.7284261201438286,-0.020942119177926974
37,1557979200,31,43,12,74,20,2.5204833006746634,-0.955058039718945
37,1557993600,499,98,0,597,20,-0.7284261201438286,0.8279442465692025
37,1558008000,502,129,0,631,20,-0.7284261201438286,0.9438564410888909
37,1558022400,397,189,0,586,20,-0.7284261201438286,0.7904432424598916
37,1558036800,417,343,0,760,20,-0.7284261201438286,1.3836409438253556
37,1558051200,186,189,3,375,20,0.08380123506079437,0.07110579999947261
37,1558065600,39,46,7,85,20,1.1667710420002915,-0.9175570356096341
37,1558080000,476,95,0,571,20,-0.7284261201438286,0.7393055095835585
37,1558094400,503,123,0,626,20,-0.7284261201438286,0.9268105301301132
37,1558108800,411,198,0,609,20,-0.7284261201438286,0.868854432870269
37,1558123200,418,317,0,735,20,-0.7284261201438286,1.298411389031467
37,1558137600,193,153,0,346,20,-0.7284261201438286,-0.02776048356143805
37,1558152000,0,4,4,4,20,0.35454368679566867,-1.1937007931418329
37,1558166400,0,6,6,6,20,0.8960285902654173,-1.1868824287583217
37,1558180800,5,7,2,12,20,-0.18694121667407992,-1.1664273356077886
37,1558195200,5,9,4,14,20,0.35454368679566867,-1.1596089712242774
37,1558209600,0,4,4,4,20,0.35454368679566867,-1.1937007931418329
37,1558224000,5,12,7,17,20,1.1667710420002915,-1.1493814246490108
37,1558238400,0,3,3,3,20,0.08380123506079437,-1.1971099753335883
37,1558252800,3,4,1,7,20,-0.45768366840895425,-1.1834732465665663
37,1558267200,2,14,12,16,20,2.5204833006746634,-1.1527906068407663
37,1558281600,3,9,6,12,20,0.8960285902654173,-1.1664273356077886
37,1558296000,0,3,3,3,20,0.08380123506079437,-1.1971099753335883
37,1558310400,2,10,8,12,20,1.437513493735166,-1.1664273356077886
37,1558324800,1,12,11,13,20,2.249740848939789,-1.1630181534160329
37,1558339200,434,87,0,521,20,-0.7284261201438286,0.5688463999957815
37,1558353600,466,111,0,577,20,-0.7284261201438286,0.7597606027340917
37,1558368000,394,184,0,578,20,-0.7284261201438286,0.7631697849258473
37,1558382400,413,344,0,757,20,-0.7284261201438286,1.373413397250089
37,1558396800,160,147,0,307,21,-0.2855979397509875,-0.48093977184543807
37,1558411200,26,34,8,60,21,1.3408581239156532,-1.6205627031210375
37,1558425600,446,86,0,532,21,-0.2855979397509875,0.5571782829602699
37,1558440000,551,111,0,662,21,-0.2855979397509875,1.1569798257369013
37,1558454400,413,169,0,582,21,-0.2855979397509875,0.787871184028205
37,1558468800,393,393,0,786,21,-0.2855979397509875,1.7290982203853802
37,1558483200,183,165,0,348,21,-0.2855979397509875,-0.29177159296973126
37,1558497600,29,42,13,71,21,2.357393163707304,-1.5698102648860919
37,1558512000,525,110,0,635,21,-0.2855979397509875,1.0324056591602162
37,1558526400,551,169,0,720,21,-0.2855979397509875,1.4245835909757059
37,1558540800,416,252,0,668,21,-0.2855979397509875,1.1846629738650534
37,1558555200,398,350,0,748,21,-0.2855979397509875,1.5537716155737495
37,1558569600,175,164,0,339,21,-0.2855979397509875,-0.3332963151619596
37,1558584000,24,52,28,76,21,5.406998283082255,-1.5467409747792984
37,1558598400,441,114,0,555,21,-0.2855979397509875,0.66329701745152
37,1558612800,525,128,0,653,21,-0.2855979397509875,1.115455103544673
37,1558627200,407,169,0,576,21,-0.2855979397509875,0.7601880359000528
37,1558641600,343,335,0,678,21,-0.2855979397509875,1.2308015540786406
37,1558656000,234,169,0,403,21,-0.2855979397509875,-0.03800940179500265
37,1558670400,34,35,1,69,21,-0.0822909317926574,-1.579037980928809
37,1558684800,438,90,0,528,21,-0.2855979397509875,0.5387228508748352
37,1558699200,522,117,0,639,21,-0.2855979397509875,1.050861091245651
37,1558713600,404,227,0,631,21,-0.2855979397509875,1.0139502270747816
37,1558728000,413,270,0,683,21,-0.2855979397509875,1.253870844185434
37,1558742400,192,166,0,358,21,-0.2855979397509875,-0.24563301275614424
37,1558756800,50,59,9,109,21,1.5441651318739833,-1.394483660074461
37,1558771200,134,31,0,165,21,-0.2855979397509875,-1.1361076108783739
37,1558785600,291,100,0,391,21,-0.2855979397509875,-0.09337569805130708
37,1558800000,362,142,0,504,21,-0.2855979397509875,0.42799025836222626
37,1558814400,318,152,0,470,21,-0.2855979397509875,0.2711190856360304
37,1558828800,182,140,0,322,21,-0.2855979397509875,-0.4117319015250575
37,1558843200,54,40,0,94,21,-0.2855979397509875,-1.4636915303948417
37,1558857600,111,28,0,139,21,-0.2855979397509875,-1.2560679194337
37,1558872000,240,82,0,322,21,-0.2855979397509875,-0.4117319015250575
37,1558886400,291,123,0,414,21,-0.2855979397509875,0.012743036439943069
37,1558900800,236,107,0,343,21,-0.2855979397509875,-0.3148408830765248
37,1558915200,161,116,0,277,21,-0.2855979397509875,-0.6193555124861991
37,1558929600,56,35,0,91,21,-0.2855979397509875,-1.4775331044589177
37,1558944000,144,29,0,173,21,-0.2855979397509875,-1.0991967467075041
37,1558958400,251,75,0,326,21,-0.2855979397509875,-0.39327646943962274
37,1558972800,309,109,0,418,21,-0.2855979397509875,0.03119846852537788
37,1558987200,277,130,0,407,21,-0.2855979397509875,-0.019553969709567846
37,1559001600,131,109,0,240,22,-0.3437348311875692,-0.33060385342618104
37,1559016000,32,23,0,55,22,-0.3437348311875692,-0.9732838487029952
37,1559030400,456,83,0,539,22,-0.3437348311875692,0.7081059767779673
37,1559044800,473,143,0,616,22,-0.3437348311875692,0.9755998126499386
37,1559059200,422,184,0,606,22,-0.3437348311875692,0.9408603534457864
37,1559073600,408,379,0,787,22,-0.3437348311875692,1.5696445650409399
37,1559088000,167,152,0,319,22,-0.3437348311875692,-0.05616212571337933
37,1559102400,34,38,4,72,22,0.8347845900269536,-0.9142267680559366
37,1559116800,505,90,0,595,22,-0.3437348311875692,0.9026469483212192
37,1559131200,490,149,0,639,22,-0.3437348311875692,1.0555005688194885
37,1559145600,405,178,0,583,22,-0.3437348311875692,0.8609595972762366
37,1559160000,360,335,0,695,22,-0.3437348311875692,1.2500415403627403
37,1559174400,146,117,0,263,22,-0.3437348311875692,-0.2507030972566312
37,1559188800,25,40,15,65,22,4.075712998366892,-0.9385443894988431
37,1559203200,475,85,0,560,22,-0.3437348311875692,0.7810588411066868
37,1559217600,500,122,0,622,22,-0.3437348311875692,0.9964434881724299
37,1559232000,382,184,0,566,22,-0.3437348311875692,0.801902516629178
37,1559246400,372,351,0,723,22,-0.3437348311875692,1.3473120261343663
37,1559260800,148,163,15,311,22,4.075712998366892,-0.08395369307670102
37,1559275200,22,30,8,52,22,2.0133040112414764,-0.983705686464241
37,1559289600,415,79,0,494,22,-0.3437348311875692,0.5517784103592828
37,1559304000,487,129,0,616,22,-0.3437348311875692,0.9755998126499386
37,1559318400,411,195,0,606,22,-0.3437348311875692,0.9408603534457864
37,1559332800,398,331,0,729,22,-0.3437348311875692,1.3681557016568575
37,1559347200,179,172,0,351,22,-0.3437348311875692,0.05500414373990745
37,1559361600,0,0,0,0,22,-0.3437348311875692,-1.164350874325832
37,1559376000,0,0,0,0,22,-0.3437348311875692,-1.164350874325832
37,1559390400,0,1,1,1,22,-0.04910497588393847,-1.1608769284054168
37,1559404800,0,0,0,0,22,-0.3437348311875692,-1.164350874325832
37,1559419200,0,0,0,0,22,-0.3437348311875692,-1.164350874325832
37,1559433600,0,2,2,2,22,0.24552487941969223,-1.1574029824850014
37,1559448000,0,0,0,0,22,-0.3437348311875692,-1.164350874325832
37,1559462400,2,2,0,4,22,-0.3437348311875692,-1.150455090644171
37,1559476800,1,2,1,3,22,-0.04910497588393847,-1.1539290365645862
37,1559491200,0,0,0,0,22,-0.3437348311875692,-1.164350874325832
37,1559505600,0,0,0,0,22,-0.3437348311875692,-1.164350874325832
37,1559520000,0,1,1,1,22,-0.04910497588393847,-1.1608769284054168
37,1559534400,0,2,2,2,22,0.24552487941969223,-1.1574029824850014
37,1559548800,393,75,0,468,22,-0.3437348311875692,0.46145581642848726
37,1559563200,477,131,0,608,22,-0.3437348311875692,0.9478082452866169
37,1559577600,395,163,0,558,22,-0.3437348311875692,0.7741109492658563
37,1559592000,380,346,0,726,22,-0.3437348311875692,1.357733863895612
37,1559606400,183,152,0,335,23,-0.30127072364817514,-0.525434015958525
37,1559620800,35,46,11,81,23,1.8735273126870893,-1.7272629358224927
37,1559635200,377,72,0,449,23,-0.30127072364817514,0.01396951500404317
37,1559649600,476,113,0,589,23,-0.30127072364817514,0.6763949039054427
37,1559664000,395,169,0,564,23,-0.30127072364817514,0.5581046558873356
37,1559678400,391,336,0,727,23,-0.30127072364817514,1.3293570729653936
37,1559692800,201,158,0,359,23,-0.30127072364817514,-0.41187537786114226
37,1559707200,27,52,25,79,23,4.641452086204698,-1.7367261556639413
37,1559721600,475,81,0,556,23,-0.30127072364817514,0.5202517765215414
37,1559736000,484,127,0,611,23,-0.30127072364817514,0.7804903221613769
37,1559750400,400,175,0,575,23,-0.30127072364817514,0.6101523650153028
37,1559764800,408,367,0,775,23,-0.30127072364817514,1.5564743491601591
37,1559779200,187,138,0,325,23,-0.30127072364817514,-0.5727501151657678
37,1559793600,33,34,1,67,23,-0.1035618112540602,-1.7935054747126327
37,1559808000,402,74,0,476,23,-0.30127072364817514,0.1417229828635988
37,1559822400,453,130,0,583,23,-0.30127072364817514,0.648005244381097
37,1559836800,381,155,0,536,23,-0.30127072364817514,0.42561957810705575
37,1559851200,401,305,0,706,23,-0.30127072364817514,1.2299932646301837
37,1559865600,181,145,0,326,23,-0.30127072364817514,-0.5680185052450436
37,1559880000,49,40,0,89,23,-0.30127072364817514,-1.6894100564566985
37,1559894400,493,88,0,581,23,-0.30127072364817514,0.6385420245396485
37,1559908800,482,206,0,688,23,-0.30127072364817514,1.1448242860571467
37,1559923200,398,211,0,609,23,-0.30127072364817514,0.7710271023199283
37,1559937600,400,363,0,763,23,-0.30127072364817514,1.4996950301114678
37,1559952000,227,145,0,372,23,-0.30127072364817514,-0.3503644488917266
37,1559966400,47,66,19,113,23,3.4551986118400086,-1.5758514183593157
37,1559980800,237,38,0,275,23,-0.30127072364817514,-0.809330611201982
37,1559995200,492,113,0,605,23,-0.30127072364817514,0.7521006626370312
37,1560009600,568,142,0,710,23,-0.30127072364817514,1.2489197043130809
37,1560024000,437,205,0,642,23,-0.30127072364817514,0.9271702297038297
37,1560038400,233,202,0,435,23,-0.30127072364817514,-0.05227302388609678
37,1560052800,69,77,8,146,23,1.2804005755047445,-1.4197082909754144
37,1560067200,151,35,0,186,23,-0.30127072364817514,-1.230443894146443
37,1560081600,283,74,0,357,23,-0.30127072364817514,-0.4213385977025908
37,1560096000,336,119,0,455,23,-0.30127072364817514,0.04235917452838887
37,1560110400,245,132,0,377,23,-0.30127072364817514,-0.3267063992881052
37,1560124800,152,120,0,272,23,-0.30127072364817514,-0.8235254409641548
37,1560139200,32,21,0,53,23,-0.30127072364817514,-1.8597480136027726
37,1560153600,415,93,0,508,23,-0.30127072364817514,0.29313450032677585
37,1560168000,456,115,0,571,23,-0.30127072364817514,0.5912259253324056
37,1560182400,370,172,0,542,23,-0.30127072364817514,0.45400923763140144
37,1560196800,347,319,0,666,23,-0.30127072364817514,1.0407288678012125
37,1560211200,90,88,0,178,24,-0.20851441405707477,-1.17172246983707
37,1560225600,86,4,0,90,24,-0.20851441405707477,-1.5523835767892145
37,1560240000,292,99,0,391,24,-0.20851441405707477,-0.2503495632369928
37,1560254400,513,103,0,616,24,-0.20851441405707477,0.7229316761292859
37,1560268800,360,171,0,531,24,-0.20851441405707477,0.3552476523686917
37,1560283200,404,373,0,777,24,-0.20851441405707477,1.4193684740758232
37,1560297600,142,84,0,226,24,-0.20851441405707477,-0.9640891387722639
37,1560312000,71,5,0,76,24,-0.20851441405707477,-1.6129432983497831
37,1560326400,495,95,0,590,24,-0.20851441405707477,0.6104636218025159
37,1560340800,536,118,0,654,24,-0.20851441405707477,0.8873080632222574
37,1560355200,398,192,0,590,24,-0.20851441405707477,0.6104636218025159
37,1560369600,393,339,0,732,24,-0.20851441405707477,1.2247122262025674
37,1560384000,137,84,0,221,24,-0.20851441405707477,-0.9857176107581812
37,1560398400,78,5,0,83,24,-0.20851441405707477,-1.5826634375694988
37,1560412800,406,80,0,486,24,-0.20851441405707477,0.160591404495436
37,1560427200,463,108,0,571,24,-0.20851441405707477,0.5282754282560301
37,1560441600,365,174,0,539,24,-0.20851441405707477,0.38985320754615943
37,1560456000,360,370,10,730,24,4.795831523312719,1.2160608374082005
37,1560470400,138,71,0,209,24,-0.20851441405707477,-1.0376259435243826
37,1560484800,95,7,0,102,24,-0.20851441405707477,-1.500475244023013
37,1560499200,386,91,0,477,24,-0.20851441405707477,0.12166015492078484
37,1560513600,488,123,0,611,24,-0.20851441405707477,0.7013032041433687
37,1560528000,378,192,0,570,24,-0.20851441405707477,0.5239497338588467
37,1560542400,391,332,0,723,24,-0.20851441405707477,1.1857809766279162
37,1561161600,9130,4028,0,13158,25,-0.606976978666884,4.111440810570518
37,1561176000,1,8,7,9,25,3.0348848933344197,-0.2821227602853964
37,1561190400,2,1,0,3,25,-0.606976978666884,-0.28412758053219356
37,1561204800,4,9,5,13,25,1.9943529299054759,-0.2807862134541983
37,1561219200,1,4,3,5,25,0.9538209664765319,-0.2834593071165945
37,1561233600,0,1,1,1,25,-0.08671099695241204,-0.2847958539477926
37,1561248000,0,0,0,0,25,-0.606976978666884,-0.28512999065559214
37,1561262400,0,1,1,1,25,-0.08671099695241204,-0.2847958539477926
37,1561276800,0,0,0,0,25,-0.606976978666884,-0.28512999065559214
37,1561291200,0,0,0,0,25,-0.606976978666884,-0.28512999065559214
37,1561305600,0,1,1,1,25,-0.08671099695241204,-0.2847958539477926
37,1561320000,0,1,1,1,25,-0.08671099695241204,-0.2847958539477926
37,1561334400,0,0,0,0,25,-0.606976978666884,-0.28512999065559214
37,1561348800,0,2,2,2,25,0.43355498476205995,-0.2844617172399931
37,1561363200,375,64,0,439,25,-0.606976978666884,-0.13844397593160196
37,1561377600,470,122,0,592,25,-0.606976978666884,-0.08732105963827509
37,1561392000,359,143,0,502,25,-0.606976978666884,-0.11739336334023207
37,1561406400,327,306,0,633,25,-0.606976978666884,-0.07362145461849469
37,1561420800,142,78,0,220,26,-0.16088112595204204,-0.8061888960892744
37,1561435200,98,7,0,105,26,-0.16088112595204204,-1.3711761810734873
37,1561449600,345,57,0,402,26,-0.16088112595204204,0.08796489405965396
37,1561464000,482,126,0,608,26,-0.16088112595204204,1.100029074118331
37,1561478400,369,168,0,537,26,-0.16088112595204204,0.7512108373019909
37,1561492800,370,310,0,680,26,-0.16088112595204204,1.4537602438475774
37,1561507200,143,60,0,203,26,-0.16088112595204204,-0.8897087556086797
37,1561521600,92,5,0,97,26,-0.16088112595204204,-1.410479644376737
37,1561536000,432,68,0,500,26,-0.16088112595204204,0.5694323195244615
37,1561550400,531,138,0,669,26,-0.16088112595204204,1.3997179818056091
37,1561564800,400,182,0,582,26,-0.16088112595204204,0.9722928183827698
37,1561579200,401,468,67,869,26,6.400270880266021,2.3823045643868492
37,1561593600,185,122,0,307,26,-0.16088112595204204,-0.378763732666435
37,1561608000,97,6,0,103,26,-0.16088112595204204,-1.3810020468992996
37,1561622400,313,68,0,381,26,-0.16088112595204204,-0.015206697111376224
37,1561636800,473,111,0,584,26,-0.16088112595204204,0.9821186842085823
37,1561651200,345,141,0,486,26,-0.16088112595204204,0.5006512587437747
37,1561665600,334,321,0,655,26,-0.16088112595204204,1.3309369210249224
37,1561680000,161,96,0,257,26,-0.16088112595204204,-0.624410378311745
37,1561694400,90,5,0,95,26,-0.16088112595204204,-1.4203055102025492
37,1561708800,311,58,0,369,26,-0.16088112595204204,-0.07416189206625062
37,1561723200,423,105,0,528,26,-0.16088112595204204,0.7069944410858351
37,1561737600,348,164,0,512,26,-0.16088112595204204,0.6283875144793359
37,1561752000,359,303,0,662,26,-0.16088112595204204,1.3653274514152658
37,1561766400,172,132,0,304,26,-0.16088112595204204,-0.39350253140515357
37,1561780800,55,42,0,97,26,-0.16088112595204204,-1.410479644376737
37,1561795200,148,29,0,177,26,-0.16088112595204204,-1.0174450113442408
37,1561809600,252,93,0,345,26,-0.16088112595204204,-0.1920722819759994
37,1561824000,332,129,0,461,26,-0.16088112595204204,0.37782793592111974
37,1561838400,256,116,0,372,26,-0.16088112595204204,-0.05942309332753202
37,1561852800,150,92,0,242,26,-0.16088112595204204,-0.6981043720053379
37,1561867200,63,47,0,110,26,-0.16088112595204204,-1.3466115165089563
37,1561881600,102,34,0,136,26,-0.16088112595204204,-1.218875260773395
37,1561896000,224,84,0,308,26,-0.16088112595204204,-0.37385079975352875
37,1561910400,255,151,0,406,26,-0.16088112595204204,0.10761662571127875
37,1561924800,200,131,0,331,26,-0.16088112595204204,-0.2608533427566862
37,1561939200,134,97,0,231,26,-0.16088112595204204,-0.7521466340473061
37,1561953600,26,28,2,54,26,0.03497415781566132,-1.6217357596317035
37,1561968000,364,59,0,423,26,-0.16088112595204204,0.19113648523068416
37,1561982400,430,117,0,547,26,-0.16088112595204204,0.8003401664310529
37,1561996800,366,129,0,495,26,-0.16088112595204204,0.5448676549599305
37,1562011200,377,305,0,682,26,-0.16088112595204204,1.4635861096733898
37,1562025600,173,152,0,325,27,-0.2499219116020307,0.22667008615283896
37,1562040000,28,35,7,63,27,0.9746954552479197,-0.8833778123900359
37,1562054400,372,75,0,447,27,-0.2499219116020307,0.7435626190621165
37,1562068800,457,114,0,571,27,-0.2499219116020307,1.2689288000518741
37,1562083200,357,180,0,537,27,-0.2499219116020307,1.1248767826837147
37,1562097600,367,306,0,673,27,-0.2499219116020307,1.7010848521563522
37,1562112000,151,188,37,339,27,6.223055598890564,0.28598562271619865
37,1562126400,44,46,2,90,27,0.09996876464081227,-0.7689835633035564
37,1562140800,354,62,0,416,27,-0.2499219116020307,0.6122210738146772
37,1562155200,491,132,0,623,27,-0.2499219116020307,1.4892436501443531
37,1562169600,347,208,0,555,27,-0.2499219116020307,1.2011396154080345
37,1562184000,373,280,0,653,27,-0.2499219116020307,1.6163483713515525
37,1562198400,184,141,0,325,27,-0.2499219116020307,0.22667008615283896
37,1562212800,37,37,0,74,27,-0.2499219116020307,-0.8367727479473961
37,1562227200,129,34,0,163,27,-0.2499219116020307,-0.45969540836603784
37,1562241600,199,75,0,274,27,-0.2499219116020307,0.01059206010059995
37,1562256000,274,112,0,386,27,-0.2499219116020307,0.48511635260747776
37,1562270400,220,111,0,331,27,-0.2499219116020307,0.2520910303942788
37,1562284800,125,101,0,226,27,-0.2499219116020307,-0.1927754938309191
37,1562299200,39,26,0,65,27,-0.2499219116020307,-0.874904164309556
37,1562313600,247,53,0,300,27,-0.2499219116020307,0.12074948514683943
37,1562328000,362,90,0,452,27,-0.2499219116020307,0.7647467392633165
37,1562342400,332,134,0,466,27,-0.2499219116020307,0.8240622758266761
37,1562356800,354,215,0,569,27,-0.2499219116020307,1.2604551519713942
37,1562371200,171,144,0,315,27,-0.2499219116020307,0.18430184575043915
37,1562385600,1,2,1,3,27,-0.07497657348060921,-1.1375872548044348
37,1562400000,0,1,1,1,27,-0.07497657348060921,-1.1460609028849147
37,1562414400,0,0,0,0,27,-0.2499219116020307,-1.1502977269251546
37,1562428800,0,0,0,0,27,-0.2499219116020307,-1.1502977269251546
37,1562443200,0,2,2,2,27,0.09996876464081227,-1.1418240788446747
37,1562457600,0,1,1,1,27,-0.07497657348060921,-1.1460609028849147
37,1562472000,1,2,1,3,27,-0.07497657348060921,-1.1375872548044348
37,1562486400,0,0,0,0,27,-0.2499219116020307,-1.1502977269251546
37,1562500800,0,1,1,1,27,-0.07497657348060921,-1.1460609028849147
37,1562515200,0,1,1,1,27,-0.07497657348060921,-1.1460609028849147
37,1562529600,0,1,1,1,27,-0.07497657348060921,-1.1460609028849147
37,1562544000,0,0,0,0,27,-0.2499219116020307,-1.1502977269251546
37,1562558400,0,5,5,5,27,0.6248047790050767,-1.1291136067239547
37,1562572800,336,71,0,407,27,-0.2499219116020307,0.5740896574525173
37,1562587200,469,110,0,579,27,-0.2499219116020307,1.302823392373794
37,1562601600,341,193,0,534,27,-0.2499219116020307,1.1121663105629949
37,1562616000,354,273,0,627,27,-0.2499219116020307,1.506190946305313
37,1562630400,150,124,0,274,28,-0.1983690449974663,-0.5085407582224919
37,1562644800,34,25,0,59,28,-0.1983690449974663,-1.6272065430578393
37,1562659200,398,64,0,462,28,-0.1983690449974663,0.4696414164242306
37,1562673600,476,125,0,601,28,-0.1983690449974663,1.192871854061967
37,1562688000,361,138,0,499,28,-0.1983690449974663,0.6621559933493834
37,1562702400,264,185,0,449,28,-0.1983690449974663,0.40200115966674443
37,1562716800,162,145,0,307,28,-0.1983690449974663,-0.33683856799195017
37,1562731200,38,18,0,56,28,-0.1983690449974663,-1.6428158330787976
37,1562745600,383,63,0,446,28,-0.1983690449974663,0.38639186964578615
37,1562760000,487,114,0,601,28,-0.1983690449974663,1.192871854061967
37,1562774400,355,170,0,525,28,-0.1983690449974663,0.7974365068643556
37,1562788800,388,312,0,700,28,-0.1983690449974663,1.707978424753592
37,1562803200,155,152,0,307,28,-0.1983690449974663,-0.33683856799195017
37,1562817600,36,22,0,58,28,-0.1983690449974663,-1.6324096397314922
37,1562832000,390,74,0,464,28,-0.1983690449974663,0.48004760977153615
37,1562846400,474,125,0,599,28,-0.1983690449974663,1.1824656607146613
37,1562860800,384,152,0,536,28,-0.1983690449974663,0.8546705702745362
37,1562875200,321,315,0,636,28,-0.1983690449974663,1.3749802376398141
37,1562889600,127,143,16,270,28,1.8524616971301853,-0.529353144917103
37,1562904000,30,27,0,57,28,-0.1983690449974663,-1.637612736405145
37,1562918400,354,62,0,416,28,-0.1983690449974663,0.23029896943620276
37,1562932800,418,127,0,545,28,-0.1983690449974663,0.9014984403374112
37,1562947200,357,170,0,527,28,-0.1983690449974663,0.8078427002116613
37,1562961600,352,283,0,635,28,-0.1983690449974663,1.3697771409661614
37,1562976000,202,137,0,339,28,-0.1983690449974663,-0.17033947443506123
37,1562990400,61,22,0,83,28,-0.1983690449974663,-1.5023322228901725
37,1563004800,100,77,0,177,28,-0.1983690449974663,-1.0132411355668114
37,1563019200,184,166,0,350,28,-0.1983690449974663,-0.11310541102488066
37,1563033600,215,177,0,392,28,-0.1983690449974663,0.10542464926853605
37,1563048000,242,169,0,411,28,-0.1983690449974663,0.20428348606793886
37,1563062400,206,90,0,296,28,-0.1983690449974663,-0.3940726314021307
37,1563076800,47,28,0,75,28,-0.1983690449974663,-1.5439569962793949
37,1563091200,66,50,0,116,28,-0.1983690449974663,-1.330630032659631
37,1563105600,131,180,49,311,28,6.082300102768466,-0.31602618129733906
37,1563120000,184,179,0,363,28,-0.1983690449974663,-0.04546515426739454
37,1563134400,193,115,0,308,28,-0.1983690449974663,-0.3316354713182974
37,1563148800,100,72,0,172,28,-0.1983690449974663,-1.0392566189350754
37,1563163200,31,11,0,42,28,-0.1983690449974663,-1.7156591865099367
37,1563177600,375,67,0,442,28,-0.1983690449974663,0.365579482951175
37,1563192000,453,104,0,557,28,-0.1983690449974663,0.9639356004212446
37,1563206400,347,153,0,500,28,-0.1983690449974663,0.6673590900230362
37,1563220800,370,280,0,650,28,-0.1983690449974663,1.447823591070953
37,1563235200,154,131,0,285,29,-0.2872855101630889,-0.432780678388234
37,1563249600,39,21,0,60,29,-0.2872855101630889,-1.5560373141390744
37,1563264000,371,59,0,430,29,-0.2872855101630889,0.2910958202067521
37,1563278400,535,142,0,677,29,-0.2872855101630889,1.5241819936754526
37,1563292800,366,144,0,510,29,-0.2872855101630889,0.6904759573626066
37,1563307200,363,340,0,703,29,-0.2872855101630889,1.6539805382511052
37,1563321600,185,160,0,345,29,-0.2872855101630889,-0.13324557552134317
37,1563336000,55,22,0,77,29,-0.2872855101630889,-1.4711690349934554
37,1563350400,409,76,0,485,29,-0.2872855101630889,0.565669664501402
37,1563364800,481,120,0,601,29,-0.2872855101630889,1.144770863377391
37,1563379200,350,162,0,512,29,-0.2872855101630889,0.7004604607915029
37,1563393600,394,289,0,683,29,-0.2872855101630889,1.5541355039621416
37,1563408000,141,114,0,255,29,-0.2872855101630889,-0.5825482298216793
37,1563422400,34,11,0,45,29,-0.2872855101630889,-1.630921089855797
37,1563436800,364,57,0,421,29,-0.2872855101630889,0.24616555477671853
37,1563451200,469,132,0,601,29,-0.2872855101630889,1.144770863377391
37,1563465600,361,166,0,527,29,-0.2872855101630889,0.7753442365082256
37,1563480000,370,305,0,675,29,-0.2872855101630889,1.5141974902465563
37,1563494400,147,126,0,273,29,-0.2872855101630889,-0.49268769896161213
37,1563508800,43,18,0,61,29,-0.2872855101630889,-1.5510450624246264
37,1563523200,352,64,0,416,29,-0.2872855101630889,0.22120429620447762
37,1563537600,457,123,0,580,29,-0.2872855101630889,1.039933577373979
37,1563552000,367,166,0,533,29,-0.2872855101630889,0.8052977467949147
37,1563566400,261,244,0,505,29,-0.2872855101630889,0.6655146987903656
37,1563580800,157,101,0,258,29,-0.2872855101630889,-0.5675714746783348
37,1563595200,51,27,0,78,29,-0.2872855101630889,-1.4661767832790071
37,1563609600,79,87,8,166,29,0.5377395446642433,-1.0268586324075675
37,1563624000,209,254,45,463,29,4.353480423240655,0.4558401267835421
37,1563638400,191,206,15,397,29,1.2596364676381593,0.1263515136299622
37,1563652800,175,140,0,315,29,-0.2872855101630889,-0.28301312695478853
37,1563667200,110,115,5,225,29,0.22835514910399377,-0.7323157812551248
37,1563681600,55,21,0,76,29,-0.2872855101630889,-1.4761612867079035
37,1563696000,69,43,0,112,29,-0.2872855101630889,-1.2964402249877691
37,1563710400,154,198,44,352,29,4.250352291387239,-0.09829981352020589
37,1563724800,164,156,0,320,29,-0.2872855101630889,-0.2580518683825477
37,1563739200,162,113,0,275,29,-0.2872855101630889,-0.48270319553271573
37,1563753600,99,69,0,168,29,-0.2872855101630889,-1.016874128978671
37,1563768000,47,10,0,57,29,-0.2872855101630889,-1.571014069282419
37,1563782400,345,66,0,411,29,-0.2872855101630889,0.19624303763223672
37,1563796800,472,132,0,604,29,-0.2872855101630889,1.1597476185207354
37,1563811200,345,140,0,485,29,-0.2872855101630889,0.565669664501402
37,1563825600,297,292,0,589,29,-0.2872855101630889,1.0848638428040127
37,1563840000,115,106,0,221,30,-0.26037782196164777,-0.8194448684393807
37,1563854400,15,30,15,45,30,2.4735893086356535,-1.6812084859530958
37,1563868800,378,68,0,446,30,-0.26037782196164777,0.28224157440485725
37,1563883200,471,138,0,609,30,-0.26037782196164777,1.0803521974431274
37,1563897600,357,170,0,527,30,-0.26037782196164777,0.678848693828783
37,1563912000,382,316,0,698,30,-0.26037782196164777,1.5161303903904038
37,1563926400,178,168,0,346,30,-0.26037782196164777,-0.20739684463702626
37,1563940800,30,60,30,90,30,5.207556439232955,-1.460871197384248
37,1563955200,395,71,0,466,30,-0.26037782196164777,0.380169258213234
37,1563969600,493,134,0,627,30,-0.26037782196164777,1.1684871128706664
37,1563984000,382,182,0,564,30,-0.26037782196164777,0.8600149088742799
37,1563998400,373,299,0,672,30,-0.26037782196164777,1.3888244014395141
37,1564012800,179,163,0,342,30,-0.26037782196164777,-0.2269823813987016
37,1564027200,35,50,15,85,30,2.4735893086356535,-1.4853531183363424
37,1564041600,364,59,0,423,30,-0.26037782196164777,0.16962473802522407
37,1564056000,508,123,0,631,30,-0.26037782196164777,1.188072649632342
37,1564070400,358,167,0,525,30,-0.26037782196164777,0.6690559254479452
37,1564084800,384,330,0,714,30,-0.26037782196164777,1.5944725374371052
37,1564099200,193,184,0,377,30,-0.26037782196164777,-0.05560893473404237
37,1564113600,42,36,0,78,30,-0.26037782196164777,-1.5196278076692742
37,1564128000,365,66,0,431,30,-0.26037782196164777,0.20879581154857474
37,1564142400,481,117,0,598,30,-0.26037782196164777,1.0264919713485203
37,1564156800,348,175,0,523,30,-0.26037782196164777,0.6592631570671076
37,1564171200,395,304,0,699,30,-0.26037782196164777,1.5210267745808226
37,1564185600,214,160,0,374,30,-0.26037782196164777,-0.07029808730529888
37,1564200000,66,18,0,84,30,-0.26037782196164777,-1.4902495025267612
37,1564214400,78,74,0,152,30,-0.26037782196164777,-1.1572953775782804
37,1564228800,198,183,0,381,30,-0.26037782196164777,-0.036023397972367026
37,1564243200,242,165,0,407,30,-0.26037782196164777,0.09128259097852269
37,1564257600,218,155,0,373,30,-0.26037782196164777,-0.07519447149571772
37,1564272000,164,87,0,251,30,-0.26037782196164777,-0.6725533427268157
37,1564286400,52,20,0,72,30,-0.26037782196164777,-1.5490061128117871
37,1564300800,54,54,0,108,30,-0.26037782196164777,-1.372736281956709
37,1564315200,146,126,0,272,30,-0.26037782196164777,-0.56972927472802
37,1564329600,180,132,0,312,30,-0.26037782196164777,-0.37387390711126667
37,1564344000,205,134,0,339,30,-0.26037782196164777,-0.2416715339699581
37,1564358400,134,84,0,218,30,-0.26037782196164777,-0.8341340210106372
37,1564372800,42,19,0,61,30,-0.26037782196164777,-1.6028663389063944
37,1564387200,337,63,0,400,30,-0.26037782196164777,0.057007901645590844
37,1564401600,487,120,0,607,30,-0.26037782196164777,1.0705594290622897
37,1564416000,342,167,0,509,30,-0.26037782196164777,0.590713778401244
37,1564430400,361,293,0,654,30,-0.26037782196164777,1.300689486011975
37,1564444800,166,140,0,306,31,-0.5025317192390332,-0.6705148001217106
37,1564459200,20,42,22,62,31,1.554342294390498,-1.9395951716513604
37,1564473600,385,78,0,463,31,-0.5025317192390332,0.14606560287072803
37,1564488000,450,122,0,572,31,-0.5025317192390332,0.7129908508081536
37,1564502400,363,160,0,523,31,-0.5025317192390332,0.45813454668949444
37,1564516800,347,334,0,681,31,-0.5025317192390332,1.279916098745579
37,1564531200,176,149,0,325,31,-0.5025317192390332,-0.5716929679124346
37,1564545600,27,53,26,80,31,1.9283193877776856,-1.8459744885057305
37,1564560000,389,66,0,455,31,-0.5025317192390332,0.1044564103615592
37,1564574400,462,110,0,572,31,-0.5025317192390332,0.7129908508081536
37,1564588800,357,147,0,504,31,-0.5025317192390332,0.3593127144802184
37,1564603200,315,295,0,610,31,-0.5025317192390332,0.9106345152267057
37,1564617600,152,153,1,305,31,-0.40903744589223634,-0.6757159491853567
37,1564632000,25,43,18,68,31,1.1803652010033105,-1.9083882772694838
37,1564646400,379,72,0,451,31,-0.5025317192390332,0.08365181410697477
37,1564660800,485,125,0,610,31,-0.5025317192390332,0.9106345152267057
37,1564675200,362,164,0,526,31,-0.5025317192390332,0.47373799388043275
37,1564689600,376,314,0,690,31,-0.5025317192390332,1.326726440318394
37,1564704000,173,200,27,373,31,2.0218136611244826,-0.3220378128574215
37,1564718400,31,66,35,97,31,2.7697678478988577,-1.7575549544237468
37,1564732800,329,69,0,398,31,-0.5025317192390332,-0.19200908626626884
37,1564747200,456,160,0,616,31,-0.5025317192390332,0.9418414096085823
37,1564761600,357,177,0,534,31,-0.5025317192390332,0.5153471863896015
37,1564776000,364,253,0,617,31,-0.5025317192390332,0.9470425586722284
37,1565395200,7650,5105,0,12755,32,-0.24253562503633297,4.1160451461849
37,1565409600,43,58,15,101,32,4.123105625617661,-0.32646096674868913
37,1565424000,163,38,0,201,32,-0.24253562503633297,-0.2913534425434292
37,1565438400,296,125,0,421,32,-0.24253562503633297,-0.2141168892918574
37,1565452800,321,131,0,452,32,-0.24253562503633297,-0.20323355678822683
37,1565467200,285,161,0,446,32,-0.24253562503633297,-0.20534000824054244
37,1565481600,171,138,0,309,32,-0.24253562503633297,-0.2534373164017485
37,1565496000,54,54,0,108,32,-0.24253562503633297,-0.3240034400543209
37,1565510400,115,20,0,135,32,-0.24253562503633297,-0.31452440851890073
37,1565524800,231,97,0,328,32,-0.24253562503633297,-0.2467668868027491
37,1565539200,320,144,0,464,32,-0.24253562503633297,-0.19902065388359563
37,1565553600,262,154,0,416,32,-0.24253562503633297,-0.2158722655021204
37,1565568000,160,103,0,263,32,-0.24253562503633297,-0.26958677753616805
37,1565582400,37,28,0,65,32,-0.24253562503633297,-0.3390996754625827
37,1565596800,311,61,0,372,32,-0.24253562503633297,-0.23131957615243476
37,1565611200,452,105,0,557,32,-0.24253562503633297,-0.16637065637270393
37,1565625600,336,126,0,462,32,-0.24253562503633297,-0.19972280436770085
37,1565640000,397,304,0,701,32,-0.24253562503633297,-0.11581582151712964
37,1565654400,155,133,0,288,33,-0.4544858381172953,-0.5379783185046734
37,1565668800,22,35,13,57,33,1.5149527937243177,-1.7689843671207912
37,1565683200,355,64,0,419,33,-0.4544858381172953,0.1601246787624758
37,1565697600,456,119,0,575,33,-0.4544858381172953,0.9914534388668671
37,1565712000,339,144,0,483,33,-0.4544858381172953,0.5011826316258159
37,1565726400,348,285,0,633,33,-0.4544858381172953,1.300537208649269
37,1565740800,181,136,0,317,33,-0.4544858381172953,-0.38343643361347235
37,1565755200,32,42,10,74,33,1.0604669556070223,-1.6783908483914665
37,1565769600,371,61,0,432,33,-0.4544858381172953,0.22940207543784175
37,1565784000,449,150,0,599,33,-0.4544858381172953,1.1193501711906197
37,1565798400,371,168,0,539,33,-0.4544858381172953,0.7996083403812384
37,1565812800,360,321,0,681,33,-0.4544858381172953,1.556330673296774
37,1565827200,168,149,0,317,33,-0.4544858381172953,-0.38343643361347235
37,1565841600,36,51,15,87,33,1.8179433524691813,-1.6091134517161005
37,1565856000,400,74,0,474,33,-0.4544858381172953,0.45322135700440863
37,1565870400,436,178,0,614,33,-0.4544858381172953,1.199285628892965
37,1565884800,363,184,0,547,33,-0.4544858381172953,0.8422405844891558
37,1565899200,371,308,0,679,33,-0.4544858381172953,1.5456726122697948
37,1565913600,193,170,0,363,33,-0.4544858381172953,-0.13830102999294672
37,1565928000,31,45,14,76,33,1.6664480730967495,-1.6677327873644872
37,1565942400,334,58,0,392,33,-0.4544858381172953,0.01624085489825423
37,1565956800,442,123,0,565,33,-0.4544858381172953,0.9381631337319702
37,1565971200,343,160,0,503,33,-0.4544858381172953,0.6077632418956096
37,1565985600,373,278,0,651,33,-0.4544858381172953,1.3964597578920834
37,1566000000,191,103,0,294,33,-0.4544858381172953,-0.5060041354237352
37,1566014400,67,26,0,93,33,-0.4544858381172953,-1.5771392686351624
37,1566028800,101,121,20,222,33,2.57541974933134,-0.8896943323949927
37,1566043200,216,198,0,414,33,-0.4544858381172953,0.13347952619502737
37,1566057600,240,257,17,497,33,2.1209339112140446,0.5757890588146715
37,1566072000,285,190,0,475,33,-0.4544858381172953,0.45855038751789834
37,1566086400,202,131,0,333,33,-0.4544858381172953,-0.29817194539763736
37,1566100800,100,28,0,128,33,-0.4544858381172953,-1.3906232006630235
37,1566115200,59,86,27,145,33,3.6358867049383625,-1.3000296819336987
37,1566129600,160,170,10,330,33,1.0604669556070223,-0.31415903693810643
37,1566144000,208,187,0,395,33,-0.4544858381172953,0.032227946438723294
37,1566158400,191,152,0,343,33,-0.4544858381172953,-0.24488164026274048
37,1566172800,126,59,0,185,33,-0.4544858381172953,-1.086868461394111
37,1566187200,62,9,0,71,33,-0.4544858381172953,-1.6943779399319356
37,1566201600,316,62,0,378,33,-0.4544858381172953,-0.0583655722906014
37,1566216000,440,116,0,556,33,-0.4544858381172953,0.890201859110563
37,1566230400,311,159,0,470,33,-0.4544858381172953,0.4319052349504499
37,1566244800,345,297,0,642,33,-0.4544858381172953,1.3484984832706763
37,1566259200,158,145,0,303,34,-0.33859805934889314,-0.44724078305514314
37,1566273600,28,37,9,65,34,0.21071553049609232,-1.7282204012268372
37,1566288000,345,59,0,404,34,-0.33859805934889314,0.09636821457234043
37,1566302400,444,139,0,583,34,-0.33859805934889314,1.0597940618527322
37,1566316800,365,152,0,517,34,-0.33859805934889314,0.704564419838733
37,1566331200,376,300,0,676,34,-0.33859805934889314,1.5603449210542764
37,1566345600,177,148,0,325,34,-0.33859805934889314,-0.3288309023838101
37,1566360000,41,55,14,96,34,0.5158897470766398,-1.5613701148263224
37,1566374400,367,53,0,420,34,-0.33859805934889314,0.18248449142421902
37,1566388800,440,139,0,579,34,-0.33859805934889314,1.0382649926397625
37,1566403200,370,141,0,511,34,-0.33859805934889314,0.6722708160192785
37,1566417600,360,314,0,674,34,-0.33859805934889314,1.5495803864477915
37,1566432000,166,166,0,332,34,-0.33859805934889314,-0.2911550312611132
37,1566446400,27,45,18,72,34,0.7600291203410777,-1.6905445301041402
37,1566460800,365,62,0,427,34,-0.33859805934889314,0.2201603625469159
37,1566475200,458,140,0,598,34,-0.33859805934889314,1.1405280714013684
37,1566489600,356,190,0,546,34,-0.33859805934889314,0.8606501716327629
37,1566504000,358,291,0,649,34,-0.33859805934889314,1.4150237038667313
37,1566518400,149,132,0,281,34,-0.33859805934889314,-0.5656506637264762
37,1566532800,30,44,14,74,34,0.5158897470766398,-1.6797799954976553
37,1566547200,322,52,0,374,34,-0.33859805934889314,-0.06509980452493191
37,1566561600,409,130,0,539,34,-0.33859805934889314,0.822974300510066
37,1566576000,360,171,0,531,34,-0.33859805934889314,0.7799161620841267
37,1566590400,364,249,0,613,34,-0.33859805934889314,1.2212620809500045
37,1566604800,172,128,0,300,34,-0.33859805934889314,-0.46338758496487037
37,1566619200,81,36,0,117,34,-0.33859805934889314,-1.4483425014582316
37,1566633600,90,130,40,220,34,2.1027956732954864,-0.8939689692242633
37,1566648000,200,214,14,414,34,0.5158897470766398,0.15019088760476454
37,1566662400,232,223,0,455,34,-0.33859805934889314,0.3708638470377034
37,1566676800,257,188,0,445,34,-0.33859805934889314,0.3170411740052793
37,1566691200,172,117,0,289,34,-0.33859805934889314,-0.5225925253005369
37,1566705600,80,27,0,107,34,-0.33859805934889314,-1.502165174490656
37,1566720000,55,72,17,127,34,0.6989942770249683,-1.3945198284258076
37,1566734400,166,175,9,341,34,0.21071553049609232,-0.2427146255319315
37,1566748800,177,275,98,452,34,5.642816585629837,0.3547170451279762
37,1566763200,205,186,0,391,34,-0.33859805934889314,0.026398739630189086
37,1566777600,157,57,0,214,34,-0.33859805934889314,-0.9262625730437177
37,1566792000,57,13,0,70,34,-0.33859805934889314,-1.701309064710625
37,1566806400,320,46,0,366,34,-0.33859805934889314,-0.1081579429508712
37,1566820800,443,126,0,569,34,-0.33859805934889314,0.9844423196073383
37,1566835200,341,146,0,487,34,-0.33859805934889314,0.5430964007414606
37,1566849600,349,314,0,663,34,-0.33859805934889314,1.490375446112125
37,1566864000,136,74,0,210,35,-0.15617376188860604,-0.7724245928719695
37,1566878400,78,8,0,86,35,-0.15617376188860604,-1.4273883310154434
37,1566892800,337,68,0,405,35,-0.15617376188860604,0.2575587050149452
37,1566907200,468,151,0,619,35,-0.15617376188860604,1.3878993498754566
37,1566921600,362,146,0,508,35,-0.15617376188860604,0.8016011649244437
37,1566936000,359,269,0,628,35,-0.15617376188860604,1.4354370405471604
37,1566950400,133,72,0,205,35,-0.15617376188860604,-0.798834421022916
37,1566964800,88,6,0,94,35,-0.15617376188860604,-1.3851326059739288
37,1566979200,364,64,0,428,35,-0.15617376188860604,0.37904391450929925
37,1566993600,472,123,0,595,35,-0.15617376188860604,1.2611321747509132
37,1567008000,361,161,0,522,35,-0.15617376188860604,0.8755486837470939
37,1567022400,369,284,0,653,35,-0.15617376188860604,1.567486181301893
37,1567036800,142,64,0,206,35,-0.15617376188860604,-0.7935524553927267
37,1567051200,80,6,0,86,35,-0.15617376188860604,-1.4273883310154434
37,1567065600,328,57,0,385,35,-0.15617376188860604,0.15191939241115907
37,1567080000,450,123,0,573,35,-0.15617376188860604,1.1449289308867485
37,1567094400,370,181,0,551,35,-0.15617376188860604,1.0287256870225838
37,1567108800,391,325,0,716,35,-0.15617376188860604,1.9002500160038194
37,1567123200,190,84,0,274,35,-0.15617376188860604,-0.4343787925398539
37,1567137600,87,3,0,90,35,-0.15617376188860604,-1.4062604684946862
37,1567152000,330,55,0,385,35,-0.15617376188860604,0.15191939241115907
37,1567166400,425,130,0,555,35,-0.15617376188860604,1.049853549543341
37,1567180800,389,171,0,560,35,-0.15617376188860604,1.0762633776942876
37,1567195200,387,249,0,636,35,-0.15617376188860604,1.477692765588675
37,1567209600,136,132,0,268,35,-0.15617376188860604,-0.46607058632098974
37,1567224000,40,29,0,69,35,-0.15617376188860604,-1.5171817467286617
37,1567238400,144,35,0,179,35,-0.15617376188860604,-0.936165527407838
37,1567252800,260,120,0,380,35,-0.15617376188860604,0.12550956426021254
37,1567267200,320,137,0,457,35,-0.15617376188860604,0.5322209177847891
37,1567281600,331,148,0,479,35,-0.15617376188860604,0.6484241616489538
37,1567296000,172,153,0,325,35,-0.15617376188860604,-0.1649985454001993
37,1567310400,34,40,6,74,35,6.4031242374328485,-1.490771918577715
37,1567324800,108,30,0,138,35,-0.15617376188860604,-1.1527261182455995
37,1567339200,213,103,0,316,35,-0.15617376188860604,-0.21253623607190303
37,1567353600,281,137,0,418,35,-0.15617376188860604,0.3262242582074062
37,1567368000,262,149,0,411,35,-0.15617376188860604,0.289250498796081
37,1567382400,130,99,0,229,35,-0.15617376188860604,-0.6720672458983726
37,1567396800,36,29,0,65,35,-0.15617376188860604,-1.5383096092494188
37,1567411200,127,34,0,161,35,-0.15617376188860604,-1.0312409087512455
37,1567425600,262,65,0,327,35,-0.15617376188860604,-0.15443461413982068
37,1567440000,249,115,0,364,35,-0.15617376188860604,0.040998114177183645
37,1567454400,207,125,0,332,35,-0.15617376188860604,-0.12802478598887415
37,1567468800,132,68,0,200,36,-0.3663365310581652,-1.0022560914930816
37,1567483200,24,19,0,43,36,-0.3663365310581652,-1.714573042054127
37,1567497600,382,80,0,462,36,-0.3663365310581652,0.18645117632216618
37,1567512000,459,136,0,595,36,-0.3663365310581652,0.7898789115108225
37,1567526400,375,157,0,532,36,-0.3663365310581652,0.5040447211583011
37,1567540800,398,330,0,728,36,-0.3663365310581652,1.3933066466994788
37,1567555200,169,134,0,303,36,-0.3663365310581652,-0.5349398755199117
37,1567569600,18,26,8,44,36,1.3920788180210277,-1.710035991413611
37,1567584000,405,100,0,505,36,-0.3663365310581652,0.38154435386436336
37,1567598400,474,158,0,632,36,-0.3663365310581652,0.9577497852099224
37,1567612800,377,166,0,543,36,-0.3663365310581652,0.5539522782039794
37,1567627200,407,347,0,754,36,-0.3663365310581652,1.5112699633529003
37,1567641600,167,164,0,331,36,-0.3663365310581652,-0.40790245758545773
37,1567656000,31,44,13,75,36,2.4910884111955234,-1.5693874215576082
37,1567670400,439,109,0,548,36,-0.3663365310581652,0.5766375314065605
37,1567684800,480,151,0,631,36,-0.3663365310581652,0.9532127345694061
37,1567699200,418,193,0,611,36,-0.3663365310581652,0.8624717217590819
37,1567713600,365,287,0,652,36,-0.3663365310581652,1.0484907980202467
37,1567728000,184,171,0,355,36,-0.3663365310581652,-0.29901324221306863
37,1567742400,31,49,18,80,36,3.590098004370019,-1.5467021683550273
37,1567756800,456,107,0,563,36,-0.3663365310581652,0.6446932910143037
37,1567771200,497,153,0,650,36,-0.3663365310581652,1.0394166967392142
37,1567785600,396,182,0,578,36,-0.3663365310581652,0.7127490506220469
37,1567800000,395,292,0,687,36,-0.3663365310581652,1.2072875704383141
37,1567814400,160,110,0,270,36,-0.3663365310581652,-0.6846625466569467
37,1567828800,41,57,16,98,36,3.150494167100221,-1.4650352568257354
37,1567843200,158,38,0,196,36,-0.3663365310581652,-1.0204042940551465
37,1567857600,308,133,0,441,36,-0.3663365310581652,0.0911731128713257
37,1567872000,314,144,0,458,36,-0.3663365310581652,0.16830297376010134
37,1567886400,326,183,0,509,36,-0.3663365310581652,0.3996925564264282
37,1567900800,196,93,0,289,36,-0.3663365310581652,-0.5984585844871386
37,1567915200,48,50,2,98,36,0.07326730621163302,-1.4650352568257354
37,1567929600,104,26,0,130,36,-0.3663365310581652,-1.3198496363292165
37,1567944000,242,92,0,334,36,-0.3663365310581652,-0.3942913056639091
37,1567958400,281,154,0,435,36,-0.3663365310581652,0.06395080902822843
37,1567972800,237,164,0,401,36,-0.3663365310581652,-0.09030891274932282
37,1567987200,148,97,0,245,36,-0.3663365310581652,-0.7980888126698521
37,1568001600,19,32,13,51,36,2.4910884111955234,-1.6782766369299973
37,1568016000,486,120,0,606,36,-0.3663365310581652,0.8397864685565009
37,1568030400,510,159,0,669,36,-0.3663365310581652,1.1256206589090223
37,1568044800,423,155,0,578,36,-0.3663365310581652,0.7127490506220469
37,1568059200,389,379,0,768,36,-0.3663365310581652,1.5747886723201274
37,1568073600,157,104,0,261,37,-0.5275074934983578,-0.3440087998981713
37,1568088000,23,30,7,53,37,1.0830738962253517,-1.0302560620108274
37,1568102400,486,99,0,585,37,-0.5275074934983578,0.7249532814696201
37,1568116800,535,139,0,674,37,-0.5275074934983578,1.0185879272774394
37,1568131200,400,181,0,581,37,-0.5275074934983578,0.7117562187366844
37,1568145600,412,337,0,749,37,-0.5275074934983578,1.2660328535199836
37,1568160000,167,137,0,304,37,-0.5275074934983578,-0.20214037551911257
37,1568174400,31,41,10,72,37,1.7733230632497987,-0.9675700140293829
37,1568188800,520,99,0,619,37,-0.5275074934983578,0.8371283146995735
37,1568203200,542,145,0,687,37,-0.5275074934983578,1.0614783811594803
37,1568217600,423,189,0,612,37,-0.5275074934983578,0.814033454916936
37,1568232000,416,356,0,772,37,-0.5275074934983578,1.3419159642343639
37,1568246400,160,129,0,289,37,-0.5275074934983578,-0.25162936076762144
37,1568260800,23,43,20,66,37,4.074153619997955,-0.9873656081287865
37,1568275200,515,119,0,634,37,-0.5275074934983578,0.8866172999480824
37,1568289600,500,140,0,640,37,-0.5275074934983578,0.9064128940474859
37,1568304000,423,177,0,600,37,-0.5275074934983578,0.774442266718129
37,1568318400,422,389,0,811,37,-0.5275074934983578,1.470587325880487
37,1568332800,147,150,3,297,37,0.16274167352608918,-0.22523523530175002
37,1568347200,38,35,0,73,37,-0.5275074934983578,-0.964270748346149
37,1568361600,451,118,0,569,37,-0.5275074934983578,0.6721650305378774
37,1568376000,552,158,0,710,37,-0.5275074934983578,1.1373614918738606
37,1568390400,413,200,0,613,37,-0.5275074934983578,0.8173327206001699
37,1568404800,428,350,0,778,37,-0.5275074934983578,1.3617115583337673
37,1568419200,179,130,0,309,37,-0.5275074934983578,-0.18564404710294294
37,1568433600,1,10,9,11,37,1.543240007574983,-1.1688252207066523
37,1568448000,5,9,4,14,37,0.39282472920090483,-1.1589274236569505
37,1568462400,2,6,4,8,37,0.39282472920090483,-1.1787230177563541
37,1568476800,5,5,0,10,37,-0.5275074934983578,-1.1721244863898863
37,1568491200,0,8,8,8,37,1.3131569519001673,-1.1787230177563541
37,1568505600,0,2,2,2,37,-0.0673413821487265,-1.1985186118557576
37,1568520000,0,2,2,2,37,-0.0673413821487265,-1.1985186118557576
37,1568534400,0,1,1,1,37,-0.29742443782354216,-1.2018178775389916
37,1568563200,1,15,14,16,37,2.6936552859490615,-1.1523288922904826
37,1568577600,0,5,5,5,37,0.6229077848757205,-1.1886208148060557
37,1568592000,0,5,5,5,37,0.6229077848757205,-1.1886208148060557
37,1568606400,0,0,0,0,37,-0.5275074934983578,-1.2051171432222254
37,1568620800,472,96,0,568,37,-0.5275074934983578,0.6688657648546433
37,1568635200,490,147,0,637,37,-0.5275074934983578,0.8965150969977841
37,1568649600,384,188,0,572,37,-0.5275074934983578,0.6820628275875791
37,1568664000,421,338,0,759,37,-0.5275074934983578,1.299025510352323
37,1568678400,136,119,0,255,38,-0.2235579201660041,-0.7841859720265458
37,1568692800,61,10,0,71,38,-0.2235579201660041,-1.5656417027578347
37,1568707200,518,113,0,631,38,-0.2235579201660041,0.8127018255547837
37,1568721600,518,157,0,675,38,-0.2235579201660041,0.9995716742079179
37,1568736000,422,183,0,605,38,-0.2235579201660041,0.7022787331688406
37,1568750400,411,329,0,740,38,-0.2235579201660041,1.2756294051727755
37,1568764800,166,146,0,312,38,-0.2235579201660041,-0.54210457718044
37,1568779200,43,10,0,53,38,-0.2235579201660041,-1.642088459025026
37,1568793600,484,106,0,590,38,-0.2235579201660041,0.6385731029461812
37,1568808000,500,144,0,644,38,-0.2235579201660041,0.8679133717477551
37,1568822400,441,184,0,625,38,-0.2235579201660041,0.7872195734657198
37,1568836800,431,339,0,770,38,-0.2235579201660041,1.4030406656180943
37,1568851200,171,118,0,289,38,-0.2235579201660041,-0.6397865435218512
37,1568865600,44,9,0,53,38,-0.2235579201660041,-1.642088459025026
37,1568880000,446,123,0,569,38,-0.2235579201660041,0.549385220634458
37,1568894400,512,145,0,657,38,-0.2235579201660041,0.9231249179407266
37,1568908800,408,189,0,597,38,-0.2235579201660041,0.668302397050089
37,1568923200,416,367,0,783,38,-0.2235579201660041,1.4582522118110657
37,1568937600,159,145,0,304,38,-0.2235579201660041,-0.5760809132991916
37,1568952000,51,12,0,63,38,-0.2235579201660041,-1.5996180388765864
37,1568966400,487,99,0,586,38,-0.2235579201660041,0.6215849348868053
37,1568980800,504,142,0,646,38,-0.2235579201660041,0.8764074557774431
37,1568995200,401,198,0,599,38,-0.2235579201660041,0.6767964810797769
37,1569009600,427,322,0,749,38,-0.2235579201660041,1.3138527833063711
37,1569024000,181,154,0,335,38,-0.2235579201660041,-0.4444226108390289
37,1569038400,37,62,25,99,38,4.566968940534083,-1.4467245263422037
37,1569052800,127,36,0,163,38,-0.2235579201660041,-1.1749138373921901
37,1569067200,334,155,0,489,38,-0.2235579201660041,0.20962185944694112
37,1569081600,339,203,0,542,38,-0.2235579201660041,0.43471508623367106
37,1569096000,311,164,0,475,38,-0.2235579201660041,0.15016327123912568
37,1569110400,153,143,0,296,38,-0.2235579201660041,-0.6100572494179434
37,1569124800,28,52,24,80,38,4.375347866106079,-1.527418324624239
37,1569139200,107,23,0,130,38,-0.2235579201660041,-1.315066223882041
37,1569153600,230,107,0,337,38,-0.2235579201660041,-0.43592852680934097
37,1569168000,269,194,0,463,38,-0.2235579201660041,0.09919876706099813
37,1569182400,237,136,0,373,38,-0.2235579201660041,-0.28303501427495836
37,1569196800,135,90,0,225,38,-0.2235579201660041,-0.9115972324718646
37,1569211200,28,22,0,50,38,-0.2235579201660041,-1.6548295850695578
37,1569225600,437,113,0,550,38,-0.2235579201660041,0.4686914223524227
37,1569240000,532,128,0,660,38,-0.2235579201660041,0.9358660439852585
37,1569254400,383,209,0,592,38,-0.2235579201660041,0.6470671869758691
37,1569268800,401,339,0,740,38,-0.2235579201660041,1.2756294051727755
37,1569283200,143,115,0,258,39,-0.3523169459608371,-0.7374082879482825
37,1569297600,19,21,2,40,39,0.017615847298041876,-1.6699649570718285
37,1569312000,507,115,0,622,39,-0.3523169459608371,0.8197046825148862
37,1569326400,509,143,0,652,39,-0.3523169459608371,0.9480381690915208
37,1569340800,413,158,0,571,39,-0.3523169459608371,0.601537755334607
37,1569355200,404,379,0,783,39,-0.3523169459608371,1.5084277271428261
37,1569369600,170,159,0,329,39,-0.3523169459608371,-0.43368570305024684
37,1569384000,21,40,19,61,39,3.1620445899985135,-1.5801315164681842
37,1569398400,522,98,0,620,39,-0.3523169459608371,0.8111491167431104
37,1569412800,538,144,0,682,39,-0.3523169459608371,1.0763716556681557
37,1569427200,433,206,0,639,39,-0.3523169459608371,0.8924269915749792
37,1569441600,424,317,0,741,39,-0.3523169459608371,1.3287608459355373
37,1569456000,160,140,0,300,39,-0.3523169459608371,-0.5577414067409938
37,1569470400,24,35,11,59,39,1.6823134169629974,-1.5886870822399597
37,1569484800,503,107,0,610,39,-0.3523169459608371,0.7683712878842323
37,1569499200,517,134,0,651,39,-0.3523169459608371,0.9437603862056331
37,1569513600,425,183,0,608,39,-0.3523169459608371,0.7598157221124565
37,1569528000,391,317,0,708,39,-0.3523169459608371,1.187594010701239
37,1569542400,163,148,0,311,39,-0.3523169459608371,-0.5106857949962277
37,1569556800,23,36,13,59,39,2.0522462102218766,-1.5886870822399597
37,1569571200,479,122,0,601,39,-0.3523169459608371,0.7298712419112418
37,1569585600,526,159,0,685,39,-0.3523169459608371,1.0892050043258192
37,1569600000,417,200,0,617,39,-0.3523169459608371,0.798315768085447
37,1569614400,426,350,0,776,39,-0.3523169459608371,1.4784832469416114
37,1569628800,175,136,0,311,39,-0.3523169459608371,-0.5106857949962277
37,1569643200,34,59,25,93,39,4.27184296977515,-1.4432424641197736
37,1569657600,150,37,0,187,39,-0.3523169459608371,-1.041130872846318
37,1569672000,305,114,0,419,39,-0.3523169459608371,-0.04868524332034251
37,1569686400,316,167,0,483,39,-0.3523169459608371,0.22509286137647833
37,1569700800,304,174,0,478,39,-0.3523169459608371,0.2037039469470392
37,1569715200,157,115,0,272,39,-0.3523169459608371,-0.6775193275458529
37,1569729600,39,49,10,88,39,1.497347020333558,-1.4646313785492129
37,1569744000,101,21,0,122,39,-0.3523169459608371,-1.3191867604290268
37,1569758400,223,94,0,317,39,-0.3523169459608371,-0.48501909768090073
37,1569772800,272,167,0,439,39,-0.3523169459608371,0.036870414397414
37,1569787200,228,127,0,355,39,-0.3523169459608371,-0.32246334801716336
37,1569801600,116,100,0,216,39,-0.3523169459608371,-0.9170751691555712
37,1569816000,26,23,0,49,39,-0.3523169459608371,-1.631464911098838
37,1569830400,326,85,0,411,39,-0.3523169459608371,-0.08290750640744513
37,1569844800,434,158,0,592,39,-0.3523169459608371,0.6913711959382514
37,1569859200,404,173,0,577,39,-0.3523169459608371,0.627204452649934
37,1569873600,398,286,0,684,39,-0.3523169459608371,1.0849272214399313
37,1569888000,131,119,0,250,40,-0.3914315467486412,-0.7750797129585939
37,1569902400,24,37,13,61,40,1.0927464013399568,-1.5920472818691396
37,1569916800,363,89,0,452,40,-0.3914315467486412,0.09808139243786224
37,1569931200,462,135,0,597,40,-0.3914315467486412,0.7248554532422491
37,1569945600,428,170,0,598,40,-0.3914315467486412,0.7291780329719345
37,1569960000,398,281,0,679,40,-0.3914315467486412,1.0793069910764541
37,1569974400,153,117,0,270,40,-0.3914315467486412,-0.6886281183648854
37,1569988800,21,52,31,73,40,3.1477620217703235,-1.5401763251129144
37,1570003200,455,122,0,577,40,-0.3914315467486412,0.6384038586485405
37,1570017600,511,143,0,654,40,-0.3914315467486412,0.9712424978343184
37,1570032000,409,177,0,586,40,-0.3914315467486412,0.6773070762157094
37,1570046400,403,363,0,766,40,-0.3914315467486412,1.455371427559086
37,1570060800,138,138,0,276,40,-0.3914315467486412,-0.6626926399867729
37,1570075200,23,42,19,65,40,1.7777516081500788,-1.574756962950398
37,1570089600,467,98,0,565,40,-0.3914315467486412,0.5865329018923154
37,1570104000,507,145,0,652,40,-0.3914315467486412,0.9625973383749475
37,1570118400,432,162,0,594,40,-0.3914315467486412,0.7118877140531928
37,1570132800,415,316,0,731,40,-0.3914315467486412,1.3040811370200962
37,1570147200,140,131,0,271,40,-0.3914315467486412,-0.6843055386351999
37,1570161600,24,40,16,64,40,1.435249004745018,-1.5790795426800832
37,1570176000,493,110,0,603,40,-0.3914315467486412,0.7507909316203616
37,1570190400,552,162,0,714,40,-0.3914315467486412,1.230597281615444
37,1570204800,447,176,0,623,40,-0.3914315467486412,0.8372425262140701
37,1570219200,428,334,0,762,40,-0.3914315467486412,1.4380811086403444
37,1570233600,189,123,0,312,40,-0.3914315467486412,-0.5070797697180974
37,1570248000,30,71,41,101,40,4.28943736645386,-1.4191440926817225
37,1570262400,140,33,0,173,40,-0.3914315467486412,-1.1079183521443718
37,1570276800,352,133,0,485,40,-0.3914315467486412,0.2407265235174813
37,1570291200,346,172,0,518,40,-0.3914315467486412,0.3833716545971004
37,1570305600,298,176,0,474,40,-0.3914315467486412,0.19317814649094162
37,1570320000,174,82,0,256,40,-0.3914315467486412,-0.7491442345804814
37,1570334400,35,47,12,82,40,0.978578866871603,-1.5012731075457455
37,1570348800,116,25,0,141,40,-0.3914315467486412,-1.2462409034943054
37,1570363200,221,130,0,351,40,-0.3914315467486412,-0.33849916026036586
37,1570377600,282,143,0,425,40,-0.3914315467486412,-0.01862826026364428
37,1570392000,225,150,0,375,40,-0.3914315467486412,-0.2347572467479156
37,1570406400,135,83,0,218,40,-0.3914315467486412,-0.9134022643085276
37,1570420800,24,36,12,60,40,0.978578866871603,-1.5963698615988249
37,1570435200,478,117,0,595,40,-0.3914315467486412,0.7162102937828783
37,1570449600,530,136,0,666,40,-0.3914315467486412,1.0231134545905436
37,1570464000,393,152,0,545,40,-0.3914315467486412,0.5000813072986069
37,1570478400,412,359,0,771,40,-0.3914315467486412,1.4769843262075133
37,1570492800,129,114,0,243,41,-0.38394382490380374,-0.9366358157898211
37,1570507200,19,28,9,47,41,1.848837187613701,-1.8362258327752146
37,1570521600,532,101,0,633,41,-0.38394382490380374,0.8533647282117273
37,1570536000,509,151,0,660,41,-0.38394382490380374,0.9772878427964499
37,1570550400,410,196,0,606,41,-0.38394382490380374,0.7294416136270047
37,1570564800,414,330,0,744,41,-0.38394382490380374,1.3628264215044756
37,1570579200,143,137,0,280,41,-0.38394382490380374,-0.7668152513589049
37,1570593600,29,44,15,73,41,3.3373578626253706,-1.7168924631751115
37,1570608000,372,65,0,437,41,-0.38394382490380374,-0.04622528877366628
37,1570622400,455,149,0,604,41,-0.38394382490380374,0.720262123657766
37,1570636800,391,136,0,527,41,-0.38394382490380374,0.36685175984207563
37,1570651200,354,294,0,648,41,-0.38394382490380374,0.9222109029810176
37,1570665600,149,127,0,276,41,-0.38394382490380374,-0.7851742312973824
37,1570680000,21,36,15,57,41,3.3373578626253706,-1.790328382929021
37,1570694400,495,99,0,594,41,-0.38394382490380374,0.6743646738115724
37,1570708800,517,113,0,630,41,-0.38394382490380374,0.8395954932578692
37,1570723200,442,170,0,612,41,-0.38394382490380374,0.7569800835347208
37,1570737600,429,340,0,769,41,-0.38394382490380374,1.4775700461199595
37,1570752000,152,154,2,306,41,0.11222973343341953,-0.6474818817588017
37,1570766400,29,39,10,68,41,2.0969239667823127,-1.739841188098208
37,1570780800,485,85,0,570,41,-0.38394382490380374,0.5642107941807079
37,1570795200,528,132,0,660,41,-0.38394382490380374,0.9772878427964499
37,1570809600,393,192,0,585,41,-0.38394382490380374,0.6330569689499982
37,1570824000,415,344,0,759,41,-0.38394382490380374,1.431672596273766
37,1570838400,188,145,0,333,41,-0.38394382490380374,-0.5235587671740791
37,1570852800,57,69,12,126,41,2.593097525119536,-1.4736359789902855
37,1570867200,241,43,0,284,41,-0.38394382490380374,-0.7484562714204276
37,1570881600,474,103,0,577,41,-0.38394382490380374,0.5963390090730434
37,1570896000,513,189,0,702,41,-0.38394382490380374,1.1700571321504627
37,1570910400,455,238,0,693,41,-0.38394382490380374,1.1287494272888885
37,1570924800,216,170,0,386,41,-0.38394382490380374,-0.28030228298925336
37,1570939200,63,65,2,128,41,0.11222973343341953,-1.464456489021047
37,1570953600,163,29,0,192,41,-0.38394382490380374,-1.1707128100054083
37,1570968000,408,84,0,492,41,-0.38394382490380374,0.20621068538039822
37,1570982400,477,147,0,624,41,-0.38394382490380374,0.8120570233501531
37,1570996800,367,182,0,549,41,-0.38394382490380374,0.46782614950370144
37,1571011200,159,136,0,295,41,-0.38394382490380374,-0.6979690765896146
37,1571025600,64,58,0,122,41,-0.38394382490380374,-1.491994958928763
37,1571040000,296,50,0,346,41,-0.38394382490380374,-0.46389208237402757
37,1571054400,404,105,0,509,41,-0.38394382490380374,0.28423635011892723
37,1571068800,352,155,0,507,41,-0.38394382490380374,0.27505686014968855
37,1571083200,292,232,0,524,41,-0.38394382490380374,0.35308252488821756
37,1571097600,134,136,2,270,42,0.03745029431365693,-0.7219182155613415
37,1571112000,34,35,1,69,42,-0.18725147156828453,-1.5574588757983643
37,1571126400,478,92,0,570,42,-0.411953237450226,0.5251573967327223
37,1571140800,549,142,0,691,42,-0.411953237450226,1.0281445603579948
37,1571155200,423,185,0,608,42,-0.411953237450226,0.6831203076233038
37,1571169600,425,333,0,758,42,-0.411953237450226,1.3066581137703357
37,1571184000,165,152,0,317,42,-0.411953237450226,-0.5265430363019382
37,1571198400,29,42,13,71,42,2.509169719015013,-1.5491450383830705
37,1571212800,494,113,0,607,42,-0.411953237450226,0.6789633889156569
37,1571227200,546,130,0,676,42,-0.411953237450226,0.9657907797432916
37,1571241600,398,193,0,591,42,-0.411953237450226,0.6124526895933069
37,1571256000,344,301,0,645,42,-0.411953237450226,0.8369262998062383
37,1571270400,135,133,0,268,42,-0.411953237450226,-0.7302320529766353
37,1571284800,36,47,11,83,42,2.05976618725113,-1.499262013891308
37,1571299200,464,122,0,586,42,-0.411953237450226,0.5916680960550724
37,1571313600,522,170,0,692,42,-0.411953237450226,1.0323014790656417
37,1571328000,428,182,0,610,42,-0.411953237450226,0.6914341450385976
37,1571342400,461,356,0,817,42,-0.411953237450226,1.5519163175215016
37,1571356800,162,150,0,312,42,-0.411953237450226,-0.5473276298401726
37,1571371200,22,36,14,58,42,2.7338714848969543,-1.60318498158248
37,1571385600,466,88,0,554,42,-0.411953237450226,0.4586466974103723
37,1571400000,528,118,0,646,42,-0.411953237450226,0.8410832185138852
37,1571414400,417,187,0,604,42,-0.411953237450226,0.6664926327927163
37,1571428800,578,309,0,887,42,-0.411953237450226,1.8429006270567831
37,1571443200,188,156,0,344,42,-0.411953237450226,-0.41430623119547244
37,1571457600,33,45,12,78,42,2.2844679531330714,-1.5200466074295425
37,1571472000,160,42,0,202,42,-0.411953237450226,-1.0045886876813293
37,1571486400,311,123,0,434,42,-0.411953237450226,-0.040183547507253246
37,1571500800,384,195,0,579,42,-0.411953237450226,0.5625696651015443
37,1571515200,332,160,0,492,42,-0.411953237450226,0.20091773753626577
37,1571529600,171,141,0,312,42,-0.411953237450226,-0.5473276298401726
37,1571544000,45,62,17,107,42,3.4079767825427787,-1.399495964907783
37,1571558400,106,24,0,130,42,-0.411953237450226,-1.3038868346319046
37,1571572800,226,87,0,313,42,-0.411953237450226,-0.5431707111325257
37,1571587200,272,126,0,398,42,-0.411953237450226,-0.18983262098254092
37,1571601600,187,136,0,323,42,-0.411953237450226,-0.5016015240560568
37,1571616000,113,97,0,210,42,-0.411953237450226,-0.9713333380201543
37,1571630400,26,33,7,59,42,1.1609591237233643,-1.599028062874833
37,1571644800,452,84,0,536,42,-0.411953237450226,0.38382216067272845
37,1571659200,572,140,0,712,42,-0.411953237450226,1.1154398532185792
37,1571673600,444,261,0,705,42,-0.411953237450226,1.0863414222650511
37,1571688000,376,334,0,710,42,-0.411953237450226,1.1071260158032856
37,1571702400,153,154,1,307,43,-0.14419744342121815,-0.545236006286946
37,1571716800,24,32,8,56,43,1.2689375021067197,-1.5812630391414857
37,1571731200,476,95,0,571,43,-0.34607386421092357,0.5444497971935259
37,1571745600,573,145,0,718,43,-0.34607386421092357,1.151206665040607
37,1571760000,395,175,0,570,43,-0.34607386421092357,0.5403221994530696
37,1571774400,398,320,0,718,43,-0.34607386421092357,1.151206665040607
37,1571788800,147,107,0,254,43,-0.34607386421092357,-0.7639986865311317
37,1571803200,29,19,0,48,43,-0.34607386421092357,-1.6142838210651365
37,1571817600,511,106,0,617,43,-0.34607386421092357,0.7343192932545173
37,1571832000,535,122,0,657,43,-0.34607386421092357,0.8994232028727707
37,1571846400,429,191,0,620,43,-0.34607386421092357,0.7467020864758863
37,1571860800,446,400,0,846,43,-0.34607386421092357,1.6795391758190177
37,1571875200,197,120,0,317,43,-0.34607386421092357,-0.5039600288823827
37,1571889600,25,37,12,62,43,2.076443185265542,-1.5564974526987476
37,1571904000,503,92,0,595,43,-0.34607386421092357,0.643512142964478
37,1571918400,542,146,0,688,43,-0.34607386421092357,1.027378732826917
37,1571932800,413,216,0,629,43,-0.34607386421092357,0.7838504661399933
37,1571947200,454,345,0,799,43,-0.34607386421092357,1.48554208201757
37,1571961600,170,155,0,325,43,-0.34607386421092357,-0.470939246958732
37,1571976000,28,43,15,71,43,2.682072447634658,-1.5193490730346406
37,1571990400,499,98,0,597,43,-0.34607386421092357,0.6517673384453906
37,1572004800,539,139,0,678,43,-0.34607386421092357,0.9861027554223536
37,1572019200,416,178,0,594,43,-0.34607386421092357,0.6393845452240217
37,1572033600,434,334,0,768,43,-0.34607386421092357,1.3575865520634236
37,1572048000,179,110,0,289,43,-0.34607386421092357,-0.61953276561516
37,1572062400,45,42,0,87,43,-0.34607386421092357,-1.4533075091873393
37,1572076800,171,38,0,209,43,-0.34607386421092357,-0.9497405848516667
37,1572091200,340,126,0,466,43,-0.34607386421092357,0.11105203444561096
37,1572105600,349,178,0,527,43,-0.34607386421092357,0.3628354966134473
37,1572120000,342,171,0,513,43,-0.34607386421092357,0.30504912824705865
37,1572134400,170,126,0,296,43,-0.34607386421092357,-0.5906395814319657
37,1572148800,39,63,24,102,43,4.498960234742007,-1.3913935430804945
37,1572163200,110,34,0,144,43,-0.34607386421092357,-1.2180344379813284
37,1572177600,214,65,0,279,43,-0.34607386421092357,-0.6608087430197234
37,1572192000,184,105,0,289,43,-0.34607386421092357,-0.61953276561516
37,1572206400,196,122,0,318,43,-0.34607386421092357,-0.4998324311419264
37,1572220800,122,84,0,206,43,-0.34607386421092357,-0.9621233780730357
37,1572235200,26,38,12,64,43,2.076443185265542,-1.5482422572178351
37,1572249600,474,77,0,551,43,-0.34607386421092357,0.4618978423843993
37,1572264000,553,143,0,696,43,-0.34607386421092357,1.0603995147505676
37,1572278400,390,176,0,566,43,-0.34607386421092357,0.5238118084912443
37,1572292800,391,344,0,735,43,-0.34607386421092357,1.2213758266283645
37,1572307200,165,127,0,292,44,-0.42144362696887355,-0.6080438486315848
37,1572321600,28,51,23,79,44,1.7607958864982258,-1.5018126834280354
37,1572336000,491,91,0,582,44,-0.42144362696887355,0.6088245179926908
37,1572350400,525,124,0,649,44,-0.42144362696887355,0.8899630716610579
37,1572364800,421,184,0,605,44,-0.42144362696887355,0.7053347677594437
37,1572379200,351,355,4,706,44,-0.04192371158329108,1.1291406471699672
37,1572393600,159,151,0,310,44,-0.42144362696887355,-0.5325140879445608
37,1572408000,28,56,28,84,44,2.235195780730204,-1.4808321943483065
37,1572422400,493,113,0,606,44,-0.42144362696887355,0.7095308655753895
37,1572436800,552,150,0,702,44,-0.42144362696887355,1.1123562559061841
37,1572451200,441,201,0,642,44,-0.42144362696887355,0.8605903869494375
37,1572465600,405,334,0,739,44,-0.42144362696887355,1.2676118750961778
37,1572480000,141,177,36,318,44,2.994235611501369,-0.49894530541699456
37,1572494400,23,57,34,80,44,2.8044756538085776,-1.4976165856120895
37,1572508800,474,105,0,579,44,-0.42144362696887355,0.5962362245448535
37,1572523200,485,157,0,642,44,-0.42144362696887355,0.8605903869494375
37,1572537600,361,186,0,547,44,-0.42144362696887355,0.46196109443458855
37,1572552000,388,289,0,677,44,-0.42144362696887355,1.0074538105075397
37,1572566400,153,146,0,299,44,-0.42144362696887355,-0.5786711639199643
37,1572580800,30,57,27,87,44,2.1403158018838084,-1.4682439009004693
37,1572595200,434,97,0,531,44,-0.42144362696887355,0.39482352937945614
37,1572609600,484,141,0,625,44,-0.42144362696887355,0.7892567240783592
37,1572624000,406,207,0,613,44,-0.42144362696887355,0.7389035502870099
37,1572638400,452,354,0,806,44,-0.42144362696887355,1.548750428764545
37,1572652800,166,127,0,293,44,-0.42144362696887355,-0.603847750815639
37,1572667200,29,62,33,91,44,2.709595674962182,-1.451459509636686
37,1572681600,172,30,0,202,44,-0.42144362696887355,-0.9856926520667048
37,1572696000,339,106,0,445,44,-0.42144362696887355,0.03395911720811923
37,1572710400,360,191,0,551,44,-0.42144362696887355,0.47874548569837166
37,1572724800,304,187,0,491,44,-0.42144362696887355,0.226979616741625
37,1572739200,162,133,0,295,44,-0.42144362696887355,-0.5954555551837474
37,1572750000,38,43,5,81,44,0.052956267263104546,-1.493420487796144
37,1572764400,87,18,0,105,44,-0.42144362696887355,-1.3927141402134453
37,1572778800,245,70,0,315,44,-0.42144362696887355,-0.5115335988648319
37,1572793200,289,171,0,460,44,-0.42144362696887355,0.0969005844473059
37,1572807600,278,148,0,426,44,-0.42144362696887355,-0.045766741294850546
37,1572822000,117,105,0,222,44,-0.42144362696887355,-0.9017706957477892
37,1572836400,39,40,1,79,44,-0.32656364812247796,-1.5018126834280354
37,1572850800,233,33,0,266,44,-0.42144362696887355,-0.717142391846175
37,1572865200,710,198,0,908,44,-0.42144362696887355,1.9767524059910142
37,1572879600,358,181,0,539,44,-0.42144362696887355,0.4283923119070223
37,1572894000,503,378,0,881,44,-0.42144362696887355,1.8634577649604782
37,1572908400,184,153,0,337,44,-0.42144362696887355,-0.41921944691402474
37,1572922800,45,87,42,132,45,2.1166641840404994,-1.2441488279639148
37,1572937200,206,39,0,245,45,-0.3675644391447574,-0.7772610017982834
37,1572951600,600,197,0,797,45,-0.3675644391447574,1.5034653702674556
37,1572966000,378,155,0,533,45,-0.3675644391447574,0.4126831923229718
37,1572980400,465,333,0,798,45,-0.3675644391447574,1.5075971209414878
37,1572994800,202,171,0,373,45,-0.3675644391447574,-0.24839691552216997
37,1573009200,41,62,21,103,45,0.874549872447871,-1.3639695975108466
37,1573023600,222,47,0,269,45,-0.3675644391447574,-0.678098985621512
37,1573038000,757,190,0,947,45,-0.3675644391447574,2.123227971372276
37,1573052400,401,142,0,543,45,-0.3675644391447574,0.45400069906329316
37,1573066800,444,333,0,777,45,-0.3675644391447574,1.420830356786813
37,1573081200,236,215,0,451,45,-0.3675644391447574,0.07387963705233663
37,1573095600,63,139,76,202,45,4.127706402809517,-0.9549262807816652
37,1573110000,240,42,0,282,45,-0.3675644391447574,-0.6243862268590943
37,1573124400,690,198,0,888,45,-0.3675644391447574,1.87945468160438
37,1573138800,385,137,0,522,45,-0.3675644391447574,0.3672339349086183
37,1573153200,458,350,0,808,45,-0.3675644391447574,1.548914627681809
37,1573167600,229,180,0,409,45,-0.3675644391447574,-0.09965389125701307
37,1573182000,76,138,62,214,45,3.299630195081098,-0.9053452726932796
37,1573196400,235,37,0,272,45,-0.3675644391447574,-0.6657037335994157
37,1573210800,671,159,0,830,45,-0.3675644391447574,1.6398131425105162
37,1573225200,356,157,0,513,45,-0.3675644391447574,0.33004817884232907
37,1573239600,435,321,0,756,45,-0.3675644391447574,1.334063592632138
37,1573254000,203,148,0,351,45,-0.3675644391447574,-0.33929543035087695
37,1573268400,56,87,31,143,45,1.4660328779681702,-1.1986995705495613
37,1573282800,108,20,0,128,45,-0.3675644391447574,-1.2606758306600432
37,1573297200,326,97,0,423,45,-0.3675644391447574,-0.041809381820563166
37,1573311600,361,151,0,512,45,-0.3675644391447574,0.3259164281682969
37,1573326000,331,164,0,495,45,-0.3675644391447574,0.25567666670975064
37,1573340400,177,113,0,290,45,-0.3675644391447574,-0.5913322214668373
37,1573354800,62,91,29,153,45,1.3477362768641103,-1.1573820638092398
37,1573369200,64,18,0,82,45,-0.3675644391447574,-1.4507363616655216
37,1573383600,235,76,0,311,45,-0.3675644391447574,-0.5045654573121624
37,1573398000,304,155,0,459,45,-0.3675644391447574,0.10693364244459373
37,1573412400,270,149,0,419,45,-0.3675644391447574,-0.058336384516691715
37,1573426800,147,85,0,232,45,-0.3675644391447574,-0.8309737605607012
37,1573441200,54,54,0,108,45,-0.3675644391447574,-1.343310844140686
37,1573455600,173,29,0,202,45,-0.3675644391447574,-0.9549262807816652
37,1573470000,525,91,0,616,45,-0.3675644391447574,0.755618498267639
37,1573484400,342,118,0,460,45,-0.3675644391447574,0.11106539311862586
37,1573498800,426,297,0,723,45,-0.3675644391447574,1.1977158203890776
37,1573513200,240,180,0,420,45,-0.3675644391447574,-0.054204633842659576
37,1573527600,67,134,67,201,46,2.2565154415459694,-0.9804493890593043
37,1573542000,252,43,0,295,46,-0.38265099756889254,-0.6102845054400892
37,1573556400,711,139,0,850,46,-0.38265099756889254,1.5752634776308092
37,1573570800,382,141,0,523,46,-0.38265099756889254,0.2875622335511988
37,1573585200,408,304,0,712,46,-0.38265099756889254,1.0318299250834506
37,1573599600,196,192,0,388,46,-0.38265099756889254,-0.24405754611469535
37,1573614000,68,142,74,210,46,2.5322492486176715,-0.9450080704149114
37,1573628400,228,31,0,259,46,-0.38265099756889254,-0.7520497800176609
37,1573642800,712,183,0,895,46,-0.38265099756889254,1.7524700708527738
37,1573657200,360,148,0,508,46,-0.38265099756889254,0.22849336914387725
37,1573671600,489,372,0,861,46,-0.38265099756889254,1.618580644862845
37,1573686000,225,151,0,376,46,-0.38265099756889254,-0.2913126376405526
37,1573700400,60,159,99,219,46,3.5170128453023217,-0.9095667517705185
37,1573714800,221,33,0,254,46,-0.38265099756889254,-0.7717394014867681
37,1573729200,683,178,0,861,46,-0.38265099756889254,1.618580644862845
37,1573743600,363,131,0,494,46,-0.38265099756889254,0.1733624290303771
37,1573758000,451,357,0,808,46,-0.38265099756889254,1.4098706572903088
37,1573772400,257,196,0,453,46,-0.38265099756889254,0.011907532983698137
37,1573786800,62,160,98,222,46,3.4776223014349354,-0.8977529788890541
37,1573801200,238,36,0,274,46,-0.38265099756889254,-0.6929809156103394
37,1573815600,715,198,0,913,46,-0.38265099756889254,1.8233527081415597
37,1573830000,392,200,0,592,46,-0.38265099756889254,0.5592790098248781
37,1573844400,507,377,0,884,46,-0.38265099756889254,1.709152903620738
37,1573858800,207,140,0,347,46,-0.38265099756889254,-0.40551244216137433
37,1573873200,71,96,25,167,46,0.6021125991157574,-1.1143388150492333
37,1573887600,131,27,0,158,46,-0.38265099756889254,-1.1497801336936262
37,1573902000,324,93,0,417,46,-0.38265099756889254,-0.12985774159387364
37,1573916400,325,150,0,475,46,-0.38265099756889254,0.09854186744776978
37,1573930800,328,159,0,487,46,-0.38265099756889254,0.14579695897362704
37,1573945200,188,96,0,284,46,-0.38265099756889254,-0.653601672672125
37,1573959600,40,66,26,106,46,0.6415031429831434,-1.354552196972341
37,1573974000,82,18,0,100,46,-0.38265099756889254,-1.3781797427352696
37,1573988400,228,60,0,288,46,-0.38265099756889254,-0.6378499754968392
37,1574002800,315,158,0,473,46,-0.38265099756889254,0.0906660188601269
37,1574017200,256,126,0,382,46,-0.38265099756889254,-0.26768509187762396
37,1574031600,130,105,0,235,46,-0.38265099756889254,-0.8465599630693754
37,1574046000,36,55,19,91,46,0.36576933591144145,-1.4136210613796625
37,1574060400,219,43,0,262,46,-0.38265099756889254,-0.7402360071361966
37,1574074800,709,196,0,905,46,-0.38265099756889254,1.7918493137909883
37,1574089200,361,153,0,514,46,-0.38265099756889254,0.2521209149068059
37,1574103600,454,330,0,784,46,-0.38265099756889254,1.3153604742385943
37,1574118000,210,162,0,372,46,-0.38265099756889254,-0.3070643348158384
37,1574132400,69,103,34,172,47,1.70829254642992,-1.1046776826080618
37,1574146800,239,52,0,291,47,-0.3313744738894159,-0.6473235525819606
37,1574161200,717,217,0,934,47,-0.3313744738894159,1.8239260743657955
37,1574175600,367,146,0,513,47,-0.3313744738894159,0.20589171519782454
37,1574190000,488,370,0,858,47,-0.3313744738894159,1.531834361071815
37,1574204400,232,205,0,437,47,-0.3313744738894159,-0.08619999809615596
37,1574218800,64,114,50,178,47,2.6681358501096075,-1.0816178105059053
37,1574233200,227,39,0,266,47,-0.3313744738894159,-0.743406353007612
37,1574247600,698,175,0,873,47,-0.3313744738894159,1.5894840413272058
37,1574262000,379,144,0,523,47,-0.3313744738894159,0.24432483536808514
37,1574276400,446,348,0,794,47,-0.3313744738894159,1.2858623919821472
37,1574290800,245,209,0,454,47,-0.3313744738894159,-0.020863693806712956
37,1574305200,68,102,34,170,47,1.70829254642992,-1.1123643066421138
37,1574319600,236,41,0,277,47,-0.3313744738894159,-0.7011299208203254
37,1574334000,723,192,0,915,47,-0.3313744738894159,1.7509031460423004
37,1574348400,381,137,0,518,47,-0.3313744738894159,0.22510827528295482
37,1574362800,479,327,0,806,47,-0.3313744738894159,1.3319821361864599
37,1574377200,277,242,0,519,47,-0.3313744738894159,0.22895158729998089
37,1574391600,68,157,89,225,47,5.007753902828846,-0.9009821457056805
37,1574406000,228,51,0,279,47,-0.3313744738894159,-0.6934432967862734
37,1574420400,727,172,0,899,47,-0.3313744738894159,1.6894101537698833
37,1574434800,379,148,0,527,47,-0.3313744738894159,0.2596980834361894
37,1574449200,501,340,0,841,47,-0.3313744738894159,1.466498056782372
37,1574463600,232,182,0,414,47,-0.3313744738894159,-0.17459617448775533
37,1574478000,65,72,7,137,47,0.08855697147044736,-1.2391936032039736
37,1574492400,110,36,0,146,47,-0.3313744738894159,-1.2046037950507391
37,1574506800,346,108,0,454,47,-0.3313744738894159,-0.020863693806712956
37,1574521200,369,151,0,520,47,-0.3313744738894159,0.23279489931700695
37,1574535600,359,200,0,559,47,-0.3313744738894159,0.3826840679810233
37,1574550000,183,156,0,339,47,-0.3313744738894159,-0.4628445757647098
37,1574564400,65,76,11,141,47,0.32851779739036924,-1.2238203551358695
37,1574578800,78,18,0,96,47,-0.3313744738894159,-1.3967693959020422
37,1574593200,224,83,0,307,47,-0.3313744738894159,-0.5858305603095436
37,1574607600,235,87,0,322,47,-0.3313744738894159,-0.5281808800541528
37,1574622000,227,157,0,384,47,-0.3313744738894159,-0.2898955349985371
37,1574636400,135,103,0,238,47,-0.3313744738894159,-0.8510190894843418
37,1574650800,40,47,7,87,47,0.08855697147044736,-1.4313592040552767
37,1574665200,220,36,0,256,47,-0.3313744738894159,-0.7818394731778727
37,1574679600,659,200,0,859,47,-0.3313744738894159,1.535677673088841
37,1574694000,373,134,0,507,47,-0.3313744738894159,0.1828318430956682
37,1574708400,489,360,0,849,47,-0.3313744738894159,1.4972445529185805
37,1574722800,213,199,0,412,47,-0.3313744738894159,-0.18228279852180745
37,1574737200,39,88,49,127,48,2.613287803024602,-1.0267250578993703
37,1574751600,216,31,0,247,48,-0.34824650238543703,-0.4904873074524453
37,1574766000,737,205,0,942,48,-0.34824650238543703,2.6152229972193286
37,1574780400,390,124,0,514,48,-0.34824650238543703,0.7026416872919629
37,1574794800,467,342,0,809,48,-0.34824650238543703,2.02089282380732
37,1574809200,209,193,0,402,48,-0.34824650238543703,0.2021531202081662
37,1574823600,33,114,81,147,48,4.547351022884219,-0.9373520994915495
37,1574838000,185,34,0,219,48,-0.34824650238543703,-0.6156094492233944
37,1574852400,666,155,0,821,48,-0.34824650238543703,2.074516598852013
37,1574866800,366,156,0,522,48,-0.34824650238543703,0.7383908706550912
37,1574881200,464,289,0,753,48,-0.34824650238543703,1.770648540265422
37,1574895600,207,173,0,380,48,-0.34824650238543703,0.10384286595956327
37,1574910000,49,101,52,150,48,2.7946062298864414,-0.9239461557303763
37,1574924400,85,17,0,102,48,-0.34824650238543703,-1.1384412559091464
37,1574938800,241,75,0,316,48,-0.34824650238543703,-0.1821506009454634
37,1574953200,258,117,0,375,48,-0.34824650238543703,0.08149962635760806
37,1574967600,257,115,0,372,48,-0.34824650238543703,0.06809368259643493
37,1574982000,135,70,0,205,48,-0.34824650238543703,-0.678170520108869
37,1574996400,50,40,0,90,48,-0.34824650238543703,-1.192065030953839
37,1575010800,119,24,0,143,48,-0.34824650238543703,-0.9552266911731137
37,1575025200,309,77,0,386,48,-0.34824650238543703,0.13065475348190952
37,1575039600,302,130,0,432,48,-0.34824650238543703,0.33621255781989745
37,1575054000,321,150,0,471,48,-0.34824650238543703,0.5104898267151481
37,1575068400,180,98,0,278,48,-0.34824650238543703,-0.351959221920323
37,1575082800,55,78,23,133,48,1.0418614368886627,-0.9999131703770241
37,1575097200,93,16,0,109,48,-0.34824650238543703,-1.1071607204664091
37,1575111600,294,68,0,362,48,-0.34824650238543703,0.023407203392524518
37,1575126000,326,152,0,478,48,-0.34824650238543703,0.5417703621578853
37,1575140400,331,211,0,542,48,-0.34824650238543703,0.827763829062912
37,1575154800,188,163,0,351,48,-0.34824650238543703,-0.025747923731776944
37,1575169200,57,78,21,135,48,0.9209824856474367,-0.990975874536242
37,1575183600,70,18,0,88,48,-0.34824650238543703,-1.201002326794621
37,1575198000,230,48,0,278,48,-0.34824650238543703,-0.351959221920323
37,1575212400,220,92,0,312,48,-0.34824650238543703,-0.2000251926270276
37,1575226800,173,94,0,267,48,-0.34824650238543703,-0.40111434904462445
37,1575241200,107,99,0,206,48,-0.34824650238543703,-0.673701872188478
37,1575255600,25,41,16,66,48,0.6187851075443715,-1.2993125810432238
37,1575270000,212,40,0,252,48,-0.34824650238543703,-0.46814406785049006
37,1575284400,630,171,0,801,48,-0.34824650238543703,1.985143640444192
37,1575298800,321,120,0,441,48,-0.34824650238543703,0.3764303891034168
37,1575313200,384,289,0,673,48,-0.34824650238543703,1.4131567066341386
37,1575327600,152,135,0,287,48,-0.34824650238543703,-0.3117413906368036
37,1575342000,36,49,13,85,49,0.8533141344314586,-1.308710406141997
37,1575356400,212,26,0,238,49,-0.40590077745928843,-0.7315521417903071
37,1575370800,689,168,0,857,49,-0.40590077745928843,1.6034868492796013
37,1575385200,360,116,0,476,49,-0.40590077745928843,0.16624960275676587
37,1575399600,469,341,0,810,49,-0.40590077745928843,1.4261898661127423
37,1575414000,173,186,13,359,49,0.8533141344314586,-0.2751067170415852
37,1575428400,46,64,18,110,49,1.337627562081746,-1.2144035002021785
37,1575442800,249,34,0,283,49,-0.40590077745928843,-0.5617997110986337
37,1575457200,727,226,0,953,49,-0.40590077745928843,1.9656253680885047
37,1575471600,354,138,0,492,49,-0.40590077745928843,0.22660602255824977
37,1575486000,464,325,0,789,49,-0.40590077745928843,1.3469720651232948
37,1575500400,196,169,0,365,49,-0.40590077745928843,-0.2524730596160287
37,1575514800,43,87,44,130,49,3.85605738586324,-1.1389579754503236
37,1575529200,214,44,0,258,49,-0.40590077745928843,-0.6561066170384523
37,1575543600,739,185,0,924,49,-0.40590077745928843,1.856229357198315
37,1575558000,361,126,0,487,49,-0.40590077745928843,0.20774464137028606
37,1575572400,461,354,0,815,49,-0.40590077745928843,1.445051247300706
37,1575586800,183,168,0,351,49,-0.40590077745928843,-0.3052849269423271
37,1575601200,51,85,34,136,49,2.8874305305626655,-1.116324318024767
37,1575615600,222,42,0,264,49,-0.40590077745928843,-0.6334729596128958
37,1575630000,711,179,0,890,49,-0.40590077745928843,1.727971965120162
37,1575644400,341,152,0,493,49,-0.40590077745928843,0.2303782987958425
37,1575658800,459,338,0,797,49,-0.40590077745928843,1.3771502750240368
37,1575673200,220,163,0,383,49,-0.40590077745928843,-0.18457208733935931
37,1575687600,62,88,26,150,49,2.1125290463222055,-1.0635124506984686
37,1575702000,91,30,0,121,49,-0.40590077745928843,-1.1729084615886582
37,1575716400,322,101,0,423,49,-0.40590077745928843,-0.03368103783564956
37,1575730800,355,147,0,502,49,-0.40590077745928843,0.2643287849341772
37,1575745200,345,182,0,527,49,-0.40590077745928843,0.3586356908739958
37,1575759600,189,144,0,333,49,-0.40590077745928843,-0.37318589921899653
37,1575774000,53,81,28,134,49,2.3062544173823207,-1.1238688704999527
37,1575788400,72,16,0,88,49,-0.40590077745928843,-1.2973935774292187
37,1575802800,229,59,0,288,49,-0.40590077745928843,-0.54293832991067
37,1575817200,271,140,0,411,49,-0.40590077745928843,-0.0789483526867625
37,1575831600,263,138,0,401,49,-0.40590077745928843,-0.11667111506268993
37,1575846000,126,100,0,226,49,-0.40590077745928843,-0.7768194566414202
37,1575860400,39,39,0,78,49,-0.40590077745928843,-1.3351163398051462
37,1575874800,195,32,0,227,49,-0.40590077745928843,-0.7730471804038274
37,1575889200,698,157,0,855,49,-0.40590077745928843,1.595942296804416
37,1575903600,351,165,0,516,49,-0.40590077745928843,0.3171406522604756
37,1575918000,452,316,0,768,49,-0.40590077745928843,1.267754264133847
37,1575932400,192,156,0,348,49,-0.40590077745928843,-0.31660175565510534
37,1575946800,61,57,0,118,50,-0.36043140680730845,-1.1939413123153242
37,1575961200,224,41,0,265,50,-0.36043140680730845,-0.6282599630531945
37,1575975600,706,183,0,889,50,-0.36043140680730845,1.7729996419778864
37,1575990000,336,138,0,474,50,-0.36043140680730845,0.1760080777344592
37,1576004400,450,304,0,754,50,-0.36043140680730845,1.2534963620432775
37,1576018800,192,202,10,394,50,0.6624144773755939,-0.13184571778234605
37,1576033200,45,61,16,106,50,1.2761220078853353,-1.2401193816428449
37,1576047600,183,34,0,217,50,-0.36043140680730845,-0.8129722403632776
37,1576062000,682,180,0,862,50,-0.36043140680730845,1.6690989859909646
37,1576076400,328,185,0,513,50,-0.36043140680730845,0.32608680304890175
37,1576090800,458,348,0,806,50,-0.36043140680730845,1.453601329129201
37,1576105200,213,224,11,437,50,0.7646990657938841,0.033625697307936776
37,1576119600,39,86,47,125,50,4.446944248852333,-1.1670041052076037
37,1576134000,219,38,0,257,50,-0.36043140680730845,-0.659045342604875
37,1576148400,687,195,0,882,50,-0.36043140680730845,1.7460624348701659
37,1576162800,357,132,0,489,50,-0.36043140680730845,0.23373066439386017
37,1576177200,489,324,0,813,50,-0.36043140680730845,1.4805385362369214
37,1576191600,188,165,0,353,50,-0.36043140680730845,-0.28962078798470875
37,1576206000,43,79,36,122,50,3.32181377625114,-1.178548622539484
37,1576220400,202,33,0,235,50,-0.36043140680730845,-0.7437051363719964
37,1576234800,714,215,0,929,50,-0.36043140680730845,1.926926539736289
37,1576249200,381,198,0,579,50,-0.36043140680730845,0.580066184350266
37,1576263600,419,311,0,730,50,-0.36043140680730845,1.161140223388236
37,1576278000,201,176,0,377,50,-0.36043140680730845,-0.19726464932966717
37,1576292400,49,72,23,121,50,1.9921141268133669,-1.182396794983444
37,1576306800,81,19,0,100,50,-0.36043140680730845,-1.2632084163066053
37,1576321200,314,98,0,412,50,-0.36043140680730845,-0.06257861379106486
37,1576335600,355,149,0,504,50,-0.36043140680730845,0.29145325105326114
37,1576350000,324,159,0,483,50,-0.36043140680730845,0.21064162973009978
37,1576364400,202,130,0,332,50,-0.36043140680730845,-0.3704324093078701
37,1576378800,62,67,5,129,50,0.15099153528414275,-1.1516114154317634
37,1576393200,57,19,0,76,50,-0.36043140680730845,-1.3555645549616469
37,1576407600,239,72,0,311,50,-0.36043140680730845,-0.45124403063103147
37,1576422000,273,152,0,425,50,-0.36043140680730845,-0.012552372019584012
37,1576436400,274,157,0,431,50,-0.36043140680730845,0.01053666264417638
37,1576450800,134,125,0,259,50,-0.36043140680730845,-0.6513489977169549
37,1576465200,45,30,0,75,50,-0.36043140680730845,-1.359412727405607
37,1576479600,200,30,0,230,50,-0.36043140680730845,-0.7629459985917968
37,1576494000,653,178,0,831,50,-0.36043140680730845,1.5498056402282026
37,1576508400,333,126,0,459,50,-0.36043140680730845,0.11828549107505822
37,1576522800,428,329,0,757,50,-0.36043140680730845,1.2650408793751577
37,1576537200,172,154,0,326,50,-0.36043140680730845,-0.39352144397163047
37,1576551600,41,62,21,103,51,2.6466263735363644,-1.3355980500817708
37,1576566000,208,30,0,238,51,-0.3849638361507439,-0.7549477706795594
37,1576580400,674,161,0,835,51,-0.3849638361507439,1.812816798232442
37,1576594800,302,117,0,419,51,-0.3849638361507439,0.023553715037479498
37,1576609200,434,300,0,734,51,-0.3849638361507439,1.3784043669759727
37,1576623600,167,150,0,317,51,-0.3849638361507439,-0.4151598293997469
37,1576638000,72,80,8,152,51,0.769927672301488,-1.1248435042246718
37,1576652400,219,33,0,252,51,-0.3849638361507439,-0.6947321861489598
37,1576666800,665,175,0,840,51,-0.3849638361507439,1.8343223641362276
37,1576681200,409,152,0,561,51,-0.3849638361507439,0.6343117867049908
37,1576695600,407,334,0,741,51,-0.3849638361507439,1.4085121592412726
37,1576710000,164,162,0,326,51,-0.3849638361507439,-0.37644981077293277
37,1576724400,42,61,19,103,51,2.3579034964233063,-1.3355980500817708
37,1576738800,191,36,0,227,51,-0.3849638361507439,-0.8022600156678878
37,1576753200,627,172,0,799,51,-0.3849638361507439,1.6579767237251857
37,1576767600,318,126,0,444,51,-0.3849638361507439,0.13108154455640753
37,1576782000,404,308,0,712,51,-0.3849638361507439,1.283779876999316
37,1576796400,186,150,0,336,51,-0.3849638361507439,-0.33343867896536156
37,1576810800,42,68,26,110,51,3.3684335663190095,-1.305490257816471
37,1576825200,189,34,0,223,51,-0.3849638361507439,-0.8194644683909164
37,1576839600,620,190,0,810,51,-0.3849638361507439,1.705288968713514
37,1576854000,357,137,0,494,51,-0.3849638361507439,0.3461372035942636
37,1576868400,490,264,0,754,51,-0.3849638361507439,1.464426630591115
37,1576882800,239,153,0,392,51,-0.3849638361507439,-0.09257634084296278
37,1576897200,56,80,24,136,51,3.0797106892059514,-1.1936613151167859
37,1576911600,95,21,0,116,51,-0.3849638361507439,-1.2796835787319283
37,1576926000,353,86,0,439,51,-0.3849638361507439,0.10957597865262193
37,1576940400,355,132,0,487,51,-0.3849638361507439,0.3160294113289637
37,1576954800,304,177,0,481,51,-0.3849638361507439,0.290222732244421
37,1576969200,178,124,0,302,51,-0.3849638361507439,-0.4796765271111037
37,1576983600,54,68,14,122,51,1.6360963036406617,-1.2538768996473855
37,1576998000,67,13,0,80,51,-0.3849638361507439,-1.4345236532391847
37,1577012400,225,73,0,298,51,-0.3849638361507439,-0.4968809798341322
37,1577026800,294,146,0,440,51,-0.3849638361507439,0.11387709183337905
37,1577041200,293,161,0,454,51,-0.3849638361507439,0.17409267636397874
37,1577055600,163,79,0,242,51,-0.3849638361507439,-0.737743317956531
37,1577070000,167,85,0,252,51,-0.3849638361507439,-0.6947321861489598
37,1577084400,253,54,0,307,51,-0.3849638361507439,-0.4581709612073181
37,1577098800,612,108,0,720,51,-0.3849638361507439,1.318188782445373
37,1577113200,368,146,0,514,51,-0.3849638361507439,0.432159467209406
37,1577127600,424,275,0,699,51,-0.3849638361507439,1.2278654056494736
37,1577142000,218,139,0,357,51,-0.3849638361507439,-0.24311530216946203
37,1577156400,56,70,14,126,52,2.5457095524405133,-1.071191920385222
37,1577170800,158,28,0,186,52,-0.3736024257847852,-0.7314306064304379
37,1577185200,379,122,0,501,52,-0.3736024257847852,1.0523162918321782
37,1577199600,316,136,0,452,52,-0.3736024257847852,0.774844552102438
37,1577214000,309,182,0,491,52,-0.3736024257847852,0.9956894061730476
37,1577228400,161,88,0,249,52,-0.3736024257847852,-0.3746812267779147
37,1577242800,52,47,0,99,52,-0.3736024257847852,-1.2240845116648749
37,1577257200,55,8,0,63,52,-0.3736024257847852,-1.4279413000377452
37,1577271600,138,33,0,171,52,-0.3736024257847852,-0.8163709349191339
37,1577286000,182,74,0,256,52,-0.3736024257847852,-0.33504240681652325
37,1577300400,201,96,0,297,52,-0.3736024257847852,-0.1028721756140875
37,1577314800,137,76,0,213,52,-0.3736024257847852,-0.5785380151507852
37,1577329200,31,48,17,79,52,3.171276404917363,-1.3373382829831362
37,1577343600,131,25,0,156,52,-0.3736024257847852,-0.90131126340783
37,1577358000,431,88,0,519,52,-0.3736024257847852,1.1542446860186135
37,1577372400,301,103,0,404,52,-0.3736024257847852,0.5030355009386107
37,1577386800,359,246,0,605,52,-0.3736024257847852,1.6412359026871373
37,1577401200,198,155,0,353,52,-0.3736024257847852,0.21423838407704426
37,1577415600,56,68,12,124,52,2.1286649841226133,-1.082517297517048
37,1577430000,161,30,0,191,52,-0.3736024257847852,-0.7031171636008726
37,1577444400,449,120,0,569,52,-0.3736024257847852,1.4373791143142667
37,1577458800,325,138,0,463,52,-0.3736024257847852,0.8371341263274816
37,1577473200,379,262,0,641,52,-0.3736024257847852,1.8450926910600076
37,1577487600,204,152,0,356,52,-0.3736024257847852,0.23122644977478346
