remote_unit_id,time_stamp,entries,exits,num_people_exited,sum_exit_entry,week_num,z_score_num_people_exited,z_score_sum_exit_entry
343,1546300800,0,0,0,0,1,-0.34320348198140704,-1.0744262992250806
343,1546315200,123,27,0,150,1,-0.34320348198140704,-0.5166736883880662
343,1546329600,21,15,0,36,1,-0.34320348198140704,-0.9405656726241972
343,1546344000,46,35,0,81,1,-0.34320348198140704,-0.7732398893730928
343,1546358400,132,52,0,184,1,-0.34320348198140704,-0.39024976326500954
343,1546372800,130,53,0,183,1,-0.34320348198140704,-0.39396811400392295
343,1546387200,69,26,0,95,1,-0.34320348198140704,-0.7211829790283049
343,1546401600,18,8,0,26,1,-0.34320348198140704,-0.9777491800133314
343,1546416000,65,75,10,140,1,1.687014298753677,-0.5538571957772005
343,1546430400,286,239,0,525,1,-0.34320348198140704,0.8777078387044701
343,1546444800,370,124,0,494,1,-0.34320348198140704,0.7624389657981537
343,1546459200,669,139,0,808,1,-0.34320348198140704,1.9300010978169708
343,1546473600,136,53,0,189,1,-0.34320348198140704,-0.37165800957044237
343,1546488000,35,7,0,42,1,-0.34320348198140704,-0.9182555681907166
343,1546502400,67,87,20,154,1,3.717232079488761,-0.5018002854324124
343,1546516800,319,263,0,582,1,-0.34320348198140704,1.0896538308225356
343,1546531200,368,169,0,537,1,-0.34320348198140704,0.9223280475714313
343,1546545600,775,221,0,996,1,-0.34320348198140704,2.6290510367326956
343,1546560000,171,44,0,215,1,-0.34320348198140704,-0.2749808903586932
343,1546574400,28,10,0,38,1,-0.34320348198140704,-0.9331289711463703
343,1546588800,61,84,23,145,1,4.326297413709286,-0.5352654420826333
343,1546603200,319,246,0,565,1,-0.34320348198140704,1.0264418682610073
343,1546617600,387,153,0,540,1,-0.34320348198140704,0.9334830997881716
343,1546632000,664,205,0,869,1,-0.34320348198140704,2.1568204928906898
343,1546646400,160,70,0,230,1,-0.34320348198140704,-0.21920562927499176
343,1546660800,43,17,0,60,1,-0.34320348198140704,-0.8513252548902749
343,1546675200,15,22,7,37,1,1.0779489645331517,-0.9368473218852837
343,1546689600,89,94,5,183,1,0.6719054083861349,-0.39396811400392295
343,1546704000,220,104,0,324,1,-0.34320348198140704,0.13031934018287064
343,1546718400,207,91,0,298,1,-0.34320348198140704,0.03364222097112147
343,1546732800,119,90,0,209,1,-0.34320348198140704,-0.2972909947921738
343,1546747200,32,12,0,44,1,-0.34320348198140704,-0.9108188667128897
343,1546761600,17,11,0,28,1,-0.34320348198140704,-0.9703124785355046
343,1546776000,76,69,0,145,1,-0.34320348198140704,-0.5352654420826333
343,1546790400,187,118,0,305,1,-0.34320348198140704,0.059670676143515476
343,1546804800,160,100,0,260,1,-0.34320348198140704,-0.10765510710758887
343,1546819200,68,27,0,95,1,-0.34320348198140704,-0.7211829790283049
343,1546833600,10,4,0,14,1,-0.34320348198140704,-1.0223693888802927
343,1546848000,89,95,6,184,1,0.8749271864596433,-0.39024976326500954
343,1546862400,341,329,0,670,1,-0.34320348198140704,1.4168686958469174
343,1546876800,391,157,0,548,1,-0.34320348198140704,0.963229905699479
343,1546891200,761,147,0,908,1,-0.34320348198140704,2.3018361717083136
343,1546905600,191,27,0,218,2,-0.3927922024247863,-0.4897310892136432
343,1546920000,26,5,0,31,2,-0.3927922024247863,-1.066308510092665
343,1546934400,90,100,10,190,2,2.2258224804071225,-0.5760635372596999
343,1546948800,342,274,0,616,2,-0.3927922024247863,0.7374229937267347
343,1546963200,393,159,0,552,2,-0.3927922024247863,0.5400916839071764
343,1546977600,830,179,0,1009,2,-0.3927922024247863,1.9491605680874597
343,1546992000,209,53,0,262,2,-0.3927922024247863,-0.3540658137126969
343,1547006400,26,6,0,32,2,-0.3927922024247863,-1.0632252083767344
343,1547020800,85,87,2,172,2,0.13093073414159542,-0.6315629681464507
343,1547035200,350,286,0,636,2,-0.3927922024247863,0.7990890280453466
343,1547049600,402,177,0,579,2,-0.3927922024247863,0.6233408302373026
343,1547064000,896,231,0,1127,2,-0.3927922024247863,2.31299017056727
343,1547078400,218,49,0,267,2,-0.3927922024247863,-0.3386493051330439
343,1547092800,32,8,0,40,2,-0.3927922024247863,-1.0385587946492896
343,1547107200,83,94,11,177,2,2.487683948690313,-0.6161464595667977
343,1547121600,374,302,0,676,2,-0.3927922024247863,0.9224210966825706
343,1547136000,445,159,0,604,2,-0.3927922024247863,0.7004233731355675
343,1547150400,874,227,0,1101,2,-0.3927922024247863,2.2328243259530747
343,1547164800,194,49,0,243,2,-0.3927922024247863,-0.4126485463153783
343,1547179200,26,9,0,35,2,-0.3927922024247863,-1.0539753032289425
343,1547193600,88,93,5,181,2,0.916515138991168,-0.6038132527030753
343,1547208000,331,287,0,618,2,-0.3927922024247863,0.7435895971585958
343,1547222400,472,189,0,661,2,-0.3927922024247863,0.8761715709436115
343,1547236800,785,213,0,998,2,-0.3927922024247863,1.9152442492122232
343,1547251200,212,74,0,286,2,-0.3927922024247863,-0.28006657253036255
343,1547265600,50,12,0,62,2,-0.3927922024247863,-0.9707261568988165
343,1547280000,18,24,6,42,2,1.178376607274359,-1.0323921912174283
343,1547294400,109,123,14,232,2,3.2732683535398857,-0.44656486519061483
343,1547308800,258,110,0,368,2,-0.3927922024247863,-0.027235831824053557
343,1547323200,242,97,0,339,2,-0.3927922024247863,-0.11665158158604089
343,1547337600,110,41,0,151,2,-0.3927922024247863,-0.6963123041809932
343,1547352000,39,11,0,50,2,-0.3927922024247863,-1.0077257774899837
343,1547366400,19,13,0,32,2,-0.3927922024247863,-1.0632252083767344
343,1547380800,90,52,0,142,2,-0.3927922024247863,-0.7240620196243687
343,1547395200,174,122,0,296,2,-0.3927922024247863,-0.2492335553710566
343,1547409600,175,68,0,243,2,-0.3927922024247863,-0.4126485463153783
343,1547424000,80,17,0,97,2,-0.3927922024247863,-0.8628105968412455
343,1547438400,14,3,0,17,2,-0.3927922024247863,-1.1094747341156934
343,1547452800,88,103,15,191,2,3.5351298218230767,-0.5729802355437693
343,1547467200,339,326,0,665,2,-0.3927922024247863,0.888504777807334
343,1547481600,393,173,0,566,2,-0.3927922024247863,0.5832579079302048
343,1547496000,836,187,0,1023,2,-0.3927922024247863,1.9923267921104881
343,1547510400,210,35,0,245,3,-0.27400474066552943,-0.3097069047897682
343,1547524800,26,6,0,32,3,-0.27400474066552943,-1.0271170472675688
343,1547539200,78,119,41,197,3,5.623947302159992,-0.47137679605237115
343,1547553600,361,337,0,698,3,-0.27400474066552943,1.2160526940010472
343,1547568000,395,163,0,558,3,-0.27400474066552943,0.7445155111517886
343,1547582400,872,206,0,1078,3,-0.27400474066552943,2.4959393331633204
343,1547596800,236,41,0,277,3,-0.27400474066552943,-0.20192697728136622
343,1547611200,32,8,0,40,3,-0.27400474066552943,-1.0001720653904682
343,1547625600,92,104,12,196,3,1.4522251255273062,-0.4747449187870087
343,1547640000,356,294,0,650,3,-0.27400474066552943,1.0543828027384443
343,1547654400,444,221,0,665,3,-0.27400474066552943,1.1049046437580077
343,1547668800,851,184,0,1035,3,-0.27400474066552943,2.3511100555739053
343,1547683200,238,43,0,281,3,-0.27400474066552943,-0.18845448634281597
343,1547697600,35,5,0,40,3,-0.27400474066552943,-1.0001720653904682
343,1547712000,78,95,17,173,3,2.171487569774321,-0.5522117416836726
343,1547726400,350,328,0,678,3,-0.27400474066552943,1.148690239308296
343,1547740800,433,146,0,579,3,-0.27400474066552943,0.8152460885791774
343,1547755200,836,249,0,1085,3,-0.27400474066552943,2.5195161923057836
343,1547769600,240,61,0,301,3,-0.27400474066552943,-0.12109203165006475
343,1547784000,32,5,0,37,3,-0.27400474066552943,-1.010276433594381
343,1547798400,85,93,8,178,3,0.8768151701296942,-0.5353711280104848
343,1547812800,355,286,0,641,3,-0.27400474066552943,1.0240696981267061
343,1547827200,406,155,0,561,3,-0.27400474066552943,0.7546198793557013
343,1547841600,642,167,0,809,3,-0.27400474066552943,1.5899143175458166
343,1547856000,165,59,0,224,3,-0.27400474066552943,-0.380437482217157
343,1547870400,47,11,0,58,3,-0.27400474066552943,-0.9395458561669922
343,1547884800,26,21,0,47,3,-0.27400474066552943,-0.9765952062480053
343,1547899200,125,86,0,211,3,-0.27400474066552943,-0.4242230777674453
343,1547913600,259,97,0,356,3,-0.27400474066552943,0.06415471875500113
343,1547928000,222,90,0,312,3,-0.27400474066552943,-0.08404268156905158
343,1547942400,115,34,0,149,3,-0.27400474066552943,-0.6330466873149742
343,1547956800,36,8,0,44,3,-0.27400474066552943,-0.986699574451918
343,1547971200,19,11,0,30,3,-0.27400474066552943,-1.033853292736844
343,1547985600,58,50,0,108,3,-0.27400474066552943,-0.7711397194351142
343,1548000000,176,121,0,297,3,-0.27400474066552943,-0.13456452258861498
343,1548014400,172,75,0,247,3,-0.27400474066552943,-0.30297065932049305
343,1548028800,88,25,0,113,3,-0.27400474066552943,-0.7542991057619263
343,1548043200,14,9,0,23,3,-0.27400474066552943,-1.0574301518793068
343,1548057600,23,25,2,48,3,0.01370023703327649,-0.9732270835133678
343,1548072000,135,99,0,234,3,-0.27400474066552943,-0.3467562548707814
343,1548086400,199,97,0,296,3,-0.27400474066552943,-0.13793264532325256
343,1548100800,232,89,0,321,3,-0.27400474066552943,-0.05372957695731352
343,1548115200,92,15,0,107,4,-0.36723749944827455,-0.85755443477568
343,1548129600,16,5,0,21,4,-0.36723749944827455,-1.119144386503554
343,1548144000,78,118,40,196,4,4.378600954960196,-0.5868392521735778
343,1548158400,353,347,0,700,4,-0.36723749944827455,0.9461995346967534
343,1548172800,433,165,0,598,4,-0.36723749944827455,0.635941684972996
343,1548187200,827,188,0,1015,4,-0.36723749944827455,1.9043487764907105
343,1548201600,259,29,0,288,4,-0.36723749944827455,-0.30699883869724753
343,1548216000,33,8,0,41,4,-0.36723749944827455,-1.0583095140086995
343,1548230400,86,99,13,185,4,1.1751599982344785,-0.6202984320457477
343,1548244800,366,315,0,681,4,-0.36723749944827455,0.8884064058266418
343,1548259200,440,217,0,657,4,-0.36723749944827455,0.8154045588328165
343,1548273600,872,201,0,1073,4,-0.36723749944827455,2.0807699067257883
343,1548288000,245,49,0,294,4,-0.36723749944827455,-0.2887483769487912
343,1548302400,34,7,0,41,4,-0.36723749944827455,-1.0583095140086995
343,1548316800,88,112,24,200,4,2.480265573196808,-0.5746722776746069
343,1548331200,349,375,26,724,4,2.7175574959172315,1.0192013816905787
343,1548345600,404,188,0,592,4,-0.36723749944827455,0.6176912232245396
343,1548360000,907,207,0,1114,4,-0.36723749944827455,2.20548139534024
343,1548374400,290,67,0,357,4,-0.36723749944827455,-0.09711852858999978
343,1548388800,38,6,0,44,4,-0.36723749944827455,-1.0491842831344713
343,1548403200,90,87,0,177,4,-0.36723749944827455,-0.6446323810436896
343,1548417600,392,264,0,656,4,-0.36723749944827455,0.8123628152080737
343,1548432000,443,211,0,654,4,-0.36723749944827455,0.8062793279585884
343,1548446400,775,231,0,1006,4,-0.36723749944827455,1.876973083868026
343,1548460800,240,63,0,303,4,-0.36723749944827455,-0.2613726843261067
343,1548475200,51,13,0,64,4,-0.36723749944827455,-0.988349410639617
343,1548489600,15,29,14,44,4,1.2938059595946902,-1.0491842831344713
343,1548504000,128,97,0,225,4,-0.36723749944827455,-0.4986286870560389
343,1548518400,260,108,0,368,4,-0.36723749944827455,-0.06365934871782986
343,1548532800,246,106,0,352,4,-0.36723749944827455,-0.11232724671371339
343,1548547200,112,61,0,173,4,-0.36723749944827455,-0.6567993555426604
343,1548561600,41,13,0,54,4,-0.36723749944827455,-1.018766846887044
343,1548576000,19,11,0,30,4,-0.36723749944827455,-1.0917686938808695
343,1548590400,93,53,0,146,4,-0.36723749944827455,-0.7389264334107138
343,1548604800,206,103,0,309,4,-0.36723749944827455,-0.24312222257765037
343,1548619200,183,78,0,261,4,-0.36723749944827455,-0.389125916565301
343,1548633600,70,20,0,90,4,-0.36723749944827455,-0.9092640763963062
343,1548648000,15,9,0,24,4,-0.36723749944827455,-1.1100191556293257
343,1548662400,88,101,13,189,4,1.1751599982344785,-0.6081314575467769
343,1548676800,351,330,0,681,4,-0.36723749944827455,0.8884064058266418
343,1548691200,422,146,0,568,4,-0.36723749944827455,0.5446893762307143
343,1548705600,827,206,0,1033,4,-0.36723749944827455,1.9591001617360795
343,1548720000,207,36,0,243,5,-0.3203464137567618,-0.4259595339798385
343,1548734400,28,7,0,35,5,-0.3203464137567618,-1.078431202401773
343,1548748800,93,100,7,193,5,0.6536361169582412,-0.5828036850428036
343,1548763200,360,341,0,701,5,-0.3203464137567618,1.0107328897569212
343,1548777600,450,157,0,607,5,-0.3203464137567618,0.7158658857585469
343,1548792000,895,233,0,1128,5,-0.3203464137567618,2.350181939834642
343,1548806400,263,38,0,301,5,-0.3203464137567618,-0.24402031874679905
343,1548820800,22,7,0,29,5,-0.3203464137567618,-1.0972525005293288
343,1548835200,95,107,12,202,5,1.3493379246118147,-0.5545717378514698
343,1548849600,384,366,0,750,5,-0.3203464137567618,1.164440157798627
343,1548864000,471,224,0,695,5,-0.3203464137567618,0.9919115916293654
343,1548878400,909,197,0,1106,5,-0.3203464137567618,2.2811705133669378
343,1548892800,225,46,0,271,5,-0.3203464137567618,-0.33812680938457806
343,1548907200,32,5,0,37,5,-0.3203464137567618,-1.0721574363592543
343,1548921600,80,106,26,186,5,3.297302986041821,-0.6047618661916186
343,1548936000,316,354,38,670,5,4.966987324410397,0.9134895160978829
343,1548950400,378,165,0,543,5,-0.3203464137567618,0.5151053723979517
343,1548964800,798,218,0,1016,5,-0.3203464137567618,1.9988510414536007
343,1548979200,215,56,0,271,5,-0.3203464137567618,-0.33812680938457806
343,1548993600,37,12,0,49,5,-0.3203464137567618,-1.0345148401041429
343,1549008000,86,92,6,178,5,0.5144957554275265,-0.629856930361693
343,1549011180,84,81,0,165,5,-0.3203464137567618,-0.6706364096380639
343,1549022400,257,239,0,496,5,-0.3203464137567618,0.36767187039876453
343,1549036800,451,208,0,659,5,-0.3203464137567618,0.8789838028640306
343,1549051200,801,185,0,986,5,-0.3203464137567618,1.9047445508158216
343,1549065600,216,51,0,267,5,-0.3203464137567618,-0.35067434146961524
343,1549080000,57,8,0,65,5,-0.3203464137567618,-0.9843247117639939
343,1549094400,21,19,0,40,5,-0.3203464137567618,-1.0627467872954766
343,1549108800,124,96,0,220,5,-0.3203464137567618,-0.4981078434688024
343,1549123200,263,157,0,420,5,-0.3203464137567618,0.1292687607830577
343,1549137600,254,108,0,362,5,-0.3203464137567618,-0.05267045444998172
343,1549152000,113,53,0,166,5,-0.3203464137567618,-0.6674995266168046
343,1549166400,39,9,0,48,5,-0.3203464137567618,-1.037651723125402
343,1549180800,17,17,0,34,5,-0.3203464137567618,-1.0815680854230323
343,1549195200,94,65,0,159,5,-0.3203464137567618,-0.6894577077656198
343,1549209600,201,94,0,295,5,-0.3203464137567618,-0.26284161687435487
343,1549224000,188,95,0,283,5,-0.3203464137567618,-0.30048421312946644
343,1549238400,107,29,0,136,5,-0.3203464137567618,-0.7616060172545837
343,1549252800,14,4,0,18,5,-0.3203464137567618,-1.1317582137631812
343,1549267200,83,93,10,176,5,1.0710572015503852,-0.6361306964042116
343,1549281600,333,292,0,625,5,-0.3203464137567618,0.7723297801412143
343,1549296000,385,146,0,531,5,-0.3203464137567618,0.47746277614284005
343,1549310400,757,169,0,926,5,-0.3203464137567618,1.7165315695402636
343,1549324800,219,42,0,261,6,-0.3536848136896053,-0.441696944229659
343,1549339200,21,5,0,26,6,-0.3536848136896053,-1.1351196958674408
343,1549353600,75,107,32,182,6,5.514863206049031,-0.6748050181844877
343,1549368000,386,305,0,691,6,-0.3536848136896053,0.827119154511814
343,1549382400,471,163,0,634,6,-0.3536848136896053,0.658927253050735
343,1549396800,908,220,0,1128,6,-0.3536848136896053,2.116590399046753
343,1549411200,239,30,0,269,6,-0.3536848136896053,-0.4180910633228409
343,1549425600,27,5,0,32,6,-0.3536848136896053,-1.1174152851873271
343,1549440000,92,102,10,194,6,1.4802364424787184,-0.6393961968242606
343,1549454400,386,309,0,695,6,-0.3536848136896053,0.8389220949652231
343,1549468800,446,194,0,640,6,-0.3536848136896053,0.6766316637308486
343,1549483200,919,193,0,1112,6,-0.3536848136896053,2.069378637233117
343,1549497600,250,58,0,308,6,-0.3536848136896053,-0.30301239390210266
343,1549512000,36,3,0,39,6,-0.3536848136896053,-1.0967601393938613
343,1549526400,90,96,6,186,6,0.7466679400113889,-0.6630020777310787
343,1549540800,399,309,0,708,6,-0.3536848136896053,0.8772816514388024
343,1549555200,468,204,0,672,6,-0.3536848136896053,0.771055187358121
343,1549569600,859,254,0,1113,6,-0.3536848136896053,2.072329372346469
343,1549584000,305,48,0,353,6,-0.3536848136896053,-0.1702293138012508
343,1549598400,42,11,0,53,6,-0.3536848136896053,-1.0554498478069296
343,1549612800,99,105,6,204,6,0.7466679400113889,-0.609888845690738
343,1549627200,380,315,0,695,6,-0.3536848136896053,0.8389220949652231
343,1549641600,475,235,0,710,6,-0.3536848136896053,0.8831831216655069
343,1549656000,836,226,0,1062,6,-0.3536848136896053,1.9218418815655036
343,1549670400,206,88,0,294,6,-0.3536848136896053,-0.34432268548903433
343,1549684800,51,9,0,60,6,-0.3536848136896053,-1.0347947020134638
343,1549699200,22,28,6,50,6,0.7466679400113889,-1.0643020531469864
343,1549713600,134,123,0,257,6,-0.3536848136896053,-0.453499884683068
343,1549728000,272,147,0,419,6,-0.3536848136896053,0.024519203679998523
343,1549742400,279,115,0,394,6,-0.3536848136896053,-0.04924917415380804
343,1549756800,137,72,0,209,6,-0.3536848136896053,-0.5951351701239767
343,1549771200,50,12,0,62,6,-0.3536848136896053,-1.0288932317867592
343,1549785600,17,25,8,42,6,1.1134521912450537,-1.0879079340538045
343,1549800000,105,76,0,181,6,-0.3536848136896053,-0.67775575329784
343,1549814400,222,123,0,345,6,-0.3536848136896053,-0.19383519470806893
343,1549828800,197,84,0,281,6,-0.3536848136896053,-0.38268224196261375
343,1549843200,80,23,0,103,6,-0.3536848136896053,-0.9079130921393165
343,1549857600,16,5,0,21,6,-0.3536848136896053,-1.149873371434202
343,1549872000,95,98,3,193,6,0.1964915631608918,-0.6423469319376128
343,1549886400,365,375,10,740,6,1.4802364424787184,0.9717051750660749
343,1549900800,408,171,0,579,6,-0.3536848136896053,0.49663682181636054
343,1549915200,852,200,0,1052,6,-0.3536848136896053,1.892334530431981
343,1549929600,253,45,0,298,7,-0.3050041359322523,-0.20013432412889462
343,1549944000,34,28,0,62,7,-0.3050041359322523,-0.9777632621005149
343,1549958400,95,86,0,181,7,-0.3050041359322523,-0.5856537552419436
343,1549972800,362,332,0,694,7,-0.3050041359322523,1.1047006734845022
343,1549987200,424,156,0,580,7,-0.3050041359322523,0.7290663559897363
343,1550001600,759,182,0,941,7,-0.3050041359322523,1.9185750280564948
343,1550016000,193,39,0,232,7,-0.3050041359322523,-0.4176068237311274
343,1550030400,31,10,0,41,7,-0.3050041359322523,-1.0469590574284982
343,1550044800,82,108,26,190,7,3.9650537671192794,-0.5559984143870937
343,1550059200,437,332,0,769,7,-0.3050041359322523,1.3518285139415849
343,1550073600,473,211,0,684,7,-0.3050041359322523,1.071750294756891
343,1550088000,889,234,0,1123,7,-0.3050041359322523,2.5182719208990156
343,1550102400,265,64,0,329,7,-0.3050041359322523,-0.09798815007330043
343,1550116800,34,10,0,44,7,-0.3050041359322523,-1.0370739438102148
343,1550131200,93,94,1,187,7,-0.14077113966103952,-0.565883528005377
343,1550145600,372,299,0,671,7,-0.3050041359322523,1.0289148024109969
343,1550160000,467,201,0,668,7,-0.3050041359322523,1.0190296887927135
343,1550174400,905,199,0,1104,7,-0.3050041359322523,2.4556662013165544
343,1550188800,228,69,0,297,7,-0.3050041359322523,-0.2034293620016557
343,1550203200,43,11,0,54,7,-0.3050041359322523,-1.0041235650826037
343,1550217600,64,91,27,155,7,4.129286763390492,-0.6713247399337323
343,1550232000,377,281,0,658,7,-0.3050041359322523,0.9860793100651024
343,1550246400,514,151,0,665,7,-0.3050041359322523,1.0091445751744301
343,1550260800,695,173,0,868,7,-0.3050041359322523,1.678037263344934
343,1550275200,200,39,0,239,7,-0.3050041359322523,-0.3945415586217997
343,1550289600,54,11,0,65,7,-0.3050041359322523,-0.9678781484822316
343,1550304000,13,27,14,40,7,1.9942578118647263,-1.0502540953012591
343,1550318400,140,62,0,202,7,-0.3050041359322523,-0.5164579599139605
343,1550332800,241,99,0,340,7,-0.3050041359322523,-0.061742733472928295
343,1550347200,285,137,0,422,7,-0.3050041359322523,0.20845037209348213
343,1550361600,146,43,0,189,7,-0.3050041359322523,-0.5592934522598548
343,1550376000,55,14,0,69,7,-0.3050041359322523,-0.9546979969911872
343,1550390400,18,15,0,33,7,-0.3050041359322523,-1.0733193604105868
343,1550404800,98,58,0,156,7,-0.3050041359322523,-0.6680297020609712
343,1550419200,233,95,0,328,7,-0.3050041359322523,-0.10128318794606153
343,1550433600,211,95,0,306,7,-0.3050041359322523,-0.1737740211468058
343,1550448000,101,20,0,121,7,-0.3050041359322523,-0.7833560276076098
343,1550462400,20,4,0,24,7,-0.3050041359322523,-1.1029747012654367
343,1550476800,18,28,10,46,7,1.3373258267798753,-1.0304838680646926
343,1550491200,137,83,0,220,7,-0.3050041359322523,-0.45714727820426065
343,1550505600,267,111,0,378,7,-0.3050041359322523,0.06346870569199362
343,1550520000,311,83,0,394,7,-0.3050041359322523,0.11618931165617126
343,1550534400,108,30,0,138,8,-0.36103494592521934,-0.9557941831819871
343,1550548800,15,5,0,20,8,-0.36103494592521934,-1.2976493393794344
343,1550563200,103,86,0,189,8,-0.36103494592521934,-0.8080432258424124
343,1550577600,393,301,0,694,8,-0.36103494592521934,0.654980959578866
343,1550592000,466,137,0,603,8,-0.36103494592521934,0.39134689844354653
343,1550606400,812,184,0,996,8,-0.36103494592521934,1.5298983932367394
343,1550620800,229,38,0,267,8,-0.36103494592521934,-0.58207117344071
343,1550635200,33,7,0,40,8,-0.36103494592521934,-1.2397077874815619
343,1550649600,82,90,8,172,8,1.805174729626097,-0.857293544955604
343,1550664000,410,316,0,726,8,-0.36103494592521934,0.7476874426154619
343,1550678400,530,171,0,701,8,-0.36103494592521934,0.6752605027431213
343,1550692800,822,171,0,993,8,-0.36103494592521934,1.5212071604520585
343,1550707200,218,42,0,260,8,-0.36103494592521934,-0.6023507166049654
343,1550721600,35,4,0,39,8,-0.36103494592521934,-1.2426048650764556
343,1550736000,85,94,9,179,8,2.0759509390700117,-0.8370140017913487
343,1550750400,370,282,0,652,8,-0.36103494592521934,0.533303700593334
343,1550764800,493,221,0,714,8,-0.36103494592521934,0.7129225114767385
343,1550779200,865,209,0,1074,8,-0.36103494592521934,1.7558704456384417
343,1550793600,226,53,0,279,8,-0.36103494592521934,-0.5473062423019865
343,1550808000,38,10,0,48,8,-0.36103494592521934,-1.216531166722413
343,1550822400,70,85,15,155,8,3.7006081957334986,-0.9065438640687955
343,1550836800,387,265,0,652,8,-0.36103494592521934,0.533303700593334
343,1550851200,469,188,0,657,8,-0.36103494592521934,0.5477890885678021
343,1550865600,814,168,0,982,8,-0.36103494592521934,1.4893393069082286
343,1551484800,9297,4390,0,13687,9,-0.3184728858857938,4.113219287519674
343,1551499200,44,15,0,59,9,-0.3184728858857938,-0.3034352427985392
343,1551513600,18,24,6,42,9,1.244939463008103,-0.3089447179244131
343,1551528000,123,92,0,215,9,-0.3184728858857938,-0.2528777063493433
343,1551542400,245,135,0,380,9,-0.3184728858857938,-0.19940338895115536
343,1551556800,250,91,0,341,9,-0.3184728858857938,-0.21204277306345432
343,1551571200,124,37,0,161,9,-0.3184728858857938,-0.2703783920432957
343,1551585600,45,15,0,60,9,-0.3184728858857938,-0.3031111560264289
343,1551600000,17,16,0,33,9,-0.3184728858857938,-0.31186149887340514
343,1551614400,89,70,0,159,9,-0.3184728858857938,-0.27102656558751614
343,1551628800,187,98,0,285,9,-0.3184728858857938,-0.2301916323016272
343,1551643200,195,87,0,282,9,-0.3184728858857938,-0.2311638926179579
343,1551657600,93,18,0,111,9,-0.3184728858857938,-0.2865827306488072
343,1551672000,20,8,0,28,9,-0.3184728858857938,-0.3134819327339563
343,1551686400,61,77,16,138,9,3.8506267111645975,-0.277832387801831
343,1551700800,314,291,0,605,9,-0.3184728858857938,-0.12648386522635363
343,1551715200,348,140,0,488,9,-0.3184728858857938,-0.1644020175632505
343,1551729600,681,160,0,841,9,-0.3184728858857938,-0.04999938700833937
343,1551744000,177,34,0,211,10,-0.2530887849889159,-0.5652200439279876
343,1551758400,24,6,0,30,10,-0.2530887849889159,-1.1378713849708837
343,1551772800,101,109,8,210,10,0.5605798321717109,-0.5683838634917606
343,1551787200,370,320,0,690,10,-0.2530887849889159,0.9502495271192345
343,1551801600,457,215,0,672,10,-0.2530887849889159,0.8933007749713222
343,1551816000,875,198,0,1073,10,-0.2530887849889159,2.1619924200442573
343,1551830400,253,42,0,295,10,-0.2530887849889159,-0.2994592005710635
343,1551844800,29,7,0,36,10,-0.2530887849889159,-1.1188884675882462
343,1551859200,95,99,4,194,10,0.1537455235913975,-0.619004976512127
343,1551873600,386,329,0,715,10,-0.2530887849889159,1.0293450162135571
343,1551888000,458,172,0,630,10,-0.2530887849889159,0.7604203532928601
343,1551902400,862,189,0,1051,10,-0.2530887849889159,2.0923883896412536
343,1551916800,233,41,0,274,10,-0.2530887849889159,-0.3658994114102946
343,1551931200,37,12,0,49,10,-0.2530887849889159,-1.0777588132591984
343,1551945600,88,98,10,186,10,0.7639969864618676,-0.6443155330223104
343,1551946244,18,25,7,43,10,0.4588712550266326,-1.0967417306418359
343,1551960000,358,345,0,703,10,-0.2530887849889159,0.9913791814482823
343,1551974400,477,192,0,669,10,-0.2530887849889159,0.8838093162800035
343,1551988800,878,262,0,1140,10,-0.2530887849889159,2.3739683308170423
343,1552003200,258,63,0,321,10,-0.2530887849889159,-0.21719989191296796
343,1552017600,35,24,0,59,10,-0.2530887849889159,-1.0461206176214695
343,1552032000,84,99,15,183,10,1.2725398721872596,-0.653806991713629
343,1552046400,370,281,0,651,10,-0.2530887849889159,0.8268605641320911
343,1552060800,457,208,0,665,10,-0.2530887849889159,0.8711540380249118
343,1552075200,751,208,0,959,10,-0.2530887849889159,1.8013169897741461
343,1552089600,198,68,0,266,10,-0.2530887849889159,-0.3912099679204778
343,1552104000,64,16,0,80,10,-0.2530887849889159,-0.9796804067822384
343,1552118400,22,20,0,42,10,-0.2530887849889159,-1.0999055502056088
343,1552132800,118,78,0,196,10,-0.2530887849889159,-0.6126773373845813
343,1552147200,238,117,0,355,10,-0.2530887849889159,-0.10963002674468915
343,1552161600,279,131,0,410,10,-0.2530887849889159,0.06438004926282069
343,1552176000,140,63,0,203,10,-0.2530887849889159,-0.590530600438171
343,1552194000,56,19,0,75,10,-0.2530887849889159,-0.9954995046011029
343,1552208400,21,15,0,36,10,-0.2530887849889159,-1.1188884675882462
343,1552222800,100,163,63,263,10,6.154551575151021,-0.40070142661179653
343,1552237200,191,174,0,365,10,-0.2530887849889159,-0.07799183110696009
343,1552251600,146,102,0,248,10,-0.2530887849889159,-0.44815872006839014
343,1552266000,68,34,0,102,10,-0.2530887849889159,-0.9100763763792344
343,1552280400,15,15,0,30,10,-0.2530887849889159,-1.1378713849708837
343,1552294800,206,181,0,387,10,-0.2530887849889159,-0.008387800703956148
343,1552309200,338,206,0,544,10,-0.2530887849889159,0.48833187080839013
343,1552323600,495,146,0,641,10,-0.2530887849889159,0.795222368494362
343,1552338000,657,146,0,803,10,-0.2530887849889159,1.307761137825573
343,1552352400,129,31,0,160,11,-0.30158750624560854,-0.7461262564717813
343,1552366800,14,4,0,18,11,-0.30158750624560854,-1.2561431038755295
343,1552381200,211,211,0,422,11,-0.30158750624560854,0.1948907436675289
343,1552395600,337,233,0,570,11,-0.30158750624560854,0.7264575987080553
343,1552410000,491,180,0,671,11,-0.30158750624560854,1.08921606059382
343,1552424400,737,163,0,900,11,-0.30158750624560854,1.9117080187308508
343,1552438800,141,26,0,167,11,-0.30158750624560854,-0.7209845808955402
343,1552453200,13,6,0,19,11,-0.30158750624560854,-1.2525514359360665
343,1552467600,221,199,0,420,11,-0.30158750624560854,0.18770740778860284
343,1552482000,333,213,0,546,11,-0.30158750624560854,0.6402575681609429
343,1552496400,518,174,0,692,11,-0.30158750624560854,1.1646410873225432
343,1552510800,708,153,0,861,11,-0.30158750624560854,1.771632969091793
343,1552525200,139,30,0,169,11,-0.30158750624560854,-0.7138012450166142
343,1552539600,22,7,0,29,11,-0.30158750624560854,-1.2166347565414364
343,1552554000,208,206,0,414,11,-0.30158750624560854,0.16615740015182476
343,1552568400,342,191,0,533,11,-0.30158750624560854,0.5935658849479237
343,1552582800,522,171,0,693,11,-0.30158750624560854,1.1682327552620062
343,1552597200,743,198,0,941,11,-0.30158750624560854,2.0589664042488343
343,1552611600,174,31,0,205,11,-0.30158750624560854,-0.5845011991959456
343,1552626000,19,11,0,30,11,-0.30158750624560854,-1.2130430886019734
343,1552640400,188,198,10,386,11,0.860492793049397,0.06559069784686031
343,1552654800,318,210,0,528,11,-0.30158750624560854,0.5756075452506086
343,1552669200,520,172,0,692,11,-0.30158750624560854,1.1646410873225432
343,1552683600,618,165,0,783,11,-0.30158750624560854,1.4914828698136777
343,1552698000,148,43,0,191,11,-0.30158750624560854,-0.6347845503484278
343,1552712400,22,10,0,32,11,-0.30158750624560854,-1.2058597527230475
343,1552726800,31,79,48,110,11,5.276397930370417,-0.9257096534449322
343,1552741200,142,139,0,281,11,-0.30158750624560854,-0.3115344357967564
343,1552755600,222,138,0,360,11,-0.30158750624560854,-0.02779266857917811
343,1552770000,181,94,0,275,11,-0.30158750624560854,-0.3330844434335345
343,1552784400,88,32,0,120,11,-0.30158750624560854,-0.889792974050302
343,1552798800,25,7,0,32,11,-0.30158750624560854,-1.2058597527230475
343,1552813200,29,42,13,71,11,1.2091168828378986,-1.0657847030839898
343,1552827600,99,111,12,210,11,1.092908852908398,-0.5665428594986305
343,1552842000,154,107,0,261,11,-0.30158750624560854,-0.3833677945860167
343,1552856400,144,53,0,197,11,-0.30158750624560854,-0.6132345427116498
343,1552870800,54,21,0,75,11,-0.30158750624560854,-1.0514180313261376
343,1552885200,10,10,0,20,11,-0.30158750624560854,-1.2489597679966036
343,1552899600,176,202,26,378,11,2.7198212719214054,0.03685735433115618
343,1552914000,311,244,0,555,11,-0.30158750624560854,0.67258257961611
343,1552928400,465,130,0,595,11,-0.30158750624560854,0.8162492971946307
343,1552942800,696,137,0,833,11,-0.30158750624560854,1.6710662667868286
343,1552957200,207,38,0,245,12,-0.42246126816064655,-0.49007204592559456
343,1552971600,15,6,0,21,12,-0.42246126816064655,-1.3181248131791856
343,1552986000,195,215,20,410,12,0.9970085928591258,0.11987753709602375
343,1553000400,327,240,0,567,12,-0.42246126816064655,0.7002538070014424
343,1553014800,506,128,0,634,12,-0.42246126816064655,0.9479303043496147
343,1553029200,709,178,0,887,12,-0.42246126816064655,1.8831863316494295
343,1553043600,244,37,0,281,12,-0.42246126816064655,-0.35699213690269604
343,1553058000,17,7,0,24,12,-0.42246126816064655,-1.3070348207606106
343,1553072400,162,215,53,377,12,3.3391338635417505,-0.0021123795082999166
343,1553086800,319,248,0,567,12,-0.42246126816064655,0.7002538070014424
343,1553101200,515,160,0,675,12,-0.42246126816064655,1.099493534070138
343,1553115600,709,179,0,888,12,-0.42246126816064655,1.8868829957889544
343,1553130000,244,32,0,276,12,-0.42246126816064655,-0.3754754576003208
343,1553144400,25,12,0,37,12,-0.42246126816064655,-1.2589781869467862
343,1553158800,180,223,43,403,12,2.6293989330318643,0.09400088811934904
343,1553173200,309,239,0,548,12,-0.42246126816064655,0.6300171883504682
343,1553187600,528,169,0,697,12,-0.42246126816064655,1.1808201451396871
343,1553202000,769,208,0,977,12,-0.42246126816064655,2.215886104206676
343,1553216400,287,31,0,318,12,-0.42246126816064655,-0.22021556374027254
343,1553230800,21,12,0,33,12,-0.42246126816064655,-1.273764843504886
343,1553245200,145,186,41,331,12,2.487451946929887,-0.17215892992644805
343,1553259600,312,228,0,540,12,-0.42246126816064655,0.6004438752342685
343,1553274000,535,151,0,686,12,-0.42246126816064655,1.1401568396049127
343,1553288400,596,156,0,752,12,-0.42246126816064655,1.38413667281356
343,1553302800,184,38,0,222,12,-0.42246126816064655,-0.5750953211346687
343,1553317200,36,11,0,47,12,-0.42246126816064655,-1.2220115455515366
343,1553331600,32,81,49,113,12,3.055239891337796,-0.9780317123428892
343,1553346000,138,139,1,277,12,-0.3514877751096579,-0.3717787934607959
343,1553360400,215,130,0,345,12,-0.42246126816064655,-0.12040563197309863
343,1553374800,211,72,0,283,12,-0.42246126816064655,-0.3495988086236461
343,1553389200,111,37,0,148,12,-0.42246126816064655,-0.8486484674595156
343,1553403600,20,7,0,27,12,-0.42246126816064655,-1.2959448283420358
343,1553418000,28,49,21,77,12,1.0679820859101143,-1.111111621365788
343,1553432400,97,90,0,187,12,-0.42246126816064655,-0.7044785660180423
343,1553446800,176,93,0,269,12,-0.42246126816064655,-0.40135210657699555
343,1553461200,144,46,0,190,12,-0.42246126816064655,-0.6933885735994674
343,1553475600,85,31,0,116,12,-0.42246126816064655,-0.9669417199243143
343,1553490000,9,19,10,28,12,0.2872736623492396,-1.2922481642025108
343,1553504400,179,191,12,370,12,0.4292206484512169,-0.027989028484974632
343,1553518800,313,219,0,532,12,-0.42246126816064655,0.5708705621180689
343,1553533200,503,143,0,646,12,-0.42246126816064655,0.9922902740239142
343,1553547600,661,146,0,807,12,-0.42246126816064655,1.5874532004874327
343,1553562000,187,35,0,222,13,-0.3177444546511212,-0.5841268633606406
343,1553576400,17,7,0,24,13,-0.3177444546511212,-1.322588249147671
343,1553590800,200,215,15,415,13,2.065338955232288,0.1356865076337883
343,1553605200,353,215,0,568,13,-0.3177444546511212,0.7063157602874028
343,1553619600,400,175,0,575,13,-0.3177444546511212,0.7324229809970454
343,1553634000,722,135,0,857,13,-0.3177444546511212,1.784171015299786
343,1553648400,254,25,0,279,13,-0.3177444546511212,-0.3715394947249802
343,1553662800,16,7,0,23,13,-0.3177444546511212,-1.3263178521061916
343,1553677200,188,207,19,395,13,2.7008278645345305,0.06109444846338118
343,1553691600,335,244,0,579,13,-0.3177444546511212,0.7473413928311268
343,1553706000,506,157,0,663,13,-0.3177444546511212,1.0606280413468367
343,1553720400,745,169,0,914,13,-0.3177444546511212,1.9967583839354464
343,1553734800,255,49,0,304,13,-0.3177444546511212,-0.2782994207619713
343,1553749200,25,11,0,36,13,-0.3177444546511212,-1.2778330136454268
343,1553763600,179,212,33,391,13,4.92503904709238,0.046176036629299755
343,1553778000,337,207,0,544,13,-0.3177444546511212,0.6168052892829143
343,1553792400,512,187,0,699,13,-0.3177444546511212,1.1948937478535695
343,1553806800,724,158,0,882,13,-0.3177444546511212,1.8774110892627949
343,1553821200,278,39,0,317,13,-0.3177444546511212,-0.22981458230120663
343,1553835600,26,13,0,39,13,-0.3177444546511212,-1.2666442047698658
343,1553850000,167,164,0,331,13,-0.3177444546511212,-0.17760014088192164
343,1553864400,327,260,0,587,13,-0.3177444546511212,0.7771782164992896
343,1553878800,527,154,0,681,13,-0.3177444546511212,1.1277608946002031
343,1553893200,578,161,0,739,13,-0.3177444546511212,1.344077866194384
343,1553907600,182,51,0,233,13,-0.3177444546511212,-0.5431012308169166
343,1553922000,39,15,0,54,13,-0.3177444546511212,-1.2107001603920604
343,1553936400,39,38,0,77,13,-0.3177444546511212,-1.1249192923460922
343,1553950800,153,102,0,255,13,-0.3177444546511212,-0.46104996572946877
343,1553965200,269,105,0,374,13,-0.3177444546511212,-0.017227213665546307
343,1553979600,203,121,0,324,13,-0.3177444546511212,-0.20370736159156413
343,1553994000,127,34,0,161,13,-0.3177444546511212,-0.8116326438303822
343,1554008400,24,10,0,34,13,-0.3177444546511212,-1.2852922195624676
343,1554022800,24,36,12,60,13,1.5887222732556063,-1.1883225426409383
343,1554037200,108,71,0,179,13,-0.3177444546511212,-0.7444997905770159
343,1554051600,206,94,0,300,13,-0.3177444546511212,-0.2932178325960527
343,1554066000,152,63,0,215,13,-0.3177444546511212,-0.610234084070283
343,1554080400,56,28,0,84,13,-0.3177444546511212,-1.0988120716364498
343,1554094800,8,10,2,18,13,0.0,-1.3449658668987932
343,1554109200,212,215,3,427,13,0.1588722273255606,0.1804417431360326
343,1554123600,326,212,0,538,13,-0.3177444546511212,0.5944276715317922
343,1554138000,489,147,0,636,13,-0.3177444546511212,0.9599287614667872
343,1554152400,698,171,0,869,13,-0.3177444546511212,1.8289262508020303
343,1554166800,147,37,0,184,14,-0.15617376188860602,-0.7304702640472085
343,1554181200,9,5,0,14,14,-0.15617376188860602,-1.3031679345530907
343,1554195600,213,207,0,420,14,-0.15617376188860602,0.0645688550080162
343,1554210000,329,212,0,541,14,-0.15617376188860602,0.4721948440151441
343,1554224400,535,198,0,733,14,-0.15617376188860602,1.1190063307041405
343,1554238800,770,162,0,932,14,-0.15617376188860602,1.7893994861786735
343,1554253200,175,38,0,213,14,-0.15617376188860602,-0.6327747790785581
343,1554267600,14,6,0,20,14,-0.15617376188860602,-1.2829550755940595
343,1554282000,219,205,0,424,14,-0.15617376188860602,0.07804409431403696
343,1554296400,347,259,0,606,14,-0.15617376188860602,0.6911674827379815
343,1554310800,552,188,0,740,14,-0.15617376188860602,1.1425879994896768
343,1554325200,731,187,0,918,14,-0.15617376188860602,1.7422361486076008
343,1554339600,182,34,0,216,14,-0.15617376188860602,-0.6226683495990425
343,1554354000,22,9,0,31,14,-0.15617376188860602,-1.2458981675025025
343,1554368400,211,198,0,409,14,-0.15617376188860602,0.027511946916459112
343,1554382800,384,213,0,597,14,-0.15617376188860602,0.6608481942994348
343,1554397200,564,192,0,756,14,-0.15617376188860602,1.1964889567137598
343,1554411600,780,199,0,979,14,-0.15617376188860602,1.9477335480244173
343,1554426000,180,53,0,233,14,-0.15617376188860602,-0.5653985825484542
343,1554440400,17,8,0,25,14,-0.15617376188860602,-1.2661110264615336
343,1554454800,187,185,0,372,14,-0.15617376188860602,-0.0971340166642329
343,1554469200,378,215,0,593,14,-0.15617376188860602,0.647372954993414
343,1554483600,605,186,0,791,14,-0.15617376188860602,1.3143973006414416
343,1554498000,679,206,0,885,14,-0.15617376188860602,1.6310654243329292
343,1554512400,172,48,0,220,14,-0.15617376188860602,-0.6091931102930217
343,1554526800,19,8,0,27,14,-0.15617376188860602,-1.2593734068085232
343,1554541200,54,42,0,96,14,-0.15617376188860602,-1.0269255287796653
343,1554555600,155,140,0,295,14,-0.15617376188860602,-0.3565323733051325
343,1554570000,280,181,0,461,14,-0.15617376188860602,0.20269005789472896
343,1554584400,228,119,0,347,14,-0.15617376188860602,-0.18135426232686264
343,1554598800,166,78,0,244,14,-0.15617376188860602,-0.5283416744568972
343,1554613200,34,13,0,47,14,-0.15617376188860602,-1.1919972102784195
343,1554627600,21,31,10,52,14,6.403124237432848,-1.1751531611458936
343,1554642000,126,117,0,243,14,-0.15617376188860602,-0.5317104842834024
343,1554656400,213,83,0,296,14,-0.15617376188860602,-0.3531635634786273
343,1554670800,161,61,0,222,14,-0.15617376188860602,-0.6024554906400114
343,1554685200,67,27,0,94,14,-0.15617376188860602,-1.0336631484326755
343,1554699600,9,5,0,14,14,-0.15617376188860602,-1.3031679345530907
343,1554714000,216,210,0,426,14,-0.15617376188860602,0.08478171396704733
343,1554728400,328,214,0,542,14,-0.15617376188860602,0.47556365384164934
343,1554742800,492,164,0,656,14,-0.15617376188860602,0.859607974063241
343,1554757200,729,192,0,921,14,-0.15617376188860602,1.7523425780871162
343,1554771600,154,19,0,173,15,-0.24539811327437613,-0.8027135105653735
343,1554786000,15,6,0,21,15,-0.24539811327437613,-1.3170173093860624
343,1554800400,214,208,0,422,15,-0.24539811327437613,0.03979731776588664
343,1554814800,379,252,0,631,15,-0.24539811327437613,0.7469650411443339
343,1554829200,534,192,0,726,15,-0.24539811327437613,1.0684049154072646
343,1554843600,784,176,0,960,15,-0.24539811327437613,1.8601620793812201
343,1554858000,154,20,0,174,15,-0.24539811327437613,-0.7993299329415532
343,1554872400,17,11,0,28,15,-0.24539811327437613,-1.2933322660193203
343,1554886800,218,216,0,434,15,-0.24539811327437613,0.0804002492517305
343,1554901200,376,257,0,633,15,-0.24539811327437613,0.7537321963919745
343,1554915600,533,211,0,744,15,-0.24539811327437613,1.1293093126360303
343,1554930000,760,166,0,926,15,-0.24539811327437613,1.7451204401713292
343,1554944400,186,31,0,217,15,-0.24539811327437613,-0.6538360951172794
343,1554958800,18,7,0,25,15,-0.24539811327437613,-1.3034829988907812
343,1554973200,208,206,0,414,15,-0.24539811327437613,0.01272869677532406
343,1554987600,381,214,0,595,15,-0.24539811327437613,0.6251562466868024
343,1555002000,549,213,0,762,15,-0.24539811327437613,1.190213709864796
343,1555016400,758,209,0,967,15,-0.24539811327437613,1.8838471227479623
343,1555030800,184,37,0,221,15,-0.24539811327437613,-0.640301784621998
343,1555045200,17,7,0,24,15,-0.24539811327437613,-1.3068665765146015
343,1555059600,186,188,2,374,15,0.04907962265487521,-0.12261440817748882
343,1555074000,323,240,0,563,15,-0.24539811327437613,0.516881762724552
343,1555088400,556,196,0,752,15,-0.24539811327437613,1.156377933626593
343,1555102800,667,196,0,863,15,-0.24539811327437613,1.5319550498706487
343,1555117200,165,66,0,231,15,-0.24539811327437613,-0.6064660083837948
343,1555131600,26,6,0,32,15,-0.24539811327437613,-1.2797979555240389
343,1555146000,38,74,36,112,15,5.055201133452148,-1.009111745618413
343,1555160400,251,278,27,529,15,3.730051321770517,0.4018401235146611
343,1555174800,276,145,0,421,15,-0.24539811327437613,0.03641374014206631
343,1555189200,229,174,0,403,15,-0.24539811327437613,-0.024490657086699483
343,1555203600,131,52,0,183,15,-0.24539811327437613,-0.7688777343271703
343,1555218000,35,20,0,55,15,-0.24539811327437613,-1.2019756701761715
343,1555232400,28,25,0,53,15,-0.24539811327437613,-1.2087428254238122
343,1555246800,132,103,0,235,15,-0.24539811327437613,-0.5929316978885136
343,1555261200,235,120,0,355,15,-0.24539811327437613,-0.18690238303007495
343,1555275600,173,124,0,297,15,-0.24539811327437613,-0.3831498852116536
343,1555290000,86,23,0,109,15,-0.24539811327437613,-1.019262478489874
343,1555304400,2,7,5,9,15,0.49079622654875216,-1.3576202408719062
343,1555318800,208,197,0,405,15,-0.24539811327437613,-0.01772350183905884
343,1555333200,364,243,0,607,15,-0.24539811327437613,0.6657591781726462
343,1555347600,491,204,0,695,15,-0.24539811327437613,0.9635140090688346
343,1555362000,688,162,0,850,15,-0.24539811327437613,1.4879685407609844
343,1555376400,143,24,0,167,16,-0.23666843730382114,-0.688196823085468
343,1555390800,11,6,0,17,16,-0.23666843730382114,-1.197373568292567
343,1555405200,220,200,0,420,16,-0.23666843730382114,0.17061462049717238
343,1555419600,345,272,0,617,16,-0.23666843730382114,0.8393334125358292
343,1555434000,553,213,0,766,16,-0.23666843730382114,1.3451156461082143
343,1555448400,779,171,0,950,16,-0.23666843730382114,1.9697057868955892
343,1555462800,185,27,0,212,16,-0.23666843730382114,-0.5354437995233383
343,1555477200,30,11,0,41,16,-0.23666843730382114,-1.1159052890594312
343,1555491600,210,207,0,417,16,-0.23666843730382114,0.1604310855930304
343,1555506000,365,246,0,611,16,-0.23666843730382114,0.8189663427275452
343,1555520400,568,191,0,759,16,-0.23666843730382114,1.3213540646652162
343,1555534800,741,199,0,940,16,-0.23666843730382114,1.9357606705484494
343,1555549200,185,34,0,219,16,-0.23666843730382114,-0.5116822180803403
343,1555563600,19,6,0,25,16,-0.23666843730382114,-1.170217475214855
343,1555578000,190,192,2,382,16,1.0886748115975773,0.04162317837804063
343,1555592400,359,247,0,606,16,-0.23666843730382114,0.8019937845539752
343,1555606800,560,223,0,783,16,-0.23666843730382114,1.402822343898352
343,1555621200,779,257,0,1036,16,-0.23666843730382114,2.2616337874809926
343,1555635600,207,49,0,256,16,-0.23666843730382114,-0.3860852875959226
343,1555650000,24,11,0,35,16,-0.23666843730382114,-1.1362723588677153
343,1555664400,91,100,9,191,16,5.727376182752471,-0.6067285438523322
343,1555678800,292,195,0,487,16,-0.23666843730382114,0.39804690002300996
343,1555693200,516,182,0,698,16,-0.23666843730382114,1.1142888549476626
343,1555707600,367,153,0,520,16,-0.23666843730382114,0.5100657839685717
343,1555722000,142,35,0,177,16,-0.23666843730382114,-0.6542517067383281
343,1555736400,29,8,0,37,16,-0.23666843730382114,-1.1294833355982872
343,1555750800,26,30,4,56,16,2.4140180604989756,-1.0649876145387214
343,1555765200,142,105,0,247,16,-0.23666843730382114,-0.4166358923083485
343,1555779600,225,97,0,322,16,-0.23666843730382114,-0.162047519704799
343,1555794000,176,106,0,282,16,-0.23666843730382114,-0.2978279850933587
343,1555808400,99,31,0,130,16,-0.23666843730382114,-0.8137937535698858
343,1555822800,13,9,0,22,16,-0.23666843730382114,-1.1804010101189972
343,1555837200,22,18,0,40,16,-0.23666843730382114,-1.1192998006941453
343,1555851600,117,87,0,204,16,-0.23666843730382114,-0.5625998926010503
343,1555866000,154,74,0,228,16,-0.23666843730382114,-0.48113161336791443
343,1555880400,139,59,0,198,16,-0.23666843730382114,-0.5829669624093342
343,1555894800,78,23,0,101,16,-0.23666843730382114,-0.9122345909765917
343,1555909200,5,5,0,10,16,-0.23666843730382114,-1.2211351497355651
343,1555923600,169,163,0,332,16,-0.23666843730382114,-0.12810240335765907
343,1555938000,308,217,0,525,16,-0.23666843730382114,0.5270383421421417
343,1555952400,501,146,0,647,16,-0.23666843730382114,0.9411687615772489
343,1555966800,681,135,0,816,16,-0.23666843730382114,1.5148412278439138
343,1555981200,150,19,0,169,17,-0.18995387394524,-0.7765193527190409
343,1555995600,13,9,0,22,17,-0.18995387394524,-1.267329189296371
343,1556010000,195,191,0,386,17,-0.18995387394524,-0.051990546342982426
343,1556024400,322,222,0,544,17,-0.18995387394524,0.4755465569170049
343,1556038800,550,171,0,721,17,-0.18995387394524,1.0665216662652186
343,1556053200,757,206,0,963,17,-0.18995387394524,1.8745215332836802
343,1556067600,176,37,0,213,17,-0.18995387394524,-0.6296102859884116
343,1556082000,18,8,0,26,17,-0.18995387394524,-1.2539738195935866
343,1556096400,192,199,7,391,17,1.13972324367144,-0.03529633421450181
343,1556110800,338,254,0,592,17,-0.18995387394524,0.6358109933504188
343,1556125200,554,212,0,766,17,-0.18995387394524,1.2167695754215442
343,1556139600,745,158,0,903,17,-0.18995387394524,1.6741909877419128
343,1556154000,177,32,0,209,17,-0.18995387394524,-0.6429656556911961
343,1556168400,14,11,0,25,17,-0.18995387394524,-1.2573126620192825
343,1556182800,194,195,1,389,17,0.0,-0.041974019065894055
343,1556197200,385,240,0,625,17,-0.18995387394524,0.7459927933983909
343,1556211600,571,231,0,802,17,-0.18995387394524,1.3369679027466044
343,1556226000,802,222,0,1024,17,-0.18995387394524,2.0781909212511436
343,1556240400,200,30,0,230,17,-0.18995387394524,-0.5728499647515775
343,1556254800,16,6,0,22,17,-0.18995387394524,-1.267329189296371
343,1556269200,169,203,34,372,17,6.2684778401929195,-0.09873434030272814
343,1556283600,348,249,0,597,17,-0.18995387394524,0.6525052054788993
343,1556298000,560,221,0,781,17,-0.18995387394524,1.2668522118069858
343,1556312400,646,217,0,863,17,-0.18995387394524,1.540637290714068
343,1556326800,186,39,0,225,17,-0.18995387394524,-0.5895441768800581
343,1556341200,30,6,0,36,17,-0.18995387394524,-1.2205853953366252
343,1556355600,46,31,0,77,17,-0.18995387394524,-1.0836928558830843
343,1556370000,171,128,0,299,17,-0.18995387394524,-0.3424698373785451
343,1556384400,244,118,0,362,17,-0.18995387394524,-0.13212276455968935
343,1556398800,280,126,0,406,17,-0.18995387394524,0.014786302170940025
343,1556413200,148,67,0,215,17,-0.18995387394524,-0.6229326011370193
343,1556427600,24,5,0,29,17,-0.18995387394524,-1.243957292316498
343,1556442000,21,21,0,42,17,-0.18995387394524,-1.2005523407824485
343,1556456400,137,104,0,241,17,-0.18995387394524,-0.5361226980689202
343,1556470800,215,110,0,325,17,-0.18995387394524,-0.25565993431044587
343,1556485200,186,96,0,282,17,-0.18995387394524,-0.39923015861537914
343,1556499600,102,27,0,129,17,-0.18995387394524,-0.9100730497468859
343,1556514000,10,5,0,15,17,-0.18995387394524,-1.2907010862762438
343,1556528400,215,208,0,423,17,-0.18995387394524,0.07154662340777411
343,1556542800,327,245,0,572,17,-0.18995387394524,0.5690341448364963
343,1556557200,518,152,0,670,17,-0.18995387394524,0.8962407025547163
343,1556571600,719,164,0,883,17,-0.18995387394524,1.6074141392279904
343,1556586000,150,16,0,166,18,-0.223606797749979,-0.7422926404963545
343,1556600400,13,8,0,21,18,-0.223606797749979,-1.2173911355696914
343,1556614800,213,197,0,410,18,-0.223606797749979,0.057183447764984574
343,1556629200,354,282,0,636,18,-0.223606797749979,0.7976817918103233
343,1556643600,506,239,0,745,18,-0.223606797749979,1.154824798451659
343,1556658000,752,216,0,968,18,-0.223606797749979,1.8854935184609978
343,1556672400,176,23,0,199,18,-0.223606797749979,-0.6341667761003538
343,1556686800,20,6,0,26,18,-0.223606797749979,-1.2010084288430245
343,1556701200,211,203,0,414,18,-0.223606797749979,0.070289613146318
343,1556715600,337,260,0,597,18,-0.223606797749979,0.6698966793423223
343,1556730000,550,211,0,761,18,-0.223606797749979,1.207249459976993
343,1556744400,744,205,0,949,18,-0.223606797749979,1.823239232899664
343,1556758800,181,24,0,205,18,-0.223606797749979,-0.6145075280283536
343,1556773200,23,9,0,32,18,-0.223606797749979,-1.1813491807710244
343,1556787600,220,176,0,396,18,-0.223606797749979,0.011311868930317577
343,1556802000,327,249,0,576,18,-0.223606797749979,0.6010893110903218
343,1556816400,543,272,0,815,18,-0.223606797749979,1.384182692624994
343,1556830800,758,239,0,997,18,-0.223606797749979,1.980513217475665
343,1556845200,221,29,0,250,18,-0.223606797749979,-0.4670631674883525
343,1556859600,22,8,0,30,18,-0.223606797749979,-1.1879022634616911
343,1556874000,204,178,0,382,18,-0.223606797749979,-0.03455970990434942
343,1556888400,323,254,0,577,18,-0.223606797749979,0.6043658524356552
343,1556902800,537,196,0,733,18,-0.223606797749979,1.1155063023076588
343,1556917200,627,235,0,862,18,-0.223606797749979,1.538180135855662
343,1556931600,167,31,0,198,18,-0.223606797749979,-0.637443317445687
343,1556946000,31,20,0,51,18,-0.223606797749979,-1.1190948952096906
343,1556960400,30,41,11,71,18,4.47213595499958,-1.0535640683030234
343,1556974800,155,131,0,286,18,-0.223606797749979,-0.3491076790563517
343,1556989200,231,108,0,339,18,-0.223606797749979,-0.17545098775368376
343,1557003600,203,53,0,256,18,-0.223606797749979,-0.4474039194163524
343,1557018000,127,28,0,155,18,-0.223606797749979,-0.7783345952950215
343,1557032400,21,6,0,27,18,-0.223606797749979,-1.1977318874976912
343,1557046800,27,38,11,65,18,4.47213595499958,-1.0732233163750236
343,1557061200,138,119,0,257,18,-0.223606797749979,-0.44412737807101904
343,1557075600,173,98,0,271,18,-0.223606797749979,-0.398255799236352
343,1557090000,108,51,0,159,18,-0.223606797749979,-0.765228429913688
343,1557104400,64,16,0,80,18,-0.223606797749979,-1.0240751961950232
343,1557118800,9,6,0,15,18,-0.223606797749979,-1.2370503836416915
343,1557133200,213,165,0,378,18,-0.223606797749979,-0.04766587528568285
343,1557147600,316,264,0,580,18,-0.223606797749979,0.6141954764716553
343,1557162000,489,149,0,638,18,-0.223606797749979,0.80423487450099
343,1557176400,733,181,0,914,18,-0.223606797749979,1.7085602858129965
343,1557190800,138,27,0,165,19,-0.16227415034428927,-0.6625723489141138
343,1557205200,20,9,0,29,19,-0.16227415034428927,-1.0783268536924744
343,1557219600,211,161,0,372,19,-0.16227415034428927,-0.029769536494108823
343,1557234000,320,232,0,552,19,-0.16227415034428927,0.5204937786537216
343,1557248400,519,193,0,712,19,-0.16227415034428927,1.009616725451793
343,1557262800,748,174,0,922,19,-0.16227415034428927,1.651590593124262
343,1557277200,180,31,0,211,19,-0.16227415034428927,-0.5219495017096683
343,1557291600,17,6,0,23,19,-0.16227415034428927,-1.0966689641974021
343,1557306000,211,166,0,377,19,-0.16227415034428927,-0.014484444406669088
343,1557320400,313,248,0,561,19,-0.16227415034428927,0.5480069444111131
343,1557334800,519,204,0,723,19,-0.16227415034428927,1.0432439280441603
343,1557349200,689,233,0,922,19,-0.16227415034428927,1.651590593124262
343,1557363600,176,39,0,215,19,-0.16227415034428927,-0.5097214280397164
343,1557378000,24,6,0,30,19,-0.16227415034428927,-1.0752698352749865
343,1557392400,234,167,0,401,19,-0.16227415034428927,0.05888399761304163
343,1557406800,336,253,0,589,19,-0.16227415034428927,0.6336034601007756
343,1557421200,137,189,52,326,19,6.400813708024743,-0.17039238369855436
343,1557435600,1288,245,0,1533,19,-0.16227415034428927,3.519428846209397
343,1557450000,177,30,0,207,19,-0.16227415034428927,-0.53417757537962
343,1557464400,21,6,0,27,19,-0.16227415034428927,-1.0844408905274503
343,1557478800,182,153,0,335,19,-0.16227415034428927,-0.14287921794116284
343,1557493200,286,237,0,523,19,-0.16227415034428927,0.4318402445465711
343,1557507600,541,196,0,737,19,-0.16227415034428927,1.0860421858889917
343,1557522000,597,175,0,772,19,-0.16227415034428927,1.1930378305010698
343,1557536400,150,48,0,198,19,-0.16227415034428927,-0.5616907411370116
343,1557550800,30,5,0,35,19,-0.16227415034428927,-1.0599847431875469
343,1557565200,32,32,0,64,19,-0.16227415034428927,-0.9713312090803964
343,1557579600,135,113,0,248,19,-0.16227415034428927,-0.4088398202626142
343,1557594000,216,122,0,338,19,-0.16227415034428927,-0.133708162688699
343,1557608400,234,98,0,332,19,-0.16227415034428927,-0.15205027319362668
343,1557622800,113,41,0,154,19,-0.16227415034428927,-0.6961995515064812
343,1557637200,22,10,0,32,19,-0.16227415034428927,-1.0691557984400106
343,1557651600,24,25,1,49,19,-0.03606092229873096,-1.0171864853427155
343,1557666000,120,103,0,223,19,-0.16227415034428927,-0.48526528069981284
343,1557680400,186,68,0,254,19,-0.16227415034428927,-0.3904977097576865
343,1557694800,111,56,0,167,19,-0.16227415034428927,-0.6564583120791379
343,1557709200,62,23,0,85,19,-0.16227415034428927,-0.9071338223131494
343,1557723600,6,7,1,13,19,-0.03606092229873096,-1.1272391483722817
343,1557738000,208,182,0,390,19,-0.16227415034428927,0.025256795020674218
343,1557752400,355,201,0,556,19,-0.16227415034428927,0.5327218523236733
343,1557766800,483,203,0,686,19,-0.16227415034428927,0.9301342465971064
343,1557781200,759,186,0,945,19,-0.16227415034428927,1.7219020167264847
343,1557795600,155,41,0,196,20,-0.22003822449269084,-0.6614868838450508
343,1557810000,19,8,0,27,20,-0.22003822449269084,-1.2185863026314974
343,1557824400,217,184,0,401,20,-0.22003822449269084,0.014284600481703692
343,1557838800,366,248,0,614,20,-0.22003822449269084,0.7164276549285267
343,1557853200,548,189,0,737,20,-0.22003822449269084,1.1218905455245796
343,1557867600,790,202,0,992,20,-0.22003822449269084,1.9624843431017618
343,1557882000,147,27,0,174,20,-0.22003822449269084,-0.7340087016752391
343,1557896400,16,6,0,22,20,-0.22003822449269084,-1.2350685339565401
343,1557910800,231,191,0,422,20,-0.22003822449269084,0.08350997204688343
343,1557925200,368,190,0,558,20,-0.22003822449269084,0.5318266640880475
343,1557939600,604,195,0,799,20,-0.22003822449269084,1.3262702139551101
343,1557954000,759,215,0,974,20,-0.22003822449269084,1.9031483103316078
343,1557968400,175,45,0,220,20,-0.22003822449269084,-0.5823721734848455
343,1557982800,26,14,0,40,20,-0.22003822449269084,-1.175732501186386
343,1557997200,223,152,0,375,20,-0.22003822449269084,-0.07142300240851884
343,1558011600,340,227,0,567,20,-0.22003822449269084,0.5614946804731245
343,1558026000,570,212,0,782,20,-0.22003822449269084,1.2702306274499646
343,1558040400,756,245,0,1001,20,-0.22003822449269084,1.9921523594868389
343,1558054800,210,46,0,256,20,-0.22003822449269084,-0.4637001079445373
343,1558069200,20,9,0,29,20,-0.22003822449269084,-1.2119934101014802
343,1558083600,206,143,0,349,20,-0.22003822449269084,-0.15713060529874137
343,1558098000,347,218,0,565,20,-0.22003822449269084,0.5549017879431073
343,1558112400,554,211,0,765,20,-0.22003822449269084,1.2141910409448191
343,1558126800,613,224,0,837,20,-0.22003822449269084,1.4515351720254352
343,1558141200,170,31,0,201,20,-0.22003822449269084,-0.645004652520008
343,1558155600,27,6,0,33,20,-0.22003822449269084,-1.198807625041446
343,1558170000,33,40,7,73,20,3.5853287167338443,-1.0669497744411036
343,1558184400,173,108,0,281,20,-0.22003822449269084,-0.3812889513193234
343,1558198800,269,157,0,426,20,-0.22003822449269084,0.09669575710691766
343,1558213200,201,135,0,336,20,-0.22003822449269084,-0.19998440674385262
343,1558227600,134,40,0,174,20,-0.22003822449269084,-0.7340087016752391
343,1558242000,24,9,0,33,20,-0.22003822449269084,-1.198807625041446
343,1558256400,21,31,10,52,20,5.216200262973788,-1.1361751460062834
343,1558270800,100,95,0,195,20,-0.22003822449269084,-0.6647833301100594
343,1558285200,194,106,0,300,20,-0.22003822449269084,-0.3186564722841608
343,1558299600,162,99,0,261,20,-0.22003822449269084,-0.4472178766194945
343,1558314000,83,18,0,101,20,-0.22003822449269084,-0.974649279020864
343,1558328400,7,4,0,11,20,-0.22003822449269084,-1.2713294428716342
343,1558342800,196,174,0,370,20,-0.22003822449269084,-0.08790523373356163
343,1558357200,331,192,0,523,20,-0.22003822449269084,0.41645104481274786
343,1558371600,511,208,0,719,20,-0.22003822449269084,1.0625545127544254
343,1558386000,704,165,0,869,20,-0.22003822449269084,1.5570214525057091
343,1558400400,161,24,0,185,21,-0.1787615398022853,-0.4980892011727888
343,1558414800,14,10,0,24,21,-0.1787615398022853,-1.0712817093978395
343,1558429200,250,159,0,409,21,-0.1787615398022853,0.29939602766206425
343,1558443600,346,239,0,585,21,-0.1787615398022853,0.9259915646037344
343,1558458000,525,182,0,707,21,-0.1787615398022853,1.3603361981655742
343,1558472400,780,226,0,1006,21,-0.1787615398022853,2.4248365705835253
343,1558486800,170,30,0,200,21,-0.1787615398022853,-0.4446861724561692
343,1558501200,15,8,0,23,21,-0.1787615398022853,-1.0748419113122807
343,1558515600,231,176,0,407,21,-0.1787615398022853,0.2922756238331816
343,1558530000,313,219,0,532,21,-0.1787615398022853,0.7373008631383451
343,1558544400,506,222,0,728,21,-0.1787615398022853,1.4351004383688415
343,1558558800,726,225,0,951,21,-0.1787615398022853,2.2290254652892534
343,1558573200,176,47,0,223,21,-0.1787615398022853,-0.3628015284240191
343,1558587600,32,11,0,43,21,-0.1787615398022853,-1.0036378730234545
343,1558602000,227,162,0,389,21,-0.1787615398022853,0.22819198937323806
343,1558616400,350,245,0,595,21,-0.1787615398022853,0.9615935837481475
343,1558630800,582,199,0,781,21,-0.1787615398022853,1.6237911398342308
343,1558645200,685,163,0,848,21,-0.1787615398022853,1.8623246681017984
343,1558659600,157,39,0,196,21,-0.1787615398022853,-0.4589269801139344
343,1558674000,24,8,0,32,21,-0.1787615398022853,-1.042800094082309
343,1558688400,170,153,0,323,21,-0.1787615398022853,-0.006781336979888283
343,1558702800,289,182,0,471,21,-0.1787615398022853,0.5201285463574253
343,1558717200,596,245,0,841,21,-0.1787615398022853,1.8374032547007093
343,1558731600,419,116,0,535,21,-0.1787615398022853,0.747981468881669
343,1558746000,130,30,0,160,21,-0.1787615398022853,-0.5870942490338216
343,1558760400,35,10,0,45,21,-0.1787615398022853,-0.996517469194572
343,1558774800,27,22,0,49,21,-0.1787615398022853,-0.9822766615368067
343,1558789200,103,87,0,190,21,-0.1787615398022853,-0.4802881916005823
343,1558803600,184,107,0,291,21,-0.1787615398022853,-0.12070779824201014
343,1558818000,157,80,0,237,21,-0.1787615398022853,-0.3129587016218408
343,1558832400,100,30,0,130,21,-0.1787615398022853,-0.6939003064670608
343,1558846800,22,6,0,28,21,-0.1787615398022853,-1.0570409017400741
343,1558861200,19,18,0,37,21,-0.1787615398022853,-1.0249990845101025
343,1558875600,91,93,2,184,21,0.8223030830905124,-0.5016494030872302
343,1558890000,169,83,0,252,21,-0.1787615398022853,-0.2595556729052212
343,1558904400,135,82,0,217,21,-0.1787615398022853,-0.38416273991066696
343,1558918800,75,22,0,97,21,-0.1787615398022853,-0.8113869696436239
343,1558933200,9,5,0,14,21,-0.1787615398022853,-1.1068837285422526
343,1558947600,25,18,0,43,21,-0.1787615398022853,-1.0036378730234545
343,1558962000,77,90,13,167,21,6.328158509000899,-0.5621728356327323
343,1558976400,179,85,0,264,21,-0.1787615398022853,-0.21683324993192546
343,1558990800,129,78,0,207,21,-0.1787615398022853,-0.41976475905508004
343,1559005200,77,20,0,97,22,-0.23396599317466857,-0.9620652293197925
343,1559019600,10,9,0,19,22,-0.23396599317466857,-1.2285508716003066
343,1559034000,228,181,0,409,22,-0.23396599317466857,0.10387733980226398
343,1559048400,312,166,0,478,22,-0.23396599317466857,0.3396146387427188
343,1559062800,492,188,0,680,22,-0.23396599317466857,1.0297441225973836
343,1559077200,657,193,0,850,22,-0.23396599317466857,1.6105461634651708
343,1559091600,135,22,0,157,22,-0.23396599317466857,-0.757076273719397
343,1559106000,14,3,0,17,22,-0.23396599317466857,-1.2353838367869865
343,1559120400,242,162,0,404,22,-0.23396599317466857,0.08679492683556435
343,1559134800,340,217,0,557,22,-0.23396599317466857,0.6095167636165728
343,1559149200,514,212,0,726,22,-0.23396599317466857,1.1869023218910202
343,1559163600,811,217,0,1028,22,-0.23396599317466857,2.218680065079677
343,1559178000,142,23,0,165,22,-0.23396599317466857,-0.7297444129726777
343,1559192400,15,6,0,21,22,-0.23396599317466857,-1.2217179064136268
343,1559206800,237,167,0,404,22,-0.23396599317466857,0.08679492683556435
343,1559221200,387,195,0,582,22,-0.23396599317466857,0.694928828450071
343,1559235600,519,190,0,709,22,-0.23396599317466857,1.1288221178042415
343,1559250000,795,198,0,993,22,-0.23396599317466857,2.09910317431278
343,1559264400,182,24,0,206,22,-0.23396599317466857,-0.5896686266457407
343,1559278800,28,10,0,38,22,-0.23396599317466857,-1.163637702326848
343,1559293200,218,143,0,361,22,-0.23396599317466857,-0.06011382467805241
343,1559307600,327,183,0,510,22,-0.23396599317466857,0.4489420817295964
343,1559322000,554,181,0,735,22,-0.23396599317466857,1.2176506652310795
343,1559336400,571,206,0,777,22,-0.23396599317466857,1.3611429341513563
343,1559350800,159,65,0,224,22,-0.23396599317466857,-0.5281719399656221
343,1559365200,34,15,0,49,22,-0.23396599317466857,-1.126056393800109
343,1559379600,29,50,21,79,22,4.351767473048835,-1.0235619159999112
343,1559394000,139,161,22,300,22,4.570135733345193,-0.2685192628717878
343,1559408400,227,159,0,386,22,-0.23396599317466857,0.025298240155445708
343,1559422800,203,128,0,331,22,-0.23396599317466857,-0.16260830247825014
343,1559437200,111,53,0,164,22,-0.23396599317466857,-0.7331608955660176
343,1559451600,18,12,0,30,22,-0.23396599317466857,-1.1909695630735675
343,1559466000,19,21,2,40,22,0.2027705274180461,-1.1568047371401682
343,1559480400,120,93,0,213,22,-0.23396599317466857,-0.5657532484923613
343,1559494800,204,106,0,310,22,-0.23396599317466857,-0.23435443693838856
343,1559509200,152,110,0,262,22,-0.23396599317466857,-0.39834560141870495
343,1559523600,60,33,0,93,22,-0.23396599317466857,-0.9757311596931523
343,1559538000,12,6,0,18,22,-0.23396599317466857,-1.2319673541936467
343,1559552400,222,169,0,391,22,-0.23396599317466857,0.04238065312214533
343,1559566800,299,198,0,497,22,-0.23396599317466857,0.4045278080161773
343,1559581200,528,150,0,678,22,-0.23396599317466857,1.0229111574107037
343,1559595600,725,188,0,913,22,-0.23396599317466857,1.825784566845586
343,1559610000,46,36,0,82,23,-0.22596456842975116,-0.8708692788862514
343,1559624400,4,6,2,10,23,0.3863265202186068,-1.0951121858474253
343,1559638800,224,175,0,399,23,-0.22596456842975116,0.11642240870669414
343,1559653200,337,248,0,585,23,-0.22596456842975116,0.6957165850230597
343,1559667600,557,192,0,749,23,-0.22596456842975116,1.206492095323511
343,1559682000,1015,214,0,1229,23,-0.22596456842975116,2.7014448083980027
343,1559696400,62,38,0,100,23,-0.22596456842975116,-0.814808552145958
343,1559710800,3,6,3,9,23,0.6924720645427858,-1.0982266706663304
343,1559725200,224,156,0,380,23,-0.22596456842975116,0.0572471971474955
343,1559739600,323,195,0,518,23,-0.22596456842975116,0.48704610215641186
343,1559754000,530,191,0,721,23,-0.22596456842975116,1.1192865203941658
343,1559768400,762,227,0,989,23,-0.22596456842975116,1.953968451860757
343,1559782800,55,33,0,88,23,-0.22596456842975116,-0.8521823699728203
343,1559797200,5,6,1,11,23,0.08018097589442781,-1.09199770102852
343,1559811600,202,155,0,357,23,-0.22596456842975116,-0.014385953687323894
343,1559826000,335,241,0,576,23,-0.22596456842975116,0.6676862216529129
343,1559840400,608,206,0,814,23,-0.22596456842975116,1.4089336085523485
343,1559854800,785,210,0,995,23,-0.22596456842975116,1.9726553607741881
343,1559869200,63,47,0,110,23,-0.22596456842975116,-0.7836637039569061
343,1559883600,7,6,0,13,23,-0.22596456842975116,-1.0857687313907096
343,1559898000,199,136,0,335,23,-0.22596456842975116,-0.0829046197032381
343,1559912400,250,186,0,436,23,-0.22596456842975116,0.2316583470061862
343,1559926800,573,196,0,769,23,-0.22596456842975116,1.2687817917016149
343,1559941200,612,197,0,809,23,-0.22596456842975116,1.3933611844578224
343,1559955600,150,28,0,178,23,-0.22596456842975116,-0.5718787362713531
343,1559970000,27,6,0,33,23,-0.22596456842975116,-1.0234790350126057
343,1559984400,32,53,21,85,23,6.203091862378008,-0.8615258244295358
343,1559998800,142,89,0,231,23,-0.22596456842975116,-0.40681104086937797
343,1560013200,178,70,0,248,23,-0.22596456842975116,-0.3538647989479897
343,1560027600,185,44,0,229,23,-0.22596456842975116,-0.41304001050718836
343,1560042000,103,31,0,134,23,-0.22596456842975116,-0.7089160683031815
343,1560056400,21,7,0,28,23,-0.22596456842975116,-1.0390514591071318
343,1560070800,19,23,4,42,23,0.9986176088669647,-0.9954486716424591
343,1560085200,115,62,0,177,23,-0.22596456842975116,-0.5749932210902583
343,1560099600,180,55,0,235,23,-0.22596456842975116,-0.3943531015937572
343,1560114000,163,38,0,201,23,-0.22596456842975116,-0.5002455854365337
343,1560128400,89,20,0,109,23,-0.22596456842975116,-0.7867781887758113
343,1560142800,11,8,0,19,23,-0.22596456842975116,-1.0670818224772785
343,1560157200,170,170,0,340,23,-0.22596456842975116,-0.06733219560871215
343,1560171600,263,207,0,470,23,-0.22596456842975116,0.3375508308489627
343,1560186000,404,139,0,543,23,-0.22596456842975116,0.5649082226290416
343,1560200400,626,176,0,802,23,-0.22596456842975116,1.3715597907254862
343,1560214800,76,20,0,96,24,-0.5737941762031624,-0.731317621929307
343,1560229200,2,4,2,6,24,-0.49425834979876365,-1.1544910793947154
343,1560243600,181,144,0,325,24,-0.5737941762031624,0.3454237309548989
343,1560258000,259,214,0,473,24,-0.5737941762031624,1.0413089721202373
343,1560272400,457,163,0,620,24,-0.5737941762031624,1.7324922859804044
343,1560286800,600,195,0,795,24,-0.5737941762031624,2.5553295643853655
343,1560301200,44,32,0,76,24,-0.5737941762031624,-0.8253561680327312
343,1560315600,4,8,4,12,24,-0.4147225233943649,-1.1262795155636882
343,1560330000,68,155,87,223,24,2.886014272388183,-0.134172854172564
343,1560333155,0,0,0,0,24,-0.5737941762031624,-1.1827026432257428
343,1560333238,31,83,52,114,24,1.494137310311205,-0.6466829304362254
343,1560340964,0,0,0,0,24,-0.5737941762031624,-1.1827026432257428
343,1560341047,69,112,43,181,24,1.1362260914914106,-0.3316538009897546
343,1560344400,46,41,0,87,24,-0.5737941762031624,-0.7736349676758478
343,1560358800,229,165,0,394,24,-0.5737941762031624,0.6698567150117121
343,1560373200,301,213,0,514,24,-0.5737941762031624,1.2340879916322567
343,1560387600,52,34,0,86,24,-0.5737941762031624,-0.7783368949810191
343,1560402000,7,6,0,13,24,-0.5737941762031624,-1.121577588258517
343,1560416400,92,151,59,243,24,1.7725127027266006,-0.04013430806913989
343,1560430800,198,240,42,438,24,1.096458178289211,0.8767415164392451
343,1560445200,234,184,0,418,24,-0.5737941762031624,0.782702970335821
343,1560459600,279,220,0,499,24,-0.5737941762031624,1.1635590820546886
343,1560474000,59,46,0,105,24,-0.5737941762031624,-0.6890002761827662
343,1560488400,4,9,5,13,24,-0.3749546101921655,-1.121577588258517
343,1560502800,60,121,61,181,24,1.8520485291309994,-0.3316538009897546
343,1560517200,146,195,49,341,24,1.3748335707046069,0.4206545678376382
343,1560531600,223,181,0,404,24,-0.5737941762031624,0.7168759880634241
343,1560546000,196,190,0,386,24,-0.5737941762031624,0.6322412965703424
343,1561165200,4134,4392,258,8526,25,3.746170746781841,4.116502294362595
343,1561179600,11,13,2,24,25,-0.5235187909799011,-0.29896965651895374
343,1561194000,12,33,21,45,25,-0.20662777059914675,-0.28806340963957094
343,1561208400,57,92,35,149,25,0.026870875997198517,-0.2340515203321514
343,1561222800,77,103,26,180,25,-0.12323539681473773,-0.21795182255782442
343,1561237200,75,75,0,150,25,-0.5568757404936646,-0.233532175242657
343,1561251600,31,26,0,57,25,-0.5568757404936646,-0.28183126856563795
343,1561266000,9,6,0,15,25,-0.5568757404936646,-0.30364376232440354
343,1561280400,8,17,9,25,25,-0.4067694676817284,-0.2984503114294593
343,1561294800,37,88,51,125,25,0.2937264721073074,-0.24651580248001745
343,1561309200,54,62,8,116,25,-0.4234479424386102,-0.2511899082854672
343,1561323600,36,71,35,107,25,0.026870875997198517,-0.25586401409091697
343,1561338000,25,22,0,47,25,-0.5568757404936646,-0.2870247194605821
343,1561352400,5,8,3,13,25,-0.5068403162230193,-0.3046824525033924
343,1561366800,61,128,67,189,25,0.5605820682174163,-0.21327771675237464
343,1561381200,107,193,86,300,25,0.8774730885981705,-0.15563041181849416
343,1561395600,208,145,0,353,25,-0.5568757404936646,-0.12810512207528996
343,1561410000,242,131,0,373,25,-0.5568757404936646,-0.11771822028540159
343,1561424400,33,18,0,51,26,-0.7719361268495686,-0.9374254177695865
343,1561438800,6,5,0,11,26,-0.7719361268495686,-1.200386630301379
343,1561453200,69,144,75,213,26,1.2662858342368866,0.1275674929841731
343,1561467600,126,236,110,362,26,2.217456082743899,1.1070980096651002
343,1561482000,234,143,0,377,26,-0.7719361268495686,1.2057084643645224
343,1561496400,260,161,0,421,26,-0.7719361268495686,1.4949657981494942
343,1561510800,35,26,0,61,26,-0.7719361268495686,-0.8716851146366383
343,1561525200,3,7,4,10,26,-0.6632309555916244,-1.2069606606146739
343,1561539600,71,156,85,227,26,1.5380487623817474,0.21960391737030047
343,1561554000,101,226,125,327,26,2.6251004749611906,0.8770069486997817
343,1561568400,240,215,0,455,26,-0.7719361268495686,1.718482828801518
343,1561582800,265,217,0,482,26,-0.7719361268495686,1.8959816472604778
343,1561597200,39,36,0,75,26,-0.7719361268495686,-0.779648690250511
343,1561611600,6,6,0,12,26,-0.7719361268495686,-1.1938125999880842
343,1561626000,50,141,91,191,26,1.7011065192686639,-0.01706117390831277
343,1561640400,118,204,86,322,26,1.5652250551962335,0.8441367971333077
343,1561654800,225,132,0,357,26,-0.7719361268495686,1.074227858098626
343,1561669200,243,222,0,465,26,-0.7719361268495686,1.784223131934466
343,1561683600,57,36,0,93,26,-0.7719361268495686,-0.6613161446112044
343,1561698000,8,8,0,16,26,-0.7719361268495686,-1.167516478734905
343,1561712400,57,107,50,164,26,0.5868785138747349,-0.1945599923672727
343,1561726800,119,199,80,318,26,1.402167298309317,0.8178406758801284
343,1561741200,228,165,0,393,26,-0.7719361268495686,1.3108929493772394
343,1561755600,172,209,37,381,26,0.23358670728641598,1.2320045856177015
343,1561770000,48,35,0,83,26,-0.7719361268495686,-0.7270564477441525
343,1561784400,4,16,12,20,26,-0.4458206130757358,-1.1412203574817257
343,1561798800,8,26,18,34,26,-0.28276285618881936,-1.0491839330955983
343,1561813200,48,107,59,155,26,0.8314651492051095,-0.25372626518692604
343,1561827600,71,95,24,166,26,-0.11970509930190294,-0.18141193174068307
343,1561842000,64,100,36,164,26,0.2064104144719299,-0.1945599923672727
343,1561856400,17,40,23,57,26,-0.146881392116389,-0.8979812358898176
343,1561870800,6,17,11,23,26,-0.47299690589022186,-1.1214982665418411
343,1561885200,7,17,10,24,26,-0.5001731987047079,-1.1149242362285465
343,1561899600,40,55,15,95,26,-0.3642917346322776,-0.6481680839846148
343,1561914000,53,76,23,129,26,-0.146881392116389,-0.4246510533325911
343,1561928400,49,80,31,129,26,0.07052895039949955,-0.4246510533325911
343,1561942800,18,27,9,45,26,-0.527349491519194,-0.9768695996493554
343,1561957200,6,7,1,13,26,-0.7447598340350826,-1.1872385696747894
343,1561971600,49,140,91,189,26,1.7011065192686639,-0.030209234534902398
343,1561986000,117,204,87,321,26,1.5924013480107195,0.8375627668200128
343,1562000400,205,153,0,358,26,-0.7719361268495686,1.0808018884119208
343,1562014800,205,137,0,342,26,-0.7719361268495686,0.9756174033992039
343,1562029200,40,28,0,68,27,-0.6114718827049802,-0.499887805551039
343,1562043600,4,5,1,9,27,-0.5726619606715189,-0.970860879979005
343,1562058000,52,137,85,189,27,2.6873714901392356,0.4660061267503829
343,1562063305,3,4,1,7,27,-0.5726619606715189,-0.9868260689426649
343,1562072400,122,193,71,315,27,2.1440325816707766,1.4718130314609543
343,1562086800,194,182,0,376,27,-0.6114718827049802,1.9587512948525803
343,1562101200,262,201,0,463,27,-0.6114718827049802,2.653237014771784
343,1562115600,39,42,3,81,27,-0.4950421166045961,-0.39611407728724984
343,1562130000,5,10,5,15,27,-0.4174222725376734,-0.9229653130880254
343,1562144400,52,114,62,166,27,1.7947432833696244,0.2824064536682944
343,1562158800,108,171,63,279,27,1.8335532054030856,1.1844396301150768
343,1562173200,220,154,0,374,27,-0.6114718827049802,1.9427861058889204
343,1562187600,161,157,0,318,27,-0.6114718827049802,1.495760814906444
343,1562202000,41,35,0,76,27,-0.6114718827049802,-0.43602704969639955
343,1562216400,3,8,5,11,27,-0.4174222725376734,-0.9548956910153451
343,1562230800,11,15,4,26,27,-0.4562321945711348,-0.8351567737878962
343,1562245200,39,39,0,78,27,-0.6114718827049802,-0.42006186073273966
343,1562259600,50,82,32,132,27,0.6304456223657835,0.010998241286076701
343,1562274000,69,67,0,136,27,-0.6114718827049802,0.042928619213396434
343,1562288400,50,22,0,72,27,-0.6114718827049802,-0.4679574276237193
343,1562302800,2,10,8,12,27,-0.3009925064372893,-0.9469130965335152
343,1562315521,2,3,1,5,27,-0.5726619606715189,-1.0027912579063247
343,1562315602,0,0,0,0,27,-0.6114718827049802,-1.0427042303154743
343,1562317200,23,55,32,78,27,0.6304456223657835,-0.42006186073273966
343,1562331600,87,121,34,208,27,0.7080654664327062,0.6176754219051516
343,1562346000,121,112,0,233,27,-0.6114718827049802,0.8172402839508999
343,1562360400,90,57,0,147,27,-0.6114718827049802,0.1307371585135257
343,1562374800,37,28,0,65,27,-0.6114718827049802,-0.5238355889965288
343,1562389200,4,5,1,9,27,-0.5726619606715189,-0.970860879979005
343,1562403600,11,18,7,29,27,-0.33980242847075065,-0.8112089903424063
343,1562418000,28,44,16,72,27,0.009486869830401633,-0.4679574276237193
343,1562432400,77,71,0,148,27,-0.6114718827049802,0.13871975299535563
343,1562446800,43,66,23,109,27,0.2811563240646312,-0.17260143179601176
343,1562461200,23,28,5,51,27,-0.4174222725376734,-0.6355919117421478
343,1562475600,8,5,0,13,27,-0.6114718827049802,-0.9389305020516853
343,1562490000,6,13,7,19,27,-0.33980242847075065,-0.8910349351607056
343,1562504400,30,49,19,79,27,0.12591663593078573,-0.41207926625090974
343,1562518800,40,68,28,108,27,0.475205934231938,-0.18058402627784167
343,1562533200,42,56,14,98,27,-0.0681329742365211,-0.260409971096141
343,1562547600,14,19,5,33,27,-0.4174222725376734,-0.7792786124150867
343,1562562000,2,5,3,7,27,-0.4950421166045961,-0.9868260689426649
343,1562576400,46,123,77,169,27,2.376892113871545,0.30635423711378423
343,1562590800,104,201,97,305,27,3.153090554540772,1.3919870866426551
343,1562605200,163,109,0,272,27,-0.6114718827049802,1.1285614687422674
343,1562619600,232,186,0,418,27,-0.6114718827049802,2.294020263089437
343,1562634000,36,60,24,96,28,-0.07567947286090757,-0.6289377832939579
343,1562648400,5,4,0,9,28,-0.7276872390471884,-1.2634321676551181
343,1562662800,57,162,105,219,28,2.1248467380177902,0.2681060014925099
343,1562677200,103,230,127,333,28,2.7225205236885475,1.099512436172651
343,1562691600,206,125,0,331,28,-0.7276872390471884,1.084926358371245
343,1562706000,221,168,0,389,28,-0.7276872390471884,1.5079226146120184
343,1562720400,43,37,0,80,28,-0.7276872390471884,-0.7456264057052058
343,1562734800,6,8,2,14,28,-0.6733532585316649,-1.226966973151603
343,1562749200,93,118,25,211,28,-0.04851248260314586,0.209761690286886
343,1562763600,136,206,70,342,28,1.1740020789961305,1.1651497862789777
343,1562778000,199,129,0,328,28,-0.7276872390471884,1.063047241669136
343,1562792400,252,135,0,387,28,-0.7276872390471884,1.4933365368106124
343,1562806800,50,42,0,92,28,-0.7276872390471884,-0.6581099388967699
343,1562821200,3,6,3,9,28,-0.6461862682739032,-1.2634321676551181
343,1562835600,50,131,81,181,28,1.4728389718315094,-0.009029476734203722
343,1562850000,112,192,80,304,28,1.4456719815737475,0.8880143080522641
343,1562864400,195,112,0,307,28,-0.7276872390471884,0.9098934247543731
343,1562878800,294,181,0,475,28,-0.7276872390471884,2.1351239600724754
343,1562893200,51,35,0,86,28,-0.7276872390471884,-0.7018681723009879
343,1562907600,8,7,0,15,28,-0.7276872390471884,-1.2196739342509002
343,1562922000,42,114,72,156,28,1.228336059511654,-0.1913554492517785
343,1562936400,114,185,71,299,28,1.2011690692538923,0.8515491135487492
343,1562950800,209,163,0,372,28,-0.7276872390471884,1.3839409533000675
343,1562965200,165,191,26,356,28,-0.021345492345384166,1.2672523308888197
343,1562979600,47,40,0,87,28,-0.7276872390471884,-0.6945751334002849
343,1562994000,6,5,0,11,28,-0.7276872390471884,-1.2488460898537121
343,1563008400,11,22,11,33,28,-0.4288503462118097,-1.0883992340382465
343,1563022800,43,104,61,147,28,0.9294991666762753,-0.25699279935810543
343,1563037200,71,121,50,192,28,0.6306622738408966,0.07119395117352918
343,1563051600,62,125,63,187,28,0.9838331471917987,0.034728756670014224
343,1563066000,50,39,0,89,28,-0.7276872390471884,-0.6799890555988789
343,1563080400,4,7,3,11,28,-0.6461862682739032,-1.2488460898537121
343,1563094800,5,11,6,16,28,-0.5646852975006181,-1.212380895350197
343,1563109200,34,55,21,89,28,-0.15718044363419267,-0.6799890555988789
343,1563123600,51,80,29,131,28,0.060155478427900935,-0.37368142176935326
343,1563138000,44,36,0,80,28,-0.7276872390471884,-0.7456264057052058
343,1563152400,16,18,2,34,28,-0.6733532585316649,-1.0811061951375434
343,1563166800,2,4,2,6,28,-0.6733532585316649,-1.2853112843572272
343,1563181200,47,139,92,186,28,1.7716758646668882,0.02743571776931123
343,1563195600,106,205,99,311,28,1.96184479647122,0.9390655803571851
343,1563210000,184,109,0,293,28,-0.7276872390471884,0.8077908801445313
343,1563224400,236,124,0,360,28,-0.7276872390471884,1.2964244864916317
343,1563238800,44,19,0,63,29,-0.585269839607926,-0.7628125629226019
343,1563253200,2,4,2,6,29,-0.5126270386410748,-1.163804788411993
343,1563267600,51,125,74,176,29,2.1025137961655678,0.03213693673180524
343,1563279700,5,4,0,9,29,-0.585269839607926,-1.1426999344388673
343,1563282000,110,180,70,290,29,1.9572281942318654,0.8341213877105876
343,1563292067,3,1,0,4,29,-0.585269839607926,-1.1778746910607436
343,1563296400,216,136,0,352,29,-0.585269839607926,1.2702883698218552
343,1563310800,252,159,0,411,29,-0.585269839607926,1.6853504979599971
343,1563325200,51,26,0,77,29,-0.585269839607926,-0.6643232443813479
343,1563339600,5,7,2,12,29,-0.5126270386410748,-1.1215950804657413
343,1563354000,59,127,68,186,29,1.8845853932650143,0.10248644997555809
343,1563368400,109,180,71,289,29,1.993549594715291,0.8270864363862124
343,1563382800,226,125,0,351,29,-0.585269839607926,1.26325341849748
343,1563397200,252,141,0,393,29,-0.585269839607926,1.558721374121242
343,1563411600,62,45,0,107,29,-0.585269839607926,-0.4532747046500894
343,1563426000,5,6,1,11,29,-0.5489484391245004,-1.1286300317901166
343,1563440400,53,130,77,183,29,2.2114779976158445,0.08138159600243224
343,1563454800,130,186,56,316,29,1.4487285874639073,1.017030122144345
343,1563469200,242,146,0,388,29,-0.585269839607926,1.5235466174993655
343,1563483600,251,140,0,391,29,-0.585269839607926,1.5446514714724913
343,1563498000,44,23,0,67,29,-0.585269839607926,-0.7346727576251008
343,1563512400,7,8,1,15,29,-0.5489484391245004,-1.1004902264926155
343,1563526800,45,101,56,146,29,1.4487285874639073,-0.1789116029994533
343,1563541200,96,172,76,268,29,2.175156597132419,0.6793524585743314
343,1563555600,231,130,0,361,29,-0.585269839607926,1.3336029317412328
343,1563570000,115,74,0,189,29,-0.585269839607926,0.12359130394868394
343,1563584400,59,31,0,90,29,-0.585269839607926,-0.5728688771644692
343,1563598800,17,6,0,23,29,-0.585269839607926,-1.0442106158976132
343,1563613200,19,18,0,37,29,-0.585269839607926,-0.9457212973563592
343,1563627600,47,77,30,124,29,0.5043721748948418,-0.33368053213570953
343,1563642000,82,52,0,134,29,-0.585269839607926,-0.2633310188919567
343,1563656400,70,46,0,116,29,-0.585269839607926,-0.38996014273071183
343,1563670800,49,35,0,84,29,-0.585269839607926,-0.6150785851107209
343,1563685200,8,12,4,20,29,-0.4399842376742236,-1.0653154698707392
343,1563699600,11,13,2,24,29,-0.5126270386410748,-1.037175664573238
343,1563714000,42,67,25,109,29,0.3227651724777138,-0.4392048020013388
343,1563728400,78,63,0,141,29,-0.585269839607926,-0.2140863596213297
343,1563742800,66,46,0,112,29,-0.585269839607926,-0.41809994802821293
343,1563757200,34,15,0,49,29,-0.585269839607926,-0.8613018814638559
343,1563771600,5,7,2,12,29,-0.5126270386410748,-1.1215950804657413
343,1563786000,56,124,68,180,29,1.8845853932650143,0.06027674202930638
343,1563800400,159,183,24,342,29,0.2864437719942882,1.1999388565781024
343,1563814800,260,141,0,401,29,-0.585269839607926,1.615000984716244
343,1563829200,314,170,0,484,29,-0.585269839607926,2.1989019446393927
343,1563843600,72,17,0,89,30,-0.39589248266079624,-0.8953356692969658
343,1563858000,10,7,0,17,30,-0.39589248266079624,-1.2199753652147147
343,1563872400,86,135,49,221,30,3.914936772978985,-0.30016289344775976
343,1563886800,211,202,0,413,30,-0.39589248266079624,0.5655429623329038
343,1563901200,374,173,0,547,30,-0.39589248266079624,1.1697335075131585
343,1563915600,451,150,0,601,30,-0.39589248266079624,1.41321327945147
343,1563930000,104,42,0,146,30,-0.39589248266079624,-0.6383292433620814
343,1563944400,14,6,0,20,30,-0.39589248266079624,-1.206448711218142
343,1563958800,109,152,43,261,30,3.3870801294312565,-0.11980750682678817
343,1563973200,231,248,17,479,30,1.0997013407244338,0.8631293502575068
343,1563987600,423,162,0,585,30,-0.39589248266079624,1.3410711248030815
343,1564002000,545,161,0,706,30,-0.39589248266079624,1.8866461693315204
343,1564016400,145,43,0,188,30,-0.39589248266079624,-0.44895608741006127
343,1564030800,17,5,0,22,30,-0.39589248266079624,-1.1974309418870932
343,1564045200,114,142,28,256,30,2.067438520561936,-0.1423519301544096
343,1564059600,243,217,0,460,30,-0.39589248266079624,0.7774605416125453
343,1564074000,451,158,0,609,30,-0.39589248266079624,1.4492843567756644
343,1564088400,578,219,0,797,30,-0.39589248266079624,2.2969546738942306
343,1564102800,181,57,0,238,30,-0.39589248266079624,-0.22351185413384683
343,1564117200,11,4,0,15,30,-0.39589248266079624,-1.2289931345457632
343,1564131600,93,101,8,194,30,0.3079163754028415,-0.42190277941691556
343,1564146000,228,162,0,390,30,-0.39589248266079624,0.4618386150258451
343,1564160400,421,161,0,582,30,-0.39589248266079624,1.3275444708065085
343,1564174800,405,149,0,554,30,-0.39589248266079624,1.2012957001718285
343,1564189200,133,46,0,179,30,-0.39589248266079624,-0.48953604939977985
343,1564203600,17,10,0,27,30,-0.39589248266079624,-1.1748865185594717
343,1564218000,26,24,0,50,30,-0.39589248266079624,-1.0711821712524132
343,1564232400,102,118,16,220,30,1.0117252334664792,-0.304671778113284
343,1564246800,178,94,0,272,30,-0.39589248266079624,-0.07020977550602099
343,1564261200,147,78,0,225,30,-0.39589248266079624,-0.2821273547856626
343,1564275600,90,54,0,144,30,-0.39589248266079624,-0.64734701269313
343,1564290000,12,6,0,18,30,-0.39589248266079624,-1.2154664805491904
343,1564304400,12,15,3,27,30,-0.13196416088693208,-1.1748865185594717
343,1564318800,76,75,0,151,30,-0.39589248266079624,-0.61578482003446
343,1564333200,152,116,0,268,30,-0.39589248266079624,-0.08824531416811815
343,1564347600,129,73,0,202,30,-0.39589248266079624,-0.3858317020927212
343,1564362000,46,22,0,68,30,-0.39589248266079624,-0.9900222472729759
343,1564376400,8,4,0,12,30,-0.39589248266079624,-1.242519788542336
343,1564390800,114,139,25,253,30,1.8035101987880717,-0.1558785841509825
343,1564405200,230,197,0,427,30,-0.39589248266079624,0.6286673476502438
343,1564419600,392,118,0,510,30,-0.39589248266079624,1.0029047748887598
343,1564434000,503,132,0,635,30,-0.39589248266079624,1.5665153580792959
343,1564448400,98,31,0,129,31,-0.3613110017417159,-0.9625534420771811
343,1564462800,6,10,4,16,31,0.18065550087085797,-1.4026149617861012
343,1564477200,122,133,11,255,31,1.1290968804428623,-0.4718653758530753
343,1564491600,297,187,0,484,31,-0.3613110017417159,0.4199407127605772
343,1564506000,427,178,0,605,31,-0.3613110017417159,0.8911570303249962
343,1564520400,584,198,0,782,31,-0.3613110017417159,1.5804569328779066
343,1564534800,132,27,0,159,31,-0.3613110017417159,-0.8457229501190606
343,1564549200,12,5,0,17,31,-0.3613110017417159,-1.398720612054164
343,1564563600,132,167,35,299,31,4.3808958961183055,-0.30051398764783205
343,1564578000,268,176,0,444,31,-0.3613110017417159,0.2641667234830833
343,1564592400,443,123,0,566,31,-0.3613110017417159,0.7392773907794397
343,1564606800,617,190,0,807,31,-0.3613110017417159,1.6778156761763403
343,1564621200,119,38,0,157,31,-0.3613110017417159,-0.8535116495829354
343,1564635600,12,5,0,17,31,-0.3613110017417159,-1.398720612054164
343,1564650000,141,151,10,292,31,0.9936052547897188,-0.3277744357713935
343,1564664400,293,196,0,489,31,-0.3613110017417159,0.4394124614202639
343,1564678800,420,149,0,569,31,-0.3613110017417159,0.7509604399752517
343,1564693200,606,213,0,819,31,-0.3613110017417159,1.7245478729595884
343,1564707600,170,37,0,207,31,-0.3613110017417159,-0.658794162986068
343,1564722000,10,7,0,17,31,-0.3613110017417159,-1.398720612054164
343,1564736400,106,110,4,216,31,0.18065550087085797,-0.6237450153986318
343,1564750800,253,181,0,434,31,-0.3613110017417159,0.22522322616370982
343,1564765200,498,139,0,637,31,-0.3613110017417159,1.0157762217469912
343,1564779600,488,123,0,611,31,-0.3613110017417159,0.9145231287166202
343,1565398800,8978,4202,0,13180,32,-0.2602896031476768,4.11503001616032
343,1565413200,18,7,0,25,32,-0.2602896031476768,-0.3078194120390453
343,1565427600,33,34,1,67,32,0.05205792062953535,-0.2936985700790017
343,1565442000,114,89,0,203,32,-0.2602896031476768,-0.24797393897028913
343,1565456400,207,103,0,310,32,-0.2602896031476768,-0.21199941302446382
343,1565470800,190,99,0,289,32,-0.2602896031476768,-0.21905983400448562
343,1565485200,96,33,0,129,32,-0.2602896031476768,-0.2728535176617945
343,1565499600,15,7,0,22,32,-0.2602896031476768,-0.30882804360761984
343,1565514000,23,13,0,36,32,-0.2602896031476768,-0.3041210962876053
343,1565528400,101,92,0,193,32,-0.2602896031476768,-0.25133604419887096
343,1565542800,148,99,0,247,32,-0.2602896031476768,-0.2331806759645292
343,1565557200,130,69,0,199,32,-0.2602896031476768,-0.24931878106172187
343,1565571600,75,26,0,101,32,-0.2602896031476768,-0.28226741230182356
343,1565586000,8,4,0,12,32,-0.2602896031476768,-0.3121901488362016
343,1565600400,114,128,14,242,32,4.112575729733293,-0.2348617285788201
343,1565614800,229,158,0,387,32,-0.2602896031476768,-0.18611120276438392
343,1565629200,411,133,0,544,32,-0.2602896031476768,-0.1333261506756496
343,1565643600,602,142,0,744,32,-0.2602896031476768,-0.06608404610401349
343,1565658000,149,26,0,175,33,-0.2721879851010894,-0.3502660547098962
343,1565672400,20,8,0,28,33,-0.2721879851010894,-0.8827412186880716
343,1565683582,53,52,0,105,33,-0.2721879851010894,-0.6038256566042655
343,1565686800,83,134,51,217,33,4.182351203904052,-0.19813029357327464
343,1565701200,275,208,0,483,33,-0.2721879851010894,0.7653961936253285
343,1565715600,447,156,0,603,33,-0.2721879851010894,1.2000697968728187
343,1565730000,594,151,0,745,33,-0.2721879851010894,1.714433560715682
343,1565744400,146,31,0,177,33,-0.2721879851010894,-0.34302149465577136
343,1565758800,19,6,0,25,33,-0.2721879851010894,-0.8936080587692589
343,1565773200,134,129,0,263,33,-0.2721879851010894,-0.0315054123284034
343,1565787600,302,251,0,553,33,-0.2721879851010894,1.0189557955196977
343,1565802000,469,195,0,664,33,-0.2721879851010894,1.4210288785236262
343,1565816400,575,150,0,725,33,-0.2721879851010894,1.6419879601744336
343,1565830800,150,35,0,185,33,-0.2721879851010894,-0.314043254439272
343,1565845200,25,7,0,32,33,-0.2721879851010894,-0.868252098579822
343,1565859600,133,124,0,257,33,-0.2721879851010894,-0.053239092490777906
343,1565874000,298,213,0,511,33,-0.2721879851010894,0.8668200343830762
343,1565888400,446,237,0,683,33,-0.2721879851010894,1.4898521990378122
343,1565902800,644,233,0,877,33,-0.2721879851010894,2.192574524287921
343,1565917200,163,31,0,194,33,-0.2721879851010894,-0.28144273419571025
343,1565931600,31,6,0,37,33,-0.2721879851010894,-0.8501406984445099
343,1565946000,96,150,54,246,33,4.444382920904355,-0.09308417278846451
343,1565960400,298,202,0,500,33,-0.2721879851010894,0.8269749540853897
343,1565974800,469,183,0,652,33,-0.2721879851010894,1.3775615181988772
343,1565989200,483,180,0,663,33,-0.2721879851010894,1.4174065984965638
343,1566003600,110,31,0,141,33,-0.2721879851010894,-0.4734235756300184
343,1566018000,4,5,1,9,33,-0.18484407943432188,-0.9515645392022576
343,1566032400,3,5,2,8,33,-0.09750017376755442,-0.95518681922932
343,1566046800,5,4,0,9,33,-0.2721879851010894,-0.9515645392022576
343,1566061200,2,2,0,4,33,-0.2721879851010894,-0.9696759393375697
343,1566075600,0,0,0,0,33,-0.2721879851010894,-0.9841650594458193
343,1566090000,0,1,1,1,33,-0.18484407943432188,-0.9805427794187569
343,1566104400,2,3,1,5,33,-0.18484407943432188,-0.9660536593105072
343,1566118800,1,1,0,2,33,-0.2721879851010894,-0.9769204993916945
343,1566133200,0,1,1,1,33,-0.18484407943432188,-0.9805427794187569
343,1566147600,0,0,0,0,33,-0.2721879851010894,-0.9841650594458193
343,1566162000,0,0,0,0,33,-0.2721879851010894,-0.9841650594458193
343,1566176400,0,0,0,0,33,-0.2721879851010894,-0.9841650594458193
343,1566190800,2,2,0,4,33,-0.2721879851010894,-0.9696759393375697
343,1566205200,111,134,23,245,33,1.7367218452345625,-0.09670645281552692
343,1566219600,236,207,0,443,33,-0.2721879851010894,0.6205049925428319
343,1566234000,419,101,0,520,33,-0.2721879851010894,0.8994205546266381
343,1566248400,539,152,0,691,33,-0.2721879851010894,1.5188304392543115
343,1566262800,133,25,0,158,34,-0.25860278836243566,-0.39317737587851526
343,1566277200,15,5,0,20,34,-0.25860278836243566,-0.9111580715466309
343,1566291417,32,128,96,160,34,5.46044526421834,-0.38567040927462953
343,1566291600,129,108,0,237,34,-0.25860278836243566,-0.09665219502502882
343,1566306000,274,236,0,510,34,-0.25860278836243566,0.9280487464053738
343,1566310115,25,65,40,90,34,2.1243339002128874,-0.6484142404106302
343,1566320400,420,124,0,544,34,-0.25860278836243566,1.0556671786714313
343,1566334800,613,188,0,801,34,-0.25860278836243566,2.020312387270748
343,1566349200,160,29,0,189,34,-0.25860278836243566,-0.27681939351828644
343,1566363600,22,7,0,29,34,-0.25860278836243566,-0.8773767218291451
343,1566378000,119,168,49,287,34,2.6604946551423354,0.09102197007211452
343,1566392400,285,223,0,508,34,-0.25860278836243566,0.9205417798014881
343,1566406800,447,186,0,633,34,-0.25860278836243566,1.3897271925443464
343,1566421200,647,190,0,837,34,-0.25860278836243566,2.1554377861406913
343,1566435600,162,26,0,188,34,-0.25860278836243566,-0.2805728768202293
343,1566450000,20,10,0,30,34,-0.25860278836243566,-0.8736232385272023
343,1566464400,134,129,0,263,34,-0.25860278836243566,0.0009383708254857167
343,1566478800,282,238,0,520,34,-0.25860278836243566,0.9655835794248024
343,1566493200,426,167,0,593,34,-0.25860278836243566,1.2395878604666317
343,1566507600,605,167,0,772,34,-0.25860278836243566,1.9114613715144049
343,1566522000,191,38,0,229,34,-0.25860278836243566,-0.12668006144057176
343,1566536400,25,7,0,32,34,-0.25860278836243566,-0.8661162719233165
343,1566550800,103,105,2,208,34,-0.1394559539336695,-0.20550321078137196
343,1566565200,263,188,0,451,34,-0.25860278836243566,0.7065932315907446
343,1566579600,431,116,0,547,34,-0.25860278836243566,1.0669276285772598
343,1566594000,458,135,0,593,34,-0.25860278836243566,1.2395878604666317
343,1566608400,100,43,0,143,34,-0.25860278836243566,-0.4494796254076583
343,1566622800,4,5,1,9,34,-0.19902937114805255,-0.9524463878680024
343,1566637200,3,2,0,5,34,-0.25860278836243566,-0.9674603210757738
343,1566651600,3,5,2,8,34,-0.1394559539336695,-0.9561998711699453
343,1566666000,1,1,0,2,34,-0.25860278836243566,-0.9787207709816025
343,1566680400,1,0,0,1,34,-0.25860278836243566,-0.9824742542835454
343,1566694800,1,1,0,2,34,-0.25860278836243566,-0.9787207709816025
343,1566709200,1,2,1,3,34,-0.19902937114805255,-0.9749672876796596
343,1566723600,0,0,0,0,34,-0.25860278836243566,-0.9862277375854882
343,1566738000,0,0,0,0,34,-0.25860278836243566,-0.9862277375854882
343,1566752400,1,1,0,2,34,-0.25860278836243566,-0.9787207709816025
343,1566766800,1,1,0,2,34,-0.25860278836243566,-0.9787207709816025
343,1566781200,1,0,0,1,34,-0.25860278836243566,-0.9824742542835454
343,1566795600,1,0,0,1,34,-0.25860278836243566,-0.9824742542835454
343,1566810000,124,124,0,248,34,-0.25860278836243566,-0.055363878703657284
343,1566824400,255,208,0,463,34,-0.25860278836243566,0.7516350312140591
343,1566838800,365,139,0,504,34,-0.25860278836243566,0.9055278465937165
343,1566853200,600,138,0,738,34,-0.25860278836243566,1.7838429392483475
343,1566867600,121,31,0,152,35,-0.33254600815165336,-0.5098471947563717
343,1566882000,15,7,0,22,35,-0.33254600815165336,-1.0871523966165522
343,1566896400,130,135,5,265,35,0.598582814672976,-0.008035750062522598
343,1566910800,286,228,0,514,35,-0.33254600815165336,1.0977257519619767
343,1566925200,436,153,0,589,35,-0.33254600815165336,1.4307864453428503
343,1566939600,655,135,0,790,35,-0.33254600815165336,2.3233891036035903
343,1566954000,154,27,0,181,35,-0.33254600815165336,-0.3810637266491007
343,1566968400,19,7,0,26,35,-0.33254600815165336,-1.069389159636239
343,1566982800,126,149,23,275,35,3.950646576841642,0.03637234238826051
343,1566997200,289,233,0,522,35,-0.33254600815165336,1.1332522259226034
343,1567011600,472,150,0,622,35,-0.33254600815165336,1.5773331504304344
343,1567026000,607,158,0,765,35,-0.33254600815165336,2.212368872476633
343,1567040400,133,39,0,172,35,-0.33254600815165336,-0.4210310098548055
343,1567054800,21,7,0,28,35,-0.33254600815165336,-1.0605075411460823
343,1567069200,117,130,13,247,35,2.088388931192383,-0.08797031647393219
343,1567083600,256,205,0,461,35,-0.33254600815165336,0.8623628619728264
343,1567098000,435,162,0,597,35,-0.33254600815165336,1.4663129193034767
343,1567112400,544,179,0,723,35,-0.33254600815165336,2.0258548841833437
343,1567126800,149,46,0,195,35,-0.33254600815165336,-0.3188923972180044
343,1567141200,24,11,0,35,35,-0.33254600815165336,-1.029421876430534
343,1567155600,71,95,24,166,35,4.136872341406568,-0.44767586532527537
343,1567170000,232,155,0,387,35,-0.33254600815165336,0.5337429778370314
343,1567184400,478,165,0,643,35,-0.33254600815165336,1.670590144577079
343,1567198800,318,126,0,444,35,-0.33254600815165336,0.7868691048064951
343,1567213200,127,43,0,170,35,-0.33254600815165336,-0.42991262834496213
343,1567227600,26,7,0,33,35,-0.33254600815165336,-1.0383034949206909
343,1567242000,23,29,6,52,35,0.7848085792379019,-0.9539281192642028
343,1567256400,98,97,0,195,35,-0.33254600815165336,-0.3188923972180044
343,1567270800,149,113,0,262,35,-0.33254600815165336,-0.021358177797757533
343,1567285200,151,86,0,237,35,-0.33254600815165336,-0.1323784089247153
343,1567299600,108,28,0,136,35,-0.33254600815165336,-0.5809001426776247
343,1567314000,19,8,0,27,35,-0.33254600815165336,-1.0649483503911605
343,1567328400,17,18,1,35,35,-0.1463202435867275,-1.029421876430534
343,1567342800,116,63,0,179,35,-0.33254600815165336,-0.3899453451392573
343,1567357200,128,82,0,210,35,-0.33254600815165336,-0.2522802585418297
343,1567371600,131,78,0,209,35,-0.33254600815165336,-0.256721067786908
343,1567386000,74,26,0,100,35,-0.33254600815165336,-0.7407692755004439
343,1567400400,13,8,0,21,35,-0.33254600815165336,-1.0915932058616304
343,1567414800,15,18,3,33,35,0.22613128554312426,-1.0383034949206909
343,1567429200,87,77,0,164,35,-0.33254600815165336,-0.456557483815432
343,1567443600,121,58,0,179,35,-0.33254600815165336,-0.3899453451392573
343,1567458000,97,46,0,143,35,-0.33254600815165336,-0.5498144779620765
343,1567472400,52,25,0,77,36,-0.3507059343758202,-1.0529589307787672
343,1567486800,11,7,0,18,36,-0.3507059343758202,-1.259059422916981
343,1567501200,141,141,0,282,36,-0.3507059343758202,-0.3368470513154824
343,1567515600,282,228,0,510,36,-0.3507059343758202,0.45960908779490256
343,1567530000,438,141,0,579,36,-0.3507059343758202,0.7006418667362033
343,1567544400,620,147,0,767,36,-0.3507059343758202,1.35736885863424
343,1567558800,135,29,0,164,36,-0.3507059343758202,-0.7490480355919097
343,1567573200,23,8,0,31,36,-0.3507059343758202,-1.2136474500729677
343,1567587600,156,140,0,296,36,-0.3507059343758202,-0.28794184979116055
343,1567602000,321,256,0,577,36,-0.3507059343758202,0.6936554093755859
343,1567616400,440,135,0,575,36,-0.3507059343758202,0.6866689520149685
343,1567630800,622,213,0,835,36,-0.3507059343758202,1.594908408895232
343,1567645200,180,30,0,210,36,-0.3507059343758202,-0.5883595162977092
343,1567659600,21,9,0,30,36,-0.3507059343758202,-1.2171406787532764
343,1567674000,196,209,13,405,36,3.8120210258241323,0.09282007636248842
343,1567688400,329,281,0,610,36,-0.3507059343758202,0.8089319558257732
343,1567702800,461,240,0,701,36,-0.3507059343758202,1.1268157657338653
343,1567717200,751,256,0,1007,36,-0.3507059343758202,2.1957437419083297
343,1567731600,193,55,0,248,36,-0.3507059343758202,-0.45561682644597845
343,1567746000,25,12,0,37,36,-0.3507059343758202,-1.1926880779911153
343,1567760400,184,143,0,327,36,-0.3507059343758202,-0.17965176070159064
343,1567774800,349,286,0,635,36,-0.3507059343758202,0.8962626728334908
343,1567789200,556,244,0,800,36,-0.3507059343758202,1.4726454050844273
343,1567803600,660,259,0,919,36,-0.3507059343758202,1.8883396180411633
343,1567818000,174,50,0,224,36,-0.3507059343758202,-0.5394543147733873
343,1567832400,33,4,0,37,36,-0.3507059343758202,-1.1926880779911153
343,1567846800,30,42,12,72,36,3.491811259654905,-1.0704250741803107
343,1567861200,138,145,7,283,36,1.8907624288087697,-0.3333538226351737
343,1567875600,277,175,0,452,36,-0.3507059343758202,0.2570018243369976
343,1567890000,223,159,0,382,36,-0.3507059343758202,0.01247581671538818
343,1567904400,135,42,0,177,36,-0.3507059343758202,-0.7036360627478966
343,1567918800,22,10,0,32,36,-0.3507059343758202,-1.2101542213926588
343,1567933200,22,29,7,51,36,1.8907624288087697,-1.1437828764667934
343,1567947600,118,125,7,243,36,1.8907624288087697,-0.47308296984752196
343,1567962000,204,183,0,387,36,-0.3507059343758202,0.02994196011693171
343,1567976400,156,107,0,263,36,-0.3507059343758202,-0.40321839624134787
343,1567990800,83,24,0,107,36,-0.3507059343758202,-0.948162070369506
343,1568005200,13,3,0,16,36,-0.3507059343758202,-1.2660458802775982
343,1568019600,186,162,0,348,36,-0.3507059343758202,-0.10629395841510783
343,1568034000,315,276,0,591,36,-0.3507059343758202,0.7425606108999078
343,1568048400,489,200,0,689,36,-0.3507059343758202,1.084897021570161
343,1568062800,708,192,0,900,36,-0.3507059343758202,1.821968273115298
343,1568077200,153,29,0,182,37,-0.15617376188860602,-0.7064229374966796
343,1568091600,20,4,0,24,37,-0.15617376188860602,-1.23002649085622
343,1568106000,198,173,0,371,37,-0.15617376188860602,-0.08008704138938125
343,1568120400,376,311,0,687,37,-0.15617376188860602,0.9671200653296996
343,1568134800,514,263,0,777,37,-0.15617376188860602,1.2653752539522227
343,1568149200,776,231,0,1007,37,-0.15617376188860602,2.027582958209781
343,1568163600,256,35,0,291,37,-0.15617376188860602,-0.3452027646094017
343,1568178000,39,23,0,62,37,-0.15617376188860602,-1.1040965223267103
343,1568192400,205,161,0,366,37,-0.15617376188860602,-0.09665677409063253
343,1568206800,347,269,0,616,37,-0.15617376188860602,0.7318298609719315
343,1568221200,565,194,0,759,37,-0.15617376188860602,1.205724216227718
343,1568235600,748,276,0,1024,37,-0.15617376188860602,2.0839200493940355
343,1568250000,180,41,0,221,37,-0.15617376188860602,-0.5771790224269197
343,1568264400,22,4,0,26,37,-0.15617376188860602,-1.2233985977757196
343,1568278800,192,171,0,363,37,-0.15617376188860602,-0.1065986137113833
343,1568293200,323,229,0,552,37,-0.15617376188860602,0.5197372823959151
343,1568307600,554,160,0,714,37,-0.15617376188860602,1.0565966219164564
343,1568322000,814,191,0,1005,37,-0.15617376188860602,2.020955065129281
343,1568336400,177,48,0,225,37,-0.15617376188860602,-0.5639232362659186
343,1568350800,20,5,0,25,37,-0.15617376188860602,-1.2267125443159699
343,1568365200,184,141,0,325,37,-0.15617376188860602,-0.232528582240893
343,1568379600,331,208,0,539,37,-0.15617376188860602,0.47665597737266174
343,1568394000,486,216,0,702,37,-0.15617376188860602,1.0168292634334535
343,1568408400,558,173,0,731,37,-0.15617376188860602,1.1129337131007109
343,1568422800,161,43,0,204,37,-0.15617376188860602,-0.633516113611174
343,1568437200,33,9,0,42,37,-0.15617376188860602,-1.1703754531317154
343,1568451600,30,35,5,65,37,6.403124237432848,-1.0941546827059596
343,1568466000,135,128,0,263,37,-0.15617376188860602,-0.4379932677364089
343,1568480400,263,162,0,425,37,-0.15617376188860602,0.09886607178413256
343,1568494800,213,133,0,346,37,-0.15617376188860602,-0.16293570489563763
343,1568509200,131,71,0,202,37,-0.15617376188860602,-0.6401440066916745
343,1568523600,26,8,0,34,37,-0.15617376188860602,-1.1968870254537174
343,1568538000,17,17,0,34,37,-0.15617376188860602,-1.1968870254537174
343,1568552400,134,77,0,211,37,-0.15617376188860602,-0.6103184878294222
343,1568566800,180,118,0,298,37,-0.15617376188860602,-0.3220051388276499
343,1568581200,152,94,0,246,37,-0.15617376188860602,-0.49433035892066324
343,1568595600,60,19,0,79,37,-0.15617376188860602,-1.0477594311424558
343,1568610000,11,5,0,16,37,-0.15617376188860602,-1.2565380631782221
343,1568624400,207,176,0,383,37,-0.15617376188860602,-0.040319682906378176
343,1568638800,312,238,0,550,37,-0.15617376188860602,0.5131093893154145
343,1568653200,508,202,0,710,37,-0.15617376188860602,1.0433408357554554
343,1568667600,699,196,0,895,37,-0.15617376188860602,1.656420945701753
343,1568682000,155,25,0,180,38,-0.17465123951018752,-0.7071108697798998
343,1568696400,21,4,0,25,38,-0.17465123951018752,-1.1987054620766906
343,1568710800,194,152,0,346,38,-0.17465123951018752,-0.18062891932011113
343,1568725200,357,286,0,643,38,-0.17465123951018752,0.7613297510808361
343,1568739600,564,208,0,772,38,-0.17465123951018752,1.1704633149923587
343,1568754000,780,242,0,1022,38,-0.17465123951018752,1.9633578186968597
343,1568768400,168,130,0,298,38,-0.17465123951018752,-0.3328646640313753
343,1568782800,24,8,0,32,38,-0.17465123951018752,-1.1765044159729645
343,1568797200,199,191,0,390,38,-0.17465123951018752,-0.04107948666811895
343,1568811600,348,214,0,562,38,-0.17465123951018752,0.5044319318805778
343,1568826000,551,179,0,730,38,-0.17465123951018752,1.0372570383700024
343,1568840400,756,205,0,961,38,-0.17465123951018752,1.7698915597929614
343,1568854800,165,40,0,205,38,-0.17465123951018752,-0.6278214194094497
343,1568869200,25,8,0,33,38,-0.17465123951018752,-1.1733328379581465
343,1568883600,220,178,0,398,38,-0.17465123951018752,-0.015706862549574912
343,1568898000,363,243,0,606,38,-0.17465123951018752,0.6439813645325699
343,1568912400,579,211,0,790,38,-0.17465123951018752,1.2275517192590828
343,1568926800,757,271,0,1028,38,-0.17465123951018752,1.9823872867857677
343,1568941200,178,29,0,207,38,-0.17465123951018752,-0.6214782633798137
343,1568955600,22,9,0,31,38,-0.17465123951018752,-1.1796759939877826
343,1568970000,177,125,0,302,38,-0.17465123951018752,-0.3201783519721033
343,1568984400,335,416,81,751,38,6.354618176024515,1.1038601766811806
343,1568998800,654,226,0,880,38,-0.17465123951018752,1.5129937405927032
343,1569013200,599,217,0,816,38,-0.17465123951018752,1.3100127476443508
343,1569027600,142,32,0,174,38,-0.17465123951018752,-0.7261403378688078
343,1569042000,28,10,0,38,38,-0.17465123951018752,-1.1574749478840565
343,1569056400,28,38,10,66,38,0.6314314043829857,-1.0686707634691524
343,1569070800,130,118,0,248,38,-0.17465123951018752,-0.4914435647722755
343,1569085200,272,163,0,435,38,-0.17465123951018752,0.10164152399869124
343,1569099600,234,125,0,359,38,-0.17465123951018752,-0.1393984051274771
343,1569114000,140,29,0,169,38,-0.17465123951018752,-0.7419982279428978
343,1569128400,31,12,0,43,38,-0.17465123951018752,-1.1416170578099665
343,1569142800,28,19,0,47,38,-0.17465123951018752,-1.1289307457506943
343,1569157200,110,104,0,214,38,-0.17465123951018752,-0.5992772172760877
343,1569171600,214,87,0,301,38,-0.17465123951018752,-0.3233499299869213
343,1569186000,161,61,0,222,38,-0.17465123951018752,-0.5739045931575436
343,1569200400,58,21,0,79,38,-0.17465123951018752,-1.0274402492765182
343,1569214800,6,5,0,11,38,-0.17465123951018752,-1.2431075542841425
343,1569229200,199,177,0,376,38,-0.17465123951018752,-0.08548157887557101
343,1569243600,308,223,0,531,38,-0.17465123951018752,0.40611301342121964
343,1569258000,499,167,0,666,38,-0.17465123951018752,0.8342760454216502
343,1569272400,746,191,0,937,38,-0.17465123951018752,1.6937736874373293
343,1569286800,145,23,0,168,39,-0.282842712474619,-0.49118471989531254
343,1569301200,13,8,0,21,39,-0.282842712474619,-0.9684461917244429
343,1569315600,219,157,0,376,39,-0.282842712474619,0.18412402935951142
343,1569330000,353,253,0,606,39,-0.282842712474619,0.9308596655547494
343,1569344400,560,179,0,739,39,-0.282842712474619,1.3626676638763435
343,1569358800,739,216,0,955,39,-0.282842712474619,2.0639498265640452
343,1569373200,138,33,0,171,39,-0.282842712474619,-0.48144468985798333
343,1569387600,12,4,0,16,39,-0.282842712474619,-0.9846795751199916
343,1569402000,213,175,0,388,39,-0.282842712474619,0.22308414950882818
343,1569416400,368,265,0,633,39,-0.282842712474619,1.0185199358907122
343,1569430800,551,256,0,807,39,-0.282842712474619,1.5834416780558054
343,1569445200,787,210,0,997,39,-0.282842712474619,2.2003102470866542
343,1569459600,175,26,0,201,39,-0.282842712474619,-0.38404438948469144
343,1569474000,17,9,0,26,39,-0.282842712474619,-0.9522128083288943
343,1569488400,193,164,0,357,39,-0.282842712474619,0.12243717245642655
343,1569502800,379,258,0,637,39,-0.282842712474619,1.031506642607151
343,1569517200,628,284,0,912,39,-0.282842712474619,1.924342729362327
343,1569527314,160,183,23,343,39,6.222539674441618,0.07698369894889032
343,1569527394,1,0,0,1,39,-0.282842712474619,-1.0333797253066375
343,1569527475,0,0,0,0,39,-0.282842712474619,-1.0366264019857472
343,1569527556,3,5,2,8,39,0.282842712474619,-1.0106529885528694
343,1569527636,1,4,3,5,39,0.565685424949238,-1.0203930185901986
343,1569527717,0,2,2,2,39,0.282842712474619,-1.0301330486275277
343,1569527798,1,0,0,1,39,-0.282842712474619,-1.0333797253066375
343,1569527878,1,4,3,5,39,0.565685424949238,-1.0203930185901986
343,1569527959,0,1,1,1,39,0.0,-1.0333797253066375
343,1569528039,1,0,0,1,39,-0.282842712474619,-1.0333797253066375
343,1569531600,799,106,0,905,39,-0.282842712474619,1.901615992608559
343,1569546000,169,35,0,204,39,-0.282842712474619,-0.37430435944736223
343,1569560400,24,8,0,32,39,-0.282842712474619,-0.9327327482542359
343,1569574800,168,142,0,310,39,-0.282842712474619,-0.030156631461730796
343,1569589200,324,241,0,565,39,-0.282842712474619,0.7977459217112505
343,1569603600,534,197,0,731,39,-0.282842712474619,1.3366942504434658
343,1569618000,674,237,0,911,39,-0.282842712474619,1.9210960526832173
343,1569632400,159,32,0,191,39,-0.282842712474619,-0.4165111562757887
343,1569646800,20,8,0,28,39,-0.282842712474619,-0.9457194549706748
343,1569661200,31,42,11,73,39,2.82842712474619,-0.799619004410737
343,1569675600,134,109,0,243,39,-0.282842712474619,-0.24768396896208275
343,1569690000,296,153,0,449,39,-0.282842712474619,0.42113142693452177
343,1569704400,259,126,0,385,39,-0.282842712474619,0.213344119471499
343,1569718800,106,67,0,173,39,-0.282842712474619,-0.4749513364997639
343,1569733200,17,8,0,25,39,-0.282842712474619,-0.955459485008004
343,1569747600,21,24,3,45,39,0.565685424949238,-0.8905259514258094
343,1569762000,123,87,0,210,39,-0.282842712474619,-0.3548242993727038
343,1569776400,230,120,0,350,39,-0.282842712474619,0.09971043570265843
343,1569790800,219,105,0,324,39,-0.282842712474619,0.015296842045805432
343,1569805200,66,22,0,88,39,-0.282842712474619,-0.750918854224091
343,1569819600,8,4,0,12,39,-0.282842712474619,-0.9976662818364305
343,1569834000,135,139,4,274,39,0.848528137423857,-0.1470369919096811
343,1569848400,255,146,0,401,39,-0.282842712474619,0.2652909463372547
343,1569862800,456,132,0,588,39,-0.282842712474619,0.8724194853307743
343,1569877200,576,133,0,709,39,-0.282842712474619,1.2652673635030518
343,1569891600,44,27,0,71,40,-0.2374828830211732,-0.2720791198107069
343,1569906000,6,4,0,10,40,-0.2374828830211732,-0.49965360990356
343,1569920400,159,137,0,296,40,-0.2374828830211732,0.5673349829908004
343,1569934800,299,211,0,510,40,-0.2374828830211732,1.3657110629886786
343,1569949200,455,183,0,638,40,-0.2374828830211732,1.8432444192490915
343,1569963600,710,186,0,896,40,-0.2374828830211732,2.8057725904614865
343,1569978000,54,34,0,88,40,-0.2374828830211732,-0.20865672093237078
343,1569992400,3,7,4,10,40,0.26884854681642245,-0.49965360990356
343,1570006800,189,141,0,330,40,-0.2374828830211732,0.6941797807474727
343,1570021200,326,213,0,539,40,-0.2374828830211732,1.4739022140164284
343,1570035600,528,239,0,767,40,-0.2374828830211732,2.3245085048552894
343,1570050000,851,248,0,1099,40,-0.2374828830211732,3.5631106476557357
343,1570064400,68,27,0,95,40,-0.2374828830211732,-0.18254161551187945
343,1570078800,6,3,0,9,40,-0.2374828830211732,-0.5033843392493444
343,1570093200,219,166,0,385,40,-0.2374828830211732,0.8993698947656189
343,1570107600,347,308,0,655,40,-0.2374828830211732,1.9066668181274278
343,1570122000,533,226,0,759,40,-0.2374828830211732,2.2946626700890134
343,1570136400,839,232,0,1071,40,-0.2374828830211732,3.4586502259737704
343,1570150800,71,60,0,131,40,-0.2374828830211732,-0.04823535906363828
343,1570165200,5,4,0,9,40,-0.2374828830211732,-0.5033843392493444
343,1570179600,183,145,0,328,40,-0.2374828830211732,0.6867183220559037
343,1570194000,378,274,0,652,40,-0.2374828830211732,1.8954746300900742
343,1570208400,582,258,0,840,40,-0.2374828830211732,2.596851747097556
343,1570222800,614,261,0,875,40,-0.2374828830211732,2.7274272742000125
343,1570237200,198,54,0,252,40,-0.2374828830211732,0.4031828917762834
343,1570251600,26,12,0,38,40,-0.2374828830211732,-0.39519318822159466
343,1570266000,36,29,0,65,40,-0.2374828830211732,-0.29446349588541376
343,1570280400,143,151,8,294,40,0.7751799766540182,0.5598735242992314
343,1570294800,237,124,0,361,40,-0.2374828830211732,0.8098323904667915
343,1570309200,245,123,0,368,40,-0.2374828830211732,0.8359474958872828
343,1570323600,110,53,0,163,40,-0.2374828830211732,0.07114798000146498
343,1570338000,20,8,0,28,40,-0.2374828830211732,-0.4325004816794394
343,1570352400,20,19,0,39,40,-0.2374828830211732,-0.39146245887581016
343,1570366800,109,58,0,167,40,-0.2374828830211732,0.08607089738460288
343,1570368042,7,3,0,10,40,-0.2374828830211732,-0.49965360990356
343,1570368125,0,0,0,0,40,-0.2374828830211732,-0.5369609033614048
343,1570368205,0,0,0,0,40,-0.2374828830211732,-0.5369609033614048
343,1570368286,0,0,0,0,40,-0.2374828830211732,-0.5369609033614048
343,1570368366,0,0,0,0,40,-0.2374828830211732,-0.5369609033614048
343,1570368451,0,0,0,0,40,-0.2374828830211732,-0.5369609033614048
343,1570368532,0,5,5,5,40,0.39543140427582135,-0.5183072566324823
343,1570368612,0,0,0,0,40,-0.2374828830211732,-0.5369609033614048
343,1570368692,0,0,0,0,40,-0.2374828830211732,-0.5369609033614048
343,1570368773,0,0,0,0,40,-0.2374828830211732,-0.5369609033614048
343,1570368853,0,0,0,0,40,-0.2374828830211732,-0.5369609033614048
343,1570368933,1,0,0,1,40,-0.2374828830211732,-0.5332301740156203
343,1570369014,0,2,2,2,40,0.015682831897624643,-0.5294994446698358
343,1570369094,0,2,2,2,40,0.015682831897624643,-0.5294994446698358
343,1570369174,1,0,0,1,40,-0.2374828830211732,-0.5332301740156203
343,1570369255,1,0,0,1,40,-0.2374828830211732,-0.5332301740156203
343,1570369335,0,10,10,10,40,1.028345691572816,-0.49965360990356
343,1570369415,1,1,0,2,40,-0.2374828830211732,-0.5294994446698358
343,1570369496,0,0,0,0,40,-0.2374828830211732,-0.5369609033614048
343,1570369576,0,0,0,0,40,-0.2374828830211732,-0.5369609033614048
343,1570369656,0,0,0,0,40,-0.2374828830211732,-0.5369609033614048
343,1570369736,0,2,2,2,40,0.015682831897624643,-0.5294994446698358
343,1570369817,0,1,1,1,40,-0.11090002556177428,-0.5332301740156203
343,1570369897,0,0,0,0,40,-0.2374828830211732,-0.5369609033614048
343,1570369977,0,0,0,0,40,-0.2374828830211732,-0.5369609033614048
343,1570370057,0,1,1,1,40,-0.11090002556177428,-0.5332301740156203
343,1570370137,0,0,0,0,40,-0.2374828830211732,-0.5369609033614048
343,1570370217,1,0,0,1,40,-0.2374828830211732,-0.5332301740156203
343,1570370298,0,0,0,0,40,-0.2374828830211732,-0.5369609033614048
343,1570370378,0,0,0,0,40,-0.2374828830211732,-0.5369609033614048
343,1570370458,0,0,0,0,40,-0.2374828830211732,-0.5369609033614048
343,1570371712,4,15,11,19,40,1.154928549032215,-0.4660770457914997
343,1570371799,1,45,44,46,40,5.3321628451923795,-0.3653473534553188
343,1570371880,0,0,0,0,40,-0.2374828830211732,-0.5369609033614048
343,1570371962,0,0,0,0,40,-0.2374828830211732,-0.5369609033614048
343,1570375189,9,19,10,28,40,1.028345691572816,-0.4325004816794394
343,1570375270,1,0,0,1,40,-0.2374828830211732,-0.5332301740156203
343,1570375350,0,0,0,0,40,-0.2374828830211732,-0.5369609033614048
343,1570375430,0,3,3,3,40,0.14226568935702355,-0.5257687153240513
343,1570375511,8,66,58,74,40,7.104322849623964,-0.2608869317733535
343,1570375591,0,0,0,0,40,-0.2374828830211732,-0.5369609033614048
343,1570375671,0,0,0,0,40,-0.2374828830211732,-0.5369609033614048
343,1570375752,1,0,0,1,40,-0.2374828830211732,-0.5332301740156203
343,1570375832,0,0,0,0,40,-0.2374828830211732,-0.5369609033614048
343,1570375912,1,3,2,4,40,0.015682831897624643,-0.5220379859782669
343,1570375992,0,0,0,0,40,-0.2374828830211732,-0.5369609033614048
343,1570376073,1,0,0,1,40,-0.2374828830211732,-0.5332301740156203
343,1570376153,0,0,0,0,40,-0.2374828830211732,-0.5369609033614048
343,1570376233,0,1,1,1,40,-0.11090002556177428,-0.5332301740156203
343,1570381200,209,41,0,250,40,-0.2374828830211732,0.39572143308471447
343,1570389452,29,70,41,99,40,4.952414272814183,-0.16761869812874156
343,1570389520,0,0,0,0,40,-0.2374828830211732,-0.5369609033614048
343,1570389600,0,0,0,0,40,-0.2374828830211732,-0.5369609033614048
343,1570389681,0,0,0,0,40,-0.2374828830211732,-0.5369609033614048
343,1570389761,0,3,3,3,40,0.14226568935702355,-0.5257687153240513
343,1570389841,0,0,0,0,40,-0.2374828830211732,-0.5369609033614048
343,1570389922,0,0,0,0,40,-0.2374828830211732,-0.5369609033614048
343,1570390002,0,0,0,0,40,-0.2374828830211732,-0.5369609033614048
343,1570390082,0,0,0,0,40,-0.2374828830211732,-0.5369609033614048
343,1570390163,0,0,0,0,40,-0.2374828830211732,-0.5369609033614048
343,1570390243,0,0,0,0,40,-0.2374828830211732,-0.5369609033614048
343,1570390323,0,1,1,1,40,-0.11090002556177428,-0.5332301740156203
343,1570390412,0,0,0,0,40,-0.2374828830211732,-0.5369609033614048
343,1570390493,1,0,0,1,40,-0.2374828830211732,-0.5332301740156203
343,1570390573,1,0,0,1,40,-0.2374828830211732,-0.5332301740156203
343,1570390653,0,0,0,0,40,-0.2374828830211732,-0.5369609033614048
343,1570390737,1,0,0,1,40,-0.2374828830211732,-0.5332301740156203
343,1570390817,1,0,0,1,40,-0.2374828830211732,-0.5332301740156203
343,1570390897,1,0,0,1,40,-0.2374828830211732,-0.5332301740156203
343,1570390977,2,0,0,2,40,-0.2374828830211732,-0.5294994446698358
343,1570391058,0,2,2,2,40,0.015682831897624643,-0.5294994446698358
343,1570391138,0,1,1,1,40,-0.11090002556177428,-0.5332301740156203
343,1570395600,167,27,0,194,40,-0.2374828830211732,0.18680058972078376
343,1570410000,68,23,0,91,40,-0.2374828830211732,-0.19746453289501736
343,1570424400,4,3,0,7,40,-0.2374828830211732,-0.5108457979409134
343,1570438800,218,181,0,399,40,-0.2374828830211732,0.9516001056066016
343,1570453200,326,265,0,591,40,-0.2374828830211732,1.6679001399972213
343,1570467600,489,179,0,668,40,-0.2374828830211732,1.955166299622626
343,1570482000,710,186,0,896,40,-0.2374828830211732,2.8057725904614865
343,1570496400,159,35,0,194,41,-0.21905397716916175,-0.6067201850224769
343,1570510800,17,6,0,23,41,-0.21905397716916175,-1.208829397241826
343,1570525200,216,160,0,376,41,-0.21905397716916175,0.03412119874314612
343,1570539600,363,228,0,591,41,-0.21905397716916175,0.7911590971475909
343,1570554000,590,167,0,757,41,-0.21905397716916175,1.3756627768459064
343,1570568400,682,147,0,829,41,-0.21905397716916175,1.6291824451487902
343,1570582800,123,24,0,147,41,-0.21905397716916175,-0.7722121907201928
343,1570597200,20,6,0,26,41,-0.21905397716916175,-1.1982660777292058
343,1570611600,139,145,6,284,41,5.301106247493714,-0.2898205996438721
343,1570626000,336,212,0,548,41,-0.21905397716916175,0.6397515174667019
343,1570640400,461,165,0,626,41,-0.21905397716916175,0.914397824794826
343,1570654800,621,184,0,805,41,-0.21905397716916175,1.544675889047829
343,1570669200,119,32,0,151,41,-0.21905397716916175,-0.7581277647033658
343,1570683600,16,6,0,22,41,-0.21905397716916175,-1.2123505037460327
343,1570698000,219,171,0,390,41,-0.21905397716916175,0.0834166898020402
343,1570712400,339,266,0,605,41,-0.21905397716916175,0.840454588206485
343,1570726800,558,193,0,751,41,-0.21905397716916175,1.354536137820666
343,1570741200,808,262,0,1070,41,-0.21905397716916175,2.4777691126626094
343,1570755600,200,44,0,244,41,-0.21905397716916175,-0.43066485981214087
343,1570770000,19,11,0,30,41,-0.21905397716916175,-1.1841816517123789
343,1570784400,188,126,0,314,41,-0.21905397716916175,-0.18418740451767052
343,1570798800,350,218,0,568,41,-0.21905397716916175,0.7101736475508363
343,1570813200,590,222,0,812,41,-0.21905397716916175,1.5693236345772759
343,1570827600,663,280,0,943,41,-0.21905397716916175,2.030588586628356
343,1570842000,184,56,0,240,41,-0.21905397716916175,-0.4447492858289678
343,1570856400,27,18,0,45,41,-0.21905397716916175,-1.1313650541492781
343,1570870800,32,22,0,54,41,-0.21905397716916175,-1.0996750956114176
343,1570885200,141,117,0,258,41,-0.21905397716916175,-0.38136936875324684
343,1570899600,246,172,0,418,41,-0.21905397716916175,0.18200767191982833
343,1570914000,270,133,0,403,41,-0.21905397716916175,0.12919107435672755
343,1570928400,122,48,0,170,41,-0.21905397716916175,-0.6912267411234382
343,1570942800,22,26,4,48,41,3.4610528392727558,-1.1208017346366579
343,1570957200,26,19,0,45,41,-0.21905397716916175,-1.1313650541492781
343,1570971600,103,95,0,198,41,-0.21905397716916175,-0.59263575900565
343,1570986000,210,80,0,290,41,-0.21905397716916175,-0.26869396061863177
343,1571000400,184,107,0,291,41,-0.21905397716916175,-0.26517285411442504
343,1571014800,81,40,0,121,41,-0.21905397716916175,-0.8637609598295675
343,1571029200,10,4,0,14,41,-0.21905397716916175,-1.2405193557796865
343,1571043600,110,97,0,207,41,-0.21905397716916175,-0.5609458004677895
343,1571058000,237,164,0,401,41,-0.21905397716916175,0.12214886134831411
343,1571072400,334,151,0,485,41,-0.21905397716916175,0.4179218077016786
343,1571086800,436,155,0,591,41,-0.21905397716916175,0.7911590971475909
343,1571101200,137,31,0,168,42,0.0,-0.7500174388248644
343,1571115600,15,10,0,25,42,0.0,-1.1930352139607943
343,1571130000,210,162,0,372,42,0.0,-0.11802005331626499
343,1571144400,356,267,0,623,42,0.0,0.6595845729712764
343,1571158800,523,206,0,729,42,0.0,0.9879753713237839
343,1571173200,770,245,0,1015,42,0.0,1.8740109215956438
343,1571187600,146,34,0,180,42,0.0,-0.7128411220302409
343,1571202000,18,5,0,23,42,0.0,-1.1992312667598983
343,1571216400,204,183,0,387,42,0.0,-0.07154965732298563
343,1571230800,353,251,0,604,42,0.0,0.6007220713797892
343,1571245200,581,200,0,781,42,0.0,1.1490727441004858
343,1571259600,834,232,0,1066,42,0.0,2.032010267972794
343,1571274000,164,42,0,206,42,0.0,-0.63229243564189
343,1571288400,16,9,0,25,42,0.0,-1.1930352139607943
343,1571302800,220,191,0,411,42,0.0,0.0028029762662613623
343,1571317200,328,261,0,589,42,0.0,0.5542516753865099
343,1571331600,589,216,0,805,42,0.0,1.2234253776897328
343,1571346000,836,264,0,1100,42,0.0,2.13734316555756
343,1571360400,180,48,0,228,42,0.0,-0.5641358548517469
343,1571374800,22,9,0,31,42,0.0,-1.1744470555634825
343,1571389200,180,146,0,326,42,0.0,-0.26052926769565504
343,1571403600,378,289,0,667,42,0.0,0.7958977345515625
343,1571418000,555,226,0,781,42,0.0,1.1490727441004858
343,1571432400,679,231,0,910,42,0.0,1.5487181496426883
343,1571446800,175,52,0,227,42,0.0,-0.5672338812512988
343,1571461200,35,8,0,43,42,0.0,-1.137270738768859
343,1571475600,42,25,0,67,42,0.0,-1.0629181051796122
343,1571490000,174,137,0,311,42,0.0,-0.3069996636889344
343,1571504400,271,149,0,420,42,0.0,0.030685213862228982
343,1571518800,259,109,0,368,42,0.0,-0.13041215891447283
343,1571533200,137,53,0,190,42,0.0,-0.6818608580347213
343,1571547600,31,9,0,40,42,0.0,-1.146564817967515
343,1571562000,22,17,0,39,42,0.0,-1.149662844367067
343,1571576400,122,90,0,212,42,0.0,-0.6137042772445782
343,1571590800,229,112,0,341,42,0.0,-0.21405887170237567
343,1571605200,161,90,0,251,42,0.0,-0.4928812476620519
343,1571619600,67,15,0,82,42,0.0,-1.0164477091863326
343,1571634000,10,5,0,15,42,0.0,-1.224015477956314
343,1571648400,196,181,0,377,42,0.0,-0.1025299213185052
343,1571662800,332,195,0,527,42,0.0,0.3621740386142885
343,1571677200,499,206,0,705,42,0.0,0.913622737734537
343,1571691600,776,181,0,957,42,0.0,1.6943253904216302
343,1571706000,67,36,0,103,43,-0.28912165479145596,-0.9350761395251265
343,1571720400,6,8,2,14,43,2.4093471232621333,-1.2018329593026524
343,1571734800,187,163,0,350,43,-0.28912165479145596,-0.1947510329515432
343,1571749200,350,258,0,608,43,-0.28912165479145596,0.5785440176394872
343,1571763600,556,241,0,797,43,-0.28912165479145596,1.1450276012119862
343,1571778000,825,216,0,1041,43,-0.28912165479145596,1.8763609048717202
343,1571792400,79,40,0,119,43,-0.28912165479145596,-0.8871198573179309
343,1571806800,5,7,2,12,43,2.4093471232621333,-1.2078274945785519
343,1571821200,206,137,0,343,43,-0.28912165479145596,-0.2157319064171913
343,1571835600,337,232,0,569,43,-0.28912165479145596,0.4616505797594477
343,1571850000,587,196,0,783,43,-0.28912165479145596,1.10306585428069
343,1571864400,804,180,0,984,43,-0.28912165479145596,1.7055166495085856
343,1571878800,78,28,0,106,43,-0.28912165479145596,-0.9260843366112773
343,1571893200,7,8,1,15,43,1.0601127342353385,-1.1988356916647027
343,1571907600,227,157,0,384,43,-0.28912165479145596,-0.09284393326125237
343,1571922000,354,222,0,576,43,-0.28912165479145596,0.4826314532250958
343,1571936400,574,205,0,779,43,-0.28912165479145596,1.091076783728891
343,1571950800,844,270,0,1114,43,-0.28912165479145596,2.0951614424420506
343,1571965200,67,43,0,110,43,-0.28912165479145596,-0.9140952660594784
343,1571979600,6,5,0,11,43,-0.28912165479145596,-1.2108247622165016
343,1571994000,201,137,0,338,43,-0.28912165479145596,-0.23071824460693996
343,1572008400,339,254,0,593,43,-0.28912165479145596,0.5335850030702413
343,1572022800,563,244,0,807,43,-0.28912165479145596,1.1750002775914834
343,1572037200,613,209,0,822,43,-0.28912165479145596,1.2199592921607294
343,1572051600,133,64,0,197,43,-0.28912165479145596,-0.6533329815578519
343,1572066000,30,9,0,39,43,-0.28912165479145596,-1.1269012683539092
343,1572080400,39,35,0,74,43,-0.28912165479145596,-1.0219969010256686
343,1572094800,185,176,0,361,43,-0.28912165479145596,-0.16178108893409615
343,1572109200,303,168,0,471,43,-0.28912165479145596,0.16791835124037416
343,1572123600,324,223,0,547,43,-0.28912165479145596,0.39571069172455364
343,1572138000,174,74,0,248,43,-0.28912165479145596,-0.5004723320224157
343,1572152400,31,10,0,41,43,-0.28912165479145596,-1.1209067330780098
343,1572166800,30,22,0,52,43,-0.28912165479145596,-1.0879367890605627
343,1572181200,127,91,0,218,43,-0.28912165479145596,-0.5903903611609076
343,1572195600,208,103,0,311,43,-0.28912165479145596,-0.31164447083158264
343,1572210000,155,159,4,314,43,5.107815901315722,-0.3026526679177335
343,1572224400,112,50,0,162,43,-0.28912165479145596,-0.7582373488860924
343,1572238800,49,16,0,65,43,-0.28912165479145596,-1.0489723097672163
343,1572253200,210,159,0,369,43,-0.28912165479145596,-0.13780294783049832
343,1572267600,363,238,0,601,43,-0.28912165479145596,0.557563144173839
343,1572282000,759,163,0,922,43,-0.28912165479145596,1.5196860559557024
343,1572296400,838,221,0,1059,43,-0.28912165479145596,1.9303117223548154
343,1572310800,152,53,0,205,44,-0.15617376188860607,-0.6324102041139296
343,1572325200,15,14,0,29,44,-0.15617376188860607,-1.1830965309851944
343,1572339600,220,143,0,363,44,-0.15617376188860607,-0.13804406976358946
343,1572354000,379,266,0,645,44,-0.15617376188860607,0.7443056130642327
343,1572368400,588,204,0,792,44,-0.15617376188860607,1.2042538519851187
343,1572382800,806,203,0,1009,44,-0.15617376188860607,1.8832250618207125
343,1572397200,165,50,0,215,44,-0.15617376188860607,-0.6011212082689713
343,1572411600,9,5,0,14,44,-0.15617376188860607,-1.2300300247526317
343,1572426000,194,138,0,332,44,-0.15617376188860607,-0.23503995688295998
343,1572440400,371,221,0,592,44,-0.15617376188860607,0.5784739350859541
343,1572454800,571,231,0,802,44,-0.15617376188860607,1.235542847830077
343,1572469200,814,233,0,1047,44,-0.15617376188860607,2.002123246031554
343,1572483600,162,42,0,204,44,-0.15617376188860607,-0.6355391036984254
343,1572498000,11,6,0,17,44,-0.15617376188860607,-1.2206433259991443
343,1572512400,224,141,0,365,44,-0.15617376188860607,-0.1317862705945978
343,1572526800,343,244,0,587,44,-0.15617376188860607,0.562829437163475
343,1572541200,545,165,0,710,44,-0.15617376188860607,0.9476840860564613
343,1572555600,726,182,0,908,44,-0.15617376188860607,1.5672062037866343
343,1572570000,170,99,0,269,44,-0.15617376188860607,-0.43216063070619687
343,1572584400,22,9,0,31,44,-0.15617376188860607,-1.1768387318162028
343,1572598800,196,116,0,312,44,-0.15617376188860607,-0.29761794857287643
343,1572613200,332,267,0,599,44,-0.15617376188860607,0.6003762321774249
343,1572627600,581,227,0,808,44,-0.15617376188860607,1.254316245337052
343,1572642000,686,221,0,907,44,-0.15617376188860607,1.5640773042021385
343,1572656400,178,52,0,230,44,-0.15617376188860607,-0.5541877145015339
343,1572670800,33,18,0,51,44,-0.15617376188860607,-1.1142607401262863
343,1572685200,30,31,1,61,44,6.403124237432849,-1.082971744281328
343,1572699600,195,142,0,337,44,-0.15617376188860607,-0.21939545896048085
343,1572714000,307,149,0,456,44,-0.15617376188860607,0.15294359159452212
343,1572728400,231,137,0,368,44,-0.15617376188860607,-0.12239957184111033
343,1572742800,135,31,0,166,44,-0.15617376188860607,-0.7544372879092667
343,1572753600,30,24,0,54,44,-0.15617376188860607,-1.1048740413727989
343,1572768000,20,16,0,36,44,-0.15617376188860607,-1.1611942338937238
343,1572782400,110,57,0,167,44,-0.15617376188860607,-0.7513083883247709
343,1572796800,247,123,0,370,44,-0.15617376188860607,-0.11614177267211868
343,1572811200,219,103,0,322,44,-0.15617376188860607,-0.26632895272791823
343,1572825600,92,35,0,127,44,-0.15617376188860607,-0.8764643717046038
343,1572840000,16,7,0,23,44,-0.15617376188860607,-1.2018699284921694
343,1572854400,86,66,0,152,44,-0.15617376188860607,-0.7982418820922081
343,1572868800,381,296,0,677,44,-0.15617376188860607,0.8444303997680991
343,1572883200,475,186,0,661,44,-0.15617376188860607,0.7943680064161659
343,1572897600,828,251,0,1079,44,-0.15617376188860607,2.10224803273542
343,1572912000,249,58,0,307,45,-0.22320169516538768,-0.31544549453013004
343,1572926400,18,5,0,23,45,-0.22320169516538768,-1.1739063338537423
343,1572940800,87,58,0,145,45,-0.22320169516538768,-0.8051309028766975
343,1572955200,349,204,0,553,45,-0.22320169516538768,0.42815086629243543
343,1572969600,428,195,0,623,45,-0.22320169516538768,0.6397433266891004
343,1572984000,792,200,0,992,45,-0.22320169516538768,1.7551378679229483
343,1572998400,247,52,0,299,45,-0.22320169516538768,-0.33962749000403464
343,1573012800,37,5,0,42,45,-0.22320169516538768,-1.1164740946032188
343,1573027200,98,67,0,165,45,-0.22320169516538768,-0.7446759141919361
343,1573041600,425,313,0,738,45,-0.22320169516538768,0.9873595116264786
343,1573056000,461,199,0,660,45,-0.22320169516538768,0.7515850557559091
343,1573070400,908,250,0,1158,45,-0.22320169516538768,2.2569142740064683
343,1573084800,279,47,0,326,45,-0.22320169516538768,-0.2580132552796067
343,1573099200,45,8,0,53,45,-0.22320169516538768,-1.0832238508266
343,1573113600,99,63,0,162,45,-0.22320169516538768,-0.7537441624946504
343,1573128000,415,267,0,682,45,-0.22320169516538768,0.8180855433091466
343,1573142400,492,201,0,693,45,-0.22320169516538768,0.8513357870857654
343,1573156800,989,305,0,1294,45,-0.22320169516538768,2.668008197062846
343,1573171200,326,51,0,377,45,-0.22320169516538768,-0.10385303413346508
343,1573185600,51,7,0,58,45,-0.22320169516538768,-1.0681101036554097
343,1573200000,80,63,0,143,45,-0.22320169516538768,-0.8111764017451737
343,1573214400,370,220,0,590,45,-0.22320169516538768,0.539992595359244
343,1573228800,520,208,0,728,45,-0.22320169516538768,0.9571320172840979
343,1573243200,847,299,0,1146,45,-0.22320169516538768,2.2206412807956113
343,1573257600,263,95,0,358,45,-0.22320169516538768,-0.16128527338398843
343,1573272000,74,21,0,95,45,-0.22320169516538768,-0.9562683745886011
343,1573286400,24,33,9,57,45,4.739753644394408,-1.0711328530896478
343,1573300800,189,141,0,330,45,-0.22320169516538768,-0.24592225754265443
343,1573315200,311,200,0,511,45,-0.22320169516538768,0.30119539005443646
343,1573329600,310,264,0,574,45,-0.22320169516538768,0.4916286044114349
343,1573344000,187,101,0,288,45,-0.22320169516538768,-0.3728777337806534
343,1573358400,78,25,0,103,45,-0.22320169516538768,-0.9320863791146966
343,1573372800,15,23,8,38,45,4.188314162221098,-1.128565092340171
343,1573387200,117,113,0,230,45,-0.22320169516538768,-0.5481972009664615
343,1573401600,251,103,0,354,45,-0.22320169516538768,-0.17337627112094073
343,1573416000,198,130,0,328,45,-0.22320169516538768,-0.25196775641113056
343,1573430400,112,42,0,154,45,-0.22320169516538768,-0.7779261579685549
343,1573444800,21,7,0,28,45,-0.22320169516538768,-1.158792586682552
343,1573459200,59,39,0,98,45,-0.22320169516538768,-0.9472001262858869
343,1573473600,304,192,0,496,45,-0.22320169516538768,0.25585414854086536
343,1573488000,334,163,0,497,45,-0.22320169516538768,0.25887689797510344
343,1573502400,600,181,0,781,45,-0.22320169516538768,1.1173377372987157
343,1573516800,199,33,0,232,46,-0.15617376188860604,-0.5325054652308318
343,1573531200,35,14,0,49,46,-0.15617376188860604,-1.0670277331901072
343,1573545600,103,72,0,175,46,-0.15617376188860604,-0.6989960077099503
343,1573560000,410,341,0,751,46,-0.15617376188860604,0.9834347373421957
343,1573574400,474,168,0,642,46,-0.15617376188860604,0.6650580859347583
343,1573588800,942,182,0,1124,46,-0.15617376188860604,2.0729254802318664
343,1573603200,290,67,0,357,46,-0.15617376188860604,-0.16739462646083475
343,1573617600,34,7,0,41,46,-0.15617376188860604,-1.090394826871387
343,1573632000,98,63,0,161,46,-0.15617376188860604,-0.73988842165219
343,1573646400,356,255,0,611,46,-0.15617376188860604,0.5745105979197991
343,1573660800,486,181,0,667,46,-0.15617376188860604,0.7380802536887577
343,1573675200,912,240,0,1152,46,-0.15617376188860604,2.154710308116346
343,1573689600,314,53,0,367,46,-0.15617376188860604,-0.138185759359235
343,1573704000,50,10,0,60,46,-0.15617376188860604,-1.0348979793783475
343,1573718400,100,78,0,178,46,-0.15617376188860604,-0.6902333475794704
343,1573732800,396,282,0,678,46,-0.15617376188860604,0.7702100075005175
343,1573747200,533,222,0,755,46,-0.15617376188860604,0.9951182841828355
343,1573761600,915,268,0,1183,46,-0.15617376188860604,2.245257796131305
343,1573776000,327,87,0,414,46,-0.15617376188860604,-0.0009040839817161435
343,1573790400,44,9,0,53,46,-0.15617376188860604,-1.0553441863494675
343,1573804800,90,47,0,137,46,-0.15617376188860604,-0.8099897026960294
343,1573819200,412,261,0,673,46,-0.15617376188860604,0.7556055739497176
343,1573833600,494,238,0,732,46,-0.15617376188860604,0.9279378898491562
343,1573848000,824,193,0,1017,46,-0.15617376188860604,1.760390602244749
343,1573862400,263,65,0,328,46,-0.15617376188860604,-0.2521003410554741
343,1573876800,67,14,0,81,46,-0.15617376188860604,-0.9735593584649881
343,1573891200,14,17,3,31,46,6.4031242374328485,-1.1196036939729868
343,1573905600,142,89,0,231,46,-0.15617376188860604,-0.5354263519409916
343,1573920000,250,117,0,367,46,-0.15617376188860604,-0.138185759359235
343,1573934400,265,123,0,388,46,-0.15617376188860604,-0.07684713844587551
343,1573948800,158,107,0,265,46,-0.15617376188860604,-0.43611620379555255
343,1573963200,52,12,0,64,46,-0.15617376188860604,-1.0232144325377077
343,1573977600,13,13,0,26,46,-0.15617376188860604,-1.1342081275237867
343,1573992000,108,61,0,169,46,-0.15617376188860604,-0.7165213279709102
343,1574006400,249,109,0,358,46,-0.15617376188860604,-0.16447373975067478
343,1574020800,194,78,0,272,46,-0.15617376188860604,-0.4156699968244327
343,1574035200,92,41,0,133,46,-0.15617376188860604,-0.8216732495366693
343,1574049600,16,6,0,22,46,-0.15617376188860604,-1.1458916743644265
343,1574064000,81,61,0,142,46,-0.15617376188860604,-0.7953852691452296
343,1574078400,369,233,0,602,46,-0.15617376188860604,0.5482226175283593
343,1574092800,496,183,0,679,46,-0.15617376188860604,0.7731308942106774
343,1574107200,820,214,0,1034,46,-0.15617376188860604,1.8100456763174686
343,1574121600,267,48,0,315,47,-0.1561737618886061,-0.28293603138728785
343,1574136000,27,4,0,31,47,-0.1561737618886061,-1.1127518618243595
343,1574150400,91,69,0,160,47,-0.1561737618886061,-0.735828474055408
343,1574164800,387,363,0,750,47,-0.1561737618886061,0.9880846948103394
343,1574179200,498,182,0,680,47,-0.1561737618886061,0.7835526239279627
343,1574193600,865,259,0,1124,47,-0.1561737618886061,2.08087033066761
343,1574208000,252,45,0,297,47,-0.1561737618886061,-0.33552999247132764
343,1574222400,29,4,0,33,47,-0.1561737618886061,-1.1069080883705773
343,1574236800,89,73,0,162,47,-0.1561737618886061,-0.7299847006016258
343,1574251200,394,300,0,694,47,-0.1561737618886061,0.824459038104438
343,1574265600,486,212,0,698,47,-0.1561737618886061,0.8361465850120023
343,1574280000,900,251,0,1151,47,-0.1561737618886061,2.1597612722936694
343,1574294400,274,48,0,322,47,-0.1561737618886061,-0.2624828242990502
343,1574308800,41,6,0,47,47,-0.1561737618886061,-1.0660016741941019
343,1574323200,94,65,0,159,47,-0.1561737618886061,-0.738750360782299
343,1574337600,396,323,0,719,47,-0.1561737618886061,0.8975062062767154
343,1574352000,521,167,0,688,47,-0.1561737618886061,0.8069277177430915
343,1574366400,939,212,0,1151,47,-0.1561737618886061,2.1597612722936694
343,1574380800,303,76,0,379,47,-0.1561737618886061,-0.09593528086625763
343,1574395200,38,6,0,44,47,-0.1561737618886061,-1.0747673343747752
343,1574409600,81,49,0,130,47,-0.1561737618886061,-0.8234850758621408
343,1574424000,381,277,0,658,47,-0.1561737618886061,0.7192711159363585
343,1574438400,564,210,0,774,47,-0.1561737618886061,1.0582099762557258
343,1574452800,775,222,0,997,47,-0.1561737618886061,1.7097907163524406
343,1574467200,242,80,0,322,47,-0.1561737618886061,-0.2624828242990502
343,1574481600,51,14,0,65,47,-0.1561737618886061,-1.0134077131100623
343,1574496000,16,27,11,43,47,6.403124237432849,-1.0776892211016664
343,1574510400,147,115,0,262,47,-0.1561737618886061,-0.43779602791251604
343,1574524800,270,156,0,426,47,-0.1561737618886061,0.04139339529762393
343,1574539200,270,142,0,412,47,-0.1561737618886061,0.0004869811211485716
343,1574553600,179,74,0,253,47,-0.1561737618886061,-0.4640930084545359
343,1574568000,50,16,0,66,47,-0.1561737618886061,-1.010485826383171
343,1574582400,17,14,0,31,47,-0.1561737618886061,-1.1127518618243595
343,1574596800,98,59,0,157,47,-0.1561737618886061,-0.7445941342360812
343,1574611200,213,125,0,338,47,-0.1561737618886061,-0.21573263666879264
343,1574625600,186,78,0,264,47,-0.1561737618886061,-0.4319522544587338
343,1574640000,83,32,0,115,47,-0.1561737618886061,-0.8673133767655073
343,1574654400,18,3,0,21,47,-0.1561737618886061,-1.1419707290932704
343,1574668800,85,47,0,132,47,-0.1561737618886061,-0.8176413024083586
343,1574683200,351,253,0,604,47,-0.1561737618886061,0.5614892326842392
343,1574697600,449,183,0,632,47,-0.1561737618886061,0.64330206103719
343,1574712000,810,181,0,991,47,-0.1561737618886061,1.692259395991094
343,1574726400,225,36,0,261,48,-0.1664861155718869,-0.012289922172491986
343,1574740800,31,7,0,38,48,-0.1664861155718869,-0.9045954343241241
343,1574755200,85,52,0,137,48,-0.1664861155718869,-0.5084598033689153
343,1574769600,362,267,0,629,48,-0.1664861155718869,1.4602142413781836
343,1574784000,515,194,0,709,48,-0.1664861155718869,1.7803238421500696
343,1574798400,770,225,0,995,48,-0.1664861155718869,2.924715664909562
343,1574812800,219,38,0,257,48,-0.1664861155718869,-0.028295402211086285
343,1574827200,31,24,0,55,48,-0.1664861155718869,-0.8365721441600984
343,1574841600,54,50,0,104,48,-0.1664861155718869,-0.6405050136873183
343,1574856000,280,172,0,452,48,-0.1664861155718869,0.7519717496703858
343,1574870400,547,129,0,676,48,-0.1664861155718869,1.6482786318316665
343,1574884800,455,158,0,613,48,-0.1664861155718869,1.3961923212238063
343,1574899200,121,33,0,154,48,-0.1664861155718869,-0.44043651320488947
343,1574913600,44,6,0,50,48,-0.1664861155718869,-0.8565789942083413
343,1574928000,24,15,0,39,48,-0.1664861155718869,-0.9005940643144756
343,1574942400,109,38,0,147,48,-0.1664861155718869,-0.4684461032724295
343,1574956800,154,63,0,217,48,-0.1664861155718869,-0.18835020259702928
343,1574971200,110,72,0,182,48,-0.1664861155718869,-0.3283981529347294
343,1574985600,103,40,0,143,48,-0.1664861155718869,-0.48445158331102384
343,1575000000,16,5,0,21,48,-0.1664861155718869,-0.9726187244881499
343,1575014400,21,36,15,57,48,6.38890468507116,-0.8285694041408013
343,1575028800,116,96,0,212,48,-0.1664861155718869,-0.20835705264527216
343,1575043200,277,95,0,372,48,-0.1664861155718869,0.43186214889849983
343,1575057600,247,102,0,349,48,-0.1664861155718869,0.3398306386765826
343,1575072000,112,44,0,156,48,-0.1664861155718869,-0.43243377318559234
343,1575086400,35,16,0,51,48,-0.1664861155718869,-0.8525776241986927
343,1575100800,14,15,1,29,48,0.27053993780431623,-0.9406077644109614
343,1575115200,98,63,0,161,48,-0.1664861155718869,-0.41242692313734947
343,1575129600,214,110,0,324,48,-0.1664861155718869,0.2397963884353682
343,1575144000,182,100,0,282,48,-0.1664861155718869,0.07173884803012809
343,1575158400,140,39,0,179,48,-0.1664861155718869,-0.3404022629636751
343,1575172800,25,10,0,35,48,-0.1664861155718869,-0.9165995443530699
343,1575187200,11,8,0,19,48,-0.1664861155718869,-0.980621464507447
343,1575201600,99,66,0,165,48,-0.1664861155718869,-0.39642144309875516
343,1575216000,175,70,0,245,48,-0.1664861155718869,-0.07631184232686919
343,1575230400,118,90,0,208,48,-0.1664861155718869,-0.22436253268386644
343,1575244800,56,23,0,79,48,-0.1664861155718869,-0.7405392639285326
343,1575259200,17,3,0,20,48,-0.1664861155718869,-0.9766200944977985
343,1575273600,82,48,0,130,48,-0.1664861155718869,-0.5364693934364553
343,1575288000,344,257,0,601,48,-0.1664861155718869,1.3481758811080233
343,1575302400,482,165,0,647,48,-0.1664861155718869,1.5322389015518578
343,1575316800,716,175,0,891,48,-0.1664861155718869,2.50857318390611
343,1575331200,193,37,0,230,49,0.0,-0.5571633442756267
343,1575345600,24,5,0,29,49,0.0,-1.1377080187232742
343,1575360000,83,68,0,151,49,0.0,-0.7853376193072892
343,1575374400,374,298,0,672,49,0.0,0.7194572831167126
343,1575388800,480,195,0,675,49,0.0,0.728122129003991
343,1575403200,862,315,0,1177,49,0.0,2.1780396741418966
343,1575417600,267,49,0,316,49,0.0,-0.3087710955069815
343,1575432000,33,9,0,42,49,0.0,-1.1001603532117348
343,1575446400,102,79,0,181,49,0.0,-0.698689160434506
343,1575460800,418,291,0,709,49,0.0,0.8263237157264786
343,1575475200,475,217,0,692,49,0.0,0.7772229223652347
343,1575489600,837,264,0,1101,49,0.0,1.9585302449975126
343,1575504000,334,56,0,390,49,0.0,-0.0950382302874496
343,1575518400,32,8,0,40,49,0.0,-1.1059369171365871
343,1575532800,109,63,0,172,49,0.0,-0.7246836980963409
343,1575547200,379,307,0,686,49,0.0,0.7598932305906781
343,1575561600,505,204,0,709,49,0.0,0.8263237157264786
343,1575576000,890,238,0,1128,49,0.0,2.0365138579830173
343,1575590400,257,49,0,306,49,0.0,-0.3376539151312426
343,1575604800,47,6,0,53,49,0.0,-1.0683892516250477
343,1575619200,79,55,0,134,49,0.0,-0.834438412668533
343,1575633600,398,249,0,647,49,0.0,0.64725023405606
343,1575648000,543,170,0,713,49,0.0,0.837876843576183
343,1575662400,827,257,0,1084,49,0.0,1.9094294516362686
343,1575676800,255,74,0,329,49,0.0,-0.27122342999544213
343,1575691200,64,18,0,82,49,0.0,-0.9846290747146906
343,1575705600,24,17,0,41,49,0.0,-1.103048635174161
343,1575720000,173,121,0,294,49,0.0,-0.3723132986803559
343,1575734400,356,125,0,481,49,0.0,0.16779542829332617
343,1575748800,339,182,0,521,49,0.0,0.2833267067903704
343,1575763200,187,73,0,260,49,0.0,-0.47051488540284353
343,1575777600,54,19,0,73,49,0.0,-1.0106236123765255
343,1575792000,18,14,0,32,49,0.0,-1.129043172835996
343,1575806400,117,92,0,209,49,0.0,-0.617817265486575
343,1575820800,244,130,0,374,49,0.0,-0.1412507416862673
343,1575835200,240,126,0,366,49,0.0,-0.16435699738567616
343,1575849600,114,22,0,136,49,0.0,-0.8286618487436808
343,1575864000,13,3,0,16,49,0.0,-1.1752556842348136
343,1575878400,85,60,0,145,49,0.0,-0.8026673110818459
343,1575892800,355,265,0,620,49,0.0,0.569266621070555
343,1575907200,427,165,0,592,49,0.0,0.488394726122624
343,1575921600,923,231,0,1154,49,0.0,2.111609189006096
343,1575936000,234,46,0,280,50,-0.15806529099602448,-0.4182721868654034
343,1575950400,28,4,0,32,50,-0.15806529099602448,-1.1088290260459457
343,1575964800,87,93,6,180,50,-0.10620011738795396,-0.6967225252446544
343,1575979200,427,293,0,720,50,-0.15806529099602448,0.8069093020033008
343,1575993600,504,205,0,709,50,-0.15806529099602448,0.7762797647815832
343,1576008000,880,242,0,1122,50,-0.15806529099602448,1.9262796622878895
343,1576022400,274,79,0,353,50,-0.15806529099602448,-0.21500343984855022
343,1576036800,38,7,0,45,50,-0.15806529099602448,-1.0726304820566432
343,1576051200,85,60,0,145,50,-0.15806529099602448,-0.7941801436773922
343,1576065600,399,286,0,685,50,-0.15806529099602448,0.709451683570563
343,1576080000,466,201,0,667,50,-0.15806529099602448,0.6593306226622978
343,1576094400,855,300,0,1155,50,-0.15806529099602448,2.018168273953042
343,1576108800,355,59,0,414,50,-0.15806529099602448,-0.04514873343720714
343,1576123200,61,6,0,67,50,-0.15806529099602448,-1.0113714076132079
343,1576137600,103,66,0,169,50,-0.15806529099602448,-0.727352062466372
343,1576152000,444,213,0,657,50,-0.15806529099602448,0.6314855888243727
343,1576166400,499,104,0,603,50,-0.15806529099602448,0.4811224060995772
343,1576180800,881,160,0,1041,50,-0.15806529099602448,1.7007348882006963
343,1576195200,307,51,0,358,50,-0.15806529099602448,-0.20108092292958768
343,1576209600,58,9,0,67,50,-0.15806529099602448,-1.0113714076132079
343,1576224000,84,56,0,140,50,-0.15806529099602448,-0.8081026605963547
343,1576238400,416,203,0,619,50,-0.15806529099602448,0.5256744602402573
343,1576252800,670,126,0,796,50,-0.15806529099602448,1.0185315591715316
343,1576267200,830,167,0,997,50,-0.15806529099602448,1.5782167393138258
343,1576281600,317,1076,759,1393,50,6.402879170424899,2.6808800792956595
343,1576296000,103,17,0,120,50,-0.15806529099602448,-0.863792728272205
343,1576310400,17,20,3,37,50,-0.13213270419198922,-1.0949065091269832
343,1576324800,143,62,0,205,50,-0.15806529099602448,-0.6271099406498416
343,1576339200,328,73,0,401,50,-0.15806529099602448,-0.08134727742650977
343,1576353600,299,96,0,395,50,-0.15806529099602448,-0.09805429772926483
343,1576368000,188,40,0,228,50,-0.15806529099602448,-0.5630663628226139
343,1576382400,83,10,0,93,50,-0.15806529099602448,-0.9389743196346028
343,1576396800,13,12,0,25,50,-0.15806529099602448,-1.1283205497324933
343,1576411200,105,45,0,150,50,-0.15806529099602448,-0.7802576267584297
343,1576425600,242,81,0,323,50,-0.15806529099602448,-0.2985385413623255
343,1576440000,227,68,0,295,50,-0.15806529099602448,-0.37650463610851576
343,1576454400,116,24,0,140,50,-0.15806529099602448,-0.8081026605963547
343,1576468800,25,5,0,30,50,-0.15806529099602448,-1.1143980328135308
343,1576483200,79,65,0,144,50,-0.15806529099602448,-0.7969646470611847
343,1576497600,378,197,0,575,50,-0.15806529099602448,0.4031563113533869
343,1576512000,420,129,0,549,50,-0.15806529099602448,0.33075922337478164
343,1576526400,820,125,0,945,50,-0.15806529099602448,1.4334225633566153
343,1576540800,258,31,0,289,51,-0.15617376188860607,-0.15268237941587653
343,1576555200,37,5,0,42,51,-0.15617376188860607,-1.0355848342989884
343,1576569600,89,64,0,153,51,-0.15617376188860607,-0.6388149051814767
343,1576584000,426,214,0,640,51,-0.15617376188860607,1.1019684775232825
343,1576598400,453,120,0,573,51,-0.15617376188860607,0.8624767185064061
343,1576612800,890,113,0,1003,51,-0.15617376188860607,2.3995133808535236
343,1576627200,216,33,0,249,51,-0.15617376188860607,-0.2956625340528177
343,1576641600,35,7,0,42,51,-0.15617376188860607,-1.0355848342989884
343,1576656000,82,62,0,144,51,-0.15617376188860607,-0.6709854399747884
343,1576670400,423,226,0,649,51,-0.15617376188860607,1.1341390123165942
343,1576684800,495,130,0,625,51,-0.15617376188860607,1.0483509195344296
343,1576699200,835,168,0,1003,51,-0.15617376188860607,2.3995133808535236
343,1576713600,337,39,0,376,51,-0.15617376188860607,0.1582994569194706
343,1576728000,37,12,0,49,51,-0.15617376188860607,-1.0105633072375237
343,1576742400,88,58,0,146,51,-0.15617376188860607,-0.6638364322429413
343,1576756800,375,209,0,584,51,-0.15617376188860607,0.9017962610315648
343,1576771200,478,133,0,611,51,-0.15617376188860607,0.9983078654115002
343,1576785600,794,145,0,939,51,-0.15617376188860607,2.170745133434418
343,1576800000,263,55,0,318,51,-0.15617376188860607,-0.04902176730409415
343,1576814400,50,16,0,66,51,-0.15617376188860607,-0.9497967415168237
343,1576828800,62,61,0,123,51,-0.15617376188860607,-0.7460500211591825
343,1576843200,369,163,0,532,51,-0.15617376188860607,0.7159220600035413
343,1576857600,499,127,0,626,51,-0.15617376188860607,1.051925423400353
343,1576872000,665,114,0,779,51,-0.15617376188860607,1.5988245148866531
343,1576886400,191,36,0,227,51,-0.15617376188860607,-0.3743016191031354
343,1576900800,43,8,0,51,51,-0.15617376188860607,-1.0034142995056767
343,1576915200,14,16,2,30,51,6.403124237432849,-1.078478880690071
343,1576929600,128,42,0,170,51,-0.15617376188860607,-0.5780483394607766
343,1576944000,215,56,0,271,51,-0.15617376188860607,-0.21702344900250006
343,1576958400,221,83,0,304,51,-0.15617376188860607,-0.09906482142702358
343,1576972800,151,31,0,182,51,-0.15617376188860607,-0.5351542930696942
343,1576987200,47,6,0,53,51,-0.15617376188860607,-0.9962652917738296
343,1577001600,14,12,0,26,51,-0.15617376188860607,-1.092776896153765
343,1577016000,107,35,0,142,51,-0.15617376188860607,-0.6781344477066354
343,1577030400,187,49,0,236,51,-0.15617376188860607,-0.34213108430982364
343,1577044800,143,36,0,179,51,-0.15617376188860607,-0.5458778046674648
343,1577059200,84,14,0,98,51,-0.15617376188860607,-0.8354126178072707
343,1577073600,19,5,0,24,51,-0.15617376188860607,-1.099925903885612
343,1577088000,38,37,0,75,51,-0.15617376188860607,-0.9176262067235119
343,1577102400,231,116,0,347,51,-0.15617376188860607,0.054638844807688214
343,1577116800,364,78,0,442,51,-0.15617376188860607,0.3942167120704236
343,1577131200,438,76,0,514,51,-0.15617376188860607,0.6515809904169177
343,1577145600,116,29,0,145,52,-0.3644462590574144,-0.14775584722236715
343,1577160000,35,24,0,59,52,-0.3644462590574144,-0.8107299095418583
343,1577174400,29,31,2,60,52,0.43070921524967165,-0.803020908817213
343,1577188800,153,75,0,228,52,-0.3644462590574144,0.49209121292318825
343,1577203200,321,53,0,374,52,-0.3644462590574144,1.6176053187213941
343,1577217600,163,57,0,220,52,-0.3644462590574144,0.43041920712602627
343,1577232000,95,10,0,105,52,-0.3644462590574144,-0.45611587620817695
343,1577246400,20,4,0,24,52,-0.3644462590574144,-1.0805449349044418
343,1577260800,7,9,2,16,52,0.43070921524967165,-1.1422169407016038
343,1577275200,38,14,0,52,52,-0.3644462590574144,-0.864692914614375
343,1577289600,99,52,0,151,52,-0.3644462590574144,-0.10150184287449567
343,1577304000,92,23,0,115,52,-0.3644462590574144,-0.3790258689617245
343,1577318400,60,12,0,72,52,-0.3644462590574144,-0.7105129001214701
343,1577332800,22,3,0,25,52,-0.3644462590574144,-1.0728359341797966
343,1577347200,18,28,10,46,52,3.6113311124780156,-0.9109469189622464
343,1577361600,149,80,0,229,52,-0.3644462590574144,0.4998002136478335
343,1577376000,258,64,0,322,52,-0.3644462590574144,1.2167372810398414
343,1577390400,312,66,0,378,52,-0.3644462590574144,1.6484413216199751
343,1577404800,104,23,0,127,52,-0.3644462590574144,-0.2865178602659816
343,1577419200,35,16,0,51,52,-0.3644462590574144,-0.8724019153390202
343,1577433600,31,39,8,70,52,2.8161756381709293,-0.7259309015707606
343,1577448000,168,82,0,250,52,-0.3644462590574144,0.6616892288653836
343,1577462400,304,78,0,382,52,-0.3644462590574144,1.6792773245185562
343,1577476800,369,70,0,439,52,-0.3644462590574144,2.118690365823335
