remote_unit_id,time_stamp,entries,exits,num_people_exited,sum_exit_entry,week_num,z_score_num_people_exited,z_score_sum_exit_entry
345,1546311600,32,174,142,206,1,0.45236418164132036,-0.3917845515897111
345,1546326000,38,76,38,114,1,-0.3431421574463654,-0.6352880372281867
345,1546340400,105,81,0,186,1,-0.6338079351899428,-0.44472009194590145
345,1546354800,178,142,0,320,1,-0.6338079351899428,-0.09005197155942612
345,1546369200,192,273,81,465,1,-0.014230882631264529,0.2937306960229539
345,1546383600,70,257,187,327,1,0.7965736552850305,-0.07152453243475951
345,1546398000,12,74,62,86,1,-0.15956377150305326,-0.7093977937268532
345,1546412400,128,35,0,163,1,-0.6338079351899428,-0.5055959633555204
345,1546426800,574,459,0,1033,1,-0.6338079351899428,1.7971000421387597
345,1546441200,266,293,27,559,1,-0.42728225100371675,0.5425277356970485
345,1546455600,316,692,376,1008,1,2.242253444588613,1.7309306166935219
345,1546470000,106,342,236,448,1,1.1713795265859595,0.2487354867201921
345,1546484400,12,99,87,111,1,0.03166371385456349,-0.6432283682816152
345,1546498800,130,32,0,162,1,-0.6338079351899428,-0.5082427403733298
345,1546513200,638,455,0,1093,1,-0.6338079351899428,1.9559066632073308
345,1546527600,280,287,7,567,1,-0.5802642392898102,0.5637019518395247
345,1546542000,339,741,402,1080,1,2.4411300293605347,1.9214985619758072
345,1546556400,92,389,297,481,1,1.6379745908585444,0.33607912830790615
345,1546570800,16,124,108,140,1,0.19229480155496156,-0.5664718347651393
345,1546585200,126,38,0,164,1,-0.6338079351899428,-0.5029491863377108
345,1546599600,608,434,0,1042,1,-0.6338079351899428,1.8209210352990455
345,1546601723,35,31,0,66,1,-0.6338079351899428,-0.7623333340830435
345,1546614000,244,274,30,518,1,-0.4043349527608027,0.4340098779668583
345,1546628400,336,657,321,993,1,1.8215529768018563,1.6912289614263791
345,1546642800,107,372,265,479,1,1.3932034096007948,0.33078557427228716
345,1546657200,5,121,116,126,1,0.2534875968693989,-0.6035267130144725
345,1546671600,0,3,3,3,1,-0.6108606369470289,-0.9290802862050431
345,1546686000,0,0,0,0,1,-0.6338079351899428,-0.9370206172584716
345,1546700400,0,0,0,0,1,-0.6338079351899428,-0.9370206172584716
345,1546714800,0,0,0,0,1,-0.6338079351899428,-0.9370206172584716
345,1546729200,0,0,0,0,1,-0.6338079351899428,-0.9370206172584716
345,1546743600,0,2,2,2,1,-0.6185097363613336,-0.9317270632228527
345,1546758000,0,0,0,0,1,-0.6338079351899428,-0.9370206172584716
345,1546772400,0,0,0,0,1,-0.6338079351899428,-0.9370206172584716
345,1546786800,0,1,1,1,1,-0.6261588357756381,-0.9343738402406622
345,1546801200,0,1,1,1,1,-0.6261588357756381,-0.9343738402406622
345,1546815600,0,1,1,1,1,-0.6261588357756381,-0.9343738402406622
345,1546830000,0,2,2,2,1,-0.6185097363613336,-0.9317270632228527
345,1546844400,135,23,0,158,1,-0.6338079351899428,-0.5188298484445679
345,1546858800,711,428,0,1139,1,-0.6338079351899428,2.077658406026569
345,1546873200,270,272,2,542,1,-0.6185097363613336,0.49753252639428674
345,1546887600,261,726,465,987,1,2.9230232924617288,1.675348299319522
345,1546902000,73,377,304,450,1,1.691518286758677,0.2540290407558111
345,1546916400,6,37,31,43,2,-0.6155584505253737,-1.2673370509525426
345,1546930800,138,31,0,169,2,-0.8161734949769474,-0.9206634401988542
345,1546945200,662,471,0,1133,2,-0.8161734949769474,1.7316648198531743
345,1546959600,252,261,9,513,2,-0.7579304175555228,0.02581054471597763
345,1546974000,315,768,453,1083,2,2.1153947352347577,1.5940959266969488
345,1546988400,91,404,313,495,2,1.2093913086792638,-0.02371425682026357
345,1547002800,11,116,105,127,2,-0.13667092506032705,-1.0362213104500835
345,1547017200,172,38,0,210,2,-0.8161734949769474,-0.8078569478107491
345,1547031600,715,470,0,1185,2,-0.8161734949769474,1.874736468735649
345,1547046000,257,288,31,545,2,-0.6155584505253737,0.11385463633596198
345,1547060400,276,700,424,976,2,1.927722596876834,1.2996984953426263
345,1547074800,81,423,342,504,2,1.3970634470371874,0.001048143947857031
345,1547089200,19,112,93,131,2,-0.21432836162222652,-1.0252157989975856
345,1547103600,150,48,0,198,2,-0.8161734949769474,-0.8408734821682433
345,1547118000,709,492,0,1201,2,-0.8161734949769474,1.9187585145456412
345,1547132400,271,301,30,572,2,-0.6220299035721987,0.18814183864032377
345,1547146800,298,778,480,1076,2,2.2901239674990315,1.5748362816550774
345,1547161200,82,395,313,477,2,1.2093913086792638,-0.07323905835650477
345,1547175600,8,99,91,107,2,-0.22727126771587644,-1.0912488677125738
345,1547190000,157,40,0,197,2,-0.8161734949769474,-0.8436248600313678
345,1547204400,633,439,0,1072,2,-0.8161734949769474,1.5638307702025793
345,1547218800,262,345,83,607,2,-0.27904289209047606,0.2844400638496817
345,1547233200,307,693,386,1000,2,1.6818073810974856,1.3657315640576144
345,1547247600,103,393,290,496,2,1.0605478886022897,-0.020962878957139056
345,1547262000,20,136,116,156,2,-0.06548494154525254,-0.9564313524194727
345,1547276400,55,27,0,82,2,-0.8161734949769474,-1.1600333142906867
345,1547290800,195,173,0,368,2,-0.8161734949769474,-0.37313924543707644
345,1547305200,225,244,19,469,2,-0.6932158870872732,-0.09525008126150085
345,1547319600,205,362,157,567,2,0.19984463337457065,0.17438494932470122
345,1547334000,95,290,195,385,2,0.445759849153919,-0.3263658217639598
345,1547348400,29,130,101,159,2,-0.16255673724762687,-0.9481772188300992
345,1547362800,32,23,0,55,2,-0.8161734949769474,-1.2343205165950484
345,1547377200,158,84,0,242,2,-0.8161734949769474,-0.7198128561907648
345,1547391600,193,184,0,377,2,-0.8161734949769474,-0.34837684466895585
345,1547406000,145,290,145,435,2,0.12218719681267118,-0.18879692860773423
345,1547420400,52,232,180,284,2,0.34868805345154463,-0.6042549859395354
345,1547434800,16,94,78,110,2,-0.31140015732460086,-1.0829947341232002
345,1547449200,149,55,0,204,2,-0.8161734949769474,-0.8243652149894962
345,1547463600,687,465,0,1152,2,-0.8161734949769474,1.7839409992525401
345,1547478000,255,288,33,543,2,-0.6026155444317238,0.10835188060971296
345,1547492400,266,717,451,983,2,2.1024518291411076,1.3189581403844977
345,1547506800,58,406,348,464,2,1.4358921653181371,-0.1090069705771234
345,1547521200,0,15,15,15,3,-0.6256100444526987,-1.2604799123530719
345,1547535600,154,37,0,191,3,-0.727010493700926,-0.7049217768230668
345,1547540773,361,208,0,569,3,-0.727010493700926,0.4882655824402395
345,1547550000,315,250,0,565,3,-0.727010493700926,0.4756392611781939
345,1547564400,238,280,42,518,3,-0.44308923580588977,0.32727998634915845
345,1547578800,270,704,434,974,3,2.206842504547781,1.7666806102223536
345,1547593200,67,412,345,479,3,1.6051998390082995,0.20417335404421416
345,1547607600,0,4,4,4,3,-0.6999703739013987,-1.2952022958236973
345,1547622000,148,35,0,183,3,-0.727010493700926,-0.730174419347158
345,1547627233,397,242,0,639,3,-0.727010493700926,0.7092262045260369
345,1547636400,317,200,0,517,3,-0.727010493700926,0.3241234060336471
345,1547650800,254,316,62,570,3,-0.3078886368082535,0.49142216275575085
345,1547665200,290,721,431,1011,3,2.1865624146981353,1.883474081896275
345,1547679600,60,406,346,466,3,1.6119598689581813,0.16313780994256608
345,1547694000,0,12,12,12,3,-0.6458901343023442,-1.269949653299606
345,1547708400,155,33,0,188,3,-0.727010493700926,-0.714391517769601
345,1547722800,662,386,0,1048,3,-0.727010493700926,2.0002675535701964
345,1547737200,259,203,0,462,3,-0.727010493700926,0.1505114886805205
345,1547751600,333,793,460,1126,3,2.382603283244708,2.246480818180085
345,1547766000,87,451,364,538,3,1.733640408056054,0.3904115926593863
345,1547780400,0,8,8,8,3,-0.6729302541018715,-1.2825759745616516
345,1547794800,131,18,0,149,3,-0.727010493700926,-0.8374981500745453
345,1547809200,663,510,0,1173,3,-0.727010493700926,2.3948400930091207
345,1547823600,270,271,1,541,3,-0.7202504637510441,0.3998813336059205
345,1547838000,315,719,404,1034,3,2.0040416060513264,1.9560754291530371
345,1547852400,89,414,325,503,3,1.4699992400106632,0.27993128161648756
345,1547866800,1,128,127,129,3,0.13151330993406435,-0.9006297563847732
345,1547881200,33,8,0,41,3,-0.727010493700926,-1.1784088241497757
345,1547895600,184,146,0,330,3,-0.727010493700926,-0.2661571129669833
345,1547910000,218,233,15,451,3,-0.6256100444526987,0.11578910520989517
345,1547924400,166,352,186,518,3,0.5303550769770913,0.32727998634915845
345,1547938800,91,268,177,359,3,0.469514807428155,-0.1746162838171529
345,1547953200,2,110,108,112,3,0.003072740886309906,-0.9542916217484668
345,1547967600,1,6,5,7,3,-0.6932103439515168,-1.285732554877163
345,1547982000,119,36,0,155,3,-0.727010493700926,-0.8185586681814769
345,1547996400,159,145,0,304,3,-0.727010493700926,-0.34822820117027947
345,1548010800,112,270,158,382,3,0.3410742383804006,-0.10201493656039089
345,1548025200,60,227,167,287,3,0.40191450792933686,-0.40189006653397313
345,1548039600,1,125,124,126,3,0.11123322008441891,-0.9100994973313073
345,1548054000,61,27,0,88,3,-0.727010493700926,-1.0300495493207402
345,1548068400,203,151,0,354,3,-0.727010493700926,-0.19039918539470987
345,1548082800,166,185,19,351,3,-0.5985699246531715,-0.19986892634124406
345,1548097200,131,320,189,451,3,0.5506351668267367,0.11578910520989517
345,1548111600,49,253,204,302,3,0.652035616074964,-0.35454136180130225
345,1548126000,13,78,65,91,4,-0.44000303600225965,-1.2595027924963158
345,1548140400,141,40,0,181,4,-0.8853898688855258,-0.9667212565737973
345,1548154800,614,315,0,929,4,-0.8853898688855258,1.4666186197600233
345,1548169200,234,291,57,525,4,-0.4948198769725078,0.15235483628560678
345,1548183600,257,648,391,905,4,1.793783233535352,1.3885435435140183
345,1548198000,68,448,380,516,4,1.7184100772012607,0.12307668269335495
345,1548212400,15,97,82,112,4,-0.3235172489404824,-1.1911871007810615
345,1548226800,140,37,0,177,4,-0.8853898688855258,-0.9797337692814648
345,1548241200,623,326,0,949,4,-0.8853898688855258,1.5316811832983608
345,1548255600,264,335,71,599,4,-0.3988904052745736,0.39308632137745536
345,1548270000,286,685,399,971,4,1.8486000745056002,1.603250003190532
345,1548284400,81,445,364,526,4,1.6087763952607645,0.15560796446252367
345,1548298800,11,107,96,118,4,-0.22758777724254814,-1.1716683317195602
345,1548313200,150,44,0,194,4,-0.8853898688855258,-0.924430590273878
345,1548327600,675,370,0,1045,4,-0.8853898688855258,1.8439814882823802
345,1548342000,247,302,55,549,4,-0.5085240872150698,0.23042991253161174
345,1548356400,253,663,410,916,4,1.9239732308396913,1.4243279534601039
345,1548370800,85,404,319,489,4,1.3004316648031187,0.03524222191659939
345,1548385200,18,113,95,131,4,-0.23443988236382915,-1.129377665419641
345,1548399600,157,42,0,199,4,-0.8853898688855258,-0.9081649493892936
345,1548414000,610,282,0,892,4,-0.8853898688855258,1.346252877214099
345,1548428400,253,335,82,588,4,-0.3235172489404824,0.35730191143136975
345,1548442800,313,679,366,992,4,1.6224806055033265,1.671565694905786
345,1548457200,126,410,284,536,4,1.060607985558283,0.1881392462316924
345,1548471600,17,149,132,166,4,0.019088007123568493,-1.0155181792275505
345,1548486000,45,35,0,80,4,-0.8853898688855258,-1.2952872024424014
345,1548500400,215,174,0,389,4,-0.8853898688855258,-0.29007059577508787
345,1548514800,223,239,16,462,4,-0.7757561869450295,-0.05259223886015617
345,1548529200,208,433,225,641,4,0.6563337834027031,0.529717704807964
345,1548543600,114,279,165,393,4,0.24520747612584207,-0.27705808306742036
345,1548558000,22,135,113,157,4,-0.11110199018077084,-1.0447963328198022
345,1548572400,35,38,3,73,4,-0.8648335535216828,-1.3180590996808195
345,1548586800,163,83,0,246,4,-0.8853898688855258,-0.7552679250742006
345,1548601200,192,212,20,404,4,-0.7483477664599054,-0.24127367312133477
345,1548615600,171,330,159,501,4,0.20409484539815595,0.07427976003960186
345,1548630000,57,259,202,316,4,0.4987353656132397,-0.5275489526900196
345,1548644400,14,103,89,117,4,-0.27555251309151524,-1.1749214598964772
345,1548658800,139,43,0,182,4,-0.8853898688855258,-0.9634681283968805
345,1548673200,616,295,0,911,4,-0.8853898688855258,1.4080623125755196
345,1548687600,252,275,23,527,4,-0.7277914510960624,0.15886109263944054
345,1548702000,269,654,385,923,4,1.752670602807666,1.447099850698522
345,1548716400,43,422,379,465,4,1.7115579720799798,-0.04283285432940555
345,1548730800,1,13,12,14,5,-0.6746213894113383,-1.3076269469046289
345,1548745200,142,31,0,173,5,-0.7482164500743934,-0.8523746077668883
345,1548759600,662,439,0,1101,5,-0.7482164500743934,1.804695648332628
345,1548774000,253,276,23,529,5,-0.6071592504702045,0.16693251634025377
345,1548788400,335,780,445,1115,5,1.980933716180566,1.844780759954819
345,1548802800,75,419,344,494,5,1.3615086222665191,0.06671973728477631
345,1548817200,0,9,9,9,5,-0.6930201545771021,-1.3219430581982685
345,1548831600,140,32,0,172,5,-0.7482164500743934,-0.8552378300256163
345,1548846000,660,437,0,1097,5,-0.7482164500743934,1.7932427592977163
345,1548860400,250,297,47,547,5,-0.45996912914409427,0.21847051699735648
345,1548862338,63,73,10,136,5,-0.6868872328551808,-0.9583138313398216
345,1548874800,233,694,461,927,5,2.079060463731306,1.3064949753139687
345,1548889200,41,379,338,420,5,1.3247110919349916,-0.1451587098610903
345,1548903600,0,6,6,6,5,-0.7114189197428659,-1.3305327249744523
345,1548918000,113,33,0,146,5,-0.7482164500743934,-0.9296816087525424
345,1548932400,620,357,0,977,5,-0.7482164500743934,1.4496560882503653
345,1548946800,217,252,35,469,5,-0.5335641898071494,-0.004860819183421864
345,1548961200,233,663,430,896,5,1.8889398903517471,1.217735085293403
345,1548975600,45,364,319,409,5,1.2081855792184877,-0.1766541547070975
345,1548990000,0,9,9,9,5,-0.6930201545771021,-1.3219430581982685
345,1549004400,119,17,0,136,5,-0.7482164500743934,-0.9583138313398216
345,1549018800,572,401,0,973,5,-0.7482164500743934,1.4382031992154536
345,1549033200,235,272,37,507,5,-0.5212983463633069,0.10394162664823937
345,1549047600,253,694,441,947,5,1.956402029292881,1.3637594204885275
345,1549062000,102,387,285,489,5,0.9996662406731649,0.05240362599113668
345,1549076400,13,107,94,120,5,-0.1717218082137952,-1.0041253874794684
345,1549090800,34,68,34,102,5,-0.5396971115290706,-1.0556633881365711
345,1549105200,172,150,0,322,5,-0.7482164500743934,-0.42575449121642717
345,1549119600,252,255,3,507,5,-0.7298176849086296,0.10394162664823937
345,1549134000,210,387,177,597,5,0.33731069470566916,0.3616316299337528
345,1549148400,133,332,199,465,5,0.4722349725879368,-0.016313708218333573
345,1549162800,27,140,113,167,5,-0.05519629549729131,-0.8695539413192559
345,1549177200,40,31,0,71,5,-0.7482164500743934,-1.1444232781571368
345,1549191600,159,87,0,246,5,-0.7482164500743934,-0.6433593828797497
345,1549206000,217,231,14,448,5,-0.6623555459674958,-0.06498848661670834
345,1549220400,186,359,173,545,5,0.3127790078179841,0.21274407247990063
345,1549234800,70,230,160,300,5,0.23305102543300776,-0.4887453809084416
345,1549249200,21,127,106,148,5,-0.0981267475507401,-0.9239551642350865
345,1549263600,166,42,0,208,5,-0.7482164500743934,-0.7521618287114109
345,1549278000,687,439,0,1126,5,-0.7482164500743934,1.8762762048008261
345,1549292400,286,303,17,589,5,-0.643956780801732,0.3387258518639294
345,1549306800,257,737,480,994,5,2.19558597644781,1.4983308666487398
345,1549321200,81,506,425,587,5,1.8582752817421408,0.33299940734647354
345,1549335600,9,114,105,123,6,-0.17740268958754518,-1.1202784399559238
345,1549350000,143,24,0,167,6,-0.8420975588153059,-0.9925467915700312
345,1549364400,603,206,0,809,6,-0.8420975588153059,0.8711740780604924
345,1549378800,243,262,19,505,6,-0.7218194396217111,-0.011335492605674513
345,1549393200,263,693,430,956,6,1.8799861913555236,1.2979139033497245
345,1549407600,73,445,372,518,6,1.5128214064487606,0.026403403508339206
345,1549422000,7,93,86,100,6,-0.29768080878113995,-1.1870472561576404
345,1549436400,138,34,0,172,6,-0.8420975588153059,-0.9780318315261798
345,1549450800,663,429,0,1092,6,-0.8420975588153059,1.6927208165424834
345,1549465200,281,360,79,641,6,-0.3419938000629907,0.3834714205870844
345,1549479600,292,675,383,967,6,1.582456107034526,1.3298468154461975
345,1549494000,74,499,425,573,6,1.8483340547256304,0.18606796399070494
345,1549508400,5,86,81,91,6,-0.3293329454110333,-1.2131741842365729
345,1549522800,147,24,0,171,6,-0.8420975588153059,-0.9809348235349501
345,1549537200,717,456,0,1173,6,-0.8420975588153059,1.9278631692528765
345,1549551600,268,279,11,547,6,-0.7724628582295404,0.1105901717626775
345,1549566000,310,767,457,1077,6,2.0509077291569477,1.649175936410929
345,1549580400,84,437,353,521,6,1.3925432872551657,0.035112379534650066
345,1549594800,6,86,80,92,6,-0.335663372737012,-1.2102711922278027
345,1549609200,152,36,0,188,6,-0.8420975588153059,-0.9315839593858551
345,1549623600,640,458,0,1098,6,-0.8420975588153059,1.710138768595105
345,1549638000,277,266,0,543,6,-0.8420975588153059,0.09897820372759636
345,1549652400,329,692,363,1021,6,1.4558475605149526,1.486608383919793
345,1549666800,129,454,325,583,6,1.215291322127763,0.2150978840784078
345,1549681200,21,163,142,184,6,0.05682312147366574,-0.9431959274209364
345,1549695600,57,32,0,89,6,-0.8420975588153059,-1.2189801682541135
345,1549710000,224,205,0,429,6,-0.8420975588153059,-0.23196288527221626
345,1549724400,253,266,13,519,6,-0.7598020035775831,0.029306395517109493
345,1549738800,209,426,217,635,6,0.5316051709220663,0.3660534685344627
345,1549753200,87,345,258,432,6,0.7911526912871919,-0.2232539092459054
345,1549767600,33,147,114,180,6,-0.12042884365373711,-0.9548078954560175
345,1549782000,39,38,0,77,6,-0.8420975588153059,-1.253816072359357
345,1549796400,181,102,0,283,6,-0.8420975588153059,-0.655799718552678
345,1549810800,213,176,0,389,6,-0.8420975588153059,-0.3480825656230277
345,1549825200,146,355,209,501,6,0.4809617523142369,-0.022947460640755656
345,1549839600,72,240,168,312,6,0.22141423194911125,-0.5716129502983397
345,1549854000,19,108,89,127,6,-0.27868952680320397,-1.1086664719208426
345,1549868400,142,49,0,191,6,-0.8420975588153059,-0.9228749833595443
345,1549882800,691,487,0,1178,6,-0.8420975588153059,1.942378129296728
345,1549897200,285,315,30,600,6,-0.6521847390359456,0.26444874822750264
345,1549911600,305,668,363,973,6,1.4558475605149526,1.3472647674988194
345,1549926000,66,481,415,547,6,1.7850297814658436,0.1105901717626775
345,1549940400,4,86,82,90,7,-0.1963085618648141,-1.0875360437686672
345,1549954800,149,41,0,190,7,-0.7891635621483037,-0.775785199290829
345,1549969200,634,474,0,1108,7,-0.7891635621483037,2.0860875530157252
345,1549983600,254,299,45,553,7,-0.4638163058951692,0.3558703661637236
345,1549998000,293,753,460,1046,7,2.536608390661516,1.8928020294394658
345,1550012400,94,413,319,507,7,1.517186987735028,0.21246497770391803
345,1550026800,5,87,82,92,7,-0.1963085618648141,-1.0813010268791103
345,1550041200,143,42,0,185,7,-0.7891635621483037,-0.7913727415147209
345,1550046884,437,306,0,743,7,-0.7891635621483037,0.9481969706716161
345,1550049537,135,86,0,221,7,-0.7891635621483037,-0.6791424375026991
345,1550055600,153,97,0,250,7,-0.7891635621483037,-0.588734692604126
345,1550070000,269,328,59,597,7,-0.3625971595053051,0.4930407377339724
345,1550072467,70,80,10,150,7,-0.7168641718698294,-0.9004855370819642
345,1550084400,231,584,353,815,7,1.7630049146818407,1.1726575786956597
345,1550098800,94,472,378,566,7,1.9437533903780266,0.39639797594584253
345,1550113200,7,100,93,107,7,-0.1167792325584923,-1.0345384002074347
345,1550127600,149,36,0,185,7,-0.7891635621483037,-0.7913727415147209
345,1550142000,688,479,0,1167,7,-0.7891635621483037,2.27002055125765
345,1550144775,46,42,0,88,7,-0.7891635621483037,-1.0937710606582238
345,1550156400,223,252,29,475,7,-0.5794953303407282,0.11270470747100982
345,1550170800,361,752,391,1113,7,2.0377425977400434,2.1016750952396173
345,1550185200,104,459,355,563,7,1.7774647927375355,0.3870454506115074
345,1550199600,6,110,104,116,7,-0.03724990325217052,-1.0064808242044292
345,1550214000,130,29,0,159,7,-0.7891635621483037,-0.8724279610789588
345,1550228400,647,481,0,1128,7,-0.7891635621483037,2.148437721911293
345,1550242800,282,276,0,558,7,-0.7891635621483037,0.3714579083876155
345,1550257200,320,735,415,1055,7,2.2112611344083817,1.9208596054424711
345,1550271600,132,424,292,556,7,1.3219786339831472,0.36522289149805875
345,1550286000,16,138,122,154,7,0.09288899924908331,-0.8880155033028507
345,1550300400,63,37,0,100,7,-0.7891635621483037,-1.0563609593208834
345,1550314800,202,123,0,325,7,-0.7891635621483037,-0.3549215592457474
345,1550329200,242,263,21,505,7,-0.6373348425635076,0.20622996081436126
345,1550343600,219,360,141,579,7,0.23025784077818456,0.43692558572796153
345,1550358000,97,312,215,409,7,0.7652733288388948,-0.09305084988436338
345,1550372400,24,141,117,165,7,0.056739304109846136,-0.8537229104102885
345,1550386800,35,34,0,69,7,-0.7891635621483037,-1.1530037211090132
345,1550401200,166,82,0,248,7,-0.7891635621483037,-0.5949697094936828
345,1550415600,200,213,13,413,7,-0.6951743547862871,-0.08058081610524985
345,1550430000,144,317,173,461,7,0.4616158896693025,0.06905958924411247
345,1550444400,66,286,220,352,7,0.8014230239781319,-0.27074883123673116
345,1550458800,16,103,87,119,7,-0.16015886672557691,-0.997128298870094
345,1550473200,74,35,0,109,7,-0.7891635621483037,-1.0283033833178779
345,1550487600,233,160,0,393,7,-0.7891635621483037,-0.1429309850008175
345,1550502000,207,234,27,441,7,-0.593955208396423,0.0067094203485448395
345,1550516400,199,375,176,574,7,0.4833057067528448,0.4213380435040696
345,1550530800,73,315,242,388,7,0.9604816825907754,-0.15851852722470938
345,1550545200,9,86,77,95,8,-0.3900989408231734,-1.4571583164485433
345,1550559600,129,35,0,164,8,-0.8949328642413978,-1.200012731192918
345,1550574000,546,229,0,775,8,-0.8949328642413978,1.077030059983706
345,1550588400,239,334,95,573,8,-0.2720858158682638,0.32422704227883187
345,1550602800,234,602,368,836,8,1.517779912614532,1.3043616643401283
345,1550617200,79,453,374,532,8,1.5571176209328352,0.17143039017041686
345,1550631600,12,105,93,117,8,-0.2851983853076982,-1.3751698689757352
345,1550646000,149,43,0,192,8,-0.8949328642413978,-1.0956637980457078
345,1550660400,532,223,0,755,8,-0.8949328642413978,1.0024951077356985
345,1550674800,238,292,54,530,8,-0.540893489376669,0.16397689494561613
345,1550689200,199,571,372,770,8,1.5440050514934007,1.058396321921704
345,1550703600,63,406,343,469,8,1.3538727946216018,-0.06335470941080623
345,1550718000,13,105,92,118,8,-0.2917546700274154,-1.371443121363335
345,1550732400,142,40,0,182,8,-0.8949328642413978,-1.1329312741697115
345,1550746800,577,223,0,800,8,-0.8949328642413978,1.170198750293715
345,1550761200,242,258,16,500,8,-0.7900323087259227,0.05217446657360513
345,1550775600,230,597,367,827,8,1.5112236278948148,1.270820935828525
345,1550790000,91,439,348,530,8,1.386654218220188,0.16397689494561613
345,1550804400,12,96,84,108,8,-0.34420494778515304,-1.4087105974873386
345,1550818800,130,37,0,167,8,-0.8949328642413978,-1.1888324883557169
345,1550833200,545,223,0,768,8,-0.8949328642413978,1.0509428266969034
345,1550847600,256,249,0,505,8,-0.8949328642413978,0.07080820463560697
345,1550862000,263,548,285,811,8,0.9736082808780043,1.211192974030119
345,1550876400,116,424,308,540,8,1.1244028294314998,0.2012443710696198
345,1551495600,8416,7348,0,15764,9,-0.8215228097212973,4.118195660277627
345,1551510000,61,42,0,103,9,-0.8215228097212973,-0.3118666562802544
345,1551524400,210,152,0,362,9,-0.8215228097212973,-0.23860274337632162
345,1551538800,238,216,0,454,9,-0.8215228097212973,-0.2125784963216428
345,1551553200,214,349,135,563,9,0.5411395982123222,-0.18174542100686028
345,1551567600,103,295,192,398,9,1.1164859482287393,-0.22841934235492556
345,1551582000,18,166,148,184,9,0.6723589411985226,-0.2889540039821133
345,1551596400,42,34,0,76,9,-0.8215228097212973,-0.31950420704630145
345,1551610800,172,98,0,270,9,-0.8215228097212973,-0.26462699043100046
345,1551625200,186,189,3,375,9,-0.791241422878328,-0.23492540411859528
345,1551639600,164,347,183,511,9,1.0256417876998314,-0.1964547780377657
345,1551654000,50,225,175,275,9,0.9448914227852464,-0.2632126291780288
345,1551668400,8,95,87,103,9,0.05663740872481302,-0.3118666562802544
345,1551682800,123,42,0,165,9,-0.8215228097212973,-0.2943285767434056
345,1551697200,423,158,0,581,9,-0.8215228097212973,-0.17665372049616224
345,1551711600,206,191,0,397,9,-0.8215228097212973,-0.2287022146055199
345,1551726000,218,476,258,694,9,1.7826764587740644,-0.14468915617900238
345,1551740400,70,354,284,424,9,2.045115144746465,-0.22106466383947285
345,1551754800,15,88,73,103,10,-0.20629142730927233,-1.160842509878261
345,1551769200,151,55,0,206,10,-0.7665729535675774,-0.8489953139993873
345,1551783600,699,481,0,1180,10,-0.7665729535675774,2.0999286547969533
345,1551798000,265,318,53,583,10,-0.35979321532524633,0.2924259757708596
345,1551812400,299,661,362,960,10,2.0118094095215517,1.4338472655411065
345,1551826800,86,465,379,551,10,2.1422859293351295,0.1955414100609182
345,1551841200,13,100,87,113,10,-0.09884017569809055,-1.1305660830939044
345,1551855600,187,49,0,236,10,-0.7665729535675774,-0.7581660336463173
345,1551870000,721,505,0,1226,10,-0.7665729535675774,2.239200218004994
345,1551884400,258,294,36,552,10,-0.4902697351388242,0.19856905273935388
345,1551898800,273,672,399,945,10,2.2957877173511037,1.3884326253645716
345,1551913200,87,441,354,528,10,1.9504086943151622,0.12590562845689784
345,1551927600,13,77,64,90,10,-0.2753672319164606,-1.200201864697925
345,1551942000,178,34,0,212,10,-0.7665729535675774,-0.8308294579287733
345,1551956400,694,392,0,1086,10,-0.7665729535675774,1.8153302430240006
345,1551970800,303,248,0,551,10,-0.7665729535675774,0.1955414100609182
345,1551985200,274,623,349,897,10,1.9120332473111687,1.2431057767996594
345,1551999600,96,393,297,489,10,1.5129285984696363,0.007827563997906786
345,1552014000,17,96,79,113,10,-0.16024089090448015,-1.1305660830939044
345,1552028400,158,30,0,188,10,-0.7665729535675774,-0.9034928822112294
345,1552042800,663,427,0,1090,10,-0.7665729535675774,1.8274408137377431
345,1552057200,286,249,0,535,10,-0.7665729535675774,0.14709912720594753
345,1552071600,279,563,284,842,10,1.4131524362592534,1.0765854294856976
345,1552086000,115,333,218,448,10,0.9065965358065391,-0.11630578581795561
345,1552100400,21,162,141,183,10,0.31561465194503924,-0.9186310956034077
345,1552114800,64,48,0,112,10,-0.7665729535675774,-1.13359372577234
345,1552129200,250,114,0,364,10,-0.7665729535675774,-0.37062777080655174
345,1552143600,272,200,0,472,10,-0.7665729535675774,-0.04364236153549957
345,1552158000,247,347,100,594,10,0.0009359865122925456,0.32573004523365195
345,1552172400,111,277,166,388,10,0.5074918869650067,-0.2979643465240957
345,1552190400,18,132,114,150,10,0.10838723812347434,-1.0185433039917848
345,1552204800,71,37,0,108,10,-0.7665729535675774,-1.1457042964860829
345,1552219200,166,58,0,224,10,-0.7665729535675774,-0.7944977457875453
345,1552233600,197,148,0,345,10,-0.7665729535675774,-0.4281529816968294
345,1552248000,139,217,78,356,10,-0.16791598030527885,-0.39484891223403706
345,1552262400,53,183,130,236,10,0.23118866853625353,-0.7581660336463173
345,1552276800,8,48,40,56,10,-0.45956937753562943,-1.3031417157647376
345,1552291200,381,114,0,495,10,-0.7665729535675774,0.025993420068520796
345,1552305600,513,351,0,864,10,-0.7665729535675774,1.1431935684112824
345,1552320000,286,284,0,570,10,-0.7665729535675774,0.2530666209511959
345,1552334400,205,497,292,702,10,1.474553151465643,0.6527154545047041
345,1552348800,65,236,171,301,11,0.4227497883535301,-0.7023783196319738
345,1552363200,0,27,27,27,11,-0.6456959784505442,-1.676934589504744
345,1552377600,394,150,0,544,11,-0.8460295597263081,0.16191793430628573
345,1552392000,516,345,0,861,11,-0.8460295597263081,1.2894155166043446
345,1552406400,273,280,7,553,11,-0.794091223839999,0.19392890667436943
345,1552420800,258,657,399,915,11,2.1144555857933143,1.4814813508128468
345,1552435200,67,272,205,339,11,0.6750217055156031,-0.5672208807445094
345,1552449600,12,56,44,68,11,-0.5195600198695076,-1.5311068264945848
345,1552464000,394,163,0,557,11,-0.8460295597263081,0.20815600550462884
345,1552478400,497,317,0,814,11,-0.8460295597263081,1.1222471053487963
345,1552492800,312,346,34,658,11,-0.593757642564235,0.5673902509686791
345,1552507200,268,643,375,911,11,1.9363812913259686,1.4672542519825873
345,1552521600,60,296,236,356,11,0.9050343358692581,-0.5067557107159069
345,1552536000,10,63,53,73,11,-0.452782159444253,-1.5133229529567607
345,1552550400,403,151,0,554,11,-0.8460295597263081,0.19748568138193429
345,1552564800,486,360,0,846,11,-0.8460295597263081,1.2360638959908719
345,1552579200,260,345,85,605,11,-0.2153497668211254,0.37888119146774185
345,1552593600,275,668,393,943,11,2.069937012176478,1.5810710426246626
345,1552608000,67,349,282,416,11,1.246343400265004,-0.29334922826201565
345,1552622400,12,65,53,77,11,-0.452782159444253,-1.4990958541265014
345,1552636800,336,162,0,498,11,-0.8460295597263081,-0.001693702241697569
345,1552651200,486,374,0,860,11,-0.8460295597263081,1.2858587418967797
345,1552665600,267,414,147,681,11,0.24467549388618437,0.6491960692426708
345,1552680000,260,645,385,905,11,2.0105789140206958,1.4459136037371982
345,1552694400,90,429,339,519,11,1.66926984962495,0.07299856661716438
345,1552708800,13,121,108,134,11,-0.0446952346232524,-1.2963596957953045
345,1552723200,103,42,0,145,11,-0.8460295597263081,-1.257235174012091
345,1552737600,272,210,0,482,11,-0.8460295597263081,-0.05860209756273524
345,1552752000,278,334,56,612,11,-0.4305228726358348,0.40377861442069585
345,1552766400,198,359,161,557,11,0.3485521656588027,0.20815600550462884
345,1552780800,91,302,211,393,11,0.7195402791324396,-0.3751550465360073
345,1552795200,11,107,96,118,11,-0.13373238185692526,-1.3532680911163422
345,1552809600,68,37,0,105,11,-0.8460295597263081,-1.3995061623146854
345,1552824000,205,100,0,305,11,-0.8460295597263081,-0.6881512208017144
345,1552838400,221,210,0,431,11,-0.8460295597263081,-0.2399976076485428
345,1552852800,128,336,208,464,11,0.6972809923240214,-0.12262404229890261
345,1552867200,61,245,184,306,11,0.5192066978566757,-0.6845944460941497
345,1552881600,8,44,36,52,11,-0.5789181180252896,-1.5880152218156227
345,1552896000,359,137,0,496,11,-0.8460295597263081,-0.008807251656827277
345,1552910400,472,385,0,857,11,-0.8460295597263081,1.275188417774085
345,1552924800,310,396,86,706,11,-0.20793000455165264,0.7381154369317922
345,1552939200,242,650,408,892,11,2.181233446218569,1.399675532538855
345,1552953600,59,365,306,424,12,1.0824320886188914,-0.3393218838877177
345,1552968000,10,64,54,74,12,-0.5165157447296566,-1.5651836910023527
345,1552982400,395,178,0,573,12,-0.8591474233043453,0.18254499971251253
345,1552996800,481,362,0,843,12,-0.8591474233043453,1.1282098223438024
345,1553011200,273,364,91,637,12,-0.28174959459514753,0.4067025872991886
345,1553025600,261,731,470,992,12,2.123017186512391,1.6500767059440327
345,1553040000,63,366,303,429,12,1.063396995364742,-0.3218095723575087
345,1553054400,8,55,47,63,12,-0.5609309623226718,-1.6037107763688125
345,1553068800,414,173,0,587,12,-0.8591474233043453,0.23157947199709794
345,1553083200,499,370,0,869,12,-0.8591474233043453,1.2192738423008895
345,1553097600,304,426,122,730,12,-0.08505363096893727,0.7324315817610774
345,1553112000,216,678,462,894,12,2.072256937834659,1.3068353999519349
345,1553126400,66,400,334,466,12,1.2600929589909522,-0.19221846703396156
345,1553140800,10,90,80,100,12,-0.35154493652702856,-1.4741196710452655
345,1553155200,366,169,0,535,12,-0.8591474233043453,0.049451432082923616
345,1553169600,510,421,0,931,12,-0.8591474233043453,1.4364265052754819
345,1553184000,296,389,93,685,12,-0.2690595324257146,0.5748207779891957
345,1553198400,241,731,490,972,12,2.2499178082067197,1.5800274598231963
345,1553212800,62,408,346,470,12,1.3362333320075497,-0.1782086178097943
345,1553227200,15,96,81,111,12,-0.3451999054423121,-1.4355925856788054
345,1553241600,366,135,0,501,12,-0.8591474233043453,-0.06963228632249806
345,1553256000,494,395,0,889,12,-0.8591474233043453,1.2893230884217257
345,1553270400,310,397,87,707,12,-0.30712971893401336,0.6518749487221156
345,1553284800,258,704,446,962,12,1.9707364404791956,1.5450028367627782
345,1553299200,82,392,310,474,12,1.1078122129577572,-0.16419876858562704
345,1553313600,12,116,104,128,12,-0.19926419049383354,-1.3760507264760946
345,1553328000,103,58,0,161,12,-0.8591474233043453,-1.2604694703767148
345,1553342400,260,183,0,443,12,-0.8591474233043453,-0.27277510007292327
345,1553356800,247,239,0,486,12,-0.8591474233043453,-0.12216922091312528
345,1553371200,187,367,180,554,12,0.2829581719446174,0.11599821589771808
345,1553385600,94,313,219,407,12,0.5304143842485594,-0.3988637430904286
345,1553400000,19,104,85,123,12,-0.3198197811034463,-1.3935630380063038
345,1553414400,55,43,0,98,12,-0.8591474233043453,-1.481124595657349
345,1553428800,213,111,0,324,12,-0.8591474233043453,-0.6895681144918991
345,1553443200,216,201,0,417,12,-0.8591474233043453,-0.36383912003001045
345,1553457600,141,329,188,470,12,0.3337184206223491,-0.1782086178097943
345,1553472000,46,266,220,312,12,0.5367594153332758,-0.7315976621644009
345,1553486400,10,54,44,64,12,-0.5799660555768211,-1.6002083140627708
345,1553500800,373,181,0,554,12,-0.8591474233043453,0.11599821589771808
345,1553515200,475,388,0,863,12,-0.8591474233043453,1.1982590684646386
345,1553529600,271,379,108,650,12,-0.1738840661549677,0.45223459727773224
345,1553544000,244,661,417,905,12,1.7867305390224182,1.3453624853183948
345,1553558400,39,347,308,386,13,1.1318726590094887,-0.4248723279950504
345,1553572800,0,42,42,42,13,-0.581580097962599,-1.5932307967564683
345,1553587200,380,172,0,552,13,-0.8521252701160866,0.13892856100028494
345,1553601600,478,356,0,834,13,-0.8521252701160866,1.0967107941128427
345,1553616000,266,342,76,608,13,-0.36256733955263293,0.3291264512637716
345,1553630400,253,649,396,902,13,1.6987292101882248,1.3276653751470764
345,1553644800,66,382,316,448,13,1.1834050727530103,-0.21429609234619024
345,1553659200,0,59,59,59,13,-0.472073718757616,-1.5354921514979099
345,1553673600,400,165,0,565,13,-0.8521252701160866,0.18308164266859436
345,1553688000,465,313,0,778,13,-0.8521252701160866,0.906512903849356
345,1553702400,290,397,107,687,13,-0.16287923629648735,0.5974413321711902
345,1553716800,245,736,491,981,13,2.3106766233925415,1.5959802560544951
345,1553731200,56,413,357,469,13,1.4475086931885577,-0.14297188349738274
345,1553745600,0,44,44,44,13,-0.5686969945267187,-1.5864380149613437
345,1553760000,392,120,0,512,13,-0.8521252701160866,0.0030729250977945006
345,1553774400,489,447,0,936,13,-0.8521252701160866,1.4431426656641932
345,1553788800,277,389,112,666,13,-0.13067147770678644,0.5261171233223828
345,1553803200,261,745,484,1006,13,2.2655857613669603,1.6808900284935517
345,1553817600,92,407,315,499,13,1.1769635210350702,-0.0410801565705149
345,1553832000,0,64,64,64,13,-0.43986596016791507,-1.5185101970100987
345,1553846400,341,151,0,492,13,-0.8521252701160866,-0.06485489285345072
345,1553860800,485,402,0,887,13,-0.8521252701160866,1.2767195116836425
345,1553875200,288,387,99,675,13,-0.21441165004000878,0.5566846414004432
345,1553889600,264,655,391,919,13,1.6665214515985238,1.3854040204056348
345,1553904000,83,354,271,437,13,0.8935352454457022,-0.2516563922193751
345,1553918400,13,80,67,93,13,-0.42054130501409454,-1.420014860980793
345,1553932800,95,64,0,159,13,-0.8521252701160866,-1.1958530617416838
345,1553947200,251,182,0,433,13,-0.8521252701160866,-0.2652419558096242
345,1553961600,269,325,56,594,13,-0.49139837391143654,0.28157697869789994
345,1553976000,223,363,140,586,13,0.04969197039553858,0.25440585151740186
345,1553990400,79,311,232,390,13,0.6423147284460351,-0.4112867644048014
345,1554004800,17,113,96,130,13,-0.23373630519382935,-1.2943483977709893
345,1554019200,58,40,0,98,13,-0.8521252701160866,-1.4030329064929816
345,1554033600,191,128,0,319,13,-0.8521252701160866,-0.6524305181317219
345,1554048000,184,213,29,397,13,-0.6653202702958214,-0.3875120281218656
345,1554062400,119,262,143,381,13,0.06901662554935913,-0.44185428248286174
345,1554076800,53,242,189,295,13,0.3653280045746074,-0.7339438996732163
345,1554091200,8,56,48,64,13,-0.542930787654958,-1.5185101970100987
345,1554105600,384,111,0,495,13,-0.8521252701160866,-0.054665720160763945
345,1554120000,542,414,0,956,13,-0.8521252701160866,1.5110704836154385
345,1554134400,267,389,122,656,13,-0.06625596052738465,0.4921532143467601
345,1554148800,235,737,502,972,13,2.3815336922898838,1.5654127379764347
345,1554163200,57,372,315,429,14,1.1125520817144685,-0.24720505151939196
345,1554177600,0,33,33,33,14,-0.5972009811927801,-1.5425782137344293
345,1554192000,379,185,0,564,14,-0.7972784672776708,0.19439943559937073
345,1554206400,449,338,0,787,14,-0.7972784672776708,0.9238646254325861
345,1554220800,268,358,90,626,14,-0.2516125961370596,0.39721038523909874
345,1554235200,250,810,560,1060,14,2.597975842041688,1.816887032717195
345,1554249600,62,341,279,403,14,0.894285733258224,-0.33225480459411666
345,1554264000,0,36,36,36,14,-0.5790121188214263,-1.5327647806873455
345,1554278400,391,134,0,525,14,-0.7972784672776708,0.06682480598728371
345,1554292800,498,425,0,923,14,-0.7972784672776708,1.3687402569003766
345,1554307200,284,364,80,648,14,-0.3122421373749053,0.46917556091771195
345,1554321600,241,696,455,937,14,1.9613656590443083,1.414536277786767
345,1554336000,57,406,349,463,14,1.3186925219231438,-0.13598614365244432
345,1554350400,1,49,48,50,14,-0.5062566693360115,-1.4869687598009553
345,1554364800,371,177,0,548,14,-0.7972784672776708,0.14206112601492477
345,1554379200,488,371,0,859,14,-0.7972784672776708,1.159387018562593
345,1554393600,271,334,63,605,14,-0.415312357479243,0.32851635390951345
345,1554408000,274,758,484,1032,14,2.1371913286340605,1.7252949909444146
345,1554422400,71,375,304,446,14,1.0458595863528382,-0.19159559758591815
345,1554436800,0,44,44,44,14,-0.5305084858311498,-1.5065956258951225
345,1554451200,361,137,0,498,14,-0.7972784672776708,-0.021496091436468818
345,1554465600,481,431,0,912,14,-0.7972784672776708,1.33275766906107
345,1554480000,296,415,119,711,14,-0.07578692654730712,0.6752576549064678
345,1554494400,243,658,415,901,14,1.7188474940929255,1.2967750812217635
345,1554508800,75,340,265,415,14,0.80940437552524,-0.29300107240578216
345,1554523200,1,7,6,8,14,-0.7609007425349634,-1.624356822460126
345,1554537600,95,24,0,119,14,-0.7972784672776708,-1.2612597997180321
345,1554552000,252,178,0,430,14,-0.7972784672776708,-0.2439339071703641
345,1554566400,238,250,12,488,14,-0.724523017792256,-0.054207534926747535
345,1554580800,197,436,239,633,14,0.6517675683068412,0.42010839568229386
345,1554595200,76,312,236,388,14,0.6335787059354875,-0.3813219698295347
345,1554609600,0,69,69,69,14,-0.3789346327365356,-1.4248170171694259
345,1554624000,36,5,0,41,14,-0.7972784672776708,-1.5164090589422061
345,1554638400,211,93,0,304,14,-0.7972784672776708,-0.656098095147876
345,1554652800,232,222,0,454,14,-0.7972784672776708,-0.16542644279369517
345,1554667200,131,360,229,491,14,0.5911380270689955,-0.04439410187966392
345,1554681600,46,235,189,281,14,0.34861986211761276,-0.731334415175517
345,1554696000,0,41,41,41,14,-0.5486973482025035,-1.5164090589422061
345,1554710400,399,162,0,561,14,-0.7972784672776708,0.1845860025522871
345,1554724800,476,342,0,818,14,-0.7972784672776708,1.0252701002524502
345,1554739200,290,378,88,668,14,-0.26373850438462876,0.5345984478982694
345,1554753600,234,709,475,943,14,2.0826247415199997,1.4341631438809341
345,1554768000,51,362,311,413,15,1.14005276113739,-0.35815196365800406
345,1554782400,0,39,39,39,15,-0.6060208067984652,-1.691924141263487
345,1554796800,366,120,0,486,15,-0.8563769433775031,-0.09781675252110499
345,1554811200,505,430,0,935,15,-0.8563769433775031,1.5034231077592741
345,1554825600,283,387,104,670,15,-0.188760579166735,0.5583706289746405
345,1554840000,242,678,436,920,15,1.9424762758137941,1.4499295712242948
345,1554854400,52,386,334,438,15,1.2876986878378485,-0.2689960694330386
345,1554868800,8,68,60,76,15,-0.47121365633282924,-1.559973417810538
345,1554883200,367,154,0,521,15,-0.8563769433775031,0.027001499393846613
345,1554897600,472,381,0,853,15,-0.8563769433775031,1.2109917747013874
345,1554912000,269,354,85,623,15,-0.3107289533975484,0.3907575478317056
345,1554926400,216,742,526,958,15,2.520221206380805,1.5854465304462424
345,1554940800,57,379,322,436,15,1.2106660304289136,-0.27612854097103584
345,1554955200,13,81,68,94,15,-0.4198585513935394,-1.495781173968563
345,1554969600,379,149,0,528,15,-0.8563769433775031,0.05196514977683694
345,1554984000,483,360,0,843,15,-0.8563769433775031,1.1753294170114013
345,1554998400,266,402,136,668,15,0.016659840590424434,0.5512381574366433
345,1555012800,237,708,471,945,15,2.1671548599231873,1.5390854654492603
345,1555027200,69,379,310,448,15,1.1336333730199788,-0.23333371174305242
345,1555041600,6,65,59,71,15,-0.47763304445024046,-1.5778045966555312
345,1555056000,336,173,0,509,15,-0.8563769433775031,-0.01579332983413679
345,1555070400,469,343,0,812,15,-0.8563769433775031,1.0647761081724443
345,1555084800,332,427,95,759,15,-0.2465350722234361,0.8757656124155175
345,1555099200,284,622,338,906,15,1.3133762403074933,1.4000022704583142
345,1555113600,87,354,267,441,15,0.8575996839712959,-0.25829736212604276
345,1555128000,8,105,97,113,15,-0.23369629598861363,-1.428022694357589
345,1555142400,104,43,0,147,15,-0.8563769433775031,-1.3067706782116362
345,1555156800,265,181,0,446,15,-0.8563769433775031,-0.24046618328104966
345,1555171200,295,299,4,594,15,-0.8306993909078583,0.28733671053074566
345,1555185600,207,384,177,591,15,0.27985475340428495,0.2766380032237498
345,1555200000,85,324,239,409,15,0.6778568166837814,-0.3724169067339985
345,1555214400,16,113,97,129,15,-0.23369629598861363,-1.3709629220536113
345,1555228800,62,40,0,102,15,-0.8563769433775031,-1.467251287816574
345,1555243200,238,126,0,364,15,-0.8563769433775031,-0.5328975163389362
345,1555257600,247,246,0,493,15,-0.8563769433775031,-0.07285310213811466
345,1555272000,152,366,214,518,15,0.5173721137485006,0.016302792086850763
345,1555286400,57,246,189,303,15,0.3568874108132198,-0.7504378982478519
345,1555300800,8,84,76,92,15,-0.36850344645424954,-1.5029136455065601
345,1555315200,346,161,0,507,15,-0.8563769433775031,-0.022925801372134024
345,1555329600,472,403,0,875,15,-0.8563769433775031,1.2894489616193572
345,1555344000,260,334,74,594,15,-0.381342222689072,0.28733671053074566
345,1555358400,210,685,475,895,15,2.192832412392832,1.3607736769993295
345,1555372800,55,329,274,384,16,1.0450012471656978,-0.3429785730581584
345,1555387200,0,35,35,35,16,-0.5828265801231405,-1.5733701354386003
345,1555401600,416,161,0,577,16,-0.8212114083871963,0.33743853736999435
345,1555416000,508,397,0,905,16,-0.8212114083871963,1.4937950773722435
345,1555430400,282,381,99,663,16,-0.14692289415458132,0.6406295813949743
345,1555444800,232,738,506,970,16,2.625152108801725,1.7229510990190307
345,1555459200,71,371,300,442,16,1.2220871195904248,-0.1385008922041021
345,1555473600,0,43,43,43,16,-0.5283386193770706,-1.545166317389765
345,1555488000,408,156,0,564,16,-0.8212114083871963,0.2916073330406369
345,1555502400,525,382,0,907,16,-0.8212114083871963,1.5008460318844523
345,1555516800,273,408,135,681,16,0.09827292920273321,0.7040881720048539
345,1555531200,265,753,488,1018,16,2.5025541971230676,1.892174007312043
345,1555545600,60,352,292,412,16,1.167599158844355,-0.24426520988723466
345,1555560000,0,32,32,32,16,-0.6032595654029167,-1.5839465672069137
345,1555574400,373,169,0,542,16,-0.8212114083871963,0.2140468334063397
345,1555588800,524,398,0,922,16,-0.8212114083871963,1.5537281907260188
345,1555603200,274,380,106,654,16,-0.09924592850177015,0.6089002860900345
345,1555617600,291,740,449,1031,16,2.2369253884859766,1.9380052116414004
345,1555632000,82,387,305,469,16,1.2561420950567186,-0.04331300628928283
345,1555646400,0,42,42,42,16,-0.5351496144703293,-1.5486917946458694
345,1555660800,263,86,0,349,16,-0.8212114083871963,-0.466370277021813
345,1555675200,435,194,0,629,16,-0.8212114083871963,0.5207633546874241
345,1555689600,258,330,72,588,16,-0.3308197616725672,0.37621878718714297
345,1555704000,237,497,260,734,16,0.9496473158600754,0.890938466578388
345,1555718400,80,371,291,451,16,1.1607881637510962,-0.10677159689916235
345,1555732800,14,90,76,104,16,-0.3035757812995323,-1.3301122047673954
345,1555747200,98,50,0,148,16,-0.8212114083871963,-1.1749912054988012
345,1555761600,225,104,0,329,16,-0.8212114083871963,-0.5368798221439014
345,1555776000,267,252,0,519,16,-0.8212114083871963,0.1329608565159381
345,1555790400,195,332,137,527,16,0.1118949193892507,0.16116467456477343
345,1555804800,64,286,222,350,16,0.6908295023162433,-0.4628447997657086
345,1555819200,10,93,83,103,16,-0.2558988156467211,-1.3336376820234999
345,1555833600,70,33,0,103,16,-0.8212114083871963,-1.3336376820234999
345,1555848000,210,108,0,318,16,-0.8212114083871963,-0.57566007196105
345,1555862400,228,225,0,453,16,-0.8212114083871963,-0.09972064238695352
345,1555876800,144,293,149,437,16,0.19362686050835554,-0.1561282784846242
345,1555891200,60,235,175,295,16,0.3707127329330827,-0.6567460488514516
345,1555905600,7,87,80,94,16,-0.27633180092649734,-1.3653669773284396
345,1555920000,287,91,0,378,16,-0.8212114083871963,-0.3641314365947849
345,1555934400,465,192,0,657,16,-0.8212114083871963,0.6194767178583478
345,1555948800,244,294,50,538,16,-0.4806616537242594,0.19994492438192205
345,1555963200,227,590,363,817,16,1.6511798104657254,1.1835530788350548
345,1555977600,53,282,229,335,17,0.8108170528874389,-0.4650478343956024
345,1555992000,0,8,8,8,17,-0.6747739232083384,-1.7042730880993668
345,1556006400,341,124,0,465,17,-0.7285509721167828,0.027610523345955405
345,1556020800,468,199,0,667,17,-0.7285509721167828,0.7931258176828375
345,1556035200,263,276,13,539,17,-0.6411632676405605,0.30804681929114985
345,1556049600,225,647,422,872,17,2.10818835780366,1.5700101510445248
345,1556064000,68,382,314,450,17,1.3821981975396609,-0.029234671778070494
345,1556078400,0,11,11,11,17,-0.6546075298676717,-1.6929040490745617
345,1556092800,328,110,0,438,17,-0.7285509721167828,-0.0747108278772912
345,1556107200,471,245,0,716,17,-0.7285509721167828,0.9788201217546554
345,1556121600,314,360,46,674,17,-0.4193329408932273,0.8196535754073829
345,1556136000,228,619,391,847,17,1.8998022932834382,1.4752681591711483
345,1556150400,67,315,248,382,17,0.9385375440449943,-0.28693288967365455
345,1556164800,0,7,7,7,17,-0.6814960543218939,-1.708062767774302
345,1556179200,318,96,0,414,17,-0.7285509721167828,-0.16566314007573266
345,1556193600,501,229,0,730,17,-0.7285509721167828,1.0318756372037463
345,1556208000,275,311,36,586,17,-0.4865542520287829,0.48616176401309763
345,1556222400,243,636,393,879,17,1.9132465555105493,1.59653790876907
345,1556236800,85,329,244,414,17,0.9116490195907722,-0.16566314007573266
345,1556251200,0,6,6,6,17,-0.6882181854354494,-1.7118524474492371
345,1556265600,267,99,0,366,17,-0.7285509721167828,-0.3475677644726155
345,1556280000,455,186,0,641,17,-0.7285509721167828,0.694594146134526
345,1556294400,241,316,75,557,17,-0.2243911386001163,0.3762610534399809
345,1556308800,252,547,295,799,17,1.2544777063821053,1.2933635347742654
345,1556323200,80,351,271,431,17,1.093146559656772,-0.10123858560183663
345,1556337600,9,68,59,77,17,-0.33194523641700513,-1.4427851905288478
345,1556352000,101,64,0,165,17,-0.7285509721167828,-1.1092933791345625
345,1556366400,245,148,0,393,17,-0.7285509721167828,-0.2452464132493689
345,1556380800,270,293,23,563,17,-0.573941956505005,0.39899913148959126
345,1556395200,169,319,150,488,17,0.27976869491655015,0.11477315586946178
345,1556409600,93,310,217,403,17,0.7301514795247722,-0.2073496165000183
345,1556424000,19,94,75,113,17,-0.2243911386001163,-1.3063567222311856
345,1556438400,84,44,0,128,17,-0.7285509721167828,-1.2495115271071597
345,1556452800,193,151,0,344,17,-0.7285509721167828,-0.43094071732118683
345,1556467200,218,232,14,450,17,-0.6344411365270051,-0.029234671778070494
345,1556481600,137,300,163,437,17,0.36715639939277234,-0.07850050755222628
345,1556496000,53,241,188,294,17,0.5352096772316611,-0.6204247010679398
345,1556510400,12,59,47,71,17,-0.4126108097796718,-1.4655232685784583
345,1556524800,417,157,0,574,17,-0.7285509721167828,0.44068560791387695
345,1556539200,450,347,0,797,17,-0.7285509721167828,1.2857841754243953
345,1556553600,324,338,14,662,17,-0.6344411365270051,0.7741774193081622
345,1556568000,219,812,593,1031,17,3.25767277822166,2.172569219359199
345,1556582400,52,352,300,404,18,1.2368362862947322,-0.3607068034814078
345,1556596800,0,8,8,8,18,-0.7431350249072775,-1.6263767518997143
345,1556611200,394,184,0,578,18,-0.7973808142552777,0.19542090112663596
345,1556625600,513,355,0,868,18,-0.7973808142552777,1.122300408806709
345,1556640000,287,399,112,686,18,-0.03793976338327404,0.5406036143316286
345,1556654400,275,743,468,1018,18,2.375997862602738,1.6017208438136432
345,1556668800,63,302,239,365,18,0.8232121425162302,-0.4853561165832107
345,1556683200,0,5,5,5,18,-0.7634771959127776,-1.635965160599853
345,1556697600,387,178,0,565,18,-0.7973808142552777,0.15387113009270167
345,1556712000,496,362,0,858,18,-0.7973808142552777,1.0903390464729132
345,1556726400,278,368,90,646,18,-0.18711568409027476,0.4127581649964462
345,1556740800,263,674,411,937,18,1.9894966134982361,1.3428338089098988
345,1556755200,66,323,257,389,18,0.9452651685492308,-0.40864884698210124
345,1556769600,0,6,6,6,18,-0.7566964722442776,-1.6327690243664734
345,1556784000,381,178,0,559,18,-0.7973808142552777,0.1346943126924243
345,1556798400,549,403,0,952,18,-0.7973808142552777,1.3907758524105922
345,1556812800,300,427,127,727,18,0.06377109164422645,0.6716451999001907
345,1556827200,269,713,444,982,18,2.213260494558737,1.486659939411979
345,1556841600,70,325,255,395,18,0.9317037212122308,-0.38947202958182386
345,1556856000,1,4,3,5,18,-0.7770386432497777,-1.635965160599853
345,1556870400,360,166,0,526,18,-0.7973808142552777,0.02922181699089875
345,1556884800,516,380,0,896,18,-0.7973808142552777,1.2117922233413367
345,1556899200,296,334,38,630,18,-0.5397133148522765,0.3616199852623732
345,1556913600,296,671,375,967,18,1.745390561432235,1.4387178959112856
345,1556928000,91,343,252,434,18,0.9113615502067306,-0.264822716480021
345,1556942400,10,95,85,105,18,-0.22101930243277493,-1.3163515372618968
345,1556956800,120,40,0,160,18,-0.7973808142552777,-1.140564044426021
345,1556971200,280,185,0,465,18,-0.7973808142552777,-0.16574249324525453
345,1556985600,280,291,11,571,18,-0.7227928539017774,0.17304794749297903
345,1557000000,192,350,158,542,18,0.2739735253677275,0.08035999672497174
345,1557014400,96,283,187,379,18,0.47061451175422847,-0.44061020931589684
345,1557028800,16,87,71,103,18,-0.3159494337917754,-1.322743809728656
345,1557043200,51,37,0,88,18,-0.7973808142552777,-1.3706858532293493
345,1557057600,208,112,0,320,18,-0.7973808142552777,-0.629182247085291
345,1557072000,223,282,59,505,18,-0.3973181178137758,-0.03789704391007205
345,1557086400,140,329,189,469,18,0.4841759590912285,-0.15295794831173629
345,1557100800,48,240,192,288,18,0.5045181300967286,-0.731458606553437
345,1557115200,10,43,33,53,18,-0.5736169331947767,-1.482550621397634
345,1557129600,409,176,0,585,18,-0.7973808142552777,0.2177938547602929
345,1557144000,546,433,0,979,18,-0.7973808142552777,1.4770715307118403
345,1557158400,307,389,82,696,18,-0.24136147343827505,0.5725649766654243
345,1557172800,256,738,482,994,18,2.4709279939617383,1.5250135742125337
345,1557187200,73,324,251,397,19,0.8520032664640197,-0.40708586005178654
345,1557201600,0,47,47,47,19,-0.5224956955137098,-1.5713197399664287
345,1557216000,433,180,0,613,19,-0.8391694759693631,0.3114127629812498
345,1557230400,518,346,0,864,19,-0.8391694759693631,1.1463347740057503
345,1557244800,281,409,128,690,19,0.023261245271565194,0.5675442165624711
345,1557259200,296,772,476,1068,19,2.3679947686453393,1.8249168068702848
345,1557273600,75,359,284,434,19,1.0743486867839467,-0.28400970703223866
345,1557288000,0,30,30,30,19,-0.6370372756785205,-1.62786824270514
345,1557302400,409,171,0,580,19,-0.8391694759693631,0.20164214001786923
345,1557316800,501,367,0,868,19,-0.8391694759693631,1.1596403040619176
345,1557331200,280,423,143,703,19,0.12432734541698648,0.610787189245015
345,1557345600,281,751,470,1032,19,2.3275683285871707,1.7051670363647786
345,1557360000,60,354,294,414,19,1.1417260868808943,-0.35053735731307534
345,1557374400,0,29,29,29,19,-0.6437750156882153,-1.6311946252191818
345,1557388800,371,172,0,543,19,-0.8391694759693631,0.07856598699832135
345,1557403200,546,379,0,925,19,-0.8391694759693631,1.3492441073623023
345,1557417600,286,383,97,669,19,-0.18560869502897212,0.49769018376759255
345,1557432000,257,652,395,909,19,1.8222378278600642,1.2960219871376328
345,1557446400,81,365,284,446,19,1.0743486867839467,-0.24409311686373664
345,1557460800,0,50,50,50,19,-0.5022824754846255,-1.5613405924243033
345,1557475200,353,143,0,496,19,-0.8391694759693631,-0.07777399116164489
345,1557489600,560,366,0,926,19,-0.8391694759693631,1.3525704898763442
345,1557504000,305,407,102,712,19,-0.15191999498049838,0.6407246318713915
345,1557518400,278,566,288,844,19,1.1012996468227256,1.0798071237249136
345,1557532800,83,357,274,440,19,1.006971286686999,-0.26405141194798765
345,1557547200,14,92,78,106,19,-0.31362575521317243,-1.3750631716379604
345,1557561600,109,41,0,150,19,-0.8391694759693631,-1.2287023410201199
345,1557576000,297,179,0,476,19,-0.8391694759693631,-0.1443016414424816
345,1557590400,281,304,23,585,19,-0.6842014557463838,0.21827405258807842
345,1557604800,233,359,126,592,19,0.009785765252175688,0.24155873018637125
345,1557619200,110,325,215,435,19,0.6094446261150086,-0.28068332451819683
345,1557633600,10,95,85,105,19,-0.26646157514530916,-1.3783895541520024
345,1557648000,52,45,0,97,19,-0.8391694759693631,-1.405000614264337
345,1557662400,200,133,0,333,19,-0.8391694759693631,-0.619974340950464
345,1557676800,203,240,37,443,19,-0.5898730956106573,-0.25407226440586217
345,1557691200,119,283,164,402,19,0.2658198856205763,-0.39045394748157736
345,1557705600,57,214,157,271,19,0.21865570555271302,-0.8262100568210577
345,1557720000,9,66,57,75,19,-0.45511829541676224,-1.4781810295732574
345,1557734400,372,198,0,570,19,-0.8391694759693631,0.1683783148774509
345,1557748800,459,367,0,826,19,-0.8391694759693631,1.0199322384721607
345,1557763200,279,379,100,658,19,-0.16539547499988788,0.46109997611313236
345,1557777600,207,754,547,961,19,2.8463743093336666,1.4689938778678084
345,1557792000,69,324,255,393,20,0.8974405177224792,-0.47232750424022935
345,1557806400,6,57,51,63,20,-0.4880136004480077,-1.5965691681196008
345,1557820800,381,143,0,524,20,-0.8343771299906294,-0.026037631609327323
345,1557835200,506,415,0,921,20,-0.8343771299906294,1.326459157966765
345,1557849600,297,386,89,683,20,-0.2299388137299758,0.5156424428052789
345,1557864000,292,717,425,1009,20,2.051985616197885,1.6262569350012641
345,1557878400,73,384,311,457,20,1.2777612560437894,-0.25429275730604817
345,1557892800,9,62,53,71,20,-0.4744307169365323,-1.5693148247528281
345,1557907200,386,196,0,582,20,-0.8343771299906294,0.17155635779977432
345,1557921600,484,403,0,887,20,-0.8343771299906294,1.2106281986579812
345,1557936000,292,381,89,673,20,-0.2299388137299758,0.48157451359681314
345,1557950400,268,722,454,990,20,2.2489374271142775,1.561527869505179
345,1557964800,72,369,297,441,20,1.182681071463462,-0.3088014440395935
345,1557979200,10,66,56,76,20,-0.45405639166931927,-1.5522808601485951
345,1557993600,393,127,0,520,20,-0.8343771299906294,-0.03966480329271364
345,1558008000,494,392,0,886,20,-0.8343771299906294,1.2072214057371347
345,1558022400,303,378,75,681,20,-0.32501899831030334,0.5088288569635857
345,1558036800,300,757,457,1057,20,2.2693117523814905,1.7897829952019
345,1558051200,86,387,301,473,20,1.2098468384864125,-0.19978407057250291
345,1558065600,12,84,72,96,20,-0.3453933235775164,-1.4841450017316635
345,1558080000,385,186,0,571,20,-0.8343771299906294,0.13408163567046194
345,1558094400,539,370,0,909,20,-0.8343771299906294,1.285577642916606
345,1558108800,317,406,89,723,20,-0.2299388137299758,0.6519141596391421
345,1558123200,255,647,392,902,20,1.8278680382585415,1.26173009247068
345,1558137600,86,390,304,476,20,1.2302211637536256,-0.18956369180996316
345,1558152000,13,82,69,95,20,-0.36576764884472945,-1.4875517946525103
345,1558166400,124,47,0,171,20,-0.8343771299906294,-1.2286355326681702
345,1558180800,279,224,0,503,20,-0.8343771299906294,-0.09758028294710551
345,1558195200,325,300,0,625,20,-0.8343771299906294,0.31804845339617727
345,1558209600,224,364,140,588,20,0.11642471581264593,0.1919971153248538
345,1558224000,92,341,249,433,20,0.8566918671880532,-0.3360557874063661
345,1558238400,16,101,85,117,20,-0.2571045807529265,-1.4126023503938854
345,1558252800,55,42,0,97,20,-0.8343771299906294,-1.480738208810817
345,1558267200,237,116,0,353,20,-0.8343771299906294,-0.6085992210740925
345,1558281600,233,221,0,454,20,-0.8343771299906294,-0.26451313606858795
345,1558296000,157,380,223,537,20,0.6801143815388735,0.01825067636167822
345,1558310400,61,258,197,319,20,0.5035368958896937,-0.7244301803828762
345,1558324800,8,70,62,78,20,-0.4133077411348932,-1.545467274306902
345,1558339200,361,135,0,496,20,-0.8343771299906294,-0.12142783339303156
345,1558353600,491,374,0,865,20,-0.8343771299906294,1.1356787543993565
345,1558368000,347,296,0,643,20,-0.8343771299906294,0.3793707259714157
345,1558382400,263,628,365,891,20,1.6444991108536242,1.2242553703413677
345,1558396800,58,269,211,327,21,1.4515012130545664,0.022951415880816232
345,1558411200,0,34,34,34,21,-0.26372053513294696,-0.8355292036612058
345,1558425600,367,152,0,519,21,-0.593198159078571,0.5855052689595474
345,1558440000,492,303,0,795,21,-0.593198159078571,1.3941764327602233
345,1558454400,266,350,84,616,21,0.22080538243414718,0.869712163483698
345,1558468800,284,593,309,877,21,2.401172011486071,1.634433807512598
345,1558483200,85,304,219,389,21,1.5290253598653014,0.20460943093748982
345,1558497600,0,50,50,50,21,-0.10867224151147685,-0.7886497159046448
345,1558512000,364,126,0,490,21,-0.593198159078571,0.5005361974007807
345,1558526400,589,350,0,939,21,-0.593198159078571,1.8160918225692715
345,1558540800,331,325,0,656,21,-0.593198159078571,0.9869108828751003
345,1558555200,271,606,335,877,21,2.65312548862096,1.634433807512598
345,1558569600,94,290,196,384,21,1.306143437784438,0.18995959101356455
345,1558584000,0,39,39,39,21,-0.21526794337623756,-0.8208793637372804
345,1558598400,347,167,0,514,21,-0.593198159078571,0.570855429035622
345,1558612800,490,325,0,815,21,-0.593198159078571,1.4527757924559246
345,1558627200,294,282,0,576,21,-0.593198159078571,0.7525134440922957
345,1558641600,270,635,365,905,21,2.9438410391612164,1.7164729110865795
345,1558656000,67,245,178,312,21,1.1317141074602841,-0.020998103890959637
345,1558670400,0,40,40,40,21,-0.20557742502489568,-0.8179493957524954
345,1558684800,358,156,0,514,21,-0.593198159078571,0.570855429035622
345,1558699200,429,292,0,721,21,-0.593198159078571,1.1773588018861292
345,1558713600,331,402,71,733,21,0.09482864386670271,1.2125184177035497
345,1558728000,322,541,219,863,21,1.5290253598653014,1.5934142557256072
345,1558742400,98,281,183,379,21,1.1801666992169937,0.17530975108963925
345,1558756800,0,28,28,28,21,-0.3218636452409983,-0.8531090115699161
345,1558771200,1,0,0,1,21,-0.593198159078571,-0.9322181471591127
345,1558785600,0,1,1,1,21,-0.5835076407272292,-0.9322181471591127
345,1558800000,1,1,0,2,21,-0.593198159078571,-0.9292881791743276
345,1558814400,0,1,1,1,21,-0.5835076407272292,-0.9322181471591127
345,1558828800,0,1,1,1,21,-0.5835076407272292,-0.9322181471591127
345,1558843200,0,0,0,0,21,-0.593198159078571,-0.9351481151438977
345,1558857600,0,0,0,0,21,-0.593198159078571,-0.9351481151438977
345,1558872000,0,1,1,1,21,-0.5835076407272292,-0.9322181471591127
345,1558886400,0,3,3,3,21,-0.5641266040245454,-0.9263582111895425
345,1558900800,0,0,0,0,21,-0.593198159078571,-0.9351481151438977
345,1558915200,0,1,1,1,21,-0.5835076407272292,-0.9322181471591127
345,1558929600,0,1,1,1,21,-0.5835076407272292,-0.9322181471591127
345,1558944000,0,1,1,1,21,-0.5835076407272292,-0.9322181471591127
345,1558958400,0,0,0,0,21,-0.593198159078571,-0.9351481151438977
345,1558972800,0,0,0,0,21,-0.593198159078571,-0.9351481151438977
345,1558987200,0,0,0,0,21,-0.593198159078571,-0.9351481151438977
345,1559001600,0,2,2,2,22,-0.6699128749598043,-1.6453186931931274
345,1559016000,0,1,1,1,22,-0.67776560751585,-1.648833437362504
345,1559030400,379,166,0,545,22,-0.6856183400718957,0.26318739077831177
345,1559044800,446,332,0,778,22,-0.6856183400718957,1.0821227822430362
345,1559059200,270,309,39,579,22,-0.379361770386113,0.38268869253711274
345,1559073600,266,608,342,874,22,2.0000161940957373,1.41953822250318
345,1559088000,68,282,214,350,22,0.9948664269218863,-0.4221877222501056
345,1559102400,12,42,30,54,22,-0.45003636339052444,-1.4625519963855496
345,1559116800,414,141,0,555,22,-0.6856183400718957,0.29833483247207676
345,1559131200,465,327,0,792,22,-0.6856183400718957,1.1313292006143072
345,1559145600,318,325,7,643,22,-0.6306492121795757,0.6076323193772087
345,1559160000,250,662,412,912,22,2.549707473018937,1.553098500939487
345,1559174400,59,236,177,295,22,0.704315322348195,-0.6154986515658131
345,1559188800,9,57,48,66,22,-0.30868717738170165,-1.4203750663530315
345,1559203200,388,167,0,555,22,-0.6856183400718957,0.29833483247207676
345,1559217600,525,295,0,820,22,-0.6856183400718957,1.229742037356849
345,1559232000,337,235,0,572,22,-0.6856183400718957,0.3580854833514773
345,1559246400,260,718,458,978,22,2.9109331705970396,1.785071616118336
345,1559260800,81,248,167,329,22,0.6257879967877379,-0.4959973498070121
345,1559275200,8,46,38,54,22,-0.38721450294215876,-1.4625519963855496
345,1559289600,364,152,0,516,22,-0.6856183400718957,0.1612598098663933
345,1559304000,500,283,0,783,22,-0.6856183400718957,1.0996965030899186
345,1559318400,324,369,45,693,22,-0.33224537504983875,0.7833695278460338
345,1559332800,271,613,342,884,22,2.0000161940957373,1.454685664196945
345,1559347200,105,314,209,419,22,0.9556027641416578,-0.17967037456312715
345,1559361600,23,99,76,122,22,-0.08881066581242174,-1.2235493928679475
345,1559376000,107,59,0,166,22,-0.6856183400718957,-1.0689006494153814
345,1559390400,278,113,0,391,22,-0.6856183400718957,-0.27808321130566915
345,1559404800,287,246,0,533,22,-0.6856183400718957,0.22101046074579378
345,1559419200,203,317,114,520,22,0.20959317131731528,0.1753187865438993
345,1559433600,91,285,194,376,22,0.8378117758009721,-0.3308043738463166
345,1559448000,17,102,85,119,22,-0.018136072808010335,-1.234093625376077
345,1559462400,66,25,0,91,22,-0.6856183400718957,-1.332506462118619
345,1559476800,222,74,0,296,22,-0.6856183400718957,-0.6119839073964366
345,1559491200,222,207,0,429,22,-0.6856183400718957,-0.14452293286936216
345,1559505600,157,257,100,414,22,0.09965491553267532,-0.19724409541000965
345,1559520000,78,216,138,294,22,0.3980587526624123,-0.6190133957351895
345,1559534400,9,50,41,59,22,-0.3636563052740216,-1.4449782755386669
345,1559548800,402,152,0,554,22,-0.6856183400718957,0.2948200883027003
345,1559563200,530,318,0,848,22,-0.6856183400718957,1.3281548740993911
345,1559577600,314,333,19,647,22,-0.5364164215070272,0.6216912960547147
345,1559592000,234,603,369,837,22,2.2120399731089715,1.2894926882362496
345,1559606400,46,222,176,268,23,0.8466824005851324,-0.6599096084326826
345,1559620800,1,7,6,8,23,-0.6578751753675419,-1.6063520728515024
345,1559635200,346,78,0,424,23,-0.7109772074599893,-0.09204412978139069
345,1559649600,490,170,0,660,23,-0.7109772074599893,0.7670344148449227
345,1559664000,280,277,0,557,23,-0.7109772074599893,0.39209759240208253
345,1559678400,252,605,353,857,23,2.4131923473123287,1.4841465898084132
345,1559692800,39,221,182,260,23,0.8997844326775798,-0.6890309150301848
345,1559707200,5,6,1,11,23,-0.7021268687779146,-1.5954315828774392
345,1559721600,398,111,0,509,23,-0.7109772074599893,0.21736975281706963
345,1559736000,550,344,0,894,23,-0.7109772074599893,1.6188326328218605
345,1559750400,335,344,9,679,23,-0.6313241593213182,0.8361975180139903
345,1559764800,269,646,377,915,23,2.625600475682118,1.6952760626403036
345,1559779200,40,201,161,241,23,0.7139273203540142,-0.7581940181992524
345,1559793600,1,7,6,8,23,-0.6578751753675419,-1.6063520728515024
345,1559808000,391,123,0,514,23,-0.7109772074599893,0.2355705694405085
345,1559822400,452,162,0,614,23,-0.7109772074599893,0.5995869019092853
345,1559836800,264,264,0,528,23,-0.7109772074599893,0.28653285598613726
345,1559851200,248,580,332,828,23,2.227335234988763,1.3785818533924679
345,1559865600,35,202,167,237,23,0.7670293524464615,-0.7727546714980035
345,1559880000,0,10,10,10,23,-0.6224738206392436,-1.5990717462021269
345,1559894400,365,117,0,482,23,-0.7109772074599893,0.11908534305049989
345,1559908800,432,293,0,725,23,-0.7109772074599893,1.0036450309496276
345,1559923200,288,356,68,644,23,-0.10915417707891947,0.7087918016499184
345,1559937600,302,507,205,809,23,1.1033422223652947,1.3094187502234003
345,1559952000,94,298,204,392,23,1.09449188368322,-0.20852935617139928
345,1559966400,14,81,67,95,23,-0.11800451576099402,-1.2896578636036666
345,1559980800,109,26,0,135,23,-0.7109772074599893,-1.144051330616156
345,1559995200,277,160,0,437,23,-0.7109772074599893,-0.0447220065604497
345,1560009600,320,294,0,614,23,-0.7109772074599893,0.5995869019092853
345,1560024000,247,291,44,538,23,-0.3215623054487088,0.32293448923301493
345,1560038400,88,287,199,375,23,1.0502401902728473,-0.2704121326910914
345,1560052800,22,85,63,107,23,-0.15340587048929225,-1.2459759037074134
345,1560067200,67,30,0,97,23,-0.7109772074599893,-1.2823775369542911
345,1560081600,219,84,0,303,23,-0.7109772074599893,-0.5325038920686107
345,1560096000,238,166,0,404,23,-0.7109772074599893,-0.16484739627514605
345,1560110400,149,277,128,426,23,0.4218661438455538,-0.08476380313201516
345,1560124800,60,185,125,245,23,0.39531512779933015,-0.7436333649005012
345,1560139200,11,67,56,78,23,-0.21535824126381414,-1.3515406401233587
345,1560153600,373,166,0,539,23,-0.7109772074599893,0.3265746525577027
345,1560168000,514,320,0,834,23,-0.7109772074599893,1.4004228333405944
345,1560182400,302,371,69,673,23,-0.10030383839684491,0.8143565380658637
345,1560196800,265,631,366,896,23,2.528246750179298,1.626112959471236
345,1560211200,64,364,300,428,24,1.1668576136197095,-0.6731294137830174
345,1560225600,11,201,190,212,24,0.37880335422957573,-1.5957901438335624
345,1560240000,388,108,0,496,24,-0.9823812756261101,-0.38266214691525324
345,1560254400,499,277,0,776,24,-0.9823812756261101,0.8133795401873052
345,1560268800,278,295,17,573,24,-0.8605910719021803,-0.05375068296204966
345,1560283200,284,638,354,922,24,1.5537206136839572,1.4370298484622106
345,1560297600,83,423,340,506,24,1.4534227988524855,-0.33994637237587616
345,1560312000,13,172,159,185,24,0.15671533567417437,-1.7111227350898806
345,1560326400,404,148,0,552,24,-0.9823812756261101,-0.14345380949474154
345,1560340800,532,342,0,874,24,-0.9823812756261101,1.2319941306732007
345,1560355200,351,322,0,673,24,-0.9823812756261101,0.3734070624317212
345,1560369600,276,590,314,866,24,1.2671554284511812,1.197821511041699
345,1560384000,88,407,319,495,24,1.3029760766052783,-0.38693372436919093
345,1560398400,17,161,144,178,24,0.049253391211883366,-1.7410237772674446
345,1560412800,407,122,0,529,24,-0.9823812756261101,-0.24170009093530884
345,1560427200,546,351,0,897,24,-0.9823812756261101,1.3302404121137679
345,1560441600,312,366,54,678,24,-0.5955182755618625,0.39476494970140974
345,1560456000,244,596,352,840,24,1.5393923544223183,1.0867604972393186
345,1560470400,71,345,274,416,24,0.9805902432184053,-0.7243883432302699
345,1560484800,13,156,143,169,24,0.04208926158106397,-1.779467974352884
345,1560499200,354,155,0,509,24,-0.9823812756261101,-0.32713164001406303
345,1560513600,514,313,0,827,24,-0.9823812756261101,1.0312299903381283
345,1560528000,324,371,47,695,24,-0.6456671829775983,0.4673817664183508
345,1560542400,237,521,284,758,24,1.0522315395265993,0.7364911460164264
345,1561161600,9132,7800,0,16932,25,-0.8225388332864447,4.1159165645152775
345,1561176000,13,97,84,110,25,0.01270543530261124,-0.31985436560683145
345,1561190400,104,51,0,155,25,-0.8225388332864447,-0.30798837512677585
345,1561204800,226,199,0,425,25,-0.8225388332864447,-0.2367924322464424
345,1561219200,281,329,48,610,25,-0.3452563940926985,-0.18801002693954724
345,1561233600,193,358,165,551,25,0.8181195514420581,-0.20356765890228679
345,1561248000,89,319,230,408,25,1.4644395211835894,-0.24127513976113005
345,1561262400,18,90,72,108,25,-0.10661517449582533,-0.32038174296150057
345,1561276800,63,42,0,105,25,-0.8225388332864447,-0.32117280899350426
345,1561291200,215,106,0,321,25,-0.8225388332864447,-0.2642160546892375
345,1561305600,235,233,0,468,25,-0.8225388332864447,-0.22545381912105594
345,1561320000,150,329,179,479,25,0.9573269295402341,-0.2225532436703757
345,1561334400,64,269,205,333,25,1.2158549174368467,-0.2610517905612227
345,1561348800,13,80,67,93,25,-0.1563320952451739,-0.3243370731215191
345,1561363200,330,114,0,444,25,-0.8225388332864447,-0.23178234737708558
345,1561377600,496,257,0,753,25,-0.8225388332864447,-0.15030254608070398
345,1561392000,290,376,86,666,25,0.03259220360235067,-0.1732434610088114
345,1561406400,250,603,353,853,25,2.6874757716175646,-0.12393367834724714
345,1561420800,68,397,329,465,26,2.198388731759511,0.06466710231860764
345,1561435200,17,132,115,149,26,0.19299769136019262,-1.4125476687185041
345,1561449600,309,124,0,433,26,-0.8846657182001889,-0.08492426690034037
345,1561464000,516,199,0,715,26,-0.8846657182001889,1.233349674341639
345,1561478400,332,288,0,620,26,-0.8846657182001889,0.7892502969728872
345,1561492800,241,525,284,766,26,1.776694354105449,1.4717609190343375
345,1561507200,92,316,224,408,26,1.2144351839000325,-0.2017925241026435
345,1561521600,15,130,115,145,26,0.19299769136019262,-1.4312465898708726
345,1561536000,348,98,0,446,26,-0.8846657182001889,-0.024152773155142738
345,1561550400,510,315,0,825,26,-0.8846657182001889,1.747570006031773
345,1561564800,296,318,22,614,26,-0.6785040224582028,0.7612019152443343
345,1561579200,286,464,178,750,26,0.7833698200758799,1.3969652344248635
345,1561593600,105,368,263,473,26,1.5799036445335533,0.10206494462334466
345,1561608000,15,131,116,146,26,0.2023686775302829,-1.4265718595827805
345,1561622400,304,80,0,384,26,-0.8846657182001889,-0.3139860510168545
345,1561636800,470,151,0,621,26,-0.8846657182001889,0.7939250272609792
345,1561651200,264,271,7,535,26,-0.819068815009557,0.39189822248505646
345,1561665600,232,488,256,720,26,1.5143067413429212,1.2567233257820998
345,1561680000,109,323,214,432,26,1.1207253221991298,-0.08959899718843249
345,1561694400,15,130,115,145,26,0.19299769136019262,-1.4312465898708726
345,1561708800,279,80,0,359,26,-0.8846657182001889,-0.43085430821915766
345,1561723200,411,180,0,591,26,-0.8846657182001889,0.6536831186182155
345,1561737600,282,304,22,586,26,-0.6785040224582028,0.6303094671777548
345,1561752000,227,423,196,650,26,0.9520475711375048,0.9294922056156509
345,1561766400,99,267,168,366,26,0.6896599583749772,-0.3981311962025128
345,1561780800,16,97,81,113,26,-0.1256158384228767,-1.5808379590898205
345,1561795200,98,54,0,152,26,-0.8846657182001889,-1.3985234778542277
345,1561809600,228,131,0,359,26,-0.8846657182001889,-0.43085430821915766
345,1561824000,244,266,22,510,26,-0.6785040224582028,0.2750299652827533
345,1561838400,185,317,132,502,26,0.3523044562517273,0.2376321229780163
345,1561852800,90,280,190,370,26,0.8958216541169631,-0.3794322750501443
345,1561867200,13,84,71,97,26,-0.21932570012377944,-1.6556336436992947
345,1561881600,78,37,0,115,26,-0.8846657182001889,-1.5714884985136364
345,1561896000,243,107,0,350,26,-0.8846657182001889,-0.4729268808119868
345,1561910400,253,216,0,469,26,-0.8846657182001889,0.08336602347097616
345,1561924800,169,276,107,445,26,0.11802980199947043,-0.028827503443234863
345,1561939200,71,314,243,385,26,1.3924839211317477,-0.3093113207287624
345,1561953600,14,90,76,104,26,-0.17247076927332808,-1.6229105316826498
345,1561968000,301,108,0,409,26,-0.8846657182001889,-0.19711779381455138
345,1561982400,461,245,0,706,26,-0.8846657182001889,1.19127710174881
345,1561996800,291,341,50,632,26,-0.4161164096956752,0.8453470604299926
345,1562011200,259,628,369,887,26,2.573228178563122,2.0374032838934846
345,1562025600,37,218,181,255,27,0.849098323221381,-0.5827079410509628
345,1562040000,0,9,9,9,27,-0.7659322947226044,-1.6210898739482633
345,1562054400,286,113,0,399,27,-0.8504397107778129,0.025125385523066743
345,1562068800,456,245,0,701,27,-0.8504397107778129,1.2998869454213786
345,1562083200,241,346,105,587,27,0.13548014319962007,0.8186855618836053
345,1562097600,218,557,339,775,27,2.3326729606350423,1.612245738244144
345,1562112000,48,225,177,273,27,0.8115394716412884,-0.5067287752292091
345,1562126400,0,9,9,9,27,-0.7659322947226044,-1.6210898739482633
345,1562140800,288,116,0,404,27,-0.8504397107778129,0.04623070936244277
345,1562155200,418,285,0,703,27,-0.8504397107778129,1.308329074957129
345,1562169600,293,436,143,729,27,0.49228923321050055,1.4180767589218843
345,1562184000,249,550,301,799,27,1.9758638706241618,1.7135512926731489
345,1562198400,85,331,246,416,27,1.4594296613978874,0.09688348657694523
345,1562212800,7,34,27,41,27,-0.5969174626121873,-1.4860158013762568
345,1562227200,73,48,0,121,27,-0.8504397107778129,-1.1483306199462402
345,1562241600,184,126,0,310,27,-0.8504397107778129,-0.3505493788178265
345,1562256000,210,236,26,446,27,-0.6063071755072105,0.2235154296132014
345,1562270400,156,250,94,406,27,0.03219330135436518,0.05467283889819318
345,1562284800,75,245,170,320,27,0.7458114813761262,-0.30833873113907445
345,1562299200,14,100,86,114,27,-0.04292440180582019,-1.1778780733213667
345,1562313600,205,65,0,270,27,-0.8504397107778129,-0.5193919695328347
345,1562328000,295,196,0,491,27,-0.8504397107778129,0.4134633441675856
345,1562342400,280,326,46,606,27,-0.418512917606747,0.8988857924732342
345,1562356800,228,472,244,700,27,1.440650235607841,1.2956658806535035
345,1562371200,96,281,185,377,27,0.8866571748014738,-0.06773803937018777
345,1562385600,13,112,99,125,27,0.07914186582948103,-1.1314463608747394
345,1562400000,96,49,0,145,27,-0.8504397107778129,-1.0470250655172353
345,1562414400,164,114,0,278,27,-0.8504397107778129,-0.4856234513898331
345,1562428800,223,188,0,411,27,-0.8504397107778129,0.07577816273756921
345,1562443200,160,313,153,473,27,0.5861863621607323,0.33748417834583194
345,1562457600,79,248,169,327,27,0.736421768481103,-0.278791277763948
345,1562472000,18,93,75,111,27,-0.14621124365107507,-1.1905412676249922
345,1562486400,62,41,0,103,27,-0.8504397107778129,-1.2243097857679939
345,1562500800,188,108,0,296,27,-0.8504397107778129,-0.4096442855680794
345,1562515200,210,206,0,416,27,-0.8504397107778129,0.09688348657694523
345,1562529600,143,306,163,449,27,0.680083491110964,0.236178623916827
345,1562544000,61,217,156,278,27,0.6143555008458018,-0.4856234513898331
345,1562558400,13,67,54,80,27,-0.3433952144465617,-1.3213942754291237
345,1562572800,311,100,0,411,27,-0.8504397107778129,0.07577816273756921
345,1562587200,502,319,0,821,27,-0.8504397107778129,1.8064147175664034
345,1562601600,270,392,122,662,27,0.29510526241501395,1.1352654194742458
345,1562616000,218,643,425,861,27,3.140188269607035,1.9752573082814116
345,1562630400,68,322,254,390,28,0.9085705307950076,-0.34727213929385375
345,1562644800,0,27,27,27,28,-0.730776827380542,-1.8257728473849162
345,1562659200,308,113,0,421,28,-0.92576527967455,-0.22100899342381813
345,1562673600,480,295,0,775,28,-0.92576527967455,1.2208346723178791
345,1562688000,227,395,168,622,28,0.28749620126594483,0.597664952378671
345,1562702400,233,619,386,852,28,1.861847408676825,1.5344560346402256
345,1562716800,73,401,328,474,28,1.442983325971178,-0.005139744033112038
345,1562731200,14,132,118,146,28,-0.07359352520444054,-1.3410852874321988
345,1562745600,313,88,0,401,28,-0.92576527967455,-0.30246908753351853
345,1562760000,503,316,0,819,28,-0.92576527967455,1.40004687935922
345,1562774400,253,337,84,590,28,-0.31913453920430257,0.46732880180315034
345,1562788800,215,654,439,869,28,2.2446025187354333,1.603697114633471
345,1562803200,70,360,290,430,28,1.168555133853685,-0.18435195107445293
345,1562817600,10,124,114,134,28,-0.10248070332207138,-1.389961343898019
345,1562832000,311,122,0,433,28,-0.92576527967455,-0.1721329369579979
345,1562846400,491,289,0,780,28,-0.92576527967455,1.2411996958453042
345,1562860800,270,400,130,670,28,0.013068009148451944,0.793169178241952
345,1562875200,217,647,430,864,28,2.1796063679707642,1.583332091106046
345,1562889600,57,310,253,367,28,0.9013487362656,-0.44095124752000925
345,1562904000,9,125,116,134,28,-0.08803711426325596,-1.389961343898019
345,1562918400,294,93,0,387,28,-0.92576527967455,-0.3594911534103088
345,1562932800,437,247,0,684,28,-0.92576527967455,0.8501912441187423
345,1562947200,249,352,103,601,28,-0.18192044314555614,0.5121318535634856
345,1562961600,246,550,304,796,28,1.269660257265393,1.3063677711330646
345,1562976000,95,374,279,469,28,1.0891153940302003,-0.025504767560537142
345,1562990400,19,83,64,102,28,-0.4635704297924567,-1.5202974944735397
345,1563004800,108,53,0,161,28,-0.92576527967455,-1.2799902168499235
345,1563019200,262,156,0,418,28,-0.92576527967455,-0.23322800754027317
345,1563033600,223,275,52,498,28,-0.5502319641453493,0.09261236889852845
345,1563048000,204,340,136,544,28,0.05639877632489819,0.2799705853508394
345,1563062400,103,489,386,592,28,1.861847408676825,0.4754748112141204
345,1563076800,16,129,113,145,28,-0.10970249785147908,-1.3451582921376837
345,1563091200,56,27,0,83,28,-0.92576527967455,-1.5976845838777551
345,1563105600,223,111,0,334,28,-0.92576527967455,-0.5753604028010149
345,1563120000,245,185,0,430,28,-0.92576527967455,-0.18435195107445293
345,1563134400,175,323,148,498,28,0.14306031067779068,0.09261236889852845
345,1563148800,66,243,177,309,28,0.3524923520306142,-0.6771855204381404
345,1563163200,12,65,53,77,28,-0.5430101696159415,-1.622122612110665
345,1563177600,328,102,0,430,28,-0.92576527967455,-0.18435195107445293
345,1563192000,457,302,0,759,28,-0.92576527967455,1.1556665970301188
345,1563206400,262,340,78,602,28,-0.3624653063807488,0.5162048582689706
345,1563220800,245,599,354,844,28,1.6307499837357784,1.5018719969963454
345,1563235200,82,384,302,466,29,0.6965481133430186,-0.25630064899174554
345,1563249600,14,138,124,152,29,-0.38855163563643697,-1.614313087281475
345,1563264000,314,91,0,405,29,-1.1444638203187543,-0.5201183519715974
345,1563278400,466,352,0,818,29,-1.1444638203187543,1.2660572436133015
345,1563292800,265,412,147,677,29,-0.24834211750987809,0.6562491104959389
345,1563307200,224,767,543,991,29,2.1657000206691355,2.0142615487856683
345,1563321600,71,428,357,499,29,1.0318317436456594,-0.11357959656002235
345,1563336000,13,184,171,197,29,-0.10203653337781667,-1.4196934703291253
345,1563350400,308,123,0,431,29,-1.1444638203187543,-0.4076714621769064
345,1563364800,463,350,0,813,29,-1.1444638203187543,1.2444328417297073
345,1563379200,255,411,156,666,29,-0.19347752346035507,0.6086754263520312
345,1563393600,232,662,430,894,29,1.4768445620473463,1.5947481522439366
345,1563408000,65,373,308,438,29,0.733124509376034,-0.3773972995398743
345,1563422400,12,162,150,174,29,-0.23005391949337042,-1.5191657189936596
345,1563436800,299,142,0,441,29,-1.1444638203187543,-0.3644226584097176
345,1563451200,493,350,0,843,29,-1.1444638203187543,1.3741792530312738
345,1563465600,244,341,97,585,29,-0.553145417785006,0.25836011583780166
345,1563480000,224,661,437,885,29,1.5195170240858642,1.5558242288534667
345,1563494400,76,367,291,443,29,0.6294913872824904,-0.35577289765627984
345,1563508800,26,151,125,177,29,-0.3824555696309344,-1.5061910778635028
345,1563523200,296,127,0,423,29,-1.1444638203187543,-0.4422705051906575
345,1563537600,451,219,0,670,29,-1.1444638203187543,0.6259749478589067
345,1563552000,246,410,164,656,29,-0.14470899541633458,0.5654266225848424
345,1563566400,165,451,286,616,29,0.5990110572549777,0.39243140751608707
345,1563580800,74,518,444,592,29,1.5621894861243821,0.28863427847483386
345,1563595200,9,216,207,225,29,0.11742184282027547,-1.2985968197809965
345,1563609600,72,108,36,180,29,-0.9250054441206622,-1.4932164367333463
345,1563624000,196,327,131,523,29,-0.34587917359791903,-0.009782467518769138
345,1563638400,176,451,275,627,29,0.5319543311944496,0.4400050916599948
345,1563652800,167,610,443,777,29,1.5560934201188794,1.0887371481678274
345,1563667200,68,574,506,642,29,1.9401455784655408,0.504878297310778
345,1563681600,14,191,177,205,29,-0.06546013734480131,-1.3850944273153742
345,1563696000,47,99,52,146,29,-0.8274683880326212,-1.6402623695417884
345,1563710400,198,201,3,399,29,-1.1261756223022468,-0.5460676342319107
345,1563724800,205,388,183,593,29,-0.028883741311785952,0.2929591588515527
345,1563739200,132,508,376,640,29,1.147656997750208,0.4962285365573403
345,1563753600,63,432,369,495,29,1.10498453571169,-0.1308791180668979
345,1563768000,14,144,130,158,29,-0.3519752396034216,-1.5883638050211617
345,1563782400,292,105,0,397,29,-1.1444638203187543,-0.5547173949853484
345,1563796800,464,317,0,781,29,-1.1444638203187543,1.1060366696747028
345,1563811200,241,335,94,576,29,-0.5714336158015138,0.2194361924473317
345,1563825600,187,558,371,745,29,1.1171766677226953,0.9503409761128231
345,1563840000,27,159,132,186,30,-0.17465521115120344,-1.1319881591206085
345,1563854400,0,0,0,0,30,-0.9869777703980759,-1.816862036060679
345,1563868800,286,66,0,352,30,-0.9869777703980759,-0.5207566345396851
345,1563883200,485,324,0,809,30,-0.9869777703980759,1.1619711168668325
345,1563897600,248,347,99,595,30,-0.37773585096292156,0.3739979466239556
345,1563912000,220,665,445,885,30,1.7515338876690318,1.4418120558315926
345,1563926400,39,273,234,312,30,0.4530485846304707,-0.6680413392579799
345,1563940800,1,20,19,21,30,-0.8700525535367837,-1.7395375660835743
345,1563955200,316,85,0,401,30,-0.9869777703980759,-0.340332871259774
345,1563969600,477,304,0,781,30,-0.9869777703980759,1.0588718235640262
345,1563984000,265,382,117,647,30,-0.2669645928838026,0.5654680627577388
345,1563998400,203,664,461,867,30,1.8499972281838042,1.37553393870836
345,1564012800,49,268,219,317,30,0.3607392028978716,-0.649630751168193
345,1564027200,0,14,14,14,30,-0.90082234744765,-1.765312389409276
345,1564041600,329,80,0,409,30,-0.9869777703980759,-0.3108759303161151
345,1564056000,471,349,0,820,30,-0.9869777703980759,1.2024744106643637
345,1564070400,276,404,128,680,30,-0.19927104627989656,0.686977944150332
345,1564084800,235,667,432,902,30,1.6715324235007794,1.504408055336868
345,1564099200,45,223,178,268,30,0.10842689282876726,-0.8300545144481041
345,1564113600,0,1,1,1,30,-0.9808238116159026,-1.8131799184427217
345,1564128000,298,86,0,384,30,-0.9869777703980759,-0.4029288707650493
345,1564142400,413,231,0,644,30,-0.9869777703980759,0.5544217099038666
345,1564156800,252,372,120,624,30,-0.24850271653728276,0.4807793575447193
345,1564171200,263,611,348,874,30,1.1545998857982243,1.4013087620340616
345,1564185600,94,392,298,486,30,0.8469019466895604,-0.02735287373339766
345,1564200000,17,298,281,315,30,0.7422846473926147,-0.6569949864041078
345,1564214400,73,112,39,185,30,-0.7469733778933182,-1.1356702767385658
345,1564228800,198,263,65,461,30,-0.586970449556813,-0.11940581418233188
345,1564243200,234,482,248,716,30,0.5392040075808966,0.8195341783967972
345,1564257600,195,602,407,797,30,1.5176834539464474,1.117785705451344
345,1564272000,111,566,455,677,30,1.8130734754907647,0.6759315912964599
345,1564286400,8,196,188,204,30,0.16996648065050002,-1.0657100419973757
345,1564300800,49,100,51,149,30,-0.6731258725072389,-1.268226510985031
345,1564315200,204,243,39,447,30,-0.7469733778933182,-0.17095546083373506
345,1564329600,206,426,220,632,30,0.3668931616800449,0.5102362984883783
345,1564344000,140,523,383,663,30,1.3699884431742888,0.6243819446450567
345,1564358400,66,503,437,569,30,1.7023022174116456,0.278262888557064
345,1564372800,10,122,112,132,30,-0.29773438679466896,-1.3308225104903064
345,1564387200,283,120,0,403,30,-0.9869777703980759,-0.3329686360238593
345,1564401600,451,316,0,767,30,-0.9869777703980759,1.007322176912623
345,1564416000,185,297,112,482,30,-0.29773438679466896,-0.042081344205227134
345,1564430400,196,650,454,846,30,1.8069195167085914,1.2982094687312553
345,1564444800,33,297,264,330,31,0.779203853690456,-0.5178413578131743
345,1564459200,0,6,6,6,31,-0.756388209343059,-1.6035071432958496
345,1564473600,292,108,0,400,31,-0.7920996526694197,-0.2832839350237074
345,1564488000,456,303,0,759,31,-0.7920996526694197,0.9196605618537014
345,1564502400,239,377,138,616,31,0.029263543836878944,0.44049325529807615
345,1564516800,196,679,483,875,31,2.0826715351026257,1.3083557196191036
345,1564531200,42,234,192,276,31,0.35066653377412627,-0.6987856553936201
345,1564545600,0,9,9,9,31,-0.7385324876798786,-1.5934546823191582
345,1564560000,311,69,0,380,31,-0.7920996526694197,-0.35030034153498363
345,1564574400,454,323,0,777,31,-0.7920996526694197,0.97997532771385
345,1564588800,244,372,128,616,31,-0.03025552837372241,0.44049325529807615
345,1564603200,170,709,539,879,31,2.415978339481993,1.321759000921359
345,1564617600,30,221,191,251,31,0.3447146265530661,-0.7825561635327155
345,1564632000,0,13,13,13,31,-0.714724858795638,-1.580051401016903
345,1564646400,291,104,0,395,31,-0.7920996526694197,-0.30003803665152645
345,1564660800,497,334,0,831,31,-0.7920996526694197,1.160919625294296
345,1564675200,278,407,129,685,31,-0.024303621152662276,0.6716998577619793
345,1564689600,225,655,430,880,31,1.7672204523864383,1.3251098212469228
345,1564704000,37,208,171,245,31,0.22567648213186342,-0.8026610854860984
345,1564718400,0,2,2,2,31,-0.7801958382272994,-1.6169104245981047
345,1564732800,264,84,0,348,31,-0.7920996526694197,-0.45752659195302564
345,1564747200,364,197,0,561,31,-0.7920996526694197,0.2561981373920664
345,1564761600,254,354,100,608,31,-0.1969089305634062,0.4136866926935656
345,1564776000,244,643,399,887,31,1.582711328533574,1.3485655635258693
345,1565395200,5782,8285,2503,14067,32,3.9981497945186053,3.993114955937439
345,1565409600,0,32,32,32,32,-0.21694064137907454,-0.27112254171006356
345,1565424000,0,12,12,12,32,-0.2510571159715284,-0.27719911812281384
345,1565438400,1,15,14,16,32,-0.24764546851228303,-0.27598380284026375
345,1565452800,1,18,17,19,32,-0.24252799732341496,-0.2750723163783512
345,1565467200,0,8,8,8,32,-0.25788041089001923,-0.27841443340536387
345,1565481600,0,6,6,6,32,-0.2612920583492646,-0.2790220910466389
345,1565496000,0,3,3,3,32,-0.2664095295381327,-0.2799335775085514
345,1565510400,0,6,6,6,32,-0.2612920583492646,-0.2790220910466389
345,1565524800,0,11,11,11,32,-0.2527629397011511,-0.27750294694345135
345,1565539200,0,9,9,9,32,-0.25617458716039654,-0.27811060458472636
345,1565553600,1,8,7,9,32,-0.2595862346196419,-0.27811060458472636
345,1565568000,0,0,0,0,32,-0.27152700072700076,-0.280845063970464
345,1565582400,0,1,1,1,32,-0.26982117699737806,-0.2805412351498265
345,1565596800,272,87,0,359,32,-0.27152700072700076,-0.17177051736159663
345,1565611200,414,207,0,621,32,-0.27152700072700076,-0.09216736635456808
345,1565625600,229,306,77,535,32,-0.14017857354605326,-0.11829664492939425
345,1565654400,233,834,601,1067,33,3.0836769810242872,2.318355227538802
345,1565668800,1,18,17,19,33,-0.4882913302183912,-0.975216205032218
345,1565683200,290,93,0,383,33,-0.5922698598264828,0.16873417803634252
345,1565697600,464,245,0,709,33,-0.5922698598264828,1.1932611694658775
345,1565712000,208,307,99,515,33,0.013252165538286221,0.583573327940326
345,1565726400,182,638,456,820,33,2.1968012873082112,1.5421031818851363
345,1565740800,34,225,191,259,33,0.5759595022408999,-0.22096320520679347
345,1565755200,0,19,19,19,33,-0.47605856202920394,-0.975216205032218
345,1565769600,300,74,0,374,33,-0.5922698598264828,0.1404496905428891
345,1565784000,443,236,0,679,33,-0.5922698598264828,1.0989795444876993
345,1565798400,242,318,76,560,33,-0.1274246686373672,0.724995765407593
345,1565812800,190,633,443,823,33,2.117288294078494,1.5515313443829541
345,1565827200,32,194,162,226,33,0.3985843634976847,-0.3246729926827893
345,1565841600,0,24,24,24,33,-0.4454766415562358,-0.9595026008691883
345,1565856000,293,78,0,371,33,-0.5922698598264828,0.1310215280450713
345,1565870400,490,213,0,703,33,-0.5922698598264828,1.1744048444702417
345,1565884800,242,331,89,573,33,-0.04791167540765005,0.7658511362314703
345,1565899200,198,677,479,875,33,2.3374781214838647,1.7149528276784625
345,1565913600,42,212,170,254,33,0.44751543625443374,-0.23667680936982313
345,1565928000,0,1,1,1,33,-0.5861534757318893,-1.0317851800191247
345,1565942400,188,59,0,247,33,-0.5922698598264828,-0.2586758551980647
345,1565956800,218,93,0,311,33,-0.5922698598264828,-0.05754172191128482
345,1565971200,235,331,96,566,33,-0.00509698674549466,0.7438520904032286
345,1565985600,198,547,349,745,33,1.542348189186693,1.3063991194396911
345,1566000000,69,292,223,361,33,0.7716837932678959,0.09959431971901195
345,1566014400,0,13,13,13,33,-0.5127568665967657,-0.9940725300278536
345,1566028800,0,5,5,5,33,-0.5616879393535147,-1.019214296688701
345,1566043200,0,11,11,11,33,-0.524989634785953,-1.0003579716930655
345,1566057600,0,22,22,22,33,-0.45770940974542307,-0.9657880425344001
345,1566072000,0,3,3,3,33,-0.573920707542702,-1.0254997383539128
345,1566086400,0,0,0,0,33,-0.5922698598264828,-1.0349279008517307
345,1566100800,0,1,1,1,33,-0.5861534757318893,-1.0317851800191247
345,1566115200,0,1,1,1,33,-0.5861534757318893,-1.0317851800191247
345,1566129600,0,0,0,0,33,-0.5922698598264828,-1.0349279008517307
345,1566144000,0,0,0,0,33,-0.5922698598264828,-1.0349279008517307
345,1566158400,0,0,0,0,33,-0.5922698598264828,-1.0349279008517307
345,1566172800,0,0,0,0,33,-0.5922698598264828,-1.0349279008517307
345,1566187200,0,1,1,1,33,-0.5861534757318893,-1.0317851800191247
345,1566201600,252,93,0,345,33,-0.5922698598264828,0.04931078639731698
345,1566216000,389,213,0,602,33,-0.5922698598264828,0.8569900403770424
345,1566230400,250,294,44,544,33,-0.32314895966436324,0.6747122320858981
345,1566244800,164,635,471,799,33,2.2885470487271156,1.4761060444004117
345,1566259200,25,179,154,204,34,0.54157586472656,-0.3682952856699386
345,1566273600,0,6,6,6,34,-0.557130262930195,-1.036724704183952
345,1566288000,290,88,0,378,34,-0.6016724032406039,0.21911238514540662
345,1566302400,446,230,0,676,34,-0.6016724032406039,1.2251324190705382
345,1566316800,240,321,81,561,34,-0.0003535090500826361,0.8369032113477525
345,1566331200,193,593,400,786,34,2.3678036174533283,1.5964820960227677
345,1566345600,33,178,145,211,34,0.47476265426094655,-0.34466394259116034
345,1566360000,0,2,2,2,34,-0.5868250231371342,-1.0502283288003968
345,1566374400,316,88,0,404,34,-0.6016724032406039,0.3068859451522973
345,1566388800,463,190,0,653,34,-0.6016724032406039,1.147486577525981
345,1566403200,245,329,84,574,34,0.021917561105121854,0.8807899913511977
345,1566417600,172,603,431,775,34,2.597938009057108,1.5593471283275449
345,1566432000,33,206,173,239,34,0.6826259757095218,-0.2501385702760473
345,1566446400,0,7,7,7,34,-0.5497065728784601,-1.0333487980298408
345,1566460800,278,84,0,362,34,-0.6016724032406039,0.16509788667962774
345,1566475200,445,242,0,687,34,-0.6016724032406039,1.262267386765761
345,1566489600,238,325,87,563,34,0.04418863126032635,0.8436550236559748
345,1566504000,190,625,435,815,34,2.6276327692640473,1.694383374491992
345,1566518400,33,218,185,251,34,0.7717102563303397,-0.20962769642671317
345,1566532800,0,7,7,7,34,-0.5497065728784601,-1.0333487980298408
345,1566547200,252,86,0,338,34,-0.6016724032406039,0.08407613898095945
345,1566561600,410,215,0,625,34,-0.6016724032406039,1.052961205210868
345,1566576000,262,339,77,601,34,-0.030048269257021958,0.9719394575121996
345,1566590400,178,592,414,770,34,2.4717352781776163,1.5424675975569888
345,1566604800,74,304,230,378,34,1.1057763086584071,0.21911238514540662
345,1566619200,0,2,2,2,34,-0.5868250231371342,-1.0502283288003968
345,1566633600,0,2,2,2,34,-0.5868250231371342,-1.0502283288003968
345,1566648000,0,2,2,2,34,-0.5868250231371342,-1.0502283288003968
345,1566662400,1,4,3,5,34,-0.5794013330853994,-1.0401006103380632
345,1566676800,0,6,6,6,34,-0.557130262930195,-1.036724704183952
345,1566691200,0,1,1,1,34,-0.5942487131888691,-1.053604234954508
345,1566705600,0,0,0,0,34,-0.6016724032406039,-1.0569801411086193
345,1566720000,0,0,0,0,34,-0.6016724032406039,-1.0569801411086193
345,1566734400,0,0,0,0,34,-0.6016724032406039,-1.0569801411086193
345,1566748800,0,0,0,0,34,-0.6016724032406039,-1.0569801411086193
345,1566763200,0,0,0,0,34,-0.6016724032406039,-1.0569801411086193
345,1566777600,0,0,0,0,34,-0.6016724032406039,-1.0569801411086193
345,1566792000,0,1,1,1,34,-0.5942487131888691,-1.053604234954508
345,1566806400,271,77,0,348,34,-0.6016724032406039,0.11783520052207123
345,1566820800,397,232,0,629,34,-0.6016724032406039,1.0664648298273127
345,1566835200,216,323,107,539,34,0.19266243229502297,0.7626332759573065
345,1566849600,190,552,362,742,34,2.0857033954874047,1.4479422252418759
345,1566864000,55,477,422,532,35,1.8701675863793983,0.48051543054993484
345,1566878400,10,138,128,148,35,-0.07481930460121393,-1.29980914190799
345,1566892800,324,103,0,427,35,-0.9216163183614805,-0.006292069731529012
345,1566907200,430,239,0,669,35,-0.9216163183614805,1.115683311869559
345,1566921600,249,331,82,580,35,-0.3791369814213097,0.7030560021071754
345,1566936000,177,639,462,816,35,2.1347916531794815,1.7972138122636085
345,1566950400,46,480,434,526,35,1.9495548064194232,0.45269785910527977
345,1566964800,7,150,143,157,35,0.024414720448817297,-1.2580827847410074
345,1566979200,361,96,0,457,35,-0.9216163183614805,0.13279578749174636
345,1566993600,410,233,0,643,35,-0.9216163183614805,0.9951405022760538
345,1567008000,229,340,111,569,35,-0.18728453299124934,0.6520571211253078
345,1567022400,199,696,497,895,35,2.3663377116295545,2.163478502951567
345,1567036800,37,378,341,415,35,1.3343038511092296,-0.06192721262083917
345,1567051200,8,133,125,141,35,-0.09466610961122018,-1.3322629752600876
345,1567065600,338,81,0,419,35,-0.9216163183614805,-0.043382164991069116
345,1567080000,461,210,0,671,35,-0.9216163183614805,1.124955835684444
345,1567094400,257,335,78,592,35,-0.405599388101318,0.7586911449964856
345,1567108800,213,622,409,835,35,1.7841647646693712,1.8853027885050162
345,1567123200,53,437,384,490,35,1.618774722919319,0.2857924304373493
345,1567137600,13,176,163,189,35,0.15672675384885895,-1.109722403702847
345,1567152000,286,117,0,403,35,-0.9216163183614805,-0.11756235551014932
345,1567166400,432,190,0,622,35,-0.9216163183614805,0.897779002219761
345,1567180800,257,463,206,720,35,0.4411976256589485,1.3521326691491273
345,1567195200,196,516,320,712,35,1.1953762160391859,1.3150425738895872
345,1567209600,74,312,238,386,35,0.6528968790990151,-0.19637880793667203
345,1567224000,9,97,88,106,35,-0.3394433714012972,-1.4945321420205757
345,1567238400,81,61,0,142,35,-0.9216163183614805,-1.3276267133526451
345,1567252800,200,135,0,335,35,-0.9216163183614805,-0.4328281652162402
345,1567267200,221,246,25,467,35,-0.7562262766114284,0.1791584065661715
345,1567281600,152,297,145,449,35,0.037645923788821464,0.09570569223220628
345,1567296000,66,285,219,351,35,0.5272004473689755,-0.35864797469716
345,1567310400,10,98,88,108,35,-0.3394433714012972,-1.4852596182056905
345,1567324800,60,39,0,99,35,-0.9216163183614805,-1.5269859753726733
345,1567339200,191,97,0,288,35,-0.9216163183614805,-0.6507324748660382
345,1567353600,198,263,65,461,35,-0.4916022098113451,0.15134083512151641
345,1567368000,144,368,224,512,35,0.5602784557189859,0.3877901924010846
345,1567382400,61,278,217,339,35,0.5139692440289714,-0.41428311758647013
345,1567396800,14,87,73,101,35,-0.43867739645132847,-1.5177134515577881
345,1567411200,85,48,0,133,35,-0.9216163183614805,-1.3693530705196277
345,1567425600,156,132,0,288,35,-0.9216163183614805,-0.6507324748660382
345,1567440000,180,208,28,388,35,-0.7363794716014221,-0.187106284121787
345,1567454400,137,273,136,410,35,-0.021894491241197276,-0.08510852215805173
345,1567468800,45,265,220,310,36,0.5860930049002512,-0.5569161866217978
345,1567483200,11,72,61,83,36,-0.4138888772468815,-1.3335198027183635
345,1567497600,350,81,0,431,36,-0.7975297251146494,-0.14295566879058869
345,1567512000,453,230,0,683,36,-0.7975297251146494,0.7191769799157309
345,1567526400,234,334,100,568,36,-0.16861030238060368,0.32574342991086286
345,1567540800,179,715,536,894,36,2.573478380739836,1.4410420151420542
345,1567555200,33,158,125,191,36,-0.01138044669709226,-0.9640343818442264
345,1567569600,0,1,1,1,36,-0.791240530887309,-1.6140550296783565
345,1567584000,371,109,0,480,36,-0.7975297251146494,0.024681235124529022
345,1567598400,429,252,0,681,36,-0.7975297251146494,0.7123346573069507
345,1567612800,246,404,158,650,36,0.1961629628051428,0.6062786568708558
345,1567627200,208,689,481,897,36,2.2275726982361106,1.4513054990552245
345,1567641600,36,236,200,272,36,0.460309120353442,-0.6869203161886237
345,1567656000,0,1,1,1,36,-0.791240530887309,-1.6140550296783565
345,1567670400,424,126,0,550,36,-0.7975297251146494,0.26416252643184
345,1567684800,433,388,0,821,36,-0.7975297251146494,1.1912972399215727
345,1567699200,257,393,136,650,36,0.057800689803652765,0.6062786568708558
345,1567713600,200,682,482,882,36,2.233861892463451,1.3999880794893722
345,1567728000,38,158,120,196,36,-0.042826417833794546,-0.9469285753222757
345,1567742400,0,0,0,0,36,-0.7975297251146494,-1.6174761909827464
345,1567756800,421,182,0,603,36,-0.7975297251146494,0.44548407556451836
345,1567771200,434,377,0,811,36,-0.7975297251146494,1.157085626877671
345,1567785600,354,496,142,850,36,0.09553585516769551,1.2905109177488872
345,1567800000,265,700,435,965,36,1.9382697637784494,1.6839444677537554
345,1567814400,54,323,269,377,36,0.8942635220399336,-0.3276983792276572
345,1567828800,10,92,82,102,36,-0.2818157984727319,-1.2685177379349504
345,1567843200,81,45,0,126,36,-0.7975297251146494,-1.1864098666295866
345,1567857600,273,147,0,420,36,-0.7975297251146494,-0.18058844313888042
345,1567872000,226,299,73,525,36,-0.33841854651879605,0.1786334938220861
345,1567886400,171,363,192,534,36,0.40999556653471836,0.20942394556159752
345,1567900800,74,301,227,375,36,0.6301173644916344,-0.3345407018364375
345,1567915200,11,102,91,113,36,-0.2252130504266678,-1.2308849635866588
345,1567929600,62,35,0,97,36,-0.7975297251146494,-1.2856235444569013
345,1567944000,197,148,0,345,36,-0.7975297251146494,-0.4371755409681422
345,1567958400,190,254,64,444,36,-0.3950212945648601,-0.09848057183351665
345,1567972800,112,334,222,446,36,0.598671393354932,-0.09163824922473633
345,1567987200,41,245,204,286,36,0.48546589726280387,-0.6390240579271615
345,1568001600,6,67,61,73,36,-0.4138888772468815,-1.367731415762265
345,1568016000,456,181,0,637,36,-0.7975297251146494,0.5618035599137837
345,1568030400,479,327,0,806,36,-0.7975297251146494,1.1399798203557203
345,1568044800,310,392,82,702,36,-0.2818157984727319,0.7841790446991439
345,1568059200,209,770,561,979,36,2.730708236423347,1.7318407260152175
345,1568073600,27,217,190,244,37,0.3467455872668018,-0.8529799753653874
345,1568088000,0,16,16,16,37,-0.6644342817458829,-1.5684789455912937
345,1568102400,406,194,0,600,37,-0.7574163386665896,0.2642026272680455
345,1568116800,513,393,0,906,37,-0.7574163386665896,1.2244775609922884
345,1568131200,328,391,63,719,37,-0.39129948954130717,0.6376428792719178
345,1568145600,223,769,546,992,37,2.4155963537525245,1.4943587515160952
345,1568160000,29,265,236,294,37,0.6140690009138334,-0.6960723064561973
345,1568174400,0,5,5,5,37,-0.7283594458788688,-1.6029986327513157
345,1568188800,466,159,0,625,37,-0.7574163386665896,0.3426564617226405
345,1568203200,474,413,0,887,37,-0.7574163386665896,1.1648526468067961
345,1568217600,306,418,112,724,37,-0.10654194022164308,0.6533336461628367
345,1568232000,207,776,569,983,37,2.54925806057604,1.466115371112441
345,1568246400,37,249,212,286,37,0.47459591553277347,-0.7211775334816678
345,1568260800,0,8,8,8,37,-0.7109253102062363,-1.593584172616764
345,1568275200,418,183,0,601,37,-0.7574163386665896,0.26734078064622935
345,1568289600,493,418,0,911,37,-0.7574163386665896,1.2401683278832074
345,1568304000,280,421,141,701,37,0.06198803794713771,0.5811561184646094
345,1568318400,219,798,579,1017,37,2.607371846151482,1.5728125859706903
345,1568332800,46,309,263,355,37,0.7709762219675259,-0.5046449503869855
345,1568347200,0,1,1,1,37,-0.7516049601090454,-1.6155512462640509
345,1568361600,430,198,0,628,37,-0.7574163386665896,0.3520709218571919
345,1568376000,472,366,0,838,37,-0.7574163386665896,1.01108313127579
345,1568390400,318,429,111,747,37,-0.11235331877918725,0.7255111738610641
345,1568404800,279,710,431,989,37,1.7472878196349455,1.4849442913815438
345,1568419200,73,334,261,407,37,0.7593534648524376,-0.34146097472142795
345,1568433600,8,116,108,124,37,-0.12978745445181974,-1.2295583807474433
345,1568448000,96,42,0,138,37,-0.7574163386665896,-1.1856242334528702
345,1568462400,238,165,0,403,37,-0.7574163386665896,-0.3540135882341631
345,1568476800,252,257,5,509,37,-0.7283594458788688,-0.0213693301466803
345,1568491200,189,338,149,527,37,0.10847906640749103,0.035117430660628106
345,1568505600,68,290,222,358,37,0.5327097011082151,-0.49523049025243415
345,1568520000,10,88,78,98,37,-0.3041288111781447,-1.3111503685802222
345,1568534400,65,40,0,105,37,-0.7574163386665896,-1.2891832949329356
345,1568548800,231,131,0,362,37,-0.7574163386665896,-0.4826778767396989
345,1568563200,230,284,54,514,37,-0.4436018965592047,-0.005678563255761299
345,1568577600,146,398,252,544,37,0.70705105783454,0.0884660380897527
345,1568592000,59,253,194,312,37,0.36999110149697845,-0.6395855456488889
345,1568606400,10,55,45,65,37,-0.4959043035771022,-1.4147094300602876
345,1568620800,420,150,0,570,37,-0.7574163386665896,0.17005802592253152
345,1568635200,477,415,0,892,37,-0.7574163386665896,1.180543413697715
345,1568649600,294,380,86,674,37,-0.25763778271779136,0.49642597725364673
345,1568664000,224,761,537,985,37,2.3632939467346272,1.4723916778688086
345,1568678400,55,343,288,398,38,0.8131468843118961,-0.48787170454056783
345,1568692800,14,84,70,98,38,-0.46018523006465945,-1.5103573128591234
345,1568707200,421,160,0,581,38,-0.8690533401855718,0.13584451653375107
345,1568721600,504,407,0,911,38,-0.8690533401855718,1.260578685684162
345,1568736000,284,394,110,678,38,-0.22654630999556669,0.4664481965567507
345,1568750400,247,800,553,1047,38,2.3610047297696357,1.7241054947885741
345,1568764800,57,430,373,487,38,1.3096295894587182,-0.18453430740606303
345,1568779200,8,102,94,110,38,-0.3200018780232038,-1.4694578885263812
345,1568793600,435,200,0,635,38,-0.8690533401855718,0.31989192603109107
345,1568808000,455,387,0,842,38,-0.8690533401855718,1.0254069957708944
345,1568822400,337,402,65,739,38,-0.48939009507329606,0.6743536035815236
345,1568836800,252,759,507,1011,38,2.0923199716901792,1.6014072217903474
345,1568851200,64,381,317,445,38,0.9825351013619884,-0.3276822925706608
345,1568865600,8,85,77,93,38,-0.4192984190525682,-1.5273987396644326
345,1568880000,415,202,0,617,38,-0.8690533401855718,0.25854278953197773
345,1568894400,479,410,0,889,38,-0.8690533401855718,1.1855964077408014
345,1568908800,294,365,71,659,38,-0.45434425706293213,0.4016907746965755
345,1568923200,248,677,429,925,38,1.6367240775554481,1.308294680739028
345,1568937600,57,403,346,460,38,1.1519233184120807,-0.276558012154733
345,1568952000,8,85,77,93,38,-0.4192984190525682,-1.5273987396644326
345,1568966400,379,178,0,557,38,-0.8690533401855718,0.05404566786826662
345,1568980800,440,337,0,777,38,-0.8690533401855718,0.803868447301874
345,1568995200,353,463,110,816,38,-0.22654630999556669,0.9367915763832863
345,1569009600,266,719,453,985,38,1.7769074295969038,1.5127918024027391
345,1569024000,72,427,355,499,38,1.2044920754276265,-0.14363488307332078
345,1569038400,14,125,111,139,38,-0.22070533699383937,-1.3706176130555874
345,1569052800,85,48,0,133,38,-0.8690533401855718,-1.3910673252219585
345,1569067200,231,164,0,395,38,-0.8690533401855718,-0.4980965606237534
345,1569081600,242,284,42,526,38,-0.6237324741130243,-0.051611178324650786
345,1569096000,193,383,190,576,38,0.24073153014261883,0.11880308972844181
345,1569110400,71,334,263,405,38,0.6671225592687131,-0.4640137070131349
345,1569124800,18,127,109,145,38,-0.232387282997294,-1.3501679008892165
345,1569139200,61,55,0,116,38,-0.8690533401855718,-1.44900817636001
345,1569153600,208,136,0,344,38,-0.8690533401855718,-0.6719191140379078
345,1569168000,206,254,48,460,38,-0.5886866361026605,-0.276558012154733
345,1569182400,139,363,224,502,38,0.4393246122013477,-0.13341002699013524
345,1569196800,46,263,217,309,38,0.3984378011892565,-0.7912091016750726
345,1569211200,10,77,67,87,38,-0.47770814906984144,-1.5478484518308038
345,1569225600,431,201,0,632,38,-0.8690533401855718,0.3096670699479055
345,1569240000,471,395,0,866,38,-0.8690533401855718,1.1072058444363788
345,1569254400,299,403,104,702,38,-0.2615921480059306,0.5482470452222351
345,1569268800,230,809,579,1039,38,2.512870027814546,1.6968392119000792
345,1569283200,45,351,306,396,39,0.8982944514251128,-0.44333153553092397
345,1569297600,8,52,44,60,39,-0.5953338567468335,-1.5575425113835333
345,1569312000,448,200,0,648,39,-0.8461721985772366,0.39232669635853296
345,1569326400,473,380,0,853,39,-0.8461721985772366,1.0721280357924166
345,1569340800,266,412,146,678,39,-0.013844973412716989,0.49180981920251593
345,1569355200,295,870,575,1165,39,2.431828859433714,2.1067525133698393
345,1569369600,49,357,308,406,39,0.9096961942355857,-0.41017049458292965
345,1569384000,10,69,59,79,39,-0.5098207856682869,-1.494536533582344
345,1569398400,458,191,0,649,39,-0.8461721985772366,0.3956428004533324
345,1569412800,512,421,0,933,39,-0.8461721985772366,1.3374163633763712
345,1569427200,291,421,130,712,39,-0.10505891589649996,0.6045573584256967
345,1569441600,268,775,507,1043,39,2.044169603877636,1.7021878138043087
345,1569456000,56,398,342,454,39,1.1035258220136244,-0.2509974980325569
345,1569470400,9,86,77,95,39,-0.40720510037403107,-1.441478868065553
345,1569484800,434,206,0,640,39,-0.8461721985772366,0.3657978636001375
345,1569499200,440,385,0,825,39,-0.8461721985772366,0.9792771211380324
345,1569513600,321,416,95,737,39,-0.3045894150797752,0.6874599607956824
345,1569528000,279,858,579,1137,39,2.4546323450546597,2.013901598715455
345,1569542400,66,418,352,484,39,1.1605345360659889,-0.1515143751885739
345,1569556800,12,87,75,99,39,-0.4186068431845039,-1.4282144516863553
345,1569571200,415,209,0,624,39,-0.8461721985772366,0.3127401980833466
345,1569585600,441,362,0,803,39,-0.8461721985772366,0.9063228310524449
345,1569600000,320,433,113,753,39,-0.20197372978551936,0.7405176263124733
345,1569614400,264,707,443,971,39,1.6793138339425042,1.4634283189787496
345,1569628800,105,405,300,510,39,0.8640892229936942,-0.06529566872378868
345,1569643200,13,127,114,140,39,-0.19627285838028294,-1.2922541837995787
345,1569657600,103,64,0,167,39,-0.8461721985772366,-1.202719373239994
345,1569672000,252,176,0,428,39,-0.8461721985772366,-0.33721620449734213
345,1569686400,254,295,41,549,39,-0.6124364709625427,0.06403239097338918
345,1569700800,180,374,194,554,39,0.25979685403863195,0.08061291144738635
345,1569715200,64,309,245,373,39,0.5505412957056902,-0.5196019297113109
345,1569729600,14,107,93,121,39,-0.31599115789024806,-1.3552601616007678
345,1569744000,63,26,0,89,39,-0.8461721985772366,-1.4613754926343496
345,1569758400,200,122,0,322,39,-0.8461721985772366,-0.688723238546082
345,1569772800,203,237,34,440,39,-0.6523425707991978,-0.29742295535974894
345,1569787200,135,313,178,448,39,0.16858291155484895,-0.2708941226013535
345,1569801600,48,263,215,311,39,0.3795151535485971,-0.7252003835888757
345,1569816000,14,88,74,102,39,-0.42430771458974037,-1.4182661394019571
345,1569830400,314,94,0,408,39,-0.8461721985772366,-0.4035382863933308
345,1569844800,402,192,0,594,39,-0.8461721985772366,0.21325707523936363
345,1569859200,249,302,53,551,39,-0.5440260140997055,0.07066459916298805
345,1569873600,177,719,542,896,39,2.2437001030609114,1.2147205118687923
345,1569888000,50,312,262,362,40,0.6725432636640334,-0.5081717380605686
345,1569902400,8,57,49,65,40,-0.5573365476071118,-1.4699278085457048
345,1569916800,344,90,0,434,40,-0.8402666450356852,-0.2750187512762932
345,1569931200,454,226,0,680,40,-0.8402666450356852,0.5215872869033146
345,1569945600,243,319,76,562,40,-0.40143628984034696,0.13947544745130758
345,1569960000,207,707,500,914,40,2.046775165459961,1.2793344939522098
345,1569974400,50,355,305,405,40,0.9208288593666589,-0.36892759317551527
345,1569988800,5,63,58,68,40,-0.5053697950181902,-1.4602131007630266
345,1570003200,427,204,0,631,40,-0.8402666450356852,0.3629137264529049
345,1570017600,496,405,0,901,40,-0.8402666450356852,1.2372374268939377
345,1570032000,285,458,173,743,40,0.15864982139580838,0.7255961503395555
345,1570046400,265,845,580,1110,40,2.508701855139264,1.9140287357538484
345,1570060800,53,324,271,377,40,0.7245100162529551,-0.4595981991471779
345,1570075200,10,87,77,97,40,-0.39566220621935566,-1.3663042588638046
345,1570089600,425,135,0,560,40,-0.8402666450356852,0.1329989755961888
345,1570104000,476,444,0,920,40,-0.8402666450356852,1.298763909517566
345,1570118400,305,403,98,708,40,-0.27440645017853854,0.6122578928749772
345,1570132800,275,798,523,1073,40,2.1795790887427606,1.7942140064341512
345,1570147200,60,319,259,379,40,0.6552210128010595,-0.4531217272920592
345,1570161600,7,59,52,66,40,-0.5400142967441379,-1.4666895726181455
345,1570176000,416,191,0,607,40,-0.8402666450356852,0.28519606419147975
345,1570190400,430,378,0,808,40,-0.8402666450356852,0.9360814856309153
345,1570204800,258,401,143,659,40,-0.014572687233930372,0.4535843324245675
345,1570219200,259,803,544,1062,40,2.300834844783578,1.758593411230998
345,1570233600,75,351,276,426,40,0.7533804343579115,-0.3009246386967683
345,1570248000,14,131,117,145,40,-0.16469886137970396,-1.2108689343409542
345,1570262400,100,55,0,155,40,-0.8402666450356852,-1.1784865750653606
345,1570276800,234,176,0,410,40,-0.8402666450356852,-0.35273641353771834
345,1570291200,255,327,72,582,40,-0.4245326243243121,0.2042401660024952
345,1570305600,167,378,211,545,40,0.3780649989934775,0.0844254366827981
345,1570320000,74,345,271,419,40,0.7245100162529551,-0.32359229018968394
345,1570334400,20,122,102,142,40,-0.25131011569457334,-1.2205836421236325
345,1570348800,55,32,0,87,40,-0.8402666450356852,-1.3986866181393984
345,1570363200,210,81,0,291,40,-0.8402666450356852,-0.7380864889172847
345,1570377600,196,228,32,424,40,-0.6554959691639638,-0.307401110551887
345,1570392000,97,263,166,360,40,0.11823123604886934,-0.5146482099156874
345,1570406400,42,216,174,258,40,0.16442390501679968,-0.8449482745267443
345,1570420800,8,77,69,85,40,-0.441854875187286,-1.4051630899945171
345,1570435200,413,187,0,600,40,-0.8402666450356852,0.26252841269856403
345,1570449600,517,414,0,931,40,-0.8402666450356852,1.3343845047207192
345,1570464000,297,387,90,684,40,-0.3205991191464689,0.534540230613552
345,1570478400,249,811,562,1060,40,2.404768349961421,1.7521169393758793
345,1570492800,37,259,222,296,41,0.6481126919928252,-0.5721829014709833
345,1570507200,0,5,5,5,41,-0.7414189652225616,-1.550118773625697
345,1570521600,407,164,0,571,41,-0.7734358236837456,0.3519833007370795
345,1570536000,476,423,0,899,41,-0.7734358236837456,1.4542615346434236
345,1570550400,256,415,159,671,41,0.24470027538190645,0.6880437379036478
345,1570564800,270,796,526,1066,41,2.594737686432814,2.0154824647115923
345,1570579200,39,253,214,292,41,0.5968857184549308,-0.585625318957646
345,1570593600,0,10,10,10,41,-0.7094021067613775,-1.5333157517673686
345,1570608000,330,99,0,429,41,-0.7734358236837456,-0.12522252003944745
345,1570622400,463,244,0,707,41,-0.7734358236837456,0.8090254952836123
345,1570636800,226,326,100,552,41,-0.13309865446006505,0.2881318176754315
345,1570651200,192,595,403,787,41,1.807122968287687,1.077873845016867
345,1570665600,46,313,267,359,41,0.9362644181434815,-0.36046482605604524
345,1570680000,0,12,12,12,41,-0.696595363376904,-1.526594543024037
345,1570694400,387,203,0,590,41,-0.7734358236837456,0.41583478379872746
345,1570708800,462,351,0,813,41,-0.7734358236837456,1.1652495586801748
345,1570723200,298,394,96,692,41,-0.15871214122901228,0.7586164297086271
345,1570737600,272,817,545,1089,41,2.7164017485853136,2.092776365259903
345,1570752000,53,342,289,395,41,1.0771385953726913,-0.23948306867608068
345,1570766400,0,7,7,7,41,-0.7286122218380879,-1.5433975648823657
345,1570780800,370,186,0,556,41,-0.7734358236837456,0.30157423516209425
345,1570795200,443,392,0,835,41,-0.7734358236837456,1.2391828548568198
345,1570809600,306,421,115,727,41,-0.03704807907651298,0.876237582716926
345,1570824000,287,807,520,1094,41,2.5563174562793933,2.1095793871182313
345,1570838400,75,402,327,477,41,1.3204667196776898,0.036086489800505314
345,1570852800,12,96,84,108,41,-0.23555260153585394,-1.2039765233441315
345,1570867200,91,52,0,143,41,-0.7734358236837456,-1.0863553703358326
345,1570881600,207,153,0,360,41,-0.7734358236837456,-0.35710422168437955
345,1570896000,265,276,11,541,41,-0.7029987350691407,0.251165169587109
345,1570910400,188,329,141,517,41,0.12943958492164395,0.17051066466713263
345,1570924800,62,302,240,364,41,0.7633733824530877,-0.34366180419771686
345,1570939200,12,103,91,115,41,-0.1907289996901963,-1.1804522927424719
345,1570953600,76,25,0,101,41,-0.7734358236837456,-1.2275007539457914
345,1570968000,168,99,0,267,41,-0.7734358236837456,-0.669640428249288
345,1570982400,193,229,36,422,41,-0.5429144427632207,-0.14874675064110723
345,1570996800,142,292,150,434,41,0.1870699301517752,-0.10841949818111904
345,1571011200,59,205,146,264,41,0.16145644338282797,-0.6797222413642852
345,1571025600,15,62,47,77,41,-0.47247735414861575,-1.308155258865768
345,1571040000,186,50,0,236,41,-0.7734358236837456,-0.7738191637709242
345,1571054400,340,145,0,485,41,-0.7734358236837456,0.06297132477383079
345,1571068800,258,296,38,554,41,-0.530107699378747,0.2948530264187629
345,1571083200,196,468,272,664,41,0.9682812766046656,0.6645195073019879
345,1571097600,46,285,239,331,42,0.6945419162577436,-0.6384254106419077
345,1571112000,9,51,42,60,42,-0.5839096555145747,-1.550393034126621
345,1571126400,397,172,0,569,42,-0.8564729347756782,0.16249080481699177
345,1571140800,457,376,0,833,42,-0.8564729347756782,1.050902069023502
345,1571155200,305,398,93,703,42,-0.2529399592689492,0.6134268252854478
345,1571169600,262,720,458,982,42,2.115764729547783,1.5523160022309643
345,1571184000,78,373,295,451,42,1.057959621939215,-0.23460210872985754
345,1571198400,8,72,64,80,42,-0.44113841399685394,-1.4830891504746124
345,1571212800,418,188,0,606,42,-0.8564729347756782,0.28700298957320725
345,1571227200,483,417,0,900,42,-0.8564729347756782,1.2763700792577302
345,1571241600,317,411,94,728,42,-0.24645035738178006,0.6975566798504582
345,1571256000,248,727,479,975,42,2.2520463691783346,1.5287596429527615
345,1571270400,58,333,275,391,42,0.9281675841958323,-0.4365137596858826
345,1571284800,7,42,35,49,42,-0.6293368687247587,-1.5874101701352255
345,1571299200,410,198,0,608,42,-0.8564729347756782,0.29373337793840804
345,1571313600,458,389,0,847,42,-0.8564729347756782,1.098014787579908
345,1571328000,289,386,97,675,42,-0.22698155172027268,0.5192013881726361
345,1571342400,271,710,439,981,42,1.9924622936915695,1.5489508080483638
345,1571356800,62,353,291,415,42,1.0320012143905384,-0.3557490993034726
345,1571371200,11,66,55,77,42,-0.4995448309813761,-1.4931847330224137
345,1571385600,365,185,0,550,42,-0.8564729347756782,0.09855211534758383
345,1571400000,473,360,0,833,42,-0.8564729347756782,1.050902069023502
345,1571414400,320,432,112,752,42,-0.12963752341273574,0.7783213402328683
345,1571428800,259,735,476,994,42,2.2325775635168275,1.5926983324221693
345,1571443200,95,377,282,472,42,0.9735947974060162,-0.16393303089524877
345,1571457600,11,107,96,118,42,-0.2334711536074418,-1.3552117715357967
345,1571472000,101,58,0,159,42,-0.8564729347756782,-1.2172388100491796
345,1571486400,232,193,0,425,42,-0.8564729347756782,-0.3220971574774684
345,1571500800,253,310,57,563,42,-0.48656562720703783,0.14229963972138926
345,1571515200,189,357,168,546,42,0.23378018226873548,0.08509133861718216
345,1571529600,67,279,212,346,42,0.5193226653041771,-0.5879474979029014
345,1571544000,8,114,106,122,42,-0.1685751347357505,-1.341750994805395
345,1571558400,71,40,0,111,42,-0.8564729347756782,-1.3787681308139996
345,1571572800,213,121,0,334,42,-0.8564729347756782,-0.6283298280941064
345,1571587200,190,243,53,433,42,-0.5125240347557144,-0.29517560401666504
345,1571601600,110,337,227,447,42,0.6166666936117141,-0.2480628854602592
345,1571616000,55,226,171,281,42,0.25324898793024286,-0.8066851197719286
345,1571630400,10,54,44,64,42,-0.5709304517402365,-1.5369322573962192
345,1571644800,385,184,0,569,42,-0.8564729347756782,0.16249080481699177
345,1571659200,456,421,0,877,42,-0.8564729347756782,1.1989706130579205
345,1571673600,266,352,86,618,42,-0.2983671724791331,0.32738531976441226
345,1571688000,249,746,497,995,42,2.368859203147379,1.5960635266047698
345,1571702400,55,313,258,368,43,0.7347982293343168,-0.5086216183617354
345,1571716800,10,55,45,65,43,-0.5413627024507344,-1.503353248186761
345,1571731200,413,184,0,597,43,-0.8109741669123649,0.24317225368424128
345,1571745600,451,378,0,829,43,-0.8109741669123649,1.0048149537482876
345,1571760000,296,361,65,657,43,-0.4215353849122319,0.44014881404563255
345,1571774400,281,813,532,1094,43,2.3764324796118004,1.8747947620110987
345,1571788800,50,313,263,363,43,0.7647550587189424,-0.5250363317251846
345,1571803200,10,54,44,64,43,-0.5473540683276595,-1.506636190859451
345,1571817600,447,162,0,609,43,-0.8109741669123649,0.28256756575651953
345,1571832000,453,410,0,863,43,-0.8109741669123649,1.1164350046197424
345,1571846400,308,420,112,728,43,-0.13994118869675112,0.6732377438066122
345,1571860800,265,759,494,1024,43,2.148760576288646,1.644988774922809
345,1571875200,62,386,324,448,43,1.130228377211375,-0.245986204546547
345,1571889600,10,49,39,59,43,-0.577310897712285,-1.5230509042229003
345,1571904000,440,214,0,654,43,-0.8109741669123649,0.430299986027563
345,1571918400,554,378,0,932,43,-0.8109741669123649,1.3429580490353425
345,1571932800,279,373,94,652,43,-0.24778577448140332,0.42373410068218326
345,1571947200,245,761,516,1006,43,2.2805706255809985,1.5858958068143916
345,1571961600,53,332,279,385,43,0.8606169127497445,-0.4528115929260078
345,1571976000,8,57,49,65,43,-0.5173972389430339,-1.503353248186761
345,1571990400,409,165,0,574,43,-0.8109741669123649,0.16766457221237466
345,1572004800,463,378,0,841,43,-0.8109741669123649,1.0442102658205656
345,1572019200,282,421,139,703,43,0.02182568998022721,0.5911641769893659
345,1572033600,237,733,496,970,43,2.160743308042496,1.4677098705975569
345,1572048000,79,433,354,512,43,1.3099693535191288,-0.03587787349439632
345,1572062400,16,108,92,124,43,-0.2597685062352536,-1.3096596304980597
345,1572076800,110,60,0,170,43,-0.8109741669123649,-1.1586442675543265
345,1572091200,251,154,0,405,43,-0.8109741669123649,-0.38715273947221074
345,1572105600,252,291,39,543,43,-0.577310897712285,0.06589334935898916
345,1572120000,197,364,167,561,43,0.18958393453413067,0.12498631746740654
345,1572134400,76,279,203,355,43,0.4052731061034351,-0.5512998731067035
345,1572148800,19,93,74,112,43,-0.3676130920199058,-1.349054942570338
345,1572163200,70,45,0,115,43,-0.8109741669123649,-1.3392061145522685
345,1572177600,193,96,0,289,43,-0.8109741669123649,-0.7679740895042338
345,1572192000,200,191,0,391,43,-0.8109741669123649,-0.43311393688986866
345,1572206400,144,281,137,425,43,0.009842958226376963,-0.3214938860184136
345,1572220800,47,222,175,269,43,0.23751486154953164,-0.8336329429580309
345,1572235200,8,48,40,56,43,-0.57131953183536,-1.5328997322409699
345,1572249600,434,189,0,623,43,-0.8109741669123649,0.3285287631741775
345,1572264000,442,386,0,828,43,-0.8109741669123649,1.0015320110755976
345,1572278400,253,417,164,670,43,0.1716098369033553,0.48282706879060067
345,1572292800,237,728,491,965,43,2.1307864786578703,1.4512951572341077
345,1572307200,52,422,370,474,44,1.246133696240872,-0.23024116472863937
345,1572321600,8,101,93,109,44,-0.36650194651499796,-1.4797692008337542
345,1572336000,402,91,0,493,44,-0.9079283536496402,-0.1651972395615238
345,1572350400,511,472,0,983,44,-0.9079283536496402,1.5122513568535618
345,1572364800,286,370,84,656,44,-0.41889805043125367,0.3928111710826781
345,1572379200,228,761,533,989,44,2.195085356057503,1.5327915437484403
345,1572393600,68,452,384,520,44,1.3276387467772697,-0.0727663985345701
345,1572408000,9,118,109,127,44,-0.27335331733054336,-1.4181486401491183
345,1572422400,411,192,0,603,44,-0.9079283536496402,0.2113728535112505
345,1572436800,504,393,0,897,44,-0.9079283536496402,1.217842011360302
345,1572451200,309,368,59,677,44,-0.564442783531964,0.46470182521475323
345,1572465600,213,781,568,994,44,2.3988479823984976,1.5499083661608393
345,1572480000,67,430,363,497,44,1.2053811709726732,-0.15150378163160474
345,1572494400,15,91,76,106,44,-0.46547236502348094,-1.4900392942811933
345,1572508800,376,207,0,583,44,-0.9079283536496402,0.14290556386165518
345,1572523200,505,360,0,865,44,-0.9079283536496402,1.1082943479209493
345,1572537600,302,429,127,731,44,-0.16856110949803196,0.6495635072686606
345,1572552000,227,674,447,901,44,1.6944114741910596,1.231535469290221
345,1572566400,70,444,374,514,44,1.2694208535369857,-0.09330658542944871
345,1572580800,16,199,183,215,44,0.15745909264755906,-1.1168925656908988
345,1572595200,390,217,0,607,44,-0.9079283536496402,0.22506631144116956
345,1572609600,469,382,0,851,44,-0.9079283536496402,1.0603672451662325
345,1572624000,309,421,112,730,44,-0.25588794935845816,0.6461401427861808
345,1572638400,251,699,448,950,44,1.700233263515088,1.3992803289317295
345,1572652800,85,382,297,467,44,0.821143075586798,-0.2542047161059977
345,1572667200,10,102,92,112,44,-0.3723237358390264,-1.4694991073863148
345,1572681600,101,52,0,153,44,-0.9079283536496402,-1.3291411636046444
345,1572696000,268,187,0,455,44,-0.9079283536496402,-0.2952850898957549
345,1572710400,279,302,23,581,44,-0.7740271991969868,0.13605883489669565
345,1572724800,201,361,160,562,44,0.023557938194905603,0.07101490972958008
345,1572739200,77,285,208,362,44,0.30300382574826934,-0.6136579867663732
345,1572750000,11,122,111,133,44,-0.26170973868248654,-1.3976084532542397
345,1572764400,43,41,0,84,44,-0.9079283536496402,-1.5653533128957482
345,1572778800,209,106,0,315,44,-0.9079283536496402,-0.7745561174429222
345,1572793200,248,282,34,530,44,-0.7099875166326742,-0.038532753709772445
345,1572807600,148,403,255,551,44,0.5766279239776047,0.03335790042230265
345,1572822000,62,279,217,341,44,0.35539992966452505,-0.6855486408984482
345,1572836400,15,105,90,120,44,-0.3839673144870832,-1.4421121915264767
345,1572850800,178,45,0,223,44,-0.9079283536496402,-1.0895056498310607
345,1572865200,636,476,0,1112,44,-0.9079283536496402,1.9538653750934516
345,1572879600,264,324,60,588,44,-0.5586209942079355,0.16002238627405402
345,1572894000,267,733,466,1000,44,1.8050254713475995,1.5704485530557177
345,1572908400,75,438,363,513,44,1.2053811709726732,-0.09672994991192847
345,1572922800,15,107,92,122,45,-0.3178191158026891,-1.2025806707997169
345,1572937200,151,48,0,199,45,-0.881922498192028,-0.9570072737316936
345,1572951600,559,256,0,815,45,-0.881922498192028,1.0075799028124925
345,1572966000,229,278,49,507,45,-0.5814761314846627,0.02528631454039948
345,1572980400,262,651,389,913,45,1.5032537599541982,1.3201278627172495
345,1572994800,68,477,409,545,45,1.625884930038837,0.14647838062591745
345,1573009200,18,137,119,155,45,-0.15226703618842666,-1.0973349291991354
345,1573023600,187,49,0,236,45,-0.881922498192028,-0.8390044725431629
345,1573038000,671,514,0,1185,45,-0.881922498192028,2.187607914697799
345,1573052400,277,295,18,572,45,-0.771554445115853,0.23258853284457495
345,1573066800,268,717,449,985,45,1.8711472702081147,1.5497549353003361
345,1573081200,83,550,467,633,45,1.9815153232842897,0.42713369156080117
345,1573095600,16,228,212,244,45,0.4179679047051441,-0.8134903533672644
345,1573110000,167,56,0,223,45,-0.881922498192028,-0.880464916203998
345,1573124400,707,499,0,1206,45,-0.881922498192028,2.254582477534533
345,1573138800,271,312,41,583,45,-0.6305285995185183,0.2676704467114354
345,1573153200,269,793,524,1062,45,2.3310141580255106,1.7953283323683593
345,1573167600,87,487,400,574,45,1.5707009035007493,0.23896706263854958
345,1573182000,23,223,200,246,45,0.3443892026543608,-0.8071118235732898
345,1573196400,163,56,0,219,45,-0.881922498192028,-0.8932219757919473
345,1573210800,644,474,0,1118,45,-0.881922498192028,1.973927166599649
345,1573225200,258,364,106,622,45,-0.23197729674344192,0.39205177769394073
345,1573239600,294,718,424,1012,45,1.717858307602316,1.6358650875189935
345,1573254000,99,431,332,530,45,1.1537549252129773,0.09863940717110772
345,1573268400,24,223,199,247,45,0.3382576441501288,-0.8039225586763025
345,1573282800,53,52,0,105,45,-0.881922498192028,-1.2567981740485012
345,1573297200,226,192,0,418,45,-0.881922498192028,-0.2585582612914716
345,1573311600,250,263,13,513,45,-0.8022122376370127,0.04442190392232337
345,1573326000,200,362,162,562,45,0.11138997949354693,0.2006958838747018
345,1573340400,81,285,204,366,45,0.36891543667128857,-0.42440003593481196
345,1573354800,20,185,165,205,45,0.12978465500624276,-0.9378716843497696
345,1573369200,35,41,6,76,45,-0.8451331471666363,-1.3492868560611333
345,1573383600,181,114,0,295,45,-0.881922498192028,-0.6508378436209113
345,1573398000,205,199,0,404,45,-0.881922498192028,-0.303207969849294
345,1573412400,150,317,167,467,45,0.14204777201470664,-0.10228428133909312
345,1573426800,61,255,194,316,45,0.30759985162896913,-0.5838632807841777
345,1573441200,16,85,69,101,45,-0.45884496140002384,-1.2695552336364504
345,1573455600,119,38,0,157,45,-0.881922498192028,-1.0909563994051608
345,1573470000,382,224,0,606,45,-0.881922498192028,0.3410235393421437
345,1573484400,216,226,10,442,45,-0.8206069131497086,-0.182015903763776
345,1573498800,212,492,280,704,45,0.8349138829929162,0.6535714992469005
345,1573513200,65,406,341,471,45,1.208938951751065,-0.08952722175114386
345,1573527600,6,78,72,84,46,-0.47343318448789734,-1.2900438171072737
345,1573542000,151,38,0,189,46,-0.8850668676079094,-0.9891450371081687
345,1573556400,675,444,0,1119,46,-0.8850668676079094,1.6759584428839038
345,1573570800,249,283,34,532,46,-0.6906842950234593,-0.006209022444425867
345,1573585200,266,787,521,1053,46,2.0935602005244,1.4868220668844663
345,1573599600,75,490,415,565,46,1.4875439448199377,0.08835916555529283
345,1573614000,16,194,178,210,46,0.1325830712165648,-0.9289652811083478
345,1573628400,171,59,0,230,46,-0.8850668676079094,-0.8716512277751849
345,1573642800,722,486,0,1208,46,-0.8850668676079094,1.9310059802164785
345,1573657200,253,335,82,588,46,-0.4162618396101179,0.15427032688843012
345,1573671600,328,740,412,1068,46,1.470392541356604,1.5298076068843385
345,1573686000,95,489,394,584,46,1.3674841205766008,0.14280751622179755
345,1573700400,16,234,218,250,46,0.3612684507276826,-0.814337174442022
345,1573714800,163,70,0,233,46,-0.8850668676079094,-0.8630541197752105
345,1573729200,674,480,0,1154,46,-0.8850668676079094,1.7762580362169387
345,1573743600,264,290,26,554,46,-0.7364213709256828,0.05683643622205327
345,1573758000,261,749,488,1010,46,1.9048947624277277,1.3635968522181663
345,1573772400,104,490,386,594,46,1.3217470446743773,0.17146454288837898
345,1573786800,22,207,185,229,46,0.1726030126310104,-0.8745169304418431
345,1573801200,182,57,0,239,46,-0.8850668676079094,-0.8458599037752617
345,1573815600,623,490,0,1113,46,-0.8850668676079094,1.6587642268839549
345,1573830000,263,347,84,610,46,-0.40482757063456204,0.21731578555490924
345,1573844400,293,755,462,1048,46,1.756249265745501,1.4724935535511756
345,1573858800,108,471,363,579,46,1.1902529514554845,0.12847900288850683
345,1573873200,27,215,188,242,46,0.18975441609434424,-0.8372627957752872
345,1573887600,58,48,0,106,46,-0.8850668676079094,-1.2269983584407946
345,1573902000,212,177,0,389,46,-0.8850668676079094,-0.41600450377654025
345,1573916400,223,206,0,429,46,-0.8850668676079094,-0.3013763971102145
345,1573930800,195,291,96,486,46,-0.3362219567812267,-0.13803134511070042
345,1573945200,88,385,297,473,46,0.8129220752621402,-0.17528547977725628
345,1573959600,30,188,158,218,46,0.0182403814610059,-0.9060396597750826
345,1573974000,40,39,0,79,46,-0.8850668676079094,-1.3043723304405643
345,1573988400,112,85,0,197,46,-0.8850668676079094,-0.9662194157749036
345,1574002800,218,183,0,401,46,-0.8850668676079094,-0.38161607177664253
345,1574017200,152,354,202,506,46,0.2697942989232355,-0.08071729177753757
345,1574031600,55,246,191,301,46,0.2069058195576781,-0.6681863384424568
345,1574046000,16,101,85,117,46,-0.39911043614678404,-1.195475629107555
345,1574060400,154,42,0,196,46,-0.8850668676079094,-0.9690851184415618
345,1574074800,670,479,0,1149,46,-0.8850668676079094,1.761929522883648
345,1574089200,243,305,62,548,46,-0.5306045293656768,0.03964222022210441
345,1574103600,245,732,487,977,46,1.8991776279399497,1.2690286642184476
345,1574118000,81,497,416,578,46,1.4932610793077157,0.1256133002218487
345,1574132400,24,168,144,192,47,0.09703151315259279,-0.5928315224065965
345,1574146800,161,54,0,215,47,-0.7491635439418055,-0.5404477025387723
345,1574161200,704,514,0,1218,47,-0.7491635439418055,1.7439423551754771
345,1574175600,249,319,70,568,47,-0.3378187245209175,0.26353005456305223
345,1574190000,289,751,462,1040,47,1.9657122642360556,1.3385371405462285
345,1574204400,82,548,466,630,47,1.9892176824886778,0.404738612467622
345,1574218800,27,221,194,248,47,0.39084924131036997,-0.46528830881537225
345,1574233200,168,53,0,221,47,-0.7491635439418055,-0.5267823582254268
345,1574247600,717,507,0,1224,47,-0.7491635439418055,1.7576076994888226
345,1574262000,285,352,67,637,47,-0.3554477882103841,0.420681514166525
345,1574276400,276,716,440,992,47,1.8364324638466336,1.2292143860394649
345,1574290800,73,458,385,531,47,1.5132329628730787,0.1792604312974219
345,1574305200,28,224,196,252,47,0.40260195043668107,-0.45617807927314197
345,1574319600,151,52,0,203,47,-0.7491635439418055,-0.5677783911654632
345,1574334000,650,484,0,1134,47,-0.7491635439418055,1.5526275347886407
345,1574348400,252,286,34,538,47,-0.549367488794517,0.19520333299632495
345,1574362800,293,684,391,977,47,1.548491090252012,1.195051025256101
345,1574377200,86,520,434,606,47,1.8011743364677004,0.3500772352142401
345,1574391600,25,222,197,247,47,0.4084783049998366,-0.4675658662009298
345,1574406000,147,78,0,225,47,-0.7491635439418055,-0.5176721286831966
345,1574420400,664,470,0,1134,47,-0.7491635439418055,1.5526275347886407
345,1574434800,289,433,144,722,47,0.09703151315259279,0.614273891938919
345,1574449200,280,682,402,962,47,1.613130990446723,1.1608876644727373
345,1574463600,119,401,282,520,47,0.9079684428680578,0.15420730005628855
345,1574478000,13,102,89,115,47,-0.22616798782096212,-0.76820344109453
345,1574492400,0,3,3,3,47,-0.7315344802523389,-1.0232898682769784
345,1574506800,0,5,5,5,47,-0.7197817711260278,-1.0187347535058633
345,1574521200,0,4,4,4,47,-0.7256581256891833,-1.0210123108914209
345,1574535600,0,3,3,3,47,-0.7315344802523389,-1.0232898682769784
345,1574550000,0,0,0,0,47,-0.7491635439418055,-1.0301225404336511
345,1574564400,0,0,0,0,47,-0.7491635439418055,-1.0301225404336511
345,1574578800,0,2,2,2,47,-0.7374108348154944,-1.025567425662536
345,1574593200,0,4,4,4,47,-0.7256581256891833,-1.0210123108914209
345,1574607600,0,1,1,1,47,-0.74328718937865,-1.0278449830480936
345,1574622000,0,0,0,0,47,-0.7491635439418055,-1.0301225404336511
345,1574636400,0,2,2,2,47,-0.7374108348154944,-1.025567425662536
345,1574650800,0,1,1,1,47,-0.74328718937865,-1.0278449830480936
345,1574665200,148,42,0,190,47,-0.7491635439418055,-0.5973866371777117
345,1574694000,842,697,0,1539,47,-0.7491635439418055,2.4750382759394594
345,1574708400,253,658,405,911,47,1.6307600541361897,1.044732237809301
345,1574722800,64,464,400,528,47,1.6013782813204118,0.17242775914074918
345,1574737200,20,244,224,264,48,1.0827291608854055,-0.20266221963668707
345,1574751600,154,57,0,211,48,-0.6765230789337958,-0.3577032396272912
345,1574766000,680,496,0,1176,48,-0.6765230789337958,2.4652134451072945
345,1574780400,281,324,43,605,48,-0.3388094793256456,0.7948658523783323
345,1574794800,276,669,393,945,48,2.410022145391857,1.789468622129378
345,1574809200,82,449,367,531,48,2.2058232246985567,0.5783934848442812
345,1574823600,16,206,190,222,48,0.8156998030557053,-0.3255249147235809
345,1574838000,146,71,0,217,48,-0.6765230789337958,-0.3401514260434493
345,1574852400,548,448,0,996,48,-0.6765230789337958,1.938659037592035
345,1574866800,267,344,77,611,48,-0.07178012149594538,0.8124176659621742
345,1574881200,266,617,351,883,48,2.0801623504257565,1.608099881763011
345,1574895600,98,309,211,407,48,0.9806297005387554,0.21565600411154687
345,1574910000,16,141,125,157,48,0.3052025013224549,-0.5156695618818691
345,1574924400,42,28,0,70,48,-0.6765230789337958,-0.7701708588475779
345,1574938800,128,84,0,212,48,-0.6765230789337958,-0.3547779373633176
345,1574953200,216,241,25,457,48,-0.4801779628825457,0.36192111731023
345,1574967600,138,253,115,391,48,0.22666445490195486,0.16885116788796825
345,1574982000,102,191,89,293,48,0.022465534208654693,-0.11782845398145081
345,1574996400,26,112,86,138,48,-0.0010958797174953237,-0.5712503048973687
345,1575010800,85,29,0,114,48,-0.6765230789337958,-0.6414575592327366
345,1575025200,253,143,0,396,48,-0.6765230789337958,0.18347767920783656
345,1575039600,235,256,21,491,48,-0.5115931814507457,0.4613813942853346
345,1575054000,227,417,190,644,48,0.8156998030557053,0.9089526406733052
345,1575068400,82,336,254,418,48,1.3183433001469056,0.24783432901525715
345,1575082800,8,84,76,92,48,-0.07963392613799539,-0.7058142090401572
345,1575097200,0,11,11,11,48,-0.5901312278712458,-0.942763692422024
345,1575111600,0,14,14,14,48,-0.5665698139450958,-0.933987785630103
345,1575126000,0,11,11,11,48,-0.5901312278712458,-0.942763692422024
345,1575140400,0,0,0,0,48,-0.6765230789337958,-0.9749420173257343
345,1575154800,0,0,0,0,48,-0.6765230789337958,-0.9749420173257343
345,1575169200,0,0,0,0,48,-0.6765230789337958,-0.9749420173257343
345,1575183600,0,0,0,0,48,-0.6765230789337958,-0.9749420173257343
345,1575198000,0,10,10,10,48,-0.5979850325132958,-0.9456889946859977
345,1575212400,0,0,0,0,48,-0.6765230789337958,-0.9749420173257343
345,1575226800,0,0,0,0,48,-0.6765230789337958,-0.9749420173257343
345,1575241200,0,0,0,0,48,-0.6765230789337958,-0.9749420173257343
345,1575255600,0,1,1,1,48,-0.6686692742917458,-0.9720167150617607
345,1575270000,133,51,0,184,48,-0.6765230789337958,-0.43668640075458015
345,1575284400,707,416,0,1123,48,-0.6765230789337958,2.3101724251166904
345,1575298800,277,303,26,580,48,-0.4723241582404957,0.7217332957789907
345,1575313200,262,748,486,1010,48,3.1404259771025074,1.9796132692876662
345,1575325275,57,331,274,388,48,1.4754193929879058,0.16007526109604725
345,1575327600,12,46,34,58,48,-0.40949372110409565,-0.8052744860152617
345,1575342000,9,91,82,100,49,-0.32540673477722554,-1.1745108409319467
345,1575356400,146,47,0,193,49,-0.8565445521102893,-0.9114430420512664
345,1575370800,669,455,0,1124,49,-0.8565445521102893,1.7220636327650067
345,1575385200,277,238,0,515,49,-0.8565445521102893,-0.0006061470020290795
345,1575399600,296,759,463,1055,49,2.1424409286849366,1.5268842981115986
345,1575414000,92,427,335,519,49,1.3133477504089348,0.010708597035849645
345,1575428400,13,126,113,139,49,-0.12461073066350628,-1.064192086562629
345,1575442800,169,34,0,203,49,-0.8565445521102893,-0.8831561819565695
345,1575457200,692,482,0,1174,49,-0.8565445521102893,1.8634979332384907
345,1575471600,275,329,54,604,49,-0.5067708675251009,0.25114690784077254
345,1575486000,308,712,404,1020,49,1.760280791823342,1.4278802877801597
345,1575500400,72,450,378,522,49,1.591871239986029,0.019194655064258687
345,1575514800,14,142,128,156,49,-0.027451373834287286,-1.0161044244016446
345,1575529200,152,43,0,195,49,-0.8565445521102893,-0.905785670032327
345,1575543600,741,546,0,1287,49,-0.8565445521102893,2.1831394523085645
345,1575558000,255,338,83,593,49,-0.31892944432194426,0.22003136173660603
345,1575572400,313,752,439,1065,49,1.9869859577581863,1.5551711582062955
345,1575586800,88,462,374,550,49,1.5659620781649042,0.09839786332940975
345,1575601200,15,114,99,129,49,-0.215292797037444,-1.092478946657326
345,1575615600,146,44,0,190,49,-0.8565445521102893,-0.9199291000796754
345,1575630000,715,479,0,1194,49,-0.8565445521102893,1.9200716534278843
345,1575644400,269,285,16,554,49,-0.7529079048257891,0.10971260736728848
345,1575658800,309,682,373,991,49,1.559484787709623,1.345848393505539
345,1575673200,94,412,318,506,49,1.2032338126691533,-0.026064321087256207
345,1575687600,24,173,149,197,49,0.1085717257266193,-0.9001282980133877
345,1575702000,79,41,0,120,49,-0.8565445521102893,-1.117937120742553
345,1575716400,216,152,0,368,49,-0.8565445521102893,-0.4164229903940722
345,1575730800,246,215,0,461,49,-0.8565445521102893,-0.15335519151339186
345,1575745200,209,397,188,606,49,0.36118605348258864,0.2568042798597119
345,1575759600,117,296,179,413,49,0.3028904393850573,-0.28913211996793653
345,1575774000,26,168,142,194,49,0.06323069253965044,-0.9086143560417966
345,1575788400,39,36,0,75,49,-0.8565445521102893,-1.2452279911686888
345,1575802800,161,86,0,247,49,-0.8565445521102893,-0.7586939975399036
345,1575817200,211,219,8,430,49,-0.8047262284680392,-0.24104445780695197
345,1575831600,159,339,180,498,49,0.30936772984033856,-0.048693809163013656
345,1575846000,75,262,187,337,49,0.3547087630273074,-0.5041122566876323
345,1575860400,12,96,84,108,49,-0.312452153866663,-1.1518813528561893
345,1575874800,135,52,0,187,49,-0.8565445521102893,-0.9284151581080844
345,1575889200,532,372,0,904,49,-0.8565445521102893,1.099752710681677
345,1575903600,258,278,20,536,49,-0.726998743004664,0.05879625919683422
345,1575918000,250,663,413,913,49,1.8185764059208736,1.125210884766904
345,1575932400,61,406,345,467,49,1.3781206549617475,-0.13638307545657377
345,1575946800,10,69,59,79,50,-0.3556501474867581,-0.9433309570358515
345,1575961200,140,25,0,165,50,-0.7295581090786913,-0.7225786786546726
345,1575975600,709,471,0,1180,50,-0.7295581090786913,1.8828115836348218
345,1575990000,246,287,41,533,50,-0.4697237628876869,0.22203572186013917
345,1576004400,247,748,501,995,50,2.4454908529138266,1.4079374964194953
345,1576018800,80,439,359,519,50,1.5455767758620549,0.1860993044492496
345,1576033200,12,118,106,130,50,-0.05779126282877742,-0.8124197221818965
345,1576047600,157,47,0,204,50,-0.7295581090786913,-0.6224700872957659
345,1576062000,693,487,0,1180,50,-0.7295581090786913,1.8828115836348218
345,1576076400,284,292,8,576,50,-0.6788587244560563,0.3324118610507286
345,1576090800,241,701,460,942,50,2.185656506722822,1.271892487649699
345,1576105200,83,260,177,343,50,0.3921657756971083,-0.26567280014479083
345,1576119600,14,119,105,133,50,-0.0641286859066068,-0.8047190613081345
345,1576134000,146,40,0,186,50,-0.7295581090786913,-0.6686740525383382
345,1576148400,687,383,0,1070,50,-0.7295581090786913,1.6004540182635467
345,1576162800,281,309,28,590,50,-0.5521102628994687,0.36834827846161816
345,1576177200,334,722,388,1056,50,1.729362045119107,1.5645176008526571
345,1576191600,96,465,369,561,50,1.6089510066403485,0.29390855668191834
345,1576206000,11,128,117,139,50,0.011920391027345724,-0.7893177395606104
345,1576220400,141,40,0,181,50,-0.7295581090786913,-0.6815084873279417
345,1576234800,640,465,0,1105,50,-0.7295581090786913,1.6902950617907706
345,1576249200,292,332,40,624,50,-0.4760611859655163,0.4556224350309214
345,1576263600,299,696,397,995,50,1.7863988528195713,1.4079374964194953
345,1576278000,97,414,317,511,50,1.279405006593221,0.16556420878588413
345,1576292400,4,73,69,77,50,-0.29227591670846437,-0.9484647309516928
345,1576306800,0,13,13,13,50,-0.6471716090669094,-1.1127454962586165
345,1576321200,0,22,22,22,50,-0.590134801366445,-1.0896435136373304
345,1576335600,0,2,2,2,50,-0.7168832629230326,-1.1409812527957441
345,1576350000,0,2,2,2,50,-0.7168832629230326,-1.1409812527957441
345,1576364400,0,0,0,0,50,-0.7295581090786913,-1.1461150267115856
345,1576378800,0,0,0,0,50,-0.7295581090786913,-1.1461150267115856
345,1576393200,22,9,0,31,50,-0.7295581090786913,-1.0665415310160442
345,1576407600,117,82,0,199,50,-0.7295581090786913,-0.6353045220853694
345,1576422000,158,168,10,326,50,-0.6661838783003976,-0.30930987842944246
345,1576436400,106,309,203,415,50,0.5569387757206721,-0.08085693917450155
345,1576450800,49,254,205,303,50,0.5696136218763308,-0.36834827846161816
345,1576465200,10,79,69,89,50,-0.29227591670846437,-0.9176620874566446
345,1576479600,133,35,0,168,50,-0.7295581090786913,-0.7148780177809105
345,1576494000,593,460,0,1053,50,-0.7295581090786913,1.556816939978895
345,1576508400,284,276,0,560,50,-0.7295581090786913,0.29134166972399766
345,1576522800,279,700,421,979,50,1.9384970066874763,1.3668673050927644
345,1576537200,85,432,347,517,50,1.4695276989281023,0.18096553053340825
345,1576551600,14,120,106,134,51,-0.09640398945724453,-1.0404030140614344
345,1576566000,137,38,0,175,51,-0.8587318066218145,-0.9153629533262453
345,1576580400,673,441,0,1114,51,-0.8587318066218145,1.9483594132674769
345,1576594800,260,273,13,533,51,-0.765238772441254,0.17645025992247937
345,1576609200,288,663,375,951,51,1.838182640894353,1.451248927905627
345,1576623600,84,414,330,498,51,1.5145529071924126,0.06970874466073254
345,1576638000,12,108,96,120,51,-0.16832170805767566,-1.0830996201661331
345,1576652400,151,33,0,184,51,-0.8587318066218145,-0.8879151351160819
345,1576666800,744,427,0,1171,51,-0.8587318066218145,2.122195595265179
345,1576681200,275,319,44,594,51,-0.5422938447799175,0.36248547223580957
345,1576695600,303,723,420,1026,51,2.1618123745962925,1.6799807463236562
345,1576710000,96,425,329,521,51,1.5073611353323697,0.13985316897559474
345,1576724400,13,118,105,131,51,-0.10359576131728765,-1.0495522867981557
345,1576738800,134,42,0,176,51,-0.8587318066218145,-0.9123131957473383
345,1576753200,651,409,0,1060,51,-0.8587318066218145,1.783672504006496
345,1576767600,188,220,32,408,51,-0.6285951071004349,-0.20476943744090215
345,1576782000,285,714,429,999,51,2.2265383213366805,1.5976372916931658
345,1576796400,85,386,301,471,51,1.3059915232511625,-0.012634709969757862
345,1576810800,13,104,91,117,51,-0.2042805673578912,-1.0922488929028544
345,1576825200,125,37,0,162,51,-0.8587318066218145,-0.955009801852037
345,1576839600,585,426,0,1011,51,-0.8587318066218145,1.6342343826400505
345,1576854000,292,360,68,652,51,-0.36969132013888284,0.5393714118124185
345,1576868400,332,689,357,1021,51,1.7087307474135767,1.664731958429121
345,1576882800,125,454,329,579,51,1.5073611353323697,0.3167391085522038
345,1576897200,21,153,132,174,51,0.0905820789038764,-0.9184127109051523
345,1576911600,43,47,4,90,51,-0.829964719181642,-1.1745923475333448
345,1576926000,185,112,0,297,51,-0.8587318066218145,-0.5432925286995849
345,1576940400,219,195,0,414,51,-0.8587318066218145,-0.18647089196745983
345,1576954800,193,335,142,528,51,0.1624997975043075,0.1612014720279441
345,1576969200,88,278,190,366,51,0.507704846786377,-0.33285925575499836
345,1576983600,22,101,79,123,51,-0.29058182967840857,-1.073950347429412
345,1576998000,37,28,0,65,51,-0.8587318066218145,-1.250836287006021
345,1577012400,163,82,0,245,51,-0.8587318066218145,-0.7018799228027517
345,1577026800,201,181,0,382,51,-0.8587318066218145,-0.2840631344924855
345,1577041200,172,348,176,520,51,0.40702004074577336,0.1368034113966877
345,1577055600,70,278,208,348,51,0.637156740267153,-0.38775489217532527
345,1577070000,19,129,110,148,51,-0.06763690201707208,-0.9977064079567357
345,1577084400,115,34,0,149,51,-0.8587318066218145,-0.9946566503778287
345,1577098800,437,180,0,617,51,-0.8587318066218145,0.43262989655067174
345,1577113200,275,264,0,539,51,-0.8587318066218145,0.19474880539592168
345,1577127600,217,522,305,739,51,1.334758610691335,0.8047003211773321
345,1577142000,80,324,244,404,51,0.896060527228705,-0.21696846775653036
345,1577156400,11,123,112,134,52,0.22195958110312125,-1.0208660765194089
345,1577170800,97,31,0,128,52,-0.9058804075645344,-1.050946844888305
345,1577185200,354,162,0,516,52,-0.9058804075645344,0.8942761763003048
345,1577199600,220,290,70,510,52,-0.20098041464724958,0.8641954079314088
345,1577214000,191,447,256,638,52,1.6720395665329644,1.5059184664678573
345,1577228400,65,274,209,339,52,1.1987495712885015,0.006893509417872006
345,1577242800,11,91,80,102,52,-0.10028041565906606,-1.181296841153521
345,1577257200,29,22,0,51,52,-0.9058804075645344,-1.4369833722891372
345,1577271600,94,77,0,171,52,-0.9058804075645344,-0.8353680049112168
345,1577286000,143,159,16,302,52,-0.7447604091834407,-0.17860456219032017
345,1577300400,131,207,76,338,52,-0.14056041525433946,0.0018800480230560016
345,1577314800,60,184,124,244,52,0.3427995798889415,-0.4693853230896484
345,1577329200,12,105,93,117,52,0.03062958302557254,-1.106094920231281
345,1577343600,87,36,0,123,52,-0.9058804075645344,-1.076014151862385
345,1577358000,319,155,0,474,52,-0.9058804075645344,0.6837107977180326
345,1577372400,226,218,0,444,52,-0.9058804075645344,0.5333069558735525
345,1577386800,206,464,258,670,52,1.692179566330601,1.6663492311019694
345,1577401200,77,337,260,414,52,1.7123195661282378,0.38290311402907234
345,1577415600,15,103,88,118,52,-0.019720416468519228,-1.101081458836465
345,1577430000,91,21,0,112,52,-0.9058804075645344,-1.131162227205361
345,1577444400,368,167,0,535,52,-0.9058804075645344,0.9895319428018089
345,1577458800,248,264,16,512,52,-0.7447604091834407,0.8742223307210408
345,1577473200,225,468,243,693,52,1.5411295678483257,1.7816588431827376
345,1577487600,80,338,258,418,52,1.692179566330601,0.4029569596083364
