remote_unit_id,time_stamp,entries,exits,num_people_exited,sum_exit_entry,week_num,z_score_num_people_exited,z_score_sum_exit_entry
333,1546300800,0,0,0,0,1,-0.520573376708331,-1.363177788542664
333,1546315200,71,81,10,152,1,-0.1261996064747469,-0.8516215218157301
333,1546329600,37,24,0,61,1,-0.520573376708331,-1.157882181500934
333,1546344000,132,93,0,225,1,-0.520573376708331,-0.6059398937166106
333,1546358400,248,194,0,442,1,-0.520573376708331,0.12437398707118294
333,1546372800,195,218,23,413,1,0.38648629482891245,0.026774436182491635
333,1546387200,69,122,53,191,1,1.5696076055296648,-0.7203669533792143
333,1546401600,14,24,10,38,1,-0.1261996064747469,-1.2352887218609305
333,1546416000,251,192,0,443,1,-0.520573376708331,0.1277394888259654
333,1546430400,611,272,0,883,1,-0.520573376708331,1.6085602609302474
333,1546444800,420,273,0,693,1,-0.520573376708331,0.9691149275215801
333,1546459200,352,439,87,791,1,2.9104784243238506,1.2989340994902612
333,1546473600,92,143,51,235,1,1.4907328514829479,-0.5722848761687861
333,1546488000,12,29,17,41,1,0.149862032688762,-1.2251922165965832
333,1546502400,293,162,0,455,1,-0.520573376708331,0.16812550988335492
333,1546516800,653,298,0,951,1,-0.520573376708331,1.8374143802554543
333,1546531200,334,333,0,667,1,-0.520573376708331,0.8816118818972362
333,1546545600,361,476,115,837,1,4.014724980977887,1.4537471802102542
333,1546560000,108,132,24,240,1,0.42592367185227087,-0.5554573673948737
333,1546574400,15,21,6,36,1,-0.28394911456818056,-1.2420197253704954
333,1546588800,284,192,0,476,1,-0.520573376708331,0.23880104673378655
333,1546598660,74,56,0,130,1,-0.520573376708331,-0.9256625604209442
333,1546599608,6,3,0,9,1,-0.520573376708331,-1.3328882727496218
333,1546603200,619,284,0,903,1,-0.520573376708331,1.6758702960258964
333,1546606070,73,59,0,132,1,-0.520573376708331,-0.9189315569113793
333,1546617600,282,246,0,528,1,-0.520573376708331,0.4138071379824744
333,1546632000,394,453,59,847,1,1.8062318676698152,1.487402197758079
333,1546646400,152,196,44,348,1,1.2146712123194392,-0.1919831778783682
333,1546660800,25,48,23,73,1,0.38648629482891245,-1.1174961604435445
333,1546675200,71,35,0,106,1,-0.520573376708331,-1.0064346025357234
333,1546689600,252,166,0,418,1,-0.520573376708331,0.04360194495640393
333,1546704000,422,204,0,626,1,-0.520573376708331,0.7436263099511554
333,1546718400,374,238,0,612,1,-0.520573376708331,0.696509285384201
333,1546732800,172,139,0,311,1,-0.520573376708331,-0.31650674280531915
333,1546747200,42,42,0,84,1,-0.520573376708331,-1.0804756411409373
333,1546761600,59,50,0,109,1,-0.520573376708331,-0.9963380972713759
333,1546776000,286,197,0,483,1,-0.520573376708331,0.26235955901726377
333,1546790400,411,230,0,641,1,-0.520573376708331,0.7941088362728923
333,1546804800,268,216,0,484,1,-0.520573376708331,0.2657250607720462
333,1546819200,88,82,0,170,1,-0.520573376708331,-0.7910424902296459
333,1546833600,14,25,11,39,1,-0.08676222945138848,-1.231923220106148
333,1546848000,372,153,0,525,1,-0.520573376708331,0.403710632718127
333,1546862400,698,292,0,990,1,-0.520573376708331,1.9686689486919702
333,1546876800,289,297,8,586,1,-0.20507436052146372,0.609006239759857
333,1546891200,375,428,53,803,1,1.5696076055296648,1.3393201205476506
333,1546905600,84,147,63,231,2,1.4031433132894002,-0.7165084351074368
333,1546920000,9,20,11,29,2,-0.31364379944116005,-1.311012446611815
333,1546934400,366,168,0,534,2,-0.6768103040572402,0.17524758214913042
333,1546948800,821,305,0,1126,2,-0.6768103040572402,1.917556368340179
333,1546963200,345,326,0,671,2,-0.6768103040572402,0.5784507978723967
333,1546977600,367,440,73,807,2,1.7332946811222003,0.9787109244297999
333,1546992000,99,139,40,238,2,0.6437951672739601,-0.695906810946394
333,1546994481,6,9,3,15,2,-0.5777648937074001,-1.3522156949339006
333,1547006400,9,15,6,24,2,-0.4787194833575601,-1.3257278924411313
333,1547020800,356,181,0,537,2,-0.6768103040572402,0.1840768496467202
333,1547035200,781,325,0,1106,2,-0.6768103040572402,1.858694585022914
333,1547049600,348,328,0,676,2,-0.6768103040572402,0.5931662437017131
333,1547064000,374,458,84,832,2,2.0964611857382804,1.0522881535763813
333,1547078400,130,170,40,300,2,0.6437951672739601,-0.513435282662872
333,1547092800,16,22,6,38,2,-0.4787194833575601,-1.2845246441190457
333,1547107200,381,207,0,588,2,-0.6768103040572402,0.33417439710574637
333,1547121600,781,286,0,1067,2,-0.6768103040572402,1.7439141075542468
333,1547136000,363,308,0,671,2,-0.6768103040572402,0.5784507978723967
333,1547150400,373,488,115,861,2,3.1199304260199607,1.1376377393864159
333,1547164800,109,146,37,255,2,0.5447497569241201,-0.6458742951267186
333,1547179200,17,36,19,53,2,-0.04952270517492001,-1.2403783066310967
333,1547193600,337,179,0,516,2,-0.6768103040572402,0.12227197716359177
333,1547208000,727,278,0,1005,2,-0.6768103040572402,1.5614425792707247
333,1547222400,465,317,0,782,2,-0.6768103040572402,0.9051336952832184
333,1547236800,404,473,69,877,2,1.6012341339890803,1.1847271660402279
333,1547251200,145,196,51,341,2,1.0069616718900403,-0.3927686268624784
333,1547265600,21,40,19,61,2,-0.04952270517492001,-1.2168335933041907
333,1547280000,51,39,0,90,2,-0.6768103040572402,-1.1314840074941561
333,1547294400,262,185,0,447,2,-0.6768103040572402,-0.08080117528097304
333,1547308800,278,218,0,496,2,-0.6768103040572402,0.06341019384632661
333,1547323200,271,245,0,516,2,-0.6768103040572402,0.12227197716359177
333,1547337600,128,172,44,300,2,0.7758557144070801,-0.513435282662872
333,1547352000,29,44,15,73,2,-0.18158325230804004,-1.1815165233138316
333,1547366234,40,49,9,89,2,-0.37967407300772005,-1.1344270966600194
333,1547366400,13,13,0,26,2,-0.6768103040572402,-1.3198417141094048
333,1547380800,220,176,0,396,2,-0.6768103040572402,-0.2308987227399992
333,1547395200,317,210,0,527,2,-0.6768103040572402,0.1546459579880876
333,1547409600,176,228,52,404,2,1.03997680867332,-0.20735400941309315
333,1547424000,75,109,34,184,2,0.4457043465742801,-0.8548336259030099
333,1547438400,10,21,11,31,2,-0.31364379944116005,-1.3051262682800884
333,1547452800,355,178,0,533,2,-0.6768103040572402,0.17230449298326717
333,1547467200,788,247,0,1035,2,-0.6768103040572402,1.6497352542466226
333,1547481600,330,299,0,629,2,-0.6768103040572402,0.4548410529061399
333,1547496000,379,480,101,859,2,2.6577185110540404,1.1317515610546893
333,1547510400,68,89,21,157,3,0.6657427766476565,-0.8290538890120436
333,1547524800,12,10,0,22,3,-0.48650433678097976,-1.2444355282490056
333,1547539200,371,137,0,508,3,-0.48650433678097976,0.2509383730040577
333,1547539728,57,18,0,75,3,-0.48650433678097976,-1.0813597735856058
333,1547553600,704,286,0,990,3,-0.48650433678097976,1.7340046701315812
333,1547568000,342,304,0,646,3,-0.48650433678097976,0.6755507153351744
333,1547582400,388,461,73,849,3,3.5189261051376124,1.30016162470631
333,1547596800,85,97,12,182,3,0.17192258517824094,-0.7521313632274209
333,1547611200,11,12,1,23,3,-0.43163542661771137,-1.2413586272176207
333,1547625600,367,179,0,546,3,-0.48650433678097976,0.36786061219668403
333,1547640000,818,308,0,1126,3,-0.48650433678097976,2.152463210399928
333,1547654400,363,368,5,731,3,-0.2121597859646378,0.9370873030028912
333,1547668800,391,476,85,867,3,4.177353027096833,1.3555458432712382
333,1547683200,80,115,35,195,3,1.4339075189334138,-0.7121316498194172
333,1547697600,11,19,8,30,3,-0.047553055474832635,-1.2198203199979263
333,1547712000,385,149,0,534,3,-0.48650433678097976,0.33093779982006516
333,1547713192,13,12,0,25,3,-0.48650433678097976,-1.2352048251548509
333,1547726400,731,335,0,1066,3,-0.48650433678097976,1.967849148516834
333,1547740800,351,326,0,677,3,-0.48650433678097976,0.7709346473081065
333,1547755200,427,421,0,848,3,-0.48650433678097976,1.297084723674925
333,1547769600,98,108,10,206,3,0.06218476485170415,-0.6782857384741833
333,1547784000,8,19,11,27,3,0.11705367501497255,-1.229051023092081
333,1547797522,244,158,0,402,3,-0.48650433678097976,-0.07521313632274212
333,1547798400,69,35,0,104,3,-0.48650433678097976,-0.9921296436754434
333,1547812800,714,310,0,1024,3,-0.48650433678097976,1.838619305198668
333,1547827200,387,355,0,742,3,-0.48650433678097976,0.9709332143481252
333,1547841600,416,424,8,840,3,-0.047553055474832635,1.2724695154238457
333,1547856000,207,192,0,399,3,-0.48650433678097976,-0.08444383941689684
333,1547870400,23,39,16,62,3,0.3913982258313145,-1.1213594869936094
333,1547884800,52,49,0,101,3,-0.48650433678097976,-1.0013603467695982
333,1547899200,269,212,0,481,3,-0.48650433678097976,0.16786204515666528
333,1547913600,297,251,0,548,3,-0.48650433678097976,0.3740144142594538
333,1547928000,277,226,0,503,3,-0.48650433678097976,0.23555386784713314
333,1547942400,125,156,31,281,3,1.2144318782803403,-0.4475181611203155
333,1547956800,23,25,2,48,3,-0.376766516454443,-1.164436101432998
333,1547971200,35,41,6,76,3,-0.1572908758013694,-1.0782828725542208
333,1547985600,175,173,0,348,3,-0.48650433678097976,-0.24136579201752692
333,1548000000,304,225,0,529,3,-0.48650433678097976,0.31555329466314064
333,1548014400,208,232,24,440,3,0.8303495071374616,0.04170910286988421
333,1548028800,84,127,43,211,3,1.872858800239561,-0.6629012333172587
333,1548043200,15,23,8,38,3,-0.047553055474832635,-1.1952051117468472
333,1548057600,95,67,0,162,3,-0.48650433678097976,-0.813669383855119
333,1548072000,322,218,0,540,3,-0.48650433678097976,0.3493992060083746
333,1548086400,296,212,0,508,3,-0.48650433678097976,0.2509383730040577
333,1548100800,237,236,0,473,3,-0.48650433678097976,0.14324683690558604
333,1548115200,71,150,79,221,4,1.3215476812920328,-0.8091522014795501
333,1548129600,11,35,24,46,4,-0.08670656297336544,-1.3523967695667884
333,1548144000,320,150,0,470,4,-0.7012175059255393,-0.036192787458279724
333,1548158400,693,320,0,1013,4,-0.7012175059255393,1.6494175009495509
333,1548172800,321,323,2,644,4,-0.6500082606795248,0.5039475259541744
333,1548187200,374,476,102,850,4,1.9104540016211995,1.1434239889597233
333,1548201600,101,210,109,311,4,2.08968635998225,-0.5297692807489705
333,1548216000,15,53,38,68,4,0.27175815374873596,-1.2841031667215357
333,1548230400,324,178,0,502,4,-0.7012175059255393,0.06314336213481528
333,1548244800,758,300,0,1058,4,-0.7012175059255393,1.7891089613148408
333,1548259200,353,307,0,660,4,-0.7012175059255393,0.5536156007507218
333,1548273600,437,501,64,938,4,0.9374783419469243,1.4165984003407346
333,1548288000,111,227,116,338,4,2.268918718343301,-0.44595440452979657
333,1548302400,17,53,36,70,4,0.22054890850272146,-1.2778946573719672
333,1548316800,306,183,0,489,4,-0.7012175059255393,0.022788051362620434
333,1548331200,682,271,0,953,4,-0.7012175059255393,1.4631622204624979
333,1548345600,353,278,0,631,4,-0.7012175059255393,0.4635922151819795
333,1548360000,390,484,94,874,4,1.7056170206371415,1.2179261011545446
333,1548374400,114,250,136,364,4,2.781011170803446,-0.3652437829854069
333,1548388800,13,43,30,56,4,0.06692117276467802,-1.3213542228189463
333,1548403200,306,187,0,493,4,-0.7012175059255393,0.03520507006175731
333,1548417600,737,351,0,1088,4,-0.7012175059255393,1.8822366015583674
333,1548432000,381,375,0,756,4,-0.7012175059255393,0.8516240495300068
333,1548446400,434,471,37,905,4,0.24615353112572871,1.3141579960728553
333,1548460800,171,246,75,417,4,1.219129190800004,-0.20071828522184332
333,1548475200,31,74,43,105,4,0.3997812668637722,-1.1692457437545196
333,1548489600,55,51,0,106,4,-0.7012175059255393,-1.1661414890797352
333,1548493211,48,26,0,74,4,-0.7012175059255393,-1.2654776386728304
333,1548493465,6,4,0,10,4,-0.7012175059255393,-1.4641499378590204
333,1548504000,195,131,0,326,4,-0.7012175059255393,-0.4832054606272072
333,1548518400,348,230,0,578,4,-0.7012175059255393,0.2990667174184159
333,1548532800,305,248,0,553,4,-0.7012175059255393,0.22146035054881044
333,1548547200,334,164,0,498,4,-0.7012175059255393,0.0507263434356784
333,1548561600,32,77,45,109,4,0.4509905121097867,-1.1568287250553826
333,1548576000,42,50,8,92,4,-0.4963805249414813,-1.2096010545267144
333,1548590400,233,145,0,378,4,-0.7012175059255393,-0.32178421753842784
333,1548604800,330,190,0,520,4,-0.7012175059255393,0.11901994628093121
333,1548619200,203,205,2,408,4,-0.6500082606795248,-0.22865657729490127
333,1548633600,87,146,59,233,4,0.809455228831888,-0.7719011453821395
333,1548648000,17,35,18,52,4,-0.2403342987114089,-1.3337712415180831
333,1548662400,313,159,0,472,4,-0.7012175059255393,-0.029984278108711283
333,1548676800,636,341,0,977,4,-0.7012175059255393,1.5376643326573192
333,1548691200,333,282,0,615,4,-0.7012175059255393,0.413924140385432
333,1548705600,392,480,88,872,4,1.5519892848990982,1.2117175918049763
333,1548720000,129,210,81,339,5,1.1568239984242736,-0.4255172833956524
333,1548734400,18,44,26,62,5,-0.215486823235894,-1.2689397342049242
333,1548748800,374,162,0,536,5,-0.8642155752934277,0.17431745598855886
333,1548763200,705,310,0,1015,5,-0.8642155752934277,1.6327988781461082
333,1548777600,331,351,20,682,5,-0.3651934583260941,0.6188650293392941
333,1548792000,384,495,111,879,5,1.9053571738752741,1.2186997687235055
333,1548806400,135,239,104,374,5,1.7306994329367074,-0.3189476596471885
333,1548820800,17,49,32,66,5,-0.0657801881456939,-1.2567603486336711
333,1548835200,306,138,0,444,5,-0.8642155752934277,-0.10580841215026063
333,1548849600,1069,303,0,1372,5,-0.8642155752934277,2.7198090403804405
333,1548864000,528,285,0,813,5,-0.8642155752934277,1.0177399067978306
333,1548878400,386,519,133,905,5,2.454281502539341,1.29786577493665
333,1548892800,113,235,122,348,5,2.1798193382073077,-0.39811366586033314
333,1548907200,13,33,20,46,5,-0.3651934583260941,-1.3176572764899364
333,1548921600,286,151,0,437,5,-0.8642155752934277,-0.12712233689995342
333,1548936000,828,239,0,1067,5,-0.8642155752934277,1.7911308905723975
333,1548950400,269,257,0,526,5,-0.8642155752934277,0.1438689920604263
333,1548964800,331,392,61,723,5,0.6578018814569399,0.7437037314446376
333,1548979200,138,203,65,341,5,0.7576063048504066,-0.41942759061002594
333,1548993600,30,67,37,97,5,0.058975341096139514,-1.1623701104564603
333,1549008000,268,131,0,399,5,-0.8642155752934277,-0.2428264998268571
333,1549022400,666,304,0,970,5,-0.8642155752934277,1.4957807904695117
333,1549036800,319,315,0,634,5,-0.8642155752934277,0.4727124024842579
333,1549051200,533,497,0,1030,5,-0.8642155752934277,1.678471574038307
333,1549065600,126,224,98,350,5,1.5809927978465073,-0.3920239730747066
333,1549080000,18,76,58,94,5,0.5829485639118398,-1.1715046496349
333,1549094400,55,34,0,89,5,-0.8642155752934277,-1.1867288815989663
333,1549108800,193,226,33,419,5,-0.04082908229732722,-0.181929571970592
333,1549123200,240,274,34,514,5,-0.015877976448960537,0.10733083534666725
333,1549137600,217,265,48,482,5,0.333437505428173,0.00989575077664308
333,1549152000,96,186,90,282,5,1.3813839510595738,-0.599073527786008
333,1549166400,24,68,44,92,5,0.23363308203470629,-1.1775943424205264
333,1549180800,34,45,11,79,5,-0.5897534109613942,-1.2171773455270989
333,1549195200,157,191,34,348,5,-0.015877976448960537,-0.39811366586033314
333,1549209600,218,188,0,406,5,-0.8642155752934277,-0.22151257507716432
333,1549224000,148,252,104,400,5,1.7306994329367074,-0.23978165343404387
333,1549238400,91,117,26,208,5,-0.215486823235894,-0.8243921608541889
333,1549252800,19,34,15,53,5,-0.4899489875679275,-1.2963433517402434
333,1549267200,305,185,0,490,5,-0.8642155752934277,0.03425452191914912
333,1549267781,49,7,0,56,5,-0.8642155752934277,-1.2872088125618038
333,1549281600,619,240,0,859,5,-0.8642155752934277,1.1578028408672403
333,1549296000,314,292,0,606,5,-0.8642155752934277,0.3874567034854867
333,1549300806,145,172,27,317,5,-0.1905357173875273,-0.49250390403754407
333,1549310400,363,453,90,816,5,1.3813839510595738,1.0268744459762704
333,1549324800,100,239,139,339,6,3.129771454319871,-0.5003335492096138
333,1549339200,14,44,30,58,6,0.19805584984367935,-1.175748332747955
333,1549353600,266,143,0,409,6,-0.6088383532231625,-0.33208075615735805
333,1549368000,645,276,0,921,6,-0.6088383532231625,0.8985682444534273
333,1549382251,312,281,0,593,6,-0.6088383532231625,0.11018372843714291
333,1549382338,2,0,0,2,6,-0.6088383532231625,-1.3103505671897597
333,1549382400,209,232,23,441,6,0.009780535794749589,-0.255165193619184
333,1549396800,351,443,92,794,6,1.8656372028484856,0.5933096056300489
333,1549411200,95,201,106,296,6,2.242187830946345,-0.6036888363702853
333,1549425600,11,62,51,73,6,0.7628817919904686,-1.139694162808186
333,1549440000,348,177,0,525,6,-0.6088383532231625,-0.053261841956477006
333,1549454400,688,275,0,963,6,-0.6088383532231625,0.9995199202847808
333,1549468800,514,296,0,810,6,-0.6088383532231625,0.6317673868991359
333,1549483200,400,475,75,875,6,1.408397154443942,0.788002123304802
333,1549497600,124,231,107,355,6,2.2690843043819067,-0.4618757679405268
333,1549512000,13,47,34,60,6,0.30564174358592494,-1.1709411100893192
333,1549526400,322,189,0,511,6,-0.6088383532231625,-0.08691240056692817
333,1549540800,1023,294,0,1317,6,-0.6088383532231625,1.8503983308633316
333,1549555200,570,327,0,897,6,-0.6088383532231625,0.8408815725497967
333,1549569600,638,468,0,1106,6,-0.6088383532231625,1.3432363403772463
333,1549584000,183,207,24,390,6,0.03667700923031098,-0.3777493714143989
333,1549598400,21,52,31,73,6,0.22495232327924072,-1.139694162808186
333,1549612800,521,204,0,725,6,-0.6088383532231625,0.42746042390711103
333,1549627200,970,366,0,1336,6,-0.6088383532231625,1.8960669461203725
333,1549641600,281,262,0,543,6,-0.6088383532231625,-0.009996838028754085
333,1549656000,1251,836,0,2087,6,-0.6088383532231625,3.7011790544381453
333,1549670400,258,234,0,492,6,-0.6088383532231625,-0.13258101582396903
333,1549684800,52,81,29,133,6,0.17115937640811796,-0.9954774830491095
333,1549699200,66,35,0,101,6,-0.6088383532231625,-1.0723930455872837
333,1549713600,382,130,0,512,6,-0.6088383532231625,-0.08450878923761022
333,1549728000,396,259,0,655,6,-0.6088383532231625,0.2592076308548552
333,1549742400,348,223,0,571,6,-0.6088383532231625,0.057304279192148234
333,1549756800,177,173,0,350,6,-0.6088383532231625,-0.47389382458711654
333,1549771200,39,63,24,102,6,0.03667700923031098,-1.0699894342579657
333,1549785600,33,39,6,72,6,-0.4474595126097941,-1.1420977741375038
333,1549800000,230,216,0,446,6,-0.6088383532231625,-0.24314713697259427
333,1549814400,294,206,0,500,6,-0.6088383532231625,-0.11335212518942551
333,1549828800,180,206,26,386,6,0.09046995610143377,-0.3873638167316707
333,1549843200,70,120,50,190,6,0.7359853185549072,-0.8584716372779869
333,1549857600,12,26,14,38,6,-0.23228772512530296,-1.2238205593343139
333,1549872000,304,184,0,488,6,-0.6088383532231625,-0.1421954611412408
333,1549886400,665,274,0,939,6,-0.6088383532231625,0.9418332483811502
333,1549900800,337,347,10,684,6,-0.3398736188675485,0.32891235940507546
333,1549915200,396,521,125,917,6,2.7532208262220115,0.8889537991361555
333,1549929600,112,357,245,469,7,3.0271345864397503,-0.16466972703520086
333,1549944000,11,54,43,65,7,0.06646675423440505,-1.4073467461731286
333,1549958400,311,207,0,518,7,-0.563774417967723,-0.013948999466491797
333,1549972800,647,304,0,951,7,-0.563774417967723,1.3179300829263862
333,1549987200,316,283,0,599,7,-0.563774417967723,0.23520159100423135
333,1550001600,332,455,123,787,7,1.2390084699592943,0.8134770355535641
333,1550016000,82,250,168,332,7,1.8985631850545444,-0.5860725775844486
333,1550030400,18,35,17,53,7,-0.314609303376184,-1.444257944761384
333,1550044800,341,191,0,532,7,-0.563774417967723,0.029114065553139362
333,1550059200,997,345,0,1342,7,-0.563774417967723,2.5206199702603707
333,1550073600,471,296,0,767,7,-0.563774417967723,0.7519583712398052
333,1550088000,584,509,0,1093,7,-0.563774417967723,1.7547125995540738
333,1550102400,147,271,124,418,7,1.2536652414058553,-0.3215423210352858
333,1550116800,15,53,38,68,7,-0.006817102998400531,-1.3981189465260648
333,1550131200,329,183,0,512,7,-0.563774417967723,-0.032404598760619435
333,1550145600,729,333,0,1062,7,-0.563774417967723,1.6593586698677476
333,1550160000,488,314,0,802,7,-0.563774417967723,0.8596160337888832
333,1550174400,502,475,0,977,7,-0.563774417967723,1.3979043465342726
333,1550188800,211,247,36,458,7,-0.03613064589152276,-0.1985049924077682
333,1550203200,31,74,43,105,7,0.06646675423440505,-1.2843094175456111
333,1550217600,396,728,332,1124,7,4.3022737022905675,1.8500665292404
333,1550222495,380,121,0,501,7,-0.563774417967723,-0.06623986413318678
333,1550232000,483,217,0,700,7,-0.563774417967723,0.5458708457887133
333,1550246400,486,319,0,805,7,-0.563774417967723,0.868843833435947
333,1550260800,447,434,0,881,7,-0.563774417967723,1.1026147578282304
333,1550275200,156,232,76,388,7,0.5501402119709219,-0.413820317505924
333,1550289600,34,75,41,109,7,0.03715321134128281,-1.2720056846828593
333,1550304000,52,65,13,117,7,-0.3732363891624284,-1.2473982189573558
333,1550318400,264,233,0,497,7,-0.563774417967723,-0.07854359699593853
333,1550332800,327,319,0,646,7,-0.563774417967723,0.3797704521415645
333,1550347200,304,307,3,611,7,-0.5198041036280396,0.27211278959248664
333,1550361600,156,242,86,398,7,0.696707926436533,-0.3830609853490446
333,1550376000,31,87,56,118,7,0.25700478303969954,-1.2443222857416678
333,1550390400,31,54,23,85,7,-0.22666867469681726,-1.3458280818593698
333,1550404800,258,236,0,494,7,-0.563774417967723,-0.08777139664300236
333,1550419200,318,223,0,541,7,-0.563774417967723,0.056797464494330825
333,1550433600,224,266,42,490,7,0.05180998278784393,-0.10007512950575412
333,1550448000,92,159,67,251,7,0.41822926895187185,-0.8352231680551718
333,1550462400,17,44,27,61,7,-0.1680415889105728,-1.4196504790358804
333,1550476800,81,60,0,141,7,-0.563774417967723,-1.1735758217808452
333,1550491200,297,193,0,490,7,-0.563774417967723,-0.10007512950575412
333,1550505600,272,274,2,546,7,-0.5344608750746007,0.07217713057277052
333,1550520000,258,307,49,565,7,0.15440738291377173,0.1306198616708414
333,1550534400,89,198,109,287,8,1.5490992493522473,-0.6677943967297106
333,1550548800,13,57,44,70,8,0.16131508262779912,-1.351219264928728
333,1550563200,239,127,0,366,8,-0.7781080456164426,-0.4189899516249992
333,1550563298,4,1,0,5,8,-0.7781080456164426,-1.5559317830528576
333,1550577600,885,271,0,1156,8,-0.7781080456164426,2.069054499422115
333,1550592000,297,314,17,611,8,-0.4151491097038947,0.3526187705351818
333,1550606400,347,458,111,805,8,1.5918003006360764,0.9636069015518149
333,1550620800,114,234,120,348,8,1.7839550314133077,-0.4756795720286043
333,1550635200,18,40,22,58,8,-0.30839648149432175,-1.389012345197798
333,1550649600,257,148,0,405,8,-0.7781080456164426,-0.2961624407505214
333,1550652460,256,44,0,300,8,-0.7781080456164426,-0.6268518931048846
333,1550656533,268,67,0,335,8,-0.7781080456164426,-0.5166220756534302
333,1550664000,205,240,35,445,8,-0.030839648149432148,-0.17018550652028774
333,1550678400,312,328,16,640,8,-0.43649963534580927,0.4439520478521012
333,1550692800,493,419,0,912,8,-0.7781080456164426,1.30059520061769
333,1550707200,147,245,98,392,8,1.3142434672911867,-0.3371049443753473
333,1550721600,19,46,27,65,8,-0.20164385328474885,-1.3669663817075073
333,1550736000,432,73,0,505,8,-0.7781080456164426,0.018779894825062694
333,1550750400,897,256,0,1153,8,-0.7781080456164426,2.0596062293548476
333,1550764800,331,340,9,671,8,-0.5859533148392114,0.5415841718805322
333,1550779200,342,440,98,782,8,1.3142434672911867,0.8911701643694305
333,1550793600,116,273,157,389,8,2.5739244801641474,-0.34655321444261483
333,1550808000,14,62,48,76,8,0.24671718519545746,-1.332322724794193
333,1550822400,245,145,0,390,8,-0.7781080456164426,-0.343403791086859
333,1550836800,606,268,0,874,8,-0.7781080456164426,1.180917113098968
333,1550851200,314,277,0,591,8,-0.7781080456164426,0.289630303420065
333,1550865600,385,458,73,843,8,0.7804803262433221,1.083284989070537
333,1551484800,5809,6622,813,12431,9,4.077850030677265,4.111774622876088
333,1551499200,35,67,32,102,9,-0.19418333479415548,-0.32726414351397237
333,1551513600,47,33,0,80,9,-0.369221833763535,-0.3351852119591489
333,1551528000,200,123,0,323,9,-0.369221833763535,-0.24769341049651733
333,1551542400,243,204,0,447,9,-0.369221833763535,-0.20304738835097694
333,1551556800,257,178,0,435,9,-0.369221833763535,-0.20736797113925504
333,1551571200,135,163,28,298,9,-0.2160631471653279,-0.25669462463876336
333,1551585600,37,82,45,119,9,-0.12307394458784501,-0.3211433178972451
333,1551600000,38,65,27,103,9,-0.221533100258121,-0.32690409494828254
333,1551614400,146,206,60,352,9,-0.04102464819594834,-0.23725200209151193
333,1551628800,307,176,0,483,9,-0.369221833763535,-0.19008563998614264
333,1551643200,204,167,0,371,9,-0.369221833763535,-0.23041107934340493
333,1551657600,108,145,37,253,9,-0.16683356933018992,-0.27289681009480626
333,1551672000,14,44,30,58,9,-0.2051232409797417,-0.34310628040432545
333,1551686400,192,88,0,280,9,-0.369221833763535,-0.2631754988211805
333,1551700800,551,248,0,799,9,-0.369221833763535,-0.0763102932281526
333,1551715200,249,289,40,538,9,-0.15042371005181057,-0.17028296887320132
333,1551729600,311,414,103,725,9,0.19418333479415548,-0.1029538870892009
333,1551744000,84,248,164,332,10,2.33335471211149,-0.5624216881483849
333,1551758400,15,41,26,56,10,-0.2684390376765432,-1.4547830635954253
333,1551772800,333,192,0,525,10,-0.7586320629989263,0.06158463598668322
333,1551787200,677,297,0,974,10,-0.7586320629989263,1.5132884677827743
333,1551801600,305,340,35,645,10,-0.09875683660341057,0.4495678427027877
333,1551816000,390,471,81,861,10,0.7685077466592672,1.147937614791776
333,1551830400,120,283,163,403,10,2.3145011342144755,-0.33286495750802303
333,1551844800,17,58,41,75,10,0.014364630778677842,-1.3933523891987087
333,1551859200,337,179,0,516,10,-0.7586320629989263,0.03248589548297538
333,1551873600,682,281,0,963,10,-0.7586320629989263,1.4777233405004646
333,1551888000,324,344,20,668,10,-0.3815605050586316,0.5239312906567077
333,1551902400,373,470,97,843,10,1.070164993011503,1.0897401337843602
333,1551916800,114,273,159,387,10,2.2390868226264167,-0.384596051736837
333,1551931200,14,55,41,69,10,0.014364630778677842,-1.412751549534514
333,1551945600,338,194,0,532,10,-0.7586320629989263,0.08421698971178931
333,1551960000,701,306,0,1007,10,-0.7586320629989263,1.619983849629703
333,1551974400,374,319,0,693,10,-0.7586320629989263,0.6047611253892295
333,1551988800,404,528,124,932,10,1.5792115962309008,1.3774943454321378
333,1552003200,122,295,173,417,10,2.503036913184623,-0.2876002500578108
333,1552017600,17,70,53,87,10,0.24060756554285465,-1.3545540685270983
333,1552032000,325,189,0,514,10,-0.7586320629989263,0.02601950870437364
333,1552046400,631,309,0,940,10,-0.7586320629989263,1.4033598925465447
333,1552060800,337,388,51,725,10,0.2029004097488252,0.7082233138468574
333,1552075200,685,449,0,1134,10,-0.7586320629989263,2.0305994100709137
333,1552089600,152,279,127,431,10,1.635772329921945,-0.24233554260759865
333,1552104000,36,90,54,126,10,0.25946114343986937,-1.2284595263443643
333,1552118400,49,31,0,80,10,-0.7586320629989263,-1.3771864222522043
333,1552132800,159,143,0,302,10,-0.7586320629989263,-0.659417489827411
333,1552147200,265,190,0,455,10,-0.7586320629989263,-0.16473890126437774
333,1552161600,288,194,0,482,10,-0.7586320629989263,-0.07744267975325422
333,1552176000,130,170,40,300,10,-0.0044889471183368924,-0.6658838766060128
333,1552194000,39,89,50,128,10,0.18404683185181045,-1.2219931395657626
333,1552208400,45,79,34,124,10,-0.1176104145004253,-1.234925913122966
333,1552222800,199,180,0,379,10,-0.7586320629989263,-0.41046159885124395
333,1552237200,264,203,0,467,10,-0.7586320629989263,-0.1259405805927673
333,1552251600,181,166,0,347,10,-0.7586320629989263,-0.5139237873088718
333,1552266000,91,101,10,192,10,-0.570096284028779,-1.0150687626505068
333,1552280400,12,26,14,38,10,-0.49468197244072,-1.5129805446028408
333,1552294800,630,283,0,913,10,-0.7586320629989263,1.3160636710354212
333,1552309200,460,255,0,715,10,-0.7586320629989263,0.6758913799538487
333,1552323600,327,365,38,692,10,-0.04219610291236636,0.6015279319999287
333,1552338000,343,438,95,781,10,1.0324578372174735,0.8892821436477062
333,1552352400,85,166,81,251,11,0.8198109014864936,-0.8875054051479679
333,1552366800,13,33,20,46,11,-0.3977865069821422,-1.5612926847815103
333,1552381200,665,278,0,943,11,-0.7969987720538261,1.3869375095174532
333,1552395600,427,291,0,718,11,-0.7969987720538261,0.6474148855294188
333,1552410000,354,358,4,712,11,-0.7171563190394893,0.6276942822230713
333,1552424400,355,461,106,816,11,1.3188262328260985,0.9695180728664294
333,1552438800,82,178,96,260,11,1.1192201002902566,-0.8579245001884466
333,1552453200,9,49,40,58,11,0.0014257580895416877,-1.5218514781688153
333,1552467600,622,268,0,890,11,-0.7969987720538261,1.2127388469780496
333,1552482000,451,270,0,721,11,-0.7969987720538261,0.6572751871825927
333,1552496400,343,442,99,785,11,1.1791019400510092,0.8676282891169669
333,1552510800,352,515,163,867,11,2.4565811882803974,1.137143200970384
333,1552525200,79,177,98,256,11,1.1591413267974249,-0.871071569059345
333,1552539600,12,27,15,39,11,-0.49758957325006314,-1.5843000553055826
333,1552554000,602,299,0,901,11,-0.7969987720538261,1.2488932863730202
333,1552568400,487,278,0,765,11,-0.7969987720538261,0.801892944762475
333,1552582800,425,354,0,779,11,-0.7969987720538261,0.8479076858106193
333,1552597200,338,473,135,811,11,1.8976840171800402,0.9530842367778064
333,1552611600,83,193,110,276,11,1.3986686858404354,-0.805336224704853
333,1552626000,13,43,30,56,11,-0.19818037444630027,-1.5284250126042644
333,1552640400,553,313,0,866,11,-0.7969987720538261,1.1338564337526593
333,1552654800,490,267,0,757,11,-0.7969987720538261,0.7755988070206782
333,1552669200,425,390,0,815,11,-0.7969987720538261,0.9662313056487047
333,1552683600,348,501,153,849,11,2.256975055744556,1.0779813910513412
333,1552698000,134,213,79,347,11,0.7798896749793253,-0.5719757522464066
333,1552712400,21,71,50,92,11,0.20103189062538362,-1.410101392766179
333,1552726800,99,98,0,197,11,-0.7969987720538261,-1.0649908349050963
333,1552741200,287,222,0,509,11,-0.7969987720538261,-0.03951946297502192
333,1552755600,308,284,0,592,11,-0.7969987720538261,0.23328221609611963
333,1552770000,242,251,9,493,11,-0.6173532527715684,-0.09210773845861547
333,1552784400,112,199,87,311,11,0.9395745810079988,-0.6902993720844921
333,1552798800,24,72,48,96,11,0.16111066411821523,-1.3969543238952806
333,1552813200,75,76,1,151,11,-0.7770381588002419,-1.2161821269204276
333,1552827600,300,245,0,545,11,-0.7969987720538261,0.07880415686306357
333,1552842000,295,266,0,561,11,-0.7969987720538261,0.13139243234665712
333,1552856400,187,219,32,406,11,-0.15825914793913187,-0.3780564864006554
333,1552870800,77,138,61,215,11,0.42059863641480977,-1.0058290249860535
333,1552885200,12,36,24,48,11,-0.3179440539678054,-1.5547191503460611
333,1552899600,619,285,0,904,11,-0.7969987720538261,1.258753588026194
333,1552914000,417,259,0,676,11,-0.7969987720538261,0.5093706623849857
333,1552928400,373,346,0,719,11,-0.7969987720538261,0.6507016527471434
333,1552942800,324,460,136,784,11,1.9176446304336243,0.8643415218992423
333,1552957200,87,220,133,307,12,1.0267868781236058,-0.8672264205870768
333,1552971600,12,34,22,46,12,-0.5514790057577822,-1.763308617068888
333,1552986000,619,302,0,921,12,-0.86428846022076,1.2407983634735829
333,1553000400,446,251,0,697,12,-0.86428846022076,0.47174697645471025
333,1553014800,382,350,0,732,12,-0.86428846022076,0.5919112556764091
333,1553029200,352,463,111,815,12,0.7139774236606279,0.8768722606878663
333,1553043600,77,256,179,333,12,1.6808430101825593,-0.7779615274509576
333,1553058000,13,42,29,55,12,-0.4519487247922893,-1.7324092309833083
333,1553072400,673,258,0,931,12,-0.86428846022076,1.2751310146797825
333,1553086800,455,247,0,702,12,-0.86428846022076,0.4889133020578101
333,1553101200,355,357,2,712,12,-0.835851237087762,0.5232459532640098
333,1553115600,364,477,113,841,12,0.7424146467936258,0.9661371538239855
333,1553130000,93,223,130,316,12,0.9841310434241087,-0.836327034501497
333,1553144400,11,34,23,45,12,-0.5372603941912832,-1.766741882189508
333,1553158800,606,292,0,898,12,-0.86428846022076,1.1618332656993235
333,1553173200,463,280,0,743,12,-0.86428846022076,0.6296771720032287
333,1553187600,368,385,17,753,12,-0.6225720635902772,0.6640098232094284
333,1553202000,332,484,152,816,12,1.2969404978870867,0.8803055258084863
333,1553216400,91,238,147,329,12,1.2258474400545916,-0.7916945879334375
333,1553230800,17,53,36,70,12,-0.3524184438267964,-1.6809102541740089
333,1553245200,554,299,0,853,12,-0.86428846022076,1.007336335271425
333,1553259600,463,292,0,755,12,-0.86428846022076,0.6708763534506683
333,1553274000,411,329,0,740,12,-0.86428846022076,0.6193773766413688
333,1553288400,393,430,37,823,12,-0.3381998322602974,0.9043383816528261
333,1553302800,128,285,157,413,12,1.3680335557195815,-0.5033003178013603
333,1553317200,22,78,56,100,12,-0.06804621249681658,-1.5779123005554099
333,1553331600,103,129,26,232,12,-0.4946045594917863,-1.1247213046335742
333,1553346000,321,292,0,613,12,-0.86428846022076,0.18335270632263306
333,1553360400,357,389,32,746,12,-0.40929289009279235,0.6399769673650886
333,1553374800,313,472,159,785,12,1.3964707788525794,0.7738743070692673
333,1553389200,127,354,227,481,12,2.363336365374511,-0.26983828959920253
333,1553403600,31,94,63,125,12,0.03148406846867635,-1.4920806725399107
333,1553418000,85,131,46,216,12,-0.21023232816180648,-1.1796535465634936
333,1553432400,343,365,22,708,12,-0.5514790057577822,0.5095128927815299
333,1553446800,334,376,42,710,12,-0.26710677442780245,0.5163794230227698
333,1553461200,199,454,255,653,12,2.7614574892364825,0.3206833111474317
333,1553475600,84,237,153,321,12,1.3111591094535855,-0.8191607088983972
333,1553490000,15,36,21,51,12,-0.5656976173242813,-1.7461422914657883
333,1553504400,589,312,0,901,12,-0.86428846022076,1.1721330610611835
333,1553518800,399,303,0,702,12,-0.86428846022076,0.4889133020578101
333,1553533200,337,369,32,706,12,-0.40929289009279235,0.5026463625402899
333,1553547600,338,469,131,807,12,0.9983496549906078,0.8494061397229066
333,1553562000,75,241,166,316,13,2.894201768613777,-0.6830843279033395
333,1553576400,12,28,16,40,13,-0.42338759497188444,-1.6001926819750922
333,1553590800,608,295,0,903,13,-0.777263793754355,1.267432352676801
333,1553605200,481,273,0,754,13,-0.777263793754355,0.7723267557322679
333,1553619600,353,419,66,772,13,0.6824755262233358,0.8321381701282518
333,1553634000,362,477,115,839,13,1.766221384994652,1.054769545935525
333,1553648400,110,213,103,323,13,1.5008142359077992,-0.6598243334160124
333,1553662800,14,54,40,68,13,0.10742670320182134,-1.507152704025784
333,1553677200,626,281,0,907,13,-0.777263793754355,1.2807237780981309
333,1553691600,460,278,0,738,13,-0.777263793754355,0.719161054046949
333,1553706000,366,363,0,729,13,-0.777263793754355,0.689255346848957
333,1553720400,335,450,115,785,13,1.766221384994652,0.8753353027475734
333,1553734800,97,173,76,270,13,0.90364815046238,-0.8359357202486316
333,1553749200,14,41,27,55,13,-0.18009770830893596,-1.5503498366451056
333,1553763600,576,277,0,853,13,-0.777263793754355,1.1012895349101792
333,1553778000,474,267,0,741,13,-0.777263793754355,0.7291296231129463
333,1553792400,390,374,0,764,13,-0.777263793754355,0.8055553192855923
333,1553806800,355,448,93,803,13,1.2796416116687548,0.9351467171435573
333,1553821200,81,211,130,292,13,2.097980321353218,-0.762832880431318
333,1553835600,15,35,20,50,13,-0.3349185452762668,-1.5669641184217677
333,1553850000,522,302,0,824,13,-0.777263793754355,1.0049267006055385
333,1553864400,467,339,0,806,13,-0.777263793754355,0.9451152862095547
333,1553878800,415,369,0,784,13,-0.777263793754355,0.8720124463922411
333,1553893200,402,506,104,908,13,1.5229314983317035,1.2840466344534633
333,1553907600,127,204,77,331,13,0.9257654128862843,-0.633241482573353
333,1553922000,27,65,38,92,13,0.06319217835401252,-1.4274041514978053
333,1553936400,101,107,6,208,13,-0.6445602192109284,-1.0419528142792427
333,1553950800,302,223,0,525,13,-0.777263793754355,0.011392650361139837
333,1553965200,349,249,0,598,13,-0.777263793754355,0.25396116430040777
333,1553979600,312,271,0,583,13,-0.777263793754355,0.20411831897042118
333,1553994000,127,191,64,318,13,0.6382410013755271,-0.6764386151926747
333,1554008400,27,74,47,101,13,0.2622475401691522,-1.3974984442998135
333,1554022800,66,83,17,149,13,-0.40127033254798,-1.2380013392438565
333,1554037200,272,230,0,502,13,-0.777263793754355,-0.06503304581150622
333,1554051600,291,234,0,525,13,-0.777263793754355,0.011392650361139837
333,1554066000,161,197,36,358,13,0.01895765350620371,-0.5435243609793772
333,1554080400,67,94,27,161,13,-0.18009770830893596,-1.1981270629798673
333,1554094800,13,19,6,32,13,-0.6445602192109284,-1.6267755328177516
333,1554109200,598,276,0,874,13,-0.777263793754355,1.1710695183721604
333,1554123600,427,289,0,716,13,-0.777263793754355,0.6460582142296353
333,1554138000,332,328,0,660,13,-0.777263793754355,0.45997825833101885
333,1554152400,381,468,87,849,13,1.1469380371253284,1.0879981094888493
333,1554166800,84,149,65,233,14,0.8404927313438945,-0.9472506372393886
333,1554181200,10,25,15,35,14,-0.39806749647610074,-1.6066318755237607
333,1554195600,628,267,0,895,14,-0.7696355648220994,1.2573472402568453
333,1554210000,430,289,0,719,14,-0.7696355648220994,0.6712305840040701
333,1554224400,368,340,0,708,14,-0.7696355648220994,0.6345982929882716
333,1554238800,355,473,118,828,14,2.1533665728330895,1.034223285887891
333,1554253200,95,199,104,294,14,1.806569709043491,-0.7441079325154155
333,1554267600,12,42,30,54,14,-0.026499428130102184,-1.5433579183146544
333,1554282000,649,298,0,947,14,-0.7696355648220994,1.430518070513347
333,1554296400,466,307,0,773,14,-0.7696355648220994,0.8510618308088987
333,1554310800,374,395,21,769,14,-0.24944026913770134,0.8377409977122449
333,1554325200,366,466,100,832,14,1.7074848908178912,1.047544118984545
333,1554339600,97,167,70,264,14,0.964348754125894,-0.8440141807403203
333,1554354000,11,34,23,45,14,-0.1998978600249015,-1.5733297927821257
333,1554368400,675,306,0,981,14,-0.7696355648220994,1.543745151834906
333,1554382800,453,270,0,723,14,-0.7696355648220994,0.684551417100724
333,1554397200,379,410,31,789,14,-0.001728223573702278,0.9043451631955147
333,1554411600,370,512,142,882,14,2.747875482186687,1.2140545326927197
333,1554426000,126,201,75,327,14,1.0882047769078935,-0.6342110594680201
333,1554440400,24,48,24,72,14,-0.17512665546850162,-1.4834141693797114
333,1554450099,211,149,0,360,14,-0.7696355648220994,-0.5243141864206248
333,1554454800,375,165,0,540,14,-0.7696355648220994,0.07512330292880438
333,1554469200,498,279,0,777,14,-0.7696355648220994,0.8643826639055527
333,1554483600,392,386,0,778,14,-0.7696355648220994,0.8677128721797163
333,1554498000,369,405,36,774,14,0.12212779920829725,0.8543920390830623
333,1554512400,113,194,81,307,14,1.236832004246293,-0.70081522495129
333,1554526800,22,51,29,73,14,-0.05127063268650209,-1.4800839611055479
333,1554541200,106,111,5,217,14,-0.6457795420400998,-1.0005339696260047
333,1554555600,329,274,0,603,14,-0.7696355648220994,0.2849264242011046
333,1554570000,342,329,0,671,14,-0.7696355648220994,0.5113805868442223
333,1554584400,285,235,0,520,14,-0.7696355648220994,0.008519137445534479
333,1554598800,125,186,61,311,14,0.7414079131182949,-0.687494391854636
333,1554613200,33,68,35,101,14,0.09735659465189735,-1.38683812942897
333,1554627600,68,87,19,155,14,-0.2989826782505011,-1.2070068826241414
333,1554642000,278,262,0,540,14,-0.7696355648220994,0.07512330292880438
333,1554656400,348,258,0,606,14,-0.7696355648220994,0.29491704902359506
333,1554670800,175,203,28,378,14,-0.07604183724290199,-0.46437043748568185
333,1554685200,63,133,70,196,14,0.964348754125894,-1.070468343383438
333,1554699600,18,37,19,55,14,-0.2989826782505011,-1.5400277100404909
333,1554714000,638,276,0,914,14,-0.7696355648220994,1.3206211974659516
333,1554728400,436,269,0,705,14,-0.7696355648220994,0.6246076681657811
333,1554742800,370,340,0,710,14,-0.7696355648220994,0.6412587095365986
333,1554757200,327,462,135,789,14,2.574477050291888,0.9043451631955147
333,1554771600,86,186,100,272,15,1.762982570764052,-0.822268684257691
333,1554786000,11,38,27,49,15,-0.07493125513278015,-1.5296599304005711
333,1554800400,627,296,0,923,15,-0.7547076016973621,1.2428062091908063
333,1554814800,456,294,0,750,15,-0.7547076016973621,0.6940228657705452
333,1554829200,393,330,0,723,15,-0.7547076016973621,0.608374598300331
333,1554843600,330,449,119,779,15,2.241343703531721,0.7860154493496642
333,1554858000,83,196,113,279,15,2.090282293184036,-0.8000635778765244
333,1554872400,14,33,19,47,15,-0.2763464689296933,-1.5360042465094759
333,1554886800,667,275,0,942,15,-0.7547076016973621,1.3030772122254015
333,1554901200,464,306,0,770,15,-0.7547076016973621,0.7574660268595927
333,1554915600,401,387,0,788,15,-0.7547076016973621,0.8145648718397355
333,1554930000,366,465,99,831,15,1.7378056690394381,0.9509676681811877
333,1554944400,95,181,86,276,15,1.4105059466194543,-0.8095800520398815
333,1554958800,14,44,30,58,15,0.0005994500410622841,-1.5011105079104996
333,1554973200,657,282,0,939,15,-0.7547076016973621,1.2935607380620444
333,1554987600,487,267,0,754,15,-0.7547076016973621,0.7067114979883548
333,1555002000,393,357,0,750,15,-0.7547076016973621,0.6940228657705452
333,1555016400,338,447,109,785,15,1.9895746862855794,0.8050483976763784
333,1555030800,89,178,89,267,15,1.4860366517932968,-0.8381294745299529
333,1555045200,13,45,32,58,15,0.05095325349029057,-1.5011105079104996
333,1555059600,595,284,0,879,15,-0.7547076016973621,1.103231254794902
333,1555074000,449,297,0,746,15,-0.7547076016973621,0.6813342335527357
333,1555088400,437,418,0,855,15,-0.7547076016973621,1.0270994614880449
333,1555102800,622,458,0,1080,15,-0.7547076016973621,1.7408350237398296
333,1555117200,165,230,65,395,15,0.8817910104025574,-0.43209324356004863
333,1555131600,15,60,45,75,15,0.37825297591027446,-1.4471838209848094
333,1555146000,117,140,23,257,15,-0.17563886203123671,-0.8698510550744767
333,1555160400,293,202,0,495,15,-0.7547076016973621,-0.11487743811481092
333,1555174800,304,250,0,554,15,-0.7547076016973621,0.07227988709787932
333,1555189200,242,243,1,485,15,-0.7295306999727479,-0.1465990186593347
333,1555203600,108,171,63,279,15,0.831437206953329,-0.8000635778765244
333,1555218000,23,66,43,89,15,0.32789917246104616,-1.402773608222476
333,1555232400,61,99,38,160,15,0.20201466383797542,-1.1775503863563572
333,1555246800,333,242,0,575,15,-0.7547076016973621,0.13889520624137924
333,1555261200,307,227,0,534,15,-0.7547076016973621,0.008836726008831777
333,1555275600,161,177,16,338,15,-0.35187717410353575,-0.6129062526638341
333,1555290000,98,110,12,208,15,-0.4525847810019923,-1.0252867997426431
333,1555304400,13,30,17,43,15,-0.3267002723789216,-1.5486928787272853
333,1555318800,618,289,0,907,15,-0.7547076016973621,1.1920516803195684
333,1555333200,440,284,0,724,15,-0.7547076016973621,0.6115467563547834
333,1555347600,368,370,2,738,15,-0.7043537982481337,0.6559569691171167
333,1555362000,372,483,111,855,15,2.0399284897348076,1.0270994614880449
333,1555376400,84,213,129,297,16,1.8737510649405267,-0.736165328346866
333,1555390800,14,36,22,50,16,-0.32140985420512674,-1.560092301728071
333,1555405200,668,279,0,947,16,-0.7727513515995601,1.4320635489720948
333,1555419600,443,300,0,743,16,-0.7727513515995601,0.7515732551673747
333,1555434000,350,385,35,735,16,-0.0547080602902343,0.7248873612926798
333,1555448400,397,467,70,864,16,0.6633352310190915,1.155197400022135
333,1555462800,86,164,78,250,16,0.8274594118897945,-0.8929449548606986
333,1555477200,12,38,26,50,16,-0.2393477637697752,-1.560092301728071
333,1555491600,684,282,0,966,16,-0.7727513515995601,1.495442546924495
333,1555506000,498,284,0,782,16,-0.7727513515995601,0.8816669878065123
333,1555520400,389,404,15,793,16,-0.4650185124669919,0.9183600918842179
333,1555534800,388,460,72,848,16,0.7043662762367673,1.1018256122727452
333,1555549200,99,213,114,312,16,1.5660182258079585,-0.6861292773318131
333,1555563600,14,49,35,63,16,-0.0547080602902343,-1.5167277241816919
333,1555578000,626,277,0,903,16,-0.7727513515995601,1.2852911326612728
333,1555592400,480,291,0,771,16,-0.7727513515995601,0.8449738837288069
333,1555606800,399,386,0,785,16,-0.7727513515995601,0.891674198009523
333,1555621200,373,481,108,854,16,1.442925090154931,1.1218400326787665
333,1555635600,90,221,131,311,16,1.9147821101582023,-0.68946501406615
333,1555650000,16,60,44,76,16,0.1299316431893066,-1.4733631466353128
333,1555664400,418,201,0,619,16,-0.7727513515995601,0.33794190010960373
333,1555678800,493,282,0,775,16,-0.7727513515995601,0.8583168306661543
333,1555693200,409,376,0,785,16,-0.7727513515995601,0.891674198009523
333,1555707600,360,395,35,755,16,-0.0547080602902343,0.791602095979417
333,1555722000,114,216,102,330,16,1.3198319545019037,-0.6260860161137496
333,1555736400,21,63,42,84,16,0.08890059797163086,-1.4466772527606178
333,1555750800,82,77,0,159,16,-0.7727513515995601,-1.196496997685353
333,1555765200,279,208,0,487,16,-0.7727513515995601,-0.10237534882286214
333,1555779600,313,283,0,596,16,-0.7727513515995601,0.2612199552198559
333,1555794000,242,281,39,523,16,0.02735403014511722,0.017711173613264915
333,1555808400,107,147,40,254,16,0.0478695527539551,-0.8796020079233512
333,1555822800,19,52,33,71,16,-0.09573910550791005,-1.490041830306997
333,1555837200,61,148,87,209,16,1.0120991153693355,-1.02971016096851
333,1555851600,376,301,0,677,16,-0.7727513515995601,0.5314146307011418
333,1555866000,335,213,0,548,16,-0.7727513515995601,0.10110459197168647
333,1555880400,164,200,36,364,16,-0.03419253768139642,-0.5126709671462962
333,1555894800,74,117,43,191,16,0.10941612058046875,-1.0897534221865735
333,1555909200,11,33,22,44,16,-0.32140985420512674,-1.5801067221340923
333,1555923600,520,230,0,750,16,-0.7727513515995601,0.7749234123077328
333,1555938000,425,284,0,709,16,-0.7727513515995601,0.6381582061999214
333,1555952400,342,319,0,661,16,-0.7727513515995601,0.478042842951752
333,1555966800,264,488,224,752,16,3.8227257127801253,0.7815948857764065
333,1555981200,99,171,72,270,17,0.6982612720357734,-0.7875327283266768
333,1555995600,10,30,20,40,17,-0.33982955994463565,-1.6226821793028865
333,1556010000,571,252,0,823,17,-0.7390952645524853,1.2204570385856883
333,1556024400,447,270,0,717,17,-0.7390952645524853,0.8355620742227394
333,1556038800,337,379,42,716,17,0.09936271512399893,0.8319309896532777
333,1556053200,319,479,160,798,17,2.4550303723103117,1.1296799243491438
333,1556067600,75,273,198,348,17,3.2136352110652258,-0.5043081319086579
333,1556082000,11,34,23,45,17,-0.2799397042534582,-1.6045267564555776
333,1556096400,597,210,0,807,17,-0.7390952645524853,1.1623596854742997
333,1556110800,473,316,0,789,17,-0.7390952645524853,1.0970001632239876
333,1556125200,355,333,0,688,17,-0.7390952645524853,0.7302606217083478
333,1556139600,334,453,119,787,17,1.6365356778642197,1.0897379940850642
333,1556154000,105,202,97,307,17,1.1973434027955854,-0.6531825992565908
333,1556168400,13,39,26,52,17,-0.22004984856228077,-1.5791091644693451
333,1556182800,569,198,0,767,17,-0.7390952645524853,1.0171163026958285
333,1556197200,466,260,0,726,17,-0.7390952645524853,0.8682418353478956
333,1556211600,364,356,0,720,17,-0.7390952645524853,0.8464553279311249
333,1556226000,323,435,112,758,17,1.4967926812514725,0.9844365415706725
333,1556240400,94,209,115,303,17,1.5566825369426498,-0.667706937534438
333,1556254800,20,62,42,82,17,0.09936271512399893,-1.4701766273854917
333,1556269200,520,245,0,765,17,-0.7390952645524853,1.009854133556905
333,1556283600,457,298,0,755,17,-0.7390952645524853,0.9735432878622872
333,1556298000,390,332,0,722,17,-0.7390952645524853,0.8537174970700484
333,1556312400,316,393,77,709,17,0.7980776981877358,0.8065133976670452
333,1556326800,105,176,71,281,17,0.6782979868053809,-0.7475907980625972
333,1556341200,20,62,42,82,17,0.09936271512399893,-1.4701766273854917
333,1556355600,107,103,0,210,17,-0.7390952645524853,-1.0053978024943837
333,1556370000,304,228,0,532,17,-0.7390952645524853,0.16381142887230996
333,1556384400,390,349,0,739,17,-0.7390952645524853,0.9154459347508986
333,1556398800,264,215,0,479,17,-0.7390952645524853,-0.028636053309164466
333,1556413200,135,173,38,308,17,0.019509574202429002,-0.649551514687129
333,1556427600,28,59,31,87,17,-0.12023342241031837,-1.4520212045381826
333,1556442000,75,110,35,185,17,-0.04038028148874844,-1.0961749167309283
333,1556456400,382,312,0,694,17,-0.7390952645524853,0.7520471291251185
333,1556470800,349,206,0,555,17,-0.7390952645524853,0.2473263739699309
333,1556485200,158,195,37,353,17,-0.00045371102796347836,-0.4861527090613489
333,1556499600,55,106,51,161,17,0.27903228219753123,-1.183320946398011
333,1556514000,13,37,24,50,17,-0.25997641902306573,-1.5863713336082685
333,1556523087,214,146,0,360,17,-0.7390952645524853,-0.46073511707511644
333,1556524594,115,65,0,180,17,-0.7390952645524853,-1.1143303395782371
333,1556528400,336,142,0,478,17,-0.7390952645524853,-0.03226713787862625
333,1556542800,407,243,0,650,17,-0.7390952645524853,0.5922794080688001
333,1556557200,338,382,44,720,17,0.1392892855847839,0.8464553279311249
333,1556571600,336,489,153,825,17,2.3152873756975643,1.227719207724612
333,1556586000,81,185,104,266,18,1.53498845461805,-0.8790996343877573
333,1556600400,18,47,29,65,18,-0.15518902293936232,-1.5750764642620143
333,1556614800,639,279,0,918,18,-0.8087243142615617,1.3784968485874447
333,1556629200,455,272,0,727,18,-0.8087243142615617,0.7171457316422551
333,1556643600,374,370,0,744,18,-0.8087243142615617,0.77600944362167
333,1556658000,337,487,150,824,18,2.5716306408532628,1.0530151470542102
333,1556672400,86,195,109,281,18,1.6476669531218775,-0.827161064994156
333,1556686800,11,48,37,59,18,0.025096574666761646,-1.5958518920194549
333,1556700226,588,262,0,850,18,-0.8087243142615617,1.1430420006697857
333,1556701200,202,171,0,373,18,-0.8087243142615617,-0.5086045060467349
333,1556715600,470,312,0,782,18,-0.8087243142615617,0.9075871527521265
333,1556730000,413,412,0,825,18,-0.8087243142615617,1.0564777183471168
333,1556744400,348,409,61,757,18,0.5659533674851336,0.8210228704294578
333,1556758800,106,196,90,302,18,1.2194886588073328,-0.7544470678431142
333,1556773200,14,50,36,64,18,0.002560874965996152,-1.5785390355549211
333,1556783445,280,174,0,454,18,-0.8087243142615617,-0.228136231321288
333,1556787600,359,134,0,493,18,-0.8087243142615617,-0.09309595089792468
333,1556802000,464,303,0,767,18,-0.8087243142615617,0.8556485833585252
333,1556816400,396,383,0,779,18,-0.8087243142615617,0.8971994388734063
333,1556830800,343,499,156,842,18,2.706844839057856,1.1153414303265317
333,1556845200,105,201,96,306,18,1.354702857011926,-0.7405967826714872
333,1556859600,14,37,23,51,18,-0.2904032211439553,-1.623552462362709
333,1556874000,566,281,0,847,18,-0.8087243142615617,1.1326542867910654
333,1556888400,481,269,0,750,18,-0.8087243142615617,0.7967848713791105
333,1556902800,398,406,8,804,18,-0.6284387166554377,0.983763721196075
333,1556917200,407,482,75,889,18,0.8814531632958504,1.278082281093149
333,1556931600,124,203,79,327,18,0.9715959620989124,-0.6678827855204454
333,1556946000,26,94,68,120,18,0.723703265390492,-1.384635043152143
333,1556960400,117,111,0,228,18,-0.8087243142615617,-1.010677343518214
333,1556974800,330,229,0,559,18,-0.8087243142615617,0.13543375443392094
333,1556989200,345,322,0,667,18,-0.8087243142615617,0.5093914540678501
333,1557003600,263,244,0,507,18,-0.8087243142615617,-0.04461995279723015
333,1557018000,120,211,91,331,18,1.2420243585080983,-0.6540325003488184
333,1557032400,29,93,64,122,18,0.63356046658743,-1.3777099005663296
333,1557046800,64,128,64,192,18,0.63356046658743,-1.1353299100628569
333,1557061200,349,276,0,625,18,-0.8087243142615617,0.36396345976576655
333,1557075600,365,240,0,605,18,-0.8087243142615617,0.2947120339076315
333,1557090000,162,217,55,379,18,0.43073916928054057,-0.48782907828929434
333,1557104400,63,128,65,191,18,0.6560961662881956,-1.1387924813557637
333,1557118800,11,21,10,32,18,-0.5833673172539067,-1.6893413169279372
333,1557133200,593,286,0,879,18,-0.8087243142615617,1.2434565681640815
333,1557147600,438,287,0,725,18,-0.8087243142615617,0.7102205890564417
333,1557162000,381,401,20,782,18,-0.3580103202462518,0.9075871527521265
333,1557176400,348,437,89,785,18,1.1969529591065673,0.9179748666308468
333,1557190800,93,213,120,306,19,1.7216802034799956,-0.7261263153956148
333,1557205200,14,36,22,50,19,-0.30417334641241783,-1.5429614423189932
333,1557219600,650,273,0,923,19,-0.7589567963882657,1.242573970978309
333,1557234000,452,285,0,737,19,-0.7589567963882657,0.6490921990730418
333,1557248400,398,376,0,774,19,-0.7589567963882657,0.7671504010111864
333,1557262800,338,444,106,782,19,1.432272553495365,0.7926764987275419
333,1557277200,81,187,106,268,19,1.432272553495365,-0.8473752795483037
333,1557291600,13,34,21,47,19,-0.32484532141132,-1.5525337289626264
333,1557306000,647,288,0,935,19,-0.7589567963882657,1.2808631175528422
333,1557320400,468,297,0,765,19,-0.7589567963882657,0.7384335410802864
333,1557334800,377,395,18,772,19,-0.38686124640802655,0.7607688765820975
333,1557349200,376,467,91,843,19,1.1221929285118326,0.9873129938147531
333,1557363600,97,206,109,303,19,1.4942884784920718,-0.7356986020392481
333,1557378000,14,40,26,54,19,-0.2214854464168091,-1.5301983934608154
333,1557392400,650,352,0,1002,19,-0.7589567963882657,1.4946441859273203
333,1557406800,494,315,0,809,19,-0.7589567963882657,0.878827078520242
333,1557421200,375,391,16,766,19,-0.4282051964058309,0.7416243032948308
333,1557435600,396,496,100,892,19,1.3082407035019523,1.143660342327431
333,1557450000,103,222,119,325,19,1.7010082284810935,-0.6655018333192703
333,1557464400,12,57,45,69,19,0.17128207856233232,-1.4823369602426486
333,1557478800,601,291,0,892,19,-0.7589567963882657,1.143660342327431
333,1557493200,487,290,0,777,19,-0.7589567963882657,0.7767226876548197
333,1557507600,401,410,9,811,19,-0.5729090213981461,0.8852086029493309
333,1557522000,355,439,84,794,19,0.9774891035195173,0.8309656453020753
333,1557536400,115,284,169,399,19,2.7346069784262026,-0.42938542944298125
333,1557550800,22,68,46,90,19,0.19195405356123452,-1.4153309537372152
333,1557565200,118,107,0,225,19,-0.7589567963882657,-0.984578054773715
333,1557579600,345,223,0,568,19,-0.7589567963882657,0.10985338481503029
333,1557594000,337,272,0,609,19,-0.7589567963882657,0.2406746356113526
333,1557608400,260,203,0,463,19,-0.7589567963882657,-0.22517664771213663
333,1557622800,105,147,42,252,19,0.10926615356562579,-0.8984274749810149
333,1557637200,18,45,27,63,19,-0.20081347141790692,-1.5014815335299154
333,1557651600,75,83,8,158,19,-0.5935809963970483,-1.198359123148193
333,1557666000,337,276,0,613,19,-0.7589567963882657,0.2534376844695304
333,1557680400,290,202,0,492,19,-0.7589567963882657,-0.13264454349034766
333,1557694800,155,199,44,354,19,0.15061010356343016,-0.5729697290974813
333,1557709200,74,112,38,186,19,0.026578253570017068,-1.1090177811409483
333,1557723600,12,17,5,29,19,-0.6555969213937549,-1.6099674488244264
333,1557738000,612,329,0,941,19,-0.7589567963882657,1.300007690840109
333,1557752400,456,259,0,715,19,-0.7589567963882657,0.578895430353064
333,1557766800,370,381,11,751,19,-0.5315650714003418,0.693762870076664
333,1557781200,323,483,160,806,19,2.548559203436083,0.8692547918766086
333,1557795600,77,158,81,235,20,1.4519242391901808,-1.0224789691158078
333,1557810000,12,40,28,52,20,-0.015824787348121903,-1.606210184790182
333,1557824400,625,281,0,906,20,-0.791239367406093,1.1178688216902308
333,1557838800,480,310,0,790,20,-0.791239367406093,0.747853406290081
333,1557853200,406,406,0,812,20,-0.791239367406093,0.8180287436935577
333,1557867600,365,452,87,817,20,1.6180845063454603,0.8339776840125297
333,1557882000,85,200,115,285,20,2.3934990864034313,-0.8629895659260881
333,1557896400,15,44,29,59,20,0.011868590511091353,-1.5838816683436212
333,1557910800,639,273,0,912,20,-0.791239367406093,1.137007550072997
333,1557925200,491,302,0,793,20,-0.791239367406093,0.7574227704814642
333,1557939600,418,394,0,812,20,-0.791239367406093,0.8180287436935577
333,1557954000,383,479,96,862,20,1.8673249070783795,0.9775181468832774
333,1557968400,80,197,117,277,20,2.448885842121858,-0.8885078704364433
333,1557982800,14,44,30,58,20,0.03956196837030461,-1.5870714564074158
333,1557997200,642,304,0,946,20,-0.791239367406093,1.2454603442420065
333,1558011600,501,277,0,778,20,-0.791239367406093,0.7095759495245483
333,1558026000,403,404,1,807,20,-0.7635459895468798,0.8020798033745857
333,1558040400,388,453,65,841,20,1.0088301934427686,0.9105325975435952
333,1558054800,121,181,60,302,20,0.8703633041467023,-0.8087631688415834
333,1558069200,14,62,48,76,20,0.5380427698361432,-1.5296552712591165
333,1558083600,601,331,0,932,20,-0.791239367406093,1.200803311348885
333,1558098000,539,310,0,849,20,-0.791239367406093,0.9360509020539503
333,1558112400,446,384,0,830,20,-0.791239367406093,0.8754449288418568
333,1558126800,385,424,39,809,20,0.28880236910322393,0.8084593795021745
333,1558141200,136,217,81,353,20,1.4519242391901808,-0.6460839775880693
333,1558155600,30,68,38,98,20,0.26110899124401066,-1.45947993385564
333,1558170000,117,126,9,243,20,-0.5419989666731738,-0.9969606646054527
333,1558184400,333,280,0,613,20,-0.791239367406093,0.18326091899847322
333,1558198800,383,331,0,714,20,-0.791239367406093,0.5054295134417071
333,1558213200,315,313,0,628,20,-0.791239367406093,0.23110773995538914
333,1558227600,136,181,45,317,20,0.45496263625850347,-0.7609163478846676
333,1558242000,36,80,44,116,20,0.4272692583992902,-1.4020637487073409
333,1558256400,91,101,10,192,20,-0.5143055888139605,-1.159639855858967
333,1558270800,354,246,0,600,20,-0.791239367406093,0.1417936741691461
333,1558285200,387,305,0,692,20,-0.791239367406093,0.43525417603823036
333,1558299600,217,241,24,458,20,-0.12659829878497492,-0.31115623088965794
333,1558314000,78,107,29,185,20,0.011868590511091353,-1.1819683723055276
333,1558328400,12,33,21,45,20,-0.2096784323626147,-1.6285387012367427
333,1558342800,619,287,0,906,20,-0.791239367406093,1.1178688216902308
333,1558357200,475,286,0,761,20,-0.791239367406093,0.6553495524400436
333,1558371600,409,374,0,783,20,-0.791239367406093,0.7255248898435203
333,1558386000,343,446,103,789,20,2.0611785520928723,0.7446636182262866
333,1558400400,96,161,65,257,21,0.8649400538101304,-0.7700668159694891
333,1558414800,18,33,15,51,21,-0.3565623759150033,-1.4402829000423207
333,1558429200,644,278,0,922,21,-0.7230131048325434,1.3934948146539723
333,1558443600,477,257,0,734,21,-0.7230131048325434,0.7818413010341065
333,1558458000,398,404,6,802,21,-0.5764328132655274,1.0030776783008664
333,1558472400,414,498,84,912,21,1.3291109771056813,1.3609600532912134
333,1558486800,89,149,60,238,21,0.742789810837617,-0.8318828625587309
333,1558501200,15,32,17,47,21,-0.307702278725998,-1.4532968045874242
333,1558515600,653,319,0,972,21,-0.7230131048325434,1.5561686214677664
333,1558530000,509,295,0,804,21,-0.7230131048325434,1.0095846305734182
333,1558544400,449,423,0,872,21,-0.7230131048325434,1.2308210078401782
333,1558558800,358,517,159,875,21,3.1613646216933815,1.2405814362490057
333,1558573200,101,201,100,302,21,1.7199917546177237,-0.6236603898370744
333,1558587600,23,32,9,55,21,-0.5031426674820193,-1.4272689954972173
333,1558602000,596,300,0,896,21,-0.7230131048325434,1.3089044351107992
333,1558616400,463,307,0,770,21,-0.7230131048325434,0.8989664419400383
333,1558630800,443,421,0,864,21,-0.7230131048325434,1.2047931987499712
333,1558645200,345,473,128,818,21,2.4040331152637986,1.0551332964812805
333,1558659600,94,171,77,265,21,1.1581006369441624,-0.744039006879282
333,1558674000,24,30,6,54,21,-0.5764328132655274,-1.430522471633493
333,1558688400,535,314,0,849,21,-0.7230131048325434,1.155991056705833
333,1558702800,472,257,0,729,21,-0.7230131048325434,0.7655739203527271
333,1558717200,453,366,0,819,21,-0.7230131048325434,1.0583867726175564
333,1558731600,321,432,111,753,21,1.9887222891572531,0.8436573476233482
333,1558746000,150,191,41,341,21,0.2786188875420662,-0.49677482052231503
333,1558760400,22,64,42,86,21,0.3030489361365689,-1.326411235272665
333,1558774800,94,85,0,179,21,-0.7230131048325434,-1.023837954599008
333,1558789200,320,230,0,550,21,-0.7230131048325434,0.18320169195934424
333,1558803600,352,276,0,628,21,-0.7230131048325434,0.43697283058886305
333,1558818000,249,217,0,466,21,-0.7230131048325434,-0.09009030348782981
333,1558832400,129,182,53,311,21,0.5717794706760984,-0.5943791046105915
333,1558846800,28,70,42,98,21,0.3030489361365689,-1.2873695216373542
333,1558861200,72,76,4,148,21,-0.6252929104545327,-1.1246957148235601
333,1558875600,297,213,0,510,21,-0.7230131048325434,0.053062646508308976
333,1558890000,326,241,0,567,21,-0.7230131048325434,0.23851078627603423
333,1558904400,177,233,56,410,21,0.6450696164596064,-0.2722849671192792
333,1558918800,89,148,59,237,21,0.7183597622431144,-0.8351363386950067
333,1558933200,16,47,31,63,21,0.03431840159703948,-1.4012411864070102
333,1558947600,80,75,0,155,21,-0.7230131048325434,-1.101921381869629
333,1558962000,238,145,0,383,21,-0.7230131048325434,-0.360128822798728
333,1558976400,263,254,0,517,21,-0.7230131048325434,0.07583697946224015
333,1558990800,174,252,78,426,21,1.1825306855386652,-0.2202293489388651
333,1559005200,83,137,54,220,22,0.5844453965138054,-1.0140463721197113
333,1559019600,12,24,12,36,22,-0.4001706352995644,-1.6323520823702626
333,1559034000,616,301,0,917,22,-0.6814895015319559,1.3281225411663447
333,1559048400,478,249,0,727,22,-0.6814895015319559,0.6896546881902318
333,1559062800,376,382,6,758,22,-0.5408300684157601,0.793825758938966
333,1559077200,351,468,117,819,22,2.0613694442338604,0.9988075433155075
333,1559091600,101,170,69,271,22,0.9360939793042946,-0.842668158952439
333,1559106000,11,24,13,35,22,-0.37672739644686515,-1.6357124394911895
333,1559120400,633,262,0,895,22,-0.6814895015319559,1.2541946845059526
333,1559134800,479,270,0,749,22,-0.6814895015319559,0.7635825448506238
333,1559149200,380,396,16,776,22,-0.3063976798887673,0.8543121871156504
333,1559163600,346,478,132,824,22,2.4130180270243495,1.015609328920142
333,1559178000,96,137,41,233,22,0.27968329142871473,-0.9703617295476614
333,1559192400,7,37,30,44,22,0.021807664049022627,-1.6054692254028473
333,1559203703,360,211,0,571,22,-0.6814895015319559,0.16543897732563395
333,1559206800,273,133,0,406,22,-0.6814895015319559,-0.38901994762730613
333,1559221200,474,289,0,763,22,-0.6814895015319559,0.8106275445436005
333,1559235600,434,404,0,838,22,-0.6814895015319559,1.0626543286131187
333,1559250000,340,484,144,824,22,2.694336893256741,1.015609328920142
333,1559264400,111,198,87,309,22,1.3580722786528816,-0.7149745883572164
333,1559278800,18,40,22,58,22,-0.16573824677257162,-1.5584242257098706
333,1559293200,550,311,0,861,22,-0.6814895015319559,1.1399425423944378
333,1559307600,450,293,0,743,22,-0.6814895015319559,0.7434204021250624
333,1559322000,408,386,0,794,22,-0.6814895015319559,0.9147986152923347
333,1559336400,428,425,0,853,22,-0.6814895015319559,1.1130596854270225
333,1559350800,161,213,52,374,22,0.5375589188084068,-0.4965513754969672
333,1559365200,24,66,42,90,22,0.303126530281414,-1.4508927978402095
333,1559379600,108,120,12,228,22,-0.4001706352995644,-0.9871635151522961
333,1559394000,364,267,0,631,22,-0.6814895015319559,0.3670604045812485
333,1559408400,384,269,0,653,22,-0.6814895015319559,0.44098826124164053
333,1559422800,285,232,0,517,22,-0.6814895015319559,-0.016020307204419167
333,1559437200,118,188,70,306,22,0.9595372181569939,-0.7250556597199971
333,1559451600,30,54,24,84,22,-0.11885176906717307,-1.471054940565771
333,1559466000,83,99,16,182,22,-0.3063976798887673,-1.141739942714934
333,1559480400,291,261,0,552,22,-0.6814895015319559,0.10159219202802267
333,1559494800,377,282,0,659,22,-0.6814895015319559,0.46115040396720197
333,1559509200,196,232,36,428,22,0.16246709716521832,-0.3150920909669141
333,1559523600,86,138,52,224,22,0.5375589188084068,-1.0006049436360036
333,1559538000,13,33,20,46,22,-0.2126247244779702,-1.5987485111609936
333,1559552400,587,270,0,857,22,-0.6814895015319559,1.1265011139107302
333,1559566800,453,267,0,720,22,-0.6814895015319559,0.6661321883437434
333,1559581200,386,399,13,785,22,-0.37672739644686515,0.8845554012039926
333,1559595600,303,473,170,776,22,3.3038611034269225,0.8543121871156504
333,1559610000,73,146,73,219,23,1.0404662333322032,-1.0607100687895747
333,1559624400,14,28,14,42,23,-0.3761685612816428,-1.6521681134476678
333,1559638800,549,273,0,822,23,-0.712319190512047,0.9542571680964714
333,1559653200,439,272,0,711,23,-0.712319190512047,0.5833428011074978
333,1559667600,384,364,0,748,23,-0.712319190512047,0.7069809234371557
333,1559682000,331,404,73,735,23,1.0404662333322032,0.6635405020780867
333,1559696400,101,191,90,292,23,1.448649140254837,-0.8167753950040335
333,1559710800,11,27,16,38,23,-0.3281470428201565,-1.665534396942766
333,1559725200,630,270,0,900,23,-0.712319190512047,1.2148996962508853
333,1559739600,507,312,0,819,23,-0.712319190512047,0.9442324554751479
333,1559754000,384,363,0,747,23,-0.712319190512047,0.7036393525633812
333,1559768400,410,515,105,925,23,1.8088105287159844,1.2984389680952488
333,1559782800,94,202,108,296,23,1.8808428064082137,-0.8034091115089353
333,1559797200,20,33,13,53,23,-0.40017932051238597,-1.615410833836148
333,1559811600,567,274,0,841,23,-0.712319190512047,1.0177470146981877
333,1559826000,514,311,0,825,23,-0.712319190512047,0.9642818807177951
333,1559840400,393,379,0,772,23,-0.712319190512047,0.7871786244077446
333,1559854800,396,465,69,861,23,0.9444231964092307,1.0845784321736784
333,1559869200,105,208,103,313,23,1.760789010254498,-0.7466024066547682
333,1559883600,11,39,28,50,23,-0.040017932051238624,-1.6254355464574715
333,1559898000,562,262,0,824,23,-0.712319190512047,0.9609403098440206
333,1559912400,506,321,0,827,23,-0.712319190512047,0.9709650224653441
333,1559926800,432,426,0,858,23,-0.712319190512047,1.074553719552355
333,1559941200,407,430,23,837,23,-0.1600717282049544,1.0043807312030895
333,1559955600,138,242,104,380,23,1.784799769485241,-0.5227171581118741
333,1559970000,33,87,54,120,23,0.5842618079480835,-1.391525585293254
333,1559984400,126,106,0,232,23,-0.712319190512047,-1.0172696474305056
333,1559998800,338,228,0,566,23,-0.712319190512047,0.09881502441018984
333,1560013200,342,305,0,647,23,-0.712319190512047,0.3694822651859274
333,1560027600,295,230,0,525,23,-0.712319190512047,-0.038189381414566195
333,1560042000,123,179,56,302,23,0.6322833264095697,-0.783359686266288
333,1560056400,22,53,31,75,23,0.03201434564099084,-1.5418962746131082
333,1560070800,79,75,0,154,23,-0.712319190512047,-1.2779121755849197
333,1560085200,277,207,0,484,23,-0.712319190512047,-0.17519378723932225
333,1560099600,315,222,0,537,23,-0.712319190512047,0.001909469070728253
333,1560114000,199,210,11,409,23,-0.44820083897387225,-0.42581160277241253
333,1560128400,276,353,77,629,23,1.136509270255176,0.30933398945798574
333,1560142800,14,33,19,47,23,-0.256114765127927,-1.6354602590787952
333,1560157200,589,291,0,880,23,-0.712319190512047,1.1480682787753946
333,1560171600,400,263,0,663,23,-0.712319190512047,0.42294739916632
333,1560186000,343,359,16,702,23,-0.3281470428201565,0.553268663243527
333,1560200400,330,493,163,823,23,3.2014345640990878,0.957598738970246
333,1560214800,106,177,71,283,24,0.781791064684378,-1.0295725123965491
333,1560229200,17,27,10,44,24,-0.5971753433854163,-1.7990354350163025
333,1560243600,578,298,0,876,24,-0.8232354102821039,0.8795969985386547
333,1560258000,479,309,0,788,24,-0.8232354102821039,0.5962801065280342
333,1560272400,379,425,46,804,24,0.216640897442659,0.6477922687117834
333,1560286800,358,488,130,846,24,2.1155454593748346,0.783011694444125
333,1560301200,118,188,70,306,24,0.7591850579947091,-0.9555237792574097
333,1560315600,16,47,31,63,24,-0.12244920290237239,-1.7378647424231004
333,1560330000,626,295,0,921,24,-0.8232354102821039,1.0244749546804492
333,1560344400,455,315,0,770,24,-0.8232354102821039,0.5383289240713164
333,1560358800,393,376,0,769,24,-0.8232354102821039,0.535109413934832
333,1560373200,360,481,121,841,24,1.9120913991678161,0.7669141437617034
333,1560387600,111,215,104,326,24,1.5277892854434472,-0.8911335765277233
333,1560402000,13,31,18,44,24,-0.4163272898680662,-1.7990354350163025
333,1560416400,610,289,0,899,24,-0.8232354102821039,0.9536457316777941
333,1560430800,458,264,0,722,24,-0.8232354102821039,0.38379243752006886
333,1560445200,374,387,13,761,24,-0.5293573233164101,0.5093533328429575
333,1560459600,341,461,120,802,24,1.8894853924781472,0.6413532484388148
333,1560474000,128,210,82,338,24,1.0304571382707344,-0.8524994548899114
333,1560488400,12,38,26,50,24,-0.2354792363507162,-1.7797183741973965
333,1560502800,531,299,0,830,24,-0.8232354102821039,0.7314995322603758
333,1560517200,467,270,0,737,24,-0.8232354102821039,0.4320850895673337
333,1560531600,419,382,0,801,24,-0.8232354102821039,0.6381337383023304
333,1560546000,407,439,32,846,24,-0.09984319621270363,0.783011694444125
333,1561165200,9851,9136,0,18987,25,-0.6100185291332549,4.11593098705545
333,1561179600,21,77,56,98,25,0.8166605366818751,-0.3242205714781492
333,1561194000,108,112,4,220,25,-0.5081128815750314,-0.29554258481177725
333,1561208400,371,226,0,597,25,-0.6100185291332549,-0.20692290470339847
333,1561222800,375,259,0,634,25,-0.6100185291332549,-0.19822548251769553
333,1561237200,286,254,0,540,25,-0.6100185291332549,-0.2203216361786706
333,1561251600,120,186,66,306,25,1.071424655577434,-0.27532695486662984
333,1561266000,26,56,30,82,25,0.15427382755342184,-0.32798161890980454
333,1561280400,79,92,13,171,25,-0.27882517456902833,-0.3070607925712217
333,1561294800,280,222,0,502,25,-0.6100185291332549,-0.22925412382885202
333,1561309200,350,261,0,611,25,-0.6100185291332549,-0.20363198820070005
333,1561323600,210,213,3,423,25,-0.5335892934645873,-0.24782429552265023
333,1561338000,94,173,79,267,25,1.4026180101416605,-0.2844945079812897
333,1561352400,15,31,16,46,25,-0.20239593890036067,-0.336443975631029
333,1561366800,537,248,0,785,25,-0.6100185291332549,-0.16273059738144832
333,1561381200,474,266,0,740,25,-0.6100185291332549,-0.17330854328297893
333,1561395600,368,381,13,749,25,-0.27882517456902833,-0.17119295410267282
333,1561410000,341,492,151,833,25,3.236919666189685,-0.1514474550864823
333,1561424400,149,200,51,349,26,-0.08261826589451203,-0.7260931402289945
333,1561438800,15,37,22,52,26,-0.49844077771069256,-1.749399640196962
333,1561453200,544,245,0,789,26,-0.8138923383988296,0.7899164893531795
333,1561467600,415,308,0,723,26,-0.8138923383988296,0.5625150449158534
333,1561482000,384,398,14,782,26,-0.6131504361427423,0.7657981543370994
333,1561496400,310,460,150,770,26,1.3369137572021044,0.7244524371666765
333,1561510800,129,182,53,311,26,-0.05394085128649957,-0.8570212446020005
333,1561525200,11,35,24,46,26,-0.46976336310268013,-1.7700724987821734
333,1561539600,564,278,0,842,26,-0.8138923383988296,0.9725267401892141
333,1561554000,528,311,0,839,26,-0.8138923383988296,0.9621903108966083
333,1561568400,390,449,59,839,26,0.03209139253753778,0.9621903108966083
333,1561582800,363,569,206,932,26,2.139881366226453,1.282619618967386
333,1561597200,149,243,94,392,26,0.5339461481777557,-0.5779376537016457
333,1561611600,19,38,19,57,26,-0.5414568996227113,-1.732172258042619
333,1561626000,527,226,0,753,26,-0.8138923383988296,0.6658793378419107
333,1561640400,499,326,0,825,26,-0.8138923383988296,0.9139536408644483
333,1561654800,373,396,23,769,26,-0.48410207040668635,0.721006960735808
333,1561669200,375,588,213,963,26,2.240252317354497,1.3894293883243118
333,1561683600,181,288,107,469,26,0.7203493431298367,-0.3126359685247653
333,1561698000,18,73,55,91,26,-0.02526343667848712,-1.6150260593930874
333,1561712400,466,239,0,705,26,-0.8138923383988296,0.500496469160219
333,1561726800,455,301,0,756,26,-0.8138923383988296,0.6762157671345165
333,1561741200,413,439,26,852,26,-0.4410859484946677,1.0069815044978998
333,1561755600,417,526,109,943,26,0.7490267577378491,1.3205198597069403
333,1561770000,151,281,130,432,26,1.0501396111219798,-0.4401185964669026
333,1561784400,18,97,79,115,26,0.3188655386176623,-1.5323346250522416
333,1561798800,99,98,0,197,26,-0.8138923383988296,-1.2498055577210183
333,1561813200,320,247,0,567,26,-0.8138923383988296,0.025020721700355332
333,1561827600,373,287,0,660,26,-0.8138923383988296,0.34545002977113304
333,1561842000,278,273,0,551,26,-0.8138923383988296,-0.030106901193541907
333,1561856400,122,255,133,377,26,1.0931557330339985,-0.6296198001646743
333,1561870800,35,105,70,140,26,0.18981717288160627,-1.4461977142805271
333,1561885200,70,101,31,171,26,-0.36939241197463657,-1.3393879449236012
333,1561899600,403,234,0,637,26,-0.8138923383988296,0.26620407186115574
333,1561914000,426,302,0,728,26,-0.8138923383988296,0.5797424270701963
333,1561928400,188,338,150,526,26,1.3369137572021044,-0.11624381196525634
333,1561942800,98,245,147,343,26,1.2938976352900857,-0.746765998814206
333,1561957200,16,66,50,82,26,-0.09695697319851826,-1.6460353472709046
333,1561971600,479,252,0,731,26,-0.8138923383988296,0.590078856362802
333,1561986000,445,305,0,750,26,-0.8138923383988296,0.655542908549305
333,1562000400,332,414,82,746,26,0.36188166052968096,0.6417610028258307
333,1562014800,310,597,287,907,26,3.301316657850957,1.1964827081956717
333,1562029200,128,315,187,443,27,1.7610809976990984,-0.08795797289052923
333,1562043600,17,42,25,59,27,-0.42110714805662286,-1.6199084985692074
333,1562058000,535,255,0,790,27,-0.7578645779571971,1.2963827365118181
333,1562072400,421,321,0,742,27,-0.7578645779571971,1.1048889208019832
333,1562086800,351,359,8,710,27,-0.6501022003890133,0.9772263769954267
333,1562101200,331,584,253,915,27,2.6501206126366146,1.7950645482561793
333,1562115600,126,323,197,449,27,1.8957839696593282,-0.06402124592679988
333,1562130000,15,77,62,92,27,0.07729384819622709,-1.488256500268696
333,1562144400,475,241,0,716,27,-0.7578645779571971,1.001163103959156
333,1562158800,401,306,0,707,27,-0.7578645779571971,0.965258013513562
333,1562173200,400,446,46,846,27,-0.13823090694014045,1.5197921881732919
333,1562187600,326,514,188,840,27,1.7745512948951214,1.4958554612095625
333,1562202000,124,269,145,393,27,1.1953285154661337,-0.2874306975882738
333,1562216400,19,78,59,97,27,0.03688295660815817,-1.4683092277989216
333,1562230800,95,92,0,187,27,-0.7578645779571971,-1.1092583233429814
333,1562245200,217,166,0,383,27,-0.7578645779571971,-0.3273252425278227
333,1562259600,261,253,0,514,27,-0.7578645779571971,0.19529329618026806
333,1562274000,199,217,18,416,27,-0.5153992284287836,-0.19567324422731128
333,1562288400,95,233,138,328,27,1.101036435093973,-0.5467452396953417
333,1562302800,17,70,53,87,27,-0.04393882656797966,-1.5082037727384705
333,1562317200,235,214,0,449,27,-0.7578645779571971,-0.06402124592679988
333,1562331600,307,234,0,541,27,-0.7578645779571971,0.30300856751705013
333,1562346000,328,354,26,682,27,-0.40763685086059986,0.8655216511646898
333,1562360400,257,415,158,672,27,1.3704423790144324,0.8256271062251409
333,1562374800,147,258,111,405,27,0.7373384108013527,-0.2395572436608151
333,1562389200,26,91,65,117,27,0.117704739784296,-1.3885201379198238
333,1562403600,83,57,0,140,27,-0.7578645779571971,-1.2967626845588613
333,1562418000,216,186,0,402,27,-0.7578645779571971,-0.25152560714267974
333,1562432400,308,204,0,512,27,-0.7578645779571971,0.18731438719235827
333,1562446800,251,238,0,489,27,-0.7578645779571971,0.09555693383139577
333,1562461200,141,194,53,335,27,-0.04393882656797966,-0.5188190582376575
333,1562475600,22,114,92,136,27,0.48140276407691623,-1.3127205025346809
333,1562490000,72,97,25,169,27,-0.42110714805662286,-1.1810685042341693
333,1562504400,221,218,0,439,27,-0.7578645779571971,-0.10391579086634879
333,1562518800,247,236,0,483,27,-0.7578645779571971,0.07162020686766642
333,1562533200,215,251,36,466,27,-0.2729338789003702,0.003799480470433273
333,1562547600,113,170,57,283,27,0.00994236221611223,-0.7262706919233118
333,1562562000,12,56,44,68,27,-0.1651715013321864,-1.5840034081236134
333,1562576400,506,274,0,780,27,-0.7578645779571971,1.2564881915722692
333,1562590800,392,309,0,701,27,-0.7578645779571971,0.9413212865498327
333,1562605200,337,379,42,716,27,-0.19211209572423235,1.001163103959156
333,1562619600,279,554,275,833,27,2.94646715094912,1.4679292797518784
333,1562634000,97,254,157,351,28,0.7578480718419414,-0.5886006454807756
333,1562648400,15,40,25,55,28,-0.5551237126242221,-1.5365839625706836
333,1562662800,540,290,0,830,28,-0.8037926111973591,0.9454669521072852
333,1562677200,434,318,0,752,28,-0.8037926111973591,0.6956605374687282
333,1562691600,381,461,80,842,28,-0.008052135763320634,0.9838987082055246
333,1562706000,288,642,354,930,28,2.7173589925982613,1.265731586259281
333,1562720400,97,307,210,404,28,1.285026136816992,-0.41886038938021775
333,1562734800,12,62,50,74,28,-0.30645481405108504,-1.4757336820818046
333,1562749200,554,312,0,866,28,-0.8037926111973591,1.0607622204020037
333,1562763600,470,326,0,796,28,-0.8037926111973591,0.8365769764956065
333,1562778000,355,407,52,762,28,-0.2865613021652341,0.7276870008839278
333,1562792400,323,620,297,943,28,2.150393903851509,1.3073659886990405
333,1562806800,101,273,172,374,28,0.9070494109858236,-0.5149397796258165
333,1562821200,13,52,39,65,28,-0.41586912942326537,-1.5045574991554842
333,1562835600,541,268,0,809,28,-0.8037926111973591,0.8782113789353659
333,1562850000,466,336,0,802,28,-0.8037926111973591,0.8557928545447262
333,1562864400,359,422,63,781,28,-0.17714698679305382,0.7885372813728071
333,1562878800,287,602,315,889,28,2.3294355108241676,1.1344230862569626
333,1562893200,77,286,209,363,28,1.2750793808740666,-0.550168889382536
333,1562907600,11,54,43,65,28,-0.3760821056515634,-1.5045574991554842
333,1562922000,479,253,0,732,28,-0.8037926111973591,0.631607610638329
333,1562936400,454,342,0,796,28,-0.8037926111973591,0.8365769764956065
333,1562950800,376,492,116,868,28,0.3500310781819967,1.0671675130850435
333,1562965200,379,587,208,966,28,1.265132624931141,1.3810268545539996
333,1562979600,128,236,108,364,28,0.27045703063859283,-0.5469662430410162
333,1562994000,21,83,62,104,28,-0.18709374273597928,-1.3796542918362056
333,1563008400,89,100,11,189,28,-0.6943782958251788,-1.1074293528070092
333,1563022800,260,247,0,507,28,-0.8037926111973591,-0.08898781620366189
333,1563037200,306,283,0,589,28,-0.8037926111973591,0.1736291838009748
333,1563051600,183,223,40,406,28,-0.4059223734803399,-0.41245509669717784
333,1563066000,5,12,7,17,28,-0.7341653195968808,-1.6582845235484422
333,1563080400,20,75,55,95,28,-0.25672103433645765,-1.4084781089098852
333,1563094800,53,104,51,157,28,-0.2965080581081596,-1.2099140357356477
333,1563109200,212,213,1,425,28,-0.7938458552544336,-0.3516048162082986
333,1563123600,250,249,0,499,28,-0.8037926111973591,-0.11460898693582157
333,1563138000,161,308,147,469,28,0.6583805124126866,-0.21068837718142036
333,1563152400,87,219,132,306,28,0.5091791732688044,-0.7327197308491739
333,1563166800,11,32,21,43,28,-0.5949107363959241,-1.5750157186689233
333,1563181200,513,261,0,774,28,-0.8037926111973591,0.7661187569821674
333,1563195600,412,307,0,719,28,-0.8037926111973591,0.5899732081985696
333,1563210000,329,377,48,706,28,-0.326348325936936,0.5483388057588101
333,1563224400,328,649,321,977,28,2.3891160464817203,1.416255964310719
333,1563238800,109,204,95,313,29,0.31775332781379395,-0.6836241457205966
333,1563253200,13,45,32,58,29,-0.40898943183953673,-1.5132902263030836
333,1563267600,530,251,0,781,29,-0.7781286113459904,0.8390571315837326
333,1563279619,158,266,108,424,29,0.4677161194882908,-0.32247538123174924
333,1563282000,442,312,0,754,29,-0.7781286113459904,0.7512101348161752
333,1563291721,166,223,57,389,29,-0.12059944785011979,-0.4363511177822867
333,1563296400,373,353,0,726,29,-0.7781286113459904,0.6601095455757453
333,1563310800,330,611,281,941,29,2.463374808695056,1.3596319272433324
333,1563325200,99,241,142,340,29,0.8599264977138978,-0.5957771489530391
333,1563339600,9,53,44,62,29,-0.2705622395246166,-1.5002758564115937
333,1563354000,524,284,0,808,29,-0.7781286113459904,0.9269041283512901
333,1563368400,442,319,0,761,29,-0.7781286113459904,0.7739852821262827
333,1563382800,357,397,40,754,29,-0.31670463696292334,0.7512101348161752
333,1563397200,343,667,324,1010,29,2.959405581156853,1.5841298078715347
333,1563411600,88,235,147,323,29,0.9176044945117812,-0.6510882209918716
333,1563426000,11,46,35,57,29,-0.3743826337608067,-1.5165438187759561
333,1563440400,544,273,0,817,29,-0.7781286113459904,0.9561864606071426
333,1563454800,465,323,0,788,29,-0.7781286113459904,0.8618322788938402
333,1563469200,359,373,14,732,29,-0.6166302203119169,0.6796311004129802
333,1563483600,337,664,327,1001,29,2.9940123792355835,1.5548474756156823
333,1563498000,94,247,153,341,29,0.9868180906692412,-0.5925235564801666
333,1563512400,14,44,30,58,29,-0.4320606305586901,-1.5132902263030836
333,1563526800,466,283,0,749,29,-0.7781286113459904,0.7349421724518127
333,1563541200,398,325,0,723,29,-0.7781286113459904,0.6503487681571277
333,1563555600,391,486,95,877,29,0.31775332781379395,1.1514020089794925
333,1563570000,570,573,3,1143,29,-0.7435218132672604,2.016857606763577
333,1563584400,134,244,110,378,29,0.4907873182074441,-0.47214063498388414
333,1563598800,21,96,75,117,29,0.0870413406222604,-1.3213282704036062
333,1563613200,83,86,3,169,29,-0.7435218132672604,-1.1521414618142363
333,1563627600,209,208,0,417,29,-0.7781286113459904,-0.3452505285418567
333,1563642000,252,233,0,485,29,-0.7781286113459904,-0.12400624038652684
333,1563656400,179,252,73,431,29,0.06397014190310704,-0.29970023392164175
333,1563670800,106,221,115,327,29,0.5484653150053275,-0.6380738511003816
333,1563685200,16,69,53,85,29,-0.1667418452884265,-1.4254432295355262
333,1563699600,54,92,38,146,29,-0.33977583568207664,-1.2269740886903038
333,1563714000,243,231,0,474,29,-0.7781286113459904,-0.15979575758812434
333,1563728400,218,253,35,471,29,-0.3743826337608067,-0.1695565350067418
333,1563742800,167,228,61,395,29,-0.07445705041181308,-0.4168295629450517
333,1563757200,60,169,109,229,29,0.47925171884786744,-0.9569259134418864
333,1563771600,12,30,18,42,29,-0.5704878228736102,-1.5653477058690437
333,1563786000,524,268,0,792,29,-0.7781286113459904,0.8748466487853301
333,1563800400,395,301,0,696,29,-0.7781286113459904,0.5625017713895702
333,1563814800,344,431,87,775,29,0.22546853293718053,0.8195355767464977
333,1563829200,297,561,264,858,29,2.267269619582253,1.089583751994915
333,1563843600,114,241,127,355,30,0.6875373269685352,-0.6760900227186514
333,1563858000,11,41,30,52,30,-0.5590256770678744,-1.7425156088760085
333,1563872400,539,275,0,814,30,-0.9445606267698567,0.9393863602721967
333,1563886800,423,308,0,731,30,-0.9445606267698567,0.64726317990566
333,1563901200,341,410,69,751,30,-0.05783024245529735,0.7176543077048254
333,1563915600,307,599,292,906,30,2.807979550329438,1.263185548148358
333,1563930000,117,278,161,395,30,1.1244769366307819,-0.5353077671203204
333,1563944400,8,43,35,51,30,-0.49476985211754404,-1.746035165265967
333,1563958800,523,276,0,799,30,-0.9445606267698567,0.8865930144228226
333,1563973200,440,324,0,764,30,-0.9445606267698567,0.763408540774283
333,1563987600,347,473,126,820,30,0.6746861619784691,0.9605036986119464
333,1564002000,355,611,256,966,30,2.3453376106870594,1.4743589315458545
333,1564016400,141,279,138,420,30,0.8289001418592621,-0.4473188573713635
333,1564030800,22,69,47,91,30,-0.3405558722367511,-1.6052529096676358
333,1564045200,519,269,0,788,30,-0.9445606267698567,0.8478778941332816
333,1564059600,446,323,0,769,30,-0.9445606267698567,0.7810063227240743
333,1564074000,408,413,5,821,30,-0.8803048018195264,0.9640232550019047
333,1564088400,367,613,246,980,30,2.2168259607863985,1.5236327210052703
333,1564102800,155,265,110,420,30,0.4690675221374119,-0.4473188573713635
333,1564117200,18,91,73,109,30,-0.006425582495033039,-1.541900894648387
333,1564131600,450,236,0,686,30,-0.9445606267698567,0.48888314235753755
333,1564146000,471,319,0,790,30,-0.9445606267698567,0.8549170069131982
333,1564160400,383,431,48,814,30,-0.327704707246685,0.9393863602721967
333,1564174800,342,554,212,896,30,1.7798863511241518,1.2279899842487751
333,1564189200,160,279,119,439,30,0.5847280070480065,-0.38044728596215627
333,1564203600,29,121,92,150,30,0.23774655231622244,-1.3975990826600977
333,1564218000,86,89,3,175,30,-0.9060071317996585,-1.3096101729111407
333,1564232400,208,261,53,469,30,-0.2634488822963546,-0.27486059426340803
333,1564246800,315,300,0,615,30,-0.9445606267698567,0.23899463867050005
333,1564261200,278,305,27,583,30,-0.5975791720380726,0.12636883419183528
333,1564275600,120,213,93,333,30,0.25059771730628855,-0.7535202632977334
333,1564290000,26,95,69,121,30,-0.05783024245529735,-1.4996662179688875
333,1564304400,58,155,97,213,30,0.3020023772665528,-1.1758670300927263
333,1564318800,210,330,120,540,30,0.5975791720380726,-0.02497209057637054
333,1564333200,252,268,16,520,30,-0.7389419869287995,-0.09536321837553603
333,1564347600,205,250,45,455,30,-0.3662582022168832,-0.3241343837228239
333,1564362000,115,216,101,331,30,0.35340703722681716,-0.7605593760776499
333,1564376400,19,37,18,56,30,-0.7132396569486673,-1.7284373833161755
333,1564390800,504,227,0,731,30,-0.9445606267698567,0.64726317990566
333,1564405200,430,304,0,734,30,-0.9445606267698567,0.6578218490755348
333,1564419600,311,372,61,683,30,-0.16063956237582597,0.47832447318766275
333,1564434000,322,520,198,842,30,1.5999700412632267,1.0379339391910285
333,1564448400,79,189,110,268,31,0.3191217853644493,-1.050140354415987
333,1564462800,15,36,21,51,31,-0.6032654048093851,-1.7183298432123784
333,1564477200,553,278,0,831,31,-0.8209073260863572,0.6834572593737281
333,1564491600,444,312,0,756,31,-0.8209073260863572,0.4525161918173718
333,1564506000,367,384,17,751,31,-0.6447210088621417,0.437120120646948
333,1564520400,366,657,291,1023,31,2.1949878687516855,1.2746663923180006
333,1564534800,88,214,126,302,31,0.4849442015754757,-0.9454470704571055
333,1564549200,12,37,25,49,31,-0.5618098007566285,-1.7244882716805479
333,1564563600,528,255,0,783,31,-0.8209073260863572,0.5356549761376601
333,1564578000,432,311,0,743,31,-0.8209073260863572,0.41248640677427
333,1564592400,381,452,71,833,31,-0.08507035414992756,0.6896156878418976
333,1564606800,315,647,332,962,31,2.6199078102924407,1.0868343240388307
333,1564621200,70,171,101,241,31,0.22584667624574695,-1.1332791387362755
333,1564635600,12,47,35,59,31,-0.458170790624737,-1.6936961293397002
333,1564650000,510,275,0,785,31,-0.8209073260863572,0.5418134046058296
333,1564664400,452,311,0,763,31,-0.8209073260863572,0.47407069145596503
333,1564678800,361,421,60,782,31,-0.1990732652950082,0.5325757619035754
333,1564693200,315,529,214,844,31,1.3969674907361211,0.7234870444168299
333,1564707600,108,229,121,337,31,0.43312469650952995,-0.8376745722641392
333,1564722000,16,58,42,74,31,-0.3856234835324129,-1.647507915828429
333,1564736400,462,225,0,687,31,-0.8209073260863572,0.2400504096655239
333,1564750800,478,378,0,856,31,-0.8209073260863572,0.760437615225847
333,1564765200,372,464,92,836,31,0.1325715671270446,0.6988533305441519
333,1564779600,379,622,243,1001,31,1.6975206201186064,1.206923679168136
333,1565398800,5164,9641,4477,14805,32,4.109995604045642,4.110151684926396
333,1565413200,19,114,95,133,32,-0.21315391873436063,-0.36871039500726116
333,1565427600,138,119,0,257,32,-0.30687806402511836,-0.33085741668721114
333,1565442000,395,287,0,682,32,-0.30687806402511836,-0.20111938615478173
333,1565456400,423,313,0,736,32,-0.30687806402511836,-0.18463502462830836
333,1565470800,382,335,0,717,32,-0.30687806402511836,-0.19043507775799343
333,1565485200,149,340,191,489,32,-0.1184432034931739,-0.2600357153142144
333,1565499600,24,135,111,159,32,-0.19736879952749617,-0.3607734801982184
333,1565514000,103,172,69,275,32,-0.23880473744551536,-0.32536262951172
333,1565528400,450,451,1,901,32,-0.3058914940746893,-0.13426614218630634
333,1565542800,456,345,0,801,32,-0.30687806402511836,-0.16479273760570148
333,1565557200,271,339,68,610,32,-0.2397913073959444,-0.22309853485674624
333,1565571600,145,292,147,437,32,-0.16185228131205115,-0.27590954493229986
333,1565586000,15,53,38,68,32,-0.26938840590881524,-0.388552682029868
333,1565600400,471,236,0,707,32,-0.30687806402511836,-0.19348773729993293
333,1565614800,405,317,0,722,32,-0.30687806402511836,-0.18890874798702367
333,1565629200,329,429,100,758,32,-0.20822106898221548,-0.17791917363604143
333,1565643600,288,590,302,878,32,-0.008933938995551746,-0.14128725913276724
333,1565658000,89,298,209,387,33,1.352380792497199,-0.7268610208635226
333,1565672400,14,63,49,77,33,-0.44800230587368506,-1.7984223356291447
333,1565683361,227,174,0,401,33,-0.9993696297497683,-0.6784679292289462
333,1565686800,269,229,0,498,33,-0.9993696297497683,-0.3431729371893805
333,1565701200,464,292,0,756,33,-0.9993696297497683,0.5486426086478146
333,1565715600,329,363,34,692,33,-0.6167882213459555,0.32741704688975065
333,1565730000,311,571,260,882,33,1.9262529051029182,0.9841804333590028
333,1565744400,100,297,197,397,33,1.2173520601193826,-0.6922945268388251
333,1565758800,10,44,34,54,33,-0.6167882213459555,-1.8779252718859487
333,1565773200,512,233,0,745,33,-0.9993696297497683,0.5106194652206473
333,1565787600,430,316,0,746,33,-0.9993696297497683,0.5140761146231171
333,1565802000,358,392,34,750,33,-0.6167882213459555,0.527902712232996
333,1565816400,348,548,200,896,33,1.2511092432138367,1.0325735249935792
333,1565830800,99,265,166,364,33,0.8685278348100238,-0.8063639571203268
333,1565845200,21,57,36,78,33,-0.5942834326163194,-1.7949656862266747
333,1565859600,493,251,0,744,33,-0.9993696297497683,0.5071628158181776
333,1565874000,436,317,0,753,33,-0.9993696297497683,0.5382726604404053
333,1565888400,367,449,82,816,33,-0.07667329183469027,0.7560415727959995
333,1565902800,304,530,226,834,33,1.5436714966991054,0.8182612620404549
333,1565917200,115,285,170,400,33,0.913537412269296,-0.6819245786314159
333,1565931600,16,54,38,70,33,-0.5717786438866833,-1.8226188814464328
333,1565946000,501,249,0,750,33,-0.9993696297497683,0.527902712232996
333,1565960400,432,297,0,729,33,-0.9993696297497683,0.4553130747811313
333,1565974800,358,420,62,778,33,-0.30172117913105073,0.624688895502149
333,1565989200,341,477,136,818,33,0.5309560038654831,0.7629548716009389
333,1566003600,137,298,161,435,33,0.8122658629859337,-0.5609418495449747
333,1566018000,23,190,167,213,33,0.8797802291748419,-1.328318016893259
333,1566032400,155,160,5,315,33,-0.9431076579256782,-0.9757397778413445
333,1566046800,441,364,0,805,33,-0.9993696297497683,0.7180184293688322
333,1566061200,535,436,0,971,33,-0.9993696297497683,1.2918222301788105
333,1566075600,362,511,149,873,33,0.6772371306081174,0.9530705887367751
333,1566090000,179,358,179,537,33,1.014808961552658,-0.20836361049306035
333,1566104400,26,162,136,188,33,0.5309560038654831,-1.4147342519550026
333,1566118800,112,247,135,359,33,0.5197036095006651,-0.8236472041326756
333,1566133200,566,701,135,1267,33,0.5197036095006651,2.3149904533098558
333,1566147600,567,447,0,1014,33,-0.9993696297497683,1.4404581544850097
333,1566162000,269,498,229,767,33,1.5774286797935595,0.5866657520749817
333,1566176400,105,327,222,432,33,1.4986619192398334,-0.5713117977523839
333,1566190800,21,124,103,145,33,0.15962698982648826,-1.5633701762612018
333,1566205200,465,227,0,692,33,-0.9993696297497683,0.32741704688975065
333,1566219600,445,257,0,702,33,-0.9993696297497683,0.3619835409144481
333,1566234000,354,358,4,712,33,-0.9543600522904963,0.3965500349391456
333,1566248400,290,551,261,841,33,1.9375052994677364,0.8424578078577432
333,1566262800,91,257,166,348,34,0.9392559778168426,-0.880212291154059
333,1566277200,14,51,37,65,34,-0.5513383068380059,-1.8308895553664302
333,1566291600,499,235,0,734,34,-0.9788731016614896,0.4164711858281859
333,1566306000,438,285,0,723,34,-0.9788731016614896,0.379519066017811
333,1566320400,350,406,56,756,34,-0.33179341219891967,0.4903754254489356
333,1566334800,302,583,281,885,34,2.268080340106048,0.9237230123160588
333,1566349200,110,278,168,388,34,0.96236596672622,-0.7458409463890595
333,1566363600,16,55,39,71,34,-0.5282283179286283,-1.8107338536516802
333,1566378000,509,238,0,747,34,-0.9788731016614896,0.4601418728768107
333,1566392400,438,294,0,732,34,-0.9788731016614896,0.4097526185899359
333,1566406800,329,401,72,730,34,-0.1469135009238997,0.4030340513516859
333,1566421200,302,507,205,809,34,1.3899007615497037,0.6684174572625599
333,1566435600,101,259,158,360,34,0.8468160221793325,-0.8399008877245592
333,1566450000,20,49,29,69,34,-0.6437782624755158,-1.8174524208899303
333,1566464400,497,264,0,761,34,-0.9788731016614896,0.5071718435445605
333,1566478800,431,295,0,726,34,-0.9788731016614896,0.38959691687518594
333,1566493200,337,375,38,712,34,-0.5397833123833171,0.34256694620743616
333,1566507600,330,538,208,868,34,1.4245657449137699,0.8666151907909341
333,1566522000,112,270,158,382,34,0.8468160221793325,-0.7659966481038094
333,1566536400,20,45,25,65,34,-0.6899982402942708,-1.8308895553664302
333,1566550800,420,253,0,673,34,-0.9788731016614896,0.21155488506156167
333,1566565200,470,309,0,779,34,-0.9788731016614896,0.5676389486888103
333,1566579600,382,395,13,777,34,-0.8286581737505357,0.5609203814505603
333,1566594000,320,451,131,771,34,0.5348311719027363,0.5407646797358103
333,1566608400,145,366,221,511,34,1.5747806728247233,-0.33264906123668614
333,1566622800,28,148,120,176,34,0.40772623290116017,-1.4580090736435567
333,1566637200,182,148,0,330,34,-0.9788731016614896,-0.9406793962983088
333,1566651600,453,429,0,882,34,-0.9788731016614896,0.9136451614586839
333,1566666000,558,509,0,1067,34,-0.9788731016614896,1.5351126309968064
333,1566680400,415,512,97,927,34,0.14196136044331897,1.0648129243193083
333,1566694800,162,401,239,563,34,1.7827705730091208,-0.15796631304218686
333,1566709200,36,160,124,196,34,0.45394621071991514,-1.390823401261057
333,1566723600,128,277,149,405,34,0.7428210720871338,-0.6887331248639348
333,1566738000,530,686,156,1216,34,0.8237060332699551,2.0356458902464296
333,1566752400,615,486,0,1101,34,-0.9788731016614896,1.6493282740470558
333,1566766800,337,501,164,838,34,0.916145988907465,0.7658366822171845
333,1566781200,103,319,216,422,34,1.5170057005512796,-0.63162530333881
333,1566795600,24,81,57,105,34,-0.3202384177442309,-1.6965182106014307
333,1566810000,476,270,0,746,34,-0.9788731016614896,0.4567825892576857
333,1566824400,406,280,0,686,34,-0.9788731016614896,0.2552255721101865
333,1566838800,347,364,17,711,34,-0.7824381959317808,0.33920766258831114
333,1566853200,297,511,214,808,34,1.4938957116419023,0.6650581736434349
333,1566867600,93,225,132,318,35,0.5939817764897155,-0.8177223830470085
333,1566882000,15,55,40,70,35,-0.578206979565576,-1.7319985038947585
333,1566896400,491,288,0,779,35,-1.087854264807007,0.8817989544965913
333,1566910800,435,331,0,766,35,-1.087854264807007,0.8338731900973141
333,1566925200,318,393,75,711,35,-0.13226560497932377,0.6311103407157566
333,1566939600,321,554,233,875,35,1.880841171724329,1.235712291598946
333,1566954000,94,241,147,335,35,0.7850995084552522,-0.7550502296017998
333,1566968400,12,44,32,56,35,-0.6801364366138622,-1.7836108655555185
333,1566982800,517,276,0,793,35,-1.087854264807007,0.9334113161573513
333,1566997200,444,304,0,748,35,-1.087854264807007,0.7675144393906225
333,1567011600,382,369,0,751,35,-1.087854264807007,0.7785742311750711
333,1567026000,343,496,153,839,35,0.8615466012414669,1.102994790185563
333,1567040400,104,215,111,319,35,0.3264169517379642,-0.8140357857855256
333,1567054800,11,58,47,69,35,-0.48901870464832553,-1.7356851011562413
333,1567069200,542,262,0,804,35,-1.087854264807007,0.9739638860336628
333,1567083600,469,308,0,777,35,-1.087854264807007,0.8744257599736256
333,1567098000,345,390,45,735,35,-0.514501068910397,0.7195886749913453
333,1567112400,350,574,224,924,35,1.766170532545007,1.4163555574116065
333,1567126800,113,224,111,337,35,0.3264169517379642,-0.7476770350788341
333,1567141200,15,58,43,73,35,-0.5399834331724687,-1.72093871211031
333,1567155600,406,258,0,664,35,-1.087854264807007,0.45784026942606204
333,1567170000,466,341,0,807,35,-1.087854264807007,0.9850236778181114
333,1567184400,404,451,47,855,35,-0.48901870464832553,1.1619803463692888
333,1567198800,320,431,111,751,35,0.3264169517379642,0.7785742311750711
333,1567213200,124,336,212,460,35,1.6132763469725777,-0.294225571916442
333,1567227600,22,149,127,171,35,0.5302758658345367,-1.3596521804849893
333,1567242000,119,152,33,271,35,-0.6673952544828264,-0.990992454336703
333,1567256400,329,300,0,629,35,-1.087854264807007,0.3288093652741618
333,1567270800,336,432,96,768,35,0.13529921977242756,0.8412463846202798
333,1567285200,258,458,200,716,35,1.4603821614001484,0.6495433270231709
333,1567299600,136,418,282,554,35,2.505159096145082,0.05231457066294713
333,1567314000,19,110,91,129,35,0.07159330911724868,-1.5144892654672695
333,1567328400,92,162,70,254,35,-0.19597151563450266,-1.0536646077819116
333,1567342800,341,466,125,807,35,0.504793501572465,0.9850236778181114
333,1567357200,386,344,0,730,35,-1.087854264807007,0.701155688683931
333,1567371600,218,389,171,607,35,1.090887879600111,0.24770422552153887
333,1567386000,109,318,209,427,35,1.5750528005794704,-0.41588328154537646
333,1567400400,12,95,83,107,35,-0.030336147931037546,-1.5955944052198925
333,1567414800,82,141,59,223,35,-0.3361245190758962,-1.1679491228878804
333,1567429200,262,234,0,496,35,-1.087854264807007,-0.1615080705030589
333,1567443600,270,369,99,639,35,0.1735227661655349,0.3656753378889905
333,1567458000,175,353,178,528,35,1.1800761545173613,-0.043536958135607304
333,1567472400,73,275,202,348,36,2.3843128080122207,-0.6551009345324847
333,1567486800,15,60,45,75,36,-0.13647581729362881,-1.4661782820488944
333,1567501200,511,283,0,794,36,-0.8589948500246049,0.6699558310071443
333,1567515600,439,299,0,738,36,-0.8589948500246049,0.5035809904909577
333,1567530000,361,398,37,759,36,-0.2649236453346912,0.5659715556845277
333,1567544400,360,495,135,855,36,1.3085622481683232,0.8511855679979904
333,1567558800,96,209,113,305,36,0.9553307210554016,-0.7828530442145567
333,1567573200,21,53,32,74,36,-0.3452035378603552,-1.4691492613438264
333,1567587600,574,272,0,846,36,-0.8589948500246049,0.8244467543436033
333,1567602000,454,303,0,757,36,-0.8589948500246049,0.5600295970946638
333,1567616400,406,389,0,795,36,-0.8589948500246049,0.6729268103020762
333,1567630800,355,506,151,861,36,1.565457904250448,0.8690114437675819
333,1567645200,102,264,162,366,36,1.7420736678069089,-0.6016233072237105
333,1567659600,16,56,40,72,36,-0.2167557098192928,-1.4750912199336903
333,1567674000,641,335,0,976,36,-0.8589948500246049,1.2106740626847508
333,1567688400,494,325,0,819,36,-0.8589948500246049,0.7442303133804419
333,1567702800,369,457,88,826,36,0.5539312584270816,0.7650271684449652
333,1567717200,366,521,155,887,36,1.6296818182709791,0.9462569054358113
333,1567731600,119,257,138,376,36,1.3567301836837216,-0.5719135142743915
333,1567746000,20,74,54,94,36,0.0080279892525664,-1.4097296754451885
333,1567760400,633,342,0,975,36,-0.8589948500246049,1.2077030833898188
333,1567774800,448,303,0,751,36,-0.8589948500246049,0.5422037213250724
333,1567789200,388,434,46,822,36,-0.120419838788496,0.7531432512652376
333,1567803600,368,521,153,889,36,1.5975698612607137,0.9521988640256752
333,1567818000,146,213,67,359,36,0.2167557098192928,-0.6224201622882338
333,1567832400,22,81,59,103,36,0.0883078817782304,-1.382990861790801
333,1567846800,109,71,0,180,36,-0.8589948500246049,-1.1542254560810445
333,1567861200,323,229,0,552,36,-0.8589948500246049,-0.04902115836637641
333,1567875600,317,273,0,590,36,-0.8589948500246049,0.06387605484103594
333,1567890000,247,231,0,478,36,-0.8589948500246049,-0.2688736261913373
333,1567904400,105,203,98,308,36,0.7144910434784096,-0.773940106329761
333,1567918800,23,93,70,116,36,0.2649236453346912,-1.3443681309566864
333,1567933200,96,104,8,200,36,-0.7305470219835424,-1.0948058701824066
333,1567947600,324,271,0,595,36,-0.8589948500246049,0.07873095131569545
333,1567962000,326,251,0,577,36,-0.8589948500246049,0.025253324006921183
333,1567976400,200,229,29,429,36,-0.3933714733757536,-0.4144516116430006
333,1567990800,66,184,118,250,36,1.0356106135810657,-0.9462569054358113
333,1568005200,13,39,26,52,36,-0.441539408891152,-1.5345108058323282
333,1568019600,621,354,0,975,36,-0.8589948500246049,1.2077030833898188
333,1568034000,416,292,0,708,36,-0.8589948500246049,0.4144516116430006
333,1568048400,393,418,25,811,36,-0.4575953873962848,0.7204624790209867
333,1568062800,669,865,196,1534,36,2.287976936981424,2.868480509256753
333,1568077200,93,237,144,330,37,1.083202250740283,-0.7588146699220948
333,1568091600,13,44,31,57,37,-0.3229459664406204,-1.571420348947661
333,1568106000,673,371,0,1044,37,-0.7087034419504257,1.3664617213755401
333,1568120400,501,294,0,795,37,-0.7087034419504257,0.6252939042423313
333,1568134800,388,401,13,789,37,-0.546934178026959,0.607434438769242
333,1568149200,327,566,239,893,37,2.2653622563348477,0.9169985069694576
333,1568163600,92,202,110,294,37,0.6601134066327545,-0.865971462760631
333,1568178000,13,48,35,61,37,-0.2731708083103229,-1.5595140386322681
333,1568192400,702,321,0,1023,37,-0.7087034419504257,1.3039535922197274
333,1568206800,462,293,0,755,37,-0.7087034419504257,0.5062308010884021
333,1568221200,387,393,6,780,37,-0.6340407047549795,0.5806452405596079
333,1568235600,375,604,229,979,37,2.140924361009104,1.1729841787504052
333,1568250000,105,233,128,338,37,0.884101618219093,-0.735002049291309
333,1568264400,19,51,32,70,37,-0.31050217690804605,-1.5327248404226341
333,1568278800,653,329,0,982,37,-0.7087034419504257,1.18191391148695
333,1568293200,722,312,0,1034,37,-0.7087034419504257,1.3366959455870577
333,1568307600,522,396,0,918,37,-0.7087034419504257,0.9914129464406634
333,1568322000,338,644,306,982,37,3.09909615501733,1.18191391148695
333,1568336400,80,229,149,309,37,1.1454211984031548,-0.8213227990779076
333,1568350800,13,49,36,62,37,-0.26072701877774856,-1.55653746105342
333,1568365200,627,351,0,978,37,-0.7087034419504257,1.170007601171557
333,1568379600,467,307,0,774,37,-0.7087034419504257,0.5627857750865185
333,1568394000,407,427,20,834,37,-0.45982765129893843,0.7413804298174121
333,1568408400,403,501,98,904,37,0.5107879322418621,0.9497408603367882
333,1568422800,123,277,154,400,37,1.2076401460660267,-0.5504542394027188
333,1568437200,25,76,51,101,37,-0.07407017578913308,-1.440450935478339
333,1568451600,110,98,0,208,37,-0.7087034419504257,-1.1219571345415786
333,1568466000,338,219,0,557,37,-0.7087034419504257,-0.08313155952354699
333,1568480400,332,303,0,635,37,-0.7087034419504257,0.1490414916266148
333,1568494800,262,260,0,522,37,-0.7087034419504257,-0.18731177478323496
333,1568509200,111,200,89,311,37,0.3987938264486928,-0.815369643920211
333,1568523600,24,77,53,101,37,-0.049182596723984354,-1.440450935478339
333,1568538000,83,118,35,201,37,-0.2731708083103229,-1.1427931775935163
333,1568552400,346,326,0,672,37,-0.7087034419504257,0.25917486204399925
333,1568566800,380,312,0,692,37,-0.7087034419504257,0.3187064136209638
333,1568581200,232,303,71,535,37,0.1748056148623542,-0.148616266258208
333,1568595600,92,168,76,260,37,0.23702456252522605,-0.9671751004414707
333,1568610000,14,33,19,47,37,-0.4722714408315128,-1.6011861247361434
333,1568624400,652,313,0,965,37,-0.7087034419504257,1.13131209264653
333,1568638800,415,310,0,725,37,-0.7087034419504257,0.4169334737229553
333,1568653200,387,393,6,780,37,-0.6340407047549795,0.5806452405596079
333,1568667600,304,566,262,870,37,2.551569415584058,0.8485372226559484
333,1568682000,83,217,134,300,38,1.3392988893245312,-0.7682117429790686
333,1568696400,13,57,44,70,38,-0.07221709697338155,-1.4855768773443774
333,1568705789,72,67,0,139,38,-0.7622915791634723,-1.2703673370347848
333,1568710800,654,364,0,1018,38,-0.7622915791634723,1.471215067778722
333,1568725200,436,291,0,727,38,-0.7622915791634723,0.5635922238643528
333,1568739600,364,397,33,761,38,-0.24473571752090426,0.6696375045966159
333,1568754000,328,485,157,813,38,1.7000196413784425,0.831824404540077
333,1568768400,85,227,142,312,38,1.464766976995457,-0.7307839968382699
333,1568782800,13,30,17,43,38,-0.4956718928627555,-1.5697893061611745
333,1568797200,661,299,0,960,38,-0.7622915791634723,1.2903142947648614
333,1568811600,480,325,0,805,38,-0.7622915791634723,0.8068725737795445
333,1568826000,364,408,44,772,38,-0.07221709697338155,0.703946271892348
333,1568840400,327,559,232,886,38,2.8762829632933697,1.059509860229936
333,1568854800,93,272,179,365,38,2.045056882473488,-0.5654781180497421
333,1568869200,11,34,23,45,38,-0.40157082710956127,-1.5635513484710415
333,1568883600,683,320,0,1003,38,-0.7622915791634723,1.4244303851027236
333,1568898000,488,299,0,787,38,-0.7622915791634723,0.7507309545683464
333,1568912400,429,407,0,836,38,-0.7622915791634723,0.9035609179766079
333,1568926800,356,510,154,866,38,1.6529691085018454,0.9971302833286046
333,1568941200,102,244,142,346,38,1.464766976995457,-0.6247387161060067
333,1568955600,14,36,22,50,38,-0.41725433806842693,-1.5479564542457087
333,1568970000,575,313,0,888,38,-0.7622915791634723,1.065747817920069
333,1568984400,456,289,0,745,38,-0.7622915791634723,0.6197338430755509
333,1568998800,408,424,16,832,38,-0.5113554038216211,0.8910850025963416
333,1569013200,406,547,141,953,38,1.4490834660365912,1.2684814428493953
333,1569027600,123,234,111,357,38,0.9785781372706204,-0.5904299488102747
333,1569042000,24,73,49,97,38,0.006200457820946944,-1.4013644485275805
333,1569056400,114,108,0,222,38,-0.7622915791634723,-1.0114920928942603
333,1569070800,332,204,0,536,38,-0.7622915791634723,-0.03213273554336029
333,1569085200,332,318,0,650,38,-0.7622915791634723,0.3234308527942276
333,1569099600,280,285,5,565,38,-0.6838740243691439,0.058317650963569966
333,1569114000,117,185,68,302,38,0.3041871660393952,-0.7619737852889354
333,1569128400,24,83,59,107,38,0.16303556740960395,-1.3701746600769147
333,1569142800,93,109,16,202,38,-0.5113554038216211,-1.0738716697955915
333,1569157200,315,258,0,573,38,-0.7622915791634723,0.08326948172410245
333,1569171600,316,269,0,585,38,-0.7622915791634723,0.12069722786490118
333,1569186000,195,266,71,461,38,0.3512376989159923,-0.26605614892335233
333,1569200400,68,102,34,170,38,-0.22905220656203856,-1.1736789928377214
333,1569214800,16,40,24,56,38,-0.38588731615069555,-1.5292425811753094
333,1569229200,654,312,0,966,38,-0.7622915791634723,1.3090281678352607
333,1569243600,420,297,0,717,38,-0.7622915791634723,0.5324024354136871
333,1569258000,378,385,7,763,38,-0.6525070024514125,0.675875462286749
333,1569272400,337,503,166,840,38,1.8411712400082336,0.9160368333568741
333,1569286800,87,245,158,332,39,1.5556664708458094,-0.6990798263660216
333,1569301200,15,23,8,38,39,-0.6417996202592577,-1.6252855877359393
333,1569315600,659,334,0,993,39,-0.7589978117848613,1.3833079568500182
333,1569330000,463,318,0,781,39,-0.7589978117848613,0.7154316935492611
333,1569344400,433,376,0,809,39,-0.7589978117848613,0.8036417660606818
333,1569358800,367,561,194,928,39,2.0830583327110257,1.17853457423422
333,1569373200,91,249,158,340,39,1.5556664708458094,-0.6738769485056156
333,1569387600,15,47,32,62,39,-0.290205045682447,-1.5496769541547217
333,1569402000,670,314,0,984,39,-0.7589978117848613,1.3549547192570615
333,1569416400,505,325,0,830,39,-0.7589978117848613,0.8697993204442473
333,1569430800,388,444,56,832,39,0.06138952889436377,0.8761000399093488
333,1569445200,398,526,128,924,39,1.116173252624796,1.165933135304017
333,1569459600,90,209,119,299,39,0.9843252871584919,-0.803041697540196
333,1569474000,14,34,20,48,39,-0.4660023329708523,-1.593781990410432
333,1569488400,623,357,0,980,39,-0.7589978117848613,1.3423532803268585
333,1569502800,468,313,0,781,39,-0.7589978117848613,0.7154316935492611
333,1569517200,448,403,0,851,39,-0.7589978117848613,0.9359568748278129
333,1569531600,357,583,226,940,39,2.55185109881344,1.2163388910248287
333,1569546000,105,245,140,350,39,1.2919705399132013,-0.6423733511801083
333,1569560400,14,59,45,73,39,-0.09975798445334115,-1.5150229970966635
333,1569574800,627,325,0,952,39,-0.7589978117848613,1.2541432078154378
333,1569589200,502,323,0,825,39,-0.7589978117848613,0.8540475217814937
333,1569603600,394,391,0,785,39,-0.7589978117848613,0.728033132479464
333,1569618000,380,477,97,857,39,0.6620302604630821,0.9548590332231174
333,1569632400,121,211,90,332,39,0.5594818428781789,-0.6990798263660216
333,1569646800,24,73,49,97,39,-0.04115888869053936,-1.4394143635154457
333,1569661200,132,102,0,234,39,-0.7589978117848613,-1.0078150801559942
333,1569675600,294,202,0,496,39,-0.7589978117848613,-0.18242083022770011
333,1569690000,333,258,0,591,39,-0.7589978117848613,0.11686334436462027
333,1569704400,257,251,0,508,39,-0.7589978117848613,-0.14461651343709123
333,1569718800,119,203,84,322,39,0.4715831992339763,-0.7305834236915291
333,1569733200,22,101,79,123,39,0.39833432953047404,-1.3575050104691264
333,1569747600,70,114,44,184,39,-0.1144077583940416,-1.1653330667835313
333,1569762000,284,252,0,536,39,-0.7589978117848613,-0.05640644092567047
333,1569776400,321,247,0,568,39,-0.7589978117848613,0.04440507051595323
333,1569790800,182,257,75,439,39,0.3397352337676723,-0.3619913349830923
333,1569805200,86,146,60,232,39,0.11998862465716556,-1.0141157996210957
333,1569819600,15,38,23,53,39,-0.422053011148751,-1.5780301917476782
333,1569834000,463,270,0,733,39,-0.7589978117848613,0.5642144263868255
333,1569848400,397,274,0,671,39,-0.7589978117848613,0.3688921229686795
333,1569862800,343,375,32,718,39,-0.290205045682447,0.5169590303985644
333,1569877200,287,546,259,833,39,3.0352936388565546,0.8792503996418995
333,1569891600,82,213,131,295,40,0.9903150565641343,-0.796914667204149
333,1569906000,17,48,31,65,40,-0.28617017821577495,-1.5286467309539433
333,1569920400,515,243,0,758,40,-0.6818806009975468,0.6760937915617411
333,1569934800,425,335,0,760,40,-0.6818806009975468,0.6824566790726089
333,1569949200,365,342,0,707,40,-0.6818806009975468,0.5138401600346129
333,1569963600,302,601,299,903,40,3.1348102509943816,1.1374031360996548
333,1569978000,95,225,130,320,40,0.9775502042163352,-0.7173785733183019
333,1569992400,16,31,15,47,40,-0.4904078157805604,-1.5859127185517532
333,1570006800,671,335,0,1006,40,-0.6818806009975468,1.4650918429093454
333,1570021200,474,302,0,776,40,-0.6818806009975468,0.7333597791595511
333,1570035600,382,379,0,761,40,-0.6818806009975468,0.6856381228280428
333,1570050000,349,531,182,880,40,1.641322526301888,1.0642299297246756
333,1570064400,83,233,150,316,40,1.232847251172317,-0.7301043483400375
333,1570078800,15,43,28,58,40,-0.32446473525917224,-1.5509168372419806
333,1570093200,618,320,0,938,40,-0.6818806009975468,1.248753667539841
333,1570107600,451,291,0,742,40,-0.6818806009975468,0.6251906914747989
333,1570110524,70,52,0,122,40,-0.6818806009975468,-1.3473044368942118
333,1570122000,354,376,22,730,40,-0.4010538493459668,0.5870133664095922
333,1570136400,335,590,255,925,40,2.573156747691222,1.2073948987192005
333,1570150800,97,320,223,417,40,2.164681472561651,-0.4087785290412147
333,1570165200,12,59,47,71,40,-0.08193254065098948,-1.5095580684213399
333,1570179600,563,332,0,895,40,-0.6818806009975468,1.1119515860561837
333,1570194000,464,297,0,761,40,-0.6818806009975468,0.6856381228280428
333,1570208400,480,407,0,887,40,-0.6818806009975468,1.0865000360127126
333,1570222800,389,501,112,890,40,0.7477828619559515,1.0960443672790143
333,1570237200,128,257,129,385,40,0.9647853518685362,-0.5105847292150991
333,1570251600,27,59,32,86,40,-0.2734053258679759,-1.4618364120898317
333,1570266000,112,105,0,217,40,-0.6818806009975468,-1.0450672801279923
333,1570280400,331,242,0,573,40,-0.6818806009975468,0.08752669680647185
333,1570294800,382,322,0,704,40,-0.6818806009975468,0.5042958287683111
333,1570309200,296,264,0,560,40,-0.6818806009975468,0.046167927985831296
333,1570323600,119,202,83,321,40,0.3776021438697778,-0.714197129562868
333,1570338000,24,82,58,106,40,0.05848083517480053,-1.398207536981154
333,1570352400,76,105,29,181,40,-0.3116998829113731,-1.1595992553236123
333,1570366800,332,242,0,574,40,-0.6818806009975468,0.09070814056190574
333,1570381200,376,227,0,603,40,-0.6818806009975468,0.1829700094694885
333,1570395600,200,216,16,416,40,-0.47764296343276136,-0.4119599727966486
333,1570410000,83,158,75,241,40,0.2754833250873851,-0.968712629997579
333,1570424400,13,41,28,54,40,-0.32446473525917224,-1.5636426122637161
333,1570438800,637,301,0,938,40,-0.6818806009975468,1.248753667539841
333,1570453200,455,306,0,761,40,-0.6818806009975468,0.6856381228280428
333,1570467600,382,405,23,787,40,-0.3882889969981677,0.7683556604693239
333,1570482000,360,559,199,919,40,1.8583250162144727,1.188306236186597
333,1570496400,67,202,135,269,41,1.4782628687927304,-0.855704056779423
333,1570510800,16,55,39,71,41,-0.13003607534442252,-1.511559811265845
333,1570525200,612,331,0,943,41,-0.7834075214001409,1.3768554307147616
333,1570539600,442,284,0,726,41,-0.7834075214001409,0.6580640230200463
333,1570554000,374,396,22,770,41,-0.41483901336871004,0.8038097462392513
333,1570568400,361,514,153,875,41,1.7798189208184465,1.1516120402850811
333,1570582800,88,202,114,290,41,1.1264474747627282,-0.786143597970257
333,1570597200,15,44,29,59,41,-0.2975672153587093,-1.5513086448710829
333,1570611600,450,292,0,742,41,-0.7834075214001409,0.71106246782703
333,1570626000,477,322,0,799,41,-0.7834075214001409,0.899869427451909
333,1570640400,330,374,44,704,41,-0.04627050533727915,0.5851911614104439
333,1570654800,308,541,233,849,41,3.1200680409327406,1.0654895674737328
333,1570669200,98,220,122,318,41,1.2604723867741576,-0.6933963195580357
333,1570683600,19,41,22,60,41,-0.41483901336871004,-1.5479962420706463
333,1570698000,624,295,0,919,41,-0.7834075214001409,1.297357763504286
333,1570712400,518,309,0,827,41,-0.7834075214001409,0.9926167058641304
333,1570726800,389,409,20,798,41,-0.4483452413715674,0.8965570246514726
333,1570741200,387,545,158,932,41,1.8635844908255899,1.3404189999099603
333,1570755600,87,199,112,286,41,1.0929412467598707,-0.7993932091720028
333,1570770000,15,60,45,75,41,-0.02951739133585048,-1.4983102000640993
333,1570784400,582,344,0,926,41,-0.7834075214001409,1.3205445831073415
333,1570798800,462,294,0,756,41,-0.7834075214001409,0.7574361070331406
333,1570813200,426,415,0,841,41,-0.7834075214001409,1.0389903450702411
333,1570827600,434,534,100,968,41,0.8919038787427267,1.4596655007256734
333,1570842000,135,205,70,340,41,0.3893104586998664,-0.6205234579484332
333,1570856400,26,32,6,58,41,-0.6828888373915688,-1.5546210476715192
333,1570870800,102,89,0,191,41,-0.7834075214001409,-1.1140714752134682
333,1570885200,322,245,0,567,41,-0.7834075214001409,0.13139197775064673
333,1570899600,314,245,0,559,41,-0.7834075214001409,0.10489275534715493
333,1570914000,256,244,0,500,41,-0.7834075214001409,-0.09053900987859713
333,1570928400,106,207,101,313,41,0.9086569927441553,-0.7099583335602181
333,1570942800,26,63,37,89,41,-0.16354230334727987,-1.4519365608579886
333,1570957200,74,116,42,190,41,-0.0797767333401365,-1.1173838780139045
333,1570971600,318,237,0,555,41,-0.7834075214001409,0.09164314414540903
333,1570986000,364,233,0,597,41,-0.7834075214001409,0.230764061763741
333,1571000400,211,251,40,462,41,-0.11328296134299386,-0.2164103162951832
333,1571014800,63,168,105,231,41,0.97566944874987,-0.981575363196009
333,1571029200,17,46,29,63,41,-0.2975672153587093,-1.538059033669337
333,1571043600,341,214,0,555,41,-0.7834075214001409,0.09164314414540903
333,1571058000,407,242,0,649,41,-0.7834075214001409,0.40300900738643775
333,1571072400,347,358,11,705,41,-0.5991232673844255,0.5885035642108803
333,1571086800,273,448,175,721,41,2.1483874288498774,0.6415020090178639
333,1571101200,77,204,127,281,42,1.3432765414582792,-0.8594644641557809
333,1571115600,16,41,25,57,42,-0.3051327119382456,-1.5622144796935513
333,1571130000,635,368,0,1003,42,-0.7091545877707272,1.405649425211497
333,1571144400,445,297,0,742,42,-0.7091545877707272,0.5868201660357912
333,1571158800,384,379,0,763,42,-0.7091545877707272,0.6527029799924573
333,1571173200,354,540,186,894,42,2.2967681684229357,1.0636862480078497
333,1571187600,83,175,92,258,42,0.7776459152928051,-0.9316218318226056
333,1571202000,23,39,16,62,42,-0.450580587237939,-1.5465280954181548
333,1571216400,660,277,0,937,42,-0.7091545877707272,1.198589152776261
333,1571230800,466,294,0,760,42,-0.7091545877707272,0.6432911494272193
333,1571245200,387,385,0,772,42,-0.7091545877707272,0.6809384716881712
333,1571259600,321,517,196,838,42,2.4583769187559286,0.8879987441234072
333,1571274000,73,221,148,294,42,1.6826549171575638,-0.8186798650397497
333,1571288400,14,40,26,54,42,-0.2889718369049463,-1.5716263102587895
333,1571302800,675,292,0,967,42,-0.7091545877707272,1.292707458428641
333,1571317200,484,269,0,753,42,-0.7091545877707272,0.6213302114416639
333,1571331600,405,388,0,793,42,-0.7091545877707272,0.7468212856448372
333,1571346000,394,556,162,950,42,1.9089071676237537,1.2393737518922925
333,1571360400,110,189,79,299,42,0.5675545398599147,-0.802993480764353
333,1571374800,14,51,37,65,42,-0.11120221153865444,-1.5371162648529169
333,1571389200,591,301,0,892,42,-0.7091545877707272,1.0574116942976912
333,1571403600,495,325,0,820,42,-0.7091545877707272,0.8315277607319792
333,1571418000,412,383,0,795,42,-0.7091545877707272,0.7530958393549959
333,1571432400,362,508,146,870,42,1.6503331670909653,0.9883916034859458
333,1571446800,134,203,69,337,42,0.405945789526922,-0.6837769602713384
333,1571461200,30,64,34,94,42,-0.15968483663855224,-1.4461352360556161
333,1571475600,126,114,0,240,42,-0.7091545877707272,-0.9880928152140336
333,1571490000,343,220,0,563,42,-0.7091545877707272,0.025247608976590785
333,1571504400,363,283,0,646,42,-0.7091545877707272,0.28564158794817535
333,1571518800,296,283,0,579,42,-0.7091545877707272,0.0754440386578601
333,1571533200,124,224,100,348,42,0.9069329155591992,-0.6492669148654657
333,1571547600,21,80,59,101,42,0.24433703919392938,-1.4241742980700607
333,1571562000,107,95,0,202,42,-0.7091545877707272,-1.1073093357070483
333,1571576400,372,278,0,650,42,-0.7091545877707272,0.2981906953684927
333,1571590800,391,235,0,626,42,-0.7091545877707272,0.22289605084658873
333,1571605200,174,218,44,392,42,0.0019239136944404105,-0.5112267332419751
333,1571619600,57,136,79,193,42,0.5675545398599147,-1.1355448274027622
333,1571634000,16,41,25,57,42,-0.3051327119382456,-1.5622144796935513
333,1571648400,632,328,0,960,42,-0.7091545877707272,1.2707465204430857
333,1571662800,456,277,0,733,42,-0.7091545877707272,0.5585846743400773
333,1571677200,406,383,0,789,42,-0.7091545877707272,0.73427217822452
333,1571691600,343,536,193,879,42,2.4098942936560306,1.0166270951816598
333,1571706000,77,201,124,278,43,1.4269703762968802,-0.8723093521401751
333,1571720400,11,26,15,37,43,-0.5034877746153886,-1.631249979814479
333,1571734800,627,330,0,957,43,-0.7691471531812972,1.265950756535561
333,1571749200,481,241,0,722,43,-0.7691471531812972,0.5259049162722356
333,1571763600,371,423,52,794,43,0.15180535918051916,0.7526423652039778
333,1571778000,336,540,204,876,43,2.843820395315059,1.010871126487351
333,1571792400,87,245,158,332,43,2.029131634379606,-0.7022562654413684
333,1571806800,13,47,34,60,43,-0.16698589509857115,-1.558819961405728
333,1571821200,652,336,0,988,43,-0.7691471531812972,1.3635738248256166
333,1571835600,503,289,0,792,43,-0.7691471531812972,0.7463441027336516
333,1571850000,390,371,0,761,43,-0.7691471531812972,0.648721034443596
333,1571864400,359,451,92,810,43,0.8602303686896087,0.8030284649665872
333,1571878800,90,196,106,286,43,1.10817912201779,-0.8471163022588705
333,1571893200,14,42,28,56,43,-0.27324964652493455,-1.5714164863463804
333,1571907600,636,325,0,961,43,-0.7691471531812972,1.2785472814762133
333,1571922000,510,301,0,811,43,-0.7691471531812972,0.8061775962017503
333,1571936400,417,420,3,837,43,-0.7160152774681156,0.8880550083159905
333,1571950800,356,502,146,858,43,1.8166041315268795,0.9541867642544154
333,1571965200,88,232,144,320,43,1.781182881051425,-0.7400458402633254
333,1571979600,19,38,19,57,43,-0.4326452736644797,-1.5682673551112174
333,1571994000,557,342,0,899,43,-0.7691471531812972,1.0833011448961019
333,1572008400,460,279,0,739,43,-0.7691471531812972,0.579440147270008
333,1572022800,429,418,0,847,43,-0.7691471531812972,0.9195463206676214
333,1572037200,383,506,123,889,43,1.409259751059153,1.0518098325444711
333,1572051600,141,213,72,354,43,0.5060178639350639,-0.6329753782677805
333,1572066000,31,77,46,108,43,0.045541607754155715,-1.4076616621179
333,1572080400,128,99,0,227,43,-0.7691471531812972,-1.0329150451334925
333,1572094800,359,255,0,614,43,-0.7691471531812972,0.18579874287462214
333,1572109200,336,242,0,578,43,-0.7691471531812972,0.072430018408751
333,1572123600,292,285,0,577,43,-0.7691471531812972,0.06928088717358792
333,1572138000,138,208,70,346,43,0.4705966134596094,-0.6581684281490852
333,1572152400,21,74,53,95,43,0.1695159844182464,-1.4486003681750201
333,1572166800,104,134,30,238,43,-0.23782839604948008,-0.9982746015466986
333,1572181200,421,306,0,727,43,-0.7691471531812972,0.5416505724480509
333,1572195600,334,238,0,572,43,-0.7691471531812972,0.05353523099777248
333,1572210000,163,181,18,344,43,-0.45035589890220695,-0.6644666906194113
333,1572224400,54,135,81,189,43,0.665413491074609,-1.1525820320696898
333,1572238800,15,31,16,46,43,-0.4857771493776614,-1.6029077986980114
333,1572253200,615,346,0,961,43,-0.7691471531812972,1.2785472814762133
333,1572267600,445,256,0,701,43,-0.7691471531812972,0.4597731603338107
333,1572282000,381,413,32,794,43,-0.20240714557402562,0.7526423652039778
333,1572296400,357,515,158,872,43,2.029131634379606,0.9982746015466986
333,1572310800,99,201,102,300,44,1.2580810467835803,-0.8028372868371952
333,1572325200,20,40,20,60,44,-0.39315032711986886,-1.5583077733307473
333,1572339600,650,346,0,996,44,-0.795889686608515,1.3880271239941055
333,1572354000,487,284,0,771,44,-0.795889686608515,0.6797735429064005
333,1572368400,419,397,0,816,44,-0.795889686608515,0.8214242591239415
333,1572382800,350,556,206,906,44,3.35232571612454,1.1047256915590236
333,1572397200,82,205,123,287,44,1.6809573742466588,-0.8437586048555961
333,1572411600,16,50,34,66,44,-0.11123277547781658,-1.5394210111684086
333,1572426000,742,425,0,1167,44,-0.795889686608515,1.9262998456207612
333,1572440400,462,300,0,762,44,-0.795889686608515,0.6514433996628923
333,1572454800,385,420,35,805,44,-0.09109580750338428,0.786798528492987
333,1572469200,399,481,82,880,44,0.8553416872949341,1.022883055522222
333,1572483600,113,193,80,306,44,0.8150677513460695,-0.7839505246748565
333,1572498000,34,57,23,91,44,-0.33273942319657196,-1.4607261688253301
333,1572512400,619,285,0,904,44,-0.795889686608515,1.0984301041715772
333,1572526800,507,258,0,765,44,-0.795889686608515,0.6608867807440617
333,1572541200,401,370,0,771,44,-0.795889686608515,0.6797735429064005
333,1572555600,341,468,127,809,44,1.761505246144388,0.7993897032678795
333,1572570000,103,236,133,339,44,1.882327053990982,-0.6800733327819931
333,1572584400,21,82,61,103,44,0.4324653598318557,-1.4229526445006526
333,1572598800,596,315,0,911,44,-0.795889686608515,1.1204646600276391
333,1572613200,450,347,0,797,44,-0.795889686608515,0.761616178943202
333,1572627600,427,441,14,868,44,-0.5139721349664628,0.9851095311975444
333,1572642000,358,461,103,819,44,1.2782180147580127,0.8308676402051108
333,1572656400,123,201,78,324,44,0.7747938153972049,-0.7272902381878401
333,1572670800,25,85,60,110,44,0.41232839185742337,-1.4009180886445907
333,1572685200,118,96,0,214,44,-0.795889686608515,-1.0735475444973848
333,1572699600,345,203,0,548,44,-0.795889686608515,-0.022184450793858237
333,1572714000,361,268,0,629,44,-0.795889686608515,0.23278683839771555
333,1572728400,294,235,0,529,44,-0.795889686608515,-0.08199253097459777
333,1572742800,124,210,86,334,44,0.9358895591926634,-0.6958123012506088
333,1572753600,23,90,67,113,44,0.5532871676784495,-1.3914747075634213
333,1572768000,51,59,8,110,44,-0.6347939428130566,-1.4009180886445907
333,1572782400,299,226,0,525,44,-0.795889686608515,-0.09458370574949031
333,1572796800,379,268,0,647,44,-0.795889686608515,0.28944712488473195
333,1572811200,222,232,10,454,44,-0.5945200068641919,-0.3180770580038328
333,1572825600,93,157,64,250,44,0.4928762637551526,-0.960226971523352
333,1572840000,13,74,61,87,44,0.4324653598318557,-1.4733173436002227
333,1572854400,349,228,0,577,44,-0.795889686608515,0.06910156632411263
333,1572868800,648,302,0,950,44,-0.795889686608515,1.2432286140828412
333,1572883200,378,353,0,731,44,-0.795889686608515,0.5538617951574751
333,1572897600,399,482,83,881,44,0.8754786552693664,1.0260308492159451
333,1572912000,120,265,145,385,45,1.7504349305577076,-0.42073374529264773
333,1572926400,12,53,41,65,45,-0.011293128584243233,-1.4081026184781171
333,1572940800,281,186,0,467,45,-0.7058205365152046,-0.16772047153887115
333,1572955200,680,274,0,954,45,-0.7058205365152046,1.3349315323402653
333,1572969600,374,333,0,707,45,-0.7058205365152046,0.572806183350231
333,1572984000,386,526,140,912,45,1.6657364661758831,1.2053393677346724
333,1572998400,106,331,225,437,45,3.1056103606669003,-0.2602863034000089
333,1573012800,13,72,59,85,45,0.2936213431903252,-1.3463920639040254
333,1573027200,339,241,0,580,45,-0.7058205365152046,0.18094416180474776
333,1573041600,756,312,0,1068,45,-0.7058205365152046,1.6866816934125888
333,1573056000,382,329,0,711,45,-0.7058205365152046,0.5851482942650493
333,1573070400,390,579,189,969,45,2.495781417117764,1.3812144482708342
333,1573084800,104,178,74,282,45,0.5477167363357989,-0.7385431013492207
333,1573099200,0,9,9,9,45,-0.5533633006279204,-1.5808921712855744
333,1573113600,322,191,0,513,45,-0.7058205365152046,-0.025786196018459908
333,1573128000,712,331,0,1043,45,-0.7058205365152046,1.609543500194974
333,1573142400,379,343,0,722,45,-0.7058205365152046,0.6190890992807999
333,1573156800,412,524,112,936,45,1.1914250656376655,1.2793920332235826
333,1573171200,78,181,103,259,45,1.0389678297503813,-0.8095102391094263
333,1573185600,0,6,6,6,45,-0.6041823792570151,-1.5901487544716881
333,1573200000,295,192,0,487,45,-0.7058205365152046,-0.10600991696477931
333,1573214400,688,364,0,1052,45,-0.7058205365152046,1.6373132497533154
333,1573228800,387,388,1,775,45,-0.6888808436388397,0.7826220689021433
333,1573243200,496,529,33,1025,45,-0.14681067159516253,1.5540040010782914
333,1573257600,136,253,117,389,45,1.2761235300194902,-0.4083916343778293
333,1573272000,32,75,43,107,45,0.022586257168486588,-1.2785104538725243
333,1573286400,58,58,0,116,45,-0.7058205365152046,-1.250740704314183
333,1573300800,285,222,0,507,45,-0.7058205365152046,-0.04429936239068746
333,1573315200,382,249,0,631,45,-0.7058205365152046,0.33830607596868195
333,1573329600,306,263,0,569,45,-0.7058205365152046,0.14700335678899726
333,1573344000,132,188,56,320,45,0.24280226456123044,-0.6212930476584462
333,1573358400,22,72,50,94,45,0.14116410730304096,-1.318622314345684
333,1573372800,38,73,35,111,45,-0.1129312858424327,-1.266168342957706
333,1573387200,274,211,0,485,45,-0.7058205365152046,-0.1121809724221885
333,1573401600,333,224,0,557,45,-0.7058205365152046,0.10997702404454215
333,1573416000,185,205,20,390,45,-0.36702667898790636,-0.40530610664912475
333,1573430400,77,169,92,246,45,0.8526312081103672,-0.849622099582586
333,1573444800,19,64,45,83,45,0.05646564292121641,-1.3525631193614345
333,1573459200,241,165,0,406,45,-0.7058205365152046,-0.3559376629898513
333,1573473600,594,271,0,865,45,-0.7058205365152046,1.0603195644855565
333,1573488000,392,313,0,705,45,-0.7058205365152046,0.5666351278928218
333,1573502400,356,511,155,867,45,1.9198318593213568,1.0664906199429658
333,1573516800,90,220,130,310,46,1.9181156378889224,-0.6548878442363425
333,1573531200,7,18,11,25,46,-0.48036871491789135,-1.517075206258892
333,1573545600,329,194,0,523,46,-0.7020773525723027,-0.010516236830016075
333,1573560000,690,317,0,1007,46,-0.7020773525723027,1.4536896692012609
333,1573574400,369,338,0,707,46,-0.7020773525723027,0.5461240249669983
333,1573588800,419,541,122,960,46,1.7568729923220778,1.3115043849378931
333,1573603200,85,195,110,280,46,1.5150090239718108,-0.7456444086597688
333,1573617600,4,10,6,14,46,-0.5811453683971692,-1.5503526132141483
333,1573632000,312,201,0,513,46,-0.7020773525723027,-0.04076842497115816
333,1573646400,712,280,0,992,46,-0.7020773525723027,1.4083113869895478
333,1573660800,410,339,0,749,46,-0.7020773525723027,0.6731832151597951
333,1573675200,436,535,99,971,46,1.2933003863173995,1.3447817918931495
333,1573689600,88,182,94,270,46,1.1925237328381217,-0.7758965968009108
333,1573704000,1,11,10,12,46,-0.500524045613747,-1.5564030508423767
333,1573718400,316,208,0,524,46,-0.7020773525723027,-0.007491018015901866
333,1573732800,715,304,0,1019,46,-0.7020773525723027,1.4899922949706315
333,1573747200,399,315,0,714,46,-0.7020773525723027,0.5673005566657978
333,1573761600,417,514,97,931,46,1.2529897249256885,1.223773039328581
333,1573776000,105,211,106,316,46,1.4343877011883885,-0.6367365313516573
333,1573790400,0,2,2,2,46,-0.6617666911805916,-1.586655238983519
333,1573804800,309,205,0,514,46,-0.7020773525723027,-0.037743206157043956
333,1573819200,672,332,0,1004,46,-0.7020773525723027,1.4446140127589182
333,1573833600,426,361,0,787,46,-0.7020773525723027,0.788141530096135
333,1573848000,448,488,40,936,46,0.10413587526192045,1.2388991333991521
333,1573862400,137,315,178,452,46,2.8855715112899905,-0.2253067726321249
333,1573876800,28,75,47,103,46,0.2452231901329095,-1.2811081387579837
333,1573891200,58,57,0,115,46,-0.7020773525723027,-1.2448055129886133
333,1573905600,293,242,0,535,46,-0.7020773525723027,0.025786388939354428
333,1573920000,413,333,0,746,46,-0.7020773525723027,0.6641075587174524
333,1573934400,319,271,0,590,46,-0.7020773525723027,0.1921734237156359
333,1573948800,133,196,63,329,46,0.5677084812665988,-0.5974086867681726
333,1573963200,29,82,53,111,46,0.366155174308043,-1.25690638824507
333,1573977600,34,48,14,82,46,-0.41990272283032465,-1.344637733854382
333,1573992000,348,200,0,548,46,-0.7020773525723027,0.06511423352283914
333,1574006400,321,245,0,566,46,-0.7020773525723027,0.1195681721768949
333,1574020800,201,224,23,425,46,-0.2385047465676244,-0.3069876806132085
333,1574035200,90,173,83,263,46,0.9708150951837103,-0.7970731284997103
333,1574049600,16,50,34,66,46,-0.01679610891321303,-1.3930412348802095
333,1574064000,313,196,0,509,46,-0.7020773525723027,-0.052869300227615
333,1574078400,655,302,0,957,46,-0.7020773525723027,1.3024287284955505
333,1574092800,346,344,0,690,46,-0.7020773525723027,0.4946953051270568
333,1574107200,402,543,141,945,46,2.139824275543334,1.26612610272618
333,1574121600,66,163,97,229,47,1.142470376936471,-0.9847306236612576
333,1574136000,1,2,1,3,47,-0.7134686076758784,-1.6545789166089901
333,1574150400,305,239,0,544,47,-0.732801305432257,-0.05109251623410839
333,1574164800,687,304,0,991,47,-0.732801305432257,1.273784417162513
333,1574179200,360,299,0,659,47,-0.732801305432257,0.28975949123929534
333,1574193600,417,547,130,964,47,1.7804494028969662,1.1937582936687574
333,1574208000,82,228,146,310,47,2.0897725669990246,-0.7446522531799907
333,1574222400,0,1,1,1,47,-0.7134686076758784,-1.6605067776085276
333,1574236800,329,214,0,543,47,-0.732801305432257,-0.05405644673387711
333,1574251200,713,297,0,1010,47,-0.732801305432257,1.3300990966581188
333,1574265600,414,352,0,766,47,-0.732801305432257,0.6069000547145492
333,1574280000,467,576,109,1043,47,1.3744627500130149,1.4279088031504867
333,1574294400,80,198,118,278,47,1.5484570298204225,-0.83949802917259
333,1574308800,2,2,0,4,47,-0.732801305432257,-1.6516149861092215
333,1574323200,314,212,0,526,47,-0.732801305432257,-0.10444326522994549
333,1574337600,719,316,0,1035,47,-0.732801305432257,1.4041973591523371
333,1574352000,422,322,0,744,47,-0.732801305432257,0.5416935837196372
333,1574366400,446,554,108,1000,47,1.355130052256636,1.3004597916604315
333,1574380800,85,202,117,287,47,1.529124332064044,-0.8128226546746715
333,1574395200,0,1,1,1,47,-0.7134686076758784,-1.6605067776085276
333,1574409600,308,189,0,497,47,-0.732801305432257,-0.1903972497232386
333,1574424000,695,363,0,1058,47,-0.732801305432257,1.4723677606470178
333,1574438400,445,404,0,849,47,-0.732801305432257,0.8529062861953536
333,1574452800,460,533,73,993,47,0.6784856307833836,1.2797122781620505
333,1574467200,186,306,120,492,47,1.5871224253331797,-0.20521690222208225
333,1574481600,36,130,94,166,47,1.084472283667335,-1.1714582451466875
333,1574496000,87,57,0,144,47,-0.732801305432257,-1.2366647161415996
333,1574510400,392,245,0,637,47,-0.732801305432257,0.2245530202443833
333,1574524800,533,272,0,805,47,-0.732801305432257,0.7224933442055296
333,1574539200,466,262,0,728,47,-0.732801305432257,0.49427069572333754
333,1574553600,186,229,43,415,47,0.09850469809202449,-0.4334395507042743
333,1574568000,50,185,135,235,47,1.8771128916788593,-0.9669470406626454
333,1574582400,61,101,40,162,47,0.04050660482288857,-1.1833139671457624
333,1574596800,368,221,0,589,47,-0.732801305432257,0.08228435625548437
333,1574611200,498,240,0,738,47,-0.732801305432257,0.5239100007210248
333,1574625600,300,256,0,556,47,-0.732801305432257,-0.015525350236883652
333,1574640000,109,183,74,292,47,0.6978183285397623,-0.7980030021758279
333,1574654400,20,89,69,109,47,0.6011548397578691,-1.340402283633505
333,1574668800,315,196,0,511,47,-0.732801305432257,-0.1489022227264764
333,1574683200,703,313,0,1016,47,-0.732801305432257,1.3478826796567311
333,1574697600,359,341,0,700,47,-0.732801305432257,0.41128064172981316
333,1574712000,413,529,116,942,47,1.5097916343076652,1.1285518226738454
333,1574726400,116,313,197,429,48,2.8658795524278484,-0.11185701922752798
333,1574740800,16,67,51,83,48,0.14887685986638174,-1.393801974601689
333,1574755200,302,196,0,498,48,-0.8002131217818018,0.14379096320257925
333,1574769600,723,329,0,1052,48,-0.8002131217818018,2.196384909090687
333,1574784000,358,355,0,713,48,-0.8002131217818018,0.9403752562818989
333,1574798400,393,520,127,913,48,1.5632070285970083,1.6813839010068474
333,1574812800,117,280,163,397,48,2.2331528979957262,-0.23041840238351974
333,1574827200,21,92,71,113,48,0.521069009532336,-1.2826506778929467
333,1574841600,263,195,0,458,48,-0.8002131217818018,-0.004410765742410458
333,1574856000,619,279,0,898,48,-0.8002131217818018,1.6258082526524762
333,1574870400,429,387,0,816,48,-0.8002131217818018,1.3219947083152475
333,1574884800,410,440,30,850,48,-0.2419248972828703,1.4479661779184887
333,1574899200,139,252,113,391,48,1.3026725238308403,-0.25264866172526823
333,1574913600,23,75,52,98,48,0.16748646734967945,-1.3382263262473177
333,1574928000,88,47,0,135,48,-0.8002131217818018,-1.2011397269732023
333,1574942400,226,137,0,363,48,-0.8002131217818018,-0.356389871986761
333,1574956800,210,233,23,443,48,-0.3721921496659543,-0.0599864140967816
333,1574971200,134,223,89,357,48,0.856041944231695,-0.37862013132850947
333,1574985600,91,128,37,219,48,-0.1116576448997863,-0.8899160961887239
333,1575000000,24,61,37,85,48,-0.1116576448997863,-1.3863918881544395
333,1575014400,83,94,11,177,48,-0.595507439465527,-1.045527911580963
333,1575028800,315,219,0,534,48,-0.8002131217818018,0.27717251925306996
333,1575043200,332,251,0,583,48,-0.8002131217818018,0.4587196372106824
333,1575057600,262,337,75,599,48,0.595507439465527,0.5180003287886782
333,1575072000,110,232,122,342,48,1.4701589911805197,-0.4341957796828806
333,1575086400,28,117,89,145,48,0.856041944231695,-1.1640892947369548
333,1575100800,86,64,0,150,48,-0.8002131217818018,-1.1455640786188312
333,1575115200,296,166,0,462,48,-0.8002131217818018,0.010409407152088513
333,1575129600,414,256,0,670,48,-0.8002131217818018,0.7810583976660349
333,1575144000,357,243,0,600,48,-0.8002131217818018,0.5217053720123029
333,1575158400,155,203,48,358,48,0.09304803741648858,-0.3749150881048847
333,1575172800,40,138,98,178,48,1.0235284115813745,-1.0418228683573383
333,1575187200,51,102,51,153,48,0.14887685986638174,-1.134448948947957
333,1575201600,350,232,0,582,48,-0.8002131217818018,0.4550145939870576
333,1575216000,423,210,0,633,48,-0.8002131217818018,0.6439717983919194
333,1575230400,210,225,15,435,48,-0.521069009532336,-0.08962675988577953
333,1575244800,97,168,71,265,48,0.521069009532336,-0.7194841079019858
333,1575259200,15,78,63,93,48,0.3721921496659543,-1.3567515423654415
333,1575273600,332,223,0,555,48,-0.8002131217818018,0.3549784269491896
333,1575288000,654,295,0,949,48,-0.8002131217818018,1.8147654570573382
333,1575302400,337,316,0,653,48,-0.8002131217818018,0.7180726628644143
333,1575316800,343,516,173,859,48,2.4192489728287034,1.4813115669311112
333,1575331200,84,200,116,284,49,1.4464899002869647,-0.8422313633841736
333,1575345600,14,63,49,77,49,0.12962720879310552,-1.4917797953243852
333,1575360000,347,202,0,549,49,-0.8334514760307615,-0.010683853895496991
333,1575374400,701,318,0,1019,49,-0.8334514760307615,1.4641362572730994
333,1575388800,338,356,18,694,49,-0.4796674693607696,0.4443138399756657
333,1575403200,427,540,113,967,49,1.3875258991752994,1.30096467050551
333,1575417600,105,256,151,361,49,2.134403246589727,-0.6006118983629355
333,1575432000,15,60,45,75,49,0.05100854064421841,-1.498055625584677
333,1575446400,349,176,0,525,49,-0.8334514760307615,-0.08599381701899977
333,1575460800,731,339,0,1070,49,-0.8334514760307615,1.6241699289105427
333,1575475200,375,390,15,765,49,-0.5386314704724349,0.6671058142160281
333,1575489600,422,516,94,938,49,1.0140872254680855,1.2099651317312774
333,1575504000,134,273,139,407,49,1.8985472421430656,-0.45626780237622183
333,1575518400,21,70,49,91,49,0.12962720879310552,-1.4478489835023418
333,1575532800,327,229,0,556,49,-0.8334514760307615,0.011281552015524655
333,1575547200,730,336,0,1066,49,-0.8334514760307615,1.611618268389959
333,1575561600,374,343,0,717,49,-0.8334514760307615,0.5164858879690225
333,1575576000,443,523,80,966,49,0.7389218869469806,1.297826755375364
333,1575590400,132,265,133,397,49,1.780619239919735,-0.4876469536776813
333,1575604800,23,91,68,114,49,0.5030658825003193,-1.375676935508985
333,1575619200,283,252,0,535,49,-0.8334514760307615,-0.054614665717540284
333,1575633600,716,314,0,1030,49,-0.8334514760307615,1.4986533237047048
333,1575648000,389,373,0,762,49,-0.8334514760307615,0.6576920688255903
333,1575662400,439,533,94,972,49,1.0140872254680855,1.3166542461562396
333,1575676800,160,266,106,426,49,1.2499432299147468,-0.3966474149034488
333,1575691200,38,89,51,127,49,0.16893654286754908,-1.3348840388170877
333,1575705600,74,58,0,132,49,-0.8334514760307615,-1.319194463166358
333,1575720000,281,214,0,495,49,-0.8334514760307615,-0.18013127092337827
333,1575734400,392,284,0,676,49,-0.8334514760307615,0.3878313676330386
333,1575748800,317,268,0,585,49,-0.8334514760307615,0.1022810907897572
333,1575763200,160,195,35,355,49,-0.14553812972799937,-0.6194393891438112
333,1575777600,34,120,86,154,49,0.8568498891703112,-1.250160330303147
333,1575792000,41,64,23,105,49,-0.38139413417466067,-1.4039181716802986
333,1575806400,295,223,0,518,49,-0.8334514760307615,-0.10795922293002143
333,1575820800,429,289,0,718,49,-0.8334514760307615,0.5196238030991684
333,1575835200,230,231,1,461,49,-0.8137968089935398,-0.28682038534834053
333,1575849600,86,195,109,281,49,1.3089072310264123,-0.8516451087746114
333,1575864000,16,64,48,80,49,0.10997254175588375,-1.4823660499339473
333,1575878400,367,184,0,551,49,-0.8334514760307615,-0.004408023635205092
333,1575892800,698,304,0,1002,49,-0.8334514760307615,1.410791700060618
333,1575907200,363,333,0,696,49,-0.8334514760307615,0.4505896702359576
333,1575921600,372,530,158,902,49,2.2719859158502795,1.097000187046023
333,1575936000,109,334,225,443,50,3.0561119198786115,-0.3919242477275298
333,1575950400,18,94,76,112,50,0.5590302650150064,-1.4189800237705303
333,1575964800,317,209,0,526,50,-0.7146489683382418,-0.13438458183155086
333,1575979200,706,322,0,1028,50,-0.7146489683382418,1.4232649637079848
333,1575993600,391,320,0,711,50,-0.7146489683382418,0.4396496132377999
333,1576008000,554,546,0,1100,50,-0.7146489683382418,1.6466728666538941
333,1576022400,153,259,106,412,50,1.0617983834439202,-0.4881137614959075
333,1576036800,16,86,70,102,50,0.45847664132922367,-1.4500088991796845
333,1576051200,326,181,0,507,50,-0.7146489683382418,-0.19333944510894363
333,1576065600,736,333,0,1069,50,-0.7146489683382418,1.5504833528855164
333,1576080000,410,352,0,762,50,-0.7146489683382418,0.5978968778244858
333,1576094400,425,573,148,998,50,1.7656737492443995,1.3301783374805225
333,1576108800,174,312,138,486,50,1.5980843764347616,-0.2585000834681672
333,1576123200,18,99,81,117,50,0.6428249514198254,-1.4034655860659533
333,1576137600,317,209,0,526,50,-0.7146489683382418,-0.13438458183155086
333,1576152000,696,309,0,1005,50,-0.7146489683382418,1.3518985502669303
333,1576166400,401,300,0,701,50,-0.7146489683382418,0.40862073782864583
333,1576180800,401,575,174,976,50,2.2014061185494582,1.2619148115803833
333,1576195200,134,287,153,421,50,1.8494684356492186,-0.46018777362766883
333,1576209600,24,110,86,134,50,0.7266196378246443,-1.3507164978703914
333,1576224000,286,201,0,487,50,-0.7146489683382418,-0.2553971959272518
333,1576238400,678,311,0,989,50,-0.7146489683382418,1.3022523496122838
333,1576252800,392,367,0,759,50,-0.7146489683382418,0.5885882152017395
333,1576267200,658,549,0,1207,50,-0.7146489683382418,1.978681833531843
333,1576281600,191,305,114,496,50,1.1958698816916307,-0.22747120805901314
333,1576296000,40,99,59,139,50,0.27412833123862196,-1.3352020601658143
333,1576310400,64,61,0,125,50,-0.7146489683382418,-1.3786424857386301
333,1576324800,301,241,0,542,50,-0.7146489683382418,-0.0847383811769043
333,1576339200,393,268,0,661,50,-0.7146489683382418,0.28450523619202944
333,1576353600,306,299,0,605,50,-0.7146489683382418,0.11074353390076651
333,1576368000,181,221,40,402,50,-0.04429147709969007,-0.5191426369050616
333,1576382400,46,91,45,137,50,0.039503209305128885,-1.341407835247645
333,1576396800,44,57,13,101,50,-0.49678278368571244,-1.4531117867205998
333,1576411200,287,197,0,484,50,-0.7146489683382418,-0.26470585854999806
333,1576425600,364,251,0,615,50,-0.7146489683382418,0.1417724093099206
333,1576440000,268,257,0,525,50,-0.7146489683382418,-0.13748746937246625
333,1576454400,106,193,87,299,50,0.7433785751056081,-0.8387400536193488
333,1576468800,12,73,61,85,50,0.3076462058005496,-1.5027579873752464
333,1576483200,329,176,0,505,50,-0.7146489683382418,-0.19954522019077445
333,1576497600,690,277,0,967,50,-0.7146489683382418,1.2339888237121448
333,1576512000,343,337,0,680,50,-0.7146489683382418,0.34346009946942224
333,1576526400,425,540,115,965,50,1.2126288189725944,1.2277830486303138
333,1576540800,143,289,146,432,51,2.3552307169142734,-0.2859146997718839
333,1576555200,19,57,38,76,51,0.03931341105623223,-1.4619797867015147
333,1576569600,311,172,0,483,51,-0.7755463817456711,-0.11743346540836934
333,1576584000,682,298,0,980,51,-0.7755463817456711,1.5244326812321547
333,1576598400,357,332,0,689,51,-0.7755463817456711,0.5630985792756306
333,1576612800,425,519,94,944,51,1.2401594215011424,1.4055047510932033
333,1576627200,141,227,86,368,51,1.0686099914375837,-0.4973421311300198
333,1576641600,14,79,65,93,51,0.6182927375207424,-1.4058193752470098
333,1576656000,335,183,0,518,51,-0.7755463817456711,-0.0018090888843887757
333,1576670400,662,366,0,1028,51,-0.7755463817456711,1.6830032547507565
333,1576684800,400,382,0,782,51,-0.7755463817456711,0.8703290654679218
333,1576699200,446,502,56,948,51,0.42529962869923904,1.4187189655530867
333,1576713600,145,266,121,411,51,1.819138747965653,-0.3552893256862722
333,1576728000,25,57,32,82,51,-0.08934866149143672,-1.4421584650116894
333,1576742400,267,193,0,460,51,-0.7755463817456711,-0.19341519855269942
333,1576756800,706,285,0,991,51,-0.7755463817456711,1.5607717709968343
333,1576771200,411,347,0,758,51,-0.7755463817456711,0.7910437787086209
333,1576785600,399,521,122,920,51,1.8405824267235975,1.3262194643339023
333,1576800000,141,233,92,374,51,1.1972720639852528,-0.47752080944019454
333,1576814400,19,60,41,79,51,0.1036444473300667,-1.452069125856602
333,1576828800,261,177,0,438,51,-0.7755463817456711,-0.26609337808205863
333,1576843200,592,325,0,917,51,-0.7755463817456711,1.3163088034889896
333,1576857600,389,377,0,766,51,-0.7755463817456711,0.8174722076283878
333,1576872000,406,531,125,937,51,1.904913462997432,1.3823798757884072
333,1576886400,159,317,158,476,51,2.6125548620096115,-0.14055834071316545
333,1576900800,35,82,47,117,51,0.23230651987773565,-1.326534088487709
333,1576915200,63,53,0,116,51,-0.7755463817456711,-1.3298376421026799
333,1576929600,269,206,0,475,51,-0.7755463817456711,-0.1438618943281363
333,1576944000,367,230,0,597,51,-0.7755463817456711,0.2591716466983102
333,1576958400,267,284,17,551,51,-0.4110038428606091,0.10720818040965004
333,1576972800,115,191,76,306,51,0.8541732038581356,-0.7021624552582139
333,1576987200,28,97,69,125,51,0.7040674525525218,-1.3001056595679419
333,1577001600,41,49,8,90,51,-0.6039969516821125,-1.4157300360919225
333,1577016000,311,183,0,494,51,-0.7755463817456711,-0.08109437564368974
333,1577030400,329,236,0,565,51,-0.7755463817456711,0.15345793101924227
333,1577044800,242,237,0,479,51,-0.7755463817456711,-0.13064767986825285
333,1577059200,95,149,54,244,51,0.3824122711833494,-0.906982779386408
333,1577073600,20,60,40,80,51,0.08220076857212187,-1.4487655722416313
333,1577088000,150,131,0,281,51,-0.7755463817456711,-0.7847512956324857
333,1577102400,558,251,0,809,51,-0.7755463817456711,0.9595250130721353
333,1577116800,390,322,0,712,51,-0.7755463817456711,0.6390803124199607
333,1577131200,378,410,32,788,51,-0.08934866149143672,0.890150387157747
333,1577145600,112,253,141,365,52,2.050531849409322,-0.028464489240675975
333,1577160000,17,59,42,76,52,0.0570524409819288,-1.2547359014973785
333,1577174400,147,121,0,268,52,-0.7886660959266621,-0.44005039577666266
333,1577188800,452,194,0,646,52,-0.7886660959266621,1.1638616936109967
333,1577203200,327,292,0,619,52,-0.7886660959266621,1.0492965443690212
333,1577217600,282,333,51,615,52,0.2382778417480554,1.032323929666506
333,1577232000,89,166,77,255,52,0.7618178884057546,-0.4952113935598361
333,1577246400,16,54,38,70,52,-0.023492181580794143,-1.2801948235511509
333,1577260800,28,30,2,58,52,-0.7483937846453006,-1.3311126676586957
333,1577275200,108,97,0,205,52,-0.7886660959266621,-0.7073690773412725
333,1577289600,160,150,0,310,52,-0.7886660959266621,-0.26183794140025607
333,1577304000,121,190,69,311,52,0.6007286432803086,-0.2575947877246273
333,1577318400,76,124,48,200,52,0.1778693748260132,-0.7285848457194162
333,1577332800,17,48,31,65,52,-0.16444527106555928,-1.3014105919292946
333,1577347200,123,95,0,218,52,-0.7886660959266621,-0.6522080795580991
333,1577361600,371,237,0,608,52,-0.7886660959266621,1.002621853937105
333,1577376000,282,273,0,555,52,-0.7886660959266621,0.7777347091287825
333,1577390400,273,416,143,689,52,2.0908041606906833,1.346317301663032
333,1577404800,107,222,115,329,52,1.5269918027516227,-0.1812180215633102
333,1577419200,15,52,37,67,52,-0.043628337221474876,-1.292924284578037
333,1577433600,140,121,0,261,52,-0.7886660959266621,-0.46975247150606375
333,1577448000,389,279,0,668,52,-0.7886660959266621,1.2572110744748288
333,1577462400,335,326,0,661,52,-0.7886660959266621,1.2275089987454277
333,1577476800,328,474,146,802,52,2.1512126276127255,1.8257936670090784
