remote_unit_id,time_stamp,entries,exits,num_people_exited,sum_exit_entry,week_num,z_score_num_people_exited,z_score_sum_exit_entry
331,1546300800,0,0,0,0,1,-0.764879732257078,-1.7046574169937108
331,1546315200,20,111,91,131,1,1.5589440647910557,-0.7233825573683293
331,1546329600,25,22,0,47,1,-0.764879732257078,-1.3525969711739174
331,1546344000,74,41,0,115,1,-0.764879732257078,-0.843232921902727
331,1546358400,153,76,0,229,1,-0.764879732257078,0.01070092540485685
331,1546372800,102,143,41,245,1,0.2821178026766965,0.13055128993925458
331,1546387200,38,89,51,127,1,0.5374830550995683,-0.7533451485019287
331,1546401600,11,36,25,47,1,-0.12646660119989842,-1.3525969711739174
331,1546416000,188,72,0,260,1,-0.764879732257078,0.24291100669025248
331,1546430400,314,101,0,415,1,-0.764879732257078,1.4039614131172304
331,1546444800,189,138,0,327,1,-0.764879732257078,0.744784408178043
331,1546459200,170,263,93,433,1,1.61001711527563,1.538793073218428
331,1546473600,38,149,111,187,1,2.0696745696367995,-0.3039062814979372
331,1546488000,10,42,32,52,1,0.05228907549611184,-1.3151437322569182
331,1546502400,212,60,0,272,1,-0.764879732257078,0.3327987800910508
331,1546516800,323,91,0,414,1,-0.764879732257078,1.3964707653338306
331,1546531200,199,144,0,343,1,-0.764879732257078,0.8646347727124407
331,1546545600,166,233,67,399,1,0.9460674589761633,1.2841110485828329
331,1546560000,35,146,111,181,1,2.0696745696367995,-0.34885016819833636
331,1546574400,8,52,44,60,1,0.358727378403558,-1.2552185499897193
331,1546588800,222,58,0,280,1,-0.764879732257078,0.39272396235824963
331,1546603200,343,93,0,436,1,-0.764879732257078,1.5612650165686275
331,1546617600,219,166,0,385,1,-0.764879732257078,1.1792419796152347
331,1546632000,171,196,25,367,1,-0.12646660119989842,1.0444103195140373
331,1546646400,67,180,113,247,1,2.1207476201213735,0.1455325855060543
331,1546660800,15,49,34,64,1,0.10336212598068621,-1.2252559588561198
331,1546675200,47,22,0,69,1,-0.764879732257078,-1.1878027199391206
331,1546689600,132,76,0,208,1,-0.764879732257078,-0.14660267804654017
331,1546704000,157,124,0,281,1,-0.764879732257078,0.4002146101416495
331,1546718400,125,155,30,280,1,0.0012160250115374805,0.39272396235824963
331,1546732800,48,121,73,169,1,1.0992866104298864,-0.43873794159913465
331,1546747200,14,51,37,65,1,0.17997170170754775,-1.21776531107272
331,1546761600,37,21,0,58,1,-0.764879732257078,-1.2701998455565189
331,1546776000,118,69,0,187,1,-0.764879732257078,-0.3039062814979372
331,1546790400,129,107,0,236,1,-0.764879732257078,0.06313545988865586
331,1546804800,99,151,52,250,1,0.5630195803418555,0.1680045288562539
331,1546819200,28,109,81,137,1,1.3035788123681837,-0.6784386706679302
331,1546833600,6,25,19,31,1,-0.2796857526536215,-1.4724473357083152
331,1546848000,215,57,0,272,1,-0.764879732257078,0.3327987800910508
331,1546862400,356,94,0,450,1,-0.764879732257078,1.6661340855362257
331,1546876800,206,176,0,382,1,-0.764879732257078,1.1567700362650353
331,1546891200,146,274,128,420,1,2.5037954987556814,1.44141465203423
331,1546905600,40,155,115,195,2,1.7575920733282098,-0.4656507044568461
331,1546920000,8,43,35,51,2,-0.005246543502472328,-1.54426252389576
331,1546934400,210,43,0,253,2,-0.7764884383658958,-0.03120983273839464
331,1546948800,322,92,0,414,2,-0.7764884383658958,1.1747381042731688
331,1546963200,222,148,0,370,2,-0.7764884383658958,0.8451622705557229
331,1546977600,164,281,117,445,2,1.801663038748977,1.4069392598468238
331,1546992000,37,143,106,180,2,1.559272728934758,-0.5780061023150662
331,1547006400,12,47,35,59,2,-0.005246543502472328,-1.4843396450380424
331,1547020800,229,58,0,287,2,-0.7764884383658958,0.22346240240690446
331,1547035200,310,114,0,424,2,-0.7764884383658958,1.2496417028453155
331,1547049600,231,121,0,352,2,-0.7764884383658958,0.7103357931258586
331,1547064000,162,289,127,451,2,2.022017865852812,1.451881418990112
331,1547078400,34,168,134,202,2,2.176266244825497,-0.4132181854563433
331,1547092800,9,35,26,44,2,-0.20356588789592409,-1.5966950428962627
331,1547107200,207,53,0,260,2,-0.7764884383658958,0.021222686262108117
331,1547121600,348,119,0,467,2,-0.7764884383658958,1.5717271767055467
331,1547136000,222,130,0,352,2,-0.7764884383658958,0.7103357931258586
331,1547150400,168,250,82,418,2,1.0304211438855535,1.2046995437020276
331,1547164800,40,155,115,195,2,1.7575920733282098,-0.4656507044568461
331,1547179200,6,38,32,44,2,-0.07135299163362291,-1.5966950428962627
331,1547193600,217,51,0,268,2,-0.7764884383658958,0.08114556511982556
331,1547208000,317,90,0,407,2,-0.7764884383658958,1.122305585272666
331,1547222400,220,141,0,361,2,-0.7764884383658958,0.7777490318407908
331,1547236800,182,258,76,440,2,0.8982082476232524,1.3694874605607505
331,1547251200,45,157,112,202,2,1.6914856251970594,-0.4132181854563433
331,1547265600,12,57,45,69,2,0.21510828360136294,-1.4094360464658957
331,1547280000,42,36,0,78,2,-0.7764884383658958,-1.3420228077509635
331,1547294400,145,63,0,208,2,-0.7764884383658958,-0.3682760263130552
331,1547308800,209,131,0,340,2,-0.7764884383658958,0.6204514748392825
331,1547323200,132,143,11,275,2,-0.534098128551677,0.13357808412032832
331,1547337600,86,125,39,211,2,0.08289538733906178,-0.3458049467414112
331,1547352000,21,65,44,86,2,0.19307280089097942,-1.2820999288932462
331,1547366400,57,33,0,90,2,-0.7764884383658958,-1.2521384894643874
331,1547380800,170,49,0,219,2,-0.7764884383658958,-0.28588206788369375
331,1547395200,127,96,0,223,2,-0.7764884383658958,-0.25592062845483504
331,1547409600,105,133,28,238,2,-0.159494922475157,-0.14356523059661483
331,1547424000,36,92,56,128,2,0.45749859341558174,-0.9675048148902295
331,1547438400,8,36,28,44,2,-0.159494922475157,-1.5966950428962627
331,1547452800,215,57,0,272,2,-0.7764884383658958,0.11110700454868427
331,1547467200,334,91,0,425,2,-0.7764884383658958,1.2571320627025302
331,1547481600,202,131,0,333,2,-0.7764884383658958,0.5680189558387797
331,1547496000,152,269,117,421,2,1.801663038748977,1.2271706232736714
331,1547510400,36,152,116,188,3,2.02786656657067,-0.37769739806978436
331,1547524800,7,38,31,45,3,-0.05603776349763507,-1.488050101352763
331,1547539200,212,49,0,261,3,-0.816049930934311,0.189126009899848
331,1547553600,333,111,0,444,3,-0.816049930934311,1.6100668819333102
331,1547568000,211,151,0,362,3,-0.816049930934311,0.9733611359948189
331,1547582400,168,269,101,437,3,1.6601187436174398,1.5557139524019754
331,1547596800,41,160,119,201,3,2.101416131161316,-0.2767562432258772
331,1547611200,7,38,31,45,3,-0.05603776349763507,-1.488050101352763
331,1547625600,218,54,0,272,3,-0.816049930934311,0.274537756306231
331,1547640000,338,103,0,441,3,-0.816049930934311,1.5867727692770237
331,1547654400,208,139,0,347,3,-0.816049930934311,0.8568905727133875
331,1547668800,137,236,99,373,3,1.6110857005570092,1.058772882401202
331,1547683200,43,138,95,181,3,1.5130196144361474,-0.432050327601119
331,1547697600,8,44,36,52,3,0.0665448441534417,-1.4336971718214282
331,1547712000,204,51,0,255,3,-0.816049930934311,0.1425377845872755
331,1547726400,352,102,0,454,3,-0.816049930934311,1.687713924120931
331,1547740800,226,143,0,369,3,-0.816049930934311,1.0277140655261534
331,1547755200,174,240,66,414,3,0.8020404900599023,1.3771257553704475
331,1547769600,53,163,110,216,3,1.880767437389378,-0.16028567994444592
331,1547784000,10,30,20,40,3,-0.32571950033000396,-1.5268736224465733
331,1547798400,210,43,0,253,3,-0.816049930934311,0.12700837614975133
331,1547812800,319,100,0,419,3,-0.816049930934311,1.4159492764642578
331,1547827200,210,136,0,346,3,-0.816049930934311,0.8491258684946255
331,1547841600,183,260,77,443,3,1.0717222268922713,1.6023021777145479
331,1547856000,56,167,111,223,3,1.9052839589195933,-0.1059327504131113
331,1547870400,12,65,53,77,3,0.4833257101671027,-1.239579566352376
331,1547884800,47,30,0,77,3,-0.816049930934311,-1.239579566352376
331,1547899200,144,64,0,208,3,-0.816049930934311,-0.2224033136945426
331,1547913600,170,123,0,293,3,-0.816049930934311,0.4375965449002348
331,1547928000,105,144,39,249,3,0.14009440874408777,0.09594955927470297
331,1547942400,47,128,81,175,3,1.1697883130131326,-0.4786385529136915
331,1547956800,15,64,49,79,3,0.38525962404624126,-1.224050157914852
331,1547971200,33,19,0,52,3,-0.816049930934311,-1.4336971718214282
331,1547985600,117,50,0,167,3,-0.816049930934311,-0.5407561866637882
331,1548000000,149,98,0,247,3,-0.816049930934311,0.0804201508371788
331,1548014400,107,123,16,230,3,-0.42378558645086534,-0.05157982088177669
331,1548028800,49,104,55,153,3,0.5323587532275333,-0.6494620457264574
331,1548043200,9,39,30,48,3,-0.08055428502785042,-1.4647559886964767
331,1548057600,76,23,0,99,3,-0.816049930934311,-1.0687560735396102
331,1548072000,154,64,0,218,3,-0.816049930934311,-0.14475627150692175
331,1548086400,140,89,0,229,3,-0.816049930934311,-0.05934452510053878
331,1548100800,97,160,63,257,3,0.7284909254692562,0.15806719302479968
331,1548115200,31,102,71,133,4,0.9831585696218986,-0.8598706768255684
331,1548129600,6,27,21,33,4,-0.28426500079307204,-1.6456532796687773
331,1548144000,169,57,0,226,4,-0.8165829003673597,-0.12909285618138422
331,1548158400,319,78,0,397,4,-0.8165829003673597,1.2145953946805028
331,1548172800,210,138,0,348,4,-0.8165829003673597,0.8295619192873305
331,1548187200,171,233,62,404,4,0.755022326947204,1.2696001768795275
331,1548201600,49,155,106,204,4,1.870355068912378,-0.30196502880689013
331,1548216000,8,39,31,47,4,-0.030780286710077886,-1.5356437152707278
331,1548230400,200,42,0,242,4,-0.8165829003673597,-0.0033676397264707993
331,1548244800,325,95,0,420,4,-0.8165829003673597,1.395325393334441
331,1548259200,196,129,0,325,4,-0.8165829003673597,0.6488319206333925
331,1548273600,148,233,85,381,4,1.3380371693380904,1.0888701782255894
331,1548288000,31,162,131,193,4,2.504066854119863,-0.3884011151196431
331,1548302400,8,33,25,41,4,-0.18287111515987436,-1.5827906714413205
331,1548316800,173,55,0,228,4,-0.8165829003673597,-0.11337720412452003
331,1548331200,312,96,0,408,4,-0.8165829003673597,1.3010314809932557
331,1548345600,198,164,0,362,4,-0.8165829003673597,0.9395714836853798
331,1548360000,167,238,71,405,4,0.9831585696218986,1.2774580029079596
331,1548374400,34,168,134,202,4,2.5801122683447617,-0.31768068086375434
331,1548388800,6,38,32,44,4,-0.0054318153017784716,-1.5592171933560242
331,1548403200,181,50,0,231,4,-0.8165829003673597,-0.08980372603922376
331,1548417600,279,80,0,359,4,-0.8165829003673597,0.9159980056000835
331,1548432000,218,140,0,358,4,-0.8165829003673597,0.9081401795716514
331,1548446400,166,234,68,400,4,0.9071131553970004,1.2381688727657991
331,1548460800,70,140,70,210,4,0.9578100982135993,-0.25481807263629763
331,1548475200,12,62,50,74,4,0.45084067004761097,-1.3234824125030615
331,1548489600,47,32,0,79,4,-0.8165829003673597,-1.2841932823609012
331,1548504000,179,72,0,251,4,-0.8165829003673597,0.06735279452941799
331,1548518400,189,122,0,311,4,-0.8165829003673597,0.5388223562353432
331,1548532800,121,179,58,300,4,0.6536284413140063,0.4523862699225903
331,1548547200,50,125,75,175,4,1.0845524552550962,-0.5298419836314207
331,1548561600,21,60,39,81,4,0.17200748455631742,-1.268477630304037
331,1548576000,36,18,0,54,4,-0.8165829003673597,-1.4806389330717034
331,1548590400,113,57,0,170,4,-0.8165829003673597,-0.5691311137735812
331,1548604800,182,127,0,309,4,-0.8165829003673597,0.523106704178479
331,1548619200,103,157,54,260,4,0.5522345556808086,0.13807322878530678
331,1548633600,31,79,48,110,4,0.40014372723101216,-1.0406006754795063
331,1548648000,11,32,21,43,4,-0.28426500079307204,-1.5670750193844563
331,1548662400,188,51,0,239,4,-0.8165829003673597,-0.026941117811767064
331,1548676800,346,98,0,444,4,-0.8165829003673597,1.583913218016811
331,1548691200,192,104,0,296,4,-0.8165829003673597,0.42095496580886194
331,1548705600,142,243,101,385,4,1.7436127118708808,1.1203014823393178
331,1548720000,47,149,102,196,5,1.2288936539982367,-0.3353415450710936
331,1548734400,9,42,33,51,5,-0.04757007692896396,-1.3344756005911331
331,1548748800,301,61,0,362,5,-0.6580527308506686,0.8084946840070204
331,1548763200,311,84,0,395,5,-0.6580527308506686,1.035883813883995
331,1548777600,192,143,0,335,5,-0.6580527308506686,0.6224490322894959
331,1548792000,141,274,133,415,5,1.8023773591974137,1.173695407748828
331,1548806400,27,177,150,204,5,2.116868423338898,-0.28021690752516043
331,1548820800,9,39,30,48,5,-0.10306850001275529,-1.355147339670858
331,1548835200,226,65,0,291,5,-0.6580527308506686,0.31926352578686323
331,1548849600,309,105,0,414,5,-0.6580527308506686,1.1668048280555863
331,1548864000,193,165,0,358,5,-0.6580527308506686,0.7809323652340538
331,1548878400,134,235,101,369,5,1.2103941796369728,0.856728741859712
331,1548892800,35,153,118,188,5,1.524885243778457,-0.3904661826170268
331,1548907200,6,31,25,37,5,-0.19556587181907417,-1.4309437162965162
331,1548921600,185,34,0,219,5,-0.6580527308506686,-0.17685821212653566
331,1548936000,287,88,0,375,5,-0.6580527308506686,0.8980722200191619
331,1548950400,195,110,0,305,5,-0.6580527308506686,0.41573164149224634
331,1548964800,137,258,121,395,5,1.5803836668622484,1.035883813883995
331,1548979200,34,148,114,182,5,1.450887346333402,-0.43180966077647676
331,1548993600,9,40,31,49,5,-0.08456902565149152,-1.3482567599776163
331,1549008000,214,43,0,257,5,-0.6580527308506686,0.08498381621664709
331,1549022400,320,96,0,416,5,-0.6580527308506686,1.1805859874420697
331,1549036800,204,154,0,358,5,-0.6580527308506686,0.7809323652340538
331,1549051200,132,266,134,398,5,1.8208768335586776,1.0565555529637198
331,1549065600,57,111,54,168,5,0.34091888465757536,-0.5282777764818598
331,1549080000,10,37,27,47,5,-0.15856692309654663,-1.3620379193640997
331,1549094400,83,11,0,94,5,-0.6580527308506686,-1.038180673781742
331,1549108800,218,49,0,267,5,-0.6580527308506686,0.1538896131490636
331,1549123200,220,70,0,290,5,-0.6580527308506686,0.3123729460936216
331,1549137600,129,108,0,237,5,-0.6580527308506686,-0.05282777764818593
331,1549152000,31,72,41,103,5,0.10042571796114626,-0.9761654565425671
331,1549166400,10,23,13,33,5,-0.4175595641542395,-1.4585060350694827
331,1549180800,29,14,0,43,5,-0.6580527308506686,-1.3896002381370662
331,1549195200,95,33,0,128,5,-0.6580527308506686,-0.8039009642115259
331,1549209600,99,63,0,162,5,-0.6580527308506686,-0.5696212546413097
331,1549224000,58,77,19,135,5,-0.30656271798665685,-0.7556669063588344
331,1549238400,36,62,26,98,5,-0.1770663974578104,-1.0106183550087755
331,1549252800,12,21,9,33,5,-0.4915574615992946,-1.4585060350694827
331,1549267200,242,106,0,348,5,-0.6580527308506686,0.7120265683016374
331,1549281600,351,146,0,497,5,-0.6580527308506686,1.7387229425946433
331,1549296000,232,201,0,433,5,-0.6580527308506686,1.2977258422271776
331,1549310400,165,378,213,543,5,3.2823353080985163,2.0556896084837595
331,1549324800,44,207,163,251,6,1.5216631108172123,0.13130081045272043
331,1549339200,7,78,71,85,6,0.32172305771563914,-1.065338732653641
331,1549353600,113,61,0,174,6,-0.6043176354388358,-0.42376692942191707
331,1549368000,213,138,0,351,6,-0.6043176354388358,0.8521680050951067
331,1549382400,143,186,43,329,6,-0.043476088880491814,0.6935772222737817
331,1549396800,101,368,267,469,6,2.8781170838885557,1.7027912947731225
331,1549411200,33,235,202,268,6,2.030333350718966,0.2538482335419261
331,1549425600,9,71,62,80,6,0.20433761773831133,-1.1013820923857602
331,1549440000,177,90,0,267,6,-0.6043176354388358,0.24663956159550224
331,1549454400,226,151,0,377,6,-0.6043176354388358,1.0395934757021272
331,1549468800,128,259,131,387,6,1.1042926575644911,1.1116801951663657
331,1549483200,100,390,290,490,6,3.178102097163949,1.8541734056480237
331,1549497600,32,242,210,274,6,2.134675964032146,0.2971002652204693
331,1549512000,9,67,58,76,6,0.1521663110817212,-1.1302167801714555
331,1549526400,178,90,0,268,6,-0.6043176354388358,0.2538482335419261
331,1549540800,253,132,0,385,6,-0.6043176354388358,1.097262851273518
331,1549555200,204,160,0,364,6,-0.6043176354388358,0.945880740398617
331,1549569600,148,234,86,382,6,0.5173654576778521,1.0756368354342465
331,1549584000,40,149,109,189,6,0.8173504709532454,-0.3156368502255591
331,1549598400,10,35,25,45,6,-0.27824696883514743,-1.3536856105105954
331,1549612800,209,67,0,276,6,-0.6043176354388358,0.311517609113317
331,1549627200,290,94,0,384,6,-0.6043176354388358,1.0900541793270941
331,1549641600,191,151,0,342,6,-0.6043176354388358,0.787289957577292
331,1549656000,177,237,60,414,6,0.17825196441001628,1.30631433771981
331,1549670400,47,91,44,138,6,-0.03043326221634428,-0.6832791194931761
331,1549684800,7,12,5,19,6,-0.5391035021180981,-1.5411110811176159
331,1549699200,59,10,0,69,6,-0.6043176354388358,-1.1806774837964227
331,1549713600,153,23,0,176,6,-0.6043176354388358,-0.4093495855290693
331,1549728000,162,39,0,201,6,-0.6043176354388358,-0.22913278686847274
331,1549742400,144,51,0,195,6,-0.6043176354388358,-0.2723848185470159
331,1549756800,50,28,0,78,6,-0.6043176354388358,-1.115799436278608
331,1549771200,20,15,0,35,6,-0.6043176354388358,-1.425772329974834
331,1549785600,38,10,0,48,6,-0.6043176354388358,-1.3320595946713238
331,1549800000,112,12,0,124,6,-0.6043176354388358,-0.7842005267431102
331,1549814400,133,29,0,162,6,-0.6043176354388358,-0.5102709927790035
331,1549828800,87,33,0,120,6,-0.6043176354388358,-0.8130352145288057
331,1549843200,28,25,0,53,6,-0.6043176354388358,-1.2960162349392046
331,1549857600,5,9,4,14,6,-0.5521463287822457,-1.577154440849735
331,1549872000,200,58,0,258,6,-0.6043176354388358,0.18176151407768748
331,1549886400,335,72,0,407,6,-0.6043176354388358,1.2558536340948432
331,1549900800,198,135,0,333,6,-0.6043176354388358,0.7224119100594772
331,1549915200,152,268,116,420,6,0.9086502576022781,1.3495663693983533
331,1549929600,41,142,101,183,7,1.8157795084402726,-0.21154683143566538
331,1549944000,5,36,31,41,7,0.17622430118769233,-1.2042024590377964
331,1549958400,198,60,0,258,7,-0.5498644334527361,0.3127431127203897
331,1549972800,323,92,0,415,7,-0.5498644334527361,1.4102567291537318
331,1549987200,199,154,0,353,7,-0.5498644334527361,0.9768437086513928
331,1550001600,162,278,116,440,7,2.167112767137254,1.5850200438724167
331,1550016000,37,128,91,165,7,1.581557335975618,-0.33737641803311863
331,1550030400,7,38,31,45,7,0.17622430118769233,-1.1762403286828067
331,1550044800,233,53,0,286,7,-0.5498644334527361,0.5084780252053169
331,1550059200,322,108,0,430,7,-0.5498644334527361,1.5151147179849427
331,1550073600,202,157,0,359,7,-0.5498644334527361,1.0187869041838773
331,1550088000,167,272,105,439,7,1.9094683774261343,1.5780295112836693
331,1550102400,49,194,145,243,7,2.846357067284752,0.20788512388917868
331,1550116800,7,51,44,58,7,0.480713125391743,-1.0853634050290906
331,1550131200,226,65,0,291,7,-0.5498644334527361,0.5434306881490539
331,1550145600,358,85,0,443,7,-0.5498644334527361,1.605991641638659
331,1550160000,194,163,0,357,7,-0.5498644334527361,1.0048058390063825
331,1550174400,181,236,55,417,7,0.7383575151028627,1.4242377943312265
331,1550188800,44,194,150,238,7,2.963468153517079,0.17293246094544168
331,1550203200,8,59,51,67,7,0.644668646117001,-1.022448611730364
331,1550217600,213,57,0,270,7,-0.5498644334527361,0.39662950378535855
331,1550232000,347,80,0,427,7,-0.5498644334527361,1.4941431202187005
331,1550246400,229,162,0,391,7,-0.5498644334527361,1.242483947023794
331,1550260800,210,210,0,420,7,-0.5498644334527361,1.4452093920974687
331,1550275200,59,120,61,179,7,0.8788908185816553,-0.23950896179065498
331,1550289600,7,10,3,17,7,-0.4795977817133398,-1.371975241167734
331,1550304000,42,10,0,52,7,-0.5498644334527361,-1.127306600561575
331,1550318400,138,19,0,157,7,-0.5498644334527361,-0.3933006787430978
331,1550332800,141,29,0,170,7,-0.5498644334527361,-0.30242375508938163
331,1550347200,146,35,0,181,7,-0.5498644334527361,-0.2255278966131602
331,1550361600,34,29,0,63,7,-0.5498644334527361,-1.0504107420853535
331,1550376000,9,11,2,20,7,-0.5030199989598052,-1.3510036434014918
331,1550390400,25,11,0,36,7,-0.5498644334527361,-1.2391551219815333
331,1550404800,124,22,0,146,7,-0.5498644334527361,-0.47019653721931925
331,1550419200,133,30,0,163,7,-0.5498644334527361,-0.3513574832106134
331,1550433600,94,30,0,124,7,-0.5498644334527361,-0.6239882541717621
331,1550448000,31,29,0,60,7,-0.5498644334527361,-1.0713823398515958
331,1550462400,13,6,0,19,7,-0.5498644334527361,-1.3579941759902392
331,1550476800,77,12,0,89,7,-0.5498644334527361,-0.8686568947779211
331,1550491200,157,15,0,172,7,-0.5498644334527361,-0.2884426899118868
331,1550505600,127,27,0,154,7,-0.5498644334527361,-0.41427227650934
331,1550520000,87,32,0,119,7,-0.5498644334527361,-0.6589409171154991
331,1550534400,37,34,0,71,8,-0.750427484585743,-1.3775233294235432
331,1550548800,5,7,2,12,8,-0.7033418384940886,-1.8420560835230282
331,1550563200,157,38,0,195,8,-0.750427484585743,-0.40121720216360884
331,1550577600,300,91,0,391,8,-0.750427484585743,1.1419763538279004
331,1550592000,200,112,0,312,8,-0.750427484585743,0.5199748695252002
331,1550606400,142,251,109,393,8,1.8157402274094254,1.1577232268482218
331,1550620800,48,145,97,193,8,1.5332263508594985,-0.41696407518393036
331,1550635200,10,35,25,45,8,-0.16185690844006223,-1.582232678687723
331,1550649600,157,39,0,196,8,-0.750427484585743,-0.3933437656534481
331,1550664000,304,77,0,381,8,-0.750427484585743,1.0632419887262927
331,1550678400,163,125,0,288,8,-0.750427484585743,0.3310123932813419
331,1550692800,127,232,105,359,8,1.7215689352261163,0.8900263855027559
331,1550707200,38,156,118,194,8,2.0276256348218706,-0.4090906386737696
331,1550721600,10,54,44,64,8,0.2854567294306552,-1.4326373849946685
331,1550736000,171,28,0,199,8,-0.750427484585743,-0.3697234561229658
331,1550750400,309,106,0,415,8,-0.750427484585743,1.3309388300717586
331,1550764800,183,125,0,308,8,-0.750427484585743,0.48848112348455713
331,1550779200,154,222,68,376,8,0.8504844825305088,1.023874806175489
331,1550793600,50,143,93,193,8,1.4390550586761897,-0.41696407518393036
331,1550808000,9,51,42,60,8,0.23837108333900073,-1.4641311310353116
331,1550822400,144,35,0,179,8,-0.750427484585743,-0.527192186326181
331,1550836800,310,83,0,393,8,-0.750427484585743,1.1577232268482218
331,1550851200,179,119,0,298,8,-0.750427484585743,0.40974675838294955
331,1550865600,163,225,62,388,8,0.7092275442555454,1.118356044297418
331,1551484800,6156,4771,0,10927,9,-0.8724376245321345,4.120256538134633
331,1551499200,10,51,41,61,9,0.3826480809351467,-0.2938881316323368
331,1551513600,54,32,0,86,9,-0.8724376245321345,-0.28373226776852545
331,1551528000,149,65,0,214,9,-0.8724376245321345,-0.23173424478581126
331,1551542400,125,135,10,260,9,-0.5663191597840171,-0.21304745527639835
331,1551556800,110,174,64,284,9,1.0867205498558166,-0.20329782596713944
331,1551571200,48,109,61,157,9,0.9948850104313813,-0.25488961439530117
331,1551585600,11,58,47,69,9,0.5663191597840171,-0.2906382551959172
331,1551600000,30,27,0,57,9,-0.8724376245321345,-0.2955130698505466
331,1551614400,119,56,0,175,9,-0.8724376245321345,-0.247577392413357
331,1551628800,139,95,0,234,9,-0.8724376245321345,-0.22360955369476218
331,1551643200,88,149,61,237,9,0.9948850104313813,-0.22239085003110481
331,1551657600,22,121,99,143,9,2.1581351764742274,-0.2605768981590355
331,1551672000,6,76,70,82,9,1.270391628704687,-0.28535720598673525
331,1551686400,133,36,0,169,9,-0.8724376245321345,-0.2500147997406717
331,1551700800,278,66,0,344,9,-0.8724376245321345,-0.1789237526939922
331,1551715200,159,106,0,265,9,-0.8724376245321345,-0.21101628250363608
331,1551729600,148,208,60,356,9,0.9642731639565696,-0.17404893803936272
331,1551744000,37,141,104,178,10,1.5369923007087556,-0.5813300190449251
331,1551758400,8,47,39,55,10,0.07548447035873714,-1.453071928590958
331,1551772800,234,66,0,300,10,-0.8014202278512739,0.28332455790317257
331,1551787200,326,121,0,447,10,-0.8014202278512739,1.3251624497996508
331,1551801600,261,148,0,409,10,-0.8014202278512739,1.0558438110781123
331,1551816000,176,280,104,456,10,1.5369923007087556,1.388948443181068
331,1551830400,51,171,120,222,10,1.8967480743333753,-0.2694873847357751
331,1551844800,8,54,46,62,10,0.23287762131950834,-1.4034606004054113
331,1551859200,210,37,0,247,10,-0.8014202278512739,-0.09230406978739446
331,1551873600,364,112,0,476,10,-0.8014202278512739,1.5306950951397724
331,1551888000,230,140,0,370,10,-0.8014202278512739,0.7794378397586385
331,1551902400,172,274,102,446,10,1.492022829005678,1.3180751172017156
331,1551916800,36,160,124,196,10,1.9866870177395304,-0.453758032282091
331,1551931200,7,48,41,55,10,0.12045394206181462,-1.453071928590958
331,1551945600,252,56,0,308,10,-0.8014202278512739,0.34002321868665436
331,1551960000,367,111,0,478,10,-0.8014202278512739,1.544869760335643
331,1551974400,200,139,0,339,10,-0.8014202278512739,0.5597305292226464
331,1551988800,166,251,85,417,10,1.1097823195295193,1.1125424718615942
331,1552003200,44,165,121,209,10,1.919232810184914,-0.3616227085089331
331,1552017600,9,28,19,37,10,-0.3742102466720377,-1.5806439153537921
331,1552032000,210,48,0,258,10,-0.8014202278512739,-0.014343411210106969
331,1552046400,343,96,0,439,10,-0.8014202278512739,1.268463789016169
331,1552060800,217,164,0,381,10,-0.8014202278512739,0.8573984983359259
331,1552075200,164,260,96,424,10,1.3571144138964455,1.1621538000471408
331,1552089600,64,162,98,226,10,1.402083885599523,-0.2411380543440342
331,1552104000,11,67,56,78,10,0.45772497983489574,-1.2900632788384478
331,1552118400,49,21,0,70,10,-0.8014202278512739,-1.3467619396219295
331,1552132800,180,67,0,247,10,-0.8014202278512739,-0.09230406978739446
331,1552147200,190,136,0,326,10,-0.8014202278512739,0.46759520544948846
331,1552161600,131,147,16,278,10,-0.44166445422665396,0.12740324074859757
331,1552176000,45,118,73,163,10,0.8399654893110544,-0.6876400080139535
331,1552194000,16,59,43,75,10,0.1654234137648921,-1.3113252766322534
331,1552208400,47,28,0,75,10,-0.8014202278512739,-1.3113252766322534
331,1552222800,115,36,0,151,10,-0.8014202278512739,-0.7726879991891762
331,1552237200,120,124,4,244,10,-0.7114812844451188,-0.11356606758120014
331,1552251600,82,96,14,178,10,-0.4866339259297314,-0.5813300190449251
331,1552266000,13,93,80,106,10,0.9973586402718255,-1.0916179660962615
331,1552280400,13,20,7,33,10,-0.6440270768905026,-1.608993245745533
331,1552294800,380,77,0,457,10,-0.8014202278512739,1.3960357757790032
331,1552309200,228,91,0,319,10,-0.8014202278512739,0.41798387726394187
331,1552323600,188,159,0,347,10,-0.8014202278512739,0.6164291900061282
331,1552338000,117,222,105,339,10,1.5594770365602943,0.5597305292226464
331,1552352400,40,138,98,178,11,1.2791494170076263,-0.6089993306146569
331,1552366800,12,30,18,42,11,-0.38092862128732313,-1.5636107950688063
331,1552381200,381,95,0,476,11,-0.7544461799036868,1.4827228488510529
331,1552395600,235,88,0,323,11,-0.7544461799036868,0.4087849513401347
331,1552410000,212,167,0,379,11,-0.7544461799036868,0.8018602602330198
331,1552424400,151,248,97,399,11,1.2583984415289393,0.9422442991233358
331,1552438800,30,135,105,165,11,1.424406245358434,-0.7002489558933623
331,1552453200,10,28,18,38,11,-0.38092862128732313,-1.5916876028468696
331,1552467600,398,97,0,495,11,-0.7544461799036868,1.6160876857968531
331,1552482000,234,62,0,296,11,-0.7544461799036868,0.219266498838208
331,1552496400,211,207,0,418,11,-0.7544461799036868,1.0756091360691362
331,1552510800,124,275,151,399,11,2.3789511173780302,0.9422442991233358
331,1552525200,26,151,125,177,11,1.8394257549321715,-0.6160185325591727
331,1552539600,20,31,11,51,11,-0.5261854496381312,-1.500437977568164
331,1552554000,419,96,0,515,11,-0.7544461799036868,1.7564717246871693
331,1552568400,236,82,0,318,11,-0.7544461799036868,0.3736889416175557
331,1552582800,198,188,0,386,11,-0.7544461799036868,0.8509946738446305
331,1552597200,121,245,124,366,11,1.8186747794534845,0.7106106349543143
331,1552611600,41,149,108,190,11,1.4866591717944948,-0.5247689072804672
331,1552626000,12,25,13,37,11,-0.4846834986807575,-1.5987068047913853
331,1552640400,356,75,0,431,11,-0.7544461799036868,1.1668587613478416
331,1552654800,226,90,0,316,11,-0.7544461799036868,0.35965053772852407
331,1552669200,210,203,0,413,11,-0.7544461799036868,1.040513126346557
331,1552683600,139,218,79,357,11,0.8848808829125757,0.6474378174536721
331,1552698000,41,157,116,198,11,1.6526669756239898,-0.46861529172434085
331,1552712400,10,44,34,54,11,-0.048913013628333266,-1.4793803717346166
331,1552726800,92,25,0,117,11,-0.7544461799036868,-1.037170649230121
331,1552741200,169,78,0,247,11,-0.7544461799036868,-0.12467439644306641
331,1552755600,180,130,0,310,11,-0.7544461799036868,0.31753532606142926
331,1552770000,113,162,49,275,11,0.26235161855196976,0.07186325800337612
331,1552784400,38,121,83,159,11,0.9678847848273232,-0.7423641675604572
331,1552798800,12,36,24,48,11,-0.25642276841520195,-1.5214955834017114
331,1552813200,67,25,0,92,11,-0.7544461799036868,-1.212650697843016
331,1552827600,150,70,0,220,11,-0.7544461799036868,-0.3141928489449931
331,1552842000,151,117,0,268,11,-0.7544461799036868,0.02272884439176548
331,1552856400,99,135,36,234,11,-0.007411062670959532,-0.21592402172177186
331,1552870800,28,119,91,147,11,1.133892588656818,-0.8265945908946468
331,1552885200,11,32,21,43,11,-0.3186756948512625,-1.5565915931242904
331,1552899600,367,91,0,458,11,-0.7544461799036868,1.3563772138497683
331,1552914000,214,93,0,307,11,-0.7544461799036868,0.2964777202278819
331,1552928400,214,184,0,398,11,-0.7544461799036868,0.9352250971788201
331,1552942800,127,253,126,380,11,1.8601767304108583,0.8088794621775356
331,1552957200,28,110,82,138,12,1.3276401386720416,-0.8225253966432631
331,1552971600,8,24,16,32,12,-0.3535925997468251,-1.544505496378241
331,1552986000,406,83,0,489,12,-0.7611641726968533,1.568182292101805
331,1553000400,241,93,0,334,12,-0.7611641726968533,0.512456674564809
331,1553014800,228,158,0,386,12,-0.7611641726968533,0.8666355914159303
331,1553029200,133,249,116,382,12,2.1937297311908517,0.8393910593504594
331,1553043600,25,118,93,143,12,1.607845595075186,-0.7884697315614245
331,1553058000,9,27,18,36,12,-0.3026461531280716,-1.5172609643127701
331,1553072400,368,95,0,463,12,-0.7611641726968533,1.3910928336762443
331,1553086800,215,111,0,326,12,-0.7611641726968533,0.45796761043386736
331,1553101200,236,188,0,424,12,-0.7611641726968533,1.1254586460379035
331,1553115600,168,249,81,417,12,1.3021669153626647,1.0777807149233294
331,1553130000,23,111,88,134,12,1.4804794785283022,-0.8497699287087339
331,1553144400,13,27,14,40,12,-0.40453904636557864,-1.4900164322472993
331,1553158800,378,98,0,476,12,-0.7611641726968533,1.4796375628890246
331,1553173200,238,85,0,323,12,-0.7611641726968533,0.43753421138476417
331,1553187600,205,167,0,372,12,-0.7611641726968533,0.7712797291867822
331,1553202000,126,223,97,349,12,1.7097384883126931,0.6146236698103248
331,1553216400,33,120,87,153,12,1.4550062552189253,-0.7203584013977474
331,1553230800,9,32,23,41,12,-0.1752800365811877,-1.4832052992309315
331,1553245200,427,86,0,513,12,-0.7611641726968533,1.73164948449463
331,1553259600,249,91,0,340,12,-0.7611641726968533,0.5533234726630154
331,1553274000,208,194,0,402,12,-0.7611641726968533,0.9756137196778137
331,1553288400,161,231,70,392,12,1.0219614589595203,0.9075023895141365
331,1553302800,41,137,96,178,12,1.6842652650033163,-0.5500800759885545
331,1553317200,14,40,26,54,12,-0.09886036665305742,-1.3946605700181511
331,1553331600,84,36,0,120,12,-0.7611641726968533,-0.945125790937882
331,1553346000,171,81,0,252,12,-0.7611641726968533,-0.04605623277734358
331,1553360400,208,114,0,322,12,-0.7611641726968533,0.43072307836839646
331,1553374800,128,137,9,265,12,-0.5319051629124625,0.042488496435436715
331,1553389200,45,115,70,160,12,1.0219614589595203,-0.6726804702831733
331,1553403600,13,46,33,59,12,0.07945219651257995,-1.3606049049363127
331,1553418000,62,18,0,80,12,-0.7611641726968533,-1.2175711115925907
331,1553432400,164,48,0,212,12,-0.7611641726968533,-0.31850155343205216
331,1553446800,169,120,0,289,12,-0.7611641726968533,0.20595568882826187
331,1553461200,87,134,47,221,12,0.4360773228438547,-0.2572013562847427
331,1553475600,22,85,63,107,12,0.843648895793883,-1.0336705201506622
331,1553490000,9,18,9,27,12,-0.5319051629124625,-1.5785611614600794
331,1553504400,372,75,0,447,12,-0.7611641726968533,1.282114705414361
331,1553518800,217,79,0,296,12,-0.7611641726968533,0.2536336199428359
331,1553533200,198,147,0,345,12,-0.7611641726968533,0.587379137744854
331,1553547600,106,223,117,329,12,2.2192029545002283,0.4784010094829705
331,1553562000,27,114,87,141,13,1.5057303578210164,-0.8073341476947508
331,1553576400,10,15,5,25,13,-0.5954590069827034,-1.5914912385178817
331,1553590800,363,75,0,438,13,-0.7235803097146375,1.2003784038093002
331,1553605200,223,78,0,301,13,-0.7235803097146375,0.2742618396474989
331,1553619600,204,176,0,380,13,-0.7235803097146375,0.8082998583977347
331,1553634000,152,251,99,403,13,1.8132214843776584,0.963779281578183
331,1553648400,24,122,98,146,13,1.7875972238312714,-0.7735342730903054
331,1553662800,11,12,1,23,13,-0.6979560491682507,-1.6050111883596598
331,1553677200,374,92,0,466,13,-0.7235803097146375,1.3896577015941938
331,1553691600,234,92,0,326,13,-0.7235803097146375,0.4432612126697254
331,1553706000,230,156,0,386,13,-0.7235803097146375,0.848859707923069
331,1553720400,144,221,77,365,13,1.2494877523571482,0.7069002345843988
331,1553734800,23,88,65,111,13,0.9419966258005061,-1.0101333953214224
331,1553749200,9,20,11,29,13,-0.4417134437043824,-1.5644513388343255
331,1553763600,380,104,0,484,13,-0.7235803097146375,1.511337250170197
331,1553778000,231,71,0,302,13,-0.7235803097146375,0.281021814568388
331,1553792400,201,202,1,403,13,-0.6979560491682507,0.963779281578183
331,1553806800,120,234,114,354,13,2.1975853925734605,0.6325405104546191
331,1553821200,30,103,73,133,13,1.1469907101716008,-0.8614139470618631
331,1553835600,11,23,12,34,13,-0.4160891831579956,-1.53065146422988
331,1553850000,366,83,0,449,13,-0.7235803097146375,1.2747381279390797
331,1553864400,252,103,0,355,13,-0.7235803097146375,0.6393004853755081
331,1553878800,240,188,0,428,13,-0.7235803097146375,1.1327786546004095
331,1553893200,152,211,59,363,13,0.7882510625221854,0.6933802847426206
331,1553907600,51,152,101,203,13,1.864470005470432,-0.388215702599629
331,1553922001,8,43,35,51,13,0.17326880940890144,-1.4157318905747662
331,1553936400,88,50,0,138,13,-0.7235803097146375,-0.8276140724574179
331,1553950800,154,73,0,227,13,-0.7235803097146375,-0.22597630449829154
331,1553965200,188,132,0,320,13,-0.7235803097146375,0.40270136314439103
331,1553979600,146,143,0,289,13,-0.7235803097146375,0.1931421405968302
331,1553994000,43,139,96,182,13,1.7363487027384978,-0.5301751759382992
331,1554008400,13,52,39,65,13,0.2757658515944487,-1.3210922416823192
331,1554022800,64,27,0,91,13,-0.7235803097146375,-1.1453328937392038
331,1554037200,141,52,0,193,13,-0.7235803097146375,-0.45581545180851957
331,1554051600,146,130,0,276,13,-0.7235803097146375,0.1052624666252724
331,1554066000,99,156,57,255,13,0.7370025414294117,-0.036697006713397866
331,1554080400,34,85,51,119,13,0.5832569781510907,-0.95605359595431
331,1554094800,10,14,4,24,13,-0.6210832675290903,-1.5982512134387707
331,1554109200,413,91,0,504,13,-0.7235803097146375,1.646536748587978
331,1554123600,243,94,0,337,13,-0.7235803097146375,0.517620936799505
331,1554138000,220,206,0,426,13,-0.7235803097146375,1.1192587047586313
331,1554152400,146,247,101,393,13,1.864470005470432,0.8961795323692924
331,1554166800,34,143,109,177,14,2.0313311106766108,-0.5867465678723929
331,1554181200,14,20,6,34,14,-0.5741613565074927,-1.6091054927370414
331,1554195600,363,93,0,456,14,-0.7259376167318093,1.407925740080313
331,1554210000,221,85,0,306,14,-0.7259376167318093,0.33552127343907323
331,1554224400,201,195,0,396,14,-0.7259376167318093,0.978963953423817
331,1554238800,157,256,99,413,14,1.7783706769694163,1.1005031263098242
331,1554253200,27,122,95,149,14,1.6771865034865385,-0.7869287349787576
331,1554267600,12,18,6,30,14,-0.5741613565074927,-1.6377029451808078
331,1554282000,394,93,0,487,14,-0.7259376167318093,1.6295559965195026
331,1554296400,248,86,0,334,14,-0.7259376167318093,0.535703440545438
331,1554310800,223,181,0,404,14,-0.7259376167318093,1.03615885831135
331,1554325200,136,212,76,348,14,1.1965616794428688,0.6357945240986204
331,1554339600,35,124,89,159,14,1.5254102432622219,-0.7154351038693416
331,1554354000,14,27,13,41,14,-0.3970890529124565,-1.5590599509604501
331,1554364533,211,50,0,261,14,-0.7259376167318093,0.013799933446701338
331,1554368400,177,47,0,224,14,-0.7259376167318093,-0.2507265016581378
331,1554382800,236,84,0,320,14,-0.7259376167318093,0.4356123569922556
331,1554397200,227,176,0,403,14,-0.7259376167318093,1.0290094952004083
331,1554411600,129,225,96,354,14,1.702482546857258,0.6786907027642699
331,1554426000,35,137,102,172,14,1.8542588070815746,-0.6224933834271009
331,1554440400,11,29,18,40,14,-0.27060883605885927,-1.5662093140713917
331,1554454800,403,87,0,490,14,-0.7259376167318093,1.6510040858523272
331,1554469200,246,95,0,341,14,-0.7259376167318093,0.5857489823220292
331,1554483600,221,192,0,413,14,-0.7259376167318093,1.1005031263098242
331,1554498000,153,208,55,361,14,0.6653447686577604,0.7287362445408612
331,1554512400,43,135,92,178,14,1.6012983733743802,-0.5795972047614513
331,1554526801,15,40,25,55,14,-0.09353653246382311,-1.4589688674072678
331,1554541200,109,32,0,141,14,-0.7259376167318093,-0.8441236398662905
331,1554555600,207,81,0,288,14,-0.7259376167318093,0.2068327374421245
331,1554570000,200,140,0,340,14,-0.7259376167318093,0.5785996192110876
331,1554584400,135,135,0,270,14,-0.7259376167318093,0.07814420144517571
331,1554598800,45,119,74,164,14,1.14596959270143,-0.6796882883146337
331,1554613200,10,48,38,58,14,0.23531203135552975,-1.437520778074443
331,1554627600,59,30,0,89,14,-0.7259376167318093,-1.2158905216352536
331,1554642000,158,56,0,214,14,-0.7259376167318093,-0.3222201327675538
331,1554656400,162,132,0,294,14,-0.7259376167318093,0.24972891610777406
331,1554670800,84,150,66,234,14,0.9436012457356744,-0.1792328705487218
331,1554685200,23,70,47,93,14,0.46297642169200476,-1.1872930691914871
331,1554699600,12,30,18,42,14,-0.27060883605885927,-1.5519105878495085
331,1554714000,380,80,0,460,14,-0.7259376167318093,1.4365231925240793
331,1554728400,249,72,0,321,14,-0.7259376167318093,0.4427617201031972
331,1554742800,220,154,0,374,14,-0.7259376167318093,0.8216779649831019
331,1554757200,151,261,110,412,14,2.05662715404733,1.0933537631988826
331,1554771600,38,143,105,181,15,1.2489046829429093,-0.4420268624486403
331,1554786000,10,21,11,31,15,-0.6733860337271126,-1.411316536457145
331,1554800400,388,78,0,466,15,-0.8983349473799875,1.3996235181675187
331,1554814800,261,91,0,352,15,-0.8983349473799875,0.6629633659210551
331,1554829200,222,170,0,392,15,-0.8983349473799875,0.9214406123233231
331,1554843600,129,261,132,390,15,1.8010520164545114,0.9085167500032096
331,1554858000,42,116,74,158,15,0.6149577444666255,-0.5906512791299443
331,1554872400,10,26,16,36,15,-0.5711365275212604,-1.3790068806568616
331,1554886800,423,75,0,498,15,-0.8983349473799875,1.6064053152893332
331,1554901200,256,84,0,340,15,-0.8983349473799875,0.5854201920003748
331,1554915600,247,188,0,435,15,-0.8983349473799875,1.199303652205761
331,1554930000,143,284,141,427,15,1.9851011276250454,1.1476082029253074
331,1554944400,24,143,119,167,15,1.5352033003192957,-0.5324938986894341
331,1554958800,11,26,15,37,15,-0.5915864287624308,-1.372544949496805
331,1554973200,406,75,0,481,15,-0.8983349473799875,1.4965524855683692
331,1554987600,244,93,0,337,15,-0.8983349473799875,0.5660343985202047
331,1555002000,202,169,0,371,15,-0.8983349473799875,0.7857400579621324
331,1555016400,136,247,111,383,15,1.371604090389932,0.8632832318828128
331,1555030800,38,159,121,197,15,1.5761031028016366,-0.3386359638877331
331,1555045200,10,25,15,35,15,-0.5915864287624308,-1.3854688118169183
331,1555059600,363,86,0,449,15,-0.8983349473799875,1.2897706884465547
331,1555074000,222,102,0,324,15,-0.8983349473799875,0.48202929343946754
331,1555088400,231,189,0,420,15,-0.8983349473799875,1.1023746848049105
331,1555102800,152,215,63,367,15,0.3900088308137506,0.7598923333219055
331,1555117200,27,138,111,165,15,1.371604090389932,-0.5454177610095474
331,1555131600,6,38,32,44,15,-0.24393810766253324,-1.327311431376408
331,1555146000,26,32,6,58,15,-0.7756355399329649,-1.2368443951356143
331,1555160400,60,81,21,141,15,-0.46888702131540816,-0.7005041088509082
331,1555174800,67,144,77,211,15,0.6763074481901369,-0.24816892764693935
331,1555189200,44,160,116,204,15,1.4738535965957844,-0.2934024457673362
331,1555203600,19,122,103,141,15,1.2080048804605685,-0.7005041088509082
331,1555218000,8,55,47,63,15,0.06281041095502347,-1.2045347393353307
331,1555232400,25,30,5,55,15,-0.7960854411741353,-1.2562301886157843
331,1555246800,44,54,10,98,15,-0.6938359349682831,-0.9783671487333463
331,1555261200,49,104,55,153,15,0.22640962088438704,-0.6229609349302279
331,1555275600,28,143,115,171,15,1.453403695354614,-0.5066461740492073
331,1555290000,17,100,83,117,15,0.7990068556371596,-0.855590456692269
331,1555304400,7,29,22,36,15,-0.4484371200742377,-1.3790068806568616
331,1555318800,373,79,0,452,15,-0.8983349473799875,1.309156481926725
331,1555333200,202,63,0,265,15,-0.8983349473799875,0.10077535499612236
331,1555347600,213,223,10,436,15,-0.6938359349682831,1.2057655833658179
331,1555362000,141,250,109,391,15,1.3307042879075912,0.9149786811632663
331,1555376400,28,127,99,155,16,1.332667820286899,-0.8554677859972063
331,1555390800,11,19,8,30,16,-0.5572974521199761,-1.8051835560300535
331,1555405200,370,74,0,444,16,-0.7234482452986024,1.3402750743187362
331,1555419600,207,91,0,298,16,-0.7234482452986024,0.2310070549203708
331,1555434000,199,184,0,383,16,-0.7234482452986024,0.8768137785427068
331,1555448400,131,272,141,403,16,2.204959484474687,1.0287683017479623
331,1555462800,29,139,110,168,16,1.56112516090751,-0.7566973459137902
331,1555477200,9,33,24,42,16,-0.22499586576272326,-1.7140108421069
331,1555491600,397,81,0,478,16,-0.7234482452986024,1.5985977637676707
331,1555506000,222,93,0,315,16,-0.7234482452986024,0.360168399644838
331,1555520400,209,195,0,404,16,-0.7234482452986024,1.0363660279082252
331,1555534800,119,259,140,378,16,2.184190635327359,0.8388251477413929
331,1555549200,27,134,107,161,16,1.4988186134655253,-0.8098814290356297
331,1555563600,18,34,16,52,16,-0.39114665894134965,-1.6380335805042723
331,1555578000,370,83,0,453,16,-0.7234482452986024,1.4086546097611012
331,1555592400,246,88,0,334,16,-0.7234482452986024,0.5045251966898308
331,1555606800,244,206,0,450,16,-0.7234482452986024,1.3858614312803128
331,1555621200,124,246,122,370,16,1.8103513506754496,0.7780433384592907
331,1555635600,36,155,119,191,16,1.7480448032334648,-0.5819496442277463
331,1555650000,8,43,35,51,16,0.003461474857888,-1.6456313066645352
331,1555664400,234,40,0,274,16,-0.7234482452986024,0.04866162707406414
331,1555678800,214,71,0,285,16,-0.7234482452986024,0.1322366148369547
331,1555693200,196,184,0,380,16,-0.7234482452986024,0.8540206000619185
331,1555707600,127,203,76,330,16,0.8549842898983482,0.47413429204877966
331,1555722000,46,122,76,168,16,0.8549842898983482,-0.7566973459137902
331,1555736400,15,60,45,75,16,0.21114996633117097,-1.4632858788182286
331,1555750800,120,37,0,157,16,-0.7234482452986024,-0.8402723336766807
331,1555765200,223,79,0,302,16,-0.7234482452986024,0.2613979595614219
331,1555779600,237,144,0,381,16,-0.7234482452986024,0.8616183262221813
331,1555794000,200,171,0,371,16,-0.7234482452986024,0.7856410646195535
331,1555808400,70,156,86,226,16,1.0626727813716312,-0.31602922861854915
331,1555822800,15,45,30,60,16,-0.10038277087875348,-1.57725177122217
331,1555837200,90,34,0,124,16,-0.7234482452986024,-1.0909972969653523
331,1555851600,283,75,0,358,16,-0.7234482452986024,0.6868706245361375
331,1555866000,210,163,0,373,16,-0.7234482452986024,0.8008365169400791
331,1555880400,146,140,0,286,16,-0.7234482452986024,0.13983434099721748
331,1555894800,33,127,94,160,16,1.2288235745502576,-0.8174791551958924
331,1555909200,13,33,20,46,16,-0.30807126235203647,-1.683619937465849
331,1555923600,256,57,0,313,16,-0.7234482452986024,0.34497294732431244
331,1555938000,232,88,0,320,16,-0.7234482452986024,0.39815703044615186
331,1555952400,182,169,0,351,16,-0.7234482452986024,0.6336865414142979
331,1555966800,112,227,115,339,16,1.6649694066441516,0.5425138274911446
331,1555981200,38,120,82,158,17,1.1329066358563031,-0.7861754261764436
331,1555995600,14,16,2,30,17,-0.6745797347406478,-1.8026446640611384
331,1556010000,296,59,0,355,17,-0.7197668940055716,0.7782342602554695
331,1556024400,241,79,0,320,17,-0.7197668940055716,0.5002934530213733
331,1556038800,207,162,0,369,17,-0.7197668940055716,0.889410583149108
331,1556053200,106,228,122,334,17,2.0366498211547786,0.6114697759150117
331,1556067600,35,134,99,169,17,1.5169974896081553,-0.6988226010457277
331,1556082000,14,23,9,37,17,-0.5164246773134146,-1.7470565026143192
331,1556096400,292,53,0,345,17,-0.7197668940055716,0.6988226010457277
331,1556110800,209,75,0,284,17,-0.7197668940055716,0.21441147986630282
331,1556125200,199,140,0,339,17,-0.7197668940055716,0.6511756055198826
331,1556139600,120,249,129,369,17,2.194804878582012,0.889410583149108
331,1556154000,28,126,98,154,17,1.4944039099756934,-0.8179400898603404
331,1556168400,12,40,28,52,17,-0.08714666429663873,-1.6279390137997065
331,1556182800,258,54,0,312,17,-0.7197668940055716,0.4367641256535798
331,1556197200,212,86,0,298,17,-0.7197668940055716,0.3255878027599413
331,1556211600,196,195,0,391,17,-0.7197668940055716,1.0641162334105398
331,1556226000,131,241,110,372,17,1.765526865565236,0.9132340809120305
331,1556240400,35,144,109,179,17,1.7429332859327742,-0.6194109418359859
331,1556254800,39,38,0,77,17,-0.7197668940055716,-1.4294098657753522
331,1556269200,280,63,0,343,17,-0.7197668940055716,0.6829402692037794
331,1556283600,207,76,0,283,17,-0.7197668940055716,0.20647031394532864
331,1556298000,169,161,0,330,17,-0.7197668940055716,0.579705112231115
331,1556312400,169,204,35,373,17,0.0710083931305945,0.9211752468330047
331,1556326800,35,108,73,143,17,0.9295644191641462,-0.9052929149910564
331,1556341200,21,56,35,77,17,0.0710083931305945,-1.4294098657753522
331,1556355600,153,48,0,201,17,-0.7197668940055716,-0.444705291574554
331,1556370000,251,84,0,335,17,-0.7197668940055716,0.6194109418359859
331,1556384400,300,174,0,474,17,-0.7197668940055716,1.7232330048513966
331,1556398800,205,154,0,359,17,-0.7197668940055716,0.8099989239393662
331,1556413200,74,131,57,205,17,0.5680671450447561,-0.4129406278906573
331,1556427600,11,75,64,86,17,0.7262222024719892,-1.3579393724865845
331,1556442000,76,35,0,111,17,-0.7197668940055716,-1.15941022446223
331,1556456400,176,65,0,241,17,-0.7197668940055716,-0.12705865473558686
331,1556470800,170,116,0,286,17,-0.7197668940055716,0.23029381170825117
331,1556485200,88,157,69,245,17,0.8391901006342987,-0.09529399105169015
331,1556499600,13,97,84,110,17,1.178093795121227,-1.1673513903832042
331,1556514000,10,19,9,29,17,-0.5164246773134146,-1.8105858299821127
331,1556528400,373,84,0,457,17,-0.7197668940055716,1.5882331841948356
331,1556542800,251,87,0,338,17,-0.7197668940055716,0.6432344395989085
331,1556557200,221,197,0,418,17,-0.7197668940055716,1.2785277132768427
331,1556571600,141,265,124,406,17,2.0818369804197023,1.1832337222251526
331,1556586000,34,131,97,165,18,1.2926337326372177,-0.7518234207527782
331,1556600400,14,20,6,34,18,-0.6516583280237214,-1.6491189654342935
331,1556614800,391,100,0,491,18,-0.7798534089464206,1.4811410644851912
331,1556629200,257,91,0,348,18,-0.7798534089464206,0.5016505080771249
331,1556643600,204,193,0,397,18,-0.7798534089464206,0.8372801392938749
331,1556658000,134,216,82,350,18,0.9721460303304695,0.5153496766982167
331,1556672400,32,168,136,200,18,2.125901758634763,-0.512087969883671
331,1556686800,10,25,15,35,18,-0.4593657066396724,-1.6422693811237477
331,1556701200,405,98,0,503,18,-0.7798534089464206,1.5633360762117423
331,1556715600,229,87,0,316,18,-0.7798534089464206,0.2824638101396555
331,1556730000,234,200,0,434,18,-0.7798534089464206,1.090714758784074
331,1556744400,136,263,127,399,18,1.933609137250714,0.8509793079149668
331,1556758800,31,156,125,187,18,1.8908774436098144,-0.601132565920768
331,1556773200,10,40,30,50,18,-0.13887800433292422,-1.5395256164655589
331,1556787600,379,81,0,460,18,-0.7798534089464206,1.2688039508582678
331,1556802000,245,99,0,344,18,-0.7798534089464206,0.47425217083494126
331,1556816400,227,190,0,417,18,-0.7798534089464206,0.9742718255047933
331,1556830800,146,231,85,377,18,1.0362435707918192,0.7002884530829565
331,1556845200,30,138,108,168,18,1.5276580476621664,-0.7312746678211404
331,1556859600,13,22,9,35,18,-0.5875607875623717,-1.6422693811237477
331,1556874000,365,86,0,451,18,-0.7798534089464206,1.2071576920633544
331,1556888400,232,84,0,316,18,-0.7798534089464206,0.2824638101396555
331,1556902800,217,222,5,439,18,-0.6730241748441712,1.1249626803368036
331,1556917200,147,222,75,369,18,0.8225851025873204,0.6454917785985892
331,1556931600,45,134,89,179,18,1.1217069580736188,-0.6559292404051353
331,1556946000,12,53,41,65,18,0.09614631069202446,-1.43678185180737
331,1556960400,131,22,0,153,18,-0.7798534089464206,-0.8340184324793292
331,1556974800,230,82,0,312,18,-0.7798534089464206,0.25506547289747183
331,1556989200,198,162,0,360,18,-0.7798534089464206,0.5838455198036759
331,1557003600,108,163,55,271,18,0.3952681661783228,-0.02576748383491082
331,1557018000,44,126,82,170,18,0.9721460303304695,-0.7175754992000486
331,1557032400,11,64,53,75,18,0.35253647253742304,-1.3682860087019109
331,1557046800,67,23,0,90,18,-0.7798534089464206,-1.265542244043722
331,1557061200,179,82,0,261,18,-0.7798534089464206,-0.09426332694037
331,1557075600,144,122,0,266,18,-0.7798534089464206,-0.06001540538764041
331,1557090000,90,162,72,252,18,0.7584875621259707,-0.15590958573528327
331,1557104400,17,118,101,135,18,1.3780971199190173,-0.9573109500691558
331,1557118800,12,17,5,29,18,-0.6730241748441712,-1.683366886987023
331,1557133200,397,93,0,490,18,-0.7798534089464206,1.4742914801746454
331,1557147600,236,84,0,320,18,-0.7798534089464206,0.3098621473818392
331,1557162000,218,192,0,410,18,-0.7798534089464206,0.9263247353309718
331,1557176400,141,276,135,417,18,2.104535911814313,0.9742718255047933
331,1557190800,30,134,104,164,19,1.7562856349300169,-0.7184616110391112
331,1557205200,10,24,14,34,19,-0.4507488398158155,-1.595260984368022
331,1557219600,408,80,0,488,19,-0.7940653136651672,1.4667922117190975
331,1557234000,230,95,0,325,19,-0.7940653136651672,0.3674206897759246
331,1557248400,229,225,0,454,19,-0.7940653136651672,1.237475452540767
331,1557262800,162,247,85,409,19,1.2903561347058967,0.9339679771576824
331,1557277200,36,144,108,180,19,1.8543760560298317,-0.6105478420140145
331,1557291600,11,24,13,35,19,-0.47527144509076913,-1.5885163738039536
331,1557306000,403,80,0,483,19,-0.7940653136651672,1.4330691588987547
331,1557320400,239,71,0,310,19,-0.7940653136651672,0.26625153131489643
331,1557334800,225,169,0,394,19,-0.7940653136651672,0.8327988186966543
331,1557349200,139,212,73,351,19,0.9960848714064524,0.5427805644417067
331,1557363600,28,145,117,173,19,2.0750795035044147,-0.6577601159624943
331,1557378000,13,21,8,34,19,-0.5978844714655376,-1.595260984368022
331,1557392400,411,96,0,507,19,-0.7940653136651672,1.5949398124363998
331,1557406800,238,86,0,324,19,-0.7940653136651672,0.36067607921185607
331,1557421200,198,236,38,434,19,0.13779368678307316,1.102583241259396
331,1557435600,136,239,103,375,19,1.7317630296550632,0.7046512179793519
331,1557450000,30,143,113,173,19,1.9769890824046001,-0.6577601159624943
331,1557464400,12,50,38,62,19,0.13779368678307316,-1.4064118885741028
331,1557478800,381,81,0,462,19,-0.7940653136651672,1.2914323370533154
331,1557493200,239,85,0,324,19,-0.7940653136651672,0.36067607921185607
331,1557507600,237,187,0,424,19,-0.7940653136651672,1.0351371356187107
331,1557522000,141,224,83,365,19,1.2413109241559894,0.6372051123386664
331,1557536400,39,100,61,139,19,0.7018136081070081,-0.8870768751408248
331,1557550800,13,33,20,46,19,-0.30361320816609333,-1.5143256575991995
331,1557565200,113,38,0,151,19,-0.7940653136651672,-0.8061415483720022
331,1557579600,203,78,0,281,19,-0.7940653136651672,0.0706578249569086
331,1557594000,217,160,0,377,19,-0.7940653136651672,0.7181404391074889
331,1557608400,161,196,35,357,19,0.06422587095821208,0.5832482278261181
331,1557622800,38,122,84,160,19,1.265833529430943,-0.7454400532953854
331,1557637200,15,42,27,57,19,-0.13195497124141745,-1.4401349413944455
331,1557651600,67,26,0,93,19,-0.7940653136651672,-1.1973289610879778
331,1557666000,189,61,0,250,19,-0.7940653136651672,-0.1384251025292163
331,1557680400,143,123,0,266,19,-0.7940653136651672,-0.030511333504119574
331,1557694800,87,145,58,232,19,0.628245792282147,-0.2598280926824501
331,1557709200,24,85,61,109,19,0.7018136081070081,-1.0894151920628812
331,1557723600,10,21,11,31,19,-0.5243166556406765,-1.6154948160602278
331,1557738000,366,79,0,445,19,-0.7940653136651672,1.17677395746415
331,1557752400,253,63,0,316,19,-0.7940653136651672,0.3067191946993077
331,1557766800,214,166,0,380,19,-0.7940653136651672,0.7383742707996946
331,1557781200,141,247,106,388,19,1.8053308454799242,0.792331155312243
331,1557795600,24,65,41,89,20,0.49438877226517103,-1.2370347601962375
331,1557810000,11,12,1,23,20,-0.5609773489616235,-1.654652633203663
331,1557824400,393,95,0,488,20,-0.5873615019922934,1.2876551084395618
331,1557838800,255,105,0,360,20,-0.5873615019922934,0.47772953654637307
331,1557853200,244,195,0,439,20,-0.5873615019922934,0.9776054754492005
331,1557867600,137,254,117,391,20,2.499584402596081,0.6738833859892547
331,1557882000,38,45,7,83,20,-0.4026724307776044,-1.2750000213787307
331,1557896400,13,8,0,21,20,-0.5873615019922934,-1.6673077202644941
331,1557910800,392,95,0,487,20,-0.5873615019922934,1.2813275649091462
331,1557925200,249,102,0,351,20,-0.5873615019922934,0.42078164477263325
331,1557939600,232,184,0,416,20,-0.5873615019922934,0.8320719742496432
331,1557954000,154,212,58,366,20,0.9429193737865589,0.5156947977288663
331,1557968400,24,73,49,97,20,0.70546199651053,-1.1864144119529132
331,1557982800,10,9,0,19,20,-0.5873615019922934,-1.6799628073253252
331,1557997200,378,93,0,471,20,-0.5873615019922934,1.1800868684224977
331,1558011600,262,74,0,336,20,-0.5873615019922934,0.32586849181640015
331,1558026000,232,151,0,383,20,-0.5873615019922934,0.6232630377459304
331,1558040400,137,186,49,323,20,0.70546199651053,0.24361042592099819
331,1558054800,27,52,25,79,20,0.07224232377445318,-1.3003101955003928
331,1558069200,10,6,0,16,20,-0.5873615019922934,-1.6989454379165718
331,1558083600,370,109,0,479,20,-0.5873615019922934,1.230707216665822
331,1558098000,219,91,0,310,20,-0.5873615019922934,0.1613523600255962
331,1558112400,227,210,0,437,20,-0.5873615019922934,0.9649503883883694
331,1558126800,156,214,58,370,20,0.9429193737865589,0.5410049718505284
331,1558141200,48,151,103,199,20,2.1302062601667027,-0.5410049718505284
331,1558155600,15,62,47,77,20,0.6526936904491902,-1.312965282561224
331,1558170000,158,37,0,195,20,-0.5873615019922934,-0.5663151459721906
331,1558184400,310,98,0,408,20,-0.5873615019922934,0.7814516260063189
331,1558198800,304,180,0,484,20,-0.5873615019922934,1.2623449343178996
331,1558213200,214,191,0,405,20,-0.5873615019922934,0.7624689954150723
331,1558227600,63,149,86,212,20,1.681675658645315,-0.45874690595512646
331,1558242000,19,64,45,83,20,0.5999253843878505,-1.2750000213787307
331,1558256400,107,31,0,138,20,-0.5873615019922934,-0.9269851272058762
331,1558270800,349,91,0,440,20,-0.5873615019922934,0.983933018979616
331,1558285200,284,171,0,455,20,-0.5873615019922934,1.078846171935849
331,1558299600,175,176,1,351,20,-0.5609773489616235,0.42078164477263325
331,1558314000,53,140,87,193,20,1.7080598116759849,-0.5789702330330216
331,1558328400,21,28,7,49,20,-0.4026724307776044,-1.4901365014128591
331,1558342800,327,82,0,409,20,-0.5873615019922934,0.7877791695367344
331,1558357200,217,88,0,305,20,-0.5873615019922934,0.1297146423735185
331,1558371600,183,181,0,364,20,-0.5873615019922934,0.5030397106680352
331,1558386000,97,251,154,348,20,3.4757980647308657,0.40179901418138664
331,1558400400,28,119,91,147,21,1.485228225144019,-0.7862778422443126
331,1558414800,11,21,10,32,21,-0.49546421779598593,-1.6196598870193906
331,1558429200,330,92,0,422,21,-0.739994149023147,1.206592264826526
331,1558443600,200,108,0,308,21,-0.739994149023147,0.38045702044079643
331,1558458000,226,190,0,416,21,-0.739994149023147,1.1631114624904348
331,1558472400,125,274,149,399,21,2.9035018262615533,1.0399158558715103
331,1558486800,41,136,95,177,21,1.5830401976348834,-0.5688738305638575
331,1558501200,14,19,5,33,21,-0.6177291834095665,-1.6124130866300421
331,1558515600,410,96,0,506,21,-0.739994149023147,1.8153234975318002
331,1558530000,247,113,0,360,21,-0.739994149023147,0.7572906406869186
331,1558544400,231,162,0,393,21,-0.739994149023147,0.9964350535354193
331,1558558800,163,247,84,410,21,1.3140572732850062,1.1196306601543438
331,1558573200,34,151,117,185,21,2.121006046334638,-0.5108994274490695
331,1558587600,9,37,28,46,21,-0.05531034158709598,-1.5182046815685115
331,1558602000,396,96,0,492,21,-0.739994149023147,1.7138682920809212
331,1558616400,264,85,0,349,21,-0.739994149023147,0.677575836404085
331,1558630800,199,192,0,391,21,-0.739994149023147,0.9819414527567223
331,1558645200,148,226,78,374,21,1.1673393145487094,0.8587458461377977
331,1558659600,43,146,103,189,21,1.7786641426166123,-0.4819122258916755
331,1558674000,14,31,17,45,21,-0.32429326593697316,-1.52545148195786
331,1558688400,339,76,0,415,21,-0.739994149023147,1.1558646621010864
331,1558702800,251,73,0,324,21,-0.739994149023147,0.4964058266703725
331,1558717200,235,205,0,440,21,-0.739994149023147,1.337034671834799
331,1558731600,158,205,47,363,21,0.4092965277445101,0.7790310418549641
331,1558746000,92,136,44,228,21,0.33593754837636175,-0.19928701070708385
331,1558760400,11,49,38,60,21,0.1892195896400651,-1.4167494761176325
331,1558774800,93,49,0,142,21,-0.739994149023147,-0.8225118441910552
331,1558789200,204,86,0,290,21,-0.739994149023147,0.25001461343252335
331,1558803600,192,151,0,343,21,-0.739994149023147,0.6340950340679941
331,1558818000,123,161,38,284,21,0.1892195896400651,0.20653381109643235
331,1558832400,35,139,104,174,21,1.8031171357393283,-0.5906142317319031
331,1558846800,11,40,29,51,21,-0.03085734846437987,-1.4819706796217689
331,1558861200,69,19,0,88,21,-0.739994149023147,-1.2138390652158744
331,1558875600,179,69,0,248,21,-0.739994149023147,-0.05435100292011378
331,1558890000,163,127,0,290,21,-0.739994149023147,0.25001461343252335
331,1558904400,99,154,55,253,21,0.604920472726239,-0.01811700097337126
331,1558918800,36,121,85,157,21,1.3385102664077222,-0.7138098383508276
331,1558933200,9,27,18,36,21,-0.29984027281425707,-1.5906726854619966
331,1558947600,87,40,0,127,21,-0.739994149023147,-0.9312138500312827
331,1558962000,154,58,0,212,21,-0.739994149023147,-0.3152358169366599
331,1558976400,185,119,0,304,21,-0.739994149023147,0.3514698188834024
331,1558990800,96,132,36,228,21,0.1403136033946329,-0.19928701070708385
331,1559005200,43,113,70,156,22,0.7790383223388694,-0.9229190782190384
331,1559019600,13,25,12,38,22,-0.4744209598391264,-1.6839817989600625
331,1559034000,302,89,0,391,22,-0.7337573630483669,0.5927566791889334
331,1559048400,215,116,0,331,22,-0.7337573630483669,0.20577563474434485
331,1559062800,201,159,0,360,22,-0.7337573630483669,0.39281647289256266
331,1559077200,134,265,131,399,22,2.097331705319175,0.6443541517815452
331,1559091600,21,134,113,155,22,1.7083271005053144,-0.9293687622931149
331,1559106000,10,21,11,31,22,-0.4960323267732298,-1.729129587478598
331,1559120400,363,94,0,457,22,-0.7337573630483669,1.0184358280779808
331,1559134800,216,104,0,320,22,-0.7337573630483669,0.13482910992950362
331,1559149200,224,187,0,411,22,-0.7337573630483669,0.7217503606704629
331,1559163600,104,245,141,349,22,2.3134453746602093,0.3218699480777214
331,1559178000,21,106,85,127,22,1.10320882635042,-1.1099599163672562
331,1559192400,7,20,13,27,22,-0.45280959290502304,-1.7549283237749038
331,1559206800,379,89,0,468,22,-0.7337573630483669,1.089382352892822
331,1559221200,230,86,0,316,22,-0.7337573630483669,0.1090303736331977
331,1559235600,216,199,0,415,22,-0.7337573630483669,0.7475490969667687
331,1559250000,125,259,134,384,22,2.1621658061214855,0.5476088906703981
331,1559264400,22,132,110,154,22,1.6434929997030043,-0.9358184463671914
331,1559278800,9,27,18,36,22,-0.3447527582345062,-1.6968811671082156
331,1559293200,394,100,0,494,22,-0.7337573630483669,1.2570741388188105
331,1559307600,245,101,0,346,22,-0.7337573630483669,0.30252089585549197
331,1559322000,232,221,0,453,22,-0.7337573630483669,0.9926370917816749
331,1559336400,155,219,64,374,22,0.6493701207342492,0.4831120499296333
331,1559350800,59,149,90,208,22,1.211265661020937,-0.5875355063670616
331,1559365200,20,67,47,87,22,0.28197688285449174,-1.3679472793303151
331,1559379600,165,40,0,205,22,-0.7337573630483669,-0.6068845585892911
331,1559394000,364,111,0,475,22,-0.7337573630483669,1.1345301414113573
331,1559408400,372,173,0,545,22,-0.7337573630483669,1.5860080265967107
331,1559422800,231,228,0,459,22,-0.7337573630483669,1.0313351962261337
331,1559437200,71,163,92,234,22,1.2544883948891437,-0.4198437204410733
331,1559451600,16,68,52,84,22,0.3900337175250086,-1.3872963315525446
331,1559466000,97,33,0,130,22,-0.7337573630483669,-1.0906108641450267
331,1559480400,308,99,0,407,22,-0.7337573630483669,0.695951624374157
331,1559494800,328,187,0,515,22,-0.7337573630483669,1.3925175043744165
331,1559509200,172,201,29,373,22,-0.10702772195936902,0.4766623658555568
331,1559523600,47,136,89,183,22,1.1896542940868335,-0.7487776082189735
331,1559538000,15,36,21,51,22,-0.279918657432196,-1.6001359059970683
331,1559552400,403,82,0,485,22,-0.7337573630483669,1.199026982152122
331,1559566800,259,88,0,347,22,-0.7337573630483669,0.30897057992956845
331,1559581200,228,188,0,416,22,-0.7337573630483669,0.7539987810408453
331,1559595600,131,235,104,366,22,1.513824798098384,0.4315145773370215
331,1559610000,32,126,94,158,23,1.42959180911724,-0.7762329219553078
331,1559624400,10,21,11,31,23,-0.497537752593007,-1.654744783977292
331,1559638800,342,76,0,418,23,-0.7529404655907506,1.022295299507022
331,1559653200,252,97,0,349,23,-0.7529404655907506,0.5449935791958653
331,1559667600,225,156,0,381,23,-0.7529404655907506,0.7663508987604597
331,1559682000,134,220,86,354,23,1.2438443814825173,0.5795806603778332
331,1559696400,54,133,79,187,23,1.081315382302135,-0.5756278510998941
331,1559710800,8,37,29,45,23,-0.07960604041488116,-1.557900956667782
331,1559725200,413,102,0,515,23,-0.7529404655907506,1.693284674437199
331,1559739600,249,100,0,349,23,-0.7529404655907506,0.5449935791958653
331,1559754000,234,207,0,441,23,-0.7529404655907506,1.1813958729440743
331,1559768400,132,233,101,365,23,1.5921208082976221,0.6556722389781625
331,1559782800,42,159,117,201,23,1.9636156635670674,-0.47878402379038404
331,1559797200,10,20,10,30,23,-0.5207561810473473,-1.6616622002136856
331,1559811600,333,82,0,415,23,-0.7529404655907506,1.0015430507978413
331,1559826000,253,90,0,343,23,-0.7529404655907506,0.5034890817775038
331,1559840400,235,163,0,398,23,-0.7529404655907506,0.8839469747791505
331,1559854800,121,235,114,356,23,1.8939603782040464,0.5934154928506203
331,1559869200,39,151,112,190,23,1.8475235212953658,-0.5548756023907133
331,1559883600,10,26,16,36,23,-0.38144561032130536,-1.6201577027953242
331,1559898000,388,114,0,502,23,-0.7529404655907506,1.6033582633640826
331,1559912400,297,117,0,414,23,-0.7529404655907506,0.9946256345614478
331,1559926800,268,192,0,460,23,-0.7529404655907506,1.3128267814355523
331,1559941200,175,239,64,414,23,0.7330389554870302,0.9946256345614478
331,1559955600,46,142,96,188,23,1.4760286660259205,-0.5687104348635005
331,1559970000,10,56,46,66,23,0.31510724330890433,-1.412635215703517
331,1559984400,106,36,0,142,23,-0.7529404655907506,-0.8869115817376051
331,1559998800,188,53,0,241,23,-0.7529404655907506,-0.20208737433464097
331,1560013200,196,105,0,301,23,-0.7529404655907506,0.2129575998489736
331,1560027600,144,141,0,285,23,-0.7529404655907506,0.1022789400666764
331,1560042000,44,115,71,159,23,0.8955679546674125,-0.7693155057189143
331,1560056400,12,51,39,63,23,0.15257824412852208,-1.4333874644126976
331,1560070800,80,17,0,97,23,-0.7529404655907506,-1.198195312375316
331,1560085200,180,52,0,232,23,-0.7529404655907506,-0.26434412046218314
331,1560099600,152,124,0,276,23,-0.7529404655907506,0.040022193939134205
331,1560114000,82,130,48,212,23,0.361544100217585,-0.4026924451900547
331,1560128400,32,108,76,140,23,1.011660096939114,-0.9007464142103921
331,1560142800,10,27,17,37,23,-0.35822718186696506,-1.6132402865589306
331,1560157200,373,95,0,468,23,-0.7529404655907506,1.368166111326701
331,1560171600,270,101,0,371,23,-0.7529404655907506,0.697176736396524
331,1560186000,185,166,0,351,23,-0.7529404655907506,0.5588284116686525
331,1560200400,116,252,136,368,23,2.4047658041995335,0.6764244876873432
331,1560214800,41,98,57,139,24,0.23496346826711328,-1.1211621577723188
331,1560229200,22,165,143,187,24,1.773896382943769,-0.8688149565122495
331,1560243600,472,111,0,583,24,-0.785026951925554,1.2130494538833225
331,1560258000,279,102,0,381,24,-0.785026951925554,0.15108831524719737
331,1560272400,215,177,0,392,24,-0.785026951925554,0.20891788220262994
331,1560286800,169,239,70,408,24,0.46759286234614267,0.29303361595598637
331,1560301200,48,215,167,263,24,2.203366033551208,-0.46926522118380637
331,1560315600,16,27,11,43,24,-0.5881866953971445,-1.6258565602924575
331,1560344400,691,208,0,899,24,-0.785026951925554,2.874335195512112
331,1560358800,213,206,0,419,24,-0.785026951925554,0.35086318291141894
331,1560373200,163,233,70,396,24,0.46759286234614267,0.22994681564096905
331,1560387600,41,174,133,215,24,1.5949506951906696,-0.7216124224438757
331,1560402000,15,36,21,51,24,-0.40924100764404503,-1.5837986934157793
331,1560416400,391,121,0,512,24,-0.785026951925554,0.8397858853528032
331,1560430800,256,78,0,334,24,-0.785026951925554,-0.09600165265328717
331,1560445200,195,178,0,373,24,-0.785026951925554,0.10903044837051916
331,1560459600,168,284,116,452,24,1.2907430260104005,0.5243518837777166
331,1560474000,54,181,127,235,24,1.4875832825388098,-0.6164677552521801
331,1560488400,21,33,12,54,24,-0.5702921266218346,-1.5680269933370248
331,1560502800,402,106,0,508,24,-0.785026951925554,0.8187569519144641
331,1560517200,273,92,0,365,24,-0.785026951925554,0.06697258149384094
331,1560531600,258,211,0,469,24,-0.785026951925554,0.6137248508906578
331,1560546000,171,253,82,424,24,0.6823276876498621,0.37714934970934283
331,1561165200,7483,5745,0,13228,25,-0.6367092818282368,4.118487979213122
331,1561179600,18,73,55,91,25,0.9878839888159756,-0.3123183906929286
331,1561194000,158,37,0,195,25,-0.6367092818282368,-0.27724159519393876
331,1561208400,372,92,0,464,25,-0.6367092818282368,-0.18651411452828243
331,1561222800,320,160,0,480,25,-0.6367092818282368,-0.18111768445151474
331,1561237200,246,189,0,435,25,-0.6367092818282368,-0.19629514404242382
331,1561251600,101,177,76,278,25,1.6081832376074021,-0.2492476141707065
331,1561266000,14,54,40,68,25,0.5448130968220994,-0.3200757589282821
331,1561280400,113,41,0,154,25,-0.6367092818282368,-0.29106994726565594
331,1561294800,338,91,0,429,25,-0.6367092818282368,-0.19831880532121168
331,1561309200,292,127,0,419,25,-0.6367092818282368,-0.20169157411919147
331,1561323600,153,165,12,318,25,-0.28225256823313594,-0.23575653897878737
331,1561338000,36,134,98,170,25,2.258020545865087,-0.2856735171888883
331,1561352400,15,29,14,44,25,-0.22317644930061914,-0.3281704040434336
331,1561366800,294,93,0,387,25,-0.6367092818282368,-0.2124844342727268
331,1561381200,219,113,0,332,25,-0.6367092818282368,-0.23103466266161565
331,1561395600,198,183,0,381,25,-0.6367092818282368,-0.21450809555151468
331,1561410000,170,263,93,433,25,2.110330248533795,-0.19696969780201978
331,1561424400,41,160,119,201,26,1.877696151895369,-0.7226580314140344
331,1561438800,23,44,21,67,26,-0.31108814751027786,-1.7258941934264136
331,1561453200,346,106,0,452,26,-0.7801133545257736,1.156538063101691
331,1561467600,257,86,0,343,26,-0.7801133545257736,0.34047282683788993
331,1561482000,277,207,0,484,26,-0.7801133545257736,1.3961168480598711
331,1561496400,196,255,59,451,26,0.5376241318510955,1.1490512260717478
331,1561510800,52,191,139,243,26,2.3243868252434603,-0.40821087615642293
331,1561525200,14,32,18,46,26,-0.37809174851249155,-1.8831177710552194
331,1561539600,362,111,0,473,26,-0.7801133545257736,1.3137616407304966
331,1561554000,283,138,0,421,26,-0.7801133545257736,0.924446115173454
331,1561568400,232,203,0,435,26,-0.7801133545257736,1.0292618335926578
331,1561582800,184,242,58,426,26,0.5152895981836909,0.9618803003231696
331,1561597200,52,180,128,232,26,2.0787069549020103,-0.49056608348579733
331,1561611600,22,46,24,68,26,-0.24408454650806416,-1.7184073563964706
331,1561626000,347,83,0,430,26,-0.7801133545257736,0.9918276484429421
331,1561640400,270,101,0,371,26,-0.7801133545257736,0.5501042636762975
331,1561654800,207,159,0,366,26,-0.7801133545257736,0.5126700785265819
331,1561669200,178,266,88,444,26,1.1853256082058277,1.096643366862146
331,1561683600,82,208,126,290,26,2.034037887567201,-0.05632953574909588
331,1561698000,17,57,40,74,26,0.1132679921704088,-1.6734863342168116
331,1561712400,313,73,0,386,26,-0.7801133545257736,0.6624068191254445
331,1561726800,235,94,0,329,26,-0.7801133545257736,0.23565710841868615
331,1561741200,267,182,0,449,26,-0.7801133545257736,1.1340775520118616
331,1561755600,174,209,35,383,26,0.0015953238333859946,0.6399463080356151
331,1561770000,64,182,118,246,26,1.8553616182279644,-0.38575036506659355
331,1561784400,14,73,59,87,26,0.5376241318510955,-1.576157452827551
331,1561798800,134,42,0,176,26,-0.7801133545257736,-0.9098289571626126
331,1561813200,206,96,0,302,26,-0.7801133545257736,0.03351250861022166
331,1561827600,214,139,0,353,26,-0.7801133545257736,0.4153411971373212
331,1561842000,135,161,26,296,26,-0.19941547917325506,-0.011408513569437109
331,1561856400,50,142,92,192,26,1.274663742875446,-0.7900395646835225
331,1561870800,9,66,57,75,26,0.49295506451628635,-1.6659994971868686
331,1561885200,78,32,0,110,26,-0.7801133545257736,-1.403960201138859
331,1561899600,244,77,0,321,26,-0.7801133545257736,0.17576241217914113
331,1561914000,195,152,0,347,26,-0.7801133545257736,0.37042017495766244
331,1561928400,136,170,34,306,26,-0.020739209834018564,0.06345985672999419
331,1561942800,39,153,114,192,26,1.7660234835583464,-0.7900395646835225
331,1561957200,19,56,37,75,26,0.04626439116819511,-1.6659994971868686
331,1561971600,319,77,0,396,26,-0.7801133545257736,0.7372751894248758
331,1561986000,235,113,0,348,26,-0.7801133545257736,0.37790701198760557
331,1562000400,231,176,0,407,26,-0.7801133545257736,0.8196303967542502
331,1562014800,164,239,75,403,26,0.8949766705295684,0.7896830486344777
331,1562029200,29,141,112,170,27,2.0709543000857384,-0.7121115631774582
331,1562043600,12,27,15,39,27,-0.32321931471258686,-1.7756397446656162
331,1562058000,319,79,0,398,27,-0.6934523479288227,1.13891458475613
331,1562072400,241,143,0,384,27,-0.6934523479288227,1.0252550844444184
331,1562086800,205,156,0,361,27,-0.6934523479288227,0.8385287625037494
331,1562101200,169,220,51,389,27,0.5653399650063793,1.0658477631271726
331,1562115600,35,160,125,195,27,2.3918229288731427,-0.5091481697636875
331,1562130000,17,34,17,51,27,-0.2738549102837554,-1.6782173158270064
331,1562144400,293,73,0,366,27,-0.6934523479288227,0.8791214411865036
331,1562158800,238,83,0,321,27,-0.6934523479288227,0.5137873330417164
331,1562173200,233,222,0,455,27,-0.6934523479288227,1.601671121739527
331,1562187600,185,243,58,428,27,0.7381153805072893,1.3824706568526548
331,1562202000,50,151,101,201,27,1.7994500757271654,-0.46043695534438256
331,1562216400,8,33,25,41,27,-0.07639729256842961,-1.7594026731925145
331,1562230800,85,45,0,130,27,-0.6934523479288227,-1.0368529926394912
331,1562245200,139,52,0,191,27,-0.6934523479288227,-0.5416223127098908
331,1562259600,193,119,0,312,27,-0.6934523479288227,0.440720511412759
331,1562274000,101,150,49,251,27,0.5159755605775478,-0.05451016851684132
331,1562288400,39,136,97,175,27,1.7007212668695024,-0.671518884494704
331,1562302800,16,56,40,72,27,0.29383574064780627,-1.507728065359439
331,1562317200,181,68,0,249,27,-0.6934523479288227,-0.07074723998994296
331,1562331600,186,102,0,288,27,-0.6934523479288227,0.2458756537355392
331,1562346000,210,153,0,363,27,-0.6934523479288227,0.8547658339768511
331,1562360400,136,147,11,283,27,-0.4219481235702498,0.2052829750527851
331,1562374800,45,174,129,219,27,2.4905517377308057,-0.3143033120864677
331,1562389200,11,50,39,61,27,0.2691535384333905,-1.597031958461498
331,1562403600,138,40,0,178,27,-0.6934523479288227,-0.6471632772850515
331,1562418000,227,86,0,313,27,-0.6934523479288227,0.44883904714930983
331,1562432400,277,144,0,421,27,-0.6934523479288227,1.325640906696799
331,1562446800,163,166,3,329,27,-0.6194057412855756,0.5787356189341231
331,1562461200,64,160,96,224,27,1.6760390646550867,-0.2737106334037136
331,1562475600,12,53,41,65,27,0.318517942862222,-1.5645578155152948
331,1562490000,99,51,0,150,27,-0.6934523479288227,-0.8744822779084747
331,1562504400,265,76,0,341,27,-0.6934523479288227,0.6761580477727329
331,1562518800,243,146,0,389,27,-0.6934523479288227,1.0658477631271726
331,1562533200,160,160,0,320,27,-0.6934523479288227,0.5056687973051656
331,1562547600,46,124,78,170,27,1.2317594247956039,-0.7121115631774582
331,1562562000,28,32,4,60,27,-0.5947235390711598,-1.6051504941980488
331,1562576400,351,74,0,425,27,-0.6934523479288227,1.3581150496430021
331,1562590800,233,111,0,344,27,-0.6934523479288227,0.7005136549823854
331,1562605200,204,169,0,373,27,-0.6934523479288227,0.9359511913423594
331,1562619600,120,209,89,329,27,1.5032636491541769,0.5787356189341231
331,1562634000,45,131,86,176,28,1.2366248403743723,-0.7745423264305092
331,1562648400,13,35,22,48,28,-0.19677212854598675,-1.6791566099174566
331,1562662800,334,70,0,404,28,-0.6895023366123602,0.8368018660306157
331,1562677200,249,113,0,362,28,-0.6895023366123602,0.5399753042614611
331,1562691600,288,175,0,463,28,-0.6895023366123602,1.2537725123253805
331,1562706000,190,261,71,451,28,0.9006724257836631,1.1689649232484791
331,1562720400,30,150,120,180,28,1.9981169801133132,-0.7462731300715422
331,1562734800,16,24,8,40,28,-0.5103277154973153,-1.7356950026353908
331,1562749200,335,73,0,408,28,-0.6895023366123602,0.8650710623895829
331,1562763600,252,130,0,382,28,-0.6895023366123602,0.6813212860562966
331,1562778000,222,156,0,378,28,-0.6895023366123602,0.6530520896973295
331,1562792400,148,226,78,374,28,1.0574502192593274,0.6247828933383625
331,1562806800,36,160,124,196,28,2.0877042906708354,-0.6331963446356738
331,1562821200,21,40,19,61,28,-0.2639626114641286,-1.5872817217508135
331,1562835600,323,90,0,413,28,-0.6895023366123602,0.9004075578382917
331,1562850000,261,85,0,346,28,-0.6895023366123602,0.4268985188255927
331,1562864400,222,188,0,410,28,-0.6895023366123602,0.8792056605690663
331,1562878800,123,228,105,351,28,1.662164565522604,0.4622350142743016
331,1562893200,43,176,133,219,28,2.289275739425261,-0.4706484655716129
331,1562907600,23,32,9,55,28,-0.4879308878579347,-1.6296855162892643
331,1562922000,329,65,0,394,28,-0.6895023366123602,0.7661288751331979
331,1562936400,244,95,0,339,28,-0.6895023366123602,0.37742742519740025
331,1562950800,213,195,0,408,28,-0.6895023366123602,0.8650710623895829
331,1562965200,164,237,73,401,28,0.9454660810624244,0.8155999687613904
331,1562979600,58,179,121,237,28,2.020513807752694,-0.34343708195626094
331,1562994000,15,58,43,73,28,0.27356125188100605,-1.5024741326739122
331,1563008400,160,45,0,205,28,-0.6895023366123602,-0.5695906528279978
331,1563022800,306,100,0,406,28,-0.6895023366123602,0.8509364642100993
331,1563037200,327,123,0,450,28,-0.6895023366123602,1.1618976241587375
331,1563051600,145,93,0,238,28,-0.6895023366123602,-0.33636978286651914
331,1563066000,0,10,10,10,28,-0.4655340602185541,-1.9477139753276442
331,1563080400,13,43,30,56,28,-0.017597507430941885,-1.6226182171995225
331,1563094800,114,27,0,141,28,-0.6895023366123602,-1.0218977945714716
331,1563109200,274,75,0,349,28,-0.6895023366123602,0.44810041609481804
331,1563123600,280,150,0,430,28,-0.6895023366123602,1.0205516423639018
331,1563138000,148,171,23,319,28,-0.17437530090660616,0.23608144340256473
331,1563152400,42,135,93,177,28,1.3934026338500365,-0.7674750273407676
331,1563166800,28,37,9,65,28,-0.4879308878579347,-1.5590125253918465
331,1563181200,344,81,0,425,28,-0.6895023366123602,0.9852151469151931
331,1563195600,280,99,0,379,28,-0.6895023366123602,0.6601193887870713
331,1563210000,223,161,0,384,28,-0.6895023366123602,0.6954558842357802
331,1563224400,138,254,116,392,28,1.9085296695557907,0.7519942769537145
331,1563238800,35,151,116,186,29,1.8150341797568117,-0.8171157555873682
331,1563253200,18,42,24,60,29,-0.19623397928543673,-1.7921273854787667
331,1563267600,342,67,0,409,29,-0.7209126294703712,0.908500065569631
331,1563282000,258,112,0,370,29,-0.7209126294703712,0.6067107515556267
331,1563296400,217,186,0,403,29,-0.7209126294703712,0.8620709403367073
331,1563310800,139,229,90,368,29,1.2466323087231328,0.5912343764779855
331,1563325200,42,172,130,214,29,2.1210967256980235,-0.6004465045003906
331,1563339600,21,45,24,66,29,-0.19623397928543673,-1.745698260245843
331,1563354000,325,76,0,401,29,-0.7209126294703712,0.8465945652590661
331,1563368400,264,125,0,389,29,-0.7209126294703712,0.7537363147932186
331,1563382800,231,200,0,431,29,-0.7209126294703712,1.0787401914236847
331,1563397200,146,244,98,390,29,1.421525192118111,0.7614745023320392
331,1563411600,39,149,110,188,29,1.683864517210578,-0.8016393805097268
331,1563426000,23,34,11,57,29,-0.4804349148022762,-1.8153419480952286
331,1563440400,326,89,0,415,29,-0.7209126294703712,0.9549291908025548
331,1563454800,231,91,0,322,29,-0.7209126294703712,0.23527774969223678
331,1563469200,215,166,0,381,29,-0.7209126294703712,0.6918308144826536
331,1563483600,164,249,85,413,29,1.1373242566012716,0.9394528157249136
331,1563498000,45,157,112,202,29,1.7275877380593225,-0.6933047549662381
331,1563512400,24,30,6,54,29,-0.5897429669241375,-1.8385565107116906
331,1563526800,307,70,0,377,29,-0.7209126294703712,0.6608780643273711
331,1563541200,253,101,0,354,29,-0.7209126294703712,0.4828997509344967
331,1563555600,214,171,0,385,29,-0.7209126294703712,0.7227835646379361
331,1563570000,233,243,10,476,29,-0.5022965252266485,1.4269586306706128
331,1563584400,58,156,98,214,29,1.421525192118111,-0.6004465045003906
331,1563598800,20,68,48,88,29,0.32844467089949764,-1.5754581343917893
331,1563613200,144,57,0,201,29,-0.7209126294703712,-0.7010429425050587
331,1563627600,313,103,0,416,29,-0.7209126294703712,0.9626673783413754
331,1563642000,245,149,0,394,29,-0.7209126294703712,0.7924272524873217
331,1563656400,185,199,14,384,29,-0.4148500835291594,0.7150453770991154
331,1563670800,69,166,97,235,29,1.3996635816937386,-0.43794456618515754
331,1563685200,15,70,55,85,29,0.4814759438701035,-1.5986726970082512
331,1563699600,108,45,0,153,29,-0.7209126294703712,-1.0724759443684486
331,1563714000,278,65,0,343,29,-0.7209126294703712,0.3977796880074699
331,1563728400,269,144,0,413,29,-0.7209126294703712,0.9394528157249136
331,1563742800,143,154,11,297,29,-0.4804349148022762,0.04182306122172116
331,1563757200,39,152,113,191,29,1.7494493484836948,-0.778424817893265
331,1563771600,19,31,12,50,29,-0.45857330437790395,-1.869509260866973
331,1563786000,330,79,0,409,29,-0.7209126294703712,0.908500065569631
331,1563800400,261,104,0,365,29,-0.7209126294703712,0.5680198138615236
331,1563814800,201,170,0,371,29,-0.7209126294703712,0.6144489390944473
331,1563829200,103,224,121,327,29,1.924342231878673,0.2739686873863399
331,1563843600,16,142,126,158,30,1.6863048129113556,-0.797240293940676
331,1563858000,9,24,15,33,30,-0.5585704120437386,-1.7069363476656378
331,1563872400,334,85,0,419,30,-0.8619319289295622,1.1022050662370442
331,1563886800,253,114,0,367,30,-0.8619319289295622,0.7237715078874601
331,1563901200,206,164,0,370,30,-0.8619319289295622,0.7456042131768592
331,1563915600,130,253,123,383,30,1.6256325095341908,0.8402126027642552
331,1563930000,19,133,114,152,30,1.4436155994026967,-0.8409057045194741
331,1563944400,10,33,23,43,30,-0.39677760303796605,-1.6341606633676409
331,1563958800,347,90,0,437,30,-0.8619319289295622,1.2332012979734388
331,1563973200,248,95,0,343,30,-0.8619319289295622,0.5491098655722675
331,1563987600,212,189,0,401,30,-0.8619319289295622,0.9712088345006498
331,1564002000,149,249,100,398,30,1.1604781836425948,0.9493761292112507
331,1564016400,23,169,146,192,30,2.090786835425787,-0.5498029673274863
331,1564030800,7,46,39,53,30,-0.07319198502642095,-1.561384979069644
331,1564045200,329,80,0,409,30,-0.8619319289295622,1.0294293819390474
331,1564059600,285,108,0,393,30,-0.8619319289295622,0.9129882870622522
331,1564074000,221,153,0,374,30,-0.8619319289295622,0.774714486896058
331,1564088400,171,225,54,396,30,0.2301695318594026,0.9348209923516513
331,1564102800,27,148,121,175,30,1.5851843072827478,-0.6735216306340811
331,1564117200,8,33,25,41,30,-0.3563294007865229,-1.6487158002272402
331,1564131600,302,67,0,369,30,-0.8619319289295622,0.7383266447470596
331,1564146000,238,104,0,342,30,-0.8619319289295622,0.5418322971424678
331,1564160400,219,190,0,409,30,-0.8619319289295622,1.0294293819390474
331,1564174800,161,226,65,387,30,0.45263464424233985,0.8693228764834541
331,1564189200,30,151,121,181,30,1.5851843072827478,-0.629856220055283
331,1564203600,8,65,57,73,30,0.2908418352365673,-1.41583361047365
331,1564218000,55,46,0,101,30,-0.8619319289295622,-1.2120616944392586
331,1564232400,230,162,0,392,30,-0.8619319289295622,0.9057107186324526
331,1564246800,229,269,40,498,30,-0.052967883900699377,1.67713297219122
331,1564261200,100,173,73,273,30,0.6144274532481124,0.039680075486288886
331,1564275600,52,153,101,205,30,1.1807022847683164,-0.4551945777400903
331,1564290000,11,55,44,66,30,0.027928520602186903,-1.4667765894822478
331,1564304400,62,46,0,108,30,-0.8619319289295622,-1.1611187154306606
331,1564318800,116,90,0,206,30,-0.8619319289295622,-0.44791700931029066
331,1564333200,106,135,29,241,30,-0.27543299628363666,-0.19320211426730133
331,1564347600,55,164,109,219,30,1.342495093774089,-0.3533086197228946
331,1564362000,28,142,114,170,30,1.4436155994026967,-0.7099094727830796
331,1564376400,7,33,26,40,30,-0.3361052996608013,-1.6559933686570398
331,1564390800,299,72,0,371,30,-0.8619319289295622,0.752881781606659
331,1564405200,238,99,0,337,30,-0.8619319289295622,0.5054444549934693
331,1564419600,210,147,0,357,30,-0.8619319289295622,0.6509958235894632
331,1564434000,115,240,125,355,30,1.666080711785634,0.6364406867298639
331,1564448400,28,55,27,83,31,0.24329685003932278,-1.1941606690585564
331,1564462800,16,9,0,25,31,-0.5569892353692111,-1.5876908895437625
331,1564477200,319,83,0,402,31,-0.5569892353692111,0.970255543610077
331,1564491600,249,88,0,337,31,-0.5569892353692111,0.5292302965145874
331,1564506000,196,208,12,404,31,-0.20130653074319607,0.9838255512130152
331,1564520400,121,223,102,344,31,2.466313753951917,0.5767253231248709
331,1564534800,38,64,26,102,31,0.21365662465382151,-1.065245596830644
331,1564549200,12,13,1,25,31,-0.5273490099837098,-1.5876908895437625
331,1564563600,329,73,0,402,31,-0.5569892353692111,0.970255543610077
331,1564578000,195,96,0,291,31,-0.5569892353692111,0.21712012164701025
331,1564592400,186,154,0,340,31,-0.5569892353692111,0.5495853079189946
331,1564606800,116,227,111,343,31,2.733075782421428,0.5699403193234018
331,1564621200,30,39,9,69,31,-0.29022720689969983,-1.2891507222791234
331,1564635600,12,8,0,20,31,-0.5569892353692111,-1.6216159085511077
331,1564650000,329,82,0,411,31,-0.5569892353692111,1.0313205778232986
331,1564664400,246,101,0,347,31,-0.5569892353692111,0.5970803345292782
331,1564678800,217,137,0,354,31,-0.5569892353692111,0.6445753611395617
331,1564693200,146,240,94,386,31,2.229191950867907,0.8616954827865719
331,1564707600,37,61,24,98,31,0.154376173882819,-1.0923856120365203
331,1564722000,15,12,0,27,31,-0.5569892353692111,-1.5741208819408243
331,1564736400,299,57,0,356,31,-0.5569892353692111,0.6581453687424998
331,1564750800,203,102,0,305,31,-0.5569892353692111,0.31211017486757725
331,1564765200,219,159,0,378,31,-0.5569892353692111,0.8074154523748194
331,1564779600,161,206,45,367,31,0.7768209069783454,0.7327804105586596
331,1565398800,5898,3991,0,9889,32,-0.7125910655393587,4.118472969218858
331,1565413200,9,43,34,52,32,0.20940836809718993,-0.3191923065537112
331,1565427600,100,24,0,124,32,-0.7125910655393587,-0.2867116823943512
331,1565442000,200,75,0,275,32,-0.7125910655393587,-0.21859259561569327
331,1565456400,196,143,0,339,32,-0.7125910655393587,-0.1897209296962621
331,1565470800,125,162,37,287,32,0.29076125930041485,-0.21317915825579992
331,1565485200,48,145,97,193,32,1.9178190833649127,-0.2555844175749645
331,1565499600,9,45,36,54,32,0.26364362889933984,-0.318290066993729
331,1565514000,70,34,0,104,32,-0.7125910655393587,-0.2957340779941734
331,1565528400,172,68,0,240,32,-0.7125910655393587,-0.2343817879153822
331,1565542800,165,145,0,310,32,-0.7125910655393587,-0.20280340331600435
331,1565557200,99,155,56,254,32,0.8059962369208391,-0.2280661109955066
331,1565571600,27,143,116,170,32,2.433054060985337,-0.26596017251476
331,1565586000,13,27,14,40,32,-0.33294423992430927,-0.3246057439136046
331,1565600400,274,60,0,334,32,-0.7125910655393587,-0.19197652859621767
331,1565614800,231,102,0,333,32,-0.7125910655393587,-0.19242764837620877
331,1565629200,207,140,0,347,32,-0.7125910655393587,-0.1861119714563332
331,1565643600,122,205,83,327,32,1.5381722577498629,-0.19513436705615544
331,1565658000,40,128,88,168,33,1.1818594434039458,-0.8653346954753454
331,1565672400,11,39,28,50,33,-0.14773243042549317,-1.757120669851684
331,1565686800,330,89,0,419,33,-0.7682086382125647,1.0315998771387305
331,1565701200,231,104,0,335,33,-0.7682086382125647,0.3967691835148964
331,1565715600,205,152,0,357,33,-0.7682086382125647,0.5630343651782815
331,1565730000,121,239,118,360,33,1.8466553803186656,0.5857068899505613
331,1565744400,40,121,81,161,33,1.026740391457178,-0.9182372532773316
331,1565758800,16,22,6,38,33,-0.6352494508296208,-1.847810768940803
331,1565773200,316,64,0,380,33,-0.7682086382125647,0.7368570550990933
331,1565787600,238,101,0,339,33,-0.7682086382125647,0.42699921654460277
331,1565802000,201,179,0,380,33,-0.7682086382125647,0.7368570550990933
331,1565816400,122,248,126,370,33,2.0239342968292573,0.6612819725248272
331,1565830800,40,103,63,143,33,0.6278628293083462,-1.0542724019110103
331,1565845200,13,39,26,52,33,-0.19205215955314114,-1.7420056533368307
331,1565859600,290,63,0,353,33,-0.7682086382125647,0.5328043321485751
331,1565874000,244,103,0,347,33,-0.7682086382125647,0.48745928260401555
331,1565888400,213,168,0,381,33,-0.7682086382125647,0.7444145633565198
331,1565902800,132,244,112,376,33,1.7136961929357217,0.7066270220693869
331,1565917200,40,148,108,188,33,1.6250567346804257,-0.7141845303268135
331,1565931600,14,32,18,46,33,-0.369331076063733,-1.7873507028813902
331,1565946000,277,57,0,334,33,-0.7682086382125647,0.38921167525746975
331,1565960400,247,90,0,337,33,-0.7682086382125647,0.41188420002974957
331,1565974800,207,182,0,389,33,-0.7682086382125647,0.8048746294159326
331,1565989200,155,226,71,381,33,0.8051417458189382,0.7444145633565198
331,1566003600,48,149,101,197,33,1.4699376827336579,-0.6461669560099741
331,1566018000,20,71,51,91,33,0.36194445454245844,-1.4472628312971934
331,1566032400,151,50,0,201,33,-0.7682086382125647,-0.6159369229802677
331,1566046800,285,82,0,367,33,-0.7682086382125647,0.6386094477525475
331,1566061200,341,180,0,521,33,-0.7682086382125647,1.8024657193962434
331,1566075600,258,212,0,470,33,-0.7682086382125647,1.417032798267487
331,1566090000,72,200,128,272,33,2.0682540259569056,-0.07935383670297927
331,1566104400,17,65,48,82,33,0.2954648608509865,-1.5152804056140328
331,1566118800,119,34,0,153,33,-0.7682086382125647,-0.9786973193367443
331,1566133200,302,79,0,381,33,-0.7682086382125647,0.7444145633565198
331,1566147600,318,155,0,473,33,-0.7682086382125647,1.4397053230397667
331,1566162000,117,202,85,319,33,1.1153798497124738,0.2758490513960708
331,1566176400,46,137,91,183,33,1.248339037095418,-0.7519720716139464
331,1566190800,23,31,8,54,33,-0.5909297217019729,-1.7268906368219774
331,1566205200,322,69,0,391,33,-0.7682086382125647,0.8199896459307858
331,1566219600,244,84,0,328,33,-0.7682086382125647,0.34386662571291016
331,1566234000,212,145,0,357,33,-0.7682086382125647,0.5630343651782815
331,1566248400,121,220,99,341,33,1.4256179536060098,0.44211423305945596
331,1566262800,38,148,110,186,34,1.7082556114225682,-0.7196556624220491
331,1566277200,18,23,5,41,34,-0.636782783722252,-1.6429083411227576
331,1566291600,312,71,0,383,34,-0.7484512787291483,0.5346945286402927
331,1566306000,225,101,0,326,34,-0.7484512787291483,0.17176071701311765
331,1566320400,198,174,0,372,34,-0.7484512787291483,0.464654670256101
331,1566334800,129,213,84,342,34,1.127579437386708,0.273636874662851
331,1566349200,29,128,99,157,34,1.4625849224073966,-0.9043061981621908
331,1566363600,19,34,15,53,34,-0.4134457937084597,-1.5665012228854576
331,1566378000,291,76,0,367,34,-0.7484512787291483,0.43281837099055936
331,1566392400,204,95,0,299,34,-0.7484512787291483,-0.0001552990208073791
331,1566406800,207,156,0,363,34,-0.7484512787291483,0.40734933157812603
331,1566421200,125,219,94,344,34,1.3509164274005003,0.28637139436906767
331,1566435600,41,127,86,168,34,1.1722468353894664,-0.8342663397779991
331,1566450000,12,30,18,42,34,-0.346444696704322,-1.6365410812696493
331,1566464400,329,67,0,396,34,-0.7484512787291483,0.6174689067307011
331,1566478800,230,86,0,316,34,-0.7484512787291483,0.1080881184820343
331,1566493200,219,159,0,378,34,-0.7484512787291483,0.502858229374751
331,1566507600,115,227,112,342,34,1.7529230094253268,0.273636874662851
331,1566522000,47,145,98,192,34,1.4402512234060174,-0.6814521033033991
331,1566536400,19,41,22,60,34,-0.257109900698805,-1.5219304039136994
331,1566550800,284,73,0,357,34,-0.7484512787291483,0.369145772459476
331,1566565200,252,106,0,358,34,-0.7484512787291483,0.37551303231258437
331,1566594000,379,419,40,798,34,0.14489668132602135,3.1771073676802515
331,1566608400,53,156,103,209,34,1.5519197184129137,-0.5732086858005575
331,1566622800,18,83,65,101,34,0.7032391563605024,-1.2608727499362575
331,1566637200,192,55,0,247,34,-0.7484512787291483,-0.3312528113824408
331,1566651600,433,107,0,540,34,-0.7484512787291483,1.5343543255783012
331,1566666000,371,196,0,567,34,-0.7484512787291483,1.7062703416122262
331,1566680400,228,219,0,447,34,-0.7484512787291483,0.9421991592392261
331,1566694800,78,196,118,274,34,1.8869252034336021,-0.15933679534851575
331,1566709200,11,74,63,85,34,0.658571758357744,-1.3627489075859909
331,1566723600,119,47,0,166,34,-0.7484512787291483,-0.8470008594842159
331,1566738000,358,83,0,441,34,-0.7484512787291483,0.9039956001205761
331,1566752400,311,178,0,489,34,-0.7484512787291483,1.2096240730697763
331,1566766800,162,189,27,351,34,-0.1454414056919088,0.330942213340826
331,1566781200,52,192,140,244,34,2.3782665814639454,-0.35035459094176574
331,1566795600,26,29,3,55,34,-0.6814501817250106,-1.553766703179241
331,1566810000,298,65,0,363,34,-0.7484512787291483,0.40734933157812603
331,1566824400,229,93,0,322,34,-0.7484512787291483,0.14629167760068432
331,1566838800,209,170,0,379,34,-0.7484512787291483,0.5092254892278594
331,1566853200,134,206,72,340,34,0.859575049370157,0.26090235495663433
331,1566867600,43,195,152,238,35,2.421526206316412,-0.09919553656605383
331,1566882000,23,65,42,88,35,0.12525135549912475,-1.3771748420182814
331,1566896400,308,66,0,374,35,-0.7515081329947485,1.0595057003772992
331,1566910800,271,88,0,359,35,-0.7515081329947485,0.9317077698320765
331,1566925200,231,181,0,412,35,-0.7515081329947485,1.3832604577585303
331,1566939600,144,252,108,396,35,1.503016265989497,1.2469426651769593
331,1566954000,49,180,131,229,35,1.9831464620694752,-0.17587429489318748
331,1566968400,23,42,19,65,35,-0.35487884058085345,-1.5731316688542898
331,1566982800,302,60,0,362,35,-0.7515081329947485,0.9572673559411211
331,1566997200,189,115,0,304,35,-0.7515081329947485,0.46311535783292634
331,1567011600,229,165,0,394,35,-0.7515081329947485,1.229902941104263
331,1567026000,123,229,106,352,35,1.4612658141564554,0.8720687355776392
331,1567040400,34,177,143,211,35,2.233649173067725,-0.3292318115474548
331,1567054800,24,41,17,65,35,-0.39662929241389505,-1.5731316688542898
331,1567069200,312,90,0,402,35,-0.7515081329947485,1.2980618373950485
331,1567083600,261,96,0,357,35,-0.7515081329947485,0.9146680457593801
331,1567098000,221,166,0,387,35,-0.7515081329947485,1.1702639068498257
331,1567112400,129,242,113,371,35,1.607392395572101,1.0339461142682547
331,1567126800,49,173,124,222,35,1.8370198806538296,-0.2355133291476248
331,1567141200,18,36,18,54,35,-0.37575406649737425,-1.6668501512541198
331,1567155600,287,58,0,345,35,-0.7515081329947485,0.8124297013232019
331,1567170000,257,108,0,365,35,-0.7515081329947485,0.9828269420501656
331,1567184400,228,178,0,406,35,-0.7515081329947485,1.332141285540441
331,1567198800,173,217,44,390,35,0.16700180733216632,1.1958234929588702
331,1567213200,48,146,98,194,35,1.294264006824289,-0.47406946616537393
331,1567227600,17,50,33,67,35,-0.06262567774956238,-1.5560919447815935
331,1567242000,121,26,0,147,35,-0.7515081329947485,-0.8745029818737386
331,1567256400,195,66,0,261,35,-0.7515081329947485,0.09676129026995442
331,1567270800,188,131,0,319,35,-0.7515081329947485,0.5909132883781492
331,1567285200,135,153,18,288,35,-0.37575406649737425,0.3267975652513554
331,1567299600,44,110,66,154,35,0.6262567774956237,-0.8148639476193014
331,1567314000,10,52,42,62,35,0.12525135549912475,-1.5986912549633343
331,1567328400,86,31,0,117,35,-0.7515081329947485,-1.1300988429641843
331,1567342800,173,76,0,249,35,-0.7515081329947485,-0.005477054166223798
331,1567357200,159,118,0,277,35,-0.7515081329947485,0.23307908285152537
331,1567371600,97,138,41,235,35,0.10437612958260396,-0.12475512267509839
331,1567386000,31,128,97,159,35,1.2733887809077682,-0.7722646374375605
331,1567400400,17,43,26,60,35,-0.20875225916520793,-1.6157309790360308
331,1567414800,86,32,0,118,35,-0.7515081329947485,-1.121578980927836
331,1567429200,125,48,0,173,35,-0.7515081329947485,-0.6529865689286858
331,1567443600,147,110,0,257,35,-0.7515081329947485,0.06268184212456168
331,1567458000,63,137,74,200,35,0.7932585848277901,-0.42295029394728484
331,1567472400,28,112,84,140,36,1.2484987911193894,-0.7091453687990023
331,1567486800,18,22,4,40,36,-0.46652816642809564,-1.3557824832053873
331,1567501200,307,65,0,372,36,-0.5522795143054698,0.7910527366238111
331,1567515600,232,106,0,338,36,-0.5522795143054698,0.5711961177256403
331,1567530000,197,149,0,346,36,-0.5522795143054698,0.622927086878151
331,1567544400,105,233,128,338,36,2.191763617770506,0.5711961177256403
331,1567558800,31,144,113,175,36,1.8701960632303527,-0.4828223787567675
331,1567573200,35,22,0,57,36,-0.5522795143054698,-1.2458541737563018
331,1567587600,338,79,0,417,36,-0.5522795143054698,1.0820394381066845
331,1567602000,229,108,0,337,36,-0.5522795143054698,0.5647297465815764
331,1567616400,215,186,0,401,36,-0.5522795143054698,0.9785774998016629
331,1567630800,128,244,116,372,36,1.9345095741383833,0.7910527366238111
331,1567645200,26,128,102,154,36,1.6343798565675736,-0.6186161727821083
331,1567659600,18,31,13,49,36,-0.2735876337040036,-1.2975851429088128
331,1567674000,402,103,0,505,36,-0.5522795143054698,1.6510800987843033
331,1567688400,255,89,0,344,36,-0.5522795143054698,0.6099943445900233
331,1567702800,250,205,0,455,36,-0.5522795143054698,1.3277615415811108
331,1567717200,142,270,128,412,36,2.191763617770506,1.049707582386365
331,1567731600,27,136,109,163,36,1.7844447153529783,-0.5604188324855337
331,1567746000,21,37,16,58,36,-0.20927412279597288,-1.239387802612238
331,1567760400,370,105,0,475,36,-0.5522795143054698,1.457088964462388
331,1567774800,254,116,0,370,36,-0.5522795143054698,0.7781199943356835
331,1567789200,234,196,0,430,36,-0.5522795143054698,1.1661022629795146
331,1567803600,149,241,92,390,36,1.420001486874138,0.9074474172169604
331,1567818000,43,61,18,104,36,-0.16639844885728575,-0.9419347299853009
331,1567832400,16,9,0,25,36,-0.5522795143054698,-1.452778050366345
331,1567846800,116,11,0,127,36,-0.5522795143054698,-0.7932081936718323
331,1567861200,217,24,0,241,36,-0.5522795143054698,-0.05604188324855331
331,1567875600,204,48,0,252,36,-0.5522795143054698,0.015088199336149046
331,1567890000,128,58,0,186,36,-0.5522795143054698,-0.4116922961720651
331,1567904400,39,48,9,87,36,-0.3593389815813778,-1.0518630394343864
331,1567918800,10,10,0,20,36,-0.5522795143054698,-1.4851099060866644
331,1567933200,72,10,0,82,36,-0.5522795143054698,-1.0841948951547056
331,1567947600,193,30,0,223,36,-0.5522795143054698,-0.17243656384170264
331,1567962000,144,37,0,181,36,-0.5522795143054698,-0.44402415189238437
331,1567976400,75,40,0,115,36,-0.5522795143054698,-0.8708046474005985
331,1567990800,23,26,3,49,36,-0.4879660033974392,-1.2975851429088128
331,1568005200,17,8,0,25,36,-0.5522795143054698,-1.452778050366345
331,1568019600,427,105,0,532,36,-0.5522795143054698,1.8256721196740275
331,1568034000,222,93,0,315,36,-0.5522795143054698,0.42246958141217167
331,1568048400,239,182,0,421,36,-0.5522795143054698,1.1079049226829398
331,1568062800,108,255,147,363,36,2.5990825201880337,0.7328553963272365
331,1568077200,43,164,121,207,37,1.6756917816037336,-0.7083304890218924
331,1568091600,14,22,8,36,37,-0.5740488677573188,-1.785220745616988
331,1568106000,427,97,0,524,37,-0.7333225420483667,1.2880099281748636
331,1568120400,268,100,0,368,37,-0.7333225420483667,0.3055837291758291
331,1568134800,236,186,0,422,37,-0.7333225420483667,0.6456543365216487
331,1568149200,144,264,120,408,37,1.6557825723173525,0.5574878827653251
331,1568163600,26,136,110,162,37,1.4566904794535427,-0.9917226618100755
331,1568178000,16,29,13,45,37,-0.47450282132541377,-1.7285423110593514
331,1568192400,407,85,0,492,37,-0.7333225420483667,1.0864866053032667
331,1568206800,260,95,0,355,37,-0.7333225420483667,0.22371487925924285
331,1568221200,250,198,0,448,37,-0.7333225420483667,0.8093920363548212
331,1568235600,142,250,108,392,37,1.4168720608807805,0.45672622132952667
331,1568250000,33,152,119,185,37,1.6358733630309716,-0.8468777734961153
331,1568264400,15,23,8,38,37,-0.5740488677573188,-1.772625537937513
331,1568278800,442,95,0,537,37,-0.7333225420483667,1.3698787780914499
331,1568293200,259,92,0,351,37,-0.7333225420483667,0.19852446390029327
331,1568307600,242,208,0,450,37,-0.7333225420483667,0.8219872440342959
331,1568322000,128,262,134,390,37,1.9345115023266866,0.4441310136500519
331,1568336400,31,154,123,185,37,1.7155102001764955,-0.8468777734961153
331,1568350800,14,36,22,50,37,-0.2953199377479848,-1.6970542918606644
331,1568365200,409,99,0,508,37,-0.7333225420483667,1.1872482667390651
331,1568379600,259,97,0,356,37,-0.7333225420483667,0.23001248309898026
331,1568394000,243,252,9,495,37,-0.5541396584709377,1.1053794168224789
331,1568408400,159,232,73,391,37,0.7200497358574459,0.4504286174897893
331,1568422800,53,162,109,215,37,1.4367812701671616,-0.6579496583039932
331,1568437200,15,61,46,76,37,0.18250108512515908,-1.533316592027492
331,1568451600,181,48,0,229,37,-0.7333225420483667,-0.5697832045476696
331,1568466000,352,91,0,443,37,-0.7333225420483667,0.7779040171561341
331,1568480400,358,167,0,525,37,-0.7333225420483667,1.294307532014601
331,1568494800,241,195,0,436,37,-0.7333225420483667,0.7338207902779723
331,1568509200,92,170,78,262,37,0.8195957822893509,-0.3619622778363354
331,1568523600,11,63,52,74,37,0.301956340843445,-1.5459117997069667
331,1568538000,129,40,0,169,37,-0.7333225420483667,-0.9476394349319137
331,1568552400,344,103,0,447,37,-0.7333225420483667,0.8030944325150837
331,1568566800,304,149,0,453,37,-0.7333225420483667,0.8408800555535081
331,1568581200,161,183,22,344,37,-0.2953199377479848,0.15444123702213147
331,1568595600,34,153,119,187,37,1.6358733630309716,-0.8342825658166405
331,1568610000,18,33,15,51,37,-0.43468440275265174,-1.690756688020927
331,1568624400,409,91,0,500,37,-0.7333225420483667,1.136867436021166
331,1568638800,238,108,0,346,37,-0.7333225420483667,0.16703644470160625
331,1568653200,229,191,0,420,37,-0.7333225420483667,0.633059128842174
331,1568667600,154,292,138,446,37,2.0141483394722104,0.7967968286753463
331,1568682000,32,126,94,158,38,1.2928745935268284,-0.8410803404216325
331,1568696400,18,20,2,38,38,-0.6479441436090165,-1.5983230906404655
331,1568710800,409,104,0,513,38,-0.6901358552858827,1.3990961289757489
331,1568725200,247,94,0,341,38,-0.6901358552858827,0.31371485366208807
331,1568739600,248,215,0,463,38,-0.6901358552858827,1.0835783163845685
331,1568754000,142,227,85,369,38,1.1030118909809306,0.4904048287131491
331,1568768400,39,137,98,176,38,1.3772580168805606,-0.7274939278888075
331,1568782800,17,27,10,44,38,-0.4791772969015518,-1.560460953129524
331,1568797200,437,101,0,538,38,-0.6901358552858827,1.556855035271339
331,1568811600,252,100,0,352,38,-0.6901358552858827,0.38312877243214777
331,1568826000,224,220,0,444,38,-0.6901358552858827,0.9636815475999198
331,1568840400,142,259,117,401,38,1.7780792778107894,0.6923362287715046
331,1568854800,47,173,126,220,38,1.9679419803566873,-0.44983825280856865
331,1568869200,22,32,10,54,38,-0.4791772969015518,-1.4973573906112878
331,1568883600,458,100,0,558,38,-0.6901358552858827,1.6830621603078113
331,1568898000,253,86,0,339,38,-0.6901358552858827,0.30109414115844085
331,1568912400,271,200,0,471,38,-0.6901358552858827,1.1340611663991573
331,1568926800,143,255,112,398,38,1.672599998618624,0.6734051600160338
331,1568941200,39,193,154,232,38,2.558625943832814,-0.37411397778668537
331,1568955600,22,38,16,60,38,-0.3526021618709532,-1.4594952531003462
331,1568970000,420,78,0,498,38,-0.6901358552858827,1.3044407851983948
331,1568984400,264,109,0,373,38,-0.6901358552858827,0.5156462537204436
331,1568998800,256,167,0,423,38,-0.6901358552858827,0.831164066311624
331,1569013200,161,234,73,395,38,0.8498616209197333,0.654474091260563
331,1569027600,42,149,107,191,38,1.5671207194264585,-0.6328385841114533
331,1569042000,13,32,19,45,38,-0.28931459435565393,-1.5541505968777003
331,1569056400,107,18,0,125,38,-0.6901358552858827,-1.0493220967318115
331,1569070800,229,85,0,314,38,-0.6901358552858827,0.1433352348628506
331,1569085200,193,169,0,362,38,-0.6901358552858827,0.44623233495038384
331,1569099600,163,162,0,325,38,-0.6901358552858827,0.2127491536329103
331,1569114000,42,119,77,161,38,0.9342450442734657,-0.8221492716661616
331,1569128400,25,31,6,56,38,-0.5635607202552841,-1.4847366781076405
331,1569142800,79,28,0,107,38,-0.6901358552858827,-1.1629085092646365
331,1569157200,198,62,0,260,38,-0.6901358552858827,-0.1974240027356243
331,1569171600,191,133,0,324,38,-0.6901358552858827,0.2064387973810867
331,1569186000,86,174,88,260,38,1.1662994584962298,-0.1974240027356243
331,1569200400,27,88,61,115,38,0.5967113508585361,-1.1124256592500477
331,1569214800,14,20,6,34,38,-0.5635607202552841,-1.62356451564776
331,1569229200,422,88,0,510,38,-0.6901358552858827,1.380165060220278
331,1569243600,238,107,0,345,38,-0.6901358552858827,0.3389562786693825
331,1569258000,250,205,0,455,38,-0.6901358552858827,1.0330954663699794
331,1569272400,137,250,113,387,38,1.693695854457057,0.603991241245974
331,1569286800,43,135,92,178,39,1.22761302482905,-0.6831002106743476
331,1569301200,14,19,5,33,39,-0.6344450875517508,-1.617949712473623
331,1569315600,409,91,0,500,39,-0.7414599215966243,1.3929104071143885
331,1569330000,231,116,0,347,39,-0.7414599215966243,0.4064830017675667
331,1569344400,262,216,0,478,39,-0.7414599215966243,1.2510711723586363
331,1569358800,134,273,139,407,39,2.2335524648508622,0.7933172783741634
331,1569373200,23,148,125,171,39,1.9339109295252161,-0.7282308762784505
331,1569387600,15,29,14,44,39,-0.44181838627097825,-1.547030095095747
331,1569402000,418,117,0,535,39,-0.7414599215966243,1.6185637351349031
331,1569416400,254,107,0,361,39,-0.7414599215966243,0.4967443329757726
331,1569430800,290,218,0,508,39,-0.7414599215966243,1.4444883106619346
331,1569445200,138,273,135,411,39,2.1479405976149635,0.8191062301479366
331,1569459600,36,111,75,147,39,0.8637625890764798,-0.8829645869210891
331,1569474000,16,23,7,39,39,-0.5916391539338013,-1.5792662848129633
331,1569488400,437,111,0,548,39,-0.7414599215966243,1.7023778283996658
331,1569502800,259,78,0,337,39,-0.7414599215966243,0.3420106223331339
331,1569517200,246,164,0,410,39,-0.7414599215966243,0.8126589922044933
331,1569531600,129,249,120,378,39,1.8268960954803424,0.6063473780143084
331,1569546000,30,141,111,171,39,1.6342693941995698,-0.7282308762784505
331,1569560400,18,31,13,49,39,-0.463221353079953,-1.5147939053785306
331,1569574800,410,115,0,525,39,-0.7414599215966243,1.5540913557004705
331,1569589200,253,90,0,343,39,-0.7414599215966243,0.3806940499937936
331,1569603600,252,204,0,456,39,-0.7414599215966243,1.109231937602884
331,1569618000,156,249,93,405,39,1.2490159916380248,0.7804228024872769
331,1569632400,44,133,89,177,39,1.1634041244021258,-0.6895474486177908
331,1569646800,13,56,43,69,39,0.17886765118928868,-1.385849146509665
331,1569661200,112,34,0,146,39,-0.7414599215966243,-0.8894118248645325
331,1569675600,234,80,0,314,39,-0.7414599215966243,0.19372414963393847
331,1569690000,202,134,0,336,39,-0.7414599215966243,0.33556338438969063
331,1569704400,144,166,22,310,39,-0.27059465179918046,0.16793519786016536
331,1569718800,31,141,110,172,39,1.6128664273905953,-0.7217836383350072
331,1569733200,14,57,43,71,39,0.17886765118928868,-1.3729546706227784
331,1569747600,78,27,0,105,39,-0.7414599215966243,-1.1537485805457068
331,1569762000,231,65,0,296,39,-0.7414599215966243,0.07767386665195944
331,1569776400,176,150,0,326,39,-0.7414599215966243,0.27109100495525784
331,1569790800,96,133,37,229,39,0.050449850335440354,-0.3542910755587403
331,1569805200,27,92,65,119,39,0.6497329209867325,-1.063487249337501
331,1569819600,16,40,24,56,39,-0.22778871818123103,-1.4696632397744276
331,1569834000,329,62,0,391,39,-0.7414599215966243,0.690161471279071
331,1569848400,219,111,0,330,39,-0.7414599215966243,0.29687995672903095
331,1569862800,205,156,0,361,39,-0.7414599215966243,0.4967443329757726
331,1569877200,122,215,93,337,39,1.2490159916380248,0.3420106223331339
331,1569891600,26,118,92,144,40,1.313788200609916,-0.8875589782364932
331,1569906000,18,16,0,34,40,-0.7127497663189124,-1.612032914535539
331,1569920400,313,73,0,386,40,-0.7127497663189124,0.7062836816214073
331,1569934800,238,121,0,359,40,-0.7127497663189124,0.5284582608934597
331,1569949200,214,157,0,371,40,-0.7127497663189124,0.607491781216992
331,1569963600,133,241,108,374,40,1.6662295861627554,0.627250161297875
331,1569978000,29,129,100,158,40,1.4900088933863356,-0.7953532045257056
331,1569992400,14,32,18,46,40,-0.3162532075719677,-1.5329993942120066
331,1570006800,419,92,0,511,40,-0.7127497663189124,1.5295495183248684
331,1570021200,237,93,0,330,40,-0.7127497663189124,0.3374605867782568
331,1570035600,234,204,0,438,40,-0.7127497663189124,1.0487622696900472
331,1570050000,137,263,126,400,40,2.0627261449097003,0.798489455332195
331,1570064400,40,147,107,187,40,1.644201999565703,-0.6043555304105026
331,1570078800,12,27,15,39,40,-0.38233596736312514,-1.5791022810674005
331,1570093200,406,98,0,504,40,-0.7127497663189124,1.4834466314694745
331,1570107600,250,114,0,364,40,-0.7127497663189124,0.5613888943615982
331,1570122000,237,179,0,416,40,-0.7127497663189124,0.903867482430238
331,1570136400,136,283,147,419,40,2.5253054634478023,0.923625862511121
331,1570150800,31,128,97,159,40,1.423926133595178,-0.7887670778320779
331,1570165200,14,27,13,41,40,-0.4263911405572301,-1.565930027680145
331,1570179600,398,90,0,488,40,-0.7127497663189124,1.3780686043714316
331,1570194000,279,98,0,377,40,-0.7127497663189124,0.6470085413787582
331,1570208400,261,251,0,512,40,-0.7127497663189124,1.536135645018496
331,1570222800,162,148,0,310,40,-0.7127497663189124,0.20573805290570304
331,1570237200,57,135,78,192,40,1.005401988251181,-0.5714248969423642
331,1570251600,11,50,39,61,40,0.1463261109661344,-1.4342074938075913
331,1570266000,119,45,0,164,40,-0.7127497663189124,-0.7558364443639395
331,1570280400,192,85,0,277,40,-0.7127497663189124,-0.01160412798401067
331,1570294800,195,152,0,347,40,-0.7127497663189124,0.4494247405699275
331,1570309200,126,157,31,283,40,-0.029894581810285443,0.02791263217775546
331,1570323600,54,146,92,200,40,1.313788200609916,-0.5187358833933426
331,1570338000,10,46,36,56,40,0.08024335117497697,-1.4671381272757298
331,1570352400,62,37,0,99,40,-0.7127497663189124,-1.1839346794497392
331,1570366800,186,78,0,264,40,-0.7127497663189124,-0.09722377500117062
331,1570381200,170,137,0,307,40,-0.7127497663189124,0.18597967282481997
331,1570395600,82,167,85,249,40,1.1595950944305484,-0.19601567540558595
331,1570410000,25,97,72,122,40,0.8732364686688663,-1.0324537654963024
331,1570424400,18,18,0,36,40,-0.7127497663189124,-1.5988606611482836
331,1570438800,420,92,0,512,40,-0.7127497663189124,1.536135645018496
331,1570453200,224,103,0,327,40,-0.7127497663189124,0.31770220669737376
331,1570467600,246,214,0,460,40,-0.7127497663189124,1.1936570569498564
331,1570482000,141,244,103,385,40,1.556091653177493,0.6996975549277796
331,1570496400,37,137,100,174,41,1.7449501931421247,-0.6945389398042564
331,1570510800,14,26,12,40,41,-0.4591974192479275,-1.633267362767358
331,1570525200,394,105,0,499,41,-0.7597630027556619,1.5822277576808776
331,1570539600,262,122,0,384,41,-0.7597630027556619,0.7766026185707533
331,1570554000,218,173,0,391,41,-0.7597630027556619,0.8256406705165868
331,1570568400,152,230,78,382,41,1.1939132900446117,0.7625917465862293
331,1570582800,32,120,88,152,41,1.4443846096343904,-0.8486585316340194
331,1570597200,15,15,0,30,41,-0.7597630027556619,-1.7033217226899773
331,1570611600,312,77,0,389,41,-0.7597630027556619,0.811629798532063
331,1570626000,245,101,0,346,41,-0.7597630027556619,0.5103960508647991
331,1570640400,201,196,0,397,41,-0.7597630027556619,0.8676732864701586
331,1570654800,122,227,105,349,41,1.8701858529370141,0.531412358841585
331,1570669200,32,118,86,150,41,1.3942903457164346,-0.8626694036185433
331,1570683600,19,31,12,50,41,-0.4591974192479275,-1.5632130028447384
331,1570698000,416,94,0,510,41,-0.7597630027556619,1.659287553595759
331,1570712400,256,93,0,349,41,-0.7597630027556619,0.531412358841585
331,1570726800,288,196,0,484,41,-0.7597630027556619,1.4771462177969483
331,1570741200,163,260,97,423,41,1.6698087972651912,1.0498146222689693
331,1570755600,34,147,113,181,41,2.0705629086088373,-0.6455008878584227
331,1570770000,13,29,16,42,41,-0.35900889141201603,-1.619256490782834
331,1570784400,396,71,0,467,41,-0.7597630027556619,1.3580538059284952
331,1570798800,249,119,0,368,41,-0.7597630027556619,0.664515642694562
331,1570813200,248,182,0,430,41,-0.7597630027556619,1.098852674214803
331,1570827600,185,254,69,439,41,0.9684891024138109,1.1619015981451606
331,1570842000,61,162,101,223,41,1.7699973251011027,-0.35127257618342084
331,1570856400,14,46,32,60,41,0.04174521993162981,-1.4931586429221189
331,1570870800,111,30,0,141,41,-0.7597630027556619,-0.9257183275489008
331,1570885200,251,80,0,331,41,-0.7597630027556619,0.40531451098086985
331,1570899600,180,123,0,303,41,-0.7597630027556619,0.20916230319753523
331,1570914000,143,178,35,321,41,0.11688661580856341,0.33526015105825036
331,1570928400,53,145,92,198,41,1.5445731374703018,-0.5264084759899696
331,1570942800,9,57,48,66,41,0.4424993312752757,-1.451126026968547
331,1570957200,82,31,0,113,41,-0.7597630027556619,-1.1218705353322354
331,1570971600,182,82,0,264,41,-0.7597630027556619,-0.06404970050068086
331,1570986000,184,124,0,308,41,-0.7597630027556619,0.24418948315884498
331,1571000400,114,144,30,258,41,-0.008349043986325926,-0.10608231645425258
331,1571014800,28,117,89,145,41,1.4694317415933682,-0.897696583579853
331,1571029200,14,24,10,38,41,-0.5092916831658832,-1.6472782347518817
331,1571043600,234,55,0,289,41,-0.7597630027556619,0.11108619930586791
331,1571058000,226,71,0,297,41,-0.7597630027556619,0.16712968724396352
331,1571072400,227,163,0,390,41,-0.7597630027556619,0.818635234524325
331,1571086800,120,181,61,301,41,0.768112046741988,0.19515143121301132
331,1571101200,27,123,96,150,42,1.228728616960629,-0.8722509373564734
331,1571115600,12,27,15,39,42,-0.4274261987683963,-1.5820491342417724
331,1571130000,406,97,0,503,42,-0.7341215350145122,1.385035220305784
331,1571144400,273,78,0,351,42,-0.7341215350145122,0.41305931105744653
331,1571158800,246,193,0,439,42,-0.7341215350145122,0.9757822058854314
331,1571173200,145,299,154,444,42,2.4146172504456103,1.0077550976370213
331,1571187600,25,111,86,136,42,1.0242650594632186,-0.9617750342609255
331,1571202000,12,31,19,43,42,-0.3456407757694321,-1.5564708208405005
331,1571216400,415,95,0,510,42,-0.7341215350145122,1.42979726875801
331,1571230800,258,68,0,326,42,-0.7341215350145122,0.2531948522994963
331,1571245200,193,185,0,378,42,-0.7341215350145122,0.5857129265160328
331,1571259600,114,266,152,380,42,2.3737245389461283,0.5985020832166688
331,1571274000,29,115,86,144,42,1.0242650594632186,-0.9106184074583814
331,1571288400,11,24,13,35,42,-0.4683189102678784,-1.6076274476430445
331,1571302800,399,94,0,493,42,-0.7341215350145122,1.3210894368026038
331,1571317200,290,103,0,393,42,-0.7341215350145122,0.681631601770803
331,1571331600,287,197,0,484,42,-0.7341215350145122,1.2635382316497419
331,1571346000,132,271,139,403,42,2.1079219141994945,0.745577385273983
331,1571360400,35,137,102,172,42,1.3514067514590755,-0.7315702136494772
331,1571374800,15,29,14,44,42,-0.4478725545181374,-1.5500762424901824
331,1571389200,428,76,0,504,42,-0.7341215350145122,1.391429798656102
331,1571403600,298,108,0,406,42,-0.7341215350145122,0.764761120324937
331,1571418000,247,169,0,416,42,-0.7341215350145122,0.8287069038281172
331,1571432400,163,253,90,416,42,1.1060504824621826,0.8287069038281172
331,1571446800,40,143,103,183,42,1.3718531072088165,-0.661229851795979
331,1571461200,12,43,31,55,42,-0.10028450677253946,-1.4797358806366843
331,1571475600,112,44,0,156,42,-0.7341215350145122,-0.8338834672545653
331,1571490000,241,87,0,328,42,-0.7341215350145122,0.2659840090001323
331,1571504400,215,174,0,389,42,-0.7341215350145122,0.6560532883695309
331,1571518800,144,184,40,328,42,0.08373269497513003,0.2659840090001323
331,1571533200,53,139,86,192,42,1.0242650594632186,-0.603678646643117
331,1571547600,13,34,21,47,42,-0.30474806426995,-1.5308925074392283
331,1571562000,85,29,0,114,42,-0.7341215350145122,-1.1024557579679217
331,1571576400,204,88,0,292,42,-0.7341215350145122,0.03577918838868396
331,1571590800,154,142,0,296,42,-0.7341215350145122,0.061357501789956
331,1571605200,98,131,33,229,42,-0.05939179527305735,-0.36707924768135064
331,1571619600,24,130,106,154,42,1.4331921744580398,-0.8466726239552014
331,1571634000,14,29,15,43,42,-0.4274261987683963,-1.5564708208405005
331,1571648400,408,87,0,495,42,-0.7341215350145122,1.33387859350324
331,1571662800,259,85,0,344,42,-0.7341215350145122,0.36829726260522044
331,1571677200,256,160,0,416,42,-0.7341215350145122,0.8287069038281172
331,1571691600,126,233,107,359,42,1.4536385302077808,0.4642159378599906
331,1571706000,34,120,86,154,43,1.0959808558876003,-0.8199206208580808
331,1571720400,14,28,14,42,43,-0.4023220863384862,-1.5298242837545308
331,1571734800,420,94,0,514,43,-0.6936587695491141,1.4619125813090799
331,1571749200,248,88,0,336,43,-0.6936587695491141,0.33367283134865044
331,1571763600,249,175,0,424,43,-0.6936587695491141,0.8914542807672897
331,1571778000,141,279,138,420,43,2.178088536384218,0.866100578520988
331,1571792400,29,142,113,171,43,1.6578444592223824,-0.7121673863112983
331,1571806800,12,25,13,37,43,-0.4231318494249596,-1.561516411562408
331,1571821200,408,107,0,515,43,-0.6936587695491141,1.4682510068706554
331,1571835600,251,82,0,333,43,-0.6936587695491141,0.3146575546639241
331,1571850000,253,215,0,468,43,-0.6936587695491141,1.1703450054766094
331,1571864400,148,283,135,431,43,2.115659247124798,0.9358232596983179
331,1571878800,33,159,126,192,43,1.928371379346537,-0.5790604495182139
331,1571893200,12,22,10,34,43,-0.4855611386843799,-1.5805316882471345
331,1571907600,425,109,0,534,43,-0.6936587695491141,1.588681092540589
331,1571922000,247,81,0,328,43,-0.6936587695491141,0.28296542685604686
331,1571936400,269,185,0,454,43,-0.6936587695491141,1.0816070476145532
331,1571950800,113,254,141,367,43,2.2405178256436384,0.5301640237574893
331,1571965200,27,143,116,170,43,1.7202737484818027,-0.7185058118728737
331,1571979600,14,33,19,47,43,-0.2982732709061191,-1.4981321559466536
331,1571994000,415,93,0,508,43,-0.6936587695491141,1.4238820279396274
331,1572008400,266,83,0,349,43,-0.6936587695491141,0.41607236364913125
331,1572022800,267,181,0,448,43,-0.6936587695491141,1.0435764942451005
331,1572037200,194,236,42,430,43,0.18035128008276963,0.9294848341367424
331,1572051600,68,159,91,227,43,1.2000296713199674,-0.3572155548630732
331,1572066000,20,51,31,71,43,-0.048556113868438035,-1.346009942468843
331,1572080400,114,40,0,154,43,-0.6936587695491141,-0.8199206208580808
331,1572094800,217,85,0,302,43,-0.6936587695491141,0.11816636225508527
331,1572109200,224,143,0,367,43,-0.6936587695491141,0.5301640237574893
331,1572123600,124,175,51,299,43,0.3676391478610304,0.09915108557035893
331,1572138000,55,91,36,146,43,0.055492701563929075,-0.8706280253506844
331,1572152400,15,40,25,55,43,-0.17341469238727858,-1.4474247514540501
331,1572166800,67,27,0,94,43,-0.6936587695491141,-1.2002261545526076
331,1572181200,185,69,0,254,43,-0.6936587695491141,-0.18607806470053617
331,1572195600,160,126,0,286,43,-0.6936587695491141,0.01675155326987812
331,1572210000,86,102,16,188,43,-0.36070256016553937,-0.6044141517645156
331,1572224400,23,79,56,102,43,0.4716879632933975,-1.1495187500600041
331,1572238800,15,25,10,40,43,-0.4855611386843799,-1.5425011348776818
331,1572253200,371,90,0,461,43,-0.6936587695491141,1.1259760265455814
331,1572267600,240,96,0,336,43,-0.6936587695491141,0.33367283134865044
331,1572282000,218,210,0,428,43,-0.6936587695491141,0.9168079830135916
331,1572296400,127,258,131,385,43,2.0324201947789042,0.6442556838658473
331,1572310800,35,131,96,166,44,1.8634636625802747,-0.5589518998117384
331,1572325200,14,28,14,42,44,-0.2229371351851564,-1.3164386274254605
331,1572339600,406,96,0,502,44,-0.5791519055353519,1.4935927814641534
331,1572354000,274,91,0,365,44,-0.5791519055353519,0.6566921227296381
331,1572368400,239,192,0,431,44,-0.5791519055353519,1.059870542265974
331,1572382800,159,267,108,426,44,2.168790608594728,1.0293267226041303
331,1572397200,32,135,103,167,44,2.0415710477553723,-0.5528431358793697
331,1572411600,17,21,4,38,44,-0.4773762568638675,-1.3408736831549353
331,1572426000,396,93,0,489,44,-0.5791519055353519,1.41417885034336
331,1572440400,289,98,0,387,44,-0.5791519055353519,0.79108492924175
331,1572454800,253,200,0,453,44,-0.5791519055353519,1.1942633487780858
331,1572469200,149,244,95,393,44,1.8380197504124036,0.8277375128359624
331,1572483600,27,146,119,173,44,2.4486736424413102,-0.5161905522851573
331,1572498000,12,34,22,46,44,-0.019385837842187535,-1.2920035716959855
331,1572512400,406,93,0,499,44,-0.5791519055353519,1.4752664896670473
331,1572526800,258,85,0,343,44,-0.5791519055353519,0.5222993162175261
331,1572541200,252,216,0,468,44,-0.5791519055353519,1.2858948077636168
331,1572555600,161,245,84,406,44,1.5581367165658213,0.9071514439567558
331,1572570000,48,131,83,179,44,1.5326928043979502,-0.479537968690945
331,1572584400,16,56,40,72,44,0.4386045811794924,-1.1331757094543986
331,1572598800,388,83,0,471,44,-0.5791519055353519,1.304221099560723
331,1572613200,265,97,0,362,44,-0.5791519055353519,0.6383658309325319
331,1572627600,252,203,0,455,44,-0.5791519055353519,1.2064808766428234
331,1572642000,151,247,96,398,44,1.8634636625802747,0.858281332497806
331,1572656400,57,67,10,124,44,-0.3247127838566408,-0.8155199849712249
331,1572670800,12,14,2,26,44,-0.5282640811996098,-1.41417885034336
331,1572685200,106,14,0,120,44,-0.5791519055353519,-0.8399550407006998
331,1572699600,184,27,0,211,44,-0.5791519055353519,-0.28405752285514574
331,1572714000,170,39,0,209,44,-0.5791519055353519,-0.2962750507198832
331,1572728400,108,39,0,147,44,-0.5791519055353519,-0.6750184145267443
331,1572742800,50,29,0,79,44,-0.5791519055353519,-1.0904143619278175
331,1572753600,11,10,0,21,44,-0.5791519055353519,-1.4447226700052036
331,1572768000,43,8,0,51,44,-0.5791519055353519,-1.261459752034142
331,1572782400,162,19,0,181,44,-0.5791519055353519,-0.46732044082620755
331,1572796800,159,37,0,196,44,-0.5791519055353519,-0.3756889818406767
331,1572811200,113,49,0,162,44,-0.5791519055353519,-0.5833869555412133
331,1572825600,30,22,0,52,44,-0.5791519055353519,-1.2553509881017733
331,1572840000,9,8,0,17,44,-0.5791519055353519,-1.4691577257346786
331,1572854400,265,47,0,312,44,-0.5791519055353519,0.33292763431409556
331,1572868800,343,82,0,425,44,-0.5791519055353519,1.0232179586717616
331,1572883200,191,148,0,339,44,-0.5791519055353519,0.49786426048805116
331,1572897600,166,246,80,412,44,1.4563610678943368,0.9438040275509681
331,1572912000,29,128,99,157,45,2.239073529301243,-0.5055419115654333
331,1572926400,8,40,32,48,45,0.32278614747225953,-1.1624737512323515
331,1572940800,225,32,0,257,45,-0.5924555871326284,0.0971478495968772
331,1572955200,395,105,0,500,45,-0.5924555871326284,1.5616839692212914
331,1572969600,205,143,0,348,45,-0.5924555871326284,0.6455955322545797
331,1572984000,175,247,72,422,45,1.4668383157283693,1.0915859555146894
331,1572998400,36,131,95,167,45,2.1246683124756323,-0.4452729354492022
331,1573012800,10,42,32,52,45,0.32278614747225953,-1.1383661607858593
331,1573027200,275,50,0,325,45,-0.5924555871326284,0.5069768871872483
331,1573041600,392,101,0,493,45,-0.5924555871326284,1.5194956859399298
331,1573056000,218,168,0,386,45,-0.5924555871326284,0.8746176414962576
331,1573070400,188,265,77,453,45,1.609844836760383,1.2784197814750056
331,1573084800,20,87,67,107,45,1.3238317946963556,-0.8068867921465884
331,1573099200,0,1,1,1,45,-0.5638542829262256,-1.4457379389786376
331,1573113600,263,53,0,316,45,-0.5924555871326284,0.4527348086826403
331,1573128000,375,103,0,478,45,-0.5924555871326284,1.4290922217655833
331,1573142400,259,159,0,418,45,-0.5924555871326284,1.067478365068197
331,1573156800,194,290,96,484,45,2.153269616682035,1.4652536074353217
331,1573171200,28,101,73,129,45,1.4954396199347721,-0.6742950446908802
331,1573185600,0,9,9,9,45,-0.33504384927500364,-1.3975227580856526
331,1573200000,227,51,0,278,45,-0.5924555871326284,0.22371269944096236
331,1573214400,391,107,0,498,45,-0.5924555871326284,1.5496301739980451
331,1573228800,245,162,0,407,45,-0.5924555871326284,1.0011824913403429
331,1573243200,201,316,115,517,45,2.696694396603687,1.6641412286188841
331,1573257600,57,91,34,148,45,0.37998875588506503,-0.5597839900700412
331,1573272000,5,11,6,16,45,-0.42084776189421186,-1.355334474804291
331,1573286400,71,7,0,78,45,-0.5924555871326284,-0.9816668228836585
331,1573300800,194,28,0,222,45,-0.5924555871326284,-0.11379356680993145
331,1573315200,209,41,0,250,45,-0.5924555871326284,0.054959566315515455
331,1573329600,151,48,0,199,45,-0.5924555871326284,-0.25241221187726287
331,1573344000,48,30,0,78,45,-0.5924555871326284,-0.9816668228836585
331,1573358400,13,9,0,22,45,-0.5924555871326284,-1.3191730891345523
331,1573372800,39,11,0,50,45,-0.5924555871326284,-1.1504199560091053
331,1573387200,153,23,0,176,45,-0.5924555871326284,-0.3910308569445943
331,1573401600,148,25,0,173,45,-0.5924555871326284,-0.40911154977946357
331,1573416000,102,40,0,142,45,-0.5924555871326284,-0.5959453757397798
331,1573430400,23,20,0,43,45,-0.5924555871326284,-1.192608239290467
331,1573444800,7,6,0,13,45,-0.5924555871326284,-1.3734151676391602
331,1573459200,145,33,0,178,45,-0.5924555871326284,-0.37897706172134804
331,1573473600,285,87,0,372,45,-0.5924555871326284,0.7902410749335341
331,1573488000,191,130,0,321,45,-0.5924555871326284,0.48286929674075585
331,1573502400,162,224,62,386,45,1.1808252736643419,0.8746176414962576
331,1573516800,18,82,64,100,46,1.011166745679304,-1.0310134340933155
331,1573531200,0,6,6,6,46,-0.5718680823893236,-1.6316392327948663
331,1573545600,235,57,0,292,46,-0.7356303059826299,0.19579670793538415
331,1573560000,364,131,0,495,46,-0.7356303059826299,1.492892847684478
331,1573574400,261,166,0,427,46,-0.7356303059826299,1.0583975890493136
331,1573588800,171,251,80,422,46,1.4478660085947876,1.0264494082673161
331,1573603200,25,109,84,134,46,1.5570408243236586,-0.8137658047757333
331,1573617600,0,9,9,9,46,-0.4899869705926705,-1.612470324325668
331,1573632000,231,49,0,280,46,-0.7356303059826299,0.11912107405859042
331,1573646400,357,109,0,466,46,-0.7356303059826299,1.3075933991488933
331,1573660800,223,141,0,364,46,-0.7356303059826299,0.6558505111961466
331,1573675200,153,275,122,428,46,2.594201573747932,1.0647872252057131
331,1573689600,30,101,71,131,46,1.2022226732048282,-0.8329347132449317
331,1573704000,0,11,11,11,46,-0.43539956272823505,-1.599691052012869
331,1573718400,250,53,0,303,46,-0.7356303059826299,0.2660827056557784
331,1573732800,345,111,0,456,46,-0.7356303059826299,1.2436970375848984
331,1573747200,230,134,0,364,46,-0.7356303059826299,0.6558505111961466
331,1573761600,194,243,49,437,46,0.6017611866960383,1.1222939506133083
331,1573776000,31,113,82,144,46,1.5024534164592231,-0.7498694432117385
331,1573790400,0,3,3,3,46,-0.6537491941859768,-1.650808141264065
331,1573804800,243,49,0,292,46,-0.7356303059826299,0.19579670793538415
331,1573819200,335,108,0,443,46,-0.7356303059826299,1.1606317675517053
331,1573833600,254,141,0,395,46,-0.7356303059826299,0.8539292320445303
331,1573848000,201,265,64,466,46,1.011166745679304,1.3075933991488933
331,1573862400,61,150,89,211,46,1.693509343984747,-0.32176382073297355
331,1573876800,7,59,52,66,46,0.6836422984926914,-1.2482610634108977
331,1573891200,64,19,0,83,46,-0.7356303059826299,-1.1396372487521067
331,1573905600,205,82,0,287,46,-0.7356303059826299,0.16384852715338677
331,1573920000,221,142,0,363,46,-0.7356303059826299,0.649460875039747
331,1573934400,133,157,24,290,46,-0.0805814116094047,0.18301743562258518
331,1573948800,42,123,81,165,46,1.4751597125270053,-0.6156870839273495
331,1573963200,12,54,42,66,46,0.41070525917051426,-1.2482610634108977
331,1573977600,40,24,0,64,46,-0.7356303059826299,-1.2610403357236968
331,1573992000,132,64,0,196,46,-0.7356303059826299,-0.4176083630789657
331,1574006400,186,119,0,305,46,-0.7356303059826299,0.27886197796857737
331,1574020800,119,126,7,245,46,-0.5445743784571059,-0.1045161914153913
331,1574035200,40,95,55,135,46,0.7655234102893446,-0.8073761686193338
331,1574049600,5,29,24,34,46,-0.0805814116094047,-1.452729420415681
331,1574064000,256,65,0,321,46,-0.7356303059826299,0.381096156470969
331,1574078400,360,101,0,461,46,-0.7356303059826299,1.2756452183668958
331,1574092800,215,163,0,378,46,-0.7356303059826299,0.7453054173857392
331,1574107200,163,276,113,439,46,2.348558238357972,1.1350732229261074
331,1574121600,29,76,47,105,47,0.7262292127676687,-0.9701395807500941
331,1574136000,0,3,3,3,47,-0.5908184665205076,-1.603398450768897
331,1574150400,259,65,0,324,47,-0.6806171719265197,0.3895044637020415
331,1574164800,397,81,0,478,47,-0.6806171719265197,1.3456011890245478
331,1574179200,226,103,0,329,47,-0.6806171719265197,0.42054656517355143
331,1574193600,179,274,95,453,47,2.163008499263861,1.190390681666998
331,1574208000,24,109,85,133,47,1.8636794812438209,-0.7963038125096384
331,1574222400,0,5,5,5,47,-0.5309526629164997,-1.5909816101802932
331,1574236800,268,64,0,332,47,-0.6806171719265197,0.4391718260564574
331,1574251200,351,102,0,453,47,-0.6806171719265197,1.190390681666998
331,1574265600,246,167,0,413,47,-0.6806171719265197,0.9420538698949186
331,1574280000,186,290,104,476,47,2.432404615481897,1.3331843484359438
331,1574294400,29,94,65,123,47,1.2650214452037407,-0.8583880154526583
331,1574308800,0,4,4,4,47,-0.5608855647185037,-1.597190030474595
331,1574323200,255,47,0,302,47,-0.6806171719265197,0.25291921722739774
331,1574337600,393,109,0,502,47,-0.6806171719265197,1.4946032760877956
331,1574352000,219,161,0,380,47,-0.6806171719265197,0.7371760001829529
331,1574366400,183,279,96,462,47,2.1929414010658648,1.246266464315716
331,1574380800,38,108,70,146,47,1.4146859542137609,-0.7155943486837126
331,1574395200,0,3,3,3,47,-0.5908184665205076,-1.603398450768897
331,1574409600,244,49,0,293,47,-0.6806171719265197,0.19704343457867982
331,1574424000,353,90,0,443,47,-0.6806171719265197,1.1283064787239783
331,1574438400,243,188,0,431,47,-0.6806171719265197,1.0538054351923543
331,1574452800,209,239,30,448,47,0.21736988213360056,1.1593485801954881
331,1574467200,69,144,75,213,47,1.5643504632237808,-0.2996301889654793
331,1574481600,18,45,27,63,47,0.12757117672758853,-1.2308932331107778
331,1574496000,71,26,0,97,47,-0.6806171719265197,-1.01980694310451
331,1574510400,206,62,0,268,47,-0.6806171719265197,0.041832927221130085
331,1574524800,192,100,0,292,47,-0.6806171719265197,0.19083501428437782
331,1574539200,155,117,0,272,47,-0.6806171719265197,0.06666660839833805
331,1574553600,59,96,37,155,47,0.42690019474762864,-0.6597185660349947
331,1574568000,10,47,37,57,47,0.42690019474762864,-1.2681437548765897
331,1574582400,29,17,0,46,47,-0.6806171719265197,-1.3364363781139115
331,1574596800,153,47,0,200,47,-0.6806171719265197,-0.3803396527914052
331,1574611200,179,91,0,270,47,-0.6806171719265197,0.05424976780973406
331,1574625600,119,122,3,241,47,-0.5908184665205076,-0.12579442072502361
331,1574640000,39,90,51,129,47,0.8459608199756847,-0.8211374936868464
331,1574654400,7,40,33,47,47,0.30716858753961257,-1.3302279578196095
331,1574668800,250,47,0,297,47,-0.6806171719265197,0.22187711575588778
331,1574683200,381,108,0,489,47,-0.6806171719265197,1.4138938122618696
331,1574697600,225,106,0,331,47,-0.6806171719265197,0.4329634057621554
331,1574712000,190,275,85,465,47,1.8636794812438209,1.264891725198622
331,1574726400,52,124,72,176,48,1.6599214952284846,-0.3616162521853957
331,1574740800,12,35,23,47,48,0.03551900489076648,-1.367384657904325
331,1574755200,252,69,0,321,48,-0.7269556334310197,0.7688986224599123
331,1574769600,372,100,0,472,48,-0.7269556334310197,1.9461934229526123
331,1574784000,222,163,0,385,48,-0.7269556334310197,1.2678844981654276
331,1574798400,176,245,69,421,48,1.5604682815343387,1.54856405324978
331,1574812800,52,167,115,219,48,3.0854175581779106,-0.026360116945752656
331,1574827200,9,48,39,57,48,0.5659361445928786,-1.289418114825338
331,1574841600,223,54,0,277,48,-0.7269556334310197,0.42584583291237055
331,1574856000,366,112,0,478,48,-0.7269556334310197,1.9929733488000045
331,1574870400,218,184,0,402,48,-0.7269556334310197,1.4004276213997051
331,1574884800,144,190,46,334,48,0.7979936432125526,0.8702551284625951
331,1574899200,59,133,74,192,48,1.7262236376912485,-0.23686978325901692
331,1574913600,11,50,39,61,48,0.5659361445928786,-1.2582314975937434
331,1574928000,57,26,0,83,48,-0.7269556334310197,-1.0867051028199726
331,1574942400,132,65,0,197,48,-0.7269556334310197,-0.19788651171952354
331,1574956800,175,97,0,272,48,-0.7269556334310197,0.38686256137287717
331,1574971200,98,98,0,196,48,-0.7269556334310197,-0.2056831660274222
331,1574985600,46,82,36,128,48,0.46648293089873255,-0.7358556589645322
331,1575000000,15,47,32,62,48,0.33387864597320455,-1.2504348432858448
331,1575014400,88,30,0,118,48,-0.7269556334310197,-0.813822202043519
331,1575028800,187,58,0,245,48,-0.7269556334310197,0.17635289505961294
331,1575043200,181,118,0,299,48,-0.7269556334310197,0.5973722276861414
331,1575057600,142,158,16,300,48,-0.19653849372890755,0.6051688819940401
331,1575072000,47,119,72,166,48,1.6599214952284846,-0.4395827952643825
331,1575086400,8,43,35,51,48,0.43333185966735055,-1.3361980406727303
331,1575100800,57,23,0,80,48,-0.7269556334310197,-1.1100950657436686
331,1575115200,166,43,0,209,48,-0.7269556334310197,-0.10432666002473942
331,1575129600,170,93,0,263,48,-0.7269556334310197,0.31669267260178907
331,1575144000,145,114,0,259,48,-0.7269556334310197,0.2855060553701944
331,1575158400,64,96,32,160,48,0.33387864597320455,-0.48636272111177453
331,1575172800,13,49,36,62,48,0.46648293089873255,-1.2504348432858448
331,1575187200,42,26,0,68,48,-0.7269556334310197,-1.2036549174384528
331,1575201600,154,43,0,197,48,-0.7269556334310197,-0.19788651171952354
331,1575216000,162,93,0,255,48,-0.7269556334310197,0.2543194381385997
331,1575230400,83,100,17,183,48,-0.16338742249752555,-0.307039672030105
331,1575244800,23,61,38,84,48,0.5327850733614966,-1.078908448512074
331,1575259200,9,38,29,47,48,0.23442543227905852,-1.367384657904325
331,1575273600,260,54,0,314,48,-0.7269556334310197,0.7143220423046216
331,1575288000,360,99,0,459,48,-0.7269556334310197,1.8448369169499297
331,1575302400,205,147,0,352,48,-0.7269556334310197,1.0105949060047712
331,1575316800,144,245,101,389,48,2.6213025609385627,1.2990711153970222
331,1575331200,26,138,112,164,49,1.8824920311027125,-0.8704433312337385
331,1575345600,9,44,35,53,49,0.026966511874985548,-1.6538423293441034
331,1575360000,250,58,0,308,49,-0.8164541786830721,0.14585807172024823
331,1575374400,385,107,0,492,49,-0.8164541786830721,1.4444654199392313
331,1575388800,230,150,0,380,49,-0.8164541786830721,0.6540087731972416
331,1575403200,187,265,78,452,49,1.0631690745605993,1.162159474674235
331,1575417600,41,162,121,203,49,2.099371637246213,-0.595195034600367
331,1575432000,10,36,26,46,49,-0.189913094268515,-1.7032458697654775
331,1575446400,237,60,0,297,49,-0.8164541786830721,0.06822393677237425
331,1575460800,393,119,0,512,49,-0.8164541786830721,1.5856183925717293
331,1575475200,236,138,0,374,49,-0.8164541786830721,0.6116628814074921
331,1575489600,188,268,80,456,49,1.1113645425924883,1.1903900692007345
331,1575504000,42,188,146,230,49,2.7018149876448256,-0.4046385215464946
331,1575518400,6,56,50,62,49,0.38843252211415313,-1.590323491659479
331,1575532800,249,56,0,305,49,-0.8164541786830721,0.1246851258253735
331,1575547200,397,104,0,501,49,-0.8164541786830721,1.5079842576238554
331,1575561600,226,181,0,407,49,-0.8164541786830721,0.8445652862511142
331,1575576000,176,262,86,438,49,1.2559509466881553,1.0633523938314862
331,1575590400,74,175,101,249,49,1.617416956927323,-0.27054319754562134
331,1575604800,8,52,44,60,49,0.2438461180184861,-1.604438788922729
331,1575619200,254,67,0,321,49,-0.8164541786830721,0.23760750393137203
331,1575633600,395,89,0,484,49,-0.8164541786830721,1.388004230886232
331,1575648000,232,168,0,400,49,-0.8164541786830721,0.7951617458297398
331,1575662400,201,219,18,420,49,-0.38269496639607103,0.9363147184622379
331,1575676800,66,158,92,224,49,1.4005373507838224,-0.446984413336244
331,1575691200,19,83,64,102,49,0.7258007983373762,-1.3080175463944828
331,1575705600,75,35,0,110,49,-0.8164541786830721,-1.2515563573414836
331,1575720000,217,89,0,306,49,-0.8164541786830721,0.13174277445699842
331,1575734400,201,135,0,336,49,-0.8164541786830721,0.3434722334057457
331,1575748800,154,200,46,354,49,0.2920415860503751,0.470509908774994
331,1575763200,69,128,59,197,49,0.6053121282576537,-0.6375409263901165
331,1575777600,15,76,61,91,49,0.6535075962895427,-1.3856516813423567
331,1575792000,51,33,0,84,49,-0.8164541786830721,-1.4350552217637311
331,1575806400,188,69,0,257,49,-0.8164541786830721,-0.21408200849262207
331,1575820800,215,132,0,347,49,-0.8164541786830721,0.42110636835361964
331,1575835200,120,134,14,254,49,-0.47908590245984906,-0.2352549543874968
331,1575849600,45,136,91,181,49,1.3764396167678778,-0.7504633044961151
331,1575864000,7,61,54,68,49,0.48482345817793115,-1.5479775998697296
331,1575878400,238,58,0,296,49,-0.8164541786830721,0.061166288140749335
331,1575892800,350,107,0,457,49,-0.8164541786830721,1.1974477178323595
331,1575907200,235,140,0,375,49,-0.8164541786830721,0.6187205300391171
331,1575921600,185,230,45,415,49,0.2679438520344306,0.9010264753041134
331,1575936000,36,88,52,124,50,0.5228968337673324,-1.05887600010639
331,1575950400,5,12,7,17,50,-0.6052709925115013,-1.7673155928528714
331,1575964800,235,47,0,282,50,-0.7807637654882087,-0.012768937919996769
331,1575979200,396,119,0,515,50,-0.7807637654882087,1.5299079322662665
331,1575993600,216,154,0,370,50,-0.7807637654882087,0.5698729701331843
331,1576008000,189,304,115,493,50,2.1023317905576997,1.3842474552529713
331,1576022400,40,170,130,210,50,2.4783877326506443,-0.4894759535998721
331,1576036800,11,50,39,61,50,0.19698168395344717,-1.4759946388262808
331,1576051200,245,58,0,303,50,-0.7807637654882087,0.1262706083199669
331,1576065600,366,127,0,493,50,-0.7807637654882087,1.3842474552529713
331,1576080000,256,155,0,411,50,-0.7807637654882087,0.8413311318397799
331,1576094400,188,306,118,494,50,2.177542978976289,1.390868386026303
331,1576108800,69,165,96,234,50,1.6259942639066367,-0.33057361503991367
331,1576123200,15,54,39,69,50,0.19698168395344717,-1.423027192639628
331,1576137600,240,67,0,307,50,-0.7807637654882087,0.15275433141329328
331,1576152000,383,126,0,509,50,-0.7807637654882087,1.490182347626277
331,1576166400,249,152,0,401,50,-0.7807637654882087,0.7751218241064639
331,1576180800,192,261,69,453,50,0.9490935681393364,1.1194102243197073
331,1576195200,46,142,96,188,50,1.6259942639066367,-0.6351364306131674
331,1576209600,14,66,52,80,50,0.5228968337673324,-1.3501969541329804
331,1576224000,234,48,0,282,50,-0.7807637654882087,-0.012768937919996769
331,1576238400,369,126,0,495,50,-0.7807637654882087,1.3974893167996345
331,1576252800,250,172,0,422,50,-0.7807637654882087,0.9141613703464275
331,1576267200,205,247,42,452,50,0.2721928723720361,1.1127892935463757
331,1576281600,71,155,84,226,50,1.325149510232281,-0.3835410612265665
331,1576296000,16,84,68,100,50,0.9240231719998068,-1.2177783386663483
331,1576310400,71,26,0,97,50,-0.7807637654882087,-1.2376411309863433
331,1576324800,190,63,0,253,50,-0.7807637654882087,-0.20477593034661323
331,1576339200,204,117,0,321,50,-0.7807637654882087,0.2454473622399357
331,1576353600,169,182,13,351,50,-0.45484861567432344,0.4440752854398838
331,1576368000,67,130,63,197,50,0.7986711913021585,-0.575548053653183
331,1576382400,13,62,49,75,50,0.44768564534874355,-1.3833016079996385
331,1576396800,44,22,0,66,50,-0.7807637654882087,-1.4428899849596228
331,1576411200,181,68,0,249,50,-0.7807637654882087,-0.23125965343993965
331,1576425600,200,115,0,315,50,-0.7807637654882087,0.20572177759994612
331,1576440000,155,136,0,291,50,-0.7807637654882087,0.04681943903998765
331,1576454400,32,99,67,131,50,0.8989527758602771,-1.0125294846930688
331,1576468800,10,38,28,48,50,-0.07879267358137886,-1.5620667388795917
331,1576483200,253,55,0,308,50,-0.7807637654882087,0.1593752621866249
331,1576497600,358,86,0,444,50,-0.7807637654882087,1.0598218473597227
331,1576512000,216,139,0,355,50,-0.7807637654882087,0.4705590085332102
331,1576526400,176,257,81,433,50,1.2499383218136921,0.9869916088530752
331,1576540800,49,151,102,200,51,1.5553715915766742,-0.4438878921312663
331,1576555200,6,44,38,50,51,0.06858679849057873,-1.5211196796609188
331,1576569600,225,49,0,274,51,-0.8141916724042905,0.08754645638336234
331,1576584000,360,106,0,466,51,-0.8141916724042905,1.4664031444213177
331,1576598400,227,184,0,411,51,-0.8141916724042905,1.071418155660445
331,1576612800,165,266,101,431,51,1.532140579184704,1.2150490606643987
331,1576627200,37,157,120,194,51,1.9735298146321385,-0.48697716363245236
331,1576641600,6,57,51,63,51,0.3705899595861919,-1.427759591408349
331,1576656000,247,55,0,302,51,-0.8141916724042905,0.2886297233888975
331,1576670400,373,120,0,493,51,-0.8141916724042905,1.660304866176655
331,1576684800,258,174,0,432,51,-0.8141916724042905,1.2222306059145964
331,1576699200,176,255,79,431,51,1.0210583065613585,1.2150490606643987
331,1576713600,47,152,105,199,51,1.625064628752585,-0.45106943738146393
331,1576728000,7,47,40,54,51,0.11504882327451921,-1.4923934986601282
331,1576742400,226,58,0,284,51,-0.8141916724042905,0.1593619088853392
331,1576756800,344,128,0,472,51,-0.8141916724042905,1.5094924159225038
331,1576771200,231,148,0,379,51,-0.8141916724042905,0.8416087076541192
331,1576785600,165,273,108,438,51,1.6947576659284957,1.2653198774157826
331,1576800000,44,149,105,193,51,1.625064628752585,-0.49415870888265007
331,1576814400,9,45,36,54,51,0.02212477370663825,-1.4923934986601282
331,1576828800,235,42,0,277,51,-0.8141916724042905,0.10909109213395539
331,1576843200,341,117,0,458,51,-0.8141916724042905,1.4089507824197363
331,1576857600,253,160,0,413,51,-0.8141916724042905,1.0857812461608405
331,1576872000,149,262,113,411,51,1.8109127278883468,1.071418155660445
331,1576886400,67,170,103,237,51,1.5786026039686445,-0.17817071787395197
331,1576900800,8,62,54,70,51,0.4402829967621026,-1.3774887746569653
331,1576915200,59,16,0,75,51,-0.8141916724042905,-1.3415810484059767
331,1576929600,168,68,0,236,51,-0.8141916724042905,-0.18535226312414965
331,1576944000,181,117,0,298,51,-0.8141916724042905,0.25990354238810676
331,1576958400,151,132,0,283,51,-0.8141916724042905,0.1521803636351415
331,1576972800,51,121,70,172,51,0.8119791950336265,-0.6449711591368015
331,1576987200,10,63,53,73,51,0.41705198437013236,-1.3559441389063722
331,1577001600,39,20,0,59,51,-0.8141916724042905,-1.4564857724091398
331,1577016000,134,65,0,199,51,-0.8141916724042905,-0.45106943738146393
331,1577030400,168,102,0,270,51,-0.8141916724042905,0.058820275382571605
331,1577044800,113,138,25,251,51,-0.2334163626050344,-0.07762908437118439
331,1577059200,36,134,98,170,51,1.4624475420087932,-0.6593342496371968
331,1577073600,15,31,16,46,51,-0.4424954741327666,-1.5498458606617096
331,1577088000,128,32,0,160,51,-0.8141916724042905,-0.7311497021391736
331,1577102400,247,85,0,332,51,-0.8141916724042905,0.504076080894828
331,1577116800,227,134,0,361,51,-0.8141916724042905,0.7123408931505608
331,1577131200,135,190,55,325,51,0.4635140091540728,0.45380526414344424
331,1577145600,47,145,98,192,52,2.774062957205324,0.08311935125606937
331,1577160000,8,55,47,63,52,0.8991578994365131,-1.2100339728082075
331,1577174400,99,34,0,133,52,-0.8286957812523913,-0.5083228667268169
331,1577188800,195,74,0,269,52,-0.8286957812523913,0.8550015679455989
331,1577203200,184,129,0,313,52,-0.8286957812523913,1.2960771203396158
331,1577217600,113,143,30,256,52,0.27418954684690944,0.7246837911019121
331,1577232000,41,85,44,126,52,0.7888693666265831,-0.578493977334956
331,1577246400,12,42,30,54,52,0.27418954684690944,-1.300253972161529
331,1577260800,21,15,0,36,52,-0.8286957812523913,-1.4806939708681723
331,1577275200,72,32,0,104,52,-0.8286957812523913,-0.7990317535319644
331,1577289600,108,67,0,175,52,-0.8286957812523913,-0.08729620307798261
331,1577304000,73,92,19,165,52,-0.13020174012283417,-0.18754064680389554
331,1577318400,38,97,59,135,52,1.3403120306762333,-0.4882739779816343
331,1577332800,12,30,18,42,52,-0.16696458439281084,-1.4205473046326245
331,1577347200,118,27,0,145,52,-0.8286957812523913,-0.3880295342557214
331,1577361600,196,73,0,269,52,-0.8286957812523913,0.8550015679455989
331,1577376000,179,98,0,277,52,-0.8286957812523913,0.9351971229263293
331,1577390400,121,174,53,295,52,1.1197349650563733,1.1156371216329726
331,1577404800,41,106,65,147,52,1.5608890962960935,-0.3679806455105388
331,1577419200,8,38,30,46,52,0.27418954684690944,-1.3804495271422594
331,1577433600,136,22,0,158,52,-0.8286957812523913,-0.25771175741203456
331,1577448000,230,91,0,321,52,-0.8286957812523913,1.376272675320346
331,1577462400,198,138,0,336,52,-0.8286957812523913,1.5266393409092156
331,1577476800,152,200,48,352,52,0.9359207437064899,1.6870304508706762
