remote_unit_id,time_stamp,entries,exits,num_people_exited,sum_exit_entry,week_num,z_score_num_people_exited,z_score_sum_exit_entry
31,1546311600,239,314,75,553,1,-0.29988197193006855,-0.5972252626833233
31,1546326000,96,126,30,222,1,-0.37846696863709495,-0.8745237282594875
31,1546340400,159,249,90,408,1,-0.27368697302772643,-0.7187004213194074
31,1546354800,277,616,339,893,1,0.16115000875115276,-0.31238695967457447
31,1546369200,419,664,245,1083,1,-0.0030053177035245337,-0.15321261387556778
31,1546383600,360,384,24,744,1,-0.38894496819803176,-0.437213157169585
31,1546398000,82,83,1,165,1,-0.429110633181623,-0.9222760319991896
31,1546412400,399,140,0,539,1,-0.4308569664417792,-0.6089538986895658
31,1546426800,2308,1144,0,3452,1,-0.4308569664417792,1.831440150323626
31,1546441200,531,678,147,1209,1,-0.17414597719882638,-0.0476548898193844
31,1546455600,986,2997,2011,3983,1,3.0810192197322213,2.276290558846113
31,1546470000,534,636,102,1170,1,-0.25273097390585275,-0.08032751869391735
31,1546484400,221,96,0,317,1,-0.4308569664417792,-0.7949365553599842
31,1546498800,380,161,0,541,1,-0.4308569664417792,-0.6072783792601026
31,1546513200,1807,1273,0,3080,1,-0.4308569664417792,1.5197935364434656
31,1546527600,496,740,244,1236,1,-0.004751650963680676,-0.025035377521630816
31,1546542000,1038,2993,1955,4031,1,2.983224557163477,2.3165030251532306
31,1546556400,557,754,197,1311,1,-0.08682931419101932,0.03779660108324025
31,1546570800,300,87,0,387,1,-0.4308569664417792,-0.7362933753287713
31,1546585200,384,126,0,510,1,-0.4308569664417792,-0.6332489304167827
31,1546599600,1701,1212,0,2913,1,-0.4308569664417792,1.3798876640832862
31,1546601666,55,84,29,139,1,-0.38021330189725105,-0.9440577845822116
31,1546614000,490,770,280,1260,1,0.05811634640194042,-0.004929144368072078
31,1546628400,999,2803,1804,3802,1,2.7195282348799,2.124656050479691
31,1546642800,543,773,230,1316,1,-0.029200316605866656,0.04198539965689831
31,1546657200,270,152,0,422,1,-0.4308569664417792,-0.7069717853131647
31,1546671600,93,89,0,182,1,-0.4308569664417792,-0.9080341168487521
31,1546686000,340,310,0,650,1,-0.4308569664417792,-0.5159625703543567
31,1546700400,660,511,0,1171,1,-0.4308569664417792,-0.07948975897918574
31,1546714800,542,674,132,1216,1,-0.20034097610116852,-0.0417905718162631
31,1546729200,965,432,0,1397,1,-0.4308569664417792,0.10984393655015906
31,1546743600,196,120,0,316,1,-0.4308569664417792,-0.7957743150747159
31,1546758000,69,52,0,121,1,-0.4308569664417792,-0.9591374594473806
31,1546772400,250,241,0,491,1,-0.4308569664417792,-0.6491663649966833
31,1546786800,523,488,0,1011,1,-0.4308569664417792,-0.213531313336244
31,1546801200,554,569,15,1123,1,-0.40466196753943706,-0.11970222528630321
31,1546815600,305,278,0,583,1,-0.4308569664417792,-0.5720924712413749
31,1546830000,94,57,0,151,1,-0.4308569664417792,-0.9340046680054321
31,1546844400,407,138,0,545,1,-0.4308569664417792,-0.6039273404011762
31,1546858800,2103,1386,0,3489,1,-0.4308569664417792,1.8624372597686958
31,1546873200,424,650,226,1074,1,-0.03618564964649122,-0.1607524513081523
31,1546887600,927,3172,2245,4099,1,3.489661202608758,2.3734706857549805
31,1546902000,470,658,188,1128,1,-0.10254631353242459,-0.11551342671264514
31,1546916400,160,87,0,247,2,-0.514707978369167,-0.8489790929446617
31,1546930800,417,145,0,562,2,-0.514707978369167,-0.6224713598176909
31,1546933935,27,132,105,159,2,-0.37207656881629086,-0.9122574437864821
31,1546945200,2266,1339,0,3605,2,-0.514707978369167,1.5656652494057135
31,1546945735,9,28,19,37,2,-0.4888984852119799,-0.9999842483626423
31,1546959600,409,691,282,1100,2,-0.13164076414144246,-0.2356105330801977
31,1546974000,918,3253,2335,4171,2,2.65714289121146,1.972660096865604
31,1546988400,478,782,304,1260,2,-0.10175608785417317,-0.12055898609506963
31,1547002800,150,99,0,249,2,-0.514707978369167,-0.8475409486073476
31,1547017200,400,142,0,542,2,-0.514707978369167,-0.6368528031908318
31,1547031600,2079,1385,0,3464,2,-0.514707978369167,1.4642760736250695
31,1547046000,462,691,229,1153,2,-0.20363566610622758,-0.19749970814137402
31,1547060400,956,3338,2382,4294,2,2.7209874269160808,2.061105973610421
31,1547074800,495,882,387,1377,2,0.010990645411433714,-0.036427542362194726
31,1547089200,151,84,0,235,2,-0.514707978369167,-0.8576079589685462
31,1547103600,373,143,0,516,2,-0.514707978369167,-0.6555486795759151
31,1547118000,2124,1369,0,3493,2,-0.514707978369167,1.485129166516124
31,1547132400,423,685,262,1108,2,-0.15880865167532363,-0.22985795573094128
31,1547146800,1002,3446,2444,4448,2,2.8052078782711125,2.171843087583607
31,1547161200,518,968,450,1486,2,0.09656949114315942,0.04195132402142377
31,1547175600,142,130,0,272,2,-0.514707978369167,-0.8310022887282354
31,1547190000,340,142,0,482,2,-0.514707978369167,-0.6799971333102548
31,1547204400,1826,1221,0,3047,2,-0.514707978369167,1.1644229792950795
31,1547218800,459,804,345,1263,2,-0.046061918409716754,-0.11840176958909847
31,1547233200,922,3354,2432,4276,2,2.788907145750784,2.0481626745745944
31,1547247600,486,852,366,1338,2,-0.01753563649914152,-0.06447135693981969
31,1547262000,195,182,0,377,2,-0.514707978369167,-0.7554997110192452
31,1547276400,84,69,0,153,2,-0.514707978369167,-0.9165718767984244
31,1547290800,222,388,166,610,2,-0.28921451183795327,-0.5879558957221523
31,1547305200,378,605,227,983,2,-0.2063524548596157,-0.3197419768130726
31,1547319600,579,813,234,1392,2,-0.1968436942227573,-0.02564145983233897
31,1547334000,393,438,45,831,2,-0.4535802314179344,-0.42904094644894425
31,1547348400,166,180,14,346,2,-0.49569045709545023,-0.7777909482476137
31,1547362800,47,55,8,102,2,-0.5038408233556145,-0.953244557399934
31,1547377200,124,321,197,445,2,-0.24710428616043748,-0.7066028035505657
31,1547391600,269,717,448,986,2,0.0938527023897713,-0.3175847603071014
31,1547406000,504,590,86,1094,2,-0.397886061973478,-0.23992496609213998
31,1547420400,309,377,68,686,2,-0.42233716075397104,-0.5333064109042166
31,1547434800,96,63,0,159,2,-0.514707978369167,-0.9122574437864821
31,1547449200,361,134,0,495,2,-0.514707978369167,-0.6706491951177131
31,1547463600,2117,1294,0,3411,2,-0.514707978369167,1.4261652486862457
31,1547478000,420,636,216,1056,2,-0.22129479300325033,-0.2672497085011079
31,1547492400,958,3357,2399,4315,2,2.74408013131988,2.076206489152219
31,1547506800,485,707,222,1192,2,-0.21314442674308598,-0.16945589356374904
31,1547521200,238,68,0,306,3,-0.47788933732434496,-0.8059270739238014
31,1547535600,362,151,0,513,3,-0.47788933732434496,-0.645692670779511
31,1547550000,2114,1359,0,3473,3,-0.47788933732434496,1.6455818862596172
31,1547564400,381,673,292,1054,3,-0.014435689297635565,-0.22691580072607578
31,1547578800,1019,3343,2324,4362,3,3.2106938065594655,2.3337383326135983
31,1547593200,558,882,324,1440,3,0.036353751582003824,0.0718787867797024
31,1547607600,205,72,0,277,3,-0.47788933732434496,-0.8283753719488469
31,1547622000,338,134,0,472,3,-0.47788933732434496,-0.6774299197114719
31,1547636400,2093,1280,0,3373,3,-0.47788933732434496,1.568173962035322
31,1547650800,433,662,229,1095,3,-0.11442740102942561,-0.1951785517941149
31,1547665200,993,3234,2241,4227,3,3.078958694277901,2.2292376349108003
31,1547679600,567,785,218,1352,3,-0.13188627133180164,0.0037598134623229185
31,1547694000,217,103,0,320,3,-0.47788933732434496,-0.7950899645324001
31,1547708400,326,171,0,497,3,-0.47788933732434496,-0.6580779386553982
31,1547722800,2136,1344,0,3480,3,-0.47788933732434496,1.6510004409553178
31,1547737200,420,710,290,1130,3,-0.01761002935261303,-0.16808577831561167
31,1547751600,960,3261,2301,4221,3,3.174188895927225,2.224593159457343
31,1547766000,550,904,354,1454,3,0.08396885240666575,0.08271589617110368
31,1547780400,297,109,0,406,3,-0.47788933732434496,-0.7285191496995065
31,1547794800,340,133,0,473,3,-0.47788933732434496,-0.6766558404692289
31,1547809200,1840,1076,0,2916,3,-0.47788933732434496,1.2144197483302945
31,1547823600,463,865,402,1328,3,0.16015301372612484,-0.014818088351507849
31,1547838000,957,2819,1862,3776,3,2.477421253859672,1.8801278966592305
31,1547852400,1364,1877,513,3241,3,0.33632888677737394,1.465995502059253
31,1547866800,251,163,0,414,3,-0.47788933732434496,-0.7223265157615629
31,1547881200,88,75,0,163,3,-0.47788933732434496,-0.916620405564543
31,1547895600,266,279,13,545,3,-0.45725612696699147,-0.6209221350277366
31,1547910000,422,432,10,854,3,-0.46201763704945764,-0.3817316491746655
31,1547924400,617,540,0,1157,3,-0.47788933732434496,-0.14718563877505206
31,1547938800,322,394,72,716,3,-0.36361309534515635,-0.48855458460419243
31,1547953200,149,127,0,276,3,-0.47788933732434496,-0.8291494511910898
31,1547967600,73,45,0,118,3,-0.47788933732434496,-0.9514539714654757
31,1547982000,151,206,55,357,3,-0.39059498581246477,-0.766449032569411
31,1547996400,280,355,75,635,3,-0.3588515852626902,-0.5512550032258713
31,1548010800,424,488,64,912,3,-0.3763104555650662,-0.33683505312457446
31,1548025200,273,250,0,523,3,-0.47788933732434496,-0.6379518783570814
31,1548039600,127,53,0,180,3,-0.47788933732434496,-0.9034610584464129
31,1548054000,135,122,0,257,3,-0.47788933732434496,-0.8438569567937059
31,1548068400,478,643,165,1121,3,-0.21600628278870437,-0.1750524914957982
31,1548082800,274,664,390,938,3,0.14110697339626005,-0.3167089928262578
31,1548097200,602,1017,415,1619,3,0.18078622408347833,0.2104389711411902
31,1548111600,286,323,37,609,3,-0.41916404630726195,-0.5713810635241879
31,1548126000,86,78,0,164,4,-0.48953369252309903,-0.9390419564747026
31,1548140400,361,143,0,504,4,-0.48953369252309903,-0.6837489751233956
31,1548154800,2247,1251,0,3498,4,-0.48953369252309903,1.5643309841878197
31,1548169200,411,658,247,1069,4,-0.11846672436332775,-0.2595121090543119
31,1548183600,942,3011,2069,3953,4,2.6187155265966044,1.9059730621726572
31,1548198000,437,833,396,1270,4,0.10537529286665574,-0.10858890537309802
31,1548212400,83,88,5,171,4,-0.4820222154348446,-0.9337859245057051
31,1548226800,318,141,0,459,4,-0.48953369252309903,-0.7175377520669509
31,1548241200,2093,1328,0,3421,4,-0.48953369252309903,1.5065146325288472
31,1548255600,423,641,218,1064,4,-0.16203329147520373,-0.2632664176035958
31,1548270000,930,3206,2276,4136,4,2.92969067805034,2.043380755076449
31,1548284400,567,907,340,1474,4,0.021246749478205564,0.04458688343768619
31,1548298800,154,87,0,241,4,-0.48953369252309903,-0.8812256048157301
31,1548313200,351,177,0,528,4,-0.48953369252309903,-0.6657282940868328
31,1548327600,2334,1329,0,3663,4,-0.48953369252309903,1.6882231663141893
31,1548342000,395,676,281,1071,4,-0.0673886801631973,-0.2580103856345983
31,1548356400,888,2922,2034,3810,4,2.566135186978823,1.7985998376631367
31,1548370800,534,858,324,1392,4,-0.00278997720420877,-0.01698377677057021
31,1548385200,158,89,0,247,4,-0.48953369252309903,-0.8767204345565894
31,1548399600,329,141,0,470,4,-0.48953369252309903,-0.7092782732585263
31,1548414000,1815,1239,0,3054,4,-0.48953369252309903,1.2309483850114071
31,1548428400,512,799,287,1311,4,-0.05837490765729192,-0.07780357526896982
31,1548442800,951,2918,1967,3869,4,2.465481393996213,1.842900678544687
31,1548457200,534,750,216,1284,4,-0.16503788231050553,-0.09807684143510302
31,1548471600,149,128,0,277,4,-0.48953369252309903,-0.8541945832608858
31,1548486000,81,80,0,161,4,-0.48953369252309903,-0.941294541604273
31,1548500400,282,263,0,545,4,-0.48953369252309903,-0.6529636450192674
31,1548514800,394,475,81,869,4,-0.36784776369337646,-0.4096844510256689
31,1548529200,605,599,0,1204,4,-0.48953369252309903,-0.15814577822364587
31,1548543600,375,367,0,742,4,-0.48953369252309903,-0.5050438881774807
31,1548558000,173,156,0,329,4,-0.48953369252309903,-0.815149774348333
31,1548572400,45,45,0,90,4,-0.48953369252309903,-0.9946057230041048
31,1548586800,141,221,80,362,4,-0.36935005911102736,-0.7903713379230591
31,1548601200,328,522,194,850,4,-0.19808838149882524,-0.4239508235129479
31,1548615600,528,478,0,1006,4,-0.48953369252309903,-0.3068163967752894
31,1548630000,305,270,0,575,4,-0.48953369252309903,-0.6304377937235638
31,1548644400,113,55,0,168,4,-0.48953369252309903,-0.9360385096352755
31,1548658800,321,145,0,466,4,-0.48953369252309903,-0.7122817200979534
31,1548673200,2126,1270,0,3396,4,-0.48953369252309903,1.4877430897824275
31,1548687600,394,633,239,1027,4,-0.13048508770453493,-0.29104830086829686
31,1548702000,929,3105,2176,4034,4,2.7794611362852506,1.9667928606710567
31,1548716400,467,723,256,1190,4,-0.10494606560446969,-0.16865784216164084
31,1548730800,120,83,0,203,5,-0.48935920518776355,-0.8481817722291146
31,1548745200,343,151,0,494,5,-0.48935920518776355,-0.6258120801041032
31,1548759600,2247,1391,0,3638,5,-0.48935920518776355,1.7766975832671554
31,1548774000,431,674,243,1105,5,-0.1171333322307574,-0.1589121423433401
31,1548788400,898,3329,2431,4227,5,3.23443131809817,2.2267860666404604
31,1548802800,453,909,456,1362,5,0.20913872925007512,0.037476211182872796
31,1548817200,135,78,0,213,5,-0.48935920518776355,-0.8405402020529974
31,1548831600,359,154,0,513,5,-0.48935920518776355,-0.6112930967694804
31,1548846000,2073,1345,0,3418,5,-0.48935920518776355,1.6085830393925762
31,1548860400,419,673,254,1092,5,-0.10028360135616042,-0.16884618357229253
31,1548874800,953,3318,2365,4271,5,3.133332932850588,2.2604089754153764
31,1548889200,441,844,403,1285,5,0.1279536623088351,-0.02136387917322991
31,1548903600,130,70,0,200,5,-0.48935920518776355,-0.8504742432819499
31,1548918000,309,140,0,449,5,-0.48935920518776355,-0.6601991458966306
31,1548932400,2090,1196,0,3286,5,-0.48935920518776355,1.5077143130678288
31,1548946800,321,661,340,982,5,0.031450658208870545,-0.2529034555095821
31,1548961200,886,2916,2030,3802,5,2.6201820380333163,1.902019334155478
31,1548975600,467,896,429,1363,5,0.16778029892151888,0.03824036820048452
31,1548990000,169,70,0,239,5,-0.48935920518776355,-0.8206721195950926
31,1549004400,302,148,0,450,5,-0.48935920518776355,-0.659434988879019
31,1549018800,1778,1251,0,3029,5,-0.48935920518776355,1.3113259595416158
31,1549022004,65,114,49,179,5,-0.41430131311001334,-0.866521540651796
31,1549022077,104,45,0,149,5,-0.48935920518776355,-0.8894462511801478
31,1549022165,86,138,52,224,5,-0.40970593196239596,-0.8321344748592685
31,1549022252,59,133,74,192,5,-0.376006470213202,-0.8565874994228436
31,1549022340,1,0,0,1,5,-0.48935920518776355,-1.002541489786683
31,1549033200,355,694,339,1049,5,0.029918864492998094,-0.20170493532959663
31,1549047600,975,3160,2185,4135,5,2.8576100639935467,2.156483621020182
31,1549062000,511,822,311,1333,5,-0.012971359551430594,0.015315657672132818
31,1549076400,161,178,17,339,5,-0.46331871201793184,-0.7442564178339203
31,1549090800,98,75,0,173,5,-0.48935920518776355,-0.8711064827574664
31,1549105200,377,395,18,772,5,-0.46178691830205937,-0.413376429208044
31,1549119600,581,618,37,1199,5,-0.43268283770048277,-0.08708138268783812
31,1549134000,702,789,87,1491,5,-0.3560931519068601,0.1360524664547851
31,1549148400,450,570,120,1020,5,-0.30554395928306916,-0.2238654888403366
31,1549162800,231,170,0,401,5,-0.48935920518776355,-0.6968786827419934
31,1549177200,68,62,0,130,5,-0.48935920518776355,-0.9039652345147705
31,1549191600,127,314,187,441,5,-0.2029137803196148,-0.6663124020375245
31,1549206000,321,696,375,1017,5,0.0850634382644064,-0.22615795989317178
31,1549220400,612,681,69,1293,5,-0.38366543879256426,-0.01525062303233612
31,1549234800,389,304,0,693,5,-0.48935920518776355,-0.4737448335993702
31,1549249200,85,71,0,156,5,-0.48935920518776355,-0.8840971520568657
31,1549263600,317,137,0,454,5,-0.48935920518776355,-0.656378360808572
31,1549278000,1988,1271,0,3259,5,-0.48935920518776355,1.487082073592312
31,1549292400,437,633,196,1070,5,-0.1891276368767627,-0.18565763795975043
31,1549306800,957,2729,1772,3686,5,2.224979259338223,1.813377120112518
31,1549321200,528,704,176,1232,5,-0.21976351119421178,-0.06186420110665125
31,1549335600,141,72,0,213,6,-0.5453301125924059,-0.9718277988507649
31,1549350000,334,146,0,480,6,-0.5453301125924059,-0.771407081322582
31,1549364400,2028,1406,0,3434,6,-0.5453301125924059,1.445981681142783
31,1549378800,483,682,199,1165,6,-0.2296007498155059,-0.2572190981510264
31,1549393200,1042,3074,2032,4116,6,2.678599863099357,1.9579177461398645
31,1549407600,656,861,205,1517,6,-0.2200812715408255,0.007005967653918948
31,1549422000,141,99,0,240,6,-0.5453301125924059,-0.9515605352804992
31,1549436400,369,138,0,507,6,-0.5453301125924059,-0.7511398177523162
31,1549450800,2188,1374,0,3562,6,-0.5453301125924059,1.5420635232536721
31,1549465200,439,667,228,1106,6,-0.18358993815455063,-0.3015068222490144
31,1549479600,1042,3127,2085,4169,6,2.7626885878590337,1.9977016338889046
31,1549494000,489,1033,544,1522,6,0.31776925097861725,0.010759164611375558
31,1549508400,184,106,0,290,6,-0.5453301125924059,-0.914028565705933
31,1549522800,371,166,0,537,6,-0.5453301125924059,-0.7286206360075765
31,1549537200,2043,1303,0,3346,6,-0.5453301125924059,1.3799254146915467
31,1549551600,481,690,209,1171,6,-0.21373495269103857,-0.25271526180207843
31,1549566000,1015,2975,1960,3990,6,2.5643661238031923,1.863337182811958
31,1549580400,580,1012,432,1592,6,0.14007232318458304,0.0633039220157681
31,1549594800,141,100,0,241,6,-0.5453301125924059,-0.9508098958890079
31,1549609200,342,136,0,478,6,-0.5453301125924059,-0.7729083601055645
31,1549623600,1750,1373,0,3123,6,-0.5453301125924059,1.212532830388982
31,1549638000,545,792,247,1337,6,-0.1534449236180627,-0.128109122814519
31,1549652400,1073,2994,1921,4067,6,2.5024895150177695,1.9211364159567899
31,1549666800,575,824,249,1399,6,-0.15027176419316923,-0.08156948054205704
31,1549681200,227,174,0,401,6,-0.5453301125924059,-0.8307075932503963
31,1549695600,97,73,0,170,6,-0.5453301125924059,-1.0041052926848917
31,1549710000,343,434,91,777,6,-0.40095135875975313,-0.5484671820496593
31,1549724400,450,681,231,1131,6,-0.17883019901721042,-0.28274083746173134
31,1549738800,672,993,321,1665,6,-0.036038024897004396,0.1181005975946346
31,1549753200,474,602,128,1076,6,-0.342247909399224,-0.32402600399375403
31,1549767600,131,173,42,304,6,-0.4786937646696431,-0.9035196142250546
31,1549782000,52,47,0,99,6,-0.5453301125924059,-1.0574006894807755
31,1549796400,145,346,201,491,6,-0.22642759039061244,-0.7631500480161774
31,1549810800,343,595,252,938,6,-0.14551202505582903,-0.42761424001955645
31,1549825200,554,820,266,1374,6,-0.12329990908157475,-0.1003354653293401
31,1549839600,391,333,0,724,6,-0.5453301125924059,-0.5882510697986993
31,1549854000,103,57,0,160,6,-0.5453301125924059,-1.0116116865998048
31,1549868400,323,133,0,456,6,-0.5453301125924059,-0.7894224267183736
31,1549882800,2115,1346,0,3461,6,-0.5453301125924059,1.466248944713049
31,1549897200,434,642,208,1076,6,-0.2153215324034853,-0.32402600399375403
31,1549911600,1018,3108,2090,4126,6,2.7706214864212675,1.9654241400547778
31,1549926000,498,793,295,1291,6,-0.07728909742061947,-0.16263853482311982
31,1549940400,126,80,0,206,7,-0.5261052188059211,-0.9529172085187324
31,1549954800,336,142,0,478,7,-0.5261052188059211,-0.7246630372542282
31,1549969200,1669,1312,0,2981,7,-0.5261052188059211,1.3757788402275881
31,1549983600,384,752,368,1136,7,0.1042911112866688,-0.17248934353347906
31,1549998000,867,2852,1985,3719,7,2.874266289981554,1.9950861137320146
31,1550012400,414,721,307,1135,7,-0.00020393256020071382,-0.17332851328077503
31,1550026800,135,108,0,243,7,-0.5261052188059211,-0.9218679278687815
31,1550041200,327,148,0,475,7,-0.5261052188059211,-0.7271805464961161
31,1550055600,2149,1353,0,3502,7,-0.5261052188059211,1.812986278568789
31,1550070000,491,714,223,1205,7,-0.1440987470378571,-0.11458663097005703
31,1550084400,1043,3196,2153,4239,7,3.1620559189368667,2.43145438232592
31,1550098800,616,950,334,1566,7,0.046047972093331696,0.18835364780378863
31,1550113200,149,132,0,281,7,-0.5261052188059211,-0.8899794774715345
31,1550127600,324,131,0,455,7,-0.5261052188059211,-0.7439639414420355
31,1550142000,1995,1322,0,3317,7,-0.5261052188059211,1.6577398753190344
31,1550156400,486,726,240,1212,7,-0.11497717744118854,-0.10871244273898523
31,1550170800,1004,3211,2207,4215,7,3.254559728243932,2.4113143083908164
31,1550185200,543,868,325,1411,7,0.030630670542154226,0.05828233697291307
31,1550199600,175,178,3,353,7,-0.520966118288862,-0.8295592556662246
31,1550214000,293,148,0,441,7,-0.5261052188059211,-0.7557123179041791
31,1550228400,1647,1223,0,2870,7,-0.5261052188059211,1.2826309982777353
31,1550242800,520,881,361,1401,7,0.0922998767468641,0.04989063949995335
31,1550257200,963,2841,1878,3804,7,2.6909717048731108,2.066415542252172
31,1550271600,521,799,278,1320,7,-0.0498819042251059,-0.018082110031020324
31,1550286000,186,169,0,355,7,-0.5261052188059211,-0.8278809161716326
31,1550300400,79,92,13,171,7,-0.5038357832319981,-0.9822881496740914
31,1550314800,299,477,178,776,7,-0.22118525479374446,-0.47459045256002874
31,1550329200,422,709,287,1131,7,-0.034464602673928424,-0.1766851922699589
31,1550343600,682,923,241,1605,7,-0.11326414393550216,0.2210812679483315
31,1550358000,444,627,183,1071,7,-0.2126200872653125,-0.22703537710771718
31,1550372400,175,179,4,354,7,-0.5192530847831756,-0.8287200859189287
31,1550386800,56,47,0,103,7,-0.5261052188059211,-1.0393516924902175
31,1550401200,175,347,172,522,7,-0.23146345582786276,-0.6877395683732055
31,1550415600,318,650,332,968,7,0.04262190508195893,-0.3134698610792022
31,1550430000,554,766,212,1320,7,-0.16294211560040733,-0.018082110031020324
31,1550444400,397,431,34,828,7,-0.46786207961258397,-0.4309536257006382
31,1550458800,102,74,0,176,7,-0.5261052188059211,-0.9780923009376116
31,1550473200,79,105,26,184,7,-0.48156634765807504,-0.9713789429592438
31,1550487600,570,584,14,1154,7,-0.5021227497263117,-0.15738428808215157
31,1550502000,382,654,272,1036,7,-0.06016010525922421,-0.2564063182630762
31,1550516400,783,1052,269,1835,7,-0.06529920577628337,0.4140903098264049
31,1550530800,417,374,0,791,7,-0.5261052188059211,-0.46200290635058916
31,1550545200,96,70,0,166,8,-0.6167952626914949,-1.1569369671022243
31,1550559600,346,142,0,488,8,-0.6167952626914949,-0.9180567468990077
31,1550574000,2055,1160,0,3215,8,-0.6167952626914949,1.1050064844493512
31,1550588400,468,752,284,1220,8,-0.21142678226480224,-0.3750122711575341
31,1550602800,966,2985,2019,3951,8,2.265032068229253,1.6510184163424175
31,1550617200,520,842,322,1362,8,-0.15718733770066734,-0.2696675777759914
31,1550631600,146,89,0,235,8,-0.6167952626914949,-1.1057483484872495
31,1550646000,298,145,0,443,8,-0.6167952626914949,-0.9514406286044262
31,1550660400,1807,1273,0,3080,8,-0.6167952626914949,1.0048548393330958
31,1550674800,423,912,489,1335,8,0.08118074762066246,-0.28969790679924246
31,1550689200,900,2858,1958,3758,8,2.177963486165773,1.5078386570280673
31,1550703600,472,794,322,1266,8,-0.15718733770066734,-0.34088652541421743
31,1550718000,166,95,0,261,8,-0.6167952626914949,-1.0864598835018964
31,1550732400,355,148,0,503,8,-0.6167952626914949,-0.906928786330535
31,1550746800,2078,1329,0,3407,8,-0.6167952626914949,1.2474443797258032
31,1550761200,454,711,257,1165,8,-0.24996533498142445,-0.41581479324193443
31,1550775600,1012,3057,2045,4069,8,2.3021432671415556,1.7385583728144038
31,1550790000,581,901,320,1482,8,-0.16004204530930602,-0.1806438932282088
31,1550804400,190,78,0,268,8,-0.6167952626914949,-1.0812668352366093
31,1550818800,294,132,0,426,8,-0.6167952626914949,-0.9640523172486954
31,1550833200,1581,1126,0,2707,8,-0.6167952626914949,0.7281395531970716
31,1550847600,502,822,320,1324,8,-0.16004204530930602,-0.2978584112161225
31,1550862000,1015,2839,1824,3854,8,1.9866980763869815,1.5790576046662934
31,1550876400,608,819,211,1427,8,-0.3156236099801141,-0.22144641531260914
31,1551495600,8204,5053,0,13257,9,-0.5662628509914286,3.9822926646160277
31,1551510000,75,76,1,151,9,-0.5628240077667843,-0.5008010240300932
31,1551524400,256,399,143,655,9,-0.07450826986729321,-0.32840065632998294
31,1551538800,380,669,289,1049,9,0.4275628409307751,-0.19362735300886505
31,1551553200,610,751,141,1361,9,-0.08138595631658183,-0.08690331586117774
31,1551567600,409,453,44,862,9,-0.4149537491070793,-0.25759336245315195
31,1551582000,208,140,0,348,9,-0.5662628509914286,-0.43341437236953423
31,1551596400,44,50,6,94,9,-0.5456297916435628,-0.5202986846628438
31,1551610800,162,309,147,471,9,-0.060752896968716,-0.3913404731093883
31,1551625200,327,593,266,920,9,0.34846944676395614,-0.23775363759877421
31,1551639600,482,679,197,1161,9,0.11118926426349919,-0.1553161601866183
31,1551654000,273,279,6,552,9,-0.5456297916435628,-0.36363327115758487
31,1551668400,71,84,13,155,9,-0.5215578890710527,-0.4994327671435844
31,1551682800,247,145,0,392,9,-0.5662628509914286,-0.41836354661793734
31,1551697200,1462,1068,0,2530,9,-0.5662628509914286,0.31296975922102244
31,1551711600,360,582,222,942,9,0.19716034487960676,-0.23022822472297574
31,1551726000,882,2172,1290,3054,9,3.8698449087997226,0.49221141135367674
31,1551740400,459,658,199,1117,9,0.11806695071278779,-0.17036698593821525
31,1551754800,126,120,0,246,10,-0.5397569178457687,-0.9341631713555926
31,1551769200,375,147,0,522,10,-0.5397569178457687,-0.7242575813586158
31,1551783600,2284,1413,0,3697,10,-0.5397569178457687,1.6904172311066046
31,1551798000,415,703,288,1118,10,-0.10136977769520009,-0.2709831913651446
31,1551812400,950,3126,2176,4076,10,2.772501474402972,1.978657153602453
31,1551826800,536,947,411,1483,10,0.08585806341077196,0.006609346130857151
31,1551841200,160,100,0,260,10,-0.5397569178457687,-0.9235157863557459
31,1551855600,358,156,0,514,10,-0.5397569178457687,-0.7303418013585282
31,1551870000,2110,1443,0,3553,10,-0.5397569178457687,1.580901271108182
31,1551884400,413,706,293,1119,10,-0.09375888984536382,-0.27022266386515553
31,1551898800,944,3165,2221,4109,10,2.8409994650514987,2.0037545611020917
31,1551913200,517,963,446,1480,10,0.1391342783596258,0.004327763630890014
31,1551927600,192,103,0,295,10,-0.5397569178457687,-0.8968973238561293
31,1551942000,392,133,0,525,10,-0.5397569178457687,-0.7219759988586487
31,1551946249,42,187,145,229,10,-0.31904117020051714,-0.9470921388554063
31,1551956400,2096,1348,0,3444,10,-0.5397569178457687,1.498003773609376
31,1551970800,492,717,225,1209,10,-0.19726696460313697,-0.2017751888661414
31,1551985200,990,3045,2055,4035,10,2.588317988436935,1.9474755261029022
31,1551999600,540,1006,466,1546,10,0.16957782975897084,0.05452257863016704
31,1552014000,150,113,0,263,10,-0.5397569178457687,-0.9212342038557788
31,1552028400,300,183,0,483,10,-0.5397569178457687,-0.7539181538581887
31,1552042800,1715,1240,0,2955,10,-0.5397569178457687,1.1261058261147325
31,1552057200,572,841,269,1413,10,-0.13029115152457788,-0.046627578868376054
31,1552071600,994,2939,1945,3933,10,2.420878455740537,1.8699017211040194
31,1552086000,546,897,351,1443,10,-0.005472590787263184,-0.023811753868704683
31,1552100400,217,203,0,420,10,-0.5397569178457687,-0.8018313863574986
31,1552114800,63,72,9,135,10,-0.5260573197160635,-1.0185817238543766
31,1552129200,271,462,191,733,10,-0.24902100198202357,-0.5637862788609272
31,1552143600,455,760,305,1215,10,-0.07549275900575679,-0.19721202386620712
31,1552158000,637,859,222,1496,10,-0.20183349731303873,0.016496203630714745
31,1552172400,426,463,37,889,10,-0.4834363477569804,-0.44514398886263606
31,1552190400,231,165,0,396,10,-0.5397569178457687,-0.8200840463572356
31,1552204800,88,90,2,178,10,-0.5367125627058342,-0.9858790413548476
31,1552219200,215,363,148,578,10,-0.3144746374906154,-0.6816680413592293
31,1552233600,383,657,274,1040,10,-0.12268026367474161,-0.33030433636429013
31,1552248000,456,483,27,939,10,-0.49865812345665295,-0.4071176138631838
31,1552262400,258,214,0,472,10,-0.5397569178457687,-0.7622839563580682
31,1552276800,54,36,0,90,10,-0.5397569178457687,-1.0528054613538838
31,1552291200,903,283,0,1186,10,-0.5397569178457687,-0.21926732136588947
31,1552305600,1541,1252,0,2793,10,-0.5397569178457687,1.0029003711165072
31,1552320000,515,818,303,1333,10,-0.0785371141456913,-0.10746977886749973
31,1552334400,997,3081,2084,4078,10,2.632461137965985,1.980178208602431
31,1552348800,420,488,68,908,11,-0.5322962747607087,-0.5345386651382172
31,1552363200,82,54,0,136,11,-0.6456453771105882,-1.180840700356234
31,1552377600,924,289,0,1213,11,-0.6456453771105882,-0.2791991304989749
31,1552392000,1656,1404,0,3060,11,-0.6456453771105882,1.2670701169721093
31,1552406400,520,886,366,1406,11,-0.03556050269800139,-0.11762362169447067
31,1552420800,1021,3077,2056,4098,11,2.7814980704092984,2.136061713547629
31,1552435200,428,635,207,1063,11,-0.3005973743690432,-0.4047759508133564
31,1552449600,89,70,0,159,11,-0.6456453771105882,-1.1615855879080288
31,1552464000,937,279,0,1216,11,-0.6456453771105882,-0.27668759409268723
31,1552478400,1473,1354,0,2827,11,-0.6456453771105882,1.07200745608377
31,1552492800,483,957,474,1440,11,0.1444645422106308,-0.08915954242321086
31,1552507200,1077,3256,2179,4333,11,2.986526593777463,2.3327987320401604
31,1552521600,441,643,202,1084,11,-0.3089318671888873,-0.38719519596934293
31,1552536000,97,59,0,156,11,-0.6456453771105882,-1.1640971243143166
31,1552550400,977,286,0,1263,11,-0.6456453771105882,-0.23734019039418103
31,1552564800,1480,1446,0,2926,11,-0.6456453771105882,1.154888157491262
31,1552579200,538,870,332,1408,11,-0.09223505387294115,-0.11594926409027892
31,1552593600,1078,2931,1853,4009,11,2.443117661923629,2.0615528001610963
31,1552608000,466,691,225,1157,11,-0.2705932002176045,-0.326081143416344
31,1552622400,98,70,0,168,11,-0.6456453771105882,-1.154050978689166
31,1552636800,760,272,0,1032,11,-0.6456453771105882,-0.43072849367832855
31,1552651200,1263,1308,45,2571,11,-0.5706349417319915,0.8576896827472257
31,1552665600,575,1113,538,1688,11,0.25114605030463505,0.11846080049656654
31,1552680000,1073,2739,1666,3812,11,2.13140763046146,1.8966285761482085
31,1552694400,447,747,300,1194,11,-0.1455758079199433,-0.2951055277387965
31,1552708800,165,123,0,288,11,-0.6456453771105882,-1.0535895224376608
31,1552723200,118,208,90,326,11,-0.4956245063533947,-1.0217767279580174
31,1552737600,368,740,372,1108,11,-0.025559111314188487,-0.3671029047190419
31,1552752000,459,1051,592,1510,11,0.3411585727589511,-0.030557026276499498
31,1552766400,673,1286,613,1959,11,0.3761634426022963,0.34533625586454914
31,1552780800,400,731,331,1131,11,-0.09390195243690996,-0.34784779227083673
31,1552795200,110,111,1,221,11,-0.6439784785466194,-1.1096805021780844
31,1552809600,96,130,34,226,11,-0.5889708259356484,-1.1054946081676051
31,1552824000,209,791,582,1000,11,0.32448958711926296,-0.4575182153453966
31,1552838400,377,942,565,1319,11,0.2961523115317931,-0.19045817747681193
31,1552852800,543,834,291,1377,11,-0.16057789499566263,-0.1419018069552511
31,1552867200,337,400,63,737,11,-0.5406307675805528,-0.6776962402966121
31,1552881600,53,55,2,108,11,-0.6423115799826506,-1.2042817068149185
31,1552896000,819,269,0,1088,11,-0.6456453771105882,-0.38384648076095945
31,1552910400,1521,1296,0,2817,11,-0.6456453771105882,1.0636356680628112
31,1552924800,514,901,387,1415,11,-0.0005556328546562405,-0.11008901247560778
31,1552939200,1081,2915,1834,3996,11,2.4114465892082215,2.0506694757338497
31,1552953600,403,489,86,892,12,-0.48440116489192764,-0.5406937843976302
31,1552968000,78,47,0,125,12,-0.6284770054378468,-1.1930743818202025
31,1552982400,916,329,0,1245,12,-0.6284770054378468,-0.24044560853039673
31,1552996800,1588,1378,0,2966,12,-0.6284770054378468,1.2233705689979566
31,1553011200,532,959,427,1491,12,0.08687629587735654,-0.03120750296852868
31,1553025600,1058,2983,1925,4041,12,2.5964764021306928,2.1377240790752254
31,1553040000,426,612,186,1038,12,-0.31687111774550997,-0.4165118193080662
31,1553054400,100,42,0,142,12,-0.6284770054378468,-1.1786148379399108
31,1553068800,832,323,0,1155,12,-0.6284770054378468,-0.3169961349554704
31,1553083200,1487,1340,0,2827,12,-0.6284770054378468,1.105142533741454
31,1553097600,552,1042,490,1594,12,0.19242022557959965,0.056400321717944533
31,1553112000,1058,3052,1994,4110,12,2.712072134661721,2.1964128160011156
31,1553126400,464,623,159,1087,12,-0.36210423047504275,-0.3748343104766372
31,1553140800,115,59,0,174,12,-0.6284770054378468,-1.1513968729887736
31,1553155200,881,269,0,1150,12,-0.6284770054378468,-0.3212489419790856
31,1553169600,1609,1298,0,2907,12,-0.6284770054378468,1.1731874461192973
31,1553184000,524,959,435,1483,12,0.10027869964906995,-0.03801199420631301
31,1553198400,1001,3146,2145,4147,12,2.9650425058528116,2.227883587975868
31,1553212800,422,681,259,1103,12,-0.1945741833286251,-0.36122532800106855
31,1553227200,92,70,0,162,12,-0.6284770054378468,-1.16160360984545
31,1553241600,748,276,0,1024,12,-0.6284770054378468,-0.42841967897418876
31,1553256000,1328,1215,0,2543,12,-0.6284770054378468,0.8635830948001103
31,1553270400,589,1135,546,1724,12,0.28623705198159355,0.16697330433193985
31,1553284800,1020,2661,1641,3681,12,2.120691068234867,1.8315219733749308
31,1553299200,466,656,190,1122,12,-0.31016991585965326,-0.3450646613113308
31,1553313600,131,140,9,271,12,-0.6133993011946692,-1.0688924167306386
31,1553328000,136,231,95,367,12,-0.46932346064875,-0.9872385218772266
31,1553342400,360,732,372,1092,12,-0.0052652300531731665,-0.370581503453022
31,1553356800,483,974,491,1457,12,0.19409552605106384,-0.06012659072911207
31,1553371200,608,1037,429,1645,12,0.09022689682028488,0.09977895335881962
31,1553385600,397,621,224,1018,12,-0.2532096998298713,-0.433523047402527
31,1553400000,103,106,3,209,12,-0.6234511040234543,-1.121627223823467
31,1553414400,59,147,88,206,12,-0.48105056394899925,-1.1241789080376363
31,1553428800,248,778,530,1026,12,0.2594322444381667,-0.4267185561647427
31,1553443200,466,925,459,1391,12,0.14048591096421018,-0.11626364344083277
31,1553457600,558,865,307,1423,12,-0.11415976069834463,-0.08904567848969545
31,1553472000,316,340,24,656,12,-0.5882697941227065,-0.7414262759122678
31,1553486400,66,48,0,114,12,-0.6284770054378468,-1.202430557272156
31,1553500800,872,293,0,1165,12,-0.6284770054378468,-0.30849052090824003
31,1553515200,1491,1313,0,2804,12,-0.6284770054378468,1.085579621432824
31,1553529600,537,920,383,1457,12,0.013163075132932774,-0.06012659072911207
31,1553544000,1035,2894,1859,3929,12,2.4859065710140573,2.042461201746245
31,1553558400,402,527,125,929,13,-0.3926244528931344,-0.4831470423425569
31,1553572800,96,32,0,128,13,-0.6080365521395505,-1.1554680548544818
31,1553587200,889,248,0,1137,13,-0.6080365521395505,-0.30856181062909827
31,1553601600,1514,1415,0,2929,13,-0.6080365521395505,1.1955571087483918
31,1553616000,548,905,357,1453,13,0.007180403308213903,-0.043326554756728364
31,1553630400,1099,2771,1672,3870,13,2.2733156873805114,1.985387411836683
31,1553644800,452,645,193,1097,13,-0.27544027090308404,-0.34213589365091723
31,1553659200,88,40,0,128,13,-0.6080365521395505,-1.1554680548544818
31,1553673600,897,301,0,1198,13,-0.6080365521395505,-0.25736133402082434
31,1553688000,1530,1364,0,2894,13,-0.6080365521395505,1.1661797861043002
31,1553702400,544,1021,477,1565,13,0.21397601858477336,0.05068087770436476
31,1553716800,1080,3022,1942,4102,13,2.7386058217527705,2.1801170933632332
31,1553731200,452,628,176,1080,13,-0.3047363164005966,-0.3564048789351903
31,1553745600,92,40,0,132,13,-0.6080365521395505,-1.1521106465522999
31,1553760000,922,277,0,1199,13,-0.6080365521395505,-0.25652198194527887
31,1553774400,1522,1395,0,2917,13,-0.6080365521395505,1.1854848838418461
31,1553788800,559,980,421,1539,13,0.11747139812237894,0.028857723740182424
31,1553803200,1043,2928,1885,3971,13,2.6403779044964044,2.070161971466776
31,1553817600,453,734,281,1187,13,-0.12379015303360709,-0.26659420685182456
31,1553832000,112,45,0,157,13,-0.6080365521395505,-1.131126844663663
31,1553846400,765,297,0,1062,13,-0.6080365521395505,-0.37151321629500883
31,1553860800,1225,1239,14,2464,13,-0.5839103970239519,0.8052583936197462
31,1553875200,567,1207,640,1774,13,0.49487339600209995,0.22610546149336888
31,1553889600,1019,2760,1741,3779,13,2.3922231661645332,1.909006372962045
31,1553904000,487,605,118,1092,13,-0.4046875304509337,-0.3463326540286446
31,1553918400,142,94,0,236,13,-0.6080365521395505,-1.0648180306955706
31,1553932800,103,173,70,276,13,-0.4874057765615575,-1.0312439476737516
31,1553947200,332,646,314,978,13,-0.06692135883255323,-0.44201879064082866
31,1553961600,494,918,424,1412,13,0.12264128850429294,-0.07773998985409282
31,1553976000,667,1090,423,1757,13,0.12091799171032161,0.21183647620909582
31,1553990400,491,658,167,1149,13,-0.3202459875463386,-0.2984895857225526
31,1554004800,106,70,0,176,13,-0.6080365521395505,-1.115179155228299
31,1554019200,58,92,34,150,13,-0.5494444611445253,-1.1370023091924815
31,1554033600,251,450,199,701,13,-0.2651004901392561,-0.674519315566925
31,1554048000,355,710,355,1065,13,0.0037338097202712453,-0.3689951600683724
31,1554062400,453,747,294,1200,13,-0.10138729471197981,-0.2556826298697334
31,1554076800,267,319,52,586,13,-0.5184251188530414,-0.7710448042546546
31,1554091200,54,40,0,94,13,-0.6080365521395505,-1.184006025423028
31,1554105600,903,301,0,1204,13,-0.6080365521395505,-0.2523252215675515
31,1554120000,1639,1173,0,2812,13,-0.6080365521395505,1.0973529159095712
31,1554134400,503,899,396,1402,13,0.07438897827309573,-0.08613351060954756
31,1554148800,1082,3131,2049,4213,13,2.9229985787077024,2.2732851737487807
31,1554163200,393,575,182,968,14,-0.2628481498925307,-0.4413060186827871
31,1554177600,91,30,0,121,14,-0.5175333137635543,-1.0897579108191553
31,1554192000,917,318,0,1235,14,-0.5175333137635543,-0.23689438326317638
31,1554206400,1499,1504,5,3003,14,-0.5105364686022624,1.116662813073422
31,1554220800,546,987,441,1533,14,0.09958842946238744,-0.008749561708704504
31,1554235200,1058,3190,2132,4248,14,2.465921463011293,2.069818191715427
31,1554249600,398,559,161,957,14,-0.29223489956995646,-0.4497274718274153
31,1554264000,94,29,0,123,14,-0.5175333137635543,-1.088226737520132
31,1554278400,939,312,0,1251,14,-0.5175333137635543,-0.22464499687099
31,1554292800,1556,1491,0,3047,14,-0.5175333137635543,1.1503486256519346
31,1554307200,583,1091,508,1674,14,0.1933461546236983,0.09919815587243823
31,1554321600,1089,3548,2459,4637,14,2.92351513655978,2.367631398375459
31,1554336000,488,778,290,1266,14,-0.11171629440862661,-0.21316119712831522
31,1554350400,92,36,0,128,14,-0.5175333137635543,-1.0843988042725736
31,1554364800,907,361,0,1268,14,-0.5175333137635543,-0.2116300238292919
31,1554379200,1488,1456,0,2944,14,-0.5175333137635543,1.0714932007522346
31,1554393600,541,1150,609,1691,14,0.3346824268817938,0.11221312891413629
31,1554408000,1087,3539,2452,4626,14,2.9137195533339715,2.359209945230831
31,1554422400,482,740,258,1222,14,-0.15649610344089449,-0.24684700970682785
31,1554436800,113,42,0,155,14,-0.5175333137635543,-1.0637279647357591
31,1554451200,795,319,0,1114,14,-0.5175333137635543,-0.3295303678540861
31,1554465600,1196,1298,102,2494,14,-0.3747976724732004,0.7269792084719917
31,1554480000,641,1306,665,1947,14,0.41304709268826256,0.30820331118911887
31,1554494400,986,3258,2272,4244,14,2.661833127527465,2.06675584511738
31,1554508800,414,875,461,1289,14,0.12757581010755487,-0.19555270418954726
31,1554523200,121,68,0,189,14,-0.5175333137635543,-1.037698018652363
31,1554537600,119,101,0,220,14,-0.5175333137635543,-1.0139648325175017
31,1554552000,307,373,66,680,14,-0.42517495763450175,-0.6617949737421425
31,1554566400,548,515,0,1063,14,-0.5175333137635543,-0.3685752869791803
31,1554580800,683,681,0,1364,14,-0.5175333137635543,-0.13813370547617346
31,1554595200,419,415,0,834,14,-0.5175333137635543,-0.5438946297173483
31,1554609600,176,78,0,254,14,-0.5175333137635543,-0.9879348864341057
31,1554624000,92,88,0,180,14,-0.5175333137635543,-1.0445882984979677
31,1554638400,246,307,61,553,14,-0.4321718027957936,-0.7590244782301221
31,1554652800,424,603,179,1027,14,-0.2670462569893058,-0.39613640636159975
31,1554667200,578,560,0,1138,14,-0.5175333137635543,-0.3111562882658065
31,1554681600,359,174,0,533,14,-0.5175333137635543,-0.7743362112203551
31,1554696000,85,50,0,135,14,-0.5175333137635543,-1.0790396977259922
31,1554710400,914,295,0,1209,14,-0.5175333137635543,-0.2567996361504793
31,1554724800,1523,1393,0,2916,14,-0.5175333137635543,1.0500567745659084
31,1554739200,514,854,340,1368,14,-0.04174784279570805,-0.13507135887812685
31,1554753600,1064,2954,1890,4018,14,2.1272741572047673,1.8937332623277472
31,1554768000,398,551,153,949,15,-0.26795633302001004,-0.4301631255168601
31,1554782400,95,51,0,146,15,-0.522560413455702,-1.0882272446850367
31,1554796800,859,292,0,1151,15,-0.522560413455702,-0.26462271197766746
31,1554811200,1531,1389,0,2920,15,-0.522560413455702,1.1850851669868463
31,1554825600,573,1010,437,1583,15,0.20464209079526127,0.08940431103684353
31,1554840000,1046,3150,2104,4196,15,2.978661712274336,2.2307760960760037
31,1554854400,430,590,160,1020,15,-0.25630778032033785,-0.37197812867882707
31,1554868800,80,42,0,122,15,-0.522560413455702,-1.1078954126302873
31,1554883200,901,317,0,1218,15,-0.522560413455702,-0.2097157431305095
31,1554897600,1540,1424,0,2964,15,-0.522560413455702,1.2211434748864725
31,1554912000,568,966,398,1534,15,0.13974301146851628,0.049248468148623534
31,1554926400,1122,3199,2077,4321,15,2.9337315804327435,2.3332144707908506
31,1554940800,468,664,196,1132,15,-0.19640093786488094,-0.2801933449343242
31,1554955200,91,37,0,128,15,-0.522560413455702,-1.1029783706439749
31,1554969600,925,307,0,1232,15,-0.522560413455702,-0.19824264516244666
31,1554984000,1466,1346,0,2812,15,-0.522560413455702,1.0965784112332186
31,1554998400,534,972,438,1506,15,0.2063061697523573,0.026302272212497823
31,1555012800,1052,3000,1948,4052,15,2.719065394967356,2.1127670884045
31,1555027200,493,637,144,1130,15,-0.2829330436338743,-0.2818323589297618
31,1555041600,98,40,0,138,15,-0.522560413455702,-1.094783300666787
31,1555056000,776,261,0,1037,15,-0.522560413455702,-0.3580465097176079
31,1555070400,1239,1289,50,2528,15,-0.4393564656009007,0.8638384238810863
31,1555084800,609,1132,523,1741,15,0.3477528811055195,0.21888641667641007
31,1555099200,1097,2703,1606,3800,15,2.149950391640515,1.9062513249793687
31,1555113600,409,643,234,1052,15,-0.13316593749523195,-0.3457539047518262
31,1555128000,120,83,0,203,15,-0.522560413455702,-1.0415153458150666
31,1555142400,99,140,41,239,15,-0.45433317621476493,-1.0120130938971907
31,1555156800,378,452,74,830,15,-0.3994185706305961,-0.5276844582453943
31,1555171200,482,641,159,1123,15,-0.2579718592774339,-0.2875689079137932
31,1555185600,702,685,0,1387,15,-0.522560413455702,-0.07121906051603645
31,1555200000,426,449,23,875,15,-0.4842865974424934,-0.4908066433480495
31,1555214400,130,79,0,209,15,-0.522560413455702,-1.036598303828754
31,1555228800,81,97,16,178,15,-0.4959351501421656,-1.062003020758036
31,1555243200,293,353,60,646,15,-0.4227156760299404,-0.6784737458256491
31,1555257600,365,528,163,893,15,-0.25131554344904977,-0.47605551738911156
31,1555272000,527,561,34,1088,15,-0.4659817289144371,-0.31625165283395035
31,1555286400,262,231,0,493,15,-0.522560413455702,-0.8038583164766218
31,1555300800,55,31,0,86,15,-0.522560413455702,-1.1373976645481634
31,1555315200,796,285,0,1081,15,-0.522560413455702,-0.32198820181798177
31,1555329600,1490,1356,0,2846,15,-0.522560413455702,1.124441649155657
31,1555344000,508,937,429,1445,15,0.19132945913849306,-0.02368765464834748
31,1555358400,1074,2796,1722,3870,15,2.342983550663654,1.963616814819683
31,1555372800,386,501,115,887,16,-0.387647063725865,-0.4543029325672398
31,1555387200,83,28,0,111,16,-0.6124172099198539,-1.1441068542179025
31,1555401600,892,294,0,1186,16,-0.6124172099198539,-0.1885150813126674
31,1555416000,1501,1396,0,2897,16,-0.6124172099198539,1.3324314521206881
31,1555430400,564,917,353,1481,16,0.07752941274517304,0.07371707962411805
31,1555444800,1016,2943,1927,3959,16,3.153948631087248,2.276467231493116
31,1555459200,445,555,110,1000,16,-0.39741967877777756,-0.35385468108975926
31,1555473600,104,85,0,189,16,-0.6124172099198539,-1.0747708930210575
31,1555488000,802,283,0,1085,16,-0.6124172099198539,-0.2782962618367872
31,1555502400,1547,1402,0,2949,16,-0.6124172099198539,1.3786554262519182
31,1555516800,522,1000,478,1522,16,0.32184478904298713,0.110162905381434
31,1555531200,1146,2908,1762,4054,16,2.831452334374134,2.3609148765405554
31,1555545600,475,622,147,1097,16,-0.3251023273936246,-0.2676291908834264
31,1555560000,112,91,0,203,16,-0.6124172099198539,-1.0623259769088034
31,1555574400,839,293,0,1132,16,-0.6124172099198539,-0.23651690060279085
31,1555588800,1424,1404,0,2828,16,-0.6124172099198539,1.2710957941388639
31,1555603200,559,1067,508,1626,16,0.3804804793544625,0.20261085364389395
31,1555617600,1052,2732,1680,3784,16,2.6711814475227675,2.1209057800899385
31,1555632000,466,774,308,1240,16,-0.010424122722040031,-0.14051326202254397
31,1555646400,125,116,0,241,16,-0.6124172099198539,-1.0285469188898275
31,1555660800,499,247,0,746,16,-0.6124172099198539,-0.5796410162692287
31,1555675200,817,1068,251,1885,16,-0.12183193431384326,0.4328418017205971
31,1555689600,634,1383,749,2017,16,0.8515205248566481,0.5501795822075655
31,1555704000,849,1687,838,2536,16,1.0254730727806918,1.0115304009404185
31,1555718400,376,498,122,874,16,-0.3739654026531874,-0.46585892610004725
31,1555732800,106,94,0,200,16,-0.6124172099198539,-1.0649927446471434
31,1555747200,95,154,59,249,16,-0.4971003523072857,-1.0214355382542537
31,1555761600,286,505,219,791,16,-0.18437667064608365,-0.5396395001941259
31,1555776000,423,797,374,1220,16,0.1185743959632058,-0.15829171361147856
31,1555790400,594,855,261,1449,16,-0.10228670421001813,0.04527155708182268
31,1555804800,348,476,128,824,16,-0.3622382645908923,-0.5103050550723838
31,1555819200,148,42,0,190,16,-0.6124172099198539,-1.073881970441611
31,1555833600,54,76,22,130,16,-0.5694177036914386,-1.1272173252084146
31,1555848000,256,560,304,816,16,-0.018242214763570082,-0.5174164357079576
31,1555862400,324,586,262,910,16,-0.10033218119963562,-0.43385771323996497
31,1555876800,373,529,156,902,16,-0.307511620300182,-0.44096909387553884
31,1555891200,290,225,0,515,16,-0.6124172099198539,-0.7849821321214234
31,1555905600,50,29,0,79,16,-0.6124172099198539,-1.172552376760198
31,1555920000,711,258,0,969,16,-0.6124172099198539,-0.3814112810526079
31,1555934400,1388,1207,0,2595,16,-0.6124172099198539,1.0639768331277757
31,1555948800,543,898,355,1441,16,0.08143845876593807,0.03816017644624884
31,1555963200,1119,2791,1672,3910,16,2.6555452634397074,2.2329100251002263
31,1555977600,382,419,37,801,17,-0.48042362536488264,-0.49714369485120946
31,1555992000,89,47,0,136,17,-0.5526314150479479,-1.101940896103884
31,1556006400,865,306,0,1171,17,-0.5526314150479479,-0.16063998889107486
31,1556020800,1385,1289,0,2674,17,-0.5526314150479479,1.2062926328875259
31,1556035200,534,817,283,1351,17,-0.000339402066665387,0.003064516711152767
31,1556049600,1074,2809,1735,3883,17,2.833328452522812,2.3058412288491548
31,1556064000,424,561,137,985,17,-0.285267437032274,-0.3298013113467101
31,1556078400,83,62,0,145,17,-0.5526314150479479,-1.0937556708237723
31,1556092800,773,302,0,1075,17,-0.5526314150479479,-0.2479490585455963
31,1556107200,1375,1256,0,2631,17,-0.5526314150479479,1.167185445438105
31,1556121600,586,916,330,1502,17,0.09138400644966067,0.1403944075219104
31,1556136000,1040,2766,1726,3806,17,2.8157643955728773,2.235812079230424
31,1556150400,479,671,192,1150,17,-0.17793153344933924,-0.17973884787800143
31,1556164800,90,56,0,146,17,-0.5526314150479479,-1.0928462013482045
31,1556179200,776,288,0,1064,17,-0.5526314150479479,-0.2579532227768435
31,1556193600,1358,1234,0,2592,17,-0.5526314150479479,1.1317161358909555
31,1556208000,595,995,400,1590,17,0.22799333828248672,0.22042772137188835
31,1556222400,1114,2889,1775,4003,17,2.9113909278558556,2.4149775659173063
31,1556236800,452,687,235,1139,17,-0.09401437246631754,-0.18974301210924868
31,1556251200,101,59,0,160,17,-0.5526314150479479,-1.0801136286902535
31,1556265600,642,260,0,902,17,-0.5526314150479479,-0.40528727781884843
31,1556266332,74,5,0,79,17,-0.5526314150479479,-1.1537806562112558
31,1556272586,724,83,0,807,17,-0.5526314150479479,-0.49168687799780186
31,1556280000,1082,1099,17,2181,17,-0.5194548630314044,0.7579241814325358
31,1556294400,537,1057,520,1594,17,0.4621807642816171,0.2240655992741601
31,1556308800,923,2405,1482,3328,17,2.339583296041312,1.801085669908953
31,1556323200,376,553,177,929,17,-0.20720496169923056,-0.38073160197851424
31,1556337600,110,65,0,175,17,-0.5526314150479479,-1.0664715865567345
31,1556352000,110,226,116,336,17,-0.3262502365821218,-0.9200470009902976
31,1556366400,346,606,260,952,17,-0.04522532538316537,-0.3598138040404518
31,1556380800,504,791,287,1295,17,0.007466845466638959,-0.04786577392065139
31,1556395200,418,834,416,1252,17,0.2592183284157041,-0.08697296137007243
31,1556409600,1004,1037,33,2041,17,-0.488229872898187,0.6305984548530253
31,1556424000,138,81,0,219,17,-0.5526314150479479,-1.0264549296317456
31,1556438400,67,88,21,155,17,-0.5116486154981,-1.0846609760680932
31,1556452800,244,429,185,673,17,-0.19159246663262186,-0.6135557877239047
31,1556467200,407,630,223,1037,17,-0.11743311506623057,-0.28250889861717765
31,1556481600,468,617,149,1085,17,-0.261848694432361,-0.23885436378991698
31,1556496000,244,264,20,508,17,-0.5136001773814262,-0.7636182511926134
31,1556510400,62,33,0,95,17,-0.5526314150479479,-1.139229144602169
31,1556524800,830,253,0,1083,17,-0.5526314150479479,-0.24067330274105284
31,1556526918,34,189,155,223,17,-0.25013932313240445,-1.022817051729474
31,1556530831,1187,259,0,1446,17,-0.5526314150479479,0.08946411689010625
31,1556539200,1166,1127,0,2293,17,-0.5526314150479479,0.8597847626961441
31,1556553600,494,858,364,1352,17,0.1577371104827476,0.0039739861867206985
31,1556568000,1098,2849,1751,3947,17,2.8645534426560295,2.364047275285502
31,1556582400,417,482,65,899,18,-0.4888537885463364,-0.4773828459249827
31,1556596800,73,62,0,135,18,-0.6100502028357366,-1.14320733138736
31,1556611200,907,328,0,1235,18,-0.6100502028357366,-0.184559512004356
31,1556625600,1528,1365,0,2893,18,-0.6100502028357366,1.2603842012111173
31,1556640000,528,860,332,1388,18,0.00898379015012337,-0.05122031530835636
31,1556654400,1069,2840,1771,3909,18,2.6920859464954625,2.145826187113965
31,1556668800,387,566,179,953,18,-0.2762939234849266,-0.4303219529734534
31,1556683200,90,65,0,155,18,-0.6100502028357366,-1.1257773710349417
31,1556697600,850,318,0,1168,18,-0.6100502028357366,-0.24294987918495717
31,1556712000,1434,1418,0,2852,18,-0.6100502028357366,1.22465278248866
31,1556726400,549,910,361,1459,18,0.06305603652539428,0.010656043942728451
31,1556740800,1119,2955,1836,4074,18,2.813282360784863,2.2896233600214155
31,1556755200,451,618,167,1069,18,-0.2986686461229697,-0.3292281829294275
31,1556769600,93,53,0,146,18,-0.6100502028357366,-1.13362085319353
31,1556784000,918,302,0,1220,18,-0.6100502028357366,-0.1976319822686697
31,1556798400,1402,1313,0,2715,18,-0.6100502028357366,1.1052575540745948
31,1556812800,585,935,350,1520,18,0.042545874107188075,0.06381742301760412
31,1556827200,1099,2837,1738,3936,18,2.6305554592408438,2.1693566335897296
31,1556841600,417,682,265,1099,18,-0.1159417445789508,-0.30308324240080015
31,1556856000,98,72,0,170,18,-0.6100502028357366,-1.112704900770628
31,1556870400,791,265,0,1056,18,-0.6100502028357366,-0.3405576571584994
31,1556874758,755,239,0,994,18,-0.6100502028357366,-0.394590534250996
31,1556877004,224,128,0,352,18,-0.6100502028357366,-0.9540922615636219
31,1556884800,1047,1256,209,2303,18,-0.22035711688981877,0.7462003708147789
31,1556899200,671,1056,385,1727,18,0.10780548180148054,0.24421751266513306
31,1556913600,1072,2633,1561,3705,18,2.3005283003297077,1.9680405915192987
31,1556928000,461,684,223,1145,18,-0.19425327381210178,-0.26299433359023816
31,1556942400,137,97,0,234,18,-0.6100502028357366,-1.0569290276428898
31,1556956800,105,224,119,329,18,-0.38816753667514226,-0.9741367159689029
31,1556971200,340,736,396,1076,18,0.12831564421968675,-0.3231276968060811
31,1556985600,446,920,474,1366,18,0.2737513413669671,-0.07039327169601643
31,1557000000,659,871,212,1530,18,-0.21476343623030797,0.07253240319381325
31,1557014400,358,579,221,937,18,-0.19798239425177563,-0.444265921255388
31,1557028800,142,120,0,262,18,-0.6100502028357366,-1.0325270831495041
31,1557043200,82,140,58,222,18,-0.5019057100851949,-1.0673870038543407
31,1557057600,322,567,245,889,18,-0.15323294897568934,-0.48609782610119184
31,1557072000,377,905,528,1282,18,0.3744375932381612,-0.1435991051761731
31,1557086400,429,756,327,1185,18,-0.00033901094906126924,-0.22813441288540165
31,1557100800,232,353,121,585,18,-0.3844384162354684,-0.7510332234579493
31,1557115200,43,44,1,87,18,-0.6081856426158998,-1.1850392362331639
31,1557129600,864,285,0,1149,18,-0.6100502028357366,-0.2595083415197545
31,1557144000,1531,1305,0,2836,18,-0.6100502028357366,1.2107088142067253
31,1557158400,501,861,360,1362,18,0.06119147630555735,-0.07387926376650009
31,1557172800,1079,2971,1892,4050,18,2.9176977330957308,2.2687074075985136
31,1557187200,406,444,38,850,19,-0.4393196183113334,-0.4409079503406584
31,1557201600,100,48,0,148,19,-0.511043558287692,-1.0388679448137361
31,1557216000,865,300,0,1165,19,-0.511043558287692,-0.17259256820530303
31,1557226537,1106,115,0,1221,19,-0.511043558287692,-0.12489205582568431
31,1557227132,16,6,0,22,19,-0.511043558287692,-1.1461940976678782
31,1557229069,60,33,0,93,19,-0.511043558287692,-1.085716662329433
31,1557230400,1534,1416,0,2950,19,-0.511043558287692,1.347861263895044
31,1557244800,550,848,298,1398,19,0.05142312889533085,0.025875635088467745
31,1557259200,1127,2762,1635,3889,19,2.57497333280037,2.1476966411175793
31,1557273600,426,551,125,977,19,-0.275109545207565,-0.3327300026225945
31,1557288000,97,36,0,133,19,-0.511043558287692,-1.0516448677725625
31,1557302400,896,310,0,1206,19,-0.511043558287692,-0.13766897878451076
31,1557316800,1458,1329,0,2787,19,-0.511043558287692,1.2090187010757967
31,1557331200,576,933,357,1509,19,0.16278398306915082,0.12042486498378344
31,1557345600,1127,2731,1604,3858,19,2.5164616975564984,2.121291000336005
31,1557360000,495,515,20,1010,19,-0.4732941161948717,-0.3046207721131763
31,1557374400,111,25,0,136,19,-0.511043558287692,-1.049089483180797
31,1557388800,871,306,0,1177,19,-0.511043558287692,-0.1623710298382419
31,1557403200,1406,1324,0,2730,19,-0.511043558287692,1.1604663938322561
31,1557417600,545,989,444,1534,19,0.32699405617291927,0.14171973658182752
31,1557432000,1149,2806,1657,3955,19,2.616497719102472,2.2039151021364156
31,1557446400,494,576,82,1070,19,-0.3562708457071287,-0.2535130802778705
31,1557460800,102,44,0,146,19,-0.511043558287692,-1.0405715345415796
31,1557475200,722,277,0,999,19,-0.511043558287692,-0.3139905156163157
31,1557489600,1195,1232,37,2427,19,-0.44120709041597445,0.9023725500639619
31,1557504000,626,1060,434,1686,19,0.3081193351265091,0.2711925558979355
31,1557518400,1070,2646,1576,3716,19,2.46361247862655,2.0003361296591144
31,1557532800,478,570,92,1048,19,-0.33739612466071855,-0.2722525672841493
31,1557547200,136,83,0,219,19,-0.511043558287692,-0.9783905094752908
31,1557561600,127,154,27,281,19,-0.4600818114623846,-0.9255792279121415
31,1557576000,318,529,211,847,19,-0.11278694420843757,-0.4434633349324237
31,1557590400,487,746,259,1233,19,-0.022188283185668792,-0.11467051745862315
31,1557604800,672,790,118,1462,19,-0.2883218499400521,0.08039050637946057
31,1557619200,377,404,27,781,19,-0.4600818114623846,-0.49968179595126005
31,1557633600,111,103,0,214,19,-0.511043558287692,-0.9826494837948997
31,1557648000,67,89,22,156,19,-0.4695191719855897,-1.0320535859023618
31,1557662400,210,514,304,724,19,0.06274796152317695,-0.5482341031948005
31,1557676800,383,616,233,999,19,-0.07126255790633522,-0.3139905156163157
31,1557691200,387,460,73,847,19,-0.37325809464889786,-0.4434633349324237
31,1557705600,208,215,7,423,19,-0.4978312535552049,-0.8046243572352512
31,1557720000,38,30,0,68,19,-0.511043558287692,-1.107011533927477
31,1557734400,887,264,0,1151,19,-0.511043558287692,-0.18451769630020773
31,1557748800,1517,1231,0,2748,19,-0.511043558287692,1.1757987013828477
31,1557763200,483,897,414,1380,19,0.27036989303368875,0.01054332753787601
31,1557777600,1040,3130,2090,4170,19,3.433773140412032,2.387050997879595
31,1557792000,380,428,48,808,20,-0.4894197784675481,-0.5346733376909052
31,1557806400,82,44,0,126,20,-0.577443691220861,-1.1193489399402707
31,1557820800,937,325,0,1262,20,-0.577443691220861,-0.14546113326097568
31,1557835200,1543,1303,0,2846,20,-0.577443691220861,1.2124951042214218
31,1557849600,602,939,337,1541,20,0.04055752956802349,0.09372434038649204
31,1557864000,1087,3168,2081,4255,20,3.2387596929383933,2.420424610921357
31,1557878400,377,564,187,941,20,-0.2345171977860794,-0.42065302229623425
31,1557892800,78,34,0,112,20,-0.577443691220861,-1.1313510784028677
31,1557906887,62,284,222,346,20,-0.17033309473678873,-0.9307439069566045
31,1557907200,875,284,0,1159,20,-0.577443691220861,-0.23376258052151036
31,1557921600,1464,1369,0,2833,20,-0.577443691220861,1.201350261363296
31,1557936000,613,919,306,1532,20,-0.016291247418491105,0.08600867994625115
31,1557950400,1094,2926,1832,4020,20,2.782135645530582,2.218960143870623
31,1557964800,449,578,129,1027,20,-0.3408794256963325,-0.34692560031171016
31,1557979200,99,41,0,140,20,-0.577443691220861,-1.107346801477674
31,1557993600,842,312,0,1154,20,-0.577443691220861,-0.2380490585438664
31,1558008000,1437,1265,0,2702,20,-0.577443691220861,1.0890445371775674
31,1558022400,564,1039,475,1603,20,0.29362627873379815,0.1468766678637071
31,1558036800,1086,2860,1774,3946,20,2.6757734176203294,2.1555202691397533
31,1558051200,463,647,184,1110,20,-0.24001869233316145,-0.2757700651405997
31,1558065600,111,46,0,157,20,-0.577443691220861,-1.0927727762016632
31,1558080000,752,288,0,1040,20,-0.577443691220861,-0.33578075745358443
31,1558094400,1110,1254,144,2364,20,-0.31337195296092224,0.7992786228662982
31,1558108800,658,1129,471,1787,20,0.28629095267102206,0.30461905908640985
31,1558123200,1022,2537,1515,3559,20,2.200811055055578,1.8237468702093949
31,1558137600,423,612,189,1035,20,-0.23084953475469136,-0.3400672354759405
31,1558152000,121,67,0,188,20,-0.577443691220861,-1.0661966124630557
31,1558166400,91,186,95,277,20,-0.4032296972299292,-0.989897303665118
31,1558180800,334,615,281,949,20,-0.06213703531084159,-0.41379465746046457
31,1558195200,506,767,261,1273,20,-0.09881366562472198,-0.13603088161179236
31,1558209600,609,768,159,1377,20,-0.2858644802255119,-0.04687213874678648
31,1558224000,382,558,176,940,20,-0.2546893444587136,-0.4215103179007055
31,1558238400,102,70,0,172,20,-0.577443691220861,-1.0799133421345952
31,1558252800,80,97,17,177,20,-0.5462685554540627,-1.075626864112239
31,1558267200,269,561,292,830,20,-0.041964888638207375,-0.5158128343925387
31,1558281600,422,623,201,1045,20,-0.20884355656636314,-0.33149427943122833
31,1558296000,478,670,192,1148,20,-0.2253480402076093,-0.24319283217069368
31,1558310400,283,314,31,597,20,-0.5205949142343465,-0.7155627102343307
31,1558324800,64,33,0,97,20,-0.577443691220861,-1.144210512469936
31,1558339200,860,288,0,1148,20,-0.577443691220861,-0.24319283217069368
31,1558353600,1477,1289,0,2766,20,-0.577443691220861,1.143911455863725
31,1558368000,523,856,333,1379,20,0.03322220350524742,-0.04515754753784406
31,1558382400,1093,2701,1608,3794,20,2.371357386015122,2.0252113372601293
31,1558396800,410,442,32,852,21,-0.4326970029521627,-0.36552302848360774
31,1558411200,99,46,0,145,21,-0.4967226301642849,-1.0191719780645923
31,1558425600,832,252,0,1084,21,-0.4967226301642849,-0.15103002098319981
31,1558440000,1445,1198,0,2643,21,-0.4967226301642849,1.290326007866524
31,1558454400,542,959,417,1501,21,0.33761132444368347,0.23450266922227475
31,1558468800,1085,2893,1808,3978,21,3.1207253073206234,2.524585339819302
31,1558483200,461,524,63,985,21,-0.3706721765904192,-0.24255936470104628
31,1558497600,128,37,0,165,21,-0.4967226301642849,-1.0006812015559363
31,1558512000,880,315,0,1195,21,-0.4967226301642849,-0.048406211360159816
31,1558526400,1423,1269,0,2692,21,-0.4967226301642849,1.335628410312731
31,1558540800,600,950,350,1550,21,0.20355766746830245,0.27980507166848156
31,1558555200,1114,2959,1845,4073,21,3.19475493878464,2.6124165282354173
31,1558569600,526,632,106,1158,21,-0.2846377400241299,-0.08261414790117315
31,1558584000,122,42,0,164,21,-0.4967226301642849,-1.0016057403813692
31,1558598400,951,283,0,1234,21,-0.4967226301642849,-0.012349197168280904
31,1558612800,1517,1318,0,2835,21,-0.4967226301642849,1.4678374623496202
31,1558627200,632,989,357,1621,21,0.2175632734209542,0.3454473282742099
31,1558641600,1009,3003,1994,4012,21,3.4928742654910843,2.556019659884017
31,1558656000,433,626,193,1059,21,-0.11056806604117246,-0.17414349161901962
31,1558670400,121,47,0,168,21,-0.4967226301642849,-0.997907585079638
31,1558684800,652,301,0,953,21,-0.4967226301642849,-0.27214460711489563
31,1558699200,896,1119,223,2015,21,-0.05054404052980783,0.7097156254947302
31,1558713600,768,1641,873,2409,21,1.2499765122164257,1.0739839227152506
31,1558728000,952,1926,974,2878,21,1.4520573981046867,1.5075926318432302
31,1558742400,445,523,78,968,21,-0.3406601638347369,-0.25827652473340373
31,1558756800,120,65,0,185,21,-0.4967226301642849,-0.9821904250472805
31,1558771200,90,137,47,227,21,-0.40268499019648035,-0.9433597943791031
31,1558785600,277,425,148,702,21,-0.2006041043082194,-0.5042038522985266
31,1558800000,442,518,76,960,21,-0.34466176553549455,-0.2656728353368661
31,1558814400,625,518,0,1143,21,-0.4967226301642849,-0.09648223028266503
31,1558828800,377,334,0,711,21,-0.4967226301642849,-0.4958830028696315
31,1558843200,117,39,0,156,21,-0.4967226301642849,-1.0090020509848314
31,1558857600,71,81,10,152,21,-0.4767146216604967,-1.0127002062865627
31,1558872000,237,378,141,615,21,-0.21460971026087117,-0.5846387301111796
31,1558886400,301,470,169,771,21,-0.15858728645026418,-0.4404106733436639
31,1558900800,440,476,36,916,21,-0.42469379955064734,-0.30635254365590897
31,1558915200,267,217,0,484,21,-0.4967226301642849,-0.7057533162428754
31,1558929600,74,43,0,117,21,-0.4967226301642849,-1.0450590651767104
31,1558944000,90,118,28,208,21,-0.44070020635367796,-0.9609260320623262
31,1558958400,197,399,202,596,21,-0.09256085838776307,-0.6022049677944027
31,1558972800,398,655,257,1053,21,0.017483188383072085,-0.1796907245716164
31,1558987200,570,486,0,1056,21,-0.4967226301642849,-0.176917108095318
31,1559001600,318,234,0,552,22,-0.553594773332298,-0.6983115111175474
31,1559016000,67,35,0,102,22,-0.553594773332298,-1.083084934973506
31,1559030400,927,293,0,1220,22,-0.553594773332298,-0.12713673970470216
31,1559044800,1464,1154,0,2618,22,-0.553594773332298,1.0682260304078093
31,1559059200,457,902,445,1359,22,0.22277159237813457,-0.008284504335861611
31,1559073600,1064,2879,1815,3943,22,2.6129332126551965,2.2011700006503543
31,1559088000,352,529,177,881,22,-0.24479287056657537,-0.416999385676191
31,1559102400,87,43,0,130,22,-0.553594773332298,-1.0591434774891353
31,1559116800,886,306,0,1192,22,-0.553594773332298,-0.15107819718907292
31,1559131200,1495,1378,0,2873,22,-0.553594773332298,1.2862643039261858
31,1559145600,507,990,483,1497,22,0.28906804607925013,0.1097126789799657
31,1559160000,1058,3107,2049,4165,22,3.0211797959725923,2.390991556419294
31,1559174400,356,585,229,941,22,-0.15407140760715404,-0.3656962624953965
31,1559188800,94,67,0,161,22,-0.553594773332298,-1.0326368638457248
31,1559203200,866,308,0,1174,22,-0.553594773332298,-0.16646913414331127
31,1559217600,1526,1378,0,2904,22,-0.553594773332298,1.3127709175695963
31,1559232000,583,951,368,1534,22,0.08843404145745298,0.14134960494145563
31,1559246400,1085,3178,2093,4263,22,3.0979441107844106,2.474786657614591
31,1559260800,380,688,308,1068,22,-0.016244569649571633,-0.25710465176271485
31,1559275200,104,69,0,173,22,-0.553594773332298,-1.0223762392095659
31,1559289600,729,284,0,1013,22,-0.553594773332298,-0.3041325146784431
31,1559301294,1057,415,0,1472,22,-0.553594773332298,0.08833637765463466
31,1559301382,220,1069,849,1289,22,0.9276075738321002,-0.0681381480467885
31,1559301460,2,5,3,7,22,-0.5483608427769467,-1.164314880009764
31,1559304000,1050,1249,199,2299,22,-0.20641071316066634,0.7954644254965852
31,1559318400,657,1252,595,1909,22,0.4844681201456961,0.46199412482142116
31,1559332800,1001,2501,1500,3502,22,2.0633705043433173,1.8240920452715146
31,1559347200,439,562,123,1001,22,-0.3390036205628975,-0.314393139314602
31,1559361600,108,76,0,184,22,-0.553594773332298,-1.0129706666264202
31,1559376000,104,128,24,232,22,-0.5117233288894881,-0.9719281680817846
31,1559390400,282,448,166,730,22,-0.2639839492695299,-0.5461122456811904
31,1559404800,392,540,148,932,22,-0.29538753260163725,-0.37339173097251566
31,1559419200,537,649,112,1186,22,-0.358194699265852,-0.15620850950715237
31,1559433600,365,410,45,775,22,-0.4750858150020295,-0.5076349032955946
31,1559448000,108,59,0,167,22,-0.553594773332298,-1.0275065515276454
31,1559462400,99,68,0,167,22,-0.553594773332298,-1.0275065515276454
31,1559476800,208,299,91,507,22,-0.39483221315331063,-0.7367888535031433
31,1559491200,350,513,163,863,22,-0.2692178798248811,-0.4323903226304293
31,1559505600,454,612,158,1066,22,-0.2779410974171332,-0.2588147558687413
31,1559520000,244,221,0,465,22,-0.553594773332298,-0.7727010397296994
31,1559534400,67,56,0,123,22,-0.553594773332298,-1.0651288418602278
31,1559548800,862,304,0,1166,22,-0.553594773332298,-0.1733095505674172
31,1559563200,1422,1242,0,2664,22,-0.553594773332298,1.1075584248464183
31,1559577600,495,888,393,1383,22,0.13205012941871325,0.012236744936456182
31,1559592000,998,2741,1743,3739,22,2.487318879326767,2.026739381835653
31,1559606400,470,498,28,968,23,-0.551207547930517,-0.4022472254544877
31,1559620800,55,67,12,122,23,-0.585845601464667,-1.0975133250234814
31,1559635200,845,300,0,1145,23,-0.6118241416152796,-0.25678375072196774
31,1559641706,784,78,0,862,23,-0.6118241416152796,-0.4893609447858273
31,1559645375,150,34,0,184,23,-0.6118241416152796,-1.0465600174900562
31,1559649600,1486,1277,0,2763,23,-0.6118241416152796,1.0729332103922542
31,1559664000,542,893,351,1435,23,0.1480481577901388,-0.01845376387207627
31,1559678400,1412,3001,1589,4413,23,2.8281675499950047,2.4289486528140505
31,1559692800,489,564,75,1053,23,-0.4494582656739509,-0.3323918844812436
31,1559707200,67,43,0,110,23,-0.6118241416152796,-1.1073752555138217
31,1559721600,898,304,0,1202,23,-0.6118241416152796,-0.20993958089285114
31,1559736000,1499,1286,0,2785,23,-0.6118241416152796,1.0910134162912115
31,1559750400,559,890,331,1449,23,0.10475059087245114,-0.006948178300012544
31,1559764800,1479,2938,1459,4417,23,2.546733365030035,2.4322359629774972
31,1559779200,448,553,105,1001,23,-0.3845119152974194,-0.37512691660605174
31,1559793600,66,54,0,120,23,-0.6118241416152796,-1.0991569801052048
31,1559808000,920,287,0,1207,23,-0.6118241416152796,-0.20583044318854266
31,1559822400,1477,1345,0,2822,23,-0.6118241416152796,1.1214210353030942
31,1559836800,596,956,360,1552,23,0.16753206290309824,0.07770005840874201
31,1559851200,1363,2878,1515,4241,23,2.6679665523995606,2.287594315785839
31,1559865600,529,660,131,1189,23,-0.3282250783044255,-0.22062333892405317
31,1559880000,78,54,0,132,23,-0.6118241416152796,-1.0892950496148643
31,1559894400,754,278,0,1032,23,-0.6118241416152796,-0.34965026283933925
31,1559908800,1070,1081,11,2151,23,-0.5880104798105514,0.5699747553848972
31,1559923200,661,1254,593,1915,23,0.6719487174941595,0.37602345574153717
31,1559937600,1070,2469,1399,3539,23,2.416840664276972,1.7106713821009294
31,1559952000,463,651,188,1114,23,-0.20482701258901562,-0.2822604044886803
31,1559966400,97,106,9,203,23,-0.5923402365023201,-1.030945294213684
31,1559980800,123,255,132,378,23,-0.3260601999585411,-0.8871254745628876
31,1559995200,310,765,455,1075,23,0.37319550576211463,-0.31431167858228637
31,1560009600,469,951,482,1420,23,0.43164722110099296,-0.030781176985001688
31,1560024000,610,973,363,1583,23,0.1740266979407514,0.10317671217545454
31,1560038400,376,692,316,1068,23,0.0722774156841854,-0.3200644713683182
31,1560052800,147,116,0,263,23,-0.6118241416152796,-0.9816356417619825
31,1560067200,71,97,26,168,23,-0.5555373046222857,-1.0597092581438434
31,1560081600,274,462,188,736,23,-0.20482701258901562,-0.5929112149344009
31,1560096000,342,627,285,969,23,0.005166186961769528,-0.40142539791362597
31,1560110400,517,606,89,1123,23,-0.4191499688315696,-0.274863956620925
31,1560124800,304,298,0,602,23,-0.6118241416152796,-0.7030361054098679
31,1560139200,47,32,0,79,23,-0.6118241416152796,-1.1328519092805343
31,1560153600,905,280,0,1185,23,-0.6118241416152796,-0.22391064908749994
31,1560168000,1508,1198,0,2706,23,-0.6118241416152796,1.0260890405631378
31,1560182400,454,920,466,1374,23,0.39700916756684285,-0.06858524386463964
31,1560196800,1398,2875,1477,4273,23,2.585701175255954,2.313892797093413
31,1560211200,327,420,93,747,24,-0.3671549164885178,-0.6645446372834152
31,1560225600,82,35,0,117,24,-0.46531419806306606,-1.0994224901428693
31,1560236215,341,152,0,493,24,-0.46531419806306606,-0.839876343039449
31,1560236342,178,4859,4681,5037,24,4.4753696411891974,2.296766455997629
31,1560236429,275,46,0,321,24,-0.46531419806306606,-0.9586048996931412
31,1560236518,61,6,0,67,24,-0.46531419806306606,-1.133936605449175
31,1560240000,561,249,0,810,24,-0.46531419806306606,-0.6210568519974697
31,1560254400,1517,1252,0,2769,24,-0.46531419806306606,0.7312061857035944
31,1560268800,538,862,324,1400,24,-0.12333992677109137,-0.21379029138306044
31,1560283200,1456,2868,1412,4324,24,1.0250181200365274,1.8045951717297073
31,1560297600,463,593,130,1056,24,-0.328102299087891,-0.4512474046904449
31,1560312000,66,46,0,112,24,-0.46531419806306606,-1.1028739016734999
31,1560326400,886,313,0,1199,24,-0.46531419806306606,-0.3525370349144101
31,1560340800,1484,1330,0,2814,24,-0.46531419806306606,0.7622688894792697
31,1560355200,574,889,315,1463,24,-0.13283921208475735,-0.17030250609711503
31,1560369600,1432,2840,1408,4272,24,1.0207962154526757,1.768700491811149
31,1560384000,445,524,79,969,24,-0.38193158253199816,-0.5113019653234171
31,1560398400,82,40,0,122,24,-0.46531419806306606,-1.0959710786122387
31,1560412800,876,317,0,1193,24,-0.46531419806306606,-0.3566787287511668
31,1560427200,1647,1296,0,2943,24,-0.46531419806306606,0.8513153069695389
31,1560441600,615,976,361,1591,24,-0.08428730937046464,-0.081946370912972
31,1560456000,1382,2874,1492,4256,24,1.109456211713558,1.7576559749131313
31,1560470400,421,598,177,1019,24,-0.27849492022763545,-0.4767878500171112
31,1560484800,71,39,0,110,24,-0.46531419806306606,-1.104254466285752
31,1560499200,737,276,0,1013,24,-0.46531419806306606,-0.48092954385386794
31,1560513600,1188,1155,0,2343,24,-0.46531419806306606,0.43714592329386837
31,1560528000,686,1227,541,1913,24,0.10569839690285464,0.14032453165963785
31,1560542400,1034,2365,1331,3399,24,0.9395245522135336,1.1660840385630484
31,1561161600,8049,4496,0,12545,25,-0.6864383466019771,3.8706488596572375
31,1561176000,99,96,0,195,25,-0.6864383466019771,-0.5293002168408034
31,1561190400,116,167,51,283,25,-0.5049434150983437,-0.49794835297587814
31,1561204800,253,652,399,905,25,0.7334925881029191,-0.2763476788397015
31,1561219200,420,778,358,1198,25,0.5875848980705864,-0.17196022301671157
31,1561233600,541,748,207,1289,25,0.050217551853946496,-0.13953954561093654
31,1561248000,318,533,215,851,25,0.07868734503098702,-0.2955863225749966
31,1561262400,79,66,0,145,25,-0.6864383466019771,-0.5471137758549656
31,1561276800,72,73,1,145,25,-0.682879622454847,-0.5471137758549656
31,1561291200,209,434,225,643,25,0.11427458650228767,-0.36969072807391096
31,1561305600,356,621,265,977,25,0.2566235523874903,-0.2506961538593081
31,1561320000,419,621,202,1040,25,0.03242393111829617,-0.22825106950146384
31,1561334400,283,306,23,589,25,-0.6045876912179856,-0.38892937180920606
31,1561348800,63,41,0,104,25,-0.6864383466019771,-0.5617208942465785
31,1561363200,805,310,0,1115,25,-0.6864383466019771,-0.20153073098022067
31,1561377600,1405,1267,0,2672,25,-0.6864383466019771,0.35318349672078736
31,1561392000,533,857,324,1390,25,0.4665882770681642,-0.10355615640232908
31,1561406400,1482,2684,1202,4166,25,3.5911480782483616,0.8854526400639511
31,1561420800,367,457,90,824,26,-0.448221484654353,-0.5288643265202049
31,1561435200,70,32,0,102,26,-0.6409781404619257,-1.1419069984070838
31,1561449600,962,305,0,1267,26,-0.6409781404619257,-0.15271764557022235
31,1561464000,1552,1277,0,2829,26,-0.6409781404619257,1.1735602678470975
31,1561478400,536,858,322,1394,26,0.04866233920516758,-0.04488326976740568
31,1561492800,1405,2769,1364,4174,26,2.280356065332842,2.3155857438690535
31,1561507200,416,471,55,887,26,-0.523182406357298,-0.4753716834054218
31,1561521600,73,38,0,111,26,-0.6409781404619257,-1.134265192247829
31,1561536000,960,321,0,1281,26,-0.6409781404619257,-0.140830391544715
31,1561550400,1427,1359,0,2786,26,-0.6409781404619257,1.137049416197325
31,1561564800,547,1044,497,1591,26,0.4234669477198922,0.12238737616294773
31,1561579200,1481,2873,1392,4354,26,2.340324802695198,2.4684218670541482
31,1561593600,418,633,215,1051,26,-0.18050390714383546,-0.3361209933923357
31,1561608000,70,46,0,116,26,-0.6409781404619257,-1.1300197443815765
31,1561622400,862,285,0,1147,26,-0.6409781404619257,-0.2546083943602853
31,1561636800,1380,1310,0,2690,26,-0.6409781404619257,1.0555368171652746
31,1561651200,592,1139,547,1731,26,0.5305539787240993,0.24125991641802122
31,1561665600,1454,2969,1515,4423,26,2.6037588989655474,2.527009047608434
31,1561680000,438,604,166,1042,26,-0.28544919752795833,-0.34376279955159045
31,1561694400,85,63,0,148,26,-0.6409781404619257,-1.1028488780375596
31,1561708800,706,269,0,975,26,-0.6409781404619257,-0.40065180095937564
31,1561723200,1136,1054,0,2190,26,-0.6409781404619257,0.6309920305400122
31,1561737600,658,1445,787,2103,26,1.044571727544293,0.5571212376672164
31,1561752000,1021,2630,1609,3651,26,2.8050825172534566,1.871511897059029
31,1561766400,460,599,139,1059,26,-0.34327619427023015,-0.32932827680633153
31,1561780800,122,102,0,224,26,-0.6409781404619257,-1.0383180704705197
31,1561795200,105,185,80,290,26,-0.46963889085519445,-0.9822781586359852
31,1561809600,308,593,285,901,26,-0.03058206373794562,-0.46348442937991446
31,1561824000,453,833,380,1286,26,0.17288329517004775,-0.13658494367846238
31,1561838400,573,786,213,1359,26,-0.18478738838400374,-0.07460140483117406
31,1561852800,340,444,104,784,26,-0.4182371159731751,-0.5628279094502259
31,1561867200,101,78,0,179,26,-0.6409781404619257,-1.0765271012667934
31,1561881600,57,140,83,197,26,-0.46321366899494204,-1.061243488948284
31,1561896000,198,656,458,854,26,0.3399390635366107,-0.5033916393226892
31,1561910400,441,780,339,1221,26,0.08507192974659797,-0.1917757659397465
31,1561924800,667,707,40,1374,26,-0.5553085156585601,-0.061865061232416176
31,1561939200,452,392,0,844,26,-0.6409781404619257,-0.5118825350551944
31,1561953600,128,101,0,229,26,-0.6409781404619257,-1.0340726226042671
31,1561968000,771,297,0,1068,26,-0.6409781404619257,-0.3216864706470768
31,1561972018,54,382,328,436,26,0.06151278292567242,-0.8583110809414085
31,1561982400,1324,864,0,2188,26,-0.6409781404619257,0.6292938513935111
31,1561996800,494,829,335,1323,26,0.07650496726626141,-0.10516862946819294
31,1562011200,1003,2529,1526,3532,26,2.627318045786473,1.7704702378422166
31,1562025600,374,345,0,719,27,-0.5466281438196088,-0.2520580487383855
31,1562040000,75,42,0,117,27,-0.5466281438196088,-0.9112194099047974
31,1562054400,775,303,0,1078,27,-0.5466281438196088,0.14102987262165087
31,1562063316,871,102,0,973,27,-0.5466281438196088,0.026059867767044144
31,1562068800,1348,1252,0,2600,27,-0.5466281438196088,1.8075474667998552
31,1562083200,554,883,329,1437,27,0.36738211902167656,0.5341177939816872
31,1562097600,1062,2599,1537,3661,27,3.7233833272656662,2.969291992044977
31,1562112000,409,469,60,878,27,-0.3799393420856358,-0.07796061281569529
31,1562126400,95,41,0,136,27,-0.5466281438196088,-0.8904153137882496
31,1562139225,31,194,163,225,27,-0.09379023244231545,-0.7929645477686305
31,1562140800,642,276,0,918,27,-0.5466281438196088,-0.03416251572822605
31,1562143394,31,196,165,227,27,-0.08823393905118301,-0.790774642914257
31,1562155200,1065,1063,0,2128,27,-0.5466281438196088,1.2907299211677181
31,1562169600,676,1716,1040,2392,27,2.3426444195692566,1.5797973619450152
31,1562184000,1015,2043,1028,3058,27,2.3093066592224623,2.309035678451378
31,1562198400,465,566,101,1031,27,-0.2660353275674209,0.08956710854387454
31,1562212800,90,39,0,129,27,-0.5466281438196088,-0.8980799807785567
31,1562227200,59,201,142,260,27,-0.15213131304920602,-0.754641212817095
31,1562241600,182,718,536,900,27,0.9424584850038834,-0.0538716594175872
31,1562256000,386,592,206,978,27,0.02567007546703187,0.0315346299029778
31,1562270400,525,468,0,993,27,-0.5466281438196088,0.04795891631077876
31,1562284800,235,485,250,720,27,0.1479085300719454,-0.25096309631119873
31,1562299200,77,62,0,139,27,-0.5466281438196088,-0.8871304565066893
31,1562313600,378,190,0,568,27,-0.5466281438196088,-0.41739586524358185
31,1562315527,95,15,0,110,27,-0.5466281438196088,-0.9188840768951045
31,1562315607,4,1,0,5,27,-0.5466281438196088,-1.0338540817497113
31,1562315688,5,3,0,8,27,-0.5466281438196088,-1.030569224468151
31,1562328000,526,647,121,1173,27,-0.21047239365609655,0.2450503532043903
31,1562342400,495,893,398,1388,27,0.5590742410157455,0.4804651250495374
31,1562356800,708,1159,451,1867,27,0.706316015880755,1.0049473376719815
31,1562371200,382,426,44,808,27,-0.4243896892146953,-0.15460728271876645
31,1562385600,87,52,0,139,27,-0.5466281438196088,-0.8871304565066893
31,1562400000,75,128,53,203,27,-0.3993863689545993,-0.8170535011667386
31,1562414400,252,352,100,604,27,-0.26881347426298713,-0.3779775778648595
31,1562428800,336,664,328,1000,27,0.3646039723261103,0.055623583301085876
31,1562443200,433,617,184,1050,27,-0.0354491518354249,0.11037120466042241
31,1562457600,246,376,130,622,27,-0.1854690733960006,-0.35826843417549836
31,1562472000,67,56,0,123,27,-0.5466281438196088,-0.904649695341677
31,1562486400,63,82,19,145,27,-0.49384335660385065,-0.8805607419435689
31,1562500800,236,379,143,615,27,-0.1493531663536398,-0.36593310116580546
31,1562515200,312,532,220,844,27,0.06456412920495891,-0.11518899534004413
31,1562529600,382,545,163,927,27,-0.09379023244231545,-0.024307943883545475
31,1562544000,290,243,0,533,27,-0.5466281438196088,-0.4557192001951174
31,1562558400,58,32,0,90,27,-0.5466281438196088,-0.9407831254388391
31,1562572800,792,279,0,1071,27,-0.5466281438196088,0.13336520563134377
31,1562574633,254,27,0,281,27,-0.5466281438196088,-0.7316472118461735
31,1562574713,13,3,0,16,27,-0.5466281438196088,-1.0218096050506573
31,1562587200,1478,1204,0,2682,27,-0.5466281438196088,1.897333565829167
31,1562601600,474,796,322,1270,27,0.347935092152713,0.3512607386415032
31,1562616000,1008,2613,1605,3621,27,3.912297302564169,2.9254938949575076
31,1562630400,393,408,15,801,28,-0.48589832024706053,-0.29252532917665075
31,1562644800,77,38,0,115,28,-0.5175450044314883,-0.9025430739673371
31,1562659200,840,323,0,1163,28,-0.5175450044314883,0.029379078424265414
31,1562673600,1449,1209,0,2658,28,-0.5175450044314883,1.3587909274943473
31,1562688000,583,831,248,1414,28,0.005680174084384448,0.25257799087683436
31,1562702400,1010,2715,1705,3725,28,3.079628097865137,2.3076086150915227
31,1562716800,404,555,151,959,28,-0.19896838364158193,-0.15202561536188622
31,1562731200,71,28,0,99,28,-0.5175450044314883,-0.9167708930878196
31,1562745600,799,310,0,1109,28,-0.5175450044314883,-0.018639811107362958
31,1562760000,1505,1362,0,2867,28,-0.5175450044314883,1.5446418147556498
31,1562774400,536,946,410,1482,28,0.34746436327620456,0.3130462221388849
31,1562788800,1107,2632,1525,3739,28,2.6998678876520037,2.320057956821945
31,1562803200,444,575,131,1019,28,-0.24116396255415232,-0.09867129366007692
31,1562817600,81,37,0,118,28,-0.5175450044314883,-0.8998753578822466
31,1562832000,838,288,0,1126,28,-0.5175450044314883,-0.003522753291850323
31,1562846400,1369,1359,0,2728,28,-0.5175450044314883,1.421037636146458
31,1562860800,517,996,479,1513,28,0.4930391105245724,0.3406126216848197
31,1562875200,1046,2864,1818,3910,28,3.31803311872116,2.4721177736721014
31,1562889600,411,554,143,965,28,-0.21584661520661008,-0.1466901831917053
31,1562904000,94,40,0,134,28,-0.5175450044314883,-0.8856475387617642
31,1562918400,666,317,0,983,28,-0.5175450044314883,-0.1306838866811625
31,1562932800,1147,1039,0,2186,28,-0.5175450044314883,0.939070263440114
31,1562947200,736,1275,539,2011,28,0.6196258472622835,0.7834534918098369
31,1562955628,363,314,0,677,28,-0.5175450044314883,-0.40279092736038996
31,1562955696,4,3,0,7,28,-0.5175450044314883,-0.9985808530305939
31,1562955762,6,0,0,6,28,-0.5175450044314883,-0.999470091725624
31,1562955828,3,1,0,4,28,-0.5175450044314883,-1.0012485691156843
31,1562955895,4,7,3,11,28,-0.5112156675946028,-0.9950238982504732
31,1562955978,3,4,1,7,28,-0.5154352254858598,-0.9985808530305939
31,1562956058,1,1,0,2,28,-0.5175450044314883,-1.0030270465057447
31,1562956138,4,1,0,5,28,-0.5175450044314883,-1.0003593304206542
31,1562956229,3,0,0,3,28,-0.5175450044314883,-1.0021378078107144
31,1562956313,5,4,0,9,28,-0.5175450044314883,-0.9968023756405335
31,1562961600,892,2291,1399,3183,28,2.43403574050281,1.8256412423851787
31,1562976000,490,590,100,1080,28,-0.3065671098686364,-0.04442773326323746
31,1562990400,131,78,0,209,28,-0.5175450044314883,-0.8189546366345025
31,1563004800,95,187,92,282,28,-0.32344534143366455,-0.7540402118973012
31,1563019200,231,713,482,944,28,0.49936844736145797,-0.16536419578733855
31,1563033600,379,664,285,1043,28,0.08374199507263966,-0.0773295649793532
31,1563048000,510,767,257,1277,28,0.02466818459504112,0.13075228965770308
31,1563062400,305,544,239,849,28,-0.013307836426272226,-0.2498418718152033
31,1563076800,110,86,0,196,28,-0.5175450044314883,-0.8305147396698945
31,1563091200,65,80,15,145,28,-0.48589832024706053,-0.8758659131164325
31,1563105600,221,464,243,685,28,-0.004868720643758149,-0.3956770178001487
31,1563120000,323,578,255,901,28,0.020448626703784084,-0.20360145967363522
31,1563134400,379,594,215,973,28,-0.06394253112135669,-0.13957627363146405
31,1563148800,283,255,0,538,28,-0.5175450044314883,-0.5263951059695815
31,1563163200,52,37,0,89,28,-0.5175450044314883,-0.9256632800381212
31,1563177600,783,283,0,1066,28,-0.5175450044314883,-0.056877074993659626
31,1563192000,1503,1224,0,2727,28,-0.5175450044314883,1.420148397451428
31,1563206400,509,853,344,1362,28,0.2082189528647223,0.20633757873526629
31,1563220800,996,2658,1662,3654,28,2.9889076032031108,2.2444726677443816
31,1563235200,422,443,21,865,29,-0.4821438370894643,-0.2930711185579651
31,1563249600,77,38,0,115,29,-0.5275220805802374,-0.9963480328418433
31,1563264000,802,309,0,1111,29,-0.5275220805802374,-0.06239629067285304
31,1563278400,1443,1280,0,2723,29,-0.5275220805802374,1.4491802237612958
31,1563279738,21,55,34,76,29,-0.45405254349993807,-1.032918432384605
31,1563279825,23,13,0,36,29,-0.5275220805802374,-1.070426534479745
31,1563292102,267,473,206,740,29,-0.08238312062312975,-0.4102839376052781
31,1563292165,363,195,0,558,29,-0.5275220805802374,-0.5809458021381658
31,1563292800,535,845,310,1380,29,0.14234722809307992,0.1898456959169646
31,1563307200,1062,2778,1716,3840,29,3.180528673237222,2.4965939747680848
31,1563321600,397,577,180,974,29,-0.13856570780218216,-0.19086154034870811
31,1563336000,67,40,0,107,29,-0.5275220805802374,-1.0038496532608714
31,1563350400,908,306,0,1214,29,-0.5275220805802374,0.034187072222132894
31,1563364800,1444,1331,0,2775,29,-0.5275220805802374,1.497940756484978
31,1563379200,514,915,401,1429,29,0.33898628321976343,0.2357931209835113
31,1563393600,1033,2758,1725,3791,29,3.199976491876125,2.450646549701538
31,1563408000,401,561,160,962,29,-0.18178308255529943,-0.20211397097725017
31,1563422400,67,43,0,110,29,-0.5275220805802374,-1.0010365456037358
31,1563436800,852,309,0,1161,29,-0.5275220805802374,-0.015511163053927829
31,1563451200,1633,1151,0,2784,29,-0.5275220805802374,1.5063800794563846
31,1563465600,473,902,429,1375,29,0.39949060787412755,0.18515718315507207
31,1563480000,1045,2596,1551,3641,29,2.823985331524005,2.3099911668447626
31,1563494400,421,596,175,1017,29,-0.14937005149046148,-0.15054033059643243
31,1563508800,95,44,0,139,29,-0.5275220805802374,-0.9738431715847592
31,1563523200,750,282,0,1032,29,-0.5275220805802374,-0.13647479231075488
31,1563526161,373,30,0,403,29,-0.5275220805802374,-0.726289697756834
31,1563526241,9,5,0,14,29,-0.5275220805802374,-1.0910559906320723
31,1563537600,1099,1174,75,2273,29,-0.3654569252560477,1.0272140751909689
31,1563552000,666,1293,627,1959,29,0.8273426179299883,0.7327754737441186
31,1563566400,560,1654,1094,2214,29,1.836468318415276,0.9718896246006371
31,1563580800,398,475,77,873,29,-0.361135187780736,-0.28556949813893706
31,1563595200,82,65,0,147,29,-0.5275220805802374,-0.9663415511657311
31,1563609600,91,144,53,235,29,-0.41299603748447666,-0.8838237265564227
31,1563624000,201,537,336,738,29,0.19852981527213234,-0.4121593427100351
31,1563638400,341,579,238,920,29,-0.013235321018142157,-0.24149747817714734
31,1563652800,418,555,137,973,29,-0.23148306352138426,-0.19179924290108663
31,1563667200,273,326,53,599,29,-0.41299603748447666,-0.5424999974906473
31,1563681600,86,45,0,131,29,-0.5275220805802374,-0.9813447920037872
31,1563696000,57,71,14,128,29,-0.49726991825305533,-0.9841578996609227
31,1563710400,232,322,90,554,29,-0.3330438941912098,-0.5846966123476799
31,1563724800,271,452,181,723,29,-0.1364048390645263,-0.42622488099571265
31,1563739200,375,474,99,849,29,-0.313596075552307,-0.3080743593960211
31,1563753600,218,170,0,388,29,-0.5275220805802374,-0.7403552360425116
31,1563768000,41,46,5,87,29,-0.5167177368919581,-1.0226037043084413
31,1563782400,879,294,0,1173,29,-0.5275220805802374,-0.004258732425385778
31,1563796800,1461,1128,0,2589,29,-0.5275220805802374,1.3235280817425763
31,1563811200,506,702,196,1208,29,-0.10399180799968838,0.02856085690786187
31,1563825600,927,2462,1535,3389,29,2.7894114317215113,2.0736901236453793
31,1563840000,344,334,0,678,30,-0.5912415521965563,-0.5721900238674537
31,1563854400,74,27,0,101,30,-0.5912415521965563,-1.108683863541396
31,1563868800,897,248,0,1145,30,-0.5912415521965563,-0.137974039244003
31,1563879341,1448,268,0,1716,30,-0.5912415521965563,0.3929410083362761
31,1563879425,155,1019,864,1174,30,1.1784755927424353,-0.11100987745796433
31,1563883200,1175,1277,102,2452,30,-0.382316611474592,1.0772728384922925
31,1563888355,87,213,126,300,30,-0.33315780189295335,-0.9236539257682339
31,1563888439,154,237,83,391,30,-0.42123400239338926,-0.839042245681009
31,1563897600,381,635,254,1016,30,-0.07097748412421383,-0.25791806925776134
31,1563912000,1020,2696,1676,3716,30,2.841681983587877,2.252538372890669
31,1563926400,380,461,81,841,30,-0.4253305698585258,-0.4206328386562707
31,1563940800,79,33,0,112,30,-0.5912415521965563,-1.0984560780363468
31,1563955200,818,295,0,1113,30,-0.5912415521965563,-0.1677275970768733
31,1563969600,1395,1303,0,2698,30,-0.5912415521965563,1.306003314332483
31,1563984000,551,908,357,1459,30,0.13999574033031875,0.15398274699103665
31,1563998400,1126,2739,1613,3865,30,2.712640108436075,2.391078376549971
31,1564012800,515,492,0,1007,30,-0.5912415521965563,-0.2662862573982561
31,1564027200,86,46,0,132,30,-0.5912415521965563,-1.079860104390803
31,1564041600,853,307,0,1160,30,-0.5912415521965563,-0.12402705900984508
31,1564056000,1394,1246,0,2640,30,-0.5912415521965563,1.2520749907604054
31,1564070400,531,899,368,1430,30,0.1625268613885698,0.12701858520499795
31,1564084800,1116,2722,1606,3838,30,2.6983021223080974,2.3659738121284866
31,1564099200,438,473,35,911,30,-0.5195516215566666,-0.35554693089686695
31,1564113600,113,48,0,161,30,-0.5912415521965563,-1.0528959426047642
31,1564128000,687,295,0,982,30,-0.5912415521965563,-0.28953122445518603
31,1564142400,1029,1104,75,2133,30,-0.43762027225393546,0.780667058845867
31,1564156800,612,1296,684,1908,30,0.8097845208801455,0.5714623553334978
31,1564171200,869,2295,1426,3164,30,2.3296110504458074,1.7392895002736564
31,1564185600,425,634,209,1059,30,-0.1631502520897863,-0.2179367259198419
31,1564200000,102,92,0,194,30,-0.5912415521965563,-1.0222125860896167
31,1564214400,102,147,45,249,30,-0.49906878423098383,-0.9710736585643709
31,1564228800,196,588,392,784,30,0.21168567097020846,-0.4736313635460709
31,1564243200,337,647,310,984,30,0.04372640489960971,-0.28767162709063165
31,1564257600,465,687,222,1152,30,-0.13652256356639872,-0.13146544846806266
31,1564272000,286,528,242,814,30,-0.09555688891503315,-0.445737403077755
31,1564286400,76,120,44,196,30,-0.501117067963552,-1.0203529887250624
31,1564300800,55,72,17,127,30,-0.5564207287428956,-1.084509097802189
31,1564315200,234,368,134,602,30,-0.3167715320324071,-0.6428547237205207
31,1564329600,337,504,167,841,30,-0.24917816885765395,-0.4206328386562707
31,1564344000,374,529,155,903,30,-0.2737575736484733,-0.3629853203550845
31,1564358400,224,305,81,529,30,-0.4253305698585258,-0.710730027526756
31,1564372800,46,25,0,71,30,-0.5912415521965563,-1.136577824009712
31,1564387200,752,366,0,1118,30,-0.5912415521965563,-0.16307860366548732
31,1564401600,1470,1176,0,2646,30,-0.5912415521965563,1.2576537828540686
31,1564416000,506,798,292,1304,30,0.006857297713380715,0.0098639512380712
31,1564430400,1031,2649,1618,3680,30,2.7228815270989166,2.21906562032869
31,1564444800,321,371,50,692,31,-0.5174318768698128,-0.822119443318655
31,1564459200,366,299,0,665,31,-0.5985446465946691,-0.8451775024976063
31,1564473600,800,343,0,1143,31,-0.5985446465946691,-0.4369644548109888
31,1564488000,1446,1249,0,2695,31,-0.5985446465946691,0.8884469468827985
31,1564502400,482,876,394,1358,31,0.04062397883719892,-0.2533539835711922
31,1564516800,1063,2775,1712,3838,31,2.1787565887844127,1.8645714521250656
31,1564531200,362,437,75,799,31,-0.4768754920073846,-0.7307412087946633
31,1564545600,83,39,0,122,31,-0.5985446465946691,-1.3089006926520692
31,1564560000,801,303,0,1104,31,-0.5985446465946691,-0.47027054029169607
31,1564574400,1464,1221,0,2685,31,-0.5985446465946691,0.8799069249646684
31,1564588800,463,930,467,1393,31,0.1590486226354892,-0.22346390685773695
31,1564603200,1047,2934,1887,3981,31,2.4626512828214095,1.9866937655543255
31,1564617600,389,418,29,807,31,-0.5514992401542524,-0.7239091912601592
31,1564632000,104,32,0,136,31,-0.5985446465946691,-1.2969446619666871
31,1564646400,843,311,0,1154,31,-0.5985446465946691,-0.42757043070104567
31,1564660800,1394,1236,0,2630,31,-0.5985446465946691,0.832936804414953
31,1564675200,549,903,354,1452,31,-0.024266236942686162,-0.17307777754076953
31,1564689600,1045,2832,1787,3877,31,2.3004257433716973,1.8978775376057728
31,1564704000,444,506,62,950,31,-0.49796481213584726,-0.6017868778308991
31,1564718400,95,47,0,142,31,-0.5985446465946691,-1.291820648815809
31,1564732800,684,283,0,967,31,-0.5985446465946691,-0.587268840570078
31,1564747200,1018,1099,81,2117,31,-0.46714195964040184,0.3948336800148803
31,1564761600,637,1249,612,1886,31,0.3942756548375726,0.19755917370607562
31,1564776000,887,2232,1345,3119,31,1.5833888590039669,1.2505438762115135
31,1565395200,7161,5095,0,12256,32,-0.46549309023416396,3.9314403176399093
31,1565409600,113,72,0,185,32,-0.46549309023416396,-0.4931023929580003
31,1565424000,87,129,42,216,32,-0.3458762390387092,-0.48173955441699
31,1565438400,248,527,279,775,32,0.3291045641356427,-0.27684191750006254
31,1565452800,385,526,141,911,32,-0.06392223264942296,-0.22699204519111416
31,1565467200,472,641,169,1113,32,0.015822334814213558,-0.15295032308517614
31,1565481600,312,390,78,702,32,-0.2433475094426051,-0.303599569548248
31,1565496000,91,60,0,151,32,-0.46549309023416396,-0.5055648610352373
31,1565510400,84,66,0,150,32,-0.46549309023416396,-0.5059314042139796
31,1565524800,221,358,137,579,32,-0.07531431371565674,-0.34868438053354694
31,1565539200,347,441,94,788,32,-0.19777918517766996,-0.27207685617641303
31,1565553600,365,517,152,882,32,-0.03259400971728004,-0.2376217973746399
31,1565568000,285,273,0,558,32,-0.46549309023416396,-0.35638178728713454
31,1565582400,88,31,0,119,32,-0.46549309023416396,-0.5172942427549899
31,1565596800,733,289,0,1022,32,-0.46549309023416396,-0.18630575235072247
31,1565611200,1265,1105,0,2370,32,-0.46549309023416396,0.30779445259385396
31,1565625600,483,774,291,1257,32,0.3632808073343441,-0.10016810534628964
31,1565640000,976,2535,1559,3511,32,3.9745705053304548,0.726020219538781
31,1565654400,359,346,0,705,33,-0.48798040369094986,-0.33357033828568855
31,1565668800,91,36,0,127,33,-0.48798040369094986,-0.8296042453131542
31,1565683200,759,289,0,1048,33,-0.48798040369094986,-0.03921111664136207
31,1565697600,1386,1182,0,2568,33,-0.48798040369094986,1.2652379122197932
31,1565712000,473,824,351,1297,33,0.24773314828409446,0.17447823084970876
31,1565726400,1023,2605,1582,3628,33,2.8279707052108165,2.1749194718203357
31,1565740800,353,381,28,734,33,-0.42929100353339644,-0.30868282391925866
31,1565755200,117,44,0,161,33,-0.48798040369094986,-0.8004257801938915
31,1565769600,780,310,0,1090,33,-0.48798040369094986,-0.003167130317566991
31,1565784000,1375,1223,0,2598,33,-0.48798040369094986,1.2909836167367899
31,1565798400,516,864,348,1380,33,0.24144499826721372,0.2457080133467324
31,1565812800,1015,2651,1636,3666,33,2.9411574055146694,2.2075306975418645
31,1565827200,419,386,0,805,33,-0.48798040369094986,-0.24775132322903362
31,1565841600,46,48,2,94,33,-0.48378830367969605,-0.8579245202818504
31,1565856000,778,264,0,1042,33,-0.48798040369094986,-0.04436025754476137
31,1565870400,1287,1200,0,2487,33,-0.48798040369094986,1.1957245100239027
31,1565884800,539,972,433,1511,33,0.4196092487455008,0.3581309230709504
31,1565899200,1104,2596,1492,3700,33,2.6393262047043953,2.2367091626611275
31,1565913600,438,527,89,965,33,-0.30143195319015514,-0.11044089913838569
31,1565928000,95,61,0,156,33,-0.48798040369094986,-0.8047167309467242
31,1565942400,616,197,0,813,33,-0.48798040369094986,-0.24088580202450122
31,1565956800,920,683,0,1603,33,-0.48798040369094986,0.4370844169230729
31,1565971200,594,1189,595,1783,33,0.7591693496570597,0.5915586440250519
31,1565985600,905,2076,1171,2981,33,1.9664941528981579,1.6196704444037782
31,1566000000,374,457,83,831,33,-0.31400825322391657,-0.22543837931430333
31,1566014400,14,39,25,53,33,-0.4355791535502772,-0.8931103164550789
31,1566028800,1,21,20,22,33,-0.44605940357841173,-0.919714211122642
31,1566043200,2,15,13,17,33,-0.46073175361780005,-0.9240051618754747
31,1566057600,1,14,13,15,33,-0.46073175361780005,-0.9257215421766077
31,1566072000,0,1,1,1,33,-0.48588435368532296,-0.9377362042845395
31,1566086400,2,2,0,4,33,-0.48798040369094986,-0.9351616338328398
31,1566100800,0,16,16,16,33,-0.45444360360091934,-0.9248633520260412
31,1566115200,0,35,35,35,33,-0.4146186534940081,-0.9085577391652768
31,1566129600,0,18,18,18,33,-0.45025150358966554,-0.9231469717249081
31,1566144000,0,8,8,8,33,-0.47121200364593463,-0.9317288732305736
31,1566158400,0,2,2,2,33,-0.48378830367969605,-0.9368780141339729
31,1566172800,1,6,5,7,33,-0.47750015366281534,-0.9325870633811402
31,1566187200,2,6,4,8,33,-0.47959620366844224,-0.9317288732305736
31,1566201600,729,265,0,994,33,-0.48798040369094986,-0.08555338477195575
31,1566216000,1283,1087,0,2370,33,-0.48798040369094986,1.0953162624076165
31,1566230400,430,777,347,1207,33,0.2393489482615868,0.09724111729871932
31,1566244800,962,2423,1461,3385,33,2.574348654529961,1.9663792652326644
31,1566259200,334,314,0,648,34,-0.4900790459502456,-0.3835764131495308
31,1566273600,82,41,0,123,34,-0.4900790459502456,-0.8578992399927964
31,1566288000,749,305,0,1054,34,-0.4900790459502456,-0.01676676039073878
31,1566302400,1316,1253,0,2569,34,-0.4900790459502456,1.351993397071256
31,1566316800,532,850,318,1382,34,0.20014042817928973,0.27957207237991094
31,1566331200,1003,2603,1600,3606,34,2.9827233396071646,2.288893914093097
31,1566345600,388,399,11,787,34,-0.46620352954953836,-0.2579937980424567
31,1566360000,106,43,0,149,34,-0.4900790459502456,-0.8344089666634156
31,1566374400,713,286,0,999,34,-0.4900790459502456,-0.06645772320289041
31,1566388800,1274,1172,0,2446,34,-0.4900790459502456,1.2408663347822624
31,1566403200,484,830,346,1314,34,0.26091446992654443,0.2181359729030689
31,1566417600,978,2752,1774,3730,34,3.360390599036533,2.4009244484332206
31,1566432000,409,401,0,810,34,-0.4900790459502456,-0.237213940866466
31,1566446400,110,79,0,189,34,-0.4900790459502456,-0.7982700846182144
31,1566460800,758,295,0,1053,34,-0.4900790459502456,-0.01767023244186881
31,1566475200,1244,1153,0,2397,34,-0.4900790459502456,1.196596204276891
31,1566489600,549,940,391,1489,34,0.35858703702034656,0.37624358185082407
31,1566504000,994,2586,1592,3580,34,2.9653593276793777,2.2654036407637164
31,1566518400,379,536,157,915,34,-0.1493103118674247,-0.1423493754978129
31,1566532800,96,55,0,151,34,-0.4900790459502456,-0.8326020225611555
31,1566547200,644,263,0,907,34,-0.4900790459502456,-0.14957715190685314
31,1566561600,1034,951,0,1985,34,-0.4900790459502456,0.8243657192113187
31,1566576000,579,1148,569,1727,34,0.7449363024136084,0.5912699300197711
31,1566590400,816,1983,1167,2799,34,2.0428961940156904,1.5597919688311628
31,1566604800,366,496,130,862,34,-0.20791385212370597,-0.19023339420770446
31,1566619200,6,9,3,15,34,-0.48356754147732545,-0.9554742215148395
31,1566633600,3,9,6,12,34,-0.4770560370044053,-0.9581846376682296
31,1566648000,4,7,3,11,34,-0.48356754147732545,-0.9590881097193596
31,1566662400,23,14,0,37,34,-0.4900790459502456,-0.9355978363899788
31,1566676800,22,22,0,44,34,-0.4900790459502456,-0.9292735320320686
31,1566691200,6,3,0,9,34,-0.4900790459502456,-0.9608950538216197
31,1566705600,3,5,2,8,34,-0.4857380429682988,-0.9617985258727497
31,1566720000,1,2,1,3,34,-0.4879085444592722,-0.9663158861283999
31,1566734400,3,6,3,9,34,-0.48356754147732545,-0.9608950538216197
31,1566748800,36,31,0,67,34,-0.4900790459502456,-0.908493674856078
31,1566763200,7,4,0,11,34,-0.4900790459502456,-0.9590881097193596
31,1566777600,2,3,1,5,34,-0.4879085444592722,-0.9645089420261398
31,1566792000,2,2,0,4,34,-0.4900790459502456,-0.9654124140772699
31,1566806400,742,262,0,1004,34,-0.4900790459502456,-0.06194036294724026
31,1566820800,1256,1087,0,2343,34,-0.4900790459502456,1.1478087135158694
31,1566835200,542,848,306,1390,34,0.17409441028760916,0.28679984878895115
31,1566839528,98,752,654,850,34,0.9294289291463459,-0.2010750588212648
31,1566849600,976,1651,675,2627,34,0.9750094604567869,1.4043947760367979
31,1566864000,337,324,0,661,35,-0.5704839973744523,-0.49798522052647304
31,1566878400,78,49,0,127,35,-0.5704839973744523,-1.0529848491275333
31,1566892800,728,276,0,1004,35,-0.5704839973744523,-0.14149669503927512
31,1566907200,1302,1152,0,2454,35,-0.5704839973744523,1.3655247683905702
31,1566921600,494,805,311,1299,35,0.1272371612121672,0.16510422338265895
31,1566936000,1015,2584,1569,3599,35,2.949530465077014,2.555552061926552
31,1566950400,338,413,75,751,35,-0.4022232678117627,-0.4044459572791033
31,1566964800,60,40,0,100,35,-0.5704839973744523,-1.0810466281017443
31,1566979200,752,306,0,1058,35,-0.5704839973744523,-0.08537313709085327
31,1566993600,1268,1212,0,2480,35,-0.5704839973744523,1.3925472222175883
31,1567008000,521,939,418,1460,35,0.367289135388271,0.33243557208073143
31,1567022400,1000,2713,1713,3713,35,3.272591065837378,2.6740351287065534
31,1567036800,378,393,15,771,35,-0.5368318514619144,-0.38365945433524334
31,1567051200,83,43,0,126,35,-0.5704839973744523,-1.0540241742747263
31,1567065600,768,261,0,1029,35,-0.5704839973744523,-0.11551356635945019
31,1567080000,1183,1110,0,2293,35,-0.5704839973744523,1.1981934196924977
31,1567094400,511,974,463,1485,35,0.4682455731258848,0.3584187007605564
31,1567108800,982,2658,1676,3640,35,3.189582439253118,2.598164392961465
31,1567123200,410,448,38,858,35,-0.48523189439602293,-0.29323816652945267
31,1567137600,81,54,0,135,35,-0.5704839973744523,-1.0446702479499894
31,1567152000,612,252,0,864,35,-0.5704839973744523,-0.2870022156462947
31,1567166400,729,897,168,1626,35,-0.19357996315402762,0.5049635465147689
31,1567180800,583,1578,995,2161,35,1.6617750148238963,1.0610025002630221
31,1567195200,816,1713,897,2529,35,1.4419143281953153,1.4434741544300451
31,1567209600,375,569,194,944,35,-0.13524957690562855,-0.20385620387085493
31,1567224000,134,69,0,203,35,-0.5704839973744523,-0.9739961379408656
31,1567238400,64,155,91,219,35,-0.3663276455050556,-0.9573669355857776
31,1567252800,256,617,361,873,35,0.23941098092062693,-0.2776482893215577
31,1567267200,376,651,275,1027,35,0.04647201102207619,-0.11759221665383618
31,1567281600,487,682,195,1169,35,-0.13300610051145936,0.029991954247569372
31,1567296000,328,357,29,685,35,-0.5054231819435456,-0.4730414169938411
31,1567310400,92,70,0,162,35,-0.5704839973744523,-1.0166084689757784
31,1567324800,62,68,6,130,35,-0.5570231390094371,-1.0498668736859544
31,1567339200,261,496,235,757,35,-0.04326704474469159,-0.39821000639594534
31,1567353600,336,555,219,891,35,-0.0791626670513987,-0.2589404366720838
31,1567368000,491,654,163,1145,35,-0.2047973451248736,0.005048150714937447
31,1567382400,345,286,0,631,35,-0.5704839973744523,-0.5291649749422629
31,1567396800,75,68,0,143,35,-0.5704839973744523,-1.0363556467724453
31,1567411200,65,84,19,149,35,-0.5278579458852376,-1.0301196958892873
31,1567425600,215,423,208,638,35,-0.10384090738725985,-0.521889698911912
31,1567440000,345,605,260,950,35,0.012819865109538272,-0.19762025298769695
31,1567454400,430,517,87,947,35,-0.37530155108173235,-0.20073822842927594
31,1567468800,292,266,0,558,36,-0.5321684860816737,-0.6645706229621656
31,1567483200,50,26,0,76,36,-0.5321684860816737,-1.0903390962661443
31,1567497600,793,268,0,1061,36,-0.5321684860816737,-0.22025207094577282
31,1567512000,1383,1171,0,2554,36,-0.5321684860816737,1.0985701917987092
31,1567526400,467,827,360,1294,36,0.09517011773865165,-0.014434530946131612
31,1567540800,990,2654,1664,3644,36,2.367529949354497,2.061407610681151
31,1567555200,325,340,15,665,36,-0.5060293775891601,-0.5700535552370085
31,1567569600,66,28,0,94,36,-0.5321684860816737,-1.074439028798361
31,1567584000,829,339,0,1168,36,-0.5321684860816737,-0.1257350032206157
31,1567598400,1376,1239,0,2615,36,-0.5321684860816737,1.1524537537728643
31,1567612800,493,850,357,1343,36,0.08994229604014894,0.028848986049501087
31,1567627200,1056,2860,1804,3916,36,2.61149496195129,2.3016752968609895
31,1567641600,364,383,19,747,36,-0.4990589486578232,-0.49761991455043947
31,1567656000,91,26,0,117,36,-0.5321684860816737,-1.05412227592286
31,1567670400,775,324,0,1099,36,-0.5321684860816737,-0.18668526184711887
31,1567684800,1313,1269,0,2582,36,-0.5321684860816737,1.123303630081928
31,1567691149,175,299,124,474,36,-0.3160851892102283,-0.7387709378118217
31,1567699200,442,952,510,1394,36,0.3565612026637872,0.07389917720822084
31,1567713600,964,2685,1721,3649,36,2.4668585616260486,2.0658242960888686
31,1567728000,349,460,111,809,36,-0.3387390832370734,-0.442853015494741
31,1567742400,93,49,0,142,36,-0.5321684860816737,-1.0320388488842718
31,1567756318,29,245,216,274,36,-0.1557653237894785,-0.9154383541205265
31,1567756800,733,313,0,1046,36,-0.5321684860816737,-0.23350212716892568
31,1567771200,1135,1179,44,2314,36,-0.45549376783696727,0.8865692922282633
31,1567785600,605,1136,531,1741,36,0.3931559545533062,0.3804171445038238
31,1567800000,882,2970,2088,3852,36,3.1063954160762135,2.2451417236422038
31,1567814400,452,537,85,989,36,-0.38404687129076354,-0.2838523408169066
31,1567828800,155,61,0,216,36,-0.5321684860816737,-0.966671904850051
31,1567843200,96,147,51,243,36,-0.4432955172071276,-0.9428218036483759
31,1567857600,268,532,264,800,36,-0.07212017661343512,-0.4508030492286327
31,1567872000,424,709,285,1133,36,-0.035525424723916135,-0.15665180107463905
31,1567886400,596,734,138,1330,36,-0.291688687950549,0.01736560398943527
31,1567900800,399,466,67,865,36,-0.4154138014817798,-0.3933861389283036
31,1567915200,162,81,0,243,36,-0.5321684860816737,-0.9428218036483759
31,1567929600,63,71,8,134,36,-0.5182276282189998,-1.03910554553662
31,1567944000,240,541,301,781,36,-0.00764370899856834,-0.46758645377795965
31,1567958400,353,613,260,966,36,-0.07909060554477206,-0.30416909369240763
31,1567972800,473,574,101,1047,36,-0.3561651555654158,-0.23261879008738215
31,1567987200,231,250,19,481,36,-0.4990589486578232,-0.732587578241017
31,1568001600,67,44,0,111,36,-0.5321684860816737,-1.059422298412121
31,1568016000,829,280,0,1109,36,-0.5321684860816737,-0.17785189103168364
31,1568030400,1499,1190,0,2689,36,-0.5321684860816737,1.217820697807085
31,1568044800,524,838,314,1362,36,0.015010185028276743,0.04563239059882805
31,1568059200,974,2954,1980,3928,36,2.918193834930116,2.312275341839512
31,1568073600,397,361,0,758,37,-0.535885318735688,-0.5487599566617775
31,1568088000,69,42,0,111,37,-0.535885318735688,-1.095347562494456
31,1568102400,969,319,0,1288,37,-0.535885318735688,-0.1010143135530917
31,1568116800,1488,1342,0,2830,37,-0.535885318735688,1.2016720669631222
31,1568131200,507,852,345,1359,37,0.05926899018437933,-0.041033293438531925
31,1568145600,1062,3006,1944,4068,37,2.817679830657387,2.2475383050169957
31,1568160000,394,446,52,840,37,-0.44618090115933,-0.47948610244496187
31,1568174400,90,38,0,128,37,-0.535885318735688,-1.0809859097909698
31,1568188800,853,286,0,1139,37,-0.535885318735688,-0.22688997548364676
31,1568203200,1427,1299,0,2726,37,-0.535885318735688,1.1138125445417952
31,1568217600,553,912,359,1465,37,0.08342017953186032,0.048515835183205215
31,1568232000,1029,2861,1832,3890,37,2.624470315877539,2.097163353180494
31,1568246400,394,430,36,824,37,-0.473782260413594,-0.49300295204824296
31,1568260800,93,49,0,142,37,-0.535885318735688,-1.069158666388099
31,1568275200,842,322,0,1164,37,-0.535885318735688,-0.20576989797852008
31,1568289600,1515,1257,0,2772,37,-0.535885318735688,1.1526734871512283
31,1568304000,598,950,352,1548,37,0.07134458485811983,0.11863449250022581
31,1568318400,998,2978,1980,3976,37,2.8797828889794808,2.1698164197981296
31,1568332800,419,467,48,886,37,-0.453081240972896,-0.4406251598355288
31,1568347200,95,37,0,132,37,-0.535885318735688,-1.0776066973901497
31,1568361600,711,295,0,1006,37,-0.535885318735688,-0.3392487878109207
31,1568376000,1153,1254,101,2407,37,-0.3616517384431465,0.8443203555763786
31,1568390400,634,1069,435,1703,37,0.21452663598961427,0.24957897303201126
31,1568404800,1023,2675,1652,3698,37,2.3139550242670692,1.9349611579411208
31,1568419200,436,571,135,1007,37,-0.30299885002783555,-0.33840398471071564
31,1568433600,142,61,0,203,37,-0.535885318735688,-1.0176256772755898
31,1568448000,106,150,44,256,37,-0.459981580786462,-0.9728511129647213
31,1568462400,292,491,199,783,37,-0.1925934130107796,-0.5276398791566508
31,1568476800,420,668,248,1088,37,-0.10806425029459611,-0.2699749335941052
31,1568491200,508,748,240,1256,37,-0.12186492992172811,-0.12804801275965386
31,1568505600,303,503,200,806,37,-0.19086832805738807,-0.5082094078519341
31,1568520000,104,74,0,178,37,-0.535885318735688,-1.0387457547807164
31,1568534400,62,59,0,121,37,-0.535885318735688,-1.0868995314924053
31,1568548800,221,465,244,686,37,-0.11496459010816211,-0.6095857798765423
31,1568563200,363,579,216,942,37,-0.16326696880312408,-0.393316186224045
31,1568577600,453,618,165,1071,37,-0.25124630142609056,-0.28433658629759134
31,1568592000,259,310,51,569,37,-0.4479059861127215,-0.7084277426005352
31,1568606400,48,29,0,77,37,-0.535885318735688,-1.1240708679014284
31,1568620800,840,303,0,1143,37,-0.535885318735688,-0.22351076308282647
31,1568635200,1519,1240,0,2759,37,-0.535885318735688,1.1416910468485624
31,1568649600,495,839,344,1334,37,0.05754390523098783,-0.06215337094365861
31,1568664000,1077,2902,1825,3979,37,2.6123947212037986,2.172350829098745
31,1568678400,350,428,78,778,38,-0.4023170973748667,-0.5438005472715143
31,1568692800,91,33,0,124,38,-0.5420976479104551,-1.1117300340763487
31,1568707200,892,330,0,1222,38,-0.5420976479104551,-0.15823373971593854
31,1568721600,1403,1291,0,2694,38,-0.5420976479104551,1.1200418024502945
31,1568736000,512,872,360,1384,38,0.10304335456149148,-0.017553958580796055
31,1568750400,1061,2785,1724,3846,38,2.547410930594089,2.1204313571890854
31,1568764800,374,503,129,877,38,-0.3109221220246743,-0.4578295699111494
31,1568779200,86,41,0,127,38,-0.5420976479104551,-1.1091248529442166
31,1568793600,828,296,0,1124,38,-0.5420976479104551,-0.24333632336559266
31,1568808000,1460,1296,0,2756,38,-0.5420976479104551,1.1738822125143613
31,1568822400,540,915,375,1455,38,0.12992422966448924,0.04410199487966763
31,1568836800,1051,2924,1873,3975,38,2.8144276232838674,2.232454145870773
31,1568851200,441,581,140,1022,38,-0.2912094802824759,-0.33191248185808975
31,1568865600,118,47,0,165,38,-0.5420976479104551,-1.0761258919372079
31,1568880000,847,293,0,1140,38,-0.5420976479104551,-0.22944202399422056
31,1568894400,1436,1243,0,2679,38,-0.5420976479104551,1.107015896789633
31,1568908800,569,959,390,1528,38,0.15680510476748702,0.10749473576155283
31,1568923200,1018,2850,1832,3868,38,2.7409532313356735,2.1395360188247223
31,1568937600,443,565,122,1008,38,-0.32346653040607326,-0.3440699938080404
31,1568952000,105,68,0,173,38,-0.5420976479104551,-1.0691787422515218
31,1568966400,745,289,0,1034,38,-0.5420976479104551,-0.3214917573295607
31,1568980800,1178,1176,0,2354,38,-0.5420976479104551,0.8247879408086374
31,1568995200,594,1138,544,1732,38,0.4327820891582642,0.28464705274654706
31,1569009600,1031,2626,1595,3657,38,2.3162354047083085,1.9563049458647526
31,1569024000,432,589,157,1021,38,-0.26074448849907844,-0.33278087556880054
31,1569038400,125,94,0,219,38,-0.5420976479104551,-1.029232631558827
31,1569052800,95,130,35,225,38,-0.47937560600346035,-1.0240222692945624
31,1569067200,347,534,187,881,38,-0.2069827382930829,-0.4543559950683064
31,1569081600,490,653,163,1143,38,-0.24999213845787932,-0.22683684286208827
31,1569096000,570,783,213,1353,38,-0.16038922144788673,-0.04447416361282949
31,1569110400,321,403,82,724,38,-0.3951488640140673,-0.5906938076498951
31,1569124800,144,61,0,205,38,-0.5420976479104551,-1.0413901435087776
31,1569139200,79,81,2,160,38,-0.5385135312300554,-1.0804678604907616
31,1569153600,267,435,168,702,38,-0.24103184675688005,-0.6097984692855317
31,1569168000,365,555,190,920,38,-0.20160656327248333,-0.4204886403505869
31,1569182400,441,571,130,1012,38,-0.30913006368447443,-0.3405964189651973
31,1569196800,263,233,0,496,38,-0.5420976479104551,-0.7886875736919475
31,1569211200,48,37,0,85,38,-0.5420976479104551,-1.1455973887940682
31,1569225600,848,300,0,1148,38,-0.5420976479104551,-0.2224948743085345
31,1569240000,1423,1274,0,2697,38,-0.5420976479104551,1.1226469835824266
31,1569254400,490,860,370,1350,38,0.12096393796348999,-0.04707934474496176
31,1569268800,1034,2880,1846,3914,38,2.766042048098471,2.179482129517417
31,1569283200,354,407,53,761,39,-0.45800666869325385,-0.572679370943081
31,1569297600,71,31,0,102,39,-0.5527754774412723,-1.1493801033048272
31,1569312000,812,333,0,1145,39,-0.5527754774412723,-0.23663524161544736
31,1569326400,1432,1284,0,2716,39,-0.5527754774412723,1.1381702978994286
31,1569340800,512,895,383,1407,39,0.13206327256799338,-0.007355132542947356
31,1569355200,1059,2972,1913,4031,39,2.867842091142867,2.2889464178625487
31,1569369600,399,500,101,899,39,-0.3721783136007088,-0.45191351196596263
31,1569384000,108,44,0,152,39,-0.5527754774412723,-1.1056243572986248
31,1569398400,861,323,0,1184,39,-0.5527754774412723,-0.20250575973060955
31,1569412800,1521,1235,0,2756,39,-0.5527754774412723,1.1731748947043905
31,1569427200,1256,1057,0,2313,39,-0.5527754774412723,0.7854989850894382
31,1569441600,1028,2994,1966,4022,39,2.9626108998908856,2.2810703835814325
31,1569456000,448,556,108,1004,39,-0.359661678483046,-0.3600264453529378
31,1569470400,91,32,0,123,39,-0.5527754774412723,-1.131002689982222
31,1569484800,776,317,0,1093,39,-0.5527754774412723,-0.28214121746189774
31,1569499200,1521,1293,0,2814,39,-0.5527754774412723,1.223931560071585
31,1569513600,551,961,410,1512,39,0.18034172230754997,0.08453193407007745
31,1569528000,1049,2947,1898,3996,39,2.8410207301764467,2.258317395658207
31,1569542400,415,557,142,972,39,-0.29886659362582657,-0.3880301227969073
31,1569556800,94,40,0,134,39,-0.5527754774412723,-1.1213764258608576
31,1569571200,714,287,0,1001,39,-0.5527754774412723,-0.36265179011330995
31,1569585600,1099,1193,94,2292,39,-0.3846949487183716,0.7671215717668332
31,1569600000,551,1159,608,1710,39,0.5343836870642983,0.25780468825463854
31,1569614400,1018,2623,1605,3641,39,2.3171101459657026,1.947651599014171
31,1569628800,459,556,97,1015,39,-0.3793306765250875,-0.3504001812315733
31,1569643200,139,65,0,204,39,-0.5527754774412723,-1.0601183814521744
31,1569657600,98,161,63,259,39,-0.44012576138230697,-1.0119870608453518
31,1569672000,325,530,205,855,39,-0.18621687756686117,-0.4904185684514206
31,1569686400,440,703,263,1143,39,-0.08250761516336924,-0.23838547145569544
31,1569700800,546,771,225,1317,39,-0.1504550629449674,-0.08611547535411147
31,1569715200,308,480,172,788,39,-0.2452238716929859,-0.5490512680997317
31,1569729600,118,76,0,194,39,-0.5527754774412723,-1.0688695306534148
31,1569744000,58,84,26,142,39,-0.5062851184328104,-1.1143755064998653
31,1569758400,235,488,253,723,39,-0.10038852247431612,-0.6059337379077947
31,1569772800,352,674,322,1026,39,0.02298973797121738,-0.3407739171102088
31,1569787200,417,676,259,1093,39,-0.08965997808774799,-0.28214121746189774
31,1569801600,410,336,0,746,39,-0.5527754774412723,-0.5858060947449416
31,1569816000,65,59,0,124,39,-0.5527754774412723,-1.130127575062098
31,1569830400,693,330,0,1023,39,-0.5527754774412723,-0.34339926187058095
31,1569844800,1261,1078,0,2339,39,-0.5527754774412723,0.8082519730126633
31,1569859200,498,852,354,1350,39,0.08020864136624742,-0.05723668299001797
31,1569873600,931,2395,1464,3326,39,2.064989352881352,1.6719903991750964
31,1569888000,344,368,24,712,40,-0.5156547020433484,-0.6487118416488216
31,1569902400,251,268,17,519,40,-0.527975098825205,-0.81670296644613
31,1569916800,802,300,0,1102,40,-0.557896062438285,-0.30924791071125535
31,1569931200,1342,1202,0,2544,40,-0.557896062438285,0.9458982134220024
31,1569945600,530,782,252,1312,40,-0.11436177829145046,-0.12645964020641198
31,1569960000,978,2649,1671,3627,40,2.383158655059178,1.8885634370255517
31,1569974400,419,568,149,987,40,-0.2956476166530535,-0.4093462493210505
31,1569988800,265,333,68,598,40,-0.4382122079859646,-0.7479397599228794
31,1570003200,892,322,0,1214,40,-0.557896062438285,-0.21176083310867222
31,1570017600,1444,1395,0,2839,40,-0.557896062438285,1.2026722124645204
31,1570032000,519,909,390,1428,40,0.12852604397943515,-0.02549088126087946
31,1570046400,1056,3003,1947,4059,40,2.8689342996009493,2.264585022064087
31,1570060800,370,568,198,938,40,-0.20940483918005787,-0.45199684577218063
31,1570075200,52,63,11,115,40,-0.5385354389239391,-1.1683527820840192
31,1570089600,874,305,0,1179,40,-0.557896062438285,-0.24222554485947945
31,1570104000,1599,1286,0,2885,40,-0.557896062438285,1.2427115479084385
31,1570118400,508,958,450,1466,40,0.2341294449667767,0.007585091497139815
31,1570132800,1066,3116,2050,4182,40,3.050220137962552,2.3716467233597807
31,1570147200,466,596,130,1062,40,-0.3290886936323783,-0.3440647241407493
31,1570161600,71,54,0,125,40,-0.557896062438285,-1.1596485787266457
31,1570176000,817,313,0,1130,40,-0.557896062438285,-0.28487614131060957
31,1570190400,1171,1184,13,2355,40,-0.5350153255576944,0.7813887699676434
31,1570204800,619,1076,457,1695,40,0.24644984174863324,0.20691134838099282
31,1570219200,1092,2719,1627,3811,40,2.305716161001794,2.048720778801224
31,1570233600,442,594,152,1036,40,-0.2903674466036864,-0.3666956528699204
31,1570248000,134,74,0,208,40,-0.557896062438285,-1.0874036908604456
31,1570262400,108,157,49,265,40,-0.47165328496528947,-1.0377897317234168
31,1570276800,337,616,279,953,40,-0.06684024784714676,-0.4389405407361204
31,1570291200,501,788,287,1289,40,-0.05275979438216788,-0.14647930792837102
31,1570305600,642,765,123,1407,40,-0.34140909041423484,-0.04376970831136379
31,1570320000,400,543,143,943,40,-0.30620795675178764,-0.44764474409349386
31,1570334400,162,81,0,243,40,-0.557896062438285,-1.0569389791096384
31,1570348800,55,74,19,129,40,-0.5244549854589602,-1.1561668973836963
31,1570363200,241,523,282,764,40,-0.06156007779777968,-0.6034499841904795
31,1570377600,414,674,260,1088,40,-0.10028132482647159,-0.32143379541157824
31,1570392000,493,619,126,1112,40,-0.33612892036486774,-0.30054370735388186
31,1570406400,293,234,0,527,40,-0.557896062438285,-0.8097396037602312
31,1570420800,58,28,0,86,40,-0.557896062438285,-1.1935949718204022
31,1570435200,905,324,0,1229,40,-0.557896062438285,-0.198704528072612
31,1570449600,1568,1258,0,2826,40,-0.557896062438285,1.191356748099935
31,1570464000,483,859,376,1342,40,0.10388525041572211,-0.1003470301342915
31,1570478400,1056,2819,1763,3875,40,2.545083869906435,2.1044276802884143
31,1570492800,363,472,109,835,41,-0.3346067190041349,-0.4868349126771761
31,1570507200,91,41,0,132,41,-0.5496305201833783,-1.1333061351510372
31,1570521600,887,312,0,1199,41,-0.5496305201833783,-0.15210443617577435
31,1570536000,1470,1301,0,2771,41,-0.5496305201833783,1.2934898194841256
31,1570550400,547,1062,515,1609,41,0.46630762300295514,0.22492714449888146
31,1570564800,1082,2825,1743,3907,41,2.888777603260853,2.3381431747192694
31,1570579200,419,468,49,887,41,-0.45296844442390194,-0.43901627317697584
31,1570593600,93,45,0,138,41,-0.5496305201833783,-1.127788599824091
31,1570608000,763,305,0,1068,41,-0.5496305201833783,-0.27257062414743266
31,1570622400,1252,1186,0,2438,41,-0.5496305201833783,0.9872666088386124
31,1570636800,461,1048,587,1509,41,0.6083416935066756,0.13296822238311176
31,1570651200,946,2634,1688,3580,41,2.7802793549594,2.0374374994007027
31,1570665600,362,434,72,796,41,-0.4075964496796579,-0.5226988923023262
31,1570680000,93,48,0,141,41,-0.5496305201833783,-1.125029832160618
31,1570694400,832,318,0,1150,41,-0.5496305201833783,-0.1971643080125015
31,1570708800,1511,1359,0,2870,41,-0.5496305201833783,1.3845291523787375
31,1570723200,587,901,314,1488,41,0.06979584284673568,0.11365684873880012
31,1570737600,1075,2928,1853,4003,41,3.1057740998637593,2.4264237399504083
31,1570752000,495,605,110,1100,41,-0.3326340235804721,-0.24314376907038637
31,1570766400,104,46,0,150,41,-0.5496305201833783,-1.1167535291701987
31,1570780800,741,276,0,1017,41,-0.5496305201833783,-0.3194696744264752
31,1570795200,1119,1230,111,2349,41,-0.3306613281568094,0.9054231681555773
31,1570809600,668,1138,470,1806,41,0.3775363289381299,0.4060862210669478
31,1570824000,1070,2589,1519,3659,41,2.4468938283603894,2.1100850478721607
31,1570838400,470,544,74,1014,41,-0.4036510588323323,-0.32222844208994833
31,1570852800,133,67,0,200,41,-0.5496305201833783,-1.0707740681123137
31,1570867200,111,148,37,259,41,-0.4766407895078553,-1.0165183040640096
31,1570881600,304,641,337,945,41,0.11516783759097969,-0.3856800983498294
31,1570896000,499,702,203,1201,41,-0.14917334917983327,-0.15026525773345895
31,1570910400,644,676,32,1320,41,-0.48650426662616925,-0.040834140415693
31,1570924800,379,417,38,796,41,-0.4746680940841925,-0.5226988923023262
31,1570939200,112,70,0,182,41,-0.5496305201833783,-1.0873266740931524
31,1570953600,71,87,16,158,41,-0.5180673934047738,-1.109396815400937
31,1570968000,248,413,165,661,41,-0.22413577527901904,-0.6468434371586154
31,1570982400,390,623,233,1013,41,-0.08999248646994978,-0.32314803131110603
31,1570996800,496,658,162,1154,41,-0.2300538615500074,-0.19348595112787073
31,1571011200,375,302,0,677,41,-0.5496305201833783,-0.6321300096200922
31,1571025600,59,34,0,93,41,-0.5496305201833783,-1.1691701147761875
31,1571040000,496,243,0,739,41,-0.5496305201833783,-0.5751154779083151
31,1571054400,1043,977,0,2020,41,-0.5496305201833783,0.602878314394695
31,1571068800,553,750,197,1303,41,-0.16100952172181,-0.05646715717537385
31,1571083200,950,2018,1068,2968,41,1.5572081922884744,1.474648896052192
31,1571097600,360,356,0,716,42,-0.5136222267883956,-0.6015794974584068
31,1571112000,76,29,0,105,42,-0.5136222267883956,-1.1084682481952246
31,1571126400,872,315,0,1187,42,-0.5136222267883956,-0.21083546865801187
31,1571140800,1538,1243,0,2781,42,-0.5136222267883956,1.111555151103834
31,1571155200,587,903,316,1490,42,0.0080625405610378,0.04053489381867526
31,1571169600,983,2883,1900,3866,42,2.6230899819581976,2.011676746111113
31,1571184000,416,627,211,1043,42,-0.16528208150127394,-0.3302986112211899
31,1571198400,85,34,0,119,42,-0.5136222267883956,-1.0968537760015824
31,1571212800,854,327,0,1181,42,-0.5136222267883956,-0.2158130995981443
31,1571227200,1461,1407,0,2868,42,-0.5136222267883956,1.183730799735754
31,1571241600,564,1023,459,1587,42,0.24414140679828142,0.12100659401748269
31,1571256000,996,3511,2515,4507,42,3.6383941968945956,2.5434536515485933
31,1571270400,894,611,0,1505,42,-0.5136222267883956,0.05297897116900631
31,1571284800,94,45,0,139,42,-0.5136222267883956,-1.0802616728678076
31,1571299200,819,299,0,1118,42,-0.5136222267883956,-0.26807822446953466
31,1571313600,1494,1330,0,2824,42,-0.5136222267883956,1.1472281728414497
31,1571328000,596,983,387,1579,42,0.1252765230984105,0.1143697527639728
31,1571342400,1175,2831,1656,4006,42,2.220270098308635,2.1278214680475362
31,1571356800,456,644,188,1100,42,-0.2032528082387327,-0.28301111728993195
31,1571371200,94,52,0,146,42,-0.5136222267883956,-1.0744544367709865
31,1571385600,753,268,0,1021,42,-0.5136222267883956,-0.3485499246683421
31,1571400000,1199,1236,37,2435,42,-0.45253888377596196,0.8245117668895312
31,1571414400,628,1065,437,1693,42,0.20782158122332087,0.20894474062648877
31,1571428800,1074,2666,1592,3740,42,2.11461242390875,1.9071464963683322
31,1571443200,481,650,169,1131,42,-0.23461993032619866,-0.25729335743258114
31,1571457600,128,77,0,205,42,-0.5136222267883956,-1.025507732526351
31,1571472000,137,151,14,288,42,-0.49050961051342074,-0.9566505045211859
31,1571486400,350,570,220,920,42,-0.15042397103879007,-0.4323400454939045
31,1571500800,458,678,220,1136,42,-0.15042397103879007,-0.25314533164913744
31,1571515200,588,781,193,1369,42,-0.19499830242624167,-0.05984733014066184
31,1571529600,372,440,68,812,42,-0.40136094773851755,-0.521937402416288
31,1571544000,123,79,0,202,42,-0.5136222267883956,-1.0279965479964173
31,1571558400,77,77,0,154,42,-0.5136222267883956,-1.0678175955174767
31,1571572800,249,514,265,763,42,-0.07613341872637076,-0.5625880550940361
31,1571587200,439,709,270,1148,42,-0.06787891291387972,-0.24319006976887259
31,1571601600,489,533,44,1022,42,-0.44098257563847454,-0.3477203195116534
31,1571616000,248,190,0,438,42,-0.5136222267883956,-0.8322097310178754
31,1571630400,40,34,0,74,42,-0.5136222267883956,-1.1341860080525754
31,1571644800,830,303,0,1133,42,-0.5136222267883956,-0.2556341471192036
31,1571646803,273,15,0,288,42,-0.5136222267883956,-0.9566505045211859
31,1571659200,1431,1272,0,2703,42,-0.5136222267883956,1.0468459488821125
31,1571673600,522,848,326,1370,42,0.02457155218601987,-0.059017724983973105
31,1571688000,1083,2974,1891,4057,42,2.608231871495714,2.170131331038662
31,1571702400,422,463,41,885,43,-0.3984819752402456,-0.4526923081513209
31,1571716800,58,62,4,120,43,-0.46060486744764345,-1.0796591541749399
31,1571731200,949,295,0,1244,43,-0.46732085579438915,-0.15846865099775323
31,1571745600,1677,1314,0,2991,43,-0.46732085579438915,1.2733105385489951
31,1571760000,678,904,226,1582,43,-0.08786751420325638,0.11854415155908761
31,1571774400,960,3110,2150,4070,43,3.142522880581432,2.15762063901891
31,1571788800,374,529,155,903,43,-0.2070763073579928,-0.43794014706841217
31,1571803200,62,40,0,102,43,-0.46732085579438915,-1.0944113152578485
31,1571817600,860,307,0,1167,43,-0.46732085579438915,-0.22157511785241815
31,1571832000,1554,1361,0,2915,43,-0.46732085579438915,1.2110236361989362
31,1571846400,601,878,277,1479,43,-0.002238662782248539,0.0341290075846657
31,1571860800,1102,2979,1877,4081,43,2.6841566759160367,2.1666358485695763
31,1571875200,409,571,162,980,43,-0.1953233277511878,-0.37483368021374724
31,1571889600,55,49,0,104,43,-0.46732085579438915,-1.0927721862486366
31,1571904000,873,318,0,1191,43,-0.46732085579438915,-0.20190556974187324
31,1571918400,1467,1414,0,2881,43,-0.46732085579438915,1.183158443042331
31,1571932800,570,940,370,1510,43,0.15390806627958928,0.05953550722745288
31,1571947200,1138,2919,1781,4057,43,2.5229729555941396,2.1469663004590314
31,1571961600,535,585,50,1120,43,-0.38337100146006775,-0.26009464956890194
31,1571976000,78,60,0,138,43,-0.46732085579438915,-1.0649069930920312
31,1571990400,757,308,0,1065,43,-0.46732085579438915,-0.305170697322234
31,1572004800,1198,1258,60,2456,43,-0.36658103059320346,0.8348435285847648
31,1572019200,631,1138,507,1769,43,0.38393066715562996,0.2718027139204167
31,1572033600,1057,2757,1700,3814,43,2.386974191572539,1.9478121258397643
31,1572048000,490,624,134,1114,43,-0.2423352461784078,-0.26501203659653816
31,1572062400,149,59,0,208,43,-0.46732085579438915,-1.0075374777696087
31,1572076800,99,102,3,201,43,-0.4622838645343299,-1.013274429301851
31,1572091200,339,326,0,665,43,-0.46732085579438915,-0.6329964991646492
31,1572105600,527,525,0,1052,43,-0.46732085579438915,-0.3158250358821125
31,1572120000,616,692,76,1308,43,-0.33971707720622063,-0.1060165227029668
31,1572134400,436,277,0,713,43,-0.46732085579438915,-0.5936574029435594
31,1572148800,110,87,0,197,43,-0.46732085579438915,-1.016552687320275
31,1572163200,82,63,0,145,43,-0.46732085579438915,-1.0591700415597889
31,1572177600,268,282,14,550,43,-0.44381489658077916,-0.7272464171943436
31,1572192000,417,467,50,884,43,-0.38337100146006775,-0.4535118726559269
31,1572206400,445,451,6,896,43,-0.4572468732742706,-0.44367709860065446
31,1572220800,344,155,0,499,43,-0.46732085579438915,-0.7690442069292516
31,1572235200,58,32,0,90,43,-0.46732085579438915,-1.1042460893131212
31,1572249600,824,301,0,1125,43,-0.46732085579438915,-0.25599682704587173
31,1572264000,1501,1276,0,2777,43,-0.46732085579438915,1.097923734563303
31,1572278400,557,792,235,1349,43,-0.07275654042307853,-0.07241437801411924
31,1572292800,1080,2892,1812,3972,43,2.575021865281419,2.077303317567518
31,1572307200,424,398,0,822,44,-0.5489953082347304,-0.5401508888604154
31,1572321600,74,31,0,105,44,-0.5489953082347304,-1.136597722944276
31,1572336000,902,333,0,1235,44,-0.5489953082347304,-0.1965908575122503
31,1572350400,1582,1374,0,2956,44,-0.5489953082347304,1.2350479171855517
31,1572364800,532,919,387,1451,44,0.1182432927245267,-0.016908129252677248
31,1572379200,1060,3251,2191,4311,44,3.2285751690307283,2.3622242912212994
31,1572393600,437,536,99,973,44,-0.3783063638032926,-0.41453935197525094
31,1572408000,84,37,0,121,44,-0.5489953082347304,-1.1232878912213446
31,1572422400,898,270,0,1168,44,-0.5489953082347304,-0.25232577785202526
31,1572436800,1595,1375,0,2970,44,-0.5489953082347304,1.2466940199431167
31,1572451200,547,914,367,1461,44,0.08376067768787258,-0.008589484425845163
31,1572465600,1095,2978,1883,4073,44,2.697542897466255,2.1642405443426957
31,1572480000,430,556,126,986,44,-0.3317548335038095,-0.40372511370036923
31,1572494400,116,41,0,157,44,-0.5489953082347304,-1.0933407698447493
31,1572508800,869,283,0,1152,44,-0.5489953082347304,-0.26563560957495663
31,1572523200,1349,1318,0,2667,44,-0.5489953082347304,0.9946390816901044
31,1572537600,533,1125,592,1658,44,0.4716900968502314,0.15528781866274693
31,1572552000,976,2528,1552,3504,44,2.1268556186096292,1.69090965369595
31,1572566400,402,592,190,994,44,-0.22141046538651635,-0.39707019783890357
31,1572580800,110,110,0,220,44,-0.5489953082347304,-1.040933307435707
31,1572595200,729,302,0,1031,44,-0.5489953082347304,-0.36629121197962483
31,1572609600,1276,1264,0,2540,44,-0.5489953082347304,0.8889922923893369
31,1572624000,622,1095,473,1717,44,0.2665185373821394,0.20436782314105623
31,1572638400,1029,2732,1703,3761,44,2.387199362136368,1.9046988257455346
31,1572652800,452,600,148,1052,44,-0.29382395696349,-0.34882205784327747
31,1572667200,140,61,0,201,44,-0.5489953082347304,-1.056738732606688
31,1572681600,115,157,42,272,44,-0.4765818166577568,-0.9976763543361802
31,1572696000,321,570,249,891,44,-0.1196867510283867,-0.4827522395552741
31,1572710400,527,747,220,1274,44,-0.16968654283153517,-0.16414814268760516
31,1572724800,731,855,124,1586,44,-0.3352030950074749,0.09539357590955591
31,1572739200,385,349,0,734,44,-0.5489953082347304,-0.6133549633365378
31,1572750000,202,77,0,279,44,-0.5489953082347304,-0.9918533029573977
31,1572764400,51,49,0,100,44,-0.5489953082347304,-1.140757045357692
31,1572778800,175,384,209,559,44,-0.18865198110169493,-0.7589312478060993
31,1572793200,420,696,276,1116,44,-0.07313522072890365,-0.29558273095155213
31,1572807600,609,1154,545,1763,44,0.3906559515140942,0.24263358934448384
31,1572822000,355,397,42,752,44,-0.4765818166577568,-0.59838140264824
31,1572836400,101,66,0,167,44,-0.5489953082347304,-1.085022125017917
31,1572850800,364,154,0,518,44,-0.5489953082347304,-0.7930376915961108
31,1572865200,1942,1376,0,3318,44,-0.5489953082347304,1.5361828599168732
31,1572879600,520,679,159,1199,44,-0.2748585186933302,-0.2265379788888458
31,1572894000,1119,3019,1900,4138,44,2.726853120247411,2.218311735717104
31,1572908400,550,765,215,1315,44,-0.17830719659069869,-0.13004169889759362
31,1572922800,161,87,0,248,45,-0.49462948530065176,-0.9478660228436936
31,1572937200,376,142,0,518,45,-0.49462948530065176,-0.7274094586775741
31,1572951600,1855,1436,0,3291,45,-0.49462948530065176,1.5367611058877935
31,1572966000,463,763,300,1226,45,0.08377715180266262,-0.14932335708641647
31,1572980400,1102,2786,1684,3888,45,2.7521597709726198,2.02421506443288
31,1572994800,593,766,173,1359,45,-0.16108165790440715,-0.040728086589772436
31,1573009200,215,101,0,316,45,-0.49462948530065176,-0.8923436289055598
31,1573023600,360,150,0,510,45,-0.49462948530065176,-0.733941505023237
31,1573038000,1917,1491,0,3408,45,-0.49462948530065176,1.632292283693112
31,1573052400,471,663,192,1134,45,-0.12444923755453056,-0.22444189006153864
31,1573066800,1156,2859,1703,4015,45,2.7887921913224964,2.1279113001702767
31,1573081200,629,936,307,1565,45,0.09727330666840663,0.12747210681104462
31,1573095600,192,99,0,291,45,-0.49462948530065176,-0.9127562737357561
31,1573110000,339,164,0,503,45,-0.49462948530065176,-0.7396570455756919
31,1573124400,1802,1319,0,3121,45,-0.49462948530065176,1.397955121042459
31,1573138800,499,738,239,1237,45,-0.03383219774167797,-0.14034179336113012
31,1573153200,1082,2967,1885,4049,45,3.1396922178318403,2.1556724971393435
31,1573167600,606,935,329,1541,45,0.13968979338931634,0.10787596777405623
31,1573182000,195,94,0,289,45,-0.49462948530065176,-0.9143892853221718
31,1573196400,313,161,0,474,45,-0.49462948530065176,-0.7633357135787195
31,1573210800,1522,1382,0,2904,45,-0.49462948530065176,1.2207733639163556
31,1573225200,564,871,307,1435,45,0.09727330666840663,0.02132635369402415
31,1573239600,1067,2725,1658,3792,45,2.7020311957569993,1.945830508284926
31,1573254000,553,841,288,1394,45,0.06064088631853005,-0.012150383827497694
31,1573268400,192,239,47,431,45,-0.4040124454877992,-0.7984454626866571
31,1573282800,75,56,0,131,45,-0.49462948530065176,-1.043397200649012
31,1573297200,271,325,54,596,45,-0.3905162906220552,-0.6637220068073618
31,1573311600,467,534,67,1001,45,-0.3654520030142449,-0.33303716055818267
31,1573326000,684,607,0,1291,45,-0.49462948530065176,-0.09625048052790623
31,1573340400,459,395,0,854,45,-0.49462948530065176,-0.4530635121597366
31,1573354800,204,111,0,315,45,-0.49462948530065176,-0.8931601346987676
31,1573369200,53,39,0,92,45,-0.49462948530065176,-1.075240926584118
31,1573383600,224,282,58,506,45,-0.38280420212734434,-0.7372075281960684
31,1573398000,428,442,14,870,45,-0.4676371755691638,-0.439999419468411
31,1573412400,595,515,0,1110,45,-0.49462948530065176,-0.24403802909852704
31,1573426800,420,282,0,702,45,-0.49462948530065176,-0.5771723927273298
31,1573441200,114,53,0,167,45,-0.49462948530065176,-1.0140029920935294
31,1573455600,225,140,0,365,45,-0.49462948530065176,-0.8523348450383752
31,1573470000,1477,1029,0,2506,45,-0.49462948530065176,0.8958040582196313
31,1573484400,464,748,284,1212,45,0.052928797823819186,-0.16075443819132637
31,1573498800,1110,2266,1156,3376,45,1.7341640896707864,1.6061640983104606
31,1573513200,555,585,30,1140,45,-0.43678882159032034,-0.21954285530229156
31,1573527600,183,61,0,244,46,-0.5157150387977335,-0.9607474934759366
31,1573542000,326,153,0,479,46,-0.5157150387977335,-0.7845699934646498
31,1573556400,2095,1442,0,3537,46,-0.5157150387977335,1.5079865811503057
31,1573570800,478,716,238,1194,46,-0.11711552377243824,-0.24854057853669262
31,1573585200,1072,2984,1912,4056,46,2.6864793844306893,1.897076464153956
31,1573599600,581,853,272,1434,46,-0.06017273591168176,-0.06861462107835732
31,1573614000,206,82,0,288,46,-0.5157150387977335,-0.9277610679419084
31,1573628400,343,141,0,484,46,-0.5157150387977335,-0.7808215360176012
31,1573642800,2049,1333,0,3382,46,-0.5157150387977335,1.3917844002917976
31,1573657200,473,668,195,1141,46,-0.1891314025375126,-0.2882742274754083
31,1573671600,1102,2971,1869,4073,46,2.614463505665615,1.9098212194739212
31,1573686000,584,812,228,1396,46,-0.13386340255501367,-0.09710289767592707
31,1573700400,180,73,0,253,46,-0.5157150387977335,-0.954000270071249
31,1573714800,328,160,0,488,46,-0.5157150387977335,-0.7778227700599624
31,1573729200,1987,1283,0,3270,46,-0.5157150387977335,1.3078189534779079
31,1573743600,497,742,245,1239,46,-0.10539200862463544,-0.21480446151325475
31,1573758000,1056,3000,1944,4056,46,2.7400725965349304,1.897076464153956
31,1573772400,662,927,265,1589,46,-0.07189625105948456,0.047587559780150904
31,1573786800,239,81,0,320,46,-0.5157150387977335,-0.9037709402807971
31,1573801200,325,141,0,466,46,-0.5157150387977335,-0.7943159828269764
31,1573815600,1600,1350,0,2950,46,-0.5157150387977335,1.067917676866794
31,1573830000,1792,1023,0,2815,46,-0.5157150387977335,0.9667093257964804
31,1573844400,1137,2711,1574,3848,46,2.1204010815796397,1.741140634356732
31,1573858800,659,830,171,1489,46,-0.22932631161569364,-0.02738158916082214
31,1573873200,221,165,0,386,46,-0.5157150387977335,-0.8542913019797548
31,1573887600,70,88,18,158,46,-0.4855688569890978,-1.0252209615651733
31,1573902000,234,479,245,713,46,-0.10539200862463544,-0.609142184942773
31,1573916400,391,829,438,1220,46,0.21784205187907044,-0.22904859981203962
31,1573930800,727,808,81,1535,46,-0.38005722065887254,0.007104219352025459
31,1573945200,457,493,36,950,46,-0.455422675180462,-0.43146530195266686
31,1573959600,191,165,0,356,46,-0.5157150387977335,-0.8767820466620467
31,1573974000,40,43,3,83,46,-0.510690675162961,-1.081447823270903
31,1573988400,169,328,159,497,46,-0.24942376615478418,-0.7710755466552748
31,1574002800,341,596,255,937,46,-0.08864412984206001,-0.44121129131499337
31,1574017200,564,702,138,1266,46,-0.2845943115981926,-0.19456279129919202
31,1574031600,375,282,0,657,46,-0.5157150387977335,-0.6511249083497179
31,1574046000,84,63,0,147,46,-0.5157150387977335,-1.0334675679486804
31,1574060400,298,134,0,432,46,-0.5157150387977335,-0.8198054934669072
31,1574074800,2220,1339,0,3559,46,-0.5157150387977335,1.5244797939173198
31,1574089200,473,663,190,1136,46,-0.19750534192880032,-0.292022684922457
31,1574103600,1046,3209,2163,4255,46,3.1068511418733324,2.046265070546492
31,1574118000,500,794,294,1294,46,-0.02332740259001581,-0.17357142959571958
31,1574132400,129,84,0,213,47,-0.5164939727298238,-1.0202183170781085
31,1574146800,338,149,0,487,47,-0.5164939727298238,-0.8060688032385526
31,1574161200,2115,1481,0,3596,47,-0.5164939727298238,1.6238247680285254
31,1574175600,1566,736,0,2302,47,-0.5164939727298238,0.6124763340563162
31,1574190000,1013,3015,2002,4028,47,2.9615176149125113,1.961461957731767
31,1574204400,611,840,229,1451,47,-0.11865948043706917,-0.05263766695631924
31,1574218800,159,138,0,297,47,-0.5164939727298238,-0.9545666413024781
31,1574233200,361,163,0,524,47,-0.5164939727298238,-0.7771508031945249
31,1574247600,2420,1372,0,3792,47,-0.5164939727298238,1.777012011504996
31,1574262000,472,819,347,1291,47,0.08633820554784369,-0.17768847795751977
31,1574276400,1041,2953,1912,3994,47,2.805163447635883,1.9348886603940116
31,1574290800,630,963,333,1593,47,0.06201644619370148,0.05834492780724625
31,1574305200,186,98,0,284,47,-0.5164939727298238,-0.9647270196963257
31,1574319600,302,188,0,490,47,-0.5164939727298238,-0.80372410053228
31,1574334000,1994,1430,0,3424,47,-0.5164939727298238,1.489395146202235
31,1574348400,485,683,198,1168,47,-0.17251480472124117,-0.2738212889146927
31,1574362800,1070,2834,1764,3904,47,2.548047705892094,1.8645475792058364
31,1574377200,663,1049,386,1712,47,0.15409167803438267,0.15135146848938916
31,1574391600,217,128,0,345,47,-0.5164939727298238,-0.917051398002118
31,1574406000,334,162,0,496,47,-0.5164939727298238,-0.799034695119735
31,1574420400,1616,1274,0,2890,47,-0.5164939727298238,1.0720380644857281
31,1574434800,549,903,354,1452,47,0.0984990852249148,-0.051856099387561735
31,1574449200,1100,2800,1700,3900,47,2.436862520273158,1.8614213089308065
31,1574463600,654,816,162,1470,47,-0.23505647163189256,-0.03778788314992667
31,1574478000,217,169,0,386,47,-0.5164939727298238,-0.8850071276830603
31,1574492400,70,73,3,143,47,-0.5112821671539362,-1.0749280468911337
31,1574506800,243,395,152,638,47,-0.2524291568848513,-0.6880521003561695
31,1574521200,453,679,226,1132,47,-0.12387128601295679,-0.3019577213899628
31,1574535600,702,769,67,1471,47,-0.40009698153500034,-0.037006315581169166
31,1574550000,473,472,0,945,47,-0.5164939727298238,-0.44811085674761597
31,1574564400,179,201,22,380,47,-0.4782740651733146,-0.8896965330956054
31,1574578800,52,49,0,101,47,-0.5164939727298238,-1.1077538847789488
31,1574593200,188,297,109,485,47,-0.32713170347257375,-0.8076319383760675
31,1574607600,351,519,168,870,47,-0.22463286048011732,-0.5067284244044287
31,1574622000,505,696,191,1201,47,-0.18467568439831228,-0.24802955914569508
31,1574636400,332,258,0,590,47,-0.5164939727298238,-0.7255673436565296
31,1574650800,80,58,0,138,47,-0.5164939727298238,-1.078835884734921
31,1574665200,305,162,0,467,47,-0.5164939727298238,-0.8217001546137026
31,1574674620,1699,487,0,2186,47,-0.5164939727298238,0.5218144960804457
31,1574679600,1206,1375,169,2581,47,-0.22289559195482145,0.8305336857396596
31,1574694000,483,834,351,1317,47,0.09328727964902718,-0.1573677211698247
31,1574708400,1018,2874,1856,3892,47,2.7078764102193142,1.8551687683807463
31,1574722800,590,673,83,1263,47,-0.37230068513026643,-0.1995723698827299
31,1574737200,121,81,0,202,48,-0.5190640780121387,-0.9533076578116281
31,1574751600,334,150,0,484,48,-0.5190640780121387,-0.6808485979645944
31,1574766000,1953,1341,0,3294,48,-0.5190640780121387,2.0340803317168406
31,1574780400,533,766,233,1299,48,-0.010344892491178334,0.10657740833091081
31,1574794800,1052,2933,1881,3985,48,3.5878062566012794,2.7017016450299622
31,1574809200,624,862,238,1486,48,0.00057182822815558,0.2872506146833764
31,1574823600,148,84,0,232,48,-0.5190640780121387,-0.9243226514449223
31,1574838000,282,175,0,457,48,-0.5190640780121387,-0.7069351036946295
31,1574852400,1266,1066,0,2332,48,-0.5190640780121387,1.1046277942244775
31,1574866800,629,1464,835,2093,48,1.304028282116625,0.873713910169722
31,1574881200,998,2412,1414,3410,48,2.568184541415492,2.146155689668103
31,1574895600,488,781,293,1269,48,0.12065575614082862,0.0775924019642051
31,1574910000,167,113,0,280,48,-0.5190640780121387,-0.8779466412581932
31,1574924400,115,106,0,221,48,-0.5190640780121387,-0.9349504871127144
31,1574938800,337,602,265,939,48,0.05952212011255871,-0.24124266806955774
31,1574953200,475,1278,803,1753,48,1.2341612695128878,0.5452171713470573
31,1574967600,333,554,221,887,48,-0.03654502221757972,-0.29148334577184765
31,1574982000,443,379,0,822,48,-0.5190640780121387,-0.35428419289971
31,1574996400,267,82,0,349,48,-0.5190640780121387,-0.81128112661477
31,1575010800,96,189,93,285,48,-0.31601307263252787,-0.8731158068637422
31,1575025200,450,672,222,1122,48,-0.03436167807371294,-0.06443412923265289
31,1575039600,749,936,187,1685,48,-0.11077872310905033,0.4795178235825243
31,1575054000,1053,1109,56,2162,48,-0.39679680595559885,0.9403794248131452
31,1575068400,709,476,0,1185,48,-0.5190640780121387,-0.003565615862570899
31,1575082800,246,115,0,361,48,-0.5190640780121387,-0.7996871240680878
31,1575097200,49,58,9,107,48,-0.4994139807173376,-1.045093511306196
31,1575111600,202,369,167,571,48,-0.154445605986386,-0.5967920795011478
31,1575126000,459,684,225,1143,48,-0.027811645642112595,-0.044144624775958895
31,1575140400,692,685,0,1377,48,-0.5190640780121387,0.18193842488434567
31,1575154800,535,430,0,965,48,-0.5190640780121387,-0.2161223292184128
31,1575169200,146,117,0,263,48,-0.5190640780121387,-0.8943714781993265
31,1575183600,34,42,8,76,48,-0.5015973248612045,-1.075044684551792
31,1575198000,174,248,74,422,48,-0.35749661136599675,-0.7407509444557862
31,1575212400,358,575,217,933,48,-0.045278398793046855,-0.2470396693428989
31,1575226800,456,582,126,1038,48,-0.24396271588492408,-0.14559214705942888
31,1575241200,273,253,0,526,48,-0.5190640780121387,-0.6402695890512063
31,1575255600,65,39,0,104,48,-0.5190640780121387,-1.0479920119428667
31,1575270000,309,142,0,451,48,-0.5190640780121387,-0.7127321049679707
31,1575284400,1738,1235,0,2973,48,-0.5190640780121387,1.7239407635930895
31,1575298800,470,901,431,1371,48,0.4219572479944446,0.17614142361100452
31,1575313200,984,2868,1884,3852,48,3.5943562890328797,2.573201450137567
31,1575327600,528,631,103,1159,48,-0.2941796311938601,-0.02868595471371585
31,1575342000,92,94,2,186,49,-0.5557380981277901,-1.0370339900263887
31,1575356400,353,171,0,524,49,-0.5591698411435024,-0.7768867109591575
31,1575370800,2119,1399,0,3518,49,-0.5591698411435024,1.5274948083523523
31,1575385200,453,726,273,1179,49,-0.09073691949877398,-0.2727551494531325
31,1575399600,1089,2973,1884,4062,49,2.673532079657481,1.9461933876794937
31,1575414000,576,953,377,1529,49,0.08771371731826542,-0.003371872312508425
31,1575428400,143,104,0,247,49,-0.5591698411435024,-0.9900843331533086
31,1575442800,374,152,0,526,49,-0.5591698411435024,-0.7753473779469253
31,1575457200,2046,1372,0,3418,49,-0.5591698411435024,1.4505281577407454
31,1575471600,564,769,205,1333,49,-0.20741618203299203,-0.1542265075112579
31,1575486000,1169,2986,1817,4155,49,2.558568688631119,2.017772372748288
31,1575500400,607,896,289,1503,49,-0.0632829753730756,-0.023383201471526213
31,1575514800,201,151,0,352,49,-0.5591698411435024,-0.9092693500111213
31,1575529200,356,145,0,501,49,-0.5591698411435024,-0.794589040599827
31,1575543600,1954,1394,0,3348,49,-0.5591698411435024,1.3966515023126207
31,1575558000,480,783,303,1263,49,-0.03926077426308953,-0.20810316293938272
31,1575572400,1063,2965,1902,4028,49,2.7044177667988913,1.9200247264715473
31,1575586800,625,976,351,1601,49,0.04310105811400558,0.052044116127848525
31,1575601200,184,172,0,356,49,-0.5591698411435024,-0.906190683986657
31,1575615600,302,137,0,439,49,-0.5591698411435024,-0.8423083639790233
31,1575630000,1703,1290,0,2993,49,-0.5591698411435024,1.1234198926414163
31,1575644400,612,857,245,1469,49,-0.13878132171874613,-0.04955186267947255
31,1575658800,1060,2730,1670,3790,49,2.3063355769762652,1.736844098015923
31,1575673200,602,792,190,1394,49,-0.23315425465083425,-0.1072768506381777
31,1575687600,193,198,5,391,49,-0.5505904836042217,-0.8792523562725947
31,1575702000,51,98,47,149,49,-0.47852388027426346,-1.0655116507526832
31,1575716400,249,600,351,849,49,0.04310105811400558,-0.5267450964714352
31,1575730800,482,971,489,1453,49,0.279891326198154,-0.06186652677732965
31,1575745200,807,971,164,1778,49,-0.2777669138550941,0.1882750877103927
31,1575759600,516,591,75,1107,49,-0.4304794780542913,-0.32817113789348945
31,1575774000,151,163,12,314,49,-0.5385793830492286,-0.9385166772435319
31,1575788400,41,46,5,87,49,-0.5505904836042217,-1.1132309741318795
31,1575802800,198,391,193,589,49,-0.22800664012726582,-0.7268583880616131
31,1575817200,420,711,291,1131,49,-0.05985123235736331,-0.30969914174670377
31,1575831600,646,673,27,1319,49,-0.5128413104313864,-0.16500183859688286
31,1575846000,399,360,0,759,49,-0.5591698411435024,-0.5960150820218814
31,1575860400,102,67,0,169,49,-0.5591698411435024,-1.050118320630362
31,1575874800,337,118,0,455,49,-0.5591698411435024,-0.8299936998811662
31,1575889200,2183,1167,0,3350,49,-0.5591698411435024,1.3981908353248527
31,1575903600,498,741,243,1239,49,-0.1422130647344584,-0.22657515908616835
31,1575918000,1061,3106,2045,4167,49,2.9497873924223206,2.027008370821681
31,1575932400,575,807,232,1382,49,-0.16108765132087605,-0.11651284871157053
31,1575946800,139,85,0,224,50,-0.5956995676798538,-1.0354768462031005
31,1575961200,339,156,0,495,50,-0.5956995676798538,-0.8201127993600911
31,1575975600,2095,1434,0,3529,50,-0.5956995676798538,1.5910108837457784
31,1575990000,511,767,256,1278,50,-0.09117323828294255,-0.1978616972269679
31,1576004400,1087,2824,1737,3911,50,2.827590409517157,1.8945867726536365
31,1576018800,627,890,263,1517,50,-0.07737759646349576,-0.00792809133959058
31,1576033200,144,112,0,256,50,-0.5956995676798538,-1.0100464052474685
31,1576047600,344,162,0,506,50,-0.5956995676798538,-0.8113710852815925
31,1576062000,1972,1439,0,3411,50,-0.5956995676798538,1.4972361327218848
31,1576076400,511,850,339,1361,50,0.07240365757621224,-0.13190149099829712
31,1576090800,1109,2510,1401,3619,50,2.1653996021837107,1.6625339989334935
31,1576105200,630,788,158,1418,50,-0.2843122237551976,-0.08660351804607742
31,1576119600,156,97,0,253,50,-0.5956995676798538,-1.012430509087059
31,1576134000,337,150,0,487,50,-0.5956995676798538,-0.8264704095989991
31,1576148400,2049,1426,0,3475,50,-0.5956995676798538,1.5480970146331492
31,1576162800,510,686,176,1196,50,-0.24883771621947728,-0.2630272021757752
31,1576177200,1150,2795,1645,3945,50,2.6462762598901417,1.9216066161689958
31,1576191600,646,1042,396,1688,50,0.18473959810599325,0.1279658275170685
31,1576206000,195,130,0,325,50,-0.5956995676798538,-0.9552120169368866
31,1576220400,306,162,0,468,50,-0.5956995676798538,-0.8415697339164057
31,1576234800,1566,1241,0,2807,50,-0.5956995676798538,1.017236559684329
31,1576249200,620,880,260,1500,50,-0.08329001438611582,-0.02143801309727014
31,1576263600,1113,2795,1682,3908,50,2.719196080935789,1.892202668814046
31,1576278000,594,1026,432,1620,50,0.25568861317743385,0.07392614048635027
31,1576292400,224,202,0,426,50,-0.5956995676798538,-0.8749471876706728
31,1576306800,56,77,21,133,50,-0.5543126422215133,-1.1077946626706794
31,1576321200,234,493,259,727,50,-0.0852608203603225,-0.6357421024317583
31,1576335600,512,880,368,1392,50,0.12955703082820608,-0.10726575132252851
31,1576350000,751,888,137,1639,50,-0.325699149213538,0.08902546480375684
31,1576364400,473,666,193,1139,50,-0.21533401465796367,-0.30832517512799484
31,1576378800,193,179,0,372,50,-0.5956995676798538,-0.917861056783302
31,1576393200,37,52,15,89,50,-0.5661374780667534,-1.1427615189846734
31,1576407600,156,415,259,571,50,-0.0852608203603225,-0.7597155020904648
31,1576422000,435,756,321,1191,50,0.03692915004049192,-0.26700070857509267
31,1576436400,680,838,158,1518,50,-0.2843122237551976,-0.007133390059727076
31,1576450800,442,523,81,965,50,-0.43606428376911227,-0.44660319782424446
31,1576465200,116,71,0,187,50,-0.5956995676798538,-1.0648807935580502
31,1576479600,365,160,0,525,50,-0.5956995676798538,-0.796271760964186
31,1576494000,1938,1352,0,3290,50,-0.5956995676798538,1.401077277858401
31,1576508400,500,786,286,1286,50,-0.032049059056742026,-0.19150408698805987
31,1576522800,1175,2863,1688,4038,50,2.7310209167810293,1.9955138351963015
31,1576537200,642,806,164,1448,50,-0.2724873879099575,-0.06276247965017231
31,1576551600,121,83,0,204,51,-0.5716261584145618,-1.0743714208550712
31,1576566000,340,157,0,497,51,-0.5716261584145618,-0.8342694558129845
31,1576580400,2087,1279,0,3366,51,-0.5716261584145618,1.5167630960837621
31,1576594800,522,829,307,1351,51,0.053473297661882926,-0.13445007647529827
31,1576609200,1167,2895,1728,4062,51,2.946848955918,2.0871076956376613
31,1576623600,680,978,298,1658,51,0.03514790644140083,0.11712433740838986
31,1576638000,145,110,0,255,51,-0.5716261584145618,-1.0325789286463802
31,1576652400,368,123,0,491,51,-0.5716261584145618,-0.8391862196022423
31,1576666800,1928,1369,0,3297,51,-0.5716261584145618,1.4602203125072981
31,1576681200,597,837,240,1434,51,-0.08294905920170598,-0.06643484405723275
31,1576695600,1210,2990,1780,4200,51,3.0527289940807854,2.2001932627905894
31,1576710000,690,1032,342,1722,51,0.12473870796375773,0.16956981782713917
31,1576724400,161,125,0,286,51,-0.5716261584145618,-1.0071756490685486
31,1576738800,309,157,0,466,51,-0.5716261584145618,-0.8596727353908161
31,1576753200,2015,1253,0,3268,51,-0.5716261584145618,1.4364559541925523
31,1576767600,544,734,190,1278,51,-0.18475678820438426,-0.19427070257793422
31,1576782000,1171,2905,1734,4076,51,2.9590658833983214,2.098580144479263
31,1576796400,669,1101,432,1770,51,0.30799262016857865,0.20890392814120115
31,1576810800,165,147,0,312,51,-0.5716261584145618,-0.9858696726484317
31,1576825200,316,143,0,459,51,-0.5716261584145618,-0.8654089598116169
31,1576839600,1434,1118,0,2552,51,-0.5716261584145618,0.8497221420077944
31,1576854000,637,877,240,1514,51,-0.08294905920170598,-0.0008779935337961064
31,1576868400,1172,2524,1352,3696,51,2.1812548338178592,1.7871851044929385
31,1576882800,703,836,133,1539,51,-0.3008175992674375,0.019608522254777844
31,1576897200,190,191,1,381,51,-0.5695900038345082,-0.9293268890719676
31,1576911600,56,96,40,152,51,-0.49017997521241913,-1.116983373695305
31,1576926000,174,558,384,732,51,0.21025720032600748,-0.6416962074003894
31,1576940400,526,919,393,1445,51,0.22858259154648958,-0.05742077711026022
31,1576954800,828,892,64,1720,51,-0.44131226529113354,0.16793089656405324
31,1576969200,582,672,90,1254,51,-0.38837224620974087,-0.2139377577349652
31,1576983600,196,164,0,360,51,-0.5716261584145618,-0.9465355623343698
31,1576998000,32,47,15,79,51,-0.5410838397137583,-1.176803999797941
31,1577012400,132,401,269,533,51,-0.023900576380152576,-0.8047688730774379
31,1577026800,435,829,394,1264,51,0.23061874612654315,-0.2057431514195356
31,1577041200,778,770,0,1548,51,-0.5716261584145618,0.02698366793866447
31,1577055600,570,441,0,1011,51,-0.5716261584145618,-0.413066691199904
31,1577070000,171,81,0,252,51,-0.5716261584145618,-1.0350373105410091
31,1577084400,258,148,0,406,51,-0.5716261584145618,-0.9088403732833936
31,1577098800,1158,958,0,2116,51,-0.5716261584145618,0.49243730665506463
31,1577113200,641,923,282,1564,51,0.00256943316054378,0.0400950380433518
31,1577127600,1248,2331,1083,3579,51,1.63352925178345,1.6913082106024124
31,1577142000,782,702,0,1484,51,-0.5716261584145618,-0.025461812480084847
31,1577156400,200,137,0,337,52,-0.7357746895757538,-0.7507827282935113
31,1577170800,193,138,0,331,52,-0.7357746895757538,-0.7584714373865191
31,1577185200,605,835,230,1440,52,0.27523924508945935,0.662658293304422
31,1577199600,688,1261,573,1949,52,1.7829687215684513,1.3149171146945837
31,1577214000,1013,1090,77,2103,52,-0.3973048071008781,1.5122606480817837
31,1577228400,330,379,49,709,52,-0.5203847643644692,-0.2740827645270279
31,1577242800,71,67,0,138,52,-0.7357746895757538,-1.00579157987827
31,1577257200,18,43,25,61,52,-0.6258818705904046,-1.10446334657187
31,1577271600,100,276,176,376,52,0.03787075608110497,-0.7008061191889606
31,1577286000,191,495,304,686,52,0.6005219892860931,-0.3035561493835578
31,1577300400,207,435,228,642,52,0.2664478195706314,-0.359940016065615
31,1577314800,176,249,73,425,52,-0.41488765813853395,-0.638014994929397
31,1577329200,60,82,22,142,52,-0.6390690088686465,-1.0006657738162648
31,1577343600,186,150,0,336,52,-0.7357746895757538,-0.7520641798090126
31,1577358000,786,663,0,1449,52,-0.7357746895757538,0.6741913569439337
31,1577372400,546,928,382,1474,52,0.9433875845203828,0.7062276448314663
31,1577386800,937,1657,720,2594,52,2.429138497202305,2.141453342192922
31,1577401200,593,629,36,1222,52,-0.5775290302368509,0.38330186292513874
31,1577415600,140,111,0,251,52,-0.7357746895757538,-0.8609875586266231
31,1577427692,16,68,52,84,52,-0.5071976260862273,-1.0749899617153402
31,1577430000,205,115,0,320,52,-0.7357746895757538,-0.7725674040570334
31,1577434207,25,152,127,177,52,-0.1775191691301796,-0.9558149707737192
31,1577444400,757,626,0,1383,52,-0.7357746895757538,0.589615556920848
31,1577458800,546,902,356,1448,52,0.8290990527756196,0.6729099054284324
31,1577473200,956,1782,826,2738,52,2.895084049700186,2.325982360425109
31,1577487600,542,638,96,1180,52,-0.31378626467201265,0.3294808992740842
