remote_unit_id,time_stamp,entries,exits,num_people_exited,sum_exit_entry,week_num,z_score_num_people_exited,z_score_sum_exit_entry
300,1546311600,471,290,0,761,1,-0.31086105951315895,-0.24468938268156526
300,1546326000,128,62,0,190,1,-0.31086105951315895,-1.035757160447715
300,1546340400,154,168,14,322,1,0.014381472504167485,-0.8528833484247171
300,1546354800,478,417,0,895,1,-0.31086105951315895,-0.05904475532488563
300,1546369200,583,584,1,1167,1,-0.2876294500833499,0.31778613005583717
300,1546383600,370,372,2,742,1,-0.2643978406535409,-0.2710121283515422
300,1546398000,102,80,0,182,1,-0.31086105951315895,-1.046840421782442
300,1546412400,114,128,14,242,1,0.014381472504167485,-0.9637159617719886
300,1546426800,1188,733,0,1921,1,-0.31086105951315895,1.3623835108538702
300,1546441200,609,597,0,1206,1,-0.31086105951315895,0.371817029062632
300,1546455600,1077,1122,45,2199,1,0.7345613648282474,1.7475268422356383
300,1546470000,674,615,0,1289,1,-0.31086105951315895,0.4868058654104261
300,1546484400,140,46,0,186,1,-0.31086105951315895,-1.0412987911150786
300,1546498800,110,115,5,225,1,-0.19470301236411378,-0.9872678921082837
300,1546513200,1381,738,0,2119,1,-0.31086105951315895,1.6366942288883668
300,1546527600,613,572,0,1185,1,-0.31086105951315895,0.34272346805897325
300,1546542000,1100,1163,63,2263,1,1.1527303345648099,1.8361929329134554
300,1546556400,724,842,118,1566,1,2.4304688532043066,0.8705637891253534
300,1546570800,174,45,0,219,1,-0.31086105951315895,-0.9955803381093291
300,1546585200,121,118,0,239,1,-0.31086105951315895,-0.9678721847725112
300,1546599600,1305,782,0,2087,1,-0.31086105951315895,1.5923611835494582
300,1546614000,660,556,0,1216,1,-0.31086105951315895,0.3856711057310409
300,1546628400,1163,1413,250,2576,1,5.497041297939099,2.269825532634655
300,1546642800,799,849,50,1648,1,0.8507194119772926,0.9841672178063066
300,1546657200,322,58,0,380,1,-0.31086105951315895,-0.7725297037479454
300,1546671600,81,41,0,122,1,-0.31086105951315895,-1.1299648817928958
300,1546686000,245,150,0,395,1,-0.31086105951315895,-0.751748588745332
300,1546700400,495,350,0,845,1,-0.31086105951315895,-0.12831513866693026
300,1546714800,622,311,0,933,1,-0.31086105951315895,-0.006399263984931705
300,1546729200,408,285,0,693,1,-0.31086105951315895,-0.33889710402674594
300,1546743600,297,73,0,370,1,-0.31086105951315895,-0.7863837804163543
300,1546758000,73,44,0,117,1,-0.31086105951315895,-1.1368919201271002
300,1546772400,169,156,0,325,1,-0.31086105951315895,-0.8487271254241945
300,1546786800,425,311,0,736,1,-0.31086105951315895,-0.27932457435258756
300,1546801200,504,228,0,732,1,-0.31086105951315895,-0.28486620501995114
300,1546815600,327,143,0,470,1,-0.31086105951315895,-0.647843013732265
300,1546830000,110,32,0,142,1,-0.31086105951315895,-1.1022567284560778
300,1546844400,110,98,0,208,1,-0.31086105951315895,-1.010819822444579
300,1546858800,1404,694,0,2098,1,-0.31086105951315895,1.6076006678847081
300,1546873200,535,448,0,983,1,-0.31086105951315895,0.06287111935711293
300,1546887600,1040,974,0,2014,1,-0.31086105951315895,1.4912264238700732
300,1546902000,608,564,0,1172,1,-0.31086105951315895,0.32471316839004166
300,1546916400,165,72,0,237,2,-0.4813428077033386,-1.1952040588599688
300,1546930800,121,101,0,222,2,-0.4813428077033386,-1.2140073690630349
300,1546945200,1449,806,0,2255,2,-0.4813428077033386,1.334467940459185
300,1546959600,513,571,58,1084,2,0.7917854002937654,-0.13344380939350534
300,1546974000,1115,1182,67,2297,2,0.9893397773967643,1.38711720902777
300,1546988400,676,787,111,1463,2,1.9551611765669812,0.3416531617372971
300,1547002800,142,90,0,232,2,-0.4813428077033386,-1.2014718289276574
300,1547017200,137,133,0,270,2,-0.4813428077033386,-1.1538367764132234
300,1547031600,1512,722,0,2234,2,-0.4813428077033386,1.3081433061748924
300,1547046000,614,528,0,1142,2,-0.4813428077033386,-0.06073767660831657
300,1547060400,1174,1154,0,2328,2,-0.4813428077033386,1.4259773834474399
300,1547074800,779,862,83,1641,2,1.3405475589132068,0.5647857761470143
300,1547089200,216,119,0,335,2,-0.4813428077033386,-1.0723557655332705
300,1547103600,132,110,0,242,2,-0.4813428077033386,-1.18893628879228
300,1547118000,1526,770,0,2296,2,-0.4813428077033386,1.3858636550142323
300,1547132400,573,550,0,1123,2,-0.4813428077033386,-0.08455520286553357
300,1547146800,1164,1297,133,2461,2,2.4380718761520894,1.5927000672479588
300,1547161200,885,991,106,1876,2,1.845408744843093,0.8593709693283825
300,1547175600,224,121,0,345,2,-0.4813428077033386,-1.0598202253978932
300,1547190000,125,123,0,248,2,-0.4813428077033386,-1.1814149647110537
300,1547204400,1431,837,0,2268,2,-0.4813428077033386,1.3507641426351755
300,1547218800,660,598,0,1258,2,-0.4813428077033386,0.08467458896206095
300,1547233200,1192,1335,143,2527,2,2.6575767395998664,1.6754346321414495
300,1547247600,926,1094,168,2020,2,3.206338898219308,1.0398827472778167
300,1547262000,417,250,0,667,2,-0.4813428077033386,-0.6561758330387417
300,1547276400,91,58,0,149,2,-0.4813428077033386,-1.3055168120512897
300,1547290800,318,292,0,610,2,-0.4813428077033386,-0.7276284118103927
300,1547305200,693,579,0,1272,2,-0.4813428077033386,0.10222434515158928
300,1547319600,940,835,0,1775,2,-0.4813428077033386,0.7327620139610711
300,1547334000,765,682,0,1447,2,-0.4813428077033386,0.3215962975206933
300,1547348400,474,269,0,743,2,-0.4813428077033386,-0.5609057280098737
300,1547362800,101,50,0,151,2,-0.4813428077033386,-1.3030097040242141
300,1547377200,242,213,0,455,2,-0.4813428077033386,-0.9219292839087421
300,1547391600,628,534,0,1162,2,-0.4813428077033386,-0.03566659633756182
300,1547406000,720,551,0,1271,2,-0.4813428077033386,0.10097079113805153
300,1547420400,537,313,0,850,2,-0.4813428077033386,-0.4267754485613358
300,1547434800,127,78,0,205,2,-0.4813428077033386,-1.2353177872931764
300,1547449200,136,110,0,246,2,-0.4813428077033386,-1.1839220727381292
300,1547463600,1427,807,0,2234,2,-0.4813428077033386,1.3081433061748924
300,1547478000,538,464,0,1002,2,-0.4813428077033386,-0.2362352385035998
300,1547492400,1064,1050,0,2114,2,-0.4813428077033386,1.157716824550364
300,1547506800,595,647,52,1242,2,0.6600824822250996,0.06461772474545716
300,1547521200,144,79,0,223,3,-0.3300722834665133,-1.2422300438910618
300,1547535600,139,100,0,239,3,-0.3300722834665133,-1.2212002267983602
300,1547550000,1560,796,0,2356,3,-0.3300722834665133,1.561307447279732
300,1547564400,608,479,0,1087,3,-0.3300722834665133,-0.10661992088517074
300,1547578800,1135,969,0,2104,3,-0.3300722834665133,1.2300878280696803
300,1547593200,723,885,162,1608,3,2.5199427123534823,0.578163498195928
300,1547607600,170,75,0,245,3,-0.3300722834665133,-1.213314045388597
300,1547622000,131,115,0,246,3,-0.3300722834665133,-1.2119996818203034
300,1547636400,1546,801,0,2347,3,-0.3300722834665133,1.5494781751650872
300,1547650800,627,525,0,1152,3,-0.3300722834665133,-0.02118628894607012
300,1547665200,1117,1180,63,2297,3,0.7782668815745961,1.4837599967503945
300,1547679600,777,897,120,1674,3,1.7810499356594094,0.6649114937033225
300,1547694000,217,91,0,308,3,-0.3300722834665133,-1.1305091405860843
300,1547708400,134,126,0,260,3,-0.3300722834665133,-1.1935985918641894
300,1547722800,1501,770,0,2271,3,-0.3300722834665133,1.4495865439747542
300,1547737200,608,517,0,1125,3,-0.3300722834665133,-0.05667410529000422
300,1547751600,1175,1221,46,2396,3,0.4791912338650904,1.6138819900114862
300,1547766000,772,768,0,1540,3,-0.3300722834665133,0.48878677555194583
300,1547780400,186,114,0,300,3,-0.3300722834665133,-1.141024049132435
300,1547794800,143,111,0,254,3,-0.3300722834665133,-1.2014847732739524
300,1547809200,1420,716,0,2136,3,-0.3300722834665133,1.2721474622550837
300,1547823600,580,583,3,1163,3,-0.2772942279883652,-0.0067282896948377075
300,1547838000,1095,1407,312,2502,3,5.158845486260885,1.753204528250635
300,1547852400,836,916,80,1752,3,1.077342529284102,0.7674318520302432
300,1547866800,441,221,0,662,3,-0.3300722834665133,-0.6652244374100593
300,1547881200,92,69,0,161,3,-0.3300722834665133,-1.323720585125281
300,1547895600,343,299,0,642,3,-0.3300722834665133,-0.6915117087759365
300,1547910000,676,665,0,1341,3,-0.3300722834665133,0.2272284254614686
300,1547924400,1239,827,0,2066,3,-0.3300722834665133,1.180142012474514
300,1547938800,959,633,0,1592,3,-0.3300722834665133,0.5571336811032264
300,1547953200,548,235,0,783,3,-0.3300722834665133,-0.5061864456465028
300,1547967600,134,50,0,184,3,-0.3300722834665133,-1.2934902230545222
300,1547982000,317,238,0,555,3,-0.3300722834665133,-0.8058613392175019
300,1547996400,776,467,0,1243,3,-0.3300722834665133,0.09842079576867074
300,1548010800,992,690,0,1682,3,-0.3300722834665133,0.6754264022496733
300,1548025200,747,404,0,1151,3,-0.3300722834665133,-0.022500652514363974
300,1548039600,260,107,0,367,3,-0.3300722834665133,-1.0529616900567467
300,1548054000,76,78,2,154,3,-0.29488691314774795,-1.332921130103338
300,1548068400,666,484,0,1150,3,-0.3300722834665133,-0.02381501608265783
300,1548082800,620,512,0,1132,3,-0.3300722834665133,-0.04747356031194723
300,1548097200,935,780,0,1715,3,-0.3300722834665133,0.7188004000033705
300,1548111600,478,418,0,896,3,-0.3300722834665133,-0.35766336242929714
300,1548126000,116,37,0,153,4,-0.6095572253816762,-1.2465833783814682
300,1548140400,156,109,0,265,4,-0.6095572253816762,-1.1119210033038935
300,1548154800,1900,846,0,2746,4,-0.6095572253816762,1.8710910731913077
300,1548169200,832,557,0,1389,4,-0.6095572253816762,0.23951211801033714
300,1548183600,1425,1317,0,2742,4,-0.6095572253816762,1.866281702652823
300,1548198000,925,860,0,1785,4,-0.6095572253816762,0.715639801320333
300,1548212400,256,93,0,349,4,-0.6095572253816762,-1.0109242219957126
300,1548226800,182,97,0,279,4,-0.6095572253816762,-1.0950882064191967
300,1548241200,1846,777,0,2623,4,-0.6095572253816762,1.7232029291328999
300,1548255600,548,499,0,1047,4,-0.6095572253816762,-0.1716890630301138
300,1548270000,1031,1245,214,2276,4,1.773004349626154,1.305990034919343
300,1548284400,707,861,154,1568,4,1.1049964313996596,0.45473144960753226
300,1548298800,227,112,0,339,4,-0.6095572253816762,-1.0229476483419246
300,1548313200,126,107,0,233,4,-0.6095572253816762,-1.1503959676117719
300,1548327600,1450,672,0,2122,4,-0.6095572253816762,1.120829269187678
300,1548342000,533,577,44,1110,4,-0.11968475201558025,-0.09594147704897811
300,1548356400,1081,1382,301,2463,4,2.741615831054571,1.5308281075935077
300,1548370800,822,921,99,1743,4,0.4926558396920397,0.6651414106662425
300,1548385200,231,142,0,373,4,-0.6095572253816762,-0.9820679987648037
300,1548399600,104,93,0,197,4,-0.6095572253816762,-1.1936803024581353
300,1548407646,927,477,0,1404,4,-0.6095572253816762,0.2575472575296552
300,1548408294,77,26,0,103,4,-0.6095572253816762,-1.3067005101125282
300,1548414000,399,459,60,858,4,0.05845069284481826,-0.3989318209735209
300,1548428400,662,602,0,1264,4,-0.6095572253816762,0.08921928868268694
300,1548442800,1124,1339,215,2463,4,1.784137814929929,1.5308281075935077
300,1548457200,917,1168,251,2085,4,2.1849425658658257,1.0763425917066936
300,1548471600,411,232,0,643,4,-0.6095572253816762,-0.6574354874170792
300,1548486000,92,58,0,150,4,-0.6095572253816762,-1.2501904062853317
300,1548500400,294,343,49,637,4,-0.06401742549670572,-0.6646495432248065
300,1548514800,673,833,160,1506,4,1.171797223222309,0.38018620626101773
300,1548529200,848,1156,308,2004,4,2.8195500881809954,0.9789528383023761
300,1548543600,738,946,208,1684,4,1.7062035578035046,0.5942031952235917
300,1548558000,430,349,0,779,4,-0.6095572253816762,-0.4939168891085958
300,1548572400,78,58,0,136,4,-0.6095572253816762,-1.2670232031700286
300,1548586800,237,291,54,528,4,-0.00835009897783118,-0.7957048903985174
300,1548601200,488,483,0,971,4,-0.6095572253816762,-0.26306710326132515
300,1548615600,692,579,0,1271,4,-0.6095572253816762,0.09763568712503536
300,1548630000,520,332,0,852,4,-0.6095572253816762,-0.40614587678124814
300,1548644400,152,62,0,214,4,-0.6095572253816762,-1.1732404776695748
300,1548658800,132,109,0,241,4,-0.6095572253816762,-1.1407772265348024
300,1548673200,1381,785,0,2166,4,-0.6095572253816762,1.1737323451110109
300,1548687600,490,535,45,1025,4,-0.10855128671180535,-0.19814060099178024
300,1548702000,1037,1178,141,2215,4,0.9602613824505858,1.2326471342074496
300,1548716400,622,728,106,1350,4,0.5705900968184641,0.19262075526011027
300,1548730800,152,93,0,245,5,-0.48233688868313174,-1.1076634724639145
300,1548745200,139,122,0,261,5,-0.48233688868313174,-1.0863165147332665
300,1548759600,1425,781,0,2206,5,-0.48233688868313174,1.5086730343986117
300,1548774000,489,519,30,1008,5,-0.059449400511135696,-0.08968042568364547
300,1548788400,1103,1175,72,2278,5,0.5325930829296588,1.604734344186527
300,1548802800,718,938,220,1656,5,2.6188380245781726,0.7748713624075921
300,1548817200,181,123,0,304,5,-0.48233688868313174,-1.0289465658321506
300,1548831600,139,124,0,263,5,-0.48233688868313174,-1.0836481450169357
300,1548846000,1459,833,0,2292,5,-0.48233688868313174,1.623412932200844
300,1548860400,620,612,0,1232,5,-0.48233688868313174,0.20917698254542433
300,1548862290,140,73,0,213,5,-0.48233688868313174,-1.15035738792521
300,1548874800,935,1022,87,1957,5,0.7440368270156568,1.1764610047154047
300,1548889200,614,897,283,1511,5,3.5069017497393644,0.5814145579735961
300,1548903600,175,103,0,278,5,-0.48233688868313174,-1.0636353721444534
300,1548918000,130,109,0,239,5,-0.48233688868313174,-1.1156685816129075
300,1548932400,1357,736,0,2093,5,-0.48233688868313174,1.3579101454259113
300,1548946800,518,562,44,1080,5,0.1378980939691291,0.006380884104269828
300,1548961200,1016,1182,166,2198,5,1.8576405458685799,1.497999555533288
300,1548975600,705,853,148,1558,5,1.603908052965382,0.6441212463073741
300,1548990000,182,137,0,319,5,-0.48233688868313174,-1.0089337929596682
300,1549004400,129,108,0,237,5,-0.48233688868313174,-1.1183369513292383
300,1549013503,1073,536,0,1609,5,-0.48233688868313174,0.7121646740738141
300,1549018800,350,510,160,860,5,1.7730630482341805,-0.287139784692138
300,1549019213,16,6,0,22,5,-0.48233688868313174,-1.4051866958348187
300,1549020893,54,65,11,119,5,-0.3272781430200665,-1.2757707645927663
300,1549033200,520,488,0,1008,5,-0.48233688868313174,-0.08968042568364547
300,1549047600,1095,1344,249,2439,5,3.0276292631444353,1.8195381063511709
300,1549062000,861,908,47,1769,5,0.1801868427863287,0.9256342513802925
300,1549076400,425,252,0,677,5,-0.48233688868313174,-0.5312956137364228
300,1549090800,88,72,0,160,5,-0.48233688868313174,-1.2210691854079812
300,1549105200,317,359,42,676,5,0.10970559475766271,-0.5326297985945881
300,1549119600,640,602,0,1242,5,-0.48233688868313174,0.22251883112707924
300,1549134000,920,905,0,1825,5,-0.48233688868313174,1.00034860343756
300,1549148400,828,764,0,1592,5,-0.48233688868313174,0.6894835314850007
300,1549162800,457,294,0,751,5,-0.48233688868313174,-0.43256593423217643
300,1549177200,102,49,0,151,5,-0.48233688868313174,-1.2330768491314705
300,1549191600,240,250,10,490,5,-0.3413743926257997,-0.7807881822133693
300,1549206000,569,498,0,1067,5,-0.48233688868313174,-0.010963519051881544
300,1549220400,787,660,0,1447,5,-0.48233688868313174,0.4960267270510047
300,1549234800,550,351,0,901,5,-0.48233688868313174,-0.23243820550735292
300,1549249200,167,121,0,288,5,-0.48233688868313174,-1.0502935235627984
300,1549263600,121,112,0,233,5,-0.48233688868313174,-1.1236736907619003
300,1549278000,1386,745,0,2131,5,-0.48233688868313174,1.4086091700362
300,1549292400,532,475,0,1007,5,-0.48233688868313174,-0.09101461054181095
300,1549306800,1046,1035,0,2081,5,-0.48233688868313174,1.3418999271279255
300,1549321200,741,746,5,1487,5,-0.4118556406544657,0.5493941213776243
300,1549335600,175,82,0,257,6,-0.4429907654988282,-1.221922112841615
300,1549350000,142,121,0,263,6,-0.4429907654988282,-1.2143843187068784
300,1549355491,572,227,0,799,6,-0.4429907654988282,-0.5410080426704114
300,1549355564,119,141,22,260,6,-0.1342686193484569,-1.2181532157742467
300,1549364400,875,422,0,1297,6,-0.4429907654988282,0.08462887051272411
300,1549378800,588,593,5,1181,6,-0.37282664137374383,-0.061101816092182945
300,1549393200,886,1156,270,2042,6,3.3458719372557284,1.020571642242515
300,1549407600,860,785,0,1645,6,-0.4429907654988282,0.5218209303274453
300,1549422000,242,118,0,360,6,-0.4429907654988282,-1.0925233135286372
300,1549436400,137,95,0,232,6,-0.4429907654988282,-1.2533295884030173
300,1549450800,1544,725,0,2269,6,-0.4429907654988282,1.3057515203400487
300,1549465200,673,538,0,1211,6,-0.4429907654988282,-0.023412845418500087
300,1549479600,1135,1210,75,2345,6,0.6094710963774376,1.4012302460467119
300,1549494000,807,985,178,1792,6,2.054852053354176,0.7064968866284912
300,1549508400,230,130,0,360,6,-0.4429907654988282,-1.0925233135286372
300,1549522800,123,104,0,227,6,-0.4429907654988282,-1.2596110835152978
300,1549537200,1554,762,0,2316,6,-0.4429907654988282,1.3647975743954852
300,1549551600,650,547,0,1197,6,-0.4429907654988282,-0.04100103173288542
300,1549566000,1157,1284,127,2441,6,1.3391779872783152,1.521834952202497
300,1549580400,913,946,33,1859,6,0.020092453726728732,0.7906689211330497
300,1549594800,270,169,0,439,6,-0.4429907654988282,-0.9932756907546056
300,1549609200,131,118,0,249,6,-0.4429907654988282,-1.2319725050212638
300,1549623600,1065,686,0,1751,6,-0.4429907654988282,0.6549886267077913
300,1549638000,713,586,0,1299,6,-0.4429907654988282,0.0871414685576363
300,1549652400,1291,1603,312,2894,6,3.9352505799064375,2.090938409375108
300,1549666800,1138,1149,11,2287,6,-0.28862969242364256,1.3283649027442583
300,1549681200,559,296,0,855,6,-0.4429907654988282,-0.47065529741287
300,1549695600,113,65,0,178,6,-0.4429907654988282,-1.3211697356156464
300,1549710000,383,338,0,721,6,-0.4429907654988282,-0.6389993664219867
300,1549724400,753,803,50,1556,6,0.25865047575201566,0.41001031732885274
300,1549738800,1106,1017,0,2123,6,-0.4429907654988282,1.1223318630614587
300,1549753200,1021,1073,52,2094,6,0.2867161254020494,1.085899191410232
300,1549767600,661,337,0,998,6,-0.4429907654988282,-0.29100453720164837
300,1549782000,134,52,0,186,6,-0.4429907654988282,-1.3111193434359978
300,1549796400,285,299,14,584,6,-0.24653121794859192,-0.8111123324984718
300,1549810800,676,636,0,1312,6,-0.4429907654988282,0.10347335584956553
300,1549825200,845,797,0,1642,6,-0.4429907654988282,0.518052033260077
300,1549839600,582,415,0,997,6,-0.4429907654988282,-0.2922608362241045
300,1549854000,168,87,0,255,6,-0.4429907654988282,-1.224434710886527
300,1549868400,124,113,0,237,6,-0.4429907654988282,-1.2470480932907368
300,1549882800,1495,723,0,2218,6,-0.4429907654988282,1.2416802701947878
300,1549897200,567,547,0,1114,6,-0.4429907654988282,-0.14527385059674133
300,1549911600,1062,1244,182,2306,6,2.1109833526542436,1.3522345841709242
300,1549926000,699,757,58,1456,6,0.37091307435215065,0.28438041508324324
300,1549940400,157,42,0,199,7,-0.4233789885281337,-1.211059665249155
300,1549954800,142,124,0,266,7,-0.4233789885281337,-1.1236959914578737
300,1549969200,1502,733,0,2235,7,-0.4233789885281337,1.4437528696620257
300,1549983600,535,474,0,1009,7,-0.4233789885281337,-0.1548719671754535
300,1549998000,1012,1204,192,2216,7,3.9760130103472338,1.418978096497334
300,1550012400,623,745,122,1368,7,2.372068010757256,0.3132408520942488
300,1550026800,168,33,0,201,7,-0.4233789885281337,-1.208451794389714
300,1550041200,151,85,0,236,7,-0.4233789885281337,-1.1628140543494923
300,1550046802,680,373,0,1053,7,-0.4233789885281337,-0.09749880826774628
300,1550055600,917,523,0,1440,7,-0.4233789885281337,0.4071242030341334
300,1550070000,639,573,0,1212,7,-0.4233789885281337,0.10982692505783218
300,1550084400,1186,1237,51,2423,7,0.7452095111731357,1.688892730449502
300,1550098800,818,846,28,1664,7,0.21819901130785738,0.699205739291552
300,1550113200,176,53,0,229,7,-0.4233789885281337,-1.1719416023575364
300,1550127600,150,124,0,274,7,-0.4233789885281337,-1.1132645080201087
300,1550142000,1517,738,0,2255,7,-0.4233789885281337,1.469831578256438
300,1550144762,124,104,0,228,7,-0.4233789885281337,-1.173245537787257
300,1550156400,566,466,0,1032,7,-0.4233789885281337,-0.12488145229187927
300,1550170800,1328,1459,131,2787,7,2.578289510704539,2.1635252268678076
300,1550185200,961,1026,65,1987,7,1.0659985110911312,1.1203768830913121
300,1550199600,270,59,0,329,7,-0.4233789885281337,-1.0415480593854747
300,1550214000,134,108,0,242,7,-0.4233789885281337,-1.1549904417711685
300,1550228400,1371,810,0,2181,7,-0.4233789885281337,1.3733403564571123
300,1550242800,629,706,77,1335,7,1.3409605110208418,0.27021098291346834
300,1550257200,1156,1283,127,2439,7,2.486635510727969,1.7097556973250319
300,1550271600,1047,993,0,2040,7,-0.4233789885281337,1.1894854608665049
300,1550286000,503,239,0,742,7,-0.4233789885281337,-0.5030227269108588
300,1550300400,110,52,0,162,7,-0.4233789885281337,-1.259305276148818
300,1550314800,323,318,0,641,7,-0.4233789885281337,-0.6347202053126414
300,1550329200,728,645,0,1373,7,-0.4233789885281337,0.31976052924285187
300,1550343600,929,876,0,1805,7,-0.4233789885281337,0.8830606348821594
300,1550358000,877,735,0,1612,7,-0.4233789885281337,0.6314010969460798
300,1550372400,451,250,0,701,7,-0.4233789885281337,-0.5564840795294043
300,1550386800,90,53,0,143,7,-0.4233789885281337,-1.2840800493135098
300,1550401200,241,246,5,487,7,-0.308811488557421,-0.8355262614896167
300,1550415600,636,540,0,1176,7,-0.4233789885281337,0.0628852495878899
300,1550430000,844,700,0,1544,7,-0.4233789885281337,0.5427334877250778
300,1550444400,625,521,0,1146,7,-0.4233789885281337,0.023767186696271314
300,1550458800,230,90,0,320,7,-0.4233789885281337,-1.05328347825296
300,1550473200,51,66,15,117,7,-0.07967648861599563,-1.317982370486246
300,1550487600,594,346,0,940,7,-0.4233789885281337,-0.24484351182617625
300,1550502000,607,572,0,1179,7,-0.4233789885281337,0.06679705587705174
300,1550516400,849,807,0,1656,7,-0.4233789885281337,0.6887742558537872
300,1550530800,540,458,0,998,7,-0.4233789885281337,-0.16921525690238032
300,1550545200,134,80,0,214,8,-0.5654731922039299,-1.3430511942211358
300,1550559600,134,108,0,242,8,-0.5654731922039299,-1.307739546562127
300,1550574000,1293,634,0,1927,8,-0.5654731922039299,0.8172649643460749
300,1550588400,563,522,0,1085,8,-0.5654731922039299,-0.24460672597125807
300,1550602800,1002,1159,157,2161,8,1.0635046275395013,1.1123694483535047
300,1550617200,714,763,49,1477,8,-0.05706610196553421,0.2497563412548637
300,1550631600,208,126,0,334,8,-0.5654731922039299,-1.1917155613968127
300,1550646000,120,100,0,220,8,-0.5654731922039299,-1.3354844125799197
300,1550660400,1448,587,0,2035,8,-0.5654731922039299,0.9534670338879656
300,1550674800,616,558,0,1174,8,-0.5654731922039299,-0.13236613162655186
300,1550689200,858,1136,278,1994,8,2.3189588707812536,0.9017606926729885
300,1550703600,664,803,139,1467,8,0.8767428392886619,0.23714503851950344
300,1550718000,189,110,0,299,8,-0.5654731922039299,-1.2358551209705737
300,1550732400,121,136,15,257,8,-0.40983836866156387,-1.2888225924590866
300,1550746800,1427,685,0,2112,8,-0.5654731922039299,1.0505740649502395
300,1550761200,593,561,0,1154,8,-0.5654731922039299,-0.15758873709727236
300,1550775600,1000,1215,215,2215,8,1.6652926119033165,1.1804704831244501
300,1550790000,813,939,126,1752,8,0.7418593255519447,0.5965671664772706
300,1550804400,246,154,0,400,8,-0.5654731922039299,-1.1084809633434352
300,1550818800,134,114,0,248,8,-0.5654731922039299,-1.300172764920911
300,1550833200,1356,669,0,2025,8,-0.5654731922039299,0.9408557311526053
300,1550847600,660,596,0,1256,8,-0.5654731922039299,-0.02895344919659781
300,1550862000,1093,1422,329,2515,8,2.848117270825298,1.5588095651852576
300,1550876400,1066,1066,0,2132,8,-0.5654731922039299,1.07579667042096
300,1551495600,1966,4472,2506,6438,9,4.10666595957744,3.7457869148579035
300,1551510000,104,61,0,165,9,-0.2800795198347786,-0.8204448527264174
300,1551524400,336,362,26,698,9,-0.23456659786162704,-0.43246437574212876
300,1551538800,711,547,0,1258,9,-0.2800795198347786,-0.02483010348846707
300,1551553200,887,833,0,1720,9,-0.2800795198347786,0.3114681711208038
300,1551567600,820,765,0,1585,9,-0.2800795198347786,0.21319919477393895
300,1551582000,503,274,0,777,9,-0.2800795198347786,-0.37495882662063007
300,1551596400,102,57,0,159,9,-0.2800795198347786,-0.8248123627862781
300,1551610800,266,232,0,498,9,-0.2800795198347786,-0.5780480444041508
300,1551625200,671,634,0,1305,9,-0.2800795198347786,0.009382058647108105
300,1551639600,776,627,0,1403,9,-0.2800795198347786,0.0807180562914989
300,1551654000,437,348,0,785,9,-0.2800795198347786,-0.3691354798741492
300,1551668400,128,99,0,227,9,-0.2800795198347786,-0.7753139154411907
300,1551682800,108,108,0,216,9,-0.2800795198347786,-0.7833210172176018
300,1551697200,1114,546,0,1660,9,-0.2800795198347786,0.2677930705221972
300,1551711600,424,467,43,891,9,-0.2048081488791818,-0.2919761354832775
300,1551726000,908,1115,207,2023,9,0.0822733589514662,0.5320274291437672
300,1551740400,676,774,98,1450,9,-0.10853081393597669,0.11493021842707407
300,1551754800,148,93,0,241,10,-0.4614608343665591,-1.245245446294511
300,1551769200,158,114,0,272,10,-0.4614608343665591,-1.2082402293252221
300,1551783600,1582,784,0,2366,10,-0.4614608343665591,1.2914024911164195
300,1551798000,584,586,2,1170,10,-0.4331462177947615,-0.13628265389227362
300,1551812400,1194,1208,14,2402,10,-0.2632585183639756,1.3343762914678516
300,1551826800,780,931,151,1711,10,1.6762927168041624,0.5095180680556386
300,1551841200,192,117,0,309,10,-0.4614608343665591,-1.164072712297361
300,1551855600,147,112,0,259,10,-0.4614608343665591,-1.2237585461187948
300,1551870000,1562,826,0,2388,10,-0.4614608343665591,1.3176642579978504
300,1551884400,695,577,0,1272,10,-0.4614608343665591,-0.014523552896548947
300,1551898800,1160,1306,146,2466,10,1.6055061753746682,1.4107741587592868
300,1551913200,797,899,102,1696,10,0.9825846107951203,0.49161231790920845
300,1551927600,206,121,0,327,10,-0.4614608343665591,-1.142585812121645
300,1551942000,135,135,0,270,10,-0.4614608343665591,-1.2106276626780794
300,1551946199,78,95,17,173,10,-0.2207865935062792,-1.3264181802916608
300,1551956400,1506,753,0,2259,10,-0.4614608343665591,1.1636748067385514
300,1551970800,684,658,0,1342,10,-0.4614608343665591,0.06903661445345817
300,1551985200,1143,1459,316,2602,10,4.012248583977468,1.5731196267535863
300,1551999600,942,1134,192,2076,10,2.256742356526014,0.9452246549521043
300,1552014000,295,175,0,470,10,-0.4614608343665591,-0.9718843273923448
300,1552028400,124,125,1,249,10,-0.44730352608066026,-1.2356957128830817
300,1552042800,1494,796,0,2290,10,-0.4614608343665591,1.2006800237078403
300,1552057200,753,721,0,1474,10,-0.4614608343665591,0.22660721574204304
300,1552071600,1295,1447,152,2742,10,1.6904500250900611,1.7402399614536006
300,1552086000,989,1165,176,2154,10,2.0302254239516326,1.0383345557135408
300,1552100400,585,271,0,856,10,-0.4614608343665591,-0.5111096902908769
300,1552114800,109,46,0,155,10,-0.4614608343665591,-1.347905080467377
300,1552129200,384,343,0,727,10,-0.4614608343665591,-0.6650991415501758
300,1552143600,810,755,0,1565,10,-0.4614608343665591,0.3352354332970523
300,1552158000,1071,929,0,2000,10,-0.4614608343665591,0.8545021875435251
300,1552172400,1013,892,0,1905,10,-0.4614608343665591,0.7410991032828012
300,1552190400,540,297,0,837,10,-0.4614608343665591,-0.5337903071430218
300,1552204800,127,74,0,201,10,-0.4614608343665591,-1.2929941133516578
300,1552219200,324,333,9,657,10,-0.3340450597934697,-0.748659308900183
300,1552233600,773,615,0,1388,10,-0.4614608343665591,0.12394758156917714
300,1552248000,750,682,0,1432,10,-0.4614608343665591,0.17647111533203877
300,1552262400,575,368,0,943,10,-0.4614608343665591,-0.4072563394415824
300,1552276800,91,39,0,130,10,-0.4614608343665591,-1.3777479973780937
300,1552291200,428,290,0,718,10,-0.4614608343665591,-0.6758425916380338
300,1552305600,1209,704,0,1913,10,-0.4614608343665591,0.7506488366942305
300,1552320000,695,508,0,1203,10,-0.4614608343665591,-0.09689000357012739
300,1552334400,1117,1208,91,2325,10,0.8268542196502333,1.2424601073828438
300,1552348800,594,568,0,1162,11,-0.329036295249051,-0.1687227866005002
300,1552363200,115,50,0,165,11,-0.329036295249051,-1.4890550546082266
300,1552377600,462,332,0,794,11,-0.329036295249051,-0.656067094149992
300,1552392000,1396,765,0,2161,11,-0.329036295249051,1.154258091774343
300,1552406400,780,612,0,1392,11,-0.329036295249051,0.13586740561793217
300,1552420800,1142,1269,127,2411,11,1.3683327558712952,1.4853343876639433
300,1552435200,707,666,0,1373,11,-0.329036295249051,0.11070560713032254
300,1552449600,91,69,0,160,11,-0.329036295249051,-1.4956765805260186
300,1552464000,426,321,0,747,11,-0.329036295249051,-0.7183094377772369
300,1552478400,1411,741,0,2152,11,-0.329036295249051,1.1423393451223174
300,1552492800,854,729,0,1583,11,-0.329036295249051,0.3888096956775869
300,1552507200,1227,1302,75,2529,11,0.6733470026566652,1.6416023993238347
300,1552521600,768,648,0,1416,11,-0.329036295249051,0.1676507300233338
300,1552536000,137,68,0,205,11,-0.329036295249051,-1.4360828472658904
300,1552550400,451,321,0,772,11,-0.329036295249051,-0.6852018081882768
300,1552564800,1282,741,0,2023,11,-0.329036295249051,0.9715039764432836
300,1552579200,780,679,0,1459,11,-0.329036295249051,0.22459585291634507
300,1552593600,1150,1358,208,2508,11,2.4509067176094685,1.6137919904691083
300,1552608000,798,803,5,1601,11,-0.26221074205533657,0.4126471889816381
300,1552622400,139,100,0,239,11,-0.329036295249051,-1.391056471024905
300,1552636800,379,333,0,712,11,-0.329036295249051,-0.7646601192017809
300,1552651200,1316,791,0,2107,11,-0.329036295249051,1.0827456118621892
300,1552665600,768,705,0,1473,11,-0.329036295249051,0.2431361254861627
300,1552680000,1218,1572,354,2790,11,4.40221287086593,1.9872460522325774
300,1552694400,964,911,0,1875,11,-0.329036295249051,0.7755068092766401
300,1552708800,333,151,0,484,11,-0.329036295249051,-1.0666017010530964
300,1552723200,105,105,0,210,11,-0.329036295249051,-1.4294613213480984
300,1552737600,528,421,0,949,11,-0.329036295249051,-0.45079979069843973
300,1552752000,864,613,0,1477,11,-0.329036295249051,0.2484333462203963
300,1552766400,1025,903,0,1928,11,-0.329036295249051,0.8456949840052354
300,1552780800,926,702,0,1628,11,-0.329036295249051,0.44840342893771495
300,1552795200,421,162,0,583,11,-0.329036295249051,-0.9354954878808147
300,1552809600,150,78,0,228,11,-0.329036295249051,-1.4056238280440472
300,1552824000,393,318,0,711,11,-0.329036295249051,-0.7659844243853393
300,1552838400,730,709,0,1439,11,-0.329036295249051,0.19810974924517705
300,1552852800,780,694,0,1474,11,-0.329036295249051,0.2444604306697211
300,1552867200,547,314,0,861,11,-0.329036295249051,-0.5673386468515791
300,1552881600,85,33,0,118,11,-0.329036295249051,-1.5512973982354714
300,1552896000,387,264,0,651,11,-0.329036295249051,-0.8454427353988434
300,1552910400,1182,719,0,1901,11,-0.329036295249051,0.8099387440491586
300,1552924800,699,590,0,1289,11,-0.329036295249051,-0.0005360282885831912
300,1552939200,1075,1340,265,2415,11,3.2127180240178133,1.490631608398177
300,1552953600,661,552,0,1213,12,-0.453009090980277,-0.14000010868649812
300,1552968000,88,61,0,149,12,-0.453009090980277,-1.5089989832996764
300,1552982400,454,324,0,778,12,-0.453009090980277,-0.6996941974616228
300,1552996800,1297,766,0,2063,12,-0.453009090980277,0.9536550073108718
300,1553011200,759,617,0,1376,12,-0.453009090980277,0.06972434296946813
300,1553025600,1168,1401,233,2569,12,1.5225465972251553,1.6047014645987179
300,1553040000,763,606,0,1369,12,-0.453009090980277,0.060717771425960375
300,1553054400,120,72,0,192,12,-0.453009090980277,-1.4536729009609861
300,1553068800,481,340,0,821,12,-0.453009090980277,-0.6443681151229322
300,1553083200,1345,777,0,2122,12,-0.453009090980277,1.0295675388918657
300,1553097600,771,681,0,1452,12,-0.453009090980277,0.16750997687040944
300,1553112000,1232,1440,208,2672,12,1.3105771027825124,1.7372267315960463
300,1553126400,796,644,0,1440,12,-0.453009090980277,0.15207013993868188
300,1553140800,130,72,0,202,12,-0.453009090980277,-1.4408063701845464
300,1553155200,428,321,0,749,12,-0.453009090980277,-0.7370071367132978
300,1553169600,1452,754,0,2206,12,-0.453009090980277,1.1376463974139588
300,1553184000,804,701,0,1505,12,-0.453009090980277,0.23570258998553956
300,1553198400,1170,1597,427,2767,12,3.1674298741000646,1.859458773972223
300,1553212800,860,744,0,1604,12,-0.453009090980277,0.3630812446722921
300,1553227200,151,76,0,227,12,-0.453009090980277,-1.4086400432434472
300,1553241600,384,354,0,738,12,-0.453009090980277,-0.7511603205673814
300,1553256000,1348,802,0,2150,12,-0.453009090980277,1.0655938250658967
300,1553270400,821,739,0,1560,12,-0.453009090980277,0.30646850925595764
300,1553284800,1125,1660,535,2785,12,4.083138090092282,1.8826185293698143
300,1553299200,841,843,2,1684,12,-0.4360515314248655,0.4660134908838092
300,1553313600,281,186,0,467,12,-0.453009090980277,-1.0998433046088958
300,1553328000,96,128,32,224,12,-0.181688138093694,-1.4125000024763792
300,1553342400,448,516,68,964,12,0.12354793390371188,-0.46037672501984533
300,1553356800,800,957,157,1757,12,0.8781593341195209,0.5599391655518187
300,1553371200,964,1129,165,2093,12,0.9459895723411665,0.9922545996401908
300,1553385600,885,973,88,1858,12,0.29312352945782627,0.6898911263938591
300,1553400000,336,174,0,510,12,-0.453009090980277,-1.0445172222702053
300,1553414400,99,90,0,189,12,-0.453009090980277,-1.457532860193918
300,1553428800,403,382,0,785,12,-0.453009090980277,-0.690687625918115
300,1553443200,773,773,0,1546,12,-0.453009090980277,0.28845536616894213
300,1553457600,765,833,68,1598,12,0.12354793390371188,0.3553613262064283
300,1553472000,492,454,0,946,12,-0.453009090980277,-0.4835364804174367
300,1553486400,68,50,0,118,12,-0.453009090980277,-1.5488852287066395
300,1553500800,415,305,0,720,12,-0.453009090980277,-0.7743200759649727
300,1553515200,1162,625,0,1787,12,-0.453009090980277,0.5985387578811376
300,1553529600,700,660,0,1360,12,-0.453009090980277,0.04913789372716469
300,1553544000,970,1231,261,2201,12,1.7599524310009154,1.131213132025739
300,1553558400,606,484,0,1090,13,-0.6647222241160556,-0.10755011754254999
300,1553572800,108,69,0,177,13,-0.6647222241160556,-1.2730487207039523
300,1553587200,459,346,0,805,13,-0.6647222241160556,-0.47136950626215535
300,1553601600,1337,657,0,1994,13,-0.6647222241160556,1.0464594522908648
300,1553616000,705,640,0,1345,13,-0.6647222241160556,0.21797249341709687
300,1553630400,1173,1326,153,2499,13,0.3134001830422583,1.6911218779168322
300,1553644800,787,716,0,1503,13,-0.6647222241160556,0.4196688562862114
300,1553659200,119,68,0,187,13,-0.6647222241160556,-1.2602831281172995
300,1553673600,467,297,0,764,13,-0.6647222241160556,-0.5237084358674319
300,1553688000,1328,734,0,2062,13,-0.6647222241160556,1.133265481880104
300,1553702400,815,628,0,1443,13,-0.6647222241160556,0.3430753007662945
300,1553716800,1150,1422,272,2572,13,1.0741620552765023,1.7843107037993977
300,1553731200,709,719,10,1428,13,-0.600792655020741,0.3239269118863153
300,1553745600,106,79,0,185,13,-0.6647222241160556,-1.2628362466346301
300,1553760000,440,350,0,790,13,-0.6647222241160556,-0.49051789514213456
300,1553774400,1343,769,0,2112,13,-0.6647222241160556,1.197093444813368
300,1553788800,804,669,0,1473,13,-0.6647222241160556,0.38137207852625293
300,1553803200,1251,1530,279,2781,13,1.1189127536432226,2.0511115888604414
300,1553817600,784,840,56,1624,13,-0.3067166371822937,0.5741325265847105
300,1553832000,146,97,0,243,13,-0.6647222241160556,-1.1887958096320437
300,1553846400,400,315,0,715,13,-0.6647222241160556,-0.5862598395420306
300,1553853000,233,250,17,483,13,-0.5560419566540208,-0.8824215875523761
300,1553857367,93,147,54,240,13,-0.3195025510013566,-1.1926254874080395
300,1553860800,1188,768,0,1956,13,-0.6647222241160556,0.9979502004615841
300,1553875200,852,723,0,1575,13,-0.6647222241160556,0.5115811229101117
300,1553889600,1213,1663,450,2876,13,2.212108385173103,2.1723847184336433
300,1553904000,790,952,162,1742,13,0.37093679522804146,0.7247665191072138
300,1553918400,167,192,25,359,13,-0.504898301377769,-1.040714935626871
300,1553932800,60,116,56,176,13,-0.3067166371822937,-1.2743252799626177
300,1553947200,162,463,301,625,13,1.2595578056529149,-0.7011501728219061
300,1553961600,405,864,459,1269,13,2.269644997358886,0.12095398975853545
300,1553976000,488,1034,546,1522,13,2.8258322484881235,0.44392348220085176
300,1553990400,369,782,413,1151,13,1.9755689795204388,-0.029680002763967803
300,1554004800,163,164,1,327,13,-0.6583292672065242,-1.08156483190416
300,1554019200,57,84,27,141,13,-0.4921123875587061,-1.3190048540159025
300,1554033600,130,392,262,522,13,1.0102324861811878,-0.8326357764644301
300,1554048000,282,673,391,955,13,1.8349239275107465,-0.27988561746236307
300,1554062400,343,643,300,986,13,1.2531648487433833,-0.2403122804437393
300,1554076800,223,339,116,562,13,0.07686077738959415,-0.7815734061178188
300,1554091200,35,55,20,90,13,-0.5368630859254264,-1.3841093762078318
300,1554105600,424,292,0,716,13,-0.6647222241160556,-0.5849832802833654
300,1554120000,1225,720,0,1945,13,-0.6647222241160556,0.983908048616266
300,1554134400,787,605,0,1392,13,-0.6647222241160556,0.27797077857436514
300,1554148800,1030,1235,205,2265,13,0.6458339423378945,1.3924070113891562
300,1554163200,284,312,28,596,14,-0.23809623974272287,-0.7915699355091238
300,1554177600,50,6,0,56,14,-0.47498386913142177,-1.4495675215429504
300,1554192000,456,328,0,784,14,-0.47498386913142177,-0.5624892944454953
300,1554206400,1293,695,0,1988,14,-0.47498386913142177,0.904601619600296
300,1554220800,764,648,0,1412,14,-0.47498386913142177,0.20273752783088086
300,1554235200,966,1403,437,2369,14,3.222155203827914,1.368855471968607
300,1554249600,266,195,0,461,14,-0.47498386913142177,-0.9560693320175805
300,1554264000,1,7,6,8,14,-0.42422223426241484,-1.5080561958570684
300,1554278400,757,680,0,1437,14,-0.47498386913142177,0.23320037903615062
300,1554292800,1297,780,0,2077,14,-0.47498386913142177,1.0130493698910563
300,1554307200,818,627,0,1445,14,-0.47498386913142177,0.24294849142183694
300,1554321600,1242,1499,257,2741,14,1.6993061577577073,1.8221426979030209
300,1554336000,426,400,0,826,14,-0.47498386913142177,-0.5113117044206421
300,1554350400,0,1,1,1,14,-0.46652359665325394,-1.516585794194544
300,1554364800,451,359,0,810,14,-0.47498386913142177,-0.5308079291920148
300,1554379200,1351,781,0,2132,14,-0.47498386913142177,1.0800676425426496
300,1554393600,799,617,0,1416,14,-0.47498386913142177,0.20761158402372404
300,1554408000,1277,1537,260,2814,14,1.7246869751922107,1.9110942234224086
300,1554422400,407,430,23,837,14,-0.28039760213356196,-0.49790804989032345
300,1554436800,1,7,6,8,14,-0.42422223426241484,-1.5080561958570684
300,1554451200,395,302,0,697,14,-0.47498386913142177,-0.668500016639834
300,1554465600,1278,842,0,2120,14,-0.47498386913142177,1.0654454739641201
300,1554480000,848,707,0,1555,14,-0.47498386913142177,0.37698503672502387
300,1554494400,1232,1717,485,2949,14,3.6282482827799694,2.0755936199308653
300,1554508800,855,954,99,1809,14,0.36258310620719214,0.6864876049705645
300,1554523200,219,162,0,381,14,-0.47498386913142177,-1.0535504558744437
300,1554537600,124,122,0,246,14,-0.47498386913142177,-1.2180498523829004
300,1554552000,518,596,78,1114,14,0.18491738416566797,-0.16037965853593458
300,1554566400,798,831,33,1629,14,-0.19579487735188378,0.4671550762926223
300,1554580800,890,1054,164,1944,14,0.9125008172881003,0.8509870014790212
300,1554595200,782,858,76,1640,14,0.16799683920933234,0.480558730822941
300,1554609600,349,197,0,546,14,-0.47498386913142177,-0.8524956379196633
300,1554624000,110,79,0,189,14,-0.47498386913142177,-1.2875051531309154
300,1554638400,393,429,36,822,14,-0.17041405991738034,-0.5161857606134853
300,1554652800,742,740,0,1482,14,-0.47498386913142177,0.2880335112056362
300,1554667200,786,831,45,1617,14,-0.09427160761386999,0.4525329077140928
300,1554681600,474,350,0,824,14,-0.47498386913142177,-0.5137487325170637
300,1554696000,76,44,0,120,14,-0.47498386913142177,-1.3715826224574599
300,1554710400,411,347,0,758,14,-0.47498386913142177,-0.5941706596989759
300,1554724800,1194,746,0,1940,14,-0.47498386913142177,0.846112945286178
300,1554739200,802,542,0,1344,14,-0.47498386913142177,0.11987857255254715
300,1554753600,1024,1348,324,2372,14,2.266144413794951,1.3725110141132393
300,1554768000,295,336,41,631,15,0.08065113175110158,-0.5374898885190535
300,1554782400,0,7,7,7,15,-0.29206671983651367,-1.306363585277274
300,1554796800,461,316,0,777,15,-0.3688027481045521,-0.35759315818780335
300,1554811200,1251,756,0,2007,15,-0.3688027481045521,1.1579751863836887
300,1554825600,705,569,0,1274,15,-0.3688027481045521,0.25479502656994585
300,1554840000,1080,1421,341,2501,15,3.3693380575241774,1.7666668629839464
300,1554854400,278,268,0,546,15,-0.3688027481045521,-0.6422242863146445
300,1554868800,1,5,4,6,15,-0.32495358909424443,-1.3075957546631043
300,1554883200,444,373,0,817,15,-0.3688027481045521,-0.30830638275458405
300,1554897600,1342,722,0,2064,15,-0.3688027481045521,1.2282088413760262
300,1554912000,816,612,0,1428,15,-0.3688027481045521,0.44454911198784
300,1554926400,1160,1238,78,2398,15,0.4862558525964476,1.6397534162434069
300,1554940800,385,438,53,823,15,0.21219860878202462,-0.3009133664396012
300,1554955200,2,2,0,4,15,-0.3688027481045521,-1.3100600934347653
300,1554969600,465,322,0,787,15,-0.3688027481045521,-0.3452714643294985
300,1554984000,1392,743,0,2135,15,-0.3688027481045521,1.3156928677699902
300,1554998400,778,666,0,1444,15,-0.3688027481045521,0.46426382216112766
300,1555012800,1127,1371,244,2498,15,2.305995951524216,1.762970354826455
300,1555027200,348,322,0,670,15,-0.3688027481045521,-0.48943528247166485
300,1555041600,1,7,6,8,15,-0.30302900958909057,-1.3051314158914433
300,1555056000,389,298,0,687,15,-0.3688027481045521,-0.4684884029125466
300,1555070400,1238,781,0,2019,15,-0.3688027481045521,1.1727612190136545
300,1555084800,743,682,0,1425,15,-0.3688027481045521,0.4408526038303485
300,1555099200,1373,1749,376,3122,15,3.7530181988643694,2.531844051584675
300,1555113600,863,647,0,1510,15,-0.3688027481045521,0.5455870016259394
300,1555128000,202,63,0,265,15,-0.3688027481045521,-0.9884638837330098
300,1555142400,113,55,0,168,15,-0.3688027481045521,-1.1079843141585664
300,1555156800,386,245,0,631,15,-0.3688027481045521,-0.5374898885190535
300,1555171200,623,397,0,1020,15,-0.3688027481045521,-0.05817599743099638
300,1555185600,663,410,0,1073,15,-0.3688027481045521,0.007128980018019133
300,1555200000,500,246,0,746,15,-0.3688027481045521,-0.39579040914854824
300,1555214400,257,52,0,309,15,-0.3688027481045521,-0.9342484307564686
300,1555228800,69,68,0,137,15,-0.3688027481045521,-1.1461815651193112
300,1555243200,325,186,0,511,15,-0.3688027481045521,-0.6853502148187114
300,1555257600,513,334,0,847,15,-0.3688027481045521,-0.27134130117966965
300,1555272000,534,226,0,760,15,-0.3688027481045521,-0.3785400377469215
300,1555286400,324,89,0,413,15,-0.3688027481045521,-0.8061028146300985
300,1555300800,47,24,0,71,15,-0.3688027481045521,-1.2275047445841232
300,1555315200,439,297,0,736,15,-0.3688027481045521,-0.4081121030068531
300,1555329600,1273,763,0,2036,15,-0.3688027481045521,1.1937080985727726
300,1555344000,713,598,0,1311,15,-0.3688027481045521,0.3003852938456737
300,1555358400,969,1232,263,2201,15,2.5142794568231777,1.397016047234802
300,1555372800,557,486,0,1043,16,-0.3284950599713308,-0.07605292845121493
300,1555387200,73,45,0,118,16,-0.3284950599713308,-1.275669765775495
300,1555401600,489,334,0,823,16,-0.3284950599713308,-0.36136720327428695
300,1555416000,1309,672,0,1981,16,-0.3284950599713308,1.1404233887489739
300,1555430400,712,569,0,1281,16,-0.3284950599713308,0.23260524158465387
300,1555444800,1252,1162,0,2414,16,-0.3284950599713308,1.7019737569234747
300,1555459200,680,643,0,1323,16,-0.3284950599713308,0.2870743304145131
300,1555473600,101,72,0,173,16,-0.3284950599713308,-1.2043411970697269
300,1555488000,459,303,0,762,16,-0.3284950599713308,-0.44047707038432055
300,1555502400,1418,756,0,2174,16,-0.3284950599713308,1.3907218207528507
300,1555516800,857,606,0,1463,16,-0.3284950599713308,0.46863795984737705
300,1555531200,1179,1410,231,2589,16,1.7849393378017806,1.9289282937145547
300,1555545600,713,627,0,1340,16,-0.3284950599713308,0.3091213425599323
300,1555560000,100,64,0,164,16,-0.3284950599713308,-1.2160131446761253
300,1555574400,445,341,0,786,16,-0.3284950599713308,-0.40935187676725815
300,1555588800,1374,766,0,2140,16,-0.3284950599713308,1.3466277964620124
300,1555603200,796,815,19,1611,16,-0.1546627934878282,0.6605766538192619
300,1555617600,1061,1478,417,2539,16,3.486665736008701,1.8640841403456747
300,1555632000,747,680,0,1427,16,-0.3284950599713308,0.4219501694217835
300,1555646400,124,89,0,213,16,-0.3284950599713308,-1.152465874374623
300,1555660800,262,237,0,499,16,-0.3284950599713308,-0.7815573171046294
300,1555675200,1116,683,0,1799,16,-0.3284950599713308,0.9043906704862507
300,1555689600,846,880,34,1726,16,-0.017426793632431346,0.8097182065676859
300,1555704000,1044,1475,431,2519,16,3.6147526692070713,1.8381464789981228
300,1555718400,740,646,0,1386,16,-0.3284950599713308,0.3687779636593019
300,1555732800,216,43,0,259,16,-0.3284950599713308,-1.0928092532752534
300,1555747200,85,47,0,132,16,-0.3284950599713308,-1.2575134028322086
300,1555761600,398,225,0,623,16,-0.3284950599713308,-0.6207438167498069
300,1555776000,605,323,0,928,16,-0.3284950599713308,-0.22519448119963895
300,1555790400,609,309,0,918,16,-0.3284950599713308,-0.23816331187341494
300,1555804800,450,170,0,620,16,-0.3284950599713308,-0.6246344659519397
300,1555819200,183,55,0,238,16,-0.3284950599713308,-1.120043797690183
300,1555833600,77,53,0,130,16,-0.3284950599713308,-1.2601071689669638
300,1555848000,358,197,0,555,16,-0.3284950599713308,-0.7089318653314838
300,1555862400,423,246,0,669,16,-0.3284950599713308,-0.5610871956504373
300,1555876800,397,212,0,609,16,-0.3284950599713308,-0.6389001796930933
300,1555891200,268,104,0,372,16,-0.3284950599713308,-0.9462614666615845
300,1555905600,58,20,0,78,16,-0.3284950599713308,-1.327545088470599
300,1555920000,349,242,0,591,16,-0.3284950599713308,-0.6622440749058901
300,1555934400,1068,633,0,1701,16,-0.3284950599713308,0.7772961298832459
300,1555948800,650,623,0,1273,16,-0.3284950599713308,0.22223017704563308
300,1555963200,952,1328,376,2280,16,3.1115540030706166,1.5281914258948763
300,1555977600,552,517,0,1069,17,-0.3845243990603621,-0.05532209921276107
300,1555992000,87,48,0,135,17,-0.3845243990603621,-1.3000835093828171
300,1556006400,388,268,0,656,17,-0.3845243990603621,-0.6057358705192205
300,1556020800,1228,687,0,1915,17,-0.3845243990603621,1.0721598633181462
300,1556035200,627,519,0,1146,17,-0.3845243990603621,0.04729741747149408
300,1556049600,1025,1369,344,2394,17,2.299841094898159,1.7105332203539672
300,1556064000,742,631,0,1373,17,-0.3845243990603621,0.3498250835406619
300,1556078400,120,66,0,186,17,-0.3845243990603621,-1.2321147385919469
300,1556092800,444,270,0,714,17,-0.3845243990603621,-0.5284380527570542
300,1556107200,1208,649,0,1857,17,-0.3845243990603621,0.9948620455559799
300,1556121600,740,576,0,1316,17,-0.3845243990603621,0.27385998677439505
300,1556136000,1157,1477,320,2634,17,2.112559781366169,2.0303862593698274
300,1556150400,658,379,0,1037,17,-0.3845243990603621,-0.09796917108154243
300,1556164800,94,44,0,138,17,-0.3845243990603621,-1.2960853463951187
300,1556179200,383,235,0,618,17,-0.3845243990603621,-0.6563792683633983
300,1556193600,1206,579,0,1785,17,-0.3845243990603621,0.8989061338512219
300,1556200967,199,249,50,448,17,0.005645004131283356,-0.8829418376662994
300,1556200968,362,240,0,602,17,-0.3845243990603621,-0.6777028042977891
300,1556200969,294,375,81,669,17,0.24755003411010354,-0.5884104975725281
300,1556208000,411,412,1,823,17,-0.3767210109965292,-0.38317146420401776
300,1556222400,1132,1446,314,2578,17,2.0657394529831716,1.95575388359946
300,1556236800,725,849,124,1574,17,0.5830957208549186,0.6177020037164448
300,1556251200,88,85,0,173,17,-0.3845243990603621,-1.249440111538639
300,1556265600,352,270,0,622,17,-0.3845243990603621,-0.6510483843798007
300,1556280000,1211,678,0,1889,17,-0.3845243990603621,1.0375091174247613
300,1556294400,777,842,65,1619,17,0.122695825088777,0.6776744485319186
300,1556308800,1045,1733,688,2778,17,4.984206588856679,2.2222980827793437
300,1556323200,858,793,0,1651,17,-0.3845243990603621,0.7203215204007
300,1556337600,263,131,0,394,17,-0.3845243990603621,-0.9549087714448679
300,1556352000,108,106,0,214,17,-0.3845243990603621,-1.194798550706763
300,1556366400,480,436,0,916,17,-0.3845243990603621,-0.25922841158537197
300,1556380800,825,739,0,1564,17,-0.3845243990603621,0.6043747937574506
300,1556395200,936,936,0,1872,17,-0.3845243990603621,1.0148528604944713
300,1556409600,756,635,0,1391,17,-0.3845243990603621,0.37381406146685137
300,1556424000,305,184,0,489,17,-0.3845243990603621,-0.8283002768344232
300,1556438400,100,79,0,179,17,-0.3845243990603621,-1.2414437855632428
300,1556452800,372,318,0,690,17,-0.3845243990603621,-0.5604233566586403
300,1556467200,701,562,0,1263,17,-0.3845243990603621,0.20322577399172592
300,1556481600,724,568,0,1292,17,-0.3845243990603621,0.24187468287280905
300,1556496000,482,342,0,824,17,-0.3845243990603621,-0.3818387432081184
300,1556510400,55,38,0,93,17,-0.3845243990603621,-1.3560577912105927
300,1556522994,235,148,0,383,17,-0.3845243990603621,-0.9695687023997615
300,1556524672,167,153,0,320,17,-0.3845243990603621,-1.0535301251414249
300,1556524800,93,185,92,278,17,0.33338730281226553,-1.1095044069692004
300,1556539200,1267,685,0,1952,17,-0.3845243990603621,1.1214705401664247
300,1556553600,741,593,0,1334,17,-0.3845243990603621,0.2978489647005846
300,1556568000,1055,1292,237,2347,17,1.4648785720680373,1.6478953335466946
300,1556582400,570,465,0,1035,18,-0.35907810620636543,-0.290933276759829
300,1556596800,66,42,0,108,18,-0.35907810620636543,-1.5595183587810164
300,1556611200,460,363,0,823,18,-0.35907810620636543,-0.5810519794442861
300,1556625600,1150,680,0,1830,18,-0.35907810620636543,0.7970118583068851
300,1556640000,753,693,0,1446,18,-0.35907810620636543,0.2715138308029629
300,1556654400,975,1292,317,2267,18,2.597487079960332,1.3950395614819218
300,1556668800,629,603,0,1232,18,-0.35907810620636543,-0.02134184077474384
300,1556683200,107,52,0,159,18,-0.35907810620636543,-1.4897256520031517
300,1556697600,440,338,0,778,18,-0.35907810620636543,-0.642633779542402
300,1556712000,1180,733,0,1913,18,-0.35907810620636543,0.9105960673767434
300,1556726400,793,759,0,1552,18,-0.35907810620636543,0.4165731821451914
300,1556740800,1130,1421,291,2551,18,2.3549927744703187,1.7836891443233642
300,1556755200,771,686,0,1457,18,-0.35907810620636543,0.28656715971583563
300,1556769600,90,43,0,133,18,-0.35907810620636543,-1.5253062476153965
300,1556784000,448,348,0,796,18,-0.35907810620636543,-0.6180010595031556
300,1556798400,1223,791,0,2014,18,-0.35907810620636543,1.048812996485848
300,1556812800,680,652,0,1332,18,-0.35907810620636543,0.11550660388773593
300,1556827200,1012,1508,496,2520,18,4.266967106218498,1.7412661264779956
300,1556841600,768,690,0,1458,18,-0.35907810620636543,0.2879356441624604
300,1556856000,119,78,0,197,18,-0.35907810620636543,-1.4377232430314095
300,1556870400,384,320,0,704,18,-0.35907810620636543,-0.743901628592637
300,1556884800,1078,839,0,1917,18,-0.35907810620636543,0.9160700051632426
300,1556899200,755,772,17,1527,18,-0.20052413723212617,0.38236107097957145
300,1556913600,1270,1568,298,2838,18,2.4202797028714764,2.176444180504681
300,1556928000,849,838,0,1687,18,-0.35907810620636543,0.6013185824395391
300,1556942400,324,131,0,455,18,-0.35907810620636543,-1.0846542558022116
300,1556956800,132,117,0,249,18,-0.35907810620636543,-1.36656205180692
300,1556971200,513,463,0,976,18,-0.35907810620636543,-0.37167385911069206
300,1556985600,772,766,0,1538,18,-0.35907810620636543,0.39741439989244426
300,1557000000,900,948,48,1848,18,0.08860368854442784,0.8216445783461316
300,1557014400,864,747,0,1611,18,-0.35907810620636543,0.49731376449605447
300,1557028800,364,203,0,567,18,-0.35907810620636543,-0.9313839977802343
300,1557043200,88,73,0,161,18,-0.35907810620636543,-1.4869886831099022
300,1557057600,368,365,0,733,18,-0.35907810620636543,-0.7042155796405178
300,1557072000,783,692,0,1475,18,-0.35907810620636543,0.311199879755082
300,1557086400,748,634,0,1382,18,-0.35907810620636543,0.1839308262189758
300,1557100800,474,345,0,819,18,-0.35907810620636543,-0.5865259172307853
300,1557115200,65,38,0,103,18,-0.35907810620636543,-1.5663607810141404
300,1557129600,470,369,0,839,18,-0.35907810620636543,-0.5591562282982894
300,1557144000,1092,711,0,1803,18,-0.35907810620636543,0.7600627782480156
300,1557158400,660,552,0,1212,18,-0.35907810620636543,-0.04871152970723979
300,1557172800,1102,1252,150,2354,18,1.0399275023898635,1.5140977083382792
300,1557187200,575,533,0,1108,19,-0.3268300892671302,-0.2273742998363614
300,1557201600,90,53,0,143,19,-0.3268300892671302,-1.4510471682957593
300,1557216000,404,336,0,740,19,-0.3268300892671302,-0.6940184610726914
300,1557230400,1306,813,0,2119,19,-0.3268300892671302,1.0546290887775778
300,1557244800,776,645,0,1421,19,-0.3268300892671302,0.1695268481717127
300,1557259200,1182,1434,252,2616,19,2.070376885648536,1.6848523174038168
300,1557273600,806,542,0,1348,19,-0.3268300892671302,0.0769588487960277
300,1557288000,86,44,0,130,19,-0.3268300892671302,-1.467531880513347
300,1557302400,452,316,0,768,19,-0.3268300892671302,-0.6585129270655793
300,1557316800,1178,654,0,1832,19,-0.3268300892671302,0.6906973652046791
300,1557331200,1449,1094,0,2543,19,-0.3268300892671302,1.5922843180281316
300,1557345600,1219,1351,132,2570,19,0.928849754736314,1.6265217972492756
300,1557360000,814,609,0,1423,19,-0.3268300892671302,0.1720629577436493
300,1557374400,111,61,0,172,19,-0.3268300892671302,-1.4142735795026788
300,1557388800,479,361,0,840,19,-0.3268300892671302,-0.5672129824758625
300,1557403200,1336,816,0,2152,19,-0.3268300892671302,1.0964748967145312
300,1557417600,808,653,0,1461,19,-0.3268300892671302,0.22024903961044423
300,1557432000,1211,1430,219,2641,19,1.7564569246476749,1.716553687053024
300,1557446400,892,660,0,1552,19,-0.3268300892671302,0.33564202513355845
300,1557460800,160,72,0,232,19,-0.3268300892671302,-1.3381902923445816
300,1557475200,414,312,0,726,19,-0.3268300892671302,-0.7117712280762474
300,1557489600,1326,704,0,2030,19,-0.3268300892671302,0.9417722128264
300,1557504000,843,707,0,1550,19,-0.3268300892671302,0.33310591556162183
300,1557518400,1110,1665,555,2775,19,4.952732891201896,1.8864730283727744
300,1557532800,914,835,0,1749,19,-0.3268300892671302,0.5854488179693111
300,1557547200,369,121,0,490,19,-0.3268300892671302,-1.0110321575647634
300,1557561600,148,146,0,294,19,-0.3268300892671302,-1.2595708956145477
300,1557576000,500,434,0,934,19,-0.3268300892671302,-0.44801583259484346
300,1557590400,794,667,0,1461,19,-0.3268300892671302,0.22024903961044423
300,1557604800,967,909,0,1876,19,-0.3268300892671302,0.7464917757872837
300,1557619200,828,719,0,1547,19,-0.3268300892671302,0.329301751203717
300,1557633600,307,152,0,459,19,-0.3268300892671302,-1.0503418559297801
300,1557648000,94,81,0,175,19,-0.3268300892671302,-1.410469415144774
300,1557662400,366,328,0,694,19,-0.3268300892671302,-0.7523489812272326
300,1557676800,600,502,0,1102,19,-0.3268300892671302,-0.2349826285521711
300,1557691200,558,566,8,1124,19,-0.25072828053964874,-0.2070854232608688
300,1557705600,394,292,0,686,19,-0.3268300892671302,-0.7624934195149788
300,1557720000,63,28,0,91,19,-0.3268300892671302,-1.5169860171661103
300,1557734400,415,284,0,699,19,-0.3268300892671302,-0.7460087072973911
300,1557748800,1264,726,0,1990,19,-0.3268300892671302,0.8910500213876685
300,1557763200,807,684,0,1491,19,-0.3268300892671302,0.2582906831894929
300,1557777600,1018,1295,277,2313,19,2.308195037921916,1.3006317172554256
300,1557792000,589,473,0,1062,20,-0.35476595636604136,-0.3148090231318987
300,1557806400,80,41,0,121,20,-0.35476595636604136,-1.5389217948968437
300,1557820800,496,350,0,846,20,-0.35476595636604136,-0.5957955892330975
300,1557835200,1153,781,0,1934,20,-0.35476595636604136,0.8195441511284967
300,1557849600,1092,673,0,1765,20,-0.35476595636604136,0.5996981804289475
300,1557864000,1156,1486,330,2642,20,3.1826845150248464,1.7405556733490928
300,1557878400,779,491,0,1270,20,-0.35476595636604136,-0.04422936688629982
300,1557892800,115,55,0,170,20,-0.35476595636604136,-1.4751794720312938
300,1557907200,442,317,0,759,20,-0.35476595636604136,-0.7089707339127471
300,1557921600,1318,722,0,2040,20,-0.35476595636604136,0.9574357067151961
300,1557936000,790,719,0,1509,20,-0.35476595636604136,0.2666770650497489
300,1557950400,1203,1588,385,2791,20,3.772259593589994,1.934384369409642
300,1557964800,837,616,0,1453,20,-0.35476595636604136,0.1938286960605492
300,1557979200,122,74,0,196,20,-0.35476595636604136,-1.441357015000594
300,1557993600,447,303,0,750,20,-0.35476595636604136,-0.720678507500297
300,1558008000,1312,781,0,2093,20,-0.35476595636604136,1.0263814845085457
300,1558022400,769,624,0,1393,20,-0.35476595636604136,0.11577687214354952
300,1558036800,1257,1513,256,2770,20,2.389438045682647,1.907066231038692
300,1558051200,911,751,0,1662,20,-0.35476595636604136,0.46570921603809806
300,1558065600,151,78,0,229,20,-0.35476595636604136,-1.3984285118462443
300,1558080000,437,301,0,738,20,-0.35476595636604136,-0.736288872283697
300,1558094400,1278,709,0,1987,20,-0.35476595636604136,0.8884899289218463
300,1558108800,921,744,0,1665,20,-0.35476595636604136,0.4696118072339481
300,1558123200,1225,1467,242,2692,20,2.239364389320609,1.8055988599465926
300,1558137600,947,950,3,1897,20,-0.3226073157170333,0.7714121930463468
300,1558152000,306,145,0,451,20,-0.35476595636604136,-1.1096367633533455
300,1558166400,160,136,0,296,20,-0.35476595636604136,-1.3112706418055946
300,1558180800,505,473,0,978,20,-0.35476595636604136,-0.42408157661569823
300,1558195200,884,763,0,1647,20,-0.35476595636604136,0.44619626005884816
300,1558209600,1052,875,0,1927,20,-0.35476595636604136,0.8104381050048467
300,1558224000,866,703,0,1569,20,-0.35476595636604136,0.3447288889667486
300,1558238400,374,155,0,529,20,-0.35476595636604136,-1.0081693922612458
300,1558252800,104,76,0,180,20,-0.35476595636604136,-1.4621708347117939
300,1558267200,412,362,0,774,20,-0.35476595636604136,-0.6894577779334972
300,1558281600,724,550,0,1274,20,-0.35476595636604136,-0.03902591195849984
300,1558296000,719,639,0,1358,20,-0.35476595636604136,0.0702466415252997
300,1558310400,549,408,0,957,20,-0.35476595636604136,-0.45139971498664816
300,1558324800,73,35,0,108,20,-0.35476595636604136,-1.5558330234121935
300,1558339200,465,334,0,799,20,-0.35476595636604136,-0.6569361846347473
300,1558353600,1273,676,0,1949,20,-0.35476595636604136,0.8390571071077465
300,1558368000,778,586,0,1364,20,-0.35476595636604136,0.07805182391699968
300,1558382400,1000,1174,174,2174,20,1.5104352012764264,1.1317514467964953
300,1558396800,748,583,0,1331,21,-0.32224710668120815,0.16881991569043578
300,1558411200,119,45,0,164,21,-0.32224710668120815,-1.3821715271682358
300,1558425600,470,352,0,822,21,-0.32224710668120815,-0.5076622131999359
300,1558440000,1305,671,0,1976,21,-0.32224710668120815,1.026051690021064
300,1558454400,862,649,0,1511,21,-0.32224710668120815,0.4080473875966576
300,1558468800,1221,1415,194,2636,21,3.269639931948729,1.9032190870105439
300,1558483200,827,716,0,1543,21,-0.32224710668120815,0.4505767159355415
300,1558497600,123,64,0,187,21,-0.32224710668120815,-1.351603572424663
300,1558512000,519,354,0,873,21,-0.32224710668120815,-0.4398810961598397
300,1558526400,1348,615,0,1963,21,-0.32224710668120815,1.0087741503833925
300,1558540800,825,665,0,1490,21,-0.32224710668120815,0.38013751587426503
300,1558555200,1291,1526,235,2817,21,4.028750079288045,2.143775600427356
300,1558569600,840,650,0,1490,21,-0.32224710668120815,0.38013751587426503
300,1558584000,133,56,0,189,21,-0.32224710668120815,-1.3489454894034827
300,1558598400,438,356,0,794,21,-0.32224710668120815,-0.5448753754964593
300,1558612800,1338,794,0,2132,21,-0.32224710668120815,1.2333821656731228
300,1558627200,766,754,0,1520,21,-0.32224710668120815,0.42000876119196867
300,1558641600,1209,1401,192,2610,21,3.2326101686638844,1.8686640077352008
300,1558656000,902,666,0,1568,21,-0.32224710668120815,0.4838027537002945
300,1558670400,142,66,0,208,21,-0.32224710668120815,-1.3236937007022704
300,1558684800,343,262,0,605,21,-0.32224710668120815,-0.7960642209979922
300,1558699200,1120,770,0,1890,21,-0.32224710668120815,0.9117541201103135
300,1558713600,946,906,0,1852,21,-0.32224710668120815,0.8612505427078889
300,1558728000,1348,1343,0,2691,21,-0.32224710668120815,1.9763163700930007
300,1558742400,977,872,0,1849,21,-0.32224710668120815,0.8572634181761185
300,1558756800,289,98,0,387,21,-0.32224710668120815,-1.0857952703066387
300,1558771200,125,132,7,257,21,-0.19264293518425166,-1.2585706666833545
300,1558785600,437,412,0,849,21,-0.32224710668120815,-0.47177809241400265
300,1558800000,733,589,0,1322,21,-0.32224710668120815,0.15685854209512468
300,1558814400,782,751,0,1533,21,-0.32224710668120815,0.43728630082964026
300,1558828800,743,583,0,1326,21,-0.32224710668120815,0.16217470813748516
300,1558843200,291,120,0,411,21,-0.32224710668120815,-1.0538982740524758
300,1558857600,96,93,0,189,21,-0.32224710668120815,-1.3489454894034827
300,1558872000,377,345,0,722,21,-0.32224710668120815,-0.6405663642589481
300,1558886400,658,568,0,1226,21,-0.32224710668120815,0.02927055707847305
300,1558900800,670,740,70,1410,21,0.9737946082883567,0.27381419502705534
300,1558915200,529,376,0,905,21,-0.32224710668120815,-0.3973517678209559
300,1558929600,155,101,0,256,21,-0.32224710668120815,-1.2598997081939445
300,1558944000,84,97,13,181,21,-0.08155364532971753,-1.3595778214882035
300,1558958400,407,320,0,727,21,-0.32224710668120815,-0.6339211567059975
300,1558972800,635,438,0,1073,21,-0.32224710668120815,-0.1740727940418155
300,1558987200,531,551,20,1082,21,0.04805052616723896,-0.1621114204465044
300,1559001600,527,340,0,867,22,-0.3831495223470283,-0.48826646016754804
300,1559016000,81,36,0,117,22,-0.3831495223470283,-1.5098122555499716
300,1559030400,409,317,0,726,22,-0.3831495223470283,-0.6803170696994436
300,1559044800,1139,749,0,1888,22,-0.3831495223470283,0.9023978826130578
300,1559059200,768,563,0,1331,22,-0.3831495223470283,0.14372987190904463
300,1559073600,1077,1265,188,2342,22,1.83160057168821,1.5207736040845514
300,1559088000,604,524,0,1128,22,-0.3831495223470283,-0.13276852337446468
300,1559102400,107,47,0,154,22,-0.3831495223470283,-1.4594159963111053
300,1559116800,471,343,0,814,22,-0.3831495223470283,-0.5604556963745726
300,1559131200,1339,702,0,2041,22,-0.3831495223470283,1.1107932248710721
300,1559145600,686,620,0,1306,22,-0.3831495223470283,0.10967834539629717
300,1559160000,1138,1445,307,2583,22,3.2334902588700896,1.849030319667437
300,1559174400,650,490,0,1140,22,-0.3831495223470283,-0.11642379064834589
300,1559188800,101,50,0,151,22,-0.3831495223470283,-1.463502179492635
300,1559203200,490,341,0,831,22,-0.3831495223470283,-0.5373006583459043
300,1559217600,1218,754,0,1972,22,-0.3831495223470283,1.0168110116958893
300,1559232000,674,644,0,1318,22,-0.3831495223470283,0.12602307812241595
300,1559246400,1229,1463,234,2692,22,2.3735075095904494,1.9974949752630158
300,1559260800,803,651,0,1454,22,-0.3831495223470283,0.31126338235176204
300,1559275200,123,60,0,183,22,-0.3831495223470283,-1.4199162255563182
300,1559289600,419,335,0,754,22,-0.3831495223470283,-0.6421793600051665
300,1559304000,1245,701,0,1946,22,-0.3831495223470283,0.9813974241226319
300,1559318400,789,856,67,1645,22,0.40614971329318955,0.5714170449091526
300,1559332800,1214,1524,310,2738,22,3.2688320156898008,2.060149784046471
300,1559347200,904,824,0,1728,22,-0.3831495223470283,0.6844681129314741
300,1559361600,374,176,0,550,22,-0.3831495223470283,-0.9200398163491857
300,1559376000,143,110,0,253,22,-0.3831495223470283,-1.3245719513206253
300,1559390400,471,482,11,953,22,-0.25356308067475375,-0.37112920896369683
300,1559404800,772,616,0,1388,22,-0.3831495223470283,0.2213673523581088
300,1559419200,851,810,0,1661,22,-0.3831495223470283,0.593210021877311
300,1559433600,719,700,0,1419,22,-0.3831495223470283,0.26359124523391564
300,1559448000,338,176,0,514,22,-0.3831495223470283,-0.969074014527542
300,1559462400,115,77,0,192,22,-0.3831495223470283,-1.4076576760117292
300,1559476800,373,333,0,706,22,-0.3831495223470283,-0.7075582909096416
300,1559491200,658,637,0,1295,22,-0.3831495223470283,0.0946956737306883
300,1559505600,722,690,0,1412,22,-0.3831495223470283,0.25405681781034634
300,1559520000,498,391,0,889,22,-0.3831495223470283,-0.4583011168363303
300,1559534400,81,39,0,120,22,-0.3831495223470283,-1.5057260723684418
300,1559548800,442,308,0,750,22,-0.3831495223470283,-0.6476276042472061
300,1559563200,1205,684,0,1889,22,-0.3831495223470283,0.9037599436735677
300,1559577600,731,558,0,1289,22,-0.3831495223470283,0.08652330736762891
300,1559592000,1046,1295,249,2341,22,2.5502162936890054,1.5194115430240416
300,1559606400,685,531,0,1216,23,-0.3715465283877965,-0.03636040813351705
300,1559620800,99,42,0,141,23,-0.3715465283877965,-1.5060760994748743
300,1559635200,456,256,0,712,23,-0.3715465283877965,-0.7254178113298371
300,1559649600,1237,653,0,1890,23,-0.3715465283877965,0.8851171509028315
300,1559664000,686,598,0,1284,23,-0.3715465283877965,0.05660765420249438
300,1559678400,1071,1396,325,2467,23,2.8941393135268347,1.6739785033716343
300,1559692800,761,601,0,1362,23,-0.3715465283877965,0.16324749041144868
300,1559707200,108,72,0,180,23,-0.3715465283877965,-1.452756181370397
300,1559721600,493,311,0,804,23,-0.3715465283877965,-0.5996374916987628
300,1559736000,1340,714,0,2054,23,-0.3715465283877965,1.1093342424190944
300,1559750400,800,605,0,1405,23,-0.3715465283877965,0.22203611806510296
300,1559764800,1147,1397,250,2544,23,2.1405195038542275,1.7792511621932945
300,1559779200,729,647,0,1376,23,-0.3715465283877965,0.18238797383356867
300,1559793600,125,57,0,182,23,-0.3715465283877965,-1.4500218265958085
300,1559808000,435,297,0,732,23,-0.3715465283877965,-0.6980742635839513
300,1559822400,1284,643,0,1927,23,-0.3715465283877965,0.9357027142327201
300,1559836800,660,649,0,1309,23,-0.3715465283877965,0.09078708888485153
300,1559851200,1058,1340,282,2398,23,2.4620639559812068,1.5796432636483286
300,1559865600,874,764,0,1638,23,-0.3715465283877965,0.5405884493046715
300,1559880000,142,61,0,203,23,-0.3715465283877965,-1.4213111014626285
300,1559894400,403,285,0,688,23,-0.3715465283877965,-0.7582300686248999
300,1559908800,1223,728,0,1951,23,-0.3715465283877965,0.968514971527783
300,1559923200,851,743,0,1594,23,-0.3715465283877965,0.48043264426372295
300,1559937600,1239,1576,337,2815,23,3.014718483074452,2.149756234150046
300,1559952000,816,841,25,1657,23,-0.12033992516359408,0.566564819663263
300,1559966400,347,154,0,501,23,-0.3715465283877965,-1.0138922400489314
300,1559980800,141,97,0,238,23,-0.3715465283877965,-1.3734598929073285
300,1559995200,516,459,0,975,23,-0.3715465283877965,-0.3658501584714399
300,1560009600,889,753,0,1642,23,-0.3715465283877965,0.5460571588538486
300,1560024000,910,799,0,1709,23,-0.3715465283877965,0.6376580438025659
300,1560038400,710,642,0,1352,23,-0.3715465283877965,0.14957571653850582
300,1560052800,349,156,0,505,23,-0.3715465283877965,-1.0084235304997542
300,1560067200,111,63,0,174,23,-0.3715465283877965,-1.4609592456941627
300,1560081600,398,353,0,751,23,-0.3715465283877965,-0.67209789322536
300,1560096000,686,511,0,1197,23,-0.3715465283877965,-0.062336778492108474
300,1560110400,687,545,0,1232,23,-0.3715465283877965,-0.014485569936808475
300,1560124800,512,332,0,844,23,-0.3715465283877965,-0.5449503962069914
300,1560139200,102,52,0,154,23,-0.3715465283877965,-1.4883027934400486
300,1560153600,426,287,0,713,23,-0.3715465283877965,-0.7240506339425428
300,1560168000,1316,697,0,2013,23,-0.3715465283877965,1.0532799695400288
300,1560182400,730,622,0,1352,23,-0.3715465283877965,0.14957571653850582
300,1560196800,987,1321,334,2308,23,2.9845736906875477,1.456597298791843
300,1560211200,652,455,0,1107,24,-0.41846840767834953,-0.3953781449530994
300,1560225600,86,40,0,126,24,-0.41846840767834953,-1.5886588839321751
300,1560240000,471,314,0,785,24,-0.41846840767834953,-0.7870564303264556
300,1560254400,1372,780,0,2152,24,-0.41846840767834953,0.8757516942244075
300,1560268800,654,547,0,1201,24,-0.41846840767834953,-0.2810372790366538
300,1560283200,1170,1439,269,2609,24,2.0066950034270588,1.431642925328829
300,1560297600,771,668,0,1439,24,-0.41846840767834953,0.008464062326261616
300,1560312000,101,46,0,147,24,-0.41846840767834953,-1.563114647929565
300,1560326400,502,325,0,827,24,-0.41846840767834953,-0.7359679583212352
300,1560340800,1369,723,0,2092,24,-0.41846840767834953,0.8027681627883784
300,1560355200,776,768,0,1544,24,-0.41846840767834953,0.13618524233931253
300,1560369600,1286,1465,179,2751,24,1.1953020406036878,1.6043706163940978
300,1560384000,876,522,0,1398,24,-0.41846840767834953,-0.04140801748835827
300,1560398400,118,57,0,175,24,-0.41846840767834953,-1.5290556665927515
300,1560412800,444,308,0,752,24,-0.41846840767834953,-0.8271973726162716
300,1560427200,1450,728,0,2178,24,-0.41846840767834953,0.90737789118002
300,1560441600,776,756,0,1532,24,-0.41846840767834953,0.12158853605210672
300,1560456000,1048,1483,435,2531,24,3.503264245967942,1.3367643344619913
300,1560470400,879,718,0,1597,24,-0.41846840767834953,0.20065402844113825
300,1560484800,192,83,0,275,24,-0.41846840767834953,-1.407416447532703
300,1560499200,416,309,0,725,24,-0.41846840767834953,-0.8600399617624847
300,1560513600,1225,742,0,1967,24,-0.41846840767834953,0.6507191389633177
300,1560528000,861,827,0,1688,24,-0.41846840767834953,0.3113457177857824
300,1560542400,1270,1501,231,2771,24,1.664106863568302,1.6286984602061076
300,1561161600,9194,9957,763,19151,25,3.591578493805922,4.080072237369874
300,1561176000,394,168,0,562,25,-0.3460553398278717,-0.3519071245461307
300,1561190400,130,103,0,233,25,-0.3460553398278717,-0.43034712723967883
300,1561204800,535,423,0,958,25,-0.3460553398278717,-0.25749301796058344
300,1561219200,814,599,0,1413,25,-0.3460553398278717,-0.14901216317163393
300,1561233600,868,895,27,1763,25,-0.20671574152104016,-0.06556535179551894
300,1561248000,718,685,0,1403,25,-0.3460553398278717,-0.1513963577823801
300,1561262400,334,180,0,514,25,-0.3460553398278717,-0.3633512586777122
300,1561276800,123,73,0,196,25,-0.3460553398278717,-0.43916864729943955
300,1561291200,399,308,0,707,25,-0.3460553398278717,-0.31733630269031166
300,1561305600,693,606,0,1299,25,-0.3460553398278717,-0.17619198173413997
300,1561320000,653,621,0,1274,25,-0.3460553398278717,-0.18215246826100534
300,1561334400,467,393,0,860,25,-0.3460553398278717,-0.28085812514589564
300,1561348800,74,47,0,121,25,-0.3460553398278717,-0.4570501068800356
300,1561363200,384,290,0,674,25,-0.3460553398278717,-0.32520414490577393
300,1561377600,1167,717,0,1884,25,-0.3460553398278717,-0.036716597005490605
300,1561392000,709,542,0,1251,25,-0.3460553398278717,-0.18763611586572146
300,1561406400,1002,1419,417,2421,25,1.8059673451331928,0.09131465359157728
300,1561420800,674,540,0,1214,26,-0.4517375474026109,-0.0967485178896112
300,1561435200,67,43,0,110,26,-0.4517375474026109,-1.6107664988229533
300,1561449600,442,270,0,712,26,-0.4517375474026109,-0.785187853422707
300,1561464000,1386,693,0,2079,26,-0.4517375474026109,1.089506512461241
300,1561478400,741,670,0,1411,26,-0.4517375474026109,0.1734159225486754
300,1561492800,1070,1358,288,2428,26,2.5309138572818766,1.5681227038975967
300,1561507200,677,677,0,1354,26,-0.4517375474026109,0.09524651592439959
300,1561521600,112,68,0,180,26,-0.4517375474026109,-1.514768981915948
300,1561536000,418,326,0,744,26,-0.4517375474026109,-0.7413032742652188
300,1561550400,1339,758,0,2097,26,-0.4517375474026109,1.1141915882373283
300,1561564800,719,646,0,1365,26,-0.4517375474026109,0.11033184000978614
300,1561579200,1120,1348,228,2468,26,1.9095281479726083,1.6229784278444568
300,1561593600,844,635,0,1479,26,-0.4517375474026109,0.2666706532583378
300,1561608000,163,59,0,222,26,-0.4517375474026109,-1.4571704717717449
300,1561622400,426,221,0,647,26,-0.4517375474026109,-0.8743284048363549
300,1561636800,1271,664,0,1935,26,-0.4517375474026109,0.8920259062525443
300,1561651200,762,649,0,1411,26,-0.4517375474026109,0.1734159225486754
300,1561665600,1077,1236,159,2313,26,1.19493458226695,1.4104124975503736
300,1561680000,1049,870,0,1919,26,-0.4517375474026109,0.8700836166738003
300,1561694400,164,88,0,252,26,-0.4517375474026109,-1.4160286788115997
300,1561708800,348,259,0,607,26,-0.4517375474026109,-0.9291841287832151
300,1561723200,1189,671,0,1860,26,-0.4517375474026109,0.7891714238521814
300,1561737600,779,824,45,1603,26,0.014301734579340286,0.4367233974936045
300,1561752000,1198,1585,387,2783,26,3.5562002776421693,2.054967253925981
300,1561766400,743,993,250,1736,26,2.13736957471934,0.6191186796169147
300,1561780800,372,235,0,607,26,-0.4517375474026109,-0.9291841287832151
300,1561795200,118,119,1,237,26,-0.44138111891412307,-1.4365995752916723
300,1561809600,480,450,0,930,26,-0.4517375474026109,-0.4862241579123188
300,1561824000,811,876,65,1687,26,0.22143030434909636,0.551920417782011
300,1561838400,920,948,28,1868,26,-0.16175754972495238,0.8001425686415534
300,1561852800,751,843,92,1594,26,0.501053873538267,0.42438085960556093
300,1561867200,377,178,0,555,26,-0.4517375474026109,-1.0004965699141335
300,1561881600,105,83,0,188,26,-0.4517375474026109,-1.5037978371265759
300,1561896000,454,358,0,812,26,-0.4517375474026109,-0.6480485435555564
300,1561910400,760,695,0,1455,26,-0.4517375474026109,0.23375721889022166
300,1561924800,729,692,0,1421,26,-0.4517375474026109,0.18712985353539047
300,1561939200,627,541,0,1168,26,-0.4517375474026109,-0.15983260042850045
300,1561953600,118,116,0,234,26,-0.4517375474026109,-1.4407137545876867
300,1561968000,368,239,0,607,26,-0.4517375474026109,-0.9291841287832151
300,1561982400,1170,688,0,1858,26,-0.4517375474026109,0.7864286376548384
300,1561996800,863,683,0,1546,26,-0.4517375474026109,0.35855399086932865
300,1562011200,983,1272,289,2255,26,2.5412702857703646,1.3308716978274262
300,1562025600,583,453,0,1036,27,-0.370927508009758,0.13149061125620654
300,1562040000,97,71,0,168,27,-0.370927508009758,-1.2931588710408257
300,1562054400,419,264,0,683,27,-0.370927508009758,-0.4478887288945451
300,1562068800,1152,651,0,1803,27,-0.370927508009758,1.3903686676177547
300,1562083200,688,593,0,1281,27,-0.370927508009758,0.5336094167432721
300,1562097600,911,1247,336,2158,27,4.650860292737735,1.9730306102622786
300,1562112000,672,603,0,1275,27,-0.370927508009758,0.5237616092619563
300,1562126400,121,69,0,190,27,-0.370927508009758,-1.2570502436093343
300,1562140800,331,230,0,561,27,-0.370927508009758,-0.6481274810146349
300,1562143355,53,70,17,123,27,-0.1168489585671765,-1.367017427150695
300,1562143438,3,3,0,6,27,-0.370927508009758,-1.559049673036355
300,1562155200,1078,617,0,1695,27,-0.370927508009758,1.2131081329540687
300,1562169600,765,794,29,1559,27,0.06250060574523399,0.9898911633775751
300,1562184000,1049,1147,98,2196,27,1.0937606005415943,2.0354000576439457
300,1562198400,696,699,3,1395,27,-0.3260901169316554,0.720717758888274
300,1562212800,208,89,0,297,27,-0.370927508009758,-1.0814310101925342
300,1562227200,105,109,4,214,27,-0.3111443199056212,-1.2176590136840706
300,1562241600,443,330,0,773,27,-0.370927508009758,-0.30017161667480674
300,1562256000,544,537,0,1081,27,-0.370927508009758,0.20534916736607572
300,1562270400,515,672,157,1187,27,1.9755626250776126,0.3793270995359898
300,1562284800,597,488,0,1085,27,-0.370927508009758,0.21191437235361965
300,1562299200,199,99,0,298,27,-0.370927508009758,-1.079789708945648
300,1562313600,156,212,56,368,27,0.46603712544815756,-0.9648986216636294
300,1562328000,578,611,33,1189,27,0.12228379384937081,0.38260970202976174
300,1562342400,722,648,0,1370,27,-0.370927508009758,0.6796852277161245
300,1562356800,877,961,84,1838,27,0.8845194421771154,1.447814211258764
300,1562371200,660,646,0,1306,27,-0.370927508009758,0.5746419479154217
300,1562385600,235,118,0,353,27,-0.370927508009758,-0.9895181403669192
300,1562400000,106,95,0,201,27,-0.370927508009758,-1.2389959298935884
300,1562414400,362,384,22,746,27,-0.042119973437005465,-0.34448675034072823
300,1562428800,625,588,0,1213,27,-0.370927508009758,0.42200093195502536
300,1562443200,674,611,0,1285,27,-0.370927508009758,0.540174621730816
300,1562457600,627,516,0,1143,27,-0.370927508009758,0.3071098446730066
300,1562472000,246,121,0,367,27,-0.370927508009758,-0.9665399229105154
300,1562486400,88,78,0,166,27,-0.370927508009758,-1.2964414735345977
300,1562500800,333,298,0,631,27,-0.370927508009758,-0.5332363937326162
300,1562515200,534,531,0,1065,27,-0.370927508009758,0.17908834741590002
300,1562529600,552,526,0,1078,27,-0.370927508009758,0.20042526362541777
300,1562544000,457,407,0,864,27,-0.370927508009758,-0.15081320320818237
300,1562558400,76,32,0,108,27,-0.370927508009758,-1.3916369458539848
300,1562572800,387,206,0,593,27,-0.370927508009758,-0.5956058411142835
300,1562587200,1204,676,0,1880,27,-0.370927508009758,1.5167488636279753
300,1562601600,618,550,0,1168,27,-0.370927508009758,0.34814237584515617
300,1562616000,905,1158,253,2063,27,3.4103591395768964,1.8171069918081102
300,1562630400,666,469,0,1135,28,-0.40544557221601335,0.003916951469412836
300,1562644800,92,43,0,135,28,-0.40544557221601335,-1.332097503214007
300,1562659200,392,259,0,651,28,-0.40544557221601335,-0.6427140445973624
300,1562673600,1311,648,0,1959,28,-0.40544557221601335,1.1047928621285508
300,1562688000,673,638,0,1311,28,-0.40544557221601335,0.23905549549369473
300,1562702400,1015,1426,411,2441,28,2.462007586937051,1.748751829285959
300,1562716800,756,583,0,1339,28,-0.40544557221601335,0.27646390022483047
300,1562731200,113,72,0,185,28,-0.40544557221601335,-1.2652967804798358
300,1562745600,445,263,0,708,28,-0.40544557221601335,-0.5665612206804074
300,1562748946,107,106,0,213,28,-0.40544557221601335,-1.2278883757487002
300,1562760000,1323,730,0,2053,28,-0.40544557221601335,1.2303782208687921
300,1562774400,627,580,0,1207,28,-0.40544557221601335,0.10010999220661906
300,1562788800,1007,1520,513,2527,28,3.1736382979677384,1.8636490723887331
300,1562803200,650,554,0,1204,28,-0.40544557221601335,0.0961019488425688
300,1562817600,161,71,0,232,28,-0.40544557221601335,-1.2025041011097153
300,1562831033,303,172,0,475,28,-0.40544557221601335,-0.8778525886216442
300,1562832000,115,142,27,257,28,-0.21707273694318432,-1.1691037397426298
300,1562846400,1290,650,0,1940,28,-0.40544557221601335,1.0794085874895658
300,1562860800,707,695,0,1402,28,-0.40544557221601335,0.3606328108698859
300,1562875200,1095,1559,464,2654,28,2.8317764858059373,2.0333229081335276
300,1562889600,746,637,0,1383,28,-0.40544557221601335,0.33524853623090095
300,1562904000,118,61,0,179,28,-0.40544557221601335,-1.2733128672079366
300,1562918400,392,260,0,652,28,-0.40544557221601335,-0.6413780301426789
300,1562932800,1258,713,0,1971,28,-0.40544557221601335,1.1208250355847518
300,1562947200,641,811,170,1452,28,0.7806056128351324,0.4274335336040569
300,1562961600,1071,1495,424,2566,28,2.5527056187350796,1.9157536361213865
300,1562976000,874,997,123,1871,28,0.45269734402687445,0.9872235901164098
300,1562990400,409,143,0,552,28,-0.40544557221601335,-0.7749794756110209
300,1563004800,135,114,0,249,28,-0.40544557221601335,-1.179791855380097
300,1563019200,502,431,0,933,28,-0.40544557221601335,-0.26595796837663793
300,1563033600,731,672,0,1403,28,-0.40544557221601335,0.3619688253245693
300,1563048000,715,670,0,1385,28,-0.40544557221601335,0.3379205651402678
300,1563062400,426,303,0,729,28,-0.40544557221601335,-0.5385049171320556
300,1563076800,222,97,0,319,28,-0.40544557221601335,-1.0862708435522577
300,1563091200,79,60,0,139,28,-0.40544557221601335,-1.3267534453952732
300,1563105600,363,302,0,665,28,-0.40544557221601335,-0.6240098422317945
300,1563120000,680,512,0,1192,28,-0.40544557221601335,0.08006977538636777
300,1563134400,659,643,0,1302,28,-0.40544557221601335,0.22703136540154395
300,1563148800,488,361,0,849,28,-0.40544557221601335,-0.37818318257004524
300,1563163200,77,34,0,111,28,-0.40544557221601335,-1.364161850126409
300,1563177600,405,225,0,630,28,-0.40544557221601335,-0.6707703481457141
300,1563192000,1194,683,0,1877,28,-0.40544557221601335,0.9952396768445103
300,1563206400,595,514,0,1109,28,-0.40544557221601335,-0.030819424352356076
300,1563220800,920,1345,425,2265,28,2.5596823904118513,1.5136132852616773
300,1563235200,682,537,0,1219,29,-0.37104789693422724,0.13447578085888515
300,1563249600,91,46,0,137,29,-0.37104789693422724,-1.3634472362515027
300,1563264000,471,275,0,746,29,-0.37104789693422724,-0.5203463883585024
300,1563278400,1317,710,0,2027,29,-0.37104789693422724,1.2530726365198772
300,1563279666,21,20,0,41,29,-0.37104789693422724,-1.4963498329636997
300,1563291920,293,338,45,631,29,-0.015617400596651069,-0.6795526240033218
300,1563292800,678,535,0,1213,29,-0.37104789693422724,0.12616936856437283
300,1563307200,1047,1231,184,2278,29,1.0822679103127508,1.600557550840309
300,1563321600,727,556,0,1283,29,-0.37104789693422724,0.22307751200034986
300,1563336000,111,49,0,160,29,-0.37104789693422724,-1.3316059891225387
300,1563350400,424,249,0,673,29,-0.37104789693422724,-0.6214077379417356
300,1563364800,1340,676,0,2016,29,-0.37104789693422724,1.237844213979938
300,1563379200,681,642,0,1323,29,-0.37104789693422724,0.2784535939637653
300,1563393600,1001,1516,515,2517,29,3.6966566722624776,1.9314296405717162
300,1563408000,742,613,0,1355,29,-0.37104789693422724,0.32275445953449766
300,1563422400,88,39,0,127,29,-0.37104789693422724,-1.3772912567423565
300,1563436800,424,277,0,701,29,-0.37104789693422724,-0.5826444805673449
300,1563451200,1359,742,0,2101,29,-0.37104789693422724,1.3555183881521957
300,1563465600,673,561,0,1234,29,-0.37104789693422724,0.15524181159516592
300,1563480000,995,1493,498,2488,29,3.5623829292016156,1.8912819811482402
300,1563494400,798,627,0,1425,29,-0.37104789693422724,0.4196626029704747
300,1563508800,115,74,0,189,29,-0.37104789693422724,-1.2914583296990625
300,1563523200,384,281,0,665,29,-0.37104789693422724,-0.6324829543344187
300,1563537600,1204,731,0,1935,29,-0.37104789693422724,1.1257076480040216
300,1563552000,703,750,47,1453,29,0.00017951035168564962,0.4584258603448655
300,1563566400,1159,1439,280,2598,29,1.8405196358329134,2.0435662065476325
300,1563580800,767,860,93,1627,29,0.3635084621634302,0.6993118168857226
300,1563595200,349,122,0,471,29,-0.37104789693422724,-0.9010569518569836
300,1563609600,129,108,0,237,29,-0.37104789693422724,-1.225007031342964
300,1563624000,508,424,0,932,29,-0.37104789693422724,-0.26284760722862066
300,1563638400,614,517,0,1131,29,-0.37104789693422724,0.01264840053937117
300,1563652800,632,600,0,1232,29,-0.37104789693422724,0.15247300749699516
300,1563667200,647,616,0,1263,29,-0.37104789693422724,0.19538947101864212
300,1563681600,338,141,0,479,29,-0.37104789693422724,-0.8899817354643006
300,1563696000,97,73,0,170,29,-0.37104789693422724,-1.3177619686316848
300,1563710400,324,300,0,624,29,-0.37104789693422724,-0.6892434383469196
300,1563724800,539,510,0,1049,29,-0.37104789693422724,-0.10087256748563049
300,1563739200,564,530,0,1094,29,-0.37104789693422724,-0.03857447527678812
300,1563753600,428,258,0,686,29,-0.37104789693422724,-0.6034105113036257
300,1563768000,80,43,0,123,29,-0.37104789693422724,-1.382828864938698
300,1563782400,390,220,0,610,29,-0.37104789693422724,-0.708625067034115
300,1563796800,1163,629,0,1792,29,-0.37104789693422724,0.9277381549848114
300,1563811200,602,514,0,1116,29,-0.37104789693422724,-0.008117630196909621
300,1563825600,893,1298,405,2191,29,2.827826570103958,1.4801145725698803
300,1563840000,443,352,0,795,30,-0.42709594101640663,-0.5398687328190153
300,1563854400,69,38,0,107,30,-0.42709594101640663,-1.493389723369328
300,1563868800,413,247,0,660,30,-0.42709594101640663,-0.7269695085810679
300,1563879317,218,330,112,548,30,0.4734706316346504,-0.882193855879956
300,1563883200,1304,696,0,2000,30,-0.42709594101640663,1.130178932316344
300,1563897600,596,576,0,1172,30,-0.42709594101640663,-0.0173724923575792
300,1563912000,913,1373,460,2286,30,3.2716596252290064,1.5265553905974334
300,1563926400,644,617,0,1261,30,-0.42709594101640663,0.10597542647814442
300,1563940800,117,75,0,192,30,-0.42709594101640663,-1.3755855312228507
300,1563955200,445,215,0,660,30,-0.42709594101640663,-0.7269695085810679
300,1563969600,1296,719,0,2015,30,-0.42709594101640663,1.1509679074010164
300,1563984000,673,629,0,1302,30,-0.42709594101640663,0.16279862504291598
300,1563998400,1091,1513,422,2604,30,2.966110252365255,1.9672816623924907
300,1564012800,815,632,0,1447,30,-0.42709594101640663,0.3637587175280837
300,1564027200,132,107,0,239,30,-0.42709594101640663,-1.31044674262421
300,1564041600,434,214,0,648,30,-0.42709594101640663,-0.7436006886488059
300,1564056000,1261,663,0,1924,30,-0.42709594101640663,1.0248481252206698
300,1564070400,652,685,33,1337,30,-0.16175043300314876,0.21130623357381853
300,1564084800,1041,1376,335,2417,30,2.266563003966666,1.70811243967024
300,1564099200,864,767,0,1631,30,-0.42709594101640663,0.6187701452333999
300,1564113600,163,74,0,237,30,-0.42709594101640663,-1.3132186059688329
300,1564128000,339,233,0,572,30,-0.42709594101640663,-0.84893149574448
300,1564142400,1063,774,0,1837,30,-0.42709594101640663,0.9042720697295692
300,1564156800,764,734,0,1498,30,-0.42709594101640663,0.43444123281597025
300,1564171200,1220,1528,308,2748,30,2.0494621337740004,2.166855823205347
300,1564185600,894,917,23,1811,30,-0.242158162704136,0.8682378462494702
300,1564200000,345,174,0,519,30,-0.42709594101640663,-0.9223858743769896
300,1564214400,128,114,0,242,30,-0.42709594101640663,-1.3062889476072754
300,1564228800,510,467,0,977,30,-0.42709594101640663,-0.287629168458322
300,1564243200,701,657,0,1358,30,-0.42709594101640663,0.24041079869236007
300,1564257600,775,800,25,1575,30,-0.22607661676393856,0.5411579715839558
300,1564272000,750,705,0,1455,30,-0.42709594101640663,0.3748461709065757
300,1564286400,369,179,0,548,30,-0.42709594101640663,-0.882193855879956
300,1564300800,98,64,0,162,30,-0.42709594101640663,-1.4171634813921956
300,1564315200,355,315,0,670,30,-0.42709594101640663,-0.7131101918579529
300,1564329600,700,602,0,1302,30,-0.42709594101640663,0.16279862504291598
300,1564344000,657,811,154,1468,30,0.8111830963787968,0.39286328264662523
300,1564358400,495,356,0,851,30,-0.42709594101640663,-0.46225655916957115
300,1564372800,71,47,0,118,30,-0.42709594101640663,-1.4781444749739017
300,1564387200,418,208,0,626,30,-0.42709594101640663,-0.7740911854396589
300,1564401600,1119,653,0,1772,30,-0.42709594101640663,0.8141865110293216
300,1564416000,565,589,24,1154,30,-0.23411738973403728,-0.04231926245918622
300,1564430400,901,1289,388,2190,30,2.6927239713818985,1.3935059500555291
300,1564444800,641,545,0,1186,31,-0.47864420554962844,-0.15245430970620966
300,1564459200,98,63,0,161,31,-0.47864420554962844,-1.513752320150041
300,1564473600,445,228,0,673,31,-0.47864420554962844,-0.8337673627380978
300,1564488000,1273,740,0,2013,31,-0.47864420554962844,0.9458807679884718
300,1564502400,630,588,0,1218,31,-0.47864420554962844,-0.10995524986796322
300,1564516800,948,1437,489,2385,31,3.0344066989722225,1.4399323386080867
300,1564531200,696,542,0,1238,31,-0.47864420554962844,-0.08339333746905919
300,1564545600,115,66,0,181,31,-0.47864420554962844,-1.4871904077511369
300,1564560000,425,259,0,684,31,-0.47864420554962844,-0.8191583109187006
300,1564574400,1202,683,0,1885,31,-0.47864420554962844,0.775884528635486
300,1564588800,539,671,132,1210,31,0.4696640140759018,-0.12058001482752483
300,1564603200,1014,1358,344,2372,31,1.9927044880199352,1.422667095548799
300,1564617600,679,572,0,1251,31,-0.47864420554962844,-0.06612809440977158
300,1564632000,115,66,0,181,31,-0.47864420554962844,-1.4871904077511369
300,1564646400,408,240,0,648,31,-0.47864420554962844,-0.8669697532367279
300,1564660800,1184,767,0,1951,31,-0.47864420554962844,0.8635388395518693
300,1564675200,642,585,0,1227,31,-0.47864420554962844,-0.0980023892884564
300,1564689600,1112,1502,390,2614,31,2.3231755342530747,1.7440662355755376
300,1564704000,785,687,0,1472,31,-0.47864420554962844,0.2273810375981179
300,1564718400,166,105,0,271,31,-0.47864420554962844,-1.3676618019560687
300,1564732800,345,231,0,576,31,-0.47864420554962844,-0.9625926378727824
300,1564747200,1160,718,0,1878,31,-0.47864420554962844,0.7665878592958696
300,1564761600,747,783,36,1530,31,-0.220014691106302,0.30441058355493955
300,1564776000,1103,1311,208,2414,31,1.0156596556784798,1.4784471115864974
300,1565395200,8616,9535,919,18151,32,3.838948907981035,4.088586753448294
300,1565409600,294,119,0,413,32,-0.3378396237094597,-0.365039934420539
300,1565424000,157,98,0,255,32,-0.3378396237094597,-0.4047103040610439
300,1565438400,452,346,0,798,32,-0.3378396237094597,-0.26837479320791635
300,1565452800,706,525,0,1231,32,-0.3378396237094597,-0.1596578941298238
300,1565467200,775,620,0,1395,32,-0.3378396237094597,-0.11848105475613521
300,1565481600,658,725,67,1383,32,-0.033329469603623804,-0.12149399422250266
300,1565496000,337,154,0,491,32,-0.3378396237094597,-0.3454558278891505
300,1565510400,103,74,0,177,32,-0.3378396237094597,-0.4242944105924324
300,1565524800,414,341,0,755,32,-0.3378396237094597,-0.2791711596290664
300,1565539200,659,509,0,1168,32,-0.3378396237094597,-0.17547582632825298
300,1565553600,579,582,3,1161,32,-0.3242048406897954,-0.17723337435030068
300,1565568000,430,317,0,747,32,-0.3378396237094597,-0.28117978593997806
300,1565582400,81,39,0,120,32,-0.3378396237094597,-0.4386058730576778
300,1565596800,360,229,0,589,32,-0.3378396237094597,-0.3208501555804829
300,1565611200,963,590,0,1553,32,-0.3378396237094597,-0.07881068511563032
300,1565625600,568,540,0,1108,32,-0.3378396237094597,-0.19054052366009028
300,1565640000,880,1229,349,2109,32,1.2483401342448197,0.06078884349272865
300,1565654400,587,483,0,1070,33,-0.39343435369484864,-0.0979845632212718
300,1565668800,91,51,0,142,33,-0.39343435369484864,-1.4702613638365383
300,1565683200,412,256,0,668,33,-0.39343435369484864,-0.6924406772809023
300,1565697600,1202,661,0,1863,33,-0.39343435369484864,1.0746614528217306
300,1565712000,576,636,60,1212,33,0.11215186318991352,0.11199744721770216
300,1565726400,952,1291,339,2243,33,2.4631277717040576,1.6365851427288443
300,1565740800,674,572,0,1246,33,-0.39343435369484864,0.16227482999886494
300,1565755200,99,78,0,177,33,-0.39343435369484864,-1.4185052345029885
300,1565769600,392,261,0,653,33,-0.39343435369484864,-0.7146218755667094
300,1565784000,1200,671,0,1871,33,-0.39343435369484864,1.0864914252408278
300,1565798400,689,658,0,1347,33,-0.39343435369484864,0.3116282317899662
300,1565812800,916,1348,432,2264,33,3.246786407875439,1.667638820328974
300,1565827200,733,599,0,1332,33,-0.39343435369484864,0.28944703350415907
300,1565841600,114,65,0,179,33,-0.39343435369484864,-1.415547741398214
300,1565856000,365,250,0,615,33,-0.39343435369484864,-0.7708142445574208
300,1565870400,1192,705,0,1897,33,-0.39343435369484864,1.1249388356028935
300,1565884800,685,686,1,1371,33,-0.38500791674676926,0.3471181490472575
300,1565899200,1059,1480,421,2539,33,3.1540956014465658,2.074294122235438
300,1565913600,828,657,0,1485,33,-0.39343435369484864,0.5156952560193916
300,1565928000,173,87,0,260,33,-0.39343435369484864,-1.2957692706548558
300,1565942400,337,218,0,555,33,-0.39343435369484864,-0.8595390377006492
300,1565956800,1091,710,0,1801,33,-0.39343435369484864,0.982979166573728
300,1565971200,678,754,76,1432,33,0.24697485435918343,0.43732168874287314
300,1565985600,1062,1341,279,2403,33,1.9575415548192954,1.8731845911107867
300,1566000000,797,774,0,1571,33,-0.39343435369484864,0.6428674595246857
300,1566014400,281,154,0,435,33,-0.39343435369484864,-1.0369886239871062
300,1566028800,119,113,0,232,33,-0.39343435369484864,-1.3371741741216956
300,1566043200,440,379,0,819,33,-0.39343435369484864,-0.4691499478704441
300,1566057600,663,636,0,1299,33,-0.39343435369484864,0.2406483972753834
300,1566072000,779,724,0,1503,33,-0.39343435369484864,0.5423126939623601
300,1566086400,683,598,0,1281,33,-0.39343435369484864,0.21403095933241487
300,1566100800,350,143,0,493,33,-0.39343435369484864,-0.951221323948652
300,1566115200,105,73,0,178,33,-0.39343435369484864,-1.4170264879506014
300,1566129600,339,340,1,679,33,-0.38500791674676926,-0.6761744652046437
300,1566144000,551,508,0,1059,33,-0.39343435369484864,-0.11425077529753035
300,1566158400,598,571,0,1169,33,-0.39343435369484864,0.04841134546505512
300,1566172800,456,286,0,742,33,-0.39343435369484864,-0.583013432404254
300,1566187200,84,51,0,135,33,-0.39343435369484864,-1.4806125897032483
300,1566201600,369,213,0,582,33,-0.39343435369484864,-0.8196128807861964
300,1566216000,1122,613,0,1735,33,-0.39343435369484864,0.8853818941161767
300,1566230400,553,563,10,1116,33,-0.30916998421405495,-0.029962221811463335
300,1566244800,864,1206,342,2070,33,2.488407082548296,1.380761989165869
300,1566259200,532,508,0,1040,34,-0.413753284165817,-0.08682790833960101
300,1566273600,82,60,0,142,34,-0.413753284165817,-1.453606452136092
300,1566288000,372,210,0,582,34,-0.413753284165817,-0.7839154061779005
300,1566302400,1158,605,0,1763,34,-0.413753284165817,1.0135962421780638
300,1566316800,570,586,16,1156,34,-0.26156816815080386,0.0897270037766495
300,1566331200,931,1254,323,2185,34,2.658483745387261,1.6558908362561475
300,1566345600,670,523,0,1193,34,-0.413753284165817,0.1460419326413156
300,1566360000,109,57,0,166,34,-0.413753284165817,-1.4170778496292815
300,1566374400,414,218,0,632,34,-0.413753284165817,-0.7078141509553786
300,1566388800,1204,617,0,1821,34,-0.413753284165817,1.101873698236189
300,1566403200,644,624,0,1268,34,-0.413753284165817,0.26019381547509823
300,1566417600,946,1229,283,2175,34,2.278020955349728,1.6406705852116432
300,1566432000,702,608,0,1310,34,-0.413753284165817,0.32411886986201655
300,1566446400,126,74,0,200,34,-0.413753284165817,-1.3653289960779667
300,1566460800,394,235,0,629,34,-0.413753284165817,-0.71238022626873
300,1566475200,1083,610,0,1693,34,-0.413753284165817,0.9070544848665333
300,1566489600,571,681,110,1252,34,0.6325193884373984,0.2358414138038913
300,1566504000,983,1320,337,2303,34,2.7916457219003976,1.8354897985812988
300,1566518400,770,711,0,1481,34,-0.413753284165817,0.584385162723041
300,1566532800,135,81,0,216,34,-0.413753284165817,-1.3409765944067598
300,1566547200,342,218,0,560,34,-0.413753284165817,-0.81739995847581
300,1566561600,1084,556,0,1640,34,-0.413753284165817,0.8263871543306602
300,1566576000,679,772,93,1451,34,0.47082270267144694,0.5387244095895279
300,1566590400,1112,1487,375,2599,34,3.153085372436054,2.2860092294986276
300,1566604800,804,674,0,1478,34,-0.413753284165817,0.5798190874096897
300,1566619200,294,149,0,443,34,-0.413753284165817,-0.9954768956965109
300,1566633600,135,109,0,244,34,-0.413753284165817,-1.2983598914821475
300,1566648000,411,341,0,752,34,-0.413753284165817,-0.5251711384213263
300,1566662400,682,582,0,1264,34,-0.413753284165817,0.2541057150572965
300,1566676800,743,696,0,1439,34,-0.413753284165817,0.5204601083361227
300,1566691200,584,524,0,1108,34,-0.413753284165817,0.016669798763028595
300,1566705600,290,129,0,419,34,-0.413753284165817,-1.0320054982033213
300,1566720000,96,79,0,175,34,-0.413753284165817,-1.4033796236892275
300,1566734400,344,283,0,627,34,-0.413753284165817,-0.7154242764776308
300,1566748800,658,522,0,1180,34,-0.413753284165817,0.12625560628345994
300,1566763200,697,555,0,1252,34,-0.413753284165817,0.2358414138038913
300,1566777600,441,288,0,729,34,-0.413753284165817,-0.5601777158236864
300,1566792000,82,32,0,114,34,-0.413753284165817,-1.4962231550607041
300,1566806400,339,199,0,538,34,-0.413753284165817,-0.8508845107737195
300,1566820800,1119,585,0,1704,34,-0.413753284165817,0.923796761015488
300,1566835200,587,570,0,1157,34,-0.413753284165817,0.09124902888109993
300,1566849600,853,1143,290,1996,34,2.3446019436062966,1.3682280915150151
300,1566864000,566,482,0,1048,35,-0.36548504232065243,-0.00025525797609803156
300,1566878400,82,71,0,153,35,-0.36548504232065243,-1.3709905896219043
300,1566892800,383,239,0,622,35,-0.36548504232065243,-0.6526946448823701
300,1566907200,1181,609,0,1790,35,-0.36548504232065243,1.1361532516118218
300,1566921600,641,638,0,1279,35,-0.36548504232065243,0.35353229689561283
300,1566936000,960,1294,334,2254,35,3.091712647277535,1.8467914570684185
300,1566950400,700,605,0,1305,35,-0.36548504232065243,0.39335254116688767
300,1566964800,113,72,0,185,35,-0.36548504232065243,-1.3219810582111045
300,1566979200,386,230,0,616,35,-0.36548504232065243,-0.661883932021895
300,1566993600,1169,609,0,1778,35,-0.36548504232065243,1.117774677332772
300,1567008000,681,641,0,1322,35,-0.36548504232065243,0.41938885472887505
300,1567022400,1029,1392,363,2421,35,3.3918884945779766,2.10255994911853
300,1567036800,685,507,0,1192,35,-0.36548504232065243,0.22028763337250096
300,1567051200,107,81,0,188,35,-0.36548504232065243,-1.317386414641342
300,1567065600,380,240,0,620,35,-0.36548504232065243,-0.655757740595545
300,1567080000,1111,664,0,1775,35,-0.36548504232065243,1.1131800337630093
300,1567094400,662,704,42,1366,35,0.06925239170067654,0.48677696041872476
300,1567108800,1016,1337,321,2353,35,2.957151060556648,1.9984146948705803
300,1567123200,760,679,0,1439,35,-0.36548504232065243,0.5985799539496117
300,1567137600,164,78,0,242,35,-0.36548504232065243,-1.2346828303856174
300,1567152000,292,227,0,519,35,-0.36548504232065243,-0.8104440741108818
300,1567166400,948,640,0,1588,35,-0.36548504232065243,0.8267805845811482
300,1567180800,760,827,67,1587,35,0.32802467385622947,0.8252490367245607
300,1567195200,1095,1396,301,2491,35,2.750133234832205,2.2097682990796543
300,1567209600,772,690,0,1462,35,-0.36548504232065243,0.6338055546511241
300,1567224000,323,159,0,482,35,-0.36548504232065243,-0.867111344804619
300,1567238400,109,120,11,229,35,-0.2516252381722091,-1.2545929525212547
300,1567252800,410,340,0,750,35,-0.36548504232065243,-0.45665651923917094
300,1567267200,649,546,0,1195,35,-0.36548504232065243,0.22488227694226343
300,1567281600,652,579,0,1231,35,-0.36548504232065243,0.28001799977941316
300,1567296000,595,491,0,1086,35,-0.36548504232065243,0.0579435605742267
300,1567310400,256,145,0,401,35,-0.36548504232065243,-0.991166721188206
300,1567324800,104,80,0,184,35,-0.36548504232065243,-1.323512606067692
300,1567339200,314,317,3,631,35,-0.33443236846198604,-0.6389107141730827
300,1567353600,607,537,0,1144,35,-0.36548504232065243,0.1467733362563013
300,1567368000,644,606,0,1250,35,-0.36548504232065243,0.3091174090545756
300,1567382400,517,442,0,959,35,-0.36548504232065243,-0.1365630172123849
300,1567396800,174,73,0,247,35,-0.36548504232065243,-1.2270250911026799
300,1567411200,76,87,11,163,35,-0.2516252381722091,-1.3556751110560292
300,1567425600,291,321,30,612,35,-0.05495830373398887,-0.668010123448245
300,1567440000,518,462,0,980,35,-0.36548504232065243,-0.10440051222404756
300,1567454400,453,431,0,884,35,-0.36548504232065243,-0.2514291064564469
300,1567468800,335,251,0,586,36,-0.35317646187208435,-0.8275110263633976
300,1567483200,66,37,0,103,36,-0.35317646187208435,-1.5026322280850095
300,1567497600,392,276,0,668,36,-0.35317646187208435,-0.7128941763816746
300,1567512000,1113,628,0,1741,36,-0.35317646187208435,0.7869092386230657
300,1567526400,642,577,0,1219,36,-0.35317646187208435,0.057275144836975794
300,1567540800,903,1288,385,2191,36,2.3624028954610607,1.41590414705935
300,1567555200,572,491,0,1063,36,-0.35317646187208435,-0.16077642342093612
300,1567569600,105,67,0,172,36,-0.35317646187208435,-1.406186342124779
300,1567584000,417,268,0,685,36,-0.35317646187208435,-0.6891321465074149
300,1567598400,1222,667,0,1889,36,-0.35317646187208435,0.9937786751754436
300,1567612800,664,592,0,1256,36,-0.35317646187208435,0.10899250397507029
300,1567627200,982,1287,305,2269,36,1.7981266653658619,1.524929931188306
300,1567641600,679,530,0,1209,36,-0.35317646187208435,0.043297480205058365
300,1567656000,97,53,0,150,36,-0.35317646187208435,-1.4369372043149975
300,1567670400,465,356,0,821,36,-0.35317646187208435,-0.49903590751333793
300,1567684800,1277,726,0,2003,36,-0.35317646187208435,1.1531240519793025
300,1567699200,766,703,0,1469,36,-0.35317646187208435,0.4067167606349116
300,1567713600,1002,1433,431,2435,36,2.6868617277658005,1.7569591640781355
300,1567728000,774,619,0,1393,36,-0.35317646187208435,0.30048650943233907
300,1567742400,169,93,0,262,36,-0.35317646187208435,-1.2803873604375222
300,1567756800,443,353,0,796,36,-0.35317646187208435,-0.5339800690931316
300,1567771200,1268,755,0,2023,36,-0.35317646187208435,1.1810793812431373
300,1567785600,848,742,0,1590,36,-0.35317646187208435,0.5758465026811125
300,1567800000,1111,1744,633,2855,36,4.111659208756178,2.3440210786186673
300,1567814400,849,778,0,1627,36,-0.35317646187208435,0.627563861819207
300,1567828800,282,141,0,423,36,-0.35317646187208435,-1.0553469598636518
300,1567843200,128,103,0,231,36,-0.35317646187208435,-1.3237181207964663
300,1567857600,474,431,0,905,36,-0.35317646187208435,-0.3816235246052315
300,1567872000,790,597,0,1387,36,-0.35317646187208435,0.29209991065318863
300,1567886400,836,713,0,1549,36,-0.35317646187208435,0.518538077690251
300,1567900800,723,683,0,1406,36,-0.35317646187208435,0.3186574734538318
300,1567915200,371,176,0,547,36,-0.35317646187208435,-0.8820239184278755
300,1567929600,112,97,0,209,36,-0.35317646187208435,-1.3544689829866847
300,1567944000,375,354,0,729,36,-0.35317646187208435,-0.6276304221269783
300,1567958400,619,511,0,1130,36,-0.35317646187208435,-0.06712607038708934
300,1567972800,668,531,0,1199,36,-0.35317646187208435,0.029319815573140937
300,1567987200,460,250,0,710,36,-0.35317646187208435,-0.6541879849276214
300,1568001600,81,45,0,126,36,-0.35317646187208435,-1.4704835994315995
300,1568016000,451,336,0,787,36,-0.35317646187208435,-0.5465599672618572
300,1568030400,1280,679,0,1959,36,-0.35317646187208435,1.0916223275988657
300,1568044800,709,577,0,1286,36,-0.35317646187208435,0.15092549787082257
300,1568059200,1035,1384,349,2419,36,2.1084785919182214,1.7345949006670676
300,1568073600,564,510,0,1074,37,-0.3569661807795363,-0.2587032594461128
300,1568088000,90,42,0,132,37,-0.3569661807795363,-1.5121119977177282
300,1568102400,507,309,0,816,37,-0.3569661807795363,-0.6019935508198673
300,1568116800,1346,817,0,2163,37,-0.3569661807795363,1.1903011099570604
300,1568131200,710,652,0,1362,37,-0.3569661807795363,0.12450450766877601
300,1568145600,1146,1443,297,2589,37,2.9759650610198167,1.7571292654811668
300,1568160000,677,587,0,1264,37,-0.3569661807795363,-0.005892579752262545
300,1568174400,111,45,0,156,37,-0.3569661807795363,-1.4801780171248209
300,1568188800,506,399,0,905,37,-0.3569661807795363,-0.48357170612116906
300,1568203200,1268,770,0,2038,37,-0.3569661807795363,1.023978294369001
300,1568217600,738,574,0,1312,37,-0.3569661807795363,0.057975381433552256
300,1568232000,1110,1429,319,2539,37,3.2228488567086577,1.690600139245943
300,1568246400,687,633,0,1320,37,-0.3569661807795363,0.06862004163118805
300,1568260800,120,66,0,186,37,-0.3569661807795363,-1.4402605413836866
300,1568275200,511,334,0,845,37,-0.3569661807795363,-0.5634066576034376
300,1568289600,1265,745,0,2010,37,-0.3569661807795363,0.9867219836772758
300,1568304000,819,633,0,1452,37,-0.3569661807795363,0.24425693489217876
300,1568318400,1255,1460,205,2715,37,1.9435419154119364,1.9247826635939307
300,1568332800,737,582,0,1319,37,-0.3569661807795363,0.06728945910648358
300,1568347200,126,84,0,210,37,-0.3569661807795363,-1.4083265607907791
300,1568361600,425,332,0,757,37,-0.3569661807795363,-0.6804979197774313
300,1568376000,1188,757,0,1945,37,-0.3569661807795363,0.9002341195714849
300,1568390400,778,638,0,1416,37,-0.3569661807795363,0.19635596400281766
300,1568404800,1284,1617,333,2901,37,3.3799567266924657,2.172271013188963
300,1568419200,996,980,0,1976,37,-0.3569661807795363,0.9414821778373236
300,1568433600,388,172,0,560,37,-0.3569661807795363,-0.9426226771442129
300,1568448000,130,112,0,242,37,-0.3569661807795363,-1.365747920000236
300,1568462400,503,404,0,907,37,-0.3569661807795363,-0.4809105410717601
300,1568476800,795,694,0,1489,37,-0.3569661807795363,0.2934884883062443
300,1568491200,952,876,0,1828,37,-0.3569661807795363,0.7445559641810613
300,1568505600,735,604,0,1339,37,-0.3569661807795363,0.09390110960057307
300,1568520000,429,172,0,601,37,-0.3569661807795363,-0.8880687936313294
300,1568534400,118,85,0,203,37,-0.3569661807795363,-1.4176406384637106
300,1568548800,429,343,0,772,37,-0.3569661807795363,-0.6605391819068642
300,1568563200,700,649,0,1349,37,-0.3569661807795363,0.10720693484761783
300,1568577600,742,577,0,1319,37,-0.3569661807795363,0.06728945910648358
300,1568592000,489,301,0,790,37,-0.3569661807795363,-0.6365886964621836
300,1568606400,105,44,0,149,37,-0.3569661807795363,-1.4894920947977521
300,1568620800,490,353,0,843,37,-0.3569661807795363,-0.5660678226528465
300,1568635200,1234,697,0,1931,37,-0.3569661807795363,0.8816059642256222
300,1568649600,717,561,0,1278,37,-0.3569661807795363,0.012735575593600104
300,1568664000,1045,1227,182,2272,37,1.6854361290099662,1.3353346051498483
300,1568678400,550,468,0,1018,38,-0.2802391895615782,0.2817135683394041
300,1568692800,90,56,0,146,38,-0.2802391895615782,-0.7630173605264626
300,1568707200,495,339,0,834,38,-0.2802391895615782,0.06126575766128543
300,1568721600,1272,731,0,2003,38,-0.2802391895615782,1.461828207023898
300,1568736000,727,575,0,1302,38,-0.2802391895615782,0.6219699717773699
300,1568750400,1083,1315,232,2398,38,2.7587285657974054,1.935072148425294
300,1568764800,700,575,0,1275,38,-0.2802391895615782,0.5896216517322111
300,1568779200,116,52,0,168,38,-0.2802391895615782,-0.7366594701192962
300,1568793600,469,346,0,815,38,-0.2802391895615782,0.038502125036914484
300,1568808000,1330,725,0,2055,38,-0.2802391895615782,1.5241286752590184
300,1568822400,759,598,0,1357,38,-0.2802391895615782,0.6878646977952858
300,1568836800,1123,1364,241,2487,38,2.876619556307021,2.0417017959815578
300,1568851200,791,630,0,1421,38,-0.2802391895615782,0.7645421971615879
300,1568865600,106,55,0,161,38,-0.2802391895615782,-0.7450460716124855
300,1568880000,492,346,0,838,38,-0.2802391895615782,0.06605810137167932
300,1568894400,1303,710,0,2013,38,-0.2802391895615782,1.4738090662998826
300,1568908800,729,668,0,1397,38,-0.2802391895615782,0.7357881348992246
300,1568923200,1164,1465,301,2629,38,3.662559493037793,2.2118299977005407
300,1568937600,787,637,0,1424,38,-0.2802391895615782,0.7681364549443833
300,1568952000,136,69,0,205,38,-0.2802391895615782,-0.6923302907981528
300,1568966400,444,326,0,770,38,-0.2802391895615782,-0.015411741705016708
300,1568980800,1279,853,0,2132,38,-0.2802391895615782,1.6163812916841007
300,1568995200,776,697,0,1473,38,-0.2802391895615782,0.8268426653967084
300,1569009600,1260,1669,409,2929,38,5.077251379153182,2.571255775980082
300,1569024000,922,805,0,1727,38,-0.2802391895615782,1.13115649100672
300,1569038400,358,130,0,488,38,-0.2802391895615782,-0.35327197328778553
300,1569052800,139,101,0,240,38,-0.2802391895615782,-0.6503972833322064
300,1569067200,454,405,0,859,38,-0.2802391895615782,0.09121790585124721
300,1569081600,724,613,0,1337,38,-0.2802391895615782,0.6639029792433163
300,1569096000,844,809,0,1653,38,-0.2802391895615782,1.0424981323644331
300,1569110400,709,467,0,1176,38,-0.2802391895615782,0.4710111448999625
300,1569124800,403,159,0,562,38,-0.2802391895615782,-0.26461361464549865
300,1569127986,9,9,0,18,38,-0.2802391895615782,-0.9163723592590669
300,1569128066,0,0,0,0,38,-0.2802391895615782,-0.9379379059558394
300,1569128146,0,0,0,0,38,-0.2802391895615782,-0.9379379059558394
300,1569128226,1,2,1,3,38,-0.2671401906160653,-0.9343436481730439
300,1569128306,0,0,0,0,38,-0.2802391895615782,-0.9379379059558394
300,1569128386,0,2,2,2,38,-0.25404119167055245,-0.9355417341006425
300,1569128466,0,0,0,0,38,-0.2802391895615782,-0.9379379059558394
300,1569128546,33,12,0,45,38,-0.2802391895615782,-0.8840240392139082
300,1569128626,0,0,0,0,38,-0.2802391895615782,-0.9379379059558394
300,1569128706,0,1,1,1,38,-0.2671401906160653,-0.9367398200282409
300,1569128786,1,0,0,1,38,-0.2802391895615782,-0.9367398200282409
300,1569128866,1,0,0,1,38,-0.2802391895615782,-0.9367398200282409
300,1569128946,1,0,0,1,38,-0.2802391895615782,-0.9367398200282409
300,1569129026,1,0,0,1,38,-0.2802391895615782,-0.9367398200282409
300,1569129106,1,0,0,1,38,-0.2802391895615782,-0.9367398200282409
300,1569129186,0,0,0,0,38,-0.2802391895615782,-0.9379379059558394
300,1569129266,1,0,0,1,38,-0.2802391895615782,-0.9367398200282409
300,1569129346,1,0,0,1,38,-0.2802391895615782,-0.9367398200282409
300,1569129426,1,2,1,3,38,-0.2671401906160653,-0.9343436481730439
300,1569129506,1,1,0,2,38,-0.2802391895615782,-0.9355417341006425
300,1569129586,1,1,0,2,38,-0.2802391895615782,-0.9355417341006425
300,1569129666,1,0,0,1,38,-0.2802391895615782,-0.9367398200282409
300,1569129746,1,0,0,1,38,-0.2802391895615782,-0.9367398200282409
300,1569129826,0,1,1,1,38,-0.2671401906160653,-0.9367398200282409
300,1569139200,50,61,11,111,38,-0.1361502011609367,-0.804950367992409
300,1569153600,353,303,0,656,38,-0.2802391895615782,-0.1519935374512424
300,1569168000,715,484,0,1199,38,-0.2802391895615782,0.49856712123472735
300,1569182400,688,516,0,1204,38,-0.2802391895615782,0.5045575508727197
300,1569196800,504,320,0,824,38,-0.2802391895615782,0.04928489838530072
300,1569211200,91,35,0,126,38,-0.2802391895615782,-0.786979079078432
300,1569225600,487,331,0,818,38,-0.2802391895615782,0.0420963828197099
300,1569240000,1029,713,0,1742,38,-0.2802391895615782,1.1491277799206971
300,1569254400,714,569,0,1283,38,-0.2802391895615782,0.5992063391529989
300,1569268800,1058,1270,212,2328,38,2.496748586887148,1.851206133493401
300,1569283200,566,503,0,1069,39,-0.40325244251514614,-0.24859308798890714
300,1569297600,89,33,0,122,39,-0.40325244251514614,-1.5333567940272121
300,1569312000,505,334,0,839,39,-0.40325244251514614,-0.5606265118419274
300,1569326400,1238,673,0,1911,39,-0.40325244251514614,0.893720576725193
300,1569340800,734,593,0,1327,39,-0.40325244251514614,0.10142701355056773
300,1569355200,1144,1450,306,2594,39,2.3287456551151426,1.8203241788626399
300,1569369600,677,563,0,1240,39,-0.40325244251514614,-0.01660302068948775
300,1569384000,98,58,0,156,39,-0.40325244251514614,-1.4872301139793742
300,1569398400,504,359,0,863,39,-0.40325244251514614,-0.5280665023963947
300,1569412800,1254,707,0,1961,39,-0.40325244251514614,0.961553929736719
300,1569427200,760,681,0,1441,39,-0.40325244251514614,0.2560870584168473
300,1569441600,1107,1518,411,2625,39,3.266195982733379,1.8623808577297862
300,1569456000,785,576,0,1361,39,-0.40325244251514614,0.14755369359840548
300,1569470400,125,51,0,176,39,-0.40325244251514614,-1.4600967727747638
300,1569484800,503,381,0,884,39,-0.40325244251514614,-0.4995764941315538
300,1569499200,1288,734,0,2022,39,-0.40325244251514614,1.044310620410781
300,1569513600,751,654,0,1405,39,-0.40325244251514614,0.20724704424854848
300,1569528000,1180,1411,231,2591,39,1.659138278244974,1.8162541776819483
300,1569542400,750,633,0,1383,39,-0.40325244251514614,0.177400368923477
300,1569556800,137,64,0,201,39,-0.40325244251514614,-1.4261800962690008
300,1569571200,421,353,0,774,39,-0.40325244251514614,-0.6488098707569113
300,1569585600,1276,754,0,2030,39,-0.40325244251514614,1.0551639568926252
300,1569600000,821,769,0,1590,39,-0.40325244251514614,0.4582304503911952
300,1569614400,1213,1654,441,2867,39,3.5340389334814466,2.1906942863055727
300,1569628800,901,936,35,1837,39,-0.09076899997573398,0.7933272142681342
300,1569643200,392,174,0,566,39,-0.40325244251514614,-0.93099661928486
300,1569657600,130,129,0,259,39,-0.40325244251514614,-1.3474934067756306
300,1569672000,451,527,76,978,39,0.2752830327132917,-0.3720497904698847
300,1569686400,757,865,108,1622,39,0.560982180177897,0.5016437963185719
300,1569700800,876,850,0,1726,39,-0.40325244251514614,0.6427371705825463
300,1569715200,778,763,0,1541,39,-0.40325244251514614,0.39175376443989957
300,1569729600,347,204,0,551,39,-0.40325244251514614,-0.9513466251883179
300,1569744000,97,78,0,175,39,-0.40325244251514614,-1.4614534398349943
300,1569758400,411,315,0,726,39,-0.40325244251514614,-0.7139298896479764
300,1569772800,734,603,0,1337,39,-0.40325244251514614,0.11499368415287295
300,1569787200,716,645,0,1361,39,-0.40325244251514614,0.14755369359840548
300,1569801600,471,363,0,834,39,-0.40325244251514614,-0.56740984714308
300,1569816000,90,47,0,137,39,-0.40325244251514614,-1.5130067881237543
300,1569830400,380,228,0,608,39,-0.40325244251514614,-0.8740166027551781
300,1569844800,1052,557,0,1609,39,-0.40325244251514614,0.4840071245355751
300,1569859200,610,596,0,1206,39,-0.40325244251514614,-0.06272970073732552
300,1569873600,900,1189,289,2089,39,2.1769679830245714,1.135207313446226
300,1569888000,526,436,0,962,40,-0.38156090225707595,-0.3841605717096484
300,1569902400,65,37,0,102,40,-0.38156090225707595,-1.5609801671767423
300,1569916800,386,263,0,649,40,-0.38156090225707595,-0.8124681686645325
300,1569931200,1155,582,0,1737,40,-0.38156090225707595,0.6763454590891862
300,1569945600,661,588,0,1249,40,-0.38156090225707595,0.0085687584055329
300,1569960000,962,1348,386,2310,40,3.3136991618956815,1.4604357244410986
300,1569974400,688,522,0,1210,40,-0.38156090225707595,-0.044798641854021354
300,1569988800,65,72,7,137,40,-0.31454841404705186,-1.5130863464309885
300,1570003200,480,341,0,821,40,-0.38156090225707595,-0.5771042495711138
300,1570017600,1284,735,0,2019,40,-0.38156090225707595,1.062232814812117
300,1570032000,746,657,0,1403,40,-0.38156090225707595,0.21930156968684972
300,1570046400,1106,1474,368,2580,40,3.141381335069905,1.829902341622628
300,1570060800,670,558,0,1228,40,-0.38156090225707595,-0.020167534041919392
300,1570075200,57,76,19,133,40,-0.19966986282986768,-1.5185599259447888
300,1570089600,475,324,0,799,40,-0.38156090225707595,-0.6072089368970162
300,1570104000,1302,689,0,1991,40,-0.38156090225707595,1.023917758215514
300,1570118400,853,704,0,1557,40,-0.38156090225707595,0.43003438096816654
300,1570132800,1128,1363,235,2491,40,1.8681440590794471,1.7081151974405684
300,1570147200,814,739,0,1553,40,-0.38156090225707595,0.4245608014543661
300,1570161600,81,91,10,172,40,-0.2858287762427558,-1.4651925256852347
300,1570176000,412,336,0,748,40,-0.38156090225707595,-0.6769970756979717
300,1570190400,1166,791,0,1957,40,-0.38156090225707595,0.9773923323482102
300,1570204800,817,692,0,1509,40,-0.38156090225707595,0.3643514268025613
300,1570219200,1190,1572,382,2762,40,3.2754063114899536,2.078950209500548
300,1570233600,931,1024,93,1955,40,0.5087478696761013,0.9746555425913099
300,1570248000,319,220,0,539,40,-0.38156090225707595,-0.9629916052940446
300,1570262400,128,112,0,240,40,-0.38156090225707595,-1.3721416739506271
300,1570276800,502,457,0,959,40,-0.38156090225707595,-0.38826575634499877
300,1570291200,775,681,0,1456,40,-0.38156090225707595,0.29182649824470547
300,1570305600,918,821,0,1739,40,-0.38156090225707595,0.6790822488460864
300,1570320000,759,695,0,1454,40,-0.38156090225707595,0.2890897084878053
300,1570334400,370,162,0,532,40,-0.38156090225707595,-0.9725703694431953
300,1570348800,108,90,0,198,40,-0.38156090225707595,-1.4296142588455318
300,1570363200,466,366,0,832,40,-0.38156090225707595,-0.5620519059081626
300,1570377600,889,727,0,1616,40,-0.38156090225707595,0.510769678796723
300,1570392000,895,598,0,1493,40,-0.38156090225707595,0.3424571087473595
300,1570406400,496,267,0,763,40,-0.38156090225707595,-0.6564711525212201
300,1570420800,103,35,0,138,40,-0.38156090225707595,-1.5117179515525383
300,1570435200,420,329,0,749,40,-0.38156090225707595,-0.6756286808195217
300,1570449600,1181,748,0,1929,40,-0.38156090225707595,0.9390772757516072
300,1570464000,741,587,0,1328,40,-0.38156090225707595,0.11667195380309152
300,1570478400,1011,1185,174,2196,40,1.2841780903920943,1.3044387082977862
300,1570492800,616,521,0,1137,41,-0.6927664373691771,0.025600736772713642
300,1570507200,82,27,0,109,41,-0.6927664373691771,-1.395141436618903
300,1570521600,483,343,0,826,41,-0.6927664373691771,-0.4042152320257229
300,1570536000,1299,732,0,2031,41,-0.6927664373691771,1.2611488914537499
300,1570550400,723,654,0,1377,41,-0.6927664373691771,0.35729151655285757
300,1570564800,1145,1283,138,2428,41,0.4167318414348434,1.809820723006738
300,1570579200,693,511,0,1204,41,-0.6927664373691771,0.11819774612800382
300,1570593600,90,26,0,116,41,-0.6927664373691771,-1.3854671222086488
300,1570608000,383,223,0,606,41,-0.6927664373691771,-0.7082651134908549
300,1570622400,1166,685,0,1851,41,-0.6927664373691771,1.012380806618642
300,1570636800,616,641,25,1257,41,-0.4917703723684487,0.19144612666278563
300,1570651200,889,1287,398,2176,41,2.507090917442418,1.4615454042375868
300,1570665600,629,577,0,1206,41,-0.6927664373691771,0.12096183595950502
300,1570680000,78,25,0,103,41,-0.6927664373691771,-1.4034337061134066
300,1570694400,473,367,0,840,41,-0.6927664373691771,-0.3848666032052145
300,1570708800,1281,739,0,2020,41,-0.6927664373691771,1.2459463973804932
300,1570723200,795,672,0,1467,41,-0.6927664373691771,0.4816755589704116
300,1570737600,1181,1349,168,2530,41,0.6579271194357174,1.9507893044132991
300,1570752000,759,659,0,1418,41,-0.6927664373691771,0.4139553580986322
300,1570766400,130,43,0,173,41,-0.6927664373691771,-1.3066905620108646
300,1570780800,438,299,0,737,41,-0.6927664373691771,-0.5272172295275263
300,1570795200,1248,735,0,1983,41,-0.6927664373691771,1.194810735497721
300,1570809600,850,830,0,1680,41,-0.6927664373691771,0.7760511260252894
300,1570824000,1277,1500,223,2777,41,1.1001184624373197,2.292154398603697
300,1570838400,718,829,111,1547,41,0.19965609123405678,0.5922391522304595
300,1570852800,170,135,0,305,41,-0.6927664373691771,-1.1242606331317855
300,1570867200,65,127,62,192,41,-0.19429619616737076,-1.2804317086116033
300,1570881600,205,494,289,699,41,1.6307480740392424,-0.5797349363260491
300,1570896000,376,640,264,1016,41,1.429752009038514,-0.14162669803310893
300,1570910400,513,819,306,1332,41,1.7674253982397377,0.2950994953440806
300,1570924800,422,718,296,1140,41,1.6870269722394464,0.02974687151996544
300,1570939200,187,146,0,333,41,-0.6927664373691771,-1.0855633754907685
300,1570953600,44,85,41,129,41,-0.36313289076798255,-1.367500538303891
300,1570968000,179,360,181,539,41,0.7624450732360961,-0.800862122846145
300,1570982400,364,651,287,1015,41,1.6146683888391842,-0.14300874294885954
300,1570996800,345,659,314,1004,41,1.831744139039971,-0.15821123702211612
300,1571011200,216,407,191,623,41,0.8428434992363875,-0.6847703499230946
300,1571025600,50,51,1,101,41,-0.6847265947691479,-1.4061977959449077
300,1571040000,272,210,0,482,41,-0.6927664373691771,-0.8796386830439292
300,1571054400,844,519,0,1363,41,-0.6927664373691771,0.3379428877323492
300,1571068800,574,577,3,1151,41,-0.6686469095690897,0.04494936559322204
300,1571083200,816,1137,321,1953,41,1.8880230372401747,1.153349388025203
300,1571097600,480,430,0,910,42,-0.3823356487091882,-0.41922071414346956
300,1571112000,41,47,6,88,42,-0.3109589501802659,-1.4914186419376143
300,1571126400,463,370,0,833,42,-0.3823356487091882,-0.5196577463091011
300,1571140800,1277,798,0,2075,42,-0.3823356487091882,1.1003785387521248
300,1571155200,801,668,0,1469,42,-0.3823356487091882,0.30992605183819333
300,1571169600,1099,1184,85,2283,42,0.6288342471172105,1.3716889633034413
300,1571184000,619,518,0,1137,42,-0.3823356487091882,-0.1231271258110233
300,1571198400,54,68,14,122,42,-0.2157900188083696,-1.4470698225398029
300,1571212800,459,337,0,796,42,-0.3823356487091882,-0.5679196968302488
300,1571227200,1225,644,0,1869,42,-0.3823356487091882,0.8316768682830326
300,1571241600,791,728,0,1519,42,-0.3823356487091882,0.37514490389379823
300,1571256000,1051,1288,237,2339,42,2.437043943183241,1.4447340776057187
300,1571270400,573,631,58,1204,42,0.3076391037370603,-0.035733864056512715
300,1571284800,42,60,18,102,42,-0.16820555312242141,-1.473157363362045
300,1571299200,414,328,0,742,42,-0.3823356487091882,-0.6383560570503021
300,1571313600,1278,768,0,2046,42,-0.3823356487091882,1.062551604559874
300,1571328000,836,700,0,1536,42,-0.3823356487091882,0.3973193135927039
300,1571342400,1259,1653,394,2912,42,4.304734221356707,2.192142122162951
300,1571356800,864,718,0,1582,42,-0.3823356487091882,0.4573206574838604
300,1571371200,76,97,21,173,42,-0.1325172038579603,-1.3805465934430858
300,1571385600,422,342,0,764,42,-0.3823356487091882,-0.609659762145836
300,1571400000,1273,748,0,2021,42,-0.3823356487091882,1.0299421785320715
300,1571414400,838,858,20,1696,42,-0.1444133202794473,0.6060196401706396
300,1571428800,1293,1633,340,2926,42,3.662343934596407,2.2104034007385205
300,1571443200,1022,1067,45,2089,42,0.15298959025772876,1.1186398173276941
300,1571457600,325,153,0,478,42,-0.3823356487091882,-0.982711595903896
300,1571472000,112,133,21,245,42,-0.1325172038579603,-1.2866314464830149
300,1571486400,515,522,7,1037,42,-0.2990628337587789,-0.2535648299222331
300,1571500800,787,605,0,1392,42,-0.3823356487091882,0.20948901967256175
300,1571515200,945,999,54,1944,42,0.2600546380511121,0.92950514636644
300,1571529600,840,686,0,1526,42,-0.3823356487091882,0.3842755431815829
300,1571544000,392,176,0,568,42,-0.3823356487091882,-0.8653176622038071
300,1571558400,105,83,0,188,42,-0.3823356487091882,-1.3609809378264044
300,1571572800,361,333,0,694,42,-0.3823356487091882,-0.7009661550236828
300,1571587200,744,559,0,1303,42,-0.3823356487091882,0.09339946301358501
300,1571601600,705,555,0,1260,42,-0.3823356487091882,0.03731125024576479
300,1571616000,417,237,0,654,42,-0.3823356487091882,-0.7531412366681667
300,1571630400,78,33,0,111,42,-0.3823356487091882,-1.461417969992036
300,1571644800,455,353,0,808,42,-0.3823356487091882,-0.5522671723369036
300,1571646768,259,135,0,394,42,-0.3823356487091882,-1.0922792673573123
300,1571659200,944,599,0,1543,42,-0.3823356487091882,0.4064499528804886
300,1571673600,764,534,0,1298,42,-0.3823356487091882,0.08687757780802452
300,1571688000,1106,1168,62,2274,42,0.3552235694230085,1.3599495699334323
300,1571702400,566,472,0,1038,43,-0.3734045437436332,-0.29794565064523987
300,1571716800,46,65,19,111,43,-0.17723810140826826,-1.5140286742558662
300,1571731200,468,311,0,779,43,-0.3734045437436332,-0.6377142624199456
300,1571745600,1291,712,0,2003,43,-0.3734045437436332,0.9679875939979687
300,1571760000,797,624,0,1421,43,-0.3734045437436332,0.20449210344631338
300,1571774400,1114,1398,284,2512,43,2.5587675416902425,1.6357181862501895
300,1571788800,589,591,2,1180,43,-0.3527554445504369,-0.11166324573401123
300,1571803200,52,62,10,114,43,-0.27015904777765165,-1.510093130490136
300,1571817600,471,336,0,807,43,-0.3734045437436332,-0.6009825206064638
300,1571832000,1259,803,0,2062,43,-0.3734045437436332,1.0453866213906622
300,1571846400,768,672,0,1440,43,-0.3734045437436332,0.22941721396260453
300,1571860800,1103,1413,310,2516,43,2.8272058312017943,1.6409655779378298
300,1571875200,729,579,0,1308,43,-0.3734045437436332,0.056253288270476536
300,1571889600,52,76,24,128,43,-0.1256153534252775,-1.491727259583395
300,1571904000,468,334,0,802,43,-0.3734045437436332,-0.6075417602160141
300,1571918400,1360,739,0,2099,43,-0.3734045437436332,1.0939249945013345
300,1571932800,817,670,0,1487,43,-0.3734045437436332,0.2910740662923774
300,1571947200,1145,1552,407,2697,43,3.8286871420718147,1.878410051803551
300,1571961600,877,720,0,1597,43,-0.3734045437436332,0.43537733770248405
300,1571976000,77,57,0,134,43,-0.3734045437436332,-1.4838561720519348
300,1571990400,402,355,0,757,43,-0.3734045437436332,-0.6665749167019669
300,1572004800,1270,821,0,2091,43,-0.3734045437436332,1.083430211126054
300,1572019200,866,713,0,1579,43,-0.3734045437436332,0.411764075108103
300,1572033600,1275,1496,221,2771,43,1.9083209171045588,1.9754867980248954
300,1572048000,929,868,0,1797,43,-0.3734045437436332,0.6977469220844962
300,1572062400,379,171,0,550,43,-0.3734045437436332,-0.9381274365373494
300,1572076800,111,104,0,215,43,-0.3734045437436332,-1.3775964903772198
300,1572091200,459,428,0,887,43,-0.3734045437436332,-0.496034686853659
300,1572105600,786,716,0,1502,43,-0.3734045437436332,0.3107517851210283
300,1572120000,960,888,0,1848,43,-0.3734045437436332,0.7646511661019093
300,1572134400,891,702,0,1593,43,-0.3734045437436332,0.43012994601484383
300,1572148800,512,179,0,691,43,-0.3734045437436332,-0.7531568795480309
300,1572163200,108,92,0,200,43,-0.3734045437436332,-1.3972742092058708
300,1572177600,352,356,4,708,43,-0.3321063453572406,-0.7308554648755599
300,1572192000,576,569,0,1145,43,-0.3734045437436332,-0.15757792300086335
300,1572206400,676,592,0,1268,43,-0.3734045437436332,0.003779371394074109
300,1572220800,457,296,0,753,43,-0.3734045437436332,-0.6718223083896071
300,1572235200,78,42,0,120,43,-0.3734045437436332,-1.5022220429586755
300,1572249600,416,361,0,777,43,-0.3734045437436332,-0.6403379582637657
300,1572264000,1179,771,0,1950,43,-0.3734045437436332,0.8984596541367355
300,1572278400,707,597,0,1304,43,-0.3734045437436332,0.051005896582836295
300,1572292800,1078,1316,238,2394,43,2.0838382602467274,1.4809201314648024
300,1572307200,573,546,0,1119,44,-0.3759631203930442,-0.23610388228103263
300,1572321600,96,66,0,162,44,-0.3759631203930442,-1.467368723206995
300,1572336000,504,357,0,861,44,-0.3759631203930442,-0.5680436199601322
300,1572350400,1285,777,0,2062,44,-0.3759631203930442,0.9771487248173816
300,1572364800,740,702,0,1442,44,-0.3759631203930442,0.17946408388311136
300,1572379200,1090,1493,403,2583,44,2.9211345077906916,1.6474611408282764
300,1572393600,685,578,0,1263,44,-0.3759631203930442,-0.05083519148339568
300,1572408000,88,21,0,109,44,-0.3759631203930442,-1.5355578941255696
300,1572422400,483,338,0,821,44,-0.3759631203930442,-0.619507145181698
300,1572436800,1348,728,0,2076,44,-0.3759631203930442,0.9951609586449296
300,1572451200,807,604,0,1411,44,-0.3759631203930442,0.13957985183639784
300,1572465600,1127,1535,408,2662,44,2.96204142625451,1.7491016031408688
300,1572480000,735,544,0,1279,44,-0.3759631203930442,-0.030249781394769356
300,1572494400,99,36,0,135,44,-0.3759631203930442,-1.5021066027315517
300,1572508800,447,308,0,755,44,-0.3759631203930442,-0.7044219617972816
300,1572523200,1355,786,0,2141,44,-0.3759631203930442,1.0787891871299742
300,1572537600,806,650,0,1456,44,-0.3759631203930442,0.1974763177106594
300,1572552000,1084,1422,338,2506,44,2.3893445677610567,1.5483938547767622
300,1572566400,797,774,0,1571,44,-0.3759631203930442,0.34543395272266114
300,1572580800,463,72,0,535,44,-0.3759631203930442,-0.9874713505158936
300,1572595200,414,310,0,724,44,-0.3759631203930442,-0.7443061938439951
300,1572609600,1304,741,0,2045,44,-0.3759631203930442,0.955276726598216
300,1572624000,833,733,0,1566,44,-0.3759631203930442,0.3390010120699654
300,1572638400,1296,1770,474,3066,44,3.5020127499769083,2.268883207878684
300,1572652800,933,860,0,1793,44,-0.3759631203930442,0.6310565177023514
300,1572667200,363,212,0,575,44,-0.3759631203930442,-0.9360078252943278
300,1572681600,124,111,0,235,44,-0.3759631203930442,-1.3734477896776374
300,1572696000,465,419,0,884,44,-0.3759631203930442,-0.5384520929577318
300,1572710400,825,614,0,1439,44,-0.3759631203930442,0.17560431949149394
300,1572724800,974,965,0,1939,44,-0.3759631203930442,0.8188983847610667
300,1572739200,846,776,0,1622,44,-0.3759631203930442,0.41104994738015754
300,1572750000,333,180,0,513,44,-0.3759631203930442,-1.0157762893877549
300,1572764400,93,56,0,149,44,-0.3759631203930442,-1.4840943689040038
300,1572778800,351,317,0,668,44,-0.3759631203930442,-0.8163551291541873
300,1572793200,705,636,0,1341,44,-0.3759631203930442,0.04951868269865767
300,1572807600,801,782,0,1583,44,-0.3759631203930442,0.3608730102891309
300,1572822000,597,409,0,1006,44,-0.3759631203930442,-0.38148834103195606
300,1572836400,148,78,0,226,44,-0.3759631203930442,-1.3850270828524895
300,1572850800,161,121,0,282,44,-0.3759631203930442,-1.3129781475422975
300,1572865200,1446,813,0,2259,44,-0.3759631203930442,1.2306065865335933
300,1572879600,630,567,0,1197,44,-0.3759631203930442,-0.13575000809897927
300,1572894000,1133,1270,137,2403,44,0.7448864455155707,1.4158752773312302
300,1572908400,664,880,216,1544,44,1.3912157572438961,0.3106960731981042
300,1572922800,169,97,0,266,45,-0.734885647966411,-1.1332285851909407
300,1572937200,139,139,0,278,45,-0.734885647966411,-1.1184285746460925
300,1572951600,1386,784,0,2170,45,-0.734885647966411,1.2150397545916292
300,1572966000,534,633,99,1167,45,-0.05190519999047513,-0.021994460115260323
300,1572980400,814,1295,481,2109,45,2.583433498260106,1.1398063676553178
300,1572994800,765,770,5,1535,45,-0.7003916859474244,0.43187252992674896
300,1573009200,222,100,0,322,45,-0.734885647966411,-1.0641618693149828
300,1573023600,159,126,0,285,45,-0.734885647966411,-1.1097952351615978
300,1573038000,1480,801,0,2281,45,-0.734885647966411,1.3519398521314743
300,1573052400,645,563,0,1208,45,-0.734885647966411,0.028572242579637454
300,1573066800,1148,1320,172,2468,45,0.4517066454867301,1.5825733497886911
300,1573081200,859,954,95,1813,45,-0.07950036960566446,0.7747394408823973
300,1573095600,207,107,0,314,45,-0.734885647966411,-1.0740285430115482
300,1573110000,150,139,0,289,45,-0.734885647966411,-1.1048618983133152
300,1573124400,1564,866,0,2430,45,-0.734885647966411,1.5357066497300054
300,1573138800,649,686,37,1335,45,-0.47963032902590974,0.1852056875126135
300,1573153200,1202,1354,152,2556,45,0.31373079741078347,1.6911067604509107
300,1573167600,900,946,46,1846,45,-0.41754119739173373,0.8154394698807297
300,1573182000,264,141,0,405,45,-0.734885647966411,-0.9617951297131165
300,1573196400,135,143,8,278,45,-0.6796953087360323,-1.1184285746460925
300,1573210800,1403,872,0,2275,45,-0.734885647966411,1.3445398468590504
300,1573225200,666,757,91,1423,45,-0.10709553922085378,0.2937390981748331
300,1573239600,1322,1539,217,2861,45,0.7621523036576101,2.0672736951324673
300,1573254000,945,1135,190,2080,45,0.5758849087550821,1.1040396755052682
300,1573268400,403,305,0,708,45,-0.734885647966411,-0.5880948634557013
300,1573282800,61,63,2,124,45,-0.7210880631588164,-1.308362043304977
300,1573297200,144,376,232,520,45,0.8656341897145701,-0.8199616953249886
300,1573311600,366,758,392,1124,45,1.9694409743221433,-0.07502783123429946
300,1573326000,501,1037,536,1538,45,2.962867080468959,0.435572532562961
300,1573340400,417,890,473,1307,45,2.528243159029727,0.15067232957463453
300,1573354800,307,343,36,650,45,-0.48652912142970706,-0.6596282477558005
300,1573369200,45,61,16,106,45,-0.6245049695056537,-1.3305620591222491
300,1573383600,121,253,132,374,45,0.17575494933483685,-1.0000284902873076
300,1573398000,295,588,293,883,45,1.2864605263462074,-0.37226137634333273
300,1573412400,412,626,214,1038,45,0.741455926446218,-0.1810945734723777
300,1573426800,278,404,126,682,45,0.13436219491205284,-0.6201615529695389
300,1573441200,73,107,34,180,45,-0.5003267062373017,-1.239295327429019
300,1573455600,101,114,13,215,45,-0.6452013467170458,-1.1961286300065452
300,1573470000,1160,536,0,1696,45,-0.734885647966411,0.6304393380701281
300,1573484400,585,607,22,1192,45,-0.5831122150828697,0.008838895186506615
300,1573498800,919,1168,249,2087,45,0.9829136605791248,1.112673014989763
300,1573513200,617,728,111,1345,45,0.03088030885509286,0.19753902963332026
300,1573527600,168,83,0,251,46,-0.5698756925246826,-1.0829999291949564
300,1573542000,151,134,0,285,46,-0.5698756925246826,-1.0424321756959165
300,1573556400,1568,787,0,2355,46,-0.5698756925246826,1.4274281108632751
300,1573570800,620,579,0,1199,46,-0.5698756925246826,0.048124491895919747
300,1573585200,1077,1301,224,2378,46,1.81933576704404,1.454871002936155
300,1573599600,671,886,215,1557,46,1.7233406637577966,0.4752790728563983
300,1573614000,206,96,0,302,46,-0.5698756925246826,-1.0221482989463966
300,1573628400,144,113,0,257,46,-0.5698756925246826,-1.0758409138715965
300,1573642800,1505,890,0,2395,46,-0.5698756925246826,1.4751548796856748
300,1573657200,616,605,0,1221,46,-0.5698756925246826,0.07437421474823966
300,1573671600,1165,1367,202,2532,46,1.584681070122112,1.6386190629023945
300,1573686000,794,983,189,1777,46,1.446021476486427,0.7377763013795974
300,1573700400,181,104,0,285,46,-0.5698756925246826,-1.0424321756959165
300,1573714800,151,130,0,281,46,-0.5698756925246826,-1.0472048525781565
300,1573729200,1498,847,0,2345,46,-0.5698756925246826,1.415496418657675
300,1573743600,652,585,0,1237,46,-0.5698756925246826,0.09346492227719959
300,1573758000,1107,1418,311,2525,46,2.747288432144392,1.6302668783584744
300,1573772400,882,1021,139,1903,46,0.9127153471184087,0.8881156231701569
300,1573786800,249,159,0,408,46,-0.5698756925246826,-0.895672361567037
300,1573801200,136,133,0,269,46,-0.5698756925246826,-1.0615228832248764
300,1573815600,1307,818,0,2125,46,-0.5698756925246826,1.152999190134476
300,1573830000,638,689,51,1327,46,-0.025903440569303778,0.20085015212759924
300,1573844400,1237,1415,178,2652,46,1.3286941280254632,1.781799369369594
300,1573858800,993,1158,165,2151,46,1.1900345343897782,1.1840215898690358
300,1573873200,457,181,0,638,46,-0.5698756925246826,-0.621243440838238
300,1573887600,91,52,0,143,46,-0.5698756925246826,-1.211862205015436
300,1573902000,286,180,0,466,46,-0.5698756925246826,-0.8264685467745573
300,1573916400,545,378,0,923,46,-0.5698756925246826,-0.28119021297863916
300,1573930800,780,373,0,1153,46,-0.5698756925246826,-0.006761292249840067
300,1573945200,579,269,0,848,46,-0.5698756925246826,-0.3706779045206388
300,1573959600,397,87,0,484,46,-0.5698756925246826,-0.8049915008044773
300,1573974000,82,53,0,135,46,-0.5698756925246826,-1.221407558779916
300,1573988400,218,192,0,410,46,-0.5698756925246826,-0.8932860231259171
300,1574002800,492,314,0,806,46,-0.5698756925246826,-0.4207910117841587
300,1574017200,556,246,0,802,46,-0.5698756925246826,-0.42556368866639865
300,1574031600,355,133,0,488,46,-0.5698756925246826,-0.8002188239222374
300,1574046000,109,33,0,142,46,-0.5698756925246826,-1.213055374235996
300,1574060400,124,130,6,254,46,-0.5058789570005204,-1.0794204215332763
300,1574074800,1377,724,0,2101,46,-0.5698756925246826,1.124363128841036
300,1574089200,566,628,62,1194,46,0.09142390789166029,0.042158645793119766
300,1574103600,998,1183,185,2181,46,1.4033569861369857,1.2198166664858359
300,1574118000,581,898,317,1479,46,2.8112851676685544,0.38221187365271864
300,1574132400,148,74,0,222,47,-0.49474516836034793,-1.2741429011974363
300,1574146800,160,136,0,296,47,-0.49474516836034793,-1.1832308936462614
300,1574161200,1231,861,0,2092,47,-0.49474516836034793,1.0232281004336077
300,1574175600,533,576,43,1109,47,-0.006755122451670504,-0.1844273512259198
300,1574190000,1100,1242,142,2342,47,1.1167568437101683,1.3303632610794691
300,1574204400,785,934,149,1719,47,1.1961970837418134,0.5649824407499823
300,1574218800,191,99,0,290,47,-0.49474516836034793,-1.1906021375017621
300,1574233200,149,134,0,283,47,-0.49474516836034793,-1.1992019219998462
300,1574247600,1537,821,0,2358,47,-0.49474516836034793,1.3500199113608042
300,1574262000,660,559,0,1219,47,-0.49474516836034793,-0.04928788054174074
300,1574276400,1125,1215,90,2340,47,0.5266293463322328,1.3279061797943024
300,1574290800,810,816,6,1626,47,-0.4266535340475092,0.4507281609897218
300,1574305200,233,107,0,340,47,-0.49474516836034793,-1.1291751053725898
300,1574319600,178,129,0,307,47,-0.49474516836034793,-1.1697169465778434
300,1574334000,1490,789,0,2279,47,-0.49474516836034793,1.252965200596712
300,1574348400,628,684,56,1312,47,0.14077675189281338,0.06496639921851974
300,1574362800,1181,1420,239,2601,47,2.217571598434394,1.6485552875085816
300,1574377200,872,1011,139,1883,47,1.082711026553749,0.7664631061336674
300,1574391600,228,167,0,395,47,-0.49474516836034793,-1.0616053700305004
300,1574406000,142,125,0,267,47,-0.49474516836034793,-1.2188585722811813
300,1574420400,1312,889,0,2201,47,-0.49474516836034793,1.1571390304752032
300,1574434800,725,838,113,1563,47,0.7876472778647811,0.3733301005069647
300,1574449200,1087,1458,371,2545,47,3.7155875533168463,1.5797570115239088
300,1574463600,919,1251,332,2170,47,3.2729919302833945,1.1190542705551165
300,1574478000,461,254,0,715,47,-0.49474516836034793,-0.6684723644037975
300,1574492400,100,57,0,157,47,-0.49474516836034793,-1.3539980429653604
300,1574506800,357,362,5,719,47,-0.4380021397663157,-0.6635582018334638
300,1574521200,670,652,0,1322,47,-0.49474516836034793,0.0772518056443542
300,1574535600,951,910,0,1861,47,-0.49474516836034793,0.7394352119968316
300,1574550000,427,407,0,834,47,-0.49474516836034793,-0.5222760279363675
300,1574564400,1244,1135,0,2379,47,-0.49474516836034793,1.3758192648550567
300,1574578800,101,54,0,155,47,-0.49474516836034793,-1.3564551242505274
300,1574593200,247,250,3,497,47,-0.4606993512039286,-0.9362942244869887
300,1574607600,603,581,0,1184,47,-0.49474516836034793,-0.09228680303216134
300,1574622000,623,617,0,1240,47,-0.49474516836034793,-0.023488527047488373
300,1574636400,406,399,0,805,47,-0.49474516836034793,-0.5579037065712874
300,1574650800,123,83,0,206,47,-0.49474516836034793,-1.2937995514787717
300,1574665200,132,125,0,257,47,-0.49474516836034793,-1.2311439787070158
300,1574679600,1170,832,0,2002,47,-0.49474516836034793,0.9126594426010975
300,1574694000,636,639,3,1275,47,-0.4606993512039286,0.01951039544293224
300,1574708400,1036,1148,112,2184,47,0.7762986721459746,1.1362538395512847
300,1574722800,652,680,28,1332,47,-0.1769842082337673,0.08953721207018867
300,1574737200,176,99,0,275,48,-0.5651665771745313,-0.883251019443525
300,1574751600,132,129,0,261,48,-0.5651665771745313,-0.9041395525824379
300,1574766000,1245,785,0,2030,48,-0.5651665771745313,1.7352758133273487
300,1574780400,611,617,6,1228,48,-0.4849288434010204,0.5386612720839066
300,1574794800,1128,1245,117,2373,48,0.9994692314089318,2.2470448752307157
300,1574809200,704,822,118,1526,48,1.0128421870378503,0.9832886203264822
300,1574823600,226,115,0,341,48,-0.5651665771745313,-0.7847765060743639
300,1574838000,117,122,5,239,48,-0.4983017990299389,-0.9369643903721583
300,1574852400,993,781,0,1774,48,-0.5651665771745313,1.3533140645015116
300,1574866800,644,806,162,1450,48,1.6012522347102638,0.8698937261438119
300,1574881200,1328,1011,0,2339,48,-0.5651665771745313,2.1963155804647845
300,1574895600,614,653,39,1267,48,-0.04362130764671027,0.5968507572565926
300,1574910000,220,166,0,386,48,-0.5651665771745313,-0.7176347924135723
300,1574924400,91,63,0,154,48,-0.5651665771745313,-1.0637876272869868
300,1574938800,312,193,0,505,48,-0.5651665771745313,-0.5400822607328122
300,1574953200,499,487,0,986,48,-0.5651665771745313,0.17758805639698272
300,1574967600,408,445,37,853,48,-0.07036721890454725,-0.020853008422690316
300,1574982000,261,310,49,571,48,0.09010824864247462,-0.44160774736365116
300,1574996400,77,100,23,177,48,-0.25758859770940606,-1.0294707514159156
300,1575010800,90,88,0,178,48,-0.5651665771745313,-1.0279787133345648
300,1575025200,353,453,100,806,48,0.7721289857173175,-0.0909787982461838
300,1575039600,506,677,171,1183,48,1.72160883537053,0.47151955842311494
300,1575054000,745,982,237,1727,48,2.60422390687915,1.283188274678018
300,1575068400,578,833,255,1411,48,2.8449371081996833,0.8117042409711258
300,1575082800,236,139,0,375,48,-0.5651665771745313,-0.7340472113084325
300,1575097200,84,46,0,130,48,-0.5651665771745313,-1.099596541239409
300,1575111600,218,156,0,374,48,-0.5651665771745313,-0.7355392493897834
300,1575126000,419,283,0,702,48,-0.5651665771745313,-0.24615075870668
300,1575140400,553,302,0,855,48,-0.5651665771745313,-0.01786893225998847
300,1575154800,418,189,0,607,48,-0.5651665771745313,-0.3878943764350179
300,1575169200,254,60,0,314,48,-0.5651665771745313,-0.825061534270839
300,1575183600,78,37,0,115,48,-0.5651665771745313,-1.121977112459673
300,1575198000,199,121,0,320,48,-0.5651665771745313,-0.8161093057827333
300,1575212400,421,245,0,666,48,-0.5651665771745313,-0.2998641296353133
300,1575226800,359,214,0,573,48,-0.5651665771745313,-0.4386236712009493
300,1575241200,263,96,0,359,48,-0.5651665771745313,-0.7579198206100473
300,1575255600,93,29,0,122,48,-0.5651665771745313,-1.1115328458902165
300,1575270000,146,114,0,260,48,-0.5651665771745313,-0.9056315906637888
300,1575284400,1229,726,0,1955,48,-0.5651665771745313,1.6233729572260291
300,1575298800,542,599,57,1141,48,0.19709189367382252,0.4088539590063761
300,1575313200,1003,1144,141,2147,48,1.3204201665029756,1.909844268845407
300,1575327600,550,808,258,1358,48,2.8850559750864386,0.7326262226595268
300,1575342000,140,81,0,221,49,-0.5604343439488726,-1.3275599243371992
300,1575356400,151,152,1,303,49,-0.5519976979109326,-1.228153123897635
300,1575370800,1429,836,0,2265,49,-0.5604343439488726,1.1503364183270588
300,1575385200,597,561,0,1158,49,-0.5604343439488726,-0.19165538760705747
300,1575399600,1043,1251,208,2294,49,1.1943880319426508,1.1854924818971484
300,1575414000,720,904,184,1624,49,0.9919085270320905,0.37326618562266084
300,1575428400,177,94,0,271,49,-0.5604343439488726,-1.2669460216301478
300,1575442800,141,117,0,258,49,-0.5604343439488726,-1.2827056363339813
300,1575457200,1518,760,0,2278,49,-0.5604343439488726,1.166096033030892
300,1575471600,616,595,0,1211,49,-0.5604343439488726,-0.12740465073758309
300,1575486000,1095,1342,247,2437,49,1.5234172274223114,1.3588482436393152
300,1575500400,818,1048,230,1866,49,1.3799942447773312,0.6666374747247892
300,1575514800,187,144,0,331,49,-0.5604343439488726,-1.1942093383816863
300,1575529200,139,123,0,262,49,-0.5604343439488726,-1.2778565241174171
300,1575543600,1506,806,0,2312,49,-0.5604343439488726,1.207313486871687
300,1575558000,596,640,44,1236,49,-0.18922191827951182,-0.09709769938405742
300,1575572400,1219,1315,96,2534,49,0.24948367569336904,1.4764392148909948
300,1575586800,815,1080,265,1895,49,1.6752768561052318,0.701793538294879
300,1575601200,252,173,0,425,49,-0.5604343439488726,-1.0802552012924298
300,1575615600,122,104,0,226,49,-0.5604343439488726,-1.321498534066494
300,1575630000,1338,850,0,2188,49,-0.5604343439488726,1.0569910081581997
300,1575644400,638,715,77,1353,49,0.08918740097250874,0.04473883295044267
300,1575658800,1182,1359,177,2541,49,0.9328520047665104,1.484925161269982
300,1575673200,967,1350,383,2317,49,2.6708010885821536,1.213374877142392
300,1575687600,523,348,0,871,49,-0.5604343439488726,-0.539579189145532
300,1575702000,114,62,0,176,49,-0.5604343439488726,-1.3821124367735453
300,1575716400,366,347,0,713,49,-0.5604343439488726,-0.7311191216998142
300,1575730800,792,803,11,1595,49,-0.4676312375315324,0.33811012205257107
300,1575745200,1055,1043,0,2098,49,-0.5604343439488726,0.9478859832855073
300,1575759600,960,1112,152,2072,49,0.72193585381801,0.9163667538778406
300,1575774000,614,409,0,1023,49,-0.5604343439488726,-0.35531292491609606
300,1575788400,125,68,0,193,49,-0.5604343439488726,-1.361503709853148
300,1575802800,310,319,9,629,49,-0.4845045296074124,-0.8329504782476604
300,1575817200,787,785,0,1572,49,-0.5604343439488726,0.31022772680732746
300,1575831600,854,865,11,1719,49,-0.4676312375315324,0.4884326007660583
300,1575846000,592,546,0,1138,49,-0.5604343439488726,-0.215900948689878
300,1575860400,142,93,0,235,49,-0.5604343439488726,-1.3105880315792249
300,1575874800,134,113,0,247,49,-0.5604343439488726,-1.2960406949295324
300,1575889200,1421,823,0,2244,49,-0.5604343439488726,1.1248785791900973
300,1575903600,576,568,0,1144,49,-0.5604343439488726,-0.20862728036503184
300,1575918000,1093,1276,183,2369,49,0.9834718809941505,1.2764133359577254
300,1575932400,460,972,512,1432,49,3.759128427476416,0.14050879922758375
300,1575946800,705,729,24,1434,50,-0.3959304512459757,0.02248151819182835
300,1575961200,144,113,0,257,50,-0.6341978511599718,-1.3754447337513773
300,1575975600,1483,865,0,2348,50,-0.6341978511599718,1.1080419211451757
300,1575990000,645,733,88,1378,50,0.23944928185801398,-0.04402984128890191
300,1576004400,1149,1352,203,2501,50,1.3811472397792455,1.2897604568693137
300,1576018800,804,1037,233,1841,50,1.6789814896717408,0.5058765772749929
300,1576033200,203,140,0,343,50,-0.6341978511599718,-1.2733022888345416
300,1576047600,129,126,0,255,50,-0.6341978511599718,-1.3778201394471177
300,1576062000,1515,834,0,2349,50,-0.6341978511599718,1.109229623993046
300,1576076400,598,732,134,1330,50,0.6961284650265066,-0.1010395779866707
300,1576090800,1180,1263,83,2443,50,0.1898102402092648,1.220873691692843
300,1576105200,756,904,148,1660,50,0.8351177816430043,0.29090236181048973
300,1576119600,222,134,0,356,50,-0.6341978511599718,-1.257862151812229
300,1576134000,148,141,0,289,50,-0.6341978511599718,-1.3374382426195315
300,1576148400,1485,859,0,2344,50,-0.6341978511599718,1.103291109753695
300,1576162800,672,769,97,1441,50,0.32879955682576256,0.030795438126919636
300,1576177200,1191,1484,293,2675,50,2.274649989456731,1.4964207523987256
300,1576191600,977,1167,190,2144,50,1.2520857314924976,0.8657505401796585
300,1576206000,374,176,0,550,50,-0.6341978511599718,-1.0274477993254136
300,1576220400,158,118,0,276,50,-0.6341978511599718,-1.3528783796418438
300,1576234800,1121,868,0,1989,50,-0.6341978511599718,0.68165659875978
300,1576249200,719,980,261,1699,50,1.9569601229047362,0.3372227728774269
300,1576263600,1239,1609,370,2848,50,3.0390912308474682,1.7018933450802674
300,1576278000,1121,1364,243,2485,50,1.778259572969239,1.270757211303391
300,1576292400,548,364,0,912,50,-0.6341978511599718,-0.5974993683964073
300,1576306800,94,52,0,146,50,-0.6341978511599718,-1.5072797498649677
300,1576321200,349,302,0,651,50,-0.6341978511599718,-0.9074898116905251
300,1576335600,791,807,16,1598,50,-0.47535291788397444,0.2172647852425384
300,1576350000,1280,1051,0,2331,50,-0.6341978511599718,1.0878509727313828
300,1576364400,967,853,0,1820,50,-0.6341978511599718,0.48093481746971906
300,1576378800,579,373,0,952,50,-0.6341978511599718,-0.5499912544815999
300,1576393200,120,61,0,181,50,-0.6341978511599718,-1.4657101501895111
300,1576407600,294,291,0,585,50,-0.6341978511599718,-0.9858781996499572
300,1576422000,917,897,0,1814,50,-0.6341978511599718,0.47380860038249795
300,1576436400,1032,831,0,1863,50,-0.6341978511599718,0.532006039928137
300,1576450800,589,531,0,1120,50,-0.6341978511599718,-0.3504571760394092
300,1576465200,172,97,0,269,50,-0.6341978511599718,-1.361192299576935
300,1576479600,149,116,0,265,50,-0.6341978511599718,-1.365943110968416
300,1576494000,1349,832,0,2181,50,-0.6341978511599718,0.9096955455508552
300,1576508400,704,616,0,1320,50,-0.6341978511599718,-0.11291660646537253
300,1576522800,1146,1240,94,2386,50,0.29901613183651304,1.1531746293642429
300,1576537200,799,1005,206,1804,50,1.410930664768495,0.46193157190379613
300,1576551600,186,114,0,300,51,-0.5876821795196516,-1.1654341715532646
300,1576566000,141,114,0,255,51,-0.5876821795196516,-1.223273950002457
300,1576580400,1415,832,0,2247,51,-0.5876821795196516,1.337100242681798
300,1576594800,611,673,62,1284,51,0.21332021853729682,0.09932898386907832
300,1576609200,1073,1091,18,2164,51,-0.35513309621279565,1.2304179846532874
300,1576623600,731,961,230,1692,51,2.383778329401286,0.623742975141757
300,1576638000,230,123,0,353,51,-0.5876821795196516,-1.0973117658242155
300,1576652400,134,116,0,250,51,-0.5876821795196516,-1.2297005920523674
300,1576666800,1347,850,0,2197,51,-0.5876821795196516,1.2728338221826951
300,1576678418,467,525,58,992,51,0.1616426444691066,-0.27598691184568197
300,1576681200,322,367,45,689,51,-0.006309471252511631,-0.6654414200702449
300,1576695600,1186,1399,213,2585,51,2.1641486396114775,1.7715412452557329
300,1576710000,815,1016,201,1831,51,2.009115917406907,0.8024036241292628
300,1576724400,260,129,0,389,51,-0.5876821795196516,-1.0510399430648616
300,1576738800,140,118,0,258,51,-0.5876821795196516,-1.219417964772511
300,1576753200,1361,816,0,2177,51,-0.5876821795196516,1.247127253983054
300,1576767600,658,691,33,1349,51,-0.1613421934570823,0.18287533051791194
300,1576782000,1212,1497,285,2709,51,3.094344972838902,1.9309219680935077
300,1576796400,944,1150,206,2094,51,2.073712884992145,1.1404449959545435
300,1576810800,327,176,0,503,51,-0.5876821795196516,-0.9045125043269072
300,1576825200,133,119,0,252,51,-0.5876821795196516,-1.2271299352324032
300,1576839600,1052,779,0,1831,51,-0.5876821795196516,0.8024036241292628
300,1576854000,710,667,0,1377,51,-0.5876821795196516,0.2188645259974095
300,1576868400,1266,1374,108,2640,51,0.8076123203214843,1.8422343078047458
300,1576882800,814,1031,217,1845,51,2.215826213679668,0.8203982218690116
300,1576897200,421,250,0,671,51,-0.5876821795196516,-0.6885773314499218
300,1576911600,104,76,0,180,51,-0.5876821795196516,-1.3196735807511113
300,1576926000,261,301,40,562,51,-0.07090643883774941,-0.8286781281379659
300,1576940400,693,741,48,1434,51,0.032448709298631036,0.2921282453663867
300,1576954800,907,920,13,1827,51,-0.4197300637980334,0.7972623104893346
300,1576969200,680,747,67,1427,51,0.2779171861225346,0.28313094649651227
300,1576983600,350,251,0,601,51,-0.5876821795196516,-0.7785503201486658
300,1576998000,116,50,0,166,51,-0.5876821795196516,-1.33766817849086
300,1577012400,282,287,5,569,51,-0.5230852119344138,-0.8196808292680915
300,1577026800,721,701,0,1422,51,-0.5876821795196516,0.276704304446602
300,1577041200,768,844,76,1612,51,0.3941917277759626,0.5209167023431927
300,1577055600,536,423,0,959,51,-0.5876821795196516,-0.3184027493750898
300,1577070000,137,90,0,227,51,-0.5876821795196516,-1.2592631454819545
300,1577084400,92,104,12,196,51,-0.432649457315081,-1.2991083261913983
300,1577098800,688,644,0,1332,51,-0.5876821795196516,0.161024747548217
300,1577113200,638,657,19,1295,51,-0.3422137026957481,0.11346759637888093
300,1577127600,999,978,0,1977,51,-0.5876821795196516,0.9900615719866429
300,1577142000,608,561,0,1169,51,-0.5876821795196516,-0.04848378327885809
300,1577156400,176,120,0,296,52,-0.7354537856866763,-0.9519065493240878
300,1577170800,75,99,24,174,52,-0.5161880607614561,-1.1613431571104516
300,1577185200,519,445,0,964,52,-0.7354537856866763,0.19484471298157613
300,1577199600,622,600,0,1222,52,-0.7354537856866763,0.6377516376445421
300,1577214000,657,709,52,1366,52,-0.2603780483486991,0.8849555025727093
300,1577228400,411,426,15,837,52,-0.5984127076084137,-0.023175362337015663
300,1577242800,112,121,9,233,52,-0.6532291388397187,-1.060058240230161
300,1577257200,35,43,8,78,52,-0.6623652107116029,-1.3261457337292297
300,1577271600,154,186,32,340,52,-0.44309948578638264,-0.8763720350404812
300,1577286000,412,397,0,809,52,-0.7354537856866763,-0.0712427805174926
300,1577300400,445,476,31,921,52,-0.4522355576582668,0.12102689220441513
300,1577314800,275,366,91,641,52,0.09592875465478387,-0.3596472896003542
300,1577329200,82,85,3,167,52,-0.7080455700710238,-1.173360011655571
300,1577343600,58,102,44,160,52,-0.33346662332377247,-1.18537686620069
300,1577358000,503,490,0,993,52,-0.7354537856866763,0.24462882466849867
300,1577372400,473,819,346,1292,52,2.4256270819852492,0.7579201830957345
300,1577386800,787,1000,213,1787,52,1.2105295230246536,1.6076834687863089
300,1577401200,564,706,142,1270,52,0.5618684201208769,0.7201529259539312
300,1577415600,191,157,0,348,52,-0.7354537856866763,-0.8626384869889164
300,1577430000,69,104,35,173,52,-0.4156912701707301,-1.1630598506168972
300,1577444400,454,557,103,1011,52,0.205561617117394,0.27552930778451956
300,1577458800,668,862,194,1530,52,1.0369441574588543,1.1664932376297885
300,1577473200,840,1231,391,2071,52,2.836750316220037,2.0952244246168608
300,1577487600,765,964,199,1729,52,1.082624516818275,1.5081152454124638
