remote_unit_id,time_stamp,entries,exits,num_people_exited,sum_exit_entry,week_num,z_score_num_people_exited,z_score_sum_exit_entry
324,1546300800,0,0,0,0,1,-0.5128231127434834,-1.0352252999450977
324,1546315200,104,130,26,234,1,0.3746942867104089,-0.37023315438537013
324,1546329600,76,48,0,124,1,-0.5128231127434834,-0.6828362997339601
324,1546344000,192,82,0,274,1,-0.5128231127434834,-0.2565592833495192
324,1546358400,344,159,0,503,1,-0.5128231127434834,0.39422362833072705
324,1546372800,241,272,31,513,1,0.5453707096823113,0.4226420960896898
324,1546387200,82,155,73,237,1,1.979052662646291,-0.3617076140576813
324,1546401600,25,39,14,64,1,-0.034929128422156765,-0.8533471062877364
324,1546416000,283,64,0,347,1,-0.5128231127434834,-0.04910446870909138
324,1546430400,681,186,0,867,1,-0.5128231127434834,1.42865585475697
324,1546444800,415,302,0,717,1,-0.5128231127434834,1.0023788383725294
324,1546459200,420,466,46,886,1,1.0573999785980184,1.4826509434989994
324,1546473600,115,223,108,338,1,3.173787623449608,-0.07468108969215782
324,1546488000,28,38,10,66,1,-0.17147026679967867,-0.8476634127359438
324,1546502400,331,92,0,423,1,-0.5128231127434834,0.1668758862590253
324,1546516800,656,212,0,868,1,-0.5128231127434834,1.4314977015328663
324,1546531200,450,275,0,725,1,-0.5128231127434834,1.0251136125796994
324,1546545600,468,484,16,952,1,0.03334144076660418,1.6702128307081534
324,1546560000,150,260,110,410,1,3.242058192638369,0.12993187817237375
324,1546574400,24,50,26,74,1,0.3746942867104089,-0.8249286385287736
324,1546588800,315,90,0,405,1,-0.5128231127434834,0.1157226442928924
324,1546601720,763,115,0,878,1,-0.5128231127434834,1.4599161692918292
324,1546603200,178,207,29,385,1,0.4771001404935503,0.05888570877496696
324,1546617600,451,305,0,756,1,-0.5128231127434834,1.113210862632484
324,1546632000,558,506,0,1064,1,-0.5128231127434834,1.9884996696085357
324,1546646400,248,196,0,444,1,-0.5128231127434834,0.226554668552847
324,1546660800,7,25,18,32,1,0.10161200995536512,-0.9442862031164171
324,1546675200,0,1,1,1,1,-0.47868782814910293,-1.0323834531692015
324,1546689600,0,2,2,2,1,-0.44455254355472246,-1.0295416063933052
324,1546704000,0,2,2,2,1,-0.44455254355472246,-1.0295416063933052
324,1546718400,0,6,6,6,1,-0.30801140517720055,-1.01817421928972
324,1546732800,0,1,1,1,1,-0.47868782814910293,-1.0323834531692015
324,1546747200,0,4,4,4,1,-0.3762819743659615,-1.0238579128415126
324,1546761600,1,2,1,3,1,-0.47868782814910293,-1.026699759617409
324,1546776000,2,1,0,3,1,-0.5128231127434834,-1.026699759617409
324,1546790400,0,2,2,2,1,-0.44455254355472246,-1.0295416063933052
324,1546804800,0,4,4,4,1,-0.3762819743659615,-1.0238579128415126
324,1546819200,1,6,5,7,1,-0.342146689771581,-1.015332372513824
324,1546833600,1,6,5,7,1,-0.342146689771581,-1.015332372513824
324,1546848000,363,81,0,444,1,-0.5128231127434834,0.226554668552847
324,1546862400,707,239,0,946,1,-0.5128231127434834,1.6531617500527758
324,1546876800,374,292,0,666,1,-0.5128231127434834,0.8574446528018194
324,1546891200,437,543,106,980,1,3.105517054260847,1.749784540433249
324,1546905600,112,195,83,307,2,1.3473321197517685,-0.6278086755313422
324,1546920000,29,28,0,57,2,-0.6731368642279062,-1.4647898682754223
324,1546933964,346,81,0,427,2,-0.6731368642279062,-0.2260577030141838
324,1546934400,113,81,0,194,2,-0.6731368642279062,-1.0061241746516665
324,1546945755,711,115,0,826,2,-0.6731368642279062,1.109764280605368
324,1546948800,165,193,28,358,2,0.008467130367646658,-0.4570645122115499
324,1546963200,450,286,0,736,2,-0.6731368642279062,0.8084510512174992
324,1546977600,422,554,132,976,2,2.540139110293986,1.611952996251816
324,1546992000,134,211,77,345,2,1.2012741209098643,-0.5005875342342421
324,1547006400,20,47,27,67,2,-0.015875869439337373,-1.4313106205656592
324,1547020800,390,100,0,490,2,-0.6731368642279062,-0.015138442442675626
324,1547035200,766,215,0,981,2,-0.6731368642279062,1.6286926201066976
324,1547049600,392,322,0,714,2,-0.6731368642279062,0.7347967062560201
324,1547064000,451,523,72,974,2,1.079559121874944,1.6052571467098633
324,1547078400,130,234,104,364,2,1.858535115698433,-0.436976963585692
324,1547092800,18,49,31,67,2,0.08149612978859876,-1.4313106205656592
324,1547107200,373,102,0,475,2,-0.6731368642279062,-0.06535731400732044
324,1547121600,793,200,0,993,2,-0.6731368642279062,1.6688677173584134
324,1547136000,436,289,0,725,2,-0.6731368642279062,0.7716238787367596
324,1547150400,430,472,42,902,2,0.3492691276654231,1.3642065631995683
324,1547164800,128,251,123,379,2,2.3210521120311296,-0.38675809202104716
324,1547179200,28,47,19,75,2,-0.21061986789520962,-1.4045272223978484
324,1547193600,351,95,0,446,2,-0.6731368642279062,-0.1624471323656337
324,1547208000,712,233,0,945,2,-0.6731368642279062,1.5081673283515502
324,1547222400,418,330,0,748,2,-0.6731368642279062,0.848626148469215
324,1547236800,457,493,36,950,2,0.2032111288235189,1.5249069522064318
324,1547251200,148,278,130,426,2,2.491453110680018,-0.22940562778516013
324,1547265600,51,71,20,122,2,-0.1862768680882256,-1.2471747581619614
324,1547280000,93,30,0,123,2,-0.6731368642279062,-1.2438268333909852
324,1547294400,292,131,0,423,2,-0.6731368642279062,-0.2394494020980891
324,1547308800,369,230,0,599,2,-0.6731368642279062,0.3497853575937433
324,1547323200,306,325,19,631,2,-0.21061986789520962,0.4569189502649855
324,1547337600,139,216,77,355,2,1.2012741209098643,-0.4671082865244789
324,1547352000,45,72,27,117,2,-0.015875869439337373,-1.263914382016843
324,1547366400,66,33,0,99,2,-0.6731368642279062,-1.324177027894417
324,1547380800,267,123,0,390,2,-0.6731368642279062,-0.34993091954030764
324,1547395200,359,227,0,586,2,-0.6731368642279062,0.30626233557105115
324,1547409600,228,246,18,474,2,-0.23496286770219366,-0.06870523877829675
324,1547424000,110,170,60,280,2,0.7874431241911356,-0.7182026443477029
324,1547438400,23,30,7,53,2,-0.502735865579018,-1.4781815673593275
324,1547452800,371,101,0,472,2,-0.6731368642279062,-0.07540108832024939
324,1547467200,694,193,0,887,2,-0.6731368642279062,1.3139876916349236
324,1547481600,395,263,0,658,2,-0.6731368642279062,0.5473129190813462
324,1547493044,432,152,0,584,2,-0.6731368642279062,0.29956648602909847
324,1547493108,339,470,131,809,2,2.515796110487002,1.0528495594987706
324,1547496000,65,74,9,139,2,-0.4540498659650499,-1.190260037055364
324,1547510400,111,235,124,346,3,3.0938394203418835,-0.26486635276129233
324,1547524800,16,40,24,56,3,0.12888476364811677,-1.2720247345482778
324,1547539200,376,106,0,482,3,-0.5827043539583872,0.20745619869743184
324,1547540758,152,26,0,178,3,-0.5827043539583872,-0.8483236222103046
324,1547541684,96,15,0,111,3,-0.5827043539583872,-1.08101193800247
324,1547553600,524,209,0,733,3,-0.5827043539583872,1.0791691429337538
324,1547568000,415,260,0,675,3,-0.5827043539583872,0.8777374665763567
324,1547582400,511,572,61,1083,3,1.2259179866248104,2.2947051209525293
324,1547596800,131,242,111,373,3,2.708395314971694,-0.1710964344569868
324,1547611200,26,41,15,67,3,-0.13796115545432222,-1.2338221752391163
324,1547622794,184,22,0,206,3,-0.5827043539583872,-0.7510807439688025
324,1547624936,157,54,0,211,3,-0.5827043539583872,-0.73371594428282
324,1547625600,124,87,0,211,3,-0.5827043539583872,-0.73371594428282
324,1547626905,111,19,0,130,3,-0.5827043539583872,-1.0150256991957367
324,1547640000,684,212,0,896,3,-0.5827043539583872,1.6452616126967834
324,1547654400,415,326,0,741,3,-0.5827043539583872,1.1069528224313256
324,1547668800,456,510,54,966,3,1.0183711606562467,1.8883688083005388
324,1547683200,122,226,104,348,3,2.5008484890031304,-0.25792043288689936
324,1547697600,17,52,35,69,3,0.4550297758844311,-1.2268762553647232
324,1547712000,385,107,0,492,3,-0.5827043539583872,0.24218579806939686
324,1547714939,294,47,0,341,3,-0.5827043539583872,-0.28223115244727487
324,1547726400,421,226,0,647,3,-0.5827043539583872,0.7804945883348545
324,1547740800,432,293,0,725,3,-0.5827043539583872,1.0513854634361817
324,1547755200,497,529,32,1026,3,0.3660811361836181,2.096746404532329
324,1547769600,140,257,117,397,3,2.88629259437332,-0.08774539596427078
324,1547784000,23,65,42,88,3,0.6625766018529947,-1.1608900165579896
324,1547797747,93,79,0,172,3,-0.5827043539583872,-0.8691613818334836
324,1547798400,338,105,0,443,3,-0.5827043539583872,0.07201076114676828
324,1547812800,728,228,0,956,3,-0.5827043539583872,1.8536392089285736
324,1547827200,404,319,0,723,3,-0.5827043539583872,1.0444395435617886
324,1547841600,453,469,16,922,3,-0.10831160888738456,1.7355585710638923
324,1547856000,159,244,85,403,3,1.9375071042313146,-0.06690763634109177
324,1547870400,43,68,25,111,3,0.15853431021505443,-1.08101193800247
324,1547884800,96,40,0,136,3,-0.5827043539583872,-0.9941879395725577
324,1547899200,348,129,0,477,3,-0.5827043539583872,0.19009139901144934
324,1547913600,335,233,0,568,3,-0.5827043539583872,0.506130753296331
324,1547928000,303,239,0,542,3,-0.5827043539583872,0.4158337949292219
324,1547942400,120,150,30,270,3,0.30678204304974277,-0.5288113079882264
324,1547956800,29,53,24,82,3,0.12888476364811677,-1.1817277761811686
324,1547971200,55,30,0,85,3,-0.5827043539583872,-1.1713088963695792
324,1547985600,230,145,0,375,3,-0.5827043539583872,-0.1641505145825938
324,1548000000,372,168,0,540,3,-0.5827043539583872,0.40888787505482893
324,1548014400,256,224,0,480,3,-0.5827043539583872,0.20051027882303885
324,1548028800,103,126,23,229,3,0.0992352170811791,-0.671202665413283
324,1548043200,17,32,15,49,3,-0.13796115545432222,-1.2963354541086534
324,1548057600,126,33,0,159,3,-0.5827043539583872,-0.9143098610170382
324,1548072000,280,118,0,398,3,-0.5827043539583872,-0.08427243602707428
324,1548086400,276,207,0,483,3,-0.5827043539583872,0.21092915863462833
324,1548100800,232,258,26,490,3,0.1881838567819921,0.23523987819500386
324,1548115200,59,155,96,214,4,1.9231074954652778,-0.949100857206754
324,1548129600,13,27,14,40,4,-0.21616324561431413,-1.5069733790813586
324,1548144000,288,72,0,360,4,-0.5814045916522932,-0.4810009250590973
324,1548158400,709,203,0,912,4,-0.5814045916522932,1.2888015581293033
324,1548172800,393,269,0,662,4,-0.5814045916522932,0.4872605784244117
324,1548187200,427,494,67,921,4,1.1665361358151782,1.3176570333986795
324,1548201600,144,217,73,361,4,1.3230681412600263,-0.47779476114027775
324,1548216000,15,39,24,54,4,0.044723430127099506,-1.4620870842178846
324,1548230400,350,92,0,442,4,-0.5814045916522932,-0.21809548371589288
324,1548244800,762,231,0,993,4,-0.5814045916522932,1.5485008355536882
324,1548259200,433,230,0,663,4,-0.5814045916522932,0.4904667423432313
324,1548273600,509,518,9,1027,4,-0.34660658348502094,1.6575104087935535
324,1548288000,133,262,129,395,4,2.784033525411943,-0.3687851879004125
324,1548302400,27,44,17,71,4,-0.13789724289189004,-1.407582297597952
324,1548316800,329,99,0,428,4,-0.5814045916522932,-0.2629817785793668
324,1548331200,693,216,0,909,4,-0.5814045916522932,1.2791830663728447
324,1548345600,359,294,0,653,4,-0.5814045916522932,0.45840510315503563
324,1548360000,447,469,22,916,4,-0.00745390502118322,1.3016262138045815
324,1548374400,122,256,134,378,4,2.91447686328265,-0.4232899745203451
324,1548388800,30,59,29,89,4,0.1751667679978063,-1.3498713470591999
324,1548403200,347,108,0,455,4,-0.5814045916522932,-0.17641535277123851
324,1548417600,784,229,0,1013,4,-0.5814045916522932,1.6126241139300794
324,1548432000,478,286,0,764,4,-0.5814045916522932,0.8142892981440075
324,1548446400,498,479,0,977,4,-0.5814045916522932,1.497202212852575
324,1548460800,146,280,134,426,4,2.91447686328265,-0.26939410641700595
324,1548475200,40,74,34,114,4,0.3056101058685131,-1.2697172490887105
324,1548489600,93,40,0,133,4,-0.5814045916522932,-1.2088001346311388
324,1548504000,346,106,0,452,4,-0.5814045916522932,-0.1860338445276972
324,1548518400,419,232,0,651,4,-0.5814045916522932,0.4519927753173965
324,1548532800,338,301,0,639,4,-0.5814045916522932,0.41351880829156173
324,1548547200,148,204,56,352,4,0.8795607924996232,-0.5066502364096538
324,1548561600,33,58,25,91,4,0.07081209770124088,-1.3434590192215607
324,1548576000,63,46,0,109,4,-0.5814045916522932,-1.2857480686828084
324,1548590400,302,126,0,428,4,-0.5814045916522932,-0.2629817785793668
324,1548604800,366,208,0,574,4,-0.5814045916522932,0.20511815356828988
324,1548619200,252,239,0,491,4,-0.5814045916522932,-0.060993451693734116
324,1548633600,104,163,59,267,4,0.9578267952220473,-0.779174169509317
324,1548648000,22,32,10,54,4,-0.3205179159108796,-1.4620870842178846
324,1548662400,335,104,0,439,4,-0.5814045916522932,-0.22771397547235156
324,1548676800,697,200,0,897,4,-0.5814045916522932,1.2407090993470098
324,1548691200,382,281,0,663,4,-0.5814045916522932,0.4904667423432313
324,1548705600,470,474,4,944,4,-0.47704992135572777,1.3913988035315294
324,1548720000,129,234,105,363,5,2.4567150216161258,-0.4408179289627008
324,1548734400,18,34,16,52,5,-0.22383555644148045,-1.4726606487583898
324,1548748800,397,94,0,491,5,-0.7057322895754321,-0.016136680943896368
324,1548763200,794,226,0,1020,5,-0.7057322895754321,1.7389912893838189
324,1548777600,388,309,0,697,5,-0.7057322895754321,0.667334702586367
324,1548792000,435,456,21,891,5,-0.07324282733712055,1.3109922191148675
324,1548806400,126,224,98,350,5,2.245885200870022,-0.48394961821461063
324,1548820800,19,53,34,72,5,0.3182982683342152,-1.4063042037554514
324,1548835200,397,121,0,518,5,-0.7057322895754321,0.07344451981007019
324,1548849600,747,236,0,983,5,-0.7057322895754321,1.6162318661283832
324,1548864000,453,286,0,739,5,-0.7057322895754321,0.8066832370925372
324,1548878400,462,473,11,935,5,-0.37442828554584034,1.4569763981213315
324,1548892800,104,191,87,295,5,1.91458119684043,-0.6664298419726906
324,1548907200,13,46,33,59,5,0.28817972251334323,-1.4494358930073612
324,1548921600,322,88,0,410,5,-0.7057322895754321,-0.28488028320579606
324,1548936000,652,194,0,846,5,-0.7057322895754321,1.1616902178582564
324,1548950400,338,239,0,577,5,-0.7057322895754321,0.26919603256873786
324,1548964800,374,425,51,799,5,0.8303135472890388,1.0057525721013518
324,1548979200,91,208,117,299,5,2.8181375714665893,-0.653158552972103
324,1548993600,18,60,42,78,5,0.559246634901191,-1.38639727025457
324,1549008000,313,75,0,388,5,-0.7057322895754321,-0.35787237270902805
324,1549020508,151,203,52,354,5,0.8604320931099109,-0.470678329214023
324,1549021037,3,11,8,14,5,-0.4647839230084563,-1.5987378942639723
324,1549022400,621,155,0,776,5,-0.7057322895754321,0.9294426603479728
324,1549036800,393,313,0,706,5,-0.7057322895754321,0.6971951028376892
324,1549051200,504,512,8,1016,5,-0.4647839230084563,1.7257200003832311
324,1549065600,151,227,76,378,5,1.5832771928108382,-0.3910505952104971
324,1549080000,35,74,39,109,5,0.4688909974385751,-1.2835447805000157
324,1549094400,112,39,0,151,5,-0.7057322895754321,-1.1441962459938455
324,1549108800,344,151,0,495,5,-0.7057322895754321,-0.002865391943308729
324,1549123200,457,226,0,683,5,-0.7057322895754321,0.6208851910843103
324,1549137600,357,359,2,716,5,-0.6454951979336881,0.7303733253391583
324,1549152000,129,215,86,344,5,1.8844626510195581,-0.503856551715492
324,1549166400,45,65,20,110,5,-0.10336137315799253,-1.2802269582498689
324,1549180800,73,41,0,114,5,-0.7057322895754321,-1.2669556692492812
324,1549195200,298,152,0,450,5,-0.7057322895754321,-0.15216739319991965
324,1549209600,393,212,0,605,5,-0.7057322895754321,0.3620950555728513
324,1549224000,291,323,32,614,5,0.25806117669247125,0.3919554558241735
324,1549238400,128,189,61,317,5,1.1314990054977585,-0.5934377524694586
324,1549252800,22,29,7,51,5,-0.49490246882932826,-1.4759784710085366
324,1549267200,388,104,0,492,5,-0.7057322895754321,-0.012818858693749458
324,1549281600,726,191,0,917,5,-0.7057322895754321,1.3972555976186871
324,1549296000,401,274,0,675,5,-0.7057322895754321,0.594342613083135
324,1549310400,422,447,25,869,5,0.047231355946367376,1.2380001296116354
324,1549324800,122,275,153,397,6,0.3957657703466268,-0.5806347177515858
324,1549339200,24,39,15,63,6,-0.23080030584267908,-1.4968488708021197
324,1549353600,349,96,0,445,6,-0.29890531412412535,-0.44896322270240724
324,1549368000,786,170,0,956,6,-0.29890531412412535,0.9527895683419725
324,1549382400,405,260,0,665,6,-0.29890531412412535,0.15453112960632767
324,1549396800,432,509,77,941,6,0.05070039505396559,0.9116422261391043
324,1549411200,150,294,144,444,6,0.354902765377759,-0.4517063788492651
324,1549425600,27,43,16,70,6,-0.2262599719572493,-1.4776467777741145
324,1549440000,372,122,0,494,6,-0.29890531412412535,-0.31454857150637083
324,1549454400,767,231,0,998,6,-0.29890531412412535,1.0680021265100037
324,1549468800,461,277,0,738,6,-0.29890531412412535,0.35478152832695337
324,1549483200,496,537,41,1033,6,-0.1127516248215055,1.1640125916500297
324,1549497600,139,264,125,403,6,0.2686364215545937,-0.5641757808704384
324,1549512000,21,42,21,63,6,-0.20355830253010054,-1.4968488708021197
324,1549526400,437,85,0,522,6,-0.29890531412412535,-0.23774019939435
324,1549540800,798,225,0,1023,6,-0.29890531412412535,1.136581030181451
324,1549555200,380,297,0,677,6,-0.29890531412412535,0.18744900336862233
324,1549569600,509,503,0,1012,6,-0.29890531412412535,1.1064063125660142
324,1549584000,162,280,118,442,6,0.23685408435658545,-0.4571926911429809
324,1549598400,26,50,24,76,6,-0.1899373008738113,-1.4611878408929673
324,1549612800,419,91,0,510,6,-0.29890531412412535,-0.27065807315664464
324,1549627200,819,219,0,1038,6,-0.29890531412412535,1.1777283723843193
324,1549641600,526,269,0,795,6,-0.29890531412412535,0.5111414286978528
324,1549656000,567,505,0,1072,6,-0.29890531412412535,1.2709956813774872
324,1549670400,176,280,104,456,6,0.1732894099605689,-0.4187885050869705
324,1549684800,36,77,41,113,6,-0.1127516248215055,-1.3596910634592254
324,1549699200,198,1630,1432,1828,6,6.202852809811281,3.3448217284020494
324,1549713600,383,135,0,518,6,-0.29890531412412535,-0.24871282398178157
324,1549728000,451,260,0,711,6,-0.29890531412412535,0.28071631236179045
324,1549742400,415,354,0,769,6,-0.29890531412412535,0.4398193688795478
324,1549756800,175,278,103,453,6,0.16874907607513917,-0.42701797352754417
324,1549771200,116,352,236,468,6,0.7726134828372964,-0.38587063132467586
324,1549785600,77,33,0,110,6,-0.29890531412412535,-1.3679205318997991
324,1549800000,322,152,0,474,6,-0.29890531412412535,-0.36941169444352856
324,1549814400,419,228,0,647,6,-0.29890531412412535,0.10515431896288574
324,1549828800,341,270,0,611,6,-0.29890531412412535,0.006400697676001838
324,1549843200,92,173,81,265,6,0.06886173059568461,-0.9427313291368268
324,1549857600,18,40,22,58,6,-0.1990179686446708,-1.510564651536409
324,1549872000,403,91,0,494,6,-0.29890531412412535,-0.31454857150637083
324,1549886400,760,213,0,973,6,-0.29890531412412535,0.9994232228385566
324,1549900800,440,285,0,725,6,-0.29890531412412535,0.3191204984178008
324,1549915200,501,513,12,1014,6,-0.24442130749896834,1.1118926248597298
324,1549929600,121,256,135,377,7,0.16892418565639358,-0.5467632311570003
324,1549944000,21,47,26,68,7,-0.19985736986815092,-1.2198701571630286
324,1549958400,528,1145,617,1673,7,1.7996829908199756,2.2763648468488658
324,1549972800,719,228,0,947,7,-0.28782361247033583,0.6948903216696537
324,1549987200,395,282,0,677,7,-0.28782361247033583,0.106738638751765
324,1550001600,436,468,32,904,7,-0.17955746772918516,0.601221720316064
324,1550016000,112,209,97,321,7,0.040358138776277155,-0.6687502468733031
324,1550030400,17,35,18,52,7,-0.22692390605343857,-1.2547235902248293
324,1550044800,427,85,0,512,7,-0.28782361247033583,-0.25268738969805593
324,1550059200,851,230,0,1081,7,-0.28782361247033583,0.9867878235622356
324,1550073600,467,529,62,996,7,-0.07805795703435639,0.8016289604214187
324,1550088000,554,509,0,1063,7,-0.28782361247033583,0.9475777113677096
324,1550102400,144,287,143,431,7,0.19599072184168126,-0.4291328945734225
324,1550116800,20,53,33,73,7,-0.17617415070602419,-1.2089784593312158
324,1550131200,417,64,0,481,7,-0.28782361247033583,-0.320215916255295
324,1550145600,804,297,0,1101,7,-0.28782361247033583,1.0303546148894867
324,1550160000,449,311,0,760,7,-0.28782361247033583,0.2875408227598567
324,1550174400,529,465,0,994,7,-0.28782361247033583,0.7972722812886937
324,1550188800,141,299,158,440,7,0.24674047718909564,-0.4095278384761596
324,1550203200,28,59,31,87,7,-0.18294078475234613,-1.17848170540214
324,1550217600,405,98,0,503,7,-0.28782361247033583,-0.27229244579531886
324,1550232000,786,204,0,990,7,-0.28782361247033583,0.7885589230232434
324,1550246400,484,323,0,807,7,-0.28782361247033583,0.3899227823788966
324,1550260800,547,453,0,1000,7,-0.28782361247033583,0.8103423186868689
324,1550275200,189,254,65,443,7,-0.06790800596487352,-0.4029928197770719
324,1550289600,36,80,44,116,7,-0.13895766345125365,-1.1153098579776262
324,1550304000,101,40,0,141,7,-0.28782361247033583,-1.0608513688185623
324,1550318400,403,157,0,560,7,-0.28782361247033583,-0.14812709051265346
324,1550332800,475,247,0,722,7,-0.28782361247033583,0.2047639192380798
324,1550347200,418,334,0,752,7,-0.28782361247033583,0.2701141062289563
324,1550361600,153,231,78,384,7,-0.02392488466378106,-0.5315148541924625
324,1550376000,37,74,37,111,7,-0.16264088261338036,-1.1262015558094387
324,1550390400,293,2161,1868,2454,7,6.032212586794334,3.977648048178018
324,1550404800,354,177,0,531,7,-0.28782361247033583,-0.21129893793716745
324,1550419200,501,187,0,688,7,-0.28782361247033583,0.13070037398175305
324,1550433600,322,279,0,601,7,-0.28782361247033583,-0.05881516829178887
324,1550448000,112,198,86,310,7,0.0031416515215066114,-0.6927119821032912
324,1550462400,23,51,28,74,7,-0.19309073582182898,-1.2068001197648532
324,1550476800,152,36,0,188,7,-0.28782361247033583,-0.9584694091995224
324,1550491200,450,159,0,609,7,-0.28782361247033583,-0.04138845176088847
324,1550505600,434,251,0,685,7,-0.28782361247033583,0.1241653552826654
324,1550520000,327,342,15,669,7,-0.23707385712292145,0.08931192222086459
324,1550534400,118,158,40,276,8,-0.12475583982532647,-1.0558543939539875
324,1550548800,24,750,726,774,8,4.470278045821598,0.5929007297118161
324,1550563200,360,58,0,418,8,-0.39268784481931623,-0.5857274309810074
324,1550577600,783,209,0,992,8,-0.39268784481931623,1.3146449404731517
324,1550592000,388,238,0,626,8,-0.39268784481931623,0.1029092471765973
324,1550606400,422,500,78,922,8,0.12977956491896378,1.0828922122470348
324,1550620800,123,355,232,478,8,1.1613177841458242,-0.3870822353586214
324,1550635200,18,45,27,63,8,-0.21183374144837314,-1.7610448384134578
324,1550649600,354,80,0,434,8,-0.39268784481931623,-0.5327553788150378
324,1550664000,756,180,0,936,8,-0.39268784481931623,1.1292427578922581
324,1550678400,370,251,0,621,8,-0.39268784481931623,0.0863554808747318
324,1550692800,449,437,0,886,8,-0.39268784481931623,0.9637050948736032
324,1550707200,129,226,97,355,8,0.2570472672911089,-0.7943048863845127
324,1550721600,15,39,24,54,8,-0.23192864182292236,-1.7908416177568156
324,1550736000,353,73,0,426,8,-0.39268784481931623,-0.5592414048980227
324,1550750400,743,163,0,906,8,-0.39268784481931623,1.0299201600810652
324,1550764800,441,273,0,714,8,-0.39268784481931623,0.39425553408943004
324,1550779200,466,493,27,959,8,-0.21183374144837314,1.2053900828808395
324,1550793600,129,258,129,387,8,0.4713928712863007,-0.6883607820525734
324,1550808000,20,47,27,67,8,-0.21183374144837314,-1.7478018253719654
324,1550822400,322,67,0,389,8,-0.39268784481931623,-0.6817392755318273
324,1550836800,794,163,0,957,8,-0.39268784481931623,1.1987685763600933
324,1550851200,433,295,0,728,8,-0.39268784481931623,0.44060607973465343
324,1550865600,457,453,0,910,8,-0.39268784481931623,1.0431631731225575
324,1551484800,6819,9213,2394,16032,9,3.8911217139495577,4.111138260757179
324,1551499200,38,72,34,110,9,-0.27205706926062795,-0.343978354409739
324,1551513600,114,52,0,166,9,-0.33203506867975774,-0.32830905843879643
324,1551528000,442,113,0,555,9,-0.33203506867975774,-0.21946341321207047
324,1551542400,500,236,0,736,9,-0.33203506867975774,-0.1688180101631311
324,1551556800,432,256,0,688,9,-0.33203506867975774,-0.18224883528108188
324,1551571200,188,232,44,420,9,-0.25441648119617805,-0.257237608856307
324,1551585600,33,67,34,100,9,-0.27205706926062795,-0.34677644297597876
324,1551600000,74,41,0,115,9,-0.33203506867975774,-0.34257931012661913
324,1551614400,393,151,0,544,9,-0.33203506867975774,-0.22254131063493418
324,1551628800,479,197,0,676,9,-0.33203506867975774,-0.18560654156056958
324,1551643200,304,243,0,547,9,-0.33203506867975774,-0.22170188406506225
324,1551657600,96,923,827,1019,9,1.1268415642502523,-0.08963210373854641
324,1551672000,22,27,5,49,9,-0.3232147746475328,-0.36104669466380146
324,1551686400,265,54,0,319,9,-0.33203506867975774,-0.2854983033753284
324,1551700800,596,140,0,736,9,-0.33203506867975774,-0.1688180101631311
324,1551715200,328,196,0,524,9,-0.33203506867975774,-0.22813748776741366
324,1551729600,361,411,50,772,9,-0.24383212835750806,-0.15874489132466804
324,1551744000,123,197,74,320,10,1.2763251526742527,-0.7554717652635775
324,1551758400,24,34,10,58,10,-0.3083224271818172,-1.5827392849133342
324,1551772800,416,113,0,529,10,-0.5559236115343281,-0.09555225531396243
324,1551787200,792,224,0,1016,10,-0.5559236115343281,1.4421549281571502
324,1551801600,421,287,0,708,10,-0.5559236115343281,0.4696419661261385
324,1551816000,482,531,49,1013,10,0.6573221917929754,1.4326823993061988
324,1551830400,145,253,108,398,10,2.11816917947279,-0.5091860151388408
324,1551844800,24,44,20,68,10,-0.06072124282930625,-1.5511641887434962
324,1551859200,413,105,0,518,10,-0.5559236115343281,-0.13028486110078427
324,1551873600,771,213,0,984,10,-0.5559236115343281,1.3411146204136684
324,1551888000,408,332,0,740,10,-0.5559236115343281,0.5706822738696202
324,1551902400,460,515,55,975,10,0.805882902404482,1.3126970338608142
324,1551916800,260,268,8,528,10,-0.35784266405231935,-0.09870976493094624
324,1551931200,42,38,0,80,10,-0.5559236115343281,-1.5132740733396906
324,1551945600,410,90,0,500,10,-0.5559236115343281,-0.18712003420649276
324,1551960000,721,202,0,923,10,-0.5559236115343281,1.1485065337776563
324,1551974400,401,285,0,686,10,-0.5559236115343281,0.4001767545524948
324,1551988800,483,524,41,1007,10,0.4592412443109667,1.413737341604296
324,1552003200,142,324,182,466,10,3.9504179436813702,-0.2944753611839421
324,1552017600,30,58,28,88,10,0.13735970465270247,-1.4880139964038201
324,1552032000,410,106,0,516,10,-0.5559236115343281,-0.1365998803347519
324,1552046400,787,226,0,1013,10,-0.5559236115343281,1.4326823993061988
324,1552060800,444,326,0,770,10,-0.5559236115343281,0.6654075623791343
324,1552075200,504,489,0,993,10,-0.5559236115343281,1.3695322069665228
324,1552089600,169,264,95,433,10,1.7962876398145258,-0.39867317854440765
324,1552104000,49,69,20,118,10,-0.06072124282930625,-1.393288707894306
324,1552118400,121,47,0,168,10,-0.5559236115343281,-1.2354132270451157
324,1552132800,415,128,0,543,10,-0.5559236115343281,-0.05134712067618918
324,1552147200,486,255,0,741,10,-0.5559236115343281,0.573839783486604
324,1552161600,438,337,0,775,10,-0.5559236115343281,0.6811951104640533
324,1552176000,177,237,60,414,10,0.9296834945807375,-0.4586658612670999
324,1552194000,41,78,37,119,10,0.3602007705699623,-1.3901311982773221
324,1552208400,105,48,0,153,10,-0.5559236115343281,-1.2827758712998727
324,1552222800,338,117,0,455,10,-0.5559236115343281,-0.32920796697076393
324,1552237200,409,212,0,621,10,-0.5559236115343281,0.19493862944854753
324,1552251600,252,256,4,508,10,-0.45688313779332373,-0.16185995727062233
324,1552266000,89,115,26,204,10,0.0878394677822003,-1.1217428808336987
324,1552280400,22,20,0,42,10,-0.5559236115343281,-1.633259438785075
324,1552294800,733,169,0,902,10,-0.5559236115343281,1.0821988318209965
324,1552309200,499,172,0,671,10,-0.5559236115343281,0.35281411029773774
324,1552323600,466,329,0,795,10,-0.5559236115343281,0.7443453028037295
324,1552338000,402,528,126,930,10,2.5638513113073094,1.170609101096543
324,1552352400,94,158,64,252,11,0.9689155766588347,-0.9550777542204708
324,1552366800,21,27,6,48,11,-0.45465399194244477,-1.5832910352093388
324,1552381200,707,162,0,869,11,-0.6019198093839565,0.9449594730840957
324,1552395600,563,197,0,760,11,-0.6019198093839565,0.6092964945165142
324,1552410000,487,365,0,852,11,-0.6019198093839565,0.8926083663350234
324,1552424400,404,526,122,930,11,2.3924851452601144,1.1328075620072375
324,1552438800,103,223,120,326,11,2.3433965394462772,-0.7271964660186265
324,1552453200,20,28,8,48,11,-0.40556538612860754,-1.5832910352093388
324,1552467600,786,155,0,941,11,-0.6019198093839565,1.166681807550755
324,1552482000,592,305,0,897,11,-0.6019198093839565,1.0311848253766853
324,1552496400,494,344,0,838,11,-0.6019198093839565,0.8494956901887285
324,1552510800,428,469,41,897,11,0.4043966097997066,1.0311848253766853
324,1552525200,84,208,124,292,11,2.4415737510739515,-0.8318986795167712
324,1552539600,18,17,0,35,11,-0.6019198093839565,-1.6233242344880412
324,1552554000,762,152,0,914,11,-0.6019198093839565,1.0835359321257578
324,1552568400,587,179,0,766,11,-0.6019198093839565,0.6277733557220692
324,1552582800,461,424,0,885,11,-0.6019198093839565,0.9942311029655755
324,1552597200,423,477,54,900,11,0.7234725475896485,1.0404232559794628
324,1552611600,98,204,106,302,11,1.9997762987494165,-0.8011039108408463
324,1552626000,29,30,1,59,11,-0.5773755064770378,-1.5494167896658215
324,1552640400,746,170,0,916,11,-0.6019198093839565,1.0896948858609428
324,1552654800,546,149,0,695,11,-0.6019198093839565,0.4091304981230024
324,1552669200,504,365,0,869,11,-0.6019198093839565,0.9449594730840957
324,1552683600,460,456,0,916,11,-0.6019198093839565,1.0896948858609428
324,1552698000,125,211,86,336,11,1.508890240611044,-0.6964016973427016
324,1552712400,27,49,22,76,11,-0.06194514543174701,-1.497065682916749
324,1552726800,174,52,0,226,11,-0.6019198093839565,-1.0351441527778755
324,1552741200,422,155,0,577,11,-0.6019198093839565,0.04575222774708853
324,1552755600,471,231,0,702,11,-0.6019198093839565,0.43068683619614984
324,1552770000,378,245,0,623,11,-0.6019198093839565,0.18740816365634308
324,1552784400,123,234,111,357,11,2.1224978132840095,-0.6317326831232594
324,1552798800,29,43,14,72,11,-0.2582995686870959,-1.5093835903871191
324,1552813200,136,44,0,180,11,-0.6019198093839565,-1.1768000886871302
324,1552827600,380,178,0,558,11,-0.6019198093839565,-0.012757832737168788
324,1552842000,382,234,0,616,11,-0.6019198093839565,0.16585182558319564
324,1552856400,283,241,0,524,11,-0.6019198093839565,-0.11746004623531346
324,1552870800,78,137,59,215,11,0.8461940621242416,-1.069018398321393
324,1552885200,20,33,13,53,11,-0.28284387159401453,-1.5678936508713763
324,1552899600,753,162,0,915,11,-0.6019198093839565,1.0866154089933502
324,1552914000,547,163,0,710,11,-0.6019198093839565,0.45532265113688974
324,1552928400,450,326,0,776,11,-0.6019198093839565,0.6585681243979941
324,1552942800,404,483,79,887,11,1.337080120262614,1.0003900567007604
324,1552957200,85,213,128,298,12,1.215747847527704,-1.0140483617203684
324,1552971600,20,31,11,51,12,-0.3506351946199461,-1.844204430571939
324,1552986000,756,180,0,936,12,-0.4979019763603234,1.130241403167494
324,1553000400,542,158,0,700,12,-0.4979019763603234,0.33705584750364537
324,1553014800,486,333,0,819,12,-0.4979019763603234,0.7370095810799081
324,1553029200,475,480,5,955,12,-0.4309625301146974,1.1940995623099226
324,1553043600,117,226,109,343,12,0.961377951794325,-0.862805353225143
324,1553058000,20,34,14,54,12,-0.31047152687257046,-1.8341215633389238
324,1553072400,754,171,0,925,12,-0.4979019763603234,1.0932708899797725
324,1553086800,568,184,0,752,12,-0.4979019763603234,0.5118255462092391
324,1553101200,494,273,0,767,12,-0.4979019763603234,0.5622398823743143
324,1553115600,444,537,93,981,12,0.7471717238083215,1.2814844116627195
324,1553130000,230,374,144,604,12,1.4299540755137075,0.01440409604716449
324,1553144400,22,41,19,63,12,-0.24353208062694437,-1.8038729616398788
324,1553158800,707,170,0,877,12,-0.4979019763603234,0.931945014251532
324,1553173200,547,156,0,703,12,-0.4979019763603234,0.3471387147366604
324,1553187600,476,413,0,889,12,-0.4979019763603234,0.972276483183592
324,1553202000,380,478,98,858,12,0.8141111700539475,0.8680868551091034
324,1553216400,118,220,102,338,12,0.8676627270504484,-0.8796101319468346
324,1553230800,17,31,14,48,12,-0.31047152687257046,-1.854287297804954
324,1553245200,622,149,0,771,12,-0.4979019763603234,0.5756837053516677
324,1553259600,566,209,0,775,12,-0.4979019763603234,0.589127528329021
324,1553274000,563,361,0,924,12,-0.4979019763603234,1.0899099342354341
324,1553288400,471,423,0,894,12,-0.4979019763603234,0.9890812619052838
324,1553302800,141,200,59,341,12,0.29198348933806423,-0.8695272647138196
324,1553317200,242,624,382,866,12,4.6162717168055085,0.8949745010638103
324,1553331600,193,56,0,249,12,-0.4979019763603234,-1.178735193192947
324,1553346000,411,159,0,570,12,-0.4979019763603234,-0.09986839926033915
324,1553360400,489,250,0,739,12,-0.4979019763603234,0.4681331215328407
324,1553374800,366,303,0,669,12,-0.4979019763603234,0.23286621942915675
324,1553389200,184,189,5,373,12,-0.4309625301146974,-0.7619766808949926
324,1553403600,163,399,236,562,12,2.661639886433227,-0.1267560452150459
324,1553418000,116,48,0,164,12,-0.4979019763603234,-1.4644164314617063
324,1553432400,392,198,0,590,12,-0.4979019763603234,-0.032649284373572306
324,1553446800,405,223,0,628,12,-0.4979019763603234,0.09506703391128471
324,1553461200,247,259,12,506,12,-0.33724730537082087,-0.3149695668979931
324,1553475600,87,150,63,237,12,0.34553504633456505,-1.2190666621250072
324,1553490000,30,23,0,53,12,-0.4979019763603234,-1.8374825190832622
324,1553504400,775,166,0,941,12,-0.4979019763603234,1.147046181889186
324,1553518800,508,182,0,690,12,-0.4979019763603234,0.30344629006026197
324,1553533200,473,354,0,827,12,-0.4979019763603234,0.7638972270346148
324,1553547600,395,463,68,858,12,0.41247449258019114,0.8680868551091034
324,1553562000,104,161,57,265,13,-0.09749295708980614,-0.9493598184668018
324,1553576400,78,936,858,1014,13,3.5877408209048665,0.968133675551089
324,1553590800,730,182,0,912,13,-0.35973805739654313,0.7070063906514563
324,1553605200,534,189,0,723,13,-0.35973805739654313,0.2231528921609605
324,1553619600,481,321,0,802,13,-0.35973805739654313,0.4253985343871466
324,1553634000,405,511,106,916,13,0.12794581334931862,0.7172466763337948
324,1553648400,195,467,272,662,13,0.8916771581022719,0.06698853550529782
324,1553662800,22,19,0,41,13,-0.35973805739654313,-1.52281581667776
324,1553677200,779,167,0,946,13,-0.35973805739654313,0.7940488189513338
324,1553691600,598,280,0,878,13,-0.35973805739654313,0.6199639623515788
324,1553706000,554,363,0,917,13,-0.35973805739654313,0.7198067477543795
324,1553720400,439,486,47,925,13,-0.14350086942432141,0.7402873191190565
324,1553734800,104,221,117,325,13,0.1785545169172854,-0.7957555332317238
324,1553749200,23,34,11,57,13,-0.30912935382857637,-1.4818546739484058
324,1553763600,785,169,0,954,13,-0.35973805739654313,0.8145293903160109
324,1553778000,562,190,0,752,13,-0.35973805739654313,0.2973949633579149
324,1553792400,517,328,0,845,13,-0.35973805739654313,0.5354816054722858
324,1553806800,436,526,90,962,13,0.054333153614094215,0.835009961680688
324,1553821200,118,218,100,336,13,0.10034106594860948,-0.7675947476052929
324,1553835600,17,33,16,50,13,-0.2861253976613187,-1.4997751738924983
324,1553850000,713,159,0,872,13,-0.35973805739654313,0.604603533828071
324,1553864400,587,189,0,776,13,-0.35973805739654313,0.3588366774519461
324,1553878800,524,372,0,896,13,-0.35973805739654313,0.6660452479221022
324,1553893200,473,1633,1160,2106,13,4.977179773407228,3.763731666829509
324,1553907600,146,243,97,389,13,0.0865386922482549,-0.6319109623143072
324,1553922000,30,53,23,83,13,-0.253919859027158,-1.4152928170132053
324,1553936400,178,71,0,249,13,-0.35973805739654313,-0.990320961196156
324,1553950800,382,163,0,545,13,-0.35973805739654313,-0.23253982070310436
324,1553965200,492,285,0,777,13,-0.35973805739654313,0.3613967488725307
324,1553979600,403,332,0,735,13,-0.35973805739654313,0.2538737492079761
324,1553994000,149,201,52,350,13,-0.12049691325706377,-0.731753747717108
324,1554008400,25,51,26,76,13,-0.24011748532680346,-1.4332133169572976
324,1554022800,119,62,0,181,13,-0.35973805739654313,-1.1644058177959111
324,1554037200,459,242,0,701,13,-0.35973805739654313,0.16683132090809855
324,1554051600,401,209,0,610,13,-0.35973805739654313,-0.06613517836510314
324,1554066000,214,263,49,477,13,-0.13429928695741836,-0.40662467730285945
324,1554080400,74,186,112,260,13,0.1555505607500278,-0.962160175569725
324,1554094800,22,23,1,45,13,-0.3551372661630916,-1.5125755309954214
324,1554109200,735,171,0,906,13,-0.35973805739654313,0.6916459621279485
324,1554123600,527,215,0,742,13,-0.35973805739654313,0.27179424915206857
324,1554138000,453,358,0,811,13,-0.35973805739654313,0.4484391771724083
324,1554152400,373,463,90,836,13,0.054333153614094215,0.5124409626870241
324,1554166800,90,207,117,297,14,2.0951123320418743,-0.8568238502326806
324,1554181200,22,24,2,46,14,-0.6487576689782593,-1.6424755010244456
324,1554195600,817,174,0,991,14,-0.6964771472568703,1.3154560129126773
324,1554210000,558,174,0,732,14,-0.6964771472568703,0.5047636720558362
324,1554224400,497,337,0,834,14,-0.6964771472568703,0.8240324703855574
324,1554238800,418,487,69,905,14,0.9498448533552097,1.0462685947131085
324,1554253200,106,182,76,288,14,1.1168630273303484,-0.8849946265558913
324,1554267600,14,30,16,44,14,-0.31472132102798217,-1.6487356735407146
324,1554282000,779,162,0,941,14,-0.6964771472568703,1.1589517000059513
324,1554296400,611,186,0,797,14,-0.6964771472568703,0.7082192788345801
324,1554310800,463,348,0,811,14,-0.6964771472568703,0.7520404864484634
324,1554325200,454,529,75,983,14,1.0930032881910428,1.2904153228476012
324,1554339600,105,227,122,332,14,2.2144110277384015,-0.7472708311979723
324,1554354000,19,43,24,62,14,-0.1238434079135381,-1.592394120894293
324,1554368400,767,161,0,928,14,-0.6964771472568703,1.1182605786502025
324,1554382800,486,203,0,689,14,-0.6964771472568703,0.3701699629560518
324,1554397200,489,317,0,806,14,-0.6964771472568703,0.7363900551577908
324,1554411600,413,477,64,890,14,0.8305461576586822,0.9993173008410906
324,1554426000,114,238,124,352,14,2.2621305060170127,-0.684669106035282
324,1554440400,21,34,13,55,14,-0.3863005384458987,-1.6143047247012348
324,1554454800,727,160,0,887,14,-0.6964771472568703,0.989927042066687
324,1554469200,558,215,0,773,14,-0.6964771472568703,0.6330972086393516
324,1554483600,502,395,0,897,14,-0.6964771472568703,1.0212279046480324
324,1554498000,380,512,132,892,14,2.4530084191314567,1.0055774733573597
324,1554512400,123,180,57,303,14,0.6635279836835437,-0.8380433326838735
324,1554526800,27,58,31,85,14,0.04317476606160046,-1.5204021369571992
324,1554541200,193,65,0,258,14,-0.6964771472568703,-0.9788972142999269
324,1554555600,426,171,0,597,14,-0.6964771472568703,0.08220202720767582
324,1554570000,424,244,0,668,14,-0.6964771472568703,0.30443815153522685
324,1554584400,318,273,0,591,14,-0.6964771472568703,0.06342150965886868
324,1554598800,119,209,90,328,14,1.4508993752806254,-0.7597911762305105
324,1554613200,30,78,48,108,14,0.4487903314297941,-1.4484101530201052
324,1554627600,126,92,0,218,14,-0.6964771472568703,-1.1041006646253078
324,1554642000,475,300,0,775,14,-0.6964771472568703,0.6393573811556207
324,1554656400,442,249,0,691,14,-0.6964771472568703,0.37643013547232085
324,1554670800,317,265,0,582,14,-0.6964771472568703,0.035250733335657994
324,1554685200,89,157,68,246,14,0.9259851142159042,-1.0164582493975411
324,1554699600,16,27,11,43,14,-0.4340200167245097,-1.651865759798849
324,1554714000,684,142,0,826,14,-0.6964771472568703,0.7989917803204812
324,1554728400,543,173,0,716,14,-0.6964771472568703,0.4546822919256839
324,1554742800,478,341,0,819,14,-0.6964771472568703,0.7770811765135396
324,1554757200,399,486,87,885,14,1.379320157862709,0.983666869550418
324,1554771600,104,198,94,302,15,0.9045911072545536,-0.660948896388853
324,1554786000,19,32,13,51,15,-0.38924319949708025,-1.1093861259917042
324,1554800400,773,163,0,936,15,-0.5968956190991943,0.471757093922731
324,1554814800,566,192,0,758,15,-0.5968956190991943,0.1537418474314661
324,1554829200,479,372,0,851,15,-0.5968956190991943,0.31989588071061015
324,1554843600,428,471,43,899,15,0.08995469189241373,0.405652801112749
324,1554858000,100,201,101,301,15,1.0164039485787688,-0.6627354988972309
324,1554872400,19,34,15,53,15,-0.3572966734044473,-1.1058129209749483
324,1554886800,746,166,0,912,15,-0.5968956190991943,0.4288786337216616
324,1554901200,549,170,0,719,15,-0.5968956190991943,0.08406434960472828
324,1554915600,509,327,0,836,15,-0.5968956190991943,0.2930968430849417
324,1554930000,410,511,101,921,15,1.0164039485787688,0.44495805629706264
324,1554944400,107,212,105,319,15,1.0802970007640347,-0.6305766537464289
324,1554958800,18,46,28,64,15,-0.14964425380233326,-1.0861602933827914
324,1554973200,755,156,0,911,15,-0.5968956190991943,0.4270920312132837
324,1554987600,556,195,0,751,15,-0.5968956190991943,0.14123562987282084
324,1555002000,505,363,0,868,15,-0.5968956190991943,0.3502681233530343
324,1555016400,419,458,39,877,15,0.026061639707147866,0.3663475459284353
324,1555030800,105,240,135,345,15,1.5594948921535285,-0.5841249885286036
324,1555106132,1002,1289,287,2291,15,3.9874308751936316,2.892603492774776
324,1555117200,2291,683,0,2974,15,-0.5968956190991943,4.112853005996877
324,1555131600,21,51,30,72,15,-0.11769772770970034,-1.0718674733157685
324,1555146000,178,68,0,246,15,-0.5968956190991943,-0.760998636858015
324,1555160400,452,151,0,603,15,-0.5968956190991943,-0.1231815413671073
324,1555174800,434,332,0,766,15,-0.5968956190991943,0.16803466749848925
324,1555189200,346,300,0,646,15,-0.5968956190991943,-0.046357633506857905
324,1555203600,140,244,104,384,15,1.0643237377177182,-0.5144474907018658
324,1555218000,31,61,30,92,15,-0.11769772770970034,-1.0361354231482105
324,1555232400,147,90,0,237,15,-0.5968956190991943,-0.777078059433416
324,1555246800,488,293,0,781,15,-0.5968956190991943,0.19483370512415762
324,1555261200,427,287,0,714,15,-0.5968956190991943,0.07513133706283881
324,1555275600,265,291,26,556,15,-0.1815907798949662,-0.20715185926086827
324,1555290000,87,147,60,234,15,0.36150016367979365,-0.7824378669585498
324,1555304400,15,25,10,40,15,-0.4371629886360297,-1.1290387535838609
324,1555318800,717,148,0,865,15,-0.5968956190991943,0.3449083158279006
324,1555333200,507,177,0,684,15,-0.5968956190991943,0.021533261811502023
324,1555347600,471,289,0,760,15,-0.5968956190991943,0.1573150524482219
324,1555362000,358,557,199,915,15,2.5817837271177826,0.4342384412467953
324,1555376400,89,167,78,256,16,1.5120832273513132,-0.859764299637313
324,1555390800,14,27,13,41,16,-0.2820155225615544,-1.5393574041300422
324,1555405200,808,161,0,969,16,-0.640835272544128,1.3939560887502025
324,1555419600,547,182,0,729,16,-0.640835272544128,0.6353405302466909
324,1555434000,528,379,0,907,16,-0.640835272544128,1.197980402803462
324,1555448400,417,518,101,935,16,2.146918169628174,1.2864855512955384
324,1555462800,116,211,95,327,16,1.9813090542516016,-0.6353405302466909
324,1555477200,20,29,9,49,16,-0.39242159947926936,-1.5140702188465918
324,1555488842,482,107,0,589,16,-0.640835272544128,0.19281478778630917
324,1555491600,292,158,0,450,16,-0.640835272544128,-0.24655005651364126
324,1555497081,301,49,0,350,16,-0.640835272544128,-0.5626398725567711
324,1555506000,255,207,0,462,16,-0.640835272544128,-0.20861927858846568
324,1555519204,277,322,45,599,16,0.601233092780165,0.22442376939062217
324,1555519293,460,151,0,611,16,-0.640835272544128,0.2623545473157977
324,1555520400,44,42,0,86,16,-0.640835272544128,-1.3971169869106337
324,1555534800,409,513,104,922,16,2.22972272731646,1.2453938752099314
324,1555549200,117,174,57,291,16,0.9324513235333097,-0.7491328640222177
324,1555563600,20,31,11,51,16,-0.33721856102041187,-1.5077484225257292
324,1555578000,737,185,0,922,16,-0.640835272544128,1.2453938752099314
324,1555592400,572,181,0,753,16,-0.640835272544128,0.711202086097042
324,1555606800,497,358,0,855,16,-0.640835272544128,1.0336136984610345
324,1555621200,445,508,63,953,16,1.0980604389098823,1.3433817181833017
324,1555635600,111,223,112,334,16,2.45053488115189,-0.6132142431236718
324,1555650000,20,36,16,56,16,-0.1992109648732682,-1.4919439317235728
324,1555664400,513,103,0,616,16,-0.640835272544128,0.2781590381179542
324,1555678800,529,169,0,698,16,-0.640835272544128,0.5373526872733206
324,1555693200,458,336,0,794,16,-0.640835272544128,0.8407989106747253
324,1555707600,387,407,20,794,16,-0.08880488795555327,0.8407989106747253
324,1555722000,158,212,54,370,16,0.8496467658450236,-0.4994219093481451
324,1555736400,27,42,15,69,16,-0.22681248410269694,-1.4508522556379657
324,1555750800,164,58,0,222,16,-0.640835272544128,-0.9672348370919772
324,1555765200,198,193,0,391,16,-0.640835272544128,-0.4330430479790878
324,1555779600,958,249,0,1207,16,-0.640835272544128,2.1462498509328514
324,1555794000,342,242,0,584,16,-0.640835272544128,0.1770102969841527
324,1555808400,144,229,85,373,16,1.7052938619573144,-0.4899392148668512
324,1555822800,30,49,19,79,16,-0.116406407184982,-1.419243274033653
324,1555837200,112,102,0,214,16,-0.640835272544128,-0.9925220223754276
324,1555851600,489,488,0,977,16,-0.640835272544128,1.419243274033653
324,1555866000,490,217,0,707,16,-0.640835272544128,0.5658007707172024
324,1555880400,289,241,0,530,16,-0.640835272544128,0.006321796320862596
324,1555894800,88,150,62,238,16,1.0704589196804535,-0.9166604665250765
324,1555909200,18,19,1,37,16,-0.6132337533146992,-1.5520009967717674
324,1555923600,608,110,0,718,16,-0.640835272544128,0.6005706504819467
324,1555938000,501,165,0,666,16,-0.640835272544128,0.4362039461395191
324,1555952400,407,310,0,717,16,-0.640835272544128,0.5974097523215154
324,1555966800,341,449,108,790,16,2.3401288042341752,0.8281553180330001
324,1555981200,84,194,110,278,17,1.7914300812942079,-0.891613235667945
324,1555995600,17,24,7,41,17,-0.49732553940240853,-1.6892332723210164
324,1556010000,683,111,0,794,17,-0.6528720378963534,0.844977223880514
324,1556024400,523,173,0,696,17,-0.6528720378963534,0.5151596559817757
324,1556038800,420,285,0,705,17,-0.6528720378963534,0.5454490244622721
324,1556053200,361,499,138,860,17,2.4136160752699873,1.0670992594041542
324,1556067600,105,234,129,339,17,2.213627720063487,-0.686318627077914
324,1556082000,16,27,11,43,17,-0.4084418259772972,-1.6825023015475726
324,1556096400,667,134,0,801,17,-0.6528720378963534,0.8685356215875668
324,1556110800,561,175,0,736,17,-0.6528720378963534,0.6497790714506485
324,1556125200,451,298,0,749,17,-0.6528720378963534,0.6935303814780321
324,1556139600,423,464,41,887,17,0.2581860247110377,1.1579673648456432
324,1556154000,112,226,114,338,17,1.8803137947193194,-0.6896841124646359
324,1556168400,19,30,11,49,17,-0.4084418259772972,-1.6623093892272418
324,1556182800,644,138,0,782,17,-0.6528720378963534,0.8045913992398521
324,1556197200,557,169,0,726,17,-0.6528720378963534,0.6161242175834303
324,1556211600,495,300,0,795,17,-0.6528720378963534,0.8483427092672359
324,1556226000,434,519,85,953,17,1.2359068723872622,1.3800894003692834
324,1556240400,122,236,114,358,17,1.8803137947193194,-0.6223744047301994
324,1556254800,22,35,13,57,17,-0.36399996926474154,-1.6353855061334672
324,1556269200,554,127,0,681,17,-0.6528720378963534,0.46467737518094837
324,1556283600,524,167,0,691,17,-0.6528720378963534,0.49833222904816654
324,1556298000,387,323,0,710,17,-0.6528720378963534,0.5622764513958811
324,1556312400,365,403,38,768,17,0.1915232396422042,0.7574746038257467
324,1556326800,118,204,86,322,17,1.2581278007435401,-0.743531878652185
324,1556341200,26,41,15,67,17,-0.3195581125521859,-1.601730652266249
324,1556355600,193,65,0,258,17,-0.6528720378963534,-0.9589229434023815
324,1556370000,450,173,0,623,17,-0.6528720378963534,0.2694792227510828
324,1556384400,496,315,0,811,17,-0.6528720378963534,0.9021904754547849
324,1556398800,324,280,0,604,17,-0.6528720378963534,0.20553500040336822
324,1556413200,127,236,109,363,17,1.7692091529379301,-0.6055469777965904
324,1556427600,24,59,35,83,17,0.1248604545733707,-1.5478828860787
324,1556442000,136,94,0,230,17,-0.6528720378963534,-1.0531565342305924
324,1556456400,479,358,0,837,17,-0.6528720378963534,0.9896930955095523
324,1556470800,361,212,0,573,17,-0.6528720378963534,0.10120495341499182
324,1556485200,228,243,15,471,17,-0.3195581125521859,-0.24207455603063383
324,1556499600,112,152,40,264,17,0.23596509635475985,-0.9387300310820506
324,1556514000,22,26,4,48,17,-0.563988324471242,-1.6656748746139636
324,1556528400,812,173,0,985,17,-0.6528720378963534,1.4877849327443815
324,1556542800,543,182,0,725,17,-0.6528720378963534,0.6127587321967084
324,1556557200,456,349,0,805,17,-0.6528720378963534,0.881997563134454
324,1556571600,389,508,119,897,17,1.9914184365007084,1.1916222187128616
324,1556586000,116,167,51,283,18,0.8761405861447475,-0.8933647441572814
324,1556600400,17,24,7,41,18,-0.3947446596915896,-1.639107127502765
324,1556614800,825,172,0,997,18,-0.596930948801916,1.306883444721542
324,1556629200,564,173,0,737,18,-0.596930948801916,0.5056726196396175
324,1556643600,474,377,0,851,18,-0.596930948801916,0.8569727506370767
324,1556658000,425,424,0,849,18,-0.596930948801916,0.8508095904441388
324,1556672400,121,219,98,340,18,2.233677098742653,-0.7177146786585519
324,1556686800,22,26,4,48,18,-0.48139592645315804,-1.6175360668274825
324,1556701200,800,165,0,965,18,-0.596930948801916,1.2082728816345358
324,1556715600,562,195,0,757,18,-0.596930948801916,0.5673042215689963
324,1556730000,495,350,0,845,18,-0.596930948801916,0.8384832700582631
324,1556744400,461,483,22,944,18,0.03851167411625261,1.143559699608688
324,1556758800,124,196,72,320,18,1.4826994534757265,-0.7793462805879307
324,1556773200,25,40,15,65,18,-0.16367461499407376,-1.5651492051875104
324,1556787600,778,179,0,957,18,-0.596930948801916,1.1836202408627843
324,1556802000,572,159,0,731,18,-0.596930948801916,0.48718313906080385
324,1556816400,468,381,0,849,18,-0.596930948801916,0.8508095904441388
324,1556830800,439,532,93,971,18,2.0892583208067057,1.2267623622133494
324,1556845200,120,215,95,335,18,2.1470258319810847,-0.7331225791408965
324,1556859600,24,28,4,52,18,-0.48139592645315804,-1.6052097464416066
324,1556874000,710,157,0,867,18,-0.596930948801916,0.9062780321805797
324,1556888400,562,192,0,754,18,-0.596930948801916,0.5580594812795895
324,1556902800,496,396,0,892,18,-0.596930948801916,0.9833175345923032
324,1556917200,443,426,0,869,18,-0.596930948801916,0.9124411923735176
324,1556931600,147,276,129,423,18,3.129073521945527,-0.4619435306516298
324,1556946000,23,64,41,87,18,0.5873030302728527,-1.4973544430651937
324,1556960400,193,70,0,263,18,-0.596930948801916,-0.9549963460866603
324,1556974800,444,153,0,597,18,-0.596930948801916,0.07425140613396583
324,1556989200,454,277,0,731,18,-0.596930948801916,0.48718313906080385
324,1557003600,352,255,0,607,18,-0.596930948801916,0.10506720709865523
324,1557018000,142,204,62,346,18,1.1938618976038318,-0.6992251980797382
324,1557032400,31,45,14,76,18,-0.19255837058126324,-1.5312518241263522
324,1557046800,125,66,0,191,18,-0.596930948801916,-1.176870113032424
324,1557061200,457,260,0,717,18,-0.596930948801916,0.4440410177102387
324,1557075600,382,245,0,627,18,-0.596930948801916,0.16669880902803405
324,1557090000,205,256,51,461,18,0.8761405861447475,-0.3448434869858101
324,1557104400,91,110,19,201,18,-0.04813959264531583,-1.1460543120677344
324,1557118800,17,24,7,41,18,-0.3947446596915896,-1.639107127502765
324,1557133200,775,180,0,955,18,-0.596930948801916,1.1774570806698466
324,1557147600,551,185,0,736,18,-0.596930948801916,0.5025910395431485
324,1557162000,485,353,0,838,18,-0.596930948801916,0.8169122093829805
324,1557176400,381,465,84,846,18,1.8293045205220002,0.8415648501547319
324,1557190800,113,188,75,301,19,1.0137169445249399,-0.8282189539169318
324,1557205200,24,30,6,54,19,-0.5092232862854674,-1.5762551221159784
324,1557219600,764,192,0,956,19,-0.641652871573329,1.1554397107404593
324,1557234000,546,182,0,728,19,-0.641652871573329,0.46494478624903146
324,1557248400,474,335,0,809,19,-0.641652871573329,0.7102521936341439
324,1557262800,412,515,103,927,19,1.6317216758682933,1.0676136019235671
324,1557277200,107,236,129,343,19,2.2055832121156933,-0.7010225204579845
324,1557291600,17,30,13,47,19,-0.354722103449629,-1.5974545276924697
324,1557306000,802,197,0,999,19,-0.641652871573329,1.2856646307103337
324,1557320400,578,174,0,752,19,-0.641652871573329,0.537628462511287
324,1557334800,541,349,0,890,19,-0.641652871573329,0.9555596010192564
324,1557349200,399,536,137,935,19,2.3821559924995084,1.0918414940109855
324,1557363600,108,227,119,335,19,1.9848672366359241,-0.725250412545403
324,1557378000,22,22,0,44,19,-0.641652871573329,-1.6065399872252515
324,1557392400,873,170,0,1043,19,-0.641652871573329,1.4189180371911354
324,1557406800,820,157,0,977,19,-0.641652871573329,1.2190379274699328
324,1557421200,498,358,0,856,19,-0.641652871573329,0.8525910596477277
324,1557435600,430,457,27,887,19,-0.04571973777795221,0.9464741414864745
324,1557450000,118,260,142,378,19,2.492513980239393,-0.5950254925755285
324,1557464400,22,38,16,60,19,-0.2885073108056983,-1.5580842030504145
324,1557478800,719,173,0,892,19,-0.641652871573329,0.961616574041111
324,1557493200,562,194,0,756,19,-0.641652871573329,0.5497424085549962
324,1557507600,546,395,0,941,19,-0.641652871573329,1.1100124130765494
324,1557522000,440,455,15,895,19,-0.3105789083536752,0.970702033573893
324,1557536400,144,237,93,381,19,1.4110057003885244,-0.5859400330427466
324,1557550800,34,64,30,98,19,0.02049505486597853,-1.4430017156351767
324,1557565200,210,59,0,269,19,-0.641652871573329,-0.9251305222666057
324,1557579600,484,155,0,639,19,-0.641652871573329,0.1954094867765005
324,1557594000,427,288,0,715,19,-0.641652871573329,0.4255744616069764
324,1557608400,367,308,0,675,19,-0.641652871573329,0.3044350011698838
324,1557622800,131,205,74,336,19,0.9916453469769628,-0.7222219260344758
324,1557637200,25,60,35,85,19,0.1308530426058631,-1.4823720402772316
324,1557651600,97,75,0,172,19,-0.641652871573329,-1.2188937138265552
324,1557666000,391,249,0,640,19,-0.641652871573329,0.19843797328742782
324,1557680400,285,173,0,458,19,-0.641652871573329,-0.3527465717013434
324,1557694800,208,240,32,448,19,0.06463824996193236,-0.3830314368106165
324,1557709200,73,131,58,204,19,0.6384997862093321,-1.1219821454768812
324,1557723600,20,18,0,38,19,-0.641652871573329,-1.6247109062908154
324,1557738000,741,174,0,915,19,-0.641652871573329,1.0312717637924393
324,1557752400,471,155,0,626,19,-0.641652871573329,0.1560391621344454
324,1557766800,490,313,0,803,19,-0.641652871573329,0.69208127456858
324,1557781200,352,469,117,821,19,1.9407240415399702,0.7465940317652717
324,1557795600,154,186,32,340,20,0.4473286976110772,-0.21221818279912213
324,1557810000,24,35,11,59,20,-0.22207054109433513,-1.0188003653945232
324,1557824400,776,166,0,942,20,-0.572708237559075,1.515762151444406
324,1557838800,485,177,0,662,20,-0.572708237559075,0.7120503680753232
324,1557853200,501,335,0,836,20,-0.572708237559075,1.2114998334546818
324,1557857319,144,178,34,322,20,0.5110810060592117,-0.2638853688728489
324,1557857400,2,7,5,9,20,-0.4133274664387387,-1.162320326710431
324,1557857480,3,0,0,3,20,-0.572708237559075,-1.1795427220683397
324,1557857561,3,9,6,12,20,-0.38145131221467143,-1.1537091290314765
324,1557857642,2,5,3,7,20,-0.47707977488687314,-1.1680611251630673
324,1557857723,3,2,0,5,20,-0.572708237559075,-1.1738019236157033
324,1557857803,5,9,4,14,20,-0.44520362066280594,-1.1479683305788402
324,1557857888,2,2,0,4,20,-0.572708237559075,-1.1766723228420215
324,1557859216,31,52,21,83,20,0.09669100114633739,-0.9499107839628875
324,1557859307,1,13,12,14,20,-0.19019438687026788,-1.1479683305788402
324,1557859385,2,2,0,4,20,-0.572708237559075,-1.1766723228420215
324,1557859465,3,10,7,13,20,-0.3495751579906042,-1.1508387298051583
324,1557859545,4,0,0,4,20,-0.572708237559075,-1.1766723228420215
324,1557864295,103,166,63,269,20,1.435489478557162,-0.41601652786771104
324,1557867600,393,173,0,566,20,-0.572708237559075,0.4364920423487805
324,1557870747,49,66,17,115,20,-0.030813615749931626,-0.8580580087207066
324,1557870827,2,4,2,6,20,-0.5089559291109405,-1.1709315243893852
324,1557870908,1,0,0,1,20,-0.572708237559075,-1.185283520520976
324,1557882000,127,139,12,266,20,-0.19019438687026788,-0.42462772554666545
324,1557896400,19,43,24,62,20,0.19231946381853915,-1.0101891677155688
324,1557906868,401,108,0,509,20,-0.572708237559075,0.27287928644864573
324,1557910800,352,158,0,510,20,-0.572708237559075,0.2757496856749639
324,1557925200,536,216,0,752,20,-0.572708237559075,0.970386298443957
324,1557939600,469,384,0,853,20,-0.572708237559075,1.2602966203020904
324,1557954000,592,511,0,1103,20,-0.572708237559075,1.9778964268816286
324,1557968400,134,204,70,338,20,1.6586225581256326,-0.21795898125175844
324,1557982800,21,46,25,67,20,0.2241956180426064,-0.995837171583978
324,1557997200,786,195,0,981,20,-0.572708237559075,1.627707721270814
324,1558011600,563,170,0,733,20,-0.572708237559075,0.915848713143912
324,1558026000,506,370,0,876,20,-0.572708237559075,1.326315802507408
324,1558040400,442,552,110,994,20,2.933668727088323,1.66502291121295
324,1558054800,128,252,124,380,20,3.3799348862252643,-0.09740221374639602
324,1558069200,27,35,8,62,20,-0.3176990037665369,-1.0101891677155688
324,1558083600,720,155,0,875,20,-0.572708237559075,1.3234454032810898
324,1558098000,528,189,0,717,20,-0.572708237559075,0.8699223255228217
324,1558112400,526,311,0,837,20,-0.572708237559075,1.214370232681
324,1558126800,418,450,32,868,20,0.4473286976110772,1.3033526086968628
324,1558141200,159,235,76,394,20,1.8498794834700363,-0.05721662457794186
324,1558155600,26,57,31,83,20,0.41545254338700993,-0.9499107839628875
324,1558170000,216,69,0,285,20,-0.572708237559075,-0.37009014024662057
324,1558184400,420,152,0,572,20,-0.572708237559075,0.4537144377066894
324,1558198800,427,287,0,714,20,-0.572708237559075,0.8613111278438672
324,1558213200,347,294,0,641,20,-0.572708237559075,0.6517719843226419
324,1558227600,161,268,107,429,20,2.838040264416121,0.0432473483431935
324,1558242000,21,63,42,84,20,0.7660902398517497,-0.9470403847365694
324,1558256400,135,66,0,201,20,-0.572708237559075,-0.6112036752573454
324,1558270800,405,190,0,595,20,-0.572708237559075,0.519733619912007
324,1558285200,419,272,0,691,20,-0.572708237559075,0.7952919456385497
324,1558299600,241,271,30,512,20,0.3835763891629427,0.2814904841276002
324,1558314000,110,164,54,274,20,1.1486040905405566,-0.40166453173612027
324,1558328400,21,25,4,46,20,-0.44520362066280594,-1.0561155553366592
324,1558342800,716,164,0,880,20,-0.572708237559075,1.3377973994126806
324,1558357200,489,218,0,707,20,-0.572708237559075,0.8412183332596401
324,1558371600,431,346,0,777,20,-0.572708237559075,1.0421462791019107
324,1558386000,383,495,112,878,20,2.9974210355364574,1.3320566009600443
324,1558400400,120,222,102,342,21,2.5961325160933955,-0.5436362345290655
324,1558414800,23,30,7,53,21,-0.41507932670097897,-1.4864361509048043
324,1558429200,764,168,0,932,21,-0.636958094064775,1.381110999594415
324,1558443600,486,183,0,669,21,-0.636958094064775,0.5231304528580162
324,1558458000,476,345,0,821,21,-0.636958094064775,1.0189975369033875
324,1558472400,411,435,24,846,21,0.12376910832538283,1.1005546230950602
324,1558486800,127,231,104,358,21,2.6595264496259086,-0.4914396993663948
324,1558501200,18,35,17,53,21,-0.0981096590384132,-1.4864361509048043
324,1558515600,763,175,0,938,21,-0.636958094064775,1.4006847002804166
324,1558530000,564,183,0,747,21,-0.636958094064775,0.7775885617760356
324,1558544400,514,312,0,826,21,-0.636958094064775,1.035308954141722
324,1558558800,433,488,55,921,21,1.1063750780793367,1.345225881670079
324,1558573200,142,181,39,323,21,0.5992236098192315,-0.6056196200347369
324,1558587600,26,47,21,73,21,0.028678208026613104,-1.421190481951466
324,1558602000,779,179,0,958,21,-0.636958094064775,1.4659303692337549
324,1558616400,561,152,0,713,21,-0.636958094064775,0.6666709245553605
324,1558630800,490,360,0,850,21,-0.636958094064775,1.113603756885728
324,1558645200,405,492,87,897,21,2.1206780145995467,1.266931078926073
324,1558659600,113,211,98,324,21,2.4693446490283693,-0.60235733658707
324,1558674000,21,32,11,53,21,-0.28829145963595265,-1.4864361509048043
324,1558688400,712,181,0,893,21,-0.636958094064775,1.2538819451354053
324,1558702800,529,169,0,698,21,-0.636958094064775,0.6177366728403567
324,1558717200,565,445,0,1010,21,-0.636958094064775,1.6355691085124346
324,1558731600,429,375,0,804,21,-0.636958094064775,0.9635387182930498
324,1558746000,147,194,47,341,21,0.8527993439492841,-0.5468985179767324
324,1558760400,26,47,21,73,21,0.028678208026613104,-1.421190481951466
324,1558774800,154,63,0,217,21,-0.636958094064775,-0.95142166548743
324,1558789200,379,127,0,506,21,-0.636958094064775,-0.008621749111691215
324,1558803600,342,208,0,550,21,-0.636958094064775,0.1349187225856531
324,1558818000,294,291,0,585,21,-0.636958094064775,0.24909864325399517
324,1558832400,132,211,79,343,21,1.8671022804694946,-0.5403739510813986
324,1558846800,25,41,16,66,21,-0.12980662580466978,-1.4440264660851343
324,1558861200,109,53,0,162,21,-0.636958094064775,-1.1308472551091104
324,1558875600,378,166,0,544,21,-0.636958094064775,0.11534502189965161
324,1558890000,338,179,0,517,21,-0.636958094064775,0.027263368812644864
324,1558904400,232,212,0,444,21,-0.636958094064775,-0.21088332286704004
324,1558918800,93,145,52,238,21,1.011284177780567,-0.8829137130864247
324,1558933200,18,35,17,53,21,-0.0981096590384132,-1.4864361509048043
324,1558947600,143,54,0,197,21,-0.636958094064775,-1.0166673344407684
324,1558962000,317,87,0,404,21,-0.636958094064775,-0.3413746607737167
324,1558976400,349,211,0,560,21,-0.636958094064775,0.16754155706232227
324,1558990800,207,254,47,461,21,0.8527993439492841,-0.15542450425670246
324,1559005200,82,150,68,232,22,1.2295521245278835,-1.0732795249106097
324,1559019600,21,34,13,55,22,-0.24898270507097697,-1.6531734116891164
324,1559034000,741,177,0,918,22,-0.5984545738852531,1.1742188159371618
324,1559048400,448,147,0,595,22,-0.5984545738852531,0.11599437848259887
324,1559062800,474,367,0,841,22,-0.5984545738852531,0.9219485940052692
324,1559077200,424,405,0,829,22,-0.5984545738852531,0.8826337542236755
324,1559091600,159,146,0,305,22,-0.5984545738852531,-0.8341142495725816
324,1559106000,30,28,0,58,22,-0.5984545738852531,-1.643344701743718
324,1559120400,723,168,0,891,22,-0.5984545738852531,1.085760426428576
324,1559134800,566,166,0,732,22,-0.5984545738852531,0.56483879932246
324,1559149200,503,317,0,820,22,-0.5984545738852531,0.8531476243874803
324,1559163600,353,481,128,834,22,2.842499211363004,0.8990149374660062
324,1559178000,90,176,86,266,22,1.7134362505784198,-0.961887478862761
324,1559192400,23,18,0,41,22,-0.5984545738852531,-1.6990407247676425
324,1559206800,750,184,0,934,22,-0.5984545738852531,1.2266386023126201
324,1559221200,520,177,0,697,22,-0.5984545738852531,0.4501705166261451
324,1559235600,463,361,0,824,22,-0.5984545738852531,0.8662525709813448
324,1559250000,379,469,90,848,22,1.820966056367428,0.9448822505445321
324,1559264400,117,232,115,349,22,2.493027342548728,-0.6899598370400715
324,1559278800,20,46,26,66,22,0.10048916374329915,-1.617134808555989
324,1559293200,735,175,0,910,22,-0.5984545738852531,1.1480089227494328
324,1559307600,567,198,0,765,22,-0.5984545738852531,0.6729546087218425
324,1559322000,550,398,0,948,22,-0.5984545738852531,1.2725059153911462
324,1559336400,414,416,2,830,22,-0.544689670990749,0.8859099908721416
324,1559350800,168,230,62,398,22,1.0682574158443716,-0.5294242412652306
324,1559365200,38,57,19,95,22,-0.08768799638746491,-1.522123945750471
324,1559379600,209,69,0,278,22,-0.5984545738852531,-0.9225726390811674
324,1559394000,392,152,0,544,22,-0.5984545738852531,-0.05109369058917425
324,1559408400,402,308,0,710,22,-0.5984545738852531,0.4927615930562049
324,1559422800,322,301,0,623,22,-0.5984545738852531,0.20772900463965077
324,1559437200,158,230,72,388,22,1.3370819303168917,-0.562186607749892
324,1559451600,36,116,80,152,22,1.5521415418949078,-1.335378456787901
324,1559466000,126,67,0,193,22,-0.5984545738852531,-1.2010527542007892
324,1559480400,429,236,0,665,22,-0.5984545738852531,0.3453309438752286
324,1559494800,439,211,0,650,22,-0.5984545738852531,0.2961873941482365
324,1559509200,316,257,0,573,22,-0.5984545738852531,0.043917172216343794
324,1559523600,108,162,54,270,22,0.8531978042663554,-0.9487825322688964
324,1559538000,21,46,25,67,22,0.07360671229604715,-1.6138585719075227
324,1559552400,729,162,0,891,22,-0.5984545738852531,1.085760426428576
324,1559566800,538,192,0,730,22,-0.5984545738852531,0.5582863260255277
324,1559581200,478,339,0,817,22,-0.5984545738852531,0.8433189144420818
324,1559595600,388,483,95,871,22,1.955378313603688,1.0202356934592534
324,1559610000,142,193,51,335,23,0.6447244635513013,-0.7477406844714326
324,1559624400,23,31,8,54,23,-0.4727154416057525,-1.7056084320164067
324,1559638800,696,129,0,825,23,-0.6806112379140417,0.9225625051977392
324,1559653200,511,176,0,687,23,-0.6806112379140417,0.4521505864745847
324,1559667600,446,348,0,794,23,-0.6806112379140417,0.8168902625860162
324,1559682000,362,461,99,823,23,1.8920992414010358,0.9157449411582732
324,1559696400,110,228,118,338,23,2.3858517576332225,-0.7375143384122336
324,1559710800,27,52,25,79,23,-0.030936874450638238,-1.6203888815230816
324,1559725200,754,172,0,926,23,-0.6806112379140417,1.2668494891907727
324,1559739600,538,191,0,729,23,-0.6806112379140417,0.5953194313033708
324,1559754000,479,313,0,792,23,-0.6806112379140417,0.8100726985465502
324,1559768400,404,515,111,919,23,2.2039429358634695,1.2429880150526416
324,1559782800,109,213,104,322,23,2.0220341140937164,-0.7920548507279616
324,1559797200,19,32,13,51,23,-0.34278056891307185,-1.7158347780756056
324,1559811600,669,144,0,813,23,-0.6806112379140417,0.8816571209609432
324,1559826000,515,163,0,678,23,-0.6806112379140417,0.4214715482969877
324,1559840400,437,303,0,740,23,-0.6806112379140417,0.6328160335204339
324,1559854800,416,458,42,874,23,0.41084169270447607,1.0895928241646564
324,1559869200,125,217,92,342,23,1.7101904196312827,-0.7238792103333015
324,1559883600,21,42,21,63,23,-0.13488477260478277,-1.6749293938388095
324,1559898000,717,166,0,883,23,-0.6806112379140417,1.1202718623422534
324,1559912400,533,149,0,682,23,-0.6806112379140417,0.4351066763759197
324,1559926800,505,398,0,903,23,-0.6806112379140417,1.1884475027369135
324,1559941200,427,423,0,850,23,-0.6806112379140417,1.0077820556910644
324,1559955600,146,242,96,388,23,1.8141383177854273,-0.5670752374255834
324,1559970000,32,54,22,86,23,-0.10889779806624664,-1.5965274073849505
324,1559984400,199,65,0,264,23,-0.6806112379140417,-0.9897642078724759
324,1559998800,391,190,0,581,23,-0.6806112379140417,0.09081969238288634
324,1560013200,461,334,0,795,23,-0.6806112379140417,0.8202990446057491
324,1560027600,377,299,0,676,23,-0.6806112379140417,0.4146539842575217
324,1560042000,150,253,103,403,23,1.9960471395551802,-0.5159435071295884
324,1560056400,31,58,27,89,23,0.021037074626434032,-1.5863010613257515
324,1560070800,140,57,0,197,23,-0.6806112379140417,-1.218152603194587
324,1560085200,416,175,0,591,23,-0.6806112379140417,0.12490751258021639
324,1560099600,412,247,0,659,23,-0.6806112379140417,0.3567046899220606
324,1560114000,268,336,68,604,23,1.0865030307064156,0.16922167883674544
324,1560128400,133,188,55,321,23,0.7486723617054458,-0.7954636327476946
324,1560142800,21,31,10,52,23,-0.42074149252868026,-1.7124259960558725
324,1560157200,756,161,0,917,23,-0.6806112379140417,1.2361704510131757
324,1560171600,466,171,0,637,23,-0.6806112379140417,0.28171148548793457
324,1560186000,425,367,0,792,23,-0.6806112379140417,0.8100726985465502
324,1560200400,347,382,35,729,23,0.22893287093472311,0.5953194313033708
324,1560214800,94,162,68,256,24,1.3511919422185412,-1.1628390566017994
324,1560229200,29,45,16,74,24,-0.20874103085152299,-1.7302296954798893
324,1560243600,717,164,0,881,24,-0.6887204071807734,0.7856178076773551
324,1560258000,540,209,0,749,24,-0.6887204071807734,0.3741037179415977
324,1560272400,523,298,0,821,24,-0.6887204071807734,0.5985659487065563
324,1560286800,432,468,36,900,24,0.39123318956004016,0.8448508963514414
324,1560301200,124,232,108,356,24,2.5511403830416675,-0.8510859583171347
324,1560315600,19,36,17,55,24,-0.17874231983094482,-1.7894627841539756
324,1560330000,791,172,0,963,24,-0.6887204071807734,1.0412553482707803
324,1560344400,623,191,0,814,24,-0.6887204071807734,0.5767432318266298
324,1560358800,520,331,0,851,24,-0.6887204071807734,0.6920918781919557
324,1560373200,427,469,42,896,24,0.5712254556835091,0.8323807724200548
324,1560387600,127,209,82,336,24,1.7711738965066355,-0.9134365779740676
324,1560402000,26,52,26,78,24,0.0912460793542586,-1.7177595715485028
324,1560416400,719,180,0,899,24,-0.6887204071807734,0.8417333653685948
324,1560430800,521,193,0,714,24,-0.6887204071807734,0.26499013354196504
324,1560445200,506,343,0,849,24,-0.6887204071807734,0.6858568162262624
324,1560459600,380,481,101,861,24,2.3411494058976206,0.7232671880204222
324,1560474000,148,188,40,336,24,0.5112280336423528,-0.9134365779740676
324,1560488400,23,38,15,61,24,-0.23873974187210112,-1.7707575982568957
324,1560502800,701,166,0,867,24,-0.6887204071807734,0.741972373917502
324,1560517200,563,182,0,745,24,-0.6887204071807734,0.3616335940102111
324,1560531600,510,359,0,869,24,-0.6887204071807734,0.7482074358831954
324,1560546000,438,427,0,865,24,-0.6887204071807734,0.7357373119518088
324,1561165200,9391,9026,0,18417,25,-0.5887266886959652,4.115468336818566
324,1561179600,28,73,45,101,25,0.7470397478410987,-0.3308785078206633
324,1561194000,174,56,0,230,25,-0.5887266886959652,-0.29956278697776856
324,1561208400,440,136,0,576,25,-0.5887266886959652,-0.21556868301155468
324,1561222800,406,268,0,674,25,-0.5887266886959652,-0.19177844547199122
324,1561237200,350,255,0,605,25,-0.5887266886959652,-0.2085287147600512
324,1561251600,148,245,97,393,25,2.2905920745061508,-0.25999331025380074
324,1561266000,29,62,33,91,25,0.3908353647645484,-0.3333060830798024
324,1561280400,130,57,0,187,25,-0.5887266886959652,-0.3100013605920668
324,1561294800,374,181,0,555,25,-0.5887266886959652,-0.22066659105574685
324,1561309200,407,183,0,590,25,-0.5887266886959652,-0.2121700776487599
324,1561323600,254,237,0,491,25,-0.5887266886959652,-0.23620307271423727
324,1561338000,98,169,71,267,25,1.5188159111736248,-0.29058075851895376
324,1561352400,23,35,12,58,25,-0.2325223056194148,-0.3413170814349616
324,1561366800,693,158,0,851,25,-0.5887266886959652,-0.14881036338522863
324,1561381200,458,210,0,668,25,-0.5887266886959652,-0.19323499062747468
324,1561395600,467,298,0,765,25,-0.5887266886959652,-0.16968751061382514
324,1561410000,367,466,99,833,25,2.3499594716855756,-0.15317999885167904
324,1561424400,119,212,93,331,26,1.2278123673830852,-0.8335214476643856
324,1561438800,24,32,8,56,26,-0.5088319081944165,-1.860200846248544
324,1561453200,627,137,0,764,26,-0.672280781189946,0.7830319326517617
324,1561467600,551,176,0,727,26,-0.672280781189946,0.6448968862968022
324,1561482000,464,296,0,760,26,-0.672280781189946,0.7680984141269012
324,1561496400,376,519,143,895,26,2.249367823605145,1.2721046643409426
324,1561510800,102,206,104,308,26,1.4525545677519385,-0.9193891791823334
324,1561525200,20,38,18,58,26,-0.3045208169500045,-1.8527340869861137
324,1561539600,734,149,0,883,26,-0.672280781189946,1.227304108766361
324,1561554000,574,211,0,785,26,-0.672280781189946,0.8614329049072792
324,1561568400,458,288,0,746,26,-0.672280781189946,0.7158310992898895
324,1561582800,416,523,107,939,26,1.513847895125262,1.4363733681144077
324,1561597200,120,158,38,278,26,0.10410136553881942,-1.0313905681187872
324,1561611600,148,296,148,444,26,2.351523369227351,-0.411649549337077
324,1561626000,630,99,0,729,26,-0.672280781189946,0.6523636455592324
324,1561640400,578,192,0,770,26,-0.672280781189946,0.8054322104390524
324,1561654800,417,298,0,715,26,-0.672280781189946,0.6000963307222208
324,1561669200,414,497,83,911,26,1.0235012761386733,1.3318387384403845
324,1561683600,146,265,119,411,26,1.7590212046185565,-0.534851077167176
324,1561698000,25,33,8,58,26,-0.5088319081944165,-1.8527340869861137
324,1561712400,587,115,0,702,26,-0.672280781189946,0.5515623955164242
324,1561726800,536,201,0,737,26,-0.672280781189946,0.6822306826089535
324,1561741200,507,333,0,840,26,-0.672280781189946,1.066768784624111
324,1561755600,473,416,0,889,26,-0.672280781189946,1.249704386553652
324,1561770000,166,286,120,452,26,1.7794523137429976,-0.381782512287356
324,1561784400,33,72,39,105,26,0.12453247466326062,-1.677265244319003
324,1561798800,193,65,0,258,26,-0.672280781189946,-1.1060581607430895
324,1561813200,362,151,0,513,26,-0.672280781189946,-0.15404635478323364
324,1561827600,404,216,0,620,26,-0.672280781189946,0.2454252657567843
324,1561842000,345,263,0,608,26,-0.672280781189946,0.20062471018220285
324,1561856400,119,220,101,339,26,1.3912612403786149,-0.8036544106146647
324,1561870800,190,101,0,291,26,-0.672280781189946,-0.9828566329129905
324,1561885200,122,60,0,182,26,-0.672280781189946,-1.3897950127154386
324,1561899600,470,203,0,673,26,-0.672280781189946,0.4432943862111857
324,1561914000,417,199,0,616,26,-0.672280781189946,0.2304917472319238
324,1561928400,259,288,29,547,26,-0.07977861658115135,-0.027111447321919533
324,1561942800,109,237,128,346,26,1.942901186738527,-0.7775207531961589
324,1561957200,23,40,17,63,26,-0.3249519260744457,-1.834067188830038
324,1561971600,609,115,0,724,26,-0.672280781189946,0.6336967474031568
324,1561986000,480,217,0,697,26,-0.672280781189946,0.5328954973603486
324,1562000400,409,333,0,742,26,-0.672280781189946,0.7008975807650291
324,1562014800,344,423,79,767,26,0.9417768396409084,0.7942320715454071
324,1562029200,42,85,43,127,27,0.6945810295043582,-1.2353185829115638
324,1562043600,1,1,0,2,27,-0.5548346470741985,-1.718332104940737
324,1562058000,591,124,0,715,27,-0.5548346470741985,1.0367770247136674
324,1562072400,504,175,0,679,27,-0.5548346470741985,0.8976691303692654
324,1562086800,429,296,0,725,27,-0.5548346470741985,1.0754181064760011
324,1562101200,379,414,35,793,27,0.4621316013036965,1.3381774624598715
324,1562115600,61,65,4,126,27,-0.43860993297386763,-1.2391826910877972
324,1562130000,0,4,4,4,27,-0.43860993297386763,-1.7106038885882704
324,1562144400,581,118,0,699,27,-0.5548346470741985,0.9749512938939331
324,1562158800,508,188,0,696,27,-0.5548346470741985,0.963358969365233
324,1562173200,440,339,0,779,27,-0.5548346470741985,1.284079947992604
324,1562187600,403,405,2,808,27,-0.49672229002403306,1.3961390851033721
324,1562202000,114,215,101,329,27,2.3798393839591556,-0.4547687313124198
324,1562216400,21,26,5,47,27,-0.4095537544487849,-1.5444472370102347
324,1562230800,143,56,0,199,27,-0.5548346470741985,-0.95710279422276
324,1562245200,322,90,0,412,27,-0.5548346470741985,-0.1340477526850487
324,1562259600,360,193,0,553,27,-0.5548346470741985,0.41079150016385874
324,1562274000,284,218,0,502,27,-0.5548346470741985,0.21372198317595606
324,1562288400,121,235,114,356,27,2.757569704785231,-0.3504378105541183
324,1562302800,24,62,38,86,27,0.5493001368789446,-1.3937470181371325
324,1562317200,356,95,0,451,27,-0.5548346470741985,0.016652466188053352
324,1562331600,389,154,0,543,27,-0.5548346470741985,0.3721504184015249
324,1562346000,407,280,0,687,27,-0.5548346470741985,0.9285819957791325
324,1562360400,322,333,11,655,27,-0.23521668329828863,0.8049305341396641
324,1562374800,134,202,68,336,27,1.420985492631426,-0.4277199740787861
324,1562389200,26,55,29,81,27,0.2877945301532002,-1.4130675590182995
324,1562403600,162,59,0,221,27,-0.5548346470741985,-0.8720924143456255
324,1562418000,361,157,0,518,27,-0.5548346470741985,0.2755477139956902
324,1562432400,355,206,0,561,27,-0.5548346470741985,0.44170436557372583
324,1562446800,278,258,0,536,27,-0.5548346470741985,0.3451016611678912
324,1562461200,136,185,49,321,27,0.8689181006548545,-0.48568159672228683
324,1562475600,24,49,25,73,27,0.17156981605286936,-1.4439804244281667
324,1562490000,118,64,0,182,27,-0.5548346470741985,-1.0227926332187276
324,1562504400,360,218,0,578,27,-0.5548346470741985,0.5073942045696934
324,1562518800,412,197,0,609,27,-0.5548346470741985,0.6271815580329284
324,1562533200,217,256,39,473,27,0.5783563154040273,0.10166284606518784
324,1562547600,100,183,83,283,27,1.8568281705076668,-0.6325177074191556
324,1562562000,24,34,10,58,27,-0.26427286182337134,-1.5019420470716673
324,1562576400,621,144,0,765,27,-0.5548346470741985,1.2299824335253366
324,1562590800,454,197,0,651,27,-0.5548346470741985,0.7894741014347306
324,1562605200,449,305,0,754,27,-0.5548346470741985,1.1874772435867693
324,1562619600,323,465,142,788,27,3.5711427034875465,1.3188569215787045
324,1562634000,103,167,64,270,28,1.0992513708936829,-0.9169297592847537
324,1562648400,30,39,9,69,28,-0.41945118099890527,-1.622620435543473
324,1562662800,684,158,0,842,28,-0.6679661440358743,1.0913044039987658
324,1562677200,495,162,0,657,28,-0.6679661440358743,0.4417881099297954
324,1562691600,395,325,0,720,28,-0.6679661440358743,0.6629747398019313
324,1562706000,380,490,110,870,28,2.369438959749302,1.1896095728308262
324,1562720400,120,226,106,346,28,2.2589878650662047,-0.6501014438834469
324,1562734800,16,34,18,50,28,-0.1709362179619363,-1.6893275143937998
324,1562749200,702,146,0,848,28,-0.6679661440358743,1.1123697973199218
324,1562763600,523,168,0,691,28,-0.6679661440358743,0.5611586720830116
324,1562778000,456,324,0,780,28,-0.6679661440358743,0.8736286730134893
324,1562792400,416,470,54,886,28,0.8231236341859396,1.2457839550205752
324,1562806800,115,230,115,345,28,2.5075028281031737,-0.6536123427703062
324,1562821200,22,46,24,68,28,-0.005259575937290329,-1.6261313344303323
324,1562835600,642,140,0,782,28,-0.6679661440358743,0.8806504707872079
324,1562850000,542,190,0,732,28,-0.6679661440358743,0.705105526444243
324,1562864400,420,306,0,726,28,-0.6679661440358743,0.6840401331230871
324,1562878800,365,440,75,805,28,1.4029918812722004,0.9614011451849718
324,1562893200,117,181,64,298,28,1.0992513708936829,-0.8186245904526933
324,1562907600,24,27,3,51,28,-0.5851278230235513,-1.6858166155069405
324,1562922000,587,151,0,738,28,-0.6679661440358743,0.7261709197653987
324,1562936400,491,203,0,694,28,-0.6679661440358743,0.5716913687435895
324,1562950800,515,324,0,839,28,-0.6679661440358743,1.080771707338188
324,1562965200,435,456,21,891,28,-0.08809789694961331,1.2633384494548716
324,1562979600,164,266,102,430,28,2.1485367703831075,-0.3551859373872657
324,1562994000,28,46,18,74,28,-0.1709362179619363,-1.6050659411091766
324,1563008400,197,68,0,265,28,-0.6679661440358743,-0.9344842537190503
324,1563022800,423,179,0,602,28,-0.6679661440358743,0.2486886711525339
324,1563037200,464,277,0,741,28,-0.6679661440358743,0.7367036164259766
324,1563051600,354,236,0,590,28,-0.6679661440358743,0.2065578845102223
324,1563066000,139,221,82,360,28,1.5962812969676208,-0.6009488594674167
324,1563080400,26,54,28,80,28,0.10519151874580698,-1.5840005477880208
324,1563094800,125,72,0,197,28,-0.6679661440358743,-1.1732253780254827
324,1563109200,449,173,0,622,28,-0.6679661440358743,0.3189066488897199
324,1563123600,392,194,0,586,28,-0.6679661440358743,0.19251428896278508
324,1563138000,233,203,0,436,28,-0.6679661440358743,-0.3341205440661099
324,1563152400,102,156,54,258,28,0.8231236341859396,-0.9590605459270654
324,1563166800,19,27,8,46,28,-0.4470639546696796,-1.703371109941237
324,1563181200,697,142,0,839,28,-0.6679661440358743,1.080771707338188
324,1563195600,477,178,0,655,28,-0.6679661440358743,0.4347663121560768
324,1563210000,427,304,0,731,28,-0.6679661440358743,0.7015946275573837
324,1563224400,369,430,61,799,28,1.01641304988136,0.940335751863816
324,1563238800,104,212,108,316,29,2.334028136496818,-0.6629550576429282
324,1563253200,24,40,16,64,29,-0.17046637042451074,-1.570562913042327
324,1563267600,702,133,0,835,29,-0.6060306324977853,1.2062849302629766
324,1563282000,555,193,0,748,29,-0.6060306324977853,0.8929441230417555
324,1563296400,473,325,0,798,29,-0.6060306324977853,1.0730250467321125
324,1563310800,449,515,66,964,29,1.1906719485544723,1.6708937133840973
324,1563325200,157,226,69,383,29,1.2723402476932113,-0.4216466198978499
324,1563339600,27,49,22,76,29,-0.007129772147032791,-1.5273434913566413
324,1563354000,714,141,0,855,29,-0.6060306324977853,1.2783172997391195
324,1563368400,526,147,0,673,29,-0.6060306324977853,0.6228227375062202
324,1563382800,437,322,0,759,29,-0.6060306324977853,0.9325619262536341
324,1563397200,419,466,47,885,29,0.6734393873424587,1.3863658539533334
324,1563411600,115,211,96,326,29,2.007354939941862,-0.6269388729048568
324,1563426000,23,32,9,55,29,-0.3610257350815684,-1.6029774793065912
324,1563440400,647,150,0,797,29,-0.6060306324977853,1.0694234282583053
324,1563454800,542,159,0,701,29,-0.6060306324977853,0.72366805477282
324,1563469200,436,287,0,723,29,-0.6060306324977853,0.8029036611965771
324,1563483600,356,383,27,739,29,0.1289840597508655,0.8605295567774913
324,1563498000,129,217,88,346,29,1.7895728089052247,-0.5549065034287141
324,1563512400,29,32,3,61,29,-0.5243623333590464,-1.5813677684637484
324,1563526800,642,121,0,763,29,-0.6060306324977853,0.9469684001488626
324,1563541200,526,194,0,720,29,-0.6060306324977853,0.7920988057751557
324,1563555600,456,391,0,847,29,-0.6060306324977853,1.2495043519486622
324,1563570000,252,227,0,479,29,-0.6060306324977853,-0.07589124641236464
324,1563584400,119,186,67,305,29,1.217894714934052,-0.7025728608548067
324,1563598800,29,54,25,83,29,0.07453852699170618,-1.5021321620399914
324,1563613200,162,63,0,225,29,-0.6060306324977853,-0.9907023387593777
324,1563627600,318,141,0,459,29,-0.6060306324977853,-0.14792361588850741
324,1563642000,351,190,0,541,29,-0.6060306324977853,0.14740909896367793
324,1563656400,267,203,0,470,29,-0.6060306324977853,-0.10830581267662888
324,1563670800,124,162,38,286,29,0.4284344899262417,-0.7710036118571423
324,1563685200,31,54,23,85,29,0.020092994232546867,-1.4949289250923772
324,1563699600,117,50,0,167,29,-0.6060306324977853,-1.1995962102401918
324,1563714000,376,182,0,558,29,-0.6060306324977853,0.20863661301839928
324,1563728400,348,199,0,547,29,-0.6060306324977853,0.16901880980652076
324,1563742800,195,197,2,392,29,-0.551585099738626,-0.38923205363358565
324,1563757200,77,151,74,228,29,1.4084540795911096,-0.9798974833379563
324,1563771600,23,25,2,48,29,-0.551585099738626,-1.6281888086232412
324,1563786000,630,132,0,762,29,-0.6060306324977853,0.9433667816750555
324,1563800400,449,151,0,600,29,-0.6060306324977853,0.3599045889182991
324,1563814800,378,257,0,635,29,-0.6060306324977853,0.4859612355015489
324,1563829200,273,426,153,699,29,3.5590526235779025,0.7164648178252058
324,1563843600,40,78,38,118,30,0.5395223022447357,-1.254329051315881
324,1563858000,6,13,7,19,30,-0.3330963779076194,-1.574848974826908
324,1563872400,652,131,0,783,30,-0.5301393056839577,0.8986583136824323
324,1563886800,510,227,0,737,30,-0.5301393056839577,0.7497298643742784
324,1563901200,459,332,0,791,30,-0.5301393056839577,0.9245589135621113
324,1563915600,342,479,137,821,30,3.3262722807958056,1.0216861631109073
324,1563930000,42,72,30,114,30,0.31433038478606345,-1.2672793512557203
324,1563944400,1,2,1,3,30,-0.5019903160016237,-1.626650174586266
324,1563958800,701,143,0,844,30,-0.5301393056839577,1.0961503877649843
324,1563973200,510,190,0,700,30,-0.5301393056839577,0.6299395899307632
324,1563987600,492,340,0,832,30,-0.5301393056839577,1.057299487945466
324,1564002000,387,478,91,865,30,2.03141875540844,1.1641394624491417
324,1564016400,59,76,17,135,30,-0.05160648108427904,-1.1992902765715632
324,1564030800,2,5,3,7,30,-0.44569233663695557,-1.6136998746464264
324,1564045200,642,152,0,794,30,-0.5301393056839577,0.9342716385169909
324,1564059600,548,167,0,715,30,-0.5301393056839577,0.6785032147051612
324,1564074000,454,321,0,775,30,-0.5301393056839577,0.8727577138027534
324,1564088400,389,467,78,856,30,1.6654818895380974,1.1350012875845028
324,1564102800,47,90,43,137,30,0.680267250656406,-1.1928151266016433
324,1564117200,0,2,2,2,30,-0.47384132631928966,-1.6298877495712258
324,1564131600,560,142,0,702,30,-0.5301393056839577,0.6364147399006829
324,1564146000,504,198,0,702,30,-0.5301393056839577,0.6364147399006829
324,1564160400,532,332,0,864,30,-0.5301393056839577,1.1609018874641817
324,1564174800,425,369,0,794,30,-0.5301393056839577,0.9342716385169909
324,1564189200,174,208,34,382,30,0.42692634351539965,-0.3996092552864754
324,1564203600,28,54,26,82,30,0.2017344260567273,-1.3708817507744362
324,1564218000,173,63,0,236,30,-0.5301393056839577,-0.8722952030906164
324,1564232400,372,168,0,540,30,-0.5301393056839577,0.11192759233718401
324,1564246800,407,252,0,659,30,-0.5301393056839577,0.4971990155474085
324,1564261200,346,250,0,596,30,-0.5301393056839577,0.2932317914949367
324,1564275600,172,214,42,386,30,0.652118260974072,-0.3866589553466359
324,1564290000,21,41,20,62,30,0.032840487962723076,-1.4356332504736335
324,1564304400,122,48,0,170,30,-0.5301393056839577,-1.0859751520979677
324,1564318800,401,235,0,636,30,-0.5301393056839577,0.4227347908933315
324,1564333200,400,215,0,615,30,-0.5301393056839577,0.3547457162091742
324,1564347600,288,256,0,544,30,-0.5301393056839577,0.12487789227702349
324,1564362000,101,175,74,276,30,1.5528859308087613,-0.7427922036922215
324,1564376400,20,24,4,44,30,-0.41754334695462153,-1.4939096002029113
324,1564390800,682,128,0,810,30,-0.5301393056839577,0.9860728382763488
324,1564405200,476,175,0,651,30,-0.5301393056839577,0.4712984156677295
324,1564419600,409,248,0,657,30,-0.5301393056839577,0.49072386557748876
324,1564434000,314,458,144,772,30,3.523315208572144,0.8630449888478737
324,1564448400,47,69,22,116,31,0.16480935356552212,-1.2176778630015883
324,1564462800,2,3,1,5,31,-0.5332067321237483,-1.55572432267606
324,1564477200,666,136,0,802,31,-0.5664455933470468,0.8715101670586606
324,1564491600,533,186,0,719,31,-0.5664455933470468,0.6187366882029744
324,1564506000,419,293,0,712,31,-0.5664455933470468,0.5974184429982781
324,1564520400,387,508,121,895,31,3.4554566146720824,1.1547382819210559
324,1564534800,54,86,32,140,31,0.497197965798508,-1.1445867365854863
324,1564549200,0,2,2,2,31,-0.49996787090044964,-1.5648607134780728
324,1564563600,655,139,0,794,31,-0.5664455933470468,0.8471464582532932
324,1564578000,519,183,0,702,31,-0.5664455933470468,0.5669638069915689
324,1564592400,412,327,0,739,31,-0.5664455933470468,0.6796459602163928
324,1564606800,359,403,44,762,31,0.896064300478091,0.7496916230318239
324,1564621200,40,85,45,125,31,0.9293031617013896,-1.19026869059555
324,1564635600,1,1,0,2,31,-0.5664455933470468,-1.5648607134780728
324,1564650000,651,118,0,769,31,-0.5664455933470468,0.7710098682365203
324,1564664400,521,177,0,698,31,-0.5664455933470468,0.5547819525888852
324,1564678800,408,307,0,715,31,-0.5664455933470468,0.6065548338002907
324,1564693200,369,452,83,821,31,2.192379888186736,0.929373975471408
324,1564707600,46,80,34,126,31,0.5636756882451052,-1.187223226994879
324,1564722000,1,3,2,4,31,-0.49996787090044964,-1.558769786276731
324,1564736400,589,126,0,715,31,-0.5664455933470468,0.6065548338002907
324,1564750800,332,141,0,473,31,-0.5664455933470468,-0.13044735756207104
324,1564765200,442,321,0,763,31,-0.5664455933470468,0.7527370866324948
324,1564779600,379,402,23,781,31,0.1980482147888207,0.8075554314445713
324,1565398800,9965,5705,0,15670,32,-0.2611061891766819,4.109103563810286
324,1565413200,1,1,0,2,32,-0.2611061891766819,-0.28856879056411006
324,1565427600,0,1,1,1,32,-0.2293500310335719,-0.2888494691672741
324,1565442000,1,2,1,3,32,-0.2293500310335719,-0.288288111960946
324,1565456400,1,0,0,1,32,-0.2611061891766819,-0.2888494691672741
324,1565470800,2,2,0,4,32,-0.2611061891766819,-0.28800743335778195
324,1565485200,1,1,0,2,32,-0.2611061891766819,-0.28856879056411006
324,1565499600,1,2,1,3,32,-0.2293500310335719,-0.288288111960946
324,1565514000,1,1,0,2,32,-0.2611061891766819,-0.28856879056411006
324,1565528400,0,3,3,3,32,-0.16583771474735198,-0.288288111960946
324,1565542800,0,0,0,0,32,-0.2611061891766819,-0.28913014777043816
324,1565557200,0,1,1,1,32,-0.2293500310335719,-0.2888494691672741
324,1565571600,0,3,3,3,32,-0.16583771474735198,-0.288288111960946
324,1565586000,2,1,0,3,32,-0.2611061891766819,-0.288288111960946
324,1565600400,592,128,0,720,32,-0.2611061891766819,-0.08704155349231937
324,1565614800,452,186,0,638,32,-0.2611061891766819,-0.1100571989517718
324,1565629200,437,257,0,694,32,-0.2611061891766819,-0.09433919717458478
324,1565643600,327,465,138,792,32,4.121243634572493,-0.0668326940645075
324,1565658000,37,55,18,92,33,0.05546193105997323,-0.755789405344417
324,1565672400,1,2,1,3,33,-0.35278362334024194,-1.0092107183312693
324,1565686800,626,112,0,738,33,-0.3767980677167252,1.0836506866725115
324,1565701200,470,171,0,641,33,-0.3767980677167252,0.8074499298216725
324,1565715600,399,339,0,738,33,-0.3767980677167252,1.0836506866725115
324,1565730000,327,528,201,855,33,4.450105251956407,1.4168000531833176
324,1565744400,51,52,1,103,33,-0.35278362334024194,-0.7244676700314352
324,1565758800,1,1,0,2,33,-0.3767980677167252,-1.0120581488142677
324,1565773200,599,101,0,700,33,-0.3767980677167252,0.9754483283185746
324,1565787600,508,182,0,690,33,-0.3767980677167252,0.9469740234885912
324,1565802000,395,289,0,684,33,-0.3767980677167252,0.9298894405906012
324,1565816400,390,444,54,834,33,0.91998192861337,1.3570040130403525
324,1565830800,28,75,47,103,33,0.7518808179779873,-0.7244676700314352
324,1565845200,0,1,1,1,33,-0.35278362334024194,-1.014905579297266
324,1565859600,598,118,0,716,33,-0.3767980677167252,1.021007216046548
324,1565874000,525,194,0,719,33,-0.3767980677167252,1.0295495074955432
324,1565888400,434,292,0,726,33,-0.3767980677167252,1.0494815208765316
324,1565902800,376,437,61,813,33,1.0880830392487528,1.297207972897387
324,1565917200,34,69,35,103,33,0.4637074854601884,-0.7244676700314352
324,1565931600,0,2,2,2,33,-0.3287691789637587,-1.0120581488142677
324,1565946000,422,93,0,515,33,-0.3767980677167252,0.44867368896388143
324,1565960400,448,168,0,616,33,-0.3767980677167252,0.7362641677467139
324,1565974800,466,351,0,817,33,-0.3767980677167252,1.3085976948293805
324,1565989200,497,404,0,901,33,-0.3767980677167252,1.5477818554012412
324,1566003600,96,145,49,241,33,0.7999097067309539,-0.33152226337766405
324,1566018000,0,2,2,2,33,-0.3287691789637587,-1.0120581488142677
324,1566032400,0,2,2,2,33,-0.3287691789637587,-1.0120581488142677
324,1566046800,1,1,0,2,33,-0.3767980677167252,-1.0120581488142677
324,1566061200,0,2,2,2,33,-0.3287691789637587,-1.0120581488142677
324,1566075600,1,5,4,6,33,-0.2807402902107922,-1.0006684268822743
324,1566090000,1,2,1,3,33,-0.35278362334024194,-1.0092107183312693
324,1566104400,2,1,0,3,33,-0.3767980677167252,-1.0092107183312693
324,1566118800,1,1,0,2,33,-0.3767980677167252,-1.0120581488142677
324,1566133200,1,2,1,3,33,-0.35278362334024194,-1.0092107183312693
324,1566147600,0,1,1,1,33,-0.35278362334024194,-1.014905579297266
324,1566162000,0,1,1,1,33,-0.35278362334024194,-1.014905579297266
324,1566176400,1,1,0,2,33,-0.3767980677167252,-1.0120581488142677
324,1566190800,2,4,2,6,33,-0.3287691789637587,-1.0006684268822743
324,1566205200,562,111,0,673,33,-0.3767980677167252,0.8985677052776194
324,1566219600,407,163,0,570,33,-0.3767980677167252,0.6052823655287902
324,1566234000,341,267,0,608,33,-0.3767980677167252,0.7134847238827272
324,1566248400,300,473,173,773,33,3.777700809414876,1.1833107535774536
324,1566262800,38,46,8,84,34,-0.12432765231196392,-0.780077229786179
324,1566277200,2,3,1,5,34,-0.3648035061258942,-1.0172962059048247
324,1566291600,594,105,0,699,34,-0.3991571995278842,1.066627457719733
324,1566306000,447,174,0,621,34,-0.3991571995278842,0.8324112534506904
324,1566320400,359,278,0,637,34,-0.3991571995278842,0.8804556030443401
324,1566334800,337,460,123,797,34,3.82634708891689,1.3608990989808376
324,1566349200,33,68,35,101,34,0.803222069541767,-0.7290301083429261
324,1566363600,1,2,1,3,34,-0.3648035061258942,-1.0233017496040309
324,1566378000,575,114,0,689,34,-0.3991571995278842,1.0365997392237019
324,1566392400,475,185,0,660,34,-0.3991571995278842,0.9495193555852116
324,1566406800,361,267,0,628,34,-0.3991571995278842,0.8534306563979122
324,1566421200,338,427,89,765,34,2.658321513249229,1.264810399793538
324,1566435600,42,51,9,93,34,-0.08997395890997388,-0.753052283139751
324,1566450000,2,0,0,2,34,-0.3991571995278842,-1.026304521453634
324,1566464400,598,118,0,716,34,-0.3991571995278842,1.1176745791629858
324,1566478800,495,188,0,683,34,-0.3991571995278842,1.0185831081260832
324,1566493200,388,279,0,667,34,-0.3991571995278842,0.9705387585324334
324,1566507600,388,379,0,767,34,-0.3991571995278842,1.2708159434927444
324,1566522000,38,71,33,109,34,0.7345146827377869,-0.7050079335461014
324,1566536400,1,0,0,1,34,-0.3991571995278842,-1.029307293303237
324,1566550800,473,102,0,575,34,-0.3991571995278842,0.6942837483689474
324,1566565200,460,199,0,659,34,-0.3991571995278842,0.9465165837356085
324,1566579600,431,298,0,729,34,-0.3991571995278842,1.1567106132078262
324,1566594000,394,334,0,728,34,-0.3991571995278842,1.1537078413582231
324,1566608400,94,152,58,246,34,1.5933570177875378,-0.2936281901504754
324,1566622800,0,1,1,1,34,-0.3648035061258942,-1.029307293303237
324,1566637200,1,1,0,2,34,-0.3991571995278842,-1.026304521453634
324,1566651600,0,5,5,5,34,-0.227388732517934,-1.0172962059048247
324,1566666000,1,4,3,5,34,-0.2960961193219141,-1.0172962059048247
324,1566680400,4,4,0,8,34,-0.3991571995278842,-1.0082878903560153
324,1566694800,2,4,2,6,34,-0.3304498127239041,-1.0142934340552214
324,1566709200,1,1,0,2,34,-0.3991571995278842,-1.026304521453634
324,1566723600,0,1,1,1,34,-0.3648035061258942,-1.029307293303237
324,1566738000,0,2,2,2,34,-0.3304498127239041,-1.026304521453634
324,1566752400,0,3,3,3,34,-0.2960961193219141,-1.0233017496040309
324,1566766800,1,4,3,5,34,-0.2960961193219141,-1.0172962059048247
324,1566781200,3,2,0,5,34,-0.3991571995278842,-1.0172962059048247
324,1566795600,3,2,0,5,34,-0.3991571995278842,-1.0172962059048247
324,1566810000,522,120,0,642,34,-0.3991571995278842,0.8954694622923557
324,1566824400,481,154,0,635,34,-0.3991571995278842,0.874450059345134
324,1566838800,396,239,0,635,34,-0.3991571995278842,0.874450059345134
324,1566853200,351,462,111,813,34,3.4141027680930094,1.4089434485744874
324,1566867600,83,152,69,235,35,1.3334570753417931,-0.7868624295934921
324,1566882000,16,28,12,44,35,-0.3180153707876702,-1.51761149305714
324,1566896400,615,118,0,733,35,-0.6656937804991362,1.1184414112698418
324,1566910800,499,166,0,665,35,-0.6656937804991362,0.8582794410314749
324,1566925200,420,317,0,737,35,-0.6656937804991362,1.133745056577981
324,1566939600,361,450,89,811,35,1.9129210915275696,1.4168624947785566
324,1566954000,78,159,81,237,35,1.6811354850532592,-0.7792106069394223
324,1566968400,15,31,16,46,35,-0.20212256755051491,-1.5099596704030704
324,1566982800,631,122,0,753,35,-0.6656937804991362,1.1949596378105378
324,1566997200,514,207,0,721,35,-0.6656937804991362,1.0725304753454241
324,1567011600,441,257,0,698,35,-0.6656937804991362,0.9845345148236235
324,1567026000,346,450,104,796,35,2.3475191036669023,1.3594738248730347
324,1567040400,77,191,114,268,35,2.6372511117597903,-0.6606073558013433
324,1567054800,18,23,5,41,35,-0.5208277764526921,-1.5290892270382446
324,1567069200,584,127,0,711,35,-0.6656937804991362,1.034271362075076
324,1567083600,491,206,0,697,35,-0.6656937804991362,0.9807086034965887
324,1567098000,370,332,0,702,35,-0.6656937804991362,0.9998381601317627
324,1567112400,372,430,58,802,35,1.014751866439616,1.3824292928352435
324,1567126800,95,204,109,299,35,2.4923851077133463,-0.5420041046632643
324,1567141200,32,34,2,66,35,-0.6077473788805585,-1.4334414438623744
324,1567155600,494,128,0,622,35,-0.6656937804991362,0.6937652539689783
324,1567170000,450,181,0,631,35,-0.6656937804991362,0.7281984559122915
324,1567184400,451,337,0,788,35,-0.6656937804991362,1.3288665342567563
324,1567198800,354,358,4,712,35,-0.5498009772619808,1.0380972734021108
324,1567213200,118,186,68,304,35,1.3044838745325045,-0.5228745480280903
324,1567227600,27,47,20,74,35,-0.08622976431335957,-1.402834153246096
324,1567242000,121,51,0,172,35,-0.6656937804991362,-1.0278948431966848
324,1567256400,322,113,0,435,35,-0.6656937804991362,-0.021680164186530643
324,1567270800,333,209,0,542,35,-0.6656937804991362,0.38769234780619366
324,1567285200,237,253,16,490,35,-0.20212256755051491,0.18874495880038372
324,1567299600,112,176,64,288,35,1.1885910712953491,-0.5840891292606473
324,1567314000,20,39,19,59,35,-0.11520296512264841,-1.460222823151618
324,1567328400,96,48,0,144,35,-0.6656937804991362,-1.1350203603536595
324,1567342800,318,273,0,591,35,-0.6656937804991362,0.5751620028308992
324,1567357200,313,170,0,483,35,-0.6656937804991362,0.16196357951114007
324,1567371600,205,230,25,435,35,0.05863623973308459,-0.021680164186530643
324,1567386000,87,132,45,219,35,0.6381002559188612,-0.8480770108260489
324,1567400400,24,41,17,65,35,-0.17314936674122608,-1.437267355189409
324,1567414800,117,54,0,171,35,-0.6656937804991362,-1.0317207545237197
324,1567429200,255,93,0,348,35,-0.6656937804991362,-0.35453444963855885
324,1567443600,272,187,0,459,35,-0.6656937804991362,0.07014170766230472
324,1567458000,193,221,28,414,35,0.1455558421609511,-0.10202430205426159
324,1567472400,66,132,66,198,36,1.40786781898889,-0.9564767283589464
324,1567486800,20,31,11,51,36,-0.2895093531741245,-1.4184769881686894
324,1567501200,613,127,0,740,36,-0.6289847876067274,0.7469528010075891
324,1567515600,490,185,0,675,36,-0.6289847876067274,0.5426669718400157
324,1567530000,472,317,0,789,36,-0.6289847876067274,0.9009528876108368
324,1567544400,360,516,156,876,36,4.1853941007101865,1.1743816128043583
324,1567558800,28,61,33,89,36,0.3894415156910813,-1.2990483495784158
324,1567573200,1,2,1,3,36,-0.5981233844764908,-1.5693342158616668
324,1567587600,677,148,0,825,36,-0.6289847876067274,1.0140958083805698
324,1567602000,496,178,0,674,36,-0.6289847876067274,0.5395241129297453
324,1567616400,468,322,0,790,36,-0.6289847876067274,0.9040957465211071
324,1567630800,356,421,65,777,36,1.3770064158586535,0.8632385806875925
324,1567645200,23,59,36,82,36,0.4820257250817912,-1.3210483619503082
324,1567659600,2,3,1,5,36,-0.5981233844764908,-1.563048498041126
324,1567674000,731,166,0,897,36,-0.6289847876067274,1.2403816499200357
324,1567688400,504,161,0,665,36,-0.6289847876067274,0.511238382737312
324,1567702800,522,309,0,831,36,-0.6289847876067274,1.032952961842192
324,1567717200,414,476,62,890,36,1.2844222064679436,1.2183816375481433
324,1567731600,29,62,33,91,36,0.3894415156910813,-1.292762631757875
324,1567746000,1,5,4,6,36,-0.505539175085781,-1.5599056391308557
324,1567760400,669,203,0,872,36,-0.6289847876067274,1.1618101771632767
324,1567774800,530,180,0,710,36,-0.6289847876067274,0.6526670336994783
324,1567789200,455,362,0,817,36,-0.6289847876067274,0.9889529370984069
324,1567803600,347,369,22,716,36,0.049966081258478394,0.6715241871611005
324,1567818000,100,161,61,261,36,1.2535608033377068,-0.7584766170119137
324,1567832400,25,48,23,73,36,0.08082748438871502,-1.3493340921427415
324,1567846800,186,60,0,246,36,-0.6289847876067274,-0.8056195006659691
324,1567861200,383,190,0,573,36,-0.6289847876067274,0.22209536299243887
324,1567875600,398,262,0,660,36,-0.6289847876067274,0.4955240881859603
324,1567890000,308,287,0,595,36,-0.6289847876067274,0.29123825901838685
324,1567904400,101,183,82,284,36,1.901650269072676,-0.6861908620756954
324,1567918800,25,56,31,81,36,0.32771870943060805,-1.3241912208605786
324,1567933200,102,58,0,160,36,-0.6289847876067274,-1.07590536694922
324,1567947600,374,281,0,655,36,-0.6289847876067274,0.47980979363460846
324,1567962000,400,214,0,614,36,-0.6289847876067274,0.35095257831352367
324,1567976400,210,277,67,487,36,1.4387292221191266,-0.04819050329081214
324,1567990800,82,127,45,209,36,0.7597783532539208,-0.9219052803459724
324,1568005200,20,31,11,51,36,-0.2895093531741245,-1.4184769881686894
324,1568019600,721,159,0,880,36,-0.6289847876067274,1.1869530484454396
324,1568034000,470,172,0,642,36,-0.6289847876067274,0.4389526278010938
324,1568048400,474,282,0,756,36,-0.6289847876067274,0.7972385435719149
324,1568062800,378,424,46,802,36,0.7906397563841575,0.9418100534443515
324,1568077200,78,168,90,246,37,2.083129742675169,-0.9883625119110062
324,1568091600,18,23,5,41,37,-0.4645828922512967,-1.60928927057965
324,1568106000,796,205,0,1001,37,-0.6144483413646182,1.2984653066003402
324,1568120400,556,169,0,725,37,-0.6144483413646182,0.46248586566109307
324,1568134800,510,348,0,858,37,-0.6144483413646182,0.8653310310412375
324,1568149200,358,441,83,799,37,1.873318113916519,0.686625280985384
324,1568163600,490,183,0,673,37,-0.6144483413646182,0.30498249273051026
324,1568178000,22,30,8,52,37,-0.3746636227833038,-1.575971249382796
324,1568192400,800,202,0,1002,37,-0.6144483413646182,1.301494217618236
324,1568206800,548,172,0,720,37,-0.6144483413646182,0.4473413105716139
324,1568221200,509,321,0,830,37,-0.6144483413646182,0.7805215225401545
324,1568235600,418,495,77,913,37,1.6934795749805331,1.0319211370255077
324,1568250000,116,168,52,284,37,0.9441523294139256,-0.873263893230965
324,1568264400,19,26,7,45,37,-0.4046367126059681,-1.5971736265080667
324,1568278800,776,203,0,979,37,-0.6144483413646182,1.2318292642066322
324,1568293200,541,169,0,710,37,-0.6144483413646182,0.4170522003926557
324,1568307600,508,344,0,852,37,-0.6144483413646182,0.8471575649338626
324,1568322000,408,508,100,916,37,2.382860640901812,1.0410078700791954
324,1568336400,98,170,72,268,37,1.5436141258672116,-0.9217264695172981
324,1568350800,23,27,4,50,37,-0.494555982073961,-1.5820290714185876
324,1568365200,736,219,0,955,37,-0.6144483413646182,1.1591353997771323
324,1568379600,524,181,0,705,37,-0.6144483413646182,0.4019076453031766
324,1568394000,550,368,0,918,37,-0.6144483413646182,1.047065692114987
324,1568408400,480,425,0,905,37,-0.6144483413646182,1.0076898488823411
324,1568422800,140,216,76,356,37,1.663506485157869,-0.6551822999424657
324,1568437200,25,45,20,70,37,-0.014986544911332151,-1.521450851060671
324,1568451600,165,57,0,222,37,-0.6144483413646182,-1.0610563763405059
324,1568466000,381,156,0,537,37,-0.6144483413646182,-0.10694940570332169
324,1568480400,418,275,0,693,37,-0.6144483413646182,0.3655607130884267
324,1568494800,370,265,0,635,37,-0.6144483413646182,0.18988387405046897
324,1568509200,121,209,88,330,37,2.0231835630298405,-0.7339339864077571
324,1568523600,21,53,32,74,37,0.3446905329606395,-1.5093352069890877
324,1568538000,109,65,0,174,37,-0.6144483413646182,-1.2064441051995054
324,1568552400,413,278,0,691,37,-0.6144483413646182,0.35950289105263505
324,1568566800,453,255,0,708,37,-0.6144483413646182,0.41099437835686403
324,1568581200,255,245,0,500,37,-0.6144483413646182,-0.21901911336546714
324,1568595600,79,125,46,204,37,0.7643137904779397,-1.1155767746626308
324,1568610000,18,28,10,46,37,-0.3147174431379752,-1.594144715490171
324,1568624400,750,210,0,960,37,-0.6144483413646182,1.1742799548666114
324,1568638800,499,186,0,685,37,-0.6144483413646182,0.34132942494526014
324,1568653200,506,356,0,862,37,-0.6144483413646182,0.8774466751128208
324,1568667600,376,467,91,843,37,2.1131028324978334,0.8198973657728001
324,1568682000,85,171,86,256,38,1.3675426978268925,-0.9449827076338094
324,1568696400,20,34,14,54,38,-0.34983650409525163,-1.5682129075378235
324,1568710800,770,194,0,964,38,-0.6837713489134463,1.2394082900495669
324,1568725200,565,177,0,742,38,-0.6837713489134463,0.5544721297590167
324,1568739600,475,373,0,848,38,-0.6837713489134463,0.8815137198076578
324,1568754000,405,461,56,866,38,0.6519680303593325,0.9370490841555402
324,1568768400,100,216,116,316,38,2.0831173652944526,-0.7598648264742013
324,1568782800,17,36,19,53,38,-0.23057405951732493,-1.5712982055571503
324,1568797200,772,203,0,975,38,-0.6837713489134463,1.2733465682621616
324,1568811600,549,202,0,751,38,-0.6837713489134463,0.5822398119329579
324,1568826000,467,388,0,855,38,-0.6837713489134463,0.9031108059429453
324,1568840400,401,485,84,886,38,1.3198377199957219,0.9987550445420763
324,1568854800,118,186,68,304,38,0.9381978973463564,-0.7968884027061229
324,1568869200,21,27,6,48,38,-0.5406564154199343,-1.5867246956537844
324,1568883600,759,180,0,939,38,-0.6837713489134463,1.1622758395663968
324,1568898000,561,215,0,776,38,-0.6837713489134463,0.659372262416128
324,1568912400,506,346,0,852,38,-0.6837713489134463,0.893854911884965
324,1568926800,428,509,81,937,38,1.2482802532489659,1.1561052435277432
324,1568941200,99,226,127,325,38,2.345494743365891,-0.7320971443002601
324,1568955600,25,38,13,63,38,-0.37368899301083697,-1.5404452253638823
324,1568970000,700,195,0,895,38,-0.6837713489134463,1.0265227267160175
324,1568984400,537,175,0,712,38,-0.6837713489134463,0.4619131891792126
324,1568998800,492,416,0,908,38,-0.6837713489134463,1.0666316009672658
324,1569013200,463,516,53,979,38,0.5804105636125765,1.285687760339469
324,1569027600,152,246,94,398,38,1.5583626091515752,-0.5068703888894035
324,1569042000,28,54,26,82,38,-0.06360663710822759,-1.481824562996673
324,1569056400,172,61,0,233,38,-0.6837713489134463,-1.0159445620783258
324,1569070800,373,143,0,516,38,-0.6837713489134463,-0.14280522260884074
324,1569085200,413,284,0,697,38,-0.6837713489134463,0.41563371888931055
324,1569099600,346,235,0,581,38,-0.6837713489134463,0.05773914864740144
324,1569114000,131,216,85,347,38,1.3436902089113072,-0.6642205878750704
324,1569128400,36,56,20,92,38,-0.2067215706017396,-1.450971582803405
324,1569142800,118,63,0,181,38,-0.6837713489134463,-1.1763800590833196
324,1569157200,374,236,0,610,38,-0.6837713489134463,0.14721279120787872
324,1569171600,358,220,0,578,38,-0.6837713489134463,0.048483254589421036
324,1569186000,204,233,29,437,38,0.007950829638528417,-0.38654376613565816
324,1569200400,72,149,77,221,38,1.1528702975866245,-1.0529681383102476
324,1569214800,27,27,0,54,38,-0.6837713489134463,-1.5682129075378235
324,1569229200,780,187,0,967,38,-0.6837713489134463,1.2486641841075472
324,1569243600,502,184,0,686,38,-0.6837713489134463,0.38169544067671574
324,1569258000,471,329,0,800,38,-0.6837713489134463,0.7334194148799712
324,1569272400,341,491,150,832,38,2.894101988424354,0.8321489514984289
324,1569286800,79,187,108,266,39,1.7371104272251026,-0.8643648908535169
324,1569301200,19,27,8,46,39,-0.4697449249664977,-1.5674841435594324
324,1569315600,836,207,0,1043,39,-0.6462933531418257,1.6189244698396486
324,1569330000,525,168,0,693,39,-0.6462933531418257,0.5003256587166012
324,1569344400,476,330,0,806,39,-0.6462933531418257,0.861473274879185
324,1569358800,385,548,163,933,39,2.9508808709304826,1.2673648434866909
324,1569373200,101,225,124,326,39,2.0902072835757584,-0.6726050946609944
324,1569387600,19,20,1,39,39,-0.6242247996199097,-1.5898561197818935
324,1569402000,803,210,0,1013,39,-0.6462933531418257,1.5230445717433874
324,1569416400,543,200,0,743,39,-0.6462933531418257,0.6601254888770365
324,1569430800,483,355,0,838,39,-0.6462933531418257,0.9637451661818637
324,1569445200,398,488,90,886,39,1.3398764638306144,1.1171530031358816
324,1569459600,103,192,89,295,39,1.3178079103086984,-0.7716809893604643
324,1569474000,19,41,22,60,39,-0.1607851756596737,-1.5227401911145104
324,1569488400,739,201,0,940,39,-0.6462933531418257,1.2897368197091519
324,1569502800,530,158,0,688,39,-0.6462933531418257,0.4843456757005576
324,1569517200,468,272,0,740,39,-0.6462933531418257,0.6505374990674104
324,1569531600,415,469,54,884,39,0.5454085370416383,1.1107610099294642
324,1569546000,101,209,108,310,39,1.7371104272251026,-0.7237410403123337
324,1569560400,20,26,6,46,39,-0.5138820320103297,-1.5674841435594324
324,1569574800,707,199,0,906,39,-0.6462933531418257,1.1810729352000557
324,1569589200,521,205,0,726,39,-0.6462933531418257,0.6057935466224885
324,1569603600,479,377,0,856,39,-0.6462933531418257,1.0212731050396204
324,1569618000,420,438,18,858,39,-0.24905938974733768,1.0276650982460378
324,1569632400,125,230,105,355,39,1.6709047666593544,-0.5799211931679419
324,1569646800,24,38,14,62,39,-0.3373336038350017,-1.516348197908093
324,1569661200,177,63,0,240,39,-0.6462933531418257,-0.9474608025369432
324,1569675600,363,176,0,539,39,-0.6462933531418257,0.008142181822460242
324,1569690000,376,231,0,607,39,-0.6462933531418257,0.22546995084065233
324,1569704400,317,284,0,601,39,-0.6462933531418257,0.20629397122140009
324,1569718800,133,198,65,331,39,0.7881626257827143,-0.6566251116449509
324,1569733200,27,44,17,71,39,-0.2711279432692537,-1.4875842284792147
324,1569747600,113,45,0,158,39,-0.6462933531418257,-1.2095325240000572
324,1569762000,371,213,0,584,39,-0.6462933531418257,0.15196202896685207
324,1569776400,352,203,0,555,39,-0.6462933531418257,0.059278127473799555
324,1569790800,211,254,43,465,39,0.3026544483005623,-0.2283615668149841
324,1569805200,76,146,70,222,39,0.8985053933922943,-1.0049887413946998
324,1569819600,23,27,4,50,39,-0.5580191390541617,-1.5547001571465975
324,1569834000,532,134,0,666,39,-0.6462933531418257,0.41403375042996604
324,1569848400,453,164,0,617,39,-0.6462933531418257,0.2574299168727394
324,1569862800,384,286,0,670,39,-0.6462933531418257,0.4268177368428009
324,1569877200,338,459,121,797,39,2.0240016230100104,0.8327093054503067
324,1569891600,77,199,122,276,40,2.50026603141724,-0.8608436741276553
324,1569906000,20,29,9,49,40,-0.42030068901254614,-1.577637000689495
324,1569920400,603,145,0,748,40,-0.6529121977193433,0.6295812163445403
324,1569934800,532,166,0,698,40,-0.6529121977193433,0.4716972237097739
324,1569949200,390,302,0,692,40,-0.6529121977193433,0.4527511445936019
324,1569963600,367,469,102,836,40,1.9833515676243574,0.9074570433817294
324,1569978000,111,166,55,277,40,0.7686025777110835,-0.85768599427496
324,1569992400,20,28,8,48,40,-0.44614641220219026,-1.5807946805421904
324,1570006800,782,185,0,967,40,-0.6529121977193433,1.3211131040848176
324,1570021200,542,165,0,707,40,-0.6529121977193433,0.5001163423840318
324,1570035600,513,338,0,851,40,-0.6529121977193433,0.9548222411721593
324,1570050000,378,473,95,851,40,1.8024315052968485,0.9548222411721593
324,1570064400,102,194,92,296,40,1.7248943357279163,-0.7976900770737487
324,1570078800,16,29,13,45,40,-0.31691779625396965,-1.5902677201002766
324,1570093200,688,215,0,903,40,-0.6529121977193433,1.1190215935123164
324,1570107600,508,185,0,693,40,-0.6529121977193433,0.4559088244462972
324,1570122000,542,344,0,886,40,-0.6529121977193433,1.0653410360164959
324,1570136400,436,511,75,947,40,1.285517041503966,1.257959507030911
324,1570150800,131,218,87,349,40,1.5956657197796955,-0.6303330448808963
324,1570165200,18,26,8,44,40,-0.44614641220219026,-1.593425399952972
324,1570179600,735,199,0,934,40,-0.6529121977193433,1.2169096689458718
324,1570194000,564,189,0,753,40,-0.6529121977193433,0.645369615608017
324,1570208400,446,318,0,764,40,-0.6529121977193433,0.6801040939876657
324,1570222800,464,464,0,928,40,-0.6529121977193433,1.1979635898296996
324,1570237200,131,222,91,353,40,1.699048612538272,-0.6177023254701149
324,1570251600,20,36,16,56,40,-0.23938062668503726,-1.5555332417206278
324,1570266000,205,73,0,278,40,-0.6529121977193433,-0.8545283144222646
324,1570280400,406,231,0,637,40,-0.6529121977193433,0.27907875269535876
324,1570294800,454,287,0,741,40,-0.6529121977193433,0.607477457375673
324,1570309200,345,278,0,623,40,-0.6529121977193433,0.23487123475762414
324,1570323600,105,204,99,309,40,1.9058143980554252,-0.7566402389887095
324,1570338000,29,40,11,69,40,-0.3686092426332579,-1.5144834036355885
324,1570352400,114,54,0,168,40,-0.6529121977193433,-1.2018730982187509
324,1570366800,428,244,0,672,40,-0.6529121977193433,0.38959754753969533
324,1570381200,392,236,0,628,40,-0.6529121977193433,0.2506596340211008
324,1570395600,208,221,13,429,40,-0.31691779625396965,-0.3777186566652698
324,1570410000,65,130,65,195,40,1.027059809607525,-1.116615742195977
324,1570424400,15,30,15,45,40,-0.2652263498746814,-1.5902677201002766
324,1570438800,751,218,0,969,40,-0.6529121977193433,1.3274284637902083
324,1570453200,475,189,0,664,40,-0.6529121977193433,0.36433610871813266
324,1570467600,480,319,0,799,40,-0.6529121977193433,0.7906228888320022
324,1570482000,390,475,85,865,40,1.5439742734004074,0.999029759109894
324,1570496400,85,192,107,277,41,2.141664184211687,-0.8336354945835809
324,1570510800,19,29,10,48,41,-0.3505208733371312,-1.595576593785793
324,1570525200,769,181,0,950,41,-0.6074471679297929,1.4056062511067637
324,1570539600,520,171,0,691,41,-0.6074471679297929,0.5438475406553533
324,1570554000,456,312,0,768,41,-0.6074471679297929,0.8000460761949618
324,1570568400,394,503,109,897,41,2.193049443130219,1.2292618045665138
324,1570582800,113,194,81,307,41,1.4736558182707666,-0.7338178833343827
324,1570597200,14,33,19,47,41,-0.11928720820373576,-1.5989038474940998
324,1570611600,576,134,0,710,41,-0.6074471679297929,0.6070653611131788
324,1570626000,475,173,0,648,41,-0.6074471679297929,0.40077563119816934
324,1570640400,413,340,0,753,41,-0.6074471679297929,0.7501372705703628
324,1570654800,378,464,86,842,41,1.6021189655670973,1.0462628506096505
324,1570669200,87,184,97,271,41,1.8847378896190252,-0.8535990168334204
324,1570683600,14,29,15,43,41,-0.2220577260408004,-1.6122128623273262
324,1570698000,780,184,0,964,41,-0.6074471679297929,1.4521878030230562
324,1570712400,516,185,0,701,41,-0.6074471679297929,0.5771200777384193
324,1570726800,513,353,0,866,41,-0.6074471679297929,1.1261169396090092
324,1570741200,409,453,44,862,41,0.5230285282779183,1.1128079247757827
324,1570755600,108,245,137,353,41,2.912443067989672,-0.5807642127522789
324,1570770000,31,30,0,61,41,-0.6074471679297929,-1.5523222955778073
324,1570784400,726,191,0,917,41,-0.6074471679297929,1.2958068787326458
324,1570798800,541,229,0,770,41,-0.6074471679297929,0.806700583611575
324,1570813200,531,377,0,908,41,-0.6074471679297929,1.2658615953578864
324,1570827600,448,395,0,843,41,-0.6074471679297929,1.0495901043179572
324,1570842000,121,218,97,339,41,1.8847378896190252,-0.6273457646685714
324,1570856400,29,44,15,73,41,-0.2220577260408004,-1.512395251078128
324,1570870800,186,57,0,243,41,-0.6074471679297929,-0.9467621206660054
324,1570885200,389,163,0,552,41,-0.6074471679297929,0.08135927520073534
324,1570899600,447,310,0,757,41,-0.6074471679297929,0.7634462854035892
324,1570914000,310,259,0,569,41,-0.6074471679297929,0.1379225882419476
324,1570928400,127,159,32,286,41,0.21471697476672438,-0.8036902112088213
324,1570942800,26,53,27,79,41,0.08625382747039356,-1.4924317288282885
324,1570957200,124,66,0,190,41,-0.6074471679297929,-1.1231065672062555
324,1570971600,405,253,0,658,41,-0.6074471679297929,0.4340481682812354
324,1570986000,423,237,0,660,41,-0.6074471679297929,0.4407026756978486
324,1571000400,229,212,0,441,41,-0.6074471679297929,-0.2879658864212977
324,1571014800,83,163,80,246,41,1.4479631888115003,-0.9367803595410855
324,1571029200,20,22,2,42,41,-0.5560619090112605,-1.6155401160356329
324,1571043600,417,86,0,503,41,-0.6074471679297929,-0.08167615650628827
324,1571058000,490,166,0,656,41,-0.6074471679297929,0.42739366086462216
324,1571072400,416,267,0,683,41,-0.6074471679297929,0.5172295109889005
324,1571086800,324,359,35,683,41,0.2917948631445229,0.5172295109889005
324,1571101200,96,178,82,274,42,0.6891915573977513,-0.9445328023953108
324,1571115600,21,23,2,44,42,-0.5972993497447179,-1.6296346848955887
324,1571130000,734,158,0,892,42,-0.6294616224232796,0.8963061688445667
324,1571144400,551,188,0,739,42,-0.6294616224232796,0.44056448179003393
324,1571158800,526,331,0,857,42,-0.6294616224232796,0.7920515345510462
324,1571173200,403,477,74,880,42,0.5605424666835044,0.8605617228010739
324,1571187600,94,209,115,303,42,1.21986905659402,-0.8581503911235366
324,1571202000,18,31,13,49,42,-0.42040685001262834,-1.6147411657108002
324,1571216400,760,158,0,918,42,-0.6294616224232796,0.9737524686054677
324,1571230800,507,191,0,698,42,-0.6294616224232796,0.318437624474767
324,1571245200,451,331,0,782,42,-0.6294616224232796,0.5686487467792163
324,1571259600,358,409,51,767,42,0.1906763308800445,0.5239681892248503
324,1571274000,87,182,95,269,42,0.8982463298084026,-0.9594263215800994
324,1571288400,17,24,7,41,42,-0.5168936680483136,-1.638570796406462
324,1571302800,782,148,0,930,42,-0.6294616224232796,1.0094969146489605
324,1571317200,554,194,0,748,42,-0.6294616224232796,0.4673728163226535
324,1571331600,500,318,0,818,42,-0.6294616224232796,0.6758820849096946
324,1571346000,430,758,328,1188,42,4.645151096860844,1.7780025045840548
324,1571360400,103,207,104,310,42,1.0429765568619305,-0.8372994642648325
324,1571374800,22,27,5,49,42,-0.5490559407268752,-1.6147411657108002
324,1571389200,756,168,0,924,42,-0.6294616224232796,0.9916246916272141
324,1571403600,564,182,0,746,42,-0.6294616224232796,0.46141540864873803
324,1571418000,493,589,96,1082,42,0.9143274661476833,1.4622598978665355
324,1571432400,478,426,0,904,42,-0.6294616224232796,0.9320506148880594
324,1571446800,135,235,100,370,42,0.9786520115048069,-0.6585772340473687
324,1571461200,203,244,41,447,42,0.02986496748723584,-0.4292170386016234
324,1571475600,177,62,0,239,42,-0.6294616224232796,-1.0487874366888312
324,1571490000,429,147,0,576,42,-0.6294616224232796,-0.044964243634076154
324,1571504400,428,329,0,757,42,-0.6294616224232796,0.4941811508552731
324,1571518800,314,310,0,624,42,-0.6294616224232796,0.09801354053989492
324,1571533200,128,249,121,377,42,1.316355874629705,-0.6377263071886645
324,1571547600,42,52,10,94,42,-0.468650259030471,-1.4806994930477022
324,1571562000,142,64,0,206,42,-0.6294616224232796,-1.1470846633084364
324,1571576400,524,319,0,843,42,-0.6294616224232796,0.7503496808336378
324,1571590800,405,511,106,916,42,1.0751388295404922,0.9677950609315522
324,1571605200,190,224,34,414,42,-0.08270298688773021,-0.5275142652212285
324,1571619600,64,137,73,201,42,0.5444613303442235,-1.1619781824932252
324,1571634000,22,22,0,44,42,-0.6294616224232796,-1.6296346848955887
324,1571648400,765,154,0,919,42,-0.6294616224232796,0.9767311724424255
324,1571662800,525,167,0,692,42,-0.6294616224232796,0.3005654014530206
324,1571677200,468,572,104,1040,42,1.0429765568619305,1.3371543367143108
324,1571691600,386,469,83,855,42,0.7052726937370322,0.7860941268771307
324,1571706000,103,161,58,264,43,0.4558710819964149,-0.9647677776686852
324,1571720400,14,28,14,42,43,-0.3676379693519476,-1.589932470071411
324,1571734800,803,166,0,969,43,-0.6296635765991538,1.020552529285917
324,1571749200,535,334,0,869,43,-0.6296635765991538,0.7389468119873919
324,1571763600,524,354,0,878,43,-0.6296635765991538,0.7642913265442591
324,1571778000,467,528,61,995,43,0.5120194264065305,1.0937700157835335
324,1571792400,97,189,92,286,43,1.0922189853110587,-0.9028145198630096
324,1571806800,16,33,17,49,43,-0.31148962494183197,-1.5702200698605142
324,1571821200,791,622,0,1413,43,-0.6296635765991538,2.2708819140913685
324,1571835600,507,193,0,700,43,-0.6296635765991538,0.2630331497528844
324,1571850000,531,369,0,900,43,-0.6296635765991538,0.8262445843499346
324,1571864400,417,521,104,938,43,1.3168123629515212,0.9332547569233742
324,1571878800,107,200,93,307,43,1.1109351001144305,-0.8436773192303194
324,1571893200,16,21,5,37,43,-0.5360830025822945,-1.6040127559363373
324,1571907600,796,168,0,964,43,-0.6296635765991538,1.0064722434209907
324,1571922000,561,205,0,766,43,-0.6296635765991538,0.448892923169911
324,1571936400,506,591,85,1097,43,0.9612061816874555,1.3810078474280292
324,1571950800,475,461,0,936,43,-0.6296635765991538,0.9276226425774037
324,1571965200,100,220,120,320,43,1.6162701998054712,-0.8070685759815112
324,1571979600,20,35,15,55,43,-0.3489218545485757,-1.5533237268226028
324,1571994000,758,235,0,993,43,-0.6296635765991538,1.088137901437563
324,1572008400,501,206,0,707,43,-0.6296635765991538,0.28274554996378115
324,1572022800,547,365,0,912,43,-0.6296635765991538,0.8600372704257576
324,1572037200,453,513,60,966,43,0.4933033116031586,1.0121043577669613
324,1572051600,116,254,138,370,43,1.953160266266165,-0.6662657173322486
324,1572066000,30,51,21,81,43,-0.23662516572834447,-1.4801062403249863
324,1572080400,191,69,0,260,43,-0.6296635765991538,-0.9760320063606263
324,1572094800,425,150,0,575,43,-0.6296635765991538,-0.08897399687027205
324,1572109200,403,290,0,693,43,-0.6296635765991538,0.2433207495419876
324,1572123600,298,306,8,604,43,-0.47993465817217884,-0.007308338853699758
324,1572138000,111,168,57,279,43,0.43715496719304303,-0.9225269200739065
324,1572152400,33,57,24,90,43,-0.18047682131822884,-1.454761725768119
324,1572166800,127,117,0,244,43,-0.6296635765991538,-1.0210889211283902
324,1572181200,585,297,0,882,43,-0.6296635765991538,0.7755555552362001
324,1572195600,400,197,0,597,43,-0.6296635765991538,-0.027020739064596518
324,1572210000,199,233,34,432,43,0.006684326715489898,-0.491670172607163
324,1572224400,70,134,64,204,43,0.5681677708166462,-1.1337312080478004
324,1572238800,111,380,269,491,43,4.40497130550788,-0.3255227994010332
324,1572253200,786,151,0,937,43,-0.6296635765991538,0.930438699750389
324,1572267600,548,149,0,697,43,-0.6296635765991538,0.2545849782339286
324,1572282000,460,314,0,774,43,-0.6296635765991538,0.47142138055379296
324,1572296400,415,489,74,904,43,0.7553289188503649,0.8375088130418756
324,1572310800,82,170,88,252,44,1.2251466246815128,-0.9411745729126407
324,1572325201,20,35,15,55,44,-0.3143204045289455,-1.4387642480742502
324,1572339600,913,939,26,1852,44,-0.08234592067531481,3.100162890328858
324,1572354000,564,195,0,759,44,-0.6306492461475328,0.3394242357520093
324,1572368400,488,298,0,786,44,-0.6306492461475328,0.4076218054442096
324,1572382800,411,542,131,953,44,2.1319559706547966,0.8294364031700411
324,1572397200,96,188,92,284,44,1.3095009824464694,-0.8603478236478107
324,1572411600,26,26,0,52,44,-0.6306492461475328,-1.446341755817828
324,1572426000,766,143,0,909,44,-0.6306492461475328,0.7182996229308998
324,1572440400,591,183,0,774,44,-0.6306492461475328,0.37731177446989833
324,1572454800,487,379,0,866,44,-0.6306492461475328,0.6096886786062845
324,1572469200,445,653,208,1098,44,3.755777357630212,1.195682610776302
324,1572483600,87,196,109,283,44,1.6680070029475353,-0.8628736595623366
324,1572498000,15,30,15,45,44,-0.3143204045289455,-1.4640226072195097
324,1572512400,702,194,0,896,44,-0.6306492461475328,0.6854637560420627
324,1572526800,552,173,0,725,44,-0.6306492461475328,0.2535458146581274
324,1572541200,504,400,0,904,44,-0.6306492461475328,0.7056704433582701
324,1572555600,399,481,82,880,44,1.098615088034078,0.6450503814096477
324,1572570000,110,198,88,308,44,1.2251466246815128,-0.7997277616991882
324,1572584400,22,54,32,76,44,0.044185615972120125,-1.3857216938692056
324,1572598800,759,194,0,953,44,-0.6306492461475328,0.8294364031700411
324,1572613200,556,187,0,743,44,-0.6306492461475328,0.2990108611195943
324,1572627600,540,320,0,860,44,-0.6306492461475328,0.5945336631191289
324,1572642000,461,489,28,950,44,-0.04016874179283649,0.8218588954264633
324,1572656400,138,249,111,387,44,1.7101841818300136,-0.6001867244516392
324,1572670800,24,33,9,57,44,-0.44085194117638044,-1.4337125762451983
324,1572685200,214,71,0,285,44,-0.6306492461475328,-0.8578219877332848
324,1572699600,473,190,0,663,44,-0.6306492461475328,0.09694398795751936
324,1572714000,511,275,0,786,44,-0.6306492461475328,0.4076218054442096
324,1572728400,419,350,0,769,44,-0.6306492461475328,0.3646825948972687
324,1572742800,116,204,88,320,44,1.2251466246815128,-0.769417730724877
324,1572753600,23,50,27,73,44,-0.06125733123407565,-1.3932992016127834
324,1572768000,111,43,0,154,44,-0.6306492461475328,-1.1887064925361825
324,1572782400,384,326,0,710,44,-0.6306492461475328,0.2156582759402384
324,1572796800,719,387,0,1106,44,-0.6306492461475328,1.2158892980925093
324,1572811200,432,360,0,792,44,-0.6306492461475328,0.4227768209313652
324,1572825600,120,186,66,306,44,0.7611976569742515,-0.8047794335282401
324,1572840000,18,36,18,54,44,-0.25105463620522805,-1.4412900839887761
324,1572854400,410,157,0,567,44,-0.6306492461475328,-0.14553625983697058
324,1572868800,804,240,0,1044,44,-0.6306492461475328,1.0592874713919014
324,1572883200,472,369,0,841,44,-0.6306492461475328,0.5465427807431361
324,1572897600,517,540,23,1057,44,-0.14561168899903226,1.0921233382807385
324,1572912000,147,285,138,432,45,2.1279587786092993,-0.4167818574649311
324,1572926400,22,46,24,68,45,-0.1575205017813075,-1.3015029123002362
324,1572940800,373,120,0,493,45,-0.6386740344951194,-0.2685181642095641
324,1572955200,785,190,0,975,45,-0.6386740344951194,0.9030080677426805
324,1572969600,426,270,0,696,45,-0.6386740344951194,0.22488396252550988
324,1572984000,462,490,28,952,45,-0.07732824632900549,0.8471053637283618
324,1572998400,1872,278,0,2150,45,-0.6386740344951194,3.758907077169833
324,1573012800,21,48,27,69,45,-0.097376310192081,-1.2990723599517875
324,1573027200,455,166,0,621,45,-0.6386740344951194,0.04259253639186187
324,1573041600,835,239,0,1074,45,-0.6386740344951194,1.143632750239096
324,1573056000,503,260,0,763,45,-0.6386740344951194,0.3877309698715688
324,1573070400,505,562,57,1067,45,0.5040656057001839,1.1266188837999553
324,1573084800,138,320,182,458,45,3.010073588584621,-0.3535874964052665
324,1573099200,25,67,42,92,45,0.20334464775405145,-1.2431696559374688
324,1573113600,407,142,0,549,45,-0.6386740344951194,-0.13240723269644022
324,1573128000,802,201,0,1003,45,-0.6386740344951194,0.9710635334992425
324,1573142400,412,292,0,704,45,-0.6386740344951194,0.244328381313099
324,1573156800,455,573,118,1028,45,1.7269975013477892,1.0318273422104585
324,1573171200,146,320,174,466,45,2.8496890776800172,-0.33414307761767736
324,1573185600,27,79,52,106,45,0.4038252863848064,-1.2091419230591878
324,1573200000,378,86,0,464,45,-0.6386740344951194,-0.33900418231457463
324,1573214400,773,204,0,977,45,-0.6386740344951194,0.9078691724395778
324,1573228800,526,552,26,1078,45,-0.11742437405515649,1.1533549596328905
324,1573243200,577,568,0,1145,45,-0.6386740344951194,1.3162019669789493
324,1573257600,171,299,128,470,45,1.9274781399785441,-0.3244208682238828
324,1573272000,38,73,35,111,45,0.06300820071252299,-1.1969891613169445
324,1573286400,99,31,0,130,45,-0.6386740344951194,-1.1508086666964206
324,1573300800,396,139,0,535,45,-0.6386740344951194,-0.16643496557472118
324,1573315200,412,519,107,931,45,1.5064687988539587,0.7960637644109403
324,1573329600,323,270,0,593,45,-0.6386740344951194,-0.025462929364700054
324,1573344000,133,213,80,346,45,0.9651710745509203,-0.6258093594315142
324,1573358400,32,72,40,104,45,0.16324852002790047,-1.2140030277560852
324,1573372800,63,37,0,100,45,-0.6386740344951194,-1.2237252371498797
324,1573387200,321,146,0,467,45,-0.6386740344951194,-0.33171252526922873
324,1573401600,434,219,0,653,45,-0.6386740344951194,0.12037021154221836
324,1573416000,240,249,9,489,45,-0.45824145972743996,-0.2782403736033586
324,1573430400,92,145,53,237,45,0.4238733502478819,-0.890739565412416
324,1573444800,19,37,18,56,45,-0.27780888495976047,-1.3306695404816198
324,1573459200,294,75,0,369,45,-0.6386740344951194,-0.5699066554171954
324,1573473600,708,148,0,856,45,-0.6386740344951194,0.6137723382772923
324,1573488000,435,240,0,675,45,-0.6386740344951194,0.17384236320808844
324,1573502400,401,393,0,794,45,-0.6386740344951194,0.4630780926734766
324,1573516800,128,262,134,390,46,2.2828420998109964,-0.5471511558887522
324,1573531200,23,64,41,87,46,0.2902652859871412,-1.4733343974211093
324,1573545600,401,146,0,547,46,-0.5881825566663863,-0.06724762809805893
324,1573560000,811,206,0,1017,46,-0.5881825566663863,1.3694062449059274
324,1573574400,467,258,0,725,46,-0.5881825566663863,0.4768468174225997
324,1573588800,533,524,0,1057,46,-0.5881825566663863,1.4916746596296708
324,1573603200,154,312,158,466,46,2.797055471120378,-0.31484116791363953
324,1573617600,24,47,23,71,46,-0.09539474249489527,-1.5222417633106067
324,1573632000,425,109,0,534,46,-0.5881825566663863,-0.10698486288327558
324,1573646400,882,197,0,1079,46,-0.5881825566663863,1.5589222877277298
324,1573660800,435,271,0,706,46,-0.5881825566663863,0.41876932042882153
324,1573675200,501,489,0,990,46,-0.5881825566663863,1.2868750649674006
324,1573689600,176,306,130,482,46,2.1971398712594326,-0.26593380202414213
324,1573704000,28,65,37,93,46,0.20456305743557754,-1.4549941352125477
324,1573718400,431,99,0,530,46,-0.5881825566663863,-0.11921170435564993
324,1573732800,856,210,0,1066,46,-0.5881825566663863,1.519185052942513
324,1573747200,461,288,0,749,46,-0.5881825566663863,0.5502078662568458
324,1573761600,480,528,48,1008,46,0.44024418595237763,1.341895851593085
324,1573776000,161,314,153,475,46,2.689927685430924,-0.28733077460079726
324,1573790400,25,67,42,92,46,0.31169084312503215,-1.4580508455806414
324,1573804800,398,143,0,541,46,-0.5881825566663863,-0.08558789030662046
324,1573819200,756,248,0,1004,46,-0.5881825566663863,1.3296690101207107
324,1573833600,526,291,0,817,46,-0.5881825566663863,0.7580641712872098
324,1573848000,491,548,57,1039,46,0.6330742001933959,1.4366538730039862
324,1573862400,168,305,137,473,46,2.347118771224669,-0.2934441953369844
324,1573876800,39,85,46,124,46,0.39739307167659577,-1.3602361138016466
324,1573891200,130,47,0,177,46,-0.5881825566663863,-1.1982304642926864
324,1573905600,401,129,0,530,46,-0.5881825566663863,-0.11921170435564993
324,1573920000,472,206,0,678,46,-0.5881825566663863,0.3331814301222011
324,1573934400,502,306,0,808,46,-0.5881825566663863,0.7305537779743675
324,1573948800,150,227,77,377,46,1.0615853429512143,-0.5868883906739688
324,1573963200,38,80,42,118,46,0.31169084312503215,-1.378576376010208
324,1573977600,64,29,0,93,46,-0.5881825566663863,-1.4549941352125477
324,1573992000,196,153,0,349,46,-0.5881825566663863,-0.6724762809805893
324,1574006400,458,183,0,641,46,-0.5881825566663863,0.22008314650273833
324,1574020800,267,250,0,517,46,-0.5881825566663863,-0.15894893914086658
324,1574035200,147,156,9,303,46,-0.3953525424253681,-0.8130849579128944
324,1574049600,17,36,19,53,46,-0.18109697104645894,-1.5772625499362913
324,1574064000,352,154,0,506,46,-0.5881825566663863,-0.19257275318989603
324,1574078400,789,194,0,983,46,-0.5881825566663863,1.2654780923907454
324,1574092800,390,239,0,629,46,-0.5881825566663863,0.18340262208561528
324,1574107200,496,478,0,974,46,-0.5881825566663863,1.2379676990779032
324,1574121600,147,252,105,399,47,1.8464542657464689,-0.16442177785029333
324,1574136000,31,56,25,87,47,0.07739628658817534,-0.9336409770470957
324,1574150400,405,156,0,561,47,-0.4754343318987914,0.23498049865573867
324,1574164800,932,201,0,1133,47,-0.4754343318987914,1.6452156971832097
324,1574179200,446,286,0,732,47,-0.4754343318987914,0.6565717905232169
324,1574193600,523,495,0,1018,47,-0.4754343318987914,1.3616893897869524
324,1574208000,158,278,120,436,47,2.178152636838649,-0.07320027025323664
324,1574222400,27,73,46,100,47,0.5417740061172274,-0.9015901770805622
324,1574236800,397,169,0,566,47,-0.4754343318987914,0.24730772941209767
324,1574251200,826,203,0,1029,47,-0.4754343318987914,1.3888092974509423
324,1574265600,496,265,0,761,47,-0.4754343318987914,0.7280697289100991
324,1574280000,512,537,25,1049,47,0.07739628658817534,1.4381182204763785
324,1574294400,170,341,171,511,47,3.3059270985520612,0.11170819109214854
324,1574308800,45,58,13,103,47,-0.18796241028556868,-0.8941938386267468
324,1574323200,403,170,0,573,47,-0.4754343318987914,0.2645658524710003
324,1574337600,854,192,0,1046,47,-0.4754343318987914,1.430721882022563
324,1574352000,462,286,0,748,47,-0.4754343318987914,0.6960189289435658
324,1574366400,483,522,39,1005,47,0.3869814329408767,1.329638589820419
324,1574380800,158,354,196,512,47,3.858757717039028,0.11417363724342035
324,1574395200,36,71,35,107,47,0.29852853398296203,-0.8843320540216596
324,1574409600,399,153,0,552,47,-0.4754343318987914,0.21279148329429243
324,1574424000,825,201,0,1026,47,-0.4754343318987914,1.381412958997127
324,1574438400,510,360,0,870,47,-0.4754343318987914,0.9968033593987257
324,1574452800,507,474,0,981,47,-0.4754343318987914,1.2704678821898958
324,1574467200,184,255,71,439,47,1.094604624604194,-0.06580393179942123
324,1574481600,8,13,5,21,47,-0.36486820820139804,-1.0963604230310346
324,1574496000,1,3,2,4,47,-0.43120788241983404,-1.1382730076026553
324,1574510400,2,3,1,5,47,-0.45332110715931273,-1.1358075614513834
324,1574524800,0,3,3,3,47,-0.40909465768035536,-1.1407384537539271
324,1574539200,0,4,4,4,47,-0.3869814329408767,-1.1382730076026553
324,1574553600,2,3,1,5,47,-0.45332110715931273,-1.1358075614513834
324,1574568000,3,4,1,7,47,-0.45332110715931273,-1.1308766691488399
324,1574582400,1,1,0,2,47,-0.4754343318987914,-1.143203899905199
324,1574596800,2,2,0,4,47,-0.4754343318987914,-1.1382730076026553
324,1574611200,5,12,7,17,47,-0.3206417587224407,-1.106222207636122
324,1574625600,3,4,1,7,47,-0.45332110715931273,-1.1308766691488399
324,1574640000,1,4,3,5,47,-0.40909465768035536,-1.1358075614513834
324,1574654400,1,2,1,3,47,-0.45332110715931273,-1.1407384537539271
324,1574668800,380,111,0,491,47,-0.4754343318987914,0.06239926806671249
324,1574683200,758,212,0,970,47,-0.4754343318987914,1.243347974525906
324,1574697600,437,250,0,687,47,-0.4754343318987914,0.5456267137159858
324,1574712000,476,504,28,980,47,0.14373596080661136,1.268002436038624
324,1574726400,129,257,128,386,48,3.2489563930933385,0.08847635553121022
324,1574740800,21,58,37,79,48,0.5400752119409084,-0.8147810698206704
324,1574755200,388,121,0,509,48,-0.5613380155606291,0.45036776699140996
324,1574769600,785,201,0,986,48,-0.5613380155606291,1.8538003138736479
324,1574784000,449,295,0,744,48,-0.5613380155606291,1.141786317342198
324,1574798400,490,526,36,1016,48,0.5103072868732992,1.9420665117907698
324,1574812800,144,237,93,381,48,2.207079015727019,0.07376532254502324
324,1574827200,16,48,32,64,48,0.39123558660286273,-0.8589141687792313
324,1574841600,331,86,0,417,48,-0.5613380155606291,0.17968476004556952
324,1574856000,711,215,0,926,48,-0.5613380155606291,1.6772679180394041
324,1574870400,467,390,0,857,48,-0.5613380155606291,1.4742556628300238
324,1574884800,473,444,0,917,48,-0.5613380155606291,1.6507880586642676
324,1574899200,155,224,69,379,48,1.4926488141044,0.06788090935054845
324,1574913600,24,63,39,87,48,0.5996110620761266,-0.7912434170427712
324,1574928000,119,29,0,148,48,-0.5613380155606291,-0.6117688146112901
324,1574942400,275,112,0,387,48,-0.5613380155606291,0.09141856212844762
324,1574956800,260,190,0,450,48,-0.5613380155606291,0.2767775777544036
324,1574971200,235,193,0,428,48,-0.5613380155606291,0.21204903261518088
324,1574985600,127,168,41,295,48,0.6591469122113448,-0.17926444481739284
324,1575000000,28,52,24,80,48,0.15309218606198977,-0.811838863223433
324,1575014400,168,41,0,209,48,-0.5613380155606291,-0.4322942121798089
324,1575028800,356,125,0,481,48,-0.5613380155606291,0.3679859822687629
324,1575043200,417,250,0,667,48,-0.5613380155606291,0.9152364093549186
324,1575057600,332,381,49,713,48,0.8972903127522178,1.0505779128278387
324,1575072000,124,218,94,342,48,2.2368469407946283,-0.04098073474723521
324,1575086400,6,15,9,21,48,-0.29342668995214705,-0.9854290524604394
324,1575100800,2,5,3,7,48,-0.4720342403578018,-1.026619944821763
324,1575115200,1,3,2,4,48,-0.5018021654254109,-1.0354465646134752
324,1575129600,0,1,1,1,48,-0.5315700904930201,-1.0442731844051873
324,1575144000,0,3,3,3,48,-0.4720342403578018,-1.0383887712107125
324,1575158400,0,1,1,1,48,-0.5315700904930201,-1.0442731844051873
324,1575172800,1,2,1,3,48,-0.5315700904930201,-1.0383887712107125
324,1575187200,0,2,2,2,48,-0.5018021654254109,-1.04133097780795
324,1575201600,0,1,1,1,48,-0.5315700904930201,-1.0442731844051873
324,1575216000,0,3,3,3,48,-0.4720342403578018,-1.0383887712107125
324,1575230400,1,4,3,5,48,-0.4720342403578018,-1.0325043580162376
324,1575244800,0,4,4,4,48,-0.44226631529019267,-1.0354465646134752
324,1575259200,0,0,0,0,48,-0.5613380155606291,-1.0472153910024247
324,1575273600,339,128,0,467,48,-0.5613380155606291,0.32679508990743933
324,1575288000,690,230,0,920,48,-0.5613380155606291,1.6596146784559798
324,1575302400,396,292,0,688,48,-0.5613380155606291,0.9770227478969039
324,1575316800,377,494,117,871,48,2.9215092173496378,1.5154465551913474
324,1575331200,93,235,142,328,49,2.3682497558373536,-0.7439674626935898
324,1575345600,22,43,21,65,49,-0.20617703756701666,-1.5581817293054387
324,1575360000,370,149,0,519,49,-0.6529783818768661,-0.1526559610857451
324,1575374400,809,231,0,1040,49,-0.6529783818768661,1.4602932134571192
324,1575388800,447,273,0,720,49,-0.6529783818768661,0.4696142578837668
324,1575403200,499,565,66,1064,49,0.7512544145255178,1.5345941351251204
324,1575417600,154,288,134,442,49,2.1980397199097923,-0.391038084770583
324,1575432000,19,59,40,78,49,0.19807179776094233,-1.5179353967352713
324,1575446400,384,171,0,555,49,-0.6529783818768661,-0.04120457858374299
324,1575460800,793,214,0,1007,49,-0.6529783818768661,1.358129446163617
324,1575475200,452,329,0,781,49,-0.6529783818768661,0.6584624337899371
324,1575489600,489,545,56,1034,49,0.5384918696160657,1.4417179830401188
324,1575504000,158,295,137,453,49,2.261868483382628,-0.35698349567274906
324,1575518400,18,45,27,63,49,-0.0785195106213454,-1.564373472777772
324,1575532800,377,153,0,530,49,-0.6529783818768661,-0.11860137198791114
324,1575547200,850,199,0,1049,49,-0.6529783818768661,1.4881560590826197
324,1575561600,461,265,0,726,49,-0.6529783818768661,0.48818948830076714
324,1575576000,496,477,0,973,49,-0.6529783818768661,1.2528698071339486
324,1575590400,135,297,162,432,49,2.793774845656258,-0.42199680213225027
324,1575604800,29,70,41,99,49,0.21934805225188755,-1.45292209027577
324,1575619200,412,135,0,547,49,-0.6529783818768661,-0.06597155247307679
324,1575633600,796,228,0,1024,49,-0.6529783818768661,1.4107592656784516
324,1575648000,483,345,0,828,49,-0.6529783818768661,0.8039684053897732
324,1575662400,520,511,0,1031,49,-0.6529783818768661,1.4324303678316186
324,1575676800,166,244,78,410,49,1.0065694684168602,-0.49010598032791824
324,1575691200,41,77,36,118,49,0.11296677979716149,-1.3941005272886022
324,1575705600,113,47,0,160,49,-0.6529783818768661,-1.2640739143695998
324,1575720000,449,136,0,585,49,-0.6529783818768661,0.05167157350125879
324,1575734400,450,274,0,724,49,-0.6529783818768661,0.4819977448284337
324,1575748800,396,325,0,721,49,-0.6529783818768661,0.47271012961993353
324,1575763200,181,277,96,458,49,1.3895420492538741,-0.3415041369919154
324,1575777600,42,93,51,135,49,0.43211059716133965,-1.341470707773768
324,1575792000,74,44,0,118,49,-0.6529783818768661,-1.3941005272886022
324,1575806400,332,238,0,570,49,-0.6529783818768661,0.0052334974587579025
324,1575820800,454,230,0,684,49,-0.6529783818768661,0.35816287538176467
324,1575835200,299,292,0,591,49,-0.6529783818768661,0.07024680391825915
324,1575849600,104,188,84,292,49,1.1342269953625317,-0.855418845195592
324,1575864000,22,36,14,58,49,-0.3551108190036331,-1.5798528314586058
324,1575878400,325,84,0,409,49,-0.6529783818768661,-0.49320185206408496
324,1575892800,699,204,0,903,49,-0.6529783818768661,1.0361587856022776
324,1575907200,372,275,0,647,49,-0.6529783818768661,0.2436156211435958
324,1575921600,397,501,104,898,49,1.5597520851814357,1.020679426921444
324,1575936000,105,240,135,345,50,2.1981922687023108,-0.6902689998240433
324,1575950400,23,46,23,69,50,-0.11870139743608711,-1.555306648035969
324,1575964800,411,140,0,551,50,-0.5944920610180795,-0.044624958042678534
324,1575979200,823,199,0,1022,50,-0.5944920610180795,1.431580593797238
324,1575993600,439,320,0,759,50,-0.5944920610180795,0.6072874724938451
324,1576008000,519,494,0,1013,50,-0.5944920610180795,1.403372844399023
324,1576022400,149,289,140,438,50,2.3016250216549174,-0.39878892270915534
324,1576036800,24,65,41,89,50,0.25365651319329824,-1.49262276048438
324,1576051200,397,125,0,522,50,-0.5944920610180795,-0.1355165949924823
324,1576065600,779,209,0,988,50,-0.5944920610180795,1.325017984959537
324,1576080000,427,271,0,698,50,-0.5944920610180795,0.4161016154614992
324,1576094400,457,425,0,882,50,-0.5944920610180795,0.9927933809361162
324,1576108800,116,247,131,363,50,2.115446066340225,-0.6338535010276134
324,1576123200,27,70,43,97,50,0.29502961437434105,-1.4675492054637445
324,1576137600,390,151,0,541,50,-0.5944920610180795,-0.07596690181847293
324,1576152000,825,209,0,1034,50,-0.5944920610180795,1.4691909263281913
324,1576166400,464,282,0,746,50,-0.5944920610180795,0.5665429455853124
324,1576180800,481,477,0,958,50,-0.5944920610180795,1.2309921536321538
324,1576195200,139,309,170,448,50,2.9222215393705597,-0.3674469789333609
324,1576209600,30,59,29,89,50,0.005417906107041339,-1.49262276048438
324,1576224000,388,147,0,535,50,-0.5944920610180795,-0.09477206808394958
324,1576238400,800,237,0,1037,50,-0.5944920610180795,1.4785935094609295
324,1576252800,472,330,0,802,50,-0.5944920610180795,0.7420578307297611
324,1576267200,508,478,0,986,50,-0.5944920610180795,1.318749596204378
324,1576281600,169,317,148,486,50,2.467117426379089,-0.24834759258534217
324,1576296000,27,97,70,124,50,0.853566480318419,-1.3829259572690997
324,1576310400,90,38,0,128,50,-0.5944920610180795,-1.370389179758782
324,1576324800,370,122,0,492,50,-0.5944920610180795,-0.22954242631986552
324,1576339200,431,263,0,694,50,-0.5944920610180795,0.4035648379511815
324,1576353600,402,320,0,722,50,-0.5944920610180795,0.4913222805234058
324,1576368000,182,229,47,411,50,0.3777758167364267,-0.48341217090380023
324,1576382400,50,99,49,149,50,0.4191489179174695,-1.3045710978296137
324,1576396800,61,38,0,99,50,-0.5944920610180795,-1.4612808167085856
324,1576411200,321,171,0,492,50,-0.5944920610180795,-0.22954242631986552
324,1576425600,438,245,0,683,50,-0.5944920610180795,0.3690886997978076
324,1576440000,335,308,0,643,50,-0.5944920610180795,0.24372092469463
324,1576454400,107,201,94,308,50,1.3500436944909329,-0.8062341917944826
324,1576468800,17,58,41,75,50,0.25365651319329824,-1.5365014817704923
324,1576483200,351,118,0,469,50,-0.5944920610180795,-0.30162889700419265
324,1576497600,732,215,0,947,50,-0.5944920610180795,1.19651601547878
324,1576512000,461,269,0,730,50,-0.5944920610180795,0.5163958355440413
324,1576526400,515,561,46,1076,50,0.3570892661459053,1.6008270901865278
324,1576540800,127,262,135,389,51,2.070960605917483,-0.4494203154915876
324,1576555200,19,41,22,60,51,-0.25482714507266707,-1.5458344961876958
324,1576569600,370,140,0,510,51,-0.707635379778714,-0.046179841740131455
324,1576584000,679,207,0,886,51,-0.707635379778714,1.2068649361982777
324,1576598400,470,247,0,717,51,-0.707635379778714,0.6436612993057481
324,1576612800,446,505,59,951,51,0.5067139769329574,1.4234817196184815
324,1576627200,128,279,151,407,51,2.4002756857036993,-0.38943412931368504
324,1576641600,24,56,32,80,51,-0.04900522020628211,-1.4791831782122484
324,1576656000,359,151,0,510,51,-0.707635379778714,-0.046179841740131455
324,1576670400,743,221,0,964,51,-0.707635379778714,1.4668050763025222
324,1576684800,463,284,0,747,51,-0.707635379778714,0.7436382762689191
324,1576699200,419,563,144,982,51,2.2562003382972295,1.526791262480425
324,1576713600,136,265,129,401,51,1.9474674509976522,-0.40942952470631927
324,1576728000,26,47,21,73,51,-0.2754093375593056,-1.502511139503655
324,1576742400,318,127,0,445,51,-0.707635379778714,-0.2627966251603352
324,1576756800,740,176,0,916,51,-0.707635379778714,1.3068419131614488
324,1576771200,452,307,0,759,51,-0.707635379778714,0.7836290670541874
324,1576785600,450,536,86,986,51,1.0624331740721968,1.5401215260755143
324,1576800000,140,294,154,434,51,2.4620222631636146,-0.2994548500468312
324,1576814400,23,62,39,85,51,0.09507012720018737,-1.4625203487183867
324,1576828800,324,117,0,441,51,-0.707635379778714,-0.2761268887554246
324,1576843200,674,215,0,889,51,-0.707635379778714,1.216862633894595
324,1576857600,419,323,0,742,51,-0.707635379778714,0.7269754467750572
324,1576872000,474,526,52,1000,51,0.36263862952648784,1.5867774486583275
324,1576886400,186,274,88,460,51,1.1035975590454739,-0.2128081366787497
324,1576900800,39,80,41,119,51,0.13623451217346438,-1.3492131081601262
324,1576915200,86,39,0,125,51,-0.707635379778714,-1.329217712767492
324,1576929600,319,140,0,459,51,-0.707635379778714,-0.21614070257752208
324,1576944000,428,259,0,687,51,-0.707635379778714,0.5436843223425771
324,1576958400,342,329,0,671,51,-0.707635379778714,0.49036326796221935
324,1576972800,142,202,60,344,51,0.5272961694195958,-0.5993857809363441
324,1576987200,38,77,39,115,51,0.09507012720018737,-1.3625433717552158
324,1577001600,64,34,0,98,51,-0.707635379778714,-1.419196992034346
324,1577016000,295,179,0,474,51,-0.707635379778714,-0.16615221409593658
324,1577030400,392,212,0,604,51,-0.707635379778714,0.26708135274447087
324,1577044800,270,253,0,523,51,-0.707635379778714,-0.002856485056090707
324,1577059200,105,210,105,315,51,1.4534948313183282,-0.6960301920007427
324,1577073600,15,47,32,62,51,-0.04900522020628211,-1.539169364390151
324,1577088000,206,74,0,280,51,-0.707635379778714,-0.8126699984577754
324,1577102400,559,164,0,723,51,-0.707635379778714,0.6636566946983823
324,1577116800,462,254,0,716,51,-0.707635379778714,0.6403287334069757
324,1577131200,399,454,55,853,51,0.42438520698640336,1.0968902615387899
324,1577145600,130,229,99,359,52,2.481490973126643,-0.15778986584301735
324,1577160000,30,49,19,79,52,0.04940181110359319,-1.324289204088426
324,1577174400,199,50,0,249,52,-0.528219364876881,-0.6160574630108565
324,1577188800,480,189,0,669,52,-0.528219364876881,1.1336915443572566
324,1577203200,416,296,0,712,52,-0.528219364876881,1.31283251415923
324,1577217600,292,310,18,602,52,0.019000696578305075,0.8545649169913909
324,1577232000,141,144,3,285,52,-0.4370160213010167,-0.46607897666501824
324,1577246400,33,51,18,84,52,0.019000696578305075,-1.3034588587626152
324,1577260800,41,33,0,74,52,-0.528219364876881,-1.345119549414237
324,1577275200,132,146,14,278,52,-0.1026037615228474,-0.49524146012115344
324,1577289600,337,124,0,461,52,-0.528219364876881,0.2671491788035244
324,1577304000,189,170,0,359,52,-0.528219364876881,-0.15778986584301735
324,1577318400,92,140,48,232,52,0.9310341323369486,-0.6868806371186135
324,1577332800,27,33,6,60,52,-0.34581267772515234,-1.4034445163265075
324,1577347200,184,58,0,242,52,-0.528219364876881,-0.6452199464669917
324,1577361600,448,168,0,616,52,-0.528219364876881,0.9128898839036614
324,1577376000,372,258,0,630,52,-0.528219364876881,0.9712148508159318
324,1577390400,349,366,17,715,52,-0.011400417946983044,1.3253307213547165
324,1577404800,111,247,136,358,52,3.6063322105623032,-0.16195593490817953
324,1577419200,25,57,32,82,52,0.44461629993233875,-1.3117909968929395
324,1577433600,166,62,0,228,52,-0.528219364876881,-0.7035449133792622
324,1577448000,515,154,0,669,52,-0.528219364876881,1.1336915443572566
324,1577462400,443,284,0,727,52,-0.528219364876881,1.3753235501366627
324,1577476800,374,381,7,755,52,-0.31541156319986424,1.4919734839612036
