remote_unit_id,time_stamp,entries,exits,num_people_exited,sum_exit_entry,week_num,z_score_num_people_exited,z_score_sum_exit_entry
32,1546311600,260,629,369,889,1,0.2397120397278301,-0.2791683221015959
32,1546326000,62,77,15,139,1,-0.6172340065990221,-1.0612567378077742
32,1546340400,82,282,200,364,1,-0.16939497108922644,-0.8266302130959207
32,1546354800,216,617,401,833,1,0.31717608911330825,-0.33756425714099053
32,1546369200,333,966,633,1299,1,0.8787904471580249,0.1483733451511149
32,1546383600,221,450,229,671,1,-0.09919317633363685,-0.506495354933525
32,1546398000,80,83,3,163,1,-0.6462830251185764,-1.0362299085051765
32,1546412400,148,157,9,305,1,-0.6317585158587992,-0.88815450179814
32,1546426800,659,1998,1339,2657,1,2.587841036725137,1.564474769856435
32,1546441200,581,860,279,1441,1,0.02184440083117277,0.29644875185815134
32,1546455600,1669,1371,0,3040,1,-0.6535452797484649,1.9638612541437235
32,1546470000,703,503,0,1206,1,-0.6535452797484649,0.05139438160354879
32,1546484400,126,92,0,218,1,-0.6535452797484649,-0.9788767580200567
32,1546498800,181,139,0,320,1,-0.6535452797484649,-0.8725127334840165
32,1546513200,743,2109,1366,2852,1,2.6532013283941343,1.7678177579400414
32,1546527600,648,876,228,1524,1,-0.10161392787693305,0.3829998698629684
32,1546542000,1639,1540,0,3179,1,-0.6535452797484649,2.1088083071879353
32,1546556400,744,432,0,1176,1,-0.6535452797484649,0.020110844975301658
32,1546570800,129,82,0,211,1,-0.6535452797484649,-0.9861762498999811
32,1546585200,183,147,0,330,1,-0.6535452797484649,-0.8620848879412675
32,1546599600,693,2069,1376,2762,1,2.677408843827096,1.6739671480553
32,1546614000,664,882,218,1546,1,-0.12582144330989498,0.40594113005701626
32,1546628400,1506,1463,0,2969,1,-0.6535452797484649,1.8898235507902053
32,1546642800,664,572,0,1236,1,-0.6535452797484649,0.08267791823179592
32,1546657200,157,128,0,285,1,-0.6535452797484649,-0.9090101928836382
32,1546671600,56,88,32,144,1,-0.5760812303629868,-1.0560428150363996
32,1546686000,157,741,584,898,1,0.7601736215365115,-0.2697832611131218
32,1546700400,297,914,617,1211,1,0.8400584224652858,0.05660830437492331
32,1546714800,431,897,466,1328,1,0.47452493942756074,0.17861409722508712
32,1546729200,401,497,96,898,1,-0.42115313159203044,-0.2697832611131218
32,1546743600,146,94,0,240,1,-0.6535452797484649,-0.9559354978260088
32,1546758000,40,59,19,99,1,-0.6075510004258372,-1.1029681199787704
32,1546772400,120,430,310,550,1,0.09688769867335474,-0.6326722860007885
32,1546786800,258,911,653,1169,1,0.9272054780239487,0.012811353095377329
32,1546801200,379,709,330,1088,1,0.14530272953927859,-0.07165419580088993
32,1546815600,292,302,10,594,1,-0.629337764315503,-0.5867897656126927
32,1546830000,87,64,0,151,1,-0.6535452797484649,-1.0487433231564753
32,1546844400,181,145,0,326,1,-0.6535452797484649,-0.866256026158367
32,1546858800,727,2182,1455,2909,1,2.8686482157474953,1.827256477533711
32,1546873200,605,707,102,1312,1,-0.4066286223322533,0.16192954435668866
32,1546887600,1675,1286,0,2961,1,-0.6535452797484649,1.881481274356006
32,1546902000,697,392,0,1089,1,-0.6535452797484649,-0.07061141124661502
32,1546916400,115,54,0,169,2,-0.5689867133838641,-1.061864748698274
32,1546930800,159,148,0,307,2,-0.5689867133838641,-0.9308635336654906
32,1546945200,780,2336,1556,3116,2,2.5761050309333386,1.7356756911684843
32,1546959600,624,892,268,1516,2,-0.027287107036171102,0.21682102412172036
32,1546974000,1793,1353,0,3146,2,-0.5689867133838641,1.764154216175611
32,1546988400,832,444,0,1276,2,-0.5689867133838641,-0.011007175935294235
32,1547002800,109,80,0,189,2,-0.5689867133838641,-1.0428790653601894
32,1547017200,190,169,0,359,2,-0.5689867133838641,-0.8815007569864708
32,1547031600,692,2234,1542,2926,2,2.547807290303235,1.5553116994566811
32,1547046000,669,950,281,1619,2,-0.0010106335939322631,0.3145972933128558
32,1547060400,1895,1350,0,3245,2,-0.5689867133838641,1.8581333486991296
32,1547074800,807,395,0,1202,2,-0.5689867133838641,-0.08125420428620707
32,1547089200,115,62,0,177,2,-0.5689867133838641,-1.05427047536304
32,1547103600,188,176,0,364,2,-0.5689867133838641,-0.8767543361519496
32,1547118000,597,2228,1631,2825,2,2.727700070023178,1.459433998599354
32,1547132400,636,850,214,1486,2,-0.13643553518085552,0.18834249911459353
32,1547146800,1661,1307,0,2968,2,-0.5689867133838641,1.5951816344666585
32,1547161200,861,405,0,1266,2,-0.5689867133838641,-0.02050001760433651
32,1547175600,129,67,0,196,2,-0.5689867133838641,-1.0362340761918598
32,1547190000,157,143,0,300,2,-0.5689867133838641,-0.9375085228338202
32,1547204400,580,2104,1524,2684,2,2.5114244809216735,1.325584931065858
32,1547218800,685,894,209,1579,2,-0.14654187112017814,0.27662592663668667
32,1547233200,1692,1232,0,2924,2,-0.5689867133838641,1.5534131311228725
32,1547247600,640,439,0,1079,2,-0.5689867133838641,-0.19801615681542703
32,1547262000,165,101,0,266,2,-0.5689867133838641,-0.969784184508564
32,1547276400,45,100,55,145,2,-0.45781701805131514,-1.0846475687039754
32,1547290800,152,753,601,905,2,0.6457948665227161,-0.36319160185676264
32,1547305200,327,929,602,1256,2,0.6478161337105806,-0.029992859273378785
32,1547319600,485,907,422,1392,2,0.2839880398949659,0.09910978742559615
32,1547334000,403,464,61,867,2,-0.445689414924128,-0.39926440019912324
32,1547348400,144,102,0,246,2,-0.5689867133838641,-0.9887698678466484
32,1547362800,37,61,24,98,2,-0.5204763008751154,-1.1292639245484741
32,1547377200,100,429,329,529,2,0.09601019142356498,-0.7201224486127521
32,1547391600,236,808,572,1044,2,0.5871781180746448,-0.231241102657075
32,1547406000,348,642,294,990,2,0.025265839848306576,-0.2825024476699033
32,1547420400,268,227,0,495,2,-0.5689867133838641,-0.7523981102874958
32,1547434800,83,47,0,130,2,-0.5689867133838641,-1.0988868312075388
32,1547449200,158,140,0,298,2,-0.5689867133838641,-0.9394070911676287
32,1547463600,821,2278,1457,3099,2,2.37599957933475,1.7195378603311124
32,1547478000,639,820,181,1459,2,-0.20313735238038486,0.16271182660817937
32,1547492400,1699,1140,0,2839,2,-0.5689867133838641,1.4727239769360132
32,1547506800,790,313,0,1103,2,-0.5689867133838641,-0.17523333680972558
32,1547521200,115,51,0,166,3,-0.5753360566811208,-0.9965910995594955
32,1547535600,190,147,0,337,3,-0.5753360566811208,-0.8183464256419314
32,1547541627,291,599,308,890,3,0.11127274435069327,-0.24191774332372654
32,1547550000,767,2307,1540,3074,3,2.8577079484779495,2.034610723553234
32,1547564400,668,800,132,1468,3,-0.2810751419532005,0.3605701018479233
32,1547578800,1680,1364,0,3044,3,-0.5753360566811208,2.0033397281291
32,1547593200,839,366,0,1205,3,-0.5753360566811208,0.08642770862968126
32,1547607600,137,79,0,216,3,-0.5753360566811208,-0.9444727738526054
32,1547622000,184,148,0,332,3,-0.5753360566811208,-0.8235582582126204
32,1547627181,153,295,142,448,3,-0.25878264841320653,-0.7026437425726353
32,1547636400,744,2392,1648,3136,3,3.0984668787098846,2.099237447429778
32,1547650800,667,840,173,1507,3,-0.18967591843922524,0.40122239589929765
32,1547665200,1546,1257,0,2803,3,-0.5753360566811208,1.7521293982218897
32,1547679600,840,396,0,1236,3,-0.5753360566811208,0.11874107056795315
32,1547694000,135,83,0,218,3,-0.5753360566811208,-0.9423880408243298
32,1547708400,197,155,0,352,3,-0.5753360566811208,-0.8027109279298643
32,1547715244,199,620,421,819,3,0.36317792135262505,-0.31592576582751053
32,1547718382,96,496,400,592,3,0.31636368491863776,-0.5525429645367917
32,1547722800,668,2213,1545,2881,3,2.8688541952479465,1.8334339863246383
32,1547737200,736,801,65,1537,3,-0.43043484867116,0.43249339132343173
32,1547751600,1655,1465,0,3120,3,-0.5753360566811208,2.0825595832035733
32,1547766000,828,446,0,1274,3,-0.5753360566811208,0.15835099810518963
32,1547780400,142,116,0,258,3,-0.5753360566811208,-0.9006933802588177
32,1547794800,162,145,0,307,3,-0.5753360566811208,-0.8496174210660654
32,1547797707,79,137,58,216,3,-0.4460395941491558,-0.9444727738526054
32,1547809200,667,2145,1478,2812,3,2.719494488529987,1.7615106968491299
32,1547823600,740,883,143,1623,3,-0.2565533990592071,0.5221369115392828
32,1547838000,1659,1330,0,2989,3,-0.5753360566811208,1.946009569851521
32,1547852400,645,566,0,1211,3,-0.5753360566811208,0.09268190771450807
32,1547866800,148,129,0,277,3,-0.5753360566811208,-0.8808884164901996
32,1547881200,57,126,69,183,3,-0.42151785125516245,-0.978870868819153
32,1547895600,181,805,624,986,3,0.8157155402145025,-0.14185055796649748
32,1547910000,336,964,628,1300,3,0.8246325376305,0.1854525274727725
32,1547924400,477,894,417,1371,3,0.35426092393662745,0.2594605499765565
32,1547938800,393,394,1,787,3,-0.5731068073271214,-0.3492814942799202
32,1547953200,109,83,0,192,3,-0.5753360566811208,-0.9694895701919127
32,1547967600,26,44,18,70,3,-0.5352095683091317,-1.0966582849167246
32,1547982000,94,358,264,452,3,0.013185772774719835,-0.6984742765160841
32,1547996400,210,711,501,921,3,0.5415178696725768,-0.20960438138545465
32,1548010800,333,688,355,1021,3,0.2160474639886649,-0.1053677299716744
32,1548025200,261,222,0,483,3,-0.5753360566811208,-0.6661609145778121
32,1548039600,72,46,0,118,3,-0.5753360566811208,-1.0466246922381102
32,1548054000,69,101,32,170,3,-0.5040000773531401,-0.9924216335029443
32,1548068400,208,1185,977,1393,3,1.6026405621762896,0.28239261328758813
32,1548082800,340,531,191,871,3,-0.1495494300672361,-0.2617227070923448
32,1548097200,931,573,0,1504,3,-0.5753360566811208,0.39809529635688423
32,1548111600,413,155,0,568,3,-0.5753360566811208,-0.577559760876099
32,1548126000,90,35,0,125,4,-0.5316079270878385,-1.0605857772295342
32,1548140400,160,141,0,301,4,-0.5316079270878385,-0.8960439850958527
32,1548154800,737,2196,1459,2933,4,2.6898241719858333,1.5646037245396565
32,1548169200,594,788,194,1382,4,-0.10326123262567789,0.11457918136158854
32,1548183600,1615,1400,0,3015,4,-0.5316079270878385,1.6412652413292126
32,1548198000,808,370,0,1178,4,-0.5316079270878385,-0.07613971406608772
32,1548212400,119,58,0,177,4,-0.5316079270878385,-1.0119711568264012
32,1548226800,185,140,0,325,4,-0.5316079270878385,-0.8736064679867144
32,1548241200,810,2235,1425,3045,4,2.614753101822362,1.6693121377156355
32,1548255600,646,890,244,1536,4,0.00713739996766248,0.25855324947855984
32,1548270000,1810,1446,0,3256,4,-0.5316079270878385,1.8665753089668105
32,1548284400,924,397,0,1321,4,-0.5316079270878385,0.05755049204252848
32,1548298800,136,74,0,210,4,-0.5316079270878385,-0.9811195708013357
32,1548313200,176,145,0,321,4,-0.5316079270878385,-0.8773460541715707
32,1548327600,751,2338,1587,3089,4,2.972444671424785,1.710447585749056
32,1548342000,595,740,145,1335,4,-0.21145189256715147,0.07063904368952587
32,1548356400,1793,1464,0,3257,4,-0.5316079270878385,1.8675102055130246
32,1548370800,833,394,0,1227,4,-0.5316079270878385,-0.030329783301596847
32,1548385200,140,73,0,213,4,-0.5316079270878385,-0.9783148811626935
32,1548399600,192,139,0,331,4,-0.5316079270878385,-0.8679970887094297
32,1548414000,714,2036,1322,2750,4,2.387331918680081,1.3935176565824763
32,1548428400,709,838,129,1547,4,-0.24677945499702036,0.2688371114869149
32,1548442800,1729,1429,0,3158,4,-0.5316079270878385,1.7749554474378288
32,1548457200,677,563,0,1240,4,-0.5316079270878385,-0.018176128200813556
32,1548471600,168,122,0,290,4,-0.5316079270878385,-0.9063278471042079
32,1548486000,51,86,35,137,4,-0.4543288842725003,-1.049367018674965
32,1548500400,184,661,477,845,4,0.5215950278526286,-0.38746026395538274
32,1548514800,358,856,498,1214,4,0.5679624535418316,-0.042483438402380135
32,1548529200,505,800,295,1305,4,0.11974400521286965,0.042592147303102894
32,1548543600,379,478,99,857,4,-0.3130186345530246,-0.3762415054008136
32,1548558000,127,116,0,243,4,-0.5316079270878385,-0.9502679847762705
32,1548572400,45,36,0,81,4,-0.5316079270878385,-1.1017212252629545
32,1548586800,128,387,259,515,4,0.04025698974566459,-0.6959761242060355
32,1548601200,235,775,540,1010,4,0.6606973049202375,-0.23320233383005637
32,1548615600,442,590,148,1032,4,-0.20482797461155103,-0.2126346098133462
32,1548630000,255,233,0,488,4,-0.5316079270878385,-0.7212183309538162
32,1548644400,81,51,0,132,4,-0.5316079270878385,-1.0540415014060356
32,1548658800,175,158,0,333,4,-0.5316079270878385,-0.8661272956170015
32,1548661368,91,120,29,211,4,-0.4675767201837011,-0.9801846742551217
32,1548673200,795,2129,1334,2924,4,2.4138275905024824,1.5561896556237296
32,1548687600,574,708,134,1282,4,-0.23573959173768633,0.02108952674017861
32,1548702000,1584,1214,0,2798,4,-0.5316079270878385,1.4383926908007532
32,1548716400,817,370,0,1187,4,-0.5316079270878385,-0.06772564515016082
32,1548730800,100,67,0,167,5,-0.5109179306301117,-1.0299243142341952
32,1548745200,178,158,0,336,5,-0.5109179306301117,-0.865032047401415
32,1548759600,796,2084,1288,2880,5,2.32754918442838,1.6171332000695495
32,1548774000,670,845,175,1515,5,-0.1252566378232514,0.2853110448817089
32,1548788400,1753,1477,0,3230,5,-0.5109179306301117,1.9586260603741241
32,1548802800,858,368,0,1226,5,-0.5109179306301117,0.0033355116587887746
32,1548817200,137,79,0,216,5,-0.5109179306301117,-0.9821153137915548
32,1548831600,156,150,0,306,5,-0.5109179306301117,-0.89430286399895
32,1548846000,714,2330,1616,3044,5,3.050388636089238,1.7771469974694072
32,1548860400,670,796,126,1466,5,-0.23324179980917226,0.23750204443906844
32,1548874800,1666,1318,0,2984,5,-0.5109179306301117,1.7186053642743373
32,1548889200,780,275,0,1055,5,-0.5109179306301117,-0.16350814294716048
32,1548903600,103,43,0,146,5,-0.5109179306301117,-1.0504138858524696
32,1548918000,135,131,0,266,5,-0.5109179306301117,-0.9333306194623299
32,1548932400,635,2131,1496,2766,5,2.785935178164534,1.5059040969989166
32,1548946800,539,714,175,1253,5,-0.1252566378232514,0.029679246596570237
32,1548961200,1565,1243,0,2808,5,-0.5109179306301117,1.5468832402354655
32,1548975600,789,298,0,1087,5,-0.5109179306301117,-0.13228593857645654
32,1548990000,118,66,0,184,5,-0.5109179306301117,-1.0133375181622588
32,1549004400,148,145,0,293,5,-0.5109179306301117,-0.9069868845245485
32,1549018800,613,2048,1435,2661,5,2.6515046703861427,1.4034562389075442
32,1549022061,135,144,9,279,5,-0.49108392128575884,-0.9206465989367314
32,1549033200,676,816,140,1492,5,-0.20238889638462343,0.2628700854902654
32,1549047600,1534,1263,0,2797,5,-0.5109179306301117,1.5361506074830362
32,1549062000,633,498,0,1131,5,-0.5109179306301117,-0.0893554075667386
32,1549076400,176,110,0,286,5,-0.5109179306301117,-0.91381674173064
32,1549090800,54,62,8,116,5,-0.49328770010179807,-1.0796847024500047
32,1549105200,155,553,398,708,5,0.36618603815349055,-0.5020739215919815
32,1549119600,439,798,359,1237,5,0.2802386643279617,0.01406814441121826
32,1549134000,591,829,238,1420,5,0.013581427587218316,0.1926201256561815
32,1549148400,430,500,70,930,5,-0.35665341350736757,-0.28546987877022284
32,1549162800,144,151,7,295,5,-0.49549147891783724,-0.9050354967513795
32,1549177200,33,35,2,68,5,-0.5065103729980333,-1.1265180090060607
32,1549191600,117,308,191,425,5,-0.08999617676662416,-0.7781952914953947
32,1549206000,300,663,363,963,5,0.28905377959211853,-0.25327198051293437
32,1549220400,423,727,304,1150,5,0.15903082944580563,-0.07081722372163313
32,1549234800,274,234,0,508,5,-0.5109179306301117,-0.6972126989088813
32,1549249200,78,72,0,150,5,-0.5109179306301117,-1.0465111103061318
32,1549263600,184,164,0,348,5,-0.5109179306301117,-0.853323720762401
32,1549278000,788,2147,1359,2935,5,2.484017480367163,1.670796363831697
32,1549292400,586,796,210,1382,5,-0.048124379261879326,0.15554375796597056
32,1549306800,1499,1401,0,2900,5,-0.5109179306301117,1.6366470778012394
32,1549321200,688,474,0,1162,5,-0.5109179306301117,-0.05910889708261914
32,1549335600,129,61,0,190,6,-0.5716352215402309,-1.0189241589487799
32,1549350000,186,170,0,356,6,-0.5716352215402309,-0.8738798779711557
32,1549353906,138,222,84,360,6,-0.3940174175206686,-0.8703848350560324
32,1549364400,776,2199,1423,2975,6,2.437294958457831,1.414499470705936
32,1549378800,618,1604,986,2222,6,1.5132594780227269,0.7565576419339428
32,1549393200,1784,2256,472,4040,6,0.4264076772363573,2.3450546468575597
32,1549407600,852,970,118,1822,6,-0.32212449684608385,0.4070533504215958
32,1549422000,139,140,1,279,6,-0.5695207238733314,-0.9411594540872825
32,1549436400,175,216,41,391,6,-0.4849408171973493,-0.8432982524638254
32,1549450800,637,2483,1846,3120,6,3.331727471556341,1.5411947763791618
32,1549465200,687,867,180,1554,6,-0.1910256414983117,0.17288547510832336
32,1549479600,1689,1666,0,3355,6,-0.5716352215402309,1.7465285476426655
32,1549494000,826,526,0,1352,6,-0.5716352215402309,-0.00361419210541186
32,1549508400,118,97,0,215,6,-0.5716352215402309,-0.9970801407292581
32,1549522800,199,203,4,402,6,-0.5631772308726327,-0.8336868844472359
32,1549526914,143,249,106,392,6,-0.3474984688488785,-0.8424244917350445
32,1549537200,983,2492,1509,3475,6,2.6191417578111924,1.8513798350963695
32,1549551600,731,908,177,1639,6,-0.19736913449901033,0.24715513705469708
32,1549566000,1603,1487,0,3090,6,-0.5716352215402309,1.5149819545157357
32,1549580400,901,525,0,1426,6,-0.5716352215402309,0.06104410182437233
32,1549594800,142,74,0,216,6,-0.5716352215402309,-0.9962063800004772
32,1549609200,191,148,0,339,6,-0.5716352215402309,-0.8887338103604305
32,1549623600,736,2063,1327,2799,6,2.234303182435474,1.2607175824405032
32,1549638000,729,812,83,1541,6,-0.3961319151875682,0.16152658563417208
32,1549652400,1780,1421,0,3201,6,-0.5716352215402309,1.611969395410412
32,1549666800,691,698,7,1389,6,-0.5568337378719341,0.028714954859480234
32,1549681200,173,146,0,319,6,-0.5716352215402309,-0.9062090249360478
32,1549695600,57,71,14,128,6,-0.5420322542036372,-1.0730973241331936
32,1549710000,158,536,378,694,6,0.22764489654779949,-0.5785487516432226
32,1549724400,440,794,354,1234,6,0.17689695254221025,-0.10671795810155421
32,1549738800,562,897,335,1459,6,0.1367214968711188,0.08987820587414096
32,1549753200,436,655,219,1091,6,-0.10856023248922919,-0.23166574231721826
32,1549767600,158,152,0,310,6,-0.5716352215402309,-0.9140728714950757
32,1549782000,32,41,9,73,6,-0.552604742538135,-1.1211541642161413
32,1549796400,124,314,190,438,6,-0.16988066482931619,-0.8022314982111246
32,1549810800,310,700,390,1010,6,0.2530188685505941,-0.3024403613484685
32,1549825200,443,703,260,1146,6,-0.02186582814634758,-0.18360890223427054
32,1549839600,253,246,0,499,6,-0.5716352215402309,-0.7489320937554917
32,1549854000,69,71,2,140,6,-0.5674062262064319,-1.0626121953878231
32,1549868400,170,151,0,321,6,-0.5716352215402309,-0.9044615034784862
32,1549882800,831,2091,1260,2922,6,2.092631838753204,1.36819015208055
32,1549897200,618,738,120,1356,6,-0.3178955015122848,-0.0001191491902883904
32,1549911600,1704,1403,0,3107,6,-0.5716352215402309,1.5298358869050104
32,1549926000,849,434,0,1283,6,-0.5716352215402309,-0.06390368239129171
32,1549940400,131,78,0,209,7,-0.5013702976100588,-0.7046617623105532
32,1549954800,147,148,1,295,7,-0.4988830490134899,-0.6191981954790265
32,1549969200,611,2229,1618,2840,7,3.522997931638359,1.9099271252911498
32,1549983600,567,667,100,1234,7,-0.2526454379531726,0.3139447028326417
32,1549998000,1720,1110,0,2830,7,-0.5013702976100588,1.8999895012409724
32,1550012400,750,311,0,1061,7,-0.5013702976100588,0.14202380676457074
32,1550026800,113,51,0,164,7,-0.5013702976100588,-0.749381070536352
32,1550041200,163,159,0,322,7,-0.5013702976100588,-0.5923666105435473
32,1550055600,813,2321,1508,3134,7,3.2494005860157844,2.2020932723663686
32,1550070000,748,903,155,1651,7,-0.11584676514188524,0.7283436257250439
32,1550084400,1699,1515,0,3214,7,-0.5013702976100588,2.2815942647677887
32,1550098800,829,394,0,1223,7,-0.5013702976100588,0.30301331637744644
32,1550113200,141,69,0,210,7,-0.5013702976100588,-0.7036679999055354
32,1550127600,200,142,0,342,7,-0.5013702976100588,-0.5724913624431923
32,1550142000,821,2166,1345,2987,7,2.84397906477506,2.0560101988287593
32,1550156400,742,916,174,1658,7,-0.06858904180707687,0.7352999625601682
32,1550159593,71,265,194,336,7,-0.018844069875699643,-0.5784539368732988
32,1550159674,4,8,4,12,7,-0.4914213032237833,-0.9004329560990502
32,1550159755,2,9,7,11,7,-0.48395955743407676,-0.9014267185040679
32,1550159835,3,9,6,12,7,-0.4864468060306456,-0.9004329560990502
32,1550159916,4,9,5,13,7,-0.48893405462721445,-0.8994391936940324
32,1550159997,4,9,5,13,7,-0.48893405462721445,-0.8994391936940324
32,1550160077,3,9,6,12,7,-0.4864468060306456,-0.9004329560990502
32,1550160157,5,6,1,11,7,-0.4988830490134899,-0.9014267185040679
32,1550160238,6,7,1,13,7,-0.4988830490134899,-0.8994391936940324
32,1550160318,5,15,10,20,7,-0.47649781164437016,-0.8924828568589082
32,1550160399,5,12,7,17,7,-0.48395955743407676,-0.8954641440739614
32,1550160480,5,10,5,15,7,-0.48893405462721445,-0.8974516688839969
32,1550160560,6,6,0,12,7,-0.5013702976100588,-0.9004329560990502
32,1550160641,4,8,4,12,7,-0.4914213032237833,-0.9004329560990502
32,1550160722,4,6,2,10,7,-0.49639580041692105,-0.9024204809090857
32,1550160802,9,9,0,18,7,-0.5013702976100588,-0.8944703816689437
32,1550170800,1858,1338,0,3196,7,-0.5013702976100588,2.263706541477469
32,1550185200,793,604,0,1397,7,-0.5013702976100588,0.4759279748505351
32,1550199600,148,115,0,263,7,-0.5013702976100588,-0.6509985924395946
32,1550214000,178,163,0,341,7,-0.5013702976100588,-0.57348512484821
32,1550228120,553,2013,1460,2566,7,3.130012653380479,1.637636226316286
32,1550228400,707,1712,1005,2419,7,1.998314541941647,1.4915531527786767
32,1550242800,782,913,131,1695,7,-0.1755407314595379,0.7720691715458249
32,1550257200,1552,1462,0,3014,7,-0.5013702976100588,2.0828417837642386
32,1550271600,733,676,0,1409,7,-0.5013702976100588,0.4878531237107481
32,1550286000,159,159,0,318,7,-0.5013702976100588,-0.5963416601636183
32,1550300400,56,83,27,139,7,-0.43421458550269953,-0.7742251306617958
32,1550314800,171,490,319,661,7,0.29206200469540805,-0.2554811552425297
32,1550329200,298,864,566,1162,7,0.9064124080479169,0.2423938096713636
32,1550343600,444,927,483,1371,7,0.6999707745327014,0.4500901523200736
32,1550358000,373,688,315,1061,7,0.2821130103091326,0.14202380676457074
32,1550372400,144,140,0,284,7,-0.5013702976100588,-0.6301295819342219
32,1550386800,34,49,15,83,7,-0.46406156866152587,-0.8298758253427898
32,1550401200,121,295,174,416,7,-0.06858904180707687,-0.4989529444718787
32,1550415600,278,864,586,1142,7,0.9561573799792941,0.22251856157100858
32,1550430000,382,824,442,1206,7,0.597993582073378,0.2861193554921446
32,1550444400,245,379,134,624,7,-0.16807898566983134,-0.29225036422818645
32,1550458800,90,73,0,163,7,-0.5013702976100588,-0.7503748329413698
32,1550473200,80,112,32,192,7,-0.4217783425198552,-0.7215557231958549
32,1550487600,306,1031,725,1337,7,1.3018849349023658,0.41630223054947
32,1550502000,428,749,321,1177,7,0.29703650188854575,0.25730024574662985
32,1550516400,988,795,0,1783,7,-0.5013702976100588,0.8595202631873871
32,1550530800,504,333,0,837,7,-0.5013702976100588,-0.0805789719594055
32,1550545200,82,79,0,161,8,-0.537134370494223,-1.2460544271465814
32,1550559600,172,169,0,341,8,-0.537134370494223,-1.087517726749773
32,1550574000,813,2274,1461,3087,8,2.236253873801085,1.3310477137482037
32,1550588400,560,853,293,1413,8,0.019061903002371962,-0.14334359994211424
32,1550602800,1583,1473,0,3056,8,-0.537134370494223,1.3037441709020867
32,1550617200,835,456,0,1291,8,-0.537134370494223,-0.25079625243328435
32,1550631600,112,72,0,184,8,-0.537134370494223,-1.225796959873656
32,1550646000,168,147,0,315,8,-0.537134370494223,-1.1104174723626454
32,1550660400,716,2292,1576,3008,8,2.4545561654465065,1.2614677174629378
32,1550674800,642,915,273,1557,8,-0.018903712935962165,-0.01651423962466754
32,1550689200,1657,1284,0,2941,8,-0.537134370494223,1.202456834537459
32,1550703600,853,362,0,1215,8,-0.537134370494223,-0.31773397037860346
32,1550718000,119,59,0,178,8,-0.537134370494223,-1.2310815165535496
32,1550732400,153,157,4,310,8,-0.5295412473065562,-1.1148212695958901
32,1550746800,860,2240,1380,3100,8,2.0824931292508317,1.3424975865546398
32,1550761200,688,889,201,1577,8,-0.15557993031396503,0.0011009493083111693
32,1550775600,1455,1417,0,2872,8,-0.537134370494223,1.1416844327186826
32,1550790000,894,519,0,1413,8,-0.537134370494223,-0.14334359994211424
32,1550804400,155,114,0,269,8,-0.537134370494223,-1.1509324069084965
32,1550818800,191,151,0,342,8,-0.537134370494223,-1.0866369673031242
32,1550833200,768,2105,1337,2873,8,2.0008670549834133,1.1425651921653315
32,1550847600,743,1009,266,1752,8,-0.03219167851437911,0.15523385247187488
32,1550862000,1758,1454,0,3212,8,-0.537134370494223,1.4411426445793207
32,1550876400,729,622,0,1351,8,-0.537134370494223,-0.19795068563434826
32,1551495600,9247,9705,458,18952,9,0.569291789714149,4.059845702551043
32,1551510000,39,76,37,115,9,-0.5944776147783842,-0.434193424798877
32,1551524400,175,561,386,736,9,0.37026234286506965,-0.2860382887323961
32,1551538800,390,822,432,1212,9,0.4974200450186481,-0.17247654192459433
32,1551553200,508,838,330,1346,9,0.21546166198245242,-0.14050747874760813
32,1551567600,376,652,276,1028,9,0.06618957684564293,-0.21637436001836646
32,1551582000,157,136,0,293,9,-0.6967566360758278,-0.3917270572951192
32,1551596400,30,47,17,77,9,-0.6497635722364619,-0.4432592785356343
32,1551610800,138,327,189,465,9,-0.17430433809699458,-0.3506921403813757
32,1551625200,286,697,411,983,9,0.43936978968766666,-0.22711023944347375
32,1551639600,400,657,257,1057,9,0.013667917260469217,-0.20945568216663063
32,1551654000,222,234,12,456,9,-0.6635850616009813,-0.35283931626639714
32,1551668400,64,53,0,117,9,-0.6967566360758278,-0.4337162746022056
32,1551682800,129,152,23,281,9,-0.6331777849990385,-0.39458995847514783
32,1551697200,504,2078,1574,2582,9,3.6542482158748784,0.15437134279533934
32,1551711600,568,703,135,1271,9,-0.3235764232338041,-0.15840061112278697
32,1551726000,1650,1037,0,2687,9,-0.6967566360758278,0.17942172812058974
32,1551740400,780,391,0,1171,9,-0.6967566360758278,-0.18225812095635877
32,1551754800,103,61,0,164,10,-0.7762105383307355,-1.144931243986169
32,1551769200,188,151,0,339,10,-0.7762105383307355,-1.003170701516053
32,1551783600,651,2260,1609,2911,10,2.2396227264752184,1.0803042426733118
32,1551798000,693,780,87,1473,10,-0.613141865839674,-0.08456238630970005
32,1551812400,1662,1312,0,2974,10,-0.7762105383307355,1.1313380379625535
32,1551826800,1371,1824,453,3195,10,0.07287117015720551,1.3103613515962431
32,1551841200,149,55,0,204,10,-0.7762105383307355,-1.1125288342787139
32,1551855600,175,159,0,334,10,-0.7762105383307355,-1.0072210027294848
32,1551870000,820,2234,1414,3054,10,1.8741239777883563,1.1961428573774637
32,1551884400,753,1278,525,2031,10,0.20782455428773916,0.36745122910929895
32,1551898800,1814,1750,0,3564,10,-0.7762105383307355,1.6092735811475167
32,1551913200,822,682,0,1504,10,-0.7762105383307355,-0.059450518786422324
32,1551927600,132,144,12,276,10,-0.7537183076423132,-1.0542044968052946
32,1551942000,186,164,0,350,10,-0.7762105383307355,-0.9942600388465027
32,1551956400,792,2354,1562,3146,10,2.1515281562788977,1.2706683997046107
32,1551970800,693,1414,721,2107,10,0.5751976555319697,0.4290158075534637
32,1551985200,1768,2005,237,3773,10,-0.3319889822343955,1.7785761718689697
32,1551999600,818,998,180,1816,10,-0.4388270780044013,0.19328827693172765
32,1552014000,127,182,55,309,10,-0.6731211476754667,-1.027472508796644
32,1552028400,170,229,59,399,10,-0.6656237374459926,-0.9545670869548701
32,1552042800,719,2485,1766,3204,10,2.5338960779820767,1.3176518937804205
32,1552057200,729,1621,892,2350,10,0.8957119428419872,0.6258604465262536
32,1552071600,1724,2553,829,4277,10,0.7776277317277702,2.186846534182904
32,1552086000,746,1223,477,1969,10,0.11785563153405006,0.31722749406274353
32,1552100400,205,295,90,500,10,-0.6075188081675684,-0.872751002443546
32,1552114800,51,122,71,173,10,-0.6431315067575704,-1.1376407018019916
32,1552129200,177,830,653,1007,10,0.44774168163091016,-0.46205045940155226
32,1552143600,435,1798,1363,2233,10,1.7785319973625615,0.5310833981319474
32,1552158000,546,1495,949,2041,10,1.002550038611993,0.37555183153616273
32,1552172400,372,710,338,1082,10,-0.14267937394017466,-0.4012959412000739
32,1552190400,141,171,30,312,10,-0.7199799616096798,-1.025042328068585
32,1552204800,46,81,35,127,10,-0.7106081988228372,-1.174903472965565
32,1552219200,148,328,180,476,10,-0.4388270780044013,-0.892192448268019
32,1552233600,295,779,484,1074,10,0.1309760994356297,-0.4077764231415649
32,1552248000,348,580,232,928,10,-0.34136074502123814,-0.5260452185737762
32,1552262400,208,290,82,498,10,-0.6225136286265166,-0.8743711229289187
32,1552276800,59,43,0,102,10,-0.7762105383307355,-1.1951549790327245
32,1552291200,336,399,63,735,10,-0.6581263272165185,-0.6823868454122471
32,1552305600,659,2104,1445,2763,10,1.9322289070667806,0.9604153267557277
32,1552320000,763,849,86,1612,10,-0.6150162183970425,0.02803598742370652
32,1552334400,1831,1456,0,3287,10,-0.7762105383307355,1.3848868939233898
32,1552348800,516,360,0,876,11,-0.5849849568907238,-0.4532943464861608
32,1552363200,64,40,0,104,11,-0.5849849568907238,-1.166922304655306
32,1552377600,354,423,69,777,11,-0.44334546226898586,-0.544808812624432
32,1552392000,706,2260,1554,2966,11,2.6049827915466803,1.4786777164328981
32,1552406400,809,906,97,1715,11,-0.38586856590074436,0.3222676443220165
32,1552420800,1968,1493,0,3461,11,-0.5849849568907238,1.9362500471242543
32,1552435200,642,340,0,982,11,-0.5849849568907238,-0.355309160519931
32,1552449600,64,45,0,109,11,-0.5849849568907238,-1.16230036192105
32,1552464000,350,395,45,745,11,-0.4926113734417643,-0.5743892461236711
32,1552478400,703,2236,1533,2939,11,2.561875119270499,1.4537192256679152
32,1552492800,827,1051,224,1878,11,-0.12516978594479175,0.47294297745876607
32,1552507200,1893,1503,0,3396,11,-0.5849849568907238,1.8761647915789248
32,1552521600,665,366,0,1031,11,-0.5849849568907238,-0.310014121724221
32,1552536000,74,50,0,124,11,-0.5849849568907238,-1.1484345337182815
32,1552550400,379,388,9,767,11,-0.566510240200932,-0.5540526980929442
32,1552551822,40,157,117,197,11,-0.34481363992342895,-1.0809541697981422
32,1552564800,732,2204,1472,2936,11,2.436657595039687,1.4509460600273614
32,1552579200,817,925,108,1742,11,-0.3632883566132209,0.3472261350869995
32,1552593600,1661,1698,37,3359,11,-0.5090333438326904,1.8419624153454295
32,1552608000,603,395,0,998,11,-0.5849849568907238,-0.34051894377031144
32,1552622400,81,64,0,145,11,-0.5849849568907238,-1.1290223742344059
32,1552636800,327,356,29,683,11,-0.5254553142236166,-0.6317013360284471
32,1552651200,600,2097,1497,2697,11,2.4879762525113316,1.2300171973299188
32,1552665600,916,1078,162,1994,11,-0.2524400564744694,0.580172048893508
32,1552680000,1575,1512,0,3087,11,-0.5849849568907238,1.5905287306018963
32,1552694400,564,463,0,1027,11,-0.5849849568907238,-0.3137116759116259
32,1552708800,145,84,0,229,11,-0.5849849568907238,-1.051373736298903
32,1552723200,76,121,45,197,11,-0.4926113734417643,-1.0809541697981422
32,1552737600,246,614,368,860,11,0.1704256810918789,-0.4680845632357804
32,1552752000,462,1221,759,1683,11,0.9730494839483943,0.29268721082277727
32,1552766400,480,1148,668,1628,11,0.7862495707516094,0.24184584074595994
32,1552780800,347,519,172,866,11,-0.2319125934858117,-0.46253823195467303
32,1552795200,118,68,0,186,11,-0.5849849568907238,-1.0911224438135056
32,1552809600,72,70,0,142,11,-0.5849849568907238,-1.1317955398749595
32,1552824000,175,744,569,919,11,0.5830276871638983,-0.41354563897155816
32,1552838400,317,882,565,1199,11,0.5748167019684353,-0.15471684585321532
32,1552852800,366,750,384,1116,11,0.20326962187373118,-0.23144109524186693
32,1552867200,225,289,64,514,11,-0.4536091937633147,-0.787923000446304
32,1552881600,56,43,0,99,11,-0.5849849568907238,-1.171544247389562
32,1552896000,347,393,46,740,11,-0.49055862714289855,-0.5790111888579274
32,1552910400,628,2179,1551,2807,11,2.598824552650083,1.3316999374835534
32,1552924800,753,863,110,1616,11,-0.3591828640154893,0.23075317818374524
32,1552939200,1797,1421,0,3218,11,-0.5849849568907238,1.7116236302394068
32,1552953600,558,340,0,898,12,-0.6031340106635251,-0.4552739941298615
32,1552968000,74,53,0,127,12,-0.6031340106635251,-1.1810497277936816
32,1552982400,353,399,46,752,12,-0.5103145978387736,-0.5927101252776147
32,1552996800,721,2246,1525,2967,12,2.474031305809215,1.4923654260393262
32,1553011200,773,892,119,1665,12,-0.3630142253125375,0.2667363660778557
32,1553025600,1910,1516,0,3426,12,-0.6031340106635251,1.9244420301271257
32,1553040000,627,352,0,979,12,-0.6031340106635251,-0.37902518164377924
32,1553054400,75,55,0,130,12,-0.6031340106635251,-1.1782256977016043
32,1553068800,345,387,42,732,12,-0.5183858511278824,-0.6115369925581289
32,1553083200,711,2223,1512,2934,12,2.4477997326196115,1.4613010950264778
32,1553097600,786,997,211,1783,12,-0.1773753996630345,0.3778148830328891
32,1553112000,1855,1500,0,3355,12,-0.6031340106635251,1.8576066512813003
32,1553126400,653,350,0,1003,12,-0.6031340106635251,-0.35643294090716227
32,1553140800,93,61,0,154,12,-0.6031340106635251,-1.1556334569649875
32,1553155200,336,420,84,756,12,-0.43363769159223975,-0.5889447518215118
32,1553169600,680,2252,1572,2932,12,2.5688685319562437,1.4594184082984263
32,1553184000,763,963,200,1726,12,-0.19957134620808378,0.3241583112834238
32,1553198400,1832,1548,0,3380,12,-0.6031340106635251,1.881140235381943
32,1553212800,575,391,0,966,12,-0.6031340106635251,-0.39126264537611344
32,1553227200,70,52,0,122,12,-0.6031340106635251,-1.18575644461381
32,1553241600,353,385,32,738,12,-0.5385639843506544,-0.6058889323739746
32,1553256000,576,2149,1573,2725,12,2.570886345278521,1.264560331945105
32,1553270400,837,939,102,1776,12,-0.39731705179125004,0.3712254794847092
32,1553284800,1631,1358,0,2989,12,-0.6031340106635251,1.5130749800478918
32,1553299200,517,490,0,1007,12,-0.6031340106635251,-0.3526675674510594
32,1553313600,126,67,0,193,12,-0.6031340106635251,-1.118921065767985
32,1553328000,78,162,84,240,12,-0.43363769159223975,-1.0746779276587766
32,1553342400,195,688,493,883,12,0.3916479572191378,-0.4693941445902471
32,1553356800,421,1098,677,1519,12,0.7629256085181438,0.12930023493010248
32,1553371200,485,1245,760,1730,12,0.930404114267152,0.32792368473952666
32,1553385600,360,619,259,979,12,-0.08052036019372857,-0.37902518164377924
32,1553400000,118,86,0,204,12,-0.6031340106635251,-1.108566288763702
32,1553414400,44,77,33,121,12,-0.5365461710283773,-1.1866977879778358
32,1553428800,159,500,341,659,12,0.08494033223300237,-0.6802550581320055
32,1553443200,292,1022,730,1314,12,0.8698697145988358,-0.06367515469516744
32,1553457600,398,867,469,1265,12,0.34322043748448483,-0.10980097953242707
32,1553472000,264,347,83,611,12,-0.43565550491451693,-0.7254395396052394
32,1553486400,55,46,0,101,12,-0.6031340106635251,-1.2055246552583498
32,1553500800,339,399,60,738,12,-0.48206521132689273,-0.6058889323739746
32,1553515200,669,2135,1466,2804,12,2.3549803197948598,1.338926457703136
32,1553529600,740,821,81,1561,12,-0.43969113155907136,0.16883665621918217
32,1553544000,1729,1356,0,3085,12,-0.6031340106635251,1.6034439429943594
32,1553558400,553,359,0,912,13,-0.5594327385845157,-0.4112473533249465
32,1553572800,74,45,0,119,13,-0.5594327385845157,-1.136143889950811
32,1553587200,339,410,71,749,13,-0.41601615021449917,-0.560248785191297
32,1553601600,654,2354,1700,3008,13,2.874485574500386,1.5047465190178178
32,1553616000,802,889,87,1691,13,-0.3836969190325237,0.30085151430626217
32,1553630400,1853,1506,0,3359,13,-0.5594327385845157,1.8256023630981184
32,1553644800,630,389,0,1019,13,-0.5594327385845157,-0.31343659743721947
32,1553659200,76,55,0,131,13,-0.5594327385845157,-1.1251744593839632
32,1553673600,322,403,81,725,13,-0.3958166307257645,-0.5821876463249928
32,1553688000,703,2239,1536,2942,13,2.543213454885137,1.4444146509001543
32,1553702400,846,966,120,1812,13,-0.3170385047196991,0.41145993918864504
32,1553716800,1859,1617,0,3476,13,-0.5594327385845157,1.932554311124885
32,1553731200,600,360,0,960,13,-0.5594327385845157,-0.36736963105755494
32,1553745600,88,51,0,139,13,-0.5594327385845157,-1.1178615056727312
32,1553760000,348,423,75,771,13,-0.4079363424190053,-0.5401381624854091
32,1553774400,709,2190,1481,2899,13,2.432116097697096,1.4051075247022828
32,1553788800,824,910,86,1734,13,-0.3857168709813971,0.34015864050413375
32,1553803200,1882,1663,0,3545,13,-0.5594327385845157,1.9956285368842606
32,1553817600,660,434,0,1094,13,-0.5594327385845157,-0.2448776563944202
32,1553832000,100,51,0,151,13,-0.5594327385845157,-1.1068920751058833
32,1553846400,340,390,50,730,13,-0.4584351411408421,-0.5776170502554727
32,1553860800,603,2116,1513,2719,13,2.496754560061047,1.2405660661995646
32,1553875200,901,1050,149,1951,13,-0.2584598982023684,0.5385225099212997
32,1553889600,1660,1513,0,3173,13,-0.5594327385845157,1.6555761893119763
32,1553904000,544,518,0,1062,13,-0.5594327385845157,-0.2741294712393479
32,1553918400,143,127,0,270,13,-0.5594327385845157,-0.9981118886513084
32,1553932800,93,139,46,232,13,-0.466514948936336,-1.03284841877966
32,1553947200,243,672,429,915,13,0.30712664748220364,-0.4085049956832345
32,1553961600,439,1104,665,1543,13,0.7838353074163429,0.16556187064847158
32,1553976000,502,1211,709,1713,13,0.8727131931667756,0.32096213701215
32,1553990400,311,638,327,949,13,0.10109154869710954,-0.37742494241049884
32,1554004800,134,120,0,254,13,-0.5594327385845157,-1.0127377960737722
32,1554019200,54,79,25,133,13,-0.5089339398626789,-1.123346220956155
32,1554033600,170,453,283,623,13,0.012213662946676784,-0.6754278061431997
32,1554048000,276,762,486,1038,13,0.4222639085679915,-0.2960683323730437
32,1554062400,367,619,252,986,13,-0.050404847468400835,-0.3436025314960512
32,1554076800,241,265,24,506,13,-0.5109538918115524,-0.7823797541699666
32,1554091200,43,33,0,76,13,-0.5594327385845157,-1.1754510161486826
32,1554099132,50,61,11,111,13,-0.5372132671469075,-1.143456843662043
32,1554105600,343,364,21,707,13,-0.5170137476581728,-0.5986417921752646
32,1554120000,634,2182,1548,2816,13,2.5674528782716184,1.3292356299482515
32,1554134400,728,862,134,1590,13,-0.28875917743547047,0.20852547370195912
32,1554148800,1861,1367,0,3228,13,-0.5594327385845157,1.7058527460766957
32,1554163200,571,343,0,914,14,-0.6042617644544203,-0.4450089639202333
32,1554177600,84,37,0,121,14,-0.6042617644544203,-1.1755289264041557
32,1554192000,341,442,101,783,14,-0.38911921296847607,-0.565687545364614
32,1554206400,721,2289,1568,3010,14,2.7357730942580596,1.4858483391898567
32,1554220800,842,969,127,1811,14,-0.3337359818928865,0.38131689528289203
32,1554235200,1939,1559,0,3498,14,-0.6042617644544203,1.9353990853338088
32,1554249600,637,349,0,986,14,-0.6042617644544203,-0.3786818046530928
32,1554264000,84,49,0,133,14,-0.6042617644544203,-1.1644743998596323
32,1554278400,339,413,74,752,14,-0.44663256831620374,-0.5942450722712994
32,1554292800,669,2226,1557,2895,14,2.712341727264541,1.3799091264715073
32,1554307200,815,1057,242,1872,14,-0.08877169059700947,0.43751073855088607
32,1554321600,1948,1620,0,3568,14,-0.6042617644544203,1.9998838235101954
32,1554336000,671,366,0,1037,14,-0.6042617644544203,-0.3317000668388683
32,1554350400,104,54,0,158,14,-0.6042617644544203,-1.1414441362252086
32,1554364800,349,465,116,814,14,-0.35716734888640517,-0.5371300184579285
32,1554379200,737,1992,1255,2729,14,2.0690441970788465,1.2269881759389334
32,1554393600,868,981,113,1849,14,-0.36355772170281936,0.41632289600721617
32,1554408000,1938,1756,0,3694,14,-0.6042617644544203,2.115956352227691
32,1554422400,643,468,0,1111,14,-0.6042617644544203,-0.2635304864809739
32,1554436800,114,57,0,171,14,-0.6042617644544203,-1.1294683991353083
32,1554451200,330,415,85,745,14,-0.42320120132268507,-0.6006935460889381
32,1554465600,571,2099,1528,2670,14,2.650568123372537,1.1726367537616933
32,1554480000,883,990,107,1873,14,-0.37633846733564774,0.43843194909626304
32,1554494400,1720,1444,0,3164,14,-0.6042617644544203,1.6277147631779072
32,1554508800,505,496,0,1001,14,-0.6042617644544203,-0.3648636464724386
32,1554523200,129,83,0,212,14,-0.6042617644544203,-1.0916987667748532
32,1554537600,87,156,69,243,14,-0.4572831896768941,-1.0631412398681677
32,1554546881,140,442,302,582,14,0.0390357657312742,-0.7508508649853812
32,1554552000,285,529,244,814,14,-0.08451144205273335,-0.5371300184579285
32,1554566400,397,1060,663,1457,14,0.8080106279731143,0.05520836221945126
32,1554580800,516,1219,703,1735,14,0.8932155988586368,0.31130489383424376
32,1554595200,358,587,229,945,14,-0.11646330613480427,-0.4164514370135478
32,1554609600,127,124,0,251,14,-0.6042617644544203,-1.0557715555051521
32,1554624000,61,93,32,154,14,-0.5360977877460024,-1.1451289784067165
32,1554638400,180,485,305,665,14,0.045426138547688386,-0.6743903897190943
32,1554652800,305,970,665,1275,14,0.8122708765173904,-0.11245195703915388
32,1554667200,413,832,419,1245,14,0.28826030557142734,-0.14008827340046243
32,1554681600,249,334,85,583,14,-0.42320120132268507,-0.7499296544400043
32,1554696000,83,83,0,166,14,-0.6042617644544203,-1.134074451862193
32,1554710400,343,414,71,757,14,-0.45302294113261793,-0.5896390195444147
32,1554724800,668,2130,1462,2798,14,2.509979921411425,1.290551703569943
32,1554739200,758,834,76,1592,14,-0.44237231977192765,0.1795717858453397
32,1554753600,1796,1445,0,3241,14,-0.6042617644544203,1.6986479751719326
32,1554768000,576,354,0,930,15,-0.5926357800300797,-0.42744952968639577
32,1554782400,94,113,19,207,15,-0.5533192203642595,-1.0737377520587505
32,1554796800,400,445,45,845,15,-0.49951761240050563,-0.5034308559680696
32,1554811200,727,2298,1571,3025,15,2.6582229165490485,1.4452666886677996
32,1554825600,768,965,197,1733,15,-0.1849851350739445,0.2903505291863579
32,1554840000,1870,1785,0,3655,15,-0.5926357800300797,2.0084224011084406
32,1554854400,625,354,0,979,15,-0.5926357800300797,-0.38364852982990144
32,1554868800,76,41,0,117,15,-0.5926357800300797,-1.1541885681216992
32,1554883200,367,443,76,810,15,-0.4353695413667991,-0.5347172844369941
32,1554883346,4,3,0,7,15,-0.5926357800300797,-1.2525173433097476
32,1554897600,711,2191,1480,2902,15,2.46991728867591,1.3353172400484363
32,1554912000,851,989,138,1840,15,-0.307073399299386,0.38599761050564135
32,1554926400,1944,1654,0,3598,15,-0.5926357800300797,1.9574702176019065
32,1554940800,658,437,0,1095,15,-0.5926357800300797,-0.2799563669043231
32,1554955200,104,42,0,146,15,-0.5926357800300797,-1.1282655273903046
32,1554969600,360,405,45,765,15,-0.49951761240050563,-0.5749426924684684
32,1554984000,693,2278,1585,2971,15,2.687193013144916,1.3969961990300304
32,1554998400,849,902,53,1751,15,-0.48296327148858137,0.3064406923989476
32,1555012800,1941,1580,0,3521,15,-0.5926357800300797,1.8886400749702725
32,1555027200,682,395,0,1077,15,-0.5926357800300797,-0.29604653011691284
32,1555041600,121,51,0,172,15,-0.5926357800300797,-1.105024180527675
32,1555056000,338,401,63,739,15,-0.462270345348676,-0.5981840393310981
32,1555070400,624,2039,1415,2663,15,2.3354132687665254,1.1216756285034948
32,1555084800,1068,1084,16,2152,15,-0.5595270982062311,0.664893772857197
32,1555099200,1779,1570,0,3349,15,-0.5926357800300797,1.734889626494415
32,1555113600,497,433,0,930,15,-0.5926357800300797,-0.42744952968639577
32,1555128000,104,86,0,190,15,-0.5926357800300797,-1.0889340173150852
32,1555142400,71,181,110,252,15,-0.3650135924911209,-1.0335123440272762
32,1555156800,236,846,610,1082,15,0.669632714504146,-0.2915770403356379
32,1555171200,439,1077,638,1516,15,0.7275729076958809,0.09637467267902596
32,1555185600,486,1178,692,1664,15,0.8393147088513697,0.22867157020476386
32,1555200000,371,637,266,1008,15,-0.04220394470859768,-0.3577254890985069
32,1555214400,114,116,2,230,15,-0.5884971948020986,-1.0531780990648858
32,1555228800,55,100,45,155,15,-0.49951761240050563,-1.1202204457840097
32,1555243200,185,651,466,836,15,0.3716545780895091,-0.5114759375743644
32,1555257600,334,814,480,1148,15,0.40062467468537655,-0.23257977522280884
32,1555272000,394,829,435,1223,15,0.3075065070558025,-0.1655374285036849
32,1555286400,268,330,62,598,15,-0.4643396379626666,-0.7242236511630511
32,1555300800,62,47,0,109,15,-0.5926357800300797,-1.1613397517717392
32,1555315200,268,416,148,684,15,-0.2863804731594807,-0.6473484269251223
32,1555329600,685,2200,1515,2885,15,2.5423425301655787,1.3201209747921017
32,1555344000,764,907,143,1671,15,-0.29672693622943336,0.23492885589854876
32,1555358400,1864,1458,0,3322,15,-0.5926357800300797,1.7107543816755304
32,1555372800,552,322,0,874,16,-0.6461024720941418,-0.47276296249771615
32,1555387200,68,39,0,107,16,-0.6461024720941418,-1.188910149270096
32,1555401600,336,461,125,797,16,-0.38043533718701117,-0.5446577908959863
32,1555416000,660,2197,1537,2857,16,2.6205406187239375,1.3787622935252686
32,1555430400,855,952,97,1807,16,-0.43994477540620847,0.398378269912493
32,1555444800,2026,1702,0,3728,16,-0.6461024720941418,2.1920141835888187
32,1555459200,942,392,0,1334,16,-0.6461024720941418,-0.04326139024830971
32,1555473600,72,48,0,120,16,-0.6461024720941418,-1.1767720613586996
32,1555488000,358,416,58,774,16,-0.5228329214972333,-0.5661328695084566
32,1555502400,656,2229,1573,2885,16,2.697052753577191,1.404905867488276
32,1555516800,795,1135,340,1930,16,0.07651213485325364,0.5132232555357038
32,1555531200,1944,1745,0,3689,16,-0.6461024720941418,2.15559991985463
32,1555545600,604,461,0,1065,16,-0.6461024720941418,-0.2944264401072017
32,1555560000,92,49,0,141,16,-0.6461024720941418,-1.1571643808864442
32,1555574400,351,456,105,807,16,-0.4229420787721521,-0.5353208001949122
32,1555588800,678,2221,1543,2899,16,2.6332926411994797,1.4179776544697795
32,1555603200,792,1101,309,1893,16,0.010626685396285229,0.47867638994172984
32,1555617600,1825,1595,0,3420,16,-0.6461024720941418,1.9044348699957376
32,1555632000,579,574,0,1153,16,-0.6461024720941418,-0.21226092193775006
32,1555646400,98,58,0,156,16,-0.6461024720941418,-1.143158894834833
32,1555660800,300,321,21,621,16,-0.601470393429744,-0.7089888272348897
32,1555675200,424,1819,1395,2243,16,2.318742753469437,0.8054710644793217
32,1555689600,1064,1235,171,2299,16,-0.2826698315411871,0.8577582124053363
32,1555704000,1136,1436,300,2572,16,-0.008501348317028182,1.112658058544658
32,1555718400,451,552,101,1003,16,-0.43144342708918026,-0.35231578245386086
32,1555732800,101,75,0,176,16,-0.6461024720941418,-1.124484913432685
32,1555747200,70,118,48,188,16,-0.5440862922898037,-1.1132805245913961
32,1555761600,185,565,380,750,16,0.16152561802353546,-0.5885416471910344
32,1555776000,369,993,624,1362,16,0.6801078653622546,-0.01711781628530236
32,1555790400,461,1098,637,1559,16,0.7077372473925962,0.1668209005258565
32,1555804800,353,562,209,915,16,-0.20190702252941933,-0.4344813006233125
32,1555819200,91,98,7,189,16,-0.6312251125393425,-1.1123468255212887
32,1555833600,48,88,40,136,16,-0.56108898892386,-1.1618328762369812
32,1555848000,167,442,275,609,16,-0.061634775298454327,-0.7201932160761785
32,1555862400,294,876,582,1170,16,0.5908437080334588,-0.19638803774592417
32,1555876800,332,695,363,1027,16,0.1253948876761657,-0.3299070047712831
32,1555891200,247,361,114,608,16,-0.40381404505883867,-0.7211269151462859
32,1555905600,49,51,2,100,16,-0.6418517979356279,-1.1954460427608478
32,1555920000,313,413,100,726,16,-0.4335687641684373,-0.6109504248736121
32,1555934400,582,1992,1410,2574,16,2.3506228096582924,1.1145254566848728
32,1555948800,670,972,302,1642,16,-0.004250674158514091,0.24431792334477112
32,1555963200,1704,1365,0,3069,16,-0.6461024720941418,1.5767064963880384
32,1555977600,498,285,0,783,17,-0.6394894128569293,-0.566181832502049
32,1555992000,66,45,0,111,17,-0.6394894128569293,-1.1681315080596195
32,1556006400,353,415,62,768,17,-0.5075022041647738,-0.579618209188602
32,1556020800,664,2172,1508,2836,17,2.5707801146877576,1.2728102566641597
32,1556035200,721,1025,304,1746,17,0.007673674923962482,0.296433550774648
32,1556049600,1749,1706,0,3455,17,-0.6394894128569293,1.82728473459591
32,1556064000,616,395,0,1011,17,-0.6394894128569293,-0.36194890686644476
32,1556078400,83,37,0,120,17,-0.6394894128569293,-1.160069682047688
32,1556092800,333,393,60,726,17,-0.5117598560580691,-0.6172400639109501
32,1556107200,673,2209,1536,2882,17,2.6303872411938922,1.3140151451695887
32,1556121600,784,1190,406,1974,17,0.22481392148202486,0.5006664764102523
32,1556136000,1866,1734,0,3600,17,-0.6394894128569293,1.957169709232588
32,1556150400,609,455,0,1064,17,-0.6394894128569293,-0.31447370924062445
32,1556164800,85,42,0,127,17,-0.6394894128569293,-1.1537993729272964
32,1556179200,318,421,103,739,17,-0.4202203403522193,-0.6055952041159376
32,1556193600,678,2184,1506,2862,17,2.566522462794462,1.2960999762541847
32,1556208000,840,1034,194,1874,17,-0.22649717920728127,0.41109063183323286
32,1556222400,2123,1812,0,3935,17,-0.6394894128569293,2.257248788565603
32,1556236800,733,510,0,1243,17,-0.6394894128569293,-0.15413294744775968
32,1556251200,135,63,0,198,17,-0.6394894128569293,-1.0902005232776126
32,1556265600,375,409,34,784,17,-0.5671093306709085,-0.5652860740562788
32,1556280000,697,2084,1387,2781,17,2.313192175143389,1.223543542146799
32,1556294400,914,1049,135,1963,17,-0.3520979100594938,0.4908131335067802
32,1556308800,1805,1486,0,3291,17,-0.6394894128569293,1.6803803494895981
32,1556323200,556,459,0,1015,17,-0.6394894128569293,-0.358365873083364
32,1556337600,111,82,0,193,17,-0.6394894128569293,-1.0946793155064636
32,1556352000,107,159,52,266,17,-0.5287904636312505,-1.0292889489652395
32,1556366400,252,705,453,957,17,0.3248687409744654,-0.41031986293803524
32,1556380800,479,1010,531,1489,17,0.49091716481298364,0.0662236302117081
32,1556395200,501,1247,746,1748,17,0.9486147433422328,0.2982250676661884
32,1556409600,305,617,312,922,17,0.024704282497143844,-0.44167140853999204
32,1556424000,127,112,0,239,17,-0.6394894128569293,-1.0534744270010348
32,1556438400,49,104,55,153,17,-0.5224039857913074,-1.1305096533372714
32,1556452800,184,510,326,694,17,0.05450784575021123,-0.6459043341755963
32,1556467200,337,907,570,1244,17,0.5739413767322428,-0.1532371890019895
32,1556481600,361,803,442,1164,17,0.301451655561341,-0.22489786466360503
32,1556496000,233,289,56,522,17,-0.5202751598446598,-0.7999747868480698
32,1556510400,40,43,3,83,17,-0.6331029350169863,-1.193212744541185
32,1556524800,344,445,101,789,17,-0.4244779922455146,-0.5608072818274279
32,1556528388,117,520,403,637,17,0.21842744364208186,-0.6969625655844974
32,1556539200,614,2112,1498,2726,17,2.5494918552212806,1.1742768276294384
32,1556553600,760,894,134,1654,17,-0.35422673600614146,0.21402377376379014
32,1556568000,1911,1569,0,3480,17,-0.6394894128569293,1.8496786957401645
32,1556582400,520,396,0,916,18,-0.6239106416873456,-0.4384956232320659
32,1556596800,75,57,0,132,18,-0.6239106416873456,-1.1580243959327918
32,1556611200,332,418,86,750,18,-0.44189261101335375,-0.5908448276559441
32,1556625600,725,2235,1510,2960,18,2.5719873387513474,1.4374186770233983
32,1556640000,754,920,166,1674,18,-0.27257351271196606,0.2571712258841972
32,1556654400,1680,1594,0,3274,18,-0.6239106416873456,1.7255972926203726
32,1556668800,634,440,0,1074,18,-0.6239106416873456,-0.29348854914186856
32,1556683200,71,46,0,117,18,-0.6239106416873456,-1.1717908903084435
32,1556697600,340,399,59,739,18,-0.4990378066900721,-0.6009402568647553
32,1556712000,728,2288,1560,3016,18,2.677811775189715,1.4888135893591643
32,1556726400,824,1047,223,1871,18,-0.15193365517222734,0.4379711853510888
32,1556740800,1741,1620,0,3361,18,-0.6239106416873456,1.8054429599991522
32,1556755200,540,373,0,913,18,-0.6239106416873456,-0.44124892210719624
32,1556769600,86,44,0,130,18,-0.6239106416873456,-1.1598599285162121
32,1556784000,364,437,73,801,18,-0.46940696448732927,-0.5440387467787285
32,1556798400,694,2108,1414,2802,18,2.368804420789682,1.292411602933201
32,1556812800,811,1022,211,1833,18,-0.17733151991743548,0.40309606626610467
32,1556827200,1706,1765,59,3471,18,-0.4990378066900721,1.9063972520872643
32,1556841600,594,450,0,1044,18,-0.6239106416873456,-0.3210215378931719
32,1556856000,88,54,0,142,18,-0.6239106416873456,-1.1488467330156908
32,1556870400,328,381,53,709,18,-0.5117367390626761,-0.6284732456160586
32,1556884800,616,2189,1573,2805,18,2.7053261286636903,1.2951649018083313
32,1556899200,843,1130,287,1973,18,-0.016478376531117177,0.53158334710552
32,1556913600,1562,1490,0,3052,18,-0.6239106416873456,1.5218531758607283
32,1556928000,503,610,107,1113,18,-0.3974463477092395,-0.2576956637651743
32,1556942400,104,85,0,189,18,-0.6239106416873456,-1.1057117173053157
32,1556956800,64,161,97,225,18,-0.41861123499691294,-1.0726721308037517
32,1556971200,239,679,440,918,18,0.30734439897028676,-0.4366600906486457
32,1556985600,431,1027,596,1458,18,0.6375166406579927,0.05893370687481353
32,1557000000,518,1120,602,1638,18,0.6502155730305968,0.22413163938263328
32,1557014400,345,661,316,1006,18,0.04489979660313586,-0.35589665697815603
32,1557028800,132,108,0,240,18,-0.6239106416873456,-1.0589056364281
32,1557043200,49,88,39,137,18,-0.5413675812654191,-1.1534355644742413
32,1557057600,146,474,328,620,18,0.07029766134834402,-0.7101544455782584
32,1557072000,260,812,552,1072,18,0.5443911365922296,-0.2953240817252888
32,1557086400,373,727,354,1100,18,0.125326368296295,-0.26962662555740574
32,1557100800,190,191,1,381,18,-0.6217941529585782,-0.9295005892969745
32,1557115200,45,31,0,76,18,-0.6239106416873456,-1.209419308268558
32,1557129600,334,432,98,766,18,-0.4164947462681456,-0.5761605669885823
32,1557144000,706,2122,1416,2828,18,2.3730373982472166,1.3162735265176637
32,1557158400,779,940,161,1719,18,-0.2831559563558028,0.29847070901115214
32,1557172800,1880,1614,0,3494,18,-0.6239106416873456,1.927505876796597
32,1557187200,545,366,0,911,19,-0.5695800216222331,-0.28807658299508787
32,1557201600,68,69,1,137,19,-0.5674057062859942,-0.9988363924939261
32,1557216000,393,470,77,863,19,-0.4021577407318423,-0.33215471071594604
32,1557230400,680,2231,1551,2911,19,2.80278306488421,1.54851207204067
32,1557244800,773,938,165,1711,19,-0.21081799114282426,0.44655887901921526
32,1557259200,1776,1716,0,3492,19,-0.5695800216222331,2.0820410763285575
32,1557273600,558,428,0,986,19,-0.5695800216222331,-0.21920450843124692
32,1557288000,69,48,0,117,19,-0.5695800216222331,-1.0172022790442836
32,1557302400,373,439,66,812,19,-0.42607520943046956,-0.3789877214193578
32,1557316800,633,2284,1651,2917,19,3.020214598508094,1.554021838005777
32,1557331200,825,1041,216,1866,19,-0.09992790899464336,0.5888944997844865
32,1557345600,1818,1662,0,3480,19,-0.5695800216222331,2.0710215443983433
32,1557360000,634,382,0,1016,19,-0.5695800216222331,-0.19165567860571056
32,1557374400,79,55,0,134,19,-0.5695800216222331,-1.0015912754764797
32,1557388800,378,442,64,820,19,-0.4304238401029472,-0.37164136679921483
32,1557403200,721,2238,1517,2959,19,2.728856343452089,1.5925901997615282
32,1557417600,865,1072,207,1937,19,-0.11949674702079294,0.6540933970382559
32,1557432000,1817,1628,0,3445,19,-0.5695800216222331,2.038881242935217
32,1557446400,674,484,0,1158,19,-0.5695800216222331,-0.06125788409817177
32,1557460800,80,54,0,134,19,-0.5695800216222331,-1.0015912754764797
32,1557475200,320,405,85,725,19,-0.3847632180419316,-0.4588793279134133
32,1557489600,605,2059,1454,2664,19,2.5918744772690423,1.321693373143754
32,1557504000,903,1084,181,1987,19,-0.17602894576300282,0.7000081134141498
32,1557518400,1672,1509,0,3181,19,-0.5695800216222331,1.7964515404704973
32,1557532800,529,505,0,1034,19,-0.5695800216222331,-0.17512638071038875
32,1557547200,127,118,0,245,19,-0.5695800216222331,-0.8996606051219952
32,1557561600,76,167,91,243,19,-0.37171732602449853,-0.901497193777031
32,1557576000,239,671,432,910,19,0.36972420363294634,-0.2889948773226057
32,1557590400,435,1092,657,1527,19,0.8589451542866856,0.27759272275592556
32,1557604800,482,1344,862,1826,19,1.3046797982156482,0.5521627266837713
32,1557619200,324,629,305,953,19,0.0935861559306135,-0.24950822123933694
32,1557633600,102,100,0,202,19,-0.5695800216222331,-0.9391472612052639
32,1557648000,45,102,57,147,19,-0.4456440474566191,-0.9896534492187473
32,1557662400,128,404,276,532,19,0.030531011179687102,-0.6361101331243639
32,1557676800,221,628,407,849,19,0.3153663202269753,-0.3450108313011963
32,1557691200,278,565,287,843,19,0.05444847987831435,-0.35052059726630364
32,1557705600,197,223,26,420,19,-0.5130478228800232,-0.7389590978063664
32,1557720000,29,36,7,65,19,-0.5543598142685612,-1.0649535840752133
32,1557734400,337,408,71,745,19,-0.41520363274927535,-0.44051344136305576
32,1557735893,67,210,143,277,19,-0.25865292854007876,-0.870275186641423
32,1557735973,6,22,16,28,19,-0.5347909762424116,-1.098930474193375
32,1557736050,49,153,104,202,19,-0.34345122665339356,-0.9391472612052639
32,1557736131,2,9,7,11,19,-0.5543598142685612,-1.1145414777611788
32,1557736213,129,219,90,348,19,-0.3738916413607374,-0.8050762893876536
32,1557736294,7,20,13,27,19,-0.5413139222511282,-1.0998487685208929
32,1557748800,529,1900,1371,2429,19,2.4114063043612184,1.1058942061770523
32,1557763200,695,812,117,1507,19,-0.31518512728228865,0.25922683620556797
32,1557777600,1744,1309,0,3053,19,-0.5695800216222331,1.6789098665482087
32,1557792000,538,311,0,849,20,-0.5097728179772889,-0.021404641235483808
32,1557806400,59,38,0,97,20,-0.5097728179772889,-0.7494276804319642
32,1557820800,346,445,99,791,20,-0.2522855272642705,-0.07755535436499958
32,1557835200,713,2313,1600,3026,20,3.651637941020988,2.086183332608582
32,1557849600,792,983,191,1775,20,-0.013004408621869615,0.8750705373495439
32,1557864000,1966,1551,0,3517,20,-0.5097728179772889,2.5615281627222415
32,1557878400,623,342,0,965,20,-0.5097728179772889,0.09089678502354773
32,1557892800,63,35,0,98,20,-0.5097728179772889,-0.7484595646883518
32,1557907200,373,462,89,835,20,-0.27829434450800977,-0.03495826164605658
32,1557909054,78,344,266,422,20,0.1820617207061746,-0.43479006375795337
32,1557909135,7,17,10,24,20,-0.48376400073354964,-0.820100129715665
32,1557909236,59,226,167,285,20,-0.07542557000684376,-0.567421920632844
32,1557909316,6,22,16,28,20,-0.4681587103873061,-0.8162276667412156
32,1557909396,4,15,11,19,20,-0.48116311900917574,-0.8249407084337267
32,1557909479,183,355,172,538,20,-0.06242116138497415,-0.3224886374989218
32,1557909560,8,31,23,39,20,-0.44995253831668863,-0.8055783935614799
32,1557909640,10,19,9,29,20,-0.4863648824579236,-0.8152595509976033
32,1557921600,496,1896,1400,2392,20,3.1314615961462033,1.4723979511583583
32,1557936000,835,1137,302,1972,20,0.2756934627836358,1.065789338841175
32,1557950400,1866,1620,0,3486,20,-0.5097728179772889,2.531516574670259
32,1557964800,652,410,0,1062,20,-0.5097728179772889,0.1848040121539448
32,1557979200,95,58,0,153,20,-0.5097728179772889,-0.695213198789673
32,1557993600,350,433,83,783,20,-0.2938996348542533,-0.0853002803138983
32,1557995220,53,180,127,233,20,-0.17946083898180068,-0.6177639393006857
32,1557995300,3,3,0,6,20,-0.5097728179772889,-0.8375262131006872
32,1557995382,152,245,93,397,20,-0.26789081761051403,-0.4589929573482619
32,1557995463,7,22,15,29,20,-0.47075959211168006,-0.8152595509976033
32,1558008000,542,2192,1650,2734,20,3.781682027239684,1.8034935354737787
32,1558022400,852,1028,176,1880,20,-0.05201763448747846,0.9767226904288396
32,1558036800,1936,1741,0,3677,20,-0.5097728179772889,2.716426681700216
32,1558051200,773,523,0,1296,20,-0.5097728179772889,0.41134309615923254
32,1558065600,145,77,0,222,20,-0.5097728179772889,-0.6284132124804215
32,1558080000,324,395,71,719,20,-0.32511021554674036,-0.14725968790508812
32,1558083380,83,411,328,494,20,0.34331638761735783,-0.36508573021786483
32,1558083461,4,21,17,25,20,-0.4655578286629322,-0.8191320139720527
32,1558083543,245,589,344,834,20,0.3849304952073406,-0.03592637738966892
32,1558083623,5,27,22,32,20,-0.4525534200410626,-0.8123552037667663
32,1558094400,522,2037,1515,2559,20,3.4305629944492044,1.6340732803416191
32,1558108800,904,1080,176,1984,20,-0.05201763448747846,1.0774067277645232
32,1558123200,1542,1473,0,3015,20,-0.5097728179772889,2.0755340594288465
32,1558137600,513,562,49,1075,20,-0.3823296134829667,0.19738951682090522
32,1558152000,103,95,0,198,20,-0.5097728179772889,-0.6516479903271177
32,1558166400,104,145,41,249,20,-0.40313666727795805,-0.6022740874028883
32,1558180800,230,617,387,847,20,0.49676840935541927,-0.02334087272270849
32,1558195200,422,1069,647,1491,20,1.1729976576926393,0.600125666163639
32,1558209600,527,1170,643,1697,20,1.1625941307951435,0.7995575093477812
32,1558224000,393,664,271,1057,20,0.1950661293280442,0.17996343343588309
32,1558238400,104,115,11,219,20,-0.48116311900917574,-0.6313175597112586
32,1558252800,54,95,41,149,20,-0.40313666727795805,-0.6990856617641225
32,1558267200,176,497,321,673,20,0.32511021554674036,-0.1917930121112558
32,1558281600,326,913,587,1239,20,1.016944754230204,0.3561604987733291
32,1558287663,105,358,253,463,20,0.1482502582893136,-0.3950973182698474
32,1558287743,3,15,12,18,20,-0.4785622372848018,-0.825908824177339
32,1558287817,2,3,1,5,20,-0.507171936252915,-0.8384943288442995
32,1558287903,4,3,0,7,20,-0.5097728179772889,-0.8365580973570749
32,1558287982,3,3,0,6,20,-0.5097728179772889,-0.8375262131006872
32,1558288063,5,7,2,12,20,-0.504571054528541,-0.8317175186390131
32,1558288143,2,6,4,8,20,-0.4993692910797932,-0.8355899816134624
32,1558288209,3,1,0,4,20,-0.5097728179772889,-0.8394624445879119
32,1558288282,221,181,0,402,20,-0.5097728179772889,-0.4541523786302002
32,1558288372,6,22,16,28,20,-0.4681587103873061,-0.8162276667412156
32,1558288453,2,6,4,8,20,-0.4993692910797932,-0.8355899816134624
32,1558288533,6,2,0,8,20,-0.5097728179772889,-0.8355899816134624
32,1558288622,3,11,8,14,20,-0.4889657641822975,-0.8297812871517884
32,1558288703,1,5,4,6,20,-0.4993692910797932,-0.8375262131006872
32,1558290741,46,115,69,161,20,-0.3303119789954882,-0.6874682728407743
32,1558296000,393,602,209,995,20,0.033811462416861,0.11994025733191796
32,1558310400,249,400,151,649,20,-0.11703967759682653,-0.215027789957952
32,1558324800,57,44,0,101,20,-0.5097728179772889,-0.7455552174575147
32,1558339200,332,403,71,735,20,-0.32511021554674036,-0.13176983600729067
32,1558353600,765,2094,1329,2859,20,2.9467989937156545,1.9245080034253212
32,1558368000,717,922,205,1639,20,0.023407935519365305,0.7434067962182654
32,1558382400,1812,1436,0,3248,20,-0.5097728179772889,2.3011050276905216
32,1558396800,567,419,0,986,21,-0.6762393025593687,-0.1113092630821131
32,1558411200,77,71,0,148,21,-0.6762393025593687,-0.9426565221089468
32,1558425600,387,418,31,805,21,-0.5955549119068383,-0.29087233454256284
32,1558428467,76,380,304,456,21,0.1149882702912513,-0.6371016822756953
32,1558428548,3,31,28,34,21,-0.6033630787441799,-1.0557514952939815
32,1558428630,231,533,302,764,21,0.10978282573302353,-0.33154684244244376
32,1558428711,9,30,21,39,21,-0.6215821346979772,-1.0507911894525326
32,1558440000,545,2205,1660,2750,21,3.644279680769675,1.6386866377810547
32,1558454400,778,1019,241,1797,21,-0.04898323329292323,0.6932523444008966
32,1558468800,1901,1800,0,3701,21,-0.6762393025593687,2.5821368088246337
32,1558483200,614,420,0,1034,21,-0.6762393025593687,-0.06369032700420377
32,1558497600,79,51,0,130,21,-0.6762393025593687,-0.9605136231381628
32,1558512000,364,448,84,812,21,-0.4576106311138026,-0.2839279063645344
32,1558526400,677,2184,1507,2861,21,3.246063172065251,1.7488054274612201
32,1558540800,803,1185,382,1988,21,0.31800060806213404,0.8827360275442442
32,1558555200,1843,1837,0,3680,21,-0.6762393025593687,2.5613035242905484
32,1558569600,633,450,0,1083,21,-0.6762393025593687,-0.015079329758004667
32,1558584000,93,57,0,150,21,-0.6762393025593687,-0.9406723997723673
32,1558598400,300,428,128,728,21,-0.34309085083279184,-0.36726104450087577
32,1558598893,16,60,44,76,21,-0.5617195222783579,-1.0140849262258107
32,1558599559,27,86,59,113,21,-0.5226786880916496,-0.977378662999089
32,1558612800,643,2030,1387,2673,21,2.933736498571585,1.5622979278227418
32,1558627200,829,968,139,1797,21,-0.31446090576253916,0.6932523444008966
32,1558641600,1838,1630,0,3468,21,-0.6762393025593687,2.3509865566131154
32,1558656000,612,487,0,1099,21,-0.6762393025593687,0.000793648934631777
32,1558670400,93,47,0,140,21,-0.6762393025593687,-0.950593011455265
32,1558684800,347,373,26,720,21,-0.6085685233024077,-0.37519753384719395
32,1558687178,97,354,257,451,21,-0.007339676827101128,-0.6420619881171442
32,1558699200,453,1469,1016,1922,21,1.968126533020335,0.8172599904371188
32,1558713600,1150,1290,140,2440,21,-0.31185818348342526,1.3311476756112237
32,1558728000,1201,1570,369,2771,21,0.2841652184336536,1.65951992231514
32,1558742400,484,631,147,1115,21,-0.29363912752962806,0.01666662762726822
32,1558756800,117,86,0,203,21,-0.6762393025593687,-0.888093157853009
32,1558771200,70,164,94,234,21,-0.4315834083226638,-0.8573392616360259
32,1558785600,220,537,317,757,21,0.14882365991973176,-0.3384912706204722
32,1558800000,375,969,594,1344,21,0.8697777312342769,0.2438486351656273
32,1558814400,442,979,537,1421,21,0.7214225613247857,0.3202373451239402
32,1558828800,333,547,214,880,21,-0.11925673482899803,-0.21646774692082954
32,1558843200,95,94,0,189,21,-0.6762393025593687,-0.9019820142090659
32,1558855196,33,67,34,100,21,-0.5877467450694966,-0.9902754581868561
32,1558857600,42,92,50,134,21,-0.5461031886036746,-0.9565453784650036
32,1558872000,195,455,260,650,21,0.0004684900102405164,-0.4446418156274784
32,1558886400,316,879,563,1195,21,0.7890933405817466,0.09603152109045043
32,1558900800,305,798,493,1103,21,0.6069027810437749,0.004761893607790888
32,1558915200,249,391,142,640,21,-0.3066527389251975,-0.45456242731037616
32,1558929600,54,72,18,126,21,-0.6293903015353188,-0.964481867811322
32,1558944000,62,122,60,184,21,-0.5200759658125358,-0.9069423200505148
32,1558958400,170,478,308,648,21,0.12539915940770682,-0.446625937964058
32,1558972800,287,873,586,1160,21,0.8489559530013658,0.06130938020030822
32,1558987200,381,830,449,1211,21,0.4923830007627641,0.11190449978308688
32,1559001600,306,345,39,651,22,-0.4962136749624139,-0.5591926707572659
32,1559016000,288,217,0,505,22,-0.5776757463058884,-0.6923138826829035
32,1559030400,384,413,29,797,22,-0.5171013855633048,-0.42607145883162834
32,1559044800,582,2151,1569,2733,22,2.6996060469738903,1.339152282867237
32,1559059200,714,2041,1327,2755,22,2.1941234504323313,1.3592116435683606
32,1559073600,1904,1628,0,3532,22,-0.5776757463058884,2.06767179196713
32,1559088000,551,389,0,940,22,-0.5776757463058884,-0.29568561427432577
32,1559102400,70,45,0,115,22,-0.5776757463058884,-1.047911640566456
32,1559116800,365,496,131,861,22,-0.30404673743421784,-0.36771695497381457
32,1559131200,722,2244,1522,2966,22,2.601433807149703,1.5515991484745901
32,1559145600,811,1102,291,1913,22,0.030156632180036204,0.5914852021889986
32,1559160000,1745,1638,0,3383,22,-0.5776757463058884,1.9318152126731576
32,1559174400,583,373,0,956,22,-0.5776757463058884,-0.28109698830987234
32,1559188800,75,58,0,133,22,-0.5776757463058884,-1.0314994363564458
32,1559203200,381,435,54,816,22,-0.4648821090610776,-0.4087474654988399
32,1559217600,669,2140,1471,2809,22,2.4949064830851597,1.4084482561983909
32,1559232000,795,1057,262,1852,22,-0.03041772856254734,0.5358660656995199
32,1559246400,1786,1655,0,3441,22,-0.5776757463058884,1.9846989817943013
32,1559260800,648,318,0,966,22,-0.5776757463058884,-0.27197909708208895
32,1559275200,85,53,0,138,22,-0.5776757463058884,-1.0269404907425541
32,1559289600,329,427,98,756,22,-0.37297618241715774,-0.46345481286554024
32,1559304000,629,2048,1419,2677,22,2.386290387960527,1.28809209199165
32,1559318400,986,966,0,1952,22,-0.5776757463058884,0.6270449779773538
32,1559332800,1547,1397,0,2944,22,-0.5776757463058884,1.5315397877734667
32,1559347200,532,592,60,1124,22,-0.4523494827005431,-0.1279164156831113
32,1559361600,123,100,0,223,22,-0.5776757463058884,-0.9494384153063952
32,1559376000,77,137,60,214,22,-0.4523494827005431,-0.9576445174114002
32,1559390400,226,536,310,762,22,0.06984328232172887,-0.4579840781288702
32,1559404800,402,929,527,1331,22,0.5231066023610609,0.060823932732004996
32,1559419200,478,984,506,1462,22,0.47924241009919005,0.18026830781596748
32,1559433600,305,623,318,928,22,0.08655345080244158,-0.30662708374766584
32,1559448000,112,119,7,231,22,-0.5630543488852647,-0.9421441023241685
32,1559462400,48,92,44,140,22,-0.48576981966196847,-1.0251169124969974
32,1559476800,184,431,247,615,22,-0.06174929446388366,-0.5920170791772861
32,1559491200,300,835,535,1135,22,0.5398167708417736,-0.11788673533254955
32,1559505600,383,670,287,1053,22,0.021801547939679852,-0.1926534434003734
32,1559520000,226,383,157,609,22,-0.24973868987190156,-0.5974878139139561
32,1559534400,59,45,0,104,22,-0.5776757463058884,-1.0579413209170176
32,1559548444,352,341,0,693,22,-0.5776757463058884,-0.5208975276005756
32,1559548524,8,1,0,9,22,-0.5776757463058884,-1.1445612875809599
32,1559548606,237,346,109,583,22,-0.34999970075617776,-0.6211943311061929
32,1559548686,4,14,10,18,22,-0.5567880357049975,-1.1363551854759548
32,1559548768,327,424,97,751,22,-0.37506495347724683,-0.46801375847943194
32,1559548800,15,67,52,82,22,-0.46905965118125575,-1.078000681618141
32,1559548849,0,0,0,0,22,-0.5776757463058884,-1.152767389685965
32,1559563200,613,2204,1591,2817,22,2.7455590102958505,1.4157425691806176
32,1559577600,826,972,146,1798,22,-0.27271517153288155,0.48662945306948957
32,1559592000,1864,1549,0,3413,22,-0.5776757463058884,1.9591688863565078
32,1559606400,544,382,0,926,23,-0.6378044192010808,-0.44489218256595264
32,1559620800,85,43,0,128,23,-0.6378044192010808,-1.1723309680690548
32,1559635200,338,479,141,817,23,-0.32799764195255066,-0.5442541219391834
32,1559649600,716,2171,1455,2887,23,2.559137856661411,1.342711148726758
32,1559664000,802,1021,219,1823,23,-0.1566151694320872,0.3727927680559553
32,1559678400,1916,1718,0,3634,23,-0.6378044192010808,2.0236594855322934
32,1559692800,625,442,0,1067,23,-0.6378044192010808,-0.31635976557856244
32,1559707200,86,50,0,136,23,-0.6378044192010808,-1.165038348665515
32,1559721600,375,451,76,826,23,-0.4708163690529369,-0.536049925110201
32,1559736000,668,2239,1571,2907,23,2.814014354255946,1.3609426972356078
32,1559750400,830,1186,356,2016,23,0.14440276307180375,0.5487272111663547
32,1559764800,1933,1659,0,3592,23,-0.6378044192010808,1.985373233663709
32,1559779200,620,381,0,1001,23,-0.6378044192010808,-0.37652387565776635
32,1559793600,111,47,0,158,23,-0.6378044192010808,-1.1449836453057802
32,1559808000,367,484,117,851,23,-0.3807307104203856,-0.5132604894741389
32,1559808678,30,51,21,81,23,-0.5916629842917253,-1.2151751070648515
32,1559822400,712,2145,1433,2857,23,2.5107992105658954,1.3153638259634834
32,1559836800,849,1094,245,1943,23,-0.09948767859193271,0.4821820591090534
32,1559851200,1992,1868,0,3860,23,-0.6378044192010808,2.2296759836822946
32,1559865600,695,496,0,1191,23,-0.6378044192010808,-0.20332416482369445
32,1559880000,103,48,0,151,23,-0.6378044192010808,-1.1513646872838776
32,1559894400,361,452,91,813,23,-0.4378582012605401,-0.5479004316409534
32,1559908800,591,2032,1441,2623,23,2.5283769000551737,1.1020547084099424
32,1559923200,1064,1089,25,2153,23,-0.5828741395470861,0.6736133184519749
32,1559937600,1540,1559,19,3099,23,-0.5960574066640448,1.5359655629205646
32,1559952000,550,664,114,1214,23,-0.38732234397886495,-0.18235788403851733
32,1559966400,143,114,0,257,23,-0.6378044192010808,-1.0547374801869742
32,1559980800,101,163,62,264,23,-0.5015773256591739,-1.048356438208877
32,1559995200,259,584,325,843,23,0.07628921630085032,-0.5205531088776788
32,1560009600,454,1062,608,1516,23,0.6980999819840703,0.09293849844511277
32,1560024000,532,1097,565,1629,23,0.6036199009791995,0.19594674752011343
32,1560038400,361,719,358,1080,23,0.14879718544412332,-0.3045092590478102
32,1560052800,126,143,17,269,23,-0.6004518290363644,-1.0437985510816645
32,1560067200,68,118,50,186,23,-0.5279438598930913,-1.1194594773933906
32,1560081600,188,542,354,730,23,0.14000834069948417,-0.6235613579526795
32,1560096000,292,939,647,1231,23,0.7837912182443021,-0.1668610678059951
32,1560110400,399,716,317,1115,23,0.058711526811572025,-0.2726040491573232
32,1560124800,237,467,230,704,23,-0.13244584638432955,-0.647262371014184
32,1560139200,59,62,3,121,23,-0.6312127856426014,-1.1787120100471522
32,1560153600,349,428,79,777,23,-0.46422473549445753,-0.5807172189568828
32,1560168000,616,1977,1361,2593,23,2.3526000051623908,1.0747073856466678
32,1560182400,680,862,182,1542,23,-0.23791198331999935,0.11663951150661735
32,1560196800,1781,1412,0,3193,23,-0.6378044192010808,1.6216538409121581
32,1560211200,483,345,0,828,24,-0.5975833559650082,-0.6867727563408592
32,1560225600,73,51,0,124,24,-0.5975833559650082,-1.258193663294043
32,1560240000,354,456,102,810,24,-0.43735779130833025,-0.7013829499845485
32,1560254400,725,2203,1478,2928,24,1.7241164926876393,1.017749835422899
32,1560268800,785,924,139,1709,24,-0.3792367531485549,0.028315054775269827
32,1560283200,1911,1723,0,3634,24,-0.5975833559650082,1.5907940972253816
32,1560297600,640,467,0,1107,24,-0.5975833559650082,-0.4603147548636742
32,1560312000,85,52,0,137,24,-0.5975833559650082,-1.2476418567736005
32,1560326400,361,446,85,807,24,-0.46406205208444323,-0.7038179822584968
32,1560333169,196,1043,847,1239,24,0.7329171662330922,-0.3531733348099523
32,1560340800,669,2280,1611,2949,24,1.9330380622889938,1.0347950613405366
32,1560340978,9,14,5,23,24,-0.5897291616190926,-1.3401730831836332
32,1560355200,867,1163,296,2030,24,-0.13261505068680546,0.28886350808773004
32,1560369600,1987,1725,0,3712,24,-0.5975833559650082,1.6541049363480353
32,1560384000,626,468,0,1094,24,-0.5975833559650082,-0.47086656138411653
32,1560398400,78,54,0,132,24,-0.5975833559650082,-1.2517002438968476
32,1560412800,336,448,112,784,24,-0.4216494026164991,-0.7224865630254332
32,1560427200,458,2222,1764,2680,24,2.173376409274011,0.8164538341098456
32,1560441600,865,2709,1844,3574,24,2.29904351880866,1.542093451746417
32,1560456000,1757,1762,5,3519,24,-0.5897291616190926,1.4974511933906995
32,1560470400,572,458,0,1030,24,-0.5975833559650082,-0.5228139165616786
32,1560484800,112,66,0,178,24,-0.5975833559650082,-1.214363082362975
32,1560499200,348,407,59,755,24,-0.5049038626832043,-0.7460252083402661
32,1560513600,570,2035,1465,2605,24,1.7036955873882587,0.75557802726114
32,1560528000,1027,1080,53,2107,24,-0.514328895898303,0.3513626697857345
32,1560542400,1503,1529,26,3032,24,-0.5567415453662471,1.1021642875864375
32,1561161600,9901,8336,0,18237,25,-0.7905350825581229,4.0250254785488035
32,1561176000,140,130,0,270,25,-0.7905350825581229,-0.43530898181363226
32,1561190400,75,159,84,234,25,-0.5516206222687201,-0.444246035332475
32,1561204800,249,533,284,782,25,0.01722333080128627,-0.30820422065675757
32,1561219200,418,1066,648,1484,25,1.052519325388698,-0.133931677039324
32,1561233600,478,1068,590,1546,25,0.8875545789983961,-0.11854008486798369
32,1561248000,297,584,287,881,25,0.025755990097336364,-0.28362732347994
32,1561262400,104,112,8,216,25,-0.7677813244353225,-0.44871456209189636
32,1561276800,77,102,25,179,25,-0.719429588424372,-0.4578998670973736
32,1561291200,198,441,243,639,25,-0.09938967957806505,-0.34370418324549407
32,1561305600,322,857,535,1179,25,0.7311224919041444,-0.20964838046285283
32,1561320000,360,767,407,1127,25,0.3670623619393402,-0.2225574577678479
32,1561334400,244,492,248,736,25,-0.08516858075131488,-0.31962378904194555
32,1561348800,66,76,10,142,25,-0.7620928849046226,-0.4670851721028509
32,1561363200,376,447,71,823,25,-0.5885954792182706,-0.29802590970474224
32,1561377600,651,2095,1444,2746,25,3.316518258607324,0.1793616990934413
32,1561392000,791,910,119,1701,25,-0.452072930481469,-0.08006110443963296
32,1561406400,1906,1595,0,3501,25,-0.7905350825581229,0.3667915715025045
32,1561420800,531,424,0,955,26,-0.6559748011445177,-0.41998407813349103
32,1561435200,70,72,2,142,26,-0.6515594896483637,-1.185716516614186
32,1561449600,256,403,147,659,26,-0.33144940617719776,-0.6987747322420835
32,1561464000,641,2094,1453,2735,26,2.551749000811373,1.2565272877898022
32,1561469012,176,284,108,460,26,-0.41754798035220103,-0.886204935511036
32,1561478400,732,1073,341,1805,26,0.09683580894974143,0.38059719211077814
32,1561492800,1793,1848,55,3641,26,-0.5345537350002824,2.1098527358383996
32,1561507200,652,494,0,1146,26,-0.6559748011445177,-0.24008875740801405
32,1561521600,84,67,0,151,26,-0.6559748011445177,-1.1772397737527762
32,1561536000,358,495,137,853,26,-0.35352596365796785,-0.5160538305628033
32,1561550400,637,2087,1450,2724,26,2.5451260335671417,1.2461668242925232
32,1561564800,834,1116,282,1950,26,-0.03341588018680194,0.5171669382112711
32,1561579200,1984,1739,0,3723,26,-0.6559748011445177,2.187085281909023
32,1561593600,629,438,0,1067,26,-0.6559748011445177,-0.3144957225248344
32,1561608000,101,78,0,179,26,-0.6559748011445177,-1.150867684850612
32,1561622400,376,477,101,853,26,-0.43300157058874006,-0.5160538305628033
32,1561636800,682,2313,1631,2995,26,2.9447117239690797,1.501410970452755
32,1561651200,840,1104,264,1944,26,-0.07315368365218805,0.5115157763036645
32,1561665600,1935,1784,0,3719,26,-0.6559748011445177,2.1833178406372853
32,1561680000,707,501,0,1208,26,-0.6559748011445177,-0.18169341769607913
32,1561694400,107,67,0,174,26,-0.6559748011445177,-1.1555769864402843
32,1561708447,309,372,63,681,26,-0.5168924890156663,-0.678053805247526
32,1561708800,277,367,90,644,26,-0.45728578381758717,-0.7129026370111001
32,1561723200,531,1853,1322,2384,26,2.262546097813285,0.9259343161948156
32,1561737600,1087,998,0,2085,26,-0.6559748011445177,0.6443180811324197
32,1561752000,1471,1453,0,2924,26,-0.6559748011445177,1.43453888787941
32,1561766400,515,671,156,1186,26,-0.31158050444450475,-0.20241434469063668
32,1561780800,141,116,0,257,26,-0.6559748011445177,-1.0774025800517262
32,1561795200,100,161,61,261,26,-0.5213078005118204,-1.0736351387799885
32,1561809600,227,586,359,813,26,0.13657361241512755,-0.5537282432801807
32,1561824000,449,932,483,1381,26,0.41032292517667635,-0.018751582693421996
32,1561838400,463,1015,552,1478,26,0.5626511717939897,0.07260886814621813
32,1561852800,321,596,275,917,26,-0.04886947042334098,-0.4557747702149995
32,1561867200,133,163,30,296,26,-0.5897451287022075,-1.0406700276522833
32,1561881600,63,108,45,171,26,-0.5566302924810524,-1.1584025673940874
32,1561896000,245,557,312,802,26,0.032813792255508255,-0.5640887067774595
32,1561910400,359,923,564,1282,26,0.5891430407709138,-0.111995754168931
32,1561924800,405,1026,621,1431,26,0.7149794184113032,0.028341433203299717
32,1561939200,290,672,382,962,26,0.1873496946208987,-0.41339105590795
32,1561953600,89,109,20,198,26,-0.6118216861829776,-1.1329723388098578
32,1561968000,354,425,71,779,26,-0.49923124303105026,-0.5857514940899514
32,1561982400,551,2025,1474,2576,26,2.5981097715209898,1.106771497238227
32,1561996800,753,976,223,1729,26,-0.1636675693233453,0.3090158079477611
32,1562011200,1798,1522,0,3320,26,-0.6559748011445177,1.8075155737814461
32,1562025600,574,509,0,1083,27,-0.6329544961489453,0.34648208373372863
32,1562040000,79,47,0,126,27,-0.6329544961489453,-0.7417914888059335
32,1562054400,376,387,11,763,27,-0.5987144496383523,-0.017412945746618155
32,1562068800,688,2129,1441,2817,27,3.8524915967387394,2.318338274730358
32,1562083200,821,1021,200,1842,27,-0.010408195956345035,1.209595606782426
32,1562097600,1828,1546,0,3374,27,-0.6329544961489453,2.9517430604195862
32,1562112000,539,514,0,1053,27,-0.6329544961489453,0.3123669247199461
32,1562126400,92,61,0,153,27,-0.6329544961489453,-0.7110878456935292
32,1562140800,317,432,115,749,27,-0.27499037353820016,-0.03333335328638333
32,1562155200,506,1822,1316,2328,27,3.4634001591183643,1.7622611828057029
32,1562169600,1085,1247,162,2332,27,-0.12869199299293907,1.7668098706742073
32,1562184000,1361,1411,50,2772,27,-0.47731792110079524,2.267165536209684
32,1562198400,490,702,212,1192,27,0.02694458205521098,0.47043382815047174
32,1562212800,118,88,0,206,27,-0.6329544961489453,-0.6508177314358468
32,1562227200,61,116,55,177,27,-0.4617542635959802,-0.6837957184825032
32,1562230104,20,65,45,85,27,-0.4928815786056102,-0.7884155394581029
32,1562230183,1,2,1,3,27,-0.6298417646479822,-0.8816636407624417
32,1562230280,18,29,11,47,27,-0.5987144496383523,-0.8316280742088941
32,1562230360,0,4,4,4,27,-0.6205035701450933,-0.8805264687953157
32,1562230441,0,1,1,1,27,-0.6298417646479822,-0.8839379846966939
32,1562230522,22,71,49,93,27,-0.4804306526017582,-0.7793181637210942
32,1562230603,2,2,0,4,27,-0.6329544961489453,-0.8805264687953157
32,1562230684,2,1,0,3,27,-0.6329544961489453,-0.8816636407624417
32,1562241600,192,412,220,604,27,0.05184643406291499,-0.19822328851966547
32,1562256000,270,801,531,1071,27,1.0199059308624083,0.3328360201282156
32,1562270400,312,726,414,1038,27,0.6557163452497372,0.29530934521305485
32,1562284800,251,767,516,1018,27,0.9732149583479633,0.2725659058705332
32,1562299200,96,100,4,196,27,-0.6205035701450933,-0.6621894511071076
32,1562313600,175,225,50,400,27,-0.47731792110079524,-0.43020636981338656
32,1562315317,41,96,55,137,27,-0.4617542635959802,-0.7292825971675465
32,1562315398,1,12,11,13,27,-0.5987144496383523,-0.8702919210911809
32,1562315536,33,88,55,121,27,-0.4617542635959802,-0.7474773486415639
32,1562315617,3,7,4,10,27,-0.6205035701450933,-0.8737034369925591
32,1562315697,2,2,0,4,27,-0.6329544961489453,-0.8805264687953157
32,1562315780,44,105,61,149,27,-0.4430778745902022,-0.7156365335620335
32,1562315861,1,4,3,5,27,-0.6236163016460563,-0.8793892968281896
32,1562315941,2,6,4,8,27,-0.6205035701450933,-0.8759777809268113
32,1562328000,298,826,528,1124,27,1.0105677363595194,0.39310613438589803
32,1562342400,638,1014,376,1652,27,0.5374325482131431,0.9935329330284702
32,1562356800,798,1385,587,2183,27,1.1942188949163364,1.5973712475724207
32,1562371200,371,764,393,1135,27,0.5903489837295142,0.40561502602428495
32,1562385600,107,82,0,189,27,-0.6329544961489453,-0.6701496548769902
32,1562400000,74,148,74,222,27,-0.40261236507768317,-0.6326229799618295
32,1562414400,210,498,288,708,27,0.26351217612839906,-0.07995740393855276
32,1562428800,343,955,612,1298,27,1.2720371824404115,0.5909740566658366
32,1562443200,385,1195,810,1580,27,1.8883580196310856,0.9116565513953923
32,1562457600,300,540,240,840,27,0.11410106408217502,0.07014929572209029
32,1562472000,96,92,0,188,27,-0.6329544961489453,-0.6712868268441162
32,1562486400,43,76,33,119,27,-0.5302343566171662,-0.7497516925758161
32,1562500800,208,471,263,679,27,0.18569388860432404,-0.11293539098520919
32,1562515200,297,801,504,1098,27,0.9358621803364073,0.36353966324061987
32,1562529600,328,801,473,1129,27,0.8393675038065543,0.3987919942215285
32,1562544000,268,424,156,692,27,-0.1473683819987171,-0.0981521554125701
32,1562558400,54,54,0,108,27,-0.6329544961489453,-0.762260584214203
32,1562572800,309,427,118,736,27,-0.26565217903531113,-0.04811658885902242
32,1562574495,71,205,134,276,27,-0.21584847501990312,-0.5712156937370209
32,1562574577,6,38,32,44,27,-0.5333470881181293,-0.8350395901102723
32,1562574643,54,184,130,238,27,-0.22829940102375512,-0.6144282284878121
32,1562574723,5,17,12,22,27,-0.5956017181373893,-0.8600573733870461
32,1562574807,126,275,149,401,27,-0.1691575025054581,-0.42906919784626046
32,1562574888,7,17,10,24,27,-0.6018271811393152,-0.857783029452794
32,1562587200,486,1813,1327,2299,27,3.4976402056289575,1.7292831957590464
32,1562601600,730,894,164,1624,27,-0.12246652999101308,0.9616921179489399
32,1562616000,1756,1467,0,3223,27,-0.6329544961489453,2.7800300933835476
32,1562630400,560,447,0,1007,28,-0.6647505364028123,-0.2449249188425054
32,1562644800,69,47,0,116,28,-0.6647505364028123,-1.0777903819144838
32,1562659200,371,468,97,839,28,-0.4356382040694424,-0.40196352467425894
32,1562673600,736,2297,1561,3033,28,3.0223046261991513,1.6488858871999508
32,1562688000,767,948,181,1715,28,-0.2372316482343592,0.41688063430559874
32,1562702400,1870,1644,0,3514,28,-0.6647505364028123,2.0985023717539595
32,1562716800,594,509,0,1103,28,-0.6647505364028123,-0.15518857265293196
32,1562731200,88,46,0,134,28,-0.6647505364028123,-1.060964817003939
32,1562745600,369,456,87,825,28,-0.45925803214504757,-0.4150500751602384
32,1562760000,673,2203,1530,2876,28,2.949083159164775,1.5021295710357525
32,1562774400,840,1175,335,2015,28,0.12651370412996008,0.6973067161480158
32,1562788800,1738,1724,0,3462,28,-0.6647505364028123,2.0498951842346074
32,1562803200,597,466,0,1063,28,-0.6647505364028123,-0.19257871689858755
32,1562817600,90,56,0,146,28,-0.6647505364028123,-1.0497477737302423
32,1562832000,371,430,59,801,28,-0.525393550756742,-0.4374841617076317
32,1562846400,659,2133,1474,2792,28,2.8168121219413864,1.423610268119876
32,1562860800,671,1118,447,1789,28,0.39105577857673773,0.4860524011600616
32,1562875200,1878,1754,0,3632,28,-0.6647505364028123,2.2088032972786436
32,1562889600,556,368,0,924,28,-0.6647505364028123,-0.32250946815224074
32,1562904000,77,71,0,148,28,-0.6647505364028123,-1.0478782665179593
32,1562918400,349,381,32,730,28,-0.5891670865608759,-0.5038516677436704
32,1562932800,575,1912,1337,2487,28,2.493220477305596,1.1385104182467518
32,1562947200,987,1112,125,2099,28,-0.369502685457748,0.7758260190638925
32,1562961600,1404,1637,233,3041,28,-0.11440854224121243,1.656363916049082
32,1562976000,530,639,109,1169,28,-0.4072944103787163,-0.09349483464760021
32,1562990400,119,109,0,228,28,-0.6647505364028123,-0.9730979780266482
32,1563004800,99,145,46,244,28,-0.5560993272550286,-0.958141920328386
32,1563019200,258,560,302,818,28,0.04856827148046308,-0.4215933504032281
32,1563033600,400,887,487,1287,28,0.4855350908791583,0.01680609087708381
32,1563048000,441,1080,639,1521,28,0.8445564776283565,0.23553843471416908
32,1563062400,380,788,408,1168,28,0.29893844908187767,-0.0944295882537416
32,1563076800,85,124,39,209,28,-0.5726332069079523,-0.9908582965433347
32,1563091200,55,85,30,140,28,-0.5938910521759969,-1.0553562953670905
32,1563105600,190,397,207,587,28,-0.17582009523778583,-0.6375214334218892
32,1563120000,280,760,480,1040,28,0.4690012112262347,-0.21407804983983952
32,1563134400,329,730,401,1059,28,0.28240456942895403,-0.1963177313231531
32,1563148800,240,487,247,727,28,-0.08134078293536523,-0.5066559285620946
32,1563163200,59,53,0,112,28,-0.6647505364028123,-1.0815293963390495
32,1563177600,403,402,0,805,28,-0.6647505364028123,-0.4337451472830662
32,1563180544,136,543,407,679,28,0.2965764662743171,-0.5515241016568814
32,1563180625,9,39,30,48,28,-0.5938910521759969,-1.1413536271320983
32,1563180688,235,632,397,867,28,0.27295663819871196,-0.3757904237023
32,1563180763,110,436,326,546,28,0.10525585886191544,-0.6758463312736862
32,1563180843,2,19,17,21,28,-0.6245968286742836,-1.1665919744979159
32,1563180928,19,63,44,82,28,-0.5608232928701498,-1.109572004523291
32,1563192000,396,1547,1151,1943,28,2.05389167509934,0.6300044565058357
32,1563206400,732,976,244,1708,28,-0.08842673135804677,0.410337359062609
32,1563220800,2007,1607,0,3614,28,-0.6647505364028123,2.1919777323680987
32,1563235200,613,497,0,1110,29,-0.6557384380755923,-0.06772304470736204
32,1563249600,85,51,0,136,29,-0.6557384380755923,-0.9838653439430652
32,1563264000,360,600,240,960,29,-0.07710478841262178,-0.20881272118103297
32,1563278400,684,2126,1442,2810,29,2.820885406982755,1.5312932886609083
32,1563292800,840,1542,702,2382,29,1.0367649871885964,1.1287174117893675
32,1563307200,1892,1737,0,3629,29,-0.6557384380755923,2.3016429222071517
32,1563321600,554,537,0,1091,29,-0.6557384380755923,-0.08559440372736037
32,1563336000,83,53,0,136,29,-0.6557384380755923,-0.9838653439430652
32,1563350400,375,485,110,860,29,-0.3905313486467308,-0.3028725054968136
32,1563352502,105,372,267,477,29,-0.012008502825537599,-0.6631214794262533
32,1563352583,7,17,10,24,29,-0.6316287026729686,-1.0892123023767395
32,1563352678,81,243,162,324,29,-0.2651607245530872,-0.8070329494293976
32,1563352758,4,10,6,14,29,-0.641272596834018,-1.0986182808083176
32,1563352842,178,427,249,605,29,-0.05540602655026038,-0.5427249555020541
32,1563352922,10,32,22,42,29,-0.60269702018982,-1.072281541199899
32,1563364800,481,1821,1340,2302,29,2.5749661058759927,1.053469584336743
32,1563379200,813,997,184,1810,29,-0.2121193066673149,0.5906954455031023
32,1563393600,1784,1516,0,3300,29,-0.6557384380755923,1.9921862318082335
32,1563408000,504,268,0,772,29,-0.6557384380755923,-0.3856451156947005
32,1563422400,86,42,0,128,29,-0.6557384380755923,-0.9913901266883277
32,1563436800,386,428,42,814,29,-0.5544775493845725,-0.34614000628207264
32,1563451200,617,2179,1562,2796,29,3.1102022318142404,1.5181249188566992
32,1563465600,784,1186,402,1970,29,0.3134729251098833,0.7411911004083512
32,1563480000,1980,2024,44,4004,29,-0.5496556023040476,2.654367113391329
32,1563494400,688,586,0,1274,29,-0.6557384380755923,0.08653500157051816
32,1563508800,109,91,0,200,29,-0.6557384380755923,-0.9236670819809656
32,1563523200,336,585,249,921,29,-0.05540602655026038,-0.2454960370641874
32,1563526169,85,356,271,441,29,-0.0023646086644880902,-0.6969830017799343
32,1563526249,5,31,26,36,29,-0.5930531260287705,-1.0779251282588458
32,1563526334,240,636,396,876,29,0.29900708386830904,-0.28782294000628866
32,1563526416,5,24,19,29,29,-0.6099299408106071,-1.0845093131609504
32,1563537600,500,1935,1435,2435,29,2.8040085922009186,1.178569097476731
32,1563552000,1044,1239,195,2283,29,-0.18559859772442874,1.0355982253167446
32,1563566400,1353,1355,2,2708,29,-0.6509164909950675,1.4353523086588122
32,1563580800,504,513,9,1017,29,-0.6340396762132309,-0.155198644121038
32,1563595200,121,98,0,219,29,-0.6557384380755923,-0.9057957229609673
32,1563609600,85,157,72,242,29,-0.48214834317670113,-0.8841619725683377
32,1563624000,247,528,281,775,29,0.02174512673813568,-0.3828233221652271
32,1563638400,312,843,531,1155,29,0.62448851180373,-0.025396141765260765
32,1563652800,363,900,537,1263,29,0.6389543530453042,0.07618842529578229
32,1563667200,305,601,296,906,29,0.057909729842071336,-0.2596050047115545
32,1563681600,90,119,29,209,29,-0.5858202054079833,-0.9152017013925454
32,1563696000,60,86,26,146,29,-0.5930531260287705,-0.9744593655114872
32,1563710400,142,471,329,613,29,0.13747185667072978,-0.5352001727567917
32,1563724800,275,784,509,1059,29,0.5714470939179577,-0.11569353470841015
32,1563739200,314,769,455,1083,29,0.4412545227437893,-0.09311918647262281
32,1563753600,253,358,105,611,29,-0.4025862163480427,-0.5370813684431073
32,1563768000,52,58,6,110,29,-0.641272596834018,-1.0083208878651682
32,1563782400,379,441,62,820,29,-0.5062580785793249,-0.34049641922312585
32,1563796800,640,1982,1342,2622,29,2.5797880529565176,1.354460894147241
32,1563811200,752,929,177,1681,29,-0.22899612144915155,0.46935832373574526
32,1563825600,1816,1418,0,3234,29,-0.6557384380755923,1.9301067741598181
32,1563840000,487,272,0,759,30,-0.6602931450126666,-0.6104933719802886
32,1563854400,70,41,0,111,30,-0.6602931450126666,-1.2086985108271995
32,1563868800,266,409,143,675,30,-0.35533467317196393,-0.6880384825715549
32,1563879349,623,1760,1137,2383,30,1.764446592629843,0.888712099450858
32,1563883200,549,2244,1695,2793,30,2.9544244058264306,1.2672060916225145
32,1563888364,99,285,186,384,30,-0.2636338739471373,-0.9566769014055843
32,1563897600,823,877,54,1700,30,-0.5451340018000935,0.25819649785758636
32,1563912000,1956,1748,0,3704,30,-0.6602931450126666,2.108201279106366
32,1563926400,607,404,0,1011,30,-0.6602931450126666,-0.37785804020649005
32,1563940800,86,104,18,190,30,-0.6219067639418089,-1.1357691806282706
32,1563955200,380,477,97,857,30,-0.45343320257526687,-0.5200240762904781
32,1563969600,677,2205,1528,2882,30,2.598284092557918,1.349366982606118
32,1563984000,798,945,147,1743,30,-0.3468043662673289,0.2978922092316869
32,1563998400,1980,1632,0,3612,30,-0.6602931450126666,2.02327091988736
32,1564012800,648,466,0,1114,30,-0.6602931450126666,-0.2827729641243422
32,1564027200,98,50,0,148,30,-0.6602931450126666,-1.1745417359239037
32,1564041600,352,473,121,825,30,-0.4022513611474567,-0.5495650708014367
32,1564044545,141,536,395,677,30,0.18207466182004348,-0.68619217041462
32,1564056000,658,1882,1224,2540,30,1.949980767805655,1.0336476037702484
32,1564070400,838,1023,185,1861,30,-0.2657664506732961,0.4068246264908466
32,1564084800,2020,1511,0,3531,30,-0.6602931450126666,1.9484952775314963
32,1564099200,664,550,0,1214,30,-0.6602931450126666,-0.19045735627759672
32,1564113600,103,59,0,162,30,-0.6602931450126666,-1.1616175508253592
32,1564128000,323,415,92,738,30,-0.4640960862060607,-0.6298796496281052
32,1564142400,513,1964,1451,2477,30,2.4340756846436933,0.9754887708267987
32,1564156800,1070,1094,24,2164,30,-0.6091113035848563,0.6865409182664854
32,1564171200,1493,1645,152,3138,30,-0.3361414826365351,1.5856949386937864
32,1564185600,516,756,240,1272,30,-0.14847473073456427,-0.13691430372648433
32,1564200000,119,121,2,240,30,-0.6560279915603491,-1.0896113767048978
32,1564214400,80,157,77,237,30,-0.4960847370984421,-1.0923808449403
32,1564228800,227,645,418,872,30,0.23112392652169494,-0.5061767351134663
32,1564243200,559,920,361,1479,30,0.10956705313064564,0.054179004516278835
32,1564257600,452,1137,685,1589,30,0.8005219124060837,0.15572617314769888
32,1564272000,315,702,387,1017,30,0.16501404801077338,-0.37231910373568533
32,1564286400,89,120,31,209,30,-0.594183266501745,-1.118229215137389
32,1564300800,58,114,56,172,30,-0.540868848347776,-1.1523859900406848
32,1564315200,170,533,363,703,30,0.11383220658296316,-0.6621901123744661
32,1564329600,412,831,419,1243,30,0.23325650324785369,-0.1636858300020405
32,1564344000,455,965,510,1420,30,0.4273209853283008,-0.0002872041133010046
32,1564358400,344,439,95,783,30,-0.4576983560275844,-0.5883376260970697
32,1564372800,64,53,0,117,30,-0.6602931450126666,-1.2031595743563948
32,1564387200,460,471,11,931,30,-0.6368348010249202,-0.45171052648388643
32,1564401600,690,2169,1479,2859,30,2.493787832976139,1.3281343928013665
32,1564416000,754,904,150,1658,30,-0.34040663608885263,0.21942394256195324
32,1564430400,2163,1557,0,3720,30,-0.6602931450126666,2.122971776361845
32,1564444800,659,569,0,1228,31,-0.5431857446774871,-0.2291244920856724
32,1564459200,97,62,0,159,31,-0.5431857446774871,-1.1215323381635312
32,1564473600,399,446,47,845,31,-0.4547054327582431,-0.548855273234241
32,1564475937,79,264,185,343,31,-0.19491217648471781,-0.9679279942174824
32,1564476017,5,23,18,28,31,-0.5092996677722448,-1.230891952603381
32,1564476099,206,423,217,629,31,-0.13467026198650908,-0.7291734161274286
32,1564476180,6,33,27,39,31,-0.49235662931962354,-1.221709084215302
32,1564488000,506,2204,1698,2710,31,2.653400843383715,1.0080583216536978
32,1564502400,801,1015,214,1816,31,-0.14031794147071613,0.2617415635680048
32,1564516800,1953,1805,0,3758,31,-0.5431857446774871,1.8829352371724966
32,1564531200,595,435,0,1030,31,-0.5431857446774871,-0.3944161230710943
32,1564545600,76,60,0,136,31,-0.5431857446774871,-1.1407328811567872
32,1564560000,326,471,145,797,31,-0.27021456960747875,-0.5889259716549494
32,1564574400,694,2311,1617,3005,31,2.5009134973101244,1.2543261556976344
32,1564588800,844,1084,240,1928,31,-0.09137138594092152,0.35523985988299095
32,1564603200,1882,1730,0,3612,31,-0.5431857446774871,1.7610535294761753
32,1564617600,560,459,0,1019,31,-0.5431857446774871,-0.4035989914591733
32,1564632000,104,59,0,163,31,-0.5431857446774871,-1.1181931132951388
32,1564646400,322,497,175,819,31,-0.21373777476540806,-0.5705602348787914
32,1564660800,628,2158,1530,2786,31,2.3371307922681193,1.0715035941531525
32,1564675200,781,1010,229,1791,31,-0.11207954404968079,0.24087140814055255
32,1564689600,1969,1743,0,3712,31,-0.5431857446774871,1.8445341511859843
32,1564704000,653,472,0,1125,31,-0.5431857446774871,-0.3151095324467757
32,1564718400,116,82,0,198,31,-0.5431857446774871,-1.0889748956967056
32,1564732800,312,407,95,719,31,-0.36434256101092993,-0.6540408565886004
32,1564747200,555,1994,1439,2549,31,2.165817847913838,0.8736545207009051
32,1564761600,1011,1097,86,2108,31,-0.3812855994635512,0.5055049789606473
32,1564776000,1450,1567,117,3017,31,-0.3229262447934114,1.2643438303028114
32,1565395200,9777,8393,0,18170,32,-0.8363399180907681,4.028331631484244
32,1565409600,124,109,0,233,32,-0.8363399180907681,-0.43928076385373316
32,1565424000,82,157,75,239,32,-0.6190460594644138,-0.4377863292006681
32,1565438400,225,641,416,866,32,0.36891668442341036,-0.28161790795537006
32,1565452800,377,892,515,1269,32,0.655744577810198,-0.181241713757834
32,1565467200,479,1012,533,1491,32,0.7078951038805231,-0.125947631594427
32,1565481600,313,648,335,961,32,0.13423931710694773,-0.2579560259485067
32,1565496000,98,90,0,188,32,-0.8363399180907681,-0.45048902375172106
32,1565510400,55,93,38,148,32,-0.7262443630534153,-0.46045192143882147
32,1565524800,180,454,274,634,32,-0.04249302124248712,-0.3394027145405521
32,1565539200,308,868,560,1176,32,0.7861208929860106,-0.20440545088034232
32,1565553600,341,848,507,1189,32,0.6325665662233869,-0.20116750913203468
32,1565568000,259,405,146,664,32,-0.4133412066314651,-0.33193054127522686
32,1565582400,58,39,0,97,32,-0.8363399180907681,-0.4731546159898744
32,1565596800,339,432,93,771,32,-0.5668955333940888,-0.3052797899622334
32,1565611200,620,2053,1433,2673,32,3.3154214073967747,0.1684559950593885
32,1565625600,750,1021,271,1771,32,-0.05118477558754129,-0.056207347784724526
32,1565640000,1859,1541,0,3400,32,-0.8363399180907681,0.34953166052243745
32,1565654400,563,480,0,1043,33,-0.6916514112566334,-0.3666605032144945
32,1565668800,85,68,0,153,33,-0.6916514112566334,-1.2193805685512584
32,1565683200,352,466,114,818,33,-0.45530920763853744,-0.5822358006310921
32,1565697600,650,2188,1538,2838,33,2.4968951603629423,1.3531513139534732
32,1565712000,779,987,208,1766,33,-0.26043054851484426,0.32605478581750585
32,1565726400,1918,1713,0,3631,33,-0.6916514112566334,2.112934473292859
32,1565740800,576,498,0,1074,33,-0.6916514112566334,-0.3369590177926522
32,1565755200,74,60,0,134,33,-0.6916514112566334,-1.2375847047775488
32,1565769600,353,446,93,799,33,-0.49884592935766037,-0.6004399368573826
32,1565784000,660,2293,1633,2953,33,2.6938469967113554,1.4633342437441785
32,1565798400,757,1189,432,1946,33,0.20396114982246719,0.49851502375078394
32,1565812800,1819,1677,0,3496,33,-0.6916514112566334,1.9835892948429008
32,1565827200,601,468,0,1069,33,-0.6916514112566334,-0.34174957995746547
32,1565841600,100,54,0,154,33,-0.6916514112566334,-1.2184224561182957
32,1565856000,335,461,126,796,33,-0.43043108094189575,-0.6033142741562706
32,1565870400,652,2273,1621,2925,33,2.668968870014714,1.4365070956212243
32,1565884800,753,1080,327,1833,33,-0.013722458773147539,0.3902483188260038
32,1565899200,1582,1746,164,3328,33,-0.3516503464025304,1.8226264061051747
32,1565913600,575,519,0,1094,33,-0.6916514112566334,-0.31779676913339905
32,1565928000,92,62,0,154,33,-0.6916514112566334,-1.2184224561182957
32,1565942400,320,391,71,711,33,-0.5444558283015035,-0.6847538309580963
32,1565956800,517,1942,1425,2459,33,2.262626133969566,0.9900267018606265
32,1565971200,963,1182,219,2145,33,-0.23762559904292269,0.6891793979103524
32,1565985600,1436,1493,57,2929,33,-0.5734803094475854,1.440339545353075
32,1566000000,446,707,261,1153,33,-0.1505521556046768,-0.26126813558860235
32,1566014400,138,111,0,249,33,-0.6916514112566334,-1.1274017749868435
32,1566028800,97,262,165,359,33,-0.3495771691778103,-1.0220094073609514
32,1566043200,244,968,724,1212,33,0.8093288994407482,-0.20473950204380564
32,1566057600,399,979,580,1378,33,0.510791379081048,-0.04569283817200472
32,1566072000,478,989,511,1467,33,0.3677421505753583,0.03957916836167167
32,1566086400,416,680,264,1096,33,-0.14433262393051638,-0.31588054426747375
32,1566100800,150,131,0,281,33,-0.6916514112566334,-1.0967421771320385
32,1566115200,67,135,68,202,33,-0.5506753599756639,-1.1724330593360883
32,1566129600,250,653,403,903,33,0.14383901030558313,-0.5007962438292664
32,1566144000,336,945,609,1281,33,0.570913518597932,-0.13862974416938237
32,1566158400,371,756,385,1127,33,0.1065218202606206,-0.2861790588456314
32,1566172800,244,395,151,639,33,-0.37860165032389226,-0.7537379261314076
32,1566187200,60,34,0,94,33,-0.6916514112566334,-1.2759092020960552
32,1566201600,348,453,105,801,33,-0.4739678026610187,-0.5985237119914573
32,1566216000,590,2080,1490,2670,33,2.3973826535763756,1.1921884252157469
32,1566230400,644,912,268,1556,33,-0.13603991503163582,0.12485117489534805
32,1566244800,1844,1319,0,3163,33,-0.6916514112566334,1.6645378546663363
32,1566259200,463,374,0,837,34,-0.6106033669916324,-0.478605481255719
32,1566273600,58,57,0,115,34,-0.6106033669916324,-1.200867555671741
32,1566288000,388,387,0,775,34,-0.6106033669916324,-0.540627986260973
32,1566302400,614,2161,1547,2775,34,2.664101170070016,1.4600979816504454
32,1566316800,727,956,229,1683,34,-0.12585395588166642,0.36770160317081096
32,1566331200,1856,1510,0,3366,34,-0.6106033669916324,2.0513125051682697
32,1566345600,544,483,0,1027,34,-0.6106033669916324,-0.2885365143041343
32,1566360000,81,64,0,145,34,-0.6106033669916324,-1.1708566661530697
32,1566374400,325,452,127,777,34,-0.341768540742874,-0.5386272602930615
32,1566388800,668,2150,1482,2818,34,2.526508542462383,1.5031135899605408
32,1566403200,707,934,227,1641,34,-0.13008757519267047,0.32568635784467115
32,1566417600,1867,1375,0,3242,34,-0.6106033669916324,1.9272674951577615
32,1566432000,606,443,0,1049,34,-0.6106033669916324,-0.2665285286571087
32,1566446400,101,56,0,157,34,-0.6106033669916324,-1.1588523103456012
32,1566460800,351,423,72,774,34,-0.4581930717954859,-0.5416283492449286
32,1566475200,577,2124,1547,2701,34,2.664101170070016,1.3860711208377228
32,1566489600,745,1032,287,1777,34,-0.003078995862548382,0.4617357236626476
32,1566504000,1821,1576,0,3397,34,-0.6106033669916324,2.082323757670897
32,1566518400,536,476,0,1012,34,-0.6106033669916324,-0.3035419590634699
32,1566532800,74,70,0,144,34,-0.6106033669916324,-1.1718570291370254
32,1566547200,305,422,117,727,34,-0.3629366372978943,-0.588645409490847
32,1566554067,202,1263,1061,1465,34,1.6353316774960267,0.14962247266846634
32,1566554239,5,48,43,53,34,-0.5195805518050449,-1.262890060676995
32,1566561600,440,1455,1015,1895,34,1.537958433342933,0.5797785557694213
32,1566576000,960,1044,84,2004,34,-0.4327913559294615,0.6888181210205936
32,1566590400,1308,1402,94,2710,34,-0.41162325937444116,1.3950743876933243
32,1566604800,473,623,150,1096,34,-0.2930819186663272,-0.21951146841119035
32,1566619200,148,135,0,283,34,-0.6106033669916324,-1.032806574367182
32,1566633600,91,168,77,259,34,-0.44760902351797577,-1.056815285982119
32,1566648000,277,623,346,900,34,0.12181277381207169,-0.4155826132665093
32,1566662400,470,839,369,1309,34,0.17049939588861848,-0.006434152828624282
32,1566676800,495,1010,515,1505,34,0.4795536055919156,0.1896369920266947
32,1566691200,398,623,225,1021,34,-0.13432119450367455,-0.29453869220786855
32,1566705600,125,137,12,262,34,-0.5852016511256081,-1.0538141970302517
32,1566720000,67,93,26,160,34,-0.5555663159485795,-1.1558512213937342
32,1566734400,236,449,213,685,34,-0.159722910369699,-0.6306606548169869
32,1566748800,367,645,278,1012,34,-0.0221302827620667,-0.3035419590634699
32,1566763200,408,714,306,1122,34,0.03714038759199029,-0.1935020308283419
32,1566777600,285,486,201,771,34,-0.1851246262357234,-0.5446294381967958
32,1566792000,71,44,0,115,34,-0.6106033669916324,-1.200867555671741
32,1566806400,347,418,71,765,34,-0.46030988145098795,-0.55063161610053
32,1566820800,569,2360,1791,2929,34,3.1806027260125123,1.6141538811796246
32,1566835200,670,850,180,1520,34,-0.22957762900126613,0.20464243678603036
32,1566849600,1687,1412,0,3099,34,-0.6106033669916324,1.7842155884520952
32,1566864000,505,430,0,935,35,-0.7230976531570068,-0.32960752817501227
32,1566878400,61,126,65,187,35,-0.5686452164839273,-1.1380195904083006
32,1566892800,373,424,51,797,35,-0.6019118951519752,-0.4787530690683195
32,1566907200,605,2100,1495,2705,35,2.829308390323821,1.5833461485000146
32,1566921600,786,983,197,1769,35,-0.25498796047090444,0.5717503059193225
32,1566936000,1832,1366,0,3198,35,-0.7230976531570068,2.116163189517409
32,1566950400,552,525,0,1077,35,-0.7230976531570068,-0.17613892812537735
32,1566964800,81,109,28,190,35,-0.656564295820911,-1.1347772960410547
32,1566979200,352,451,99,803,35,-0.4878547111472396,-0.47226848033382784
32,1566993600,584,2151,1567,2735,35,3.000394166330924,1.6157690921724728
32,1567008000,757,977,220,1734,35,-0.20033555980196863,0.5339235383014548
32,1567022400,1825,1411,0,3236,35,-0.7230976531570068,2.157232251502523
32,1567036800,571,436,0,1007,35,-0.7230976531570068,-0.2517924633611129
32,1567051200,90,104,14,194,35,-0.6898309744889589,-1.130454236884727
32,1567065600,312,426,114,738,35,-0.45221184114575974,-0.5425181916241537
32,1567080000,571,2089,1518,2660,35,2.8839607909927567,1.5347117329913276
32,1567094400,797,917,120,1714,35,-0.4379546931451678,0.512308242519816
32,1567108800,1770,1615,0,3385,35,-0.7230976531570068,2.3182662050757314
32,1567123200,568,642,74,1210,35,-0.5472594944830395,-0.032397211177479825
32,1567137600,99,112,13,211,35,-0.692207165822391,-1.112081235470334
32,1567152000,292,370,78,662,35,-0.5377547291493114,-0.6246563155943808
32,1567166400,481,1695,1214,2176,35,2.161598625629431,1.0116215750756705
32,1567180800,1023,1164,141,2187,35,-0.388054675143096,1.0235099877555718
32,1567195200,1103,1379,276,2482,35,-0.06726884512977707,1.3423356005347429
32,1567209600,487,698,211,1185,35,-0.22172128180285655,-0.05941633090452823
32,1567224000,115,228,113,343,35,-0.4545880324791917,-0.9694202833115185
32,1567238400,87,170,83,257,35,-0.5258737724821515,-1.062366055172565
32,1567252800,232,510,278,742,35,-0.06251646246291309,-0.5381951324678259
32,1567267200,387,906,519,1293,35,0.510145648894197,0.057306266316320874
32,1567281600,447,1189,742,1636,35,1.0400363162495312,0.42800858897142496
32,1567296000,316,765,449,1081,35,0.3438122555539575,-0.1718158689690496
32,1567310400,105,172,67,277,35,-0.5638928338170633,-1.0407507593909262
32,1567324800,55,87,32,142,35,-0.6470595304871831,-1.1866540059169877
32,1567339200,210,483,273,693,35,-0.07439741913007304,-0.5911526071328408
32,1567353600,270,893,623,1163,35,0.7572695475711241,-0.08319315626433083
32,1567368000,338,1096,758,1434,35,1.078055377584443,0.20969410157687388
32,1567382400,257,633,376,890,35,0.1703502882134221,-0.3782419436836994
32,1567396800,74,151,77,225,35,-0.5401309204827435,-1.0969505284231869
32,1567411200,69,113,44,182,35,-0.6185452344859992,-1.1434234143537103
32,1567425600,189,351,162,540,35,-0.33815465714102416,-0.7565096198623771
32,1567440000,299,646,347,945,35,0.10144073954389435,-0.3187998802841929
32,1567454400,358,701,343,1059,35,0.09193597421016639,-0.19559269432885218
32,1567468800,226,370,144,596,36,-0.36616593864312613,-0.7391742170050093
32,1567483200,54,115,61,169,36,-0.5415109319367417,-1.132861569747046
32,1567497600,365,435,70,800,36,-0.522497619410928,-0.5510893927441768
32,1567512000,658,2157,1499,2815,36,2.4963938916321653,1.3067092390478703
32,1567526400,734,984,250,1718,36,-0.14223136889465315,0.2952923164295697
32,1567540800,1918,1603,0,3521,36,-0.670378939056146,1.9576302484995751
32,1567555200,535,380,0,915,36,-0.670378939056146,-0.4450611829892957
32,1567569600,81,83,2,164,36,-0.666153758494854,-1.1374714919103017
32,1567584000,371,449,78,820,36,-0.5055968971657602,-0.532649704091154
32,1567598400,654,2222,1568,2876,36,2.642162620996737,1.3629502894395897
32,1567612800,769,1063,294,1832,36,-0.04927739654623041,0.4003985417517997
32,1567627200,1901,1653,0,3554,36,-0.670378939056146,1.9880557347770627
32,1567641600,583,498,0,1081,36,-0.670378939056146,-0.29201176716920646
32,1567656000,97,92,0,189,36,-0.670378939056146,-1.1144218810940234
32,1567670400,364,440,76,804,36,-0.5098220777270521,-0.5474014550135722
32,1567684800,634,2150,1516,2784,36,2.5323079264031465,1.278127721635685
32,1567699200,871,1032,161,1903,36,-0.3302519038721446,0.4658594364700306
32,1567713600,1918,1711,0,3629,36,-0.670378939056146,2.0572045672258983
32,1567728000,585,509,0,1094,36,-0.670378939056146,-0.2800259695447416
32,1567742400,101,68,0,169,36,-0.670378939056146,-1.132861569747046
32,1567756800,341,422,81,763,36,-0.4992591263238223,-0.5852028167522689
32,1567771200,566,1994,1428,2560,36,2.346399981706301,1.0716032087218295
32,1567772908,28,112,84,140,36,-0.49292135548188437,-1.1595991182939291
32,1567785600,837,1005,168,1842,36,-0.3154637719076228,0.4096183860783111
32,1567800000,1678,1616,0,3294,36,-0.670378939056146,1.7483397822877662
32,1567814400,462,740,278,1202,36,-0.08307884103656596,-0.18045165081841852
32,1567828800,134,104,0,238,36,-0.670378939056146,-1.0692446438941174
32,1567843200,72,190,118,262,36,-0.42109328593992135,-1.04711701751049
32,1567857600,248,728,480,976,36,0.34366439565392026,-0.38882013259757614
32,1567872000,432,1012,580,1444,36,0.5549234237185174,0.04266858188315735
32,1567886400,522,1213,691,1735,36,0.7894209448702202,0.3109660517846391
32,1567900800,339,737,398,1076,36,0.1704319926409506,-0.29662168933246214
32,1567915200,112,126,14,238,36,-0.6408026751271024,-1.0692446438941174
32,1567929600,56,113,57,169,36,-0.5499612930593256,-1.132861569747046
32,1567944000,205,555,350,760,36,0.06902765916994398,-0.5879687700502224
32,1567958400,340,887,547,1227,36,0.48520794445720034,-0.15740204000214003
32,1567972800,377,948,571,1325,36,0.5359101111927037,-0.0670475656023283
32,1567987200,248,505,257,753,36,-0.12744323693013135,-0.5944226610787804
32,1568001600,55,52,0,107,36,-0.670378939056146,-1.1900246045714167
32,1568016000,366,446,80,812,36,-0.5013717166044683,-0.5400255795523631
32,1568030400,604,2192,1588,2796,36,2.684414426609657,1.2891915348274985
32,1568044800,730,886,156,1616,36,-0.3408148552753745,0.20124990429915343
32,1568059200,1833,1501,0,3334,36,-0.670378939056146,1.7852191595938118
32,1568073600,545,508,0,1053,37,-0.6273312615275837,-0.38293764198414876
32,1568088000,74,50,0,124,37,-0.6273312615275837,-1.204754974085657
32,1568102400,354,476,122,830,37,-0.3807869001172954,-0.5802091867189564
32,1568116800,714,2424,1710,3138,37,2.8283315090592436,1.4615070699982455
32,1568131200,820,938,118,1758,37,-0.3888703218028786,0.24072351962140906
32,1568145600,1852,1738,0,3590,37,-0.6273312615275837,1.8613579140347167
32,1568160000,635,437,0,1072,37,-0.6273312615275837,-0.3661297525224387
32,1568174400,97,45,0,142,37,-0.6273312615275837,-1.1888317103850894
32,1568188800,394,505,111,899,37,-0.4030163097526493,-0.5191700092001146
32,1568203200,661,2248,1587,2909,37,2.5797662922275597,1.2589277706965822
32,1568217600,826,1049,223,1875,37,-0.17668050255631904,0.34422473367509737
32,1568232000,1946,1757,0,3703,37,-0.6273312615275837,1.9613206250438344
32,1568246400,609,469,0,1078,37,-0.6273312615275837,-0.36082199795558284
32,1568260800,113,64,0,177,37,-0.6273312615275837,-1.1578698087450972
32,1568275200,367,445,78,812,37,-0.46970453865871087,-0.5961324504195238
32,1568289600,701,2231,1530,2932,37,2.464577533207999,1.2792741632028628
32,1568304000,845,1058,213,1903,37,-0.1968890567702771,0.36899425498709115
32,1568318400,1911,1794,0,3705,37,-0.6273312615275837,1.9630898765661198
32,1568332800,569,396,0,965,37,-0.6273312615275837,-0.46078470896470064
32,1568347200,102,67,0,169,37,-0.6273312615275837,-1.1649468148342381
32,1568361600,368,451,83,819,37,-0.45960026155173184,-0.5899400700915254
32,1568376000,578,2083,1505,2661,37,2.4140561476731035,1.0395405819332086
32,1568390400,944,1079,135,2023,37,-0.35451577963914993,0.47514934632420736
32,1568404800,1725,1701,0,3426,37,-0.6273312615275837,1.7162792892073244
32,1568419200,523,718,195,1241,37,-0.2332644543554016,-0.21662799888933332
32,1568433600,132,123,0,255,37,-0.6273312615275837,-1.0888689993759717
32,1568448000,97,199,102,296,37,-0.4212040085452115,-1.0525993431691236
32,1568462400,225,700,475,925,37,0.332575063635424,-0.49616973941040604
32,1568476800,436,1036,600,1472,37,0.5851819913098997,-0.012279448065384597
32,1568491200,837,1404,567,2241,37,0.518493762403838,0.6679977622533019
32,1568505600,322,634,312,956,37,0.0031756299479076618,-0.46874634081498434
32,1568520000,102,129,27,231,37,-0.5727681651498969,-1.1101000176433948
32,1568534400,51,109,58,160,37,-0.510121647086627,-1.1729084466845219
32,1568548800,170,504,334,674,37,0.047634449218615385,-0.7182108054572075
32,1568563200,293,927,634,1220,37,0.653891075637357,-0.23520513987332867
32,1568577600,394,889,495,1283,37,0.37299217206334007,-0.17947371692134265
32,1568592000,272,407,135,679,37,-0.35451577963914993,-0.7137876766514942
32,1568606400,65,59,0,124,37,-0.6273312615275837,-1.204754974085657
32,1568620800,379,476,97,855,37,-0.43130828565219054,-0.5580935426903905
32,1568635200,659,2164,1505,2823,37,2.4140561476731035,1.1828499552383156
32,1568649600,799,886,87,1685,37,-0.4515168398661486,0.1761458390579967
32,1568664000,1960,1564,0,3524,37,-0.6273312615275837,1.8029726137993027
32,1568678400,552,408,0,960,38,-0.6513158204256707,-0.46766810151854593
32,1568692800,77,45,0,122,38,-0.6513158204256707,-1.2139185662710843
32,1568707200,363,465,102,828,38,-0.4538188658175469,-0.585215907422287
32,1568721600,623,2351,1728,2974,38,2.6945149399943094,1.3258264521945953
32,1568736000,793,1038,245,1831,38,-0.1769358804355694,0.3079693147099278
32,1568750400,1942,1683,0,3625,38,-0.6513158204256707,1.9055508585835004
32,1568764800,586,501,0,1087,38,-0.6513158204256707,-0.3545728640202495
32,1568779200,84,62,0,146,38,-0.6513158204256707,-1.1925462379249496
32,1568793600,358,483,125,841,38,-0.409285238798068,-0.5736392295681307
32,1568808000,680,2297,1617,2977,38,2.479591783508998,1.3284979932378622
32,1568822400,804,1051,247,1855,38,-0.17306339112952776,0.32934164305606256
32,1568836800,1907,1707,0,3614,38,-0.6513158204256707,1.8957552080915219
32,1568851200,596,460,0,1056,38,-0.6513158204256707,-0.3821787881340069
32,1568865600,114,64,0,178,38,-0.6513158204256707,-1.1640498001301032
32,1568880000,376,468,92,844,38,-0.4731813123477551,-0.5709676885248639
32,1568894400,664,2250,1586,2914,38,2.4195681992653526,1.2723956313292586
32,1568908800,823,1057,234,1880,38,-0.19823457161879846,0.35160448508328623
32,1568923200,1874,1678,0,3552,38,-0.6513158204256707,1.840543359864007
32,1568937600,584,582,0,1166,38,-0.6513158204256707,-0.28422228321422266
32,1568952000,94,98,4,192,38,-0.6435708418135874,-1.151582608594858
32,1568966400,341,418,77,759,38,-0.5022249821430674,-0.6466613514174245
32,1568980800,562,2165,1603,2727,38,2.4524843583667066,1.1058695729656252
32,1568995200,896,1053,157,1949,38,-0.3473254099014017,0.41304992907842364
32,1569009600,1697,1742,45,3439,38,-0.5641848110397337,1.7399153139009562
32,1569024000,522,664,142,1186,38,-0.376369079696714,-0.26641200959244365
32,1569038400,122,123,1,245,38,-0.6493795757726498,-1.1043853834971438
32,1569052800,75,180,105,255,38,-0.44801013185848443,-1.0954802466862543
32,1569067200,243,707,464,950,38,0.2471016985759905,-0.47657323832943543
32,1569081600,442,1145,703,1587,38,0.7098641706479668,0.09068397652422447
32,1569096000,458,1323,865,1781,38,1.02353580443734,0.2634436306554804
32,1569110400,376,642,266,1018,38,-0.13627474272213216,-0.416018308015387
32,1569124800,111,144,33,255,38,-0.5874197468759835,-1.0954802466862543
32,1569139200,51,90,39,141,38,-0.5758022789578586,-1.1969988063303945
32,1569153600,185,553,368,738,38,0.06122221188599164,-0.6653621387202924
32,1569168000,348,940,592,1288,38,0.4949410141626557,-0.175579614121371
32,1569182400,384,1079,695,1463,38,0.6943742134238002,-0.01973971993080508
32,1569196800,268,378,110,646,38,-0.4383289085933803,-0.7472893973804756
32,1569211200,59,58,0,117,38,-0.6513158204256707,-1.2183711346765291
32,1569225600,368,456,88,824,38,-0.4809262909598384,-0.5887779621466429
32,1569240000,659,2214,1555,2873,38,2.359544615021707,1.2358845704046115
32,1569254400,781,1021,240,1802,38,-0.18661710370067353,0.28214441795834827
32,1569268800,1965,1727,0,3692,38,-0.6513158204256707,1.9652152752164598
32,1569283200,619,461,0,1080,39,-0.6919906480729773,-0.3816387359069667
32,1569297600,74,47,0,121,39,-0.6919906480729773,-1.2493579007311724
32,1569312000,387,496,109,883,39,-0.473557690279549,-0.5598876154381122
32,1569326400,730,2420,1690,3150,39,2.6947221837700845,1.4913317241411104
32,1569340800,872,1078,206,1950,39,-0.27917239756429635,0.40555174730164545
32,1569355200,1973,1710,0,3683,39,-0.6919906480729773,1.973598997187306
32,1569369600,670,431,0,1101,39,-0.6919906480729773,-0.362637586312276
32,1569384000,86,50,0,136,39,-0.6919906480729773,-1.235785651020679
32,1569398400,351,519,168,870,39,-0.35532333697851903,-0.571650231853873
32,1569412800,663,2265,1602,2928,39,2.518372639863464,1.2904624284258095
32,1569427200,879,1087,208,1966,39,-0.2751644533846004,0.420028813659505
32,1569441600,2044,1672,0,3716,39,-0.6919906480729773,2.0034579465503914
32,1569456000,685,432,0,1117,39,-0.6919906480729773,-0.3481605199544165
32,1569470400,123,58,0,181,39,-0.6919906480729773,-1.1950689018891991
32,1569484800,374,485,111,859,39,-0.46954974609985306,-0.5816032149749014
32,1569499200,699,2346,1647,3045,39,2.608551383906622,1.3963259761676572
32,1569513600,809,1129,320,1938,39,-0.050719579321628246,0.3946939475332508
32,1569528000,1897,1830,0,3727,39,-0.6919906480729773,2.0134109296714198
32,1569542400,635,489,0,1124,39,-0.6919906480729773,-0.34182680342285293
32,1569556800,104,73,0,177,39,-0.6919906480729773,-1.198688168478664
32,1569571200,347,430,83,777,39,-0.5256609646155961,-0.6557981800589315
32,1569585600,591,2113,1522,2704,39,2.3580548726756265,1.087783499415776
32,1569600000,926,1210,284,2136,39,-0.12286257455615501,0.5738476437117626
32,1569614400,1680,1690,10,3370,39,-0.6719509271744976,1.690391386561679
32,1569628800,548,604,56,1152,39,-0.5797682110414912,-0.31649193729659875
32,1569643200,152,129,0,281,39,-0.6919906480729773,-1.1045872371525771
32,1569657600,81,175,94,256,39,-0.5036172716272684,-1.1272076533367326
32,1569672000,238,811,573,1049,39,0.45628535940990705,-0.4096880519753195
32,1569686400,453,1229,776,1682,39,0.8630916936490441,0.16306088580749828
32,1569700800,522,1451,929,1973,39,1.1696994233957827,0.4263625301910685
32,1569715200,362,804,442,1166,39,0.19376501563982357,-0.3038245042334717
32,1569729600,111,126,15,237,39,-0.6619310667252578,-1.1443991696366909
32,1569744000,59,104,45,163,39,-0.6018119040298188,-1.2113556015417912
32,1569758400,216,660,444,876,39,0.1977729598195195,-0.5662213319696757
32,1569772800,279,1034,755,1313,39,0.8210082797622368,-0.1708164570706372
32,1569787200,387,1021,634,1408,39,0.578527656890633,-0.08485887557084622
32,1569801600,268,475,207,743,39,-0.27716842547444837,-0.686561946069383
32,1569816000,57,68,11,125,39,-0.6699469550846496,-1.2457386341417076
32,1569830400,295,410,115,705,39,-0.4615338577404612,-0.7209449786692994
32,1569844800,615,1792,1177,2407,39,1.6666845016780782,0.8190529551480084
32,1569859200,732,1002,270,1734,39,-0.15091818381402652,0.21011135147054177
32,1569873600,1616,1450,0,3066,39,-0.6919906480729773,1.4153271257623479
32,1569888000,480,419,0,899,40,-0.6583205219752947,-0.5140971143485438
32,1569902400,76,65,0,141,40,-0.6583205219752947,-1.2003934801821667
32,1569916800,364,425,61,789,40,-0.5345230192374273,-0.6136915737703097
32,1569931200,614,2097,1483,2711,40,2.351379421635481,1.1264952535809083
32,1569945600,752,1041,289,1793,40,-0.07180448441392312,0.29533421949744415
32,1569960000,1809,1580,0,3389,40,-0.6583205219752947,1.7403592852896106
32,1569974400,606,425,0,1031,40,-0.6583205219752947,-0.39458376304242476
32,1569988800,85,53,0,138,40,-0.6583205219752947,-1.2031096927118512
32,1570003200,363,459,96,822,40,-0.4634916652075034,-0.5838132359437799
32,1570017600,682,2248,1566,2930,40,2.5198252040493,1.3247787682478787
32,1570032000,857,937,80,1794,40,-0.49596314133546865,0.2962396236740057
32,1570046400,1910,1540,0,3450,40,-0.6583205219752947,1.7955889400598626
32,1570060800,655,444,0,1099,40,-0.6583205219752947,-0.33301627903624226
32,1570075200,95,65,0,160,40,-0.6583205219752947,-1.183190800827498
32,1570089600,409,444,35,853,40,-0.5872891679453708,-0.5557457064703731
32,1570104000,643,2324,1681,2967,40,2.75321393871905,1.3582787227806543
32,1570118400,800,1116,316,1916,40,-0.01700886844798183,0.4066989332145096
32,1570132800,1848,1972,124,3820,40,-0.4066665819835643,2.1305884853876207
32,1570147200,646,416,0,1062,40,-0.6583205219752947,-0.366516233569018
32,1570161600,83,62,0,145,40,-0.6583205219752947,-1.1967718634759208
32,1570176000,328,413,85,741,40,-0.4858158050454795,-0.657150974245262
32,1570190400,607,2110,1503,2717,40,2.3919687667954372,1.1319276786402774
32,1570204800,882,1173,291,2055,40,-0.06774554989792747,0.5325501137565593
32,1570219200,1647,1779,132,3426,40,-0.3904308439195817,1.7738592398223865
32,1570233600,572,657,85,1229,40,-0.4858158050454795,-0.21531373608324622
32,1570248000,122,116,0,238,40,-0.6583205219752947,-1.1125692750557006
32,1570262400,86,202,116,288,40,-0.4229023200475469,-1.0672990662276252
32,1570276800,252,736,484,988,40,0.32394163089565287,-0.4335161426345696
32,1570291200,443,1114,671,1557,40,0.7034520081412462,0.08165883382892833
32,1570305600,582,1312,730,1894,40,0.8231905763631179,0.3867800413301565
32,1570320000,338,653,315,991,40,-0.019038335705979657,-0.4307999301048851
32,1570334400,124,125,1,249,40,-0.6562910547172969,-1.1026098291135238
32,1570348800,48,111,63,159,40,-0.5304640847214317,-1.1840962050040595
32,1570363200,180,543,363,723,40,0.07837609267791597,-0.6734482494233692
32,1570377600,335,1115,780,1450,40,0.9246639392630092,-0.015219413063153005
32,1570392000,462,958,496,1420,40,0.34829523799162676,-0.042381538359998236
32,1570406400,256,332,76,588,40,-0.5040810103674599,-0.7956778132591728
32,1570420800,61,67,6,128,40,-0.6461437184273077,-1.2121637344774663
32,1570435200,382,442,60,824,40,-0.5365524864954252,-0.5820024275906569
32,1570449600,686,2166,1480,2852,40,2.345291019861487,1.254157242476081
32,1570464000,766,922,156,1688,40,-0.3417236297276339,0.20026678095848585
32,1570478400,1912,1580,0,3492,40,-0.6583205219752947,1.833615915475446
32,1570492800,582,291,0,873,41,-0.6909659231254462,-0.5233365817927069
32,1570507200,68,43,0,111,41,-0.6909659231254462,-1.2301291700399022
32,1570521600,340,460,120,800,41,-0.45278329180390536,-0.5910476827665195
32,1570536000,680,2561,1881,3241,41,3.042546822839707,1.6731002278783675
32,1570550400,913,980,67,1893,41,-0.5579806206375859,0.42276373318385385
32,1570564800,1817,1821,4,3638,41,-0.6830265020813949,2.0413373112564996
32,1570579200,563,491,0,1054,41,-0.6909659231254462,-0.3554501533507878
32,1570593600,99,64,0,163,41,-0.6909659231254462,-1.1818966049626658
32,1570608000,338,407,69,745,41,-0.5540109101155603,-0.6420628958289811
32,1570622400,575,2015,1440,2590,41,2.1672256527330442,1.0692656150845037
32,1570636800,684,945,261,1629,41,-0.1729187000010948,0.17789071048403815
32,1570651200,1569,1493,0,3062,41,-0.6909659231254462,1.5070688980932652
32,1570665600,548,397,0,945,41,-0.6909659231254462,-0.4565530301473026
32,1570680000,81,55,0,136,41,-0.6909659231254462,-1.2069404368296925
32,1570694400,347,471,124,818,41,-0.444843870759854,-0.5743517948551685
32,1570708800,694,2318,1624,3012,41,2.5324390207594067,1.4606914316728454
32,1570723200,852,1158,306,2010,41,-0.08360021325551698,0.5312870046076359
32,1570737600,1913,1909,0,3822,41,-0.6909659231254462,2.212006387683644
32,1570752000,686,519,0,1205,41,-0.6909659231254462,-0.21539020476112045
32,1570766400,108,63,0,171,41,-0.6909659231254462,-1.1744762103353987
32,1570780800,305,400,95,705,41,-0.5024046733292263,-0.6791648689653169
32,1570795200,644,2163,1519,2807,41,2.3240292183530586,1.270543819349125
32,1570809600,914,1097,183,2011,41,-0.3277374103600964,0.5322145539360442
32,1570824000,1667,1853,186,3520,41,-0.32178284457705786,1.9318864905043092
32,1570838400,529,611,82,1140,41,-0.5282077917223933,-0.27568091110766596
32,1570852800,110,116,6,226,41,-0.6790567915593692,-1.123460997272937
32,1570867200,73,194,121,267,41,-0.45079843654289253,-1.085431474808193
32,1570881600,229,762,533,991,41,0.3669619309943979,-0.4138857610405165
32,1570896000,421,1268,847,1689,41,0.9902064829524299,0.23354367018854172
32,1570910400,524,1572,1048,2096,41,1.3891623904160109,0.6110562468507577
32,1570924800,333,677,344,1010,41,-0.008175713337029029,-0.39626232380075704
32,1570939200,126,131,5,257,41,-0.681041646820382,-1.094706968092277
32,1570953600,41,112,71,153,41,-0.5500411995935346,-1.1911720982467497
32,1570968000,183,588,405,771,41,0.11290045758475425,-0.6179466132903629
32,1570982400,314,1155,841,1469,41,0.9782973513863529,0.029482817938695286
32,1570996800,455,1102,647,1557,41,0.5932354307498617,0.11110715883863385
32,1571011200,271,497,226,768,41,-0.24238863413654424,-0.6207292612755881
32,1571025600,59,82,23,141,41,-0.6453142521221509,-1.2023026901876506
32,1571040000,222,325,103,547,41,-0.48652583124112364,-0.825717662853843
32,1571054400,460,1556,1096,2016,41,1.4844354429446271,0.5368523005780862
32,1571068800,621,965,344,1586,41,-0.008175713337029029,0.13800608936247727
32,1571083200,1448,1270,0,2718,41,-0.6909659231254462,1.1879919291207781
32,1571097600,477,356,0,833,42,-0.6663096231870934,-0.560257322292746
32,1571112000,61,68,7,129,42,-0.652521966288374,-1.188078458711753
32,1571126400,335,473,138,808,42,-0.3944958157551964,-0.5825521069667166
32,1571140800,685,2244,1559,2929,42,2.4043985346848453,1.3089374247729337
32,1571155200,774,1003,229,1777,42,-0.21525627607184394,0.2815937469963769
32,1571169600,1813,1833,20,3646,42,-0.6269163177621808,1.948351849222405
32,1571184000,618,478,0,1096,42,-0.6663096231870934,-0.3257161875225773
32,1571198400,97,62,0,159,42,-0.6663096231870934,-1.1613247171029886
32,1571212800,371,429,58,800,42,-0.5520690374548468,-0.5896864380623871
32,1571227200,684,2388,1704,3072,42,2.6899999990154617,1.4364635931080445
32,1571241600,915,1052,137,1967,42,-0.39646548102644197,0.4510341105185521
32,1571256000,1680,1620,0,3300,42,-0.6663096231870934,1.6397920293346546
32,1571270400,542,292,0,834,42,-0.6663096231870934,-0.5593655309057872
32,1571284800,89,46,0,135,42,-0.6663096231870934,-1.1827277103900002
32,1571299200,343,453,110,796,42,-0.44964644335007403,-0.5932536036102223
32,1571313600,679,2307,1628,2986,42,2.540305438400794,1.3597695338295863
32,1571328000,907,1090,183,1997,42,-0.30586087854914296,0.47778785212731656
32,1571342400,1866,1844,0,3710,42,-0.6663096231870934,2.005426497987769
32,1571356800,692,447,0,1139,42,-0.6663096231870934,-0.28736915788334816
32,1571371200,106,73,0,179,42,-0.6663096231870934,-1.1434888893638122
32,1571385600,331,384,53,715,42,-0.561917363811075,-0.6654887059538864
32,1571400000,571,2198,1627,2769,42,2.5383357731295484,1.166250802859523
32,1571414400,820,1192,372,2012,42,0.06640585771628128,0.4911647229316988
32,1571428800,1633,1760,127,3393,42,-0.4161621337388983,1.7227286283218246
32,1571443200,486,580,94,1066,42,-0.4811610876900041,-0.3524699291313418
32,1571457600,128,113,0,241,42,-0.6663096231870934,-1.0881978233723655
32,1571472000,79,158,79,237,42,-0.5107060667586886,-1.0917649889202008
32,1571486400,241,743,502,984,42,0.3224623429782133,-0.42559682286196476
32,1571500800,406,1248,842,1654,42,0.9921485352017279,0.17190340640044244
32,1571515200,561,1477,916,2038,42,1.1379037652739046,0.514351298992628
32,1571529600,355,821,466,1176,42,0.2515543932133706,-0.25437287656587193
32,1571544000,151,129,0,280,42,-0.6663096231870934,-1.0534179592809718
32,1571558400,48,98,50,146,42,-0.5678263596248119,-1.1729180051334531
32,1571572800,220,612,392,832,42,0.1057991631411939,-0.5611491136797049
32,1571587200,326,1048,722,1374,42,0.7557887026522522,-0.07779818194802625
32,1571601600,298,795,497,1093,42,0.3126140166219852,-0.32839156168345374
32,1571616000,194,254,60,448,42,-0.5481297069123555,-0.9035970062718905
32,1571630400,42,43,1,85,42,-0.6643399579158478,-1.227317279737941
32,1571644800,352,411,59,763,42,-0.5500993721836012,-0.6226827193798633
32,1571659200,682,1969,1287,2651,42,1.8686495809060337,1.0610194191983826
32,1571673600,683,972,289,1655,42,-0.09707635979710608,0.17279519778740124
32,1571688000,1753,1715,0,3468,42,-0.6663096231870934,1.789612982343736
32,1571702400,574,398,0,972,43,-0.6241920334571978,-0.4140539292764875
32,1571716800,95,56,0,151,43,-0.6241920334571978,-1.1570884121966978
32,1571731200,384,442,58,826,43,-0.501310847623859,-0.5461891722805687
32,1571745600,710,2268,1558,2978,43,2.6766508549624883,1.4014481081631494
32,1571760000,680,979,299,1659,43,0.009281665925014152,0.2077057415714839
32,1571774400,1817,1627,0,3444,43,-0.6241920334571978,1.8231948426830251
32,1571788800,564,396,0,960,43,-0.6241920334571978,-0.4249143602083298
32,1571803200,66,58,0,124,43,-0.6241920334571978,-1.181524381793343
32,1571817600,354,468,114,822,43,-0.3826669440606354,-0.5498093159245162
32,1571832000,723,2280,1557,3003,43,2.6745322138274306,1.424074005937821
32,1571846400,775,1125,350,1900,43,0.11733236381294997,0.42581939611931663
32,1571860800,1854,1698,0,3552,43,-0.6241920334571978,1.9209387210696058
32,1571875200,624,467,0,1091,43,-0.6241920334571978,-0.3063546558690514
32,1571889600,112,54,0,166,43,-0.6241920334571978,-1.143512873531895
32,1571904000,381,440,59,821,43,-0.49919220648880147,-0.550714351835503
32,1571918400,712,2262,1550,2974,43,2.659701725882028,1.397827964519202
32,1571932800,863,1090,227,1953,43,-0.14326049579913053,0.4737862994016201
32,1571947200,1914,1825,0,3739,43,-0.6241920334571978,2.090180436424148
32,1571961600,710,509,0,1219,43,-0.6241920334571978,-0.1905100592627336
32,1571976000,119,70,0,189,43,-0.6241920334571978,-1.1226970475791973
32,1571990400,338,392,54,730,43,-0.5097854121640892,-0.633072619735307
32,1572004800,603,1967,1364,2570,43,2.265634474761321,1.0321934564805115
32,1572019200,895,1170,275,2065,43,-0.04156572131636741,0.5751503214321482
32,1572033600,1686,1760,74,3446,43,-0.467412589462938,1.825004914504999
32,1572048000,539,589,50,1128,43,-0.5182599767043196,-0.27286832716253767
32,1572062400,149,113,0,262,43,-0.6241920334571978,-1.0566294260771565
32,1572076800,86,138,52,224,43,-0.5140226944342045,-1.0910207906946572
32,1572091200,262,660,398,922,43,0.2190271382957131,-0.4593057248258304
32,1572105600,446,1038,592,1484,43,0.6300435184968807,0.04932445714878376
32,1572120000,503,1323,820,1826,43,1.1130936972900056,0.35884673870628914
32,1572134400,344,615,271,959,43,-0.05004028585659767,-0.42581939611931663
32,1572148800,126,106,0,232,43,-0.6241920334571978,-1.0837805034067622
32,1572163200,52,90,38,142,43,-0.5436836703250103,-1.1652337353955795
32,1572177600,158,436,278,594,43,-0.03520979791119471,-0.7561575036295197
32,1572192000,248,657,409,905,43,0.2423321907813463,-0.474691335312607
32,1572206400,347,751,404,1098,43,0.23173898510605848,-0.30001940449214337
32,1572220800,242,273,31,515,43,-0.5585141582704133,-0.8276553405974816
32,1572235200,39,39,0,78,43,-0.6241920334571978,-1.2231560336987384
32,1572249600,372,442,70,814,43,-0.4758871540031682,-0.557049603212411
32,1572264000,672,2029,1357,2701,43,2.2508039868159178,1.1507531608197898
32,1572278400,836,901,65,1737,43,-0.4864803596784561,0.2782985426284588
32,1572292800,1852,1212,0,3064,43,-0.6241920334571978,1.4792811965080193
32,1572307200,530,338,0,868,44,-0.6672248078334717,-0.5520247690373297
32,1572321600,63,40,0,103,44,-0.6672248078334717,-1.2379893647415816
32,1572336000,359,496,137,855,44,-0.3934474627790048,-0.5636816837355718
32,1572350400,678,2297,1619,2975,44,2.5681439632846446,1.3372920978239236
32,1572364800,784,976,192,1760,44,-0.28353684980093413,0.24781891641128825
32,1572379200,1909,1846,0,3755,44,-0.6672248078334717,2.036706979718455
32,1572393600,646,366,0,1012,44,-0.6672248078334717,-0.42290202161064694
32,1572408000,75,47,0,122,44,-0.6672248078334717,-1.2209523355672276
32,1572422400,364,481,117,845,44,-0.43341495840739414,-0.5726485411957581
32,1572436800,726,2295,1569,3021,44,2.4682252242136715,1.3785396421407805
32,1572451200,780,1129,349,1909,44,0.030207990881922116,0.3814250925680641
32,1572465600,1980,1722,0,3702,44,-0.6672248078334717,1.9891826351794677
32,1572480000,651,439,0,1090,44,-0.6672248078334717,-0.3529605334211938
32,1572494400,95,49,0,144,44,-0.6672248078334717,-1.2012252491548177
32,1572508800,326,409,83,735,44,-0.501359700975656,-0.6712839732578074
32,1572523200,612,2161,1549,2773,44,2.4282577285852818,1.1561615771281604
32,1572537600,854,1026,172,1880,44,-0.32350434542932344,0.35542120593352383
32,1572552000,1770,1569,0,3339,44,-0.6672248078334717,1.6636857093747048
32,1572566400,570,823,253,1393,44,-0.16163598813434668,-0.08126475237754893
32,1572580800,102,100,0,202,44,-0.6672248078334717,-1.1492174758857372
32,1572595200,319,413,94,732,44,-0.47937757838004186,-0.6739740304958634
32,1572609600,572,2051,1479,2623,44,2.2883714938859194,1.021658715225366
32,1572624000,930,1249,319,2179,44,-0.02974325256066188,0.6235302439930942
32,1572638400,1713,1726,13,3439,44,-0.6412459356750186,1.753354283976568
32,1572652800,537,667,130,1204,44,-0.40743608624894107,-0.25073835837506997
32,1572667200,134,124,0,258,44,-0.6672248078334717,-1.099003074108694
32,1572681600,83,181,98,264,44,-0.471384079254364,-1.0936229596325822
32,1572696000,241,910,669,1151,44,0.6696879209361514,-0.2982627029140574
32,1572710400,466,1153,687,1619,44,0.7056586670017018,0.12138622622266143
32,1572724800,505,1431,926,1936,44,1.1832702397609542,0.4056356077105671
32,1572739200,343,568,225,911,44,-0.21759048201409173,-0.5134672819585285
32,1572750000,139,104,0,243,44,-0.6672248078334717,-1.1124533602989735
32,1572764400,52,125,73,177,44,-0.5213434487898506,-1.1716346195362028
32,1572778800,247,463,216,710,44,-0.23557585504686693,-0.6937011169082732
32,1572793200,320,1024,704,1344,44,0.7396310382858328,-0.1252023539324618
32,1572807600,446,1311,865,1757,44,1.061369378094367,0.24512885917323238
32,1572822000,320,366,46,686,44,-0.5752995678881763,-0.7152215748127203
32,1572836400,100,65,0,165,44,-0.6672248078334717,-1.1823948484884266
32,1572850800,194,190,0,384,44,-0.6672248078334717,-0.9860206701103466
32,1572865200,785,2290,1505,3075,44,2.3403292382028256,1.4269606724257866
32,1572879600,657,925,268,1582,44,-0.13166036641305467,0.08820885361997212
32,1572894000,1784,1698,0,3482,44,-0.6672248078334717,1.791911771055369
32,1572908400,812,580,0,1392,44,-0.6672248078334717,-0.08216143812356756
32,1572922800,169,103,0,272,45,-0.6185493119105752,-1.0072668860131238
32,1572937200,189,285,96,474,45,-0.4200937675783209,-0.8333697662187453
32,1572951600,942,2597,1655,3539,45,2.802741582567349,1.8052177197702133
32,1572966000,710,1313,603,2023,45,0.6279995759263968,0.5001284444817106
32,1572980400,1835,1707,0,3542,45,-0.6185493119105752,1.8078003502622089
32,1572994800,938,547,0,1485,45,-0.6185493119105752,0.03697670958381172
32,1573009200,193,125,0,318,45,-0.6185493119105752,-0.9676665518025227
32,1573023600,209,222,13,431,45,-0.5916751236155824,-0.8703874699373506
32,1573038000,840,2387,1547,3227,45,2.5794790951935633,1.5366241486026588
32,1573052400,738,1206,468,1944,45,0.34892146670916424,0.43211917485915663
32,1573066800,1831,1789,0,3620,45,-0.6185493119105752,1.8749487430540976
32,1573081200,887,561,0,1448,45,-0.6185493119105752,0.005124266849197863
32,1573095600,180,110,0,290,45,-0.6185493119105752,-0.9917711030611494
32,1573110000,192,180,0,372,45,-0.6185493119105752,-0.9211792029465997
32,1573124400,841,2398,1557,3239,45,2.600151547728173,1.5469546705706416
32,1573138800,749,945,196,1694,45,-0.21336924223222276,0.21689996719284677
32,1573153200,1893,1709,0,3602,45,-0.6185493119105752,1.8594529601021232
32,1573167600,803,550,0,1353,45,-0.6185493119105752,-0.07665903206399988
32,1573182000,178,101,0,279,45,-0.6185493119105752,-1.001240748198467
32,1573196400,174,188,14,362,45,-0.5896078783621214,-0.9297879712532521
32,1573210800,669,1976,1307,2645,45,2.0833402343629275,1.0355938331554895
32,1573225200,803,1040,237,1843,45,-0.1286121868403225,0.34517061496196744
32,1573239600,1684,1729,45,3413,45,-0.5255232755048309,1.6967472391063934
32,1573254000,685,598,0,1283,45,-0.6185493119105752,-0.13692041021056664
32,1573268400,189,159,0,348,45,-0.6185493119105752,-0.9418402468825655
32,1573282800,47,80,33,127,45,-0.5503302185463628,-1.1320940264595833
32,1573297200,190,506,316,696,45,0.03470018818309503,-0.6422551098110622
32,1573311600,348,936,588,1284,45,0.596990897124482,-0.1360595333799014
32,1573326000,476,1115,639,1591,45,0.702420405050992,0.1282296536343271
32,1573340400,329,678,349,1007,45,0.10291928154730742,-0.3745224154741727
32,1573354800,166,115,0,281,45,-0.6185493119105752,-0.9995189945371366
32,1573369200,29,58,29,87,45,-0.5585991995602066,-1.166529099686193
32,1573383600,125,331,206,456,45,-0.19269678969761295,-0.8488655491707197
32,1573398000,282,758,476,1040,45,0.36545942873685205,-0.3461134800622198
32,1573412400,410,776,366,1186,45,0.1380624508561441,-0.22042546278509487
32,1573426800,325,347,22,672,45,-0.5730699163344335,-0.662916153747028
32,1573441200,83,65,0,148,45,-0.6185493119105752,-1.1140156130156134
32,1573455600,136,160,24,296,45,-0.5689354258275116,-0.986605842077158
32,1573470000,669,2137,1468,2806,45,2.4161667201701458,1.174195002892593
32,1573484400,627,940,313,1567,45,0.028498452422712085,0.10756860969836135
32,1573498800,1620,1453,0,3073,45,-0.6185493119105752,1.4040491166802118
32,1573513200,741,462,0,1203,45,-0.6185493119105752,-0.2057905566637858
32,1573527600,145,107,0,252,46,-0.583187831985971,-1.0280354970171328
32,1573542000,206,192,0,398,46,-0.583187831985971,-0.8972271954793453
32,1573556400,824,2273,1449,3097,46,2.3136163696955685,1.5209344884281113
32,1573570800,701,820,119,1521,46,-0.345286037644975,0.108921589636651
32,1573585200,1736,1567,0,3303,46,-0.583187831985971,1.7054996262143047
32,1573599600,790,373,0,1163,46,-0.583187831985971,-0.21182753331217058
32,1573614000,127,106,0,233,46,-0.583187831985971,-1.0450584951624613
32,1573628400,189,169,0,358,46,-0.583187831985971,-0.9330650863116158
32,1573642800,778,2433,1655,3211,46,2.7254463666219984,1.6230724773000824
32,1573657200,687,870,183,1557,46,-0.2173388541338511,0.1411756913856945
32,1573671600,1684,1587,0,3271,46,-0.583187831985971,1.6768293135484884
32,1573686000,857,482,0,1339,46,-0.583187831985971,-0.05414081365018009
32,1573700400,154,95,0,249,46,-0.583187831985971,-1.0307233388295531
32,1573714800,188,198,10,386,46,-0.5631960845623578,-0.9079785627290263
32,1573729200,789,2368,1579,3157,46,2.5735090862025385,1.5746913246765173
32,1573743600,757,891,134,1648,46,-0.3152984165095553,0.22270689302911004
32,1573758000,1829,1452,0,3281,46,-0.583187831985971,1.685788786256556
32,1573772400,879,563,0,1442,46,-0.583187831985971,0.038141755242916624
32,1573786800,184,104,0,288,46,-0.583187831985971,-0.9957813952680893
32,1573801200,227,164,0,391,46,-0.583187831985971,-0.9034988263749926
32,1573815600,705,2249,1544,2954,46,2.503537970219893,1.3928140287027442
32,1573830000,716,999,283,1715,46,-0.01742137989772001,0.28273536017316325
32,1573844400,1689,1629,0,3318,46,-0.583187831985971,1.7189388352764063
32,1573858800,710,698,0,1408,46,-0.583187831985971,0.0076795480354866375
32,1573873200,210,198,0,408,46,-0.583187831985971,-0.8882677227712775
32,1573887600,55,92,37,147,46,-0.5092183665186025,-1.122109960451843
32,1573902000,175,482,307,657,46,0.03055881391895145,-0.6651768523403933
32,1573916400,313,1112,799,1425,46,1.0141527871607163,0.02291065163920163
32,1573930800,483,1270,787,1753,46,0.9901626902523807,0.3167813564638203
32,1573945200,359,717,358,1076,46,0.1325167257793783,-0.2897749458723591
32,1573959600,163,180,17,343,46,-0.5492018613658287,-0.9465042953737173
32,1573974000,39,65,26,104,46,-0.5312092886845768,-1.1606356930965338
32,1573988400,105,285,180,390,46,-0.22333637836093503,-0.9043947736457993
32,1574002800,289,884,595,1173,46,0.6063211397190089,-0.20286806060410295
32,1574017200,424,881,457,1305,46,0.33043502527314805,-0.08460302085761008
32,1574031600,291,375,84,666,46,-0.4152571536276209,-0.6571133269031324
32,1574046000,81,81,0,162,46,-0.583187831985971,-1.1086707513897416
32,1574060400,173,175,2,348,46,-0.5791894825012484,-0.9420245590196834
32,1574074800,766,2214,1448,2980,46,2.311617194953207,1.41610865774372
32,1574089200,612,811,199,1423,46,-0.18535205825607012,0.0211187570975881
32,1574103600,1775,1556,0,3331,46,-0.583187831985971,1.7305861497968942
32,1574118000,780,365,0,1145,46,-0.583187831985971,-0.22795458418669234
32,1574132400,134,137,3,271,47,-0.7340546744017138,-1.0519567047579443
32,1574146800,202,195,0,397,47,-0.740292678649007,-0.9466914143811069
32,1574161200,858,2335,1477,3193,47,2.330884745768334,1.3891955054096636
32,1574175600,689,860,171,1549,47,-0.3847264365532959,0.015734097635691228
32,1574190000,1679,1653,0,3332,47,-0.740292678649007,1.5053215003491904
32,1574204400,833,474,0,1307,47,-0.740292678649007,-0.18644209499283756
32,1574218800,234,219,0,453,47,-0.740292678649007,-0.8999068408802904
32,1574233200,248,266,18,514,47,-0.7028646531652479,-0.8489450733169009
32,1574247600,802,2337,1535,3139,47,2.451486161216002,1.3440818095338762
32,1574262000,732,957,225,1689,47,-0.2724423601020187,0.13269553138773268
32,1574276400,1700,2260,560,3960,47,0.4241347808457195,2.0299770746083476
32,1574290800,897,895,0,1792,47,-0.740292678649007,0.2187457290767346
32,1574305200,303,206,0,509,47,-0.740292678649007,-0.8531222673794738
32,1574319600,222,270,48,492,47,-0.6404846106923162,-0.8673247271922218
32,1574334000,968,2470,1502,3438,47,2.382868114495777,1.5938780144757363
32,1574348400,728,973,245,1701,47,-0.23085566512006417,0.14272079713790767
32,1574362800,1703,1883,180,3586,47,-0.36601242381141635,1.7175229587278942
32,1574377200,828,623,0,1451,47,-0.740292678649007,-0.06613890599073778
32,1574391600,354,129,0,483,47,-0.740292678649007,-0.874843676504853
32,1574406000,193,225,32,418,47,-0.6737539666778798,-0.9291471993183008
32,1574420400,587,2374,1787,2961,47,2.9754785179886287,1.1953737009062806
32,1574434800,727,1131,404,1858,47,0.09975855998647425,0.273884690702697
32,1574449200,1630,2222,592,3852,47,0.4906734928168467,1.9397496828567728
32,1574463600,687,967,280,1654,47,-0.15807894890164376,0.10345517294972231
32,1574478000,189,272,83,461,47,-0.5677078944738958,-0.8932233303801738
32,1574492400,51,88,37,139,47,-0.6633572929323912,-1.162234628009869
32,1574506800,183,450,267,633,47,-0.1851103006399142,-0.7495278546276657
32,1574521200,365,1009,644,1374,47,0.5987988997699285,-0.13046769455436058
32,1574535600,519,1363,844,1882,47,1.0146658495894736,0.29393522220304696
32,1574550000,327,749,422,1076,47,0.1371865854702333,-0.37942846068370595
32,1574564400,143,196,53,339,47,-0.6300879369468275,-0.9951468655069527
32,1574578800,32,55,23,87,47,-0.6924679794197593,-1.2056774462606272
32,1574593200,112,398,286,510,47,-0.1456029404070574,-0.8522868285669593
32,1574607600,232,852,620,1084,47,0.5488948657915831,-0.3727449501835893
32,1574622000,415,967,552,1382,47,0.4075001028529377,-0.12378418405424393
32,1574636400,296,368,72,664,47,-0.5905805767139708,-0.7236292514397137
32,1574650800,75,81,6,156,47,-0.7278166701544206,-1.1480321681971213
32,1574665200,196,193,0,389,47,-0.740292678649007,-0.9533749248812237
32,1574679600,927,2161,1234,3088,47,1.8256064017375868,1.3014744300956325
32,1574694000,645,1020,375,1665,47,0.03945785226264019,0.11264499988738272
32,1574708400,1713,2089,376,3802,47,0.04153718701173792,1.8979777422310438
32,1574722800,817,720,0,1537,47,-0.740292678649007,0.0057088318855162455
32,1574737200,173,118,0,291,48,-0.9833840719196917,-0.9148083542639652
32,1574751600,285,242,0,527,48,-0.9833840719196917,-0.6731801823486929
32,1574766000,936,2097,1161,3033,48,2.1763269266931187,1.8925833719719527
32,1574780400,725,1171,446,1896,48,0.23042394305129313,0.7284679843971027
32,1574794800,1600,2310,710,3910,48,0.9489111985498133,2.7904982311655706
32,1574809200,783,924,141,1707,48,-0.5996465604602548,0.5349606772276685
32,1574823600,202,138,0,340,48,-0.9833840719196917,-0.8646397931459637
32,1574838000,186,207,21,393,48,-0.9262316765959457,-0.8103758392836357
32,1574852400,714,1781,1067,2495,48,1.9205019190534942,1.3417530478600184
32,1574866800,921,1605,684,2526,48,0.8781510900537469,1.3734923416285498
32,1574881200,1280,2121,841,3401,48,1.3054332836646094,2.269359504450004
32,1574895600,499,778,279,1277,48,-0.22407367690421015,0.09470595721255376
32,1574910000,167,169,2,336,48,-0.9779409866507636,-0.8687351858902904
32,1574924400,60,99,39,159,48,-0.8772439091755921,-1.0499563148267446
32,1574938800,290,699,409,989,48,0.12972686557612176,-0.20016232037896498
32,1574953200,506,995,489,1501,48,0.3474502763332491,0.3240479508948461
32,1574967600,254,969,715,1223,48,0.9625189117221338,0.03941815516414399
32,1574982000,179,477,298,656,48,-0.1723643668493924,-0.5411037663441585
32,1574996400,83,114,31,197,48,-0.8990162502513048,-1.0110500837556415
32,1575010800,65,111,46,176,48,-0.8581931107343435,-1.0325508956633564
32,1575025200,259,609,350,868,48,-0.030844149857259653,-0.3240479508948461
32,1575039600,379,1237,858,1616,48,1.3516995084504988,0.4417904922942372
32,1575054000,566,1576,1010,2142,48,1.765373988889041,0.9803346381731916
32,1575068400,351,909,558,1260,48,0.5352367181112714,0.0773005380491655
32,1575082800,141,142,1,283,48,-0.9806625292852276,-0.9229991397526185
32,1575097200,43,92,49,135,48,-0.8500284828309512,-1.0745286712927045
32,1575111600,145,648,503,793,48,0.38555187321574635,-0.40083656485097074
32,1575126000,301,899,598,1200,48,0.644098423489835,0.015869646884265766
32,1575140400,440,971,531,1411,48,0.4617550669807409,0.2319016141474965
32,1575154800,352,605,253,957,48,-0.29483378540027655,-0.23292546233357816
32,1575169200,125,126,1,251,48,-0.9806625292852276,-0.9557622817072317
32,1575183600,25,46,21,71,48,-0.9262316765959457,-1.1400549552019308
32,1575198000,98,435,337,533,48,-0.06622420410529284,-0.667037093232203
32,1575212400,207,632,425,839,48,0.17327154772754721,-0.3537395482912143
32,1575226800,262,547,285,809,48,-0.2077444210974256,-0.38445499387366416
32,1575241200,306,364,58,670,48,-0.8255345991207744,-0.5267698917390152
32,1575255600,133,164,31,297,48,-0.8990162502513048,-0.9086652651474753
32,1575270000,158,199,41,357,48,-0.8718008239066639,-0.8472343739825755
32,1575284400,781,2154,1373,2935,48,2.7532939651995063,1.7922462497359497
32,1575298800,592,1106,514,1698,48,0.4154888421948514,0.5257460435529335
32,1575313200,1610,980,0,2590,48,-0.9833840719196917,1.4390186255377762
32,1575327600,679,322,0,1001,48,-0.9833840719196917,-0.18787614214598503
32,1575342000,132,66,0,198,49,-0.5866191544125233,-1.1156654035411337
32,1575356400,190,173,0,363,49,-0.5866191544125233,-0.9620724668622818
32,1575370800,723,2178,1455,2901,49,2.486794470943212,1.400466159143334
32,1575385200,663,852,189,1515,49,-0.18739222988177828,0.11028549104097653
32,1575399600,1723,1552,0,3275,49,-0.5866191544125233,1.7486101489487322
32,1575414000,802,450,0,1252,49,-0.5866191544125233,-0.1345323413622847
32,1575428400,165,78,0,243,49,-0.5866191544125233,-1.0737764208105378
32,1575442800,942,483,0,1425,49,-0.5866191544125233,0.026507525579784474
32,1575457200,781,2156,1375,2937,49,2.3178095293428966,1.4339773453278108
32,1575471600,668,893,225,1561,49,-0.11134900616163639,0.15310534005447468
32,1575486000,1863,1609,0,3472,49,-0.5866191544125233,1.9319908066804525
32,1575500400,908,494,0,1402,49,-0.5866191544125233,0.005097601073035395
32,1575514800,195,93,0,288,49,-0.5866191544125233,-1.0318874380799419
32,1575529200,201,204,3,405,49,-0.5802822191025114,-0.9229760829803921
32,1575543600,814,2376,1562,3190,49,2.7128118303336337,1.6694865149020508
32,1575558000,723,1007,284,1730,49,0.013277388268596188,0.3104217418649353
32,1575572400,1629,1581,0,3210,49,-0.5866191544125233,1.6881038405600934
32,1575586800,815,497,0,1312,49,-0.5866191544125233,-0.07868036438815666
32,1575601200,173,116,0,289,49,-0.5866191544125233,-1.0309565717970397
32,1575615600,190,181,0,371,49,-0.5866191544125233,-0.9546255365990647
32,1575630000,684,2130,1446,2814,49,2.4677836650131764,1.3194807925308485
32,1575644400,767,945,178,1712,49,-0.21062765935182165,0.2936661487726969
32,1575658800,1485,1755,270,3240,49,-0.016294976511458996,1.7160298290471576
32,1575673200,640,605,0,1245,49,-0.5866191544125233,-0.14104840534259963
32,1575687600,211,127,0,338,49,-0.5866191544125233,-0.9853441239348351
32,1575702000,58,94,36,152,49,-0.5105759306923814,-1.158485252554632
32,1575716400,210,549,339,759,49,0.12945453561881298,-0.5934494188330367
32,1575730800,388,945,557,1333,49,0.5899385014796723,-0.05913217244721185
32,1575745200,610,1088,478,1698,49,0.42306587164936094,0.280634020812067
32,1575759600,373,668,295,1041,49,0.03651281773863955,-0.33094512705463497
32,1575774000,180,140,0,320,49,-0.5866191544125233,-1.0020997170270736
32,1575788400,44,63,19,107,49,-0.5464852307824484,-1.200374235285228
32,1575802800,123,347,224,470,49,-0.11346131793164033,-0.8624697745917534
32,1575817200,289,828,539,1117,49,0.5519168896196014,-0.2601992895540728
32,1575831600,476,875,399,1351,49,0.2561932418190495,-0.04237657935497344
32,1575846000,277,326,49,603,49,-0.48311587768233016,-0.7386645589657695
32,1575860400,94,61,0,155,49,-0.5866191544125233,-1.1556926537059256
32,1575874800,149,147,0,296,49,-0.5866191544125233,-1.0244405078167247
32,1575889200,655,2261,1606,2916,49,2.8057535482138074,1.414429153386866
32,1575903600,671,807,136,1478,49,-0.2993447536919872,0.07584343857359757
32,1575918000,1658,1363,0,3021,49,-0.5866191544125233,1.51217011309159
32,1575932400,751,398,0,1149,49,-0.5866191544125233,-0.23041156850120448
32,1575946800,150,87,0,237,50,-0.5359923249859687,-1.07272647713422
32,1575961200,204,184,0,388,50,-0.5359923249859687,-0.9419353490585274
32,1575975600,797,2350,1553,3147,50,2.5371999560912815,1.4478177791589277
32,1575990000,728,968,240,1696,50,-0.06106241677055336,0.19101031665674315
32,1576004400,1815,1785,0,3600,50,-0.5359923249859687,1.8401911633860055
32,1576018800,898,496,0,1394,50,-0.5359923249859687,-0.07057193949464195
32,1576033200,176,82,0,258,50,-0.5359923249859687,-1.0545369825011766
32,1576047600,158,163,5,321,50,-0.5260979518981476,-0.9999684986020466
32,1576062000,780,2433,1653,3213,50,2.7350874178477045,1.5049847622913497
32,1576076400,752,914,162,1666,50,-0.21541463694056334,0.16502532432382408
32,1576090800,1565,1604,39,3169,50,-0.45881621490096375,1.4668734402030685
32,1576105200,761,495,0,1256,50,-0.5359923249859687,-0.19010290422606957
32,1576119600,155,81,0,236,50,-0.5359923249859687,-1.0735926435453171
32,1576134000,194,177,0,371,50,-0.5359923249859687,-0.9566601780471815
32,1576148400,674,2385,1711,3059,50,2.84986214566643,1.3715951349823652
32,1576162800,802,923,121,1725,50,-0.2965484962606968,0.2161291425785649
32,1576177200,1798,1665,0,3463,50,-0.5359923249859687,1.7215263650656751
32,1576191600,902,575,0,1477,50,-0.5359923249859687,0.0013198726264340773
32,1576206000,215,108,0,323,50,-0.5359923249859687,-0.998236165779852
32,1576220400,171,168,0,339,50,-0.5359923249859687,-0.9843775032022952
32,1576234800,593,2146,1553,2739,50,2.5371999560912815,1.0944218834312287
32,1576249200,828,1054,226,1882,50,-0.08876666141645259,0.35211726912084124
32,1576263600,2076,1574,0,3650,50,-0.5359923249859687,1.8834994839408705
32,1576278000,842,621,0,1463,50,-0.5359923249859687,-0.010806457128928146
32,1576292400,263,126,0,389,50,-0.5359923249859687,-0.9410691826474301
32,1576306800,52,79,27,131,50,-0.4825627103117345,-1.1645401167105338
32,1576321200,200,479,279,679,50,0.01611369331445164,-0.6898809234292126
32,1576335600,549,1106,557,1655,50,0.5662408369973078,0.15549749380175376
32,1576350000,691,1163,472,1854,50,0.3980364945043482,0.32786460961011676
32,1576364400,511,686,175,1197,50,-0.18968926691222834,-0.24120672248081038
32,1576378800,244,155,0,399,50,-0.5359923249859687,-0.9324075185364571
32,1576393200,51,54,3,105,50,-0.530055701133276,-1.1870604433990637
32,1576407600,144,366,222,510,50,-0.09668215988670951,-0.8362630469046566
32,1576422000,393,912,519,1305,50,0.49104360152986704,-0.1476607500823018
32,1576436400,572,853,281,1425,50,0.020071442549580102,-0.043720780750625604
32,1576450800,429,364,0,793,50,-0.5359923249859687,-0.5911379525641203
32,1576465200,107,75,0,182,50,-0.5359923249859687,-1.1203656297445714
32,1576479600,185,160,0,345,50,-0.5359923249859687,-0.9791805047357114
32,1576494000,741,2196,1455,2937,50,2.343270243569987,1.2659228328284944
32,1576508400,783,906,123,1689,50,-0.29259074702556837,0.184947151779062
32,1576522800,2121,1646,0,3767,50,-0.5359923249859687,1.9848409540392549
32,1576537200,1023,513,0,1536,50,-0.5359923249859687,0.05242369088117487
32,1576551600,193,68,0,261,51,-0.7661210119286286,-1.0926564542792463
32,1576566000,149,180,31,329,51,-0.6964006262760757,-1.0241149349526297
32,1576580400,725,2152,1427,2877,51,2.4432657727872744,1.5441761127564748
32,1576594800,649,1315,666,1964,51,0.731742757252024,0.6239054194446959
32,1576609200,1626,1527,0,3153,51,-0.7661210119286286,1.8223740441409775
32,1576623600,752,472,0,1224,51,-0.7661210119286286,-0.12198758499201418
32,1576638000,135,82,0,217,51,-0.7661210119286286,-1.1370068491376453
32,1576652400,196,176,0,372,51,-0.7661210119286286,-0.9807725036137398
32,1576666800,748,2211,1463,2959,51,2.5242313819321747,1.6268291213562183
32,1576681200,698,1021,323,1719,51,-0.03967957432299675,0.37695435716497433
32,1576695600,1570,1550,0,3120,51,-0.7661210119286286,1.7891112479971782
32,1576710000,780,502,0,1282,51,-0.7661210119286286,-0.06352570086048825
32,1576724400,167,92,0,259,51,-0.7661210119286286,-1.0946723813182646
32,1576738800,156,163,7,319,51,-0.7503776990393424,-1.0341945701477204
32,1576753200,638,2073,1435,2711,51,2.46125813037503,1.3768541685179694
32,1576767600,576,979,403,1555,51,0.14024400155455913,0.21164833996548724
32,1576782000,1476,1311,0,2787,51,-0.7661210119286286,1.4534593960006585
32,1576796400,679,478,0,1157,51,-0.7661210119286286,-0.18952114079912172
32,1576810800,157,87,0,244,51,-0.7661210119286286,-1.1097918341109005
32,1576825200,635,1061,426,1696,51,0.19197202961935642,0.3537711962162658
32,1576839600,548,2002,1454,2550,51,2.5039899796459495,1.2145720418770096
32,1576854000,656,999,343,1655,51,0.005301319646392216,0.312444691916394
32,1576868400,1588,1704,116,3292,51,-0.5052318269061725,1.9624809733527377
32,1576882800,588,793,205,1381,51,-0.30506684874239165,0.036262687570909446
32,1576897200,151,132,0,283,51,-0.7661210119286286,-1.0704812568500468
32,1576911600,54,68,14,122,51,-0.7346343861500563,-1.2327633834910068
32,1576926000,167,406,239,573,51,-0.22859932899443042,-0.7781718361924173
32,1576940400,325,1029,704,1354,51,0.8172064557938631,0.009047672544164618
32,1576954800,468,1055,587,1523,51,0.5540682260729376,0.17939350734119705
32,1576969200,331,771,440,1102,51,0.2234586553979287,-0.24495913437212044
32,1576983600,168,178,10,346,51,-0.7436305649439341,-1.0069795551209757
32,1576998000,38,47,9,85,51,-0.7458796096424035,-1.2700580337128422
32,1577012400,157,339,182,496,51,-0.35679487680718897,-0.8557850271946155
32,1577026800,274,968,694,1242,51,0.7947160088091686,-0.10384424164085096
32,1577041200,399,969,570,1368,51,0.515834466198957,0.023159161817291565
32,1577055600,266,507,241,773,51,-0.2241012395974915,-0.5765791322906038
32,1577070000,89,80,0,169,51,-0.7661210119286286,-1.1853890980740807
32,1577084400,170,136,0,306,51,-0.7661210119286286,-1.0472980959013383
32,1577098800,481,1542,1061,2023,51,1.6201154131474562,0.6833752670957309
32,1577113200,534,1157,623,1691,51,0.6350338352178377,0.34873137861872044
32,1577127600,1144,1630,486,2774,51,0.3269147115275233,1.4403558702470407
32,1577142000,515,663,148,1178,51,-0.4332623965551502,-0.1683539068894313
32,1577156400,111,110,0,221,52,-1.1570788516915744,-1.0595489432290788
32,1577170800,123,121,0,244,52,-1.1570788516915744,-1.0301613934018026
32,1577185200,361,1042,681,1403,52,1.121939797627188,0.4507155739813778
32,1577199600,539,1091,552,1630,52,0.6902314191218719,0.7407579135810171
32,1577214000,579,1128,549,1707,52,0.6801916893891902,0.839142319524507
32,1577228400,309,532,223,841,52,-0.4107922748955625,-0.2673628174503283
32,1577242800,87,105,18,192,52,-1.0968404732954837,-1.0966028104026009
32,1577257200,25,45,20,70,52,-1.0901473201403624,-1.2524845964429356
32,1577271600,89,261,172,350,52,-0.5814676803511527,-0.8947231202847904
32,1577286000,185,761,576,946,52,0.7705492569833261,-0.13320226389102377
32,1577300400,264,1153,889,1417,52,1.818027725759791,0.46860364778928504
32,1577314800,263,519,256,782,52,-0.30035524783606304,-0.34274827135508035
32,1577329200,70,80,10,150,52,-1.1236130859159685,-1.1502670318263228
32,1577343600,140,123,0,263,52,-1.1570788516915744,-1.005884721805357
32,1577358000,360,1103,743,1463,52,1.3294275454359448,0.5273787474438375
32,1577372400,452,1109,657,1561,52,1.041621959765734,0.6525952640991884
32,1577386800,1050,1503,453,2553,52,0.3589203379433734,1.920093065345189
32,1577401200,474,685,211,1159,52,-0.4509511938262896,0.13895200190070825
32,1577415600,120,121,1,241,52,-1.1537322751140138,-1.0339945520749256
32,1577430000,161,141,0,302,52,-1.1570788516915744,-0.9560536590547581
32,1577444400,395,1159,764,1554,52,1.3997056535647172,0.6436512271952348
32,1577458800,578,1207,629,1785,52,0.9479178155940374,0.9388044450257047
32,1577473200,1185,1808,623,2993,52,0.9278383561286738,2.4822896707365603
32,1577487600,554,825,271,1379,52,-0.2501565991726542,0.4200503045963939
