remote_unit_id,time_stamp,entries,exits,num_people_exited,sum_exit_entry,week_num,z_score_num_people_exited,z_score_sum_exit_entry
320,1546300800,0,0,0,0,1,-0.5441135456390919,-1.0371547483268149
320,1546315200,106,100,0,206,1,-0.5441135456390919,-0.6174810563184151
320,1546329600,41,25,0,66,1,-0.5441135456390919,-0.9026961868095605
320,1546344000,66,124,58,190,1,-0.03016992517502526,-0.6500770712316889
320,1546358400,187,248,61,435,1,-0.0035866344613666415,-0.1509505928721844
320,1546372800,175,192,17,367,1,-0.393474898261693,-0.2894836562535979
320,1546387200,94,99,5,193,1,-0.4998080611163275,-0.6439653184354501
320,1546401600,15,15,0,30,1,-0.5441135456390919,-0.9760372203644265
320,1546416000,51,176,125,227,1,0.5635235674300172,-0.5746987867447433
320,1546430400,286,749,463,1035,1,3.5585743211688876,1.0713999663755818
320,1546444800,455,400,0,855,1,-0.5441135456390919,0.7046947986012518
320,1546459200,1257,361,0,1618,1,-0.5441135456390919,2.2591172597779945
320,1546473600,220,113,0,333,1,-0.5441135456390919,-0.35875018794430463
320,1546488000,30,23,0,53,1,-0.5441135456390919,-0.9291804489265955
320,1546502400,61,188,127,249,1,0.581245761239123,-0.529879266238992
320,1546516800,336,728,392,1064,1,2.9294364409456337,1.1304802434058905
320,1546531200,509,430,0,939,1,-0.5441135456390919,0.8758238768959391
320,1546545600,1314,390,0,1704,1,-0.5441135456390919,2.434320839936841
320,1546560000,213,130,0,343,1,-0.5441135456390919,-0.33837767862350854
320,1546574400,37,24,0,61,1,-0.5441135456390919,-0.9128824414699587
320,1546588800,68,180,112,248,1,0.4483293076708298,-0.5319165171710715
320,1546603200,333,663,330,996,1,2.3800484328633558,0.9919471800244769
320,1546617600,571,338,0,909,1,-0.5441135456390919,0.8147063489335509
320,1546632000,1248,400,0,1648,1,-0.5441135456390919,2.320234787740383
320,1546646400,243,122,0,365,1,-0.5441135456390919,-0.2935581581177571
320,1546660800,52,29,0,81,1,-0.5441135456390919,-0.8721374228283664
320,1546675200,22,41,19,63,1,-0.37575270445258724,-0.9088079396057994
320,1546689600,103,212,109,315,1,0.4217460169571712,-0.3954207047217376
320,1546704000,219,358,139,577,1,0.6875789240937574,0.13833903948312024
320,1546718400,302,252,0,554,1,-0.5441135456390919,0.09148226804528921
320,1546732800,138,111,0,249,1,-0.5441135456390919,-0.529879266238992
320,1546747200,47,29,0,76,1,-0.5441135456390919,-0.8823236774887645
320,1546761600,14,19,5,33,1,-0.4998080611163275,-0.9699254675681878
320,1546776000,89,184,95,273,1,0.297690660293431,-0.48098524386908126
320,1546790400,279,366,87,645,1,0.22680188505700802,0.27687210286453373
320,1546804800,270,156,0,426,1,-0.5441135456390919,-0.1692858512609009
320,1546819200,94,65,0,159,1,-0.5441135456390919,-0.7132318501261569
320,1546833600,21,11,0,32,1,-0.5441135456390919,-0.9719627185002673
320,1546848000,68,181,113,249,1,0.4571904045753827,-0.529879266238992
320,1546862400,336,658,322,994,1,2.3091596576269326,0.9878726781603177
320,1546876800,503,312,0,815,1,-0.5441135456390919,0.6232047613180675
320,1546891200,1355,352,0,1707,1,-0.5441135456390919,2.44043259273308
320,1546905600,211,71,0,282,2,-0.508321801385488,-0.6062970175592
320,1546920000,31,15,0,46,2,-0.508321801385488,-1.041240640490863
320,1546934400,74,159,85,233,2,0.16880835941532996,-0.696603108761113
320,1546948800,378,650,272,1028,2,1.6584947131771295,0.7685671464535997
320,1546963200,571,374,0,945,2,-0.508321801385488,0.6155996858462774
320,1546977600,1409,367,0,1776,2,-0.508321801385488,2.1471172733726
320,1546992000,261,102,0,363,2,-0.508321801385488,-0.45701551985807826
320,1547006400,33,12,0,45,2,-0.508321801385488,-1.0430836219439634
320,1547020800,79,165,86,244,2,0.1767745966012219,-0.6763303127770101
320,1547035200,357,721,364,1078,2,2.391388534279191,0.8607162191086131
320,1547049600,523,386,0,909,2,-0.508321801385488,0.5492523535346678
320,1547064000,1416,423,0,1839,2,-0.508321801385488,2.263225104917917
320,1547078400,252,116,0,368,2,-0.508321801385488,-0.4478006125925769
320,1547092800,51,19,0,70,2,-0.508321801385488,-0.9970090856164566
320,1547107200,74,201,127,275,2,0.5033903212227929,-0.6191978877309018
320,1547121600,329,747,418,1076,2,2.8215653423173577,0.8570302562024125
320,1547136000,596,409,0,1005,2,-0.508321801385488,0.7261785730322935
320,1547150400,1369,404,0,1773,2,-0.508321801385488,2.1415883290132993
320,1547164800,258,118,0,376,2,-0.508321801385488,-0.4330567609677748
320,1547179200,40,20,0,60,2,-0.508321801385488,-1.0154389001474593
320,1547193600,77,216,139,293,2,0.5989851674534966,-0.5860242215750969
320,1547208000,344,771,427,1115,2,2.8932614769903857,0.9289065328733229
320,1547222400,571,382,0,953,2,-0.508321801385488,0.6303435374710796
320,1547236800,1244,376,0,1620,2,-0.508321801385488,1.859612166688958
320,1547251200,252,125,0,377,2,-0.508321801385488,-0.4312137795146745
320,1547265600,65,20,0,85,2,-0.508321801385488,-0.9693643638199526
320,1547280000,28,52,24,80,2,-0.31713210892408056,-0.978579271085454
320,1547294400,117,164,47,281,2,-0.1339086536485651,-0.6081399990123002
320,1547308800,284,253,0,537,2,-0.508321801385488,-0.13633674701863172
320,1547323200,352,303,0,655,2,-0.508321801385488,0.08113506444719987
320,1547337600,176,145,0,321,2,-0.508321801385488,-0.5344207408882895
320,1547352000,72,30,0,102,2,-0.508321801385488,-0.9380336791172481
320,1547366400,20,20,0,40,2,-0.508321801385488,-1.0522985292094647
320,1547380800,97,174,77,271,2,0.10507846192819414,-0.6265698135433029
320,1547395200,243,271,28,514,2,-0.2852671601805126,-0.17872532043993786
320,1547409600,234,208,0,442,2,-0.508321801385488,-0.3114199850631571
320,1547424000,90,71,0,161,2,-0.508321801385488,-0.8292977733843323
320,1547438400,14,16,2,30,2,-0.492389327013704,-1.0707283437404673
320,1547452800,73,225,152,298,2,0.7025462508700923,-0.5768093143095956
320,1547467200,341,773,432,1114,2,2.9330926629198455,0.9270635514202227
320,1547481600,494,339,0,833,2,-0.508321801385488,0.4091857630990475
320,1547496000,1409,339,0,1748,2,-0.508321801385488,2.0955137926857925
320,1547510400,206,86,0,292,3,-0.5442578255939137,-0.5109088302130167
320,1547524800,28,13,0,41,3,-0.5442578255939137,-0.985906703756153
320,1547539200,73,216,143,289,3,0.7743434251188922,-0.516586095633851
320,1547553600,405,777,372,1182,3,2.885949623812826,1.173346577967825
320,1547568000,573,376,0,949,3,-0.5442578255939137,0.7324122969496946
320,1547582400,1396,352,0,1748,3,-0.5442578255939137,2.244457320698563
320,1547596800,289,116,0,405,3,-0.5442578255939137,-0.29706516602825817
320,1547611200,27,12,0,39,3,-0.5442578255939137,-0.9896915473700425
320,1547625600,77,167,90,244,3,0.28563107345610395,-0.6017450769463655
320,1547640000,393,725,332,1118,3,2.517110113123929,1.05223158232336
320,1547654400,548,383,0,931,3,-0.5442578255939137,0.6983487044246888
320,1547668800,1484,473,0,1957,3,-0.5442578255939137,2.639973478350019
320,1547683200,305,132,0,437,3,-0.5442578255939137,-0.23650766820602565
320,1547697600,48,13,0,61,3,-0.5442578255939137,-0.9480582676172576
320,1547712000,78,201,123,279,3,0.5899236697744438,-0.5355103137032987
320,1547726400,365,778,413,1143,3,3.264010122268945,1.0995421274969792
320,1547740800,639,370,0,1009,3,-0.5442578255939137,0.8459576053663805
320,1547755200,1411,423,0,1834,3,-0.5442578255939137,2.4072055960958125
320,1547769600,304,125,0,429,3,-0.5442578255939137,-0.2516470426615838
320,1547784000,39,12,0,51,3,-0.5442578255939137,-0.9669824856867053
320,1547798400,74,194,120,268,3,0.5622607064727765,-0.5563269535796911
320,1547812800,373,678,305,1051,3,2.268143443408924,0.9254393212580606
320,1547827200,635,418,0,1053,3,-0.5442578255939137,0.9292241648719501
320,1547841600,1251,404,0,1655,3,-0.5442578255939137,2.0684620926526995
320,1547856000,237,148,0,385,3,-0.5442578255939137,-0.3349136021671535
320,1547870400,66,19,0,85,3,-0.5442578255939137,-0.9026401442505833
320,1547884800,20,48,28,68,3,-0.286070168111686,-0.9348113149686443
320,1547899200,104,202,98,306,3,0.3593989755938833,-0.48441492491578997
320,1547913600,276,322,46,598,3,-0.12009238830168247,0.06817224271208168
320,1547928000,322,214,0,536,3,-0.5442578255939137,-0.049157909318493814
320,1547942400,123,93,0,216,3,-0.5442578255939137,-0.6547328875408189
320,1547956800,51,34,0,85,3,-0.5442578255939137,-0.9026401442505833
320,1547971200,18,24,6,42,3,-0.4889318989905792,-0.9840142819492081
320,1547985600,75,132,57,207,3,-0.018661522862235862,-0.6717646838033218
320,1548000000,178,244,66,422,3,0.0643273670427659,-0.26489399531019714
320,1548014400,219,202,0,421,3,-0.5442578255939137,-0.2667864171171419
320,1548028800,101,42,0,143,3,-0.5442578255939137,-0.7928796794477868
320,1548043200,18,7,0,25,3,-0.5442578255939137,-1.0161854526672691
320,1548057600,22,89,67,111,3,0.07354835480998832,-0.8534371772700193
320,1548072000,130,343,213,473,3,1.4198125688244614,-0.16838048315601406
320,1548086400,268,223,0,491,3,-0.5442578255939137,-0.13431689063100827
320,1548100800,368,156,0,524,3,-0.5442578255939137,-0.07186697100183101
320,1548115200,101,71,0,172,4,-0.5132231252176113,-0.8061831878957006
320,1548129600,22,10,0,32,4,-0.5132231252176113,-1.0560438849664744
320,1548144000,70,199,129,269,4,0.39400130950637496,-0.6330654192109503
320,1548158400,356,845,489,1201,4,2.9257904296663364,1.0302929355744868
320,1548172800,535,340,0,875,4,-0.5132231252176113,0.448474455252542
320,1548187200,1324,328,0,1652,4,-0.5132231252176113,1.8352013239953362
320,1548201600,254,102,0,356,4,-0.5132231252176113,-0.47779484317411225
320,1548216000,41,16,0,57,4,-0.5132231252176113,-1.0114259033466935
320,1548230400,74,171,97,245,4,0.16895338771437834,-0.67589868156594
320,1548244800,359,748,389,1107,4,2.222515674066347,0.86252932468411
320,1548259200,522,389,0,911,4,-0.5132231252176113,0.5127243487850267
320,1548273600,1376,432,0,1808,4,-0.5132231252176113,2.11361752930277
320,1548288000,301,129,0,430,4,-0.5132231252176113,-0.3457256175795604
320,1548302400,42,15,0,57,4,-0.5132231252176113,-1.0114259033466935
320,1548316800,77,211,134,288,4,0.4291650472863744,-0.5991557531799167
320,1548331200,346,819,473,1165,4,2.813266468770338,0.966043042042002
320,1548345600,535,414,0,949,4,-0.5132231252176113,0.5805436808470938
320,1548360000,1433,484,0,1917,4,-0.5132231252176113,2.308151929165015
320,1548374400,276,108,0,384,4,-0.5132231252176113,-0.42782270375995746
320,1548388800,52,16,0,68,4,-0.5132231252176113,-0.9917939914339897
320,1548403200,84,207,123,291,4,0.35180482417037556,-0.5938015953855429
320,1548417600,401,749,348,1150,4,1.9341730242703516,0.9392722530701334
320,1548432000,626,385,0,1011,4,-0.5132231252176113,0.6911962752641508
320,1548446400,1340,417,0,1757,4,-0.5132231252176113,2.022596846798417
320,1548460800,267,128,0,395,4,-0.5132231252176113,-0.4081907918472538
320,1548475200,77,20,0,97,4,-0.5132231252176113,-0.9400371327550437
320,1548489600,18,37,19,55,4,-0.3796009216536133,-1.0149953418762758
320,1548504000,124,265,141,389,4,0.47839428017837365,-0.4188991074360013
320,1548518400,277,301,24,578,4,-0.3444371838736139,-0.08158716639045666
320,1548532800,361,285,0,646,4,-0.5132231252176113,0.03977374361534775
320,1548547200,170,137,0,307,4,-0.5132231252176113,-0.565246087148883
320,1548561600,48,37,0,85,4,-0.5132231252176113,-0.9614537639325387
320,1548576000,18,20,2,38,4,-0.49915763010561154,-1.0453355693777269
320,1548590400,87,152,65,239,4,-0.05609453407761823,-0.6866069971546874
320,1548604800,193,244,51,437,4,-0.15455299986161675,-0.3332325827260217
320,1548619200,272,165,0,437,4,-0.5132231252176113,-0.3332325827260217
320,1548633600,93,72,0,165,4,-0.5132231252176113,-0.8186762227492393
320,1548648000,16,10,0,26,4,-0.5132231252176113,-1.066752200555222
320,1548662400,78,166,88,244,4,0.10565865971037931,-0.6776834008307313
320,1548676800,355,848,493,1203,4,2.953921419890336,1.0338623741040691
320,1548691200,580,386,0,966,4,-0.5132231252176113,0.610883908348545
320,1548705600,1374,363,0,1737,4,-0.5132231252176113,1.9869024615025919
320,1548720000,231,70,0,301,5,-0.5448230219493161,-0.6003628123803026
320,1548734400,32,14,0,46,5,-0.5448230219493161,-1.0709340741333062
320,1548748800,81,181,100,262,5,0.2727034847270425,-0.6723325347660561
320,1548763200,367,669,302,1036,5,1.9241070282132868,0.75598964796659
320,1548777600,588,368,0,956,5,-0.5448230219493161,0.6083594482009418
320,1548792000,1434,347,0,1781,5,-0.5448230219493161,2.1307958832841885
320,1548806400,271,89,0,360,5,-0.5448230219493161,-0.4914855400531371
320,1548820800,39,10,0,49,5,-0.5448230219493161,-1.0653979416420944
320,1548835200,82,191,109,273,5,0.34628087032791477,-0.6520333822982795
320,1548849600,415,811,396,1226,5,2.692581944489064,1.1066113724100044
320,1548864000,589,384,0,973,5,-0.5448230219493161,0.639730865651142
320,1548878400,1435,435,0,1870,5,-0.5448230219493161,2.295034480523472
320,1548892800,269,117,0,386,5,-0.5448230219493161,-0.4435057251293015
320,1548907200,35,13,0,48,5,-0.5448230219493161,-1.067243319139165
320,1548921600,72,185,113,257,5,0.3789819305949691,-0.6815594222514091
320,1548936000,338,721,383,1059,5,2.5863034986211373,0.7984333303992138
320,1548950400,530,347,0,877,5,-0.5448230219493161,0.4625746259323642
320,1548964800,1273,388,0,1661,5,-0.5448230219493161,1.909350583635716
320,1548979200,272,115,0,387,5,-0.5448230219493161,-0.44166034763223083
320,1548993600,51,16,0,67,5,-0.5448230219493161,-1.0321811466948236
320,1549008000,64,217,153,281,5,0.7059925332655125,-0.6372703623217146
320,1549022400,329,718,389,1047,5,2.635355089021719,0.7762888004343665
320,1549036800,583,395,0,978,5,-0.5448230219493161,0.6489577531364951
320,1549051200,1316,377,0,1693,5,-0.5448230219493161,1.9684026635419754
320,1549065600,254,161,0,415,5,-0.5448230219493161,-0.38998977771425397
320,1549080000,55,23,0,78,5,-0.5448230219493161,-1.011881994227047
320,1549094400,25,42,17,67,5,-0.4058435158143351,-1.0321811466948236
320,1549108800,115,244,129,359,5,0.5097861716631865,-0.4933309175502077
320,1549123200,312,355,43,667,5,-0.19328662407848188,0.07504535154753775
320,1549137600,360,248,0,608,5,-0.5448230219493161,-0.033831920779627773
320,1549152000,170,159,0,329,5,-0.5448230219493161,-0.5486922424623257
320,1549166400,61,37,0,98,5,-0.5448230219493161,-0.9749744442856348
320,1549180800,22,23,1,45,5,-0.5366477568825525,-1.0727794516303768
320,1549195200,89,201,112,290,5,0.3708066655282055,-0.6206619648480792
320,1549209600,237,282,45,519,5,-0.17693609394495471,-0.19807051801891137
320,1549224000,316,235,0,551,5,-0.5448230219493161,-0.1390184381126521
320,1549238400,155,79,0,234,5,-0.5448230219493161,-0.724003104684033
320,1549252800,21,14,0,35,5,-0.5448230219493161,-1.091233226601083
320,1549267200,79,176,97,255,5,0.24817768952675173,-0.6852501772455504
320,1549281600,353,763,410,1116,5,2.8070356554237543,0.9036198477322381
320,1549296000,613,437,0,1050,5,-0.5448230219493161,0.7818249329255784
320,1549310400,1340,376,0,1716,5,-0.5448230219493161,2.010846345974599
320,1549324800,281,109,0,390,6,-0.5434314492133175,-0.5287354675383366
320,1549339200,26,16,0,42,6,-0.5434314492133175,-1.1177596743630565
320,1549353600,70,196,126,266,6,0.3851572589677856,-0.7386176561770298
320,1549368000,425,861,436,1286,6,2.6697802711593885,0.9878326052057701
320,1549382400,640,441,0,1081,6,-0.5434314492133175,0.6408499546337367
320,1549396800,1435,474,0,1909,6,-0.5434314492133175,2.0423213432856566
320,1549411200,346,122,0,468,6,-0.5434314492133175,-0.39671280049141655
320,1549425600,28,20,0,48,6,-0.5434314492133175,-1.1076040845902164
320,1549440000,78,214,136,292,6,0.45885477549009535,-0.6946101004947232
320,1549454400,399,802,403,1201,6,2.426578466635766,0.8439617500905368
320,1549468800,608,457,0,1065,6,-0.5434314492133175,0.6137683819061635
320,1549483200,1479,406,0,1885,6,-0.5434314492133175,2.001698984194297
320,1549497600,346,151,0,497,6,-0.5434314492133175,-0.34762744992268985
320,1549512000,49,14,0,63,6,-0.5434314492133175,-1.0822151101581166
320,1549526400,79,190,111,269,6,0.27461098418432095,-0.7335398612906099
320,1549540800,417,811,394,1228,6,2.3602507017656875,0.8896619040683167
320,1549555200,655,428,0,1083,6,-0.5434314492133175,0.6442351512246834
320,1549569600,1380,470,0,1850,6,-0.5434314492133175,1.9424580438527301
320,1549584000,410,155,0,565,6,-0.5434314492133175,-0.2325307658305032
320,1549598400,43,20,0,63,6,-0.5434314492133175,-1.0822151101581166
320,1549612800,79,227,148,306,6,0.5472917953168671,-0.6709137243580965
320,1549627200,404,858,454,1262,6,2.8024358008995462,0.9472102461144101
320,1549641600,720,443,0,1163,6,-0.5434314492133175,0.77964301486255
320,1549656000,1387,549,0,1936,6,-0.5434314492133175,2.088021497263437
320,1549670400,369,200,0,569,6,-0.5434314492133175,-0.22576037264860987
320,1549684800,73,23,0,96,6,-0.5434314492133175,-1.0263593664074966
320,1549699200,24,66,42,90,6,-0.23390187981961652,-1.0365149561803364
320,1549713600,127,304,177,431,6,0.7610145932315654,-0.45933893742392984
320,1549728000,370,373,3,743,6,-0.5213221942566246,0.0687517307637501
320,1549742400,399,320,0,719,6,-0.5434314492133175,0.028129371672390113
320,1549756800,205,170,0,375,6,-0.5434314492133175,-0.5541244419704365
320,1549771200,59,25,0,84,6,-0.5434314492133175,-1.0466705459531764
320,1549785600,19,35,16,54,6,-0.42551542277762194,-1.0974484948173764
320,1549800000,99,205,106,304,6,0.23776222592316604,-0.6742989209490432
320,1549814400,285,304,19,589,6,-0.403406167820929,-0.1919084067391432
320,1549828800,322,266,0,588,6,-0.5434314492133175,-0.19360100503461655
320,1549843200,126,69,0,195,6,-0.5434314492133175,-0.8587921351556365
320,1549857600,17,14,0,31,6,-0.5434314492133175,-1.136378255613263
320,1549872000,93,222,129,315,6,0.4072665139244785,-0.6556803396988365
320,1549886400,371,768,397,1139,6,2.3823599567223805,0.73902065577119
320,1549900800,656,395,0,1051,6,-0.5434314492133175,0.5900720057695368
320,1549915200,1482,427,0,1909,6,-0.5434314492133175,2.0423213432856566
320,1549929600,284,96,0,380,7,-0.5085105693198285,-0.36422055684420895
320,1549944000,36,22,0,58,7,-0.5085105693198285,-1.0081053687084027
320,1549958400,82,127,45,209,7,0.08769599148319626,-0.7061593855050076
320,1549972800,386,562,176,948,7,1.823319535154224,0.771576254146046
320,1549987200,586,381,0,967,7,-0.5085105693198285,0.8095694573305792
320,1550001600,1330,396,0,1726,7,-0.5085105693198285,2.327297942439036
320,1550016000,321,50,0,371,7,-0.5085105693198285,-0.3822173373000404
320,1550030400,34,17,0,51,7,-0.5085105693198285,-1.022102864618494
320,1550044800,88,95,7,183,7,-0.4157673265282469,-0.7581500845996318
320,1550059200,410,612,202,1022,7,2.167794436951527,0.9195497823384383
320,1550073600,691,225,0,916,7,-0.5085105693198285,0.7075877014142007
320,1550088000,1489,445,0,1934,7,-0.5085105693198285,2.7432235351960306
320,1550102400,357,63,0,420,7,-0.5085105693198285,-0.2842348659294023
320,1550116800,50,42,0,92,7,-0.5085105693198285,-0.9401175314308171
320,1550131200,89,95,6,184,7,-0.42901636121275855,-0.7561504423267617
320,1550145600,393,534,141,927,7,1.3596033211963159,0.7295837664157725
320,1550160000,631,244,0,875,7,-0.5085105693198285,0.6256023682265238
320,1550174400,1494,338,0,1832,7,-0.5085105693198285,2.5392600233632736
320,1550188800,259,58,0,317,7,-0.5085105693198285,-0.4901980200350295
320,1550203200,59,23,0,82,7,-0.5085105693198285,-0.9601139541595187
320,1550217600,73,121,48,194,7,0.12744309553673125,-0.73615401959806
320,1550232000,370,529,159,899,7,1.5980859455175258,0.6735937827754078
320,1550246400,632,220,0,852,7,-0.5085105693198285,0.5796105959505099
320,1550260800,1238,244,0,1482,7,-0.5085105693198285,1.8393852278587153
320,1550275200,287,55,0,342,7,-0.5085105693198285,-0.4402069632132753
320,1550289600,65,12,0,77,7,-0.5085105693198285,-0.9701121655238696
320,1550304000,23,51,28,74,7,-0.137537598153502,-0.9761110923424801
320,1550318400,117,139,22,256,7,-0.21703180626057197,-0.6121761986801096
320,1550332800,337,415,78,752,7,0.5249141360720811,0.3796463686634932
320,1550347200,392,354,0,746,7,-0.5085105693198285,0.3676485150262722
320,1550361600,185,143,0,328,7,-0.5085105693198285,-0.46820195503345763
320,1550376000,53,29,0,82,7,-0.5085105693198285,-0.9601139541595187
320,1550390400,20,29,9,49,7,-0.38926925715922356,-1.0261021491642344
320,1550404800,105,225,120,330,7,1.0813735928215709,-0.4642026704877173
320,1550419200,276,233,0,509,7,-0.5085105693198285,-0.10626670364395739
320,1550433600,318,685,367,1003,7,4.353885159895951,0.8815565791539052
320,1550448000,139,100,0,239,7,-0.5085105693198285,-0.6461701173189025
320,1550462400,27,19,0,46,7,-0.5085105693198285,-1.0321010759828448
320,1550476800,26,93,67,119,7,0.3791747545424528,-0.8861271900633225
320,1550491200,175,312,137,487,7,1.3066071824582692,-0.15025883364710108
320,1550505600,368,243,0,611,7,-0.5085105693198285,0.09769680818879965
320,1550520000,448,191,0,639,7,-0.5085105693198285,0.15368679182916434
320,1550534400,155,99,0,254,8,-0.5140946429063854,-0.811949976500973
320,1550548800,23,10,0,33,8,-0.5140946429063854,-1.1679835971492172
320,1550563200,63,173,110,236,8,0.08142358286975611,-0.8409481899474364
320,1550577600,365,745,380,1110,8,1.543150137047558,0.5670761740641717
320,1550592000,530,414,0,944,8,-0.5140946429063854,0.29964820561345434
320,1550606400,1384,376,0,1760,8,-0.5140946429063854,1.614233881853125
320,1550620800,275,137,0,412,8,-0.5140946429063854,-0.5574101029153505
320,1550635200,39,23,0,62,8,-0.5140946429063854,-1.1212642532632484
320,1550649600,66,212,146,278,8,0.2763204567601297,-0.7732856919056886
320,1550664000,368,849,481,1217,8,2.089944144351106,0.7394544428848148
320,1550678400,563,441,0,1004,8,-0.5140946429063854,0.39630891710166544
320,1550692800,1393,446,0,1839,8,-0.5140946429063854,1.7415038186459362
320,1550707200,349,130,0,479,8,-0.5140946429063854,-0.4494723084201815
320,1550721600,38,23,0,61,8,-0.5140946429063854,-1.1228752651213854
320,1550736000,61,187,126,248,8,0.16804441570992215,-0.8216160476497941
320,1550750400,394,799,405,1193,8,1.6784951883603174,0.7007901582895303
320,1550764800,576,457,0,1033,8,-0.5140946429063854,0.4430282609876341
320,1550779200,1404,463,0,1867,8,-0.5140946429063854,1.786612150673768
320,1550793600,356,159,0,515,8,-0.5140946429063854,-0.3914758815272549
320,1550808000,50,21,0,71,8,-0.5140946429063854,-1.1067651465400168
320,1550822400,61,88,27,149,8,-0.3679219874886052,-0.9811062216053424
320,1550823572,29,28,0,57,8,-0.5140946429063854,-1.1293193125539327
320,1550836800,352,1051,699,1403,8,3.2701529917983683,1.039102648498269
320,1550851200,628,357,0,985,8,-0.5140946429063854,0.36569969179706524
320,1550865600,1301,439,0,1740,8,-0.5140946429063854,1.5820136446903879
320,1551484800,9369,6489,0,15858,9,-0.5133855771716352,4.101447122350617
320,1551499200,64,31,0,95,9,-0.5133855771716352,-0.3354397434128139
320,1551513600,21,43,22,64,9,-0.2633232296193996,-0.34416546141310994
320,1551528000,118,252,134,370,9,1.0097214488283455,-0.25803418050696203
320,1551542400,307,367,60,674,9,0.168602643425371,-0.1724658491492203
320,1551556800,349,287,0,636,9,-0.5133855771716352,-0.18316189056893803
320,1551571200,175,142,0,317,9,-0.5133855771716352,-0.2729523435397262
320,1551585600,72,31,0,103,9,-0.5133855771716352,-0.33318794521918915
320,1551600000,26,28,2,54,9,-0.49065263648506835,-0.34698020915514094
320,1551614400,108,164,56,272,9,0.12313676205223725,-0.2856187083788656
320,1551628800,241,274,33,515,9,-0.13829205584328177,-0.21722033824751286
320,1551643200,284,229,0,513,9,-0.5133855771716352,-0.21778328779591904
320,1551657600,91,92,1,183,9,-0.5020191068283517,-0.31066996328294133
320,1551672000,19,9,0,28,9,-0.5133855771716352,-0.3542985532844215
320,1551686400,56,203,147,259,9,1.1574855632910301,-0.2892778804435059
320,1551700800,321,679,358,1000,9,3.555810805723835,-0.08070507275901041
320,1551715200,468,305,0,773,9,-0.5133855771716352,-0.1445998465031136
320,1551729600,1088,359,0,1447,9,-0.5133855771716352,0.0451141513097743
320,1551744000,250,118,0,368,10,-0.5930212243120434,-0.5498420190788181
320,1551758400,27,17,0,44,10,-0.5930212243120434,-1.135490907277359
320,1551772800,80,188,108,268,10,0.24314423216275566,-0.7305978487697258
320,1551787200,378,836,458,1214,10,2.9529396929607157,0.9793523001062608
320,1551801600,625,371,0,996,10,-0.5930212243120434,0.5853045913800821
320,1551816000,1392,452,0,1844,10,-0.5930212243120434,2.1181140271589793
320,1551830400,303,135,0,438,10,-0.5930212243120434,-0.42331293829518274
320,1551844800,31,23,0,54,10,-0.5930212243120434,-1.1174153243082683
320,1551859200,87,178,91,265,10,0.11152559549542619,-0.736020523660453
320,1551873600,393,795,402,1188,10,2.5193724192330422,0.9323557843866248
320,1551888000,596,366,0,962,10,-0.5930212243120434,0.5238476092851735
320,1551902400,1410,413,0,1823,10,-0.5930212243120434,2.0801553029238886
320,1551916800,296,111,0,407,10,-0.5930212243120434,-0.47934724549936414
320,1551931200,41,24,0,65,10,-0.5930212243120434,-1.0975321830422684
320,1551945600,87,214,127,301,10,0.3902474143203592,-0.6709484249717262
320,1551960000,376,744,368,1120,10,2.256135145898383,0.8094418201968075
320,1551974400,616,416,0,1032,10,-0.5930212243120434,0.6503766900688088
320,1551988800,1419,442,0,1861,10,-0.5930212243120434,2.1488425182064335
320,1552003200,337,146,0,483,10,-0.5930212243120434,-0.3419728149342743
320,1552017600,35,28,0,63,10,-0.5930212243120434,-1.1011472996360865
320,1552032000,78,244,166,322,10,0.6921960513807033,-0.6329897007366356
320,1552046400,371,755,384,1126,10,2.3800115098205756,0.820287169978262
320,1552060800,621,463,0,1084,10,-0.5930212243120434,0.7443697215080808
320,1552075200,1283,499,0,1782,10,-0.5930212243120434,2.006045412750616
320,1552089600,332,220,0,552,10,-0.5930212243120434,-0.217251292447548
320,1552104000,70,27,0,97,10,-0.5930212243120434,-1.039690317541178
320,1552118400,29,59,30,88,10,-0.3607530419579325,-1.0559583422133596
320,1552132800,105,272,167,377,10,0.6999383241258403,-0.5335739944066364
320,1552147200,350,431,81,781,10,0.034102868044055906,0.19667955754463057
320,1552161600,482,327,0,809,10,-0.5930212243120434,0.2472911898580847
320,1552176000,182,209,27,391,10,-0.3839798601933436,-0.5082681782499093
320,1552194000,52,35,0,87,10,-0.5930212243120434,-1.0577659005102686
320,1552208400,32,48,16,80,10,-0.4691448603898509,-1.0704188085886321
320,1552222800,98,186,88,284,10,0.0882987772600151,-0.7016769160191806
320,1552237200,254,377,123,631,10,0.3592783233398111,-0.07445418699173094
320,1552251600,277,193,0,470,10,-0.5930212243120434,-0.3654710727940923
320,1552266000,78,61,0,139,10,-0.5930212243120434,-0.9637728690709967
320,1552280400,14,21,7,35,10,-0.5388253150960842,-1.1517589319495407
320,1552294800,171,407,236,578,10,1.2341551435402953,-0.170254776727912
320,1552309200,332,670,338,1002,10,2.0238669635442723,0.5961499411615365
320,1552323600,702,364,0,1066,10,-0.5930212243120434,0.7118336721637174
320,1552338000,1256,399,0,1655,10,-0.5930212243120434,1.7764855090431637
320,1552352400,208,37,0,245,11,-0.5956294726532644,-0.7209075455012507
320,1552366800,15,22,7,37,11,-0.5371353547842163,-1.1068414107651035
320,1552381200,181,467,286,648,11,1.7942730574249888,0.02683931844746383
320,1552395600,352,681,329,1033,11,2.153594067191999,0.7411880594406527
320,1552410000,730,380,0,1110,11,-0.5956294726532644,0.8840578076392904
320,1552424400,1391,382,0,1773,11,-0.5956294726532644,2.1142220031678205
320,1552438800,193,37,0,230,11,-0.5956294726532644,-0.7487393146308555
320,1552453200,15,18,3,33,11,-0.5705605649951009,-1.1142632158663313
320,1552467600,176,412,236,588,11,1.3764579297889306,-0.08448775807095521
320,1552482000,361,782,421,1143,11,2.922373902042346,0.945287699724421
320,1552496400,753,491,0,1244,11,-0.5956294726532644,1.1326882785304262
320,1552510800,1280,440,0,1720,11,-0.5956294726532644,2.0158830855765504
320,1552525200,208,57,0,265,11,-0.5956294726532644,-0.6837985199951111
320,1552539600,18,25,7,43,11,-0.5371353547842163,-1.0957087031132615
320,1552554000,183,412,229,595,11,1.3179638119198824,-0.07149959914380632
320,1552568400,427,634,207,1061,11,1.1341251557600167,0.7931406951492482
320,1552582800,798,406,0,1204,11,-0.5956294726532644,1.058470227518147
320,1552597200,1272,428,0,1700,11,-0.5956294726532644,1.9787740600704107
320,1552611600,240,50,0,290,11,-0.5956294726532644,-0.6374122381124364
320,1552626000,25,11,0,36,11,-0.5956294726532644,-1.1086968620404103
320,1552640400,163,424,261,587,11,1.5853654936069597,-0.08634320934626219
320,1552654800,399,643,244,1042,11,1.4433083502107,0.7578871209184155
320,1552669200,805,393,0,1198,11,-0.5956294726532644,1.047337519866305
320,1552683600,1104,402,0,1506,11,-0.5956294726532644,1.618816512660856
320,1552698000,217,63,0,280,11,-0.5956294726532644,-0.6559667508655063
320,1552712400,31,17,0,48,11,-0.5956294726532644,-1.0864314467367266
320,1552726800,27,123,96,150,11,0.20657557240796748,-0.8971754166554142
320,1552741200,164,215,51,379,11,-0.16945804246448498,-0.47227707461011487
320,1552755600,290,318,28,608,11,-0.3616530011770718,-0.04737873256481553
320,1552770000,302,178,0,480,11,-0.5956294726532644,-0.2848764958041095
320,1552784400,129,59,0,188,11,-0.5956294726532644,-0.8266682681937488
320,1552798800,32,14,0,46,11,-0.5956294726532644,-1.0901423492873406
320,1552813200,22,58,36,80,11,-0.29480258075530247,-1.027057005926903
320,1552827600,134,160,26,294,11,-0.3783656062825141,-0.6299904330112085
320,1552842000,222,212,0,434,11,-0.5956294726532644,-0.37022725446823074
320,1552856400,203,121,0,324,11,-0.5956294726532644,-0.5743268947519989
320,1552870800,96,46,0,142,11,-0.5956294726532644,-0.9120190268578701
320,1552885200,8,16,8,24,11,-0.5287790522314951,-1.1309622773440942
320,1552896905,86,93,7,179,11,-0.5371353547842163,-0.8433673296715116
320,1552899600,83,417,334,500,11,2.1953755799556047,-0.2477674702979698
320,1552914000,382,631,249,1013,11,1.4850898629743057,0.704079033934513
320,1552928400,731,372,0,1103,11,-0.5956294726532644,0.8710696487121415
320,1552942800,1264,375,0,1639,11,-0.5956294726532644,1.865591532276685
320,1552957200,278,107,0,385,12,-0.6435941754578334,-0.5414195289948488
320,1552971600,25,18,0,43,12,-0.6435941754578334,-1.2194503212454022
320,1552986000,171,436,265,607,12,1.7099859366544938,-0.10129427788484055
320,1552988587,64,184,120,248,12,0.4221779507817111,-0.8130283551303045
320,1553000400,374,654,280,1028,12,1.843207452434437,0.7333576622832383
320,1553014800,765,428,0,1193,12,-0.6435941754578334,1.0604777813514876
320,1553029200,1297,421,0,1718,12,-0.6435941754578334,2.1013145238413724
320,1553043600,343,154,0,497,12,-0.6435941754578334,-0.31937435726367347
320,1553058000,27,18,0,45,12,-0.6435941754578334,-1.2154852288930598
320,1553072400,167,437,270,604,12,1.7543931085811415,-0.10724191641335418
320,1553086800,375,670,295,1045,12,1.97642896821438,0.7670609472781488
320,1553101200,788,382,0,1170,12,-0.6435941754578334,1.01487921929955
320,1553115600,1297,381,0,1678,12,-0.6435941754578334,2.0220126767945237
320,1553130000,318,154,0,472,12,-0.6435941754578334,-0.3689380116679537
320,1553144400,51,25,0,76,12,-0.6435941754578334,-1.1540262974317523
320,1553158800,157,414,257,571,12,1.6389344615718575,-0.17266594022700404
320,1553173200,374,607,233,981,12,1.4257800363239488,0.6401779920031915
320,1553187600,731,422,0,1153,12,-0.6435941754578334,0.9811759343046393
320,1553202000,1288,391,0,1679,12,-0.6435941754578334,2.023995222970695
320,1553216400,351,180,0,531,12,-0.6435941754578334,-0.2519677872738524
320,1553230800,46,20,0,66,12,-0.6435941754578334,-1.1738517591934643
320,1553245200,127,422,295,549,12,1.97642896821438,-0.21628195610277065
320,1553259600,347,606,259,953,12,1.6566973303425168,0.5846666990703976
320,1553274000,816,456,0,1272,12,-0.6435941754578334,1.217098929269013
320,1553288400,1092,449,0,1541,12,-0.6435941754578334,1.7504038506590682
320,1553302800,268,53,0,321,12,-0.6435941754578334,-0.6683024842698062
320,1553317200,43,14,0,57,12,-0.6435941754578334,-1.1916946747790054
320,1553331600,70,172,102,242,12,0.2623121318457794,-0.8249236321873317
320,1553346000,173,276,103,449,12,0.27119356623110896,-0.4145365737198915
320,1553360400,361,275,0,636,12,-0.6435941754578334,-0.0438004387758755
320,1553374800,345,183,0,528,12,-0.6435941754578334,-0.25791542580236604
320,1553389200,175,88,0,263,12,-0.6435941754578334,-0.7832901624877363
320,1553403600,50,22,0,72,12,-0.6435941754578334,-1.1619564821364372
320,1553418000,32,57,25,89,12,-0.42155831582459496,-1.1282531971415266
320,1553432400,114,180,66,294,12,-0.05741950602608393,-0.7218312310264289
320,1553446800,263,226,0,489,12,-0.6435941754578334,-0.33523472667304316
320,1553461200,260,107,0,367,12,-0.6435941754578334,-0.5771053601659306
320,1553475600,108,25,0,133,12,-0.6435941754578334,-1.0410211653899935
320,1553490000,15,24,9,39,12,-0.5636612659898675,-1.227380505950087
320,1553504400,179,407,228,586,12,1.3813728643973011,-0.14292774758443594
320,1553518800,360,669,309,1029,12,2.1007690496089935,0.7353402084594095
320,1553533200,629,430,0,1059,12,-0.6435941754578334,0.7948165937445457
320,1553547600,1175,365,0,1540,12,-0.6435941754578334,1.7484213044828971
320,1553562000,279,115,0,394,13,-0.6383422952290827,-0.5779500598087854
320,1553576400,37,16,0,53,13,-0.6383422952290827,-1.258937370099318
320,1553590800,183,456,273,639,13,1.59449259101151,-0.0886776521220391
320,1553605200,381,655,274,1036,13,1.6026714733786915,0.7041433513540355
320,1553619600,589,391,0,980,13,-0.6383422952290827,0.5923096581684936
320,1553634000,1268,400,0,1668,13,-0.6383422952290827,1.9662664601622954
320,1553648400,322,103,0,425,13,-0.6383422952290827,-0.5160421225096461
320,1553662800,29,23,0,52,13,-0.6383422952290827,-1.2609344003347742
320,1553677200,173,420,247,593,13,1.381841649464787,-0.18054104295302004
320,1553691600,381,652,271,1033,13,1.5781348262771466,0.6981522606476672
320,1553706000,766,430,0,1196,13,-0.6383422952290827,1.0236681890270127
320,1553720400,1286,404,0,1690,13,-0.6383422952290827,2.0102011253423298
320,1553734800,349,153,0,502,13,-0.6383422952290827,-0.3622707943795258
320,1553749200,40,24,0,64,13,-0.6383422952290827,-1.236970037509301
320,1553763600,164,517,353,681,13,2.2488031803860427,-0.004802382232882587
320,1553778000,377,691,314,1068,13,1.929826768065958,0.768048318888631
320,1553792400,752,411,0,1163,13,-0.6383422952290827,0.9577661912569612
320,1553806800,1235,419,0,1654,13,-0.6383422952290827,1.9383080368659098
320,1553821200,443,197,0,640,13,-0.6383422952290827,-0.08668062188658299
320,1553835600,51,28,0,79,13,-0.6383422952290827,-1.2070145839774593
320,1553850000,157,465,308,622,13,1.880753473862868,-0.12262716612479292
320,1553864400,366,653,287,1019,13,1.7089969441520532,0.6701938373512817
320,1553878800,831,472,0,1303,13,-0.6383422952290827,1.2373504242208162
320,1553893200,1059,406,0,1465,13,-0.6383422952290827,1.5608693223647057
320,1553907600,238,110,0,348,13,-0.6383422952290827,-0.6698134506397664
320,1553922000,49,28,0,77,13,-0.6383422952290827,-1.2110086444483714
320,1553936400,36,86,50,122,13,-0.22939817686999986,-1.1211422838528466
320,1553950800,173,323,150,496,13,0.5884900598481659,-0.37425297579226247
320,1553965200,356,397,41,753,13,-0.3030081181746348,0.13898379471995714
320,1553979600,373,331,0,704,13,-0.6383422952290827,0.04112931318260788
320,1553994000,164,144,0,308,13,-0.6383422952290827,-0.7496946600580107
320,1554008400,48,21,0,69,13,-0.6383422952290827,-1.2269848863320203
320,1554022800,35,52,17,87,13,-0.49930129498699455,-1.1910383420938104
320,1554037200,136,239,103,375,13,0.204082588590628,-0.6158936342824515
320,1554051600,212,251,39,463,13,-0.3193658829089981,-0.440154973562314
320,1554066000,201,207,6,408,13,-0.5892690010259928,-0.5499916365123999
320,1554080400,101,58,0,159,13,-0.6383422952290827,-1.0472521651409705
320,1554094800,12,14,2,26,13,-0.6219845304947195,-1.312857186456633
320,1554109200,201,393,192,594,13,0.9320031192697955,-0.17854401271756393
320,1554123600,342,693,351,1035,13,2.232445415651679,0.7021463211185794
320,1554138000,680,354,0,1034,13,-0.6383422952290827,0.7001492908831233
320,1554152400,1278,348,0,1626,13,-0.6383422952290827,1.882391190273139
320,1554166800,169,88,0,257,14,-0.6191797420598129,-0.8298552468043366
320,1554181200,19,19,0,38,14,-0.6191797420598129,-1.2568289314329817
320,1554195600,202,453,251,655,14,1.4438394870155815,-0.05389393866643361
320,1554210000,361,657,296,1018,14,1.8137034922283015,0.6538295659920056
320,1554224400,732,435,0,1167,14,-0.6191797420598129,0.944327643661723
320,1554238800,1286,354,0,1640,14,-0.6191797420598129,1.866512816398477
320,1554253200,219,85,0,304,14,-0.6191797420598129,-0.7382216249890566
320,1554267600,22,14,0,36,14,-0.6191797420598129,-1.260728234488951
320,1554282000,196,448,252,644,14,1.4520586871314196,-0.0753401054742651
320,1554296400,375,667,292,1042,14,1.7808266917649487,0.7006212026636379
320,1554310800,775,417,0,1192,14,-0.6191797420598129,0.99306893186134
320,1554325200,1276,337,0,1613,14,-0.6191797420598129,1.8138722251428907
320,1554339600,216,96,0,312,14,-0.6191797420598129,-0.7226244127651792
320,1554354000,22,15,0,37,14,-0.6191797420598129,-1.2587785829609663
320,1554368400,186,486,300,672,14,1.8465802926916544,-0.02074986269069404
320,1554382800,381,664,283,1045,14,1.7068538907224047,0.7064701572475919
320,1554397200,738,486,0,1224,14,-0.6191797420598129,1.0554577807568497
320,1554411600,1285,419,0,1704,14,-0.6191797420598129,1.9912905141894965
320,1554426000,256,142,0,398,14,-0.6191797420598129,-0.5549543813584966
320,1554440400,25,16,0,41,14,-0.6191797420598129,-1.2509799768490277
320,1554454800,184,437,253,621,14,1.460277887247258,-0.12018209061791277
320,1554469200,383,745,362,1128,14,2.3561706998736245,0.8682912340703204
320,1554483600,830,392,0,1222,14,-0.6191797420598129,1.0515584777008804
320,1554498000,1181,435,0,1616,14,-0.6191797420598129,1.8197211797268447
320,1554512400,241,127,0,368,14,-0.6191797420598129,-0.613443927198037
320,1554526800,39,21,0,60,14,-0.6191797420598129,-1.2139365978173187
320,1554541200,40,115,75,155,14,-0.002739733371946036,-1.028719702658774
320,1554555600,211,344,133,555,14,0.47397387334667096,-0.2488590914649017
320,1554570000,389,350,0,739,14,-0.6191797420598129,0.10987678968427958
320,1554584400,388,333,0,721,14,-0.6191797420598129,0.07478306218055532
320,1554598800,217,172,0,389,14,-0.6191797420598129,-0.5725012451103587
320,1554613200,54,19,0,73,14,-0.6191797420598129,-1.188591127953518
320,1554627600,25,54,29,79,14,-0.3808229387005043,-1.1768932187856098
320,1554642000,151,212,61,363,14,-0.11780853499368117,-0.6231921848379605
320,1554656400,278,250,0,528,14,-0.6191797420598129,-0.3014996827204881
320,1554670800,308,196,0,504,14,-0.6191797420598129,-0.34829131939212044
320,1554685200,105,69,0,174,14,-0.6191797420598129,-0.9916763236270651
320,1554699600,19,16,0,35,14,-0.6191797420598129,-1.2626778860169356
320,1554714000,194,458,264,652,14,1.5506890885214784,-0.05974289325038766
320,1554728400,344,657,313,1001,14,1.9534298941975514,0.6206854900162659
320,1554742800,691,387,0,1078,14,-0.6191797420598129,0.7708086576710864
320,1554757200,1165,406,0,1571,14,-0.6191797420598129,1.731986860967534
320,1554771600,213,79,0,292,15,-0.7155233208006714,-0.7714983388684157
320,1554786000,19,12,0,31,15,-0.7155233208006714,-1.2728121972368551
320,1554800400,185,463,278,648,15,1.751827622397391,-0.08771391902487376
320,1554814800,385,698,313,1083,15,2.062465331073406,0.7478091782558587
320,1554829200,714,353,0,1067,15,-0.7155233208006714,0.7170772942179467
320,1554843600,1310,359,0,1669,15,-0.7155233208006714,1.8733644311443856
320,1554858000,214,89,0,303,15,-0.7155233208006714,-0.7503701685923512
320,1554872400,27,30,3,57,15,-0.6888972314855843,-1.2228728856752482
320,1554886800,178,410,232,588,15,1.343560919566057,-0.20295848416704376
320,1554901200,437,705,268,1142,15,1.6630739913471009,0.8611330006456592
320,1554915600,807,404,0,1211,15,-0.7155233208006714,0.9936642505591546
320,1554930000,1339,419,0,1758,15,-0.7155233208006714,2.044310536105271
320,1554944400,256,116,0,372,15,-0.7155233208006714,-0.6178389186788558
320,1554958800,22,12,0,34,15,-0.7155233208006714,-1.2670499689797468
320,1554973200,191,485,294,676,15,1.893833432077855,-0.03393312195852776
320,1554987600,373,662,289,1035,15,1.84945661655271,0.6556135261421228
320,1555002000,810,479,0,1289,15,-0.7155233208006714,1.1434821852439756
320,1555016400,1322,440,0,1762,15,-0.7155233208006714,2.0519935071147493
320,1555030800,277,127,0,404,15,-0.7155233208006714,-0.5563751506030318
320,1555045200,27,10,0,37,15,-0.7155233208006714,-1.2612877407226382
320,1555059600,171,474,303,645,15,1.973711700023116,-0.09347614728198225
320,1555074000,395,585,190,980,15,0.9707956691548388,0.5499726747618002
320,1555088400,865,425,0,1290,15,-0.7155233208006714,1.1454029279963451
320,1555102800,986,379,0,1365,15,-0.7155233208006714,1.2894586344240577
320,1555117200,219,122,0,341,15,-0.7155233208006714,-0.6773819440023102
320,1555131600,38,12,0,50,15,-0.7155233208006714,-1.2363180849418347
320,1555146000,37,118,81,155,15,0.0033810907066777027,-1.0346400959430373
320,1555160400,160,358,198,518,15,1.0417985739950708,-0.33741047683290876
320,1555174800,323,456,133,779,15,0.46489997216818574,0.16390338153553072
320,1555189200,351,438,87,789,15,0.056633269336851706,0.18311080905922572
320,1555203600,170,130,0,300,15,-0.7155233208006714,-0.7561323968494598
320,1555218000,50,15,0,65,15,-0.7155233208006714,-1.2075069436562922
320,1555232400,37,64,27,101,15,-0.4758885169648883,-1.1383602045709902
320,1555246800,130,255,125,385,15,0.39389706732795376,-0.5928692628980522
320,1555261200,268,359,91,627,15,0.09213472175696771,-0.12804951682463325
320,1555275600,273,235,0,508,15,-0.7155233208006714,-0.35661790435660373
320,1555290000,126,90,0,216,15,-0.7155233208006714,-0.9174747880484977
320,1555304400,14,29,15,43,15,-0.5823928742252363,-1.2497632842084212
320,1555318800,176,461,285,637,15,1.813955164132594,-0.10884208930093825
320,1555333200,474,648,174,1122,15,0.8287898594743748,0.8227181455982692
320,1555347600,714,421,0,1135,15,-0.7155233208006714,0.8476878013790727
320,1555362000,1268,357,0,1625,15,-0.7155233208006714,1.7888517500401278
320,1555376400,192,81,0,273,16,-0.6665075667857212,-0.7610821895421086
320,1555390800,20,12,0,32,16,-0.6665075667857212,-1.2147198012807272
320,1555405200,196,455,259,651,16,1.4151086581626207,-0.04956759519688925
320,1555419600,403,697,294,1100,16,1.6964081480205049,0.7955912748057654
320,1555434000,809,384,0,1193,16,-0.6665075667857212,0.9706464527795893
320,1555448400,1339,386,0,1725,16,-0.6665075667857212,1.9720373633395272
320,1555462800,210,107,0,317,16,-0.6665075667857212,-0.6782603849093317
320,1555477200,21,9,0,30,16,-0.6665075667857212,-1.2184844287640353
320,1555491600,200,496,296,696,16,1.7124824045838125,0.03513652317754162
320,1555506000,400,729,329,1129,16,1.9777076378783889,0.850178373313732
320,1555520400,804,475,0,1279,16,-0.6665075667857212,1.132525434561835
320,1555534800,1317,508,0,1825,16,-0.6665075667857212,2.1602687375049294
320,1555549200,237,117,0,354,16,-0.6665075667857212,-0.608614776468133
320,1555563600,22,14,0,36,16,-0.6665075667857212,-1.207190546314111
320,1555578000,187,516,329,703,16,1.9777076378783889,0.04831271936911976
320,1555592400,431,760,329,1191,16,1.9777076378783889,0.9668818252962812
320,1555606800,780,465,0,1245,16,-0.6665075667857212,1.0685267673455983
320,1555621200,1209,446,0,1655,16,-0.6665075667857212,1.8402754014237461
320,1555635600,209,168,0,377,16,-0.6665075667857212,-0.5653215604100905
320,1555650000,41,17,0,58,16,-0.6665075667857212,-1.1657796439977226
320,1555664400,86,363,277,449,16,1.5597769672323898,-0.42979497101100117
320,1555678800,365,645,280,1010,16,1.5838883520773512,0.6261830380569037
320,1555693200,903,473,0,1376,16,-0.6665075667857212,1.3151098675022748
320,1555707600,855,344,0,1199,16,-0.6665075667857212,0.9819403352295133
320,1555722000,190,145,0,335,16,-0.6665075667857212,-0.6443787375595593
320,1555736400,32,13,0,45,16,-0.6665075667857212,-1.190249722639225
320,1555750800,32,100,68,132,16,-0.11998284363326077,-1.0264884271153252
320,1555765200,179,324,145,503,16,0.49887603405408415,-0.3281500289616841
320,1555779600,334,413,79,747,16,-0.031574432535068635,0.1311345240018966
320,1555794000,283,305,22,588,16,-0.489690744589337,-0.16815336092109245
320,1555808400,142,132,0,274,16,-0.6665075667857212,-0.7591998758004546
320,1555822800,24,17,0,41,16,-0.6665075667857212,-1.197778977605841
320,1555837200,29,37,8,66,16,-0.6022105405324906,-1.1507211340644905
320,1555851600,119,223,104,342,16,0.16935377450627712,-0.6312025413679813
320,1555866000,227,308,81,535,16,-0.015500175971760975,-0.2679159892287555
320,1555880400,237,188,0,425,16,-0.6665075667857212,-0.47497050081069764
320,1555894800,103,66,0,169,16,-0.6665075667857212,-0.9568428186741266
320,1555909200,12,15,3,27,16,-0.6423961819407598,-1.2241313699889973
320,1555923600,169,455,286,624,16,1.6321111217672741,-0.10039006622154777
320,1555938000,346,640,294,986,16,1.6964081480205049,0.5810075082572073
320,1555952400,679,395,0,1074,16,-0.6665075667857212,0.7466511175227609
320,1555966800,1264,368,0,1632,16,-0.6665075667857212,1.7969821853657038
320,1555981200,191,33,0,224,17,-0.6568560030665367,-0.8644815586448904
320,1555995600,18,20,2,38,17,-0.6398421565486245,-1.2077955709540706
320,1556010000,197,493,296,690,17,1.8611932815844605,-0.004350753612213173
320,1556024400,395,653,258,1048,17,1.5379301977441298,0.6564364313699723
320,1556038800,760,493,0,1253,17,-0.6568560030665367,1.0348201546139613
320,1556053200,1312,416,0,1728,17,-0.6568560030665367,1.9115629279841795
320,1556067600,209,50,0,259,17,-0.6568560030665367,-0.7998794595544533
320,1556082000,26,14,0,40,17,-0.6568560030665367,-1.2041040224346171
320,1556096400,165,434,269,599,17,1.6315063535926466,-0.17231621124734972
320,1556110800,433,641,208,1074,17,1.1125840347963263,0.7044265621228685
320,1556125200,773,512,0,1285,17,-0.6568560030665367,1.093884930925218
320,1556139600,1354,388,0,1742,17,-0.6568560030665367,1.9374037676203544
320,1556154000,233,70,0,303,17,-0.6568560030665367,-0.7186653921264752
320,1556168400,24,14,0,38,17,-0.6568560030665367,-1.2077955709540706
320,1556182800,188,452,264,640,17,1.5889717372978662,-0.09663946659855192
320,1556197200,401,649,248,1050,17,1.452860965154569,0.6601279798894258
320,1556211600,839,500,0,1339,17,-0.6568560030665367,1.193556740950464
320,1556226000,1334,495,0,1829,17,-0.6568560030665367,2.0979861282165837
320,1556240400,287,48,0,335,17,-0.6568560030665367,-0.6596006158152183
320,1556254800,30,17,0,47,17,-0.6568560030665367,-1.1911836026165297
320,1556269200,137,473,336,610,17,2.2014702119427034,-0.1520126943903552
320,1556283600,381,709,328,1090,17,2.133414825871055,0.7339589502784969
320,1556298000,748,432,0,1180,17,-0.6568560030665367,0.9000786336539066
320,1556312400,1074,424,0,1498,17,-0.6568560030665367,1.487034848247021
320,1556326800,233,122,0,355,17,-0.6568560030665367,-0.6226851306206829
320,1556341200,36,17,0,53,17,-0.6568560030665367,-1.1801089570581689
320,1556355600,47,109,62,156,17,-0.1294267610112602,-0.9899942083063111
320,1556370000,164,310,146,474,17,0.5851547927410499,-0.4030379937131966
320,1556384400,360,349,0,709,17,-0.6568560030665367,0.030718957322595556
320,1556398800,342,388,46,730,17,-0.26553753315455736,0.06948021677685784
320,1556413200,183,127,0,310,17,-0.6568560030665367,-0.7057449723083877
320,1556427600,48,20,0,68,17,-0.6568560030665367,-1.1524223431622673
320,1556442000,41,57,16,98,17,-0.5207452309232395,-1.097049115370464
320,1556456400,162,278,116,440,17,0.3299470949723677,-0.46579431854390696
320,1556470800,234,301,67,535,17,-0.08689214471647982,-0.2904457638698633
320,1556485200,242,250,8,492,17,-0.5888006169948881,-0.36981405703811465
320,1556499600,121,67,0,188,17,-0.6568560030665367,-0.9309294319950543
320,1556514000,8,14,6,22,17,-0.6058144635128002,-1.237327959109699
320,1556528400,182,427,245,609,17,1.427340195377701,-0.15385846865008196
320,1556542800,358,680,322,1038,17,2.0823732863173183,0.6379786887727046
320,1556557200,724,453,0,1177,17,-0.6568560030665367,0.8945413108747263
320,1556571600,1286,400,0,1686,17,-0.6568560030665367,1.8340404090756548
320,1556586000,224,31,0,255,18,-0.5993691431351883,-0.7151947275772521
320,1556600400,17,18,1,35,18,-0.5897416223451947,-1.1070255101614188
320,1556614800,191,445,254,636,18,1.846021137523208,-0.036615054101945356
320,1556629200,430,613,183,1043,18,1.1624671614336564,0.6882718936787628
320,1556643600,652,473,0,1125,18,-0.5993691431351883,0.8343179126419523
320,1556658000,1565,491,0,2056,18,-0.5993691431351883,2.4924745425776758
320,1556672400,330,38,0,368,18,-0.5993691431351883,-0.5139361892499301
320,1556686800,28,13,0,41,18,-0.5993691431351883,-1.0963392160909415
320,1556701200,201,460,259,661,18,1.8941587414731764,0.007911171191709941
320,1556715600,461,618,157,1079,18,0.9121516208938204,0.7523896581016265
320,1556730000,778,400,0,1178,18,-0.5993691431351883,0.9287135102645016
320,1556744400,1309,508,0,1817,18,-0.5993691431351883,2.066803828770331
320,1556758800,253,46,0,299,18,-0.5993691431351883,-0.6368285710604188
320,1556773200,25,19,0,44,18,-0.5993691431351883,-1.0909960690557028
320,1556783372,78,62,0,140,18,-0.5993691431351883,-0.9200153639280665
320,1556787600,145,417,272,562,18,2.0193165117430945,-0.16841268097116505
320,1556802000,412,661,249,1073,18,1.7978835335732395,0.7417033640311492
320,1556816400,840,473,0,1313,18,-0.5993691431351883,1.16915512685024
320,1556830800,1223,473,0,1696,18,-0.5993691431351883,1.8512968983490394
320,1556845200,270,56,0,326,18,-0.5993691431351883,-0.588740247743271
320,1556859600,33,20,0,53,18,-0.5993691431351883,-1.074966627949987
320,1556874000,172,432,260,604,18,1.90378626226317,-0.09360862247782414
320,1556888400,363,665,302,1028,18,2.308142135442905,0.6615561585025698
320,1556902800,796,444,0,1240,18,-0.5993691431351883,1.0391385489927667
320,1556917200,1115,506,0,1621,18,-0.5993691431351883,1.7177182224680734
320,1556931600,238,57,0,295,18,-0.5993691431351883,-0.6439527671074036
320,1556946000,41,19,0,60,18,-0.5993691431351883,-1.0624992848677635
320,1556960400,44,130,86,174,18,0.2285976448042687,-0.8594596975286952
320,1556974800,159,228,69,387,18,0.06492979137437603,-0.4800962580267521
320,1556989200,325,276,0,601,18,-0.5993691431351883,-0.09895176951306277
320,1557003600,348,180,0,528,18,-0.5993691431351883,-0.22896834737053626
320,1557018000,200,61,0,261,18,-0.5993691431351883,-0.7045084335067748
320,1557032400,42,9,0,51,18,-0.5993691431351883,-1.0785287259734793
320,1557046800,24,54,30,78,18,-0.3105435194353777,-1.0304404026563316
320,1557061200,107,150,43,257,18,-0.1853857491654598,-0.7116326295537597
320,1557075600,212,188,0,400,18,-0.5993691431351883,-0.45694262087405135
320,1557090000,211,112,0,323,18,-0.5993691431351883,-0.5940833947785097
320,1557104400,83,27,0,110,18,-0.5993691431351883,-0.9734468342804529
320,1557118800,11,8,0,19,18,-0.5993691431351883,-1.1355222943493581
320,1557133200,192,454,262,646,18,1.9230413038431575,-0.018804563984483238
320,1557147600,338,588,250,926,18,1.8075110543632333,0.4798891593044561
320,1557162000,742,397,0,1139,18,-0.5993691431351883,0.8592525988063993
320,1557176400,1252,432,0,1684,18,-0.5993691431351883,1.8299243102080849
320,1557190800,218,82,0,300,19,-0.6151512732751752,-0.6992783124723857
320,1557205200,20,13,0,33,19,-0.6151512732751752,-1.1936489464444784
320,1557219600,196,406,210,602,19,1.2493278436619535,-0.1401025392155618
320,1557234000,379,723,344,1102,19,2.4390430897075497,0.7856851648520276
320,1557248400,703,415,0,1118,19,-0.6151512732751752,0.8153103713821904
320,1557262800,1279,423,0,1702,19,-0.6151512732751752,1.896630409733135
320,1557277200,217,76,0,293,19,-0.6151512732751752,-0.712239340329332
320,1557291600,26,14,0,40,19,-0.6151512732751752,-1.1806879185875323
320,1557306000,192,482,290,674,19,1.9596056024951454,-0.006789109829828918
320,1557320400,401,665,264,1066,19,1.728765330874358,0.7190284501591612
320,1557334800,826,467,0,1293,19,-0.6151512732751752,1.1393360678058466
320,1557349200,1300,425,0,1725,19,-0.6151512732751752,1.939216644120244
320,1557363600,283,77,0,360,19,-0.6151512732751752,-0.5881837879842751
320,1557378000,27,25,0,52,19,-0.6151512732751752,-1.15846901368991
320,1557392400,218,447,229,665,19,1.4180188113848367,-0.023453288503045525
320,1557406800,447,667,220,1114,19,1.3381125635161024,0.8079040697496497
320,1557421200,833,501,0,1334,19,-0.6151512732751752,1.215250659539389
320,1557435600,1354,489,0,1843,19,-0.6151512732751752,2.157702542280195
320,1557450000,288,112,0,400,19,-0.6151512732751752,-0.5141207716588678
320,1557464400,32,13,0,45,19,-0.6151512732751752,-1.1714300415468564
320,1557478800,202,422,220,624,19,1.3381125635161024,-0.09936788023658785
320,1557493200,374,637,263,1011,19,1.719886858888943,0.6171918027117262
320,1557507600,823,403,0,1226,19,-0.6151512732751752,1.0152805154607898
320,1557522000,1086,492,0,1578,19,-0.6151512732751752,1.6670350591243726
320,1557536400,233,111,0,344,19,-0.6151512732751752,-0.6178089945144378
320,1557550800,54,14,0,68,19,-0.6151512732751752,-1.128843807159747
320,1557565200,46,95,49,141,19,-0.18010614598984512,-0.9936788023658791
320,1557579600,195,283,88,478,19,0.16615426144133588,-0.36969788982432394
320,1557594000,373,347,0,720,19,-0.6151512732751752,0.0783833589443893
320,1557608400,361,264,0,625,19,-0.6151512732751752,-0.09751630482845268
320,1557622800,167,133,0,300,19,-0.6151512732751752,-0.6992783124723857
320,1557637200,45,16,0,61,19,-0.6151512732751752,-1.1418048350166934
320,1557651600,27,63,36,90,19,-0.29552628180023877,-1.0881091481807732
320,1557666000,114,180,66,294,19,-0.02917212223779186,-0.7103877649211968
320,1557680400,158,186,28,344,19,-0.366554057683558,-0.6178089945144378
320,1557694800,171,162,0,333,19,-0.6151512732751752,-0.6381763240039249
320,1557709200,81,63,0,144,19,-0.6151512732751752,-0.9881240761414736
320,1557723600,11,14,3,25,19,-0.5885158573189304,-1.2084615497095599
320,1557738000,180,440,260,620,19,1.6932514429326984,-0.10677418186912857
320,1557752400,322,662,340,984,19,2.40352920176589,0.5671992666920764
320,1557766800,657,417,0,1074,19,-0.6151512732751752,0.7338410534242426
320,1557781200,1253,364,0,1617,19,-0.6151512732751752,1.7392465000416446
320,1557795600,197,72,0,269,20,-0.6779607694666958,-0.8120138223935178
320,1557810000,19,11,0,30,20,-0.6779607694666958,-1.2525843185389225
320,1557824400,203,433,230,636,20,1.2527883558423494,-0.1354892529986914
320,1557838800,402,710,308,1112,20,1.9075641461645474,0.7419649568975958
320,1557853200,768,425,0,1193,20,-0.6779607694666958,0.8912796438757454
320,1557867600,1331,398,0,1729,20,-0.6779607694666958,1.879337325607699
320,1557882000,220,88,0,308,20,-0.6779607694666958,-0.7401215657003346
320,1557896400,19,16,0,35,20,-0.6779607694666958,-1.243367362552617
320,1557910800,209,493,284,702,20,1.7060946722192556,-0.013825433979458306
320,1557925200,398,648,250,1046,20,1.4206795841300925,0.6203011378783627
320,1557939600,773,400,0,1173,20,-0.6779607694666958,0.8544118199305233
320,1557954000,1297,510,0,1807,20,-0.6779607694666958,2.0231218389940655
320,1557968400,285,107,0,392,20,-0.6779607694666958,-0.5852767051304016
320,1557982800,28,15,0,43,20,-0.6779607694666958,-1.2286202329745282
320,1557997200,186,517,331,703,20,2.1006390586954518,-0.0119820427821972
320,1558011600,412,687,275,1099,20,1.6305436194897713,0.7180008713332013
320,1558026000,830,437,0,1267,20,-0.6779607694666958,1.0276905924730675
320,1558040400,1328,553,0,1881,20,-0.6779607694666958,2.1595327875913872
320,1558054800,349,123,0,472,20,-0.6779607694666958,-0.437805409349513
320,1558069200,34,18,0,52,20,-0.6779607694666958,-1.212029712199178
320,1558083600,170,400,230,570,20,1.2527883558423494,-0.2571530720179245
320,1558098000,432,678,246,1110,20,1.387101338472544,0.7382781745030735
320,1558112400,811,471,0,1282,20,-0.6779607694666958,1.055341460431984
320,1558126800,1102,428,0,1530,20,-0.6779607694666958,1.5125024773527387
320,1558141200,245,126,0,371,20,-0.6779607694666958,-0.6239879202728849
320,1558155600,44,17,0,61,20,-0.6779607694666958,-1.1954391914238283
320,1558170000,52,100,48,152,20,-0.27502182157611244,-1.0276905924730675
320,1558184400,145,356,211,501,20,1.0932916889689934,-0.3843470646289409
320,1558198800,321,451,130,772,20,0.4133322144036341,0.11521194982881922
320,1558213200,356,368,12,724,20,-0.5772260324940499,0.02672917236028606
320,1558227600,187,126,0,313,20,-0.6779607694666958,-0.7309046097140292
320,1558242000,44,18,0,62,20,-0.6779607694666958,-1.1935958002265672
320,1558256400,32,53,21,85,20,-0.5016749797645655,-1.1511978026895617
320,1558270800,122,256,134,378,20,0.44691046006118273,-0.6110841818920572
320,1558285200,276,337,61,613,20,-0.16589252318907943,-0.17788725053569687
320,1558299600,290,264,0,554,20,-0.6779607694666958,-0.28664733117410224
320,1558314000,101,67,0,168,20,-0.6779607694666958,-0.9981963333168897
320,1558328400,16,14,0,30,20,-0.6779607694666958,-1.2525843185389225
320,1558342800,191,473,282,664,20,1.6893055493904814,-0.08387429947538039
320,1558357200,352,691,339,1043,20,2.167795550010549,0.6147709642865794
320,1558371600,738,426,0,1164,20,-0.6779607694666958,0.8378212991551733
320,1558386000,1276,427,0,1703,20,-0.6779607694666958,1.8314091544789104
320,1558400400,265,68,0,333,21,-0.6789646589272379,-0.5355088059110619
320,1558414800,17,13,0,30,21,-0.6789646589272379,-1.1275926516125538
320,1558429200,191,373,182,564,21,1.1919819354634638,-0.0841181512673501
320,1558443600,432,639,207,1071,21,1.448980094033615,0.9065964024311861
320,1558458000,773,481,0,1254,21,-0.6789646589272379,1.264191596369711
320,1558472400,1369,602,0,1971,21,-0.6789646589272379,2.6652612906534396
320,1558486800,285,116,0,401,21,-0.6789646589272379,-0.4026319032453805
320,1558501200,29,17,0,46,21,-0.6789646589272379,-1.0963274980441584
320,1558515600,177,486,309,663,21,2.4975325809998323,0.1093349864370978
320,1558530000,413,689,276,1102,21,2.158295011687233,0.9671726374699526
320,1558544400,819,454,0,1273,21,-0.6789646589272379,1.301318966232181
320,1558558800,1359,474,0,1833,21,-0.6789646589272379,2.3955993411260277
320,1558573200,323,98,0,421,21,-0.6789646589272379,-0.36355046128488594
320,1558587600,28,15,0,43,21,-0.6789646589272379,-1.1021897143382324
320,1558602000,185,437,252,622,21,1.9115767794598875,0.029218030418084025
320,1558616400,416,672,256,1088,21,1.9526964848311117,0.9398156280976064
320,1558630800,828,490,0,1318,21,-0.6789646589272379,1.3892522106432936
320,1558645200,1192,450,0,1642,21,-0.6789646589272379,2.0223715704033047
320,1558659600,256,102,0,358,21,-0.6789646589272379,-0.4866570034604437
320,1558674000,24,17,0,41,21,-0.6789646589272379,-1.106097858534282
320,1558688400,151,409,258,560,21,1.9732563375167238,-0.091934439659449
320,1558702800,341,532,191,873,21,1.2845012725487182,0.5196901270222903
320,1558717200,816,474,0,1290,21,-0.6789646589272379,1.3345381918986012
320,1558731600,666,393,0,1059,21,-0.6789646589272379,0.8831475372548894
320,1558746000,237,123,0,360,21,-0.6789646589272379,-0.48274885926439426
320,1558760400,38,26,0,64,21,-0.6789646589272379,-1.0611542002797132
320,1558774800,38,75,37,113,21,-0.29860738424341393,-0.9654046674765017
320,1558789200,142,300,158,442,21,0.9452637032361184,-0.3225149472263667
320,1558803600,250,367,117,617,21,0.5237867231810702,0.019447669927960393
320,1558818000,303,291,0,594,21,-0.6789646589272379,-0.025495988326608314
320,1558832400,146,91,0,237,21,-0.6789646589272379,-0.7230997273214356
320,1558846800,41,16,0,57,21,-0.6789646589272379,-1.0748327049658863
320,1558861200,25,48,23,73,21,-0.44252635304269866,-1.0435675513974907
320,1558875600,117,273,156,390,21,0.9247038505505063,-0.42412669632365246
320,1558890000,236,321,85,557,21,0.19482908021127657,-0.09779665595352319
320,1558904400,232,244,12,476,21,-0.5556055428135652,-0.256076495893526
320,1558918800,100,71,0,171,21,-0.6789646589272379,-0.8520684857910675
320,1558933200,24,9,0,33,21,-0.6789646589272379,-1.1217304353184798
320,1558947600,39,84,45,123,21,-0.2163679735009655,-0.9458639464962544
320,1558962000,125,278,153,403,21,0.8938640715220881,-0.39872375904933105
320,1558976400,218,275,57,493,21,-0.09300885738729289,-0.22285727022710566
320,1558990800,245,192,0,437,21,-0.6789646589272379,-0.33228530771649034
320,1559005200,112,20,0,132,22,-0.7556709875710484,-1.0614596365791444
320,1559019600,22,99,77,121,22,-0.16250594538542454,-1.0818104832446864
320,1559034000,159,517,358,676,22,2.0021612864867877,-0.05501776511961444
320,1559048400,370,649,279,1019,22,1.3935893600885498,0.579558635451376
320,1559062800,712,398,0,1110,22,-0.7556709875710484,0.7479156396844959
320,1559077200,1267,426,0,1693,22,-0.7556709875710484,1.8265105129582202
320,1559091600,185,41,0,226,22,-0.7556709875710484,-0.8875524014372405
320,1559106000,17,25,8,42,22,-0.694043450720594,-1.2279665638426698
320,1559120400,188,466,278,654,22,1.3858859179822431,-0.09571945845069837
320,1559134800,381,670,289,1051,22,1.4706237811516178,0.6387610984784072
320,1559149200,788,502,0,1290,22,-0.7556709875710484,1.0809294942115464
320,1559163600,1443,405,0,1848,22,-0.7556709875710484,2.1132724432454024
320,1559178000,222,36,0,258,22,-0.7556709875710484,-0.8283499384102092
320,1559192400,27,18,0,45,22,-0.7556709875710484,-1.2224163329338855
320,1559206800,185,512,327,697,22,1.7633545811912765,-0.01616614875812523
320,1559221200,429,632,203,1061,22,0.8081277600092328,0.6572618681743544
320,1559235600,792,419,0,1211,22,-0.7556709875710484,0.9347734136135631
320,1559250000,1401,459,0,1860,22,-0.7556709875710484,2.135473366880539
320,1559264400,253,49,0,302,22,-0.7556709875710484,-0.7469465517480414
320,1559278800,30,10,0,40,22,-0.7556709875710484,-1.2316667177818592
320,1559293200,187,476,289,663,22,1.4706237811516178,-0.07906876572434586
320,1559307600,410,710,300,1120,22,1.5553616443209928,0.7664164093804432
320,1559322000,856,435,0,1291,22,-0.7556709875710484,1.082779571181141
320,1559336400,985,439,0,1424,22,-0.7556709875710484,1.3288398081372395
320,1559350800,263,141,0,404,22,-0.7556709875710484,-0.5582387008493794
320,1559365200,32,26,0,58,22,-0.7556709875710484,-1.198365332329154
320,1559379600,42,89,47,131,22,-0.39360920857462867,-1.0633097135487393
320,1559394000,152,393,241,545,22,1.1008585600488914,-0.29737784813652335
320,1559408400,328,535,207,863,22,0.83894152843446,0.29094662819459904
320,1559422800,318,411,93,729,22,-0.03925087168451567,0.04303631426890595
320,1559437200,172,182,10,354,22,-0.6786365665079804,-0.6507425493291157
320,1559451600,48,23,0,71,22,-0.7556709875710484,-1.1743143317244227
320,1559466000,35,55,20,90,22,-0.6016021454449124,-1.139162869302123
320,1559480400,139,355,216,494,22,0.9082725073912212,-0.39173177358585426
320,1559494800,267,397,130,664,22,0.24577648624883608,-0.07721868875475113
320,1559509200,246,295,49,541,22,-0.37820232436201506,-0.3047781560149022
320,1559523600,100,115,15,215,22,-0.6401193559764464,-0.9079032481027823
320,1559538000,9,12,3,21,22,-0.732560661252128,-1.266818180204159
320,1559552400,187,468,281,655,22,1.4089962443011634,-0.09386938148110366
320,1559566800,369,769,400,1138,22,2.3257058549516736,0.7997177948331482
320,1559581200,693,448,0,1141,22,-0.7556709875710484,0.8052680257419323
320,1559595600,1270,423,0,1693,22,-0.7556709875710484,1.8265105129582202
320,1559610000,87,117,30,204,23,-0.4202935202368477,-0.8284579160843488
320,1559624400,11,23,12,34,23,-0.5502493080892227,-1.1101470213199434
320,1559638800,178,496,318,674,23,1.6589990854011523,-0.04967038984476382
320,1559653200,384,788,404,1172,23,2.279898960695833,0.7755129890218603
320,1559667600,751,457,0,1208,23,-0.636886499990806,0.8351647995423391
320,1559682000,1684,550,0,2234,23,-0.636886499990806,2.5352413993759866
320,1559696400,111,142,31,253,23,-0.4130737542450491,-0.7472651739870304
320,1559710800,9,28,19,37,23,-0.4997109461466324,-1.1051760371099035
320,1559725200,185,514,329,699,23,1.738416511310937,-0.008245521427764612
320,1559739600,419,731,312,1150,23,1.6156804894503607,0.739059104814901
320,1559754000,740,502,0,1242,23,-0.636886499990806,0.8915026205894581
320,1559768400,1393,539,0,1932,23,-0.636886499990806,2.0348289888986364
320,1559782800,99,123,24,222,23,-0.46361211618763937,-0.7986320108241094
320,1559797200,14,24,10,38,23,-0.5646888400728199,-1.1035190423732235
320,1559811600,187,503,316,690,23,1.6445595534175552,-0.023158474057884324
320,1559826000,381,739,358,1120,23,1.947789725073097,0.6893492627145019
320,1559840400,732,443,0,1175,23,-0.636886499990806,0.7804839732319002
320,1559854800,1413,534,0,1947,23,-0.636886499990806,2.0596839099488355
320,1559869200,105,151,46,256,23,-0.3047772643680699,-0.7422941897769905
320,1559883600,19,19,0,38,23,-0.636886499990806,-1.1035190423732235
320,1559898000,180,438,258,618,23,1.2258131258932357,-0.14246209509884203
320,1559912400,363,666,303,1029,23,1.550702595524173,0.5385627416766249
320,1559926800,933,510,0,1443,23,-0.636886499990806,1.2245585626621316
320,1559941200,1090,494,0,1584,23,-0.636886499990806,1.4581948205340072
320,1559955600,255,126,0,381,23,-0.636886499990806,-0.5351698476919945
320,1559970000,41,9,0,50,23,-0.636886499990806,-1.083635105533064
320,1559984400,38,119,81,157,23,-0.05208545465511851,-0.9063366687083073
320,1559998800,150,237,87,387,23,-0.008766858704326842,-0.5252278792719146
320,1560013200,343,245,0,588,23,-0.636886499990806,-0.19217193719924106
320,1560027600,493,194,0,687,23,-0.636886499990806,-0.028129458267924227
320,1560042000,237,85,0,322,23,-0.636886499990806,-0.6329325371561125
320,1560056400,50,13,0,63,23,-0.636886499990806,-1.0620941739562244
320,1560070800,31,33,2,64,23,-0.6224469680072088,-1.0604371792195444
320,1560085200,132,191,59,323,23,-0.21092030647468796,-0.6312755424194326
320,1560099600,244,141,0,385,23,-0.636886499990806,-0.5285418687452745
320,1560114000,274,112,0,386,23,-0.636886499990806,-0.5268848740085946
320,1560128400,84,45,0,129,23,-0.636886499990806,-0.9527325213353464
320,1560142800,11,14,3,25,23,-0.6152272020154103,-1.125059973950063
320,1560157200,176,471,295,647,23,1.4929444675897843,-0.09440924773512295
320,1560171600,393,801,408,1194,23,2.3087780246630274,0.8119668732288196
320,1560186000,681,386,0,1067,23,-0.636886499990806,0.6015285416704637
320,1560200400,1320,393,0,1713,23,-0.636886499990806,1.671947141565723
320,1560214800,176,53,0,229,24,-0.6629420928424504,-1.1550117671320352
320,1560229200,10,19,9,29,24,-0.5996372776108105,-1.4880081322130472
320,1560243600,189,428,239,617,24,1.0181524449755406,-0.508998818874872
320,1560258000,440,836,396,1276,24,2.122469777349702,0.5882242040670626
320,1560272400,777,450,0,1227,24,-0.6629420928424504,0.5066400946222147
320,1560286800,1374,467,0,1841,24,-0.6629420928424504,1.5289389354209215
320,1560301200,246,97,0,343,24,-0.6629420928424504,-0.9652038390358584
320,1560315600,20,19,0,39,24,-0.6629420928424504,-1.4713583139589967
320,1560330000,246,488,242,734,24,1.0392540500527538,-0.3141959453024799
320,1560344400,498,748,250,1246,24,1.0955249969253225,0.5382747493049108
320,1560358800,864,448,0,1312,24,-0.6629420928424504,0.6481635497816448
320,1560373200,1472,256,0,1728,24,-0.6629420928424504,1.3407959891501497
320,1560387600,556,525,0,1081,24,-0.6629420928424504,0.2635527481130759
320,1560402000,18,9,0,27,24,-0.6629420928424504,-1.4913380958638573
320,1560416400,228,495,267,723,24,1.215100759029531,-0.3325107453819356
320,1560430800,385,839,454,1224,24,2.5304341421758254,0.5016451491459994
320,1560445200,796,451,0,1247,24,-0.6629420928424504,0.5399397311303159
320,1560459600,1437,565,0,2002,24,-0.6629420928424504,1.797001009311136
320,1560474000,254,104,0,358,24,-0.6629420928424504,-0.9402291116547825
320,1560488400,24,17,0,41,24,-0.6629420928424504,-1.4680283503081866
320,1560502800,209,455,246,664,24,1.0673895234890383,-0.43074467308083414
320,1560517200,470,629,159,1099,24,0.4554429762498532,0.29352242097036696
320,1560531600,1009,454,0,1463,24,-0.6629420928424504,0.8995758054178088
320,1560546000,1136,459,0,1595,24,-0.6629420928424504,1.1193534063712767
320,1561165200,8133,7280,0,15413,25,-0.5682478450593141,4.083900692644239
320,1561179600,40,23,0,63,25,-0.5682478450593141,-0.38156013254384935
320,1561194000,37,100,63,137,25,0.11582121682737609,-0.3600328295429426
320,1561208400,190,283,93,473,25,0.4415683891543714,-0.2622872375388255
320,1561222800,363,367,4,730,25,-0.524814888749048,-0.1875234960356764
320,1561237200,318,322,4,640,25,-0.524814888749048,-0.21370535103677918
320,1561251600,177,148,0,325,25,-0.5682478450593141,-0.305341843540639
320,1561266000,35,22,0,57,25,-0.5682478450593141,-0.38330558954392285
320,1561280400,34,43,9,77,25,-0.4705236933612155,-0.3774873995436778
320,1561294800,130,239,109,369,25,0.6153002143954356,-0.29254182554009983
320,1561309200,306,371,65,677,25,0.13753769498250912,-0.20294169953632582
320,1561323600,279,265,0,544,25,-0.5682478450593141,-0.2416326630379555
320,1561338000,113,100,0,213,25,-0.5682478450593141,-0.33792370754201134
320,1561352400,13,22,9,35,25,-0.4705236933612155,-0.38970559854419246
320,1561366800,218,485,267,703,25,2.330901988650944,-0.19537805253600724
320,1561381200,419,738,319,1157,25,2.8955304206844032,-0.06330513953044423
320,1561395600,780,490,0,1270,25,-0.5682478450593141,-0.030432366029059604
320,1561410000,1417,443,0,1860,25,-0.5682478450593141,0.14120423897816986
320,1561424400,197,74,0,271,26,-0.6261097695594418,-0.8429254277928188
320,1561438800,20,13,0,33,26,-0.6261097695594418,-1.2327599135991025
320,1561453200,198,454,256,652,26,1.56598799739045,-0.21886265849788555
320,1561467600,505,770,265,1275,26,1.643053934509782,0.801586436700916
320,1561482000,837,455,0,1292,26,-0.6261097695594418,0.8294317571156505
320,1561496400,1482,493,0,1975,26,-0.6261097695594418,1.948158453778221
320,1561510800,230,87,0,317,26,-0.6261097695594418,-0.7675792666705958
320,1561525200,24,15,0,39,26,-0.6261097695594418,-1.2229321534527255
320,1561539600,218,528,310,746,26,2.028383620106443,-0.06489441620464743
320,1561554000,456,711,255,1167,26,1.557425115488302,0.6246867540661318
320,1561568400,795,507,0,1302,26,-0.6261097695594418,0.8458113573596121
320,1561582800,1513,560,0,2073,26,-0.6261097695594418,2.1086785361690437
320,1561597200,317,101,0,418,26,-0.6261097695594418,-0.6021453042065847
320,1561611600,29,16,0,45,26,-0.6261097695594418,-1.2131043933063488
320,1561626000,214,538,324,752,26,2.148263966736515,-0.055066656058270526
320,1561640400,475,738,263,1213,26,1.6259281707054862,0.7000329151883548
320,1561654800,801,456,0,1257,26,-0.6261097695594418,0.7721031562617853
320,1561669200,1605,652,0,2257,26,-0.6261097695594418,2.4100631806579353
320,1561683600,311,134,0,445,26,-0.6261097695594418,-0.5579203835478886
320,1561698000,28,14,0,42,26,-0.6261097695594418,-1.2180182733795373
320,1561712400,197,470,273,667,26,1.7115569897269662,-0.19429325813194329
320,1561726800,488,776,288,1264,26,1.8400002182591866,0.7835688764325583
320,1561741200,1043,517,0,1560,26,-0.6261097695594418,1.2684050436538188
320,1561755600,1149,585,0,1734,26,-0.6261097695594418,1.553410087898749
320,1561770000,266,218,0,484,26,-0.6261097695594418,-0.4940399425964388
320,1561784400,49,36,0,85,26,-0.6261097695594418,-1.1475859923305027
320,1561798800,39,111,72,150,26,-0.009582272604784696,-1.0411185907447529
320,1561813200,204,303,99,507,26,0.22161553875321172,-0.45636686203532734
320,1561827600,394,415,21,809,26,-0.44628924961433347,0.03829706533231003
320,1561842000,354,277,0,631,26,-0.6261097695594418,-0.2532598190102047
320,1561856400,235,160,0,395,26,-0.6261097695594418,-0.6398183847676961
320,1561870800,65,36,0,101,26,-0.6261097695594418,-1.1213786319401644
320,1561885200,35,57,22,92,26,-0.4377263677121854,-1.1361202721597297
320,1561899600,214,230,16,444,26,-0.48910365912507353,-0.5595583435722848
320,1561914000,326,374,48,700,26,-0.21509143825633706,-0.14024057732687034
320,1561928400,367,319,0,686,26,-0.6261097695594418,-0.16317201766841644
320,1561942800,175,178,3,353,26,-0.6004211238529977,-0.7086127057923345
320,1561957200,20,31,11,51,26,-0.5319180686358136,-1.2032766331599718
320,1561971600,183,485,302,668,26,1.9598805648892588,-0.19265529810754714
320,1561986000,397,640,243,1037,26,1.4546705326625258,0.4117519508946323
320,1562000400,729,441,0,1170,26,-0.6261097695594418,0.6296006341393202
320,1562014800,1359,478,0,1837,26,-0.6261097695594418,1.7221199704115522
320,1562029200,234,115,0,349,27,-0.6581133443180635,-0.43787343401941714
320,1562043600,23,22,0,45,27,-0.6581133443180635,-1.055842706215716
320,1562058000,193,497,304,690,27,2.3353997231037518,0.25530920354287884
320,1562072400,451,708,257,1159,27,1.8725868475484053,1.2086894293983532
320,1562086800,816,471,0,1287,27,-0.6581133443180635,1.4688870176915318
320,1562101200,1405,432,0,1837,27,-0.6581133443180635,2.5869235298887836
320,1562115600,229,158,0,387,27,-0.6581133443180635,-0.36062727499487973
320,1562130000,22,21,0,43,27,-0.6581133443180635,-1.059908293532797
320,1562144400,148,445,297,593,27,2.266470145893381,0.05812821866445446
320,1562158800,443,669,226,1112,27,1.5673272913310492,1.113148127446952
320,1562173200,1118,518,0,1636,27,-0.6581133443180635,2.1783320045221513
320,1562187600,835,423,0,1258,27,-0.6581133443180635,1.4099360015938587
320,1562202000,233,148,0,381,27,-0.6581133443180635,-0.3728240369461225
320,1562216400,32,16,0,48,27,-0.6581133443180635,-1.0497443252400949
320,1562230800,30,55,25,85,27,-0.41193628285245365,-0.9745309598740979
320,1562245200,115,216,101,331,27,0.33644198400300007,-0.47446371987314534
320,1562259600,195,306,111,501,27,0.434912808589244,-0.12888879792126762
320,1562274000,192,212,20,404,27,-0.46117169514557566,-0.32606978279969195
320,1562288400,284,66,0,350,27,-0.6581133443180635,-0.43584064036087666
320,1562302800,25,18,0,43,27,-0.6581133443180635,-1.059908293532797
320,1562317200,71,250,179,321,27,1.1045144157757028,-0.49479165645854994
320,1562331600,242,456,214,698,27,1.4491623018275566,0.2715715528112025
320,1562346000,465,463,0,928,27,-0.6581133443180635,0.7391140942755077
320,1562360400,466,331,0,797,27,-0.6581133443180635,0.4728181250067078
320,1562374800,178,133,0,311,27,-0.6581133443180635,-0.5151195930439545
320,1562389200,29,20,0,49,27,-0.6581133443180635,-1.0477115315815544
320,1562403600,22,68,46,90,27,-0.20514755122134146,-0.9643669915813956
320,1562418000,117,170,53,287,27,-0.13621797401097072,-0.5639066408489255
320,1562432400,227,380,153,607,27,0.8484902718514684,0.08658732988402086
320,1562446800,266,259,0,525,27,-0.6581133443180635,-0.08010175011629664
320,1562461200,113,122,9,235,27,-0.569489602190444,-0.6696119110930293
320,1562475600,26,14,0,40,27,-0.6581133443180635,-1.0660066745084185
320,1562490000,38,38,0,76,27,-0.6581133443180635,-0.992826102800962
320,1562504400,109,209,100,318,27,0.3265949015443757,-0.5008900374341713
320,1562518800,210,302,92,512,27,0.24781824187538057,-0.10652806767732258
320,1562533200,230,251,21,481,27,-0.45132461268695123,-0.16954467109207677
320,1562547600,108,95,0,203,27,-0.6581133443180635,-0.7346613081663239
320,1562562000,8,17,9,25,27,-0.569489602190444,-1.0964985793865254
320,1562576400,192,478,286,670,27,2.158152238848513,0.21465333037206968
320,1562590800,367,671,304,1038,27,2.3353997231037518,0.9627213967149579
320,1562605200,704,416,0,1120,27,-0.6581133443180635,1.1294104767152755
320,1562619600,1382,453,0,1835,27,-0.6581133443180635,2.5828579425717026
320,1562634000,227,93,0,320,28,-0.6543919198784406,-0.7472734086477237
320,1562648400,20,14,0,34,28,-0.6543919198784406,-1.233316736819505
320,1562662800,209,517,308,726,28,1.9241075853142207,-0.057295816907362754
320,1562677200,467,725,258,1192,28,1.505520003302425,0.734648906617288
320,1562691600,764,481,0,1245,28,-0.6543919198784406,0.824719873026744
320,1562706000,1408,391,0,1799,28,-0.6543919198784406,1.7662163898350196
320,1562720400,235,104,0,339,28,-0.6543919198784406,-0.714983816916032
320,1562734800,16,10,0,26,28,-0.6543919198784406,-1.2469123543907437
320,1562749200,210,479,269,689,28,1.59760927134502,-0.12017554817434146
320,1562763600,546,672,126,1218,28,0.4004487867912845,0.7788346637238136
320,1562778000,878,455,0,1333,28,-0.6543919198784406,0.974271666310369
320,1562792400,1479,523,0,2002,28,-0.6543919198784406,2.1112051857052
320,1562806800,239,97,0,336,28,-0.6543919198784406,-0.7200821735052464
320,1562821200,22,14,0,36,28,-0.6543919198784406,-1.2299178324266955
320,1562835600,214,471,257,685,28,1.497148251662189,-0.1269733569599608
320,1562850000,445,727,282,1172,28,1.7064420426680869,0.7006598626891913
320,1562864400,876,417,0,1293,28,-0.6543919198784406,0.9062935784541758
320,1562878800,1472,441,0,1913,28,-0.6543919198784406,1.9599539402251702
320,1562893200,244,111,0,355,28,-0.6543919198784406,-0.6877925817735546
320,1562907600,19,14,0,33,28,-0.6543919198784406,-1.23501618901591
320,1562922000,188,500,312,688,28,1.9575945918751643,-0.12187500037074629
320,1562936400,422,751,329,1173,28,2.099914369759175,0.7023593148855962
320,1562950800,1006,501,0,1507,28,-0.6543919198784406,1.2699763484848094
320,1562965200,1132,499,0,1631,28,-0.6543919198784406,1.4807084208390082
320,1562979600,315,142,0,457,28,-0.6543919198784406,-0.514448457740262
320,1562994000,46,24,0,70,28,-0.6543919198784406,-1.1721364577489313
320,1563008400,47,94,47,141,28,-0.26091959278735266,-1.0514753518041882
320,1563022800,166,348,182,514,28,0.8692668786444957,-0.4175796825451867
320,1563037200,330,399,69,729,28,-0.07674105670216258,-0.052197460318148266
320,1563051600,465,366,0,831,28,-0.6543919198784406,0.12114666371514439
320,1563066000,295,194,0,489,28,-0.6543919198784406,-0.46006598745530747
320,1563080400,45,19,0,64,28,-0.6543919198784406,-1.1823331709273601
320,1563094800,27,45,18,72,28,-0.5037003903541942,-1.1687375533561215
320,1563109200,145,231,86,376,28,0.06557872118184795,-0.6521040856490532
320,1563123600,244,330,86,574,28,0.06557872118184795,-0.3156125507608969
320,1563138000,232,278,46,510,28,-0.2692913444275886,-0.42437749133080604
320,1563152400,115,82,0,197,28,-0.6543919198784406,-0.9563060288055177
320,1563166800,17,19,2,36,28,-0.6376484165979688,-1.2299178324266955
320,1563181200,222,441,219,663,28,1.1790216893332244,-0.16436130528086704
320,1563195600,400,787,387,1187,28,2.585475964892858,0.7261516456352638
320,1563210000,1090,460,0,1550,28,-0.6543919198784406,1.3430527929302172
320,1563224400,1300,403,0,1703,28,-0.6543919198784406,1.603068978980156
320,1563238800,193,80,0,273,29,-0.5934688966754619,-0.7370416817750656
320,1563253200,13,11,0,24,29,-0.5934688966754619,-1.1759678196945256
320,1563267600,242,449,207,691,29,1.050769021647185,-0.00020985185404444453
320,1563282000,412,627,215,1039,29,1.1143144484422631,0.6132290878888152
320,1563296400,769,494,0,1263,29,-0.5934688966754619,1.0080863364589319
320,1563310800,1308,511,0,1819,29,-0.5934688966754619,1.9881784355883283
320,1563325200,282,104,0,386,29,-0.5934688966754619,-0.5378503019160336
320,1563339600,22,16,0,38,29,-0.5934688966754619,-1.1512892416588933
320,1563354000,216,445,229,661,29,1.22551894533365,-0.05309251907325649
320,1563368400,478,807,329,1285,29,2.0198367802721267,1.046866959086354
320,1563382800,803,483,0,1286,29,-0.5934688966754619,1.0486297146603278
320,1563397200,1466,482,0,1948,29,-0.5934688966754619,2.21557390463094
320,1563411600,211,95,0,306,29,-0.5934688966754619,-0.6788707478339323
320,1563426000,17,14,0,31,29,-0.5934688966754619,-1.1636285306767093
320,1563440400,216,511,295,727,29,1.7497687163930444,0.06324934880901001
320,1563454800,426,871,445,1297,29,2.94124546880076,1.068020025974039
320,1563469200,806,455,0,1261,29,-0.5934688966754619,1.0045608253109843
320,1563483600,1360,498,0,1858,29,-0.5934688966754619,2.056925902973304
320,1563498000,328,108,0,436,29,-0.5934688966754619,-0.44971252321734684
320,1563512400,23,13,0,36,29,-0.5934688966754619,-1.1548147528068406
320,1563526800,217,478,261,695,29,1.4797006525139624,0.006841170441850494
320,1563541200,566,648,82,1214,29,0.05787172797408907,0.9217113133342189
320,1563555600,822,438,0,1260,29,-0.5934688966754619,1.0027980697370107
320,1563570000,595,300,0,895,29,-0.5934688966754619,0.35939228523659744
320,1563584400,163,99,0,262,29,-0.5934688966754619,-0.7564319930887766
320,1563598800,37,22,0,59,29,-0.5934688966754619,-1.114271374605445
320,1563613200,30,75,45,105,29,-0.23602587095314734,-1.033184618202653
320,1563627600,120,312,192,432,29,0.9316213464064135,-0.4567635455132418
320,1563642000,253,262,9,515,29,-0.521980291530999,-0.3104548328734218
320,1563656400,229,231,2,460,29,-0.5775825399766924,-0.40740638944197716
320,1563670800,154,128,0,282,29,-0.5934688966754619,-0.7211768816093019
320,1563685200,67,21,0,88,29,-0.5934688966754619,-1.0631514629602066
320,1563699600,25,41,16,66,29,-0.4663780430853056,-1.1019320855876287
320,1563714000,138,191,53,329,29,-0.1724804441580692,-0.6383273696325364
320,1563728400,184,233,49,417,29,-0.20425315755560827,-0.48320487912284776
320,1563742800,191,186,0,377,29,-0.5934688966754619,-0.5537151020817972
320,1563757200,92,74,0,166,29,-0.5934688966754619,-0.9256565281902552
320,1563771600,8,19,11,27,29,-0.5060939348322294,-1.1706795529726044
320,1563786000,189,504,315,693,29,1.9086322833807399,0.003315659293903025
320,1563800400,358,741,383,1099,29,2.448768411138904,0.7189944223272393
320,1563814800,686,439,0,1125,29,-0.5934688966754619,0.7648260672505565
320,1563829200,1400,396,0,1796,29,-0.5934688966754619,1.9476350573869323
320,1563843600,152,74,0,226,30,-0.6780296214364363,-0.8328235483081189
320,1563858000,9,12,3,21,30,-0.6578806279692215,-1.1816904720666526
320,1563872400,189,501,312,690,30,1.4174656991539083,-0.04319304770343756
320,1563886800,378,824,446,1202,30,2.3174540740228387,0.8281233667569005
320,1563901200,679,441,0,1120,30,-0.6780296214364363,0.688576597253487
320,1563915600,1482,488,0,1970,30,-0.6780296214364363,2.1350979884474075
320,1563930000,213,86,0,299,30,-0.6780296214364363,-0.7085928876526411
320,1563944400,14,20,6,34,30,-0.6377316345020067,-1.1595672037307456
320,1563958800,189,508,319,697,30,1.4644800172440764,-0.031280518599487626
320,1563973200,413,763,350,1176,30,1.6726862830719633,0.7838768300850865
320,1563987600,817,510,0,1327,30,-0.6780296214364363,1.0408471007560065
320,1564002000,1488,644,0,2132,30,-0.6780296214364363,2.410787947710249
320,1564016400,268,101,0,369,30,-0.6780296214364363,-0.5894675966131416
320,1564030800,28,13,0,41,30,-0.6780296214364363,-1.1476546746267957
320,1564045200,162,477,315,639,30,1.4376146926211233,-0.1299843311750728
320,1564059600,349,812,463,1161,30,2.4316317036703894,0.7583499820051937
320,1564074000,729,463,0,1192,30,-0.6780296214364363,0.811105468036972
320,1564088400,1410,610,0,2020,30,-0.6780296214364363,2.22018748204705
320,1564102800,270,162,0,432,30,-0.6780296214364363,-0.4822548346775923
320,1564117200,21,15,0,36,30,-0.6780296214364363,-1.1561636239867599
320,1564131600,177,451,274,628,30,1.1622451152358535,-0.14870401976699413
320,1564146000,368,670,302,1038,30,1.3503023875965257,0.5490298277500735
320,1564160400,863,457,0,1320,30,-0.6780296214364363,1.0289345716520566
320,1564174800,990,483,0,1473,30,-0.6780296214364363,1.2893084220669622
320,1564189200,235,141,0,376,30,-0.6780296214364363,-0.5775550675091917
320,1564203600,27,26,0,53,30,-0.6780296214364363,-1.1272331961628816
320,1564218000,40,91,51,131,30,-0.3354967324937838,-0.9944935861474394
320,1564232400,144,354,210,498,30,0.7323999212686034,-0.3699367031260643
320,1564246800,304,362,58,666,30,-0.28848241440361583,-0.08403600463126591
320,1564261200,245,290,45,535,30,-0.3757947194282135,-0.30697047786232895
320,1564275600,162,146,0,308,30,-0.6780296214364363,-0.6932767788047054
320,1564290000,28,16,0,44,30,-0.6780296214364363,-1.142549305010817
320,1564304400,27,51,24,78,30,-0.5168376736987175,-1.0846884493630604
320,1564318800,99,290,191,389,30,0.604789629309576,-0.5554317991732847
320,1564333200,198,359,161,557,30,0.4032996946374275,-0.2695311006784863
320,1564347600,221,226,5,447,30,-0.6444479656577449,-0.45672798659769953
320,1564362000,100,75,0,175,30,-0.6780296214364363,-0.9196148317797541
320,1564376400,13,21,8,34,30,-0.6242989721905301,-1.1595672037307456
320,1564390800,159,490,331,649,30,1.545075991112936,-0.11296643245514432
320,1564405200,336,702,366,1038,30,1.7801475815637757,0.5490298277500735
320,1564419600,669,403,0,1072,30,-0.6780296214364363,0.6068906833978303
320,1564434000,1320,433,0,1753,30,-0.6780296214364363,1.7658095862249596
320,1564448400,170,96,0,266,31,-0.6983370586801553,-1.005008686169912
320,1564462800,9,18,9,27,31,-0.641800025443681,-1.4120361396663896
320,1564477200,203,486,283,689,31,1.0794385419778711,-0.2846211847933006
320,1564491600,387,725,338,1112,31,1.4249426339785476,0.43576631658331066
320,1564506000,750,453,0,1203,31,-0.6983370586801553,0.5907432967848985
320,1564520400,1305,454,0,1759,31,-0.6983370586801553,1.537635615379215
320,1564534800,205,82,0,287,31,-0.6983370586801553,-0.9692447676618532
320,1564549200,13,13,0,26,31,-0.6983370586801553,-1.4137391834048687
320,1564563600,176,493,317,669,31,1.2930228897601075,-0.31868205956288037
320,1564578000,401,712,311,1113,31,1.2553315342691245,0.4374693603217897
320,1564592400,764,504,0,1268,31,-0.6983370586801553,0.7014411397860326
320,1564606800,1409,495,0,1904,31,-0.6983370586801553,1.784576957458668
320,1564621200,203,85,0,288,31,-0.6983370586801553,-0.9675417239233742
320,1564635600,17,15,0,32,31,-0.6983370586801553,-1.4035209209739947
320,1564650000,192,562,370,754,31,1.625963196597123,-0.1739233417921665
320,1564664400,377,826,449,1203,31,2.122232710561731,0.5907432967848985
320,1564678800,708,499,0,1207,31,-0.6983370586801553,0.5975554717388144
320,1564693200,1365,475,0,1840,31,-0.6983370586801553,1.6755821581960129
320,1564707600,254,123,0,377,31,-0.6983370586801553,-0.8159708311987445
320,1564722000,22,15,0,37,31,-0.6983370586801553,-1.3950057022815998
320,1564736400,169,463,294,632,31,1.1485393603780063,-0.3816946778866029
320,1564750800,363,660,297,1023,31,1.1673850381234978,0.28419542385868085
320,1564765200,875,528,0,1403,31,-0.6983370586801553,0.9313520444806958
320,1564779600,935,493,0,1428,31,-0.6983370586801553,0.9739281379426704
320,1565398800,8559,6992,0,15551,32,-0.6674475148641827,4.094561096307714
320,1565413200,42,23,0,65,32,-0.6674475148641827,-0.36323067619832095
320,1565427600,31,87,56,118,32,-0.16686187871604571,-0.3479741242195776
320,1565442000,140,310,170,450,32,0.8521874520140904,-0.2524047797489587
320,1565456400,334,349,15,683,32,-0.5333620766102175,-0.1853335229367473
320,1565470800,64,275,211,339,32,1.218687649908262,-0.2843571810629307
320,1565485200,466,138,0,604,32,-0.6674475148641827,-0.20807442116921382
320,1565499600,37,20,0,57,32,-0.6674475148641827,-0.3655335519686973
320,1565514000,35,45,10,80,32,-0.5780572226948726,-0.3589127841288653
320,1565528400,95,218,123,313,32,0.4320530788183325,-0.29184152731665386
320,1565542800,236,328,92,564,32,0.15494317309347094,-0.21958880002109563
320,1565557200,248,200,0,448,32,-0.6674475148641827,-0.2529804986915528
320,1565571600,116,86,0,202,32,-0.6674475148641827,-0.32379392863062584
320,1565586000,12,13,1,25,32,-0.6585084856472517,-0.3747450550502027
320,1565600400,181,473,292,654,32,1.9427490164796744,-0.1936814476043616
320,1565614800,357,731,374,1088,32,2.675749412268018,-0.06875043706144417
320,1565629200,634,418,0,1052,32,-0.6674475148641827,-0.07911337802813778
320,1565643600,1278,312,0,1590,32,-0.6674475148641827,0.0757550175296723
320,1565658000,180,115,0,295,33,-0.548490550625964,-0.4784146008945076
320,1565672400,30,27,0,57,33,-0.548490550625964,-0.881983264392232
320,1565683980,23,256,233,279,33,0.9703946972241004,-0.5055452673481361
320,1565686800,147,240,93,387,33,0.05775978435281712,-0.3224132687861436
320,1565701200,383,723,340,1106,33,1.6679085234900097,0.8967710549737883
320,1565715600,695,461,0,1156,33,-0.548490550625964,0.9815543876413775
320,1565730000,1297,408,0,1705,33,-0.548490550625964,1.9124753803315062
320,1565744400,234,115,0,349,33,-0.548490550625964,-0.38684860161351137
320,1565758800,43,21,0,64,33,-0.548490550625964,-0.8701135978187695
320,1565773200,164,505,341,669,33,1.6744273442962334,0.15576472745905917
320,1565787600,383,850,467,1233,33,2.495798765880388,1.1121207199494647
320,1565802000,755,481,0,1236,33,-0.548490550625964,1.11720771990952
320,1565816400,1300,436,0,1736,33,-0.548490550625964,1.9650410465854116
320,1565830800,244,140,0,384,33,-0.548490550625964,-0.3275002687461989
320,1565845200,50,25,0,75,33,-0.548490550625964,-0.8514612646318999
320,1565859600,173,484,311,657,33,1.4788627201095297,0.13541672761883777
320,1565874000,364,707,343,1071,33,1.6874649859086803,0.837422722106476
320,1565888400,736,466,0,1202,33,-0.548490550625964,1.0595550536955596
320,1565902800,1303,556,0,1859,33,-0.548490550625964,2.173608044947681
320,1565917200,268,111,0,379,33,-0.548490550625964,-0.33597860201295787
320,1565931600,33,30,0,63,33,-0.548490550625964,-0.8718092644721213
320,1565946000,138,391,253,529,33,1.1007711133485694,-0.08162860401019043
320,1565960400,369,710,341,1079,33,1.6744273442962334,0.8509880553332901
320,1565974800,859,450,0,1309,33,-0.548490550625964,1.2409913856042003
320,1565989200,946,371,0,1317,33,-0.548490550625964,1.2545567188310145
320,1566003600,190,116,0,306,33,-0.548490550625964,-0.459762267707638
320,1566018000,0,0,0,0,33,-0.548490550625964,-0.9786362636332836
320,1566032400,0,0,0,0,33,-0.548490550625964,-0.9786362636332836
320,1566046800,0,2,2,2,33,-0.535452909013517,-0.97524493032658
320,1566061200,1,0,0,1,33,-0.548490550625964,-0.9769405969799319
320,1566075600,1,0,0,1,33,-0.548490550625964,-0.9769405969799319
320,1566090000,1,0,0,1,33,-0.548490550625964,-0.9769405969799319
320,1566104400,0,1,1,1,33,-0.5419717298197405,-0.9769405969799319
320,1566118800,0,0,0,0,33,-0.548490550625964,-0.9786362636332836
320,1566133200,0,2,2,2,33,-0.535452909013517,-0.97524493032658
320,1566147600,0,0,0,0,33,-0.548490550625964,-0.9786362636332836
320,1566162000,1,1,0,2,33,-0.548490550625964,-0.97524493032658
320,1566176400,0,5,5,5,33,-0.5158964465948467,-0.9701579303665246
320,1566190800,3,1,0,4,33,-0.548490550625964,-0.9718535970198765
320,1566205200,145,498,353,643,33,1.752653193970915,0.11167739447191283
320,1566219600,245,778,533,1023,33,2.9260409390911364,0.7560307227455904
320,1566234000,628,392,0,1020,33,-0.548490550625964,0.750943722785535
320,1566248400,1208,402,0,1610,33,-0.548490550625964,1.7513870482630869
320,1566262800,179,70,0,249,34,-0.5597128952101686,-0.5663779049240101
320,1566277200,35,20,0,55,34,-0.5597128952101686,-0.9030560379451551
320,1566291600,159,547,388,706,34,1.8758228431996864,0.2267247073989963
320,1566306000,369,733,364,1102,34,1.725171148040314,0.9139646077926736
320,1566320400,673,433,0,1106,34,-0.5597128952101686,0.9209064249683674
320,1566334800,1318,394,0,1712,34,-0.5597128952101686,1.9725917270859645
320,1566349200,215,79,0,294,34,-0.5597128952101686,-0.48828246169745587
320,1566363600,43,18,0,61,34,-0.5597128952101686,-0.8926433121816145
320,1566378000,163,500,337,663,34,1.55568799098602,0.15210017276028892
320,1566392400,360,776,416,1136,34,2.0515831542189544,0.9729700537860703
320,1566406800,666,433,0,1099,34,-0.5597128952101686,0.9087582449109034
320,1566421200,1256,434,0,1690,34,-0.5597128952101686,1.934411732619649
320,1566435600,222,109,0,331,34,-0.5597128952101686,-0.42407065282228906
320,1566450000,42,21,0,63,34,-0.5597128952101686,-0.8891724035937677
320,1566464400,135,450,315,585,34,1.417590603756595,0.01673473783426157
320,1566478800,387,768,381,1155,34,1.8318827654448695,1.0059436853706154
320,1566493200,636,499,0,1135,34,-0.5597128952101686,0.9712345994921467
320,1566507600,1190,450,0,1640,34,-0.5597128952101686,1.8476390179234778
320,1566522000,241,103,0,344,34,-0.5597128952101686,-0.4015097470012845
320,1566536400,64,30,0,94,34,-0.5597128952101686,-0.8353733204821414
320,1566550800,133,457,324,590,34,1.47408498944136,0.025412009303878706
320,1566565200,356,763,407,1119,34,1.9950887685341896,0.943467330789372
320,1566579600,832,465,0,1297,34,-0.5597128952101686,1.2523781951077422
320,1566594000,932,433,0,1365,34,-0.5597128952101686,1.3703890870945352
320,1566608400,166,99,0,265,34,-0.5597128952101686,-0.5386106362212353
320,1566622800,0,3,3,3,34,-0.5408814333152471,-0.9932996612291733
320,1566637200,0,4,4,4,34,-0.5346042793502732,-0.9915642069352499
320,1566651600,1,1,0,2,34,-0.5597128952101686,-0.9950351155230968
320,1566666000,1,0,0,1,34,-0.5597128952101686,-0.9967705698170202
320,1566680400,2,1,0,3,34,-0.5597128952101686,-0.9932996612291733
320,1566694800,0,2,2,2,34,-0.5471585872802209,-0.9950351155230968
320,1566709200,0,5,5,5,34,-0.5283271253852994,-0.9898287526413265
320,1566723600,0,0,0,0,34,-0.5597128952101686,-0.9985060241109436
320,1566738000,0,1,1,1,34,-0.5534357412451948,-0.9967705698170202
320,1566752400,0,2,2,2,34,-0.5471585872802209,-0.9950351155230968
320,1566766800,0,1,1,1,34,-0.5534357412451948,-0.9967705698170202
320,1566781200,0,1,1,1,34,-0.5534357412451948,-0.9967705698170202
320,1566795600,3,4,1,7,34,-0.5534357412451948,-0.9863578440534796
320,1566810000,137,552,415,689,34,2.0453060002539805,0.19722198440229805
320,1566824400,324,702,378,1026,34,1.8130513035499478,0.7820700814544932
320,1566838800,640,404,0,1044,34,-0.5597128952101686,0.8133082587451149
320,1566853200,1202,316,0,1518,34,-0.5597128952101686,1.6359135940648195
320,1566867600,143,84,0,227,35,-0.6323170244347579,-0.7233742471178186
320,1566882000,23,21,0,44,35,-0.6323170244347579,-1.1181100982607048
320,1566896400,137,401,264,538,35,1.4935565859147255,-0.052539002825809686
320,1566910800,312,728,416,1040,35,2.7175444221765495,1.0302883046809057
320,1566925200,640,425,0,1065,35,-0.6323170244347579,1.0842139674053437
320,1566939600,1231,383,0,1614,35,-0.6323170244347579,2.2684215208340026
320,1566954000,195,61,0,256,35,-0.6323170244347579,-0.6608204783574705
320,1566968400,38,25,0,63,35,-0.6323170244347579,-1.077126594590132
320,1566982800,164,536,372,700,35,2.3632321537849688,0.29689929162854867
320,1566997200,388,742,354,1130,35,2.2182862258065947,1.2244206904888826
320,1567011600,669,469,0,1138,35,-0.6323170244347579,1.2416769025607028
320,1567026000,1258,374,0,1632,35,-0.6323170244347579,2.307247997995598
320,1567040400,213,84,0,297,35,-0.6323170244347579,-0.5723823914893922
320,1567054800,44,21,0,65,35,-0.6323170244347579,-1.072812541572177
320,1567069200,160,448,288,608,35,1.686817823219224,0.09845285280261677
320,1567083600,367,667,300,1034,35,1.7834484418714733,1.0173461456270405
320,1567098000,686,481,0,1167,35,-0.6323170244347579,1.304230671321051
320,1567112400,1149,485,0,1634,35,-0.6323170244347579,2.311562051013553
320,1567126800,197,86,0,283,35,-0.6323170244347579,-0.6025807626150774
320,1567141200,96,20,0,116,35,-0.6323170244347579,-0.9628041896143235
320,1567155600,121,330,209,451,35,1.0506662504252497,-0.240200309106854
320,1567170000,286,596,310,882,35,1.8639739574150143,0.6894781162624575
320,1567184400,742,453,0,1195,35,-0.6323170244347579,1.3646274135724215
320,1567198800,539,357,0,896,35,-0.6323170244347579,0.7196764873881427
320,1567213200,189,140,0,329,35,-0.6323170244347579,-0.5033575432021116
320,1567227600,47,24,0,71,35,-0.6323170244347579,-1.0598703825183118
320,1567242000,34,60,26,94,35,-0.4229506840215512,-1.0102587728118289
320,1567256400,124,294,170,418,35,0.7366167398054397,-0.3113821839031122
320,1567270800,261,382,121,643,35,0.34204171364208863,0.17394878061683
320,1567285200,305,336,31,641,35,-0.3826879262497807,0.16963472759887496
320,1567299600,127,151,24,278,35,-0.43905578713025945,-0.6133658951599651
320,1567314000,38,16,0,54,35,-0.6323170244347579,-1.0965398331709297
320,1567328400,29,37,8,66,35,-0.5678966119999251,-1.0706555150631996
320,1567342800,95,240,145,335,35,0.5353029509465871,-0.49041538414824637
320,1567357200,316,345,29,661,35,-0.3987930293584889,0.21277525777842538
320,1567371600,230,240,10,470,35,-0.5517915088912169,-0.1992168054362811
320,1567386000,116,82,0,198,35,-0.6323170244347579,-0.7859280158781667
320,1567400400,25,22,0,47,35,-0.6323170244347579,-1.1116390187337724
320,1567414800,26,55,29,81,35,-0.3987930293584889,-1.0383001174285367
320,1567429200,95,206,111,301,35,0.2615161980985476,-0.563754285453482
320,1567443600,179,260,81,439,35,0.01993965146792449,-0.26608462721458426
320,1567458000,242,176,0,418,35,-0.6323170244347579,-0.3113821839031122
320,1567472400,103,62,0,165,36,-0.6473955046622629,-1.0433489648081828
320,1567486800,10,17,7,27,36,-0.5968284806530426,-1.2942201782505487
320,1567501200,172,490,318,662,36,1.649792157470889,-0.13984901494690893
320,1567515600,340,712,372,1052,36,2.0398806283991604,0.5691348491293423
320,1567530000,646,412,0,1058,36,-0.6473955046622629,0.5800422931920539
320,1567544400,1299,407,0,1706,36,-0.6473955046622629,1.758046251964902
320,1567558800,180,85,0,265,36,-0.6473955046622629,-0.861558230429657
320,1567573200,31,20,0,51,36,-0.6473955046622629,-1.2505904019997025
320,1567587600,206,490,284,696,36,1.404180897997533,-0.0780401652582101
320,1567602000,381,735,354,1116,36,1.9098511380897365,0.6854809191315989
320,1567616400,707,449,0,1156,36,-0.6473955046622629,0.7581972128830093
320,1567630800,1337,471,0,1808,36,-0.6473955046622629,1.9434728010309983
320,1567645200,272,97,0,369,36,-0.6473955046622629,-0.6724958666759899
320,1567659600,45,27,0,72,36,-0.6473955046622629,-1.212414347780212
320,1567674000,218,531,313,749,36,1.6136728546071601,0.018308923962408657
320,1567688400,401,684,283,1085,36,1.3969570374247873,0.6291257914742558
320,1567702800,817,454,0,1271,36,-0.6473955046622629,0.9672565574183142
320,1567717200,1338,474,0,1812,36,-0.6473955046622629,1.9507444304061394
320,1567731600,300,125,0,425,36,-0.6473955046622629,-0.5706930554240155
320,1567746000,51,26,0,77,36,-0.6473955046622629,-1.2033248110612857
320,1567760400,193,529,336,722,36,1.7798216477803126,-0.03077457431979335
320,1567774800,430,720,290,1150,36,1.4475240614340077,0.7472897688202977
320,1567789200,884,541,0,1425,36,-0.6473955046622629,1.247214288361244
320,1567803600,1239,410,0,1649,36,-0.6473955046622629,1.6544255333691422
320,1567818000,249,145,0,394,36,-0.6473955046622629,-0.6270481830813585
320,1567832400,49,30,0,79,36,-0.6473955046622629,-1.1996889963737152
320,1567846800,43,131,88,174,36,-0.011695774260636003,-1.0269877987141156
320,1567861200,198,345,147,543,36,0.41451199953136386,-0.3561799888573548
320,1567875600,507,463,0,970,36,-0.6473955046622629,0.420066446938951
320,1567890000,437,387,0,824,36,-0.6473955046622629,0.15465197474630313
320,1567904400,215,156,0,371,36,-0.6473955046622629,-0.6688600519884195
320,1567918800,50,25,0,75,36,-0.6473955046622629,-1.2069606257488563
320,1567933200,34,62,28,96,36,-0.44512740862538164,-1.1687845715293659
320,1567947600,166,322,156,488,36,0.4795267446860757,-0.4561648927655441
320,1567962000,288,366,78,654,36,-0.08393437998809361,-0.154392273697191
320,1567976400,371,248,0,619,36,-0.6473955046622629,-0.2180190307296751
320,1567990800,150,80,0,230,36,-0.6473955046622629,-0.9251849874621411
320,1568005200,15,11,0,26,36,-0.6473955046622629,-1.296038085594334
320,1568019600,213,501,288,714,36,1.433076340288516,-0.045317833070075426
320,1568034000,352,774,422,1126,36,2.401073657036448,0.7036599925694516
320,1568048400,734,510,0,1244,36,-0.6473955046622629,0.9181730591361121
320,1568062800,1423,417,0,1840,36,-0.6473955046622629,2.0016458360321265
320,1568077200,282,33,0,315,37,-0.7007297697810334,-0.7602075471572252
320,1568091600,49,89,40,138,37,-0.3882195459339041,-1.0661838820552658
320,1568106000,235,464,229,699,37,1.0883912617437819,-0.0963944816157132
320,1568120400,400,718,318,1118,37,1.7837265098036446,0.6279223789621345
320,1568134800,824,490,0,1314,37,-0.7007297697810334,0.9667436311656146
320,1568149200,1407,445,0,1852,37,-0.7007297697810334,1.8967733948670038
320,1568163600,226,109,0,335,37,-0.7007297697810334,-0.7256339499936048
320,1568178000,30,19,0,49,37,-0.7007297697810334,-1.2200363894333768
320,1568192400,214,489,275,703,37,1.4477780191679805,-0.08947976218298911
320,1568206800,434,742,308,1176,37,1.7055989538418623,0.7281858107366337
320,1568221200,779,449,0,1228,37,-0.7007297697810334,0.8180771633620467
320,1568235600,1394,512,0,1906,37,-0.7007297697810334,1.990122107208779
320,1568250000,258,91,0,349,37,-0.7007297697810334,-0.7014324319790705
320,1568264400,32,13,0,45,37,-0.7007297697810334,-1.2269511088661007
320,1568278800,211,517,306,728,37,1.6899734426495059,-0.0462627657284636
320,1568293200,412,761,349,1173,37,2.02592193328517,0.7229997711620906
320,1568307600,813,451,0,1264,37,-0.7007297697810334,0.8803096382565635
320,1568322000,1418,531,0,1949,37,-0.7007297697810334,2.0644553411105626
320,1568336400,248,98,0,346,37,-0.7007297697810334,-0.7066184715536136
320,1568350800,24,25,1,49,37,-0.6929170141848552,-1.2200363894333768
320,1568365200,212,465,253,677,37,1.2758973960520594,-0.13442543849569566
320,1568379600,431,714,283,1145,37,1.5102800639374065,0.6745967351330221
320,1568394000,864,566,0,1430,37,-0.7007297697810334,1.1672704947146129
320,1568408400,1258,571,0,1829,37,-0.7007297697810334,1.8570137581288402
320,1568422800,246,150,0,396,37,-0.7007297697810334,-0.6201844786445625
320,1568437200,52,27,0,79,37,-0.7007297697810334,-1.1681759936879461
320,1568451600,47,86,39,133,37,-0.39603230153008234,-1.074827281346171
320,1568466000,139,345,206,484,37,0.9086978830316826,-0.4680606511246327
320,1568480400,374,474,100,848,37,0.08054578983678988,0.1611788172532589
320,1568494800,391,365,0,756,37,-0.7007297697810334,0.00214027030060498
320,1568509200,210,132,0,342,37,-0.7007297697810334,-0.7135331909863376
320,1568523600,45,23,0,68,37,-0.7007297697810334,-1.1871914721279373
320,1568538000,15,58,43,73,37,-0.3647812791453694,-1.1785480728370321
320,1568552400,132,322,190,454,37,0.7836937934928309,-0.5199210468700632
320,1568566800,254,415,161,669,37,0.5571238812036621,-0.14825487736114382
320,1568581200,304,304,0,608,37,-0.7007297697810334,-0.2537043487101861
320,1568595600,121,78,0,199,37,-0.7007297697810334,-0.9607344107062236
320,1568610000,17,10,0,27,37,-0.7007297697810334,-1.2580673463133591
320,1568624400,207,516,309,723,37,1.7134117094380406,-0.05490616501936871
320,1568638800,345,702,357,1047,37,2.0884239780545957,0.505186109031282
320,1568653200,716,472,0,1188,37,-0.7007297697810334,0.7489299690348059
320,1568667600,1354,435,0,1789,37,-0.7007297697810334,1.7878665638015994
320,1568682000,192,70,0,262,38,-0.6441431365251795,-0.8268664518397564
320,1568696400,18,17,0,35,38,-0.6441431365251795,-1.233119724287076
320,1568710800,210,426,216,636,38,1.1086062739596523,-0.157532866397917
320,1568725200,399,667,268,1066,38,1.5305644653726673,0.6120217906608824
320,1568739600,754,471,0,1225,38,-0.6441431365251795,0.896578047573322
320,1568754000,1375,435,0,1810,38,-0.6441431365251795,1.9435303135719209
320,1568768400,203,103,0,306,38,-0.6441431365251795,-0.7481213241407164
320,1568782800,17,15,0,32,38,-0.6441431365251795,-1.238488710266556
320,1568797200,237,410,173,647,38,0.7596793079835051,-0.137846584473157
320,1568811600,410,755,345,1165,38,2.1553871718880933,0.7891983279837221
320,1568826000,786,517,0,1303,38,-0.6441431365251795,1.036171683039802
320,1568840400,1424,490,0,1914,38,-0.6441431365251795,2.1296551608605605
320,1568854800,225,103,0,328,38,-0.6441431365251795,-0.7087487602911965
320,1568869200,30,29,0,59,38,-0.6441431365251795,-1.190167836451236
320,1568883600,212,414,202,626,38,0.995002145502302,-0.17542948632951696
320,1568898000,386,784,398,1170,38,2.585459943905205,0.7981466379495221
320,1568912400,767,461,0,1228,38,-0.6441431365251795,0.901947033552802
320,1568926800,1327,468,0,1795,38,-0.6441431365251795,1.916685383674521
320,1568941200,268,132,0,400,38,-0.6441431365251795,-0.5798930967836766
320,1568955600,30,13,0,43,38,-0.6441431365251795,-1.218802428341796
320,1568970000,190,399,209,589,38,1.0518042097309772,-0.24164698007643692
320,1568984400,391,782,391,1173,38,2.5286578796765298,0.8035156239290021
320,1568998800,817,458,0,1275,38,-0.6441431365251795,0.986061147231322
320,1569013200,1191,550,0,1741,38,-0.6441431365251795,1.8200436360438812
320,1569027600,251,166,0,417,38,-0.6441431365251795,-0.5494688428999567
320,1569042000,44,25,0,69,38,-0.6441431365251795,-1.172271216519636
320,1569056400,32,79,47,111,38,-0.26275784813264674,-1.0971054128069162
320,1569070800,183,321,138,504,38,0.47566898684012965,-0.39376824949503675
320,1569085200,330,421,91,751,38,0.09428369844759678,0.04827826281548282
320,1569099600,405,327,0,732,38,-0.6441431365251795,0.014274684945442854
320,1569114000,269,162,0,431,38,-0.6441431365251795,-0.5244135749957166
320,1569128400,65,18,0,83,38,-0.6441431365251795,-1.147215948615396
320,1569142800,28,61,33,89,38,-0.3763619765899969,-1.1364779766564361
320,1569157200,151,231,80,382,38,0.005023311802535905,-0.6121070126605566
320,1569171600,275,413,138,688,38,0.47566898684012965,-0.06447044275359708
320,1569186000,323,198,0,521,38,-0.6441431365251795,-0.3633439956113168
320,1569200400,134,59,0,193,38,-0.6441431365251795,-0.9503531293677963
320,1569214800,17,14,0,31,38,-0.6441431365251795,-1.240278372259716
320,1569229200,209,501,292,710,38,1.725314399870982,-0.02509787890407711
320,1569243600,384,697,313,1081,38,1.8957205925570073,0.6388667205582823
320,1569258000,704,431,0,1135,38,-0.6441431365251795,0.7355084681889222
320,1569272400,1249,404,0,1653,38,-0.6441431365251795,1.6625533806458013
320,1569286800,223,78,0,301,39,-0.6162741104683972,-0.7361708137945272
320,1569301200,22,21,0,43,39,-0.6162741104683972,-1.1916954219647817
320,1569315600,229,491,262,720,39,1.5318032767961711,0.0036152746680178736
320,1569330000,424,756,332,1180,39,2.10571708255388,0.815790932645991
320,1569344400,756,524,0,1280,39,-0.6162741104683972,0.9923508582933764
320,1569358800,1481,489,0,1970,39,-0.6162741104683972,2.2106143452603364
320,1569373200,228,112,0,340,39,-0.6162741104683972,-0.6673124427920469
320,1569387600,20,14,0,34,39,-0.6162741104683972,-1.2075858152730463
320,1569402000,235,480,245,715,39,1.3924242096835846,-0.0052127216143514
320,1569416400,395,771,376,1166,39,2.4664629033158687,0.791072543055357
320,1569430800,797,457,0,1254,39,-0.6162741104683972,0.9464452776250563
320,1569445200,1395,554,0,1949,39,-0.6162741104683972,2.173536760874385
320,1569459600,254,90,0,344,39,-0.6162741104683972,-0.6602500457661514
320,1569474000,13,16,3,29,39,-0.5916778045073525,-1.2164138115554157
320,1569488400,225,462,237,687,39,1.3268340604541322,-0.05464950079561933
320,1569502800,437,737,300,1174,39,1.8433564856360702,0.8051973371071479
320,1569517200,786,430,0,1216,39,-0.6162741104683972,0.8793525058790498
320,1569531600,1347,580,0,1927,39,-0.6162741104683972,2.1346935772319604
320,1569546000,235,97,0,332,39,-0.6162741104683972,-0.6814372368438377
320,1569560400,29,16,0,45,39,-0.6162741104683972,-1.188164223451834
320,1569574800,203,412,209,615,39,1.0972685381510485,-0.18177264726173686
320,1569589200,426,728,302,1154,39,1.8597540229434335,0.7698853519776708
320,1569603600,837,480,0,1317,39,-0.6162741104683972,1.057678030782909
320,1569618000,1129,475,0,1604,39,-0.6162741104683972,1.5644050173909054
320,1569632400,271,174,0,445,39,-0.6162741104683972,-0.48192452086229215
320,1569646800,43,19,0,62,39,-0.6162741104683972,-1.1581490360917785
320,1569661200,48,80,32,128,39,-0.3539135135505873,-1.041619485164504
320,1569675600,176,279,103,455,39,0.22819906086080335,-0.4642685282975536
320,1569690000,380,399,19,779,39,-0.4604975060484476,0.1077856307999753
320,1569704400,399,311,0,710,39,-0.6162741104683972,-0.014040717896720673
320,1569718800,174,126,0,300,39,-0.6162741104683972,-0.7379364130510011
320,1569733200,67,27,0,94,39,-0.6162741104683972,-1.1016498598846152
320,1569747600,28,61,33,89,39,-0.3457147448969058,-1.1104778561669844
320,1569762000,127,245,118,372,39,0.35118059066602675,-0.6108132665848836
320,1569776400,288,262,0,550,39,-0.6162741104683972,-0.2965365989325374
320,1569790800,271,215,0,486,39,-0.6162741104683972,-0.40953495134686413
320,1569805200,103,62,0,165,39,-0.6162741104683972,-0.9762923126749714
320,1569819600,13,14,1,27,39,-0.6080753418147157,-1.2199450100683633
320,1569834000,159,415,256,574,39,1.4826106648740818,-0.2541622167771649
320,1569848400,329,658,329,987,39,2.0811207765928357,0.4750302761465371
320,1569862800,597,464,0,1061,39,-0.6162741104683972,0.6056846211256023
320,1569877200,1139,335,0,1474,39,-0.6162741104683972,1.3348771140493043
320,1569891600,66,84,18,150,40,-0.4778121012084351,-0.9346682781921958
320,1569906000,9,13,4,22,40,-0.5920208473509391,-1.1564441824849638
320,1569920400,201,466,265,667,40,1.5371564914486,-0.038901539759687555
320,1569934800,365,718,353,1083,40,2.2550400386300535,0.6818701491918084
320,1569949200,613,428,0,1041,40,-0.6246519176773688,0.6090999305957439
320,1569963600,1339,398,0,1737,40,-0.6246519176773688,1.8150064101876697
320,1569978000,77,91,14,168,40,-0.5104431715348648,-0.9034810416510253
320,1569992400,6,9,3,15,40,-0.6001786149325465,-1.1685725522509745
320,1570006800,237,495,258,732,40,1.4800521183773478,0.07371903663898369
320,1570021200,394,781,387,1175,40,2.5324041364047063,0.8412715804022354
320,1570035600,734,455,0,1189,40,-0.6246519176773688,0.8655283199342569
320,1570050000,1442,458,0,1900,40,-0.6246519176773688,2.0974241633104915
320,1570064400,79,107,28,186,40,-0.3962344253923608,-0.8722938051098548
320,1570078800,8,11,3,19,40,-0.6001786149325465,-1.1616420552418254
320,1570093200,206,420,214,626,40,1.121110344786621,-0.1099391341034648
320,1570107600,411,730,319,1141,40,1.977675940855401,0.7823623558244689
320,1570122000,780,429,0,1209,40,-0.6246519176773688,0.9001808049800019
320,1570136400,1428,568,0,1996,40,-0.6246519176773688,2.2637560915300674
320,1570150800,105,126,21,231,40,-0.4533387984636128,-0.7943257137569285
320,1570165200,12,13,1,25,40,-0.6164941500957614,-1.151246309728102
320,1570179600,194,407,213,601,40,1.1129525772050135,-0.15325474041064605
320,1570194000,402,694,292,1096,40,1.7574162161520004,0.7043942644715426
320,1570208400,824,524,0,1348,40,-0.6246519176773688,1.1410155760479297
320,1570222800,1165,454,0,1619,40,-0.6246519176773688,1.6105567484177743
320,1570237200,200,99,0,299,40,-0.6246519176773688,-0.6765072646013955
320,1570251600,41,17,0,58,40,-0.6246519176773688,-1.0940697094026228
320,1570266000,47,82,35,129,40,-0.3391300523211088,-0.971053387490228
320,1570280400,149,249,100,398,40,0.19112484048337405,-0.5049774636249578
320,1570294800,381,393,12,774,40,-0.5267587066980797,0.1464892552350482
320,1570309200,354,326,0,680,40,-0.6246519176773688,-0.016377424479953308
320,1570323600,173,130,0,303,40,-0.6246519176773688,-0.6695767675922465
320,1570338000,33,24,0,57,40,-0.6246519176773688,-1.09580233365491
320,1570352400,32,55,23,87,40,-0.4370232633003979,-1.0438236060862924
320,1570366800,135,222,87,357,40,0.08507386192247748,-0.576015057968735
320,1570381200,284,288,4,572,40,-0.5920208473509391,-0.2035008437269763
320,1570395600,266,174,0,440,40,-0.6246519176773688,-0.4322072450288933
320,1570410000,93,77,0,170,40,-0.6246519176773688,-0.9000157931464507
320,1570424400,10,11,1,21,40,-0.6164941500957614,-1.158176806737251
320,1570438800,223,435,212,658,40,1.1047948096234061,-0.05449515803027281
320,1570453200,362,711,349,1073,40,2.222408968303624,0.6645439066689359
320,1570467600,754,472,0,1226,40,-0.6246519176773688,0.9296354172688851
320,1570482000,1294,385,0,1679,40,-0.6246519176773688,1.7145142035550094
320,1570496400,205,95,0,300,41,-0.6427598971344332,-0.7056243129577062
320,1570510800,19,30,11,49,41,-0.5409583638892812,-1.179185014969429
320,1570525200,197,442,245,639,41,1.624637888780314,-0.06603436083828802
320,1570539600,398,631,233,1029,41,1.5135816706946936,0.6697770885026356
320,1570554000,778,428,0,1206,41,-0.6427598971344332,1.0037222847419778
320,1570568400,1381,375,0,1756,41,-0.6427598971344332,2.0414050979150753
320,1570582800,186,116,0,302,41,-0.6427598971344332,-0.701850920909804
320,1570597200,16,17,1,33,41,-0.6335052122939648,-1.2093721513526463
320,1570611600,165,441,276,606,41,1.911533118834833,-0.12829532962867385
320,1570626000,384,707,323,1091,41,2.3465033063368455,0.786752241987603
320,1570640400,688,397,0,1085,41,-0.6427598971344332,0.7754320658438965
320,1570654800,1258,393,0,1651,41,-0.6427598971344332,1.8433020154002113
320,1570669200,217,103,0,320,41,-0.6427598971344332,-0.6678903924786845
320,1570683600,22,26,4,48,41,-0.6057411577725598,-1.18107171099338
320,1570698000,217,420,203,637,41,1.235941125480643,-0.06980775288619019
320,1570712400,415,676,261,1091,41,1.7727128462278077,0.786752241987603
320,1570726800,777,509,0,1286,41,-0.6427598971344332,1.1546579666580647
320,1570741200,1430,559,0,1989,41,-0.6427598971344332,2.4810052714956785
320,1570755600,271,136,0,407,41,-0.6427598971344332,-0.50374783839494
320,1570770000,27,22,0,49,41,-0.6427598971344332,-1.179185014969429
320,1570784400,165,374,209,539,41,1.291469234523453,-0.2547039632333966
320,1570798800,368,638,270,1006,41,1.8560050097920229,0.6263830799517606
320,1570813200,814,488,0,1302,41,-0.6427598971344332,1.184845103041282
320,1570827600,1155,425,0,1580,41,-0.6427598971344332,1.709346597699684
320,1570842000,223,139,0,362,41,-0.6427598971344332,-0.5886491594727389
320,1570856400,51,20,0,71,41,-0.6427598971344332,-1.1376777024425049
320,1570870800,32,85,53,117,41,-0.1522616005896103,-1.050889685340755
320,1570885200,142,321,179,463,41,1.0138286893094026,-0.3980928610536792
320,1570899600,334,349,15,683,41,-0.5039396245274078,0.016980264215559777
320,1570914000,345,304,0,649,41,-0.6427598971344332,-0.04716740059877716
320,1570928400,188,145,0,333,41,-0.6427598971344332,-0.6433633441673204
320,1570942800,36,26,0,62,41,-0.6427598971344332,-1.1546579666580647
320,1570957200,43,71,28,114,41,-0.38362872160131917,-1.0565497734126084
320,1570971600,137,221,84,358,41,0.13463362946490873,-0.5961959435685432
320,1570986000,281,293,12,574,41,-0.5317036790488129,-0.18866960239510863
320,1571000400,249,185,0,434,41,-0.6427598971344332,-0.4528070457482607
320,1571014800,115,78,0,193,41,-0.6427598971344332,-0.9075007875204725
320,1571029200,17,19,2,36,41,-0.6242505274534964,-1.203712063280793
320,1571043600,127,382,255,509,41,1.7171847371849975,-0.3113048439519292
320,1571058000,316,569,253,885,41,1.6986753675040607,0.3980928610536792
320,1571072400,560,434,0,994,41,-0.6427598971344332,0.6037427276643476
320,1571086800,1142,328,0,1470,41,-0.6427598971344332,1.5018100350650647
320,1571101200,145,87,0,232,42,-0.6352810710685439,-0.8435116302249355
320,1571115600,15,16,1,31,42,-0.6257416341772751,-1.204430291266948
320,1571130000,225,442,217,667,42,1.4347767343367863,-0.06241900558177434
320,1571144400,403,683,280,1086,42,2.035761258486721,0.689943775396351
320,1571158800,738,441,0,1179,42,-0.6352810710685439,0.8569359916993717
320,1571173200,1423,460,0,1883,42,-0.6352810710685439,2.1210491129609474
320,1571187600,231,147,0,378,42,-0.6352810710685439,-0.5813518067814837
320,1571202000,24,17,0,41,42,-0.6352810710685439,-1.1864741389763005
320,1571216400,214,441,227,655,42,1.5301711032494743,-0.0839663883305512
320,1571230800,427,664,237,1091,42,1.6255654721621624,0.6989218515416747
320,1571245200,792,467,0,1259,42,-0.6352810710685439,1.0005852100245507
320,1571259600,1402,369,0,1771,42,-0.6352810710685439,1.9199402073056968
320,1571274000,231,119,0,350,42,-0.6352810710685439,-0.6316290331952964
320,1571288400,22,16,0,38,42,-0.6352810710685439,-1.1918609846634947
320,1571302800,202,421,219,623,42,1.453855608119324,-0.14142607566062282
320,1571317200,402,719,317,1121,42,2.3887204234636665,0.7527903084136168
320,1571331600,789,450,0,1239,42,-0.6352810710685439,0.964672905443256
320,1571346000,1366,402,0,1768,42,-0.6352810710685439,1.9145533616185026
320,1571360400,283,150,0,433,42,-0.6352810710685439,-0.4825929691829231
320,1571374800,27,20,0,47,42,-0.6352810710685439,-1.1757004476019122
320,1571389200,206,368,162,574,42,0.9101077053170021,-0.229411221884795
320,1571403600,451,665,214,1116,42,1.4061584236629798,0.7438122322682932
320,1571418000,822,441,0,1263,42,-0.6352810710685439,1.0077676709408097
320,1571432400,1234,392,0,1626,42,-0.6352810710685439,1.6595759990913097
320,1571446800,229,133,0,362,42,-0.6352810710685439,-0.6100816504465195
320,1571461200,35,22,0,57,42,-0.6352810710685439,-1.1577442953112647
320,1571475600,40,93,53,133,42,-0.12969091583129735,-1.0212775379023447
320,1571490000,179,281,102,460,42,0.337741491840874,-0.4341113579981752
320,1571504400,339,366,27,705,42,-0.37771627500428623,0.005814373122685722
320,1571518800,344,319,0,663,42,-0.6352810710685439,-0.0696014664980333
320,1571533200,149,129,0,278,42,-0.6352810710685439,-0.7609133296879576
320,1571547600,43,17,0,60,42,-0.6352810710685439,-1.1523574496240705
320,1571562000,32,47,15,79,42,-0.49218951769951186,-1.1182407602718405
320,1571576400,130,276,146,406,42,0.7574767150567013,-0.5310745803676711
320,1571590800,254,270,16,524,42,-0.48265008080824306,-0.31919198333803195
320,1571605200,245,193,0,438,42,-0.6352810710685439,-0.4736148930375994
320,1571619600,72,60,0,132,42,-0.6352810710685439,-1.0230731531314095
320,1571634000,11,15,4,26,42,-0.5971233235034688,-1.2134083674122715
320,1571648400,199,451,252,650,42,1.7686570255311944,-0.09294446447587489
320,1571662800,368,676,308,1044,42,2.3028654914422475,0.614527935775632
320,1571677200,740,462,0,1202,42,-0.6352810710685439,0.8982351419678607
320,1571691600,1361,423,0,1784,42,-0.6352810710685439,1.9432832052835385
320,1571706000,96,134,38,230,43,-0.3543968400051773,-0.8351678207778861
320,1571720400,11,27,16,38,43,-0.5835519695816531,-1.1519800000399463
320,1571734800,216,440,224,656,43,1.5830056191413906,-0.1322407980401902
320,1571749200,429,623,194,1052,43,1.2705213515371054,0.5211843216878088
320,1571763600,756,443,0,1199,43,-0.7502102456372719,0.7637436464353236
320,1571778000,1418,483,0,1901,43,-0.7502102456372719,1.9220881768622309
320,1571792400,100,128,28,228,43,-0.45855826253993903,-0.8384679476451993
320,1571806800,13,23,10,36,43,-0.6460488231025101,-1.1552801269072595
320,1571821200,236,385,149,621,43,0.8017949501306778,-0.18999301821816994
320,1571835600,447,703,256,1150,43,1.9163221712526282,0.682890538186152
320,1571850000,753,411,0,1164,43,-0.7502102456372719,0.7059914262573438
320,1571864400,1412,417,0,1829,43,-0.7502102456372719,1.8032836096389584
320,1571878800,90,151,61,241,43,-0.11482556817522536,-0.8170171230076639
320,1571893200,13,21,8,34,43,-0.6668811076094625,-1.1585802537745724
320,1571907600,225,398,173,623,43,1.051782364214106,-0.1866928913508568
320,1571922000,411,716,305,1127,43,2.4267131416729604,0.644939079212051
320,1571936400,776,501,0,1277,43,-0.7502102456372719,0.8924485942605355
320,1571950800,1446,506,0,1952,43,-0.7502102456372719,2.0062414119787157
320,1571965200,102,151,49,253,43,-0.23981927521693944,-0.7972163618037852
320,1571979600,13,15,2,28,43,-0.7293779611303195,-1.168480634376512
320,1571994000,197,380,183,577,43,1.1559437867488676,-0.2625958092990587
320,1572008400,437,712,275,1149,43,2.1142288740686754,0.6812404747524954
320,1572022800,902,480,0,1382,43,-0.7502102456372719,1.0657052547944745
320,1572037200,1271,523,0,1794,43,-0.7502102456372719,1.7455313894609785
320,1572051600,284,159,0,443,43,-0.7502102456372719,-0.48370430940903814
320,1572066000,42,26,0,68,43,-0.7502102456372719,-1.1024780970302492
320,1572080400,47,113,66,160,43,-0.06274485690784451,-0.9506722611338455
320,1572094800,208,371,163,579,43,0.9476209416793442,-0.25929568243174556
320,1572109200,399,469,70,868,43,-0.021080287893939814,0.21757264989500116
320,1572123600,425,398,0,823,43,-0.7502102456372719,0.14331979538045583
320,1572138000,207,168,0,375,43,-0.7502102456372719,-0.5959086228976844
320,1572152400,49,40,0,89,43,-0.7502102456372719,-1.0678267649234614
320,1572166800,42,54,12,96,43,-0.6252165385955578,-1.0562763208878656
320,1572181200,125,218,93,343,43,0.21849098393601213,-0.6487106527746944
320,1572195600,223,236,13,459,43,-0.6148003963420816,-0.45730329447053314
320,1572210000,234,46,0,280,43,-0.7502102456372719,-0.7526646490950579
320,1572224400,43,197,154,240,43,0.8538756613980586,-0.8186671864413204
320,1572238800,63,21,0,84,43,-0.7502102456372719,-1.0760770820917442
320,1572253200,258,458,200,716,43,1.3330182050579626,-0.033236992020796434
320,1572267600,494,777,283,1271,43,2.1975580120964846,0.8825482136585961
320,1572282000,956,424,0,1380,43,-0.7502102456372719,1.0624051279271616
320,1572296400,1764,339,0,2103,43,-0.7502102456372719,2.2554009904608567
320,1572310800,219,97,0,316,44,-0.5712530478147078,-0.6912154294159544
320,1572325200,15,15,0,30,44,-0.5712530478147078,-1.168831613156431
320,1572339600,228,431,203,659,44,1.1382953852032631,-0.11841000625866961
320,1572354000,413,764,351,1177,44,2.384665671344444,0.7466430817747808
320,1572368400,751,434,0,1185,44,-0.5712530478147078,0.7600029750262627
320,1572382800,1444,448,0,1892,44,-0.5712530478147078,1.940683541125972
320,1572397200,211,101,0,312,44,-0.5712530478147078,-0.6978953760416953
320,1572411600,20,15,0,35,44,-0.5712530478147078,-1.1604816798742548
320,1572426000,210,403,193,613,44,1.0540811766802103,-0.19522939245469031
320,1572440400,458,733,275,1191,44,1.744637686569243,0.7700228949648741
320,1572454800,744,507,0,1251,44,-0.5712530478147078,0.870222094350988
320,1572469200,1374,441,0,1815,44,-0.5712530478147078,1.812094568580459
320,1572483600,247,120,0,367,44,-0.5712530478147078,-0.6060461099377575
320,1572498000,25,24,0,49,44,-0.5712530478147078,-1.1371018666841615
320,1572512400,213,380,167,593,44,0.8351242345202732,-0.22862912558339496
320,1572526800,398,693,295,1091,44,1.9130661036153485,0.6030242293213508
320,1572541200,868,511,0,1379,44,-0.5712530478147078,1.0839803863746977
320,1572555600,1443,708,0,2151,44,-0.5712530478147078,2.373210085142697
320,1572570000,285,251,0,536,44,-0.5712530478147078,-0.3238183650002032
320,1572584400,38,23,0,61,44,-0.5712530478147078,-1.1170620268069387
320,1572598800,180,336,156,516,44,0.7424886051449151,-0.35721809812890787
320,1572613200,407,769,362,1176,44,2.477301300719802,0.7449730951183455
320,1572627600,820,453,0,1273,44,-0.5712530478147078,0.9069618007925632
320,1572642000,1169,460,0,1629,44,-0.5712530478147078,1.501477050483506
320,1572656400,192,164,0,356,44,-0.5712530478147078,-0.6244159631585451
320,1572670800,41,27,0,68,44,-0.5712530478147078,-1.105372120211892
320,1572685200,39,71,32,110,44,-0.301767580540939,-1.0352326806416123
320,1572699600,196,286,90,482,44,0.186674828892767,-0.41399764444770576
320,1572714000,384,413,29,797,44,-0.3270318430978548,0.11204815232939247
320,1572728400,364,309,0,673,44,-0.5712530478147078,-0.09503019306857637
320,1572742800,178,109,0,287,44,-0.5712530478147078,-0.7396450424525761
320,1572753600,47,38,0,85,44,-0.5712530478147078,-1.076982347052493
320,1572768000,29,29,0,58,44,-0.5712530478147078,-1.1220719867762443
320,1572782400,141,237,96,378,44,0.23720335400659862,-0.58767625671697
320,1572796800,313,359,46,672,44,-0.18386768860866515,-0.09670017972501159
320,1572811200,282,312,30,594,44,-0.31861042224554953,-0.22695913892695974
320,1572825600,118,92,0,210,44,-0.5712530478147078,-0.868234014998089
320,1572840000,27,13,0,40,44,-0.5712530478147078,-1.1521317465920786
320,1572854400,96,160,64,256,44,-0.03228211326717018,-0.7914146288020683
320,1572868800,359,819,460,1178,44,3.302600544245719,0.748313068431216
320,1572883200,608,448,0,1056,44,-0.5712530478147078,0.5445746963461177
320,1572897600,1502,557,0,2059,44,-0.5712530478147078,2.219571312750656
320,1572912000,297,127,0,424,45,-0.5394534738903176,-0.47365700455762966
320,1572926400,41,17,0,58,45,-0.5394534738903176,-1.0743050390453284
320,1572940800,97,218,121,315,45,0.34833880406000434,-0.6525385230252777
320,1572955200,411,826,415,1237,45,2.505453925691365,0.8605693671322585
320,1572969600,575,441,0,1016,45,-0.5394534738903176,0.4978829856519814
320,1572984000,1566,592,0,2158,45,-0.5394534738903176,2.3720361424414675
320,1572998400,340,127,0,467,45,-0.5394534738903176,-0.4030890660795667
320,1573012800,42,14,0,56,45,-0.5394534738903176,-1.0775872687419825
320,1573027200,113,188,75,301,45,0.010830995913600976,-0.6755141309018563
320,1573041600,434,843,409,1277,45,2.4614311681070515,0.9262139610653403
320,1573056000,615,444,0,1059,45,-0.5394534738903176,0.5684509241300444
320,1573070400,1531,503,0,2034,45,-0.5394534738903176,2.168537901248914
320,1573084800,373,173,0,546,45,-0.5394534738903176,-0.2734409930617301
320,1573099200,46,25,0,71,45,-0.5394534738903176,-1.0529705460170768
320,1573113600,94,189,95,283,45,0.15757352119464593,-0.7050541981717431
320,1573128000,426,896,470,1322,45,2.908995870214239,1.0000641292400574
320,1573142400,638,490,0,1128,45,-0.5394534738903176,0.6816878486646105
320,1573156800,1636,591,0,2227,45,-0.5394534738903176,2.4852730669760335
320,1573171200,438,153,0,591,45,-0.5394534738903176,-0.19959082488701305
320,1573185600,61,18,0,79,45,-0.5394534738903176,-1.0398416272304605
320,1573200000,88,151,63,239,45,-0.077214519255026,-0.7772632514981331
320,1573214400,396,744,348,1140,45,2.0138664659998646,0.7013812268445351
320,1573228800,708,465,0,1173,45,-0.5394534738903176,0.7555380168393275
320,1573243200,1442,493,0,1935,45,-0.5394534738903176,2.006067531264536
320,1573257600,277,173,0,450,45,-0.5394534738903176,-0.4309880185011265
320,1573272000,69,47,0,116,45,-0.5394534738903176,-0.9791203778423597
320,1573286400,24,49,25,73,45,-0.3560253172890114,-1.0496883163204227
320,1573300800,153,304,151,457,45,0.5684525919815718,-0.41950021456283715
320,1573315200,339,496,157,835,45,0.6124753495658852,0.20084119810478612
320,1573329600,444,388,0,832,45,-0.5394534738903176,0.19591785355980498
320,1573344000,191,192,1,383,45,-0.5321163476262654,-0.5409427133390385
320,1573358400,80,25,0,105,45,-0.5394534738903176,-0.9971726411739572
320,1573372800,15,30,15,45,45,-0.4293965799295339,-1.09563953207358
320,1573387200,124,248,124,372,45,0.3703501828521611,-0.558994976670636
320,1573401600,291,308,17,599,45,-0.4147223274014294,-0.18646190610039667
320,1573416000,355,362,7,717,45,-0.48809359004195185,0.007189646002194721
320,1573430400,153,121,0,274,45,-0.5394534738903176,-0.7198242318066865
320,1573444800,25,19,0,44,45,-0.5394534738903176,-1.097280646921907
320,1573459200,64,167,103,231,45,0.21627053130706392,-0.7903921702847495
320,1573473600,221,687,466,908,45,2.87964736515803,0.32064258203266044
320,1573488000,378,404,26,782,45,-0.3486881910249591,0.1138621111434527
320,1573502400,1169,402,0,1571,45,-0.5394534738903176,1.4087017264734918
320,1573516800,300,116,0,416,46,-0.48805444440411505,-0.48198330256735783
320,1573531200,36,13,0,49,46,-0.48805444440411505,-1.082184516476976
320,1573545600,105,201,96,306,46,0.18447990960729702,-0.6618801241751453
320,1573560000,407,898,491,1305,46,2.9516785537167527,0.9719101011537611
320,1573574400,620,399,0,1019,46,-0.48805444440411505,0.5041783649735135
320,1573588800,1551,364,0,1915,46,-0.48805444440411505,1.9695197482514915
320,1573603200,357,140,0,497,46,-0.48805444440411505,-0.34951382483798704
320,1573617600,50,17,0,67,46,-0.48805444440411505,-1.0527468547593382
320,1573632000,95,186,91,281,46,0.14945207866920265,-0.7027657654496424
320,1573646400,398,920,522,1318,46,3.168851105532938,0.9931706346164996
320,1573660800,634,403,0,1037,46,-0.48805444440411505,0.5336160266911515
320,1573675200,1613,539,0,2152,46,-0.48805444440411505,2.3571156275337244
320,1573689600,393,156,0,549,46,-0.48805444440411505,-0.26447169098703294
320,1573704000,50,16,0,66,46,-0.48805444440411505,-1.054382280410318
320,1573718400,103,183,80,286,46,0.07239085060539502,-0.6945886371947431
320,1573732800,425,825,400,1250,46,2.314172030643435,0.8819616903498673
320,1573747200,637,414,0,1051,46,-0.48805444440411505,0.5565119858048699
320,1573761600,1625,554,0,2179,46,-0.48805444440411505,2.4012721201101814
320,1573776000,384,185,0,569,46,-0.48805444440411505,-0.23176317796743523
320,1573790400,85,33,0,118,46,-0.48805444440411505,-0.969340146559364
320,1573804800,87,143,56,230,46,-0.095742737897458,-0.7861724736496166
320,1573819200,367,729,362,1096,46,2.047960515513918,0.6301061400989648
320,1573833600,685,408,0,1093,46,-0.48805444440411505,0.6251998631460252
320,1573848000,1371,411,0,1782,46,-0.48805444440411505,1.7520081366711666
320,1573862400,340,159,0,499,46,-0.48805444440411505,-0.3462429735360273
320,1573876800,73,36,0,109,46,-0.48805444440411505,-0.9840589774181829
320,1573891200,34,57,23,91,46,-0.3269264220888809,-1.0134966391358209
320,1573905600,121,252,131,373,46,0.4296747261739577,-0.552306605559493
320,1573920000,341,349,8,690,46,-0.43200991490316404,-0.03387667419886899
320,1573934400,352,354,2,706,46,-0.4740433120288773,-0.0077098637831908125
320,1573948800,161,189,28,350,46,-0.29189859115078653,-0.5899213955320303
320,1573963200,85,36,0,121,46,-0.48805444440411505,-0.9644338696064243
320,1573977600,16,25,9,41,46,-0.42500434871554515,-1.0952679216848151
320,1573992000,92,190,98,282,46,0.19849104198253478,-0.7011303397986626
320,1574006400,345,348,3,693,46,-0.4670377458412584,-0.028970397245929334
320,1574020800,313,215,0,528,46,-0.48805444440411505,-0.29881562965761055
320,1574035200,122,130,8,252,46,-0.43200991490316404,-0.7501931093280592
320,1574049600,49,13,0,62,46,-0.48805444440411505,-1.0609239830142376
320,1574064000,105,183,78,288,46,0.058379718230157265,-0.6913177858927833
320,1574078400,388,828,440,1216,46,2.5943946781481904,0.8263572182165512
320,1574092800,595,387,0,982,46,-0.48805444440411505,0.4436676158872578
320,1574107200,1501,435,0,1936,46,-0.48805444440411505,2.003863686922069
320,1574121600,273,129,0,402,47,-0.4735177293525603,-0.48659362037577053
320,1574136000,32,12,0,44,47,-0.4735177293525603,-1.072751421687266
320,1574150400,103,182,79,285,47,0.11054614648082074,-0.6781591587932145
320,1574164800,396,784,388,1180,47,2.395049154487337,0.7872353444855241
320,1574179200,574,419,0,993,47,-0.4735177293525603,0.48105794547644687
320,1574193600,1581,453,0,2034,47,-0.4735177293525603,2.185500043703449
320,1574208000,346,123,0,469,47,-0.4735177293525603,-0.3768936966666359
320,1574222400,51,19,0,70,47,-0.4735177293525603,-1.0301813020389452
320,1574236800,104,199,95,303,47,0.22883756437112576,-0.6486875374982232
320,1574251200,397,840,443,1237,47,2.8016759034852603,0.8805621452529969
320,1574265600,560,446,0,1006,47,-0.4735177293525603,0.5023430053006074
320,1574280000,1635,555,0,2190,47,-0.4735177293525603,2.4409207615933743
320,1574294400,448,154,0,602,47,-0.4735177293525603,-0.15913116154253282
320,1574308800,55,29,0,84,47,-0.4735177293525603,-1.0072589299206185
320,1574323200,106,193,87,299,47,0.16969185542597326,-0.6552367866748879
320,1574337600,372,872,500,1244,47,3.223089079719472,0.8920233313121602
320,1574352000,590,420,0,1010,47,-0.4735177293525603,0.508892254477272
320,1574366400,1516,512,0,2028,47,-0.4735177293525603,2.175676169938452
320,1574380800,484,171,0,655,47,-0.4735177293525603,-0.07235360995172484
320,1574395200,75,24,0,99,47,-0.4735177293525603,-0.9826992455081256
320,1574409600,97,147,50,244,47,-0.10385704844535712,-0.7452889628540283
320,1574424000,387,786,399,1173,47,2.4763745042869214,0.7757741584263608
320,1574438400,645,437,0,1082,47,-0.4735177293525603,0.6267787396572376
320,1574452800,1385,469,0,1854,47,-0.4735177293525603,1.8907838307535352
320,1574467200,332,145,0,477,47,-0.4735177293525603,-0.36379519831330637
320,1574481600,65,35,0,100,47,-0.4735177293525603,-0.9810619332139594
320,1574496000,27,34,7,61,47,-0.4217652340255519,-1.0449171126864407
320,1574510400,147,225,78,372,47,0.10315293286267668,-0.5357129892007562
320,1574524800,316,328,12,644,47,-0.38479916593483154,-0.09036404518755291
320,1574539200,361,368,7,729,47,-0.4217652340255519,0.04880749981657312
320,1574553600,200,202,2,402,47,-0.4587313021162722,-0.48659362037577053
320,1574568000,74,40,0,114,47,-0.4735177293525603,-0.9581395610956328
320,1574582400,20,20,0,40,47,-0.4735177293525603,-1.0793006708639308
320,1574596800,92,164,72,256,47,0.0587936511538123,-0.725641215324034
320,1574611200,219,225,6,444,47,-0.42915844764369593,-0.41782650402079063
320,1574625600,273,231,0,504,47,-0.4735177293525603,-0.3195877663708193
320,1574640000,131,100,0,231,47,-0.4735177293525603,-0.7665740226781887
320,1574654400,14,16,2,30,47,-0.4587313021162722,-1.0956737938055927
320,1574668800,96,185,89,281,47,0.18447828266226138,-0.6847084079698793
320,1574683200,392,766,374,1158,47,2.29154416383332,0.751214474013868
320,1574697600,612,432,0,1044,47,-0.4735177293525603,0.5645608724789225
320,1574712000,1451,441,0,1892,47,-0.4735177293525603,1.9530016979318503
320,1574726400,295,141,0,436,48,-0.5415801562832966,-0.08656695091264462
320,1574740800,26,21,0,47,48,-0.5415801562832966,-0.9612304289650798
320,1574755200,102,176,74,278,48,0.23231921186773136,-0.4418287234892121
320,1574769600,391,665,274,1056,48,2.3239391257894284,1.3074982326156583
320,1574784000,617,392,0,1009,48,-0.5415801562832966,1.201819097735287
320,1574798400,1451,434,0,1885,48,-0.5415801562832966,3.171498292526889
320,1574812800,306,157,0,463,48,-0.5415801562832966,-0.02585766066221852
320,1574827200,39,66,27,105,48,-0.25921146790386745,-0.8308178795382386
320,1574841600,72,157,85,229,48,0.3473583071334247,-0.552004842832578
320,1574856000,301,629,328,930,48,2.888676502548287,1.0241882114470031
320,1574870400,821,369,0,1190,48,-0.5415801562832966,1.6087961916362914
320,1574884800,713,371,0,1084,48,-0.5415801562832966,1.3704560150975815
320,1574899200,180,169,0,349,48,-0.5415801562832966,-0.2821857750529065
320,1574913600,40,34,0,74,48,-0.5415801562832966,-0.9005211387146537
320,1574928000,43,21,0,64,48,-0.5415801562832966,-0.9230060610296263
320,1574942400,128,138,10,266,48,-0.43699916058721167,-0.4688106302671793
320,1574956800,191,287,96,478,48,0.46239740239911803,0.007869722810240419
320,1574971200,177,181,4,358,48,-0.4997477580048626,-0.2619493449694311
320,1574985600,111,123,12,234,48,-0.4160829614479947,-0.5407623816750917
320,1575000000,21,22,1,43,48,-0.5311220567136881,-0.9702243978910688
320,1575014400,27,88,61,115,48,0.09636391746282105,-0.8083329572232659
320,1575028800,127,363,236,490,48,1.926531342144306,0.034851629588207575
320,1575043200,297,484,187,781,48,1.4140844632334904,0.689162868953911
320,1575057600,408,328,0,736,48,-0.5415801562832966,0.5879807185365342
320,1575072000,152,182,30,334,48,-0.227837169195042,-0.3159131585253654
320,1575086400,45,33,0,78,48,-0.5415801562832966,-0.8915271697886646
320,1575100800,22,27,5,49,48,-0.4892896584352541,-0.9567334445020853
320,1575115200,113,177,64,290,48,0.12773821617164652,-0.41484681671124496
320,1575129600,255,323,68,578,48,0.16957061445008045,0.2327189459599667
320,1575144000,309,220,0,529,48,-0.5415801562832966,0.12254282661660082
320,1575158400,148,138,0,286,48,-0.5415801562832966,-0.42384078563723404
320,1575172800,59,25,0,84,48,-0.5415801562832966,-0.8780362163996811
320,1575187200,13,17,4,30,48,-0.4997477580048626,-0.9994547969005333
320,1575201600,86,158,72,244,48,0.2114030127285144,-0.518277459360119
320,1575216000,160,175,15,335,48,-0.38470866273916926,-0.31366466629386813
320,1575230400,162,172,10,334,48,-0.43699916058721167,-0.3159131585253654
320,1575244800,78,61,0,139,48,-0.5415801562832966,-0.7543691436673317
320,1575259200,6,14,8,20,48,-0.45791535972642866,-1.021939719215506
320,1575273600,93,180,87,273,48,0.3682745062726417,-0.45307118464669843
320,1575288000,327,744,417,1071,48,3.819447364243442,1.3412256160881173
320,1575302400,520,335,0,855,48,-0.5415801562832966,0.8555512940847084
320,1575316800,1368,332,0,1700,48,-0.5415801562832966,2.7555272296998954
320,1575331200,228,109,0,337,49,-0.49421383751424974,-0.598143944069768
320,1575345600,28,8,0,36,49,-0.49421383751424974,-1.0943208299575637
320,1575360000,115,162,47,277,49,-0.12537523061325578,-0.6970496356088635
320,1575374400,382,831,449,1213,49,3.029372002880352,0.8458791524010261
320,1575388800,572,363,0,935,49,-0.49421383751424974,0.38761611493655035
320,1575403200,1527,516,0,2043,49,-0.49421383751424974,2.2140745520251803
320,1575417600,351,153,0,504,49,-0.49421383751424974,-0.32285643595261887
320,1575432000,38,17,0,55,49,-0.49421383751424974,-1.0630006943035168
320,1575446400,98,184,86,282,49,0.18068233681522855,-0.6888074946472722
320,1575460800,375,806,431,1181,49,2.8881146640672055,0.7931294502468418
320,1575475200,557,382,0,939,49,-0.49421383751424974,0.39420982770582336
320,1575489600,1556,513,0,2069,49,-0.49421383751424974,2.256933685025455
320,1575504000,413,152,0,565,49,-0.49421383751424974,-0.22230231622120514
320,1575518400,54,18,0,72,49,-0.49421383751424974,-1.0349774150341065
320,1575532800,101,176,75,277,49,0.09435840754052785,-0.6970496356088635
320,1575547200,453,825,372,1278,49,2.425104497957447,0.9530269849017129
320,1575561600,619,358,0,977,49,-0.49421383751424974,0.45685009901391715
320,1575576000,1530,514,0,2044,49,-0.49421383751424974,2.2157229802174987
320,1575590400,387,170,0,557,49,-0.49421383751424974,-0.2354897417597512
320,1575604800,66,28,0,94,49,-0.49421383751424974,-0.9987119948031047
320,1575619200,89,169,80,258,49,0.13359655721084635,-0.7283697712629104
320,1575633600,388,731,343,1119,49,2.1975232298695997,0.6909269023231098
320,1575648000,643,419,0,1062,49,-0.49421383751424974,0.5969664953609691
320,1575662400,1438,552,0,1990,49,-0.49421383751424974,2.1267078578323124
320,1575676800,377,227,0,604,49,-0.49421383751424974,-0.1580136167207931
320,1575691200,90,43,0,133,49,-0.49421383751424974,-0.9344232953026926
320,1575705600,29,45,16,74,49,-0.3686517585692305,-1.03168055864947
320,1575720000,143,258,115,401,49,0.4082636049030759,-0.49264453976139944
320,1575734400,368,410,42,778,49,-0.16461338028357428,0.12881288874258381
320,1575748800,381,365,0,746,49,-0.49421383751424974,0.07606318658839957
320,1575763200,206,209,3,415,49,-0.47067094771205864,-0.46956654506894385
320,1575777600,76,42,0,118,49,-0.49421383751424974,-0.9591497181874665
320,1575792000,27,17,0,44,49,-0.49421383751424974,-1.0811334044190175
320,1575806400,108,213,105,321,49,0.3297873055624389,-0.6245187951468602
320,1575820800,295,307,12,602,49,-0.40004227830548533,-0.1613104731054296
320,1575835200,300,264,0,564,49,-0.49421383751424974,-0.2239507444135234
320,1575849600,121,91,0,212,49,-0.49421383751424974,-0.8041974681095503
320,1575864000,16,10,0,26,49,-0.49421383751424974,-1.1108051118807463
320,1575878400,86,167,81,253,49,0.14144418714491006,-0.7366119122245016
320,1575892800,398,786,388,1184,49,2.5506665769024663,0.7980747348237966
320,1575907200,507,350,0,857,49,-0.49421383751424974,0.2590387159357262
320,1575921600,1469,429,0,1898,49,-0.49421383751424974,1.9750524641390328
320,1575936000,264,130,0,394,50,-0.4794209633463629,-0.5221329092046626
320,1575950400,34,15,0,49,50,-0.4794209633463629,-1.1237794980218045
320,1575964800,124,159,35,283,50,-0.18105143916382546,-0.715706159519743
320,1575979200,431,821,390,1252,50,2.8452680204019116,0.9741359986362296
320,1575993600,589,402,0,991,50,-0.4794209633463629,0.5189772749223918
320,1576008000,1594,418,0,2012,50,-0.4794209633463629,2.2995023971899333
320,1576022400,375,166,0,541,50,-0.4794209633463629,-0.26577914527388036
320,1576036800,39,18,0,57,50,-0.4794209633463629,-1.1098282727738706
320,1576051200,108,180,72,288,50,0.13436777211485698,-0.7069866437397844
320,1576065600,434,763,329,1197,50,2.325252563969489,0.8782213250566852
320,1576080000,607,303,0,910,50,-0.4794209633463629,0.37772111928706276
320,1576094400,1402,454,0,1856,50,-0.4794209633463629,2.027453504855226
320,1576108800,352,128,0,480,50,-0.4794209633463629,-0.372157237789375
320,1576123200,47,24,0,71,50,-0.4794209633463629,-1.0854136285899867
320,1576137600,108,162,54,270,50,-0.019079411750447996,-0.7383769005476353
320,1576152000,430,791,361,1221,50,2.598047557507809,0.9200750008004863
320,1576166400,584,369,0,953,50,-0.4794209633463629,0.45270895499470654
320,1576180800,1424,483,0,1907,50,-0.4794209633463629,2.1163925658108034
320,1576195200,447,179,0,626,50,-0.4794209633463629,-0.1175473770145845
320,1576209600,65,22,0,87,50,-0.4794209633463629,-1.0575111780941193
320,1576224000,89,143,54,232,50,-0.019079411750447996,-0.8046452204753205
320,1576238400,386,723,337,1109,50,2.393451312354069,0.7247578473294142
320,1576252800,723,357,0,1080,50,-0.4794209633463629,0.6741846558056545
320,1576267200,1385,420,0,1805,50,-0.4794209633463629,1.9385144438996484
320,1576281600,324,201,0,525,50,-0.4794209633463629,-0.2936815957697478
320,1576296000,76,36,0,112,50,-0.4794209633463629,-1.0139135991943264
320,1576310400,24,50,26,74,50,-0.2577750310964779,-1.0801819191220117
320,1576324800,141,246,105,387,50,0.4156876092012494,-0.5343402312966046
320,1576339200,368,407,39,775,50,-0.14695206497153548,0.14229419322818115
320,1576353600,452,455,3,907,50,-0.4538464327021454,0.3724894098190876
320,1576368000,196,199,3,395,50,-0.4538464327021454,-0.5203890060486708
320,1576382400,96,64,0,160,50,-0.4794209633463629,-0.930206247706724
320,1576396800,30,24,0,54,50,-0.4794209633463629,-1.1150599822418459
320,1576411200,123,151,28,274,50,-0.24072534400033296,-0.7314012879236684
320,1576425600,316,327,11,643,50,-0.3856476843175654,-0.08790102336272533
320,1576440000,379,259,0,638,50,-0.4794209633463629,-0.09662053914268391
320,1576454400,121,111,0,232,50,-0.4794209633463629,-0.8046452204753205
320,1576468800,20,21,1,41,50,-0.47089611979829044,-1.1377307232697382
320,1576483200,83,185,102,268,50,0.3901130785570319,-0.7418647068596187
320,1576497600,355,767,412,1122,50,3.0328145784595066,0.7474285883573065
320,1576512000,613,454,0,1067,50,-0.4794209633463629,0.6515139147777621
320,1576526400,1423,355,0,1778,50,-0.4794209633463629,1.891429058687872
320,1576540800,299,137,0,436,51,-0.47460939458259277,-0.36080335666641433
320,1576555200,40,18,0,58,51,-0.47460939458259277,-1.0385262731874738
320,1576569600,94,170,76,264,51,0.29990654995096355,-0.6691852128611822
320,1576584000,378,760,382,1138,51,3.418352326625546,0.8978249168726963
320,1576598400,568,386,0,954,51,-0.47460939458259277,0.5679280474550377
320,1576612800,1546,591,0,2137,51,-0.47460939458259277,2.6889497676783534
320,1576627200,378,164,0,542,51,-0.47460939458259277,-0.17075407319754576
320,1576641600,59,11,0,70,51,-0.47460939458259277,-1.017011259964583
320,1576656000,92,152,60,244,51,0.1368505616281096,-0.7050435682326668
320,1576670400,451,698,247,1149,51,2.0425674251514656,0.9175470123270127
320,1576684800,625,429,0,1054,51,-0.47460939458259277,0.7472198243124608
320,1576699200,1488,490,0,1978,51,-0.47460939458259277,2.403875842475051
320,1576713600,364,165,0,529,51,-0.47460939458259277,-0.19406200418901076
320,1576728000,39,17,0,56,51,-0.47460939458259277,-1.0421121087246223
320,1576742400,90,132,42,222,51,-0.046587425235101114,-0.7444877591412998
320,1576756800,367,748,381,1115,51,3.4081613273553675,0.856587808195489
320,1576771200,596,431,0,1027,51,-0.47460939458259277,0.6988110445609566
320,1576785600,1700,404,0,2104,51,-0.47460939458259277,2.6297834813154037
320,1576800000,337,157,0,494,51,-0.47460939458259277,-0.25681412608910886
320,1576814400,63,40,0,103,51,-0.47460939458259277,-0.9578449736016335
320,1576828800,73,116,43,189,51,-0.03639642596492274,-0.8036540455042495
320,1576843200,390,638,248,1028,51,2.052758424421644,0.7006039623295308
320,1576857600,682,346,0,1028,51,-0.47460939458259277,0.7006039623295308
320,1576872000,1080,448,0,1528,51,-0.47460939458259277,1.5970628466166465
320,1576886400,265,197,0,462,51,-0.47460939458259277,-0.3141874946834843
320,1576900800,59,26,0,85,51,-0.47460939458259277,-0.9901174934359696
320,1576915200,24,46,22,70,51,-0.25040741063866856,-1.017011259964583
320,1576929600,161,168,7,329,51,-0.40327239969134415,-0.552645557903857
320,1576944000,355,327,0,682,51,-0.47460939458259277,0.08025441440284665
320,1576958400,366,259,0,625,51,-0.47460939458259277,-0.021941898405884546
320,1576972800,184,190,6,374,51,-0.4134633989615225,-0.4719642583180167
320,1576987200,57,40,0,97,51,-0.47460939458259277,-0.9686024802130788
320,1577001600,18,23,5,41,51,-0.4236543982317009,-1.0690058752532359
320,1577016000,99,167,68,266,51,0.21837855578953658,-0.6655993773240336
320,1577030400,268,304,36,572,51,-0.10773342085617135,-0.11696654014031882
320,1577044800,304,256,0,560,51,-0.47460939458259277,-0.1384815533632096
320,1577059200,132,135,3,267,51,-0.44403639677205764,-0.6638064595554595
320,1577073600,19,16,0,35,51,-0.47460939458259277,-1.0797633818646812
320,1577088000,41,143,102,184,51,0.5648725309756013,-0.8126186343471207
320,1577102400,274,502,228,776,51,1.8489384390180763,0.24878868464882442
320,1577116800,461,348,0,809,51,-0.47460939458259277,0.30795497101177405
320,1577131200,707,376,0,1083,51,-0.47460939458259277,0.7992144396011135
320,1577145600,161,159,0,320,52,-0.5852182184372692,-0.19940020624334834
320,1577160000,39,24,0,63,52,-0.5852182184372692,-1.0661376777789175
320,1577174400,32,113,81,145,52,0.48001044883056915,-0.7895910915302145
320,1577188800,180,337,157,517,52,1.47948426009422,0.4649861046224381
320,1577203200,411,330,0,741,52,-0.5852182184372692,1.2204304377896267
320,1577217600,335,245,0,580,52,-0.5852182184372692,0.6774548233257099
320,1577232000,97,94,0,191,52,-0.5852182184372692,-0.6344552016833811
320,1577246400,18,16,0,34,52,-0.5852182184372692,-1.1639407387693124
320,1577260800,17,16,0,33,52,-0.5852182184372692,-1.1673132581138088
320,1577275200,55,78,23,133,52,-0.2827458808180065,-0.830061323664171
320,1577289600,165,206,41,371,52,-0.04602839920293129,-0.02740171967403307
320,1577304000,165,156,0,321,52,-0.5852182184372692,-0.19602768689885197
320,1577318400,90,116,26,206,52,-0.24329296721549395,-0.5838674115159355
320,1577332800,15,13,0,28,52,-0.5852182184372692,-1.1841758548362906
320,1577347200,30,134,104,164,52,0.7824827864498319,-0.7255132239847832
320,1577361600,163,442,279,605,52,3.0839027465963964,0.7617678069381194
320,1577376000,348,377,29,725,52,-0.2038400536129814,1.1664701282776846
320,1577390400,543,318,0,861,52,-0.5852182184372692,1.6251327591291922
320,1577404800,172,154,0,326,52,-0.5852182184372692,-0.17916509017637008
320,1577419200,39,33,0,72,52,-0.5852182184372692,-1.0357850036784502
320,1577433600,31,120,89,151,52,0.5852182184372692,-0.7693559754632362
320,1577448000,229,463,234,692,52,2.4921090425587082,1.0551769899093042
320,1577462400,417,422,5,839,52,-0.5194633624330817,1.5509373335502719
320,1577476800,587,394,0,981,52,-0.5852182184372692,2.0298350804687573
