remote_unit_id,time_stamp,entries,exits,num_people_exited,sum_exit_entry,week_num,z_score_num_people_exited,z_score_sum_exit_entry
322,1546311600,263,161,0,424,1,-0.7199427458490517,-0.8150940575414585
322,1546326000,79,47,0,126,1,-0.7199427458490517,-1.174170373904448
322,1546340400,71,235,164,306,1,0.09246971047602494,-0.9572786391885483
322,1546354800,397,663,266,1060,1,0.5977506284343043,-0.04874326154527959
322,1546369200,799,621,0,1420,1,-0.7199427458490517,0.3850402078865198
322,1546383600,470,213,0,683,1,-0.7199427458490517,-0.5030109503669139
322,1546398000,84,44,0,128,1,-0.7199427458490517,-1.171760465740938
322,1546412400,38,137,99,175,1,-0.2295230313601335,-1.115127623898453
322,1546426800,574,1179,605,1753,1,2.277066620472115,0.7862899171109342
322,1546441200,793,1133,340,1926,1,0.9643269806785462,0.994746973254549
322,1546455600,1470,1275,0,2745,1,-0.7199427458490517,1.9816043662118925
322,1546470000,707,428,0,1135,1,-0.7199427458490517,0.04162829458634529
322,1546484400,137,48,0,185,1,-0.7199427458490517,-1.103078083080903
322,1546498800,41,138,97,179,1,-0.23943050033970759,-1.110307807571433
322,1546513200,571,1128,557,1699,1,2.0392873649623366,0.7212223966961643
322,1546527600,710,1141,431,1851,1,1.4151168192491679,0.904375417122924
322,1546542000,1477,1283,0,2760,1,-0.7199427458490517,1.9996786774382176
322,1546556400,830,554,0,1384,1,-0.7199427458490517,0.3416618609433399
322,1546570800,122,61,0,183,1,-0.7199427458490517,-1.105487991244413
322,1546585200,41,134,93,175,1,-0.2592454382988558,-1.115127623898453
322,1546599600,560,1093,533,1653,1,1.9203977372074472,0.6657945089354345
322,1546614000,757,1274,517,2031,1,1.8411379853708545,1.1212671518388238
322,1546628400,1444,1429,0,2873,1,-0.7199427458490517,2.1358384886765323
322,1546642800,811,640,0,1451,1,-0.7199427458490517,0.42239378442092473
322,1546657200,218,110,0,328,1,-0.7199427458490517,-0.9307696493899383
322,1546671600,38,64,26,102,1,-0.5911456491145883,-1.203089271866568
322,1546686000,175,523,348,698,1,1.0039568565968426,-0.484936639140589
322,1546700400,620,998,378,1618,1,1.1525688912904541,0.6236211160740095
322,1546714800,990,879,0,1869,1,-0.7199427458490517,0.9260645905945141
322,1546729200,606,573,0,1179,1,-0.7199427458490517,0.09464627418356521
322,1546743600,224,117,0,341,1,-0.7199427458490517,-0.9151052463271234
322,1546758000,45,53,8,98,1,-0.6803128699307552,-1.2079090881935879
322,1546772400,107,379,272,486,1,0.6274730353730267,-0.7403869044726487
322,1546786800,583,976,393,1559,1,1.2268749086372601,0.5525288252504645
322,1546801200,999,862,0,1861,1,-0.7199427458490517,0.9164249579404741
322,1546815600,456,246,0,702,1,-0.7199427458490517,-0.480116822813569
322,1546830000,103,52,0,155,1,-0.7199427458490517,-1.139226705533553
322,1546844400,61,153,92,214,1,-0.26419917278864286,-1.0681344147100083
322,1546858800,599,1201,602,1800,1,2.262205417002754,0.8429227589534192
322,1546873200,565,848,283,1413,1,0.6819641147606842,0.3766055293142348
322,1546887600,1288,1087,0,2375,1,-0.7199427458490517,1.5357713559625432
322,1546902000,665,451,0,1116,1,-0.7199427458490517,0.018734167033000317
322,1546916400,136,53,0,189,2,-0.7372467419726635,-1.1795745299801075
322,1546930800,48,147,99,195,2,-0.2720764911195019,-1.172366305004236
322,1546945200,669,1173,504,1842,2,1.630892716916159,0.8062914508724784
322,1546959600,621,877,256,1498,2,0.46561774508197656,0.3930198855891817
322,1546974000,1311,1327,16,2638,2,-0.6620677115317485,1.7625826310047583
322,1546988400,702,479,0,1181,2,-0.7372467419726635,0.01218533269730647
322,1547002800,136,20,0,156,2,-0.7372467419726635,-1.2192197673474006
322,1547017200,51,128,77,179,2,-0.37544765797576,-1.1915882382732266
322,1547031600,625,1252,627,1877,2,2.208831513430693,0.8483394298983953
322,1547046000,624,911,287,1535,2,0.6112771165612494,0.43747060627372236
322,1547060400,1309,1219,0,2528,2,-0.7372467419726635,1.6304318397804483
322,1547074800,836,560,0,1396,2,-0.7372467419726635,0.27048006099936694
322,1547089200,142,66,0,208,2,-0.7372467419726635,-1.1567484842231812
322,1547103600,50,169,119,219,2,-0.17810270306835813,-1.1435334051007502
322,1547118000,606,1229,623,1835,2,2.190036755820464,0.7978818550672951
322,1547132400,686,1025,339,1711,2,0.8556089654942232,0.6489118722326184
322,1547146800,1269,1267,0,2536,2,-0.7372467419726635,1.6400428064149435
322,1547161200,813,543,0,1356,2,-0.7372467419726635,0.2224252278268906
322,1547175600,138,36,0,174,2,-0.7372467419726635,-1.197595092419786
322,1547190000,50,138,88,188,2,-0.32376207454763095,-1.1807759008094194
322,1547204400,628,1165,537,1793,2,1.7859494672005463,0.7474242802361949
322,1547218800,694,1142,448,1836,2,1.3677661103729564,0.799083225896607
322,1547233200,1363,1387,24,2750,2,-0.624478196311291,1.897136163887692
322,1547247600,821,727,0,1548,2,-0.7372467419726635,0.45308842705477714
322,1547262000,210,85,0,295,2,-0.7372467419726635,-1.0522292220730451
322,1547276400,56,71,15,127,2,-0.6667664009343056,-1.254059521397446
322,1547290800,156,541,385,697,2,1.0717486780118537,-0.5692781486896576
322,1547305200,631,1111,480,1742,2,1.5181241712547864,0.6861543679412876
322,1547319600,1163,936,0,2099,2,-0.7372467419726635,1.115043754005639
322,1547334000,619,554,0,1173,2,-0.7372467419726635,0.002574366062811195
322,1547348400,251,130,0,381,2,-0.7372467419726635,-0.9489113307522209
322,1547362800,44,54,10,98,2,-0.6902598479470916,-1.2888992754474913
322,1547377200,104,360,256,464,2,0.46561774508197656,-0.8491975519193324
322,1547391600,531,893,362,1424,2,0.9636788217530384,0.3041184442201004
322,1547406000,896,705,0,1601,2,-0.7372467419726635,0.5167610810083083
322,1547420400,379,260,0,639,2,-0.7372467419726635,-0.6389576567897484
322,1547434800,82,38,0,120,2,-0.7372467419726635,-1.2624691172026292
322,1547449200,58,152,94,210,2,-0.2955699381322878,-1.1543457425645574
322,1547463600,604,1277,673,1881,2,2.424971225948324,0.8531449132156429
322,1547478000,569,840,271,1409,2,0.5360980861203344,0.2860978817804218
322,1547492400,1259,1086,0,2345,2,-0.7372467419726635,1.4105809780163687
322,1547506800,648,455,0,1103,2,-0.7372467419726635,-0.08152159198902245
322,1547521200,118,48,0,166,3,-0.727096404447288,-1.1405839798923427
322,1547535600,57,172,115,229,3,-0.1603906381925839,-1.062842932243
322,1547550000,622,1113,491,1735,3,1.6924908236488834,0.7955383020412911
322,1547564400,648,951,303,1599,3,0.7660500927281497,0.6277163579093764
322,1547578800,1284,1261,0,2545,3,-0.727096404447288,1.795066057532842
322,1547593200,750,586,0,1336,3,-0.727096404447288,0.30317833359545304
322,1547607600,135,58,0,193,3,-0.727096404447288,-1.1072663880426243
322,1547622000,64,167,103,231,3,-0.21952515293220518,-1.060374962476354
322,1547636400,616,1289,673,1905,3,2.5893642971998063,1.0053157322061845
322,1547650800,689,989,300,1678,3,0.7512664640432444,0.7252011636918857
322,1547665200,1264,1256,0,2520,3,-0.727096404447288,1.7642164354497694
322,1547679600,800,567,0,1367,3,-0.727096404447288,0.341431864978463
322,1547694000,141,55,0,196,3,-0.727096404447288,-1.1035644333926558
322,1547708400,57,139,82,196,3,-0.32301055372654247,-1.1035644333926558
322,1547722800,611,1304,693,1915,3,2.687921821765842,1.0176555810394134
322,1547737200,671,1021,350,1692,3,0.9976602754583331,0.7424769520584062
322,1547751600,1252,1351,99,2603,3,-0.2392366578454123,1.8666371807655704
322,1547766000,844,625,0,1469,3,-0.727096404447288,0.46729832307739905
322,1547780400,159,57,0,216,3,-0.727096404447288,-1.0788847357261977
322,1547794800,51,150,99,201,3,-0.2392366578454123,-1.097394508976041
322,1547809200,576,1185,609,1761,3,2.2739802185884925,0.8276219090076865
322,1547823600,699,1089,390,1788,3,1.194775324590404,0.8609395008574049
322,1547838000,1461,1431,0,2892,3,-0.727096404447288,2.223258812045889
322,1547852400,802,628,0,1430,3,-0.727096404447288,0.41917291262780587
322,1547866800,261,112,0,373,3,-0.727096404447288,-0.885149109044502
322,1547881200,51,51,0,102,3,-0.727096404447288,-1.2195590124250084
322,1547895600,161,472,311,633,3,0.805473102554564,-0.5643130393805473
322,1547910000,677,929,252,1606,3,0.5147284050847593,0.6363542520926366
322,1547924400,1067,929,0,1996,3,-0.727096404447288,1.1176083565885686
322,1547938800,555,421,0,976,3,-0.727096404447288,-0.14105622440079182
322,1547953200,179,69,0,248,3,-0.727096404447288,-1.0393972194598649
322,1547967600,29,41,12,70,3,-0.6679618897076667,-1.2590465286913415
322,1547982000,108,326,218,434,3,0.3471806133224989,-0.809876031161805
322,1547996400,454,695,241,1149,3,0.4605217665734397,0.07242316041407029
322,1548010800,812,591,0,1403,3,-0.727096404447288,0.3858553207780875
322,1548025200,383,167,0,550,3,-0.727096404447288,-0.6667337846963483
322,1548039600,100,37,0,137,3,-0.727096404447288,-1.176369541508707
322,1548054000,35,98,63,133,3,-0.41664020206427616,-1.1813054810419985
322,1548068400,210,669,459,879,3,1.5347987843432265,-0.2607527580831134
322,1548082800,432,766,334,1198,3,0.9188142558055047,0.1328884196968925
322,1548097200,702,687,0,1389,3,-0.727096404447288,0.3685795324115669
322,1548111600,385,269,0,654,3,-0.727096404447288,-0.5383993568307663
322,1548126000,77,38,0,115,4,-0.7092867688676529,-1.242312536284218
322,1548140400,56,142,86,198,4,-0.3615359093969093,-1.1413596117273554
322,1548154800,568,1207,639,1775,4,1.8745829892928716,0.7767459548530347
322,1548169200,543,937,394,1480,4,0.8838974012657534,0.4179373675726193
322,1548183600,1166,1157,0,2323,4,-0.7092867688676529,1.4432785169875013
322,1548198000,693,525,0,1218,4,-0.7092867688676529,0.0992666900557758
322,1548212400,109,59,0,168,4,-0.7092867688676529,-1.1778486206033298
322,1548226800,46,142,96,188,4,-0.32109976294682285,-1.1535226146860136
322,1548241200,602,1242,640,1844,4,1.8786266039378803,0.860670675267776
322,1548255600,607,1038,431,1645,4,1.0335111431310733,0.6186269163904787
322,1548270000,1232,1273,41,2505,4,-0.5434985684222984,1.6646451708350796
322,1548284400,763,558,0,1321,4,-0.7092867688676529,0.22454562052995475
322,1548298800,129,67,0,196,4,-0.7092867688676529,-1.143792212319087
322,1548313200,49,156,107,205,4,-0.27662000185172775,-1.1328455096562946
322,1548327600,576,1194,618,1770,4,1.78966708174769,0.7706644533737056
322,1548342000,554,890,336,1444,4,0.649367751855252,0.37415055692145
322,1548356400,1122,1278,156,2400,4,-0.07848288424630415,1.536933639769169
322,1548370800,818,583,0,1401,4,-0.7092867688676529,0.32184964419921996
322,1548385200,167,61,0,228,4,-0.7092867688676529,-1.1048706028513808
322,1548399600,57,164,107,221,4,-0.27662000185172775,-1.1133847049224417
322,1548407695,469,119,0,588,4,-0.7092867688676529,-0.6670024963396876
322,1548408336,51,20,0,71,4,-0.7092867688676529,-1.2958297493023139
322,1548414000,317,1300,983,1617,4,3.2655864271758457,0.5845705081062359
322,1548428400,820,1208,388,2028,4,0.8596357133957016,1.084469929707086
322,1548442800,1381,1363,0,2744,4,-0.7092867688676529,1.9553409415470093
322,1548457200,857,796,0,1653,4,-0.7092867688676529,0.6283573187574053
322,1548471600,240,101,0,341,4,-0.7092867688676529,-0.9674286694185439
322,1548486000,54,66,12,120,4,-0.6607633931275491,-1.2362310348048888
322,1548500400,184,600,416,784,4,0.9728569234559435,-0.42860763834998783
322,1548514800,578,1055,477,1633,4,1.219517416801471,0.604031312840089
322,1548529200,1272,1011,0,2283,4,-0.7092867688676529,1.3946265051528686
322,1548543600,693,620,0,1313,4,-0.7092867688676529,0.21481521816302823
322,1548558000,246,126,0,372,4,-0.7092867688676529,-0.9297233602467035
322,1548572400,43,58,15,101,4,-0.6486325491925231,-1.2593407404263395
322,1548586800,125,371,246,496,4,0.2854424338044739,-0.7789021235593425
322,1548601200,597,1032,435,1629,4,1.049685601711108,0.5991661116566257
322,1548615600,974,746,0,1720,4,-0.7092867688676529,0.7098494385804149
322,1548630000,433,219,0,652,4,-0.7092867688676529,-0.5891592774042754
322,1548644400,71,40,0,111,4,-0.7092867688676529,-1.2471777374676813
322,1548658800,47,148,101,195,4,-0.30088168972177964,-1.1450085126149527
322,1548673200,595,1256,661,1851,4,1.9635425114830618,0.8691847773388366
322,1548687600,591,924,333,1515,4,0.637236907920226,0.46050787792792286
322,1548702000,1258,1153,0,2411,4,-0.7092867688676529,1.550312943023693
322,1548716400,634,494,0,1128,4,-0.7092867688676529,-0.010200336572147528
322,1548730800,109,46,0,155,5,-0.7562686693581374,-1.2711682432068787
322,1548745200,69,144,75,213,5,-0.4385934715346766,-1.2005654971239321
322,1548759600,637,1295,658,1932,5,2.030801732879693,0.8919538221275379
322,1548774000,650,936,286,1586,5,0.4551327516753267,0.47077192308099425
322,1548788400,1232,1157,0,2389,5,-0.7562686693581374,1.4482547697121346
322,1548802800,665,571,0,1236,5,-0.7562686693581374,0.04472086913217836
322,1548817200,245,262,17,507,5,-0.6842622911848196,-0.8426826118069267
322,1548831600,67,123,56,190,5,-0.51907118831662,-1.2285631378119972
322,1548846000,609,1260,651,1869,5,2.001152047749503,0.8152646324167511
322,1548860400,643,986,343,1629,5,0.696565902021157,0.5231153382804202
322,1548874800,1243,1091,0,2334,5,-0.7562686693581374,1.3813038898058922
322,1548889200,636,562,0,1198,5,-0.7562686693581374,-0.0015361024394073613
322,1548903600,99,67,0,166,5,-0.7562686693581374,-1.2577780672256302
322,1548918000,43,102,59,145,5,-0.5063641804036816,-1.2833411304625593
322,1548932400,587,1233,646,1820,5,1.9799737012279388,0.7556174848639169
322,1548946800,520,876,356,1396,5,0.7516296029772235,0.23948706522306562
322,1548961200,1073,1193,120,2266,5,-0.24798835284060006,1.298528256467265
322,1548975600,708,578,0,1286,5,-0.7562686693581374,0.10558530541058063
322,1548990000,139,72,0,211,5,-0.7562686693581374,-1.2030000745750682
322,1549004400,56,148,92,204,5,-0.36658709336135875,-1.2115210956540445
322,1549018800,619,1223,604,1842,5,1.8020755904468009,0.7823978368264138
322,1549033200,617,1157,540,1774,5,1.530992754970781,0.6996222034877868
322,1549047600,1247,1300,53,2547,5,-0.5317781962295585,1.6405863883518859
322,1549062000,768,712,0,1480,5,-0.7562686693581374,0.34173931817078146
322,1549076400,197,118,0,315,5,-0.7562686693581374,-1.0764020471159914
322,1549090800,43,68,25,111,5,-0.6503769367503172,-1.3247289471318726
322,1549105200,185,687,502,872,5,1.370037321406894,-0.3983722269745902
322,1549119600,781,1355,574,2136,5,1.6750055113174165,1.1402807221434192
322,1549134000,1350,1308,0,2658,5,-0.7562686693581374,1.775705436889939
322,1549148400,666,712,46,1378,5,-0.5614278813597481,0.2175758681628408
322,1549162800,213,115,0,328,5,-0.7562686693581374,-1.0605772936836069
322,1549177200,43,65,22,108,5,-0.6630839446632556,-1.3283808133085768
322,1549191600,156,430,274,586,5,0.4043047200235729,-0.7465168024870511
322,1549206000,573,1053,480,1626,5,1.2768525967120121,0.519463472103716
322,1549220400,933,876,0,1809,5,-0.7562686693581374,0.7422273088826684
322,1549234800,394,261,0,655,5,-0.7562686693581374,-0.662523880422856
322,1549249200,84,75,0,159,5,-0.7562686693581374,-1.2662990883046066
322,1549263600,47,144,97,191,5,-0.3454087468397947,-1.227345849086429
322,1549278000,643,1277,634,1920,5,1.929145669576185,0.8773463574207214
322,1549292400,631,920,289,1551,5,0.4678397595882651,0.42816681768611264
322,1549306800,1222,1150,0,2372,5,-0.7562686693581374,1.427560861377478
322,1549321200,691,528,0,1219,5,-0.7562686693581374,0.024026960797521594
322,1549335600,103,49,0,152,6,-0.736342941245659,-1.261967020660416
322,1549350000,52,127,75,179,6,-0.4245429325181653,-1.232239754324128
322,1549364400,625,1268,643,1893,6,1.9368224669113874,0.6548911530980166
322,1549378800,718,1136,418,1854,6,1.001422440728906,0.6119517683900447
322,1549393200,1296,1337,41,2633,6,-0.5658922698079625,1.4696384526851733
322,1549407600,765,557,0,1322,6,-0.736342941245659,0.0262145205787374
322,1549422000,114,23,0,137,6,-0.736342941245659,-1.2784821686250205
322,1549436400,60,98,38,158,6,-0.5783642701570622,-1.2553609614745742
322,1549450800,650,1331,681,1981,6,2.0948011379999842,0.7517800211570298
322,1549465200,699,1050,351,1749,6,0.7228810995990116,0.49634573263781306
322,1549479600,1308,1193,0,2501,6,-0.736342941245659,1.3243051505966534
322,1549494000,700,551,0,1251,6,-0.736342941245659,-0.051957179787057384
322,1549508400,114,59,0,173,6,-0.736342941245659,-1.2388458135099696
322,1549522800,47,124,77,171,6,-0.4162282656187654,-1.2410478332385837
322,1549537200,649,1327,678,1976,6,2.0823291376508846,0.746274971835495
322,1549551600,729,1130,401,1859,6,0.9307477720840075,0.6174568177115796
322,1549566000,1354,1366,12,2720,6,-0.68645493984926,1.5654263108798796
322,1549580400,887,727,0,1614,6,-0.736342941245659,0.34770940095637226
322,1549594800,161,87,0,248,6,-0.736342941245659,-1.1562700736869471
322,1549609200,61,149,88,210,6,-0.37049759767206636,-1.198108448530612
322,1549623600,739,1306,567,2045,6,1.6208651247341936,0.8222446524726758
322,1549638000,726,1124,398,1850,6,0.9182757717349077,0.6075477289328169
322,1549652400,1526,1466,0,2992,6,-0.736342941245659,1.8649009939713752
322,1549666800,971,861,0,1832,6,-0.736342941245659,0.5877295513752915
322,1549681200,256,139,0,395,6,-0.736342941245659,-0.9944216236338226
322,1549695600,48,85,37,133,6,-0.5825216036067621,-1.2828862080822485
322,1549710000,197,677,480,874,6,1.259177114610301,-0.4670378986307846
322,1549724400,795,1247,452,2042,6,1.1427717780187032,0.8189416228797549
322,1549738800,1319,1329,10,2648,6,-0.6947696067486598,1.486153600649778
322,1549753200,784,687,0,1471,6,-0.736342941245659,0.19026499036047573
322,1549767600,237,157,0,394,6,-0.736342941245659,-0.9955226334981296
322,1549782000,50,49,0,99,6,-0.736342941245659,-1.3203205434686853
322,1549796400,149,488,339,637,6,0.6729930982026127,-0.7279772364715362
322,1549810800,680,1209,529,1889,6,1.4628864536455968,0.6504871136407887
322,1549825200,1119,882,0,2001,6,-0.736342941245659,0.7738002184431692
322,1549839600,454,356,0,810,6,-0.736342941245659,-0.5375025299464306
322,1549854000,75,55,0,130,6,-0.736342941245659,-1.2861892376751694
322,1549868400,55,165,110,220,6,-0.2790362617786682,-1.187098349887542
322,1549882800,627,1349,722,1976,6,2.2652518094376806,0.746274971835495
322,1549897200,640,932,292,1572,6,0.4775984260667166,0.3014669866554796
322,1549911600,1339,1196,0,2535,6,-0.736342941245659,1.3617394859830905
322,1549926000,691,507,0,1198,6,-0.736342941245659,-0.11031070259532673
322,1549940400,113,53,0,166,7,-0.9244196313031761,-1.1414767488545463
322,1549954800,52,129,77,181,7,-0.6470422804371089,-1.123194548478841
322,1549969200,588,1239,651,1827,7,1.4206797896553915,0.8829722394152099
322,1549983600,545,886,341,1431,7,0.3039657796751213,0.4003221494965925
322,1549998000,1095,1094,0,2189,7,-0.9244196313031761,1.3241826751488954
322,1550012400,630,537,0,1167,7,-0.9244196313031761,0.07855542288418094
322,1550026800,134,53,0,187,7,-0.9244196313031761,-1.115881668328559
322,1550041200,55,167,112,222,7,-0.5209616664070784,-1.073223200785247
322,1550055600,628,1337,709,1965,7,1.6296133786194422,1.0511684828716976
322,1550070000,712,1165,453,1877,7,0.7074237445712189,0.9439129073342272
322,1550084400,1313,1377,64,2690,7,-0.6938722227911203,1.9348081676974491
322,1550098800,833,673,0,1506,7,-0.9244196313031761,0.4917331513751185
322,1550113200,148,66,0,214,7,-0.9244196313031761,-1.0829737076522896
322,1550127600,53,170,117,223,7,-0.502950150117074,-1.0720043874268665
322,1550142000,630,1322,692,1952,7,1.5683742232334275,1.0353239092127533
322,1550156400,757,1182,425,1939,7,0.6065592533471945,1.0194793355538088
322,1550170800,1473,1339,0,2812,7,-0.9244196313031761,2.0835033974198516
322,1550185200,749,755,6,1504,7,-0.9028058117551708,0.4892955246583578
322,1550199600,201,82,0,283,7,-0.9244196313031761,-0.9988755859240457
322,1550214000,49,166,117,215,7,-0.502950150117074,-1.0817548942939093
322,1550228400,618,1314,696,1932,7,1.582783436265431,1.0109476420451462
322,1550242800,759,1202,443,1961,7,0.6714007119912102,1.0462932294381764
322,1550257200,1396,1362,0,2758,7,-0.9244196313031761,2.0176874760673127
322,1550271600,827,658,0,1485,7,-0.9244196313031761,0.4661380708491312
322,1550286000,99,130,31,229,7,-0.8127482303051491,-1.0646915072765843
322,1550300400,22,75,53,97,7,-0.7334975586291298,-1.2255748705827902
322,1550314800,82,609,527,691,7,0.9739941856632836,-0.5015997357048642
322,1550329200,288,1082,794,1370,7,1.9358091555495163,0.32597453463539133
322,1550343600,554,1025,471,1579,7,0.7722652032152346,0.5807065265368838
322,1550358000,321,534,213,855,7,-0.15712903734899034,-0.30171434493048727
322,1550372400,128,112,0,240,7,-0.9244196313031761,-1.0512845603344005
322,1550386800,21,55,34,76,7,-0.8019413205311464,-1.2511699511087775
322,1550401200,66,435,369,501,7,0.4048302708991457,-0.7331742737971301
322,1550415600,296,1197,901,1493,7,2.32125560415561,0.475888577716174
322,1550430000,519,923,404,1442,7,0.5309108849291763,0.4137290964387763
322,1550444400,234,382,148,616,7,-0.39127874911904703,-0.5930107375833902
322,1550458800,69,63,0,132,7,-0.9244196313031761,-1.182916403039478
322,1550473200,17,123,106,140,7,-0.5425754859550836,-1.1731658961724352
322,1550487600,105,717,612,822,7,1.2801899625933577,-0.34193518575703874
322,1550502000,291,1025,734,1316,7,1.719670960069464,0.2601586132828526
322,1550516400,532,849,317,1381,7,0.21751050148310036,0.33938148157757514
322,1550530800,240,401,161,641,7,-0.34444880676503564,-0.5625404036238815
322,1550545200,62,43,0,105,8,-0.7863028730976955,-1.367042351606025
322,1550559600,36,136,100,172,8,-0.4004662557526803,-1.2933562393312033
322,1550574000,612,1182,570,1794,8,1.4129658457688912,0.49050755335179985
322,1550588400,627,999,372,1626,8,0.649009343425761,0.3057423763044851
322,1550602800,1337,1093,0,2430,8,-0.7863028730976955,1.1899757236023485
322,1550617200,722,556,0,1278,8,-0.7863028730976955,-0.07698549043638114
322,1550631600,117,56,0,173,8,-0.7863028730976955,-1.2922564466106834
322,1550646000,46,134,88,180,8,-0.44676664983408215,-1.2845578975670453
322,1550660400,592,1260,668,1852,8,1.791085730767006,0.5542955311419442
322,1550674800,671,1026,355,1697,8,0.5834171184771084,0.383827659461386
322,1550689200,1151,1122,0,2273,8,-0.7863028730976955,1.017308266480751
322,1550703600,716,626,0,1342,8,-0.7863028730976955,-0.0065987563231183835
322,1550718000,114,70,0,184,8,-0.7863028730976955,-1.2801587266849663
322,1550732400,49,143,94,192,8,-0.4236164527933812,-1.2713603849208086
322,1550746800,621,1343,722,1964,8,1.9994375041333143,0.6774723158401541
322,1550761200,706,1228,522,1934,8,1.227764269443284,0.6444785342245621
322,1550775600,1423,1298,0,2721,8,-0.7863028730976955,1.5100154052735901
322,1550790000,818,669,0,1487,8,-0.7863028730976955,0.15287118815224254
322,1550804400,171,63,0,234,8,-0.7863028730976955,-1.2251690906589798
322,1550818800,51,127,76,178,8,-0.49306704391548395,-1.2867574830080848
322,1550833200,581,1258,677,1839,8,1.8258110263280574,0.5399982257751877
322,1550847600,804,1327,523,2131,8,1.2316226356167341,0.8611377001669491
322,1550862000,1425,1549,124,2974,8,-0.30786546758987665,1.788262963565082
322,1550876400,906,686,0,1592,8,-0.7863028730976955,0.26834942380681426
322,1551510000,48,56,8,104,9,-0.6712529016997482,-1.2730871940032564
322,1551524400,177,541,364,718,9,1.3309267735525314,-0.4606340189600924
322,1551538800,724,951,227,1675,9,0.5604250445930868,0.8056814346495299
322,1551553200,1253,992,0,2245,9,-0.7162457033908106,1.5599132095267345
322,1551567600,751,538,0,1289,9,-0.7162457033908106,0.2949209695572476
322,1551582000,215,113,0,328,9,-0.7162457033908106,-0.9766873386129165
322,1551596400,41,53,12,94,9,-0.6487565008542169,-1.286319330404611
322,1551610800,146,349,203,495,9,0.42544663951989947,-0.7557106607102969
322,1551625200,686,1002,316,1688,9,1.0609699634061567,0.8228832119712908
322,1551639600,1091,829,0,1920,9,-0.7162457033908106,1.1298687764827142
322,1551654000,422,232,0,654,9,-0.7162457033908106,-0.545319691928761
322,1551668400,73,36,0,109,9,-0.7162457033908106,-1.2664711258025791
322,1551682800,45,121,76,166,9,-0.2888140873257172,-1.1910479483148588
322,1551697200,542,1127,585,1669,9,2.573852920268132,0.7977421528087173
322,1551711600,569,943,374,1512,9,1.3871677756663596,0.5899976113074522
322,1551726000,1212,1057,0,2269,9,-0.7162457033908106,1.5916703368899852
322,1551740400,667,522,0,1189,9,-0.7162457033908106,0.16259960554370295
322,1551754800,106,58,0,164,10,-0.7152698116794891,-1.221768172128615
322,1551769200,54,150,96,204,10,-0.28214643033018616,-1.1764939826830827
322,1551783600,649,1318,669,1967,10,2.303058752098466,0.8189659171287591
322,1551798000,597,963,366,1560,10,0.9360130797147285,0.35830103952046666
322,1551812400,1306,1081,0,2387,10,-0.7152698116794891,1.2943449063068497
322,1551826800,750,553,0,1303,10,-0.7152698116794891,0.06741437233292079
322,1551841200,137,37,0,174,10,-0.7152698116794891,-1.210449624767232
322,1551855600,56,138,82,194,10,-0.34531025677695953,-1.187812530044466
322,1551870000,681,1304,623,1985,10,2.095520465201925,0.8393393023792487
322,1551884400,657,1054,397,1711,10,1.075875838275441,0.5292111046773516
322,1551898800,1385,1242,0,2627,10,-0.7152698116794891,1.5659900429800442
322,1551913200,818,618,0,1436,10,-0.7152698116794891,0.21795105223931613
322,1551927600,141,96,0,237,10,-0.7152698116794891,-1.1391427763905184
322,1551942000,55,153,98,208,10,-0.2731230265520757,-1.1719665637385295
322,1551956400,641,1298,657,1939,10,2.248918329429803,0.7872739845168865
322,1551970800,740,1095,355,1835,10,0.8863843589351208,0.6695610919585021
322,1551985200,1358,1362,4,2720,10,-0.6972230041232682,1.6712525334409072
322,1551999600,844,614,0,1458,10,-0.7152698116794891,0.24285185643435897
322,1552014000,170,89,0,259,10,-0.7152698116794891,-1.1142419721954757
322,1552028400,51,159,108,210,10,-0.2280060076615233,-1.1697028542662529
322,1552042800,638,1316,678,1954,10,2.343664069099963,0.8042518055589611
322,1552057200,837,1207,370,2044,10,0.9540598872709494,0.9061187318114091
322,1552071600,1418,1481,63,2899,10,-0.43103259266900906,1.8738545312096648
322,1552086000,909,695,0,1604,10,-0.7152698116794891,0.40810264791055234
322,1552100400,285,123,0,408,10,-0.7152698116794891,-0.9455956165108673
322,1552114800,50,71,21,121,10,-0.6205240720093291,-1.2704379257825626
322,1552129200,224,508,284,732,10,0.5660535248121988,-0.5788746820020547
322,1552143600,787,1090,303,1877,10,0.6517758607042484,0.7170989908763112
322,1552158000,1534,1041,0,2575,10,-0.7152698116794891,1.5071335967008521
322,1552172400,846,500,0,1346,10,-0.7152698116794891,0.11608412598686815
322,1552190400,254,107,0,361,10,-0.7152698116794891,-0.998792789109368
322,1552204800,61,69,8,130,10,-0.6791761965670472,-1.2602512331573177
322,1552219200,155,407,252,562,10,0.4216790643624312,-0.7712899871455675
322,1552233600,630,653,23,1283,10,-0.6115006682312186,0.04477727761015458
322,1552248000,896,576,0,1472,10,-0.7152698116794891,0.2586978227402953
322,1552262400,312,154,0,466,10,-0.7152698116794891,-0.8799480418148453
322,1552276800,51,21,0,72,10,-0.7152698116794891,-1.3258988078533398
322,1552291200,179,292,113,471,10,-0.2054474982162471,-0.8742887681341538
322,1552305600,628,1234,606,1862,10,2.018821533087986,0.7001211698342366
322,1552320000,668,992,324,1660,10,0.7465216003744084,0.47148651313429774
322,1552334400,1362,1142,0,2504,10,-0.7152698116794891,1.426771910435032
322,1552348800,524,377,0,901,11,-0.7124697839530952,-0.4068699046849677
322,1552363200,52,43,0,95,11,-0.7124697839530952,-1.290797514324008
322,1552377600,182,296,114,478,11,-0.25877842531931144,-0.8707673970885831
322,1552392000,657,1295,638,1952,11,1.8266099248921157,0.7457453778592399
322,1552406400,796,935,139,1731,11,-0.15928470632067468,0.503378130054987
322,1552420800,1409,1198,0,2607,11,-0.7124697839530952,1.4640736462383608
322,1552435200,594,426,0,1020,11,-0.7124697839530952,-0.2763644635596007
322,1552449600,62,41,0,103,11,-0.7124697839530952,-1.28202403929037
322,1552464000,167,326,159,493,11,-0.07968973112176525,-0.8543171314005117
322,1552478400,683,1432,749,2115,11,2.268362037246063,0.9245049316696166
322,1552492800,778,1105,327,1883,11,0.588908060549074,0.6700741556941112
322,1552507200,1473,1473,0,2946,11,-0.7124697839530952,1.835849650788776
322,1552521600,656,417,0,1073,11,-0.7124697839530952,-0.21824019146174817
322,1552536000,59,41,0,100,11,-0.7124697839530952,-1.2853140924279842
322,1552550400,163,299,136,462,11,-0.1712239526005111,-0.8883143471558593
322,1552564800,659,1533,874,2192,11,2.765830632239247,1.0089496288683835
322,1552579200,831,1171,340,2002,11,0.6406447944283651,0.8005795968194782
322,1552593600,1306,1309,3,2615,11,-0.7005305376732588,1.472847121271999
322,1552608000,610,406,0,1016,11,-0.7124697839530952,-0.28075120107641977
322,1552622400,90,49,0,139,11,-0.7124697839530952,-1.2425434016389982
322,1552636800,133,335,202,468,11,0.09143946555589003,-0.8817342408806308
322,1552651200,654,1474,820,2128,11,2.5509241992021914,0.9387618285992785
322,1552665600,980,1275,295,2255,11,0.4615561002308189,1.0780407447582836
322,1552680000,1444,1638,194,3082,11,0.05960147547632625,1.984998726360624
322,1552694400,676,468,0,1144,11,-0.7124697839530952,-0.14037560053820988
322,1552708800,130,69,0,199,11,-0.7124697839530952,-1.1767423388867124
322,1552723200,52,133,81,185,11,-0.390110134397512,-1.1920959201955792
322,1552737600,336,718,382,1054,11,0.8077942423460749,-0.23907719466663868
322,1552752000,952,1227,275,2179,11,0.38196112503190943,0.9946927319387215
322,1552766400,1392,1011,0,2403,11,-0.7124697839530952,1.2403500328805888
322,1552780800,631,391,0,1022,11,-0.7124697839530952,-0.2741710948011912
322,1552795200,130,91,0,221,11,-0.7124697839530952,-1.1526152825442075
322,1552809600,42,77,35,119,11,-0.5731785773550038,-1.2644770892230937
322,1552824000,194,497,303,691,11,0.49339409031038267,-0.6371736243179682
322,1552838400,630,966,336,1596,11,0.6247257993885832,0.35532573886234375
322,1552852800,871,671,0,1542,11,-0.7124697839530952,0.2961047823852864
322,1552867200,333,201,0,534,11,-0.7124697839530952,-0.8093530718531163
322,1552881600,45,31,0,76,11,-0.7124697839530952,-1.3116345175288986
322,1552896000,158,313,155,471,11,-0.09560872616154714,-0.8784441877430165
322,1552910400,569,1373,804,1942,11,2.487248219043064,0.7347785340671923
322,1552924800,797,955,158,1752,11,-0.08366947988171072,0.526408502018287
322,1552939200,1315,1123,0,2438,11,-0.7124697839530952,1.2787339861527556
322,1552953600,489,290,0,779,12,-0.7705322150887289,-0.5594334516258247
322,1552968000,61,37,0,98,12,-0.7705322150887289,-1.3142292242283926
322,1552982400,177,275,98,452,12,-0.3572522310771042,-0.9218684261354279
322,1552996800,629,1354,725,1983,12,2.2868962380584947,0.7750366074248242
322,1553011200,760,1139,379,1899,12,0.8277648659358198,0.6819340451654766
322,1553025600,1365,1263,0,2628,12,-0.7705322150887289,1.4899312819162431
322,1553040000,568,364,0,932,12,-0.7705322150887289,-0.38985378465344156
322,1553054400,63,31,0,94,12,-0.7705322150887289,-1.318662679574076
322,1553068800,163,355,192,518,12,0.03915918215853584,-0.8487164129316547
322,1553083200,657,1315,658,1972,12,2.0043476775607516,0.7628446052241953
322,1553097600,798,1124,326,1922,12,0.6042563031540227,0.707426413403155
322,1553112000,1312,1412,100,2724,12,-0.3488179456891119,1.5963342102126405
322,1553126400,592,359,0,951,12,-0.7705322150887289,-0.36879487176144626
322,1553140800,71,35,0,106,12,-0.7705322150887289,-1.3053623135370263
322,1553155200,147,316,169,463,12,-0.05783509980337609,-0.909676423934799
322,1553169600,716,1402,686,2118,12,2.1224276729926443,0.9246657253416328
322,1553184000,803,1095,292,1898,12,0.4608734515581529,0.6808256813290557
322,1553198400,1328,1390,62,2718,12,-0.5090693680609664,1.5896840271941157
322,1553212800,617,340,0,957,12,-0.7705322150887289,-0.36214468874292144
322,1553227200,68,38,0,106,12,-0.7705322150887289,-1.3053623135370263
322,1553241600,132,361,229,493,12,0.19519346183639416,-0.8764255088421748
322,1553256000,619,1389,770,2008,12,2.476667659288322,0.8027457033353443
322,1553270400,878,1284,406,2162,12,0.9416277186737164,0.9734337341441482
322,1553284800,1434,1538,104,2972,12,-0.3319493749131272,1.871208441645
322,1553299200,745,517,0,1262,12,-0.7705322150887289,-0.024093718634576003
322,1553313600,159,79,0,238,12,-0.7705322150887289,-1.15905828712948
322,1553328000,62,118,56,180,12,-0.5343722242249433,-1.2233433896418866
322,1553342400,309,811,502,1120,12,1.3464734172973487,-0.18148138340633027
322,1553356800,992,1235,243,2227,12,0.25423345955234056,1.0454773835115005
322,1553371200,1338,1032,0,2370,12,-0.7705322150887289,1.2039734121196757
322,1553385600,663,474,0,1137,12,-0.7705322150887289,-0.1626391981871766
322,1553400000,126,58,0,184,12,-0.7705322150887289,-1.2189099342962035
322,1553414400,46,69,23,115,12,-0.673537933126817,-1.295387039009239
322,1553428800,229,635,406,864,12,0.9416277186737164,-0.4652225255300563
322,1553443200,901,1027,126,1928,12,-0.23917223564521142,0.7140765964216799
322,1553457600,1268,804,0,2072,12,-0.7705322150887289,0.8736809888662758
322,1553472000,430,219,0,649,12,-0.7705322150887289,-0.7035207503605293
322,1553486400,50,38,0,88,12,-0.7705322150887289,-1.3253128625926007
322,1553500800,173,333,160,506,12,-0.09578938404934163,-0.8620167789687043
322,1553515200,600,1311,711,1911,12,2.227856240342548,0.6952344112025263
322,1553529600,719,970,251,1689,12,0.2879706011043099,0.4491776395171076
322,1553544000,1294,1130,0,2424,12,-0.7705322150887289,1.263825059286399
322,1553558400,500,341,0,841,13,-0.6771793337585148,-0.5329667036906294
322,1553572800,43,38,0,81,13,-0.6771793337585148,-1.3299449282668916
322,1553587200,174,330,156,504,13,-0.013075308195606759,-0.8863636269566826
322,1553601600,661,1367,706,2028,13,2.3283170896223386,0.7117874444304538
322,1553616000,789,987,198,1776,13,0.1657219294559454,0.4475262436499037
322,1553630400,1399,1268,0,2667,13,-0.6771793337585148,1.3818783464097057
322,1553644800,627,427,0,1054,13,-0.6771793337585148,-0.3096030696975454
322,1553659200,74,41,0,115,13,-0.6771793337585148,-1.2942906392726905
322,1553673600,157,340,183,497,13,0.10186577315181963,-0.8937042158672533
322,1553688000,700,1464,764,2164,13,2.575227560664958,0.8544046004072586
322,1553702400,812,1123,311,1935,13,0.6467716402803596,0.6142624774757269
322,1553716800,1695,1720,25,3415,13,-0.5707524065849718,2.166272704282132
322,1553731200,639,404,0,1043,13,-0.6771793337585148,-0.32113828084272816
322,1553745600,64,39,0,103,13,-0.6771793337585148,-1.306874505976526
322,1553760000,170,351,181,521,13,0.0933516189779362,-0.8685364824595819
322,1553774400,818,1427,609,2245,13,1.9153806121889918,0.9393457006581497
322,1553788800,943,1062,119,2005,13,-0.17058716041245034,0.6876683665814354
322,1553803200,1736,1266,0,3002,13,-0.6771793337585148,1.733177958558453
322,1553817600,790,445,0,1235,13,-0.6771793337585148,-0.11979641358135665
322,1553832000,82,75,0,157,13,-0.6771793337585148,-1.2502471058092655
322,1553846400,164,288,124,452,13,-0.14930177497774175,-0.9408937160066373
322,1553860800,754,1430,676,2184,13,2.200604777014087,0.8753777115803182
322,1553875200,1109,1252,143,2361,13,-0.06841731032584909,1.060989745461895
322,1553889600,1530,1422,0,2952,13,-0.6771793337585148,1.6807451806258042
322,1553904000,720,495,0,1215,13,-0.6771793337585148,-0.14076952475441618
322,1553918400,203,71,0,274,13,-0.6771793337585148,-1.1275544054468671
322,1553932800,57,162,105,219,13,-0.2301862396296344,-1.1852304611727809
322,1553947200,303,798,495,1101,13,1.4300738242776359,-0.2603162584408555
322,1553961600,1042,1174,132,2216,13,-0.115245158282208,0.9089346894572133
322,1553976000,1498,1091,0,2589,13,-0.6771793337585148,1.3000832128347737
322,1553990400,828,505,0,1333,13,-0.6771793337585148,-0.017028168833364943
322,1554004800,215,100,0,315,13,-0.6771793337585148,-1.0845595275420952
322,1554019200,48,83,35,131,13,-0.5281816357155547,-1.2775121503342428
322,1554033600,267,665,398,932,13,1.017137346844289,-0.4375390478532086
322,1554048000,879,991,112,1870,13,-0.20038670002104236,0.5460998661632834
322,1554062400,967,752,0,1719,13,-0.6771793337585148,0.387752876806684
322,1554076800,397,201,0,598,13,-0.6771793337585148,-0.7877900044433027
322,1554091200,61,28,0,89,13,-0.6771793337585148,-1.3215556837976679
322,1554105600,176,306,130,482,13,-0.12375931245609144,-0.9094340492470481
322,1554120000,583,1395,812,1978,13,2.7795672608381605,0.6593546664978049
322,1554134400,733,1000,267,1733,13,0.459460248454924,0.40243405462782567
322,1554148800,1356,1181,0,2537,13,-0.6771793337585148,1.245553123784819
322,1554163200,549,326,0,875,14,-0.6848814101761167,-0.49196476320523974
322,1554177600,60,33,0,93,14,-0.6848814101761167,-1.36665164041592
322,1554192000,165,320,155,485,14,-0.05326532004344644,-0.9281896763921519
322,1554206400,660,1358,698,2018,14,2.159428466679392,0.7865097900579412
322,1554220800,786,971,185,1757,14,0.06898295546610264,0.4945746558482385
322,1554235200,1391,1351,0,2742,14,-0.6848814101761167,1.5963221929997986
322,1554249600,646,391,0,1037,14,-0.6848814101761167,-0.310763645419907
322,1554264000,74,38,0,112,14,-0.6848814101761167,-1.3453996574657883
322,1554278400,174,355,181,529,14,0.05268318539816277,-0.8789745579813207
322,1554292800,658,1409,751,2067,14,2.3754004200795955,0.8413175355609123
322,1554307200,822,1076,254,1898,14,0.35015398913806556,0.6522867398465837
322,1554321600,1352,1228,0,2580,14,-0.6848814101761167,1.4151210752144658
322,1554336000,675,375,0,1050,14,-0.6848814101761167,-0.29622281498034325
322,1554350400,78,40,0,118,14,-0.6848814101761167,-1.3386885049552204
322,1554364800,177,300,123,477,14,-0.18366348058696547,-0.9371378797395757
322,1554379200,602,1466,864,2068,14,2.835868924498897,0.8424360609793402
322,1554393600,871,1053,182,1924,14,0.05675812791514774,0.6813684007257111
322,1554408000,1484,1305,0,2789,14,-0.6848814101761167,1.6488928876659137
322,1554422400,686,447,0,1133,14,-0.6848814101761167,-0.2033852052508209
322,1554436800,98,54,0,152,14,-0.6848814101761167,-1.300658640728669
322,1554451200,158,313,155,471,14,-0.05326532004344644,-0.9438490322501436
322,1554465600,693,1438,745,2131,14,2.3509507649776857,0.912903162340303
322,1554480000,977,1240,263,2217,14,0.3868284717909303,1.0090963483251092
322,1554494400,1410,1347,0,2757,14,-0.6848814101761167,1.6131000742762183
322,1554508800,705,482,0,1187,14,-0.6848814101761167,-0.14298483265571
322,1554523200,159,74,0,233,14,-0.6848814101761167,-1.2100580818360027
322,1554537600,48,177,129,225,14,-0.15921382548505564,-1.2190062851834267
322,1554552000,367,979,612,1346,14,1.8089834102186848,0.03486070887433879
322,1554566400,1015,1246,231,2261,14,0.2564303112474112,1.0583114667359403
322,1554580800,1443,1204,0,2647,14,-0.6848814101761167,1.4900622782491406
322,1554595200,724,529,0,1253,14,-0.6848814101761167,-0.06916215503946334
322,1554609600,211,108,0,319,14,-0.6848814101761167,-1.1138648958511965
322,1554624000,56,96,40,152,14,-0.5218837094967179,-1.300658640728669
322,1554638400,270,676,406,946,14,0.9695452517197809,-0.41254945849685315
322,1554652800,904,1132,228,2036,14,0.24420548369645634,0.8066432475896449
322,1554667200,1102,828,0,1930,14,-0.6848814101761167,0.688079553236279
322,1554681600,410,227,0,637,14,-0.6848814101761167,-0.758173812791099
322,1554696000,58,38,0,96,14,-0.6848814101761167,-1.363296064160636
322,1554710400,167,306,139,473,14,-0.11846440031520594,-0.9416119814132876
322,1554724800,653,1263,610,1916,14,1.8008335251847147,0.6724201973782873
322,1554739200,760,868,108,1628,14,-0.24478761834174,0.3502848768710291
322,1554753600,1294,1164,0,2458,14,-0.6848814101761167,1.2786609741662525
322,1554768000,643,361,0,1004,15,-0.7086081524004963,-0.350312775859863
322,1554782400,64,48,0,112,15,-0.7086081524004963,-1.3160315275017984
322,1554796800,175,265,90,440,15,-0.33219741377291395,-0.96092418384871
322,1554811200,651,1294,643,1945,15,1.9806374580165644,0.6684555484619545
322,1554825600,882,965,83,1847,15,-0.36147380455505923,0.5623564031021904
322,1554840000,1426,1279,0,2705,15,-0.7086081524004963,1.49126524717033
322,1554854400,569,358,0,927,15,-0.7086081524004963,-0.43367639007110625
322,1554868800,63,14,0,77,15,-0.7086081524004963,-1.353924079416
322,1554883200,168,349,181,517,15,0.04839566639497493,-0.8775605696374668
322,1554897600,667,1448,781,2115,15,2.5578005905788577,0.8525050863309332
322,1554912000,814,1004,190,1818,15,0.08603674025773317,0.5309597172304233
322,1554926400,1388,1397,9,2785,15,-0.6709670785377381,1.5778767944027905
322,1554940800,645,474,0,1119,15,-0.7086081524004963,-0.2258086767132009
322,1554955200,76,56,0,132,15,-0.7086081524004963,-1.2943786406936832
322,1554969600,172,345,173,517,15,0.014936934072523162,-0.8775605696374668
322,1554984000,669,1453,784,2122,15,2.570347615199777,0.8600835967137735
322,1554998400,911,1108,197,2019,15,0.11531313103987846,0.7485712296519805
322,1555012800,1454,1295,0,2749,15,-0.7086081524004963,1.5389015981481833
322,1555027200,690,462,0,1152,15,-0.7086081524004963,-0.1900814134798109
322,1555041600,76,19,0,95,15,-0.7086081524004963,-1.3344364812886962
322,1555056000,154,307,153,461,15,-0.06870989673360627,-0.9381886527001891
322,1555070400,682,1433,751,2115,15,2.4323303443696633,0.8525050863309332
322,1555084800,987,1177,190,2164,15,0.08603674025773317,0.9055546590108153
322,1555099200,1569,1519,0,3088,15,-0.7086081524004963,1.905918029545735
322,1555113600,696,524,0,1220,15,-0.7086081524004963,-0.11646159833221942
322,1555128000,170,59,0,229,15,-0.7086081524004963,-1.1893621396743248
322,1555142400,5,158,153,163,15,-0.06870989673360627,-1.2608166661411047
322,1555156800,367,814,447,1181,15,1.1608985161164962,-0.15868472760804395
322,1555171200,927,1312,385,2239,15,0.9015933406174951,0.9867529845412472
322,1555185600,1308,1194,0,2502,15,-0.7086081524004963,1.2714884460679614
322,1555200000,737,542,0,1279,15,-0.7086081524004963,-0.05258558224827974
322,1555214400,196,115,0,311,15,-0.7086081524004963,-1.1005853037610527
322,1555228800,46,91,45,137,15,-0.5204027830867052,-1.2889654189916544
322,1555243200,246,658,412,904,15,1.0145165622057697,-0.4585772099004387
322,1555257600,861,1181,320,2042,15,0.6297411404975745,0.773472049481313
322,1555272000,1037,748,0,1785,15,-0.7086081524004963,0.4952324539970334
322,1555286400,397,195,0,592,15,-0.7086081524004963,-0.7963622441070349
322,1555300800,51,20,0,71,15,-0.7086081524004963,-1.3604199454584345
322,1555315200,165,343,178,508,15,0.035848641774055515,-0.8873043687011185
322,1555329600,656,1309,653,1965,15,2.022460873419629,0.6901084352700697
322,1555344000,805,1103,298,1908,15,0.537729626610832,0.6283977078669415
322,1555358400,1436,1261,0,2697,15,-0.7086081524004963,1.482604092447084
322,1555372800,486,319,0,805,16,-0.6936998050795823,-0.5653186728171105
322,1555387200,62,44,0,106,16,-0.6936998050795823,-1.2952577851258904
322,1555401600,174,305,131,479,16,-0.17771544283166263,-0.9057480728352253
322,1555416000,692,1397,705,2089,16,2.0831626024378482,0.7755136879904337
322,1555430400,925,1080,155,2005,16,-0.0831839566183033,0.6877956830777906
322,1555444800,1511,1270,0,2781,16,-0.6936998050795823,1.4981429665564934
322,1555459200,651,455,0,1106,16,-0.6936998050795823,-0.25099582188013947
322,1555473600,63,36,0,99,16,-0.6936998050795823,-1.3025676188686106
322,1555488000,175,323,148,498,16,-0.11075564009719978,-0.8859070955335561
322,1555502400,728,1506,778,2234,16,2.370695873003483,0.9269316726610676
322,1555516800,871,1051,180,1922,16,0.015286341520612664,0.6011219401283933
322,1555531200,1517,1415,0,2932,16,-0.6936998050795823,1.6558265230066018
322,1555545600,642,404,0,1046,16,-0.6936998050795823,-0.3136515396748845
322,1555560000,66,49,0,115,16,-0.6936998050795823,-1.2858594274566786
322,1555574400,149,363,214,512,16,0.14920594698953837,-0.8712874280481155
322,1555588800,707,1537,830,2244,16,2.575514093132428,0.9373742922935251
322,1555603200,1002,1342,340,2344,16,0.6454962496096749,1.0418004886181003
322,1555617600,1611,1556,0,3167,16,-0.6936998050795823,1.9012280843693532
322,1555632000,791,463,0,1254,16,-0.6936998050795823,-0.09644505131976831
322,1555646400,112,57,0,169,16,-0.6936998050795823,-1.229469281441408
322,1555660800,93,327,234,420,16,0.22798218550067115,-0.9673595286667246
322,1555675200,598,1512,914,2110,16,2.9063742948791855,0.7974431892185945
322,1555689600,1222,1470,248,2692,16,0.2831255524584641,1.4052036518276214
322,1555704000,1600,1246,0,2846,16,-0.6936998050795823,1.566019994167467
322,1555718400,681,565,0,1246,16,-0.6936998050795823,-0.10479914702573433
322,1555732800,147,69,0,216,16,-0.6936998050795823,-1.1803889691688578
322,1555747200,47,152,105,199,16,-0.28012455289613525,-1.1981414225440354
322,1555761600,329,759,430,1088,16,0.9999893229097724,-0.26979253721856294
322,1555776000,944,1152,208,2096,16,0.12557307543619856,0.782823521733154
322,1555790400,1199,1090,0,2289,16,-0.6936998050795823,0.9843660806395839
322,1555804800,674,446,0,1120,16,-0.6936998050795823,-0.23637615439469895
322,1555819200,143,99,0,242,16,-0.6936998050795823,-1.1532381581244682
322,1555833600,49,89,40,138,16,-0.5361473280573168,-1.2618414023020263
322,1555848000,283,541,258,824,16,0.3225136717140305,-0.5454776955154412
322,1555862400,639,946,307,1585,16,0.5155154560663058,0.24920565851457524
322,1555876800,907,734,0,1641,16,-0.6936998050795823,0.3076843284563373
322,1555891200,421,257,0,678,16,-0.6936998050795823,-0.6979399421493209
322,1555905600,51,29,0,80,16,-0.6936998050795823,-1.3224085961702798
322,1555920000,139,337,198,476,16,0.08618495618063216,-0.9088808587249625
322,1555934400,617,1322,705,1939,16,2.0831626024378482,0.6188743935035711
322,1555948800,915,1184,269,2099,16,0.3658406028951535,0.7859563076228913
322,1555963200,1443,1173,0,2616,16,-0.6936998050795823,1.3258397426209445
322,1555977600,507,371,0,878,17,-0.6821612875852503,-0.4294238425227214
322,1555992000,67,51,0,118,17,-0.6821612875852503,-1.255803018923766
322,1556006400,168,343,175,511,17,0.004379261977275922,-0.8284779974426995
322,1556020800,640,1453,813,2093,17,2.507309951239514,0.8916954986973693
322,1556035200,873,1101,228,1974,17,0.2123029712733553,0.762301917129311
322,1556049600,1438,1231,0,2669,17,-0.6821612875852503,1.5180039271276344
322,1556064000,579,377,0,956,17,-0.6821612875852503,-0.3446112428394563
322,1556078400,73,53,0,126,17,-0.6821612875852503,-1.2471042907511232
322,1556092800,164,327,163,491,17,-0.04269780427844016,-0.8502248178743058
322,1556107200,707,1506,799,2213,17,2.452386707274512,1.022176421287008
322,1556121600,891,1133,242,2024,17,0.2672262152383574,0.8166689682083271
322,1556136000,1451,1316,0,2767,17,-0.6821612875852503,1.624563347242506
322,1556150400,730,414,0,1144,17,-0.6821612875852503,-0.1401911307823559
322,1556164800,84,38,0,122,17,-0.6821612875852503,-1.2514536548374444
322,1556179200,133,371,238,504,17,0.2515338598197854,-0.8360893845937617
322,1556193600,675,1527,852,2202,17,2.6603104165705913,1.0102156700496243
322,1556208000,940,1224,284,2164,17,0.4319959471333637,0.9688967112295721
322,1556222400,1578,1334,0,2912,17,-0.6821612875852503,1.7822277953716525
322,1556236800,732,383,0,1115,17,-0.6821612875852503,-0.1717240204081852
322,1556251200,82,64,0,146,17,-0.6821612875852503,-1.225357470319517
322,1556265600,140,334,194,474,17,0.07891795021549305,-0.8687096152411713
322,1556280000,655,1506,851,2161,17,2.6563873277159487,0.9656346881648311
322,1556294400,932,1207,275,2139,17,0.3966881474415766,0.941713185690064
322,1556308800,1413,1567,154,2980,17,-0.07800560397022722,1.8561669848391145
322,1556323200,629,410,0,1039,17,-0.6821612875852503,-0.25436193804828966
322,1556337600,134,76,0,210,17,-0.6821612875852503,-1.1557676449383762
322,1556352000,52,178,126,230,17,-0.18785209190023142,-1.1340208245067698
322,1556366400,334,701,367,1035,17,0.7576123220687333,-0.25871130213461097
322,1556380800,1010,1250,240,2260,17,0.25938003752907135,1.073281449301283
322,1556395200,1218,1015,0,2233,17,-0.6821612875852503,1.0439232417186142
322,1556409600,679,404,0,1083,17,-0.6821612875852503,-0.20651893309875552
322,1556424000,155,89,0,244,17,-0.6821612875852503,-1.1187980502046453
322,1556438400,61,75,14,136,17,-0.6272380436202482,-1.23623088053532
322,1556452800,225,533,308,758,17,0.5261500796447959,-0.55990476511236
322,1556467200,739,902,163,1641,17,-0.04269780427844016,0.40021735694306393
322,1556481600,941,743,0,1684,17,-0.6821612875852503,0.44697302087101776
322,1556496000,375,233,0,608,17,-0.6821612875852503,-0.7230059183494082
322,1556510400,50,29,0,79,17,-0.6821612875852503,-1.2982093187653982
322,1556524800,195,291,96,486,17,-0.30554475753952165,-0.8556615229822074
322,1556526958,124,33,0,157,17,-0.6821612875852503,-1.2133967190821333
322,1556539200,518,1251,733,1769,17,2.193462842868074,0.539397007705345
322,1556553600,780,942,162,1722,17,-0.046620893133083166,0.48829197969106997
322,1556568000,1361,1118,0,2479,17,-0.6821612875852503,1.3114091330273734
322,1556582400,617,320,0,937,18,-0.5766378621801653,-0.2550607373274795
322,1556596800,447,51,0,498,18,-0.5766378621801653,-0.7238065821700269
322,1556611200,216,348,132,564,18,-0.15956280569916903,-0.6533345417153387
322,1556625600,950,1306,356,2256,18,0.5482009265110065,1.1533123135775774
322,1556640000,819,960,141,1779,18,-0.1311258700300102,0.6439916575641489
322,1556654400,1375,1174,0,2549,18,-0.5766378621801653,1.4661654628688447
322,1556668800,578,359,0,937,18,-0.5766378621801653,-0.2550607373274795
322,1556683200,61,41,0,102,18,-0.5766378621801653,-1.146638824898156
322,1556697600,170,381,211,551,18,0.09005029628566964,-0.6672153981685348
322,1556712000,694,1353,659,2047,18,1.5055777607060206,0.9301508521377314
322,1556723217,649,183,0,832,18,-0.5766378621801653,-0.3671753471417562
322,1556723297,3,0,0,3,18,-0.5766378621801653,-1.2523468855801885
322,1556723377,7,0,0,7,18,-0.5766378621801653,-1.2480758528253588
322,1556726400,254,1503,1249,1757,18,3.369776876795322,0.6205009774125861
322,1556740800,1425,1300,0,2725,18,-0.5766378621801653,1.6540909040813467
322,1556755200,645,384,0,1029,18,-0.5766378621801653,-0.15682698396639896
322,1556769600,65,61,0,126,18,-0.5766378621801653,-1.1210126283691786
322,1556784000,159,281,122,440,18,-0.1911594008871233,-0.7857365571150559
322,1556790367,377,104,0,481,18,-0.5766378621801653,-0.7419584713780526
322,1556798400,331,1461,1130,1792,18,2.9937773940586663,0.6578725140173451
322,1556812800,870,1027,157,1897,18,-0.08057131772928337,0.7699871238316218
322,1556827200,1386,1444,58,2830,18,-0.3933776100900306,1.7662055138956234
322,1556841600,723,426,0,1149,18,-0.5766378621801653,-0.0286960013215113
322,1556856000,84,49,0,133,18,-0.5766378621801653,-1.1135383210482268
322,1556870400,160,363,203,523,18,0.06477302013530624,-0.6971126274523419
322,1556878295,408,159,0,567,18,-0.5766378621801653,-0.6501312671492164
322,1556878378,4,0,0,4,18,-0.5766378621801653,-1.2512791273914812
322,1556884800,279,1449,1170,1728,18,3.1201637748104836,0.5895359899400717
322,1556899200,736,1246,510,1982,18,1.0347884924055022,0.8607465698717506
322,1556913600,2485,1594,0,4079,18,-0.5766378621801653,3.0998354915911626
322,1556928000,665,478,0,1143,18,-0.5766378621801653,-0.03510255045375568
322,1556942400,87,86,0,173,18,-0.5766378621801653,-1.070827993499931
322,1556956800,46,152,106,198,18,-0.2417139531878501,-1.044134038782246
322,1556971200,328,853,525,1181,18,1.0821833851874334,0.005472260717125411
322,1556985600,843,1241,398,2084,18,0.6809066263004143,0.969657905119905
322,1557000000,1183,1091,0,2274,18,-0.5766378621801653,1.1725319609743106
322,1557014400,675,479,0,1154,18,-0.5766378621801653,-0.023357210377974315
322,1557028800,139,74,0,213,18,-0.5766378621801653,-1.0281176659516351
322,1557043200,54,112,58,166,18,-0.3933776100900306,-1.0783023008208827
322,1557057600,247,591,344,838,18,0.5102850122854613,-0.36076879800951184
322,1557072000,778,959,181,1737,18,-0.004739489278193139,0.5991458136384382
322,1557086400,779,740,0,1519,18,-0.5766378621801653,0.36637452850022567
322,1557100800,305,235,0,540,18,-0.5766378621801653,-0.6789607382443162
322,1557115200,40,25,0,65,18,-0.5766378621801653,-1.1861458778803298
322,1557129600,174,338,164,512,18,-0.05845370109771539,-0.7088579675281234
322,1557144000,649,1404,755,2053,18,1.8089050745103816,0.9365574012699758
322,1557158400,848,979,131,1827,18,-0.16272246521796446,0.695244050622104
322,1557172800,1383,1078,0,2461,18,-0.5766378621801653,1.3722027422625938
322,1557187200,504,352,0,856,19,-0.6773274329427708,-0.42380428232789263
322,1557201600,50,57,7,107,19,-0.6483624489012908,-1.2795739153897612
322,1557216000,168,325,157,493,19,-0.02768421944100639,-0.8385497787250332
322,1557230400,621,1364,743,1985,19,2.397098730317172,0.8661341899375942
322,1557244800,839,1017,178,1856,19,0.05921073268343342,0.7187452945237343
322,1557259200,1360,1289,0,2649,19,-0.6773274329427708,1.6247871089670745
322,1557273600,612,376,0,988,19,-0.6773274329427708,-0.2729877381834779
322,1557288000,61,32,0,93,19,-0.6773274329427708,-1.2955696094656841
322,1557302400,183,312,129,495,19,-0.14354415560692615,-0.83626467957133
322,1557316800,665,1425,760,2090,19,2.467442262989337,0.986101895507015
322,1557331200,853,1076,223,1929,19,0.24541420152151874,0.8021514136339031
322,1557345600,1348,1438,90,2786,19,-0.3049204952666001,1.7813164009957474
322,1557360000,636,398,0,1034,19,-0.6773274329427708,-0.22043045764830307
322,1557374400,63,39,0,102,19,-0.6773274329427708,-1.2852866632740194
322,1557388800,175,331,156,506,19,-0.03182207430407495,-0.8236966342259621
322,1557403200,668,1454,786,2122,19,2.5750264894291197,1.022663481966267
322,1557417600,875,1192,317,2067,19,0.6343725586499637,0.9598232552394276
322,1557432000,1388,1358,0,2746,19,-0.6773274329427708,1.7356144179216824
322,1557446400,647,428,0,1075,19,-0.6773274329427708,-0.17358592499738634
322,1557460800,92,28,0,120,19,-0.6773274329427708,-1.26472077089069
322,1557475200,168,309,141,477,19,-0.0938898972501034,-0.8568305719546593
322,1557489600,636,1377,741,2013,19,2.3888230205910346,0.8981255780894397
322,1557504000,961,995,34,1956,19,-0.5366403675984396,0.833000252208897
322,1557518400,1417,1325,0,2742,19,-0.6773274329427708,1.7310442196142757
322,1557532800,635,493,0,1128,19,-0.6773274329427708,-0.11303079742425012
322,1557547200,124,66,0,190,19,-0.6773274329427708,-1.1847423005110762
322,1557561600,51,137,86,188,19,-0.3214719147188743,-1.1870273996647795
322,1557576000,337,771,434,1108,19,1.1185015776289855,-0.13588178896128267
322,1557590400,819,1135,316,1954,19,0.6302347037868951,0.8307151530551937
322,1557604800,1149,869,0,2018,19,-0.6773274329427708,0.9038383259736978
322,1557619200,583,354,0,937,19,-0.6773274329427708,-0.3312577666029109
322,1557633600,115,68,0,183,19,-0.6773274329427708,-1.1927401475490376
322,1557648000,46,87,41,133,19,-0.5076753835569596,-1.2498676263916189
322,1557662400,213,465,252,678,19,0.36541199255050705,-0.6271781070074822
322,1557676800,619,745,126,1364,19,-0.15595772019613183,0.15661090271273384
322,1557691200,641,526,0,1167,19,-0.6773274329427708,-0.06847136392703668
322,1557705600,309,213,0,522,19,-0.6773274329427708,-0.8054158409963361
322,1557720000,34,26,0,60,19,-0.6773274329427708,-1.3332737455017878
322,1557734400,165,313,148,478,19,-0.06492491320862345,-0.8556880223778076
322,1557748800,631,1388,757,2019,19,2.4550286984001315,0.9049808755505495
322,1557763200,742,896,154,1638,19,-0.04009778403021208,0.46966948677007964
322,1557777600,1190,1289,99,2479,19,-0.267679801498983,1.4305536809022978
322,1557792000,453,312,0,765,20,-0.7502777335718332,-0.6239500482823883
322,1557806400,53,38,0,91,20,-0.7502777335718332,-1.3362162780903506
322,1557820800,181,346,165,527,20,-0.1343051362903732,-0.8754624558406895
322,1557835200,629,1255,626,1884,20,1.5866849688414637,0.558580977170297
322,1557849600,823,235,0,1058,20,-0.7502777335718332,-0.3143150255320426
322,1557864000,1444,2270,826,3714,20,2.333318420091718,2.492478900832865
322,1557878400,552,397,0,949,20,-0.7502777335718332,-0.4295034810944579
322,1557892800,67,37,0,104,20,-0.7502777335718332,-1.3224782054085946
322,1557907200,199,364,165,563,20,-0.1343051362903732,-0.8374185622604422
322,1557921600,661,1400,739,2061,20,2.0085328687978574,0.7456301206065126
322,1557936000,787,1030,243,1817,20,0.1568819096972261,0.4877770641181702
322,1557950400,1388,1249,0,2637,20,-0.7502777335718332,1.3543324178904685
322,1557964800,719,422,0,1141,20,-0.7502777335718332,-0.22660271533313925
322,1557979200,77,63,0,140,20,-0.7502777335718332,-1.2844343118283474
322,1557993600,196,375,179,571,20,-0.08204079470285537,-0.828964363687054
322,1558008000,665,1446,781,2111,20,2.165325893560411,0.7984688616901894
322,1558022400,883,1216,333,2099,20,0.49286696275984065,0.785787563830107
322,1558036800,1406,1395,0,2801,20,-0.7502777335718332,1.5276434886449282
322,1558051200,786,467,0,1253,20,-0.7502777335718332,-0.10824393530570336
322,1558065600,93,64,0,157,20,-0.7502777335718332,-1.2664691398598973
322,1558080000,177,339,162,516,20,-0.14550463805912703,-0.8870869788790984
322,1558094400,654,1361,707,2015,20,1.8890715165978167,0.69701847880953
322,1558108800,984,1070,86,2054,20,-0.42922534953422375,0.7382326968547979
322,1558123200,1473,1245,0,2718,20,-0.7502777335718332,1.439931178446025
322,1558137600,735,614,0,1349,20,-0.7502777335718332,-0.006793552425044048
322,1558152000,180,127,0,307,20,-0.7502777335718332,-1.107952916608867
322,1558166400,62,174,112,236,20,-0.33216300087169065,-1.182983928947688
322,1558180800,377,968,591,1345,20,1.4560241148726691,-0.011020651711738187
322,1558195200,949,1490,541,2439,20,1.2693657520601054,1.1450910031991086
322,1558209600,1225,1380,155,2605,20,-0.17163680885288593,1.3205156235969153
322,1558224000,795,550,0,1345,20,-0.7502777335718332,-0.011020651711738187
322,1558238400,175,75,0,250,20,-0.7502777335718332,-1.1681890814442586
322,1558252800,56,124,68,180,20,-0.4964223601467467,-1.242163318961406
322,1558267200,278,746,468,1024,20,0.9968445423537625,-0.3502453694689428
322,1558281600,933,1336,403,2269,20,0.7541886706974298,0.9654392835146078
322,1558296000,1009,935,0,1944,20,-0.7502777335718332,0.621987466470709
322,1558310400,438,248,0,686,20,-0.7502777335718332,-0.7074352591945975
322,1558324800,43,46,3,89,20,-0.7390782318030794,-1.3383298277336977
322,1558339200,169,359,190,528,20,-0.04097595488409137,-0.874405681019016
322,1558353600,644,1398,754,2042,20,2.0645303776416264,0.7255513989947154
322,1558368000,915,1059,144,1974,20,-0.21270164867164992,0.653690711120915
322,1558382400,1318,1252,0,2570,20,-0.7502777335718332,1.2835285048383418
322,1558396800,595,350,0,945,21,-0.6928573677551201,-0.3056538773327831
322,1558411200,71,26,0,97,21,-0.6928573677551201,-1.2624273432393045
322,1558425600,182,330,148,512,21,-0.09025468159787554,-0.7941950456553347
322,1558440000,655,1456,801,2111,21,2.568526089082399,1.0099096382886839
322,1558454400,888,1134,246,2022,21,0.3087660159927323,0.9094935551923627
322,1558468800,1426,1352,0,2778,21,-0.6928573677551201,1.7624661262127994
322,1558483200,673,389,0,1062,21,-0.6928573677551201,-0.17364621753200124
322,1558497600,61,47,0,108,21,-0.6928573677551201,-1.2500163666768378
322,1558512000,189,337,148,526,21,-0.09025468159787554,-0.7783992573031044
322,1558526400,671,1516,845,2187,21,2.7476782390210395,1.0956582036293627
322,1558540800,871,1227,356,2098,21,0.7566463908393329,0.9952421205330415
322,1558555200,1473,1394,0,2867,21,-0.6928573677551201,1.8628822093091206
322,1558569600,647,385,0,1032,21,-0.6928573677551201,-0.2074943354296376
322,1558584000,78,43,0,121,21,-0.6928573677551201,-1.2353488489211955
322,1558598400,160,332,172,492,21,0.007464672914110049,-0.8167604575870923
322,1558612800,659,1453,794,2112,21,2.54002461068307,1.011037908885272
322,1558627200,886,1289,403,2175,21,0.9480134600919714,1.0821189564703082
322,1558641600,1440,1369,0,2809,21,-0.6928573677551201,1.7974425147070237
322,1558656000,634,373,0,1007,21,-0.6928573677551201,-0.23570110034433459
322,1558670400,70,34,0,104,21,-0.6928573677551201,-1.2545294490631893
322,1558684800,169,338,169,507,21,-0.00475024639988815,-0.7998363986382742
322,1558699200,549,1336,787,1885,21,2.5115231322837412,0.7549204834598233
322,1558713600,1102,1455,353,2557,21,0.7444314715253347,1.513118324366878
322,1558728000,1332,1273,0,2605,21,-0.6928573677551201,1.5672753130030963
322,1558742400,729,420,0,1149,21,-0.6928573677551201,-0.07548667562885575
322,1558756800,138,33,0,171,21,-0.6928573677551201,-1.1789353190918015
322,1558771200,46,151,105,197,21,-0.26533519176518305,-1.1496002835805166
322,1558785600,256,728,472,984,21,1.2289566043139302,-0.2616513240658558
322,1558800000,863,979,116,1842,21,-0.22054715428052302,0.7064048478065444
322,1558814400,1098,957,0,2055,21,-0.6928573677551201,0.9467264848797627
322,1558828800,618,369,0,987,21,-0.6928573677551201,-0.25826651227609215
322,1558843200,110,55,0,165,21,-0.6928573677551201,-1.1857049426713289
322,1558857600,36,98,62,134,21,-0.4404157019324906,-1.220681331165553
322,1558872000,251,542,291,793,21,0.4919898057027053,-0.4771510080141407
322,1558886400,639,907,268,1546,21,0.3983420909620524,0.37243675121653225
322,1558900800,865,670,0,1535,21,-0.6928573677551201,0.3600257746540656
322,1558915200,443,256,0,699,21,-0.6928573677551201,-0.5832084440934013
322,1558929600,63,27,0,90,21,-0.6928573677551201,-1.2703252374154197
322,1558944000,35,105,70,140,21,-0.40784258376182875,-1.2139117075860257
322,1558958400,210,548,338,758,21,0.6833568749553437,-0.5166404788947164
322,1558972800,660,863,203,1523,21,0.13368550582542477,0.346486527495011
322,1558987200,799,782,0,1581,21,-0.6928573677551201,0.41192622209710805
322,1559001600,359,265,0,624,22,-0.7294185929811778,-0.716530433780425
322,1559016000,36,25,0,61,22,-0.7294185929811778,-1.2842067525090406
322,1559029896,15,280,265,295,22,0.3195118546488729,-1.0482631315809836
322,1559030400,168,61,0,229,22,-0.7294185929811778,-1.1148113323555637
322,1559044800,625,1363,738,1988,22,2.191753747965907,0.6587990488942316
322,1559059200,847,1048,201,1895,22,0.06618525597595495,0.5650265841664142
322,1559073600,1542,1247,0,2789,22,-0.7294185929811778,1.4664522128402726
322,1559088000,658,360,0,1018,22,-0.7294185929811778,-0.3192578412776283
322,1559102400,60,50,0,110,22,-0.7294185929811778,-1.2347997549642766
322,1559116800,212,378,166,590,22,-0.07235272767329702,-0.7508128402400572
322,1559131200,820,1526,706,2346,22,2.065090448629448,1.0197726227927117
322,1559145600,936,1196,260,2132,22,0.29972071412755114,0.8039951233114974
322,1559160000,1474,1434,0,2908,22,-0.7294185929811778,1.5864406354489853
322,1559174400,569,363,0,932,22,-0.7294185929811778,-0.4059721634990509
322,1559188800,66,41,0,107,22,-0.7294185929811778,-1.237824673181303
322,1559203200,182,358,176,540,22,-0.0327704466306536,-0.8012281438571633
322,1559217600,691,1514,823,2205,22,2.528203136828376,0.8776014665924724
322,1559232000,988,1263,275,2251,22,0.35909413569151627,0.9239835459202101
322,1559246400,1457,1418,0,2875,22,-0.7294185929811778,1.5531665350616952
322,1559260800,625,369,0,994,22,-0.7294185929811778,-0.34345718701383926
322,1559275200,92,49,0,141,22,-0.7294185929811778,-1.2035422667216706
322,1559289600,171,366,195,537,22,0.042435887350368906,-0.8042530620741898
322,1559304000,730,1490,760,2220,22,2.2788347662597226,0.8927260576776043
322,1559318400,924,1281,357,2205,22,0.6836688402411923,0.8776014665924724
322,1559332800,2426,1473,0,3899,22,-0.7294185929811778,2.5856719531400296
322,1559347200,713,537,0,1250,22,-0.7294185929811778,-0.08533083249425562
322,1559361600,179,104,0,283,22,-0.7294185929811778,-1.0603628044490891
322,1559376000,52,163,111,215,22,-0.2900552734078358,-1.1289276173683536
322,1559390400,307,984,677,1291,22,1.9503018336057818,-0.04399028352822855
322,1559404800,901,1180,279,2081,22,0.37492704810857364,0.7525715136220491
322,1559419200,1126,1016,0,2142,22,-0.7294185929811778,0.8140781840349186
322,1559433600,631,522,0,1153,22,-0.7294185929811778,-0.1831365215114416
322,1559448000,163,97,0,260,22,-0.7294185929811778,-1.083553844112958
322,1559462400,49,99,50,148,22,-0.5315071877679607,-1.1964841242152757
322,1559476800,249,634,385,883,22,0.794499227160594,-0.455379161043815
322,1559491200,721,1236,515,1957,22,1.3090688807149584,0.6275415606516258
322,1559505600,1007,874,0,1881,22,-0.7294185929811778,0.5509102991536243
322,1559520000,387,367,0,754,22,-0.7294185929811778,-0.585450644375949
322,1559534400,41,64,23,105,22,-0.6383793465830979,-1.2398412853259873
322,1559548800,208,341,133,549,22,-0.2029742551140203,-0.7921533892060842
322,1559563200,657,1298,641,1955,22,1.8078056218522656,0.6255249485069415
322,1559577600,832,1020,188,1852,22,0.014728290620518508,0.5216694230557027
322,1559592000,1401,1338,0,2739,22,-0.7294185929811778,1.4160369092231664
322,1559606400,546,301,0,847,23,-0.7528620023040933,-0.5019507303116025
322,1559620800,62,37,0,99,23,-0.7528620023040933,-1.3219863071950817
322,1559635200,168,329,161,497,23,-0.11888281680219062,-0.8856572168212519
322,1559649600,638,1458,820,2096,23,2.4761003089478337,0.8673332744042603
322,1559664000,832,1124,292,1956,23,0.39696360121488544,0.7138506798004006
322,1559678400,1448,1272,0,2720,23,-0.7528620023040933,1.5514271246386067
322,1559692800,611,429,0,1040,23,-0.7528620023040933,-0.29036401060771017
322,1559707200,72,28,0,100,23,-0.7528620023040933,-1.3208900029479111
322,1559721600,202,377,175,579,23,-0.06375419197593821,-0.7957602685532769
322,1559736000,704,1517,813,2221,23,2.4485359965347073,1.0043713053005636
322,1559750400,884,1128,244,2012,23,0.20795117323916293,0.7752437176419446
322,1559764800,1325,1534,209,2859,23,0.07012961117353192,1.703813414995296
322,1559779200,658,413,0,1071,23,-0.7528620023040933,-0.256378578945427
322,1559793600,66,40,0,106,23,-0.7528620023040933,-1.3143121774648887
322,1559808000,180,367,187,547,23,-0.016501084982007575,-0.8308420044627305
322,1559822400,655,1465,810,2120,23,2.436722719786225,0.8936445763363506
322,1559836800,850,1230,380,2080,23,0.7434863858370434,0.8497924064495336
322,1559851200,1442,1540,98,2982,23,-0.36696162852032643,1.8386588373972583
322,1559865600,729,455,0,1184,23,-0.7528620023040933,-0.13249619901516874
322,1559880000,93,18,0,111,23,-0.7528620023040933,-1.3088306562290366
322,1559894400,185,340,155,525,23,-0.14250937029915592,-0.8549606979004799
322,1559908800,649,1456,807,2105,23,2.424909443037742,0.8772000126287942
322,1559923200,1029,1259,230,2288,23,0.1528225484129105,1.0778236898609823
322,1559937600,1484,1560,76,3044,23,-0.4535923246758659,1.906629700721825
322,1559952000,752,494,0,1246,23,-0.7528620023040933,-0.06452533569060229
322,1559966400,163,69,0,232,23,-0.7528620023040933,-1.1761778423214149
322,1559980800,51,155,104,206,23,-0.34333507502336114,-1.204681752747846
322,1559995200,289,669,380,958,23,0.7434863858370434,-0.3802609588756852
322,1560009600,807,1035,228,1842,23,0.14494703058058875,0.588871995622972
322,1560024000,1049,1003,0,2052,23,-0.7528620023040933,0.8190958875287616
322,1560038400,642,443,0,1085,23,-0.7528620023040933,-0.24103031948504097
322,1560052800,138,69,0,207,23,-0.7528620023040933,-1.2035854485006756
322,1560067200,46,99,53,145,23,-0.5441607797475663,-1.271556311825242
322,1560081600,299,596,297,895,23,0.4166523957956899,-0.44932812644742204
322,1560096000,727,1055,328,1782,23,0.5387229221966774,0.5230937407927464
322,1560110400,834,782,0,1616,23,-0.7528620023040933,0.34110723576245555
322,1560124800,476,210,0,686,23,-0.7528620023040933,-0.6784557141060412
322,1560139200,35,21,0,56,23,-0.7528620023040933,-1.36912738982341
322,1560153600,169,317,148,486,23,-0.17007368271228213,-0.8977165635401265
322,1560168000,628,1408,780,2036,23,2.318589952301398,0.8015550195740347
322,1560182400,719,941,222,1660,23,0.12132047708362344,0.38934462263795433
322,1560196800,1196,1229,33,2425,23,-0.622915958070784,1.2280173717233307
322,1560211200,479,303,0,782,24,-0.7116840417038834,-0.6788639252301336
322,1560225600,52,35,0,87,24,-0.7116840417038834,-1.4017603931079827
322,1560240000,179,336,157,515,24,-0.1700509435135718,-0.9565809855515519
322,1560254400,645,1476,831,2121,24,2.155176497125091,0.7138819315877655
322,1560268800,854,1070,216,1924,24,0.03349270485094022,0.5089745874554831
322,1560283200,1498,1386,0,2884,24,-0.7116840417038834,1.5075078380493465
322,1560297600,623,386,0,1009,24,-0.7116840417038834,-0.442752417016793
322,1560312000,79,41,0,120,24,-0.7116840417038834,-1.3674358126188186
322,1560326400,195,321,126,516,24,-0.27699760621356967,-0.95554084674885
322,1560340800,696,1544,848,2240,24,2.213824666992832,0.8376584491092965
322,1560355200,872,1133,261,2005,24,0.18873786038319515,0.5932258304743403
322,1560369600,1452,1286,0,2738,24,-0.7116840417038834,1.3556475728548631
322,1560384000,761,409,0,1170,24,-0.7116840417038834,-0.2752900697817805
322,1560398400,93,49,0,142,24,-0.7116840417038834,-1.344552758959376
322,1560412800,180,351,171,531,24,-0.12175245068131471,-0.9399387647083209
322,1560427200,669,1459,790,2128,24,2.013730910973481,0.7211629032066791
322,1560441600,797,1065,268,1862,24,0.21288710679932368,0.4444859816879628
322,1560456000,1335,1303,0,2638,24,-0.7116840417038834,1.2516336925846692
322,1560470400,641,369,0,1010,24,-0.7116840417038834,-0.4417122782140911
322,1560484800,77,74,0,151,24,-0.7116840417038834,-1.3351915097350586
322,1560499200,180,319,139,499,24,-0.2321490057264738,-0.973223206394783
322,1560513600,661,1446,785,2107,24,1.9964814492476748,0.6993199883499384
322,1560528000,991,1325,334,2316,24,0.44058000157996424,0.916708998114644
322,1560542400,1456,1481,25,2937,24,-0.6254367330748529,1.5626351945925494
322,1561176000,172,109,0,281,25,-0.8620199771980814,-1.0931740718868768
322,1561190400,49,175,126,224,25,-0.32164924522316474,-1.1573732037449607
322,1561204800,339,973,634,1312,25,1.8569883090884043,0.06804180435320145
322,1561219200,912,1339,427,2251,25,0.9692363922724697,1.1256380291732144
322,1561233600,1293,1394,101,2687,25,-0.42886566029755296,1.6167050728596104
322,1561248000,634,699,65,1333,25,-0.5832572980046721,0.09169411609039024
322,1561262400,159,88,0,247,25,-0.8620199771980814,-1.1314682908899443
322,1561276800,49,96,47,145,25,-0.6604531168582316,-1.246350947899147
322,1561291200,259,772,513,1031,25,1.3380608601283652,-0.24844865270156283
322,1561305600,763,1167,404,1930,25,0.8705972904040326,0.7640955497619002
322,1561320000,989,923,0,1912,25,-0.8620199771980814,0.7438221397014526
322,1561334400,459,272,0,731,25,-0.8620199771980814,-0.5863388203756884
322,1561348800,47,58,11,105,25,-0.8148447545653507,-1.291402970255697
322,1561363200,159,360,201,519,25,0.0,-0.8251145388654039
322,1561377600,637,1339,702,1976,25,2.1486169580907406,0.8159053754719328
322,1561392000,854,1040,186,1894,25,-0.06432984904463294,0.723548729641005
322,1561406400,1376,1323,0,2699,25,-0.8620199771980814,1.6302206795665755
322,1561420800,556,217,0,773,26,-0.7384948967925706,-0.5982493245334306
322,1561435200,54,17,0,71,26,-0.7384948967925706,-1.3280728821783603
322,1561449600,164,320,156,484,26,-0.17240830466772045,-0.8987037521109017
322,1561464000,656,1356,700,2012,26,1.801637247357398,0.6898580656689453
322,1561478400,778,1043,265,1821,26,0.22312655777848894,0.4912878384464644
322,1561492800,1401,1053,0,2454,26,-0.7384948967925706,1.149376601963901
322,1561507200,635,1695,1060,2330,26,3.107990921491668,1.0204618994739134
322,1561521600,60,14,0,74,26,-0.7384948967925706,-1.3249539780858606
322,1561536000,166,406,240,572,26,0.1324075526302758,-0.8072158987309105
322,1561550400,746,1526,780,2272,26,2.0919380638316802,0.9601630870189193
322,1561564800,890,1187,297,2077,26,0.33924688436820183,0.7574343210064387
322,1561579200,1444,1479,35,2923,26,-0.6114882895850722,1.636965275091354
322,1561593600,695,268,0,963,26,-0.7384948967925706,-0.40071873200844965
322,1561608000,82,23,0,105,26,-0.7384948967925706,-1.2927253024633638
322,1561622400,158,335,177,493,26,-0.0962043403432214,-0.8893470398334026
322,1561636800,714,1474,760,2188,26,2.0193628597131097,0.8728337724289277
322,1561651200,895,1331,436,2226,26,0.843644552992267,0.9123398909339239
322,1561665600,1564,1613,49,3177,26,-0.5606856467020728,1.9010324882563285
322,1561680000,812,327,0,1139,26,-0.7384948967925706,-0.21774302524846728
322,1561694400,104,23,0,127,26,-0.7384948967925706,-1.269853339118366
322,1561708800,134,377,243,511,26,0.14329383324806136,-0.8706336152784044
322,1561709029,1,7,6,8,26,-0.7167223355569995,-1.393569868120854
322,1561723200,656,1490,834,2146,26,2.2878911149518206,0.8291691151339319
322,1561737600,1080,1290,210,2370,26,0.023544746452419985,1.0620472873739095
322,1561752000,1426,1524,98,2950,26,-0.382876396611575,1.6650354119238513
322,1561766400,656,550,0,1206,26,-0.7384948967925706,-0.148087500515974
322,1561780800,154,81,0,235,26,-0.7384948967925706,-1.1575727917883767
322,1561795200,65,148,83,213,26,-0.43730779970050293,-1.1804447551333745
322,1561809600,317,870,553,1187,26,1.2682094970859046,-0.1678405597684721
322,1561824000,1017,1307,290,2324,26,0.3138455629267021,1.014224091288914
322,1561838400,1157,1019,0,2176,26,-0.7384948967925706,0.8603581560589288
322,1561852800,629,486,0,1115,26,-0.7384948967925706,-0.2426942579884649
322,1561867200,157,73,0,230,26,-0.7384948967925706,-1.1627709652758762
322,1561881600,48,97,49,145,26,-0.5606856467020728,-1.2511399145633677
322,1561896000,355,570,215,925,26,0.04168854748206262,-0.44022485051344584
322,1561910400,871,1005,134,1876,26,-0.25224102919814806,0.5484677468089589
322,1561924800,1128,878,0,2006,26,-0.7384948967925706,0.6836202574839458
322,1561939200,589,310,0,899,26,-0.7384948967925706,-0.46725535264844326
322,1561953600,55,39,0,94,26,-0.7384948967925706,-1.3041612841358625
322,1561968000,189,340,151,529,26,-0.19055210569736308,-0.8519201907234062
322,1561982400,693,1323,630,2016,26,1.5476240329424011,0.6940166044589449
322,1561996800,843,1143,300,1986,26,0.3501331649859874,0.6628275635339479
322,1562011200,1333,1222,0,2555,26,-0.7384948967925706,1.2543797064113908
322,1562025600,576,288,0,864,27,-0.64508042056014,-0.19404180304235863
322,1562040000,67,23,0,90,27,-0.64508042056014,-1.1982556560754454
322,1562054400,142,305,163,447,27,0.10225324352349982,-0.735071747118324
322,1562063325,70,950,880,1020,27,3.3896043916705536,0.008357888266635588
322,1562068800,591,447,0,1038,27,-0.64508042056014,0.03171169880228877
322,1562083200,887,1045,158,1932,27,0.07932889799946179,1.1916176220730634
322,1562097600,1434,1483,49,2917,27,-0.4204218344245673,2.4695900319407516
322,1562112000,636,379,0,1015,27,-0.64508042056014,0.0018707186733985923
322,1562126400,54,64,10,118,27,-0.599231729512064,-1.1619275063533183
322,1562140800,123,368,245,491,27,0.4782125101177236,-0.6779846546978384
322,1562155200,552,1277,725,1829,27,2.6789496804253745,1.0579819284523813
322,1562169600,975,1250,275,2225,27,0.6157585832619518,1.5717657602367514
322,1562184000,1346,1264,0,2610,27,-0.64508042056014,2.071277818916
322,1562198400,640,346,0,986,27,-0.64508042056014,-0.035754864967375975
322,1562212800,84,66,0,150,27,-0.64508042056014,-1.1204096209566015
322,1562227200,42,103,61,145,27,-0.3654034051668761,-1.1268967905498384
322,1562241600,221,519,298,740,27,0.7212105726725268,-0.3549236089546361
322,1562256000,570,714,144,1284,27,0.015140730532155299,0.3508804427895489
322,1562270400,615,637,22,1252,27,-0.5442133002543728,0.30936255739283214
322,1562284800,479,246,0,725,27,-0.64508042056014,-0.3743851177343471
322,1562299200,78,58,0,136,27,-0.64508042056014,-1.138573695817665
322,1562313600,68,245,177,313,27,0.1664414109908063,-0.9089278922170755
322,1562328000,331,910,579,1241,27,2.0095587911234642,0.29509078428771074
322,1562342400,828,1213,385,2041,27,1.1200941847907886,1.33303791920563
322,1562356800,1068,1042,0,2110,27,-0.64508042056014,1.4225608595923005
322,1562371200,643,356,0,999,27,-0.64508042056014,-0.01888822402495979
322,1562385600,102,42,0,144,27,-0.64508042056014,-1.128194224468486
322,1562400000,40,134,94,174,27,-0.21410272470822503,-1.089271206909064
322,1562414400,193,414,221,607,27,0.368175651602341,-0.5274823201347402
322,1562428800,745,693,0,1438,27,-0.64508042056014,0.5506852662612484
322,1562443200,917,656,0,1573,27,-0.64508042056014,0.7258388452786472
322,1562457600,491,184,0,675,27,-0.64508042056014,-0.43925681366671704
322,1562472000,112,49,0,161,27,-0.64508042056014,-1.10613784785148
322,1562486400,34,78,44,112,27,-0.44334617994860537,-1.1697121098652026
322,1562500800,173,392,219,565,27,0.3590059133927258,-0.5819745447179309
322,1562515200,568,604,36,1172,27,-0.4800251327870662,0.20556784390104021
322,1562529600,707,510,0,1217,27,-0.64508042056014,0.26395237024017315
322,1562544000,338,146,0,484,27,-0.64508042056014,-0.6870666921283702
322,1562558400,44,13,0,57,27,-0.64508042056014,-1.2410709753908096
322,1562572800,137,334,197,471,27,0.2581387930869585,-0.7039333330707864
322,1562587200,594,1302,708,1896,27,2.6010069056436453,1.144910001001757
322,1562601600,667,1027,360,1694,27,1.0054724571705984,0.8828283494349825
322,1562616000,1292,1133,0,2425,27,-0.64508042056014,1.8312525439662313
322,1562630400,550,277,0,827,28,-0.656321278786221,-0.44159885449181757
322,1562644800,48,27,0,75,28,-0.656321278786221,-1.2989714488387054
322,1562659200,157,339,182,496,28,0.09046126378152619,-0.8189796107801418
322,1562673600,684,1521,837,2205,28,2.7780577768687484,1.129490819723623
322,1562688000,770,972,202,1742,28,0.1725252794483116,0.6016138101722812
322,1562702400,1397,1270,0,2667,28,-0.656321278786221,1.6562277061441844
322,1562716800,600,456,0,1056,28,-0.656321278786221,-0.18051065754309775
322,1562731200,70,19,0,89,28,-0.656321278786221,-1.2830097250077792
322,1562745600,164,359,195,523,28,0.1438028739649367,-0.78819628624907
322,1562760000,692,1411,719,2103,28,2.2938800844347145,1.0131982603840186
322,1562774400,830,1008,178,1838,28,0.07404846064816911,0.7110656307272031
322,1562788800,1394,1429,35,2823,28,-0.5127092513693465,1.8340869145459324
322,1562803200,684,369,0,1053,28,-0.656321278786221,-0.18393102693543906
322,1562817600,98,33,0,131,28,-0.656321278786221,-1.2351245535150008
322,1562832000,155,331,176,486,28,0.06584205908149057,-0.8303808420879462
322,1562846400,618,1478,860,2096,28,2.8724313948855515,1.0052173984685555
322,1562860800,887,1194,307,2081,28,0.603361361698935,0.9881155515068489
322,1562875200,1378,1411,33,2789,28,-0.520915652936025,1.7953227280993975
322,1562889600,646,387,0,1033,28,-0.656321278786221,-0.20673348955104778
322,1562904000,102,17,0,119,28,-0.656321278786221,-1.248806031084366
322,1562918400,136,306,170,442,28,0.041222854381454954,-0.8805462598422854
322,1562925458,47,753,706,800,28,2.240538474251304,-0.4723821790228893
322,1562932800,697,654,0,1351,28,-0.656321278786221,0.15582566603713083
322,1562947200,1006,1350,344,2356,28,0.755179790682488,1.3016494124714688
322,1562961600,1541,1408,0,2949,28,-0.656321278786221,1.9777424290242673
322,1562976000,730,479,0,1209,28,-0.656321278786221,-0.006071818533691074
322,1562990400,181,51,0,232,28,-0.656321278786221,-1.119972117306177
322,1563004800,64,124,60,188,28,-0.4101292317858648,-1.170137535060516
322,1563019200,305,617,312,922,28,0.6238773656156313,-0.33328715706767614
322,1563033600,766,839,73,1605,28,-0.35678762160245425,0.4454169412553615
322,1563048000,1037,617,0,1654,28,-0.656321278786221,0.5012829746636028
322,1563062400,580,410,0,990,28,-0.656321278786221,-0.2557587841746065
322,1563076800,129,42,0,171,28,-0.656321278786221,-1.1895196282837834
322,1563091200,43,84,41,127,28,-0.48809004666931094,-1.2396850460381226
322,1563105600,243,502,259,745,28,0.40640772409865,-0.5350889512158133
322,1563120000,673,762,89,1435,28,-0.29113640906902594,0.2515960090226874
322,1563134400,750,599,0,1349,28,-0.656321278786221,0.15354541977556993
322,1563148800,385,218,0,603,28,-0.656321278786221,-0.6969864357866352
322,1563163200,46,24,0,70,28,-0.656321278786221,-1.3046720644926075
322,1563177600,157,304,147,461,28,-0.053150763635348264,-0.8588839203574571
322,1563192000,636,1359,723,1995,28,2.3102928875680715,0.8900649622597315
322,1563206400,740,970,230,1710,28,0.2874149013818112,0.5651298699873073
322,1563220800,1375,1245,0,2620,28,-0.656321278786221,1.6026419189975039
322,1563235200,549,345,0,894,29,-0.7244557468946926,-0.2656046976951098
322,1563249600,64,32,0,96,29,-0.7244557468946926,-1.1756968514328205
322,1563264000,173,303,130,476,29,-0.23877801523210723,-0.742319635367244
322,1563278400,655,1430,775,2085,29,2.1709307303245664,1.0926907347630523
322,1563279768,14,104,90,118,29,-0.38821731728213354,-1.1506065915553398
322,1563292229,166,972,806,1138,29,2.286746189413337,0.012669093673312997
322,1563292800,784,252,0,1036,29,-0.7244557468946926,-0.10365847484955228
322,1563307200,1443,1467,24,2910,29,-0.6347921656646769,2.0335754801685804
322,1563321600,598,421,0,1019,29,-0.7244557468946926,-0.1230464029366965
322,1563336000,57,30,0,87,29,-0.7244557468946926,-1.1859610486554262
322,1563350400,155,327,172,482,29,-0.08186674807957964,-0.7354768372188402
322,1563364800,661,1445,784,2106,29,2.2045545732858227,1.1166405282824658
322,1563379200,780,1166,386,1946,29,0.717633517888061,0.9341659109916968
322,1563393600,1406,1430,24,2836,29,-0.6347921656646769,1.9491809696715996
322,1563408000,646,394,0,1040,29,-0.7244557468946926,-0.09909660941728306
322,1563422400,61,36,0,97,29,-0.7244557468946926,-1.1745563850747531
322,1563436800,141,458,317,599,29,0.4598507218517656,-0.6020422733249653
322,1563451200,742,1673,931,2415,29,2.753744008319669,1.4690446329252635
322,1563465600,878,1132,254,2010,29,0.22448382112297424,1.0071557579080044
322,1563480000,1342,1533,191,2875,29,-0.01088307960581715,1.9936591576362246
322,1563494400,635,477,0,1112,29,-0.7244557468946926,-0.016983031636436975
322,1563508800,78,45,0,123,29,-0.7244557468946926,-1.1449042597650032
322,1563523200,129,336,207,465,29,0.048892641214193365,-0.7548647653059843
322,1563537600,620,1303,683,1923,29,1.8272203356095063,0.9079351847561486
322,1563552000,1014,1325,311,2339,29,0.4374348265442617,1.3823691897121482
322,1563566400,1136,792,0,1928,29,-0.7244557468946926,0.9136375165464853
322,1563580800,561,399,0,960,29,-0.7244557468946926,-0.19033391806266758
322,1563595200,125,50,0,175,29,-0.7244557468946926,-1.0856000091455034
322,1563609600,52,156,104,208,29,-0.3359135615646243,-1.0479646193292822
322,1563617447,94,46,0,140,29,-0.7244557468946926,-1.125516331677859
322,1563617517,5,0,0,5,29,-0.7244557468946926,-1.2794792900169454
322,1563624000,178,661,483,839,29,1.0800238253593748,-0.32833034738881167
322,1563638400,715,947,232,1662,29,0.1422922049954598,0.6102734653005817
322,1563652800,817,851,34,1668,29,-0.5974323401521703,0.6171162634489855
322,1563667200,486,368,0,854,29,-0.7244557468946926,-0.3112233520178021
322,1563681600,109,52,0,161,29,-0.7244557468946926,-1.1015665381584456
322,1563696000,41,102,61,143,29,-0.49656081126840257,-1.1220949326036571
322,1563710400,212,553,341,765,29,0.5495143030817814,-0.4127248578857924
322,1563724800,624,869,245,1493,29,0.19085997816171835,0.41753465078720686
322,1563739200,674,615,0,1289,29,-0.7244557468946926,0.1848795137414763
322,1563753600,341,241,0,582,29,-0.7244557468946926,-0.6214302014121095
322,1563768000,33,26,0,59,29,-0.7244557468946926,-1.217894106681311
322,1563782400,157,351,194,508,29,0.0003248680479348213,-0.7058247119090901
322,1563796800,594,1403,809,1997,29,2.297954137067089,0.9923296952531294
322,1563811200,701,1033,332,1734,29,0.5158904601205255,0.6923870430814277
322,1563825600,1261,1179,0,2440,29,-0.7244557468946926,1.4975562918769463
322,1563840000,427,211,0,638,30,-0.6792109318448704,-0.600810300428672
322,1563854400,47,14,0,61,30,-0.6792109318448704,-1.1980215258028986
322,1563868800,127,319,192,446,30,-0.07374781564507453,-0.7995356995133366
322,1563879418,79,1114,1035,1193,30,2.584613678919654,-0.026369693699563126
322,1563883200,586,285,0,871,30,-0.6792109318448704,-0.35964874841446953
322,1563888381,27,357,330,384,30,0.3614287991235287,-0.8637074429677596
322,1563897600,760,685,0,1445,30,-0.6792109318448704,0.23445739259905926
322,1563912000,1384,1445,61,2829,30,-0.4868502543022269,1.6669363110010171
322,1563926400,565,240,0,805,30,-0.6792109318448704,-0.42796060434982297
322,1563940800,67,21,0,88,30,-0.6792109318448704,-1.1700757665566177
322,1563955200,155,350,195,505,30,-0.06428745445445272,-0.7384690404196116
322,1563969600,661,1452,791,2113,30,1.81517096874908,0.9258561769144551
322,1563984000,828,1127,299,1955,30,0.2636717334871033,0.7623217339176999
322,1563998400,1457,1436,0,2893,30,-0.6792109318448704,1.7331781106959054
322,1564012800,657,318,0,975,30,-0.6792109318448704,-0.25200582391027615
322,1564027200,81,13,0,94,30,-0.6792109318448704,-1.163865597835222
322,1564041600,143,324,181,467,30,-0.10843580667735449,-0.7778001089884514
322,1564056000,626,1363,737,1989,30,1.6448844673178875,0.7975126900056092
322,1564070400,794,257,0,1051,30,-0.6792109318448704,-0.17334368677259637
322,1564084800,1441,2740,1299,4181,30,3.4171254636943735,3.0662943295555305
322,1564099200,746,310,0,1056,30,-0.6792109318448704,-0.16816854617143323
322,1564113600,92,15,0,107,30,-0.6792109318448704,-1.1504102322721976
322,1564128000,123,313,190,436,30,-0.08005472310548907,-0.8098859807156629
322,1564142400,595,1377,782,1972,30,1.7867898851772146,0.7799172119616545
322,1564156800,972,1433,461,2405,30,0.774531237780681,1.2280843880223826
322,1564171200,1391,1522,131,2913,30,-0.266108493187718,1.753878673100558
322,1564185600,712,489,0,1201,30,-0.6792109318448704,-0.018089468737702098
322,1564200000,160,76,0,236,30,-0.6792109318448704,-1.0168916047621885
322,1564214400,51,158,107,209,30,-0.34179138271269244,-1.0448373640084696
322,1564228800,253,798,545,1051,30,1.0394213511180916,-0.17334368677259637
322,1564243200,863,1051,188,1914,30,-0.08636163056590361,0.719885580988162
322,1564257600,1127,952,0,2079,30,-0.6792109318448704,0.8906652208265458
322,1564272000,604,418,0,1022,30,-0.6792109318448704,-0.2033595022593426
322,1564286400,142,64,0,206,30,-0.6792109318448704,-1.0479424483691675
322,1564300800,43,95,52,138,30,-0.5152313378740923,-1.1183243605449862
322,1564315200,247,591,344,838,30,0.40557715134643046,-0.3938046763821462
322,1564329600,681,909,228,1590,30,0.03977651864238719,0.3845364700327904
322,1564344000,812,788,0,1600,30,-0.6792109318448704,0.3948867512351167
322,1564358400,387,245,0,632,30,-0.6792109318448704,-0.6070204691500677
322,1564372800,48,30,0,78,30,-0.6792109318448704,-1.1804260477589439
322,1564387200,139,328,189,467,30,-0.08320817683569634,-0.7778001089884514
322,1564401600,570,1413,843,1983,30,1.979150562719858,0.7913025212842134
322,1564416000,749,1046,297,1795,30,0.2573648260266888,0.5967172346804792
322,1564430400,1366,1336,0,2702,30,-0.6792109318448704,1.5354877397314732
322,1564444800,561,344,0,905,31,-0.737633031367921,-0.3754900600589779
322,1564459200,53,20,0,73,31,-0.737633031367921,-1.17425982418444
322,1564472470,103,40,0,143,31,-0.737633031367921,-1.1070556372988842
322,1564473600,51,360,309,411,31,0.4115868343094954,-0.849759607508471
322,1564488000,628,1404,776,2032,31,2.148433686320348,0.706497348798469
322,1564502400,836,1144,308,1980,31,0.4078676761681445,0.6565742385406276
322,1564516800,1410,1284,0,2694,31,-0.737633031367921,1.342056944773296
322,1564531200,619,343,0,962,31,-0.737633031367921,-0.3207666507378825
322,1564545600,64,27,0,91,31,-0.737633031367921,-1.1569787475567257
322,1564560000,125,365,240,490,31,0.15496492255628588,-0.7739148823090581
322,1564574400,728,1507,779,2235,31,2.1595911607444007,0.9013894907665806
322,1564588800,922,1057,135,1979,31,-0.23554668228555464,0.6556141787279768
322,1564603200,1735,1427,0,3162,31,-0.737633031367921,1.7913649370938682
322,1564617600,641,372,0,1013,31,-0.737633031367921,-0.27180360029269196
322,1564632000,80,39,0,119,31,-0.737633031367921,-1.1300970728025035
322,1564643874,12,199,187,211,31,-0.04215045893530981,-1.0417715700386303
322,1564643965,1,1,0,2,31,-0.737633031367921,-1.2424240708826466
322,1564646400,143,154,11,297,31,-0.6967222918130616,-0.9592064261506618
322,1564660800,607,1492,885,2099,31,2.553821923727592,0.7708213562460723
322,1564675200,811,1182,371,1993,31,0.6421746390732489,0.669055016105088
322,1564689600,1424,1639,215,3063,31,0.06198596902251434,1.6963190156414396
322,1564704000,800,376,0,1176,31,-0.737633031367921,-0.11531385083061223
322,1564718400,111,51,0,162,31,-0.737633031367921,-1.0888145008585193
322,1564732800,151,332,181,483,31,-0.06446540778341499,-0.7806353009976137
322,1564747200,726,1405,679,2131,31,1.7876753466093143,0.8015432702508978
322,1564761600,1030,1214,184,2244,31,-0.053307933359362396,0.9100300290804377
322,1564776000,1375,1470,95,2845,31,-0.3843130079395891,1.487025976483566
322,1565409600,156,75,0,231,32,-0.7605319982083273,-1.07182300797803
322,1565424000,65,163,98,228,32,-0.26130177401011084,-1.0757615463026124
322,1565438400,311,690,379,1001,32,1.1701644810888567,-0.06093150466854003
322,1565452800,817,1086,269,1903,32,0.6098040253561648,1.123255684922577
322,1565467200,1048,832,0,1880,32,-0.7605319982083273,1.0930602244341117
322,1565481600,530,425,0,955,32,-0.7605319982083273,-0.1213224256454706
322,1565496000,161,64,0,225,32,-0.7605319982083273,-1.079700084627195
322,1565510400,54,90,36,144,32,-0.5771413036049008,-1.1860406193909205
322,1565524800,195,513,318,708,32,0.859419137455273,-0.4455954143694239
322,1565539200,600,894,294,1494,32,0.7371586743863221,0.5863016266711725
322,1565553600,874,632,0,1506,32,-0.7605319982083273,0.6020557799695021
322,1565568000,432,249,0,681,32,-0.7605319982083273,-0.48104225929066574
322,1565582400,44,47,3,91,32,-0.7452494403247084,-1.25562146312521
322,1565596800,130,340,210,470,32,0.30924705364499366,-0.75805278811963
322,1565611200,572,1304,732,1876,32,2.9684121253946776,1.087808840001335
322,1565625600,805,1004,199,1809,32,0.2532110080717245,0.9998481507523275
322,1565640000,1320,1284,0,2604,32,-0.7605319982083273,2.043560806766671
322,1565654400,542,316,0,858,33,-0.8161254831532379,-0.3514907195927953
322,1565668800,53,20,0,73,33,-0.8161254831532379,-1.2492567075196719
322,1565683200,148,343,195,491,33,0.04687139205686578,-0.7712106145853606
322,1565697600,629,1453,824,2082,33,2.830589517734585,1.0483380310091117
322,1565712000,810,1089,279,1899,33,0.41862389214737195,0.8390499089828463
322,1565726400,1369,1276,0,2645,33,-0.8161254831532379,1.6922135102483877
322,1565740800,522,295,0,817,33,-0.8161254831532379,-0.39838040813419906
322,1565755200,62,26,0,88,33,-0.8161254831532379,-1.2321019434191585
322,1565769600,124,340,216,464,33,0.13980951707949232,-0.802089189966285
322,1565772678,16,307,291,323,33,0.4717313921603014,-0.9633439725111125
322,1565784000,622,1147,525,1769,33,1.5073276424124258,0.6903752867783953
322,1565798400,838,1177,339,2015,33,0.6841613922120192,0.9717134180268179
322,1565812800,1361,1470,109,2831,33,-0.3337323580357953,1.9049325850947558
322,1565827200,621,372,0,993,33,-0.8161254831532379,-0.1970978426881732
322,1565841600,84,31,0,115,33,-0.8161254831532379,-1.201223368038234
322,1565856000,121,374,253,495,33,0.30355764211935815,-0.7666360108252236
322,1565870400,631,1416,785,2047,33,2.657990142692564,1.0083102481079134
322,1565884800,879,1254,375,2133,33,0.8434838922508076,1.106664228950858
322,1565899200,1377,1457,80,2834,33,-0.4620754830670415,1.9083635379148587
322,1565913600,668,397,0,1065,33,-0.8161254831532379,-0.11475497500570808
322,1565928000,82,40,0,122,33,-0.8161254831532379,-1.1932178114579943
322,1565942400,118,321,203,439,33,0.08227639206548541,-0.830680463467141
322,1565946067,19,233,214,252,33,0.1309582670773374,-1.0445431892535435
322,1565956800,557,1030,473,1587,33,1.2771951423563983,0.482230815692164
322,1565971200,936,1246,310,2182,33,0.555818267180773,1.1627031250125355
322,1565985600,1356,1371,15,2727,33,-0.749741108137076,1.7859928873311952
322,1566000000,634,420,0,1054,33,-0.8161254831532379,-0.1273351353460847
322,1566014400,113,68,0,181,33,-0.8161254831532379,-1.1257424059959742
322,1566028800,49,150,101,199,33,-0.36913735804441494,-1.105156689075358
322,1566043200,286,679,393,965,33,0.9231451422702017,-0.22912006900913187
322,1566057600,809,945,136,1754,33,-0.21424048300670404,0.6732205226778818
322,1566072000,938,903,0,1841,33,-0.8161254831532379,0.7727181544608605
322,1566086400,532,341,0,873,33,-0.8161254831532379,-0.33433595549228173
322,1566100800,124,74,0,198,33,-0.8161254831532379,-1.1063003400153923
322,1566115200,38,92,54,130,33,-0.5771417330950552,-1.1840686039377204
322,1566129600,196,495,299,691,33,0.507136392168921,-0.542480426578513
322,1566144000,625,898,273,1523,33,0.39207014214090724,0.40903715552997283
322,1566158400,752,596,0,1348,33,-0.8161254831532379,0.20889824102398122
322,1566172800,312,218,0,530,33,-0.8161254831532379,-0.7266082279240254
322,1566187200,45,30,0,75,33,-0.8161254831532379,-1.2469694056396035
322,1566201600,140,332,192,472,33,0.033594517053633415,-0.792939982446011
322,1566216000,550,1360,810,1910,33,2.7686307677195003,0.8516300693232228
322,1566230400,699,1069,370,1768,33,0.8213557672454203,0.6892316358383611
322,1566244800,1238,1179,0,2417,33,-0.8161254831532379,1.4314610959205814
322,1566259200,485,259,0,744,34,-0.7874630083810555,-0.5448526893117714
322,1566273600,53,19,0,72,34,-0.7874630083810555,-1.331849736555141
322,1566288000,126,346,220,472,34,0.08403755425410478,-0.8633991131959924
322,1566302400,561,1369,808,1930,34,2.4133208762062606,0.8441034089481038
322,1566316800,758,1077,319,1835,34,0.4762128074399269,0.732846385900306
322,1566331200,1312,1347,35,2659,34,-0.6488151915981891,1.6978546700201518
322,1566345600,594,360,0,954,34,-0.7874630083810555,-0.2989161120482185
322,1566360000,62,35,0,97,34,-0.7874630083810555,-1.302571572595194
322,1566374400,146,378,232,524,34,0.13157394857965898,-0.8025005321593031
322,1566388800,613,1357,744,1970,34,2.159793439803305,0.8909484712840187
322,1566403200,752,1121,369,1873,34,0.674281117129736,0.7773491951194251
322,1566417600,1286,1330,44,2616,34,-0.6131628958540235,1.6474962280090435
322,1566432000,560,357,0,917,34,-0.7874630083810555,-0.34224779470893973
322,1566446400,61,32,0,93,34,-0.7874630083810555,-1.3072560788287855
322,1566460800,116,346,230,462,34,0.12365121619206661,-0.8751103787799711
322,1566475200,609,1406,797,2015,34,2.3697458480745026,0.9436491664119229
322,1566489600,787,1195,408,1982,34,0.8287743986877872,0.9050019899847931
322,1566504000,1377,1419,42,2796,34,-0.6210856282416158,1.8582990085206603
322,1566518400,672,352,0,1024,34,-0.7874630083810555,-0.2169372529603675
322,1566532800,74,38,0,112,34,-0.7874630083810555,-1.285004674219226
322,1566547200,105,352,247,457,34,0.19099444148660172,-0.8809660115719604
322,1566561600,567,1362,795,1929,34,2.3618231156869105,0.8429322823897059
322,1566576000,941,1255,314,2196,34,0.456405976470946,1.1556230734819375
322,1566590400,1259,1404,145,2663,34,-0.21306491028060898,1.7025391762537434
322,1566604800,615,469,0,1084,34,-0.7874630083810555,-0.14666965945649524
322,1566619200,149,62,0,211,34,-0.7874630083810555,-1.1690631449378368
322,1566633600,54,149,95,203,34,-0.41113321997041813,-1.1784321574050198
322,1566648000,268,721,453,989,34,1.0070358774086154,-0.257926682504293
322,1566662400,737,1107,370,1844,34,0.6782424833235322,0.7433865249258869
322,1566676800,1018,863,0,1881,34,-0.7874630083810555,0.786718207586608
322,1566691200,554,422,0,976,34,-0.7874630083810555,-0.2731513277634653
322,1566705600,141,84,0,225,34,-0.7874630083810555,-1.1526673731202666
322,1566720000,53,90,37,143,34,-0.6408924592105968,-1.248699750908892
322,1566734400,221,553,332,774,34,0.5277105679592773,-0.5097188925598353
322,1566748800,683,842,159,1525,34,-0.1576057835674624,0.36979715279696596
322,1566763200,811,719,0,1530,34,-0.7874630083810555,0.3756527855889553
322,1566777600,395,198,0,593,34,-0.7874630083810555,-0.72169279962985
322,1566792000,49,30,0,79,34,-0.7874630083810555,-1.3236518506463557
322,1566806400,130,305,175,435,34,-0.09422392446672347,-0.9067307958567136
322,1566820800,553,1287,734,1840,34,2.120179777865343,0.7387020186922953
322,1566835200,722,967,245,1689,34,0.18307170909900936,0.5618619083742168
322,1566849600,1255,1120,0,2375,34,-0.7874630083810555,1.3652547274351565
322,1566864000,535,320,0,855,35,-0.7846115182240885,-0.3527253331613935
322,1566878400,48,39,0,87,35,-0.7846115182240885,-1.3068140833881368
322,1566892800,134,335,201,469,35,0.10019885271469789,-0.8322543143951472
322,1566907200,550,1233,683,1783,35,2.2219829263092006,0.8001319066959212
322,1566921600,773,1127,354,1900,35,0.7737112246233263,0.9454813647382766
322,1566936000,1307,1297,0,2604,35,-0.7846115182240885,1.8200627191127912
322,1566950400,564,326,0,890,35,-0.7846115182240885,-0.309244726054706
322,1566964800,68,59,0,127,35,-0.7846115182240885,-1.2571219609804938
322,1566979200,123,349,226,472,35,0.2102498938762385,-0.828527405214574
322,1566993600,638,1339,701,1977,35,2.30121967594551,1.041138700372989
322,1567008000,824,1072,248,1896,35,0.3070948100983942,0.9405121524975123
322,1567022400,1254,1150,0,2404,35,-0.7846115182240885,1.5716021070745767
322,1567036800,538,323,0,861,35,-0.7846115182240885,-0.34527151480024704
322,1567051200,67,44,0,111,35,-0.7846115182240885,-1.276998809943551
322,1567065600,119,363,244,482,35,0.2894866435125477,-0.8161043746126633
322,1567080000,620,1381,761,2001,35,2.5653421747332072,1.0709539738175748
322,1567094400,799,1110,311,1909,35,0.5844234338254765,0.9566620922799962
322,1567108800,1308,1384,76,2692,35,-0.45005635309300507,1.9293853884096055
322,1567123200,559,420,0,979,35,-0.7846115182240885,-0.19867975369770058
322,1567137600,81,62,0,143,35,-0.7846115182240885,-1.2372451120174366
322,1567152000,99,299,200,398,35,0.09579681106823627,-0.9204578316687133
322,1567166400,525,1345,820,1870,35,2.825062631874443,0.9082122729325445
322,1567180800,1003,1388,385,2391,35,0.9101745156636366,1.555452167292093
322,1567195200,1173,1158,0,2331,35,-0.7846115182240885,1.4809139836806287
322,1567209600,564,468,0,1032,35,-0.7846115182240885,-0.13283769150757377
322,1567224000,133,101,0,234,35,-0.7846115182240885,-1.124195533540049
322,1567238400,40,159,119,199,35,-0.2607685622951552,-1.1676761406467366
322,1567252800,306,704,398,1010,35,0.9674010570676377,-0.16016835883177735
322,1567267200,763,1109,346,1872,35,0.7384948914516333,0.9106968790529266
322,1567281600,1017,900,0,1917,35,-0.7846115182240885,0.9666005167615248
322,1567296000,580,378,0,958,35,-0.7846115182240885,-0.2247681179617131
322,1567310400,126,100,0,226,35,-0.7846115182240885,-1.1341339580215777
322,1567324800,48,78,30,126,35,-0.6525502688302397,-1.258364264040685
322,1567339200,233,530,297,763,35,0.5227948507750138,-0.4670172146989721
322,1567353600,631,909,278,1540,35,0.4391560594922429,0.4982522630694907
322,1567368000,818,846,28,1664,35,-0.661354352123163,0.6522978425331837
322,1567382400,439,299,0,738,35,-0.7846115182240885,-0.4980747912037489
322,1567396800,81,86,5,167,35,-0.7626013099917803,-1.207429838572851
322,1567411200,38,121,83,159,35,-0.41924206156777366,-1.2173682630543794
322,1567425600,240,591,351,831,35,0.7605050996839414,-0.3825406066059792
322,1567440000,585,845,260,1430,35,0.3599193098559337,0.3615989264484728
322,1567454400,628,709,81,1337,35,-0.4280461448606969,0.24606474185070315
322,1567468800,344,194,0,538,36,-0.7859828812218025,-0.8102047158701753
322,1567483200,41,40,0,81,36,-0.7859828812218025,-1.3201259971900476
322,1567497600,128,347,219,475,36,0.0802369296430596,-0.8805002097939214
322,1567512000,602,1228,626,1830,36,1.6900609617069813,0.6314108103120455
322,1567526400,764,1110,346,1874,36,0.5825653131126372,0.6805060759095825
322,1567540800,1275,1203,0,2478,36,-0.7859828812218025,1.3544501763848622
322,1567555200,435,324,0,759,36,-0.7859828812218025,-0.5636125863916376
322,1567569600,60,54,0,114,36,-0.7859828812218025,-1.2833045479918948
322,1567584000,134,370,236,504,36,0.14747773687914478,-0.8481419665591812
322,1567598400,622,1425,803,2047,36,2.3901564252826915,0.8735397338271709
322,1567612800,809,1136,327,1945,36,0.5074138226723066,0.7597279817601534
322,1567627200,1361,1289,0,2650,36,-0.7859828812218025,1.5463680328115974
322,1567641600,498,347,0,845,36,-0.7859828812218025,-0.4676536581782699
322,1567656000,71,38,0,109,36,-0.7859828812218025,-1.2888835554461604
322,1567670400,165,306,141,471,36,-0.2282797153225077,-0.8849634157573338
322,1567684800,656,1510,854,2166,36,2.591878846990947,1.0063201112386913
322,1567699200,903,1138,235,2041,36,0.14352239527702212,0.8668449248820521
322,1567713600,1320,1518,198,2838,36,-0.002825244001516216,1.7561387130919826
322,1567728000,630,425,0,1055,36,-0.7859828812218025,-0.23333534509911638
322,1567742400,78,53,0,131,36,-0.7859828812218025,-1.264335922647392
322,1567756800,148,356,208,504,36,0.03672817201971036,-0.8481419665591812
322,1567771200,649,1458,809,2107,36,2.4138884748954275,0.9404878232783576
322,1567785600,1022,1276,254,2298,36,0.21867388571735263,1.153605908031302
322,1567800000,1336,1481,145,2817,36,-0.21245834891401708,1.7327068817840672
322,1567814400,616,574,0,1190,36,-0.7859828812218025,-0.08270214383394624
322,1567828800,155,108,0,263,36,-0.7859828812218025,-1.1170501258547811
322,1567843200,44,167,123,211,36,-0.29947586416071553,-1.175071803379143
322,1567857600,320,861,541,1181,36,1.3538569255265553,-0.09274435725162425
322,1567872000,924,1264,340,2188,36,0.5588332634999013,1.0308677440374596
322,1567886400,1186,1071,0,2257,36,-0.7859828812218025,1.1078580469063244
322,1567900800,591,456,0,1047,36,-0.7859828812218025,-0.24226175702594127
322,1567915200,168,81,0,249,36,-0.7859828812218025,-1.1326713467267246
322,1567929600,44,95,51,139,36,-0.5842604595135469,-1.255409510720567
322,1567944000,209,655,446,864,36,0.978099473324903,-0.44645342985206077
322,1567958400,768,1007,239,1775,36,0.15934376168551276,0.5700417283151243
322,1567972800,896,677,0,1573,36,-0.7859828812218025,0.3446498271627957
322,1567987200,351,214,0,565,36,-0.7859828812218025,-0.7800780756171413
322,1568001600,51,31,0,82,36,-0.7859828812218025,-1.3190101956991944
322,1568016000,167,330,163,497,36,-0.14126220007580925,-0.8559525769951529
322,1568030400,577,1319,742,1896,36,2.1488805875532093,0.7050537087083509
322,1568044800,796,1096,300,1892,36,0.40061959941499486,0.7005905027449384
322,1568059200,1313,1234,0,2547,36,-0.7859828812218025,1.4314404792537267
322,1568073600,500,368,0,868,37,-0.8634037679692523,-0.4270445880935524
322,1568088000,64,40,0,104,37,-0.8634037679692523,-1.2490112813180687
322,1568102400,169,346,177,515,37,-0.30888596139617047,-0.8068276282876025
322,1568116800,647,1433,786,2080,37,1.599031237490874,0.8769130456605233
322,1568131200,817,966,149,1783,37,-0.39660629237948286,0.5573788730326682
322,1568145600,1403,1357,0,2760,37,-0.8634037679692523,1.6085064375357474
322,1568160000,599,364,0,963,37,-0.8634037679692523,-0.32483668775804314
322,1568174400,138,27,0,165,37,-0.8634037679692523,-1.1833830505763208
322,1568188800,178,360,182,538,37,-0.29322161657772183,-0.7820825576800582
322,1568203200,655,1381,726,2036,37,1.4110590996694903,0.8295746497156559
322,1568217600,818,1091,273,1909,37,-0.008130540881956607,0.6929388250566068
322,1568232000,1409,1373,0,2782,37,-0.8634037679692523,1.6321756355081811
322,1568246400,600,384,0,984,37,-0.8634037679692523,-0.3022433624207201
322,1568260800,90,36,0,126,37,-0.8634037679692523,-1.225342083345635
322,1568275200,174,387,213,561,37,-0.19610267870334028,-0.7573374870725138
322,1568289600,604,1438,834,2042,37,1.7494089477479808,0.8360298855263196
322,1568304000,915,1163,248,2078,37,-0.0864522649741998,0.8747613003903021
322,1568318400,1545,1402,0,2947,37,-0.8634037679692523,1.809694620301434
322,1568332800,697,362,0,1059,37,-0.8634037679692523,-0.2215529147874233
322,1568347200,87,20,0,107,37,-0.8634037679692523,-1.2457836634127368
322,1568361600,164,332,168,496,37,-0.33708178206937806,-0.8272692083547044
322,1568376000,668,1505,837,2173,37,1.75880755463905,0.9769692007258113
322,1568390400,967,1402,435,2369,37,0.4993942312357793,1.1878402372074937
322,1568404800,1590,1828,238,3418,37,-0.11778095461109708,2.3164306314385374
322,1568419200,541,663,122,1204,37,-0.48119375439910556,-0.06555138269638289
322,1568433600,100,115,15,215,37,-0.8164107335139065,-1.1295894188207896
322,1568448000,32,189,157,221,37,-0.3715433406699651,-1.1231341830101258
322,1568462400,114,962,848,1076,37,1.793269113239637,-0.2032630799905427
322,1568476800,431,1407,976,1838,37,2.194276340591922,0.6165518679637524
322,1568491200,530,1228,698,1758,37,1.3233387686861777,0.5304820571549026
322,1568505600,266,592,326,858,37,0.15791151419359897,-0.43780331444465864
322,1568520000,103,60,0,163,37,-0.8634037679692523,-1.185534795846542
322,1568534400,32,101,69,133,37,-0.6472358094746611,-1.2178109748998607
322,1568548800,69,669,600,738,37,1.0163176102445846,-0.5669080306579335
322,1568563200,248,1187,939,1435,37,2.0783601889354024,0.18297519601417114
322,1568577600,387,934,547,1321,37,0.8502755551690289,0.06032571561156007
322,1568592000,207,198,0,405,37,-0.8634037679692523,-0.9251736181497711
322,1568606400,36,36,0,72,37,-0.8634037679692523,-1.2834392056416088
322,1568620800,162,325,163,487,37,-0.3527461268878267,-0.8369520620706999
322,1568635200,609,1306,697,1915,37,1.3202058997224881,0.6993940608672704
322,1568649600,773,925,152,1698,37,-0.3872076854884137,0.46592969904826514
322,1568664000,1372,1355,0,2727,37,-0.8634037679692523,1.5730026405770967
322,1568678400,591,370,0,961,38,-0.8122436734325592,-0.47483747831147377
322,1568692800,46,38,0,84,38,-0.8122436734325592,-1.352329133746193
322,1568707200,182,358,176,540,38,-0.13473236289165674,-0.8960734953445602
322,1568721600,637,1523,886,2160,38,2.598409855767666,0.724834693713872
322,1568736000,849,1182,333,2031,38,0.46963852207948925,0.5957623749555153
322,1568750400,1430,1371,0,2801,38,-0.8122436734325592,1.3661940450635355
322,1568764800,766,423,0,1189,38,-0.8122436734325592,-0.2467096591106574
322,1568779200,63,40,0,103,38,-0.8122436734325592,-1.3333184821461248
322,1568793600,162,349,187,511,38,-0.09238790598285034,-0.9250897530499271
322,1568808000,681,1456,775,2137,38,2.171115790596983,0.7018217996716843
322,1568822400,870,1211,341,2081,38,0.5004344907404393,0.6457904054820102
322,1568836800,1408,1610,202,3018,38,-0.03464546474356888,1.583315697548523
322,1568851200,799,405,0,1204,38,-0.8122436734325592,-0.23170124995270894
322,1568865600,75,35,0,110,38,-0.8122436734325592,-1.3263145578724156
322,1568880000,160,329,169,489,38,-0.1616788354699881,-0.9471020864815848
322,1568894400,641,1495,854,2136,38,2.4752259811238653,0.7008212390611545
322,1568908800,902,1248,346,2150,38,0.5196819711535332,0.714829087608573
322,1568923200,1468,1777,309,3245,38,0.3772506160966389,1.8104429561388093
322,1568937600,908,478,0,1386,38,-0.8122436734325592,-0.04959921883626781
322,1568952000,87,50,0,137,38,-0.8122436734325592,-1.2992994213881084
322,1568966400,170,361,191,531,38,-0.07698992165237528,-0.9050785408393291
322,1568980800,631,1390,759,2021,38,2.109523853275083,0.5857567688502163
322,1568995200,1040,1442,402,2482,38,0.7352537517801839,1.0470152103044985
322,1569009600,1658,1949,291,3607,38,0.3079596866095011,2.172645897150632
322,1569024000,1108,699,0,1807,38,-0.8122436734325592,0.37163679819681855
322,1569038400,214,89,0,303,38,-0.8122436734325592,-1.1332063600401456
322,1569052800,49,148,99,197,38,-0.4311435612533016,-1.2392657847563144
322,1569067200,325,823,498,1148,38,1.1048053757115854,-0.28773264414238314
322,1569081600,1155,1351,196,2506,38,-0.05774244123928146,1.071028664957216
322,1569096000,1579,1201,0,2780,38,-0.8122436734325592,1.3451822722424076
322,1569110400,939,497,0,1436,38,-0.8122436734325592,0.0004288116902270009
322,1569124800,185,92,0,277,38,-0.8122436734325592,-1.159220935913923
322,1569139200,28,90,62,118,38,-0.5735749163101959,-1.3183100729881763
322,1569153600,240,632,392,872,38,0.6967587909539963,-0.5638873726486345
322,1569168000,836,1120,284,1956,38,0.2810132140311698,0.520720329165773
322,1569182400,1091,947,0,2038,38,-0.8122436734325592,0.6027662992292245
322,1569196800,555,267,0,822,38,-0.8122436734325592,-0.6139154031751294
322,1569211200,60,23,0,83,38,-0.8122436734325592,-1.3533296943567228
322,1569225600,194,374,180,568,38,-0.11933437856118169,-0.868057798249723
322,1569240000,624,1366,742,1990,38,2.0440824198705636,0.5547393899237896
322,1569254400,772,960,188,1732,38,-0.08853840990023158,0.29659475240707633
322,1569268800,1327,1220,0,2547,38,-0.8122436734325592,1.112051649988942
322,1569283200,472,369,0,841,39,-0.7521446097142813,-0.5137601345285084
322,1569297600,55,29,0,84,39,-0.7521446097142813,-1.3558309519941953
322,1569312000,178,380,202,558,39,0.0623027251696961,-0.8285633595520083
322,1569326400,690,1383,693,2073,39,2.041974217387681,0.8566906542663745
322,1569340800,853,1090,237,1943,39,0.20341983764959318,0.712081398955226
322,1569355200,1290,1338,48,2628,39,-0.558612569741851,1.474060936556277
322,1569369600,568,381,0,949,39,-0.7521446097142813,-0.39362321473155437
322,1569384000,74,37,0,111,39,-0.7521446097142813,-1.325796722044957
322,1569398400,187,391,204,578,39,0.07036656016854737,-0.8063157818118316
322,1569412800,674,1437,763,2111,39,2.324208442347475,0.89896105197271
322,1569427200,861,1106,245,1967,39,0.23567517764499823,0.7387784922434381
322,1569441600,1329,1357,28,2686,39,-0.6392509197303636,1.5385789120027893
322,1569456000,559,401,0,960,39,-0.7521446097142813,-0.38138704697445724
322,1569470400,63,36,0,99,39,-0.7521446097142813,-1.3391452686890628
322,1569484800,193,387,194,580,39,0.030047385174291053,-0.804091024037814
322,1569499200,668,1462,794,2130,39,2.4491978848296694,0.9200962508258779
322,1569513600,916,1177,261,2093,39,0.30018585763580835,0.8789382320065511
322,1569528000,1328,1421,93,2749,39,-0.37717628226769767,1.6086587818843459
322,1569542400,600,431,0,1031,39,-0.7521446097142813,-0.30240814599683
322,1569556800,74,55,0,129,39,-0.7521446097142813,-1.3057739020787977
322,1569571200,175,354,179,529,39,-0.03043137731709341,-0.8608223472752644
322,1569585600,612,1479,867,2091,39,2.7435278622877406,0.8767134742325334
322,1569600000,943,1154,211,2097,39,0.09858998266452677,0.8833877475545864
322,1569614400,1387,1507,120,2894,39,-0.26831450978320565,1.7699537205006266
322,1569628800,677,559,0,1236,39,-0.7521446097142813,-0.07437047416001918
322,1569643200,153,86,0,239,39,-0.7521446097142813,-1.1834122245078262
322,1569657600,51,181,130,232,39,-0.22799533478894932,-1.191198876716888
322,1569672000,388,899,511,1287,39,1.308165232492216,-0.01763915092256868
322,1569686400,1120,1359,239,2479,39,0.21148367264844445,1.3083164823919609
322,1569700800,1243,973,0,2216,39,-0.7521446097142813,1.0157608351086376
322,1569715200,587,412,0,999,39,-0.7521446097142813,-0.3380042703811127
322,1569729600,161,104,0,265,39,-0.7521446097142813,-1.1544903734455965
322,1569744000,34,86,52,120,39,-0.5424848997441485,-1.3157853120618774
322,1569758400,266,524,258,790,39,0.2880901051375314,-0.5704914577659589
322,1569772800,853,1114,261,1967,39,0.30018585763580835,0.7387784922434381
322,1569787200,954,789,0,1743,39,-0.7521446097142813,0.4896056215534594
322,1569801600,400,223,0,623,39,-0.7521446097142813,-0.7562587318964341
322,1569816000,51,22,0,73,39,-0.7521446097142813,-1.3680671197512926
322,1569830400,126,332,206,458,39,0.07843039516739862,-0.9398012482528916
322,1569844800,514,1297,783,1811,39,2.4048467923359875,0.5652473858700601
322,1569859200,771,1027,256,1798,39,0.28002627013868014,0.5507864603389452
322,1569873600,1293,1180,0,2473,39,-0.7521446097142813,1.3016422090699078
322,1569888000,447,270,0,717,40,-0.7906173743303054,-0.6242508250837121
322,1569902400,39,25,0,64,40,-0.7906173743303054,-1.3316594329981772
322,1569916800,147,360,213,507,40,0.07298006532279742,-0.8517482334482415
322,1569931200,620,1440,820,2060,40,2.534030045930466,0.8306492674570641
322,1569945600,799,1134,335,1933,40,0.5676227302884244,0.6930675014461345
322,1569960000,1457,1342,0,2799,40,-0.7906173743303054,1.6312234807017654
322,1569974400,570,301,0,871,40,-0.7906173743303054,-0.45741939228305717
322,1569988800,69,23,0,92,40,-0.7906173743303054,-1.30132644521624
322,1570003200,201,352,151,553,40,-0.1783957152335048,-0.8019154678064874
322,1570017600,785,1342,557,2127,40,1.4677102026029258,0.9032317739352711
322,1570032000,808,1012,204,1820,40,0.03649003266139871,0.5706522293261734
322,1570046400,1339,1436,97,2775,40,-0.3973359112018971,1.6052237768886761
322,1570060800,500,372,0,872,40,-0.7906173743303054,-0.45633607129084514
322,1570075200,56,35,0,91,40,-0.7906173743303054,-1.3024097662084522
322,1570089600,183,376,193,559,40,-0.008108896146977492,-0.7954155418532152
322,1570104000,741,1527,786,2268,40,2.3961788114318487,1.0559800338371694
322,1570118400,784,1127,343,1911,40,0.6000583148763343,0.6692344396174694
322,1570132800,1287,1398,111,2685,40,-0.34057363817305464,1.507724887589592
322,1570147200,589,387,0,976,40,-0.7906173743303054,-0.34367068810079243
322,1570161600,84,47,0,131,40,-0.7906173743303054,-1.2590769265199704
322,1570176000,162,339,177,501,40,-0.07298006532279742,-0.8582481594015138
322,1570190400,635,1468,833,2103,40,2.5867378708858197,0.8772320701221821
322,1570204800,974,1321,347,2295,40,0.6162761071702894,1.0852297006268947
322,1570219200,1492,1591,99,3083,40,-0.3892270150549196,1.938886642489986
322,1570233600,664,512,0,1176,40,-0.7906173743303054,-0.1270064896583835
322,1570248000,149,100,0,249,40,-0.7906173743303054,-1.131245049438949
322,1570262400,49,149,100,198,40,-0.3851725669814308,-1.1864944200417633
322,1570276800,361,767,406,1128,40,0.8554885435061254,-0.17900589728456162
322,1570291200,875,1270,395,2145,40,0.8108896146977491,0.9227315517950879
322,1570305600,1223,1102,0,2325,40,-0.7906173743303054,1.117729330393256
322,1570320000,554,478,0,1032,40,-0.7906173743303054,-0.28300471253691795
322,1570334400,139,80,0,219,40,-0.7906173743303054,-1.1637446792053103
322,1570348800,35,68,33,103,40,-0.6568205879051768,-1.2894099143019075
322,1570363200,237,603,366,840,40,0.6933106205665756,-0.49100234304163054
322,1570377600,713,1102,389,1815,40,0.7865629262568167,0.5652356243651132
322,1570392000,962,786,0,1748,40,-0.7906173743303054,0.49265311788690613
322,1570406400,368,211,0,579,40,-0.7906173743303054,-0.7737491220089743
322,1570420800,46,28,0,74,40,-0.7906173743303054,-1.3208262230760568
322,1570435200,165,351,186,516,40,-0.03649003266139871,-0.8419983445183331
322,1570449600,629,1372,743,2001,40,2.2218375442718328,0.7667333289165535
322,1570464000,780,1086,306,1866,40,0.45004373615725074,0.6204849949679274
322,1570478400,1350,1159,0,2509,40,-0.7906173743303054,1.3170603929602722
322,1570492800,484,348,0,832,41,-0.7351513013904195,-0.5255820810928362
322,1570507200,59,26,0,85,41,-0.7351513013904195,-1.331604772079572
322,1570521600,178,352,174,530,41,-0.028895785344516298,-0.8514439990017977
322,1570536000,615,1378,763,1993,41,2.36181972586834,0.7271519808022112
322,1570550400,813,1009,196,1822,41,0.06040088909806916,0.5426407623835607
322,1570564800,1264,1279,15,2543,41,-0.6742672051795657,1.320609116066876
322,1570579200,543,350,0,893,41,-0.7351513013904195,-0.4597622897271188
322,1570593600,65,46,0,111,41,-0.7351513013904195,-1.3035504347761515
322,1570608000,113,351,238,464,41,0.23087635848845958,-0.9226588552335575
322,1570622400,679,1337,658,2016,41,1.935631052392364,0.7519692791860062
322,1570636800,736,1063,327,1799,41,0.5921219960061916,0.5178234639997658
322,1570651200,1216,1304,88,2520,41,-0.37796460362007767,1.2957918176830812
322,1570665600,500,350,0,850,41,-0.7351513013904195,-0.5061598475750835
322,1570680000,72,43,0,115,41,-0.7351513013904195,-1.2992343828833175
322,1570694400,162,382,220,544,41,0.15781544303543513,-0.836337817376879
322,1570708800,744,1572,828,2316,41,2.625650809448706,1.0756731711485508
322,1570723200,960,1224,264,2184,41,0.3364087919206061,0.9332434586850312
322,1570737600,1396,1427,31,2823,41,-0.6093241692213218,1.622732748565251
322,1570752000,638,402,0,1040,41,-0.7351513013904195,-0.301147382665472
322,1570766400,95,43,0,138,41,-0.7351513013904195,-1.2744170844995226
322,1570780800,150,350,200,500,41,0.07663664808763015,-0.8838143881980521
322,1570795200,600,1522,922,2122,41,3.0071911457033895,0.8663446543461053
322,1570809600,1090,1286,196,2376,41,0.06040088909806916,1.1404139495410597
322,1570824000,1448,1474,26,2922,41,-0.629618867958273,1.7295550329128908
322,1570838400,675,442,0,1117,41,-0.7351513013904195,-0.21806338372841885
322,1570852800,177,72,0,249,41,-0.7351513013904195,-1.154646644473381
322,1570867200,56,159,103,215,41,-0.31708050740922394,-1.1913330855624695
322,1570881600,358,814,456,1172,41,1.1157252234195338,-0.15871767020195238
322,1570896000,1098,1288,190,2386,41,0.036047250613727676,1.1512040792731446
322,1570910400,1499,1137,0,2636,41,-0.7351513013904195,1.420957322575265
322,1570924800,736,451,0,1187,41,-0.7351513013904195,-0.14253247560382515
322,1570939200,173,63,0,236,41,-0.7351513013904195,-1.1686738131250913
322,1570953600,43,87,44,130,41,-0.5565579525052485,-1.2830491882851904
322,1570968000,265,604,339,869,41,0.6408292729748747,-0.48565860108412234
322,1570982400,900,1203,303,2103,41,0.4947074420688257,0.8458434078551441
322,1570996800,1172,851,0,2023,41,-0.7351513013904195,0.7595223699984657
322,1571011200,427,201,0,628,41,-0.7351513013904195,-0.7457007276273665
322,1571025600,61,38,0,99,41,-0.7351513013904195,-1.3164985904546533
322,1571040000,138,292,154,430,41,-0.11007458029232127,-0.9593452963226459
322,1571054400,604,1228,624,1832,41,1.7976271009810956,0.5534308921156456
322,1571068800,882,1130,248,2012,41,0.27146575596236205,0.7476532272931723
322,1571083200,1326,1214,0,2540,41,-0.7351513013904195,1.3173720771472508
322,1571097600,472,268,0,740,42,-0.7360690388853456,-0.6150356645515129
322,1571112000,59,29,0,88,42,-0.7360690388853456,-1.3088700815441237
322,1571126400,164,316,152,480,42,-0.141024750643729,-0.8917181007755601
322,1571140800,705,1372,667,2077,42,1.8750792522801694,0.8077505555698373
322,1571155200,869,1102,233,1971,42,0.17607121874818515,0.6949492546477258
322,1571169600,1391,1439,48,2830,42,-0.5481603162827299,1.6090654574033278
322,1571184000,582,407,0,989,42,-0.7360690388853456,-0.3500590237061755
322,1571198400,63,62,0,125,42,-0.7360690388853456,-1.269496042543009
322,1571212800,173,371,198,544,42,0.039054441850444474,-0.8236116549357947
322,1571227200,743,1482,739,2225,42,2.156942336184093,0.965246711574295
322,1571241600,845,1055,210,1900,42,0.08603162250109841,0.619393666294236
322,1571256000,1248,1264,16,2512,42,-0.673432798017807,1.2706615546369933
322,1571270400,502,330,0,832,42,-0.7360690388853456,-0.5171326486568502
322,1571284800,52,39,0,91,42,-0.7360690388853456,-1.3056775918953847
322,1571299200,191,298,107,489,42,-0.3171891780836813,-0.8821406318293431
322,1571313600,705,1570,865,2275,42,2.6502027330159597,1.0184548723866118
322,1571328000,933,1221,288,2154,42,0.39138329673034905,0.8896911232208052
322,1571342400,1483,1554,71,3037,42,-0.4581207200356431,1.8293472431663194
322,1571356800,724,426,0,1150,42,-0.7360690388853456,-0.17872874589051546
322,1571371200,80,64,0,144,42,-0.7360690388853456,-1.2492769414343288
322,1571385600,154,395,241,549,42,0.20738933918195443,-0.818290838854563
322,1571400000,645,1572,927,2217,42,2.8929181663776715,0.9567334058443243
322,1571414400,1011,1288,277,2299,42,0.3483208811339163,1.0439947895765238
322,1571428800,1633,1460,0,3093,42,-0.7360690388853456,1.888940383276114
322,1571443200,679,555,0,1234,42,-0.7360690388853456,-0.0893390357258233
322,1571457600,161,95,0,256,42,-0.7360690388853456,-1.1300906612147392
322,1571472000,53,167,114,220,42,-0.2897858227041331,-1.1684005369996073
322,1571486400,324,865,541,1189,42,1.381818855448303,-0.13722638045690838
322,1571500800,946,1318,372,2264,42,0.7202235612849267,1.0067490770079022
322,1571515200,1320,1122,0,2442,42,-0.7360690388853456,1.1961701294997498
322,1571529600,540,434,0,974,42,-0.7360690388853456,-0.3660214719498705
322,1571544000,154,84,0,238,42,-0.7360690388853456,-1.1492455991071733
322,1571558400,36,95,59,131,42,-0.505097900686297,-1.2631110632455311
322,1571572800,217,630,413,847,42,0.8807289285079943,-0.5011702004131551
322,1571587200,839,998,159,1837,42,-0.11362139526418084,0.5523513836707169
322,1571601600,828,674,0,1502,42,-0.7360690388853456,0.19585670622819457
322,1571616000,317,177,0,494,42,-0.7360690388853456,-0.8768198157481114
322,1571630400,52,38,0,90,42,-0.7360690388853456,-1.306741755111631
322,1571644800,165,378,213,543,42,0.0977759176637619,-0.824675818152041
322,1571659200,611,1268,657,1879,42,1.8359316017379579,0.597046238753063
322,1571673600,771,1101,330,1872,42,0.5558034290076379,0.5895970962393386
322,1571688000,1294,1237,0,2531,42,-0.7360690388853456,1.2908806557456736
322,1571702400,501,307,0,808,43,-0.7408600768055431,-0.5347469243482195
322,1571716800,68,49,0,117,43,-0.7408600768055431,-1.317331021894184
322,1571731200,162,357,195,519,43,0.030025964235925354,-0.8620505483580367
322,1571745600,650,1383,733,2033,43,2.1568807851605922,0.8526127275965079
322,1571760000,828,1058,230,1886,43,0.16839012544849663,0.6861295693631405
322,1571774400,1294,1326,32,2620,43,-0.6143557008397637,1.5174128220385934
322,1571788800,525,354,0,879,43,-0.7408600768055431,-0.45433669145999445
322,1571803200,72,54,0,126,43,-0.7408600768055431,-1.307138175471733
322,1571817600,172,355,183,527,43,-0.017413176751241936,-0.8529902404269691
322,1571832000,644,1471,827,2115,43,2.5284873895600692,0.9454808838899508
322,1571846400,823,1116,293,1939,43,0.4174456156311249,0.7461541094064634
322,1571860800,1431,1385,0,2816,43,-0.7408600768055431,1.7393903663497499
322,1571875200,632,426,0,1058,43,-0.7408600768055431,-0.25161230150235675
322,1571889600,71,56,0,127,43,-0.7408600768055431,-1.3060056369803494
322,1571904000,173,385,212,558,43,0.09723141396774569,-0.8178815471940822
322,1571918400,633,1465,832,2098,43,2.5482536983047224,0.9262277295364322
322,1571932800,858,1180,322,2038,43,0.5320902063501125,0.858275420053425
322,1571947200,1366,1299,0,2665,43,-0.7408600768055431,1.5683770541508488
322,1571961600,695,504,0,1199,43,-0.7408600768055431,-0.09192437421729018
322,1571976000,89,59,0,148,43,-0.7408600768055431,-1.282222328661297
322,1571990400,155,366,211,521,43,0.09327815221881508,-0.8597854713752698
322,1572004800,625,1449,824,2074,43,2.5166276043132774,0.8990468057432294
322,1572019200,971,1212,241,2183,43,0.21187600468673332,1.0224935013040255
322,1572033600,1434,1474,40,2908,43,-0.5827296068483189,1.8435839075570273
322,1572048000,685,560,0,1245,43,-0.7408600768055431,-0.03982760361365144
322,1572062400,179,104,0,283,43,-0.7408600768055431,-1.1293296323245312
322,1572076800,52,165,113,217,43,-0.2941414991763845,-1.204077172755839
322,1572091200,328,868,540,1196,43,1.3939012676169849,-0.09532198969144054
322,1572105600,945,1250,305,2195,43,0.4648847566182922,1.036083963200627
322,1572120000,1180,1106,0,2286,43,-0.7408600768055431,1.139144965916521
322,1572134400,590,471,0,1061,43,-0.7408600768055431,-0.2482146860282064
322,1572148800,179,105,0,284,43,-0.7408600768055431,-1.1281970938331478
322,1572163200,45,101,56,146,43,-0.5194774188654291,-1.284487405644064
322,1572177600,224,577,353,801,43,0.6546413205669613,-0.5426746937879037
322,1572192000,534,788,254,1322,43,0.2632684074228312,0.047377860222874275
322,1572206400,687,649,0,1336,43,-0.7408600768055431,0.06323339910224259
322,1572220800,365,192,0,557,43,-0.7408600768055431,-0.8190140856854656
322,1572235200,51,44,0,95,43,-0.7408600768055431,-1.3422468687046198
322,1572249600,176,358,182,534,43,-0.021366438500172544,-0.845062470987285
322,1572264000,607,1259,652,1866,43,1.836666583497213,0.6634787995354715
322,1572278400,794,1035,241,1829,43,0.21187600468673332,0.6215748753542839
322,1572292800,1289,1263,0,2552,43,-0.7408600768055431,1.4404002046245188
322,1572307200,512,239,0,751,44,-0.6084680118644753,-0.45673912982424597
322,1572321600,64,12,0,76,44,-0.6084680118644753,-1.2222347553669608
322,1572336000,169,331,162,500,44,0.010394328717790011,-0.7413900957667963
322,1572350400,632,1402,770,2034,44,2.3330381748536997,0.9982695925036107
322,1572364800,802,1001,199,1803,44,0.15173943119645555,0.7362999784289928
322,1572379200,1286,1139,0,2425,44,-0.6084680118644753,1.441690021521687
322,1572393600,521,231,0,752,44,-0.6084680118644753,-0.45560506223084934
322,1572408000,60,13,0,73,44,-0.6084680118644753,-1.2256369581471507
322,1572422400,177,340,163,517,44,0.01421446662261881,-0.7221109466790538
322,1572436800,699,1477,778,2176,44,2.36359927809233,1.15930719076593
322,1572451200,783,1068,285,1851,44,0.4802712910117322,0.7907352229120302
322,1572465600,1393,1375,0,2768,44,-0.6084680118644753,1.830675206056726
322,1572480000,584,296,0,880,44,-0.6084680118644753,-0.31044441027608266
322,1572494400,74,18,0,92,44,-0.6084680118644753,-1.204089673872615
322,1572508800,172,341,169,513,44,0.0371352940515916,-0.7266472170526402
322,1572523200,669,1468,799,2137,44,2.443822174093735,1.115078554623462
322,1572537600,793,1044,251,1837,44,0.3503866022475531,0.7748582766044776
322,1572552000,1121,1625,504,2746,44,1.316881492169239,1.8057257190020004
322,1572566400,623,358,0,981,44,-0.6084680118644753,-0.19590358334302457
322,1572580800,126,32,0,158,44,-0.6084680118644753,-1.1292412127084384
322,1572595200,164,320,156,484,44,-0.012526498711182778,-0.7595351772611421
322,1572609600,581,1474,893,2055,44,2.8029151371476417,1.0220850119649396
322,1572624000,922,1296,374,2218,44,0.8202635645414953,1.2069380296885879
322,1572638400,1493,1540,47,3033,44,-0.4289215303375218,2.131203118306829
322,1572652800,655,355,0,1010,44,-0.6084680118644753,-0.16301562313452275
322,1572667200,160,43,0,203,44,-0.6084680118644753,-1.0782081710055909
322,1572681600,60,73,13,133,44,-0.5588062191017009,-1.1575929025433538
322,1572696000,314,378,64,692,44,-0.3639791859554322,-0.5236491178346462
322,1572710400,904,526,0,1430,44,-0.6084680118644753,0.3132927660920554
322,1572724800,1201,382,0,1583,44,-0.6084680118644753,0.4868051078817375
322,1572739200,561,113,0,674,44,-0.6084680118644753,-0.5440623345157853
322,1572750000,164,28,0,192,44,-0.6084680118644753,-1.0906829145329535
322,1572764400,46,25,0,71,44,-0.6084680118644753,-1.227905093333944
322,1572778800,203,169,0,372,44,-0.6084680118644753,-0.886550747721563
322,1572793200,651,387,0,1038,44,-0.6084680118644753,-0.13126173051941753
322,1572807600,838,317,0,1155,44,-0.6084680118644753,0.0014241779079863803
322,1572822000,401,75,0,476,44,-0.6084680118644753,-0.768607718008315
322,1572836400,105,20,0,125,44,-0.6084680118644753,-1.1666654432905268
322,1572850800,57,155,98,212,44,-0.23409449719125308,-1.0680015626650212
322,1572865200,600,1352,752,1952,44,2.2642756925667813,0.9052760498450882
322,1572879600,679,1051,372,1730,44,0.8126232887318376,0.6535130441110398
322,1572894000,1334,1122,0,2456,44,-0.6084680118644753,1.4768461169169822
322,1572908400,676,571,0,1247,44,-0.6084680118644753,0.10575839650047493
322,1572922800,121,61,0,182,45,-0.7385528249826817,-1.2284530148800885
322,1572937200,52,178,126,230,45,-0.21554713117720173,-1.1795960159059662
322,1572951600,610,1428,818,2038,45,2.656833345913212,0.660684278785973
322,1572966000,720,1185,465,1905,45,1.1915872354899228,0.5253096774618425
322,1572980400,1243,1366,123,2609,45,-0.22799964769637981,1.2418789957489693
322,1572994800,710,566,0,1276,45,-0.7385528249826817,-0.1149205799282182
322,1573009200,143,61,0,204,45,-0.7385528249826817,-1.2060602236836158
322,1573023600,63,139,76,202,45,-0.4230890731635033,-1.2080959319742042
322,1573038000,647,1363,716,2010,45,2.233447784261157,0.632184362717735
322,1573052400,670,969,299,1639,45,0.5025479880954017,0.25456047481358157
322,1573066800,1286,1425,139,2711,45,-0.16158622626076333,1.3457001185689792
322,1573081200,733,573,0,1306,45,-0.7385528249826817,-0.08438495556939178
322,1573095600,152,75,0,227,45,-0.7385528249826817,-1.182649578341849
322,1573110000,58,160,102,218,45,-0.3151672633306265,-1.1918102656494969
322,1573124400,627,1301,674,1928,45,2.0591125529926635,0.5487203228036095
322,1573138800,704,1144,440,1848,45,1.087816264496772,0.4672919911800723
322,1573153200,1343,1421,78,2764,45,-0.41478739548405125,1.3996463882695724
322,1573167600,1139,679,0,1818,45,-0.7385528249826817,0.4367563668212459
322,1573182000,249,54,0,303,45,-0.7385528249826817,-1.1052926632994886
322,1573196400,90,164,74,254,45,-0.43139075084295536,-1.155167516418905
322,1573210800,883,1333,450,2216,45,1.1293246528940324,0.8418623166483431
322,1573225200,1013,1257,244,2270,45,0.27425185191046997,0.8968264404942308
322,1573239600,2245,1577,0,3822,45,-0.7385528249826817,2.476536073990851
322,1573254000,1149,742,0,1891,45,-0.7385528249826817,0.5110597194277235
322,1573268400,410,114,0,524,45,-0.7385528249826817,-0.8803468971894673
322,1573282800,62,101,39,163,45,-0.5766701102333665,-1.2477922436406785
322,1573297200,263,649,386,912,45,0.8636709671515664,-0.48541948881531216
322,1573311600,1021,1189,168,2210,45,-0.0412118999087084,0.8357551917765779
322,1573326000,1885,1272,0,3157,45,-0.7385528249826817,1.7996630673701988
322,1573340400,1139,625,0,1764,45,-0.7385528249826817,0.38179224297535835
322,1573354800,412,162,0,574,45,-0.7385528249826817,-0.8294541899247566
322,1573369200,59,72,13,131,45,-0.6845919200662433,-1.2803635762900936
322,1573383600,198,424,226,622,45,0.19953675279540142,-0.7805971909506343
322,1573398000,781,1046,265,1827,45,0.36141946754471665,0.4459170541288938
322,1573412400,1066,879,0,1945,45,-0.7385528249826817,0.5660238432736111
322,1573426800,472,297,0,769,45,-0.7385528249826817,-0.6309726315923848
322,1573441200,107,59,0,166,45,-0.7385528249826817,-1.244738681204796
322,1573455600,46,145,99,191,45,-0.32761977984980456,-1.2192923275724405
322,1573470000,553,1375,822,1928,45,2.673436701272116,0.5487203228036095
322,1573484400,695,1242,547,1937,45,1.5319560203474574,0.5578810101112573
322,1573498800,1240,1324,84,2564,45,-0.389882362445695,1.1960755592107297
322,1573513200,577,502,0,1079,45,-0.7385528249826817,-0.3154378465511784
322,1573527600,126,61,0,187,46,-0.7874696059100943,-1.2196455997481404
322,1573542000,52,162,110,214,46,-0.337653881465901,-1.1885596042857114
322,1573556400,626,1392,766,2018,46,2.3448835297649246,0.8884454258706561
322,1573570800,638,974,336,1612,46,0.586512970573987,0.421004160768946
322,1573585200,1187,1292,105,2479,46,-0.35810005075881884,1.4192100150624996
322,1573599600,669,598,0,1267,46,-0.7874696059100943,0.023794218749019817
322,1573614000,117,52,0,169,46,-0.7874696059100943,-1.240369596723093
322,1573628400,50,176,126,226,46,-0.27222613972856374,-1.1747436063024095
322,1573642800,619,1277,658,1896,46,1.9032462730378983,0.747982779707088
322,1573657200,657,1049,392,1706,46,0.8155100666546672,0.5292294783048099
322,1573671600,1259,1390,131,2649,46,-0.2517799704356459,1.6149366531592748
322,1573686000,730,609,0,1339,46,-0.7874696059100943,0.1066902066488305
322,1573700400,154,67,0,221,46,-0.7874696059100943,-1.1805002721287852
322,1573714800,58,128,70,186,46,-0.501223235809244,-1.2207969329134154
322,1573729200,631,1341,710,1972,46,2.1158864336842442,0.8354841002679994
322,1573743600,693,1089,396,1782,46,0.8318670020890016,0.6167307988657211
322,1573758000,1296,1508,212,2804,46,0.07944797210962369,1.7933932937769228
322,1573772400,804,674,0,1478,46,-0.7874696059100943,0.2667255166220761
322,1573786800,174,75,0,249,46,-0.7874696059100943,-1.1482629435010812
322,1573801200,59,145,86,204,46,-0.43579549407190676,-1.2000729359384628
322,1573815600,595,1350,755,1945,46,2.2999019573205053,0.8043981048055704
322,1573830000,686,1305,619,1991,46,1.743766152553139,0.8573594304082272
322,1573844400,1383,1421,38,2804,46,-0.6320787192839183,1.7933932937769228
322,1573858800,805,817,12,1622,46,-0.7383987996070913,0.43251749242169746
322,1573873200,306,136,0,442,46,-0.7874696059100943,-0.9260556426029775
322,1573887600,40,71,31,111,46,-0.6607033562940035,-1.3071469203090516
322,1573902000,209,569,360,778,46,0.6846545831799928,-0.5392076990705277
322,1573916400,753,1267,514,2020,46,1.3143965974018634,0.8907480922012064
322,1573930800,1281,1161,0,2442,46,-0.7874696059100943,1.376610687947319
322,1573945200,715,620,0,1335,46,-0.7874696059100943,0.1020848739877299
322,1573959600,256,169,0,425,46,-0.7874696059100943,-0.945628306412655
322,1573974000,37,52,15,89,46,-0.7261310980313406,-1.3324762499451048
322,1573988400,140,406,266,546,46,0.30026660047313675,-0.806316993414362
322,1574002800,667,1035,368,1702,46,0.7173684540486615,0.5246241456437093
322,1574017200,951,882,0,1833,46,-0.7874696059100943,0.6754487902947537
322,1574031600,412,268,0,680,46,-0.7874696059100943,-0.6520383492674922
322,1574046000,105,38,0,143,46,-0.7874696059100943,-1.270304259020247
322,1574060400,49,165,116,214,46,-0.31311847831439954,-1.1885596042857114
322,1574074800,570,1192,622,1762,46,1.7560338541288896,0.5937041355602182
322,1574089200,621,844,223,1465,46,0.12442954455404302,0.25175818547349915
322,1574103600,1116,1167,51,2283,46,-0.5789186791223319,1.1935487146685704
322,1574118000,591,465,0,1056,46,-0.7874696059100943,-0.21913707912403646
322,1574132400,129,69,0,198,47,-0.856291677686631,-1.2002029914244374
322,1574146800,45,183,138,228,47,-0.31817321689602995,-1.1668301757561055
322,1574161200,612,1170,558,1782,47,1.3195786202927557,0.5618816758634861
322,1574175600,660,1096,436,1756,47,0.843850705680775,0.5329585689509319
322,1574190000,1236,1460,224,2696,47,0.0171759688140547,1.5786401265586643
322,1574204400,740,611,0,1351,47,-0.856291677686631,0.08242555742845142
322,1574218800,142,45,0,187,47,-0.856291677686631,-1.2124396905028256
322,1574233200,60,182,122,242,47,-0.38056376307465034,-1.151256195110884
322,1574247600,650,1373,723,2023,47,1.9629811277597786,0.8299766283990856
322,1574262000,643,1084,441,1727,47,0.8633477513615939,0.5006981804715444
322,1574276400,1181,1484,303,2665,47,0.3252292905709929,1.5441548837013879
322,1574290800,700,605,0,1305,47,-0.856291677686631,0.0312539067370092
322,1574305200,152,73,0,225,47,-0.856291677686631,-1.1701674573229386
322,1574319600,49,174,125,223,47,-0.36886553566615904,-1.1723923117008275
322,1574334000,628,1125,497,1753,47,1.0817146629867653,0.5296212873840986
322,1574348400,652,1169,517,1821,47,1.159702845710041,0.6052663362323176
322,1574362800,1304,1391,87,2695,47,-0.5170430828403825,1.5775276993697198
322,1574377200,769,664,0,1433,47,-0.856291677686631,0.1736445869218919
322,1574391600,200,93,0,293,47,-0.856291677686631,-1.0945224084747196
322,1574406000,58,174,116,232,47,-0.403960217891633,-1.162380467000328
322,1574420400,609,1409,800,2018,47,2.263235631244389,0.8244144924543636
322,1574434800,803,1251,448,2054,47,0.8906436153147403,0.8644618712563619
322,1574449200,1431,1623,192,3054,47,-0.1076051235431861,1.976889060200758
322,1574463600,735,697,0,1432,47,-0.856291677686631,0.1725321597329475
322,1574478000,243,154,0,397,47,-0.856291677686631,-0.9788299808245025
322,1574492400,44,88,44,132,47,-0.6847176756954249,-1.2736231858947675
322,1574506800,179,654,475,833,47,0.9959276619911622,-0.49381172644474575
322,1574521200,711,1387,676,2098,47,1.7797088983600813,0.9134086675699153
322,1574535600,1385,1266,0,2651,47,-0.856291677686631,1.5285809030561663
322,1574550000,629,548,0,1177,47,-0.856291677686631,-0.11113677344787351
322,1574564400,252,148,0,400,47,-0.856291677686631,-0.9754926992576693
322,1574578800,37,52,15,89,47,-0.7978005406441743,-1.3214575550193766
322,1574593200,127,440,313,567,47,0.3642233819326307,-0.7897173587039551
322,1574607600,534,962,428,1496,47,0.8126554325914648,0.24372749982538885
322,1574622000,781,842,61,1623,47,-0.6184277203806406,0.38500575282132715
322,1574636400,429,299,0,728,47,-0.856291677686631,-0.6106165812839074
322,1574650800,86,52,0,138,47,-0.856291677686631,-1.266948622761101
322,1574665200,44,175,131,219,47,-0.3454690808491764,-1.176842020456605
322,1574679600,599,1452,853,2051,47,2.4699043154610694,0.8611245896895288
322,1574694000,648,1148,500,1796,47,1.0934128903952567,0.5774556565087077
322,1574708400,1336,1268,0,2604,47,-0.856291677686631,1.4762968251757798
322,1574722800,671,567,0,1238,47,-0.856291677686631,-0.04327871492226534
322,1574737200,124,78,0,202,48,-0.6393923013093967,-0.9776324626494267
322,1574751600,49,182,133,231,48,-0.1344363300188988,-0.9394184256949889
322,1574766000,567,1201,634,1768,48,1.7676910505565862,1.0859255328902162
322,1574780400,721,882,161,1603,48,-0.028129809747215018,0.8685008398735871
322,1574794800,1316,1283,0,2599,48,-0.6393923013093967,2.180955350446693
322,1574809200,737,492,0,1229,48,-0.6393923013093967,0.3756715357025613
322,1574823600,149,82,0,231,48,-0.6393923013093967,-0.9394184256949889
322,1574838000,41,189,148,230,48,-0.07748640844478248,-0.9407361511072109
322,1574847627,300,120,0,420,48,-0.6393923013093967,-0.690368322785032
322,1574852400,152,1061,909,1213,48,2.8117729460820517,0.35458792910700937
322,1574863315,531,159,0,690,48,-0.6393923013093967,-0.3345824614850936
322,1574866800,268,1179,911,1447,48,2.8193662689586008,0.662935675566956
322,1574881200,1275,1283,8,2558,48,-0.6090190098032014,2.126928608545591
322,1574895600,567,367,0,934,48,-0.6393923013093967,-0.013057460902926992
322,1574910000,153,90,0,243,48,-0.6393923013093967,-0.9236057207483249
322,1574924400,31,59,28,90,48,-0.533085781037713,-1.12521770881829
322,1574938800,127,247,120,374,48,-0.18379292871646627,-0.7509836917472437
322,1574953200,368,494,126,862,48,-0.16101296008681976,-0.10793369058291057
322,1574967600,375,367,0,742,48,-0.6393923013093967,-0.2660607400495499
322,1574982000,150,188,38,338,48,-0.4951191666549688,-0.7984218065872355
322,1574996400,46,55,9,101,48,-0.6052223483649269,-1.1107227292838482
322,1575010800,19,134,115,153,48,-0.2027762359078384,-1.0422010078483044
322,1575025200,167,822,655,989,48,1.847420940760349,0.05941743676928268
322,1575039600,735,1615,880,2350,48,2.7016697643720935,1.8528417228034166
322,1575054000,1323,1440,117,2763,48,-0.19518291303128954,2.3970623180511
322,1575068400,710,517,0,1227,48,-0.6393923013093967,0.3730360848781173
322,1575082800,219,94,0,313,48,-0.6393923013093967,-0.8313649418927853
322,1575097200,36,93,57,129,48,-0.4229825993277548,-1.0738264177416323
322,1575111600,150,548,398,698,48,0.8716789511238228,-0.3240406581873176
322,1575126000,618,1056,438,1674,48,1.0235454086547997,0.9620593441413486
322,1575140400,1030,971,0,2001,48,-0.6393923013093967,1.3929555539379406
322,1575154800,577,500,0,1077,48,-0.6393923013093967,0.17537727304481818
322,1575169200,175,119,0,294,48,-0.6393923013093967,-0.8564017247250032
322,1575183600,36,70,34,106,48,-0.5103058124080665,-1.1041341022227382
322,1575198000,139,354,215,493,48,0.1768899079196037,-0.5941743676928264
322,1575212400,479,726,247,1205,48,0.2983830739443852,0.34404612580923344
322,1575226800,563,611,48,1174,48,-0.45715255227222457,0.3031966380303516
322,1575241200,310,236,0,546,48,-0.6393923013093967,-0.5243349208450607
322,1575255600,77,53,0,130,48,-0.6393923013093967,-1.0725086923294103
322,1575270000,49,157,108,206,48,-0.22935286597575932,-0.9723615610005387
322,1575284400,536,1141,605,1677,48,1.657587868846628,0.9660125203780147
322,1575298800,556,824,268,1380,48,0.378112964148148,0.5746480729480824
322,1575313200,1039,933,0,1972,48,-0.6393923013093967,1.3547415169835029
322,1575327600,533,337,0,870,48,-0.6393923013093967,-0.09739188728513462
322,1575342000,102,23,0,125,49,-0.7376736027850509,-1.273620706712934
322,1575356400,61,154,93,215,49,-0.35003024310814945,-1.1663505135004808
322,1575370800,590,1210,620,1800,49,1.8466154617276258,0.7227967780743855
322,1575385200,584,834,250,1418,49,0.3043784393571574,0.2674944024393072
322,1575399600,1169,921,0,2090,49,-0.7376736027850509,1.0684451784256228
322,1575414000,677,368,0,1045,49,-0.7376736027850509,-0.17708095387452566
322,1575428400,106,27,0,133,49,-0.7376736027850509,-1.2640855784273826
322,1575442800,58,144,86,202,49,-0.3792077002881313,-1.1818450969645018
322,1575457200,609,1224,615,1833,49,1.8257744208847817,0.7621291822522849
322,1575471600,641,969,328,1610,49,0.6294986765055264,0.49633748129254024
322,1575486000,1195,990,0,2185,49,-0.7376736027850509,1.1816748268165453
322,1575500400,709,367,0,1076,49,-0.7376736027850509,-0.1401323317680141
322,1575514800,146,38,0,184,49,-0.7376736027850509,-1.2032991356069924
322,1575529200,62,150,88,212,49,-0.3708712839509936,-1.1699261866075628
322,1575543600,629,1382,753,2011,49,2.4009871481472804,0.974285786605803
322,1575558000,652,976,324,1628,49,0.612825843831251,0.5177915199350308
322,1575572400,1256,1113,0,2369,49,-0.7376736027850509,1.400982777384227
322,1575586800,727,434,0,1161,49,-0.7376736027850509,-0.03882159373403072
322,1575601200,153,37,0,190,49,-0.7376736027850509,-1.196147789392829
322,1575615600,60,110,50,170,49,-0.5292631943566093,-1.2199856101067075
322,1575630000,578,1323,745,1901,49,2.3676414827987298,0.8431777726794716
322,1575644400,762,1253,491,2015,49,1.3089166079822463,0.9790533507485787
322,1575658800,1422,1563,141,2985,49,-0.14995625101684543,2.135187655371683
322,1575673200,772,737,0,1509,49,-0.7376736027850509,0.37595648668745413
322,1575687600,258,162,0,420,49,-0.7376736027850509,-0.922012851183227
322,1575702000,33,79,46,112,49,-0.5459360270308846,-1.289115290176955
322,1575716400,195,603,408,798,49,0.9629553299910331,-0.4714780396909244
322,1575730800,802,1293,491,2095,49,1.3089166079822463,1.0744046336040924
322,1575745200,1481,1126,0,2607,49,-0.7376736027850509,1.6846528438793804
322,1575759600,708,645,0,1353,49,-0.7376736027850509,0.1900214851192023
322,1575774000,313,172,0,485,49,-0.7376736027850509,-0.844539933863122
322,1575788400,47,61,14,108,49,-0.6793186884250872,-1.2938828543197305
322,1575802800,156,393,237,549,49,0.2501917331657626,-0.768258907578711
322,1575817200,562,996,434,1558,49,1.0713287423738227,0.4343591474364563
322,1575831600,957,818,0,1775,49,-0.7376736027850509,0.6929995021820374
322,1575846000,453,332,0,785,49,-0.7376736027850509,-0.4869726231549454
322,1575860400,117,60,0,177,49,-0.7376736027850509,-1.21164237285685
322,1575874800,48,132,84,180,49,-0.38754411662526894,-1.2080666997497682
322,1575889200,584,1309,725,1893,49,2.2842773194273533,0.8336426443939202
322,1575903600,645,936,291,1581,49,0.4752749742684796,0.4617726412574165
322,1575918000,1165,1284,119,2449,49,-0.24165683072535976,1.4963340602397408
322,1575932400,645,493,0,1138,49,-0.7376736027850509,-0.06623508755499093
322,1575946800,103,68,0,171,50,-0.7443760662894431,-1.2581386861736876
322,1575961200,48,142,94,190,50,-0.3894917878555919,-1.2378477671848718
322,1575975600,604,1377,773,1981,50,2.1739808191293544,0.67483833328718
322,1575990000,742,1131,389,1873,50,0.7242407880804302,0.5595004779823327
322,1576004400,1252,1233,0,2485,50,-0.7443760662894431,1.2130816580431343
322,1576018800,796,590,0,1386,50,-0.7443760662894431,0.039412186005845125
322,1576033200,130,57,0,187,50,-0.7443760662894431,-1.2410515964988953
322,1576047600,47,122,75,169,50,-0.4612237164752001,-1.2602745723830366
322,1576062000,629,1345,716,1974,50,1.9587850332705297,0.6673627315544585
322,1576076400,748,1245,497,1993,50,1.1319801718129403,0.6876536505432742
322,1576090800,1293,1363,70,2656,50,-0.48010053979614964,1.395699928942476
322,1576105200,775,607,0,1382,50,-0.7443760662894431,0.035140413587147076
322,1576119600,145,88,0,233,50,-0.7443760662894431,-1.1919262136838678
322,1576134000,48,134,86,182,50,-0.41969470516911117,-1.2463913120222678
322,1576148400,628,1359,731,1987,50,2.015415503233378,0.6812459919152272
322,1576162800,810,1162,352,1972,50,0.5845522955054038,0.6652268453451095
322,1576177200,1399,1444,45,2843,50,-0.5744846564008973,1.5954052895166098
322,1576191600,959,707,0,1666,50,-0.7443760662894431,0.3384362553147086
322,1576206000,201,64,0,265,50,-0.7443760662894431,-1.1577520343342833
322,1576220400,63,127,64,190,50,-0.5027527277812891,-1.2378477671848718
322,1576234800,559,1391,832,1950,50,2.3967273343165587,0.6417320970422702
322,1576249200,890,1395,505,2285,50,1.1621830891264595,0.9994930371082319
322,1576263600,1518,1615,97,3133,50,-0.3781656938630222,1.9051087898722185
322,1576278000,850,808,0,1658,50,-0.7443760662894431,0.3298927104773125
322,1576292400,272,189,0,461,50,-0.7443760662894431,-0.948435185818079
322,1576306800,34,78,44,112,50,-0.5782600210650872,-1.3211473293494838
322,1576321200,185,638,453,823,50,0.9658641265885842,-0.5618397819259054
322,1576335600,906,1219,313,2125,50,0.43731307360199745,0.8286221403603099
322,1576350000,1353,1208,0,2561,50,-0.7443760662894431,1.2942453339983973
322,1576364400,771,631,0,1402,50,-0.7443760662894431,0.056499275680637326
322,1576378800,298,166,0,464,50,-0.7443760662894431,-0.9452313565040554
322,1576393200,41,70,29,111,50,-0.6348904910279358,-1.3222152724541583
322,1576407600,131,434,303,565,50,0.3995594269600984,-0.8373691029319297
322,1576422000,710,1266,556,1976,50,1.3547266870001446,0.6694986177638075
322,1576436400,1283,945,0,2228,50,-0.7443760662894431,0.9386202801417847
322,1576450800,485,332,0,817,50,-0.7443760662894431,-0.5682474405539525
322,1576465200,109,53,0,162,50,-0.7443760662894431,-1.2677501741157582
322,1576479600,61,155,94,216,50,-0.3894917878555919,-1.2100812464633346
322,1576494000,574,1325,751,1899,50,2.090922796517176,0.58726699870387
322,1576508400,725,1102,377,1827,50,0.6789364121101514,0.5103750951673052
322,1576522800,1333,1368,35,2701,50,-0.6122383030427964,1.443757368652829
322,1576537200,760,641,0,1401,50,-0.7443760662894431,0.05543133257596281
322,1576551600,136,82,0,218,51,-0.8374168331634032,-1.1780574984362466
322,1576566000,61,139,78,200,51,-0.5532467953093211,-1.197272831427634
322,1576580400,561,1260,699,1821,51,1.709183890682794,0.5331746562967302
322,1576594800,679,1165,486,1844,51,0.9331810950043391,0.5577275817857249
322,1576609200,1221,1342,121,2563,51,-0.3965889539282245,1.325273382941689
322,1576623600,747,647,0,1394,51,-0.8374168331634032,0.0773442570010464
322,1576638000,147,81,0,228,51,-0.8374168331634032,-1.1673823134410317
322,1576652400,54,162,108,216,51,-0.44395062690390485,-1.1801925354352898
322,1576666800,616,1374,758,1990,51,1.9241330218801127,0.7135852827158651
322,1576681200,762,1242,480,2004,51,0.911321861323256,0.7285305417091661
322,1576695600,1351,1436,85,2787,51,-0.5277443560147239,1.5643975268345067
322,1576710000,789,614,0,1403,51,-0.8374168331634032,0.08695192349673997
322,1576724400,171,79,0,250,51,-0.8374168331634032,-1.1438969064515585
322,1576738800,54,129,75,183,51,-0.5641764121498627,-1.2154206459194996
322,1576753200,599,1326,727,1925,51,1.8111936478611825,0.644196580246967
322,1576767600,782,1316,534,2098,51,1.108054964453005,0.8288772806641879
322,1576782000,1433,1571,138,3004,51,-0.3346544584984887,1.796049041230674
322,1576796400,162,639,477,801,51,0.9003922444827144,-0.5556942132152077
322,1576810800,968,133,0,1101,51,-0.8374168331634032,-0.23543866335875538
322,1576825200,39,174,135,213,51,-0.3455840753390303,-1.1833950909338542
322,1576839600,510,1358,848,1868,51,2.2520215270963613,0.583348025774241
322,1576854000,863,1455,592,2318,51,1.3193608900368097,1.0637313505589197
322,1576868400,1485,1583,98,3068,51,-0.4803826830390436,1.8643702252000505
322,1576882800,787,746,0,1533,51,-0.8374168331634032,0.22572932843453597
322,1576897200,228,130,0,358,51,-0.8374168331634032,-1.0286049085032356
322,1576911600,33,90,57,123,51,-0.6297541131931124,-1.27947175589079
322,1576926000,159,607,448,766,51,0.7947392816908121,-0.5930573606984605
322,1576940400,816,1223,407,2039,51,0.6453678515367433,0.765893689192419
322,1576954800,1257,1130,0,2387,51,-0.8374168331634032,1.1373901270259037
322,1576969200,679,493,0,1172,51,-0.8374168331634032,-0.15964484989272834
322,1576983600,176,102,0,278,51,-0.8374168331634032,-1.1140063884649563
322,1576998000,30,73,43,103,51,-0.6807589917823066,-1.30082212588122
322,1577012400,124,397,273,521,51,0.15717829932588423,-0.8545993930812299
322,1577026800,658,1145,487,1803,51,0.936824300617853,0.5139593233053431
322,1577041200,1095,1021,0,2116,51,-0.8374168331634032,0.848092613655575
322,1577055600,503,312,0,815,51,-0.8374168331634032,-0.5407489542219066
322,1577070000,106,74,0,180,51,-0.8374168331634032,-1.218623201418064
322,1577084400,29,149,120,178,51,-0.40023215954173835,-1.220758238417107
322,1577098800,352,1064,712,1416,51,1.7565455636584746,0.10082966399051957
322,1577113200,818,1486,668,2304,51,1.5962445166638641,1.0487860915656184
322,1577127600,1433,1412,0,2845,51,-0.8374168331634032,1.6263135998067542
322,1577142000,657,414,0,1071,51,-0.8374168331634032,-0.2674642183444006
322,1577156400,112,61,0,173,52,-0.6461350459550435,-0.8252487037391446
322,1577170800,29,118,89,147,52,-0.24116308053251623,-0.8600746784228228
322,1577185200,244,790,546,1034,52,1.8382997082101236,0.3280268425165079
322,1577199600,706,1134,428,1840,52,1.3013705855150874,1.4076320577105335
322,1577214000,955,831,0,1786,52,-0.6461350459550435,1.335301187213663
322,1577228400,318,267,0,585,52,-0.6461350459550435,-0.2733909510593202
322,1577242800,72,55,0,127,52,-0.6461350459550435,-0.8868638897179599
322,1577257200,14,34,20,48,52,-0.5551301099050373,-0.9926812743337515
322,1577271600,67,135,68,202,52,-0.33671826338502264,-0.7864043473611958
322,1577286000,279,423,144,702,52,0.009100493605000612,-0.11667406498276811
322,1577300400,430,362,0,792,52,-0.6461350459550435,0.003877385845348864
322,1577314800,203,166,0,369,52,-0.6461350459550435,-0.5627144330468009
322,1577329200,52,57,5,109,52,-0.6233838119425419,-0.9109741798835833
322,1577343600,23,113,90,136,52,-0.2366128337300159,-0.8748087446351482
322,1577358000,239,839,600,1078,52,2.0840130355451403,0.38696310736580947
322,1577372400,692,1335,643,2027,52,2.279673648052653,1.6581111833200652
322,1577386800,1245,1310,65,2555,52,-0.35036900379252356,2.3653463615116848
322,1577401200,691,406,0,1097,52,-0.6461350459550435,0.4124128580961897
322,1577415600,118,68,0,186,52,-0.6461350459550435,-0.8078357163973054
