remote_unit_id,time_stamp,entries,exits,num_people_exited,sum_exit_entry,week_num,z_score_num_people_exited,z_score_sum_exit_entry
302,1546300800,0,0,0,0,1,-0.5255965727801756,-1.108629537381119
302,1546315200,188,58,0,246,1,-0.5255965727801756,-0.3422978065841885
302,1546329600,20,57,37,77,1,-0.2936235327062213,-0.868761475302405
302,1546344000,57,180,123,237,1,0.24555704692513175,-0.37033433332066157
302,1546358400,242,298,56,540,1,-0.17450224185743402,0.5735620668072652
302,1546372800,330,163,0,493,1,-0.5255965727801756,0.427149093850128
302,1546387200,144,50,0,194,1,-0.5255965727801756,-0.5042866277282552
302,1546401600,19,15,0,34,1,-0.5255965727801756,-1.0027137697099986
302,1546416000,23,202,179,225,1,0.5966513778478733,-0.4077163689692923
302,1546430400,120,649,529,769,1,2.790990946115008,1.2869359137686356
302,1546444800,307,293,0,600,1,-0.5255965727801756,0.760472245050419
302,1546459200,735,261,0,996,1,-0.5255965727801756,1.994079421455234
302,1546473600,193,64,0,257,1,-0.5255965727801756,-0.3080309405729436
302,1546488000,30,17,0,47,1,-0.5255965727801756,-0.962216564423982
302,1546502400,21,231,210,252,1,0.7910071681801052,-0.32360678875987314
302,1546516800,147,696,549,843,1,2.9163817785874158,1.5174584669351918
302,1546531200,314,295,0,609,1,-0.5255965727801756,0.788508771786892
302,1546545600,772,269,0,1041,1,-0.5255965727801756,2.1342620551375995
302,1546560000,238,80,0,318,1,-0.5255965727801756,-0.11800559269240393
302,1546574400,27,12,0,39,1,-0.5255965727801756,-0.9871379215230691
302,1546588800,26,211,185,237,1,0.6342686275895956,-0.37033433332066157
302,1546603200,126,664,538,790,1,2.8474168207275916,1.3523544761537394
302,1546617600,330,353,23,683,1,-0.3813971154369067,1.0190313249534484
302,1546632000,764,299,0,1063,1,-0.5255965727801756,2.202795787160089
302,1546646400,280,98,0,378,1,-0.5255965727801756,0.06890458555074987
302,1546660800,36,21,0,57,1,-0.5255965727801756,-0.931064868050123
302,1546675200,12,32,20,44,1,-0.40020574030776784,-0.9715620733361396
302,1546689600,26,86,60,112,1,-0.14942407536295246,-0.7597305379938987
302,1546704000,58,134,76,192,1,-0.04911140938502632,-0.510516967003027
302,1546718400,98,136,38,234,1,-0.2873539910826009,-0.37967984223281925
302,1546732800,81,58,0,139,1,-0.5255965727801756,-0.6756209577844795
302,1546747200,23,22,0,45,1,-0.5255965727801756,-0.9684469036987537
302,1546761600,8,14,6,22,1,-0.48797932303845326,-1.0400958053586293
302,1546776000,14,84,70,98,1,-0.08672865912674863,-0.8033429129173012
302,1546790400,59,127,68,186,1,-0.09926774237398939,-0.5292079848273423
302,1546804800,108,92,0,200,1,-0.5255965727801756,-0.48559560990393974
302,1546819200,57,29,0,86,1,-0.5255965727801756,-0.8407249485659319
302,1546833600,11,19,8,30,1,-0.47544023979121247,-1.0151744482595422
302,1546848000,22,217,195,239,1,0.6969640438257995,-0.3641039940458898
302,1546862400,140,691,551,831,1,2.9289208618346563,1.480076431286561
302,1546876800,263,251,0,514,1,-0.5255965727801756,0.49256765623523185
302,1546891200,752,198,0,950,1,-0.5255965727801756,1.8507816181354828
302,1546905600,223,59,0,282,2,-0.5406682416543779,-0.3377354497903696
302,1546920000,28,11,0,39,2,-0.5406682416543779,-1.0253332955036178
302,1546934400,26,239,213,265,2,0.5251797287819518,-0.3858390027826545
302,1546948800,106,728,622,834,2,2.571807991262979,1.224215212076762
302,1546963200,284,229,0,513,2,-0.5406682416543779,0.31590694675185393
302,1546977600,817,225,0,1042,2,-0.5406682416543779,1.8127763310411884
302,1546992000,240,51,0,291,2,-0.5406682416543779,-0.3122688629121012
302,1547006400,21,10,0,31,2,-0.5406682416543779,-1.0479702616176343
302,1547020800,31,261,230,292,2,0.6102474071735837,-0.3094392421478491
302,1547035200,113,744,631,857,2,2.6168438209997253,1.2892964896545591
302,1547049600,334,284,0,618,2,-0.5406682416543779,0.6130171269983192
302,1547064000,816,236,0,1052,2,-0.5406682416543779,1.8410725386837088
302,1547078400,201,63,0,264,2,-0.5406682416543779,-0.38866862354690657
302,1547092800,27,13,0,40,2,-0.5406682416543779,-1.0225036747393659
302,1547107200,24,212,188,236,2,0.40008020173543424,-0.46789800494596395
302,1547121600,144,769,625,913,2,2.5868199345085614,1.447755252452674
302,1547136000,311,299,0,610,2,-0.5406682416543779,0.5903801608843028
302,1547150400,849,254,0,1103,2,-0.5406682416543779,1.9853831976605634
302,1547164800,199,63,0,262,2,-0.5406682416543779,-0.3943278650754106
302,1547179200,28,15,0,43,2,-0.5406682416543779,-1.0140148124466097
302,1547193600,24,240,216,264,2,0.5401916720275339,-0.38866862354690657
302,1547208000,139,721,582,860,2,2.371648747988551,1.2977853519473155
302,1547222400,325,312,0,637,2,-0.5406682416543779,0.6667799215191081
302,1547236800,798,285,0,1083,2,-0.5406682416543779,1.9287907823755224
302,1547251200,267,68,0,335,2,-0.5406682416543779,-0.18776554928501096
302,1547265600,25,25,0,50,2,-0.5406682416543779,-0.9942074670968453
302,1547280000,10,33,23,43,2,-0.4255766767715817,-1.0140148124466097
302,1547294400,18,106,88,124,2,-0.100317906450636,-0.7848155305421936
302,1547308800,67,169,102,236,2,-0.03026217130458617,-0.46789800494596395
302,1547323200,89,133,44,222,2,-0.32049307405250693,-0.5075126956454926
302,1547337600,79,53,0,132,2,-0.5406682416543779,-0.7621785644281772
302,1547352000,29,22,0,51,2,-0.5406682416543779,-0.9913778463325932
302,1547366400,9,24,15,33,2,-0.4656085254264673,-1.0423110200891301
302,1547380800,20,84,64,104,2,-0.22041345241529287,-0.8414079458272345
302,1547395200,52,121,69,173,2,-0.19539354700598935,-0.6461641130938431
302,1547409600,94,76,0,170,2,-0.5406682416543779,-0.6546529753865993
302,1547424000,80,29,0,109,2,-0.5406682416543779,-0.8272598420059744
302,1547438400,17,15,0,32,2,-0.5406682416543779,-1.045140640853382
302,1547452800,27,214,187,241,2,0.39507622065357356,-0.4537499011247037
302,1547467200,110,749,639,859,2,2.656875669654611,1.2949557311830633
302,1547481600,265,232,0,497,2,-0.5406682416543779,0.27063301452382116
302,1547496000,801,214,0,1015,2,-0.5406682416543779,1.736376570406383
302,1547510400,240,64,0,304,3,-0.4957831231960356,-0.3282839599322109
302,1547524800,20,13,0,33,3,-0.4957831231960356,-0.9727351555079998
302,1547539200,29,233,204,262,3,0.3379499090990838,-0.42816200500299734
302,1547553600,161,1012,851,1173,3,2.9821914379958594,1.7382403535562048
302,1547568000,320,351,31,671,3,-0.3690883977002087,0.5444599100910901
302,1547582400,882,263,0,1145,3,-0.4957831231960356,1.6716549901756803
302,1547596800,256,80,0,336,3,-0.4957831231960356,-0.2521864017830402
302,1547611200,27,33,6,60,3,-0.4712615634226498,-0.9085278408196371
302,1547625600,34,287,253,321,3,0.5382093139150684,-0.28785713216546394
302,1547640000,158,1087,929,1245,3,3.3009717150498754,1.9094598593918386
302,1547654400,355,373,18,728,3,-0.42221844387587804,0.6800086855443003
302,1547668800,1028,342,0,1370,3,-0.4957831231960356,2.2067159459120367
302,1547683200,279,96,0,375,3,-0.4957831231960356,-0.15944250278873848
302,1547697600,30,29,0,59,3,-0.4957831231960356,-0.9109058895117987
302,1547712000,39,299,260,338,3,0.5668178003173518,-0.24743030439871705
302,1547726400,175,984,809,1159,3,2.8105405195821582,1.7049476718659424
302,1547740800,392,427,35,819,3,-0.3527406911846181,0.8964111165310044
302,1547755200,998,289,0,1287,3,-0.4957831231960356,2.009337904462625
302,1547769600,263,105,0,368,3,-0.4957831231960356,-0.17608884363386956
302,1547784000,43,25,0,68,3,-0.4957831231960356,-0.8895034512823444
302,1547798400,46,260,214,306,3,0.3788191753880602,-0.3235278625478877
302,1547812800,185,929,744,1114,3,2.5448902887038116,1.5979354807186712
302,1547827200,427,327,0,754,3,-0.4957831231960356,0.7418379515405015
302,1547841600,818,324,0,1142,3,-0.4957831231960356,1.6645208440991957
302,1547856000,247,100,0,347,3,-0.4957831231960356,-0.22602786616926282
302,1547870400,30,27,0,57,3,-0.4957831231960356,-0.9156619868961219
302,1547884800,9,25,16,34,3,-0.43039229713367333,-0.9703571068158383
302,1547899200,22,101,79,123,3,-0.17291591951312177,-0.7587107732134574
302,1547913600,93,171,78,264,3,-0.17700284614201942,-0.4234059076186742
302,1547928000,93,111,18,204,3,-0.42221844387587804,-0.5660888291483691
302,1547942400,74,50,0,124,3,-0.4957831231960356,-0.7563327245212957
302,1547956800,22,40,18,62,3,-0.42221844387587804,-0.903771743435314
302,1547971200,9,18,9,27,3,-0.45900078353595686,-0.9870034476609694
302,1547985600,12,70,58,82,3,-0.25874137871997227,-0.8562107695920823
302,1548000000,54,123,69,177,3,-0.2137851858020982,-0.6302961438367319
302,1548014400,66,73,7,139,3,-0.46717463679375215,-0.720661994138872
302,1548028800,53,28,0,81,3,-0.4957831231960356,-0.8585888182842438
302,1548043200,12,10,0,22,3,-0.4957831231960356,-0.9988936911217773
302,1548057600,14,112,98,126,3,-0.09526431356406652,-0.7515766271369726
302,1548072000,57,348,291,405,3,0.6935125258131789,-0.088101042023891
302,1548086400,204,201,0,405,3,-0.4957831231960356,-0.088101042023891
302,1548100800,323,127,0,450,3,-0.4957831231960356,0.018911149123380232
302,1548115200,153,49,0,202,4,-0.506012033825751,-0.4940907126745811
302,1548129600,16,11,0,27,4,-0.506012033825751,-0.9789460849253383
302,1548144000,25,236,211,261,4,0.5210474491104409,-0.33062518717289724
302,1548158400,94,772,678,866,4,2.794207536936041,1.345589099751149
302,1548172800,276,234,0,510,4,-0.506012033825751,0.3592547424867516
302,1548187200,716,239,0,955,4,-0.506012033825751,1.5921726890672487
302,1548201600,226,54,0,280,4,-0.506012033825751,-0.27798374675710075
302,1548216000,28,11,0,39,4,-0.506012033825751,-0.9456988593995721
302,1548230400,26,186,160,212,4,0.2728008442301291,-0.4663846914031093
302,1548244800,113,739,626,852,4,2.54109335156788,1.3068006699710886
302,1548259200,271,263,0,534,4,-0.506012033825751,0.425749193538284
302,1548273600,747,265,0,1012,4,-0.506012033825751,1.750097010314638
302,1548288000,271,72,0,343,4,-0.506012033825751,-0.10343581274682816
302,1548302400,29,14,0,43,4,-0.506012033825751,-0.9346164508909833
302,1548316800,21,230,209,251,4,0.5113122881347424,-0.3583312084443691
302,1548331200,129,750,621,879,4,2.5167554491286337,1.3816069274040625
302,1548345600,307,247,0,554,4,-0.506012033825751,0.4811612360812277
302,1548360000,790,275,0,1065,4,-0.506012033825751,1.8969389230534388
302,1548374400,298,83,0,381,4,-0.506012033825751,0.001847068084764842
302,1548388800,26,11,0,37,4,-0.506012033825751,-0.9512400636538665
302,1548403200,26,223,197,249,4,0.4529013222805514,-0.36387241269866344
302,1548417600,135,780,645,915,4,2.633577380837016,1.4813486039813613
302,1548432000,329,291,0,620,4,-0.506012033825751,0.6640209764729418
302,1548446400,803,309,0,1112,4,-0.506012033825751,2.0271572230293566
302,1548460800,258,73,0,331,4,-0.506012033825751,-0.13668303827259437
302,1548475200,34,20,0,54,4,-0.506012033825751,-0.9041398274923643
302,1548489600,9,32,23,41,4,-0.3940576826052182,-0.9401576551452777
302,1548504000,24,97,73,121,4,-0.15067865821275567,-0.718509484973503
302,1548518400,86,158,72,244,4,-0.1555462387006049,-0.37772542333439935
302,1548532800,116,149,33,265,4,-0.3453818777267257,-0.3195427786643085
302,1548547200,79,57,0,136,4,-0.506012033825751,-0.6769504530662952
302,1548561600,23,21,0,44,4,-0.506012033825751,-0.9318458487638361
302,1548576000,9,17,8,26,4,-0.46707138992295694,-0.9817166870524855
302,1548583216,7,28,21,35,4,-0.40379284358091666,-0.9567812679081609
302,1548583288,0,0,0,0,4,-0.506012033825751,-1.0537523423583122
302,1548583354,0,0,0,0,4,-0.506012033825751,-1.0537523423583122
302,1548590400,11,66,55,77,4,-0.23829510699404216,-0.8404159785679791
302,1548604800,55,107,52,162,4,-0.2528978484575899,-0.6049147977604684
302,1548619200,78,92,14,170,4,-0.4378659069958614,-0.582749980743291
302,1548633600,91,41,0,132,4,-0.506012033825751,-0.688032861574884
302,1548648000,12,26,14,38,4,-0.4378659069958614,-0.9484694615267193
302,1548662400,26,254,228,280,4,0.6037963174038782,-0.27798374675710075
302,1548676800,142,855,713,997,4,2.9645728540107648,1.7085379784074304
302,1548691200,301,326,25,627,4,-0.3843225216295197,0.6834151913629721
302,1548705600,766,370,0,1136,4,-0.506012033825751,2.093651674080889
302,1548720000,224,71,0,295,5,-0.562298502608708,-0.46587612892397795
302,1548734400,26,16,0,42,5,-0.562298502608708,-1.107724280802904
302,1548747979,25,205,180,230,5,0.17993552083478648,-0.6307778280233067
302,1548748800,9,58,49,67,5,-0.3602459073379789,-1.0443005503800853
302,1548763200,142,943,801,1085,5,2.740642901714842,1.5383137524370956
302,1548777600,333,349,16,682,5,-0.4963221449692862,0.5159232180212568
302,1548792000,844,350,0,1194,5,-0.562298502608708,1.8148412170805854
302,1548806400,258,68,0,326,5,-0.562298502608708,-0.38723070319968267
302,1548820800,25,15,0,40,5,-0.562298502608708,-1.1127981792367294
302,1548835200,33,276,243,309,5,0.43971742904000954,-0.4303588398871994
302,1548849600,151,897,746,1048,5,2.51384917232933,1.4444466314113238
302,1548864000,334,374,40,708,5,-0.3973576085101536,0.5818838976609884
302,1548878400,836,333,0,1169,5,-0.562298502608708,1.7514174866577668
302,1548892800,260,75,0,335,5,-0.562298502608708,-0.3643981602474679
302,1548907200,32,21,0,53,5,-0.562298502608708,-1.0798178394168638
302,1548921600,33,257,224,290,5,0.36137050434319623,-0.47856087500854166
302,1548936000,122,870,748,992,5,2.522096217034258,1.3023774752642097
302,1548950400,286,334,48,620,5,-0.3643694296904428,0.35863236657266623
302,1548964800,799,349,0,1148,5,-0.562298502608708,1.698141553102599
302,1548979200,241,74,0,315,5,-0.562298502608708,-0.41513714458572293
302,1548993600,31,28,0,59,5,-0.562298502608708,-1.0645961441153873
302,1549008000,29,235,206,264,5,0.2871471019988468,-0.5445215546482732
302,1549022400,139,765,626,904,5,2.019026490033667,1.0791259441758876
302,1549036800,339,304,0,643,5,-0.562298502608708,0.4169821985616595
302,1549051200,787,309,0,1096,5,-0.562298502608708,1.566220193823136
302,1549065600,180,95,0,275,5,-0.562298502608708,-0.516615113262233
302,1549080000,31,27,0,58,5,-0.562298502608708,-1.0671330933323
302,1549094400,14,81,67,95,5,-0.28602250499362947,-0.9732659723065282
302,1549108800,64,228,164,292,5,0.11395916319536475,-0.47348697657471617
302,1549123200,206,367,161,573,5,0.10158859613797319,0.23939575337776692
302,1549137600,283,332,49,615,5,-0.3602459073379789,0.34594762048810246
302,1549152000,145,105,0,250,5,-0.562298502608708,-0.5800388436850518
302,1549166400,32,23,0,55,5,-0.562298502608708,-1.0747439409830382
302,1549180800,15,40,25,55,5,-0.4592104437971115,-1.0747439409830382
302,1549195200,47,221,174,268,5,0.15519438672000332,-0.5343737577806222
302,1549209600,167,315,148,482,5,0.04798280555594303,0.008533374638706553
302,1549224000,296,189,0,485,5,-0.562298502608708,0.016144222289444808
302,1549238400,99,61,0,160,5,-0.562298502608708,-0.8083642732071994
302,1549252800,12,10,0,22,5,-0.562298502608708,-1.158463265141159
302,1549267200,26,231,205,257,5,0.2830235796463829,-0.5622801991666625
302,1549267874,4,57,53,61,5,-0.3437518179281235,-1.0595222456815618
302,1549281600,141,1091,950,1232,5,3.355047732231957,1.91124528732327
302,1549296000,319,396,77,715,5,-0.24478728146899087,0.5996425421793776
302,1549310400,859,337,0,1196,5,-0.562298502608708,1.8199151155144109
302,1549324800,248,95,0,343,6,-0.581060978473902,-0.5018758081921311
302,1549339200,21,8,0,29,6,-0.581060978473902,-1.206348951160231
302,1549353600,29,374,345,403,6,0.5644592362317906,-0.3672631057141501
302,1549362833,105,914,809,1019,6,2.1051009162997367,1.0147606397264537
302,1549368000,73,231,158,304,6,-0.05644592362317906,-0.5893740648028186
302,1549382400,317,409,92,726,6,-0.2755889212190507,0.35740194262564706
302,1549396800,882,445,0,1327,6,-0.581060978473902,1.7057725124467558
302,1549411200,286,109,0,395,6,-0.581060978473902,-0.3852114660445476
302,1549425600,20,17,0,37,6,-0.581060978473902,-1.1884005908298336
302,1549440000,27,342,315,369,6,0.46484878277912167,-0.4435436371183393
302,1549454400,153,1201,1048,1354,6,2.8986641954726657,1.7663482285618473
302,1549468800,344,430,86,774,6,-0.29551101190958445,0.4650921046080318
302,1549483200,863,439,0,1302,6,-0.581060978473902,1.6496838864142638
302,1549497600,287,106,0,393,6,-0.581060978473902,-0.38969855612714693
302,1549512000,25,16,0,41,6,-0.581060978473902,-1.1794264106646348
302,1549526400,30,323,293,353,6,0.3918011169138311,-0.4794403577791342
302,1549540800,160,963,803,1123,6,2.0851788256092028,1.2480893240216206
302,1549555200,354,396,42,750,6,-0.44160634364016554,0.4112470236168394
302,1549569600,880,425,0,1305,6,-0.581060978473902,1.6564145215381627
302,1549584000,288,128,0,416,6,-0.581060978473902,-0.33809702017725424
302,1549598400,34,17,0,51,6,-0.581060978473902,-1.1569909602516382
302,1549612800,36,306,270,342,6,0.31543310260011825,-0.5041193532334307
302,1549627200,157,1194,1037,1351,6,2.8621403625400204,1.759617593437948
302,1549641600,368,266,0,634,6,-0.581060978473902,0.15099579882607636
302,1549656000,847,320,0,1167,6,-0.581060978473902,1.3468053058388068
302,1549670400,267,94,0,361,6,-0.581060978473902,-0.46149199744873676
302,1549684800,54,39,0,93,6,-0.581060978473902,-1.0627620685170514
302,1549699200,18,87,69,105,6,-0.3519569355327635,-1.0358395280214552
302,1549713600,76,340,264,416,6,0.29551101190958445,-0.33809702017725424
302,1549728000,203,414,211,617,6,0.1195325441432027,0.11285553312398176
302,1549742400,319,317,0,636,6,-0.581060978473902,0.1554828889086757
302,1549756800,177,107,0,284,6,-0.581060978473902,-0.6342449656288123
302,1549771200,50,28,0,78,6,-0.581060978473902,-1.0964152441365467
302,1549785600,13,43,30,56,6,-0.48145052502123314,-1.1457732350451397
302,1549800000,65,195,130,260,6,-0.1494156801790034,-0.6880900466200046
302,1549814400,162,315,153,477,6,-0.07304766586529055,-0.20124077265797366
302,1549828800,279,214,0,493,6,-0.581060978473902,-0.16534405199717878
302,1549843200,133,70,0,203,6,-0.581060978473902,-0.8159721139740864
302,1549857600,18,15,0,33,6,-0.581060978473902,-1.1973747709950324
302,1549872000,30,249,219,279,6,0.1460953317305811,-0.6454626908353106
302,1549886400,142,1194,1052,1336,6,2.911945589266355,1.7259644178184528
302,1549900800,384,483,99,867,6,-0.2523464820800946,0.6737417934489022
302,1549915200,1057,409,0,1466,6,-0.581060978473902,2.0176252731874116
302,1549929600,263,97,0,360,7,-0.6098001580945502,-0.369374069527625
302,1549944000,35,16,0,51,7,-0.6098001580945502,-1.1314737444458944
302,1549958400,49,465,416,514,7,1.0286240127264812,0.010442596936496316
302,1549972800,153,1222,1069,1375,7,3.600477338558533,2.1339630503495384
302,1549987200,465,346,0,811,7,-0.6098001580945502,0.7429461679744446
302,1550001600,986,285,0,1271,7,-0.6098001580945502,1.8774634833867552
302,1550016000,314,95,0,409,7,-0.6098001580945502,-0.24852331201631367
302,1550030400,33,20,0,53,7,-0.6098001580945502,-1.126541060465841
302,1550044800,41,393,352,434,7,0.7765587556770918,-0.18686476226564463
302,1550046803,19,185,166,204,7,0.04399410237730367,-0.7541234199717999
302,1550049489,28,473,445,501,7,1.142841082326986,-0.021619848933851587
302,1550059200,106,573,467,679,7,1.2294885144377135,0.41738902529091204
302,1550072421,344,435,91,779,7,-0.2513948707274496,0.6640232242935882
302,1550073600,55,58,3,113,7,-0.5979845991703601,-0.9785605410642352
302,1550088000,996,459,0,1455,7,-0.6098001580945502,2.331270409551679
302,1550102400,304,122,0,426,7,-0.6098001580945502,-0.20659549818585873
302,1550116800,39,25,0,64,7,-0.6098001580945502,-1.0994112985755464
302,1550131200,32,447,415,479,7,1.0246854930850846,-0.07587937271444035
302,1550144765,145,1234,1089,1379,7,3.679247731386467,2.1438284183096457
302,1550145600,18,34,16,52,7,-0.5467838438322029,-1.1290074024558676
302,1550160000,393,546,153,939,7,-0.007206652960853564,1.05863794269787
302,1550174400,1053,526,0,1579,7,-0.6098001580945502,2.637096816314998
302,1550188800,258,128,0,386,7,-0.6098001580945502,-0.3052491777869292
302,1550203200,39,21,0,60,7,-0.6098001580945502,-1.1092766665356535
302,1550217600,35,369,334,404,7,0.705665402131951,-0.2608550219664475
302,1550222509,51,591,540,642,7,1.5170004482596733,0.3261343716599218
302,1550232000,111,604,493,715,7,1.331890025114028,0.5061773369318755
302,1550246400,372,366,0,738,7,-0.6098001580945502,0.562903202702491
302,1550260800,763,289,0,1052,7,-0.6098001580945502,1.3373345875708944
302,1550275200,235,80,0,315,7,-0.6098001580945502,-0.4803594590788293
302,1550289600,36,23,0,59,7,-0.6098001580945502,-1.1117430085256803
302,1550304000,15,86,71,101,7,-0.3301652635553838,-1.0081566449445563
302,1550318400,79,284,205,363,7,0.19759636839177536,-0.36197504355754473
302,1550332800,266,462,196,728,7,0.16214969161920498,0.5382397828022234
302,1550347200,376,279,0,655,7,-0.6098001580945502,0.3581968175302697
302,1550361600,158,115,0,273,7,-0.6098001580945502,-0.5839458226599533
302,1550376000,44,24,0,68,7,-0.6098001580945502,-1.0895459306154396
302,1550390400,17,47,30,64,7,-0.4916445688526489,-1.0994112985755464
302,1550404800,59,224,165,283,7,0.04005558273590696,-0.5592824027596857
302,1550419200,221,343,122,564,7,-0.12930076184415157,0.13375969643783442
302,1550433600,302,218,0,520,7,-0.6098001580945502,0.025240648876656887
302,1550448000,168,81,0,249,7,-0.6098001580945502,-0.6431380304205956
302,1550462400,19,11,0,30,7,-0.6098001580945502,-1.1832669262364564
302,1550476800,17,101,84,118,7,-0.27896450821722657,-0.9662288311141014
302,1550491200,80,396,316,476,7,0.6347720485868102,-0.08327839868452064
302,1550505600,250,289,39,539,7,-0.45619789208007855,0.07210114668716536
302,1550520000,421,209,0,630,7,-0.6098001580945502,0.2965382677796007
302,1550534400,146,61,0,207,8,-0.6255981865564861,-0.80513405219889
302,1550548800,21,9,0,30,8,-0.6255981865564861,-1.3057501900415251
302,1550563200,29,203,174,232,8,0.5506728747041559,-0.73442555815332
302,1550577600,141,585,444,726,8,2.375921073212049,0.6627742841871423
302,1550592000,319,295,0,614,8,-0.6255981865564861,0.3460002308629889
302,1550606400,800,281,0,1081,8,-0.6255981865564861,1.6668348996342355
302,1550620800,233,71,0,304,8,-0.6255981865564861,-0.5307850953020785
302,1550635200,33,15,0,48,8,-0.6255981865564861,-1.254840074328715
302,1550649600,33,203,170,236,8,0.5236321606521872,-0.7231121991060288
302,1550664000,167,521,354,688,8,1.7675050070427512,0.555297373237876
302,1550678400,364,244,0,608,8,-0.6255981865564861,0.32903019229205216
302,1550692800,820,241,0,1061,8,-0.6255981865564861,1.6102681043977796
302,1550707200,196,60,0,256,8,-0.6255981865564861,-0.6665454038695728
302,1550721600,30,20,0,50,8,-0.6255981865564861,-1.2491833948050692
302,1550736000,33,199,166,232,8,0.49659144660021837,-0.73442555815332
302,1550750400,149,556,407,705,8,2.1257944682313377,0.6033791491888636
302,1550764800,367,253,0,620,8,-0.6255981865564861,0.36297026943392574
302,1550779200,844,270,0,1114,8,-0.6255981865564861,1.760170111774388
302,1550793600,223,76,0,299,8,-0.6255981865564861,-0.5449267941111925
302,1550808000,39,13,0,52,8,-0.6255981865564861,-1.2435267152814238
302,1550822400,31,166,135,197,8,0.2870259126974603,-0.833417449817118
302,1550836800,149,520,371,669,8,1.8824280417636186,0.5015589177632428
302,1550851200,342,297,0,639,8,-0.6255981865564861,0.41670872490855887
302,1550865600,828,304,0,1132,8,-0.6255981865564861,1.8110802274871982
302,1551484800,9503,9733,230,19236,9,1.3438464264388719,4.115503141485463
302,1551499200,55,29,0,84,9,-0.7603609129926446,-0.3105487789231266
302,1551513600,19,93,74,112,9,-0.08335507334946107,-0.30407794278217837
302,1551528000,109,315,206,424,9,1.1242769649329745,-0.23197434006875522
302,1551542400,238,347,109,585,9,0.23685039134663927,-0.19476703225830289
302,1551556800,384,314,0,698,9,-0.7603609129926446,-0.16865258640376182
302,1551571200,195,102,0,297,9,-0.7603609129926446,-0.26132420399377043
302,1551585600,43,34,0,77,9,-0.7603609129926446,-0.31216648795836366
302,1551600000,17,45,28,62,9,-0.5041965412357644,-0.31563300731958593
302,1551614400,61,245,184,306,9,0.9230049585525686,-0.25924429237703706
302,1551628800,223,317,94,540,9,0.0996194779054534,-0.20516659034196968
302,1551643200,277,223,0,500,9,-0.7603609129926446,-0.21441064197189574
302,1551657600,177,59,0,236,9,-0.7603609129926446,-0.27542138272940764
302,1551672000,16,14,0,30,9,-0.7603609129926446,-0.32302824862352675
302,1551686400,25,210,185,235,9,0.9321536861153142,-0.2756524840201558
302,1551700800,147,533,386,680,9,2.771047926227205,-0.17281240963722855
302,1551715200,308,283,0,591,9,-0.7603609129926446,-0.193380424513814
302,1551729600,772,235,0,1007,9,-0.7603609129926446,-0.09724228756258314
302,1551744000,256,64,0,320,10,-0.6063128927972484,-0.5392413129468977
302,1551758400,44,24,0,68,10,-0.6063128927972484,-1.2415090693428574
302,1551772800,28,244,216,272,10,0.45086000042908975,-0.6730065998794614
302,1551787200,172,746,574,918,10,2.203026184572743,1.1272512200879592
302,1551801600,349,300,0,649,10,-0.6063128927972484,0.37760825790338315
302,1551816000,832,275,0,1107,10,-0.6063128927972484,1.653952037384929
302,1551830400,275,60,0,335,10,-0.6063128927972484,-0.4974396607804715
302,1551844800,43,14,0,57,10,-0.6063128927972484,-1.2721636142649033
302,1551859200,31,281,250,312,10,0.6172668447332356,-0.5615355274356583
302,1551873600,165,889,724,1054,10,2.937174027091033,1.50625286639689
302,1551888000,339,299,0,638,10,-0.6063128927972484,0.34695371298133726
302,1551902400,898,305,0,1203,10,-0.6063128927972484,1.9214826112500567
302,1551916800,249,89,0,338,10,-0.6063128927972484,-0.48907933034718626
302,1551931200,43,14,0,57,10,-0.6063128927972484,-1.2721636142649033
302,1551945600,32,286,254,318,10,0.6368441205337233,-0.5448148665690878
302,1551960000,149,861,712,1010,10,2.87844219968957,1.3836346867087064
302,1551974400,343,284,0,627,10,-0.6063128927972484,0.3162991680592914
302,1551988800,863,293,0,1156,10,-0.6063128927972484,1.790504101128588
302,1552003200,297,83,0,380,10,-0.6063128927972484,-0.37203470428119295
302,1552017600,45,23,0,68,10,-0.6063128927972484,-1.2415090693428574
302,1552032000,36,261,225,297,10,0.4949088709801872,-0.6033371796020844
302,1552046400,132,721,589,853,10,2.2764409688245717,0.9461107273667791
302,1552060800,407,271,0,678,10,-0.6063128927972484,0.4584247854251404
302,1552075200,859,375,0,1234,10,-0.6063128927972484,2.0078726923940042
302,1552089600,317,125,0,442,10,-0.6063128927972484,-0.19925454199329812
302,1552104000,53,24,0,77,10,-0.6063128927972484,-1.2164280780430017
302,1552118400,25,107,82,132,10,-0.20497873888724963,-1.0631553534327725
302,1552132800,99,315,216,414,10,0.45086000042908975,-0.2772842927039603
302,1552147200,281,452,171,733,10,0.23061564767360265,0.6116975100353698
302,1552161600,474,352,0,826,10,-0.6063128927972484,0.870867753467212
302,1552176000,230,127,0,357,10,-0.6063128927972484,-0.4361305709363798
302,1552194000,45,37,0,82,10,-0.6063128927972484,-1.2024941939875264
302,1552208400,19,81,62,100,10,-0.30286511788968834,-1.152332211387815
302,1552222800,74,293,219,367,10,0.46554295727945555,-0.408262802825429
302,1552237200,191,300,109,491,10,-0.07283212723395738,-0.06270247824963926
302,1552251600,232,144,0,376,10,-0.6063128927972484,-0.3831818115255733
302,1552266000,118,69,0,187,10,-0.6063128927972484,-0.9098826288225431
302,1552280400,9,18,9,27,10,-0.562264022246151,-1.3557669185977557
302,1552294800,51,505,454,556,10,1.6157079105581105,0.11843801447154084
302,1552309200,176,513,337,689,10,1.043072593393844,0.48907933034718626
302,1552323600,419,267,0,686,10,-0.6063128927972484,0.48071899991390105
302,1552338000,839,237,0,1076,10,-0.6063128927972484,1.5675619562409817
302,1552352400,195,58,0,253,11,-0.6507098850245836,-0.8914577165847625
302,1552366800,21,19,0,40,11,-0.6507098850245836,-1.5013522357471427
302,1552381200,69,558,489,627,11,1.8127517958297759,0.17943688513697562
302,1552395600,169,609,440,778,11,1.5659018523494823,0.6118034221957522
302,1552410000,441,448,7,889,11,-0.6154456073845417,0.9296357772522039
302,1552424400,936,273,0,1209,11,-0.6507098850245836,1.8459092332708034
302,1552438800,212,65,0,277,11,-0.6507098850245836,-0.8227372073833675
302,1552453200,18,39,21,57,11,-0.5449170521044577,-1.4526752083961545
302,1552467600,68,586,518,654,11,1.958846660338521,0.2567474579885449
302,1552482000,190,667,477,857,11,1.7522987484468469,0.8380084316503439
302,1552496400,464,391,0,855,11,-0.6507098850245836,0.8322817225502277
302,1552510800,856,251,0,1107,11,-0.6507098850245836,1.5538470691648747
302,1552525200,317,76,0,393,11,-0.6507098850245836,-0.4905880795766252
302,1552539600,16,28,12,44,11,-0.5902568376416546,-1.4898988175469101
302,1552554000,64,524,460,588,11,1.6666569313210307,0.06776605768470881
302,1552568400,191,676,485,867,11,1.7926007800354662,0.8666419771509252
302,1552582800,484,360,0,844,11,-0.6507098850245836,0.8007848224995884
302,1552597200,905,227,0,1132,11,-0.6507098850245836,1.625430932916328
302,1552611600,246,112,0,358,11,-0.6507098850245836,-0.5908054888286595
302,1552626000,22,27,5,49,11,-0.6255211152816965,-1.4755820447966195
302,1552640400,56,533,477,589,11,1.7522987484468469,0.07062941223476693
302,1552654800,184,645,461,829,11,1.6716946852696082,0.7578345042487165
302,1552669200,526,406,0,932,11,-0.6507098850245836,1.0527600229047032
302,1552683600,804,251,0,1055,11,-0.6507098850245836,1.4049526325618522
302,1552698000,241,103,0,344,11,-0.6507098850245836,-0.6308924525294732
302,1552712400,24,25,1,49,11,-0.6456721310760062,-1.4755820447966195
302,1552726800,29,164,135,193,11,0.029386898033368344,-1.0632589895882498
302,1552741200,209,514,305,723,11,0.8858050692915301,0.4543189219425554
302,1552755600,508,541,33,1049,11,-0.48446400472152873,1.3877725052615035
302,1552770000,393,314,0,707,11,-0.6507098850245836,0.40850524914162545
302,1552784400,182,103,0,285,11,-0.6507098850245836,-0.7998303709829025
302,1552798800,21,22,1,43,11,-0.6456721310760062,-1.4927621720969684
302,1552813200,106,122,16,228,11,-0.5701058218473449,-0.9630415803362156
302,1552827600,162,327,165,489,11,0.180519516490691,-0.21570604277104538
302,1552842000,315,328,13,643,11,-0.5852190836930772,0.22525055793790558
302,1552856400,284,172,0,456,11,-0.6507098850245836,-0.31019674292296345
302,1552870800,129,84,0,213,11,-0.6507098850245836,-1.0059918985870873
302,1552885200,11,23,12,34,11,-0.5902568376416546,-1.5185323630474914
302,1552899600,65,539,474,604,11,1.7371854866011145,0.11357973048563878
302,1552914000,146,564,418,710,11,1.455071265480779,0.41709531279179984
302,1552928400,405,281,0,686,11,-0.6507098850245836,0.34837480359040485
302,1552942800,764,199,0,963,11,-0.6507098850245836,1.141524013956505
302,1552957200,263,83,0,346,12,-0.7180493659684845,-0.7135009115817584
302,1552971600,21,48,27,69,12,-0.5771725526452559,-1.5612204382711148
302,1552986000,77,596,519,673,12,1.9899160456891323,0.2872365802139801
302,1553000400,201,650,449,851,12,1.6246798629992805,0.8319805359927
302,1553014800,449,332,0,781,12,-0.7180493659684845,0.6177553848437652
302,1553029200,843,291,0,1134,12,-0.7180493659684845,1.6980622184948224
302,1553043600,307,72,0,379,12,-0.7180493659684845,-0.6125090546115463
302,1553058000,19,53,34,72,12,-0.5406489343762707,-1.552039360364732
302,1553072400,75,519,444,594,12,1.5985915642357196,0.045468195345896474
302,1553086800,198,686,488,884,12,1.828168593355055,0.9329723929629122
302,1553101200,481,367,0,848,12,-0.7180493659684845,0.8227994580863172
302,1553115600,843,240,0,1083,12,-0.7180493659684845,1.5419838940863126
302,1553130000,320,83,0,403,12,-0.7180493659684845,-0.5390604313604829
302,1553144400,26,51,25,77,12,-0.5876078721506802,-1.5367375638540937
302,1553158800,73,555,482,628,12,1.796862634838782,0.14952041161823626
302,1553173200,232,687,455,919,12,1.6559858215155534,1.0400849685373796
302,1553187600,500,366,0,866,12,-0.7180493659684845,0.8778859255246148
302,1553202000,835,312,0,1147,12,-0.7180493659684845,1.7378468894224817
302,1553216400,344,101,0,445,12,-0.7180493659684845,-0.41052534067112195
302,1553230800,32,55,23,87,12,-0.5980431916561045,-1.5061339708328172
302,1553245200,78,534,456,612,12,1.6612034812682657,0.100554662784194
302,1553259600,171,590,419,761,12,1.4681500704179153,0.5565481988012124
302,1553274000,527,379,0,906,12,-0.7180493659684845,1.0003002976097204
302,1553288400,780,266,0,1046,12,-0.7180493659684845,1.42875059990759
302,1553302800,322,114,0,436,12,-0.7180493659684845,-0.43806857439027075
302,1553317200,33,26,0,59,12,-0.7180493659684845,-1.5918240312923913
302,1553331600,39,252,213,291,12,0.39331216135920793,-0.8818206731987787
302,1553346000,158,426,268,584,12,0.6802834477583773,0.014864602324620068
302,1553360400,401,464,63,865,12,-0.3893368015476177,0.8748255662224871
302,1553374800,397,275,0,672,12,-0.7180493659684845,0.28417622091185246
302,1553389200,275,110,0,385,12,-0.7180493659684845,-0.5941468987987804
302,1553403600,38,25,0,63,12,-0.7180493659684845,-1.5795825940838806
302,1553418000,34,173,139,207,12,0.007205339658507276,-1.1388908545775005
302,1553432400,132,363,231,495,12,0.487230036908027,-0.25750737556473996
302,1553446800,333,451,118,784,12,-0.10236551514844831,0.6269364627501481
302,1553461200,296,169,0,465,12,-0.7180493659684845,-0.3493181546285692
302,1553475600,177,85,0,262,12,-0.7180493659684845,-0.9705710929604802
302,1553490000,15,52,37,67,12,-0.5249959551181341,-1.5673411568753701
302,1553504400,55,479,424,534,12,1.4942383691814762,-0.13815336278176196
302,1553518800,165,631,466,796,12,1.7133800787953872,0.6636607743756798
302,1553533200,420,309,0,729,12,-0.7180493659684845,0.45861670113312797
302,1553547600,802,217,0,1019,12,-0.7180493659684845,1.3461208987501436
302,1553562000,265,74,0,339,13,-0.6063511734335707,-0.4383931476972417
302,1553576400,23,33,10,56,13,-0.5526578373926473,-1.2450093943736218
302,1553590800,72,546,474,618,13,1.9387129549061985,0.3568221626303556
302,1553605200,141,638,497,779,13,2.0622076278003223,0.8157098506688616
302,1553619600,400,356,0,756,13,-0.6063511734335707,0.7501544666633607
302,1553634000,767,226,0,993,13,-0.6063511734335707,1.425659945328739
302,1553648400,304,107,0,411,13,-0.6063511734335707,-0.23317629341915205
302,1553662800,23,46,23,69,13,-0.4828565005394469,-1.2079563512400777
302,1553677200,83,576,493,659,13,2.040730293383953,0.4736817602053789
302,1553691600,194,613,419,807,13,1.6433996066811198,0.8955164051103409
302,1553706000,476,335,0,811,13,-0.6063511734335707,0.9069173414591236
302,1553720400,812,292,0,1104,13,-0.6063511734335707,1.7420359290074605
302,1553734800,250,99,0,349,13,-0.6063511734335707,-0.4098908068252848
302,1553749200,23,48,25,71,13,-0.4721178333312622,-1.2022558830656864
302,1553763600,93,504,411,597,13,1.6004449378483812,0.29696724679924613
302,1553778000,199,604,405,803,13,1.568228936223827,0.8841154687615581
302,1553792400,547,288,0,835,13,-0.6063511734335707,0.9753229595518201
302,1553806800,824,268,0,1092,13,-0.6063511734335707,1.707833119961112
302,1553821200,326,125,0,451,13,-0.6063511734335707,-0.1191669299313245
302,1553835600,28,41,13,69,13,-0.5365498365803704,-1.2079563512400777
302,1553850000,86,478,392,564,13,1.4984275993706266,0.2029095219217884
302,1553864400,215,640,425,855,13,1.675615608305674,1.032327641295734
302,1553878800,597,390,0,987,13,-0.6063511734335707,1.408558540805565
302,1553893200,780,303,0,1083,13,-0.6063511734335707,1.682181013176351
302,1553907600,264,86,0,350,13,-0.6063511734335707,-0.4070405727380891
302,1553922000,12,21,9,33,13,-0.5580271709967397,-1.3105647783791226
302,1553936400,18,109,91,127,13,-0.11774181546116776,-1.0426427741827278
302,1553950800,99,132,33,231,13,-0.4291631644985235,-0.7462184291143761
302,1553965200,231,132,0,363,13,-0.6063511734335707,-0.3699875296045451
302,1553979600,287,80,0,367,13,-0.6063511734335707,-0.35858659325576236
302,1553994000,107,40,0,147,13,-0.6063511734335707,-0.9856380924388141
302,1554008400,7,16,9,23,13,-0.5580271709967397,-1.3390671192510795
302,1554022800,9,68,59,77,13,-0.28956049079212265,-1.1851544785425123
302,1554037200,78,107,29,185,13,-0.4506404989148929,-0.8773291971253778
302,1554051600,156,88,0,244,13,-0.6063511734335707,-0.7091653859808321
302,1554066000,115,48,0,163,13,-0.6063511734335707,-0.9400343470436829
302,1554080400,58,17,0,75,13,-0.6063511734335707,-1.1908549467169036
302,1554094800,4,16,12,20,13,-0.5419191701844627,-1.3476178215126666
302,1554109200,60,547,487,607,13,2.0085142917593988,0.32546958767120304
302,1554123600,177,604,427,781,13,1.6863542755138585,0.821410318843253
302,1554138000,430,322,0,752,13,-0.6063511734335707,0.738753530314578
302,1554152400,790,205,0,995,13,-0.6063511734335707,1.4313604135031304
302,1554166800,32,20,0,52,14,-0.7206989748035838,-1.334537526835304
302,1554181200,0,0,0,0,14,-0.7206989748035838,-1.473052399880086
302,1554195600,65,563,498,628,14,1.7204572611464986,0.19978106689151257
302,1554210000,229,630,401,859,14,1.2449710063530086,0.8151067529173713
302,1554224400,484,320,0,804,14,-0.7206989748035838,0.6686006371969287
302,1554238800,825,210,0,1035,14,-0.7206989748035838,1.2839263232227875
302,1554253200,46,32,0,78,14,-0.7206989748035838,-1.2652800903129129
302,1554267600,1,0,0,1,14,-0.7206989748035838,-1.4703886523215326
302,1554282000,63,572,509,635,14,1.7743783828241109,0.2184272998013871
302,1554296400,169,680,511,849,14,1.7841822231291313,0.7884692773318362
302,1554310800,536,310,0,846,14,-0.7206989748035838,0.7804780346561758
302,1554325200,918,220,0,1138,14,-0.7206989748035838,1.558292321753798
302,1554339600,30,29,0,59,14,-0.7206989748035838,-1.3158912939254295
302,1554354000,0,2,2,2,14,-0.7108951344985633,-1.467724904762979
302,1554368400,63,616,553,679,14,1.99006286953456,0.3356321923777411
302,1554382800,208,636,428,844,14,1.3773228504707842,0.7751505395390688
302,1554397200,502,330,0,832,14,-0.7206989748035838,0.7431855688364267
302,1554411600,894,302,0,1196,14,-0.7206989748035838,1.7127896801499012
302,1554426000,51,35,0,86,14,-0.7206989748035838,-1.2439701098444849
302,1554440400,0,2,2,2,14,-0.7108951344985633,-1.467724904762979
302,1554454800,63,559,496,622,14,1.710653420841478,0.18379858154019157
302,1554469200,228,654,426,882,14,1.3675190101657637,0.8763729467641018
302,1554483600,556,388,0,944,14,-0.7206989748035838,1.041525295394419
302,1554498000,849,328,0,1177,14,-0.7206989748035838,1.6621784765373846
302,1554512400,279,120,0,399,14,-0.7206989748035838,-0.41021712401723914
302,1554526800,31,25,0,56,14,-0.7206989748035838,-1.32388253660109
302,1554541200,34,269,235,303,14,0.43125226103631453,-0.6659368896383753
302,1554555600,136,502,366,638,14,1.0734038010151514,0.2264185424770476
302,1554570000,337,562,225,899,14,0.3822330595112125,0.9216566552595113
302,1554584400,409,320,0,729,14,-0.7206989748035838,0.46881957030541616
302,1554598800,251,146,0,397,14,-0.7206989748035838,-0.41554461913434615
302,1554613200,41,21,0,62,14,-0.7206989748035838,-1.307900051249769
302,1554627600,32,173,141,205,14,-0.029528233299644782,-0.9269841503766183
302,1554642000,119,394,275,513,14,0.6273290671367228,-0.10654990234214004
302,1554656400,312,418,106,730,14,-0.20109543863750198,0.4714833178639697
302,1554670800,295,206,0,501,14,-0.7206989748035838,-0.13851487304478205
302,1554685200,175,80,0,255,14,-0.7206989748035838,-0.7937967724489433
302,1554699600,14,54,40,68,14,-0.5246221687031756,-1.291917565898448
302,1554714000,60,554,494,614,14,1.7008495805364579,0.16248860107176355
302,1554728400,145,612,467,757,14,1.5684977364186823,0.5434045019449142
302,1554742800,468,317,0,785,14,-0.7206989748035838,0.6179894335844123
302,1554757200,846,219,0,1065,14,-0.7206989748035838,1.3638387499793925
302,1554771600,40,21,0,61,15,-0.560995749667255,-0.7950699208629874
302,1554786000,0,0,0,0,15,-0.560995749667255,-0.9240409945144358
302,1554800400,112,534,422,646,15,1.5509602119093013,0.44178381825336066
302,1554814800,279,647,368,926,15,1.2807099229871826,1.0337821891124674
302,1554829200,782,321,0,1103,15,-0.560995749667255,1.40800973069126
302,1554843600,1462,257,0,1719,15,-0.560995749667255,2.710406146581295
302,1554858000,50,13,0,63,15,-0.560995749667255,-0.7908413610711367
302,1554872400,1,1,0,2,15,-0.560995749667255,-0.919812434722585
302,1554886800,68,591,523,659,15,2.0564283448932636,0.4692694569003906
302,1554901200,193,659,466,852,15,1.7711641510310274,0.8773254768139893
302,1554915600,495,376,0,871,15,-0.560995749667255,0.9174967948365715
302,1554930000,841,276,0,1117,15,-0.560995749667255,1.4376096492342154
302,1554944400,35,29,0,64,15,-0.560995749667255,-0.7887270811752113
302,1554958800,0,8,8,8,15,-0.5209586698269411,-0.9071267553470327
302,1554973200,65,577,512,642,15,2.001377360112832,0.43332669866965917
302,1554987600,196,729,533,925,15,2.106474694693656,1.0316679092165422
302,1555002000,446,371,0,817,15,-0.560995749667255,0.8033256804566009
302,1555016400,826,258,0,1084,15,-0.560995749667255,1.3678384126686778
302,1555030800,51,19,0,70,15,-0.560995749667255,-0.7760414017996591
302,1555045200,0,3,3,3,15,-0.5459818447271373,-0.9176981548266596
302,1555059600,63,575,512,638,15,2.001377360112832,0.4248695790859576
302,1555074000,197,647,450,844,15,1.6910899913503998,0.8604112376465862
302,1555088400,544,382,0,926,15,-0.560995749667255,1.0337821891124674
302,1555102800,788,258,0,1046,15,-0.560995749667255,1.2874957766235133
302,1555117200,39,20,0,59,15,-0.560995749667255,-0.7992984806548382
302,1555131600,0,4,4,4,15,-0.5409772097470981,-0.9155838749307342
302,1555146000,3,3,0,6,15,-0.560995749667255,-0.9113553151388835
302,1555160400,0,6,6,6,15,-0.5309679397870195,-0.9113553151388835
302,1555174800,0,2,2,2,15,-0.5509864797071765,-0.919812434722585
302,1555189200,0,0,0,0,15,-0.560995749667255,-0.9240409945144358
302,1555203600,0,1,1,1,15,-0.5559911146872157,-0.9219267146185104
302,1555218000,0,2,2,2,15,-0.5509864797071765,-0.919812434722585
302,1555232400,0,3,3,3,15,-0.5459818447271373,-0.9176981548266596
302,1555246800,0,1,1,1,15,-0.5559911146872157,-0.9219267146185104
302,1555261200,0,5,5,5,15,-0.5359725747670587,-0.9134695950348088
302,1555275600,1,3,2,4,15,-0.5509864797071765,-0.9155838749307342
302,1555290000,0,2,2,2,15,-0.5509864797071765,-0.919812434722585
302,1555304400,1,4,3,5,15,-0.5459818447271373,-0.9134695950348088
302,1555318800,61,534,473,595,15,1.8061965958913022,0.33395554356116625
302,1555333200,185,592,407,777,15,1.4758906872087127,0.7187544846195857
302,1555347600,463,315,0,778,15,-0.560995749667255,0.7208687645155111
302,1555362000,814,206,0,1020,15,-0.560995749667255,1.2325244993294533
302,1555376400,114,71,0,185,16,-0.6454586940966176,-0.7321898522096366
302,1555390800,7,12,5,19,16,-0.6175685036109613,-1.1727929636894905
302,1555405200,80,603,523,683,16,2.271855230703033,0.589619482229925
302,1555419600,179,672,493,851,16,2.1045140877890955,1.0355310649324279
302,1555434000,518,355,0,873,16,-0.6454586940966176,1.093924248381565
302,1555448400,849,291,0,1140,16,-0.6454586940966176,1.8026051566051853
302,1555462800,149,42,0,191,16,-0.6454586940966176,-0.7162644385416901
302,1555477200,9,18,9,27,16,-0.5952563512224363,-1.1515590787988952
302,1555491600,62,568,506,630,16,2.177028583051802,0.4489449948297307
302,1555506000,199,676,477,875,16,2.015265478234995,1.0992327196042138
302,1555520400,507,348,0,855,16,-0.6454586940966176,1.0461480073777254
302,1555534800,914,271,0,1185,16,-0.6454586940966176,1.9220457591147841
302,1555549200,194,52,0,246,16,-0.6454586940966176,-0.5702814799188469
302,1555563600,9,19,10,28,16,-0.589678313125305,-1.1489048431875708
302,1555578000,66,530,464,596,16,1.9427509829722887,0.3587009840447004
302,1555592400,203,633,430,836,16,1.7530976876698257,0.9957175307625614
302,1555606800,530,421,0,951,16,-0.6454586940966176,1.30095462606487
302,1555621200,792,276,0,1068,16,-0.6454586940966176,1.611500192589827
302,1555635600,149,49,0,198,16,-0.6454586940966176,-0.6976847892624192
302,1555650000,11,15,4,26,16,-0.6231465417080926,-1.1542133144102196
302,1555664400,52,332,280,384,16,0.9163919731001362,-0.20399696555607685
302,1555678800,220,522,302,742,16,1.039108811237024,0.7462193832980658
302,1555693200,511,433,0,944,16,-0.6454586940966176,1.282374976785599
302,1555707600,539,238,0,777,16,-0.6454586940966176,0.8391176296944206
302,1555722000,137,67,0,204,16,-0.6454586940966176,-0.6817593755944726
302,1555736400,11,13,2,24,16,-0.6343026179023551,-1.1595217856328683
302,1555750800,9,50,41,59,16,-0.4167591321142358,-1.0666235392365138
302,1555765200,42,173,131,215,16,0.08526429662757792,-0.652562783869904
302,1555779600,94,231,137,325,16,0.11873252521036551,-0.3605968666242177
302,1555794000,88,127,39,215,16,-0.42791520830849833,-0.652562783869904
302,1555808400,72,54,0,126,16,-0.6454586940966176,-0.8887897532777775
302,1555822800,9,8,0,17,16,-0.6454586940966176,-1.1781014349121395
302,1555837200,9,43,34,52,16,-0.45580539879415466,-1.0852031885157847
302,1555851600,38,171,133,209,16,0.09642037282184045,-0.6684881975378505
302,1555866000,89,187,98,276,16,-0.09881096057775378,-0.4906544115791143
302,1555880400,100,94,0,194,16,-0.6454586940966176,-0.7083017317077168
302,1555894800,48,31,0,79,16,-0.6454586940966176,-1.0135388270100252
302,1555909200,4,7,3,11,16,-0.6287245798052239,-1.194026848580086
302,1555923600,71,467,396,538,16,1.5634443923673627,0.20475531858788398
302,1555938000,193,536,343,729,16,1.2678083732194059,0.7117143203508484
302,1555952400,444,288,0,732,16,-0.6454586940966176,0.7196770271848216
302,1555966800,790,251,0,1041,16,-0.6454586940966176,1.5398358310840676
302,1555981200,133,59,0,192,17,-0.6619978625926803,-0.9522409159027337
302,1555995600,5,15,10,20,17,-0.6110095804931158,-1.4131755431126873
302,1556010000,63,586,523,649,17,2.004689291214548,0.2724516691841779
302,1556024400,240,634,394,874,17,1.3469404521301644,0.875418478034408
302,1556038800,608,335,0,943,17,-0.6619978625926803,1.060328299415145
302,1556053200,944,228,0,1172,17,-0.6619978625926803,1.6740145182004904
302,1556067600,148,64,0,212,17,-0.6619978625926803,-0.8986438662271578
302,1556082000,6,16,10,22,17,-0.6110095804931158,-1.4078158381451298
302,1556096400,68,505,437,573,17,1.5661900651582923,0.0687828804169891
302,1556110800,228,715,487,943,17,1.8211314756561152,1.060328299415145
302,1556125200,610,364,0,974,17,-0.6619978625926803,1.143403726412288
302,1556139600,915,214,0,1129,17,-0.6619978625926803,1.5587808613980019
302,1556154000,140,64,0,204,17,-0.6619978625926803,-0.9200826860973882
302,1556168400,6,24,18,30,17,-0.5702189548134641,-1.3863770182748993
302,1556182800,64,591,527,655,17,2.0250846040543737,0.28853078408685073
302,1556197200,148,641,493,789,17,1.851724444915854,0.6476310169132099
302,1556211600,524,359,0,883,17,-0.6619978625926803,0.8995371503884172
302,1556226000,825,303,0,1128,17,-0.6619978625926803,1.556101008914223
302,1556240400,191,67,0,258,17,-0.6619978625926803,-0.775370651973333
302,1556254800,8,24,16,32,17,-0.5804166112333771,-1.3810173133073418
302,1556269200,52,536,484,588,17,1.805834991026246,0.10898066767367111
302,1556283600,224,617,393,841,17,1.341841623920208,0.7869833460697075
302,1556298000,597,433,0,1030,17,-0.6619978625926803,1.2934754655039007
302,1556312400,756,260,0,1016,17,-0.6619978625926803,1.2559575307309976
302,1556326800,197,78,0,275,17,-0.6619978625926803,-0.7298131597490933
302,1556341200,11,20,9,31,17,-0.6161084087030723,-1.3836971657911206
302,1556355600,33,160,127,193,17,-0.014446679928210016,-0.949561063418955
302,1556370000,170,439,269,609,17,0.7095869258856072,0.16525756983302592
302,1556384400,374,428,54,802,17,-0.38666113925503154,0.6824690992023343
302,1556398800,380,246,0,626,17,-0.6619978625926803,0.2108150620572655
302,1556413200,157,92,0,249,17,-0.6619978625926803,-0.7994893243273421
302,1556427600,22,16,0,38,17,-0.6619978625926803,-1.364938198404669
302,1556442000,28,108,80,136,17,-0.25409160579616363,-1.1023126549943465
302,1556456400,134,277,143,411,17,0.06713457143109333,-0.3653532219551765
302,1556470800,244,288,44,532,17,-0.43764942135459617,-0.0410910714179417
302,1556485200,244,150,0,394,17,-0.6619978625926803,-0.4109107141794161
302,1556499600,126,59,0,185,17,-0.6619978625926803,-0.9709998832891853
302,1556514000,9,21,12,30,17,-0.6008119240732028,-1.3863770182748993
302,1556528400,60,592,532,652,17,2.050578745104156,0.2804912266355143
302,1556542800,182,573,391,755,17,1.3316439675002951,0.5565160324647307
302,1556557200,496,338,0,834,17,-0.6619978625926803,0.7682243786832559
302,1556571600,824,255,0,1079,17,-0.6619978625926803,1.424788237209062
302,1556586000,203,73,0,276,18,-0.6820765075076743,-0.7695116730855196
302,1556600400,12,14,2,26,18,-0.6718086891150857,-1.4735786448002248
302,1556614800,79,603,524,682,18,2.008091911350551,0.37389308897916174
302,1556629200,187,652,465,839,18,1.7051912687691857,0.8160471472159966
302,1556643600,481,334,0,815,18,-0.6820765075076743,0.7484567179313849
302,1556658000,835,235,0,1070,18,-0.6820765075076743,1.4666050290803843
302,1556672400,199,65,0,264,18,-0.6820765075076743,-0.8033068877278254
302,1556686800,13,28,15,41,18,-0.6050678695632595,-1.4313346264973426
302,1556701200,67,583,516,650,18,1.9670206377801962,0.28377251659967945
302,1556715600,219,662,443,881,18,1.5922452664507105,0.9343303984640671
302,1556730000,475,348,0,823,18,-0.6820765075076743,0.7709868610262555
302,1556744400,936,246,0,1182,18,-0.6820765075076743,1.782027032408572
302,1556758800,211,64,0,275,18,-0.6820765075076743,-0.7723279409723784
302,1556773200,20,31,11,51,18,-0.6256035063484368,-1.4031719476287543
302,1556787600,76,562,486,638,18,1.8130033618913663,0.24997730195737358
302,1556802000,212,656,444,868,18,1.5973791756470048,0.8977189159349024
302,1556816400,511,377,0,888,18,-0.6820765075076743,0.9540442736720788
302,1556830800,867,252,0,1119,18,-0.6820765075076743,1.6046021555364665
302,1556845200,237,74,0,311,18,-0.6820765075076743,-0.6709422970454608
302,1556859600,16,22,6,38,18,-0.6512730523299084,-1.4397834301579189
302,1556874000,58,514,456,572,18,1.6589860860025367,0.0641036214246914
302,1556888400,221,650,429,871,18,1.52037053770259,0.9061677195954788
302,1556902800,538,393,0,931,18,-0.6820765075076743,1.0751437928070082
302,1556917200,781,275,0,1056,18,-0.6820765075076743,1.4271772786643608
302,1556931600,214,70,0,284,18,-0.6820765075076743,-0.746981529990649
302,1556946000,18,15,0,33,18,-0.6820765075076743,-1.4538647695922131
302,1556960400,28,151,123,179,18,-0.050605676363472636,-1.0426896581108251
302,1556974800,146,384,238,530,18,0.5397938812103745,-0.054179629823379066
302,1556989200,287,421,134,708,18,0.005867324795764919,0.44711605403749105
302,1557003600,422,332,0,754,18,-0.6820765075076743,0.5766643768329969
302,1557018000,181,95,0,276,18,-0.6820765075076743,-0.7695116730855196
302,1557032400,22,20,0,42,18,-0.6820765075076743,-1.4285183586104837
302,1557046800,30,101,71,131,18,-0.31756895457077744,-1.1778705166800487
302,1557061200,131,338,207,469,18,0.3806426961252505,-0.22597197092176716
302,1557075600,263,363,100,626,18,-0.16868558787824206,0.21618208731506774
302,1557090000,246,169,0,415,18,-0.6820765075076743,-0.37805043681214345
302,1557104400,118,55,0,173,18,-0.6820765075076743,-1.0595872654319782
302,1557118800,9,18,9,27,18,-0.6358713247410255,-1.470762376913366
302,1557133200,65,549,484,614,18,1.8027355434987777,0.18238687267276188
302,1557147600,167,584,417,751,18,1.4587636273470581,0.5682155731724203
302,1557162000,482,360,0,842,18,-0.6820765075076743,0.824495950876573
302,1557176400,844,203,0,1047,18,-0.6820765075076743,1.4018308676826314
302,1557190800,200,68,0,268,19,-0.6583324528396883,-0.8079800382371941
302,1557205200,14,18,4,32,19,-0.6394361856131263,-1.4332199585281666
302,1557219600,63,597,534,660,19,1.8643192219063442,0.23055406665289596
302,1557234000,217,703,486,920,19,1.6375640151875996,0.919377707651425
302,1557248400,524,330,0,854,19,-0.6583324528396883,0.7445224757056446
302,1557262800,939,282,0,1221,19,-0.6583324528396883,1.7168235381920298
302,1557277200,188,86,0,274,19,-0.6583324528396883,-0.7920841080603049
302,1557291600,13,17,4,30,19,-0.6394361856131263,-1.438518601920463
302,1557306000,68,595,527,663,19,1.8312507542598606,0.23850203174134052
302,1557320400,227,688,461,915,19,1.519462345021587,0.9061310991706841
302,1557334800,470,500,30,970,19,-0.516610448640473,1.0518437924588344
302,1557349200,889,280,0,1169,19,-0.6583324528396883,1.5790588099923242
302,1557363600,250,79,0,329,19,-0.6583324528396883,-0.6463714147721545
302,1557378000,17,30,13,47,19,-0.5969195843533617,-1.3934801330859439
302,1557392400,74,537,463,611,19,1.528910478634868,0.1007373035416347
302,1557406800,223,871,648,1094,19,2.4028628378633625,1.38035968278121
302,1557421200,508,318,0,826,19,-0.6583324528396883,0.6703414682134953
302,1557435600,884,284,0,1168,19,-0.6583324528396883,1.5764094882961759
302,1557450000,228,62,0,290,19,-0.6583324528396883,-0.749694960921934
302,1557464400,18,14,0,32,19,-0.6583324528396883,-1.4332199585281666
302,1557478800,54,579,525,633,19,1.8218026206465796,0.15902238085689485
302,1557493200,176,660,484,836,19,1.6281158815743186,0.6968346851749772
302,1557507600,545,355,0,900,19,-0.6583324528396883,0.8663912737284613
302,1557522000,787,294,0,1081,19,-0.6583324528396883,1.3459185007312835
302,1557536400,250,99,0,349,19,-0.6583324528396883,-0.5933849808491908
302,1557550800,23,21,0,44,19,-0.6583324528396883,-1.4014280981743885
302,1557565200,28,155,127,183,19,-0.05837596839634347,-1.0331723824097903
302,1557579600,146,432,286,578,19,0.6927506538594977,0.013309687568744458
302,1557594000,457,518,61,975,19,-0.3701643776346172,1.0650904009395754
302,1557608400,522,268,0,790,19,-0.6583324528396883,0.5749658871521605
302,1557622800,197,98,0,295,19,-0.6583324528396883,-0.736448352441193
302,1557637200,23,19,0,42,19,-0.6583324528396883,-1.4067267415666849
302,1557651600,24,99,75,123,19,-0.30402744234165,-1.1921316841786815
302,1557666000,93,303,210,396,19,0.3337215765548189,-0.4688668611302259
302,1557680400,262,293,31,555,19,-0.5118863818338325,-0.047624711442663885
302,1557694800,240,153,0,393,19,-0.6583324528396883,-0.4768148262186705
302,1557709200,137,60,0,197,19,-0.6583324528396883,-0.9960818786637156
302,1557723600,8,13,5,21,19,-0.6347121188064857,-1.4623624971857967
302,1557738000,66,538,472,604,19,1.5714270798946326,0.08219205166859737
302,1557752400,212,619,407,831,19,1.2643627374629993,0.6835880766942363
302,1557766800,469,359,0,828,19,-0.6583324528396883,0.6756401116057917
302,1557781200,810,228,0,1038,19,-0.6583324528396883,1.2319976677969113
302,1557795600,206,70,0,276,20,-0.686699786741478,-0.8500157174642123
302,1557810000,17,18,1,35,20,-0.6816522909341378,-1.494258255253262
302,1557824400,71,498,427,569,20,1.4685809229928006,-0.06676649102358359
302,1557838800,208,593,385,801,20,1.256586099084511,0.5534171968065388
302,1557853200,507,366,0,873,20,-0.686699786741478,0.7458879964779561
302,1557867600,800,305,0,1105,20,-0.686699786741478,1.3660716843080785
302,1557882000,222,61,0,283,20,-0.686699786741478,-0.8313032786072689
302,1557896400,17,26,9,43,20,-0.6412723244754159,-1.4728726108453267
302,1557910800,73,568,495,641,20,1.8118106378919363,0.12570430864783372
302,1557925200,222,642,420,864,20,1.433248452341419,0.721829146519029
302,1557939600,531,380,0,911,20,-0.686699786741478,0.8474698074156486
302,1557954000,937,269,0,1206,20,-0.686699786741478,1.6360654449582612
302,1557968400,234,66,0,300,20,-0.686699786741478,-0.7858587842404066
302,1557982800,20,29,9,49,20,-0.6412723244754159,-1.4568333775393751
302,1557997200,62,533,471,595,20,1.6906707385157709,0.0027368533022059855
302,1558011600,232,727,495,959,20,1.8118106378919363,0.9757836738632601
302,1558026000,468,411,0,879,20,-0.686699786741478,0.7619272297839076
302,1558040400,985,256,0,1241,20,-0.686699786741478,1.729627639242978
302,1558054800,271,95,0,366,20,-0.686699786741478,-0.6094272178749407
302,1558069200,23,29,6,52,20,-0.6564148118974367,-1.4488137608863996
302,1558083600,78,486,408,564,20,1.3726785026533361,-0.08013251877854313
302,1558098000,157,773,616,930,20,2.4225576305801044,0.8982607128844948
302,1558112400,594,413,0,1007,20,-0.686699786741478,1.1040975403108717
302,1558126800,789,274,0,1063,20,-0.686699786741478,1.2537970511664185
302,1558141200,245,87,0,332,20,-0.686699786741478,-0.7003162066086656
302,1558155600,25,17,0,42,20,-0.686699786741478,-1.4755458163963187
302,1558170000,34,173,139,207,20,0.01490213047881407,-1.0344669004826539
302,1558184400,133,485,352,618,20,1.0900187374422834,0.06422058097501984
302,1558198800,422,566,144,988,20,0.04013960951551523,1.0533066348420255
302,1558213200,495,322,0,817,20,-0.686699786741478,0.5961884856224093
302,1558227600,182,144,0,326,20,-0.686699786741478,-0.716355439914617
302,1558242000,25,20,0,45,20,-0.686699786741478,-1.4675261997433429
302,1558256400,24,130,106,154,20,-0.15166523116341354,-1.1761467946852249
302,1558270800,122,388,266,510,20,0.6559340980110234,-0.2244856185321061
302,1558285200,399,453,54,852,20,-0.4141350131451056,0.689750679907126
302,1558299600,441,227,0,668,20,-0.686699786741478,0.1978808585246152
302,1558314000,147,71,0,218,20,-0.686699786741478,-1.0050616394217429
302,1558328400,8,25,17,33,20,-0.6008923580166942,-1.4996046663552458
302,1558342800,79,604,525,683,20,1.9632355121121432,0.2379789417894938
302,1558357200,242,611,369,853,20,1.1758261661670673,0.692423885458118
302,1558371600,528,329,0,857,20,-0.686699786741478,0.7031167076620856
302,1558386000,875,257,0,1132,20,-0.686699786741478,1.43824823418486
302,1558400400,195,78,0,273,21,-0.6586334429193809,-0.7417872615968558
302,1558414800,18,25,7,43,21,-0.6183005472271713,-1.3589849314526377
302,1558429200,92,596,504,688,21,2.2453350469197053,0.3718520122733592
302,1558443600,239,651,412,890,21,1.7152455606792374,0.9139125744945241
302,1558458000,551,605,54,1156,21,-0.347493961865193,1.6277150970233847
302,1558472400,930,335,0,1265,21,-0.6586334429193809,1.920213123172429
302,1558486800,239,87,0,326,21,-0.6586334429193809,-0.5995634507170452
302,1558501200,17,24,7,41,21,-0.6183005472271713,-1.364351867712253
302,1558515600,91,568,477,659,21,2.0897653063926116,0.29403143650893454
302,1558530000,270,725,455,995,21,1.9630047770742387,1.1956767281243375
302,1558544400,564,367,0,931,21,-0.6586334429193809,1.0239347678166417
302,1558558800,911,282,0,1193,21,-0.6586334429193809,1.7270034178262714
302,1558573200,240,77,0,317,21,-0.6586334429193809,-0.6237146638853149
302,1558587600,16,19,3,35,21,-0.6413479161941481,-1.3804526764910996
302,1558602000,75,590,515,665,21,2.308715311578892,0.310132245287781
302,1558616400,227,660,433,887,21,1.836244247755866,0.9058621701051008
302,1558630800,571,359,0,930,21,-0.6586334429193809,1.021251299686834
302,1558645200,866,265,0,1131,21,-0.6586334429193809,1.560628393778191
302,1558659600,271,78,0,349,21,-0.6586334429193809,-0.5378436837314671
302,1558674000,18,18,0,36,21,-0.6586334429193809,-1.3777692083612918
302,1558688400,61,514,453,575,21,1.9514810925907504,0.06862011360508377
302,1558702800,240,564,324,804,21,1.208203443405746,0.6831343153310578
302,1558717200,717,421,0,1138,21,-0.6586334429193809,1.5794126706868454
302,1558731600,583,227,0,810,21,-0.6586334429193809,0.6992351241099043
302,1558746000,180,110,0,290,21,-0.6586334429193809,-0.6961683033901241
302,1558760400,26,22,0,48,21,-0.6586334429193809,-1.345567590803599
302,1558774800,23,159,136,182,21,0.12497710195783293,-0.9859828614093608
302,1558789200,137,370,233,507,21,0.6838757994070221,-0.11385571922184302
302,1558803600,363,427,64,790,21,-0.2898755394477508,0.6455657615137493
302,1558818000,495,247,0,742,21,-0.6586334429193809,0.5167592912829775
302,1558832400,160,91,0,251,21,-0.6586334429193809,-0.8008235604526263
302,1558846800,21,15,0,36,21,-0.6586334429193809,-1.3777692083612918
302,1558861200,29,98,69,127,21,-0.2610663282390297,-1.1335736085487869
302,1558875600,167,343,176,510,21,0.3554507916276017,-0.10580531483241978
302,1558890000,290,390,100,680,21,-0.08244921874495895,0.3503842672348972
302,1558904400,387,213,0,600,21,-0.6586334429193809,0.13570681685027744
302,1558918800,148,75,0,223,21,-0.6586334429193809,-0.8759606680872432
302,1558933200,18,13,0,31,21,-0.6586334429193809,-1.3911865490103306
302,1558947600,24,123,99,147,21,-0.08821106098670316,-1.079904245952632
302,1558962000,105,340,235,445,21,0.6953994838905105,-0.2802307432699233
302,1558976400,354,399,45,753,21,-0.399350542040891,0.5462774407108627
302,1558990800,384,193,0,577,21,-0.6586334429193809,0.07398704986469927
302,1559005200,136,61,0,197,22,-0.6697350474699447,-1.0293882842274646
302,1559019600,7,22,15,29,22,-0.592655566303327,-1.4777163956717576
302,1559034000,63,566,503,629,22,1.9149968876506347,0.12345543091500316
302,1559048400,188,649,461,837,22,1.699174340384105,0.6785283307984136
302,1559062800,466,318,0,784,22,-0.6697350474699447,0.537091486116583
302,1559077200,866,218,0,1084,22,-0.6697350474699447,1.3376773994099633
302,1559091600,221,56,0,277,22,-0.6697350474699447,-0.8158987073492298
302,1559106000,14,17,3,31,22,-0.6543191512366212,-1.4723791562498016
302,1559120400,65,598,533,663,22,2.06915584998387,0.21418850108825294
302,1559134800,242,655,413,897,22,1.4525200006509285,0.8386455134570896
302,1559149200,496,366,0,862,22,-0.6697350474699447,0.7452438235728619
302,1559163600,846,302,0,1148,22,-0.6697350474699447,1.5084690609125513
302,1559178000,215,65,0,280,22,-0.6697350474699447,-0.807892848216296
302,1559192400,21,13,0,34,22,-0.6697350474699447,-1.464373297116868
302,1559206800,80,586,506,666,22,1.9304127838839582,0.22219436022118674
302,1559221200,215,618,403,833,22,1.4011336798731835,0.6678538519545019
302,1559235600,521,389,0,910,22,-0.6697350474699447,0.8733375696998028
302,1559250000,878,317,0,1195,22,-0.6697350474699447,1.6338941873285142
302,1559264400,245,74,0,319,22,-0.6697350474699447,-0.7038166794881565
302,1559278800,21,19,0,40,22,-0.6697350474699447,-1.4483615788510003
302,1559293200,70,534,464,604,22,1.7145902366174286,0.0567399381405548
302,1559307600,266,560,294,826,22,0.8410227833957618,0.6491735139776563
302,1559322000,696,393,0,1089,22,-0.6697350474699447,1.351020497964853
302,1559336400,778,306,0,1084,22,-0.6697350474699447,1.3376773994099633
302,1559350800,235,94,0,329,22,-0.6697350474699447,-0.6771304823783773
302,1559365200,27,22,0,49,22,-0.6697350474699447,-1.4243440014521989
302,1559379600,27,170,143,197,22,0.06508933965181044,-1.0293882842274646
302,1559394000,162,433,271,595,22,0.722834245606948,0.03272236074175339
302,1559408400,383,534,151,917,22,0.10619839627400653,0.8920179076766483
302,1559422800,449,264,0,713,22,-0.6697350474699447,0.34761948663714964
302,1559437200,176,115,0,291,22,-0.6697350474699447,-0.7785380313955387
302,1559451600,35,20,0,55,22,-0.6697350474699447,-1.4083322831863312
302,1559466000,20,100,80,120,22,-0.25864448124798384,-1.2348720019727655
302,1559480400,175,418,243,593,22,0.5789525474292616,0.02738512131979752
302,1559494800,459,441,0,900,22,-0.6697350474699447,0.8466513725900234
302,1559509200,382,216,0,598,22,-0.6697350474699447,0.040728219874687194
302,1559523600,129,63,0,192,22,-0.6697350474699447,-1.0427313827823543
302,1559538000,9,19,10,28,22,-0.6183487266921996,-1.4803850153827356
302,1559552400,73,564,491,637,22,1.8533333027173404,0.14480438860282663
302,1559566800,199,689,490,888,22,1.848194670639566,0.8146279360582882
302,1559581200,524,346,0,870,22,-0.6697350474699447,0.7665927812606854
302,1559595600,916,269,0,1185,22,-0.6697350474699447,1.6072079902187348
302,1559610000,237,63,0,300,23,-0.6699792101465841,-0.8345221216614461
302,1559624400,14,23,9,37,23,-0.6263676824325478,-1.5292863179135063
302,1559638800,69,641,572,710,23,2.1017756623455006,0.24857035158321028
302,1559653200,223,677,454,900,23,1.5299800767614693,0.7504912538185389
302,1559667600,559,373,0,932,23,-0.6699792101465841,0.8350253005108047
302,1559682000,905,291,0,1196,23,-0.6699792101465841,1.532431185721998
302,1559696400,240,82,0,322,23,-0.6699792101465841,-0.7764049645605133
302,1559710800,26,21,0,47,23,-0.6699792101465841,-1.502869428322173
302,1559725200,87,625,538,712,23,1.9370210020924747,0.2538537295014769
302,1559739600,247,676,429,923,23,1.4088369442224795,0.811250099878605
302,1559754000,508,381,0,889,23,-0.6699792101465841,0.7214326752680725
302,1559768400,917,244,0,1161,23,-0.6699792101465841,1.4399720721523324
302,1559782800,231,65,0,296,23,-0.6699792101465841,-0.8450888774979793
302,1559797200,16,30,14,46,23,-0.6021390559247498,-1.5055111172813065
302,1559811600,76,657,581,733,23,2.145387190059537,0.3093291976432764
302,1559826000,232,697,465,929,23,1.5832830550786248,0.8271002336334048
302,1559840400,611,391,0,1002,23,-0.6699792101465841,1.0199435276501363
302,1559854800,915,244,0,1159,23,-0.6699792101465841,1.4346886942340658
302,1559869200,258,108,0,366,23,-0.6699792101465841,-0.6601706503586477
302,1559883600,30,18,0,48,23,-0.6699792101465841,-1.5002277393630399
302,1559898000,65,570,505,635,23,1.7771120671410083,0.05044367964821216
302,1559912400,227,637,410,864,23,1.3167681634928474,0.6553904512897398
302,1559926800,642,432,0,1074,23,-0.6699792101465841,1.2101451327077346
302,1559941200,743,288,0,1031,23,-0.6699792101465841,1.0965525074650022
302,1559955600,245,102,0,347,23,-0.6699792101465841,-0.7103627405821806
302,1559970000,25,23,0,48,23,-0.6699792101465841,-1.5002277393630399
302,1559984400,35,187,152,222,23,0.06657103569047342,-1.0405738604738441
302,1559998800,190,428,238,618,23,0.48330341162459806,0.0055349673429459225
302,1560013200,390,546,156,936,23,0.08595393689671177,0.845592056347338
302,1560027600,511,335,0,846,23,-0.6699792101465841,0.6078400500253403
302,1560042000,182,137,0,319,23,-0.6699792101465841,-0.7843300314379132
302,1560056400,27,21,0,48,23,-0.6699792101465841,-1.5002277393630399
302,1560070800,26,124,98,150,23,-0.1950981305937444,-1.2307754655314425
302,1560085200,161,413,252,574,23,0.5511435658464323,-0.11069934685891965
302,1560099600,545,546,1,1091,23,-0.6651334848450245,1.2550538450130009
302,1560114000,454,226,0,680,23,-0.6699792101465841,0.16931968280921103
302,1560128400,147,78,0,225,23,-0.6699792101465841,-1.0326487935964443
302,1560142800,17,25,8,42,23,-0.6312134077341074,-1.5160778731178397
302,1560157200,70,568,498,638,23,1.7431919900300912,0.05836874652561209
302,1560171600,207,634,427,841,23,1.3991454936193604,0.5946316052296737
302,1560186000,494,377,0,871,23,-0.6699792101465841,0.673882274003673
302,1560200400,820,240,0,1060,23,-0.6699792101465841,1.1731614872798681
302,1560214800,193,58,0,251,24,-0.7078136230290814,-1.0948013699738974
302,1560229200,16,33,17,49,24,-0.6347951759504807,-1.600527624536399
302,1560243600,79,627,548,706,24,1.6459574945634543,0.04433450045153954
302,1560258000,230,713,483,943,24,1.3667693145570403,0.6376865912006133
302,1560272400,567,327,0,894,24,-0.7078136230290814,0.5150104205394124
302,1560286800,970,253,0,1223,24,-0.7078136230290814,1.33869328069319
302,1560301200,218,89,0,307,24,-0.7078136230290814,-0.9546000320753821
302,1560315600,17,33,16,50,24,-0.6390903787198102,-1.5980240292167829
302,1560330000,80,628,548,708,24,1.6459574945634543,0.04934169109077223
302,1560344400,218,615,397,833,24,0.9973818763947081,0.36229110604281534
302,1560358800,581,377,0,958,24,-0.7078136230290814,0.6752405209948585
302,1560373200,964,262,0,1226,24,-0.7078136230290814,1.346204066652039
302,1560387600,227,81,0,308,24,-0.7078136230290814,-0.9520964367557658
302,1560402000,24,33,9,57,24,-0.6691567981051163,-1.5804988619794684
302,1560416400,77,635,558,712,24,1.6889095222567487,0.05935607236923761
302,1560430800,260,787,527,1047,24,1.555758236407536,0.8980605044407132
302,1560445200,574,408,0,982,24,-0.7078136230290814,0.7353268086656508
302,1560459600,937,245,0,1182,24,-0.7078136230290814,1.2360458725889198
302,1560474000,254,85,0,339,24,-0.7078136230290814,-0.8744849818476591
302,1560488400,23,27,4,50,24,-0.6906328119517635,-1.5980240292167829
302,1560502800,68,569,501,637,24,1.4440829644049704,-0.12841357660198827
302,1560517200,266,613,347,879,24,0.7826217379282359,0.4774564907451672
302,1560531600,668,483,0,1151,24,-0.7078136230290814,1.158434417680813
302,1560546000,730,297,0,1027,24,-0.7078136230290814,0.8479885980483863
302,1561165200,9555,8017,0,17572,25,-0.6455479165751774,4.1072553039768165
302,1561179600,31,19,0,50,25,-0.6455479165751774,-0.36298098712445137
302,1561194000,31,164,133,195,25,0.26140144509206126,-0.325988391404232
302,1561208400,199,405,206,604,25,0.7592007187891171,-0.22164375933823394
302,1561222800,432,542,110,974,25,0.10456057803682448,-0.12724885991422588
302,1561237200,506,293,0,799,25,-0.6455479165751774,-0.17189509612828374
302,1561251600,198,132,0,330,25,-0.6455479165751774,-0.2915470091819588
302,1561266000,23,17,0,40,25,-0.6455479165751774,-0.36553220062239755
302,1561280400,32,110,78,142,25,-0.11365280221393971,-0.3395098229433467
302,1561294800,164,363,199,527,25,0.7114665418592624,-0.2412881032724194
302,1561309200,349,403,54,752,25,-0.27731283740201285,-0.18388579956863071
302,1561323600,448,255,0,703,25,-0.6455479165751774,-0.19638674570856693
302,1561338000,156,75,0,231,25,-0.6455479165751774,-0.31680402281162584
302,1561352400,10,17,7,27,25,-0.5978137396453228,-0.36884877816972755
302,1561366800,78,596,518,674,25,2.886781176234068,-0.20378526485261078
302,1561381200,232,631,399,863,25,2.0753001684265384,-0.1555673297414283
302,1561395600,532,318,0,850,25,-0.6455479165751774,-0.1588839072887583
302,1561410000,941,236,0,1177,25,-0.6455479165751774,-0.07545922590591876
302,1561424400,208,69,0,277,26,-0.6202864186324122,-0.7945537658644002
302,1561438800,21,26,5,47,26,-0.5948648440982969,-1.413187551489459
302,1561453200,87,693,606,780,26,2.460808414902356,0.5583714261764894
302,1561467600,229,631,402,860,26,1.423608173910454,0.7735483950895533
302,1561482000,536,341,0,877,26,-0.6202864186324122,0.8192735009835794
302,1561496400,861,241,0,1102,26,-0.6202864186324122,1.4244587260515718
302,1561510800,203,64,0,267,26,-0.6202864186324122,-0.8214508869785331
302,1561525200,13,28,15,41,26,-0.5440216950300664,-1.4293258241579387
302,1561539600,85,552,467,637,26,1.7540886428539524,0.17374259424438757
302,1561554000,220,623,403,843,26,1.4286924888172772,0.7278232891955272
302,1561568400,549,323,0,872,26,-0.6202864186324122,0.8058249404265129
302,1561582800,978,269,0,1247,26,-0.6202864186324122,1.8144669822065
302,1561597200,266,90,0,356,26,-0.6202864186324122,-0.5820665090627495
302,1561611600,18,15,0,33,26,-0.6202864186324122,-1.4508435210492452
302,1561626000,71,637,566,708,26,2.2574358186294345,0.36471215415473185
302,1561640400,264,656,392,920,26,1.3727650248422236,0.9349311217743512
302,1561654800,515,376,0,891,26,-0.6202864186324122,0.8569294705433655
302,1561669200,943,375,0,1318,26,-0.6202864186324122,2.0054365421168443
302,1561683600,234,108,0,342,26,-0.6202864186324122,-0.6197224786225357
302,1561698000,20,25,5,45,26,-0.5948648440982969,-1.4185669757122856
302,1561712400,71,552,481,623,26,1.8252690515494752,0.1360866246846014
302,1561726800,236,623,387,859,26,1.3473434503081083,0.77085868297814
302,1561741200,680,396,0,1076,26,-0.6202864186324122,1.354526211154826
302,1561755600,706,266,0,972,26,-0.6202864186324122,1.0747961515678428
302,1561770000,205,113,0,318,26,-0.6202864186324122,-0.6842755692964548
302,1561784400,25,27,2,52,26,-0.610117788818766,-1.3997389909323925
302,1561798800,24,160,136,184,26,0.07118040869552271,-1.044696992225837
302,1561813200,195,344,149,539,26,0.13727650248422235,-0.08984919267411574
302,1561827600,324,356,32,680,26,-0.4575883416140745,0.28940021503515945
302,1561842000,333,197,0,530,26,-0.6202864186324122,-0.11405660167683544
302,1561856400,167,84,0,251,26,-0.6202864186324122,-0.8644862807611459
302,1561870800,31,23,0,54,26,-0.6202864186324122,-1.3943595667095658
302,1561885200,31,105,74,136,26,-0.2440471155275064,-1.1738031735736754
302,1561899600,180,249,69,429,26,-0.26946869006162166,-0.38571752492957867
302,1561914000,379,307,0,686,26,-0.6202864186324122,0.3055384877036392
302,1561928400,300,189,0,489,26,-0.6202864186324122,-0.2243347982447807
302,1561942800,124,89,0,213,26,-0.6202864186324122,-0.9666953409948513
302,1561957200,10,20,10,30,26,-0.5694432695641817,-1.458912657383485
302,1561971600,73,594,521,667,26,2.028641647822397,0.25443395758678655
302,1561986000,214,616,402,830,26,1.423608173910454,0.6928570317471543
302,1562000400,516,311,0,827,26,-0.6202864186324122,0.6847878954129144
302,1562014800,829,304,0,1133,26,-0.6202864186324122,1.507839801505384
302,1562029200,171,81,0,252,27,-0.6010394005937021,-0.6528513366421071
302,1562043600,14,17,3,31,27,-0.5816708674799408,-1.3854149375502356
302,1562058000,76,632,556,708,27,2.988595403156715,0.8586826091230809
302,1562072400,216,565,349,781,27,1.652166618307189,1.100660631142508
302,1562086800,537,325,0,862,27,-0.6010394005937021,1.3691567925613242
302,1562101200,825,233,0,1058,27,-0.6010394005937021,2.018851207846361
302,1562115600,163,77,0,240,27,-0.6010394005937021,-0.692628545741191
302,1562130000,14,23,9,37,27,-0.5429338012524183,-1.3655263330006937
302,1562144400,63,516,453,579,27,2.3236090995842456,0.431077611307929
302,1562158800,244,563,319,807,27,1.4584812871695767,1.186844584190523
302,1562173200,657,303,0,960,27,-0.6010394005937021,1.6940040002038426
302,1562187600,497,229,0,726,27,-0.6010394005937021,0.9183484227717067
302,1562202000,177,83,0,260,27,-0.6010394005937021,-0.6263331972427179
302,1562216400,15,15,0,30,27,-0.6010394005937021,-1.3887297049751592
302,1562230800,29,128,99,157,27,0.038122192160418907,-0.9677542420098546
302,1562245200,93,208,115,301,27,0.1414210354338122,-0.4904277328208479
302,1562259600,257,211,0,468,27,-0.6010394005937021,0.06313842714140297
302,1562274000,435,92,0,527,27,-0.6010394005937021,0.2587097052118988
302,1562288400,101,167,66,268,27,-0.17493167209095475,-0.5998150578433286
302,1562302800,15,28,13,43,27,-0.51710909043407,-1.3456377284511516
302,1562317200,43,312,269,355,27,1.1356724019402227,-0.3114302918749704
302,1562331600,156,344,188,500,27,0.612722007868669,0.16921098473896
302,1562346000,422,304,0,726,27,-0.6010394005937021,0.9183484227717067
302,1562360400,473,164,0,637,27,-0.6010394005937021,0.6233341219535011
302,1562374800,171,99,0,270,27,-0.6010394005937021,-0.5931855229934813
302,1562389200,22,17,0,39,27,-0.6010394005937021,-1.3588967981508462
302,1562403600,27,151,124,178,27,0.1995266347750959,-0.8981441260864578
302,1562418000,157,308,151,465,27,0.3738434327989471,0.053194124866632
302,1562432400,308,321,13,629,27,-0.51710909043407,0.596815982554112
302,1562446800,354,225,0,579,27,-0.6010394005937021,0.431077611307929
302,1562461200,143,107,0,250,27,-0.6010394005937021,-0.6594808714919544
302,1562475600,20,19,0,39,27,-0.6010394005937021,-1.3588967981508462
302,1562490000,21,89,68,110,27,-0.1620193166817806,-1.1235483109812665
302,1562504400,124,267,143,391,27,0.32219401116225044,-0.19209866457771868
302,1562518800,267,318,51,585,27,-0.27177433765976095,0.45096621585747093
302,1562533200,347,178,0,525,27,-0.6010394005937021,0.2520801703620515
302,1562547600,139,61,0,200,27,-0.6010394005937021,-0.8252192427381374
302,1562562000,8,13,5,21,27,-0.5687585120707667,-1.418562611799472
302,1562576400,74,612,538,686,27,2.8723842044741477,0.7857577257747604
302,1562590800,189,567,378,756,27,1.8393957717402145,1.0177914455194164
302,1562605200,462,284,0,746,27,-0.6010394005937021,0.9846437712701799
302,1562619600,851,223,0,1074,27,-0.6010394005937021,2.0718874866451396
302,1562634000,216,73,0,289,28,-0.6577703660869465,-0.7656746799464721
302,1562648400,14,20,6,34,28,-0.625936655264225,-1.4505231701942354
302,1562662800,86,655,569,741,28,2.361126543601136,0.44825284002211213
302,1562677200,229,598,369,827,28,1.3000028495104217,0.6792213504586126
302,1562691600,526,304,0,830,28,-0.6577703660869465,0.6872783915203511
302,1562706000,906,230,0,1136,28,-0.6577703660869465,1.509096579817667
302,1562720400,207,81,0,288,28,-0.6577703660869465,-0.7683603603003849
302,1562734800,16,17,1,33,28,-0.6524647476164929,-1.4532088505481482
302,1562749200,76,619,543,695,28,2.223180463369343,0.32471154374212347
302,1562763600,258,633,375,891,28,1.331836560333143,0.8511048931090317
302,1562778000,575,350,0,925,28,-0.6577703660869465,0.9424180251420667
302,1562792400,950,265,0,1215,28,-0.6577703660869465,1.721265327776778
302,1562806800,187,94,0,281,28,-0.6577703660869465,-0.7871601227777745
302,1562821200,15,21,6,36,28,-0.625936655264225,-1.4451518094864098
302,1562835600,81,627,546,708,28,2.239097318780704,0.35962538834298985
302,1562850000,264,603,339,867,28,1.1408342953968145,0.7866485646151246
302,1562864400,585,357,0,942,28,-0.6577703660869465,0.9880745911585843
302,1562878800,882,264,0,1146,28,-0.6577703660869465,1.5359533833567949
302,1562893200,235,69,0,304,28,-0.6577703660869465,-0.7253894746377801
302,1562907600,20,40,20,60,28,-0.5516579966778751,-1.3806954809925027
302,1562922000,87,552,465,639,28,1.8093422226739646,0.17431344392300685
302,1562936400,291,610,319,901,28,1.0347219259877432,0.8779616966481597
302,1562950800,622,362,0,984,28,-0.6577703660869465,1.1008731660229218
302,1562965200,693,275,0,968,28,-0.6577703660869465,1.057902280360317
302,1562979600,220,109,0,329,28,-0.6577703660869465,-0.6582474657899603
302,1562994000,26,17,0,43,28,-0.6577703660869465,-1.4263520470090203
302,1563008400,36,171,135,207,28,0.05848812742428578,-0.9859004689673215
302,1563022800,199,421,222,620,28,0.5200769343537466,0.1232855171986637
302,1563037200,427,478,51,905,28,-0.3871838240938143,0.8887044180638108
302,1563051600,307,355,48,662,28,-0.40310067950517503,0.23608409206300116
302,1563066000,12,11,0,23,28,-0.6577703660869465,-1.480065654087276
302,1563080400,18,22,4,40,28,-0.6365478922051322,-1.4344090880707585
302,1563094800,26,102,76,128,28,-0.254543362332475,-1.1980692169264324
302,1563109200,141,330,189,471,28,0.3449915248287787,-0.27688085553434305
302,1563123600,338,378,40,716,28,-0.4455456272688036,0.38111083117429223
302,1563138000,401,179,0,580,28,-0.6577703660869465,0.01585830304215181
302,1563152400,132,83,0,215,28,-0.6577703660869465,-0.9644150261360191
302,1563166800,10,23,13,33,28,-0.5887973259710501,-1.4532088505481482
302,1563181200,85,609,524,694,28,2.1223737124307256,0.32202586338821065
302,1563195600,232,579,347,811,28,1.183279243160443,0.6362504647960079
302,1563210000,478,305,0,783,28,-0.6577703660869465,0.5610514148864496
302,1563224400,870,242,0,1112,28,-0.6577703660869465,1.4446402513237597
302,1563238800,188,66,0,254,29,-0.6646051992820509,-0.8333401350149697
302,1563253200,14,23,9,37,29,-0.618005168614528,-1.4327452325231722
302,1563267600,85,632,547,717,29,2.1676411090662766,0.44557488870068834
302,1563282000,265,657,392,922,29,1.3650850253478293,1.0118331605402346
302,1563296400,558,326,0,884,29,-0.6646051992820509,0.9068682125894895
302,1563310800,946,255,0,1201,29,-0.6646051992820509,1.782496857336495
302,1563325200,213,80,0,293,29,-0.6646051992820509,-0.7256129515918365
302,1563339600,15,17,2,32,29,-0.6542496369114902,-1.4465564098851125
302,1563354000,84,640,556,724,29,2.2142411397337995,0.4649105370074046
302,1563368400,234,627,393,861,29,1.3702628065331095,0.8433367967245647
302,1563382800,550,302,0,852,29,-0.6646051992820509,0.8184766774730724
302,1563397200,917,266,0,1183,29,-0.6646051992820509,1.7327766188335105
302,1563411600,222,73,0,295,29,-0.6646051992820509,-0.7200884806470604
302,1563426000,16,23,7,39,29,-0.6283607309850887,-1.4272207615783963
302,1563440400,88,573,485,661,29,1.8466186755788978,0.29088970224695865
302,1563454800,237,643,406,880,29,1.4375739619417536,0.8958192706999373
302,1563469200,551,379,0,930,29,-0.6646051992820509,1.0339310443193388
302,1563483600,877,250,0,1127,29,-0.6646051992820509,1.5780914323797808
302,1563498000,228,82,0,310,29,-0.6646051992820509,-0.67865494856124
302,1563512400,18,15,0,33,29,-0.6646051992820509,-1.4437941744127245
302,1563526800,66,540,474,606,29,1.7896630825408144,0.13896675126561697
302,1563541200,173,564,391,737,29,1.359907244162549,0.500819598148449
302,1563555600,660,371,0,1031,29,-0.6646051992820509,1.3129168270305298
302,1563570000,668,252,0,920,29,-0.6646051992820509,1.0063086895954585
302,1563584400,202,77,0,279,29,-0.6646051992820509,-0.764284248205269
302,1563598800,25,16,0,41,29,-0.6646051992820509,-1.4216962906336201
302,1563613200,36,181,145,217,29,0.08617307258359365,-0.9355428474933268
302,1563627600,116,386,270,502,29,0.733395720743632,-0.14830573786273818
302,1563642000,297,378,81,675,29,-0.24520492327434598,0.3295609988603911
302,1563656400,353,216,0,569,29,-0.6646051992820509,0.03676403878725986
302,1563670800,192,97,0,289,29,-0.6646051992820509,-0.7366618934813887
302,1563685200,22,20,0,42,29,-0.6646051992820509,-1.4189340551612322
302,1563699600,23,106,83,129,29,-0.23484936090378536,-1.1786195690634735
302,1563714000,113,295,182,408,29,0.277750976438965,-0.407955872267213
302,1563728400,256,287,31,543,29,-0.5040939825383614,-0.035054083494828935
302,1563742800,302,181,0,483,29,-0.6646051992820509,-0.20078821183811074
302,1563757200,152,58,0,210,29,-0.6646051992820509,-0.954878495800043
302,1563771600,7,25,18,32,29,-0.5714051379470053,-1.4465564098851125
302,1563786000,73,545,472,618,29,1.7793075201702537,0.17211357693427334
302,1563800400,202,649,447,851,29,1.649862990538246,0.8157144420006844
302,1563814800,510,314,0,824,29,-0.6646051992820509,0.7411340842462076
302,1563829200,862,236,0,1098,29,-0.6646051992820509,1.4979866036805278
302,1563843600,182,70,0,252,30,-0.7243787420646839,-0.9995369776601808
302,1563858000,15,16,1,31,30,-0.719243038626683,-1.6168980520973513
302,1563872400,85,613,528,698,30,1.9872726731997372,0.24635912731257037
302,1563886800,231,693,462,924,30,1.6483162462916845,0.8776876468727537
302,1563901200,468,296,0,764,30,-0.7243787420646839,0.4307294029363407
302,1563915600,859,256,0,1115,30,-0.7243787420646839,1.4112440505718467
302,1563930000,226,81,0,307,30,-0.7243787420646839,-0.8458950813070388
302,1563944400,19,21,2,40,30,-0.7141073351886823,-1.591756650875928
302,1563958800,83,606,523,689,30,1.9615941560097332,0.22121772609114712
302,1563973200,264,695,431,959,30,1.48910943971366,0.975459762733844
302,1563987600,521,312,0,833,30,-0.7243787420646839,0.6234801456339188
302,1564002000,926,275,0,1201,30,-0.7243787420646839,1.6514841066876687
302,1564016400,229,97,0,326,30,-0.7243787420646839,-0.7928187898395898
302,1564030800,20,22,2,42,30,-0.7141073351886823,-1.586169672826723
302,1564045200,77,581,504,658,30,1.8640157906877182,0.1346195663284671
302,1564059600,251,581,330,832,30,0.9704033924755793,0.6206866566093162
302,1564074000,521,369,0,890,30,-0.7243787420646839,0.782709020036266
302,1564088400,924,307,0,1231,30,-0.7243787420646839,1.7352887774257462
302,1564102800,269,96,0,365,30,-0.7243787420646839,-0.6838727178800892
302,1564117200,20,20,0,40,30,-0.7243787420646839,-1.591756650875928
302,1564131600,77,548,471,625,30,1.6945375772336917,0.04243442851658195
302,1564146000,256,601,345,857,30,1.0474389440455913,0.6905238822243808
302,1564160400,658,371,0,1029,30,-0.7243787420646839,1.1710039944560247
302,1564174800,654,250,0,904,30,-0.7243787420646839,0.8218178663807021
302,1564189200,276,114,0,390,30,-0.7243787420646839,-0.6140354922650246
302,1564203600,36,33,0,69,30,-0.7243787420646839,-1.5107454691624531
302,1564218000,35,268,233,303,30,0.47224015898950195,-0.8570690374054492
302,1564232400,195,557,362,752,30,1.134745902491605,0.39720753464110975
302,1564246800,373,583,210,956,30,0.35411897991548363,0.9670792956600363
302,1564261200,441,435,0,876,30,-0.7243787420646839,0.7436001736918298
302,1564275600,264,216,0,480,30,-0.7243787420646839,-0.3626214800507923
302,1564290000,40,29,0,69,30,-0.7243787420646839,-1.5107454691624531
302,1564304400,40,143,103,183,30,-0.19540128795060172,-1.1922877203577589
302,1564318800,178,453,275,631,30,0.6879397033855355,0.05919536266419743
302,1564333200,304,499,195,803,30,0.27708342834547167,0.5396754748958413
302,1564347600,386,304,0,690,30,-0.7243787420646839,0.22401121511574973
302,1564362000,180,97,0,277,30,-0.7243787420646839,-0.9296997520451162
302,1564376400,13,52,39,65,30,-0.5240863079826528,-1.5219194252608634
302,1564390800,76,581,505,657,30,1.8691514941257188,0.13182607730386453
302,1564405200,244,647,403,891,30,1.3453097434496375,0.7855025090608685
302,1564419600,487,301,0,788,30,-0.7243787420646839,0.4977731395268027
302,1564434000,905,215,0,1120,30,-0.7243787420646839,1.4252114956948596
302,1564448400,188,80,0,268,31,-0.698999724157261,-1.0223386514215809
302,1564462800,24,21,0,45,31,-0.698999724157261,-1.6167499998635475
302,1564477200,84,607,523,691,31,1.6697488011186405,0.10517704539883087
302,1564491600,243,656,413,899,31,1.1715416543110895,0.659605567712414
302,1564506000,511,358,0,869,31,-0.698999724157261,0.5796399154556472
302,1564520400,973,233,0,1206,31,-0.698999724157261,1.4779207424733276
302,1564534800,220,64,0,284,31,-0.698999724157261,-0.9796903035513053
302,1564549200,18,21,3,39,31,-0.6854122565170551,-1.6327431303149007
302,1564563600,82,622,540,704,31,1.7467444510798076,0.1398288280434298
302,1564578000,238,644,406,882,31,1.139837563150609,0.6142916981002461
302,1564592400,580,362,0,942,31,-0.698999724157261,0.7742230026137797
302,1564606800,839,221,0,1060,31,-0.698999724157261,1.0887545681570625
302,1564621200,239,79,0,318,31,-0.698999724157261,-0.8890625643269696
302,1564635600,20,23,3,43,31,-0.6854122565170551,-1.6220810433473318
302,1564650000,68,611,543,679,31,1.7603319187200135,0.07319078449612415
302,1564664400,237,682,445,919,31,1.3164746424732863,0.7129160025502586
302,1564678800,538,354,0,892,31,-0.698999724157261,0.6409469155191684
302,1564693200,1014,238,0,1252,31,-0.698999724157261,1.60053474260037
302,1564707600,223,91,0,314,31,-0.698999724157261,-0.8997246512945385
302,1564722000,28,22,0,50,31,-0.698999724157261,-1.6034223911540864
302,1564736400,76,542,466,618,31,1.4115869159547276,-0.08940604175930167
302,1564750800,222,584,362,806,31,0.9405547044275887,0.41171204571643694
302,1564765200,607,350,0,957,31,-0.698999724157261,0.8142058287421631
302,1564779600,670,230,0,900,31,-0.698999724157261,0.6622710894543062
302,1565398800,9606,7941,0,17547,32,-0.7949381674043259,4.098368456252639
302,1565413200,36,35,0,71,32,-0.7949381674043259,-0.3759771405907856
302,1565427600,41,281,240,322,32,0.7092812295237021,-0.3117141087295073
302,1565442000,178,569,391,747,32,1.655685933424253,-0.20290220219148625
302,1565456400,174,355,181,529,32,0.33949396111222857,-0.25871630954510644
302,1565470800,934,946,12,1880,32,-0.7197271975579245,0.0871775392381086
302,1565485200,276,163,0,439,32,-0.7949381674043259,-0.28175883092962856
302,1565499600,32,35,3,67,32,-0.7761354249427255,-0.3770012526523199
302,1565514000,44,154,110,198,32,-0.10550427714564638,-0.34346158263707105
302,1565528400,150,478,328,628,32,1.2608283417306458,-0.23336953602213215
302,1565542800,375,509,134,884,32,0.04491766254715642,-0.16782636408393595
302,1565557200,412,290,0,702,32,-0.7949381674043259,-0.2144234628837473
302,1565571600,225,103,0,328,32,-0.7949381674043259,-0.31017794063720583
302,1565586000,12,50,38,62,32,-0.5567700962240548,-0.3782813927292378
302,1565600400,82,566,484,648,32,2.238570949733864,-0.22824897571446057
302,1565614800,183,545,362,728,32,1.4739260896287831,-0.20776673448377425
302,1565629200,518,289,0,807,32,-0.7949381674043259,-0.18754052126847154
302,1565643600,901,223,0,1124,32,-0.7949381674043259,-0.10637964039187703
302,1565658000,172,70,0,242,33,-0.5979609221655894,-0.6403461656619266
302,1565672400,17,11,0,28,33,-0.5979609221655894,-1.2092895560305899
302,1565686800,80,578,498,658,33,2.1233077131728497,0.4656372473911757
302,1565701200,221,627,406,848,33,1.6205833869657484,0.9707739023913907
302,1565715600,490,283,0,773,33,-0.5979609221655894,0.7713778543649901
302,1565730000,889,254,0,1143,33,-0.5979609221655894,1.7550650246285664
302,1565744400,219,72,0,291,33,-0.5979609221655894,-0.5100740809513449
302,1565758800,15,7,0,22,33,-0.5979609221655894,-1.225241239872702
302,1565773200,75,565,490,640,33,2.079592554372232,0.41778219586483956
302,1565787600,210,622,412,832,33,1.6533697560662117,0.9282360788124252
302,1565802000,538,321,0,859,33,-0.5979609221655894,1.0000186561019295
302,1565816400,870,249,0,1119,33,-0.5979609221655894,1.6912582892601182
302,1565830800,227,67,0,294,33,-0.5979609221655894,-0.5020982390302888
302,1565845200,19,7,0,26,33,-0.5979609221655894,-1.2146067839779606
302,1565859600,74,593,519,667,33,2.2380600050244706,0.48956477315434377
302,1565874000,232,603,371,835,33,1.429329567213047,0.9362119207334813
302,1565888400,570,353,0,923,33,-0.5979609221655894,1.1701699504177914
302,1565902800,943,261,0,1204,33,-0.5979609221655894,1.9172404770233724
302,1565917200,237,78,0,315,33,-0.5979609221655894,-0.44626734558289666
302,1565931600,24,9,0,33,33,-0.5979609221655894,-1.195996486162163
302,1565946000,61,512,451,573,33,1.866481155219222,0.23965505962792163
302,1565960400,235,594,359,829,33,1.3637568290121207,0.9202602368913693
302,1565974800,639,367,0,1006,33,-0.5979609221655894,1.3908349102336746
302,1565989200,639,232,0,871,33,-0.5979609221655894,1.0319220237861535
302,1566003600,157,74,0,231,33,-0.5979609221655894,-0.6695909193724654
302,1566018000,31,19,0,50,33,-0.5979609221655894,-1.1508000486095122
302,1566032400,21,50,29,71,33,-0.4394934715133509,-1.0949691551621201
302,1566046800,58,123,65,181,33,-0.24277525691057217,-0.8025216180567325
302,1566061200,135,189,54,324,33,-0.30288360026142125,-0.42233981981972857
302,1566075600,156,113,0,269,33,-0.5979609221655894,-0.5685635883724224
302,1566090000,92,58,0,150,33,-0.5979609221655894,-0.8849386512409781
302,1566104400,16,21,5,37,33,-0.5706389479152034,-1.1853620302674217
302,1566118800,15,36,21,51,33,-0.4832086303139684,-1.148141434635827
302,1566133200,41,104,63,145,33,-0.25370404661072654,-0.8982317211094049
302,1566147600,81,130,49,211,33,-0.33020557451180715,-0.7227631988461722
302,1566162000,136,87,0,223,33,-0.5979609221655894,-0.6908598311619482
302,1566176400,80,35,0,115,33,-0.5979609221655894,-0.9779901403199651
302,1566190800,10,8,0,18,33,-0.5979609221655894,-1.2358756957674433
302,1566205200,79,550,471,629,33,1.9757690522207656,0.3885374421543008
302,1566219600,213,546,333,759,33,1.2216825629101138,0.7341572587333952
302,1566234000,444,319,0,763,33,-0.5979609221655894,0.7447917146281366
302,1566248400,832,190,0,1022,33,-0.5979609221655894,1.43337273381264
302,1566262800,154,54,0,208,34,-0.5999866515525745,-0.7185734274498314
302,1566277200,21,8,0,29,34,-0.5999866515525745,-1.2214811753150179
302,1566291600,73,612,539,685,34,2.3832107606695163,0.6215773866937101
302,1566306000,170,606,436,776,34,1.8131377857921966,0.8772455713626037
302,1566320400,478,391,0,869,34,-0.5999866515525745,1.1385328370132313
302,1566334800,887,258,0,1145,34,-0.5999866515525745,1.913966012492513
302,1566349200,191,63,0,254,34,-0.5999866515525745,-0.5893345648699512
302,1566363600,19,6,0,25,34,-0.5999866515525745,-1.2327193372784857
302,1566378000,71,588,517,659,34,2.261447600986982,0.5485293339311691
302,1566392400,215,563,348,778,34,1.3260851470620596,0.8828646523443376
302,1566406800,471,319,0,790,34,-0.5999866515525745,0.9165791382347412
302,1566421200,850,228,0,1078,34,-0.5999866515525745,1.7257267996044265
302,1566435600,173,66,0,239,34,-0.5999866515525745,-0.6314776722329556
302,1566450000,24,7,0,31,34,-0.5999866515525745,-1.2158620943332838
302,1566464400,77,558,481,635,34,2.062198794233744,0.48110036215036195
302,1566478800,208,641,433,849,34,1.7965337185627601,1.0823420271958921
302,1566493200,532,321,0,853,34,-0.5999866515525745,1.09358018915936
302,1566507600,864,245,0,1109,34,-0.5999866515525745,1.8128225548213024
302,1566522000,248,82,0,330,34,-0.5999866515525745,-0.3758094875640619
302,1566536400,17,19,2,36,34,-0.5889172733996167,-1.2018143918789492
302,1566550800,69,464,395,533,34,1.5862155336565644,0.19452723208193165
302,1566565200,212,552,340,764,34,1.281807634450229,0.8435310854722002
302,1566579600,533,317,0,850,34,-0.5999866515525745,1.0851515676867591
302,1566594000,548,236,0,784,34,-0.5999866515525745,0.8997218952895395
302,1566608400,158,85,0,243,34,-0.5999866515525745,-0.6202395102694878
302,1566622800,21,14,0,35,34,-0.5999866515525745,-1.204623932369816
302,1566637200,17,56,39,73,34,-0.3841337775698999,-1.0978613937168715
302,1566651600,47,143,96,190,34,-0.06865650021060644,-0.7691451562854368
302,1566666000,149,210,61,359,34,-0.2623706178873656,-0.29433281332892
302,1566680400,184,153,0,337,34,-0.5999866515525745,-0.35614270412799315
302,1566694800,89,60,0,149,34,-0.5999866515525745,-0.8843363164109823
302,1566709200,17,19,2,36,34,-0.5889172733996167,-1.2018143918789492
302,1566723600,19,35,16,54,34,-0.5114316263289131,-1.1512426630433439
302,1566738000,42,110,68,152,34,-0.22362779435201377,-0.8759076949383814
302,1566752400,115,141,26,256,34,-0.45608473556412477,-0.5837154838882171
302,1566766800,140,80,0,220,34,-0.5999866515525745,-0.6848589415594278
302,1566781200,77,34,0,111,34,-0.5999866515525745,-0.9910988550639269
302,1566795600,10,8,0,18,34,-0.5999866515525745,-1.2523861207145546
302,1566810000,53,409,356,462,34,1.3703626596738903,-0.004950142769622737
302,1566824400,170,568,398,738,34,1.602819600886001,0.7704830327096591
302,1566838800,449,275,0,724,34,-0.5999866515525745,0.7311494658375217
302,1566853200,770,242,0,1012,34,-0.5999866515525745,1.540297127207207
302,1566867600,110,57,0,167,35,-0.593794858160273,-0.7563022246679826
302,1566882000,2,3,1,5,35,-0.5869975335370156,-1.2568255528112522
302,1566896400,66,484,418,550,35,2.2474868343613275,0.4270337918682657
302,1566910800,207,502,295,709,35,1.4114159057006652,0.9182881694903635
302,1566925200,475,317,0,792,35,-0.593794858160273,1.174729133909446
302,1566939600,820,241,0,1061,35,-0.593794858160273,2.0058450306411717
302,1566954000,110,48,0,158,35,-0.593794858160273,-0.7841090762314976
302,1566968400,3,5,2,8,35,-0.5802002089137582,-1.2475566022900804
302,1566982800,64,522,458,586,35,2.519379819291624,0.5382611981223255
302,1566997200,237,563,326,800,35,1.6221329690216453,1.199446335299237
302,1567011600,470,338,0,808,35,-0.593794858160273,1.2241635366890282
302,1567026000,777,261,0,1038,35,-0.593794858160273,1.934783076645522
302,1567040400,98,58,0,156,35,-0.593794858160273,-0.7902883765789454
302,1567054800,1,2,1,3,35,-0.5869975335370156,-1.2630048531587
302,1567069200,70,563,493,633,35,2.7572861811056337,0.6834747562873482
302,1567083600,244,568,324,812,35,1.6085383197751304,1.2365221373839237
302,1567098000,526,317,0,843,35,-0.593794858160273,1.3323012927693643
302,1567112400,750,228,0,978,35,-0.593794858160273,1.749404066222089
302,1567126800,112,59,0,171,35,-0.593794858160273,-0.7439436239730871
302,1567141200,2,1,0,3,35,-0.593794858160273,-1.2630048531587
302,1567155600,59,452,393,511,35,2.077553718779892,0.3065374350930341
302,1567170000,215,507,292,722,35,1.391023931830893,0.958453621748774
302,1567184400,555,327,0,882,35,-0.593794858160273,1.4527976495445958
302,1567198800,459,187,0,646,35,-0.593794858160273,0.7236402085457587
302,1567213200,134,81,0,215,35,-0.593794858160273,-0.6079990163292361
302,1567227600,16,14,0,30,35,-0.593794858160273,-1.179584298468155
302,1567242000,23,76,53,99,35,-0.2335366531276299,-0.9663984364812068
302,1567256400,98,193,95,291,35,0.051950981049181666,-0.3731856031262208
302,1567270800,196,298,102,494,35,0.09953225341198359,0.25401338213972807
302,1567285200,256,171,0,427,35,-0.593794858160273,0.04700682050022772
302,1567299600,124,87,0,211,35,-0.593794858160273,-0.6203576170241316
302,1567314000,16,15,0,31,35,-0.593794858160273,-1.1764946482944312
302,1567328400,19,53,34,72,35,-0.36268582096952084,-1.0498189911717517
302,1567342800,93,243,150,336,35,0.42580383532833965,-0.2341513453086459
302,1567357200,198,301,103,499,35,0.10632957803524101,0.2694616330083475
302,1567371600,240,162,0,402,35,-0.593794858160273,-0.03023443384286943
302,1567386000,101,79,0,180,35,-0.593794858160273,-0.7161367724095721
302,1567400400,12,11,0,23,35,-0.593794858160273,-1.2012118496842221
302,1567414800,18,51,33,69,35,-0.36948314559277823,-1.0590879416929235
302,1567429200,83,161,78,244,35,-0.06360353754619444,-0.5183991612912434
302,1567443600,157,175,18,332,35,-0.4714430149416395,-0.24650994600354145
302,1567458000,175,123,0,298,35,-0.593794858160273,-0.35155805191015355
302,1567472400,106,49,0,155,36,-0.5933602320342521,-0.9986564686749183
302,1567486800,8,7,0,15,36,-0.5933602320342521,-1.3794464320282886
302,1567501200,79,549,470,628,36,1.8479692242793138,0.2878696217975396
302,1567515600,220,558,338,778,36,1.1623192493146528,0.6958588682475791
302,1567530000,506,266,0,772,36,-0.5933602320342521,0.6795392983895775
302,1567544400,843,239,0,1082,36,-0.5933602320342521,1.5227170743863259
302,1567558800,167,71,0,238,36,-0.5933602320342521,-0.7729024189725632
302,1567573200,14,9,0,23,36,-0.5933602320342521,-1.3576870055509531
302,1567587600,67,622,555,689,36,2.289486253612618,0.45378524868722236
302,1567602000,252,700,448,952,36,1.7336942284518704,1.169126394129625
302,1567616400,484,339,0,823,36,-0.5933602320342521,0.818255642182591
302,1567630800,862,223,0,1085,36,-0.5933602320342521,1.5308768593153266
302,1567645200,177,65,0,242,36,-0.5933602320342521,-0.7620227057338954
302,1567659600,13,9,0,22,36,-0.5933602320342521,-1.36040693386062
302,1567674000,74,616,542,690,36,2.2219601197145837,0.45650517699688925
302,1567688400,207,620,413,827,36,1.551893098726392,0.8291353554212587
302,1567702800,580,311,0,891,36,-0.5933602320342521,1.0032107672399422
302,1567717200,948,223,0,1171,36,-0.5933602320342521,1.7647906939466826
302,1567731600,197,77,0,274,36,-0.5933602320342521,-0.6749849998245536
302,1567746000,16,15,0,31,36,-0.5933602320342521,-1.3359275790736176
302,1567760400,80,564,484,644,36,1.9206896761695051,0.3313884747522105
302,1567760508,2,0,0,2,36,-0.5933602320342521,-1.4148055000539586
302,1567774800,184,574,390,758,36,1.432423784906792,0.6414603020542405
302,1567789200,530,359,0,889,36,-0.5933602320342521,0.9977709106206084
302,1567803600,807,228,0,1035,36,-0.5933602320342521,1.3948804438319802
302,1567818000,196,75,0,271,36,-0.5933602320342521,-0.6831447847535544
302,1567832400,24,14,0,38,36,-0.5933602320342521,-1.316888080905949
302,1567846800,21,79,58,100,36,-0.29208978848917383,-1.1482525257065994
302,1567861200,157,318,161,475,36,0.24292496470294808,-0.1282794095815007
302,1567875600,382,357,0,739,36,-0.5933602320342521,0.5897816641705689
302,1567890000,364,258,0,622,36,-0.5933602320342521,0.271550051939538
302,1567904400,181,109,0,290,36,-0.5933602320342521,-0.6314661468698828
302,1567918800,22,20,0,42,36,-0.5933602320342521,-1.3060083676672813
302,1567933200,42,59,17,101,36,-0.5050568261675913,-1.1455325973969326
302,1567947600,155,254,99,409,36,-0.07912275081075637,-0.3077946780195181
302,1567962000,296,321,25,617,36,-0.4635022822303391,0.25795041039120337
302,1567976400,284,162,0,446,36,-0.5933602320342521,-0.20715733056184166
302,1567990800,113,44,0,157,36,-0.5933602320342521,-0.9932166120555844
302,1568005200,7,8,1,15,36,-0.5881659140420956,-1.3794464320282886
302,1568019600,64,571,507,635,36,2.0401589899891053,0.30690911996520814
302,1568034000,222,626,404,848,36,1.5051442367969834,0.8862538499242643
302,1568048400,485,336,0,821,36,-0.5933602320342521,0.8128157855632572
302,1568062800,886,225,0,1111,36,-0.5933602320342521,1.6015949953666668
302,1568077200,135,53,0,188,37,-0.7408141135874553,-1.1818583765375124
302,1568091600,17,17,0,34,37,-0.7408141135874553,-1.478757431939875
302,1568106000,105,1045,940,1150,37,2.0630724940659557,0.6727967617551683
302,1568120400,272,1051,779,1323,37,1.582832341052978,1.0063262200967835
302,1568134800,630,615,0,1245,37,-0.7408141135874553,0.8559487764514311
302,1568149200,1079,465,0,1544,37,-0.7408141135874553,1.4323956437586156
302,1568163600,211,127,0,338,37,-0.7408141135874553,-0.8926709849118346
302,1568178000,14,11,0,25,37,-0.7408141135874553,-1.4961086754374158
302,1568192400,95,904,809,999,37,1.6723180838504272,0.3816814541853193
302,1568206800,273,1091,818,1364,37,1.6991638066896622,1.0853707738078022
302,1568221200,625,587,0,1212,37,-0.7408141135874553,0.7923275502937819
302,1568235600,1035,444,0,1479,37,-0.7408141135874553,1.3070811073874886
302,1568250000,206,124,0,330,37,-0.7408141135874553,-0.908094312465204
302,1568264400,16,12,0,28,37,-0.7408141135874553,-1.4903249276049022
302,1568278800,99,956,857,1055,37,1.8154952723263462,0.4896447470589057
302,1568293200,292,1094,802,1386,37,1.651438077197689,1.1277849245795681
302,1568307600,649,637,0,1286,37,-0.7408141135874553,0.9349933301624497
302,1568322000,1054,529,0,1583,37,-0.7408141135874553,1.507584365581292
302,1568336400,158,123,0,281,37,-0.7408141135874553,-1.002562193729592
302,1568350800,19,16,0,35,37,-0.7408141135874553,-1.476829515995704
302,1568365200,92,842,750,934,37,1.496329456348777,0.25636691781419224
302,1568379600,271,1030,759,1301,37,1.523175179188012,0.9639120693250175
302,1568394000,619,676,57,1295,37,-0.5707912022723016,0.9523445736599904
302,1568408400,880,415,0,1295,37,-0.7408141135874553,0.9523445736599904
302,1568422800,235,173,0,408,37,-0.7408141135874553,-0.7577168688198516
302,1568437200,33,28,0,61,37,-0.7408141135874553,-1.426703701447253
302,1568451600,32,276,244,308,37,-0.012996738834867648,-0.9505084632369701
302,1568466000,172,662,490,834,37,0.7207863521042166,0.06357532339707364
302,1568480400,411,863,452,1274,37,0.6074377445607808,0.9118583388323954
302,1568494800,364,533,169,897,37,-0.2367110958284909,0.18503402787985834
302,1568509200,197,203,6,400,37,-0.7229169650279654,-0.7731401963732211
302,1568523600,31,32,1,63,37,-0.7378312554942069,-1.4228478695589106
302,1568538000,26,175,149,201,37,-0.2963682576934571,-1.156795469263287
302,1568552400,182,584,402,766,37,0.45829483989836534,-0.067522960806567
302,1568566800,329,736,407,1065,37,0.4732091303646069,0.5089239065006176
302,1568581200,384,371,0,755,37,-0.7408141135874553,-0.08873003619245004
302,1568595600,157,107,0,264,37,-0.7408141135874553,-1.0353367647805023
302,1568610000,13,40,27,53,37,-0.6602769450697509,-1.4421270290006225
302,1568624400,90,886,796,976,37,1.6335409286381992,0.337339387469382
302,1568638800,250,928,678,1178,37,1.2815636736348988,0.7267784081919616
302,1568653200,533,572,39,1105,37,-0.6244826479507711,0.586040544267465
302,1568667600,976,349,0,1325,37,-0.7408141135874553,1.010182051985126
302,1568682000,193,95,0,288,38,-0.6021023813169104,-0.8956765179689782
302,1568696400,24,35,11,59,38,-0.5657401198569871,-1.3663691608400104
302,1568710800,96,963,867,1059,38,2.263904953751583,0.6890572272430997
302,1568725200,274,1028,754,1302,38,1.89036535875419,1.1885258395472953
302,1568739600,581,547,0,1128,38,-0.6021023813169104,0.8308816480208342
302,1568754000,1023,478,0,1501,38,-0.6021023813169104,1.5975556907758344
302,1568768400,229,111,0,340,38,-0.6021023813169104,-0.7887943457886565
302,1568782800,23,28,5,51,38,-0.5855740806533088,-1.3828125719446753
302,1568797200,95,962,867,1057,38,2.263904953751583,0.6849463744669334
302,1568811600,285,981,696,1266,38,1.6986370710564132,1.1145304895763035
302,1568826000,614,594,0,1208,38,-0.6021023813169104,0.995315759067483
302,1568840400,988,443,0,1431,38,-0.6021023813169104,1.4536758436100166
302,1568854800,288,138,0,426,38,-0.6021023813169104,-0.6120276764135091
302,1568869200,27,43,16,70,38,-0.5492118191933857,-1.3437594705710962
302,1568883600,88,816,728,904,38,1.8044181953034626,0.3704661370902176
302,1568898000,269,996,727,1265,38,1.8011125351707422,1.1124750631882203
302,1568912400,586,570,0,1156,38,-0.6021023813169104,0.8884335868871613
302,1568926800,1002,415,0,1417,38,-0.6021023813169104,1.424899874176853
302,1568941200,271,144,0,415,38,-0.6021023813169104,-0.6346373666824232
302,1568955600,29,33,4,62,38,-0.5888797407860292,-1.3602028816757612
302,1568970000,93,900,807,993,38,2.0655653457883654,0.5533990856296144
302,1568984400,256,1026,770,1282,38,1.9432559208777147,1.1474173117856332
302,1568998800,655,635,0,1290,38,-0.6021023813169104,1.1638607228902982
302,1569013200,905,488,0,1393,38,-0.6021023813169104,1.3755696408628584
302,1569027600,282,172,0,454,38,-0.6021023813169104,-0.5544757375471819
302,1569042000,30,28,0,58,38,-0.6021023813169104,-1.3684245872280936
302,1569056400,27,150,123,177,38,-0.19550618499231442,-1.1238288470462034
302,1569070800,138,375,237,513,38,0.1813390701377989,-0.4332055806502785
302,1569085200,431,497,66,928,38,-0.38392881255737105,0.41979637040421225
302,1569099600,495,319,0,814,38,-0.6021023813169104,0.18547776216273767
302,1569114000,159,124,0,283,38,-0.6021023813169104,-0.9059536499093938
302,1569128400,21,13,0,34,38,-0.6021023813169104,-1.4177548205420882
302,1569142800,25,101,76,126,38,-0.35087221123016815,-1.2286555928384422
302,1569157200,145,323,178,468,38,-0.01369487769269834,-0.5256997681140184
302,1569171600,356,371,15,727,38,-0.552517479326106,0.006655666399507102
302,1569186000,407,207,0,614,38,-0.6021023813169104,-0.22560751545388433
302,1569200400,131,72,0,203,38,-0.6021023813169104,-1.0703877609560426
302,1569214800,18,14,0,32,38,-0.6021023813169104,-1.4218656733182544
302,1569229200,81,525,444,606,38,0.8656107176108995,-0.2420509265585492
302,1569243600,264,523,259,787,38,0.2540635930576453,0.1299812496844937
302,1569258000,571,325,0,896,38,-0.6021023813169104,0.35402272598555273
302,1569272400,1049,266,0,1315,38,-0.6021023813169104,1.2152463825923758
302,1569286800,207,81,0,288,39,-0.7492702764652489,-0.9691548695200783
302,1569301200,28,49,21,77,39,-0.6459468893729491,-1.5217639580342293
302,1569315600,91,585,494,676,39,1.6812894008488513,0.047017293245279854
302,1569330000,275,628,353,903,39,0.9875466589434098,0.6415303884714043
302,1569344400,573,354,0,927,39,-0.7492702764652489,0.7043863985393647
302,1569358800,1084,340,0,1424,39,-0.7492702764652489,2.0060296070300425
302,1569373200,293,83,0,376,39,-0.7492702764652489,-0.7386828326042238
302,1569387600,26,48,22,74,39,-0.6410267280828396,-1.5296209592927243
302,1569402000,80,658,578,738,39,2.0945829492180503,0.2093953192541773
302,1569416400,276,727,451,1003,39,1.469722465374142,0.9034304304212389
302,1569430800,634,349,0,983,39,-0.7492702764652489,0.851050422031272
302,1569445200,980,294,0,1274,39,-0.7492702764652489,1.6131795441052907
302,1569459600,285,76,0,361,39,-0.7492702764652489,-0.7779678388966991
302,1569474000,33,51,18,84,39,-0.6607073732432777,-1.503430955097741
302,1569488400,98,667,569,765,39,2.050301497607065,0.2801083305806326
302,1569502800,283,702,419,985,39,1.3122773040906377,0.8562884228702687
302,1569517200,612,389,0,1001,39,-0.7492702764652489,0.8981924295822422
302,1569531600,895,321,0,1216,39,-0.7492702764652489,1.4612775197743866
302,1569546000,289,106,0,395,39,-0.7492702764652489,-0.6889218246337553
302,1569560400,36,44,8,80,39,-0.7099089861443728,-1.5139069567757342
302,1569574800,79,587,508,666,39,1.7501716589103846,0.020827289050296398
302,1569589200,209,659,450,868,39,1.4648023040840328,0.5498653737889623
302,1569603600,608,409,0,1017,39,-0.7492702764652489,0.9400964362942158
302,1569618000,880,265,0,1145,39,-0.7492702764652489,1.2753284899900041
302,1569632400,266,116,0,382,39,-0.7492702764652489,-0.7229688300872338
302,1569646800,53,44,0,97,39,-0.7492702764652489,-1.4693839496442624
302,1569661200,40,326,286,366,39,0.6578958525060723,-0.7648728367992074
302,1569675600,197,616,419,813,39,1.3122773040906377,0.40582035071655326
302,1569690000,449,694,245,1143,39,0.4561692396115822,1.2700904891510074
302,1569704400,495,469,0,964,39,-0.7492702764652489,0.8012894140608035
302,1569718800,299,167,0,466,39,-0.7492702764652489,-0.5029727948493727
302,1569733200,51,30,0,81,39,-0.7492702764652489,-1.511287956356236
302,1569747600,36,199,163,235,39,0.052716013822601986,-1.1079618917534906
302,1569762000,149,465,316,614,39,0.8055006912093577,-0.1153607327636176
302,1569776400,340,564,224,904,39,0.35284585251928235,0.6441493888909027
302,1569790800,361,298,0,659,39,-0.7492702764652489,0.002494286113807977
302,1569805200,169,120,0,289,39,-0.7492702764652489,-0.96653586910058
302,1569819600,18,54,36,72,39,-0.5721444700213064,-1.534858960131721
302,1569834000,69,559,490,628,39,1.6616087556884132,-0.07869472689064075
302,1569848400,193,519,326,712,39,0.8547023041104529,0.1413013083472203
302,1569862800,469,346,0,815,39,-0.7492702764652489,0.41105835155554993
302,1569877200,827,245,0,1072,39,-0.7492702764652489,1.0841414593666248
302,1569891600,217,69,0,286,40,-0.6454013631544415,-0.9356814333210605
302,1569906000,22,17,0,39,40,-0.6454013631544415,-1.5460542679606053
302,1569920400,72,612,540,684,40,1.9271299050955994,0.04783430832484585
302,1569934800,189,660,471,849,40,1.598417576374761,0.4555732464443799
302,1569949200,476,362,0,838,40,-0.6454013631544415,0.4283906505697443
302,1569963600,925,347,0,1272,40,-0.6454013631544415,1.5008676150780944
302,1569978000,263,76,0,339,40,-0.6454013631544415,-0.8047107441069071
302,1569992400,24,29,5,53,40,-0.6215816291891634,-1.5114582368474327
302,1570006800,93,595,502,688,40,1.7460999269594855,0.05771888864289516
302,1570021200,227,776,549,1003,40,1.9700054262331002,0.8361295886892783
302,1570035600,524,383,0,907,40,-0.6454013631544415,0.5988996610560948
302,1570050000,960,363,0,1323,40,-0.6454013631544415,1.6268960141332232
302,1570064400,261,90,0,351,40,-0.6454013631544415,-0.7750570031527592
302,1570078800,23,21,0,44,40,-0.6454013631544415,-1.5336985425630438
302,1570093200,83,637,554,720,40,1.9938251601983783,0.13679553118728963
302,1570107600,238,721,483,959,40,1.6555849378914285,0.7273992051907359
302,1570122000,529,416,0,945,40,-0.6454013631544415,0.6928031740775633
302,1570136400,917,362,0,1279,40,-0.6454013631544415,1.5181656306346807
302,1570150800,278,121,0,399,40,-0.6454013631544415,-0.6564420393361675
302,1570165200,28,30,2,58,40,-0.6358734695683302,-1.499102511449871
302,1570179600,74,515,441,589,40,1.455499172583092,-0.18692447422882527
302,1570194000,217,699,482,916,40,1.6508209910983729,0.6211399667717058
302,1570208400,577,438,0,1015,40,-0.6454013631544415,0.8657833296434262
302,1570222800,842,302,0,1144,40,-0.6454013631544415,1.1845610449005164
302,1570237200,321,116,0,437,40,-0.6454013631544415,-0.562538526314699
302,1570251600,34,16,0,50,40,-0.6454013631544415,-1.5188716720859698
302,1570266000,37,221,184,258,40,0.23116484676779467,-1.0048734955474057
302,1570280400,282,529,247,811,40,0.5312934947302994,0.3616697334229114
302,1570294800,674,568,0,1242,40,-0.6454013631544415,1.4267332626927245
302,1570309200,756,422,0,1178,40,-0.6454013631544415,1.2685799776039357
302,1570323600,303,139,0,442,40,-0.6454013631544415,-0.5501828009171374
302,1570338000,35,30,0,65,40,-0.6454013631544415,-1.4818044958932848
302,1570352400,42,133,91,175,40,-0.21188220498637908,-1.209978537146929
302,1570366800,226,408,182,634,40,0.22163695318168342,-0.07572294565077052
302,1570381200,592,534,0,1126,40,-0.6454013631544415,1.1400804334692947
302,1570395600,590,271,0,861,40,-0.6454013631544415,0.4852269873985278
302,1570410000,206,92,0,298,40,-0.6454013631544415,-0.9060276923669126
302,1570424400,21,31,10,52,40,-0.5977618952238852,-1.513929381926945
302,1570438800,83,594,511,677,40,1.7889754480969862,0.030536292768259556
302,1570453200,220,656,436,876,40,1.4316794386178138,0.5222941635912127
302,1570467600,520,406,0,926,40,-0.6454013631544415,0.6458514175668291
302,1570482000,822,285,0,1107,40,-0.6454013631544415,1.0931286769585604
302,1570496400,313,139,0,452,41,-0.6745714929451981,-0.5074735931666883
302,1570510800,31,35,4,66,41,-0.6533529925117975,-1.5733062000352398
302,1570525200,81,617,536,698,41,2.1687075651304992,0.17178760188425382
302,1570539600,242,658,416,900,41,1.5321525521284776,0.7295549246496615
302,1570554000,524,401,0,925,41,-0.6745714929451981,0.7985855339028061
302,1570568400,867,304,0,1171,41,-0.6745714929451981,1.4778467289537482
302,1570582800,348,141,0,489,41,-0.6745714929451981,-0.4053082914720344
302,1570597200,48,27,0,75,41,-0.6745714929451981,-1.5484551807041078
302,1570611600,67,541,474,608,41,1.839820808412788,-0.07672259142706647
302,1570626000,211,615,404,826,41,1.4684970508282753,0.5252243212603538
302,1570640400,435,329,0,764,41,-0.6745714929451981,0.35402841031255533
302,1570654800,833,234,0,1067,41,-0.6745714929451981,1.190679394460667
302,1570669200,336,125,0,461,41,-0.6745714929451981,-0.4826225738355563
302,1570683600,34,38,4,72,41,-0.6533529925117975,-1.556738853814485
302,1570698000,90,594,504,684,41,1.9989595616632936,0.13313046070249288
302,1570712400,247,709,462,956,41,1.7761653071125858,0.8841834893767053
302,1570726800,553,433,0,986,41,-0.6745714929451981,0.9670202204804788
302,1570741200,967,346,0,1313,41,-0.6745714929451981,1.869940589511609
302,1570755600,474,176,0,650,41,-0.6745714929451981,0.03924883211821632
302,1570770000,42,25,0,67,41,-0.6745714929451981,-1.570544975665114
302,1570784400,79,560,481,639,41,1.8769531841712392,0.008875364046832732
302,1570798800,251,683,432,934,41,1.6170265538620805,0.8234365532339382
302,1570813200,612,440,0,1052,41,-0.6745714929451981,1.1492610289087803
302,1570827600,811,334,0,1145,41,-0.6745714929451981,1.406054895330478
302,1570842000,380,115,0,495,41,-0.6745714929451981,-0.3887409452512797
302,1570856400,37,21,0,58,41,-0.6745714929451981,-1.595395994996246
302,1570870800,33,203,170,236,41,0.22721477547433278,-1.103898057113857
302,1570885200,157,412,255,569,41,0.6781079096840983,-0.18441034186197194
302,1570899600,462,495,33,957,41,-0.49951886436964216,0.886944713746831
302,1570914000,409,412,3,821,41,-0.6586576176201476,0.5114181994097249
302,1570928400,300,142,0,442,41,-0.6745714929451981,-0.5350858368679461
302,1570942800,39,21,0,60,41,-0.6745714929451981,-1.5898735462559945
302,1570957200,39,106,67,145,41,-0.319161610685736,-1.3551694747953031
302,1570971600,179,425,246,604,41,0.6303662837089467,-0.08776748890756961
302,1570986000,446,572,126,1018,41,-0.006188729293075237,1.0553794003245038
302,1571000400,439,258,0,697,41,-0.6745714929451981,0.16902637751412802
302,1571014800,160,93,0,253,41,-0.6745714929451981,-1.0569572428217187
302,1571029200,16,14,0,30,41,-0.6745714929451981,-1.672710277359768
302,1571043600,67,435,368,502,41,1.2775305469276688,-0.3694123746603993
302,1571058000,229,585,356,814,41,1.2138750456274665,0.4920896288188444
302,1571072400,526,424,0,950,41,-0.6745714929451981,0.8676161431559506
302,1571086800,788,264,0,1052,41,-0.6745714929451981,1.1492610289087803
302,1571101200,240,66,0,306,42,-0.742444434795879,-1.002876779853624
302,1571115600,18,19,1,37,42,-0.737746127388703,-1.6821634620350536
302,1571130000,88,636,548,724,42,1.8322280243365532,0.05266906829447099
302,1571144400,237,654,417,891,42,1.2167497539965009,0.4743823616933511
302,1571158800,510,408,0,918,42,-0.742444434795879,0.542563552841673
302,1571173200,926,371,0,1297,42,-0.742444434795879,1.4996254582199697
302,1571187600,380,161,0,541,42,-0.742444434795879,-0.4094478939330443
302,1571202000,33,33,0,66,42,-0.742444434795879,-1.6089318122831522
302,1571216400,72,642,570,714,42,1.9355907872944245,0.02741677527657398
302,1571230800,212,673,461,885,42,1.4234752799122437,0.45923098588261285
302,1571245200,511,342,0,853,42,-0.742444434795879,0.3784236482253424
302,1571259600,872,315,0,1187,42,-0.742444434795879,1.2218502350231026
302,1571274000,352,117,0,469,42,-0.742444434795879,-0.5912644036619028
302,1571288400,41,34,0,75,42,-0.742444434795879,-1.586204748567045
302,1571302800,93,576,483,669,42,1.526838042870115,-0.08621854330396256
302,1571317200,230,691,461,921,42,1.4234752799122437,0.5501392407470421
302,1571331600,657,402,0,1059,42,-0.742444434795879,0.8986208843940208
302,1571346000,961,382,0,1343,42,-0.742444434795879,1.615786006102296
302,1571360400,395,188,0,583,42,-0.742444434795879,-0.3033882632578768
302,1571374800,41,37,0,78,42,-0.742444434795879,-1.5786290606616757
302,1571389200,92,516,424,608,42,1.2496379058467326,-0.24025753071313433
302,1571403600,254,620,366,874,42,0.9771360762305263,0.43145346356292613
302,1571418000,664,419,0,1083,42,-0.742444434795879,0.9592263876369737
302,1571432400,901,358,0,1259,42,-0.742444434795879,1.403666744751961
302,1571446800,367,128,0,495,42,-0.742444434795879,-0.5256084418153706
302,1571461200,64,47,0,111,42,-0.742444434795879,-1.4952964937026156
302,1571475600,50,333,283,383,42,0.5871765614349208,-0.808434123615817
302,1571490000,241,723,482,964,42,1.5221397354629391,0.6587241007239992
302,1571504400,525,927,402,1452,42,1.1462751428888613,1.8910359999973734
302,1571518800,592,552,0,1144,42,-0.742444434795879,1.1132653750461454
302,1571533200,462,167,0,629,42,-0.742444434795879,-0.1872277153755506
302,1571547600,66,41,0,107,42,-0.742444434795879,-1.5053974109097745
302,1571562000,36,200,164,236,42,0.028077979980980234,-1.179642830978903
302,1571576400,229,549,320,778,42,0.7610139355004317,0.18903145059111484
302,1571590800,392,572,180,964,42,0.10325089849579577,0.6587241007239992
302,1571605200,372,276,0,648,42,-0.742444434795879,-0.13924835864154628
302,1571619600,214,117,0,331,42,-0.742444434795879,-0.9397460473088814
302,1571634000,18,53,35,71,42,-0.57800367554472,-1.5963056657742036
302,1571648400,74,630,556,704,42,1.869814483593961,0.0021644822586769684
302,1571662800,203,687,484,890,42,1.531536350277291,0.47185713239156135
302,1571677200,529,412,0,941,42,-0.742444434795879,0.6006438267828361
302,1571691600,928,316,0,1244,42,-0.742444434795879,1.3657883052251154
302,1571706000,336,135,0,471,43,-0.7774889805562154,-0.7705986252602529
302,1571720400,35,35,0,70,43,-0.7774889805562154,-1.5694673958273573
302,1571734800,88,648,560,736,43,0.9862591697796435,-0.24266789159371258
302,1571749200,240,768,528,1008,43,0.885473561189023,0.2992081822074156
302,1571763600,536,395,0,931,43,-0.7774889805562154,0.14580944072694912
302,1571778000,930,293,0,1223,43,-0.7774889805562154,0.7275293434840426
302,1571792400,374,189,0,563,43,-0.7774889805562154,-0.5873170120628125
302,1571806800,36,29,0,65,43,-0.7774889805562154,-1.5794283530663487
302,1571821200,94,713,619,807,43,1.1720826356186,-0.10122229880003575
302,1571835600,244,811,567,1055,43,1.0083060216588418,0.392841180253934
302,1571850000,605,538,0,1143,43,-0.7774889805562154,0.5681540276601814
302,1571864400,973,380,0,1353,43,-0.7774889805562154,0.986514231697817
302,1571878800,410,231,0,641,43,-0.7774889805562154,-0.4319260791345478
302,1571893200,48,41,0,89,43,-0.7774889805562154,-1.5316157583191903
302,1571907600,96,712,616,808,43,1.1626339848132294,-0.09923010735223749
302,1571922000,279,858,579,1137,43,1.0461006248803244,0.5562008789733918
302,1571936400,615,578,0,1193,43,-0.7774889805562154,0.6677636000500946
302,1571950800,1056,483,0,1539,43,-0.7774889805562154,1.3570618409882944
302,1571965200,434,214,0,648,43,-0.7774889805562154,-0.4179807389999599
302,1571979600,49,38,0,87,43,-0.7774889805562154,-1.5356001412147868
302,1571994000,87,611,524,698,43,0.8728753601151954,-0.31837116661004666
302,1572008400,236,856,620,1092,43,1.175232185887057,0.46655226382246984
302,1572022800,610,596,0,1206,43,-0.7774889805562154,0.6936620888714721
302,1572037200,884,469,0,1353,43,-0.7774889805562154,0.986514231697817
302,1572051600,366,171,0,537,43,-0.7774889805562154,-0.6391139897055673
302,1572066000,61,49,0,110,43,-0.7774889805562154,-1.4897797379154267
302,1572080400,53,428,375,481,43,0.4035923701151187,-0.7506767107822703
302,1572094800,287,1367,1080,1654,43,2.6240253093772266,1.586163857485095
302,1572109200,608,1592,984,2200,43,2.3216684836053654,2.6739003879829477
302,1572123600,607,981,374,1588,43,0.4004428198466618,1.4546792219304094
302,1572138000,388,362,0,750,43,-0.7774889805562154,-0.21477721132453687
302,1572152400,56,77,21,133,43,-0.7113484249186206,-1.4439593346160666
302,1572166800,44,275,231,319,43,-0.04994286854267357,-1.0734117253255893
302,1572181200,198,936,738,1134,43,1.54687911756497,0.5502243046299969
302,1572195600,429,1000,571,1429,43,1.0209042227326692,1.1379207817304853
302,1572210000,426,530,104,956,43,-0.4499357526366987,0.19561422692190578
302,1572224400,246,170,0,416,43,-0.7774889805562154,-0.8801691548891575
302,1572238800,26,62,36,88,43,-0.6641051708917672,-1.5336079497669886
302,1572253200,85,684,599,769,43,1.1090916302494622,-0.17692557381636984
302,1572267600,243,885,642,1128,43,1.2445222917931085,0.5382711559432074
302,1572282000,567,495,0,1062,43,-0.7774889805562154,0.40678652038852187
302,1572296400,968,390,0,1358,43,-0.7774889805562154,0.9964751889368084
302,1572310800,274,93,0,367,44,-0.7171547054966197,-0.7882856372023743
302,1572325200,21,22,1,43,44,-0.7134872882762547,-1.4329752790708707
302,1572339600,97,707,610,804,44,1.5199697989260517,0.0812494661819865
302,1572354000,259,869,610,1128,44,1.5199697989260517,0.7259391080504829
302,1572368400,585,576,0,1161,44,-0.7171547054966197,0.7916019419444964
302,1572382800,1031,464,0,1495,44,-0.7171547054966197,1.4561894122657242
302,1572397200,288,96,0,384,44,-0.7171547054966197,-0.754459328832731
302,1572411600,27,40,13,67,44,-0.6694782816318743,-1.3852204907843155
302,1572426000,90,659,569,749,44,1.3696056928910851,-0.028188590308036034
302,1572440400,264,936,672,1200,44,1.7473496665886838,0.8692034729101488
302,1572454800,635,450,0,1085,44,-0.7171547054966197,0.640378445703738
302,1572469200,1039,332,0,1371,44,-0.7171547054966197,1.2094563394518552
302,1572483600,247,117,0,364,44,-0.7171547054966197,-0.7942549857381938
302,1572498000,23,33,10,56,44,-0.6804805332929694,-1.40710810208232
302,1572512400,80,626,546,706,44,1.2852550968226895,-0.11374925265478092
302,1572526800,248,795,547,1043,44,1.2889225140430545,0.5568075662022662
302,1572541200,678,414,0,1092,44,-0.7171547054966197,0.65430692562065
302,1572555600,896,331,0,1227,44,-0.7171547054966197,0.9229276097325234
302,1572570000,223,150,0,373,44,-0.7171547054966197,-0.7763469401307356
302,1572584400,33,32,0,65,44,-0.7171547054966197,-1.3892000564748617
302,1572598800,91,592,501,683,44,1.1202213219062627,-0.15951425809606307
302,1572613200,244,839,595,1083,44,1.464958540620576,0.6363988800131918
302,1572627600,681,592,0,1273,44,-0.7171547054966197,1.0144576206150877
302,1572642000,911,500,0,1411,44,-0.7171547054966197,1.2890476532627806
302,1572656400,314,158,0,472,44,-0.7171547054966197,-0.579358438448695
302,1572670800,43,29,0,72,44,-0.7171547054966197,-1.3752715765579497
302,1572685200,34,203,169,237,44,-0.09736119525492887,-1.0469574070878822
302,1572699600,224,794,570,1018,44,1.3732731101114501,0.5070629950704378
302,1572714000,567,1052,485,1619,44,1.0615426463804223,1.7029224850795932
302,1572728400,634,592,0,1226,44,-0.7171547054966197,0.9209378268872503
302,1572742800,230,153,0,383,44,-0.7171547054966197,-0.7564491116780042
302,1572753600,36,29,0,65,44,-0.7171547054966197,-1.3892000564748617
302,1572768000,27,92,65,119,44,-0.47877258617289253,-1.2817517828301124
302,1572782400,130,581,451,711,44,0.936850460888011,-0.10380033842841524
302,1572796800,502,1089,587,1591,44,1.4356192028576558,1.6472085654119453
302,1572811200,532,407,0,939,44,-0.7171547054966197,0.34987015029386
302,1572825600,161,110,0,271,44,-0.7171547054966197,-0.9793047903485955
302,1572840000,35,18,0,53,44,-0.7171547054966197,-1.4130774506181394
302,1572854400,40,313,273,353,44,0.2840501956630348,-0.8161425970361983
302,1572868800,194,1082,888,1276,44,2.539511786187531,1.0204269691509071
302,1572883200,453,504,51,957,44,-0.530116427258003,0.38568624150877645
302,1572897600,1092,369,0,1461,44,-0.7171547054966197,1.3885367955264376
302,1572912000,272,105,0,377,45,-0.6602357625180638,-0.7447761830869573
302,1572926400,56,21,0,77,45,-0.6602357625180638,-1.3434479474822147
302,1572940800,38,347,309,385,45,0.4465247290809328,-0.7288116027030836
302,1572955200,214,993,779,1207,45,2.129946836043808,0.911549031739922
302,1572969600,466,463,0,929,45,-0.6602357625180638,0.3567798634003167
302,1572984000,1115,506,0,1621,45,-0.6602357625180638,1.7377160666053775
302,1572998400,275,128,0,403,45,-0.6602357625180638,-0.6928912968393682
302,1573012800,53,17,0,70,45,-0.6602357625180638,-1.3574169553181041
302,1573027200,38,342,304,380,45,0.4286159832621788,-0.7387894654430046
302,1573041600,199,1069,870,1268,45,2.4558860099451305,1.0332789571669576
302,1573056000,492,508,16,1000,45,-0.602927775898051,0.49846551430719427
302,1573070400,1032,469,0,1501,45,-0.6602357625180638,1.4982473608472744
302,1573084800,320,145,0,465,45,-0.6602357625180638,-0.5691657988643484
302,1573099200,69,28,0,97,45,-0.6602357625180638,-1.303536496522531
302,1573113600,40,348,308,388,45,0.442942979917182,-0.7228248850591311
302,1573128000,202,999,797,1201,45,2.194418320991322,0.8995755964520168
302,1573142400,468,481,13,949,45,-0.6136730233893035,0.3966913143600005
302,1573156800,1074,557,0,1631,45,-0.6602357625180638,1.7576717920852194
302,1573171200,394,155,0,549,45,-0.6602357625180638,-0.40153770483367623
302,1573185600,84,26,0,110,45,-0.6602357625180638,-1.2775940533987364
302,1573200000,42,316,274,358,45,0.3211635083496549,-0.7826920614986569
302,1573214400,219,888,669,1107,45,1.73595442803122,0.7119917769415028
302,1573228800,461,435,0,896,45,-0.6602357625180638,0.29092596931683834
302,1573243200,983,474,0,1457,45,-0.6602357625180638,1.4104421687359698
302,1573257600,387,172,0,559,45,-0.6602357625180638,-0.3815819793538343
302,1573272000,82,65,0,147,45,-0.6602357625180638,-1.2037578691233213
302,1573286400,37,163,126,200,45,-0.20893536788546327,-1.0979925240801591
302,1573300800,183,722,539,905,45,1.2703270367436164,0.30888612224869605
302,1573315200,440,902,462,1342,45,0.9945323511348049,1.180951325717788
302,1573329600,716,656,0,1372,45,-0.6602357625180638,1.2408185021573137
302,1573344000,358,233,0,591,45,-0.6602357625180638,-0.31772365781834017
302,1573358400,91,41,0,132,45,-0.6602357625180638,-1.2336914573430842
302,1573372800,26,110,84,136,45,-0.3593688327629968,-1.2257091671511475
302,1573387200,128,605,477,733,45,1.048258588591067,-0.034352356004584916
302,1573401600,396,850,454,1246,45,0.9658783578247985,0.9893763611113054
302,1573416000,608,353,0,961,45,-0.6602357625180638,0.4206381849358108
302,1573430400,219,150,0,369,45,-0.6602357625180638,-0.7607407634708307
302,1573444800,51,27,0,78,45,-0.6602357625180638,-1.3414523749342306
302,1573459200,44,359,315,403,45,0.4680152240634376,-0.6928912968393682
302,1573473600,235,1149,914,1384,45,2.6134829731501656,1.2647653727331238
302,1573488000,496,528,32,1024,45,-0.5456197892780383,0.5463592554588149
302,1573502400,1132,369,0,1501,45,-0.6602357625180638,1.4982473608472744
302,1573516800,301,100,0,401,46,-0.6360760175856658,-0.7196831392451477
302,1573531200,67,19,0,86,46,-0.6360760175856658,-1.3302254882168245
302,1573545600,59,430,371,489,46,0.5351998635322548,-0.5491189274689331
302,1573560000,257,1251,994,1508,46,2.5020593620132914,1.42593711571246
302,1573574400,470,524,54,994,46,-0.46559381386499815,0.4296870605650252
302,1573588800,1151,377,0,1528,46,-0.6360760175856658,1.4647017092979633
302,1573603200,360,107,0,467,46,-0.6360760175856658,-0.5917599804129867
302,1573617600,66,14,0,80,46,-0.6360760175856658,-1.3418548662924756
302,1573632000,59,402,343,461,46,0.44680168382524194,-0.6033893584886377
302,1573646400,222,1172,950,1394,46,2.363147936759414,1.2049789322750912
302,1573660800,496,470,0,966,46,-0.6360760175856658,0.37541662954532057
302,1573675200,1131,409,0,1540,46,-0.6360760175856658,1.4879604654492653
302,1573689600,330,104,0,434,46,-0.6360760175856658,-0.6557215598290672
302,1573704000,69,19,0,88,46,-0.6360760175856658,-1.3263490288582742
302,1573718400,52,388,336,440,46,0.42470213889848873,-0.6440921817534162
302,1573732800,227,1262,1035,1489,46,2.6314995537271315,1.3891107518062318
302,1573747200,496,455,0,951,46,-0.6360760175856658,0.3463431843561931
302,1573761600,1192,406,0,1598,46,-0.6360760175856658,1.6003777868472249
302,1573776000,361,139,0,500,46,-0.6360760175856658,-0.5277984009969063
302,1573790400,84,22,0,106,46,-0.6360760175856658,-1.2914608946313213
302,1573804800,58,376,318,434,46,0.36787473765826617,-0.6557215598290672
302,1573819200,229,1078,849,1307,46,2.0442830742448317,1.0363529501781519
302,1573833600,558,512,0,1070,46,-0.6360760175856658,0.5769925161899377
302,1573848000,1143,495,0,1638,46,-0.6360760175856658,1.6779069740182315
302,1573862400,427,183,0,610,46,-0.6360760175856658,-0.31459313627663815
302,1573876800,98,48,0,146,46,-0.6360760175856658,-1.2139317074603146
302,1573891200,31,143,112,174,46,-0.2824832987576143,-1.15966127644061
302,1573905600,154,721,567,875,46,1.153987121481345,0.19903772873128056
302,1573920000,481,976,495,1457,46,0.9266775165204547,1.3270874020694265
302,1573934400,626,590,0,1216,46,-0.6360760175856658,0.8599740493641118
302,1573948800,334,236,0,570,46,-0.6360760175856658,-0.39212232344764475
302,1573963200,105,42,0,147,46,-0.6360760175856658,-1.2119934777810395
302,1573977600,23,125,102,148,46,-0.3140540772244046,-1.2100552481017643
302,1573992000,143,483,340,626,46,0.43733045028520484,-0.28358146140823554
302,1574006400,379,723,344,1102,46,0.449958761671921,0.639015865926743
302,1574020800,519,343,0,862,46,-0.6360760175856658,0.1738407429007034
302,1574035200,208,132,0,340,46,-0.6360760175856658,-0.8379151496809327
302,1574049600,49,19,0,68,46,-0.6360760175856658,-1.3651136224437777
302,1574064000,61,407,346,468,46,0.45627291736527903,-0.5898217507337116
302,1574078400,221,1127,906,1348,46,2.2242365115055365,1.1158203670284337
302,1574092800,466,410,0,876,46,-0.6360760175856658,0.2009759584105557
302,1574107200,1110,325,0,1435,46,-0.6360760175856658,1.284446349125373
302,1574121600,301,100,0,401,47,-0.6707187389884135,-0.7846848113346535
302,1574136000,51,21,0,72,47,-0.6707187389884135,-1.4065105108828695
302,1574150400,54,387,333,441,47,0.33095475631238214,-0.709082902574992
302,1574164800,230,1199,969,1429,47,2.2440608914814693,1.1582842437886476
302,1574179200,472,419,0,891,47,-0.6707187389884135,0.14143857097120016
302,1574193600,1157,466,0,1623,47,-0.6707187389884135,1.524953501273006
302,1574208000,382,121,0,503,47,-0.6707187389884135,-0.5918999439975166
302,1574222400,63,38,0,101,47,-0.6707187389884135,-1.3516991270321148
302,1574236800,52,405,353,457,47,0.3911153266007182,-0.6788421390711273
302,1574251200,252,1187,935,1439,47,2.141787921991298,1.177184720978563
302,1574265600,489,471,0,960,47,-0.6707187389884135,0.2718518635816163
302,1574280000,1178,368,0,1546,47,-0.6707187389884135,1.3794198269106577
302,1574294400,359,127,0,486,47,-0.6707187389884135,-0.6240307552203728
302,1574308800,74,17,0,91,47,-0.6707187389884135,-1.3705996042220303
302,1574323200,46,370,324,416,47,0.30388249968263087,-0.7563340955497804
302,1574337600,239,1287,1048,1526,47,2.4816951441203967,1.341618872530827
302,1574352000,488,455,0,943,47,-0.6707187389884135,0.23972105235876015
302,1574366400,1140,454,0,1594,47,-0.6707187389884135,1.4701421174222513
302,1574380800,383,125,0,508,47,-0.6707187389884135,-0.5824497054025589
302,1574395200,83,41,0,124,47,-0.6707187389884135,-1.3082280294953095
302,1574409600,58,339,281,397,47,0.17453727356270832,-0.7922450022106197
302,1574424000,237,1055,818,1292,47,1.7898485858045319,0.8993477062868069
302,1574438400,544,475,0,1019,47,-0.6707187389884135,0.383364679002117
302,1574452800,1069,467,0,1536,47,-0.6707187389884135,1.3605193497207422
302,1574467200,401,199,0,600,47,-0.6707187389884135,-0.4085653152553374
302,1574481600,122,73,0,195,47,-0.6707187389884135,-1.1740346414469103
302,1574496000,42,238,196,280,47,-0.08114515016271998,-1.0133805853326296
302,1574510400,165,1014,849,1179,47,1.8830974697514529,0.6857723140407631
302,1574524800,521,1167,646,1688,47,1.2724676813248417,1.647806603007456
302,1574539200,689,810,121,1499,47,-0.3067472887439803,1.2905875841180552
302,1574553600,441,248,0,689,47,-0.6707187389884135,-0.2403510682650905
302,1574568000,105,53,0,158,47,-0.6707187389884135,-1.2439664070495973
302,1574582400,30,162,132,192,47,-0.2736589750853954,-1.1797047846038848
302,1574596800,149,684,535,833,47,0.9385765162245764,0.03181580326969096
302,1574611200,356,929,573,1285,47,1.052881599772415,0.8861173722538661
302,1574625600,545,455,0,1000,47,-0.6707187389884135,0.34745377234127783
302,1574640000,293,180,0,473,47,-0.6707187389884135,-0.6486013755672627
302,1574654400,57,29,0,86,47,-0.6707187389884135,-1.3800498428169878
302,1574668800,58,436,378,494,47,0.46631603946113825,-0.6089103734684405
302,1574683200,232,1106,874,1338,47,1.9582981826118728,0.9862899013604177
302,1574697600,494,477,0,971,47,-0.6707187389884135,0.2926423884905232
302,1574712000,1122,402,0,1524,47,-0.6707187389884135,1.3378387770928437
302,1574726400,337,123,0,460,48,-0.6129841029981024,-0.3323602036270124
302,1574740800,64,28,0,92,48,-0.6129841029981024,-1.1925342336436076
302,1574755200,54,422,368,476,48,0.917347393680733,-0.2949613327567257
302,1574769600,230,1092,862,1322,48,2.9716510875919955,1.6825039645096858
302,1574784000,508,477,0,985,48,-0.6129841029981024,0.8947902468042712
302,1574798400,1142,391,0,1533,48,-0.6129841029981024,2.175701574111592
302,1574812800,322,143,0,465,48,-0.6129841029981024,-0.3206730564800478
302,1574827200,76,31,0,107,48,-0.6129841029981024,-1.1574727922027137
302,1574841600,58,327,269,385,48,0.5056549529981116,-0.5076674108314815
302,1574856000,235,895,660,1130,48,2.131632168219374,1.2337175140662449
302,1574870400,721,488,0,1209,48,-0.6129841029981024,1.4183744389882857
302,1574884800,636,354,0,990,48,-0.6129841029981024,0.9064773939512358
302,1574899200,267,134,0,401,48,-0.6129841029981024,-0.4702685399611948
302,1574913600,59,26,0,85,48,-0.6129841029981024,-1.2088962396493579
302,1574928000,11,148,137,159,48,-0.04326830124538371,-1.0359264618742818
302,1574942400,132,63,0,195,48,-0.6129841029981024,-0.9517790024161366
302,1574956800,345,344,0,689,48,-0.6129841029981024,0.20291113570396654
302,1574971200,236,167,0,403,48,-0.6129841029981024,-0.46559368110240895
302,1574985600,165,128,0,293,48,-0.6129841029981024,-0.7227109183356303
302,1575000000,35,22,0,57,48,-0.6129841029981024,-1.2743442636723596
302,1575014400,34,169,135,203,48,-0.05158532024907303,-0.9330795669809933
302,1575028800,139,553,414,692,48,1.1086388307655874,0.2099234239921453
302,1575043200,367,487,120,854,48,-0.11396296277674295,0.5885869915537986
302,1575057600,507,398,0,905,48,-0.6129841029981024,0.7077958924528376
302,1575072000,297,145,0,442,48,-0.6129841029981024,-0.374433933356085
302,1575086400,70,33,0,103,48,-0.6129841029981024,-1.1668225099202854
302,1575100800,26,130,104,156,48,-0.18049911480625752,-1.0429387501624605
302,1575115200,134,724,590,858,48,1.8405365030902476,0.5979367092713702
302,1575129600,371,862,491,1233,48,1.4288440624076262,1.4744727452937159
302,1575144000,619,543,0,1162,48,-0.6129841029981024,1.3085152558068183
302,1575158400,334,234,0,568,48,-0.6129841029981024,-0.07991782525257693
302,1575172800,67,30,0,97,48,-0.6129841029981024,-1.180847086496643
302,1575187200,26,91,65,117,48,-0.3426809853781993,-1.1340984979087845
302,1575201600,93,531,438,624,48,1.2084430588098591,0.05097822279342667
302,1575216000,250,622,372,872,48,0.9339814316881117,0.6306607212828712
302,1575230400,343,361,18,704,48,-0.5381309319648984,0.23797257714486036
302,1575244800,201,117,0,318,48,-0.6129841029981024,-0.6642751826008072
302,1575259200,27,15,0,42,48,-0.6129841029981024,-1.3094057051132535
302,1575273600,60,371,311,431,48,0.6803123520755874,-0.40014565707940714
302,1575288000,215,1052,837,1267,48,2.867688350045879,1.553945345893075
302,1575302400,437,419,0,856,48,-0.6129841029981024,0.5932618504125844
302,1575316800,1049,303,0,1352,48,-0.6129841029981024,1.7526268473914735
302,1575331200,283,97,0,380,49,-0.6471695707700269,-0.7760642548702574
302,1575345600,75,31,0,106,49,-0.6471695707700269,-1.2951846597206946
302,1575360000,62,405,343,467,49,0.4684370867043069,-0.611234053330155
302,1575374400,231,1147,916,1378,49,2.332118179219739,1.1147465627966637
302,1575388800,493,399,0,892,49,-0.6471695707700269,0.1939709541933334
302,1575403200,1193,383,0,1576,49,-0.6471695707700269,1.4898773663017242
302,1575417600,354,122,0,476,49,-0.6471695707700269,-0.5941826531708342
302,1575432000,82,28,0,110,49,-0.6471695707700269,-1.2876062596498854
302,1575446400,60,392,332,452,49,0.4326596137240804,-0.6396530535956899
302,1575460800,251,1084,833,1335,49,2.062160883096212,1.0332787620354638
302,1575475200,516,485,0,1001,49,-0.6471695707700269,0.4004823561228869
302,1575489600,1210,436,0,1646,49,-0.6471695707700269,1.622499367540887
302,1575504000,410,140,0,550,49,-0.6471695707700269,-0.453982251860862
302,1575518400,85,30,0,115,49,-0.6471695707700269,-1.2781332595613737
302,1575532800,57,391,334,448,49,0.4391646088113943,-0.6472314536664993
302,1575547200,236,1232,996,1468,49,2.592317982712295,1.2852605643898731
302,1575561600,488,560,72,1048,49,-0.4129897476267265,0.4895285569548962
302,1575576000,1167,467,0,1634,49,-0.6471695707700269,1.5997641673284593
302,1575590400,424,130,0,554,49,-0.6471695707700269,-0.4464038517900527
302,1575604800,89,36,0,125,49,-0.6471695707700269,-1.2591872593843505
302,1575619200,48,387,339,435,49,0.45542709652967905,-0.6718612538966295
302,1575633600,244,1184,940,1428,49,2.410178120267506,1.2094765636817801
302,1575648000,521,532,11,1053,49,-0.6113920977898004,0.4990015570434079
302,1575662400,1172,497,0,1669,49,-0.6471695707700269,1.6660751679480406
302,1575676800,428,160,0,588,49,-0.6471695707700269,-0.3819874511881736
302,1575691200,97,34,0,131,49,-0.6471695707700269,-1.2478196592781365
302,1575705600,26,145,119,171,49,-0.26012236307484987,-1.1720356585700435
302,1575720000,174,757,583,931,49,1.2490364971819747,0.2678603548837241
302,1575734400,495,941,446,1436,49,0.8034443337009727,1.2246333638233986
302,1575748800,680,645,0,1325,49,-0.6471695707700269,1.0143327618584406
302,1575763200,395,204,0,599,49,-0.6471695707700269,-0.36114685099344807
302,1575777600,90,39,0,129,49,-0.6471695707700269,-1.2516088593135413
302,1575792000,26,80,54,106,49,-0.4715347034125516,-1.2951846597206946
302,1575806400,117,562,445,679,49,0.8001918361573157,-0.209578849577262
302,1575820800,385,765,380,1150,49,0.588779495819614,0.6827777587605335
302,1575835200,547,432,0,979,49,-0.6471695707700269,0.35880115573343574
302,1575849600,224,129,0,353,49,-0.6471695707700269,-0.8272184553482202
302,1575864000,48,15,0,63,49,-0.6471695707700269,-1.3766524604818946
302,1575878400,48,362,314,410,49,0.3741146579382553,-0.7192262543391876
302,1575892800,228,1104,876,1332,49,2.202018277473461,1.0275949619823568
302,1575907200,413,437,24,850,49,-0.5691096297222601,0.11439775344983573
302,1575921600,1085,501,0,1586,49,-0.6471695707700269,1.5088233664787476
302,1575936000,340,112,0,452,50,-0.6047293696726612,-0.5010198992561545
302,1575950400,69,29,0,98,50,-0.6047293696726612,-1.291717687403963
302,1575964800,34,334,300,368,50,0.5804611821822977,-0.6886431032234313
302,1575979200,184,974,790,1158,50,2.516272416878731,1.0759084578973845
302,1575993600,445,421,0,866,50,-0.6047293696726612,0.42369446315399445
302,1576008000,1030,394,0,1424,50,-0.6047293696726612,1.6700486037937605
302,1576022400,393,129,0,522,50,-0.6047293696726612,-0.3446672292834241
302,1576036800,61,52,0,113,50,-0.6047293696726612,-1.2582135438383781
302,1576051200,45,318,273,363,50,0.4737940325153514,-0.6998111510786262
302,1576065600,197,1014,817,1211,50,2.622939566545677,1.194289765162452
302,1576080000,470,382,0,852,50,-0.6047293696726612,0.39242392915944835
302,1576094400,1054,384,0,1438,50,-0.6047293696726612,1.7013191377883066
302,1576108800,403,138,0,541,50,-0.6047293696726612,-0.30222864743368294
302,1576123200,73,18,0,91,50,-0.6047293696726612,-1.3073529544012363
302,1576137600,42,304,262,346,50,0.4303370456140029,-0.7377825137862893
302,1576152000,209,984,775,1193,50,2.457012889285983,1.1540847928837499
302,1576166400,472,437,0,909,50,-0.6047293696726612,0.5197396747086718
302,1576180800,998,521,0,1519,50,-0.6047293696726612,1.8822415130424663
302,1576195200,393,150,0,543,50,-0.6047293696726612,-0.2977614282916049
302,1576209600,77,35,0,112,50,-0.6047293696726612,-1.260447153409417
302,1576224000,40,274,234,314,50,0.3197192607742067,-0.8092580200595376
302,1576238400,173,861,688,1034,50,2.1133076292480446,0.7989408710885477
302,1576252800,491,446,0,937,50,-0.6047293696726612,0.582280742697764
302,1576267200,950,494,0,1444,50,-0.6047293696726612,1.7147207952145407
302,1576281600,400,198,0,598,50,-0.6047293696726612,-0.17491290188445952
302,1576296000,85,42,0,127,50,-0.6047293696726612,-1.2269430098438319
302,1576310400,19,132,113,151,50,-0.1583075951406267,-1.1733363801388959
302,1576324800,117,417,300,534,50,0.5804611821822977,-0.31786391443095596
302,1576339200,360,646,286,1006,50,0.5251522897623996,0.7363998030994555
302,1576353600,557,533,0,1090,50,-0.6047293696726612,0.9240230070667321
302,1576368000,307,177,0,484,50,-0.6047293696726612,-0.42954439298290636
302,1576382400,70,38,0,108,50,-0.6047293696726612,-1.2693815916935731
302,1576396800,26,72,46,98,50,-0.4230001517215675,-1.291717687403963
302,1576411200,93,361,268,454,50,0.45404085665110205,-0.49655268011407655
302,1576425600,377,570,193,947,50,0.15774321868736235,0.6046168384081541
302,1576440000,489,377,0,866,50,-0.6047293696726612,0.42369446315399445
302,1576454400,244,100,0,344,50,-0.6047293696726612,-0.7422497329283674
302,1576468800,41,21,0,62,50,-0.6047293696726612,-1.3721276319613676
302,1576483200,36,315,279,351,50,0.4974978435524506,-0.7266144659310944
302,1576497600,162,967,805,1129,50,2.5755319444714786,1.0111337803372533
302,1576512000,442,417,0,859,50,-0.6047293696726612,0.4080591961567214
302,1576526400,967,382,0,1349,50,-0.6047293696726612,1.502527885965835
302,1576540800,324,142,0,466,51,-0.6152728099541688,-0.41170885856786144
302,1576555200,58,25,0,83,51,-0.6152728099541688,-1.3137449112677548
302,1576569600,42,321,279,363,51,0.5803767401358726,-0.6542929667351957
302,1576584000,195,977,782,1172,51,2.7359743161046572,1.2510521158606627
302,1576598400,421,391,0,812,51,-0.6152728099541688,0.40318533003308665
302,1576612800,926,311,0,1237,51,-0.6152728099541688,1.404139174412864
302,1576627200,348,104,0,452,51,-0.6152728099541688,-0.44468145579448937
302,1576641600,59,26,0,85,51,-0.6152728099541688,-1.3090345402353794
302,1576656000,32,305,273,337,51,0.5546638465855491,-0.7155277901560761
302,1576670400,194,947,753,1141,51,2.611695330611427,1.1780413648588437
302,1576684800,445,379,0,824,51,-0.6152728099541688,0.4314475562273392
302,1576699200,1085,439,0,1524,51,-0.6152728099541688,2.080077417558737
302,1576713600,370,126,0,496,51,-0.6152728099541688,-0.3410532930822301
302,1576728000,60,29,0,89,51,-0.6152728099541688,-1.2996137981706286
302,1576742400,33,311,278,344,51,0.5760912578774854,-0.6990414915427622
302,1576756800,180,961,781,1141,51,2.73168883384627,1.1780413648588437
302,1576771200,499,450,0,949,51,-0.6152728099541688,0.7258457457508031
302,1576785600,1000,492,0,1492,51,-0.6152728099541688,2.0047114810407303
302,1576800000,410,149,0,559,51,-0.6152728099541688,-0.1926766055624043
302,1576814400,64,28,0,92,51,-0.6152728099541688,-1.2925482416220655
302,1576828800,42,288,246,330,51,0.43895582560909346,-0.7320140887693901
302,1576843200,210,893,683,1103,51,2.31171157252432,1.0885443152437106
302,1576857600,550,461,0,1011,51,-0.6152728099541688,0.8718672477544411
302,1576872000,858,444,0,1302,51,-0.6152728099541688,1.5572262329650652
302,1576886400,405,115,0,520,51,-0.6152728099541688,-0.284528840693725
302,1576900800,73,30,0,103,51,-0.6152728099541688,-1.2666412009440007
302,1576915200,24,100,76,124,51,-0.28957615831673816,-1.2171823051040587
302,1576929600,108,438,330,546,51,0.7989363353136221,-0.22329401727284454
302,1576944000,376,599,223,975,51,0.34038973366618686,0.7870805691716836
302,1576958400,545,423,0,968,51,-0.6152728099541688,0.7705942705583696
302,1576972800,282,159,0,441,51,-0.6152728099541688,-0.4705884964725542
302,1576987200,58,35,0,93,51,-0.6152728099541688,-1.2901930561058776
302,1577001600,24,71,47,95,51,-0.4138551438099683,-1.2854826850735024
302,1577016000,94,365,271,459,51,0.5460928820687746,-0.4281951571811754
302,1577030400,267,530,263,797,51,0.5118090240016766,0.367857547290271
302,1577044800,439,346,0,785,51,-0.6152728099541688,0.3395953210960185
302,1577059200,279,136,0,415,51,-0.6152728099541688,-0.5318233198934347
302,1577073600,53,19,0,72,51,-0.6152728099541688,-1.3396519519458197
302,1577088000,35,248,213,283,51,0.2975349110823144,-0.8427078080302126
302,1577102400,196,698,502,894,51,1.5360392837562284,0.596310542360479
302,1577116800,432,462,30,894,51,-0.4867083422025515,0.596310542360479
302,1577131200,681,365,0,1046,51,-0.6152728099541688,0.9542987408210111
302,1577145600,312,130,0,442,52,-0.5779181247138777,-0.09521459379340423
302,1577160000,54,24,0,78,52,-0.5779181247138777,-1.2425176163853764
302,1577174400,22,213,191,235,52,0.7961361718050101,-0.7476643896080697
302,1577188800,155,486,331,641,52,1.8032963891486977,0.5320197509752839
302,1577203200,473,313,0,786,52,-0.5779181247138777,0.9890498011836244
302,1577217600,435,215,0,650,52,-0.5779181247138777,0.5603871334020084
302,1577232000,253,109,0,362,52,-0.5779181247138777,-0.34736910425317835
302,1577246400,45,20,0,65,52,-0.5779181247138777,-1.2834927243350898
302,1577260800,15,62,47,77,52,-0.23980005174849697,-1.2456695477661235
302,1577275200,70,167,97,237,52,0.11990002587424854,-0.7413605268465754
302,1577289600,322,292,0,614,52,-0.5779181247138777,0.44691760369511013
302,1577304000,283,212,0,495,52,-0.5779181247138777,0.07183776938619613
302,1577318400,217,76,0,293,52,-0.5779181247138777,-0.5648523695247335
302,1577332800,32,18,0,50,52,-0.5779181247138777,-1.3307716950462973
302,1577347200,25,224,199,249,52,0.8536881842246494,-0.7035373502776092
302,1577361600,143,537,394,680,52,2.256518486953357,0.6549450748244238
302,1577376000,444,439,0,883,52,-0.5779181247138777,1.2947871451161006
302,1577390400,645,289,0,934,52,-0.5779181247138777,1.4555356455342066
302,1577404800,320,110,0,430,52,-0.5779181247138777,-0.13303777036237036
302,1577419200,62,16,0,78,52,-0.5779181247138777,-1.2425176163853764
302,1577433600,27,216,189,243,52,0.7817481687001003,-0.7224489385620924
302,1577448000,119,599,480,718,52,2.875202620464479,0.7747184672928165
302,1577462400,481,467,0,948,52,-0.5779181247138777,1.499662684864667
302,1577476800,672,473,0,1145,52,-0.5779181247138777,2.1205931668718607
