remote_unit_id,time_stamp,entries,exits,num_people_exited,sum_exit_entry,week_num,z_score_num_people_exited,z_score_sum_exit_entry
33,1546311600,432,106,0,538,1,-0.4118591704988429,-0.937674466754766
33,1546326000,239,80,0,319,1,-0.4118591704988429,-1.154883768520458
33,1546340400,219,273,54,492,1,-0.29039017196940525,-0.9832983383585187
33,1546354800,539,835,296,1374,1,0.25397089551437096,-0.10851019152134764
33,1546369200,977,1409,432,2386,1,0.5598928177366584,0.8952149837612114
33,1546383600,1147,535,0,1682,1,-0.4118591704988429,0.1969713835646486
33,1546398000,456,82,0,538,1,-0.4118591704988429,-0.937674466754766
33,1546412400,196,267,71,463,1,-0.2521499316916193,-1.0120612139347975
33,1546426800,810,2236,1426,3046,1,2.7958221610377887,1.549818358945489
33,1546441200,798,1009,211,1807,1,0.06276969412544132,0.32094929553136786
33,1546455600,1832,1440,0,3272,1,-0.4118591704988429,1.7739704237813174
33,1546470000,1153,595,0,1748,1,-0.4118591704988429,0.2624317210830764
33,1546484400,578,110,0,688,1,-0.4118591704988429,-0.7889009723947029
33,1546498800,229,221,0,450,1,-0.4118591704988429,-1.0249549167793364
33,1546513200,989,2406,1417,3395,1,2.7755773279495495,1.8959646891565691
33,1546527600,865,770,0,1635,1,-0.4118591704988429,0.15035568866516216
33,1546542000,1842,1424,0,3266,1,-0.4118591704988429,1.768019484006915
33,1546556400,1383,462,0,1845,1,-0.4118591704988429,0.3586385807692505
33,1546570800,476,94,0,570,1,-0.4118591704988429,-0.9059361212912859
33,1546585200,218,231,13,449,1,-0.3826166338158301,-1.0259467400750701
33,1546599600,898,2368,1470,3266,1,2.894796900580294,1.768019484006915
33,1546614000,895,714,0,1609,1,-0.4118591704988429,0.12456828297608456
33,1546628400,1711,1268,0,2979,1,-0.4118591704988429,1.4833661981313275
33,1546642800,1106,585,0,1691,1,-0.4118591704988429,0.2058977932262524
33,1546657200,753,131,0,884,1,-0.4118591704988429,-0.5945036064308871
33,1546671600,91,97,6,188,1,-0.39836261510668314,-1.28481262026158
33,1546686000,296,359,63,655,1,-0.2701453388811656,-0.8216311411539168
33,1546700400,597,889,292,1486,1,0.24497319191959782,0.0025740176008328163
33,1546714800,1427,1192,0,2619,1,-0.4118591704988429,1.1263098116671761
33,1546729200,881,651,0,1532,1,-0.4118591704988429,0.0481978892045855
33,1546743600,612,128,0,740,1,-0.4118591704988429,-0.7373261610165477
33,1546758000,108,58,0,166,1,-0.4118591704988429,-1.3066327327677225
33,1546772400,261,264,3,525,1,-0.405110892802763,-0.9505681695993048
33,1546786800,540,726,186,1266,1,0.0065340466581090655,-0.21562710746059308
33,1546801200,1108,797,0,1905,1,-0.4118591704988429,0.41814797851327573
33,1546815600,954,354,0,1308,1,-0.4118591704988429,-0.1739705290397754
33,1546830000,359,64,0,423,1,-0.4118591704988429,-1.0517341457641478
33,1546844400,235,237,2,472,1,-0.40736031870145634,-1.0031348042731938
33,1546858800,821,2569,1748,3390,1,3.520137300417028,1.8910055726779005
33,1546873200,772,582,0,1354,1,-0.4118591704988429,-0.12834665743602272
33,1546887600,1774,904,0,2678,1,-0.4118591704988429,1.1848273861154677
33,1546902000,866,338,0,1204,1,-0.4118591704988429,-0.2771201517960858
33,1546916400,428,96,0,524,2,-0.40119816773398037,-0.9505872632711133
33,1546930800,251,247,0,498,2,-0.40119816773398037,-0.9747288812880456
33,1546945200,995,2676,1681,3671,2,2.597467197325779,1.971477040547579
33,1546959600,766,592,0,1358,2,-0.40119816773398037,-0.1761984391895152
33,1546974000,1774,1122,0,2896,2,-0.40119816773398037,1.2518711188890195
33,1546988400,1241,393,0,1634,2,-0.40119816773398037,0.08007412129792013
33,1547002800,384,97,0,481,2,-0.40119816773398037,-0.9905137853760398
33,1547017200,214,232,18,446,2,-0.3690887230159104,-1.0230121173219102
33,1547031600,925,2697,1772,3622,2,2.7597982789560214,1.9259793758233603
33,1547046000,820,775,0,1595,2,-0.40119816773398037,0.043861694272521665
33,1547060400,1905,1082,0,2987,2,-0.40119816773398037,1.3363667819482825
33,1547074800,1274,379,0,1653,2,-0.40119816773398037,0.09771607292567837
33,1547089200,393,93,0,486,2,-0.40119816773398037,-0.9858711665266298
33,1547103600,203,229,26,432,2,-0.3548178586967682,-1.0360114501002584
33,1547118000,846,2620,1774,3466,2,2.763365995035807,1.7811296677217663
33,1547132400,767,564,0,1331,2,-0.40119816773398037,-0.20126858097632952
33,1547146800,1820,1234,0,3054,2,-0.40119816773398037,1.3985778745303772
33,1547161200,1342,417,0,1759,2,-0.40119816773398037,0.19613959253317165
33,1547175600,415,83,0,498,2,-0.40119816773398037,-0.9747288812880456
33,1547190000,211,196,0,407,2,-0.40119816773398037,-1.0592245443473087
33,1547204400,894,2477,1583,3371,2,2.4226491094162865,1.6929199095829752
33,1547218800,789,632,0,1421,2,-0.40119816773398037,-0.11770144168694843
33,1547233200,1803,1155,0,2958,2,-0.40119816773398037,1.3094395926217042
33,1547247600,1152,554,0,1706,2,-0.40119816773398037,0.146927832729425
33,1547262000,638,116,0,754,2,-0.40119816773398037,-0.7370267961982505
33,1547276400,120,91,0,211,2,-0.40119816773398037,-1.241215203244183
33,1547290800,345,374,29,719,2,-0.34946628457708984,-0.7695251281441209
33,1547305200,643,926,283,1569,2,0.10363365755567566,0.019720076255589348
33,1547319600,1227,1019,0,2246,2,-0.40119816773398037,0.6483306684657115
33,1547334000,1201,694,0,1895,2,-0.40119816773398037,0.3224188252371253
33,1547348400,623,137,0,760,2,-0.40119816773398037,-0.7314556535789585
33,1547362800,96,64,0,160,2,-0.40119816773398037,-1.2885699155081656
33,1547377200,248,279,31,527,2,-0.34589856849730427,-0.9478016919614672
33,1547391600,502,823,321,1325,2,0.17142026307160121,-0.2068397235956216
33,1547406000,1113,713,0,1826,2,-0.40119816773398037,0.25835068511526643
33,1547420400,813,298,0,1111,2,-0.40119816773398037,-0.4055438103503722
33,1547434800,312,61,0,373,2,-0.40119816773398037,-1.090794352523297
33,1547449200,190,243,53,433,2,-0.30665369161966316,-1.0350829263303765
33,1547463600,754,2629,1875,3383,2,2.9435356570649773,1.7040621948215593
33,1547478000,724,567,0,1291,2,-0.40119816773398037,-0.23840953177161
33,1547492400,1949,855,0,2804,2,-0.40119816773398037,1.1664469320598743
33,1547506800,1008,357,0,1365,2,-0.40119816773398037,-0.16969877280034112
33,1547521200,342,85,0,427,3,-0.4642064970666086,-1.008252477969893
33,1547535600,256,265,9,521,3,-0.4401727953968129,-0.8975843391954711
33,1547541631,92,1015,923,1107,3,2.0005831297357672,-0.20767445279322452
33,1547550000,827,1545,718,2372,3,1.4531488139237554,1.2816361381604306
33,1547564400,682,665,0,1347,3,-0.4642064970666086,0.07488249726912903
33,1547578800,1844,1188,0,3032,3,-0.4642064970666086,2.0586677508319027
33,1547593200,1255,378,0,1633,3,-0.4642064970666086,0.4115961960934337
33,1547607600,374,80,0,454,3,-0.4642064970666086,-0.9764648210878781
33,1547622000,243,230,0,473,3,-0.4642064970666086,-0.9540957292079417
33,1547622015,1,0,0,1,3,-0.4642064970666086,-1.5097910643305703
33,1547627184,77,725,648,802,3,1.266220023158678,-0.5667572434974655
33,1547633576,163,1690,1527,1853,3,3.61351155290872,0.6706067336505911
33,1547636400,856,1028,172,1884,3,-0.004895754043847287,0.7071036730336451
33,1547650800,755,854,99,1609,3,-0.19983577869885644,0.3833405010871983
33,1547665200,1933,1055,0,2988,3,-0.4642064970666086,2.0068656433204715
33,1547679600,1259,424,0,1683,3,-0.4642064970666086,0.47046222735642396
33,1547694000,454,93,0,547,3,-0.4642064970666086,-0.8669740029387161
33,1547708400,265,239,0,504,3,-0.4642064970666086,-0.9175987898248877
33,1547715248,104,1241,1137,1345,3,2.572051147217575,0.07252785601860941
33,1547722800,861,1487,626,2348,3,1.207470974632511,1.2533804431541953
33,1547737200,832,642,0,1474,3,-0.4642064970666086,0.22440221667712443
33,1547751600,1863,1192,0,3055,3,-0.4642064970666086,2.085746125212878
33,1547766000,1404,465,0,1869,3,-0.4642064970666086,0.689443863654748
33,1547780400,431,112,0,543,3,-0.4642064970666086,-0.8716832854397553
33,1547794800,230,223,0,453,3,-0.4642064970666086,-0.9776421417131379
33,1547797711,32,243,211,275,3,0.0992502865252672,-1.1872052130093835
33,1547809200,781,2193,1412,2974,3,3.3064142537946646,1.990383154566834
33,1547823600,918,604,0,1522,3,-0.4642064970666086,0.28091360668959514
33,1547838000,1684,1102,0,2786,3,-0.4642064970666086,1.7690468770179903
33,1547852400,1227,604,0,1831,3,-0.4642064970666086,0.6447056798948754
33,1547866800,620,142,0,762,3,-0.4642064970666086,-0.6138500685078577
33,1547881200,125,85,0,210,3,-0.4642064970666086,-1.263731053651271
33,1547895600,399,332,0,731,3,-0.4642064970666086,-0.6503470078909117
33,1547910000,860,892,32,1752,3,-0.3787533355740018,0.5516973504993506
33,1547924400,1279,993,0,2272,3,-0.4642064970666086,1.1639040756344499
33,1547938800,1087,716,0,1803,3,-0.4642064970666086,0.6117407023876007
33,1547953200,498,118,0,616,3,-0.4642064970666086,-0.7857388797957895
33,1547967600,79,57,0,136,3,-0.4642064970666086,-1.3508527799204966
33,1547982000,270,257,0,527,3,-0.4642064970666086,-0.8905204154439122
33,1547996400,495,845,350,1340,3,0.4704374567587778,0.06664125289231038
33,1548010800,1064,754,0,1818,3,-0.4642064970666086,0.6294005117664978
33,1548025200,787,355,0,1142,3,-0.4642064970666086,-0.1664682309091313
33,1548039600,298,73,0,371,3,-0.4642064970666086,-1.074182432984442
33,1548054000,102,107,5,209,3,-0.4508544405833888,-1.2649083742765306
33,1548068400,309,725,416,1034,3,0.6466846023372792,-0.2936188584371904
33,1548082800,465,524,59,989,3,-0.3066522305646149,-0.34659828657388164
33,1548097200,827,620,0,1447,3,-0.4642064970666086,0.19261455979510966
33,1548111600,485,247,0,732,3,-0.4642064970666086,-0.6491696872656519
33,1548126000,277,60,0,337,4,-0.3911645666143436,-1.1370164390299524
33,1548140400,187,252,65,439,4,-0.28358757520559713,-1.0415229954976895
33,1548154800,672,2791,2119,3463,4,3.1158453533107915,1.7895767421646966
33,1548169200,699,626,0,1325,4,-0.3911645666143436,-0.21204073108999294
33,1548183600,1880,1042,0,2922,4,-0.3911645666143436,1.2830870073514191
33,1548198000,1229,394,0,1623,4,-0.3911645666143436,0.06694991766112841
33,1548212400,391,78,0,469,4,-0.3911645666143436,-1.0134366885764354
33,1548226800,237,244,7,481,4,-0.37957935215494015,-1.002202165807934
33,1548241200,902,2896,1994,3798,4,2.9089665236785867,2.1032071694520313
33,1548255600,797,688,0,1485,4,-0.3911645666143436,-0.06224709417663919
33,1548270000,1880,1010,0,2890,4,-0.3911645666143436,1.2531282799687484
33,1548284400,1339,451,0,1790,4,-0.3911645666143436,0.2232970261894414
33,1548298800,447,83,0,530,4,-0.3911645666143436,-0.9563278645032194
33,1548313200,208,246,38,454,4,-0.3282734024061534,-1.0274798420370623
33,1548327600,929,2822,1893,3751,4,2.7418084293357654,2.0592052886087338
33,1548342000,737,613,0,1350,4,-0.3911645666143436,-0.18863547532228142
33,1548351538,855,619,0,1474,4,-0.3911645666143436,-0.07254540671443227
33,1548356400,1801,595,0,2396,4,-0.3911645666143436,0.7906404259987687
33,1548370800,1289,366,0,1655,4,-0.3911645666143436,0.09690864504379916
33,1548385200,384,101,0,485,4,-0.3911645666143436,-0.9984573248851002
33,1548399600,254,219,0,473,4,-0.3911645666143436,-1.0096918476536016
33,1548414000,864,2524,1660,3388,4,2.3561862909013356,1.719360974861562
33,1548428400,838,654,0,1492,4,-0.3911645666143436,-0.05569362256167997
33,1548442800,1861,1142,0,3003,4,-0.3911645666143436,1.3589200360388045
33,1548457200,1392,551,0,1943,4,-0.3911645666143436,0.3665371914878359
33,1548471600,625,131,0,756,4,-0.3911645666143436,-0.7447443523631072
33,1548486000,109,94,0,203,4,-0.3911645666143436,-1.262468609944886
33,1548500400,391,490,99,881,4,-0.22731653354563744,-0.6277180735245496
33,1548514800,739,1038,299,1777,4,0.10368959386589015,0.2111262931902314
33,1548529200,1239,937,0,2176,4,-0.3911645666143436,0.5846741752429073
33,1548543600,1182,650,0,1832,4,-0.3911645666143436,0.2626178558791968
33,1548558000,615,117,0,732,4,-0.3911645666143436,-0.7672133979001103
33,1548572400,84,64,0,148,4,-0.3911645666143436,-1.3139601726338515
33,1548586800,247,266,19,513,4,-0.3597189845102485,-0.9722434384252633
33,1548601200,598,787,189,1385,4,-0.07836377621045003,-0.15586811724748528
33,1548615600,1168,794,0,1962,4,-0.3911645666143436,0.38432518587129666
33,1548630000,892,317,0,1209,4,-0.3911645666143436,-0.3206411178521744
33,1548644400,340,60,0,400,4,-0.3911645666143436,-1.0780351944953193
33,1548658800,230,235,5,465,4,-0.3828894134290554,-1.0171815294992694
33,1548673200,946,2722,1776,3668,4,2.5481698448000216,1.9814998394599312
33,1548687600,678,590,0,1268,4,-0.3911645666143436,-0.2654047142403752
33,1548702000,1822,807,0,2629,4,-0.3911645666143436,1.0087774097538402
33,1548716400,956,338,0,1294,4,-0.3911645666143436,-0.24106324824195524
33,1548730800,304,93,0,397,5,-0.38584960546991076,-0.9989081227560428
33,1548745200,245,253,8,498,5,-0.37296232383736416,-0.9044119289265549
33,1548759600,865,2763,1898,3628,5,2.6716579618517695,2.024034473908071
33,1548774000,769,625,0,1394,5,-0.38584960546991076,-0.06610906089466208
33,1548788400,1927,1037,0,2964,5,-0.38584960546991076,1.4027921699201502
33,1548802800,1172,343,0,1515,5,-0.38584960546991076,0.047099250524823444
33,1548817200,323,84,0,407,5,-0.38584960546991076,-0.989552063961044
33,1548831600,232,236,4,468,5,-0.37940596465363746,-0.9324801053115513
33,1548846000,844,2774,1930,3618,5,2.723207088381956,2.014678415113072
33,1548860400,753,751,0,1504,5,-0.38584960546991076,0.036807585850324766
33,1548862107,112,84,0,196,5,-0.38584960546991076,-1.1869649045355188
33,1548874800,2097,999,0,3096,5,-0.38584960546991076,1.5262921460141343
33,1548889200,1135,304,0,1439,5,-0.38584960546991076,-0.024006796317167463
33,1548903600,288,63,0,351,5,-0.38584960546991076,-1.0419459932130373
33,1548918000,203,204,1,407,5,-0.3842386952658425,-0.989552063961044
33,1548932400,790,2813,2023,3603,5,2.87302173736031,2.0006443269205736
33,1548946800,674,590,0,1264,5,-0.38584960546991076,-0.18773782522964652
33,1548961200,1858,1013,0,2871,5,-0.38584960546991076,1.3157808231266612
33,1548975600,1177,337,0,1514,5,-0.38584960546991076,0.04616364464532357
33,1548990000,307,72,0,379,5,-0.38584960546991076,-1.0157490285870407
33,1549004400,167,199,32,366,5,-0.33430047893972437,-1.0279119050205392
33,1549011200,466,432,0,898,5,-0.38584960546991076,-0.5301695771266027
33,1549018800,337,2590,2253,2927,5,3.2435310842960248,1.3681747523786545
33,1549033200,793,608,0,1401,5,-0.38584960546991076,-0.05955981973816292
33,1549047600,1854,1026,0,2880,5,-0.38584960546991076,1.3242012760421602
33,1549062000,1135,653,0,1788,5,-0.38584960546991076,0.3025196556282908
33,1549076400,522,99,0,621,5,-0.38584960546991076,-0.7893324057480696
33,1549090800,94,96,2,190,5,-0.38262778506177414,-1.1925785398125182
33,1549105200,338,405,67,743,5,-0.277918621797333,-0.6751884884490842
33,1549119600,641,995,354,1636,5,0.18441260677027616,0.16030756194430898
33,1549134000,1132,1022,0,2154,5,-0.38584960546991076,0.644951407525247
33,1549148400,1037,698,0,1735,5,-0.38584960546991076,0.25293254401479714
33,1549162800,638,132,0,770,5,-0.38584960546991076,-0.6499271297025875
33,1549177200,100,59,0,159,5,-0.38584960546991076,-1.2215823220770143
33,1549191600,250,307,57,557,5,-0.2940277238380163,-0.8492111820360619
33,1549206000,598,797,199,1395,5,-0.06527847486031417,-0.0651734550151622
33,1549220400,1060,742,0,1802,5,-0.38584960546991076,0.3156181379412891
33,1549234800,778,341,0,1119,5,-0.38584960546991076,-0.32340067775712916
33,1549249200,325,78,0,403,5,-0.38584960546991076,-0.9932944874790436
33,1549263600,244,279,35,523,5,-0.3294677483275194,-0.8810217819390579
33,1549278000,933,2609,1676,3542,5,2.314035896548601,1.943572368271081
33,1549292400,709,540,0,1249,5,-0.38584960546991076,-0.20177191342214473
33,1549306800,1734,855,0,2589,5,-0.38584960546991076,1.051939965107695
33,1549321200,1006,479,0,1485,5,-0.38584960546991076,0.019031074139827034
33,1549335600,321,89,0,410,6,-0.4247949429557507,-1.072776554526803
33,1549350000,205,250,45,455,6,-0.33896902590958883,-1.0288312234424322
33,1549364400,725,2601,1876,3326,6,3.1531921765686866,1.774880899740435
33,1549378800,775,677,0,1452,6,-0.4247949429557507,-0.05519799919536896
33,1549393200,1706,1119,0,2825,6,-0.4247949429557507,1.2856228803344383
33,1549407600,1302,394,0,1696,6,-0.4247949429557507,0.18308335157322025
33,1549422000,842,175,0,1017,6,-0.4247949429557507,-0.48000286634428824
33,1549436400,212,256,44,468,6,-0.34087626851061464,-1.0161359055736139
33,1549450800,867,2596,1729,3463,6,2.872827514217891,1.90867001881952
33,1549465200,760,735,0,1495,6,-0.4247949429557507,-0.013205793936970042
33,1549479600,2060,1091,0,3151,6,-0.4247949429557507,1.6039823899678813
33,1549494000,1246,405,0,1651,6,-0.4247949429557507,0.1391380204888493
33,1549508400,352,80,0,432,6,-0.4247949429557507,-1.0512921704411107
33,1549522800,240,246,6,486,6,-0.41335148734959576,-0.9985577731398656
33,1549527087,56,559,503,615,6,0.5345480853602365,-0.8725811573646688
33,1549528681,37,370,333,407,6,0.2103168431858472,-1.0757062432657614
33,1549537200,919,1763,844,2682,6,1.1849178123100408,1.1459743837774372
33,1549551600,788,717,0,1505,6,-0.4247949429557507,-0.0034401648071098277
33,1549566000,1807,1136,0,2943,6,-0.4247949429557507,1.4008573040667889
33,1549580400,1314,444,0,1758,6,-0.4247949429557507,0.24363025217835357
33,1549594800,453,102,0,555,6,-0.4247949429557507,-0.9311749321438301
33,1549609200,245,212,0,457,6,-0.4247949429557507,-1.0268780976164602
33,1549623600,883,2655,1772,3538,6,2.9548389460620013,1.9819122372934717
33,1549638000,871,661,0,1532,6,-0.4247949429557507,0.02292703384351275
33,1549652400,1828,1137,0,2965,6,-0.4247949429557507,1.4223416881524813
33,1549666800,1249,605,0,1854,6,-0.4247949429557507,0.3373802918250116
33,1549681200,590,134,0,724,6,-0.4247949429557507,-0.7661357998491924
33,1549695600,91,87,0,178,6,-0.4247949429557507,-1.2993391503395602
33,1549710000,320,428,108,748,6,-0.21881274204496218,-0.742698289937528
33,1549724400,650,945,295,1595,6,0.13784162434686606,0.0844504973616321
33,1549738800,1144,1146,2,2290,6,-0.420980457753699,0.7631617218869169
33,1549753200,1166,774,0,1940,6,-0.4247949429557507,0.42136470234180945
33,1549767600,603,127,0,730,6,-0.4247949429557507,-0.7602764223712764
33,1549782000,100,63,0,163,6,-0.4247949429557507,-1.3139875940343504
33,1549796400,257,292,35,549,6,-0.358041451919847,-0.9370343096217463
33,1549810800,559,924,365,1483,6,0.2713486064186734,-0.0249245488928023
33,1549825200,1059,777,0,1836,6,-0.4247949429557507,0.3198021593912632
33,1549839600,843,369,0,1212,6,-0.4247949429557507,-0.28957309831201405
33,1549854000,297,77,0,374,6,-0.4247949429557507,-1.1079328193942999
33,1549868400,248,270,22,518,6,-0.38283560573318265,-0.967307759924313
33,1549882800,790,2611,1821,3401,6,3.0482938335122665,1.8481231182143867
33,1549897200,743,558,0,1301,6,-0.4247949429557507,-0.20265899905625817
33,1549911600,1874,897,0,2771,6,-0.4247949429557507,1.2328884830331932
33,1549926000,989,435,0,1424,6,-0.4247949429557507,-0.08254176075897755
33,1549940400,322,77,0,399,7,-0.3309019278397072,-0.6385236338772411
33,1549954800,224,278,54,502,7,-0.21719716103509892,-0.5463428252115397
33,1549963247,246,438,192,684,7,0.07338168746556661,-0.3834602312585525
33,1549969200,821,2562,1741,3383,7,3.3350239796940513,2.0320349395058006
33,1549983600,726,524,0,1250,7,-0.3309019278397072,0.12308673674908878
33,1549998000,1820,1030,0,2850,7,-0.3309019278397072,1.555021628643481
33,1550012400,1175,322,0,1497,7,-0.3309019278397072,0.3441416856852856
33,1550026800,313,67,0,380,7,-0.3309019278397072,-0.655527860718487
33,1550041200,246,289,43,535,7,-0.24035924316196355,-0.5168091680662178
33,1550055600,994,2738,1744,3732,7,3.341340911183196,2.3443757378002648
33,1550070000,818,723,0,1541,7,-0.3309019278397072,0.3835198952123814
33,1550084400,2015,1090,0,3105,7,-0.3309019278397072,1.7832362520391498
33,1550098800,1250,426,0,1676,7,-0.3309019278397072,0.5043394017159707
33,1550113200,413,88,0,501,7,-0.3309019278397072,-0.5472377845189736
33,1550127600,256,263,7,519,7,-0.3161624210317024,-0.5311285169851617
33,1550142000,989,1129,140,2118,7,-0.036111791679611704,0.8999114156017965
33,1550156400,845,3356,2511,4201,7,4.956369728574576,2.7641116529868084
33,1550159616,224,199,0,423,7,-0.3309019278397072,-0.6170446104988252
33,1550159696,11,10,0,21,7,-0.3309019278397072,-0.9768182520872913
33,1550159778,7,12,5,19,7,-0.32037370869113235,-0.9786081707021593
33,1550159858,7,9,2,16,7,-0.3266906401802772,-0.9812930486244613
33,1550159940,6,6,0,12,7,-0.3309019278397072,-0.9848728858541972
33,1550160019,8,10,2,18,7,-0.3266906401802772,-0.9795031300095933
33,1550160100,9,16,7,25,7,-0.3161624210317024,-0.9732384148575554
33,1550160180,10,6,0,16,7,-0.3309019278397072,-0.9812930486244613
33,1550160263,7,13,6,20,7,-0.31826806486141734,-0.9777132113947253
33,1550160341,8,7,0,15,7,-0.3309019278397072,-0.9821880079318953
33,1550160422,11,12,1,23,7,-0.3287962840099922,-0.9750283334724233
33,1550160503,12,7,0,19,7,-0.3309019278397072,-0.9786081707021593
33,1550160587,9,5,0,14,7,-0.3309019278397072,-0.9830829672393292
33,1550160667,8,8,0,16,7,-0.3309019278397072,-0.9812930486244613
33,1550160748,10,6,0,16,7,-0.3309019278397072,-0.9812930486244613
33,1550160828,7,9,2,16,7,-0.3266906401802772,-0.9812930486244613
33,1550160909,11,7,0,18,7,-0.3309019278397072,-0.9795031300095933
33,1550170800,1924,1038,0,2962,7,-0.3309019278397072,1.6552570710760885
33,1550185200,1366,549,0,1915,7,-0.3309019278397072,0.7182346761926955
33,1550199600,588,115,0,703,7,-0.3309019278397072,-0.3664560044173066
33,1550214000,218,236,18,454,7,-0.29300033890483773,-0.5893008719683713
33,1550228400,911,2341,1430,3252,7,2.6801687486526964,1.914795270231947
33,1550242800,799,735,0,1534,7,-0.3309019278397072,0.3772551800603434
33,1550257200,1665,1234,0,2899,7,-0.3309019278397072,1.5988746347077467
33,1550271600,1233,596,0,1829,7,-0.3309019278397072,0.641268175753372
33,1550286000,586,136,0,722,7,-0.3309019278397072,-0.34945177757606066
33,1550300400,117,90,0,207,7,-0.3309019278397072,-0.8103558209045681
33,1550314800,360,437,77,797,7,-0.16876735295165465,-0.28232982951851104
33,1550329200,698,1045,347,1743,7,0.39975648107138656,0.5643016753140484
33,1550343600,1253,1188,0,2441,7,-0.3309019278397072,1.188983271902977
33,1550358000,1198,882,0,2080,7,-0.3309019278397072,0.8659029619193047
33,1550372400,681,150,0,831,7,-0.3309019278397072,-0.2519012130657552
33,1550386800,93,62,0,155,7,-0.3309019278397072,-0.8568937048911359
33,1550401200,270,312,42,582,7,-0.24246488699167854,-0.47474608061682
33,1550415600,599,980,381,1579,7,0.4713483712816955,0.41752834889487317
33,1550430000,1158,1052,0,2210,7,-0.3309019278397072,0.9822476718857241
33,1550444400,1003,541,0,1544,7,-0.3309019278397072,0.3862047731346834
33,1550458800,419,75,0,494,7,-0.3309019278397072,-0.5535024996710116
33,1550473200,110,121,11,231,7,-0.3077398457128425,-0.7888767975261523
33,1550487600,414,879,465,1293,7,0.6482224529777528,0.16156998696875058
33,1550502000,605,806,201,1411,7,0.09233248193300132,0.267175185245962
33,1550516400,1076,982,0,2058,7,-0.3309019278397072,0.8462138571557569
33,1550530800,810,432,0,1242,7,-0.3309019278397072,0.11592706228961681
33,1550545200,299,79,0,378,8,-0.5043457391556507,-1.1801879016439913
33,1550559600,232,253,21,485,8,-0.4644713149478626,-1.085091952435465
33,1550563358,41,450,409,491,8,0.2722561418436527,-1.0797594693022765
33,1550574000,913,2249,1336,3162,8,2.0324271533017315,1.2940842721554255
33,1550588400,806,758,0,1564,8,-0.5043457391556507,-0.12613373565041788
33,1550602800,1909,1243,0,3152,8,-0.5043457391556507,1.2851968002667782
33,1550617200,1272,485,0,1757,8,-0.5043457391556507,0.045394471800475615
33,1550631600,401,64,0,465,8,-0.5043457391556507,-1.1028668962127595
33,1550646000,232,276,44,508,8,-0.42079932652980884,-1.064650767091576
33,1550660400,846,2667,1821,3513,8,2.9533364742911257,1.606034535446947
33,1550674800,862,969,107,1831,8,-0.30117605390644425,0.11116176377646586
33,1550689200,1944,1152,0,3096,8,-0.5043457391556507,1.2354269576903532
33,1550703600,1126,438,0,1564,8,-0.5043457391556507,-0.12613373565041788
33,1550718000,362,61,0,423,8,-0.5043457391556507,-1.1401942781450782
33,1550732400,199,262,63,461,8,-0.38472246653228614,-1.1064218849682184
33,1550736745,58,550,492,608,8,0.4298550565696727,-0.9757760482051027
33,1550746800,1065,2094,1029,3159,8,1.4495010470259708,1.2914180305888314
33,1550761200,824,712,0,1536,8,-0.5043457391556507,-0.1510186569386304
33,1550775600,1842,1213,0,3055,8,-0.5043457391556507,1.1989883229468992
33,1550790000,1396,562,0,1958,8,-0.5043457391556507,0.22403265676228695
33,1550804400,519,106,0,625,8,-0.5043457391556507,-0.9606673459944023
33,1550818800,229,245,16,474,8,-0.47396522547352643,-1.0948681715129769
33,1550833200,888,2456,1568,3344,8,2.4729446016925345,1.455836260528807
33,1550847600,901,789,0,1690,8,-0.5043457391556507,-0.014151589853461504
33,1550862000,1805,1270,0,3075,8,-0.5043457391556507,1.2167632667241939
33,1550876400,1324,656,0,1980,8,-0.5043457391556507,0.2435850949173111
33,1551495600,6782,1839,0,8621,9,-0.3552358602729726,3.715949169375532
33,1551510000,119,92,0,211,9,-0.3552358602729726,-0.7816952318403315
33,1551524400,346,360,14,706,9,-0.32182061697741865,-0.5169706208294097
33,1551538800,581,887,306,1468,9,0.37512588604413566,-0.10945515903077849
33,1551553200,886,1054,168,1940,9,0.04574705927367506,0.1429691165190298
33,1551567600,937,881,0,1818,9,-0.3552358602729726,0.07772385885573188
33,1551582000,646,142,0,788,9,-0.3552358602729726,-0.4731172509245701
33,1551596400,121,67,0,188,9,-0.3552358602729726,-0.793995567301445
33,1551610800,296,264,0,560,9,-0.3552358602729726,-0.5950510111477826
33,1551625200,603,889,286,1492,9,0.3273898241933443,-0.0966200263757035
33,1551639600,1192,895,0,2087,9,-0.3552358602729726,0.22158430403136414
33,1551654000,606,354,0,960,9,-0.3552358602729726,-0.38113213356319925
33,1551668400,273,61,0,334,9,-0.3552358602729726,-0.715915176983072
33,1551682800,164,239,75,403,9,-0.1762256283325049,-0.6790141705997315
33,1551697200,636,2466,1830,3102,9,4.0126137990744395,0.7644034559022442
33,1551711600,696,591,0,1287,9,-0.3552358602729726,-0.2062534511378024
33,1551726000,1695,924,0,2619,9,-0.3552358602729726,0.50609641121886
33,1551740400,995,529,0,1524,9,-0.3552358602729726,-0.07950651616893682
33,1551754800,353,94,0,447,10,-0.4014482207419795,-0.9868499322376205
33,1551769200,234,291,57,525,10,-0.30113297185029375,-0.9197817506428869
33,1551783600,1008,2820,1812,3828,10,2.787520744025294,1.9202977853494836
33,1551798000,863,652,0,1515,10,-0.4014482207419795,-0.0685317534789612
33,1551812400,1977,1342,0,3319,10,-0.4014482207419795,1.4826349080197478
33,1551826800,1468,548,0,2016,10,-0.4014482207419795,0.36225233599490425
33,1551841200,410,83,0,493,10,-0.4014482207419795,-0.9472969020663674
33,1551855600,269,270,1,539,10,-0.3996883040947569,-0.9077438718951143
33,1551863850,669,730,61,1399,10,-0.2940933052614035,-0.16827417738907777
33,1551865710,124,188,64,312,10,-0.28881355531973585,-1.1029294773054286
33,1551870000,438,2810,2372,3248,10,3.773074066469926,1.4215856657989008
33,1551884400,852,788,0,1640,10,-0.4014482207419795,0.03894930676900922
33,1551898800,1666,1214,0,2880,10,-0.4014482207419795,1.1051614244288759
33,1551913200,3297,772,0,4069,10,-0.4014482207419795,2.1275212695075707
33,1551927600,369,78,0,447,10,-0.4014482207419795,-0.9868499322376205
33,1551942000,242,253,11,495,10,-0.3820891376225313,-0.9455772051023998
33,1551956400,960,2784,1824,3744,10,2.808639743791965,1.8480705128628476
33,1551970800,873,710,0,1583,10,-0.4014482207419795,-0.010062056704065295
33,1551985200,1955,1281,0,3236,10,-0.4014482207419795,1.4112674840150956
33,1551999600,1485,544,0,2029,10,-0.4014482207419795,0.37343036626069315
33,1552014000,598,93,0,691,10,-0.4014482207419795,-0.7770469026335822
33,1552028400,266,231,0,497,10,-0.4014482207419795,-0.9438575081384323
33,1552042800,918,2531,1613,3449,10,2.437297331228005,1.5944152106776373
33,1552057200,914,775,0,1689,10,-0.4014482207419795,0.08108188238621362
33,1552071600,1756,1351,0,3107,10,-0.4014482207419795,1.3003470298391901
33,1552073382,135,231,96,366,10,-0.232496222608614,-1.0564976592783053
33,1552073383,90,143,53,233,10,-0.30817263843918397,-1.170857507382146
33,1552075345,217,89,0,306,10,-0.4014482207419795,-1.1080885681973311
33,1552075433,334,173,0,507,10,-0.4014482207419795,-0.9352590233185947
33,1552086000,1217,570,0,1787,10,-0.4014482207419795,0.16534703362062245
33,1552100400,776,165,0,941,10,-0.4014482207419795,-0.5620847821376413
33,1552114800,126,110,0,236,10,-0.4014482207419795,-1.1682779619361945
33,1552129200,397,459,62,856,10,-0.29233338861418096,-0.6351719031062613
33,1552143600,751,1138,387,1889,10,0.2796395217331501,0.2530515787829663
33,1552158000,1280,1301,21,2581,10,-0.3644899711503058,0.8480667283157306
33,1552172400,1343,935,0,2278,10,-0.4014482207419795,0.5875326382746503
33,1552190400,766,169,0,935,10,-0.4014482207419795,-0.5672438730295439
33,1552204800,131,85,0,216,10,-0.4014482207419795,-1.18547493157587
33,1552219200,233,416,183,649,10,-0.07938347430025153,-0.8131605388769003
33,1552233600,693,1016,323,1709,10,0.16700485631090645,0.09827885202588889
33,1552248000,1103,827,0,1930,10,-0.4014482207419795,0.2883053665443006
33,1552262400,763,326,0,1089,10,-0.4014482207419795,-0.4348272068040444
33,1552276800,242,65,0,307,10,-0.4014482207419795,-1.1072287197153474
33,1552291200,452,679,227,1131,10,-0.0019471418224590218,-0.3987135705607263
33,1552305600,810,2364,1554,3174,10,2.3334622490418746,1.3579568781321023
33,1552320000,912,682,0,1594,10,-0.4014482207419795,-0.0006037234022438981
33,1552334400,1875,1165,0,3040,10,-0.4014482207419795,1.242737181546278
33,1552348800,1081,394,0,1475,11,-0.4924083309192194,-0.22882144534751125
33,1552363200,309,68,0,377,11,-0.4924083309192194,-1.3375627959876377
33,1552377600,533,704,171,1237,11,-0.16026646712240988,-0.4691497162512909
33,1552392000,938,2501,1563,3439,11,2.5434848451884604,1.7543916809340991
33,1552406400,934,702,0,1636,11,-0.4924083309192194,-0.0662464385596603
33,1552420800,1958,1192,0,3150,11,-0.4924083309192194,1.4625644948366525
33,1552435200,1227,375,0,1602,11,-0.4924083309192194,-0.10057904868877167
33,1552449600,282,50,0,332,11,-0.4924083309192194,-1.3830030152761674
33,1552463711,495,357,0,852,11,-0.4924083309192194,-0.8579160368309345
33,1552464000,190,670,480,860,11,0.43991970780866685,-0.8498377756240848
33,1552478400,749,2460,1711,3209,11,2.8309526571295587,1.5221416712371694
33,1552492800,964,977,13,1941,11,-0.4671577798703391,0.24173726995148595
33,1552507200,2172,1202,0,3374,11,-0.4924083309192194,1.688755808628445
33,1552521600,1394,337,0,1731,11,-0.4924083309192194,0.02968291327168034
33,1552536000,287,52,0,339,11,-0.4924083309192194,-1.3759345367201739
33,1552550400,541,667,126,1208,11,-0.24767222075314924,-0.4984334131261212
33,1552564800,805,2436,1631,3241,11,2.675564650674911,1.5544547160645683
33,1552579200,984,760,0,1744,11,-0.4924083309192194,0.04281008773281116
33,1552593600,1918,1281,0,3199,11,-0.4924083309192194,1.512043844728607
33,1552608000,1357,460,0,1817,11,-0.4924083309192194,0.11652422124531502
33,1552622400,354,66,0,420,11,-0.4924083309192194,-1.2941421420008203
33,1552636800,480,609,129,1089,11,-0.24184517051109994,-0.6185975485780111
33,1552651200,787,2277,1490,3064,11,2.4016932892985943,1.3757231868630178
33,1552665600,984,826,0,1810,11,-0.4924083309192194,0.1094557426893215
33,1552680000,1833,1315,0,3148,11,-0.4924083309192194,1.46054492953494
33,1552694400,1270,557,0,1827,11,-0.4924083309192194,0.1266220477538772
33,1552708800,500,89,0,589,11,-0.4924083309192194,-1.1234888740061197
33,1552723200,138,152,14,290,11,-0.465215429789656,-1.4254138866121286
33,1552737600,473,789,316,1262,11,0.12137429457663906,-0.4439051499798855
33,1552752000,804,1366,562,2170,11,0.5991924144246807,0.47297749699755964
33,1552766400,1158,1375,217,2533,11,-0.07091836341098746,0.8395285992583665
33,1552780800,1307,653,0,1960,11,-0.4924083309192194,0.26092314031775404
33,1552795200,492,79,0,571,11,-0.4924083309192194,-1.1416649617215315
33,1552809600,172,123,0,295,11,-0.4924083309192194,-1.4203649733578474
33,1552824000,520,758,238,1278,11,-0.03012901171664244,-0.42774862756618603
33,1552838400,712,1046,334,1758,11,0.1563365960289348,0.0569470448447982
33,1552852800,1122,805,0,1927,11,-0.4924083309192194,0.22760031283949891
33,1552867200,868,403,0,1271,11,-0.4924083309192194,-0.43481710612217955
33,1552881600,238,47,0,285,11,-0.4924083309192194,-1.4304627998664097
33,1552896000,521,709,188,1230,11,-0.12724651575079726,-0.47621819480728445
33,1552910400,727,2445,1718,3172,11,2.8445491076943403,1.4847797131554892
33,1552924800,861,719,0,1580,11,-0.4924083309192194,-0.12279426700760845
33,1552939200,1926,951,0,2877,11,-0.4924083309192194,1.1868938311529051
33,1552953600,1012,394,0,1406,12,-0.46509278669797566,-0.28400364048510335
33,1552968000,219,72,0,291,12,-0.46509278669797566,-1.3789520571608729
33,1552982400,498,691,193,1189,12,-0.07276459114426458,-0.49710122471706925
33,1552996800,848,2431,1583,3279,12,2.752811532273655,1.55531329622675
33,1553011200,964,813,0,1777,12,-0.46509278669797566,0.08032448739535451
33,1553025600,1945,1140,0,3085,12,-0.46509278669797566,1.364802091890338
33,1553040000,1317,392,0,1709,12,-0.46509278669797566,0.013547364225890545
33,1553054400,295,63,0,358,12,-0.46509278669797566,-1.313156950508607
33,1553068800,488,698,210,1186,12,-0.03820718531829002,-0.5000472742686632
33,1553083200,872,2437,1565,3309,12,2.7162213378696816,1.5847737917426898
33,1553097600,989,967,0,1956,12,-0.46509278669797566,0.2561054439737965
33,1553112000,1999,1212,0,3211,12,-0.46509278669797566,1.488536173057286
33,1553126400,1264,400,0,1664,12,-0.46509278669797566,-0.030643379048019437
33,1553140800,298,73,0,371,12,-0.46509278669797566,-1.300390735785033
33,1553155200,532,729,197,1261,12,-0.06463343683227056,-0.4263960354788133
33,1553169600,788,2419,1631,3207,12,2.850385384017583,1.484608106988494
33,1553184000,937,830,0,1767,12,-0.46509278669797566,0.07050432222337452
33,1553198400,2073,1408,0,3481,12,-0.46509278669797566,1.753680632700746
33,1553212800,1298,518,0,1816,12,-0.46509278669797566,0.11862313156607651
33,1553227200,302,64,0,366,12,-0.46509278669797566,-1.3053008183710229
33,1553241600,484,606,122,1090,12,-0.2170925801821583,-0.5943208599196712
33,1553256000,785,2368,1583,3153,12,2.752811532273655,1.431579215059802
33,1553270400,950,821,0,1771,12,-0.46509278669797566,0.07443238829216652
33,1553284800,1857,1390,0,3247,12,-0.46509278669797566,1.523888767676414
33,1553299200,1284,693,0,1977,12,-0.46509278669797566,0.27672779083495447
33,1553313600,594,96,0,690,12,-0.46509278669797566,-0.9871274667988711
33,1553328000,148,164,16,312,12,-0.4325681694499996,-1.358329710299715
33,1553342400,509,614,105,1123,12,-0.2516499860081328,-0.5619143148521373
33,1553356800,865,1249,384,2114,12,0.3154980272534495,0.4112640536910804
33,1553371200,1234,1558,324,2792,12,0.19353071257353932,1.0770712523513242
33,1553385600,1346,833,0,2179,12,-0.46509278669797566,0.47509512730895037
33,1553400000,564,88,0,652,12,-0.46509278669797566,-1.0244440944523951
33,1553414400,137,96,0,233,12,-0.46509278669797566,-1.435909015158357
33,1553422910,172,214,42,386,12,-0.3797156664220385,-1.285660488027063
33,1553428800,297,349,52,646,12,-0.3593877806420535,-1.030336193555583
33,1553442652,396,417,21,813,12,-0.4224042265600071,-0.8663394351835171
33,1553443200,770,1127,357,1897,12,0.26061273564748993,0.19816646945911448
33,1553457600,1194,921,0,2115,12,-0.46509278669797566,0.4122460702082784
33,1553472000,1011,458,0,1469,12,-0.46509278669797566,-0.22213659990162937
33,1553486400,267,48,0,315,12,-0.46509278669797566,-1.3553836607481209
33,1553500800,535,711,176,1246,12,-0.10732199697023913,-0.44112628323678327
33,1553515200,814,2320,1506,3134,12,2.59628681176777,1.41292090123304
33,1553529600,863,752,0,1615,12,-0.46509278669797566,-0.07876218839072142
33,1553544000,1931,1000,0,2931,12,-0.46509278669797566,1.213571548241846
33,1553558400,962,341,0,1303,13,-0.47393881446539704,-0.39708681070501395
33,1553572800,220,52,0,272,13,-0.47393881446539704,-1.4233269227401388
33,1553587200,519,710,191,1229,13,-0.09698688410237749,-0.47074516986175424
33,1553601600,840,2540,1700,3380,13,2.8811307227970806,1.6703241618429536
33,1553616000,898,754,0,1652,13,-0.47393881446539704,-0.04969806279011715
33,1553630400,1938,1281,0,3219,13,-0.47393881446539704,1.510067461515451
33,1553644800,1144,475,0,1619,13,-0.47393881446539704,-0.08254570944109593
33,1553659200,290,67,0,357,13,-0.47393881446539704,-1.3387193480330724
33,1553673600,478,706,228,1184,13,-0.023964782409017688,-0.5155374152949072
33,1553688000,871,2454,1583,3325,13,2.650222995820781,1.6155780840913223
33,1553702400,951,905,0,1856,13,-0.47393881446539704,0.1533601165068426
33,1553716800,2051,1304,0,3355,13,-0.47393881446539704,1.6454395810467575
33,1553731200,1276,454,0,1730,13,-0.47393881446539704,0.027941829294014515
33,1553745600,280,68,0,348,13,-0.47393881446539704,-1.347677797119703
33,1553760000,503,719,216,1222,13,-0.04764762620145871,-0.47771285248468914
33,1553774400,833,2399,1566,3232,13,2.616672300448156,1.523007443529473
33,1553788800,984,781,0,1765,13,-0.47393881446539704,0.06278024240868899
33,1553803200,1869,1341,0,3210,13,-0.47393881446539704,1.5011090124288204
33,1553817600,1413,603,0,2016,13,-0.47393881446539704,0.3126214336024973
33,1553832000,343,73,0,416,13,-0.47393881446539704,-1.2799917373540497
33,1553846400,529,615,86,1144,13,-0.3042117672862364,-0.5553527445688208
33,1553860800,821,2242,1421,3063,13,2.330504604622827,1.3547876773471876
33,1553875200,944,800,0,1744,13,-0.47393881446539704,0.0418771945398843
33,1553889600,1785,1264,0,3049,13,-0.47393881446539704,1.3408523121013178
33,1553904000,1362,509,0,1871,13,-0.47393881446539704,0.16829086498456022
33,1553918400,540,95,0,635,13,-0.47393881446539704,-1.0620028095793723
33,1553932800,124,181,57,305,13,-0.3614453064513022,-1.3904792760891602
33,1553947200,482,524,42,1006,13,-0.39104886119185345,-0.692715630563823
33,1553961600,814,1097,283,1911,13,0.08458158497300365,0.2081061942584739
33,1553976000,1140,1435,295,2575,13,0.10826442876544466,0.8690406602054409
33,1553990400,1264,766,0,2030,13,-0.47393881446539704,0.3265567988483671
33,1554004800,524,99,0,623,13,-0.47393881446539704,-1.0739474083615463
33,1554019200,122,121,0,243,13,-0.47393881446539704,-1.4521930364637263
33,1554033600,327,440,113,767,13,-0.2509253687532441,-0.9306122229754572
33,1554048000,608,1068,460,1676,13,0.4339035309115087,-0.025808865225768945
33,1554062400,1046,730,0,1776,13,-0.47393881446539704,0.07372945795901524
33,1554076800,855,411,0,1266,13,-0.47393881446539704,-0.4339159902833841
33,1554091200,211,45,0,256,13,-0.47393881446539704,-1.4392530544497044
33,1554105600,509,691,182,1200,13,-0.11474901694670826,-0.4996112835853417
33,1554120000,750,2413,1663,3163,13,2.8081086211037207,1.4543260005319718
33,1554134400,855,679,0,1534,13,-0.47393881446539704,-0.1671532841481625
33,1554148800,1950,1004,0,2954,13,-0.47393881446539704,1.246290905075773
33,1554163200,842,367,0,1209,14,-0.4432936277423609,-0.5190766262669155
33,1554177600,245,47,0,292,14,-0.4432936277423609,-1.4304422892886146
33,1554192000,556,758,202,1314,14,-0.06038758643038882,-0.414721779356034
33,1554206400,796,2540,1744,3336,14,2.862588233881794,1.5948544154420852
33,1554220800,922,767,0,1689,14,-0.4432936277423609,-0.042025897531457
33,1554235200,1996,1212,0,3208,14,-0.4432936277423609,1.4676408877792964
33,1554249600,1252,331,0,1583,14,-0.4432936277423609,-0.1473746001272041
33,1554264000,267,44,0,311,14,-0.4432936277423609,-1.4115590312761694
33,1554278400,499,719,220,1218,14,-0.02626724611546061,-0.5101319251031258
33,1554292800,799,2526,1727,3325,14,2.8303634680288066,1.5839220029085643
33,1554307200,961,865,0,1826,14,-0.4432936277423609,0.0941323312951218
33,1554321600,2065,1223,0,3288,14,-0.4432936277423609,1.5471493425685394
33,1554336000,1297,443,0,1740,14,-0.4432936277423609,0.008660742396685473
33,1554350400,274,51,0,325,14,-0.4432936277423609,-1.3976450516880519
33,1554364800,561,708,147,1269,14,-0.1646441818371139,-0.4594452851749833
33,1554379200,784,2405,1621,3189,14,2.629432575063118,1.4487576297668512
33,1554393600,994,866,0,1860,14,-0.4432936277423609,0.12792342458055012
33,1554408000,1899,1313,0,3212,14,-0.4432936277423609,1.4716163105187585
33,1554422400,1380,481,0,1861,14,-0.4432936277423609,0.12891728026541566
33,1554436800,375,63,0,438,14,-0.4432936277423609,-1.2853393592982458
33,1554451200,513,649,136,1162,14,-0.1854955009184589,-0.5657878434555959
33,1554465600,731,2287,1556,3018,14,2.5062202350369884,1.278808307654844
33,1554480000,1035,974,0,2009,14,-0.4432936277423609,0.2760079216255154
33,1554494400,1977,1421,0,3398,14,-0.4432936277423609,1.6564734679037487
33,1554508800,1326,686,0,2012,14,-0.4432936277423609,0.27898948868011203
33,1554523200,511,72,0,583,14,-0.4432936277423609,-1.141230284992743
33,1554537600,160,141,0,301,14,-0.4432936277423609,-1.4214975881248249
33,1554552000,538,517,0,1055,14,-0.4432936277423609,-0.6721304017362085
33,1554566400,841,1099,258,1940,14,0.04576458343827672,0.2074318793697932
33,1554580800,1186,1423,237,2609,14,0.00595751973752714,0.8723213325448386
33,1554595200,1345,710,0,2055,14,-0.4432936277423609,0.3217252831293302
33,1554609600,551,103,0,654,14,-0.4432936277423609,-1.0706665313672896
33,1554624000,118,94,0,212,14,-0.4432936277423609,-1.5099507440778577
33,1554638400,448,407,0,855,14,-0.4432936277423609,-0.8709015387093163
33,1554652800,752,899,147,1651,14,-0.1646441818371139,-0.07979241355634747
33,1554667200,1258,924,0,2182,14,-0.4432936277423609,0.4479449551072536
33,1554681600,1008,351,0,1359,14,-0.4432936277423609,-0.36999827353708475
33,1554696000,264,110,0,374,14,-0.4432936277423609,-1.3489461231296405
33,1554710400,517,734,217,1251,14,-0.03195396950128198,-0.47733468750256297
33,1554724800,755,2365,1610,3120,14,2.608581255981773,1.380181587511129
33,1554739200,811,673,0,1484,14,-0.4432936277423609,-0.24576631292889245
33,1554753600,1879,1058,0,2937,14,-0.4432936277423609,1.1983059971807353
33,1554768000,975,453,0,1428,15,-0.43671729834843825,-0.24969352953979765
33,1554782400,281,89,0,370,15,-0.43671729834843825,-1.3074543073300116
33,1554796800,567,776,209,1343,15,-0.04767803886841907,-0.3346743103641532
33,1554811200,813,2490,1677,3303,15,2.6849039368094187,1.6248825180562807
33,1554825600,952,856,0,1808,15,-0.43671729834843825,0.13022054943967426
33,1554840000,2147,1240,0,3387,15,-0.43671729834843825,1.708863524988585
33,1554854400,1310,364,0,1674,15,-0.43671729834843825,-0.003749152095192157
33,1554868800,261,55,0,316,15,-0.43671729834843825,-1.3614420975007786
33,1554883200,583,721,138,1304,15,-0.17983970117981313,-0.3736654921541516
33,1554887538,408,441,33,849,15,-0.3752900468515931,-0.8285626130374667
33,1554897600,536,2500,1964,3036,15,3.2191348816456173,1.3579428888785992
33,1554912000,945,926,0,1871,15,-0.43671729834843825,0.19320630463890248
33,1554926400,2082,1203,0,3285,15,-0.43671729834843825,1.6068865879993584
33,1554940800,1406,449,0,1855,15,-0.43671729834843825,0.1772099223660826
33,1554955200,302,52,0,354,15,-0.43671729834843825,-1.3234506896028313
33,1554969600,551,703,152,1254,15,-0.15377965509024247,-0.42365418675671374
33,1554984000,885,2503,1618,3388,15,2.5750794568605135,1.7098632988806364
33,1554998400,959,832,0,1791,15,-0.43671729834843825,0.11322439327480313
33,1555012800,1891,1287,0,3178,15,-0.43671729834843825,1.4999107815498756
33,1555027200,1352,437,0,1789,15,-0.43671729834843825,0.11122484549070065
33,1555041600,294,59,0,353,15,-0.43671729834843825,-1.3244504634948826
33,1555056000,522,629,107,1151,15,-0.23754408894957674,-0.5266308976379916
33,1555059803,332,340,8,672,15,-0.42182584344011215,-1.0055225919305364
33,1555070400,537,2256,1719,2793,15,2.7630840750781305,1.1149978331101476
33,1555084800,923,878,0,1801,15,-0.43671729834843825,0.12322213219531555
33,1555099200,1932,1402,0,3334,15,-0.43671729834843825,1.6558755087098693
33,1555113600,1317,410,0,1727,15,-0.43671729834843825,0.04923886418352366
33,1555128000,421,82,0,503,15,-0.43671729834843825,-1.1744843796871964
33,1555142400,132,185,53,317,15,-0.33806140958077785,-1.3604423236087273
33,1555156800,498,580,82,1078,15,-0.28407988553809577,-0.5996143917577322
33,1555171200,835,1060,225,1895,15,-0.017895129051766885,0.2172008780481323
33,1555185600,1035,1280,245,2315,15,0.019333508219048345,0.6371059127096539
33,1555200000,1219,702,0,1921,15,-0.43671729834843825,0.24319499924146457
33,1555214400,572,79,0,651,15,-0.43671729834843825,-1.0265178436636127
33,1555228800,139,97,0,236,15,-0.43671729834843825,-1.441424008864878
33,1555243200,408,416,8,824,15,-0.42182584344011215,-0.8535569603387477
33,1555257600,702,967,265,1669,15,0.056562145489863574,-0.008748021555448366
33,1555272000,1057,956,0,2013,15,-0.43671729834843825,0.33517419731017883
33,1555286400,903,380,0,1283,15,-0.43671729834843825,-0.3946607438872277
33,1555300800,240,44,0,284,15,-0.43671729834843825,-1.3934348620464183
33,1555315200,476,703,227,1179,15,-0.014172265324685362,-0.4986372286605569
33,1555329600,838,2431,1593,3269,15,2.528543660271995,1.5908902057265386
33,1555344000,968,833,0,1801,15,-0.43671729834843825,0.12322213219531555
33,1555358400,2029,1140,0,3169,15,-0.43671729834843825,1.4909128165214143
33,1555372800,933,379,0,1312,16,-0.4404414681899674,-0.3468661534735955
33,1555387200,230,51,0,281,16,-0.4404414681899674,-1.370975558488707
33,1555401600,552,735,183,1287,16,-0.02771553617535867,-0.3716990682411782
33,1555416000,864,2499,1635,3363,16,3.2470279243995694,1.690426174058891
33,1555430400,925,871,0,1796,16,-0.4404414681899674,0.13389907642680599
33,1555444800,1963,1397,0,3360,16,-0.4404414681899674,1.6874462242867811
33,1555459200,1292,528,0,1820,16,-0.4404414681899674,0.1577386746036854
33,1555473600,264,42,0,306,16,-0.4404414681899674,-1.3461426437211244
33,1555488000,567,726,159,1293,16,-0.08184352725924178,-0.3657391686969584
33,1555502400,902,2477,1575,3379,16,3.111707946689862,1.706319239510144
33,1555516800,1029,1047,18,2076,16,-0.399845474877055,0.4120277218237325
33,1555531200,2177,1518,0,3695,16,-0.4404414681899674,2.0202072821723895
33,1555545600,1303,606,0,1909,16,-0.4404414681899674,0.2461438511762799
33,1555560000,297,59,0,356,16,-0.4404414681899674,-1.2964768141859588
33,1555574400,541,653,112,1194,16,-0.18784417646517954,-0.46407751117658597
33,1555588800,856,2406,1550,3262,16,3.05532462264415,1.5901011983978568
33,1555603200,1109,950,0,2059,16,-0.4404414681899674,0.39514133978177624
33,1555617600,1965,1339,0,3304,16,-0.4404414681899674,1.6318204952073958
33,1555632000,1358,660,0,2018,16,-0.4404414681899674,0.35441535956294057
33,1555646400,361,65,0,426,16,-0.4404414681899674,-1.2269446528367272
33,1555660800,351,336,0,687,16,-0.4404414681899674,-0.9676890226631636
33,1555675200,669,1436,767,2105,16,1.2893989135324637,0.44083390295412844
33,1555689600,1001,1054,53,2055,16,-0.32090882121305886,0.391168073418963
33,1555699012,578,233,0,811,16,-0.4404414681899674,-0.8445177654159532
33,1555700059,940,988,48,1928,16,-0.33218548602220116,0.2650168663996428
33,1555704000,1379,695,0,2074,16,-0.4404414681899674,0.41004108864232586
33,1555718400,1286,766,0,2052,16,-0.4404414681899674,0.38818812364685307
33,1555732800,417,65,0,482,16,-0.4404414681899674,-1.1713189237573418
33,1555747200,101,115,14,216,16,-0.40886680672436887,-1.435541136884422
33,1555761600,433,493,60,926,16,-0.3051214904802596,-0.7302863574850728
33,1555776000,827,1141,314,1968,16,0.26773308182416994,0.3047495300277751
33,1555790400,1163,1450,287,2613,16,0.20683909185480145,0.9454387310314094
33,1555804800,1255,840,0,2095,16,-0.4404414681899674,0.43090073704709536
33,1555819200,546,95,0,641,16,-0.4404414681899674,-1.0133815858355157
33,1555833600,123,80,0,203,16,-0.4404414681899674,-1.448454252563565
33,1555840209,104,107,3,211,16,-0.433675469304482,-1.4405077198379386
33,1555848000,416,467,51,883,16,-0.32541948713671576,-0.772998970885315
33,1555862400,680,1019,339,1699,16,0.32411640586988155,0.03754736712858503
33,1555876800,1122,911,0,2033,16,-0.4404414681899674,0.3693151084234902
33,1555891200,923,514,0,1437,16,-0.4404414681899674,-0.2227015796356819
33,1555905600,239,43,0,282,16,-0.4404414681899674,-1.3699822418980037
33,1555920000,441,648,207,1089,16,0.026412454908524438,-0.5683757532004334
33,1555934400,756,2169,1413,2925,16,2.746344006873651,1.2553535073308417
33,1555948800,927,923,0,1850,16,-0.4404414681899674,0.18753817232478467
33,1555963200,1950,1043,0,2993,16,-0.4404414681899674,1.3228990354986667
33,1555977600,937,412,0,1349,17,-0.4543257742711715,-0.2949284382148321
33,1555992000,229,56,0,285,17,-0.4543257742711715,-1.3622095827609868
33,1556006400,523,738,215,1261,17,0.021002894674336393,-0.3831998110720329
33,1556011431,158,1440,1282,1598,17,2.379959591255066,-0.045160576380252636
33,1556020800,779,1036,257,1815,17,0.11385779744508677,0.1725086044153447
33,1556035200,981,906,0,1887,17,-0.4543257742711715,0.24473063675305445
33,1556049600,1928,1450,0,3378,17,-0.4543257742711715,1.7403285564131266
33,1556064000,1315,514,0,1829,17,-0.4543257742711715,0.1865517773698994
33,1556078400,250,60,0,310,17,-0.4543257742711715,-1.337132488199282
33,1556092800,504,713,209,1217,17,0.007737908564229198,-0.42733549750063327
33,1556107200,824,2332,1508,3156,17,2.879607401402437,1.5176439567051883
33,1556121600,991,1072,81,2063,17,-0.27524846178472434,0.421273382467456
33,1556136000,1969,1260,0,3229,17,-0.4543257742711715,1.5908690728253663
33,1556150400,1310,485,0,1795,17,-0.4543257742711715,0.1524469287659809
33,1556164800,264,49,0,313,17,-0.4543257742711715,-1.3341232368518776
33,1556179200,471,671,200,1142,17,-0.012159570600931598,-0.5025667811857476
33,1556193600,954,2339,1385,3293,17,2.6076751861452396,1.6550664349033304
33,1556208000,958,926,0,1884,17,-0.4543257742711715,0.24172138540564989
33,1556222400,2196,1449,0,3645,17,-0.4543257742711715,2.0081519263321335
33,1556236800,1510,505,0,2015,17,-0.4543257742711715,0.37312536090898285
33,1556251200,452,82,0,534,17,-0.4543257742711715,-1.1124417209264075
33,1556265600,481,561,80,1042,17,-0.2774592928030755,-0.6028751594325666
33,1556265871,22,19,0,41,17,-0.4543257742711715,-1.6069620256832253
33,1556266337,36,31,0,67,17,-0.4543257742711715,-1.5808818473390525
33,1556273000,483,596,113,1079,17,-0.20450186919748595,-0.5657610594812436
33,1556280000,466,2148,1682,2614,17,3.264291998595546,0.973972546607429
33,1556294400,1031,1077,46,2108,17,-0.3526275474270163,0.46641215267852454
33,1556308800,1903,1279,0,3182,17,-0.4543257742711715,1.5437241350493613
33,1556323200,1360,497,0,1857,17,-0.4543257742711715,0.21463812327900872
33,1556337600,472,96,0,568,17,-0.4543257742711715,-1.0783368723224889
33,1556352000,185,161,0,346,17,-0.4543257742711715,-1.3010214720304272
33,1556366400,577,633,56,1210,17,-0.3305192372435043,-0.43435708397791056
33,1556380800,1011,1257,246,2268,17,0.08953865624322357,0.626905557873435
33,1556395200,1281,1322,41,2603,17,-0.3636817025187723,0.9629386250002789
33,1556409600,1363,647,0,2010,17,-0.4543257742711715,0.3681099419966419
33,1556424000,604,112,0,716,17,-0.4543257742711715,-0.9298804725171967
33,1556438400,161,111,0,272,17,-0.4543257742711715,-1.3752496719330733
33,1556452800,439,573,134,1012,17,-0.15807441781211076,-0.6329676729066124
33,1556467200,798,1006,208,1804,17,0.005527077545877998,0.16147468280819463
33,1556481600,1154,873,0,2027,17,-0.4543257742711715,0.3851623662986011
33,1556496000,989,421,0,1410,17,-0.4543257742711715,-0.23374032748427248
33,1556510400,271,45,0,316,17,-0.4543257742711715,-1.331113985504473
33,1556524800,493,686,193,1179,17,-0.027635387729389994,-0.4654526812344245
33,1556539200,858,2375,1517,3233,17,2.8995048805675983,1.594881407955239
33,1556553600,902,760,0,1662,17,-0.4543257742711715,0.01903678569771156
33,1556568000,2006,949,0,2955,17,-0.4543257742711715,1.316024116429082
33,1556582400,986,461,0,1447,18,-0.4513152350100548,-0.26907841941770105
33,1556596800,311,59,0,370,18,-0.4513152350100548,-1.418460192472423
33,1556611200,525,785,260,1310,18,0.05153099388411159,-0.41528575730859885
33,1556625600,838,2441,1603,3279,18,2.6489251685182094,1.6860445223058371
33,1556640000,1011,788,0,1799,18,-0.4513152350100548,0.10657839034577356
33,1556654400,1953,1174,0,3127,18,-0.4513152350100548,1.523829081726155
33,1556668800,1379,439,0,1818,18,-0.4513152350100548,0.12685532041823383
33,1556683200,384,51,0,435,18,-0.4513152350100548,-1.3490917474876905
33,1556697600,537,678,141,1215,18,-0.1786178570328338,-0.5166704076709002
33,1556712000,840,2434,1594,3274,18,2.6315189529026424,1.6807084880762424
33,1556726400,1015,898,0,1913,18,-0.4513152350100548,0.2282399707805352
33,1556740800,2171,1160,0,3331,18,-0.4513152350100548,1.7415392782936232
33,1556755200,1394,490,0,1884,18,-0.4513152350100548,0.1972909722488853
33,1556769600,354,57,0,411,18,-0.4513152350100548,-1.3747047117897455
33,1556784000,548,728,180,1276,18,-0.10319092269870885,-0.4515707900698435
33,1556790348,531,564,33,1095,18,-0.3874924444196414,-0.6447352291811757
33,1556794918,382,538,156,920,18,-0.14960749767355497,-0.831496427216994
33,1556798400,412,2231,1819,2643,18,3.0666743432918246,1.0073009683013774
33,1556812800,933,817,0,1750,18,-0.4513152350100548,0.054285254895744414
33,1556827200,1901,1336,0,3237,18,-0.4513152350100548,1.6412218347772407
33,1556841600,1443,652,0,2095,18,-0.4513152350100548,0.42247161673778627
33,1556856000,385,67,0,452,18,-0.4513152350100548,-1.330949231107068
33,1556870400,518,596,78,1114,18,-0.3004613663418049,-0.6244582991087154
33,1556878290,574,730,156,1304,18,-0.14960749767355497,-0.4216889983841126
33,1556884800,442,2215,1773,2657,18,2.977709241256703,1.0222418641442428
33,1556899200,1077,904,0,1981,18,-0.4513152350100548,0.3008100363030246
33,1556913600,1802,1322,0,3124,18,-0.4513152350100548,1.520627461188398
33,1556928000,1401,644,0,2045,18,-0.4513152350100548,0.36911127444183817
33,1556942400,585,97,0,682,18,-0.4513152350100548,-1.085491656545707
33,1556956800,191,152,0,343,18,-0.4513152350100548,-1.447274777312235
33,1556971200,526,645,119,1171,18,-0.22116638409310943,-0.5636275088913345
33,1556985600,951,1171,220,2122,18,-0.025829964407298633,0.45128620157759824
33,1557000000,1161,1271,110,2432,18,-0.23857259970867672,0.7821203238124764
33,1557014400,1347,789,0,2136,18,-0.4513152350100548,0.4662270974204637
33,1557028800,645,101,0,746,18,-0.4513152350100548,-1.0171904184068934
33,1557043200,120,95,0,215,18,-0.4513152350100548,-1.5838772535898622
33,1557057600,404,525,121,929,18,-0.21729833617853891,-0.8218915656037233
33,1557072000,772,1153,381,1925,18,0.28554789271562747,0.24104645293156277
33,1557086400,1250,840,0,2090,18,-0.4513152350100548,0.4171355825081915
33,1557100800,865,269,0,1134,18,-0.4513152350100548,-0.6031141621903361
33,1557115200,219,42,0,261,18,-0.4513152350100548,-1.5347857386775898
33,1557129600,490,674,184,1164,18,-0.09545482686956783,-0.5710979568127673
33,1557144000,780,2353,1573,3133,18,2.590904449799652,1.5302323228016688
33,1557158400,877,759,0,1636,18,-0.4513152350100548,-0.06737632553901725
33,1557172800,1954,1082,0,3036,18,-0.4513152350100548,1.4267132587475295
33,1557187200,1018,398,0,1416,19,-0.4553030694513842,0.0025636079118656952
33,1557201600,280,51,0,331,19,-0.4553030694513842,-1.1056961092997653
33,1557216000,569,735,166,1304,19,-0.06464777544353799,-0.11183739515514136
33,1557226541,694,866,172,1560,19,-0.0505277045757845,0.1496506118551605
33,1557227136,31,31,0,62,19,-0.4553030694513842,-1.380462804166059
33,1557230400,450,2357,1907,2807,19,4.032526121349596,1.423383208502998
33,1557244800,989,697,0,1686,19,-0.4553030694513842,0.27835174030554344
33,1557259200,1921,1205,0,3126,19,-0.4553030694513842,1.7492217797384912
33,1557273600,1248,420,0,1668,19,-0.4553030694513842,0.25996586481263156
33,1557288000,252,59,0,311,19,-0.4553030694513842,-1.126124859847445
33,1557302400,501,703,202,1204,19,0.02007264976298289,-0.21398114789354053
33,1557306566,94,1133,1039,1227,19,1.9898225358145931,-0.1904880847637087
33,1557316800,796,1253,457,2049,19,0.6201756616425057,0.6491335627459324
33,1557331200,962,898,0,1860,19,-0.4553030694513842,0.45608187007035794
33,1557345600,2014,1106,0,3120,19,-0.4553030694513842,1.7430931545741875
33,1557360000,1321,446,0,1767,19,-0.4553030694513842,0.36108818002364673
33,1557374400,293,71,0,364,19,-0.4553030694513842,-1.0719886708960935
33,1557388800,539,693,154,1232,19,-0.09288791717904495,-0.18538089712678876
33,1557403200,814,2311,1497,3125,19,3.0676546120531087,1.7482003422111072
33,1557417600,938,779,0,1717,19,-0.4553030694513842,0.31001630365444716
33,1557432000,1899,1292,0,3191,19,-0.4553030694513842,1.8156152190184507
33,1557446400,1323,540,0,1863,19,-0.4553030694513842,0.45914618265250995
33,1557460800,252,63,0,315,19,-0.4553030694513842,-1.122039109737909
33,1557475200,516,585,69,1101,19,-0.2929222544722192,-0.31918921321409166
33,1557489600,803,2093,1290,2896,19,2.5805121671156135,1.5142911484401733
33,1557504000,1115,916,0,2031,19,-0.4553030694513842,0.6307476872530206
33,1557518400,1696,1439,0,3135,19,-0.4553030694513842,1.7584147174849472
33,1557532800,1287,618,0,1905,19,-0.4553030694513842,0.5020465588026376
33,1557547200,547,113,0,660,19,-0.4553030694513842,-0.769643162790432
33,1557561600,152,154,2,306,19,-0.4505963791621331,-1.131232047484365
33,1557576000,493,592,99,1085,19,-0.22232190013345182,-0.3355322136522355
33,1557590400,832,981,149,1813,19,-0.10465464290217284,0.4080743062833104
33,1557604800,1172,1175,3,2347,19,-0.4482430340175075,0.9535219459063619
33,1557619200,1248,622,0,1870,19,-0.4553030694513842,0.4662962453441979
33,1557633600,389,101,0,490,19,-0.4553030694513842,-0.9432875424457106
33,1557648000,124,109,0,233,19,-0.4553030694513842,-1.2057969869833964
33,1557662400,334,521,187,855,19,-0.015227527406400806,-0.5704628449505535
33,1557676800,666,1058,392,1724,19,0.4672082272418431,0.3171663663461351
33,1557691200,1036,706,0,1742,19,-0.4553030694513842,0.33555224183904697
33,1557705600,873,333,0,1206,19,-0.4553030694513842,-0.21193827283877253
33,1557720000,169,46,0,215,19,-0.4553030694513842,-1.2241828624763083
33,1557734400,369,678,309,1047,19,0.27188058023791994,-0.37434683969282717
33,1557736014,50,80,30,130,19,-0.38470271511261683,-1.3110050523039474
33,1557736095,5,4,0,9,19,-0.4553030694513842,-1.4345989931174106
33,1557736177,25,387,362,412,19,0.39660787290307564,-1.0229596695816618
33,1557736257,3,39,36,42,19,-0.37058264424486337,-1.4008915547137388
33,1557736340,142,171,29,313,19,-0.38705606025724243,-1.124081984792677
33,1557736420,6,14,8,20,19,-0.4364763082943796,-1.4233631803161866
33,1557748800,594,1902,1308,2496,19,2.622872379718874,1.1057161374865767
33,1557763200,823,754,0,1577,19,-0.4553030694513842,0.16701504982068835
33,1557777600,2126,997,0,3123,19,-0.4553030694513842,1.7461574671563393
33,1557792000,824,339,0,1163,20,-0.4565247706199991,0.03124282697690067
33,1557806400,244,58,0,302,20,-0.4565247706199991,-0.7802407208918358
33,1557820800,467,759,292,1226,20,0.48343004019979263,0.09061967194290578
33,1557835200,793,2463,1670,3256,20,4.919244181671275,2.0038735652919595
33,1557849600,947,834,0,1781,20,-0.4565247706199991,0.6137014014053318
33,1557864000,2183,1388,0,3571,20,-0.4565247706199991,2.300757790121985
33,1557878400,1240,391,0,1631,20,-0.4565247706199991,0.4723279610100815
33,1557892800,182,44,0,226,20,-0.4565247706199991,-0.851869930692096
33,1557906863,478,365,0,843,20,-0.4565247706199991,-0.2703538458662999
33,1557906956,159,278,119,437,20,-0.07346099497768668,-0.6530046245361106
33,1557907200,77,715,638,792,20,1.5972121105547514,-0.31842081560068497
33,1557909244,69,122,53,191,20,-0.2859165344095574,-0.8848570667843211
33,1557909325,2,3,1,5,20,-0.45330574729527373,-1.0601601328744314
33,1557909407,45,487,442,532,20,0.9662835389085898,-0.5634681122857854
33,1557909487,2,28,26,30,20,-0.3728301641771409,-1.0365978928085564
33,1557909568,4,27,23,31,20,-0.38248723415131686,-1.0356554032059213
33,1557909655,160,246,86,406,20,-0.17968876469362205,-0.6822218022177957
33,1557909735,8,13,5,21,20,-0.44042965399637246,-1.0450802992322714
33,1557911057,31,468,437,499,20,0.9501884222849631,-0.5945702691727405
33,1557921600,533,1347,814,1880,20,2.1637602157064064,0.707007872066197
33,1557936000,1061,926,0,1987,20,-0.4565247706199991,0.8078542595481422
33,1557950400,1961,1123,0,3084,20,-0.4565247706199991,1.841765353638739
33,1557964800,1273,406,0,1679,20,-0.4565247706199991,0.5175674619365616
33,1557979200,283,56,0,339,20,-0.4565247706199991,-0.7453686055943408
33,1557993600,521,672,151,1193,20,0.02954775141352337,0.05951751505595072
33,1557995246,21,322,301,343,20,0.5124012501223205,-0.7415986471838008
33,1557995311,150,169,19,319,20,-0.39536332745021807,-0.7642183976470408
33,1557995385,4,42,38,46,20,-0.3342018842804371,-1.0215180591663964
33,1557995468,69,98,29,167,20,-0.36317309420296495,-0.9074768172475611
33,1557995549,7,11,4,18,20,-0.4436486773210978,-1.0479077680401763
33,1557995672,50,68,18,118,20,-0.3985823507749434,-0.9536588077766762
33,1557995754,8,11,3,19,20,-0.4468677006458231,-1.0469652784375414
33,1558008000,2170,1945,0,4115,20,-0.4565247706199991,2.813472133955426
33,1558022400,1010,781,0,1791,20,-0.4565247706199991,0.6231262974316818
33,1558036800,1920,1370,0,3290,20,-0.4565247706199991,2.0359182117815493
33,1558051200,1348,508,0,1856,20,-0.4565247706199991,0.6843881216029569
33,1558065600,396,71,0,467,20,-0.4565247706199991,-0.6247299364570605
33,1558080000,509,602,93,1111,20,-0.15715560142054485,-0.01776663236011942
33,1558082678,68,554,486,622,20,1.1079205651965036,-0.4786440480486353
33,1558083136,14,131,117,145,20,-0.0798990416271373,-0.9282115885055311
33,1558083386,153,206,53,359,20,-0.2859165344095574,-0.7265188135416407
33,1558083466,6,4,0,10,20,-0.4565247706199991,-1.0554476848612564
33,1558083548,16,114,98,130,20,-0.14106048479691827,-0.9423489325450561
33,1558083629,3,31,28,34,20,-0.36639211752769024,-1.0328279343980162
33,1558083711,304,346,42,650,20,-0.32132579098153585,-0.45225433917485525
33,1558083792,10,14,4,24,20,-0.4436486773210978,-1.0422528304243663
33,1558094400,499,1299,800,1798,20,2.118693889160252,0.6297237246501268
33,1558108800,1012,913,0,1925,20,-0.4565247706199991,0.749419904184772
33,1558123200,1691,1373,0,3064,20,-0.4565247706199991,1.822915561586039
33,1558137600,1183,563,0,1746,20,-0.4565247706199991,0.5807142653131067
33,1558152000,486,82,0,568,20,-0.4565247706199991,-0.5295384865909254
33,1558166400,201,233,32,434,20,-0.353516024228789,-0.6558320933440156
33,1558180800,482,584,102,1066,20,-0.12818439149801703,-0.0601786644786945
33,1558195200,818,1137,319,1955,20,0.5703436699673762,0.7776945922638221
33,1558209600,1309,1390,81,2699,20,-0.1957838813172486,1.4789068566242634
33,1558224000,1347,787,0,2134,20,-0.4565247706199991,0.9464002311354874
33,1558238400,411,121,0,532,20,-0.4565247706199991,-0.5634681122857854
33,1558252800,104,106,2,210,20,-0.45008672397054844,-0.866949764334256
33,1558267200,375,501,126,876,20,-0.05092783170460948,-0.23925168897934485
33,1558281600,731,1053,322,1784,20,0.5800007399415521,0.6165288702132368
33,1558296000,1081,774,0,1855,20,-0.4565247706199991,0.6834456320003219
33,1558310400,825,469,0,1294,20,-0.4565247706199991,0.1547089649220859
33,1558324800,254,44,0,298,20,-0.4565247706199991,-0.7840106793023759
33,1558339200,478,635,157,1113,20,0.048861891361875257,-0.015881653154849417
33,1558353600,808,2279,1471,3087,20,4.278658540050937,1.8445928224466441
33,1558368000,866,728,0,1594,20,-0.4565247706199991,0.43745584571258644
33,1558382400,1940,989,0,2929,20,-0.4565247706199991,1.6956794652303138
33,1558396800,889,495,0,1384,21,-0.44577705525065453,0.10460475003871923
33,1558411200,264,53,0,317,21,-0.44577705525065453,-1.0451357315675203
33,1558425600,553,695,142,1248,21,-0.054197495891764105,-0.04194136570490642
33,1558428473,85,180,95,265,21,-0.18380481483449543,-1.101168069940083
33,1558428553,5,10,5,15,21,-0.43198904259717247,-1.3705543121158654
33,1558428635,52,750,698,802,21,1.4790295111754406,-0.5225264217465023
33,1558428715,3,43,40,46,21,-0.3354729540227981,-1.3371504180860685
33,1558428798,273,296,23,569,21,-0.3823521970446371,-0.7735943994543315
33,1558428878,6,12,6,18,21,-0.42923144006647607,-1.367321677209756
33,1558436789,269,405,136,674,21,-0.07074311107594257,-0.6604521777405029
33,1558440000,546,1654,1108,2200,21,2.6096465487609692,0.9838814445004731
33,1558454400,975,763,0,1738,21,-0.44577705525065453,0.4860556689596272
33,1558454823,29,23,0,52,21,-0.44577705525065453,-1.3306851482738498
33,1558468800,1932,1135,0,3067,21,-0.44577705525065453,1.9181129323660866
33,1558483200,1291,473,0,1764,21,-0.44577705525065453,0.5140718381459085
33,1558497600,278,55,0,333,21,-0.44577705525065453,-1.0278950120682702
33,1558512000,541,715,174,1256,21,0.03404578509052106,-0.03332100595528138
33,1558526400,837,2312,1475,3149,21,3.621686677526552,2.0064716197997434
33,1558540800,992,888,0,1880,21,-0.44577705525065453,0.6390670545154716
33,1558555200,2125,1247,0,3372,21,-0.44577705525065453,2.246764147820541
33,1558569600,1309,442,0,1751,21,-0.44577705525065453,0.5000637535527679
33,1558584000,277,53,0,330,21,-0.44577705525065453,-1.0311276469743795
33,1558598400,513,731,218,1244,21,0.15538029644116316,-0.04625154557971894
33,1558612800,827,2282,1455,3109,21,3.566534626912624,1.9633698210516182
33,1558627200,953,835,0,1788,21,-0.44577705525065453,0.5399329173947837
33,1558641600,1907,1194,0,3101,21,-0.44577705525065453,1.9547494613019931
33,1558656000,1282,440,0,1722,21,-0.44577705525065453,0.4688149494603771
33,1558670400,357,69,0,426,21,-0.44577705525065453,-0.9276833299788791
33,1558684800,489,562,73,1051,21,-0.24447207050981648,-0.254217724539423
33,1558687301,196,186,0,382,21,-0.44577705525065453,-0.9750953086018168
33,1558689017,114,151,37,265,21,-0.3437457616148873,-1.101168069940083
33,1558699200,452,1772,1320,2224,21,3.1942582852686083,1.0097425237493483
33,1558713600,1154,931,0,2085,21,-0.44577705525065453,0.8599637730996132
33,1558728000,1248,1178,0,2426,21,-0.44577705525065453,1.2274066074273804
33,1558742400,1237,745,0,1982,21,-0.44577705525065453,0.7489766413231909
33,1558756800,475,101,0,576,21,-0.44577705525065453,-0.7660515846734096
33,1558771200,137,153,16,290,21,-0.40165541475951194,-1.0742294457225048
33,1558785600,463,584,121,1047,21,-0.11210714903638874,-0.2585279044142355
33,1558800000,802,978,176,1780,21,0.03956099015191388,0.5313125576451586
33,1558814400,918,1239,321,2157,21,0.43941335710289353,0.9375470108462386
33,1558828800,1173,702,0,1875,21,-0.44577705525065453,0.633679329671956
33,1558843200,506,89,0,595,21,-0.44577705525065453,-0.7455782302680501
33,1558857600,103,83,0,186,21,-0.44577705525065453,-1.1862941224676302
33,1558872000,381,450,69,831,21,-0.2555024806326021,-0.49127761765411154
33,1558886400,630,967,337,1597,21,0.4835349975940361,0.3341218283724859
33,1558900800,923,1089,166,2012,21,0.011984964844949769,0.7813029903842847
33,1558915200,901,504,0,1405,21,-0.44577705525065453,0.12723319438148495
33,1558929600,326,57,0,383,21,-0.44577705525065453,-0.9740177636331137
33,1558944000,111,136,25,247,21,-0.3768369919832442,-1.1205638793767394
33,1558958400,387,420,33,807,21,-0.35477617173767295,-0.5171386969029866
33,1558972800,666,793,127,1459,21,-0.09556153385221028,0.18542062269145396
33,1558987200,814,824,10,1638,21,-0.4182010299436904,0.3783011720893142
33,1559001600,845,471,0,1316,22,-0.44941321008861873,-0.16469953225336448
33,1559016000,259,66,0,325,22,-0.44941321008861873,-1.085963331668703
33,1559030400,526,702,176,1228,22,-0.07298620247126289,-0.24650701393706756
33,1559044800,743,2256,1513,2999,22,2.786575781531037,1.3998685549474574
33,1559059200,908,908,0,1816,22,-0.44941321008861873,0.30011570458585773
33,1559073600,2007,1162,0,3169,22,-0.44941321008861873,1.557905735472793
33,1559088000,1153,383,0,1536,22,-0.44941321008861873,0.039819171955893296
33,1559102400,224,45,0,269,22,-0.44941321008861873,-1.1380226381946958
33,1559116800,541,679,138,1220,22,-0.15426021547955562,-0.25394405772649514
33,1559131200,769,2414,1645,3183,22,3.0688960372440537,1.5709205621042912
33,1559145600,915,954,39,1869,22,-0.36600040726431826,0.3493861196908153
33,1559160000,2254,1531,0,3785,22,-0.44941321008861873,2.1305581072587145
33,1559174400,1272,357,0,1629,22,-0.44941321008861873,0.12627480600798863
33,1559188800,260,47,0,307,22,-0.44941321008861873,-1.102696680194915
33,1559203200,544,699,155,1243,22,-0.11790078860742466,-0.2325625568318909
33,1559217600,822,2382,1560,3204,22,2.887098902883399,1.5904428020515384
33,1559232000,929,910,0,1839,22,-0.44941321008861873,0.32149720548046196
33,1559246400,2139,1426,0,3565,22,-0.44941321008861873,1.9260394030494568
33,1559260800,1211,361,0,1572,22,-0.44941321008861873,0.0732858690083173
33,1559275200,291,60,0,351,22,-0.44941321008861873,-1.0617929393530634
33,1559289600,488,592,104,1080,22,-0.22697906922381755,-0.38409232404147736
33,1559304000,778,2067,1289,2845,22,2.307486862745311,1.256705462000977
33,1559318400,1006,984,0,1990,22,-0.44941321008861873,0.46187140700590706
33,1559332800,1678,1317,0,2995,22,-0.44941321008861873,1.3961500330527437
33,1559347200,1381,790,0,2171,22,-0.44941321008861873,0.6301345227417054
33,1559361600,492,108,0,600,22,-0.44941321008861873,-0.8303149514071306
33,1559376000,156,144,0,300,22,-0.44941321008861873,-1.109204093510664
33,1559390400,460,601,141,1061,22,-0.1478438460315325,-0.4017553030413678
33,1559404800,730,1072,342,1802,22,0.2820529069860159,0.2871008779543595
33,1559419200,1014,1202,188,2216,22,-0.047320724679170444,0.6719678940572354
33,1559433600,1126,594,0,1720,22,-0.44941321008861873,0.21087117911272707
33,1559448000,461,95,0,556,22,-0.44941321008861873,-0.8712186922489822
33,1559462400,114,99,0,213,22,-0.44941321008861873,-1.1900819447206885
33,1559476800,349,450,101,799,22,-0.23339543867184065,-0.6453184871451202
33,1559491200,676,973,297,1649,22,0.18580736526566924,0.14486741548155752
33,1559505600,1077,794,0,1871,22,-0.44941321008861873,0.3512453806381722
33,1559520000,838,385,0,1223,22,-0.44941321008861873,-0.2511551663054598
33,1559534400,213,48,0,261,22,-0.44941321008861873,-1.1454596819841232
33,1559548574,148,267,119,415,22,-0.194897221983702,-1.002296589037643
33,1559548655,4,1,0,5,22,-0.44941321008861873,-1.383445083245805
33,1559548736,67,677,610,744,22,0.8552485776760804,-0.6964481631974346
33,1559548800,465,369,0,834,22,-0.44941321008861873,-0.6127814205663746
33,1559548817,0,0,0,0,22,-0.44941321008861873,-1.3880932356141973
33,1559548899,3,5,2,8,22,-0.4451356304566033,-1.3806561918247697
33,1559548979,7,7,0,14,22,-0.44941321008861873,-1.375078408982699
33,1559563200,770,2437,1667,3207,22,3.115949413196223,1.5932316934725739
33,1559577600,950,755,0,1705,22,-0.44941321008861873,0.1969267220075504
33,1559592000,1891,1072,0,2963,22,-0.44941321008861873,1.3664018578950334
33,1559606400,971,448,0,1419,23,-0.4723694196082659,-0.21996555444252236
33,1559620800,267,70,0,337,23,-0.4723694196082659,-1.3295353908379033
33,1559635200,471,717,246,1188,23,0.03912783907919608,-0.45685153614985413
33,1559649600,785,2369,1584,3154,23,2.8211739046231963,1.5592430094631946
33,1559664000,926,858,0,1784,23,-0.4723694196082659,0.15433480626386767
33,1559678400,1935,1320,0,3255,23,-0.4723694196082659,1.6628165339326342
33,1559692800,1256,519,0,1775,23,-0.4723694196082659,0.14510548230124434
33,1559707200,305,58,0,363,23,-0.4723694196082659,-1.3028728993903247
33,1559721600,534,730,196,1264,23,-0.06483501837760514,-0.37891502268770166
33,1559726004,191,330,139,521,23,-0.18335267587835852,-1.140846989824271
33,1559736000,797,2516,1719,3313,23,3.1018736197565597,1.7222943994695399
33,1559750400,965,876,0,1841,23,-0.4723694196082659,0.212787191360482
33,1559764800,1863,1352,0,3215,23,-0.4723694196082659,1.621797316320975
33,1559779200,1312,403,0,1715,23,-0.4723694196082659,0.08357665588375558
33,1559793600,282,54,0,336,23,-0.4723694196082659,-1.3305608712781947
33,1559808000,507,707,200,1214,23,-0.05651798978106103,-0.43018904470227565
33,1559822400,831,2390,1559,3221,23,2.769192475894796,1.6279501989627239
33,1559836800,978,834,0,1812,23,-0.4723694196082659,0.1830482585920291
33,1559851200,1814,1240,0,3054,23,-0.4723694196082659,1.4566949654340466
33,1559865600,1442,468,0,1910,23,-0.4723694196082659,0.2835453417405941
33,1559880000,323,58,0,381,23,-0.4723694196082659,-1.284414251465078
33,1559894400,529,650,121,1179,23,-0.22077930456280695,-0.46608086011247746
33,1559908800,769,2058,1289,2827,23,2.207793045628069,1.2239109054878807
33,1559923200,1082,919,0,2001,23,-0.4723694196082659,0.37686406180711873
33,1559937600,1586,1288,0,2874,23,-0.4723694196082659,1.2721084861815803
33,1559952000,1273,564,0,1837,23,-0.4723694196082659,0.20868526959931608
33,1559966400,526,107,0,633,23,-0.4723694196082659,-1.0259931805116254
33,1559980800,144,159,15,303,23,-0.4411805623712255,-1.3644017258078136
33,1559995200,479,578,99,1057,23,-0.2665229618437995,-0.591189473828038
33,1560009600,818,1123,305,1941,23,0.16180401087822152,0.31533523538962993
33,1560024000,1064,1351,287,2415,23,0.12437738219377308,0.8014129640877913
33,1560038400,1132,731,0,1863,23,-0.4723694196082659,0.23534776104689456
33,1560052800,534,114,0,648,23,-0.4723694196082659,-1.010610973907253
33,1560067200,119,128,9,247,23,-0.45365610526604166,-1.4218286304641363
33,1560081600,388,495,107,883,23,-0.24988890465071129,-0.7696230704387554
33,1560096000,672,1012,340,1684,23,0.23457801109798235,0.051786762234719716
33,1560110400,1009,938,0,1947,23,-0.4723694196082659,0.32148811803137883
33,1560124800,867,565,0,1432,23,-0.4723694196082659,-0.20663430871873312
33,1560139200,270,64,0,334,23,-0.4723694196082659,-1.3326118321587777
33,1560153600,491,729,238,1220,23,0.022493781886107886,-0.4240361620605268
33,1560153775,5,15,10,20,23,-0.4515768481169056,-1.6546126904103022
33,1560168000,726,2259,1533,2985,23,2.715131790017259,1.3859368150539346
33,1560182400,831,824,0,1655,23,-0.4723694196082659,0.02204782946626681
33,1560196800,1907,910,0,2817,23,-0.4723694196082659,1.213656101084966
33,1560211200,768,300,0,1068,24,-0.5034687701568873,-0.6902786623541329
33,1560225600,214,57,0,271,24,-0.5034687701568873,-1.4830507153488932
33,1560240000,473,775,302,1248,24,0.0245475119218041,-0.5112335311884405
33,1560254400,769,2514,1745,3283,24,2.5474862372183327,1.5129711461570265
33,1560268800,910,897,0,1807,24,-0.5034687701568873,0.04480107059834878
33,1560283200,1786,1255,0,3041,24,-0.5034687701568873,1.2722549142564845
33,1560297600,1314,453,0,1767,24,-0.5034687701568873,0.005013263672639352
33,1560312000,280,80,0,360,24,-0.5034687701568873,-1.3945228449391898
33,1560326400,509,745,236,1254,24,-0.09084677489009535,-0.505265360149584
33,1560327486,91,98,7,189,24,-0.49122998216168584,-1.5646157195465975
33,1560340800,710,2198,1488,2908,24,2.0981478779659364,1.1399604562285008
33,1560355200,917,910,0,1827,24,-0.5034687701568873,0.06469497406120349
33,1560369600,1904,1197,0,3101,24,-0.5034687701568873,1.3319366246450488
33,1560384000,1282,508,0,1790,24,-0.5034687701568873,0.02789125265492227
33,1560398400,281,72,0,353,24,-0.5034687701568873,-1.401485711151189
33,1560412800,512,695,183,1207,24,-0.18351188399662066,-0.5520160332872927
33,1560427200,729,2488,1759,3217,24,2.5719638132087357,1.447321264729606
33,1560441600,883,768,0,1651,24,-0.5034687701568873,-0.11037137641191798
33,1560456000,1832,1199,0,3031,24,-0.5034687701568873,1.2623079625250573
33,1560470400,1176,410,0,1586,24,-0.5034687701568873,-0.17502656266619582
33,1560484800,302,69,0,371,24,-0.5034687701568873,-1.3835811980346195
33,1560499200,484,665,181,1149,24,-0.18700868056667821,-0.6097083533295713
33,1560513600,735,2033,1298,2768,24,1.7659522038104682,1.0007031319885178
33,1560528000,1044,948,0,1992,24,-0.5034687701568873,0.2288196776297549
33,1560542400,1504,1306,0,2810,24,-0.5034687701568873,1.0424803292605127
33,1561161600,9810,2375,0,12185,25,-0.3768931238140484,3.91515870229552
33,1561176000,501,105,0,606,25,-0.3768931238140484,-0.5266528868930754
33,1561190400,149,156,7,305,25,-0.35708147024685183,-0.6421192733120897
33,1561204800,526,511,0,1037,25,-0.3768931238140484,-0.36131729703727744
33,1561219200,814,1074,260,1888,25,0.3589682943961087,-0.03486581915494786
33,1561233600,1034,1157,123,2191,25,-0.02877406827616637,0.08136778577847854
33,1561248000,1177,686,0,1863,25,-0.3768931238140484,-0.04445605058509856
33,1561262400,508,116,0,624,25,-0.3768931238140484,-0.5197479202633669
33,1561276800,138,93,0,231,25,-0.3768931238140484,-0.6705063583453358
33,1561291200,421,368,0,789,25,-0.3768931238140484,-0.45645239282437233
33,1561305600,661,906,245,1567,25,0.31651475103783044,-0.15800439071808275
33,1561320000,979,850,0,1829,25,-0.3768931238140484,-0.0574987653301035
33,1561334400,890,496,0,1386,25,-0.3768931238140484,-0.22743766627237377
33,1561348800,222,57,0,279,25,-0.3768931238140484,-0.6520931139994465
33,1561363200,467,688,221,1155,25,0.24858908166458515,-0.3160514046869662
33,1561377600,733,2274,1541,3007,25,3.9845008971930747,0.3943929396585972
33,1561392000,902,813,0,1715,25,-0.3768931238140484,-0.10123022065159065
33,1561406400,1750,1213,0,2963,25,-0.3768931238140484,0.3775141323415319
33,1561420800,988,439,0,1427,26,-0.505203085747673,-0.30511067329131
33,1561435200,283,64,0,347,26,-0.505203085747673,-1.4699806455574345
33,1561449600,339,757,418,1096,26,0.3752163477828161,-0.662121748124724
33,1561464000,755,2380,1625,3135,26,2.917480118766788,1.5371096161814128
33,1561478400,947,744,0,1691,26,-0.505203085747673,-0.020364680070701774
33,1561492800,1793,1276,0,3069,26,-0.505203085747673,1.4659231178762608
33,1561507200,1262,467,0,1729,26,-0.505203085747673,0.020621485620143345
33,1561521600,314,57,0,371,26,-0.505203085747673,-1.4440946461737427
33,1561536000,545,724,179,1269,26,-0.1281813666042339,-0.4755268359006134
33,1561550400,825,2317,1492,3142,26,2.6373466626434507,1.5446596993349895
33,1561564800,952,983,31,1935,26,-0.43990882153847405,0.24280964699683005
33,1561579200,1769,1328,0,3097,26,-0.505203085747673,1.4961234504905676
33,1561593600,1347,551,0,1898,26,-0.505203085747673,0.20290206461363874
33,1561608000,301,73,0,374,26,-0.505203085747673,-1.4408588962507813
33,1561622400,527,743,216,1270,26,-0.050249502870673854,-0.47444825259295953
33,1561636800,819,2414,1595,3233,26,2.8542921211449825,1.642810780331487
33,1561651200,941,918,0,1859,26,-0.505203085747673,0.1608373156151398
33,1561665600,1744,1411,0,3155,26,-0.505203085747673,1.558681282334489
33,1561680000,1302,511,0,1813,26,-0.505203085747673,0.11122248346306414
33,1561694400,350,79,0,429,26,-0.505203085747673,-1.3815368143298212
33,1561708800,434,658,224,1092,26,-0.033399370171525736,-0.6664360813553394
33,1561723200,729,2063,1334,2792,26,2.304556541835275,1.167155541656153
33,1561737600,1090,981,0,2071,26,-0.505203085747673,0.3894969768377494
33,1561752000,1491,1476,0,2967,26,-0.505203085747673,1.3559076204955711
33,1561766400,1281,975,0,2256,26,-0.505203085747673,0.5890348887537059
33,1561780800,540,124,0,664,26,-0.505203085747673,-1.1280697370311739
33,1561795200,162,156,0,318,26,-0.505203085747673,-1.501259561479395
33,1561809600,477,520,43,997,26,-0.4146336224897519,-0.7689014955824521
33,1561824000,763,1218,455,1981,26,0.45314821151637613,0.29242447914890574
33,1561838400,1095,1271,176,2366,26,-0.13450016636641443,0.707679052595626
33,1561852800,1153,740,0,1893,26,-0.505203085747673,0.19750914807536965
33,1561867200,544,144,0,688,26,-0.505203085747673,-1.1021837376474821
33,1561881600,170,99,0,269,26,-0.505203085747673,-1.5541101435544322
33,1561896000,492,479,0,971,26,-0.505203085747673,-0.7969446615814514
33,1561910400,636,1104,468,1740,26,0.4805296771524918,0.032485902004335356
33,1561924800,833,1116,283,1949,26,0.09087035848469162,0.2579098133039835
33,1561939200,846,682,0,1528,26,-0.505203085747673,-0.19617375921827426
33,1561953600,345,105,0,450,26,-0.505203085747673,-1.358886564869091
33,1561968000,459,647,188,1106,26,-0.10922496731769225,-0.6513359150481859
33,1561982400,746,2093,1347,2839,26,2.331938007471391,1.2178489571158824
33,1561996800,886,858,0,1744,26,-0.505203085747673,0.03680023523495063
33,1562011200,1685,1110,0,2795,26,-0.505203085747673,1.1703912915791144
33,1562025600,993,533,0,1526,27,-0.3958816775948784,0.6508943075300655
33,1562040000,286,83,0,369,27,-0.3958816775948784,-0.6170221005108227
33,1562054400,422,682,260,1104,27,0.5972951626870096,0.18843905757911059
33,1562068800,755,2149,1394,2904,27,4.929074150685705,2.160996995758539
33,1562083200,960,831,0,1791,27,-0.3958816775948784,0.9412986706509258
33,1562097600,1661,1298,0,2959,27,-0.3958816775948784,2.2212695994251326
33,1562112000,1213,542,0,1755,27,-0.3958816775948784,0.9018475118873372
33,1562126400,344,68,0,412,27,-0.3958816775948784,-0.5698998830987586
33,1562140800,440,591,151,1031,27,0.1809248719534488,0.10844087453072267
33,1562155200,767,1800,1033,2567,27,3.5500863070635456,1.7916903151105017
33,1562169600,1119,972,0,2091,27,-0.3958816775948784,1.2700583270141639
33,1562184000,1409,1422,13,2831,27,-0.34622283558078404,2.0809988127101513
33,1562198400,1236,685,0,1921,27,-0.3958816775948784,1.083761188408329
33,1562212800,404,61,0,465,27,-0.3958816775948784,-0.5118190104745864
33,1562227200,115,149,34,264,27,-0.2660047061734008,-0.732087980237956
33,1562230205,65,29,0,94,27,-0.3958816775948784,-0.9183851188437909
33,1562230285,4,2,0,6,27,-0.3958816775948784,-1.0148212847103408
33,1562230366,3,1,0,4,27,-0.3958816775948784,-1.0170130157527624
33,1562230448,31,65,34,96,27,-0.2660047061734008,-0.9161933878013693
33,1562230528,3,1,0,4,27,-0.3958816775948784,-1.0170130157527624
33,1562230609,3,3,0,6,27,-0.3958816775948784,-1.0148212847103408
33,1562230691,63,72,9,135,27,-0.36150247927742846,-0.8734546324741483
33,1562230771,1,3,2,4,27,-0.3882418557465562,-1.0170130157527624
33,1562230852,2,2,0,4,27,-0.3958816775948784,-1.0170130157527624
33,1562230933,4,6,2,10,27,-0.3882418557465562,-1.0104378226254975
33,1562241600,324,354,30,678,27,-0.2812843498700452,-0.27839965445668746
33,1562256000,646,747,101,1393,27,-0.01007067425460657,0.5051441932090299
33,1562270400,870,765,0,1635,27,-0.3958816775948784,0.770343649342042
33,1562284800,713,1024,311,1737,27,0.792110619819226,0.8821219325055429
33,1562299200,342,118,0,460,27,-0.3958816775948784,-0.5172983380806405
33,1562313600,250,332,82,582,27,-0.08264898181366762,-0.38360274449292364
33,1562315547,51,63,12,114,27,-0.3500427465049451,-0.8964678084195751
33,1562315628,4,4,0,8,27,-0.3958816775948784,-1.012629553667919
33,1562315708,3,3,0,6,27,-0.3958816775948784,-1.0148212847103408
33,1562315789,22,175,153,197,27,0.18856469380177102,-0.8055109701590791
33,1562315869,1,17,16,18,27,-0.3347631028083007,-1.0016708984558111
33,1562315950,2,6,4,8,27,-0.380602033898234,-1.012629553667919
33,1562316036,111,106,0,217,27,-0.3958816775948784,-0.7835936597348633
33,1562316117,4,11,7,15,27,-0.36914230112575064,-1.0049584950194437
33,1562328000,454,562,108,1016,27,0.016668702214521183,0.09200289171256076
33,1562342400,911,1038,127,1949,27,0.08924700977358223,1.1144454230022312
33,1562356800,1099,1389,290,2488,27,0.7118924904118428,1.7051169389348488
33,1562371200,1127,817,0,1944,27,-0.3958816775948784,1.1089660953961773
33,1562385600,463,99,0,562,27,-0.3958816775948784,-0.4055200549171395
33,1562400000,126,106,0,232,27,-0.3958816775948784,-0.7671556769167014
33,1562414400,457,465,8,922,27,-0.3653223902015896,-0.011008467281253835
33,1562428800,676,1035,359,1711,27,0.9754663441789592,0.8536294289540622
33,1562443200,1053,1089,36,2142,27,-0.25836488432507854,1.3259474685959143
33,1562457600,1115,534,0,1649,27,-0.3958816775948784,0.7856857666389931
33,1562472000,434,90,0,524,27,-0.3958816775948784,-0.44716294472314966
33,1562486400,98,100,2,198,27,-0.3882418557465562,-0.8044151046378684
33,1562500800,380,422,42,802,27,-0.2354454187801119,-0.14251232982654907
33,1562515200,618,831,213,1449,27,0.41775934925143743,0.5665126623968344
33,1562529600,971,873,0,1844,27,-0.3958816775948784,0.9993795432750978
33,1562544000,897,557,0,1454,27,-0.3958816775948784,0.5719919900028884
33,1562558400,232,81,0,313,27,-0.3958816775948784,-0.6783905696986271
33,1562572800,452,711,259,1163,27,0.5934752517628484,0.2530951233305474
33,1562574657,52,114,62,166,27,-0.15904720029688976,-0.8394828013166138
33,1562574738,3,10,7,13,27,-0.36914230112575064,-1.0071502260618652
33,1562574819,24,472,448,496,27,1.3154384164292978,-0.4778471793170519
33,1562574900,2,38,36,40,27,-0.25836488432507854,-0.9775618569891737
33,1562574984,188,180,0,368,27,-0.3958816775948784,-0.6181179660320335
33,1562575065,8,4,0,12,27,-0.3958816775948784,-1.008246091583076
33,1562587200,546,1741,1195,2287,27,4.168911876777645,1.4848479691714793
33,1562601600,838,708,0,1546,27,-0.3958816775948784,0.6728116179542813
33,1562616000,1819,985,0,2804,27,-0.3958816775948784,2.05141044363746
33,1562630400,929,542,0,1471,28,-0.46379118671339764,0.1280784958063084
33,1562644800,253,58,0,311,28,-0.46379118671339764,-1.069332363932768
33,1562659200,450,732,282,1182,28,0.20141166559149898,-0.17024196838730635
33,1562673600,749,2303,1554,3052,28,3.201901127051884,1.7600669175713772
33,1562688000,885,818,0,1703,28,-0.46379118671339764,0.3675606677541237
33,1562702400,1732,1240,0,2972,28,-0.46379118671339764,1.6774868582790272
33,1562716800,1129,499,0,1628,28,-0.46379118671339764,0.2901418621675455
33,1562731200,262,47,0,309,28,-0.46379118671339764,-1.071396865415077
33,1562745600,537,700,163,1237,28,-0.07929450257971626,-0.11346817762381566
33,1562760000,795,2494,1699,3289,28,3.5439380546554657,2.0047103432249647
33,1562774400,940,1023,83,1963,28,-0.26800453160238197,0.6359458604542615
33,1562788800,1791,1150,0,2941,28,-0.46379118671339764,1.6454870853032415
33,1562803200,1221,439,0,1660,28,-0.46379118671339764,0.32317388588448553
33,1562817600,309,62,0,371,28,-0.46379118671339764,-1.0073973194635055
33,1562832000,403,689,286,1092,28,0.21084716704263226,-0.2631445350912002
33,1562846400,751,2331,1580,3082,28,3.26323188648425,1.7910344398060087
33,1562860800,959,892,0,1851,28,-0.46379118671339764,0.5203337774449714
33,1562875200,1855,1397,0,3252,28,-0.46379118671339764,1.9665170658022526
33,1562889600,1256,353,0,1609,28,-0.46379118671339764,0.2705290980856123
33,1562904000,294,55,0,349,28,-0.46379118671339764,-1.0301068357689018
33,1562918400,448,644,196,1092,28,-0.0014516156078666542,-0.2631445350912002
33,1562932800,753,1963,1210,2716,28,2.3904480022544212,1.413230668543507
33,1562947200,1155,936,0,2091,28,-0.46379118671339764,0.7680739553220217
33,1562961600,1489,1384,0,2873,28,-0.46379118671339764,1.575294034904744
33,1562976000,1250,606,0,1856,28,-0.46379118671339764,0.5254950311507433
33,1562990400,529,115,0,644,28,-0.46379118671339764,-0.7255928671283608
33,1563004800,145,159,14,304,28,-0.43076693163443114,-1.0765581191208486
33,1563019200,451,486,35,937,28,-0.3812305490159814,-0.42314339997012856
33,1563033600,692,953,261,1645,28,0.15187528297304922,0.3076901247671699
33,1563048000,809,1033,224,1842,28,0.06459689455006634,0.511043520774582
33,1563062400,814,812,0,1626,28,-0.46379118671339764,0.2880773606852367
33,1563076800,340,136,0,476,28,-0.46379118671339764,-0.899010991642296
33,1563091200,94,106,12,200,28,-0.43548468235999777,-1.1839121962009038
33,1563105600,372,443,71,815,28,-0.29631103595578184,-0.5490779903909625
33,1563120000,652,970,318,1622,28,0.28633117865169855,0.2839483577206192
33,1563134400,855,924,69,1779,28,-0.30102878668134847,0.4460117240818563
33,1563148800,796,466,0,1262,28,-0.46379118671339764,-0.08766190909495625
33,1563163200,218,55,0,273,28,-0.46379118671339764,-1.1085578920966344
33,1563177600,468,686,218,1154,28,0.05044364237336642,-0.1991449891396289
33,1563180651,129,189,60,318,28,-0.3222586649463984,-1.0621066087446875
33,1563180731,5,16,11,21,28,-0.4378435577227811,-1.3686850788675373
33,1563180814,51,835,784,886,28,1.3855670977087262,-0.4757881877690017
33,1563180894,2,22,20,24,28,-0.4166136794577312,-1.365588326644074
33,1563180984,262,343,81,605,28,-0.2727222823279486,-0.7658506460333815
33,1563181064,8,11,3,19,28,-0.45671456062504767,-1.370749580349846
33,1563181147,6,18,12,24,28,-0.43548468235999777,-1.365588326644074
33,1563192000,451,1429,978,1880,28,1.8431889180886907,0.5502690489384483
33,1563206400,840,817,0,1657,28,-0.46379118671339764,0.3200771336610224
33,1563213637,888,281,0,1169,28,-0.46379118671339764,-0.18366122802231324
33,1563214609,192,31,0,223,28,-0.46379118671339764,-1.1601704291543533
33,1563214690,13,6,0,19,28,-0.46379118671339764,-1.370749580349846
33,1563220800,1377,1287,0,2664,28,-0.46379118671339764,1.3595536300034794
33,1563235200,883,508,0,1391,29,-0.43802988313887514,0.2857361934716736
33,1563249600,261,68,0,329,29,-0.43802988313887514,-0.8471704767946808
33,1563264000,518,765,247,1283,29,0.2120682501603203,0.17052534564797656
33,1563278400,761,2433,1672,3194,29,3.962634403809525,2.2091172918617272
33,1563279747,73,62,0,135,29,-0.43802988313887514,-1.054123296033544
33,1563292800,850,782,0,1632,29,-0.43802988313887514,0.5428270668560347
33,1563295581,243,222,0,465,29,-0.43802988313887514,-0.7020901499055808
33,1563295661,11,6,0,17,29,-0.43802988313887514,-1.180001814952028
33,1563307200,1736,973,0,2709,29,-0.43802988313887514,1.6917352437645694
33,1563321600,1116,490,0,1606,29,-0.43802988313887514,0.5150911220095891
33,1563336000,295,53,0,348,29,-0.43802988313887514,-0.826901901714586
33,1563350400,526,707,181,1233,29,0.038357817780778194,0.11718699017404273
33,1563352685,103,136,33,239,29,-0.3511746669491041,-0.9431795166477618
33,1563352765,5,10,5,15,29,-0.4248700018980007,-1.1821353491709854
33,1563352848,37,585,548,622,29,1.0042931008609592,-0.5346077137174287
33,1563352929,0,28,28,28,29,-0.36433454818997846,-1.1682673767477625
33,1563353009,3,12,9,15,29,-0.4143420969053012,-1.1821353491709854
33,1563353092,232,215,0,447,29,-0.43802988313887514,-0.721291957876197
33,1563353172,11,14,3,25,29,-0.4301339543943505,-1.1714676780761986
33,1563364800,565,1766,1201,2331,29,2.722973590919156,1.2884972763816296
33,1563379200,878,985,107,1863,29,-0.15640842458416293,0.7892502691456089
33,1563393600,1777,1267,0,3044,29,-0.43802988313887514,2.049102225439926
33,1563408000,1311,464,0,1775,29,-0.43802988313887514,0.6953747635114854
33,1563422400,213,58,0,271,29,-0.43802988313887514,-0.9090429691444442
33,1563436800,414,694,280,1108,29,0.2989234663500913,-0.016158898510791837
33,1563451200,796,2330,1534,3126,29,3.5994216815613913,2.1365771284171773
33,1563465600,870,829,0,1699,29,-0.43802988313887514,0.614300463191106
33,1563480000,1701,1216,0,2917,29,-0.43802988313887514,1.9136228025361341
33,1563494400,1263,507,0,1770,29,-0.43802988313887514,0.690040927964092
33,1563508800,335,70,0,405,29,-0.43802988313887514,-0.7660961764743014
33,1563523200,473,616,143,1089,29,-0.06165727964986725,-0.03642747359088669
33,1563526179,119,162,43,281,29,-0.32485490446735527,-0.8983752980496573
33,1563526260,6,7,1,13,29,-0.43539790689070024,-1.1842688833899426
33,1563526342,38,687,649,725,29,1.2701227019266221,-0.42473070144112496
33,1563526423,4,30,26,34,29,-0.36959850068632827,-1.1618667740908903
33,1563526505,232,262,30,494,29,-0.3590705956936287,-0.6711539037306993
33,1563526586,4,7,3,11,29,-0.4301339543943505,-1.1864024176089
33,1563537600,554,1242,688,1796,29,1.3727697756054424,0.7177768728105376
33,1563546583,641,570,0,1211,29,-0.43802988313887514,0.09371811376551185
33,1563552000,793,819,26,1612,29,-0.36959850068632827,0.5214917246664611
33,1563566400,1307,1044,0,2351,29,-0.43802988313887514,1.309832618571203
33,1563580800,1158,548,0,1706,29,-0.43802988313887514,0.6217678329574567
33,1563595200,455,109,0,564,29,-0.43802988313887514,-0.5964802060671919
33,1563609600,110,127,17,237,29,-0.39328628691990214,-0.9453130508667191
33,1563624000,438,461,23,899,29,-0.3774944294308529,-0.23911322439183524
33,1563638400,621,886,265,1507,29,0.2594438226274681,0.4094811781712001
33,1563652800,836,1098,262,1934,29,0.2515478938829435,0.864990733918595
33,1563667200,1032,750,0,1782,29,-0.43802988313887514,0.7028421332778362
33,1563681600,495,84,0,579,29,-0.43802988313887514,-0.5804786994250117
33,1563696000,103,84,0,187,29,-0.43802988313887514,-0.998651406340653
33,1563698130,31,36,5,67,29,-0.4248700018980007,-1.1266634594780942
33,1563698203,3,3,0,6,29,-0.43802988313887514,-1.1917362531562934
33,1563710400,290,340,50,630,29,-0.3064310707301311,-0.5260735768415993
33,1563724800,570,732,162,1302,29,-0.011649730934544529,0.19079392072807141
33,1563739200,806,813,7,1619,29,-0.41960604940165097,0.5289590944328119
33,1563753600,779,457,0,1236,29,-0.43802988313887514,0.12038729150247876
33,1563768000,259,58,0,317,29,-0.43802988313887514,-0.859971682108425
33,1563782400,417,648,231,1065,29,0.1699566301895222,-0.06202988421837493
33,1563796800,688,2187,1499,2875,29,3.5073025128752704,1.8688185839380296
33,1563811200,682,856,174,1538,29,0.019933984043554034,0.44255095856503907
33,1563825600,1684,1119,0,2803,29,-0.43802988313887514,1.792011352055565
33,1563840000,850,300,0,1150,30,-0.4472692214187156,-0.5715726736443018
33,1563854400,227,70,0,297,30,-0.4472692214187156,-1.4898291712396476
33,1563868800,466,705,239,1171,30,0.058628400034084364,-0.5489661244655183
33,1563883200,759,2376,1617,3135,30,2.975477447573659,1.5652844749216557
33,1563897600,935,882,0,1817,30,-0.4472692214187156,0.14645438836753383
33,1563911729,1658,1250,0,2908,30,-0.4472692214187156,1.3209184433224253
33,1563912000,1741,660,0,2401,30,-0.4472692214187156,0.7751317560060825
33,1563926400,1130,470,0,1600,30,-0.4472692214187156,-0.08714661981322827
33,1563940800,326,146,0,472,30,-0.4472692214187156,-1.3014412614164523
33,1563955200,533,740,207,1273,30,-0.009106846352901404,-0.4391628855971417
33,1563969600,793,2405,1612,3198,30,2.9648938153256927,1.6331041224580058
33,1563984000,970,970,0,1940,30,-0.4472692214187156,0.2788641764146939
33,1563998400,1834,1241,0,3075,30,-0.4472692214187156,1.5006943344108459
33,1564012800,1349,521,0,1870,30,-0.4472692214187156,0.2035090124854158
33,1564027200,282,75,0,357,30,-0.4472692214187156,-1.4252390307288378
33,1564041600,447,674,227,1121,30,0.0332276826389647,-0.6027912415578598
33,1564056000,830,2322,1492,3152,30,2.710886641374496,1.5835850147330517
33,1564070400,1158,916,0,2074,30,-0.4472692214187156,0.4231154902221691
33,1564084800,1751,1236,0,2987,30,-0.4472692214187156,1.4059621283283248
33,1564099200,1308,526,0,1834,30,-0.4472692214187156,0.16475492817892995
33,1564113600,375,80,0,455,30,-0.4472692214187156,-1.3197418012278486
33,1564128000,430,539,109,969,30,-0.21654603841304532,-0.7664195975185779
33,1564142400,761,1992,1231,2753,30,2.1584210380306432,1.1540605803361665
33,1564156800,1084,890,0,1974,30,-0.4472692214187156,0.3154652560374861
33,1564171200,1471,1391,0,2862,30,-0.4472692214187156,1.271399335597471
33,1564185600,1387,731,0,2118,30,-0.4472692214187156,0.47048159326342964
33,1564200000,541,101,0,642,30,-0.4472692214187156,-1.1184358633024913
33,1564214400,185,138,0,323,30,-0.4472692214187156,-1.46184011035163
33,1564228800,530,557,27,1087,30,-0.39011760727969635,-0.639392321180652
33,1564243200,837,1069,232,1906,30,0.04381131488693123,0.2422630967919017
33,1564257600,1095,1254,159,2349,30,-0.11070971593338005,0.7191536342300473
33,1564272000,1049,700,0,1749,30,-0.4472692214187156,0.0732522291219494
33,1564286400,538,113,0,651,30,-0.4472692214187156,-1.1087473422258698
33,1564300800,108,89,0,197,30,-0.4472692214187156,-1.5974794054243306
33,1564315200,347,346,0,693,30,-0.4472692214187156,-1.063534243868303
33,1564329600,670,854,184,1524,30,-0.05779155469354743,-0.16896079779358733
33,1564344000,1000,937,0,1937,30,-0.4472692214187156,0.27563466938915343
33,1564358400,860,512,0,1372,30,-0.4472692214187156,-0.3325891537543055
33,1564372800,232,50,0,282,30,-0.4472692214187156,-1.5059767063673501
33,1564387200,447,708,261,1155,30,0.10519638192513708,-0.5661901619350675
33,1564401600,785,2274,1489,3059,30,2.704536462025716,1.4834702969412965
33,1564416000,888,717,0,1605,30,-0.4472692214187156,-0.08176410810399412
33,1564430400,1764,1023,0,2787,30,-0.4472692214187156,1.1906616599589588
33,1564444800,1019,474,0,1493,31,-0.5417923586629335,0.07819071251030171
33,1564459200,248,54,0,302,31,-0.5417923586629335,-1.1108040554439207
33,1564473600,472,749,277,1221,31,0.16450352471927543,-0.19335133357160297
33,1564475943,117,137,20,254,31,-0.4907962659999581,-1.1587232400466096
33,1564476024,3,7,4,10,31,-0.5315931401303384,-1.4023124284436124
33,1564476106,36,611,575,647,31,0.9243453053976084,-0.766384916112093
33,1564476186,2,18,16,20,31,-0.5009954845325532,-1.392329264984719
33,1564476268,232,230,0,462,31,-0.5417923586629335,-0.9510734401016238
33,1564476349,9,10,1,19,31,-0.5392425540297847,-1.3933275813306083
33,1564488000,617,1786,1169,2403,31,2.438929257487977,0.9866585872696152
33,1564502400,861,978,117,1839,31,-0.24346521658452755,0.4236081681880187
33,1564516800,1749,1225,0,2974,31,-0.5417923586629335,1.5566972207724372
33,1564531200,1122,456,0,1578,31,-0.5417923586629335,0.16304760191089693
33,1564545600,305,49,0,354,31,-0.5417923586629335,-1.0588916054576742
33,1564559167,421,280,0,701,31,-0.5417923586629335,-0.7124758334340678
33,1564560000,177,719,542,896,31,0.8402017525036991,-0.5178041459856435
33,1564574400,818,2361,1543,3179,31,3.3925561902856165,1.761352071679755
33,1564588800,894,949,55,1843,31,-0.40155310383975124,0.4276014335715761
33,1564603200,1836,1254,0,3090,31,-0.5417923586629335,1.6725019168956023
33,1564617600,1159,361,0,1520,31,-0.5417923586629335,0.10514525384931431
33,1564632000,284,60,0,344,31,-0.5417923586629335,-1.0688747689165676
33,1564646400,445,692,247,1137,31,0.08800938572481237,-0.27720990662630884
33,1564660800,802,1303,501,2105,31,0.7356597625445995,0.6891603161945873
33,1564675200,966,906,0,1872,31,-0.5417923586629335,0.45655260760236743
33,1564689600,1651,1363,0,3014,31,-0.5417923586629335,1.5966298746080114
33,1564704000,1199,535,0,1734,31,-0.5417923586629335,0.3187849518696364
33,1564718400,370,78,0,448,31,-0.5417923586629335,-0.9650498689440747
33,1564732800,368,591,223,959,31,0.026814074529241925,-0.4549102161946141
33,1564747200,724,1872,1148,2596,31,2.385383360191853,1.1793336420262608
33,1564761600,1087,915,0,2002,31,-0.5417923586629335,0.5863337325679836
33,1564776000,1345,1494,149,2839,31,-0.16187146832376695,1.4219245140773742
33,1565395200,9842,2136,0,11978,32,-0.42569131509071195,3.9320675354379344
33,1565409600,444,105,0,549,32,-0.42569131509071195,-0.5263243907804718
33,1565424000,139,133,0,272,32,-0.42569131509071195,-0.6343806129838577
33,1565438400,500,489,0,989,32,-0.42569131509071195,-0.35468273818303553
33,1565452800,698,975,277,1673,32,0.47826818109424957,-0.087857987327021
33,1565467200,968,1174,206,2142,32,0.24656737160279732,0.09509641055524626
33,1565481600,1037,827,0,1864,32,-0.42569131509071195,-0.013349906313133911
33,1565496000,437,79,0,516,32,-0.42569131509071195,-0.5391975147252795
33,1565510400,130,79,0,209,32,-0.42569131509071195,-0.6589565768784907
33,1565524800,387,426,39,813,32,-0.29841903945456216,-0.42333939922201
33,1565539200,654,925,271,1579,32,0.4586878309963804,-0.1245268858364733
33,1565553600,888,897,9,1785,32,-0.3963207899439082,-0.0441673848476736
33,1565568000,803,516,0,1319,32,-0.42569131509071195,-0.22595149873495834
33,1565582400,253,60,0,313,32,-0.42569131509071195,-0.6183867317190966
33,1565596800,411,633,222,1044,32,0.29878163853044853,-0.333227531608356
33,1565611200,689,2013,1324,2702,32,3.8950392731724257,0.3135494229519833
33,1565625600,793,783,0,1576,32,-0.42569131509071195,-0.12569716983145582
33,1565640000,1745,1100,0,2845,32,-0.42569131509071195,0.36933296004615007
33,1565654400,935,471,0,1406,33,-0.4370850076826645,0.03409087024644754
33,1565668800,264,58,0,322,33,-0.4370850076826645,-1.1390679661709853
33,1565682528,74,539,465,613,33,0.6342165065068845,-0.8241332600847555
33,1565683200,408,292,0,700,33,-0.4370850076826645,-0.7299775232136148
33,1565697600,795,2213,1418,3008,33,2.829808642039444,1.767855128494351
33,1565712000,796,760,0,1556,33,-0.4370850076826645,0.19642834761048342
33,1565726400,1751,1117,0,2868,33,-0.4370850076826645,1.6163401496212506
33,1565740800,991,409,0,1400,33,-0.4370850076826645,0.0275973711518861
33,1565755200,264,48,0,312,33,-0.4370850076826645,-1.1498904646619208
33,1565769600,422,650,228,1072,33,0.08819831540382406,-0.3273805793508057
33,1565772663,251,266,15,517,33,-0.4025268943217113,-0.9280292455977385
33,1565784000,588,2225,1637,2813,33,3.334357097109361,1.5568164079211042
33,1565798400,888,909,21,1797,33,-0.38870364897733006,0.45725056124203445
33,1565812800,1670,1191,0,2861,33,-0.4370850076826645,1.6087644006775956
33,1565827200,1137,451,0,1588,33,-0.4370850076826645,0.23106034278147775
33,1565841600,225,52,0,277,33,-0.4370850076826645,-1.187769209380196
33,1565856000,468,615,147,1083,33,-0.0984154967453232,-0.3154758310107764
33,1565870400,817,2232,1415,3049,33,2.822897019367254,1.8122273723071873
33,1565884800,834,842,8,1676,33,-0.41865401389015616,0.3262983295017121
33,1565899200,1639,1270,0,2909,33,-0.4370850076826645,1.660712393434087
33,1565913600,1148,506,0,1654,33,-0.4370850076826645,0.30248883282165356
33,1565928000,314,71,0,385,33,-0.4370850076826645,-1.07088622567809
33,1565941877,145,220,75,365,33,-0.26429444087789855,-1.0925312226599615
33,1565942400,454,497,43,951,33,-0.33801841604793204,-0.458332811091128
33,1565943389,15,136,121,151,33,-0.1583162265709754,-1.324132690365986
33,1565956800,672,1742,1070,2414,33,2.0280604120653303,1.1249987181327687
33,1565971200,986,913,0,1899,33,-0.4370850076826645,0.5676400458495788
33,1565985600,1311,1603,292,2914,33,0.23564626574389103,1.666123642679555
33,1566000000,1109,857,0,1966,33,-0.4370850076826645,0.6401507857388482
33,1566014400,340,124,0,464,33,-0.4370850076826645,-0.9853884875996979
33,1566028800,138,153,15,291,33,-0.4025268943217113,-1.172617711492886
33,1566043200,498,362,0,860,33,-0.4370850076826645,-0.5568175473586431
33,1566057600,627,620,0,1247,33,-0.4370850076826645,-0.1379868557594305
33,1566072000,802,693,0,1495,33,-0.4370850076826645,0.1304111068157755
33,1566086400,820,476,0,1296,33,-0.4370850076826645,-0.08495661315384545
33,1566100800,434,102,0,536,33,-0.4370850076826645,-0.9074664984649606
33,1566115200,109,106,0,215,33,-0.4370850076826645,-1.2548687000239975
33,1566129600,313,266,0,579,33,-0.4370850076826645,-0.860929754953937
33,1566144000,510,484,0,994,33,-0.4370850076826645,-0.4117960675801044
33,1566158400,694,494,0,1188,33,-0.4370850076826645,-0.2018395968559513
33,1566172800,675,251,0,926,33,-0.4370850076826645,-0.4853890573184673
33,1566187200,174,39,0,213,33,-0.4370850076826645,-1.2570331997221846
33,1566201600,398,618,220,1016,33,0.06976732161131569,-0.3879865709000458
33,1566216000,708,2131,1423,2839,33,2.841328013159762,1.584954903997537
33,1566230400,767,881,114,1648,33,-0.17444334613942022,0.2959953337270921
33,1566244800,1671,1223,0,2894,33,-0.4370850076826645,1.6444786456976836
33,1566259200,848,467,0,1315,34,-0.4226552400112273,0.036398253435668
33,1566273600,238,64,0,302,34,-0.4226552400112273,-1.1165845967636263
33,1566288000,401,614,213,1015,34,0.08836973324738057,-0.30505767456017435
33,1566291420,232,265,33,497,34,-0.3434823568303162,-0.8946382435663288
33,1566302400,529,2217,1688,2746,34,3.6271576936062844,1.665143029975836
33,1566310118,393,399,6,792,34,-0.4082601703419707,-0.5588732477037505
33,1566316800,564,630,66,1194,34,-0.2643094736494051,-0.10132230418932174
33,1566331200,1628,1177,0,2805,34,-0.4226552400112273,1.7322960291483516
33,1566345600,1039,456,0,1495,34,-0.4226552400112273,0.2412718102331734
33,1566360000,260,66,0,326,34,-0.4226552400112273,-1.0892681225239589
33,1566374400,411,679,268,1090,34,0.22032453854889902,-0.21969369256121377
33,1566375523,77,68,0,145,34,-0.4226552400112273,-1.295279865748117
33,1566375607,24,225,201,249,34,0.05957959390886745,-1.176908477376225
33,1566377107,26,401,375,427,34,0.47703661431730765,-0.9743112934320253
33,1566377191,140,147,7,287,34,-0.4058609920637613,-1.1336573931634184
33,1566388800,561,1540,979,2101,34,1.9261402943558013,0.9310127847847749
33,1566403200,895,841,0,1736,34,-0.4226552400112273,0.5155747390565001
33,1566417600,1780,1127,0,2907,34,-0.4226552400112273,1.848391044666938
33,1566432000,1071,377,0,1448,34,-0.4226552400112273,0.18777704818049143
33,1566446400,241,59,0,300,34,-0.4226552400112273,-1.1188609696169318
33,1566460800,473,628,155,1101,34,-0.05078260688876617,-0.20717364186803286
33,1566475200,797,2053,1256,2850,34,2.590712677419812,1.783514418347728
33,1566489600,804,839,35,1643,34,-0.33868400027389733,0.40972340137778895
33,1566504000,1719,1178,0,2897,34,-0.4226552400112273,1.8370091804004098
33,1566518400,1150,454,0,1604,34,-0.4226552400112273,0.36533413073832943
33,1566532800,261,73,0,334,34,-0.4226552400112273,-1.0801626311107364
33,1566547200,402,516,114,918,34,-0.14914891629535265,-0.41546175794549667
33,1566561600,634,1816,1182,2450,34,2.4131734848323148,1.3282398476866049
33,1566576000,989,795,0,1784,34,-0.4226552400112273,0.5702076875358348
33,1566590400,1338,1235,0,2573,34,-0.4226552400112273,1.4682367781649002
33,1566604800,1083,624,0,1707,34,-0.4226552400112273,0.48256733268356866
33,1566619200,432,81,0,513,34,-0.4226552400112273,-0.8764272607398839
33,1566633600,125,126,1,251,34,-0.4202560617330178,-1.1746321045229196
33,1566648000,411,336,0,747,34,-0.4226552400112273,-0.6100916369031268
33,1566662400,611,632,21,1243,34,-0.3722724961688293,-0.04555116928333416
33,1566676800,827,696,0,1523,34,-0.4226552400112273,0.273141030179452
33,1566691200,842,476,0,1318,34,-0.4226552400112273,0.03981281271562643
33,1566705600,380,54,0,434,34,-0.4226552400112273,-0.9663439884454557
33,1566720000,90,83,0,173,34,-0.4226552400112273,-1.2634106458018386
33,1566734400,319,263,0,582,34,-0.4226552400112273,-0.7978923973008402
33,1566748800,510,513,3,1023,34,-0.41545770517659897,-0.2959521831469519
33,1566763200,711,458,0,1169,34,-0.4226552400112273,-0.12977696485564194
33,1566777600,636,297,0,933,34,-0.4226552400112273,-0.3983889615457046
33,1566792000,178,28,0,206,34,-0.4226552400112273,-1.2258504937222958
33,1566806400,403,627,224,1030,34,0.11476069430768425,-0.2879848781603822
33,1566820800,673,2302,1629,2975,34,3.4856061751919283,1.9257877216793289
33,1566835200,797,779,0,1576,34,-0.4226552400112273,0.3334649107920508
33,1566849600,1795,1056,0,2851,34,-0.4226552400112273,1.7846526047743807
33,1566864000,825,463,0,1288,35,-0.45187876418465617,-0.1567520724723312
33,1566878400,206,98,0,304,35,-0.45187876418465617,-1.379755593547751
33,1566892800,464,652,188,1116,35,0.07252375227654975,-0.37052911070909156
33,1566907200,732,2095,1363,2827,35,3.350039480159087,1.756055263843798
33,1566921600,844,795,0,1639,35,-0.45187876418465617,0.2795022323015228
33,1566936000,1732,1016,0,2748,35,-0.45187876418465617,1.6578669730257511
33,1566950400,1001,491,0,1492,35,-0.45187876418465617,0.09679743799452414
33,1566964800,275,80,0,355,35,-0.45187876418465617,-1.3163682159310373
33,1566979200,475,604,129,1079,35,-0.092049377889467,-0.41651603172513885
33,1566993600,794,2212,1418,3006,35,3.503455109974865,1.9785325303808916
33,1567008000,756,1093,337,1849,35,0.48814064032293103,0.540509081311521
33,1567022400,1669,975,0,2644,35,-0.45187876418465617,1.5286064382779425
33,1567036800,956,417,0,1373,35,-0.45187876418465617,-0.051106443111141465
33,1567051200,189,103,0,292,35,-0.45187876418465617,-1.3946702706340366
33,1567065600,460,612,152,1072,35,-0.02789375087559606,-0.42521626002547214
33,1567080000,747,2029,1282,2776,35,3.1241000980667586,1.6926678862270843
33,1567094400,846,741,0,1587,35,-0.45187876418465617,0.21487196492761854
33,1567108800,1537,1175,0,2712,35,-0.45187876418465617,1.6131229417668942
33,1567123200,1060,589,0,1649,35,-0.45187876418465617,0.2919311298734275
33,1567137600,339,103,0,442,35,-0.45187876418465617,-1.2082368070554665
33,1567152000,417,486,69,903,35,-0.25941188314304336,-0.6352646289906612
33,1567166400,713,1473,760,2186,35,1.6680463023606444,0.9593629294847085
33,1567180800,976,825,0,1801,35,-0.45187876418465617,0.48085037296637856
33,1567195200,1187,1245,58,2432,35,-0.290095009106199,1.2651138097535635
33,1567209600,1020,582,0,1602,35,-0.45187876418465617,0.23351531128547556
33,1567224000,460,146,0,606,35,-0.45187876418465617,-1.0044028868762298
33,1567238400,139,124,0,263,35,-0.45187876418465617,-1.4307140735925603
33,1567252800,498,470,0,968,35,-0.45187876418465617,-0.5544767947732807
33,1567267200,695,913,218,1608,35,0.15620500490333794,0.24097264982861835
33,1567281600,918,1215,297,2133,35,0.37656563682054683,0.8934897723536137
33,1567296000,991,832,0,1823,35,-0.45187876418465617,0.5081939476245688
33,1567310400,452,109,0,561,35,-0.45187876418465617,-1.0603329259498009
33,1567324800,121,85,0,206,35,-0.45187876418465617,-1.5015587897524167
33,1567339200,445,413,0,858,35,-0.45187876418465617,-0.6911946680642321
33,1567353600,684,854,170,1538,35,0.022315000700476848,0.15397036682528564
33,1567368000,917,1049,132,1966,35,-0.08368125262678817,0.6859271829028056
33,1567382400,978,653,0,1631,35,-0.45187876418465617,0.2695591142439991
33,1567396800,389,90,0,479,35,-0.45187876418465617,-1.1622498860394193
33,1567411200,113,115,2,228,35,-0.44630001400953695,-1.4742152150942265
33,1567425600,341,398,57,739,35,-0.2928843841937586,-0.8390985491698978
33,1567440000,556,725,169,1281,35,0.019525625612917243,-0.16545230077266446
33,1567454400,664,667,3,1331,35,-0.44351063892197734,-0.10330781291314109
33,1567468800,633,445,0,1078,36,-0.45457192911961974,-0.5372370381318314
33,1567483200,175,73,0,248,36,-0.45457192911961974,-1.4660251332159242
33,1567497600,399,677,278,1076,36,0.13732969287220362,-0.5394750817344437
33,1567512000,719,2122,1403,2841,36,2.532615033666453,1.435598397570886
33,1567526400,804,681,0,1485,36,-0.45457192911961974,-0.08179516500023419
33,1567540800,1700,1070,0,2770,36,-0.45457192911961974,1.3561478496781503
33,1567555200,935,406,0,1341,36,-0.45457192911961974,-0.24293430438831773
33,1567569600,241,93,0,334,36,-0.45457192911961974,-1.3697892583035964
33,1567584000,388,693,305,1081,36,0.1948165410512656,-0.533879972727913
33,1567598400,725,2210,1485,2935,36,2.7072047207287895,1.5407864468936627
33,1567612800,847,770,0,1617,36,-0.45457192911961974,0.06591571277217574
33,1567627200,1787,990,0,2777,36,-0.45457192911961974,1.3639810022872931
33,1567641600,1032,391,0,1423,36,-0.45457192911961974,-0.1511745166812146
33,1567656000,227,106,0,333,36,-0.45457192911961974,-1.3709082801049026
33,1567670400,505,659,154,1164,36,-0.12668398024645142,-0.4410011632195038
33,1567684800,789,2287,1498,3076,36,2.734883573555745,1.6985685208778278
33,1567699200,927,711,0,1638,36,-0.45457192911961974,0.08941517059960459
33,1567713600,1778,1207,0,2985,36,-0.45457192911961974,1.5967375369589694
33,1567728000,1202,389,0,1591,36,-0.45457192911961974,0.036821145938216206
33,1567742400,352,79,0,431,36,-0.45457192911961974,-1.2612441435769013
33,1567756800,483,591,108,1074,36,-0.22462453640337182,-0.541713125337056
33,1567771200,692,2060,1368,2752,36,2.4580950452861874,1.3360054572546398
33,1567785600,978,791,0,1769,36,-0.45457192911961974,0.23600702657070838
33,1567800000,1583,1356,0,2939,36,-0.45457192911961974,1.5452625340988873
33,1567814400,1151,457,0,1608,36,-0.45457192911961974,0.05584451656042051
33,1567828800,499,87,0,586,36,-0.45457192911961974,-1.0877957643744502
33,1567843200,128,174,46,302,36,-0.35663137296269937,-1.4055979559453928
33,1567857600,507,639,132,1146,36,-0.17352511579976118,-0.4611435556430142
33,1567872000,832,940,108,1772,36,-0.22462453640337182,0.23936409197462677
33,1567886400,1087,1220,133,2307,36,-0.17139597327461073,0.8380407556734094
33,1567900800,1167,629,0,1796,36,-0.45457192911961974,0.266220615205974
33,1567915200,545,85,0,630,36,-0.45457192911961974,-1.0385588051169803
33,1567929600,130,111,0,241,36,-0.45457192911961974,-1.473858285825067
33,1567944000,382,422,40,804,36,-0.369406228113602,-0.8438490116897126
33,1567958400,725,800,75,1525,36,-0.2948862397333365,-0.03703429294798875
33,1567972800,963,888,0,1851,36,-0.45457192911961974,0.3277668142778115
33,1567987200,855,439,0,1294,36,-0.45457192911961974,-0.2955283290497061
33,1568001600,219,47,0,266,36,-0.45457192911961974,-1.4458827407924137
33,1568016000,484,713,229,1197,36,0.03300170913983188,-0.4040734437764013
33,1568030400,651,2256,1605,2907,36,2.9627018237468428,1.5094538364570909
33,1568044800,849,672,0,1521,36,-0.45457192911961974,-0.041510380153213296
33,1568059200,1903,1026,0,2929,36,-0.45457192911961974,1.5340723160858258
33,1568073600,868,439,0,1307,37,-0.4641907395905839,-0.2954171065491522
33,1568088000,229,55,0,284,37,-0.4641907395905839,-1.3812378869628104
33,1568102400,563,747,184,1310,37,-0.06077717064938226,-0.2922328813866488
33,1568116800,825,2460,1635,3285,37,3.120489614859767,1.8040486839280871
33,1568131200,906,711,0,1617,37,-0.4641907395905839,0.03361949357619873
33,1568145600,1787,1211,0,2998,37,-0.4641907395905839,1.4994244767152622
33,1568160000,1007,396,0,1403,37,-0.4641907395905839,-0.19352190134904354
33,1568174400,225,60,0,285,37,-0.4641907395905839,-1.3801764785753092
33,1568188800,531,782,251,1313,37,0.08611798760638137,-0.28904865622414544
33,1568190545,28,383,355,411,37,0.31413435266010403,-1.2464390217501666
33,1568203200,780,1944,1164,2724,37,2.087838576972235,1.208598578539952
33,1568217600,891,778,0,1669,37,-0.4641907395905839,0.0888127297262576
33,1568232000,2025,1002,0,3027,37,-0.4641907395905839,1.530205319952795
33,1568246400,1261,450,0,1711,37,-0.4641907395905839,0.13339188200130514
33,1568260800,246,76,0,322,37,-0.4641907395905839,-1.3409043682377675
33,1568275200,551,743,192,1294,37,-0.043237450260634365,-0.30921541558666693
33,1568289600,876,2384,1508,3260,37,2.8420465536883945,1.777513474240559
33,1568304000,936,755,0,1691,37,-0.4641907395905839,0.1121637142512825
33,1568318400,1894,1271,0,3165,37,-0.4641907395905839,1.6766796774279513
33,1568332800,1185,378,0,1563,37,-0.4641907395905839,-0.023696559348862407
33,1568347200,266,66,0,332,37,-0.4641907395905839,-1.330290284362756
33,1568361600,515,659,144,1174,37,-0.14847577259312175,-0.4365844220868028
33,1568376000,740,2114,1374,2854,37,2.5482562371768673,1.3465816689150991
33,1568390400,993,879,0,1872,37,-0.4641907395905839,0.30427863238898745
33,1568404800,1664,1289,0,2953,37,-0.4641907395905839,1.4516610992777113
33,1568419200,1313,601,0,1914,37,-0.4641907395905839,0.348857784664035
33,1568433600,461,88,0,549,37,-0.4641907395905839,-1.0999646642750105
33,1568448000,150,151,1,301,37,-0.4619982745419904,-1.3631939443752912
33,1568462400,443,514,71,957,37,-0.3085257211404463,-0.6669100421745485
33,1568476800,835,986,151,1821,37,-0.13312851725296734,0.2501468046264297
33,1568491200,1023,1191,168,2214,37,-0.09585661142687806,0.6672803009143746
33,1568505600,1090,645,0,1735,37,-0.4641907395905839,0.15886568330133233
33,1568520000,488,81,0,569,37,-0.4641907395905839,-1.0787364965249877
33,1568534400,117,117,0,234,37,-0.4641907395905839,-1.434308306337867
33,1568548800,335,409,74,744,37,-0.3019483259946658,-0.8929900287122896
33,1568563200,683,822,139,1505,37,-0.15943809783608917,-0.08525824582392807
33,1568577600,973,863,0,1836,37,-0.4641907395905839,0.26606793043894666
33,1568592000,843,390,0,1233,37,-0.4641907395905839,-0.37396132722423603
33,1568606400,222,45,0,267,37,-0.4641907395905839,-1.3992818295503298
33,1568620800,524,704,180,1228,37,-0.06954703084375621,-0.37926836916174167
33,1568635200,781,2294,1513,3075,37,2.853008878931362,1.5811529225528493
33,1568649600,850,717,0,1567,37,-0.4641907395905839,-0.019450925798857877
33,1568664000,1558,1038,0,2596,37,-0.4641907395905839,1.0727383049398072
33,1568678400,748,376,0,1124,38,-0.44604956160439957,-0.5990727573082685
33,1568692800,248,57,0,305,38,-0.44604956160439957,-1.4701060105794588
33,1568707200,533,699,166,1232,38,-0.09654882621376418,-0.4842112294043752
33,1568721600,810,2293,1483,3103,38,2.6762973696263974,1.5056583882639973
33,1568736000,911,724,0,1635,38,-0.44604956160439957,-0.05560756509632919
33,1568750400,1887,1252,0,3139,38,-0.44604956160439957,1.5439455642319617
33,1568764800,1096,403,0,1499,38,-0.44604956160439957,-0.2002480076419725
33,1568779200,246,72,0,318,38,-0.44604956160439957,-1.4562800859243605
33,1568793600,477,738,261,1215,38,0.1034666548832862,-0.5022912847225807
33,1568808000,757,2345,1588,3102,38,2.8973671118915583,1.5045948555982205
33,1568822400,889,829,0,1718,38,-0.44604956160439957,0.0326656461631443
33,1568836800,1975,1150,0,3125,38,-0.44604956160439957,1.5290561069110866
33,1568851200,1207,357,0,1564,38,-0.44604956160439957,-0.1311183843664812
33,1568865600,252,72,0,324,38,-0.44604956160439957,-1.4498988899296998
33,1568880000,551,719,168,1270,38,-0.09233797398014207,-0.44379698810485724
33,1568894400,815,2338,1523,3153,38,2.76051441429884,1.5588350215528366
33,1568908800,965,784,0,1749,38,-0.44604956160439957,0.06563515880222477
33,1568923200,1797,1248,0,3045,38,-0.44604956160439957,1.4439734936489435
33,1568937600,1260,419,0,1679,38,-0.44604956160439957,-0.008812127802150469
33,1568952000,310,78,0,388,38,-0.44604956160439957,-1.3818327993199853
33,1568966400,512,586,74,1098,38,-0.2902480289603814,-0.626724606618465
33,1568980800,736,2019,1283,2755,38,2.255212146264186,1.1355490205736747
33,1568995200,1132,863,0,1995,38,-0.44604956160439957,0.3272641945833149
33,1569009600,1585,1285,0,2870,38,-0.44604956160439957,1.2578552771380054
33,1569024000,1511,525,0,2036,38,-0.44604956160439957,0.37086903388016323
33,1569038400,598,106,0,704,38,-0.44604956160439957,-1.0457564769345198
33,1569052800,149,151,2,300,38,-0.44183870937077746,-1.4754236739083426
33,1569067200,566,597,31,1163,38,-0.3807813519832568,-0.5575949833429736
33,1569081600,881,1065,184,1946,38,-0.058651156111165156,0.2751510939602522
33,1569096000,1253,1227,0,2480,38,-0.44604956160439957,0.8430775374850576
33,1569110400,1409,629,0,2038,38,-0.44604956160439957,0.37299609921171684
33,1569124800,625,122,0,747,38,-0.44604956160439957,-1.0000245723061179
33,1569139200,150,108,0,258,38,-0.44604956160439957,-1.520092045870968
33,1569153600,447,598,151,1045,38,-0.12813021796593002,-0.6830918379046348
33,1569168000,811,1020,209,1831,38,-0.006015503190888742,0.15284483739592147
33,1569182400,1160,975,0,2135,38,-0.44604956160439957,0.4761587677920654
33,1569196800,1118,376,0,1494,38,-0.44604956160439957,-0.20556567097085646
33,1569211200,251,38,0,289,38,-0.44604956160439957,-1.4871225332318874
33,1569225600,486,715,229,1201,38,0.03609301914533239,-0.5171807420434557
33,1569240000,804,2350,1546,3154,38,2.808939214985494,1.5598985542186135
33,1569254400,976,704,0,1680,38,-0.44604956160439957,-0.00774859513637368
33,1569268800,1882,1078,0,2960,38,-0.44604956160439957,1.3535732170579164
33,1569283200,1128,347,0,1475,39,-0.44493921640634737,-0.2721794661322011
33,1569297600,230,72,0,302,39,-0.44493921640634737,-1.528663122285595
33,1569312000,540,762,222,1302,39,0.02913383281920203,-0.45749205992123537
33,1569326400,890,2437,1547,3327,39,2.858623878872594,1.7116293413665933
33,1569340800,1031,692,0,1723,39,-0.44493921640634737,-0.006529042665839884
33,1569355200,1927,1185,0,3112,39,-0.44493921640634737,1.4813275629582559
33,1569369600,1447,376,0,1823,39,-0.44493921640634737,0.10058806357059609
33,1569384000,296,60,0,356,39,-0.44493921640634737,-1.4708198849179197
33,1569398400,547,758,211,1305,39,0.005643726776494627,-0.45427854673414225
33,1569412800,799,2381,1582,3180,39,2.9333651253721174,1.5541671951990323
33,1569427200,1054,869,0,1923,39,-0.44493921640634737,0.20770516980703208
33,1569441600,1845,1174,0,3019,39,-0.44493921640634737,1.3817086541583703
33,1569456000,1467,359,0,1826,39,-0.44493921640634737,0.10380157675768917
33,1569470400,300,48,0,348,39,-0.44493921640634737,-1.4793892534168345
33,1569484800,545,762,217,1307,39,0.018456511890698666,-0.45213620460941356
33,1569499200,832,2366,1534,3198,39,2.830862844458485,1.5734482743215907
33,1569513600,1065,760,0,1825,39,-0.44493921640634737,0.10273040569532481
33,1569528000,1913,1218,0,3131,39,-0.44493921640634737,1.5016798131431788
33,1569542400,1507,416,0,1923,39,-0.44493921640634737,0.20770516980703208
33,1569556800,360,81,0,441,39,-0.44493921640634737,-1.3797703446169491
33,1569571200,509,673,164,1182,39,-0.09472308995143701,-0.5860325874049586
33,1569585600,799,2106,1307,2905,39,2.3461124743044324,1.2595951530488334
33,1569600000,1181,832,0,2013,39,-0.44493921640634737,0.30411056541982445
33,1569614400,1531,1387,0,2918,39,-0.44493921640634737,1.27352037685957
33,1569628800,1585,492,0,2077,39,-0.44493921640634737,0.37266551341114346
33,1569643200,521,91,0,612,39,-0.44493921640634737,-1.1966000929526437
33,1569657600,171,196,25,367,39,-0.39155261176383055,-1.4590370032319118
33,1569672000,577,602,25,1179,39,-0.39155261176383055,-0.5892461005920516
33,1569686400,921,1136,215,2057,39,0.01418558351929732,0.35124209216385627
33,1569700800,1289,1187,0,2476,39,-0.44493921640634737,0.8000627672945231
33,1569715200,1401,603,0,2004,39,-0.44493921640634737,0.2944700258585452
33,1569729600,539,95,0,634,39,-0.44493921640634737,-1.1730343295806276
33,1569744000,126,108,0,234,39,-0.44493921640634737,-1.6015027545263716
33,1569758400,471,480,9,951,39,-0.42572003873504133,-0.8334731028111256
33,1569772800,931,1025,94,1956,39,-0.2442055829504841,0.24305381486505595
33,1569787200,1173,983,0,2156,39,-0.44493921640634737,0.4572880273379279
33,1569801600,1146,376,0,1522,39,-0.44493921640634737,-0.2218344262010762
33,1569816000,299,43,0,342,39,-0.44493921640634737,-1.4858162797910208
33,1569830400,420,684,264,1104,39,0.1188233286186303,-0.6695839302693786
33,1569844800,725,2060,1335,2785,39,2.405905471504051,1.1310546255651102
33,1569859200,956,693,0,1649,39,-0.44493921640634737,-0.08579570128080251
33,1569873600,1668,985,0,2653,39,-0.44493921640634737,0.9896600453330147
33,1569888000,1078,310,0,1388,40,-0.43711166570530574,-0.36986986412143547
33,1569902400,240,43,0,283,40,-0.43711166570530574,-1.4935711205940603
33,1569916800,512,653,141,1165,40,-0.16597148718777974,-0.5966439638439651
33,1569931200,746,2259,1513,3005,40,2.4723570583870123,1.2744965899204055
33,1569945600,944,687,0,1631,40,-0.43711166570530574,-0.12275728011885824
33,1569960000,1794,1099,0,2893,40,-0.43711166570530574,1.1606010779521394
33,1569974400,1372,293,0,1665,40,-0.43711166570530574,-0.08818185684277748
33,1569988800,255,59,0,314,40,-0.43711166570530574,-1.4620464699599867
33,1570003200,589,707,118,1296,40,-0.21020002694595774,-0.46342689180965396
33,1570017600,825,2440,1615,3265,40,2.668501017314584,1.5388968855610232
33,1570032000,1087,814,0,1901,40,-0.43711166570530574,0.1518122576617831
33,1570046400,1989,1086,0,3075,40,-0.43711166570530574,1.3456812849005717
33,1570060800,1487,336,0,1823,40,-0.43711166570530574,0.07249216896959784
33,1570075200,289,56,0,345,40,-0.43711166570530574,-1.430521819325913
33,1570089600,506,716,210,1222,40,-0.03328586791324573,-0.5386792836458297
33,1570104000,840,2650,1810,3490,40,3.043482115264354,1.7677048337115575
33,1570118400,1171,847,0,2018,40,-0.43711166570530574,0.27079239070006106
33,1570132800,1911,1203,0,3114,40,-0.43711166570530574,1.3853413292466645
33,1570147200,1524,388,0,1912,40,-0.43711166570530574,0.16299842401580925
33,1570161600,343,65,0,408,40,-0.43711166570530574,-1.3664555938437632
33,1570176000,512,545,33,1057,40,-0.37365332605226775,-0.7064717789562217
33,1570190400,804,2211,1407,3015,40,2.268521179501496,1.2846658320604294
33,1570204800,1191,858,0,2049,40,-0.43711166570530574,0.3023170413341347
33,1570219200,1771,1353,0,3124,40,-0.43711166570530574,1.3955105713866882
33,1570233600,1597,551,0,2148,40,-0.43711166570530574,0.4029925385203698
33,1570248000,674,105,0,779,40,-0.43711166570530574,-0.989176710448882
33,1570262400,153,142,0,295,40,-0.43711166570530574,-1.4813680300260317
33,1570276800,580,598,18,1178,40,-0.40249802589455774,-0.5834239490619343
33,1570291200,916,1289,373,2205,40,0.28015987037297224,0.4609572187185052
33,1570305600,1237,1336,99,2573,40,-0.24673664674619172,0.8351853294713794
33,1570320000,1170,604,0,1774,40,-0.43711166570530574,0.02266288248348144
33,1570334400,562,111,0,673,40,-0.43711166570530574,-1.0969706771331338
33,1570348800,128,102,0,230,40,-0.43711166570530574,-1.5474681039361862
33,1570363200,423,486,63,909,40,-0.3159639263676877,-0.8569765626285732
33,1570377600,798,970,172,1768,40,-0.10635910751371373,0.01656133719946719
33,1570392000,1324,1062,0,2386,40,-0.43711166570530574,0.6450205014529352
33,1570406400,1095,355,0,1450,40,-0.43711166570530574,-0.3068205628532882
33,1570420800,246,58,0,304,40,-0.43711166570530574,-1.4722157121000103
33,1570435200,534,759,225,1293,40,-0.004441168070955736,-0.4664776644516611
33,1570449600,814,2564,1750,3378,40,2.928103315895194,1.6538093217432916
33,1570464000,1016,745,0,1761,40,-0.43711166570530574,0.009442867701450563
33,1570478400,1911,1099,0,3010,40,-0.43711166570530574,1.2795812109904174
33,1570492800,1132,354,0,1486,41,-0.44873113610469495,-0.2887745579952078
33,1570507200,202,54,0,256,41,-0.44873113610469495,-1.543978063761505
33,1570521600,403,759,356,1162,41,0.23029203432718431,-0.6194135302458422
33,1570536000,830,2829,1999,3659,41,3.3640984079776834,1.9287516355252505
33,1570550400,1089,790,0,1879,41,-0.44873113610469495,0.11227826945695053
33,1570564800,1979,1474,0,3453,41,-0.44873113610469495,1.718530560575773
33,1570579200,1671,486,0,2157,41,-0.44873113610469495,0.39597467157323557
33,1570593600,446,70,0,516,41,-0.44873113610469495,-1.2786504934369218
33,1570608000,475,675,200,1150,41,-0.0672574448508302,-0.6316594181069768
33,1570622400,680,2284,1604,2964,41,2.6106878677513,1.2195106302345378
33,1570636800,898,998,100,1896,41,-0.25799429047776257,0.1296266105935579
33,1570651200,1817,996,0,2813,41,-0.44873113610469495,1.0654165413152608
33,1570665600,1348,341,0,1689,41,-0.44873113610469495,-0.08161495501101407
33,1570680000,274,62,0,336,41,-0.44873113610469495,-1.4623388113539408
33,1570694400,501,785,284,1286,41,0.092961505475793,-0.4928726890141179
33,1570708800,829,2601,1772,3430,41,2.931125768404547,1.6950592755085985
33,1570723200,1090,839,0,1929,41,-0.44873113610469495,0.16330280221167806
33,1570737600,1839,1283,0,3122,41,-0.44873113610469495,1.3807481537394768
33,1570752000,1553,460,0,2013,41,-0.44873113610469495,0.2490240172396203
33,1570766400,344,79,0,423,41,-0.44873113610469495,-1.373556124360715
33,1570780800,450,662,212,1112,41,-0.04436902337559831,-0.6704380630005697
33,1570795200,778,2333,1555,3111,41,2.5172268133941036,1.3695227565334367
33,1570809600,1101,825,0,1926,41,-0.44873113610469495,0.16024133024639442
33,1570824000,1705,1467,0,3172,41,-0.44873113610469495,1.4317726864942044
33,1570838400,1477,614,0,2091,41,-0.44873113610469495,0.32862228833699525
33,1570852800,602,111,0,713,41,-0.44873113610469495,-1.0776138343832953
33,1570867200,164,155,0,319,41,-0.44873113610469495,-1.4796871524905484
33,1570881600,597,578,0,1175,41,-0.44873113610469495,-0.606147151729613
33,1570896000,961,1107,146,2068,41,-0.17025534148937368,0.3051510032698206
33,1570910400,1438,1494,56,2932,41,-0.34191850255361284,1.1868549292715123
33,1570924800,1373,639,0,2012,41,-0.44873113610469495,0.24800352658452576
33,1570939200,625,127,0,752,41,-0.44873113610469495,-1.037814698834608
33,1570953600,177,117,0,294,41,-0.44873113610469495,-1.505199418867912
33,1570968000,453,574,121,1027,41,-0.21793955289610678,-0.7571797686836065
33,1570982400,875,1059,184,1934,41,-0.09777534015113938,0.16840525548715082
33,1570996800,1308,1071,0,2379,41,-0.44873113610469495,0.6225235970042258
33,1571011200,1264,504,0,1768,41,-0.44873113610469495,-0.0009961932585445697
33,1571025600,257,64,0,321,41,-0.44873113610469495,-1.4776461711803592
33,1571040000,342,472,130,814,41,-0.20077323678968287,-0.9745442782187458
33,1571054400,638,1800,1162,2438,41,1.7676310100802592,0.6827325456548042
33,1571068800,929,766,0,1695,41,-0.44873113610469495,-0.07549201108044676
33,1571083200,1507,1118,0,2625,41,-0.44873113610469495,0.8735642981574853
33,1571097600,1031,396,0,1427,42,-0.4725949571547697,-0.33604998083322773
33,1571112000,240,58,0,298,42,-0.4725949571547697,-1.3533332744268547
33,1571126400,527,813,286,1340,42,0.037669731033614866,-0.414441164661966
33,1571140800,815,2678,1863,3493,42,2.851262085135302,1.5255153730768105
33,1571155200,999,734,0,1733,42,-0.4725949571547697,-0.060329265297665406
33,1571169600,1859,1268,0,3127,42,-0.4725949571547697,1.1957317721421183
33,1571184000,1404,428,0,1832,42,-0.4725949571547697,0.028874495610898866
33,1571198400,314,70,0,384,42,-0.4725949571547697,-1.275843138688102
33,1571212800,459,763,304,1222,42,0.06978429182868802,-0.5207648392802547
33,1571227200,809,2692,1883,3501,42,2.886944930463161,1.5327237577966946
33,1571241600,1045,863,0,1908,42,-0.4725949571547697,0.0973541504497967
33,1571256000,1848,1359,0,3207,42,-0.4725949571547697,1.2678156193409582
33,1571270400,1380,238,0,1618,42,-0.4725949571547697,-0.16394979564599765
33,1571284800,258,58,0,316,42,-0.4725949571547697,-1.3371144088071156
33,1571299200,518,752,234,1270,42,-0.05510566681881869,-0.47751453096095087
33,1571313600,820,2671,1851,3491,42,2.8298523779385865,1.5237132768968396
33,1571328000,1107,857,0,1964,42,-0.4725949571547697,0.14781284348898457
33,1571342400,1843,1280,0,3123,42,-0.4725949571547697,1.1921275797821764
33,1571356800,1583,496,0,2079,42,-0.4725949571547697,0.2514333738373168
33,1571371200,431,63,0,494,42,-0.4725949571547697,-1.176727848789697
33,1571385600,481,631,150,1112,42,-0.20497361719582674,-0.6198801291786595
33,1571400000,802,2483,1681,3285,42,2.5265481926517843,1.3380973703598271
33,1571414400,1247,916,0,2163,42,-0.4725949571547697,0.3271214133960986
33,1571428800,1919,1990,71,3909,42,-0.34592085624087004,1.9003513785107777
33,1571443200,1742,816,0,2558,42,-0.4725949571547697,0.6830354089403702
33,1571457600,626,83,0,709,42,-0.4725949571547697,-0.9830025094428151
33,1571472000,219,160,0,379,42,-0.4725949571547697,-1.2803483791380292
33,1571486400,676,586,0,1262,42,-0.4725949571547697,-0.48472291568083486
33,1571500800,1101,1161,60,2262,42,-0.3655464211711925,0.41632517430466287
33,1571515200,1631,1905,274,3536,42,0.01626002383689943,1.564260440946187
33,1571529600,1748,849,0,2597,42,-0.4725949571547697,0.7181762844498046
33,1571544000,641,100,0,741,42,-0.4725949571547697,-0.9541689705632792
33,1571558400,129,121,0,250,42,-0.4725949571547697,-1.3965835827461586
33,1571572800,441,540,99,981,42,-0.29596487278186734,-0.7379174289667597
33,1571587200,852,1143,291,1995,42,0.04659044236557963,0.175745334278535
33,1571601600,1268,877,0,2145,42,-0.4725949571547697,0.3109025477763597
33,1571616000,950,264,0,1214,42,-0.4725949571547697,-0.5279732240001387
33,1571630400,202,44,0,246,42,-0.4725949571547697,-1.4001877751061005
33,1571644800,465,853,388,1318,42,0.21965224220569607,-0.434264222641647
33,1571646704,22,533,511,555,42,0.4391017409720293,-1.1217639153005818
33,1571646841,0,36,36,36,42,-0.40836583556462336,-1.589407874003055
33,1571659200,775,2448,1673,3223,42,2.5122750545206407,1.2822323887807263
33,1571673600,1009,833,0,1842,42,-0.4725949571547697,0.03788497651075384
33,1571688000,1935,1118,0,3053,42,-0.4725949571547697,1.1290542134831916
33,1571702400,1226,386,0,1612,43,-0.4486349073139609,-0.31507315477175796
33,1571716800,242,71,0,313,43,-0.4486349073139609,-1.2956850233896935
33,1571731200,567,838,271,1405,43,-0.16342254643400528,-0.47133693984020497
33,1571745600,870,3236,2366,4106,43,2.041447918671187,1.5676412411736855
33,1571760000,1095,879,0,1974,43,-0.4486349073139609,-0.04180025528007771
33,1571774400,1975,1407,0,3382,43,-0.4486349073139609,1.021095442190325
33,1571788800,1347,318,0,1665,43,-0.4486349073139609,-0.27506358661413627
33,1571803200,228,59,0,287,43,-0.4486349073139609,-1.3153123587123003
33,1571817600,497,898,401,1395,43,-0.02660480874251366,-0.4788859149642845
33,1571832000,860,3237,2377,4097,43,2.053024804168159,1.560847163562014
33,1571846400,1146,1078,0,2224,43,-0.4486349073139609,0.14692412282191142
33,1571860800,2025,1434,0,3459,43,-0.4486349073139609,1.0792225506457378
33,1571875200,1608,430,0,2038,43,-0.4486349073139609,0.006513185514031503
33,1571889600,309,59,0,368,43,-0.4486349073139609,-1.254165660207256
33,1571904000,526,889,363,1415,43,-0.06659768591387275,-0.4637879647161254
33,1571918400,841,3245,2404,4086,43,2.081440795842546,1.5525432909255263
33,1571932800,1166,934,0,2100,43,-0.4486349073139609,0.0533168312833248
33,1571947200,2012,1683,0,3695,43,-0.4486349073139609,1.2573783635740154
33,1571961600,1677,544,0,2221,43,-0.4486349073139609,0.14465943028468756
33,1571976000,338,59,0,397,43,-0.4486349073139609,-1.232273632347425
33,1571990400,498,778,280,1276,43,-0.15395054920920972,-0.5687187189408314
33,1572004800,818,2947,2129,3765,43,1.7920186584182367,1.3102211894425724
33,1572019200,1139,913,0,2052,43,-0.4486349073139609,0.017081750687742894
33,1572033600,1929,1524,0,3453,43,-0.4486349073139609,1.07469316557129
33,1572048000,1601,596,0,2197,43,-0.4486349073139609,0.12654188998689658
33,1572062400,1015,354,0,1369,43,-0.4486349073139609,-0.4985132502868914
33,1572076800,160,184,24,344,43,-0.42337624804783935,-1.2722832005050468
33,1572091200,439,495,56,934,43,-0.38969803569301065,-0.8268936681843525
33,1572105600,920,947,27,1867,43,-0.4202189156395742,-0.12257428910772906
33,1572120000,1443,1133,0,2576,43,-0.4486349073139609,0.4126480471895121
33,1572134400,1457,521,0,1978,43,-0.4486349073139609,-0.03878066523044589
33,1572148800,538,105,0,643,43,-0.4486349073139609,-1.0465688442950678
33,1572163200,130,117,0,247,43,-0.4486349073139609,-1.3455082592086187
33,1572177600,360,528,168,888,43,-0.27182429245111017,-0.8616189537551184
33,1572192000,705,1019,314,1724,43,-0.11816744858220421,-0.23052463338206683
33,1572206400,1129,873,0,2002,43,-0.4486349073139609,-0.02066312493265493
33,1572220800,912,372,0,1284,43,-0.4486349073139609,-0.5626795388415677
33,1572235200,203,43,0,246,43,-0.4486349073139609,-1.3462631567210266
33,1572249600,514,861,347,1375,43,-0.0834367920912871,-0.49398386521244364
33,1572264000,859,3157,2298,4016,43,1.9698817174171757,1.4997004650569694
33,1572275678,835,5203,4368,6038,43,4.148441079120158,3.0261032351458574
33,1572278400,662,799,137,1461,43,-0.3044500606698505,-0.4290626791453594
33,1572292800,2024,1265,0,3289,43,-0.4486349073139609,0.950889973536385
33,1572307200,1154,372,0,1526,44,-0.4550350199817287,-0.33690806206099505
33,1572321600,212,65,0,277,44,-0.4550350199817287,-1.3849732414238414
33,1572336000,539,879,340,1418,44,0.013885824471440773,-0.4275333938233548
33,1572350400,860,3349,2489,4209,44,2.977741397206327,1.914460133479851
33,1572364800,1137,937,0,2074,44,-0.4550350199817287,0.12293158428875658
33,1572379200,2087,1556,0,3643,44,-0.4550350199817287,1.439516265169706
33,1572393600,1471,361,0,1832,44,-0.4550350199817287,-0.0801362887343089
33,1572408000,289,49,0,338,44,-0.4550350199817287,-1.3337867114469528
33,1572422400,500,936,436,1436,44,0.14628700408174744,-0.4124291718629615
33,1572436800,912,3412,2500,4324,44,2.992912365703341,2.0109593293379193
33,1572451200,1158,966,0,2124,44,-0.4550350199817287,0.1648877564009602
33,1572465600,2146,1325,0,3471,44,-0.4550350199817287,1.2951870331037256
33,1572480000,1629,384,0,2013,44,-0.4550350199817287,0.07174505431186819
33,1572494400,274,53,0,327,44,-0.4550350199817287,-1.3430170693116377
33,1572508800,455,894,439,1349,44,0.15042454094456953,-0.4854329113381958
33,1572523200,867,3229,2362,4096,44,2.802585670013525,1.8196391845062707
33,1572537600,1172,878,0,2050,44,-0.4550350199817287,0.10279262167489886
33,1572552000,2084,1120,0,3204,44,-0.4550350199817287,1.0711410740245584
33,1572566400,1456,892,0,2348,44,-0.4550350199817287,0.3528514074636324
33,1572580800,485,110,0,595,44,-0.4550350199817287,-1.1181319867902264
33,1572595200,505,794,289,1299,44,-0.056452302196534646,-0.5273890834503995
33,1572597572,20,635,615,655,44,0.39316003689679846,-1.067784580255582
33,1572609600,805,2426,1621,3231,44,1.7806140648964703,1.0937974069651482
33,1572624000,1188,945,0,2133,44,-0.4550350199817287,0.17243986738115685
33,1572638400,1877,1555,0,3432,44,-0.4550350199817287,1.2624612188562068
33,1572652800,1662,649,0,2311,44,-0.4550350199817287,0.3218038401006017
33,1572667200,502,86,0,588,44,-0.4550350199817287,-1.1240058508859347
33,1572681600,164,224,60,388,44,-0.372284282725287,-1.2918305393347493
33,1572696000,537,704,167,1241,44,-0.22471213461796605,-0.5760582431005556
33,1572710400,915,1237,322,2152,44,-0.010939396705491728,0.18838321278379422
33,1572724800,1492,1362,0,2854,44,-0.4550350199817287,0.777447869239133
33,1572739200,1621,548,0,2169,44,-0.4550350199817287,0.20264831130194347
33,1572750000,530,104,0,634,44,-0.4550350199817287,-1.0854061725427075
33,1572764400,131,169,38,300,44,-0.4026262197193156,-1.3656734022522277
33,1572778800,424,399,0,823,44,-0.4550350199817287,-0.9268118419585778
33,1572793200,728,957,229,1685,44,-0.13920303945297632,-0.20348743474418754
33,1572807600,1295,1230,0,2525,44,-0.4550350199817287,0.5013762567408332
33,1572822000,1072,466,0,1538,44,-0.4550350199817287,-0.32683858075406613
33,1572836400,429,75,0,504,44,-0.4550350199817287,-1.194492220034437
33,1572850800,222,362,140,584,44,-0.2619499663833648,-1.127362344654911
33,1572865200,948,3418,2470,4366,44,2.95153699707512,2.0462025139121702
33,1572879600,1005,856,0,1861,44,-0.4550350199817287,-0.05580170890923081
33,1572894000,1842,1248,0,3090,44,-0.4550350199817287,0.9754810016087341
33,1572908400,1250,543,0,1793,44,-0.4550350199817287,-0.11286210298182772
33,1572922800,473,111,0,584,45,-0.39832464160662906,-0.9724579529458027
33,1572937200,260,375,115,635,45,-0.2503203321243598,-0.9327823898394886
33,1572951600,934,3602,2668,4536,45,3.035375338382018,2.102009211684654
33,1572966000,985,1005,20,1990,45,-0.37258476169666915,0.12134286524003282
33,1572980400,1873,1321,0,3194,45,-0.39832464160662906,1.0579973354361536
33,1572994800,1590,459,0,2049,45,-0.39832464160662906,0.1672420460885138
33,1573009200,445,83,0,528,45,-0.39832464160662906,-1.0160232771409712
33,1573023600,296,352,56,648,45,-0.3262529778587414,-0.9226690110084673
33,1573038000,1024,3597,2573,4621,45,2.913110908809709,2.1681351501951776
33,1573052400,956,972,16,1928,45,-0.37773273767866117,0.07310982773823922
33,1573066800,2001,1473,0,3474,45,-0.39832464160662906,1.2758239564119958
33,1573081200,1555,491,0,2046,45,-0.39832464160662906,0.16490818943520122
33,1573095600,504,116,0,620,45,-0.39832464160662906,-0.9444516731060516
33,1573110000,262,373,111,635,45,-0.25546830810635174,-0.9327823898394886
33,1573113900,113,207,94,320,45,-0.27734720602981766,-1.1778373384373109
33,1573124400,1011,3550,2539,4561,45,2.869353112962777,2.1214580171289255
33,1573138800,960,911,0,1871,45,-0.39832464160662906,0.028766551325299938
33,1573153200,2001,1614,0,3615,45,-0.39832464160662906,1.3855152191176876
33,1573166091,807,171,0,978,45,-0.39832464160662906,-0.6659447791440821
33,1573167600,1647,569,0,2216,45,-0.39832464160662906,0.2971600664562482
33,1573182000,576,130,0,706,45,-0.39832464160662906,-0.8775477823777572
33,1573196400,243,322,79,565,45,-0.2966521159622876,-0.9872390450834491
33,1573210800,873,3188,2315,4061,45,2.5810664579712266,1.7324819082434935
33,1573225200,1091,1002,0,2093,45,-0.39832464160662906,0.20147194367043186
33,1573239600,1848,1711,0,3559,45,-0.39832464160662906,1.3419498949225193
33,1573254000,1570,823,0,2393,45,-0.39832464160662906,0.43485760900169124
33,1573268400,852,147,0,999,45,-0.39832464160662906,-0.6496077825708939
33,1573282800,103,94,0,197,45,-0.39832464160662906,-1.2735254612231273
33,1573297200,422,435,13,857,45,-0.38159371966515515,-0.7600769974943566
33,1573311600,785,1094,309,1879,45,-0.0006434969977489968,0.03499016906746685
33,1573326000,1338,1223,0,2561,45,-0.39832464160662906,0.5655535815871965
33,1573340400,1316,732,0,2048,45,-0.39832464160662906,0.16646409387074296
33,1573354800,800,136,0,936,45,-0.39832464160662906,-0.6986187722904584
33,1573369200,115,70,0,185,45,-0.39832464160662906,-1.2828608878363776
33,1573383600,279,334,55,613,45,-0.3275399718542394,-0.9498973386304476
33,1573398000,586,883,297,1469,45,-0.01608742494372492,-0.2839702402185876
33,1573412400,1158,882,0,2040,45,-0.39832464160662906,0.16024047612857603
33,1573426800,1055,469,0,1524,45,-0.39832464160662906,-0.24118286824119003
33,1573441200,421,81,0,502,45,-0.39832464160662906,-1.0362500348030135
33,1573455600,174,255,81,429,45,-0.29407812797129157,-1.0930405467002866
33,1573470000,800,3035,2235,3835,45,2.4781069383313867,1.5566647070272779
33,1573484400,897,939,42,1836,45,-0.3442708937957133,0.00153822370331968
33,1573498800,1743,1062,0,2805,45,-0.39832464160662906,0.7553739227232874
33,1573513200,1148,408,0,1556,45,-0.39832464160662906,-0.2162883972725224
33,1573527600,462,108,0,570,46,-0.45129425597680334,-0.9419948076483051
33,1573542000,265,371,106,636,46,-0.3237608024025537,-0.8902692498890821
33,1573556400,976,3659,2683,4635,46,2.776745894397836,2.243829317976574
33,1573570800,920,919,0,1839,46,-0.45129425597680334,0.05254659835857586
33,1573585200,1873,1254,0,3127,46,-0.45129425597680334,1.0619786952355363
33,1573599600,1247,436,0,1683,46,-0.45129425597680334,-0.06971381089049698
33,1573614000,341,103,0,444,46,-0.45129425597680334,-1.0407435997340948
33,1573628400,247,338,91,585,46,-0.3418079892290985,-0.9302389990666635
33,1573642800,912,3678,2766,4590,46,2.87660699483805,2.208561892231649
33,1573657200,651,935,284,1586,46,-0.10960085206088925,-0.1457347063851128
33,1573671600,1856,1219,0,3075,46,-0.45129425597680334,1.0212252254858454
33,1573686000,1669,482,0,2151,46,-0.45129425597680334,0.29706741685672156
33,1573700400,515,106,0,621,46,-0.45129425597680334,-0.9020250584707237
33,1573714800,258,347,89,605,46,-0.3442142808059711,-0.9145645876244747
33,1573729200,939,3574,2635,4513,46,2.7189948965528927,2.148215408179222
33,1573743600,691,981,290,1672,46,-0.10238197733027135,-0.07833473718370083
33,1573758000,1689,1238,0,2927,46,-0.45129425597680334,0.905234580813648
33,1573772400,1273,488,0,1761,46,-0.45129425597680334,-0.008583606265960556
33,1573786800,477,116,0,593,46,-0.45129425597680334,-0.923969234489788
33,1573801200,259,307,48,566,46,-0.39354325813186014,-0.945129689936743
33,1573815600,893,3102,2209,3995,46,2.2064547906790213,1.7422481518265316
33,1573830000,1022,861,0,1883,46,-0.45129425597680334,0.08703030353139128
33,1573844400,1842,1409,0,3251,46,-0.45129425597680334,1.159160046177107
33,1573858800,1384,707,0,2091,46,-0.45129425597680334,0.2500441825301551
33,1573873200,763,193,0,956,46,-0.45129425597680334,-0.6394786668140608
33,1573887600,120,112,0,232,46,-0.45129425597680334,-1.2068923610212963
33,1573902000,426,462,36,888,46,-0.4079810075930959,-0.6927716657175028
33,1573916400,795,1094,299,1889,46,-0.0915536652343445,0.09173262696404794
33,1573930800,1009,1433,424,2442,46,0.058839558320195155,0.525130103340569
33,1573945200,1029,807,0,1836,46,-0.45129425597680334,0.05019543664224754
33,1573959600,612,155,0,767,46,-0.45129425597680334,-0.7876018549427453
33,1573974000,76,66,0,142,46,-0.45129425597680334,-1.277427212511146
33,1573988400,232,301,69,533,46,-0.36827719657469743,-0.9709924688163545
33,1574002800,426,1046,620,1472,46,0.29465613285371334,-0.23507885160558908
33,1574017200,869,986,117,1855,46,-0.31052619872975423,0.06508612751232692
33,1574031600,751,449,0,1200,46,-0.45129425597680334,-0.44825084721935715
33,1574046000,298,80,0,378,46,-0.45129425597680334,-1.0924691574933179
33,1574060400,216,334,118,550,46,-0.3093230529413179,-0.957669219090494
33,1574074800,814,3524,2710,4338,46,2.809230830685616,2.01106430806007
33,1574089200,633,793,160,1426,46,-0.2587909298269926,-0.2711299979226234
33,1574103600,1767,909,0,2676,46,-0.45129425597680334,0.7085207172141782
33,1574118000,1016,427,0,1443,46,-0.45129425597680334,-0.2578067481967629
33,1574132400,276,102,0,378,47,-0.4689519857279199,-1.0753116727726397
33,1574146800,267,376,109,643,47,-0.33328071483165994,-0.8636945336899698
33,1574161200,881,3563,2682,4444,47,2.8693080926552836,2.171613940473156
33,1574175600,681,965,284,1646,47,-0.11545986706243527,-0.06274362614310976
33,1574190000,1768,1265,0,3033,47,-0.4689519857279199,1.0448524942631665
33,1574204400,1260,438,0,1698,47,-0.4689519857279199,-0.02121875356839717
33,1574218800,437,110,0,547,47,-0.4689519857279199,-0.9403558369048239
33,1574233200,283,343,60,626,47,-0.3942705522070429,-0.8772699728009337
33,1574247600,908,3484,2576,4392,47,2.7373708934350676,2.1300890678984437
33,1574262000,651,1046,395,1697,47,0.022700784951187228,-0.022017308810218565
33,1574276400,1771,1056,0,2827,47,-0.4689519857279199,0.8803501144479589
33,1574290800,1309,487,0,1796,47,-0.4689519857279199,0.05703966013009963
33,1574305200,418,114,0,532,47,-0.4689519857279199,-0.9523341655321448
33,1574319600,259,349,90,608,47,-0.35692983544660434,-0.8916439671537187
33,1574334000,957,3565,2608,4522,47,2.777200991312869,2.2339012493352253
33,1574348400,672,948,276,1620,47,-0.12541739153188555,-0.08350606243046606
33,1574362800,1642,1252,0,2894,47,-0.4689519857279199,0.9338533156499924
33,1574377200,1240,596,0,1836,47,-0.4689519857279199,0.08898186980295547
33,1574391600,466,194,0,660,47,-0.4689519857279199,-0.8501190945790061
33,1574406000,381,269,0,650,47,-0.4689519857279199,-0.8581046469972201
33,1574420400,941,3326,2385,4267,47,2.4996349967269422,2.030269662670769
33,1574434800,723,894,171,1617,47,-0.25610990019342034,-0.08590172815593024
33,1574449200,1782,1277,0,3059,47,-0.4689519857279199,1.0656149305505227
33,1574463600,1168,709,0,1877,47,-0.4689519857279199,0.1217226347176327
33,1574478000,622,144,0,766,47,-0.4689519857279199,-0.7654722389459382
33,1574492400,222,98,0,320,47,-0.4689519857279199,-1.1216278767982808
33,1574506800,343,426,83,769,47,-0.36564266935737333,-0.763076573220474
33,1574521200,614,981,367,1595,47,-0.01215055069188872,-0.10346994347600096
33,1574535600,1024,1373,349,2397,47,-0.03455498074815183,0.5369713604647586
33,1574550000,1042,814,0,1856,47,-0.4689519857279199,0.10495297463938338
33,1574564400,539,131,0,670,47,-0.4689519857279199,-0.8421335421607922
33,1574578800,88,75,0,163,47,-0.4689519857279199,-1.2470010497642399
33,1574593200,219,342,123,561,47,-0.31585504701012196,-0.9291760635193244
33,1574607600,419,963,544,1382,47,0.20815967819469852,-0.2735622099839583
33,1574622000,893,955,62,1848,47,-0.3917811710896803,0.09856453270481222
33,1574636400,766,462,0,1228,47,-0.4689519857279199,-0.39653971722445325
33,1574650800,275,72,0,347,47,-0.4689519857279199,-1.1000668852691031
33,1574665200,236,310,74,546,47,-0.3768448843855049,-0.9411543921466453
33,1574679600,896,3298,2402,4194,47,2.520794736224524,1.9719751300178072
33,1574694000,652,836,184,1488,47,-0.23992892293056367,-0.18891535435089032
33,1574708400,1687,1194,0,2881,47,-0.4689519857279199,0.9234720975063142
33,1574722800,1059,493,0,1552,47,-0.4689519857279199,-0.13780781887432098
33,1574737200,326,105,0,431,48,-0.4795133892634095,-1.0648013382234685
33,1574751600,264,342,78,606,48,-0.33915546724527784,-0.8868461815363565
33,1574766000,942,3157,2215,4099,48,3.5062917039437904,2.665138745938396
33,1574780400,663,917,254,1580,48,-0.02245041243513462,0.10360137625362598
33,1574794800,1661,1484,0,3145,48,-0.4795133892634095,1.6950289203412263
33,1574809200,1146,630,0,1776,48,-0.4795133892634095,0.3029111517431913
33,1574823600,922,194,0,1116,48,-0.4795133892634095,-0.36823401061963057
33,1574838000,223,287,64,510,48,-0.36434791478699374,-0.9844672960618579
33,1574852400,823,2367,1544,3190,48,2.29885368248012,1.740788817775055
33,1574866800,815,1142,327,1957,48,0.10891020688952704,0.4869676280881469
33,1574881200,1242,1386,144,2628,48,-0.22039107169147412,1.1692985431570158
33,1574895600,1068,682,0,1750,48,-0.4795133892634095,0.27647209989253463
33,1574910000,461,137,0,598,48,-0.4795133892634095,-0.8949812744134816
33,1574924400,85,117,32,202,48,-0.4219306520252016,-1.2976683718311748
33,1574938800,427,626,199,1053,48,-0.12142074206330437,-0.43229786702699086
33,1574953200,1240,732,0,1972,48,-0.4795133892634095,0.5022209272327566
33,1574967600,921,994,73,1915,48,-0.3481527699387478,0.4442583904832401
33,1574982000,639,444,0,1083,48,-0.4795133892634095,-0.40179126873777166
33,1574996400,247,186,0,433,48,-0.4795133892634095,-1.062767565004187
33,1575010800,93,154,61,247,48,-0.3697462964030757,-1.251908474397346
33,1575025200,364,805,441,1169,48,0.3140487083006425,-0.3143390203086767
33,1575039600,607,1129,522,1736,48,0.4598050119348562,0.2622356873575657
33,1575054000,1031,1379,348,2410,48,0.14669887820210095,0.9476172622553565
33,1575068400,1115,774,0,1889,48,-0.4795133892634095,0.41781933863258347
33,1575082800,553,122,0,675,48,-0.4795133892634095,-0.8166810054711524
33,1575097200,102,110,8,212,48,-0.4651177049538575,-1.2874995057347685
33,1575111600,308,505,197,813,48,-0.12501966314069235,-0.6763506533407443
33,1575126000,537,1177,640,1714,48,0.6721413555007476,0.23986418194547163
33,1575140400,1090,1412,322,2502,48,0.09991290419605707,1.0411708303422953
33,1575154800,1025,805,0,1830,48,-0.4795133892634095,0.3578230286637858
33,1575169200,563,151,0,714,48,-0.4795133892634095,-0.7770224276951675
33,1575183600,410,134,0,544,48,-0.4795133892634095,-0.9498931513340761
33,1575198000,221,395,174,616,48,-0.16640725553065425,-0.8766773154399502
33,1575212400,406,1031,625,1437,48,0.6451494474203376,-0.04181340892498542
33,1575226800,936,793,0,1729,48,-0.4795133892634095,0.2551174810900812
33,1575241200,442,164,0,606,48,-0.4795133892634095,-0.8868461815363565
33,1575255600,763,386,0,1149,48,-0.4795133892634095,-0.3346767525014895
33,1575270000,187,306,119,493,48,-0.265377585158824,-1.0017543684257488
33,1575284400,762,3369,2607,4131,48,4.211680235111837,2.6976791174468966
33,1575298800,637,835,198,1472,48,-0.12322020260199837,-0.006222377587563046
33,1575313200,1707,921,0,2628,48,-0.4795133892634095,1.1692985431570158
33,1575327600,980,341,0,1321,48,-0.4795133892634095,-0.15977225564329955
33,1575342000,240,65,0,305,49,-0.4652740591514122,-0.9458533013285318
33,1575356400,236,320,84,556,49,-0.35563522145038634,-0.7585206986285715
33,1575370800,854,3570,2716,4424,49,3.0797150265150894,2.1283418800305784
33,1575385200,662,864,202,1526,49,-0.20161875896561196,-0.03456601887175266
33,1575399600,1687,1324,0,3011,49,-0.4652740591514122,1.0737563516837896
33,1575414000,1226,462,0,1688,49,-0.4652740591514122,0.08634187609794286
33,1575428400,348,101,0,449,49,-0.4652740591514122,-0.8383796169110247
33,1575442800,277,335,58,612,49,-0.38957105216737054,-0.7167253769106521
33,1575457200,865,3614,2749,4479,49,3.1227874270404925,2.1693908567178206
33,1575471600,711,1032,321,1743,49,-0.04629707222249203,0.12739085278518517
33,1575486000,1709,1285,0,2994,49,-0.4652740591514122,1.0610684861622783
33,1575500400,1203,546,0,1749,49,-0.4652740591514122,0.13186892296924796
33,1575514800,501,79,0,580,49,-0.4652740591514122,-0.7406084178923203
33,1575529200,268,333,65,601,49,-0.3804344823589517,-0.7249351722481006
33,1575543600,892,3389,2497,4281,49,2.793870913937415,2.0216145406437485
33,1575558000,693,1032,339,1725,49,-0.02280303557227221,0.11395664223299679
33,1575572400,1645,1718,73,3363,49,-0.36999268829218734,1.3364698024821404
33,1575586800,1345,512,0,1857,49,-0.4652740591514122,0.21247418628237832
33,1575601200,472,120,0,592,49,-0.4652740591514122,-0.7316522775241947
33,1575615600,261,306,45,567,49,-0.4065389675258626,-0.750310903291123
33,1575630000,920,3310,2390,4230,49,2.654211918294442,1.9835509440792147
33,1575644400,849,1181,332,2030,49,-0.03193960538069103,0.3415918765895223
33,1575653282,842,283,0,1125,49,-0.4652740591514122,-0.33385037617328295
33,1575657515,636,175,0,811,49,-0.4652740591514122,-0.5682027158059026
33,1575657598,17,3,0,20,49,-0.4652740591514122,-1.1585616350715147
33,1575657678,11,9,0,20,49,-0.4652740591514122,-1.1585616350715147
33,1575657759,13,2,0,15,49,-0.4652740591514122,-1.1622933602249004
33,1575657839,12,3,0,15,49,-0.4652740591514122,-1.1622933602249004
33,1575657919,10,5,0,15,49,-0.4652740591514122,-1.1622933602249004
33,1575658000,9,7,0,16,49,-0.4652740591514122,-1.1615470151942233
33,1575658080,12,5,0,17,49,-0.4652740591514122,-1.160800670163546
33,1575658800,1725,1823,98,3548,49,-0.3373620818335487,1.47454363315741
33,1575673200,1480,1035,0,2515,49,-0.4652740591514122,0.7035692164679317
33,1575687600,795,171,0,966,49,-0.4652740591514122,-0.45251923605094707
33,1575702000,113,128,15,241,49,-0.445695695276229,-0.9936193832918684
33,1575716400,396,701,305,1097,49,-0.06718066035602076,-0.35474803703224267
33,1575730800,693,1772,1079,2465,49,0.9430629156034315,0.6662519649340751
33,1575745200,1195,1922,727,3117,49,0.4836239766657995,1.1528689249355657
33,1575759600,1310,1059,0,2369,49,-0.4652740591514122,0.5946028419890703
33,1575774000,847,169,0,1016,49,-0.4652740591514122,-0.4152019845170904
33,1575788400,108,78,0,186,49,-0.4652740591514122,-1.0346683599791107
33,1575802800,290,487,197,777,49,-0.20814488025733968,-0.5935784468489251
33,1575817200,475,1190,715,1665,49,0.4679612855656529,0.06917594039236881
33,1575831600,1055,1243,188,2298,49,-0.2198918985824496,0.5416123448109939
33,1575846000,863,475,0,1338,49,-0.4652740591514122,-0.17487888463905363
33,1575860400,313,83,0,396,49,-0.4652740591514122,-0.8779359035369128
33,1575874800,191,333,142,524,49,-0.2799322144663447,-0.7824037396102398
33,1575889200,892,3476,2584,4368,49,2.9074254244134776,2.086546558312659
33,1575903600,653,912,259,1565,49,-0.12722097623991585,-0.0054585626753444775
33,1575918000,1621,1257,0,2878,49,-0.4652740591514122,0.9744924626037309
33,1575932400,1024,419,0,1443,49,-0.4652740591514122,-0.09651265641795469
33,1575946800,301,110,0,411,50,-0.5304607847480957,-1.1384823620772897
33,1575961200,273,365,92,638,50,-0.4188577970389243,-0.9602070752242902
33,1575975600,970,3558,2588,4528,50,2.6089797825490297,2.094818765560593
33,1575990000,651,1049,398,1700,50,-0.04765655531059336,-0.12616146007941978
33,1576004400,1729,1477,0,3206,50,-0.5304607847480957,1.056581191905679
33,1576018800,1167,480,0,1647,50,-0.5304607847480957,-0.16778520546800557
33,1576033200,367,104,0,471,50,-0.5304607847480957,-1.0913611408826642
33,1576047600,206,329,123,535,50,-0.38125244248474693,-1.0410985049417305
33,1576062000,791,3648,2857,4439,50,2.93529721400302,2.024922287455232
33,1576076400,650,1160,510,1810,50,0.08820795146578919,-0.03977255455593978
33,1576090800,1662,1443,0,3105,50,-0.5304607847480957,0.9772604695613927
33,1576105200,1226,541,0,1767,50,-0.5304607847480957,-0.07354276307875468
33,1576119600,428,132,0,560,50,-0.5304607847480957,-1.0214646627773032
33,1576134000,1214,358,0,1572,50,-0.5304607847480957,-0.22668673196128739
33,1576148400,865,3540,2675,4405,50,2.7145173904913986,1.998220262111611
33,1576162800,706,1164,458,1870,50,0.025128001891040152,0.00734866663868566
33,1576177200,1783,1611,0,3394,50,-0.5304607847480957,1.204227684982172
33,1576191600,1346,619,0,1965,50,-0.5304607847480957,0.08195726686350928
33,1576206000,432,116,0,548,50,-0.5304607847480957,-1.0308889070162284
33,1576220400,205,252,47,457,50,-0.47344621494014943,-1.1023560924947435
33,1576234800,798,3129,2331,3927,50,2.2972192625353665,1.6228211999277615
33,1576249200,803,1015,212,1818,50,-0.27328868263565725,-0.03348972506332306
33,1576263600,1501,1733,232,3234,50,-0.2490271635684461,1.0785710951298375
33,1576278000,1241,962,0,2203,50,-0.5304607847480957,0.2688714442688569
33,1576292400,563,159,0,722,50,-0.5304607847480957,-0.8942373655518145
33,1576306800,71,106,35,177,50,-0.4880031263804761,-1.322255124736329
33,1576321200,320,605,285,925,50,-0.18473413804033648,-0.734810567176665
33,1576335600,705,1754,1049,2459,50,0.7420558903271304,0.4699219880325921
33,1576350000,1070,1675,605,2745,50,0.20345016703504226,0.6945331423936401
33,1576364400,1149,1020,0,2169,50,-0.5304607847480957,0.2421694189252358
33,1576378800,659,204,0,863,50,-0.5304607847480957,-0.7835024957444447
33,1576393200,92,83,0,175,50,-0.5304607847480957,-1.3238258321094831
33,1576407600,283,420,137,703,50,-0.36426937913769913,-0.9091590855967793
33,1576422000,601,1357,756,1958,50,0.3866246359924866,0.07645979105746964
33,1576436400,1140,1206,66,2346,50,-0.4503977718262988,0.38117702144938087
33,1576450800,888,528,0,1416,50,-0.5304607847480957,-0.3492019070673135
33,1576465200,317,90,0,407,50,-0.5304607847480957,-1.1416237768235982
33,1576479600,225,344,119,569,50,-0.3861047462981892,-1.0143964795981093
33,1576494000,923,3395,2472,4318,50,2.4682629719592053,1.929894491379404
33,1576508400,645,964,319,1609,50,-0.1434895556260775,-0.19762864555793502
33,1576522800,1686,1233,0,2919,50,-0.5304607847480957,0.8311846838580539
33,1576537200,997,460,0,1457,50,-0.5304607847480957,-0.31700240591765283
33,1576551600,292,103,0,395,51,-0.5014847851291787,-0.9308017564748394
33,1576566000,222,349,127,571,51,-0.3609568493948579,-0.8256800944641012
33,1576580400,917,3616,2699,4533,51,2.485010479019892,1.5407518651185423
33,1576594800,580,1031,451,1611,51,-0.0024446353954881046,-0.20450663712792017
33,1576609200,1592,1509,0,3101,51,-0.5014847851291787,0.6854437969402621
33,1576623600,1074,557,0,1631,51,-0.5014847851291787,-0.19256099371760899
33,1576638000,351,100,0,451,51,-0.5014847851291787,-0.8973539549259681
33,1576652400,238,340,102,578,51,-0.3886198288701179,-0.8214991192704922
33,1576666800,899,3520,2621,4419,51,2.398701983057081,1.4726616976797686
33,1576681200,714,1305,591,2019,51,0.15246804966596797,0.03918448844242775
33,1576695600,1675,1618,0,3293,51,-0.5014847851291787,0.8001219736792494
33,1576710000,1183,561,0,1744,51,-0.5014847851291787,-0.12506810844935087
33,1576724400,374,94,0,468,51,-0.5014847851291787,-0.8872001580272036
33,1576738800,221,339,118,560,51,-0.3709155220059515,-0.8322501983397723
33,1576753200,871,3428,2557,4299,51,2.327884755600415,1.4009878372179014
33,1576767600,702,1134,432,1836,51,-0.023468499796685714,-0.07011814876191948
33,1576782000,1574,1617,43,3191,51,-0.45390446043173155,0.7391991922866624
33,1576796400,1337,609,0,1946,51,-0.5014847851291787,-0.004417110005208031
33,1576810800,434,118,0,552,51,-0.5014847851291787,-0.8370284557038967
33,1576825200,239,291,52,530,51,-0.4439457878206379,-0.850168663455239
33,1576839600,760,2884,2124,3644,51,1.8487619510889122,1.0097680155302104
33,1576854000,1175,1063,0,2238,51,-0.5014847851291787,0.1699892837853351
33,1576868400,1857,2416,559,4273,51,0.11705943593763515,1.385458500784497
33,1576882800,1494,805,0,2299,51,-0.5014847851291787,0.20642349618678416
33,1576897200,841,135,0,976,51,-0.5014847851291787,-0.5837808154052999
33,1576911600,128,138,10,266,51,-0.49041959333907476,-1.0078511564713466
33,1576926000,343,431,88,774,51,-0.4041110973762635,-0.7044318138494428
33,1576940400,771,1295,524,2066,51,0.07833126467227114,0.067256750456659
33,1576954800,1359,1340,0,2699,51,-0.5014847851291787,0.4453363643930076
33,1576969200,1278,927,0,2205,51,-0.5014847851291787,0.15027897215832164
33,1576983600,800,133,0,933,51,-0.5014847851291787,-0.6094639487374689
33,1576998000,128,77,0,205,51,-0.5014847851291787,-1.0442853688727955
33,1577012400,636,404,0,1040,51,-0.5014847851291787,-0.5455547564923041
33,1577026800,631,1162,531,1793,51,0.08607689892534394,-0.0958012820940885
33,1577041200,1183,1347,164,2530,51,-0.32001563977147307,0.3443956775758782
33,1577055600,1013,609,0,1622,51,-0.5014847851291787,-0.19793653325224903
33,1577070000,357,104,0,461,51,-0.5014847851291787,-0.8913811332208126
33,1577084400,191,234,43,425,51,-0.45390446043173155,-0.9128832913593727
33,1577098800,629,1975,1346,2604,51,0.9878900298188205,0.38859455819402955
33,1577113200,719,1098,379,1817,51,-0.08211401628423694,-0.08146651000171509
33,1577115604,176,217,41,393,51,-0.45611749878975233,-0.9319963208158706
33,1577127600,2694,6580,3886,9274,51,3.7984487445052375,4.372466635532805
33,1577142000,1110,621,0,1731,51,-0.5014847851291787,-0.13283277666605314
33,1577156400,482,122,0,604,52,-0.8614274756387857,-0.8835771002955624
33,1577170800,173,220,47,393,52,-0.7063520529521651,-1.1228168705480566
33,1577185200,455,1195,740,1650,52,1.5801855624058807,0.30241721100353197
33,1577199600,685,1007,322,1692,52,0.20100414361848798,0.3500383974992891
33,1577214000,1084,1296,212,2380,52,-0.16193833500977323,1.1301187858107393
33,1577228400,946,609,0,1555,52,-0.8614274756387857,0.1947026225012242
33,1577242800,364,122,0,486,52,-0.8614274756387857,-1.0173699575931656
33,1577257200,43,66,23,109,52,-0.7855395028346948,-1.4448267982812715
33,1577271600,174,310,136,484,52,-0.41269859297111733,-1.0196376331405828
33,1577286000,456,880,424,1336,52,0.5375508056192393,-0.053607849940938
33,1577300400,970,1449,479,2419,52,0.7190220449333699,1.174338458985371
33,1577314800,956,646,0,1602,52,-0.8614274756387857,0.24799299786552384
33,1577329200,382,75,0,457,52,-0.8614274756387857,-1.0502512530307122
33,1577342729,37,180,143,217,52,-0.3896022534220462,-1.322372318720753
33,1577343600,175,161,0,336,52,-0.8614274756387857,-1.187445623649441
33,1577358000,440,1317,877,1757,52,2.032213922151988,0.4237378527903418
33,1577372400,645,1200,555,1845,52,0.969782302894714,0.5235155768766901
33,1577386800,1240,1521,281,2761,52,0.06572558340249972,1.562110977593679
33,1577401200,1204,845,0,2049,52,-0.8614274756387857,0.7548184827132247
33,1577415600,556,129,0,685,52,-0.8614274756387857,-0.7917362406251736
33,1577430000,132,221,89,353,52,-0.567774015657738,-1.1681703814963966
33,1577444400,506,1379,873,1885,52,2.019016013838233,0.5688690878250302
33,1577458800,748,1256,508,2004,52,0.8147068802080933,0.7037957828963421
33,1577473200,1170,1988,818,3158,52,1.8375447745241025,2.0122445737559547
33,1577487600,1290,1075,0,2365,52,-0.8614274756387857,1.1131112192051118
