remote_unit_id,time_stamp,entries,exits,num_people_exited,sum_exit_entry,week_num,z_score_num_people_exited,z_score_sum_exit_entry
321,1546311600,123,54,0,177,1,-0.39764039546852836,-0.6725166993074213
321,1546326000,35,20,0,55,1,-0.39764039546852836,-0.9709987752928025
321,1546340400,34,47,13,81,1,-0.21095797420815304,-0.9073878410664098
321,1546354800,126,121,0,247,1,-0.39764039546852836,-0.5012564917748255
321,1546369200,225,93,0,318,1,-0.39764039546852836,-0.3275497098489069
321,1546383600,102,44,0,146,1,-0.39764039546852836,-0.748360505500428
321,1546398000,31,10,0,41,1,-0.39764039546852836,-1.0052508167993217
321,1546412400,22,55,33,77,1,0.07624575080780897,-0.917174138639701
321,1546426800,270,549,279,819,1,3.6088515685041416,0.8981840612058144
321,1546441200,396,245,0,641,1,-0.39764039546852836,0.4626938191943565
321,1546455600,1021,302,0,1323,1,-0.39764039546852836,2.131257555440504
321,1546470000,337,100,0,437,1,-0.39764039546852836,-0.03640735704349407
321,1546484400,68,13,0,81,1,-0.39764039546852836,-0.9073878410664098
321,1546498800,27,46,19,73,1,-0.12479685670336443,-0.9269604362129922
321,1546513200,342,584,242,926,1,3.077524677224612,1.1599675212913536
321,1546527600,395,303,0,698,1,-0.39764039546852836,0.6021485596137559
321,1546542000,1135,310,0,1445,1,-0.39764039546852836,2.429739631425885
321,1546556400,389,144,0,533,1,-0.39764039546852836,0.19846378471549445
321,1546570800,64,19,0,83,1,-0.39764039546852836,-0.9024946922797642
321,1546585200,22,48,26,70,1,-0.024275552947777734,-0.9343001593929605
321,1546599600,331,539,208,870,1,2.5892783446974765,1.022959355265277
321,1546614000,427,255,0,682,1,-0.39764039546852836,0.5630033693205911
321,1546628400,1047,354,0,1401,1,-0.39764039546852836,2.322090358119682
321,1546642800,398,124,0,522,1,-0.39764039546852836,0.17155146638894367
321,1546657200,105,37,0,142,1,-0.39764039546852836,-0.7581468030737192
321,1546671600,13,14,1,27,1,-0.38328020921773026,-1.0395028583058408
321,1546686000,84,177,93,261,1,0.937856925855695,-0.46700445026830634
321,1546700400,350,224,0,574,1,-0.39764039546852836,0.29877333484172913
321,1546714800,415,219,0,634,1,-0.39764039546852836,0.44556779844109695
321,1546729200,220,126,0,346,1,-0.39764039546852836,-0.25904562683586857
321,1546743600,93,34,0,127,1,-0.39764039546852836,-0.7948454189735611
321,1546758000,20,9,0,29,1,-0.39764039546852836,-1.0346097095191953
321,1546772400,61,77,16,138,1,-0.16787741545575874,-0.7679331006470104
321,1546786800,278,235,0,513,1,-0.39764039546852836,0.1495322968490385
321,1546801200,422,211,0,633,1,-0.39764039546852836,0.44312122404777415
321,1546815600,175,60,0,235,1,-0.39764039546852836,-0.530615384494699
321,1546830000,28,8,0,36,1,-0.39764039546852836,-1.0174836887659355
321,1546844400,24,46,22,70,1,-0.08171629795097014,-0.9343001593929605
321,1546858800,357,568,211,925,1,2.632358903449871,1.1575209468980308
321,1546873200,403,247,0,650,1,-0.39764039546852836,0.48471298873426166
321,1546887600,1087,289,0,1376,1,-0.39764039546852836,2.2609259982866123
321,1546902000,402,115,0,517,1,-0.39764039546852836,0.15931859442232968
321,1546916400,53,9,0,62,2,-0.4494287064710177,-1.0499153210515677
321,1546930800,29,55,26,84,2,-0.06115643790586633,-1.0005150890191994
321,1546945200,419,585,166,1004,2,2.029540392829564,1.0653127959707474
321,1546959600,411,193,0,604,2,-0.4494287064710177,0.16712675901859667
321,1546974000,1098,323,0,1421,2,-0.4494287064710177,2.0016717394933647
321,1546988400,464,104,0,568,2,-0.4494287064710177,0.0862900156929031
321,1547002800,62,17,0,79,2,-0.4494287064710177,-1.0117424144811011
321,1547017200,25,56,31,81,2,0.013511306048970474,-1.0072514842963405
321,1547031600,385,537,152,922,2,1.8204707097560209,0.8811846583955565
321,1547046000,462,274,0,736,2,-0.4494287064710177,0.46352815121280644
321,1547060400,1088,346,0,1434,2,-0.4494287064710177,2.0308627856943096
321,1547074800,459,146,0,605,2,-0.4494287064710177,0.16937222411097705
321,1547089200,56,15,0,71,2,-0.4494287064710177,-1.0297061352201442
321,1547103600,27,49,22,76,2,-0.12089063306973577,-1.0184788097582425
321,1547118000,358,608,250,966,2,3.2839584912708224,0.9799851224602931
321,1547132400,419,253,0,672,2,-0.4494287064710177,0.3198183853004623
321,1547146800,1158,357,0,1515,2,-0.4494287064710177,2.21274545817712
321,1547161200,455,123,0,578,2,-0.4494287064710177,0.10874466661670686
321,1547175600,75,22,0,97,2,-0.4494287064710177,-0.9713240428182545
321,1547190000,23,47,24,70,2,-0.09102353548780105,-1.0319516003125246
321,1547204400,370,560,190,930,2,2.3879455638127807,0.8991483791345996
321,1547218800,400,281,0,681,2,-0.4494287064710177,0.3400275711318857
321,1547233200,1068,338,0,1406,2,-0.4494287064710177,1.967989763107659
321,1547247600,414,129,0,543,2,-0.4494287064710177,0.03015338838339367
321,1547262000,85,39,0,124,2,-0.4494287064710177,-0.9106964853239843
321,1547276400,18,18,0,36,2,-0.4494287064710177,-1.1082974134534573
321,1547290800,88,158,70,246,2,0.5959197088966975,-0.6367497440535783
321,1547305200,285,264,0,549,2,-0.4494287064710177,0.04362617893767593
321,1547319600,419,227,0,646,2,-0.4494287064710177,0.2614362928985725
321,1547334000,241,110,0,351,2,-0.4494287064710177,-0.4009759093536387
321,1547348400,71,35,0,106,2,-0.4494287064710177,-0.9511148569868311
321,1547362800,21,19,0,40,2,-0.4494287064710177,-1.099315553083936
321,1547377200,48,103,55,151,2,0.3719164770321871,-0.8500689278297141
321,1547391600,233,227,0,460,2,-0.4494287064710177,-0.15622021428417762
321,1547406000,359,176,0,535,2,-0.4494287064710177,0.012189667644350654
321,1547420400,153,68,0,221,2,-0.4494287064710177,-0.6928863713630877
321,1547434800,33,12,0,45,2,-0.4494287064710177,-1.088088227622034
321,1547449200,33,54,21,87,2,-0.13582418186070314,-0.9937786937420582
321,1547463600,369,626,257,995,2,3.388493332807594,1.045103610139324
321,1547478000,364,235,0,599,2,-0.4494287064710177,0.15589943355669478
321,1547492400,1096,247,0,1343,2,-0.4494287064710177,1.8265254622876952
321,1547506800,403,100,0,503,2,-0.4494287064710177,-0.05966521531182141
321,1547521200,44,16,0,60,3,-0.4821624912601937,-1.0434492039203802
321,1547535600,28,52,24,80,3,-0.149727613565067,-0.999011091402984
321,1547550000,373,640,267,1013,3,3.2161755230980913,1.0740268575335408
321,1547564400,455,275,0,730,3,-0.4821624912601937,0.44522756541238695
321,1547578800,1190,384,0,1574,3,-0.4821624912601937,2.3205159136464992
321,1547593200,496,104,0,600,3,-0.4821624912601937,0.15637983404931277
321,1547607600,61,21,0,82,3,-0.4821624912601937,-0.9945672801512445
321,1547622000,26,52,26,78,3,-0.12202470709047311,-1.0034549026547237
321,1547636400,369,598,229,967,3,2.689820300080807,0.97181919874353
321,1547650800,493,304,0,797,3,-0.4821624912601937,0.5940952423456637
321,1547665200,1167,344,0,1511,3,-0.4821624912601937,2.180535859216702
321,1547679600,520,140,0,660,3,-0.4821624912601937,0.28969417160150085
321,1547694000,66,18,0,84,3,-0.4821624912601937,-0.9901234688995049
321,1547708400,22,45,23,67,3,-0.16357906680236395,-1.0278958645392915
321,1547722800,392,603,211,995,3,2.440494141809462,1.0340325562678845
321,1547737200,414,238,0,652,3,-0.4821624912601937,0.2719189265945424
321,1547751600,1215,400,0,1615,3,-0.4821624912601937,2.411614044307161
321,1547766000,560,156,0,716,3,-0.4821624912601937,0.41412088665020974
321,1547780400,76,24,0,100,3,-0.4821624912601937,-0.954572978885588
321,1547794800,33,44,11,77,3,-0.3297965056499273,-1.0056768082805936
321,1547809200,348,601,253,949,3,3.022255177775934,0.9318248974778736
321,1547823600,459,289,0,748,3,-0.4821624912601937,0.4852218666780434
321,1547838000,1033,391,0,1424,3,-0.4821624912601937,1.9872300697660292
321,1547852400,394,140,0,534,3,-0.4821624912601937,0.009734062741905858
321,1547866800,111,46,0,157,3,-0.4821624912601937,-0.8279243582110093
321,1547881200,21,30,9,51,3,-0.3574994121245212,-1.0634463545532082
321,1547895600,75,211,136,286,3,1.401635149012191,-0.5412985324738049
321,1547910000,346,406,60,752,3,0.34892470297762307,0.4941094891815226
321,1547924400,527,254,0,781,3,-0.4821624912601937,0.5585447523317468
321,1547938800,293,145,0,438,3,-0.4821624912601937,-0.2035688773415951
321,1547953200,68,33,0,101,3,-0.4821624912601937,-0.9523510732597182
321,1547967600,26,13,0,39,3,-0.4821624912601937,-1.090109222063646
321,1547982000,50,109,59,159,3,0.3350732497403261,-0.8234805469592698
321,1547996400,280,359,79,639,3,0.6121023144862651,0.24303415345823504
321,1548010800,441,240,0,681,3,-0.4821624912601937,0.3363541897447667
321,1548025200,214,69,0,283,3,-0.4821624912601937,-0.5479642493514143
321,1548039600,34,22,0,56,3,-0.4821624912601937,-1.0523368264238593
321,1548054000,17,33,16,50,3,-0.26053923946344254,-1.0656682601790781
321,1548068400,126,185,59,311,3,0.3350732497403261,-0.4857508918270599
321,1548082800,254,195,0,449,3,-0.4821624912601937,-0.17912791545702728
321,1548097200,457,180,0,637,3,-0.4821624912601937,0.23859034220649541
321,1548111600,204,57,0,261,3,-0.4821624912601937,-0.59684617312055
321,1548126000,46,9,0,55,4,-0.5125554440497458,-1.153905687586773
321,1548140400,27,40,13,67,4,-0.25767814673539136,-1.1266135356066833
321,1548154800,380,525,145,905,4,2.3303067183026696,0.7792884110029212
321,1548169200,376,270,0,646,4,-0.5125554440497458,0.19023279743264968
321,1548183600,1069,299,0,1368,4,-0.5125554440497458,1.8323106082347194
321,1548198000,492,114,0,606,4,-0.5125554440497458,0.099258957499017
321,1548212400,70,15,0,85,4,-0.5125554440497458,-1.0856753076365486
321,1548226800,33,59,26,92,4,-0.0028008494210368523,-1.069754885648163
321,1548241200,406,536,130,942,4,2.036217529093799,0.8634392129415315
321,1548255600,432,255,0,687,4,-0.5125554440497458,0.2834809833646232
321,1548270000,1131,331,0,1462,4,-0.5125554440497458,2.0460991320787563
321,1548284400,476,156,0,632,4,-0.5125554440497458,0.15839195345587823
321,1548298800,74,26,0,100,4,-0.5125554440497458,-1.0515601176614362
321,1548313200,29,60,31,89,4,0.09522888031525334,-1.0765779236431854
321,1548327600,415,587,172,1002,4,2.8596672588786367,0.9998999728419805
321,1548342000,428,227,0,655,4,-0.5125554440497458,0.21070191141771702
321,1548356400,1131,344,0,1475,4,-0.5125554440497458,2.0756656300571867
321,1548370800,505,150,0,655,4,-0.5125554440497458,0.21070191141771702
321,1548385200,80,19,0,99,4,-0.5125554440497458,-1.0538344636597772
321,1548399600,28,55,27,83,4,0.016805096526221183,-1.0902239996332301
321,1548414000,384,526,142,910,4,2.2714888804608955,0.7906601409946253
321,1548428400,429,227,0,656,4,-0.5125554440497458,0.21297625741605786
321,1548442800,1055,389,0,1444,4,-0.5125554440497458,2.0051609041086214
321,1548457200,458,167,0,625,4,-0.5125554440497458,0.14247153146749253
321,1548471600,130,53,0,183,4,-0.5125554440497458,-0.8627893997991485
321,1548486000,23,17,0,40,4,-0.5125554440497458,-1.1880208775618852
321,1548500400,103,229,126,332,4,1.957793745304767,-0.5239118460463668
321,1548514800,339,401,62,740,4,0.7030132046802525,0.40402132127668644
321,1548529200,533,369,0,902,4,-0.5125554440497458,0.7724653730078987
321,1548543600,321,212,0,533,4,-0.5125554440497458,-0.06676830037986263
321,1548558000,126,34,0,160,4,-0.5125554440497458,-0.9150993577609873
321,1548572400,29,10,0,39,4,-0.5125554440497458,-1.1902952235602262
321,1548586800,70,116,46,186,4,0.3893180695241239,-0.8559663618041261
321,1548601200,291,290,0,581,4,-0.5125554440497458,0.04240030754049658
321,1548615600,447,249,0,696,4,-0.5125554440497458,0.30395009734969053
321,1548630000,219,106,0,325,4,-0.5125554440497458,-0.5398322680347525
321,1548644400,32,10,0,42,4,-0.5125554440497458,-1.1834721855652037
321,1548658800,35,53,18,88,4,-0.15964841699910115,-1.0788522696415261
321,1548673200,394,554,160,948,4,2.6243959075115404,0.8770852889315763
321,1548687600,330,242,0,572,4,-0.5125554440497458,0.021931193555429232
321,1548702000,1046,333,0,1379,4,-0.5125554440497458,1.8573284142164683
321,1548716400,413,120,0,533,4,-0.5125554440497458,-0.06676830037986263
321,1548730800,66,13,0,79,5,-0.4560761390239108,-1.0512712160925575
321,1548745200,30,71,41,101,5,0.18820449647220683,-1.0013213130074967
321,1548759600,385,579,194,964,5,2.5924712582016216,0.9580771580110224
321,1548774000,415,265,0,680,5,-0.4560761390239108,0.3132693181856928
321,1548788400,1200,327,0,1527,5,-0.4560761390239108,2.2363405869605315
321,1548802800,445,121,0,566,5,-0.4560761390239108,0.05443800219946896
321,1548817200,70,17,0,87,5,-0.4560761390239108,-1.0331076149707172
321,1548831600,25,59,34,84,5,0.07820536358262577,-1.0399189653914074
321,1548846000,440,628,188,1068,5,2.498186287153409,1.194203972594946
321,1548860400,513,284,0,797,5,-0.4560761390239108,0.5789119845926067
321,1548874800,1154,300,0,1454,5,-0.4560761390239108,2.070597726723739
321,1548889200,465,117,0,582,5,-0.4560761390239108,0.0907652044431495
321,1548903600,64,14,0,78,5,-0.4560761390239108,-1.0535416662327874
321,1548918000,26,47,21,73,5,-0.12607874035516764,-1.0648939169339378
321,1548932400,378,562,184,940,5,2.4353296397879345,0.9035863546455016
321,1548946800,384,231,0,615,5,-0.4560761390239108,0.1656900590707406
321,1548961200,1033,339,0,1372,5,-0.4560761390239108,1.8844208152248763
321,1548975600,414,111,0,525,5,-0.4560761390239108,-0.038650453549962424
321,1548990000,65,21,0,86,5,-0.4560761390239108,-1.0353780651109472
321,1549004400,28,51,23,79,5,-0.0946504166724302,-1.0512712160925575
321,1549013449,144,370,226,514,5,3.095324437125421,-0.0636254050924928
321,1549018800,343,304,0,647,5,-0.4560761390239108,0.2383444635581017
321,1549033200,451,273,0,724,5,-0.4560761390239108,0.4131691243558143
321,1549047600,1081,341,0,1422,5,-0.4560761390239108,1.9979433222363778
321,1549062000,460,141,0,601,5,-0.4560761390239108,0.13390375710752014
321,1549076400,120,24,0,144,5,-0.4560761390239108,-0.9036919569776053
321,1549090800,26,20,0,46,5,-0.4560761390239108,-1.1261960707201486
321,1549105200,109,168,59,277,5,0.47105940961684384,-0.6017220883270108
321,1549119600,378,297,0,675,5,-0.4560761390239108,0.30191706748454267
321,1549134000,509,247,0,756,5,-0.4560761390239108,0.48582352884317537
321,1549148400,271,108,0,379,5,-0.4560761390239108,-0.37013617402354737
321,1549162800,99,47,0,146,5,-0.4560761390239108,-0.8991510566971452
321,1549177200,21,14,0,35,5,-0.4560761390239108,-1.151171022262679
321,1549191600,66,110,44,176,5,0.23534698199631301,-0.8310375524902442
321,1549206000,282,232,0,514,5,-0.4560761390239108,-0.0636254050924928
321,1549220400,411,183,0,594,5,-0.4560761390239108,0.11801060612590991
321,1549234800,188,59,0,247,5,-0.4560761390239108,-0.6698355925339118
321,1549249200,39,14,0,53,5,-0.4560761390239108,-1.1103029197385383
321,1549263600,27,55,28,82,5,-0.016079607465586572,-1.0444598656718673
321,1549278000,376,582,206,958,5,2.7810412002980462,0.9444544571696423
321,1549292400,403,226,0,629,5,-0.4560761390239108,0.1974763610339611
321,1549306800,1105,333,0,1438,5,-0.4560761390239108,2.0342705244800583
321,1549321200,390,103,0,493,5,-0.4560761390239108,-0.11130485803732351
321,1549335600,75,14,0,89,6,-0.4858995672068844,-1.048389990218465
321,1549350000,21,61,40,82,6,0.1614527507213993,-1.0637109295327223
321,1549364400,386,528,142,914,6,1.8122011614385227,0.7572921432475759
321,1549378800,394,248,0,642,6,-0.4858995672068844,0.16196421560786306
321,1549393200,1048,330,0,1378,6,-0.4858995672068844,1.7728515492212038
321,1549407600,518,119,0,637,6,-0.4858995672068844,0.1510206875262507
321,1549422000,58,33,0,91,6,-0.4858995672068844,-1.04401257898582
321,1549436400,29,57,28,86,6,-0.03275294465708581,-1.0549561070674323
321,1549450800,384,570,186,954,6,2.5242887111596346,0.8448403679004749
321,1549465200,501,294,0,795,6,-0.4858995672068844,0.49683617490520154
321,1549479600,1186,323,0,1509,6,-0.4858995672068844,2.059571984959448
321,1549494000,482,158,0,640,6,-0.4858995672068844,0.1575868043752181
321,1549508400,67,38,0,105,6,-0.4858995672068844,-1.0133707003573054
321,1549522800,27,57,30,84,6,-0.0003853287606716248,-1.0593335183000774
321,1549537200,419,601,182,1020,6,2.4595534793668064,0.9892949385777582
321,1549551600,447,269,0,716,6,-0.4858995672068844,0.3239284312157261
321,1549566000,1172,394,0,1566,6,-0.4858995672068844,2.184328205089829
321,1549580400,544,134,0,678,6,-0.4858995672068844,0.2407576177954721
321,1549594800,71,47,0,118,6,-0.4858995672068844,-0.9849175273451132
321,1549609200,30,78,48,108,6,0.29092321430705603,-1.006804583508338
321,1549623600,381,597,216,978,6,3.0098029496058474,0.8973693026922143
321,1549638000,485,267,0,752,6,-0.4858995672068844,0.40272183340333517
321,1549652400,1124,381,0,1505,6,-0.4858995672068844,2.050817162494158
321,1549666800,453,132,0,585,6,-0.4858995672068844,0.037207995477482055
321,1549681200,91,40,0,131,6,-0.4858995672068844,-0.956464354332921
321,1549695600,24,32,8,56,6,-0.35642910362122765,-1.1206172755571067
321,1549710000,100,188,88,288,6,0.9382755322353397,-0.6128375725702927
321,1549724400,322,291,0,613,6,-0.4858995672068844,0.09849175273451131
321,1549738800,527,236,0,763,6,-0.4858995672068844,0.4267975951828824
321,1549753200,302,156,0,458,6,-0.4858995672068844,-0.2407576177954721
321,1549767600,129,36,0,165,6,-0.4858995672068844,-0.8820483633779569
321,1549782000,19,21,2,40,6,-0.4535319513104702,-1.155636565418266
321,1549796400,65,117,52,182,6,0.3556584460998844,-0.8448403679004749
321,1549810800,261,247,0,508,6,-0.4858995672068844,-0.13132233697934842
321,1549825200,435,180,0,615,6,-0.4858995672068844,0.10286916396715627
321,1549839600,175,73,0,248,6,-0.4858995672068844,-0.7003857972231916
321,1549854000,41,10,0,51,6,-0.4858995672068844,-1.131560803638719
321,1549868400,27,49,22,76,6,-0.12985579234632835,-1.076843163230657
321,1549882800,379,596,217,975,6,3.0259867575540547,0.8908031858432468
321,1549897200,413,243,0,656,6,-0.4858995672068844,0.1926060942363777
321,1549911600,1162,312,0,1474,6,-0.4858995672068844,1.9829672883881613
321,1549926000,424,101,0,525,6,-0.4858995672068844,-0.09411434150186637
321,1549940400,63,17,0,80,7,-0.41112100975283694,-1.0041189648350504
321,1549954800,27,57,30,84,7,0.034063348634156325,-0.9945837895997548
321,1549969200,387,581,194,968,7,2.4677378411497197,1.1126899374005752
321,1549983600,430,247,0,677,7,-0.41112100975283694,0.4190059390328196
321,1549998000,1054,301,0,1355,7,-0.41112100975283694,2.0352181414154256
321,1550012400,438,108,0,546,7,-0.41112100975283694,0.10672895007688832
321,1550026800,63,21,0,84,7,-0.41112100975283694,-0.9945837895997548
321,1550041200,33,58,25,91,7,-0.040134044430342554,-0.9778972329379875
321,1550055600,395,627,232,1022,7,3.0316380284399114,1.241414803077066
321,1550070000,532,271,0,803,7,-0.41112100975283694,0.7193639589446313
321,1550084400,1105,414,0,1519,7,-0.41112100975283694,2.4261603260625457
321,1550098800,569,121,0,690,7,-0.41112100975283694,0.4499952585475303
321,1550113200,85,17,0,102,7,-0.41112100975283694,-0.9516755010409245
321,1550127600,21,49,28,70,7,0.004384391408356771,-1.0279569029232893
321,1550142000,391,608,217,999,7,2.8090458492464148,1.1865875454741164
321,1550142145,0,0,0,0,7,-0.41112100975283694,-1.1948224695409626
321,1550156400,434,279,0,713,7,-0.41112100975283694,0.5048225161504801
321,1550170800,1142,378,0,1520,7,-0.41112100975283694,2.4285441198713698
321,1550185200,408,122,0,530,7,-0.41112100975283694,0.06858824913570588
321,1550199600,107,17,0,124,7,-0.41112100975283694,-0.8992320372467987
321,1550214000,30,50,20,80,7,-0.11433143749484144,-1.0041189648350504
321,1550222519,222,173,0,395,7,-0.41112100975283694,-0.253223915055521
321,1550228400,224,510,286,734,7,3.832969873536499,0.554882186135782
321,1550242800,449,290,0,739,7,-0.41112100975283694,0.5668011551799016
321,1550257200,1060,317,0,1377,7,-0.41112100975283694,2.0876616052095516
321,1550271600,439,153,0,592,7,-0.41112100975283694,0.21638346528278785
321,1550286000,119,32,0,151,7,-0.41112100975283694,-0.8348696044085533
321,1550300400,19,22,3,41,7,-0.36660257391413764,-1.0970869233791827
321,1550314800,100,163,63,263,7,0.5237661428598489,-0.5678846978202762
321,1550329200,327,249,0,576,7,-0.41112100975283694,0.1782427643416054
321,1550343600,493,252,0,745,7,-0.41112100975283694,0.581103918032845
321,1550358000,302,129,0,431,7,-0.41112100975283694,-0.1674073379378605
321,1550372400,102,48,0,150,7,-0.41112100975283694,-0.8372533982173772
321,1550386800,27,15,0,42,7,-0.41112100975283694,-1.0947031295703586
321,1550401200,69,125,56,194,7,0.4198897925695505,-0.7323664706291254
321,1550415600,319,246,0,565,7,-0.41112100975283694,0.1520210324445425
321,1550430000,437,196,0,633,7,-0.41112100975283694,0.3141190114445679
321,1550444400,223,68,0,291,7,-0.41112100975283694,-0.5011384711732069
321,1550458800,48,19,0,67,7,-0.41112100975283694,-1.0351082843497612
321,1550473200,25,32,7,57,7,-0.30724465946253854,-1.0589462224380002
321,1550487600,134,192,58,326,7,0.44956874979535005,-0.4177056878643703
321,1550502000,302,224,0,526,7,-0.41112100975283694,0.05905307390041027
321,1550516400,576,213,0,789,7,-0.41112100975283694,0.6859908456210967
321,1550530800,251,62,0,313,7,-0.41112100975283694,-0.448695007379081
321,1550545200,43,29,0,72,8,-0.5301369985249967,-1.2289762156702868
321,1550559600,26,61,35,87,8,0.5455032883373155,-1.1950370136419572
321,1550574000,380,482,102,862,8,2.6045861231880276,0.5584884244883999
321,1550588400,354,223,0,577,8,-0.5301369985249967,-0.08635641404986051
321,1550602800,1011,330,0,1341,8,-0.5301369985249967,1.6422802759263884
321,1550617200,460,118,0,578,8,-0.5301369985249967,-0.08409380058130521
321,1550631600,59,27,0,86,8,-0.5301369985249967,-1.1972996271105125
321,1550646000,26,61,35,87,8,0.5455032883373155,-1.1950370136419572
321,1550660400,393,519,126,912,8,3.3421680341793274,0.6716190979161648
321,1550674800,436,261,0,697,8,-0.5301369985249967,0.18515720217677542
321,1550689200,982,289,0,1271,8,-0.5301369985249967,1.4838973331275174
321,1550703600,470,122,0,592,8,-0.5301369985249967,-0.05241721202153102
321,1550718000,84,18,0,102,8,-0.5301369985249967,-1.161097811613628
321,1550732400,23,50,27,73,8,0.29964265134021556,-1.2267136022017315
321,1550746800,444,466,22,910,8,0.1459797532170281,0.6670938709790543
321,1550761200,403,295,0,698,8,-0.5301369985249967,0.18741981564533072
321,1550775600,1030,365,0,1395,8,-0.5301369985249967,1.7644614032283745
321,1550790000,605,162,0,767,8,-0.5301369985249967,0.3435401449756464
321,1550804400,86,26,0,112,8,-0.5301369985249967,-1.1384716769280747
321,1550818800,30,50,20,80,8,0.08451459396775311,-1.2108753079218444
321,1550833200,365,412,47,777,8,0.9142942438329654,0.3661662796611994
321,1550847600,397,250,0,647,8,-0.5301369985249967,0.07202652874901046
321,1550862000,984,398,0,1382,8,-0.5301369985249967,1.7350474281371557
321,1550876400,503,156,0,659,8,-0.5301369985249967,0.09917789037167404
321,1551495600,5268,8089,2821,13357,9,4.120788319259658,4.102603925428888
321,1551510000,30,19,0,49,9,-0.2588376362286923,-0.35949126271584886
321,1551524400,108,183,75,291,9,-0.1423995126336458,-0.27835006677874136
321,1551538800,339,265,0,604,9,-0.2588376362286923,-0.17340298277744118
321,1551553200,460,250,0,710,9,-0.2588376362286923,-0.13786179778019575
321,1551567600,287,110,0,397,9,-0.2588376362286923,-0.24280888178149593
321,1551582000,106,42,0,148,9,-0.2588376362286923,-0.32629713710521396
321,1551596400,33,17,0,50,9,-0.2588376362286923,-0.3591559685177616
321,1551610800,68,85,17,153,9,-0.2324449948804818,-0.32462066611477786
321,1551625200,273,218,0,491,9,-0.2588376362286923,-0.21129122716129714
321,1551639600,417,191,0,608,9,-0.2588376362286923,-0.17206180598509227
321,1551654000,168,43,0,211,9,-0.2588376362286923,-0.305173602625719
321,1551668400,44,13,0,57,9,-0.2588376362286923,-0.3568089091311511
321,1551682800,18,46,28,64,9,-0.21536740341987495,-0.35446184974454054
321,1551697200,335,395,60,730,9,-0.1656871373526551,-0.13115591381845132
321,1551711600,302,253,0,555,9,-0.2588376362286923,-0.189832398483715
321,1551726000,879,296,0,1175,9,-0.2588376362286923,0.01805000433036204
321,1551740400,411,120,0,531,9,-0.2588376362286923,-0.1978794592378083
321,1551754800,53,25,0,78,10,-0.4758390338492648,-1.079447509642602
321,1551769200,27,52,25,79,10,-0.07703690000176158,-1.0772834419737667
321,1551783600,416,611,195,1027,10,2.6348176101612606,0.9742527080819104
321,1551798000,459,256,0,715,10,-0.4758390338492648,0.29906359540535843
321,1551812400,1169,351,0,1520,10,-0.4758390338492648,2.0411380688176157
321,1551826800,498,123,0,621,10,-0.4758390338492648,0.09564123453485879
321,1551841200,68,25,0,93,10,-0.4758390338492648,-1.0469864946100753
321,1551855600,30,51,21,81,10,-0.1408452414173621,-1.0729553066360966
321,1551870000,418,626,208,1044,10,2.842194719761962,1.0110418584521073
321,1551884400,542,257,0,799,10,-0.4758390338492648,0.48084527958750706
321,1551898800,1085,346,0,1431,10,-0.4758390338492648,1.8485360462912919
321,1551913200,557,103,0,660,10,-0.4758390338492648,0.18003987361942778
321,1551927600,59,21,0,80,10,-0.4758390338492648,-1.0751193743049317
321,1551942000,21,56,35,77,10,0.08248395353723971,-1.081611577311437
321,1551956400,409,581,172,990,10,2.2679196470215577,0.8941822043350116
321,1551970800,430,259,0,689,10,-0.4758390338492648,0.24279783601564575
321,1551985200,1135,346,0,1481,10,-0.4758390338492648,1.956739429733047
321,1551999600,590,127,0,717,10,-0.4758390338492648,0.3033917307430286
321,1552014000,75,27,0,102,10,-0.4758390338492648,-1.0275098855905593
321,1552028400,34,49,15,83,10,-0.2365577535407629,-1.0686271712984263
321,1552042800,368,573,205,941,10,2.794338463700262,0.7881428885620916
321,1552057200,529,286,0,815,10,-0.4758390338492648,0.5154703622888687
321,1552071600,1157,362,0,1519,10,-0.4758390338492648,2.0389740011487807
321,1552086000,477,149,0,626,10,-0.4758390338492648,0.1064615728790343
321,1552100400,109,46,0,155,10,-0.4758390338492648,-0.912814299142299
321,1552114800,26,17,0,43,10,-0.4758390338492648,-1.1551898780518304
321,1552129200,106,165,59,271,10,0.4653340020308428,-0.661782449557427
321,1552143600,369,291,0,660,10,-0.4758390338492648,0.18003987361942778
321,1552158000,539,262,0,801,10,-0.4758390338492648,0.48517341492517724
321,1552172400,347,111,0,458,10,-0.4758390338492648,-0.2571017954852629
321,1552190400,125,46,0,171,10,-0.4758390338492648,-0.8781892164409374
321,1552204800,32,28,0,60,10,-0.4758390338492648,-1.1184007276816337
321,1552219200,84,113,29,197,10,-0.013228558586161066,-0.8219234570512247
321,1552233600,320,215,0,535,10,-0.4758390338492648,-0.09046858498496003
321,1552248000,364,140,0,504,10,-0.4758390338492648,-0.1575546827188482
321,1552262400,161,39,0,200,10,-0.4758390338492648,-0.8154312540447194
321,1552276800,23,11,0,34,10,-0.4758390338492648,-1.1746664870713464
321,1552291200,89,172,83,261,10,0.8481840505244459,-0.6834231262457782
321,1552305600,367,543,176,910,10,2.3317279884371582,0.7210567908282034
321,1552320000,483,211,0,694,10,-0.4758390338492648,0.25361817435982126
321,1552334400,1097,330,0,1427,10,-0.4758390338492648,1.8398797756159515
321,1552348800,289,72,0,361,11,-0.5132898141899987,-0.46082922914186547
321,1552363200,22,4,0,26,11,-0.5132898141899987,-1.1168918876490037
321,1552377600,83,162,79,245,11,0.904774801532246,-0.6880031646249342
321,1552392000,448,539,91,987,11,1.120177021641954,0.7651266640684882
321,1552406400,554,221,0,775,11,-0.5132898141899987,0.3499467130132246
321,1552420800,1167,357,0,1524,11,-0.5132898141899987,1.8167853136754528
321,1552435200,357,76,0,433,11,-0.5132898141899987,-0.3198247174627194
321,1552449600,28,14,0,42,11,-0.5132898141899987,-1.0855575517203044
321,1552464000,82,148,66,230,11,0.6714223964133956,-0.7173791045580896
321,1552478400,417,574,157,991,11,2.3048892322453485,0.772960248050663
321,1552492800,585,295,0,880,11,-0.5132898141899987,0.5555782925453127
321,1552507200,1157,352,0,1509,11,-0.5132898141899987,1.7874093737422974
321,1552521600,365,62,0,427,11,-0.5132898141899987,-0.33157509343598157
321,1552536000,37,13,0,50,11,-0.5132898141899987,-1.0698903837559548
321,1552550400,84,154,70,238,11,0.743223136449965,-0.7017119365937401
321,1552564800,493,678,185,1171,11,2.8074944125013337,1.1254715272485283
321,1552579200,793,325,0,1118,11,-0.5132898141899987,1.0216765394847123
321,1552593600,1392,495,0,1887,11,-0.5132898141899987,2.5276830600578144
321,1552608000,415,77,0,492,11,-0.5132898141899987,-0.20427935372564132
321,1552622400,61,10,0,71,11,-0.5132898141899987,-1.0287640678495373
321,1552636800,78,166,88,244,11,1.0663264666145271,-0.6899615606204779
321,1552651200,424,558,134,982,11,1.8920349770350744,0.7553346840907696
321,1552665600,833,372,0,1205,11,-0.5132898141899987,1.1920569910970138
321,1552680000,1283,442,0,1725,11,-0.5132898141899987,2.210422908779736
321,1552694400,404,86,0,490,11,-0.5132898141899987,-0.2081961457167287
321,1552708800,53,18,0,71,11,-0.5132898141899987,-1.0287640678495373
321,1552723200,29,38,9,67,11,-0.3517381491077177,-1.0365976518317122
321,1552737600,251,213,0,464,11,-0.5132898141899987,-0.2591144416008648
321,1552752000,603,286,0,889,11,-0.5132898141899987,0.573203856505206
321,1552766400,542,175,0,717,11,-0.5132898141899987,0.23635974527169026
321,1552780800,201,67,0,268,11,-0.5132898141899987,-0.6429600567274292
321,1552795200,53,16,0,69,11,-0.5132898141899987,-1.0326808598406247
321,1552809600,24,13,0,37,11,-0.5132898141899987,-1.0953495316980228
321,1552824000,101,82,0,183,11,-0.5132898141899987,-0.8094237163486433
321,1552838400,232,147,0,379,11,-0.5132898141899987,-0.42557810122207895
321,1552852800,290,93,0,383,11,-0.5132898141899987,-0.4177445172399042
321,1552867200,135,30,0,165,11,-0.5132898141899987,-0.8446748442684299
321,1552881600,26,10,0,36,11,-0.5132898141899987,-1.0973079276935667
321,1552896000,66,180,114,246,11,1.5330312768522276,-0.6860447686293905
321,1552910400,329,537,208,866,11,3.2203486677116073,0.5281607486077009
321,1552924800,520,231,0,751,11,-0.5132898141899987,0.3029452091201759
321,1552939200,1061,290,0,1351,11,-0.5132898141899987,1.4779828064463936
321,1552953600,269,93,0,362,12,-0.5596537477073653,-0.41706235211052234
321,1552968000,37,12,0,49,12,-0.5596537477073653,-1.122323695157207
321,1552982400,67,170,103,237,12,1.4595807081575742,-0.6987162431036074
321,1552996800,406,578,172,984,12,2.812271751406903,0.9844474094710686
321,1553011200,552,248,0,800,12,-0.5596537477073653,0.5698528819292474
321,1553025600,1215,312,0,1527,12,-0.5596537477073653,2.2079519119450297
321,1553040000,342,94,0,436,12,-0.5596537477073653,-0.25032324864261607
321,1553054400,40,12,0,52,12,-0.5596537477073653,-1.1155640017733732
321,1553068800,75,160,85,235,12,1.1067047838316624,-0.7032227053594967
321,1553083200,428,551,123,979,12,1.8516650685196983,0.9731812538313451
321,1553097600,561,257,0,818,12,-0.5596537477073653,0.6104110422322516
321,1553112000,1099,376,0,1475,12,-0.5596537477073653,2.0907838932919063
321,1553126400,351,87,0,438,12,-0.5596537477073653,-0.2458167863867267
321,1553140800,46,22,0,68,12,-0.5596537477073653,-1.0795123037262582
321,1553155200,72,161,89,233,12,1.1851216559040871,-0.7077291676153861
321,1553169600,406,535,129,941,12,1.9692903766283356,0.8875584709694473
321,1553184000,558,252,0,810,12,-0.5596537477073653,0.5923851932086942
321,1553198400,1118,365,0,1483,12,-0.5596537477073653,2.1088097423154637
321,1553212800,415,115,0,530,12,-0.5596537477073653,-0.03851952261581615
321,1553227200,76,17,0,93,12,-0.5596537477073653,-1.0231815255276413
321,1553241600,73,149,76,222,12,0.9302668216687064,-0.7325147100227776
321,1553256000,397,543,146,940,12,2.302562082936141,0.8853052398415026
321,1553270400,590,280,0,870,12,-0.5596537477073653,0.727579060885375
321,1553284800,1054,351,0,1405,12,-0.5596537477073653,1.9330577143357788
321,1553299200,323,87,0,410,12,-0.5596537477073653,-0.30890725796917773
321,1553313600,58,25,0,83,12,-0.5596537477073653,-1.045713836807088
321,1553328000,36,60,24,96,12,-0.08915251527281633,-1.0164218321438072
321,1553342400,121,144,23,265,12,-0.10875673329092254,-0.6356257715211563
321,1553356800,359,195,0,554,12,-0.5596537477073653,0.015558024454856172
321,1553371200,409,160,0,569,12,-0.5596537477073653,0.04935649137402637
321,1553385600,212,67,0,279,12,-0.5596537477073653,-0.6040805357299308
321,1553400000,63,11,0,74,12,-0.5596537477073653,-1.0659929169585902
321,1553414400,22,17,0,39,12,-0.5596537477073653,-1.144856006436654
321,1553428800,118,97,0,215,12,-0.5596537477073653,-0.7482873279183903
321,1553443200,284,169,0,453,12,-0.5596537477073653,-0.2120183194675565
321,1553457600,316,142,0,458,12,-0.5596537477073653,-0.2007521638278331
321,1553472000,160,47,0,207,12,-0.5596537477073653,-0.7663131769419478
321,1553486400,24,14,0,38,12,-0.5596537477073653,-1.1471092375645986
321,1553500800,79,162,83,241,12,1.06749634779545,-0.6897033185918287
321,1553515200,396,542,146,938,12,2.302562082936141,0.8807987775856132
321,1553529600,532,223,0,755,12,-0.5596537477073653,0.4684574811717368
321,1553544000,1011,306,0,1317,12,-0.5596537477073653,1.734773375076647
321,1553558400,262,70,0,332,13,-0.5882830846879101,-0.5606631686564549
321,1553572800,34,19,0,53,13,-0.5882830846879101,-1.1781884069604627
321,1553587200,76,165,89,241,13,0.9345716040679127,-0.7620782105405578
321,1553601600,450,581,131,1031,13,1.6532221313459416,0.9864699552664891
321,1553616000,491,279,0,770,13,-0.5882830846879101,0.40878505491757866
321,1553630400,1156,346,0,1502,13,-0.5882830846879101,2.028958798424868
321,1553644800,380,93,0,473,13,-0.5882830846879101,-0.24858052134152633
321,1553659200,36,21,0,57,13,-0.5882830846879101,-1.1693349985259966
321,1553673600,81,153,72,234,13,0.6436892477887106,-0.7775716753008735
321,1553688000,429,563,134,992,13,1.7045543118658006,0.900149223030445
321,1553702400,578,247,0,825,13,-0.5882830846879101,0.530519420891487
321,1553716800,1137,387,0,1524,13,-0.5882830846879101,2.077652544814431
321,1553731200,425,117,0,542,13,-0.5882830846879101,-0.09585922584698679
321,1553745600,36,14,0,50,13,-0.5882830846879101,-1.1848284632863122
321,1553760000,88,185,97,273,13,1.0714574187875372,-0.6912509430648294
321,1553774400,381,564,183,945,13,2.542979927023501,0.7961216739254688
321,1553788800,569,282,0,851,13,-0.5882830846879101,0.5880665757155163
321,1553803200,1130,355,0,1485,13,-0.5882830846879101,1.991331812578387
321,1553817600,462,137,0,599,13,-0.5882830846879101,0.030301844344154574
321,1553832000,65,20,0,85,13,-0.5882830846879101,-1.1073611394847342
321,1553846400,65,176,111,241,13,1.3110075945468802,-0.7620782105405578
321,1553860800,383,526,143,909,13,1.8585508534253783,0.7164409980152743
321,1553875200,633,266,0,899,13,-0.5882830846879101,0.6943074769291091
321,1553889600,1091,393,0,1484,13,-0.5882830846879101,1.9891184604697705
321,1553904000,387,101,0,488,13,-0.5882830846879101,-0.2153802397122786
321,1553918400,86,19,0,105,13,-0.5882830846879101,-1.063094097312404
321,1553932800,23,39,16,62,13,-0.3145114552486611,-1.1582682379829141
321,1553947200,145,239,94,384,13,1.020125238267678,-0.44556885900839616
321,1553961600,445,292,0,737,13,-0.5882830846879101,0.33574443533323367
321,1553976000,533,225,0,758,13,-0.5882830846879101,0.3822248296141805
321,1553990400,259,105,0,364,13,-0.5882830846879101,-0.4898359011807265
321,1554004800,81,15,0,96,13,-0.5882830846879101,-1.0830142662899525
321,1554019200,20,22,2,42,13,-0.554061631008004,-1.2025352801552442
321,1554033600,108,175,67,283,13,0.5581356135889453,-0.6691174219786642
321,1554048000,405,283,0,688,13,-0.5882830846879101,0.2272901820110244
321,1554062400,369,176,0,545,13,-0.5882830846879101,-0.08921916952113725
321,1554076800,161,45,0,206,13,-0.5882830846879101,-0.8395455343421359
321,1554091200,28,10,0,38,13,-0.5882830846879101,-1.2113886885897105
321,1554105600,75,160,85,235,13,0.8661286967081004,-0.775358323192257
321,1554120000,382,602,220,984,13,3.1760768201017644,0.8824424061615129
321,1554134400,526,228,0,754,13,-0.5882830846879101,0.37337142117971445
321,1554148800,1094,323,0,1417,13,-0.5882830846879101,1.8408238691924639
321,1554163200,283,69,0,352,14,-0.6239494587043571,-0.5462850596311415
321,1554177600,27,13,0,40,14,-0.6239494587043571,-1.2262356125762859
321,1554192000,101,176,75,277,14,0.9008300563605963,-0.7097347117814166
321,1554206400,413,483,70,896,14,0.7991780886895994,0.639269750632187
321,1554220800,583,275,0,858,14,-0.6239494587043571,0.556455260209381
321,1554235200,1203,365,0,1568,14,-0.6239494587043571,2.1037786338986515
321,1554249600,385,79,0,464,14,-0.6239494587043571,-0.3022002457533974
321,1554264000,32,9,0,41,14,-0.6239494587043571,-1.2240562838809488
321,1554278400,85,171,86,256,14,1.1244643852367895,-0.7555006143834936
321,1554292800,414,573,159,987,14,2.608583113233344,0.8375886619078541
321,1554307200,601,286,0,887,14,-0.6239494587043571,0.619655792374154
321,1554321600,1165,374,0,1539,14,-0.6239494587043571,2.0405781017338787
321,1554336000,351,86,0,437,14,-0.6239494587043571,-0.3610421205274964
321,1554350400,43,60,17,103,14,-0.2783327686229677,-1.0889379047700547
321,1554364800,94,173,79,267,14,0.9821516304973938,-0.7315279987347866
321,1554379200,467,584,117,1051,14,1.7547065847969703,0.9770656984094221
321,1554393600,589,237,0,826,14,-0.6239494587043571,0.48671674195859693
321,1554408000,1163,387,0,1550,14,-0.6239494587043571,2.0645507173825854
321,1554422400,362,104,0,466,14,-0.6239494587043571,-0.2978415883627234
321,1554436800,40,12,0,52,14,-0.6239494587043571,-1.2000836682322418
321,1554451200,81,167,86,248,14,1.1244643852367895,-0.7729352439461896
321,1554465600,437,567,130,1004,14,2.019001700741562,0.8746372497285831
321,1554480000,672,334,0,1006,14,-0.6239494587043571,0.8789959071192571
321,1554494400,1165,370,0,1535,14,-0.6239494587043571,2.0318607869525307
321,1554508800,398,101,0,499,14,-0.6239494587043571,-0.22592374141660235
321,1554523200,62,24,0,86,14,-0.6239494587043571,-1.1259864925907836
321,1554537600,29,47,18,76,14,-0.2580023750887683,-1.1477797795441538
321,1554552000,169,311,142,480,14,2.262966423151955,-0.26733098662800536
321,1554566400,432,400,0,832,14,-0.6239494587043571,0.499792714130619
321,1554580800,572,335,0,907,14,-0.6239494587043571,0.6632423662808941
321,1554595200,261,121,0,382,14,-0.6239494587043571,-0.48090519877103144
321,1554609600,99,30,0,129,14,-0.6239494587043571,-1.0322753586912927
321,1554624000,27,31,4,58,14,-0.5426278845675596,-1.1870076960602198
321,1554638400,135,218,83,353,14,1.0634732046341913,-0.5441057309358045
321,1554652800,340,331,0,671,14,-0.6239494587043571,0.1489207941813618
321,1554667200,395,218,0,613,14,-0.6239494587043571,0.02251972985181576
321,1554681600,196,67,0,263,14,-0.6239494587043571,-0.7402453135161345
321,1554696000,22,8,0,30,14,-0.6239494587043571,-1.2480288995296558
321,1554710400,95,182,87,277,14,1.144794778770989,-0.7097347117814166
321,1554724800,362,498,136,860,14,2.1409840619467584,0.560813917600055
321,1554739200,518,225,0,743,14,-0.6239494587043571,0.3058324602456259
321,1554753600,1037,306,0,1343,14,-0.6239494587043571,1.6134296774478265
321,1554768000,279,69,0,348,15,-0.5323614262542836,-0.4800604304171553
321,1554782400,31,10,0,41,15,-0.5323614262542836,-1.1703580985111444
321,1554796800,113,192,79,305,15,1.0589675938463587,-0.5767470744824372
321,1554811200,436,600,164,1036,15,2.7711570458533794,1.0669258746273547
321,1554825600,550,267,0,817,15,-0.5323614262542836,0.5744985478762679
321,1554840000,1155,337,0,1492,15,-0.5323614262542836,2.092254007040576
321,1554854400,364,68,0,432,15,-0.5323614262542836,-0.29118419549893026
321,1554868800,41,21,0,62,15,-0.5323614262542836,-1.1231390397815881
321,1554883200,87,159,72,246,15,0.9179637566222512,-0.7094101442464286
321,1554897600,462,552,90,1014,15,1.2805450523413848,1.0174582892916288
321,1554912000,594,261,0,855,15,-0.5323614262542836,0.659942558910703
321,1554926400,1152,310,0,1462,15,-0.5323614262542836,2.0247982088554957
321,1554940800,372,90,0,462,15,-0.5323614262542836,-0.2237283973138499
321,1554955200,50,16,0,66,15,-0.5323614262542836,-1.114144933356911
321,1554969600,109,185,76,294,15,0.9985373778931698,-0.6014808671503
321,1554984000,447,564,117,1011,15,1.8244169959200855,1.010712709473121
321,1554998400,549,296,0,845,15,-0.5323614262542836,0.6374572928490095
321,1555012800,1126,360,0,1486,15,-0.5323614262542836,2.07876284740356
321,1555027200,402,86,0,488,15,-0.5323614262542836,-0.1652667055534469
321,1555041600,54,10,0,64,15,-0.5323614262542836,-1.1186419865692494
321,1555056000,76,168,92,244,15,1.3208318629768443,-0.7139071974587673
321,1555070400,403,566,163,969,15,2.75101364053565,0.9162745920140084
321,1555084800,615,308,0,923,15,-0.5323614262542836,0.8128423681302185
321,1555099200,1035,330,0,1365,15,-0.5323614262542836,1.8066911280570692
321,1555113600,330,70,0,400,15,-0.5323614262542836,-0.36313704689634935
321,1555128000,70,17,0,87,15,-0.5323614262542836,-1.0669258746273547
321,1555142400,27,26,0,53,15,-0.5323614262542836,-1.1433757792371122
321,1555156800,142,157,15,299,15,-0.23021034648833882,-0.5902382341194533
321,1555171200,388,199,0,587,15,-0.5323614262542836,0.05733742845731832
321,1555185600,457,171,0,628,15,-0.5323614262542836,0.1495270193102615
321,1555200000,233,85,0,318,15,-0.5323614262542836,-0.5475162286022357
321,1555214400,79,21,0,100,15,-0.5323614262542836,-1.0376950287471531
321,1555228800,29,16,0,45,15,-0.5323614262542836,-1.1613639920864671
321,1555243200,122,133,11,255,15,-0.31078396775925743,-0.6891734047909045
321,1555257600,282,199,0,481,15,-0.5323614262542836,-0.18100639179663233
321,1555272000,373,132,0,505,15,-0.5323614262542836,-0.12704175324856803
321,1555286400,167,41,0,208,15,-0.5323614262542836,-0.7948541552808637
321,1555300800,14,8,0,22,15,-0.5323614262542836,-1.213080104028362
321,1555315200,83,149,66,232,15,0.7971033247158733,-0.7408895167327995
321,1555329600,383,548,165,931,15,2.791300451171109,0.8308305809795733
321,1555344000,526,234,0,760,15,-0.5323614262542836,0.44633253132461514
321,1555358400,1055,290,0,1345,15,-0.5323614262542836,1.7617205959336824
321,1555372800,271,72,0,343,16,-0.5684522877898129,-0.42607084442715304
321,1555387200,28,22,0,50,16,-0.5684522877898129,-1.0853475716395942
321,1555401600,91,187,96,278,16,1.6941337184969845,-0.5723267736722338
321,1555416000,449,525,76,974,16,1.2227616338539016,0.9937367148597083
321,1555430400,574,227,0,801,16,-0.5684522877898129,0.6044709339458778
321,1555444800,1166,339,0,1505,16,-0.5684522877898129,2.1885351522310605
321,1555459200,350,72,0,422,16,-0.5684522877898129,-0.24831363811390098
321,1555473600,40,9,0,49,16,-0.5684522877898129,-1.0875976628587494
321,1555488000,85,199,114,284,16,2.118368594675759,-0.5588262263573033
321,1555502400,436,590,154,1026,16,3.0611127639619244,1.1107414582557729
321,1555516800,576,328,0,904,16,-0.5684522877898129,0.836230329518852
321,1555531200,1148,425,0,1573,16,-0.5684522877898129,2.341541355133607
321,1555545600,377,92,0,469,16,-0.5684522877898129,-0.1425593508136118
321,1555560000,35,7,0,42,16,-0.5684522877898129,-1.103348301392835
321,1555574400,91,182,91,273,16,1.5762906973362139,-0.5835772297680093
321,1555588800,456,591,135,1047,16,2.613309283550996,1.1579933738580297
321,1555603200,616,254,0,870,16,-0.5684522877898129,0.759727228067579
321,1555617600,1125,359,0,1484,16,-0.5684522877898129,2.1412832366288037
321,1555632000,383,104,0,487,16,-0.5684522877898129,-0.1020577088688202
321,1555646400,51,12,0,63,16,-0.5684522877898129,-1.056096385790578
321,1555660800,41,99,58,140,16,0.7985267576751272,-0.8828393619156362
321,1555675200,325,408,83,733,16,1.3877418634789807,0.45146473104333174
321,1555689600,589,255,0,844,16,-0.5684522877898129,0.7012248563695467
321,1555704000,836,270,0,1106,16,-0.5684522877898129,1.29074875578818
321,1555718400,302,101,0,403,16,-0.5684522877898129,-0.2910653712778477
321,1555732800,49,19,0,68,16,-0.5684522877898129,-1.0448459296948025
321,1555747200,17,35,18,52,16,-0.14421741161103846,-1.080847389201284
321,1555761600,127,187,60,314,16,0.8456639661394354,-0.4913234897826506
321,1555776000,333,254,0,587,16,-0.5684522877898129,0.12295141304668873
321,1555790400,376,151,0,527,16,-0.5684522877898129,-0.012054060102616622
321,1555804800,227,73,0,300,16,-0.5684522877898129,-0.5228247668508219
321,1555819200,58,22,0,80,16,-0.5684522877898129,-1.0178448350649414
321,1555833600,23,12,0,35,16,-0.5684522877898129,-1.1190989399269204
321,1555848000,87,95,8,182,16,-0.37990345393257985,-0.7883355307111224
321,1555862400,242,179,0,421,16,-0.5684522877898129,-0.2505637293330561
321,1555876800,240,109,0,349,16,-0.5684522877898129,-0.4125702971122225
321,1555891200,100,50,0,150,16,-0.5684522877898129,-0.8603384497240852
321,1555905600,12,12,0,24,16,-0.5684522877898129,-1.1438499433376266
321,1555920000,79,125,46,204,16,0.5157035068892775,-0.7388335238897105
321,1555934400,362,436,74,798,16,1.1756244253895933,0.5977206602884125
321,1555948800,452,256,0,708,16,-0.5684522877898129,0.39521245056445453
321,1555963200,1019,371,0,1390,16,-0.5684522877898129,1.9297746620282255
321,1555977600,277,99,0,376,17,-0.5495889563900774,-0.3579845472587968
321,1555992000,39,13,0,52,17,-0.5495889563900774,-1.120459695028042
321,1556006400,87,134,47,221,17,0.7980987453664602,-0.7227488926422321
321,1556020800,412,509,97,921,17,2.2318090663840535,0.9245739574765077
321,1556035200,450,249,0,699,17,-0.5495889563900774,0.40213728215313593
321,1556049600,1089,342,0,1431,17,-0.5495889563900774,2.1247663197058753
321,1556064000,393,85,0,478,17,-0.5495889563900774,-0.11794607481292331
321,1556078400,35,15,0,50,17,-0.5495889563900774,-1.125166331742667
321,1556092800,87,129,42,216,17,0.6547277132647009,-0.7345154844287944
321,1556107200,413,513,100,926,17,2.317831685645109,0.9363405492630701
321,1556121600,479,288,0,767,17,-0.5495889563900774,0.562162930450385
321,1556136000,1047,355,0,1402,17,-0.5495889563900774,2.056520087343813
321,1556150400,375,60,0,435,17,-0.5495889563900774,-0.21913876417736017
321,1556164800,63,15,0,78,17,-0.5495889563900774,-1.0592734177379175
321,1556179200,89,140,51,229,17,0.9127955710478677,-0.7039223457837321
321,1556193600,407,524,117,931,17,2.8052931947910906,0.9481071410496326
321,1556208000,507,255,0,762,17,-0.5495889563900774,0.5503963386638225
321,1556222400,1120,369,0,1489,17,-0.5495889563900774,2.2612587844299994
321,1556236800,386,71,0,457,17,-0.5495889563900774,-0.1673657603164855
321,1556251200,34,20,0,54,17,-0.5495889563900774,-1.1157530583134172
321,1556265600,73,107,34,180,17,0.42533406190188594,-0.819234945292044
321,1556280000,378,428,50,806,17,0.8841213646275158,0.6539423463855719
321,1556294400,507,230,0,737,17,-0.5495889563900774,0.4915633797310104
321,1556308800,911,334,0,1245,17,-0.5495889563900774,1.687049105245753
321,1556323200,348,94,0,442,17,-0.5495889563900774,-0.2026655356761728
321,1556337600,61,18,0,79,17,-0.5495889563900774,-1.056920099380605
321,1556352000,28,34,6,62,17,-0.37754371786796626,-1.0969265114549172
321,1556366400,147,184,37,331,17,0.5113566811629415,-0.46388387333785863
321,1556380800,367,242,0,609,17,-0.5495889563900774,0.19033862999501228
321,1556395200,425,181,0,606,17,-0.5495889563900774,0.1832786749230748
321,1556409600,215,87,0,302,17,-0.5495889563900774,-0.5321301056999207
321,1556424000,61,33,0,94,17,-0.5495889563900774,-1.0216203240209176
321,1556438400,21,25,4,46,17,-0.43489213070867,-1.134579605171917
321,1556452800,99,118,19,217,17,-0.004779034403392011,-0.732162166071482
321,1556467200,260,188,0,448,17,-0.5495889563900774,-0.18854562553229787
321,1556481600,306,125,0,431,17,-0.5495889563900774,-0.2285520376066101
321,1556496000,134,42,0,176,17,-0.5495889563900774,-0.8286482187212939
321,1556510400,20,20,0,40,17,-0.5495889563900774,-1.148699515315792
321,1556524800,79,155,76,234,17,1.6296507315566642,-0.6921557539971698
321,1556539200,405,530,125,935,17,3.0346868461539054,0.9575204144788825
321,1556553600,522,263,0,785,17,-0.5495889563900774,0.6045226608820097
321,1556568000,1102,300,0,1402,17,-0.5495889563900774,2.056520087343813
321,1556582400,280,72,0,352,18,-0.5130954249992901,-0.4174258002597704
321,1556596800,33,7,0,40,18,-0.5130954249992901,-1.1214993858697628
321,1556611200,94,139,45,233,18,0.3080310383780666,-0.6859666870789662
321,1556625600,425,558,133,983,18,1.913789455649342,1.006517893714285
321,1556640000,548,233,0,781,18,-0.5130954249992901,0.5506753799539692
321,1556654400,1076,340,0,1416,18,-0.5130954249992901,1.9836456583589217
321,1556668800,394,62,0,456,18,-0.5130954249992901,-0.1827346050564396
321,1556683200,35,5,0,40,18,-0.5130954249992901,-1.1214993858697628
321,1556697600,82,162,80,244,18,0.946684954338233,-0.6611435798939985
321,1556712000,433,581,148,1014,18,2.1874982767751274,1.0764739230537392
321,1556726400,567,246,0,813,18,-0.5130954249992901,0.6228880554011479
321,1556740800,1122,364,0,1486,18,-0.5130954249992901,2.1416108858996252
321,1556755200,366,61,0,427,18,-0.5130954249992901,-0.2481773421804453
321,1556769600,30,10,0,40,18,-0.5130954249992901,-1.1214993858697628
321,1556784000,97,178,81,275,18,0.9649322090799519,-0.5911875505545442
321,1556798400,408,530,122,938,18,1.7130696534904326,0.9049688188666898
321,1556812800,581,261,0,842,18,-0.5130954249992901,0.6883307925251536
321,1556827200,1139,331,0,1470,18,-0.5130954249992901,2.105504548176036
321,1556841600,360,76,0,436,18,-0.5130954249992901,-0.2278675272109263
321,1556856000,34,15,0,49,18,-0.5130954249992901,-1.1011895709002437
321,1556870400,82,166,84,248,18,1.019673973305109,-0.6521169954631012
321,1556884800,392,533,141,925,18,2.0597674935830943,0.8756324194662733
321,1556899200,551,227,0,778,18,-0.5130954249992901,0.5439054416307962
321,1556913600,1008,337,0,1345,18,-0.5130954249992901,1.823423784710494
321,1556928000,315,83,0,398,18,-0.5130954249992901,-0.313620079304451
321,1556942400,75,16,0,91,18,-0.5130954249992901,-1.0064104343758218
321,1556956800,30,36,6,66,18,-0.4036118965489759,-1.0628265870689302
321,1556971200,127,141,14,268,18,-0.2576338586152236,-0.6069840733086145
321,1556985600,323,196,0,519,18,-0.5130954249992901,-0.040565900269806505
321,1557000000,403,148,0,551,18,-0.5130954249992901,0.0316467751773722
321,1557014400,205,73,0,278,18,-0.5130954249992901,-0.5844176122313711
321,1557028800,67,12,0,79,18,-0.5130954249992901,-1.0334901876685139
321,1557043200,26,20,0,46,18,-0.5130954249992901,-1.107959509223417
321,1557057600,101,113,12,214,18,-0.29412836809866166,-0.7288429631257286
321,1557072000,262,144,0,406,18,-0.5130954249992901,-0.2955669104426563
321,1557086400,293,127,0,420,18,-0.5130954249992901,-0.26397386493451563
321,1557100800,124,40,0,164,18,-0.5130954249992901,-0.8416752685119453
321,1557115200,13,12,0,25,18,-0.5130954249992901,-1.1553490774856279
321,1557129600,82,159,77,241,18,0.8919431901130758,-0.6679135182171716
321,1557144000,360,598,238,958,18,3.829751203529841,0.9501017410211764
321,1557158400,571,220,0,791,18,-0.5130954249992901,0.5732418410312126
321,1557172800,1096,311,0,1407,18,-0.5130954249992901,1.9633358433894028
321,1557187200,302,64,0,366,19,-0.5219675018458213,-0.4192498181338553
321,1557201600,39,10,0,49,19,-0.5219675018458213,-1.1142930354958465
321,1557216000,97,196,99,293,19,1.2613857213874777,-0.5793070890090142
321,1557230400,383,555,172,938,19,2.5763835526605163,0.8348975646139647
321,1557244800,582,237,0,819,19,-0.5219675018458213,0.5739822874339112
321,1557259200,1156,360,0,1516,19,-0.5219675018458213,2.10220033948851
321,1557273600,372,74,0,446,19,-0.5219675018458213,-0.24384458977751683
321,1557288000,28,9,0,37,19,-0.5219675018458213,-1.1406038197492971
321,1557302400,105,171,66,276,19,0.6669346469763782,-0.6165807000347361
321,1557316800,386,545,159,931,19,2.342205856680386,0.819549607132785
321,1557331200,575,274,0,849,19,-0.5219675018458213,0.6397592480675381
321,1557345600,1067,318,0,1385,19,-0.5219675018458213,1.8149742780550058
321,1557360000,366,79,0,445,19,-0.5219675018458213,-0.24603715513197108
321,1557374400,42,8,0,50,19,-0.5219675018458213,-1.1121004701413921
321,1557388800,95,167,72,262,19,0.775016660505669,-0.6472766149970953
321,1557403200,418,612,194,1030,19,2.9726842689345827,1.036613577223754
321,1557417600,602,276,0,878,19,-0.5219675018458213,0.7033436433467108
321,1557432000,1187,434,0,1621,19,-0.5219675018458213,2.332419701706204
321,1557446400,449,80,0,529,19,-0.5219675018458213,-0.06186166535781569
321,1557460800,49,16,0,65,19,-0.5219675018458213,-1.0792119898245787
321,1557475200,85,150,65,235,19,0.6489209780548296,-0.7064758795673595
321,1557489600,390,505,115,895,19,1.5496044241322533,0.7406172543724328
321,1557504000,609,293,0,902,19,-0.5219675018458213,0.7559652118536123
321,1557518400,993,358,0,1351,19,-0.5219675018458213,1.740427056003562
321,1557532800,324,86,0,410,19,-0.5219675018458213,-0.32277694253786915
321,1557547200,60,19,0,79,19,-0.5219675018458213,-1.0485160748622195
321,1557561600,37,38,1,75,19,-0.5039538329242728,-1.0572863362800364
321,1557576000,138,156,18,294,19,-0.1977214612579487,-0.57711452365456
321,1557590400,367,201,0,568,19,-0.5219675018458213,0.02364838346589931
321,1557604800,421,156,0,577,19,-0.5219675018458213,0.04338147165598739
321,1557619200,209,60,0,269,19,-0.5219675018458213,-0.6319286575159156
321,1557633600,61,15,0,76,19,-0.5219675018458213,-1.055093770925582
321,1557648000,33,24,0,57,19,-0.5219675018458213,-1.0967525126602127
321,1557662400,108,103,0,211,19,-0.5219675018458213,-0.759097448074261
321,1557676800,296,135,0,431,19,-0.5219675018458213,-0.2767330700943303
321,1557691200,247,106,0,353,19,-0.5219675018458213,-0.44775316774176027
321,1557705600,190,28,0,218,19,-0.5219675018458213,-0.7437494905930815
321,1557720000,18,7,0,25,19,-0.5219675018458213,-1.166914604002748
321,1557734400,83,177,94,260,19,1.1713173767797354,-0.6516617457060038
321,1557748800,428,590,162,1018,19,2.3962468634450316,1.0103027929703032
321,1557763200,572,247,0,819,19,-0.5219675018458213,0.5739822874339112
321,1557777600,1212,283,0,1495,19,-0.5219675018458213,2.0561564670449712
321,1557792000,287,60,0,347,20,-0.544990879332364,-0.48182065704458454
321,1557806400,22,10,0,32,20,-0.544990879332364,-1.1779551423426005
321,1557820800,96,186,90,282,20,0.9889107228612712,-0.6254674555981434
321,1557835200,444,603,159,1047,20,2.1649019512097247,1.065144865839895
321,1557849600,628,260,0,888,20,-0.544990879332364,0.7137626970704204
321,1557864000,1274,342,0,1616,20,-0.544990879332364,2.322606840870279
321,1557878400,332,95,0,427,20,-0.544990879332364,-0.30502459728635833
321,1557892800,42,12,0,54,20,-0.544990879332364,-1.1293362259090882
321,1557907200,84,183,99,267,20,1.1423008830806347,-0.6586167168028108
321,1557921600,408,634,226,1042,20,3.306806477287209,1.054095112105006
321,1557936000,627,272,0,899,20,-0.544990879332364,0.7380721552871764
321,1557950400,1114,372,0,1486,20,-0.544990879332364,2.0353132437631616
321,1557964800,420,84,0,504,20,-0.544990879332364,-0.13485838976906558
321,1557979200,57,11,0,68,20,-0.544990879332364,-1.0983969154513986
321,1557993600,94,175,81,269,20,0.8355205626419077,-0.6541968153088551
321,1558008000,382,584,202,966,20,2.897766050035573,0.886138855334691
321,1558022400,594,272,0,866,20,-0.544990879332364,0.6651437806369082
321,1558036800,1129,383,0,1512,20,-0.544990879332364,2.092771963184585
321,1558051200,452,96,0,548,20,-0.544990879332364,-0.03762055690204115
321,1558065600,65,20,0,85,20,-0.544990879332364,-1.0608277527527754
321,1558080000,75,155,80,230,20,0.8184772115064228,-0.7403848944409904
321,1558094400,420,558,138,978,20,1.8069915773645433,0.9126582642984249
321,1558108800,626,288,0,914,20,-0.544990879332364,0.7712214164918438
321,1558123200,968,350,0,1318,20,-0.544990879332364,1.6640415182708863
321,1558137600,335,99,0,434,20,-0.544990879332364,-0.28955494205751353
321,1558152000,63,21,0,84,20,-0.544990879332364,-1.0630377034997534
321,1558166400,34,42,8,76,20,-0.40864407024848526,-1.080717309475576
321,1558180800,140,210,70,350,20,0.6480437001515745,-0.4751908048036511
321,1558195200,424,250,0,674,20,-0.544990879332364,0.24083323721716518
321,1558209600,415,209,0,624,20,-0.544990879332364,0.13033569986827376
321,1558224000,238,102,0,340,20,-0.544990879332364,-0.49729031227342935
321,1558238400,67,22,0,89,20,-0.544990879332364,-1.051987949764864
321,1558252800,30,22,0,52,20,-0.544990879332364,-1.1337561274030439
321,1558267200,112,127,15,239,20,-0.28934061230009145,-0.72049533771819
321,1558281600,316,250,0,566,20,-0.544990879332364,0.0021585565435597504
321,1558296000,357,188,0,545,20,-0.544990879332364,-0.04425040914297464
321,1558310400,152,52,0,204,20,-0.544990879332364,-0.797843613862414
321,1558324800,18,6,0,24,20,-0.544990879332364,-1.195634748318423
321,1558339200,89,164,75,253,20,0.7332604558289987,-0.6895560272605004
321,1558340400,29,43,14,72,20,-0.3063839634355763,-1.0895571124634873
321,1558353600,380,498,118,878,20,1.4661245546548467,0.6916631896006421
321,1558368000,554,263,0,817,20,-0.544990879332364,0.5568561940349945
321,1558382400,1008,322,0,1330,20,-0.544990879332364,1.6905609272346203
321,1558396800,307,69,0,376,21,-0.4719277897620131,-0.2720197308860788
321,1558411200,37,13,0,50,21,-0.4719277897620131,-1.066663245990024
321,1558425600,96,155,59,251,21,0.4803825221518863,-0.576714330235751
321,1558440000,378,618,240,996,21,3.401876868870798,1.2392654818882958
321,1558454400,592,283,0,875,21,-0.4719277897620131,0.9443211097178129
321,1558468800,1092,358,0,1450,21,-0.4719277897620131,2.3459162667263054
321,1558483200,379,87,0,466,21,-0.4719277897620131,-0.05263961935431476
321,1558497600,57,21,0,78,21,-0.4719277897620131,-0.9984116557356975
321,1558512000,89,172,83,261,21,0.8677629880151674,-0.5523387622877773
321,1558526400,409,577,168,986,21,2.2397354712809547,1.214889913940322
321,1558540800,602,279,0,881,21,-0.4719277897620131,0.9589464504865972
321,1558555200,1085,374,0,1459,21,-0.4719277897620131,2.367854277879482
321,1558569600,444,108,0,552,21,-0.4719277897620131,0.15699026499825977
321,1558584000,47,9,0,56,21,-0.4719277897620131,-1.0520379052212399
321,1558598400,87,169,82,256,21,0.8516221352708641,-0.5645265462617641
321,1558612800,384,629,245,1013,21,3.482581132592315,1.2807039473998512
321,1558627200,591,261,0,852,21,-0.4719277897620131,0.8882573034374732
321,1558641600,1121,349,0,1470,21,-0.4719277897620131,2.394667402622253
321,1558656000,398,104,0,502,21,-0.4719277897620131,0.03511242525839086
321,1558670400,53,14,0,67,21,-0.4719277897620131,-1.0252247804784687
321,1558684800,71,152,81,223,21,0.8354812825265606,-0.6449659204900776
321,1558699200,317,467,150,784,21,1.9492001218834938,0.7225034413912516
321,1558713600,695,263,0,958,21,-0.4719277897620131,1.1466383236859954
321,1558728000,769,243,0,1012,21,-0.4719277897620131,1.2782663906050538
321,1558742400,288,84,0,372,21,-0.4719277897620131,-0.28176995806526833
321,1558756800,63,18,0,81,21,-0.4719277897620131,-0.9910989853513054
321,1558771200,31,30,0,61,21,-0.4719277897620131,-1.0398501212472528
321,1558785600,114,168,54,282,21,0.3996782584303694,-0.5011500695970323
321,1558800000,292,203,0,495,21,-0.4719277897620131,0.01804952769480921
321,1558814400,345,179,0,524,21,-0.4719277897620131,0.08873867474393318
321,1558828800,243,64,0,307,21,-0.4719277897620131,-0.4402111497270979
321,1558843200,69,13,0,82,21,-0.4719277897620131,-0.988661428556508
321,1558857600,33,16,0,49,21,-0.4719277897620131,-1.0691008027848214
321,1558872000,78,108,30,186,21,0.012297792567088303,-0.7351555218975807
321,1558886400,247,170,0,417,21,-0.4719277897620131,-0.1720799022993863
321,1558900800,291,140,0,431,21,-0.4719277897620131,-0.137954107172223
321,1558915200,137,51,0,188,21,-0.4719277897620131,-0.7302804083079859
321,1558929600,25,19,0,44,21,-0.4719277897620131,-1.0812885867588085
321,1558944000,21,21,0,42,21,-0.4719277897620131,-1.086163700348403
321,1558958400,101,137,36,238,21,0.10914290903290859,-0.608402568568117
321,1558972800,253,193,0,446,21,-0.4719277897620131,-0.10139075525026232
321,1558987200,235,125,0,360,21,-0.4719277897620131,-0.3110206396028368
321,1559001600,130,111,0,241,22,-0.5875222889787628,-0.7150842322708141
321,1559016000,25,11,0,36,22,-0.5875222889787628,-1.1679621461988545
321,1559030400,73,180,107,253,22,1.0423080608178794,-0.6885743056018556
321,1559044800,389,600,211,989,22,2.62644223258284,0.9373678634275969
321,1559059200,544,217,0,761,22,-0.5875222889787628,0.4336792567173861
321,1559073600,1083,297,0,1380,22,-0.5875222889787628,1.8011496407244936
321,1559088000,317,65,0,382,22,-0.5875222889787628,-0.4035925939105521
321,1559102400,31,8,0,39,22,-0.5875222889787628,-1.161334664531615
321,1559116800,93,155,62,248,22,0.35686539034265596,-0.6996201083805883
321,1559131200,416,585,169,1001,22,1.9866957401392984,0.9638777900965554
321,1559145600,586,259,0,845,22,-0.5875222889787628,0.6192487434000954
321,1559160000,1227,358,0,1585,22,-0.5875222889787628,2.254027554652534
321,1559174400,381,57,0,438,22,-0.5875222889787628,-0.2798796027887459
321,1559188800,36,14,0,50,22,-0.5875222889787628,-1.137033898418403
321,1559203200,82,163,81,245,22,0.6462745178766391,-0.7062475900478279
321,1559217600,418,589,171,1007,22,2.017159858827086,0.9771327534310347
321,1559232000,611,228,0,839,22,-0.5875222889787628,0.6059937800656161
321,1559246400,1214,385,0,1599,22,-0.5875222889787628,2.2849558024329855
321,1559260800,433,71,0,504,22,-0.5875222889787628,-0.13407500610947437
321,1559275200,49,17,0,66,22,-0.5875222889787628,-1.1016873295264584
321,1559289600,87,157,70,244,22,0.4787218650938068,-0.7084567506035744
321,1559304000,403,587,184,990,22,2.215176630297706,0.9395770239833434
321,1559318400,675,295,0,970,22,-0.5875222889787628,0.8953938128684127
321,1559332800,916,307,0,1223,22,-0.5875222889787628,1.454311433472287
321,1559347200,347,111,0,458,22,-0.5875222889787628,-0.23569639167381515
321,1559361600,62,27,0,89,22,-0.5875222889787628,-1.0508766367442879
321,1559376000,34,46,12,80,22,-0.4047375768520366,-1.0707590817460069
321,1559390400,145,272,127,417,22,1.3469492476957563,-0.32627197445942324
321,1559404800,349,285,0,634,22,-0.5875222889787628,0.15311586613757566
321,1559419200,421,242,0,663,22,-0.5875222889787628,0.2171815222542253
321,1559433600,212,96,0,308,22,-0.5875222889787628,-0.567070475035796
321,1559448000,54,28,0,82,22,-0.5875222889787628,-1.0663407606345137
321,1559462400,29,19,0,48,22,-0.5875222889787628,-1.141452219529896
321,1559476800,86,73,0,159,22,-0.5875222889787628,-0.8962353978420302
321,1559491200,291,476,185,767,22,2.2304086896416,0.44693422005186534
321,1559505600,297,218,0,515,22,-0.5875222889787628,-0.10977423999626243
321,1559520000,139,55,0,194,22,-0.5875222889787628,-0.8189147783909013
321,1559534400,15,17,2,32,22,-0.5570581702909752,-1.1767987884218407
321,1559548800,82,174,92,256,22,0.8138271706594715,-0.6819468239346159
321,1559563200,386,533,147,919,22,1.6515904345736334,0.7827266245253393
321,1559577600,525,234,0,759,22,-0.5875222889787628,0.429260935605893
321,1559592000,1092,310,0,1402,22,-0.5875222889787628,1.8497511729509175
321,1559606400,182,72,0,254,23,-0.5304901454757177,-0.6066025360178463
321,1559620800,9,12,3,21,23,-0.4720620350474481,-1.119760594236263
321,1559635200,81,136,55,217,23,0.5406918790425584,-0.688091154704891
321,1559649600,407,584,177,991,23,2.916768369792189,1.016562652424098
321,1559664000,506,251,0,757,23,-0.5304901454757177,0.5012021991060316
321,1559678400,1179,360,0,1539,23,-0.5304901454757177,2.2234751670322197
321,1559692800,224,102,0,326,23,-0.5304901454757177,-0.4480300888430566
321,1559707200,17,18,1,35,23,-0.5110141086662945,-1.088927062841165
321,1559721600,91,190,99,281,23,1.3976374986571793,-0.5471378683273002
321,1559736000,418,553,135,971,23,2.0987748237964143,0.972514750431101
321,1559750400,602,281,0,883,23,-0.5304901454757177,0.7787039816619136
321,1559764800,1139,338,0,1477,23,-0.5304901454757177,2.0869266708539285
321,1559779200,212,74,0,286,23,-0.5304901454757177,-0.5361258928290509
321,1559793600,6,15,9,21,23,-0.35520581419090885,-1.119760594236263
321,1559808000,82,142,60,224,23,0.6380720630896743,-0.672674389007342
321,1559822400,407,518,111,925,23,1.6313499403702576,0.8712045758472076
321,1559836800,563,295,0,858,23,-0.5304901454757177,0.7236441041706672
321,1559851200,1165,374,0,1539,23,-0.5304901454757177,2.2234751670322197
321,1559865600,232,88,0,320,23,-0.5304901454757177,-0.4612444594409557
321,1559880000,9,20,11,29,23,-0.31625374057206246,-1.102141433439064
321,1559894400,83,164,81,247,23,1.0470688360875615,-0.6220193017153953
321,1559908800,364,477,113,841,23,1.670302013989104,0.6862033874766196
321,1559923200,581,262,0,843,23,-0.5304901454757177,0.6906081776759193
321,1559937600,1025,327,0,1352,23,-0.5304901454757177,1.8116272833976963
321,1559952000,327,88,0,415,23,-0.5304901454757177,-0.25201692497421935
321,1559966400,72,20,0,92,23,-0.5304901454757177,-0.9633905421611231
321,1559980800,36,34,0,70,23,-0.5304901454757177,-1.0118432343534198
321,1559995200,181,141,0,322,23,-0.5304901454757177,-0.45683966924165603
321,1560009600,361,150,0,511,23,-0.5304901454757177,-0.04058699540783311
321,1560024000,399,137,0,536,23,-0.5304901454757177,0.014472882083413309
321,1560038400,179,85,0,264,23,-0.5304901454757177,-0.5845785850213477
321,1560052800,55,27,0,82,23,-0.5304901454757177,-0.9854144931576216
321,1560067200,35,25,0,60,23,-0.5304901454757177,-1.0338671853499184
321,1560081600,109,113,4,222,23,-0.45258599823802487,-0.6770791792066417
321,1560096000,284,204,0,488,23,-0.5304901454757177,-0.09124208269977982
321,1560110400,293,124,0,417,23,-0.5304901454757177,-0.24761213477491964
321,1560124800,131,35,0,166,23,-0.5304901454757177,-0.8004133047870337
321,1560139200,16,17,1,33,23,-0.5110141086662945,-1.0933318530404645
321,1560153600,78,177,99,255,23,1.3976374986571793,-0.6044001409181964
321,1560168000,379,564,185,943,23,3.0725766642675745,0.910847687640905
321,1560182400,537,219,0,756,23,-0.5304901454757177,0.4989998040063818
321,1560196800,1084,283,0,1367,23,-0.5304901454757177,1.8446632098924443
321,1560211200,233,61,0,294,24,-0.6399394855580124,-0.7711638523684046
321,1560225600,32,8,0,40,24,-0.6399394855580124,-1.3091605156824115
321,1560240000,83,155,72,238,24,0.567282600734832,-0.8897772899494455
321,1560254400,423,540,117,963,24,1.32179640466786,0.6458431073051022
321,1560268800,583,242,0,825,24,-0.6399394855580124,0.3535457075518228
321,1560283200,1105,365,0,1470,24,-0.6399394855580124,1.719718336833455
321,1560297600,360,102,0,462,24,-0.6399394855580124,-0.4153235396252818
321,1560312000,28,15,0,43,24,-0.6399394855580124,-1.3028062243834273
321,1560326400,104,192,88,296,24,0.8355541754665753,-0.7669276581690817
321,1560340800,411,595,184,1006,24,2.4451836238570346,0.7369212825905443
321,1560355200,598,250,0,848,24,-0.6399394855580124,0.40226194084403605
321,1560369600,1078,340,0,1418,24,-0.6399394855580124,1.6095772876510597
321,1560384000,341,79,0,420,24,-0.6399394855580124,-0.5042836178110625
321,1560398400,28,12,0,40,24,-0.6399394855580124,-1.3091605156824115
321,1560412800,81,145,64,226,24,0.43314681336896044,-0.9151944551453828
321,1560427200,461,615,154,1076,24,1.9421744212350163,0.8851880795668455
321,1560441600,557,286,0,843,24,-0.6399394855580124,0.3916714553457288
321,1560456000,1095,353,0,1448,24,-0.6399394855580124,1.6731202006409032
321,1560470400,353,85,0,438,24,-0.6399394855580124,-0.4661578700171565
321,1560484800,37,18,0,55,24,-0.6399394855580124,-1.27738905918749
321,1560499200,77,151,74,228,24,0.6008165475763,-0.9109582609460599
321,1560513600,374,537,163,911,24,2.093077182021622,0.5357020581227071
321,1560528000,643,259,0,902,24,-0.6399394855580124,0.5166391842257541
321,1560542400,978,326,0,1304,24,-0.6399394855580124,1.368114218289655
321,1561161600,5330,8334,3004,13664,25,4.12108130338243,4.098882350822861
321,1561176000,60,23,0,83,25,-0.2570767066475276,-0.33492318971598534
321,1561190400,25,36,11,61,25,-0.24104483643769753,-0.3421055563967787
321,1561204800,141,153,12,294,25,-0.23958739369134935,-0.2660377638229217
321,1561219200,314,221,0,535,25,-0.2570767066475276,-0.18735820154695812
321,1561233600,350,160,0,510,25,-0.2570767066475276,-0.19551998186604147
321,1561248000,171,84,0,255,25,-0.2570767066475276,-0.27877014112069176
321,1561262400,53,24,0,77,25,-0.2570767066475276,-0.3368820169925653
321,1561276800,19,23,4,42,25,-0.25124693566213485,-0.34830850943928204
321,1561291200,90,96,6,186,25,-0.24833205016943846,-0.30129665480136186
321,1561305600,275,211,0,486,25,-0.2570767066475276,-0.20335529097236152
321,1561320000,258,117,0,375,25,-0.2570767066475276,-0.23959359558909163
321,1561334400,140,50,0,190,25,-0.2570767066475276,-0.29999076995030854
321,1561348800,23,15,0,38,25,-0.2570767066475276,-0.34961439429033536
321,1561363200,86,145,59,231,25,-0.1710875846129845,-0.28660545022701184
321,1561377600,379,458,79,837,25,-0.14193872968602075,-0.08876389529243107
321,1561392000,476,260,0,736,25,-0.2570767066475276,-0.12173748778152786
321,1561406400,1055,305,0,1360,25,-0.2570767066475276,0.08198054898279289
321,1561420800,261,78,0,339,26,-0.572201237383102,-0.5626027529240784
321,1561435200,31,14,0,45,26,-0.572201237383102,-1.2264363690833253
321,1561449600,86,136,50,222,26,0.6116633916853849,-0.8267814369058195
321,1561464000,451,561,110,1012,26,2.032300946567569,0.9569891643384157
321,1561478400,555,285,0,840,26,-0.572201237383102,0.5686239195105569
321,1561492800,1085,328,0,1413,26,-0.572201237383102,1.8624220897801098
321,1561507200,342,92,0,434,26,-0.572201237383102,-0.3480986932807842
321,1561521600,39,17,0,56,26,-0.572201237383102,-1.2015990569141017
321,1561536000,97,146,49,243,26,0.5879860991040151,-0.7793647500373018
321,1561550400,443,551,108,994,26,1.9849463614048297,0.9163462898796862
321,1561564800,539,273,0,812,26,-0.572201237383102,0.5054016703525334
321,1561579200,1069,329,0,1398,26,-0.572201237383102,1.8285530277311686
321,1561593600,329,80,0,409,26,-0.572201237383102,-0.4045471300290195
321,1561608000,37,16,0,53,26,-0.572201237383102,-1.20837286932389
321,1561622400,83,130,47,213,26,0.5406315139412757,-0.8471028741351841
321,1561636800,402,509,107,911,26,1.96126906882346,0.7289374798755451
321,1561651200,591,250,0,841,26,-0.572201237383102,0.5708818569804863
321,1561665600,1098,385,0,1483,26,-0.572201237383102,2.0204777126751687
321,1561680000,364,91,0,455,26,-0.572201237383102,-0.30068200641226656
321,1561694400,50,19,0,69,26,-0.572201237383102,-1.1722458698050193
321,1561708800,76,123,47,199,26,0.5406315139412757,-0.878713998714196
321,1561723200,376,462,86,838,26,1.4640459246146955,0.5641080445706981
321,1561737600,628,313,0,941,26,-0.572201237383102,0.7966756039734275
321,1561752000,1028,335,0,1363,26,-0.572201237383102,1.7495252162836392
321,1561766400,328,117,0,445,26,-0.572201237383102,-0.32326138111156066
321,1561780800,104,27,0,131,26,-0.572201237383102,-1.032253746669396
321,1561795200,33,43,10,76,26,-0.33542831156940467,-1.1564403075155136
321,1561809600,134,173,39,307,26,0.35121317329031776,-0.6348567519618195
321,1561824000,439,250,0,689,26,-0.572201237383102,0.22767536155121576
321,1561838400,442,198,0,640,26,-0.572201237383102,0.11703642552467458
321,1561852800,245,99,0,344,26,-0.572201237383102,-0.5513130655744313
321,1561867200,74,30,0,104,26,-0.572201237383102,-1.09321805835749
321,1561881600,31,30,0,61,26,-0.572201237383102,-1.1903093695644547
321,1561896000,115,219,104,334,26,1.8902371910793507,-0.5738924402737253
321,1561910400,633,621,0,1254,26,-0.572201237383102,1.5034100320613333
321,1561924800,790,211,0,1001,26,-0.572201237383102,0.9321518521691922
321,1561939200,381,89,0,470,26,-0.572201237383102,-0.26681294436332537
321,1561953600,106,22,0,128,26,-0.572201237383102,-1.0390275590791842
321,1561968000,61,160,99,221,26,1.771850728172502,-0.8290393743757488
321,1561982400,350,509,159,859,26,3.192488283054687,0.6115247314392157
321,1561996800,435,263,0,698,26,-0.572201237383102,0.24799679878058045
321,1562011200,1035,323,0,1358,26,-0.572201237383102,1.7382355289339921
321,1562025600,271,78,0,349,27,-0.4888812304178943,-0.09198759159518499
321,1562040000,31,15,0,46,27,-0.4888812304178943,-0.9533813301090373
321,1562054400,77,153,76,230,27,1.4864464752706101,-0.4302907430247177
321,1562068800,367,496,129,863,27,2.86397763844812,1.3692545918903596
321,1562083200,469,223,0,692,27,-0.4888812304178943,0.8831214919369975
321,1562097600,1092,307,0,1399,27,-0.4888812304178943,2.893040215135986
321,1562112000,317,62,0,379,27,-0.4888812304178943,-0.006701082831437254
321,1562126400,40,14,0,54,27,-0.4888812304178943,-0.9306382611053712
321,1562140800,64,142,78,206,27,1.5384287833150445,-0.4985199500357159
321,1562155200,350,423,73,773,27,1.4084730132039587,1.1133950655991165
321,1562169600,615,299,0,914,27,-0.4888812304178943,1.5142416567887307
321,1562184000,902,247,0,1149,27,-0.4888812304178943,2.1823193087714214
321,1562198400,251,80,0,331,27,-0.4888812304178943,-0.14315949685343365
321,1562212800,41,13,0,54,27,-0.4888812304178943,-0.9306382611053712
321,1562227200,20,23,3,43,27,-0.4109077683512428,-0.961909980985412
321,1562241600,95,92,0,187,27,-0.4888812304178943,-0.5525347389194228
321,1562256000,175,108,0,283,27,-0.4888812304178943,-0.27961791087543003
321,1562270400,200,80,0,280,27,-0.4888812304178943,-0.2881465617518048
321,1562284800,89,65,0,154,27,-0.4888812304178943,-0.6463498985595453
321,1562299200,36,17,0,53,27,-0.4888812304178943,-0.9334811447308294
321,1562313600,29,104,75,133,27,1.460455321248393,-0.7060504546941687
321,1562328000,154,216,62,370,27,1.12257031895957,-0.032287035460561574
321,1562342400,397,211,0,608,27,-0.4888812304178943,0.6443192673985039
321,1562356800,482,173,0,655,27,-0.4888812304178943,0.7779347977950419
321,1562371200,199,78,0,277,27,-0.4888812304178943,-0.2966752126281796
321,1562385600,46,15,0,61,27,-0.4888812304178943,-0.9107380757271634
321,1562400000,19,27,8,46,27,-0.280951998240157,-0.9533813301090373
321,1562414400,92,95,3,187,27,-0.4109077683512428,-0.5525347389194228
321,1562428800,237,204,0,441,27,-0.4888812304178943,0.16955770194697475
321,1562443200,261,156,0,417,27,-0.4888812304178943,0.10132849493597655
321,1562457600,104,55,0,159,27,-0.4888812304178943,-0.6321354804322541
321,1562472000,40,27,0,67,27,-0.4888812304178943,-0.8936807739744138
321,1562486400,18,21,3,39,27,-0.4109077683512428,-0.9732815154872451
321,1562500800,58,113,55,171,27,0.9406322408040497,-0.598020876926755
321,1562515200,236,162,0,398,27,-0.4888812304178943,0.04731370605226965
321,1562529600,253,112,0,365,27,-0.4888812304178943,-0.04650145358785287
321,1562544000,113,40,0,153,27,-0.4888812304178943,-0.6491927821850035
321,1562558400,18,14,0,32,27,-0.4888812304178943,-0.9931817008654528
321,1562572800,75,136,61,211,27,1.0965791649373526,-0.4843055319084246
321,1562587200,340,504,164,844,27,3.773668029225721,1.3152398030066528
321,1562601600,450,199,0,649,27,-0.4888812304178943,0.7608774960422925
321,1562616000,1027,268,0,1295,27,-0.4888812304178943,2.597380318088327
321,1562630400,253,50,0,303,28,-0.5520566426608597,-0.4999007945223354
321,1562644800,27,13,0,40,28,-0.5520566426608597,-1.1251163941932723
321,1562659200,79,159,80,238,28,1.0306313431245402,-0.6544217602204757
321,1562673600,371,505,134,876,28,2.0989457335296855,0.8622609492474246
321,1562688000,486,241,0,727,28,-0.5520566426608597,0.5080513509547645
321,1562702400,1035,294,0,1329,28,-0.5520566426608597,1.9391532178821564
321,1562716800,390,102,0,492,28,-0.5520566426608597,-0.050601371184665844
321,1562731200,29,11,0,40,28,-0.5520566426608597,-1.1251163941932723
321,1562745600,74,152,78,226,28,0.9910641434799052,-0.6829487077339785
321,1562760000,400,514,114,914,28,1.7032737370833353,0.9525962830401836
321,1562774400,474,243,0,717,28,-0.5520566426608597,0.48427889469351215
321,1562788800,1101,348,0,1449,28,-0.5520566426608597,2.2244226930171846
321,1562803200,325,89,0,414,28,-0.5520566426608597,-0.23602653002243423
321,1562817600,28,11,0,39,28,-0.5520566426608597,-1.1274936398193975
321,1562832000,74,136,62,210,28,0.6745265463228253,-0.7209846377519823
321,1562846400,413,529,116,942,28,1.7428409367279702,1.01915916057169
321,1562860800,512,236,0,748,28,-0.5520566426608597,0.5579735091033945
321,1562875200,1119,332,0,1451,28,-0.5520566426608597,2.2291771842694352
321,1562889600,353,91,0,444,28,-0.5520566426608597,-0.16470916123867715
321,1562904000,37,9,0,46,28,-0.5520566426608597,-1.110852920436521
321,1562918400,69,131,62,200,28,0.6745265463228253,-0.7447570940132346
321,1562932800,363,499,136,862,28,2.1385129331743205,0.8289795104816713
321,1562947200,596,281,0,877,28,-0.5520566426608597,0.8646381948735499
321,1562961600,923,303,0,1226,28,-0.5520566426608597,1.694296918391257
321,1562976000,320,77,0,397,28,-0.5520566426608597,-0.27643970566656323
321,1562990400,57,21,0,78,28,-0.5520566426608597,-1.0347810604005134
321,1563004800,34,40,6,74,28,-0.43335504372695477,-1.0442900429050144
321,1563019200,136,144,8,280,28,-0.39378784408231976,-0.5545774439232158
321,1563033600,321,220,0,541,28,-0.5520566426608597,0.0658836644954707
321,1563048000,292,164,0,456,28,-0.5520566426608597,-0.13618221372517433
321,1563062400,202,272,70,474,28,0.8327953449013652,-0.09339179245492009
321,1563076800,64,30,0,94,28,-0.5520566426608597,-0.9967451303825097
321,1563091200,20,17,0,37,28,-0.5520566426608597,-1.1322481310716481
321,1563105600,81,94,13,175,28,-0.29486984497073226,-0.8041882346663656
321,1563120000,232,157,0,389,28,-0.5520566426608597,-0.2954576706755651
321,1563134400,225,159,0,384,28,-0.5520566426608597,-0.3073438988061913
321,1563148800,110,51,0,161,28,-0.5520566426608597,-0.8374696734321189
321,1563163200,14,10,0,24,28,-0.5520566426608597,-1.163152324211276
321,1563177600,73,153,80,226,28,1.0306313431245402,-0.6829487077339785
321,1563192000,353,566,213,919,28,3.661850119492768,0.9644825111708097
321,1563206400,482,218,0,700,28,-0.5520566426608597,0.44386571904938316
321,1563220800,1052,287,0,1339,28,-0.5520566426608597,1.9629256741434087
321,1563235200,281,65,0,346,29,-0.5352765720771099,-0.3708963756911542
321,1563249600,27,9,0,36,29,-0.5352765720771099,-1.0812627792655625
321,1563264000,88,133,45,221,29,0.4319057617907081,-0.6573344416485769
321,1563278400,418,565,147,983,29,2.6241857185577624,1.088792008427872
321,1563292800,511,259,0,770,29,-0.5352765720771099,0.6007015440364237
321,1563307200,1108,328,0,1436,29,-0.5352765720771099,2.126843559457572
321,1563321600,326,62,0,388,29,-0.5352765720771099,-0.2746531855294601
321,1563336000,31,9,0,40,29,-0.5352765720771099,-1.072096761154925
321,1563350400,98,160,62,258,29,0.7972857545852171,-0.5725487741251798
321,1563364800,394,530,136,924,29,2.3877633702789622,0.9535932412959685
321,1563379200,532,248,0,780,29,-0.5352765720771099,0.6236165893130176
321,1563393600,1180,376,0,1556,29,-0.5352765720771099,2.401824102776698
321,1563408000,363,73,0,436,29,-0.5352765720771099,-0.1646609682018098
321,1563422400,26,6,0,32,29,-0.5352765720771099,-1.0904287973762001
321,1563436800,82,147,65,229,29,0.8617645768430716,-0.6390024054273018
321,1563451200,412,572,160,984,29,2.9035939483417987,1.0910835129555314
321,1563465600,550,259,0,809,29,-0.5352765720771099,0.6900702206151396
321,1563480000,1095,361,0,1456,29,-0.5352765720771099,2.1726736500107595
321,1563494400,340,99,0,439,29,-0.5352765720771099,-0.15778645461883167
321,1563508800,33,15,0,48,29,-0.5352765720771099,-1.05376472493365
321,1563523200,73,140,67,213,29,0.904750458348308,-0.6756664778698519
321,1563537600,369,468,99,837,29,1.5925245624320898,0.7542323473896023
321,1563552000,571,255,0,826,29,-0.5352765720771099,0.7290257975853491
321,1563566400,629,323,0,952,29,-0.5352765720771099,1.0177553680704312
321,1563580800,264,92,0,356,29,-0.5352765720771099,-0.34798133041456036
321,1563595200,67,21,0,88,29,-0.5352765720771099,-0.9621045438272746
321,1563609600,30,30,0,60,29,-0.5352765720771099,-1.0262666706017374
321,1563624000,134,148,14,282,29,-0.23437540154045536,-0.5175526654613546
321,1563638400,264,176,0,440,29,-0.5352765720771099,-0.15549495009117228
321,1563652800,243,150,0,393,29,-0.5352765720771099,-0.2631956628911632
321,1563667200,132,71,0,203,29,-0.5352765720771099,-0.6985815231464457
321,1563681600,38,21,0,59,29,-0.5352765720771099,-1.0285581751293968
321,1563696000,17,15,0,32,29,-0.5352765720771099,-1.0904287973762001
321,1563710400,90,124,34,214,29,0.19548341351190818,-0.6733749733421925
321,1563724800,225,168,0,393,29,-0.5352765720771099,-0.2631956628911632
321,1563739200,238,102,0,340,29,-0.5352765720771099,-0.38464540285711046
321,1563753600,95,65,0,160,29,-0.5352765720771099,-0.7971162178357992
321,1563768000,17,7,0,24,29,-0.5352765720771099,-1.108760833597475
321,1563782400,70,147,77,217,29,1.1196798658744898,-0.6665004597592145
321,1563796800,370,510,140,880,29,2.473735133289435,0.8527670420789557
321,1563811200,489,253,0,742,29,-0.5352765720771099,0.536539417261961
321,1563825600,1170,278,0,1448,29,-0.5352765720771099,2.1543416137894846
321,1563840000,256,52,0,308,30,-0.5183760482006273,-0.49056355234955057
321,1563854400,18,12,0,30,30,-0.5183760482006273,-1.1318331489945743
321,1563868800,94,124,30,218,30,0.1413752858728983,-0.6981688174504576
321,1563883200,426,528,102,954,30,1.7247784876493597,0.9995809060414043
321,1563897600,456,228,0,684,30,-0.5183760482006273,0.3767651107386832
321,1563912000,1139,341,0,1480,30,-0.5183760482006273,2.212918344297816
321,1563926400,360,98,0,458,30,-0.5183760482006273,-0.1445547771813722
321,1563940800,27,14,0,41,30,-0.5183760482006273,-1.106459172148908
321,1563955200,87,170,83,257,30,1.3069359760694603,-0.6082065359067312
321,1563969600,426,558,132,984,30,2.3845298217228854,1.06878266107504
321,1563984000,568,237,0,805,30,-0.5183760482006273,0.6558788560410137
321,1563998400,1075,358,0,1433,30,-0.5183760482006273,2.104502261411787
321,1564012800,345,91,0,436,30,-0.5183760482006273,-0.19530273087270503
321,1564027200,28,14,0,42,30,-0.5183760482006273,-1.1041524469811201
321,1564041600,97,134,37,231,30,0.29531726382338763,-0.6681813902692154
321,1564056000,366,550,184,916,30,3.528098800783663,0.9119253496654657
321,1564070400,515,265,0,780,30,-0.5183760482006273,0.5982107268463174
321,1564084800,1134,361,0,1495,30,-0.5183760482006273,2.2475192218146343
321,1564099200,328,89,0,417,30,-0.5183760482006273,-0.2391305090606743
321,1564113600,36,14,0,50,30,-0.5183760482006273,-1.0856986456388174
321,1564128000,63,134,71,197,30,1.04303544244005,-0.7466100459740025
321,1564142400,380,433,53,813,30,0.6471846419959346,0.6743326573833166
321,1564156800,601,284,0,885,30,-0.5183760482006273,0.8404168694640421
321,1564171200,910,266,0,1176,30,-0.5183760482006273,1.5116738932903082
321,1564185600,285,95,0,380,30,-0.5183760482006273,-0.32447934026882497
321,1564200000,72,21,0,93,30,-0.5183760482006273,-0.9865094634239395
321,1564214400,25,31,6,56,30,-0.38642578138592215,-1.0718582946320903
321,1564228800,123,183,60,306,30,0.801126619946424,-0.49517700268512627
321,1564243200,311,232,0,543,30,-0.5183760482006273,0.051516862080595534
321,1564257600,313,220,0,533,30,-0.5183760482006273,0.028449610402716975
321,1564272000,157,95,0,252,30,-0.5183760482006273,-0.6197401617456705
321,1564286400,50,16,0,66,30,-0.5183760482006273,-1.0487910429542115
321,1564300800,22,29,7,51,30,-0.36443407025013796,-1.0833919204710294
321,1564315200,89,95,6,184,30,-0.38642578138592215,-0.7765974731552446
321,1564329600,257,198,0,455,30,-0.5183760482006273,-0.15147495268473576
321,1564344000,264,179,0,443,30,-0.5183760482006273,-0.17915565469819003
321,1564358400,111,60,0,171,30,-0.5183760482006273,-0.8065849003364868
321,1564372800,22,13,0,35,30,-0.5183760482006273,-1.1202995231556352
321,1564387200,75,141,66,216,30,0.9330768867611291,-0.7027822677860333
321,1564401600,358,511,153,869,30,2.846355755574353,0.8035092667794365
321,1564416000,502,226,0,728,30,-0.5183760482006273,0.4782610181213488
321,1564430400,1060,337,0,1397,30,-0.5183760482006273,2.0214601553714244
321,1564444800,284,68,0,352,31,-0.6199198398664241,-0.5766147561471696
321,1564459200,21,11,0,32,31,-0.6199198398664241,-1.3017500643525506
321,1564473600,74,141,67,215,31,0.7181084856439247,-0.8870633099725984
321,1564488000,366,517,151,883,31,2.3956365355374962,0.6266566459061346
321,1564502400,440,246,0,686,31,-0.6199198398664241,0.18024522179219685
321,1564516800,1076,365,0,1441,31,-0.6199198398664241,1.8911113395892678
321,1564531200,332,75,0,407,31,-0.6199198398664241,-0.45198212504936974
321,1564545600,31,13,0,44,31,-0.6199198398664241,-1.2745574902948489
321,1564560000,90,147,57,237,31,0.5184027654184995,-0.8372102575334784
321,1564574400,416,511,95,927,31,1.2772845022751151,0.7263627507843744
321,1564588800,526,260,0,786,31,-0.6199198398664241,0.4068500056063784
321,1564603200,1072,340,0,1412,31,-0.6199198398664241,1.825395952283155
321,1564617600,310,110,0,420,31,-0.6199198398664241,-0.42252350315352616
321,1564632000,42,11,0,53,31,-0.6199198398664241,-1.2541630597515725
321,1564646400,72,143,71,215,31,0.7979907737340948,-0.8870633099725984
321,1564660800,366,537,171,903,31,2.795047975988347,0.6719776026689709
321,1564675200,485,231,0,716,31,-0.6199198398664241,0.24822665693645132
321,1564689600,1062,303,0,1365,31,-0.6199198398664241,1.7188917038904898
321,1564704000,321,103,0,424,31,-0.6199198398664241,-0.4134593118009589
321,1564718400,40,14,0,54,31,-0.6199198398664241,-1.2518970119134307
321,1564732800,77,126,49,203,31,0.3586381892381594,-0.9142558840303002
321,1564747200,340,424,84,764,31,1.0576082100271476,0.3569969531672585
321,1564761600,555,292,0,847,31,-0.6199198398664241,0.5450789237330291
321,1564776000,886,283,0,1169,31,-0.6199198398664241,1.2747463276146938
321,1565395200,4773,7773,3000,12546,32,4.118329115840033,4.097532015293761
321,1565409600,54,26,0,80,32,-0.2675378871844963,-0.34269116453787296
321,1565424000,24,29,5,53,32,-0.2602281088461221,-0.35230820495624726
321,1565438400,133,190,57,323,32,-0.18420641412703023,-0.2561378007725042
321,1565452800,333,197,0,530,32,-0.2675378871844963,-0.18240715756496784
321,1565467200,373,108,0,481,32,-0.2675378871844963,-0.1998603049909064
321,1565481600,195,76,0,271,32,-0.2675378871844963,-0.2746595082449288
321,1565496000,70,19,0,89,32,-0.2675378871844963,-0.33948548439841486
321,1565510400,35,18,0,53,32,-0.2675378871844963,-0.35230820495624726
321,1565524800,94,126,32,220,32,-0.22075530581890132,-0.29282502903519136
321,1565539200,271,202,0,473,32,-0.2675378871844963,-0.20270979844820247
321,1565553600,287,141,0,428,32,-0.2675378871844963,-0.218738199145493
321,1565568000,142,48,0,190,32,-0.2675378871844963,-0.3035106295000517
321,1565582400,21,13,0,34,32,-0.2675378871844963,-0.3590757519173255
321,1565596800,60,148,88,208,32,-0.1388857884291101,-0.2970992692211355
321,1565611200,334,446,112,780,32,-0.10379885240491386,-0.09336048702446498
321,1565625600,452,254,0,706,32,-0.2675378871844963,-0.11971830150445383
321,1565640000,981,312,0,1293,32,-0.2675378871844963,0.08936328092464688
321,1565654400,261,67,0,328,33,-0.5126330102046758,-0.18670783902219426
321,1565668800,22,9,0,31,33,-0.5126330102046758,-0.8580810255205661
321,1565683200,74,139,65,213,33,1.0795036426494367,-0.44666715365961096
321,1565697600,358,476,118,834,33,2.377707374976636,0.9571131453824392
321,1565712000,445,222,0,667,33,-0.5126330102046758,0.5796070102133211
321,1565726400,1047,337,0,1384,33,-0.5126330102046758,2.2003968240831275
321,1565740800,305,85,0,390,33,-0.5126330102046758,-0.04655586069593483
321,1565755200,30,13,0,43,33,-0.5126330102046758,-0.8309548361670965
321,1565769600,69,147,78,216,33,1.3979309732202592,-0.43988560632124357
321,1565784000,367,496,129,863,33,2.64714588545964,1.0226681029866573
321,1565798400,462,268,0,730,33,-0.5126330102046758,0.7220195043190363
321,1565812800,1054,376,0,1430,33,-0.5126330102046758,2.3043805499380943
321,1565827200,338,92,0,430,33,-0.5126330102046758,0.04386477048229707
321,1565841600,36,12,0,48,33,-0.5126330102046758,-0.8196522572698175
321,1565856000,66,109,43,175,33,0.5406266216834295,-0.5325667532789312
321,1565870400,432,469,37,901,33,0.3936601614199729,1.1085677026059777
321,1565884800,504,254,0,758,33,-0.5126330102046758,0.7853139461437986
321,1565899200,993,319,0,1312,33,-0.5126330102046758,2.03763968796231
321,1565913600,336,89,0,425,33,-0.5126330102046758,0.03256219158501808
321,1565928000,34,15,0,49,33,-0.5126330102046758,-0.8173917414903618
321,1565942400,66,120,54,186,33,0.810065132166433,-0.5077010797049175
321,1565956800,318,406,88,724,33,1.6428750736593534,0.7084564096423015
321,1565971200,527,261,0,788,33,-0.5126330102046758,0.8531294195274726
321,1565985600,831,290,0,1121,33,-0.5126330102046758,1.605881174086253
321,1566000000,267,81,0,348,33,-0.5126330102046758,-0.1414975234330783
321,1566014400,0,3,3,3,33,-0.43914978007294747,-0.9213754673453284
321,1566028800,1,6,5,7,33,-0.3901609599851286,-0.9123334042275052
321,1566043200,0,4,4,4,33,-0.4146553700290381,-0.9191149515658726
321,1566057600,2,3,1,5,33,-0.4881386001607663,-0.9168544357864168
321,1566072000,0,1,1,1,33,-0.4881386001607663,-0.92589649890424
321,1566086400,0,2,2,2,33,-0.46364419011685687,-0.9236359831247842
321,1566100800,0,3,3,3,33,-0.43914978007294747,-0.9213754673453284
321,1566115200,0,5,5,5,33,-0.3901609599851286,-0.9168544357864168
321,1566129600,3,10,7,13,33,-0.34117213989730977,-0.8987703095507704
321,1566144000,1,3,2,4,33,-0.46364419011685687,-0.9191149515658726
321,1566158400,0,1,1,1,33,-0.4881386001607663,-0.92589649890424
321,1566172800,0,3,3,3,33,-0.43914978007294747,-0.9213754673453284
321,1566187200,1,8,7,9,33,-0.34117213989730977,-0.9078123726685936
321,1566201600,62,108,46,170,33,0.6141098518151578,-0.5438693321762103
321,1566216000,326,503,177,829,33,3.8228775675672924,0.9458105664851602
321,1566230400,394,203,0,597,33,-0.5126330102046758,0.4213709056514152
321,1566244800,928,267,0,1195,33,-0.5126330102046758,1.7731593417659821
321,1566259200,214,60,0,274,34,-0.5102411227088159,-0.2875320289363481
321,1566273600,19,13,0,32,34,-0.5102411227088159,-0.8414508200866595
321,1566288000,73,122,49,195,34,0.5112338097179772,-0.46835675827880513
321,1566302400,342,510,168,852,34,2.9919586456116174,1.0354640920755527
321,1566316800,456,244,0,700,34,-0.5102411227088159,0.687548157138167
321,1566331200,989,338,0,1327,34,-0.5102411227088159,2.1227013887548827
321,1566345600,265,80,0,345,34,-0.5102411227088159,-0.1250186645905956
321,1566360000,46,9,0,55,34,-0.5102411227088159,-0.788805645721134
321,1566374400,71,118,47,189,34,0.4695409553332101,-0.4820902820263335
321,1566388800,372,481,109,853,34,1.762019441260989,1.0377530127001406
321,1566403200,427,260,0,687,34,-0.5102411227088159,0.6577921890185221
321,1566417600,1046,401,0,1447,34,-0.5102411227088159,2.3973718637054504
321,1566432000,314,84,0,398,34,-0.5102411227088159,-0.0037058714874282314
321,1566446400,33,10,0,43,34,-0.5102411227088159,-0.8162726932161908
321,1566460800,68,124,56,192,34,0.6571588000646619,-0.47522352015256936
321,1566475200,331,491,160,822,34,2.8251872280725494,0.9667964733379107
321,1566489600,482,239,0,721,34,-0.5102411227088159,0.7356154902545163
321,1566504000,936,319,0,1255,34,-0.5102411227088159,1.9578991037845423
321,1566518400,308,81,0,389,34,-0.5102411227088159,-0.024306157108720805
321,1566532800,39,10,0,49,34,-0.5102411227088159,-0.8025391694686624
321,1566547200,51,123,72,174,34,0.9907016351427984,-0.5164240913951544
321,1566561600,306,416,110,722,34,1.7828658684533725,0.7379044108791044
321,1566576000,513,238,0,751,34,-0.5102411227088159,0.8042831089921582
321,1566590400,836,277,0,1113,34,-0.5102411227088159,1.6328723750930372
321,1566604800,251,84,0,335,34,-0.5102411227088159,-0.14790787083647625
321,1566619200,0,3,3,3,34,-0.4477018411316654,-0.9078295181997134
321,1566633600,0,2,2,2,34,-0.4685482683240489,-0.9101184388243014
321,1566648000,0,2,2,2,34,-0.4685482683240489,-0.9101184388243014
321,1566662400,1,2,1,3,34,-0.48939469551643244,-0.9078295181997134
321,1566676800,0,0,0,0,34,-0.5102411227088159,-0.9146962800734776
321,1566691200,0,2,2,2,34,-0.4685482683240489,-0.9101184388243014
321,1566705600,0,2,2,2,34,-0.4685482683240489,-0.9101184388243014
321,1566720000,0,4,4,4,34,-0.42685541393928184,-0.9055405975751253
321,1566734400,0,1,1,1,34,-0.48939469551643244,-0.9124073594488895
321,1566748800,0,3,3,3,34,-0.4477018411316654,-0.9078295181997134
321,1566763200,0,3,3,3,34,-0.4477018411316654,-0.9078295181997134
321,1566777600,0,2,2,2,34,-0.4685482683240489,-0.9101184388243014
321,1566792000,0,4,4,4,34,-0.42685541393928184,-0.9055405975751253
321,1566806400,59,123,64,182,34,0.8239302176037302,-0.49811272639844995
321,1566820800,302,466,164,768,34,2.9085729368420834,0.8431947596101553
321,1566835200,423,204,0,627,34,-0.5102411227088159,0.5204569515432383
321,1566849600,944,312,0,1256,34,-0.5102411227088159,1.9601880244091303
321,1566864000,233,48,0,281,35,-0.4685858689826989,-0.3311674166166109
321,1566878400,22,11,0,33,35,-0.4685858689826989,-1.0370073616705542
321,1566892800,67,128,61,195,35,1.1173018408372146,-0.5759344943369299
321,1566907200,333,471,138,804,35,3.119160097495138,1.1573579513802128
321,1566921600,429,221,0,650,35,-0.4685858689826989,0.7190541145321997
321,1566936000,993,282,0,1275,35,-0.4685858689826989,2.4978846212205643
321,1566950400,232,65,0,297,35,-0.4685858689826989,-0.2856293556453888
321,1566964800,23,14,0,37,35,-0.4685858689826989,-1.0256228464277486
321,1566979200,65,119,54,184,35,0.9353147265955851,-0.6072419112546452
321,1566993600,338,483,145,821,35,3.3011472117367675,1.2057421411621363
321,1567008000,469,234,0,703,35,-0.4685858689826989,0.869898941499373
321,1567022400,960,296,0,1256,35,-0.4685858689826989,2.443808173817238
321,1567036800,239,62,0,301,35,-0.4685858689826989,-0.2742448404025833
321,1567051200,25,9,0,34,35,-0.4685858689826989,-1.0341612328598528
321,1567065600,60,109,49,169,35,0.805323930708707,-0.6499338434151659
321,1567080000,362,498,136,860,35,3.067163779140387,1.3167411647794902
321,1567094400,473,267,0,740,35,-0.4685858689826989,0.9752057074953242
321,1567108800,954,308,0,1262,35,-0.4685858689826989,2.460884946681446
321,1567123200,249,72,0,321,35,-0.4685858689826989,-0.2173222641885556
321,1567137600,38,13,0,51,35,-0.4685858689826989,-0.9857770430779292
321,1567152000,51,90,39,141,35,0.5453423389349507,-0.7296254501148046
321,1567166400,271,343,72,614,35,1.4032815917883465,0.6165934773469498
321,1567180800,518,245,0,763,35,-0.4685858689826989,1.040666670141456
321,1567195200,671,217,0,888,35,-0.4685858689826989,1.396432771479129
321,1567209600,215,61,0,276,35,-0.4685858689826989,-0.34539806067011786
321,1567224000,55,26,0,81,35,-0.4685858689826989,-0.9003931787568877
321,1567238400,29,21,0,50,35,-0.4685858689826989,-0.9886231718886306
321,1567252800,112,137,25,249,35,0.18136811045169185,-0.4222435385590552
321,1567267200,272,140,0,412,35,-0.4685858689826989,0.04167545758527033
321,1567281600,304,129,0,433,35,-0.4685858689826989,0.10144416260999939
321,1567296000,152,74,0,226,35,-0.4685858689826989,-0.48770450120518705
321,1567310400,57,23,0,80,35,-0.4685858689826989,-0.9032393075675891
321,1567324800,23,12,0,35,35,-0.4685858689826989,-1.0313151040491513
321,1567339200,90,89,0,179,35,-0.4685858689826989,-0.621472555308152
321,1567353600,216,182,0,398,35,-0.4685858689826989,0.0018296542354509589
321,1567368000,283,129,0,412,35,-0.4685858689826989,0.04167545758527033
321,1567382400,122,49,0,171,35,-0.4685858689826989,-0.6442415857937631
321,1567396800,33,13,0,46,35,-0.4685858689826989,-1.000007687131436
321,1567411200,12,23,11,35,35,-0.18260611803156696,-1.0313151040491513
321,1567425600,84,111,27,195,35,0.23336442880644312,-0.5759344943369299
321,1567440000,206,162,0,368,35,-0.4685858689826989,-0.08355421008559055
321,1567454400,254,109,0,363,35,-0.4685858689826989,-0.09778485413909747
321,1567468800,121,32,0,153,36,-0.2571954468042624,-0.8069240914655912
321,1567483200,34,21,0,55,36,-0.2571954468042624,-0.9939236725968549
321,1567497600,79,138,59,217,36,-0.026612842903769557,-0.6848019160329293
321,1567512000,359,497,138,856,36,0.2821333555392632,0.5345116793025549
321,1567526400,435,246,0,681,36,-0.2571954468042624,0.20058385585386995
321,1567540800,988,344,0,1332,36,-0.2571954468042624,1.4427953590829783
321,1567555200,256,86,0,342,36,-0.2571954468042624,-0.44628204214101136
321,1567569600,27,15,0,42,36,-0.2571954468042624,-1.0187297394816144
321,1567584000,83,154,71,237,36,0.02028531382175441,-0.6466387362102224
321,1567598400,442,549,107,991,36,0.16097978399832633,0.7921131431058263
321,1567612800,471,269,0,740,36,-0.2571954468042624,0.3131652363308552
321,1567627200,1049,342,0,1391,36,-0.2571954468042624,1.5553767395599636
321,1567641600,271,72,0,343,36,-0.2571954468042624,-0.444373883149876
321,1567656000,38,24,0,62,36,-0.2571954468042624,-0.9805665596589074
321,1567670400,92,195,103,287,36,0.14534706508981832,-0.5512307866534553
321,1567684800,422,578,156,1000,36,0.35248059062754916,0.8092865740260444
321,1567699200,598,306,0,904,36,-0.2571954468042624,0.6261033108770514
321,1567713600,1113,354,0,1467,36,-0.2571954468042624,1.7003968228862496
321,1567728000,300,76,0,376,36,-0.2571954468042624,-0.3814046364424097
321,1567742400,47,10,0,57,36,-0.2571954468042624,-0.9901073546145841
321,1567756800,79,177,98,256,36,0.12580616645418333,-0.6103837153786509
321,1567771200,373,537,164,910,36,0.3837460284445652,0.6375522648238635
321,1567785600,664,268,0,932,36,-0.2571954468042624,0.6795317626288411
321,1567800000,1087,303,0,1390,36,-0.2571954468042624,1.5534685805688282
321,1567814400,294,101,0,395,36,-0.2571954468042624,-0.3451496156108382
321,1567828800,66,26,0,92,36,-0.2571954468042624,-0.9233217899248471
321,1567843200,25,26,1,51,36,-0.2532872670771354,-1.001556308561396
321,1567857600,185,227,42,412,36,-0.0930518982649285,-0.31271091276153734
321,1567872000,388,295,0,683,36,-0.2571954468042624,0.20440017383614062
321,1567886400,413,216,0,629,36,-0.2571954468042624,0.1013595883148321
321,1567900800,188,78,0,266,36,-0.2571954468042624,-0.5913021254672974
321,1567915200,74,16,0,90,36,-0.2571954468042624,-0.9271381079071178
321,1567929600,27,16,0,43,36,-0.2571954468042624,-1.016821580490479
321,1567944000,98,137,39,235,36,-0.1047764374463095,-0.650455054192493
321,1567958400,318,261,0,579,36,-0.2571954468042624,0.005951638758064947
321,1567972800,293,165,0,458,36,-0.2571954468042624,-0.22493559916931158
321,1567987200,142,62,0,204,36,-0.2571954468042624,-0.7096079829176887
321,1568001600,20,14,0,34,36,-0.2571954468042624,-1.033995011410697
321,1568016000,83,194,111,277,36,0.1766125029068343,-0.5703123765648087
321,1568030400,402,2077,1675,2479,36,6.289005596133458,3.631453721915217
321,1568044800,612,266,0,878,36,-0.2571954468042624,0.5764911771075325
321,1568059200,1063,298,0,1361,36,-0.2571954468042624,1.4981319698259032
321,1568073600,258,67,0,325,37,-0.46662606846533244,-0.4960968559752238
321,1568088000,31,10,0,41,37,-0.46662606846533244,-1.1001333279879293
321,1568102400,87,185,98,272,37,0.7625074729045598,-0.608821972231116
321,1568109018,186,484,298,670,37,3.2709432716186257,0.23767984418105578
321,1568116800,426,310,0,736,37,-0.46662606846533244,0.378054517254431
321,1568131200,625,241,0,866,37,-0.46662606846533244,0.654550085429261
321,1568145600,1152,422,0,1574,37,-0.46662606846533244,2.1603874874891043
321,1568160000,350,62,0,412,37,-0.46662606846533244,-0.3110575141966837
321,1568174400,36,8,0,44,37,-0.46662606846533244,-1.0937526610300485
321,1568188800,95,145,50,240,37,0.160482881213184,-0.6768824197818434
321,1568203200,394,653,259,1047,37,2.781798290869383,1.0395169918880627
321,1568217600,610,248,0,858,37,-0.46662606846533244,0.6375349735415792
321,1568232000,1080,341,0,1421,37,-0.46662606846533244,1.834973472637189
321,1568246400,300,69,0,369,37,-0.46662606846533244,-0.4025137405929736
321,1568260800,34,9,0,43,37,-0.46662606846533244,-1.0958795500160088
321,1568275200,90,182,92,272,37,0.6872543989431379,-0.608821972231116
321,1568281362,196,248,52,444,37,0.18556723920032467,-0.24299706664595636
321,1568289600,411,367,0,778,37,-0.46662606846533244,0.4673838546647607
321,1568304000,663,264,0,927,37,-0.46662606846533244,0.7842903135728351
321,1568318400,1210,334,0,1544,37,-0.46662606846533244,2.096580817910297
321,1568332800,321,65,0,386,37,-0.46662606846533244,-0.36635662783164974
321,1568347200,46,8,0,54,37,-0.46662606846533244,-1.0724837711704462
321,1568361600,85,174,89,259,37,0.6496278619624268,-0.636471529048599
321,1568376000,224,543,319,767,37,3.534329030483603,0.44398807581919814
321,1568390400,1074,598,0,1672,37,-0.46662606846533244,2.3688226081132067
321,1568404800,1005,370,0,1375,37,-0.46662606846533244,1.7371365792830185
321,1568419200,305,122,0,427,37,-0.46662606846533244,-0.27915417940728027
321,1568433600,77,21,0,98,37,-0.46662606846533244,-0.9789006557881962
321,1568448000,35,25,0,60,37,-0.46662606846533244,-1.059722437254685
321,1568462400,135,185,50,320,37,0.160482881213184,-0.5067313009050249
321,1568476800,306,240,0,546,37,-0.46662606846533244,-0.026054390078012826
321,1568491200,373,195,0,568,37,-0.46662606846533244,0.02073716761311225
321,1568505600,186,69,0,255,37,-0.46662606846533244,-0.6449790849924399
321,1568520000,60,27,0,87,37,-0.46662606846533244,-1.0022964346337586
321,1568534400,22,16,0,38,37,-0.46662606846533244,-1.10651399494581
321,1568548800,87,118,31,205,37,-0.07781851966465225,-0.7513235342904515
321,1568563200,261,205,0,466,37,-0.46662606846533244,-0.19620550895483127
321,1568577600,281,164,0,445,37,-0.46662606846533244,-0.24087017765999613
321,1568592000,122,40,0,162,37,-0.46662606846533244,-0.8427797606867414
321,1568606400,22,9,0,31,37,-0.46662606846533244,-1.1214022178475316
321,1568620800,73,180,107,253,37,0.8753870838466927,-0.6492328629643604
321,1568635200,394,586,192,980,37,1.9414722983001709,0.8970154298287273
321,1568649600,535,240,0,775,37,-0.46662606846533244,0.46100318770688
321,1568664000,1133,318,0,1451,37,-0.46662606846533244,1.898780142215996
321,1568678400,264,76,0,340,38,-0.5219065980081361,-0.48169188904174803
321,1568692800,26,8,0,34,38,-0.5219065980081361,-1.1346508762756418
321,1568707200,92,167,75,259,38,0.669401940923479,-0.6545339738977788
321,1568721600,404,609,205,1013,38,2.7343367417382782,0.954391112292927
321,1568736000,607,237,0,844,38,-0.5219065980081361,0.5937699722846653
321,1568750400,1176,423,0,1599,38,-0.5219065980081361,2.204828911374828
321,1568764800,328,72,0,400,38,-0.5219065980081361,-0.3536607150743179
321,1568779200,43,15,0,58,38,-0.5219065980081361,-1.0834384066886698
321,1568793600,91,177,86,268,38,0.8441271933001159,-0.6353292978026642
321,1568808000,404,620,216,1024,38,2.909061994114915,0.9778634941869558
321,1568822400,647,304,0,951,38,-0.5219065980081361,0.8220922325265825
321,1568836800,1158,388,0,1546,38,-0.5219065980081361,2.091734707703598
321,1568851200,346,89,0,435,38,-0.5219065980081361,-0.27897586359331694
321,1568865600,50,17,0,67,38,-0.5219065980081361,-1.0642337305935552
321,1568880000,89,162,73,251,38,0.6376337132186359,-0.6716047970934361
321,1568894400,408,566,158,974,38,1.9877833906744662,0.8711708492140973
321,1568908800,602,261,0,863,38,-0.5219065980081361,0.6343131773743516
321,1568923200,1222,392,0,1614,38,-0.5219065980081361,2.2368367048666857
321,1568937600,351,87,0,438,38,-0.5219065980081361,-0.27257430489494544
321,1568952000,73,17,0,90,38,-0.5219065980081361,-1.0151551139060404
321,1568966400,84,191,107,275,38,1.177693584200968,-0.620392327506464
321,1568980800,399,535,136,934,38,1.6383328859211925,0.7858167332358106
321,1568995200,613,276,0,889,38,-0.5219065980081361,0.6897933527602379
321,1569009600,1033,348,0,1381,38,-0.5219065980081361,1.7396489792931653
321,1569024000,326,109,0,435,38,-0.5219065980081361,-0.27897586359331694
321,1569038400,85,17,0,102,38,-0.5219065980081361,-0.9895488791125543
321,1569052800,33,36,3,69,38,-0.4742542564508715,-1.059966024794641
321,1569067200,159,180,21,339,38,-0.18834020710728386,-0.4838257419412052
321,1569081600,358,190,0,548,38,-0.5219065980081361,-0.037850485954656815
321,1569096000,430,157,0,587,38,-0.5219065980081361,0.04536977712417279
321,1569110400,207,67,0,274,38,-0.5219065980081361,-0.6225261804059212
321,1569124800,94,20,0,114,38,-0.5219065980081361,-0.9639426443190683
321,1569139200,33,15,0,48,38,-0.5219065980081361,-1.1047769356832415
321,1569153600,101,85,0,186,38,-0.5219065980081361,-0.8103052355581521
321,1569168000,254,144,0,398,38,-0.5219065980081361,-0.35792842087323223
321,1569182400,283,119,0,402,38,-0.5219065980081361,-0.34939300927540357
321,1569196800,125,31,0,156,38,-0.5219065980081361,-0.8743208225418672
321,1569211200,22,6,0,28,38,-0.5219065980081361,-1.1474539936723849
321,1569225600,87,190,103,277,38,1.114157128791282,-0.6161246217075497
321,1569240000,414,611,197,1025,38,2.6072638309189062,0.979997347086413
321,1569254400,561,261,0,822,38,-0.5219065980081361,0.5468252084966075
321,1569268800,1102,302,0,1404,38,-0.5219065980081361,1.78872759598068
321,1569283200,267,69,0,336,39,-0.5239077269739862,-0.49051426107555146
321,1569297600,35,5,0,40,39,-0.5239077269739862,-1.1181463415295712
321,1569312000,89,190,101,279,39,1.2814672347024145,-0.6113758441359539
321,1569326400,436,629,193,1065,39,2.92596719979379,1.0552417749074903
321,1569340800,695,227,0,922,39,-0.5239077269739862,0.7520276279313929
321,1569355200,1185,368,0,1553,39,-0.5239077269739862,2.08998655619655
321,1569369600,337,78,0,415,39,-0.5239077269739862,-0.32300434771113407
321,1569384000,36,8,0,44,39,-0.5239077269739862,-1.1096648269288412
321,1569398400,102,201,99,303,39,1.2457172354612978,-0.560486756531574
321,1569412800,455,593,138,1048,39,1.9428422206630762,1.0191953378543877
321,1569427200,638,263,0,901,39,-0.5239077269739862,0.7074996762775604
321,1569441600,1173,397,0,1570,39,-0.5239077269739862,2.1260329932496522
321,1569456000,391,87,0,478,39,-0.5239077269739862,-0.18942049274963665
321,1569470400,42,10,0,52,39,-0.5239077269739862,-1.0927017977273812
321,1569484800,89,175,86,264,39,1.0133422403940382,-0.6431815238886914
321,1569499200,440,629,189,1069,39,2.854467201311556,1.0637232895082203
321,1569513600,635,276,0,911,39,-0.5239077269739862,0.7287034627793854
321,1569528000,1297,356,0,1653,39,-0.5239077269739862,2.3020244212147993
321,1569542400,361,72,0,433,39,-0.5239077269739862,-0.2848375320078491
321,1569556800,38,14,0,52,39,-0.5239077269739862,-1.0927017977273812
321,1569571200,77,164,87,241,39,1.0312172400145967,-0.6919502328428889
321,1569585600,422,575,153,997,39,2.2109672149714528,0.9110560266950802
321,1569600000,718,322,0,1040,39,-0.5239077269739862,1.0022323086529277
321,1569614400,1112,389,0,1501,39,-0.5239077269739862,1.9797268663870597
321,1569628800,360,128,0,488,39,-0.5239077269739862,-0.16821670624781165
321,1569643200,84,24,0,108,39,-0.5239077269739862,-0.9739605933171612
321,1569657600,34,30,0,64,39,-0.5239077269739862,-1.0672572539251912
321,1569672000,135,148,13,283,39,-0.2915327319067267,-0.6028943295352239
321,1569686400,388,177,0,565,39,-0.5239077269739862,-0.004947550183759244
321,1569700800,481,172,0,653,39,-0.5239077269739862,0.18164577103230065
321,1569715200,236,65,0,301,39,-0.5239077269739862,-0.564727513831939
321,1569729600,74,21,0,95,39,-0.5239077269739862,-1.0015255157695337
321,1569744000,28,19,0,47,39,-0.5239077269739862,-1.1033036909782936
321,1569758400,109,97,0,206,39,-0.5239077269739862,-0.7661634855992764
321,1569772800,272,170,0,442,39,-0.5239077269739862,-0.2657541241562066
321,1569787200,304,115,0,419,39,-0.5239077269739862,-0.3145228331104041
321,1569801600,157,36,0,193,39,-0.5239077269739862,-0.7937284080516488
321,1569816000,17,7,0,24,39,-0.5239077269739862,-1.152072399932491
321,1569830400,62,115,53,177,39,0.42346725291561027,-0.8276544664545687
321,1569844800,345,464,119,809,39,1.6032172278724661,0.5124248404607705
321,1569859200,399,237,0,636,39,-0.5239077269739862,0.14559933397919816
321,1569873600,894,257,0,1151,39,-0.5239077269739862,1.2375943388231851
321,1569888000,128,67,0,195,40,-0.5768856967348199,-0.7713212831006069
321,1569902400,8,13,5,21,40,-0.5023801639461901,-1.1403677631909064
321,1569916800,63,142,79,205,40,0.6003017213255322,-0.7501117152793253
321,1569931200,394,505,111,899,40,1.0771371311727633,0.7218322915176166
321,1569945600,425,231,0,656,40,-0.5768856967348199,0.20643979346047417
321,1569960000,1070,311,0,1381,40,-0.5768856967348199,1.7441334605033891
321,1569974400,203,91,0,294,40,-0.5768856967348199,-0.5613465616699191
321,1569988800,6,12,6,18,40,-0.4874790573884641,-1.1467306335372909
321,1570003200,77,197,120,274,40,1.2112470901922971,-0.6037656973124823
321,1570017600,392,635,243,1027,40,3.044083196792592,0.9933147596300209
321,1570032000,646,267,0,913,40,-0.5768856967348199,0.7515256864674109
321,1570046400,1185,335,0,1520,40,-0.5768856967348199,2.038946453219203
321,1570060800,232,94,0,326,40,-0.5768856967348199,-0.4934759446418181
321,1570075200,11,13,2,24,40,-0.547083483619368,-1.1340048928445219
321,1570089600,87,156,69,243,40,0.45129065574827243,-0.6695153575584553
321,1570104000,469,618,149,1087,40,1.6433791803663504,1.1205721665577104
321,1570118400,656,306,0,962,40,-0.5768856967348199,0.8554525687916906
321,1570132800,1248,384,0,1632,40,-0.5768856967348199,2.276493612817557
321,1570147200,225,95,0,320,40,-0.5768856967348199,-0.5062016853345871
321,1570161600,10,12,2,22,40,-0.547083483619368,-1.1382468064087783
321,1570176000,71,173,102,244,40,0.9430271721532296,-0.6673944007763272
321,1570190400,385,544,159,929,40,1.7923902459436103,0.7854609949814614
321,1570204800,667,299,0,966,40,-0.5768856967348199,0.8639363959202033
321,1570219200,1037,389,0,1426,40,-0.5768856967348199,1.8395765156991561
321,1570233600,352,86,0,438,40,-0.5768856967348199,-0.2559287850434644
321,1570248000,81,19,0,100,40,-0.5768856967348199,-0.9728121774027819
321,1570262400,28,47,19,75,40,-0.29376467213802643,-1.0258360969559859
321,1570276800,147,278,131,425,40,1.3751592623272828,-0.2835012232111304
321,1570291200,459,276,0,735,40,-0.5768856967348199,0.3739953792485987
321,1570305600,426,170,0,596,40,-0.5768856967348199,0.07918238653278466
321,1570320000,239,85,0,324,40,-0.5768856967348199,-0.49771785820607445
321,1570334400,52,20,0,72,40,-0.5768856967348199,-1.0321989673023704
321,1570348800,24,17,0,41,40,-0.5768856967348199,-1.0979486275483432
321,1570363200,112,203,91,315,40,0.7791150000182439,-0.5168064692452279
321,1570377600,337,208,0,545,40,-0.5768856967348199,-0.02898640935575142
321,1570392000,300,163,0,463,40,-0.5768856967348199,-0.2029048654902604
321,1570406400,121,46,0,167,40,-0.5768856967348199,-0.8307080730001953
321,1570420800,20,12,0,32,40,-0.5768856967348199,-1.1170372385874967
321,1570435200,80,164,84,244,40,0.6748072541141621,-0.6673944007763272
321,1570449600,391,645,254,1036,40,3.2079953689275778,1.0124033706691744
321,1570464000,611,224,0,835,40,-0.5768856967348199,0.5860910574614145
321,1570478400,1122,315,0,1437,40,-0.5768856967348199,1.8629070403025658
321,1570492800,257,67,0,324,41,-0.5381516102380038,-0.48357614280422057
321,1570507200,26,17,0,43,41,-0.5381516102380038,-1.1341878205715952
321,1570521600,86,173,87,259,41,1.0710185892789077,-0.6340735059888446
321,1570536000,446,612,166,1058,41,2.5322191152770226,1.2158863891575338
321,1570550400,607,277,0,884,41,-0.5381516102380038,0.8130165246325403
321,1570564800,1132,312,0,1444,41,-0.5381516102380038,2.109609192069301
321,1570579200,339,79,0,418,41,-0.5381516102380038,-0.2659338021987643
321,1570593600,32,11,0,43,41,-0.5381516102380038,-1.1341878205715952
321,1570608000,55,138,83,193,41,0.9970337525195095,-0.7868862132224628
321,1570622400,367,480,113,847,41,1.551920028214996,0.7273487948197542
321,1570636800,430,234,0,664,41,-0.5381516102380038,0.3036408338538128
321,1570651200,1019,320,0,1339,41,-0.5381516102380038,1.8664980669249085
321,1570665600,339,96,0,435,41,-0.5381516102380038,-0.2265729533658626
321,1570680000,35,13,0,48,41,-0.5381516102380038,-1.1226111003266241
321,1570694400,91,175,84,266,41,1.0155299617093592,-0.6178660976458851
321,1570708800,389,599,210,988,41,3.3460523196304033,1.0538123057279387
321,1570723200,623,250,0,873,41,-0.5381516102380038,0.7875477400936038
321,1570737600,1213,374,0,1587,41,-0.5381516102380038,2.440703391075474
321,1570752000,332,107,0,439,41,-0.5381516102380038,-0.21731157716988575
321,1570766400,46,14,0,60,41,-0.5381516102380038,-1.0948269717386936
321,1570780800,82,155,73,237,41,0.8120716606210139,-0.6850110750667173
321,1570795200,379,531,152,910,41,2.273272186619129,0.8732154699063899
321,1570809600,717,288,0,1005,41,-0.5381516102380038,1.0931731545608403
321,1570824000,1028,355,0,1383,41,-0.5381516102380038,1.968373205080654
321,1570838400,343,109,0,452,41,-0.5381516102380038,-0.18721210453296094
321,1570852800,66,19,0,85,41,-0.5381516102380038,-1.0369433705138382
321,1570867200,22,43,21,65,41,-0.1497312172511631,-1.0832502514937223
321,1570881600,156,178,22,334,41,-0.13123500806131352,-0.4604227023142784
321,1570896000,418,222,0,640,41,-0.5381516102380038,0.2480725766779516
321,1570910400,490,191,0,681,41,-0.5381516102380038,0.34300168268671444
321,1570924800,223,64,0,287,41,-0.5381516102380038,-0.5692438726170066
321,1570939200,69,19,0,88,41,-0.5381516102380038,-1.0299973383668555
321,1570953600,21,23,2,44,41,-0.5011591918583047,-1.131872476522601
321,1570968000,98,114,16,212,41,-0.24221226320041087,-0.7428946762915727
321,1570982400,342,189,0,531,41,-0.5381516102380038,-0.0042999246624179045
321,1570996800,331,121,0,452,41,-0.5381516102380038,-0.18721210453296094
321,1571011200,138,35,0,173,41,-0.5381516102380038,-0.8331930942023471
321,1571025600,30,8,0,38,41,-0.5381516102380038,-1.1457645408165662
321,1571040000,57,108,51,165,41,0.40515505844432365,-0.8517158465943009
321,1571054400,285,427,142,712,41,2.0883100947206334,0.41477734820553513
321,1571068800,376,214,0,590,41,-0.5381516102380038,0.13230537422824082
321,1571083200,814,270,0,1084,41,-0.5381516102380038,1.2760853344313834
321,1571097600,212,57,0,269,42,-0.5243939938387564,-0.6376410911182931
321,1571112000,25,9,0,34,42,-0.5243939938387564,-1.133740536911889
321,1571126400,87,185,98,272,42,0.998828080007624,-0.6313079067039069
321,1571140800,415,606,191,1021,42,2.4443347419230665,0.9498771354212128
321,1571155200,601,262,0,863,42,-0.5243939938387564,0.6163294229301995
321,1571169600,1110,352,0,1462,42,-0.5243939938387564,1.880855244336003
321,1571184000,343,115,0,458,42,-0.5243939938387564,-0.23865047301195458
321,1571198400,42,10,0,52,42,-0.5243939938387564,-1.0957414304255708
321,1571212800,90,194,104,284,42,1.0920865743247494,-0.6059751690463615
321,1571227200,410,589,179,999,42,2.257817753288816,0.9034337830490464
321,1571241600,643,286,0,929,42,-0.5243939938387564,0.7556594800466988
321,1571256000,1243,388,0,1631,42,-0.5243939938387564,2.237624633013099
321,1571270400,380,77,0,457,42,-0.5243939938387564,-0.2407615344834167
321,1571284800,39,10,0,49,42,-0.5243939938387564,-1.1020746148399572
321,1571299200,83,158,75,241,42,0.6413371851253102,-0.6967508123192322
321,1571313600,405,622,217,1027,42,2.848454883963943,0.9625435042499855
321,1571328000,642,269,0,911,42,-0.5243939938387564,0.7176603735603808
321,1571342400,1162,383,0,1545,42,-0.5243939938387564,2.056073346467358
321,1571356800,384,85,0,469,42,-0.5243939938387564,-0.21542879682587138
321,1571371200,54,16,0,70,42,-0.5243939938387564,-1.057742323939253
321,1571385600,84,153,69,237,42,0.5480786908081849,-0.7051950582050807
321,1571400000,393,556,163,949,42,2.0091284351098153,0.7978807094759409
321,1571414400,690,282,0,972,42,-0.5243939938387564,0.8464351233195695
321,1571428800,1129,365,0,1494,42,-0.5243939938387564,1.9484092114227904
321,1571443200,338,106,0,444,42,-0.5243939938387564,-0.2682053336124241
321,1571457600,71,16,0,87,42,-0.5243939938387564,-1.021854278924397
321,1571472000,35,40,5,75,42,-0.4466785819078186,-1.0471870165819424
321,1571486400,166,181,15,347,42,-0.29124775804594305,-0.4729782963442487
321,1571500800,418,211,0,629,42,-0.5243939938387564,0.12234103860806606
321,1571515200,459,144,0,603,42,-0.5243939938387564,0.06745344035005123
321,1571529600,214,73,0,287,42,-0.5243939938387564,-0.5996419846319753
321,1571544000,78,24,0,102,42,-0.5243939938387564,-0.9901883568524654
321,1571558400,19,16,0,35,42,-0.5243939938387564,-1.1316294754404268
321,1571572800,110,78,0,188,42,-0.5243939938387564,-0.808637070306724
321,1571587200,293,143,0,436,42,-0.5243939938387564,-0.285093825384121
321,1571601600,309,90,0,399,42,-0.5243939938387564,-0.363203099828219
321,1571616000,120,34,0,154,42,-0.5243939938387564,-0.8804131603364357
321,1571630400,17,11,0,28,42,-0.5243939938387564,-1.1464069057406614
321,1571644800,85,196,111,281,42,1.2008881510280622,-0.6123083534607479
321,1571659200,371,561,190,932,42,2.4287916595368793,0.761992664461085
321,1571673600,558,230,0,788,42,-0.5243939938387564,0.4579998125705414
321,1571688000,1145,329,0,1474,42,-0.5243939938387564,1.906187981993548
321,1571702400,178,77,0,255,43,-0.5815919910286745,-0.6865220315429238
321,1571716800,9,16,7,25,43,-0.47932641365879997,-1.1614094518583298
321,1571731200,84,196,112,280,43,1.054657246889319,-0.6349038336825537
321,1571745600,416,662,246,1078,43,3.0123125851126327,1.0127490420204637
321,1571760000,595,303,0,898,43,-0.5815919910286745,0.6410980174257981
321,1571774400,1201,367,0,1568,43,-0.5815919910286745,2.02446572008372
321,1571788800,263,83,0,346,43,-0.5815919910286745,-0.49863179133117624
321,1571803200,12,13,1,25,43,-0.5669826228329782,-1.1614094518583298
321,1571817600,95,226,131,321,43,1.3322352426075499,-0.5502499891915464
321,1571832000,428,554,126,982,43,1.259188401629068,0.8145351622366419
321,1571846400,668,311,0,979,43,-0.5815919910286745,0.8083409784933975
321,1571860800,1137,397,0,1534,43,-0.5815919910286745,1.9542649709936162
321,1571875200,245,102,0,347,43,-0.5815919910286745,-0.49656706341676143
321,1571889600,9,13,4,22,43,-0.5231545182458891,-1.1676036356015742
321,1571904000,82,190,108,272,43,0.9962197741065334,-0.6514216569978721
321,1571918400,430,657,227,1087,43,2.7347345893944017,1.0313315932501967
321,1571932800,688,318,0,1006,43,-0.5815919910286745,0.8640886321825973
321,1571947200,1218,377,0,1595,43,-0.5815919910286745,2.0802133737729194
321,1571961600,264,105,0,369,43,-0.5815919910286745,-0.45114304929963567
321,1571976000,15,19,4,34,43,-0.5231545182458891,-1.1428269006285965
321,1571990400,79,167,88,246,43,0.704032410192606,-0.7051045827726571
321,1572004800,450,567,117,1017,43,1.1277040878678006,0.8868006392411603
321,1572019200,709,297,0,1006,43,-0.5815919910286745,0.8640886321825973
321,1572033600,1065,380,0,1445,43,-0.5815919910286745,1.7705041866106983
321,1572048000,288,125,0,413,43,-0.5815919910286745,-0.3602950210653841
321,1572062400,82,21,0,103,43,-0.5815919910286745,-1.0003606745339748
321,1572076800,26,49,23,75,43,-0.24557652252765802,-1.0581730561375893
321,1572091200,148,259,111,407,43,1.0400478786936225,-0.37268338855187294
321,1572105600,453,310,0,763,43,-0.5815919910286745,0.3623597489797989
321,1572120000,499,237,0,736,43,-0.5815919910286745,0.3066120952905991
321,1572134400,227,105,0,332,43,-0.5815919910286745,-0.5275379821329835
321,1572148800,91,16,0,107,43,-0.5815919910286745,-0.9921017628763155
321,1572163200,20,18,0,38,43,-0.5815919910286745,-1.1345679889709372
321,1572177600,108,144,36,252,43,-0.05565473598360523,-0.6927162152861682
321,1572192000,283,188,0,471,43,-0.5815919910286745,-0.24054080202932518
321,1572206400,313,163,0,476,43,-0.5815919910286745,-0.23021716245725116
321,1572220800,140,56,0,196,43,-0.5815919910286745,-0.8083409784933975
321,1572235200,23,8,0,31,43,-0.5815919910286745,-1.149021084371841
321,1572249600,69,192,123,261,43,1.215360297041979,-0.6741336640564349
321,1572264000,395,603,208,998,43,2.4571565936761703,0.8475708088672789
321,1572278400,578,244,0,822,43,-0.5815919910286745,0.4841786959302726
321,1572292800,1165,292,0,1457,43,-0.5815919910286745,1.795280921583676
321,1572307200,250,84,0,334,44,-0.49708446187744926,-0.565527079372424
321,1572321600,39,13,0,52,44,-0.49708446187744926,-1.1544639880352556
321,1572336000,97,188,91,285,44,0.7834234376133072,-0.6678600883244762
321,1572350400,420,631,211,1051,44,2.4720052830956236,0.9318763373341373
321,1572364800,626,262,0,888,44,-0.49708446187744926,0.5914624504120042
321,1572379200,1261,376,0,1637,44,-0.49708446187744926,2.155695587250518
321,1572393600,359,74,0,433,44,-0.49708446187744926,-0.3587726327141958
321,1572408000,39,9,0,48,44,-0.49708446187744926,-1.1628177030517497
321,1572422400,78,194,116,272,44,1.1352113220887898,-0.6950096621280819
321,1572436800,444,667,223,1111,44,2.640863467643855,1.0571820625815482
321,1572451200,624,253,0,877,44,-0.49708446187744926,0.5684897341166455
321,1572465600,1187,412,0,1599,44,-0.49708446187744926,2.0763352945938243
321,1572480000,386,108,0,494,44,-0.49708446187744926,-0.23137847871266132
321,1572494400,44,17,0,61,44,-0.49708446187744926,-1.1356681292481439
321,1572508800,92,192,100,284,44,0.9100670760244809,-0.6699485170785997
321,1572523200,490,627,137,1117,44,1.4307131450481951,1.0697126351062893
321,1572537600,696,262,0,958,44,-0.49708446187744926,0.7376524632006503
321,1572552000,1047,376,0,1423,44,-0.49708446187744926,1.7087718338680855
321,1572566400,930,155,0,1085,44,-0.49708446187744926,1.0028829149743368
321,1572580800,88,25,0,113,44,-0.49708446187744926,-1.027069834033721
321,1572595200,70,151,81,221,44,0.6427082838231142,-0.8015195285883813
321,1572609600,378,548,170,926,44,1.8950731525558322,0.6708227430686978
321,1572624000,640,285,0,925,44,-0.49708446187744926,0.6687343143145743
321,1572638400,1084,374,0,1458,44,-0.49708446187744926,1.7818668402624085
321,1572652800,303,93,0,396,44,-0.49708446187744926,-0.4360444966167659
321,1572667200,105,22,0,127,44,-0.49708446187744926,-0.9978318314759919
321,1572681600,24,30,6,54,44,-0.41265536960333343,-1.1502871305270086
321,1572696000,153,176,23,329,44,-0.1734396081600053,-0.5759692231430416
321,1572710400,400,295,0,695,44,-0.49708446187744926,0.18839570086616547
321,1572724800,483,224,0,707,44,-0.49708446187744926,0.21345684591564767
321,1572739200,251,99,0,350,44,-0.49708446187744926,-0.5321122193064477
321,1572750000,94,34,0,128,44,-0.49708446187744926,-0.9957434027218683
321,1572764400,33,11,0,44,44,-0.49708446187744926,-1.1711714180682438
321,1572778800,76,96,20,172,44,-0.21565415429706322,-0.9038525375404336
321,1572793200,283,257,0,540,44,-0.49708446187744926,-0.13531075602297957
321,1572807600,363,259,0,622,44,-0.49708446187744926,0.035940401815148786
321,1572822000,180,52,0,232,44,-0.49708446187744926,-0.7785468122930226
321,1572836400,33,11,0,44,44,-0.49708446187744926,-1.1711714180682438
321,1572850800,23,68,45,91,44,0.13613373017841934,-1.0730152666244384
321,1572865200,384,680,296,1064,44,3.6680840903122642,0.959025911137743
321,1572879600,512,231,0,743,44,-0.49708446187744926,0.2886402810640943
321,1572894000,1185,324,0,1509,44,-0.49708446187744926,1.8883767067227077
321,1572908400,394,113,0,507,44,-0.49708446187744926,-0.2042289049090556
321,1572922800,67,24,0,91,45,-0.45335867279417646,-1.0821447161935625
321,1572937200,31,62,31,93,45,-0.02124081629489555,-1.0779033875186719
321,1572951600,403,607,204,1010,45,2.3902556086849627,0.8667458099187519
321,1572966000,452,284,0,736,45,-0.45335867279417646,0.28568378145871476
321,1572980400,1156,362,0,1518,45,-0.45335867279417646,1.9440432933410106
321,1572994800,472,122,0,594,45,-0.45335867279417646,-0.01545055445853081
321,1573009200,65,28,0,93,45,-0.45335867279417646,-1.0779033875186719
321,1573023600,31,64,33,95,45,0.006637755092154829,-1.073662058843781
321,1573038000,419,703,284,1122,45,3.5053984641669778,1.1042602157126358
321,1573052400,514,291,0,805,45,-0.45335867279417646,0.4320096207424467
321,1573066800,1160,399,0,1559,45,-0.45335867279417646,2.0309905311762715
321,1573081200,586,132,0,718,45,-0.45335867279417646,0.24751182338469768
321,1573095600,91,27,0,118,45,-0.45335867279417646,-1.024886779082537
321,1573110000,38,73,35,111,45,0.03451632647920521,-1.0397314294446547
321,1573124400,395,649,254,1044,45,3.087219893361222,0.9388483973918952
321,1573138800,465,322,0,787,45,-0.45335867279417646,0.3938376626684297
321,1573153200,1252,380,0,1632,45,-0.45335867279417646,2.1857990278097854
321,1573167600,635,147,0,782,45,-0.45335867279417646,0.38323434098120274
321,1573182000,110,24,0,134,45,-0.45335867279417646,-0.9909561496834107
321,1573196400,30,71,41,101,45,0.11815204064035635,-1.0609380728191087
321,1573210800,360,556,196,916,45,2.278741323136761,0.6674033621988852
321,1573225200,529,275,0,804,45,-0.45335867279417646,0.42988895640500135
321,1573239600,1176,411,0,1587,45,-0.45335867279417646,2.0903691326247427
321,1573254000,457,155,0,612,45,-0.45335867279417646,0.02272140361548623
321,1573268400,118,40,0,158,45,-0.45335867279417646,-0.9400602055847214
321,1573282800,32,24,0,56,45,-0.45335867279417646,-1.1563679680041512
321,1573297200,97,218,121,315,45,1.2332948961223718,-0.6071159046057949
321,1573311600,438,389,0,827,45,-0.45335867279417646,0.4786642361662453
321,1573326000,562,316,0,878,45,-0.45335867279417646,0.5868181173759602
321,1573340400,297,166,0,463,45,-0.45335867279417646,-0.293257582663877
321,1573354800,115,35,0,150,45,-0.45335867279417646,-0.9570255202842844
321,1573369200,33,10,0,43,45,-0.45335867279417646,-1.1839366043909414
321,1573383600,91,108,17,199,45,-0.21639081600424823,-0.8531129677494603
321,1573398000,335,349,14,684,45,-0.2582086730848238,0.17540923591155438
321,1573412400,437,258,0,695,45,-0.45335867279417646,0.1987365436234537
321,1573426800,207,64,0,271,45,-0.45335867279417646,-0.7004251354533921
321,1573441200,57,23,0,80,45,-0.45335867279417646,-1.1054720239054618
321,1573455600,28,41,13,69,45,-0.27214795877834896,-1.1287993316173612
321,1573470000,351,474,123,825,45,1.2611734675094222,0.4744229074913545
321,1573484400,385,244,0,629,45,-0.45335867279417646,0.05877269735205788
321,1573498800,1007,316,0,1323,45,-0.45335867279417646,1.5305137475391593
321,1573513200,408,119,0,527,45,-0.45335867279417646,-0.15753506506737203
321,1573527600,74,28,0,102,46,-0.44309086634141276,-1.0301199016532938
321,1573542000,32,67,35,99,46,-0.052362867827989386,-1.0363911055769695
321,1573556400,434,711,277,1145,46,2.6492421504648234,1.1501686624779417
321,1573570800,491,294,0,785,46,-0.44309086634141276,0.39762419163686336
321,1573585200,1194,311,0,1505,46,-0.44309086634141276,1.9027131333190201
321,1573599600,485,144,0,629,46,-0.44309086634141276,0.07152158760572937
321,1573614000,89,24,0,113,46,-0.44309086634141276,-1.007125487266483
321,1573628400,36,56,20,92,46,-0.21981772433374228,-1.0510239147322125
321,1573642800,419,718,299,1137,46,2.894842606673261,1.1334454520148067
321,1573657200,522,278,0,800,46,-0.44309086634141276,0.4289802112552416
321,1573671600,1228,375,0,1603,46,-0.44309086634141276,2.107572461492425
321,1573686000,508,147,0,655,46,-0.44309086634141276,0.12587202161091837
321,1573700400,107,33,0,140,46,-0.44309086634141276,-0.9506846519534021
321,1573714800,29,63,34,92,46,-0.06352652492837291,-1.0510239147322125
321,1573729200,391,707,316,1098,46,3.0846247773797812,1.0519198010070232
321,1573743600,474,273,0,747,46,-0.44309086634141276,0.3181889419369717
321,1573758000,1195,375,0,1570,46,-0.44309086634141276,2.0385892183319925
321,1573772400,564,155,0,719,46,-0.44309086634141276,0.25965770531599897
321,1573786800,116,34,0,150,46,-0.44309086634141276,-0.9297806388744833
321,1573801200,35,57,22,92,46,-0.19749041013297522,-1.0510239147322125
321,1573815600,368,589,221,957,46,2.0240773528433462,0.7571732165942675
321,1573830000,508,308,0,816,46,-0.44309086634141276,0.46242663218151175
321,1573844400,1133,357,0,1490,46,-0.44309086634141276,1.871357113700642
321,1573858800,439,175,0,614,46,-0.44309086634141276,0.0401655679873511
321,1573873200,142,50,0,192,46,-0.44309086634141276,-0.8419837839430241
321,1573887600,26,21,0,47,46,-0.44309086634141276,-1.1450919735873473
321,1573902000,93,161,68,254,46,0.31603781648466694,-0.7123789028537273
321,1573916400,311,272,0,583,46,-0.44309086634141276,-0.02463687255729731
321,1573930800,455,288,0,743,46,-0.44309086634141276,0.3098273367054042
321,1573945200,237,128,0,365,46,-0.44309086634141276,-0.4803443576777281
321,1573959600,121,39,0,160,46,-0.44309086634141276,-0.9088766257955644
321,1573974000,30,17,0,47,46,-0.44309086634141276,-1.1450919735873473
321,1573988400,61,131,70,192,46,0.338365130685434,-0.8419837839430241
321,1574002800,320,228,0,548,46,-0.44309086634141276,-0.09780091833351326
321,1574017200,396,191,0,587,46,-0.44309086634141276,-0.016275267325729773
321,1574031600,158,56,0,214,46,-0.44309086634141276,-0.7959949551694027
321,1574046000,38,11,0,49,46,-0.44309086634141276,-1.1409111709715636
321,1574060400,24,56,32,80,46,-0.08585383912913996,-1.0761087304269152
321,1574074800,369,642,273,1011,46,2.6045875220632895,0.8700548872204292
321,1574089200,453,274,0,727,46,-0.44309086634141276,0.27638091577913404
321,1574103600,1147,326,0,1473,46,-0.44309086634141276,1.8358202914664798
321,1574118000,445,114,0,559,46,-0.44309086634141276,-0.07480650394670253
321,1574132400,83,17,0,100,47,-0.42859834399370644,-1.0982966217212347
321,1574146800,29,53,24,82,47,-0.1493306447398887,-1.137223590592367
321,1574161200,366,614,248,980,47,2.457167881629077,0.8047996342007921
321,1574175600,476,300,0,776,47,-0.42859834399370644,0.36362732032795864
321,1574190000,1239,370,0,1609,47,-0.42859834399370644,2.1650809353086955
321,1574204400,551,135,0,686,47,-0.42859834399370644,0.1689924759722968
321,1574218800,431,57,0,488,47,-0.42859834399370644,-0.25920418161015923
321,1574233200,242,116,0,358,47,-0.42859834399370644,-0.5403434012350041
321,1574247600,431,691,260,1122,47,2.5968017312559857,1.1118901664063918
321,1574262000,493,315,0,808,47,-0.42859834399370644,0.4328308205433051
321,1574276400,1163,412,0,1575,47,-0.42859834399370644,2.0915522163298896
321,1574290800,525,149,0,674,47,-0.42859834399370644,0.14304116339154188
321,1574305200,102,23,0,125,47,-0.42859834399370644,-1.0442313871779954
321,1574319600,32,51,19,83,47,-0.20751141541776738,-1.1350609812106376
321,1574334000,393,703,310,1096,47,3.178609438034773,1.055662322481423
321,1574348400,466,295,0,761,47,-0.42859834399370644,0.33118817960201496
321,1574362800,1127,393,0,1520,47,-0.42859834399370644,1.972608700334763
321,1574377200,610,158,0,768,47,-0.42859834399370644,0.34632644527412204
321,1574391600,123,27,0,150,47,-0.42859834399370644,-0.9901661526347559
321,1574406000,41,62,21,103,47,-0.1842391071466159,-1.0918087935760459
321,1574420400,347,591,244,938,47,2.410623265086774,0.7139700401681499
321,1574434800,570,337,0,907,47,-0.42859834399370644,0.646929149334533
321,1574449200,1024,383,0,1407,47,-0.42859834399370644,1.728233840199321
321,1574463600,425,168,0,593,47,-0.42859834399370644,-0.03213019652855377
321,1574478000,121,36,0,157,47,-0.42859834399370644,-0.9750278869626489
321,1574492400,27,20,0,47,47,-0.42859834399370644,-1.2129149189529023
321,1574506800,90,159,69,249,47,0.3742962913610196,-0.7760678238435279
321,1574521200,346,256,0,602,47,-0.42859834399370644,-0.012666712092987586
321,1574535600,537,228,0,765,47,-0.42859834399370644,0.33983861712893326
321,1574550000,303,136,0,439,47,-0.42859834399370644,-0.36517204131490844
321,1574564400,128,50,0,178,47,-0.42859834399370644,-0.9296130899463277
321,1574578800,22,11,0,33,47,-0.42859834399370644,-1.2431914502971162
321,1574593200,70,115,45,185,47,0.09502859210720185,-0.9144748242742208
321,1574607600,268,237,0,505,47,-0.42859834399370644,-0.22243982212075644
321,1574622000,367,205,0,572,47,-0.42859834399370644,-0.07754499354487486
321,1574636400,179,60,0,239,47,-0.42859834399370644,-0.7976939176608236
321,1574650800,47,14,0,61,47,-0.42859834399370644,-1.1826383876086881
321,1574665200,27,64,37,91,47,0.0019393590225959291,-1.1177601061568008
321,1574679600,372,642,270,1014,47,2.713163272611743,0.8783283531795977
321,1574694000,450,264,0,714,47,-0.42859834399370644,0.2295455386607249
321,1574708400,1119,341,0,1460,47,-0.42859834399370644,1.8428521374309885
321,1574722800,394,116,0,510,47,-0.42859834399370644,-0.21162677521210857
321,1574737200,67,22,0,89,48,-0.37591769695924604,-0.8396261352035932
321,1574751600,33,52,19,85,48,-0.06114086361876509,-0.850349655859987
321,1574766000,362,610,248,972,48,3.7327483382217683,1.5275910496953318
321,1574780400,481,241,0,722,48,-0.37591769695924604,0.8573710086707209
321,1574794800,1118,355,0,1473,48,-0.37591769695924604,2.8707120119086516
321,1574809200,439,152,0,591,48,-0.37591769695924604,0.506175707173825
321,1574823600,93,20,0,113,48,-0.37591769695924604,-0.7752850112652305
321,1574838000,33,63,30,96,48,0.12109835568361862,-0.8208599740549041
321,1574852400,294,475,181,769,48,2.622745820652704,0.9833723763833477
321,1574866800,625,284,0,909,48,-0.37591769695924604,1.3586955993571297
321,1574881200,818,272,0,1090,48,-0.37591769695924604,1.8439349090589479
321,1574895600,293,114,0,407,48,-0.37591769695924604,0.012893756979711521
321,1574910000,87,17,0,104,48,-0.37591769695924604,-0.7994129327421166
321,1574924400,29,12,0,41,48,-0.37591769695924604,-0.9683083830803184
321,1574938800,99,60,0,159,48,-0.37591769695924604,-0.6519645237167022
321,1574953200,160,101,0,261,48,-0.37591769695924604,-0.3785147469786611
321,1574967600,127,79,0,206,48,-0.37591769695924604,-0.5259631560040754
321,1574982000,100,36,0,136,48,-0.37591769695924604,-0.7136247674909664
321,1574996400,32,14,0,46,48,-0.37591769695924604,-0.9549039822598262
321,1575010800,15,29,14,44,48,-0.14397687239257587,-0.9602657425880231
321,1575025200,95,179,84,274,48,1.015727250440775,-0.3436633048453813
321,1575039600,338,248,0,586,48,-0.37591769695924604,0.4927713063533327
321,1575054000,472,222,0,694,48,-0.37591769695924604,0.7823063640759645
321,1575068400,278,105,0,383,48,-0.37591769695924604,-0.0514473669586511
321,1575082800,99,56,0,155,48,-0.37591769695924604,-0.662688044373096
321,1575097200,18,13,0,31,48,-0.37591769695924604,-0.9951171847213028
321,1575111600,76,124,48,200,48,0.41930798726933743,-0.5420484369886661
321,1575126000,243,183,0,426,48,-0.37591769695924604,0.06383048009758192
321,1575140400,395,187,0,582,48,-0.37591769695924604,0.48204778569693896
321,1575154800,232,112,0,344,48,-0.37591769695924604,-0.15600169335849035
321,1575169200,71,30,0,101,48,-0.37591769695924604,-0.8074555732344119
321,1575183600,22,12,0,34,48,-0.37591769695924604,-0.9870745442290075
321,1575198000,52,83,31,135,48,0.1376655574383808,-0.7163056476550649
321,1575212400,212,161,0,373,48,-0.37591769695924604,-0.07825616859963552
321,1575226800,284,139,0,423,48,-0.37591769695924604,0.055787839605286604
321,1575241200,124,48,0,172,48,-0.37591769695924604,-0.6171130815834225
321,1575255600,33,8,0,41,48,-0.37591769695924604,-0.9683083830803184
321,1575270000,23,62,39,85,48,0.27020317147647804,-0.850349655859987
321,1575284400,364,623,259,987,48,3.914987557524152,1.5678042521568083
321,1575298800,454,263,0,717,48,-0.37591769695924604,0.8439666078502287
321,1575313200,1049,295,0,1344,48,-0.37591769695924604,2.5248784707399525
321,1575327600,381,111,0,492,48,-0.37591769695924604,0.24076857092807913
321,1575342000,68,15,0,83,49,-0.4530599490330001,-1.0627798244980498
321,1575356400,24,72,48,96,49,0.12381588983443499,-1.0359208380206135
321,1575370800,442,698,256,1140,49,2.6236111915933202,1.1210623837057956
321,1575385200,448,273,0,721,49,-0.4530599490330001,0.2553765887792004
321,1575399600,1201,359,0,1560,49,-0.4530599490330001,1.9888142545152707
321,1575414000,504,149,0,653,49,-0.4530599490330001,0.1148834287433806
321,1575428400,107,15,0,122,49,-0.4530599490330001,-0.9822028650657413
321,1575441455,26,20,0,46,49,-0.4530599490330001,-1.1392246321645987
321,1575442800,13,64,51,77,49,0.15987062976364969,-1.075176279795328
321,1575457200,394,671,277,1065,49,2.875994371097823,0.966106692489818
321,1575471600,487,305,0,792,49,-0.4530599490330001,0.4020679764636592
321,1575486000,1143,394,0,1537,49,-0.4530599490330001,1.9412945092090375
321,1575500400,536,164,0,700,49,-0.4530599490330001,0.2119889952387266
321,1575514800,101,18,0,119,49,-0.4530599490330001,-0.9884010927143805
321,1575529200,36,70,34,106,49,-0.044439563168566926,-1.0152600791918165
321,1575543600,415,655,240,1070,49,2.4313192453041754,0.9764370719042165
321,1575558000,488,308,0,796,49,-0.4530599490330001,0.410332279995178
321,1575572400,1213,460,0,1673,49,-0.4530599490330001,2.2222808292806766
321,1575586800,590,152,0,742,49,-0.4530599490330001,0.2987641823196741
321,1575601200,114,32,0,146,49,-0.4530599490330001,-0.9326170438766285
321,1575615600,34,60,26,94,49,-0.14058553631313944,-1.040052989786373
321,1575630000,382,622,240,1004,49,2.4313192453041754,0.8400760636341561
321,1575644400,522,344,0,866,49,-0.4530599490330001,0.5549575917967572
321,1575658800,1078,373,0,1451,49,-0.4530599490330001,1.763611983281383
321,1575673200,498,171,0,669,49,-0.4530599490330001,0.14794064286945585
321,1575687600,148,43,0,191,49,-0.4530599490330001,-0.8396436291470418
321,1575702000,20,16,0,36,49,-0.4530599490330001,-1.1598853909933957
321,1575716400,109,216,107,325,49,0.8328924417756574,-0.5627894608411618
321,1575730800,379,310,0,689,49,-0.4530599490330001,0.1892621605270499
321,1575745200,527,255,0,782,49,-0.4530599490330001,0.3814072176348622
321,1575759600,297,160,0,457,49,-0.4530599490330001,-0.29006744430104103
321,1575774000,143,42,0,185,49,-0.4530599490330001,-0.8520400844443201
321,1575788400,34,14,0,48,49,-0.4530599490330001,-1.1350924803988394
321,1575802800,84,100,16,184,49,-0.2607680027438551,-0.8541061603271998
321,1575817200,298,224,0,522,49,-0.4530599490330001,-0.1557725119138604
321,1575831600,409,183,0,592,49,-0.4530599490330001,-0.011147200112281234
321,1575846000,187,76,0,263,49,-0.4530599490330001,-0.6908861655797033
321,1575860400,47,19,0,66,49,-0.4530599490330001,-1.0979031145070046
321,1575874800,27,68,41,95,49,0.03968816333293403,-1.0379869139034934
321,1575889200,414,699,285,1113,49,2.972140344242396,1.0652783348680437
321,1575903600,477,267,0,744,49,-0.4530599490330001,0.30289633408543354
321,1575918000,1182,325,0,1507,49,-0.4530599490330001,1.8793122327226464
321,1575932400,436,125,0,561,49,-0.4530599490330001,-0.075195552481552
321,1575946800,81,17,0,98,50,-0.41970444002081025,-0.477202468258858
321,1575961200,33,51,18,84,50,-0.1962758286973475,-0.4865409868357142
321,1575975600,414,701,287,1115,50,3.1427406405255125,0.2011742026456226
321,1575990000,498,305,0,803,50,-0.41970444002081025,-0.006941354210029254
321,1576004400,1192,354,0,1546,50,-0.41970444002081025,0.48866716740455196
321,1576018800,561,161,0,722,50,-0.41970444002081025,-0.06097135454755426
321,1576033200,100,15,0,115,50,-0.41970444002081025,-0.4658628385583898
321,1576047600,26,64,38,90,50,0.051978183884277794,-0.4825387645884901
321,1576062000,393,675,282,1068,50,3.0806771373801065,0.16982346170903403
321,1576076400,547,284,0,831,50,-0.41970444002081025,0.011735682943683092
321,1576090800,1095,398,0,1493,50,-0.41970444002081025,0.45331420422073926
321,1576105200,597,184,0,781,50,-0.41970444002081025,-0.021616169116517526
321,1576119600,129,27,0,156,50,-0.41970444002081025,-0.4385143198690253
321,1576134000,28,57,29,85,50,-0.059736121777453584,-0.48587394979451015
321,1576292400,5635,3147,0,8782,50,-0.41970444002081025,5.315347197556785
321,1576306800,25,22,0,47,50,-0.41970444002081025,-0.5112213573602626
321,1576321200,89,203,114,292,50,0.9953434316944539,-0.34779728226527956
321,1576335600,373,323,0,696,50,-0.41970444002081025,-0.07831431761885858
321,1576350000,535,277,0,812,50,-0.41970444002081025,-0.0009380208391931424
321,1576364400,340,166,0,506,50,-0.41970444002081025,-0.20505135544762093
321,1576378800,144,46,0,190,50,-0.41970444002081025,-0.4158350604680888
321,1576393200,30,14,0,44,50,-0.41970444002081025,-0.5132224684838746
321,1576407600,75,102,27,177,50,-0.0845615230356161,-0.424506542003741
321,1576422000,332,241,0,573,50,-0.41970444002081025,-0.1603598736869521
321,1576436400,454,212,0,666,50,-0.41970444002081025,-0.09832542885497894
321,1576450800,226,72,0,298,50,-0.41970444002081025,-0.3437950600180555
321,1576465200,39,16,0,55,50,-0.41970444002081025,-0.5058850610306305
321,1576479600,28,60,32,88,50,-0.022498019890209792,-0.4838728386708981
321,1576494000,392,647,255,1039,50,2.7455342203949122,0.15047938751411766
321,1576508400,536,292,0,828,50,-0.41970444002081025,0.009734571820071055
321,1576522800,1017,368,0,1385,50,-0.41970444002081025,0.3812742037707059
321,1576537200,444,120,0,564,50,-0.41970444002081025,-0.1663632070577882
321,1576551600,73,14,0,87,51,-0.4142905667042815,-1.028206699356358
321,1576564476,22,13,0,35,51,-0.4142905667042815,-1.1431142453260108
321,1576566000,10,42,32,52,51,-0.012837172489428462,-1.105548316835932
321,1576580400,388,651,263,1039,51,2.885154516999042,1.0754852960880574
321,1576594800,474,287,0,761,51,-0.4142905667042815,0.46117187725029746
321,1576609200,1149,428,0,1577,51,-0.4142905667042815,2.2643364447740817
321,1576623600,503,131,0,634,51,-0.4142905667042815,0.18053229382441435
321,1576638000,98,19,0,117,51,-0.4142905667042815,-0.9619138843738657
321,1576652400,32,64,32,96,51,-0.012837172489428462,-1.0083188548616102
321,1576666800,411,676,265,1087,51,2.91024535413747,1.1815538000600447
321,1576681200,520,342,0,862,51,-0.4142905667042815,0.6843576876913542
321,1576695600,1161,413,0,1574,51,-0.4142905667042815,2.2577071632758328
321,1576710000,588,165,0,753,51,-0.4142905667042815,0.44349379325496624
321,1576724400,131,24,0,155,51,-0.4142905667042815,-0.8779429853960424
321,1576738800,30,39,9,69,51,-0.3013817995813541,-1.067982388345853
321,1576753200,364,667,303,1031,51,3.386971259767608,1.0578072120927262
321,1576767600,494,302,0,796,51,-0.4142905667042815,0.5385134947298715
321,1576782000,1074,394,0,1468,51,-0.4142905667042815,2.023472550337694
321,1576796400,583,159,0,742,51,-0.4142905667042815,0.4191864277613858
321,1576810800,104,27,0,131,51,-0.4142905667042815,-0.9309772373820361
321,1576825200,36,43,7,79,51,-0.3264726367197824,-1.045884783351689
321,1576839600,338,587,249,925,51,2.709518657030044,0.8235725991545875
321,1576854000,504,324,0,828,51,-0.4142905667042815,0.6092258307111964
321,1576868400,1049,347,0,1396,51,-0.4142905667042815,1.864369794379713
321,1576882800,442,159,0,601,51,-0.4142905667042815,0.10761019734367308
321,1576897200,134,32,0,166,51,-0.4142905667042815,-0.8536356199024621
321,1576911600,35,20,0,55,51,-0.4142905667042815,-1.0989190353376828
321,1576926000,93,139,46,232,51,0.16279868747956971,-0.7077914269409794
321,1576940400,345,271,0,616,51,-0.4142905667042815,0.1407566048349191
321,1576954800,487,238,0,725,51,-0.4142905667042815,0.381620499271307
321,1576969200,269,118,0,387,51,-0.4142905667042815,-0.36527854953143707
321,1576983600,112,48,0,160,51,-0.4142905667042815,-0.8668941828989605
321,1576998000,29,15,0,44,51,-0.4142905667042815,-1.1232264008312631
321,1577012400,65,96,31,161,51,-0.025382591058642618,-0.864684422399544
321,1577026800,285,241,0,526,51,-0.4142905667042815,-0.058121840112557104
321,1577041200,420,195,0,615,51,-0.4142905667042815,0.1385468443355027
321,1577055600,182,76,0,258,51,-0.4142905667042815,-0.650337653956153
321,1577070000,53,12,0,65,51,-0.4142905667042815,-1.0768214303435186
321,1577084400,19,61,42,80,51,0.1126170132027131,-1.0436750228522726
321,1577098800,200,341,141,541,51,1.3546134515549146,-0.024975432621311067
321,1577113200,412,304,0,716,51,-0.4142905667042815,0.36173265477655936
321,1577127600,793,277,0,1070,51,-0.4142905667042815,1.1439878715699658
321,1577142000,343,94,0,437,51,-0.4142905667042815,-0.2547905245606169
321,1577156400,78,25,0,103,52,-0.44241674850371476,-0.7382704619508534
321,1577170800,26,44,18,70,52,0.06320239264338783,-0.8639335193041902
321,1577185200,128,228,100,356,52,2.3665784800912997,0.22514631109139502
321,1577199600,390,220,0,610,52,-0.44241674850371476,1.1923710555685931
321,1577214000,479,168,0,647,52,-0.44241674850371476,1.3332659986617281
321,1577228400,146,72,0,218,52,-0.44241674850371476,-0.30035374693164957
321,1577242800,34,16,0,50,52,-0.44241674850371476,-0.9400929480031821
321,1577257200,17,10,0,27,52,-0.44241674850371476,-1.027676291007023
321,1577271600,40,24,0,64,52,-0.44241674850371476,-0.8867813479138877
321,1577286000,114,47,0,161,52,-0.44241674850371476,-0.5174081187237767
321,1577300400,106,60,0,166,52,-0.44241674850371476,-0.4983682615490287
321,1577314800,55,28,0,83,52,-0.44241674850371476,-0.8144298906498454
321,1577329200,23,8,0,31,52,-0.44241674850371476,-1.0124444052672246
321,1577343600,12,29,17,41,52,0.03511244035743768,-0.9743646909177285
321,1577358000,108,242,134,350,52,3.3216368578136044,0.2022984824816974
321,1577372400,294,217,0,511,52,-0.44241674850371476,0.8153818835085828
321,1577386800,597,221,0,818,52,-0.44241674850371476,1.9844291140381094
321,1577401200,246,81,0,327,52,-0.44241674850371476,0.11471513947785665
321,1577415600,78,15,0,93,52,-0.44241674850371476,-0.7763501763003494
321,1577430000,16,40,24,56,52,0.23174210635908868,-0.9172451193934845
321,1577444400,154,239,85,393,52,1.9452291958020476,0.36604125418453015
321,1577458800,334,267,0,601,52,-0.44241674850371476,1.1580993126540466
321,1577473200,643,279,0,922,52,-0.44241674850371476,2.3804581432728678
321,1577487600,313,114,0,427,52,-0.44241674850371476,0.4955122829728165
