remote_unit_id,time_stamp,entries,exits,num_people_exited,sum_exit_entry,week_num,z_score_num_people_exited,z_score_sum_exit_entry
311,1546311600,176,100,0,276,1,-0.6569333596651712,-0.7459897929444697
311,1546326000,65,65,0,130,1,-0.6569333596651712,-1.2461438942275977
311,1546340400,92,176,84,268,1,0.31198841830252283,-0.7733954971243672
311,1546354800,219,311,92,530,1,0.40426668287087464,0.12414131476727346
311,1546369200,379,289,0,668,1,-0.6569333596651712,0.596889711870504
311,1546383600,277,118,0,395,1,-0.6569333596651712,-0.3383299432684955
311,1546398000,65,54,0,119,1,-0.6569333596651712,-1.2838267374749566
311,1546412400,19,73,54,92,1,-0.03405507382879646,-1.3763209890821104
311,1546426800,220,431,211,651,1,1.7769058683251076,0.538652590488222
311,1546441200,301,377,76,678,1,0.21971015373417102,0.6311468420953757
311,1546455600,599,392,0,991,1,-0.6569333596651712,1.7033950181338624
311,1546470000,366,134,0,500,1,-0.6569333596651712,0.02136992409265812
311,1546484400,127,46,0,173,1,-0.6569333596651712,-1.098838234260649
311,1546498800,28,90,62,118,1,0.05822319073955535,-1.2872524504974439
311,1546513200,238,547,309,785,1,2.9073146092874174,0.9976981355015038
311,1546527600,310,332,22,642,1,-0.4031681321022037,0.5078211732858373
311,1546542000,599,400,0,999,1,-0.6569333596651712,1.7308007223137598
311,1546556400,448,190,0,638,1,-0.6569333596651712,0.49411832119588867
311,1546570800,149,40,0,189,1,-0.6569333596651712,-1.0440268259008543
311,1546585200,35,81,46,116,1,-0.12633333839714828,-1.2941038765424182
311,1546599600,224,476,252,700,1,2.2498319742379107,0.7065125285900936
311,1546614000,289,350,61,639,1,0.04668840766851137,0.49754403421837584
311,1546628400,620,453,0,1073,1,-0.6569333596651712,1.9843034859778108
311,1546642800,415,231,0,646,1,-0.6569333596651712,0.521524025375786
311,1546657200,226,67,0,293,1,-0.6569333596651712,-0.6877526715621877
311,1546671600,22,59,37,81,1,-0.23014638603654405,-1.4140038323294695
311,1546686000,93,355,262,448,1,2.3651798049483506,-0.15676715307667513
311,1546700400,300,444,144,744,1,1.0040754025651615,0.8572439015795295
311,1546714800,467,420,0,887,1,-0.6569333596651712,1.347120863795196
311,1546729200,363,210,0,573,1,-0.6569333596651712,0.2714469747342221
311,1546743600,206,67,0,273,1,-0.6569333596651712,-0.7562669320119312
311,1546758000,40,47,7,87,1,-0.5761898781678634,-1.3934495541945462
311,1546772400,88,286,198,374,1,1.6269536884015359,-0.41026991674072627
311,1546786800,307,445,138,752,1,0.9348667041388975,0.8846496057594269
311,1546801200,495,340,0,835,1,-0.6569333596651712,1.1689837866258626
311,1546815600,337,93,0,430,1,-0.6569333596651712,-0.21842998748144432
311,1546830000,99,36,0,135,1,-0.6569333596651712,-1.2290153291151618
311,1546844400,25,83,58,108,1,0.012084058455379442,-1.3215095807223156
311,1546858800,235,481,246,716,1,2.1806232758116466,0.7613239369498885
311,1546873200,271,304,33,575,1,-0.27628551832071996,0.27829840077919643
311,1546887600,606,363,0,969,1,-0.6569333596651712,1.6280293316391445
311,1546902000,312,130,0,442,1,-0.6569333596651712,-0.17732143121159818
311,1546916400,0,21,21,21,2,-0.258101264180872,-0.8934004395395921
311,1546930800,14,68,54,82,2,0.16127546753623065,-0.716515437522557
311,1546945200,249,495,246,744,2,2.6012855429811914,1.2031217974819888
311,1546959600,258,292,34,550,2,-0.09289224865595275,0.6405694959851884
311,1546974000,570,347,0,917,2,-0.5249773661826646,1.7047792622188263
311,1546988400,296,117,0,413,2,-0.5249773661826646,0.2433031799797159
311,1547002800,0,2,2,2,2,-0.4995605945634462,-0.9484957680367014
311,1547017200,21,82,61,103,2,0.25023416820349487,-0.6556206007625941
311,1547031600,243,501,258,744,2,2.7537861726965014,1.2031217974819888
311,1547046000,303,320,17,623,2,-0.3089348074193086,0.8522515475793452
311,1547060400,554,370,0,924,2,-0.5249773661826646,1.725077541138814
311,1547074800,333,174,0,507,2,-0.5249773661826646,0.5158800683338357
311,1547089200,0,4,4,4,2,-0.47414382294422786,-0.9426962597738479
311,1547103600,24,94,70,118,2,0.36460964048997735,-0.612124288791192
311,1547118000,225,495,270,720,2,2.906286802411812,1.1335276983277454
311,1547132400,239,301,62,540,2,0.262942554013104,0.6115719546709203
311,1547146800,519,397,0,916,2,-0.5249773661826646,1.7018795080873994
311,1547161200,336,145,0,481,2,-0.5249773661826646,0.4404864609167387
311,1547175600,0,2,2,2,2,-0.4995605945634462,-0.9484957680367014
311,1547190000,17,79,62,96,2,0.262942554013104,-0.6759188796825817
311,1547204400,236,452,216,688,2,2.2200339686929165,1.0407355661220876
311,1547218800,270,310,40,580,2,-0.01664193379829773,0.7275621199279926
311,1547233200,520,492,0,1012,2,-0.5249773661826646,1.9802559047043728
311,1547247600,281,193,0,474,2,-0.5249773661826646,0.42018818199675106
311,1547262000,0,0,0,0,2,-0.5249773661826646,-0.9542952762995551
311,1547276400,2,1,0,3,2,-0.5249773661826646,-0.9455960139052747
311,1547290800,0,0,0,0,2,-0.5249773661826646,-0.9542952762995551
311,1547305200,0,1,1,1,2,-0.5122689803730553,-0.9513955221681283
311,1547319600,0,1,1,1,2,-0.5122689803730553,-0.9513955221681283
311,1547334000,0,1,1,1,2,-0.5122689803730553,-0.9513955221681283
311,1547348400,0,0,0,0,2,-0.5249773661826646,-0.9542952762995551
311,1547362800,0,0,0,0,2,-0.5249773661826646,-0.9542952762995551
311,1547377200,2,0,0,2,2,-0.5249773661826646,-0.9484957680367014
311,1547391600,0,0,0,0,2,-0.5249773661826646,-0.9542952762995551
311,1547406000,1,0,0,1,2,-0.5249773661826646,-0.9513955221681283
311,1547420400,1,1,0,2,2,-0.5249773661826646,-0.9484957680367014
311,1547434800,0,1,1,1,2,-0.5122689803730553,-0.9513955221681283
311,1547449200,13,69,56,82,2,0.186692239155449,-0.716515437522557
311,1547463600,213,456,243,669,2,2.563160385552364,0.9856402376249783
311,1547478000,258,271,13,529,2,-0.3597683506577453,0.5796746592252254
311,1547492400,530,333,0,863,2,-0.5249773661826646,1.5481925391217788
311,1547506800,279,127,0,406,2,-0.5249773661826646,0.22300490105972826
311,1547521200,0,4,4,4,3,-0.4515181779112437,-0.8883656463534193
311,1547535600,26,64,38,90,3,-0.04005170818740453,-0.632134973620963
311,1547550000,240,539,299,779,3,3.1185585446926556,1.420689834665809
311,1547564400,218,311,93,529,3,0.6255558163658648,0.6758332278854128
311,1547578800,578,389,0,967,3,-0.49992599787875425,1.9808220029646668
311,1547593200,294,96,0,390,3,-0.49992599787875425,0.2616929545155125
311,1547607600,0,1,1,1,3,-0.4878240428868766,-0.8973039256347841
311,1547622000,21,69,48,90,3,0.08096784173137171,-0.632134973620963
311,1547636400,242,460,218,702,3,2.138300190350568,1.191273999777447
311,1547650800,299,310,11,609,3,-0.36680449296810036,0.9141873420551396
311,1547665200,570,378,0,948,3,-0.49992599787875425,1.9242129008493567
311,1547679600,317,103,0,420,3,-0.49992599787875425,0.35107574732916
311,1547694000,0,0,0,0,3,-0.49992599787875425,-0.9002833520619057
311,1547708400,19,67,48,86,3,0.08096784173137171,-0.6440526793294493
311,1547722800,229,480,251,709,3,2.5376647050825296,1.2121299847672982
311,1547737200,259,272,13,531,3,-0.3426005829843451,0.681792080739656
311,1547751600,575,448,0,1023,3,-0.49992599787875425,2.1476698828834757
311,1547766000,341,141,0,482,3,-0.49992599787875425,0.5358001858106983
311,1547780400,0,2,2,2,3,-0.475722087894999,-0.8943244992076624
311,1547794800,20,73,53,93,3,0.14147761669075984,-0.6231966943395982
311,1547809200,239,542,303,781,3,3.166966364660166,1.4266486875200521
311,1547823600,251,338,87,589,3,0.552944086414599,0.8545988135127079
311,1547838000,525,400,0,925,3,-0.49992599787875425,1.8556860930255603
311,1547852400,258,172,0,430,3,-0.49992599787875425,0.38087001160037587
311,1547866800,0,0,0,0,3,-0.49992599787875425,-0.9002833520619057
311,1547881200,0,0,0,0,3,-0.49992599787875425,-0.9002833520619057
311,1547895600,0,1,1,1,3,-0.4878240428868766,-0.8973039256347841
311,1547910000,0,0,0,0,3,-0.49992599787875425,-0.9002833520619057
311,1547924400,0,0,0,0,3,-0.49992599787875425,-0.9002833520619057
311,1547938800,0,1,1,1,3,-0.4878240428868766,-0.8973039256347841
311,1547953200,0,0,0,0,3,-0.49992599787875425,-0.9002833520619057
311,1547967600,0,0,0,0,3,-0.49992599787875425,-0.9002833520619057
311,1547982000,0,0,0,0,3,-0.49992599787875425,-0.9002833520619057
311,1547996400,1,0,0,1,3,-0.49992599787875425,-0.8973039256347841
311,1548010800,1,2,1,3,3,-0.4878240428868766,-0.8913450727805409
311,1548025200,3,1,0,4,3,-0.49992599787875425,-0.8883656463534193
311,1548039600,0,0,0,0,3,-0.49992599787875425,-0.9002833520619057
311,1548054000,8,41,33,49,3,-0.10056148314679264,-0.754291457132948
311,1548068400,80,278,198,358,3,1.8962610905130155,0.16635130884762178
311,1548082800,168,200,32,368,3,-0.11266343813867026,0.19614557311883762
311,1548097200,288,199,0,487,3,-0.49992599787875425,0.5506973179463063
311,1548111600,164,75,0,239,3,-0.49992599787875425,-0.18820043597984684
311,1548126000,43,16,0,59,4,-0.5293069246682075,-0.8548042870383947
311,1548140400,15,68,53,83,4,0.14052662525301476,-0.7809449761062242
311,1548154800,202,461,259,663,4,2.7440306117392748,1.0039883714212314
311,1548169200,263,311,48,574,4,0.07733478092082396,0.7300934267144322
311,1548183600,558,337,0,895,4,-0.5293069246682075,1.7179617104322134
311,1548198000,374,147,0,521,4,-0.5293069246682075,0.5669874484058888
311,1548212400,90,28,0,118,4,-0.5293069246682075,-0.6732334809968088
311,1548226800,27,86,59,113,4,0.2163568384516437,-0.688620837441011
311,1548241200,244,529,285,773,4,3.072628202266667,1.34251021319368
311,1548255600,242,294,52,536,4,0.12788825638657658,0.6131495177384955
311,1548270000,570,319,0,889,4,-0.5293069246682075,1.6994968826991708
311,1548284400,410,121,0,531,4,-0.5293069246682075,0.5977621612942933
311,1548298800,99,40,0,139,4,-0.5293069246682075,-0.6086065839311595
311,1548313200,33,79,46,112,4,0.052058043187947656,-0.6916983087298514
311,1548327600,199,451,252,650,4,2.6555620296742077,0.9639812446663056
311,1548342000,224,262,38,486,4,-0.049048907743557586,0.4592759532964734
311,1548356400,484,335,0,819,4,-0.5293069246682075,1.48407389248034
311,1548370800,378,183,0,561,4,-0.5293069246682075,0.6900862999595064
311,1548385200,129,48,0,177,4,-0.5293069246682075,-0.49166267495522276
311,1548399600,25,100,75,125,4,0.4185707403146542,-0.6516911819749257
311,1548414000,230,431,201,661,4,2.0110052174858617,0.9978334288435505
311,1548428400,290,363,73,653,4,0.3932940025817779,0.9732136585328269
311,1548442800,525,471,0,996,4,-0.5293069246682075,2.028786310605098
311,1548457200,289,174,0,463,4,-0.5293069246682075,0.38849411365314324
311,1548471600,0,0,0,0,4,-0.5293069246682075,-1.0363750930799809
311,1548486000,2,0,0,2,4,-0.5293069246682075,-1.0302201505022999
311,1548500400,0,0,0,0,4,-0.5293069246682075,-1.0363750930799809
311,1548514800,0,1,1,1,4,-0.5166685558017694,-1.0332976217911403
311,1548529200,1,1,0,2,4,-0.5293069246682075,-1.0302201505022999
311,1548543600,0,1,1,1,4,-0.5166685558017694,-1.0332976217911403
311,1548558000,1,0,0,1,4,-0.5293069246682075,-1.0332976217911403
311,1548572400,0,0,0,0,4,-0.5293069246682075,-1.0363750930799809
311,1548586800,0,0,0,0,4,-0.5293069246682075,-1.0363750930799809
311,1548601200,0,0,0,0,4,-0.5293069246682075,-1.0363750930799809
311,1548615600,0,0,0,0,4,-0.5293069246682075,-1.0363750930799809
311,1548630000,0,0,0,0,4,-0.5293069246682075,-1.0363750930799809
311,1548644400,0,0,0,0,4,-0.5293069246682075,-1.0363750930799809
311,1548658800,20,67,47,87,4,0.06469641205438581,-0.7686350909508625
311,1548673200,215,450,235,665,4,2.440709758944759,1.0101433139989122
311,1548687600,255,289,34,544,4,-0.09960238320931021,0.637769288049219
311,1548702000,462,318,0,780,4,-0.5293069246682075,1.364052512215563
311,1548716400,334,130,0,464,4,-0.5293069246682075,0.3915715849419837
311,1548730800,93,34,0,127,5,-0.6281099370045218,-1.2266478129096547
311,1548745200,30,68,38,98,5,-0.21877410219063173,-1.3274001924446173
311,1548759600,240,504,264,744,5,2.2156969153867148,0.9169459171962725
311,1548774000,270,304,34,574,5,-0.2618620848026202,0.3263285199223541
311,1548788400,534,351,0,885,5,-0.6281099370045218,1.4068109349352282
311,1548802800,309,158,0,467,5,-0.6281099370045218,-0.04541301836181803
311,1548817200,128,37,0,165,5,-0.6281099370045218,-1.0946274535190141
311,1548831600,32,83,51,115,5,-0.07873815870166934,-1.2683384527172255
311,1548846000,229,496,267,725,5,2.248012902345706,0.8509357375009522
311,1548860400,229,291,62,520,5,0.039753793481298844,0.13872064078828591
311,1548874800,513,363,0,876,5,-0.6281099370045218,1.3755429550795502
311,1548889200,295,156,0,451,5,-0.6281099370045218,-0.10100053810524565
311,1548903600,110,30,0,140,5,-0.6281099370045218,-1.18148295311812
311,1548918000,34,51,17,85,5,-0.444986010903571,-1.3725650522361523
311,1548932400,223,419,196,642,5,1.4832012109829114,0.5625754788319215
311,1548946800,192,246,54,438,5,-0.046422171742678014,-0.14616539789678057
311,1548961200,431,335,0,766,5,-0.6281099370045218,0.9933787568434854
311,1548975600,339,142,0,481,5,-0.6281099370045218,0.003226061413681123
311,1548990000,108,25,0,133,5,-0.6281099370045218,-1.2058024930058695
311,1549004400,24,80,56,104,5,-0.024878180436683803,-1.306554872540832
311,1549018800,237,503,266,740,5,2.237240906692709,0.9030490372604155
311,1549033200,275,309,34,584,5,-0.2618620848026202,0.36107071976199634
311,1549047600,511,438,0,949,5,-0.6281099370045218,1.6291610139089387
311,1549062000,358,204,0,562,5,-0.6281099370045218,0.2846378801147834
311,1549076400,196,53,0,249,5,-0.6281099370045218,-0.8027929748660192
311,1549090800,29,44,15,73,5,-0.4665300022095652,-1.414255692043723
311,1549105200,111,355,244,466,5,2.0002570023267725,-0.04888723834578226
311,1549119600,351,547,196,898,5,1.4832012109829114,1.4519757947267633
311,1549134000,492,410,0,902,5,-0.6281099370045218,1.46587267466262
311,1549148400,379,190,0,569,5,-0.6281099370045218,0.30895742000253296
311,1549162800,201,52,0,253,5,-0.6281099370045218,-0.7888960949301623
311,1549177200,31,27,0,58,5,-0.6281099370045218,-1.4663689918031864
311,1549191600,93,301,208,394,5,1.6124651588188768,-0.29903107719120653
311,1549206000,314,425,111,739,5,0.5675815804781571,0.8995748172764514
311,1549220400,485,287,0,772,5,-0.6281099370045218,1.0142240767472708
311,1549234800,305,98,0,403,5,-0.6281099370045218,-0.2677630973355285
311,1549249200,78,30,0,108,5,-0.6281099370045218,-1.292657992604975
311,1549263600,26,76,50,102,5,-0.08951015435466644,-1.3135033125087603
311,1549278000,229,515,286,744,5,2.452680819752651,0.9169459171962725
311,1549292400,293,292,0,585,5,-0.6281099370045218,0.3645449397459606
311,1549306800,619,338,0,957,5,-0.6281099370045218,1.6569547737806525
311,1549321200,367,153,0,520,5,-0.6281099370045218,0.13872064078828591
311,1549335600,132,38,0,170,6,-0.6306677151388905,-1.1807175201054207
311,1549350000,34,66,32,100,6,-0.31141445369005105,-1.409439237777552
311,1549364400,195,466,271,661,6,2.0730083427559687,0.4236019567091002
311,1549378800,315,508,193,823,6,1.2948285179744226,0.9529293604646041
311,1549393200,604,400,0,1004,6,-0.6306677151388905,1.5443383733025435
311,1549407600,503,162,0,665,6,-0.6306677151388905,0.4366717691475077
311,1549422000,162,46,0,208,6,-0.6306677151388905,-1.0565543019405494
311,1549436400,50,82,32,132,6,-0.31141445369005105,-1.304880738270292
311,1549450800,238,518,280,756,6,2.162798322538455,0.7340100021212784
311,1549465200,259,294,35,553,6,-0.2814844604292223,0.07071702087209764
311,1549479600,525,367,0,892,6,-0.6306677151388905,1.1783836250271336
311,1549494000,393,164,0,557,6,-0.6306677151388905,0.08378683331050514
311,1549508400,148,39,0,187,6,-0.6306677151388905,-1.1251708172421888
311,1549522800,42,72,30,114,6,-0.3313677825306035,-1.3636948942431257
311,1549537200,220,518,298,738,6,2.3423782821034274,0.6751958461484446
311,1549551600,281,285,4,566,6,-0.5907610574577856,0.11319391129692202
311,1549566000,588,448,0,1036,6,-0.6306677151388905,1.6488968728098037
311,1549580400,524,200,0,724,6,-0.6306677151388905,0.6294515026140184
311,1549594800,199,34,0,233,6,-0.6306677151388905,-0.9748679742005026
311,1549609200,40,81,41,121,6,-0.22162447390756493,-1.3408227224759126
311,1549623600,258,581,323,839,6,2.591794892610333,1.005208610218234
311,1549638000,245,330,85,575,6,0.21734876058458938,0.1426009892833389
311,1549652400,559,479,0,1038,6,-0.6306677151388905,1.6554317790290074
311,1549666800,430,245,0,675,6,-0.6306677151388905,0.46934630024352647
311,1549681200,235,63,0,298,6,-0.6306677151388905,-0.7624835220763807
311,1549695600,26,41,15,67,6,-0.481017748834747,-1.5172651903944139
311,1549710000,102,358,256,460,6,1.9233583764518254,-0.23315611832087682
311,1549724400,334,480,146,814,6,0.8259252902214396,0.9235222824781872
311,1549738800,529,487,0,1016,6,-0.6306677151388905,1.583547810617766
311,1549753200,385,238,0,623,6,-0.6306677151388905,0.2994387385442289
311,1549767600,213,71,0,284,6,-0.6306677151388905,-0.808227865610807
311,1549782000,33,29,0,62,6,-0.6306677151388905,-1.5336024559424233
311,1549796400,98,278,180,376,6,1.1651318805108315,-0.5076221795274344
311,1549810800,293,375,82,668,6,0.18741876732376067,0.44647412847631335
311,1549825200,479,315,0,794,6,-0.6306677151388905,0.8581732202861497
311,1549839600,285,127,0,412,6,-0.6306677151388905,-0.38999386758176685
311,1549854000,100,30,0,130,6,-0.6306677151388905,-1.3114156444894958
311,1549868400,35,95,60,130,6,-0.032067849922316476,-1.3114156444894958
311,1549882800,261,512,251,773,6,1.8734750543504441,0.7895567049845102
311,1549897200,266,307,41,573,6,-0.22162447390756493,0.13606608306413515
311,1549911600,600,356,0,956,6,-0.6306677151388905,1.3875006240416536
311,1549926000,356,158,0,514,6,-0.6306677151388905,-0.05671365040237552
311,1549940400,194,40,0,234,7,-0.6584915199557657,-0.9915243970743917
311,1549954800,34,82,48,116,7,-0.17148989978554893,-1.3716650606012881
311,1549969200,204,466,262,670,7,1.9997256568066675,0.41306313934702266
311,1549983600,200,262,62,462,7,-0.029447760569235704,-0.25701531839530345
311,1549998000,417,319,0,736,7,-0.6584915199557657,0.6256841884383376
311,1550012400,342,154,0,496,7,-0.6584915199557657,-0.14748326280280785
311,1550026800,202,39,0,241,7,-0.6584915199557657,-0.9689736797465249
311,1550041200,53,72,19,125,7,-0.4657200453050549,-1.3426712811797452
311,1550055600,269,514,245,783,7,1.8272459163297157,0.7770961476397287
311,1550070000,286,326,40,612,7,-0.25265683648058507,0.22621433863041246
311,1550084400,575,390,0,965,7,-0.6584915199557657,1.363414798164264
311,1550098800,462,208,0,670,7,-0.6584915199557657,0.41306313934702266
311,1550113200,222,43,0,265,7,-0.6584915199557657,-0.8916569346224104
311,1550127600,49,89,40,138,7,-0.25265683648058507,-1.30079137757085
311,1550142000,224,472,248,696,7,1.8576835175903543,0.4968229465648134
311,1550156400,262,303,41,565,7,-0.24251096939370553,0.07480237942902149
311,1550170800,569,464,0,1033,7,-0.6584915199557657,1.582478909349255
311,1550185200,386,218,0,604,7,-0.6584915199557657,0.2004420902557076
311,1550199600,308,58,0,366,7,-0.6584915199557657,-0.5662822988917616
311,1550214000,33,65,32,98,7,-0.3338237731756212,-1.4296526194443742
311,1550228400,244,475,231,719,7,1.6852037771134025,0.5709181606420898
311,1550242800,297,316,19,613,7,-0.4657200453050549,0.22943586967725058
311,1550257200,613,529,0,1142,7,-0.6584915199557657,1.9336257934546088
311,1550271600,418,220,0,638,7,-0.6584915199557657,0.3099741458482032
311,1550286000,284,87,0,371,7,-0.6584915199557657,-0.5501746436575711
311,1550300400,38,74,36,112,7,-0.2932403048281031,-1.3845511847886407
311,1550314800,110,330,220,440,7,1.5735992391577278,-0.3278890014257418
311,1550329200,311,519,208,830,7,1.4518488341151736,0.9285081068411196
311,1550343600,538,438,0,976,7,-0.6584915199557657,1.3988516396794832
311,1550358000,445,272,0,717,7,-0.6584915199557657,0.5644750985484136
311,1550372400,265,72,0,337,7,-0.6584915199557657,-0.6597066992500668
311,1550386800,45,37,0,82,7,-0.6584915199557657,-1.4811971161937838
311,1550401200,80,248,168,328,7,1.046014150639993,-0.6887004786716097
311,1550415600,382,691,309,1073,7,2.4765814098900045,1.7113401512227795
311,1550430000,642,417,0,1059,7,-0.6584915199557657,1.666238716567046
311,1550444400,347,162,0,509,7,-0.6584915199557657,-0.10560335919391246
311,1550458800,118,31,0,149,7,-0.6584915199557657,-1.2653545360556306
311,1550473200,24,47,23,71,7,-0.4251365769575368,-1.5166339577090029
311,1550487600,123,410,287,533,7,2.2533723339786556,-0.028286614069797916
311,1550502000,278,401,123,679,7,0.5894501317304147,0.44205691876856557
311,1550516400,552,408,0,960,7,-0.6584915199557657,1.3473071429300734
311,1550545200,448,161,0,609,8,-0.7460429737935456,0.18954743012709338
311,1550559600,27,82,55,109,8,-0.08333992843184962,-1.6199745758594781
311,1550574000,232,453,221,685,8,1.9168183539325419,0.46459477503705227
311,1550588400,281,380,99,661,8,0.44682250785750716,0.3777377187496968
311,1550602800,522,386,0,908,8,-0.7460429737935456,1.2716415897070632
311,1550617200,415,187,0,602,8,-0.7460429737935456,0.16421412204328137
311,1550631600,166,77,0,243,8,-0.7460429737935456,-1.135022678255077
311,1550646000,30,108,78,138,8,0.19379043599213233,-1.515022299512257
311,1550660400,231,481,250,712,8,2.266243596032345,0.5623089633603271
311,1550674800,224,282,58,506,8,-0.04719248959393892,-0.18321410310614036
311,1550689200,432,328,0,760,8,-0.7460429737935456,0.736023075935038
311,1550703600,348,181,0,529,8,-0.7460429737935456,-0.09997609083075808
311,1550718000,137,70,0,207,8,-0.7460429737935456,-1.26530826268611
311,1550732400,33,107,74,140,8,0.14559385087491808,-1.5077842114883107
311,1550746800,232,448,216,680,8,1.856572622536024,0.4464995549771865
311,1550761200,275,351,76,626,8,0.1696921434335252,0.2510711783306368
311,1550775600,599,427,0,1026,8,-0.7460429737935456,1.698688783119894
311,1550790000,456,216,0,672,8,-0.7460429737935456,0.4175472028814014
311,1550804400,198,51,0,249,8,-0.7460429737935456,-1.1133084141832381
311,1550818800,36,97,61,133,8,-0.011045050756028237,-1.5331175195721227
311,1550833200,234,477,243,711,8,2.1818995720772203,0.558689919348354
311,1550847600,299,354,55,653,8,-0.08333992843184962,0.3487853666539117
311,1550862000,532,512,0,1044,8,-0.7460429737935456,1.7638315753354106
311,1550876400,481,275,0,756,8,-0.7460429737935456,0.7215468998871454
311,1551495600,9486,9565,79,19051,9,-0.11774131906338624,4.1171201884510715
311,1551510000,52,56,4,108,9,-0.7267481418050392,-0.32319073127499937
311,1551524400,80,386,306,466,9,1.7255193311013501,-0.23927417585812066
311,1551538800,200,499,299,699,9,1.668678694312129,-0.1846580937013253
311,1551553200,397,385,0,782,9,-0.759228505684594,-0.16520257945662994
311,1551567600,313,198,0,511,9,-0.759228505684594,-0.22872600548449065
311,1551582000,248,50,0,298,9,-0.759228505684594,-0.27865401191967265
311,1551596400,43,47,4,90,9,-0.7267481418050392,-0.32740999942445137
311,1551610800,73,302,229,375,9,1.1002723264199197,-0.2606049203914613
311,1551625200,221,442,221,663,9,1.0353115986608101,-0.1930966300002293
311,1551639600,400,268,0,668,9,-0.759228505684594,-0.19192461106982597
311,1551654000,222,132,0,354,9,-0.759228505684594,-0.2655273998991553
311,1551668400,84,46,0,130,9,-0.759228505684594,-0.3180338479812247
311,1551682800,27,83,56,110,9,-0.3045034113708265,-0.32272192370283803
311,1551697200,201,541,340,742,9,2.001602424077566,-0.17457873089985662
311,1551711600,177,322,145,499,9,0.41818468494926836,-0.23153885091745866
311,1551726000,416,336,0,752,9,-0.759228505684594,-0.17223469303904995
311,1551740400,319,145,0,464,9,-0.759228505684594,-0.239742983430282
311,1551754800,134,31,0,165,10,-0.6494140740415624,-1.2959991613933708
311,1551769200,32,112,80,144,10,-0.0427270438916551,-1.3695849750282754
311,1551783600,207,606,399,813,10,2.3764374888311,0.9746488021979688
311,1551798000,284,304,20,588,10,-0.49774231650408557,0.18622937039542034
311,1551812400,493,377,0,870,10,-0.6494140740415624,1.1743817249212811
311,1551826800,406,182,0,588,10,-0.6494140740415624,0.18622937039542034
311,1551841200,169,47,0,216,10,-0.6494140740415624,-1.1172907568514598
311,1551855600,41,92,51,133,10,-0.2626510923209965,-1.408129925027511
311,1551870000,231,556,325,787,10,1.815251985942436,0.8835425567452299
311,1551884400,264,378,114,642,10,0.2151149439220555,0.37545003402803195
311,1551898800,444,386,0,830,10,-0.6494140740415624,1.0342182703786058
311,1551913200,370,191,0,561,10,-0.6494140740415624,0.0916190385791145
311,1551927600,148,50,0,198,10,-0.6494140740415624,-1.1803643113956637
311,1551942000,38,93,55,131,10,-0.23231674081350115,-1.4151380977546448
311,1551956400,211,619,408,830,10,2.4446897797229648,1.0342182703786058
311,1551970800,225,342,117,567,10,0.23786570755267702,0.11264355676051581
311,1551985200,501,474,0,975,10,-0.6494140740415624,1.5423107930958038
311,1551999600,443,217,0,660,10,-0.6494140740415624,0.43852358857223583
311,1552014000,211,65,0,276,10,-0.6494140740415624,-0.9070455750374469
311,1552028400,41,110,69,151,10,-0.12614651053726736,-1.3450563704833072
311,1552042800,202,596,394,798,10,2.338519549446731,0.9220875067444656
311,1552057200,275,374,99,649,10,0.10136112576894789,0.39997863857300014
311,1552071600,525,466,0,991,10,-0.6494140740415624,1.5983761749128738
311,1552086000,393,259,0,652,10,-0.6494140740415624,0.4104908976637008
311,1552100400,322,63,0,385,10,-0.6494140740415624,-0.5251001614086568
311,1552114800,62,66,4,128,10,-0.6190797225340671,-1.4256503568453456
311,1552129200,93,476,383,569,10,2.255100082801119,0.11965172948764957
311,1552143600,311,501,190,812,10,0.7914676225644675,0.971144715834402
311,1552158000,548,505,0,1053,10,-0.6494140740415624,1.8156295294540206
311,1552172400,357,267,0,624,10,-0.6494140740415624,0.3123764794838281
311,1552190400,309,69,0,378,10,-0.6494140740415624,-0.549628765953625
311,1552204800,40,53,13,93,10,-0.5508274316422025,-1.5482933795701863
311,1552219200,86,328,242,414,10,1.1858141921619072,-0.42348165686521716
311,1552233600,246,361,115,607,10,0.22269853179892934,0.2528070113031911
311,1552248000,378,293,0,671,10,-0.6494140740415624,0.4770685385714716
311,1552262400,273,84,0,357,10,-0.6494140740415624,-0.6232145795885294
311,1552276800,64,28,0,92,10,-0.6494140740415624,-1.5517974659337532
311,1552291200,60,165,105,225,10,0.14686265303019094,-1.0857539795793578
311,1552305600,230,558,328,788,10,1.8380027495730578,0.8870466431087968
311,1552320000,303,303,0,606,10,-0.6494140740415624,0.24930292493962422
311,1552334400,574,338,0,912,10,-0.6494140740415624,1.3215533521910903
311,1552348800,325,102,0,427,11,-0.74720313230724,-0.4063739946835588
311,1552363200,77,44,0,121,11,-0.74720313230724,-1.4698475397198236
311,1552377600,61,148,87,209,11,0.08115859264744894,-1.164012010428349
311,1552392000,251,527,276,778,11,1.88070302961798,0.8134927187403921
311,1552406400,304,381,77,685,11,-0.014055398726653229,0.49028017073917435
311,1552420800,487,422,0,909,11,-0.74720313230724,1.2687706089356559
311,1552435200,370,139,0,509,11,-0.74720313230724,-0.1213908878437754
311,1552449600,102,24,0,126,11,-0.74720313230724,-1.4524705210100808
311,1552464000,68,174,106,242,11,0.2620651762582431,-1.0493236869440459
311,1552478400,239,484,245,723,11,1.5855396563582633,0.6223455129332204
311,1552492800,288,329,41,617,11,-0.35682576767342106,0.25395271628667104
311,1552507200,544,436,0,980,11,-0.74720313230724,1.515524274614005
311,1552521600,401,126,0,527,11,-0.74720313230724,-0.058833620488700986
311,1552536000,125,32,0,157,11,-0.74720313230724,-1.3447330050096749
311,1552550400,58,185,127,243,11,0.46201455814385767,-1.0458482832020972
311,1552564800,221,533,312,754,11,2.2234733985647477,0.7300830289336263
311,1552579200,322,396,74,718,11,-0.04261959613888388,0.6049684942234774
311,1552593600,537,440,0,977,11,-0.74720313230724,1.5050980633881592
311,1552608000,438,160,0,598,11,-0.74720313230724,0.18792004518964806
311,1552622400,151,31,0,182,11,-0.74720313230724,-1.2578479114609604
311,1552636800,55,200,145,255,11,0.6333997426172415,-1.0041434382987142
311,1552651200,228,516,288,744,11,1.9949598192669027,0.6953289915141405
311,1552665600,332,403,71,735,11,-0.07118379355111454,0.6640503578366033
311,1552680000,519,483,0,1002,11,-0.74720313230724,1.5919831569368736
311,1552694400,475,202,0,677,11,-0.74720313230724,0.46247694080358576
311,1552708800,187,48,0,235,11,-0.74720313230724,-1.0736515131376858
311,1552723200,37,93,56,130,11,-0.2140047806122678,-1.4385689060422866
311,1552737600,156,482,326,638,11,2.3567729864884908,0.3269361948675912
311,1552752000,344,549,205,893,11,1.2046836908618546,1.2131641490644787
311,1552766400,554,442,0,996,11,-0.74720313230724,1.5711307344851821
311,1552780800,423,228,0,651,11,-0.74720313230724,0.3721164435129227
311,1552795200,212,40,0,252,11,-0.74720313230724,-1.01456964952456
311,1552809600,41,70,29,111,11,-0.47108255732234366,-1.5046015771393095
311,1552824000,150,370,220,520,11,1.3475046779230078,-0.08316144668234103
311,1552838400,311,478,167,789,11,0.8428705236402664,0.8517221599018265
311,1552852800,450,291,0,741,11,-0.74720313230724,0.6849027802882948
311,1552867200,289,129,0,418,11,-0.74720313230724,-0.43765262836109603
311,1552881600,73,19,0,92,11,-0.74720313230724,-1.5706342482363325
311,1552896000,53,193,140,246,11,0.5857927469301905,-1.0354220719762515
311,1552910400,221,509,288,730,11,1.9949598192669027,0.6466733391268604
311,1552924800,309,325,16,634,11,-0.5948607461086765,0.3130345798997969
311,1552939200,473,401,0,874,11,-0.74720313230724,1.1471314779674557
311,1552953600,331,138,0,469,12,-0.7669546584115445,-0.18813455004629004
311,1552968000,75,24,0,99,12,-0.7669546584115445,-1.4857869724694366
311,1552982400,66,168,102,234,12,0.35251169819324485,-1.0123191967204506
311,1552996800,295,459,164,754,12,1.032971640443215,0.8114085320904579
311,1553011200,276,337,61,613,12,-0.097469876520445,0.31689774408596155
311,1553025600,489,367,0,856,12,-0.7669546584115445,1.1691397404341362
311,1553040000,384,137,0,521,12,-0.7669546584115445,-0.005761777165199185
311,1553054400,97,27,0,124,12,-0.7669546584115445,-1.3981077547381429
311,1553068800,51,166,115,217,12,0.49518878285856116,-1.0719410647777303
311,1553083200,238,478,240,716,12,1.8670838277173718,0.6781361211388915
311,1553097600,300,375,75,675,12,0.05618236850374178,0.5343422040595699
311,1553112000,558,403,0,961,12,-0.7669546584115445,1.5373924549055695
311,1553126400,385,122,0,507,12,-0.7669546584115445,-0.05486213909472364
311,1553140800,87,39,0,126,12,-0.7669546584115445,-1.3910934173196394
311,1553155200,67,159,92,226,12,0.24276009460454,-1.0403765463944645
311,1553169600,240,391,151,631,12,0.8902945557778986,0.38002678085249303
311,1553184000,303,376,73,679,12,0.034232047786000815,0.5483708788965769
311,1553198400,514,452,0,966,12,-0.7669546584115445,1.5549282984518282
311,1553212800,438,136,0,574,12,-0.7669546584115445,0.18011816442514342
311,1553227200,78,42,0,120,12,-0.7669546584115445,-1.4121364295751497
311,1553241600,65,157,92,222,12,0.24276009460454,-1.0544052212314716
311,1553256000,237,501,264,738,12,2.1304876763302634,0.75529383274243
311,1553270400,319,423,104,742,12,0.37446201891098585,0.769322507579437
311,1553284800,558,482,0,1040,12,-0.7669546584115445,1.8144587829364576
311,1553299200,442,181,0,623,12,-0.7669546584115445,0.351969431178479
311,1553313600,170,40,0,210,12,-0.7669546584115445,-1.0964912457424925
311,1553328000,31,95,64,126,12,-0.06454439544383354,-1.3910934173196394
311,1553342400,160,443,283,603,12,2.3390157231488025,0.2818260569934441
311,1553356800,319,521,202,840,12,1.4500277340802934,1.1130250410861082
311,1553371200,529,399,0,928,12,-0.7669546584115445,1.4216558875002618
311,1553385600,384,179,0,563,12,-0.7669546584115445,0.1415393086233742
311,1553400000,164,49,0,213,12,-0.7669546584115445,-1.0859697396147374
311,1553414400,39,70,31,109,12,-0.42672468728655955,-1.450715285376919
311,1553428800,124,405,281,529,12,2.3170654024310617,0.022295572508814792
311,1553443200,266,468,202,734,12,1.4500277340802934,0.741265157905423
311,1553457600,474,266,0,740,12,-0.7669546584115445,0.7623081701609334
311,1553472000,286,104,0,390,12,-0.7669546584115445,-0.4652008780771781
311,1553486400,64,33,0,97,12,-0.7669546584115445,-1.49280130988794
311,1553500800,55,163,108,218,12,0.41836266034646774,-1.0684338960684785
311,1553515200,241,472,231,713,12,1.7683073844875374,0.6676146150111363
311,1553529600,302,301,0,603,12,-0.7669546584115445,0.2818260569934441
311,1553544000,558,344,0,902,12,-0.7669546584115445,1.3304695010597165
311,1553558400,324,95,0,419,13,-0.5256880964318398,0.1523756713254161
311,1553572800,72,18,0,90,13,-0.5256880964318398,-0.8068621539021921
311,1553587200,54,147,93,201,13,0.997559458955969,-0.4832287235062513
311,1553601600,233,404,171,637,13,2.2751219247650987,0.7879800661570835
311,1553616000,297,288,0,585,13,-0.5256880964318398,0.6363680086743004
311,1553630400,579,457,0,1036,13,-0.5256880964318398,1.9513110456884384
311,1553644800,406,183,0,589,13,-0.5256880964318398,0.6480304746345146
311,1553659200,130,30,0,160,13,-0.5256880964318398,-0.6027689995984457
311,1553673600,55,177,122,232,13,1.4725506321414146,-0.39284461231459217
311,1553688000,236,403,167,639,13,2.209605900877451,0.7938112991371906
311,1553702400,331,352,21,683,13,-0.18172897102168942,0.9220984246995455
311,1553716800,565,439,0,1004,13,-0.5256880964318398,1.8580113180067257
311,1553731200,397,131,0,528,13,-0.5256880964318398,0.47017786874124984
311,1553745600,87,22,0,109,13,-0.5256880964318398,-0.7514654405911751
311,1553760000,62,154,92,216,13,0.981180452984057,-0.4394944761554485
311,1553774400,245,440,195,685,13,2.668218068090985,0.9279296576796525
311,1553788800,329,329,0,658,13,-0.5256880964318398,0.8492080124482074
311,1553803200,541,420,0,961,13,-0.5256880964318398,1.7326398089344244
311,1553817600,427,137,0,564,13,-0.5256880964318398,0.5751400623831766
311,1553832000,124,27,0,151,13,-0.5256880964318398,-0.6290095480089273
311,1553846400,66,147,81,213,13,0.8010113872930259,-0.4482413256256091
311,1553860800,250,406,156,656,13,2.02943683518642,0.8433767794681004
311,1553875200,332,324,0,656,13,-0.5256880964318398,0.8433767794681004
311,1553889600,536,465,0,1001,13,-0.5256880964318398,1.8492644685365651
311,1553904000,191,122,0,313,13,-0.5256880964318398,-0.15667967662025703
311,1553918400,1,0,0,1,13,-0.5256880964318398,-1.0663520215169553
311,1553932800,1,0,0,1,13,-0.5256880964318398,-1.0663520215169553
311,1553947200,0,0,0,0,13,-0.5256880964318398,-1.069267638007009
311,1553961600,0,0,0,0,13,-0.5256880964318398,-1.069267638007009
311,1553976000,0,0,0,0,13,-0.5256880964318398,-1.069267638007009
311,1553990400,0,0,0,0,13,-0.5256880964318398,-1.069267638007009
311,1554004800,0,0,0,0,13,-0.5256880964318398,-1.069267638007009
311,1554019200,0,0,0,0,13,-0.5256880964318398,-1.069267638007009
311,1554033600,0,0,0,0,13,-0.5256880964318398,-1.069267638007009
311,1554048000,0,0,0,0,13,-0.5256880964318398,-1.069267638007009
311,1554062400,2,0,0,2,13,-0.5256880964318398,-1.0634364050269018
311,1554076800,1,0,0,1,13,-0.5256880964318398,-1.0663520215169553
311,1554091200,0,0,0,0,13,-0.5256880964318398,-1.069267638007009
311,1554105600,65,119,54,184,13,0.358778226051404,-0.5327942038371611
311,1554120000,278,474,196,752,13,2.684597074062897,1.1232759625132385
311,1554134400,315,288,0,603,13,-0.5256880964318398,0.6888491054952638
311,1554148800,535,338,0,873,13,-0.5256880964318398,1.4760655578097144
311,1554163200,379,126,0,505,14,-0.5222629288050226,0.33280593017401155
311,1554177600,74,30,0,104,14,-0.5222629288050226,-0.8025227058378789
311,1554192000,73,179,106,252,14,1.1911597381367316,-0.3834986706015702
311,1554206400,267,429,162,696,14,2.096364165955017,0.8735734351073559
311,1554220800,349,318,0,667,14,-0.5222629288050226,0.79146737414889
311,1554235200,535,366,0,901,14,-0.5222629288050226,1.45397834877927
311,1554249600,431,138,0,569,14,-0.5222629288050226,0.5140055129789018
311,1554264000,86,34,0,120,14,-0.5222629288050226,-0.7572228101366564
311,1554278400,71,160,89,231,14,0.9163655368347522,-0.4429547837094248
311,1554292800,253,410,157,663,14,2.01554234204267,0.7801424002235844
311,1554307200,341,319,0,660,14,-0.5222629288050226,0.7716486697796051
311,1554321600,541,403,0,944,14,-0.5222629288050226,1.5757218184763055
311,1554336000,516,170,0,686,14,-0.5222629288050226,0.8452610002940918
311,1554350400,111,39,0,150,14,-0.5222629288050226,-0.6722855056968641
311,1554364800,67,161,94,228,14,0.9971873607470991,-0.45144851415340403
311,1554379200,252,491,239,743,14,3.3410202542051595,1.0066418787296971
311,1554393600,350,365,15,715,14,-0.2797974570679819,0.9273670612525576
311,1554408000,600,452,0,1052,14,-0.5222629288050226,1.881496114459558
311,1554422400,582,222,0,804,14,-0.5222629288050226,1.1793477310906082
311,1554436800,151,50,0,201,14,-0.5222629288050226,-0.5278920881492171
311,1554451200,84,172,88,256,14,0.9002011720522829,-0.37217369667626454
311,1554465600,265,412,147,677,14,1.8538986942179763,0.8197798089621541
311,1554480000,357,336,0,693,14,-0.5222629288050226,0.8650797046633767
311,1554494400,575,482,0,1057,14,-0.5222629288050226,1.89565233186619
311,1554508800,165,119,0,284,14,-0.5222629288050226,-0.29289887919912505
311,1554523200,0,0,0,0,14,-0.5222629288050226,-1.0969720278958255
311,1554537600,0,0,0,0,14,-0.5222629288050226,-1.0969720278958255
311,1554552000,0,0,0,0,14,-0.5222629288050226,-1.0969720278958255
311,1554566400,0,0,0,0,14,-0.5222629288050226,-1.0969720278958255
311,1554580800,0,0,0,0,14,-0.5222629288050226,-1.0969720278958255
311,1554595200,0,0,0,0,14,-0.5222629288050226,-1.0969720278958255
311,1554609600,0,0,0,0,14,-0.5222629288050226,-1.0969720278958255
311,1554624000,0,0,0,0,14,-0.5222629288050226,-1.0969720278958255
311,1554638400,1,0,0,1,14,-0.5222629288050226,-1.0941407844144992
311,1554652800,0,0,0,0,14,-0.5222629288050226,-1.0969720278958255
311,1554667200,1,0,0,1,14,-0.5222629288050226,-1.0941407844144992
311,1554681600,0,0,0,0,14,-0.5222629288050226,-1.0969720278958255
311,1554696000,0,0,0,0,14,-0.5222629288050226,-1.0969720278958255
311,1554710400,59,138,79,197,14,0.7547218890100584,-0.5392170620745228
311,1554724800,248,429,181,677,14,2.4034870968219355,0.8197798089621541
311,1554739200,324,321,0,645,14,-0.5222629288050226,0.729180017559709
311,1554753600,552,342,0,894,14,-0.5222629288050226,1.4341596444099851
311,1554768000,433,115,0,548,15,-0.6692330113285595,-0.027157962425776783
311,1554782400,75,41,0,116,15,-0.6692330113285595,-1.480709792081514
311,1554796800,58,158,100,216,15,0.6242684371665853,-1.144239461142686
311,1554811200,240,436,196,676,15,1.8660298277219243,0.40352406117592315
311,1554825600,327,304,0,631,15,-0.6692330113285595,0.2521124122534505
311,1554840000,523,390,0,913,15,-0.6692330113285595,1.2009587455009456
311,1554854400,441,125,0,566,15,-0.6692330113285595,0.03340669714321227
311,1554868800,101,32,0,133,15,-0.6692330113285595,-1.4235098358219134
311,1554883200,62,172,110,234,15,0.7536185820160998,-1.083674801573697
311,1554897600,257,441,184,698,15,1.710809653902507,0.4775475339824653
311,1554912000,291,306,15,597,15,-0.47520779405428776,0.13771249973424898
311,1554926400,581,365,0,946,15,-0.6692330113285595,1.3119939547107589
311,1554940800,460,196,0,656,15,-0.6692330113285595,0.33622999498815753
311,1554955200,121,48,0,169,15,-0.6692330113285595,-1.302380516683935
311,1554969600,88,135,47,223,15,-0.06128733053584142,-1.120686537976968
311,1554984000,240,451,211,691,15,2.0600550449961963,0.45399461081674736
311,1554998400,287,364,77,651,15,0.32676310401270203,0.3194064784412161
311,1555012800,531,397,0,928,15,-0.6692330113285595,1.2514292951417698
311,1555027200,488,189,0,677,15,-0.6692330113285595,0.4068887644853114
311,1555041600,146,49,0,195,15,-0.6692330113285595,-1.21489823063984
311,1555056000,70,167,97,237,15,0.585463393711731,-1.0735806916455322
311,1555070400,268,462,194,730,15,1.8401597987520215,0.5852180398828903
311,1555084800,353,346,0,699,15,-0.6692330113285595,0.4809122372918536
311,1555099200,542,475,0,1017,15,-0.6692330113285595,1.5508878896773268
311,1555113600,450,206,0,656,15,-0.6692330113285595,0.33622999498815753
311,1555128000,214,61,0,275,15,-0.6692330113285595,-0.9457219658887774
311,1555142400,39,101,62,140,15,0.1327378867384303,-1.3999569126561953
311,1555156800,187,433,246,620,15,2.5127805519694966,0.21510067585017942
311,1555171200,418,557,139,975,15,1.1287340020796919,1.409570350683019
311,1555185600,646,441,0,1087,15,-0.6692330113285595,1.7864171213345066
311,1555200000,495,242,0,737,15,-0.6692330113285595,0.6087709630486082
311,1555214400,221,68,0,289,15,-0.6692330113285595,-0.8986161195573414
311,1555228800,58,64,6,122,15,-0.5916229244188508,-1.4605215722251843
311,1555243200,143,381,238,524,15,2.409300436089885,-0.10791084185109552
311,1555257600,359,391,32,750,15,-0.25531254781011314,0.6525121060706559
311,1555272000,585,295,0,880,15,-0.6692330113285595,1.0899235362911324
311,1555286400,367,93,0,460,15,-0.6692330113285595,-0.3232518536519455
311,1555300800,56,23,0,79,15,-0.6692330113285595,-1.6052038145288805
311,1555315200,67,133,66,200,15,0.18447794467823608,-1.1980747140928985
311,1555329600,264,417,153,681,15,1.309824204869012,0.4203475777228646
311,1555344000,337,286,0,623,15,-0.6692330113285595,0.22519478577834426
311,1555358400,688,422,0,1110,15,-0.6692330113285595,1.8638052974504369
311,1555372800,424,150,0,574,16,-0.7026590050391426,0.05738468086092991
311,1555387200,100,28,0,128,16,-0.7026590050391426,-1.446013699400524
311,1555401600,59,147,88,206,16,0.7506301290541258,-1.1830875252740813
311,1555416000,282,446,164,728,16,2.005743472134676,0.5764953323413422
311,1555430400,313,341,28,654,16,-0.24024882600946623,0.3270525517598454
311,1555444800,574,394,0,968,16,-0.7026590050391426,1.3854989450380886
311,1555459200,487,135,0,622,16,-0.7026590050391426,0.2191854034002792
311,1555473600,108,31,0,139,16,-0.7026590050391426,-1.408934367151923
311,1555488000,74,141,67,215,16,0.40382249478186866,-1.1527498897979533
311,1555502400,266,383,117,649,16,1.229554957334862,0.31019830982866314
311,1555516800,387,331,0,718,16,-0.7026590050391426,0.5427868484789777
311,1555531200,579,402,0,981,16,-0.7026590050391426,1.4293199740591624
311,1555545600,510,137,0,647,16,-0.7026590050391426,0.30345661305619026
311,1555560000,133,37,0,170,16,-0.7026590050391426,-1.3044380671785933
311,1555574400,63,148,85,211,16,0.7010861813009462,-1.166233283342899
311,1555588800,236,430,194,666,16,2.501182949666472,0.36750273239468273
311,1555603200,346,398,52,744,16,0.1561027560159706,0.6304289065211253
311,1555617600,588,510,0,1098,16,-0.7026590050391426,1.8237092352488262
311,1555632000,552,192,0,744,16,-0.7026590050391426,0.6304289065211253
311,1555646400,197,52,0,249,16,-0.7026590050391426,-1.0381410446659143
311,1555660800,48,122,74,170,16,0.5194250395392878,-1.3044380671785933
311,1555675200,232,377,145,609,16,1.6919651363645383,0.17536437437920543
311,1555689600,376,410,34,786,16,-0.14116093050310702,0.772004538743056
311,1555704000,627,436,0,1063,16,-0.7026590050391426,1.7057295417305507
311,1555718400,515,235,0,750,16,-0.7026590050391426,0.650653996838544
311,1555732800,242,57,0,299,16,-0.7026590050391426,-0.869598625354092
311,1555747200,48,94,46,142,16,0.057014860509611395,-1.3988218219932136
311,1555761600,160,361,201,521,16,2.6167854944238913,-0.12127028360960158
311,1555776000,365,465,100,830,16,0.9488059200668443,0.9203218677374594
311,1555790400,638,433,0,1071,16,-0.7026590050391426,1.7326963288204422
311,1555804800,493,230,0,723,16,-0.7026590050391426,0.55964109041016
311,1555819200,231,57,0,288,16,-0.7026590050391426,-0.9066779576026929
311,1555833600,39,69,30,108,16,-0.2072195275073465,-1.5134306671252526
311,1555848000,152,336,184,488,16,2.3360364571558736,-0.23250828035540422
311,1555862400,344,358,14,702,16,-0.4714539155243044,0.4888532742991947
311,1555876800,500,282,0,782,16,-0.7026590050391426,0.7585211451981101
311,1555891200,396,137,0,533,16,-0.7026590050391426,-0.08082010297476427
311,1555905600,67,33,0,100,16,-0.7026590050391426,-1.5403974542151442
311,1555920000,51,121,70,172,16,0.45336644253504826,-1.2976963704061204
311,1555934400,260,354,94,614,16,0.8497180245604851,0.19221861631038764
311,1555948800,336,326,0,662,16,-0.7026590050391426,0.3540193388497369
311,1555963200,516,353,0,869,16,-0.7026590050391426,1.0517849548006808
311,1555977600,397,111,0,508,17,-0.6907279367146298,-0.08090357658990094
311,1555992000,113,40,0,153,17,-0.6907279367146298,-1.3348249143813997
311,1556006400,49,114,65,163,17,0.2792758015728905,-1.2995031865562872
311,1556020800,262,422,160,684,17,1.6969735729161897,0.5407588331320815
311,1556035200,289,297,8,586,17,-0.571342861233089,0.19460590044597767
311,1556049600,579,426,0,1005,17,-0.6907279367146298,1.6745862963181974
311,1556064000,494,138,0,632,17,-0.6907279367146298,0.3570858484414958
311,1556078400,134,37,0,171,17,-0.6907279367146298,-1.271245804296197
311,1556092800,59,123,64,182,17,0.2643526671376979,-1.232391903688573
311,1556107200,269,405,136,674,17,1.3388183464715668,0.505437105306969
311,1556121600,347,316,0,663,17,-0.6907279367146298,0.466583204699345
311,1556136000,541,411,0,952,17,-0.6907279367146298,1.4873811388451004
311,1556150400,561,163,0,724,17,-0.6907279367146298,0.6820457444325321
311,1556164800,128,39,0,167,17,-0.6907279367146298,-1.285374495426242
311,1556179200,60,156,96,216,17,0.7418929690638618,-1.11229802908319
311,1556193600,254,385,131,639,17,1.2642026742956036,0.38181105791907466
311,1556208000,311,381,70,692,17,0.3538914737488536,0.5690162153921716
311,1556222400,570,462,0,1032,17,-0.6907279367146298,1.7699549614460015
311,1556236800,543,166,0,709,17,-0.6907279367146298,0.6290631526948631
311,1556251200,161,49,0,210,17,-0.6907279367146298,-1.1334910657782578
311,1556265600,46,140,94,186,17,0.7120467001934765,-1.218263212558528
311,1556280000,223,432,209,655,17,2.428207160240628,0.4383258224392549
311,1556294400,286,329,43,615,17,-0.04903315600134717,0.2970389111388043
311,1556308800,508,489,0,997,17,-0.6907279367146298,1.6463289140581072
311,1556323200,387,187,0,574,17,-0.6907279367146298,0.1522198270558425
311,1556337600,213,69,0,282,17,-0.6907279367146298,-0.8791746254374466
311,1556352000,51,98,47,149,17,0.010659381739423317,-1.3489536055114448
311,1556366400,178,403,225,581,17,2.66697731120371,0.17694503653342133
311,1556380800,379,572,193,951,17,2.189437009277546,1.483848966062589
311,1556395200,546,429,0,975,17,-0.6907279367146298,1.5686211128428595
311,1556409600,371,248,0,619,17,-0.6907279367146298,0.3111676022688494
311,1556424000,215,60,0,275,17,-0.6907279367146298,-0.9038998349150255
311,1556438400,56,92,36,148,17,-0.1534950970476955,-1.352485778293956
311,1556452800,125,320,195,445,17,2.2192832781479312,-0.30343046188811057
311,1556467200,285,347,62,632,17,0.23450639826731265,0.3570858484414958
311,1556481600,453,249,0,702,17,-0.6907279367146298,0.6043379432172843
311,1556496000,264,136,0,400,17,-0.6907279367146298,-0.4623782371011175
311,1556510400,72,26,0,98,17,-0.6907279367146298,-1.5290944174195193
311,1556524800,76,107,31,183,17,-0.22811076922365864,-1.2288597309060618
311,1556539200,273,352,79,625,17,0.4881996836655872,0.332360638963917
311,1556553600,304,262,0,566,17,-0.6907279367146298,0.12396244479575239
311,1556568000,535,343,0,878,17,-0.6907279367146298,1.226000352939267
311,1556582400,361,102,0,463,18,-0.6656146758580156,-0.17056449875819737
311,1556596800,82,37,0,119,18,-0.6656146758580156,-1.3978134420143908
311,1556611200,56,120,64,176,18,0.45331731207590936,-1.1944611461841494
311,1556625600,241,416,175,657,18,2.393964978648811,0.5215468238920977
311,1556640000,296,282,0,578,18,-0.6656146758580156,0.23970767703965798
311,1556654400,530,378,0,908,18,-0.6656146758580156,1.4170104423726342
311,1556668800,430,114,0,544,18,-0.6656146758580156,0.1184098163689877
311,1556683200,124,28,0,152,18,-0.6656146758580156,-1.2800831654810931
311,1556697600,62,149,87,211,18,0.8554334952396637,-1.0695957013761064
311,1556712000,264,398,134,662,18,1.67714917387864,0.539384744578961
311,1556726400,310,330,20,640,18,-0.31594842962866404,0.4608978935567626
311,1556740800,546,376,0,922,18,-0.6656146758580156,1.4669566202958513
311,1556755200,404,121,0,525,18,-0.6656146758580156,0.05062571775890725
311,1556769600,97,32,0,129,18,-0.6656146758580156,-1.3621376006406642
311,1556784000,57,126,69,183,18,0.5407338736332473,-1.1694880572225408
311,1556798400,290,358,68,648,18,0.5232505613217797,0.4894385666557438
311,1556812800,336,319,0,655,18,-0.6656146758580156,0.5144116556173525
311,1556827200,638,461,0,1099,18,-0.6656146758580156,2.098419012610811
311,1556841600,461,128,0,589,18,-0.6656146758580156,0.27895110255075717
311,1556856000,144,40,0,184,18,-0.6656146758580156,-1.1659204730851682
311,1556870400,71,118,47,189,18,0.15610100278096056,-1.148082552398305
311,1556884800,239,443,204,682,18,2.9009810356813706,0.6107364273264141
311,1556899200,360,334,0,694,18,-0.6656146758580156,0.6535474369748859
311,1556913600,553,494,0,1047,18,-0.6656146758580156,1.912904637467433
311,1556928000,460,184,0,644,18,-0.6656146758580156,0.4751682301062532
311,1556942400,213,74,0,287,18,-0.6656146758580156,-0.7984593069357847
311,1556956800,43,92,49,135,18,0.1910676274038957,-1.3407320958164282
311,1556971200,186,355,169,541,18,2.2890651047800055,0.10770706395686973
311,1556985600,363,407,44,770,18,0.10365106584655782,0.9246838314152077
311,1557000000,523,393,0,916,18,-0.6656146758580156,1.4455511154716154
311,1557014400,385,209,0,594,18,-0.6656146758580156,0.29678902323762046
311,1557028800,206,70,0,276,18,-0.6656146758580156,-0.8377027324468839
311,1557043200,33,66,33,99,18,-0.08866536957958554,-1.4691651247618438
311,1557057600,151,291,140,442,18,1.7820490477474453,-0.24548376564302313
311,1557072000,270,371,101,641,18,1.1001998676002098,0.46446547769413526
311,1557086400,399,244,0,643,18,-0.6656146758580156,0.47160064596888057
311,1557100800,250,79,0,329,18,-0.6656146758580156,-0.6486207731661332
311,1557115200,61,31,0,92,18,-0.6656146758580156,-1.4941382137234525
311,1557129600,71,140,69,211,18,0.5407338736332473,-1.0695957013761064
311,1557144000,266,392,126,658,18,1.5372826753868991,0.5251144080294704
311,1557158400,316,274,0,590,18,-0.6656146758580156,0.28251868668812985
311,1557172800,573,357,0,930,18,-0.6656146758580156,1.4954972933948325
311,1557187200,373,123,0,496,19,-0.667893234011501,0.011567477338025885
311,1557201600,73,31,0,104,19,-0.667893234011501,-1.3991506477972162
311,1557216000,60,125,65,185,19,0.35934537379210346,-1.1076502188789645
311,1557230400,237,374,137,611,19,1.4972096778207116,0.42542611098739536
311,1557244800,272,296,24,568,19,-0.2886051326686317,0.27067896970980504
311,1557259200,550,405,0,955,19,-0.667893234011501,1.663403241208118
311,1557273600,439,129,0,568,19,-0.667893234011501,0.27067896970980504
311,1557288000,87,26,0,113,19,-0.667893234011501,-1.3667617112507437
311,1557302400,58,148,90,206,19,0.754437146024259,-1.0320760336038624
311,1557316800,235,389,154,624,19,1.7658720829385774,0.47221013044341104
311,1557331200,329,309,0,638,19,-0.667893234011501,0.5225929206268125
311,1557345600,601,397,0,998,19,-0.667893234011501,1.8181503824857084
311,1557360000,460,126,0,586,19,-0.667893234011501,0.33545684280274984
311,1557374400,112,29,0,141,19,-0.667893234011501,-1.2659961308839407
311,1557388800,59,139,80,198,19,0.5964004371313968,-1.060866199422949
311,1557403200,252,409,157,661,19,1.813283095606436,0.6053646473566865
311,1557417600,338,334,0,672,19,-0.667893234011501,0.6449511253579305
311,1557432000,575,456,0,1031,19,-0.667893234011501,1.9369098164894407
311,1557446400,422,129,0,551,19,-0.667893234011501,0.20949986734424608
311,1557460800,126,42,0,168,19,-0.667893234011501,-1.1688293212445235
311,1557475200,59,140,81,199,19,0.612204108020683,-1.0572674286955632
311,1557489600,228,384,156,612,19,1.7974794247171497,0.4290248817147812
311,1557504000,375,312,0,687,19,-0.667893234011501,0.6989326862687179
311,1557518400,615,455,0,1070,19,-0.667893234011501,2.077261874857488
311,1557532800,417,219,0,636,19,-0.667893234011501,0.5153953791720409
311,1557547200,204,65,0,269,19,-0.667893234011501,-0.8053534777785556
311,1557561600,42,93,51,135,19,0.13809398134209633,-1.2875887552482557
311,1557576000,136,396,260,532,19,3.441061197202917,0.14112322352391546
311,1557590400,319,393,74,712,19,0.5015784117956795,0.7889019544533633
311,1557604800,469,372,0,841,19,-0.667893234011501,1.2531433782861343
311,1557619200,342,175,0,517,19,-0.667893234011501,0.08714166261312814
311,1557633600,159,66,0,225,19,-0.667893234011501,-0.9636993897835318
311,1557648000,30,50,20,80,19,-0.3518198162257766,-1.4855211452544759
311,1557662400,122,247,125,369,19,1.3075656271492768,-0.4454764050399735
311,1557676800,241,331,90,572,19,0.754437146024259,0.2850740526193483
311,1557691200,299,222,0,521,19,-0.667893234011501,0.10153674552267143
311,1557705600,228,87,0,315,19,-0.667893234011501,-0.6398100243188078
311,1557720000,67,26,0,93,19,-0.667893234011501,-1.4387371257984602
311,1557734400,63,125,62,188,19,0.3119343611242448,-1.0968539066968073
311,1557748800,250,399,149,649,19,1.6868537284921463,0.5621793986280565
311,1557763200,269,260,0,529,19,-0.667893234011501,0.130326911341758
311,1557777600,527,345,0,872,19,-0.667893234011501,1.3647052708350949
311,1557792000,334,88,0,422,20,-0.6809434241619855,-0.3255139965997524
311,1557806400,74,31,0,105,20,-0.6809434241619855,-1.45737436503253
311,1557820800,64,121,57,185,20,0.19785903268102978,-1.1717313698444471
311,1557835200,242,424,182,666,20,2.1250574029508003,0.5456971387238997
311,1557849600,300,295,0,595,20,-0.6809434241619855,0.29218898049447634
311,1557864000,597,423,0,1020,20,-0.6809434241619855,1.8096673924311655
311,1557878400,436,130,0,566,20,-0.6809434241619855,0.18864339473879638
311,1557892800,90,29,0,119,20,-0.6809434241619855,-1.4073868408746155
311,1557907200,62,133,71,195,20,0.41370525015124404,-1.1360259954459369
311,1557921600,264,378,114,642,20,1.0766614895240452,0.4600042401674749
311,1557936000,312,315,3,627,20,-0.634690663275511,0.4064461785697094
311,1557950400,592,430,0,1022,20,-0.6809434241619855,1.8168084673108675
311,1557964800,486,125,0,611,20,-0.6809434241619855,0.34931757953209286
311,1557979200,111,33,0,144,20,-0.6809434241619855,-1.3181234048783397
311,1557993600,65,150,85,215,20,0.6295514676214583,-1.0646152466489163
311,1558008000,250,357,107,607,20,0.9687383807889379,0.33503542977268874
311,1558022400,314,314,0,628,20,-0.6809434241619855,0.4100167160095604
311,1558036800,587,475,0,1062,20,-0.6809434241619855,1.9596299649049087
311,1558051200,485,207,0,692,20,-0.6809434241619855,0.6385311121600266
311,1558065600,148,40,0,188,20,-0.6809434241619855,-1.1610197575248942
311,1558080000,61,161,100,222,20,0.8608152720538308,-1.039621484569959
311,1558094400,263,400,137,663,20,1.431265989653683,0.5349855264043466
311,1558108800,339,360,21,699,20,-0.35717409795666405,0.6635248742389838
311,1558123200,565,443,0,1008,20,-0.6809434241619855,1.7668209431529531
311,1558137600,467,178,0,645,20,-0.6809434241619855,0.470715852487028
311,1558152000,188,46,0,234,20,-0.6809434241619855,-0.9967750352917466
311,1558166400,58,113,55,171,20,0.16702385875671347,-1.2217188940023618
311,1558180800,148,391,243,539,20,3.065530207642448,0.09223888386281849
311,1558195200,302,413,111,715,20,1.0304087286375707,0.7206534732766003
311,1558209600,449,319,0,768,20,-0.6809434241619855,0.9098919575887051
311,1558224000,402,175,0,577,20,-0.6809434241619855,0.22791930657715775
311,1558238400,211,69,0,280,20,-0.6809434241619855,-0.832530313058599
311,1558252800,36,91,55,127,20,0.16702385875671347,-1.378822541355807
311,1558267200,110,323,213,433,20,2.6030025987777035,-0.286238084761391
311,1558281600,259,365,106,624,20,0.9533207938267798,0.3957345662501563
311,1558296000,441,263,0,704,20,-0.6809434241619855,0.6813775614382389
311,1558310400,298,84,0,382,20,-0.6809434241619855,-0.4683354941937937
311,1558324800,57,35,0,92,20,-0.6809434241619855,-1.5037913517505934
311,1558339200,61,118,57,179,20,0.19785903268102978,-1.1931545944835533
311,1558353600,244,382,138,626,20,1.446683576615841,0.40287564112985835
311,1558368000,314,297,0,611,20,-0.6809434241619855,0.34931757953209286
311,1558382400,560,383,0,943,20,-0.6809434241619855,1.534736009562636
311,1558396800,371,113,0,484,21,-0.6657983451312103,-0.033684053617527576
311,1558411200,72,31,0,103,21,-0.6657983451312103,-1.4087152423616025
311,1558425600,75,134,59,209,21,0.26526728649132875,-1.0261606334196813
311,1558440000,250,406,156,656,21,1.796002307972452,0.5870649344769104
311,1558454400,321,305,0,626,21,-0.6657983451312103,0.4787947621348573
311,1558468800,575,374,0,949,21,-0.6657983451312103,1.6445036176842962
311,1558483200,427,130,0,557,21,-0.6657983451312103,0.22977336574813506
311,1558497600,91,41,0,132,21,-0.6657983451312103,-1.3040540757642844
311,1558512000,55,143,88,198,21,0.7229097155939327,-1.0658596966117675
311,1558526400,218,440,222,658,21,2.837533353516309,0.5942829459663806
311,1558540800,294,318,24,612,21,-0.2870597831152622,0.4282686817085658
311,1558555200,619,375,0,994,21,-0.6657983451312103,1.8069088761973757
311,1558569600,436,143,0,579,21,-0.6657983451312103,0.3091714921323074
311,1558584000,84,45,0,129,21,-0.6657983451312103,-1.3148810929984898
311,1558598400,63,134,71,197,21,0.45463656749930276,-1.0694687023565026
311,1558612800,254,356,102,610,21,0.943840543436569,0.42105067021909565
311,1558627200,310,291,0,601,21,-0.6657983451312103,0.3885696185164797
311,1558641600,572,507,0,1079,21,-0.6657983451312103,2.11367436449986
311,1558656000,439,137,0,576,21,-0.6657983451312103,0.29834447489810206
311,1558670400,89,41,0,130,21,-0.6657983451312103,-1.3112720872537547
311,1558684800,54,136,82,190,21,0.6282250750899456,-1.0947317425696483
311,1558699200,235,371,136,606,21,1.4803868396258288,0.4066146472401552
311,1558713600,394,367,0,761,21,-0.6657983451312103,0.9660105376740964
311,1558728000,594,478,0,1072,21,-0.6657983451312103,2.088411324286714
311,1558742400,478,178,0,656,21,-0.6657983451312103,0.5870649344769104
311,1558756800,148,64,0,212,21,-0.6657983451312103,-1.015333616185476
311,1558771200,44,108,64,152,21,0.34417115357798456,-1.2318739608695823
311,1558785600,146,383,237,529,21,3.074244954776277,0.12872120489555214
311,1558800000,302,375,73,677,21,0.4861981143339651,0.6628540551163477
311,1558814400,454,390,0,844,21,-0.6657983451312103,1.2655580144871101
311,1558828800,373,187,0,560,21,-0.6657983451312103,0.24060038298234038
311,1558843200,159,54,0,213,21,-0.6657983451312103,-1.011724610440741
311,1558857600,44,71,27,115,21,-0.2397174628632687,-1.3654071734247812
311,1558872000,135,301,166,436,21,1.9538100421457638,-0.2069163293648126
311,1558886400,274,340,66,614,21,0.3757327004126469,0.435486693198036
311,1558900800,401,326,0,727,21,-0.6657983451312103,0.8433043423531029
311,1558915200,313,163,0,476,21,-0.6657983451312103,-0.06255609957540842
311,1558929600,103,44,0,147,21,-0.6657983451312103,-1.2499189895932579
311,1558944000,29,63,34,92,21,-0.12925204894195053,-1.4484143055536887
311,1558958400,145,274,129,419,21,1.3699214257045107,-0.26826942702530937
311,1558972800,252,288,36,540,21,-0.09769050210728818,0.1684202680876383
311,1558987200,359,244,0,603,21,-0.6657983451312103,0.3957876300059499
311,1559001600,263,135,0,398,22,-0.6763140048325678,-0.3759262849367449
311,1559016000,60,23,0,83,22,-0.6763140048325678,-1.481886869707289
311,1559030400,57,122,65,179,22,0.2990358278102796,-1.1448322153010277
311,1559044800,266,426,160,692,22,1.7245471216729027,0.6563035941824293
311,1559059200,317,301,0,618,22,-0.6763140048325678,0.39649063141093654
311,1559073600,537,350,0,887,22,-0.6763140048325678,1.340945860945147
311,1559088000,348,123,0,471,22,-0.6763140048325678,-0.1196243081486506
311,1559102400,88,36,0,124,22,-0.6763140048325678,-1.3379364443879482
311,1559116800,63,161,98,224,22,0.7942134351520329,-0.986837846048093
311,1559131200,270,437,167,707,22,1.829584795957517,0.7089683839334077
311,1559145600,319,275,0,594,22,-0.6763140048325678,0.3122269678093713
311,1559160000,578,424,0,1002,22,-0.6763140048325678,1.7447092490359806
311,1559174400,347,116,0,463,22,-0.6763140048325678,-0.14771219601583901
311,1559188800,81,29,0,110,22,-0.6763140048325678,-1.3870902481555278
311,1559203200,58,146,88,204,22,0.644159614745441,-1.057057565716064
311,1559217600,254,422,168,676,22,1.8445901779981764,0.6001278184480525
311,1559232000,348,332,0,680,22,-0.6763140048325678,0.6141717623816467
311,1559246400,629,425,0,1054,22,-0.6763140048325678,1.9272805201727052
311,1559260800,431,138,0,569,22,-0.6763140048325678,0.22445231822440748
311,1559275200,108,30,0,138,22,-0.6763140048325678,-1.2887826406203684
311,1559289600,73,150,77,223,22,0.4791004122981899,-0.9903488320314915
311,1559304000,294,476,182,770,22,2.054665526567405,0.9301605008875165
311,1559318400,328,397,69,725,22,0.3590573559729164,0.7721661316345816
311,1559332800,628,512,0,1140,22,-0.6763140048325678,2.2292253147449808
311,1559347200,428,191,0,619,22,-0.6763140048325678,0.4000016173943351
311,1559361600,201,82,0,283,22,-0.6763140048325678,-0.7796896730275784
311,1559376000,49,109,60,158,22,0.22400891760698366,-1.2185629209523974
311,1559390400,167,376,209,543,22,2.4598108416652034,0.13316668265604514
311,1559404800,324,381,57,705,22,0.17899277148500609,0.7019464119666106
311,1559419200,455,303,0,758,22,-0.6763140048325678,0.8880286690867338
311,1559433600,340,176,0,516,22,-0.6763140048325678,0.03837006110428423
311,1559448000,194,63,0,257,22,-0.6763140048325678,-0.8709753085959407
311,1559462400,41,73,32,114,22,-0.1961417795314737,-1.3730463042219336
311,1559476800,111,330,219,441,22,2.609864662071795,-0.22495388765060717
311,1559491200,254,288,34,542,22,-0.1661310154501553,0.1296556966726466
311,1559505600,390,251,0,641,22,-0.6763140048325678,0.4772433090291032
311,1559520000,290,87,0,377,22,-0.6763140048325678,-0.4496569905881145
311,1559534400,69,32,0,101,22,-0.6763140048325678,-1.4186891220061149
311,1559548800,63,132,69,195,22,0.3590573559729164,-1.088656439566651
311,1559563200,256,395,139,651,22,1.4094340988190597,0.5123531688630888
311,1559577600,315,302,0,617,22,-0.6763140048325678,0.392979645427538
311,1559592000,591,373,0,964,22,-0.6763140048325678,1.6112917816668355
311,1559606400,400,137,0,537,23,-0.652358033168492,0.025409777022255282
311,1559620800,93,23,0,116,23,-0.652358033168492,-1.4146404707582476
311,1559635200,68,115,47,183,23,0.05597791703756038,-1.1854638279998304
311,1559649600,253,368,115,621,23,1.0808043981867426,0.31273571719698745
311,1559664000,283,359,76,642,23,0.4930362692923586,0.3845672022406705
311,1559678400,548,441,0,989,23,-0.652358033168492,1.5714969789148618
311,1559692800,444,154,0,598,23,-0.652358033168492,0.2340631383396203
311,1559707200,104,35,0,139,23,-0.652358033168492,-1.3359678919008806
311,1559721600,68,143,75,211,23,0.47796529162840007,-1.089688514608253
311,1559736000,254,404,150,658,23,1.608288616425292,0.4392959527501433
311,1559750400,310,284,0,594,23,-0.652358033168492,0.2203809507122521
311,1559764800,587,425,0,1012,23,-0.652358033168492,1.6501695577722288
311,1559779200,431,138,0,569,23,-0.652358033168492,0.13486727804120088
311,1559793600,100,25,0,125,23,-0.652358033168492,-1.3838555485966693
311,1559808000,79,134,55,213,23,0.17654573834922885,-1.0828474207945689
311,1559822400,245,378,133,623,23,1.3520819961379966,0.31957681101067154
311,1559836800,320,333,13,653,23,-0.45643532353703065,0.42219321821593303
311,1559851200,625,546,0,1171,23,-0.652358033168492,2.1940365159601147
311,1559865600,492,169,0,661,23,-0.652358033168492,0.4495575934706694
311,1559880000,139,49,0,188,23,-0.652358033168492,-1.1683610934656201
311,1559894400,67,152,85,219,23,0.6286750682679857,-1.0623241393535165
311,1559908800,243,431,188,674,23,2.1809857676557174,0.4940247032596161
311,1559923200,379,350,0,729,23,-0.652358033168492,0.6821547831359288
311,1559937600,593,503,0,1096,23,-0.652358033168492,1.9374954979469612
311,1559952000,449,213,0,662,23,-0.652358033168492,0.4529781403775115
311,1559966400,188,57,0,245,23,-0.652358033168492,-0.9733899197756233
311,1559980800,49,99,50,148,23,0.10119085002943606,-1.305182969739302
311,1559995200,146,448,302,594,23,3.8990772213469933,0.2203809507122521
311,1560009600,368,446,78,814,23,0.5231782246202757,0.9729012702175031
311,1560024000,447,413,0,860,23,-0.652358033168492,1.1302464279322373
311,1560038400,382,247,0,629,23,-0.652358033168492,0.34010009245172385
311,1560052800,168,75,0,243,23,-0.652358033168492,-0.9802310135893073
311,1560067200,52,82,30,134,23,-0.20022870324973513,-1.3530706264350907
311,1560081600,141,310,169,451,23,1.8946371920405047,-0.268757256966161
311,1560096000,299,388,89,687,23,0.6889589789238199,0.5384918130485628
311,1560110400,418,289,0,707,23,-0.652358033168492,0.6069027511854037
311,1560124800,290,142,0,432,23,-0.652358033168492,-0.33374764819615993
311,1560139200,50,21,0,71,23,-0.652358033168492,-1.5685650815661398
311,1560153600,65,133,68,198,23,0.3724684479806901,-1.1341556243971995
311,1560168000,288,383,95,671,23,0.7793848449075712,0.48376306253908996
311,1560182400,303,267,0,570,23,-0.652358033168492,0.13828782494804293
311,1560196800,574,331,0,905,23,-0.652358033168492,1.2841710387401295
311,1560211200,291,126,0,417,24,-0.8771633442101539,0.3129204029001286
311,1560225600,76,38,0,114,24,-0.8771633442101539,-1.0969663194603023
311,1560240000,52,147,95,199,24,0.19806914224100247,-0.7014535425605114
311,1560254400,227,442,215,669,24,1.5562575461793051,1.485499459120685
311,1561176000,206,55,0,261,25,-0.6765812017649993,-0.7902050989279829
311,1561190400,46,96,50,142,25,-0.03687706216516682,-1.3320982904979182
311,1561204800,117,374,257,491,25,2.6114980757781394,0.25715148982063185
311,1561219200,276,369,93,645,25,0.5132684978906891,0.958425031852313
311,1561233600,361,262,0,623,25,-0.6765812017649993,0.8582430972763585
311,1561248000,354,191,0,545,25,-0.6765812017649993,0.503052601961611
311,1561262400,216,66,0,282,25,-0.6765812017649993,-0.6945768886509354
311,1561276800,44,81,37,125,25,-0.20320013846112325,-1.4095116035793376
311,1561291200,95,314,219,409,25,2.125322929682267,-0.11625390268974381
311,1561305600,231,271,40,502,25,-0.1648178900851333,0.3072424571086091
311,1561320000,356,199,0,555,25,-0.6765812017649993,0.5485898449506812
311,1561334400,289,89,0,378,25,-0.6765812017649993,-0.25741935595586146
311,1561348800,69,30,0,99,25,-0.6765812017649993,-1.52790843535092
311,1561363200,52,117,65,169,25,0.15503417971478292,-1.2091477344274286
311,1561377600,254,392,138,646,25,1.0890022235305383,0.96297875615122
311,1561392000,320,314,0,634,25,-0.6765812017649993,0.9083340645643357
311,1561406400,540,341,0,881,25,-0.6765812017649993,2.03310396639437
311,1561420800,349,133,0,482,26,-0.6231964048604602,-0.2508645166571923
311,1561435200,89,33,0,122,26,-0.6231964048604602,-1.4550141966117152
311,1561449600,68,132,64,200,26,0.4478726080966478,-1.1941150992882352
311,1561464000,257,368,111,625,26,1.234438914487024,0.227450495102521
311,1561478400,310,288,0,598,26,-0.6231964048604602,0.13713926910593177
311,1561492800,555,424,0,979,26,-0.6231964048604602,1.4115310137244685
311,1561507200,469,147,0,616,26,-0.6231964048604602,0.19734675310365793
311,1561521600,82,31,0,113,26,-0.6231964048604602,-1.4851179386105784
311,1561536000,71,170,99,241,26,1.0336134745575662,-1.0569758301823036
311,1561550400,317,384,67,701,26,0.49807896807901225,0.4816598719818092
311,1561564800,308,298,0,606,26,-0.6231964048604602,0.16389815088269896
311,1561579200,588,433,0,1021,26,-0.6231964048604602,1.5520151430524962
311,1561593600,544,190,0,734,26,-0.6231964048604602,0.5920402593109738
311,1561608000,108,44,0,152,26,-0.6231964048604602,-1.3546683899488383
311,1561622400,67,111,44,178,26,0.11316354154755155,-1.267702024174345
311,1561636800,275,375,100,650,26,1.050348927885021,0.3110720006549184
311,1561651200,319,355,36,674,26,-0.020720085072086957,0.39134864598521996
311,1561665600,722,538,0,1260,26,-0.6231964048604602,2.3514367361334156
311,1561680000,518,184,0,702,26,-0.6231964048604602,0.48500473220390505
311,1561694400,141,44,0,185,26,-0.6231964048604602,-1.2442880026196736
311,1561708800,70,122,52,192,26,0.24704716816719005,-1.2208739810650024
311,1561723200,226,378,152,604,26,1.9205925009126714,0.15720843043850716
311,1561737600,363,360,0,723,26,-0.6231964048604602,0.5552467968679189
311,1561752000,565,487,0,1052,26,-0.6231964048604602,1.655705809937469
311,1561766400,438,250,0,688,26,-0.6231964048604602,0.43817668909456253
311,1561780800,221,76,0,297,26,-0.6231964048604602,-0.8696636577449333
311,1561795200,63,102,39,165,26,0.02948627491027748,-1.3111852070615917
311,1561809600,157,348,191,505,26,2.573275180683409,-0.17393273154898664
311,1561824000,402,471,69,873,26,0.5315498747339219,1.0569758301823036
311,1561838400,530,416,0,946,26,-0.6231964048604602,1.3011506263953039
311,1561852800,469,272,0,741,26,-0.6231964048604602,0.615454280865645
311,1561867200,218,92,0,310,26,-0.6231964048604602,-0.8261804748576865
311,1561881600,45,100,55,145,26,0.29725352814955447,-1.3780824115035095
311,1561896000,101,379,278,480,26,4.0292596201719775,-0.2575542371013841
311,1561910400,301,397,96,698,26,0.9834071145752018,0.4716252913155215
311,1561924800,498,295,0,793,26,-0.6231964048604602,0.7893870124146317
311,1561939200,474,135,0,609,26,-0.6231964048604602,0.17393273154898664
311,1561953600,154,42,0,196,26,-0.6231964048604602,-1.2074945401766188
311,1561968000,88,145,57,233,26,0.3307244348044641,-1.0837347119590706
311,1561982400,327,381,54,708,26,0.2805180748220997,0.5050738935364805
311,1561996800,312,300,0,612,26,-0.6231964048604602,0.18396731221527435
311,1562011200,558,427,0,985,26,-0.6231964048604602,1.431600175057044
311,1562025600,353,125,0,478,27,-0.68623193475696,0.021255168270748154
311,1562040000,73,29,0,102,27,-0.68623193475696,-1.4131961878474393
311,1562054400,60,135,75,195,27,0.5391822344518972,-1.0583983790203344
311,1562068800,261,422,161,683,27,1.9443238151447202,0.8033363597713556
311,1562083200,352,346,0,698,27,-0.68623193475696,0.8605618128079855
311,1562097600,560,374,0,934,27,-0.68623193475696,1.7609089405842946
311,1562112000,371,155,0,526,27,-0.68623193475696,0.20437661798796355
311,1562126400,90,30,0,120,27,-0.68623193475696,-1.3445256442034834
311,1562140800,61,136,75,197,27,0.5391822344518972,-1.0507683186154504
311,1562155200,244,404,160,648,27,1.9279849595552687,0.669810302685886
311,1562169600,347,372,25,719,27,-0.2777605450206743,0.9406774470592671
311,1562184000,622,402,0,1024,27,-0.68623193475696,2.1042616588040732
311,1562198400,335,191,0,526,27,-0.68623193475696,0.20437661798796355
311,1562212800,127,39,0,166,27,-0.68623193475696,-1.169034254891152
311,1562227200,27,71,44,98,27,0.032677711178902856,-1.428456308657207
311,1562241600,163,278,115,441,27,1.1927364580299544,-0.11990094921960538
311,1562256000,301,318,17,619,27,-0.4084713897362857,0.5591744268150685
311,1562270400,418,356,0,774,27,-0.68623193475696,1.1505041081935765
311,1562284800,314,210,0,524,27,-0.68623193475696,0.1967465575830796
311,1562299200,102,64,0,166,27,-0.68623193475696,-1.169034254891152
311,1562313600,50,113,63,163,27,0.34311596737848,-1.1804793454984779
311,1562328000,158,336,178,494,27,2.2220843601653946,0.08229565150981996
311,1562342400,360,354,0,714,27,-0.68623193475696,0.9216022960470572
311,1562356800,462,424,0,886,27,-0.68623193475696,1.577787490867079
311,1562371200,349,189,0,538,27,-0.68623193475696,0.2501569804172674
311,1562385600,145,43,0,188,27,-0.68623193475696,-1.0851035904374282
311,1562400000,49,101,52,150,27,0.1633885558945143,-1.2300747381302237
311,1562414400,151,316,165,467,27,2.009679237502526,-0.02071016395611371
311,1562428800,313,357,44,670,27,0.032677711178902856,0.7537409671396098
311,1562443200,355,339,0,694,27,-0.68623193475696,0.8453016919982175
311,1562457600,332,154,0,486,27,-0.68623193475696,0.051775409890284056
311,1562472000,135,57,0,192,27,-0.68623193475696,-1.0698434696276604
311,1562486400,44,79,35,123,27,-0.11437198912616,-1.3330805535961574
311,1562500800,123,322,199,445,27,2.5652003275438746,-0.10464082840983743
311,1562515200,274,349,75,623,27,0.5391822344518972,0.5744345476248364
311,1562529600,339,245,0,584,27,-0.68623193475696,0.42564836972959885
311,1562544000,303,100,0,403,27,-0.68623193475696,-0.26487209691240093
311,1562558400,53,28,0,81,27,-0.68623193475696,-1.493311822098721
311,1562572800,59,103,44,162,27,0.032677711178902856,-1.1842943757009199
311,1562587200,219,403,184,622,27,2.320117493702103,0.5706195174223944
311,1562601600,286,339,53,625,27,0.17972741148396573,0.5820646080297204
311,1562616000,529,365,0,894,27,-0.68623193475696,1.608307732486615
311,1562630400,320,102,0,422,28,-0.7108848528581141,-0.35702054837524955
311,1562644800,67,26,0,93,28,-0.7108848528581141,-1.5005787165368631
311,1562659200,60,122,62,182,28,0.1846856148934723,-1.1912271148153324
311,1562673600,256,423,167,679,28,1.7013775360856749,0.5362756498543391
311,1562688000,337,313,0,650,28,-0.7108848528581141,0.43547568974282913
311,1562702400,599,435,0,1034,28,-0.7108848528581141,1.7702061960469615
311,1562716800,414,139,0,553,28,-0.7108848528581141,0.09831720247329565
311,1562731200,85,41,0,126,28,-0.7108848528581141,-1.3858753136513517
311,1562745600,50,129,79,179,28,0.43024525927697177,-1.2016546968958335
311,1562760000,281,411,130,692,28,1.1669241924274703,0.5814618388698436
311,1562774400,323,342,19,665,28,-0.4364358385471441,0.4876136001453343
311,1562788800,559,399,0,958,28,-0.7108848528581141,1.5060407833409353
311,1562803200,449,152,0,601,28,-0.7108848528581141,0.2651585157613122
311,1562817600,105,26,0,131,28,-0.7108848528581141,-1.36849601018385
311,1562832000,68,123,55,191,28,0.08357282014732545,-1.1599443685738293
311,1562846400,261,423,162,684,28,1.6291541112669987,0.5536549533218409
311,1562860800,316,437,121,753,28,1.036922027753853,0.7934893411733647
311,1562875200,561,442,0,1003,28,-0.7108848528581141,1.6624545145484508
311,1562889600,432,121,0,553,28,-0.7108848528581141,0.09831720247329565
311,1562904000,125,42,0,167,28,-0.7108848528581141,-1.2433650252178374
311,1562918400,67,149,82,216,28,0.47357931416817756,-1.0730478512363206
311,1562932800,251,428,177,679,28,1.8458243857230276,0.5362756498543391
311,1562947200,344,346,2,690,28,-0.6819954829306436,0.5745101174828429
311,1562961600,539,494,0,1033,28,-0.7108848528581141,1.7667303353534611
311,1562976000,482,216,0,698,28,-0.7108848528581141,0.6023170030308457
311,1562990400,216,71,0,287,28,-0.7108848528581141,-0.8262617419977961
311,1563004800,58,108,50,166,28,0.011349395328649122,-1.2468408859113378
311,1563019200,139,393,254,532,28,2.958065127930643,0.025324127909788396
311,1563033600,298,407,109,705,28,0.8635858081890297,0.6266480278853481
311,1563048000,486,347,0,833,28,-0.7108848528581141,1.0715581966533922
311,1563062400,523,267,0,790,28,-0.7108848528581141,0.9220961868328774
311,1563076800,196,86,0,282,28,-0.7108848528581141,-0.8436410454652978
311,1563091200,32,94,62,126,28,0.1846856148934723,-1.3858753136513517
311,1563105600,110,306,196,416,28,2.1202734000339976,-0.37787571253625163
311,1563120000,280,340,60,620,28,0.15579624496600178,0.3311998689378188
311,1563134400,384,266,0,650,28,-0.7108848528581141,0.43547568974282913
311,1563148800,270,132,0,402,28,-0.7108848528581141,-0.42653776224525647
311,1563163200,66,29,0,95,28,-0.7108848528581141,-1.4936269951498624
311,1563177600,69,139,70,208,28,0.3002430946033544,-1.1008547367843233
311,1563192000,257,446,189,703,28,2.019160605287851,0.6196963064983474
311,1563206400,281,302,21,583,28,-0.40754646861967353,0.202593023278306
311,1563220800,599,409,0,1008,28,-0.7108848528581141,1.6798338180159527
311,1563235200,362,114,0,476,29,-0.6776089981239974,-0.17395364214701559
311,1563249600,77,22,0,99,29,-0.6776089981239974,-1.5032885696353566
311,1563264000,47,128,81,175,29,0.6434373122587184,-1.2353059317331978
311,1563278400,261,392,131,653,29,1.458897997680148,0.45016381717774934
311,1563292800,298,288,0,586,29,-0.6776089981239974,0.21391596534295132
311,1563307200,639,410,0,1049,29,-0.6776089981239974,1.8464944041416302
311,1563321600,417,144,0,561,29,-0.6776089981239974,0.12576378182250428
311,1563336000,113,35,0,148,29,-0.6776089981239974,-1.3305102899352805
311,1563350400,58,132,74,190,29,0.5292728162997182,-1.1824146216209295
311,1563364800,310,424,114,734,29,1.1816413646368618,0.7357768917839977
311,1563379200,307,298,0,605,29,-0.6776089981239974,0.280911624818491
311,1563393600,615,430,0,1045,29,-0.6776089981239974,1.8323900547783587
311,1563408000,386,156,0,542,29,-0.6776089981239974,0.058768122346964546
311,1563422400,96,55,0,151,29,-0.6776089981239974,-1.3199320279128268
311,1563436800,60,204,144,264,29,1.6709177758897196,-0.9214841584004063
311,1563451200,405,525,120,930,29,1.2794966468874334,1.4268900105843023
311,1563465600,386,357,0,743,29,-0.6776089981239974,0.7675116778513587
311,1563480000,574,463,0,1037,29,-0.6776089981239974,1.8041813560518156
311,1563494400,484,167,0,651,29,-0.6776089981239974,0.44311164249611357
311,1563508800,177,35,0,212,29,-0.6776089981239974,-1.1048407001229361
311,1563523200,69,128,59,197,29,0.2846346106732894,-1.1577320102352044
311,1563537600,263,399,136,662,29,1.540444066222291,0.48189860324511025
311,1563552000,382,365,0,747,29,-0.6776089981239974,0.7816160272146302
311,1563566400,575,502,0,1077,29,-0.6776089981239974,1.9452248496845308
311,1563580800,436,225,0,661,29,-0.6776089981239974,0.47837251590429236
311,1563595200,203,79,0,282,29,-0.6776089981239974,-0.8580145862656845
311,1563609600,70,135,65,205,29,0.38248989292386093,-1.1295233115086614
311,1563624000,164,341,177,505,29,2.2091218282678633,-0.07169710926329705
311,1563638400,286,353,67,639,29,0.4151083203407181,0.400798594406299
311,1563652800,409,318,0,727,29,-0.6776089981239974,0.7110942803982725
311,1563667200,383,185,0,568,29,-0.6776089981239974,0.15044639320822945
311,1563681600,243,71,0,314,29,-0.6776089981239974,-0.7451797913595123
311,1563696000,77,73,0,150,29,-0.6776089981239974,-1.3234581152536449
311,1563710400,109,298,189,407,29,2.4048323927690065,-0.4172536686634494
311,1563724800,231,366,135,597,29,1.5241348525138623,0.252702926091948
311,1563739200,368,280,0,648,29,-0.6776089981239974,0.4325333804736599
311,1563753600,264,119,0,383,29,-0.6776089981239974,-0.5018797648430785
311,1563768000,77,26,0,103,29,-0.6776089981239974,-1.4891842202720853
311,1563782400,54,130,76,184,29,0.5618912437165754,-1.203571145665837
311,1563796800,255,432,177,687,29,2.2091218282678633,0.5700507867655573
311,1563811200,308,285,0,593,29,-0.6776089981239974,0.2385985767286765
311,1563825600,511,366,0,877,29,-0.6776089981239974,1.2400073815209547
311,1563840000,312,97,0,409,30,-0.7144059203265256,-0.4104623643105222
311,1563854400,70,34,0,104,30,-0.7144059203265256,-1.4545495141949123
311,1563868800,53,102,49,155,30,0.027019891086479775,-1.2799644497880143
311,1563883200,234,384,150,618,30,1.5552649309377766,0.30499407610205986
311,1563897600,309,312,3,621,30,-0.6690125033012396,0.31526378577305386
311,1563912000,576,464,0,1040,30,-0.7144059203265256,1.7495999031552159
311,1563926400,435,149,0,584,30,-0.7144059203265256,0.18860403316412785
311,1563940800,117,37,0,154,30,-0.7144059203265256,-1.2833876863450122
311,1563955200,61,128,67,189,30,0.29938039323819604,-1.1635744068500822
311,1563969600,254,421,167,675,30,1.8124942940810642,0.5001185598509459
311,1563984000,295,322,27,617,30,-0.30586516709895123,0.30157083954506186
311,1563998400,589,447,0,1036,30,-0.7144059203265256,1.7359069569272239
311,1564012800,478,139,0,617,30,-0.7144059203265256,0.30157083954506186
311,1564027200,128,38,0,166,30,-0.7144059203265256,-1.2423088476610362
311,1564041600,66,135,69,201,30,0.3296426712550534,-1.1224955681661062
311,1564056000,266,398,132,664,30,1.2829044287860603,0.46246295772396784
311,1564070400,285,339,54,624,30,0.10267558612862318,0.32553349544404786
311,1564084800,593,582,0,1175,30,-0.7144059203265256,2.211736838349946
311,1564099200,496,169,0,665,30,-0.7144059203265256,0.46588619428096584
311,1564113600,150,56,0,206,30,-0.7144059203265256,-1.1053793853811162
311,1564128000,76,137,61,213,30,0.20859355918762396,-1.0814167294821302
311,1564142400,254,411,157,665,30,1.6611829039967774,0.46588619428096584
311,1564156800,366,411,45,777,30,-0.033504664947234954,0.8492886886647418
311,1564171200,573,503,0,1076,30,-0.7144059203265256,1.8728364192071438
311,1564185600,441,238,0,679,30,-0.7144059203265256,0.5138115060789379
311,1564200000,217,64,0,281,30,-0.7144059203265256,-0.8486366436062662
311,1564214400,67,112,45,179,30,-0.033504664947234954,-1.1978067724200623
311,1564228800,168,395,227,563,30,2.720362634586785,0.11671606546716984
311,1564243200,298,458,160,756,30,1.7065763210220635,0.7774007209677839
311,1564257600,463,396,0,859,30,-0.7144059203265256,1.1299940863385778
311,1564272000,343,225,0,568,30,-0.7144059203265256,0.13383224825215984
311,1564286400,200,79,0,279,30,-0.7144059203265256,-0.8554831167202622
311,1564300800,52,74,22,126,30,-0.38152086214109465,-1.3792383099409562
311,1564315200,115,326,211,441,30,2.478264410451926,-0.3009187944865862
311,1564329600,274,352,78,626,30,0.46582292233091155,0.33237996855804386
311,1564344000,408,307,0,715,30,-0.7144059203265256,0.6370480221308659
311,1564358400,326,166,0,492,30,-0.7144059203265256,-0.12633373007968818
311,1564372800,73,27,0,100,30,-0.7144059203265256,-1.4682424604229043
311,1564387200,41,126,85,167,30,0.5717408953899124,-1.2388856111040383
311,1564401600,216,377,161,593,30,1.721707460030492,0.21941316217710985
311,1564416000,299,312,13,611,30,-0.5177011132169528,0.28103142020307387
311,1564430400,560,368,0,928,30,-0.7144059203265256,1.36619740877144
311,1564444800,347,126,0,473,31,-0.6935312674061409,-0.2167374174189389
311,1564459200,75,33,0,108,31,-0.6935312674061409,-1.4291382964674093
311,1564473600,65,144,79,209,31,0.8075364072537257,-1.0936520258265998
311,1564488000,265,386,121,651,31,1.6055723861868192,0.3745156140074385
311,1564502400,325,341,16,666,31,-0.38951756114591474,0.4243403076669647
311,1564516800,573,429,0,1002,31,-0.6935312674061409,1.540413445640351
311,1564531200,412,123,0,535,31,-0.6935312674061409,-0.01079535029289734
311,1564545600,97,40,0,137,31,-0.6935312674061409,-1.3328105553923255
311,1564560000,72,113,41,185,31,0.0855038548856886,-1.1733715356818417
311,1564574400,258,385,127,643,31,1.719577526034404,0.3479424440556912
311,1564588800,315,340,25,655,31,-0.21850985137453752,0.38780219898331214
311,1564603200,559,427,0,986,31,-0.6935312674061409,1.4872671057368565
311,1564617600,429,146,0,575,31,-0.6935312674061409,0.12207049946583916
311,1564632000,99,33,0,132,31,-0.6935312674061409,-1.3494187866121674
311,1564646400,68,131,63,199,31,0.5035227009934995,-1.1268684882662838
311,1564660800,256,403,147,659,31,2.0995946588596865,0.4010887839591858
311,1564675200,321,334,13,655,31,-0.4465201310697071,0.38780219898331214
311,1564689600,578,455,0,1033,31,-0.6935312674061409,1.643384479203372
311,1564704000,435,186,0,621,31,-0.6935312674061409,0.2748662266883861
311,1564718400,118,54,0,172,31,-0.6935312674061409,-1.216552936853431
311,1564732800,58,139,81,197,31,0.8455381205362539,-1.1335117807542208
311,1564747200,249,412,163,661,31,2.4036083651199127,0.4077320764471226
311,1564761600,367,343,0,710,31,-0.6935312674061409,0.5704927424015748
311,1564776000,599,455,0,1054,31,-0.6935312674061409,1.7131390503267085
311,1565395200,8848,9334,486,18182,32,3.386870932474344,4.23338017504163
311,1565409600,174,69,0,243,32,-0.6589720417129901,-0.28855724168702795
311,1565424000,57,123,66,180,32,-0.10953657608261141,-0.30443784022952786
311,1565438400,161,373,212,534,32,1.1058812721300444,-0.2152040008002428
311,1565452800,331,456,125,787,32,0.381625431071818,-0.15142953363750516
311,1565467200,448,332,0,780,32,-0.6589720417129901,-0.1531940445866718
311,1565481600,316,196,0,512,32,-0.6589720417129901,-0.22074960664048085
311,1565496000,217,60,0,277,32,-0.6589720417129901,-0.2799867599339328
311,1565508963,48,56,8,104,32,-0.5923738034547623,-0.32359538767762297
311,1565510400,6,23,17,29,32,-0.5174507854142562,-0.34250086213298
311,1565524800,115,298,183,413,32,0.864462658443969,-0.2457048329215521
311,1565539200,284,362,78,646,32,-0.009639218695269838,-0.18697182561357634
311,1565553600,361,340,0,701,32,-0.6589720417129901,-0.1731078110129812
311,1565568000,262,144,0,406,32,-0.6589720417129901,-0.24746934387071873
311,1565582400,74,32,0,106,32,-0.6589720417129901,-0.32309124169214676
311,1565596800,60,124,64,184,32,-0.12618613564716835,-0.3034295482585755
311,1565611200,250,463,213,713,32,1.114206051912323,-0.17008293510012407
311,1565625600,295,347,52,642,32,-0.22608349303450992,-0.1879801175845287
311,1565640000,556,372,0,928,32,-0.6589720417129901,-0.11588724166143398
311,1565654400,334,137,0,471,33,-0.7222511730659281,-0.13245991829911957
311,1565668800,70,38,0,108,33,-0.7222511730659281,-1.4187554051706963
311,1565683200,54,140,86,194,33,0.5808313629551171,-1.1140132237080087
311,1565697600,250,402,152,652,33,1.5808714487387099,0.5089160682676998
311,1565712000,275,335,60,610,33,0.186876177646429,0.36008849127429415
311,1565726400,602,396,0,998,33,-0.7222511730659281,1.7349718215943266
311,1565740800,357,108,0,465,33,-0.7222511730659281,-0.15372100072674894
311,1565755200,87,38,0,125,33,-0.7222511730659281,-1.3585156716257465
311,1565769600,56,137,81,193,33,0.505070750395754,-1.117556737445947
311,1565784000,279,413,134,692,33,1.3081332435250028,0.6506566177852289
311,1565798400,336,355,19,691,33,-0.43436084534034836,0.6471131040472906
311,1565812800,598,401,0,999,33,-0.7222511730659281,1.7385153353322649
311,1565827200,388,112,0,500,33,-0.7222511730659281,-0.02969801989891096
311,1565841600,119,23,0,142,33,-0.7222511730659281,-1.2982759380807967
311,1565856000,63,132,69,195,33,0.3232452802532826,-1.1104697099700704
311,1565870400,249,439,190,688,33,2.1566521041898694,0.6364825628334759
311,1565884800,282,371,89,653,33,0.6262877304907349,0.5124595820056379
311,1565899200,579,438,0,1017,33,-0.7222511730659281,1.802298582615153
311,1565913600,417,148,0,565,33,-0.7222511730659281,0.20063037306707387
311,1565928000,121,41,0,162,33,-0.7222511730659281,-1.227405663322032
311,1565942400,60,130,70,190,33,0.3383974027651552,-1.1281872786597618
311,1565956800,259,378,119,637,33,1.0808514058469136,0.4557633621986263
311,1565971200,313,345,32,658,33,-0.23738325268600433,0.5301771506953291
311,1565985600,610,438,0,1048,33,-0.7222511730659281,1.912147508491238
311,1566000000,412,206,0,618,33,-0.7222511730659281,0.38843660117779993
311,1566014400,186,58,0,244,33,-0.7222511730659281,-0.9368375368110974
311,1566028800,50,102,52,152,33,0.06565919755144804,-1.2628408007014142
311,1566043200,136,405,269,541,33,3.353669782627806,0.1155860433565564
311,1566057600,338,416,78,754,33,0.4596143828601361,0.870354469537399
311,1566072000,449,387,0,836,33,-0.7222511730659281,1.1609225960483336
311,1566086400,351,243,0,594,33,-0.7222511730659281,0.3033922714672825
311,1566100800,166,68,0,234,33,-0.7222511730659281,-0.9722726741904797
311,1566115200,41,72,31,113,33,-0.25253537519787694,-1.4010378364810052
311,1566129600,125,336,211,461,33,2.4748466769391944,-0.16789505567850185
311,1566144000,280,343,63,623,33,0.23233254518204685,0.4061541698674911
311,1566158400,406,320,0,726,33,-0.7222511730659281,0.7711360848751286
311,1566172800,277,111,0,388,33,-0.7222511730659281,-0.4265715585479925
311,1566187200,57,40,0,97,33,-0.7222511730659281,-1.457734056288017
311,1566201600,57,113,56,170,33,0.12626768759893853,-1.1990575534185262
311,1566216000,261,390,129,651,33,1.2323726309656398,0.5053725545297615
311,1566230400,293,305,12,598,33,-0.5404257029234567,0.31756632641903537
311,1566244800,560,339,0,899,33,-0.7222511730659281,1.384163961538442
311,1566259200,330,114,0,444,34,-0.7156329449018046,-0.06990054673608913
311,1566273600,54,30,0,84,34,-0.7156329449018046,-1.3267139286724297
311,1566288000,64,128,64,192,34,0.4763987967507097,-0.9496699140915276
311,1566302400,253,383,130,636,34,1.7056815303298651,0.6003999236299592
311,1566316800,307,313,6,620,34,-0.6038799691218815,0.5445415510994551
311,1566331200,527,330,0,857,34,-0.7156329449018046,1.371943694207546
311,1566345600,419,176,0,595,34,-0.7156329449018046,0.4572628440205426
311,1566360000,95,33,0,128,34,-0.7156329449018046,-1.1731034042135438
311,1566368868,20,28,8,48,34,-0.5666289771952404,-1.4523952668660638
311,1566374400,33,86,53,119,34,0.2715183411541838,-1.2045237387619523
311,1566388800,252,377,125,629,34,1.6125540505132625,0.5759618856478637
311,1566403200,276,344,68,620,34,0.5509007806039918,0.5445415510994551
311,1566417600,568,414,0,982,34,-0.7156329449018046,1.8083372296021087
311,1566432000,400,108,0,508,34,-0.7156329449018046,0.153532943385927
311,1566446400,91,28,0,119,34,-0.7156329449018046,-1.2045237387619523
311,1566460800,59,129,70,188,34,0.5881517725306329,-0.9636345072241536
311,1566475200,230,354,124,584,34,1.593928554549942,0.4188602129058211
311,1566489600,331,318,0,649,34,-0.7156329449018046,0.6457848513109937
311,1566504000,581,443,0,1024,34,-0.7156329449018046,1.954965457494682
311,1566518400,453,154,0,607,34,-0.7156329449018046,0.49915662341842065
311,1566532800,98,47,0,145,34,-0.7156329449018046,-1.1137538833998832
311,1566547200,53,134,81,187,34,0.7930322281271588,-0.9671256555073101
311,1566561600,238,348,110,586,34,1.3331716110634544,0.4258425094721341
311,1566576000,313,343,30,656,34,-0.15686806600218856,0.6702228892930893
311,1566590400,570,437,0,1007,34,-0.7156329449018046,1.8956159366810212
311,1566604800,506,252,0,758,34,-0.7156329449018046,1.0263200141750524
311,1566619200,204,69,0,273,34,-0.7156329449018046,-0.666886903155851
311,1566633600,45,116,71,161,34,0.6067772684939534,-1.057895510869379
311,1566648000,135,377,242,512,34,3.7917370782217654,0.16749753651855298
311,1566662400,324,392,68,716,34,0.5509007806039918,0.8796917862824793
311,1566676800,472,345,0,817,34,-0.7156329449018046,1.2322977628812861
311,1566691200,308,207,0,515,34,-0.7156329449018046,0.1779709813680225
311,1566705600,181,109,0,290,34,-0.7156329449018046,-0.6075373823421903
311,1566720000,38,92,54,130,34,0.2901438371175043,-1.1661211076472306
311,1566726503,45,96,51,141,34,0.23426734922754272,-1.1277184765325092
311,1566726588,0,0,0,0,34,-0.7156329449018046,-1.619970384457576
311,1566734400,71,197,126,268,34,1.631179546476583,-0.6843426445716334
311,1566748800,269,343,74,612,34,0.6626537563839151,0.5166123648342031
311,1566763200,407,280,0,687,34,-0.7156329449018046,0.7784484860709407
311,1566777600,273,128,0,401,34,-0.7156329449018046,-0.2200199229118187
311,1566792000,63,41,0,104,34,-0.7156329449018046,-1.2568909630092997
311,1566806400,61,117,56,178,34,0.3273948290441454,-0.9985459900557185
311,1566820800,256,374,118,630,34,1.4821755787700188,0.5794530339310202
311,1566835200,319,265,0,584,34,-0.7156329449018046,0.4188602129058211
311,1566849600,578,312,0,890,34,-0.7156329449018046,1.4871515875517107
311,1566864000,310,107,0,417,35,-0.6619665466024125,-0.16545739661637163
311,1566878400,55,23,0,78,35,-0.6619665466024125,-1.391788689184773
311,1566892800,65,122,57,187,35,0.3820044102923012,-0.9974815774149921
311,1566907200,246,390,144,636,35,1.975433765552654,0.6267743233614452
311,1566921600,328,304,0,632,35,-0.6619665466024125,0.6123043376084257
311,1566936000,567,348,0,915,35,-0.6619665466024125,1.6360558296345544
311,1566950400,398,99,0,497,35,-0.6619665466024125,0.1239423184440181
311,1566964800,93,24,0,117,35,-0.6619665466024125,-1.2507063280928332
311,1566979200,49,116,67,165,35,0.5651572097475142,-1.0770664990565992
311,1566993600,235,340,105,575,35,1.2611378476773234,0.4061070406278981
311,1567008000,429,256,0,685,35,-0.6619665466024125,0.8040316488359339
311,1567022400,879,399,0,1278,35,-0.6619665466024125,2.949207036721073
311,1567036800,369,125,0,494,35,-0.6619665466024125,0.11308982912925347
311,1567051200,70,34,0,104,35,-0.6619665466024125,-1.2977337817901464
311,1567065600,54,137,83,191,35,0.8582016888758549,-0.9830115916619726
311,1567080000,221,315,94,536,35,1.059669768276589,0.2650246795359581
311,1567094400,327,292,0,619,35,-0.6619665466024125,0.5652768839111124
311,1567108800,578,433,0,1011,35,-0.6619665466024125,1.9833354877070224
311,1567123200,421,162,0,583,35,-0.6619665466024125,0.43504701213393704
311,1567137600,132,31,0,163,35,-0.6619665466024125,-1.084301491933109
311,1567152000,63,138,75,201,35,0.7116794493116845,-0.946836627279424
311,1567166400,210,352,142,562,35,1.9388032056616114,0.3590795869305847
311,1567180800,366,378,12,744,35,-0.442183187256157,1.0174639386929714
311,1567195200,643,365,0,1008,35,-0.6619665466024125,1.9724829983922576
311,1567209600,364,185,0,549,35,-0.6619665466024125,0.3120521332332714
311,1567224000,169,63,0,232,35,-0.6619665466024125,-0.8346942376935229
311,1567238400,37,109,72,146,35,0.6567336094751206,-1.1457989313834418
311,1567252800,123,302,179,425,35,2.616468563645899,-0.13651742511033266
311,1567267200,284,286,2,570,35,-0.6253359867113699,0.3880195584366237
311,1567281600,393,260,0,653,35,-0.6619665466024125,0.688271762811778
311,1567296000,302,164,0,466,35,-0.6619665466024125,0.011799928858117072
311,1567310400,155,51,0,206,35,-0.6619665466024125,-0.9287491450881495
311,1567324800,40,83,43,123,35,0.1255904910550031,-1.2290013494633039
311,1567339200,99,299,200,398,35,3.001089442501846,-0.2341898289432142
311,1567353600,232,267,35,499,35,-0.02093174850916725,0.13117731132052785
311,1567368000,368,209,0,577,35,-0.6619665466024125,0.41334203350440785
311,1567382400,228,114,0,342,35,-0.6619665466024125,-0.43676962948548703
311,1567396800,91,35,0,126,35,-0.6619665466024125,-1.2181488601485393
311,1567411200,32,89,57,121,35,0.3820044102923012,-1.2362363423398137
311,1567425600,149,269,120,418,35,1.535867046860143,-0.16183990017811678
311,1567440000,274,305,31,579,35,-0.09419286829125242,0.4205770263809176
311,1567454400,360,247,0,607,35,-0.6619665466024125,0.5218669266520539
311,1567468800,242,128,0,370,36,-0.7185612841258568,-0.5261481191976614
311,1567483200,57,28,0,85,36,-0.7185612841258568,-1.5326996593600404
311,1567497600,42,117,75,159,36,0.44040852898036387,-1.2713494348968262
311,1567512000,263,379,116,642,36,1.0739786934784312,0.4344905436941531
311,1567526400,289,313,24,602,36,-0.3476909439318662,0.2932201520924157
311,1567540800,579,327,0,906,36,-0.7185612841258568,1.36687512826562
311,1567555200,346,112,0,458,36,-0.7185612841258568,-0.21535325767383903
311,1567569600,80,20,0,100,36,-0.7185612841258568,-1.479723262509389
311,1567584000,64,139,75,203,36,0.44040852898036387,-1.1159520041349151
311,1567598400,278,414,136,692,36,1.3830373103067568,0.6110785331963249
311,1567612800,329,259,0,588,36,-0.7185612841258568,0.24377551503180758
311,1567627200,585,369,0,954,36,-0.7185612841258568,1.536399598187705
311,1567641600,387,113,0,500,36,-0.7185612841258568,-0.06701934649201473
311,1567656000,109,34,0,143,36,-0.7185612841258568,-1.3278575915375213
311,1567670400,65,163,98,228,36,0.7958259383329382,-1.0276580093838292
311,1567684800,264,371,107,635,36,0.9349023159056847,0.40976822516384903
311,1567699200,349,369,20,718,36,-0.4095026672975313,0.7029042877374542
311,1567713600,597,375,0,972,36,-0.7185612841258568,1.5999712744084869
311,1567728000,443,162,0,605,36,-0.7185612841258568,0.30381543146254597
311,1567742400,126,35,0,161,36,-0.7185612841258568,-1.2642859153167394
311,1567756800,73,151,78,224,36,0.4867673215046127,-1.041785048544003
311,1567771200,235,407,172,642,36,1.9393428205977425,0.4344905436941531
311,1567785600,344,343,0,687,36,-0.7185612841258568,0.5934197342461077
311,1567800000,548,472,0,1020,36,-0.7185612841258568,1.7694957443305717
311,1567814400,417,241,0,658,36,-0.7185612841258568,0.49099870033484805
311,1567828800,217,55,0,272,36,-0.7185612841258568,-0.872260578621918
311,1567843200,42,105,63,147,36,0.25497335888336853,-1.3137305523773475
311,1567857600,164,418,254,582,36,3.2064831495938773,0.22258495629154698
311,1567872000,368,454,86,822,36,0.6103907682359428,1.0702073059019714
311,1567886400,523,418,0,941,36,-0.7185612841258568,1.4904867209171402
311,1567900800,393,230,0,623,36,-0.7185612841258568,0.36738710768332783
311,1567915200,251,80,0,331,36,-0.7185612841258568,-0.6638867510093553
311,1567929600,44,84,40,128,36,-0.10044405046920579,-1.3808339883881726
311,1567944000,123,329,206,452,36,2.464742469205896,-0.23654381641409963
311,1567958400,312,413,101,725,36,0.842184730857187,0.7276266062677582
311,1567972800,436,293,0,729,36,-0.7185612841258568,0.741753645427932
311,1567987200,307,145,0,452,36,-0.7185612841258568,-0.23654381641409963
311,1568001600,71,20,0,91,36,-0.7185612841258568,-1.5115091006197798
311,1568016000,59,130,71,189,36,0.3785968056146988,-1.1653966411955232
311,1568030400,266,426,160,692,36,1.7539076505007474,0.6110785331963249
311,1568044800,309,380,71,689,36,0.3785968056146988,0.6004832538261946
311,1568059200,617,363,0,980,36,-0.7185612841258568,1.6282253527288342
311,1568073600,423,141,0,564,37,-0.6278570652907418,-0.0653895973810341
311,1568088000,78,28,0,106,37,-0.6278570652907418,-1.4771003664288171
311,1568102400,63,163,100,226,37,0.6260657469874873,-1.1072198155866033
311,1568116800,233,386,153,619,37,1.2906448374949486,0.10413898842164727
311,1568131200,328,313,0,641,37,-0.6278570652907418,0.17195042274271982
311,1568145600,664,411,0,1075,37,-0.6278570652907418,1.5096850816220602
311,1568160000,459,150,0,609,37,-0.6278570652907418,0.07331560918479613
311,1568174400,111,31,0,142,37,-0.6278570652907418,-1.366136201176153
311,1568188800,67,153,86,220,37,0.4505165532685352,-1.125713843128714
311,1568203200,244,457,213,701,37,2.0429985248618863,0.3568906981638268
311,1568217600,344,324,0,668,37,-0.6278570652907418,0.255173546682218
311,1568232000,644,434,0,1078,37,-0.6278570652907418,1.5189320953931156
311,1568246400,486,188,0,674,37,-0.6278570652907418,0.27366757422432864
311,1568260800,113,35,0,148,37,-0.6278570652907418,-1.3476421736340423
311,1568275200,60,128,68,188,37,0.22481044705845396,-1.2243486566866377
311,1568289600,256,418,162,674,37,1.4034978905999893,0.27366757422432864
311,1568304000,352,348,0,700,37,-0.6278570652907418,0.3538083602401417
311,1568318400,626,420,0,1046,37,-0.6278570652907418,1.4202972818351918
311,1568332800,447,154,0,601,37,-0.6278570652907418,0.048656905795315196
311,1568347200,115,48,0,163,37,-0.6278570652907418,-1.3014071047787656
311,1568361600,76,144,68,220,37,0.22481044705845396,-1.125713843128714
311,1568376000,258,428,170,686,37,1.5038117155822477,0.31065562930855006
311,1568390400,361,330,0,691,37,-0.6278570652907418,0.3260673189269756
311,1568404800,656,577,0,1233,37,-0.6278570652907418,1.9966944735643084
311,1568419200,541,200,0,741,37,-0.6278570652907418,0.48018421511123144
311,1568433600,277,104,0,381,37,-0.6278570652907418,-0.6294574374154103
311,1568448000,69,119,50,188,37,-0.000895659151627281,-1.2243486566866377
311,1568462400,125,467,342,592,37,3.660558952700802,0.02091586448214915
311,1568476800,442,545,103,987,37,0.6636834313558341,1.23843934433777
311,1568491200,650,541,0,1191,37,-0.6278570652907418,1.8672362807695335
311,1568505600,547,318,0,865,37,-0.6278570652907418,0.8623941176481857
311,1568520000,275,78,0,353,37,-0.6278570652907418,-0.7157628992785936
311,1568534400,54,89,35,143,37,-0.18898408099336164,-1.3630538632524678
311,1568548800,132,366,234,498,37,2.3063223154403145,-0.26882390034425174
311,1568563200,354,453,99,807,37,0.613526518864705,0.6836185180744491
311,1568577600,587,380,0,967,37,-0.6278570652907418,1.1767925858640675
311,1568592000,391,153,0,544,37,-0.6278570652907418,-0.1270363558547364
311,1568606400,72,31,0,103,37,-0.6278570652907418,-1.4863473801998726
311,1568620800,61,141,80,202,37,0.37528118453184145,-1.181195925755046
311,1568635200,276,416,140,692,37,1.127634871898779,0.3291496568506607
311,1568649600,318,296,0,614,37,-0.6278570652907418,0.08872729880322171
311,1568664000,653,385,0,1038,37,-0.6278570652907418,1.3956385784457108
311,1568678400,372,117,0,489,38,-0.6368236589096039,-0.2599113610915905
311,1568692800,85,43,0,128,38,-0.6368236589096039,-1.3952545062574495
311,1568707200,67,131,64,198,38,0.36013731671591465,-1.1751048659205794
311,1568721600,274,399,125,673,38,1.310365746608987,0.31876769350818257
311,1568736000,324,304,0,628,38,-0.6368236589096039,0.17724292472019457
311,1568750400,633,435,0,1068,38,-0.6368236589096039,1.5610406639805214
311,1568764800,457,141,0,598,38,-0.6368236589096039,0.08289307886153592
311,1568779200,99,29,0,128,38,-0.6368236589096039,-1.3952545062574495
311,1568793600,60,89,29,149,38,-0.1850757168292908,-1.3292096141563885
311,1568808000,252,383,131,635,38,1.4038308380738793,0.1992578887538816
311,1568822400,324,331,7,655,38,-0.5277810522005628,0.26215778599298734
311,1568836800,652,468,0,1120,38,-0.6368236589096039,1.7245803968021964
311,1568851200,487,159,0,646,38,-0.6368236589096039,0.23385283223538975
311,1568865600,140,32,0,172,38,-0.6368236589096039,-1.2568747323314169
311,1568880000,78,130,52,208,38,0.17320713378612992,-1.1436549173010266
311,1568894400,266,397,131,663,38,1.4038308380738793,0.28731774488862966
311,1568908800,333,318,0,651,38,-0.6368236589096039,0.2495778065451662
311,1568923200,652,466,0,1118,38,-0.6368236589096039,1.7182904070782858
311,1568937600,511,187,0,698,38,-0.6368236589096039,0.3973925650570648
311,1568952000,141,39,0,180,38,-0.6368236589096039,-1.2317147734357745
311,1568966400,77,147,70,224,38,0.453602408180807,-1.093334999509742
311,1568980800,288,413,125,701,38,1.310365746608987,0.4068275496429306
311,1568995200,434,375,0,809,38,-0.6368236589096039,0.7464869947341017
311,1569009600,684,599,0,1283,38,-0.6368236589096039,2.2372145593009085
311,1569024000,566,261,0,827,38,-0.6368236589096039,0.803096902249297
311,1569038400,246,75,0,321,38,-0.6368236589096039,-0.788270497900079
311,1569052800,54,102,48,156,38,0.11089707280953501,-1.3071946501227016
311,1569067200,186,449,263,635,38,3.460062850301511,0.1992578887538816
311,1569081600,357,470,113,827,38,1.1234355636792024,0.803096902249297
311,1569096000,546,416,0,962,38,-0.6368236589096039,1.2276712086132608
311,1569110400,556,319,0,875,38,-0.6368236589096039,0.9540566556231508
311,1569124800,222,103,0,325,38,-0.6368236589096039,-0.7756905184522578
311,1569139200,47,94,47,141,38,0.09531955756538628,-1.3543695730520309
311,1569153600,152,368,216,520,38,2.727919633826521,-0.16241652037097656
311,1569168000,346,416,70,762,38,0.453602408180807,0.5986722362222032
311,1569182400,486,315,0,801,38,-0.6368236589096039,0.7213270358384595
311,1569196800,331,123,0,454,38,-0.6368236589096039,-0.3699861812600256
311,1569211200,68,32,0,100,38,-0.6368236589096039,-1.4833143623921976
311,1569225600,69,154,85,223,38,0.6872651368430379,-1.0964799943716972
311,1569240000,257,398,141,655,38,1.5596059905153667,0.26215778599298734
311,1569254400,344,295,0,639,38,-0.6368236589096039,0.21183786820170275
311,1569268800,591,373,0,964,38,-0.6368236589096039,1.2339611983371714
311,1569283200,323,94,0,417,39,-0.6924900918154002,-0.3997132757633375
311,1569297600,72,36,0,108,39,-0.6924900918154002,-1.3749866152738837
311,1569312000,66,145,79,211,39,0.5048429590670895,-1.0498955021037015
311,1569321886,210,328,118,538,39,1.095931427224268,-0.01781012339836632
311,1569326400,77,110,33,187,39,-0.19233831106701837,-1.1256448876967537
311,1569340800,363,316,0,679,39,-0.6924900918154002,0.42721751696081495
311,1569355200,634,440,0,1074,39,-0.6924900918154002,1.6739261548464646
311,1569369600,419,118,0,537,39,-0.6924900918154002,-0.020966347798076827
311,1569384000,110,40,0,150,39,-0.6924900918154002,-1.2424251904860424
311,1569398400,75,142,67,217,39,0.3229695842494962,-1.0309581557054386
311,1569412800,260,435,175,695,39,1.9598299576078364,0.477717107356183
311,1569427200,301,331,30,632,39,-0.23780665477141674,0.2788749701744212
311,1569441600,684,385,0,1069,39,-0.6924900918154002,1.658145032847912
311,1569456000,414,158,0,572,39,-0.6924900918154002,0.08950150619179086
311,1569470400,123,44,0,167,39,-0.6924900918154002,-1.1887693756909639
311,1569484800,67,141,74,208,39,0.4290623862264257,-1.059364175302833
311,1569499200,285,419,134,704,39,1.3384292603143926,0.5061231269535775
311,1569513600,386,354,0,740,39,-0.6924900918154002,0.6197472053431557
311,1569528000,616,490,0,1106,39,-0.6924900918154002,1.7749253356372008
311,1569542400,481,161,0,642,39,-0.6924900918154002,0.31043721417152625
311,1569556800,148,56,0,204,39,-0.6924900918154002,-1.0719890729016752
311,1569571200,79,162,83,241,39,0.5654674173396207,-0.9552087701123864
311,1569585600,259,376,117,635,39,1.0807753126561352,0.2883436433735527
311,1569600000,377,317,0,694,39,-0.6924900918154002,0.47456088295647253
311,1569614400,632,465,0,1097,39,-0.6924900918154002,1.7465193160398063
311,1569628800,431,282,0,713,39,-0.6924900918154002,0.5345291465509722
311,1569643200,232,70,0,302,39,-0.6924900918154002,-0.7626790817300456
311,1569657600,56,139,83,195,39,0.5654674173396207,-1.1003950924990697
311,1569672000,181,413,232,594,39,2.823728487991405,0.15893844298542198
311,1569686400,356,508,152,864,39,1.6112393225407826,1.0111190309072584
311,1569700800,537,347,0,884,39,-0.6924900918154002,1.0742435189014685
311,1569715200,342,215,0,557,39,-0.6924900918154002,0.04215814019613328
311,1569729600,229,102,0,331,39,-0.6924900918154002,-0.671148574138441
311,1569744000,57,85,28,142,39,-0.2681188839076823,-1.2676749856837264
311,1569758400,146,363,217,509,39,2.5963867694694134,-0.10934063098997097
311,1569787200,715,589,0,1304,39,-0.6924900918154002,2.399857766779881
311,1569801600,318,102,0,420,39,-0.6924900918154002,-0.39024460256420596
311,1569816000,72,35,0,107,39,-0.6924900918154002,-1.3781428396735942
311,1569830400,56,140,84,196,39,0.5806235319077535,-1.0972388680993592
311,1569844800,236,405,169,641,39,1.86889327019904,0.3072809897718157
311,1569859200,282,326,44,608,39,-0.025621050817557788,0.20312558458136906
311,1569873600,599,343,0,942,39,-0.6924900918154002,1.2573045340846778
311,1569888000,355,101,0,456,40,-0.6260390953191267,-0.35000206392943045
311,1569902400,65,53,0,118,40,-0.6260390953191267,-1.4833572873651497
311,1569916800,67,142,75,209,40,0.21027267323695856,-1.1782231887478407
311,1569931200,221,391,170,612,40,1.269600913408,0.17308496227167075
311,1569945600,291,291,0,582,40,-0.6260390953191267,0.0724913033868436
311,1569960000,609,398,0,1007,40,-0.6260390953191267,1.4975681375885617
311,1569974400,374,116,0,490,40,-0.6260390953191267,-0.235995917193293
311,1569988800,119,58,0,177,40,-0.6260390953191267,-1.285523091558323
311,1570003200,74,133,59,207,40,0.03185949594499369,-1.1849294326734958
311,1570017600,262,558,296,820,40,2.6746046845822233,0.8705343305398057
311,1570032000,312,309,0,621,40,-0.6260390953191267,0.2032630599371189
311,1570046400,594,430,0,1024,40,-0.6260390953191267,1.5545712109566303
311,1570060800,445,126,0,571,40,-0.6260390953191267,0.03560696179574031
311,1570075200,169,59,0,228,40,-0.6260390953191267,-1.1145138714541167
311,1570089600,66,134,68,200,40,0.13221690817172393,-1.208401286413289
311,1570104000,230,369,139,599,40,0.923925382404818,0.12949437675491232
311,1570118400,301,342,41,643,40,-0.16885532850846677,0.2770317431193255
311,1570132800,589,381,0,970,40,-0.6260390953191267,1.3735026249639415
311,1570147200,447,170,0,617,40,-0.6260390953191267,0.1898505720858086
311,1570161600,188,74,0,262,40,-0.6260390953191267,-1.0005077247179794
311,1570176000,81,151,70,232,40,0.15451855533321954,-1.1011013836028065
311,1570190400,253,432,179,685,40,1.36995832563473,0.4178628655580835
311,1570204800,351,387,36,738,40,-0.2246094464122058,0.5955783295879448
311,1570219200,660,588,0,1248,40,-0.6260390953191267,2.3056705306300063
311,1570233600,434,271,0,705,40,-0.6260390953191267,0.4849253048146349
311,1570248000,268,88,0,356,40,-0.6260390953191267,-0.6853142602121877
311,1570262400,51,105,54,156,40,-0.023894621958745327,-1.355938652777702
311,1570276800,179,489,310,668,40,2.8307162147126923,0.3608597921900148
311,1570291200,382,480,98,862,40,0.466741615594158,1.0113654529785636
311,1570305600,589,417,0,1006,40,-0.6260390953191267,1.494215015625734
311,1570320000,410,259,0,669,40,-0.6260390953191267,0.36421291415284235
311,1570334400,212,93,0,305,40,-0.6260390953191267,-0.8563234803163938
311,1570348800,60,80,20,140,40,-0.40302262370417063,-1.409588604182943
311,1570363200,137,347,210,484,40,1.7156338566379121,-0.25611464897025843
311,1570377600,326,464,138,790,40,0.9127745588240702,0.7699406716549786
311,1570392000,507,272,0,779,40,-0.6260390953191267,0.7330563300638753
311,1570406400,328,99,0,427,40,-0.6260390953191267,-0.44724260085143
311,1570420800,85,60,0,145,40,-0.6260390953191267,-1.3928229943688053
311,1570435200,66,140,74,206,40,0.19912184965621074,-1.1882825546363234
311,1570449600,261,582,321,843,40,2.953375274100918,0.9476561356848399
311,1570464000,342,318,0,660,40,-0.6260390953191267,0.3340348164873942
311,1570478400,576,443,0,1019,40,-0.6260390953191267,1.5378056011424925
311,1570492800,417,119,0,536,41,-0.6877567571792143,-0.09950736185897377
311,1570507200,87,55,0,142,41,-0.6877567571792143,-1.4032665257879513
311,1570521600,68,134,66,202,41,0.11631820313322017,-1.2047245211287163
311,1570536000,306,473,167,779,41,1.3467965514901274,0.7045877570109287
311,1570550400,346,335,0,681,41,-0.6877567571792143,0.3803024827341779
311,1570564800,644,464,0,1108,41,-0.6877567571792143,1.793259749225735
311,1570579200,403,123,0,526,41,-0.6877567571792143,-0.1325976959688463
311,1570593600,108,39,0,147,41,-0.6877567571792143,-1.3867213587330152
311,1570608000,59,117,58,176,41,0.018854571580197817,-1.2907593898143848
311,1570622400,255,422,167,677,41,1.3467965514901274,0.3670663490902289
311,1570636800,284,299,15,583,41,-0.5050124480172973,0.05601720845742712
311,1570651200,553,395,0,948,41,-0.6877567571792143,1.2638144034677745
311,1570665600,359,108,0,467,41,-0.6877567571792143,-0.3278306672170942
311,1570680000,88,40,0,128,41,-0.6877567571792143,-1.4495929935417728
311,1570694400,81,183,102,264,41,0.5549045451218207,-0.9995644496475066
311,1570708800,283,477,194,760,41,1.6757363079815777,0.6417161222021709
311,1570723200,330,345,15,675,41,-0.5050124480172973,0.36044828226825437
311,1570737600,653,433,0,1086,41,-0.6877567571792143,1.7204610141840153
311,1570752000,453,153,0,606,41,-0.6877567571792143,0.13212497691013395
311,1570766400,158,56,0,214,41,-0.6877567571792143,-1.1650161201968692
311,1570780800,79,170,91,249,41,0.42089205173641503,-1.0491999508123153
311,1570795200,285,507,222,792,41,2.016859018417156,0.747605191353763
311,1570809600,360,343,0,703,41,-0.6877567571792143,0.45310121777589746
311,1570824000,676,453,0,1129,41,-0.6877567571792143,1.8627494508564673
311,1570838400,509,219,0,728,41,-0.6877567571792143,0.5358270530505788
311,1570852800,235,76,0,311,41,-0.6877567571792143,-0.8440398793311057
311,1570867200,52,122,70,174,41,0.16505001890973134,-1.2973774566363594
311,1570881600,193,483,290,676,41,2.845299886617846,0.36375731567924163
311,1570896000,348,547,199,895,41,1.7366510777022166,1.08843563268545
311,1570910400,570,496,0,1066,41,-0.6877567571792143,1.6542803459642703
311,1570924800,409,271,0,680,41,-0.6877567571792143,0.3769934493231907
311,1570939200,247,121,0,368,41,-0.6877567571792143,-0.6554249749048322
311,1570953600,38,102,64,140,41,0.09195229524496458,-1.409884592609926
311,1570968000,153,397,244,550,41,2.2848840051879673,-0.05318089410515223
311,1570982400,302,449,147,751,41,1.1031374726075716,0.6119348215032856
311,1570996800,488,377,0,865,41,-0.6877567571792143,0.9891646303558325
311,1571011200,350,137,0,487,41,-0.6877567571792143,-0.26164999899734914
311,1571025600,94,40,0,134,41,-0.6877567571792143,-1.4297387930758494
311,1571040000,46,125,79,171,41,0.2746966044068815,-1.3073045568693211
311,1571054400,224,388,164,612,41,1.310247689657744,0.15197917737605746
311,1571068800,329,346,17,675,41,-0.48064654012904173,0.36044828226825437
311,1571083200,562,352,0,914,41,-0.6877567571792143,1.1513072674942078
311,1571097600,355,120,0,475,42,-0.6599959843872832,-0.2916702292862701
311,1571112000,69,43,0,112,42,-0.6599959843872832,-1.4958111509138874
311,1571126400,74,154,80,228,42,0.6862644812783194,-1.1110168068125001
311,1571140800,278,425,147,703,42,1.8137576212732616,0.46464968843024984
311,1571155200,344,339,0,683,42,-0.6599959843872832,0.3983058359989762
311,1571169600,637,409,0,1046,42,-0.6599959843872832,1.6024467576265935
311,1571184000,390,145,0,535,42,-0.6599959843872832,-0.09263867199244907
311,1571198400,101,43,0,144,42,-0.6599959843872832,-1.3896609870238494
311,1571212800,77,145,68,222,42,0.484325411428479,-1.1309199625418822
311,1571227200,267,404,137,671,42,1.6454750630650612,0.35849952454021194
311,1571241600,345,298,0,643,42,-0.6599959843872832,0.2656181311364288
311,1571256000,549,454,0,1003,42,-0.6599959843872832,1.459807474899355
311,1571270400,374,128,0,502,42,-0.6599959843872832,-0.20210602850405063
311,1571299200,154,180,26,334,42,-0.22246133304596236,-0.7593943889267496
311,1571313600,281,428,147,709,42,1.8137576212732616,0.48455284415963196
311,1571328000,392,334,0,726,42,-0.6599959843872832,0.5409451187262145
311,1571342400,653,488,0,1141,42,-0.6599959843872832,1.9175800566751435
311,1571356800,550,179,0,729,42,-0.6599959843872832,0.5508966965909057
311,1571371200,126,62,0,188,42,-0.6599959843872832,-1.2437045116750474
311,1571385600,73,134,61,207,42,0.36652762068273875,-1.1806778518653374
311,1571400000,314,430,116,744,42,1.2920816908278405,0.6006545859143609
311,1571414400,368,370,2,738,42,-0.6263394727456432,0.5807514301849788
311,1571428800,692,534,0,1226,42,-0.6599959843872832,2.1995414295080566
311,1571443200,457,258,0,715,42,-0.6599959843872832,0.504455999889014
311,1571457600,223,59,0,282,42,-0.6599959843872832,-0.9318884052480612
311,1571472000,35,81,46,116,42,0.11410378337043828,-1.4825423804276328
311,1571486400,152,381,229,533,42,3.1936745985805044,-0.09927305723557643
311,1571500800,369,452,83,821,42,0.7367492487407795,0.8560784177747646
311,1571515200,540,439,0,979,42,-0.6599959843872832,1.3801948519818266
311,1571529600,405,162,0,567,42,-0.6599959843872832,0.01351149189758882
311,1571544000,227,83,0,310,42,-0.6599959843872832,-0.839007011844278
311,1571558400,54,92,38,146,42,-0.02052226319612198,-1.3830266017807222
311,1571572800,142,317,175,459,42,2.2849487842562226,-0.34474531123128904
311,1571587200,315,363,48,678,42,0.14776029501207835,0.3817198728911577
311,1571601600,434,280,0,714,42,-0.6599959843872832,0.5011388072674504
311,1571616000,300,110,0,410,42,-0.6599959843872832,-0.5072877496879096
311,1571630400,71,31,0,102,42,-0.6599959843872832,-1.5289830771295243
311,1571644800,61,155,94,216,42,0.9218600627697998,-1.1508231182712643
311,1571659200,256,367,111,623,42,1.2079404117237404,0.19927427870515513
311,1571673600,366,337,0,703,42,-0.6599959843872832,0.46464968843024984
311,1571688000,596,401,0,997,42,-0.6599959843872832,1.439904319169973
311,1571702400,391,127,0,518,43,-0.6504943464175714,-0.09858868231272391
311,1571716800,82,43,0,125,43,-0.6504943464175714,-1.3819520815665278
311,1571731200,65,134,69,199,43,0.32575247694758763,-1.1403009580429107
311,1571745600,240,404,164,644,43,1.6698604221604876,0.3128713388220834
311,1571760000,331,342,11,673,43,-0.49486079486660406,0.40757245479755494
311,1571774400,627,466,0,1093,43,-0.6504943464175714,1.7791058585802462
311,1571788800,374,143,0,517,43,-0.6504943464175714,-0.10185423803601604
311,1571803200,84,45,0,129,43,-0.6504943464175714,-1.3688898586733593
311,1571817600,81,155,74,236,43,0.39649500037984553,-1.0194753962811023
311,1571832000,275,448,173,723,43,1.797196964338552,0.5708502409621611
311,1571846400,333,348,15,681,43,-0.43826677612079773,0.43369690058389193
311,1571860800,635,510,0,1145,43,-0.6504943464175714,1.9489147561914364
311,1571875200,466,147,0,613,43,-0.6504943464175714,0.21163911140002764
311,1571889600,127,49,0,176,43,-0.6504943464175714,-1.2154087396786295
311,1571904000,65,108,43,173,43,-0.04210864490015349,-1.2252054068485059
311,1571918400,279,424,145,703,43,1.4010388331179076,0.5055391264963186
311,1571932800,333,330,0,663,43,-0.6504943464175714,0.37491689756463376
311,1571947200,631,460,0,1091,43,-0.6504943464175714,1.772574747133662
311,1571961600,491,165,0,656,43,-0.6504943464175714,0.3520580075015889
311,1571976000,145,64,0,209,43,-0.6504943464175714,-1.1076454008099896
311,1571990400,75,151,76,226,43,0.42479200975274867,-1.0521309535140235
311,1572004800,272,407,135,679,43,1.2595537862533919,0.4271657891373077
311,1572019200,325,363,38,688,43,-0.11285116833241139,0.4565557906469368
311,1572033600,647,534,0,1181,43,-0.6504943464175714,2.066474762229953
311,1572048000,487,246,0,733,43,-0.6504943464175714,0.6035057981950822
311,1572062400,201,47,0,248,43,-0.6504943464175714,-0.9802887276015968
311,1572076800,44,108,64,152,43,0.2550099535153297,-1.2937820770376405
311,1572091200,175,476,301,651,43,3.6082055642043542,0.33573022888512827
311,1572105600,346,480,134,826,43,1.2454052815669403,0.9072024804612496
311,1572120000,538,391,0,929,43,-0.6504943464175714,1.243554719960338
311,1572134400,384,194,0,578,43,-0.6504943464175714,0.09734466108480339
311,1572148800,210,69,0,279,43,-0.6504943464175714,-0.8790565001795411
311,1572163200,56,71,15,127,43,-0.43826677612079773,-1.3754209701199436
311,1572177600,142,292,150,434,43,1.4717813565501656,-0.37289536306926213
311,1572192000,221,267,46,488,43,0.00033686915920125206,-0.19655535401148758
311,1572206400,400,303,0,703,43,-0.6504943464175714,0.5055391264963186
311,1572220800,371,140,0,511,43,-0.6504943464175714,-0.12144757237576877
311,1572235200,61,41,0,102,43,-0.6504943464175714,-1.4570598632022467
311,1572249600,58,139,81,197,43,0.49553453318500656,-1.146832069489495
311,1572264000,239,436,197,675,43,2.13676107681339,0.4141035662441392
311,1572278400,371,288,0,659,43,-0.6504943464175714,0.36185467467146526
311,1572292800,613,378,0,991,43,-0.6504943464175714,1.4460191748044497
311,1572307200,384,108,0,492,44,-0.6304595276928346,-0.2538969385103213
311,1572321600,113,58,0,171,44,-0.6304595276928346,-1.2861618699559663
311,1572336000,86,123,37,209,44,-0.07071560550572535,-1.1639622830558587
311,1572350400,283,388,105,671,44,0.9580029541895025,0.3217274313612377
311,1572364800,341,357,16,698,44,-0.38840810188219277,0.4085534536323667
311,1572379200,624,424,0,1048,44,-0.6304595276928346,1.5340759645544093
311,1572393600,352,120,0,472,44,-0.6304595276928346,-0.3182125105630095
311,1572408000,117,39,0,156,44,-0.6304595276928346,-1.3343985489954824
311,1572422400,79,117,38,196,44,-0.05558739139256024,-1.205767404890106
311,1572436800,270,437,167,707,44,1.8959522292057398,0.4374954610560764
311,1572451200,329,355,26,684,44,-0.23712596075054163,0.363532553195485
311,1572465600,667,427,0,1094,44,-0.6304595276928346,1.6820017802755922
311,1572480000,416,124,0,540,44,-0.6304595276928346,-0.09953956558386973
311,1572494400,120,46,0,166,44,-0.6304595276928346,-1.3022407629691382
311,1572508800,61,129,68,190,44,0.39825903200239327,-1.2250620765059124
311,1572523200,268,398,130,666,44,1.3362083070186304,0.30564853834806566
311,1572537600,313,296,0,609,44,-0.6304595276928346,0.12234915799790441
311,1572552000,580,393,0,973,44,-0.6304595276928346,1.292892569356829
311,1572566400,408,162,0,570,44,-0.6304595276928346,-0.0030662075048374926
311,1572580800,211,79,0,290,44,-0.6304595276928346,-0.9034842162424717
311,1572595200,89,144,55,233,44,0.20159224853124674,-1.086783596592633
311,1572609600,255,375,120,630,44,1.1849261658869792,0.18988050865322698
311,1572624000,373,343,0,716,44,-0.6304595276928346,0.46643746847978607
311,1572638400,677,557,0,1234,44,-0.6304595276928346,2.132210784644409
311,1572652800,477,202,0,679,44,-0.6304595276928346,0.34745366018231294
311,1572667200,217,65,0,282,44,-0.6304595276928346,-0.9292104450635469
311,1572681600,68,108,40,176,44,-0.025330963166230007,-1.2700829769427942
311,1572696000,222,464,242,686,44,3.0305682876931233,0.36996411040075383
311,1572710400,427,559,132,986,44,1.3664647352449606,1.3346976911910762
311,1572724800,643,536,0,1179,44,-0.6304595276928346,1.9553429614995168
311,1572739200,442,285,0,727,44,-0.6304595276928346,0.5018110331087645
311,1572750000,229,88,0,317,44,-0.6304595276928346,-0.8166581939713426
311,1572764400,60,52,0,112,44,-0.6304595276928346,-1.4758928075113962
311,1572778800,175,305,130,480,44,1.3362083070186304,-0.2924862817419342
311,1572793200,310,521,211,831,44,2.5615936501850047,0.8362520077827429
311,1572807600,511,388,0,899,44,-0.6304595276928346,1.0549249527618827
311,1572822000,402,192,0,594,44,-0.6304595276928346,0.0741124789583883
311,1572836400,130,68,0,198,44,-0.6304595276928346,-1.1993358476848373
311,1572850800,31,77,46,108,44,0.06543832151276069,-1.488755921921934
311,1572865200,223,420,197,643,44,2.349798652600693,0.2316856304874743
311,1572879600,284,316,32,600,44,-0.14635667607155092,0.09340715057419474
311,1572894000,600,403,0,1003,44,-0.6304595276928346,1.3893659274358612
311,1572908400,460,176,0,636,44,-0.6304595276928346,0.20917518026903342
311,1572922800,142,59,0,201,45,-0.5872045856550008,-1.1556916270136854
311,1572937200,40,75,35,115,45,-0.20253848007886394,-1.439835535309474
311,1572951600,222,410,188,632,45,1.47900192429682,0.26833191339892987
311,1572966000,259,300,41,559,45,-0.13659571912295476,0.027139991240876665
311,1572980400,590,381,0,971,45,-0.5872045856550008,1.3883875519137248
311,1572994800,490,200,0,690,45,-0.5872045856550008,0.4599638515519036
311,1573009200,200,40,0,240,45,-0.5872045856550008,-1.026835668600479
311,1573023600,49,81,32,130,45,-0.23550986055681852,-1.3902755513043947
311,1573038000,283,388,105,671,45,0.5667937310734098,0.39718787181213633
311,1573052400,271,317,46,588,45,-0.08164341832636376,0.12295596031736354
311,1573066800,604,399,0,1003,45,-0.5872045856550008,1.4941155177912275
311,1573081200,446,196,0,642,45,-0.5872045856550008,0.30137190273564946
311,1573095600,232,56,0,288,45,-0.5872045856550008,-0.8682437197842249
311,1573110000,42,61,19,103,45,-0.37838584262795505,-1.4794835225135377
311,1573124400,229,393,164,622,45,1.2152308804731835,0.23529192406221022
311,1573138800,310,316,6,626,45,-0.5212618246990917,0.24850791979689807
311,1573153200,577,453,0,1030,45,-0.5872045856550008,1.5833234890003705
311,1573167600,467,187,0,654,45,-0.5872045856550008,0.341019889939713
311,1573182000,180,50,0,230,45,-0.5872045856550008,-1.0598756579371986
311,1573196400,42,98,56,140,45,0.028261183266818198,-1.357235561967675
311,1573210800,246,414,168,660,45,1.259192721110456,0.36084388354174474
311,1573225200,317,356,39,673,45,-0.15857663944159114,0.4037958696794803
311,1573239600,610,541,0,1151,45,-0.5872045856550008,1.9831073599746778
311,1573254000,454,290,0,744,45,-0.5872045856550008,0.6383797939701895
311,1573268400,284,104,0,388,45,-0.5872045856550008,-0.5378438264170288
311,1573282800,55,52,0,107,45,-0.5872045856550008,-1.4662675267788499
311,1573297200,118,421,303,539,45,2.7429048426184126,-0.038939987432562564
311,1573311600,300,630,330,930,45,3.039647266920004,1.2529235956331743
311,1573326000,602,502,0,1104,45,-0.5872045856550008,1.8278194100920955
311,1573340400,414,329,0,743,45,-0.5872045856550008,0.6350757950365176
311,1573354800,304,93,0,397,45,-0.5872045856550008,-0.508107836013981
311,1573369200,44,52,8,96,45,-0.49928090438045525,-1.5026115150492414
311,1573383600,100,286,186,386,45,1.4570210039781837,-0.5444518242843727
311,1573398000,263,562,299,825,45,2.69894300198114,0.9060037075976184
311,1573412400,450,420,0,870,45,-0.5872045856550008,1.0546836596128566
311,1573426800,414,164,0,578,45,-0.5872045856550008,0.08991597098064393
311,1573441200,130,37,0,167,45,-0.5872045856550008,-1.268027590758532
311,1573455600,22,55,33,77,45,-0.22451940039750032,-1.5653874947890087
311,1573470000,192,362,170,554,45,1.2811736414290926,0.010619996572516858
311,1573484400,286,302,16,588,45,-0.41135722310590966,0.12295596031736354
311,1573498800,515,343,0,858,45,-0.5872045856550008,1.015035672408793
311,1573513200,421,142,0,563,45,-0.5872045856550008,0.04035598697556451
311,1573527600,138,52,0,190,46,-0.645467957453851,-1.1718689687075308
311,1573542000,31,70,39,101,46,-0.06230385689708983,-1.4817915812042586
311,1573556400,256,367,111,623,46,1.0143067902846232,0.3359567752372234
311,1573570800,274,266,0,540,46,-0.645467957453851,0.04692782200993793
311,1573585200,568,402,0,970,46,-0.645467957453851,1.544306736319971
311,1573599600,436,192,0,628,46,-0.645467957453851,0.35336815796175863
311,1573614000,142,33,0,175,46,-0.645467957453851,-1.2241031168811367
311,1573628400,41,76,35,117,46,-0.1221155595182961,-1.4260751564857457
311,1573642800,259,346,87,605,46,0.6554365745573855,0.2732757974288964
311,1573657200,247,290,43,537,46,-0.0024921542758835594,0.03648099237521677
311,1573671600,540,418,0,958,46,-0.645467957453851,1.5025194177810863
311,1573686000,486,175,0,661,46,-0.645467957453851,0.4682832839436914
311,1573700400,177,54,0,231,46,-0.645467957453851,-1.0290956303663417
311,1573714800,47,76,29,123,46,-0.2118331134501055,-1.4051814972163035
311,1573729200,230,384,154,614,46,1.6572825934625905,0.3046162863330599
311,1573743600,253,343,90,596,46,0.7002953515232901,0.24193530852473294
311,1573758000,542,416,0,958,46,-0.645467957453851,1.5025194177810863
311,1573772400,494,193,0,687,46,-0.645467957453851,0.5588224741112748
311,1573786800,243,51,0,294,46,-0.645467957453851,-0.8097122080371972
311,1573801200,50,78,28,128,46,-0.22678603910540707,-1.3877701144917682
311,1573815600,215,368,153,583,46,1.642329667807289,0.19666571344094125
311,1573830000,290,322,32,612,46,-0.1669743364842008,0.2976517332432458
311,1573844400,618,521,0,1139,46,-0.645467957453851,2.132811472409263
311,1573858800,503,311,0,814,46,-0.645467957453851,1.0010715953144707
311,1573873200,312,72,0,384,46,-0.645467957453851,-0.49630731899556246
311,1573887600,66,58,0,124,46,-0.645467957453851,-1.4016992206713963
311,1573902000,109,382,273,491,46,3.436680746443477,-0.12370372869050769
311,1573916400,343,478,135,821,46,1.3731770060118609,1.02544753112882
311,1573930800,572,434,0,1006,46,-0.645467957453851,1.669668691936625
311,1573945200,399,262,0,661,46,-0.645467957453851,0.4682832839436914
311,1573959600,313,97,0,410,46,-0.645467957453851,-0.405768128827979
311,1573974000,52,58,6,110,46,-0.5557504035220415,-1.450451092300095
311,1573988400,92,277,185,369,46,2.1208232887769394,-0.5485414671691683
311,1574002800,269,388,119,657,46,1.1339301955270358,0.4543541777640632
311,1574017200,465,335,0,800,46,-0.645467957453851,0.9523197236857719
311,1574031600,343,131,0,474,46,-0.645467957453851,-0.1829024299539276
311,1574046000,144,44,0,188,46,-0.645467957453851,-1.178833521797345
311,1574060400,27,67,40,94,46,-0.04735093124178826,-1.506167517018608
311,1574074800,226,419,193,645,46,2.2404466940193517,0.41256685922517855
311,1574089200,255,316,61,571,46,0.2666605075195447,0.1548783949020566
311,1574103600,556,361,0,917,46,-0.645467957453851,1.3597460794398972
311,1574118000,376,132,0,508,46,-0.645467957453851,-0.06450502742708779
311,1574132400,111,41,0,152,47,-0.6396244772134543,-1.2587557480784166
311,1574146800,42,76,34,118,47,-0.10391553090212717,-1.373965542223781
311,1574161200,260,377,117,637,47,1.2038445439167007,0.38467808017163757
311,1574175600,255,292,37,547,47,-0.05664709446289243,0.07971097802214301
311,1574190000,564,403,0,967,47,-0.6396244772134543,1.5028907880531177
311,1574204400,485,164,0,649,47,-0.6396244772134543,0.42534036045823687
311,1574218800,160,42,0,202,47,-0.6396244772134543,-1.0893295802175862
311,1574233200,41,70,29,111,47,-0.18269625830085173,-1.3976852057242974
311,1574247600,262,378,116,640,47,1.1880883984369557,0.39484365024328744
311,1574262000,261,284,23,545,47,-0.27723313117932125,0.0729339313077098
311,1574276400,584,429,0,1013,47,-0.6396244772134543,1.6587628624850816
311,1574290800,507,175,0,682,47,-0.6396244772134543,0.5371616312463849
311,1574305200,178,43,0,221,47,-0.6396244772134543,-1.0249476364304708
311,1574319600,40,78,38,118,47,-0.04089094898314751,-1.373965542223781
311,1574334000,244,398,154,642,47,1.7868219266672625,0.4016206969577206
311,1574348400,286,334,48,620,47,0.11667050581430163,0.3270731830989553
311,1574362800,561,421,0,982,47,-0.6396244772134543,1.5537186384113668
311,1574377200,509,213,0,722,47,-0.6396244772134543,0.6727025655350491
311,1574391600,219,69,0,288,47,-0.6396244772134543,-0.797916571496958
311,1574406000,46,78,32,124,47,-0.135427821861617,-1.3536344020804816
311,1574420400,223,358,135,581,47,1.487455162552109,0.19492077216750764
311,1574434800,276,314,38,590,47,-0.04089094898314751,0.2254174823824571
311,1574449200,638,530,0,1168,47,-0.6396244772134543,2.183983982853656
311,1574463600,432,257,0,689,47,-0.6396244772134543,0.5608812947469012
311,1574478000,296,69,0,365,47,-0.6396244772134543,-0.5370002729912794
311,1574492400,59,51,0,110,47,-0.6396244772134543,-1.401073729081514
311,1574506800,116,375,259,491,47,3.4412172020404785,-0.11004632998198695
311,1574521200,317,450,133,767,47,1.4559428715926193,0.8251861166097965
311,1574535600,542,436,0,978,47,-0.6396244772134543,1.5401645449825003
311,1574550000,382,216,0,598,47,-0.6396244772134543,0.25252566924018993
311,1574564400,255,77,0,332,47,-0.6396244772134543,-0.6488215437794274
311,1574578800,47,43,0,90,47,-0.6396244772134543,-1.468844196225846
311,1574593200,69,241,172,310,47,2.070432545302671,-0.7233690576381927
311,1574607600,236,383,147,619,47,1.676528908309048,0.32368465974173866
311,1574622000,412,328,0,740,47,-0.6396244772134543,0.7336959859649481
311,1574636400,294,144,0,438,47,-0.6396244772134543,-0.2896380679144671
311,1574650800,121,41,0,162,47,-0.6396244772134543,-1.2248705145062504
311,1574665200,35,82,47,117,47,0.10091436033455672,-1.3773540655809977
311,1574679600,249,394,145,643,47,1.6450166173495582,0.40500922031493725
311,1574694000,274,275,1,549,47,-0.6238683317337094,0.08648802473657623
311,1574708400,627,403,0,1030,47,-0.6396244772134543,1.716367759557764
311,1574722800,449,190,0,639,47,-0.6396244772134543,0.3914551268860708
311,1574737200,129,39,0,168,48,-0.6764995310058401,-1.087448433008466
311,1574751600,36,81,45,117,48,0.10598768662025403,-1.2920974001060002
311,1574766000,206,399,193,605,48,2.6795012023682974,0.6661123242782485
311,1574780400,277,337,60,614,48,0.3668167591622854,0.7022268478836957
311,1574794800,567,429,0,996,48,-0.6764995310058401,2.2350877386926773
311,1574809200,414,173,0,587,48,-0.6764995310058401,0.5938832770673541
311,1574823600,171,42,0,213,48,-0.6764995310058401,-0.9068758149812299
311,1574838000,39,76,37,115,48,-0.03312115206882939,-1.3001228497960995
311,1574852400,215,380,165,595,48,2.192620266956505,0.6259850758277516
311,1574866800,313,346,33,659,48,-0.1026755714133711,0.8827994659109317
311,1574881200,533,431,0,964,48,-0.6764995310058401,2.106680543651087
311,1574895600,325,159,0,484,48,-0.6764995310058401,0.18057261802723604
311,1574910000,177,50,0,227,48,-0.6764995310058401,-0.8506976671505342
311,1574924400,36,54,18,90,48,-0.3635046439554025,-1.4004409709223418
311,1574938800,102,230,128,332,48,1.5492418880194945,-0.4293615584203168
311,1574953200,211,245,34,456,48,-0.08528696657723567,0.06821632236584473
311,1574967600,255,248,0,503,48,-0.6764995310058401,0.25681439008318013
311,1574982000,149,141,0,290,48,-0.6764995310058401,-0.5978960019124038
311,1574996400,65,51,0,116,48,-0.6764995310058401,-1.2961101249510498
311,1575010800,22,64,42,86,48,0.05382187211184774,-1.4164918703025404
311,1575025200,139,269,130,408,48,1.5840190976917654,-0.12439447019654039
311,1575039600,260,381,121,641,48,1.4275216541665465,0.8105704187000373
311,1575054000,438,357,0,795,48,-0.6764995310058401,1.4285300448376896
311,1575068400,341,184,0,525,48,-0.6764995310058401,0.3450943366742733
311,1575082800,225,56,0,281,48,-0.6764995310058401,-0.634010525517851
311,1575097200,50,51,1,101,48,-0.6591109261697047,-1.3563009976267952
311,1575111600,126,281,155,407,48,2.018734218595151,-0.12840719504159007
311,1575126000,305,392,87,697,48,0.8363090897379419,1.0352830100228199
311,1575140400,468,347,0,815,48,-0.6764995310058401,1.5087845417386834
311,1575154800,424,206,0,630,48,-0.6764995310058401,0.7664304454044908
311,1575169200,200,79,0,279,48,-0.6764995310058401,-0.6420359752079504
311,1575183600,61,42,0,103,48,-0.6764995310058401,-1.3482755479366957
311,1575198000,78,260,182,338,48,2.4882265491708075,-0.40528520935001866
311,1575212400,245,308,63,553,48,0.4189825736706917,0.45745063233566463
311,1575226800,339,231,0,570,48,-0.6764995310058401,0.5256669547015094
311,1575241200,273,133,0,406,48,-0.6764995310058401,-0.13241991988663976
311,1575255600,145,37,0,182,48,-0.6764995310058401,-1.0312702851777702
311,1575270000,27,53,26,80,48,-0.22439580526631908,-1.4405682193728386
311,1575284400,281,376,95,657,48,0.9754179284270253,0.8747740162208324
311,1575298800,247,266,19,513,48,-0.3461160391192671,0.29694163853367705
311,1575313200,466,307,0,773,48,-0.6764995310058401,1.3402500982465964
311,1575327600,330,137,0,467,48,-0.6764995310058401,0.11235629566139131
311,1575342000,111,46,0,157,49,-0.7224755087034437,-1.2018975128919673
311,1575356400,32,74,42,106,49,0.030298736631981384,-1.3888457717413314
311,1575370800,253,387,134,640,49,1.6792327978429125,0.5686124679755402
311,1575385200,243,271,28,514,49,-0.2206260118131603,0.10674029905358176
311,1575399600,597,352,0,949,49,-0.7224755087034437,1.7012989774746288
311,1575414000,414,203,0,617,49,-0.7224755087034437,0.4843024688866113
311,1575428400,153,32,0,185,49,-0.7224755087034437,-1.099259253131532
311,1575442800,37,74,37,111,49,-0.05931724495556922,-1.3705175110698251
311,1575457200,253,391,138,644,49,1.750925583112953,0.5832750765127452
311,1575471600,257,341,84,598,49,0.7830729819674065,0.4146550783348874
311,1575486000,561,398,0,959,49,-0.7224755087034437,1.7379554988176416
311,1575500400,430,172,0,602,49,-0.7224755087034437,0.42931768687209243
311,1575514800,174,58,0,232,49,-0.7224755087034437,-0.9269736028193729
311,1575529200,42,72,30,114,49,-0.18477961917814006,-1.3595205546669213
311,1575543600,250,391,141,641,49,1.8046951720654834,0.5722781201098415
311,1575558000,240,347,107,587,49,1.1953064972701393,0.3743329048575736
311,1575572400,525,423,0,948,49,-0.7224755087034437,1.6976333253403275
311,1575586800,467,207,0,674,49,-0.7224755087034437,0.693244640541783
311,1575601200,196,51,0,247,49,-0.7224755087034437,-0.8719888208048541
311,1575615600,36,78,42,114,49,0.030298736631981384,-1.3595205546669213
311,1575630000,258,387,129,645,49,1.5896168162553619,0.5869407286470465
311,1575644400,273,295,22,568,49,-0.32816518971822106,0.30468551430584967
311,1575658800,610,528,0,1138,49,-0.7224755087034437,2.3941072308575664
311,1575673200,486,268,0,754,49,-0.7224755087034437,0.9864968112858836
311,1575687600,271,87,0,358,49,-0.7224755087034437,-0.46510143389741443
311,1575702000,47,64,17,111,49,-0.41778117130577164,-1.3705175110698251
311,1575716400,93,271,178,364,49,2.467853435813358,-0.4431075210916069
311,1575730800,232,369,137,601,49,1.733002386795443,0.4256520347377912
311,1575745200,409,309,0,718,49,-0.7224755087034437,0.8545333344510383
311,1575759600,318,199,0,517,49,-0.7224755087034437,0.11773725545648553
311,1575774000,255,64,0,319,49,-0.7224755087034437,-0.6080618671351635
311,1575788400,53,53,0,106,49,-0.7224755087034437,-1.3888457717413314
311,1575802800,68,248,180,316,49,2.5036998284483785,-0.6190588235380673
311,1575817200,201,295,94,496,49,0.9623049451425076,0.040758560636159125
311,1575831600,376,256,0,632,49,-0.7224755087034437,0.5392872509011302
311,1575846000,295,105,0,400,49,-0.7224755087034437,-0.3111440442567616
311,1575860400,109,43,0,152,49,-0.7224755087034437,-1.2202257735634736
311,1575874800,28,80,52,108,49,0.20953069980708258,-1.3815144674727289
311,1575889200,251,309,58,560,49,0.31706987771214334,0.2753602972314396
311,1575903600,192,235,43,427,49,0.0482219329494915,-0.21217143663062765
311,1575918000,519,372,0,891,49,-0.7224755087034437,1.488691153685156
311,1575932400,387,158,0,545,49,-0.7224755087034437,0.22037551521692075
311,1575946800,102,46,0,148,50,-0.5692547078296367,-1.045129354506899
311,1575961200,35,72,37,107,50,0.03873279455335667,-1.1777439553808862
311,1575975600,235,356,121,591,50,1.4190287459093418,0.3877552354242309
311,1575990000,9,4,0,13,50,-0.5692547078296367,-1.4817871866529544
311,1576004400,535,370,0,905,50,-0.5692547078296367,1.4033890079713522
311,1576018800,420,200,0,620,50,-0.5692547078296367,0.4815558067741243
311,1576033200,338,156,0,494,50,-0.5692547078296367,0.07400849677113928
311,1576047600,46,70,24,116,50,-0.174884436013641,-1.1486334332378159
311,1576062000,265,335,70,600,50,0.5809919183003508,0.41686575756730126
311,1576076400,2,1,0,3,50,-0.5692547078296367,-1.5141322112563658
311,1576090800,496,373,0,869,50,-0.5692547078296367,1.2869469193990708
311,1576105200,422,172,0,594,50,-0.5692547078296367,0.3974587428052544
311,1576119600,177,36,0,213,50,-0.5692547078296367,-0.8348866945847241
311,1576134000,34,79,45,113,50,0.17018955182535522,-1.1583369406188393
311,1576148400,218,379,161,597,50,2.0763125322693345,0.40716225018627783
311,1576162800,2,1,0,3,50,-0.5692547078296367,-1.5141322112563658
311,1576177200,540,544,4,1084,50,-0.5035263291936374,1.9823649483724184
311,1576191600,515,235,0,750,50,-0.5692547078296367,0.9020411266184739
311,1576206000,234,50,0,284,50,-0.5692547078296367,-0.6052370199005024
311,1576220400,29,83,54,112,50,0.3180784037563536,-1.1615714430791804
311,1576234800,205,363,158,568,50,2.0270162482923353,0.31336167883638444
311,1576249200,16,1,0,17,50,-0.5692547078296367,-1.4688491768115897
311,1576263600,595,521,0,1116,50,-0.5692547078296367,2.0858690271033353
311,1576278000,448,311,0,759,50,-0.5692547078296367,0.9311516487615443
311,1576292400,315,65,0,380,50,-0.5692547078296367,-0.2947247837077519
311,1576306800,51,67,16,118,50,-0.3063411932856396,-1.1421644283171335
311,1576321200,80,316,236,396,50,3.3087196316943213,-0.24297274434229352
311,1576335600,288,422,134,710,50,1.6326459764763395,0.7726610282048278
311,1576350000,515,316,0,831,50,-0.5692547078296367,1.1640358259061072
311,1576364400,404,209,0,613,50,-0.5692547078296367,0.45891428955173624
311,1576378800,591,92,0,683,50,-0.5692547078296367,0.6853294617756168
311,1576393200,135,52,0,187,50,-0.5692547078296367,-0.918983758553594
311,1576407600,200,213,13,413,50,-0.355637477262639,-0.18798620251649395
311,1576422000,273,393,120,666,50,1.4025966512503418,0.6303429199498173
311,1576436400,417,249,0,666,50,-0.5692547078296367,0.6303429199498173
311,1576450800,319,123,0,442,50,-0.5692547078296367,-0.09418563116660057
311,1576465200,139,49,0,188,50,-0.5692547078296367,-0.9157492560932529
311,1576479600,34,78,44,112,50,0.15375745716635542,-1.1615714430791804
311,1576494000,212,406,194,618,50,2.6185716560163286,0.475086801853442
311,1576508400,272,296,24,568,50,-0.174884436013641,0.31336167883638444
311,1576522800,557,412,0,969,50,-0.5692547078296367,1.610397165433186
311,1576537200,419,132,0,551,50,-0.5692547078296367,0.2583751370105849
311,1576551600,135,39,0,174,51,-0.6945588962078793,-1.1049746224744996
311,1576566000,25,66,41,91,51,0.01736397240519698,-1.423395845417883
311,1576580400,255,322,67,577,51,0.46882725494031846,0.44109468892530046
311,1576594800,251,253,2,504,51,-0.6598309513974853,0.16103746874618033
311,1576609200,547,428,0,975,51,-0.6945588962078793,1.9679819989429692
311,1576623600,415,182,0,597,51,-0.6945588962078793,0.5178226944538266
311,1576638000,136,36,0,172,51,-0.6945588962078793,-1.1126474230273524
311,1576652400,37,82,45,119,51,0.0868198620259849,-1.3159766376779465
311,1576666800,236,389,153,625,51,1.9621288817872586,0.625241902193763
311,1576681200,266,351,85,617,51,0.781378758233864,0.5945506999823525
311,1576695600,575,444,0,1019,51,-0.6945588962078793,2.1367836111057263
311,1576710000,375,189,0,564,51,-0.6945588962078793,0.3912214853317585
311,1576724400,152,37,0,189,51,-0.6945588962078793,-1.0474286183281052
311,1576738800,41,68,27,109,51,-0.22573164126756073,-1.3543406404422094
311,1576753200,239,324,85,563,51,0.781378758233864,0.3873850850553322
311,1576767600,254,311,57,565,51,0.29518753088834865,0.39505788560818483
311,1576782000,544,420,0,964,51,-0.6945588962078793,1.9257815959022797
311,1576796400,423,194,0,617,51,-0.6945588962078793,0.5945506999823525
311,1576810800,191,42,0,233,51,-0.6945588962078793,-0.8786270061653478
311,1576825200,47,78,31,125,51,-0.15627575164677282,-1.2929582360193885
311,1576839600,189,324,135,513,51,1.649577378493713,0.19556507123401703
311,1576854000,266,338,72,604,51,0.5556471169663033,0.5446774963888107
311,1576868400,536,432,0,968,51,-0.6945588962078793,1.941127197007985
311,1576882800,369,215,0,584,51,-0.6945588962078793,0.4679494908602846
311,1576897200,211,78,0,289,51,-0.6945588962078793,-0.6637885906854749
311,1576911600,63,79,16,142,51,-0.41673533772472754,-1.2277394313201415
311,1576926000,82,313,231,395,51,3.316518729392623,-0.25713016138428674
311,1576940400,239,356,117,595,51,1.3370258752001674,0.5101498939009739
311,1576954800,406,262,0,668,51,-0.6945588962078793,0.790207114080094
311,1576969200,316,154,0,470,51,-0.6945588962078793,0.030599859347686012
311,1576983600,180,60,0,240,51,-0.6945588962078793,-0.8517722042303637
311,1576998000,60,49,0,109,51,-0.6945588962078793,-1.3543406404422094
311,1577012400,80,243,163,323,51,2.1357686058392287,-0.5333509812869806
311,1577026800,184,308,124,492,51,1.4585736820365462,0.11500066542906467
311,1577041200,370,250,0,620,51,-0.6945588962078793,0.6060599008116315
311,1577055600,257,120,0,377,51,-0.6945588962078793,-0.3261853663599602
311,1577070000,126,32,0,158,51,-0.6945588962078793,-1.1663570268973207
311,1577084400,28,65,37,93,51,-0.05209191721559094,-1.4157230448650302
311,1577098800,161,296,135,457,51,1.649577378493713,-0.01927334424585593
311,1577113200,285,342,57,627,51,0.29518753088834865,0.6329147027466157
311,1577127600,467,354,0,821,51,-0.6945588962078793,1.3771763563733184
311,1577142000,292,169,0,461,51,-0.6945588962078793,-0.003927743140150718
311,1577156400,128,31,0,159,52,-0.862395299282898,-0.9679941930854136
311,1577170800,24,69,45,93,52,0.0652809190692233,-1.242582803731419
311,1577185200,160,301,141,461,52,2.0443235182204154,0.28845672229479363
311,1577199600,276,323,47,599,52,0.10651097321820648,0.8625965445546234
311,1577214000,415,284,0,699,52,-0.862395299282898,1.2786398940182682
311,1577228400,196,152,0,348,52,-0.862395299282898,-0.18167226259912495
311,1577242800,124,38,0,162,52,-0.862395299282898,-0.9555128926015042
311,1577257200,22,57,35,79,52,-0.14086935167569253,-1.3008288726563293
311,1577271600,70,165,95,235,52,1.0960322727938026,-0.6518012474930436
311,1577286000,184,304,120,488,52,1.611407949656092,0.4007884266499777
311,1577300400,221,247,26,468,52,-0.3264045953461168,0.31757975675724875
311,1577314800,148,116,0,264,52,-0.862395299282898,-0.5311486761485865
311,1577329200,72,41,0,113,52,-0.862395299282898,-1.15937413383869
311,1577343600,14,69,55,83,52,0.27143118981413916,-1.2841871386777837
311,1577358000,167,251,84,418,52,0.8692669749743951,0.10955808202542637
311,1577372400,268,324,56,592,52,0.29204621688863075,0.8334735100921683
311,1577386800,458,327,0,785,52,-0.862395299282898,1.6364371745570025
311,1577401200,296,136,0,432,52,-0.862395299282898,0.16780415095033663
311,1577415600,151,48,0,199,52,-0.862395299282898,-0.8015768532999556
311,1577430000,30,68,38,98,52,-0.07902427045221778,-1.2217806362582369
311,1577444400,151,277,126,428,52,1.7350981121030415,0.15116241697179084
311,1577458800,301,437,136,738,52,1.9412483828479574,1.4408968003090896
311,1577473200,487,400,0,887,52,-0.862395299282898,2.06080139100992
311,1577487600,356,216,0,572,52,-0.862395299282898,0.7502648401994393
