remote_unit_id,time_stamp,entries,exits,num_people_exited,sum_exit_entry,week_num,z_score_num_people_exited,z_score_sum_exit_entry
47,1546300800,0,0,0,0,1,-0.6760098410534306,-1.0640596107729645
47,1546315200,101,359,258,460,1,-0.3671279145029051,-0.8049801270204198
47,1546329600,57,169,112,226,1,-0.5419215628609545,-0.9367727339728013
47,1546344000,214,507,293,721,1,-0.3252253275677563,-0.6579806808043018
47,1546358400,402,953,551,1355,1,-0.01634340101723076,-0.3009015662410118
47,1546372800,374,1008,634,1382,1,0.08302559085755071,-0.28569472697727544
47,1546387200,195,362,167,557,1,-0.47607464053429205,-0.7503481489247744
47,1546401600,44,64,20,108,1,-0.652065505661917,-1.0032322537180192
47,1546416000,656,1379,723,2035,1,0.18957788334978626,0.08208549669753283
47,1546430400,1380,4219,2839,5599,1,2.722888567771926,2.0893882795107284
47,1546444800,952,1831,879,2783,1,0.3763436994035924,0.5033712659299319
47,1546459200,2262,1752,0,4014,1,-0.6760098410534306,1.1966904931025029
47,1546473600,597,441,0,1038,1,-0.6760098410534306,-0.47944112352265683
47,1546488000,107,71,0,178,1,-0.6760098410534306,-0.9638071148861103
47,1546502400,700,1391,691,2091,1,0.1512669467233645,0.11362560776306004
47,1546516800,1605,4618,3013,6223,1,2.9312042856780947,2.4408352313837454
47,1546531200,995,1930,935,2925,1,0.4433878384998305,0.5833479761318044
47,1546545600,2410,1965,0,4375,1,-0.6760098410534306,1.400011566221348
47,1546560000,679,499,0,1178,1,-0.6760098410534306,-0.4005908458588388
47,1546574400,126,69,0,195,1,-0.6760098410534306,-0.9542324383126467
47,1546588800,645,1334,689,1979,1,0.14887251318421313,0.05054538563200563
47,1546601696,1411,4274,2863,5685,1,2.7516217702417425,2.1378248786470735
47,1546603200,563,1478,915,2041,1,0.4194435031083169,0.08546479431169646
47,1546617600,1150,2101,951,3251,1,0.4625433068130414,0.766956479834695
47,1546632000,2333,1941,0,4274,1,-0.6760098410534306,1.3431267230495936
47,1546646400,592,546,0,1138,1,-0.6760098410534306,-0.42311949661992965
47,1546660800,160,100,0,260,1,-0.6760098410534306,-0.917623380825874
47,1546675200,68,250,182,318,1,-0.4581163889906568,-0.8849568372222922
47,1546689600,360,803,443,1163,1,-0.14564281213140423,-0.40903908989424786
47,1546704000,556,1106,550,1662,1,-0.017540617786806437,-0.12799417164963942
47,1546718400,548,842,294,1390,1,-0.3240281107981806,-0.28118899682505727
47,1546732800,294,434,140,728,1,-0.5083994933128354,-0.6540381669211109
47,1546747200,98,130,32,228,1,-0.6376989044270089,-0.9356463014347467
47,1546761600,52,141,89,193,1,-0.5694575485611951,-0.9553588708507011
47,1546776000,279,603,324,882,1,-0.2881116077109102,-0.5673028614909111
47,1546790400,453,989,536,1442,1,-0.03430165256086597,-0.25190175083563915
47,1546804800,417,799,382,1216,1,-0.21867303507552074,-0.37918862763580247
47,1546819200,266,245,0,511,1,-0.6760098410534306,-0.7762560973000289
47,1546833600,52,43,0,95,1,-0.6760098410534306,-1.0105540652153737
47,1546848000,723,1528,805,2251,1,0.28774965845499206,0.20374021080742347
47,1546862400,1634,4823,3189,6457,1,3.1419144371234142,2.572627838336127
47,1546876800,953,1734,781,2687,1,0.25901645598517575,0.4493025041033138
47,1546891200,2488,1456,0,3944,1,-0.6760098410534306,1.157265354270594
47,1546905600,654,170,0,824,2,-0.7294256402714762,-0.7769567799047741
47,1546920000,117,36,0,153,2,-0.7294256402714762,-1.0990164959028377
47,1546934400,744,1490,746,2234,2,-0.05366088092830961,-0.10019940351540058
47,1546948800,1547,4830,3283,6377,2,2.2444828113687594,1.8883153556201842
47,1546963200,1078,1816,738,2894,2,-0.06090768799901381,0.2165806450072849
47,1546977600,2431,1272,0,3703,2,-0.7294256402714762,0.6048761893328191
47,1546992000,655,441,0,1096,2,-0.7294256402714762,-0.6464050023317885
47,1547006400,125,64,0,189,2,-0.7294256402714762,-1.0817375841652366
47,1547020800,701,1463,762,2164,2,-0.03916726678690122,-0.1337972874496248
47,1547035200,1610,4840,3230,6450,2,2.1964727145253438,1.9233531488658753
47,1547049600,1152,2002,850,3154,2,0.04054761099084497,0.3413727853344034
47,1547064000,2579,1723,0,4302,2,-0.7294256402714762,0.8923780818556806
47,1547078400,748,293,0,1041,2,-0.7294256402714762,-0.672803339708679
47,1547092800,112,54,0,166,2,-0.7294256402714762,-1.0927768888864817
47,1547107200,671,1626,955,2297,2,0.13566195379383758,-0.06996130797459878
47,1547121600,1665,5592,3927,7257,2,2.827850780560447,2.3106887536504317
47,1547136000,1006,2541,1535,3547,2,0.661055466419892,0.530000905136548
47,1547150400,2389,2503,114,4892,2,-0.6261586395139414,1.175560246444142
47,1547164800,823,468,0,1291,2,-0.7294256402714762,-0.5528108970864497
47,1547179200,119,68,0,187,2,-0.7294256402714762,-1.0826975237062144
47,1547193600,640,1479,839,2119,2,0.030583251268626696,-0.1553959271216261
47,1547208000,1498,5244,3746,6742,2,2.6638917705857645,2.063504321848639
47,1547222400,1100,2422,1322,3522,2,0.4681092281623927,0.5180016608743251
47,1547236800,2153,2492,339,4645,2,-0.42234219065038575,1.0570077131333793
47,1547251200,639,672,33,1311,2,-0.6995325611048213,-0.5432115016766713
47,1547265600,118,111,0,229,2,-0.7294256402714762,-1.06253879334568
47,1547280000,69,356,287,425,2,-0.46944643660996305,-0.9684647183298521
47,1547294400,334,1126,792,1460,2,-0.01199174027176047,-0.47169600587382265
47,1547308800,613,1487,874,2100,2,0.06228803220295757,-0.1645153527609155
47,1547323200,573,1533,960,2106,2,0.14019120821302772,-0.161635534137982
47,1547337600,323,604,281,927,2,-0.47488154191299115,-0.7275198935444156
47,1547352000,93,160,67,253,2,-0.6687336310543285,-1.051019518853946
47,1547366400,58,175,117,233,2,-0.6234410868624273,-1.0606189142637243
47,1547380800,244,761,517,1005,2,-0.2611007333272173,-0.6900822514462801
47,1547395200,431,1253,822,1684,2,0.015183786243380275,-0.36418277728430515
47,1547409600,434,1069,635,1503,2,-0.15421032903433038,-0.4510573057427992
47,1547424000,226,398,172,624,2,-0.5736192882513359,-0.8729507340025576
47,1547438400,43,55,12,98,2,-0.7185554296654199,-1.1254148332797282
47,1547452800,730,1670,940,2400,2,0.12207419053626721,-0.020524421614240288
47,1547467200,1594,5201,3607,6795,2,2.5379784977322792,2.088942719684552
47,1547481600,975,2293,1318,3268,2,0.4644858246270406,0.39608933917014
47,1547496000,2498,2431,0,4929,2,-0.7294256402714762,1.1933191279522317
47,1547510400,663,567,0,1230,3,-0.7837677998955438,-0.47458496341925527
47,1547524800,108,59,0,167,3,-0.7837677998955438,-1.061550822928085
47,1547539200,729,1612,883,2341,3,0.32701306249380724,0.13888546923766834
47,1547541668,128,306,178,434,3,-0.5598504799574866,-0.9141191347918126
47,1547553600,1654,4312,2658,5966,3,2.559896449516568,2.1405329205260104
47,1547568000,1041,2399,1358,3440,3,0.9245452364858138,0.7457297586075684
47,1547582400,2501,2569,68,5070,3,-0.6982263518293197,1.6457808884282574
47,1547596800,739,611,0,1350,3,-0.7837677998955438,-0.4083235305490205
47,1547611200,115,77,0,192,3,-0.7837677998955438,-1.047746357746786
47,1547625600,737,1408,671,2145,3,0.060325018522638024,0.030658462216284876
47,1547627211,78,178,100,256,3,-0.6579715527393318,-1.0124069268826608
47,1547640000,1553,3868,2315,5421,3,2.1284153217707615,1.8395955795736942
47,1547654400,1048,2367,1319,3415,3,0.8754847000948911,0.7319252934262696
47,1547668800,2573,2495,0,5068,3,-0.7837677998955438,1.6446765312137535
47,1547683200,700,669,0,1369,3,-0.7837677998955438,-0.3978321370112333
47,1547697600,130,72,0,202,3,-0.7837677998955438,-1.0422245716742664
47,1547712000,708,1216,508,1924,3,-0.14472286434198736,-0.0913730099863975
47,1547726400,1751,3834,2083,5585,3,1.8365680283683499,1.930152871163015
47,1547740800,1075,2610,1535,3685,3,1.1472045939523088,0.8810135173842978
47,1547755200,2418,2384,0,4802,3,-0.7837677998955438,1.4977970216847332
47,1547769600,705,741,36,1446,3,-0.7384811509193074,-0.3553143842528327
47,1547784000,134,131,0,265,3,-0.7837677998955438,-1.0074373194173931
47,1547798400,541,1197,656,1738,3,0.04145558144920624,-0.1940782309352614
47,1547812800,1360,4738,3378,6098,3,3.465629429041294,2.2134204966832685
47,1547827200,1020,2330,1310,3350,3,0.864163037850832,0.6960336839548924
47,1547841600,2128,2629,501,4757,3,-0.15352860164292217,1.4729489843583952
47,1547856000,585,732,147,1317,3,-0.5988473165759123,-0.42654542458833505
47,1547870400,148,139,0,287,3,-0.7837677998955438,-0.9952893900578502
47,1547884800,69,365,296,434,3,-0.4114109083131566,-0.9141191347918126
47,1547899200,340,1112,772,1452,3,0.18737922815041202,-0.35200131260932094
47,1547913600,582,1395,813,1977,3,0.23895568948445892,-0.0621075438020438
47,1547928000,503,1302,799,1805,3,0.22134421488258924,-0.15708226424938032
47,1547942400,310,414,104,724,3,-0.6529397028530834,-0.7539873386887452
47,1547956800,54,124,70,178,3,-0.6957104268861954,-1.0554768582483134
47,1547971200,43,173,130,216,3,-0.6202326785924683,-1.034494071172739
47,1547985600,201,612,411,813,3,-0.26674522408351287,-0.7048434426433211
47,1548000000,406,1032,626,1438,3,0.003716707302342676,-0.35973181311084834
47,1548014400,376,845,469,1221,3,-0.19378340073291,-0.47955457088452286
47,1548028800,188,308,120,496,3,-0.6328123033080895,-0.8798840611421913
47,1548043200,46,59,13,105,3,-0.7674142877652362,-1.0957858965777063
47,1548057600,142,783,641,925,3,0.02258614437577446,-0.642999438631102
47,1548072000,499,2271,1772,2770,3,1.445341699712531,0.37577009174875764
47,1548086400,682,1356,674,2038,3,0.06409890593732438,-0.028424648759674463
47,1548100800,1021,1004,0,2025,3,-0.7837677998955438,-0.03560297065394989
47,1548115200,375,254,0,629,4,-0.8498899280109051,-0.858452136708504
47,1548129600,38,29,0,67,4,-0.8498899280109051,-1.1639892847794897
47,1548144000,692,1364,672,2056,4,0.10881392485901864,-0.08264873760299365
47,1548158400,1570,3561,1991,5131,4,1.9905555646438837,1.5891070102943043
47,1548172800,970,2294,1324,3264,4,1.0389849249649565,0.5740930326278798
47,1548187200,2422,2396,0,4818,4,-0.8498899280109051,1.418941303272563
47,1548201600,698,452,0,1150,4,-0.8498899280109051,-0.5752050652761488
47,1548216000,163,34,0,197,4,-0.8498899280109051,-1.0933134320228561
47,1548230400,720,1313,593,2033,4,-0.0038908435587253695,-0.09515292693685962
47,1548244800,1579,3917,2338,5496,4,2.485600560099038,1.787543058418699
47,1548259200,1027,2469,1442,3496,4,1.2073287562724728,0.70022224677818
47,1548273600,2657,2586,0,5243,4,-0.8498899280109051,1.6499969757461734
47,1548288000,758,659,0,1417,4,-0.8498899280109051,-0.4300477369221395
47,1548302400,113,57,0,170,4,-0.8498899280109051,-1.107992262980003
47,1548316800,731,1464,733,2195,4,0.19583912578917542,-0.0070799411939775824
47,1548331200,1644,3767,2123,5411,4,2.1788723928861904,1.741331923923977
47,1548345600,1103,2385,1282,3488,4,0.9790659341605863,0.695872963531618
47,1548360000,2717,2571,0,5288,4,-0.8498899280109051,1.674461694008085
47,1548374400,553,438,0,991,4,-0.8498899280109051,-0.6616470698015701
47,1548388800,135,48,0,183,4,-0.8498899280109051,-1.1009246777043398
47,1548403200,648,1202,554,1850,4,-0.059529906448497726,-0.19464278120196712
47,1548417600,1416,3458,2042,4874,4,2.063314339192048,1.4493862859984976
47,1548432000,1034,2506,1472,3540,4,1.2501280354184516,0.7241433046342715
47,1548446400,2318,2550,232,4868,4,-0.5189088359486695,1.4461243235635761
47,1548460800,603,696,93,1299,4,-0.717212162658371,-0.4941996648089301
47,1548475200,139,153,14,292,4,-0.829916931076115,-1.0416656934699313
47,1548489600,64,296,232,360,4,-0.5189088359486695,-1.0046967858741538
47,1548504000,364,1054,690,1418,4,0.13449349234660588,-0.4295040765163192
47,1548518400,676,1311,635,1987,4,0.056028147245644866,-0.12016130560459155
47,1548532800,584,1380,796,1964,4,0.28571761199573076,-0.13266549493845753
47,1548547200,272,622,350,894,4,-0.35056500464115314,-0.7143821291661352
47,1548561600,67,128,61,195,4,-0.7628647270807484,-1.0944007528344966
47,1548576000,46,154,108,200,4,-0.6958125230853817,-1.0916824508053953
47,1548590400,252,751,499,1003,4,-0.13799525154945874,-0.655123144931727
47,1548604800,475,1129,654,1604,4,0.08313435737143139,-0.32838324103375094
47,1548619200,456,1095,639,1551,4,0.06173471779844203,-0.3571972425422247
47,1548633600,216,300,84,516,4,-0.7300519464021646,-0.9198857625661933
47,1548648000,32,39,7,71,4,-0.83990342954351,-1.1618146431562089
47,1548661378,91,514,423,605,4,-0.24642009205260487,-0.8714999864481902
47,1548661461,594,1329,735,1923,4,0.198692411065574,-0.15495557157708817
47,1548662400,169,145,0,314,4,-0.8498899280109051,-1.0297051645418858
47,1548676800,1517,3713,2196,5230,4,2.2830173054747385,1.64292939047051
47,1548691200,996,2194,1198,3190,4,0.8592279525518458,0.5338621625971807
47,1548705600,2425,2257,0,4682,4,-0.8498899280109051,1.3450034880810078
47,1548720000,688,349,0,1037,5,-0.8454458478706153,-0.6559722666877328
47,1548734400,98,59,0,157,5,-0.8454458478706153,-1.1606503469703848
47,1548748800,781,1151,370,1932,5,-0.3183988133748931,-0.14269171912753556
47,1548763200,1638,4097,2459,5735,5,2.6572802543590623,2.038320484639425
47,1548777600,1065,2360,1295,3425,5,0.9992187728644122,0.7135405238974638
47,1548792000,2612,2475,0,5087,5,-0.8454458478706153,1.6666938982494726
47,1548806400,715,381,0,1096,5,-0.8454458478706153,-0.622135895396055
47,1548820800,107,59,0,166,5,-0.8454458478706153,-1.1554888666038576
47,1548835200,764,1376,612,2140,5,0.026318436214200804,-0.023404172878908724
47,1548849600,1582,3665,2083,5247,5,2.1216865111958416,1.7584535492099547
47,1548864000,1082,2425,1343,3507,5,1.0675924422043976,0.7605673450147109
47,1548878400,2346,2143,0,4489,5,-0.8454458478706153,1.3237422027846704
47,1548892800,659,473,0,1132,5,-0.8454458478706153,-0.6014899739299465
47,1548907200,91,42,0,133,5,-0.8454458478706153,-1.1744142946144571
47,1548921600,613,1383,770,1996,5,0.25138176445832,-0.1059878587433427
47,1548936000,1480,3583,2103,5063,5,2.1501755400875027,1.6529299506054003
47,1548950400,958,2289,1331,3247,5,1.0504990248694013,0.6114579122039274
47,1548964800,1973,1716,0,3689,5,-0.8454458478706153,0.8649439479822594
47,1548979200,682,574,0,1256,5,-0.8454458478706153,-0.5303762444355727
47,1548993600,103,69,0,172,5,-0.8454458478706153,-1.1520478796928395
47,1549008000,506,1164,658,1670,5,0.09184320266502032,-0.29294814757532517
47,1549022400,1276,3328,2052,4604,5,2.077528516413768,1.389694451912517
47,1549036800,881,2031,1150,2912,5,0.7926733133998725,0.4193361430054178
47,1549051200,2128,2488,360,4616,5,-0.3326433278207235,1.396576425734553
47,1549065600,513,584,71,1097,5,-0.7443097953052199,-0.6215623975775519
47,1549080000,137,86,0,223,5,-0.8454458478706153,-1.1227994909491859
47,1549094400,59,258,199,317,5,-0.5619800103985917,-1.0688906960099027
47,1549108800,327,951,624,1278,5,0.043411853549197195,-0.5177592924285065
47,1549123200,561,1256,695,1817,5,0.14454790611459253,-0.20864396825538215
47,1549137600,564,1333,769,1897,5,0.24995731301373694,-0.16276414277514104
47,1549152000,301,511,210,812,5,-0.5463110445081784,-0.7850092758509108
47,1549166400,71,108,37,179,5,-0.792741144421043,-1.1480333949633186
47,1549180800,52,162,110,214,5,-0.6887561889664816,-1.127960971315713
47,1549195200,292,676,384,968,5,-0.29845649315073064,-0.6955436161644407
47,1549209600,354,1006,652,1360,5,0.08329649399752212,-0.4707324713112594
47,1549224000,412,947,535,1359,5,-0.08336432501869272,-0.47130596912976236
47,1549238400,239,396,157,635,5,-0.6218069710710791,-0.8865183897259443
47,1549252800,41,60,19,101,5,-0.8183812704235376,-1.1927662248065536
47,1549267200,676,1436,760,2112,5,0.23713725001248964,-0.039462111796993105
47,1549281600,1586,3558,1972,5144,5,1.9635724008471251,1.6993832739041443
47,1549296000,1043,2191,1148,3234,5,0.7898244105107064,0.6040024405633883
47,1549310400,2352,1987,0,4339,5,-0.8454458478706153,1.2377175300092182
47,1549324800,624,597,0,1221,6,-0.8048386178851031,-0.5973251307568023
47,1549339200,122,68,0,190,6,-0.8048386178851031,-1.1333505962525343
47,1549353600,734,1434,700,2168,6,0.03386181687270476,-0.10497196312881178
47,1549368000,1524,3622,2098,5146,6,1.7088663994318698,1.4433149779442143
47,1549382400,1100,2472,1372,3572,6,0.8390142342402004,0.6249793012320104
47,1549396800,2540,2444,0,4984,6,-0.8048386178851031,1.359089832056427
47,1549411200,727,472,0,1199,6,-0.8048386178851031,-0.6087631135316869
47,1549425600,139,64,0,203,6,-0.8048386178851031,-1.1265917882491934
47,1549440000,804,1674,870,2478,6,0.23754620817102956,0.056199612335472326
47,1549454400,1659,4850,3191,6509,6,3.018437221132275,2.1519500016791153
47,1549468800,1099,2609,1510,3708,6,1.0043580342353111,0.6956868311131157
47,1549483200,2569,2461,0,5030,6,-0.8048386178851031,1.383005614222095
47,1549497600,662,626,0,1288,6,-0.8048386178851031,-0.5624912741241989
47,1549512000,102,58,0,160,6,-0.8048386178851031,-1.1489478454910134
47,1549526400,721,1739,1018,2460,6,0.4148714429483947,0.04684126279238486
47,1549540800,1671,4723,3052,6394,6,2.8518952776589392,2.092160546264945
47,1549555200,1084,2643,1559,3727,6,1.0630670646683578,0.7055650889641525
47,1549569600,2193,1904,0,4097,6,-0.8048386178851031,0.8979311629053948
47,1549584000,700,590,0,1290,6,-0.8048386178851031,-0.5614514575083003
47,1549598400,108,40,0,148,6,-0.8048386178851031,-1.155186745186405
47,1549612800,601,1269,668,1870,6,-0.004478774430509318,-0.2599046388977042
47,1549627200,1490,3703,2213,5193,6,1.8466528994277953,1.4677506684178314
47,1549641600,1171,2554,1383,3725,6,0.8521938125006803,0.7045252723482539
47,1549656000,2364,2834,470,5198,6,-0.2417111831191464,1.470350209957578
47,1549670400,635,750,115,1385,6,-0.6670521178891776,-0.5120601682531165
47,1549684800,102,99,0,201,6,-0.8048386178851031,-1.1276316048650918
47,1549699200,64,343,279,407,6,-0.47055658746020546,-1.0205304934275354
47,1549713600,350,987,637,1337,6,-0.041621222255497956,-0.537015767034683
47,1549728000,595,1220,625,1815,6,-0.055998943994203236,-0.2884995958349159
47,1549742400,590,1220,630,1810,6,-0.050008226603076036,-0.2910991373746625
47,1549756800,293,527,234,820,6,-0.5244730439803502,-0.8058083622444729
47,1549771200,76,130,54,206,6,-0.7401388700609294,-1.1250320633253454
47,1549785600,45,155,110,200,6,-0.6730428352803048,-1.128151513173041
47,1549800000,264,589,325,853,6,-0.4154419874618352,-0.788651388082146
47,1549814400,411,1005,594,1416,6,-0.09314139181919187,-0.49594301070668806
47,1549828800,428,916,488,1344,6,-0.2201446005110885,-0.5333764088790379
47,1549843200,216,283,67,499,6,-0.7245630048439987,-0.9726989290961994
47,1549857600,41,54,13,95,6,-0.7892627526681725,-1.182741885507718
47,1549872000,690,1428,738,2118,6,0.07939126904527148,-0.13096737852627696
47,1549886400,1633,3577,1944,5210,6,1.524352303785152,1.4765891096529697
47,1549900800,981,2237,1256,3218,6,0.7000295907660493,0.44093176021795694
47,1549915200,2458,2186,0,4644,6,-0.8048386178851031,1.1823210073536639
47,1549929600,652,406,0,1058,7,-0.9684516153174104,-0.6515144012031436
47,1549944000,112,39,0,151,7,-0.9684516153174104,-1.1914993800864069
47,1549958400,649,1682,1033,2331,7,0.5683334979615906,0.10636969815561517
47,1549972800,1300,3355,2055,4655,7,2.088754006936556,1.4899695778961928
47,1549987200,965,2107,1142,3072,7,0.730491849701582,0.5475261142002658
47,1550001600,2322,2054,0,4376,7,-0.9684516153174104,1.3238661499927413
47,1550016000,663,462,0,1125,7,-0.9684516153174104,-0.6116257643947879
47,1550030400,106,57,0,163,7,-0.9684516153174104,-1.1843551466281939
47,1550044800,687,1408,721,2095,7,0.10417381224711984,-0.03413355985590648
47,1550059200,1616,3873,2257,5489,7,2.3892676496106686,1.9864938032419939
47,1550073600,1076,2586,1510,3662,7,1.2779622482365989,0.8987842592290699
47,1550088000,2371,2290,0,4661,7,-0.9684516153174104,1.4935416946252993
47,1550102400,727,604,0,1331,7,-0.9684516153174104,-0.48898309002879864
47,1550116800,105,65,0,170,7,-0.9684516153174104,-1.180187677110903
47,1550131200,663,1379,716,2042,7,0.09673535574528538,-0.06568725762968042
47,1550145600,1685,3723,2038,5408,7,2.0634632548303187,1.9382702273990564
47,1550160000,1160,2701,1541,3861,7,1.3240806785479726,1.0172594640777683
47,1550174400,2684,2495,0,5179,7,-0.9684516153174104,1.8019344389048257
47,1550188800,596,623,27,1219,7,-0.9282839502075043,-0.555662602305453
47,1550203200,126,81,0,207,7,-0.9684516153174104,-1.1581596239480798
47,1550217600,587,1216,629,1803,7,-0.03269378738663436,-0.2079765740057553
47,1550232000,1457,3327,1870,4784,7,1.8135311163686807,1.5667700875719823
47,1550246400,1192,2600,1408,3792,7,1.1262177355991758,0.9761801216930437
47,1550260800,2185,2742,557,4927,7,-0.1398075610130507,1.6519055362823534
47,1550275200,548,796,248,1344,7,-0.5995041728264208,-0.4812435037824012
47,1550289600,129,117,0,246,7,-0.9684516153174104,-1.1349408652088875
47,1550304000,69,324,255,393,7,-0.5890903337238526,-1.0474240053457788
47,1550318400,328,1156,828,1484,7,0.26335678138637747,-0.3978941134365833
47,1550332800,613,1450,837,2063,7,0.2767460030896795,-0.053184849077807725
47,1550347200,538,1579,1041,2117,7,0.5802350283645258,-0.02103579851584938
47,1550361600,275,702,427,977,7,-0.3332074300607469,-0.6997379770460811
47,1550376000,80,114,34,194,7,-0.917870111104936,-1.1658992101944772
47,1550390400,42,197,155,239,7,-0.7378594637605419,-1.1391083347261786
47,1550404800,238,796,558,1034,7,-0.1383198697126838,-0.6658028681195696
47,1550419200,475,1362,887,1837,7,0.3511305681080242,-0.18773457920748524
47,1550433600,462,1335,873,1797,7,0.33030288990288764,-0.2115486907348618
47,1550448000,209,481,272,690,7,-0.5637995816176153,-0.8706042272550079
47,1550462400,46,64,18,110,7,-0.9416731719108064,-1.215908844401968
47,1550476800,131,645,514,776,7,-0.20377828692882713,-0.8194038874711482
47,1550491200,545,2382,1837,2927,7,1.7644373034565732,0.4611999599135258
47,1550505600,679,1459,780,2138,7,0.19194759896876656,-0.008533389963976687
47,1550520000,1099,1372,273,2471,7,-0.5623118903172485,0.1897190885014331
47,1550534400,388,404,16,792,8,-0.7725563697418005,-0.9588705344881147
47,1550548800,55,61,6,116,8,-0.7849953501810418,-1.3304363019366474
47,1550563200,674,1373,699,2047,8,0.07702599425837865,-0.2690553892989006
47,1550563362,23,11,0,34,8,-0.7924587384445866,-1.375507889112357
47,1550577600,1469,3663,2194,5132,8,1.9366535699249496,1.4266256648116376
47,1550592000,948,2503,1555,3451,8,1.1418027198574319,0.5026581277095906
47,1550606400,2322,2274,0,4596,8,-0.7924587384445866,1.1320113876630966
47,1550620800,711,463,0,1174,8,-0.7924587384445866,-0.7489028966695651
47,1550635200,187,86,0,273,8,-0.7924587384445866,-1.244140702100228
47,1550649600,617,1358,741,1975,8,0.12926971210319202,-0.30863044145318225
47,1550664000,1516,3581,2065,5097,8,1.7761907222587372,1.4073877922366396
47,1550678400,1175,2187,1012,3362,8,0.4663660820066306,0.4537389660188814
47,1550692800,2310,2303,0,4613,8,-0.7924587384445866,1.1413554971995243
47,1550707200,666,579,0,1245,8,-0.7924587384445866,-0.7098774980174263
47,1550721600,115,64,0,179,8,-0.7924587384445866,-1.2958081313016512
47,1550736000,701,1387,686,2088,8,0.060855319687364996,-0.2465195957110458
47,1550750400,1486,3810,2324,5296,8,2.098360315635086,1.5167688391630567
47,1550764800,1111,2579,1468,3690,8,1.0335835900360328,0.6340253147217199
47,1550779200,2410,2240,0,4650,8,-0.7924587384445866,1.1616926767788078
47,1550793600,749,598,0,1347,8,-0.7924587384445866,-0.6538128407988606
47,1550808000,113,67,0,180,8,-0.7924587384445866,-1.2952584777995082
47,1550822400,604,1086,482,1690,8,-0.19289988127315705,-0.4652816895638802
47,1550824651,354,302,0,656,8,-0.7924587384445866,-1.0336234107795355
47,1550836800,1018,3009,1991,4027,8,1.6841422670083517,0.8192585449438434
47,1550851200,1137,2390,1253,3527,8,0.7661455105923454,0.5444317938724434
47,1550865600,2320,2392,72,4712,8,-0.7028980792820494,1.1957711939116615
47,1551484800,6835,7933,1098,14768,9,1.3552446418496893,3.8291923812690034
47,1551499200,132,129,0,261,9,-0.9516242842994158,-0.5613095452586013
47,1551513600,69,297,228,366,9,-0.4726023214924978,-0.5295315965245144
47,1551528000,363,966,603,1329,9,0.31526274891361733,-0.23808240956331758
47,1551542400,514,1120,606,1634,9,0.3215656694768662,-0.1457750346690652
47,1551556800,599,1066,467,1665,9,0.029530350046332882,-0.13639297361423955
47,1551571200,247,511,264,758,9,-0.3969672747335108,-0.4108939212505901
47,1551585600,103,100,0,203,9,-0.9516242842994158,-0.5788630788450494
47,1551600000,54,152,98,206,9,-0.7457288792332845,-0.5779551374526468
47,1551614400,264,632,368,896,9,-0.1784660285408815,-0.3691286172000759
47,1551628800,435,1041,606,1476,9,0.3215656694768662,-0.19359328133559595
47,1551643200,468,839,371,1307,9,-0.1721631079776326,-0.2447406464409358
47,1551657600,193,290,97,483,9,-0.7478298527543674,-0.49412188222081765
47,1551672000,37,39,2,76,9,-0.9474223372572499,-0.6172992644567544
47,1551686400,423,972,549,1395,9,0.2018101787751367,-0.21810769893046297
47,1551700800,1273,3230,1957,4503,9,3.159980896459964,0.7225195835985089
47,1551715200,925,1764,839,2689,9,0.8110924998891991,0.1735176883258078
47,1551729600,2154,1913,0,4067,9,-0.9516242842994158,0.5905654345693481
47,1551744000,636,434,0,1070,10,-0.8130832369358515,-0.7073663454825513
47,1551758400,96,94,0,190,10,-0.8130832369358515,-1.2221792812307217
47,1551772800,741,965,224,1706,10,-0.5164995251999454,-0.3352969964645553
47,1551787200,1665,3572,1907,5237,10,1.711850416101528,1.7303899082249787
47,1551801600,1065,2270,1205,3335,10,0.7823782480720364,0.617691949369274
47,1551816000,2278,2019,0,4297,10,-0.8130832369358515,1.1804760904939786
47,1551830400,712,412,0,1124,10,-0.8130832369358515,-0.6757755516980044
47,1551844800,329,470,141,799,10,-0.6263943826735177,-0.8659053291049992
47,1551859200,754,1453,699,2207,10,0.11241682781146276,-0.04220463190792643
47,1551873600,1629,3780,2151,5409,10,2.034914816385283,1.8310124365757576
47,1551888000,1074,2252,1178,3326,10,0.7466293185324406,0.6124268170718494
47,1551902400,2221,1592,0,3813,10,-0.8130832369358515,0.8973289758324847
47,1551916800,706,416,0,1122,10,-0.8130832369358515,-0.6769455810974321
47,1551931200,130,61,0,191,10,-0.8130832369358515,-1.221594266531008
47,1551945600,743,1524,781,2267,10,0.22098765085764266,-0.007103749925096623
47,1551960000,1502,3941,2439,5443,10,2.416236731474305,1.8509029363660279
47,1551974400,1050,2424,1374,3474,10,1.0061400663013584,0.6990089926294963
47,1551988800,2289,2262,0,4551,10,-0.8130832369358515,1.3290698242212913
47,1552003200,794,638,0,1432,10,-0.8130832369358515,-0.49559102418614476
47,1552017600,124,77,0,201,10,-0.8130832369358515,-1.2157441195338696
47,1552032000,652,1313,661,1965,10,0.0621035195705501,-0.1837781892386733
47,1552046400,1391,3641,2250,5032,10,2.165994224697134,1.6104618947836435
47,1552060800,1083,2320,1237,3403,10,0.8247473497485944,0.6574729489498143
47,1552075200,2145,2238,93,4383,10,-0.6899480351883547,1.230787354669368
47,1552089600,649,731,82,1380,10,-0.7045124138896716,-0.526011788571264
47,1552104000,179,138,0,317,10,-0.8130832369358515,-1.1478824143670654
47,1552118400,71,320,249,391,10,-0.4833986645151344,-1.1045913265882419
47,1552132800,419,1009,590,1428,10,-0.031902924774313,-0.4979310829850001
47,1552147200,562,1400,838,1962,10,0.29645761321901165,-0.1855332333378148
47,1552161600,672,1258,586,1930,10,-0.03719906248388276,-0.20425370372865737
47,1552176000,277,546,269,823,10,-0.4569179759672856,-0.8518649763118673
47,1552194000,114,104,0,218,10,-0.8130832369358515,-1.2057988696387345
47,1552208400,60,269,209,329,10,-0.536360041610832,-1.1408622379704993
47,1552222800,321,829,508,1150,10,-0.14047374782049293,-0.6605651695054449
47,1552237200,462,1065,603,1527,10,-0.014690477218211309,-0.4400146277133309
47,1552251600,413,794,381,1207,10,-0.30862612009933255,-0.6272193316217566
47,1552266000,169,219,50,388,10,-0.7468815155662296,-1.1063463706873835
47,1552280400,33,84,51,117,10,-0.7455574811388371,-1.2648853543098313
47,1552294800,1358,2754,1396,4112,10,1.0352688237039922,1.07224837104692
47,1552309200,1006,3755,2749,4761,10,2.826687403965961,1.4519229111611958
47,1552323600,1373,2264,891,3637,10,0.3666314378708109,0.7943663886828506
47,1552338000,2267,1803,0,4070,10,-0.8130832369358515,1.047677753658939
47,1552352400,528,384,0,912,11,-0.8180991124973193,-0.8633219231343191
47,1552366800,56,88,32,144,11,-0.7850604944926198,-1.2855195633390037
47,1552381200,1488,2228,740,3716,11,-0.05408107113864492,0.6781392528213267
47,1552395600,1142,4008,2866,5150,11,2.1409221125485733,1.4664614091410113
47,1552410000,1393,2318,925,3711,11,0.13692343920102365,0.6753905702679107
47,1552424400,2247,1723,0,3970,11,-0.8180991124973193,0.8177723265348552
47,1552438800,499,388,0,887,11,-0.8180991124973193,-0.8770653359013987
47,1552453200,67,82,15,149,11,-0.8026122603076163,-1.2827708807855878
47,1552467600,1417,3296,1879,4713,11,1.1218872384661254,1.2262265539724604
47,1552482000,1196,4090,2894,5286,11,2.1698309033026857,1.5412255745939243
47,1552496400,1404,2487,1083,3891,11,0.30005161559922705,0.7743431421908837
47,1552510800,2155,1756,0,3911,11,-0.8180991124973193,0.7853378724045473
47,1552525200,533,465,0,998,11,-0.8180991124973193,-0.8160445832155653
47,1552539600,53,55,2,108,11,-0.8160341988720256,-1.3053100777235984
47,1552554000,1432,3434,2002,4866,11,1.248879426421689,1.3103362401069873
47,1552568400,1155,3913,2758,5068,11,2.0294167767827127,1.4213830152649904
47,1552582800,1469,2449,980,3918,11,0.1937085638966008,0.7891860279793297
47,1552597200,2192,1892,0,4084,11,-0.8180991124973193,0.8804422887527381
47,1552611600,515,545,30,1060,11,-0.7871254081179135,-0.781960919553208
47,1552626000,60,113,53,173,11,-0.7633789014270358,-1.2695772045291915
47,1552640400,960,3070,2110,4030,11,1.3603847621875496,0.8507565171758462
47,1552654800,920,3788,2868,4708,11,2.1429870261738673,1.2234778714190444
47,1552669200,1509,2417,908,3926,11,0.11937167338602707,0.7935839200647952
47,1552683600,1915,1765,0,3680,11,-0.8180991124973193,0.658348738436732
47,1552698000,507,377,0,884,11,-0.8180991124973193,-0.8787145454334482
47,1552712400,63,80,17,143,11,-0.8005473466823226,-1.286069299849687
47,1552726800,113,572,459,685,11,-0.3442014354924118,-0.9881121110594017
47,1552741200,478,1439,961,1917,11,0.1740918844563105,-0.31083672989771993
47,1552755600,682,1691,1009,2373,11,0.22364981146335963,-0.06015688102618841
47,1552770000,537,1240,703,1777,11,-0.09228197320657865,-0.3877998413933656
47,1552784400,281,497,216,778,11,-0.5950884409655981,-0.9369866155658656
47,1552798800,89,106,17,195,11,-0.8005473466823226,-1.2574830012941614
47,1552813200,148,397,249,545,11,-0.5610173661482518,-1.0650752225550473
47,1552827600,491,1010,519,1501,11,-0.28225402673360034,-0.5395271183419241
47,1552842000,511,1095,584,1606,11,-0.21514433391155463,-0.48180478472018995
47,1552856400,386,869,483,1255,11,-0.31942247198888724,-0.6747622999699873
47,1552870800,191,275,84,466,11,-0.7313727402349832,-1.1085044068990189
47,1552885200,32,87,55,119,11,-0.7613139878017421,-1.2992629761060834
47,1552899600,1311,3436,2125,4747,11,1.3758716143772522,1.2449175953356886
47,1552914000,1043,3917,2874,4960,11,2.149181767049748,1.3620114721112067
47,1552928400,1369,2149,780,3518,11,-0.01278279863277064,0.5692914237060563
47,1552942800,2158,1576,0,3734,11,-0.8180991124973193,0.6880345100136239
47,1552957200,463,323,0,786,12,-0.8436707380396414,-0.9285509507576328
47,1552971600,57,108,51,165,12,-0.7928254642542351,-1.2591017566819995
47,1552986000,1394,3440,2046,4834,12,1.1961220102925423,1.2261505989715729
47,1553000400,1069,4063,2994,5132,12,2.1412459230095067,1.3847724027806894
47,1553014800,1514,2396,882,3910,12,0.03565340860209171,0.734316549576863
47,1553029200,2207,1761,0,3968,12,-0.8436707380396414,0.7651892496470937
47,1553043600,485,393,0,878,12,-0.8436707380396414,-0.8795804609910599
47,1553058000,57,114,57,171,12,-0.7868436673383049,-1.2559080290885274
47,1553072400,1434,3559,2125,4993,12,1.2748823363522892,1.3107843801985848
47,1553086800,1125,4093,2968,5218,12,2.115324803040476,1.43054916495379
47,1553101200,1422,2431,1009,3853,12,0.16226810998928004,0.7039761374388775
47,1553115600,2175,1771,0,3946,12,-0.8436707380396414,0.7534789151376958
47,1553130000,545,493,0,1038,12,-0.8436707380396414,-0.7944143918318027
47,1553144400,57,109,52,166,12,-0.7918284981015801,-1.2585694687497542
47,1553158800,1387,3517,2130,4904,12,1.2798671671155644,1.263410754228748
47,1553173200,1113,4108,2995,5221,12,2.1422428891621617,1.432146028750526
47,1553187600,1463,2475,1012,3938,12,0.16525900844724511,0.749220611679733
47,1553202000,2169,1772,0,3941,12,-0.8436707380396414,0.750817475476469
47,1553216400,479,327,0,806,12,-0.8436707380396414,-0.9179051921127257
47,1553230800,72,107,35,179,12,-0.8087769226967154,-1.2516497256305645
47,1553245200,1166,3091,1925,4257,12,1.075489105821284,0.9190204620660019
47,1553259600,1003,3895,2892,4898,12,2.0395553754386944,1.260217026635276
47,1553274000,1441,2488,1047,3929,12,0.20015282379017102,0.7444300202895248
47,1553288400,1845,1707,0,3552,12,-0.8436707380396414,0.5437574698330251
47,1553302800,480,564,84,1044,12,-0.7599255812166192,-0.7912206642383306
47,1553317200,97,77,0,174,12,-0.8436707380396414,-1.2543111652917913
47,1553331600,114,584,470,698,12,-0.3750966462917791,-0.9753922887952242
47,1553346000,440,1301,861,1741,12,0.014717119396336154,-0.42021597546331674
47,1553360400,624,1572,948,2196,12,0.10145317467732343,-0.17802496629167922
47,1553374800,552,1200,648,1752,12,-0.19763667111918443,-0.4143608082086178
47,1553389200,256,539,283,795,12,-0.561529316838269,-0.9237603593674246
47,1553403600,74,80,6,154,12,-0.8376889411237113,-1.2649569239366985
47,1553418000,84,302,218,386,12,-0.6263321167608457,-1.1414661236557757
47,1553432400,373,1021,648,1394,12,-0.19763667111918443,-0.6049198879524557
47,1553446800,498,1280,782,1778,12,-0.06404320666341091,-0.4005213219702385
47,1553461200,443,960,517,1403,12,-0.3282392371169929,-0.6001292965622474
47,1553475600,204,277,73,481,12,-0.7708922088958244,-1.0908987700924668
47,1553490000,34,112,78,146,12,-0.7659073781325494,-1.2692152273946613
47,1553504400,1418,3527,2109,4945,12,1.2589308779098087,1.2852345594508077
47,1553518800,1087,3811,2724,4898,12,1.87206506179265,1.260217026635276
47,1553533200,1391,2264,873,3655,12,0.02668071322819647,0.5985831268542968
47,1553547600,2302,1654,0,3956,12,-0.8436707380396414,0.7588017944601494
47,1553562000,485,306,0,791,13,-0.8447080199130347,-0.9490969274079644
47,1553576400,82,192,110,274,13,-0.7295783313860789,-1.2321872264743874
47,1553590800,1524,3818,2294,5342,13,1.5562693026400252,1.5428642931941472
47,1553605200,812,3983,3171,4795,13,2.474166910259482,1.2433470908936957
47,1553619600,1495,2303,808,3798,13,0.0009718739940587347,0.6974263400828177
47,1553634000,2253,1647,0,3900,13,-0.8447080199130347,0.7532778110785143
47,1553648400,308,483,175,791,13,-0.6615471518019687,-0.9490969274079644
47,1553662800,393,142,0,535,13,-0.8447080199130347,-1.08927316833834
47,1553677200,1544,3486,1942,5030,13,1.1878542993537666,1.3720244995602515
47,1553691600,1124,3620,2496,4744,13,1.7676892761167986,1.2154213553958473
47,1553706000,1446,2457,1011,3903,13,0.2134384810028953,0.7549205014019172
47,1553720400,2394,1377,0,3771,13,-0.8447080199130347,0.6826421271721922
47,1553734800,753,473,0,1226,13,-0.8447080199130347,-0.7109068305145522
47,1553749200,114,121,7,235,13,-0.8373815851885921,-1.2535422006786243
47,1553763600,1443,3275,1832,4718,13,1.072724610826811,1.201184705926356
47,1553778000,1280,4088,2808,5368,13,2.0942389381205277,1.5571009426636384
47,1553792400,1449,2249,800,3698,13,-0.007401194262447141,0.6426699959693897
47,1553806800,2171,1775,0,3946,13,-0.8447080199130347,0.7784657293706913
47,1553821200,562,592,30,1154,13,-0.8133090139511376,-0.7503313982762204
47,1553835600,59,67,8,126,13,-0.8363349516565288,-1.313226615762261
47,1553850000,1246,3223,1977,4469,13,1.22448647297598,1.06484140908392
47,1553864400,1056,3774,2718,4830,13,2.0000419202348367,1.2625118113333953
47,1553878800,1507,2606,1099,4113,13,0.30554223182445994,0.8699088240401162
47,1553893200,1811,1615,0,3426,13,-0.8447080199130347,0.4937327399808653
47,1553907600,554,707,153,1261,13,-0.6845730895073598,-0.6917421100748524
47,1553922000,89,107,18,196,13,-0.8258686163358965,-1.2748971748828613
47,1553936400,139,739,600,878,13,-0.21672790067509404,-0.9014589080292819
47,1553950800,505,1240,735,1745,13,-0.07543237384655738,-0.42672140456586055
47,1553965200,678,1573,895,2251,13,0.09202899128356012,-0.1496543033519145
47,1553979600,533,1058,525,1591,13,-0.2952254155798366,-0.5110461745005398
47,1553994000,292,696,404,988,13,-0.42186807295948797,-0.8412269295045111
47,1554008400,80,61,0,141,13,-0.8447080199130347,-1.3050131641452467
47,1554022800,93,334,241,427,13,-0.5924693386857952,-1.1484100199808425
47,1554037200,369,1023,654,1392,13,-0.16020968994367937,-0.6200112992862616
47,1554051600,510,1014,504,1524,13,-0.31720471975316455,-0.5477329250565366
47,1554066000,388,842,454,1230,13,-0.36953639635632624,-0.7087165767500151
47,1554080400,185,275,90,460,13,-0.7505110020273436,-1.1303404264234111
47,1554094800,46,109,63,155,13,-0.7787701073930509,-1.297347275969367
47,1554109200,1436,3596,2160,5032,13,1.4160204093435518,1.37311962644252
47,1554123600,1082,3544,2462,4626,13,1.7321037360266487,1.1508088693420022
47,1554138000,1384,2037,653,3421,13,-0.1612563234757426,0.4909949227751939
47,1554152400,2261,1459,0,3720,13,-0.8447080199130347,0.6547163916743438
47,1554166800,442,404,0,846,14,-0.8487253336249754,-0.9153160572927247
47,1554181200,66,132,66,198,14,-0.7829679792505433,-1.2565659451732563
47,1554195600,1482,3718,2236,5200,14,1.379054126696694,1.3775882819539327
47,1554210000,1053,3975,2922,5028,14,2.0625320827703364,1.2870096080103348
47,1554224400,1443,2311,868,3754,14,0.016083508753919507,0.6160954765908948
47,1554238800,2205,1644,0,3849,14,-0.8487253336249754,0.6661243953388123
47,1554253200,510,224,0,734,14,-0.8487253336249754,-0.9742975193955327
47,1554267600,69,110,41,179,14,-0.8078760680287372,-1.2665717289228398
47,1554282000,1421,3643,2222,5064,14,1.3651055969809054,1.3059679351148088
47,1554296400,1162,4109,2947,5271,14,2.0874401715485305,1.414978315965534
47,1554310800,1538,2475,937,4013,14,0.08482983378173488,0.7524901077036381
47,1554325200,2325,1816,0,4141,14,-0.8487253336249754,0.8198974929639901
47,1554339600,537,451,0,988,14,-0.8487253336249754,-0.8405359892695219
47,1554354000,75,105,30,180,14,-0.8188356270911425,-1.2660451087254931
47,1554368400,1469,3622,2153,5091,14,1.2963592719530899,1.3201866804431643
47,1554382800,1199,4163,2964,5362,14,2.1043776719177023,1.4629007539240655
47,1554397200,1605,2603,998,4208,14,0.14560557040052818,0.8551810461862055
47,1554411600,2232,1795,0,4027,14,-0.8487253336249754,0.7598627904664891
47,1554426000,537,569,32,1106,14,-0.8168429799888871,-0.778394805982635
47,1554440400,57,60,3,117,14,-0.845736362971592,-1.2992221811583227
47,1554454800,1291,3311,2020,4602,14,1.163848239653098,1.062669403940726
47,1554469200,1050,3814,2764,4864,14,1.9051129616921507,1.200643895645509
47,1554483600,1451,2306,855,3757,14,0.003131302589258639,0.6176753371829343
47,1554498000,2028,1760,0,3788,14,-0.8487253336249754,0.6340005633006758
47,1554512400,476,477,1,953,14,-0.8477290100738476,-0.8589676961766494
47,1554526800,83,66,0,149,14,-0.8487253336249754,-1.2823703348432347
47,1554541200,150,674,524,824,14,-0.3266517928340296,-0.9269017016343477
47,1554555600,490,1388,898,1878,14,0.04597321528775228,-0.3718440136311376
47,1554570000,673,1780,1107,2453,14,0.2542048374734539,-0.06903740015690057
47,1554584400,553,1355,802,1908,14,-0.049673845620512594,-0.3560454077107426
47,1554598800,264,703,439,967,14,-0.4113392946798891,-0.8515950134137983
47,1554613200,80,87,7,167,14,-0.8417510687670811,-1.2728911712909976
47,1554627600,97,341,244,438,14,-0.6056223871498022,-1.1301770978100965
47,1554642000,381,959,578,1340,14,-0.2728503210731306,-0.6551656798035541
47,1554656400,509,1298,789,1807,14,-0.06262605178517346,-0.409234047642739
47,1554670800,413,1042,629,1455,14,-0.22203781996561492,-0.5946043571087067
47,1554685200,212,314,102,526,14,-0.7471003314099439,-1.0838345204436044
47,1554699600,79,89,10,168,14,-0.8387620981136977,-1.2723645510936512
47,1554714000,1425,3501,2076,4926,14,1.2196423585162526,1.233294347880992
47,1554728400,1055,3830,2775,4885,14,1.9160725207545561,1.2117029197897855
47,1554742800,1315,2054,739,3369,14,-0.11244222934156141,0.4133467006124927
47,1554757200,2240,1712,0,3952,14,-0.8487253336249754,0.7203662756655017
47,1554771600,452,373,0,825,15,-0.8063206583599054,-0.8265163720092921
47,1554786000,76,106,30,182,15,-0.7783513707939446,-1.1384750848469731
47,1554800400,1463,3277,1814,4740,15,0.8848889297951955,1.0728900988453287
47,1554814800,1132,4151,3019,5283,15,2.0083219803612904,1.3363326821592645
47,1554829200,1354,2392,1038,3746,15,0.16141669142234086,0.5906397713793023
47,1554843600,2229,1558,0,3787,15,-0.8063206583599054,0.6105313844840379
47,1554858000,581,405,0,986,15,-0.8063206583599054,-0.7484054034760624
47,1554872400,50,71,21,121,15,-0.7867421570637328,-1.1680699238564576
47,1554886800,1455,3586,2131,5041,15,1.1804310684088486,1.2189236487118014
47,1554901200,1156,3859,2703,5015,15,1.7137121513331692,1.2063094550356277
47,1554915600,1460,2570,1110,4030,15,0.22854298158064695,0.7284255792267385
47,1554930000,2293,1722,0,4015,15,-0.8063206583599054,0.7211481597981767
47,1554944400,562,425,0,987,15,-0.8063206583599054,-0.747920242180825
47,1554958800,71,95,24,166,15,-0.7839452283071368,-1.1462376655707722
47,1554973200,1451,3597,2146,5048,15,1.194415712191829,1.2223197777784636
47,1554984832,911,3553,2642,4464,15,1.6568412666157155,0.9389855813597922
47,1554987600,613,1551,938,2164,15,0.06818573286913794,-0.17688539768634517
47,1555002000,1869,2551,682,4420,15,-0.17048552102706152,0.9176384843693444
47,1555016400,2285,1906,0,4191,15,-0.8063206583599054,0.8065365477599681
47,1555030800,493,476,0,969,15,-0.8063206583599054,-0.7566531454950991
47,1555045200,86,103,17,189,15,-0.7904713954058609,-1.135078955780311
47,1555059600,1164,3328,2164,4492,15,1.2111972847314056,0.9525700976264408
47,1555074000,621,1442,821,2063,15,-0.04089448863810947,-0.22588668850532773
47,1555088400,2253,6604,4351,8857,15,3.250158348289953,3.0702991513379145
47,1555102800,1858,1890,32,3748,15,-0.7764867516228805,0.5916100939697773
47,1555103981,30,10,0,40,15,-0.8063206583599054,-1.2073679887706912
47,1555117200,412,528,116,940,15,-0.69817274643819,-0.7707228230569853
47,1555131600,78,70,0,148,15,-0.8063206583599054,-1.1549705688850465
47,1555146000,132,564,432,696,15,-0.40356291741006883,-0.8891021790949233
47,1555160400,480,1148,668,1628,15,-0.18353785522450994,-0.43693185193361894
47,1555174800,620,1434,814,2054,15,-0.047420655736833676,-0.2302531401624648
47,1555189200,476,1484,1008,1960,15,0.13344740385638,-0.27585830191478516
47,1555203600,261,614,353,875,15,-0.4772153746670991,-0.8022583072474195
47,1555218000,66,86,20,152,15,-0.7876744666492648,-1.1530299237040966
47,1555232400,103,351,248,454,15,-0.5751078811479622,-1.0065112125423865
47,1555246800,360,1025,665,1385,15,-0.186334783981106,-0.5548260466763195
47,1555261200,454,1337,883,1791,15,0.016908705664876338,-0.3578505608099144
47,1555275600,399,1001,602,1400,15,-0.24507028786962384,-0.5475486272477578
47,1555290000,198,327,129,525,15,-0.6860527218262736,-0.9720647605805274
47,1555304400,29,88,59,117,15,-0.7513143928135156,-1.1700105690374074
47,1555318800,1257,3508,2251,4765,15,1.2923082186726922,1.085019131226265
47,1555333200,1002,4080,3078,5082,15,2.0633282459076803,1.238815261816537
47,1555347600,1387,2432,1045,3819,15,0.16794285852106505,0.6260565459316363
47,1555362000,2169,1729,0,3898,15,-0.8063206583599054,0.6643842882553949
47,1555376400,493,431,0,924,16,-0.8963005055975297,-0.8499478572692556
47,1555390800,47,68,21,115,16,-0.8748336874272962,-1.2884732504649365
47,1555405200,1408,3618,2210,5026,16,1.3628265494603833,1.3735764479083505
47,1555419600,1039,3989,2950,5028,16,2.119276332601947,1.3746605650732349
47,1555434000,1477,2509,1032,3986,16,0.1586402730539482,0.8098355221685382
47,1555448400,2754,2046,0,4800,16,-0.8963005055975297,1.2510712082764297
47,1555462800,537,538,1,1075,16,-0.895278276160852,-0.7680970113204943
47,1555477200,73,88,15,161,16,-0.8809670640473629,-1.2635385556725987
47,1555491600,1359,3592,2233,4951,16,1.3863378265039725,1.332922054225191
47,1555506000,1067,4097,3030,5164,16,2.20105468753617,1.448380532285364
47,1555520400,1553,2646,1093,4199,16,0.22099626869129332,0.9252940002287112
47,1555534800,2241,2043,0,4284,16,-0.8963005055975297,0.9713689797362921
47,1555549200,528,515,0,1043,16,-0.8963005055975297,-0.7854428859586424
47,1555563600,79,94,15,173,16,-0.8809670640473629,-1.2570338526832932
47,1555578000,1293,3487,2194,4780,16,1.3464708784735386,1.2402300366275871
47,1555592400,1083,4218,3135,5301,16,2.308388778387338,1.5226425580799354
47,1555606800,1468,2663,1195,4131,16,0.3252636712324278,0.8884340166226466
47,1555621200,2062,1778,0,3840,16,-0.8963005055975297,0.7306949691319876
47,1555635600,513,540,27,1053,16,-0.8687003108072294,-0.7800223001342211
47,1555650000,42,79,37,121,16,-0.8584780164404515,-1.2852208989702838
47,1555664400,805,2467,1662,3272,16,0.8026448181609551,0.42280569430485926
47,1555678800,835,3088,2253,3923,16,1.4067824152375281,0.7756858314746842
47,1555693200,1403,2356,953,3759,16,0.07788414755640291,0.6867882239541753
47,1555707600,1095,1948,853,3043,16,-0.024338796111375967,0.2986742789256121
47,1555722000,356,605,249,961,16,-0.6417653758647603,-0.8298916897188968
47,1555736400,33,18,0,51,16,-0.8963005055975297,-1.3231649997412327
47,1555750800,153,559,406,712,16,-0.4812753543063475,-0.9648642767469866
47,1555765200,456,1221,765,1677,16,-0.11429498653902137,-0.4417777446903337
47,1555779600,566,1230,664,1796,16,-0.21754015964347803,-0.3772727733797206
47,1555794000,426,1383,957,1809,16,0.08197306530311406,-0.37022601180797293
47,1555808400,270,631,361,901,16,-0.527275678956848,-0.8624152046654245
47,1555822800,60,75,15,135,16,-0.8809670640473629,-1.277632078816094
47,1555837200,90,287,197,377,16,-0.6949213065720053,-1.1464539018650992
47,1555851600,315,1128,813,1443,16,-0.06522797357848752,-0.5686194529817915
47,1555866000,443,1212,769,1655,16,-0.11020606879231022,-0.45370303350406055
47,1555880400,446,1134,688,1580,16,-0.1930066531632111,-0.4943574271872201
47,1555894800,197,378,181,575,16,-0.71127697755885,-1.039126302541558
47,1555909200,20,46,26,66,16,-0.8697225402439073,-1.3150341210046008
47,1555923600,1316,3276,1960,4592,16,1.1072691902909362,1.1383230231284673
47,1555938000,959,3761,2802,4720,16,1.9679863759736342,1.2077065216810596
47,1555952400,1282,2346,1064,3628,16,0.19135161502763745,0.6157785496542566
47,1555966800,2182,1652,0,3834,16,-0.8963005055975297,0.7274426176373348
47,1555981200,437,379,0,816,17,-0.7940253461819483,-0.841284516729152
47,1555995600,69,105,36,174,17,-0.759951350786787,-1.1619984623043087
47,1556010000,1424,3586,2162,5010,17,1.2523073772719093,1.2538467725889273
47,1556024400,1048,3791,2743,4839,17,1.8022238029549302,1.1684229646553577
47,1556038800,1407,2482,1075,3889,17,0.2234620163124536,0.6938462539133033
47,1556053200,2168,1871,0,4039,17,-0.7940253461819483,0.7687794187673119
47,1556067600,520,564,44,1084,17,-0.7523793518100844,-0.7074039288566567
47,1556082000,47,56,9,103,17,-0.785506847333158,-1.1974668270018727
47,1556096400,1439,3580,2141,5019,17,1.2324308799580652,1.258342762480168
47,1556110800,1024,3895,2871,4919,17,1.9233757865821706,1.208387319244162
47,1556125200,1402,2408,1006,3810,17,0.1581535251383943,0.6543814537568589
47,1556139600,2218,1815,0,4033,17,-0.7940253461819483,0.7657820921731516
47,1556154000,484,561,77,1045,17,-0.7211448560311865,-0.726886551718699
47,1556168400,64,88,24,152,17,-0.7713093492518407,-1.17298865981623
47,1556182800,1375,3440,2065,4815,17,1.1604968896793912,1.1564336582787162
47,1556197200,634,1117,483,1751,17,-0.33686590796353333,-0.37420112247249865
47,1556211600,2222,6588,4366,8810,17,3.3383930953534553,3.152153615557144
47,1556226000,2189,1986,0,4175,17,-0.7940253461819483,0.8367188215682797
47,1556240400,485,489,4,974,17,-0.7902393466935971,-0.7623549164162631
47,1556254800,62,90,28,152,17,-0.7675233497634895,-1.17298865981623
47,1556269200,1165,3187,2022,4352,17,1.1197973951796152,0.9251399560960097
47,1556283600,998,3882,2884,4880,17,1.9356802849193122,1.18890469638212
47,1556298000,1478,2709,1231,4187,17,0.37111599635815284,0.8427134747566004
47,1556312400,1767,1738,0,3505,17,-0.7940253461819483,0.5020173518870414
47,1556326800,535,524,0,1059,17,-0.7940253461819483,-0.7198927896656582
47,1556341200,128,74,0,202,17,-0.7940253461819483,-1.148010938198227
47,1556355600,121,559,438,680,17,-0.379458402207485,-0.9092239195301198
47,1556370000,495,1235,740,1730,17,-0.09361544083696467,-0.38469176555205986
47,1556384400,661,1631,970,2292,17,0.12407952974323294,-0.1039421745657078
47,1556398800,485,1299,814,1784,17,-0.023574450302466313,-0.3577158262046168
47,1556413200,263,546,283,809,17,-0.5261658823810965,-0.8447813977556724
47,1556427600,71,87,16,158,17,-0.7788813482285433,-1.1699913332220695
47,1556442000,94,324,230,418,17,-0.5763303756017507,-1.0401071808084548
47,1556456400,381,847,466,1228,17,-0.3529564057890262,-0.6354680905968085
47,1556470800,484,1219,735,1703,17,-0.09834794019740375,-0.39817973522578143
47,1556485200,386,837,451,1223,17,-0.3671539038703434,-0.6379658627586088
47,1556499600,199,285,86,484,17,-0.7126263571823962,-1.007136588272691
47,1556514000,43,73,30,116,17,-0.7656303500193139,-1.190972619381192
47,1556523760,576,1147,571,1723,17,-0.25357391921980554,-0.38818864657858027
47,1556528400,884,2408,1524,3292,17,0.6484404588798829,0.3956122577943493
47,1556542800,1043,3644,2601,4687,17,1.6678208211184604,1.092490690936629
47,1556557200,1357,2204,847,3561,17,0.007660045476431605,0.5299924000992047
47,1556571600,2190,1631,0,3821,17,-0.7940253461819483,0.6598765525128195
47,1556586000,515,426,0,941,18,-0.857850762016471,-0.862461429825903
47,1556600400,72,100,28,172,18,-0.8274271172119751,-1.2841282261125804
47,1556614800,1467,3574,2107,5041,18,1.431528509521845,1.3856970419236123
47,1556629200,1129,3950,2821,5079,18,2.2073314520364904,1.4065336326373883
47,1556643600,1450,2250,800,3700,18,0.011396232397697385,0.6503847222611489
47,1556658000,2295,1692,0,3987,18,-0.857850762016471,0.807755815283615
47,1556672400,564,506,0,1070,18,-0.857850762016471,-0.7917266876659792
47,1556686800,69,116,47,185,18,-0.8067825010946387,-1.2769999187631307
47,1556701200,1430,3374,1944,4804,18,1.2544194344099584,1.2557425156297988
47,1556715600,1102,3947,2845,5049,18,2.2334088618689156,1.3900836926001967
47,1556730000,1447,2459,1012,3906,18,0.24174668591745202,0.7633409771831977
47,1556744400,2192,1596,0,3788,18,-0.857850762016471,0.6986378797035775
47,1556758800,546,489,0,1035,18,-0.857850762016471,-0.8109182843760361
47,1556773200,80,90,10,170,18,-0.8469851745862939,-1.2852248887817266
47,1556787600,1519,3427,1908,4946,18,1.2153033196613208,1.3336055651391723
47,1556790389,426,1435,1009,1861,18,0.23848700968839887,-0.3579966020186947
47,1556802000,700,2603,1903,3303,18,1.2098705259462321,0.43269718243564703
47,1556816400,1481,2634,1153,4115,18,0.39495146868294917,0.8779422261089657
47,1556830800,2249,1976,0,4225,18,-0.857850762016471,0.9382586729120015
47,1556845200,515,601,86,1116,18,-0.7644067101169479,-0.7665034462756188
47,1556859600,70,97,27,167,18,-0.8285136759549928,-1.2868698827854457
47,1556874000,1236,3229,1993,4465,18,1.3076608128178262,1.0698581932095341
47,1556888400,732,3721,2989,4453,18,2.3898733208634657,1.0632782171946573
47,1556902800,2285,2696,411,4981,18,-0.411275118636192,1.3527971618492292
47,1556917200,1966,1995,29,3961,18,-0.8263405584689574,0.7934992005847156
47,1556931600,493,714,221,1207,18,-0.617721279809557,-0.716605294829471
47,1556946000,84,128,44,212,18,-0.8100421773236918,-1.2621949727296582
47,1556960400,140,590,450,730,18,-0.3688993276585013,-0.9781593414208171
47,1556974800,513,1260,747,1773,18,-0.04619138098224127,-0.4062497594611233
47,1556989200,656,1460,804,2116,18,0.015742467369768226,-0.21817211170256628
47,1557003600,536,1175,639,1711,18,-0.163539725228154,-0.44024630220465255
47,1557018000,296,675,379,971,18,-0.44604499841275874,-0.8460114897887114
47,1557032400,85,114,29,199,18,-0.8263405584689574,-1.2693232800791079
47,1557046800,95,305,210,400,18,-0.6296734259827518,-1.1591086818299243
47,1557061200,369,920,551,1289,18,-0.25915689461371255,-0.6716421253944808
47,1557075600,486,1193,707,1679,18,-0.08965373070294969,-0.45779290491099023
47,1557090000,387,846,459,1233,18,-0.3591202989713419,-0.7023486801305716
47,1557104400,181,260,79,441,18,-0.7720126213180719,-1.1366270971124293
47,1557118800,40,86,46,126,18,-0.8078690598376563,-1.3093514675029407
47,1557133200,1509,3400,1891,4909,18,1.1968318210300197,1.3133173057599694
47,1557147600,1075,3745,2670,4820,18,2.043261081840816,1.2645158169829678
47,1557162000,1410,2311,901,3721,18,0.12113866544248615,0.6618996802871829
47,1557176400,2212,1828,0,4040,18,-0.857850762016471,0.8368173760159867
47,1557190800,491,436,0,927,19,-0.8051048744805513,-0.7154103292708582
47,1557205200,77,78,1,155,19,-0.8039587837312685,-1.1391538982338216
47,1557219600,1539,3552,2013,5091,19,1.5019758038257092,1.5701702680889604
47,1557226580,732,2236,1504,2968,19,0.918615612440768,0.40487545344081083
47,1557227164,22,101,79,123,19,-0.7145637052872107,-1.1567183985017166
47,1557234000,584,1359,775,1943,19,0.08311545621361252,-0.1577374457651964
47,1557248400,1399,2512,1113,3911,19,0.47049412947119623,0.9224793207103374
47,1557262800,2252,1687,0,3939,19,-0.8051048744805513,0.9378482584447454
47,1557277200,519,503,0,1022,19,-0.8051048744805513,-0.6632657191005453
47,1557291600,61,82,21,143,19,-0.7810369687456127,-1.1457405858342822
47,1557306000,1446,3582,2136,5028,19,1.6429449659874926,1.5355901581865423
47,1557320400,1207,3994,2787,5201,19,2.3890500437705904,1.630548237759849
47,1557334800,1489,2411,922,3900,19,0.25159079635818293,0.9164415237432486
47,1557349200,2263,2040,0,4303,19,-0.8051048744805513,1.1376444489920494
47,1557363600,565,493,0,1058,19,-0.8051048744805513,-0.6435056562991637
47,1557378000,67,98,31,165,19,-0.7695760612527848,-1.1336649919001045
47,1557392400,1535,3571,2036,5106,19,1.5283358910592133,1.5784036275895361
47,1557406800,1233,4039,2806,5272,19,2.4108257680069634,1.6695194727292406
47,1557421200,1504,2054,550,3558,19,-0.17475496237501567,0.7287209271301223
47,1557435600,2251,1930,0,4181,19,-0.8051048744805513,1.0706797917207003
47,1557450000,518,486,0,1004,19,-0.8051048744805513,-0.6731457505012362
47,1557464400,77,114,37,191,19,-0.762699516757088,-1.11939383543244
47,1557478800,1259,3159,1900,4418,19,1.3724675491567537,1.2007668718297966
47,1557493200,1036,3804,2768,4840,19,2.367274319534217,1.4323987191126601
47,1557507600,1574,2584,1010,4158,19,0.35244678229506865,1.0580553071531509
47,1557522000,1879,1845,0,3724,19,-0.8051048744805513,0.8198367722698269
47,1557536400,489,620,131,1109,19,-0.6549669863245056,-0.6155122339972062
47,1557550800,114,94,0,208,19,-0.8051048744805513,-1.1100626946651209
47,1557565200,133,583,450,716,19,-0.2893640373032949,-0.8312262529122899
47,1557579600,415,1136,721,1551,19,0.021226555752341753,-0.37290257404690846
47,1557594000,595,1501,906,2096,19,0.23325334436965828,-0.07375717885932412
47,1557608400,507,1191,684,1698,19,-0.021178801971121552,-0.29221565094126645
47,1557622800,266,527,261,793,19,-0.5059751889177426,-0.7889616741426679
47,1557637200,79,70,0,149,19,-0.8051048744805513,-1.142447242034052
47,1557651600,77,274,197,351,19,-0.5793249968718412,-1.0315713340929658
47,1557666000,343,876,533,1219,19,-0.19423850511282315,-0.5551342643263176
47,1557680400,427,872,445,1299,19,-0.29509449104970886,-0.5112230136565805
47,1557694800,428,675,247,1103,19,-0.5220204594077017,-0.6188055777974365
47,1557709200,205,277,72,482,19,-0.7225863405321903,-0.9596666611212711
47,1557723600,31,88,57,119,19,-0.7397777017714322,-1.1589139610352035
47,1557736070,211,854,643,1065,19,-0.06816852269171603,-0.6396634218655616
47,1557736151,7,14,7,21,19,-0.7970822392355718,-1.2127052431056313
47,1557736237,848,2387,1539,3235,19,0.9587287886656656,0.5514292525510586
47,1557736317,16,52,36,68,19,-0.7638456075063708,-1.1869073833371608
47,1557738000,329,953,624,1282,19,-0.08994424692808907,-0.5205541544238996
47,1557752400,1064,3812,2748,4876,19,2.3443525045485614,1.4521587819140418
47,1557766800,1356,2285,929,3641,19,0.25961343160316247,0.7742788496999746
47,1557781200,2115,1533,0,3648,19,-0.8051048744805513,0.7781210841335766
47,1557795600,394,338,0,732,20,-0.7881237105460854,-0.6944191092948313
47,1557810000,70,99,29,169,20,-0.7537591037029743,-1.0155320779389252
47,1557824400,1441,3558,2117,4999,20,1.7204925890010294,1.7393091983505473
47,1557838800,1011,3871,2860,4882,20,2.6009375160503945,1.6725770183658955
47,1557853200,1149,1990,841,3139,20,0.20844988790413818,0.6784386447483902
47,1557867600,2149,1528,0,3677,20,-0.7881237105460854,0.9852926005752507
47,1557882000,458,350,0,808,20,-0.7881237105460854,-0.6510717103304421
47,1557896400,65,85,20,150,20,-0.7644239816887674,-1.0263689276800223
47,1557909316,1083,2531,1448,3614,20,0.9277366587237408,0.9493598882758228
47,1557909397,16,33,17,49,20,-0.7679789410173651,-1.083975339461645
47,1557910800,353,1197,844,1550,20,0.21200484723273588,-0.22786420991495793
47,1557925200,1101,3913,2812,5014,20,2.5440581667928313,1.7478646060408873
47,1557939600,1505,2683,1178,4188,20,0.6077903191499472,1.2767468225594991
47,1557954000,2199,1708,0,3907,20,-0.7881237105460854,1.1164755184937971
47,1557968400,487,406,0,893,20,-0.7881237105460854,-0.6025910667518489
47,1557982800,68,104,36,172,20,-0.7454641986029129,-1.013820996400857
47,1557995265,207,584,377,791,20,-0.34138382158564035,-0.6607678390461608
47,1557995345,3,10,7,13,20,-0.7798288054460241,-1.104508317918461
47,1557995426,6,12,6,18,20,-0.78101379188889,-1.1016565153550142
47,1557995513,1049,2463,1414,3512,20,0.8874471196663001,0.891183115981511
47,1557995594,19,50,31,69,20,-0.7513891308172425,-1.0725681292078582
47,1557997200,358,1012,654,1370,20,-0.013142576911785496,-0.33052910219903764
47,1558011600,1049,4032,2983,5081,20,2.7466908485229005,1.7860787603910724
47,1558026000,1511,2452,941,3963,20,0.3269485321907284,1.1484157072043997
47,1558040400,2157,1897,0,4054,20,-0.7881237105460854,1.2003185138591288
47,1558054800,456,478,22,934,20,-0.7620540088030356,-0.5792062857315863
47,1558069200,69,82,13,151,20,-0.7727188867888287,-1.025798567167333
47,1558083431,312,1010,698,1322,20,0.03899682657431419,-0.3579064068081256
47,1558083511,5,10,5,15,20,-0.7821987783317559,-1.1033675968930823
47,1558083597,1149,3087,1938,4236,20,1.508380015728033,1.304124127168587
47,1558083600,8,40,32,48,20,-0.7502041443743765,-1.0845456999743341
47,1558083677,3,11,8,14,20,-0.7786438190031583,-1.1039379574057715
47,1558083757,17,29,12,46,20,-0.7739038732316946,-1.0856864209997128
47,1558086927,357,1620,1263,1977,20,0.7085141667935488,0.015679729003386725
47,1558098000,635,2276,1641,2911,20,1.1564390421968598,0.5483964478552226
47,1558112400,1600,2539,939,4139,20,0.3245785593049966,1.248799157437722
47,1558126800,1892,1954,62,3846,20,-0.7146545510883995,1.0816835272197478
47,1558141200,470,720,250,1190,20,-0.4918770998296099,-0.43319399448311735
47,1558155600,94,101,7,195,20,-0.7798288054460241,-1.0007027046090025
47,1558170000,151,619,468,770,20,-0.23355005528484327,-0.6727454098126368
47,1558184400,441,1109,668,1550,20,0.003447233288337133,-0.22786420991495793
47,1558198800,591,1471,880,2062,20,0.25466435917590835,0.06416037258197993
47,1558213200,479,1223,744,1702,20,0.09350620294614569,-0.1411694119861795
47,1558227600,286,629,343,915,20,-0.38167336064308105,-0.5900431354726836
47,1558242000,70,100,30,170,20,-0.7525741172601084,-1.0149617174262358
47,1558256400,79,298,219,377,20,-0.5286116795584529,-0.8968970912995441
47,1558270800,370,835,465,1205,20,-0.237105014613441,-0.4246385867927774
47,1558285200,442,1115,673,1557,20,0.009372165502666643,-0.2238716863261326
47,1558299600,377,965,588,1342,20,-0.09135168214093503,-0.3464991965543389
47,1558314000,179,348,169,527,20,-0.587861001701748,-0.8113430143961443
47,1558328400,34,72,38,106,20,-0.7430942257171812,-1.051464790238353
47,1558342800,1359,3371,2012,4730,20,1.5960690125001096,1.585882220437117
47,1558357200,989,3826,2837,4815,20,2.573682827864479,1.6343628640157102
47,1558371600,1342,2283,941,3625,20,0.3269485321907284,0.9556338539154055
47,1558386000,2163,1769,0,3932,20,-0.7881237105460854,1.1307345313110302
47,1558400400,461,538,77,999,21,-0.7653444784578768,-0.5746799869416589
47,1558414800,65,110,45,175,21,-0.8042782885576788,-1.0496715896025042
47,1558428536,312,968,656,1280,21,-0.06088585196458397,-0.4126986272963949
47,1558428614,5,21,16,26,21,-0.8395620539606243,-1.1355620614428754
47,1558428704,1340,3148,1808,4488,21,1.3407313116282888,1.4365405248103906
47,1558428784,16,57,41,73,21,-0.8091450148201541,-1.1084690938153756
47,1558429200,82,274,192,356,21,-0.6254260984117133,-0.9453348419306437
47,1558443600,1086,3578,2492,4664,21,2.172941502511557,1.537995041883581
47,1558458000,1445,2629,1184,4074,21,0.5815220146821494,1.1978918312405
47,1558472400,2290,1822,0,4112,21,-0.8590289590105255,1.2197967837903934
47,1558486800,562,378,0,940,21,-0.8590289590105255,-0.6086903080059669
47,1558501200,58,72,14,130,21,-0.841995417091862,-1.0756116649905356
47,1558515600,1327,3386,2059,4713,21,1.646118384598611,1.5662409017505488
47,1558530000,1089,4114,3025,5203,21,2.8214327769863843,1.848699500420226
47,1558544400,1482,2652,1170,4134,21,0.564488472763486,1.232478598424542
47,1558558800,2199,2005,0,4204,21,-0.8590289590105255,1.2728298268059246
47,1558573200,525,568,43,1093,21,-0.8067116516889165,-0.5204940516866595
47,1558587600,66,63,0,129,21,-0.8590289590105255,-1.0761881111102698
47,1558602000,1417,3410,1993,4827,21,1.5658174012677692,1.6319557594002287
47,1558616400,1103,3879,2776,4982,21,2.5184790671473,1.7213049079590041
47,1558630800,1500,2721,1221,4221,21,0.6265392326100454,1.2826294108414034
47,1558645200,2078,1508,0,3586,21,-0.8590289590105255,0.9165861248102909
47,1558659600,463,601,138,1064,21,-0.6911269029551291,-0.5372109891589466
47,1558674000,80,116,36,196,21,-0.8152284226482481,-1.0375662210880894
47,1558685244,141,593,452,734,21,-0.30908889135082185,-0.7274382086711783
47,1558688400,1026,2881,1855,3907,21,1.397915345212373,1.1016253292449163
47,1558702800,913,3380,2467,4293,21,2.1425244633710867,1.3241335314622538
47,1558717200,1764,2472,708,4236,21,0.002381589447594308,1.2912761026374138
47,1558731600,1215,1586,371,2801,21,-0.4076400981659457,0.46407592081907306
47,1558746000,365,569,204,934,21,-0.6108259196242876,-0.6121489847243712
47,1558760400,68,75,7,143,21,-0.8505121880511937,-1.0681178654339931
47,1558774800,132,613,481,745,21,-0.27380512594787626,-0.7210973013541039
47,1558789200,403,1261,858,1664,21,0.18488382429041628,-0.19134331731852527
47,1558803600,549,1435,886,1984,21,0.21895090812774304,-0.006880559003633937
47,1558818000,378,1253,875,1631,21,0.2055674109059361,-0.21036603926974845
47,1558832400,225,524,299,749,21,-0.4952411708905003,-0.7187915168751677
47,1558846800,55,73,18,128,21,-0.8371286908293868,-1.0767645572300037
47,1558861200,105,377,272,482,21,-0.5280915731622082,-0.8727026308441552
47,1558875600,316,1008,692,1324,21,-0.0170853156023067,-0.38733499802809734
47,1558890000,389,1297,908,1686,21,0.24571790257135692,-0.1786615026843765
47,1558904400,322,1038,716,1360,21,0.012115041972544814,-0.3665829377176721
47,1558918800,218,431,213,649,21,-0.5998757855337182,-0.7764361288485713
47,1558933200,31,93,62,124,21,-0.783594701942159,-1.07907034170894
47,1558947600,106,404,298,510,21,-0.49645785245611906,-0.8565621394916022
47,1558962000,370,844,474,1214,21,-0.282321896907208,-0.45074407119884125
47,1558976400,481,1103,622,1584,21,-0.10225302519562363,-0.2374590068972481
47,1558990800,399,859,460,1258,21,-0.29935543882587135,-0.4253804419305437
47,1559005200,192,387,195,579,22,-0.6707874907645913,-0.9603243348537431
47,1559019600,35,82,47,117,22,-0.827039509576409,-1.2121233375225453
47,1559034000,1356,3537,2181,4893,22,1.4259456805885828,1.390889729027669
47,1559048400,975,3673,2698,4648,22,1.9717719895460808,1.2573599548851222
47,1559062800,1347,2230,883,3577,22,0.055573245333587824,0.6736440850619901
47,1559077200,2173,1605,0,3778,22,-0.8766600831179997,0.783193001807508
47,1559091600,457,399,0,856,22,-0.8766600831179997,-0.8093539371497211
47,1559106000,81,105,24,186,22,-0.8513219179052726,-1.1745169929681138
47,1559120400,1464,3430,1966,4894,22,1.1989579505579018,1.3914347485139649
47,1559134800,1049,4018,2969,5067,22,2.2578821050731253,1.4857231196431917
47,1559149200,1453,2441,988,3894,22,0.16642771813926924,0.8464152622178565
47,1559163600,2121,1908,0,4029,22,-0.8766600831179997,0.9199928928678311
47,1559178000,470,393,0,863,22,-0.8766600831179997,-0.8055388007456483
47,1559192400,64,88,24,152,22,-0.8513219179052726,-1.1930476555021814
47,1559203737,168,706,538,874,22,-0.3086628795993654,-0.7995435863963911
47,1559206800,1455,3570,2115,5025,22,1.356265726253583,1.4628323012187552
47,1559221200,1055,4182,3127,5237,22,2.424691692723579,1.57837643231353
47,1559235600,1399,2702,1303,4101,22,0.4989911365563135,0.959234295881151
47,1559250000,2561,2049,0,4610,22,-0.8766600831179997,1.23664921440587
47,1559264400,539,489,0,1028,22,-0.8766600831179997,-0.7156105855067905
47,1559278800,82,94,12,176,22,-0.8639910005116361,-1.179967187831075
47,1559293200,1200,3325,2125,4525,22,1.3668232950922194,1.1903225580707009
47,1559307600,986,3839,2853,4825,22,2.135414306544944,1.3538284039595334
47,1559322000,1631,2769,1138,4400,22,0.32479125071881415,1.1221951222836875
47,1559336400,1845,1861,16,3706,22,-0.8597679729761816,0.743951598794188
47,1559350800,467,768,301,1235,22,-0.5588772610750463,-0.602791551843496
47,1559365200,105,145,40,250,22,-0.8344298077634544,-1.139635745845163
47,1559379600,148,656,508,804,22,-0.34033558611527437,-0.8376949504371187
47,1559394000,448,1295,847,1743,22,0.017565997514497056,-0.3259216528050729
47,1559408400,568,1771,1203,2339,22,0.3934154481699502,-0.001090038972592217
47,1559422800,505,1291,786,1796,22,-0.04683517240118453,-0.2970356200313791
47,1559437200,310,785,475,1095,22,-0.37517556328277424,-0.6790942799249512
47,1559451600,76,95,19,171,22,-0.8566007023245907,-1.1826922852625554
47,1559466000,106,369,263,475,22,-0.5989960226618644,-1.0170063614285385
47,1559480400,390,1024,634,1414,22,-0.20731021874845668,-0.5052330637964926
47,1559494800,447,1471,1024,1918,22,0.20443496595836003,-0.23054324270325388
47,1559509200,464,1235,771,1699,22,-0.06267152565913901,-0.34990251020210167
47,1559523600,213,557,344,770,22,-0.5134797150689101,-0.8562256129711865
47,1559538000,30,94,64,124,22,-0.8090916425507272,-1.2083082011184725
47,1559548612,649,1478,829,2127,22,-0.0014376263950483302,-0.11663417006736722
47,1559548692,14,40,26,54,22,-0.8492104041375452,-1.2464595651592
47,1559548785,123,438,315,561,22,-0.5440966647009554,-0.9701346856070732
47,1559548865,4,9,5,13,22,-0.8713812986986815,-1.2688053640973405
47,1559552400,669,2032,1363,2701,22,0.5623365495881314,0.19620701506659904
47,1559566800,891,3789,2898,4680,22,2.1829233663188075,1.2748005784465977
47,1559581200,1371,2481,1110,3852,22,0.2952300579706324,0.8235244437934199
47,1559595600,2219,1947,0,4166,22,-0.8766600831179997,0.994660562490398
47,1559610000,502,401,0,903,23,-0.8951147333510509,-0.8893609509974705
47,1559624400,36,82,46,118,23,-0.8476230635308105,-1.3323804241287909
47,1559638800,1376,3672,2296,5048,23,1.4753390472418129,1.4498947383392473
47,1559653200,1016,3955,2939,4971,23,2.1391899971203894,1.406439325051207
47,1559667600,1427,2557,1130,3984,23,0.27152846005919995,0.8494199365408716
47,1559682000,2180,1905,0,4085,23,-0.8951147333510509,0.9064198942303789
47,1559696400,485,607,122,1092,23,-0.7691585655669353,-0.7826976638359169
47,1559710800,84,121,37,205,23,-0.856914911973901,-1.2832814506734727
47,1559725200,1355,3531,2176,4886,23,1.3514477346672729,1.3584690636293442
47,1559739600,1084,3884,2800,4968,23,1.9956825600548804,1.4047462570010236
47,1559754000,1469,2598,1129,4067,23,0.2704960324544121,0.8962614859292787
47,1559768400,2083,1922,0,4005,23,-0.8951147333510509,0.8612714128921553
47,1559782800,491,505,14,996,23,-0.8806607468840212,-0.8368758414417854
47,1559797200,82,93,11,175,23,-0.8837580296983847,-1.3002121311753065
47,1559811100,1213,3210,1997,4423,23,1.1666431934102508,1.0971722278843743
47,1559811600,345,1144,799,1489,23,-0.07020507712557261,-0.5586483251949815
47,1559826000,1013,4056,3043,5069,23,2.2465624680183236,1.4617462146905311
47,1559840400,1550,2689,1139,4239,23,0.28082030850229045,0.9933307208064597
47,1559854800,2280,1995,0,4275,23,-0.8951147333510509,1.0136475374086604
47,1559869200,576,456,0,1032,23,-0.8951147333510509,-0.8165590248395846
47,1559883600,93,91,0,184,23,-0.8951147333510509,-1.2951329270247562
47,1559898000,1133,3404,2271,4537,23,1.449528357122117,1.1615088137913432
47,1559912400,926,3715,2789,4641,23,1.9843258564022144,1.2202018395310341
47,1559926800,1744,2653,909,4397,23,0.043361959401088966,1.0824989714494515
47,1559941200,1784,1742,0,3526,23,-0.8951147333510509,0.5909448808795406
47,1559955600,420,587,167,1007,23,-0.7226993233514828,-0.8306679252577795
47,1559970000,62,69,7,131,23,-0.887887740117536,-1.3250437959113295
47,1559984400,136,687,551,823,23,-0.3262471231129551,-0.9345094323356942
47,1559998800,414,1210,796,1624,23,-0.07330235993993611,-0.48246026293672895
47,1560013200,602,1558,956,2160,23,0.0918860568261171,-0.17996543797062986
47,1560027600,446,1166,720,1612,23,-0.1517668579038114,-0.4892325351374625
47,1560042000,259,746,487,1005,23,-0.3923224898193764,-0.8317966372912352
47,1560056400,67,73,6,140,23,-0.8889201677223239,-1.3199645917607794
47,1560070800,99,332,233,431,23,-0.6545591014354859,-1.1557369908929906
47,1560085200,363,1066,703,1429,23,-0.16931812718520456,-0.5925096861986493
47,1560099600,456,1306,850,1762,23,-0.017551269281393153,-0.404579132628293
47,1560114000,385,259,0,644,23,-0.8951147333510509,-1.0355291593299698
47,1560128400,594,1417,823,2011,23,-0.04542681461066463,-0.26405448446307156
47,1560142800,27,88,61,115,23,-0.8321366494589931,-1.3340734921789743
47,1560153781,671,1697,1026,2368,23,0.1641559891612654,-0.06257938649124813
47,1560157200,632,1938,1306,2570,23,0.4532357185018585,0.05142052888776683
47,1560171600,926,3767,2841,4693,23,2.0380120918511815,1.2495483524008795
47,1560186000,1370,2338,968,3708,23,0.1042751880835711,0.6936576759239996
47,1560200400,2056,1467,0,3523,23,-0.8951147333510509,0.5892518128293572
47,1560214800,416,404,0,820,24,-0.8812482612457975,-1.1240819822692576
47,1560229200,87,121,34,208,24,-0.8521226223726047,-1.4382255532664727
47,1560243600,1358,3665,2307,5023,24,1.0950119999440713,1.0333451891380865
47,1560258000,1057,3934,2877,4991,24,1.5832947692887722,1.016919381504245
47,1560272400,1517,2426,909,3943,24,-0.10256573960661639,0.4789741814959423
47,1560286800,2194,1654,0,3848,24,-0.8812482612457975,0.43021006508297593
47,1560301200,466,601,135,1067,24,-0.7656023421904735,-0.9972952795955451
47,1560315600,42,66,24,108,24,-0.8606889867470732,-1.4895562021222268
47,1560330000,1355,3686,2331,5041,24,1.1155712744427955,1.042584705932122
47,1560333190,144,368,224,512,24,-0.6893616992577044,-1.2821803807449803
47,1560341012,282,657,375,939,24,-0.560009597203231,-1.0629985101309103
47,1560344400,978,4078,3100,5056,24,1.7743246948394182,1.0502843032604852
47,1560358800,1553,2614,1061,4167,24,0.027642998885303877,0.5939548349328314
47,1560373200,2290,2034,0,4324,24,-0.8812482612457975,0.6745439536363653
47,1560387600,533,642,109,1175,24,-0.7878748895640915,-0.9418581788313307
47,1560402000,94,93,0,187,24,-0.8812482612457975,-1.449004989526181
47,1560416400,1330,3605,2275,4935,24,1.0675996339457723,0.9881742181450228
47,1560430800,1020,4264,3244,5284,24,1.8976803418317638,1.1673181826516046
47,1560445200,1542,2687,1145,4229,24,0.09960045963083876,0.6257798372233989
47,1560459600,2181,1695,0,3876,24,-0.8812482612457975,0.4445826467625871
47,1560474000,495,593,98,1088,24,-0.7972978903760067,-0.9865158433358368
47,1560488400,61,60,0,121,24,-0.8812482612457975,-1.4828832177709788
47,1560502800,1125,3329,2204,4454,24,1.0067784468870464,0.7412737971488457
47,1560517200,927,3920,2993,4847,24,1.682664596032606,0.9430032471519592
47,1560531600,1677,2800,1123,4477,24,0.0807544580070082,0.753079846385669
47,1560546000,1679,1858,179,3537,24,-0.7279103389428124,0.2705717471415807
47,1561165200,8778,9076,298,17854,25,-0.5023502232256444,3.801194199071311
47,1561179600,123,135,12,258,25,-0.8643968351765917,-0.6362970887576763
47,1561194000,157,606,449,763,25,-0.3111997392935008,-0.5089424001719955
47,1561208400,472,1199,727,1671,25,0.04071969470077667,-0.27995614821992004
47,1561222800,690,1642,952,2332,25,0.32554657473211634,-0.1132602092988607
47,1561237200,509,1199,690,1708,25,-0.00611850334882142,-0.27062521064037515
47,1561251600,372,737,365,1109,25,-0.4175351078385343,-0.421685524428143
47,1561266000,76,127,51,203,25,-0.8150268426378262,-0.6501674013759188
47,1561280400,110,336,226,446,25,-0.5934948248356731,-0.5888858383535021
47,1561294800,444,929,485,1373,25,-0.26562743848848647,-0.3551080238605792
47,1561309200,518,1337,819,1855,25,0.15718224120248,-0.2335536478243453
47,1561323600,469,1021,552,1490,25,-0.18081232310137643,-0.32560208610904523
47,1561338000,282,563,281,845,25,-0.5238704763835678,-0.4882630249957068
47,1561352400,44,79,35,123,25,-0.8352811985511659,-0.6703424015479078
47,1561366800,1263,3722,2459,4985,25,2.2332537223198003,0.5557932339047256
47,1561381200,919,3912,2993,4831,25,2.9092428509275132,0.5169563585736466
47,1561395600,1451,2564,1113,4015,25,0.5293560311100972,0.31117135681935854
47,1561410000,2293,1906,0,4199,25,-0.8795876021115965,0.35757385721493334
47,1561424400,482,627,145,1109,26,-0.8137338797502829,-0.872889901902459
47,1561438800,76,130,54,206,26,-0.8976973496459547,-1.3690043711669866
47,1561453200,1275,3638,2363,4913,26,1.232760364520049,1.217054108155418
47,1561467600,968,4240,3272,5208,26,2.0714723879834085,1.3791291562540178
47,1561482000,1378,2557,1179,3935,26,0.14031258038295566,0.6797341181878566
47,1561496400,2240,1762,0,4002,26,-0.9475218262873424,0.7165443833492334
47,1561510800,742,435,0,1177,26,-0.9475218262873424,-0.835530229798375
47,1561525200,117,64,0,181,26,-0.9475218262873424,-1.3827395447346644
47,1561539600,1292,3674,2382,4966,26,1.2502911988938705,1.2461726761188954
47,1561554000,1031,4178,3147,5209,26,1.9561379513135293,1.379678563196725
47,1561568400,1399,2490,1091,3889,26,0.05911713696736089,0.6544613988233291
47,1561582800,2298,1939,0,4237,26,-0.9475218262873424,0.8456550148854062
47,1561597200,751,751,0,1502,26,-0.9475218262873424,-0.6569729734185616
47,1561611600,92,95,3,187,26,-0.9447537998072654,-1.3794431030784218
47,1561626000,1241,3485,2244,4726,26,1.1229619808103242,1.114315009869187
47,1561640400,1010,4362,3352,5372,26,2.1452864274521306,1.4692318948579852
47,1561654800,1504,2949,1445,4453,26,0.38574426161645803,0.9643269145101437
47,1561669200,2232,1960,0,4192,26,-0.9475218262873424,0.8209317024635859
47,1561683600,610,774,164,1384,26,-0.7962030453764612,-0.7218029926580015
47,1561698000,77,73,0,150,26,-0.9475218262873424,-1.3997711599585851
47,1561712400,986,3342,2356,4328,26,1.2263016360665357,0.895651046671754
47,1561726800,830,3947,3117,4777,26,1.9284576865127585,1.1423347639472499
47,1561741200,1678,2823,1145,4501,26,0.10894161360874859,0.9906984477600854
47,1561755600,1800,2057,257,3857,26,-0.7103942244940713,0.6368803766567014
47,1561770000,616,871,255,1487,26,-0.7122395754807894,-0.6652140775591684
47,1561784400,113,139,26,252,26,-0.9235322634600076,-1.3437316518024591
47,1561798800,116,684,568,800,26,-0.42344214605941255,-1.0426566471989585
47,1561813200,407,1385,978,1792,26,-0.045145193782209665,-0.4976449600334974
47,1561827600,559,1785,1226,2344,26,0.18367832857083013,-0.19437232765916823
47,1561842000,420,1416,996,1836,26,-0.028537034901747096,-0.4734710545543842
47,1561856400,319,752,433,1071,26,-0.5480033376628818,-0.8937673657253294
47,1561870800,83,124,41,207,26,-0.9096921310596221,-1.3684549642242794
47,1561885200,93,421,328,514,26,-0.6448842644655801,-1.1997870328131943
47,1561899600,401,1170,769,1571,26,-0.23798437189424723,-0.6190638943717705
47,1561914000,470,1863,1393,2333,26,0.33776513596178837,-0.20041580402894651
47,1561928400,382,1913,1531,2295,26,0.4650943540453347,-0.22129326785181702
47,1561942800,228,822,594,1050,26,-0.3994525832320777,-0.905304911522179
47,1561957200,40,115,75,155,26,-0.8783211642854151,-1.3970241252450497
47,1561971600,1218,3487,2269,4705,26,1.1460288681442998,1.1027774640723376
47,1561986000,912,3846,2934,4758,26,1.759608071228056,1.1318960320358147
47,1562000400,1431,2430,999,3861,26,-0.025769008421670004,0.6390780044275298
47,1562014800,2175,1640,0,3815,26,-0.9475218262873424,0.6138052850630024
47,1562029200,425,598,173,1023,27,-0.5780880813012313,-0.2815122518651073
47,1562043600,90,129,39,219,27,-0.7688702185975922,-0.823198020872967
47,1562058000,1289,3505,2216,4794,27,2.3306276388216434,2.2591557020262343
47,1562072400,962,3824,2862,4786,27,3.2503683902652933,2.2537657938769025
47,1562086800,1387,2588,1201,3975,27,0.8855241361663728,1.7073638552383774
47,1562101200,2057,1556,0,3613,27,-0.8243963630345927,1.463470511481107
47,1562115600,487,713,226,1200,27,-0.5026294747586408,-0.16226053406113822
47,1562130000,95,117,22,212,27,-0.7930739225829514,-0.8279141905036325
47,1562143404,984,2592,1608,3576,27,1.4649892845217374,1.438542186290447
47,1562144400,288,1134,846,1422,27,0.3800938470603422,-0.012690582917176967
47,1562158800,930,3648,2718,4578,27,3.0453487800363686,2.113628181994272
47,1562173200,1923,2677,754,4600,27,0.24910909608075116,2.128450429404935
47,1562187600,1344,1595,251,2939,27,-0.46703579242723026,1.0093707498998916
47,1562202000,324,580,256,904,27,-0.4599170559609482,-0.3616871355864199
47,1562216400,77,82,5,159,27,-0.8172776265683107,-0.8636223319929566
47,1562230253,52,146,94,198,27,-0.6905641174684889,-0.8373465297649634
47,1562230334,0,2,2,2,27,-0.82154886844808,-0.9693992794235958
47,1562230414,2,0,0,2,27,-0.8243963630345927,-0.9693992794235958
47,1562230495,2,1,0,3,27,-0.8243963630345927,-0.9687255409049293
47,1562230575,102,564,462,666,27,-0.16662511355012474,-0.522036903029045
47,1562230659,3,14,11,17,27,-0.8087351428087721,-0.9592932016435984
47,1562230739,2,8,6,10,27,-0.8158538792750543,-0.9640093712742639
47,1562230800,4,12,8,16,27,-0.8130063846885414,-0.9599669401622649
47,1562245200,321,1110,789,1431,27,0.298940251344726,-0.006626936249178539
47,1562259600,455,1266,811,1721,27,0.33026269179636736,0.18875723416410417
47,1562274000,446,898,452,1344,27,-0.180862586482689,-0.06524218737316335
47,1562288400,250,1737,1487,1987,27,1.2927158620377102,0.3679716801293911
47,1562302800,48,101,53,149,27,-0.7489377564920023,-0.8703597171796215
47,1562315612,107,566,459,673,27,-0.170896355429894,-0.5173207333983796
47,1562315693,4,13,9,17,27,-0.8115826373952849,-0.9592932016435984
47,1562315773,2,7,5,9,27,-0.8172776265683107,-0.9646831097929304
47,1562315863,445,1473,1028,1918,27,0.6392158544330114,0.32148372234140316
47,1562315943,9,38,29,47,27,-0.7831076915301565,-0.9390810460836037
47,1562317200,86,450,364,536,27,-0.3061523482892543,-0.6096229104556891
47,1562331600,543,2267,1724,2810,27,1.6301439705394827,0.9224584809919141
47,1562346000,1006,2081,1075,3087,27,0.7061319772160634,1.1090840506625324
47,1562360400,877,1624,747,2501,27,0.2391428650279562,0.7142732787239681
47,1562374800,379,671,292,1050,27,-0.40866215340371687,-0.2633213118611121
47,1562389200,74,86,12,160,27,-0.8073113955155157,-0.8629485934742901
47,1562403600,104,570,466,674,27,-0.16093012437709905,-0.5166469948797131
47,1562418000,338,906,568,1244,27,-0.015707900464943764,-0.13261603923981258
47,1562432400,447,1342,895,1789,27,0.449857464429907,0.23457145343342564
47,1562446800,341,1096,755,1437,27,0.2505328433740076,-0.0025845051371795854
47,1562461200,261,587,326,848,27,-0.36025474543299846,-0.39941649263174345
47,1562475600,64,76,12,140,27,-0.8073113955155157,-0.8764233638476199
47,1562490000,97,371,274,468,27,-0.4342896046823325,-0.6554371297250104
47,1562504400,310,917,607,1227,27,0.039818243972056785,-0.14406959405714292
47,1562518800,412,1213,801,1625,27,0.3160252188638031,0.12407833637212094
47,1562533200,378,1065,687,1443,27,0.15371802743257074,0.0014579259748193673
47,1562547600,178,462,284,640,27,-0.4200521317497683,-0.5395541045143738
47,1562562000,41,102,61,143,27,-0.7375477781459508,-0.8744021482916204
47,1562574732,966,2426,1460,3392,27,1.2542746851197868,1.3145742988558125
47,1562574801,12,42,30,54,27,-0.7816839442369,-0.9343648764529382
47,1562574893,16,39,23,55,27,-0.7916501752896951,-0.9336911379342717
47,1562574962,238,991,753,1229,27,0.24768534878749474,-0.14272211701980994
47,1562575043,8,11,3,19,27,-0.8201251211548235,-0.9579457246062655
47,1562575124,4,14,10,18,27,-0.8101588901020286,-0.958619463124932
47,1562576400,274,987,713,1261,27,0.19073545705723777,-0.1211624844224822
47,1562590800,967,3569,2602,4536,27,2.880194094018623,2.0853311642102796
47,1562605200,1259,2154,895,3413,27,0.449857464429907,1.3287228077478088
47,1562619600,2073,1809,0,3882,27,-0.8243963630345927,1.6447061730023935
47,1562634000,452,341,0,793,28,-0.903062708305133,-0.8665857646892831
47,1562648400,68,88,20,156,28,-0.8832090105098138,-1.1977847639839834
47,1562662800,1368,3742,2374,5110,28,1.4535712199992552,1.3779763702482692
47,1562677200,994,3726,2732,4720,28,1.8089524105354688,1.1752014727209017
47,1562691600,1452,2542,1090,3994,28,0.1789638215397631,0.7977282019391869
47,1562706000,2262,1889,0,4151,28,-0.903062708305133,0.8793580965848194
47,1562720400,468,597,129,1065,28,-0.7750063575253242,-0.7251632720548115
47,1562734800,50,86,36,136,28,-0.8673260522735585,-1.2081834766776944
47,1562749200,1335,3601,2266,4936,28,1.3463612519045316,1.287507569812982
47,1562763600,1080,4387,3307,5467,28,2.379746222150896,1.5635933918310132
47,1562778000,1436,2894,1458,4330,28,0.5442718609736363,0.9724265751935343
47,1562792400,2107,1857,0,3964,28,-0.903062708305133,0.7821301328986202
47,1562806800,466,618,152,1084,28,-0.7521746050607072,-0.7152844949957858
47,1562821200,72,96,24,168,28,-0.87923827095075,-1.1915455363677565
47,1562835600,1408,3619,2211,5027,28,1.291763582967404,1.334821712569368
47,1562850000,1050,4071,3021,5121,28,2.095838343677831,1.3836956622298104
47,1562864400,1554,2922,1368,4476,28,0.4549302208946999,1.0483371778576256
47,1562878800,2035,2081,46,4116,28,-0.8573992033758989,0.861160349370825
47,1562893200,450,420,0,870,28,-0.903062708305133,-0.8265507208184951
47,1562907600,69,91,22,160,28,-0.8812236407302819,-1.1957050214452412
47,1562922000,1145,3236,2091,4381,28,1.1726413961954887,0.9989432925624977
47,1562936400,940,3878,2938,4818,28,2.0134454978272567,1.2261551649200864
47,1562950800,1590,2712,1122,4302,28,0.2107297380122738,0.9578683774223387
47,1562965200,1768,2358,590,4126,28,-0.3173786233432168,0.8663597057176805
47,1562979600,447,677,230,1124,28,-0.6747451836589623,-0.6944870696083635
47,1562994000,83,55,0,138,28,-0.903062708305133,-1.2071436054083233
47,1563008400,122,713,591,835,28,-0.3163859384534508,-0.8447484680324897
47,1563022800,416,1562,1146,1978,28,0.23455417536665685,-0.2504620375868973
47,1563037200,630,1657,1027,2287,28,0.11642467348450762,-0.08980192646905998
47,1563051600,537,1571,1034,2108,28,0.12337346771286935,-0.1828704050777748
47,1563066000,407,845,438,1252,28,-0.4682667265876427,-0.6279353083686121
47,1563080400,58,79,21,137,28,-0.8822163256200479,-1.207663541043009
47,1563094800,90,434,344,524,28,-0.5615791062256429,-1.006448450419698
47,1563109200,376,990,614,1366,28,-0.29355418598883376,-0.5686626460144586
47,1563123600,458,1473,1015,1931,28,0.10451245480731611,-0.2748990124171185
47,1563138000,386,1157,771,1543,28,-0.13770265829557807,-0.47663403867511484
47,1563152400,214,517,303,731,28,-0.6022791867060472,-0.8988217740397877
47,1563166800,28,70,42,98,28,-0.8613699429349627,-1.2279410307957457
47,1563180712,279,1211,932,1490,28,0.02211960895674145,-0.5041906273134494
47,1563180792,7,28,21,35,28,-0.8822163256200479,-1.2606969757809359
47,1563180877,1266,3388,2122,4654,28,1.2034146277782334,1.140885720831655
47,1563180957,10,58,48,68,28,-0.855413833596367,-1.2435390998363123
47,1563181200,54,175,121,229,28,-0.7829478366434519,-1.1598294626519376
47,1563195600,950,3957,3007,4907,28,2.0819407552211078,1.272429436407101
47,1563210000,1461,2484,1023,3945,28,0.11245393392544378,0.7722513558395946
47,1563224400,2345,1951,0,4296,28,-0.903062708305133,0.9547487636142253
47,1563238800,432,457,25,889,29,-0.7971138978909414,-0.6525583317082243
47,1563253200,66,85,19,151,29,-0.8034350532422524,-1.033880618456733
47,1563267600,1367,3601,2234,4968,29,1.5301247972833332,1.4550481827188315
47,1563282000,1078,3994,2916,5072,29,2.2486294555489987,1.5087846567321717
47,1563296400,1502,2809,1307,4311,29,0.5535062955058082,1.1155783420768666
47,1563310800,2483,2168,0,4651,29,-0.82345204518807,1.2912552763512473
47,1563325200,450,621,171,1071,29,-0.643299117675711,-0.5585195021848793
47,1563339600,86,76,0,162,29,-0.82345204518807,-1.0281969529360913
47,1563352741,273,1262,989,1535,29,0.21848506188633365,-0.3187721565869009
47,1563352821,11,25,14,36,29,-0.808702682701678,-1.0933007579907148
47,1563352911,1180,2951,1771,4131,29,1.0423423093405133,1.0225729062845472
47,1563352991,18,48,30,66,29,-0.7918462684315158,-1.0777998520253282
47,1563353071,16,48,32,64,29,-0.7897392166477455,-1.0788332457563539
47,1563354000,170,605,435,775,29,-0.365168282218034,-0.7114617743766931
47,1563368400,1112,4242,3130,5354,29,2.4740839964124186,1.654493172806805
47,1563382800,1529,2608,1079,4137,29,0.3133023921559963,1.0256730874776245
47,1563397200,2301,2042,0,4343,29,-0.82345204518807,1.1321126417732787
47,1563411600,394,559,165,953,29,-0.6496202730270219,-0.6194897323153996
47,1563426000,88,73,0,161,29,-0.82345204518807,-1.028713649801604
47,1563440400,1333,3524,2191,4857,29,1.484823183932272,1.3976948306469015
47,1563454800,1130,4144,3014,5274,29,2.3518749929537424,1.6131574235657742
47,1563469200,1478,2687,1209,4165,29,0.45026075810106453,1.0401405997119852
47,1563483600,2269,2025,0,4294,29,-0.82345204518807,1.1067944953631474
47,1563498000,456,480,24,936,29,-0.7981674237828267,-0.6282735790291187
47,1563512400,62,79,17,141,29,-0.8055421050260226,-1.0390475871118618
47,1563526230,235,1193,958,1428,29,0.18582575923789432,-0.3740587211967795
47,1563526310,9,9,0,18,29,-0.82345204518807,-1.1026013015699467
47,1563526402,1025,2942,1917,3967,29,1.1961570895557436,0.9378346203404342
47,1563526480,20,41,21,61,29,-0.801328001458482,-1.0803833363528925
47,1563526560,11,55,44,66,29,-0.7770969059451238,-1.0777998520253282
47,1563526800,42,159,117,201,29,-0.7001895158375085,-1.0080457751810887
47,1563541200,929,3740,2811,4669,29,2.138009236901059,1.3005558199304792
47,1563555600,1644,2896,1252,4540,29,0.49556237145212556,1.233901924279317
47,1563570000,1692,1883,191,3575,29,-0.6222285998380083,0.7352894490593835
47,1563584400,338,546,208,884,29,-0.6043186596759609,-0.6551418160357887
47,1563598800,64,64,0,128,29,-0.82345204518807,-1.0457646463635293
47,1563613200,117,599,482,716,29,-0.3156525652994324,-0.7419468894419533
47,1563627600,324,1331,1007,1655,29,0.2374485279402662,-0.2567685327253547
47,1563642000,457,1465,1008,1922,29,0.23850205383215134,-0.11881046963341457
47,1563656400,402,1167,765,1569,29,-0.017504737895937744,-0.3012044631594628
47,1563670800,251,599,348,850,29,-0.45682503481204123,-0.6727095094632267
47,1563685200,51,89,38,140,29,-0.7834180612964347,-1.0395642839773747
47,1563699600,104,307,203,411,29,-0.6095862891353866,-0.899539433423383
47,1563714000,298,970,672,1268,29,-0.11548264584125578,-0.45673021967884103
47,1563728400,382,1289,907,1671,29,0.13209593875175216,-0.2485013828771486
47,1563742800,341,923,582,1264,29,-0.2102999761109184,-0.45879700714089255
47,1563757200,219,398,179,617,29,-0.6348709105406299,-0.7930998791277288
47,1563771600,34,81,47,115,29,-0.7739363282694685,-1.052481705615197
47,1563786000,1341,3493,2152,4834,29,1.4437356741487517,1.385810802740105
47,1563800400,960,3851,2891,4811,29,2.22229130825187,1.3739267748333088
47,1563814800,1450,2413,963,3863,29,0.19109338869732,0.8840981463270943
47,1563829200,2026,2135,109,4161,29,-0.7086177229725897,1.0380738122499338
47,1563843600,372,384,12,756,30,-0.835754217968916,-0.6444108972484158
47,1563858000,67,88,21,155,30,-0.8250056296723807,-0.9827836479644703
47,1563872400,1386,3397,2011,4783,30,1.5516266714504214,1.6228554374163953
47,1563879451,678,2813,2135,3491,30,1.6997183324249074,0.8954384758105011
47,1563886800,577,1747,1170,2324,30,0.5472308095186241,0.238398542223753
47,1563901200,1419,2779,1360,4198,30,0.7741454513343691,1.2934909462867914
47,1563915600,2137,1984,0,4121,30,-0.850085669030963,1.2501386970269974
47,1563930000,446,585,139,1031,30,-0.684079694228918,-0.48958143560629436
47,1563944400,78,76,0,154,30,-0.850085669030963,-0.9833466641886235
47,1563955651,774,1853,1079,2627,30,0.4385506389647673,0.4089924581421632
47,1563958800,560,1794,1234,2354,30,0.623665215182875,0.25528902894834804
47,1563973200,985,4097,3112,5082,30,2.866537306393238,1.7911972884381928
47,1563987600,1411,2726,1315,4137,30,0.7204025098516926,1.259146956613448
47,1564002000,2243,2212,0,4455,30,-0.850085669030963,1.4381861158941558
47,1564016400,444,729,285,1173,30,-0.5097137063073457,-0.40963313177654437
47,1564030800,60,89,29,149,30,-0.8154513289643494,-0.9861617453093893
47,1564045200,1291,3512,2221,4803,30,1.8024270650362446,1.6341157618994586
47,1564046809,85,367,282,452,30,-0.5132965690728574,-0.8155678293909792
47,1564059600,1034,4246,3212,5280,30,2.98596606524363,1.9026745008205201
47,1564074000,1402,2718,1316,4120,30,0.7215967974401966,1.2495756808028442
47,1564088400,1891,1973,82,3864,30,-0.7521540867736416,1.105443527419633
47,1564102800,478,809,331,1287,30,-0.4547764772361653,-0.34544928222308313
47,1564117200,91,101,10,192,30,-0.8381427931459238,-0.961952047670803
47,1564127337,453,1212,759,1665,30,0.056378610643512725,-0.1326291494931853
47,1564127426,8,33,25,41,30,-0.8202284793183651,-1.0469674975179315
47,1564131600,617,1908,1291,2525,30,0.6917396077275985,0.35156480327853995
47,1564146000,902,3677,2775,4579,30,2.4640623890674167,1.5080001276891488
47,1564160400,1694,2858,1164,4552,30,0.5400650839876006,1.4927986896370133
47,1564174800,1667,2279,612,3946,30,-0.1191816648665636,1.151610857800193
47,1564189200,0,0,0,0,30,-0.850085669030963,-1.0700511627082114
47,1564203600,308,686,378,994,30,-0.398644960576481,-0.5104130358999616
47,1564218000,115,701,586,816,30,-0.15023314216766553,-0.6106299237992256
47,1564219174,23,64,41,87,30,-0.8011198779023023,-1.0210687512068857
47,1564219241,2,3,1,5,30,-0.8488913814424591,-1.0672360815874455
47,1564219315,4,5,1,9,30,-0.8488913814424591,-1.0649840166908329
47,1564219477,5,24,19,29,30,-0.8273942048493885,-1.0537236922077695
47,1564224692,34,38,4,72,30,-0.8453085186769473,-1.0295139945691834
47,1564224694,50,81,31,131,30,-0.8130627537873415,-0.9962960373441463
47,1564224729,121,576,455,697,30,-0.30668481626167915,-0.6776288544734528
47,1564224801,36,136,100,172,30,-0.730656910180571,-0.9732123721538665
47,1564224828,135,97,0,232,30,-0.850085669030963,-0.9394313987046763
47,1564224908,1,3,2,4,30,-0.8476970938539552,-1.0677990978115988
47,1564224988,0,0,0,0,30,-0.850085669030963,-1.0700511627082114
47,1564232400,229,836,607,1065,30,-0.1251531028090832,-0.4704388839850866
47,1564246800,559,1705,1146,2264,30,0.51856790739453,0.20461756877456286
47,1564261200,421,1485,1064,1906,30,0.4206363251372085,0.0030577605277284084
47,1564275600,235,976,741,1211,30,0.03488143405044215,-0.38823851525872394
47,1564290000,79,123,44,202,30,-0.7975370151367905,-0.9563218854292713
47,1564304400,90,377,287,467,30,-0.5073251311303378,-0.8071225860286816
47,1564318800,300,1020,720,1320,30,0.00980139469185982,-0.32686974682602854
47,1564333200,398,1272,874,1670,30,0.19372168332146358,-0.12981406837241943
47,1564347600,337,1255,918,1592,30,0.2462703372156361,-0.17372933385636663
47,1564362000,199,440,241,639,30,-0.5622623602015182,-0.7102837954743365
47,1564376400,25,88,63,113,30,-0.774845550955216,-1.0064303293789034
47,1564390800,1359,3388,2029,4747,30,1.573123848043492,1.6025868533468812
47,1564405200,988,2891,1903,3879,30,1.4226436118919978,1.1138887707819305
47,1564419600,1342,2389,1047,3731,30,0.4003334361326419,1.0305623696072617
47,1564434000,2072,1811,0,3883,30,-0.850085669030963,1.1161408356785432
47,1564448400,458,443,0,901,31,-0.8694125047840289,-0.8469935390162655
47,1564462800,75,107,32,182,31,-0.8385993470111981,-1.2084109601157877
47,1564475988,287,1162,875,1449,31,-0.026865221933186828,-0.571532138790204
47,1564476050,1217,2758,1541,3975,31,0.6144336242138541,0.6982041695510937
47,1564476117,16,27,11,43,31,-0.8588204817996183,-1.2782816437497704
47,1564476188,16,33,17,49,31,-0.8530430147172126,-1.2752656430173683
47,1564476251,30,80,50,110,31,-0.8212669457639807,-1.2446029689046132
47,1564476317,17,34,17,51,31,-0.8530430147172126,-1.274260309439901
47,1564477200,211,595,384,806,31,-0.49965461151005935,-0.8947468839459659
47,1564491600,1121,3878,2757,4999,31,1.7853336195814242,1.212934961214391
47,1564506000,1303,2541,1238,3844,31,0.3226715365523625,0.6323548202269804
47,1564520400,2228,1685,0,3913,31,-0.8694125047840289,0.667038828649605
47,1564534800,456,624,168,1080,31,-0.7076434264766672,-0.7570161838329352
47,1564549200,67,83,16,150,31,-0.8540059258976135,-1.2244962973552658
47,1564563600,1362,3469,2107,4831,31,1.1594413523207987,1.1284869407071312
47,1564578000,1153,4144,2991,5297,31,2.010654835795249,1.3627296642570301
47,1564592400,1285,2742,1457,4027,31,0.5335490850601733,0.7243428425652454
47,1564606800,2126,1991,0,4117,31,-0.8694125047840289,0.7695828535512774
47,1564621200,446,434,0,880,31,-0.8694125047840289,-0.857549541579673
47,1564635600,68,116,48,184,31,-0.8231927681247827,-1.2074056265383204
47,1564650000,1296,3492,2196,4788,31,1.2451404473764842,1.1068722687915826
47,1564664400,974,4024,3050,4998,31,2.067466595438906,1.2124322944256571
47,1564678800,1392,2743,1351,4135,31,0.43148049993767124,0.7786308557484838
47,1564693200,2151,2430,279,4581,31,-0.6007602854521604,1.002820243523709
47,1564707600,464,744,280,1208,31,-0.5997973742717594,-0.692674834875023
47,1564722000,83,105,22,188,31,-0.8482284588152077,-1.2053949593833855
47,1564736400,1113,3067,1954,4180,31,1.0121159417194514,0.8012508612414998
47,1564750800,881,3687,2806,4568,31,1.8325162674210713,0.996285575270171
47,1564765200,1729,2527,798,4256,31,-0.10100938282406093,0.8394535371852602
47,1564779600,1574,2216,642,3790,31,-0.25122352696661104,0.6052108136353612
47,1565398800,7671,8054,383,15725,32,-0.5675383342566609,3.769575810729608
47,1565413200,104,98,0,202,32,-1.1557237335900072,-0.6854382977331652
47,1565427600,111,646,535,757,32,-0.3341070530590926,-0.5261564044008945
47,1565442000,443,1404,961,1847,32,0.32011482713935535,-0.2133325057843627
47,1565456400,546,1717,1171,2263,32,0.6426185708991536,-0.09394283438575975
47,1565470800,432,1355,923,1787,32,0.2617570068399633,-0.23055216992839198
47,1565485200,260,856,596,1116,32,-0.24042739415743689,-0.42312541393911934
47,1565499600,61,84,23,145,32,-1.1204018949877437,-0.7017969786699931
47,1565514000,95,388,293,483,32,-0.7057542244394316,-0.6047928706586282
47,1565528400,360,984,624,1344,32,-0.1974268949894638,-0.3576906901918081
47,1565542800,410,1328,918,1738,32,0.2540783462742538,-0.24461489564601588
47,1565557200,355,1330,975,1685,32,0.3416150767233419,-0.25982559897324176
47,1565571600,199,574,375,773,32,-0.5798241911617961,-0.5215644939624867
47,1565586000,34,88,54,122,32,-1.072794199480345,-0.7083978499252043
47,1565600400,1281,3313,2032,4594,32,1.9648839203143265,0.5750411176097775
47,1565614800,988,3444,2456,4432,32,2.6160343362864906,0.5285480244208984
47,1565629200,1175,2320,1145,3495,32,0.6026895359574643,0.2596342693716413
47,1565643600,2018,2100,82,4118,32,-1.0297937003123718,0.4384317820671453
47,1565658000,404,579,175,983,33,-0.768470414541723,-0.8104855924366743
47,1565672400,69,106,37,175,33,-0.9164049893022753,-1.2511466177208757
47,1565686800,1435,3496,2061,4931,33,1.2533021071858255,1.3426452588282105
47,1565701200,1102,3971,2869,5073,33,2.1194697623055814,1.4200881617865726
47,1565715600,1295,2503,1208,3798,33,0.3388949168180637,0.724738152829448
47,1565730000,2124,1963,0,4087,33,-0.9560686071728582,0.8823508215263962
47,1565744400,472,570,98,1042,33,-0.8510136192994224,-0.7783086116300308
47,1565758800,68,78,10,146,33,-0.945348710451079,-1.266962421846175
47,1565772706,313,1499,1186,1812,33,0.3153111440301496,-0.3583717434755321
47,1565773200,1338,3363,2025,4701,33,1.2147104789874206,1.2172095709379056
47,1565787600,1111,4041,2930,5152,33,2.184861132308434,1.4631725937141122
47,1565802000,1407,2639,1232,4046,33,0.3646226689503337,0.8599905467285593
47,1565816400,2147,2215,68,4362,33,-0.8831733094647599,1.0323282744387172
47,1565830800,451,469,18,920,33,-0.9367727930736557,-0.844844063467497
47,1565845200,69,96,27,165,33,-0.9271248860240545,-1.2566003432813238
47,1565859600,1348,3249,1901,4597,33,1.0817837596373592,1.160490825109246
47,1565874000,989,4051,3062,5040,33,2.326363769035919,1.4020908674370942
47,1565888400,1254,2488,1234,3742,33,0.3667666482946895,0.694197289690939
47,1565902800,2075,2104,29,4179,33,-0.9249809066796987,0.9325250966825182
47,1565917200,474,743,269,1217,33,-0.6677033853569989,-0.6828684143221903
47,1565931600,101,107,6,208,33,-0.9496366691397907,-1.233149323371397
47,1565946000,1024,2800,1776,3824,33,0.9477850506151198,0.7389178392866129
47,1565946084,1,4,3,5,33,-0.9528526381563245,-1.3438599522484922
47,1565960400,901,3705,2804,4606,33,2.049790433614017,1.1653991781136495
47,1565974800,1532,2893,1361,4425,33,0.5029093366612848,1.06668674546954
47,1565989200,1472,2092,620,3564,33,-0.2914350104225506,0.597120974714964
47,1566003600,475,719,244,1194,33,-0.6945031271614468,-0.6954119831112208
47,1566018000,85,122,37,207,33,-0.9164049893022753,-1.233694695927442
47,1566032400,105,679,574,784,33,-0.3407465353427347,-0.9190147310895902
47,1566046800,376,1305,929,1681,33,0.03980979828042531,-0.4298155483174014
47,1566061200,502,1646,1144,2148,33,0.2702875777986771,-0.17512656464447804
47,1566075600,410,1227,817,1637,33,-0.08025304500350124,-0.4538119407833727
47,1566090000,262,686,424,948,33,-0.501544986169422,-0.8295736318982424
47,1566104400,54,103,49,157,33,-0.9035411132361404,-1.2609633237296822
47,1566118800,88,372,284,460,33,-0.6516235402743302,-1.0957154392481065
47,1566133200,377,988,611,1365,33,-0.3010829174721518,-0.6021532760275593
47,1566147600,433,1278,845,1711,33,-0.0502373341825196,-0.41345437163605725
47,1566162000,335,1074,739,1409,33,-0.16386823943337864,-0.5781568835615879
47,1566176400,187,457,270,644,33,-0.666631395684821,-0.9953668889358628
47,1566190800,41,84,43,125,33,-0.9099730512692078,-1.278415245523116
47,1566205200,1391,3312,1921,4703,33,1.1032235530809174,1.2183003160499952
47,1566219600,1039,3559,2520,4598,33,1.7453453667154888,1.161036197665291
47,1566234000,1333,2115,782,3448,33,-0.11777268352972828,0.5338577582137667
47,1566248400,2358,2264,0,4622,33,-0.9560686071728582,1.1741251390103662
47,1566262800,502,466,0,968,34,-1.0123416918608783,-0.8316646677266315
47,1566277200,56,70,14,126,34,-0.9884453885764866,-1.3461576146256886
47,1566291600,1393,2220,827,3613,34,0.3992470807242581,0.7845275467009291
47,1566306000,1080,2553,1473,3633,34,1.5018907894183307,0.7967482817816668
47,1566320400,1266,2199,933,3465,34,0.5801762341632236,0.6940941071034701
47,1566334800,2345,2485,140,4830,34,-0.7733786590169616,1.528159276363818
47,1566349200,560,607,47,1167,34,-0.9321183879775633,-0.7100683536732914
47,1566363600,29,82,53,111,34,-0.9218771151413955,-1.355323165936242
47,1566378000,1454,2135,681,3589,34,0.15004277504417357,0.7698626646040438
47,1566392400,1166,2916,1750,4082,34,1.97469621868808,1.0711037843442281
47,1566406800,1241,2311,1070,3552,34,0.8140186305890563,0.7472543047046791
47,1566421200,2405,2668,263,5073,34,-0.5634325658755205,1.676641207594781
47,1566435600,611,518,0,1129,34,-1.0123416918608783,-0.733287750326693
47,1566450000,45,72,27,117,34,-0.9662559640981229,-1.3516569454120204
47,1566464400,1407,1666,259,3073,34,-0.5702600810996324,0.4545676995210112
47,1566478800,1139,2759,1620,3898,34,1.7528019739044431,0.9586730216014413
47,1566493200,1266,2392,1126,3658,34,0.909603843726623,0.812024200632589
47,1566507600,2267,2843,576,5110,34,-0.029179499588763938,1.6992495674941457
47,1566522000,549,726,177,1275,34,-0.7102241431939265,-0.6440763842373078
47,1566536400,40,70,30,110,34,-0.961135327680039,-1.3559342026902788
47,1566550800,1118,2343,1225,3461,34,1.0785848455233926,0.6916499600873226
47,1566565200,1088,2794,1706,3882,34,1.8995935512228492,0.9488964335368512
47,1566579600,1457,1415,0,2872,34,-1.0123416918608783,0.3317493119595974
47,1566594000,1616,2036,420,3652,34,-0.2954525933291282,0.8083579801083676
47,1566608400,511,633,122,1144,34,-0.8041024775254652,-0.7241221990161397
47,1566622800,44,129,85,173,34,-0.8672569933485003,-1.317438887185955
47,1566637200,146,717,571,863,34,-0.037713893618903815,-0.8958235269005044
47,1566651600,490,1422,932,1912,34,0.5784693553571956,-0.25484597191581215
47,1566666000,618,1352,734,1970,34,0.2405073517636563,-0.2194058401816728
47,1566680400,545,1128,583,1673,34,-0.017231347946568103,-0.4008837561306276
47,1566694800,312,697,385,1009,34,-0.3551933515401074,-0.8066121608111192
47,1566709200,37,84,47,121,34,-0.9321183879775633,-1.349212798395873
47,1566723600,109,391,282,500,34,-0.531001868560989,-1.1176298686158936
47,1566738000,384,997,613,1381,34,0.03397501623427118,-0.579306488309398
47,1566752400,523,1123,600,1646,34,0.011785591755907491,-0.4173817484896235
47,1566766800,459,984,525,1443,34,-0.11623031869619073,-0.5414222095591111
47,1566781200,257,395,138,652,34,-0.7767924166290175,-1.0247522820022872
47,1566795600,27,56,29,83,34,-0.9628422064860669,-1.3724321950492746
47,1566810000,1370,3042,1672,4412,34,1.841559671817898,1.2727459131764
47,1566824400,1160,3409,2249,4569,34,2.82642874289604,1.368678683560191
47,1566838800,1227,1964,737,3191,34,0.24562798818174023,0.5266700364973637
47,1566853200,2222,2411,189,4633,34,-0.6897415975215907,1.4077850358185517
47,1566867600,548,583,35,1131,35,-1.0400676900048627,-0.5834013659056905
47,1566882000,52,75,23,127,35,-1.0653385821498007,-1.2464796871776551
47,1566896400,1393,1960,567,3353,35,0.08027519508739256,0.8840887036822629
47,1566910800,1128,2970,1842,4098,35,2.7653074854870647,1.3761139520364596
47,1566925200,1383,2027,644,3410,35,0.2424300863507453,0.9217335884556712
47,1566939600,2266,2427,161,4693,35,-0.7747233224830128,1.769073714144845
47,1566954000,552,677,125,1229,35,-0.850535998917827,-0.518678581558427
47,1566968400,49,83,34,132,35,-1.0421735976836075,-1.2431775043027946
47,1566982800,1364,2616,1252,3980,35,1.5228219550276085,1.2981824361897547
47,1566997200,1151,2357,1206,3508,35,1.4259502018053458,0.9864563728029347
47,1567011600,1420,1668,248,3088,35,-0.5915093544322116,0.7090730113146627
47,1567026000,2381,2640,259,5021,35,-0.5683443699660183,1.9856969107356859
47,1567040400,563,646,83,1209,35,-0.9389841214251103,-0.5318873130578685
47,1567054800,53,68,15,121,35,-1.0821858435797596,-1.2504423066274875
47,1567069200,1317,1700,383,3017,35,-0.3072118178016581,0.6621820144916453
47,1567083600,1185,3134,1949,4319,35,2.9906396071127626,1.5220704351052883
47,1567098000,1378,2449,1071,3827,35,1.1416526651747922,1.197135640219027
47,1567112400,2036,2562,526,4598,35,-0.0060670197411459076,1.7063322395224976
47,1567126800,560,761,201,1321,35,-0.6904870153332192,-0.45791841666099603
47,1567141200,40,99,59,139,35,-0.9895259057149866,-1.2385544482779902
47,1567155600,948,1359,411,2307,35,-0.2482464027968026,0.19327204626147115
47,1567170000,998,2481,1483,3479,35,2.0092866288176667,0.9673037121287444
47,1567184400,1764,2661,897,4425,35,0.7752247290731901,1.5920767120523285
47,1567198800,1283,1837,554,3120,35,0.05289839526370963,0.7302069817137691
47,1567213200,473,693,220,1166,35,-0.6504747694370672,-0.5602860857816678
47,1567227600,57,72,15,129,35,-1.0821858435797596,-1.2451588140277108
47,1567242000,144,629,485,773,35,-0.09240923456968438,-0.8198376597456938
47,1567256400,436,1248,812,1684,35,0.5962225763798785,-0.21817993994613236
47,1567270800,555,1382,827,1937,35,0.6278111915610511,-0.05108948647819706
47,1567285200,420,1168,748,1588,35,0.46144448494020873,-0.2815818511434517
47,1567299600,302,682,380,984,35,-0.31352954083789264,-0.6804855424265858
47,1567314000,41,66,25,107,35,-1.0611267667923112,-1.2596884186770965
47,1567328400,101,400,299,501,35,-0.48410806281622476,-0.9994764081380986
47,1567342800,349,1084,735,1433,35,0.4340676851165258,-0.3839495202641235
47,1567357200,461,1194,733,1655,35,0.4298558697590361,-0.23733260062032255
47,1567371600,380,1146,766,1526,35,0.49935082315761586,-0.3225289187917204
47,1567386000,242,605,363,847,35,-0.34932997137655497,-0.7709653531977602
47,1567400400,29,67,38,96,35,-1.0337499669686283,-1.2669532210017893
47,1567414800,91,445,354,536,35,-0.3682831404852585,-0.9763611280140758
47,1567429200,350,897,547,1247,35,0.03815704151249575,-0.5067907232089297
47,1567443600,518,951,433,1469,35,-0.2019164338644161,-0.36017380356512874
47,1567458000,434,839,405,1273,35,-0.2608818488692716,-0.4896193722596557
47,1567472400,272,394,122,666,36,-0.3069493109320668,-0.8315023482381387
47,1567486800,18,90,72,108,36,-0.3943044475301614,-1.2180972464330129
47,1567501200,1352,3506,2154,4858,36,3.2431634404144987,2.0728091450108077
47,1567515600,1018,3813,2795,4831,36,4.363056291602072,2.054102940259443
47,1567530000,1195,2045,850,3240,36,0.964941477936191,0.9518225047253127
47,1567544400,2043,1142,0,3185,36,-0.5200958442314176,0.9137172728243843
47,1567558800,468,237,0,705,36,-0.5200958442314176,-0.8044822747083895
47,1567573200,40,38,0,78,36,-0.5200958442314176,-1.2388819183789739
47,1567587600,1485,1820,335,3305,36,0.0651835709758163,0.9968559606082281
47,1567602000,1173,1992,819,3165,36,0.9107812932453723,0.8998608248604103
47,1567616400,1269,1244,0,2513,36,-0.5200958442314176,0.4481406212348585
47,1567630800,2146,1097,0,3243,36,-0.5200958442314176,0.9539009719199089
47,1567645200,477,232,0,709,36,-0.5200958442314176,-0.8017109851155947
47,1567659600,49,47,0,96,36,-0.5200958442314176,-1.2264111152113972
47,1567674000,1497,1774,277,3271,36,-0.03614838747797346,0.9732999990694724
47,1567688400,1042,2188,1146,3230,36,1.482083886596911,0.9448942807433257
47,1567702800,1323,1269,0,2592,36,-0.5200958442314176,0.5028735906925557
47,1567717200,2237,1244,0,3481,36,-0.5200958442314176,1.1187927026911992
47,1567731600,492,327,0,819,36,-0.5200958442314176,-0.7255005213137378
47,1567746000,50,31,0,81,36,-0.5200958442314176,-1.2368034511843777
47,1567760400,1270,1648,378,2918,36,0.14030898845017767,0.7287336925053316
47,1567774800,1117,1973,856,3090,36,0.9754240943279623,0.8478991449955079
47,1567789200,1382,1450,68,2832,36,-0.401292858458009,0.6691509662602435
47,1567803600,2095,1361,0,3456,36,-0.5200958442314176,1.1014721427362317
47,1567818000,474,334,0,808,36,-0.5200958442314176,-0.7331215676939234
47,1567832400,66,44,0,110,36,-0.5200958442314176,-1.2167116016366155
47,1567846800,140,322,182,462,36,-0.20212314701435324,-0.9728381174706734
47,1567861200,463,695,232,1158,36,-0.11476801041625863,-0.4906337283243788
47,1567875600,618,750,132,1368,36,-0.2894782836124479,-0.345141024702652
47,1567890000,516,695,179,1211,36,-0.2073644552102389,-0.45391414121984774
47,1567904400,279,339,60,618,36,-0.4152696803137041,-0.8647578233516763
47,1567918800,47,47,0,94,36,-0.5200958442314176,-1.2277967600077946
47,1567933200,94,167,73,261,36,-0.39255734479819954,-1.112095419508612
47,1567947600,361,489,128,850,36,-0.29646669454029545,-0.7040230269695781
47,1567962000,502,620,118,1122,36,-0.31393772185991436,-0.515575334659532
47,1567976400,409,526,117,935,36,-0.31568482459187625,-0.6451331231226887
47,1567990800,208,245,37,453,36,-0.4554530431488276,-0.9790735190544617
47,1568005200,21,29,8,50,36,-0.5061190223757225,-1.2582809455285373
47,1568019600,1399,1845,446,3244,36,0.25911197422358634,0.9545937943181075
47,1568034000,1066,1985,919,3051,36,1.0854915664415616,0.8208790714657586
47,1568048400,1242,1230,0,2472,36,-0.5200958442314176,0.4197349029087118
47,1568062800,2359,1281,0,3640,36,-0.5200958442314176,1.2289514640047923
47,1568077200,423,249,0,672,37,-0.942895636069103,-0.9732761726010162
47,1568091600,34,43,9,77,37,-0.9255914388348397,-1.3524392130128733
47,1568106000,1532,1930,398,3462,37,-0.17766558059834878,0.8046480000865152
47,1568120400,1156,1995,839,3151,37,0.6702400838805523,0.6064636209804857
47,1568134800,1282,1131,0,2413,37,-0.942895636069103,0.13617400110829997
47,1568149200,2264,1085,0,3349,37,-0.942895636069103,0.732638884848633
47,1568163600,502,226,0,728,37,-0.942895636069103,-0.9375902393857826
47,1568178000,58,39,0,97,37,-0.942895636069103,-1.3396942368645754
47,1568192400,1341,1799,458,3140,37,-0.062304265703260184,0.599453884098922
47,1568206800,1172,2067,895,3239,37,0.7779106444493017,0.6625415160329956
47,1568221200,1294,2047,753,3341,37,0.5048888658642586,0.727540894389314
47,1568235600,2231,2161,0,4392,37,-0.942895636069103,1.397289390982359
47,1568250000,474,384,0,858,37,-0.942895636069103,-0.8547478944218474
47,1568264400,56,41,0,97,37,-0.942895636069103,-1.3396942368645754
47,1568278800,1437,2495,1058,3932,37,1.0913088832476256,1.1041549395715116
47,1568293200,1156,3027,1871,4183,37,2.654454700076076,1.2641043902326479
47,1568307600,1419,2063,644,3482,37,0.2953158104715144,0.8173929762348129
47,1568322000,2216,2434,218,4650,37,-0.5237495252836145,1.5616995832953995
47,1568336400,531,256,0,787,37,-0.942895636069103,-0.8999925597483043
47,1568350800,36,38,2,74,37,-0.9390502589059334,-1.354350959435118
47,1568365200,1214,2376,1162,3590,37,1.2912684957324458,0.8862158474356205
47,1568379600,1039,2747,1708,3786,37,2.341056461277752,1.0111166136889382
47,1568394000,1407,2244,837,3651,37,0.6663947067173827,0.9250880246879286
47,1568408400,2161,2123,0,4284,37,-0.942895636069103,1.3284665197815513
47,1568422800,466,763,297,1229,37,-0.37185712733841453,-0.6183285868709248
47,1568437200,86,74,0,160,37,-0.942895636069103,-1.2995475619974377
47,1568451600,152,539,387,691,37,-0.19881515499578167,-0.9611684452601333
47,1568466000,400,1278,878,1678,37,0.7452249385623598,-0.33220387234164106
47,1568480400,654,1614,960,2268,37,0.9028854022523143,0.04377292403314153
47,1568494800,554,1343,789,1897,37,0.5741056548013118,-0.1926463835177811
47,1568509200,258,660,402,918,37,-0.16997482627200952,-0.8165129659769543
47,1568523600,60,77,17,137,37,-0.9102099301821612,-1.31420428456798
47,1568538000,85,328,243,413,37,-0.47568231074399425,-1.1383236137214716
47,1568552400,413,982,569,1395,37,0.1511141668526537,-0.5125452848400538
47,1568566800,520,1273,753,1793,37,0.5048888658642586,-0.2589202594889292
47,1568581200,421,1076,655,1497,37,0.3164653848689473,-0.44754590648373543
47,1568595600,219,365,146,584,37,-0.6621831031577208,-1.0293540676535262
47,1568610000,23,62,39,85,37,-0.8679107813872954,-1.3473412225535542
47,1568624400,1467,2625,1158,4092,37,1.2835777414061065,1.2061147487578932
47,1568638800,1122,2852,1730,3974,37,2.3833556100726176,1.1309193894829368
47,1568653200,1326,2048,722,3374,37,0.4452855198351296,0.7485701050340052
47,1568667600,2475,2276,0,4751,37,-0.942895636069103,1.626061712844303
47,1568682000,468,279,0,747,38,-0.7828101221376499,-0.6210010175661996
47,1568696400,47,50,3,97,38,-0.7775842089578185,-0.9851572773544657
47,1568710800,1526,2648,1122,4174,38,1.1716814071192838,1.2989428321174736
47,1568716897,249,1132,883,1381,38,0.7553503237927178,-0.26580860417272173
47,1568718864,113,249,136,362,38,-0.5459020579852942,-0.8366935714407879
47,1568718865,803,2242,1439,3045,38,1.7238862331214657,0.6664314208852392
47,1568718866,0,0,0,0,38,-0.7828101221376499,-1.0395005961228685
47,1568718867,0,0,0,0,38,-0.7828101221376499,-1.0395005961228685
47,1568718868,1,0,0,1,38,-0.7828101221376499,-1.0389403557231942
47,1568718869,0,0,0,0,38,-0.7828101221376499,-1.0395005961228685
47,1568718871,0,0,0,0,38,-0.7828101221376499,-1.0395005961228685
47,1568718882,0,0,0,0,38,-0.7828101221376499,-1.0395005961228685
47,1568718883,2,1,0,3,38,-0.7828101221376499,-1.0378198749238456
47,1568718884,0,0,0,0,38,-0.7828101221376499,-1.0395005961228685
47,1568718885,0,0,0,0,38,-0.7828101221376499,-1.0395005961228685
47,1568723577,263,566,303,829,38,-0.25499289097468114,-0.5750613047929107
47,1568725200,315,722,407,1037,38,-0.07382790074052685,-0.4585313016606656
47,1568739600,1290,2137,847,3427,38,0.6926393656347413,0.8804432535608048
47,1568754000,2559,2372,0,4931,38,-0.7828101221376499,1.7230448146708848
47,1568768400,545,367,0,912,38,-0.7828101221376499,-0.5285613516199476
47,1568782800,31,65,34,96,38,-0.723583106099561,-0.98571751775414
47,1568797200,1531,2461,930,3992,38,0.837222963610076,1.1969790793767592
47,1568811600,1112,3178,2066,4290,38,2.8161020877062226,1.3639307184796872
47,1568826000,1330,2216,886,3546,38,0.7605762369725492,0.9471118611220412
47,1568840400,2465,2408,0,4873,38,-0.7828101221376499,1.6905508714897781
47,1568854800,423,379,0,802,38,-0.7828101221376499,-0.5901877955841156
47,1568869200,36,55,19,91,38,-0.7497126719987178,-0.9885187197525112
47,1568883600,1447,2515,1068,3962,38,1.0776149698823192,1.1801718673865313
47,1568898000,1154,3044,1890,4198,38,2.5095151811561154,1.3123886017096558
47,1568912400,1432,2292,860,3724,38,0.7152849894140106,1.0468346522640586
47,1568926800,2433,2476,43,4909,38,-0.7079053665600669,1.7107195258780512
47,1568941200,489,452,0,941,38,-0.7828101221376499,-0.5123143800293941
47,1568955600,44,53,9,97,38,-0.7671323825981557,-0.9851572773544657
47,1568970000,1295,2344,1049,3639,38,1.0445175197433871,0.999214218291747
47,1568984400,1063,2905,1842,3968,38,2.4259005702788135,1.183533309784577
47,1568998800,1456,2461,1005,3917,38,0.9678707931058603,1.15496104940119
47,1569013200,2052,2301,249,4353,38,-0.34905932821164587,1.3992258636591652
47,1569027600,478,542,64,1020,38,-0.6713239743012472,-0.46805538845512795
47,1569042000,57,49,0,106,38,-0.7828101221376499,-0.9801151137573973
47,1569056400,159,463,304,622,38,-0.25325091991473736,-0.6910310675254816
47,1569070800,488,1048,560,1536,38,0.1926936714308732,-0.17897134222321215
47,1569085200,669,1251,582,1920,38,0.2310170347496366,0.036160971251701916
47,1569099600,578,1075,497,1653,38,0.08294949465441437,-0.11342321546132428
47,1569114000,272,491,219,763,38,-0.40131846000995963,-0.6120371711714115
47,1569128400,48,75,27,123,38,-0.7357769035191676,-0.970591026962935
47,1569142800,95,279,184,374,38,-0.4622874471079923,-0.8299706866446969
47,1569157200,373,789,416,1162,38,-0.05815016120103273,-0.38850125170138367
47,1569171600,511,1166,655,1677,38,0.3581809221255334,-0.09997744586914215
47,1569186000,477,732,255,1209,38,-0.33860750185198313,-0.3621699529166937
47,1569200400,271,259,0,530,38,-0.7828101221376499,-0.7425731842955131
47,1569214800,24,53,29,77,38,-0.7322929613992799,-0.9963620853479508
47,1569229200,1501,2721,1220,4222,38,1.3423945709937755,1.325834371301838
47,1569243600,1170,2996,1826,4166,38,2.398029033319713,1.2944609089200796
47,1569258000,1342,2130,788,3472,38,0.5898630730980576,0.9056540715461463
47,1569272400,2583,2491,0,5074,38,-0.7828101221376499,1.8031591918243035
47,1569286800,467,315,0,782,39,-0.91950608873444,-0.9054009795633475
47,1569301200,51,52,1,103,39,-0.9180901154365428,-1.2852498230379714
47,1569315600,1571,2775,1204,4346,39,0.7853257619337113,1.0883858807364448
47,1569330000,1143,3310,2167,4453,39,2.148908047808653,1.14824424045925
47,1569344400,1370,2440,1070,3810,39,0.5955853400154951,0.7885346581997758
47,1569358800,2601,2492,0,5093,39,-0.91950608873444,1.5062755509507952
47,1569373200,586,369,0,955,39,-0.91950608873444,-0.8086206409461018
47,1569387600,48,61,13,109,39,-0.9010984358617772,-1.2818932795021132
47,1569402000,1499,2802,1303,4301,39,0.9255071184255278,1.063211804217508
47,1569416400,1174,3385,2211,4559,39,2.2112108729161273,1.2075431762594122
47,1569430800,1633,2449,816,4082,39,0.2359281223496227,0.9406979651586824
47,1569445200,2283,2531,248,4814,39,-0.5683447108559503,1.3501962765333873
47,1569459600,546,372,0,918,39,-0.91950608873444,-0.8293193260838942
47,1569474000,238,123,0,361,39,-0.91950608873444,-1.1409184509960673
47,1569488400,1493,2758,1265,4251,39,0.8717001331054366,1.035240608085356
47,1569502800,1209,3633,2424,4842,39,2.512813185368217,1.3658601463673925
47,1569517200,1366,2487,1121,3853,39,0.6677999782082491,0.8125898868734265
47,1569531600,2264,2640,376,4904,39,-0.38710012872511695,1.4005444295712608
47,1569546000,516,443,0,959,39,-0.91950608873444,-0.8063829452555296
47,1569560400,48,78,30,126,39,-0.877026889797526,-1.2723830728171814
47,1569574800,1230,2519,1289,3749,39,0.9056834922549679,0.7544097989185503
47,1569589200,1105,3234,2129,4339,39,2.095101062488562,1.0844699132779436
47,1569603600,1422,2460,1038,3882,39,0.5502741944827868,0.8288131806300746
47,1569618000,1933,2175,242,4108,39,-0.5768405506433332,0.9552429871474015
47,1569632400,364,557,193,921,39,-0.6462232422402928,-0.8276410543159651
47,1569646800,56,69,13,125,39,-0.9010984358617772,-1.2729424967398244
47,1569661200,98,529,431,627,39,-0.30922159734077453,-0.9921116875730187
47,1569675600,488,1303,815,1791,39,0.23451214905172557,-0.3409422416165208
47,1569690000,751,1327,576,2078,39,-0.10390546914568985,-0.18038757581796852
47,1569704400,575,1070,495,1645,39,-0.21859930627535784,-0.4226181343224046
47,1569718800,282,475,193,757,39,-0.6462232422402928,-0.9193865776294236
47,1569733200,66,99,33,165,39,-0.8727789699038345,-1.250565539834103
47,1569747600,112,275,163,387,39,-0.6887024411772069,-1.1263734290073482
47,1569762000,414,915,501,1329,39,-0.210103466487975,-0.5993960938776051
47,1569776400,446,1029,583,1475,39,-0.0939936560604099,-0.5177202011717212
47,1569790800,310,664,354,974,39,-0.41825154127885394,-0.797991586415884
47,1569805200,170,237,67,407,39,-0.8246358777753319,-1.1151849505544873
47,1569819600,22,46,24,68,39,-0.8855227295849087,-1.3048296603304776
47,1569834000,1213,2397,1184,3610,39,0.7570062959757686,0.6766498736711679
47,1569848400,936,2810,1874,3746,39,1.7340278715247923,0.7527315271506212
47,1569862800,1159,1987,828,3146,39,0.25291980192438834,0.41707717356479757
47,1569877200,2005,1864,0,3869,39,-0.91950608873444,0.821540669635715
47,1569891600,422,289,0,711,40,-0.9206941515771077,-0.9531564282990184
47,1569906000,32,51,19,83,40,-0.891648334895608,-1.3116093476673156
47,1569920400,1368,2629,1261,3997,40,1.0070308397582064,0.9224427644465634
47,1569934800,942,2829,1887,3771,40,1.9640140630539293,0.7934453762662524
47,1569949200,1313,2044,731,3357,40,0.19680542706374454,0.5571404262368335
47,1569963600,2271,2170,0,4441,40,-0.9206941515771077,1.1758712615795635
47,1569978000,400,392,0,792,40,-0.9206941515771077,-0.9069228511193493
47,1569992400,47,59,12,106,40,-0.9023494252519499,-1.2984812948879036
47,1570006800,1497,2679,1182,4176,40,0.8862613914509188,1.0246132621645971
47,1570021200,1239,3205,1966,4444,40,2.084783511361217,1.1775836162899216
47,1570035600,1266,2306,1040,3572,40,0.6691821299365535,0.6798591804791646
47,1570050000,2192,2485,293,4677,40,-0.4727770838045089,1.3105764987944013
47,1570064400,481,411,0,892,40,-0.9206941515771077,-0.8498443607740791
47,1570078800,35,74,39,109,40,-0.8610737910203453,-1.2967689401775455
47,1570093200,1461,2680,1219,4141,40,0.9428242976201547,1.0046357905437526
47,1570107600,1189,3421,2232,4610,40,2.491424944902211,1.2723339102630702
47,1570122000,1331,2326,995,3657,40,0.6003894062172124,0.7283758972726444
47,1570136400,2278,2635,357,4913,40,-0.37493854340366817,1.4452817360092391
47,1570150800,535,445,0,980,40,-0.9206941515771077,-0.7996152892702413
47,1570165200,35,74,39,109,40,-0.8610737910203453,-1.2967689401775455
47,1570179600,1302,2472,1170,3774,40,0.867916665125761,0.7951577309766106
47,1570194000,1155,3148,1993,4303,40,2.126059145592822,1.0971029449030905
47,1570208400,1471,2507,1036,3978,40,0.663067221161501,0.9115978512809619
47,1570222800,1857,2400,543,4257,40,-0.09059528536372495,1.070846839344266
47,1570237200,458,495,37,953,40,-0.8641312454078716,-0.8150264816634643
47,1570251600,49,59,10,108,40,-0.9054068796394763,-1.2973397250809982
47,1570266000,180,484,304,664,40,-0.45596108467311436,-0.9799833187612953
47,1570280400,557,1157,600,1714,40,-0.003457835319226223,-0.38065917013595735
47,1570294800,715,1473,758,2188,40,0.2380810612953492,-0.11010712589937617
47,1570309200,654,1112,458,1766,40,-0.2205370968335915,-0.3509783551564168
47,1570323600,344,444,100,788,40,-0.767821432200794,-0.9092059907331602
47,1570338000,36,80,44,116,40,-0.8534301550515296,-1.2927734458533766
47,1570352400,121,245,124,366,40,-0.7311319795504788,-1.1500772199902007
47,1570366800,562,771,209,1333,40,-0.6011901680806122,-0.5981282183514371
47,1570381200,663,1094,431,1757,40,-0.26181273106519615,-0.35611541928749113
47,1570395600,543,927,384,1470,40,-0.33366290917206354,-0.5199306865784168
47,1570410000,214,211,0,425,40,-0.9206941515771077,-1.1164009106864914
47,1570424400,25,59,34,84,40,-0.868717426989161,-1.311038562763863
47,1570438800,1363,2617,1254,3980,40,0.9963297494018645,0.9127394210878673
47,1570453200,1242,2937,1695,4179,40,1.6704984418514073,1.0263256168749553
47,1570467600,1316,2155,839,3471,40,0.3619079639901632,0.6222099052304416
47,1570482000,2422,2364,0,4786,40,-0.9206941515771077,1.3727920532707458
47,1570496400,477,443,0,920,41,-1.096867037973644,-0.8646040311671639
47,1570510800,44,70,26,114,41,-1.0576880897377676,-1.3650926710965556
47,1570525200,1419,2642,1223,4061,41,0.7460504117370128,1.085811375803332
47,1570539600,1187,3123,1936,4310,41,1.8204577229747056,1.2404288340445462
47,1570554000,1280,2243,963,3523,41,0.35426092937824677,0.7517383134187008
47,1570568400,2150,2364,214,4514,41,-0.7743941563398906,1.3671033781457818
47,1570582800,455,384,0,839,41,-1.096867037973644,-0.9149012766191251
47,1570597200,50,63,13,113,41,-1.077277563855706,-1.3657136247441108
47,1570611600,1209,2470,1261,3679,41,0.8033119514663709,0.8486070824372928
47,1570626000,1030,2879,1849,3909,41,1.6893589346469646,0.9914264213749604
47,1570640400,1136,2095,959,3231,41,0.3482333988804196,0.5704198483326184
47,1570654800,2004,2163,159,4167,41,-0.8572727006850142,1.15163246244417
47,1570669200,522,449,0,971,41,-1.096867037973644,-0.832935395141855
47,1570683600,50,98,48,148,41,-1.0245366719997182,-1.343980247079683
47,1570698000,1388,2716,1328,4104,41,0.9042730873049759,1.1125123826482004
47,1570712400,1212,3292,2080,4504,41,2.0374488208964836,1.360893841670231
47,1570726800,1237,2437,1200,3674,41,0.7113921113745065,0.8455023141995174
47,1570741200,2106,2801,695,4907,41,-0.04958361397617353,1.611138161634927
47,1570755600,541,615,74,1156,41,-0.9853577237638416,-0.7180589703441658
47,1570770000,48,106,58,154,41,-1.0094678457551503,-1.3402545251943527
47,1570784400,1121,2508,1387,3629,41,0.9931791621479267,0.8175594000595389
47,1570798800,1000,3160,2160,4160,41,2.1579994308530273,1.1472857869112847
47,1570813200,1290,2828,1538,4118,41,1.2207184384409022,1.1212057337139714
47,1570827600,1802,2471,669,4273,41,-0.08876256221205013,1.2174535490850082
47,1570842000,509,603,94,1112,41,-0.9552200712747057,-0.7453809308365892
47,1570856400,68,84,16,152,41,-1.0727569159823354,-1.3414964324894627
47,1570870800,174,537,363,711,41,-0.5498686452958286,-0.994383343506175
47,1570885200,448,1448,1000,1896,41,0.4100155864831481,-0.25855327115340904
47,1570899600,640,1552,912,2192,41,0.2774099155309504,-0.07475099147710632
47,1570914000,559,1254,695,1813,41,-0.04958361397617353,-0.3100924239004804
47,1570928400,300,713,413,1013,41,-0.47452451407298896,-0.8068553419445418
47,1570942800,41,72,31,113,41,-1.0501536766154835,-1.3657136247441108
47,1570957200,102,281,179,383,41,-0.8271350481958784,-1.19805613990424
47,1570971600,395,1107,712,1502,41,-0.02396660936040806,-0.5032090082901093
47,1570986000,536,1278,742,1814,41,0.021239869373295705,-0.3094714702529253
47,1571000400,514,1126,612,1640,41,-0.1746548718060873,-0.41751740492750866
47,1571014800,229,500,271,729,41,-0.6885018467458535,-0.9832061778501835
47,1571029200,19,55,36,74,41,-1.0426192634931997,-1.3899308169987588
47,1571043600,829,2187,1358,3016,41,0.9494795660386798,0.43691481410827687
47,1571058000,663,2702,2039,3365,41,1.9756666332937551,0.6536276371049986
47,1571072400,937,1876,939,2813,41,0.3180957463912838,0.3108612236545963
47,1571086800,1642,1962,320,3604,41,-0.6146645981474707,0.802035558870662
47,1571101200,356,348,0,704,42,-0.9782218349691434,-0.8603096992589189
47,1571115600,30,63,33,93,42,-0.9437919426225543,-1.1392978153645537
47,1571130000,1397,2728,1331,4125,42,0.41045048967661646,0.7017497855158378
47,1571144400,1235,4245,3010,5480,42,2.162201679068225,1.3204550184505923
47,1571158800,1564,3405,1841,4969,42,0.9425488259420842,1.0871278051445705
47,1571173200,2339,3307,968,5646,42,0.03172167386413651,1.3962521170979496
47,1571187600,491,604,113,1095,42,-0.8603255369338535,-0.6817755693124326
47,1571202000,65,92,27,157,42,-0.9500519230492068,-1.1100748375728013
47,1571216400,1417,3732,2315,5149,42,1.4370872796476366,1.1693174301838736
47,1571230800,1143,3671,2528,4814,42,1.6593165847938025,1.0163534058051704
47,1571245200,1646,3368,1722,5014,42,0.8183925474801418,1.1076752114043962
47,1571259600,2325,3772,1447,6097,42,0.5314767779252326,1.6021827887242037
47,1571274000,487,556,69,1043,42,-0.9062320600626389,-0.7055192387682312
47,1571288400,43,77,34,120,42,-0.9427486125514456,-1.1269693716086582
47,1571302800,1398,3634,2236,5032,42,1.3546642040300445,1.1158941739083266
47,1571317200,1250,4661,3411,5911,42,2.5805770375828376,1.5172535095169237
47,1571331600,1598,3523,1925,5121,42,1.03018855191522,1.156532377399982
47,1571346000,2381,3673,1292,6054,42,0.3697606169033748,1.5825486005203702
47,1571360400,573,634,61,1207,42,-0.914578700631509,-0.6306353581768661
47,1571374800,57,84,27,141,42,-0.9500519230492068,-1.1173805820207394
47,1571389200,1203,3094,1891,4297,42,0.9947153294975222,0.7802865383311719
47,1571394341,570,2208,1638,2778,42,0.7307528215070058,0.08669742480505224
47,1571403600,563,1604,1041,2167,42,0.107884769055076,-0.19229069130058246
47,1571418000,1534,2895,1361,4429,42,0.4417503918098793,0.8405589300266609
47,1571432400,1920,3407,1487,5327,42,0.5732099807695831,1.2505938371671845
47,1571446800,471,688,217,1159,42,-0.7518192095385424,-0.6525525915206803
47,1571461200,85,82,0,167,42,-0.9782218349691434,-1.10550874729284
47,1571475600,160,612,452,772,42,-0.5066366428279838,-0.8292602853551821
47,1571490000,545,1003,458,1548,42,-0.5003766624013312,-0.4749316796301862
47,1571504400,755,1265,510,2020,42,-0.4461234987036757,-0.2594122184160134
47,1571518800,599,963,364,1562,42,-0.5984496890855546,-0.4685391532382404
47,1571533200,343,465,122,808,42,-0.8509355662938747,-0.8128223603473215
47,1571547600,45,65,20,110,42,-0.9573552335469682,-1.1315354618886193
47,1571562000,97,356,259,453,42,-0.7079993465519745,-0.9749185652859472
47,1571576400,328,789,461,1117,42,-0.49724667218800495,-0.6717301706965177
47,1571590800,448,1312,864,1760,42,-0.07678465353117456,-0.37813056569500686
47,1571605200,526,1059,533,1585,42,-0.4221269070681742,-0.4580371455943294
47,1571619600,226,288,62,514,42,-0.9135353705604002,-0.9470654145781834
47,1571634000,19,60,41,79,42,-0.9354453020536843,-1.1456903417564994
47,1571646709,1027,2516,1489,3543,42,0.5752966409118005,0.4360033312220908
47,1571648400,354,1038,684,1392,42,-0.2645840663307514,-0.5461626879975823
47,1571662409,1061,4352,3291,5413,42,2.4553774290497867,1.2898622135748516
47,1571662509,7,20,13,27,42,-0.9646585440447295,-1.169434011212298
47,1571662600,6,10,4,16,42,-0.9740485146847083,-1.1744567105202555
47,1571662800,23,69,46,92,42,-0.9302286516981404,-1.1397544243925497
47,1571677200,1636,3358,1722,4994,42,0.8183925474801418,1.0985430308444737
47,1571691600,2447,3094,647,5541,42,-0.30318727896177555,1.348308169158356
47,1571706000,449,633,184,1082,43,-0.7589608162536505,-0.8357885970869428
47,1571720400,58,111,53,169,43,-0.903342339351209,-1.3177089547233787
47,1571734800,1436,3724,2288,5160,43,1.559960745557517,1.316753810844477
47,1571749200,1249,4006,2757,5255,43,2.076868641227402,1.3668988644868223
47,1571763600,1672,3379,1707,5051,43,0.9196121583843763,1.2592189598232595
47,1571778000,2390,2354,0,4744,43,-0.9617562380089998,1.0971712601579957
47,1571792400,510,533,23,1043,43,-0.9364068102895812,-0.8563744612138003
47,1571806800,40,101,61,141,43,-0.8945251471009764,-1.3324885494811227
47,1571821200,1420,3161,1741,4581,43,0.9570852254478648,1.0111329049611293
47,1571835600,1190,4040,2850,5230,43,2.1793685011363557,1.3537027977388367
47,1571850000,1323,2870,1547,4193,43,0.7432683133797248,0.8063299490323919
47,1571864400,2255,2860,605,5115,43,-0.29495607408516117,1.2930008906981028
47,1571878800,526,607,81,1133,43,-0.872482166475395,-0.8088686209210519
47,1571893200,59,116,57,175,43,-0.8989337432260927,-1.3145418987038622
47,1571907600,1409,3149,1740,4558,43,0.9559830764165856,0.9989925235529824
47,1571922000,1070,3935,2865,5005,43,2.195900736605542,1.234938197006966
47,1571936400,1394,2718,1324,4112,43,0.49748907940449166,0.7635746927689183
47,1571950800,2234,2755,521,4989,43,-0.3875365927126032,1.2264927142882551
47,1571965200,482,865,383,1347,43,-0.5396331590291151,-0.6959102895582948
47,1571979600,58,95,37,153,43,-0.9209767238516742,-1.3261544374420895
47,1571994000,1270,2801,1531,4071,43,0.7256339288792596,0.7419331433022218
47,1572008400,1111,3607,2496,4718,43,1.789207744063564,1.0834473507400906
47,1572022800,1441,2379,938,3820,43,0.07205955333076984,0.6094446331524459
47,1572037200,1999,1502,0,3501,43,-0.9617562380089998,0.441062821448149
47,1572051600,496,633,137,1129,43,-0.8107618207237669,-0.8109799916007296
47,1572066000,75,116,41,191,43,-0.9165681277265578,-1.3060964159851514
47,1572080400,131,653,522,784,43,-0.3864344436813242,-0.9930857127229317
47,1572094800,614,1522,908,2136,43,0.03899508239239768,-0.2794424229918676
47,1572109200,747,1832,1085,2579,43,0.23407546092879344,-0.04560812021756185
47,1572123600,710,1536,826,2246,43,-0.05138113817248623,-0.22137972930073074
47,1572138000,353,718,365,1071,43,-0.5594718415921385,-0.8415948664560564
47,1572152400,42,136,94,178,43,-0.858154229068767,-1.312958370694104
47,1572166800,92,343,251,435,43,-0.6851168311579527,-1.1773028045248113
47,1572181200,387,1181,794,1568,43,-0.08664990717341654,-0.5792570595061016
47,1572195600,584,1270,686,1854,43,-0.20568200255155633,-0.42829405590914577
47,1572210000,516,921,405,1437,43,-0.5153858803409755,-0.6484044492655464
47,1572224400,240,387,147,627,43,-0.7997403304109763,-1.0759570119002815
47,1572238800,15,61,46,76,43,-0.9110573825701624,-1.3667983230258853
47,1572253200,1322,3028,1706,4350,43,0.9185100093530972,0.8892012482097418
47,1572267600,1149,3701,2552,4850,43,1.850928089815192,1.1531225831694547
47,1572282000,1367,1663,296,3030,43,-0.6355201247503944,0.1924489239160993
47,1572296400,2213,1847,0,4060,43,-0.9617562380089998,0.7361268739331082
47,1572310800,504,462,0,966,44,-1.0414925586870882,-0.9108942288581593
47,1572325200,58,91,33,149,44,-1.0000659928572617,-1.3535821671217472
47,1572339600,1337,3191,1854,4528,44,1.2859272306613458,1.0191601604868832
47,1572354000,1153,3653,2500,4806,44,2.096883640542192,1.1697932655508703
47,1572368400,1327,2803,1476,4130,44,0.8114047493378788,0.8035055712226139
47,1572382800,2275,2890,615,5165,44,-0.26945201367668525,1.3643158724500477
47,1572397200,490,409,0,899,44,-1.0414925586870882,-0.9471978908699835
47,1572411600,53,89,36,142,44,-0.9962999414181865,-1.3573750870334302
47,1572426000,1363,2985,1622,4348,44,0.9946859193728687,0.9216279341864598
47,1572440400,1220,3159,1939,4379,44,1.3926320214351413,0.9384251509381994
47,1572454800,1261,2534,1273,3795,44,0.5565686019604612,0.6219872611634929
47,1572469200,2219,2730,511,4949,44,-0.40000846356462333,1.2472772008895396
47,1572483600,445,443,0,888,44,-1.0414925586870882,-0.9531581935883428
47,1572498000,49,99,50,148,44,-0.9787250347025025,-1.354124012823416
47,1572512400,1285,2778,1493,4063,44,0.8327457074926379,0.7672019092107897
47,1572526800,1135,3483,2348,4618,44,1.9060703676290516,1.0679262736370947
47,1572541200,1337,2536,1199,3873,44,0.4636726664632745,0.6642512258936762
47,1572555600,1983,2429,446,4412,44,-0.4816062447445846,0.956306059093277
47,1572570000,434,719,285,1153,44,-0.6837176719749503,-0.8095690826460529
47,1572584400,51,143,92,194,44,-0.9260003145554506,-1.3291991105466412
47,1572598800,1128,2653,1525,3781,44,0.8729169228427726,0.6144014213401267
47,1572613200,1105,3496,2391,4601,44,1.960050438255795,1.0587148967087214
47,1572627600,1325,2808,1483,4133,44,0.8201922026957207,0.805131108327621
47,1572642000,1877,2744,867,4621,44,0.04689630720562614,1.0695518107421018
47,1572656400,693,714,21,1407,44,-1.0151301986135621,-0.6719402744221223
47,1572670800,74,119,45,193,44,-0.9850017871009611,-1.3297409562483102
47,1572685200,197,1075,878,1272,44,0.06070516248223497,-0.7450894441474397
47,1572699600,747,1646,899,2393,44,0.08706752255576092,-0.13768041257647048
47,1572714000,894,1990,1096,2884,44,0.3343715670550282,0.1283658269430174
47,1572728400,842,1527,685,2369,44,-0.18157748009826544,-0.15068470941652692
47,1572742800,443,680,237,1123,44,-0.7439744950001524,-0.8258244536961235
47,1572753600,57,115,58,172,44,-0.9686822308649689,-1.3411197159833597
47,1572768000,91,270,179,361,44,-0.8167848228222717,-1.2387108783679153
47,1572782400,520,1136,616,1656,44,-0.2681966631969936,-0.5370206947065368
47,1572796800,725,1541,816,2266,44,-0.017126567258651172,-0.20649481668843578
47,1572811200,723,1407,684,2130,44,-0.18283283057795716,-0.28018583211542225
47,1572825600,367,414,47,781,44,-0.9824910861415777,-1.0111356836669276
47,1572840000,38,47,9,85,44,-1.0301944043698628,-1.3882602920285643
47,1572854400,715,1343,628,2058,44,-0.253132457440693,-0.31919872263559157
47,1572868800,1628,4500,2872,6128,44,2.5638740189875087,1.886113283157312
47,1572883200,1352,2389,1037,3741,44,0.2603058887532172,0.5927275932733659
47,1572897600,3333,2085,0,5418,44,-1.0414925586870882,1.5014028349723092
47,1572912000,758,832,74,1590,45,-0.686980698231683,-0.553575574787989
47,1572926400,119,71,0,190,45,-0.7718868902269139,-1.2663494333189578
47,1572940800,785,1386,601,2171,45,-0.0823109255088901,-0.25777442349763696
47,1572955200,2004,4682,2678,6686,45,2.300799355222117,2.0409212702647372
47,1572969600,1450,2548,1098,3998,45,0.48793741802664703,0.6723954618852773
47,1572984000,4308,1509,0,5817,45,-0.7718868902269139,1.5984923537908717
47,1572998400,903,795,0,1698,45,-0.7718868902269139,-0.4985901628441714
47,1573012800,131,74,0,205,45,-0.7718868902269139,-1.2587125705489832
47,1573027200,902,1552,650,2454,45,-0.02608925783637236,-0.11369227923744826
47,1573041600,2154,4784,2630,6938,45,2.245725068522508,2.1692205648003116
47,1573056000,1440,2466,1026,3906,45,0.4053259879772332,0.6255560368960994
47,1573070400,3330,1557,0,4887,45,-0.7718868902269139,1.1250068620524425
47,1573084800,2309,974,0,3283,45,-0.7718868902269139,0.3083716698498183
47,1573099200,147,69,0,216,45,-0.7718868902269139,-1.2531122045176684
47,1573113600,811,1477,666,2288,45,-0.0077311622698359546,-0.19820689389183455
47,1573128000,1741,4772,3031,6513,45,2.7058248386588266,1.9528427863176963
47,1573142400,1398,2339,941,3737,45,0.3077986052800085,0.5395140496877181
47,1573156800,3375,1498,0,4873,45,-0.7718868902269139,1.1178791234671328
47,1573171200,924,948,24,1872,45,-0.7443497468771093,-0.4100025547124653
47,1573185600,121,77,0,198,45,-0.7718868902269139,-1.262276439841638
47,1573200000,650,1244,594,1894,45,-0.09034259231924978,-0.39880182264983577
47,1573214400,1490,4347,2857,5837,45,2.506180549372743,1.6086748374841713
47,1573228800,1469,2195,726,3664,45,0.061111696104675574,0.5023479842071747
47,1573243200,3041,1418,0,4459,45,-0.7718868902269139,0.907101711015832
47,1573257600,805,977,172,1782,45,-0.5745373628866475,-0.4558237313323133
47,1573272000,215,160,0,375,45,-0.7718868902269139,-1.1721614591559368
47,1573286400,121,398,277,519,45,-0.45406236073125233,-1.09884757656418
47,1573300800,547,1537,990,2084,45,0.36402027295252626,-0.30206822756349
47,1573315200,905,1785,880,2690,45,0.23780836593258847,0.006461028343486481
47,1573329600,884,1975,1091,2859,45,0.47990575121628737,0.09250301555186771
47,1573344000,511,900,389,1411,45,-0.3255556917654975,-0.64470880384302
47,1573358400,87,199,112,286,45,-0.643380221261159,-1.21747351159112
47,1573372800,55,207,152,262,45,-0.5974849823448181,-1.2296924920230794
47,1573387200,432,988,556,1420,45,-0.13394306928977376,-0.6401266861810352
47,1573401600,785,1563,778,2348,45,0.1207755066959189,-0.1676594428119359
47,1573416000,799,1383,584,2182,45,-0.10181640204833504,-0.2521740574663222
47,1573430400,387,525,138,912,45,-0.6135483159655374,-0.8987617719908438
47,1573444800,55,52,0,107,45,-0.7718868902269139,-1.308606740646151
47,1573459200,427,1180,753,1607,45,0.09209098237320576,-0.5449204636486844
47,1573473600,1330,4215,2885,5545,45,2.538307216614182,1.4600105755619979
47,1573488000,1118,2020,902,3138,45,0.263050747336576,0.2345486630733965
47,1573502400,2782,764,0,3546,45,-0.7718868902269139,0.4422713304167074
47,1573516800,724,720,0,1444,46,-0.4870554457773574,0.035139179997536234
47,1573531200,126,62,0,188,46,-0.4870554457773574,-0.6312813466317998
47,1573545600,719,1392,673,2111,46,0.37331144809861777,0.3890424373715547
47,1573560000,1816,4656,2840,6472,46,3.1436161420499373,2.7029436448799418
47,1573574400,1261,1220,0,2481,46,-0.4870554457773574,0.5853605861397508
47,1573588800,3292,1335,0,4627,46,-0.4870554457773574,1.7240058489952883
47,1573595861,392,155,0,547,46,-0.4870554457773574,-0.44079968336752307
47,1573595928,1,0,0,1,46,-0.4870554457773574,-0.7305016001984287
47,1573595992,1,1,0,2,46,-0.4870554457773574,-0.7299710106071633
47,1573596059,6,19,13,25,46,-0.4704361744246268,-0.7177674500080592
47,1573596125,1,0,0,1,46,-0.4870554457773574,-0.7305016001984287
47,1573596193,4,0,0,4,46,-0.4870554457773574,-0.7289098314246325
47,1573596259,4,0,0,4,46,-0.4870554457773574,-0.7289098314246325
47,1573596325,4,0,0,4,46,-0.4870554457773574,-0.7289098314246325
47,1573596406,4,4,0,8,46,-0.4870554457773574,-0.7267874730595709
47,1573596499,6,0,0,6,46,-0.4870554457773574,-0.7278486522421017
47,1573596580,3,1,0,4,46,-0.4870554457773574,-0.7289098314246325
47,1573596666,5,6,1,11,46,-0.4857770402886858,-0.7251957042857747
47,1573596741,2,0,0,2,46,-0.4870554457773574,-0.7299710106071633
47,1573596821,2,1,0,3,46,-0.4870554457773574,-0.7294404210158979
47,1573596901,1,3,2,4,46,-0.4844986348000142,-0.7289098314246325
47,1573596982,5,6,1,11,46,-0.4857770402886858,-0.7251957042857747
47,1573597062,2,1,0,3,46,-0.4870554457773574,-0.7294404210158979
47,1573597142,4,0,0,4,46,-0.4870554457773574,-0.7289098314246325
47,1573597223,1,0,0,1,46,-0.4870554457773574,-0.7305016001984287
47,1573603200,752,493,0,1245,46,-0.4870554457773574,-0.07044814866427736
47,1573617600,115,82,0,197,46,-0.4870554457773574,-0.6265060403104112
47,1573632000,747,931,184,1678,46,-0.25182883586178617,0.15929714435363865
47,1573646400,921,2442,1521,3363,46,1.45739930249212,1.0533406056358292
47,1573660800,1308,4595,3287,5903,46,3.7150633954861347,2.4010381674499324
47,1573675200,3442,1343,0,4785,46,-0.4870554457773574,1.8078390044152206
47,1573689600,843,906,63,1749,46,-0.4065158999910477,0.1969690053334817
47,1573704000,118,98,0,216,46,-0.4870554457773574,-0.6164248380763688
47,1573718400,663,1271,608,1934,46,0.29021509133496487,0.29512807971757976
47,1573732800,1691,4484,2793,6175,46,3.083531084082373,2.5453585362741196
47,1573747200,1124,2239,1115,3363,46,0.9383666740914572,1.0533406056358292
47,1573761600,3359,1303,0,4662,46,-0.4870554457773574,1.742576484689577
47,1573776000,935,871,0,1806,46,-0.4870554457773574,0.22721261203560922
47,1573790400,167,86,0,253,46,-0.4870554457773574,-0.5967930231995492
47,1573804800,606,1247,641,1853,46,0.3324024724611271,0.25215032282508276
47,1573819200,1446,4296,2850,5742,46,3.1564001969366533,2.3156132432562035
47,1573833600,1495,2573,1078,4068,46,0.8910656710106087,1.4274062674779324
47,1573848000,2653,2431,0,5084,46,-0.4870554457773574,1.9664852922035738
47,1573862400,853,762,0,1615,46,-0.4870554457773574,0.12587000010391877
47,1573876800,141,148,7,289,46,-0.47810660735665633,-0.5776917979139949
47,1573891200,60,336,276,396,46,-0.13421553090400057,-0.5209187116485977
47,1573905600,413,1193,780,1606,46,0.5101008353864771,0.12109469378253022
47,1573920000,613,1534,921,2147,46,0.6903560092891703,0.4081436626571089
47,1573934400,612,1555,943,2167,46,0.7184809300399451,0.4187554544824168
47,1573948800,316,712,396,1028,46,0.019193127736589346,-0.18558608996886808
47,1573963200,85,139,54,224,46,-0.4180215493890919,-0.6121801213462457
47,1573977600,44,199,155,243,46,-0.2889025950332621,-0.6020989191122031
47,1573992000,298,823,525,1121,46,0.1841074357752235,-0.13624125798118633
47,1573994131,71,168,97,239,46,-0.3630501133762139,-0.6042212774772647
47,1573994238,3,6,3,9,46,-0.4832202293113426,-0.7262568834683055
47,1573994331,5,12,7,17,46,-0.47810660735665633,-0.7220121667381824
47,1573994413,2,4,2,6,46,-0.4844986348000142,-0.7278486522421017
47,1573994493,4,13,9,17,46,-0.47554979637931316,-0.7220121667381824
47,1573994576,3,4,1,7,46,-0.4857770402886858,-0.7273180626508363
47,1573994655,2,6,4,8,46,-0.4819418238226711,-0.7267874730595709
47,1573994736,3,13,10,16,46,-0.4742713908906416,-0.7225427563294478
47,1573994816,5,1,0,6,46,-0.4870554457773574,-0.7278486522421017
47,1573994896,3,1,0,4,46,-0.4870554457773574,-0.7289098314246325
47,1573994977,5,13,8,18,46,-0.47682820186798475,-0.721481577146917
47,1573995058,7,10,3,17,46,-0.4832202293113426,-0.7220121667381824
47,1573995140,8,23,15,31,46,-0.46787936344728365,-0.7145839124604668
47,1573995218,7,8,1,15,46,-0.4857770402886858,-0.7230733459207132
47,1574006400,357,1035,678,1392,46,0.37970347554197564,0.007548521251735697
47,1574020800,478,1162,684,1640,46,0.38737390847400516,0.13913473988555364
47,1574035200,206,394,188,600,46,-0.24671521390709986,-0.4126784350304571
47,1574049600,41,46,5,87,46,-0.4806634183339995,-0.6848708953496048
47,1574064000,477,1286,809,1763,46,0.547174594557953,0.20439725961119723
47,1574078400,1344,4540,3196,5884,46,3.5987284960170207,2.3909569652158895
47,1574092800,1209,2336,1127,3545,46,0.9537075399555163,1.149907911246131
47,1574107200,3556,1576,0,5132,46,-0.4870554457773574,1.9919535925843128
47,1574121600,700,647,0,1347,47,-0.8200891086526871,-0.5771072996765139
47,1574136000,133,69,0,202,47,-0.8200891086526871,-1.1501393867562038
47,1574150400,518,1375,857,1893,47,0.03193246377752847,-0.3038535708158058
47,1574164800,1344,4678,3334,6022,47,2.494543239634756,1.7625651956051898
47,1574179200,1329,2223,894,3552,47,0.06871752583110838,0.5264173745686533
47,1574193600,2896,2366,0,5262,47,-0.8200891086526871,1.38221201990164
47,1574208000,656,852,196,1508,47,-0.6252276988553449,-0.49653248219194607
47,1574222400,139,84,0,223,47,-0.8200891086526871,-1.139629627953869
47,1574236800,499,1361,862,1860,47,0.036903418109093325,-0.3203689060766178
47,1574251200,1369,4777,3408,6146,47,2.568113363741916,1.8246228190094531
47,1574265600,1086,2427,1341,3513,47,0.5131208430730061,0.5068992510786028
47,1574280000,2805,2522,0,5327,47,-0.8200891086526871,1.414742225718391
47,1574294400,654,725,71,1379,47,-0.7495015571444662,-0.5610924291205749
47,1574308800,120,87,0,207,47,-0.8200891086526871,-1.1476370632318382
47,1574323200,495,1374,879,1869,47,0.05380466283641382,-0.31586472373276
47,1574337600,1378,4650,3272,6028,47,2.432903405923352,1.7655679838344283
47,1574352000,1031,2474,1443,3505,47,0.6145283114369291,0.502895533439618
47,1574366400,2920,2890,0,5810,47,-0.8200891086526871,1.6564666781720943
47,1574380800,645,931,286,1576,47,-0.5357505208871776,-0.46250088226057584
47,1574395200,116,115,0,231,47,-0.8200891086526871,-1.135625910314884
47,1574409600,400,1275,875,1675,47,0.04982789937116194,-0.4129548764781397
47,1574424000,1160,4392,3232,5552,47,2.3931357712708334,1.5273467843148367
47,1574438400,1081,2666,1585,3747,47,0.755703414453371,0.6240079920189062
47,1574452800,2441,2512,71,4953,47,-0.7495015571444662,1.2275684260958548
47,1574467200,550,947,397,1497,47,-0.4253953347264379,-0.50203759394555
47,1574481600,125,213,88,338,47,-0.7326003124171457,-1.0820761868934634
47,1574496000,60,459,399,519,47,-0.423406952993812,-0.9914920753114337
47,1574510400,365,1234,869,1599,47,0.04386275417328412,-0.4509901940484947
47,1574524800,619,1738,1119,2357,47,0.2924104707515267,-0.07163794775469122
47,1574539200,634,1514,880,2148,47,0.054798853702726795,-0.17623507107316738
47,1574553600,308,783,475,1091,47,-0.3478484471540262,-0.7052262641240252
47,1574568000,86,203,117,289,47,-0.7037687772940696,-1.1065989574322448
47,1574582400,41,245,204,286,47,-0.6172741719248412,-1.1081003515468641
47,1574596800,326,892,566,1218,47,-0.2573770783195459,-0.6416672466051426
47,1574611200,473,1347,874,1820,47,0.04883370850484897,-0.34038749427154147
47,1574625600,447,990,543,1437,47,-0.2802434682447442,-0.5320654762379355
47,1574640000,205,435,230,640,47,-0.591425209400704,-0.9309358460217896
47,1574654400,38,51,13,89,47,-0.8071646273906186,-1.206691898406863
47,1574668800,456,1301,845,1757,47,0.02000217338177283,-0.3719167706785462
47,1574683200,1333,4423,3090,5756,47,2.2519606682543913,1.6294415841089473
47,1574697600,954,2284,1330,3238,47,0.5021847435435635,0.3692714572385025
47,1574712000,2792,2748,0,5540,47,-0.8200891086526871,1.5213412078563595
47,1574726400,555,712,157,1267,48,-0.6559244780044861,-0.2118985198302151
47,1574740800,172,78,0,250,48,-0.8662050745357183,-0.8730821866151299
47,1574753617,285,876,591,1161,48,-0.0746392621156024,-0.2808124516681708
47,1574753810,143,496,353,639,48,-0.39340857405466767,-0.6201810593984811
47,1574755200,178,647,469,825,48,-0.23804201865579552,-0.4992566129658418
47,1574769600,1393,4385,2992,5778,48,3.1411805612696733,2.7208443718775044
47,1574784000,1224,2532,1308,3756,48,0.8856867742722538,1.4062786154968774
47,1574798400,3178,2367,0,5545,48,-0.8662050745357183,2.5693637481204887
47,1574812800,792,680,0,1472,48,-0.8662050745357183,-0.07862157618133847
47,1574827200,208,53,0,261,48,-0.8662050745357183,-0.865930740858361
47,1574841600,556,1159,603,1715,48,-0.05856685983296045,0.07936036190001286
47,1574856000,1451,3692,2241,5143,48,2.1353160517476653,2.308010912282204
47,1574870400,1274,2953,1679,4227,48,1.3825918781772673,1.712490520173077
47,1574884800,1005,2447,1442,3452,48,1.065161933095089,1.2086386600370798
47,1574899200,305,642,337,947,48,-0.4148384437648569,-0.41994057820894937
47,1574913600,46,86,40,132,48,-0.812630400260245,-0.9497976956422882
47,1574928000,60,243,183,303,48,-0.6211009397254286,-0.8386252206961521
47,1574942400,150,995,845,1145,48,0.2655599195336521,-0.29121455458710754
47,1574956800,270,1253,983,1523,48,0.4503925457840345,-0.04546487312722769
47,1574971200,192,657,465,849,48,-0.24339948608334283,-0.48365345858743675
47,1574985600,286,272,0,558,48,-0.8662050745357183,-0.6728417054255982
47,1575000000,22,55,33,77,48,-0.8220059682584528,-0.9855549244261331
47,1575014400,99,453,354,552,48,-0.3920692071977808,-0.6767424940201995
47,1575028800,374,1593,1219,1967,48,0.7664831240093261,0.2431934828732661
47,1575043200,519,1543,1024,2062,48,0.5053065869163945,0.3049559689544528
47,1575057600,479,1351,872,1830,48,0.3017228246695965,0.1541254766298705
47,1575072000,226,636,410,862,48,-0.3170646632121184,-0.47520174996580067
47,1575086400,48,87,39,135,48,-0.8139697671171319,-0.9478473013449875
47,1575100800,51,209,158,260,48,-0.6545851111475993,-0.8665808722907945
47,1575115200,260,769,509,1029,48,-0.18446734438032236,-0.3666298007493987
47,1575129600,390,1197,807,1587,48,0.21466397897195263,-0.0038564614514808387
47,1575144000,372,1279,907,1651,48,0.3486006646606355,0.037751950224266015
47,1575158400,259,651,392,910,48,-0.34117326663608133,-0.44399544120899054
47,1575172800,91,120,29,211,48,-0.8273634356860002,-0.8984373124800382
47,1575187200,60,145,85,205,48,-0.7523588917003378,-0.9023381010746394
47,1575201600,194,669,475,863,48,-0.23000581751447455,-0.4745516185333671
47,1575216000,325,958,633,1283,48,-0.018385854126355586,-0.2014964169112784
47,1575230400,247,725,478,972,48,-0.22598771694381406,-0.40368729239811074
47,1575244800,182,306,124,488,48,-0.7001235842817515,-0.7183509056959463
47,1575259200,41,51,10,92,48,-0.8528114059668499,-0.9758029529396299
47,1575273600,323,1370,1047,1693,48,0.5361120246247916,0.06505747038647489
47,1575288000,798,4120,3322,4918,48,3.583171624042327,2.161731339984656
47,1575302400,643,1484,841,2127,48,0.2602024521061048,0.3472145120626332
47,1575316800,1838,1529,0,3367,48,-0.8662050745357183,1.1533774882802286
47,1575331200,354,420,66,774,49,-0.6210963916755412,-0.6781297163489513
47,1575345600,66,43,0,109,49,-0.7011409868554472,-1.080264856747393
47,1575360000,435,999,564,1434,49,-0.01712353713624972,-0.2790181484347083
47,1575374400,1038,3434,2396,4472,49,2.204720377554477,1.5581044929644887
47,1575388800,818,1670,852,2488,49,0.3321619691033405,0.35835093123440087
47,1575403200,2152,2076,0,4228,49,-0.7011409868554472,1.4105541557355867
47,1575417600,453,581,128,1034,49,-0.5459029840822961,-0.5209039471706132
47,1575432000,86,57,0,143,49,-0.7011409868554472,-1.059704563854841
47,1575446400,411,1121,710,1532,49,0.1599448097768759,-0.21975612774441164
47,1575460800,942,3616,2674,4558,49,2.5418779148274147,1.6101099396927083
47,1575475200,899,1825,926,2724,49,0.42190893945656854,0.5010635524885847
47,1575489600,2163,2041,0,4204,49,-0.7011409868554472,1.3960410078114325
47,1575504000,459,672,213,1131,49,-0.4428152478657503,-0.4622466409771562
47,1575518400,80,54,0,134,49,-0.7011409868554472,-1.065146994326399
47,1575532800,452,995,543,1447,49,-0.04259227196621984,-0.2711568599757914
47,1575547200,1013,3451,2438,4464,49,2.255657847214417,1.5532667769897706
47,1575561600,927,1830,903,2757,49,0.39401461083326794,0.5210191308842969
47,1575576000,2071,1896,0,3967,49,-0.7011409868554472,1.252723672060409
47,1575590400,526,767,241,1293,49,-0.4088569347591235,-0.3642828924891148
47,1575604800,90,104,14,194,49,-0.6841618303021338,-1.0288641245160133
47,1575619200,418,926,508,1344,49,-0.08504016334950337,-0.33344245315028687
47,1575633600,882,3183,2301,4065,49,2.089504672371279,1.3119856927507056
47,1575648000,933,1878,945,2811,49,0.4449520804932082,0.553673713713644
47,1575662400,2057,2176,119,4233,49,-0.5568181561522833,1.4135777282197857
47,1575676800,442,324,0,766,49,-0.7011409868554472,-0.6829674323236693
47,1575691200,165,62,0,227,49,-0.7011409868554472,-1.0089085461203011
47,1575705600,51,156,105,207,49,-0.5737973127055966,-1.0210028360570964
47,1575720000,320,501,181,821,49,-0.48162474855903814,-0.6497081349974825
47,1575734400,511,703,192,1214,49,-0.46828398269572047,-0.41205533773945596
47,1575748800,514,700,186,1214,49,-0.4755607640757119,-0.41205533773945596
47,1575763200,252,307,55,559,49,-0.6344371575388589,-0.8081433331695
47,1575777600,87,67,0,154,49,-0.7011409868554472,-1.0530527043896036
47,1575792000,42,80,38,122,49,-0.655054704782168,-1.072403568288476
47,1575806400,229,391,162,620,49,-0.5046678895956778,-0.7712557488622745
47,1575820800,313,512,199,825,49,-0.4597944044190637,-0.6472892770101234
47,1575835200,323,1052,729,1375,49,0.18298795081351552,-0.31469630374825425
47,1575849600,179,336,157,515,49,-0.510731874079004,-0.8347507710304496
47,1575864000,40,48,8,88,49,-0.6914386116821253,-1.092963861181028
47,1575878400,386,1151,765,1537,49,0.2266486390934643,-0.21673255526021282
47,1575892800,1049,4329,3280,5378,49,3.2768328342065525,2.105975827101313
47,1575907200,1008,2128,1120,3136,49,0.6571915374096259,0.7502059251865667
47,1575921600,2373,2936,563,5309,49,-0.018336334032914965,2.0642505268193694
47,1575936000,474,623,149,1097,50,-0.7165145625289134,-0.6173707645123614
47,1575950400,153,65,0,218,50,-0.8579328024224998,-1.0792447160041918
47,1575964800,447,1294,847,1741,50,-0.05403180114822066,-0.2789784724068565
47,1575979200,1027,4682,3655,5709,50,2.611085095638291,1.8060224826779934
47,1575993600,1095,2495,1400,3590,50,0.4708291831548211,0.6925857327221474
47,1576008000,2329,2865,536,5194,50,-0.34920678508718267,1.5354137397675354
47,1576022400,522,745,223,1267,50,-0.6462800004341123,-0.5280436066584238
47,1576036800,206,63,0,269,50,-0.8579328024224998,-1.0524465686480104
47,1576051200,410,1239,829,1649,50,-0.07111588381992907,-0.32732022842192865
47,1576065600,952,4754,3802,5706,50,2.75060510412391,1.8044461210688063
47,1576080000,1102,2338,1236,3440,50,0.31517420770147775,0.6137676522627906
47,1576094400,2261,2906,645,5167,50,-0.24575317335294838,1.5212264852848512
47,1576108800,642,525,0,1167,50,-0.8579328024224998,-0.5805889936313282
47,1576123200,225,68,0,293,50,-0.8579328024224998,-1.0398356757745135
47,1576137600,383,1259,876,1642,50,-0.026507445732690448,-0.33099840551003196
47,1576152000,1005,4620,3615,5625,50,2.5731204674789394,1.7618843576207537
47,1576166400,1146,2420,1274,3566,50,0.3512406044528622,0.6799748398486503
47,1576180800,2266,3253,987,5519,50,0.07884439740951142,1.706186247429475
47,1576195200,795,607,0,1402,50,-0.8579328024224998,-0.4571073342450027
47,1576209600,261,96,0,357,50,-0.8579328024224998,-1.0062066281118545
47,1576224000,317,1155,838,1472,50,-0.06257384248407487,-0.4203255633639696
47,1576238400,909,4084,3175,4993,50,2.155509557726067,1.4297975119519972
47,1576252800,948,2327,1379,3275,50,0.4508977533711612,0.5270677637574983
47,1576267200,1690,2964,1274,4654,50,0.3512406044528622,1.251668650113851
47,1576281600,451,767,316,1218,50,-0.5580122399636188,-0.553790846275147
47,1576296000,104,157,53,261,50,-0.8076296701113583,-1.0566501996058428
47,1576310400,47,226,179,273,50,-0.6880410914093995,-1.0503447531690944
47,1576324800,258,871,613,1129,50,-0.27612487588043,-0.600556240681032
47,1576339200,454,1373,919,1827,50,0.014304529538612979,-0.23378943961015866
47,1576353600,452,1244,792,1696,50,-0.1062331648673297,-0.30262389654466354
47,1576368000,244,608,364,852,50,-0.5124546861723963,-0.7461069625959774
47,1576382400,78,142,64,220,50,-0.7971893973675366,-1.0781938082647338
47,1576396800,38,130,92,168,50,-0.7706141576559901,-1.105517409490644
47,1576411200,249,665,416,914,50,-0.4631006695652387,-0.7135288226727766
47,1576425600,404,1081,677,1485,50,-0.21538147082546677,-0.413494663057492
47,1576440000,421,859,438,1280,50,-0.4422201240775951,-0.5212127063519462
47,1576454400,175,325,150,500,50,-0.7155654468249296,-0.9310667247406011
47,1576468800,37,38,1,75,50,-0.856983686718516,-1.1543846193754452
47,1576483200,406,1231,825,1637,50,-0.07491234663586428,-0.33362567485867717
47,1576497600,994,4310,3316,5304,50,2.289334871987783,1.5932136654377302
47,1576512000,833,1996,1163,2829,50,0.24588876131066031,0.29271533785834425
47,1576526400,1947,2794,847,4741,50,-0.05403180114822066,1.297383136780278
47,1576540800,382,418,36,800,51,-0.8648847875784527,-0.6901357808155495
47,1576555200,103,48,0,151,51,-0.9030001907319983,-1.0587903227679554
47,1576569600,414,1170,756,1584,51,-0.10257672450753956,-0.24479654985917632
47,1576584000,1018,4368,3350,5386,51,2.6438498249451667,1.9148715063858885
47,1576598400,797,1960,1163,2757,51,0.32833908336726825,0.4215081923752953
47,1576612800,2020,2705,685,4725,51,-0.17774876961592126,1.53940054763313
47,1576627200,400,655,255,1055,51,-0.6330160850610499,-0.5452869238080557
47,1576641600,108,46,0,154,51,-0.9030001907319983,-1.057086218567867
47,1576656000,404,1244,840,1648,51,-0.013640783815933035,-0.20844232692396217
47,1576670400,997,4602,3605,5599,51,2.913833930616115,2.035862904592148
47,1576684800,827,2258,1431,3085,51,0.6120870846214415,0.6078235849182678
47,1576699200,2043,3034,991,5077,51,0.1462321571892168,1.7393487737768079
47,1576713600,427,519,92,946,51,-0.805594160450715,-0.6072027097445922
47,1576728000,140,67,0,207,51,-0.9030001907319983,-1.026980377699643
47,1576742400,395,1136,741,1531,51,-0.1184581424881836,-0.2749023907274005
47,1576756800,1028,4364,3336,5392,51,2.629027168163232,1.9182797147860648
47,1576771200,799,2145,1346,2944,51,0.5220923827311253,0.5277306875141241
47,1576785600,2087,2993,906,5080,51,0.05623745529890067,1.741052877976896
47,1576800000,459,468,9,927,51,-0.8934713399436119,-0.617995369678484
47,1576814400,97,48,0,145,51,-0.9030001907319983,-1.0621985311681317
47,1576828800,330,1077,747,1407,51,-0.11210557529592598,-0.3453386976643779
47,1576843200,866,3869,3003,4735,51,2.2764596889929347,1.5450808949667574
47,1576857600,867,2331,1464,3198,51,0.6470262041788584,0.6720115097882552
47,1576872000,1508,2585,1077,4093,51,0.23728562027824254,1.1804025961478906
47,1576886400,305,692,387,997,51,-0.49325960683138254,-0.5782329383430935
47,1576900800,68,213,145,281,51,-0.7494798169191061,-0.9849458074308016
47,1576915200,36,242,206,278,51,-0.6848953837978204,-0.9866499116308898
47,1576929600,235,801,566,1036,51,-0.3037413522623639,-0.5560795837419473
47,1576944000,407,1293,886,1700,51,0.035062231324708634,-0.17890452078910069
47,1576958400,372,1167,795,1539,51,-0.061285037757865105,-0.27035811286049877
47,1576972800,224,535,311,759,51,-0.5737254579333122,-0.7134252048834211
47,1576987200,76,82,6,158,51,-0.8966476235397407,-1.0548140796344163
47,1577001600,28,134,106,162,51,-0.7907715036687806,-1.0525419407009655
47,1577016000,224,602,378,826,51,-0.502788457619769,-0.6753668777481188
47,1577030400,352,1000,648,1352,51,-0.21692293396817652,-0.3765806079993276
47,1577044800,366,973,607,1339,51,-0.2603321431152702,-0.38396505953304294
47,1577059200,167,350,183,517,51,-0.7092468913681412,-0.8508896103571996
47,1577073600,35,38,3,73,51,-0.8998239071358696,-1.1030970319702476
47,1577088000,295,893,598,1188,51,-0.2698609939036566,-0.4697383042708138
47,1577090871,90,600,510,690,51,-0.36303197939010157,-0.7526196014854488
47,1577102400,697,3202,2505,3899,51,1.7491966120355535,1.0702038578755226
47,1577116800,997,2230,1233,3227,51,0.4024523672769404,0.6884845170557742
47,1577131200,1614,2382,768,3996,51,-0.08987159012302434,1.1253032270117065
47,1577145600,307,312,5,619,52,-1.0826694283155656,-0.6476877962929393
47,1577160000,75,45,0,120,52,-1.0915207930381345,-1.1249062685707936
47,1577174400,170,781,611,951,52,-0.009884023940202123,-0.3301797145369321
47,1577188800,445,2173,1728,2618,52,1.9675108550817133,1.2640551417500074
47,1577203200,1002,2038,1036,3040,52,0.7424819774781632,1.6676346914519202
47,1577217600,501,1114,613,1615,52,-0.006343478051174521,0.30483644897508216
47,1577232000,151,360,209,511,52,-0.7215337476347501,-0.750973557828026
47,1577246400,42,58,16,100,52,-1.0631964259259137,-1.1440332614476614
47,1577260800,29,151,122,180,52,-0.8755474938074508,-1.0675252899401897
47,1577275200,123,455,332,578,52,-0.5037901754595526,-0.6868981316905185
47,1577289600,208,723,515,931,52,-0.17983022661352702,-0.34930670741380004
47,1577304000,220,612,392,832,52,-0.39757379878872456,-0.44398532215429615
47,1577318400,211,266,55,477,52,-0.9941557810898755,-0.7834894457187014
47,1577332800,24,40,16,64,52,-1.0631964259259137,-1.1784618486260237
47,1577347200,167,715,548,882,52,-0.12141121944457159,-0.3961678399621264
47,1577361600,443,2112,1669,2555,52,1.863064751355399,1.2038051141878736
47,1577376000,596,1683,1087,2279,52,0.8327658976483672,0.9398526124870965
47,1577390400,816,1749,933,2565,52,0.5601438641932418,1.2133686106263075
47,1577404800,217,554,337,771,52,-0.4949388107369836,-0.5023226504287432
47,1577419200,65,70,5,135,52,-1.0826694283155656,-1.1105610239131425
47,1577433600,172,682,510,854,52,-0.18868159133609602,-0.4229456299897415
47,1577448000,477,2282,1805,2759,52,2.1038218718092763,1.3989004415319262
47,1577462400,740,2058,1318,2798,52,1.2416989478310552,1.4361980776418186
47,1577476800,970,1906,936,2876,52,0.5654546830267833,1.5107933498616033
