remote_unit_id,time_stamp,entries,exits,num_people_exited,sum_exit_entry,week_num,z_score_num_people_exited,z_score_sum_exit_entry
462,1546300800,0,0,0,0,1,-0.5280775674169362,-1.095828293324862
462,1546315200,99,66,0,165,1,-0.5280775674169362,-0.8463345659859667
462,1546329600,26,41,15,67,1,-0.485772268908204,-0.9945187191933106
462,1546344000,77,241,164,318,1,-0.06553963705479779,-0.6149858369989911
462,1546358400,246,507,261,753,1,0.2080346266350036,0.0427703532580964
462,1546372800,400,356,0,756,1,-0.5280775674169362,0.047306602846076316
462,1546387200,138,104,0,242,1,-0.5280775674169362,-0.7299041598944822
462,1546401600,16,14,0,30,1,-0.5280775674169362,-1.0504657974450629
462,1546416000,47,331,284,378,1,0.27290275101505956,-0.5242608452393929
462,1546430400,206,1386,1180,1592,1,2.7999392486033283,1.3114081546964789
462,1546444800,539,575,36,1114,1,-0.426544850995979,0.5886323870116794
462,1546459200,1601,476,0,2077,1,-0.5280775674169362,2.0447685047532316
462,1546473600,344,101,0,445,1,-0.5280775674169362,-0.4229512711078414
462,1546488000,32,20,0,52,1,-0.5280775674169362,-1.0171999671332101
462,1546502400,41,367,326,408,1,0.39135758683950966,-0.4788983493595937
462,1546516800,238,1475,1237,1713,1,2.9606993829365105,1.4943702214116688
462,1546531200,559,605,46,1164,1,-0.3983413186568242,0.6642365468113446
462,1546545600,1531,518,0,2049,1,-0.5280775674169362,2.002430175265419
462,1546560000,371,75,0,446,1,-0.5280775674169362,-0.4214391879118481
462,1546574400,52,16,0,68,1,-0.5280775674169362,-0.9930066359973172
462,1546588800,43,332,289,375,1,0.287004517184637,-0.5287970948273727
462,1546603200,246,1387,1141,1633,1,2.6899454724806247,1.3734035657322043
462,1546617600,554,682,128,1236,1,-0.167072353475755,0.7731065369228626
462,1546632000,1517,600,0,2117,1,-0.5280775674169362,2.105251832592964
462,1546646400,388,107,0,495,1,-0.5280775674169362,-0.3473471113081762
462,1546660800,43,37,0,80,1,-0.5280775674169362,-0.9748616376453976
462,1546675200,23,95,72,118,1,-0.32501213457502176,-0.917402476197652
462,1546689600,108,438,330,546,1,0.4026389997751716,-0.27023086831251764
462,1546704000,388,544,156,932,1,-0.08810246292612162,0.31343324534089795
462,1546718400,459,345,0,804,1,-0.5280775674169362,0.11988659625375493
462,1546732800,240,104,0,344,1,-0.5280775674169362,-0.5756716739031652
462,1546747200,43,26,0,69,1,-0.5280775674169362,-0.9914945528013239
462,1546761600,11,47,36,58,1,-0.426544850995979,-1.0081274679572503
462,1546776000,79,335,256,414,1,0.1939328604654262,-0.4698258501836339
462,1546790400,348,605,257,953,1,0.19675321369934168,0.3451869924567573
462,1546804800,518,319,0,837,1,-0.5280775674169362,0.16978534172153398
462,1546819200,173,77,0,250,1,-0.5280775674169362,-0.7178074943265358
462,1546833600,16,8,0,24,1,-0.5280775674169362,-1.0595382966210227
462,1546848000,53,373,320,426,1,0.3744354674360168,-0.4516808518317142
462,1546862400,246,1576,1330,1822,1,3.22299223369065,1.659187289774939
462,1546876800,466,462,0,928,1,-0.5280775674169362,0.3073849125569247
462,1546891200,1637,503,0,2140,1,-0.5280775674169362,2.1400297461008098
462,1546905600,350,79,0,429,2,-0.5188013789569446,-0.5656512403974534
462,1546920000,29,11,0,40,2,-0.5188013789569446,-1.1105253613581039
462,1546934400,68,378,310,446,2,0.2091643451533495,-0.5418392608181962
462,1546948800,262,1588,1326,1850,2,2.595013299011604,1.4247501114922236
462,1546963200,476,500,24,976,2,-0.4624427422516315,0.20053422018217595
462,1546977600,1471,585,0,2056,2,-0.5188013789569446,1.7132952758055757
462,1546992000,407,88,0,495,2,-0.5188013789569446,-0.4732047314426901
462,1547006400,34,14,0,48,2,-0.5188013789569446,-1.0993197239090418
462,1547020800,63,341,278,404,2,0.13401949621293205,-0.6006688574257728
462,1547035200,275,1560,1285,1835,2,2.4987339613066943,1.4037395412752318
462,1547049600,483,549,66,1032,2,-0.3638151280173336,0.2789736823256115
462,1547064000,1550,548,0,2098,2,-0.5188013789569446,1.7721248724131522
462,1547078400,421,85,0,506,2,-0.5188013789569446,-0.45779697995022955
462,1547092800,27,11,0,38,2,-0.5188013789569446,-1.1133267707203696
462,1547107200,62,389,327,451,2,0.2490850461529463,-0.5348357374125323
462,1547121600,252,1596,1344,1848,2,2.637282276540589,1.421948702129958
462,1547136000,483,501,18,984,2,-0.4765324014279598,0.21173985763123818
462,1547150400,1493,531,0,2024,2,-0.5188013789569446,1.6684727260093268
462,1547164800,406,105,0,511,2,-0.5188013789569446,-0.45079345654456565
462,1547179200,38,22,0,60,2,-0.5188013789569446,-1.0825112677354483
462,1547193600,73,336,263,409,2,0.09879534827211138,-0.593665334020109
462,1547208000,271,1472,1201,1743,2,2.301478732838098,1.2748747106110163
462,1547222400,592,505,0,1097,2,-0.5188013789569446,0.37001948659924205
462,1547236800,1399,590,0,1989,2,-0.5188013789569446,1.6194480621696796
462,1547251200,335,121,0,456,2,-0.5188013789569446,-0.5278322140068684
462,1547265600,52,24,0,76,2,-0.5188013789569446,-1.0600999928373238
462,1547280000,23,94,71,117,2,-0.3520737453703934,-1.00267110091088
462,1547294400,100,524,424,624,2,0.4768678695035867,-0.2925138275765618
462,1547308800,432,637,205,1069,2,-0.03740469043239527,0.3307997555275243
462,1547323200,577,382,0,959,2,-0.5188013789569446,0.17672224060291872
462,1547337600,248,113,0,361,2,-0.5188013789569446,-0.6608991587144823
462,1547352000,64,20,0,84,2,-0.5188013789569446,-1.0488943553882617
462,1547366400,17,61,44,78,2,-0.4154772116638706,-1.0572985834750583
462,1547380800,82,332,250,414,2,0.06826775339006678,-0.5866618106144451
462,1547395200,354,482,128,836,2,-0.21822198319527478,0.0044355648235870765
462,1547409600,478,224,0,702,2,-0.5188013789569446,-0.18325886244820513
462,1547424000,138,62,0,200,2,-0.5188013789569446,-0.8864126123768595
462,1547438400,14,13,0,27,2,-0.5188013789569446,-1.12873452221283
462,1547452800,31,227,196,258,2,-0.058539179196887677,-0.8051717408711584
462,1547467200,305,1824,1519,2129,2,3.048230669183497,1.8155467175282685
462,1547481600,513,494,0,1007,2,-0.5188013789569446,0.24395606529729205
462,1547496000,1752,461,0,2213,2,-0.5188013789569446,1.9332059107434216
462,1547510400,369,80,0,449,3,-0.5150970916228612,-0.47274623703934826
462,1547524800,31,12,0,43,3,-0.5150970916228612,-1.0817413895659758
462,1547539200,65,401,336,466,3,0.34555293880359117,-0.44724644001237124
462,1547553600,263,1591,1328,1854,3,2.8865196953007364,1.6347369878372813
462,1547568000,472,483,11,955,3,-0.4869210489600904,0.28624772152832045
462,1547582400,1632,456,0,2088,3,-0.5150970916228612,1.985734193973318
462,1547596800,381,93,0,474,3,-0.5150970916228612,-0.43524653552908793
462,1547611200,38,17,0,55,3,-0.5150970916228612,-1.0637415328410507
462,1547625600,64,360,296,424,3,0.24309460184806114,-0.5102459385496085
462,1547640000,242,1629,1387,1871,3,3.037645742310143,1.6602367848642583
462,1547654400,526,488,0,1014,3,-0.5150970916228612,0.3747470170925348
462,1547668800,1661,521,0,2182,3,-0.5150970916228612,2.1267330716518966
462,1547683200,423,82,0,505,3,-0.5150970916228612,-0.38874690565636516
462,1547697600,28,16,0,44,3,-0.5150970916228612,-1.0802414015055652
462,1547712000,60,380,320,440,3,0.30456960402137917,-0.486246129583042
462,1547726400,279,1577,1298,1856,3,2.809675942584089,1.637736963958102
462,1547740800,498,540,42,1038,3,-0.40751583781955464,0.41074673054238464
462,1547755200,1576,532,0,2108,3,-0.5150970916228612,2.0157339551815263
462,1547769600,411,91,0,502,3,-0.5150970916228612,-0.3932468698375964
462,1547784000,34,14,0,48,3,-0.5150970916228612,-1.0742414492639236
462,1547798400,65,314,249,379,3,0.12270605592531335,-0.5777454012680772
462,1547812800,231,1556,1325,1787,3,2.8788353200290717,1.5342377877897835
462,1547827200,639,565,0,1204,3,-0.5150970916228612,0.6597447485705131
462,1547841600,1427,545,0,1972,3,-0.5150970916228612,1.8117355789657101
462,1547856000,405,130,0,535,3,-0.5150970916228612,-0.3437472638440528
462,1547870400,40,33,0,73,3,-0.5150970916228612,-1.0367417477536633
462,1547884800,24,101,77,125,3,-0.31786479298346587,-0.9587423686123219
462,1547899200,119,535,416,654,3,0.5504696127146513,-0.16524868465521372
462,1547913600,438,705,267,1143,3,0.16881230755530185,0.568245476885478
462,1547928000,598,413,0,1011,3,-0.5150970916228612,0.3702470529113035
462,1547942400,191,85,0,276,3,-0.5150970916228612,-0.7322441714903496
462,1547956800,30,25,0,55,3,-0.5150970916228612,-1.0637415328410507
462,1547971200,15,41,26,56,3,-0.44849917260176664,-1.0622415447806404
462,1547985600,74,313,239,387,3,0.09709147168643083,-0.5657454967847938
462,1548000000,289,465,176,754,3,-0.06428040901852898,-0.01524987861417247
462,1548014400,378,243,0,621,3,-0.5150970916228612,-0.21474829064875733
462,1548028800,133,52,0,185,3,-0.5150970916228612,-0.8687430849876971
462,1548043200,14,12,0,26,3,-0.5150970916228612,-1.1072411865929528
462,1548057600,18,163,145,181,3,-0.14368562015906478,-0.8747430372293388
462,1548072000,131,626,495,757,3,0.7528248282018232,-0.010749914432941233
462,1548086400,338,351,13,689,3,-0.4817981321123139,-0.11274910254084927
462,1548100800,605,204,0,809,3,-0.5150970916228612,0.06724946470840021
462,1548115200,179,32,0,211,4,-0.545884538380362,-0.8939085045762665
462,1548129600,13,10,0,23,4,-0.545884538380362,-1.1593180538029417
462,1548144000,62,354,292,416,4,0.17397868513541864,-0.604499155685477
462,1548158400,265,1542,1277,1807,4,2.6022844219951584,1.3592491580076358
462,1548172800,469,510,41,979,4,-0.4448078528867079,0.19031773907313013
462,1548187200,1489,478,0,1967,4,-0.545884538380362,1.5851296254345935
462,1548201600,431,70,0,501,4,-0.545884538380362,-0.48450015736490576
462,1548216000,31,22,0,53,4,-0.545884538380362,-1.1169654661603872
462,1548230400,61,354,293,415,4,0.176443970147459,-0.6059109086068954
462,1548244800,292,1590,1298,1882,4,2.6540554072480056,1.465130627114022
462,1548259200,499,450,0,949,4,-0.545884538380362,0.14796515143057556
462,1548273600,1658,532,0,2190,4,-0.545884538380362,1.8999505269109156
462,1548288000,450,90,0,540,4,-0.545884538380362,-0.42944179342958483
462,1548302400,34,18,0,52,4,-0.545884538380362,-1.1183772190818055
462,1548316800,63,340,277,403,4,0.13699940995481347,-0.6228519436639173
462,1548331200,269,1454,1185,1723,4,2.3754782008874464,1.240661912608483
462,1548345600,497,450,0,947,4,-0.545884538380362,0.1451416455877386
462,1548360000,1481,524,0,2005,4,-0.545884538380362,1.638776236448496
462,1548374400,447,80,0,527,4,-0.545884538380362,-0.44779458140802514
462,1548388800,39,21,0,60,4,-0.545884538380362,-1.1070831957104577
462,1548403200,55,338,283,393,4,0.15179112002705555,-0.6369694728781021
462,1548417600,286,1552,1266,1838,4,2.5751662868627148,1.4030134985716087
462,1548432000,629,629,0,1258,4,-0.545884538380362,0.5841968041488874
462,1548446400,1474,665,0,2139,4,-0.545884538380362,1.827951127918573
462,1548460800,386,119,0,505,4,-0.545884538380362,-0.4788531456792318
462,1548475200,51,26,0,77,4,-0.545884538380362,-1.0830833960463435
462,1548489600,28,95,67,123,4,-0.38071044257365894,-1.0181427616610932
462,1548504000,106,618,512,724,4,0.7163413877842945,-0.16967925588858357
462,1548518400,423,673,250,1096,4,0.07043671462972417,0.3554928308790929
462,1548532800,582,461,0,1043,4,-0.545884538380362,0.28066992604391316
462,1548547200,274,143,0,417,4,-0.545884538380362,-0.6030874027640585
462,1548561600,58,22,0,80,4,-0.545884538380362,-1.078848137282088
462,1548576000,15,45,30,60,4,-0.4719259880191517,-1.1070831957104577
462,1548590400,79,390,311,469,4,0.2208191003641852,-0.5296762508502972
462,1548604800,345,645,300,990,4,0.1937009652317414,0.20584702120873347
462,1548619200,480,336,0,816,4,-0.545884538380362,-0.039797987118082946
462,1548633600,183,68,0,251,4,-0.545884538380362,-0.837438387719527
462,1548648000,15,11,0,26,4,-0.545884538380362,-1.1550827950386862
462,1548662400,70,383,313,453,4,0.2257496703882659,-0.552264297592993
462,1548676800,287,1592,1305,1879,4,2.6713124023322883,1.4608953683497667
462,1548691200,518,452,0,970,4,-0.545884538380362,0.17761196278036376
462,1548705600,1652,547,0,2199,4,-0.545884538380362,1.9126563032036819
462,1548720000,390,72,0,462,5,-0.5651065243958303,-0.5658246910968369
462,1548734400,25,22,0,47,5,-0.5651065243958303,-1.1838809902644665
462,1548748800,73,352,279,425,5,0.17526895110398402,-0.6209285057214207
462,1548763200,296,1448,1152,1744,5,2.4919276970227577,1.3434480210306359
462,1548777600,524,508,0,1032,5,-0.5651065243958303,0.28307191257918457
462,1548792000,1529,460,0,1989,5,-0.5651065243958303,1.7083246313826097
462,1548806400,391,78,0,469,5,-0.5651065243958303,-0.5553996450867804
462,1548820800,257,33,0,290,5,-0.5651065243958303,-0.8219829644867942
462,1548835200,64,379,315,443,5,0.2708012705233149,-0.5941212445527042
462,1548849600,289,1592,1303,1881,5,2.8926327034760626,1.547481064370311
462,1548864000,569,497,0,1066,5,-0.5651065243958303,0.33370785034231565
462,1548878400,1485,408,0,1893,5,-0.5651065243958303,1.565352571816122
462,1548892800,347,67,0,414,5,-0.5651065243958303,-0.6373107208800808
462,1548907200,31,17,0,48,5,-0.5651065243958303,-1.1823916979773155
462,1548921600,57,298,241,355,5,0.07442928060580141,-0.7251789658219847
462,1548936000,294,1355,1061,1649,5,2.250443222935005,1.201965253751299
462,1548950400,422,455,33,877,5,-0.477535231594777,0.05223160807079277
462,1548964800,1342,455,0,1797,5,-0.5651065243958303,1.4223805122496342
462,1548979200,365,87,0,452,5,-0.5651065243958303,-0.580717613968346
462,1548993600,32,15,0,47,5,-0.5651065243958303,-1.1838809902644665
462,1549008000,59,317,258,376,5,0.11954176477604099,-0.6939038277918155
462,1549022400,310,1468,1158,1778,5,2.507849750259313,1.394083958793767
462,1549036800,546,626,80,1172,5,-0.3528124812417617,0.4915728327803126
462,1549051200,1498,547,0,2045,5,-0.5651065243958303,1.791724999463061
462,1549065600,380,111,0,491,5,-0.5651065243958303,-0.5226352147694603
462,1549080000,61,29,0,90,5,-0.5651065243958303,-1.1198414219169772
462,1549094400,25,98,73,123,5,-0.3713882100177427,-1.0706947764409969
462,1549108800,121,616,495,737,5,0.7484628676199693,-0.1562693121303353
462,1549123200,459,800,341,1259,5,0.3397968345483872,0.6211412617624422
462,1549137600,640,589,0,1229,5,-0.5651065243958303,0.5764624931479148
462,1549152000,270,158,0,428,5,-0.5651065243958303,-0.616460628859968
462,1549166400,58,21,0,79,5,-0.5651065243958303,-1.1362236370756371
462,1549180800,18,56,38,74,5,-0.4642668538976477,-1.1436700985113917
462,1549195200,85,420,335,505,5,0.32387478131183206,-0.5017851227493475
462,1549209600,349,647,298,996,5,0.22568878635307532,0.22945739024175163
462,1549224000,526,337,0,863,5,-0.5651065243958303,0.031381516050679965
462,1549238400,221,79,0,300,5,-0.5651065243958303,-0.8070900416152851
462,1549252800,21,10,0,31,5,-0.5651065243958303,-1.2077096668588811
462,1549267200,57,353,296,410,5,0.2203814352742236,-0.6432678900286845
462,1549281600,295,1483,1188,1778,5,2.5874600164420887,1.394083958793767
462,1549296000,515,492,0,1007,5,-0.5651065243958303,0.2458396054004117
462,1549310400,1658,552,0,2210,5,-0.5651065243958303,2.0374582268429617
462,1549324800,371,105,0,476,6,-0.5423083922908373,-0.5190442600879602
462,1549339200,35,12,0,47,6,-0.5423083922908373,-1.1051972729953738
462,1549353600,66,359,293,425,6,0.2045809206160559,-0.5887267860979325
462,1549362817,214,1354,1140,1568,6,2.3636773302820573,0.9729815909490928
462,1549368000,95,305,210,400,6,-0.00699523286951452,-0.6228848870832131
462,1549382400,582,602,20,1184,6,-0.49132618663166366,0.448313159815184
462,1549396800,1779,603,0,2382,6,-0.5423083922908373,2.0851693590298264
462,1549411200,453,119,0,572,6,-0.5423083922908373,-0.3878771523044831
462,1549425600,33,16,0,49,6,-0.5423083922908373,-1.1024646249165515
462,1549440000,58,406,348,464,6,0.34478198617878325,-0.535440148560895
462,1549454400,341,1576,1235,1917,6,2.605842807163132,1.4498286807036087
462,1549468800,549,539,0,1088,6,-0.5423083922908373,0.3171460520317068
462,1549483200,1606,523,0,2129,6,-0.5423083922908373,1.7394893770587876
462,1549497600,360,79,0,439,6,-0.5423083922908373,-0.5695982495461754
462,1549512000,29,10,0,39,6,-0.5423083922908373,-1.1161278653106637
462,1549526400,79,352,273,431,6,0.1535987149568823,-0.5805288418614653
462,1549540800,320,1572,1252,1892,6,2.6491776819734296,1.4156705797183282
462,1549555200,540,576,36,1116,6,-0.45054042210432477,0.355403125135221
462,1549569600,1558,662,0,2220,6,-0.5423083922908373,1.8638248646452087
462,1549584000,473,104,0,577,6,-0.5423083922908373,-0.381045532107427
462,1549598400,39,21,0,60,6,-0.5423083922908373,-1.087435060483028
462,1549612800,57,353,296,410,6,0.21222825146493193,-0.6092216466891008
462,1549627200,310,1595,1285,1905,6,2.733298321311066,1.4334327922306742
462,1549641600,594,651,57,1245,6,-0.3970091061621925,0.5316589262192685
462,1549656000,1632,652,0,2284,6,-0.5423083922908373,1.9512696031675267
462,1549670400,357,150,0,507,6,-0.5423083922908373,-0.47668821486621243
462,1549684800,67,18,0,85,6,-0.5423083922908373,-1.0532769594977476
462,1549699200,27,89,62,116,6,-0.3842635547473991,-1.0109209142759998
462,1549713600,129,476,347,605,6,0.3422328758958246,-0.3427884590039128
462,1549728000,435,634,199,1069,6,-0.035035445982059994,0.2911858952828936
462,1549742400,537,419,0,956,6,-0.5423083922908373,0.13679127882942566
462,1549756800,206,129,0,335,6,-0.5423083922908373,-0.7116959496449424
462,1549771200,49,30,0,79,6,-0.5423083922908373,-1.0614749037342148
462,1549785600,14,47,33,61,6,-0.4581877529532008,-1.0860687364436168
462,1549800000,89,374,285,463,6,0.18418803835238645,-0.5368064726003061
462,1549814400,329,471,142,800,6,-0.18033473211070475,-0.07635527131872477
462,1549828800,422,295,0,717,6,-0.5423083922908373,-0.1897601665898561
462,1549843200,113,73,0,186,6,-0.5423083922908373,-0.9152782315172143
462,1549857600,13,11,0,24,6,-0.5423083922908373,-1.136622725901832
462,1549872000,60,378,318,438,6,0.26830867769002287,-0.5709645735855866
462,1549886400,288,1605,1317,1893,6,2.814869850365744,1.4170369037577395
462,1549900800,539,538,0,1077,6,-0.5423083922908373,0.3021164875981834
462,1549915200,1630,443,0,2073,6,-0.5423083922908373,1.6629752308517591
462,1549929600,383,79,0,462,7,-0.558035560804554,-0.5376973229151818
462,1549944000,28,9,0,37,7,-0.558035560804554,-1.1657908517441846
462,1549958400,55,376,321,431,7,0.291014820728794,-0.5835112038415325
462,1549972800,273,1509,1236,1782,7,2.711205160613571,1.4130872842713684
462,1549987200,437,429,0,866,7,-0.558035560804554,0.05936099625403512
462,1550001600,1393,370,0,1763,7,-0.558035560804554,1.3850078088648954
462,1550016000,336,86,0,422,7,-0.558035560804554,-0.5968120079814409
462,1550030400,30,9,0,39,7,-0.558035560804554,-1.1628351174908718
462,1550044800,63,408,345,471,7,0.35449522308642745,-0.5243965187752735
462,1550059200,288,1673,1385,1961,7,3.105312658583879,1.6776254999428777
462,1550073600,515,557,42,1072,7,-0.4469448566786953,0.36380162434526947
462,1550088000,1647,526,0,2173,7,-0.558035560804554,1.9909333307940509
462,1550102400,415,92,0,507,7,-0.558035560804554,-0.47119330221564026
462,1550116800,30,13,0,43,7,-0.558035560804554,-1.1569236489842458
462,1550131200,68,384,316,452,7,0.277789736904287,-0.5524759941817465
462,1550145600,299,1602,1303,1901,7,2.8884212838619647,1.588953472343489
462,1550160000,565,553,0,1118,7,-0.558035560804554,0.43178351217146743
462,1550174400,1705,614,0,2319,7,-0.558035560804554,2.2067019312858966
462,1550188800,374,103,0,477,7,-0.558035560804554,-0.5155293160153346
462,1550203200,50,15,0,65,7,-0.558035560804554,-1.1244105721978033
462,1550217600,72,376,304,448,7,0.24604953572547025,-0.5583874626883725
462,1550232000,299,1485,1186,1784,7,2.578954322368501,1.4160430185246815
462,1550246400,605,636,31,1241,7,-0.47604004109261067,0.6135611687502142
462,1550260800,1532,596,0,2128,7,-0.558035560804554,1.9244293100945096
462,1550275200,348,125,0,473,7,-0.558035560804554,-0.5214407845219605
462,1550289600,63,17,0,80,7,-0.558035560804554,-1.1022425652979562
462,1550304000,30,126,96,156,7,-0.30411395137402,-0.9899246636720639
462,1550318400,128,563,435,691,7,0.592546731927553,-0.19926575091084844
462,1550332800,441,648,207,1089,7,-0.010517090469965086,0.3889253654984296
462,1550347200,630,511,0,1141,7,-0.558035560804554,0.4657744560845664
462,1550361600,263,137,0,400,7,-0.558035560804554,-0.6293250847678834
462,1550376000,48,23,0,71,7,-0.558035560804554,-1.1155433694378645
462,1550390400,13,37,24,50,7,-0.49455515844692044,-1.1465785790976504
462,1550404800,86,441,355,527,7,0.3809453907354414,-0.44163595968251074
462,1550419200,423,811,388,1234,7,0.46823094397718745,0.6032160988636188
462,1550433600,637,331,0,968,7,-0.558035560804554,0.2101034431729958
462,1550448000,178,70,0,248,7,-0.558035560804554,-0.853960888019668
462,1550462400,23,16,0,39,7,-0.558035560804554,-1.1628351174908718
462,1550476800,32,227,195,259,7,-0.04225729164878183,-0.8377043496264467
462,1550491200,173,753,580,926,7,0.9760741628382554,0.14803302385342376
462,1550505600,501,613,112,1114,7,-0.26179368313559764,0.42587204366484155
462,1550520000,875,382,0,1257,7,-0.558035560804554,0.6372070427767178
462,1550534400,257,69,0,326,8,-0.5790580388379654,-0.8848907927725909
462,1550548800,16,6,0,22,8,-0.5790580388379654,-1.2792084635762813
462,1550563200,50,397,347,447,8,0.15194019482014823,-0.7279419830119115
462,1550577600,266,1567,1301,1833,8,2.1616586815920225,1.069835292428598
462,1550592000,520,479,0,999,8,-0.5790580388379654,-0.011944107078894728
462,1550606400,1598,497,0,2095,8,-0.5790580388379654,1.4096748639765153
462,1550620800,412,94,0,506,8,-0.5790580388379654,-0.6514132245335637
462,1550635200,26,15,0,41,8,-0.5790580388379654,-1.2545636091510506
462,1550649600,59,391,332,450,8,0.12034084754386092,-0.7240506902079277
462,1550664000,307,1671,1364,1978,8,2.2943759401524293,1.2579144446211477
462,1550678400,534,494,0,1028,8,-0.5790580388379654,0.025671723359615213
462,1550692800,1399,438,0,1837,8,-0.5790580388379654,1.0750236828339097
462,1550707200,371,84,0,455,8,-0.5790580388379654,-0.717565202201288
462,1550721600,22,10,0,32,8,-0.5790580388379654,-1.266237487563002
462,1550736000,57,359,302,416,8,0.057142152991286256,-0.7681520086530773
462,1550750400,305,1593,1288,1898,8,2.13427258061924,1.1541466365149133
462,1550764800,583,614,31,1197,8,-0.5137527211336381,0.2448812179840352
462,1550779200,1655,615,0,2270,8,-0.5790580388379654,1.6366669442089028
462,1550793600,466,113,0,579,8,-0.5790580388379654,-0.5567250996366249
462,1550808000,39,22,0,61,8,-0.5790580388379654,-1.2286216571244921
462,1550822400,52,395,343,447,8,0.14351370221313828,-0.7279419830119115
462,1550836800,294,1546,1252,1840,8,2.0584341471561505,1.0789149756378935
462,1550851200,620,657,37,1277,8,-0.5011129822231233,0.34864902609026954
462,1550865600,1498,665,0,2163,8,-0.5790580388379654,1.4978775008668144
462,1551484800,9357,8269,0,17626,9,-0.5018519783617167,4.075015611804403
462,1551499200,66,17,0,83,9,-0.5018519783617167,-0.41672190312492335
462,1551513600,31,123,92,154,9,-0.12097806627784741,-0.3985429506333323
462,1551528000,227,572,345,799,9,0.9264251919527932,-0.233396128702681
462,1551542400,777,771,0,1548,9,-0.5018519783617167,-0.04162098199561464
462,1551556800,1142,442,0,1584,9,-0.5018519783617167,-0.0324034849576248
462,1551571200,476,128,0,604,9,-0.5018519783617167,-0.2833242376584593
462,1551585600,78,29,0,107,9,-0.5018519783617167,-0.4105769050995968
462,1551600000,34,62,28,96,9,-0.3859338312057565,-0.41339336252787146
462,1551614400,150,440,290,590,9,0.6987288314678713,-0.2869088198398998
462,1551628800,672,679,7,1351,9,-0.4728724415727266,-0.09206117412017015
462,1551643200,833,315,0,1148,9,-0.5018519783617167,-0.14403761575105728
462,1551657600,203,68,0,271,9,-0.5018519783617167,-0.3685860852598653
462,1551672000,22,9,0,31,9,-0.5018519783617167,-0.4300360655131309
462,1551686400,58,341,283,399,9,0.6697492946788812,-0.33581276245812364
462,1551700800,228,1230,1002,1458,9,3.64636171629086,-0.06466472459058924
462,1551715200,437,572,135,1009,9,0.05703908828309151,-0.1796273959810736
462,1551729600,1441,491,0,1932,9,-0.5018519783617167,0.05669898640961031
462,1551744000,275,87,0,362,10,-0.538686781764956,-0.7353469396612745
462,1551758400,26,13,0,39,10,-0.538686781764956,-1.2344571904965598
462,1551772800,53,411,358,464,10,0.3714935138433009,-0.5777331762396054
462,1551787200,339,1811,1472,2150,10,3.2037305230824025,2.027529619142101
462,1551801600,552,534,0,1086,10,-0.538686781764956,0.38340173403763145
462,1551816000,1198,464,0,1662,10,-0.538686781764956,1.273455927477645
462,1551830400,318,93,0,411,10,-0.538686781764956,-0.6596305238998844
462,1551844800,36,25,0,61,10,-0.538686781764956,-1.2004620650526705
462,1551859200,55,352,297,407,10,0.2164069271614471,-0.6658114557987734
462,1551873600,340,1593,1253,1933,10,2.6469442528639435,1.6922140636273737
462,1551888000,569,562,0,1131,10,-0.538686781764956,0.4529372179001325
462,1551902400,1152,478,0,1630,10,-0.538686781764956,1.2240084722865332
462,1551916800,338,100,0,438,10,-0.538686781764956,-0.6179092335823838
462,1551931200,29,16,0,45,10,-0.538686781764956,-1.2251857926482264
462,1551945600,59,322,263,381,10,0.12996522310926628,-0.7059875131415518
462,1551960000,310,1519,1209,1829,10,2.53507851820818,1.53150983425626
462,1551974400,572,556,0,1128,10,-0.538686781764956,0.44830151897596576
462,1551988800,1131,535,0,1666,10,-0.538686781764956,1.279636859376534
462,1552003200,409,103,0,512,10,-0.538686781764956,-0.5035619934529376
462,1552017600,38,25,0,63,10,-0.538686781764956,-1.1973715991032259
462,1552032000,46,309,263,355,10,0.12996522310926628,-0.7461635704843301
462,1552046400,288,1505,1217,1793,10,2.555417742691046,1.4758814471662591
462,1552060800,664,681,17,1345,10,-0.4954659297388656,0.7836170744906931
462,1552075200,1193,684,0,1877,10,-0.538686781764956,1.605681017042928
462,1552089600,394,141,0,535,10,-0.538686781764956,-0.4680216350343259
462,1552104000,68,32,0,100,10,-0.538686781764956,-1.1401979790385028
462,1552118400,21,113,92,134,10,-0.30478570021199614,-1.0876600578979465
462,1552132800,184,592,408,776,10,0.4986136668612139,-0.09562048812626472
462,1552147200,599,793,194,1392,10,-0.04546058805545364,0.8562430243026387
462,1552161600,721,579,0,1300,10,-0.538686781764956,0.7140815906281921
462,1552176000,326,160,0,486,10,-0.538686781764956,-0.543738050795716
462,1552194000,73,20,0,93,10,-0.538686781764956,-1.1510146098615586
462,1552208400,21,83,62,104,10,-0.3810577920227439,-1.1340170471396138
462,1552222800,149,387,238,536,10,0.06640514660030979,-0.4664764020596037
462,1552237200,397,501,104,898,10,-0.274276863487697,0.09289793478984926
462,1552251600,463,280,0,743,10,-0.538686781764956,-0.14661317629209883
462,1552266000,108,55,0,163,10,-0.538686781764956,-1.0428483016310013
462,1552280400,10,7,0,17,10,-0.538686781764956,-1.2684523159404493
462,1552294800,110,763,653,873,10,1.1215024166489875,0.054267110421793115
462,1552309200,361,1160,799,1521,10,1.4926932634612933,1.0555780780418083
462,1552323600,623,482,0,1105,10,-0.538686781764956,0.4127611605573541
462,1552338000,1200,447,0,1647,10,-0.538686781764956,1.2502774328568114
462,1552352400,206,86,0,292,11,-0.6504885578023292,-0.9228631887161032
462,1552366800,15,11,0,26,11,-0.6504885578023292,-1.3702337821695802
462,1552381200,121,746,625,867,11,1.319522710051806,0.04419730465137524
462,1552395600,350,1212,862,1562,11,2.0665509828220943,1.2130791183738057
462,1552410000,681,573,0,1254,11,-0.6504885578023292,0.6950710627960955
462,1552424400,1185,407,0,1592,11,-0.6504885578023292,1.2635344484625437
462,1552438800,244,69,0,313,11,-0.6504885578023292,-0.8875444576539866
462,1552453200,16,14,0,30,11,-0.6504885578023292,-1.363506404824415
462,1552464263,49,311,262,360,11,0.17534016568212432,-0.808497773848297
462,1552467600,56,481,425,537,11,0.6891191043384828,-0.5108113263247428
462,1552482000,343,1207,864,1550,11,2.072855018879227,1.1928969863383105
462,1552496400,855,566,0,1421,11,-0.6504885578023292,0.975939066956737
462,1552510800,1150,467,0,1617,11,-0.6504885578023292,1.3055805568698253
462,1552525200,249,79,0,328,11,-0.6504885578023292,-0.8623167926096176
462,1552539600,25,12,0,37,11,-0.6504885578023292,-1.3517334944703763
462,1552554000,115,751,636,866,11,1.3541949083660387,0.04251546031508397
462,1552568400,310,1221,911,1531,11,2.220999866221858,1.1609419439487765
462,1552582800,691,523,0,1214,11,-0.6504885578023292,0.6277972893444448
462,1552597200,1155,524,0,1679,11,-0.6504885578023292,1.409854905719884
462,1552611600,289,96,0,385,11,-0.6504885578023292,-0.7664516654410154
462,1552626000,33,22,0,55,11,-0.6504885578023292,-1.3214602964171334
462,1552640400,107,721,614,828,11,1.2848505117375733,-0.02139462446398417
462,1552654800,379,1197,818,1576,11,1.9278621895651629,1.2366249390818833
462,1552669200,786,722,0,1508,11,-0.6504885578023292,1.1222595242140774
462,1552683600,1129,529,0,1658,11,-0.6504885578023292,1.3745361746577673
462,1552698000,312,114,0,426,11,-0.6504885578023292,-0.6974960476530734
462,1552712400,39,20,0,59,11,-0.6504885578023292,-1.3147329190719683
462,1552726800,25,203,178,228,11,-0.08942934871747145,-1.0305012262387443
462,1552741200,236,755,519,991,11,0.9854087990237447,0.2527460023514923
462,1552755600,676,873,197,1549,11,-0.029541006174705734,1.1912151420020192
462,1552770000,689,501,0,1190,11,-0.6504885578023292,0.5874330252734544
462,1552784400,251,104,0,355,11,-0.6504885578023292,-0.8169069955297533
462,1552798800,31,11,0,42,11,-0.6504885578023292,-1.3433242727889199
462,1552813200,79,106,27,185,11,-0.5653840710310305,-1.1028205326992688
462,1552827600,182,537,355,719,11,0.46847784233881967,-0.20471565711973225
462,1552842000,571,542,0,1113,11,-0.6504885578023292,0.45793101137902686
462,1552856400,513,267,0,780,11,-0.6504885578023292,-0.10212315260596498
462,1552870800,114,56,0,170,11,-0.6504885578023292,-1.1280481977436376
462,1552885200,12,9,0,21,11,-0.6504885578023292,-1.3786430038510364
462,1552899600,99,761,662,860,11,1.4361473771087707,0.032424394297336366
462,1552914000,310,1229,919,1539,11,2.246216010450391,1.1743966986391066
462,1552928400,651,553,0,1204,11,-0.6504885578023292,0.6109788459815322
462,1552942800,1207,427,0,1634,11,-0.6504885578023292,1.3341719105867769
462,1552957200,268,66,0,334,12,-0.49128937535316863,-0.377656729198677
462,1552971600,19,18,0,37,12,-0.49128937535316863,-0.8685107900514447
462,1552986000,93,782,689,875,12,1.9210859545059928,0.5164579069001357
462,1553000400,312,1168,856,1480,12,2.5057981171859347,1.5163458086372552
462,1553014800,644,537,0,1181,12,-0.49128937535316863,1.0221863332332903
462,1553029200,1147,453,0,1600,12,-0.49128937535316863,1.7146706817090809
462,1553043600,311,75,0,386,12,-0.49128937535316863,-0.29171595086755264
462,1553058000,24,13,0,37,12,-0.49128937535316863,-0.8685107900514447
462,1553072400,107,870,763,977,12,2.180179966711476,0.6850340490111873
462,1553086800,319,1261,942,1580,12,2.806907374613929,1.6816165361971098
462,1553101200,750,598,0,1348,12,-0.49128937535316863,1.2981884482582473
462,1553115600,1154,406,0,1560,12,-0.49128937535316863,1.6485623906851388
462,1553130000,309,88,0,397,12,-0.49128937535316863,-0.27353617083596865
462,1553144400,26,23,0,49,12,-0.49128937535316863,-0.8486783027442623
462,1553158800,93,721,628,814,12,1.7075084579582298,0.41564276308862447
462,1553173200,293,1178,885,1471,12,2.6073349598070026,1.5014714431568683
462,1553187600,610,509,0,1119,12,-0.49128937535316863,0.9197184821461807
462,1553202000,1051,517,0,1568,12,-0.49128937535316863,1.6617840488899271
462,1553216400,306,84,0,390,12,-0.49128937535316863,-0.28510512176515845
462,1553230800,41,20,0,61,12,-0.49128937535316863,-0.8288458154370797
462,1553245200,89,648,559,737,12,1.4659207979287927,0.2883843028675365
462,1553259600,390,1125,735,1515,12,2.0821443945256175,1.5741905632832043
462,1553274000,713,687,0,1400,12,-0.49128937535316863,1.3841292265893717
462,1553288400,1126,526,0,1652,12,-0.49128937535316863,1.8006114600402052
462,1553302800,295,108,0,403,12,-0.49128937535316863,-0.26361992718237737
462,1553317200,33,10,0,43,12,-0.49128937535316863,-0.8585945463978535
462,1553331600,41,196,155,237,12,0.0514075421042625,-0.5379693349317358
462,1553346000,244,707,463,951,12,1.1297988361487061,0.6420636598456251
462,1553360400,717,664,0,1381,12,-0.49128937535316863,1.3527277883529993
462,1553370117,496,302,0,798,12,-0.49128937535316863,0.38919944667904777
462,1553370198,4,0,0,4,12,-0.49128937535316863,-0.9230501301461967
462,1553370277,3,4,1,7,12,-0.48778810491795943,-0.9180920083194011
462,1553370357,5,5,0,10,12,-0.49128937535316863,-0.9131338864926055
462,1553370426,4,2,0,6,12,-0.49128937535316863,-0.9197447155949997
462,1553370499,7,5,0,12,12,-0.49128937535316863,-0.9098284719414084
462,1553370581,6,1,0,7,12,-0.49128937535316863,-0.9180920083194011
462,1553370661,5,2,0,7,12,-0.49128937535316863,-0.9180920083194011
462,1553370743,5,3,0,8,12,-0.49128937535316863,-0.9164393010438026
462,1553370822,3,1,0,4,12,-0.49128937535316863,-0.9230501301461967
462,1553370902,6,3,0,9,12,-0.49128937535316863,-0.914786593768204
462,1553370984,8,3,0,11,12,-0.49128937535316863,-0.9114811792170069
462,1553371078,8,1,0,9,12,-0.49128937535316863,-0.914786593768204
462,1553371158,6,1,0,7,12,-0.49128937535316863,-0.9180920083194011
462,1553371239,4,2,0,6,12,-0.49128937535316863,-0.9197447155949997
462,1553371319,5,12,7,17,12,-0.466780482306704,-0.9015649355634157
462,1553371400,5,2,0,7,12,-0.49128937535316863,-0.9180920083194011
462,1553371481,4,2,0,6,12,-0.49128937535316863,-0.9197447155949997
462,1553371570,5,5,0,10,12,-0.49128937535316863,-0.9131338864926055
462,1553371649,5,2,0,7,12,-0.49128937535316863,-0.9180920083194011
462,1553371727,4,0,0,4,12,-0.49128937535316863,-0.9230501301461967
462,1553374800,116,44,0,160,12,-0.49128937535316863,-0.6652277951528238
462,1553389200,222,85,0,307,12,-0.49128937535316863,-0.4222798256398377
462,1553403600,39,23,0,62,12,-0.49128937535316863,-0.8271931081614812
462,1553418000,22,88,66,110,12,-0.26020552662935925,-0.747863158932751
462,1553432400,186,525,339,711,12,0.6956413021827614,0.24541391370197438
462,1553446800,567,723,156,1290,12,0.05490881253947174,1.2023314262735318
462,1553461200,609,268,0,877,12,-0.49128937535316863,0.5197633214513329
462,1553475600,160,53,0,213,12,-0.49128937535316863,-0.5776343095461008
462,1553490000,13,8,0,21,12,-0.49128937535316863,-0.8949541064610215
462,1553504400,93,800,707,893,12,1.9841088223397592,0.5462066378609095
462,1553518800,333,1222,889,1555,12,2.6213400415478394,1.6402988543071462
462,1553533200,619,517,0,1136,12,-0.49128937535316863,0.9478145058313558
462,1553547600,1135,429,0,1564,12,-0.49128937535316863,1.655173219787533
462,1553562000,224,86,0,310,13,-0.6289296220805581,-0.9020178804888733
462,1553576400,10,13,3,23,13,-0.6192468531047386,-1.3668695388641683
462,1553590800,115,854,739,969,13,1.7562591356296573,0.16535927236589773
462,1553605200,342,1211,869,1553,13,2.1758457912485043,1.111259511011097
462,1553619600,718,562,0,1280,13,-0.6289296220805581,0.6690835432882556
462,1553634000,1154,420,0,1574,13,-0.6289296220805581,1.1452730469897772
462,1553648400,253,84,0,337,13,-0.6289296220805581,-0.8582861913734275
462,1553662800,18,18,0,36,13,-0.6289296220805581,-1.3458135404011757
462,1553677200,125,785,660,910,13,1.5012795525997424,0.06979743318770124
462,1553691600,369,1203,834,1572,13,2.0628801531972765,1.1420336626108551
462,1553706000,665,510,0,1175,13,-0.6289296220805581,0.49901586339485504
462,1553720400,1161,524,0,1685,13,-0.6289296220805581,1.3250588800199434
462,1553734800,286,89,0,375,13,-0.6289296220805581,-0.7967378881739111
462,1553749200,25,28,3,53,13,-0.6192468531047386,-1.3182787731803396
462,1553763600,92,769,677,861,13,1.5561485767960532,-0.009567484095885691
462,1553778000,340,1230,890,1570,13,2.2436251740792414,1.1387942782319334
462,1553792400,666,577,0,1243,13,-0.6289296220805581,0.6091549322782002
462,1553806800,1575,631,0,2206,13,-0.6289296220805581,2.1689185107291022
462,1553821200,324,101,0,425,13,-0.6289296220805581,-0.7157532787008632
462,1553835600,34,19,0,53,13,-0.6289296220805581,-1.3182787731803396
462,1553850000,95,705,610,800,13,1.3399000696694168,-0.1083687076530041
462,1553850585,13,102,89,115,13,-0.3416741424645782,-1.2178578574337602
462,1553864400,332,1069,737,1401,13,1.7498039563124443,0.8650662982130315
462,1553878800,754,654,0,1408,13,-0.6289296220805581,0.8764041435392582
462,1553893200,1115,522,0,1637,13,-0.6289296220805581,1.2473136549258175
462,1553907600,304,111,0,415,13,-0.6289296220805581,-0.7319502005954728
462,1553922000,50,25,0,75,13,-0.6289296220805581,-1.2826455450121985
462,1553936400,33,231,198,264,13,0.010133130323532075,-0.9765237212040774
462,1553950800,338,705,367,1043,13,0.5555957826280333,0.2852164943860086
462,1553965200,838,803,0,1641,13,-0.6289296220805581,1.2537924236836613
462,1553979600,886,514,0,1400,13,-0.6289296220805581,0.8634466060235705
462,1553994000,396,120,0,516,13,-0.6289296220805581,-0.568361289459916
462,1554008400,59,23,0,82,13,-0.6289296220805581,-1.2713076996859718
462,1554022800,31,122,91,153,13,-0.33521896314736516,-1.1563095542342436
462,1554037200,220,495,275,715,13,0.2586575340362338,-0.2460425437571855
462,1554051600,606,476,0,1082,13,-0.6289296220805581,0.348384489774986
462,1554066000,505,205,0,710,13,-0.6289296220805581,-0.2541410047044903
462,1554080400,126,45,0,171,13,-0.6289296220805581,-1.1271550948239466
462,1554094800,18,7,0,25,13,-0.6289296220805581,-1.3636301544852463
462,1554109200,106,737,631,843,13,1.4076794525001535,-0.03872194350618293
462,1554123600,419,1125,706,1544,13,1.6497486768956422,1.0966822813059485
462,1554138000,774,505,0,1279,13,-0.6289296220805581,0.6674638510987946
462,1554152400,1275,473,0,1748,13,-0.6289296220805581,1.4270994879559837
462,1554166800,204,95,0,299,14,-0.6714538115598613,-0.937751751339646
462,1554181200,16,10,0,26,14,-0.6714538115598613,-1.3993143429109711
462,1554195600,115,838,723,953,14,1.6817000096084995,0.1679696218751769
462,1554210000,366,1202,836,1568,14,2.04948200378834,1.207753482008382
462,1554224400,640,501,0,1141,14,-0.6714538115598613,0.4858222490378477
462,1554238800,1265,489,0,1754,14,-0.6714538115598613,1.5222246982437901
462,1554253200,225,82,0,307,14,-0.6714538115598613,-0.9242261076305961
462,1554267600,15,14,0,29,14,-0.6714538115598613,-1.3942422265200773
462,1554282000,113,781,668,894,14,1.5026910743882231,0.06821799952093448
462,1554284617,59,484,425,543,14,0.7117970515059109,-0.5252196182136264
462,1554296400,329,793,464,1122,14,0.8387306601166524,0.45369884522885434
462,1554310800,686,567,0,1253,14,-0.6714538115598613,0.6751812609645451
462,1554325200,1306,547,0,1853,14,-0.6714538115598613,1.6896045391432817
462,1554339600,278,121,0,399,14,-0.6714538115598613,-0.7686812049765231
462,1554354000,24,16,0,40,14,-0.6714538115598613,-1.375644466420134
462,1554368400,101,803,702,904,14,1.6133511434334848,0.08512505415724675
462,1554382800,416,1156,740,1572,14,1.7370300441311306,1.2145163038629068
462,1554397200,644,521,0,1165,14,-0.6714538115598613,0.5263991801649971
462,1554411600,1214,526,0,1740,14,-0.6714538115598613,1.498554821752953
462,1554426000,302,113,0,415,14,-0.6714538115598613,-0.7416299175584236
462,1554440400,32,14,0,46,14,-0.6714538115598613,-1.3655002336383466
462,1554454800,103,740,637,843,14,1.401795129082249,-0.018007979124258132
462,1554469200,410,1211,801,1621,14,1.9355672268299826,1.297360871580837
462,1554483600,740,566,0,1306,14,-0.6714538115598613,0.7647886505370002
462,1554498000,1124,543,0,1667,14,-0.6714538115598613,1.3751333229078735
462,1554512400,288,93,0,381,14,-0.6714538115598613,-0.7991139033218853
462,1554526800,28,16,0,44,14,-0.6714538115598613,-1.368881644565609
462,1554541200,44,206,162,250,14,-0.14419112963831984,-1.020596319057576
462,1554555600,270,704,434,974,14,0.7410894227237743,0.2034744366114327
462,1554570000,602,744,142,1346,14,-0.20928528790023854,0.8324168690822493
462,1554584400,693,444,0,1137,14,-0.6714538115598613,0.4790594271833228
462,1554598800,280,118,0,398,14,-0.6714538115598613,-0.7703719104401544
462,1554613200,54,15,0,69,14,-0.6714538115598613,-1.3266140079748283
462,1554627600,33,124,91,157,14,-0.3752753914681312,-1.1778319271752802
462,1554642000,260,543,283,803,14,0.24962852784628822,-0.08563619766950724
462,1554656400,505,601,96,1106,14,-0.35900185190265155,0.4266475578107547
462,1554670800,534,282,0,816,14,-0.6714538115598613,-0.06365702664230127
462,1554685200,145,53,0,198,14,-0.6714538115598613,-1.1085130031664
462,1554699600,15,16,1,31,14,-0.6681991036467653,-1.3908608155928148
462,1554714000,89,828,739,917,14,1.7337753362180346,0.1071042251844527
462,1554728400,278,1205,927,1483,14,2.3456604238800702,1.0640435175997276
462,1554742800,639,559,0,1198,14,-0.6714538115598613,0.5821924604648276
462,1554757200,1395,544,0,1939,14,-0.6714538115598613,1.8350052090155675
462,1554771600,263,92,0,355,15,-0.6392962849574113,-0.8374231219764563
462,1554786000,16,11,0,27,15,-0.6392962849574113,-1.3763205856966707
462,1554800400,102,898,796,1000,15,1.7404571942728522,0.22229902466847765
462,1554814800,338,1321,983,1659,15,2.299519883489007,1.3050228923258598
462,1554829200,698,514,0,1212,15,-0.6392962849574113,0.5706107999998358
462,1554843600,1232,481,0,1713,15,-0.6392962849574113,1.393743816231017
462,1554858000,216,85,0,301,15,-0.6392962849574113,-0.9261440458816136
462,1554872400,25,22,0,47,15,-0.6392962849574113,-1.3434609842503162
462,1554886800,92,846,754,938,15,1.6148923122029135,0.12043426018477858
462,1554901200,319,1229,910,1548,15,2.0812761598912566,1.122652104298592
462,1554915600,633,557,0,1190,15,-0.6392962849574113,0.5344652384088457
462,1554930000,1199,504,0,1703,15,-0.6392962849574113,1.3773140155078398
462,1554944400,227,131,0,358,15,-0.6392962849574113,-0.8324941817595031
462,1554958800,20,15,0,35,15,-0.6392962849574113,-1.363176745118129
462,1554973200,89,842,753,931,15,1.6119026721536294,0.10893339967855449
462,1554987600,320,1179,859,1499,15,1.92880451737776,1.0421460807550234
462,1555002000,625,542,0,1167,15,-0.6392962849574113,0.49667669674553805
462,1555016400,1284,542,0,1826,15,-0.6392962849574113,1.57940056440292
462,1555030800,268,128,0,396,15,-0.6392962849574113,-0.7700609390114295
462,1555045200,34,17,0,51,15,-0.6392962849574113,-1.3368890639610453
462,1555059600,85,720,635,805,15,1.2591251463380877,-0.09808208943347912
462,1555074000,405,1263,858,1668,15,1.9258148773284756,1.3198097129767192
462,1555088400,736,599,0,1335,15,-0.6392962849574113,0.7726973488949163
462,1555102800,1263,554,0,1817,15,-0.6392962849574113,1.5646137437520606
462,1555117200,283,109,0,392,15,-0.6392962849574113,-0.7766328593007004
462,1555131600,41,23,0,64,15,-0.6392962849574113,-1.3155303230209148
462,1555146000,43,222,179,265,15,-0.10415071613553044,-0.9852913284850517
462,1555160400,337,705,368,1042,15,0.46089125317919294,0.29130418770582217
462,1555174800,646,752,106,1398,15,-0.32239443973328075,0.876205093450933
462,1555189200,773,521,0,1294,15,-0.6392962849574113,0.7053351659298894
462,1555203600,317,120,0,437,15,-0.6392962849574113,-0.7026987560464026
462,1555218000,46,27,0,73,15,-0.6392962849574113,-1.3007435023700553
462,1555232400,42,108,66,150,15,-0.4419800417046508,-1.1742340368015902
462,1555246800,236,573,337,809,15,0.3682124116513812,-0.09151016914420822
462,1555261200,582,602,20,1184,15,-0.5795034839717262,0.5246073579749394
462,1555275600,609,263,0,872,15,-0.6392962849574113,0.011997575411808592
462,1555290000,132,54,0,186,15,-0.6392962849574113,-1.1150867541981522
462,1555304400,10,11,1,21,15,-0.636306644908127,-1.3861784661305772
462,1555313511,21,205,184,226,15,-0.08920251588910919,-1.049367551305443
462,1555318800,83,626,543,709,15,0.9840782618039368,-0.2558081763759809
462,1555333200,368,1211,843,1579,15,1.880970276589212,1.1735844865404417
462,1555347600,607,500,0,1107,15,-0.6392962849574113,0.3980978924064744
462,1555362000,1258,535,0,1793,15,-0.6392962849574113,1.5251822220164353
462,1555376400,177,59,0,236,16,-0.7313373463788818,-1.0660389962458467
462,1555390800,11,7,0,18,16,-0.7313373463788818,-1.4069590819038902
462,1555405200,122,854,732,976,16,1.3695638414117253,0.09121267066677763
462,1555419600,337,1181,844,1518,16,1.6910132034780478,0.9388213240000782
462,1555434000,718,626,0,1344,16,-0.7313373463788818,0.666710796915218
462,1555448400,1367,553,0,1920,16,-0.7313373463788818,1.5674904727823418
462,1555462800,237,77,0,314,16,-0.7313373463788818,-0.9440584151388405
462,1555477200,16,21,5,37,16,-0.7169869284294924,-1.3772458634291067
462,1555491600,109,762,653,871,16,1.1428272378113729,-0.07299195774650016
462,1555506000,336,1236,900,1572,16,1.851737884511209,1.0232694186126212
462,1555520400,704,657,0,1361,16,-0.7313373463788818,0.6932963081821295
462,1555534800,1276,636,0,1912,16,-0.7313373463788818,1.554979643950854
462,1555549200,269,73,0,342,16,-0.7313373463788818,-0.900270514228633
462,1555563600,13,15,2,28,16,-0.7255971791991261,-1.3913205458645306
462,1555578000,114,815,701,929,16,1.280591250125511,0.017711551281786614
462,1555592400,353,1314,961,1667,16,2.0268129834937594,1.171835510986539
462,1555606800,713,602,0,1315,16,-0.7313373463788818,0.6213590424010745
462,1555621200,1274,679,0,1953,16,-0.7313373463788818,1.619097641712229
462,1555635600,277,88,0,365,16,-0.7313373463788818,-0.8643018813381056
462,1555650000,31,16,0,47,16,-0.7313373463788818,-1.3616073273897469
462,1555664400,63,618,555,681,16,0.8615590460033408,-0.3701241424943362
462,1555678800,405,1162,757,1567,16,1.4413159311586723,1.0154501505929412
462,1555693200,806,737,0,1543,16,-0.7313373463788818,0.9779176640984777
462,1555707600,984,562,0,1546,16,-0.7313373463788818,0.9826092249102857
462,1555722000,251,125,0,376,16,-0.7313373463788818,-0.8470994916948098
462,1555736400,29,17,0,46,16,-0.7313373463788818,-1.3631711809936828
462,1555750800,31,455,424,486,16,0.48557809572933874,-0.6750755952618521
462,1555765200,217,1216,999,1433,16,2.135876159909119,0.80589376766552
462,1555779600,614,1083,469,1697,16,0.6147318572738433,1.2187511191046185
462,1555794000,668,678,10,1346,16,-0.7026365104801031,0.6698385041230899
462,1555808400,252,148,0,400,16,-0.7313373463788818,-0.8095670052003463
462,1555822800,33,25,0,58,16,-0.7313373463788818,-1.344404937746451
462,1555837200,36,301,265,337,16,0.029234804938756027,-0.9080897822483129
462,1555851600,230,1085,855,1315,16,1.7225841229667045,0.6213590424010745
462,1555866000,530,882,352,1412,16,0.27893207725813146,0.7730528419828645
462,1555880400,572,459,0,1031,16,-0.7313373463788818,0.17722461888325647
462,1555894800,140,104,0,244,16,-0.7313373463788818,-1.053528167414359
462,1555909200,11,18,7,29,16,-0.7112467612497367,-1.3897566922605944
462,1555918533,20,186,166,206,16,-0.25490347045915396,-1.1129546043639262
462,1555923600,67,583,516,650,16,0.7496257859981035,-0.4186036042163515
462,1555938000,361,1145,784,1506,16,1.518808188085375,0.9200550807528465
462,1555952400,727,532,0,1259,16,-0.7313373463788818,0.5337832405806597
462,1555966800,1134,433,0,1567,16,-0.7313373463788818,1.0154501505929412
462,1555981200,189,56,0,245,17,-0.6184299034752057,-1.0172899079760387
462,1555995600,12,13,1,25,17,-0.6153951966232417,-1.3552648378515817
462,1556010000,95,775,680,870,17,1.4451707558602158,-0.05713385719324647
462,1556024400,390,1206,816,1596,17,1.8578908877273004,1.058183411396045
462,1556038800,719,665,0,1384,17,-0.6184299034752057,0.7324984789705219
462,1556053200,1392,605,0,1997,17,-0.6184299034752057,1.6742195335782846
462,1556067600,245,73,0,318,17,-0.6184299034752057,-0.9051436812446086
462,1556082000,16,10,0,26,17,-0.6184299034752057,-1.3537285881703292
462,1556096400,89,800,711,889,17,1.5392466682710955,-0.027945113249449583
462,1556110800,368,1220,852,1588,17,1.9671403343979992,1.0458934139460252
462,1556125200,673,606,0,1279,17,-0.6184299034752057,0.5711922624390128
462,1556139600,1308,524,0,1832,17,-0.6184299034752057,1.4207383361716275
462,1556154000,224,80,0,304,17,-0.6184299034752057,-0.9266511767821431
462,1556168400,26,12,0,38,17,-0.6184299034752057,-1.3352935919952995
462,1556182800,87,784,697,871,17,1.4967607723436014,-0.055597607511993996
462,1556197200,353,1338,985,1691,17,2.370756345709192,1.2041271311150294
462,1556211600,802,605,0,1407,17,-0.6184299034752057,0.7678322216393286
462,1556226000,1205,547,0,1752,17,-0.6184299034752057,1.29783836167143
462,1556240400,295,89,0,384,17,-0.6184299034752057,-0.8037512022819457
462,1556254800,19,14,0,33,17,-0.6184299034752057,-1.3429748404015618
462,1556269200,85,701,616,786,17,1.250949517334529,-0.18617883041845373
462,1556283600,372,1205,833,1577,17,1.909480904210686,1.028994667452248
462,1556298000,743,521,0,1264,17,-0.6184299034752057,0.5481485172202257
462,1556312400,1535,994,0,2529,17,-0.6184299034752057,2.4915043640045975
462,1556326800,255,94,0,349,17,-0.6184299034752057,-0.8575199411257821
462,1556341200,77,31,0,108,17,-0.6184299034752057,-1.2277561143076268
462,1556355600,80,168,88,248,17,-0.35137570050238637,-1.0126811589322813
462,1556370000,278,686,408,964,17,0.6197304921260474,0.08727361284448548
462,1556384400,717,736,19,1453,17,-0.5607704732878923,0.8384997069769422
462,1556398800,723,444,0,1167,17,-0.6184299034752057,0.3991322981387364
462,1556413200,539,333,0,872,17,-0.6184299034752057,-0.05406135783074153
462,1556427600,303,69,0,372,17,-0.6184299034752057,-0.8221861984569754
462,1556442000,26,94,68,120,17,-0.41206983754166343,-1.2093211181325971
462,1556456400,202,459,257,661,17,0.16148975747950517,-0.3782100405750122
462,1556470800,502,497,0,999,17,-0.6184299034752057,0.14104235168832185
462,1556485200,430,258,0,688,17,-0.6184299034752057,-0.3367312991811956
462,1556499600,121,49,0,170,17,-0.6184299034752057,-1.1325086340699737
462,1556514000,11,9,0,20,17,-0.6184299034752057,-1.362946086257844
462,1556528400,100,825,725,925,17,1.5817325641985895,0.027359875275639253
462,1556542800,351,1154,803,1505,17,1.8184396986517704,0.9183846904020705
462,1556557200,604,476,0,1080,17,-0.6184299034752057,0.26547857586977175
462,1556571600,1188,528,0,1716,17,-0.6184299034752057,1.242533373146341
462,1556586000,199,59,0,258,18,-0.6426113977413076,-0.9835115161139496
462,1556600400,16,9,0,25,18,-0.6426113977413076,-1.370074440713962
462,1556614800,98,818,720,916,18,1.569909229344784,0.10815545550325295
462,1556629200,457,1165,708,1622,18,1.5330338855600159,1.27945770772475
462,1556643600,678,639,0,1317,18,-0.6426113977413076,0.7734418622182959
462,1556658000,1143,509,0,1652,18,-0.6426113977413076,1.329229758102434
462,1556672400,208,69,0,277,18,-0.6426113977413076,-0.9519892175414164
462,1556686800,21,18,0,39,18,-0.6426113977413076,-1.346847483871043
462,1556701200,145,868,723,1013,18,1.579128065290976,0.2690850850577646
462,1556715600,374,1226,852,1600,18,1.9755380109772342,1.2429582041144485
462,1556730000,669,561,0,1230,18,-0.6426113977413076,0.6291029161230123
462,1556744400,1223,545,0,1768,18,-0.6426113977413076,1.5216816862294789
462,1556758800,238,72,0,310,18,-0.6426113977413076,-0.897239962125964
462,1556773200,13,11,0,24,18,-0.6426113977413076,-1.371733509059885
462,1556787600,132,800,668,932,18,1.4101160729441218,0.13470054903801776
462,1556802000,353,1249,896,1602,18,2.1107476048547174,1.246276340806294
462,1556816400,640,575,0,1215,18,-0.6426113977413076,0.6042168909341703
462,1556830800,1137,583,0,1720,18,-0.6426113977413076,1.4420464056251845
462,1556845200,305,88,0,393,18,-0.6426113977413076,-0.7595372894143716
462,1556859600,23,19,0,42,18,-0.6426113977413076,-1.3418702788332746
462,1556874000,91,786,695,877,18,1.4930855964598504,0.04345179001226374
462,1556888400,386,1201,815,1587,18,1.8618390343075322,1.221390315617452
462,1556902800,751,612,0,1363,18,-0.6426113977413076,0.8497590061307447
462,1556917200,1130,594,0,1724,18,-0.6426113977413076,1.4486826790088756
462,1556931600,281,104,0,385,18,-0.6426113977413076,-0.772809836181754
462,1556946000,46,19,0,65,18,-0.6426113977413076,-1.30371170687705
462,1556960400,31,196,165,227,18,-0.13557542070074496,-1.0349426348375566
462,1556974800,261,730,469,991,18,0.7985999551800493,0.23258558144746297
462,1556989200,573,669,96,1242,18,-0.34760864746316206,0.6490117362740858
462,1557003600,754,424,0,1178,18,-0.6426113977413076,0.5428313621350266
462,1557018000,321,94,0,415,18,-0.6426113977413076,-0.72303778580407
462,1557032400,34,21,0,55,18,-0.6426113977413076,-1.320302390336278
462,1557046800,32,106,74,138,18,-0.4152134444019038,-1.1825997176246856
462,1557061200,183,472,289,655,18,0.24546979840852637,-0.3248613827825979
462,1557075600,442,472,30,914,18,-0.5504230382793871,0.10483731881140736
462,1557090000,371,201,0,572,18,-0.6426113977413076,-0.46256405549419033
462,1557104400,100,38,0,138,18,-0.6426113977413076,-1.1825997176246856
462,1557118800,9,8,0,17,18,-0.6426113977413076,-1.3833469874813444
462,1557133200,99,789,690,888,18,1.4777208698828637,0.06170154181741455
462,1557147600,323,1216,893,1539,18,2.1015287689085254,1.1417550350131576
462,1557162000,648,540,0,1188,18,-0.6426113977413076,0.5594220455942547
462,1557176400,1187,434,0,1621,18,-0.6426113977413076,1.2777986393788272
462,1557190800,204,77,0,281,19,-0.6500208584535359,-0.9036597353927863
462,1557205200,16,15,0,31,19,-0.6500208584535359,-1.3254800973392724
462,1557219600,117,856,739,973,19,1.5417605000126071,0.263939026475087
462,1557234000,327,1233,906,1560,19,2.0370615647810046,1.254373236325436
462,1557248400,615,525,0,1140,19,-0.6500208584535359,0.5457150282553397
462,1557262800,1254,493,0,1747,19,-0.6500208584535359,1.5698948670614077
462,1557277200,208,65,0,273,19,-0.6500208584535359,-0.9171579869750739
462,1557291600,18,13,0,31,19,-0.6500208584535359,-1.3254800973392724
462,1557306000,103,873,770,976,19,1.6337026138318906,0.2690008708184448
462,1557320400,330,1239,909,1569,19,2.045959188699,1.2695587693555097
462,1557334800,656,531,0,1187,19,-0.6500208584535359,0.625017256301279
462,1557349200,1224,547,0,1771,19,-0.6500208584535359,1.6103896218082703
462,1557363600,233,74,0,307,19,-0.6500208584535359,-0.8597904177503518
462,1557378000,15,14,0,29,19,-0.6500208584535359,-1.328854660234844
462,1557392400,107,819,712,926,19,1.4616818847506508,0.18463679842914762
462,1557406800,308,1187,879,1495,19,1.9569829495190483,1.1446999422193498
462,1557421200,693,608,0,1301,19,-0.6500208584535359,0.8173673413488767
462,1557435600,1162,516,0,1678,19,-0.6500208584535359,1.4534724471641776
462,1557450000,261,80,0,341,19,-0.6500208584535359,-0.8024228485256296
462,1557464400,22,14,0,36,19,-0.6500208584535359,-1.3170436901003426
462,1557478800,104,690,586,794,19,1.0879816801948536,-0.03808435267859699
462,1557493200,353,1274,921,1627,19,2.0815496843709806,1.3674210933270945
462,1557507600,692,667,0,1359,19,-0.6500208584535359,0.9152296653204613
462,1557522000,1028,558,0,1586,19,-0.6500208584535359,1.2982425539678708
462,1557536400,250,110,0,360,19,-0.6500208584535359,-0.7703645010176967
462,1557550800,37,24,0,61,19,-0.6500208584535359,-1.274861653905694
462,1557565200,36,220,184,256,19,-0.10429992481649888,-0.9458417715874349
462,1557579600,239,725,486,964,19,0.7913942162616814,0.2487534934450135
462,1557594000,598,776,178,1374,19,-0.12209517265248922,0.9405388870372505
462,1557608400,714,488,0,1202,19,-0.6500208584535359,0.6503264780180682
462,1557622800,187,99,0,286,19,-0.6500208584535359,-0.8952233281538566
462,1557637200,24,12,0,36,19,-0.6500208584535359,-1.3170436901003426
462,1557651600,18,91,73,109,19,-0.4335120097823201,-1.1938721444119686
462,1557666000,135,441,306,576,19,0.25753678118197126,-0.4059117082959328
462,1557680400,313,372,59,685,19,-0.4750342547329642,-0.2219980304872649
462,1557694800,292,192,0,484,19,-0.6500208584535359,-0.5611416014922397
462,1557709200,102,48,0,150,19,-0.6500208584535359,-1.124693605052745
462,1557723600,7,11,4,18,19,-0.6381573598962089,-1.3474147561604897
462,1557738000,100,757,657,857,19,1.2985587795874058,0.06821437853191747
462,1557752400,273,1109,836,1382,19,1.8294503400277842,0.9540371386195381
462,1557766800,520,465,0,985,19,-0.6500208584535359,0.28418640384851834
462,1557781200,1059,434,0,1493,19,-0.6500208584535359,1.1413253793237779
462,1557795600,174,62,0,236,20,-0.6276926057090038,-0.933284102740109
462,1557810000,19,14,0,33,20,-0.6276926057090038,-1.2595055869769474
462,1557824400,86,839,753,925,20,1.6976567500715813,0.1739405408026578
462,1557838800,293,1213,920,1506,20,2.213371680238059,1.107608926721885
462,1557853200,647,527,0,1174,20,-0.6276926057090038,0.5740841347680409
462,1557867600,1174,546,0,1720,20,-0.6276926057090038,1.451507437198158
462,1557882000,206,65,0,271,20,-0.6276926057090038,-0.8770390192509989
462,1557896400,15,13,0,28,20,-0.6276926057090038,-1.267540598903963
462,1557907516,35,382,347,417,20,0.44388272822972535,-0.6424166709821397
462,1557907596,3,7,4,10,20,-0.6153401522918426,-1.2964666418412196
462,1557910800,65,453,388,518,20,0.570495375755627,-0.4801094300564221
462,1557925200,288,1217,929,1505,20,2.2411647004266717,1.1060019243364818
462,1557936787,505,527,22,1032,20,-0.5597541119146174,0.3458897960407943
462,1557937402,36,24,0,60,20,-0.6276926057090038,-1.2161165225710624
462,1557939600,137,108,0,245,20,-0.6276926057090038,-0.9188210812714807
462,1557954000,1240,672,0,1912,20,-0.6276926057090038,1.7600518951955615
462,1557968400,274,76,0,350,20,-0.6276926057090038,-0.7500858308041505
462,1557982800,25,11,0,36,20,-0.6276926057090038,-1.254684579820738
462,1557997200,99,854,755,953,20,1.7038329767801619,0.21893660759394584
462,1558011600,325,1219,894,1544,20,2.1330807330265116,1.1686750173672045
462,1558026000,635,628,0,1263,20,-0.6276926057090038,0.7171073470689208
462,1558040400,1252,703,0,1955,20,-0.6276926057090038,1.8291529977678966
462,1558054800,368,106,0,474,20,-0.6276926057090038,-0.5508175350141605
462,1558069200,33,13,0,46,20,-0.6276926057090038,-1.2386145559667066
462,1558083600,103,761,658,864,20,1.4042859814140043,0.07591339529306597
462,1558098000,341,1217,876,1558,20,2.0774946926492865,1.1911730507628484
462,1558112400,792,660,0,1452,20,-0.6276926057090038,1.020830797910115
462,1558126800,1143,641,0,1784,20,-0.6276926057090038,1.5543555898639592
462,1558141200,315,109,0,424,20,-0.6276926057090038,-0.6311676542843178
462,1558155600,49,22,0,71,20,-0.6276926057090038,-1.1984394963316278
462,1558170000,65,225,160,290,20,-0.13359446902255806,-0.8465059739283392
462,1558184400,304,788,484,1092,20,0.8669542577674946,0.44230993916498296
462,1558198800,726,786,60,1512,20,-0.4424058044515866,1.117250941034304
462,1558213200,730,483,0,1213,20,-0.6276926057090038,0.6367572277987635
462,1558227600,307,110,0,417,20,-0.6276926057090038,-0.6424166709821397
462,1558242000,42,19,0,61,20,-0.6276926057090038,-1.2145095201856593
462,1558256400,29,111,82,140,20,-0.37446731065720035,-1.0875563317388108
462,1558270800,221,595,374,816,20,0.5272617887955631,-0.0012227192062849775
462,1558285200,539,649,110,1188,20,-0.2880001367370723,0.5965821681636849
462,1558299600,576,297,0,873,20,-0.6276926057090038,0.09037641676169428
462,1558314000,154,73,0,227,20,-0.6276926057090038,-0.9477471242087373
462,1558328400,10,11,1,21,20,-0.6246044923547135,-1.278789615601785
462,1558342800,102,800,698,902,20,1.5278105155856156,0.13697948593838546
462,1558357200,300,1135,835,1435,20,1.9508820451233848,0.9935117573582616
462,1558371600,663,566,0,1229,20,-0.6276926057090038,0.6624692659652138
462,1558386000,1264,525,0,1789,20,-0.6276926057090038,1.5623906017909748
462,1558400400,280,71,0,351,21,-0.6403767111719223,-0.7717512165549746
462,1558414800,18,15,0,33,21,-0.6403767111719223,-1.3208407780459315
462,1558429200,98,907,809,1005,21,2.0108624617535775,0.3575084476434082
462,1558443600,323,1186,863,1509,21,2.187830218660842,1.2277636017045472
462,1558458000,703,564,0,1267,21,-0.6403767111719223,0.8099029920164607
462,1558472400,1266,607,0,1873,21,-0.6403767111719223,1.8562812129709254
462,1558486800,286,68,0,354,21,-0.6403767111719223,-0.7665711263522298
462,1558501200,13,10,0,23,21,-0.6403767111719223,-1.3381077453884143
462,1558515600,110,867,757,977,21,1.8404490662132487,0.309160939084456
462,1558530000,331,1165,834,1496,21,2.0927919788402742,1.2053165441593194
462,1558544400,707,607,0,1314,21,-0.6403767111719223,0.8910577385261303
462,1558558800,1197,592,0,1789,21,-0.6403767111719223,1.711238687294069
462,1558573200,318,74,0,392,21,-0.6403767111719223,-0.7009566504507947
462,1558587600,20,12,0,32,21,-0.6403767111719223,-1.3225674747801797
462,1558602000,89,747,658,836,21,1.5160081785499304,0.0656966995554469
462,1558616400,326,1253,927,1579,21,2.397569782402785,1.3486323731019276
462,1558630800,682,575,0,1257,21,-0.6403767111719223,0.7926360246739778
462,1558645200,1113,511,0,1624,21,-0.6403767111719223,1.4263337261431008
462,1558659600,302,67,0,369,21,-0.6403767111719223,-0.7406706753385054
462,1558674000,19,13,0,32,21,-0.6403767111719223,-1.3225674747801797
462,1558688400,73,670,597,743,21,1.3161001568583908,-0.09488609672964425
462,1558702800,344,1132,788,1476,21,1.9420416674007523,1.1707826094743536
462,1558717200,802,734,0,1536,21,-0.6403767111719223,1.2743844135292512
462,1558731600,915,479,0,1394,21,-0.6403767111719223,1.0291934772659936
462,1558746000,252,98,0,350,21,-0.6403767111719223,-0.7734779132892229
462,1558760400,28,16,0,44,21,-0.6403767111719223,-1.3018471139692003
462,1558774800,28,177,149,205,21,-0.152076789335211,-1.0238489397552253
462,1558789200,259,730,471,989,21,0.9031753907414404,0.3298812998954355
462,1558803600,602,793,191,1395,21,-0.014435200629560796,1.030920174000242
462,1558818000,632,478,0,1110,21,-0.6403767111719223,0.5388116047394789
462,1558832400,200,82,0,282,21,-0.6403767111719223,-0.8908932912181068
462,1558846800,30,16,0,46,21,-0.6403767111719223,-1.2983937205007037
462,1558861200,37,95,58,132,21,-0.45030023153078635,-1.1498978013553505
462,1558875600,193,519,326,712,21,0.4279841916386005,-0.14841369549134129
462,1558890000,490,639,149,1129,21,-0.152076789335211,0.5716188426901964
462,1558904400,495,387,0,882,21,-0.6403767111719223,0.14512474933086833
462,1558918800,164,59,0,223,21,-0.6403767111719223,-0.992768398538756
462,1558933200,20,17,0,37,21,-0.6403767111719223,-1.3139339911089383
462,1558947600,29,137,108,166,21,-0.2864411973573933,-1.0911901123909087
462,1558962000,194,546,352,740,21,0.5131908894087649,-0.10006618693238913
462,1558976400,466,636,170,1102,21,-0.08325599498238588,0.5249980308654926
462,1558990800,426,283,0,709,21,-0.6403767111719223,-0.15359378569408616
462,1559005200,137,65,0,202,22,-0.6294101756065137,-1.073250988759873
462,1559019600,13,8,0,21,22,-0.6294101756065137,-1.3691725736335647
462,1559034000,101,1038,937,1139,22,1.9478250809556272,0.45867456387354766
462,1559048400,311,1227,916,1538,22,1.8900642054083434,1.1110099913022935
462,1559062800,554,547,0,1101,22,-0.6294101756065137,0.3965473803089052
462,1559077200,1162,429,0,1591,22,-0.6294101756065137,1.1976610631161368
462,1559091600,182,66,0,248,22,-0.6294101756065137,-0.99804439812899
462,1559106000,11,25,14,36,22,-0.5909029252416578,-1.3446486853843638
462,1559120400,100,896,796,996,22,1.5600020594238644,0.22488016256449841
462,1559134800,280,1296,1016,1576,22,2.1651159937287425,1.173137174866936
462,1559149200,589,602,13,1191,22,-0.5936534431248618,0.543690709804111
462,1559163600,1113,508,0,1621,22,-0.6294101756065137,1.246708839614539
462,1559178000,198,76,0,274,22,-0.6294101756065137,-0.9555363251637083
462,1559192400,14,7,0,21,22,-0.6294101756065137,-1.3691725736335647
462,1559206800,94,803,709,897,22,1.320707003585117,0.06302250011977201
462,1559221200,343,1266,923,1609,22,1.9093178305907714,1.227089729015178
462,1559235600,697,609,0,1306,22,-0.6294101756065137,0.7317071863813185
462,1559250000,1151,633,0,1784,22,-0.6294101756065137,1.5132017585891895
462,1559264400,237,79,0,316,22,-0.6294101756065137,-0.8868694380659456
462,1559278800,17,13,0,30,22,-0.6294101756065137,-1.3544582406840442
462,1559293200,89,730,641,819,22,1.1336717875272455,-0.06450171877607305
462,1559307600,367,1323,956,1690,22,2.0000849207365032,1.3595187255608634
462,1559322000,742,695,0,1437,22,-0.6294101756065137,0.9458824770910069
462,1559336400,1069,619,0,1688,22,-0.6294101756065137,1.3562488737943033
462,1559350800,317,117,0,434,22,-0.6294101756065137,-0.693948183838898
462,1559365200,44,17,0,61,22,-0.6294101756065137,-1.3037755383023621
462,1559379600,41,225,184,266,22,-0.12331488509697902,-0.9686157322299489
462,1559394000,238,656,418,894,22,0.5203062995727552,0.058117722469931805
462,1559408400,574,661,87,1235,22,-0.3901151197677663,0.6156274486684339
462,1559422800,511,416,0,927,22,-0.6294101756065137,0.11207027661817394
462,1559437200,260,103,0,363,22,-0.6294101756065137,-0.8100279215517826
462,1559451600,25,12,0,37,22,-0.6294101756065137,-1.3430137595010836
462,1559466000,40,111,71,151,22,-0.4341234058990302,-1.1566322088071563
462,1559480400,193,477,284,670,22,0.15173690322342023,-0.3081056753848027
462,1559494800,761,553,0,1314,22,-0.6294101756065137,0.744786593447559
462,1559509200,549,229,0,778,22,-0.6294101756065137,-0.1315336799905557
462,1559523600,143,57,0,200,22,-0.6294101756065137,-1.076520840526433
462,1559538000,11,9,0,20,22,-0.6294101756065137,-1.3708074995168449
462,1559552400,99,796,697,895,22,1.2877007889866692,0.059752648353211875
462,1559566800,314,1263,949,1577,22,1.9808312955540752,1.174772100750216
462,1559581200,628,599,0,1227,22,-0.6294101756065137,0.6025480416021933
462,1559595600,1335,540,0,1875,22,-0.6294101756065137,1.6619800139676753
462,1559610000,222,90,0,312,23,-0.6491655629500735,-0.9362091986152425
462,1559624400,20,13,0,33,23,-0.6491655629500735,-1.3929137233799656
462,1559638800,102,882,780,984,23,1.642253879162243,0.16381030189333765
462,1559653200,321,1262,941,1583,23,2.115226353752093,1.1443336364240513
462,1559667600,656,616,0,1272,23,-0.6491655629500735,0.6352472306827291
462,1559682000,1323,566,0,1889,23,-0.6491655629500735,1.6452353732627798
462,1559696400,273,104,0,377,23,-0.6491655629500735,-0.8298085028815257
462,1559710800,21,14,0,35,23,-0.6491655629500735,-1.3896398558189282
462,1559725200,117,881,764,998,23,1.5952504034266057,0.18672737482059973
462,1559739600,303,1220,917,1523,23,2.044721140148637,1.046117609592928
462,1559754000,619,489,0,1108,23,-0.6491655629500735,0.366790090677659
462,1559768400,1246,610,0,1856,23,-0.6491655629500735,1.591216558505662
462,1559782800,233,101,0,334,23,-0.6491655629500735,-0.9001966554438308
462,1559797200,30,12,0,42,23,-0.6491655629500735,-1.3781813193552972
462,1559811600,110,825,715,935,23,1.4513022589862166,0.08360054664792034
462,1559826000,361,1266,905,1627,23,2.009468533346909,1.216358722766875
462,1559840400,689,640,0,1329,23,-0.6491655629500735,0.7285524561722962
462,1559854800,1284,697,0,1981,23,-0.6491655629500735,1.7958332810705018
462,1559869200,302,116,0,418,23,-0.6491655629500735,-0.7626942178802582
462,1559883600,24,12,0,36,23,-0.6491655629500735,-1.3880029220384094
462,1559898000,86,773,687,859,23,1.3690461764488513,-0.04080642067150242
462,1559912400,337,1161,824,1498,23,1.7715134374352455,1.0051942650799601
462,1559926800,858,680,0,1538,23,-0.6491655629500735,1.0706716163007088
462,1559941200,1082,573,0,1655,23,-0.6491655629500735,1.2621928686213992
462,1559955600,337,107,0,444,23,-0.6491655629500735,-0.7201339395867714
462,1559970000,41,18,0,59,23,-0.6491655629500735,-1.350353445086479
462,1559984400,33,214,181,247,23,-0.11743874369067704,-1.0426098943489595
462,1559998800,283,706,423,989,23,0.5934888268108366,0.17199497079593126
462,1560013200,672,760,88,1432,23,-0.39064644640406865,0.8971566355657244
462,1560027600,673,497,0,1170,23,-0.6491655629500735,0.46827998506981966
462,1560042000,265,136,0,401,23,-0.6491655629500735,-0.7905220921490764
462,1560056400,47,16,0,63,23,-0.6491655629500735,-1.343805709964404
462,1560070800,37,118,81,155,23,-0.4112104670384099,-1.1932078021566817
462,1560085200,194,538,344,732,23,0.36140916536612755,-0.24869701079737994
462,1560099600,493,599,106,1092,23,-0.3377675362014767,0.3405991501893595
462,1560114000,537,339,0,876,23,-0.6491655629500735,-0.012978546402684168
462,1560128400,144,76,0,220,23,-0.6491655629500735,-1.0868071064229647
462,1560142800,14,21,7,35,23,-0.6286015423157323,-1.3896398558189282
462,1560157200,98,786,688,884,23,1.3719838936823288,0.00011692384146559632
462,1560171600,316,1146,830,1462,23,1.7891397408361094,0.946264648981286
462,1560186000,502,495,0,997,23,-0.6491655629500735,0.18509044104008102
462,1560200400,1156,489,0,1645,23,-0.6491655629500735,1.245823530816212
462,1560214800,180,67,0,247,24,-0.7015748374833314,-1.1884903748882505
462,1560229200,14,10,0,24,24,-0.7015748374833314,-1.5282948776075154
462,1560243600,105,906,801,1011,24,1.318355471904053,-0.024317100998033966
462,1560258000,356,1267,911,1623,24,1.59574914735051,0.908240547720307
462,1560272400,708,620,0,1328,24,-0.7015748374833314,0.4587233804459433
462,1560286800,1351,604,0,1955,24,-0.7015748374833314,1.41413783427993
462,1560301200,262,103,0,365,24,-0.7015748374833314,-1.008683507978505
462,1560315600,24,16,0,40,24,-0.7015748374833314,-1.5039142854841598
462,1560330000,105,930,825,1035,24,1.3788777283650981,0.012253787186999014
462,1560344400,322,1239,917,1561,24,1.6108797114657714,0.8137657532423052
462,1560358800,691,690,0,1381,24,-0.7015748374833314,0.5394840918545578
462,1560373200,1264,648,0,1912,24,-0.7015748374833314,1.3486149929484126
462,1560387600,252,106,0,358,24,-0.7015748374833314,-1.019350017032473
462,1560402000,25,23,0,48,24,-0.7015748374833314,-1.4917239894224823
462,1560416400,102,903,801,1005,24,1.318355471904053,-0.03345982304429221
462,1560430800,332,1293,961,1625,24,1.7218371816443543,0.9112881217357265
462,1560445200,621,625,4,1246,24,-0.6914877947398239,0.3337728458137473
462,1560459600,1165,658,0,1823,24,-0.7015748374833314,1.2129979492622485
462,1560474000,311,109,0,420,24,-0.7015748374833314,-0.9248752225544711
462,1560488400,18,16,0,34,24,-0.7015748374833314,-1.5130570075304182
462,1560502800,89,740,651,829,24,0.9400913690225201,-0.30164633640120075
462,1560517200,352,1158,806,1510,24,1.3309642753334372,0.7360526158491101
462,1560531600,842,786,0,1628,24,-0.7015748374833314,0.9158594827588555
462,1560546000,1054,585,0,1639,24,-0.7015748374833314,0.9326211398436624
462,1561165200,8607,8922,315,17529,25,0.567209077880454,4.083815112389654
462,1561179600,36,31,0,67,25,-0.6900526389225852,-0.41576399557312715
462,1561194000,30,201,171,231,25,-0.007539135515221034,-0.3735047484246965
462,1561208400,256,674,418,930,25,0.9783137027398605,-0.1933875913713244
462,1561222800,608,707,99,1315,25,-0.2949132422130586,-0.09418143190702075
462,1561237200,647,528,0,1175,25,-0.6900526389225852,-0.13025639898494934
462,1561251600,291,117,0,408,25,-0.6900526389225852,-0.3278956829047439
462,1561266000,53,27,0,80,25,-0.6900526389225852,-0.4124141772016052
462,1561280400,28,105,77,133,25,-0.38272199703739784,-0.3987572253792465
462,1561294800,147,499,352,646,25,0.7148874382668428,-0.2665682388722653
462,1561309200,466,596,130,1062,25,-0.17118272405148963,-0.15937405098356314
462,1561323600,555,346,0,901,25,-0.6900526389225852,-0.20086026312318103
462,1561338000,159,84,0,243,25,-0.6900526389225852,-0.37041260838944545
462,1561352400,11,7,0,18,25,-0.6900526389225852,-0.42839023405040216
462,1561366800,102,818,716,920,25,2.16772319990591,-0.19596437473403358
462,1561381200,327,1161,834,1488,25,2.6386974303273663,-0.04960307973215183
462,1561395600,681,601,0,1282,25,-0.6900526389225852,-0.10268481700396107
462,1561410000,1274,547,0,1821,25,-0.6900526389225852,0.03620380624606406
462,1561424400,229,79,0,308,26,-0.6299861885284254,-0.9080664685607
462,1561438800,10,14,4,24,26,-0.6174164606992674,-1.3697475895280082
462,1561453200,99,727,628,826,26,1.3434610806493832,-0.06598611412032758
462,1561467600,312,1278,966,1590,26,2.405603082213236,1.1760011267917274
462,1561482000,649,574,0,1223,26,-0.6299861885284254,0.5793920725839732
462,1561496400,1242,660,0,1902,26,-0.6299861885284254,1.6832001047558127
462,1561510800,267,79,0,346,26,-0.6299861885284254,-0.8462922340650741
462,1561525200,23,12,0,35,26,-0.6299861885284254,-1.3518655742792745
462,1561539600,107,874,767,981,26,1.7802591227126243,0.18598773711183017
462,1561554000,367,1190,823,1557,26,1.9562353123208367,1.122355081045526
462,1561568400,784,681,0,1465,26,-0.6299861885284254,0.9727964080561163
462,1561582800,1242,652,0,1894,26,-0.6299861885284254,1.6701950027567336
462,1561597200,291,89,0,380,26,-0.6299861885284254,-0.7910205505689879
462,1561611600,24,19,0,43,26,-0.6299861885284254,-1.3388604722801953
462,1561626000,113,853,740,966,26,1.6954134598658077,0.16160317086355683
462,1561635878,220,1064,844,1284,26,2.022226383423916,0.6785559753269514
462,1561640400,173,240,67,413,26,-0.4194432473900286,-0.7373745048227865
462,1561654800,715,607,0,1322,26,-0.6299861885284254,0.7403302098225772
462,1561669200,1293,756,0,2049,26,-0.6299861885284254,1.9221688539888915
462,1561683600,366,113,0,479,26,-0.6299861885284254,-0.630082413330384
462,1561698000,27,15,0,42,26,-0.6299861885284254,-1.3404861100300802
462,1561708789,32,305,273,337,26,0.2278977358116093,-0.8609229738140382
462,1561712400,50,453,403,503,26,0.6364138902592449,-0.5910671073331466
462,1561726800,350,1177,827,1527,26,1.9688050401499946,1.0735859485489794
462,1561741200,797,730,0,1527,26,-0.6299861885284254,1.0735859485489794
462,1561755600,1075,603,0,1678,26,-0.6299861885284254,1.3190572487815975
462,1561770000,418,143,0,561,26,-0.6299861885284254,-0.49678011783982307
462,1561784400,46,35,0,81,26,-0.6299861885284254,-1.2770862377845695
462,1561798800,36,202,166,238,26,-0.10834248361836767,-1.021861111052642
462,1561813200,238,695,457,933,26,0.806105215952878,0.10795712511735552
462,1561827600,636,721,85,1357,26,-0.3628794721588175,0.7972275310685483
462,1561842000,628,431,0,1059,26,-0.6299861885284254,0.31278748160285147
462,1561856400,256,129,0,385,26,-0.6299861885284254,-0.7828923618195635
462,1561870800,48,48,0,96,26,-0.6299861885284254,-1.2527016715362964
462,1561885200,37,88,51,125,26,-0.4697221587066607,-1.2055581767896346
462,1561899600,290,492,202,782,26,0.004785066844054497,-0.13751417511526268
462,1561914000,518,512,0,1030,26,-0.6299861885284254,0.26564398685618973
462,1561928400,584,312,0,896,26,-0.6299861885284254,0.04780852837161463
462,1561942800,202,85,0,287,26,-0.6299861885284254,-0.9422048613082825
462,1561957200,29,11,0,40,26,-0.6299861885284254,-1.34373738552985
462,1561971600,100,802,702,902,26,1.5760010454888067,0.05756235487092396
462,1561986000,370,1186,816,1556,26,1.9342382886198102,1.1207294432956412
462,1562000400,691,610,0,1301,26,-0.6299861885284254,0.7061918170749946
462,1562014800,1251,549,0,1800,26,-0.6299861885284254,1.517385054267554
462,1562029200,212,110,0,322,27,-0.6934819877252375,-0.8398488894366885
462,1562043600,15,21,6,36,27,-0.6744161508381811,-1.367974994552043
462,1562058000,93,808,715,901,27,1.5785302413156617,0.2293294842059347
462,1562072400,393,1193,800,1586,27,1.848629597215629,1.4942469038004025
462,1562086800,661,569,0,1230,27,-0.6934819877252375,0.8368591645659054
462,1562101200,1141,598,0,1739,27,-0.6934819877252375,1.7767759040893858
462,1562115600,206,110,0,316,27,-0.6934819877252375,-0.8509284580754721
462,1562130000,16,21,5,37,27,-0.6775937903193571,-1.3661283997789122
462,1562144400,98,817,719,915,27,1.591240799240366,0.2551818110297633
462,1562158800,375,1133,758,1508,27,1.7151687390062336,1.350212511496215
462,1562173200,821,633,0,1454,27,-0.6934819877252375,1.250496393747162
462,1562187600,880,487,0,1367,27,-0.6934819877252375,1.089842648484799
462,1562202000,245,100,0,345,27,-0.6934819877252375,-0.7973772096546844
462,1562216400,28,13,0,41,27,-0.6934819877252375,-1.3587420206863898
462,1562230800,38,129,91,167,27,-0.404316794938214,-1.126071079271933
462,1562245200,222,432,210,654,27,-0.026177696678260122,-0.22677942475732596
462,1562259600,393,477,84,870,27,-0.4265602713064466,0.17208504623888582
462,1562274000,393,409,16,802,27,-0.6426397560264202,0.04651660166600433
462,1562288400,463,126,0,589,27,-0.6934819877252375,-0.3468080850108156
462,1562302800,19,19,0,38,27,-0.6934819877252375,-1.3642818050057817
462,1562317200,50,379,329,429,27,0.35196140158169376,-0.6422632487117131
462,1562331600,233,708,475,941,27,0.8158967658334019,0.3031932751311591
462,1562346000,559,658,99,1217,27,-0.37889567908880534,0.8128534325152075
462,1562360400,630,468,0,1098,27,-0.6934819877252375,0.5931086545126649
462,1562374800,212,89,0,301,27,-0.6934819877252375,-0.8786273796724313
462,1562389200,22,31,9,53,27,-0.6648832323946527,-1.3365828834088225
462,1562403600,23,356,333,379,27,0.3646719595063981,-0.7345929873682437
462,1562418000,207,1231,1024,1438,27,2.5604208409990714,1.2209508773770723
462,1562432400,501,845,344,1346,27,0.399625993799335,1.051064158249056
462,1562446800,530,475,0,1005,27,-0.6934819877252375,0.42137534061151816
462,1562461200,215,120,0,335,27,-0.6934819877252375,-0.8158431573859906
462,1562475600,31,23,0,54,27,-0.6934819877252375,-1.334736288635692
462,1562490000,19,300,281,319,27,0.19943470648524178,-0.8453886737560803
462,1562504400,159,983,824,1142,27,1.924892944763855,0.6743588245304117
462,1562518800,445,928,483,1373,27,0.8413178816828105,1.1009222171235826
462,1562533200,483,391,0,874,27,-0.6934819877252375,0.17947142533140825
462,1562547600,181,94,0,275,27,-0.6934819877252375,-0.9266388437738271
462,1562562000,15,12,0,27,27,-0.6934819877252375,-1.3845943475102185
462,1562576400,98,764,666,862,27,1.4228259067380338,0.15731228805384093
462,1562590800,243,1138,895,1381,27,2.150505347927357,1.1156949753086276
462,1562605200,531,510,0,1041,27,-0.6934819877252375,0.4878527524442201
462,1562619600,1293,526,0,1819,27,-0.6934819877252375,1.9245034859398347
462,1562634000,209,71,0,280,28,-0.6230636862384807,-0.9619114736704841
462,1562648400,14,9,0,23,28,-0.6230636862384807,-1.3659588983362836
462,1562662800,112,794,682,906,28,1.4620630583272716,0.02226630002908979
462,1562677200,292,1239,947,1531,28,2.272266265526574,1.0048719047610926
462,1562691600,598,586,0,1184,28,-0.6230636862384807,0.4593292730138846
462,1562706000,1434,624,0,2058,28,-0.6230636862384807,1.8334049506711172
462,1562720400,246,66,0,312,28,-0.6230636862384807,-0.9116020667082056
462,1562734800,22,17,0,39,28,-0.6230636862384807,-1.3408041948551443
462,1562748927,176,755,579,931,28,1.1471538872271654,0.0615705242183699
462,1562749200,9,86,77,95,28,-0.38764615056170226,-1.252762732671157
462,1562763600,419,1270,851,1689,28,1.9787586885789021,1.2532746016373428
462,1562778000,663,566,0,1229,28,-0.6230636862384807,0.5300768765545888
462,1562792400,1356,574,0,1930,28,-0.6230636862384807,1.632167322822003
462,1562806800,251,89,0,340,28,-0.6230636862384807,-0.8675813356162119
462,1562821200,23,14,0,37,28,-0.6230636862384807,-1.343948532790287
462,1562835600,103,766,663,869,28,1.4039730170563782,-0.03590395177104477
462,1562850000,275,1168,893,1443,28,2.1071682534935086,0.8665210356148265
462,1562864400,626,583,0,1209,28,-0.6230636862384807,0.49863349720316474
462,1562878800,1235,495,0,1730,28,-0.6230636862384807,1.317733529307762
462,1562893200,239,76,0,315,28,-0.6230636862384807,-0.906885559805492
462,1562907600,27,13,0,40,28,-0.6230636862384807,-1.3392320258875732
462,1562922000,91,755,664,846,28,1.407030387649583,-0.07206383802518247
462,1562936400,274,1155,881,1429,28,2.0704798063750496,0.8445106700688296
462,1562950800,795,756,0,1551,28,-0.6230636862384807,1.0363152841125167
462,1562965200,1121,545,0,1666,28,-0.6230636862384807,1.2171147153832051
462,1562979600,320,135,0,455,28,-0.6230636862384807,-0.6867819043455233
462,1562994000,48,21,0,69,28,-0.6230636862384807,-1.2936391258280082
462,1563008400,61,222,161,283,28,-0.1308270207324894,-0.9571949667677705
462,1563022800,371,772,401,1143,28,0.6029419216366904,0.3948703453434652
462,1563037200,897,750,0,1647,28,-0.6230636862384807,1.1872435049993522
462,1563051600,935,528,0,1463,28,-0.6230636862384807,0.8979644149662507
462,1563066000,327,160,0,487,28,-0.6230636862384807,-0.6364724973832449
462,1563080400,41,18,0,59,28,-0.6230636862384807,-1.3093608155037204
462,1563094800,32,118,86,150,28,-0.36012981522285803,-1.1662934394547406
462,1563109200,231,555,324,786,28,0.3675243859599118,-0.16639397607945475
462,1563123600,696,595,0,1291,28,-0.6230636862384807,0.6275513525440035
462,1563138000,755,346,0,1101,28,-0.6230636862384807,0.32883924870547465
462,1563152400,223,75,0,298,28,-0.6230636862384807,-0.9336124322542024
462,1563166800,19,13,0,32,28,-0.6230636862384807,-1.3518093776281428
462,1563181200,98,765,667,863,28,1.4162024994291977,-0.045336965576471995
462,1563195600,261,1133,872,1394,28,2.0429634710362055,0.7894847562038375
462,1563210000,596,611,15,1207,28,-0.577203127340407,0.4954891592680223
462,1563224400,1395,544,0,1939,28,-0.6230636862384807,1.6463168435301438
462,1563238800,212,72,0,284,29,-0.6925783948261538,-0.9447135072407891
462,1563253200,19,17,0,36,29,-0.6925783948261538,-1.3567967557612488
462,1563267600,105,911,806,1016,29,1.655930452379592,0.27159672629540677
462,1563282000,296,1234,938,1530,29,2.0405497673065875,1.1256724913741016
462,1563296400,614,630,16,1244,29,-0.6459578718046998,0.650447454773894
462,1563310800,1336,538,0,1874,29,-0.6925783948261538,1.6972718360960297
462,1563325200,230,77,0,307,29,-0.6925783948261538,-0.9064961091925207
462,1563339600,20,7,0,27,29,-0.6925783948261538,-1.3717513897801366
462,1563354000,129,819,690,948,29,1.31793166047405,0.15860615815270002
462,1563368400,274,1208,934,1482,29,2.028894636551224,1.0459144432733676
462,1563382800,591,547,0,1138,29,-0.6925783948261538,0.4743150985514394
462,1563397200,1256,590,0,1846,29,-0.6925783948261538,1.6507463080372682
462,1563411600,224,62,0,286,29,-0.6925783948261538,-0.9413902552365918
462,1563426000,21,13,0,34,29,-0.6925783948261538,-1.360120007765446
462,1563440400,115,769,654,884,29,1.2130354836757786,0.05226209401838782
462,1563454800,309,1217,908,1526,29,1.953136286641361,1.1190259873657071
462,1563469200,630,538,0,1168,29,-0.6925783948261538,0.5241638786143983
462,1563483600,1401,509,0,1910,29,-0.6925783948261538,1.7570903721715803
462,1563498000,301,79,0,380,29,-0.6925783948261538,-0.7851974110393208
462,1563512400,21,12,0,33,29,-0.6925783948261538,-1.3617816337675448
462,1563526800,89,714,625,803,29,1.1285357856993932,-0.08232961215160106
462,1563541200,296,1176,880,1472,29,1.8715503713538166,1.0292981832523813
462,1563555600,830,637,0,1467,29,-0.6925783948261538,1.020990053241888
462,1563570000,1264,596,0,1860,29,-0.6925783948261538,1.674009072066649
462,1563584400,272,152,0,424,29,-0.6925783948261538,-0.7120858669469812
462,1563598800,36,26,0,62,29,-0.6925783948261538,-1.3135944797066845
462,1563613200,52,275,223,327,29,-0.042804855214638615,-0.8732635891505481
462,1563627600,174,723,549,897,29,0.9070883013474867,0.07386323204567
462,1563642000,408,682,274,1090,29,0.10579806191624602,0.3945570504507052
462,1563656400,465,436,0,901,29,-0.6925783948261538,0.0805097360540645
462,1563670800,213,150,0,363,29,-0.6925783948261538,-0.8134450530749975
462,1563685200,29,19,0,48,29,-0.6925783948261538,-1.3368572437360653
462,1563699600,30,196,166,226,29,-0.20889046847856851,-1.0410878153625096
462,1563714000,122,641,519,763,29,0.8196748206822605,-0.1487946522355462
462,1563728400,351,613,262,964,29,0.07083266965015553,0.1851921741862781
462,1563742800,395,381,0,776,29,-0.6925783948261538,-0.12719351420826402
462,1563757200,157,81,0,238,29,-0.6925783948261538,-1.021148303337326
462,1563771600,16,12,0,28,29,-0.6925783948261538,-1.3700897637780378
462,1563786000,102,716,614,818,29,1.0964841761221436,-0.05740522212012164
462,1563800400,252,1177,925,1429,29,2.002670592351656,0.9578482651621402
462,1563814800,603,533,0,1136,29,-0.6925783948261538,0.47099184654724213
462,1563829200,1313,449,0,1762,29,-0.6925783948261538,1.5111697238609834
462,1563843600,177,83,0,260,30,-0.7186975793935626,-1.0592533299780158
462,1563858000,16,16,0,32,30,-0.7186975793935626,-1.4148754555563026
462,1563872400,109,788,679,897,30,1.2236657232169017,-0.0656950229895561
462,1563886800,282,1218,936,1500,30,1.9588459423198317,0.8748319143951239
462,1563901200,628,526,0,1154,30,-0.7186975793935626,0.33515974136842525
462,1563915600,1447,596,0,2043,30,-0.7186975793935626,1.7217740818907807
462,1563930000,255,104,0,359,30,-0.7186975793935626,-0.904838459661128
462,1563944400,23,14,0,37,30,-0.7186975793935626,-1.4070767247322173
462,1563958800,123,891,768,1014,30,1.478261207653325,0.11679527829403852
462,1563973200,271,1160,889,1431,30,1.824396641550035,0.7672094290227476
462,1563987600,712,681,0,1393,30,-0.7186975793935626,0.7079390747596997
462,1564002000,1503,602,0,2105,30,-0.7186975793935626,1.8184783441094376
462,1564016400,305,135,0,440,30,-0.7186975793935626,-0.7784990203109471
462,1564030800,23,19,0,42,30,-0.7186975793935626,-1.3992779939081321
462,1564045200,108,850,742,958,30,1.4038849987168416,0.029449493064283832
462,1564059600,315,1194,879,1509,30,1.7957904073436954,0.8888696298784773
462,1564074000,653,614,0,1267,30,-0.7186975793935626,0.5114110579927517
462,1564088400,1431,649,0,2080,30,-0.7186975793935626,1.7794846899890115
462,1564102800,332,115,0,447,30,-0.7186975793935626,-0.7675807971572277
462,1564117200,33,27,0,60,30,-0.7186975793935626,-1.3712025629414253
462,1564131600,104,750,646,854,30,1.1292651503359807,-0.13276410807668917
462,1564146000,338,1181,843,1519,30,1.6928079642008724,0.9044670915266477
462,1564160400,791,713,0,1504,30,-0.7186975793935626,0.8810708990543921
462,1564174800,1072,590,0,1662,30,-0.7186975793935626,1.1275107930954857
462,1564189200,371,125,0,496,30,-0.7186975793935626,-0.6911532350811924
462,1564203600,45,34,0,79,30,-0.7186975793935626,-1.3415673858099013
462,1564218000,42,198,156,240,30,-0.27244032577466365,-1.0904482532743567
462,1564232400,223,956,733,1179,30,1.3781393879311359,0.37415339548885146
462,1564246800,565,1039,474,1604,30,0.6372379219869382,1.037045515536097
462,1564261200,577,669,92,1246,30,-0.45552022469523756,0.47865638853159365
462,1564275600,291,215,0,506,30,-0.7186975793935626,-0.6755557734330219
462,1564290000,34,23,0,57,30,-0.7186975793935626,-1.3758818014358765
462,1564304400,26,146,120,172,30,-0.3754227689174865,-1.196510992481916
462,1564318800,205,816,611,1021,30,1.0291433306137918,0.12771350144775787
462,1564333200,500,820,320,1320,30,0.19670191520930713,0.5940776047280553
462,1564347600,511,467,0,978,30,-0.7186975793935626,0.060644416360624794
462,1564362000,182,197,15,379,30,-0.6757882280840531,-0.873643536364787
462,1564376400,11,18,7,29,30,-0.6986732154491249,-1.4195546940507537
462,1564390800,104,788,684,892,30,1.2379688403200715,-0.07349375381364134
462,1564405200,267,1195,928,1462,30,1.9359609549547598,0.815561560132076
462,1564419600,563,593,30,1156,30,-0.6328788767745436,0.33827923369805935
462,1564434000,1488,572,0,2060,30,-0.7186975793935626,1.7482897666926707
462,1564448400,199,100,0,299,31,-0.7005441116911404,-1.076451156280109
462,1564462800,12,10,0,22,31,-0.7005441116911404,-1.5139815602266828
462,1564477200,114,942,828,1056,31,1.4438201192895037,0.11925467688796511
462,1564491600,269,1182,913,1451,31,1.663954128508531,0.7431698738514911
462,1564506000,606,550,0,1156,31,-0.7005441116911404,0.27720789130911094
462,1564520400,1372,564,0,1936,31,-0.7005441116911404,1.5092429637940483
462,1564534800,233,90,0,323,31,-0.7005441116911404,-1.0385423848190338
462,1564549200,18,12,0,30,31,-0.7005441116911404,-1.501345303072991
462,1564563600,104,863,759,967,31,1.2651231000411167,-0.021323683946854688
462,1564578000,294,1137,843,1431,31,1.4826672973869792,0.7115792309672619
462,1564592400,613,498,0,1111,31,-0.7005441116911404,0.20612894481959532
462,1564606800,1361,485,0,1846,31,-0.7005441116911404,1.367085070815017
462,1564621200,258,74,0,332,31,-0.7005441116911404,-1.0243265955211307
462,1564635600,20,25,5,45,31,-0.6875950523253153,-1.4776523209098191
462,1564650000,132,807,675,939,31,1.0475789026952542,-0.06555058398477552
462,1564664400,268,1206,938,1474,31,1.7286994253376569,0.7794991131683546
462,1564678800,663,576,0,1239,31,-0.7005441116911404,0.40830905927866196
462,1564693200,1414,620,0,2034,31,-0.7005441116911404,1.6640371139267713
462,1564707600,335,116,0,451,31,-0.7005441116911404,-0.8363622703599671
462,1564722000,23,10,0,33,31,-0.7005441116911404,-1.4966067066403568
462,1564736400,90,753,663,843,31,1.016501160217274,-0.21718566982907553
462,1564750800,260,1128,868,1388,31,1.5474125942161048,0.6436593487661693
462,1564765200,818,721,0,1539,31,-0.7005441116911404,0.8821687025420994
462,1564779600,1082,505,0,1587,31,-0.7005441116911404,0.9579862454642495
462,1565398800,7855,9331,1476,17186,32,3.1590762734981475,4.082359789798611
462,1565413200,39,18,0,57,32,-0.6096861169059289,-0.41477773136289225
462,1565427600,31,192,161,223,32,-0.19859482635372278,-0.37119522050336695
462,1565442000,202,602,400,804,32,0.41165870434178825,-0.21865643249502822
462,1565456400,509,687,178,1196,32,-0.1551876714506948,-0.11573869600747441
462,1565470800,607,523,0,1130,32,-0.6096861169059289,-0.13306668225282786
462,1565485200,236,137,0,373,32,-0.6096861169059289,-0.3318134335821091
462,1565499600,41,22,0,63,32,-0.6096861169059289,-0.413202459886042
462,1565514000,27,97,70,124,32,-0.4309507731875784,-0.3971871998713971
462,1565528400,163,523,360,686,32,0.30952422221701653,-0.24963677153975106
462,1565542800,441,518,77,959,32,-0.4130772388157434,-0.1779619193430618
462,1565557200,481,361,0,842,32,-0.6096861169059289,-0.2086797131416429
462,1565571600,171,68,0,239,32,-0.6096861169059289,-0.3669944965650994
462,1565586000,8,9,1,17,32,-0.6071327548528096,-0.42527954120856104
462,1565600400,100,816,716,916,32,1.218521113127485,-0.18925136492715572
462,1565614800,274,1133,859,1407,32,1.5836518867235436,-0.06034164907157171
462,1565629200,665,632,0,1297,32,-0.6096861169059289,-0.0892216261471608
462,1565643600,1425,519,0,1944,32,-0.6096861169059289,0.08064514810653135
462,1565658000,249,79,0,328,33,-0.6387027886604497,-0.8488049031007454
462,1565672400,21,14,0,35,33,-0.6387027886604497,-1.3034663959865194
462,1565686800,107,858,751,965,33,1.5805044552179273,0.1396571138556985
462,1565701200,253,1151,898,1404,33,2.0148898944324696,0.8208734803296057
462,1565715600,612,498,0,1110,33,-0.6387027886604497,0.3646602417343239
462,1565730000,1534,937,0,2471,33,-0.6387027886604497,2.476586152374387
462,1565744400,242,93,0,335,33,-0.6387027886604497,-0.8379426831341911
462,1565758800,22,21,0,43,33,-0.6387027886604497,-1.2910524303104574
462,1565773200,121,849,728,970,33,1.5125393864972845,0.14741584240323732
462,1565787600,275,1166,891,1441,33,1.9942048735174915,0.8782880715813929
462,1565802000,656,574,0,1230,33,-0.6387027886604497,0.5508697268752553
462,1565816400,1454,543,0,1997,33,-0.6387027886604497,1.741058686067708
462,1565830800,276,89,0,365,33,-0.6387027886604497,-0.7913903118489582
462,1565845200,19,14,0,33,33,-0.6387027886604497,-1.306569887405535
462,1565859600,91,812,721,903,33,1.4918543655823062,0.043448879866217316
462,1565874000,296,1166,870,1462,33,1.9321498107725568,0.9108747314810558
462,1565888400,672,679,7,1351,33,-0.6180177677454715,0.7386309577256943
462,1565902800,1439,594,0,2033,33,-0.6387027886604497,1.7969215316099874
462,1565917200,296,99,0,395,33,-0.6387027886604497,-0.7448379405637253
462,1565931600,19,15,0,34,33,-0.6387027886604497,-1.3050181416960271
462,1565946000,83,721,638,804,33,1.2465891175904218,-0.11017394537505104
462,1565960400,289,1182,893,1471,33,2.0001148794931995,0.9248404428666257
462,1565974800,813,709,0,1522,33,-0.6387027886604497,1.0039794740515215
462,1565989200,1160,519,0,1679,33,-0.6387027886604497,1.24760355044424
462,1566003600,315,126,0,441,33,-0.6387027886604497,-0.6734576379263684
462,1566018000,32,18,0,50,33,-0.6387027886604497,-1.280190210343903
462,1566032400,34,198,164,232,33,-0.1540822986523887,-0.9977724912134904
462,1566046800,200,615,415,815,33,0.5876234512989729,-0.09310474257046567
462,1566061200,613,699,86,1312,33,-0.3845725317050031,0.6781128750548916
462,1566075600,632,416,0,1048,33,-0.6387027886604497,0.2684520077448427
462,1566090000,240,128,0,368,33,-0.6387027886604497,-0.7867350747204349
462,1566104400,43,16,0,59,33,-0.6387027886604497,-1.2662244989583331
462,1566118800,27,110,83,137,33,-0.3934375406685652,-1.1451883336167277
462,1566133200,139,473,334,612,33,0.34826820928279645,-0.4081091216005412
462,1566147600,505,510,5,1015,33,-0.6239277737211796,0.21724439933108658
462,1566162000,469,280,0,749,33,-0.6387027886604497,-0.19551995939797792
462,1566176400,151,64,0,215,33,-0.6387027886604497,-1.0241521682751225
462,1566190800,21,11,0,32,33,-0.6387027886604497,-1.3081216331150427
462,1566205200,92,866,774,958,33,1.6484695239385698,0.12879489388914417
462,1566219600,264,1084,820,1348,33,1.7843996613798554,0.7339757205971711
462,1566234000,549,496,0,1045,33,-0.6387027886604497,0.2637967706163194
462,1566248400,1421,512,0,1933,33,-0.6387027886604497,1.6417469606592114
462,1566262800,209,79,0,288,34,-0.6566548309069323,-0.9420039669669261
462,1566277200,16,23,7,39,34,-0.6359228162713397,-1.357152617895713
462,1566291600,101,830,729,931,34,1.502436407571209,0.13004656535118625
462,1566306000,266,1110,844,1376,34,1.84303379087023,0.8719788933162873
462,1566320400,629,505,0,1134,34,-0.6566548309069323,0.46850108799594026
462,1566334800,1493,506,0,1999,34,-0.6566548309069323,1.910684152467429
462,1566349200,251,86,0,337,34,-0.6566548309069323,-0.8603080477078475
462,1566363600,27,15,0,42,34,-0.6566548309069323,-1.3521508269206675
462,1566378000,93,932,839,1025,34,1.8282252089876638,0.2867693492359492
462,1566392400,262,1111,849,1373,34,1.8578423727527962,0.8669771023412417
462,1566406800,653,543,0,1196,34,-0.6566548309069323,0.5718714348135499
462,1566421200,1330,508,0,1838,34,-0.6566548309069323,1.6422547034733137
462,1566435600,254,79,0,333,34,-0.6566548309069323,-0.8669771023412417
462,1566450000,20,13,0,33,34,-0.6566548309069323,-1.3671561998458042
462,1566464400,102,875,773,977,34,1.632751928137791,0.20674069363521919
462,1566478800,283,1138,855,1421,34,1.8756126710118755,0.9470057579419717
462,1566493200,613,545,0,1158,34,-0.6566548309069323,0.5085154157963052
462,1566507600,1323,548,0,1871,34,-0.6566548309069323,1.6972744041988155
462,1566522000,236,104,0,340,34,-0.6566548309069323,-0.8553062567328019
462,1566536400,25,12,0,37,34,-0.6566548309069323,-1.36048714521241
462,1566550800,77,733,656,810,34,1.2862311120857437,-0.0716923373089873
462,1566565200,247,1069,822,1316,34,1.777876030586939,0.7719430738153749
462,1566579600,788,644,0,1432,34,-0.6566548309069323,0.9653456581838057
462,1566594000,1075,472,0,1547,34,-0.6566548309069323,1.157080978893888
462,1566608400,277,100,0,377,34,-0.6566548309069323,-0.7936175013739059
462,1566622800,39,23,0,62,34,-0.6566548309069323,-1.3188055537536965
462,1566637200,48,204,156,252,34,-0.19462707617086913,-1.0020254586674737
462,1566651600,204,624,420,828,34,0.5872660472286224,-0.04168159145871354
462,1566666000,571,675,104,1246,34,-0.3486363277495569,0.6552346177309769
462,1566680400,592,474,0,1066,34,-0.6566548309069323,0.3551271592282394
462,1566694800,268,123,0,391,34,-0.6566548309069323,-0.7702758101570263
462,1566709200,32,16,0,48,34,-0.6566548309069323,-1.3421472449705762
462,1566723600,27,108,81,135,34,-0.41675580440936105,-1.197095306694253
462,1566738000,154,548,394,702,34,0.5102614214392786,-0.2517568124106298
462,1566752400,502,647,145,1149,34,-0.2272059563125146,0.4935100428711684
462,1566766800,539,325,0,864,34,-0.6566548309069323,0.01833990024183396
462,1566781200,159,78,0,237,34,-0.6566548309069323,-1.0270344135427016
462,1566795600,10,11,1,21,34,-0.6536931145304191,-1.3871633637459868
462,1566810000,90,821,731,911,34,1.5083598403242355,0.09670129218421543
462,1566824400,247,1153,906,1400,34,2.02666020621405,0.9119932211166524
462,1566838800,666,622,0,1288,34,-0.6566548309069323,0.7252596913816157
462,1566853200,1506,490,0,1996,34,-0.6566548309069323,1.9056823614923832
462,1566867600,257,86,0,343,35,-0.6423832668168714,-0.8712304744643311
462,1566882000,33,22,0,55,35,-0.6423832668168714,-1.322090567692728
462,1566896400,110,871,761,981,35,1.8286546407533348,0.1275498709513537
462,1566910800,270,1102,832,1372,35,2.0591982563085054,0.7396550669662953
462,1566925200,640,592,0,1232,35,-0.6423832668168714,0.5204869660913801
462,1566939600,1441,518,0,1959,35,-0.6423832668168714,1.658595604206118
462,1566954000,273,82,0,355,35,-0.6423832668168714,-0.8524446372464812
462,1566968400,26,17,0,43,35,-0.6423832668168714,-1.340876404910578
462,1566982800,88,911,823,999,35,2.0299744177170047,0.15572862677812851
462,1566997200,297,1110,813,1407,35,1.9975034859486709,0.7944470921850241
462,1567011600,592,510,0,1102,35,-0.6423832668168714,0.31697372956467323
462,1567026000,1317,513,0,1830,35,-0.6423832668168714,1.456647854114232
462,1567040400,317,90,0,407,35,-0.6423832668168714,-0.7710393426357984
462,1567054800,23,23,0,46,35,-0.6423832668168714,-1.3361799456061154
462,1567069200,92,841,749,933,35,1.7896895226313343,0.052406522079954214
462,1567083600,273,1173,900,1446,35,2.280000592333175,0.8555010631430362
462,1567098000,640,603,0,1243,35,-0.6423832668168714,0.5377073168744092
462,1567112400,1260,554,0,1814,35,-0.6423832668168714,1.4316000711570989
462,1567126800,283,123,0,406,35,-0.6423832668168714,-0.7726048290706193
462,1567141200,31,25,0,56,35,-0.6423832668168714,-1.3205250812579072
462,1567155600,79,661,582,740,35,1.2474249621001587,-0.24973235984046455
462,1567170000,271,971,700,1242,35,1.6305819569664983,0.5361418304395884
462,1567184400,931,708,0,1639,35,-0.6423832668168714,1.157639945063455
462,1567198800,910,457,0,1367,35,-0.6423832668168714,0.7318276347921913
462,1567213200,276,141,0,417,35,-0.6423832668168714,-0.7553844782875903
462,1567227600,52,24,0,76,35,-0.6423832668168714,-1.2892153525614907
462,1567242000,75,257,182,332,35,-0.0514123086331953,-0.8884508252473602
462,1567256400,343,980,637,1323,35,1.426015086825995,0.662946231660075
462,1567270800,927,1154,227,2081,35,0.09470688432430704,1.8495849492542584
462,1567285200,1027,696,0,1723,35,-0.6423832668168714,1.2891408055884042
462,1567299600,336,177,0,513,35,-0.6423832668168714,-0.6050977805447912
462,1567314000,43,27,0,70,35,-0.6423832668168714,-1.2986082711704157
462,1567328400,37,143,106,180,35,-0.2981913900725326,-1.1264047633401253
462,1567342800,390,786,396,1176,35,0.6434656312091492,0.4328197257414141
462,1567357200,1039,1001,0,2040,35,-0.6423832668168714,1.7854000054266046
462,1567371600,1207,559,0,1766,35,-0.6423832668168714,1.3564567222856994
462,1567386000,383,147,0,530,35,-0.6423832668168714,-0.5784845111528373
462,1567400400,40,34,0,74,35,-0.6423832668168714,-1.2923463254311325
462,1567414800,36,168,132,204,35,-0.21376696747486457,-1.0888330889044255
462,1567429200,149,510,361,659,35,0.5298173700199807,-0.3765367610609512
462,1567443600,381,489,108,870,35,-0.2916972037188658,-0.04621912331375761
462,1567458000,438,291,0,729,35,-0.6423832668168714,-0.26695271062349357
462,1567472400,127,60,0,187,36,-0.619438467964826,-1.1852213709477986
462,1567486800,9,13,4,22,36,-0.6079280528981199,-1.4216243211166981
462,1567501200,117,842,725,959,36,1.4668242628756734,-0.07914211318785662
462,1567515600,268,1169,901,1437,36,1.973282525810746,0.6057100697256826
462,1567530000,609,523,0,1132,36,-0.619438467964826,0.1687227982013532
462,1567544400,1393,575,0,1968,36,-0.619438467964826,1.3664977457237775
462,1567558800,264,70,0,334,36,-0.619438467964826,-0.9746078335245972
462,1567573200,24,24,0,48,36,-0.619438467964826,-1.3843729471506898
462,1567587600,114,978,864,1092,36,1.8668111864437136,0.11141299209980178
462,1567602000,284,1027,743,1311,36,1.518621130675851,0.4251841805057957
462,1567616400,613,498,0,1111,36,-0.619438467964826,0.1386351499980387
462,1567630800,1409,447,0,1856,36,-0.619438467964826,1.2060302886394334
462,1567645200,303,88,0,391,36,-0.619438467964826,-0.8929413598298864
462,1567659600,29,28,0,57,36,-0.619438467964826,-1.3714782407778408
462,1567674000,125,914,789,1039,36,1.6509909039429724,0.03547749901524618
462,1567688400,290,1237,947,1527,36,2.1056522990778674,0.7346571334541733
462,1567702800,649,570,0,1219,36,-0.619438467964826,0.2933716264722275
462,1567717200,1413,584,0,1997,36,-0.619438467964826,1.4080473551474022
462,1567731600,281,92,0,373,36,-0.619438467964826,-0.9187307725755846
462,1567746000,38,16,0,54,36,-0.619438467964826,-1.375776476235457
462,1567760400,109,817,708,926,36,1.417904998842172,-0.1264227032216365
462,1567774800,288,1170,882,1458,36,1.9186080542438917,0.6357977179289971
462,1567789200,660,556,0,1216,36,-0.619438467964826,0.2890733910146111
462,1567803600,1192,588,0,1780,36,-0.619438467964826,1.0971416570464858
462,1567818000,403,84,0,487,36,-0.619438467964826,-0.7553978251861632
462,1567832400,78,30,0,108,36,-0.619438467964826,-1.2984082379983626
462,1567846800,104,247,143,351,36,-0.20794112933007933,-0.9502511659314379
462,1567861200,564,869,305,1433,36,0.2582306808715219,0.5999790891155274
462,1567875600,1449,1040,0,2489,36,-0.619438467964826,2.1129579701964842
462,1567890000,1625,636,0,2261,36,-0.619438467964826,1.7862920754176415
462,1567904400,542,172,0,714,36,-0.619438467964826,-0.43016467555985893
462,1567918800,94,24,0,118,36,-0.619438467964826,-1.2840807864729749
462,1567933200,59,159,100,218,36,-0.331678091297171,-1.1408062712190963
462,1567947600,435,700,265,1135,36,0.1431265302044599,0.17302103365896954
462,1567962000,1139,799,0,1938,36,-0.619438467964826,1.3235153911476139
462,1567976400,1111,369,0,1480,36,-0.619438467964826,0.6673181112848503
462,1567990800,378,77,0,455,36,-0.619438467964826,-0.8012456700674042
462,1568005200,33,19,0,52,36,-0.619438467964826,-1.3786419665405345
462,1568019600,144,932,788,1076,36,1.6481133001762958,0.08848906965918123
462,1568034000,290,1167,877,1457,36,1.9042200354105088,0.6343649727764583
462,1568048400,651,572,0,1223,36,-0.619438467964826,0.2991026070823826
462,1568062800,1567,542,0,2109,36,-0.619438467964826,1.568514812231746
462,1568077200,250,72,0,322,37,-0.6084357766184479,-0.9384832438201067
462,1568091600,24,16,0,40,37,-0.6084357766184479,-1.327008854857348
462,1568120400,416,2126,1710,2542,37,3.608809136749756,2.120122630302857
462,1568134800,658,566,0,1224,37,-0.6084357766184479,0.30424761134156575
462,1568149200,1541,508,0,2049,37,-0.6084357766184479,1.440891686184559
462,1568163600,280,78,0,358,37,-0.6084357766184479,-0.8888842296451398
462,1568178000,31,17,0,48,37,-0.6084357766184479,-1.3159868517073554
462,1568192400,137,971,834,1108,37,1.4483959530593777,0.14442856566667217
462,1568206800,293,1241,948,1534,37,1.7295456139505914,0.7313502334037814
462,1568221200,646,600,0,1246,37,-0.6084357766184479,0.33455812000404556
462,1568235600,1476,618,0,2094,37,-0.6084357766184479,1.5028904539032677
462,1568250000,288,70,0,358,37,-0.6084357766184479,-0.8888842296451398
462,1568264400,24,25,1,49,37,-0.605969551522911,-1.3146091013136063
462,1568278800,137,899,762,1036,37,1.2708277461807165,0.045230537316738234
462,1568293200,293,1154,861,1447,37,1.5149840306388758,0.6114859491476112
462,1568307600,679,606,0,1285,37,-0.6084357766184479,0.3882903853602598
462,1568322000,1512,564,0,2076,37,-0.6084357766184479,1.4780909468157843
462,1568336400,254,88,0,342,37,-0.6084357766184479,-0.9109282359451251
462,1568350800,21,19,0,40,37,-0.6084357766184479,-1.327008854857348
462,1568365200,126,880,754,1006,37,1.2510979454164208,0.0038980255042657544
462,1568379600,286,1193,907,1479,37,1.628430385033576,0.6555739617475819
462,1568394000,829,888,59,1717,37,-0.4629284959817672,0.9834785554598635
462,1568408400,1325,792,0,2117,37,-0.6084357766184479,1.5345787129594968
462,1568422800,428,130,0,558,37,-0.6084357766184479,-0.6133341508953233
462,1568437200,55,27,0,82,37,-0.6084357766184479,-1.2691433383198867
462,1568451600,39,197,158,236,37,-0.21877221152360804,-1.0569697776825278
462,1568466000,238,797,559,1035,37,0.7701840517867135,0.04385278692298915
462,1568480400,806,1073,267,1879,37,0.05004632388992075,1.2066741192472148
462,1568494800,971,627,0,1598,37,-0.6084357766184479,0.8195262586037226
462,1568509200,373,172,0,545,37,-0.6084357766184479,-0.6312449060140614
462,1568523600,73,23,0,96,37,-0.6084357766184479,-1.2498548328073995
462,1568538000,23,106,83,129,37,-0.4037390936888801,-1.2043890698136797
462,1568552400,164,669,505,833,37,0.6370078966277175,-0.23445279261432553
462,1568566800,662,771,109,1433,37,-0.33961724120491915,0.592197443635124
462,1568581200,688,417,0,1105,37,-0.6084357766184479,0.14029531448542493
462,1568595600,207,80,0,287,37,-0.6084357766184479,-0.9867045076013247
462,1568610000,15,14,0,29,37,-0.6084357766184479,-1.3421641091885879
462,1568624400,156,810,654,966,37,1.0044754358627248,-0.05121199024569755
462,1568638800,279,1223,944,1502,37,1.7196807135684435,0.6872622208038107
462,1568653200,615,586,0,1201,37,-0.6084357766184479,0.27255935228533684
462,1568667600,1534,565,0,2099,37,-0.6084357766184479,1.5097792058720132
462,1568682000,279,58,0,337,38,-0.696242065056223,-0.9227510719932427
462,1568696400,14,18,4,32,38,-0.6851180834176642,-1.361357425693927
462,1568710800,140,958,818,1098,38,1.5786121800290454,0.17160773183043168
462,1568725200,317,1177,860,1494,38,1.6954139872339125,0.7410769648319758
462,1568739600,661,566,0,1227,38,-0.696242065056223,0.35711664864154075
462,1568754000,1606,632,0,2238,38,-0.696242065056223,1.8109888571379074
462,1568768400,329,73,0,402,38,-0.696242065056223,-0.8292775867783427
462,1568782800,16,14,0,30,38,-0.696242065056223,-1.3642335329313084
462,1568797200,137,926,789,1063,38,1.4979633131494943,0.12127585517625482
462,1568811600,309,1154,845,1463,38,1.653699056089317,0.6964973026525619
462,1568826000,670,585,0,1255,38,-0.696242065056223,0.39738214996488225
462,1568840400,1539,651,0,2190,38,-0.696242065056223,1.7419622834407504
462,1568854800,283,76,0,359,38,-0.696242065056223,-0.8911138923820457
462,1568869200,15,14,0,29,38,-0.696242065056223,-1.3656715865499993
462,1568883600,142,888,746,1030,38,1.3783805105349876,0.07382008575945948
462,1568898000,307,1259,952,1566,38,1.9512655649207642,0.8446168253777111
462,1568912400,671,613,0,1284,38,-0.696242065056223,0.4390857049069145
462,1568926800,1563,708,0,2271,38,-0.696242065056223,1.8584446265547026
462,1568941200,352,105,0,457,38,-0.696242065056223,-0.7501846377503505
462,1568955600,18,19,1,37,38,-0.6934610696465833,-1.354167157600473
462,1568970000,116,832,716,948,38,1.2949506482457966,-0.044100310973183496
462,1568984400,321,1373,1052,1694,38,2.2293651058847335,1.0286876885701293
462,1568998800,872,706,0,1578,38,-0.696242065056223,0.8618734688020003
462,1569013200,1498,773,0,2271,38,-0.696242065056223,1.8584446265547026
462,1569027600,415,162,0,577,38,-0.696242065056223,-0.5776182035074584
462,1569042000,49,21,0,70,38,-0.696242065056223,-1.3067113881836778
462,1569056400,41,180,139,221,38,-0.3096837031163058,-1.0895652917613718
462,1569070800,198,767,569,965,38,0.8861443230287619,-0.01965339945544044
462,1569085200,621,1136,515,1757,38,0.7359705709082185,1.1192850665476477
462,1569099600,791,760,0,1551,38,-0.696242065056223,0.8230460210973496
462,1569114000,364,167,0,531,38,-0.696242065056223,-0.6437686699672337
462,1569128400,48,32,0,80,38,-0.696242065056223,-1.29233085199677
462,1569142800,23,142,119,165,38,-0.3653036113090996,-1.1700962944080548
462,1569157200,153,594,441,747,38,0.5301769105948814,-0.3331490883300278
462,1569171600,444,786,342,1230,38,0.2548583650405518,0.3614308094976131
462,1569186000,567,371,0,938,38,-0.696242065056223,-0.05848084716009117
462,1569200400,183,87,0,270,38,-0.696242065056223,-1.019100664445524
462,1569214800,16,8,0,24,38,-0.696242065056223,-1.372861854643453
462,1569229200,144,875,731,1019,38,1.336665579390392,0.058001495953861025
462,1569243600,309,1185,876,1494,38,1.7399099137881475,0.7410769648319758
462,1569258000,626,525,0,1151,38,-0.696242065056223,0.2478245736210424
462,1569272400,1482,479,0,1961,38,-0.696242065056223,1.4126480047605645
462,1569286800,234,88,0,322,39,-0.6594533083083782,-0.9111109737591038
462,1569301200,14,10,0,24,39,-0.6594533083083782,-1.3793680651880424
462,1569315600,162,989,827,1151,39,1.7623537556357125,0.3915236866254268
462,1569330000,377,1193,816,1570,39,1.7301410861032034,1.0499120131647734
462,1569344400,648,565,0,1213,39,-0.6594533083083782,0.48894630296299124
462,1569358800,1474,462,0,1936,39,-0.6594533083083782,1.625019716060718
462,1569373200,267,88,0,355,39,-0.6594533083083782,-0.8592570005471744
462,1569387600,15,21,6,36,39,-0.641882761290646,-1.360512074929159
462,1569402000,169,926,757,1095,39,1.5573640404288367,0.3035290654173041
462,1569416400,365,1213,848,1578,39,1.8238506701977752,1.0624826733373625
462,1569430800,633,619,0,1252,39,-0.6594533083083782,0.5502282713043624
462,1569445200,1494,545,0,2039,39,-0.6594533083083782,1.7868669657828007
462,1569459600,261,90,0,351,39,-0.6594533083083782,-0.8655423306334689
462,1569474000,24,22,0,46,39,-0.6594533083083782,-1.3447987497134228
462,1569488400,163,766,603,929,39,1.1063866669737095,0.04268786683608327
462,1569502800,326,1313,987,1639,39,2.2309016761085716,1.158333957153353
462,1569517200,697,551,0,1248,39,-0.6594533083083782,0.5439429412180679
462,1569531600,1323,517,0,1840,39,-0.6594533083083782,1.4741717939896506
462,1569546000,314,104,0,418,39,-0.6594533083083782,-0.7602630516880363
462,1569560400,31,15,0,46,39,-0.6594533083083782,-1.3447987497134228
462,1569574800,137,778,641,915,39,1.2176667980860136,0.020689211534052596
462,1569589200,382,1247,865,1629,39,1.8736338867480165,1.1426206319376169
462,1569603600,752,582,0,1334,39,-0.6594533083083782,0.6790775380733992
462,1569618000,1363,531,0,1894,39,-0.6594533083083782,1.5590237501546262
462,1569632400,288,133,0,421,39,-0.6594533083083782,-0.7555490541233154
462,1569646800,41,16,0,57,39,-0.6594533083083782,-1.327514091976113
462,1569661200,42,208,166,250,39,-0.1733348408177869,-1.0242469153124043
462,1569675600,202,726,524,928,39,0.8750411312402354,0.04111653431450965
462,1569690000,648,873,225,1521,39,-0.00055779514342011,0.972916719607666
462,1569704400,633,509,0,1142,39,-0.6594533083083782,0.37738169393126425
462,1569718800,224,123,0,347,39,-0.6594533083083782,-0.8718276607197633
462,1569733200,46,24,0,70,39,-0.6594533083083782,-1.307086769195656
462,1569747600,26,116,90,142,39,-0.395895103042395,-1.1939508276423554
462,1569762000,169,535,366,704,39,0.412350059773287,-0.3108619505179811
462,1569776400,456,528,72,984,39,-0.44860674409559165,0.12911115552263236
462,1569790800,497,271,0,768,39,-0.6594533083083782,-0.21029666913726947
462,1569805200,132,69,0,201,39,-0.6594533083083782,-1.1012422088695117
462,1569819600,16,19,3,35,39,-0.6506680347995122,-1.3620834074507326
462,1569834000,92,862,770,954,39,1.5954335589672564,0.08197117987542377
462,1569848400,247,1139,892,1386,39,1.9527013483278115,0.7607868291952274
462,1569862800,631,575,0,1206,39,-0.6594533083083782,0.4779469753119759
462,1569877200,1423,478,0,1901,39,-0.6594533083083782,1.5700230778056414
462,1569891600,185,61,0,246,40,-0.6121681601604663,-0.940898962596791
462,1569906000,11,7,0,18,40,-0.6121681601604663,-1.2928539807931532
462,1569920400,116,947,831,1063,40,1.7193347998919775,0.32027318594017334
462,1569934800,265,1206,941,1471,40,2.0279573337136005,0.9500874290284003
462,1569949200,686,642,0,1328,40,-0.6121681601604663,0.7293437114754188
462,1569963600,1470,443,0,1913,40,-0.6121681601604663,1.6323861923739793
462,1569978000,253,73,0,326,40,-0.6121681601604663,-0.8174059737559621
462,1569992400,19,13,0,32,40,-0.6121681601604663,-1.271242707746008
462,1570006800,140,930,790,1070,40,1.6043027645584633,0.33107882246374587
462,1570021200,280,1173,893,1453,40,1.8932856825914377,0.9223015065392138
462,1570035600,626,558,0,1184,40,-0.6121681601604663,0.5070563315619269
462,1570050000,1405,448,0,1853,40,-0.6121681601604663,1.539766450743358
462,1570064400,243,65,0,308,40,-0.6121681601604663,-0.8451918962451487
462,1570078800,12,12,0,24,40,-0.6121681601604663,-1.283592006630091
462,1570093200,118,839,721,957,40,1.4107122660703542,0.15664497572607514
462,1570107600,276,1200,924,1476,40,1.980261123941168,0.9578057408309522
462,1570122000,604,502,0,1106,40,-0.6121681601604663,0.3866506674421188
462,1570136400,1390,614,0,2004,40,-0.6121681601604663,1.772859467180422
462,1570150800,241,98,0,339,40,-0.6121681601604663,-0.7973383630693275
462,1570165200,19,10,0,29,40,-0.6121681601604663,-1.275873694827539
462,1570179600,123,824,701,947,40,1.3545990781027863,0.14120835212097155
462,1570194000,291,1120,829,1411,40,1.7137234810952207,0.8574676873977787
462,1570208400,744,693,0,1437,40,-0.6121681601604663,0.8976029087710481
462,1570222800,1432,632,0,2064,40,-0.6121681601604663,1.8654792088110437
462,1570237200,267,122,0,389,40,-0.6121681601604663,-0.7201552450438095
462,1570251600,32,21,0,53,40,-0.6121681601604663,-1.2388257981752906
462,1570266000,35,129,94,164,40,-0.34843617671289745,-1.0674792761586405
462,1570280400,161,517,356,678,40,0.3866465856622412,-0.27403682285631537
462,1570294800,534,542,8,1076,40,-0.5897228849734392,0.340340796626808
462,1570309200,611,371,0,982,40,-0.6121681601604663,0.19523653473883415
462,1570323600,198,108,0,306,40,-0.6121681601604663,-0.8482792209661694
462,1570338000,31,19,0,50,40,-0.6121681601604663,-1.2434567852568217
462,1570352400,19,86,67,105,40,-0.424188980469114,-1.1585553554287518
462,1570366800,145,378,233,523,40,0.041550479661699,-0.5133044887354212
462,1570381200,411,407,0,818,40,-0.6121681601604663,-0.057924092384864935
462,1570395600,403,224,0,627,40,-0.6121681601604663,-0.35276360324234374
462,1570410000,119,64,0,183,40,-0.6121681601604663,-1.0381496913089436
462,1570424400,9,12,3,21,40,-0.6037511819653312,-1.288222993711622
462,1570438800,127,916,789,1043,40,1.601497105160085,0.2893999387299661
462,1570453200,260,1244,984,1504,40,2.1486006878438713,1.0010282869252423
462,1570467600,654,559,0,1213,40,-0.6121681601604663,0.5518225400167274
462,1570482000,1565,573,0,2138,40,-0.6121681601604663,1.9797102234888104
462,1570496400,253,54,0,307,41,-0.7336089180778438,-0.9885800118910006
462,1570510800,16,7,0,23,41,-0.7336089180778438,-1.40827613880714
462,1570525200,146,843,697,989,41,1.0160788339028306,0.019281814013249854
462,1570539600,319,1308,989,1627,41,1.749090058548967,0.9621202963107744
462,1570554000,782,588,0,1370,41,-0.7336089180778438,0.5823248575169441
462,1570568400,1445,459,0,1904,41,-0.7336089180778438,1.3714718003803894
462,1570582800,222,58,0,280,41,-0.7336089180778438,-1.0284807000133096
462,1570597200,11,5,0,16,41,-0.7336089180778438,-1.4186207616536646
462,1570611600,98,822,724,920,41,1.0838572690584665,-0.08268661118820657
462,1570626000,257,1062,805,1319,41,1.2871925745253743,0.5069568910636937
462,1570640400,561,531,0,1092,41,-0.7336089180778438,0.17149555018353987
462,1570654800,1348,552,0,1900,41,-0.7336089180778438,1.3655605873252326
462,1570669200,253,42,0,295,41,-0.7336089180778438,-1.0063136510564714
462,1570683600,18,13,0,31,41,-0.7336089180778438,-1.3964537126968264
462,1570698000,149,881,732,1030,41,1.1039397683638401,0.07987174782860802
462,1570712400,270,1178,908,1448,41,1.5457547530820595,0.6975935120925034
462,1570726800,691,678,0,1369,41,-0.7336089180778438,0.5808470542531549
462,1570741200,1525,602,0,2127,41,-0.7336089180778438,1.7010219282053862
462,1570755600,241,66,0,307,41,-0.7336089180778438,-0.9885800118910006
462,1570770000,26,14,0,40,41,-0.7336089180778438,-1.3831534833227233
462,1570784400,109,833,724,942,41,1.0838572690584665,-0.05017493938484365
462,1570798800,287,1200,913,1487,41,1.558306315147918,0.7552278393802832
462,1570813200,766,699,0,1465,41,-0.7336089180778438,0.7227161675769203
462,1570827600,1385,579,0,1964,41,-0.7336089180778438,1.4601399962077428
462,1570842000,213,128,0,341,41,-0.7336089180778438,-0.938334700922167
462,1570856400,31,23,0,54,41,-0.7336089180778438,-1.3624642376296743
462,1570870800,34,447,413,481,41,0.3031501085620681,-0.7314422439916757
462,1570885200,198,1426,1228,1624,41,2.349054725297003,0.9576868865194068
462,1570899600,671,1351,680,2022,41,0.9734035228789117,1.5458525855075178
462,1570914000,782,774,0,1556,41,-0.7336089180778438,0.8571962645817396
462,1570928400,254,156,0,410,41,-0.7336089180778438,-0.8363662757207105
462,1570942800,39,27,0,66,41,-0.7336089180778438,-1.3447305984642035
462,1570957200,24,380,356,404,41,0.1600623010112812,-0.8452330953034459
462,1570971600,183,1293,1110,1476,41,2.0528378605427426,0.7389720034786017
462,1570986000,615,1270,655,1885,41,0.9106457125496192,1.3433935383683941
462,1571000400,623,540,0,1163,41,-0.7336089180778438,0.27641958191257476
462,1571014800,164,89,0,253,41,-0.7336089180778438,-1.0683813881356188
462,1571029200,19,21,2,40,41,-0.7285882932515003,-1.3831534833227233
462,1571043600,98,575,477,673,41,0.4638101030050568,-0.4477040173441448
462,1571058000,228,1089,861,1317,41,1.4277700696629896,0.5040012845361151
462,1571072400,653,594,0,1247,41,-0.7336089180778438,0.40055505607086955
462,1571086800,1232,494,0,1726,41,-0.7336089180778438,1.1084228194259076
462,1571101200,194,55,0,249,42,-0.6294231873618031,-0.9278945823917913
462,1571115600,6,18,12,24,42,-0.595700503569909,-1.2683039074277953
462,1571130000,140,934,794,1074,42,1.6018943902018634,0.3202729427402234
462,1571144400,284,1261,977,1545,42,2.11616531802825,1.0328631298155917
462,1571158800,738,513,0,1251,42,-0.6294231873618031,0.5880616117685465
462,1571173200,1543,522,0,2065,42,-0.6294231873618031,1.8195869032321343
462,1571187600,254,45,0,299,42,-0.6294231873618031,-0.8522480657171237
462,1571202000,15,8,0,23,42,-0.6294231873618031,-1.2698168377612886
462,1571216400,140,758,618,898,42,1.1072950279207485,0.053997204045393585
462,1571230800,275,1248,973,1523,42,2.104924423430952,0.9995786624787381
462,1571245200,708,467,0,1175,42,-0.6294231873618031,0.47307890642305184
462,1571259600,1247,506,0,1753,42,-0.6294231873618031,1.3475526391822088
462,1571274000,118,35,0,153,42,-0.6294231873618031,-1.073135894407153
462,1571288400,8,11,3,19,42,-0.6209925164138296,-1.275868559095262
462,1571302800,142,930,788,1072,42,1.5850330483059163,0.3172470820732367
462,1571317200,305,1192,887,1497,42,1.8632451895890436,0.960242473807911
462,1571331600,650,581,0,1231,42,-0.6294231873618031,0.5578030050986795
462,1571346000,1463,617,0,2080,42,-0.6294231873618031,1.8422808582345347
462,1571360400,247,58,0,305,42,-0.6294231873618031,-0.8431704837161637
462,1571374800,19,10,0,29,42,-0.6294231873618031,-1.2607392557603285
462,1571389200,122,808,686,930,42,1.2983902360748156,0.10241097471718082
462,1571403600,310,1252,942,1562,42,2.017807490301892,1.0585829454849787
462,1571418000,773,766,0,1539,42,-0.6294231873618031,1.0237855478146316
462,1571432400,1352,559,0,1911,42,-0.6294231873618031,1.5865956318741583
462,1571446800,219,100,0,319,42,-0.6294231873618031,-0.8219894590472567
462,1571461200,23,15,0,38,42,-0.6294231873618031,-1.2471228827588885
462,1571475600,38,198,160,236,42,-0.17978740346988042,-0.9475626767272048
462,1571490000,179,568,389,747,42,0.463753812225434,-0.17445527631210245
462,1571504400,565,639,74,1204,42,-0.4214666373117889,0.516953886094359
462,1571518800,657,362,0,1019,42,-0.6294231873618031,0.23706177439808906
462,1571533200,200,88,0,288,42,-0.6294231873618031,-0.8688902993855506
462,1571547600,43,17,0,60,42,-0.6294231873618031,-1.2138384154220347
462,1571562000,14,82,68,96,42,-0.43832797920773603,-1.159372923416274
462,1571576400,127,462,335,589,42,0.31200173516191004,-0.4134982690040519
462,1571590800,426,426,0,852,42,-0.6294231873618031,-0.015597591295300566
462,1571605200,347,233,0,580,42,-0.6294231873618031,-0.4271146420054921
462,1571619600,118,40,0,158,42,-0.6294231873618031,-1.0655712427396862
462,1571634000,9,15,6,24,42,-0.6125618454658561,-1.2683039074277953
462,1571648400,116,893,777,1009,42,1.5541205881633466,0.22193247106315556
462,1571662800,266,1184,918,1450,42,1.9503621227181036,0.8891347481337234
462,1571677200,690,553,0,1243,42,-0.6294231873618031,0.5759581691005997
462,1571691600,1583,515,0,2098,42,-0.6294231873618031,1.869513604237415
462,1571706000,207,42,0,249,43,-0.5844482635268683,-0.8474136655270827
462,1571720400,6,4,0,10,43,-0.5844482635268683,-1.196678226174213
462,1571734800,130,936,806,1066,43,1.7636104377443809,0.3465158158482536
462,1571749200,302,1140,838,1442,43,1.8568336119884008,0.8959864217198894
462,1571763600,607,486,0,1093,43,-0.5844482635268683,0.3859724816954189
462,1571778000,1457,467,0,1924,43,-0.5844482635268683,1.6003609749915078
462,1571792400,213,38,0,251,43,-0.5844482635268683,-0.8444909495384039
462,1571806800,11,8,0,19,43,-0.5844482635268683,-1.1835260042251579
462,1571821200,136,883,747,1019,43,1.5917302102319695,0.2778319901142991
462,1571835600,293,1190,897,1483,43,2.028713839500812,0.9559020994878071
462,1571850000,663,584,0,1247,43,-0.5844482635268683,0.6110216128236953
462,1571864400,1570,605,0,2175,43,-0.5844482635268683,1.9671618315707116
462,1571878800,187,34,0,221,43,-0.5844482635268683,-0.8883316893685875
462,1571893200,9,9,0,18,43,-0.5844482635268683,-1.1849873622194973
462,1571907600,140,870,730,1010,43,1.5422053989148339,0.26467976816524397
462,1571922000,289,1205,916,1494,43,2.0840650992081993,0.9719770374255412
462,1571936400,693,621,0,1314,43,-0.5844482635268683,0.7089325984444389
462,1571950800,1510,606,0,2116,43,-0.5844482635268683,1.8809417099046837
462,1571965200,189,53,0,242,43,-0.5844482635268683,-0.8576431714874589
462,1571979600,13,6,0,19,43,-0.5844482635268683,-1.1835260042251579
462,1571994000,119,681,562,800,43,1.0527837341337298,-0.042205410646041976
462,1572008400,293,1169,876,1462,43,1.9675361314031743,0.9252135816066785
462,1572022800,790,706,0,1496,43,-0.5844482635268683,0.9748997534142201
462,1572037200,1440,662,0,2102,43,-0.5844482635268683,1.8604826979839313
462,1572051600,211,117,0,328,43,-0.5844482635268683,-0.7319663839742657
462,1572066000,37,26,0,63,43,-0.5844482635268683,-1.1192262524742218
462,1572080400,33,93,60,126,43,-0.4096548118193311,-1.027160698830836
462,1572094800,162,361,199,523,43,-0.004716648696870054,-0.4470015750780716
462,1572109200,533,418,0,951,43,-0.5844482635268683,0.17845964649921603
462,1572123600,569,284,0,853,43,-0.5844482635268683,0.03524656305394924
462,1572138000,176,121,0,297,43,-0.5844482635268683,-0.7772684817987888
462,1572152400,29,20,0,49,43,-0.5844482635268683,-1.1396852643949742
462,1572166800,20,54,34,74,43,-0.4853986408925972,-1.1031513145364877
462,1572181200,140,231,91,371,43,-0.3193448617704369,-0.669127990217669
462,1572195600,269,212,0,481,43,-0.5844482635268683,-0.5083786108403288
462,1572210000,299,172,0,471,43,-0.5844482635268683,-0.5229921907837233
462,1572224400,110,62,0,172,43,-0.5844482635268683,-0.959938231091221
462,1572238800,11,7,0,18,43,-0.5844482635268683,-1.1849873622194973
462,1572253200,133,862,729,995,43,1.5392921747197081,0.24275939825015214
462,1572267600,276,1217,941,1493,43,2.1568957040863395,0.9705156794312018
462,1572282000,642,533,0,1175,43,-0.5844482635268683,0.5058038372312544
462,1572296400,1586,515,0,2101,43,-0.5844482635268683,1.8590213399895918
462,1572310800,221,88,0,309,44,-0.658125828700766,-0.9216580935259532
462,1572325200,10,12,2,22,44,-0.6528857747092148,-1.3376725724385854
462,1572339600,142,909,767,1051,44,1.3514348770590894,0.15389153488231505
462,1572354000,265,1200,935,1465,44,1.7915994123493837,0.7539960445332896
462,1572368400,647,448,0,1095,44,-0.658125828700766,0.21767075813024472
462,1572382800,1517,517,0,2034,44,-0.658125828700766,1.578777363353107
462,1572397200,231,70,0,301,44,-0.658125828700766,-0.9332543159346677
462,1572411600,18,13,0,31,44,-0.658125828700766,-1.3246268222287816
462,1572426000,134,842,708,976,44,1.1968532843083313,0.04517694980061678
462,1572440400,273,1299,1026,1572,44,2.0300218689649596,0.9090955192498458
462,1572454800,598,565,0,1163,44,-0.658125828700766,0.31623864860431783
462,1572469200,1550,541,0,2091,44,-0.658125828700766,1.6614004480151976
462,1572483600,268,102,0,370,44,-0.658125828700766,-0.8332368976595053
462,1572498000,14,9,0,23,44,-0.658125828700766,-1.336223044637496
462,1572512400,125,862,737,987,44,1.2728340671858225,0.0611217556125992
462,1572526800,276,1233,957,1509,44,1.849240006256446,0.8177752677812192
462,1572541200,677,497,0,1174,44,-0.658125828700766,0.33218345441630026
462,1572555600,1324,651,0,1975,44,-0.658125828700766,1.4932552230888376
462,1572570000,349,132,0,481,44,-0.658125828700766,-0.6723393117385918
462,1572584400,27,22,0,49,44,-0.658125828700766,-1.298535321809174
462,1572598800,121,767,646,888,44,1.0344116105702463,-0.08238149669524253
462,1572613200,293,1208,915,1501,44,1.7391988724338725,0.8061790453725047
462,1572627600,755,654,0,1409,44,-0.658125828700766,0.6728224876722881
462,1572642000,1406,660,0,2066,44,-0.658125828700766,1.625162252987965
462,1572656400,292,137,0,429,44,-0.658125828700766,-0.747714757395236
462,1572670800,34,28,0,62,44,-0.658125828700766,-1.279691460395013
462,1572685200,41,200,159,241,44,-0.24154153637245174,-1.0202259840000263
462,1572699600,247,919,672,1166,44,1.102532312460411,0.32058723200758577
462,1572714000,723,1170,447,1893,44,0.5130262384109098,1.3743939433995145
462,1572728400,778,781,3,1559,44,-0.6502657477134393,0.8902516578356847
462,1572742800,262,171,0,433,44,-0.658125828700766,-0.7419166461908787
462,1572753600,49,40,0,89,44,-0.658125828700766,-1.2405542097656015
462,1572768000,30,67,37,97,44,-0.5611848298570702,-1.228957987356887
462,1572782400,178,571,393,749,44,0.3715447806390295,-0.2838658610466567
462,1572796800,440,852,412,1292,44,0.42132529355876513,0.5032277349448389
462,1572811200,597,479,0,1076,44,-0.658125828700766,0.19012972990954782
462,1572825600,224,136,0,360,44,-0.658125828700766,-0.8477321756703984
462,1572840000,20,17,0,37,44,-0.658125828700766,-1.3159296554222457
462,1572854400,61,353,292,414,44,0.10692205406569785,-0.7694576744115756
462,1572868800,281,1677,1396,1958,44,2.999431857401917,1.4686132504703195
462,1572883200,521,567,46,1088,44,-0.5376045868950902,0.20752406352261954
462,1572897600,1607,591,0,2198,44,-0.658125828700766,1.816499922731754
462,1572912000,370,107,0,477,45,-0.5268437936600381,-0.5123644832944877
462,1572926400,28,15,0,43,45,-0.5268437936600381,-1.1176386117126291
462,1572940800,64,374,310,438,45,0.21336406146607564,-0.5667554764011871
462,1572955200,270,1695,1425,1965,45,2.8757245726454848,1.5628610998534258
462,1572969600,507,628,121,1135,45,-0.23792395343339368,0.40530919527495246
462,1572984000,1527,617,0,2144,45,-0.5268437936600381,1.812501811804687
462,1572998400,367,108,0,475,45,-0.5268437936600381,-0.5151537649922672
462,1573012800,24,11,0,35,45,-0.5268437936600381,-1.128795738503747
462,1573027200,58,388,330,446,45,0.261119406958083,-0.5555983496100693
462,1573041600,313,1662,1349,1975,45,2.6942542597758568,1.576807508342323
462,1573056000,493,492,0,985,45,-0.5268437936600381,0.19611306794149344
462,1573070400,1607,641,0,2248,45,-0.5268437936600381,1.9575444600892185
462,1573084800,437,102,0,539,45,-0.5268437936600381,-0.42589675066332466
462,1573099200,36,16,0,52,45,-0.5268437936600381,-1.1050868440726216
462,1573113600,54,377,323,431,45,0.24440503603588043,-0.5765179623434151
462,1573128000,274,1715,1441,1989,45,2.9139288490390904,1.5963324802267793
462,1573142400,488,568,80,1056,45,-0.3358224116920087,0.29513256821266404
462,1573156800,1473,605,0,2078,45,-0.5268437936600381,1.7204555157779648
462,1573171200,399,118,0,517,45,-0.5268437936600381,-0.45657884933889864
462,1573185600,42,17,0,59,45,-0.5268437936600381,-1.0953243581303935
462,1573200000,47,335,288,382,45,0.16083318142486758,-0.6448553639390118
462,1573214400,269,1398,1129,1667,45,2.1689454593637763,1.147258126884287
462,1573228800,605,668,63,1273,45,-0.37641445536021495,0.5977696324217348
462,1573243200,1419,640,0,2059,45,-0.5268437936600381,1.6939573396490601
462,1573257600,356,170,0,526,45,-0.5268437936600381,-0.4440270816988911
462,1573272000,39,42,3,81,45,-0.519680491836237,-1.0646422594548195
462,1573286400,15,68,53,83,45,-0.4002921281062186,-1.06185297775704
462,1573300800,110,385,275,495,45,0.12979220685506282,-0.4872609480144727
462,1573315200,436,500,64,936,45,-0.3740266880856146,0.12777566634589682
462,1573329600,603,362,0,965,45,-0.5268437936600381,0.16822025096369891
462,1573344000,242,147,0,389,45,-0.5268437936600381,-0.6350928779967837
462,1573358400,41,43,2,84,45,-0.5220682591108373,-1.0604583369081504
462,1573372800,11,39,28,50,45,-0.4599863099712278,-1.107876125770401
462,1573387200,82,318,236,400,45,0.036669283145648504,-0.6197518286589967
462,1573401600,337,441,104,778,45,-0.2785159971015999,-0.09257758777868
462,1573416000,473,321,0,794,45,-0.5268437936600381,-0.07026333419644437
462,1573430400,156,117,0,273,45,-0.5268437936600381,-0.796871216467992
462,1573444800,18,15,0,33,45,-0.5268437936600381,-1.1315850202015263
462,1573459200,43,300,257,343,45,0.0868123959122562,-0.6992463570457111
462,1573473600,198,1446,1248,1644,45,2.45308976504122,1.1151813873598233
462,1573488000,480,618,138,1098,45,-0.19733190976518744,0.35370748386603257
462,1573502400,1455,569,0,2024,45,-0.5268437936600381,1.6451449099379196
462,1573516800,376,99,0,475,46,-0.4954784352011711,-0.5235019491513778
462,1573531200,21,24,3,45,46,-0.4883116021354671,-1.0993955473528692
462,1573545600,63,352,289,415,46,0.19492648346164773,-0.603859195412051
462,1573560000,296,1584,1288,1880,46,2.58148189434108,1.3581969007860533
462,1573574400,449,461,12,910,46,-0.46681110293835504,0.059088086238502924
462,1573588800,1524,570,0,2094,46,-0.4954784352011711,1.644804412449121
462,1573603200,369,88,0,457,46,-0.4954784352011711,-0.5476091230295798
462,1573617600,19,19,0,38,46,-0.4954784352011711,-1.1087705594166144
462,1573632000,61,348,287,409,46,0.1901485947511784,-0.6118949200381184
462,1573646400,290,1611,1321,1901,46,2.660317058063824,1.386321936977289
462,1573660800,468,485,17,953,46,-0.4548663811621817,0.11667744605865206
462,1573675200,1447,560,0,2007,46,-0.4954784352011711,1.528286405371145
462,1573689600,361,107,0,468,46,-0.4954784352011711,-0.5328769612151231
462,1573704000,27,31,4,58,46,-0.4859226577802324,-1.0819848106630567
462,1573718400,61,327,266,388,46,0.1399807632912504,-0.640019956229354
462,1573732800,308,1696,1388,2004,46,2.820376329864547,1.5242685430581113
462,1573747200,477,607,130,1084,46,-0.18491566902066434,0.29212410039445524
462,1573761600,1482,656,0,2138,46,-0.4954784352011711,1.7037330597069482
462,1573776000,434,134,0,568,46,-0.4954784352011711,-0.3989482174473344
462,1573790400,29,35,6,64,46,-0.48114476906976306,-1.0739490860369894
462,1573804800,54,349,295,403,46,0.20926014959305575,-0.6199306446641857
462,1573819200,309,1547,1238,1856,46,2.462034676579347,1.326054002281784
462,1573833600,1065,620,0,1685,46,-0.4954784352011711,1.0970358504388653
462,1573848000,1772,728,0,2500,46,-0.4954784352011711,2.1885551121463434
462,1573862400,599,151,0,750,46,-0.4954784352011711,-0.15519790378995896
462,1573876800,84,35,0,119,46,-0.4954784352011711,-1.0002882769647055
462,1573891200,18,75,57,93,46,-0.35930860695279504,-1.0351097503443307
462,1573905600,166,399,233,565,46,0.061145599568506376,-0.402966079760368
462,1573920000,692,465,0,1157,46,-0.4954784352011711,0.38989208334494097
462,1573934400,748,284,0,1032,46,-0.4954784352011711,0.22248115363520513
462,1573948800,215,142,0,357,46,-0.4954784352011711,-0.6815378667973685
462,1573963200,51,26,0,77,46,-0.4954784352011711,-1.0565383493471767
462,1573977600,12,41,29,53,46,-0.4261990488993657,-1.088681247851446
462,1573992000,85,279,194,364,46,-0.03202323028564564,-0.6721628547336232
462,1574006400,318,341,23,659,46,-0.44053271503077374,-0.27707306061864667
462,1574020800,485,285,0,770,46,-0.4954784352011711,-0.12841215503640124
462,1574035200,145,61,0,206,46,-0.4954784352011711,-0.8837702698867295
462,1574049600,15,11,0,26,46,-0.4954784352011711,-1.124842008668749
462,1574064000,53,341,288,394,46,0.19253753910641308,-0.6319842316032867
462,1574078400,283,1618,1335,1901,46,2.6937622790371094,1.386321936977289
462,1574092800,478,486,8,964,46,-0.47636688035929375,0.13140960787310882
462,1574107200,1539,541,0,2080,46,-0.4954784352011711,1.6260543883216307
462,1574121600,307,92,0,399,47,-0.5598071816314619,-0.6104553980017715
462,1574136000,16,12,0,28,47,-0.5598071816314619,-1.112701953970771
462,1574150400,61,361,300,422,47,0.14711473528571953,-0.5793188190602971
462,1574164800,275,1748,1473,2023,47,2.911179430431899,1.5880578281266793
462,1574179200,519,525,6,1044,47,-0.5456687432931183,0.2627225766613139
462,1574193600,1644,563,0,2207,47,-0.5598071816314619,1.8371504596584742
462,1574208000,401,100,0,501,47,-0.5598071816314619,-0.47237143921784175
462,1574222400,19,40,21,59,47,-0.5103226474472593,-1.0707352606148708
462,1574236800,60,391,331,451,47,0.22016333336716162,-0.5400596543080034
462,1574251200,265,1641,1376,1906,47,2.682608010628677,1.429667404815701
462,1574265600,470,563,93,1033,47,-0.3406613873871357,0.24783116934147834
462,1574280000,1559,618,0,2177,47,-0.5598071816314619,1.7965375306043774
462,1574294400,419,102,0,521,47,-0.5598071816314619,-0.44529615318177707
462,1574308800,26,24,0,50,47,-0.5598071816314619,-1.0829191393311
462,1574323200,70,369,299,439,47,0.14475832889599557,-0.5563048259296423
462,1574337600,282,1733,1451,2015,47,2.8593384898579726,1.5772277137122535
462,1574352000,486,609,123,1095,47,-0.26996919569541755,0.3317645560532788
462,1574366400,1496,645,0,2141,47,-0.5598071816314619,1.747802015739461
462,1574380800,428,131,0,559,47,-0.5598071816314619,-0.3938531097132542
462,1574395200,37,27,0,64,47,-0.5598071816314619,-1.0639664391058548
462,1574409600,64,372,308,436,47,0.16596598640351104,-0.5603661188350519
462,1574424000,284,1521,1237,1805,47,2.3550675224570496,1.2929372103335743
462,1574438400,605,681,76,1286,47,-0.38072029601244267,0.5903335376976964
462,1574452800,1515,693,0,2208,47,-0.5598071816314619,1.8385042239602776
462,1574467200,337,170,0,507,47,-0.5598071816314619,-0.4642488534070223
462,1574481600,36,60,24,96,47,-0.5032534282780875,-1.0206459814481512
462,1574496000,22,104,82,126,47,-0.366581857674099,-0.9800330523940542
462,1574510400,147,648,501,795,47,0.6207524196202311,-0.07436473448769117
462,1574524800,439,909,470,1348,47,0.547703821538789,0.6742669244094968
462,1574539200,576,660,84,1236,47,-0.36186904489465116,0.5226453226075347
462,1574553600,254,229,0,483,47,-0.5598071816314619,-0.4967391966502999
462,1574568000,44,41,0,85,47,-0.5598071816314619,-1.0355373887679868
462,1574582400,14,43,29,57,47,-0.49147139632946774,-1.0734427892184772
462,1574596800,114,421,307,535,47,0.1636095800137871,-0.4263434529565318
462,1574611200,269,519,250,788,47,0.02929441579952261,-0.08384108460031381
462,1574625600,383,392,9,775,47,-0.5385995241239465,-0.10144002052375584
462,1574640000,141,146,5,287,47,-0.5480251496828423,-0.7620769998037337
462,1574654080,12,15,3,27,47,-0.5527379624622901,-1.1140557182725743
462,1574654400,0,0,0,0,47,-0.5598071816314619,-1.1506073544212616
462,1574668800,60,336,276,396,47,0.090560981932345,-0.6145166909071812
462,1574681634,203,1457,1254,1660,47,2.395126431082357,1.0966413865721056
462,1574683200,38,62,24,100,47,-0.5032534282780875,-1.0152309242409383
462,1574697600,495,536,41,1031,47,-0.4631945196527805,0.24512364073787188
462,1574712000,1563,633,0,2196,47,-0.5598071816314619,1.8222590523386388
462,1574726400,409,111,0,520,48,-0.5841091279774953,-0.3365289380862529
462,1574740800,21,22,1,43,48,-0.5811795144863257,-1.1081037544767303
462,1574755200,58,361,303,419,48,0.3035637598469142,-0.4999022220599179
462,1574769600,281,1623,1342,1904,48,3.3474321771722,1.9021703195330775
462,1574784000,557,584,27,1141,48,-0.5050095637159142,0.667974124761727
462,1574798400,1480,586,0,2066,48,-0.5841091279774953,2.164214596797768
462,1574812800,393,115,0,508,48,-0.5841091279774953,-0.3559396252910448
462,1574827200,30,31,1,61,48,-0.5811795144863257,-1.0789877236695424
462,1574841600,38,332,294,370,48,0.2771972384263872,-0.5791625281461514
462,1574856000,233,1267,1034,1500,48,2.4451112218919415,1.2486771836384174
462,1574870400,859,685,0,1544,48,-0.5841091279774953,1.319849703389321
462,1574884800,1000,483,0,1483,48,-0.5841091279774953,1.2211787100982956
462,1574899200,230,113,0,343,48,-0.5841091279774953,-0.6228365743569332
462,1574913600,25,21,0,46,48,-0.5841091279774953,-1.1032510826755322
462,1574928000,30,63,33,93,48,-0.4874318827688962,-1.0272258911234307
462,1574942400,108,295,187,403,48,-0.036271405128767316,-0.5257831383329737
462,1574956800,243,488,245,731,48,0.13364617735907344,0.004775645264671036
462,1574971200,232,278,46,510,48,-0.44934690738369054,-0.3527045107569128
462,1574985600,125,105,0,230,48,-0.5841091279774953,-0.8056205455353901
462,1575000000,14,18,4,32,48,-0.5723906740128166,-1.1258968844144561
462,1575014400,23,156,133,179,48,-0.1944705336519294,-0.8881159661557555
462,1575028800,184,791,607,975,48,1.1941662611624932,0.39945961842877264
462,1575043200,627,926,299,1553,48,0.2918453058822355,1.3344077187929149
462,1575057600,870,553,0,1423,48,-0.5841091279774953,1.1241252740743362
462,1575072000,284,141,0,425,48,-0.5841091279774953,-0.49019687845752197
462,1575086400,40,27,0,67,48,-0.5841091279774953,-1.0692823800671465
462,1575100800,14,83,69,97,48,-0.3819657970867882,-1.0207556620551668
462,1575115200,124,800,676,924,48,1.3963095920532005,0.3169641978084071
462,1575129600,479,976,497,1455,48,0.8719087771338297,1.175887106620448
462,1575144000,673,752,79,1425,48,-0.3526696621750915,1.1273603886084682
462,1575158400,266,231,0,497,48,-0.5841091279774953,-0.37373275522877064
462,1575172800,34,48,14,82,48,-0.5430945391011199,-1.0450190210611565
462,1575187200,16,54,38,70,48,-0.4727838153130479,-1.0644297082659484
462,1575201600,115,591,476,706,48,0.8103868938192668,-0.03566328641197872
462,1575216000,242,574,332,816,48,0.3885225510908346,0.14226801296528022
462,1575230400,339,324,0,663,48,-0.5841091279774953,-0.1052182488958163
462,1575244800,109,116,7,225,48,-0.5636018335393076,-0.81370833187072
462,1575259200,18,28,10,46,48,-0.5548129930657986,-1.1032510826755322
462,1575273600,57,331,274,388,48,0.21860496860299383,-0.5500464973389636
462,1575288000,239,1585,1346,1824,48,3.3591506311368784,1.7727657381677984
462,1575302400,480,470,0,950,48,-0.5841091279774953,0.3590206867521229
462,1575316800,1377,464,0,1841,48,-0.5841091279774953,1.8002642117079202
462,1575331200,292,130,0,422,49,-0.625247421580244,-0.756399133457413
462,1575345600,23,17,0,40,49,-0.625247421580244,-1.2478609929799795
462,1575360000,65,345,280,410,49,-0.018521645708994748,-0.7718377259031481
462,1575374400,300,1621,1321,1921,49,2.2371981138694714,1.1721383728889931
462,1575388800,553,531,0,1084,49,-0.625247421580244,0.09529654979897183
462,1575403200,1549,633,0,2182,49,-0.625247421580244,1.5079277585837307
462,1575417600,390,124,0,514,49,-0.625247421580244,-0.6380365913734442
462,1575432000,20,24,4,44,49,-0.6165799104963691,-1.2427147954980677
462,1575446400,68,360,292,428,49,0.007480887542630223,-0.7486798372345455
462,1575460800,292,1655,1363,1947,49,2.3282069802501586,1.205588656521419
462,1575475200,489,568,79,1057,49,-0.454064077673713,0.06055971679606791
462,1575489600,1560,656,0,2216,49,-0.625247421580244,1.5516704371799803
462,1575504000,402,134,0,536,49,-0.625247421580244,-0.6097325052229299
462,1575518400,43,31,0,74,49,-0.625247421580244,-1.2041183143837302
462,1575532800,66,384,318,450,49,0.06381970958781766,-0.7203757510840312
462,1575547200,329,1769,1440,2098,49,2.4950565686147526,1.3998576114635852
462,1575561600,502,660,158,1162,49,-0.2828807337671819,0.1956474006962498
462,1575576000,1573,714,0,2287,49,-0.625247421580244,1.6430154424839127
462,1575590400,395,159,0,554,49,-0.625247421580244,-0.5865746165543272
462,1575604800,46,44,0,90,49,-0.625247421580244,-1.1835335244560834
462,1575619200,57,317,260,374,49,-0.0618592011283697,-0.8181535032403533
462,1575633600,330,1690,1360,2020,49,2.3217063469372525,1.2995067605663075
462,1575648000,818,969,151,1787,49,-0.2980488781639632,0.9997407572449515
462,1575662400,1475,763,0,2238,49,-0.625247421580244,1.5799745233304945
462,1575676800,407,161,0,568,49,-0.625247421580244,-0.5685629253676363
462,1575691200,73,67,0,140,49,-0.625247421580244,-1.1192060559321872
462,1575705600,25,172,147,197,49,-0.3067163892478382,-1.0458727418149456
462,1575720000,207,1201,994,1408,49,1.528629082762691,0.5121385458338188
462,1575734400,616,1480,864,2096,49,1.2469349725367538,1.3972845127226294
462,1575748800,923,822,0,1745,49,-0.625247421580244,0.9457056836848787
462,1575763200,314,284,0,598,49,-0.625247421580244,-0.5299664442532986
462,1575777600,76,62,0,138,49,-0.625247421580244,-1.121779154673143
462,1575792000,15,114,99,129,49,-0.41072652225433803,-1.1333580990074443
462,1575806400,126,970,844,1096,49,1.2035974171173789,0.1107351422447069
462,1575820800,465,1052,587,1517,49,0.6467098299784108,0.6523724272159124
462,1575835200,655,567,0,1222,49,-0.625247421580244,0.27284036292492514
462,1575849600,238,169,0,407,49,-0.625247421580244,-0.7756973740145818
462,1575864000,17,15,0,32,49,-0.625247421580244,-1.258153387943803
462,1575878400,78,288,210,366,49,-0.17020308967680708,-0.8284458982041767
462,1575892800,248,1536,1288,1784,49,2.165691147427503,0.9958811091335178
462,1575907200,489,549,60,1038,49,-0.4952347553221192,0.03611527875698738
462,1575921600,1447,554,0,2001,49,-0.625247421580244,1.275062322527227
462,1575936000,375,85,0,460,50,-0.6041430095158629,-0.697228483593287
462,1575950400,22,28,6,50,50,-0.5902229182295871,-1.2390034254946634
462,1575964800,62,311,249,373,50,-0.02645922113542094,-0.8121904834601644
462,1575979200,281,1753,1472,2034,50,2.8109193860504442,1.3826587323890702
462,1575993600,558,530,0,1088,50,-0.6041430095158629,0.13261215912394322
462,1576008000,1538,630,0,2168,50,-0.6041430095158629,1.5597266402300078
462,1576022400,459,119,0,578,50,-0.6041430095158629,-0.5413030125094762
462,1576036800,26,32,6,58,50,-0.5902229182295871,-1.2284322071161
462,1576051200,63,327,264,390,50,0.00834100708026833,-0.7897266444057172
462,1576065600,290,1642,1352,1932,50,2.53251756032493,1.2478756980623864
462,1576080000,523,647,124,1170,50,-0.3164611229328315,0.24096714750421852
462,1576094400,1612,622,0,2234,50,-0.6041430095158629,1.6469391918531564
462,1576108800,459,128,0,587,50,-0.6041430095158629,-0.5294103918335924
462,1576123200,34,26,0,60,50,-0.6041430095158629,-1.225789402521459
462,1576137600,62,325,263,387,50,0.006020991865889045,-0.7936908512976784
462,1576152000,302,1726,1424,2028,50,2.6995586557602387,1.3747303186051476
462,1576166400,556,618,62,1174,50,-0.46030206622434716,0.24625275669350022
462,1576180800,1427,687,0,2114,50,-0.6041430095158629,1.4883709161747047
462,1576195200,430,164,0,594,50,-0.6041430095158629,-0.5201605757523493
462,1576209600,58,61,3,119,50,-0.597182963872725,-1.1478266669795538
462,1576224000,53,276,223,329,50,-0.08677961670928235,-0.8703321845422634
462,1576238400,291,1579,1288,1870,50,2.384036586604656,1.1659487556285197
462,1576252800,618,735,117,1353,50,-0.3327012294334865,0.48278376791385724
462,1576267200,1357,770,0,2127,50,-0.6041430095158629,1.5055491460398702
462,1576281600,362,153,0,515,50,-0.6041430095158629,-0.6245513572406634
462,1576296000,92,70,0,162,50,-0.6041430095158629,-1.0910063681947753
462,1576310400,20,78,58,98,50,-0.4695821270818643,-1.1755761152232826
462,1576324800,175,867,692,1042,50,1.0013075188346021,0.07182765344720343
462,1576339200,611,1217,606,1828,50,0.8017862103979837,1.1104498591410616
462,1576353600,825,945,120,1770,50,-0.32574118379034867,1.0338085258964766
462,1576368000,405,341,0,746,50,-0.6041430095158629,-0.31930742655964395
462,1576382400,88,82,0,170,50,-0.6041430095158629,-1.0804351498162117
462,1576396800,19,64,45,83,50,-0.499742324868795,-1.1953971496830893
462,1576411200,163,715,552,878,50,0.6765053888215024,-0.14488232331334713
462,1576425600,535,1055,520,1590,50,0.6022649019613652,0.7959561123787993
462,1576440000,668,700,32,1368,50,-0.5299025226557257,0.5026048023736637
462,1576454400,231,198,0,429,50,-0.6041430095158629,-0.7381919548102204
462,1576468800,25,23,0,48,50,-0.6041430095158629,-1.2416462300893043
462,1576483200,58,336,278,394,50,0.04082122008157831,-0.7844410352164354
462,1576497600,276,1351,1075,1627,50,1.8898733459418682,0.8448479973796551
462,1576512000,516,622,106,1138,50,-0.35822139679165865,0.19868227398996474
462,1576526400,1642,676,0,2318,50,-0.6041430095158629,1.7579369848280724
462,1576540800,399,112,0,511,51,-0.6063234576439166,-0.5869144895279064
462,1576555200,22,25,3,47,51,-0.5984983264687519,-1.2399054447642526
462,1576569600,65,314,249,379,51,0.043162429894757944,-0.7726791578279014
462,1576584000,253,1466,1213,1719,51,2.5576379141810324,1.1131136870356846
462,1576598400,483,588,105,1071,51,-0.3324438665131503,0.20117804265389075
462,1576612800,1447,512,0,1959,51,-0.6063234576439166,1.450867629399312
462,1576627200,392,122,0,514,51,-0.6063234576439166,-0.582692565248361
462,1576641600,27,33,6,60,51,-0.5906731952935871,-1.2216104395528893
462,1576656000,48,340,292,388,51,0.15532264340545274,-0.7600133849892654
462,1576670400,267,1728,1461,1995,51,3.204515424661319,1.501530720753856
462,1576684800,536,596,60,1132,51,-0.4498208341406216,0.28702383633797934
462,1576699200,1467,708,0,2175,51,-0.6063234576439166,1.7548461775265765
462,1576713600,388,100,0,488,51,-0.6063234576439166,-0.6192825756710874
462,1576728000,28,30,2,58,51,-0.6011067035271401,-1.2244250557392529
462,1576742400,58,295,237,353,51,0.011861905194098925,-0.8092691682506277
462,1576756800,311,1511,1200,1822,51,2.523729012421985,1.258066420633408
462,1576771200,629,586,0,1215,51,-0.6063234576439166,0.4038304080720671
462,1576785600,1382,646,0,2028,51,-0.6063234576439166,1.5479718878288546
462,1576800000,348,131,0,479,51,-0.6063234576439166,-0.6319483485097234
462,1576814400,72,35,0,107,51,-0.6063234576439166,-1.1554669591733457
462,1576828800,43,290,247,333,51,0.037945675777981434,-0.8374153301142633
462,1576843200,330,1421,1091,1751,51,2.2394159130576656,1.1581475460175015
462,1576857600,826,804,0,1630,51,-0.6063234576439166,0.987863266742506
462,1576872000,1380,767,0,2147,51,-0.6063234576439166,1.7154415509174865
462,1576886400,383,126,0,509,51,-0.6063234576439166,-0.58972910571427
462,1576900800,73,53,0,126,51,-0.6063234576439166,-1.128728105402892
462,1576915200,21,74,53,95,51,-0.4680794735493393,-1.172354656291527
462,1576929600,187,706,519,893,51,0.7474242356595858,-0.049322797932466196
462,1576944000,562,1143,581,1705,51,0.9091436132796574,1.0934113737311395
462,1576958400,745,819,74,1564,51,-0.413303555323186,0.8949809325925085
462,1576972800,314,264,0,578,51,-0.6063234576439166,-0.49262484728472705
462,1576987200,56,44,0,100,51,-0.6063234576439166,-1.165318115825618
462,1577001600,21,54,33,75,51,-0.5202470147171043,-1.2005008181551626
462,1577016000,159,692,533,851,51,0.7839415144770213,-0.10842973784610098
462,1577030400,515,990,475,1505,51,0.6326556450905028,0.8119497550947835
462,1577044800,726,699,0,1425,51,-0.6063234576439166,0.6993651076402411
462,1577059200,247,216,0,463,51,-0.6063234576439166,-0.6544652780006318
462,1577073600,32,24,0,56,51,-0.6063234576439166,-1.2272396719256164
462,1577088000,28,255,227,283,51,-0.01422186538978359,-0.9077807347733523
462,1577102400,188,1006,818,1194,51,1.527328976117673,0.37427693811524976
462,1577116800,593,877,284,1470,51,0.13445562693834673,0.7626939718334211
462,1577131200,1074,651,0,1725,51,-0.6063234576439166,1.1215575355947751
462,1577145600,296,121,0,417,52,-0.7526795066579778,-0.3439296058643631
462,1577160000,21,33,12,54,52,-0.6855359289007987,-1.0689380084704245
462,1577174400,24,183,159,207,52,0.13697289862464532,-0.7633559544794399
462,1577179854,39,273,234,312,52,0.5566202596070147,-0.5536427801719015
462,1577188800,125,408,283,533,52,0.8307898687821627,-0.11224647996270161
462,1577203200,651,627,0,1278,52,-0.7526795066579778,1.375718423457452
462,1577217600,684,361,0,1045,52,-0.7526795066579778,0.9103549033273904
462,1577232000,167,98,0,265,52,-0.7526795066579778,-0.6475143915286092
462,1577246400,15,27,12,42,52,-0.6855359289007987,-1.092905228391286
462,1577260800,16,33,17,49,52,-0.6575594381686407,-1.0789243501041168
462,1577275200,74,257,183,331,52,0.2712600541390035,-0.5156946819638707
462,1577289600,243,473,230,716,52,0.5342390670212883,0.25325362383043676
462,1577304000,277,372,95,649,52,-0.22112618274697657,0.11943664593895988
462,1577318400,125,102,0,227,52,-0.7526795066579778,-0.7234105879446707
462,1577332800,15,13,0,28,52,-0.7526795066579778,-1.1208669849656245
462,1577347200,23,180,157,203,52,0.12578230233178214,-0.7713450277863938
462,1577361600,135,764,629,899,52,2.7667630274474937,0.6187537276235752
462,1577376000,500,797,297,1297,52,0.909124042832205,1.4136665216654827
462,1577390400,905,560,0,1465,52,-0.7526795066579778,1.749207600557544
462,1577404800,241,150,0,391,52,-0.7526795066579778,-0.39585858235956306
462,1577419200,32,32,0,64,52,-0.7526795066579778,-1.0489653252030398
462,1577433600,22,216,194,238,52,0.33280833374975105,-0.7014406363505477
462,1577448000,194,822,628,1016,52,2.761167729301062,0.8524341218519751
462,1577462400,593,826,233,1419,52,0.5510249614605831,1.657333257527575
462,1577476800,1007,578,0,1585,52,-0.7526795066579778,1.9888797997661594
