remote_unit_id,time_stamp,entries,exits,num_people_exited,sum_exit_entry,week_num,z_score_num_people_exited,z_score_sum_exit_entry
461,1546300800,0,0,0,0,1,-0.7024857321786261,-1.090909064841084
461,1546315200,147,84,0,231,1,-0.7024857321786261,-0.8377162513860721
461,1546329600,34,62,28,96,1,-0.6545110968103297,-0.9856860774312088
461,1546344000,65,381,316,446,1,-0.1610577044507094,-0.6020606024993729
461,1546358400,235,709,474,944,1,0.10965630941324896,-0.05621635531064619
461,1546372800,450,518,68,968,1,-0.5859759034270491,-0.02991060845817744
461,1546387200,157,81,0,238,1,-0.7024857321786261,-0.8300437418874353
461,1546401600,14,14,0,28,1,-0.7024857321786261,-1.060219026846537
461,1546416000,34,462,428,496,1,0.03084083702247627,-0.5472569632233962
461,1546430400,195,2065,1870,2260,1,2.501534558489742,1.3862154304330574
461,1546444800,508,1458,950,1966,1,0.925225110674288,1.0639700314903149
461,1546459200,1312,1416,104,2728,1,-0.5242942293820966,1.899177494056198
461,1546473600,396,191,0,587,1,-0.7024857321786261,-0.4475143397411189
461,1546488000,54,27,0,81,1,-0.7024857321786261,-1.002127169214002
461,1546502400,49,518,469,567,1,0.10108941024033888,-0.46943579545150954
461,1546516800,226,2361,2135,2587,1,2.955580214653976,1.7446312312979442
461,1546531200,544,1429,885,1973,1,0.8138554214264571,1.0716425409889516
461,1546545600,1326,1406,80,2732,1,-0.565415345412065,1.903561785198276
461,1546560000,451,189,0,640,1,-0.7024857321786261,-0.38942248210858377
461,1546574400,276,157,0,433,1,-0.7024857321786261,-0.6163095487111268
461,1546588800,36,504,468,540,1,0.09937603040575686,-0.4990297606605369
461,1546601628,199,2205,2006,2404,1,2.7345542159928957,1.5440499115478699
461,1546601712,193,721,528,914,1,0.20217882048067776,-0.08909853887623213
461,1546603200,41,209,168,250,1,-0.41463791996884763,-0.816890868461201
461,1546606075,79,266,187,345,1,-0.38208370311178935,-0.7127639538368455
461,1546617600,531,1326,795,1857,1,0.6596512363140757,0.944498097868686
461,1546632000,1285,1707,422,2992,1,0.02056055801498418,2.1885407094333544
461,1546646400,464,285,0,749,1,-0.7024857321786261,-0.2699505484869548
461,1546660800,76,41,0,117,1,-0.7024857321786261,-0.9626685489352986
461,1546675200,18,112,94,130,1,-0.5414280277279168,-0.9484196027235448
461,1546689600,86,658,572,744,1,0.27756753320228644,-0.2754309124145525
461,1546704000,297,876,579,1173,1,0.28956119204436054,0.1947843125733265
461,1546718400,453,754,301,1207,1,-0.18675840196943963,0.23205078728099057
461,1546732800,288,229,0,517,1,-0.7024857321786261,-0.5242394347274861
461,1546747200,95,52,0,147,1,-0.7024857321786261,-0.9297863653697127
461,1546761600,16,75,59,91,1,-0.6013963219382873,-0.9911664413588065
461,1546776000,67,510,443,577,1,0.056541534541206494,-0.45847506759631423
461,1546790400,272,817,545,1089,1,0.231306277668572,0.10271419858968586
461,1546804800,488,477,0,965,1,-0.7024857321786261,-0.03319882681473603
461,1546819200,209,112,0,321,1,-0.7024857321786261,-0.7390697006893143
461,1546833600,23,35,12,58,1,-0.681925174163642,-1.027336843280951
461,1546848000,51,492,441,543,1,0.05311477487204246,-0.49574154230397827
461,1546862400,230,2494,2264,2724,1,3.176606213315056,1.89479320291412
461,1546876800,515,1159,644,1674,1,0.4009308812921915,0.7439167781186118
461,1546891200,1272,1387,115,2659,1,-0.5054470512016944,1.8235484718553503
461,1546905600,404,181,0,585,2,-0.7373851405247189,-0.6561158052831286
461,1546920000,37,24,0,61,2,-0.7373851405247189,-1.165977626640817
461,1546934400,58,524,466,582,2,-0.08585238939159635,-0.6590348615122756
461,1546948800,226,2493,2267,2719,2,2.432195861232339,1.4203061923834879
461,1546963200,494,1250,756,1744,2,0.31960790637794345,0.4716129179106899
461,1546977600,1297,1293,0,2590,2,-0.7373851405247189,1.294786774530164
461,1546992000,455,171,0,626,2,-0.7373851405247189,-0.6162220368181186
461,1547006400,39,20,0,59,2,-0.7373851405247189,-1.167923664126915
461,1547020800,44,536,492,580,2,-0.04950077666743071,-0.6609808989983738
461,1547035200,266,2555,2289,2821,2,2.4629549181527866,1.5195541041744884
461,1547049600,563,1371,808,1934,2,0.39231113182627475,0.6564864790900043
461,1547064000,1289,1553,264,2842,2,-0.3682764574793448,1.539987497778518
461,1547078400,464,198,0,662,2,-0.7373851405247189,-0.5811933620683538
461,1547092800,38,26,0,64,2,-0.7373851405247189,-1.16305857041167
461,1547107200,44,500,456,544,2,-0.09983377890089082,-0.6960095737481385
461,1547121600,284,2676,2392,2960,2,2.6069632300985197,1.6548037094583026
461,1547136000,617,1402,785,2019,2,0.3601539359548974,0.7391930722491714
461,1547150400,1380,1564,184,2944,2,-0.48012757355370056,1.6392354095695183
461,1547164800,510,201,0,711,2,-0.7373851405247189,-0.5335154436589516
461,1547179200,45,30,0,75,2,-0.7373851405247189,-1.1523553642381308
461,1547193600,48,515,467,563,2,-0.0844542504406669,-0.6775222176302071
461,1547208000,274,2546,2272,2820,2,2.439186555986986,1.5185810854314394
461,1547222400,539,1459,920,1998,2,0.5489026943303729,0.7187596786451419
461,1547236800,1278,1652,374,2930,2,-0.21448117287710552,1.625613147166832
461,1547251200,450,290,0,740,2,-0.7373851405247189,-0.50529790011053
461,1547265600,96,39,0,135,2,-0.7373851405247189,-1.0939742396551893
461,1547280000,21,138,117,159,2,-0.5738028832659736,-1.0706217898220127
461,1547294400,101,893,792,994,2,0.36994090861140355,-0.2581511393760779
461,1547308800,429,1360,931,1789,2,0.5642822227905968,0.515398761347896
461,1547323200,691,977,286,1668,2,-0.3375174005588969,0.39766349343896407
461,1547337600,359,217,0,576,2,-0.7373851405247189,-0.6648729739705699
461,1547352000,89,40,0,129,2,-0.7373851405247189,-1.0998123521134835
461,1547366400,22,79,57,101,2,-0.6576912203217404,-1.127056876918856
461,1547380800,86,686,600,772,2,0.10149823003294962,-0.47416130033296117
461,1547395200,371,984,613,1355,2,0.11967403639503245,0.09310862686461963
461,1547409600,533,576,43,1109,2,-0.6772651656347527,-0.1462539839254402
461,1547424000,211,112,0,323,2,-0.7373851405247189,-0.9110467159619728
461,1547438400,21,31,10,52,2,-0.7234037510154244,-1.1747347953282583
461,1547452800,51,518,467,569,2,-0.0844542504406669,-0.671684105171913
461,1547467200,254,2478,2224,2732,2,2.3720758863423725,1.4329554360431254
461,1547481600,428,1198,770,1626,2,0.3391818516909557,0.35679670623090504
461,1547496000,1290,1339,49,2629,2,-0.668876331929176,1.3327345055090758
461,1547510400,390,177,0,567,3,-0.7323677534268054,-0.5467980653483199
461,1547524800,29,21,0,50,3,-0.7323677534268054,-1.0970065136406002
461,1547539200,48,479,431,527,3,-0.030532285440250367,-0.5893673843651307
461,1547541590,39,375,336,414,3,-0.18522919833751889,-0.7096257105876214
461,1547553600,240,2141,1901,2381,3,2.3631988930753782,1.3837205520640523
461,1547568000,532,1309,777,1841,3,0.5328901552171698,0.8090347453371058
461,1547582400,1371,1509,138,2880,3,-0.5076501325865628,1.9147728067987677
461,1547596800,420,199,0,619,3,-0.7323677534268054,-0.49145795062646574
461,1547611200,34,24,0,58,3,-0.7323677534268054,-1.088492649837238
461,1547625600,52,501,449,553,3,-0.0012212914176100147,-0.5616973270042036
461,1547627148,26,234,208,260,3,-0.39366293360962806,-0.8735175888023431
461,1547640000,234,2366,2132,2600,3,2.7393566496992627,1.616787573681092
461,1547654400,491,1333,842,1824,3,0.6387354114100376,0.7909427847549613
461,1547668800,1292,1474,182,2766,3,-0.4360010360867752,1.793450247600857
461,1547683200,469,198,0,667,3,-0.7323677534268054,-0.4403747678062927
461,1547697600,27,27,0,54,3,-0.7323677534268054,-1.092749581738919
461,1547712000,43,491,448,534,3,-0.0028496799744233674,-0.5819177535371888
461,1547726400,242,2629,2387,2871,3,3.1545957316866677,1.9051947100199853
461,1547740800,564,1356,792,1920,3,0.55731598356937,0.8931091503953074
461,1547755200,1299,1417,118,2716,3,-0.5402179037228299,1.7402385988298432
461,1547769600,507,208,0,715,3,-0.7323677534268054,-0.38929158498611965
461,1547784000,39,29,0,68,3,-0.7323677534268054,-1.0778503200830352
461,1547798400,42,423,381,465,3,-0.111951713280918,-0.6553498288411875
461,1547812800,243,2413,2170,2656,3,2.80123541485817,1.676384620304627
461,1547827200,586,1417,831,2003,3,0.6208231372850908,0.9814404873551899
461,1547841600,1174,1654,480,2828,3,0.049258753843603925,1.8594326920769138
461,1547856000,472,290,0,762,3,-0.7323677534268054,-0.3392726351413669
461,1547870400,66,36,0,102,3,-0.7323677534268054,-1.041666398918746
461,1547884800,17,131,114,148,3,-0.5467314579500832,-0.9927116820494135
461,1547899200,125,908,783,1033,3,0.5426604865580499,-0.05086549880247338
461,1547913600,372,1254,882,1626,3,0.7038709536825718,0.5802246556217475
461,1547928000,639,801,162,1440,3,-0.4685688072230423,0.3822773221935771
461,1547942400,291,205,0,496,3,-0.7323677534268054,-0.6223586066031591
461,1547956800,79,28,0,107,3,-0.7323677534268054,-1.0363452340416446
461,1547971200,17,73,56,90,3,-0.6411779942452577,-1.0544371946237892
461,1547985600,62,569,507,631,3,0.09322524487756445,-0.47868715492142244
461,1548000000,295,926,631,1221,3,0.2951454259224202,0.14921030057653764
461,1548014400,485,566,81,1051,3,-0.6004682803249238,-0.031709305244908496
461,1548028800,184,91,0,275,3,-0.7323677534268054,-0.8575540941710391
461,1548043200,22,22,0,44,3,-0.7323677534268054,-1.1033919114931217
461,1548057600,26,208,182,234,3,-0.4360010360867752,-0.9011876461632702
461,1548072000,108,953,845,1061,3,0.6436205770804777,-0.021066975490705783
461,1548086400,347,865,518,1212,3,0.11113751900251133,0.1396322037977552
461,1548100800,580,605,25,1185,3,-0.6916580395064716,0.11089791346140787
461,1548115200,200,113,0,313,4,-0.6975311797501587,-0.8633361517174046
461,1548129600,19,22,3,41,4,-0.6933447965621754,-1.1253646372970973
461,1548144000,45,486,441,531,4,-0.0821328511166234,-0.6533280272454451
461,1548158400,277,2539,2262,2816,4,2.459001743989199,1.547903919628076
461,1548172800,501,1239,738,1740,4,0.33231908449371667,0.5113500575554681
461,1548187200,1287,1288,1,2575,4,-0.6961357186874976,1.315738974684304
461,1548201600,413,149,0,562,4,-0.6975311797501587,-0.6234644866095242
461,1548216000,30,20,0,50,4,-0.6975311797501587,-1.1166945771124752
461,1548230400,54,488,434,542,4,-0.09190107855525094,-0.6427312870197958
461,1548244800,235,2590,2355,2825,4,2.5887796228166793,1.556573979812698
461,1548259200,563,1327,764,1890,4,0.3686010721229047,0.6558510606325045
461,1548273600,1347,1558,211,2905,4,-0.4030888955286713,1.6336411814537841
461,1548288000,508,222,0,730,4,-0.6975311797501587,-0.46162336316324354
461,1548302400,43,24,0,67,4,-0.6975311797501587,-1.1003177967637443
461,1548316800,48,477,429,525,4,-0.09887838386855632,-0.6591080673685266
461,1548331200,274,2570,2296,2844,4,2.5064474201196756,1.5748774402024561
461,1548345600,451,1161,710,1612,4,0.2932461747392065,0.38804253492973045
461,1548360000,1225,1474,249,2699,4,-0.3500613751475503,1.4351931372279876
461,1548374400,523,215,0,738,4,-0.6975311797501587,-0.4539166429991349
461,1548388800,57,31,0,88,4,-0.6975311797501587,-1.0800876563329593
461,1548403200,41,565,524,606,4,0.033690417084246055,-0.581077525706927
461,1548417600,278,2630,2352,2908,4,2.584593239628696,1.6365312015153248
461,1548432000,622,1494,872,2116,4,0.5193108668903011,0.8735659052685727
461,1548446400,1302,1608,306,2910,4,-0.2705200945758689,1.638457881556352
461,1548460800,449,292,0,741,4,-0.6975311797501587,-0.45102662293759416
461,1548475200,75,34,0,109,4,-0.6975311797501587,-1.0598575159021741
461,1548489600,17,100,83,117,4,-0.5817079115492892,-1.0521507957380656
461,1548504000,90,659,569,749,4,0.09648616490399455,-0.4433199027734856
461,1548518400,376,1026,650,1402,4,0.20951851097954186,0.18574113062187952
461,1548532800,599,762,163,1361,4,-0.47007102653640304,0.1462441897808229
461,1548547200,319,241,0,560,4,-0.6975311797501587,-0.6253911666505514
461,1548561600,71,41,0,112,4,-0.6975311797501587,-1.0569674958406334
461,1548576000,15,74,59,89,4,-0.6151989770531551,-1.0791243163124458
461,1548590400,68,517,449,585,4,-0.07096916261533477,-0.601307666137712
461,1548604800,330,744,414,1074,4,-0.11981029980847249,-0.1302343961065734
461,1548619200,487,479,0,966,4,-0.6975311797501587,-0.2342751183220396
461,1548633600,191,101,0,292,4,-0.6975311797501587,-0.8835662921481898
461,1548648000,24,20,0,44,4,-0.6975311797501587,-1.1224746172355566
461,1548662400,50,516,466,566,4,-0.047246324550096454,-0.61961112652747
461,1548676800,244,2509,2265,2753,4,2.4631881271771823,1.4872134983357206
461,1548691200,495,1296,801,1791,4,0.4202331314413646,0.5604803986016605
461,1548705600,1357,1485,128,2842,4,-0.5189121637295407,1.5729507601614288
461,1548720000,434,215,0,649,5,-0.689305581540969,-0.5958642687179565
461,1548734400,26,31,5,57,5,-0.6823735126868922,-1.1837836805196735
461,1548748800,56,504,448,560,5,-0.06819221221568594,-0.6842508019111201
461,1548763200,296,2637,2341,2933,5,2.556289055937798,1.6723923808683978
461,1548777600,593,1331,738,1924,5,0.3338677813207696,0.670347302307701
461,1548792000,1348,1425,77,2773,5,-0.582551721188186,1.5134952425436095
461,1548806400,471,175,0,646,5,-0.689305581540969,-0.5988435900615463
461,1548820800,29,20,0,49,5,-0.689305581540969,-1.191728537435913
461,1548835200,79,589,510,668,5,0.01776544157486662,-0.5769952335418879
461,1548849600,365,2762,2397,3127,5,2.6339282271034588,1.865055161087204
461,1548862099,482,1116,634,1598,5,0.18968074915597175,0.3465943829709447
461,1548864000,371,435,64,806,5,-0.6005751002087857,-0.4399464517367579
461,1548878400,1370,1286,0,2656,5,-0.689305581540969,1.397301710143608
461,1548892800,453,160,0,613,5,-0.689305581540969,-0.6316161248410339
461,1548907200,274,45,0,319,5,-0.689305581540969,-0.9235896165128326
461,1548921600,43,408,365,451,5,-0.18326455519336116,-0.7924994773948821
461,1548936000,260,2523,2263,2783,5,2.4481487818142,1.5234263136889088
461,1548950400,466,1192,726,1658,5,0.31723081607098524,0.40618080984274035
461,1548964800,1169,1282,113,2451,5,-0.5326408254388328,1.1937147516649729
461,1548979200,441,195,0,636,5,-0.689305581540969,-0.6087746612068455
461,1548993600,204,99,0,303,5,-0.689305581540969,-0.9394793303453114
461,1549008000,46,463,417,509,5,-0.11117103911096222,-0.7348992647521464
461,1549022400,301,2636,2335,2937,5,2.547970573312906,1.6763648093265175
461,1549036800,622,1435,813,2057,5,0.4378488141319219,0.8024305485401815
461,1549051200,1199,1459,260,2658,5,-0.3288380011289744,1.399287924372668
461,1549065600,447,277,0,724,5,-0.689305581540969,-0.5213812351282119
461,1549080000,99,49,0,148,5,-0.689305581540969,-1.0934109330974502
461,1549094400,26,102,76,128,5,-0.5839381349590014,-1.1132730753880486
461,1549108800,148,783,635,931,5,0.19106716292678713,-0.31580806242051696
461,1549123200,489,1269,780,1758,5,0.3920971596950149,0.505491521295733
461,1549137600,698,920,222,1618,5,-0.3815217244199582,0.36645652526154326
461,1549152000,334,231,0,565,5,-0.689305581540969,-0.6792852663384704
461,1549166400,107,43,0,150,5,-0.689305581540969,-1.0914247188683903
461,1549180800,21,64,43,85,5,-0.6296897893959084,-1.1559766813128356
461,1549195200,112,700,588,812,5,0.125905715698465,-0.43398780904957834
461,1549209600,394,982,588,1376,5,0.125905715698465,0.1261246035453008
461,1549224000,505,617,112,1122,5,-0.5340272392096482,-0.1261246035453008
461,1549238400,218,106,0,324,5,-0.689305581540969,-0.9186240809401829
461,1549252800,22,23,1,45,5,-0.6879191677701536,-1.1957009658940327
461,1549267200,51,523,472,574,5,-0.03491828171611721,-0.670347302307701
461,1549281600,255,2614,2359,2869,5,2.5812445038124747,1.6088335255384825
461,1549296000,561,1334,773,1895,5,0.38239226329930737,0.6415471959863331
461,1549310400,1269,1493,224,2762,5,-0.37874889687832747,1.5025710642837804
461,1549324800,439,184,0,623,6,-0.7562120851607482,-0.6669286232867442
461,1549339200,42,27,0,69,6,-0.7562120851607482,-1.1722723515216005
461,1549353600,81,549,468,630,6,-0.11637287264644976,-0.6605434137242099
461,1549368000,450,2682,2232,3132,6,2.295328774522829,1.6217129184844727
461,1549382400,638,1601,963,2239,6,0.5603801405898275,0.8071426128640277
461,1549396800,1437,1619,182,3056,6,-0.5073857247385211,1.5523877860912434
461,1549411200,501,209,0,710,6,-0.7562120851607482,-0.5875695901523895
461,1549425600,46,28,0,74,6,-0.7562120851607482,-1.1677114875483616
461,1549440000,56,514,458,570,6,-0.13004465069162707,-0.7152737814030752
461,1549454400,295,2658,2363,2953,6,2.474429066914652,1.4584339882425248
461,1549468800,579,1403,824,1982,6,0.37034242576186277,0.5727142046395547
461,1549483200,1372,1460,88,2832,6,-0.6359004383631879,1.3480610800901465
461,1549497600,487,197,0,684,6,-0.7562120851607482,-0.6112860828132312
461,1549512000,39,30,0,69,6,-0.7562120851607482,-1.1722723515216005
461,1549526400,52,527,475,579,6,-0.10680262801482564,-0.7070642262512454
461,1549540800,268,2795,2527,3063,6,2.6986462268555598,1.5587729956537777
461,1549555200,585,1424,839,2009,6,0.39085009282962874,0.597342870095044
461,1549569600,1418,1742,324,3160,6,-0.31324647649700316,1.64725375673461
461,1549584000,565,253,0,818,6,-0.7562120851607482,-0.48905492833043196
461,1549598400,48,35,0,83,6,-0.7562120851607482,-1.1595019323965319
461,1549612800,46,493,447,539,6,-0.14508360654132213,-0.7435511380371556
461,1549627200,267,2340,2073,2607,6,2.0779475036045096,1.1428222012944016
461,1549641600,611,1545,934,2156,6,0.5207319842588133,0.731432270908264
461,1549656000,1352,1804,452,3156,6,-0.13824771751873347,1.643605065556019
461,1549670400,508,327,0,835,6,-0.7562120851607482,-0.47354799082142013
461,1549684800,97,47,0,144,6,-0.7562120851607482,-1.1038593919230189
461,1549699200,26,129,103,155,6,-0.6153927712954219,-1.0938254911818934
461,1549713600,162,927,765,1089,6,0.2896789352953166,-0.24185610098089041
461,1549728000,445,1310,865,1755,6,0.42639671574708976,0.36565098025451437
461,1549742400,762,1027,265,1789,6,-0.3939099669635493,0.39666485527253803
461,1549756800,376,317,0,693,6,-0.7562120851607482,-0.6030765276614013
461,1549771200,123,68,0,191,6,-0.7562120851607482,-1.0609872705745742
461,1549785600,18,75,57,93,6,-0.6782829503032375,-1.1503802044500542
461,1549800000,90,767,677,857,6,0.1693672884977562,-0.45348018933916956
461,1549814400,389,1198,809,1587,6,0.3498347586940968,0.21240595075369154
461,1549828800,594,679,85,1273,6,-0.640001971776741,-0.0740163067657035
461,1549843200,211,102,0,313,6,-0.7562120851607482,-0.9497021896275482
461,1549857600,26,23,0,49,6,-0.7562120851607482,-1.1905158074145554
461,1549872000,48,539,491,587,6,-0.08492778314254193,-0.6997668438940634
461,1549886400,248,2747,2499,2995,6,2.6603652483290636,1.4967452456177304
461,1549900800,522,1316,794,1838,6,0.32932709162633084,0.441361322210278
461,1549915200,1333,1505,172,2838,6,-0.5210575027836983,1.3535341168580328
461,1549929600,517,188,0,705,7,-0.7609472499957863,-0.5230904064083866
461,1549944000,33,29,0,62,7,-0.7609472499957863,-1.2007965423338578
461,1549958400,54,522,468,576,7,-0.039302459283477,-0.6590532237246942
461,1549972800,230,2570,2340,2800,7,2.84727670356576,1.6849879058215704
461,1549987200,432,1026,594,1458,7,0.1549865228313755,0.27055301560075784
461,1550001600,1173,1207,34,2380,7,-0.7085200643457468,1.2423182680475455
461,1550016000,399,173,0,572,7,-0.7609472499957863,-0.6632691250368278
461,1550030400,35,31,0,66,7,-0.7609472499957863,-1.1965806410217243
461,1550044800,49,515,466,564,7,-0.04238641138053815,-0.6717009276610949
461,1550059200,287,2623,2336,2910,7,2.8411087993716375,1.8009251919052436
461,1550073600,498,1342,844,1840,7,0.5404805349640194,0.6731715909095137
461,1550088000,1242,1581,339,2823,7,-0.23821736954392123,1.7092293383663384
461,1550102400,491,194,0,685,7,-0.7609472499957863,-0.5441699129690544
461,1550116800,36,40,4,76,7,-0.754779345801664,-1.1860408877413904
461,1550131200,43,519,476,562,7,-0.026966650895232393,-0.6738088783171616
461,1550145600,270,2632,2362,2902,7,2.8812001766334325,1.7924933892809765
461,1550160000,515,1356,841,1871,7,0.5358546068184277,0.7058448260785489
461,1550174400,1192,1722,530,2914,7,0.05630005572541868,1.805141093217377
461,1550188800,427,226,0,653,7,-0.7609472499957863,-0.577897123466123
461,1550203200,54,32,0,86,7,-0.7609472499957863,-1.1755011344610564
461,1550217600,42,440,398,482,7,-0.14724078268061727,-0.7581269045598331
461,1550222505,90,314,224,404,7,-0.4155446151249374,-0.8403369801464377
461,1550232000,216,2313,2097,2529,7,2.47257652377283,1.3993605919245211
461,1550246400,526,1386,860,1912,7,0.5651521517405086,0.749057814527918
461,1550260800,1156,1646,490,2802,7,-0.005378986215804337,1.6870958564776373
461,1550275200,421,348,0,769,7,-0.7609472499957863,-0.4556359854142495
461,1550289600,151,52,0,203,7,-0.7609472499957863,-1.0521860210811496
461,1550304000,66,139,73,205,7,-0.6483829984530542,-1.0500780704250827
461,1550318400,230,978,748,1208,7,0.3924508343050841,0.00705918359240977
461,1550332800,548,1417,869,1965,7,0.5790299361772837,0.8049185069136878
461,1550347200,805,1144,339,1949,7,-0.23821736954392123,0.7880549016651535
461,1550361600,460,295,0,755,7,-0.7609472499957863,-0.47039164000671696
461,1550376000,191,59,0,250,7,-0.7609472499957863,-1.00264918066358
461,1550390400,53,75,22,128,7,-0.7270237769281136,-1.131234170683654
461,1550404800,179,699,520,878,7,0.04088029524011293,-0.3407526746586097
461,1550419200,494,1190,696,1684,7,0.3122680797814942,0.5087514397363045
461,1550433600,614,815,201,1429,7,-0.45101006424114065,0.23998773108778948
461,1550448000,365,154,0,519,7,-0.7609472499957863,-0.7191298174225975
461,1550462400,81,22,0,103,7,-0.7609472499957863,-1.1575835538844887
461,1550476800,53,216,163,269,7,-0.5096051540853025,-0.9826236494309456
461,1550491200,244,1128,884,1372,7,0.6021595769052424,0.17991113738988612
461,1550505600,487,1196,709,1683,7,0.3323137684123917,0.5076974644082711
461,1550520000,680,973,293,1653,7,-0.3091482677763277,0.47607820456726935
461,1550534400,459,157,0,616,8,-0.8235098000278547,-0.7186989631630415
461,1550548800,58,30,0,88,8,-0.8235098000278547,-1.2429235220303678
461,1550563200,40,420,380,460,8,-0.296167476179095,-0.873583491919297
461,1550577600,235,2430,2195,2665,8,2.222585991677481,1.3156497510777763
461,1550592000,471,1215,744,1686,8,0.20897096034971688,0.3436500481779419
461,1550606400,1170,1398,228,2568,8,-0.5071044057185989,1.2193433453767712
461,1550620800,382,205,0,587,8,-0.8235098000278547,-0.747491599919012
461,1550635200,30,24,0,54,8,-0.8235098000278547,-1.276680406502885
461,1550649600,41,517,476,558,8,-0.16294415225940836,-0.7762842366749826
461,1550664000,253,2330,2077,2583,8,2.058832322692866,1.2342360885264112
461,1550678400,435,1097,662,1532,8,0.09517603783498453,0.19075121850830506
461,1550692800,1032,1059,27,2091,8,-0.7860407401754428,0.7457541132182207
461,1550707200,369,163,0,532,8,-0.8235098000278547,-0.8020983248010252
461,1550721600,41,24,0,65,8,-0.8235098000278547,-1.2657590615264824
461,1550736000,41,465,424,506,8,-0.23510678604923863,-0.8279124129270677
461,1550750400,240,2367,2127,2607,8,2.128219470567703,1.2580644775658352
461,1550764800,518,1371,853,1889,8,0.36023494271686113,0.545198505469736
461,1550779200,1157,1556,399,2713,8,-0.269800359986657,1.3633065291566242
461,1550793600,432,245,0,677,8,-0.8235098000278547,-0.6581351410211723
461,1550808000,53,33,0,86,8,-0.8235098000278547,-1.2449092211169865
461,1550822400,40,438,398,478,8,-0.2711881029441538,-0.855712200139729
461,1550836800,233,2135,1902,2368,8,1.8159773051309374,1.020773436714905
461,1550851200,520,1405,885,1925,8,0.40464271735675666,0.5809410890288719
461,1550865600,1179,1644,465,2823,8,-0.17820932479187246,1.4725199789206505
461,1551484800,7267,8467,1200,15734,9,1.886582344068066,4.036313062983342
461,1551499200,98,65,0,163,9,-0.8647631850569241,-0.4618211572886444
461,1551513600,27,116,89,143,9,-0.6607050583134872,-0.4675987364040153
461,1551528000,129,857,728,986,9,0.80438643594557,-0.22407377669113338
461,1551542400,532,1422,890,1954,9,1.1758180823774436,0.055561052492816454
461,1551556800,900,1088,188,1988,9,-0.4337190521606756,0.06538293698894693
461,1551571200,394,298,0,692,9,-0.8647631850569241,-0.3090041896870851
461,1551585600,119,61,0,180,9,-0.8647631850569241,-0.4569102150405792
461,1551600000,17,72,55,89,9,-0.738659848305362,-0.4831982000155166
461,1551614400,98,745,647,843,9,0.6186706127296332,-0.2653834673660351
461,1551628800,473,1144,671,1617,9,0.673697523312133,-0.04179115560118261
461,1551643200,750,650,0,1400,9,-0.8647631850569241,-0.10447788900295649
461,1551657600,197,83,0,280,9,-0.8647631850569241,-0.4280223194637249
461,1551672000,34,68,34,102,9,-0.7868083950650493,-0.47944277359052556
461,1551686400,39,338,299,377,9,-0.179219590716614,-0.4000010607541762
461,1551700800,189,1565,1376,1754,9,2.2901130216730645,-0.0022147386608921864
461,1551715200,378,945,567,1323,9,0.4352475774546338,-0.12672156859713432
461,1551729600,1020,1065,45,2085,9,-0.7615877277147369,0.09340419569849562
461,1551744000,310,129,0,439,10,-0.7050226782006026,-0.45045183086422325
461,1551758400,38,37,0,75,10,-0.7050226782006026,-0.6617196851639614
461,1551772800,70,255,185,325,10,-0.23535844017569735,-0.5166181368811742
461,1551787200,377,1250,873,1627,10,1.5112847801547609,0.23907072657558154
461,1551801600,551,633,82,1184,10,-0.496847178103077,-0.01804921698151738
461,1551816000,1201,887,0,2088,10,-0.7050226782006026,0.5066379816090412
461,1551830400,335,191,0,526,10,-0.7050226782006026,-0.3999564920618133
461,1551844800,40,17,0,57,10,-0.7050226782006026,-0.6721669966403221
461,1551859200,43,186,143,229,10,-0.3419849158354056,-0.5723371314217645
461,1551873600,227,1182,955,1409,10,1.7194602802522865,0.1125421764729911
461,1551888000,464,617,153,1081,10,-0.3165976597259512,-0.07783105487402571
461,1551902400,1240,916,0,2156,10,-0.7050226782006026,0.5461056027419592
461,1551916800,389,159,0,548,10,-0.7050226782006026,-0.387187555812928
461,1551931200,39,21,0,60,10,-0.7050226782006026,-0.6704257780609286
461,1551945600,47,186,139,233,10,-0.3521398182791873,-0.5700155066492398
461,1551960000,247,1180,933,1427,10,1.6636083168114868,0.12298948794935177
461,1551974400,484,720,236,1204,10,-0.10588343401748024,-0.006441093118894405
461,1551988800,1333,1121,0,2454,10,-0.7050226782006026,0.7190666482950416
461,1552003200,410,191,0,601,10,-0.7050226782006026,-0.3564260275769771
461,1552017600,47,27,0,74,10,-0.7050226782006026,-0.6623000913570926
461,1552032000,50,182,132,232,10,-0.3699108975558053,-0.570595912842371
461,1552046400,234,1041,807,1275,10,1.3437288898323623,0.03476774659341716
461,1552060800,420,620,200,1040,10,-0.19727755601151584,-0.10162770879240281
461,1552089600,5834,5093,0,10927,10,-0.7050226782006026,5.636848322695265
461,1552104000,99,63,0,162,10,-0.7050226782006026,-0.6112243463615514
461,1552118400,25,146,121,171,10,-0.3978368792762051,-0.6060006906233711
461,1552132800,125,980,855,1105,10,1.465587719157743,-0.06390130623887813
461,1552147200,616,1709,1093,2325,10,2.069804414562756,0.6441942493811234
461,1552161600,1217,1487,270,2704,10,-0.019566763245335492,0.8641681965778287
461,1552176000,509,328,0,837,10,-0.7050226782006026,-0.219450165998026
461,1552194000,132,56,0,188,10,-0.7050226782006026,-0.5961337853401416
461,1552208400,20,105,85,125,10,-0.4892310012702407,-0.632699375507404
461,1552222800,122,718,596,840,10,0.8080577859228759,-0.21770894741863256
461,1552237200,473,996,523,1469,10,0.6227308163238592,0.14736654806086003
461,1552251600,611,549,0,1160,10,-0.7050226782006026,-0.03197896561666495
461,1552266000,150,74,0,224,10,-0.7050226782006026,-0.5752391623874202
461,1552280400,16,20,4,36,10,-0.6948677757568208,-0.6843555266960761
461,1552294800,109,931,822,1040,10,1.3818097739965438,-0.10162770879240281
461,1552309200,241,1784,1543,2025,10,3.2122309394882014,0.47007239144177876
461,1552323600,537,1173,636,1710,10,0.9096068103606932,0.2872444406054669
461,1552338000,1226,1201,0,2427,10,-0.7050226782006026,0.7033956810805005
461,1552352400,225,121,0,346,11,-0.8343043950993042,-0.9141678683125831
461,1552366800,18,24,6,42,11,-0.8228045590263018,-1.2571571086298003
461,1552377525,31,370,339,401,11,-0.18456365697466467,-0.8521138939130866
461,1552377591,34,166,132,200,11,-0.5813080014932499,-1.0788929639912468
461,1552381200,85,565,480,650,11,0.08568249074089337,-0.5711786279953659
461,1552395600,249,1926,1677,2175,11,2.379899787304886,1.1494088439906747
461,1552410000,641,1262,621,1903,11,0.3559286384564514,0.8425237342331644
461,1552424400,1243,1268,25,2511,11,-0.786388411461794,1.5285022148675989
461,1552438800,257,130,0,387,11,-0.8343043950993042,-0.8679094510329585
461,1552453200,17,26,9,43,11,-0.8170546409898005,-1.2560288545498095
461,1552467600,124,1015,891,1139,11,0.8734212617415625,-0.019462382879842095
461,1552482000,276,1917,1641,2193,11,2.3109007708668714,1.1697174174305098
461,1552496400,590,1211,621,1801,11,0.3559286384564514,0.7274418180740981
461,1552510800,1271,1276,5,2547,11,-0.8247211983718021,1.5691193617472694
461,1552525200,238,122,0,360,11,-0.8343043950993042,-0.8983723111927113
461,1552539600,19,30,11,49,11,-0.8132213622987997,-1.2492593300698644
461,1552554000,120,942,822,1062,11,0.7411731469020342,-0.10633794703913725
461,1552568400,299,2031,1732,2330,11,2.485314951307409,1.3242882263892557
461,1552582800,599,1260,661,1859,11,0.4325942122764679,0.7928805547135672
461,1552597200,1275,1353,78,2628,11,-0.6848065261502722,1.6605079422265279
461,1552611600,280,137,0,417,11,-0.8343043950993042,-0.8340618286332331
461,1552626000,25,28,3,53,11,-0.828554477062803,-1.244746313749901
461,1552640400,100,940,840,1040,11,0.7756726551210416,-0.13115953679893588
461,1552654800,269,1878,1609,2147,11,2.2495683118108585,1.1178177297509309
461,1552669200,647,1387,740,2034,11,0.5840087205710004,0.9903250187119652
461,1552683600,1223,1399,176,2622,11,-0.4969758702912318,1.6537384177465828
461,1552698000,321,214,0,535,11,-0.8343043950993042,-0.7009278471943132
461,1552712400,70,32,0,102,11,-0.8343043950993042,-1.1894618638303496
461,1552726800,24,251,227,275,11,-0.39922726367071076,-0.9942739079919333
461,1552741200,248,1166,918,1414,11,0.9251705240700737,0.2908074891176406
461,1552755600,710,1503,793,2213,11,0.6855906058825222,1.1922824990303267
461,1552770000,966,1097,131,2063,11,-0.5832246408387503,1.0230443870316999
461,1552784400,306,249,0,555,11,-0.8343043950993042,-0.6783627655944963
461,1552798800,89,33,0,122,11,-0.8343043950993042,-1.1668967822305327
461,1552813200,33,134,101,167,11,-0.6407238212037627,-1.1161253486309446
461,1552827600,124,784,660,908,11,0.4306775729309675,-0.2800890753577276
461,1552842000,487,1018,531,1505,11,0.18343109736141436,0.3934786103968076
461,1552856400,571,515,0,1086,11,-0.8343043950993042,-0.07925984911935695
461,1552870800,140,81,0,221,11,-0.8343043950993042,-1.0551996283114389
461,1552885200,26,29,3,55,11,-0.828554477062803,-1.2424898055899194
461,1552899600,111,971,860,1082,11,0.8140054420310499,-0.08377286543932033
461,1552914000,300,1554,1254,1854,11,1.5691613441582122,0.7872392843136129
461,1552928400,543,1099,556,1642,11,0.23134708099892468,0.5480494193555535
461,1552942800,1183,954,0,2137,11,-0.8343043950993042,1.1065351889510224
461,1552957200,216,108,0,324,12,-0.7904475730184076,-0.9442875922022926
461,1552971600,24,30,6,54,12,-0.7782920357998417,-1.2856507627073772
461,1552986000,104,960,856,1064,12,0.9437424034969881,-0.008699643410579208
461,1553000400,253,1716,1463,1969,12,2.1734775854419004,1.1354991318009082
461,1553014800,559,1049,490,1608,12,0.20225463316447076,0.6790839297552209
461,1553029200,1256,1049,0,2305,12,-0.7904475730184076,1.5603066328739024
461,1553043600,276,118,0,394,12,-0.7904475730184076,-0.8557860294787522
461,1553058000,19,23,4,42,12,-0.7823438815393637,-1.3008224591742699
461,1553072400,118,1033,915,1151,12,1.0632718528128855,0.10129515597439251
461,1553086800,266,1788,1522,2054,12,2.293007034757798,1.2429653151080644
461,1553101200,588,1107,519,1695,12,0.2610063963875391,0.7890787291401926
461,1553115600,1267,1145,0,2412,12,-0.7904475730184076,1.6955875930370286
461,1553130000,272,123,0,395,12,-0.7904475730184076,-0.8545217214398445
461,1553144400,29,39,10,68,12,-0.7701883443207979,-1.2679504501626693
461,1553158800,114,900,786,1014,12,0.8019278026137198,-0.07191504535596525
461,1553173200,236,1687,1451,1923,12,2.149166511004769,1.077340962011153
461,1553187600,565,1048,483,1613,12,0.18807317307614393,0.6854054699497596
461,1553202000,1251,1131,0,2382,12,-0.7904475730184076,1.657658351869797
461,1553216400,276,157,0,433,12,-0.7904475730184076,-0.806478015961351
461,1553230800,26,33,7,59,12,-0.7762661129300807,-1.2793292225128388
461,1553245200,99,794,695,893,12,0.6175688214654709,-0.22489631806379948
461,1553259600,261,1590,1329,1851,12,1.9020039208939297,0.9863107832097971
461,1553274000,618,1254,636,1872,12,0.4980393721495733,1.0128612520268592
461,1553288400,1157,1121,0,2278,12,-0.7904475730184076,1.526170315823394
461,1553302800,258,273,15,531,12,-0.760058729971993,-0.6825758281483945
461,1553317200,61,26,0,87,12,-0.7904475730184076,-1.2439285974234224
461,1553331600,34,204,170,238,12,-0.44604068515904166,-1.0530180835483567
461,1553346000,148,760,612,908,12,0.44941722327530986,-0.20593169748018367
461,1553360400,481,1047,566,1528,12,0.356224771266305,0.5779392866426033
461,1553374800,667,672,5,1339,12,-0.7803179586696027,0.33898506728904404
461,1553389200,217,179,0,396,12,-0.7904475730184076,-0.8532574134009367
461,1553403600,59,31,0,90,12,-0.7904475730184076,-1.2401356733066993
461,1553418000,19,106,87,125,12,-0.6141922833492027,-1.1958848919449292
461,1553432400,117,611,494,728,12,0.21035832464351467,-0.4335071444835734
461,1553446800,384,766,382,1150,12,-0.016545036769714676,0.10003084793548479
461,1553461200,469,392,0,861,12,-0.7904475730184076,-0.26535417530884653
461,1553475600,125,68,0,193,12,-0.7904475730184076,-1.1099119452992041
461,1553490000,22,20,0,42,12,-0.7904475730184076,-1.3008224591742699
461,1553504400,110,973,863,1083,12,0.9579238635853149,0.015322209328667489
461,1553518800,227,1772,1545,1999,12,2.3396032607623005,1.1734283729681398
461,1553533200,576,1052,476,1628,12,0.17389171298781708,0.7043700905333754
461,1553547600,1174,1024,0,2198,12,-0.7904475730184076,1.4250256727107762
461,1553562000,300,142,0,442,13,-0.7054718427129184,-0.8027878543245857
461,1553576400,114,35,0,149,13,-0.7054718427129184,-1.1504234140162723
461,1553590800,121,1014,893,1135,13,1.020293023761822,0.019435500168038283
461,1553605200,310,1691,1381,2001,13,1.9633761758779174,1.0469180759120675
461,1553619600,552,1224,672,1776,13,0.5932000388895737,0.7799624413365404
461,1553634000,1353,1182,0,2535,13,-0.7054718427129184,1.680492781971319
461,1553648400,246,118,0,364,13,-0.7054718427129184,-0.8953324743107685
461,1553662800,18,25,7,43,13,-0.6919440106128925,-1.2761891796385207
461,1553677200,122,1099,977,1221,13,1.1826270089621334,0.12147187605023982
461,1553691600,292,1861,1569,2153,13,2.3266950951357575,1.2272614379364237
461,1553706000,620,1143,523,1763,13,0.3052504699033069,0.76453833800551
461,1553720400,1296,1153,0,2449,13,-0.7054718427129184,1.5784564060891175
461,1553734800,246,154,0,400,13,-0.7054718427129184,-0.852619572778684
461,1553749200,20,23,3,43,13,-0.6996742003843358,-1.2761891796385207
461,1553763600,110,935,825,1045,13,0.888879797647284,-0.08734675366217262
461,1553778000,287,1696,1409,1983,13,2.017487504278021,1.0255616251460256
461,1553792400,673,1285,612,1958,13,0.4772471923179227,0.9958998879709668
461,1553806800,1354,1269,0,2623,13,-0.7054718427129184,1.784902096827525
461,1553821200,321,165,0,486,13,-0.7054718427129184,-0.7505831968964826
461,1553835600,31,33,2,64,13,-0.7016067478271967,-1.2512733204114714
461,1553850000,101,949,848,1050,13,0.9333283888330836,-0.0814144062271609
461,1553864400,305,1876,1571,2181,13,2.330560190021479,1.2604825835724895
461,1553878800,732,1333,601,2065,13,0.4559891704464533,1.1228521230802175
461,1553893200,1251,1292,41,2543,13,-0.6262373975556235,1.6899845378673377
461,1553907600,294,237,0,531,13,-0.7054718427129184,-0.6971920699813771
461,1553922000,84,36,0,120,13,-0.7054718427129184,-1.1848310291393402
461,1553936400,124,145,21,269,13,-0.6648883464128406,-1.0080470755759912
461,1553950800,312,435,123,747,13,-0.4677685072410337,-0.4409146607888709
461,1553965200,497,733,236,1230,13,-0.24939064619775747,0.1321501014332609
461,1553979600,574,545,0,1119,13,-0.7054718427129184,0.0004519883760007899
461,1553994000,257,159,0,416,13,-0.7054718427129184,-0.8336360609866466
461,1554008400,85,39,0,124,13,-0.7054718427129184,-1.1800851511913308
461,1554022800,82,102,20,184,13,-0.6668208938557014,-1.1088969819711902
461,1554037200,345,384,39,729,13,-0.6301024924413452,-0.46227111155491313
461,1554051600,404,458,54,862,13,-0.6011142807984324,-0.30447066978360143
461,1554066000,484,359,0,843,13,-0.7054718427129184,-0.327013590036646
461,1554080400,142,74,0,216,13,-0.7054718427129184,-1.0709299583871152
461,1554094800,38,33,0,71,13,-0.7054718427129184,-1.2429680340024551
461,1554109200,150,903,753,1053,13,0.7497363817613028,-0.07785499776615387
461,1554123600,272,1821,1549,2093,13,2.2880441462785406,1.1560732687162831
461,1554138000,539,1142,603,1681,13,0.459854265332175,0.6672478400713178
461,1554152400,1216,1006,0,2222,13,-0.7054718427129184,1.3091278325395854
461,1554166800,194,169,0,363,14,-0.7676574147235277,-0.8882690585522824
461,1554181200,12,35,23,47,14,-0.7237757020409472,-1.246111127002909
461,1554195600,127,1015,888,1142,14,0.9265582749343627,-0.006120415124946697
461,1554210000,274,1881,1607,2155,14,2.2983387714028574,1.1410125448132962
461,1554224400,588,1130,542,1718,14,0.26642468414423875,0.6461486716711321
461,1554238800,1349,1217,0,2566,14,-0.7676574147235277,1.6064337161209148
461,1554253200,217,233,16,450,14,-0.737131005900863,-0.7897492485674581
461,1554267600,16,29,13,45,14,-0.7428547075551126,-1.248375950220951
461,1554282000,133,1003,870,1136,14,0.892216065008865,-0.012914884779072518
461,1554296400,336,1909,1573,2245,14,2.2334701526546947,1.2429295896251833
461,1554310800,689,950,261,1639,14,-0.2696953708038099,0.5566881545584754
461,1554325200,1325,1278,0,2603,14,-0.7676574147235277,1.6483329456546907
461,1554339600,215,209,0,424,14,-0.7676574147235277,-0.8191919504020033
461,1554354000,15,30,15,45,14,-0.7390389064522795,-1.248375950220951
461,1554368400,118,1026,908,1144,14,0.9647162859626937,-0.0038555919069047564
461,1554382800,317,1938,1621,2255,14,2.3250493791226887,1.254253705715393
461,1554397200,656,1429,773,2085,14,0.7071497115214602,1.0617437321818282
461,1554411600,1346,1488,142,2834,14,-0.49673553642237855,1.9099200273385348
461,1554426000,299,236,0,535,14,-0.7676574147235277,-0.6934942618006755
461,1554440400,23,42,19,65,14,-0.7314073042466134,-1.2257277180405315
461,1554454800,121,915,794,1036,14,0.7472156231012077,-0.12615604568116953
461,1554469200,311,1917,1606,2228,14,2.2964308708514407,1.223678592271827
461,1554483600,740,1256,516,1996,14,0.21681926980740865,0.9609590989789618
461,1554498000,1291,1227,0,2518,14,-0.7676574147235277,1.5520779588879083
461,1554512400,313,188,0,501,14,-0.7676574147235277,-0.7319962565073885
461,1554526800,37,50,13,87,14,-0.7428547075551126,-1.2008146626420702
461,1554541200,32,196,164,228,14,-0.4547617242912146,-1.0411446257701134
461,1554555600,160,686,526,846,14,0.2358982753215741,-0.34131425139515387
461,1554570000,483,863,380,1346,14,-0.04265520518524124,0.2248915531153312
461,1554584400,641,588,0,1229,14,-0.7676574147235277,0.0923993948598777
461,1554598800,247,196,0,443,14,-0.7676574147235277,-0.7976761298306049
461,1554613200,63,30,0,93,14,-0.7676574147235277,-1.1940201929879444
461,1554627600,31,101,70,132,14,-0.6341043761243697,-1.1498561402361265
461,1554642000,116,569,453,685,14,0.09662153506816641,-0.5236325204475301
461,1554656400,409,720,311,1129,14,-0.17430034323298274,-0.02084176604221931
461,1554670800,440,377,0,817,14,-0.7676574147235277,-0.374154188056762
461,1554685200,113,72,0,185,14,-0.7676574147235277,-1.089838324958015
461,1554699600,16,19,3,35,14,-0.761933713069278,-1.2597000663111606
461,1554714000,124,927,803,1051,14,0.7643867280639566,-0.10916987154585497
461,1554728400,269,1737,1468,2006,14,2.0331405947559578,0.9722832150691715
461,1554742800,586,1107,521,1693,14,0.22635877256449136,0.6178383814456079
461,1554757200,1327,1084,0,2411,14,-0.7676574147235277,1.4309099167226644
461,1554771600,181,180,0,361,15,-0.7651607936076213,-0.7979041157164686
461,1554786000,22,32,10,54,15,-0.7444369379164116,-1.150536084238343
461,1554800400,118,1011,893,1129,15,1.0854795196174065,0.08425012475519073
461,1554814800,300,1841,1541,2141,15,2.4283853684077963,1.2466721187100336
461,1554829200,645,1064,419,1709,15,0.10316875985406579,0.7504603584447251
461,1554843600,1326,1137,0,2463,15,-0.7651607936076213,1.61653366224112
461,1554858000,202,210,8,412,15,-0.7485817090546536,-0.7393235606851475
461,1554872400,11,13,2,24,15,-0.7610160224693794,-1.1849952342567671
461,1554886800,132,905,773,1037,15,0.8367932513228897,-0.021424601967976804
461,1554901200,319,1809,1490,2128,15,2.3226937043826266,1.2317398203687164
461,1554915600,594,1215,621,1809,15,0.5217906448165021,0.8653241918394724
461,1554930000,1280,1265,0,2545,15,-0.7651607936076213,1.7107220056248127
461,1554944400,249,198,0,447,15,-0.7651607936076213,-0.699121218996986
461,1554958800,11,40,29,51,15,-0.7050616121031131,-1.1539819992401852
461,1554973200,126,976,850,1102,15,0.9963669401452045,0.05323688973860895
461,1554987600,271,1803,1532,2074,15,2.4097338982857073,1.1697133503355528
461,1555002000,600,1243,643,1843,15,0.5673831273371635,0.9043778951936865
461,1555016400,1269,1262,0,2531,15,-0.7651607936076213,1.694641068949548
461,1555030800,229,198,0,427,15,-0.7651607936076213,-0.7220939856759354
461,1555045200,23,11,0,34,15,-0.7651607936076213,-1.1735088509172924
461,1555059600,112,849,737,961,15,0.7621873708345348,-0.10872111534798476
461,1555074000,307,1798,1491,2105,15,2.3247660899517477,1.2053211386879246
461,1555088400,766,1340,574,2106,15,0.4243885230678164,1.206469777021872
461,1555101878,1279,1223,0,2502,15,-0.7651607936076213,1.6613305572650714
461,1555102800,654,857,203,1511,15,-0.34446652307606407,0.5230299683231254
461,1555117200,275,240,0,515,15,-0.7651607936076213,-0.6210138122885578
461,1555131600,54,32,0,86,15,-0.7651607936076213,-1.1137796575520238
461,1555146000,26,168,142,194,15,-0.4708820427924434,-0.9897267174856966
461,1555160400,153,707,554,860,15,0.38294081168539695,-0.22473358707667954
461,1555174800,409,903,494,1312,15,0.25859767753813867,0.2944509398675783
461,1555189200,561,755,194,1316,15,-0.36311799319815286,0.2990454932033682
461,1555203600,199,228,29,427,15,-0.7050616121031131,-0.7220939856759354
461,1555218000,52,47,0,99,15,-0.7651607936076213,-1.0988473592107066
461,1555232400,24,123,99,147,15,-0.5599946222646451,-1.0437127191812279
461,1555246800,109,535,426,644,15,0.1176754588379126,-0.47283946720933373
461,1555261200,326,643,317,969,15,-0.10821456819627333,-0.09953200867640498
461,1555275600,378,473,95,851,15,-0.5682841645411291,-0.2350713320822068
461,1555290000,83,107,24,190,15,-0.715423539948718,-0.9943212708214865
461,1555304400,12,26,14,38,15,-0.7361473956399277,-1.1689142975815023
461,1555313490,34,212,178,246,15,-0.3962761623040884,-0.929997524120428
461,1555313565,1,1,0,2,15,-0.7651607936076213,-1.2102652776036114
461,1555313630,1,0,0,1,15,-0.7651607936076213,-1.211413915937559
461,1555318800,109,655,546,764,15,0.3663617271324292,-0.335002867135637
461,1555333200,277,1782,1505,2059,15,2.353779487919441,1.1524837753263406
461,1555347600,563,1114,551,1677,15,0.37672365497803406,0.713703931758406
461,1555362000,1365,1292,0,2657,15,-0.7651607936076213,1.8393694990269296
461,1555376400,212,101,0,313,16,-0.808416340808608,-0.9101658922526619
461,1555390800,15,21,6,36,16,-0.7964860926308281,-1.21808929548831
461,1555405200,127,1016,889,1143,16,0.9592487641991108,0.012492680619496752
461,1555419600,328,1868,1540,2196,16,2.253680691488228,1.183046267648874
461,1555434000,661,1195,534,1856,16,0.2533757470138013,0.8050897438217246
461,1555448400,1319,1251,0,2570,16,-0.808416340808608,1.5987984438587381
461,1555462800,262,132,0,394,16,-0.808416340808608,-0.8201233086350175
461,1555477200,14,18,4,32,16,-0.8004628420234214,-1.2225358428274529
461,1555491600,125,1066,941,1191,16,1.0626442484065364,0.06585124868921195
461,1555506000,316,1841,1525,2157,16,2.2238550710437783,1.1396924310922303
461,1555520400,681,1306,625,1987,16,0.4343178443767961,0.9507141691786557
461,1555534800,1389,1268,0,2657,16,-0.808416340808608,1.695510848485097
461,1555549200,239,147,0,386,16,-0.808416340808608,-0.8290164033133034
461,1555563600,17,26,9,43,16,-0.7905209685419382,-1.21030783764481
461,1555578000,124,962,838,1086,16,0.8578416546879818,-0.050870618963290044
461,1555592400,301,1809,1508,2110,16,2.1900527012067355,1.0874454998573009
461,1555606800,698,1349,651,2047,16,0.4860155864805089,1.0174123792657996
461,1555621200,1381,1454,73,2835,16,-0.6632649879789528,1.8933822050769575
461,1555635600,281,160,0,441,16,-0.808416340808608,-0.7678763774000881
461,1555650000,33,32,0,65,16,-0.808416340808608,-1.1858518272795238
461,1555664400,69,844,775,913,16,0.7325740488212931,-0.2431837913812219
461,1555678800,361,1822,1461,2183,16,2.096599090480793,1.1685949887966594
461,1555693200,948,1609,661,2557,16,0.5058993334434754,1.5843471650065237
461,1555707600,1097,1193,96,2290,16,-0.6175323699641299,1.2875401301187328
461,1555722000,253,235,0,488,16,-0.808416340808608,-0.7156294461651586
461,1555736400,46,30,0,76,16,-0.808416340808608,-1.1736238220968807
461,1555750800,22,151,129,173,16,-0.5519160049863405,-1.0657950491226647
461,1555765200,130,734,604,864,16,0.39256197575456653,-0.29765399628572287
461,1555779600,411,893,482,1304,16,0.14998026280637566,0.1914662110199998
461,1555794000,546,658,112,1204,16,-0.5857183748233835,0.08030252754142649
461,1555808400,182,178,0,360,16,-0.808416340808608,-0.8579189610177325
461,1555822800,44,36,0,80,16,-0.808416340808608,-1.1691772747577378
461,1555837200,15,131,116,146,16,-0.5777648760381969,-1.0958092436618794
461,1555851600,85,490,405,575,16,-0.0031245888084661267,-0.6189170415387998
461,1555866000,296,601,305,897,16,-0.20196205843813078,-0.26096998073779365
461,1555880400,350,411,61,761,16,-0.6871254843345126,-0.41215259026865336
461,1555894800,119,107,0,226,16,-0.808416340808608,-1.0068782968790206
461,1555909200,12,24,12,36,16,-0.7845558444530483,-1.21808929548831
461,1555923600,82,885,803,967,16,0.7882485403175992,-0.18315540230279231
461,1555938000,265,1749,1484,2014,16,2.142331708495616,0.9807283637178704
461,1555952400,650,1077,427,1727,16,0.040619654510060096,0.661688592134365
461,1555966800,1231,917,0,2148,16,-0.808416340808608,1.1296876995791587
461,1555981200,228,90,0,318,17,-0.807045675252549,-0.9640443797051977
461,1555995600,12,20,8,32,17,-0.7915636685791345,-1.285107402024673
461,1556010000,102,1000,898,1102,17,0.9308095738382383,-0.08392756327698578
461,1556024400,308,1932,1624,2240,17,2.335801679450612,1.1935889381200873
461,1556038800,727,1327,600,2054,17,0.3541048252535449,0.9847857138144145
461,1556053200,1442,1314,0,2756,17,-0.807045675252549,1.7728494958713084
461,1556067600,263,124,0,387,17,-0.807045675252549,-0.886585119075674
461,1556082000,22,30,8,52,17,-0.7915636685791345,-1.2626554424219125
461,1556096400,118,920,802,1038,17,0.7450254937572632,-0.1557738340058194
461,1556110800,286,1757,1471,2043,17,2.039708301821558,0.9724371360328963
461,1556125200,694,1272,578,1966,17,0.3115293069016548,0.8859970915622682
461,1556139600,1356,1198,0,2554,17,-0.807045675252549,1.5460847038834273
461,1556154000,305,192,0,497,17,-0.807045675252549,-0.7630993412604912
461,1556168400,22,31,9,53,17,-0.7896284177449576,-1.2615328444417746
461,1556182800,103,909,806,1012,17,0.7527664970939706,-0.18496138148940808
461,1556197200,300,1860,1560,2160,17,2.211945626063295,1.1037810997090451
461,1556211600,715,1263,548,1978,17,0.2534717818763501,0.8994682673239246
461,1556226000,1438,1308,0,2746,17,-0.807045675252549,1.761623516069928
461,1556240400,286,166,0,452,17,-0.807045675252549,-0.8136162503667024
461,1556254800,25,27,2,52,17,-0.8031751735841954,-1.2626554424219125
461,1556269200,105,819,714,924,17,0.5747234203497028,-0.2837500037415543
461,1556283600,313,1890,1577,2203,17,2.244844890244301,1.1520528128549803
461,1556298000,726,1196,470,1922,17,0.10252221681055791,0.8366027804361952
461,1556312400,1192,1158,0,2350,17,-0.807045675252549,1.31707471593527
461,1556326800,256,151,0,407,17,-0.807045675252549,-0.8641331594729135
461,1556341200,48,33,0,81,17,-0.807045675252549,-1.2301001009979098
461,1556355600,25,206,181,231,17,-0.456765274266544,-1.061710403977206
461,1556370000,196,1056,860,1252,17,0.857270042139519,0.08446213374371805
461,1556384400,556,1284,728,1840,17,0.6018169320281783,0.744549746064877
461,1556398800,711,835,124,1546,17,-0.567074571814623,0.41450593990429757
461,1556413200,225,221,0,446,17,-0.807045675252549,-0.8203518382475306
461,1556427600,60,38,0,98,17,-0.807045675252549,-1.2110159353355634
461,1556442000,25,123,98,148,17,-0.6173910935032204,-1.1548860363286622
461,1556456400,120,726,606,846,17,0.3657163302586059,-0.3713126461923203
461,1556470800,468,885,417,1353,17,-4.607740081372341e-05,0.19784452973765862
461,1556485200,457,426,0,883,17,-0.807045675252549,-0.3297765209272134
461,1556499600,115,72,0,187,17,-0.807045675252549,-1.1111047151032791
461,1556514000,11,23,12,34,17,-0.7838226652424272,-1.282862206064397
461,1556528400,115,931,816,1046,17,0.7721190054357387,-0.1467930501647152
461,1556542800,260,1729,1469,1989,17,2.035837800153204,0.9118168451054428
461,1556557200,607,1136,529,1743,17,0.2167020160269905,0.6356577419914886
461,1556571600,1275,1128,0,2403,17,-0.807045675252549,1.3765724088825855
461,1556586000,223,102,0,325,18,-0.8145931626961572,-0.9355623650791756
461,1556600400,91,130,39,221,18,-0.7353594098797755,-1.0546646987167414
461,1556614800,129,923,794,1052,18,0.7985247792578701,-0.10299124436272916
461,1556629200,274,1804,1530,2078,18,2.2938079093311248,1.0719990855617192
461,1556643600,648,1045,397,1693,18,-0.008034191719143567,0.6310914081534224
461,1556658000,1310,1308,0,2618,18,-0.8145931626961572,1.69041504867985
461,1556672400,274,119,0,393,18,-0.8145931626961572,-0.8576877623161516
461,1556686800,26,19,0,45,18,-0.8145931626961572,-1.2562224941033915
461,1556701200,104,968,864,1072,18,0.9407392073898373,-0.08008694943242803
461,1556715600,338,1736,1398,2074,18,2.0256321305679865,1.0674182265756589
461,1556730000,677,1165,488,1842,18,0.17684456485241373,0.8017284053841658
461,1556744400,1386,1157,0,2543,18,-0.8145931626961572,1.6045239426912206
461,1556758800,251,135,0,386,18,-0.8145931626961572,-0.8657042655417571
461,1556773200,18,20,2,38,18,-0.8105298933209583,-1.264238997328997
461,1556787600,106,986,880,1092,18,0.9732453623914298,-0.05718265450212689
461,1556802000,303,1880,1577,2183,18,2.3892947396483026,1.1922466339458002
461,1556816400,693,1258,565,1951,18,0.3332804357975776,0.926556812754307
461,1556830800,1390,1177,0,2567,18,-0.8145931626961572,1.632009096607582
461,1556845200,290,139,0,429,18,-0.8145931626961572,-0.8164600314416096
461,1556859600,23,31,8,54,18,-0.798340085195361,-1.245915561384756
461,1556874000,99,880,781,979,18,0.7721135283190762,-0.18659192085832832
461,1556878259,69,296,227,365,18,-0.35341208861106377,-0.8897537752185732
461,1556883641,103,217,114,320,18,-0.5829868083098108,-0.9412884388117508
461,1556888400,346,1838,1492,2184,18,2.2166057912023427,1.1933918486923152
461,1556902800,825,1467,642,2292,18,0.48971630674274147,1.3170750413159413
461,1556917200,1276,1291,15,2567,18,-0.7841186423821643,1.632009096607582
461,1556931600,335,220,0,555,18,-0.8145931626961572,-0.6721629733807124
461,1556946000,61,35,0,96,18,-0.8145931626961572,-1.1978165420311235
461,1556960400,34,232,198,266,18,-0.4123294945514502,-1.003130035123564
461,1556974800,206,967,761,1173,18,0.7314808345670856,0.035579739965592716
461,1556989200,524,1151,627,1675,18,0.4592417864287485,0.6104775427161513
461,1557003600,718,912,194,1630,18,-0.42045603330184833,0.5589428791229737
461,1557018000,223,210,0,433,18,-0.8145931626961572,-0.8118791724555494
461,1557032400,96,26,0,122,18,-0.8145931626961572,-1.1680409586217322
461,1557046800,17,134,117,151,18,-0.5768919042470122,-1.1348297309727955
461,1557061200,144,766,622,910,18,0.44908361299075084,-0.2656117383678672
461,1557075600,429,934,505,1363,18,0.21138235454160575,0.25317054180345355
461,1557090000,479,415,0,894,18,-0.8145931626961572,-0.28393517431210813
461,1557104400,124,66,0,190,18,-0.8145931626961572,-1.0901663558587082
461,1557118800,17,21,4,38,18,-0.8064666239457592,-1.264238997328997
461,1557133200,113,939,826,1052,18,0.8635370892610551,-0.10299124436272916
461,1557147600,283,1736,1453,2019,18,2.1373720383859607,1.0044314155173308
461,1557162000,662,1184,522,1846,18,0.24592014423079778,0.806309264370226
461,1557176400,1335,1134,0,2469,18,-0.8145931626961572,1.5197780514491064
461,1557190800,235,102,0,337,19,-0.8066950681275239,-0.913185397087415
461,1557205200,18,16,0,34,19,-0.8066950681275239,-1.2561554526692367
461,1557219600,114,960,846,1074,19,0.8995665641545868,-0.07896450281743973
461,1557234000,263,1847,1584,2110,19,2.388007562528343,1.093698789534927
461,1557248400,677,1106,429,1783,19,0.0585368943417734,0.7235627889565256
461,1557262800,1343,1189,0,2532,19,-0.8066950681275239,1.571366655724791
461,1557277200,238,99,0,337,19,-0.8066950681275239,-0.913185397087415
461,1557291600,17,17,0,34,19,-0.8066950681275239,-1.2561554526692367
461,1557306000,141,973,832,1114,19,0.8713305560553557,-0.033687927823139854
461,1557320400,315,1587,1272,1902,19,1.7587479534597632,0.8582605995645678
461,1557334800,713,1643,930,2356,19,1.0689826127499737,1.3721497257498714
461,1557349200,1463,1187,0,2650,19,-0.8066950681275239,1.7049325519579754
461,1557363600,269,132,0,401,19,-0.8066950681275239,-0.8407428770965352
461,1557378000,21,18,0,39,19,-0.8066950681275239,-1.250495880794949
461,1557392400,109,917,808,1026,19,0.822925970742388,-0.13329639281059957
461,1557406800,294,1729,1435,2023,19,2.0874957620436687,0.9952222389223249
461,1557421200,733,1312,579,2045,19,0.3610655525478214,1.0201243551691899
461,1557435600,1392,1284,0,2676,19,-0.8066950681275239,1.7343623257042704
461,1557450000,282,145,0,427,19,-0.8066950681275239,-0.8113131033502403
461,1557464400,21,19,0,40,19,-0.8066950681275239,-1.2493639664200915
461,1557478800,97,807,710,904,19,0.62527391404777,-0.2713899465432142
461,1557493200,317,1747,1430,2064,19,2.0774114734368005,1.0416307282914823
461,1557507600,663,1303,640,1966,19,0.48409387355161426,0.9307031195554476
461,1557522000,1186,1353,167,2539,19,-0.4698798286581238,1.5792900563487933
461,1557536400,291,191,0,482,19,-0.8066950681275239,-0.7490578127330779
461,1557550800,60,41,0,101,19,-0.8066950681275239,-1.1803171895537843
461,1557565200,32,209,177,241,19,-0.44971125144438723,-1.0218491770737348
461,1557579600,174,926,752,1100,19,0.7099819383454634,-0.04953472907114481
461,1557594000,611,1198,587,1809,19,0.37720041431881063,0.7529925627028206
461,1557608400,786,808,22,1594,19,-0.7623241982573035,0.5096309721084586
461,1557622800,261,172,0,433,19,-0.8066950681275239,-0.8045216171010953
461,1557637200,73,24,0,97,19,-0.8066950681275239,-1.1848448470532142
461,1557651600,13,101,88,114,19,-0.6292115886466424,-1.1656023026806368
461,1557666000,121,577,456,698,19,0.11299205281886204,-0.5045643077638586
461,1557680400,357,661,304,1018,19,-0.19357032082993325,-0.14235170780945955
461,1557694800,433,328,0,761,19,-0.8066950681275239,-0.43325370214783626
461,1557709200,104,57,0,161,19,-0.8066950681275239,-1.1124023270623344
461,1557723600,16,15,0,31,19,-0.8066950681275239,-1.259551195793809
461,1557738000,133,922,789,1055,19,0.7846056740362886,-0.10047087593973217
461,1557752400,252,1794,1542,2046,19,2.30329953823065,1.0212562695440472
461,1557766800,629,1049,420,1678,19,0.040385174849410524,0.6047117795964885
461,1557781200,1218,988,0,2206,19,-0.8066950681275239,1.2023625695212468
461,1557795600,198,92,0,290,20,-0.8498102406215324,-1.0203206242934157
461,1557810000,18,17,0,35,20,-0.8498102406215324,-1.3096717307431982
461,1557824400,129,964,835,1093,20,0.9644495230965624,-0.10914831653194404
461,1557838800,297,1689,1392,1986,20,2.1746802876366567,0.9041479111529804
461,1557853200,670,1164,494,1834,20,0.2235362543206698,0.7316719575044827
461,1557867600,1349,974,0,2323,20,-0.8498102406215324,1.286545255755242
461,1557882000,298,120,0,418,20,-0.8498102406215324,-0.8750777159578388
461,1557896400,17,18,1,35,20,-0.8476374744374389,-1.3096717307431982
461,1557910800,115,906,791,1021,20,0.8688478109964473,-0.19084745247070614
461,1557925200,321,1507,1186,1828,20,1.7270904537133904,0.7248636961762525
461,1557939600,697,1269,572,1966,20,0.3930120166799649,0.8814537067255465
461,1557954000,1395,1292,0,2687,20,-0.8498102406215324,1.6995797763345393
461,1557968400,329,144,0,473,20,-0.8498102406215324,-0.8126686537823955
461,1557982800,22,19,0,41,20,-0.8498102406215324,-1.3028634694149681
461,1557997200,121,881,760,1002,20,0.8014920592895479,-0.21240694667676835
461,1558011600,324,1763,1439,2087,20,2.2768002982890523,1.0187536435115216
461,1558026000,743,1286,543,2029,20,0.3300017973412526,0.9529404506719633
461,1558040400,1348,1286,0,2634,20,-0.8498102406215324,1.6394401346018395
461,1558054800,397,156,0,553,20,-0.8498102406215324,-0.7218918360726598
461,1558069200,28,26,0,54,20,-0.8498102406215324,-1.288112236537136
461,1558083600,100,866,766,966,20,0.8145286563941091,-0.2532565146461494
461,1558098000,318,1794,1476,2112,20,2.3571926471005127,1.0471213990458141
461,1558112400,802,1387,585,2189,20,0.42125797707318074,1.1344940860914348
461,1558126800,1269,1522,253,2791,20,-0.30010039604587013,1.8175896393571955
461,1558141200,329,227,0,556,20,-0.8498102406215324,-0.7184877054085448
461,1558155600,50,33,0,83,20,-0.8498102406215324,-1.2552056401173568
461,1558170000,65,217,152,282,20,-0.5195497806393163,-1.0293983060643894
461,1558184400,215,944,729,1159,20,0.7341363075826486,-0.034257441921412106
461,1558198800,662,1288,626,1950,20,0.5103413906210154,0.8632983431835993
461,1558213200,765,919,154,1684,20,-0.5152042482711293,0.5614654242987283
461,1558227600,309,191,0,500,20,-0.8498102406215324,-0.7820314778053598
461,1558242000,71,39,0,110,20,-0.8498102406215324,-1.2245684641403212
461,1558256400,22,120,98,142,20,-0.6368791545803668,-1.188257737056427
461,1558270800,152,695,543,847,20,0.3300017973412526,-0.3882870309893812
461,1558285200,533,1069,536,1602,20,0.31479243405259794,0.46841918614624917
461,1558299600,600,529,0,1129,20,-0.8498102406215324,-0.06829874856256297
461,1558314000,145,86,0,231,20,-0.8498102406215324,-1.0872685273543459
461,1558328400,16,16,0,32,20,-0.8498102406215324,-1.3130758614073135
461,1558342800,108,866,758,974,20,0.7971465269213609,-0.24417883287517586
461,1558357200,283,1553,1270,1836,20,1.9096028131772467,0.733941377947226
461,1558371600,678,1146,468,1824,20,0.16704433353423812,0.7203248552907657
461,1558386000,1344,1214,0,2558,20,-0.8498102406215324,1.5532021577775905
461,1558400400,245,120,0,365,21,-0.8039913392767497,-0.8226624797819347
461,1558414800,19,29,10,48,21,-0.7803030641104056,-1.1897915357521929
461,1558429200,111,959,848,1070,21,1.2047743948292282,-0.006176724390666715
461,1558443600,342,1652,1310,1994,21,2.299172707514325,1.063940776292357
461,1558458000,734,1272,538,2006,21,0.47043786467256177,1.077838406171357
461,1558472400,1434,1345,0,2779,21,-0.8039913392767497,1.9730773975436269
461,1558486800,301,121,0,422,21,-0.8039913392767497,-0.7566487378566833
461,1558501200,20,26,6,46,21,-0.7897783741769433,-1.1921078073986928
461,1558515600,117,904,787,1021,21,1.0602759163145294,-0.06292537972991796
461,1558530000,347,1670,1323,2017,21,2.329967465230572,1.0905779002271074
461,1558544400,746,1335,589,2081,21,0.5912480680209166,1.164698592915109
461,1558558800,1436,1260,0,2696,21,-0.8039913392767497,1.8769521242138747
461,1558573200,311,137,0,448,21,-0.8039913392767497,-0.7265372064521826
461,1558587600,21,30,9,51,21,-0.78267189162704,-1.1863171282824427
461,1558602000,113,868,755,981,21,0.9844734357822283,-0.10925081265991898
461,1558616400,337,1737,1400,2074,21,2.5123671840114215,1.156591642152359
461,1558630800,758,1200,442,1958,21,0.2430304230756586,1.022247886655356
461,1558645200,1361,1203,0,2564,21,-0.8039913392767497,1.7240781955448714
461,1558659600,289,158,0,447,21,-0.8039913392767497,-0.7276953422754326
461,1558674000,22,18,0,40,21,-0.8039913392767497,-1.1990566223381929
461,1558688400,86,763,677,849,21,0.7997048894847445,-0.26212474132892233
461,1558702800,316,1539,1223,1855,21,2.0930847135671313,0.9029598968606033
461,1558717200,1030,1650,620,2680,21,0.6646817210365832,1.8584219510418742
461,1558731600,1084,1236,152,2320,21,-0.4439295567483197,1.4414930546718652
461,1558746000,339,229,0,568,21,-0.8039913392767497,-0.5875609076621795
461,1558760400,68,23,0,91,21,-0.8039913392767497,-1.1399916953524416
461,1558774800,28,208,180,236,21,-0.37760238628255627,-0.972062000981188
461,1558789200,150,863,713,1013,21,0.8849826800835832,-0.07219046631591818
461,1558803600,561,1110,549,1671,21,0.4964949673555403,0.6898629053825986
461,1558818000,686,654,0,1340,21,-0.8039913392767497,0.30651994788684017
461,1558832400,222,175,0,397,21,-0.8039913392767497,-0.7856021334379338
461,1558846800,55,30,0,85,21,-0.8039913392767497,-1.1469405102919419
461,1558861200,24,117,93,141,21,-0.5836903802297497,-1.0820849041899403
461,1558875600,106,659,553,765,21,0.5059702774220779,-0.3594081504819245
461,1558890000,457,847,390,1304,21,0.1198513922106694,0.26482705824983926
461,1558904400,537,484,0,1021,21,-0.8039913392767497,-0.06292537972991796
461,1558918800,170,106,0,276,21,-0.8039913392767497,-0.925736568051187
461,1558933200,43,25,0,68,21,-0.8039913392767497,-1.1666288192871923
461,1558947600,17,148,131,165,21,-0.4936749345976423,-1.0542896444319398
461,1558962000,146,698,552,844,21,0.5036014499054435,-0.26791542044517247
461,1558976400,467,872,405,1339,21,0.15538380496018553,0.30536181206359014
461,1558990800,556,472,0,1028,21,-0.8039913392767497,-0.054818428967167786
461,1559005200,174,87,0,261,22,-0.8084675470673154,-1.0487245495329323
461,1559019600,11,22,11,33,22,-0.7835999034757641,-1.3222974141254669
461,1559034000,115,996,881,1111,22,1.1832046351287435,-0.028825712236201836
461,1559048400,293,1575,1282,1868,22,2.0897432787843844,0.8794841934504157
461,1559062800,659,1070,411,1729,22,0.12067804530791759,0.7127007365277739
461,1559077200,1394,1057,0,2451,22,-0.8084675470673154,1.5790148077374673
461,1559091600,236,137,0,373,22,-0.8084675470673154,-0.9143378792067748
461,1559106000,18,23,5,41,22,-0.7971640727075193,-1.3126983662450271
461,1559120400,116,957,841,1073,22,1.0927768402503755,-0.07442118966829096
461,1559134800,317,1580,1263,1897,22,2.04679007621716,0.91428074201701
461,1559149200,738,1071,333,1809,22,-0.05565615470490035,0.808691215332172
461,1559163600,1378,1027,0,2405,22,-0.8084675470673154,1.5238202824249383
461,1559178000,261,117,0,378,22,-0.8084675470673154,-0.9083384742814999
461,1559192400,18,23,5,41,22,-0.7971640727075193,-1.3126983662450271
461,1559206800,112,920,808,1032,22,1.0181739094757216,-0.12361631005554502
461,1559221200,327,1664,1337,1991,22,2.214081496742141,1.0270695546121777
461,1559235600,746,1242,496,1988,22,0.31283710942445,1.023469911657013
461,1559250000,1386,1015,0,2401,22,-0.8084675470673154,1.5190207584847184
461,1559264400,260,136,0,396,22,-0.8084675470673154,-0.8867406165505103
461,1559278800,25,25,0,50,22,-0.8084675470673154,-1.3018994373795323
461,1559293200,109,815,706,924,22,0.7875830325358829,-0.2532034564414825
461,1559307600,334,1603,1269,1937,22,2.0603542454489148,0.9622759814192091
461,1559322000,910,1392,482,2302,22,0.2811873812170211,1.4002325409642757
461,1559336400,1213,1275,62,2488,22,-0.6683044650058447,1.6234104041845014
461,1559350800,351,250,0,601,22,-0.8084675470673154,-0.6407650146142401
461,1559365200,80,36,0,116,22,-0.8084675470673154,-1.222707292365904
461,1559379600,28,210,182,238,22,-0.3970210803707402,-1.0763218121891966
461,1559394000,229,877,648,1106,22,0.656462729962249,-0.034825117161476724
461,1559408400,600,1017,417,1617,22,0.1342422145396728,0.5783140662016165
461,1559422800,663,689,26,1352,22,-0.7496894803963761,0.2603456051620476
461,1559437200,235,240,5,475,22,-0.7971640727075193,-0.7919500187311672
461,1559451600,86,36,0,122,22,-0.8084675470673154,-1.215508006455574
461,1559466000,22,119,97,141,22,-0.5891801444872725,-1.1927102677395294
461,1559480400,171,692,521,863,22,0.36935448122343006,-0.3263961965298361
461,1559494800,523,929,406,1452,22,0.10937457094812156,0.3803337036675453
461,1559509200,573,496,0,1069,22,-0.8084675470673154,-0.07922071360851086
461,1559523600,191,114,0,305,22,-0.8084675470673154,-0.9959297861905132
461,1559538000,14,21,7,35,22,-0.792642682963601,-1.319897652155357
461,1559552400,124,928,804,1052,22,1.009131129987885,-0.09961869035444548
461,1559566800,318,1603,1285,1921,22,2.096525363400262,0.9430778856583295
461,1559581200,676,1106,430,1782,22,0.16363124787514247,0.7762944287356877
461,1559595600,1352,1093,0,2445,22,-0.8084675470673154,1.5718155218271375
461,1559610000,252,122,0,374,23,-0.8153912877379431,-0.9175865167624213
461,1559624400,12,19,7,31,23,-0.7993346876980935,-1.3190550024721779
461,1559638800,143,1014,871,1157,23,1.1825085172204919,-0.0011147257690122478
461,1559653200,353,1622,1269,1975,23,2.0954409194862293,0.9563232372355964
461,1559667600,746,1173,427,1919,23,0.16406131469288554,0.8907773620176771
461,1559682000,1398,1285,0,2683,23,-0.8153912877379431,1.785010373919292
461,1559696400,327,172,0,499,23,-0.8153912877379431,-0.7712787595795655
461,1559710800,15,14,0,29,23,-0.8153912877379431,-1.3213959265871036
461,1559725200,136,914,778,1050,23,0.9691851166910609,-0.12635416591753687
461,1559739600,345,1637,1292,1982,23,2.1481983196171637,0.9645164716378364
461,1559754000,760,1113,353,1873,23,-0.005679885728382202,0.8369361073743861
461,1559768400,1378,1119,0,2497,23,-0.8153912877379431,1.5673044312312026
461,1559782800,284,119,0,403,23,-0.8153912877379431,-0.8836431170959987
461,1559797200,22,19,0,41,23,-0.8153912877379431,-1.3073503818975494
461,1559811600,134,966,832,1100,23,1.0930503169984724,-0.06783106304439451
461,1559826000,343,1583,1240,1926,23,2.0289207193211376,0.898970596419917
461,1559840400,749,1182,433,1931,23,0.17782411472704238,0.9048229067072312
461,1559854800,1380,1305,0,2685,23,-0.8153912877379431,1.7873512980342177
461,1559869200,359,186,0,545,23,-0.8153912877379431,-0.7174375049362746
461,1559883600,29,16,0,45,23,-0.8153912877379431,-1.302668533667698
461,1559898000,109,895,786,1004,23,0.9875355167366033,-0.18019542056082782
461,1559912400,367,1605,1238,1972,23,2.0243331193097522,0.952811851063208
461,1559926800,945,1508,563,2453,23,0.4760181154671073,1.5158041007028373
461,1559941200,1287,1313,26,2600,23,-0.7557524875899302,1.6878620231498758
461,1559955600,348,247,0,595,23,-0.8153912877379431,-0.6589144020631322
461,1559970000,87,46,0,133,23,-0.8153912877379431,-1.1996678726109675
461,1559984400,35,200,165,235,23,-0.43691428679863,-1.080280742749757
461,1559998800,173,937,764,1110,23,0.9370719166113616,-0.05612644246976605
461,1560013200,560,1151,591,1711,23,0.5402445156265059,0.6473212540654049
461,1560027600,652,712,60,1364,23,-0.6777632873963747,0.24117092012579705
461,1560042000,277,251,0,528,23,-0.8153912877379431,-0.7373353599131429
461,1560056400,56,28,0,84,23,-0.8153912877379431,-1.257020513426647
461,1560070800,20,120,100,140,23,-0.5860112871686625,-1.1914746382087276
461,1560085200,121,687,566,808,23,0.48289951548418575,-0.4096059838235458
461,1560099600,465,819,354,1284,23,-0.0033860857226893945,0.1475339555287693
461,1560114000,525,504,0,1029,23,-0.8153912877379431,-0.15093386912425663
461,1560128400,155,101,0,256,23,-0.8153912877379431,-1.0557010395430373
461,1560142800,21,21,0,42,23,-0.8153912877379431,-1.3061799198400865
461,1560157200,117,867,750,984,23,0.9049587165316623,-0.20360466171008476
461,1560171600,303,1482,1179,1785,23,1.8889989189738765,0.7339354463176556
461,1560186000,625,911,286,1536,23,-0.15936448610980028,0.4424903940094067
461,1560200400,1301,935,0,2236,23,-0.8153912877379431,1.2618138342333995
461,1560214800,236,98,0,334,24,-0.8672625548127298,-1.116946205828557
461,1560229200,13,27,14,40,24,-0.8390943365027176,-1.4432347058006652
461,1560243600,137,889,752,1026,24,0.645773171553645,-0.3489474235812823
461,1560258000,253,1628,1375,1881,24,1.8992588863491922,0.5999528059294401
461,1560272400,688,1095,407,1783,24,-0.048372208228800916,0.4911899726054041
461,1560286800,1366,1234,0,2600,24,-0.8672625548127298,1.3979168585823165
461,1560301200,337,166,0,503,24,-0.8672625548127298,-0.9293858095860867
461,1560315600,14,25,11,39,24,-0.8451303832834345,-1.4443445306305023
461,1560330000,160,989,829,1149,24,0.8006983722587127,-0.21243896951131874
461,1560344400,321,1651,1330,1972,24,1.8087181846384384,0.7009468654446164
461,1560358800,708,1159,451,1867,24,0.04015647788838059,0.5844152583117207
461,1560373200,1458,1266,0,2724,24,-0.8672625548127298,1.5355351374821173
461,1560387600,352,146,0,498,24,-0.8672625548127298,-0.9349349337352723
461,1560402000,19,27,8,46,24,-0.8511664300641514,-1.4365757568216424
461,1560416400,142,911,769,1053,24,0.6799774366443742,-0.3189821531756805
461,1560430800,310,1630,1320,1940,24,1.7885980287027152,0.6654324708898292
461,1560445200,687,1172,485,1859,24,0.10856500806983903,0.5755366596730238
461,1560459600,1377,1174,0,2551,24,-0.8672625548127298,1.3435354419202985
461,1560474000,366,143,0,509,24,-0.8672625548127298,-0.9227268606070641
461,1560488400,24,33,9,57,24,-0.849154414470579,-1.4243676836934343
461,1560502800,105,903,798,1008,24,0.7383258888579711,-0.36892427051835014
461,1560517200,336,1619,1283,1955,24,1.71415345174054,0.6820798433373857
461,1560531600,925,1429,504,2354,24,0.14679330434771284,1.1248999504423893
461,1560546000,1265,1157,0,2422,24,-0.8672625548127298,1.2003680388713123
461,1561165200,9888,7637,0,17525,25,-0.7574683431512494,4.052785740784692
461,1561179600,95,37,0,132,25,-0.7574683431512494,-0.4515340540622201
461,1561194000,38,216,178,254,25,-0.2381170545878847,-0.41993933118684934
461,1561208400,225,789,564,1014,25,0.88811663858885,-0.22311974606158902
461,1561222800,566,1113,547,1679,25,0.8385156728271804,-0.05090260907698622
461,1561237200,701,712,11,1413,25,-0.7253736005995809,-0.11978946387082734
461,1561251600,283,282,0,565,25,-0.7574683431512494,-0.33939868516848626
461,1561266000,89,30,0,119,25,-0.7574683431512494,-0.45490070486041534
461,1561280400,26,121,95,147,25,-0.480286475659566,-0.4476494569873794
461,1561294800,176,671,495,847,25,0.6867950716738379,-0.26636826016148174
461,1561309200,521,935,414,1456,25,0.4504610583388236,-0.10865361892295076
461,1561323600,562,522,0,1084,25,-0.7574683431512494,-0.20499162637899923
461,1561338000,159,129,0,288,25,-0.7574683431512494,-0.4111342444838772
461,1561352400,23,22,0,45,25,-0.7574683431512494,-0.47406471709629594
461,1561366800,119,858,739,977,25,1.3987148155472142,-0.23270175217952932
461,1561381200,325,1575,1250,1900,25,2.889661492265638,0.006330454492332909
461,1561395600,686,1066,380,1752,25,0.35125912681548427,-0.03199756997942831
461,1561410000,1356,1207,0,2563,25,-0.7574683431512494,0.17802964520029027
461,1561424400,260,126,0,386,26,-0.7868172399805137,-0.8715132374993001
461,1561438800,17,16,0,33,26,-0.7868172399805137,-1.276879677002504
461,1561453200,130,887,757,1017,26,0.97091655203329,-0.14690637255164662
461,1561467600,322,1645,1323,1967,26,2.285153442759595,0.944023138859242
461,1561482000,680,1079,399,1759,26,0.13965010878237624,0.7051669932029633
461,1561496400,1475,1171,0,2646,26,-0.7868172399805137,1.7237506528044984
461,1561510800,288,144,0,432,26,-0.7868172399805137,-0.8186892822099308
461,1561525200,15,23,8,38,26,-0.7682414535391525,-1.2711379427319203
461,1561539600,124,959,835,1083,26,1.1520304698365618,-0.07111548017994278
461,1561554000,334,1568,1234,1902,26,2.0784978185994514,0.869380593341655
461,1561568400,671,1123,452,1794,26,0.2627146939563942,0.7453591330970486
461,1561582800,1523,1239,0,2762,26,-0.7868172399805137,1.8569588878820384
461,1561597200,343,154,0,497,26,-0.7868172399805137,-0.7440467366923436
461,1561611600,17,23,6,40,26,-0.7728854001494928,-1.268841249023687
461,1561626000,134,875,741,1009,26,0.9337649791505676,-0.15609314738458044
461,1561640400,346,1604,1258,1950,26,2.1342251779235353,0.9245012423392578
461,1561654800,784,1221,437,2005,26,0.22788509437884194,0.9876603193156777
461,1561669200,1531,1454,0,2985,26,-0.7868172399805137,2.113040236350068
461,1561683600,363,165,0,528,26,-0.7868172399805137,-0.7084479842147251
461,1561698000,23,18,0,41,26,-0.7868172399805137,-1.2676929021695702
461,1561712400,105,853,748,958,26,0.9500187922867587,-0.2146588369445334
461,1561726800,341,1631,1290,1972,26,2.20852832368898,0.9497648731298257
461,1561741200,964,1475,511,2439,26,0.399711118961433,1.4860428540023363
461,1561755600,1261,1212,0,2473,26,-0.7868172399805137,1.5250866470423048
461,1561770000,349,264,0,613,26,-0.7868172399805137,-0.6108385016148035
461,1561784400,81,39,0,120,26,-0.7868172399805137,-1.176973500694349
461,1561798800,23,180,157,203,26,-0.4222674310688001,-1.0816607118026607
461,1561813200,164,667,503,831,26,0.38113533252007187,-0.36049888741735747
461,1561827600,550,911,361,1461,26,0.05141512318591052,0.36295963067617926
461,1561842000,666,622,0,1288,26,-0.7868172399805137,0.16429562491398583
461,1561856400,223,195,0,418,26,-0.7868172399805137,-0.8347661381675648
461,1561870800,75,35,0,110,26,-0.7868172399805137,-1.1884569692355162
461,1561885200,22,115,93,137,26,-0.5708737225996897,-1.1574516041743645
461,1561899600,127,633,506,760,26,0.3881012524355823,-0.4420315140596449
461,1561914000,486,819,333,1305,26,-0.01360012935885368,0.18381752143397015
461,1561928400,601,448,0,1049,26,-0.7868172399805137,-0.11015927321991142
461,1561942800,224,127,0,351,26,-0.7868172399805137,-0.9117053773933854
461,1561957200,26,24,0,50,26,-0.7868172399805137,-1.2573577804825196
461,1561971600,104,788,684,892,26,0.801412500755869,-0.29044972931623725
461,1561986000,260,1490,1230,1750,26,2.069209925378771,0.6948318715159127
461,1562000400,683,1049,366,1732,26,0.06302498971176128,0.6741616281418117
461,1562014800,1286,1015,0,2301,26,-0.7868172399805137,1.3275709881342281
461,1562029200,267,110,0,377,27,-0.7788705784842275,-0.6823607475213699
461,1562043600,16,25,9,41,27,-0.7513368569095307,-1.1704829370677932
461,1562058000,114,847,733,961,27,1.4635980786549712,0.16604210573788974
461,1562063283,89,873,784,962,27,1.6196225009115868,0.16749485034963507
461,1562072400,246,742,496,988,27,0.7385434105212877,0.20526621025501307
461,1562086800,717,1044,327,1761,27,0.22152130539642462,1.3282377951341358
461,1562101200,1299,1086,0,2385,27,-0.7788705784842275,2.234750432863208
461,1562115600,308,128,0,436,27,-0.7788705784842275,-0.5966488154283968
461,1562130000,18,27,9,45,27,-0.7513368569095307,-1.164671958620812
461,1562144400,97,869,772,966,27,1.5829108721453242,0.1733058287966163
461,1562158800,308,1462,1154,1770,27,2.751564387871346,1.3413124966398435
461,1562173200,923,1196,273,2119,27,0.056318975948243546,1.848320366138956
461,1562187600,1132,992,0,2124,27,-0.7788705784842275,1.8555840891976825
461,1562202000,263,160,0,423,27,-0.7788705784842275,-0.6155344953810857
461,1562216400,37,29,0,66,27,-0.7788705784842275,-1.1341643217741606
461,1562230800,24,122,98,146,27,-0.4790589435597507,-1.017944752834536
461,1562245200,102,384,282,486,27,0.08385269752294039,-0.5240115848411313
461,1562259600,385,487,102,872,27,-0.4668217339709966,0.03674783529255738
461,1562274000,391,325,0,716,27,-0.7788705784842275,-0.1898803241397106
461,1562288400,117,163,46,280,27,-0.6381426682135547,-0.8232769748606648
461,1562302800,17,22,5,39,27,-0.7635740664982849,-1.173388426291284
461,1562317200,45,455,410,500,27,0.4754434043630733,-0.5036731602766971
461,1562331600,194,1014,820,1208,27,1.729757387210374,0.5248700248389807
461,1562346000,602,1174,572,1776,27,0.9710503927076165,1.3500289643103154
461,1562360400,772,751,0,1523,27,-0.7788705784842275,0.9824845775387526
461,1562374800,219,149,0,368,27,-0.7788705784842275,-0.6954354490270777
461,1562389200,47,21,0,68,27,-0.7788705784842275,-1.1312588325506698
461,1562403600,19,173,154,192,27,-0.30773800931719253,-0.9511185006942517
461,1562418000,129,731,602,860,27,1.0628294646232725,0.019314899951613687
461,1562432400,502,925,423,1427,27,0.5152143355265243,0.8430210948112031
461,1562446800,565,560,0,1125,27,-0.7788705784842275,0.4042922220641202
461,1562461200,215,145,0,360,27,-0.7788705784842275,-0.7070574059210402
461,1562475600,41,30,0,71,27,-0.7788705784842275,-1.126900598715434
461,1562490000,25,113,88,138,27,-0.5096519675316361,-1.0295667097284984
461,1562504400,122,603,481,725,27,0.6926538745634596,-0.17680562263400285
461,1562518800,438,736,298,1174,27,0.132801535877957,0.47547670803964026
461,1562533200,530,442,0,972,27,-0.7788705784842275,0.18202229646708815
461,1562547600,151,85,0,236,27,-0.7788705784842275,-0.8871977377774583
461,1562562000,13,21,8,34,27,-0.7543961593067192,-1.1806521493500104
461,1562572429,29,312,283,341,27,0.08691199992012894,-0.734659553544201
461,1562576400,128,513,385,641,27,0.3989608444333599,-0.2988361700206087
461,1562590800,261,1499,1238,1760,27,3.0085457892351832,1.3267850505223906
461,1562605200,579,929,350,1508,27,0.291885260531761,0.960693408362573
461,1562619600,1341,944,0,2285,27,-0.7788705784842275,2.089475971688677
461,1562634000,233,104,0,337,28,-0.7831257093272826,-0.9098156969164966
461,1562648400,15,16,1,31,28,-0.7807423555512848,-1.2783578555849466
461,1562662800,137,959,822,1096,28,1.1759910945429228,0.00431338291799231
461,1562677200,300,1487,1187,1787,28,2.045915222782126,0.8365442052706034
461,1562691600,678,1030,352,1708,28,0.05581481982394892,0.7413977002548924
461,1562706000,1441,1115,0,2556,28,-0.7831257093272826,1.762717146499486
461,1562720400,268,134,0,402,28,-0.7831257093272826,-0.8315305978529369
461,1562734800,17,25,8,42,28,-0.7640588791193,-1.2651096080511135
461,1562743014,16,207,191,223,28,-0.3279051381116996,-1.0471157168125858
461,1562749200,136,625,489,761,28,0.3823342871356498,-0.39915597379419976
461,1562763600,346,1601,1255,1947,28,2.2079832795499774,1.0292459875809041
461,1562778000,716,1057,341,1773,28,0.029597928287972933,0.819682799318452
461,1562792400,1381,1094,0,2475,28,-0.7831257093272826,1.6651618692048962
461,1562806800,297,189,0,486,28,-0.7831257093272826,-0.730362162140029
461,1562821200,16,17,1,33,28,-0.7807423555512848,-1.2759490833060678
461,1562835600,119,895,776,1014,28,1.0663568208470233,-0.09444628051603679
461,1562850000,324,1668,1344,1992,28,2.4201017656137833,1.0834433638556762
461,1562864400,753,1022,269,1775,28,-0.14200354358386988,0.8220915715973308
461,1562878800,1335,1068,0,2403,28,-0.7831257093272826,1.578446067165261
461,1562893200,351,124,0,475,28,-0.7831257093272826,-0.7436104096738622
461,1562907600,19,18,0,37,28,-0.7831257093272826,-1.2711315387483102
461,1562922000,97,856,759,953,28,1.0258398066550602,-0.16791383502183893
461,1562936400,350,1622,1272,1972,28,2.2485002937419405,1.0593556410668885
461,1562950800,927,1323,396,2250,28,0.16068238596785286,1.3941749878310359
461,1562965200,1266,1195,0,2461,28,-0.7831257093272826,1.648300463252745
461,1562979600,351,271,0,622,28,-0.7831257093272826,-0.5665656471762734
461,1562994000,82,45,0,127,28,-0.7831257093272826,-1.162736786198766
461,1563008400,42,207,165,249,28,-0.38987233628764284,-1.0158016771871619
461,1563022800,211,812,601,1023,28,0.6492699100474053,-0.08360680526108237
461,1563037200,567,1041,474,1608,28,0.34658398049568256,0.6209590863109545
461,1563051600,638,748,110,1386,28,-0.5209567939675227,0.3535853633554123
461,1563066000,215,183,0,398,28,-0.7831257093272826,-0.8363481424106944
461,1563080400,63,25,0,88,28,-0.7831257093272826,-1.209707845636902
461,1563094800,20,114,94,134,28,-0.5590904543834878,-1.1543060832226906
461,1563109200,135,655,520,790,28,0.45621825419158213,-0.36422877575045776
461,1563123600,447,855,408,1302,28,0.18928263127982667,0.25241692764250445
461,1563138000,535,516,0,1051,28,-0.7831257093272826,-0.04988399335677975
461,1563152400,133,99,0,232,28,-0.7831257093272826,-1.0362762415576314
461,1563166800,20,15,0,35,28,-0.7831257093272826,-1.273540311027189
461,1563181200,110,908,798,1018,28,1.1187906039189752,-0.08962873595827928
461,1563195600,292,1475,1183,1767,28,2.0363818076781346,0.8124564824818158
461,1563210000,666,979,313,1645,28,-0.03713597743996594,0.6655213734702116
461,1563224400,1421,1089,0,2510,28,-0.7831257093272826,1.7073153840852746
461,1563238800,246,131,0,377,29,-0.7657927559469553,-0.8246706425873709
461,1563253200,16,15,0,31,29,-0.7657927559469553,-1.2480617126869225
461,1563267600,116,956,840,1072,29,1.2078379500683156,0.025782518450745622
461,1563282000,320,1552,1232,1872,29,2.128865612875442,1.004721408854333
461,1563296400,710,998,288,1708,29,-0.08911937102743378,0.8040389363215975
461,1563310800,1439,1114,0,2553,29,-0.7657927559469553,1.8380431393103867
461,1563325200,276,128,0,404,29,-0.7657927559469553,-0.7916314550362498
461,1563339600,16,23,7,39,29,-0.749345833396828,-1.2382723237828865
461,1563354000,127,896,769,1023,29,1.0410191642027393,-0.0341774885864741
461,1563368400,338,1553,1215,1891,29,2.088923086682276,1.0279712075014182
461,1563382800,692,982,290,1674,29,-0.084420250298826,0.762434033479445
461,1563397200,1436,1196,0,2632,29,-0.7657927559469553,1.9347133547377409
461,1563411600,311,118,0,429,29,-0.7657927559469553,-0.7610396147111377
461,1563426000,14,25,11,39,29,-0.7399475919396125,-1.2382723237828865
461,1563440400,132,865,733,997,29,0.9564349910877991,-0.06599300252459069
461,1563454800,334,1650,1316,1984,29,2.326228683476969,1.1417728535108351
461,1563469200,666,1057,391,1723,29,0.1528853464958673,0.8223940405166648
461,1563483600,1387,1222,0,2609,29,-0.7657927559469553,1.9065688616386378
461,1563498000,295,154,0,449,29,-0.7657927559469553,-0.736566142451048
461,1563512400,18,25,7,43,29,-0.749345833396828,-1.2333776293308685
461,1563526800,93,854,761,947,29,1.022222681288308,-0.1271766831748149
461,1563541200,316,1556,1240,1872,29,2.1476620957898733,1.004721408854333
461,1563555600,874,1223,349,2097,29,0.05420381119510375,1.280047971780342
461,1563570000,1201,1143,0,2344,29,-0.7657927559469553,1.5822953541924494
461,1563584400,311,241,0,552,29,-0.7657927559469553,-0.6105277603115862
461,1563598800,53,30,0,83,29,-0.7657927559469553,-1.1844306848106891
461,1563613200,26,201,175,227,29,-0.3546196921937738,-1.0082216845380434
461,1563627600,161,759,598,920,29,0.6392443419067734,-0.16021587072593596
461,1563642000,403,807,404,1210,29,0.1834296312318179,0.19464947704536442
461,1563656400,536,547,11,1083,29,-0.7399475919396125,0.03924292819379495
461,1563670800,212,187,0,399,29,-0.7657927559469553,-0.7977498231012722
461,1563685200,65,27,0,92,29,-0.7657927559469553,-1.1734176222936488
461,1563698803,16,102,86,118,29,-0.5637305646168204,-1.1416021083555323
461,1563699600,17,126,109,143,29,-0.5096906762378308,-1.1110102680304201
461,1563714000,110,635,525,745,29,0.46772643531258906,-0.37435875300172067
461,1563728400,366,740,374,1106,29,0.1129428203027011,0.06738742129289808
461,1563742800,491,419,0,910,29,-0.7657927559469553,-0.1724526068559808
461,1563757200,131,92,0,223,29,-0.7657927559469553,-1.0131163789900615
461,1563771600,24,17,0,41,29,-0.7657927559469553,-1.2358249765568776
461,1563786000,110,875,765,985,29,1.0316209227455235,-0.0806770858806445
461,1563800400,292,1558,1266,1850,29,2.2087506652617743,0.9778005893682343
461,1563814800,660,913,253,1573,29,-0.17135398377807007,0.6388429985659921
461,1563829200,1269,852,0,2121,29,-0.7657927559469553,1.3094161384924494
461,1563843600,188,92,0,280,30,-0.7777209877474376,-0.9866334457710325
461,1563858000,14,14,0,28,30,-0.7777209877474376,-1.2977934097174153
461,1563872400,100,866,766,966,30,1.0292292265813385,-0.13958687725032365
461,1563886800,275,1600,1325,1875,30,2.347878273330406,0.9828115641277001
461,1563901200,676,969,293,1645,30,-0.08655073605248803,0.6988163589385412
461,1563915600,1381,1091,0,2472,30,-0.7777209877474376,1.7199643358578214
461,1563930000,311,128,0,439,30,-0.7777209877474376,-0.7903063256620052
461,1563944400,19,23,4,42,30,-0.7682852163932403,-1.2805067450537273
461,1563958800,116,690,574,806,30,0.5763122015798697,-0.3371487591210429
461,1563973200,321,1592,1271,1913,30,2.220495360048743,1.029732511071996
461,1563987600,692,1109,417,1801,30,0.20595817592762716,0.8914391937624925
461,1564002000,1354,1179,0,2533,30,-0.7777209877474376,1.7952848033210331
461,1564016400,331,178,0,509,30,-0.7777209877474376,-0.7038730023435655
461,1564030800,18,20,2,38,30,-0.773003102070339,-1.2854457921004954
461,1564045200,116,864,748,980,30,0.9867682554874507,-0.12230021258663572
461,1564059600,330,1557,1227,1887,30,2.116701875152573,0.9976287052680041
461,1564074000,725,1116,391,1841,30,0.14462566212534494,0.9408296642301723
461,1564088400,1386,1192,0,2578,30,-0.7777209877474376,1.8508490825971728
461,1564102800,295,168,0,463,30,-0.7777209877474376,-0.7606720433813974
461,1564117200,22,17,0,39,30,-0.7777209877474376,-1.2842110303388035
461,1564131600,100,839,739,939,30,0.9655377699405069,-0.17292544481600752
461,1564146000,314,1519,1205,1833,30,2.064805132704488,0.9309515701366363
461,1564160400,927,1306,379,2233,30,0.11631834806275314,1.4248562748134346
461,1564174800,1178,1069,0,2247,30,-0.7777209877474376,1.4421429394771224
461,1564189200,312,281,0,593,30,-0.7777209877474376,-0.600153014361438
461,1564203600,76,32,0,108,30,-0.7777209877474376,-1.1990124687820558
461,1564218000,24,203,179,227,30,-0.35547021964711006,-1.0520758191407082
461,1564232400,154,857,703,1011,30,0.8806158277527315,-0.08402259797418386
461,1564246800,522,1020,498,1542,30,0.39703254585012177,0.5716358974842657
461,1564261200,642,618,0,1260,30,-0.7777209877474376,0.22343308068712298
461,1564275600,230,217,0,447,30,-0.7777209877474376,-0.7804282315684693
461,1564290000,70,33,0,103,30,-0.7777209877474376,-1.2051862775905158
461,1564304400,21,113,92,134,30,-0.5606982466009005,-1.1669086629780638
461,1564318800,119,617,498,736,30,0.39703254585012177,-0.4235820824394826
461,1564333200,394,736,342,1130,30,0.029037463036428453,0.06291405166716359
461,1564347600,513,459,0,972,30,-0.7777209877474376,-0.1321783066801717
461,1564362000,126,94,0,220,30,-0.7777209877474376,-1.0607191514725522
461,1564376400,16,20,4,36,30,-0.7682852163932403,-1.2879153156238794
461,1564390800,108,803,695,911,30,0.861744285044337,-0.2074987741433834
461,1564405200,274,1500,1226,1774,30,2.114342932314024,0.8581006261968086
461,1564419600,618,887,269,1505,30,-0.14316536417767162,0.5259497123016619
461,1564434000,1299,925,0,2224,30,-0.7777209877474376,1.4137434189582065
461,1564448400,227,105,0,332,31,-0.8539258194371735,-1.0729588836226016
461,1564462800,18,27,9,45,31,-0.8341691809411977,-1.413882437012789
461,1564477200,110,931,821,1041,31,0.9483186478068354,-0.2307470391848219
461,1564491600,279,1601,1322,1880,31,2.0481048574161513,0.7658901081823111
461,1564506000,670,1032,362,1702,31,-0.05926991548792721,0.5544462318636583
461,1564520400,1318,1067,0,2385,31,-0.8539258194371735,1.3657730157155674
461,1564534800,243,118,0,361,31,-0.8539258194371735,-1.0385101621998998
461,1564549200,15,25,10,40,31,-0.8319739988860894,-1.419821871740841
461,1564563600,106,807,701,913,31,0.6848968011938256,-0.3827965682229542
461,1564578000,299,1536,1237,1835,31,1.861514382731936,0.7124351956298426
461,1564592400,648,999,351,1647,31,-0.08341691809411977,0.4891124498550858
461,1564606800,1329,1012,0,2341,31,-0.8539258194371735,1.3135059901087094
461,1564621200,247,137,0,384,31,-0.8539258194371735,-1.0111887624508604
461,1564635600,16,29,13,45,31,-0.8253884527207641,-1.413882437012789
461,1564650000,111,886,775,997,31,0.8473402732718482,-0.2830140647916799
461,1564664400,314,1453,1139,1767,31,1.6463865413313115,0.6316588833283349
461,1564678800,771,1176,405,1947,31,0.03512291288173464,0.8454785335382083
461,1564693200,1287,1226,0,2513,31,-0.8539258194371735,1.5178225447536997
461,1564707600,293,144,0,437,31,-0.8539258194371735,-0.9482307543335088
461,1564722000,33,36,3,69,31,-0.8473402732718482,-1.3853731503181392
461,1564736400,93,811,718,904,31,0.7222148961306686,-0.3934875507334479
461,1564750800,312,1405,1093,1717,31,1.5454081667963244,0.5722645360478144
461,1564765200,848,1225,377,2073,31,-0.026342184661300984,0.9951522886851198
461,1564779600,1159,1112,0,2271,31,-0.8539258194371735,1.2303539039159808
461,1565398800,9403,9639,236,19042,32,-0.08291341615656549,4.073943667705112
461,1565413200,57,27,0,84,32,-0.807638090710249,-0.42141882701561356
461,1565427600,30,185,155,215,32,-0.33165366462626195,-0.39035582001021135
461,1565442000,169,794,625,963,32,1.1116539499509892,-0.2129884212312735
461,1565456400,516,1007,491,1523,32,0.7001577364332197,-0.08019999433795108
461,1565470800,668,588,0,1256,32,-0.807638090710249,-0.14351161930316017
461,1565485200,231,191,0,422,32,-0.807638090710249,-0.34127152649785825
461,1565499600,62,38,0,100,32,-0.807638090710249,-0.41762487196151865
461,1565514000,28,114,86,142,32,-0.5435435059152627,-0.40766573994451943
461,1565528400,136,586,450,722,32,0.5742521785658424,-0.2701348692335784
461,1565542800,395,819,424,1214,32,0.49440962967433494,-0.15347075132015936
461,1565557200,495,450,0,945,32,-0.807638090710249,-0.2172566206671303
461,1565571600,132,97,0,229,32,-0.807638090710249,-0.3870361093378783
461,1565586000,14,19,5,33,32,-0.7922837543849591,-0.43351205875054116
461,1565600400,91,834,743,925,32,1.4740162872278308,-0.221999064484749
461,1565614800,295,1471,1176,1766,32,2.8037018129979367,-0.02257930195388438
461,1565629200,651,994,343,1645,32,0.24566938120463847,-0.05127108705047726
461,1565643600,1273,1003,0,2276,32,-0.807638090710249,0.09835301539539142
461,1565658000,269,120,0,389,33,-0.7964425101444964,-0.7938595290702923
461,1565672400,21,30,9,51,33,-0.7739691430348185,-1.2164632057833749
461,1565686800,104,876,772,980,33,1.1312729797078802,-0.054928248190316546
461,1565701200,316,1510,1194,1826,33,2.1850241930727803,1.0028312503282275
461,1565715600,623,1038,415,1661,33,0.2398294176906543,0.7965306389150362
461,1565730000,1316,1046,0,2362,33,-0.7964425101444964,1.6729956607371395
461,1565744400,266,134,0,400,33,-0.7964425101444964,-0.7801061549760795
461,1565758800,20,26,6,46,33,-0.781460265404711,-1.2227147394625624
461,1565772634,101,312,211,413,33,-0.26956690346204626,-0.7638521674101918
461,1565773200,70,896,826,966,33,1.2661131823659482,-0.07243254249204185
461,1565787600,296,1578,1282,1874,33,2.4047637825896317,1.0628459736484286
461,1565802000,705,1084,379,1789,33,0.14993594925194242,0.956569901102239
461,1565816400,1371,1075,0,2446,33,-0.7964425101444964,1.7780214265474914
461,1565830800,284,111,0,395,33,-0.7964425101444964,-0.7863576886552671
461,1565845200,19,21,2,40,33,-0.7914484285645679,-1.2302165798775877
461,1565859600,91,714,623,805,33,0.7592139020032117,-0.273731926961883
461,1565874000,325,1478,1153,1803,33,2.0826455206842476,0.9740741954039644
461,1565888400,771,1078,307,1849,33,-0.0298509876254813,1.0315883052524903
461,1565902800,1379,1173,0,2552,33,-0.7964425101444964,1.9105539405462688
461,1565917200,292,165,0,457,33,-0.7964425101444964,-0.7088386710333408
461,1565931600,29,45,16,74,33,-0.7564898575050689,-1.1877061508591118
461,1565946000,79,690,611,769,33,0.7292494125236411,-0.3187429694520338
461,1565946012,0,0,0,0,33,-0.7964425101444964,-1.2802288493110885
461,1565960400,328,1491,1163,1819,33,2.1076159285838894,0.9940791031773647
461,1565974800,840,1252,412,2092,33,0.23233829532076164,1.3354128420610085
461,1565989200,1210,1125,0,2335,33,-0.7964425101444964,1.6392373788695265
461,1566003600,304,210,0,514,33,-0.7964425101444964,-0.637571187090602
461,1566018000,76,29,0,105,33,-0.7964425101444964,-1.1489466420481487
461,1566032400,28,207,179,235,33,-0.34947220874090124,-0.9864067663892707
461,1566046800,187,856,669,1043,33,0.8740777783415657,0.023841076167447368
461,1566061200,545,1014,469,1559,33,0.3746696203487221,0.6689993518596089
461,1566075600,642,750,108,1392,33,-0.5267621048283607,0.46019812697474266
461,1566090000,231,198,0,429,33,-0.7964425101444964,-0.7438472596367914
461,1566104400,76,29,0,105,33,-0.7964425101444964,-1.1489466420481487
461,1566118800,21,110,89,131,33,-0.5742058798376809,-1.116438666916373
461,1566133200,132,604,472,736,33,0.3821607427186147,-0.360003091734672
461,1566147600,415,863,448,1278,33,0.3222317637594735,0.3176631590892651
461,1566162000,510,360,0,870,33,-0.7964425101444964,-0.192461989132444
461,1566176400,117,70,0,187,33,-0.7964425101444964,-1.046421489709472
461,1566190800,15,17,2,32,33,-0.7914484285645679,-1.2402190337642878
461,1566205200,90,795,705,885,33,0.9639712467802777,-0.17370738809488118
461,1566219600,258,1423,1165,1681,33,2.112610010163818,0.8215367736317867
461,1566234000,566,913,347,1479,33,0.07003064397308743,0.5689748129926071
461,1566248400,1346,853,0,2199,33,-0.7964425101444964,1.4691956627956233
461,1566262800,213,104,0,317,34,-0.8142079243273447,-0.9466850135382128
461,1566277200,15,30,15,45,34,-0.7770213945081315,-1.2977734953801991
461,1566291600,93,907,814,1000,34,1.2037810938619593,-0.06509150950116645
461,1566306000,315,1465,1150,1780,34,2.036759361812335,0.9417063428398236
461,1566320400,663,954,291,1617,34,-0.09278924583460825,0.7313114070301039
461,1566334800,1420,1094,0,2514,34,-0.8142079243273447,1.8891289372222424
461,1566349200,258,119,0,377,34,-0.8142079243273447,-0.8692390248965982
461,1566363600,23,20,0,43,34,-0.8142079243273447,-1.3003550283349194
461,1566378000,97,772,675,869,34,0.85918591753725,-0.23418191803535834
461,1566392400,294,1500,1206,1794,34,2.175589073137398,0.9597770735228669
461,1566406800,678,988,310,1666,34,-0.045686308063604845,0.7945589644207558
461,1566421200,1285,1008,0,2293,34,-0.8142079243273447,1.6038695457256285
461,1566435600,297,151,0,448,34,-0.8142079243273447,-0.7775946050040209
461,1566450000,18,21,3,39,34,-0.806770618363502,-1.3055180942443605
461,1566464400,102,853,751,955,34,1.0475976686212638,-0.12317600098237741
461,1566478800,274,1592,1318,1866,34,2.4532484957875234,1.0527122598928045
461,1566493200,666,1101,435,1767,34,0.2642014404298386,0.9249263786341404
461,1566507600,1282,1101,0,2383,34,-0.8142079243273447,1.7200385286880504
461,1566522000,303,136,0,439,34,-0.8142079243273447,-0.7892115033002631
461,1566536400,24,33,9,57,34,-0.7918960064358167,-1.2822842976518762
461,1566550800,84,753,669,837,34,0.8443113056095648,-0.2754864453108861
461,1566565200,269,1405,1136,1674,34,2.0020519339810696,0.8048850962396378
461,1566579600,814,1259,445,2073,34,0.2889924603093141,1.319900920706375
461,1566594000,1139,1045,0,2184,34,-0.8142079243273447,1.463175999693362
461,1566608400,274,211,0,485,34,-0.8142079243273447,-0.7298362453416919
461,1566622800,66,33,0,99,34,-0.8142079243273447,-1.228072105602746
461,1566637200,31,225,194,256,34,-0.3332621386655204,-1.0254217686571876
461,1566651600,162,747,585,909,34,0.6360667386219708,-0.18255125894094862
461,1566666000,527,993,466,1520,34,0.3410536020562126,0.6061070587261602
461,1566680400,626,749,123,1375,34,-0.5092783798097963,0.4189459195089249
461,1566694800,208,236,28,444,34,-0.7447930686648133,-0.7827576709134618
461,1566709200,56,37,0,93,34,-0.8142079243273447,-1.2358167044669073
461,1566723600,17,131,114,148,34,-0.5315902977013242,-1.164824548212094
461,1566738000,121,627,506,748,34,0.4402176815741145,-0.3903646617959478
461,1566752400,461,907,446,1368,34,0.2914715622972616,0.4099105541674032
461,1566766800,554,514,0,1068,34,-0.8142079243273447,0.02268061095933012
461,1566781200,161,111,0,272,34,-0.8142079243273447,-1.0047695050194239
461,1566795600,20,17,0,37,34,-0.8142079243273447,-1.308099627199081
461,1566810000,93,693,600,786,34,0.6732532684411839,-0.34131553565625855
461,1566824400,271,1403,1132,1674,34,1.9921355260292795,0.8048850962396378
461,1566838800,612,985,373,1597,34,0.11049711717709065,0.705496077482899
461,1566853200,1243,959,0,2202,34,-0.8142079243273447,1.4864097962858462
461,1566867600,239,117,0,356,35,-0.7831764833186795,-0.823162931415089
461,1566882000,27,24,0,51,35,-0.7831764833186795,-1.2474805504818183
461,1566896400,102,822,720,924,35,1.197691437018964,-0.03295831623508157
461,1566910800,280,1344,1064,1624,35,2.1441061100691714,0.9408853996557726
461,1566925200,607,1024,417,1631,35,0.36407618721020574,0.9506238368146811
461,1566939600,1288,967,0,2255,35,-0.7831764833186795,1.818735949265957
461,1566954000,242,130,0,372,35,-0.7831764833186795,-0.8009036464804409
461,1566968400,17,28,11,45,35,-0.7529132234246322,-1.2558277823323114
461,1566982800,85,765,680,850,35,1.0876432192224283,-0.135907509057829
461,1566997200,272,1485,1213,1757,35,2.554035721361267,1.1259157056750349
461,1567011600,678,967,289,1645,35,0.011921890261291321,0.9701007111324982
461,1567026000,1245,981,0,2226,35,-0.7831764833186795,1.7783909953219073
461,1567040400,237,126,0,363,35,-0.7831764833186795,-0.8134244942561805
461,1567054800,23,24,1,47,35,-0.7804252778737661,-1.2530453717154804
461,1567069200,93,699,606,792,35,0.8840540162988372,-0.21659741694592835
461,1567083600,288,1463,1175,1751,35,2.449489914454558,1.117568473824542
461,1567098000,689,1106,417,1795,35,0.36407618721020574,1.1787815073948242
461,1567112400,1271,998,0,2269,35,-0.7831764833186795,1.838212823583774
461,1567126800,294,150,0,444,35,-0.7831764833186795,-0.7007368642745244
461,1567141200,31,25,0,56,35,-0.7831764833186795,-1.2405245239397407
461,1567155600,58,725,667,783,35,1.051877548438554,-0.2291182647216679
461,1567170000,284,1378,1094,1662,35,2.2266422734165734,0.9937512013755618
461,1567184400,932,1276,344,2208,35,0.16323818973152798,1.753349299770428
461,1567198800,945,979,34,1924,35,-0.6896354981916241,1.3582469921804243
461,1567213200,299,219,0,518,35,-0.7831764833186795,-0.597787671451777
461,1567227600,63,39,0,102,35,-0.7831764833186795,-1.1765290797526275
461,1567242000,24,184,160,208,35,-0.3429836121325365,-1.0290613170605838
461,1567256400,165,791,626,956,35,0.939078125197105,0.011560253634214621
461,1567270800,542,969,427,1511,35,0.39158824165933964,0.7836791998048205
461,1567285200,684,689,5,1373,35,-0.7694204560941125,0.5916928672434806
461,1567299600,210,217,7,427,35,-0.7639180452042857,-0.7243873545175881
461,1567314000,61,41,0,102,35,-0.7831764833186795,-1.1765290797526275
461,1567328400,20,131,111,151,35,-0.4777926789332928,-1.1083600196402676
461,1567342800,150,638,488,788,35,0.5594117737990567,-0.22216223817959038
461,1567357200,453,880,427,1333,35,0.39158824165933964,0.5360446549068604
461,1567371600,585,510,0,1095,35,-0.7831764833186795,0.20493779150396996
461,1567386000,196,161,0,357,35,-0.7831764833186795,-0.8217717261066735
461,1567400400,50,25,0,75,35,-0.7831764833186795,-1.2140916230798462
461,1567414800,23,144,121,167,35,-0.45028062448415884,-1.0861007347056195
461,1567429200,139,658,519,797,35,0.6446991425913718,-0.20964139040385082
461,1567443600,420,753,333,1173,35,0.13297492983748066,0.31345180556037944
461,1567458000,471,369,0,840,35,-0.7831764833186795,-0.14981956214198408
461,1567472400,148,85,0,233,36,-0.8236332478943356,-1.085148243669431
461,1567486800,16,20,4,36,36,-0.8147899945137355,-1.3191526891363672
461,1567501200,105,958,853,1063,36,1.0621905355186168,-0.09924118916406562
461,1567515600,285,1569,1284,1854,36,2.015051087278268,0.8403401121777948
461,1567530000,698,1158,460,1856,36,0.19334089087466574,0.8427157918272052
461,1567544400,1341,1105,0,2446,36,-0.8236332478943356,1.5435412884033084
461,1567558800,249,119,0,368,36,-0.8236332478943356,-0.9247898673342211
461,1567573200,19,34,15,53,36,-0.7904710477170854,-1.2989594121163779
461,1567587600,105,1008,903,1113,36,1.172731202776117,-0.03984919792880263
461,1567602000,335,1616,1281,1951,36,2.008418647242818,0.955560575174205
461,1567616400,700,1139,439,1839,36,0.14691381062651568,0.8225225148072158
461,1567630800,1380,1088,0,2468,36,-0.8236332478943356,1.5696737645468242
461,1567645200,263,133,0,396,36,-0.8236332478943356,-0.8915303522424738
461,1567659600,22,26,4,48,36,-0.8147899945137355,-1.3048986112399041
461,1567674000,103,875,772,978,36,0.8831146545614666,-0.20020757426401267
461,1567688400,334,1694,1360,2028,36,2.1830729015096684,1.0470242416765099
461,1567702800,728,1038,310,1766,36,-0.13828111089783468,0.735810207603732
461,1567717200,1387,1296,0,2683,36,-0.8236332478943356,1.825059326858455
461,1567731600,280,154,0,434,36,-0.8236332478943356,-0.8463924389036739
461,1567746000,24,26,2,50,36,-0.8192116212040356,-1.3025229315904936
461,1567760400,95,904,809,999,36,0.9649147483320167,-0.17526293794520223
461,1567774800,356,1602,1246,1958,36,1.9310401801625678,0.9638754539471418
461,1567789200,780,1098,318,1878,36,-0.12059460413663466,0.868848267970721
461,1567803600,1279,1097,0,2376,36,-0.8236332478943356,1.4603925006739402
461,1567818000,244,223,0,467,36,-0.8236332478943356,-0.8071937246884003
461,1567832400,46,31,0,77,36,-0.8236332478943356,-1.2704512563234516
461,1567846800,32,222,190,254,36,-0.403578712315835,-1.0602036073506207
461,1567861200,205,918,713,1123,36,0.7526766671976164,-0.02797079968175003
461,1567875600,622,1271,649,1893,36,0.6111846131080163,0.8866658653412999
461,1567890000,725,874,149,1599,36,-0.4942220594669851,0.5374409568779536
461,1567904400,261,250,0,511,36,-0.8236332478943356,-0.7549287724013689
461,1567918800,82,37,0,119,36,-0.8236332478943356,-1.2205619836858308
461,1567933200,23,114,91,137,36,-0.6224492334856853,-1.1991808668411361
461,1567947600,142,847,705,989,36,0.7349901604364164,-0.18714133619225481
461,1567962000,496,960,464,1456,36,0.20218414425526576,0.36757986194510145
461,1567976400,565,506,0,1071,36,-0.8236332478943356,-0.08973847056642353
461,1567990800,166,92,0,258,36,-0.8236332478943356,-1.0554522480517996
461,1568005200,14,17,3,31,36,-0.8170008078588855,-1.3250918882598937
461,1568019600,118,975,857,1093,36,1.0710337888992167,-0.06360599442290782
461,1568034000,305,1596,1291,1901,36,2.030526780694318,0.8961685839389419
461,1568048400,691,1166,475,1857,36,0.2265030910519158,0.8439036316519105
461,1568062800,1381,1064,0,2445,36,-0.8236332478943356,1.5423534485786032
461,1568077200,266,151,0,417,37,-0.8513248084851655,-0.930049880283802
461,1568091600,21,22,1,43,37,-0.8493133524795187,-1.3352763176381226
461,1568106000,122,975,853,1097,37,0.8644471643315277,-0.19327453963958288
461,1568120400,349,1850,1501,2199,37,2.1678706559906336,1.0007349094632545
461,1568134800,720,1185,465,1905,37,0.0840022341405817,0.6821879239494304
461,1568149200,1504,1219,0,2723,37,-0.8513248084851655,1.5684853190185057
461,1568163600,323,138,0,461,37,-0.8513248084851655,-0.882376181771529
461,1568178000,18,25,7,43,37,-0.8372446164456381,-1.3352763176381226
461,1568192400,124,1043,919,1167,37,0.9972032607042144,-0.11743001927914856
461,1568206800,342,1714,1372,2056,37,1.9083928312622005,0.8457953892983673
461,1568221200,735,1233,498,1968,37,0.15038028232692505,0.7504479922738213
461,1568235600,1463,1233,0,2696,37,-0.8513248084851655,1.5392310040223383
461,1568250000,282,135,0,417,37,-0.8513248084851655,-0.930049880283802
461,1568264400,18,23,5,41,37,-0.8412675284569316,-1.337443303934135
461,1568278800,115,906,791,1021,37,0.7397368919814281,-0.27562001888805443
461,1568293200,353,1835,1482,2188,37,2.129652991883345,0.9888164848351864
461,1568307600,717,1145,428,1862,37,0.00957836193165127,0.6355977185851637
461,1568322000,1437,1246,0,2683,37,-0.8513248084851655,1.5251455930982576
461,1568336400,285,170,0,455,37,-0.8513248084851655,-0.8888771406595662
461,1568350800,31,29,0,60,37,-0.8513248084851655,-1.316856934122017
461,1568365200,98,902,804,1000,37,0.7658858200548361,-0.2983733749961847
461,1568379600,366,1785,1419,2151,37,2.0029312635275986,0.9487272383589568
461,1568394000,813,1329,516,2142,37,0.18658649042856687,0.938975800026901
461,1568408400,1371,1512,141,2883,37,-0.5677095116889712,1.7418442226994986
461,1568422800,363,295,0,658,37,-0.8513248084851655,-0.6689280316143067
461,1568437200,100,36,0,136,37,-0.8513248084851655,-1.2345114548735454
461,1568451600,56,236,180,292,37,-0.4892627274687472,-1.0654865237845776
461,1568466000,233,1016,783,1249,37,0.723645243936254,-0.02858358114263978
461,1568480400,694,1706,1012,2400,37,1.184268669229364,1.2185170322125016
461,1568494800,892,1152,260,2044,37,-0.32834624701700577,0.8327934715222929
461,1568509200,322,307,0,629,37,-0.8513248084851655,-0.7003493329064866
461,1568523600,100,31,0,131,37,-0.8513248084851655,-1.2399289206135766
461,1568538000,47,121,74,168,37,-0.7024770640673046,-1.199839674137347
461,1568552400,193,881,688,1074,37,0.532556923399811,-0.21819488204372559
461,1568566800,607,1308,701,1915,37,0.5587058514732189,0.6930228554294925
461,1568581200,656,733,77,1389,37,-0.6964426960503644,0.12310545957822887
461,1568595600,181,107,0,288,37,-0.8513248084851655,-1.0698204963766025
461,1568610000,31,19,0,50,37,-0.8513248084851655,-1.327691865602079
461,1568624400,107,942,835,1049,37,0.8282409562298859,-0.2452822107438807
461,1568638800,292,1744,1452,2036,37,2.069309311713942,0.8241255263382432
461,1568653200,635,1147,512,1782,37,0.1785406664059798,0.5489182667446673
461,1568667600,1415,1183,0,2598,37,-0.8513248084851655,1.4330486755177303
461,1568682000,259,114,0,373,38,-0.8604267709439832,-0.9379107555734011
461,1568696400,17,20,3,37,38,-0.8540359566820791,-1.297549822569348
461,1568710800,103,1066,963,1169,38,1.1910246071272466,-0.08590868019014583
461,1568725200,368,1757,1389,2125,38,2.098520232317635,0.937350093762608
461,1568739600,753,1256,503,2009,38,0.21109975363527805,0.8131889872997216
461,1568754000,1585,1321,0,2906,38,-0.8604267709439832,1.7732968536549727
461,1568768400,267,126,0,393,38,-0.8604267709439832,-0.9165036682522137
461,1568782800,20,18,0,38,38,-0.8604267709439832,-1.2964794682032887
461,1568797200,129,1030,901,1159,38,1.0589477790478943,-0.09661222385073949
461,1568811600,366,1785,1419,2151,38,2.162428374936676,0.9651793072801514
461,1568826000,724,1198,474,1922,38,0.14932188243687136,0.7200681574525567
461,1568840400,1509,1364,0,2873,38,-0.8604267709439832,1.7379751595750137
461,1568854800,247,162,0,409,38,-0.8604267709439832,-0.8993779983952639
461,1568869200,21,19,0,40,38,-0.8604267709439832,-1.29433875947117
461,1568883600,100,998,898,1098,38,1.0525569647859903,-0.1619038401803608
461,1568898000,344,1737,1393,2081,38,2.107041318000174,0.8902545016559958
461,1568912400,727,1267,540,1994,38,0.2899197961987625,0.797133671808831
461,1568926800,1425,1417,0,2842,38,-0.8604267709439832,1.7047941742271733
461,1568941200,314,167,0,481,38,-0.8604267709439832,-0.8223124840389896
461,1568955600,25,26,1,51,38,-0.8582964995233485,-1.2825648614445169
461,1568970000,104,893,789,997,38,0.8203573799368064,-0.27000963115235677
461,1568984400,354,1709,1355,2063,38,2.0260910040160547,0.8709881230669273
461,1568998800,885,1451,566,2336,38,0.34530685313526505,1.1631948650011341
461,1569013200,1415,1570,155,2985,38,-0.5302347007456025,1.8578548485736626
461,1569027600,391,293,0,684,38,-0.8604267709439832,-0.6050305477289383
461,1569042000,74,34,0,108,38,-0.8604267709439832,-1.2215546625791331
461,1569056400,25,220,195,245,38,-0.44502384392021394,-1.074916114429
461,1569070800,216,955,739,1171,38,0.7138438089050706,-0.0837679714580271
461,1569085200,692,1296,604,1988,38,0.4262571671193842,0.7907115456124748
461,1569099600,748,1014,266,1762,38,-0.2937745730551492,0.5488114588830582
461,1569114000,305,419,114,724,38,-0.6175758289916258,-0.5622163730865637
461,1569128400,54,28,0,82,38,-0.8604267709439832,-1.2493838760966767
461,1569142800,18,109,91,127,38,-0.6665720716662242,-1.201217929624005
461,1569157200,146,721,575,867,38,0.3644792959209775,-0.40915569874007435
461,1569171600,493,1043,550,1536,38,0.3112225104051096,0.30691137215364145
461,1569186000,618,648,30,1266,38,-0.7965186283249418,0.017915693317612662
461,1569200400,162,95,0,257,38,-0.8604267709439832,-1.0620718620362875
461,1569214800,18,22,4,40,38,-0.8519056852614444,-1.29433875947117
461,1569229200,112,833,721,945,38,0.6754989233336458,-0.3256680581874438
461,1569243600,351,1673,1322,2024,38,1.9557920471351091,0.829244302790612
461,1569258000,637,1041,404,1678,38,0.00020288299244135524,0.4589016921340714
461,1569272400,1317,1116,0,2433,38,-0.8604267709439832,1.2670192385088928
461,1569286800,276,111,0,387,39,-0.8086830887669948,-0.9473179891363464
461,1569301200,18,18,0,36,39,-0.8086830887669948,-1.342556620365418
461,1569315600,109,891,782,1000,39,0.8347018492025126,-0.25705792946848044
461,1569330000,326,1798,1472,2124,39,2.284747382705019,1.008606519253675
461,1569344400,697,1126,429,1823,39,0.09286696032369403,0.669669687344984
461,1569358800,1471,1178,0,2649,39,-0.8086830887669948,1.5997754121176713
461,1569373200,297,138,0,435,39,-0.8086830887669948,-0.893268261788781
461,1569387600,22,18,0,40,39,-0.8086830887669948,-1.3380524764197876
461,1569402000,129,1035,906,1164,39,1.0952897421797745,-0.07238802769763211
461,1569416400,404,1754,1350,2158,39,2.0283625202596482,1.0468917427915339
461,1569430800,750,1201,451,1951,39,0.1391002961744986,0.8138022936051583
461,1569445200,1495,1197,0,2692,39,-0.8086830887669948,1.6481949595331986
461,1569459600,311,164,0,475,39,-0.8086830887669948,-0.8482268223324766
461,1569474000,19,24,5,43,39,-0.7981755124372665,-1.3346743684605649
461,1569488400,113,1008,895,1121,39,1.0721730742543722,-0.12080757511315941
461,1569502800,338,1775,1437,2113,39,2.211194348396921,0.9962201234031913
461,1569517200,722,1262,540,1984,39,0.32613515484366246,0.8509614811566094
461,1569531600,1414,1213,0,2627,39,-0.8086830887669948,1.5750026204167038
461,1569546000,339,172,0,511,39,-0.8086830887669948,-0.8076895268218025
461,1569560400,28,22,0,50,39,-0.8086830887669948,-1.3267921165557115
461,1569574800,112,886,774,998,39,0.8178897270749473,-0.2593100014412956
461,1569589200,383,1724,1341,2107,39,2.0094488828661374,0.9894639074847457
461,1569603600,845,1308,463,2153,39,0.16431847936584654,1.041261562859496
461,1569618000,1332,1372,40,2704,39,-0.7246224781291684,1.66170739137009
461,1569632400,333,233,0,566,39,-0.8086830887669948,-0.7457575475693838
461,1569646800,54,39,0,93,39,-0.8086830887669948,-1.2783725691401842
461,1569661200,35,243,208,278,39,-0.3715679134502972,-1.070055911654776
461,1569675600,246,989,743,1235,39,0.7527427538306318,0.007560527337308323
461,1569690000,751,1321,570,2072,39,0.3891806128220323,0.9500526479604793
461,1569704400,1003,900,0,1903,39,-0.8086830887669948,0.7597525662575929
461,1569718800,342,247,0,589,39,-0.8086830887669948,-0.7198587198820088
461,1569733200,67,33,0,100,39,-0.8086830887669948,-1.270490317235331
461,1569747600,29,147,118,176,39,-0.5607042873854068,-1.1849115822683525
461,1569762000,169,787,618,956,39,0.4900533455874241,-0.3066035128704153
461,1569776400,636,1021,385,1657,39,0.00040028862208491635,0.48274771360132046
461,1569790800,763,572,0,1335,39,-0.8086830887669948,0.12016412597806948
461,1569805200,185,85,0,270,39,-0.8086830887669948,-1.0790641995460368
461,1569819600,23,25,2,48,39,-0.8044800582351035,-1.3290441885285267
461,1569834000,91,870,779,961,39,0.8283973034046755,-0.30097333293837725
461,1569848400,243,1594,1351,1837,39,2.030464035525594,0.6854341911546905
461,1569862800,699,1202,503,1901,39,0.24837909000367298,0.7575004942847777
461,1569877200,1351,915,0,2266,39,-0.8086830887669948,1.168503629323556
461,1569891600,235,98,0,333,40,-0.82346092514787,-0.9965349491106895
461,1569906000,21,19,0,40,40,-0.82346092514787,-1.3164681385332495
461,1569920400,110,925,815,1035,40,0.8173253527385954,-0.23000560107438547
461,1569934800,336,1760,1424,2096,40,2.0433852830856596,0.9285237981656695
461,1569949200,700,1290,590,1990,40,0.36434754596012336,0.812780050456484
461,1569963600,1460,1228,0,2688,40,-0.82346092514787,1.5749417098999887
461,1569978000,268,127,0,395,40,-0.82346092514787,-0.9288357759222979
461,1569992400,17,20,3,37,40,-0.8174212210574903,-1.319743904977849
461,1570006800,135,1015,880,1150,40,0.9481856080301541,-0.10443455403140117
461,1570021200,377,1809,1432,2186,40,2.0594911606600053,1.0267967915036573
461,1570035600,762,1152,390,1914,40,-0.03829939339851842,0.7297939671932944
461,1570050000,1493,1150,0,2643,40,-0.82346092514787,1.5258052132309947
461,1570064400,283,147,0,430,40,-0.82346092514787,-0.8906185007353028
461,1570078800,18,24,6,42,40,-0.8113815169671107,-1.3142842942368498
461,1570093200,116,968,852,1084,40,0.8918150365199442,-0.17650141581259216
461,1570107600,327,1788,1461,2115,40,2.1178749668670083,0.949270318981467
461,1570122000,736,1182,446,1918,40,0.07444174962190128,0.7341616557860938
461,1570136400,1470,1240,0,2710,40,-0.82346092514787,1.5989639971603855
461,1570150800,297,142,0,439,40,-0.82346092514787,-0.880791201401504
461,1570165200,41,22,0,63,40,-0.82346092514787,-1.2913539291246525
461,1570179600,100,954,854,1054,40,0.8958415059135306,-0.20925908025858805
461,1570194000,373,1756,1383,2129,40,1.960842660517138,0.9645572290562651
461,1570208400,826,1287,461,2113,40,0.10464027007379942,0.9470864746850672
461,1570222800,1441,1314,0,2755,40,-0.82346092514787,1.6481004938293795
461,1570237200,352,251,0,603,40,-0.82346092514787,-0.7017159690967264
461,1570251600,61,31,0,92,40,-0.82346092514787,-1.2596881868268566
461,1570266000,29,258,229,287,40,-0.36243017958222506,-1.0467633679278832
461,1570280400,219,1120,901,1339,40,0.9904635366628114,0.10193873197837298
461,1570294800,713,1446,733,2159,40,0.6522401076015523,0.9973148935022609
461,1570309200,867,989,122,1856,40,-0.5778462921390984,0.6664624825977024
461,1570323600,272,258,0,530,40,-0.82346092514787,-0.7814262859153165
461,1570338000,76,42,0,118,40,-0.82346092514787,-1.23129821097366
461,1570352400,21,136,115,157,40,-0.5919389350166508,-1.1887132471938655
461,1570366800,155,865,710,1020,40,0.6059357095753085,-0.2463844332973834
461,1570381200,541,1205,664,1746,40,0.5133269135228209,0.5463510462957174
461,1570395600,633,576,0,1209,40,-0.82346092514787,-0.04001114728760924
461,1570410000,163,96,0,259,40,-0.82346092514787,-1.0773371880774794
461,1570424400,18,20,2,38,40,-0.8194344557542835,-1.3186519828296492
461,1570438800,113,918,805,1031,40,0.7971930057706633,-0.2343732896671849
461,1570453200,314,1825,1511,2139,40,2.2185367017066686,0.9754764505382636
461,1570467600,656,1046,390,1702,40,-0.03829939339851842,0.4983064717749234
461,1570482000,1531,1142,0,2673,40,-0.82346092514787,1.5585628776769906
461,1570496400,338,134,0,472,41,-0.7793003074816337,-0.8378467966425446
461,1570510800,20,21,1,41,41,-0.7771411536512868,-1.3264018382874145
461,1570525200,120,1009,889,1129,41,1.140187447696758,-0.09311208118853169
461,1570539600,380,1787,1407,2167,41,2.25862913181645,1.0835007569260275
461,1570554000,729,1146,417,1875,41,0.12106683977302242,0.7525075500575773
461,1570568400,1471,1101,0,2572,41,-0.7793003074816337,1.542583800699049
461,1570582800,363,158,0,521,41,-0.7793003074816337,-0.7823034160379074
461,1570597200,24,29,5,53,41,-0.7685045383298992,-1.3127993777311768
461,1570611600,100,955,855,1055,41,1.0667762174649633,-0.1769939212853307
461,1570626000,283,1669,1386,1952,41,2.2132869013791656,0.8397900052934358
461,1570640400,627,1076,449,1703,41,0.19015976234412313,0.557538948751504
461,1570654800,1392,1002,0,2394,41,-0.7793003074816337,1.340813969114857
461,1570669200,335,143,0,478,41,-0.7793003074816337,-0.8310455663644257
461,1570683600,23,24,1,47,41,-0.7771411536512868,-1.3196006080092957
461,1570698000,118,1022,904,1140,41,1.1725747551519614,-0.08064315901198049
461,1570712400,340,1784,1444,2124,41,2.3385178235392856,1.0347586065995091
461,1570726800,764,1358,594,2122,41,0.5032370677444232,1.0324915298401363
461,1570741200,1500,1418,0,2918,41,-0.7793003074816337,1.934788080070569
461,1570755600,433,209,0,642,41,-0.7793003074816337,-0.6451452720958442
461,1570770000,39,37,0,76,41,-0.7793003074816337,-1.286727994998388
461,1570784400,98,893,795,991,41,0.9372269876441496,-0.249540377585265
461,1570798800,352,1728,1376,2080,41,2.191695363075697,0.9848829178933044
461,1570813200,897,1564,667,2461,41,0.6608552973597467,1.4167610405538507
461,1570827600,1474,1318,0,2792,41,-0.7793003074816337,1.7919622442300733
461,1570842000,395,237,0,632,41,-0.7793003074816337,-0.6564806558927089
461,1570856400,76,26,0,102,41,-0.7793003074816337,-1.2572559971265398
461,1570870800,35,187,152,222,41,-0.45110892526890534,-1.121231391564163
461,1570885200,250,839,589,1089,41,0.49244129859268876,-0.13845361637599063
461,1570899600,807,1168,361,1975,41,0.00015422527359617186,0.8658613880262247
461,1570914000,1038,817,0,1855,41,-0.7793003074816337,0.7298367824638479
461,1570928400,312,226,0,538,41,-0.7793003074816337,-0.7630332635832374
461,1570942800,81,22,0,103,41,-0.7793003074816337,-1.2561224587468534
461,1570957200,32,110,78,142,41,-0.6108863087145757,-1.2119144619390807
461,1570971600,197,669,472,866,41,0.23982030044210176,-0.3912326750460742
461,1570986000,688,935,247,1623,41,-0.24598931138595012,0.4668558783765861
461,1571000400,860,529,0,1389,41,-0.7793003074816337,0.20160789752995134
461,1571014800,202,100,0,302,41,-0.7793003074816337,-1.030548321189245
461,1571029200,24,18,0,42,41,-0.7793003074816337,-1.325268299907728
461,1571043600,66,601,535,667,41,0.3758469917539563,-0.6168068126036823
461,1571058000,215,1301,1086,1516,41,1.5655407522750966,0.34556727175013346
461,1571072400,699,1148,449,1847,41,0.19015976234412313,0.7207684754263561
461,1571086800,1186,967,0,2153,41,-0.7793003074816337,1.067631219610417
461,1571101200,238,106,0,344,42,-0.8138879697463999,-0.9878508644476163
461,1571115600,22,18,0,40,42,-0.8138879697463999,-1.3218607113113197
461,1571130000,117,993,876,1110,42,0.9372562514763804,-0.14623394767920592
461,1571144400,308,1713,1405,2021,42,1.9947394626942467,0.8546968763103787
461,1571158800,721,1206,485,1927,42,0.15563822579360975,0.7514175157669968
461,1571173200,1502,1175,0,2677,42,-0.8138879697463999,1.5754549669110016
461,1571187600,355,229,0,584,42,-0.8138879697463999,-0.7241588800815347
461,1571202000,28,24,0,52,42,-0.8138879697463999,-1.3086761120930155
461,1571216400,110,996,886,1106,42,0.9572464823122568,-0.1506288140853073
461,1571230800,287,1812,1525,2099,42,2.2346222327247647,0.9403967712293552
461,1571245200,736,1117,381,1853,42,-0.05226017489950572,0.6701124872541216
461,1571259600,1308,967,0,2275,42,-0.8138879697463999,1.133770893097815
461,1571274000,321,139,0,460,42,-0.8138879697463999,-0.8603997386706769
461,1571288400,22,30,8,52,42,-0.7978957850776986,-1.3086761120930155
461,1571302800,114,958,844,1072,42,0.8732875128015756,-0.18798517853716884
461,1571317200,340,1902,1562,2242,42,2.3085860868175074,1.0975132452474787
461,1571331600,802,1410,608,2212,42,0.4015180650748905,1.0645517472017185
461,1571346000,1482,1366,0,2848,42,-0.8138879697463999,1.7633355057718347
461,1571360400,425,264,0,689,42,-0.8138879697463999,-0.608793636921374
461,1571374800,33,29,0,62,42,-0.8138879697463999,-1.297688946077762
461,1571389200,91,937,846,1028,42,0.8772855589687509,-0.2363287090042838
461,1571403600,352,1785,1433,2137,42,2.0507121090347007,0.9821480020873181
461,1571418000,862,1426,564,2288,42,0.313561049397034,1.1480542089176444
461,1571432400,1497,1406,0,2903,42,-0.8138879697463999,1.8237649188557286
461,1571446800,358,248,0,606,42,-0.8138879697463999,-0.6999871148479773
461,1571461200,69,40,0,109,42,-0.8138879697463999,-1.2460492658060711
461,1571475600,36,207,171,243,42,-0.4720550224529119,-1.0988212412016756
461,1571490000,188,969,781,1157,42,0.7473490585355538,-0.09459426740751495
461,1571504400,628,1350,722,1978,42,0.6294066966038825,0.8074520624447891
461,1571518800,843,985,142,1828,42,-0.5300266918769537,0.6426445722159881
461,1571533200,301,236,0,537,42,-0.8138879697463999,-0.7757985603532257
461,1571547600,79,32,0,111,42,-0.8138879697463999,-1.2438518326030203
461,1571562000,22,131,109,153,42,-0.5959944536353462,-1.1977057353389562
461,1571576400,143,770,627,913,42,0.43949950366305585,-0.3626811181796979
461,1571590800,516,985,469,1501,42,0.12365385645620737,0.28336424351720196
461,1571605200,626,496,0,1122,42,-0.8138879697463999,-0.13304934846090186
461,1571619600,162,80,0,242,42,-0.8138879697463999,-1.0999199578032008
461,1571634000,11,18,7,29,42,-0.7998948081612863,-1.3339465939280983
461,1571648400,105,931,826,1036,42,0.837305097296998,-0.22753897619208108
461,1571662800,299,1701,1402,2000,42,1.9887423934434838,0.8316238276783465
461,1571677200,710,1131,421,1841,42,0.027700748444000226,0.6569278880358175
461,1571691600,1450,1273,0,2723,42,-0.8138879697463999,1.6259959305811673
461,1571706000,374,153,0,527,43,-0.8092012328636706,-0.8018494643614069
461,1571720400,26,19,0,45,43,-0.8092012328636706,-1.3300322176406936
461,1571734800,100,968,868,1068,43,0.9646091300295996,-0.2090136354732447
461,1571749200,354,1794,1440,2148,43,2.133525636452354,0.9744663926214229
461,1571763600,714,1106,392,1820,43,-0.008125585105419589,0.615039124829709
461,1571778000,1392,1182,0,2574,43,-0.8092012328636706,1.4412835148143195
461,1571792400,333,134,0,467,43,-0.8092012328636706,-0.8675983548111106
461,1571806800,43,24,0,67,43,-0.8092012328636706,-1.3059242911424689
461,1571821200,107,1044,937,1151,43,1.1056147925176592,-0.11806100368448783
461,1571835600,357,1728,1371,2085,43,1.9925199739642943,0.9054300576492339
461,1571850000,765,1197,432,1962,43,0.07361682793113665,0.7706448322273413
461,1571864400,1501,1216,0,2717,43,-0.8092012328636706,1.5979850370527802
461,1571878800,422,183,0,605,43,-0.8092012328636706,-0.716375906776792
461,1571893200,34,28,0,62,43,-0.8092012328636706,-1.3114033653466108
461,1571907600,109,1024,915,1133,43,1.0606564653475532,-0.13778567081939896
461,1571922000,349,1844,1495,2193,43,2.2459214543776187,1.0237780604587008
461,1571936400,796,1281,485,2077,43,0.18192552520457364,0.8966635389226068
461,1571950800,1496,1412,0,2908,43,-0.8092012328636706,1.8072856716510037
461,1571965200,444,215,0,659,43,-0.8092012328636706,-0.6572019053720586
461,1571979600,55,25,0,80,43,-0.8092012328636706,-1.2916786982117
461,1571994000,95,914,819,1009,43,0.8644746740598181,-0.27366671108212004
461,1572008400,377,1737,1360,2114,43,1.9700408103792413,0.9372086880332574
461,1572022800,827,1384,557,2211,43,0.32906186867037485,1.0435027275936117
461,1572037200,1486,1521,35,3007,43,-0.737676621456684,1.9157713408930148
461,1572051600,378,272,0,650,43,-0.8092012328636706,-0.6670642389395142
461,1572066000,84,40,0,124,43,-0.8092012328636706,-1.2434628452152503
461,1572080400,34,213,179,247,43,-0.44340393452508153,-1.1086776197933577
461,1572094800,207,1042,835,1249,43,0.8971716392744407,-0.010671149283305034
461,1572109200,725,1404,679,2129,43,0.5783762284318714,0.9536459106456834
461,1572123600,934,1038,104,1972,43,-0.5966709589686244,0.7816029806356252
461,1572138000,343,345,2,688,43,-0.8051141122118428,-0.6254232749880351
461,1572152400,130,44,0,174,43,-0.8092012328636706,-1.1886721031738305
461,1572166800,19,147,128,166,43,-0.5476255111466908,-1.1974386219004578
461,1572181200,138,652,514,790,43,0.2411887746560769,-0.5136501612235388
461,1572195600,378,761,383,1139,43,-0.02651762803864474,-0.13121078177442858
461,1572210000,545,495,0,1040,43,-0.8092012328636706,-0.23969645101643977
461,1572224400,161,96,0,257,43,-0.8092012328636706,-1.0977194713850738
461,1572238800,23,23,0,46,43,-0.8092012328636706,-1.3289364027998654
461,1572253200,107,949,842,1056,43,0.911476561555838,-0.22216341356318545
461,1572267600,304,1740,1436,2044,43,2.1253513951486984,0.8605016491752697
461,1572282000,715,1138,423,1853,43,0.05522478499791149,0.651201014577046
461,1572296400,1417,1137,0,2554,43,-0.8092012328636706,1.4193672179977517
461,1572310800,248,121,0,369,44,-0.7598181265719067,-0.8971476009847144
461,1572325200,18,22,4,40,44,-0.751921470508555,-1.2374942282196908
461,1572339600,110,960,850,1070,44,0.9182212868903307,-0.17197135268161853
461,1572354000,367,1838,1471,2205,44,2.144177140725683,1.0021727868676165
461,1572368400,738,1182,444,1920,44,0.11671069646013259,0.7073436416944605
461,1572382800,1591,1278,0,2869,44,-0.7598181265719067,1.689072970709636
461,1572397200,294,124,0,418,44,-0.7598181265719067,-0.8464576777795051
461,1572411600,21,17,0,38,44,-0.7598181265719067,-1.2395632046770464
461,1572426000,120,848,728,968,44,0.6773732769581037,-0.27748915200674806
461,1572440400,386,1948,1562,2334,44,2.3238260661669345,1.1356217683670449
461,1572454800,797,1304,507,2101,44,0.24108302945792195,0.8945860110851315
461,1572469200,1472,1211,0,2683,44,-0.7598181265719067,1.4966581601755762
461,1572483600,304,137,0,441,44,-0.7598181265719067,-0.822664448519917
461,1572498000,28,33,5,61,44,-0.749947306492717,-1.2157699754174582
461,1572512400,125,902,777,1027,44,0.7741073137341621,-0.21645434651476136
461,1572526800,310,1772,1462,2082,44,2.1264096645831416,0.8749307347402544
461,1572541200,803,1087,284,1890,44,-0.19915554607393562,0.6763089948341283
461,1572555600,1589,1586,0,3175,44,-0.7598181265719067,2.005626368685024
461,1572570000,566,296,0,862,44,-0.7598181265719067,-0.3871449042465885
461,1572584400,53,41,0,94,44,-0.7598181265719067,-1.181631863871093
461,1572598800,107,906,799,1013,44,0.8175389220825964,-0.23093718171624975
461,1572613200,350,1756,1406,2106,44,2.0158564796962177,0.8997584522285202
461,1572627600,853,1373,520,2226,44,0.266747161663815,1.023897039669849
461,1572642000,1441,1433,0,2874,44,-0.7598181265719067,1.6942454118530246
461,1572656400,299,261,0,560,44,-0.7598181265719067,-0.699560349307266
461,1572670800,60,68,8,128,44,-0.7440248144452033,-1.1464592640960498
461,1572685200,27,196,169,223,44,-0.42618440789529716,-1.0481828823716643
461,1572699600,181,813,632,994,44,0.48785353143766275,-0.2505924580611268
461,1572714000,615,1283,668,1898,44,0.5589234360078281,0.6845849006635503
461,1572728400,815,840,25,1655,44,-0.7104640261759585,0.43320426109485943
461,1572742800,267,233,0,500,44,-0.7598181265719067,-0.7616296430279303
461,1572753600,35,50,15,85,44,-0.7302056663343378,-1.1909422579291926
461,1572768000,15,43,28,58,44,-0.7045415341284448,-1.2188734401034915
461,1572782400,95,537,442,632,44,0.11276236842845673,-0.6250771968424688
461,1572796800,387,958,571,1345,44,0.36742952647154925,0.11251291020475998
461,1572811200,545,635,90,1180,44,-0.5821433651464933,-0.05817764752706714
461,1572825600,205,141,0,346,44,-0.7598181265719067,-0.9209408302443024
461,1572840000,26,25,0,51,44,-0.7598181265719067,-1.2261148577042358
461,1572854400,42,462,420,504,44,0.06933076008002236,-0.7574916901132195
461,1572868800,281,2054,1773,2335,44,2.740374673508737,1.1366562565957228
461,1572883200,587,1092,505,1679,44,0.2371347014262461,0.45803197858312517
461,1572897600,1483,1400,0,2883,44,-0.7598181265719067,1.7035558059111242
461,1572912000,397,188,0,585,45,-0.7212487297578627,-0.6896461999658716
461,1572926400,35,18,0,53,45,-0.7212487297578627,-1.2217590040004527
461,1572940800,45,504,459,549,45,0.10148695144166843,-0.7256538333215952
461,1572955200,252,2129,1877,2381,45,2.6431845460842287,1.1067346196696692
461,1572969600,575,1231,656,1806,45,0.4546000869456066,0.5316126980157516
461,1572984000,1469,1521,52,2990,45,-0.6280412016045389,1.7158637506039924
461,1572998400,461,240,0,701,45,-0.7212487297578627,-0.5736216035974291
461,1573012800,35,18,0,53,45,-0.7212487297578627,-1.2217590040004527
461,1573027200,47,502,455,549,45,0.09431714158372044,-0.7256538333215952
461,1573041600,300,2095,1795,2395,45,2.4962034439962952,1.120737588196895
461,1573056000,557,1096,539,1653,45,0.2448831486006281,0.3785802562539266
461,1573070400,1516,1284,0,2800,45,-0.7212487297578627,1.5258234634487848
461,1573084800,1143,1621,478,2764,45,0.13554354826692136,1.4898158300930613
461,1573099200,41,26,0,67,45,-0.7212487297578627,-1.2077560354732269
461,1573113600,40,460,420,500,45,0.03158130532667559,-0.7746642231668855
461,1573128000,282,2019,1737,2301,45,2.3922412010560494,1.0267176566569503
461,1573142400,584,1141,557,1725,45,0.277147292961394,0.4505955229653737
461,1573156800,1457,1542,85,2999,45,-0.568890270276468,1.7248656589429232
461,1573171200,510,237,0,747,45,-0.7212487297578627,-0.5276118498651157
461,1573185600,44,29,0,73,45,-0.7212487297578627,-1.201754763247273
461,1573200000,44,410,366,454,45,-0.06521112775562218,-0.820673976899199
461,1573214400,285,2024,1739,2309,45,2.3958261059850234,1.0347193529582221
461,1573228800,699,1354,655,2053,45,0.4528076344811196,0.7786650713175215
461,1573243200,1556,1568,12,3124,45,-0.6997393001840188,1.8498921636502967
461,1573257600,503,341,0,844,45,-0.7212487297578627,-0.43059128221219395
461,1573272000,92,59,0,151,45,-0.7212487297578627,-1.1237382243098721
461,1573286400,19,89,70,108,45,-0.595777057243773,-1.1667473419292085
461,1573300800,123,755,632,878,45,0.4115812277979187,-0.3965840729317884
461,1573315200,618,1227,609,1845,45,0.3703548211147178,0.5706209674844521
461,1573329600,969,938,0,1907,45,-0.7212487297578627,0.6326341138193093
461,1573344000,475,315,0,790,45,-0.7212487297578627,-0.48460273224577927
461,1573358400,142,77,0,219,45,-0.7212487297578627,-1.055723805749061
461,1573372800,26,75,49,101,45,-0.6334185589979998,-1.1737488261928213
461,1573387200,89,537,448,626,45,0.08176997433231148,-0.6486375064218531
461,1573401600,464,927,463,1391,45,0.1086567612996164,0.116524702387272
461,1573416000,718,709,0,1427,45,-0.7212487297578627,0.15253233574299555
461,1573430400,264,150,0,414,45,-0.7212487297578627,-0.8606824584055585
461,1573444800,40,22,0,62,45,-0.7212487297578627,-1.212757095661522
461,1573459200,41,391,350,432,45,-0.09389036718741411,-0.8426786417276967
461,1573473600,218,1902,1684,2120,45,2.2972412204382384,0.8456792778406736
461,1573488000,569,1282,713,1851,45,0.5567698774213654,0.576622239710406
461,1573502400,1468,1264,0,2732,45,-0.7212487297578627,1.4578090448879737
461,1573516800,405,193,0,598,46,-0.7489594327820038,-0.6472032104868171
461,1573531200,33,20,0,53,46,-0.7489594327820038,-1.207254680623035
461,1573545600,48,474,426,522,46,0.026705198575695473,-0.7253021310929685
461,1573560000,276,2029,1753,2305,46,2.4429187333448668,1.1069396510224019
461,1573574400,551,1007,456,1558,46,0.08132946838961796,0.33930947085404417
461,1573588800,1427,1354,0,2781,46,-0.7489594327820038,1.5960855221872454
461,1573603200,428,177,0,605,46,-0.7489594327820038,-0.6400098888520399
461,1573617600,33,26,0,59,46,-0.7489594327820038,-1.2010889763646546
461,1573632000,54,458,404,512,46,-0.013352599287847685,-0.7355783048569359
461,1573646400,274,2002,1728,2276,46,2.3973985084999314,1.0771387471068967
461,1573660800,533,1174,641,1707,46,0.41817913224214,0.492424459937157
461,1573675200,1484,1358,0,2842,46,-0.7489594327820038,1.658770182147446
461,1573689600,471,207,0,678,46,-0.7489594327820038,-0.5649938203750786
461,1573704000,43,27,0,70,46,-0.7489594327820038,-1.1897851852242907
461,1573718400,49,440,391,489,46,-0.037023116207214095,-0.7592135045140607
461,1573732800,273,2008,1735,2281,46,2.4101441714565133,1.0822768339888802
461,1573747200,568,1198,630,1766,46,0.3981502333103684,0.5530538851445641
461,1573761600,1475,1491,16,2966,46,-0.7198264888812452,1.7861947368206406
461,1573776000,494,277,0,771,46,-0.7489594327820038,-0.46942540437018265
461,1573790400,51,29,0,80,46,-0.7489594327820038,-1.1795090114603233
461,1573804800,41,414,373,455,46,-0.06979767809556758,-0.7941524953115495
461,1573819200,253,1922,1669,2175,46,2.289970777865884,0.9733493920908268
461,1573833600,707,1351,644,2058,46,0.4236415592235322,0.8531181590524094
461,1573848000,1546,1706,160,3252,46,-0.45762999377441727,2.0800933064701055
461,1573862400,491,341,0,832,46,-0.7489594327820038,-0.4067407444099821
461,1573876800,128,79,0,207,46,-0.7489594327820038,-1.0490016046579387
461,1573891200,19,132,113,151,46,-0.5432080164828959,-1.1065481777361554
461,1573905600,124,841,717,965,46,0.5565606157707436,-0.27006763334921696
461,1573920000,531,1471,940,2002,46,0.9626010213875675,0.7955715859741925
461,1573934400,871,1284,413,2155,46,0.0030346816563290614,0.9527970445628923
461,1573948800,397,373,0,770,46,-0.7489594327820038,-0.4704530217465794
461,1573963200,136,67,0,203,46,-0.7489594327820038,-1.0531120741635256
461,1573977600,19,85,66,104,46,-0.6287860391913744,-1.1548461944268018
461,1573992000,78,676,598,754,46,0.33988434550885105,-0.4868948997689271
461,1574006400,442,1194,752,1636,46,0.6202889305536532,0.41946362621298916
461,1574020800,686,750,64,1436,46,-0.6324276571789692,0.21394015093364308
461,1574035200,275,134,0,409,46,-0.7489594327820038,-0.8414228946257991
461,1574049600,30,25,0,55,46,-0.7489594327820038,-1.2051994458702417
461,1574064000,36,388,352,424,46,-0.10803466696531333,-0.8260086339798481
461,1574078400,256,1962,1706,2218,46,2.3573407106363886,1.0175369392758862
461,1574092800,513,1042,529,1555,46,0.21424852493682936,0.336226618724854
461,1574107200,1433,1400,0,2833,46,-0.7489594327820038,1.6495216257598755
461,1574121600,387,162,0,549,47,-0.7488172910016467,-0.6964476856876618
461,1574136000,37,23,0,60,47,-0.7488172910016467,-1.1779221224943535
461,1574150400,43,465,422,508,47,0.03502618086896429,-0.7368167079966073
461,1574164800,284,1992,1708,2276,47,2.4237055761903052,1.0039743027891412
461,1574179200,571,1229,658,1800,47,0.47338414144115437,0.5352997998852859
461,1574193600,1533,1537,4,3070,47,-0.7413874950597452,1.785754881162379
461,1574208000,471,205,0,676,47,-0.7488172910016467,-0.5714021775599525
461,1574222400,49,23,0,72,47,-0.7488172910016467,-1.1661067988917353
461,1574236800,42,476,434,518,47,0.057315568694668875,-0.7269706049944255
461,1574251200,289,2066,1777,2355,47,2.5518695561881066,1.0817585165063777
461,1574265600,563,1143,580,1706,47,0.3285031205740746,0.4427464316647766
461,1574280000,1524,1590,66,3114,47,-0.6262256579602715,1.829077734371979
461,1574294400,500,209,0,709,47,-0.7488172910016467,-0.5389100376527524
461,1574308800,37,23,0,60,47,-0.7488172910016467,-1.1779221224943535
461,1574323200,45,475,430,520,47,0.04988577275276735,-0.7250013843939891
461,1574337600,256,2070,1814,2326,47,2.620595168650696,1.0532048178000504
461,1574352000,543,1307,764,1850,47,0.6702737339015448,0.584530314896195
461,1574366400,1511,1611,100,3122,47,-0.5630723924541086,1.8369546167737245
461,1574380800,478,291,0,769,47,-0.7488172910016467,-0.47983341963966136
461,1574395200,59,37,0,96,47,-0.7488172910016467,-1.142476151686499
461,1574409600,44,403,359,447,47,-0.08199310521598475,-0.7968779363099164
461,1574424000,321,1813,1492,2134,47,2.0224965953276226,0.8641596401581592
461,1574438400,666,1287,621,1953,47,0.40465852897856525,0.685945175818668
461,1574452800,1513,1678,165,3191,47,-0.4423382083982088,1.9048927274887792
461,1574467200,500,342,0,842,47,-0.7488172910016467,-0.40795686772373396
461,1574481600,127,57,0,184,47,-0.7488172910016467,-1.0558304452672989
461,1574496000,19,116,97,135,47,-0.5686447394105347,-1.1040763499779898
461,1574510400,138,862,724,1000,47,0.5959757744825296,-0.252388440289261
461,1574524800,646,1589,943,2235,47,1.0027571023016382,0.9636052804801957
461,1574539200,1006,1208,202,2214,47,-0.3736125959356197,0.9429284641756138
461,1574553600,385,314,0,699,47,-0.7488172910016467,-0.5487561406549343
461,1574568000,134,61,0,195,47,-0.7488172910016467,-1.0449997319648987
461,1574582400,20,79,59,99,47,-0.6392278008585992,-1.1395223207858443
461,1574596800,99,559,460,658,47,0.1056092423170288,-0.5891251629638797
461,1574611200,429,1087,658,1516,47,0.47338414144115437,0.25567047462332176
461,1574625600,716,671,0,1387,47,-0.7488172910016467,0.12865574589517606
461,1574640000,255,131,0,386,47,-0.7488172910016467,-0.8569391646232257
461,1574654400,31,23,0,54,47,-0.7488172910016467,-1.1838297842956627
461,1574668800,42,400,358,442,47,-0.08385055420146013,-0.8018009878110074
461,1574683200,293,1874,1581,2167,47,2.187809555034932,0.8966517800653593
461,1574697600,622,1078,456,1700,47,0.09817944637512727,0.43683876986346754
461,1574712000,1496,1476,0,2972,47,-0.7488172910016467,1.689263071740997
461,1574726400,425,180,0,605,48,-0.706198321476754,-0.40223642204281723
461,1574740800,40,24,0,64,48,-0.706198321476754,-1.0108138612262567
461,1574755200,43,441,398,484,48,0.24495880863406866,-0.53835078459586
461,1574769600,323,1924,1601,2247,48,3.1199387772856255,1.4448692251645905
461,1574784000,666,1215,549,1881,48,0.6058249559876722,1.0331514012438163
461,1574798400,1481,1399,0,2880,48,-0.706198321476754,2.156938576371831
461,1574812800,462,244,0,706,48,-0.706198321476754,-0.288620301234079
461,1574827200,39,26,0,65,48,-0.706198321476754,-1.0096889491390415
461,1574841600,39,408,369,447,48,0.17565338960589313,-0.5799725318228236
461,1574856000,239,1474,1235,1713,48,2.2452565923093415,0.8441661705916575
461,1574870400,831,1286,455,2117,48,0.38117980465496537,1.2986306538266106
461,1574884800,1106,1149,43,2255,48,-0.6034351139522179,1.4538685218623124
461,1574899200,364,218,0,582,48,-0.706198321476754,-0.4281094000487675
461,1574913600,41,33,0,74,48,-0.706198321476754,-0.9995647403541044
461,1574928000,31,69,38,100,48,-0.6153843241294895,-0.9703170260865084
461,1574942400,71,214,143,285,48,-0.36445091040678507,-0.7622082899516908
461,1574956800,158,328,170,486,48,-0.2999251754495182,-0.5361009604214296
461,1574971200,214,268,54,482,48,-0.5771468515622202,-0.5406006087702905
461,1574985600,98,90,0,188,48,-0.706198321476754,-0.8713247624115681
461,1575000000,23,32,9,55,48,-0.6846897431576651,-1.0209380700111936
461,1575014400,20,216,196,236,48,-0.23778928252770568,-0.8173289822252371
461,1575028800,195,1040,845,1235,48,1.3132181984821534,0.30645819290277765
461,1575043200,866,1927,1061,2793,48,1.8294240781402884,2.0590712247841063
461,1575057600,1228,1641,413,2869,48,0.28080643916588355,2.1445645434124634
461,1575072000,498,237,0,735,48,-0.706198321476754,-0.2559978507048373
461,1575086400,64,35,0,99,48,-0.706198321476754,-0.9714419381737236
461,1575100800,21,102,81,123,48,-0.5126211166049535,-0.944444048080558
461,1575115200,105,661,556,766,48,0.6225538502358525,-0.2211255760011652
461,1575129600,483,1205,722,1688,48,1.019267628121271,0.8160433684112769
461,1575144000,807,933,126,1740,48,-0.40507822500950863,0.8745387969464689
461,1575158400,427,277,0,704,48,-0.706198321476754,-0.29087012540850943
461,1575172800,91,44,0,135,48,-0.706198321476754,-0.9309451030339753
461,1575187200,15,92,77,107,48,-0.5221804847467707,-0.9624426414760018
461,1575201600,88,516,428,604,48,0.3166540696976985,-0.40336133413003245
461,1575216000,345,724,379,1069,48,0.19955180996043642,0.1197227864250495
461,1575230400,473,510,37,983,48,-0.6177741661649438,0.022980346924539718
461,1575244800,196,107,0,303,48,-0.706198321476754,-0.7419598723818167
461,1575259200,25,20,0,45,48,-0.706198321476754,-1.032187190883346
461,1575273600,42,410,368,452,48,0.1732635475704388,-0.5743479713867474
461,1575288000,284,1854,1570,2138,48,3.0458536741865414,1.3222538076581305
461,1575302400,503,991,488,1494,48,0.4600445918249582,0.5978104234915222
461,1575316800,1297,1097,0,2394,48,-0.706198321476754,1.6102313019852292
461,1575331200,346,145,0,491,49,-0.7452884965835868,-0.764403016632597
461,1575345600,27,17,0,44,49,-0.7452884965835868,-1.2149949421015405
461,1575360000,41,400,359,441,49,-0.09497252716881124,-0.8148047980049621
461,1575374400,300,2031,1731,2331,49,2.390357584355066,1.090382537870436
461,1575388800,574,1092,518,1666,49,0.19305042307338735,0.42003884561798105
461,1575403200,1496,1482,0,2978,49,-0.7452884965835868,1.7425815888288394
461,1575417600,456,191,0,647,49,-0.7452884965835868,-0.6071494587508182
461,1575432000,43,21,0,64,49,-0.7452884965835868,-1.1948342295525944
461,1575446400,45,422,377,467,49,-0.06236615544327933,-0.7885958716913323
461,1575460800,287,1973,1686,2260,49,2.308841655041236,1.0188120083216776
461,1575475200,535,1133,598,1668,49,0.3379676307424181,0.42205491687287566
461,1575489600,1496,1426,0,2922,49,-0.7452884965835868,1.6861315936917907
461,1575504000,467,235,0,702,49,-0.7452884965835868,-0.5517074992412166
461,1575518400,47,39,0,86,49,-0.7452884965835868,-1.1726574457487537
461,1575532800,44,427,383,471,49,-0.051497364868102025,-0.784563729181543
461,1575547200,275,2040,1765,2315,49,2.4519473976144037,1.074253967831279
461,1575561600,531,1266,735,1797,49,0.5861383488756332,0.5520915128135775
461,1575576000,1478,1576,98,3054,49,-0.567764917189024,1.8191922965148342
461,1575590400,513,270,0,783,49,-0.7452884965835868,-0.4700566134179853
461,1575604800,52,35,0,87,49,-0.7452884965835868,-1.1716494101213064
461,1575619200,44,387,343,431,49,-0.1239559687026174,-0.8248851542794351
461,1575633600,319,1945,1626,2264,49,2.2001537492894627,1.0228441508314667
461,1575648000,689,1301,612,1990,49,0.3633281420844985,0.7466423889109064
461,1575662400,1472,1672,200,3144,49,-0.38299547741100987,1.9099155029850914
461,1575676800,519,376,0,895,49,-0.7452884965835868,-0.35715662314388763
461,1575691200,127,58,0,185,49,-0.7452884965835868,-1.072861918631471
461,1575705600,18,104,86,122,49,-0.5895024983393786,-1.136368163160651
461,1575720000,154,971,817,1125,49,0.7346784867363898,-0.1253084288310085
461,1575734400,575,1597,1022,2172,49,1.1060288313882811,0.9301048731063152
461,1575748800,964,1186,222,2150,49,-0.3431432453020264,0.9079280893024745
461,1575763200,427,345,0,772,49,-0.7452884965835868,-0.4811450053199056
461,1575777600,148,67,0,215,49,-0.7452884965835868,-1.042620849808052
461,1575792000,16,68,52,84,49,-0.6510923115987167,-1.1746735170036484
461,1575806400,100,650,550,750,49,0.25101730614099965,-0.5033217891237463
461,1575820800,507,1343,836,1850,49,0.7690963235577846,0.6055174010682843
461,1575835200,812,854,42,1666,49,-0.6692069625573456,0.42003884561798105
461,1575849600,268,164,0,432,49,-0.7452884965835868,-0.8238771186519878
461,1575864000,27,23,0,50,49,-0.7452884965835868,-1.2089467283368567
461,1575878400,49,379,330,428,49,-0.1475050149488349,-0.827909261161777
461,1575892800,253,1980,1727,2233,49,2.383111723971614,0.9915950463806005
461,1575907200,486,1051,565,1537,49,0.27818928257894293,0.2900022496772793
461,1575921600,1427,1275,0,2702,49,-0.7452884965835868,1.4643637556533844
461,1575936000,404,203,0,607,50,-0.7886130298205686,-0.6863761707410386
461,1575950400,28,26,0,54,50,-0.7886130298205686,-1.225751354853617
461,1575964800,48,411,363,459,50,-0.0945133731617308,-0.8307297462359059
461,1575979200,282,1910,1628,2192,50,2.324318763679673,0.8595725938492624
461,1575993600,537,1062,525,1599,50,0.2152501099752712,0.2811829298732066
461,1576008000,1446,1609,163,3055,50,-0.47693742641728876,1.7013099969037924
461,1576022400,550,247,0,797,50,-0.7886130298205686,-0.5010573913895199
461,1576036800,33,26,0,59,50,-0.7886130298205686,-1.2208745448706821
461,1576051200,44,398,354,442,50,-0.1117224555582309,-0.8473109001778839
461,1576065600,298,1962,1664,2260,50,2.3931550932656735,0.9258972096171744
461,1576080000,698,1134,436,1832,50,0.045071406276547876,0.5084422750779638
461,1576094400,1470,1581,111,3051,50,-0.5763676802637339,1.6974085489174446
461,1576108800,535,277,0,812,50,-0.7886130298205686,-0.4864269614407158
461,1576123200,60,23,0,83,50,-0.7886130298205686,-1.1974658569525956
461,1576137600,47,428,381,475,50,-0.06009520836873057,-0.8151239542905149
461,1576152000,320,2054,1734,2374,50,2.527003511905119,1.0370884772280857
461,1576166400,591,1165,574,1756,50,0.3089440030228829,0.43431476333735625
461,1576180800,1544,1725,181,3269,50,-0.44251926162428856,1.9100374641733977
461,1576195200,630,308,0,938,50,-0.7886130298205686,-0.36353134987076124
461,1576209600,67,43,0,110,50,-0.7886130298205686,-1.1711310830447483
461,1576224000,40,383,343,423,50,-0.1327557784872866,-0.8658427781130358
461,1576238400,282,1903,1621,2185,50,2.3109339218157285,0.8527450598731539
461,1576252800,711,1254,543,1965,50,0.24966827476827141,0.6381654206240269
461,1576267200,1432,1637,205,3069,50,-0.3966283752336216,1.7149650648560095
461,1576281600,529,369,0,898,50,-0.7886130298205686,-0.4025458297342389
461,1576296000,154,59,0,213,50,-0.7886130298205686,-1.0706687973962934
461,1576310400,18,107,89,125,50,-0.6184343261218452,-1.156500653095944
461,1576324800,134,885,751,1019,50,0.6473892901540517,-0.2845270281472191
461,1576339200,743,1719,976,2462,50,1.0776163500665545,1.1229203329277364
461,1576353600,974,1427,453,2401,50,0.0775774508032703,1.0634232511359332
461,1576368000,477,425,0,902,50,-0.7886130298205686,-0.39864438174789113
461,1576382400,139,76,0,215,50,-0.7886130298205686,-1.0687180734031194
461,1576396800,18,85,67,103,50,-0.6605009719799566,-1.177958617020857
461,1576411200,115,703,588,818,50,0.33571368675077196,-0.48057478946119414
461,1576425600,616,1564,948,2180,50,1.0240769826107763,0.8478682498902191
461,1576440000,832,941,109,1773,50,-0.5801919207962895,0.45089591727933426
461,1576454400,325,192,0,517,50,-0.7886130298205686,-0.7741587504338633
461,1576468800,25,27,2,52,50,-0.784788789288013,-1.2277020788467907
461,1576483200,59,449,390,508,50,-0.04288612597223046,-0.7829370084031458
461,1576497600,318,1858,1540,2176,50,2.1560521802472277,0.8439668019038714
461,1576512000,571,1154,583,1725,50,0.326153085419383,0.40407854144316113
461,1576526400,1598,1499,0,3097,50,-0.7886130298205686,1.7422752007604438
461,1576540800,458,213,0,671,51,-0.7823169784140318,-0.577750077061243
461,1576555200,38,32,0,70,51,-0.7823169784140318,-1.1716402645991113
461,1576569600,48,429,381,477,51,0.017289325148904897,-0.7694550627223852
461,1576584000,302,1878,1576,2180,51,2.5252408546966985,0.9133984969731052
461,1576598400,538,1032,494,1570,51,0.2544429007463113,0.3106147791726066
461,1576612800,1535,1378,0,2913,51,-0.7823169784140318,1.6377271283628847
461,1576627200,470,243,0,713,51,-0.7823169784140318,-0.5362469358356349
461,1576641600,35,20,0,55,51,-0.7823169784140318,-1.1864628150368284
461,1576656000,46,469,423,515,51,0.10543490191962232,-0.7319046016135017
461,1576670400,279,1864,1585,2143,51,2.5441291925761376,0.8768362058934028
461,1576684800,646,1343,697,1989,51,0.6804798551381123,0.7246580213995064
461,1576699200,1569,1546,0,3115,51,-0.7823169784140318,1.837337474257476
461,1576713600,512,235,0,747,51,-0.7823169784140318,-0.5026491548434759
461,1576728000,49,29,0,78,51,-0.7823169784140318,-1.1637349043656622
461,1576742400,43,397,354,440,51,-0.039375688489413446,-0.8060173538020876
461,1576756800,274,1809,1535,2083,51,2.4391939821348076,0.8175460041425341
461,1576771200,645,1271,626,1916,51,0.5314718563114232,0.6525216092692828
461,1576785600,1562,1553,0,3115,51,-0.7823169784140318,1.837337474257476
461,1576800000,536,248,0,784,51,-0.7823169784140318,-0.46608686376377356
461,1576814400,52,34,0,86,51,-0.7823169784140318,-1.155829544132213
461,1576828800,38,354,316,392,51,-0.11912644842482445,-0.8534495152027826
461,1576843200,262,1679,1417,1941,51,2.191546885493268,0.6772258599988115
461,1576857600,785,1578,793,2363,51,0.8819554591854664,1.0942336123132548
461,1576872000,1467,1662,195,3129,51,-0.3730696576928437,1.851171854666012
461,1576886400,524,312,0,836,51,-0.7823169784140318,-0.41470202224635405
461,1576900800,103,51,0,154,51,-0.7823169784140318,-1.0886339821478952
461,1576915200,19,91,72,110,51,-0.6312102753785162,-1.1321134634318655
461,1576929600,127,758,631,885,51,0.5419653773555563,-0.36628169081647793
461,1576944000,680,1519,839,2199,51,0.9784958527914902,0.9321737275275469
461,1576958400,1039,1151,112,2190,51,-0.547262107025452,0.9232801972649166
461,1576972800,463,273,0,736,51,-0.7823169784140318,-0.5135190251644686
461,1576987200,81,49,0,130,51,-0.7823169784140318,-1.1123500628482426
461,1577001600,21,65,44,86,51,-0.6899739932256611,-1.155829544132213
461,1577016000,101,555,454,656,51,0.17049473239324708,-0.5925726274989602
461,1577030400,584,1341,757,1925,51,0.8064021076677086,0.6614151395319131
461,1577044800,911,947,36,1858,51,-0.7067636268962739,0.5952077475767764
461,1577059200,317,150,0,467,51,-0.7823169784140318,-0.7793367630141966
461,1577073600,32,26,0,58,51,-0.7823169784140318,-1.183498304949285
461,1577088000,30,319,289,349,51,-0.1757914620631428,-0.8959408264575718
461,1577102400,219,1127,908,1346,51,1.1233064432005258,0.08926469263603004
461,1577116800,756,1659,903,2415,51,1.1128129221563927,1.1456184538306744
461,1577131200,1317,1536,219,2853,51,-0.3227007566810052,1.578436926612016
461,1577145600,448,198,0,646,52,-0.7403511022134498,-0.29265918303355165
461,1577160000,36,32,0,68,52,-0.7403511022134498,-0.9799400679229081
461,1577174400,29,266,237,295,52,0.046626485039419255,-0.7100217965217248
461,1577188800,148,909,761,1057,52,1.7866106863917541,0.19604746694832637
461,1577203200,903,1100,197,2003,52,-0.08619673643785823,1.3209051089990724
461,1577217600,1060,612,0,1672,52,-0.7403511022134498,0.9273238410088008
461,1577232000,213,147,0,360,52,-0.7403511022134498,-0.6327324236535447
461,1577246400,28,29,1,57,52,-0.737030521676518,-0.9930198079467539
461,1577260800,124,864,740,988,52,1.7168784951161835,0.11400182498056582
461,1577275200,47,118,71,165,52,-0.5045898840912822,-0.8646005422580852
461,1577289600,222,246,24,468,52,-0.6606571693270833,-0.504313157964876
461,1577304000,258,217,0,475,52,-0.7403511022134498,-0.49598968704061036
461,1577318400,82,75,0,157,52,-0.7403511022134498,-0.8741130804572459
461,1577332800,14,23,9,37,52,-0.7104658773810624,-1.0168011534446555
461,1577347200,15,252,237,267,52,0.046626485039419255,-0.7433156802187871
461,1577361600,150,862,712,1012,52,1.6239022400820893,0.14253943957804777
461,1577376000,589,1388,799,1977,52,1.9127927467951678,1.2899893598518002
461,1577390400,1135,1103,0,2238,52,-0.7403511022134498,1.6003359185994162
461,1577404800,412,194,0,606,52,-0.7403511022134498,-0.3402218740293549
461,1577419200,52,28,0,80,52,-0.7403511022134498,-0.9656712606241671
461,1577433600,26,284,258,310,52,0.11635867631498993,-0.6921857873982986
461,1577448000,197,956,759,1153,52,1.7799695253178902,0.3101979253382541
461,1577462400,962,1508,546,2470,52,1.0726858709513878,1.8761995263750748
461,1577476800,1496,1354,0,2850,52,-0.7403511022134498,2.3280450908352055
