remote_unit_id,time_stamp,entries,exits,num_people_exited,sum_exit_entry,week_num,z_score_num_people_exited,z_score_sum_exit_entry
453,1546311600,96,121,25,217,1,-0.5362932369333606,-0.7208646339980437
453,1546326000,25,20,0,45,1,-0.6148737419263872,-0.9825625140926145
453,1546340400,31,104,73,135,1,-0.38541866734674957,-0.8456275768338275
453,1546354800,144,233,89,377,1,-0.33512714415121253,-0.47742474553797765
453,1546369200,229,300,71,529,1,-0.3917051077461917,-0.24615685150091499
453,1546383600,106,160,54,266,1,-0.44513985114144977,-0.6463111681571484
453,1546398000,33,37,4,70,1,-0.602300861127503,-0.9445250315207293
453,1546412400,10,129,119,139,1,-0.2408305381595806,-0.8395415796223258
453,1546426800,129,1196,1067,1325,1,2.7389422111759885,0.9649565935879132
453,1546441200,320,657,337,977,1,0.44439146537961144,0.43547483618726973
453,1546455600,976,1069,93,2045,1,-0.3225542633523283,2.06043609165821
453,1546470000,408,346,0,754,1,-0.6148737419263872,0.09618049164605277
453,1546484400,0,2,2,2,1,-0.6085873015269452,-1.0479869841162572
453,1546498800,9,113,104,122,1,-0.28797884115539657,-0.8654070677712078
453,1546513200,168,1268,1100,1436,1,2.8426684777667837,1.133843016207084
453,1546527600,314,765,451,1079,1,0.8027185681478127,0.5906677650805617
453,1546542000,1058,1094,36,2152,1,-0.501717814736429,2.2232365170658794
453,1546556400,479,461,0,940,1,-0.6148737419263872,0.3791793619808795
453,1546570800,1,3,2,4,1,-0.6085873015269452,-1.0449439855105065
453,1546585200,12,141,129,153,1,-0.20939833616236997,-0.81824058938207
453,1546599600,187,1257,1070,1444,1,2.7483718717751517,1.1460150106300873
453,1546614000,434,831,397,1265,1,0.6329846773628753,0.8736666354153885
453,1546628400,1125,1209,84,2334,1,-0.35084324514981785,2.5001493901892045
453,1546642800,517,419,0,936,1,-0.6148737419263872,0.3730933647693778
453,1546657200,130,49,0,179,1,-0.6148737419263872,-0.7786816075073093
453,1546671600,10,9,0,19,1,-0.6148737419263872,-1.0221214959673752
453,1546686000,97,387,290,484,1,0.2966601159927214,-0.31462432013030855
453,1546700400,209,459,250,668,1,0.17093130800387882,-0.034668448401232684
453,1546714800,341,405,64,746,1,-0.41370764914423913,0.08400849722304948
453,1546729200,190,182,0,372,1,-0.6148737419263872,-0.48503224205235473
453,1546743600,71,64,0,135,1,-0.6148737419263872,-0.8456275768338275
453,1546758000,13,35,22,48,1,-0.5457228975325239,-0.9779980161839883
453,1546772400,57,207,150,264,1,-0.1433907119682276,-0.6493541667628993
453,1546786800,188,385,197,573,1,0.004340637418662418,-0.17921088217439685
453,1546801200,268,381,113,649,1,-0.259689859357907,-0.06357693515586552
453,1546815600,137,132,0,269,1,-0.6148737419263872,-0.6417466702485222
453,1546830000,28,24,0,52,1,-0.6148737419263872,-0.9719120189724867
453,1546844400,14,148,134,162,1,-0.19368223516376465,-0.8045470956561913
453,1546858800,144,1328,1184,1472,1,3.106698974543353,1.1886169911105988
453,1546873200,341,730,389,1071,1,0.6078389157651067,0.5784957706575585
453,1546887600,1048,1164,116,2212,1,-0.2502601987587438,2.314526475238404
453,1546902000,508,384,0,892,1,-0.6148737419263872,0.3061473954428597
453,1546916400,0,0,0,0,2,-0.5803730792546696,-0.8831472264306024
453,1546930800,19,135,116,154,2,-0.27769938602744304,-0.6931144156067848
453,1546945200,144,1261,1117,1405,2,2.334165846045434,0.8505936775139683
453,1546959600,324,818,494,1142,2,0.70859937293714,0.5260571239642017
453,1546974000,1053,1223,170,2276,2,-0.1367995633182169,1.925389640030496
453,1546988400,490,407,0,897,2,-0.5803730792546696,0.2237321976535826
453,1547002800,4,4,0,8,2,-0.5803730792546696,-0.8732753921020925
453,1547017200,15,138,123,153,2,-0.2594345941947656,-0.6943483948978485
453,1547031600,142,1468,1326,1610,2,2.879500345049662,1.1035594321820374
453,1547046000,343,859,516,1202,2,0.7660030044112691,0.6000958814280268
453,1547060400,1134,1323,189,2457,2,-0.08722369977237807,2.148739891713035
453,1547074800,553,415,0,968,2,-0.5803730792546696,0.31134472731910895
453,1547089200,7,10,3,17,2,-0.5725453113263793,-0.8621695784825186
453,1547103600,8,134,126,142,2,-0.25160682626647524,-0.7079221670995497
453,1547118000,136,1434,1298,1570,2,2.806441177718952,1.0542002605394873
453,1547132400,354,857,503,1211,2,0.732082676722011,0.6112016950476006
453,1547146800,1110,1337,227,2447,2,0.011928027319299601,2.1364000988023975
453,1547161200,589,409,0,998,2,-0.5803730792546696,0.3483641060510215
453,1547175600,0,0,0,0,2,-0.5803730792546696,-0.8831472264306024
453,1547190000,9,132,123,141,2,-0.2594345941947656,-0.7091561463906135
453,1547204400,154,1309,1155,1463,2,2.433317573137112,0.9221644763956659
453,1547218800,360,681,321,1041,2,0.257198089072397,0.4014252155667628
453,1547233200,1176,995,0,2171,2,-0.5803730792546696,1.795821814468802
453,1547247600,505,322,0,827,2,-0.5803730792546696,0.13735364727912
453,1547262000,1,2,1,3,2,-0.5777638232785729,-0.8794452885574112
453,1547276400,0,0,0,0,2,-0.5803730792546696,-0.8831472264306024
453,1547290800,0,2,2,2,2,-0.575154567302476,-0.880679267848475
453,1547305200,1,1,0,2,2,-0.5803730792546696,-0.880679267848475
453,1547319600,0,0,0,0,2,-0.5803730792546696,-0.8831472264306024
453,1547334000,0,0,0,0,2,-0.5803730792546696,-0.8831472264306024
453,1547348400,1,2,1,3,2,-0.5777638232785729,-0.8794452885574112
453,1547362800,0,0,0,0,2,-0.5803730792546696,-0.8831472264306024
453,1547377200,0,1,1,1,2,-0.5777638232785729,-0.8819132471395387
453,1547391600,0,1,1,1,2,-0.5777638232785729,-0.8819132471395387
453,1547406000,0,1,1,1,2,-0.5777638232785729,-0.8819132471395387
453,1547420400,0,1,1,1,2,-0.5777638232785729,-0.8819132471395387
453,1547434800,0,0,0,0,2,-0.5803730792546696,-0.8831472264306024
453,1547449200,9,129,120,138,2,-0.26726236212305593,-0.7128580842638047
453,1547463600,149,1149,1000,1298,2,2.028882896842111,0.718557893370147
453,1547478000,300,707,407,1007,2,0.4815941030167201,0.3594699196705953
453,1547492400,1280,1088,0,2368,2,-0.5803730792546696,2.038915734808361
453,1547506800,590,344,0,934,2,-0.5803730792546696,0.2693894314229414
453,1547521200,0,0,0,0,3,-0.5347930761894827,-0.8432961052047102
453,1547535600,15,140,125,155,3,-0.17898726577321297,-0.6421434727526121
453,1547550000,142,1353,1211,1495,3,2.912253615123338,1.0968534787687527
453,1547564400,313,780,467,1093,3,0.7944974315257007,0.5751543933123433
453,1547578800,1174,1180,6,2354,3,-0.5177143972895017,2.2116283902290905
453,1547593200,558,381,0,939,3,-0.5347930761894827,0.37529951977929094
453,1547607600,0,1,1,1,3,-0.5319466297061525,-0.8419983462856644
453,1547622000,9,139,130,148,3,-0.1647550333565622,-0.6512277851859326
453,1547636400,171,1447,1276,1618,3,3.0972726365397985,1.2564778258113856
453,1547650800,342,813,471,1155,3,0.8058832174590214,0.6556154462931826
453,1547665200,1237,1211,0,2448,3,-0.5347930761894827,2.333617728619395
453,1547679600,586,380,0,966,3,-0.5347930761894827,0.4103390105935274
453,1547694000,0,0,0,0,3,-0.5347930761894827,-0.8432961052047102
453,1547708400,10,151,141,161,3,-0.13344412203993047,-0.6343569192383373
453,1547722800,172,1446,1274,1618,3,3.091579743573138,1.2564778258113856
453,1547737200,333,793,460,1126,3,0.7745723061423896,0.6179804376408545
453,1547751600,1160,1178,18,2338,3,-0.4835570394895398,2.190864247524358
453,1547766000,600,396,0,996,3,-0.5347930761894827,0.4492717781649012
453,1547780400,0,0,0,0,3,-0.5347930761894827,-0.8432961052047102
453,1547794800,10,122,112,132,3,-0.21599107005650503,-0.6719919278906653
453,1547809200,156,1026,870,1182,3,1.941615364307754,0.690654937107419
453,1547823600,378,809,431,1187,3,0.6920253581258151,0.697143731702648
453,1547838000,1093,1290,197,2383,3,0.025956881026558343,2.2492633988814186
453,1547852400,441,366,0,807,3,-0.5347930761894827,0.20399534246524603
453,1547866800,0,0,0,0,3,-0.5347930761894827,-0.8432961052047102
453,1547881200,0,0,0,0,3,-0.5347930761894827,-0.8432961052047102
453,1547895600,1,1,0,2,3,-0.5347930761894827,-0.8407005873666187
453,1547910000,0,1,1,1,3,-0.5319466297061525,-0.8419983462856644
453,1547924400,0,1,1,1,3,-0.5319466297061525,-0.8419983462856644
453,1547938800,0,0,0,0,3,-0.5347930761894827,-0.8432961052047102
453,1547953200,0,0,0,0,3,-0.5347930761894827,-0.8432961052047102
453,1547967600,0,0,0,0,3,-0.5347930761894827,-0.8432961052047102
453,1547982000,0,1,1,1,3,-0.5319466297061525,-0.8419983462856644
453,1547996400,0,0,0,0,3,-0.5347930761894827,-0.8432961052047102
453,1548010800,0,0,0,0,3,-0.5347930761894827,-0.8432961052047102
453,1548025200,0,1,1,1,3,-0.5319466297061525,-0.8419983462856644
453,1548039600,0,0,0,0,3,-0.5347930761894827,-0.8432961052047102
453,1548054000,5,64,59,69,3,-0.36685273367300336,-0.7537507397905504
453,1548068400,109,575,466,684,3,0.7916509850423706,0.0443709954226133
453,1548082800,250,422,172,672,3,-0.04520428105669559,0.02879788839406377
453,1548097200,579,542,0,1121,3,-0.5347930761894827,0.6114916430456255
453,1548111600,277,161,0,438,3,-0.5347930761894827,-0.27487769866265216
453,1548126000,17,11,0,28,4,-0.5644089831135916,-0.8592340574211543
453,1548140400,13,132,119,145,4,-0.2514606696454608,-0.7193819108156244
453,1548154800,210,1395,1185,1605,4,2.551925062766534,1.0257816280226115
453,1548169200,373,776,403,1149,4,0.4954075742616748,0.4807168515087515
453,1548183600,1136,1198,62,2334,4,-0.4013602819789352,1.8971680799493742
453,1548198000,538,389,0,927,4,-0.5644089831135916,0.21535636820595122
453,1548212400,0,3,3,3,4,-0.5565195298328824,-0.8891169947300283
453,1548226800,12,144,132,156,4,-0.2172730387623877,-0.70623341839972
453,1548241200,145,1345,1200,1490,4,2.59137232917008,0.8883201164017915
453,1548255600,317,802,485,1119,4,0.711052630601059,0.4448573267381028
453,1548270000,1090,1200,110,2290,4,-0.2751290294875884,1.8445741102857562
453,1548284400,575,418,0,993,4,-0.5644089831135916,0.2942473227013783
453,1548298800,0,0,0,0,4,-0.5644089831135916,-0.8927029472070931
453,1548313200,11,129,118,140,4,-0.25409048740569723,-0.7253584982773992
453,1548327600,176,1360,1184,1536,4,2.549295245006298,0.9433047210501194
453,1548342000,392,773,381,1165,4,0.43755158353647416,0.49984193138643074
453,1548356400,1208,1197,0,2405,4,-0.5644089831135916,1.9820356219065762
453,1548370800,620,449,0,1069,4,-0.5644089831135916,0.38509145212035495
453,1548385200,0,1,1,1,4,-0.5617791653533551,-0.8915076297147382
453,1548399600,10,134,124,144,4,-0.23831158084427886,-0.7205772283079794
453,1548414000,193,1354,1161,1547,4,2.4888094365208606,0.956453213466024
453,1548428400,389,957,568,1346,4,0.9293275047006797,0.7161943975026778
453,1548442800,1293,1325,32,2618,4,-0.480254814786027,2.2366382477781817
453,1548457200,552,416,0,968,4,-0.5644089831135916,0.2643643853925044
453,1548471600,1,1,0,2,4,-0.5644089831135916,-0.8903123122223832
453,1548486000,2,0,0,2,4,-0.5644089831135916,-0.8903123122223832
453,1548500400,1,0,0,1,4,-0.5644089831135916,-0.8915076297147382
453,1548514800,2,2,0,4,4,-0.5644089831135916,-0.8879216772376732
453,1548529200,3,4,1,7,4,-0.5617791653533551,-0.8843357247606084
453,1548543600,4,7,3,11,4,-0.5565195298328824,-0.8795544547911885
453,1548558000,2,2,0,4,4,-0.5644089831135916,-0.8879216772376732
453,1548572400,0,1,1,1,4,-0.5617791653533551,-0.8915076297147382
453,1548586800,0,1,1,1,4,-0.5617791653533551,-0.8915076297147382
453,1548601200,2,1,0,3,4,-0.5644089831135916,-0.8891169947300283
453,1548615600,1,2,1,3,4,-0.5617791653533551,-0.8891169947300283
453,1548630000,3,3,0,6,4,-0.5644089831135916,-0.8855310422529633
453,1548644400,1,1,0,2,4,-0.5644089831135916,-0.8903123122223832
453,1548658800,11,149,138,160,4,-0.20149413220096934,-0.7014521484303001
453,1548673200,186,1326,1140,1512,4,2.4335832635558967,0.9146171012336005
453,1548687600,349,730,381,1079,4,0.43755158353647416,0.39704462704390453
453,1548702000,1155,1235,80,2390,4,-0.3540235622946801,1.964105859521252
453,1548716400,620,381,0,1001,4,-0.5644089831135916,0.303809862640218
453,1548730800,38,19,0,57,5,-0.6067695657285378,-1.088082584165302
453,1548745200,17,160,143,177,5,-0.24896318263913197,-0.9224847998860073
453,1548759600,181,1504,1323,1685,5,2.7035650134832374,1.1585273558904623
453,1548774000,389,850,461,1239,5,0.5467181447904557,0.5430555909857504
453,1548788400,1206,1213,7,2419,5,-0.5892545679549305,2.171433803065481
453,1548802800,632,391,0,1023,5,-0.6067695657285378,0.24497957928302003
453,1548817200,39,20,0,59,5,-0.6067695657285378,-1.0853226210939804
453,1548831600,14,154,140,168,5,-0.25646961025639226,-0.9349046337069544
453,1548846000,159,1459,1300,1618,5,2.646015735084242,1.0660685930011893
453,1548860400,336,854,518,1190,5,0.6893402695184007,0.47543649573837177
453,1548874800,1122,1130,8,2252,5,-0.5867524254158437,1.9409768866101296
453,1548889200,531,358,0,889,5,-0.6067695657285378,0.06006205350447432
453,1548903600,33,18,0,51,5,-0.6067695657285378,-1.0963624733792667
453,1548918000,12,123,111,135,5,-0.3290317438899081,-0.9804440243837604
453,1548932400,143,1314,1171,1457,5,2.3232393475420507,0.8438915657598024
453,1548946800,300,796,496,1096,5,0.634293133658492,0.3457182313862576
453,1548961200,1043,1045,2,2088,5,-0.6017652806503643,1.7146599147617603
453,1548975600,496,467,0,963,5,-0.6067695657285378,0.1621806871433727
453,1548990000,58,26,0,84,5,-0.6067695657285378,-1.0508230827024607
453,1549004400,11,147,136,158,5,-0.26647818041273924,-0.9487044490635623
453,1549018800,144,1345,1201,1489,5,2.3983036237146536,0.8880509749009476
453,1549033200,357,933,576,1290,5,0.8344645367854323,0.6134346493044506
453,1549047600,1069,1213,144,2282,5,-0.24646104010004524,1.9823763326799533
453,1549062000,499,372,0,871,5,-0.6067695657285378,0.03522238586258013
453,1549076400,76,35,0,111,5,-0.6067695657285378,-1.0135635812396193
453,1549090800,12,36,24,48,5,-0.5467181447904557,-1.100502417986249
453,1549105200,67,269,202,336,5,-0.10133677283301352,-0.7030677357159418
453,1549119600,301,420,119,721,5,-0.30901460357721405,-0.17177484448653818
453,1549134000,402,465,63,867,5,-0.4491345857660723,0.02970245971993697
453,1549148400,244,221,0,465,5,-0.6067695657285378,-0.5250501176157001
453,1549162800,88,66,0,154,5,-0.6067695657285378,-0.9542243752062054
453,1549177200,13,27,14,40,5,-0.5717395701813233,-1.1115422702715354
453,1549191600,56,174,118,230,5,-0.3115167461163008,-0.8493457784959855
453,1549206000,236,316,80,552,5,-0.4065981626015975,-0.4049917240132115
453,1549220400,388,343,0,731,5,-0.6067695657285378,-0.1579750291299303
453,1549234800,215,138,0,353,5,-0.6067695657285378,-0.6796080496097084
453,1549249200,39,18,0,57,5,-0.6067695657285378,-1.088082584165302
453,1549263600,14,147,133,161,5,-0.2739846080299995,-0.9445645044565799
453,1549278000,171,1394,1223,1565,5,2.453350759574562,0.9929295716111676
453,1549292400,359,781,422,1140,5,0.4491345857660723,0.4064374189553323
453,1549306800,1070,1120,50,2190,5,-0.48166243877420006,1.8554180313991606
453,1549321200,651,398,0,1049,5,-0.6067695657285378,0.2808590992102005
453,1549335600,53,31,0,84,6,-0.6374644162449362,-0.9025012819727857
453,1549350000,14,161,147,175,6,-0.28599456643418236,-0.8105911253048349
453,1549364400,147,1437,1290,1584,6,2.4468628371963734,0.6125013004659633
453,1549378800,350,949,599,1299,6,0.7947154479499046,0.324650809802601
453,1549393200,1070,1279,209,2349,6,-0.13775558216025893,1.3851526175097253
453,1549407600,660,414,0,1074,6,-0.6374644162449362,0.09740042243678866
453,1549422000,55,32,0,87,6,-0.6374644162449362,-0.8994712768079082
453,1549436400,12,141,129,153,6,-0.32903169090080525,-0.8328111631806032
453,1549450800,169,1476,1307,1645,6,2.4875090103037394,0.6741114054851391
453,1549465200,431,907,476,1338,6,0.5006284307613145,0.3640408769460085
453,1549479600,1291,1280,0,2571,6,-0.6374644162449362,1.60937299971066
453,1549494000,698,383,0,1081,6,-0.6374644162449362,0.10447043448816948
453,1549508400,50,26,0,76,6,-0.6374644162449362,-0.9105812957457924
453,1549522800,12,132,120,144,6,-0.35055025313411675,-0.8419011786752357
453,1549537200,155,1494,1339,1649,6,2.564019453799958,0.6781514123716424
453,1549551600,381,923,542,1304,6,0.6584312204722652,0.3297008184107302
453,1549566000,1074,1303,229,2377,6,-0.08993655497512233,1.4134326657152487
453,1549580400,704,437,0,1141,6,-0.6374644162449362,0.16507053778571945
453,1549594800,83,30,0,113,6,-0.6374644162449362,-0.8732112320456366
453,1549609200,13,152,139,165,6,-0.305122177308237,-0.8206911425210932
453,1549623600,199,1273,1074,1472,6,1.9304173435968985,0.49938110764387006
453,1549681200,2359,2652,293,5011,6,0.06308433201731474,4.073777200477692
453,1549695600,17,31,14,48,6,-0.6039910972153406,-0.9388613439513157
453,1549710000,98,281,183,379,6,-0.1999203175009365,-0.604550774093165
453,1549724400,359,405,46,764,6,-0.5274806537191221,-0.21570011126721947
453,1549738800,517,425,0,942,6,-0.6374644162449362,-0.035919804817821255
453,1549753200,284,270,0,554,6,-0.6374644162449362,-0.4278004728086443
453,1549767600,133,62,0,195,6,-0.6374644162449362,-0.7903910908723183
453,1549782000,17,20,3,37,6,-0.6302915621671658,-0.9499713628891998
453,1549796400,73,183,110,256,6,-0.374459766726685,-0.7287809858531424
453,1549810800,261,356,95,617,6,-0.4103240371155375,-0.36417036434621686
453,1549825200,367,364,0,731,6,-0.6374644162449362,-0.24903016808087194
453,1549839600,225,118,0,343,6,-0.6374644162449362,-0.6409108360716951
453,1549854000,33,22,0,55,6,-0.6374644162449362,-0.9317913318999348
453,1549868400,11,139,128,150,6,-0.33142264226006213,-0.8358411683454807
453,1549882800,129,1470,1341,1599,6,2.5688013565184717,0.6276513262903508
453,1549897200,338,854,516,1192,6,0.5962664851315876,0.21658062558863692
453,1549911600,1130,1199,69,2329,6,-0.472488772456215,1.3649525830772087
453,1549926000,610,432,0,1042,6,-0.6374644162449362,0.06508036734476201
453,1549940400,46,19,0,65,7,-0.6661447505298198,-1.030837960494173
453,1549954800,13,145,132,158,7,-0.32155336395223105,-0.9111078114671242
453,1549969200,140,1440,1300,1580,7,2.7275582990979483,0.9196047897851727
453,1549983600,333,734,401,1067,7,0.3806821132399763,0.2591578387004833
453,1549998000,1077,1060,0,2137,7,-0.6661447505298198,1.6366982629901863
453,1550012400,517,386,0,903,7,-0.6661447505298198,0.04802080170654753
453,1550026800,51,24,0,75,7,-0.6661447505298198,-1.0179637509213721
453,1550041200,13,134,121,147,7,-0.3502693128336968,-0.9252694419972052
453,1550055600,174,1489,1315,1663,7,2.766716411209038,1.0264607292394206
453,1550070000,371,929,558,1300,7,0.7905370200027144,0.5591269217467457
453,1550084400,1150,1269,119,2419,7,-0.3554903944485087,1.9997509729431733
453,1550098800,778,440,0,1218,7,-0.6661447505298198,0.4535584032497778
453,1550113200,50,21,0,71,7,-0.6661447505298198,-1.0231134347504924
453,1550127600,14,157,143,171,7,-0.29283741507076533,-0.8943713390224829
453,1550142000,175,1466,1291,1641,7,2.7040634318312944,0.9981374681792585
453,1550156400,383,907,524,1290,7,0.7017786325509113,0.5462527121739448
453,1550170800,1336,1276,0,2612,7,-0.6661447505298198,2.2482232176982317
453,1550185200,570,338,0,908,7,-0.6661447505298198,0.05445790649294801
453,1550199600,55,37,0,92,7,-0.6661447505298198,-0.9960775946476105
453,1550214000,13,145,132,158,7,-0.32155336395223105,-0.9111078114671242
453,1550228400,128,1382,1254,1510,7,2.6074734219572733,0.829485322775566
453,1550242800,368,952,584,1320,7,0.8584110809952699,0.5848753408923476
453,1550286000,1532,1680,148,3212,7,-0.2797847110337354,3.02067579206629
453,1550300400,9,54,45,63,7,-0.5486704141965509,-1.0334128024087332
453,1550314800,76,390,314,466,7,0.15356506299565648,-0.5145821566248545
453,1550329200,275,596,321,871,7,0.1718388486474983,0.006823331073584451
453,1550343600,461,561,100,1022,7,-0.40509066978922226,0.20122389562287898
453,1550358000,229,286,57,515,7,-0.5173439245076792,-0.4514985297181298
453,1550372400,109,93,0,202,7,-0.6661447505298198,-0.8544612893467999
453,1550386800,17,33,16,50,7,-0.6243760976113242,-1.0501492748533745
453,1550401200,54,258,204,312,7,-0.13359442581900083,-0.7128449840459893
453,1550415600,233,458,225,691,7,-0.07877306886347533,-0.22491244123683288
453,1550430000,377,435,58,812,7,-0.5147333837002732,-0.06913450540594122
453,1550444400,200,156,0,356,7,-0.6661447505298198,-0.6561984619256651
453,1550458800,58,32,0,90,7,-0.6661447505298198,-0.9986524365621707
453,1550473200,9,95,86,104,7,-0.4416382410929059,-0.9806285431602493
453,1550487600,94,556,462,650,7,0.5399251024917409,-0.2776967004853168
453,1550502000,307,604,297,911,7,0.10918586926975489,0.0583201693647883
453,1550516400,651,606,0,1257,7,-0.6661447505298198,0.5037678205837016
453,1550530800,340,199,0,539,7,-0.6661447505298198,-0.4206004267434075
453,1550545200,40,24,0,64,8,-0.7138346576461462,-1.2162474945442965
453,1550559600,45,160,115,205,8,-0.4594624909712986,-1.0454262172206592
453,1550574000,168,1478,1310,1646,8,2.183796110562987,0.7003430070584974
453,1550588400,392,871,479,1263,8,0.3456807148516971,0.23633911191698664
453,1550602800,1177,1229,52,2406,8,-0.5988141996714325,1.621081806817109
453,1550617200,656,432,0,1088,8,-0.7138346576461462,0.024326888288359015
453,1550631600,69,35,0,104,8,-0.7138346576461462,-1.1677875577148957
453,1550645128,13,107,94,120,8,-0.5059130605380099,-1.1484035829831356
453,1550646000,2,43,41,45,8,-0.6231454503968527,-1.2392659645382618
453,1550660400,135,1454,1319,1589,8,2.2037034975201486,0.6312875970766015
453,1550674800,368,877,509,1245,8,0.4120386713755704,0.21453214034375637
453,1550689200,1131,1139,8,2270,8,-0.6961392025731132,1.4563180215971467
453,1550703600,613,419,0,1032,8,-0.7138346576461462,-0.04351702327280183
453,1550718000,52,29,0,81,8,-0.7138346576461462,-1.1956520213918012
453,1550732400,14,154,140,168,8,-0.40416419386807084,-1.0902516587878548
453,1550746800,185,1506,1321,1691,8,2.208127361288407,0.754860435991573
453,1550761200,355,881,526,1236,8,0.44964151340576525,0.20362865455714124
453,1550775600,1189,1332,143,2521,8,-0.39752839821568353,1.7604041252016356
453,1550790000,692,458,0,1150,8,-0.7138346576461462,0.09943979037392994
453,1550804400,80,38,0,118,8,-0.7138346576461462,-1.1508265798246056
453,1550818800,16,154,138,170,8,-0.4085880576363291,-1.0878286619463848
453,1550833200,179,1324,1145,1503,8,1.8188273496816838,0.5270987328933903
453,1550847600,369,940,571,1309,8,0.5491784481915751,0.29206803927079733
453,1550862000,1200,1357,157,2557,8,-0.366561351837876,1.8040180683480962
453,1550876400,703,414,0,1117,8,-0.7138346576461462,0.05946034248967445
453,1551510000,23,46,23,69,9,-0.6693429691995681,-1.0900799645229777
453,1551524400,80,368,288,448,9,0.6950869295533977,-0.3567203308776248
453,1551538800,298,525,227,823,9,0.3810106132366773,0.3688993594047165
453,1551553200,424,578,154,1002,9,0.005148792070765909,0.7152618248994874
453,1551567600,296,265,0,561,9,-0.7877651868271841,-0.13806693087254593
453,1551582000,119,84,0,203,9,-0.7877651868271841,-0.8307918618620878
453,1551596400,17,42,25,59,9,-0.6590453850580363,-1.1094298229305068
453,1551610800,73,268,195,341,9,0.21624926697216817,-0.5637638158381861
453,1551625200,246,443,197,689,9,0.2265468511137,0.10961125674382657
453,1551639600,364,459,95,823,9,-0.29862994010442273,0.3688993594047165
453,1551654000,186,118,0,304,9,-0.7877651868271841,-0.6353582919460439
453,1551668400,33,26,0,59,9,-0.7877651868271841,-1.1094298229305068
453,1551682800,19,120,101,139,9,-0.2677371876798273,-0.954630955670274
453,1551697200,159,943,784,1102,9,3.2488877966532885,0.9087604089747785
453,1551711600,320,714,394,1034,9,1.2408588890545842,0.7771813718035806
453,1551726000,997,1115,118,2112,9,-0.18020772247680683,2.8630961081352173
453,1551740400,569,413,0,982,9,-0.7877651868271841,0.6765621080844293
453,1551754800,65,26,0,91,10,-0.6822173985757258,-1.0944995578060739
453,1551769200,17,145,128,162,10,-0.3549525989664562,-1.0049196603513129
453,1551783600,192,1517,1325,1709,10,2.705484628629604,0.9469127532052379
453,1551798000,406,881,475,1287,10,0.532241818724298,0.4144801232628562
453,1551812400,1189,1280,91,2469,10,-0.44955258010351073,1.9057961625801432
453,1551826800,673,459,0,1132,10,-0.6822173985757258,0.21891837529823738
453,1551841200,71,21,0,92,10,-0.6822173985757258,-1.093237869109528
453,1551855600,12,176,164,188,10,-0.2629093740763492,-0.9721157542411187
453,1551870000,193,1381,1188,1574,10,2.3552090227978075,0.7765847791715376
453,1551884400,370,865,495,1235,10,0.5833769436632464,0.34887231104246796
453,1551898800,1227,1325,98,2552,10,-0.43165528637487877,2.010516324393455
453,1551913200,696,425,0,1121,10,-0.6822173985757258,0.20503979963623217
453,1551927600,74,34,0,108,10,-0.6822173985757258,-1.073050849964793
453,1551942000,16,158,142,174,10,-0.3191580115091924,-0.9897793959927618
453,1551956400,187,1317,1130,1504,10,2.206917160474857,0.6882665704133226
453,1551970800,358,966,608,1324,10,0.8722903995683047,0.4611626050350556
453,1551985200,1136,1314,178,2450,10,-0.2271147866190853,1.8818240773457706
453,1551999600,683,482,0,1165,10,-0.6822173985757258,0.260554102284253
453,1552014000,70,44,0,114,10,-0.6822173985757258,-1.0654807177855175
453,1552028400,21,151,130,172,10,-0.3498390864725614,-0.9923027733858536
453,1552042800,187,1383,1196,1570,10,2.375663072773387,0.7715380243853539
453,1552057200,394,914,520,1308,10,0.6472958498369319,0.4409755858903207
453,1552071600,1233,1391,158,2624,10,-0.2782499115580337,2.101357910544762
453,1552086000,557,506,0,1063,10,-0.6822173985757258,0.13186185523656832
453,1552100400,154,64,0,218,10,-0.6822173985757258,-0.934265093344741
453,1552114800,21,53,32,74,10,-0.6004011986734085,-1.1159482656473545
453,1552129200,96,409,313,505,10,0.11804730671881622,-0.5721604374360596
453,1552143600,361,615,254,976,10,-0.032801311851081476,0.02209493863707258
453,1552158000,608,632,24,1240,10,-0.6208552486489878,0.3551807545251976
453,1552172400,354,334,0,688,10,-0.6822173985757258,-0.3412714059681547
453,1552190400,147,102,0,249,10,-0.6822173985757258,-0.8951527437518172
453,1552204800,31,58,27,89,10,-0.6131849799081455,-1.0970229351991656
453,1552219200,79,269,190,348,10,-0.19643371165571627,-0.7702455627937703
453,1552233600,304,409,105,713,10,-0.41375799264624685,-0.30972918855450654
453,1552248000,382,357,0,739,10,-0.6822173985757258,-0.27692528244431236
453,1552262400,196,112,0,308,10,-0.6822173985757258,-0.8207131106556074
453,1552276800,30,22,0,52,10,-0.6822173985757258,-1.143705416971365
453,1552291200,34,402,368,436,10,0.25866890030092426,-0.6592169574977286
453,1552305600,204,1474,1270,1678,10,2.564863035047496,0.9078004036123142
453,1552320000,422,722,300,1144,10,0.08480947550849978,0.2340586396567885
453,1552334400,1311,1342,31,2653,10,-0.6029579549203559,2.137946882744594
453,1552348800,437,267,0,704,11,-0.7017336058937731,-0.34610106603467006
453,1552363200,31,17,0,48,11,-0.7017336058937731,-1.1658892857206424
453,1552377600,33,431,398,464,11,0.26834404512510796,-0.646023585431977
453,1552392000,213,1531,1318,1744,11,2.5107345952190037,0.9535631846869933
453,1552406400,419,852,433,1271,11,0.35365238126998444,0.36246588604146757
453,1552420800,1257,1256,0,2513,11,-0.7017336058937731,1.9145649239225309
453,1552435200,452,266,0,718,11,-0.7017336058937731,-0.32860558573649384
453,1552449600,53,40,0,93,11,-0.7017336058937731,-1.1096538133336473
453,1552464000,33,434,401,467,11,0.27565618822324023,-0.6422745539395107
453,1552478400,213,1509,1296,1722,11,2.457112212499367,0.9260702870755735
453,1552492800,451,936,485,1387,11,0.48039619497094377,0.5074284370834993
453,1552507200,1389,1347,0,2736,11,-0.7017336058937731,2.1932429315291952
453,1552521600,481,239,0,720,11,-0.7017336058937731,-0.32610623140818296
453,1552536000,48,26,0,74,11,-0.7017336058937731,-1.1333976794526008
453,1552550400,32,403,371,435,11,0.20253475724191755,-0.6822642231924849
453,1552564800,204,1555,1351,1759,11,2.591168169298459,0.9723083421493249
453,1552579200,437,1000,563,1437,11,0.6705119155223828,0.5699122952912715
453,1552593600,1309,1273,0,2582,11,-0.7017336058937731,2.0007926482492566
453,1552608000,482,301,0,783,11,-0.7017336058937731,-0.24737657006638988
453,1552622400,63,21,0,84,11,-0.7017336058937731,-1.1209009078110463
453,1552636800,35,399,364,434,11,0.18547309001294227,-0.6835139003566404
453,1552651200,226,1537,1311,1763,11,2.4936729279900285,0.9773070508059467
453,1552665600,512,981,469,1493,11,0.44139809844757166,0.6398942164839765
453,1552680000,1448,1336,0,2784,11,-0.7017336058937731,2.2532274354086566
453,1552694400,434,363,0,797,11,-0.7017336058937731,-0.22988108976821364
453,1552708800,73,45,0,118,11,-0.7017336058937731,-1.0784118842297612
453,1552723200,16,106,90,122,11,-0.48236931294980495,-1.0734131755731393
453,1552737600,165,554,389,719,11,0.24640761583071116,-0.32735590857233837
453,1552752000,418,790,372,1208,11,0.20497213827462832,0.28373622469967447
453,1552766400,516,639,123,1155,11,-0.40193573887035,0.21750333499943586
453,1552780800,263,266,3,529,11,-0.6944214627956408,-0.564794569761873
453,1552795200,57,47,0,104,11,-0.7017336058937731,-1.0959073645279374
453,1552809600,77,72,0,149,11,-0.7017336058937731,-1.0396718921409422
453,1552824000,98,370,272,468,11,-0.03876596499644732,-0.6410248767753552
453,1552838400,325,529,204,854,11,-0.20450787522077876,-0.15864949141135323
453,1552852800,392,412,20,804,11,-0.6529859852395579,-0.2211333496191255
453,1552867200,182,115,0,297,11,-0.7017336058937731,-0.8547196718459364
453,1552881600,26,21,0,47,11,-0.7017336058937731,-1.167138962884798
453,1552896000,37,355,318,392,11,0.07335356250824747,-0.7360003412511691
453,1552910400,192,1365,1173,1557,11,2.1573143454759443,0.719873554989925
453,1552924800,415,783,368,1198,11,0.19522261414378528,0.27123945305812003
453,1552939200,1290,1177,0,2467,11,-0.7017336058937731,1.8570797743713805
453,1552953600,424,277,0,701,12,-0.750789647078704,-0.38941214570707455
453,1552968000,56,30,0,86,12,-0.750789647078704,-1.1863787667049144
453,1552982400,37,440,403,477,12,0.2648645701890504,-0.6796894190461251
453,1552996800,190,1614,1424,1804,12,2.8380232695200114,1.0399442493508397
453,1553011200,471,922,451,1393,12,0.38583579209687224,0.5073372880010638
453,1553025600,1360,1334,0,2694,12,-0.750789647078704,2.1932780585997462
453,1553040000,466,310,0,776,12,-0.750789647078704,-0.29222109436587457
453,1553054400,48,28,0,76,12,-0.750789647078704,-1.1993375735504077
453,1553068800,31,437,406,468,12,0.2724252715582893,-0.6913523452070691
453,1553083200,237,1501,1264,1738,12,2.434785863160605,0.9544161241705837
453,1553097600,481,951,470,1432,12,0.43372023410205174,0.5578766346984878
453,1553112000,1342,1281,0,2623,12,-0.750789647078704,2.1012705299967434
453,1553126400,566,294,0,860,12,-0.750789647078704,-0.1833671168637306
453,1553140800,68,48,0,116,12,-0.750789647078704,-1.1475023461684344
453,1553155200,51,426,375,477,12,0.19429802407615432,-0.6796894190461251
453,1553169600,224,1425,1201,1649,12,2.276011134406589,0.8390827432456931
453,1553184000,485,922,437,1407,12,0.3505525190404242,0.5254796175847545
453,1553198400,1293,1186,0,2479,12,-0.750789647078704,1.9146637114216394
453,1553212800,554,322,0,876,12,-0.750789647078704,-0.16263302591094128
453,1553227200,55,33,0,88,12,-0.750789647078704,-1.1837870053358157
453,1553241600,36,399,363,435,12,0.16405521859919883,-0.7341164077971971
453,1553256000,197,1370,1173,1567,12,2.205444588293693,0.7328205271126478
453,1553270400,479,878,399,1357,12,0.25478363503006524,0.4606855833572879
453,1553284800,1237,1196,0,2433,12,-0.750789647078704,1.85505319993237
453,1553299200,420,378,0,798,12,-0.750789647078704,-0.26371171930578924
453,1553313600,96,58,0,154,12,-0.750789647078704,-1.0982588801555597
453,1553328000,38,174,136,212,12,-0.4080378516732087,-1.0230978004516984
453,1553342400,191,725,534,916,12,0.5950151966458143,-0.11079779852896797
453,1553356800,468,758,290,1226,12,-0.01992184805228024,0.29092521368132523
453,1553371200,515,660,145,1175,12,-0.3853557475654921,0.22483529876930927
453,1553385600,270,324,54,594,12,-0.6146970224324044,-0.5280713789538531
453,1553400000,58,61,3,119,12,-0.7432289457094652,-1.1436147041147864
453,1553414400,24,105,81,129,12,-0.5466507101092546,-1.130655897269293
453,1553428800,127,497,370,624,12,0.18169685512742287,-0.4891949584173732
453,1553443200,308,663,355,971,12,0.14389334828122854,-0.039524360878754654
453,1553457600,376,503,127,879,12,-0.4307199557809253,-0.15874538385729328
453,1553472000,185,154,0,339,12,-0.750789647078704,-0.8585209535139331
453,1553486400,23,21,0,44,12,-0.750789647078704,-1.2408057554559864
453,1553500800,33,366,333,399,12,0.08844820490681017,-0.7807681124409731
453,1553515200,213,1449,1236,1662,12,2.364219317047709,0.8559291921448344
453,1553529600,392,820,428,1212,12,0.32787041493270763,0.27278288409763457
453,1553544000,1272,1326,54,2598,12,-0.6146970224324044,2.0688735128830102
453,1553558400,424,254,0,678,13,-0.7164979636890703,-0.2835384522139599
453,1553572800,40,37,0,77,13,-0.7164979636890703,-1.0301172464334118
453,1553587200,32,411,379,443,13,0.345574928975724,-0.5754619408022646
453,1553601600,223,1445,1222,1668,13,2.707916481789501,0.9462668826899625
453,1553616000,466,872,406,1338,13,0.4212371139412898,0.5363317710553217
453,1553630400,1411,1335,0,2746,13,-0.7164979636890703,2.2853882473631226
453,1553644800,529,319,0,848,13,-0.7164979636890703,-0.07235975834156917
453,1553659200,50,35,0,85,13,-0.7164979636890703,-1.0201794255452992
453,1553673600,37,450,413,487,13,0.4408532359693995,-0.5208039259176459
453,1553688000,236,1301,1065,1537,13,2.2679548877304705,0.7835350656471203
453,1553702400,438,951,513,1389,13,0.7210835506566803,0.5996853792170389
453,1553716800,1382,1439,57,2821,13,-0.5567666843173202,2.378555318189177
453,1553731200,516,283,0,799,13,-0.7164979636890703,-0.13322891128125827
453,1553745600,52,36,0,88,13,-0.7164979636890703,-1.0164527427122572
453,1553760000,45,420,375,465,13,0.3343657163882328,-0.5481329333599553
453,1553774400,239,1502,1263,1741,13,2.8228109108112864,1.036949498293989
453,1553788800,437,957,520,1394,13,0.74069967268479,0.6058965172721092
453,1553803200,1371,1356,0,2727,13,-0.7164979636890703,2.2617859227538553
453,1553817600,548,332,0,880,13,-0.7164979636890703,-0.03260847478911916
453,1553832000,61,31,0,92,13,-0.7164979636890703,-1.011483832268201
453,1553846400,33,420,387,453,13,0.3679933541507065,-0.5630396646921241
453,1553852997,83,846,763,929,13,1.4216593373748825,0.028260678150569932
453,1553857365,85,392,307,477,13,0.14380910240088182,-0.5332262020277866
453,1553860800,93,226,133,319,13,-0.34379164515498684,-0.7294981645680085
453,1553875200,526,895,369,1421,13,0.3175518975069959,0.639436662769489
453,1553889600,1223,1365,142,2588,13,-0.31857091683313155,2.0891162848229006
453,1553904000,436,305,0,741,13,-0.7164979636890703,-0.2052781127200739
453,1553918400,71,26,0,97,13,-0.7164979636890703,-1.0052726942131305
453,1553932800,19,95,76,114,13,-0.5035229245267369,-0.9841548248258914
453,1553947200,145,420,275,565,13,0.05413540170095196,-0.423910172258549
453,1553961600,298,467,169,765,13,-0.2429087318675657,-0.17546465005573642
453,1553976000,381,410,29,791,13,-0.6352311724297589,-0.14316673216937076
453,1553990400,248,222,0,470,13,-0.7164979636890703,-0.541921795304885
453,1554004800,44,25,0,69,13,-0.7164979636890703,-1.0400550673215243
453,1554019200,12,60,48,72,13,-0.5819874126391755,-1.036328384488482
453,1554033600,95,302,207,397,13,-0.136421212286399,-0.6326044109089116
453,1554048000,264,342,78,606,13,-0.49791831823299126,-0.3729788402069724
453,1554062400,256,239,0,495,13,-0.7164979636890703,-0.5108661050295334
453,1554076800,140,74,0,214,13,-0.7164979636890703,-0.8599320637244852
453,1554091200,18,16,0,34,13,-0.7164979636890703,-1.0835330337070164
453,1554105600,30,424,394,454,13,0.38760947617881614,-0.56179743708111
453,1554120000,205,1485,1280,1690,13,2.870450064308124,0.9735958901322719
453,1554134400,406,786,380,1192,13,0.34837723212259686,0.3549665398472685
453,1554148800,1405,1214,0,2619,13,-0.7164979636890703,2.1276253407643364
453,1554163200,270,186,0,456,14,-0.6131315082935177,-0.37861264706081504
453,1554177600,0,0,0,0,14,-0.6131315082935177,-0.8771474986599026
453,1554192000,37,422,385,459,14,0.3080184024289743,-0.37533281251082107
453,1554206400,232,1541,1309,1773,14,2.518778188162955,1.0612347203865498
453,1554220800,442,898,456,1340,14,0.4778928015492261,0.5878452670040828
453,1554235200,1401,1366,0,2767,14,-0.6131315082935177,2.1479532346178942
453,1554249600,283,145,0,428,14,-0.6131315082935177,-0.4092244361940924
453,1554264000,0,0,0,0,14,-0.6131315082935177,-0.8771474986599026
453,1554278400,38,438,400,476,14,0.3439073599895909,-0.3567470833941884
453,1554292800,242,1508,1266,1750,14,2.415896509822521,1.036089322169929
453,1554307200,486,952,466,1438,14,0.5018187732563039,0.6949865289705534
453,1554321600,1472,1338,0,2810,14,-0.6131315082935177,2.1949641965011413
453,1554336000,309,243,0,552,14,-0.6131315082935177,-0.27365794146100714
453,1554350400,0,5,5,5,14,-0.6011685224399789,-0.8716811077432459
453,1554364800,32,426,394,458,14,0.32955177696534427,-0.3764260906941524
453,1554379200,206,1544,1338,1750,14,2.5881635061134807,1.036089322169929
453,1554393600,451,981,530,1432,14,0.6549449921816012,0.6884268598705654
453,1554408000,1313,1316,3,2629,14,-0.6059537167813944,1.9970808453181703
453,1554422400,312,248,0,560,14,-0.6131315082935177,-0.2649117159943565
453,1554436800,0,1,1,1,14,-0.61073891112281,-0.8760542204765713
453,1554451200,30,421,391,451,14,0.32237398545322093,-0.3840790379774717
453,1554465600,236,1427,1191,1663,14,2.236451722019438,0.9409741202201032
453,1554480000,523,1006,483,1529,14,0.5424929251583359,0.7944748436537047
453,1554494400,1305,1214,0,2519,14,-0.6131315082935177,1.8768202451517237
453,1554508800,274,229,0,503,14,-0.6131315082935177,-0.3272285724442424
453,1554523200,0,0,0,0,14,-0.6131315082935177,-0.8771474986599026
453,1554537600,1,1,0,2,14,-0.6131315082935177,-0.87496094229324
453,1554552000,0,0,0,0,14,-0.6131315082935177,-0.8771474986599026
453,1554566400,0,1,1,1,14,-0.61073891112281,-0.8760542204765713
453,1554580800,0,0,0,0,14,-0.6131315082935177,-0.8771474986599026
453,1554595200,0,0,0,0,14,-0.6131315082935177,-0.8771474986599026
453,1554609600,1,1,0,2,14,-0.6131315082935177,-0.87496094229324
453,1554624000,0,1,1,1,14,-0.61073891112281,-0.8760542204765713
453,1554638400,0,0,0,0,14,-0.6131315082935177,-0.8771474986599026
453,1554652800,0,0,0,0,14,-0.6131315082935177,-0.8771474986599026
453,1554667200,0,1,1,1,14,-0.61073891112281,-0.8760542204765713
453,1554681600,0,0,0,0,14,-0.6131315082935177,-0.8771474986599026
453,1554696000,0,0,0,0,14,-0.6131315082935177,-0.8771474986599026
453,1554710400,28,435,407,463,14,0.36065554018454526,-0.3709596997774957
453,1554724800,212,1494,1282,1706,14,2.454178064553845,0.9879850821033505
453,1554739200,415,868,453,1283,14,0.4707150100371028,0.5255284105541969
453,1554753600,1279,1210,0,2489,14,-0.6131315082935177,1.8440218996517839
453,1554768000,217,164,0,381,15,-0.6155958039217632,-0.45105864891108965
453,1554782400,0,3,3,3,15,-0.6083824614783389,-0.8698065063529036
453,1554796800,36,414,378,450,15,0.2932853439497064,-0.3746205479494887
453,1554811200,212,1530,1318,1742,15,2.553465976222673,1.0566551975923726
453,1554825600,439,895,456,1334,15,0.4808322474787398,0.6046733832107323
453,1554840000,1394,1312,0,2706,15,-0.6155958039217632,2.1245730139254646
453,1554854400,234,135,0,369,15,-0.6155958039217632,-0.4643522316870203
453,1554868800,1,1,0,2,15,-0.6155958039217632,-0.8709143049175645
453,1554883200,40,434,394,474,15,0.3317565036479697,-0.3480333823976275
453,1554897600,225,1529,1304,1754,15,2.5198037114866927,1.0699487803683032
453,1554912000,459,945,486,1404,15,0.5529656719129835,0.6822192827369941
453,1554926400,1316,1399,83,2715,15,-0.4160266629870225,2.1345432010074123
453,1554940800,294,247,0,541,15,-0.6155958039217632,-0.2738108785653483
453,1554955200,1,6,5,7,15,-0.603573566516056,-0.86537531209426
453,1554969600,43,430,387,473,15,0.3149253712799795,-0.34914118096228836
453,1554984000,226,1567,1341,1793,15,2.6087682682889266,1.1131529243900777
453,1554998400,459,931,472,1390,15,0.5193034071770031,0.6667101028317417
453,1555012800,1374,1217,0,2591,15,-0.6155958039217632,1.9971761789894629
453,1555027200,314,203,0,517,15,-0.6155958039217632,-0.3003980441172095
453,1555041600,0,8,8,8,15,-0.5963602240726316,-0.8642675135295992
453,1555056000,29,403,374,432,15,0.2836675540251406,-0.3945609221133846
453,1555070400,223,1428,1205,1651,15,2.281763410853689,0.9558455282082323
453,1555084800,481,943,462,1424,15,0.49525893236558854,0.7043752540302117
453,1555099200,1202,1213,11,2415,15,-0.5891468816292073,1.8022036316091474
453,1555113600,277,252,0,529,15,-0.6155958039217632,-0.2871044613412789
453,1555128000,0,2,2,2,15,-0.6107869089594803,-0.8709143049175645
453,1555142400,0,1,1,1,15,-0.6131913564406217,-0.8720221034822253
453,1555156800,0,1,1,1,15,-0.6131913564406217,-0.8720221034822253
453,1555171200,0,0,0,0,15,-0.6155958039217632,-0.8731299020468862
453,1555185600,0,1,1,1,15,-0.6131913564406217,-0.8720221034822253
453,1555200000,0,0,0,0,15,-0.6155958039217632,-0.8731299020468862
453,1555214400,1,2,1,3,15,-0.6131913564406217,-0.8698065063529036
453,1555228800,0,0,0,0,15,-0.6155958039217632,-0.8731299020468862
453,1555243200,0,1,1,1,15,-0.6131913564406217,-0.8720221034822253
453,1555257600,2,3,1,5,15,-0.6131913564406217,-0.8675909092235818
453,1555272000,0,0,0,0,15,-0.6155958039217632,-0.8731299020468862
453,1555286400,0,2,2,2,15,-0.6107869089594803,-0.8709143049175645
453,1555300800,1,1,0,2,15,-0.6155958039217632,-0.8709143049175645
453,1555315200,28,398,370,426,15,0.2740497641005748,-0.40120771350134987
453,1555329600,211,1439,1228,1650,15,2.337065702919942,0.9547377296435714
453,1555344000,425,883,458,1308,15,0.48564114244102274,0.5758706205295493
453,1555358400,1379,1217,0,2596,15,-0.6155958039217632,2.0027151718127674
453,1555372800,345,241,0,586,16,-0.6351272666107325,-0.24223097161918083
453,1555387200,21,18,0,39,16,-0.6351272666107325,-0.8602912050686544
453,1555401600,43,467,424,510,16,0.4493819254310668,-0.32810405707102724
453,1555416000,244,1562,1318,1806,16,2.7360593256324077,1.1362580316867747
453,1555430400,430,949,519,1379,16,0.692373371761187,0.6537868805296904
453,1555444800,1329,1501,172,2830,16,-0.1951848585183045,2.293284867248495
453,1555459200,357,248,0,605,16,-0.6351272666107325,-0.22076270025621922
453,1555473600,21,29,8,50,16,-0.6146648290250382,-0.8478622058585187
453,1555488000,33,454,421,487,16,0.44170851133643146,-0.3540919645104018
453,1555502400,233,1474,1241,1707,16,2.5391083638701,1.0243970387955539
453,1555516800,457,1014,557,1471,16,0.789569950293235,0.7577385102871886
453,1555531200,1340,1293,0,2633,16,-0.6351272666107325,2.070692790485156
453,1555545600,411,271,0,682,16,-0.6351272666107325,-0.13375970578526958
453,1555560000,27,18,0,45,16,-0.6351272666107325,-0.853511750954035
453,1555574400,34,463,429,497,16,0.4621709489221258,-0.3427928743193694
453,1555588800,238,1524,1286,1762,16,2.6542095752896304,1.086542034846232
453,1555603200,498,990,492,1488,16,0.6233126449094686,0.7769469636119437
453,1555617600,1432,1441,9,2873,16,-0.6121070243268264,2.3418709550699344
453,1555632000,434,247,0,681,16,-0.6351272666107325,-0.1348896148043728
453,1555646400,35,15,0,50,16,-0.6351272666107325,-0.8478622058585187
453,1555660800,29,347,318,376,16,0.17825462742061698,-0.47951186563086173
453,1555675200,232,1176,944,1408,16,1.779440368501198,0.6865542420836843
453,1555689600,519,954,435,1473,16,0.47751777711139654,0.759998328325395
453,1555704000,999,981,0,1980,16,-0.6351272666107325,1.3328622010107392
453,1555718400,265,232,0,497,16,-0.6351272666107325,-0.3427928743193694
453,1555732800,14,18,4,32,16,-0.6248960478178853,-0.8682005682023771
453,1555747200,0,0,0,0,16,-0.6351272666107325,-0.9043576568136809
453,1555761600,0,0,0,0,16,-0.6351272666107325,-0.9043576568136809
453,1555776000,0,0,0,0,16,-0.6351272666107325,-0.9043576568136809
453,1555790400,1,0,0,1,16,-0.6351272666107325,-0.9032277477945776
453,1555804800,0,0,0,0,16,-0.6351272666107325,-0.9043576568136809
453,1555819200,0,0,0,0,16,-0.6351272666107325,-0.9043576568136809
453,1555833600,0,0,0,0,16,-0.6351272666107325,-0.9043576568136809
453,1555848000,0,0,0,0,16,-0.6351272666107325,-0.9043576568136809
453,1555862400,1,1,0,2,16,-0.6351272666107325,-0.9020978387754743
453,1555876800,0,0,0,0,16,-0.6351272666107325,-0.9043576568136809
453,1555891200,0,0,0,0,16,-0.6351272666107325,-0.9043576568136809
453,1555905600,0,0,0,0,16,-0.6351272666107325,-0.9043576568136809
453,1555920000,30,357,327,387,16,0.2012748697045231,-0.46708286642072605
453,1555934400,230,1335,1105,1565,16,2.191246924913296,0.8639499580828934
453,1555948800,423,843,420,1266,16,0.43915070663821965,0.526107161371024
453,1555963200,1238,1210,0,2448,16,-0.6351272666107325,1.8616596219510564
453,1555977600,324,210,0,534,17,-0.7083304188186088,-0.4502498672267972
453,1555992000,19,15,0,34,17,-0.7083304188186088,-1.0980470179367685
453,1556006400,33,447,414,480,17,0.35978590434659546,-0.5202119595034741
453,1556020800,243,1525,1282,1768,17,2.5992181954272655,1.1485135007254121
453,1556035200,506,843,337,1349,17,0.16112658820234252,0.605659488430456
453,1556049600,1277,1379,102,2656,17,-0.4451713247054426,2.299001240386321
453,1556064000,377,252,0,629,17,-0.7083304188186088,-0.32716840859190266
453,1556078400,25,12,0,37,17,-0.7083304188186088,-1.0941602350325088
453,1556092800,34,412,378,446,17,0.26690622407136033,-0.5642621657517521
453,1556107200,217,1497,1280,1714,17,2.5940582131897525,1.078551408448735
453,1556121600,508,913,405,1421,17,0.3365659842777867,0.6989422781326919
453,1556136000,1266,1306,40,2572,17,-0.6051307740683476,2.190171319067046
453,1556150400,412,303,0,715,17,-0.7083304188186088,-0.2157472986697876
453,1556164800,20,13,0,33,17,-0.7083304188186088,-1.0993426122381884
453,1556179200,36,422,386,458,17,0.28754615302141256,-0.5487150341347129
453,1556193600,235,1510,1275,1745,17,2.5811582575959697,1.1187148317927533
453,1556208000,496,886,390,1382,17,0.2978661174964387,0.6484141003773142
453,1556222400,1376,1321,0,2697,17,-0.7083304188186088,2.352120606744539
453,1556236800,415,262,0,677,17,-0.7083304188186088,-0.2649798821237454
453,1556251200,34,18,0,52,17,-0.7083304188186088,-1.0747263205112096
453,1556265600,32,390,358,422,17,0.2153064016962297,-0.5953564289858309
453,1556280000,221,1392,1171,1613,17,2.31283918124529,0.947696384005321
453,1556294400,467,946,479,1413,17,0.5274853270657701,0.6885775237213324
453,1556308800,1228,1236,8,2464,17,-0.6876904898685566,2.050247134513692
453,1556323200,375,287,0,662,17,-0.7083304188186088,-0.28441379664504457
453,1556337600,57,44,0,101,17,-0.7083304188186088,-1.0112421997416323
453,1556352000,16,78,62,94,17,-0.5483709694557038,-1.020311359851572
453,1556366400,160,510,350,670,17,0.19466647274617743,-0.27404904223368504
453,1556380800,375,631,256,1006,17,-0.047852692416936606,0.16127064304341573
453,1556395200,472,493,21,965,17,-0.6541506053247217,0.10815127668519808
453,1556409600,252,254,2,506,17,-0.7031704365810958,-0.48652650766655564
453,1556424000,67,43,0,110,17,-0.7083304188186088,-0.9995818510288529
453,1556438400,16,61,45,77,17,-0.5922308184745649,-1.042336462975711
453,1556452800,104,322,218,426,17,-0.14589235492968483,-0.590174051780151
453,1556467200,292,486,194,778,17,-0.2078121417798416,-0.1341248576803312
453,1556481600,298,383,85,681,17,-0.4890311737243036,-0.25979750491806564
453,1556496000,160,110,0,270,17,-0.7083304188186088,-0.7922867628016621
453,1556510400,25,13,0,38,17,-0.7083304188186088,-1.0928646407310887
453,1556522941,22,246,224,268,17,-0.13041240821714564,-0.794877951404502
453,1556524800,12,198,186,210,17,-0.22845207072989387,-0.8700224208868587
453,1556539200,224,1409,1185,1633,17,2.3489590569078818,0.9736082700337197
453,1556553600,410,808,398,1218,17,0.318506046446491,0.43593663494444357
453,1557547200,59,32,0,91,19,-0.6458253975614829,-0.8750676373534401
453,1557561600,15,109,94,124,19,-0.33674214350240844,-0.8258039198867787
453,1557576000,141,532,391,673,19,0.6398294145353057,-0.0062348020323224835
453,1557590400,335,646,311,981,19,0.3767798366126891,0.45355989432318305
453,1557604800,483,527,44,1010,19,-0.5011481297040439,0.4968522520969157
453,1557619200,260,221,0,481,19,-0.6458253975614829,-0.2928600672928974
453,1557633600,54,47,0,101,19,-0.6458253975614829,-0.8601392381211185
453,1557648000,16,58,42,74,19,-0.5077243691521093,-0.9004459160483868
453,1557662400,112,349,237,461,19,0.13345897703426873,-0.32271686575754055
453,1557676800,210,384,174,594,19,-0.07369256557979184,-0.12416915596766319
453,1557691200,280,295,15,575,19,-0.5965036017009924,-0.15253311450907425
453,1557705600,164,115,0,279,19,-0.6458253975614829,-0.5944137317857938
453,1557720000,20,15,0,35,19,-0.6458253975614829,-0.9586666730544411
453,1557734400,35,414,379,449,19,0.6003719778469132,-0.3406309448363265
453,1557748800,192,1458,1266,1650,19,3.5169341730639245,1.4522698029654986
453,1557763200,434,798,364,1232,19,0.5510501819864226,0.8282627150544554
453,1557777600,1340,1362,22,2702,19,-0.5734867636327634,3.022737402205732
453,1557792000,370,251,0,621,20,-0.741276645272759,-0.46061965637501007
453,1557806400,32,23,0,55,20,-0.741276645272759,-1.1379949552786353
453,1557820800,39,431,392,470,20,0.2846663001839801,-0.6413328544924083
453,1557835200,250,1609,1359,1859,20,2.8155000457367017,1.0209892129583606
453,1557849600,462,979,517,1441,20,0.6118164741178893,0.5207367837327153
453,1557864000,1404,1361,0,2765,20,-0.741276645272759,2.10526840166275
453,1557878400,504,307,0,811,20,-0.741276645272759,-0.23323218854517128
453,1557892800,39,17,0,56,20,-0.741276645272759,-1.1367981791321624
453,1557907200,31,473,442,504,20,0.41552636975754376,-0.6006424655123319
453,1557909223,21,218,197,239,20,-0.2256879711529182,-0.9177881443276333
453,1557921600,219,1214,995,1433,20,1.862838739241158,0.5111625745609326
453,1557936000,500,981,481,1481,20,0.5175972240249235,0.5686078295916287
453,1557950400,1408,1412,4,2820,20,-0.7308078397068739,2.1710910897187556
453,1557964800,501,349,0,850,20,-0.741276645272759,-0.18655791883273068
453,1557979200,46,30,0,76,20,-0.741276645272759,-1.1128626562027055
453,1557993600,41,494,453,535,20,0.44431558506372776,-0.563542404971674
453,1558008000,246,1587,1341,1833,20,2.768390420690219,0.9898730331500669
453,1558022400,486,992,506,1478,20,0.5830272588117053,0.5650175011522102
453,1558036800,1404,1324,0,2728,20,-0.741276645272759,2.060987684243255
453,1558051200,577,365,0,942,20,-0.741276645272759,-0.0764545133572298
453,1558065600,50,27,0,77,20,-0.741276645272759,-1.1116658800562327
453,1558080000,42,436,394,478,20,0.28990070296692266,-0.6317586453206256
453,1558094400,247,1323,1076,1570,20,2.0748320519503314,0.6751209066277111
453,1558108800,534,965,431,1499,20,0.38673715445135975,0.5901498002281398
453,1558123200,1261,1468,207,2729,20,-0.19951595723820545,2.062184460389728
453,1558137600,488,378,0,866,20,-0.741276645272759,-0.1674095004891653
453,1558152000,73,36,0,109,20,-0.741276645272759,-1.073369043369102
453,1558166400,30,106,76,136,20,-0.5423693395209422,-1.0410560874143355
453,1558180800,204,548,344,752,20,0.159040633393359,-0.3038419811870686
453,1558195200,408,606,198,1014,20,-0.2230707697614469,0.00971336918881438
453,1558209600,497,671,174,1168,20,-0.2858836031567575,0.1940168957456311
453,1558224000,311,252,0,563,20,-0.741276645272759,-0.5300326728704345
453,1558238400,71,55,0,126,20,-0.741276645272759,-1.0530238488790638
453,1558252800,16,80,64,96,20,-0.5737757562185976,-1.0889271332732489
453,1558267200,128,385,257,513,20,-0.06865588766464178,-0.5898714801940763
453,1558281600,312,523,211,835,20,-0.18904715167232036,-0.20450956102982323
453,1558296000,381,431,50,812,20,-0.6104165756991954,-0.23203541239869846
453,1558310400,245,158,0,403,20,-0.741276645272759,-0.7215168563060883
453,1558324800,33,22,0,55,20,-0.741276645272759,-1.1379949552786353
453,1558339200,34,444,410,478,20,0.331775925230463,-0.6317586453206256
453,1558353600,241,1512,1271,1753,20,2.5851863232872296,0.89413094143224
453,1558368000,504,833,329,1337,20,0.1197826125212899,0.39627206449954033
453,1558382400,1557,1330,0,2887,20,-0.741276645272759,2.251275091532436
453,1558396800,523,278,0,801,21,-0.6833005975822315,-0.0825356015406896
453,1558411200,50,19,0,69,21,-0.6833005975822315,-1.0679626049453341
453,1558425600,42,467,425,509,21,0.5820708794219008,-0.4756294334999194
453,1558440000,237,1074,837,1311,21,1.8087368759529656,0.6040323926346775
453,1558454400,484,958,474,1442,21,0.7279607673588478,0.7803861323150169
453,1558468800,1381,1302,0,2683,21,-0.6833005975822315,2.4510349181417435
453,1558483200,463,307,0,770,21,-0.6833005975822315,-0.12426816589252565
453,1558497600,58,15,0,73,21,-0.6833005975822315,-1.062577757932194
453,1558512000,38,475,437,513,21,0.617799015243194,-0.47024458648677925
453,1558526400,233,1560,1327,1793,21,3.267635755322436,1.2529064577180635
453,1558540800,452,991,539,1443,21,0.9214881697241858,0.7817323440683018
453,1558555200,1355,1423,68,2778,21,-0.4808411612615703,2.5789250347038215
453,1558569600,482,331,0,813,21,-0.6833005975822315,-0.06638106050126921
453,1558584000,47,33,0,80,21,-0.6833005975822315,-1.0531542756591987
453,1558598400,32,417,385,449,21,0.4629770933509237,-0.5564021386970214
453,1558612800,217,1444,1227,1661,21,2.969901290144993,1.0752065062844391
453,1558627200,490,1020,530,1510,21,0.8946920678582159,0.8719285315383991
453,1558641600,1408,1339,0,2747,21,-0.6833005975822315,2.5371924703519855
453,1558656000,526,318,0,844,21,-0.6833005975822315,-0.02464849614943317
453,1558670400,48,23,0,71,21,-0.6833005975822315,-1.065270181438764
453,1558684800,44,396,352,440,21,0.36472471984236754,-0.5685180444765867
453,1558699200,237,1314,1077,1551,21,2.5232995923788284,0.9271232134230855
453,1558713600,687,1017,330,1704,21,0.2992231375033301,1.1330936116756956
453,1558728000,920,960,40,1880,21,-0.5642068115112543,1.3700268802538615
453,1558742400,344,313,0,657,21,-0.6833005975822315,-0.27639009401373443
453,1558756800,69,44,0,113,21,-0.6833005975822315,-1.0087292878007927
453,1558771200,25,95,70,120,21,-0.4748864719580214,-0.9993058055277974
453,1558785600,144,430,286,574,21,0.16821997282525525,-0.3881256695363922
453,1558800000,358,493,135,851,21,-0.28135906959268353,-0.015225013876437937
453,1558814400,425,521,96,946,21,-0.3974755110118863,0.11266510268564024
453,1558828800,256,259,3,515,21,-0.6743685636269082,-0.4675521629802092
453,1558843200,73,40,0,113,21,-0.6833005975822315,-1.0087292878007927
453,1558857600,15,52,37,67,21,-0.5731388454665776,-1.070655028451904
453,1558872000,106,302,196,408,21,-0.09974104583444338,-0.6115968205817077
453,1558886400,274,437,163,711,21,-0.19799341934299952,-0.20369465933634262
453,1558900800,327,420,93,747,21,-0.40640754496720954,-0.15523103621808143
453,1558915200,199,143,0,342,21,-0.6833005975822315,-0.70044679629852
453,1558929600,41,27,0,68,21,-0.6833005975822315,-1.069308816698619
453,1558944000,17,65,48,82,21,-0.5403880542970588,-1.0504618521526288
453,1558958400,123,306,183,429,21,-0.13844652630751095,-0.5833263737627221
453,1558972800,275,459,184,734,21,-0.13546918165573651,-0.17273178901078684
453,1558987200,354,451,97,805,21,-0.39449816636011187,-0.07715075452754948
453,1559001600,200,137,0,337,22,-0.7554968776795121,-0.7987849404334618
453,1559016000,22,17,0,39,22,-0.7554968776795121,-1.162122355554308
453,1559030400,38,461,423,499,22,0.354873533377256,-0.6012659429516595
453,1559044800,255,1485,1230,1740,22,2.473239778584849,0.9118271180046169
453,1559059200,445,856,411,1301,22,0.3233736635600427,0.3765750198903499
453,1559073600,1572,1296,0,2868,22,-0.7554968776795121,2.287144581951982
453,1559088000,413,283,0,696,22,-0.7554968776795121,-0.3610730879892207
453,1559102400,32,21,0,53,22,-0.7554968776795121,-1.1450528125620536
453,1559116800,33,481,448,514,22,0.42049826216311703,-0.5829771468885295
453,1559131200,209,1492,1283,1701,22,2.6123642036108743,0.8642762482404792
453,1559145600,458,862,404,1320,22,0.30499873950000167,0.39974082823698104
453,1559160000,1456,1323,0,2779,22,-0.7554968776795121,2.178631058644078
453,1559174400,423,263,0,686,22,-0.7554968776795121,-0.373265618697974
453,1559188800,37,22,0,59,22,-0.7554968776795121,-1.1377372941368016
453,1559203200,42,476,434,518,22,0.38374841404303484,-0.5781001346050283
453,1559217600,241,1435,1194,1676,22,2.3787401691332093,0.8337949214685961
453,1559232000,481,930,449,1411,22,0.4231232513145515,0.5106928576866355
453,1559246400,1359,1509,150,2868,22,-0.36174850496434613,2.287144581951982
453,1559260800,543,323,0,866,22,-0.7554968776795121,-0.15380006594041576
453,1559275200,53,33,0,86,22,-0.7554968776795121,-1.104817461223168
453,1559289600,34,466,432,500,22,0.37849843574016595,-0.6000466898807841
453,1559304000,250,1370,1120,1620,22,2.1844909719270604,0.765516749499578
453,1559318400,544,988,444,1532,22,0.40999830555737926,0.6582224792625496
453,1559332800,1132,1278,146,2410,22,-0.3722484615700839,1.7287266754910835
453,1559347200,432,367,0,799,22,-0.7554968776795121,-0.2354900216890624
453,1559361600,87,49,0,136,22,-0.7554968776795121,-1.0438548076794019
453,1559376000,27,130,103,157,22,-0.4851229950817648,-1.01825049319102
453,1559390400,234,509,275,743,22,-0.03362486103504113,-0.3037681936580805
453,1559404800,395,690,295,1085,22,0.018874921993647677,0.11321635658128007
453,1559419200,477,549,72,1026,22,-0.5664976587762325,0.04128042539963599
453,1559433600,302,313,11,615,22,-0.7266219970137333,-0.4598325867301219
453,1559448000,94,52,0,146,22,-0.7554968776795121,-1.0316622769706485
453,1559462400,22,76,54,98,22,-0.6137474635020523,-1.090186424372664
453,1559476800,127,378,251,505,22,-0.09662460066946768,-0.5939504245264075
453,1559491200,325,676,351,1001,22,0.16587431447397633,0.010799098627752904
453,1559505600,376,490,114,866,22,-0.45624811441598595,-0.15380006594041576
453,1559520000,177,142,0,319,22,-0.7554968776795121,-0.8207314957092177
453,1559534400,28,17,0,45,22,-0.7554968776795121,-1.1548068371290563
453,1559548800,36,410,374,446,22,0.22624906495696845,-0.6658863557080515
453,1559563200,234,1476,1242,1710,22,2.504739648402062,0.8752495258783571
453,1559577600,443,821,378,1264,22,0.2367490215627062,0.33146265626796295
453,1559592000,1337,1293,0,2630,22,-0.7554968776795121,1.9969623510836547
453,1559606400,465,342,0,807,23,-0.7649059700977626,-0.2720236694117258
453,1559620800,39,29,0,68,23,-0.7649059700977626,-1.1778353474721428
453,1559635200,46,478,432,524,23,0.3371708917662734,-0.6189041902386514
453,1559649600,247,1532,1285,1779,23,2.5132624731783633,0.9193822183754534
453,1559664000,437,958,521,1395,23,0.5642191341410401,0.44870334912619747
453,1559678400,1382,1221,0,2603,23,-0.7649059700977626,1.9293806253061487
453,1559692800,507,370,0,877,23,-0.7649059700977626,-0.18622283387149682
453,1559707200,58,31,0,89,23,-0.7649059700977626,-1.1520950968100743
453,1559721600,33,482,449,515,23,0.38053965716370075,-0.6299357262366808
453,1559736000,224,1483,1259,1707,23,2.4469337731587686,0.831129930391218
453,1559750400,503,951,448,1454,23,0.37798855331679326,0.5210211962243905
453,1559764800,1618,1322,0,2940,23,-0.7649059700977626,2.3424503621212507
453,1559779200,506,304,0,810,23,-0.7649059700977626,-0.268346490745716
453,1559793600,59,23,0,82,23,-0.7649059700977626,-1.1606751803640971
453,1559808000,42,519,477,561,23,0.4519705648771105,-0.5735523200245304
453,1559822400,249,1505,1256,1754,23,2.439280461618046,0.8887390628253717
453,1559836800,466,1039,573,1505,23,0.6968765341802297,0.5835332335465573
453,1559851200,1412,1498,86,2910,23,-0.5455110392637185,2.305678575461153
453,1559865600,601,347,0,948,23,-0.7649059700977626,-0.09919627210926459
453,1559880000,57,28,0,85,23,-0.7649059700977626,-1.1569980016980872
453,1559894400,42,466,424,508,23,0.3167620609910135,-0.6385158097907038
453,1559908800,247,1406,1159,1653,23,2.1918233884680194,0.7649407144030413
453,1559923200,552,1031,479,1583,23,0.4570727725709255,0.6791398788628124
453,1559937600,1214,1375,161,2589,23,-0.3541782507456566,1.9122204581981028
453,1559952000,507,353,0,860,23,-0.7649059700977626,-0.20706017964555243
453,1559966400,95,50,0,145,23,-0.7649059700977626,-1.083454428377891
453,1559980800,29,100,71,129,23,-0.5837775969673308,-1.1030660479299434
453,1559995200,184,572,388,756,23,0.22492232250234384,-0.3345357067338926
453,1560009600,426,610,184,1036,23,-0.2955028622667843,0.008667635427023248
453,1560024000,438,575,137,1013,23,-0.4154047430714364,-0.01952406767905198
453,1560038400,272,342,70,614,23,-0.5863287008142383,-0.508588830258357
453,1560052800,82,62,0,144,23,-0.7649059700977626,-1.0846801545998943
453,1560067200,14,64,50,78,23,-0.6373507777523881,-1.1655780852521103
453,1560081600,127,372,245,499,23,-0.13988552760542736,-0.6495473457887332
453,1560096000,328,593,265,921,23,-0.08886345066727755,-0.1322908801033529
453,1560110400,347,478,131,825,23,-0.43071136615288136,-0.2499605974156669
453,1560124800,219,168,0,387,23,-0.7649059700977626,-0.7868286826530995
453,1560139200,37,20,0,57,23,-0.7649059700977626,-1.1913183359141788
453,1560153600,45,463,418,508,23,0.3014554379095686,-0.6385158097907038
453,1560168000,251,1485,1234,1736,23,2.3831561769860814,0.8666759908293128
453,1560182400,415,806,391,1221,23,0.2325756340430663,0.23542698649762836
453,1560196800,1325,1215,0,2540,23,-0.7649059700977626,1.8521598733199425
453,1560211200,397,251,0,648,24,-0.7932770779008311,-0.64639997578093
453,1560225600,43,22,0,65,24,-0.7932770779008311,-1.2985797032922346
453,1560240000,42,468,426,510,24,0.12910036375254058,-0.8007752800631942
453,1560254400,232,1518,1286,1750,24,1.9911768891560608,0.5863651352267163
453,1560268800,459,867,408,1326,24,0.09012666903479248,0.1120526061275856
453,1560283200,1469,1333,0,2802,24,-0.7932770779008311,1.7631971649726725
453,1560297600,479,337,0,816,24,-0.7932770779008311,-0.4584648227416518
453,1560312000,34,17,0,51,24,-0.7932770779008311,-1.3142409660455079
453,1560326400,40,474,434,514,24,0.1464220058493175,-0.796300633562259
453,1560340800,232,1513,1281,1745,24,1.9803508628455753,0.5807718271005473
453,1560355200,475,999,524,1474,24,0.341290479438058,0.27761452666218783
453,1560369600,1446,1485,39,2931,24,-0.7088340726790435,1.9075045146278327
453,1560384000,528,327,0,855,24,-0.7932770779008311,-0.41483701935753364
453,1560398400,39,26,0,65,24,-0.7932770779008311,-1.2985797032922346
453,1560412800,38,445,407,483,24,0.08796146377269536,-0.8309791439445068
453,1560427200,234,1589,1355,1823,24,2.1405760522407618,0.6680274338687836
453,1560441600,490,960,470,1450,24,0.2243693952848137,0.25076664765657664
453,1560456000,1441,1381,0,2822,24,-0.7932770779008311,1.7855703974773487
453,1560470400,504,343,0,847,24,-0.7932770779008311,-0.423786312359404
453,1560484800,66,40,0,106,24,-0.7932770779008311,-1.2527145766576488
453,1560499200,45,431,386,476,24,0.042492153268655915,-0.8388097753211434
453,1560513600,235,1523,1288,1758,24,1.995507299680255,0.5953144282285867
453,1560528000,600,1049,449,1649,24,0.17890008478077427,0.47338031107810263
453,1560542400,1207,1247,40,2454,24,-0.7066688674169465,1.3739029193913106
453,1561176000,100,92,0,192,25,-0.6714221986466976,-0.8316937622342662
453,1561190400,33,130,97,163,25,-0.3168235420111459,-0.8745637280569468
453,1561204800,216,529,313,745,25,0.47279820884740237,-0.014207862236252363
453,1561219200,426,638,212,1064,25,0.10357692719595157,0.4573617618132348
453,1561233600,509,604,95,1113,25,-0.32413485451909535,0.5297972213067297
453,1561248000,315,344,29,659,25,-0.5654081672814295,-0.1413394850207536
453,1561262400,95,84,0,179,25,-0.6714221986466976,-0.8509113331202954
453,1561276800,24,68,44,92,25,-0.5105733234718082,-0.9795212305883374
453,1561291200,147,404,257,551,25,0.2680814586248158,-0.30099315084315054
453,1561305600,340,559,219,899,25,0.1291665209737749,0.2134464390290173
453,1561320000,480,544,64,1024,25,-0.4374601983923129,0.3982307744716063
453,1561334400,243,218,0,461,25,-0.6714221986466976,-0.4340378723618146
453,1561348800,43,38,0,81,25,-0.6714221986466976,-0.9957822521072852
453,1561362033,41,360,319,401,25,0.4947321463712509,-0.5227343533742573
453,1561363200,15,134,119,149,25,-0.23639910442370113,-0.8952595736265168
453,1561377600,239,1440,1201,1679,25,3.7190209623769896,1.3665006921907727
453,1561392000,492,829,337,1321,25,0.5605339589427966,0.8372783554831978
453,1561406400,1591,1219,0,2810,25,-0.6714221986466976,3.0384293592753178
453,1561420800,501,349,0,850,26,-0.7237239594959725,-0.2767879032745848
453,1561435200,44,21,0,65,26,-0.7237239594959725,-1.1994142475232008
453,1561449600,40,421,381,461,26,0.2567222646705151,-0.7339874547557461
453,1561464000,226,1483,1257,1709,26,2.510976575352518,0.7328121345719899
453,1561478400,479,895,416,1374,26,0.3467895031110061,0.3390798730136633
453,1561492800,1789,1420,0,3209,26,-0.7237239594959725,2.495792410206288
453,1561507200,643,332,0,975,26,-0.7237239594959725,-0.12987288030505997
453,1561521600,46,27,0,73,26,-0.7237239594959725,-1.1900116860531513
453,1561536000,43,510,467,553,26,0.4780303362671501,-0.6258579978501758
453,1561550400,276,1426,1150,1702,26,2.2356281606915887,0.7245848932856965
453,1561564800,480,943,463,1423,26,0.4677369375882368,0.39667056201771705
453,1561579200,1482,1361,0,2843,26,-0.7237239594959725,2.0656252229515193
453,1561593600,608,300,0,908,26,-0.7237239594959725,-0.20861933261672527
453,1561608000,56,28,0,84,26,-0.7237239594959725,-1.177083164031833
453,1561622400,41,481,440,522,26,0.4085498951844856,-0.662292923546618
453,1561636800,289,1546,1257,1835,26,2.510976575352518,0.880902477725271
453,1561651200,523,1095,572,1618,26,0.748232051588623,0.6258579978501758
453,1561665600,1545,1400,0,2945,26,-0.7237239594959725,2.1855078816946514
453,1561680000,639,384,0,1023,26,-0.7237239594959725,-0.07345751148476243
453,1561694400,70,40,0,110,26,-0.7237239594959725,-1.1465248392541718
453,1561708800,42,456,414,498,26,0.34164280377154943,-0.6905006079567667
453,1561723200,301,1398,1097,1699,26,2.0992406281959877,0.7210589327344279
453,1561737600,620,1079,459,1699,26,0.45744353890932354,0.7210589327344279
453,1561752000,1240,1369,129,2609,26,-0.39176185210101994,1.7906002999525688
453,1561766400,505,348,0,853,26,-0.7237239594959725,-0.2732619427233162
453,1561780800,113,65,0,178,26,-0.7237239594959725,-1.0666030667587503
453,1561795200,27,113,86,140,26,-0.5024158878993374,-1.111265233741486
453,1561809600,191,395,204,586,26,-0.19876062687139642,-0.5870724317862213
453,1561824000,402,502,100,904,26,-0.46638899252314103,-0.21332061335175007
453,1561838400,467,427,0,894,26,-0.7237239594959725,-0.22507381518931205
453,1561852800,312,279,0,591,26,-0.7237239594959725,-0.5811958308674403
453,1561867200,84,60,0,144,26,-0.7237239594959725,-1.106563953006461
453,1561881600,26,69,43,95,26,-0.6130699236976549,-1.1641546420105149
453,1561896000,173,488,315,661,26,0.08688118646844639,-0.49892341800450635
453,1561910400,654,1093,439,1747,26,0.4059765455147573,0.7774743015547255
453,1561924800,848,483,0,1331,26,-0.7237239594959725,0.2885411051121468
453,1561939200,402,192,0,594,26,-0.7237239594959725,-0.5776698703161717
453,1561953600,54,41,0,95,26,-0.7237239594959725,-1.1641546420105149
453,1561968000,27,447,420,474,26,0.3570829017899193,-0.7187082923669156
453,1561982400,222,1479,1257,1701,26,2.510976575352518,0.7234095731019403
453,1561996800,416,862,446,1278,26,0.42398999320285546,0.22624913537306826
453,1562011200,1289,1249,0,2538,26,-0.7237239594959725,1.7071525669058787
453,1562025600,398,257,0,655,27,-0.6427056476062698,-0.17072132947996302
453,1562040000,34,22,0,56,27,-0.6427056476062698,-1.0410368729565405
453,1562054400,34,452,418,486,27,0.53276475028681,-0.4162694544341226
453,1562068800,261,1542,1281,1803,27,2.9596330598124747,1.4972623832263992
453,1562083200,443,861,418,1304,27,0.53276475028681,0.7722415882434073
453,1562097600,1297,1118,0,2415,27,-0.6427056476062698,2.386466244007143
453,1562112000,440,305,0,745,27,-0.6427056476062698,-0.039956055835736026
453,1562126400,41,23,0,64,27,-0.6427056476062698,-1.0294132930770536
453,1562140800,35,386,351,421,27,0.3443520310072972,-0.5107110409549532
453,1562155200,224,1392,1168,1616,27,2.6418623541619533,1.2255612035433943
453,1562169600,599,1834,1235,2433,27,2.830275073441466,2.4126192987359882
453,1562184000,1033,994,0,2027,27,-0.6427056476062698,1.8227226198520308
453,1562198400,325,272,0,597,27,-0.6427056476062698,-0.25499228360624265
453,1562212800,62,42,0,104,27,-0.6427056476062698,-0.9712953936796195
453,1562227200,21,78,57,99,27,-0.4824142297117589,-0.9785601311042987
453,1562241600,97,249,152,346,27,-0.2152618665542408,-0.6196821023251424
453,1562256000,225,265,40,490,27,-0.5302204420662622,-0.4104576644943792
453,1562270400,280,235,0,515,27,-0.6427056476062698,-0.3741339773709828
453,1562284800,157,121,0,278,27,-0.6427056476062698,-0.7184825313007805
453,1562299200,22,26,4,48,27,-0.6314571270522691,-1.0526604528360273
453,1562313600,28,286,258,314,27,0.08282392812677947,-0.6661764218430898
453,1562328000,151,799,648,950,27,1.1795546821418539,0.25789817857611436
453,1562342400,383,696,313,1079,27,0.23749108574428998,0.44532840413283975
453,1562356800,567,668,101,1235,27,-0.3586805036177505,0.6719882117828332
453,1562371200,290,323,33,613,27,-0.5499053530357635,-0.23174512384726897
453,1562385600,69,44,0,113,27,-0.6427056476062698,-0.9582188663151967
453,1562400000,27,92,65,119,27,-0.4599171886037574,-0.9495011814055816
453,1562414400,166,416,250,582,27,0.06032688701877794,-0.2767864958802805
453,1562428800,314,535,221,849,27,-0.0212248869977276,0.11115048259759296
453,1562443200,408,538,130,946,27,-0.27712872960124496,0.25208638863637095
453,1562457600,258,288,30,546,27,-0.5583417434512641,-0.3290926053379713
453,1562472000,69,57,0,126,27,-0.6427056476062698,-0.9393305490110306
453,1562486400,17,82,65,99,27,-0.4599171886037574,-0.9785601311042987
453,1562500800,121,358,237,479,27,0.023769195218275453,-0.4264400868286736
453,1562515200,306,464,158,770,27,-0.19838908572323963,-0.003632368712339639
453,1562529600,377,408,31,785,27,-0.5555296133127638,0.018161843561698195
453,1562544000,210,157,0,367,27,-0.6427056476062698,-0.5891702051414894
453,1562558400,44,32,0,76,27,-0.6427056476062698,-1.0119779232578234
453,1562572800,36,399,363,435,27,0.37809759266929954,-0.49036977616585126
453,1562587200,213,1394,1181,1607,27,2.6784200459624556,1.2124846761789714
453,1562601600,446,808,362,1254,27,0.3752854625307993,0.6995942139966145
453,1562616000,1285,1314,29,2599,27,-0.5611538735897643,2.65380858123534
453,1562630400,421,300,0,721,28,-0.703632259654702,-0.3681922783335412
453,1562644800,42,23,0,65,28,-0.703632259654702,-1.1500971382569054
453,1562659200,37,488,451,525,28,0.43068282650524403,-0.6018101937984488
453,1562673600,252,1521,1269,1773,28,2.4880436701390263,0.8857161250801464
453,1562688000,456,874,418,1330,28,0.34768416166427235,0.3576919590038502
453,1562702400,1384,1357,0,2741,28,-0.703632259654702,2.0395025647231595
453,1562716800,570,273,0,843,28,-0.703632259654702,-0.22277704523803749
453,1562731200,48,20,0,68,28,-0.703632259654702,-1.146521353836524
453,1562745600,36,471,435,507,28,0.3904410496126517,-0.6232649003207362
453,1562760000,244,1575,1331,1819,28,2.6439805555978215,0.940544819525992
453,1562774400,512,850,338,1362,28,0.14647527720131076,0.39583365948791677
453,1562788800,1794,1366,0,3160,28,-0.703632259654702,2.5389204554364055
453,1562803200,623,259,0,882,28,-0.703632259654702,-0.1762918477730814
453,1562817600,58,24,0,82,28,-0.703632259654702,-1.129834359874745
453,1562832000,48,468,420,516,28,0.3527143837758464,-0.6125375470595925
453,1562846400,341,1591,1250,1932,28,2.440256560079073,1.075232699360352
453,1562860800,548,933,385,1481,28,0.26468549682330067,0.5376731081630391
453,1562875200,1373,1396,23,2769,28,-0.6457847053716006,2.0728765526467177
453,1562889600,473,373,0,846,28,-0.703632259654702,-0.21920126081765626
453,1562904000,52,22,0,74,28,-0.703632259654702,-1.1393697849957616
453,1562918400,37,426,389,463,28,0.2747459410464488,-0.6757097384863276
453,1562932800,231,1436,1205,1667,28,2.327076562568657,0.759371742226676
453,1562947200,570,966,396,1536,28,0.2923517184369579,0.6032291558700286
453,1562961600,1165,1301,136,2466,28,-0.3615771560676673,1.7117223261882124
453,1562976000,474,387,0,861,28,-0.703632259654702,-0.20132233871575006
453,1562990400,103,53,0,156,28,-0.703632259654702,-1.0416316775053411
453,1563004800,31,115,84,146,28,-0.49236293096859235,-1.0535509589066119
453,1563019200,183,601,418,784,28,0.34768416166427235,-0.2931008055055352
453,1563033600,413,646,233,1059,28,-0.11761138365632635,0.03467943302941167
453,1563048000,489,537,48,1026,28,-0.5829069289769251,-0.004654195594781955
453,1563062400,248,149,0,397,28,-0.703632259654702,-0.754376995734715
453,1563076800,80,38,0,118,28,-0.703632259654702,-1.08692494683017
453,1563091200,20,68,48,88,28,-0.5829069289769251,-1.1226827910339825
453,1563105600,159,401,242,560,28,-0.09497538415424318,-0.560092708894001
453,1563120000,429,515,86,944,28,-0.4873327088570183,-0.10239230308520247
453,1563134400,374,463,89,837,28,-0.47978737568965724,-0.22992861407879997
453,1563148800,229,190,0,419,28,-0.703632259654702,-0.7281545766519192
453,1563163200,25,25,0,50,28,-0.703632259654702,-1.1679760603588114
453,1563177600,36,446,410,482,28,0.3275632732179762,-0.6530631038239132
453,1563192000,232,1479,1247,1711,28,2.432711226911712,0.8118165803922675
453,1563206400,443,842,399,1285,28,0.29989705160431895,0.30405519269813164
453,1563220800,1392,1313,0,2705,28,-0.703632259654702,1.9965931516785844
453,1563235200,397,314,0,711,29,-0.7003650507440152,-0.2947098393958112
453,1563249600,45,25,0,70,29,-0.7003650507440152,-1.0566491840029668
453,1563264000,41,464,423,505,29,0.41052589219510277,-0.5395764618436646
453,1563274320,179,1309,1130,1488,29,2.267263236540153,0.6288890229439078
453,1563278400,100,277,177,377,29,-0.23552415972693744,-0.6917265961801949
453,1563279663,32,83,51,115,29,-0.5664278448577386,-1.0031589024002803
453,1563292800,455,872,417,1327,29,0.3947685738555408,0.43751268209874083
453,1563307200,1517,1516,0,3033,29,-0.7003650507440152,2.4653886913028087
453,1563321600,511,320,0,831,29,-0.7003650507440152,-0.15206908845531403
453,1563336000,46,32,0,78,29,-0.7003650507440152,-1.0471398006069337
453,1563350400,41,438,397,479,29,0.3422441793903343,-0.5704819578807723
453,1563364800,229,1507,1278,1736,29,2.6559437555826815,0.9236799082209353
453,1563379200,448,866,418,1314,29,0.39739479357880114,0.422059934080187
453,1563393600,1472,1465,0,2937,29,-0.7003650507440152,2.351276090550411
453,1563408000,471,321,0,792,29,-0.7003650507440152,-0.1984273325109756
453,1563422400,49,21,0,70,29,-0.7003650507440152,-1.0566491840029668
453,1563436800,43,443,400,486,29,0.3501228385601153,-0.5621612474092433
453,1563451200,224,1547,1323,1771,29,2.7741236431293963,0.9652834605785803
453,1563465600,493,993,500,1486,29,0.612744810886148,0.6265116770948995
453,1563480000,1443,1442,0,2885,29,-0.7003650507440152,2.2894650984761955
453,1563494400,500,275,0,775,29,-0.7003650507440152,-0.21863477222754604
453,1563508800,49,27,0,76,29,-0.7003650507440152,-1.0495171464559419
453,1563523200,48,393,345,441,29,0.20568075378079734,-0.6156515290119298
453,1563537600,228,1406,1178,1634,29,2.393321783256649,0.8024352699215127
453,1563552000,570,986,416,1556,29,0.3921423541322805,0.7097187818101895
453,1563566400,1330,1237,0,2567,29,-0.7003650507440152,1.9114671084838781
453,1563580800,402,385,0,787,29,-0.7003650507440152,-0.20437069713349632
453,1563595200,77,43,0,120,29,-0.7003650507440152,-0.9972155377777596
453,1563609600,26,128,102,154,29,-0.4324906389714619,-0.9568006583446188
453,1563624000,151,450,299,601,29,0.08487464651082234,-0.4254638610912669
453,1563638400,321,571,250,892,29,-0.04381011992893364,-0.07956004006056132
453,1563652800,349,510,161,859,29,-0.2775436752991027,-0.11878624656919803
453,1563667200,246,288,42,534,29,-0.5900638223670814,-0.5051049470330444
453,1563681600,70,61,0,131,29,-0.7003650507440152,-0.984140135608214
453,1563696000,18,73,55,91,29,-0.5559229659646973,-1.0316870525883797
453,1563710400,148,370,222,518,29,-0.11734427218022277,-0.5241237138251108
453,1563724800,322,441,119,763,29,-0.38784490367603636,-0.23289884732159574
453,1563739200,329,368,39,697,29,-0.5979424815368625,-0.3113512603388692
453,1563753600,190,172,0,362,29,-0.7003650507440152,-0.709556690047757
453,1563768000,36,24,0,60,29,-0.7003650507440152,-1.0685359132480081
453,1563782400,38,420,382,458,29,0.3028508835414294,-0.5954440892953593
453,1563796800,224,1441,1217,1665,29,2.4957443524638014,0.8392841305811412
453,1563811200,434,827,393,1261,29,0.331739300497293,0.3590602690814674
453,1563825600,1363,1337,0,2700,29,-0.7003650507440152,2.0695606074429294
453,1563840000,386,256,0,642,30,-0.7903608714311146,-0.468390554267663
453,1563854400,38,37,0,75,30,-0.7903608714311146,-1.1611582494002712
453,1563868800,35,474,439,509,30,0.3179958176050043,-0.6308916185580279
453,1563883200,229,1536,1307,1765,30,2.509461890687809,0.9037048983494783
453,1563897600,425,880,455,1305,30,0.35839150558809746,0.34167114215723876
453,1563912000,1505,1340,0,2845,30,-0.7903608714311146,2.2232624128877796
453,1563926400,524,259,0,783,30,-0.7903608714311146,-0.296114989869607
453,1563940800,60,22,0,82,30,-0.7903608714311146,-1.1526055618060416
453,1563955200,34,430,396,464,30,0.2094324061504414,-0.6858731816637905
453,1563969600,256,1572,1316,1828,30,2.5321844651782985,0.9806790866975459
453,1563984000,457,970,513,1427,30,0.5048258745268103,0.49073226879952836
453,1563998400,1321,1556,235,2877,30,-0.1970492041794336,2.2623604133185444
453,1564012800,562,349,0,911,30,-0.7903608714311146,-0.13972298814654904
453,1564027200,66,47,0,113,30,-0.7903608714311146,-1.1147293738887385
453,1564041600,39,441,402,480,30,0.22458078914410134,-0.6663241814484082
453,1564056000,249,1533,1284,1782,30,2.4513930892121123,0.9244757110783219
453,1564070400,446,906,460,1352,30,0.3710151580828141,0.3990963302899241
453,1564084800,1394,1404,10,2798,30,-0.7651135664416814,2.1658372247550943
453,1564099200,535,368,0,903,30,-0.7903608714311146,-0.14949748825424014
453,1564113600,52,41,0,93,30,-0.7903608714311146,-1.1391656241579662
453,1564128000,36,427,391,463,30,0.19680875365572478,-0.6870949941772518
453,1564142400,231,1465,1234,1696,30,2.325156564264946,0.8193998349206424
453,1564156800,623,1061,438,1684,30,0.315471087106061,0.8047380847591057
453,1564171200,1103,1277,174,2380,30,-0.35105776461497634,1.6551195941282333
453,1564185600,405,312,0,717,30,-0.7903608714311146,-0.37675461575805874
453,1564200000,102,65,0,167,30,-0.7903608714311146,-1.0487514981618233
453,1564214400,31,168,137,199,30,-0.4444727930758793,-1.009653497731059
453,1564228800,172,694,522,866,30,0.5275484490173001,-0.1947045512523116
453,1564243200,392,711,319,1103,30,0.015028157731805523,0.09486501443803791
453,1564257600,470,599,129,1069,30,-0.4646706370674259,0.05332338898035063
453,1564272000,288,357,69,645,30,-0.6161544670040253,-0.46472511672727884
453,1564286400,84,66,0,150,30,-0.7903608714311146,-1.069522310890667
453,1564300800,20,93,73,113,30,-0.606055545008252,-1.1147293738887385
453,1564315200,123,477,354,600,30,0.10339372519482183,-0.5197066798330414
453,1564329600,295,584,289,879,30,-0.06071375723649417,-0.17882098857731352
453,1564344000,355,409,54,764,30,-0.6540254244881751,-0.3193294276253734
453,1564358400,195,165,0,360,30,-0.7903608714311146,-0.8129416830637751
453,1564372800,32,26,0,58,30,-0.7903608714311146,-1.181929062129115
453,1564387200,34,435,401,469,30,0.222056058645158,-0.6797641190964835
453,1564401600,223,1431,1208,1654,30,2.2595135712924197,0.7680837093552639
453,1564416000,421,882,461,1303,30,0.3735398885817574,0.33922751713031596
453,1564430400,1307,1385,78,2692,30,-0.5934318925135353,2.036325098328187
453,1564444800,383,286,0,669,31,-0.8410918647921223,-0.6022377495298051
453,1564459200,36,21,0,57,31,-0.8410918647921223,-1.3093255245173172
453,1564473600,41,468,427,509,31,0.13242399587985296,-0.7870972985461482
453,1564488000,231,1562,1331,1793,31,2.193450548684222,0.6964005823100049
453,1564502400,463,947,484,1410,31,0.2623781037447302,0.25389303685213366
453,1564516800,1399,1433,34,2832,31,-0.7635753793990376,1.8968322787348826
453,1564531200,428,312,0,740,31,-0.8410918647921223,-0.5202063246538029
453,1564545600,43,17,0,60,31,-0.8410918647921223,-1.3058594079732608
453,1564560000,35,466,431,501,31,0.14154358239668646,-0.7963402759969653
453,1564574400,241,1490,1249,1731,31,2.0064990250891355,0.6247675070661719
453,1564588800,455,886,431,1341,31,0.14154358239668646,0.1741723563388357
453,1564603200,1294,1456,162,2750,31,-0.4717486108603659,1.8020917598640067
453,1564617600,466,286,0,752,31,-0.8410918647921223,-0.5063418584775772
453,1564632000,50,26,0,76,31,-0.8410918647921223,-1.2873734530716265
453,1564646400,33,476,443,509,31,0.16890234194718692,-0.7870972985461482
453,1564660800,257,1558,1301,1815,31,2.125053649807971,0.721818770299752
453,1564675200,463,911,448,1374,31,0.18030182509322878,0.21229963832345647
453,1564689600,1367,1465,98,2832,31,-0.6176619951297018,1.8968322787348826
453,1564704000,483,394,0,877,31,-0.8410918647921223,-0.36192033580855915
453,1564718400,55,24,0,79,31,-0.8410918647921223,-1.2839073365275702
453,1564732800,31,467,436,498,31,0.15294306554272832,-0.7998063925410217
453,1564747200,241,1353,1112,1594,31,1.6941531868875883,0.4664815182209282
453,1564761600,556,1015,459,1571,31,0.2053806880145209,0.43990795804982885
453,1564776000,1094,1102,8,2196,31,-0.8228526917584553,1.162015571394919
453,1565409600,89,84,0,173,32,-0.8441488447109232,-0.9452644819221945
453,1565424000,20,217,197,237,32,-0.15039314386751668,-0.8412968559283259
453,1565438400,164,625,461,789,32,0.7793099273134952,0.05542391826879022
453,1565452800,391,693,302,1084,32,0.21937512307947668,0.534649694334278
453,1565467200,433,576,143,1009,32,-0.3405596811545418,0.41281263262271334
453,1565481600,246,324,78,570,32,-0.5694638464074425,-0.3003403019289787
453,1565496000,72,72,0,144,32,-0.8441488447109232,-0.9923748124506662
453,1565510400,18,121,103,139,32,-0.4814237828486345,-1.0004972832314372
453,1565524800,124,538,414,662,32,0.6137946078229363,-0.15088683956279267
453,1565539200,314,582,268,896,32,0.09964063663949789,0.2292447929772892
453,1565553600,372,485,113,857,32,-0.4462077574251114,0.16588952088727554
453,1565568000,224,160,0,384,32,-0.8441488447109232,-0.6024962149736591
453,1565582400,25,23,0,48,32,-0.8441488447109232,-1.148326251441469
453,1565596800,41,440,399,481,32,0.5609705696876515,-0.4449202818267021
453,1565611200,220,1391,1171,1611,32,3.2796477323836406,1.3907581146275392
453,1565625600,392,818,426,1210,32,0.656053838331164,0.7393359580097068
453,1565640000,1304,1235,0,2539,32,-0.8441488447109232,2.898288691538633
453,1565654400,391,273,0,664,33,-0.8509935490894099,-0.3213159349987065
453,1565668800,43,26,0,69,33,-0.8509935490894099,-1.129923616215569
453,1565683200,35,443,408,478,33,0.3852822407790046,-0.5740907731606165
453,1565683493,2,33,31,35,33,-0.7570608297611726,-1.1761297694279613
453,1565697600,230,1416,1186,1646,33,2.7426904871457363,1.0132264901356784
453,1565706014,229,533,304,762,33,0.07015311787136949,-0.18813349338651736
453,1565712000,214,422,208,636,33,-0.22073530327413982,-0.3593680611736177
453,1565726400,1331,1266,0,2597,33,-0.8509935490894099,2.305639775576412
453,1565740800,449,277,0,726,33,-0.8509935490894099,-0.23705765561140316
453,1565755200,51,30,0,81,33,-0.8509935490894099,-1.1136155621406072
453,1565769600,32,476,444,508,33,0.49436539870857055,-0.5333206379732116
453,1565772630,40,388,348,428,33,0.20347697756306127,-0.6420409984729579
453,1565784000,206,1149,943,1355,33,2.0063791711211656,0.6177561788178516
453,1565798400,456,925,469,1381,33,0.5701175917152136,0.6530902959802691
453,1565812800,1366,1274,0,2640,33,-0.8509935490894099,2.3640769693450254
453,1565827200,475,294,0,769,33,-0.8509935490894099,-0.17862046184278957
453,1565841600,36,29,0,65,33,-0.8509935490894099,-1.1353596342405563
453,1565856000,36,458,422,494,33,0.4277034688627247,-0.5523467010606672
453,1565870400,249,1430,1181,1679,33,2.7275400485444075,1.058073638841824
453,1565884800,433,933,500,1366,33,0.664050311043451,0.6327052283865667
453,1565899200,1317,1387,70,2704,33,-0.6388874086708094,2.4510532577448227
453,1565913600,438,350,0,788,33,-0.8509935490894099,-0.15279937622409984
453,1565928000,50,37,0,87,33,-0.8509935490894099,-1.1054615351031263
453,1565942400,30,448,418,478,33,0.4155831179816618,-0.5740907731606165
453,1565946008,50,386,336,436,33,0.1671159249198726,-0.6311689624229833
453,1565956800,177,977,800,1154,33,1.5730766271231675,0.34459627306223917
453,1565971200,526,1038,512,1564,33,0.7004113636866397,0.9017881206234386
453,1565985600,1128,991,0,2119,33,-0.8509935490894099,1.6560356215904282
453,1566000000,438,319,0,757,33,-0.8509935490894099,-0.1949285159177515
453,1566014400,104,56,0,160,33,-0.8509935490894099,-1.0062542061471078
453,1566028800,19,145,126,164,33,-0.46920249633592903,-1.0008181881221205
453,1566043200,158,594,436,752,33,0.47012469694644476,-0.20172353844898563
453,1566057600,396,737,341,1133,33,0.1822663635212012,0.3160571784310558
453,1566072000,433,686,253,1119,33,-0.08438135586218233,0.2970311153436002
453,1566086400,254,368,114,622,33,-0.5055635489791177,-0.3783941242610733
453,1566100800,88,67,0,155,33,-0.8509935490894099,-1.013049228678342
453,1566115200,14,82,68,96,33,-0.6449475841113409,-1.0932304945469047
453,1566129600,122,464,342,586,33,0.18529645124146693,-0.4273182864859591
453,1566144000,302,707,405,1009,33,0.3761919776182074,0.14754061965644913
453,1566158400,326,555,229,881,33,-0.15710346114855966,-0.02641195714314484
453,1566172800,193,148,0,341,33,-0.8509935490894099,-0.7602743905164319
453,1566187200,26,16,0,42,33,-0.8509935490894099,-1.1666167378842334
453,1566201600,36,463,427,499,33,0.4428539074640533,-0.5455516785294331
453,1566216000,217,1395,1178,1612,33,2.7184497853836103,0.9670203369232864
453,1566230400,411,831,420,1242,33,0.42164329342219325,0.46418866961196004
453,1566244800,1326,1215,0,2541,33,-0.8509935490894099,2.2295355232265894
453,1566259200,355,285,0,640,34,-0.7880424868023331,-0.43280208495192385
453,1566273600,30,41,11,71,34,-0.7594179385750607,-1.1763753578621379
453,1566288000,33,478,445,511,34,0.36995060057368756,-0.6013802083357861
453,1566302400,242,1497,1255,1739,34,2.477758242763748,1.0033789817059413
453,1566316800,395,924,529,1319,34,0.5885380597637678,0.45451997533987815
453,1566331200,1348,1314,0,2662,34,-0.7880424868023331,2.209561988553266
453,1566345600,397,303,0,700,34,-0.7880424868023331,-0.35439365547105767
453,1566360000,42,32,0,74,34,-0.7880424868023331,-1.1724549363880945
453,1566374400,31,461,430,492,34,0.33091712571831605,-0.6262095443380603
453,1566388800,231,1528,1297,1759,34,2.587051972358788,1.02951512486623
453,1566403200,414,945,531,1359,34,0.5937425230778174,0.5067922616604555
453,1566417600,1345,1300,0,2645,34,-0.7880424868023331,2.1873462668670203
453,1566432000,433,278,0,711,34,-0.7880424868023331,-0.3400187767328989
453,1566446400,56,33,0,89,34,-0.7880424868023331,-1.1528528290178781
453,1566460800,34,476,442,510,34,0.3621439056026132,-0.6026870154938005
453,1566475200,248,1468,1220,1716,34,2.386680134767881,0.9733224170716092
453,1566489600,427,974,547,1401,34,0.6353782295902136,0.5616781622970619
453,1566504000,1319,1251,0,2570,34,-0.7880424868023331,2.0893357300159376
453,1566518400,479,317,0,796,34,-0.7880424868023331,-0.22894016830167183
453,1566532800,53,39,0,92,34,-0.7880424868023331,-1.1489324075438347
453,1566547200,35,416,381,451,34,0.20340777452410255,-0.6797886378166522
453,1566561600,213,1353,1140,1566,34,2.1785016022058996,0.7773013433694438
453,1566576000,586,899,313,1485,34,0.026456021846418497,0.6714499635702745
453,1566590400,1035,1158,123,2193,34,-0.46796799298828695,1.5966694314444951
453,1566604800,386,260,0,646,34,-0.7880424868023331,-0.4249612420038372
453,1566619200,66,60,0,126,34,-0.7880424868023331,-1.104500964171344
453,1566633600,22,127,105,149,34,-0.5148081628147327,-1.0744443995370119
453,1566648000,171,595,424,766,34,0.31530373577616744,-0.2681443830421049
453,1566662400,365,716,351,1081,34,0.1253408248133596,0.1434998717324424
453,1566676800,400,670,270,1070,34,-0.08543993940564641,0.1291249929942836
453,1566691200,260,343,83,603,34,-0.5720572592692775,-0.481153949798458
453,1566705600,89,49,0,138,34,-0.7880424868023331,-1.0888192782751707
453,1566720000,15,67,52,82,34,-0.6527264406370453,-1.162000479123979
453,1566734400,117,452,335,569,34,0.08370511830096333,-0.5255853931709488
453,1566748800,317,638,321,955,34,0.04727387510261662,-0.021157830177376526
453,1566763200,359,577,218,936,34,-0.22075598557093423,-0.045987166179650804
453,1566777600,194,181,0,375,34,-0.7880424868023331,-0.7791059818257493
453,1566792000,30,42,12,72,34,-0.7568157069180359,-1.1750685507041234
453,1566806400,29,305,276,334,34,-0.06982654946349783,-0.8326850753043412
453,1566820800,193,1373,1180,1566,34,2.2825908684868903,0.7773013433694438
453,1566835200,426,854,428,1280,34,0.32571266240426655,0.40355449617731515
453,1566849600,1285,1206,0,2491,34,-0.7880424868023331,1.986097964532797
453,1566864000,397,277,0,674,35,-0.7199585661819996,-0.2700531533104643
453,1566878400,40,40,0,80,35,-0.7199585661819996,-1.1161270034661173
453,1566892800,38,497,459,535,35,0.592386482877814,-0.4680401317138916
453,1566907200,225,1540,1315,1765,35,3.039809929490451,1.2839309721437737
453,1566921600,488,930,442,1418,35,0.5437811106904135,0.7896757095107576
453,1566936000,1332,1243,0,2575,35,-0.7199585661819996,2.437668040537846
453,1566950400,451,267,0,718,35,-0.7199585661819996,-0.20738101626189745
453,1566964800,41,36,0,77,35,-0.7199585661819996,-1.1204001037194287
453,1566979200,34,505,471,539,35,0.6266961573630379,-0.4623426647094764
453,1566993600,227,1516,1289,1743,35,2.9654723014391324,1.2525949036194903
453,1567008000,435,840,405,1275,35,0.4379929476943065,0.5859912641029152
453,1567022400,1266,1324,58,2590,35,-0.5541284728367508,2.459033541804403
453,1567036800,435,258,0,693,35,-0.7199585661819996,-0.24299018503949227
453,1567051200,46,43,0,89,35,-0.7199585661819996,-1.1033077027061833
453,1567065600,48,486,438,534,35,0.5323445525286722,-0.46946449846499533
453,1567080000,232,1454,1222,1686,35,2.7739099522299657,1.1714059988065741
453,1567094400,444,920,476,1364,35,0.6409918550652145,0.7127599049511528
453,1567108800,1275,1318,43,2593,35,-0.5970155659432806,2.4633066420577143
453,1567123200,471,302,0,773,35,-0.7199585661819996,-0.12904084495118884
453,1567137600,41,38,0,79,35,-0.7199585661819996,-1.117551370217221
453,1567152000,34,433,399,467,35,0.42083811045169456,-0.5648970707889495
453,1567166400,224,1196,972,1420,35,2.0591250671211347,0.7925244430129652
453,1567180800,652,1004,352,1656,35,0.2864585520512344,1.1286749962734604
453,1567195200,823,945,122,1768,35,-0.37114354224889007,1.2882040723970851
453,1567209600,370,314,0,684,35,-0.7199585661819996,-0.2558094857994264
453,1567224000,70,54,0,124,35,-0.7199585661819996,-1.0534548664175505
453,1567238400,26,118,92,144,35,-0.4569177284619498,-1.0249675313954747
453,1567252800,187,494,307,681,35,0.15779727273164482,-0.26008258605273776
453,1567267200,392,558,166,950,35,-0.24534140246973582,0.12307206999418252
453,1567281600,416,514,98,930,35,-0.4397628912193378,0.09458473497210666
453,1567296000,257,308,51,565,35,-0.5741424496197981,-0.4253091291807778
453,1567310400,66,61,0,127,35,-0.7199585661819996,-1.049181766164239
453,1567324800,23,80,57,103,35,-0.5569876123771861,-1.08336656819073
453,1567339200,125,369,244,494,35,-0.022328518315780584,-0.5264391685091471
453,1567353600,311,604,293,915,35,0.11776931916555028,0.07321923370554977
453,1567368000,329,511,182,840,35,-0.19959516982277065,-0.0336082726272347
453,1567382400,215,195,0,410,35,-0.7199585661819996,-0.6460859756018656
453,1567396800,55,39,0,94,35,-0.7199585661819996,-1.0961858689506643
453,1567411200,16,83,67,99,35,-0.5283962169728329,-1.0890640351951453
453,1567425600,114,387,273,501,35,0.060586528356843805,-0.5164686012514205
453,1567440000,277,506,229,783,35,-0.06521561142231044,-0.1147971774401509
453,1567454400,331,385,54,716,35,-0.5655650309984921,-0.21022974976410502
453,1567468800,195,183,0,378,36,-0.7288859507896153,-0.79537558632561
453,1567483200,28,32,4,60,36,-0.7191092769586648,-1.1727346972262829
453,1567497600,44,479,435,523,36,0.33432732832625467,-0.6233093250658691
453,1567512000,245,1435,1190,1680,36,2.1796745139181666,0.7496607733997871
453,1567526400,456,821,365,1277,36,0.1632355362846204,0.2714352334847832
453,1567540800,1411,1305,0,2716,36,-0.7288859507896153,1.9790445435038664
453,1567555200,435,278,0,713,36,-0.7288859507896153,-0.39784318962207077
453,1567569600,37,39,2,76,36,-0.72399761387414,-1.1537480752941736
453,1567584000,53,534,481,587,36,0.44675907738218573,-0.5473628373374317
453,1567598400,252,1592,1340,1844,36,2.5462997825788114,0.9442736482039077
453,1567612800,468,973,505,1441,36,0.5054191203678889,0.4660481082889039
453,1567627200,1491,1413,0,2904,36,-0.7288859507896153,2.2021373512061513
453,1567641600,532,290,0,822,36,-0.7288859507896153,-0.26849682770957595
453,1567656000,43,43,0,86,36,-0.7288859507896153,-1.1418814365866052
453,1567670400,36,515,479,551,36,0.44187074046671043,-0.5900827366846778
453,1567684800,270,1623,1353,1893,36,2.578073972529401,1.0024201778709925
453,1567699200,512,1019,507,1531,36,0.5103074572833641,0.5728478566570189
453,1567713600,1423,1425,2,2848,36,-0.72399761387414,2.1356841744437682
453,1567728000,541,330,0,871,36,-0.7288859507896153,-0.2103502980424911
453,1567742400,60,28,0,88,36,-0.7288859507896153,-1.1395081088450916
453,1567756800,40,507,467,547,36,0.41254071897385886,-0.5948293921677051
453,1567771200,232,1521,1289,1753,36,2.421647191234192,0.8362872359650358
453,1567785600,529,917,388,1446,36,0.21945141081258593,0.4719814276426881
453,1567800000,1321,1365,44,2686,36,-0.6213425386491594,1.9434446273811614
453,1567814400,425,329,0,754,36,-0.7288859507896153,-0.3491899709210406
453,1567828800,78,46,0,124,36,-0.7288859507896153,-1.0967882094978456
453,1567843200,24,142,118,166,36,-0.4404740727765747,-1.0469483269260587
453,1567857600,192,584,392,776,36,0.22922808464353647,-0.3230833657643903
453,1567872000,480,709,229,1189,36,-0.16917137396769755,0.1670088128581819
453,1567886400,548,675,127,1223,36,-0.418476556656936,0.20735538446391422
453,1567900800,340,389,49,729,36,-0.6091216963604713,-0.37885656768996145
453,1567915200,110,69,0,179,36,-0.7288859507896153,-1.0315216966062197
453,1567929600,22,80,58,102,36,-0.5871241802408327,-1.122894814654496
453,1567944000,146,460,314,606,36,0.03858294494000117,-0.5248162237930519
453,1567958400,344,540,196,884,36,-0.2498289330730394,-0.1949236677226523
453,1567972800,428,505,77,933,36,-0.5406849795438177,-0.13677713805556746
453,1567987200,206,180,0,386,36,-0.7288859507896153,-0.7858822753595552
453,1568001600,39,18,0,57,36,-0.7288859507896153,-1.1762946888385535
453,1568016000,42,529,487,571,36,0.4614240881286115,-0.5663494592695412
453,1568030400,246,1534,1288,1780,36,2.4192030227764545,0.8683271604754704
453,1568044800,520,859,339,1379,36,0.09968715638344197,0.3924749483019802
453,1568059200,1504,1364,0,2868,36,-0.7288859507896153,2.159417451858905
453,1568073600,530,309,0,839,37,-0.7132081379969204,-0.31470820688325246
453,1568088000,49,33,0,82,37,-0.7132081379969204,-1.2026947821092135
453,1568102400,57,570,513,627,37,0.47332437233291114,-0.5633913692979206
453,1568116800,253,1686,1433,1939,37,2.6012189327684765,0.9756289565890822
453,1568131200,498,966,468,1464,37,0.36924257318117154,0.4184379087260286
453,1568145600,1483,1501,18,2984,37,-0.6715754183362246,2.2014492618878
453,1568160000,561,324,0,885,37,-0.7132081379969204,-0.26074865277440934
453,1568174400,55,33,0,88,37,-0.7132081379969204,-1.1956565793993645
453,1568188800,40,457,417,497,37,0.25128320080919997,-0.715885761344651
453,1568203200,216,1645,1429,1861,37,2.5919672172883215,0.8841323213610439
453,1568217600,510,1010,500,1520,37,0.4432562970224086,0.4841278006846202
453,1568232000,1437,1411,0,2848,37,-0.7132081379969204,2.0419166671312206
453,1568246400,582,329,0,911,37,-0.7132081379969204,-0.23024977436506328
453,1568260800,62,35,0,97,37,-0.7132081379969204,-1.1850992753345908
453,1568275200,41,527,486,568,37,0.41087529284186736,-0.6326003626114367
453,1568289600,215,1613,1398,1828,37,2.5202664223171234,0.8454222064568738
453,1568304000,492,1060,568,1552,37,0.6005354601850373,0.5216648818038153
453,1568318400,1436,1459,23,2895,37,-0.6600107739860313,2.0970492550250386
453,1568332800,557,302,0,859,37,-0.7132081379969204,-0.29124753118375546
453,1568347200,83,31,0,114,37,-0.7132081379969204,-1.1651577009900185
453,1568361600,38,480,442,518,37,0.3091064225601664,-0.6912520518601791
453,1568376000,290,1528,1238,1818,37,2.150197803110938,0.8336918686071254
453,1568390400,644,999,355,1643,37,0.10788161086680317,0.6284109562365267
453,1568404800,1418,1364,0,2782,37,-0.7132081379969204,1.9644964373228804
453,1568419200,496,373,0,869,37,-0.7132081379969204,-0.27951719333400693
453,1568433600,120,63,0,183,37,-0.7132081379969204,-1.0842183698267538
453,1568448000,23,149,126,172,37,-0.4217791003720495,-1.0971217414614771
453,1568462400,203,635,432,838,37,0.28597713385977985,-0.3158812406682273
453,1568476800,560,714,154,1274,37,-0.3570170920109671,0.19556148958080716
453,1568491200,627,712,85,1339,37,-0.5166091840436344,0.2718086856041724
453,1568505600,351,349,0,700,37,-0.7132081379969204,-0.47775990299475657
453,1568520000,138,68,0,206,37,-0.7132081379969204,-1.0572385927723322
453,1568534400,25,80,55,105,37,-0.5859970501447942,-1.175715005054792
453,1568548800,145,454,309,599,37,0.0014868828450249078,-0.5962363152772163
453,1568563200,402,641,239,1043,37,-0.16041813805768115,-0.07540931474838311
453,1568577600,470,541,71,1011,37,-0.5489901882241757,-0.1129463958675783
453,1568592000,248,201,0,449,37,-0.7132081379969204,-0.7721913830234438
453,1568606400,33,32,0,65,37,-0.7132081379969204,-1.222636356453786
453,1568620800,58,499,441,557,37,0.30679349369012776,-0.64550373424616
453,1568635200,224,1546,1322,1770,37,2.344483828194185,0.7773862469283326
453,1568649600,473,840,367,1313,37,0.13563675730726707,0.24130980719482628
453,1568664000,1366,1428,62,2794,37,-0.5698065480545236,1.9785728427425786
453,1568678400,462,286,0,748,38,-0.7201703170461639,-0.3744488546675002
453,1568692800,36,23,0,59,38,-0.7201703170461639,-1.1994051513076314
453,1568707200,47,435,388,482,38,0.19455263592221386,-0.6929370620786394
453,1568721600,269,1668,1399,1937,38,2.5780188870846623,1.0491694859785317
453,1568736000,545,915,370,1460,38,0.15211703501130974,0.4780458959969024
453,1568750400,1428,1355,0,2783,38,-0.7201703170461639,2.062105664436516
453,1568764800,521,351,0,872,38,-0.7201703170461639,-0.22598066775403683
453,1568779200,47,41,0,88,38,-0.7201703170461639,-1.1646827527552892
453,1568793600,54,495,441,549,38,0.3195019052709871,-0.6127163481818487
453,1568808000,238,1699,1461,1937,38,2.7241859568888875,1.0491694859785317
453,1568822400,508,948,440,1456,38,0.31714437188704797,0.4732565996448552
453,1568836800,1437,1554,117,2991,38,-0.44433891112528706,2.3111490747429704
453,1568851200,537,346,0,883,38,-0.7201703170461639,-0.21281010278590703
453,1568865600,73,39,0,112,38,-0.7201703170461639,-1.135946974643006
453,1568880000,49,558,509,607,38,0.4798141753788471,-0.5432715510771642
453,1568894400,246,1574,1328,1820,38,2.4106340168249845,0.9090825676811509
453,1568908800,486,1024,538,1510,38,0.5481826435130815,0.5379121003974925
453,1568923200,1438,1247,0,2685,38,-0.7201703170461639,1.9447679038113592
453,1568937600,549,384,0,933,38,-0.7201703170461639,-0.15294389838531694
453,1568952000,69,42,0,111,38,-0.7201703170461639,-1.1371442987310176
453,1568966400,45,530,485,575,38,0.4232333741643083,-0.5815859218935419
453,1568980800,251,1474,1223,1725,38,2.163093011511377,0.7953367793200298
453,1568995200,540,916,376,1456,38,0.16626223531494444,0.4732565996448552
453,1569009600,1287,1346,59,2633,38,-0.581075847393756,1.8825070512347455
453,1569024000,482,365,0,847,38,-0.7201703170461639,-0.25591376995433185
453,1569038400,102,56,0,158,38,-0.7201703170461639,-1.080870066594463
453,1569052800,20,157,137,177,38,-0.3971882434465047,-1.0581209089222388
453,1569067200,172,576,404,748,38,0.23227317006523973,-0.3744488546675002
453,1569081600,468,655,187,1123,38,-0.27931157424954883,0.07454767833692533
453,1569096000,556,615,59,1171,38,-0.581075847393756,0.13201923456149178
453,1569110400,300,262,0,562,38,-0.7201703170461639,-0.5971511350376952
453,1569124800,81,51,0,132,38,-0.7201703170461639,-1.1120004928827698
453,1569139200,12,73,61,85,38,-0.5763607806258777,-1.1682747250193246
453,1569153600,109,416,307,525,38,0.0035924318231453094,-0.641452126294132
453,1569168000,344,561,217,905,38,-0.2085855727313753,-0.1864689728496474
453,1569182400,370,485,115,855,38,-0.4490539778931653,-0.24633517725023746
453,1569196800,198,198,0,396,38,-0.7201703170461639,-0.7959069336476543
453,1569211200,28,23,0,51,38,-0.7201703170461639,-1.208983744011726
453,1569225600,40,513,473,553,38,0.39494297355703883,-0.6079270518298014
453,1569240000,228,1542,1314,1770,38,2.377628549449837,0.8492163632805608
453,1569254400,459,881,422,1340,38,0.2747087709761439,0.33436700543548625
453,1569268800,1422,1319,0,2741,38,-0.7201703170461639,2.0118180527400202
453,1569283200,464,301,0,765,39,-0.7867616617171667,-0.4199271363609541
453,1569297600,36,28,0,64,39,-0.7867616617171667,-1.2734059951721655
453,1569312000,49,558,509,607,39,0.45985787609706313,-0.6122946965495011
453,1569326400,252,1563,1311,1815,39,2.4240796233014095,0.8584648775502757
453,1569340800,494,983,489,1477,39,0.4108747901318675,0.44694440069123215
453,1569355200,1445,1387,0,2832,39,-0.7867616617171667,2.096678856738581
453,1569369600,503,361,0,864,39,-0.7867616617171667,-0.299393032192181
453,1569384000,46,30,0,76,39,-0.7867616617171667,-1.2587958007274658
453,1569398400,44,549,505,593,39,0.45006125890402404,-0.6293399234016508
453,1569412800,258,1602,1344,1860,39,2.5049017151439825,0.9132531067178997
453,1569427200,544,1023,479,1567,39,0.38638324714926964,0.5565208590264804
453,1569441600,1476,1440,0,2916,39,-0.7867616617171667,2.1989502178514795
453,1569456000,580,340,0,920,39,-0.7867616617171667,-0.23121212478358208
453,1569470400,58,38,0,96,39,-0.7867616617171667,-1.2344454766529662
453,1569484800,51,564,513,615,39,0.4696544932901023,-0.6025545669197012
453,1569499200,272,1574,1302,1846,39,2.4020372346170715,0.89620787986575
453,1569513600,551,1017,466,1568,39,0.35454424127189244,0.5577383752302054
453,1569528000,1433,1370,0,2803,39,-0.7867616617171667,2.0613708868305567
453,1569542400,523,321,0,844,39,-0.7867616617171667,-0.3237433562666806
453,1569556800,62,39,0,101,39,-0.7867616617171667,-1.2283578956343413
453,1569571200,42,557,515,599,39,0.47455280188662186,-0.6220348261793008
453,1569585600,262,1508,1246,1770,39,2.2648845939145237,0.8036766483826515
453,1569600000,596,1001,405,1597,39,0.20514582907804566,0.5930463451382298
453,1569614400,1339,1360,21,2699,39,-0.7353294214537112,1.9347492016431587
453,1569628800,479,338,0,817,39,-0.7867616617171667,-0.35661629376725507
453,1569643200,110,63,0,173,39,-0.7867616617171667,-1.1406967289661427
453,1569657600,26,226,200,252,39,-0.29693080206520994,-1.0445129488718692
453,1569672000,225,823,598,1048,39,0.6778326086421839,-0.07537005070678454
453,1569686400,533,859,326,1392,39,0.011662639515522771,0.34345552337460883
453,1569700800,685,746,61,1431,39,-0.6373632495233198,0.39093865531988303
453,1569715200,345,415,70,760,39,-0.6153208608389819,-0.42601471737957897
453,1569729600,114,77,0,191,39,-0.7867616617171667,-1.118781437299093
453,1569744000,29,124,95,153,39,-0.5540920033824872,-1.1650470530406423
453,1569758400,137,552,415,689,39,0.2296373720606435,-0.5124583678440526
453,1569772800,381,722,341,1103,39,0.04839995398941952,-0.008406659501910607
453,1569787200,427,621,194,1048,39,-0.31162572785476866,-0.07537005070678454
453,1569801600,250,244,0,494,39,-0.7867616617171667,-0.7498740275704239
453,1569816000,41,42,1,83,39,-0.7843125074189069,-1.2502731873013908
453,1569830400,28,510,482,538,39,0.39373071004404897,-0.6963033146065247
453,1569844800,200,1392,1192,1592,39,2.1326302618084956,0.5869587641196049
453,1569859200,446,858,412,1304,39,0.22228990916586416,0.2363140974468105
453,1569873600,1386,1268,0,2654,39,-0.7867616617171667,1.8799609724755344
453,1569888000,414,240,0,654,40,-0.7826239017055773,-0.5208468926551865
453,1569902400,33,20,0,53,40,-0.7826239017055773,-1.2199066716950238
453,1569916800,36,495,459,531,40,0.2989893735887177,-0.6639156993471999
453,1569931200,247,1513,1266,1760,40,2.20064931511921,0.7656092065429168
453,1569945600,460,910,450,1370,40,0.2777812701515746,0.3119764048365331
453,1569960000,1573,1403,0,2976,40,-0.7826239017055773,2.1800130190428204
453,1569974400,489,297,0,786,40,-0.7826239017055773,-0.3673096366930259
453,1569988800,47,22,0,69,40,-0.7826239017055773,-1.201296095214762
453,1570003200,45,536,491,581,40,0.3743959635874485,-0.6057576478463814
453,1570017600,230,1611,1381,1841,40,2.4716417479271486,0.8598252499742426
453,1570032000,501,974,473,1475,40,0.3319797567131624,0.4341083129882518
453,1570046400,1542,1515,0,3057,40,-0.7826239017055773,2.2742290624741464
453,1570060800,499,340,0,839,40,-0.7826239017055773,-0.3056621021021584
453,1570075200,62,23,0,85,40,-0.7826239017055773,-1.1826855187345
453,1570089600,39,485,446,524,40,0.26835544640173326,-0.6720578265573144
453,1570104000,238,1643,1405,1881,40,2.528196690426197,0.9063516911748973
453,1570118400,519,1025,506,1544,40,0.40974280264935353,0.5143664240593812
453,1570132800,1421,1401,0,2822,40,-0.7826239017055773,2.0008862204202997
453,1570147200,527,384,0,911,40,-0.7826239017055773,-0.2219145079409799
453,1570161600,62,30,0,92,40,-0.7826239017055773,-1.1745433915243855
453,1570176000,32,492,460,524,40,0.301345829526178,-0.6720578265573144
453,1570190400,244,1544,1300,1788,40,2.2807688169928615,0.798177715383375
453,1570204800,547,988,441,1535,40,0.2565731667144316,0.5038979747892339
453,1570219200,1349,1321,0,2670,40,-0.7826239017055773,1.8240857438578117
453,1570233600,454,381,0,835,40,-0.7826239017055773,-0.3103147462222239
453,1570248000,92,68,0,160,40,-0.7826239017055773,-1.0954484414832724
453,1570262400,26,186,160,212,40,-0.4055909517119233,-1.0349640679224212
453,1570276800,195,752,557,947,40,0.5299220554598307,-0.18004071086039064
453,1570291200,464,826,362,1290,40,0.07041314765506491,0.21892352243522367
453,1570305600,577,867,290,1444,40,-0.0992516798420794,0.39805032105774435
453,1570320000,309,451,142,760,40,-0.4480071585862094,-0.39755182347345147
453,1570334400,98,76,0,174,40,-0.7826239017055773,-1.0791641870630433
453,1570348800,21,97,76,118,40,-0.6035332504585916,-1.1443012047439598
453,1570363200,135,503,368,638,40,0.08455188327982695,-0.5394574691354485
453,1570377600,351,776,425,1127,40,0.2188698717150662,0.029328274542555644
453,1570392000,428,671,243,1099,40,-0.21000510890271526,-0.0032402342979026646
453,1570406400,249,174,0,423,40,-0.7826239017055773,-0.7895370905889676
453,1570420800,38,14,0,52,40,-0.7826239017055773,-1.2210698327250402
453,1570435200,43,469,426,512,40,0.22122632765252653,-0.6860157589175108
453,1570449600,231,1637,1406,1868,40,2.530553146363657,0.8912305977846845
453,1570464000,488,904,416,1392,40,0.19766176827792314,0.3375659474968932
453,1570478400,1507,1349,0,2856,40,-0.7826239017055773,2.040433695440856
453,1570492800,477,376,0,853,41,-0.7766277872093141,-0.24456326647828422
453,1570507200,52,34,0,86,41,-0.7766277872093141,-1.2010232721030802
453,1570521600,40,497,457,537,41,0.37330615923021176,-0.6386198007383045
453,1570536000,233,1598,1365,1831,41,2.658076451061918,0.9750167667694999
453,1570550400,529,910,381,1439,41,0.1820698792971615,0.48618714199124696
453,1570564800,1473,1395,0,2868,41,-0.7766277872093141,2.268170646603807
453,1570579200,463,344,0,807,41,-0.7766277872093141,-0.3019259265287935
453,1570593600,50,28,0,78,41,-0.7766277872093141,-1.210999386894473
453,1570608000,37,440,403,477,41,0.23742774980409712,-0.7134406616737513
453,1570622400,217,1457,1240,1674,41,2.3435430959088746,0.779235513988414
453,1570636800,452,868,416,1320,41,0.2701392187400136,0.3377924344692773
453,1570651200,1319,1251,0,2570,41,-0.7766277872093141,1.8965603706244207
453,1570665600,458,277,0,735,41,-0.7766277872093141,-0.39171095965132974
453,1570680000,70,25,0,95,41,-0.7766277872093141,-1.1898001429627632
453,1570694400,42,517,475,559,41,0.41859896237225,-0.6111854850619739
453,1570708800,227,1580,1353,1807,41,2.6278812489672254,0.9450884223953212
453,1570723200,488,1146,658,1634,41,0.8790757943163052,0.7293549400314493
453,1570737600,1395,1527,132,2922,41,-0.44448056416770054,2.335509421445709
453,1570752000,534,429,0,963,41,-0.7766277872093141,-0.1073916880966316
453,1570766400,79,30,0,109,41,-0.7766277872093141,-1.1723419420778256
453,1570780800,47,491,444,538,41,0.3405946902942953,-0.6373727863893803
453,1570795200,234,1590,1356,1824,41,2.635430049490899,0.9662876663270311
453,1570809600,555,1036,481,1591,41,0.43369656341959606,0.6757333230277124
453,1570824000,1315,1363,48,2678,41,-0.6558469788305455,2.031237920308225
453,1570838400,435,409,0,844,41,-0.7766277872093141,-0.2557863956186012
453,1570852800,94,47,0,141,41,-0.7766277872093141,-1.1324374829122539
453,1570867200,28,122,94,150,41,-0.5400987041342257,-1.1212143537719368
453,1570881600,191,682,491,873,41,0.4588592318318395,-0.21962297949980192
453,1570896000,496,711,215,1207,41,-0.23563041634607987,0.1968798130408524
453,1570910400,559,733,174,1292,41,-0.33879735683627804,0.3028760326994021
453,1570924800,322,465,143,787,41,-0.4168016289142327,-0.3268662135072758
453,1570939200,93,89,0,182,41,-0.7766277872093141,-1.081309894606365
453,1570953600,22,66,44,88,41,-0.665912046195443,-1.198529243405232
453,1570968000,133,424,291,557,41,-0.04439413641302959,-0.6136795137598222
453,1570982400,316,640,324,956,41,0.038642669347373815,-0.1161207885391004
453,1570996800,398,589,191,987,41,-0.29602082053546414,-0.07746334372245285
453,1571011200,221,270,49,491,41,-0.6533307119893212,-0.6959824607888138
453,1571025600,52,35,0,87,41,-0.7766277872093141,-1.199776257754156
453,1571040000,27,373,346,400,41,0.09400053985430942,-0.8094607665409081
453,1571054400,223,1187,964,1410,41,1.649053447730955,0.45002372587244766
453,1571068800,468,840,372,1308,41,0.1594234777261424,0.32282826228218797
453,1571083200,1126,1182,56,2308,41,-0.6357168441007508,1.5698426112063026
453,1571097600,382,241,0,623,42,-0.7920590936557723,-0.5895002972398878
453,1571112000,39,28,0,67,42,-0.7920590936557723,-1.2426298195222742
453,1571126400,52,515,463,567,42,0.2555794001022299,-0.6552831268222864
453,1571140800,247,1723,1476,1970,42,2.54771286484706,0.9928116928938797
453,1571155200,505,995,490,1500,42,0.3166727895870378,0.440705801755891
453,1571169600,1507,1285,0,2792,42,-0.7920590936557723,1.9584096556926598
453,1571184000,609,412,0,1021,42,-0.7920590936557723,-0.1219723298506974
453,1571198400,74,43,0,117,42,-0.7920590936557723,-1.1838951502522757
453,1571212800,35,497,462,532,42,0.253316681973163,-0.6963973953112856
453,1571227200,233,1755,1522,1988,42,2.65179789878414,1.0139561738310792
453,1571241600,510,938,428,1448,42,0.17638426558488635,0.3796217457150923
453,1571256000,1408,1397,0,2805,42,-0.7920590936557723,1.9736806697028595
453,1571270400,510,350,0,860,42,-0.7920590936557723,-0.3110979649000935
453,1571284800,59,34,0,93,42,-0.7920590936557723,-1.212087791501875
453,1571299200,47,484,437,531,42,0.196748728746489,-0.6975720886966855
453,1571313600,270,1663,1393,1933,42,2.359907260134502,0.9493480376340806
453,1571328000,513,1108,595,1621,42,0.5542581931390685,0.5828437013892881
453,1571342400,1473,1477,4,2950,42,-0.7830082211395045,2.144011210585856
453,1571356800,575,380,0,955,42,-0.7920590936557723,-0.1995020932870958
453,1571371200,79,49,0,128,42,-0.7920590936557723,-1.170973523012876
453,1571385600,40,453,413,493,42,0.14244349364888195,-0.7422104373418846
453,1571400000,253,1524,1271,1777,42,2.083855648388333,0.7660958695116843
453,1571414400,543,1063,520,1606,42,0.3845543334590466,0.5652233006082885
453,1571428800,1386,1387,1,2773,42,-0.7897963755267053,1.9360904813700603
453,1571443200,468,330,0,798,42,-0.7920590936557723,-0.38392895479489203
453,1571457600,73,59,0,132,42,-0.7920590936557723,-1.166274749471276
453,1571472000,25,196,171,221,42,-0.40513429358532227,-1.061727038170678
453,1571486400,208,913,705,1121,42,0.8031571873364342,-0.004502991310699819
453,1571500800,467,951,484,1418,42,0.30309648081263607,0.344380944153093
453,1571515200,567,911,344,1478,42,-0.013684057256738255,0.41486254727709154
453,1571529600,346,442,96,788,42,-0.5748381532653443,-0.39567588864889175
453,1571544000,124,70,0,194,42,-0.7920590936557723,-1.0934437595764774
453,1571558400,19,105,86,124,42,-0.5974653345560138,-1.1756722965544757
453,1571572800,139,647,508,786,42,0.3574017159102431,-0.39802527541969174
453,1571587200,336,765,429,1101,42,0.1786469837139533,-0.027996859018699336
453,1571601600,381,562,181,943,42,-0.3825071122946527,-0.21359841391189552
453,1571616000,198,173,0,371,42,-0.7920590936557723,-0.8855230303606817
453,1571630400,34,36,2,70,42,-0.7875336573976384,-1.2391057393660745
453,1571644800,39,492,453,531,42,0.23295221881156034,-0.6975720886966855
453,1571659200,260,1546,1286,1806,42,2.117796420324338,0.8001619776882837
453,1571673600,479,961,482,1440,42,0.2985710445545022,0.3702241986318925
453,1571688000,1405,1366,0,2771,42,-0.7920590936557723,1.9337410945992604
453,1571702400,512,318,0,830,43,-0.797165762977275,-0.36698783646885824
453,1571716800,58,38,0,96,43,-0.797165762977275,-1.2073281040661221
453,1571731200,38,494,456,532,43,0.243480320625804,-0.7081614056023523
453,1571745600,252,1616,1364,1868,43,2.315644013414391,0.8213952667545202
453,1571760000,473,1019,546,1492,43,0.4488709950211485,0.3909212332169573
453,1571774400,1512,1350,0,2862,43,-0.797165762977275,1.9594037490320138
453,1571788800,505,315,0,820,43,-0.797165762977275,-0.3784366139565594
453,1571803200,62,28,0,90,43,-0.797165762977275,-1.2141973705587428
453,1571817600,45,477,432,522,43,0.18870947412037878,-0.7196101830900534
453,1571832000,254,1740,1486,1994,43,2.5940624831503025,0.9656498630995547
453,1571846400,514,1038,524,1552,43,0.39866438572450874,0.45961389814316417
453,1571860800,1485,1419,0,2904,43,-0.797165762977275,2.0074886144803585
453,1571875200,630,355,0,985,43,-0.797165762977275,-0.18953178540949056
453,1571889600,78,25,0,103,43,-0.797165762977275,-1.1993139598247313
453,1571904000,45,506,461,551,43,0.25489091364776756,-0.6864087283757201
453,1571918400,245,1704,1459,1949,43,2.5324452808316993,0.9141303644048995
453,1571932800,485,1099,614,1584,43,0.6040550601198533,0.4962499861038078
453,1571947200,1437,1496,59,2933,43,-0.6625207653181048,2.040690069194692
453,1571961600,685,400,0,1085,43,-0.797165762977275,-0.07504401053247914
453,1571976000,80,44,0,124,43,-0.797165762977275,-1.175271527100559
453,1571990400,41,449,408,490,43,0.13393862761495356,-0.7562462710506971
453,1572004800,276,1621,1345,1897,43,2.2722837599309296,0.8545967214688536
453,1572019200,579,1035,456,1614,43,0.243480320625804,0.5305963185669113
453,1572033600,1394,1515,121,2909,43,-0.5210294118457564,2.0132130032242093
453,1572048000,505,352,0,857,43,-0.797165762977275,-0.3360761372520652
453,1572062400,118,72,0,190,43,-0.797165762977275,-1.0997095956817313
453,1572076800,27,219,192,246,43,-0.3589989909338734,-1.035596441750605
453,1572091200,206,899,693,1105,43,0.784342429866878,-0.05214645555707686
453,1572105600,476,932,456,1408,43,0.243480320625804,0.29475150232026776
453,1572120000,642,952,310,1594,43,-0.08970899561553274,0.507698763591509
453,1572134400,379,436,57,815,43,-0.6670850025268902,-0.38416100270041
453,1572148800,151,92,0,243,43,-0.797165762977275,-1.0390310749969154
453,1572163200,38,109,71,147,43,-0.6351353420653921,-1.1489393388788463
453,1572177600,138,564,426,702,43,0.17501676249402245,-0.5135321883114329
453,1572192000,285,660,375,945,43,0.058628713669993886,-0.23532689536029514
453,1572206400,426,583,157,1009,43,-0.43887314208761846,-0.16205471943900782
453,1572220800,253,199,0,452,43,-0.797165762977275,-0.7997516255039614
453,1572235200,33,30,0,63,43,-0.797165762977275,-1.2451090697755358
453,1572249600,45,444,399,489,43,0.1133995601754191,-0.7573911487994672
453,1572264000,244,1514,1270,1758,43,2.1011248646014757,0.6954587143898077
453,1572278400,468,1002,534,1470,43,0.42148557176843593,0.36573392274401484
453,1572292800,1538,1506,0,3044,43,-0.797165762977275,2.1677714993081745
453,1572307200,529,293,0,822,44,-0.7834971282717691,-0.3061208304198322
453,1572321600,48,27,0,75,44,-0.7834971282717691,-1.1587248007815847
453,1572336000,38,461,423,499,44,0.2696914136460531,-0.6747835913660786
453,1572350400,262,1572,1310,1834,44,2.4781506020174673,0.8489463958266118
453,1572364800,488,1069,581,1557,44,0.6630809872229229,0.5327866906188401
453,1572379200,1488,1723,235,3211,44,-0.19839238276186785,2.4206139556500834
453,1572393600,610,323,0,933,44,-0.7834971282717691,-0.17942867418133882
453,1572408000,57,24,0,81,44,-0.7834971282717691,-1.1518765761200447
453,1572422400,42,521,479,563,44,0.4091206295973487,-0.6017358616429833
453,1572436800,267,1647,1380,1914,44,2.6524371219565865,0.9402560579804808
453,1572451200,529,1123,594,1652,44,0.695448483783045,0.6412169144265596
453,1572465600,1530,1474,0,3004,44,-0.7834971282717691,2.184350204826947
453,1572480000,606,318,0,924,44,-0.7834971282717691,-0.1897010111736491
453,1572494400,67,21,0,88,44,-0.7834971282717691,-1.143886980681581
453,1572508800,36,480,444,516,44,0.32197736962778895,-0.6553802881583815
453,1572510930,25,250,225,275,44,-0.22329045703888495,-0.930450645396912
453,1572523200,221,1299,1078,1520,44,1.9005152787906712,0.4905559718726756
453,1572537600,524,1042,518,1566,44,0.5062231192777152,0.5430590276111503
453,1572552000,1439,1474,35,2913,44,-0.6963538683022094,2.0804854641269213
453,1572566400,556,391,0,947,44,-0.7834971282717691,-0.16344948330441172
453,1572580800,115,46,0,161,44,-0.7834971282717691,-1.0605669139661755
453,1572595200,46,424,378,470,44,0.15765007939947626,-0.7078833438968561
453,1572609600,274,1562,1288,1836,44,2.4233748386080296,0.8512291373804585
453,1572624000,559,1067,508,1626,44,0.4813250450006982,0.6115412742265521
453,1572638400,1386,1416,30,2802,44,-0.7088029054407179,1.9537933078884278
453,1572652800,490,420,0,910,44,-0.7834971282717691,-0.2056802020505762
453,1572667200,106,60,0,166,44,-0.7834971282717691,-1.0548600600815587
453,1572681600,28,113,85,141,44,-0.5718634969171239,-1.0833943295046429
453,1572696000,187,593,406,780,44,0.22736468737512408,-0.3540584030506134
453,1572710400,485,834,349,1319,44,0.08544566399612676,0.2611404457110795
453,1572724800,554,670,116,1224,44,-0.49467946665837104,0.15271022190335998
453,1572739200,303,395,92,698,44,-0.554434844923212,-0.44765080675832924
453,1572750000,107,59,0,166,44,-0.7834971282717691,-1.0548600600815587
453,1572764400,19,27,8,46,44,-0.7635786688501554,-1.1918245533123624
453,1572778800,114,362,248,476,44,-0.16602488620174566,-0.7010351192353159
453,1572793200,291,638,347,929,44,0.08046604914072335,-0.18399415728903226
453,1572807600,411,781,370,1192,44,0.1377316199778626,0.11618635704181235
453,1572822000,264,254,0,518,44,-0.7834971282717691,-0.6530975466045347
453,1572836400,61,33,0,94,44,-0.7834971282717691,-1.1370387560200408
453,1572850800,15,186,171,201,44,-0.3577400581347771,-1.0149120828892408
453,1572865200,211,1593,1382,1804,44,2.65741673681199,0.8147052725189109
453,1572879600,417,991,574,1408,44,0.6456523352290109,0.3627224448572589
453,1572894000,1323,1515,192,2838,44,-0.30545410215304125,1.9948826558576689
453,1572908400,726,544,0,1270,44,-0.7834971282717691,0.2052132776418347
453,1572922800,95,32,0,127,45,-0.7345212250730293,-1.146900186563089
453,1572937200,22,194,172,216,45,-0.3479423725356868,-1.043963361328436
453,1572951600,188,1678,1490,1866,45,2.6143304626051127,0.8644159829095119
453,1572966000,408,1036,628,1444,45,0.6769410969819192,0.3763335082013822
453,1572980400,1359,1550,191,2909,45,-0.30523889463911985,2.0707430471762875
453,1572994800,823,494,0,1317,45,-0.7345212250730293,0.22944612837215836
453,1573009200,113,34,0,147,45,-0.7345212250730293,-1.1237683157238412
453,1573023600,23,197,174,220,45,-0.343447269599206,-1.0393369871605864
453,1573038000,210,1786,1576,1996,45,2.8076198888737838,1.014773143364623
453,1573052400,439,1010,571,1449,45,0.5488306632922184,0.3821164759111942
453,1573066800,1354,1502,148,2856,45,-0.4018836077734555,2.009443589452281
453,1573081200,824,510,0,1334,45,-0.7345212250730293,0.24910821858551904
453,1573095600,99,30,0,129,45,-0.7345212250730293,-1.1445869994791642
453,1573110000,19,184,165,203,45,-0.36367523281336933,-1.058999077373947
453,1573124400,209,1614,1405,1823,45,2.4232885878046817,0.814682460605129
453,1573138800,434,1062,628,1496,45,0.6769410969819192,0.4364763723834267
453,1573153200,1360,1591,231,2951,45,-0.2153368359095053,2.119319975938708
453,1573167600,745,600,0,1345,45,-0.7345212250730293,0.2618307475471054
453,1573182000,121,59,0,180,45,-0.7345212250730293,-1.085600728839082
453,1573196400,16,174,158,190,45,-0.37940809309105183,-1.074034793419458
453,1573210800,213,1522,1309,1735,45,2.207523646853607,0.7129022289124385
453,1573225200,441,1023,582,1464,45,0.5735537294428624,0.3994653790406301
453,1573239600,1333,1422,89,2755,45,-0.5344891443996369,1.892627641714079
453,1573254000,646,534,0,1180,45,-0.7345212250730293,0.07099281312331057
453,1573268400,171,133,0,304,45,-0.7345212250730293,-0.9421831296357455
453,1573282800,27,64,37,91,45,-0.6513618207481359,-1.188537554073735
453,1573297200,151,507,356,658,45,0.06560709762054018,-0.5327490157810584
453,1573311600,437,821,384,1258,45,0.12853853873127036,0.1612071093963772
453,1573326000,635,785,150,1420,45,-0.39738850483697474,0.34857526319428483
453,1573340400,432,531,99,963,45,-0.5120136297172333,-0.17998798548252865
453,1573354800,212,106,0,318,45,-0.7345212250730293,-0.9259908200482719
453,1573369200,25,49,24,74,45,-0.6805799898352606,-1.2081996442870957
453,1573383600,106,339,233,445,45,-0.21084173297302458,-0.7791034402190481
453,1573398000,305,679,374,984,45,0.10606302404886672,-0.15569952110131838
453,1573412400,508,688,180,1196,45,-0.32996196078976386,0.08949830979470885
453,1573426800,305,281,0,586,45,-0.7345212250730293,-0.6160237508023507
453,1573441200,85,49,0,134,45,-0.7345212250730293,-1.1388040317693522
453,1573455600,16,188,172,204,45,-0.3479423725356868,-1.0578424838319846
453,1573470000,193,1483,1290,1676,45,2.1648201689570397,0.6446632099366574
453,1573484400,445,1101,656,1546,45,0.7398725380926493,0.4943060494815463
453,1573498800,1198,1452,254,2650,45,-0.16364315213997693,1.7711853198080278
453,1573513200,660,483,0,1143,45,-0.7345212250730293,0.028198852070702045
453,1573527600,95,34,0,129,46,-0.7223859270040728,-1.1234986554944693
453,1573542000,22,178,156,200,46,-0.3810175466412394,-1.0431910426970075
453,1573556400,202,1720,1518,1922,46,2.5993910049881137,0.9045513409259369
453,1573570800,406,968,562,1374,46,0.5074155458415194,0.28471230130609165
453,1573585200,1308,1541,233,2849,46,-0.21252161530830238,1.9530746798449088
453,1573599600,780,559,0,1339,46,-0.7223859270040728,0.24512404147635702
453,1573614000,102,46,0,148,46,-0.7223859270040728,-1.1020078858726132
453,1573628400,28,185,157,213,46,-0.3788292877927597,-1.0284868319031062
453,1573642800,205,1735,1530,1940,46,2.62565011116987,0.9249110174098005
453,1573657200,395,1013,618,1408,46,0.6299580413563827,0.3231694679978339
453,1573671600,1409,1479,70,2888,46,-0.5692078076104937,1.997187312226613
453,1573686000,818,615,0,1433,46,-0.7223859270040728,0.35144679644764437
453,1573700400,104,44,0,148,46,-0.7223859270040728,-1.1020078858726132
453,1573714800,19,196,177,215,46,-0.3350641108231657,-1.0262246456271213
453,1573729200,203,1637,1434,1840,46,2.4155772617158187,0.8118017036105587
453,1573743600,434,1106,672,1540,46,0.7481240191742866,0.4724737622128331
453,1573758000,1309,1585,276,2894,46,-0.11842648482367521,2.003973871054568
453,1573772400,780,586,0,1366,46,-0.7223859270040728,0.2756635562021523
453,1573786800,152,56,0,208,46,-0.7223859270040728,-1.034142297593068
453,1573801200,31,173,142,204,46,-0.4116531705199552,-1.0386666701450378
453,1573815600,188,1608,1420,1796,46,2.384941637837103,0.7620336055388922
453,1573830000,471,1067,596,1538,46,0.5818163466898293,0.4702115759368483
453,1573844400,1369,1563,194,2932,46,-0.2978637103990107,2.0469554102982794
453,1573858800,664,524,0,1188,46,-0.7223859270040728,0.07432897763950186
453,1573873200,193,110,0,303,46,-0.7223859270040728,-0.9266884494837885
453,1573887600,21,62,41,83,46,-0.6326673142164051,-1.1755289398421205
453,1573902000,125,538,413,663,46,0.1813649774180439,-0.5194949198065179
453,1573916400,381,780,399,1161,46,0.15072935353932806,0.043789462913706556
453,1573930800,639,796,157,1435,46,-0.3788292877927597,0.3537089827236292
453,1573945200,396,482,86,878,46,-0.5341956660348185,-0.27630989513814785
453,1573959600,190,119,0,309,46,-0.7223859270040728,-0.9199018906558339
453,1573974000,21,47,26,68,46,-0.6654911969436006,-1.1924953369120068
453,1573988400,83,365,282,448,46,-0.105296931732797,-0.7626799444748877
453,1574002800,308,678,370,986,46,0.08726984693341673,-0.15415183623496667
453,1574017200,490,636,146,1126,46,-0.4029001351260364,0.004201203083971913
453,1574031600,274,254,0,528,46,-0.7223859270040728,-0.6721924934354943
453,1574046000,69,41,0,110,46,-0.7223859270040728,-1.1449894251163253
453,1574060400,14,191,177,205,46,-0.3350641108231657,-1.0375355770070454
453,1574074800,194,1603,1409,1797,46,2.360870790503826,0.7631646986768846
453,1574089200,382,844,462,1226,46,0.28858966099354927,0.11731051688321376
453,1574103600,1387,1529,142,2916,46,-0.4116531705199552,2.0288579200904007
453,1574118000,687,495,0,1182,46,-0.7223859270040728,0.06754241881154735
453,1574132400,89,25,0,114,47,-0.7904621026086803,-1.1989805261038429
453,1574146800,21,201,180,222,47,-0.3982659028500911,-1.0742196602016811
453,1574161200,197,1703,1506,1900,47,2.4909127687048493,0.8641945340930156
453,1574175600,391,959,568,1350,47,0.4471347944073122,0.22883827255422945
453,1574190000,1377,1387,10,2764,47,-0.7686734248443142,1.862281461310309
453,1574204400,812,506,0,1318,47,-0.7904621026086803,0.19187209006470007
453,1574218800,177,45,0,222,47,-0.7904621026086803,-1.0742196602016811
453,1574233200,20,219,199,239,47,-0.35686741509779557,-1.0545813757541187
453,1574247600,203,1730,1527,1933,47,2.536668992010018,0.9023159097853428
453,1574262000,395,1001,606,1396,47,0.5299317699119033,0.28197715988292793
453,1574276400,1385,1490,105,2875,47,-0.5616809860828366,1.990507906820864
453,1574290800,844,539,0,1383,47,-0.7904621026086803,0.26695964824655666
453,1574305200,118,45,0,163,47,-0.7904621026086803,-1.142376059166751
453,1574319600,21,213,192,234,47,-0.37211948953285184,-1.0603573417681076
453,1574334000,194,1581,1387,1775,47,2.231627503308893,0.7197953837432916
453,1574348400,410,1104,694,1514,47,0.7216721342383245,0.41828995781306755
453,1574362800,1343,1661,318,3004,47,-0.09758214970183943,2.139527829981779
453,1574377200,780,583,0,1363,47,-0.7904621026086803,0.24385578419060078
453,1574391600,159,56,0,215,47,-0.7904621026086803,-1.0823060126212656
453,1574406000,20,206,186,226,47,-0.3851926961914715,-1.06959888739049
453,1574420400,197,1598,1401,1795,47,2.2621316521790056,0.7428992477992473
453,1574434800,459,1073,614,1532,47,0.547362712123396,0.4390834354634278
453,1574449200,1294,1525,231,2819,47,-0.2871436462518242,1.9258170874641876
453,1574463600,674,562,0,1236,47,-0.7904621026086803,0.09714624743528105
453,1574478000,195,117,0,312,47,-0.7904621026086803,-0.9702522719498797
453,1574492400,25,126,101,151,47,-0.570396457188583,-1.1562383776003244
453,1574506800,116,758,642,874,47,0.608371009863621,-0.32103369197752
453,1574521200,420,955,535,1375,47,0.37523215778490415,0.2577181026241743
453,1574535600,646,1006,360,1652,47,-0.006069703091501957,0.5777066197991629
453,1574550000,396,497,101,893,47,-0.570396457188583,-0.29908502112436197
453,1574564400,185,119,0,304,47,-0.7904621026086803,-0.9794938175722621
453,1574578800,26,65,39,91,47,-0.7054862593276526,-1.225549969768192
453,1574593200,85,420,335,505,47,-0.06054139750241712,-0.7472999838099057
453,1574607600,272,758,486,1030,47,0.26846763673951046,-0.14082355234106433
453,1574622000,413,755,342,1168,47,-0.04528932306736087,0.018593109645031122
453,1574636400,268,340,72,608,47,-0.6335836227052446,-0.628315083921733
453,1574650800,72,59,0,131,47,-0.7904621026086803,-1.1793422416562802
453,1574665200,18,216,198,234,47,-0.3590462828742322,-1.0603573417681076
453,1574679600,223,1716,1493,1939,47,2.4625874876111733,0.9092470690021296
453,1574694000,403,1047,644,1450,47,0.6127287454164942,0.34435759283400874
453,1574708400,1313,1478,165,2791,47,-0.4309489194966402,1.8934716777858493
453,1574722800,741,539,0,1280,47,-0.7904621026086803,0.14797474835838395
453,1574737200,112,51,0,163,48,-0.7172971271499744,-0.8939691792844079
453,1574751600,20,203,183,223,48,-0.19298464790368786,-0.8099062541082183
453,1574766000,199,1651,1452,1850,48,3.4428215606402337,1.4696000669194595
453,1574780400,452,977,525,1429,48,0.7868780182287165,0.8797585419331949
453,1574794800,1276,1554,278,2830,48,0.07919942602198005,2.842627844797225
453,1574809200,697,598,0,1295,48,-0.7172971271499744,0.6920180090397046
453,1574823600,148,45,0,193,48,-0.7172971271499744,-0.851937716696313
453,1574838000,19,193,174,212,48,-0.21877050753875113,-0.8253177903905197
453,1574852400,188,1452,1264,1640,48,2.904183603818912,1.1753798288027955
453,1574866800,546,1104,558,1650,48,0.8814261702239485,1.1893903163321604
453,1574881200,946,1135,189,2081,48,-0.17579407481364567,1.79324232884779
453,1574895600,452,396,0,848,48,-0.7172971271499744,0.06574921647709125
453,1574910000,118,60,0,178,48,-0.7172971271499744,-0.8729534479903605
453,1574924400,16,32,16,48,48,-0.671455598909862,-1.055089785872105
453,1574938800,52,138,86,190,48,-0.4708989128593698,-0.8561408629551226
453,1574953200,166,255,89,421,48,-0.46230362631434874,-0.5324986010267921
453,1574967600,139,275,136,414,48,-0.3276441371090183,-0.5423059422973476
453,1574982000,108,182,74,290,48,-0.5052800590394542,-0.716035987661473
453,1574996400,48,48,0,96,48,-0.7172971271499744,-0.9878394457311531
453,1575010800,9,96,87,105,48,-0.4680338173443628,-0.9752300069547246
453,1575025200,109,602,493,711,48,0.6951949617484916,-0.12619446267520856
453,1575039600,302,895,593,1197,48,0.9817045132491946,0.5547152312519281
453,1575054000,528,837,309,1365,48,0.16801738698719798,0.7900914217452593
453,1575068400,350,462,112,812,48,-0.396406429469187,0.015311461371377434
453,1575082800,102,70,0,172,48,-0.7172971271499744,-0.8813597405079795
453,1575097200,20,63,43,83,48,-0.5940980200046722,-1.0060530795193274
453,1575111600,102,404,302,506,48,0.14796171838214878,-0.41340945702719006
453,1575126000,308,684,376,992,48,0.35997878649266907,0.26750023689994656
453,1575140400,479,723,244,1202,48,-0.01821382148825899,0.5617204750166106
453,1575154800,296,423,127,719,48,-0.35342999674408154,-0.11498607265171662
453,1575169200,118,99,0,217,48,-0.7172971271499744,-0.8183125466258372
453,1575183600,27,40,13,67,48,-0.680050885454883,-1.0284698595663115
453,1575198000,76,307,231,383,48,-0.05546006318335039,-0.585738453638379
453,1575212400,238,534,296,772,48,0.1307711452921066,-0.04073048874608237
453,1575226800,331,463,132,794,48,-0.33910451916904644,-0.00990741618147948
453,1575241200,221,205,0,426,48,-0.7172971271499744,-0.5254933572621097
453,1575255600,71,37,0,108,48,-0.7172971271499744,-0.9710268606959152
453,1575270000,29,206,177,235,48,-0.21017522099373004,-0.7930936690729803
453,1575284400,181,1518,1337,1699,48,3.1133355764144253,1.2580417052260486
453,1575298800,389,857,468,1246,48,0.6235675738733159,0.6233666201458163
453,1575313200,1239,1390,151,2629,48,-0.2846677043839128,2.5610170454569894
453,1575327600,659,495,0,1154,48,-0.7172971271499744,0.4944701348756588
453,1575342000,91,61,0,152,49,-0.7541897301542028,-1.050445104969692
453,1575356400,23,241,218,264,49,-0.23785214533930088,-0.9249623401846135
453,1575370800,189,1604,1415,1793,49,2.597267529080138,0.7881014754973958
453,1575385200,414,962,548,1376,49,0.543759794976835,0.32090225303866604
453,1575399600,1358,1638,280,2996,49,-0.09100384140111777,2.135920815108552
453,1575414000,859,617,0,1476,49,-0.7541897301542028,0.43294043588248615
453,1575428400,130,46,0,176,49,-0.7541897301542028,-1.023555941087175
453,1575442800,21,223,202,244,49,-0.2757484818394772,-0.9473699767533775
453,1575457200,195,1686,1491,1881,49,2.777275127455975,0.8866950763999576
453,1575471600,459,1088,629,1547,49,0.7356099985089776,0.5124875457015985
453,1575486000,1384,1563,179,2947,49,-0.3302244655584806,2.0810221055150797
453,1575500400,789,781,0,1570,49,-0.7541897301542028,0.5382563277556771
453,1575514800,125,68,0,193,49,-0.7541897301542028,-1.0045094500037257
453,1575527320,14,115,101,129,49,-0.51496910599684,-1.0762138870237705
453,1575529200,10,106,96,116,49,-0.5268117111531451,-1.0907788507934673
453,1575543600,215,1575,1360,1790,49,2.4669988723607816,0.7847403300120813
453,1575558000,440,1071,631,1511,49,0.7403470405714996,0.4721537998778232
453,1575572400,1405,1518,113,2923,49,-0.4865468536217078,2.054132941632563
453,1575586800,849,802,0,1651,49,-0.7541897301542028,0.6290072558591714
453,1575601200,174,71,0,245,49,-0.7541897301542028,-0.9462495949249393
453,1575615600,21,202,181,223,49,-0.32548742349595855,-0.9708979951505797
453,1575630000,208,1436,1228,1644,49,2.1543540962343273,0.6211645830601039
453,1575644400,449,1012,563,1461,49,0.5792876104457503,0.41613470845591316
453,1575658800,1331,1502,171,2833,49,-0.3491726338085687,1.953298577073125
453,1575673200,633,772,139,1405,49,-0.4249653068089213,0.35339332606337387
453,1575687600,179,193,14,372,49,-0.7210304357165486,-0.8039611027132878
453,1575702000,25,67,42,92,49,-0.6547118468412401,-1.117668014675984
453,1575716400,146,565,419,711,49,0.23822058194416373,-0.42415166287273764
453,1575730800,441,835,394,1276,49,0.17900755616263828,0.20886407019484596
453,1575745200,641,940,299,1581,49,-0.04600194180715843,0.5505805278684973
453,1575759600,420,663,243,1083,49,-0.17863911955777545,-0.007369622693726839
453,1575774000,182,186,4,368,49,-0.7447156460291587,-0.8084426300270405
453,1575788400,21,36,15,57,49,-0.7186619146852875,-1.156881378671321
453,1575802800,88,328,240,416,49,-0.1857446826515585,-0.754664302262007
453,1575817200,318,631,313,949,49,-0.012842647369504174,-0.15750078770444578
453,1575831600,504,710,206,1214,49,-0.2662743977144331,0.1394003968316775
453,1575840416,201,265,64,466,49,-0.6026043841534977,-0.6986452108400969
453,1575840498,1,0,0,1,49,-0.7541897301542028,-1.2196227610638604
453,1575846000,92,111,19,203,49,-0.7091878305602435,-0.9933056317193437
453,1575860400,86,48,0,134,49,-0.7541897301542028,-1.0706119778815797
453,1575874800,18,188,170,206,49,-0.35154115483982973,-0.9899444862340292
453,1575889200,185,1643,1458,1828,49,2.6991139334243615,0.8273148394927329
453,1575903600,357,955,598,1312,49,0.662185846539886,0.2491978160186212
453,1575918000,1276,1562,286,2838,49,-0.07679271521355166,1.9589004862153159
453,1575932400,722,656,0,1378,49,-0.7541897301542028,0.32314301669554246
453,1575946800,128,54,0,182,50,-0.8074115856106011,-1.121995566102951
453,1575961200,22,211,189,233,50,-0.3951627165955531,-1.0649490066642624
453,1575975600,221,1701,1480,1922,50,2.4207806162003567,0.824298814746432
453,1575990000,420,1040,620,1460,50,0.5449392016345299,0.30752409983125095
453,1576004400,1345,1483,138,2828,50,-0.506404474901201,1.8377141647749038
453,1576018800,789,668,0,1457,50,-0.8074115856106011,0.30416841986426923
453,1576033200,139,68,0,207,50,-0.8074115856106011,-1.0940315663781037
453,1576047600,15,211,196,226,50,-0.37989423996536614,-1.0727789265872196
453,1576062000,186,1686,1500,1872,50,2.464404835143748,0.768370815296737
453,1576076400,418,1147,729,1565,50,0.7826911948760126,0.4249728986756103
453,1576090800,1379,1426,47,2805,50,-0.7048946710936315,1.811987285028044
453,1576105200,811,711,0,1522,50,-0.8074115856106011,0.3768748191488726
453,1576119600,154,71,0,225,50,-0.8074115856106011,-1.0738974865762134
453,1576134000,22,200,178,222,50,-0.41915603701441834,-1.0772531665431953
453,1576148400,195,1711,1516,1906,50,2.499304210298461,0.8064018549225296
453,1576162800,405,1110,705,1515,50,0.730342132143943,0.3690448992259153
453,1576177200,1348,1910,562,3258,50,0.41842896669869506,2.31869496004228
453,1576191600,816,781,0,1597,50,-0.8074115856106011,0.460766818323415
453,1576206000,186,87,0,273,50,-0.8074115856106011,-1.0202066071045064
453,1576220400,16,193,177,209,50,-0.4213372479615879,-1.091794446400116
453,1576234800,187,1549,1362,1736,50,2.163397724434348,0.6162466567935668
453,1576249200,447,1061,614,1508,50,0.5318519359515125,0.36121497930295804
453,1576263600,1316,1573,257,2889,50,-0.2468403721880226,1.9059463241035317
453,1576278000,656,684,28,1340,50,-0.7463376790898533,0.17329690115198312
453,1576292400,194,139,0,333,50,-0.8074115856106011,-0.9530930077648725
453,1576306800,18,45,27,63,50,-0.7485188900370228,-1.255104204793225
453,1576321200,99,496,397,595,50,0.058529160415716645,-0.6600302906484711
453,1576335600,394,764,370,1158,50,-0.00036353515786163566,-0.030281016844906358
453,1576350000,672,976,304,1648,50,-0.144323457671053,0.5178133777621038
453,1576364400,403,714,311,1117,50,-0.12905498104086605,-0.07614197639365619
453,1576378800,176,205,29,381,50,-0.7441564681426837,-0.8994021282931653
453,1576393200,17,46,29,63,50,-0.7441564681426837,-1.255104204793225
453,1576407600,102,367,265,469,50,-0.22939068461066606,-0.8009688492617023
453,1576422000,333,748,415,1081,50,0.09779095746476883,-0.11641013599743652
453,1576436400,445,818,373,1263,50,0.006180097683647062,0.08716778199945296
453,1576450800,283,374,91,657,50,-0.6089213894181705,-0.5906795713308494
453,1576465200,78,55,0,133,50,-0.8074115856106011,-1.176805005563652
453,1576479600,16,178,162,194,50,-0.45405541216913137,-1.1085728462350244
453,1576494000,192,1680,1488,1872,50,2.438230303777713,0.768370815296737
453,1576508400,399,1057,658,1456,50,0.6278252176269734,0.30304985987527533
453,1576522800,1296,1626,330,2922,50,-0.08761197304464428,1.9428588037403303
453,1576537200,747,664,0,1411,50,-0.8074115856106011,0.2527146603705499
453,1576551600,124,52,0,176,51,-0.8550879385222971,-1.0998022503206712
453,1576566000,24,180,156,204,51,-0.46112575771939357,-1.0642301100974223
453,1576580400,153,1492,1339,1645,51,2.526420780035958,0.7664646778204981
453,1576594800,380,959,579,1339,51,0.6071178479192486,0.3777120025235629
453,1576609200,1247,1373,126,2620,51,-0.5368877155661058,2.0051374177372034
453,1576623600,719,654,0,1373,51,-0.8550879385222971,0.4209067442232224
453,1576638000,137,61,0,198,51,-0.8550879385222971,-1.0718527115738328
453,1576652400,16,183,167,199,51,-0.4333463731755991,-1.070582277994431
453,1576666800,210,1666,1456,1876,51,2.821892415638136,1.059934834662302
453,1576681200,415,1088,673,1503,51,0.844505315838947,0.5860631095454497
453,1576695600,1355,1544,189,2899,51,-0.37778760408801015,2.3595883863902913
453,1576710000,766,689,0,1455,51,-0.8550879385222971,0.5250822977341658
453,1576724400,129,71,0,200,51,-0.8550879385222971,-1.0693118444150294
453,1576738800,18,184,166,202,51,-0.4358717717704895,-1.0667709772562257
453,1576753200,167,1509,1342,1676,51,2.5339969758206293,0.8058481187819524
453,1576767600,399,976,577,1375,51,0.6020670507294679,0.4234476113820259
453,1576782000,1226,1469,243,2695,51,-0.24141607996392817,2.100419936192335
453,1576796400,714,606,0,1320,51,-0.8550879385222971,0.35357376451492967
453,1576810800,159,71,0,230,51,-0.8550879385222971,-1.0311988370329768
453,1576825200,20,198,178,218,51,-0.4055669886318046,-1.0464440399857977
453,1576839600,174,1398,1224,1572,51,2.2359999416235614,0.6737230265241705
453,1576854000,429,1089,660,1518,51,0.8116751341053716,0.605119613236476
453,1576868400,1090,1428,338,2518,51,-0.0015032134493394734,1.875553192638225
453,1576882800,572,641,69,1213,51,-0.680835435474859,0.21763737151894255
453,1576897200,157,122,0,279,51,-0.8550879385222971,-0.968947591642291
453,1576911600,17,62,45,79,51,-0.7414450017522288,-1.2230343075226409
453,1576926000,115,430,315,545,51,-0.05958738113181884,-0.6310122595214258
453,1576940400,352,746,394,1098,51,0.13991910786452333,0.07153750988774141
453,1576954800,501,847,346,1348,51,0.018699975309783783,0.38914590473817867
453,1576969200,325,545,220,870,51,-0.29950024764640754,-0.21812134621585738
453,1576983600,124,123,0,247,51,-0.8550879385222971,-1.009601466183147
453,1576998000,23,44,21,67,51,-0.8020545680295985,-1.2382795104754618
453,1577012400,81,328,247,409,51,-0.23131448558436654,-0.8037912263200637
453,1577026800,261,641,380,902,51,0.10456352753605763,-0.1774674716750014
453,1577041200,405,737,332,1142,51,-0.016655605018681918,0.12743658738141836
453,1577055600,258,404,146,662,51,-0.48637974366829767,-0.4823715307314212
453,1577070000,68,69,1,137,51,-0.8525625399274067,-1.1493491599173395
453,1577084400,14,153,139,167,51,-0.5040575338325305,-1.111236152535287
453,1577098800,161,1116,955,1277,51,1.5566677195980418,0.2989451206006545
453,1577113200,378,967,589,1345,51,0.6323718338681528,0.38533460399997344
453,1577127600,776,1261,485,2037,51,0.3697303799995504,1.2644746409459837
453,1577142000,396,520,124,916,51,-0.5419385127558867,-0.15968140156337693
453,1577156400,94,98,4,192,52,-1.0407538735117705,-0.8843937020684309
453,1577170800,21,152,131,173,52,-0.5302585715381825,-0.9203626218100652
453,1577185200,113,850,737,963,52,1.9056481449657103,0.575187199026311
453,1577199600,391,824,433,1215,52,0.6836751386667278,1.0522486608627248
453,1577214000,477,677,200,1154,52,-0.2529028562926897,0.9367694974816881
453,1577228400,174,339,165,513,52,-0.39359053793895415,-0.27670826853871344
453,1577242800,67,79,12,146,52,-1.0085966891354816,-0.9714763498639667
453,1577257200,9,24,15,33,52,-0.9965377449943732,-1.1853967672747396
453,1577271600,46,83,37,129,52,-0.9081054879595784,-1.0036590675275343
453,1577286000,111,165,54,276,52,-0.8397714711599642,-0.7253732147896264
453,1577300400,125,293,168,418,52,-0.3815315937978458,-0.45655286724688526
453,1577314800,82,259,177,341,52,-0.34535476137452065,-0.6023216472524561
453,1577329200,32,84,52,116,52,-0.8478107672540365,-1.0282693810349683
453,1577343600,10,130,120,140,52,-0.5744747000555799,-0.9828349560981671
453,1577358000,109,851,742,960,52,1.925746385200891,0.5695078959092109
453,1577372400,294,842,548,1136,52,1.1459346640758823,0.9026936787790871
453,1577386800,653,1065,412,1718,52,0.5992625296789691,2.004478483496519
453,1577401200,342,509,167,851,52,-0.3855512418448819,0.3631598826545716
453,1577415600,97,81,0,178,52,-1.056832465699915,-0.9108971166148984
453,1577430000,18,109,91,127,52,-0.6910444934196275,-1.007445269605601
453,1577444400,127,932,805,1059,52,2.1789842121641665,0.7569248987735163
453,1577458800,359,901,542,1260,52,1.1218167757936657,1.137438207619227
453,1577473200,663,1066,403,1729,52,0.5630856972556441,2.0253025949258863
453,1577487600,349,644,295,993,52,0.12896370817574232,0.6319802301973126
