remote_unit_id,time_stamp,entries,exits,num_people_exited,sum_exit_entry,week_num,z_score_num_people_exited,z_score_sum_exit_entry
44,1546311600,163,142,0,305,1,-0.5765836694427862,-0.6590037894072247
44,1546326000,22,43,21,65,1,-0.5174653483905736,-0.984282109030458
44,1546340400,69,244,175,313,1,-0.08393099400768163,-0.648161178753117
44,1546354800,395,1056,661,1451,1,1.2842358646292371,0.8942001867937138
44,1546369200,778,699,0,1477,1,-0.5765836694427862,0.9294386714195642
44,1546383600,171,180,9,351,1,-0.5512472461346951,-0.596658778146105
44,1546398000,53,46,0,99,1,-0.5765836694427862,-0.9382010137504999
44,1546412400,44,171,127,215,1,-0.21905858498416744,-0.7809831592659372
44,1546426800,364,1560,1196,1924,1,2.790345472387985,1.535269541717836
44,1546441200,569,1240,671,1809,1,1.3123874460826717,1.3794070135650367
44,1546455600,1091,957,0,2048,1,-0.5765836694427862,1.7033300068565065
44,1546470000,220,243,23,463,1,-0.5118350320998867,-0.44486222898859623
44,1546484400,56,37,0,93,1,-0.5765836694427862,-0.9463329717410808
44,1546498800,38,195,157,233,1,-0.13460384062386382,-0.7565872852941947
44,1546513200,391,1626,1235,2017,1,2.9001366400563797,1.661314890571839
44,1546527600,635,1044,409,1679,1,0.5748160120026867,1.2032145904357854
44,1546542000,1182,880,0,2062,1,-0.5765836694427862,1.7223045755011952
44,1546556400,263,202,0,465,1,-0.5765836694427862,-0.44215157632506924
44,1546570800,56,45,0,101,1,-0.5765836694427862,-0.935490361086973
44,1546585200,46,189,143,235,1,-0.17401605465867218,-0.7538766326306677
44,1546599600,380,1553,1173,1933,1,2.725596835045086,1.5474674787037073
44,1546601688,50,76,26,126,1,-0.5033895576638563,-0.9016072027928862
44,1546614000,554,1090,536,1644,1,0.9323410964613054,1.1557781688240638
44,1546628400,1017,786,0,1803,1,-0.5765836694427862,1.371275055574456
44,1546642800,203,212,9,415,1,-0.5512472461346951,-0.5099178929132429
44,1546657200,61,61,0,122,1,-0.5765836694427862,-0.9070285081199401
44,1546671600,20,37,17,57,1,-0.5287259809719475,-0.9951247196845657
44,1546686000,98,165,67,263,1,-0.3879680737047747,-0.7159274953412905
44,1546700400,192,312,120,504,1,-0.23876469200157163,-0.38929384938629386
44,1546714800,224,288,64,512,1,-0.3964135481408051,-0.3784512387321861
44,1546729200,135,169,34,304,1,-0.4808682925011087,-0.6603591157389882
44,1546743600,42,57,15,99,1,-0.5343562972626343,-0.9382010137504999
44,1546758000,26,32,6,58,1,-0.5596927205707254,-0.9937693933528022
44,1546772400,75,213,138,288,1,-0.18809184538538945,-0.6820443370472038
44,1546786800,283,567,284,850,1,0.2229212438347549,0.07964906140386735
44,1546801200,346,328,0,674,1,-0.5765836694427862,-0.15888837298650368
44,1546815600,84,108,24,192,1,-0.5090198739545433,-0.812155664896497
44,1546830000,34,31,0,65,1,-0.5765836694427862,-0.984282109030458
44,1546844400,41,201,160,242,1,-0.12615836618783344,-0.7443893483083235
44,1546858800,428,1560,1132,1988,1,2.610175351086004,1.6220104269506983
44,1546873200,588,763,175,1351,1,-0.08393099400768163,0.7586675536173667
44,1546887600,1195,673,0,1868,1,-0.5765836694427862,1.4593712671390815
44,1546902000,1052,208,0,1260,1,-0.5765836694427862,0.6353328574268907
44,1546916400,45,45,0,90,2,-0.5818046988570886,-1.0003932660813515
44,1546930800,44,202,158,246,2,-0.13372198705319754,-0.7826882751063772
44,1546941827,204,1403,1199,1607,2,2.8185191710977557,1.1166482166688796
44,1546943267,346,882,536,1228,2,0.9382733614396558,0.5877367321848074
44,1546943363,386,730,344,1116,2,0.3937677876020161,0.43143571302328737
44,1546945200,406,219,0,625,2,-0.5818046988570886,-0.2537767906223049
44,1546945621,12,23,11,35,2,-0.5506090670226406,-1.0771482308481695
44,1546959600,655,763,108,1418,2,-0.2755203135734162,0.8528902468338145
44,1546974000,1139,695,0,1834,2,-0.5818046988570886,1.4334368894337461
44,1546988400,227,211,0,438,2,-0.5818046988570886,-0.5147436708294857
44,1547002800,57,70,13,127,2,-0.5449371339618317,-0.9487581079654922
44,1547017200,40,185,145,225,2,-0.1705895519484544,-0.8119947161991622
44,1547031600,471,1648,1177,2119,2,2.75612790742886,1.8311671614072569
44,1547046000,692,888,196,1580,2,-0.025955258897831315,1.0789685066924417
44,1547060400,1312,633,0,1945,2,-0.5818046988570886,1.588342363781324
44,1547074800,223,185,0,408,2,-0.5818046988570886,-0.55661001524775
44,1547089200,44,56,12,100,2,-0.5477731004922362,-0.9864378179419301
44,1547103600,46,192,146,238,2,-0.16775358541805002,-0.7938526336179142
44,1547118000,480,1672,1192,2152,2,2.798667405384925,1.8772201402673476
44,1547132400,651,738,87,1389,2,-0.3350756107119081,0.8124194472294924
44,1547146800,1218,656,0,1874,2,-0.5818046988570886,1.4892586819914317
44,1547161200,242,220,0,462,2,-0.5818046988570886,-0.48125059529487424
44,1547175600,56,56,0,112,2,-0.5818046988570886,-0.9696912801746244
44,1547190000,43,182,139,225,2,-0.18760535113088064,-0.8119947161991622
44,1547204400,454,1538,1084,1992,2,2.492383020101253,1.6539329700366048
44,1547218800,554,788,234,1342,2,0.08181146925753491,0.7468288409742118
44,1547233200,1112,668,0,1780,2,-0.5818046988570886,1.3580774694808704
44,1547247600,214,204,0,418,2,-0.5818046988570886,-0.5426545671083285
44,1547262000,61,61,0,122,2,-0.5818046988570886,-0.9557358320352028
44,1547276400,19,37,18,56,2,-0.5307573013098099,-1.0478417897553844
44,1547290800,102,237,135,339,2,-0.19894921725249815,-0.6529026074097578
44,1547305200,240,513,273,753,2,0.1924141639433055,-0.0751470544377106
44,1547319600,273,449,176,722,2,-0.0826745895059188,-0.11840894366991703
44,1547334000,101,180,79,281,2,-0.3577633429551431,-0.7338442066184021
44,1547348400,52,43,0,95,2,-0.5818046988570886,-0.9934155420116407
44,1547362800,19,26,7,45,2,-0.561952933144258,-1.063192782708748
44,1547377200,124,167,43,291,2,-0.45985813804970055,-0.7198887584789807
44,1547391600,156,459,303,615,2,0.2774931598554367,-0.26773223876172636
44,1547406000,191,341,150,532,2,-0.15640971929643252,-0.3835624583189242
44,1547420400,91,122,31,213,2,-0.4938897364145531,-0.8287412539664679
44,1547434800,29,32,3,61,2,-0.5732967992658755,-1.0408640656856736
44,1547449200,95,181,86,276,2,-0.33791157724231247,-0.7408219306881129
44,1547463600,470,1627,1157,2097,2,2.699408576820772,1.8004651755005299
44,1547478000,540,735,195,1275,2,-0.028791225428235687,0.6533273384400882
44,1547492400,1149,670,0,1819,2,-0.5818046988570886,1.412503717224614
44,1547506800,211,187,0,398,2,-0.5818046988570886,-0.5705654633871714
44,1547521200,49,38,0,87,3,-0.5264469635057032,-0.9675678264116555
44,1547535600,51,177,126,228,3,-0.18597758161783715,-0.7688645707961029
44,1547541644,229,324,95,553,3,-0.26974385811405815,-0.31086061281699234
44,1547550000,407,1723,1316,2130,3,3.0295665806564536,1.9115155155924153
44,1547564400,676,784,108,1460,3,-0.23461606474467517,0.9673227406816333
44,1547578800,1243,727,0,1970,3,-0.5264469635057032,1.68603664397193
44,1547593200,218,203,0,421,3,-0.5264469635057032,-0.4968806819038926
44,1547607600,50,61,11,111,3,-0.49672344603930224,-0.9337459956685827
44,1547622000,47,190,143,237,3,-0.14004123644249014,-0.7561813842674506
44,1547624886,40,174,134,214,3,-0.16436047800590914,-0.7885939720628954
44,1547627196,174,281,107,455,3,-0.23731820269616616,-0.44896642168453954
44,1547636400,442,1456,1014,1898,3,2.2135209193061716,1.5845711517427117
44,1547650800,613,771,158,1384,3,-0.09950916717012513,0.8602202766619028
44,1547665200,1215,672,0,1887,3,-0.5264469635057032,1.5690694793188034
44,1547679600,250,230,0,480,3,-0.5264469635057032,-0.4137353479938387
44,1547694000,42,69,27,111,3,-0.4534892388154462,-0.9337459956685827
44,1547708400,47,141,94,188,3,-0.27244599606554915,-0.8252342887012242
44,1547722800,480,1721,1241,2201,3,2.8269062342946283,2.0115717648740055
44,1547737200,735,816,81,1551,3,-0.3075737894349322,1.0955638489157842
44,1547751600,1174,707,0,1881,3,-0.5264469635057032,1.560614021633035
44,1547766000,210,222,12,432,3,-0.4940213080878112,-0.48137900947998424
44,1547780400,48,42,0,90,3,-0.5264469635057032,-0.9633400975687714
44,1547794800,45,159,114,204,3,-0.21840323703572917,-0.8026864015391757
44,1547797725,994,446,0,1440,3,-0.5264469635057032,0.9391378817290726
44,1547809200,417,1542,1125,1959,3,2.5134582319216725,1.6705349715480218
44,1547823600,596,719,123,1315,3,-0.19408399547231014,0.7629825132755685
44,1547838000,974,646,0,1620,3,-0.5264469635057032,1.1928016123021186
44,1547852400,262,271,9,533,3,-0.5021277219422842,-0.33904547176955296
44,1547866800,68,81,13,149,3,-0.4913191701363202,-0.8801947636587175
44,1547881200,19,35,16,54,3,-0.48321275628184723,-1.0140728436833806
44,1547895600,111,574,463,685,3,0.72464290803463,-0.12484054373009201
44,1547910000,417,962,545,1379,3,0.946218220056892,0.8531740619237627
44,1547924400,387,468,81,855,3,-0.3075737894349322,0.11473075736667353
44,1547938800,126,169,43,295,3,-0.4102550315915902,-0.6744452933050248
44,1547953200,68,47,0,115,3,-0.5264469635057032,-0.9281090238780706
44,1547967600,14,20,6,34,3,-0.5102341357967572,-1.0422577026359412
44,1547982000,65,148,83,213,3,-0.30216951353195015,-0.7900032150105234
44,1547996400,187,401,214,588,3,0.051810558113370896,-0.2615371096500112
44,1548010800,291,285,0,576,3,-0.5264469635057032,-0.2784480250215476
44,1548025200,314,1635,1321,1949,3,3.0430772704139084,1.6564425420717415
44,1548039600,63,74,11,137,3,-0.49672344603930224,-0.8971056790302538
44,1548054000,20,53,33,73,3,-0.43727641110650023,-0.987297227678448
44,1548068400,166,231,65,397,3,-0.3508079966587882,-0.5307025126469654
44,1548082800,192,222,30,414,3,-0.4453828249609732,-0.5067453825372888
44,1548097200,234,231,0,465,3,-0.5264469635057032,-0.4348739922082592
44,1548111600,84,83,0,167,3,-0.5264469635057032,-0.8548283906014129
44,1548126000,43,30,0,73,4,-0.6121431003838389,-1.0523968159153962
44,1548140400,52,175,123,227,4,-0.24473504235152926,-0.841394306013552
44,1548146366,245,338,93,583,4,-0.3343467638228243,-0.3536222701365617
44,1548154800,414,1540,1126,1954,4,2.751283512172101,1.5248481264571287
44,1548169200,669,794,125,1463,4,-0.23876092758677625,0.8521063578739762
44,1548183600,1199,631,0,1830,4,-0.6121431003838389,1.3549500016010982
44,1548193897,122,161,39,283,4,-0.4956478624711554,-0.7646661205946996
44,1548198000,206,153,0,359,4,-0.6121431003838389,-0.6605350118119714
44,1548212400,53,34,0,87,4,-0.6121431003838389,-1.033214769560683
44,1548226800,46,174,128,220,4,-0.22979975543964676,-0.8509853291909085
44,1548241200,512,1570,1058,2082,4,2.548163610170499,1.7002268359859343
44,1548255600,715,877,162,1592,4,-0.12823980443884572,1.0288552135709754
44,1548270000,1110,622,0,1732,4,-0.6121431003838389,1.2206756771181064
44,1548284400,230,219,0,449,4,-0.6121431003838389,-0.5372218566745299
44,1548298800,52,56,4,108,4,-0.6001948708543329,-1.0044417000286134
44,1548313200,51,208,157,259,4,-0.14317509135072823,-0.7975496286313507
44,1548327600,480,1513,1033,1993,4,2.4734871756110866,1.5782838270166866
44,1548342000,632,674,42,1306,4,-0.4866866903240259,0.6369934094675507
44,1548356400,1263,625,0,1888,4,-0.6121431003838389,1.4344184793563384
44,1548370800,248,213,0,461,4,-0.6121431003838389,-0.5207801026562044
44,1548385200,43,44,1,87,4,-0.6091560430014624,-1.033214769560683
44,1548399600,96,173,77,269,4,-0.3821396819408483,-0.7838481669494127
44,1548414000,469,1623,1154,2092,4,2.8349211188786434,1.713928297667872
44,1548428400,619,934,315,1553,4,0.328779975064759,0.9754195130114175
44,1548442800,1094,739,0,1833,4,-0.6121431003838389,1.3590604401056796
44,1548457200,212,225,13,437,4,-0.5733113544129445,-0.5536636106928555
44,1548471600,64,57,0,121,4,-0.6121431003838389,-0.9866297998420941
44,1548486000,14,41,27,55,4,-0.5314925510596734,-1.0770594469428845
44,1548500400,107,331,224,438,4,0.05695775326849736,-0.5522934645246617
44,1548514800,295,704,409,999,4,0.6095633690081501,0.2163585358320562
44,1548529200,323,708,385,1031,4,0.5378739918311141,0.26020321321425754
44,1548543600,128,241,113,369,4,-0.2746056161752943,-0.6468335501300334
44,1548558000,162,60,0,222,4,-0.6121431003838389,-0.848245036854521
44,1548572400,10,29,19,39,4,-0.5553890101186854,-1.0989817856339852
44,1548586800,80,208,128,288,4,-0.22979975543964676,-0.7578153897537306
44,1548601200,251,615,364,866,4,0.47514578680120756,0.03412909546228171
44,1548615600,278,436,158,714,4,-0.14018803396835172,-0.17413312210317483
44,1548630000,87,191,104,278,4,-0.3014891326166828,-0.7715168514356686
44,1548644400,29,27,0,56,4,-0.6121431003838389,-1.0756893007746906
44,1548658800,36,221,185,257,4,-0.059537484644186185,-0.8002899209677382
44,1548673200,495,1566,1071,2061,4,2.5869953561413936,1.6714537664538645
44,1548687600,667,847,180,1514,4,-0.0744727715560687,0.9219838124518596
44,1548702000,1285,666,0,1951,4,-0.6121431003838389,1.5207376879525474
44,1548716400,308,221,0,529,4,-0.6121431003838389,-0.42761016321902656
44,1548730800,53,37,0,90,5,-0.526288632714532,-0.9649852798037996
44,1548745200,52,218,166,270,5,-0.07585119142960044,-0.7307449841981604
44,1548759600,612,1748,1136,2360,5,2.556223013669096,1.9890451147784267
44,1548774000,700,757,57,1457,5,-0.3716203546829591,0.8139396318234707
44,1548788400,1264,771,0,2035,5,-0.526288632714532,1.5661112477126895
44,1548802800,338,204,0,542,5,-0.526288632714532,-0.376781870838528
44,1548817200,55,42,0,97,5,-0.526288632714532,-0.9558759349746914
44,1548831600,44,208,164,252,5,-0.08127814855351528,-0.7541690137587244
44,1548846000,451,1726,1275,2177,5,2.933396533781177,1.750900814246027
44,1548860400,657,1099,442,1756,5,0.6730688916706472,1.203038789523949
44,1548874800,1301,643,0,1944,5,-0.526288632714532,1.447689764934283
44,1548889200,348,201,0,549,5,-0.526288632714532,-0.3676725260094198
44,1548903600,46,38,0,84,5,-0.526288632714532,-0.9727932896573208
44,1548918000,39,171,132,210,5,-0.1681094625361527,-0.8088250827333734
44,1548932400,447,1567,1120,2014,5,2.5128073566777775,1.538783213225365
44,1548946800,574,669,95,1243,5,-0.2685081693285772,0.5354539470478776
44,1548961200,1040,575,0,1615,5,-0.526288632714532,1.0195505579661983
44,1548975600,330,195,0,525,5,-0.526288632714532,-0.398904565423505
44,1548990000,52,37,0,89,5,-0.526288632714532,-0.9662866147793864
44,1549004400,47,191,144,238,5,-0.13554771979266367,-0.7723877034169407
44,1549018800,437,1578,1141,2015,5,2.5697904064788832,1.5400845482009518
44,1549033200,569,722,153,1291,5,-0.11112641273504689,0.597918025876048
44,1549047600,1141,614,0,1755,5,-0.526288632714532,1.2017374545483621
44,1549062000,277,204,0,481,5,-0.526288632714532,-0.4561633043493279
44,1549076400,58,51,0,109,5,-0.526288632714532,-0.9402599152676487
44,1549090800,22,36,14,58,5,-0.48829993284712814,-1.0066279990225797
44,1549105200,116,203,87,319,5,-0.29021599782423657,-0.6669795703944031
44,1549119600,274,408,134,682,5,-0.16268250541223786,-0.19459497425636427
44,1549134000,304,341,37,645,5,-0.4258899259221075,-0.24274436835307897
44,1549148400,138,147,9,285,5,-0.5018673256569153,-0.7112249595643572
44,1549162800,54,54,0,108,5,-0.526288632714532,-0.9415612502432356
44,1549177200,15,24,9,39,5,-0.5018673256569153,-1.0313533635587306
44,1549191600,99,180,81,279,5,-0.30649686919598107,-0.7190329694178784
44,1549206000,222,443,221,665,5,0.0733901294780576,-0.21671766884134128
44,1549220400,321,339,18,660,5,-0.47744601859929847,-0.2232243437192757
44,1549234800,112,94,0,206,5,-0.526288632714532,-0.814030422635721
44,1549249200,37,39,2,76,5,-0.5208616755906171,-0.9832039694620159
44,1549263600,38,205,167,243,5,-0.07313771286764302,-0.7658810285390063
44,1549267734,33,39,6,72,5,-0.5100077613427875,-0.9884093093643634
44,1549278000,459,1660,1201,2119,5,2.7325991201963284,1.6754233856619878
44,1549292400,567,896,329,1463,5,0.36644581416945887,0.8217476416769921
44,1549306800,1251,785,0,2036,5,-0.526288632714532,1.5674125826882763
44,1549321200,379,224,0,603,5,-0.526288632714532,-0.2974004373277281
44,1549335600,58,37,0,95,6,-0.5415872325398138,-0.9780681989961486
44,1549350000,40,219,179,259,6,-0.026860426278974725,-0.7669103446413075
44,1549355498,160,369,209,529,6,0.05940663622284188,-0.4192724136912642
44,1549364400,438,1558,1120,1996,6,2.679049767528006,1.4695603444706375
44,1549378800,671,969,298,1640,6,0.31533225497823114,1.0111932947735434
44,1549393200,1127,683,0,1810,6,-0.5415872325398138,1.2300764364828298
44,1549407600,322,207,0,529,6,-0.5415872325398138,-0.4192724136912642
44,1549422000,55,44,0,99,6,-0.5415872325398138,-0.9729180074265182
44,1549436400,44,220,176,264,6,-0.03548713252915638,-0.7604726051792696
44,1549450800,483,1660,1177,2143,6,2.8429571862814575,1.65882988465455
44,1549465200,927,855,0,1782,6,-0.5415872325398138,1.194025095495418
44,1549479600,1370,712,0,2082,6,-0.5415872325398138,1.5802894632176883
44,1549494000,425,225,0,650,6,-0.5415872325398138,-0.26347911870994856
44,1549508400,51,40,0,91,6,-0.5415872325398138,-0.9832183905657789
44,1549522800,48,219,171,267,6,-0.04986497627945915,-0.756609961502047
44,1549537200,534,1723,1189,2257,6,2.8774640112821843,1.8056103443890126
44,1549551600,708,890,182,1598,6,-0.018233720028793064,0.9571162832924255
44,1549566000,1223,769,0,1992,6,-0.5415872325398138,1.4644101529010072
44,1549580400,343,239,0,582,6,-0.5415872325398138,-0.35103237539366317
44,1549594800,71,39,0,110,6,-0.5415872325398138,-0.9587549806100351
44,1549609200,39,180,141,219,6,-0.13613203878127575,-0.8184122603376102
44,1549623600,538,1427,889,1965,6,2.014793386264018,1.429646359806003
44,1549638000,585,894,309,1479,6,0.34696351122889724,0.8038980840959249
44,1549652400,1145,859,0,2004,6,-0.5415872325398138,1.479860727609898
44,1549666800,285,245,0,530,6,-0.5415872325398138,-0.4179848657988567
44,1549681200,66,45,0,111,6,-0.5415872325398138,-0.9574674327176275
44,1549695600,21,28,7,49,6,-0.5214582512893899,-1.0372954020468967
44,1549710000,134,249,115,383,6,-0.21089682628285014,-0.6072544059827691
44,1549724400,274,455,181,729,6,-0.021109288778853617,-0.16176283520975074
44,1549738800,339,372,33,711,6,-0.44669346378781555,-0.18493869727308695
44,1549753200,111,120,9,231,6,-0.5157071137892688,-0.8029616856287194
44,1549767600,46,72,26,118,6,-0.46682244503823944,-0.9484545974707745
44,1549782000,19,27,8,46,6,-0.5185826825393294,-1.0411580457241194
44,1549796400,73,204,131,277,6,-0.16488772628188128,-0.7437344825779713
44,1549810800,244,347,103,591,6,-0.2454036512835768,-0.33944444436199506
44,1549825200,274,222,0,496,6,-0.5415872325398138,-0.461761494140714
44,1549839600,84,126,42,210,6,-0.4208133450372706,-0.8300001913692783
44,1549854000,31,23,0,54,6,-0.5415872325398138,-1.030857662584859
44,1549868400,46,178,132,224,6,-0.16201215753182074,-0.8119745208755723
44,1549871678,89,155,66,244,6,-0.35179969503581726,-0.786223563027421
44,1549882800,430,1672,1242,2102,6,3.029869155035394,1.6060404210658397
44,1549897200,643,795,152,1438,6,-0.10450078253060967,0.7511086205072146
44,1549911600,1232,798,0,2030,6,-0.5415872325398138,1.5133369728124948
44,1549926000,363,225,0,588,6,-0.5415872325398138,-0.3433070880392178
44,1549940400,62,32,0,94,7,-0.5829191315823304,-0.9456345960309173
44,1549954800,61,192,131,253,7,-0.21441422212626204,-0.7331074087397622
44,1549963293,354,541,187,895,7,-0.0568854058702328,0.12502123428490167
44,1549969200,466,1421,955,1887,7,2.1035097884981684,1.4509770191454414
44,1549983600,650,560,0,1210,7,-0.5829191315823304,0.54606566193719
44,1549998000,1122,559,0,1681,7,-0.5829191315823304,1.1756273299506117
44,1550012400,200,157,0,357,7,-0.5829191315823304,-0.5940959151656734
44,1550026800,51,35,0,86,7,-0.5829191315823304,-0.9563277878443087
44,1550041200,48,226,178,274,7,-0.08220253705423751,-0.7050377802296096
44,1550045042,43,32,0,75,7,-0.5829191315823304,-0.9710309265877219
44,1550045271,117,254,137,371,7,-0.1975361346702589,-0.5753828294922383
44,1550055600,450,1821,1371,2271,7,3.2737238521143857,1.964250226188231
44,1550070000,736,935,199,1671,7,-0.023129230958226533,1.1622608401838723
44,1550084400,1309,768,0,2077,7,-0.5829191315823304,1.7049403247134884
44,1550098800,391,215,0,606,7,-0.5829191315823304,-0.26127031997386446
44,1550113200,70,42,0,112,7,-0.5829191315823304,-0.9215749144507865
44,1550127600,47,230,183,277,7,-0.06813746417423489,-0.7010278332995878
44,1550142000,507,1826,1319,2333,7,3.1274470941623584,2.047122462742015
44,1550156400,619,1394,775,2013,7,1.5971671648180745,1.6193947902063568
44,1550170800,1273,1040,0,2313,7,-0.5829191315823304,2.020389483208536
44,1550185200,360,290,0,650,7,-0.5829191315823304,-0.2024577650002115
44,1550199600,70,58,0,128,7,-0.5829191315823304,-0.9001885308240036
44,1550214000,38,206,168,244,7,-0.11033268281424273,-0.7451372495298276
44,1550228400,477,1759,1282,2236,7,3.023365554850339,1.9174675120046436
44,1550242800,626,888,262,1514,7,0.15409068732980638,0.9524069508460651
44,1550257200,1106,779,0,1885,7,-0.5829191315823304,1.4483037211920937
44,1550271600,272,222,0,494,7,-0.5829191315823304,-0.4109750053613448
44,1550286000,58,50,0,108,7,-0.5829191315823304,-0.9269215103574823
44,1550300400,22,33,11,55,7,-0.5519759712463247,-0.9977639061212006
44,1550314800,123,387,264,510,7,0.1597167164818074,-0.3895886217345619
44,1550329200,329,736,407,1065,7,0.5619778008498821,0.35225156031946997
44,1550343600,512,595,83,1107,7,-0.34943892177428715,0.4083908173397751
44,1550358000,114,196,82,310,7,-0.3522519363502876,-0.6569184170693482
44,1550372400,54,42,0,96,7,-0.5829191315823304,-0.9429612980775695
44,1550386800,18,28,10,46,7,-0.5547889858223253,-1.0097937469112659
44,1550401200,89,290,201,379,7,-0.01750320180622549,-0.5646896376788468
44,1550415600,267,643,376,910,7,0.4747743489938659,0.14507096893501065
44,1550430000,352,385,33,737,7,-0.49008965057431325,-0.08616930402957948
44,1550444400,98,121,23,219,7,-0.5182197963343185,-0.7785534739466758
44,1550458800,36,27,0,63,7,-0.5829191315823304,-0.9870707143078091
44,1550473200,28,75,47,103,7,-0.4507074465103059,-0.933604755240852
44,1550487600,183,392,209,575,7,0.005000914801778689,-0.3027064382507563
44,1550502000,228,510,282,738,7,0.21035097884981682,-0.08483265505290555
44,1550516400,334,439,105,773,7,-0.28755260110227565,-0.03804994086931795
44,1550530800,110,155,45,265,7,-0.456333475662307,-0.717067621019675
44,1550545200,39,37,0,76,8,-0.6045459763028955,-1.2591322900268287
44,1550559600,47,222,175,269,8,-0.2081223852846034,-1.022710028589224
44,1550574000,439,1820,1381,2259,8,2.52380247624717,1.4150117344202753
44,1550588400,783,996,213,1779,8,-0.12204183409205994,0.8270185453526574
44,1550602800,1208,759,0,1967,8,-0.6045459763028955,1.0573158777374745
44,1550617200,368,190,0,558,8,-0.6045459763028955,-0.6686891293380957
44,1550631600,62,33,0,95,8,-0.6045459763028955,-1.2358575596262356
44,1550646000,49,211,162,260,8,-0.23757099490310507,-1.0337349008842418
44,1550660400,467,1583,1116,2050,8,1.9235038955623276,1.1589897000137501
44,1550674800,780,773,0,1553,8,-0.6045459763028955,0.5501717521666539
44,1550689200,1200,565,0,1765,8,-0.6045459763028955,0.8098687440048519
44,1550703600,354,212,0,566,8,-0.6045459763028955,-0.6588892428536354
44,1550718000,45,46,1,91,8,-0.6022806986399338,-1.2407575028684656
44,1550732400,46,232,186,278,8,-0.18320433099202502,-1.0116851562942062
44,1550746800,436,1707,1271,2143,8,2.274621933321386,1.272913380395601
44,1550761200,700,1089,389,1789,8,0.2766470345891939,0.8392684034582327
44,1550775600,1277,811,0,2088,8,-0.6045459763028955,1.2055391608149364
44,1550790000,375,294,0,669,8,-0.6045459763028955,-0.5327157043662091
44,1550804400,82,106,24,188,8,-0.5501793123918155,-1.1219338792443845
44,1550818800,33,182,149,215,8,-0.2670196045216068,-1.088859262359331
44,1550833200,388,1511,1123,1899,8,1.9393608392030592,0.9740168426195619
44,1550847600,691,906,215,1597,8,-0.1175112787661366,0.6040711278311857
44,1550862000,1125,725,0,1850,8,-0.6045459763028955,0.9139925379022426
44,1550876400,274,215,0,489,8,-0.6045459763028955,-0.7532131502665658
44,1551495600,9903,9245,0,19148,9,-0.5591957054319959,4.09144174854355
44,1551510000,15,45,30,60,9,-0.43574285141184965,-0.3704617220398272
44,1551524400,106,272,166,378,9,0.12391008681281351,-0.29612783144649557
44,1551538800,305,606,301,911,9,0.6794479299034718,-0.1715367506721379
44,1551553200,469,427,0,896,9,-0.5591957054319959,-0.17504306626616295
44,1551567600,158,171,13,329,9,-0.5056994686899325,-0.30758179572031086
44,1551582000,69,60,0,129,9,-0.5591957054319959,-0.35433267030731186
44,1551596400,13,33,20,46,9,-0.4768938027518984,-0.3737342832609173
44,1551610800,94,302,208,396,9,0.2967440824410183,-0.2919202527336655
44,1551625200,312,539,227,851,9,0.37493088998711094,-0.1855620130482382
44,1551639600,329,368,39,697,9,-0.39870699520580577,-0.22156018648022896
44,1551654000,114,103,0,217,9,-0.5591957054319959,-0.3337622854890314
44,1551668400,50,32,0,82,9,-0.5591957054319959,-0.3653191258352571
44,1551682800,33,146,113,179,9,-0.09418995528944493,-0.3426449516605616
44,1551697200,407,1448,1041,1855,9,3.7246183290670802,0.04912737737850692
44,1551711600,525,813,288,1338,9,0.6259516931614084,-0.07172363342889071
44,1551726000,1000,635,0,1635,9,-0.5591957054319959,-0.002298584667194199
44,1551740400,244,216,0,460,9,-0.5591957054319959,-0.2769599728658252
44,1551754800,98,51,0,149,10,-0.5646061483371576,-0.9484339359170544
44,1551769200,36,234,198,270,10,-0.08525293449623851,-0.7980739015294056
44,1551783600,508,1951,1443,2459,10,2.9288619707156007,1.9220758114835141
44,1551798000,619,994,375,1613,10,0.3432597869676134,0.870798215682267
44,1551812400,1232,744,0,1976,10,-0.5646061483371576,1.3218783188452135
44,1551826800,386,231,0,617,10,-0.5646061483371576,-0.366876116963173
44,1551841200,58,42,0,100,10,-0.5646061483371576,-1.0093235366194908
44,1551855600,52,261,209,313,10,-0.05862220039396523,-0.744640170300737
44,1551870000,434,1798,1364,2232,10,2.7376048803447293,1.6399954163926358
44,1551884400,734,841,107,1575,10,-0.30556173479686294,0.8235777090150714
44,1551898800,1167,644,0,1811,10,-0.5646061483371576,1.1168419083166015
44,1551913200,422,205,0,627,10,-0.5646061483371576,-0.3544496678402268
44,1551927600,63,34,0,97,10,-0.5646061483371576,-1.0130514713563745
44,1551942000,39,254,215,293,10,-0.04409634542908889,-0.7694930685466294
44,1551946267,103,235,132,338,10,-0.2450373391098782,-0.7135740474933715
44,1551956400,430,1788,1358,2218,10,2.7230790253798527,1.622598387620511
44,1551970800,588,897,309,1485,10,0.1834753823539737,0.7117396669085558
44,1551985200,1190,772,0,1962,10,-0.5646061483371576,1.3044812900730889
44,1551999600,355,258,0,613,10,-0.5646061483371576,-0.3718466966123515
44,1552014000,80,49,0,129,10,-0.5646061483371576,-0.9732868341629468
44,1552028400,42,200,158,242,10,-0.18209196759541407,-0.8328679590736549
44,1552042800,440,1609,1169,2049,10,2.265514593986248,1.4125913974427207
44,1552057200,675,967,292,1642,10,0.14231879328682406,0.9068349181388109
44,1552071600,1084,753,0,1837,10,-0.5646061483371576,1.1491506760362615
44,1552086000,285,253,0,538,10,-0.5646061483371576,-0.46504506503444787
44,1552100400,77,50,0,127,10,-0.5646061483371576,-0.975772123987536
44,1552114800,26,35,9,61,10,-0.5428173658898431,-1.0577866881989808
44,1552129200,110,276,166,386,10,-0.16272416097557896,-0.6539270917032298
44,1552143600,380,661,281,1041,10,0.11568805918455079,0.16000532584974522
44,1552158000,567,466,0,1033,10,-0.5646061483371576,0.15006416655138827
44,1552172400,153,183,30,336,10,-0.4919768735127759,-0.7160593373179608
44,1552190400,60,62,2,122,10,-0.5597641966821988,-0.9819853485490091
44,1552204800,26,30,4,56,10,-0.55492224502724,-1.063999912760454
44,1552219200,84,171,87,255,10,-0.3539812513464507,-0.8167135752138248
44,1552233600,170,290,120,460,10,-0.2740890490396309,-0.5619713681934281
44,1552248000,225,220,0,445,10,-0.5646061483371576,-0.5806110418778474
44,1552262400,103,77,0,180,10,-0.5646061483371576,-0.9099119436359212
44,1552276800,19,14,0,33,10,-0.5646061483371576,-1.0925807457432302
44,1552291200,116,415,299,531,10,0.1592656240791798,-0.47374357942051015
44,1552305600,553,1785,1232,2338,10,2.41803607111745,1.7717157770958654
44,1552320000,742,978,236,1720,10,0.006744146947978279,1.003761221297791
44,1552334400,1160,845,0,2005,10,-0.5646061483371576,1.3579150213017575
44,1552348800,288,178,0,466,11,-0.6099574287934741,-0.6091018572843555
44,1552363200,25,18,0,43,11,-0.6099574287934741,-1.140861247776437
44,1552377600,132,475,343,607,11,0.3197903988648465,-0.4318487271203283
44,1552392000,671,1729,1058,2400,11,2.257894471097206,1.8221573890789677
44,1552406400,793,961,168,1754,11,-0.15457073769552115,1.0100614877600915
44,1552420800,1221,661,0,1882,11,-0.6099574287934741,1.170972130745875
44,1552435200,256,188,0,444,11,-0.6099574287934741,-0.636758374047537
44,1552449600,27,18,0,45,11,-0.6099574287934741,-1.1383470189797842
44,1552464000,145,474,329,619,11,0.2818415079400171,-0.4167633543404111
44,1552478400,555,1788,1233,2343,11,2.7322556076575735,1.750501868374361
44,1552492800,803,979,176,1782,11,-0.1328856571670472,1.0452606909132316
44,1552507200,1239,689,0,1928,11,-0.6099574287934741,1.228799393068891
44,1552521600,301,177,0,478,11,-0.6099574287934741,-0.5940164845044383
44,1552536000,32,16,0,48,11,-0.6099574287934741,-1.134575675784805
44,1552550400,137,455,318,592,11,0.2520245222133654,-0.4507054430952248
44,1552564800,582,1758,1176,2340,11,2.5777494088921964,1.7467305251793817
44,1552579200,777,946,169,1723,11,-0.1518601026294619,0.9710909414119719
44,1552593600,1225,708,0,1933,11,-0.6099574287934741,1.2350849650605231
44,1552608000,274,214,0,488,11,-0.6099574287934741,-0.5814453405211739
44,1552622400,26,30,4,56,11,-0.5991148885292371,-1.1245187605981934
44,1552636800,131,460,329,591,11,0.2818415079400171,-0.45196255749355124
44,1552651200,514,1692,1178,2206,11,2.583170679024315,1.5782771958036395
44,1552665600,721,893,172,1614,11,-0.14372819743128418,0.8340654719943907
44,1552680000,921,735,0,1656,11,-0.6099574287934741,0.886864276724101
44,1552694400,197,167,0,364,11,-0.6099574287934741,-0.7373275259136518
44,1552708800,44,40,0,84,11,-0.6099574287934741,-1.0893195574450532
44,1552723200,40,55,15,95,11,-0.5692979028025854,-1.0754912990634624
44,1552737600,173,404,231,577,11,0.01619927146621121,-0.46956215907012133
44,1552752000,345,680,335,1025,11,0.29810531833637255,0.0936250913801211
44,1552766400,452,505,53,957,11,-0.46629377029233415,0.00814131229392358
44,1552780800,137,152,15,289,11,-0.5692979028025854,-0.8316111057881344
44,1552795200,35,30,0,65,11,-0.6099574287934741,-1.1132047310132556
44,1552809600,24,37,13,61,11,-0.5747191729347039,-1.1182331886065613
44,1552824000,110,306,196,416,11,-0.07867295584586233,-0.6719575772006772
44,1552838400,297,504,207,801,11,-0.04885597011921064,-0.18796853384500012
44,1552852800,367,316,0,683,11,-0.6099574287934741,-0.3363080328475193
44,1552867200,98,102,4,200,11,-0.5991148885292371,-0.9434942872391869
44,1552881600,15,14,0,29,11,-0.6099574287934741,-1.158460849353007
44,1552896000,136,460,324,596,11,0.26828833260972085,-0.4456769855019191
44,1552910400,510,1731,1221,2241,11,2.6997279868648625,1.6222761997450645
44,1552924800,735,919,184,1654,11,-0.11120057663857325,0.8843500479274481
44,1552939200,1100,647,0,1747,11,-0.6099574287934741,1.0012616869718065
44,1552953600,189,184,0,373,12,-0.5103632512029435,-0.4108750207639901
44,1552968000,21,27,6,48,12,-0.49228074138634553,-0.8301806426253519
44,1552982400,130,437,307,567,12,0.4148585010796478,-0.16058181879136182
44,1552996800,591,1821,1230,2412,12,3.1965512611996205,2.219783942236984
44,1553011200,762,999,237,1761,12,0.2038958865526726,1.3798825273700719
44,1553025600,1200,727,0,1927,12,-0.5103632512029435,1.5940509373054135
44,1553040000,222,179,0,401,12,-0.5103632512029435,-0.3747502287267035
44,1553054400,31,26,0,57,12,-0.5103632512029435,-0.8185691023276526
44,1553068800,117,514,397,631,12,0.6860961483286159,-0.07801086556327827
44,1553083200,528,1735,1207,2263,12,3.127234973569329,2.027548441752852
44,1553097600,802,951,149,1753,12,-0.06131425742409622,1.3695611582165614
44,1553112000,1250,712,0,1962,12,-0.5103632512029435,1.6392069273520218
44,1553126400,229,169,0,398,12,-0.5103632512029435,-0.37862074215926994
44,1553140800,27,29,2,56,12,-0.5043357479307441,-0.8198592734718414
44,1553155200,130,486,356,616,12,0.5625323312485304,-0.09736343272611035
44,1553169600,546,1528,982,2074,12,2.4491408554469087,1.7837060955011679
44,1553184000,796,767,0,1563,12,-0.5103632512029435,1.1244286408206883
44,1553198400,1216,635,0,1851,12,-0.5103632512029435,1.4959979303470643
44,1553212800,176,250,74,426,12,-0.28734563013156966,-0.34249595012198336
44,1553227200,24,26,2,50,12,-0.5043357479307441,-0.8276003003369742
44,1553241600,114,507,393,621,12,0.6740411417842173,-0.09091257700516633
44,1553256000,474,1867,1393,2341,12,3.6877927778838626,2.128181790999579
44,1553270400,688,929,241,1617,12,0.2159508930970712,1.1940978826068838
44,1553284800,997,695,0,1692,12,-0.5103632512029435,1.2908607184210443
44,1553299200,206,170,0,376,12,-0.5103632512029435,-0.4070045073314236
44,1553313600,38,29,0,67,12,-0.5103632512029435,-0.8056673908857646
44,1553328000,46,67,21,113,12,-0.44707446684485086,-0.7463195182530795
44,1553342400,180,514,334,694,12,0.4962297952543382,0.003269916520616465
44,1553356800,399,497,98,896,12,-0.21501559086517813,0.26388448764675515
44,1553370216,168,470,302,638,12,0.39978974289914954,-0.06897966755395664
44,1553370296,1,1,0,2,12,-0.5103632512029435,-0.8895285152580369
44,1553370377,1,1,0,2,12,-0.5103632512029435,-0.8895285152580369
44,1553370457,2,1,0,3,12,-0.5103632512029435,-0.888238344113848
44,1553370538,1,1,0,2,12,-0.5103632512029435,-0.8895285152580369
44,1553370618,2,2,0,4,12,-0.5103632512029435,-0.8869481729696592
44,1553370701,3,0,0,3,12,-0.5103632512029435,-0.888238344113848
44,1553370782,2,0,0,2,12,-0.5103632512029435,-0.8895285152580369
44,1553370874,4,6,2,10,12,-0.5043357479307441,-0.8792071461045264
44,1553370952,1,3,2,4,12,-0.5043357479307441,-0.8869481729696592
44,1553371033,2,4,2,6,12,-0.5043357479307441,-0.8843678306812817
44,1553371113,2,1,0,3,12,-0.5103632512029435,-0.888238344113848
44,1553371194,0,1,1,1,12,-0.5073494995668437,-0.8908186864022257
44,1553371200,456,258,0,714,12,-0.5103632512029435,0.02907333940439257
44,1553371274,1,0,0,1,12,-0.5103632512029435,-0.8908186864022257
44,1553371356,3,3,0,6,12,-0.5103632512029435,-0.8843678306812817
44,1553371435,1,1,0,2,12,-0.5103632512029435,-0.8895285152580369
44,1553385600,159,153,0,312,12,-0.5103632512029435,-0.4895754605595072
44,1553400000,32,38,6,70,12,-0.49228074138634553,-0.801796877453198
44,1553414400,27,41,14,68,12,-0.46817072829754836,-0.8043772197415757
44,1553428800,123,396,273,519,12,0.3123909454522598,-0.22251003371242448
44,1553443200,393,630,237,1023,12,0.2038958865526726,0.4277362229587334
44,1553457600,420,369,0,789,12,-0.5103632512029435,0.12583617521855298
44,1553472000,123,76,0,199,12,-0.5103632512029435,-0.6353647998528422
44,1553486400,27,125,98,152,12,-0.21501559086517813,-0.6960028436297161
44,1553500800,120,466,346,586,12,0.5323948148875339,-0.13606856705177453
44,1553515200,538,1546,1008,2084,12,2.5274983979854992,1.796607806943056
44,1553529600,689,791,102,1480,12,-0.20296058432077957,1.0173444358530175
44,1553544000,1144,670,0,1814,12,-0.5103632512029435,1.4482615980120785
44,1553558400,263,163,0,426,13,-0.6372552322717018,-0.7022076312591726
44,1553572800,26,25,0,51,13,-0.6372552322717018,-1.1844089825118744
44,1553587200,132,490,358,622,13,0.34528882765829283,-0.4501770583377605
44,1553601600,658,1849,1191,2507,13,2.6314877157076935,1.9736884006258208
44,1553616000,763,977,214,1740,13,-0.04992442549790612,0.9874259035302947
44,1553630400,1208,678,0,1886,13,-0.6372552322717018,1.1751629629513465
44,1553644800,318,191,0,509,13,-0.6372552322717018,-0.5954803988485746
44,1553659200,30,26,0,56,13,-0.6372552322717018,-1.1779796311618385
44,1553673600,139,494,355,633,13,0.33705521821753864,-0.43603248536768124
44,1553688000,569,1600,1031,2169,13,2.1923618788674726,1.5390642493633855
44,1553702400,775,926,151,1701,13,-0.22283022375374315,0.9372769630000136
44,1553716800,1201,724,0,1925,13,-0.6372552322717018,1.2253119034816276
44,1553731200,315,203,0,518,13,-0.6372552322717018,-0.5839075664185098
44,1553745600,34,21,0,55,13,-0.6372552322717018,-1.1792655014318456
44,1553760000,141,467,326,608,13,0.2574636602902486,-0.4681792421178614
44,1553774400,513,1650,1137,2163,13,2.483282745774119,1.5313490277433424
44,1553788800,766,908,142,1674,13,-0.2475310520760056,0.9025584657098191
44,1553803200,1129,726,0,1855,13,-0.6372552322717018,1.1353009845811233
44,1553817600,287,213,0,500,13,-0.6372552322717018,-0.6070532312786395
44,1553832000,107,62,0,169,13,-0.6372552322717018,-1.0326762906510243
44,1553846400,134,422,288,556,13,0.1531712740406961,-0.535044496158236
44,1553860800,476,1598,1122,2074,13,2.4421146985703484,1.4169065737127011
44,1553875200,768,931,163,1699,13,-0.18989578599072657,0.9347052224599992
44,1553889600,1024,715,0,1739,13,-0.6372552322717018,0.9861400332602874
44,1553904000,262,213,0,475,13,-0.6372552322717018,-0.6391999880288196
44,1553918400,37,81,44,118,13,-0.516495627140641,-1.0982556744213918
44,1553932800,35,69,34,104,13,-0.5439409919431548,-1.1162578582014926
44,1553947200,166,593,427,759,13,0.5346618447956382,-0.2740128313467734
44,1553961600,419,930,511,1349,13,0.7652029091367542,0.48465062795747754
44,1553976000,537,444,0,981,13,-0.6372552322717018,0.011450368594826092
44,1553990400,164,236,72,400,13,-0.43964860569360226,-0.73564025827936
44,1554004800,36,56,20,92,13,-0.5823645026666742,-1.131688301441579
44,1554019200,19,38,19,57,13,-0.5851090391469255,-1.1766937608918313
44,1554033600,127,272,145,399,13,-0.23929744263525143,-0.7369261285493672
44,1554048000,248,488,240,736,13,0.0214335229886298,-0.3035878475569391
44,1554062400,211,367,156,578,13,-0.20910754135248624,-0.5067553502180775
44,1554076800,138,155,17,293,13,-0.5905981121074283,-0.8732283771701309
44,1554091200,71,75,4,146,13,-0.6262770863506962,-1.06225130686119
44,1554105600,169,444,275,613,13,0.11749229979742815,-0.46174989076782536
44,1554120000,605,1876,1271,2481,13,2.8510506341278044,1.9402557736056336
44,1554134400,758,797,39,1555,13,-0.5302183095418979,0.7495399035789617
44,1554148800,1161,696,0,1857,13,-0.6372552322717018,1.1378727251211376
44,1554163200,337,160,0,497,14,-0.7247077081806929,-0.687338115599904
44,1554177600,38,18,0,56,14,-0.7247077081806929,-1.244805233747709
44,1554192000,176,497,321,673,14,0.17323451419703914,-0.4648569074502131
44,1554206400,611,1786,1175,2397,14,2.562152451613186,1.7144476541978952
44,1554220800,788,887,99,1675,14,-0.44777225641933627,0.8017690616747316
44,1554235200,1198,745,0,1943,14,-0.7247077081806929,1.140547264993579
44,1554249600,302,177,0,479,14,-0.7247077081806929,-0.7100918755243042
44,1554264000,33,23,0,56,14,-0.7247077081806929,-1.244805233747709
44,1554278400,148,485,337,633,14,0.21799175892614728,-0.5154208183933247
44,1554292800,588,1701,1113,2289,14,2.388718128287892,1.577925094651494
44,1554307200,749,1016,267,1765,14,0.022178813236299166,0.9155378612967326
44,1554321600,1234,798,0,2032,14,-0.7247077081806929,1.2530519668420024
44,1554336000,354,227,0,581,14,-0.7247077081806929,-0.5811539026193697
44,1554350400,38,24,0,62,14,-0.7247077081806929,-1.2372206471062421
44,1554364800,159,503,344,662,14,0.23757305349513208,-0.4787619829595688
44,1554379200,598,1760,1162,2358,14,2.5257871902707856,1.6651478410283616
44,1554393600,787,1076,289,1863,14,0.08372002473882285,1.039419443107356
44,1554408000,1251,824,0,2075,14,-0.7247077081806929,1.3074081711058472
44,1554422400,338,223,0,561,14,-0.7247077081806929,-0.6064358580909255
44,1554436800,35,30,0,65,14,-0.7247077081806929,-1.2334283537855089
44,1554451200,142,438,296,580,14,0.10330131930780767,-0.5824180003929474
44,1554465600,537,1535,998,2072,14,2.0670254317974273,1.303615877785114
44,1554480000,775,882,107,1657,14,-0.4253936340547822,0.7790153017503314
44,1554494400,1043,644,0,1687,14,-0.7247077081806929,0.816938234957665
44,1554508800,228,190,0,418,14,-0.7247077081806929,-0.7872018397125493
44,1554523200,41,58,17,99,14,-0.6771531356560155,-1.190449029483864
44,1554537600,31,61,30,92,14,-0.6407878743136152,-1.1992977138989085
44,1554552000,222,664,442,886,14,0.5117111774609194,-0.195604081678144
44,1554566400,437,1032,595,1469,14,0.939702330183016,0.541364920317707
44,1554580800,563,772,209,1335,14,-0.14006619890671784,0.3719758186582833
44,1554595200,234,258,24,492,14,-0.6575718410870307,-0.6936586044677929
44,1554609600,37,94,57,131,14,-0.5652600238332451,-1.1499979007293748
44,1554624000,37,59,22,96,14,-0.6631664966781692,-1.1942413228045974
44,1554638400,141,719,578,860,14,0.8921477576583386,-0.22847062379116653
44,1554652800,334,862,528,1196,14,0.7522813678798757,0.1962662281309706
44,1554667200,383,609,226,992,14,-0.09251162638204044,-0.06160971767889837
44,1554681600,132,177,45,309,14,-0.5988279573800762,-0.9249884970325283
44,1554696000,25,17,0,42,14,-0.7247077081806929,-1.2625026025777981
44,1554710400,145,420,275,565,14,0.044557435600853235,-0.6013794669966143
44,1554724800,589,1701,1112,2290,14,2.3859208004923227,1.5791891924250718
44,1554739200,746,959,213,1705,14,-0.1288768877244408,0.8396919948820653
44,1554753600,1283,733,0,2016,14,-0.7247077081806929,1.2328264024647577
44,1554768000,551,184,0,735,15,-0.5775476434527562,-0.3995450742263493
44,1554782400,59,18,0,77,15,-0.5775476434527562,-1.1743014362330424
44,1554796800,161,335,174,496,15,-0.11363049920646666,-0.6809535400616071
44,1554811200,571,1898,1327,2469,15,2.960487129046245,1.642138104678827
44,1554825600,751,1004,253,1755,15,0.0969985490432855,0.8014450310119897
44,1554840000,1209,707,0,1916,15,-0.5775476434527562,0.9910130770349039
44,1554854400,277,176,0,453,15,-0.5775476434527562,-0.7315835150863607
44,1554868800,32,20,0,52,15,-0.5775476434527562,-1.2037374682241782
44,1554883200,161,497,336,658,15,0.318292359229734,-0.49020805275904744
44,1554897600,528,1824,1296,2352,15,2.8778352240368488,1.5043774749603116
44,1554912000,907,968,61,1875,15,-0.41491002391813747,0.9427379845694414
44,1554926400,1684,793,0,2477,15,-0.5775476434527562,1.6515576349159904
44,1554940800,591,200,0,791,15,-0.5775476434527562,-0.3336083625662052
44,1554955200,213,39,0,252,15,-0.5775476434527562,-0.9682492122950922
44,1554969600,230,480,250,710,15,0.08899997759076327,-0.42898110621748503
44,1554984000,580,1722,1142,2302,15,2.4672418894740407,1.44550541097804
44,1554998400,795,999,204,1794,15,-0.03364478468124432,0.8473652409181615
44,1555012800,1173,838,0,2011,15,-0.5775476434527562,1.1028699986012198
44,1555027200,283,205,0,488,15,-0.5775476434527562,-0.6903730702987706
44,1555041600,26,18,0,44,15,-0.5775476434527562,-1.2131569984613417
44,1555056000,125,436,311,561,15,0.25163759712538203,-0.6044198568846542
44,1555070400,542,1740,1198,2282,15,2.616548556587789,1.4219565853851315
44,1555084800,754,1033,279,1787,15,0.16631950163181153,0.8391231519606435
44,1555099200,964,717,0,1681,15,-0.5775476434527562,0.7143143763182278
44,1555113600,213,171,0,384,15,-0.5775476434527562,-0.8128269633818953
44,1555128000,33,45,12,78,15,-0.5455533576426673,-1.1731239949533971
44,1555142400,33,52,19,85,15,-0.5268900242534488,-1.164881905995879
44,1555156800,227,659,432,886,15,0.5742466457104455,-0.2217514409998893
44,1555171200,583,777,194,1360,15,-0.0603066895229851,0.3363557255520447
44,1555185600,614,623,9,1237,15,-0.5535519290951895,0.19153044815565676
44,1555200000,282,241,0,523,15,-0.5775476434527562,-0.6491626255111805
44,1555214400,56,45,0,101,15,-0.5775476434527562,-1.1460428455215521
44,1555228800,48,41,0,89,15,-0.5775476434527562,-1.1601721408772974
44,1555243200,225,476,251,701,15,0.09166616807493734,-0.4395780777342939
44,1555257600,410,556,146,966,15,-0.18828383276334085,-0.12755613862825488
44,1555272000,437,343,0,780,15,-0.5775476434527562,-0.3465602166423049
44,1555286400,175,118,0,293,15,-0.5775476434527562,-0.9199741198296295
44,1555300800,33,14,0,47,15,-0.5775476434527562,-1.2096246746224053
44,1555315200,220,434,214,654,15,-0.006982879839503541,-0.4949178178776291
44,1555329600,938,1860,922,2798,15,1.8806799829557437,2.0295162856821736
44,1555344000,809,877,68,1686,15,-0.3962466905289189,0.720201582716455
44,1555358400,1689,747,0,2436,15,-0.5775476434527562,1.6032825424505277
44,1555372800,530,160,0,690,16,-0.6142006747596731,-0.3866765305998397
44,1555387200,40,22,0,62,16,-0.6142006747596731,-1.1362708398091128
44,1555401600,284,527,243,811,16,0.015233212839204662,-0.24224832771079183
44,1555416000,896,1992,1096,2888,16,2.224727476715101,2.236903551632617
44,1555430400,1055,1121,66,2176,16,-0.4432433225723236,1.3870450354590456
44,1555444800,1740,786,0,2526,16,-0.6142006747596731,1.8048125644769526
44,1555459200,274,193,0,467,16,-0.6142006747596731,-0.6528541276598204
44,1555473600,28,29,1,57,16,-0.6116104118477436,-1.1422389473665115
44,1555488000,135,469,334,604,16,0.2509471378247926,-0.48932798058709687
44,1555502400,560,1962,1402,2522,16,3.017347927765539,1.8000380784310337
44,1555516800,786,1214,428,2000,16,0.4944318515461692,1.1769676494386123
44,1555531200,1180,906,0,2086,16,-0.6142006747596731,1.2796190994258696
44,1555545600,296,221,0,517,16,-0.6142006747596731,-0.5931730520858337
44,1555560000,28,33,5,61,16,-0.6012493602000254,-1.1374644613205926
44,1555574400,119,448,329,567,16,0.23799582326514496,-0.533491976511847
44,1555588800,524,1781,1257,2305,16,2.6417598055357563,1.5410222104399314
44,1555603200,790,820,30,1610,16,-0.536492787401787,0.7114552599615159
44,1555617600,1137,861,0,1998,16,-0.6142006747596731,1.1745804064156529
44,1555632000,281,231,0,512,16,-0.6142006747596731,-0.5991411596432324
44,1555646400,32,25,0,57,16,-0.6142006747596731,-1.1422389473665115
44,1555660800,86,351,265,437,16,0.0722189969016545,-0.6886627730042125
44,1555675200,374,1508,1134,1882,16,2.323157467368423,1.0361203110840038
44,1555689600,669,1105,436,1774,16,0.5151539548416055,0.9072091878441925
44,1555704000,734,600,0,1334,16,-0.6142006747596731,0.3820157227931093
44,1555718400,186,166,0,352,16,-0.6142006747596731,-0.79012060147999
44,1555732800,30,37,7,67,16,-0.5960688343761663,-1.1303027322517143
44,1555747200,38,56,18,94,16,-0.5675759423449415,-1.0980749514417614
44,1555761600,149,343,194,492,16,-0.1116896698453427,-0.6230135898728271
44,1555776000,383,714,331,1097,16,0.243176349089004,0.09912742457241222
44,1555790400,496,627,131,1123,16,-0.27487623329690364,0.1301615838708853
44,1555804800,185,206,21,391,16,-0.5598051536091528,-0.7435693625322802
44,1555819200,26,44,18,70,16,-0.5675759423449415,-1.126721867717275
44,1555833600,29,40,11,69,16,-0.5857077827284481,-1.1279154892287548
44,1555848000,156,540,384,696,16,0.38046028342126953,-0.3795148015309613
44,1555862400,392,687,295,1079,16,0.14992688425954065,0.077642237365777
44,1555876800,569,494,0,1063,16,-0.6142006747596731,0.05854429318210125
44,1555891200,187,128,0,315,16,-0.6142006747596731,-0.8342845974047401
44,1555905600,17,17,0,34,16,-0.6142006747596731,-1.1696922421305456
44,1555920000,114,412,298,526,16,0.15769767299532927,-0.5824304584825162
44,1555934400,476,1646,1170,2122,16,2.4164069321978867,1.32258947383914
44,1555948800,677,732,55,1409,16,-0.47173621460354853,0.4715373361540894
44,1555963200,1050,594,0,1644,16,-0.6142006747596731,0.7520383913518269
44,1555977600,267,157,0,424,17,-0.6311381304747113,-0.7000666934783746
44,1555992000,19,20,1,39,17,-0.6284492431656443,-1.2201297004577099
44,1556006400,105,437,332,542,17,0.26157245613551144,-0.5406707588717211
44,1556020800,511,1783,1272,2294,17,2.789126526658431,1.82595362613554
44,1556035200,699,1135,436,1834,17,0.5412167362784728,1.20457964377062
44,1556049600,1098,771,0,1869,17,-0.6311381304747113,1.2518580989505597
44,1556064000,269,185,0,454,17,-0.6311381304747113,-0.6595423033241407
44,1556078400,29,28,0,57,17,-0.6311381304747113,-1.1958150663651697
44,1556092800,149,452,303,601,17,0.1835947241725703,-0.4609727915683944
44,1556107200,484,1669,1185,2153,17,2.5551933307696078,1.6354889924106406
44,1556121600,763,995,232,1758,17,-0.007316274771182146,1.101917855379894
44,1556136000,1074,802,0,1876,17,-0.6311381304747113,1.2613137899865474
44,1556150400,285,203,0,488,17,-0.6311381304747113,-0.6136146611493422
44,1556164800,32,31,0,63,17,-0.6311381304747113,-1.1877101883343228
44,1556179200,99,452,353,551,17,0.3180390896259171,-0.5285134418254509
44,1556193600,488,1667,1179,2155,17,2.5390600069152063,1.638190618420923
44,1556208000,731,1060,329,1791,17,0.25350579420831065,1.1464946845495514
44,1556222400,1143,740,0,1883,17,-0.6311381304747113,1.2707694810225354
44,1556236800,278,185,0,463,17,-0.6311381304747113,-0.6473849862778704
44,1556251200,36,27,0,63,17,-0.6311381304747113,-1.1877101883343228
44,1556265600,123,384,261,507,17,0.070661457191759,-0.5879492140516607
44,1556280000,485,1466,981,1951,17,2.006660319719953,1.3626247653721324
44,1556294400,700,755,55,1455,17,-0.4832493284760298,0.6926215148221314
44,1556308800,913,552,0,1465,17,-0.6311381304747113,0.7061296448735427
44,1556323200,232,202,0,434,17,-0.6311381304747113,-0.6865585634269632
44,1556337600,28,28,0,56,17,-0.6311381304747113,-1.1971658793703106
44,1556352000,36,62,26,98,17,-0.561227060438971,-1.1404317331543832
44,1556366400,217,684,467,901,17,0.6245722428595478,-0.055728890026055106
44,1556380800,517,850,333,1367,17,0.2642613434445784,0.5737499703697119
44,1556395200,548,560,12,1108,17,-0.5988714827659081,0.223889402038159
44,1556409600,258,195,0,453,17,-0.6311381304747113,-0.6608931163292817
44,1556424000,41,48,7,89,17,-0.6123159193112427,-1.1525890502006533
44,1556438400,40,51,11,91,17,-0.601560370074975,-1.1498874241903712
44,1556452800,144,371,227,515,17,-0.020760711316516828,-0.5771427100105316
44,1556467200,267,450,183,717,17,-0.139071752915462,-0.3042784829720232
44,1556481600,194,298,104,492,17,-0.35149385033174996,-0.6082114091287776
44,1556496000,291,189,0,480,17,-0.6311381304747113,-0.6244211651904712
44,1556510400,268,152,0,420,17,-0.6311381304747113,-0.705469945498939
44,1556524800,135,448,313,583,17,0.21048359726323967,-0.48528742566093475
44,1556528394,117,335,218,452,17,-0.04496069709811925,-0.6622439293344229
44,1556539200,500,1773,1273,2273,17,2.791815413967498,1.7975865530275763
44,1556553600,736,681,0,1417,17,-0.6311381304747113,0.6412906206267684
44,1556568000,1085,750,0,1835,17,-0.6311381304747113,1.2059304567757612
44,1556582400,317,103,0,420,18,-0.59814139481139,-0.6899926679495091
44,1556596800,31,21,0,52,18,-0.59814139481139,-1.1634035382752344
44,1556611200,146,476,330,622,18,0.30670904527656734,-0.430131266303323
44,1556625600,575,1189,614,1764,18,1.0854288179583247,1.0389861628053134
44,1556640000,787,1053,266,1840,18,0.13122289932011502,1.1367557990682349
44,1556654400,1221,706,0,1927,18,-0.59814139481139,1.2486763037376318
44,1556668800,274,154,0,428,18,-0.59814139481139,-0.6797011272902542
44,1556683200,31,19,0,50,18,-0.59814139481139,-1.165976423440048
44,1556697600,140,493,353,633,18,0.3697743789796674,-0.4159803978968475
44,1556712000,549,1694,1145,2243,18,2.541415435190765,1.6551921597782002
44,1556726400,778,872,94,1650,18,-0.3403961179378506,0.8923317084109311
44,1556740800,1238,633,0,1871,18,-0.59814139481139,1.1766355191228477
44,1556755200,335,188,0,523,18,-0.59814139481139,-0.5574890819616023
44,1556769600,30,22,0,52,18,-0.59814139481139,-1.1634035382752344
44,1556784000,154,463,309,617,18,0.24912765363460643,-0.43656347921535726
44,1556798400,530,1827,1297,2357,18,2.9581950318373393,1.8018466141725826
44,1556812800,738,976,238,1714,18,0.05444771046416714,0.9746640336849703
44,1556827200,1168,759,0,1927,18,-0.59814139481139,1.2486763037376318
44,1556841600,341,152,0,493,18,-0.59814139481139,-0.5960823594338082
44,1556856000,35,34,0,69,18,-0.59814139481139,-1.1415340143743176
44,1556870400,146,426,280,572,18,0.16961049374808898,-0.49445339542366606
44,1556884800,522,1702,1180,2224,18,2.6373844212606996,1.63074975071247
44,1556899200,732,960,228,1692,18,0.02702800015847146,0.9463622968720193
44,1556913600,994,633,0,1627,18,-0.59814139481139,0.8627435290155733
44,1556928000,772,338,0,1110,18,-0.59814139481139,0.19765271391122569
44,1556942400,47,40,0,87,18,-0.59814139481139,-1.1183780478909942
44,1556956800,40,60,20,100,18,-0.5433019741999986,-1.101654294319705
44,1556971200,201,523,322,724,18,0.28477327703201083,-0.29891412289782304
44,1556985600,391,728,337,1119,18,0.32590284249055435,0.20923069715288745
44,1557000000,529,572,43,1101,18,-0.4802366404968985,0.18607473066956393
44,1557014400,229,167,0,396,18,-0.59814139481139,-0.7208672899272738
44,1557028800,47,31,0,78,18,-0.59814139481139,-1.129956031132656
44,1557043200,30,31,1,61,18,-0.5953994237808203,-1.1518255550335725
44,1557057600,142,221,79,363,18,-0.3815256833963941,-0.7633198951467002
44,1557072000,221,281,60,502,18,-0.4336231329772159,-0.5845043761921465
44,1557086400,228,215,0,443,18,-0.59814139481139,-0.6604044885541512
44,1557100800,91,95,4,186,18,-0.5871735106891116,-0.9910202322327147
44,1557115200,13,13,0,26,18,-0.59814139481139,-1.1968510454178127
44,1557129600,142,448,306,590,18,0.24090174054289773,-0.47129742894034254
44,1557144000,519,1863,1344,2382,18,3.087067670274109,1.8340076787327542
44,1557158400,715,1027,312,1742,18,0.25735356672631515,1.0106844259923624
44,1557172800,1122,668,0,1790,18,-0.59814139481139,1.0724336699478918
44,1557187200,281,192,0,473,19,-0.5746665599248127,-0.5730843293218782
44,1557201600,27,13,0,40,19,-0.5746665599248127,-1.1375095453006316
44,1557216000,158,490,332,648,19,0.31915948710157754,-0.344967902540627
44,1557230400,569,1832,1263,2401,19,2.825641564756907,1.9401069325881364
44,1557244800,735,975,240,1710,19,0.0714727511786019,1.039372927411881
44,1557259200,1198,781,0,1979,19,-0.5746665599248127,1.390020463435633
44,1557273600,304,222,0,526,19,-0.5746665599248127,-0.5039976400681279
44,1557288000,31,37,6,68,19,-0.5585130771472274,-1.1010109170156313
44,1557302400,154,479,325,633,19,0.30031375719439457,-0.36452073912187705
44,1557316800,530,1710,1180,2240,19,2.6021850530003094,1.7302398199493851
44,1557331200,737,934,197,1671,19,-0.04429387539409324,0.9885355523006307
44,1557345600,1098,715,0,1813,19,-0.5746665599248127,1.1736357386031318
44,1557360000,278,216,0,494,19,-0.5746665599248127,-0.5457103581081282
44,1557374400,38,26,0,64,19,-0.5746665599248127,-1.1062250067706314
44,1557388800,142,476,334,618,19,0.3245439813607726,-0.38407357570312717
44,1557403200,511,1664,1153,2175,19,2.529494380501175,1.6455108614306346
44,1557417600,719,857,138,1576,19,-0.20313645604034936,0.8647009206193801
44,1557432000,1138,692,0,1830,19,-0.5746665599248127,1.195795620061882
44,1557446400,253,183,0,436,19,-0.5746665599248127,-0.6213146595556286
44,1557460800,36,24,0,60,19,-0.5746665599248127,-1.1114390965256313
44,1557475200,141,468,327,609,19,0.3056982514535897,-0.39580527765187723
44,1557489600,494,1631,1137,2125,19,2.486418426427614,1.5803347394931342
44,1557504000,745,942,197,1687,19,-0.04429387539409324,1.0093919113206309
44,1557518400,893,635,0,1528,19,-0.5746665599248127,0.8021318435593797
44,1557532800,238,202,0,440,19,-0.5746665599248127,-0.6161005698006286
44,1557547200,36,44,8,80,19,-0.5531285828880322,-1.0853686477506312
44,1557561600,42,78,36,120,19,-0.47774566325930057,-1.0332277502006308
44,1557576000,172,513,341,685,19,0.3433897112679556,-0.2967375723068767
44,1557590400,435,705,270,1140,19,0.15224016506652874,0.29636513732437675
44,1557604800,489,465,0,954,19,-0.5746665599248127,0.053909963716875356
44,1557619200,182,160,0,342,19,-0.5746665599248127,-0.7438457687981292
44,1557633600,38,39,1,77,19,-0.5719743127952153,-1.0892792150668813
44,1557648000,60,41,0,101,19,-0.5746665599248127,-1.057994676536881
44,1557662400,119,149,30,268,19,-0.49389914603688595,-0.8403064292656298
44,1557676800,157,173,16,330,19,-0.5315906058512518,-0.7594880380631294
44,1557691200,154,136,0,290,19,-0.5746665599248127,-0.8116289356131297
44,1557705600,89,107,18,196,19,-0.5262061115920567,-0.9341600448556304
44,1557720000,26,15,0,41,19,-0.5746665599248127,-1.1362060228618815
44,1557734400,137,448,311,585,19,0.26262229738002874,-0.4270898161818774
44,1557748800,518,1623,1105,2141,19,2.400266518280492,1.6011910985131343
44,1557763200,733,696,0,1429,19,-0.5746665599248127,0.6730831221231289
44,1557777600,1136,572,0,1708,19,-0.5746665599248127,1.036765882534381
44,1557792000,246,147,0,393,20,-0.32330413541160846,0.03702738352018124
44,1557806400,41,38,0,79,20,-0.32330413541160846,-0.4440732409765181
44,1557820800,180,491,311,671,20,0.8127141814251772,0.46296997463509343
44,1557835200,570,1880,1310,2450,20,4.461853404961989,3.1886961242517433
44,1557849600,763,893,130,1656,20,0.151558826610199,1.9721550546645485
44,1557856262,620,361,0,981,20,-0.32330413541160846,0.9379419287560388
44,1557856342,6,5,0,11,20,-0.32330413541160846,-0.5482606373643384
44,1557856422,10,15,5,25,20,-0.30504017533384664,-0.526810291049199
44,1557856502,9,0,0,9,20,-0.32330413541160846,-0.5513249725522155
44,1557856582,6,1,0,7,20,-0.32330413541160846,-0.5543893077400925
44,1557856662,10,7,0,17,20,-0.32330413541160846,-0.5390676318007072
44,1557856744,4,8,4,12,20,-0.308692967349399,-0.5467284697703998
44,1557856825,10,6,0,16,20,-0.32330413541160846,-0.5405997993946458
44,1557856904,6,5,0,11,20,-0.32330413541160846,-0.5482606373643384
44,1557856984,5,8,3,13,20,-0.31234575936495135,-0.5451963021764613
44,1557857062,8,4,0,12,20,-0.32330413541160846,-0.5467284697703998
44,1557857142,10,4,0,14,20,-0.32330413541160846,-0.5436641345825228
44,1557857222,12,6,0,18,20,-0.32330413541160846,-0.5375354642067687
44,1557857302,10,7,0,17,20,-0.32330413541160846,-0.5390676318007072
44,1557857382,8,3,0,11,20,-0.32330413541160846,-0.5482606373643384
44,1557857463,8,4,0,12,20,-0.32330413541160846,-0.5467284697703998
44,1557857542,7,1,0,8,20,-0.32330413541160846,-0.552857140146154
44,1557857622,8,8,0,16,20,-0.32330413541160846,-0.5405997993946458
44,1557857702,9,3,0,12,20,-0.32330413541160846,-0.5467284697703998
44,1557857782,7,3,0,10,20,-0.32330413541160846,-0.5497928049582769
44,1557857865,8,6,0,14,20,-0.32330413541160846,-0.5436641345825228
44,1557857944,7,2,0,9,20,-0.32330413541160846,-0.5513249725522155
44,1557858024,7,2,0,9,20,-0.32330413541160846,-0.5513249725522155
44,1557858102,8,6,0,14,20,-0.32330413541160846,-0.5436641345825228
44,1557858182,8,1,0,9,20,-0.32330413541160846,-0.5513249725522155
44,1557858262,8,1,0,9,20,-0.32330413541160846,-0.5513249725522155
44,1557858342,8,1,0,9,20,-0.32330413541160846,-0.5513249725522155
44,1557858422,5,9,4,14,20,-0.308692967349399,-0.5436641345825228
44,1557858503,8,6,0,14,20,-0.32330413541160846,-0.5436641345825228
44,1557858583,6,5,0,11,20,-0.32330413541160846,-0.5482606373643384
44,1557858663,6,4,0,10,20,-0.32330413541160846,-0.5497928049582769
44,1557858743,5,2,0,7,20,-0.32330413541160846,-0.5543893077400925
44,1557858823,9,11,2,20,20,-0.3159985513805037,-0.5344711290188916
44,1557858903,7,9,2,16,20,-0.3159985513805037,-0.5405997993946458
44,1557858983,6,6,0,12,20,-0.32330413541160846,-0.5467284697703998
44,1557859063,6,3,0,9,20,-0.32330413541160846,-0.5513249725522155
44,1557859143,4,5,1,9,20,-0.31965134339605605,-0.5513249725522155
44,1557859223,7,3,0,10,20,-0.32330413541160846,-0.5497928049582769
44,1557859304,6,1,0,7,20,-0.32330413541160846,-0.5543893077400925
44,1557859383,5,7,2,12,20,-0.3159985513805037,-0.5467284697703998
44,1557859463,7,2,0,9,20,-0.32330413541160846,-0.5513249725522155
44,1557859543,4,10,6,14,20,-0.30138738331829423,-0.5436641345825228
44,1557859623,4,4,0,8,20,-0.32330413541160846,-0.552857140146154
44,1557859703,4,1,0,5,20,-0.32330413541160846,-0.5574536429279696
44,1557859783,5,2,0,7,20,-0.32330413541160846,-0.5543893077400925
44,1557859863,6,4,0,10,20,-0.32330413541160846,-0.5497928049582769
44,1557859943,8,6,0,14,20,-0.32330413541160846,-0.5436641345825228
44,1557860023,8,3,0,11,20,-0.32330413541160846,-0.5482606373643384
44,1557860105,6,2,0,8,20,-0.32330413541160846,-0.552857140146154
44,1557860183,6,1,0,7,20,-0.32330413541160846,-0.5543893077400925
44,1557860263,7,4,0,11,20,-0.32330413541160846,-0.5482606373643384
44,1557860343,5,4,0,9,20,-0.32330413541160846,-0.5513249725522155
44,1557860424,6,4,0,10,20,-0.32330413541160846,-0.5497928049582769
44,1557860504,6,2,0,8,20,-0.32330413541160846,-0.552857140146154
44,1557860584,6,2,0,8,20,-0.32330413541160846,-0.552857140146154
44,1557860666,5,6,1,11,20,-0.31965134339605605,-0.5482606373643384
44,1557860744,5,1,0,6,20,-0.32330413541160846,-0.555921475334031
44,1557860824,9,3,0,12,20,-0.32330413541160846,-0.5467284697703998
44,1557860899,5,2,0,7,20,-0.32330413541160846,-0.5543893077400925
44,1557860984,7,3,0,10,20,-0.32330413541160846,-0.5497928049582769
44,1557861066,4,5,1,9,20,-0.31965134339605605,-0.5513249725522155
44,1557861144,8,1,0,9,20,-0.32330413541160846,-0.5513249725522155
44,1557861226,6,1,0,7,20,-0.32330413541160846,-0.5543893077400925
44,1557861299,5,8,3,13,20,-0.31234575936495135,-0.5451963021764613
44,1557861388,5,3,0,8,20,-0.32330413541160846,-0.552857140146154
44,1557861466,3,3,0,6,20,-0.32330413541160846,-0.555921475334031
44,1557861546,6,2,0,8,20,-0.32330413541160846,-0.552857140146154
44,1557861642,3,2,0,5,20,-0.32330413541160846,-0.5574536429279696
44,1557861721,6,0,0,6,20,-0.32330413541160846,-0.555921475334031
44,1557861802,6,0,0,6,20,-0.32330413541160846,-0.555921475334031
44,1557861881,3,7,4,10,20,-0.308692967349399,-0.5497928049582769
44,1557861962,6,2,0,8,20,-0.32330413541160846,-0.552857140146154
44,1557864000,1129,581,0,1710,20,-0.32330413541160846,2.0548921047372293
44,1557878400,340,213,0,553,20,-0.32330413541160846,0.28217419855034653
44,1557892800,53,40,0,93,20,-0.32330413541160846,-0.42262289466137865
44,1557907200,148,489,341,637,20,0.9222979418917481,0.4108762764411833
44,1557921600,481,1921,1440,2402,20,4.936716366983797,3.1151520797426944
44,1557936000,745,959,214,1704,20,0.45839335591659763,2.045699099173598
44,1557950400,954,772,0,1726,20,-0.32330413541160846,2.079406786240246
44,1557964800,268,263,0,531,20,-0.32330413541160846,0.2484665114836988
44,1557979200,57,44,0,101,20,-0.32330413541160846,-0.4103655539098704
44,1557993600,123,479,356,602,20,0.9770898221250335,0.3572504106533346
44,1558008000,502,1701,1199,2203,20,4.056393491235677,2.810250728548926
44,1558022400,758,930,172,1688,20,0.3049760912633983,2.0211844176705815
44,1558036800,1111,811,0,1922,20,-0.32330413541160846,2.3797116346521983
44,1558051200,351,292,0,643,20,-0.32330413541160846,0.4200692820048145
44,1558065600,59,41,0,100,20,-0.32330413541160846,-0.41189772150380893
44,1558080000,117,469,352,586,20,0.9624786540628241,0.3327357291503181
44,1558094400,464,1772,1308,2236,20,4.454547820930885,2.8608122591488976
44,1558108800,771,718,0,1489,20,-0.32330413541160846,1.7162830664768136
44,1558123200,905,780,0,1685,20,-0.32330413541160846,2.016587914888766
44,1558137600,211,204,0,415,20,-0.32330413541160846,0.07073507058682897
44,1558152000,43,40,0,83,20,-0.32330413541160846,-0.437944570600764
44,1558166400,41,57,16,98,20,-0.2648594631627706,-0.414962056691686
44,1558180800,151,482,331,633,20,0.8857700217362244,0.4047476060654292
44,1558195200,387,653,266,1040,20,0.6483385407253207,1.0283398167984121
44,1558209600,488,481,0,969,20,-0.32330413541160846,0.9195559176287764
44,1558224000,221,166,0,387,20,-0.32330413541160846,0.027834377956550044
44,1558238400,31,44,13,75,20,-0.2758178392094277,-0.4502019113522723
44,1558252800,30,44,14,74,20,-0.27216504719387535,-0.4517340789462108
44,1558267200,131,386,255,517,20,0.6081578285542447,0.22701616516855935
44,1558281600,305,465,160,770,20,0.26114258707676996,0.6146545664350082
44,1558296000,400,440,40,840,20,-0.17719245478951384,0.7219062980107055
44,1558310400,169,133,0,302,20,-0.32330413541160846,-0.10239986752822526
44,1558324800,16,14,0,30,20,-0.32330413541160846,-0.5191494530795062
44,1558339200,110,469,359,579,20,0.9880481981716907,0.3220105559927484
44,1558353600,511,1727,1216,2238,20,4.118490955500067,2.8638765943367748
44,1558368000,681,930,249,1611,20,0.5862410764609305,1.9032075129373145
44,1558382400,1071,719,0,1790,20,-0.32330413541160846,2.177465512252312
44,1558396800,224,230,6,454,21,-0.6324539868644538,-0.5967078997078178
44,1558411200,32,28,0,60,21,-0.649419965647703,-1.1242669275629746
44,1558425600,129,477,348,606,21,0.33460680378074686,-0.39318258946928014
44,1558440000,563,1884,1321,2447,21,3.0859230297976477,2.0718838325645867
44,1558454400,739,838,99,1577,21,-0.3694813157240922,0.9069692279097991
44,1558468800,1342,1036,0,2378,21,-0.649419965647703,1.9794940535747243
44,1558483200,238,183,0,421,21,-0.649419965647703,-0.6408943157464476
44,1558497600,28,25,0,53,21,-0.649419965647703,-1.133639803692381
44,1558512000,128,465,337,593,21,0.3035025093447901,-0.4105893594238919
44,1558526400,508,1721,1213,2229,21,2.7805354116991636,1.7799856902487894
44,1558540800,721,909,188,1630,21,-0.11781929710589674,0.9779352900324471
44,1558555200,1211,806,0,2017,21,-0.649419965647703,1.4961214417581976
44,1558569600,264,203,0,467,21,-0.649419965647703,-0.579301129753206
44,1558584000,28,27,0,55,21,-0.649419965647703,-1.130961839083979
44,1558598400,127,465,338,592,21,0.3063301724753316,-0.4119283417280928
44,1558612800,539,1652,1113,2191,21,2.4977690986450116,1.7291043626891551
44,1558627200,670,994,324,1664,21,0.2667428886477503,1.023460688375278
44,1558641600,1078,665,0,1743,21,-0.649419965647703,1.1292402904071495
44,1558656000,209,164,0,373,21,-0.649419965647703,-0.7051654663480911
44,1558670400,27,32,5,59,21,-0.6352816499949954,-1.1256059098671753
44,1558684800,133,426,293,559,21,0.1790853316009631,-0.45611475776672267
44,1558699200,420,1658,1238,2078,21,2.8512269899627016,1.5777993623144528
44,1558713600,785,1084,299,1869,21,0.19605131038421225,1.2979520607364634
44,1558728000,733,777,44,1510,21,-0.525002787903876,0.8172574135283385
44,1558742400,239,194,0,433,21,-0.649419965647703,-0.6248265280960368
44,1558756800,35,28,0,63,21,-0.649419965647703,-1.1202499806503718
44,1558771200,37,74,37,111,21,-0.5447964298176666,-1.0559788300487283
44,1558785600,158,566,408,724,21,0.5042665916132382,-0.23518267757357328
44,1558800000,398,793,395,1191,21,0.4675069709161984,0.3901220584882496
44,1558814400,593,550,0,1143,21,-0.649419965647703,0.3258509078866061
44,1558828800,257,203,0,460,21,-0.649419965647703,-0.5886740058826123
44,1558843200,29,24,0,53,21,-0.649419965647703,-1.133639803692381
44,1558857600,38,86,48,124,21,-0.5136921353817099,-1.0385720600941166
44,1558872000,147,422,275,569,21,0.1281873952512157,-0.44272493472471364
44,1558886400,370,762,392,1132,21,0.4590239815245738,0.31112210254039613
44,1558900800,446,490,44,936,21,-0.525002787903876,0.04868157091701868
44,1558915200,201,218,17,419,21,-0.6013496924284971,-0.6435722803548495
44,1558929600,25,26,1,51,21,-0.6465923025171614,-1.1363177683007828
44,1558944000,38,74,36,112,21,-0.5476240929482081,-1.0546398477445273
44,1558958400,143,502,359,645,21,0.3657110982167036,-0.34096227960544484
44,1558972800,372,664,292,1036,21,0.1762576684704216,0.18257980133710922
44,1558987200,391,567,176,958,21,-0.151751254672395,0.0781391816094386
44,1559001600,217,166,0,383,22,-0.3859880793479123,-0.09158415388227224
44,1559016000,22,23,1,45,22,-0.3819995690989026,-0.5461984338314784
44,1559030400,143,426,283,569,22,0.7427603211218285,0.15858820135604831
44,1559044800,543,1718,1175,2261,22,4.300511463238467,2.434349626427222
44,1559059200,688,727,39,1415,22,-0.23043617963653457,1.2964689138916352
44,1559073600,1052,632,0,1684,22,-0.3859880793479123,1.6582773201233998
44,1559088000,187,185,0,372,22,-0.3859880793479123,-0.10637929317056001
44,1559102400,27,21,0,48,22,-0.3859880793479123,-0.5421633958437635
44,1559116800,150,483,333,633,22,0.9421858335723128,0.24466901176063172
44,1559131200,501,1853,1352,2354,22,5.006477777313181,2.5594358040463825
44,1559145600,663,967,304,1630,22,0.826519036351032,1.5856466363445327
44,1559160000,1223,642,0,1865,22,-0.3859880793479123,1.9017246120488625
44,1559174400,777,372,0,1149,22,-0.3859880793479123,0.9386955456475854
44,1559188800,30,30,0,60,22,-0.3859880793479123,-0.5260232438929041
44,1559203200,147,462,315,609,22,0.8703926490901385,0.21238870785891295
44,1559217600,519,1870,1351,2389,22,5.002489267064171,2.606511247236389
44,1559232000,948,1048,100,1996,22,0.01286294555305621,2.077921270845744
44,1559246400,933,657,0,1590,22,-0.3859880793479123,1.531846129841668
44,1559260800,139,158,19,297,22,-0.3102063846167283,-0.2072552428634312
44,1559262966,1816,2421,605,4237,22,2.0270606213029474,5.092094647668735
44,1559263045,0,1,1,1,22,-0.3819995690989026,-0.6053789909846294
44,1559263125,1,0,0,1,22,-0.3859880793479123,-0.6053789909846294
44,1559263206,1,0,0,1,22,-0.3859880793479123,-0.6053789909846294
44,1559263287,1,1,0,2,22,-0.3859880793479123,-0.6040339783220579
44,1559275200,9,31,22,40,22,-0.29824085386969923,-0.5529234971443365
44,1559289600,98,464,366,562,22,1.0738066717896326,0.149173112718047
44,1559293108,335,663,328,998,22,0.9222432823272644,0.7355986335992715
44,1559293191,5,15,10,20,22,-0.34610297685781544,-0.5798237503957688
44,1559293916,1594,852,0,2446,22,-0.3859880793479123,2.683176969002971
44,1559293986,4,5,1,9,22,-0.3819995690989026,-0.5946188896840565
44,1559297565,1002,1283,281,2285,22,0.7347833006238091,2.466629930328941
44,1559297647,2,22,20,24,22,-0.3062178743677186,-0.5744436997454824
44,1559297728,2,19,17,21,22,-0.31818340511474763,-0.5784787377331971
44,1559297807,1,9,8,10,22,-0.3540799973558348,-0.5932738770214849
44,1559297870,399,474,75,873,22,-0.08684981067218592,0.5674720507778195
44,1559297938,3,1,0,4,22,-0.3859880793479123,-0.6013439529969147
44,1559298004,4,2,0,6,22,-0.3859880793479123,-0.5986539276717714
44,1559298069,3,2,0,5,22,-0.3859880793479123,-0.599998940334343
44,1559298141,2,0,0,2,22,-0.3859880793479123,-0.6040339783220579
44,1559298205,2,1,0,3,22,-0.3859880793479123,-0.6026889656594863
44,1559298270,3,2,0,5,22,-0.3859880793479123,-0.599998940334343
44,1559298340,3,3,0,6,22,-0.3859880793479123,-0.5986539276717714
44,1559298406,3,2,0,5,22,-0.3859880793479123,-0.599998940334343
44,1559298470,1,2,1,3,22,-0.3819995690989026,-0.6026889656594863
44,1559298543,3,0,0,3,22,-0.3859880793479123,-0.6026889656594863
44,1559298608,18,82,64,100,22,-0.13072342341129245,-0.4722227373900395
44,1559298671,4,1,0,5,22,-0.3859880793479123,-0.599998940334343
44,1559298741,3,0,0,3,22,-0.3859880793479123,-0.6026889656594863
44,1559298805,4,0,0,4,22,-0.3859880793479123,-0.6013439529969147
44,1559298872,3,0,0,3,22,-0.3859880793479123,-0.6026889656594863
44,1559298944,3,1,0,4,22,-0.3859880793479123,-0.6013439529969147
44,1559299006,2,0,0,2,22,-0.3859880793479123,-0.6040339783220579
44,1559299072,4,0,0,4,22,-0.3859880793479123,-0.6013439529969147
44,1559299141,7,2,0,9,22,-0.3859880793479123,-0.5946188896840565
44,1559299206,4,0,0,4,22,-0.3859880793479123,-0.6013439529969147
44,1559299271,3,3,0,6,22,-0.3859880793479123,-0.5986539276717714
44,1559299342,3,1,0,4,22,-0.3859880793479123,-0.6013439529969147
44,1559299405,3,1,0,4,22,-0.3859880793479123,-0.6013439529969147
44,1559299472,4,0,0,4,22,-0.3859880793479123,-0.6013439529969147
44,1559299542,6,1,0,7,22,-0.3859880793479123,-0.5973089150091998
44,1559299606,1,1,0,2,22,-0.3859880793479123,-0.6040339783220579
44,1559299672,5,1,0,6,22,-0.3859880793479123,-0.5986539276717714
44,1559299742,2,2,0,4,22,-0.3859880793479123,-0.6013439529969147
44,1559299810,25,133,108,158,22,0.04477102754513369,-0.3942120029608858
44,1559299873,9,9,0,18,22,-0.3859880793479123,-0.582513775720912
44,1559299953,5,2,0,7,22,-0.3859880793479123,-0.5973089150091998
44,1559300036,3,0,0,3,22,-0.3859880793479123,-0.6026889656594863
44,1559300114,6,0,0,6,22,-0.3859880793479123,-0.5986539276717714
44,1559300194,5,2,0,7,22,-0.3859880793479123,-0.5973089150091998
44,1559300274,1,2,1,3,22,-0.3819995690989026,-0.6026889656594863
44,1559300355,7,3,0,10,22,-0.3859880793479123,-0.5932738770214849
44,1559300436,4,1,0,5,22,-0.3859880793479123,-0.599998940334343
44,1559300517,2,5,3,7,22,-0.37402254860088324,-0.5973089150091998
44,1559300597,2,2,0,4,22,-0.3859880793479123,-0.6013439529969147
44,1559300677,5,2,0,7,22,-0.3859880793479123,-0.5973089150091998
44,1559300757,3,0,0,3,22,-0.3859880793479123,-0.6026889656594863
44,1559300839,9,2,0,11,22,-0.3859880793479123,-0.5919288643589133
44,1559300918,2,1,0,3,22,-0.3859880793479123,-0.6026889656594863
44,1559301009,23,90,67,113,22,-0.1187578926642634,-0.45473757277660853
44,1559301090,3,2,0,5,22,-0.3859880793479123,-0.599998940334343
44,1559301170,5,2,0,7,22,-0.3859880793479123,-0.5973089150091998
44,1559301250,2,2,0,4,22,-0.3859880793479123,-0.6013439529969147
44,1559301316,237,376,139,613,22,0.16841484526443393,0.2177687585091994
44,1559301384,237,652,415,889,22,1.269243673991107,0.5889922533789653
44,1559301453,6,32,26,38,22,-0.2822868128736605,-0.5556135224694797
44,1559301530,6,1,0,7,22,-0.3859880793479123,-0.5973089150091998
44,1559301610,2,8,6,10,22,-0.3620570178538542,-0.5932738770214849
44,1559301690,2,6,4,8,22,-0.37003403835187354,-0.5959639023466282
44,1559301772,4,3,0,7,22,-0.3859880793479123,-0.5973089150091998
44,1559301872,19,17,0,36,22,-0.3859880793479123,-0.558303547794623
44,1559304000,37,179,142,216,22,0.18038037601146298,-0.3162012685317321
44,1559307661,210,126,0,336,22,-0.3859880793479123,-0.15479974902313817
44,1559307742,242,302,60,544,22,-0.14667746440733118,0.1249628847917579
44,1559313468,247,133,0,380,22,-0.3859880793479123,-0.09561919186998709
44,1559313534,588,126,0,714,22,-0.3859880793479123,0.3536150374289326
44,1559313690,243,303,60,546,22,-0.14667746440733118,0.12765291011690114
44,1559317163,454,967,513,1421,22,1.660117678394056,1.304538989867065
44,1559317251,213,144,0,357,22,-0.3859880793479123,-0.12655448310913425
44,1559317339,182,41,0,223,22,-0.3859880793479123,-0.30678617989373075
44,1559318400,310,93,0,403,22,-0.3859880793479123,-0.06468390063083992
44,1559332800,878,689,0,1567,22,-0.3859880793479123,1.500910838602521
44,1559347200,251,257,6,508,22,-0.3620570178538542,0.07654242893917974
44,1559361600,38,56,18,94,22,-0.31419489486573793,-0.4802928133654692
44,1559372506,19,30,11,49,22,-0.34211446660880573,-0.5408183831811919
44,1559376000,29,65,36,94,22,-0.24240171038356362,-0.4802928133654692
44,1559390400,173,484,311,657,22,0.8544386080940998,0.2769493156623505
44,1559404800,390,645,255,1035,22,0.6310820341495573,0.7853641021144212
44,1559419200,418,425,7,843,22,-0.3580685076048445,0.5271216709006711
44,1559433600,191,198,7,389,22,-0.3580685076048445,-0.08351407790684255
44,1559448000,32,44,12,76,22,-0.3381259563597961,-0.5045030412917583
44,1559462400,31,58,27,89,22,-0.2782983026246508,-0.4870178766783273
44,1559476800,129,354,225,483,22,0.5114267266792668,0.04291711237488934
44,1559491200,276,412,136,688,22,0.15644931451740487,0.3186447082020706
44,1559505600,280,341,61,621,22,-0.1426889541583215,0.22852885980977233
44,1559520000,127,150,23,277,22,-0.2942523436206895,-0.23415549611486353
44,1559534400,20,31,11,51,22,-0.34211446660880573,-0.5381283578560487
44,1559548800,167,466,299,633,22,0.8065764851059836,0.24466901176063172
44,1559563200,475,1756,1281,2231,22,4.723293549633494,2.3939992465500737
44,1559577600,684,956,272,1640,22,0.698886708382722,1.5990967629702488
44,1559592000,1072,809,0,1881,22,-0.3859880793479123,1.9232448146500083
44,1559606400,236,192,0,428,23,-0.6219727412774658,-0.7001455448484056
44,1559620800,31,17,0,48,23,-0.6219727412774658,-1.189003839352761
44,1559635200,146,537,391,683,23,0.32254698844868024,-0.3720958998520619
44,1559649600,541,1868,1327,2409,23,2.58359677623301,1.8483499325545627
44,1559664000,690,1000,310,1690,23,0.12687921835195945,0.9233785805844799
44,1559678400,1113,806,0,1919,23,-0.6219727412774658,1.217980026483157
44,1559692800,256,232,0,488,23,-0.6219727412774658,-0.6229573930845601
44,1559707200,20,26,6,46,23,-0.6074788323814124,-1.1915767777448891
44,1559721600,163,496,333,659,23,0.18243920245349746,-0.4029711605576001
44,1559736000,534,1927,1393,2461,23,2.7430297740895973,1.9152463307498957
44,1559750400,766,996,230,1762,23,-0.06637290026208578,1.0160043627010946
44,1559764800,1081,777,0,1858,23,-0.6219727412774658,1.1395054055232474
44,1559779200,219,210,0,429,23,-0.6219727412774658,-0.6988590756523415
44,1559793600,24,24,0,48,23,-0.6219727412774658,-1.189003839352761
44,1559808000,138,470,332,608,23,0.18002355097082187,-0.4685810895568689
44,1559822400,523,1850,1327,2373,23,2.58359677623301,1.8020370414962554
44,1559836800,709,1079,370,1788,23,0.27181830731249335,1.049452561798761
44,1559851200,1052,817,0,1869,23,-0.6219727412774658,1.1536565666799525
44,1559865600,277,250,0,527,23,-0.6219727412774658,-0.5727850944380605
44,1559880000,32,31,0,63,23,-0.6219727412774658,-1.1697068014117995
44,1559894400,132,514,382,646,23,0.30080612510460014,-0.4196952601064333
44,1559908800,450,1773,1323,2223,23,2.5739341703023073,1.6090666620866414
44,1559923200,729,936,207,1665,23,-0.12193288436362379,0.8912168506828775
44,1559937600,919,699,0,1618,23,-0.6219727412774658,0.8307527984678651
44,1559952000,227,262,35,489,23,-0.5374249393838211,-0.621670923888496
44,1559966400,39,46,7,85,23,-0.6050631808987369,-1.1414044790983895
44,1559980800,41,59,18,100,23,-0.5784910145893056,-1.122107441157428
44,1559995200,149,473,324,622,23,0.16069833910941736,-0.4505705208119716
44,1560009600,400,677,277,1077,23,0.04716271942366579,0.13477296339719078
44,1560024000,439,531,92,970,23,-0.3997328048713138,-0.002879240581667186
44,1560038400,237,210,0,447,23,-0.6219727412774658,-0.6757026301231879
44,1560052800,33,51,18,84,23,-0.5784910145893056,-1.1426909482944536
44,1560067200,31,46,15,77,23,-0.5857379690373323,-1.1516962326669022
44,1560081600,135,446,311,581,23,0.129294869834635,-0.5033157578505993
44,1560096000,344,531,187,875,23,-0.1702459140171351,-0.12509381420775603
44,1560110400,402,443,41,845,23,-0.5229310304877677,-0.16368789008967882
44,1560124800,215,152,0,367,23,-0.6219727412774658,-0.7786201658083153
44,1560139200,22,23,1,45,23,-0.6195570897947903,-1.1928632469409532
44,1560153600,137,447,310,584,23,0.12687921835195945,-0.4994563502624071
44,1560168000,488,1712,1224,2200,23,2.3347846735174262,1.5794778705771673
44,1560182400,672,695,23,1367,23,-0.5664127571759279,0.5078490302557778
44,1560196800,1150,561,0,1711,23,-0.6219727412774658,0.9503944337018257
44,1560211200,155,124,0,279,24,-0.6791391235340664,-0.9869269685162292
44,1560225600,23,16,0,39,24,-0.6791391235340664,-1.2662722752006983
44,1560240000,144,464,320,608,24,0.008857962482462822,-0.6039911106029362
44,1560254400,539,1977,1438,2516,24,2.412547781752711,1.6168040775385926
44,1560268800,729,999,270,1728,24,-0.09864158220761986,0.6996203205912527
44,1560283200,1149,820,0,1969,24,-0.6791391235340664,0.9801295660535736
44,1560297600,281,258,0,539,24,-0.6791391235340664,-0.684302886274721
44,1560312000,31,21,0,52,24,-0.6791391235340664,-1.2511410710886228
44,1560322351,53,93,40,146,24,-0.5931394877820002,-1.1417308259705392
44,1560326400,113,495,382,608,24,0.14215739789816534,-0.6039911106029362
44,1560340800,520,1930,1410,2450,24,2.352348036726265,1.5399841182003637
44,1560355200,722,1000,278,1722,24,-0.08144165505720663,0.6926366879241409
44,1560369600,1161,856,0,2017,24,-0.6791391235340664,1.0359986273904673
44,1560384000,253,213,0,466,24,-0.6791391235340664,-0.7692704170579138
44,1560398400,29,19,0,48,24,-0.6791391235340664,-1.2557968262000307
44,1560412800,152,482,330,634,24,0.030357871420479358,-0.5737287023787854
44,1560427200,570,1739,1169,2309,24,1.8342002313200667,1.375868750523238
44,1560441600,731,891,160,1622,24,-0.33514058052580176,0.5762428101389455
44,1560456000,1049,770,0,1819,24,-0.6791391235340664,0.8055387493757805
44,1560470400,195,172,0,367,24,-0.6791391235340664,-0.8845003560652572
44,1560484800,29,28,0,57,24,-0.6791391235340664,-1.245321377199363
44,1560499200,114,520,406,634,24,0.19375717934940503,-0.5737287023787854
44,1560513600,454,1717,1263,2171,24,2.036299375337422,1.2152451991796684
44,1560528000,654,1085,431,1739,24,0.24750695169444636,0.7124236471476241
44,1560542400,834,800,0,1634,24,-0.6791391235340664,0.590210075473169
44,1561161600,9882,9022,0,18904,25,-0.676696730544194,4.176112214718391
44,1561176000,44,64,20,108,25,-0.6254828772068521,-0.4109590664318315
44,1561190400,33,91,58,124,25,-0.5281765558659025,-0.40705434518803474
44,1561204800,195,665,470,860,25,0.526828822883341,-0.22743716797338462
44,1561219200,422,928,506,1350,25,0.6190137588905564,-0.10785507988210938
44,1561233600,505,751,246,1256,25,-0.046766334494888484,-0.13079531718941526
44,1561248000,314,360,46,674,25,-0.5589048678683076,-0.27282955243252177
44,1561262400,72,85,13,157,25,-0.6434077258749218,-0.399000857622704
44,1561276800,33,48,15,81,25,-0.6382863405411876,-0.41754828353073853
44,1561291200,156,497,341,653,25,0.19649946885748562,-0.27795449906500497
44,1561305600,297,686,389,983,25,0.3194127168671062,-0.19741962341169716
44,1561320000,397,495,98,892,25,-0.42574884919121864,-0.21962772548579113
44,1561334400,228,207,0,435,25,-0.676696730544194,-0.33115632601173556
44,1561348800,19,37,18,56,25,-0.6306042625405863,-0.42364941047417093
44,1561363200,140,621,481,761,25,0.554996442218879,-0.25159763066937696
44,1561365314,33,48,15,81,25,-0.6382863405411876,-0.41754828353073853
44,1561377600,467,2127,1660,2594,25,3.574053096455185,0.19573699682308734
44,1561392000,676,1321,645,1997,25,0.9749500395850828,0.05004208541392139
44,1561406400,1108,973,0,2081,25,-0.676696730544194,0.07054187194385428
44,1561420800,221,276,55,497,26,-0.5698468333956368,-0.7180041447050942
44,1561435200,42,44,2,86,26,-0.6671044484116374,-1.1657559883668138
44,1561449600,137,571,434,708,26,0.12563686643576388,-0.48813640988119444
44,1561464000,527,2200,1673,2727,26,2.3992629986022687,1.7114036688365954
44,1561478400,735,1481,746,2216,26,0.6981722604922204,1.1547097707559661
44,1561492800,1121,897,0,2018,26,-0.6707745470914865,0.9390045030065246
44,1561507200,254,267,13,521,26,-0.6469189056724675,-0.6918580516445558
44,1561521600,25,33,8,58,26,-0.6560941523720901,-1.1962597636041086
44,1561535775,135,274,139,409,26,-0.4157026888419754,-0.8138731525937349
44,1561536000,88,596,508,684,26,0.2614305175901798,-0.5142825029417328
44,1561550400,511,2422,1911,2933,26,2.836004741504309,1.9358243009395497
44,1561564800,712,1337,625,2049,26,0.476131290361351,0.9727765398763867
44,1561579200,1129,1032,0,2161,26,-0.6707745470914865,1.0947916408255658
44,1561593600,420,342,0,762,26,-0.6707745470914865,-0.4293077004949831
44,1561608000,38,49,11,87,26,-0.6505890043523166,-1.1646665678226247
44,1561622400,141,612,471,753,26,0.19353369201297185,-0.439112485392685
44,1561636800,471,2343,1872,2814,26,2.764437817247252,1.8061832561810471
44,1561651200,868,1357,489,2225,26,0.22656458013161357,1.164514555653668
44,1561665600,1186,981,0,2167,26,-0.6707745470914865,1.1013281640907002
44,1561680000,462,311,0,773,26,-0.6707745470914865,-0.417324074508903
44,1561694400,57,47,0,104,26,-0.6707745470914865,-1.1461464185714099
44,1561708800,104,541,437,645,26,0.1311420144555375,-0.5567699041651076
44,1561723200,452,2133,1681,2585,26,2.413943393321665,1.5567059515617434
44,1561737600,787,1368,581,2155,26,0.39538911940467125,1.0882551175604311
44,1561752000,1021,953,0,1974,26,-0.6707745470914865,0.8910699990622043
44,1561766400,383,361,0,744,26,-0.6707745470914865,-0.44891727029038686
44,1561780800,60,82,22,142,26,-0.6304034616131466,-1.104748437892224
44,1561795200,38,81,43,119,26,-0.5918674254747313,-1.1298051104085736
44,1561809600,269,572,303,841,26,-0.11475459709435087,-0.3432434775040443
44,1561824000,469,787,318,1256,26,-0.08722885699548277,0.10886604833443156
44,1561838400,388,488,100,876,26,-0.4872696130990325,-0.3051137584574259
44,1561852800,292,257,0,549,26,-0.6707745470914865,-0.6613542764072611
44,1561867200,52,60,8,112,26,-0.6560941523720901,-1.1374310542178971
44,1561881600,27,48,21,75,26,-0.6322385109530712,-1.1777396143528938
44,1561896000,207,423,216,630,26,-0.27440388966778584,-0.5731112123279442
44,1561910400,421,703,282,1124,26,-0.1532906332327662,-0.03493746349852944
44,1561924800,489,642,153,1131,26,-0.3900119980830319,-0.027311519689205754
44,1561939200,266,228,0,494,26,-0.6707745470914865,-0.7212724063376615
44,1561953600,14,34,20,48,26,-0.6340735602929957,-1.2071539690459994
44,1561968000,123,516,393,639,26,0.05039984349885773,-0.5633064274302423
44,1561982400,494,2052,1558,2546,26,2.1882323245109467,1.5142185503383687
44,1561996800,726,1351,625,2077,26,0.476131290361351,1.0032803151136815
44,1562011200,1158,1039,0,2197,26,-0.6707745470914865,1.1340107804163733
44,1562025600,427,281,0,708,27,-0.6959205434894951,-0.20443749460171345
44,1562040000,32,29,0,61,27,-0.6959205434894951,-0.9857580498996231
44,1562054400,130,574,444,704,27,0.2342430578180069,-0.20926791534544087
44,1562068800,504,2269,1765,2773,27,3.001689268014426,2.2892672143475656
44,1562083200,706,1279,573,1985,27,0.5044932933330244,1.3376743278332646
44,1562097600,1009,863,0,1872,27,-0.6959205434894951,1.201214941822965
44,1562112000,224,277,53,501,27,-0.584887500991077,-0.45441176808960726
44,1562126400,29,51,22,80,27,-0.6498313560373216,-0.9628135513669179
44,1562140800,107,596,489,703,27,0.32851639578836184,-0.21047552053137272
44,1562143398,92,187,95,279,27,-0.49689905221874575,-0.722500119366479
44,1562155200,407,1988,1581,2395,27,2.6162160638689747,1.8327924540653249
44,1562169600,781,1240,459,2021,27,0.2656675038081252,1.3811481145268112
44,1562184000,740,852,112,1592,27,-0.46128468009661167,0.8630854897620457
44,1562198400,256,294,38,550,27,-0.6163119469811953,-0.3952391139789464
44,1562212800,30,45,15,75,27,-0.6644960974993768,-0.9688515772965771
44,1562227200,30,75,45,105,27,-0.6016472055191401,-0.9326234217186216
44,1562241600,133,469,336,602,27,0.007987046689155071,-0.33244364431049
44,1562256000,309,811,502,1120,27,0.3557509156464644,0.2930958420022105
44,1562270400,362,1978,1616,2340,27,2.6895397711792506,1.7663741688390728
44,1562284800,871,1709,838,2580,27,1.0596585058251144,2.0561994134627177
44,1562299200,72,52,0,124,27,-0.6959205434894951,-0.9096789231859163
44,1562313272,29,324,295,353,27,-0.0779064390171683,-0.6331373356075217
44,1562313600,64,213,149,277,27,-0.3837710466543198,-0.7249153297383426
44,1562315622,30,78,48,108,27,-0.5953623163211165,-0.929000606160826
44,1562315702,3,3,0,6,27,-0.6959205434894951,-1.052176335125875
44,1562328000,216,1507,1291,1723,27,2.0086767747266876,1.0212817691191185
44,1562342400,504,1208,704,1712,27,0.7789334549800576,1.0079981120738681
44,1562356800,621,883,262,1504,27,-0.1470402201954286,0.7568162334000426
44,1562371200,234,342,108,576,27,-0.4696645323606432,-0.3638413791447182
44,1562385600,33,40,7,73,27,-0.6812558020274398,-0.9712667876684409
44,1562400000,39,76,37,115,27,-0.6184069100472033,-0.920547369859303
44,1562414400,116,402,286,518,27,-0.0967611066112393,-0.4338824799287657
44,1562428800,308,551,243,859,27,-0.18684451844957845,-0.022089111526003454
44,1562443200,323,442,119,765,27,-0.44661993863455646,-0.13560399900359776
44,1562457600,174,222,48,396,27,-0.5953623163211165,-0.5812103126124519
44,1562472000,29,31,2,60,27,-0.6917306173574793,-0.986965655085555
44,1562486400,35,57,22,92,27,-0.6498313560373216,-0.9483222891357357
44,1562500800,111,364,253,475,27,-0.16589488778949957,-0.48580950292383546
44,1562515200,291,485,194,776,27,-0.2894977086839649,-0.12232034195834736
44,1562529600,353,450,97,803,27,-0.49270912608673,-0.0897150019381873
44,1562544000,216,198,0,414,27,-0.6959205434894951,-0.5594734192656786
44,1562558400,19,25,6,44,27,-0.6833507650934477,-1.0062873380604647
44,1562572800,144,584,440,728,27,0.22586320555397535,-0.18028539088307635
44,1562574713,75,130,55,205,27,-0.5806975748590613,-0.8118629031254361
44,1562574794,4,15,11,19,27,-0.6728759497634083,-1.036477467708761
44,1562587200,473,2119,1646,2592,27,2.7523886631594876,2.0706906756939
44,1562601600,578,1215,637,1793,27,0.6385709295575291,1.1058141321343484
44,1562616000,976,978,2,1954,27,-0.6917306173574793,1.300238567069377
44,1562630400,249,288,39,537,28,-0.6363420388943561,-0.625677199437355
44,1562644800,21,17,0,38,28,-0.7121359542648508,-1.1351857147866082
44,1562659200,134,636,502,770,28,0.2634677769143357,-0.3877704177211706
44,1562673600,531,2393,1862,2924,28,2.9065376462444026,1.8115909892172894
44,1562688000,648,1242,594,1890,28,0.44226367983960496,0.7558158291549089
44,1562702400,918,985,67,1903,28,-0.581925894525796,0.7690895980918634
44,1562716800,257,279,22,536,28,-0.669380412260982,-0.6266982585863515
44,1562731200,25,31,6,56,28,-0.7004753519001593,-1.1168066501046714
44,1562745600,135,733,598,868,28,0.45003741474939923,-0.2877066211195137
44,1562760000,1288,3019,1731,4307,28,2.651947827948639,3.2237157922794486
44,1562774400,802,1402,600,2204,28,0.4539242822042964,1.0764284019398098
44,1562788800,1172,976,0,2148,28,-0.7121359542648508,1.0192490895960058
44,1562803200,328,310,0,638,28,-0.7121359542648508,-0.5225502253887085
44,1562817600,29,30,1,59,28,-0.7101925205374022,-1.1137434726576818
44,1562832000,139,637,498,776,28,0.2556940420045414,-0.3816440628271916
44,1562846400,504,2234,1730,2738,28,2.65000439422119,1.6216739875039405
44,1562860800,769,1345,576,2114,28,0.4072818727455305,0.9845330785301248
44,1562875200,1113,875,0,1988,28,-0.7121359542648508,0.8558796257565658
44,1562889600,153,193,40,346,28,-0.6343986051669076,-0.8206994968956864
44,1562904000,30,28,0,58,28,-0.7121359542648508,-1.1147645318066783
44,1562918400,132,559,427,691,28,0.11771024735569231,-0.46843409049189405
44,1562920200,20,263,243,283,28,-0.23988155849484616,-0.8850262232824659
44,1562925490,80,1100,1020,1180,28,1.2701664477326993,0.030863833367394213
44,1562932800,435,861,426,1296,28,0.11576681362824373,0.14930669465098817
44,1562947200,760,1542,782,2302,28,0.8076292205999377,1.1764921985414667
44,1562961600,988,1425,437,2413,28,0.1371445846301781,1.2898297640800782
44,1562976000,454,497,43,951,28,-0.6285683039845619,-0.2029587117528042
44,1562990400,37,43,6,80,28,-0.7004753519001593,-1.0923012305287554
44,1563004800,38,85,47,123,28,-0.6207945690747676,-1.0483956871219058
44,1563019200,194,541,347,735,28,-0.03776445084019398,-0.4235074879360481
44,1563033600,534,623,89,1157,28,-0.5391703525219272,0.007379472940474722
44,1563048000,537,632,95,1169,28,-0.5275097501572358,0.01963218272843272
44,1563062400,419,333,0,752,28,-0.7121359542648508,-0.4061494824031076
44,1563076800,39,49,10,88,28,-0.6927016169903649,-1.0841327573367834
44,1563091200,38,53,15,91,28,-0.6829844483531221,-1.0810695798897938
44,1563105600,161,424,263,585,28,-0.20101288394587458,-0.576666360285523
44,1563120000,398,510,112,908,28,-0.49447137679060993,-0.24686425515965368
44,1563134400,382,561,179,943,28,-0.3642613170515552,-0.2111271849447762
44,1563148800,291,211,0,502,28,-0.7121359542648508,-0.6614142696522325
44,1563163200,16,16,0,32,28,-0.7121359542648508,-1.1413120696805874
44,1563177600,165,573,408,738,28,0.08078500653416931,-0.4204443104890586
44,1563192000,467,2269,1802,2736,28,2.789931622597488,1.6196318692059475
44,1563206400,668,1174,506,1842,28,0.27124151182413003,0.706804990003077
44,1563220800,1105,990,0,2095,28,-0.7121359542648508,0.9651329546991914
44,1563235200,403,425,22,828,29,-0.6766487738115061,-0.3110498893317835
44,1563249600,74,56,0,130,29,-0.7188166747356196,-1.1026757731455314
44,1563264000,143,574,431,717,29,0.10729083882315041,-0.436938819279242
44,1563278400,571,2521,1950,3092,29,3.0187927253562634,2.2566306277947574
44,1563292800,750,1364,614,2114,29,0.45805110560100404,1.1474470828522851
44,1563307200,1111,1050,0,2161,29,-0.7188166747356196,1.2007514045417496
44,1563321600,425,459,34,884,29,-0.6536481005801714,-0.24753835710603866
44,1563336000,78,51,0,129,29,-0.7188166747356196,-1.1038099076495627
44,1563350400,144,605,461,749,29,0.16479252190148708,-0.4006465151502449
44,1563364800,517,2077,1560,2594,29,2.2712708453378867,1.6918316447872408
44,1563379200,742,1252,510,1994,29,0.2587119375961036,1.0113509423685463
44,1563393600,1054,978,0,2032,29,-0.7188166747356196,1.0544480535217302
44,1563408000,205,265,60,470,29,-0.6038133085789463,-0.7170700417749379
44,1563422400,56,51,0,107,29,-0.7188166747356196,-1.128760866738248
44,1563436800,144,597,453,741,29,0.14945873974726395,-0.4097195911824942
44,1563451200,485,1923,1438,2408,29,2.0374306674859843,1.4808826270374456
44,1563465600,682,1105,423,1787,29,0.0919570566689273,0.7765851000340966
44,1563480000,1027,976,0,2003,29,-0.7188166747356196,1.0215581529048265
44,1563494400,256,431,175,687,29,-0.3833901901119891,-0.4709628544001767
44,1563508800,56,57,1,113,29,-0.7168999519663418,-1.1219560597140612
44,1563523200,130,506,376,636,29,0.0018710865128665208,-0.5288037141057658
44,1563537600,399,2054,1655,2453,29,2.453359508419286,1.5319186797188475
44,1563552000,625,1205,580,1830,29,0.39288253144555585,0.8253528837074364
44,1563566400,745,992,247,1737,29,-0.24538615072398112,0.7198783748325387
44,1563580800,262,273,11,535,29,-0.6977327242735629,-0.6433512990129127
44,1563595200,50,62,12,112,29,-0.695816001504285,-1.1230901942180922
44,1563609600,42,107,65,149,29,-0.5942296947325569,-1.0811272175689395
44,1563624000,182,515,333,697,29,-0.0805479925660827,-0.4596215093598651
44,1563638400,357,488,131,845,29,-0.46772599196021625,-0.2917696027632538
44,1563652800,309,456,147,765,29,-0.43705842765177,-0.3825003630857464
44,1563667200,246,311,65,557,29,-0.5942296947325569,-0.6184003399242272
44,1563681600,32,49,17,81,29,-0.6862323876578955,-1.1582483638430583
44,1563696000,25,86,61,111,29,-0.6018965858096684,-1.1242243287221234
44,1563710400,138,457,319,595,29,-0.10738211133597314,-0.5753032287710432
44,1563724800,198,525,327,723,29,-0.09204832918175003,-0.43013401225505504
44,1563739200,269,450,181,719,29,-0.3718898534963218,-0.4346705502711797
44,1563753600,176,202,26,378,29,-0.6689818827343945,-0.8214104161458043
44,1563768000,21,24,3,45,29,-0.713066506427786,-1.1990772059881798
44,1563782400,140,603,463,743,29,0.16862596744004285,-0.40745132217443186
44,1563796800,450,2260,1810,2710,29,2.7504515376573586,1.823391247254855
44,1563811200,615,1228,613,1843,29,0.45613438283172614,0.8400966322598414
44,1563825600,1057,1234,177,2291,29,-0.37955674457343336,1.3481888900658001
44,1563840000,134,199,65,333,30,-0.635130484458199,-0.8554440198966998
44,1563854400,22,28,6,50,30,-0.7473742441550051,-1.186130514567881
44,1563868800,131,534,403,665,30,0.007893088042148312,-0.4675008530032999
44,1563878181,157,1762,1605,1919,30,2.2946218872889457,0.9978025544796023
44,1563878269,1,21,20,22,30,-0.7207401316845765,-1.2188486129805776
44,1563878358,3,23,20,26,30,-0.7207401316845765,-1.2141745989216208
44,1563879251,314,319,5,633,30,-0.7492766807600357,-0.5048929654749529
44,1563879404,375,751,376,1126,30,-0.043472700293678244,0.07117926729145124
44,1563883200,462,833,371,1295,30,-0.05298488331883131,0.2686563612823687
44,1563897600,680,1284,604,1964,30,0.39028284565330157,1.0503852126428643
44,1563912000,1064,880,0,1944,30,-0.7587888637851888,1.0270151423480811
44,1563926400,195,308,113,503,30,-0.5438135274167295,-0.6567984223910432
44,1563940800,36,56,20,92,30,-0.7207401316845765,-1.1370533669488365
44,1563955200,147,619,472,766,30,0.13916121378926063,-0.3494819980146451
44,1563969600,493,2351,1858,2844,30,2.7759383483616906,2.078668305613322
44,1563984000,672,1380,708,2052,30,0.5881362525764854,1.15321352193991
44,1563998400,1074,1057,0,2131,30,-0.7587888637851888,1.2455252996043034
44,1564012800,308,339,31,647,30,-0.6998133290292398,-0.4885339162686047
44,1564027200,35,49,14,84,30,-0.7321547513147603,-1.1464013950667498
44,1564041600,133,629,496,762,30,0.18481969230999534,-0.3541560120736017
44,1564056000,492,2327,1835,2819,30,2.7321823064459867,2.049455717744843
44,1564070400,661,1477,816,2138,30,0.7935994059197916,1.2537048242074775
44,1564084800,1005,1178,173,2183,30,-0.42966733111489275,1.3062874823707395
44,1564099200,323,296,0,619,30,-0.7587888637851888,-0.5212520146813011
44,1564113600,36,41,5,77,30,-0.7492766807600357,-1.154580919669924
44,1564128000,120,587,467,707,30,0.12964903076410755,-0.41842370538425533
44,1564142400,372,2143,1771,2515,30,2.6104263637240273,1.6942306492641395
44,1564156800,629,1361,732,1990,30,0.6337947310972201,1.0807663040260824
44,1564171200,765,947,182,1712,30,-0.41254540166961723,0.755922326928597
44,1564185600,279,379,100,658,30,-0.5685452032821275,-0.47568037760647397
44,1564200000,43,72,29,115,30,-0.703618202239301,-1.1101777861098359
44,1564214400,27,91,64,118,30,-0.6370329210632296,-1.1066722755656184
44,1564228800,146,738,592,884,30,0.36745360639293423,-0.21159858327542463
44,1564243200,353,945,592,1298,30,0.36745360639293423,0.27216187182658613
44,1564257600,440,763,323,1203,30,-0.14430184036030075,0.1611540379263663
44,1564272000,277,354,77,631,30,-0.6123012451978316,-0.5072299725044312
44,1564286400,49,60,11,109,30,-0.7378620611298521,-1.117188807198271
44,1564300800,28,56,28,84,30,-0.7055206388443317,-1.1464013950667498
44,1564315200,123,516,393,639,30,-0.01113127800815782,-0.49788194438651795
44,1564329600,288,629,341,917,30,-0.11005798146974971,-0.17303796728903245
44,1564344000,338,654,316,992,30,-0.15761889659551503,-0.08540020368359573
44,1564358400,261,195,0,456,30,-0.7587888637851888,-0.7117180875837836
44,1564372800,15,23,8,38,30,-0.7435693709449439,-1.200152556744751
44,1564387200,125,580,455,705,30,0.1068197915037402,-0.42076071241373364
44,1564401600,412,2136,1724,2548,30,2.5210118432875888,1.7327912652505317
44,1564416000,691,1216,525,1907,30,0.23999035385588313,0.9837805123027324
44,1564430400,1124,1015,0,2139,30,-0.7587888637851888,1.2548733277222168
44,1564444800,291,321,30,612,31,-0.7488791486467953,-0.7636447622850426
44,1564459200,25,25,0,50,31,-0.7968031542485812,-1.3539387936736984
44,1564473600,131,624,493,755,31,-0.009251995525900353,-0.6134453913089256
44,1564488000,559,2445,1886,3004,31,2.2160193312503558,1.7487810794972785
44,1564502400,723,1225,502,1948,31,0.005125206154635401,0.6396164938274913
44,1564516800,1039,986,0,2025,31,-0.7968031542485812,0.7204930781992466
44,1564531200,253,323,70,576,31,-0.6849804745110808,-0.8014571913419671
44,1564545600,27,41,14,68,31,-0.7744386183010811,-1.335032579145236
44,1564560000,138,560,422,698,31,-0.12267214211679353,-0.6733150706490562
44,1564574400,427,2195,1768,2622,31,2.027518242549998,1.3475491933932457
44,1564588800,706,1215,509,1921,31,0.016307474128385433,0.6112571720347979
44,1564603200,1048,797,0,1845,31,-0.7968031542485812,0.5314309329146237
44,1564617600,186,307,121,493,31,-0.6035096649880449,-0.8886358472232099
44,1564632000,30,30,0,60,31,-0.7968031542485812,-1.3434353411578859
44,1564646400,124,607,483,731,31,-0.02522666405982897,-0.6386536773468753
44,1564660800,485,2271,1786,2756,31,2.05627264591107,1.4882954571051314
44,1564675200,698,1447,749,2145,31,0.39969951894267225,0.8465345083889951
44,1564689600,994,1102,108,2096,31,-0.6242767340821521,0.7950675910615145
44,1564704000,269,322,53,591,31,-0.7121374110187595,-0.7857020125682486
44,1564718400,38,48,10,86,31,-0.7808284857146526,-1.3161263646167738
44,1564732800,119,547,428,666,31,-0.11308734099643636,-0.7069261186996557
44,1564747200,410,2184,1774,2594,31,2.0371030436703554,1.318139526348971
44,1564761600,694,1320,626,2014,31,0.20321109597535025,0.708939280431853
44,1564776000,821,960,139,1781,31,-0.5747552616269734,0.46420883681342456
44,1565395200,8940,8515,0,17455,32,-0.7634822588026174,4.053727437283614
44,1565409600,33,49,16,82,32,-0.7263084818735973,-0.44963971059219043
44,1565424000,35,143,108,178,32,-0.5125592645317318,-0.424754932707192
44,1565438400,175,909,734,1084,32,0.9418647578161792,-0.18990484141751962
44,1565452800,418,1004,586,1422,32,0.5980073212227434,-0.10228968594742108
44,1565467200,454,753,299,1207,32,-0.06879730244155448,-0.1580212197523654
44,1565481600,310,310,0,620,32,-0.7634822588026174,-0.31018126786167854
44,1565496000,34,39,5,73,32,-0.7518654535122986,-0.451972658518909
44,1565510400,30,64,34,94,32,-0.6844879828284497,-0.44652911335656564
44,1565524800,116,557,441,673,32,0.26111996780349883,-0.29644279673766905
44,1565539200,285,770,485,1055,32,0.3633478543583041,-0.19742211807027954
44,1565553600,402,707,305,1109,32,-0.05485713609317195,-0.18342443050996796
44,1565568000,289,232,0,521,32,-0.7634822588026174,-0.33584369505558315
44,1565582400,23,36,13,59,32,-0.7332785650477887,-0.45560168862713796
44,1565596800,120,526,406,646,32,0.17980233077126737,-0.3034416405178248
44,1565611200,410,2163,1753,2573,32,3.309369675983146,0.19606843223625767
44,1565625600,570,1300,730,1870,32,0.9325713135839242,0.013839277515904788
44,1565640000,998,980,0,1978,32,-0.7634822588026174,0.04183465263652799
44,1565654400,265,262,0,527,33,-0.607730105076789,-0.525969944258869
44,1565668800,40,34,0,74,33,-0.607730105076789,-1.0759092112593256
44,1565683200,125,599,474,724,33,0.37565787536740863,-0.2868131327818492
44,1565697600,504,2288,1784,2792,33,3.0934600998017947,2.223726390743414
44,1565712000,712,1177,465,1889,33,0.35698595168808844,1.1274898386431662
44,1565726400,1034,966,0,2000,33,-0.607730105076789,1.2622431689677813
44,1565740800,198,260,62,458,33,-0.47910129750813873,-0.6097355279741703
44,1565755200,40,45,5,85,33,-0.5973568141438335,-1.062555277623553
44,1565769600,119,586,467,705,33,0.3611352680612707,-0.3098790181527293
44,1565784000,447,2222,1775,2669,33,3.0747881761224747,2.0744051328161377
44,1565798400,714,1293,579,2007,33,0.5934969849594778,1.2707411267360003
44,1565812800,1033,859,0,1892,33,-0.607730105076789,1.1311318205438317
44,1565827200,240,248,8,488,33,-0.59113283958406,-0.5733157089675176
44,1565841600,41,44,3,85,33,-0.6015061305170157,-1.062555277623553
44,1565856000,120,575,455,695,33,0.33623936982217706,-0.32201895782161355
44,1565870400,457,2244,1787,2701,33,3.0996840743615683,2.1132529397565674
44,1565884800,683,1301,618,1984,33,0.674408654236532,1.2428192654975667
44,1565899200,1028,1042,14,2070,33,-0.5786848904645132,1.347222746649971
44,1565913600,312,323,11,635,33,-0.5849088650242866,-0.39485859583491906
44,1565928000,43,55,12,98,33,-0.5828342068376955,-1.0467733560540033
44,1565942400,120,598,478,718,33,0.3839565081137732,-0.29409709658317973
44,1565945974,68,94,26,162,33,-0.5537889922254196,-0.9690777421731442
44,1565956800,697,1993,1296,2690,33,2.081026904745321,2.0998990061207947
44,1565971200,648,806,158,1454,33,-0.27993411159538983,0.5994024630467013
44,1565985600,809,537,0,1346,33,-0.607730105076789,0.46829111462275136
44,1566000000,259,182,0,441,33,-0.607730105076789,-0.6303734254112736
44,1566014400,51,45,0,96,33,-0.607730105076789,-1.0492013439877803
44,1566028800,38,105,67,143,33,-0.4687280065751831,-0.9921436275440243
44,1566043200,166,554,388,720,33,0.19723727132057106,-0.29166910864940293
44,1566057600,362,634,272,996,33,-0.04342307832400052,0.043393226211802485
44,1566072000,407,547,140,954,33,-0.31727795895403027,-0.007594520397511379
44,1566086400,330,184,0,514,33,-0.607730105076789,-0.5417518658284185
44,1566100800,35,43,8,78,33,-0.59113283958406,-1.0710532353917719
44,1566115200,32,50,18,82,33,-0.5703862577181487,-1.0661972595242182
44,1566129600,125,355,230,480,33,-0.13055872216082817,-0.583027660702625
44,1566144000,267,486,219,753,33,-0.15337996221333064,-0.25160730774208484
44,1566158400,327,296,0,623,33,-0.607730105076789,-0.4094265234375802
44,1566172800,165,123,0,288,33,-0.607730105076789,-0.8161145023452027
44,1566187200,18,24,6,42,33,-0.5952821559572423,-1.1147570181997553
44,1566201600,119,408,289,527,33,-0.008153889151951236,-0.525969944258869
44,1566216000,429,873,444,1302,33,0.3134181297696746,0.4148753800796606
44,1566230400,496,534,38,1030,33,-0.528893093986326,0.08466902108600895
44,1566244800,793,481,0,1274,33,-0.607730105076789,0.3808835490067847
44,1566259200,239,139,0,378,34,-0.6856144374035992,-0.7000821934558888
44,1566273600,28,35,7,63,34,-0.6426996738105274,-1.3375718637306089
44,1566288000,126,460,334,586,34,1.3620328540372546,-0.27913663340147044
44,1566302400,458,847,389,1305,34,1.699220282268533,1.1759588362097162
44,1566316800,615,536,0,1151,34,-0.6856144374035992,0.8642972196309641
44,1566331200,1007,487,0,1494,34,-0.6856144374035992,1.558452638374548
44,1566345600,289,144,0,433,34,-0.6856144374035992,-0.5887744732491916
44,1566360000,29,32,3,61,34,-0.6672223958637112,-1.3416194171926705
44,1566374400,101,432,331,533,34,1.3436408124973667,-0.3863968001461059
44,1566388800,435,867,432,1302,34,1.9628395443402595,1.1698875060166236
44,1566403200,639,515,0,1154,34,-0.6856144374035992,0.8703685498240566
44,1566417600,1071,494,0,1565,34,-0.6856144374035992,1.7021407862777391
44,1566432000,235,153,0,388,34,-0.6856144374035992,-0.6798444261455803
44,1566446400,28,31,3,59,34,-0.6672223958637112,-1.3456669706547324
44,1566460800,122,447,325,569,34,1.3068567294175908,-0.313540837828995
44,1566475200,406,893,487,1299,34,2.300026972571538,1.163816175823531
44,1566489600,678,581,0,1259,34,-0.6856144374035992,1.0828651065822967
44,1566504000,968,518,0,1486,34,-0.6856144374035992,1.5422624245263012
44,1566518400,221,133,0,354,34,-0.6856144374035992,-0.7486528350006294
44,1566532800,29,54,25,83,34,-0.5323474245712,-1.2970963291099917
44,1566547200,94,357,263,451,34,0.9267545375932408,-0.5523464920906362
44,1566561600,413,773,360,1186,34,1.52143054738295,0.935129405217044
44,1566576000,593,571,0,1164,34,-0.6856144374035992,0.8906063171343652
44,1566590400,766,477,0,1243,34,-0.6856144374035992,1.0504846788858029
44,1566604800,249,156,0,405,34,-0.6856144374035992,-0.6454402217180557
44,1566619200,49,44,0,93,34,-0.6856144374035992,-1.2768585617996833
44,1566633600,37,86,49,123,34,-0.3852110922520967,-1.2161452598687574
44,1566648000,168,458,290,626,34,1.0922829114522319,-0.19818556416023614
44,1566662400,418,556,138,974,34,0.16041947343124455,0.5060887382385023
44,1566676800,495,529,34,1024,34,-0.47717129995153623,0.6072775747900452
44,1566691200,289,189,0,478,34,-0.6856144374035992,-0.49770452035280305
44,1566705600,32,31,0,63,34,-0.6856144374035992,-1.3375718637306089
44,1566720000,28,57,29,85,34,-0.507824702518016,-1.29304877564793
44,1566734400,121,370,249,491,34,0.8409250104070972,-0.4713954228494019
44,1566748800,348,509,161,857,34,0.30142512523705184,0.26930686070789195
44,1566763200,432,427,0,859,34,-0.6856144374035992,0.27335441416995365
44,1566777600,237,141,0,378,34,-0.6856144374035992,-0.7000821934558888
44,1566792000,19,29,10,48,34,-0.6243076322706395,-1.3679285146960718
44,1566806400,105,347,242,452,34,0.7980102468140254,-0.5503227153596053
44,1566820800,376,912,536,1288,34,2.6004303177230406,1.1415546317821914
44,1566835200,589,538,0,1127,34,-0.6856144374035992,0.8157265780862235
44,1566849600,979,489,0,1468,34,-0.6856144374035992,1.505834443367746
44,1566864000,232,140,0,372,35,-0.6583114430071377,-0.6790727321838019
44,1566878400,39,38,0,77,35,-0.6583114430071377,-1.2648633853730593
44,1566892800,129,455,326,584,35,1.4620367756834598,-0.25809775429864057
44,1566907200,450,959,509,1409,35,2.652293597831863,1.3801303436035202
44,1566921600,642,602,0,1244,35,-0.6583114430071377,1.0524847240230881
44,1566936000,991,551,0,1542,35,-0.6583114430071377,1.6442325702956262
44,1566950400,248,177,0,425,35,-0.6583114430071377,-0.5738289877125116
44,1566964800,40,54,14,94,35,-0.5672535440449649,-1.231105957901136
44,1566979200,117,425,308,542,35,1.344962334160666,-0.34149845746456875
44,1566993600,432,936,504,1368,35,2.6197729196310866,1.298715371465352
44,1567008000,637,591,0,1228,35,-0.6583114430071377,1.020713027578925
44,1567022400,1015,529,0,1544,35,-0.6583114430071377,1.6482040323511464
44,1567036800,203,149,0,352,35,-0.6583114430071377,-0.7187873527390057
44,1567051200,53,38,0,91,35,-0.6583114430071377,-1.2370631509844165
44,1567065600,118,421,303,539,35,1.3124416559598902,-0.3474556505478493
44,1567080000,512,918,406,1430,35,1.9823676268958765,1.4218306951864843
44,1567094400,698,623,0,1321,35,-0.6583114430071377,1.205386013160623
44,1567108800,1038,573,0,1611,35,-0.6583114430071377,1.7812480112110796
44,1567123200,411,190,0,601,35,-0.6583114430071377,-0.22434032682671726
44,1567137600,56,58,2,114,35,-0.6453031717268274,-1.1913913373459322
44,1567152000,85,303,218,388,35,0.7595901265466976,-0.6473010357396388
44,1567166400,405,886,481,1291,35,2.470177799907517,1.1458140823278171
44,1567180800,801,602,0,1403,35,-0.6583114430071377,1.368215957436959
44,1567195200,793,456,0,1249,35,-0.6583114430071377,1.062413379161889
44,1567209600,383,184,0,567,35,-0.6583114430071377,-0.2918551817705639
44,1567224000,63,73,10,136,35,-0.5932700866055857,-1.1477052547352078
44,1567238400,42,87,45,129,35,-0.36562533920015344,-1.1616053719295292
44,1567252800,210,432,222,642,35,0.7856066691073184,-0.14292535468854928
44,1567267200,511,549,38,1060,35,-0.4111542886812399,0.6871102149152122
44,1567281600,568,505,0,1073,35,-0.6583114430071377,0.7129247182760947
44,1567296000,364,252,0,616,35,-0.6583114430071377,-0.19455436141031435
44,1567310400,48,79,31,127,35,-0.4566832381623263,-1.1655768339850496
44,1567324800,36,54,18,90,35,-0.5412370014843441,-1.2390488820121768
44,1567339200,169,395,226,564,35,0.8116232116679392,-0.2978123748538445
44,1567353600,403,577,174,980,35,0.4734081583798684,0.5282517326943966
44,1567368000,513,587,74,1100,35,-0.1770054056356524,0.76653945602562
44,1567382400,274,218,0,492,35,-0.6583114430071377,-0.4407850088525785
44,1567396800,32,52,20,84,35,-0.5282287302040336,-1.250963268178738
44,1567411200,30,47,17,77,35,-0.5477411371244992,-1.2648633853730593
44,1567425600,129,248,119,377,35,0.11568069817133195,-0.6691440770450009
44,1567440000,199,292,93,491,35,-0.053426828472703455,-0.4427707398803387
44,1567454400,235,328,93,563,35,-0.053426828472703455,-0.29979810588160466
44,1567468800,130,119,0,249,36,-0.6124529341747974,-0.9418963865375024
44,1567483200,22,22,0,44,36,-0.6124529341747974,-1.3119839093818366
44,1567497600,124,437,313,561,36,1.012432287351315,-0.37864122981832055
44,1567512000,487,1059,572,1546,36,2.3569858732147755,1.3995841848239685
44,1567526400,587,549,0,1136,36,-0.6124529341747974,0.6594091391353
44,1567540800,907,596,0,1503,36,-0.6124529341747974,1.3219560702761326
44,1567555200,274,154,0,428,36,-0.6124529341747974,-0.6187467934197667
44,1567569600,36,30,0,66,36,-0.6124529341747974,-1.2722671996131765
44,1567584000,138,452,314,590,36,1.0176236139376604,-0.3262873851232684
44,1567598400,540,1080,540,1620,36,2.1908634224517223,1.5331767540458257
44,1567612800,669,639,0,1308,36,-0.6124529341747974,0.9699215973266438
44,1567627200,989,552,0,1541,36,-0.6124529341747974,1.3905576598765457
44,1567641600,284,150,0,434,36,-0.6124529341747974,-0.6079149634828593
44,1567656000,38,34,0,72,36,-0.6124529341747974,-1.261435369676269
44,1567670400,152,398,246,550,36,0.6646134060661727,-0.3984995847026507
44,1567684800,514,1094,580,1608,36,2.398516485905539,1.511513094172011
44,1567699200,731,615,0,1346,36,-0.6124529341747974,1.038523186927057
44,1567713600,926,628,0,1554,36,-0.6124529341747974,1.414026624739845
44,1567728000,286,137,0,423,36,-0.6124529341747974,-0.6277733183671894
44,1567742400,35,38,3,73,36,-0.5968789544157612,-1.2596300646867846
44,1567756800,124,356,232,480,36,0.5919348338573369,-0.5248709339665697
44,1567771200,446,1042,596,1488,36,2.481577711287065,1.294876495433864
44,1567785600,618,510,0,1128,36,-0.6124529341747974,0.6449666992194235
44,1567800000,856,462,0,1318,36,-0.6124529341747974,0.9879746472214894
44,1567814400,185,173,0,358,36,-0.6124529341747974,-0.7451181426836857
44,1567828800,49,48,0,97,36,-0.6124529341747974,-1.2163027449391552
44,1567843200,31,73,42,104,36,-0.39441721754829034,-1.2036656100127632
44,1567857600,229,538,309,767,36,0.9916669810059333,-0.0067484019845017
44,1567872000,459,563,104,1022,36,-0.07255496919487511,0.4536043703340604
44,1567886400,553,466,0,1019,36,-0.6124529341747974,0.44818845536560675
44,1567900800,287,170,0,457,36,-0.6124529341747974,-0.5663929487247145
44,1567915200,50,42,0,92,36,-0.6124529341747974,-1.2253292698865779
44,1567929600,45,49,4,94,36,-0.5916876278294159,-1.2217186599076089
44,1567944000,151,358,207,509,36,0.46215166919870176,-0.47251708927151753
44,1567958400,349,440,91,789,36,-0.14004221481736542,0.03296830778415856
44,1567972800,416,368,0,784,36,-0.6124529341747974,0.023941782836735776
44,1567987200,171,125,0,296,36,-0.6124529341747974,-0.8570470520317283
44,1568001600,17,17,0,34,36,-0.6124529341747974,-1.3300369592766823
44,1568016000,142,400,258,542,36,0.7269093251023175,-0.41294202461852714
44,1568030400,504,1048,544,1552,36,2.2116287287971037,1.4104160147608757
44,1568044800,603,564,0,1167,36,-0.6124529341747974,0.7153735938093213
44,1568059200,962,660,0,1622,36,-0.6124529341747974,1.5367873640247949
44,1568073600,302,145,0,447,37,-0.6490472909709892,-0.6128995240157826
44,1568088000,39,24,0,63,37,-0.6490472909709892,-1.286162262288943
44,1568102400,162,432,270,594,37,0.8003808853998297,-0.35516613202058833
44,1568116800,667,1143,476,1810,37,1.9062409014457136,1.776832539177753
44,1568131200,698,680,0,1378,37,-0.6490472909709892,1.0194119586204475
44,1568145600,972,615,0,1587,37,-0.6490472909709892,1.3858492302326626
44,1568160000,298,153,0,451,37,-0.6490472909709892,-0.6058863704921038
44,1568174400,34,26,0,60,37,-0.6490472909709892,-1.2914221274317021
44,1568188800,159,405,246,564,37,0.6715428252779791,-0.407764783448179
44,1568203200,548,1073,525,1621,37,2.169285274194492,1.4454610351839319
44,1568217600,674,615,0,1289,37,-0.6490472909709892,0.8633692927185953
44,1568232000,939,655,0,1594,37,-0.6490472909709892,1.3981222488991003
44,1568246400,347,210,0,557,37,-0.6490472909709892,-0.42003780211461683
44,1568260800,31,26,0,57,37,-0.6490472909709892,-1.2966819925744613
44,1568275200,156,431,275,587,37,0.8272221479252152,-0.36743915068702615
44,1568289600,488,1049,561,1537,37,2.362542364377268,1.298184811186678
44,1568304000,662,704,42,1366,37,-0.42358068575775076,0.9983724980494113
44,1568318400,954,562,0,1516,37,-0.6490472909709892,1.2613657551873647
44,1568332800,330,135,0,465,37,-0.6490472909709892,-0.5813403331592282
44,1568347200,33,47,14,80,37,-0.5738917558999098,-1.2563563598133083
44,1568361600,157,388,231,545,37,0.5910190377018225,-0.4410772626856531
44,1568376000,452,1036,584,1488,37,2.4860121719940413,1.2122736805216134
44,1568390400,608,600,0,1208,37,-0.6490472909709892,0.7213529338641005
44,1568404800,844,638,0,1482,37,-0.6490472909709892,1.2017539502360952
44,1568419200,211,207,0,418,37,-0.6490472909709892,-0.6637448870624536
44,1568433600,52,44,0,96,37,-0.6490472909709892,-1.2283037457185932
44,1568448000,53,69,16,122,37,-0.5631552508897556,-1.1827182478146814
44,1568462400,150,465,315,615,37,1.0419522481282995,-0.3183470760212749
44,1568476800,343,590,247,933,37,0.6769110777830563,0.23919862911118614
44,1568491200,464,453,0,917,37,-0.6490472909709892,0.21114601501647112
44,1568505600,179,174,0,353,37,-0.6490472909709892,-0.7777086318222333
44,1568520000,45,43,0,88,37,-0.6490472909709892,-1.2423300527659509
44,1568534400,41,46,5,87,37,-0.6222060284456037,-1.2440833411468706
44,1568548800,122,413,291,535,37,0.913114188006449,-0.45861014649485
44,1568563200,346,484,138,830,37,0.09177155472965154,0.05860992587645819
44,1568577600,381,326,0,707,37,-0.6490472909709892,-0.1570445449766635
44,1568592000,179,144,0,323,37,-0.6490472909709892,-0.830307283249824
44,1568606400,27,20,0,47,37,-0.6490472909709892,-1.314214876383658
44,1568620800,146,389,243,535,37,0.6554380677627478,-0.45861014649485
44,1568635200,518,1088,570,1606,37,2.410856636922962,1.4191617094701365
44,1568649600,624,653,29,1277,37,-0.4933679683237532,0.8423298321475591
44,1568664000,953,668,0,1621,37,-0.6490472909709892,1.4454610351839319
44,1568678400,300,206,0,506,38,-0.5696185867646775,-0.4710731487684842
44,1568692800,53,39,0,92,38,-0.5696185867646775,-1.0892384485893518
44,1568706477,132,304,172,436,38,0.09960543593699275,-0.5755938516367468
44,1568706572,3,3,0,6,38,-0.5696185867646775,-1.2176495978275033
44,1568707200,89,371,282,460,38,0.5275975434787585,-0.539758182081914
44,1568721600,504,1211,707,1715,38,2.1812034135264904,1.3341487050562237
44,1568736000,780,729,0,1509,38,-0.5696185867646775,1.0265592080439079
44,1568750400,1010,604,0,1614,38,-0.5696185867646775,1.1833402623463019
44,1568764800,350,226,0,576,38,-0.5696185867646775,-0.3665524459002215
44,1568779200,69,45,0,114,38,-0.5696185867646775,-1.056389084830755
44,1568793600,160,356,196,516,38,0.19298553212792346,-0.45614161978730383
44,1568799667,163,300,137,463,38,-0.03657387100811456,-0.5352787233875598
44,1568808000,560,1174,614,1734,38,1.8193555407866338,1.3625186101204665
44,1568822400,704,631,0,1335,38,-0.5696185867646775,0.7667506037713693
44,1568836800,991,647,0,1638,38,-0.5696185867646775,1.2191759319011348
44,1568851200,387,236,0,623,38,-0.5696185867646775,-0.29637425968867376
44,1568865600,69,41,0,110,38,-0.5696185867646775,-1.0623616964232272
44,1568880000,161,365,204,526,38,0.2241122308582337,-0.44121009080612344
44,1568894400,480,1154,674,1634,38,2.0528057812639604,1.2132033203086627
44,1568908800,742,636,0,1378,38,-0.5696185867646775,0.8309561783904449
44,1568923200,955,690,0,1645,38,-0.5696185867646775,1.229628002187961
44,1568937600,332,164,0,496,38,-0.5696185867646775,-0.48600467774966455
44,1568952000,42,31,0,73,38,-0.5696185867646775,-1.1176083536535946
44,1568966400,142,333,191,475,38,0.17353134542147958,-0.5173608886101434
44,1568980800,451,1591,1140,2042,38,3.865935982304532,1.822409702740822
44,1568995200,1057,1818,761,2875,38,2.391308629956084,3.0662060668731477
44,1569009600,864,613,0,1477,38,-0.5696185867646775,0.9787783153041307
44,1569024000,239,163,0,402,38,-0.5696185867646775,-0.6263610501727601
44,1569038400,43,47,4,90,38,-0.5540552373995223,-1.092224754385588
44,1569052800,34,64,30,98,38,-0.45289346652601403,-1.0802795312006437
44,1569067200,180,390,210,570,38,0.2474572549059664,-0.37551136328892976
44,1569081600,361,541,180,902,38,0.130732134667303,0.12021539888625886
44,1569096000,508,478,0,986,38,-0.5696185867646775,0.24564024232817405
44,1569110400,215,193,0,408,38,-0.5696185867646775,-0.6174021327840519
44,1569124800,37,44,7,81,38,-0.542382725375656,-1.1056631304686504
44,1569139200,30,39,9,69,38,-0.5346010506930784,-1.1235809652460669
44,1569153600,146,344,198,490,38,0.20076720681050103,-0.4949635951383728
44,1569168000,327,445,118,772,38,-0.11049978049260138,-0.07389447786908608
44,1569182400,408,416,8,824,38,-0.5384918880343672,0.0037494728330518903
44,1569196800,196,101,0,297,38,-0.5696185867646775,-0.7831421044751541
44,1569211200,21,23,2,44,38,-0.5618369120820998,-1.1609097876990178
44,1569225600,165,343,178,508,38,0.12295045998472542,-0.4680868429722481
44,1569240000,492,1058,566,1550,38,1.6325953484047722,1.0877784768667476
44,1569254400,629,628,0,1257,38,-0.5696185867646775,0.6502846777181623
44,1569268800,904,647,0,1551,38,-0.5696185867646775,1.0892716297648655
44,1569283200,301,129,0,430,39,-0.5829922045723629,-0.4318353570047365
44,1569297600,30,24,0,54,39,-0.5829922045723629,-1.083016779287865
44,1569312000,169,382,213,551,39,0.6944987967129094,-0.22227963334447443
44,1569326400,608,1087,479,1695,39,2.2898631457358314,1.7589744812616401
44,1569340800,774,759,0,1533,39,-0.5829922045723629,1.4784122727247602
44,1569355200,1000,604,0,1604,39,-0.5829922045723629,1.6013747221452446
44,1569369600,290,153,0,443,39,-0.5829922045723629,-0.40932110570239433
44,1569384000,24,25,1,49,39,-0.5769945942376903,-1.0916761067118428
44,1569398400,165,419,254,584,39,0.9404008204344875,-0.16512807234622112
44,1569412800,557,1126,569,1683,39,2.829648075856369,1.7381920954440935
44,1569427200,706,565,0,1271,39,-0.5829922045723629,1.024663515708325
44,1569441600,957,684,0,1641,39,-0.5829922045723629,1.66545374508268
44,1569456000,344,178,0,522,39,-0.5829922045723629,-0.2725037324035455
44,1569470400,33,22,0,55,39,-0.5829922045723629,-1.0812849138030696
44,1569484800,159,392,233,551,39,0.8144510034063621,-0.22227963334447443
44,1569499200,562,1167,605,1729,39,3.045562047904584,1.8178579077446888
44,1569513600,747,646,0,1393,39,-0.5829922045723629,1.2359511048533827
44,1569528000,1003,641,0,1644,39,-0.5829922045723629,1.670649341537067
44,1569542400,311,131,0,442,39,-0.5829922045723629,-0.41105297118718986
44,1569556800,29,26,0,55,39,-0.5829922045723629,-1.0812849138030696
44,1569571200,159,358,199,517,39,0.6105322520274924,-0.28116305982752327
44,1569585600,472,967,495,1439,39,2.3858249110905936,1.3156169171539782
44,1569600000,685,614,0,1299,39,-0.5829922045723629,1.0731557492826005
44,1569614400,837,578,0,1415,39,-0.5829922045723629,1.274052145518885
44,1569628800,212,185,0,397,39,-0.5829922045723629,-0.4889869180029898
44,1569643200,38,37,0,75,39,-0.5829922045723629,-1.0466476041071584
44,1569657600,41,64,23,105,39,-0.4450471668748922,-0.9946916395632918
44,1569672000,201,410,209,611,39,0.6705083553742188,-0.11836770425674113
44,1569686400,387,455,68,842,39,-0.1751547018146234,0.281693222731032
44,1569700800,456,490,34,946,39,-0.37907345319349317,0.4618072331497697
44,1569715200,178,163,0,341,39,-0.5829922045723629,-0.5859713851515409
44,1569729600,36,42,6,78,39,-0.547006542564327,-1.0414520076527718
44,1569744000,32,45,13,77,39,-0.5050232702216186,-1.0431838731375673
44,1569758400,129,357,228,486,39,0.7844629517329988,-0.33485088985618544
44,1569772800,293,425,132,718,39,0.20869235960442556,0.06694190261638322
44,1569787200,344,297,0,641,39,-0.5829922045723629,-0.06641173971287449
44,1569801600,157,96,0,253,39,-0.5829922045723629,-0.7383755478135497
44,1569816000,14,16,2,30,39,-0.5709969839030177,-1.1245815509229584
44,1569830400,113,346,233,459,39,0.8144510034063621,-0.3816112579456654
44,1569843993,252,497,245,749,39,0.8864223274224338,0.12062973264504541
44,1569844154,4,12,8,16,39,-0.5350113218949818,-1.1488276677100961
44,1569844800,400,871,471,1271,39,2.2418822630584505,1.024663515708325
44,1569847505,74,110,36,184,39,-0.3670782325241479,-0.857874266264443
44,1569847576,3,5,2,8,39,-0.5709969839030177,-1.1626825915884607
44,1569847922,85,50,0,135,39,-0.5829922045723629,-0.9427356750194251
44,1569848042,0,0,0,0,39,-0.5829922045723629,-1.176537515466825
44,1569848401,6,11,5,17,39,-0.5530041528989997,-1.1470958022253006
44,1569859200,506,436,0,942,39,-0.5829922045723629,0.4548797712105875
44,1569873600,831,477,0,1308,39,-0.5829922045723629,1.0887425386457605
44,1569888000,155,113,0,268,40,-0.5841294971964066,-0.8689125671638315
44,1569902400,24,16,0,40,40,-0.5841294971964066,-1.2607986104278945
44,1569916800,133,358,225,491,40,0.6038992783712273,-0.48562051607661183
44,1569931200,437,1004,567,1441,40,2.4097030172340306,1.147237997523651
44,1569935052,98,143,45,241,40,-0.34652374208287984,-0.9153201249187863
44,1569945600,604,477,0,1081,40,-0.5841294971964066,0.5284705607909199
44,1569960000,859,541,0,1400,40,-0.5841294971964066,1.0767672616735344
44,1569974400,274,105,0,379,40,-0.5841294971964066,-0.678125940837906
44,1569988800,42,26,0,68,40,-0.5841294971964066,-1.212672254237571
44,1570003200,161,385,224,546,40,0.5986191504798155,-0.39108660213133345
44,1570017600,489,1091,602,1580,40,2.5945074934334404,1.3861509800399001
44,1570032000,735,588,0,1323,40,-0.5841294971964066,0.9444197821501448
44,1570046400,1331,634,0,1965,40,-0.5841294971964066,2.0478883776568484
44,1570060800,325,136,0,461,40,-0.5841294971964066,-0.5371844691376728
44,1570075200,31,23,0,54,40,-0.5841294971964066,-1.2367354323327329
44,1570089600,166,353,187,519,40,0.40325441849758237,-0.4374941598862883
44,1570104000,543,1056,513,1599,40,2.1245761110977988,1.4188081503119054
44,1570118400,688,576,0,1264,40,-0.5841294971964066,0.8430106744633916
44,1570132800,1013,628,0,1641,40,-0.5841294971964066,1.4909976845973907
44,1570147200,308,122,0,430,40,-0.5841294971964066,-0.5904672206341024
44,1570161600,28,33,5,61,40,-0.5577288577393481,-1.2247038432851518
44,1570176000,151,327,176,478,40,0.3451730116920536,-0.5079648957364049
44,1570190400,469,1129,660,1598,40,2.9007549111353192,1.4170893518765366
44,1570204800,821,600,0,1421,40,-0.5841294971964066,1.1128620288162772
44,1570219200,1054,636,0,1690,40,-0.5841294971964066,1.5752188079304568
44,1570233600,224,184,0,408,40,-0.5841294971964066,-0.6282807862122137
44,1570248000,43,53,10,96,40,-0.5313282182822896,-1.1645458980472474
44,1570262400,46,59,13,105,40,-0.5154878346080545,-1.1490767121289291
44,1570276800,222,427,205,649,40,0.49829672054299307,-0.21405036328835758
44,1570291200,440,599,159,1039,40,0.2554108375380546,0.45628102650543456
44,1570305600,567,446,0,1013,40,-0.5841294971964066,0.4115922671858484
44,1570320000,177,175,0,352,40,-0.5841294971964066,-0.7245334985928609
44,1570334400,31,42,11,73,40,-0.5260480903908779,-1.2040782620607275
44,1570348800,36,43,7,79,40,-0.5471686019565247,-1.1937654714485153
44,1570363200,124,368,244,492,40,0.7042217083080496,-0.4839017176412431
44,1570377600,322,462,140,784,40,0.15508840760123221,0.01798742548641662
44,1570392000,358,327,0,685,40,-0.5841294971964066,-0.15217361961508447
44,1570406400,151,115,0,266,40,-0.5841294971964066,-0.8723501640345689
44,1570420800,242,60,0,302,40,-0.5841294971964066,-0.8104734203612958
44,1570435200,175,359,184,534,40,0.38741403482334724,-0.4117121833557578
44,1570449600,470,1050,580,1520,40,2.478344679822383,1.2830230739177781
44,1570464000,638,619,0,1257,40,-0.5841294971964066,0.8309790854158107
44,1570478400,924,645,0,1569,40,-0.5841294971964066,1.3672441972508445
44,1570492800,305,121,0,426,41,-0.7835198680726784,-0.7123721019030137
44,1570507200,22,20,0,42,41,-0.7835198680726784,-1.177374005232495
44,1570521600,168,415,247,583,41,-0.26282380257399757,-0.5222541362188247
44,1570536000,530,1075,545,1605,41,0.36538440600335825,0.7153290544132846
44,1570550400,722,559,0,1281,41,-0.7835198680726784,0.3229836984790347
44,1570564800,907,565,0,1472,41,-0.7835198680726784,0.5542737076871882
44,1570579200,206,124,0,330,41,-0.7835198680726784,-0.8286225777353841
44,1570593600,36,27,0,63,41,-0.7835198680726784,-1.151944213644164
44,1570608000,126,342,216,468,41,-0.3281743209159373,-0.6615125187263516
44,1570622400,411,815,404,1226,41,0.06814495160937445,0.2563818633667392
44,1570636800,613,934,321,1547,41,-0.106825791048077,0.6450943919312275
44,1570651200,882,824,0,1706,41,-0.7835198680726784,0.8376342425285909
44,1570665600,166,301,135,467,41,-0.4989289010997152,-0.6627234611829389
44,1570680000,33,40,7,73,41,-0.768763299414821,-1.139834789078292
44,1570694400,152,701,549,853,41,0.3738167309507053,-0.19529967294028308
44,1570698156,62,131,69,193,41,-0.6380622627309417,-0.9945216942878292
44,1570708800,496,2817,2321,3313,41,4.109336682625452,2.7836187702642072
44,1570723200,697,1679,982,2376,41,1.286615906501024,1.6489656884420092
44,1570737600,1013,1314,301,2327,41,-0.1489874157848123,1.5896295080692366
44,1570752000,334,365,31,699,41,-0.7181693497307388,-0.38178481125471053
44,1570766400,29,76,47,105,41,-0.6844400499413504,-1.101084630467502
44,1570780800,135,661,526,796,41,0.3253308625034597,-0.26432339296575297
44,1570795200,467,2094,1627,2561,41,2.646328304260737,1.8729900429106394
44,1570809600,639,2062,1423,2701,41,2.2162797319460372,2.0425219868328464
44,1570824000,818,1290,472,2108,41,0.21149447571427443,1.3244331100766418
44,1570838400,218,376,158,594,41,-0.4504430326524696,-0.5089337691963656
44,1570852800,43,72,29,115,41,-0.7223855122044123,-1.0889752059016302
44,1570867200,41,112,71,153,41,-0.6338461002572682,-1.0429593925513168
44,1570881600,198,846,648,1044,41,0.5825167733975449,0.03599033626787041
44,1570896000,399,1163,764,1562,41,0.8270541968706097,0.6632585287800354
44,1570910400,534,958,424,1492,41,0.11030657634610973,0.578492556818932
44,1570924800,199,363,164,562,41,-0.437794545231449,-0.5476839278071557
44,1570939200,38,91,53,129,41,-0.6717915625203299,-1.0720220115094095
44,1570953600,26,101,75,127,41,-0.625413775309921,-1.0744438964225838
44,1570968000,133,754,621,887,41,0.5255985800029523,-0.1541276294163186
44,1570982400,381,1018,637,1399,41,0.5593278797923406,0.4658749083563232
44,1570996800,451,766,315,1217,41,-0.1194742784690976,0.24548338125745447
44,1571011200,128,254,126,382,41,-0.5179016322312461,-0.7656535699928501
44,1571025600,33,42,9,75,41,-0.7645471369411475,-1.1374129041651178
44,1571040000,87,199,112,286,41,-0.5474147695469608,-0.8819040458252204
44,1571054400,364,989,625,1353,41,0.5340309049502994,0.41017155535331246
44,1571068800,399,947,548,1346,41,0.3717086497138685,0.40169495815720213
44,1571083200,595,975,380,1570,41,0.017551001925292097,0.672946068432733
44,1571097600,253,240,0,493,42,-0.7685527564782375,-0.7179190065971985
44,1571112000,29,38,9,67,42,-0.7559203539827151,-1.104095090547615
44,1571126400,154,624,470,778,42,-0.10886062615650549,-0.45956176733459597
44,1571140800,563,2875,2312,3438,42,2.4765710845937723,1.951772465783028
44,1571155200,711,1591,880,2302,42,0.4666154875284097,0.921969575248584
44,1571169600,1041,1230,189,2271,42,-0.5032723040722644,0.8938675597498449
44,1571184000,300,325,25,625,42,-0.7334627495462306,-0.5982588115703089
44,1571198400,30,70,40,100,42,-0.7124087453870264,-1.0741800417908927
44,1571212800,158,712,554,870,42,0.009041797135038108,-0.3761622374673699
44,1571227200,545,2739,2194,3284,42,2.3109462518746993,1.8121689049183234
44,1571241600,716,1364,648,2080,42,0.14098022319938452,0.7207228836124515
44,1571256000,1068,1005,0,2073,42,-0.7685527564782375,0.7143772672095104
44,1571270400,280,232,0,512,42,-0.7685527564782375,-0.7006951906463583
44,1571284800,29,41,12,70,42,-0.7517095531508742,-1.1013755406606403
44,1571299200,154,657,503,811,42,-0.06254181700625622,-0.42964671857787357
44,1571313600,605,2836,2231,3441,42,2.3628794621340696,1.9544920156700027
44,1571328000,757,1612,855,2369,42,0.43152548059640267,0.9827061893910205
44,1571342400,1054,1307,253,2361,42,-0.41344188632632645,0.9754540563590878
44,1571356800,321,317,0,638,42,-0.7685527564782375,-0.5864740953934182
44,1571371200,47,72,25,119,42,-0.7334627495462306,-1.0569562258400524
44,1571385600,154,707,553,861,42,0.0076381968577578264,-0.38432088712829415
44,1571400000,511,2849,2338,3360,42,2.5130646918030597,1.881064168721684
44,1571414400,704,1764,1060,2468,42,0.7192635374388603,1.0724513356611878
44,1571428800,900,1337,437,2237,42,-0.15517943530675476,0.8630459943641309
44,1571443200,214,351,137,565,42,-0.576259518490839,-0.6526498093098042
44,1571457600,49,74,25,123,42,-0.7334627495462306,-1.053330159324086
44,1571472000,31,123,92,154,42,-0.6394215309684517,-1.0252281438253468
44,1571486400,197,951,754,1148,42,0.2897618525910943,-0.12415061460770842
44,1571500800,460,1363,903,1823,42,0.49889829390585616,0.48774810996161344
44,1571515200,542,881,339,1423,42,-0.2927322624802223,0.12514145836497828
44,1571529600,173,332,159,505,42,-0.5453803123906729,-0.7070408070492995
44,1571544000,57,86,29,143,42,-0.7278483484371094,-1.0351998267442544
44,1571558400,38,58,20,96,42,-0.7404807509326319,-1.0778061083068589
44,1571572800,149,606,457,755,42,-0.12710742976114914,-0.4804116498014025
44,1571587200,274,642,368,916,42,-0.25202785443909415,-0.3344624725337568
44,1571601600,187,346,159,533,42,-0.5453803123906729,-0.681658341437535
44,1571616000,84,170,86,254,42,-0.6478431326321334,-0.9345764809261881
44,1571630400,19,36,17,55,42,-0.7446915517644728,-1.114973290095514
44,1571644800,155,749,594,904,42,0.06518580822624935,-0.34534067208165586
44,1571646708,96,139,43,235,42,-0.7081979445551855,-0.9518002968770282
44,1571659200,466,2956,2490,3422,42,2.726411933949662,1.9372681997191625
44,1571673600,666,1742,1076,2408,42,0.7417211418753448,1.0180603379216924
44,1571688000,977,1186,209,2163,42,-0.47520029852665885,0.7959637638187533
44,1571702400,293,319,26,612,43,-0.771082267417217,-0.6537074228236041
44,1571716800,38,51,13,89,43,-0.789054218156131,-1.1283962575258615
44,1571731200,162,745,583,907,43,-0.0010533011422074914,-0.385957506500151
44,1571745600,536,2760,2224,3296,43,2.267559865208404,1.7823630023023211
44,1571760000,736,1482,746,2218,43,0.22428731196879167,0.8039412741779742
44,1571774400,1093,1006,0,2099,43,-0.807026168895045,0.6959336808135982
44,1571788800,291,286,0,577,43,-0.807026168895045,-0.6854743620484205
44,1571803200,37,40,3,77,43,-0.8028787956476033,-1.1392877795457985
44,1571817600,171,722,551,893,43,-0.04529194911491898,-0.39866428219007755
44,1571832000,536,2869,2333,3405,43,2.4182477598654524,1.8812943273167495
44,1571846400,635,1744,1109,2379,43,0.7261194749092377,0.9500691946121299
44,1571860800,1090,1325,235,2415,43,-0.482148597845445,0.9827437606719411
44,1571875200,293,392,99,685,43,-0.6701628517294689,-0.5874506638689868
44,1571889600,42,53,11,95,43,-0.7918191336544255,-1.122950496515893
44,1571904000,171,728,557,899,43,-0.03699720262003558,-0.393218521180109
44,1571918400,523,2924,2401,3447,43,2.5122548868074643,1.9194146543865291
44,1571932800,733,1664,931,2397,43,0.48004199556103,0.9664064776420356
44,1571947200,1047,1428,381,2475,43,-0.2803097664699488,1.0372013707716266
44,1571961600,317,364,47,681,43,-0.742050654685125,-0.5910811712089659
44,1571976000,42,63,21,105,43,-0.7779945561629531,-1.1138742281659453
44,1571990400,146,670,524,816,43,-0.0826183083418943,-0.4685515484846738
44,1572004800,480,2910,2430,3390,43,2.552346161532734,1.867679924791828
44,1572019200,709,1646,937,2355,43,0.48833674205591343,0.9282861505722558
44,1572033600,907,1248,341,2155,43,-0.3356080764358382,0.7467607835733046
44,1572048000,210,385,175,595,43,-0.565096062794279,-0.6691370790185148
44,1572062400,48,89,41,137,43,-0.7503454011800084,-1.084830169446113
44,1572076800,42,172,130,214,43,-0.6273066615059045,-1.014942903151517
44,1572091200,192,987,795,1179,43,0.2920277416770062,-0.13908300738157733
44,1572105600,449,1289,840,1738,43,0.35423834038863167,0.3682803933804913
44,1572120000,523,999,476,1522,43,-0.14897628030096155,0.172232997021624
44,1572134400,157,379,222,536,43,-0.5001205485843591,-0.7226870622832055
44,1572148800,50,67,17,117,43,-0.783524387159542,-1.1029827061460082
44,1572163200,41,106,65,147,43,-0.7171664152004747,-1.0757539010961656
44,1572177600,110,386,276,496,43,-0.4254678301304084,-0.7589921356829957
44,1572192000,167,495,328,662,43,-0.35358002717475223,-0.6083260810738662
44,1572206400,241,520,279,761,43,-0.42132045688296665,-0.5184710244093853
44,1572220800,130,238,108,368,43,-0.6577207319871438,-0.8751683705623244
44,1572235200,21,29,8,50,43,-0.7959665069018671,-1.163793704090657
44,1572249600,158,733,575,891,43,-0.012112963135385365,-0.40047953586006707
44,1572264000,476,2869,2393,3345,43,2.5011952248142864,1.8268367172170643
44,1572278400,706,1746,1040,2452,43,0.6307298902180786,1.016325953566747
44,1572292800,1015,1262,247,2277,43,-0.4655591048556782,0.8574912574426649
44,1572307200,302,300,0,602,44,-0.7319761938865156,-0.6354703475376986
44,1572321600,40,36,0,76,44,-0.7319761938865156,-1.1215343875738046
44,1572336000,155,730,575,885,44,0.08538699211908295,-0.37395680508481266
44,1572350400,542,2887,2345,3429,44,2.6014441038232734,1.9768928486259358
44,1572364800,737,1567,830,2304,44,0.4478697963476527,0.9373072116665835
44,1572379200,1118,1079,0,2197,44,-0.7319761938865156,0.8384310666402274
44,1572393600,335,283,0,618,44,-0.7319761938865156,-0.6206851295898322
44,1572408000,36,58,22,94,44,-0.7007031676393448,-1.104901017382455
44,1572422400,163,781,618,944,44,0.14651154342037118,-0.3194363139020555
44,1572436800,571,2913,2342,3484,44,2.5971796002441137,2.0277170353217264
44,1572451200,745,1632,887,2377,44,0.5288953643516859,1.0047647685537238
44,1572465600,1046,1267,221,2313,44,-0.4178244302217551,0.9456238967622583
44,1572480000,585,330,0,915,44,-0.7319761938865156,-0.3462345214325633
44,1572494400,119,55,0,174,44,-0.7319761938865156,-1.0309749276431233
44,1572508800,233,706,473,939,44,-0.05960612957234496,-0.32405669451076374
44,1572510963,192,161,0,353,44,-0.7319761938865156,-0.8655653018513685
44,1572523200,527,2609,2082,3136,44,2.2275892900502776,1.7061385449556332
44,1572537600,712,1357,645,2069,44,0.184892075632808,0.7201493230572966
44,1572552000,963,1020,57,1983,44,-0.6509506258824823,0.640678776587515
44,1572566400,319,433,114,752,44,-0.569925057878449,-0.49685892927645164
44,1572580800,63,85,22,148,44,-0.7007031676393448,-1.055000906808406
44,1572595200,146,674,528,820,44,0.018576436045581856,-0.4340217529980197
44,1572609600,524,2737,2213,3261,44,2.413805946340249,1.8216480601733391
44,1572624000,788,1773,985,2561,44,0.668202481270901,1.1747947749541865
44,1572638400,1108,1297,189,2405,44,-0.46331246839945794,1.0306388999624898
44,1572652800,201,332,131,533,44,-0.5457595375965444,-0.6992315999378722
44,1572667200,64,69,5,133,44,-0.7248686879212495,-1.0688620486345308
44,1572681600,38,121,83,159,44,-0.6139915948630987,-1.044836069469248
44,1572696000,179,832,653,1011,44,0.1962640851772337,-0.25752321374536524
44,1572710400,376,1180,804,1556,44,0.41091076532826915,0.24609827260383202
44,1572724800,471,805,334,1276,44,-0.2571947954067418,-0.012643041483828946
44,1572739200,139,278,139,417,44,-0.5343875280521186,-0.8064244300599032
44,1572750000,31,69,38,100,44,-0.6779591485504934,-1.099356560652005
44,1572764400,22,52,30,74,44,-0.6893311580949191,-1.1233825398172879
44,1572778800,115,400,285,515,44,-0.32684835386634936,-0.7158649701292218
44,1572793200,313,1021,708,1334,44,0.2744466507951605,0.04095337357718654
44,1572807600,327,732,405,1059,44,-0.15626821069996355,-0.2131675599017662
44,1572822000,133,230,97,363,44,-0.5940905781603537,-0.856324540633952
44,1572836400,40,73,33,113,44,-0.6850666545157594,-1.0873435710693637
44,1572850800,57,223,166,280,44,-0.4960069958396819,-0.9330228587385087
44,1572865200,525,2965,2440,3490,44,2.7364867171633285,2.0332614920521763
44,1572879600,559,1592,1033,2151,44,0.7364345385374553,0.7959235650401116
44,1572894000,1246,1352,106,2598,44,-0.5812970674228748,1.2089855914586276
44,1572908400,363,382,19,745,44,-0.7049676712185045,-0.5033274621286431
44,1572922800,47,83,36,130,45,-0.6879535078746211,-1.0081684892610157
44,1572937200,42,167,125,209,45,-0.5473767729248953,-0.9314177769040028
44,1572951600,450,1632,1182,2082,45,1.1221693938375783,0.8882541755603661
44,1572966000,405,1197,792,1602,45,0.5061589822601282,0.42192073339117386
44,1572980400,891,1084,193,1975,45,-0.43996982936780143,0.784300679076817
44,1572994800,332,392,60,724,45,-0.6500451748544703,-0.4310808545766403
44,1573009200,65,68,3,133,45,-0.7400774657773284,-1.0052539052474583
44,1573023600,55,253,198,308,45,-0.4320722599886034,-0.8352365044566069
44,1573038000,538,3037,2499,3575,45,3.202389168318352,2.3387454863074577
44,1573052400,674,1579,905,2253,45,0.6846440502300047,1.054385464333141
44,1573066800,1181,1372,191,2553,45,-0.4431288571194807,1.345843865688886
44,1573081200,387,384,0,771,45,-0.7448160074048472,-0.3854190383642402
44,1573095600,61,83,22,144,45,-0.7100667021363757,-0.9945670971977476
44,1573110000,47,245,198,292,45,-0.4320722599886034,-0.8507809525289133
44,1573124400,585,3028,2443,3613,45,3.1139363912713334,2.3756635504791856
44,1573138800,690,1689,999,2379,45,0.8331183545589286,1.1767979929025538
44,1573153200,1242,1269,27,2511,45,-0.7021691327571776,1.3050396894990817
44,1573167600,363,373,10,736,45,-0.7290208686464511,-0.41942251852241047
44,1573182000,73,97,24,170,45,-0.7069076743846965,-0.9693073690802497
44,1573196400,40,254,214,294,45,-0.4068000379751695,-0.848837896519875
44,1573210800,524,2891,2367,3415,45,2.9938933367075227,2.183301005584394
44,1573225200,630,1596,966,2226,45,0.7809943966562213,1.028154208211124
44,1573239600,1187,1337,150,2524,45,-0.5078889260289049,1.3176695535578307
44,1573254000,237,395,158,632,45,-0.495252815022188,-0.5204614309924022
44,1573268400,85,122,37,207,45,-0.6863739939987814,-0.9333608329130411
44,1573282800,19,71,52,90,45,-0.6626812858611872,-1.0470296094417817
44,1573297200,133,651,518,784,45,0.07337218028007358,-0.37278917430549124
44,1573311600,323,1201,878,1524,45,0.6419971755823352,0.34614154903868016
44,1573326000,496,1018,522,1514,45,0.07969023578343204,0.33642626899348865
44,1573340400,179,456,277,635,45,-0.30729066379727377,-0.5175468469788447
44,1573354800,71,109,38,180,45,-0.6847944801229419,-0.9595920890350582
44,1573369200,20,49,29,69,45,-0.6990101050054984,-1.0674316975366838
44,1573383600,103,685,582,788,45,0.17446106833380898,-0.36890306228741465
44,1573398000,328,974,646,1302,45,0.27554995638754437,0.13046233203542873
44,1573412400,360,740,380,1100,45,-0.14460073458579334,-0.06578632487743968
44,1573426800,142,248,106,390,45,-0.577387536565848,-0.7555712080860365
44,1573441200,48,67,19,115,45,-0.7148052437638945,-1.022741409328803
44,1573455600,40,153,113,193,45,-0.5663309394349707,-0.9469622249763092
44,1573470000,395,906,511,1301,45,0.062315583149196274,0.12949080403090957
44,1573484400,324,987,663,1311,45,0.30240169227681785,0.13920608407610108
44,1573498800,596,1118,522,1714,45,0.07969023578343204,0.5307318698973187
44,1573513200,213,363,150,576,45,-0.5078889260289049,-0.5748669992454746
44,1573527600,52,92,40,144,46,-0.5940746963807921,-1.0338387465649532
44,1573542000,51,249,198,300,46,-0.3824995509300898,-0.8968272482034659
44,1573556400,575,2940,2365,3515,46,2.5192937414222643,1.9268392084130843
44,1573570800,734,1504,770,2238,46,0.38345603892941477,0.8052771352873193
44,1573585200,1257,1073,0,2330,46,-0.6476380243429952,0.8860787881671708
44,1573599600,343,289,0,632,46,-0.6476380243429952,-0.60523867476748
44,1573614000,70,92,22,162,46,-0.6181781939637835,-1.018029727523243
44,1573628400,53,226,173,279,46,-0.41597663090646675,-0.9152711037521276
44,1573642800,552,2801,2249,3353,46,2.363960090331875,1.7845580370376937
44,1573657200,774,1393,619,2167,46,0.181254475872098,0.7429193379561295
44,1573671600,1290,1196,0,2486,46,-0.6476380243429952,1.0230902865286582
44,1573686000,372,377,5,749,46,-0.6409426083477198,-0.5024800509963645
44,1573700400,87,93,6,180,46,-0.6396035251486647,-1.002220708481533
44,1573714800,47,243,196,290,46,-0.38517771732819994,-0.9056100365599715
44,1573729200,576,2842,2266,3418,46,2.3867245047158114,1.84164616135498
44,1573743600,654,1660,1006,2314,46,0.6994796739064132,0.8720263267967618
44,1573758000,1196,1223,27,2419,46,-0.6114827779685081,0.9642456045400706
44,1573772400,418,430,12,848,46,-0.6315690259543343,-0.41553044626695906
44,1573786800,96,100,4,196,46,-0.6422816915467748,-0.9881682471111242
44,1573801200,55,234,179,289,46,-0.4079421317121363,-0.906488315395622
44,1573815600,554,2938,2384,3492,46,2.5447363222043107,1.9066387951931214
44,1573830000,653,1761,1108,2414,46,0.8360661602100312,0.9598542103618178
44,1573844400,1069,1354,285,2423,46,-0.265999312612298,0.9677587198826728
44,1573858800,1163,811,0,1974,46,-0.6476380243429952,0.5734115226755715
44,1573873200,628,156,0,784,46,-0.6476380243429952,-0.4717402917485949
44,1573887600,19,97,78,116,46,-0.5431895348166991,-1.0584305539631689
44,1573902000,157,554,397,711,46,-0.11602199431812928,-0.5358546467510857
44,1573916400,394,1039,645,1433,46,0.21607063904753004,0.09826267258861852
44,1573930800,533,877,344,1410,46,-0.1869934038680484,0.07806225936865564
44,1573945200,150,386,236,536,46,-0.3316143893659968,-0.6895534429899337
44,1573959600,65,127,62,192,46,-0.5646148660015804,-0.9916813624537264
44,1573974000,17,23,6,40,46,-0.6396035251486647,-1.1251797454726116
44,1573988400,97,420,323,517,46,-0.21511415104820505,-0.7062407408672944
44,1574002800,332,749,417,1081,46,-0.08924033033702772,-0.21089147756037857
44,1574017200,341,565,224,906,46,-0.34768338775465774,-0.36459027379922654
44,1574031600,115,207,92,322,46,-0.524442370029928,-0.8775051138191535
44,1574046000,47,58,11,105,46,-0.6329081091533894,-1.068091621155325
44,1574060400,42,215,173,257,46,-0.41597663090646675,-0.9345932381364399
44,1574074800,489,3040,2551,3529,46,2.768363216446508,1.9391351121121922
44,1574089200,564,1404,840,1968,46,0.4771918628632702,0.5681418496616681
44,1574103600,1220,1089,0,2309,46,-0.6476380243429952,0.867634932618509
44,1574118000,355,304,0,659,46,-0.6476380243429952,-0.5815251462049149
44,1574132400,66,74,8,140,47,-0.6661385986211198,-0.9164604639053221
44,1574146800,45,221,176,266,47,-0.4255022012054202,-0.8041060726984632
44,1574161200,543,2982,2439,3525,47,2.8159273663643902,2.101949172882117
44,1574175600,620,1530,910,2150,47,0.6258496779798387,0.8758595862993314
44,1574190000,1206,1225,19,2431,47,-0.6503826440284252,1.126427712720977
44,1574204400,371,382,11,753,47,-0.6618415200958394,-0.36984743366877854
44,1574218800,65,87,22,152,47,-0.6460855655031448,-0.9057600456951451
44,1574233200,46,258,212,304,47,-0.373937258902056,-0.7702214150329026
44,1574247600,551,2792,2241,3343,47,2.5323201836958873,1.9396594966944318
44,1574262000,607,1432,825,2039,47,0.5040991197635621,0.7768807178551939
44,1574276400,1193,1293,100,2486,47,-0.5343615238458557,1.1754712961842884
44,1574290800,375,386,11,761,47,-0.6618415200958394,-0.36271382152866055
44,1574305200,62,80,18,142,47,-0.651815003536852,-0.9146770608702927
44,1574319600,43,216,173,259,47,-0.42979927973070053,-0.8103479833210665
44,1574334000,542,2871,2329,3413,47,2.6583678204374444,2.0020786029204642
44,1574348400,622,1568,946,2190,47,0.6774146202832029,0.9115276469999215
44,1574362800,1272,1476,204,2748,47,-0.3853961349694702,1.4090970937731537
44,1574377200,373,478,105,851,47,-0.5271997263037218,-0.2824606849523328
44,1574391600,72,115,43,187,47,-0.6160060158261823,-0.8745504925821288
44,1574406000,50,250,200,300,47,-0.3911255730031774,-0.7737882211029616
44,1574412745,149,451,302,600,47,-0.2450249031436455,-0.5062777658485358
44,1574412833,247,460,213,707,47,-0.3725048993936292,-0.4108657034744572
44,1574420400,538,2824,2286,3362,47,2.5967763615750927,1.956601825527212
44,1574434800,757,1611,854,2368,47,0.5456375455079389,1.0702505171175476
44,1574449200,1021,1225,204,2246,47,-0.3853961349694702,0.9614629319807477
44,1574463600,236,472,236,708,47,-0.3395606306998132,-0.40997400195694245
44,1574478000,96,130,34,226,47,-0.6288972514020233,-0.8397741333990534
44,1574492400,24,78,54,102,47,-0.6002500612334878,-0.9503451215708828
44,1574506800,148,594,446,742,47,-0.038765133930188704,-0.37965615036144085
44,1574521200,300,1141,841,1441,47,0.5270168718983906,0.24364321038137152
44,1574535600,420,916,496,1336,47,0.032852841491150454,0.15001455104232245
44,1574550000,199,360,161,559,47,-0.4469875938318219,-0.5428375280666407
44,1574564400,122,117,0,239,47,-0.677597474688534,-0.8281820136713616
44,1574578800,30,40,10,70,47,-0.6632738796042662,-0.9788795701313548
44,1574593200,133,325,192,458,47,-0.40258444907059165,-0.6328993813356307
44,1574607600,176,527,351,703,47,-0.1748392872307331,-0.4144325095445162
44,1574622000,218,491,273,709,47,-0.2865633288880222,-0.40908230043942767
44,1574636400,95,232,137,327,47,-0.4813642220340647,-0.7497122801300633
44,1574650800,52,73,21,125,47,-0.6475179250115716,-0.9298359866680435
44,1574665200,37,231,194,268,47,-0.39971973005373806,-0.8023226696634338
44,1574667238,47,83,36,130,47,-0.6260325323851699,-0.9253774790804696
44,1574667329,27,93,66,120,47,-0.5830617471323664,-0.9342944942556172
44,1574668268,19,87,68,106,47,-0.5801970281155128,-0.9467783155008237
44,1574679600,532,2850,2318,3382,47,2.6426118658447497,1.974435855877507
44,1574694000,546,1695,1149,2241,47,0.96818360049384,0.9570044243931739
44,1574708400,1105,1303,198,2408,47,-0.39399029202003094,1.1059185778181377
44,1574722800,330,432,102,762,47,-0.5314968048290022,-0.3618221200111458
44,1574737200,70,90,20,160,48,-0.6394971853240388,-0.7935153828931027
44,1574751600,44,243,199,287,48,-0.3278930736339666,-0.6609355535320437
44,1574766000,571,3026,2455,3597,48,3.599363216716888,2.7944914951695736
44,1574780400,620,1822,1202,2442,48,1.418134434886382,1.5887458029489188
44,1574794800,1198,1393,195,2591,48,-0.3348562940069291,1.7442922169237045
44,1574809200,317,431,114,748,48,-0.4758615065594199,-0.17968121230804193
44,1574823600,67,79,12,146,48,-0.6534236260699638,-0.808130482192747
44,1574838000,41,235,194,276,48,-0.3365970991001697,-0.6724188458389071
44,1574852400,462,2458,1996,2920,48,2.80033367891944,2.0877470504653455
44,1574866800,736,1428,692,2164,48,0.5303238373336624,1.2985316882845532
44,1574881200,808,1045,237,1853,48,-0.2617424800908228,0.9738676966995978
44,1574895600,169,350,181,519,48,-0.3592275653122979,-0.41874247942365234
44,1574910000,45,93,48,138,48,-0.5907546427133012,-0.8164819675068294
44,1574924400,13,52,39,65,48,-0.6064218885524669,-0.8926892709978319
44,1574938800,86,292,206,378,48,-0.3157074379812822,-0.5659374080843557
44,1574953200,210,658,448,868,48,0.10556739458294949,-0.05440893259680504
44,1574967600,247,458,211,705,48,-0.30700341251507907,-0.22457044587123515
44,1574982000,60,169,109,229,48,-0.484565532025623,-0.7214838220591415
44,1574996400,33,71,38,104,48,-0.6081626936457075,-0.85197578009168
44,1575010800,17,124,107,141,48,-0.48804714221210427,-0.8133501605140485
44,1575025200,192,1206,1014,1398,48,1.0908630773571442,0.4988769694611579
44,1575039600,371,1197,826,1568,48,0.7635917198279064,0.6763460323854101
44,1575054000,557,763,206,1320,48,-0.3157074379812822,0.41744998764885394
44,1575068400,133,285,152,418,48,-0.40971091301627605,-0.5241799815139434
44,1575082800,47,73,26,120,48,-0.6290523547645951,-0.835272809463515
44,1575097200,24,56,32,80,48,-0.6186075242051513,-0.8770302360339273
44,1575111600,95,472,377,567,48,-0.018029767037135023,-0.3686335675391576
44,1575126000,277,967,690,1244,48,0.5268422271471812,0.33811087716507054
44,1575140400,382,741,359,1123,48,-0.049364258715466305,0.21179466178957335
44,1575154800,117,335,218,452,48,-0.2948177768623947,-0.48868616892909295
44,1575169200,61,89,28,150,48,-0.6255707445781138,-0.8039547395357057
44,1575183600,17,42,25,59,48,-0.6307931598578357,-0.8989528849833938
44,1575198000,103,296,193,399,48,-0.33833790419341037,-0.5440147591348893
44,1575212400,166,435,269,601,48,-0.2060367171071227,-0.33313975495430714
44,1575226800,244,333,89,577,48,-0.5193816338904356,-0.3581942108965545
44,1575241200,91,142,51,233,48,-0.5855322274335794,-0.7173080794021003
44,1575255600,36,46,10,82,48,-0.656905236256445,-0.8749423647054066
44,1575270000,47,242,195,289,48,-0.3348562940069291,-0.6588476822035231
44,1575284400,583,2748,2165,3331,48,3.094529739677106,2.516804608476332
44,1575298800,589,1094,505,1683,48,0.2047932848976652,0.7963986337753455
44,1575313200,1285,811,0,2096,48,-0.6743132871888513,1.2275440631148524
44,1575327600,194,330,136,524,48,-0.4375637945081261,-0.4135228011023508
44,1575342000,54,106,52,160,49,-0.499078822116816,-0.9043537183335932
44,1575356400,47,320,273,367,49,-0.18248350482553913,-0.7267183520848293
44,1575370800,501,3122,2621,3623,49,3.181162671644678,2.0673915634029747
44,1575385200,721,1425,704,2146,49,0.4349489917922904,0.7999160274154175
44,1575399600,1629,979,0,2608,49,-0.5735718379500576,1.1963775694778762
44,1575414000,430,337,0,767,49,-0.5735718379500576,-0.38346160571040616
44,1575428400,95,83,0,178,49,-0.5735718379500576,-0.8889071647467441
44,1575442800,48,272,224,320,49,-0.2526788466684014,-0.767051019783824
44,1575457200,617,2902,2285,3519,49,2.6998231847221943,1.9781448093456246
44,1575471600,698,1360,662,2058,49,0.37478155592697987,0.7243995432130445
44,1575486000,1531,967,0,2498,49,-0.5735718379500576,1.1019819642249098
44,1575500400,439,363,0,802,49,-0.5735718379500576,-0.3534266404026441
44,1575504690,31,6,0,37,49,-0.5735718379500576,-1.0099051678437283
44,1575504768,2,0,0,2,49,-0.5735718379500576,-1.0399401331514904
44,1575504848,0,1,1,1,49,-0.5721392799532645,-1.0407982750174263
44,1575504928,0,0,0,0,49,-0.5735718379500576,-1.0416564168833624
44,1575505009,1,0,0,1,49,-0.5735718379500576,-1.0407982750174263
44,1575514800,99,112,13,211,49,-0.5549485839917472,-0.8605884831708542
44,1575529200,56,245,189,301,49,-0.3028183765561602,-0.7833557152366091
44,1575543600,606,2866,2260,3472,49,2.6640092348023665,1.9378121416466298
44,1575558000,704,1512,808,2216,49,0.5839350234587737,0.8599859580309415
44,1575572400,1601,1077,0,2678,49,-0.5735718379500576,1.2564475000934001
44,1575586800,453,432,0,885,49,-0.5735718379500576,-0.28220086552995133
44,1575601200,113,89,0,202,49,-0.5735718379500576,-0.8683117599642788
44,1575615600,61,226,165,287,49,-0.3371997684791948,-0.7953697013597139
44,1575630000,839,2837,1998,3676,49,2.288679039642572,2.1128730822975856
44,1575644400,875,1734,859,2609,49,0.6569954812952221,1.1972357113438121
44,1575658800,1649,1112,0,2761,49,-0.5735718379500576,1.3276732749660929
44,1575673200,510,461,0,971,49,-0.5735718379500576,-0.20840066505945037
44,1575687600,197,192,0,389,49,-0.5735718379500576,-0.707839231034236
44,1575702000,46,79,33,125,49,-0.5262974240558851,-0.9343886836413552
44,1575716400,171,663,492,834,49,0.1312466964721515,-0.3259661006926903
44,1575730800,406,1092,686,1498,49,0.40916294785001445,0.24384009828885206
44,1575745200,505,869,364,1374,49,-0.0521207271173663,0.13743050691278091
44,1575759600,356,373,17,729,49,-0.5492183520045748,-0.41607099661597635
44,1575774000,189,141,0,330,49,-0.5735718379500576,-0.7584696011244634
44,1575788400,37,65,28,102,49,-0.5334602140398506,-0.9541259465578845
44,1575802800,218,513,295,731,49,-0.15096722889609077,-0.41435471288410425
44,1575817200,493,954,461,1447,49,0.08683739857156517,0.2000748631261131
44,1575831600,576,577,1,1153,49,-0.5721392799532645,-0.05221884545908786
44,1575846000,142,273,131,415,49,-0.3859067403701605,-0.6855275425198984
44,1575860400,49,65,16,114,49,-0.5506509100013679,-0.9438282441666519
44,1575874800,42,208,166,250,49,-0.3357672104824017,-0.827120950399348
44,1575889200,502,2715,2213,3217,49,2.5966790089530907,1.7189859658329354
44,1575903600,615,1416,801,2031,49,0.5739071174812219,0.7012297128327708
44,1575918000,1391,923,0,2314,49,-0.5735718379500576,0.9440838608926752
44,1575932400,351,291,0,642,49,-0.5735718379500576,-0.4907293389524134
44,1575946800,84,66,0,150,50,-0.6120695567941143,-0.83159080703978
44,1575961200,49,249,200,298,50,-0.32749193135515475,-0.7046251395458794
44,1575975600,605,2944,2339,3549,50,2.716065772714518,2.0843301646613552
44,1575990000,698,1555,857,2253,50,0.6073455682118276,0.9725226979580097
44,1576004400,1480,1082,0,2562,50,-0.6120695567941143,1.237606422658113
44,1576018800,374,426,52,800,50,-0.5380793741799849,-0.2739713214246762
44,1576033200,101,102,1,203,50,-0.6106466686669195,-0.7861233720588561
44,1576047600,56,241,185,297,50,-0.34883525326307674,-0.705483015677595
44,1576062000,582,2967,2385,3549,50,2.7815186265654788,2.0843301646613552
44,1576076400,645,1566,921,2211,50,0.6984104083522946,0.9364919004259569
44,1576090800,1191,1298,107,2489,50,-0.45982052718427097,1.1749814650428783
44,1576105200,437,436,0,873,50,-0.6120695567941143,-0.2113463638094414
44,1576119600,101,104,3,205,50,-0.60780089241253,-0.7844076197954251
44,1576134000,47,245,198,292,50,-0.33033770760954434,-0.7097723963361726
44,1576148400,556,2874,2318,3430,50,2.6861851220434274,1.9822429049872057
44,1576162800,725,1790,1065,2515,50,0.9033062986683454,1.1972862444674823
44,1576177200,1315,1485,170,2800,50,-0.3701785751709987,1.4417809420064125
44,1576191600,408,512,104,920,50,-0.4640891915658554,-0.17102618561881083
44,1576206000,111,104,0,215,50,-0.6120695567941143,-0.7758288584782695
44,1576220400,42,226,184,268,50,-0.3502581413902715,-0.7303614234973457
44,1576234800,518,2913,2395,3431,50,2.7957475078374268,1.9831007811189212
44,1576249200,712,1678,966,2390,50,0.7624403740760605,1.0900517280030393
44,1576263600,1140,1186,46,2326,50,-0.5466167029431537,1.0351476555732444
44,1576278000,257,456,199,713,50,-0.3289148194823496,-0.3486065448839285
44,1576292400,107,111,4,218,50,-0.6063780042853352,-0.7732552300831229
44,1576306800,19,72,53,91,50,-0.53665648605279,-0.8822054988109971
44,1576321200,131,520,389,651,50,-0.058566075315337925,-0.40179486505029227
44,1576335600,400,982,582,1382,50,0.2160513332332581,0.22531258723377065
44,1576350000,371,830,459,1201,50,0.04103609358829794,0.07003700739325712
44,1576364400,211,446,235,657,50,-0.27769084690333684,-0.396647608259999
44,1576378800,103,135,32,238,50,-0.5665371367238808,-0.756097707448812
44,1576386353,10,7,0,17,50,-0.6120695567941143,-0.9456883325579474
44,1576386416,0,0,0,0,50,-0.6120695567941143,-0.9602722267971115
44,1576386496,0,0,0,0,50,-0.6120695567941143,-0.9602722267971115
44,1576386577,0,0,0,0,50,-0.6120695567941143,-0.9602722267971115
44,1576386657,0,0,0,0,50,-0.6120695567941143,-0.9602722267971115
44,1576386755,1,0,0,1,50,-0.6120695567941143,-0.959414350665396
44,1576386834,0,0,0,0,50,-0.6120695567941143,-0.9602722267971115
44,1576386915,0,0,0,0,50,-0.6120695567941143,-0.9602722267971115
44,1576393200,22,46,24,68,50,-0.5779202417414392,-0.9019366498404546
44,1576407600,107,476,369,583,50,-0.08702383785923389,-0.46013044200694925
44,1576422000,354,1094,740,1448,50,0.4408676573300362,0.2819324119269966
44,1576436400,385,730,345,1115,50,-0.12117315291190904,-0.0037403399342796875
44,1576450800,169,274,105,443,50,-0.46266630343866055,-0.5802331004471255
44,1576465200,67,69,2,136,50,-0.6092237805397248,-0.8436010728837976
44,1576479600,46,256,210,302,50,-0.31326305008320676,-0.7011936350190172
44,1576494000,507,2841,2334,3348,50,2.708951332078544,1.911897062186531
44,1576508400,655,1502,847,2157,50,0.5931166869398796,0.8901665893133175
44,1576522800,1193,1230,37,2423,50,-0.5594226960879068,1.1183616403496524
44,1576537200,352,398,46,750,50,-0.5466167029431537,-0.31686512801045336
44,1576551600,83,88,5,171,51,-0.6995310967557192,-0.975266250965813
44,1576566000,43,228,185,271,51,-0.43074049490193334,-0.8861368853837164
44,1576580400,540,2732,2192,3272,51,2.566274715767779,1.7886353757350033
44,1576594800,607,1289,682,1896,51,0.3114202224387977,0.5622153053253537
44,1576609200,1147,1148,1,2295,51,-0.7055042212413589,0.9178414739979193
44,1576623600,335,403,68,738,51,-0.6054543861068942,-0.4699027481153252
44,1576638000,81,98,17,179,51,-0.6816117232988002,-0.9681359017192454
44,1576652400,48,257,209,305,51,-0.39490174798809524,-0.8558329010858036
44,1576666800,542,2874,2332,3416,51,2.775334072765168,1.9169816621732223
44,1576681200,636,1623,987,2259,51,0.7668709644688237,0.8857549023883644
44,1576695600,1700,1249,0,2949,51,-0.7069975023627688,1.5007475249048312
44,1576710000,681,409,0,1090,51,-0.7069975023627688,-0.15616738126634508
44,1576724400,160,110,0,270,51,-0.7069975023627688,-0.8870281790395373
44,1576738800,54,243,189,297,51,-0.42476737041629364,-0.8629632503323713
44,1576753200,797,2689,1892,3486,51,2.1182903793448027,1.97937221808069
44,1576767600,710,1596,886,2306,51,0.6160495712064217,0.9276457042119499
44,1576782000,1150,1239,89,2389,51,-0.5740954825572858,1.00162307764509
44,1576796400,492,422,0,914,51,-0.7069975023627688,-0.31303506469083514
44,1576810800,146,106,0,252,51,-0.7069975023627688,-0.9030714648443148
44,1576825200,54,209,155,263,51,-0.47553892854423097,-0.8932672346302841
44,1576839600,700,2797,2097,3497,51,2.4244130092338367,1.9891764482947207
44,1576854000,724,1762,1038,2486,51,0.8430283016607297,1.0880785622597238
44,1576868400,976,1237,261,2213,51,-0.3172511296747793,0.8447553942206
44,1576882800,225,443,218,668,51,-0.3814622178954059,-0.5322933040227928
44,1576897200,98,121,23,219,51,-0.6726520365703407,-0.9324841554864066
44,1576911600,17,57,40,74,51,-0.647266257506372,-1.0617217355804467
44,1576926000,133,424,291,557,51,-0.2724526960324817,-0.6312268998189201
44,1576940400,264,860,596,1124,51,0.1829980459975444,-0.1258633969684322
44,1576954800,370,646,276,1016,51,-0.2948519128536305,-0.22212311179709657
44,1576969200,152,275,123,427,51,-0.5233239244293485,-0.7470950750756457
44,1576983600,63,104,41,167,51,-0.645772976384962,-0.9788314255890969
44,1576998000,16,55,39,71,51,-0.6487595386277819,-1.0643956165479096
44,1577012400,89,375,286,464,51,-0.27991910163953126,-0.7141172098102699
44,1577026800,268,913,645,1181,51,0.25616882094663057,-0.07505965858663714
44,1577041200,406,664,258,1070,51,-0.32173097303900905,-0.1739932543827644
44,1577055600,196,274,78,470,51,-0.590521574892795,-0.7087694478753441
44,1577070000,95,88,0,183,51,-0.7069975023627688,-0.9645707270959615
44,1577084400,33,258,225,291,51,-0.3710092500455365,-0.8683110122672971
44,1577098800,462,2410,1948,2872,51,2.2019141221437586,1.4321179134066169
44,1577113200,591,1800,1209,2391,51,1.0983793734218263,1.003405664956732
44,1577127600,1017,1195,178,2212,51,-0.4411934627518028,0.843864100564779
44,1577142000,171,297,126,468,51,-0.5188440810651187,-0.7105520351869861
44,1577156400,69,62,0,131,52,-0.8796843612655524,-1.0333853188301403
44,1577170800,34,183,149,217,52,-0.5768297087301124,-0.9278115279047625
44,1577185200,274,1632,1358,1906,52,1.8805613980842963,1.1456086217808572
44,1577199600,621,1077,456,1698,52,0.047172830386532416,0.8902673600078501
44,1577214000,771,766,0,1537,52,-0.8796843612655524,0.6926234025777821
44,1577228400,105,281,176,386,52,-0.5219500065928179,-0.7203467527141942
44,1577242800,55,65,10,120,52,-0.8593585456591469,-1.0468889432508282
44,1577257200,11,27,16,38,52,-0.8471630562953038,-1.147552325295956
44,1577271600,66,341,275,407,52,-0.3207244320894047,-0.6945671060928811
44,1577286000,284,1062,778,1346,52,0.7016640929127852,0.4581513785458382
44,1577300400,436,842,406,1278,52,-0.05445624764549442,0.37467442758158587
44,1577314800,93,203,110,296,52,-0.6561003895950933,-0.8308309525198223
44,1577329200,35,60,25,95,52,-0.8288698222495389,-1.0775789987523916
44,1577343600,24,176,152,200,52,-0.5707319640481907,-0.9486807656458256
44,1577358000,255,1620,1365,1875,52,1.89478946900878,1.1075529529589185
44,1577372400,420,1537,1117,1957,52,1.3907092419699272,1.2082163350040462
44,1577386800,848,1151,303,1999,52,-0.2638121483914697,1.259775628246673
44,1577401200,153,329,176,482,52,-0.5219500065928179,-0.6024969395881911
44,1577415600,66,83,17,149,52,-0.8451304747346632,-1.0112884788690149
44,1577430000,24,180,156,204,52,-0.5626016378056286,-0.9437703567655754
44,1577444400,265,1848,1583,2113,52,2.337892249228417,1.3997222813338017
44,1577458800,507,1668,1161,2175,52,1.4801428306381108,1.4758336189776788
44,1577473200,865,1279,414,2144,52,-0.038195595160370126,1.4377779501557404
44,1577487600,205,389,184,594,52,-0.5056893541076936,-0.46500549094118726
