remote_unit_id,time_stamp,entries,exits,num_people_exited,sum_exit_entry,week_num,z_score_num_people_exited,z_score_sum_exit_entry
48,1546300800,0,0,0,0,1,-0.4631413429863131,-0.8470602173059
48,1546315200,109,138,29,247,1,-0.4103885794949053,-0.570266488480685
48,1546329600,43,153,110,196,1,-0.2630446538809732,-0.6274182300599803
48,1546344000,118,225,107,343,1,-0.26850183631111885,-0.4626867396255407
48,1546358400,195,320,125,515,1,-0.23575874173024505,-0.26993968959340714
48,1546372800,229,278,49,507,1,-0.3740073632939344,-0.2789046686646692
48,1546387200,219,173,0,392,1,-0.4631413429863131,-0.4077762428140608
48,1546401600,33,26,0,59,1,-0.4631413429863131,-0.7809434966553426
48,1546416000,61,931,870,992,1,1.1194415617559204,0.264597187530591
48,1546430400,272,1980,1708,2252,1,2.6438145205766004,1.67658139125436
48,1546444800,597,515,0,1112,1,-0.4631413429863131,0.3990718735995214
48,1546459200,2302,237,0,2539,1,-0.4631413429863131,1.998200015435885
48,1546473600,482,159,0,641,1,-0.4631413429863131,-0.12874126922103027
48,1546488000,33,17,0,50,1,-0.4631413429863131,-0.7910290981105124
48,1546502400,69,936,867,1005,1,1.1139843793257749,0.27916527852139184
48,1546516800,236,2222,1986,2458,1,3.1495134257700954,1.907429602339357
48,1546531200,649,587,0,1236,1,-0.4631413429863131,0.5380290492040828
48,1546545600,2431,204,0,2635,1,-0.4631413429863131,2.105779764291029
48,1546560000,556,197,0,753,1,-0.4631413429863131,-0.003231562223361922
48,1546574400,2,1,0,3,1,-0.4631413429863131,-0.8436983501541767
48,1546588800,67,847,780,914,1,0.9557260888515514,0.17718864158578632
48,1546601718,243,1848,1605,2091,1,2.4564512571416004,1.4961611874452116
48,1546603200,33,82,49,115,1,-0.3740073632939344,-0.7181886431565083
48,1546617600,656,554,0,1210,1,-0.4631413429863131,0.5088928672224812
48,1546632000,2146,257,0,2403,1,-0.4631413429863131,1.8457953712244306
48,1546646400,524,203,0,727,1,-0.4631413429863131,-0.0323677442049635
48,1546660800,21,17,0,38,1,-0.4631413429863131,-0.8044765667174053
48,1546675200,1,0,0,1,1,-0.4631413429863131,-0.8459395949219922
48,1546689600,0,0,0,0,1,-0.4631413429863131,-0.8470602173059
48,1546704000,0,0,0,0,1,-0.4631413429863131,-0.8470602173059
48,1546718400,2,1,0,3,1,-0.4631413429863131,-0.8436983501541767
48,1546732800,1,3,2,4,1,-0.45950322136621596,-0.842577727770269
48,1546747200,0,0,0,0,1,-0.4631413429863131,-0.8470602173059
48,1546761600,0,0,0,0,1,-0.4631413429863131,-0.8470602173059
48,1546776000,1,1,0,2,1,-0.4631413429863131,-0.8448189725380845
48,1546790400,2,1,0,3,1,-0.4631413429863131,-0.8436983501541767
48,1546804800,3,3,0,6,1,-0.4631413429863131,-0.8403364830024534
48,1546819200,1,1,0,2,1,-0.4631413429863131,-0.8448189725380845
48,1546833600,1,2,1,3,1,-0.46132228217626453,-0.8436983501541767
48,1546848000,78,840,762,918,1,0.9229829942706776,0.18167113112141733
48,1546862400,239,2137,1898,2376,1,2.9894360744858237,1.8155385668589212
48,1546876800,620,496,0,1116,1,-0.4631413429863131,0.4035543631351524
48,1546891200,2406,230,0,2636,1,-0.4631413429863131,2.106900386674937
48,1546905600,530,140,0,670,2,-0.5116685804439094,-0.31979475730254064
48,1546920000,1,1,0,2,2,-0.5116685804439094,-0.9592019487848725
48,1546934400,66,1007,941,1073,2,0.8978362384244386,0.06595538965461467
48,1546948800,251,2271,2020,2522,2,2.5140484589971774,1.4529329651903915
48,1546963200,674,579,0,1253,2,-0.5116685804439094,0.23825074065284782
48,1546977600,2822,190,0,3012,2,-0.5116685804439094,1.9219591984633595
48,1546992000,665,180,0,845,2,-0.5116685804439094,-0.15228538827648067
48,1547006400,2,3,1,5,2,-0.5101707007214138,-0.9563303596015686
48,1547020800,71,871,800,942,2,0.6866351975525607,-0.05943733801632168
48,1547035200,275,2267,1992,2542,2,2.472107826767301,1.4720768930790842
48,1547049600,655,521,0,1176,2,-0.5116685804439094,0.16454661828138142
48,1547064000,2640,260,0,2900,2,-0.5116685804439094,1.8147532022866812
48,1547078400,632,173,0,805,2,-0.5116685804439094,-0.1905732440538658
48,1547092800,0,2,2,2,2,-0.5086728209989182,-0.9592019487848725
48,1547107200,83,926,843,1009,2,0.7510440256198709,0.0046948204107984375
48,1547121600,258,2120,1862,2378,2,2.2773834628428746,1.315096684391805
48,1547136000,642,612,0,1254,2,-0.5116685804439094,0.23920793704728244
48,1547150400,2699,215,0,2914,2,-0.5116685804439094,1.828153951808766
48,1547164800,596,162,0,758,2,-0.5116685804439094,-0.23556147459229335
48,1547179200,17,3,0,20,2,-0.5116685804439094,-0.9419724136850492
48,1547193600,67,854,787,921,2,0.6671627611601181,-0.07953846229944889
48,1547208000,289,2037,1748,2326,2,2.1066251744783777,1.2653224718812044
48,1547222400,952,483,0,1435,2,-0.5116685804439094,0.4124604844399502
48,1547236800,2218,227,0,2445,2,-0.5116685804439094,1.3792288428189252
48,1547251200,566,248,0,814,2,-0.5116685804439094,-0.18195847650395414
48,1547265600,19,5,0,24,2,-0.5116685804439094,-0.9381436281073108
48,1547280000,0,1,1,1,2,-0.5101707007214138,-0.9601591451793072
48,1547294400,1,1,0,2,2,-0.5116685804439094,-0.9592019487848725
48,1547308800,1,3,2,4,2,-0.5086728209989182,-0.9572875559960033
48,1547323200,0,1,1,1,2,-0.5101707007214138,-0.9601591451793072
48,1547337600,3,7,4,10,2,-0.505677061553927,-0.9515443776293956
48,1547352000,2,5,3,7,2,-0.5071749412764226,-0.9544159668126995
48,1547366400,3,2,0,5,2,-0.5116685804439094,-0.9563303596015686
48,1547380800,5,5,0,10,2,-0.5116685804439094,-0.9515443776293956
48,1547395200,4,2,0,6,2,-0.5116685804439094,-0.9553731632071341
48,1547409600,2,2,0,4,2,-0.5116685804439094,-0.9572875559960033
48,1547424000,0,1,1,1,2,-0.5101707007214138,-0.9601591451793072
48,1547438400,1,3,2,4,2,-0.5086728209989182,-0.9572875559960033
48,1547452800,79,1188,1109,1267,2,1.1494800318036973,0.2516514901749326
48,1547467200,290,2518,2228,2808,2,2.8256074412762597,1.7266911339986952
48,1547481600,598,582,0,1180,2,-0.5116685804439094,0.16837540385911992
48,1547496000,2610,205,0,2815,2,-0.5116685804439094,1.7333915087597378
48,1547510400,580,169,0,749,3,-0.5009476150818085,-0.13875887122071653
48,1547524800,5,3,0,8,3,-0.5009476150818085,-0.9426407755638176
48,1547539200,69,946,877,1015,3,1.0635686180810993,0.14981412008193515
48,1547553600,288,2158,1870,2446,3,2.8350220040910963,1.7022500244206364
48,1547568000,626,608,0,1234,3,-0.5009476150818085,0.3873986505153213
48,1547582400,2664,212,0,2876,3,-0.5009476150818085,2.168740198330938
48,1547596800,578,193,0,771,3,-0.5009476150818085,-0.11489193209042203
48,1547611200,2,2,0,4,3,-0.5009476150818085,-0.946980219042053
48,1547625600,75,888,813,963,3,0.9493963958206362,0.09340135486487541
48,1547640000,304,2001,1697,2305,3,2.526400215793282,1.5492846418128399
48,1547654400,663,608,0,1271,3,-0.5009476150818085,0.4275385026889984
48,1547668800,2631,212,0,2843,3,-0.5009476150818085,2.1329397896354965
48,1547683200,615,199,0,814,3,-0.5009476150818085,-0.06824291469939187
48,1547697600,3,4,1,7,3,-0.49916367410898876,-0.9437256364333765
48,1547712000,81,883,802,964,3,0.9297730451196191,0.09448621573443426
48,1547726400,297,2281,1984,2578,3,3.0383912749925464,1.8454516592024035
48,1547740800,683,609,0,1292,3,-0.5009476150818085,0.45032058094973404
48,1547755200,2210,233,0,2443,3,-0.5009476150818085,1.69899544181196
48,1547769600,503,183,0,686,3,-0.5009476150818085,-0.2071051060029235
48,1547784000,2,2,0,4,3,-0.5009476150818085,-0.946980219042053
48,1547798400,72,917,845,989,3,1.0064825069508678,0.12160773747340528
48,1547812800,353,1918,1565,2271,3,2.2909200073810774,1.5123993722478393
48,1547827200,720,548,0,1268,3,-0.5009476150818085,0.4242839200803219
48,1547841600,2050,212,0,2262,3,-0.5009476150818085,1.5026356244218098
48,1547856000,605,168,0,773,3,-0.5009476150818085,-0.11272221035130435
48,1547870400,18,2,0,20,3,-0.5009476150818085,-0.9296224451291115
48,1547884800,2,0,0,2,3,-0.5009476150818085,-0.9491499407811707
48,1547899200,0,0,0,0,3,-0.5009476150818085,-0.9513196625202883
48,1547913600,3,4,1,7,3,-0.49916367410898876,-0.9437256364333765
48,1547928000,1,3,2,4,3,-0.49737973313616907,-0.946980219042053
48,1547942400,6,8,2,14,3,-0.49737973313616907,-0.9361316103464645
48,1547956800,4,0,0,4,3,-0.5009476150818085,-0.946980219042053
48,1547971200,1,5,4,6,3,-0.49381185119052956,-0.9448104973029353
48,1547985600,5,1,0,6,3,-0.5009476150818085,-0.9448104973029353
48,1548000000,5,3,0,8,3,-0.5009476150818085,-0.9426407755638176
48,1548014400,0,0,0,0,3,-0.5009476150818085,-0.9513196625202883
48,1548028800,1,1,0,2,3,-0.5009476150818085,-0.9491499407811707
48,1548043200,0,1,1,1,3,-0.49916367410898876,-0.9502348016507295
48,1548057600,34,505,471,539,3,0.33928858311628685,-0.3665796538280731
48,1548072000,145,1004,859,1149,3,1.0314576805703441,0.2951854766028198
48,1548086400,449,371,0,820,3,-0.5009476150818085,-0.06173374948203882
48,1548100800,1237,175,0,1412,3,-0.5009476150818085,0.580503885296795
48,1548115200,365,112,0,477,4,-0.5174582398659512,-0.48585329562295254
48,1548129600,4,1,0,5,4,-0.5174582398659512,-0.9550444361349074
48,1548144000,75,905,830,980,4,0.8227047795788525,0.014153364710762105
48,1548158400,330,2204,1874,2534,4,2.508403806446774,1.5589055519047832
48,1548172800,850,494,0,1344,4,-0.5174582398659512,0.3759872103598121
48,1548187200,2568,102,0,2670,4,-0.5174582398659512,1.6940962195099227
48,1548201600,504,132,0,636,4,-0.5174582398659512,-0.3277995004081203
48,1548216000,2,3,1,5,4,-0.5158435856256562,-0.9550444361349074
48,1548230400,67,914,847,981,4,0.8501539016638665,0.015147413737270484
48,1548244800,271,2145,1874,2416,4,2.508403806446774,1.4416077667767944
48,1548259200,683,608,0,1291,4,-0.5174582398659512,0.323302611954868
48,1548273600,2633,205,0,2838,4,-0.5174582398659512,1.8610964559633303
48,1548288000,418,121,0,539,4,-0.5174582398659512,-0.424222255979433
48,1548302400,4,16,12,20,4,-0.4980823889824118,-0.9401337007372818
48,1548316800,65,974,909,1039,4,0.950262464562153,0.07280225727475646
48,1548331200,347,2253,1906,2600,4,2.5600727421362124,1.6245127876543362
48,1548345600,639,590,0,1229,4,-0.5174582398659512,0.26167157231134847
48,1548360000,2479,225,0,2704,4,-0.5174582398659512,1.7278938864112077
48,1548374400,641,181,0,822,4,-0.5174582398659512,-0.1429063814775618
48,1548388800,8,6,0,14,4,-0.5174582398659512,-0.9460979948963321
48,1548403200,101,895,794,996,4,0.7645772269282345,0.03005814913489617
48,1548417600,385,1947,1562,2332,4,2.0046316834747517,1.3581076485500905
48,1548432000,885,541,0,1426,4,-0.5174582398659512,0.45749923053349917
48,1548446400,2359,244,0,2603,4,-0.5174582398659512,1.6274949347338612
48,1548460800,595,161,0,756,4,-0.5174582398659512,-0.2085136172271148
48,1548475200,16,17,1,33,4,-0.5158435856256562,-0.9272110633926729
48,1548489600,2,1,0,3,4,-0.5174582398659512,-0.9570325341879242
48,1548504000,2,3,1,5,4,-0.5158435856256562,-0.9550444361349074
48,1548518400,0,3,3,3,4,-0.5126142771450664,-0.9570325341879242
48,1548532800,0,1,1,1,4,-0.5158435856256562,-0.959020632240941
48,1548547200,1,0,0,1,4,-0.5174582398659512,-0.959020632240941
48,1548561600,0,0,0,0,4,-0.5174582398659512,-0.9600146812674494
48,1548576000,0,0,0,0,4,-0.5174582398659512,-0.9600146812674494
48,1548590400,0,0,0,0,4,-0.5174582398659512,-0.9600146812674494
48,1548604800,0,0,0,0,4,-0.5174582398659512,-0.9600146812674494
48,1548619200,1,0,0,1,4,-0.5174582398659512,-0.959020632240941
48,1548633600,1,0,0,1,4,-0.5174582398659512,-0.959020632240941
48,1548648000,0,0,0,0,4,-0.5174582398659512,-0.9600146812674494
48,1548662400,101,1067,966,1168,4,1.0422977562589648,0.20103458169433736
48,1548676800,302,2181,1879,2483,4,2.516477077648249,1.508209051552856
48,1548691200,659,537,0,1196,4,-0.5174582398659512,0.22886795443657199
48,1548705600,2251,159,0,2410,4,-0.5174582398659512,1.435643472617744
48,1548720000,404,152,0,556,5,-0.5696215119412696,-0.5494940816437006
48,1548734400,2,1,0,3,5,-0.5696215119412696,-1.1912474652740417
48,1548748800,73,956,883,1029,5,0.900351586093239,-0.0005802471823059141
48,1548763200,251,2101,1850,2352,5,2.5101635745409965,1.5347537971991427
48,1548777600,626,595,0,1221,5,-0.5696215119412696,0.2222346708231651
48,1548792000,2616,221,0,2837,5,-0.5696215119412696,2.0975935640358796
48,1548806400,563,204,0,767,5,-0.5696215119412696,-0.3046297707106049
48,1548820800,0,0,0,0,5,-0.5696215119412696,-1.1947289483678771
48,1548835200,74,988,914,1062,5,0.9519587956505093,0.03771606684988442
48,1548849600,297,2223,1926,2520,5,2.6366844753910788,1.72971685045393
48,1548864000,784,565,0,1349,5,-0.5696215119412696,0.3707779494934791
48,1548878400,2522,210,0,2732,5,-0.5696215119412696,1.9757416557516374
48,1548892800,506,216,0,722,5,-0.5696215119412696,-0.3568520171181372
48,1548907200,3,0,0,3,5,-0.5696215119412696,-1.1912474652740417
48,1548921600,102,920,818,1022,5,0.7921429208925107,-0.00870370773458871
48,1548936000,351,2079,1728,2430,5,2.3070642337027065,1.6252723576388655
48,1548950400,781,456,0,1237,5,-0.5696215119412696,0.24080258065695434
48,1548964800,2065,130,0,2195,5,-0.5696215119412696,1.3525561819550858
48,1548979200,448,134,0,582,5,-0.5696215119412696,-0.5193212281637931
48,1548993600,1,1,0,2,5,-0.5696215119412696,-1.1924079596386534
48,1549008000,73,958,885,1031,5,0.9036810834840305,0.0017407415469177423
48,1549022400,320,1876,1556,2196,5,2.0207274580946253,1.3537166763196975
48,1549036800,656,501,0,1157,5,-0.5696215119412696,0.1479630314880081
48,1549051200,1679,215,0,1894,5,-0.5696215119412696,1.0032473782069256
48,1549065600,424,196,0,620,5,-0.5696215119412696,-0.47522244230854366
48,1549080000,62,47,0,109,5,-0.5696215119412696,-1.0682350626251877
48,1549094400,23,222,199,245,5,-0.2383365215575015,-0.9104078290379792
48,1549108800,121,382,261,503,5,-0.13512210244296072,-0.6110002829681276
48,1549123200,247,329,82,576,5,-0.4331121189188124,-0.5262841943514641
48,1549137600,302,273,0,575,5,-0.5696215119412696,-0.5274446887160759
48,1549152000,274,164,0,438,5,-0.5696215119412696,-0.6864324166678963
48,1549166400,44,38,0,82,5,-0.5696215119412696,-1.0995684104697072
48,1549180800,27,145,118,172,5,-0.3731811658845629,-0.9951239176546427
48,1549195200,98,324,226,422,5,-0.1933883067818144,-0.7050003265016856
48,1549209600,224,272,48,496,5,-0.48971357456227027,-0.6191237435204103
48,1549224000,229,277,48,506,5,-0.48971357456227027,-0.607518799874292
48,1549238400,218,169,0,387,5,-0.5696215119412696,-0.7456176292630996
48,1549252800,29,37,8,66,5,-0.5563035223781031,-1.1181363203034964
48,1549267200,70,1043,973,1113,5,1.0501789686788627,0.09690127944508765
48,1549281600,277,2103,1826,2380,5,2.4702096058514966,1.567247639408274
48,1549296000,558,580,22,1138,5,-0.5329970406425616,0.12591363856038335
48,1549310400,2319,193,0,2512,5,-0.5696215119412696,1.7204328955370354
48,1549324800,501,170,0,671,6,-0.567385520099521,-0.46541385007603975
48,1549339200,3,4,1,7,6,-0.5657794955784144,-1.2191134872005152
48,1549353600,67,1084,1017,1151,6,1.0659414178659017,0.07942926109827991
48,1549368000,265,2152,1887,2417,6,2.463182751228653,1.516452966820548
48,1549382400,617,503,0,1120,6,-0.567385520099521,0.04424147683493843
48,1549396800,2256,239,0,2495,6,-0.567385520099521,1.604989972386375
48,1549411200,589,230,0,819,6,-0.567385520099521,-0.29742055746395785
48,1549425600,0,1,1,1,6,-0.5657794955784144,-1.2259240260901942
48,1549440000,76,995,919,1071,6,0.9085510147974539,-0.011377924097440033
48,1549454400,288,2214,1926,2502,6,2.5258177075518105,1.6129356010910005
48,1549468800,624,548,0,1172,6,-0.567385520099521,0.10326614721215639
48,1549483200,2568,254,0,2822,6,-0.567385520099521,1.9761643418738801
48,1549497600,547,224,0,771,6,-0.567385520099521,-0.3519048685813898
48,1549512000,5,1,0,6,6,-0.567385520099521,-1.2202485770154619
48,1549526400,62,824,762,886,6,0.656405164983716,-0.2213695398625424
48,1549540800,292,2222,1930,2514,6,2.532241805636237,1.6265566788703585
48,1549555200,602,670,68,1272,6,-0.4581758526642715,0.21677512870680632
48,1549569600,2407,189,0,2596,6,-0.567385520099521,1.7196340436959714
48,1549584000,605,197,0,802,6,-0.567385520099521,-0.31671708431804835
48,1549598400,0,1,1,1,6,-0.5657794955784144,-1.2259240260901942
48,1549612800,71,928,857,999,6,0.8089774944888439,-0.09310439077358798
48,1549627200,272,2049,1777,2321,6,2.2865200539069255,1.4074843445856842
48,1549641600,713,585,0,1298,6,-0.567385520099521,0.2462874638954153
48,1549656000,2188,260,0,2448,6,-0.567385520099521,1.5516407510838894
48,1549670400,564,222,0,786,6,-0.567385520099521,-0.3348785213571923
48,1549684800,103,49,0,152,6,-0.567385520099521,-1.0545254640332729
48,1549699200,29,248,219,277,6,-0.21566614997717337,-0.9126392371649604
48,1549713600,158,476,318,634,6,-0.05666972238761895,-0.5074121732290602
48,1549728000,305,344,39,649,6,-0.5047505637763632,-0.49038582600486275
48,1549742400,381,357,0,738,6,-0.567385520099521,-0.3893628324746243
48,1549756800,276,188,0,464,6,-0.567385520099521,-0.7003774417699651
48,1549771200,61,58,0,119,6,-0.567385520099521,-1.0919834279265073
48,1549785600,36,131,95,167,6,-0.41481319059439303,-1.0374991168090755
48,1549800000,133,380,247,513,6,-0.17069746338618827,-0.6447580408375866
48,1549814400,239,287,48,526,6,-0.49029634308640374,-0.6300018732432822
48,1549828800,237,301,64,538,6,-0.464599950748698,-0.6163807954639241
48,1549843200,214,132,0,346,6,-0.567385520099521,-0.8343180399336521
48,1549857600,39,27,0,66,6,-0.567385520099521,-1.152143188118672
48,1549872000,82,948,866,1030,6,0.8234317151788035,-0.0579166065102465
48,1549886400,257,2045,1788,2302,6,2.3041863236390983,1.3859176381017007
48,1549900800,624,632,8,1256,6,-0.5545373239306681,0.19861369166766232
48,1549915200,2458,220,0,2678,6,-0.567385520099521,1.8127114085215843
48,1549929600,528,191,0,719,7,-0.5573121161430266,-0.361077973740162
48,1549944000,94,33,0,127,7,-0.5573121161430266,-1.1061271637049244
48,1549958400,78,1015,937,1093,7,1.2248005854652182,0.10961188613622508
48,1549972800,279,1840,1561,2119,7,2.4116077634839423,1.400862678203533
48,1549987200,717,495,0,1212,7,-0.5573121161430266,0.25937684155143914
48,1550001600,2220,266,0,2486,7,-0.5573121161430266,1.8627428348202015
48,1550016000,486,200,0,686,7,-0.5573121161430266,-0.40260943196454907
48,1550030400,101,22,0,123,7,-0.5573121161430266,-1.111161279853335
48,1550044800,81,873,792,954,7,0.9490200713422774,-0.06532365002104178
48,1550059200,284,2139,1855,2423,7,2.9707765300504563,1.7834555054827352
48,1550073600,688,671,0,1359,7,-0.5573121161430266,0.4443806100055271
48,1550088000,2527,222,0,2749,7,-0.5573121161430266,2.1937359715781954
48,1550102400,629,218,0,847,7,-0.5573121161430266,-0.19998625699102418
48,1550116800,108,30,0,138,7,-0.5573121161430266,-1.0922833442967954
48,1550131200,70,934,864,1004,7,1.0859593611136686,-0.0023971981659098164
48,1550145600,286,1978,1692,2264,7,2.6607611934846678,1.5833493885834156
48,1550160000,688,585,0,1273,7,-0.5573121161430266,0.3361471128147001
48,1550174400,2942,107,0,3049,7,-0.5573121161430266,2.5712946827089875
48,1550188800,711,138,0,849,7,-0.5573121161430266,-0.19746919891681888
48,1550203200,124,41,0,165,7,-0.5573121161430266,-1.058303060295024
48,1550217600,82,906,824,988,7,1.00988197790734,-0.022533662759552042
48,1550232000,279,1877,1598,2156,7,2.481979342949796,1.4474282525763305
48,1550246400,782,546,0,1328,7,-0.5573121161430266,0.40536620985534527
48,1550260800,2006,277,0,2283,7,-0.5573121161430266,1.6072614402883658
48,1550275200,527,216,0,743,7,-0.5573121161430266,-0.33087327684969864
48,1550289600,119,41,0,160,7,-0.5573121161430266,-1.0645957054805373
48,1550304000,36,240,204,276,7,-0.1693174617907513,-0.9186063371766312
48,1550318400,182,431,249,613,7,-0.08373040568363176,-0.49448205167304177
48,1550332800,329,340,11,669,7,-0.5363908357612862,-0.42400442559529394
48,1550347200,345,359,14,704,7,-0.5306850320208115,-0.3799559092967016
48,1550361600,268,205,0,473,7,-0.5573121161430266,-0.6706761168674112
48,1550376000,66,67,1,133,7,-0.5554101815628684,-1.0985759894823086
48,1550390400,26,157,131,183,7,-0.30815868614230074,-1.0356495376271766
48,1550404800,131,352,221,483,7,-0.13698457392806168,-0.6580908264963848
48,1550419200,240,301,61,541,7,-0.4412941067533756,-0.5850961423444317
48,1550433600,245,275,30,520,7,-0.5002540787382802,-0.6115252521235872
48,1550448000,217,174,0,391,7,-0.5573121161430266,-0.7738754979098277
48,1550462400,51,30,0,81,7,-0.5573121161430266,-1.1640194994116457
48,1550476800,38,498,460,536,7,0.31757779072975095,-0.591388787529945
48,1550491200,168,946,778,1114,7,0.9223929872200624,0.1360409959153805
48,1550505600,427,451,24,878,7,-0.5116656862192295,-0.16097185684084236
48,1550520000,1055,301,0,1356,7,-0.5573121161430266,0.4406050228942192
48,1550534400,425,188,0,613,8,-0.6629199657622036,-0.8077660757194804
48,1550548800,52,26,0,78,8,-0.6629199657622036,-1.4450842772825951
48,1550563200,67,1009,942,1076,8,0.8334153563176587,-0.25621780034803715
48,1550577600,266,1926,1660,2192,8,1.973934211151354,1.0732160556228714
48,1550592000,704,568,0,1272,8,-0.6629199657622036,-0.022733001270709142
48,1550606400,2251,209,0,2460,8,-0.6629199657622036,1.3924707808918708
48,1550620800,326,127,0,453,8,-0.6629199657622036,-0.9983659117009727
48,1550635200,3,5,2,8,8,-0.6597430330189342,-1.528471705524498
48,1550649600,60,892,832,952,8,0.6586840554378446,-0.40393267323369364
48,1550664000,278,1986,1708,2264,8,2.0501805969898186,1.158985981814543
48,1550678400,919,560,0,1479,8,-0.6629199657622036,0.22385553653034648
48,1550692800,2252,262,0,2514,8,-0.6629199657622036,1.4567982255356244
48,1550707200,492,216,0,708,8,-0.6629199657622036,-0.6945974231054693
48,1550721600,120,24,0,144,8,-0.6629199657622036,-1.3664618449402295
48,1550736000,74,996,922,1070,8,0.8016460288849652,-0.2633652941973431
48,1550750400,276,2000,1724,2276,8,2.0755960589359734,1.1732809695131547
48,1550764800,632,630,0,1262,8,-0.6629199657622036,-0.03464549101955241
48,1550779200,2361,297,0,2658,8,-0.6629199657622036,1.6283380779189676
48,1550793600,588,171,0,759,8,-0.6629199657622036,-0.6338437253863687
48,1550808000,136,29,0,165,8,-0.6629199657622036,-1.3414456164676587
48,1550822400,67,916,849,983,8,0.685687983755634,-0.36700395501227956
48,1550836800,350,1727,1377,2077,8,1.5243982279787416,0.9362224235111738
48,1550851200,681,549,0,1230,8,-0.6629199657622036,-0.07276545821585086
48,1550865600,2030,263,0,2293,8,-0.6629199657622036,1.1935322020861883
48,1551484800,6955,191,0,7146,9,-0.5366885533774831,3.84852279396816
48,1551499200,123,39,0,162,9,-0.5366885533774831,-0.5405717045333717
48,1551513600,36,212,176,248,9,0.003753066806835566,-0.48652500824598166
48,1551528000,155,419,264,574,9,0.27397387689899494,-0.28165032231936377
48,1551542400,309,311,2,620,9,-0.5305471713299341,-0.2527416243051784
48,1551556800,383,322,0,705,9,-0.5366885533774831,-0.19932337797461852
48,1551571200,290,222,0,512,9,-0.5366885533774831,-0.320614219642831
48,1551585600,86,53,0,139,9,-0.5366885533774831,-0.5550260535404643
48,1551600000,33,150,117,183,9,-0.1774177035958622,-0.5273742554399392
48,1551614400,141,363,222,504,9,0.14500485390046433,-0.3256418192974719
48,1551628800,217,339,122,556,9,-0.1620642484769895,-0.29296242154230584
48,1551643200,228,304,76,532,9,-0.30331603557061826,-0.3080452205062286
48,1551657600,187,140,0,327,9,-0.5366885533774831,-0.43687746165640245
48,1551672000,27,17,0,44,9,-0.5366885533774831,-0.6147287994393253
48,1551686400,64,826,762,890,9,1.8031780067387149,-0.08306013596104701
48,1551700800,268,1565,1297,1833,9,3.445997704458093,0.5095681733297527
48,1551715200,499,607,108,1106,9,-0.20505392280983303,0.052685054714258106
48,1551729600,2037,281,0,2318,9,-0.5366885533774831,0.8143664023923591
48,1551744000,557,152,0,709,10,-0.567928669970548,-0.4883949244481201
48,1551758400,90,30,0,120,10,-0.567928669970548,-1.1612945981321967
48,1551772800,82,1321,1239,1403,10,1.2103896480947616,0.30446139734602107
48,1551787200,322,2838,2516,3160,10,3.043248802388063,2.311735975721102
48,1551801600,643,560,0,1203,10,-0.567928669970548,0.0759725438030409
48,1551816000,2355,180,0,2535,10,-0.567928669970548,1.597708308399289
48,1551830400,605,179,0,784,10,-0.567928669970548,-0.40271160436950254
48,1551844800,53,11,0,64,10,-0.567928669970548,-1.2252714771242312
48,1551859200,155,1245,1090,1400,10,0.9965321586744781,0.30103406454287635
48,1551873600,295,2325,2030,2620,10,2.345700212735326,1.6948160711550553
48,1551888000,656,626,0,1282,10,-0.567928669970548,0.16622564095251807
48,1551902400,2138,156,0,2294,10,-0.567928669970548,1.3223792398799976
48,1551916800,404,183,0,587,10,-0.567928669970548,-0.627773125109338
48,1551931200,64,36,0,100,10,-0.567928669970548,-1.1841434834864948
48,1551945600,98,1098,1000,1196,10,0.8673564939239714,0.0679754339290366
48,1551960000,372,2049,1677,2421,10,1.839044549880561,1.46746966187979
48,1551974400,660,497,0,1157,10,-0.567928669970548,0.023420107488155466
48,1551988800,2151,145,0,2296,10,-0.567928669970548,1.3246641284154275
48,1552003200,455,213,0,668,10,-0.567928669970548,-0.535235139424431
48,1552017600,111,34,0,145,10,-0.567928669970548,-1.1327334914393241
48,1552032000,88,1122,1034,1210,10,0.916156189496385,0.08396965367704522
48,1552046400,299,2479,2180,2778,10,2.560992987319504,1.8753222654540096
48,1552060800,701,584,0,1285,10,-0.567928669970548,0.16965297375566277
48,1552075200,2133,253,0,2386,10,-0.567928669970548,1.4274841125097686
48,1552089600,538,224,0,762,10,-0.567928669970548,-0.42784537825923036
48,1552104000,118,57,0,175,10,-0.567928669970548,-1.0984601634078772
48,1552118400,44,258,214,302,10,-0.2607776448971209,-0.9533697414080847
48,1552132800,163,512,349,675,10,-0.06701414777136079,-0.5272380295504268
48,1552147200,346,328,0,674,10,-0.567928669970548,-0.5283804738181417
48,1552161600,375,356,0,731,10,-0.567928669970548,-0.4632611505583923
48,1552176000,276,243,0,519,10,-0.567928669970548,-0.7054593353139512
48,1552194000,72,60,0,132,10,-0.567928669970548,-1.1475852669196178
48,1552208400,32,199,167,231,10,-0.3282360476001633,-1.0344832844158427
48,1552222800,156,482,326,638,10,-0.10002570654093473,-0.569508467455878
48,1552237200,267,336,69,603,10,-0.4688939936618262,-0.6094940168258995
48,1552251600,231,235,4,466,10,-0.56218752931497,-0.766008881502841
48,1552266000,192,148,0,340,10,-0.567928669970548,-0.9099568592349185
48,1552280400,24,48,24,72,10,-0.5334818260370796,-1.2161319229825118
48,1552294800,183,1852,1669,2035,10,1.8275622685694048,1.0264861745418383
48,1552309200,284,1315,1031,1599,10,0.9118503340047015,0.5283804738181417
48,1552323600,1056,553,0,1609,10,-0.567928669970548,0.5398049164952906
48,1552338000,2164,203,0,2367,10,-0.567928669970548,1.4057776714231855
48,1552352400,349,129,0,478,11,-0.5992296013534484,-0.7632631342322959
48,1552366800,1,1,0,2,11,-0.5992296013534484,-1.3071849675660243
48,1552381200,169,1887,1718,2056,11,2.290776195300724,1.039906304844644
48,1552395600,280,1395,1115,1675,11,1.276414440130488,0.604540299592227
48,1552410000,1081,541,0,1622,11,-0.5992296013534484,0.5439775744521269
48,1552424400,2269,219,0,2488,11,-0.5992296013534484,1.5335496493828176
48,1552438800,508,149,0,657,11,-0.5992296013534484,-0.5587211002685619
48,1552453200,28,36,8,64,11,-0.5857720656297968,-1.236338006081379
48,1552467600,188,1694,1506,1882,11,1.9341514986239579,0.8410777355167685
48,1552482000,303,1528,1225,1831,11,1.4614555563306968,0.7828003962310118
48,1552496400,1120,462,0,1582,11,-0.5992296013534484,0.49826985736525903
48,1552510800,2137,215,0,2352,11,-0.5992296013534484,1.3781434112874666
48,1552525200,460,157,0,617,11,-0.5992296013534484,-0.6044288173554299
48,1552539600,32,49,17,81,11,-0.5706323379406888,-1.21691222631946
48,1552554000,179,1861,1682,2040,11,2.2302172845442922,1.0216232180098967
48,1552568400,307,1370,1063,1677,11,1.1889404579267528,0.6068256854465703
48,1552582800,1065,512,0,1577,11,-0.5992296013534484,0.4925563927294005
48,1552597200,2118,227,0,2345,11,-0.5992296013534484,1.3701445607972649
48,1552611600,473,206,0,679,11,-0.5992296013534484,-0.5335818558707845
48,1552626000,43,56,13,99,11,-0.5773611058025145,-1.1963437536303696
48,1552640400,173,1739,1566,1912,11,2.0350830165513445,0.8753585233319194
48,1552654800,286,1356,1070,1642,11,1.200715801684948,0.5668314329955609
48,1552683600,2834,782,0,3616,11,-0.5992296013534484,2.8225072712324932
48,1552698000,485,225,0,710,11,-0.5992296013534484,-0.4981583751284619
48,1552712400,51,67,16,118,11,-0.5723145299061452,-1.1746325880141073
48,1552726800,65,374,309,439,11,-0.07943228402740682,-0.8078281583919921
48,1552741200,228,462,234,690,11,-0.2055966814366402,-0.5210122336718959
48,1552755600,413,389,0,802,11,-0.5992296013534484,-0.3930306258286656
48,1552770000,345,332,0,677,11,-0.5992296013534484,-0.5358672417251279
48,1552784400,260,182,0,442,11,-0.5992296013534484,-0.804400079610477
48,1552798800,33,27,0,60,11,-0.5992296013534484,-1.2409087777900658
48,1552813200,76,240,164,316,11,-0.32335011901859134,-0.948379388434111
48,1552827600,281,410,129,691,11,-0.38222683780956695,-0.5198695407447241
48,1552842000,322,332,10,654,11,-0.5824076816988839,-0.562149179050077
48,1552856400,250,273,23,523,11,-0.5605391861479501,-0.7118419525095694
48,1552870800,212,116,0,328,11,-0.5992296013534484,-0.9346670733080505
48,1552885200,27,47,20,74,11,-0.5655857620443194,-1.224911076809662
48,1552899600,158,1894,1736,2052,11,2.3210556506789404,1.0353355331359573
48,1552914000,248,1229,981,1477,11,1.0510007167593243,0.3782871000122307
48,1552928400,1085,420,0,1505,11,-0.5992296013534484,0.4102825019730382
48,1552942800,2232,220,0,2452,11,-0.5992296013534484,1.4924127040046364
48,1552957200,471,138,0,609,12,-0.5972168146733252,-0.6364966642438481
48,1552971600,32,56,24,88,12,-0.5549982475093788,-1.3252425848740472
48,1552986000,175,1786,1611,1961,12,2.236704506206577,1.1508056096372061
48,1553000400,295,1357,1062,1652,12,1.2709547823313032,0.7423171461540362
48,1553014800,1114,528,0,1642,12,-0.5972168146733252,0.7290974547791763
48,1553029200,2236,227,0,2463,12,-0.5972168146733252,1.8144341166551716
48,1553043600,490,184,0,674,12,-0.5972168146733252,-0.550568670307259
48,1553058000,31,40,9,71,12,-0.5813848519868453,-1.3477160602113092
48,1553072400,156,1809,1653,1965,12,2.3105869987434837,1.1560934861871501
48,1553086800,293,1417,1124,1710,12,1.380019414171498,0.8189913561282235
48,1553101200,1153,454,0,1607,12,-0.5972168146733252,0.6828285349671668
48,1553115600,1830,170,0,2000,12,-0.5972168146733252,1.2023624059991598
48,1553130000,493,178,0,671,12,-0.5972168146733252,-0.5545345777197169
48,1553144400,47,43,0,90,12,-0.5972168146733252,-1.3225986465990753
48,1553158800,169,1845,1676,2014,12,2.3510464589422653,1.2208699739239635
48,1553173200,290,1544,1254,1834,12,1.6087033196428746,0.9829155291764858
48,1553187600,1098,505,0,1603,12,-0.5972168146733252,0.6775406584172229
48,1553202000,1980,198,0,2178,12,-0.5972168146733252,1.4376729124716654
48,1553216400,438,204,0,642,12,-0.5972168146733252,-0.5928716827068106
48,1553230800,46,45,0,91,12,-0.5972168146733252,-1.3212766774615894
48,1553245200,144,1408,1264,1552,12,1.6262943892945187,0.6101202324054376
48,1553259600,371,1273,902,1644,12,0.9894976679049939,0.7317413930541483
48,1553274000,1183,443,0,1626,12,-0.5972168146733252,0.7079459485794005
48,1553288400,1638,291,0,1929,12,-0.5972168146733252,1.1085025972376545
48,1553302800,494,214,0,708,12,-0.5972168146733252,-0.5056217196327354
48,1553317200,65,37,0,102,12,-0.5972168146733252,-1.3067350169492435
48,1553331600,59,389,330,448,12,-0.016711516169062118,-0.849333695379092
48,1553346000,233,379,146,612,12,-0.3403871977593179,-0.6325307568313902
48,1553360400,367,392,25,759,12,-0.5532391405442144,-0.4382012936209501
48,1553374800,338,311,0,649,12,-0.5972168146733252,-0.5836178987444086
48,1553389200,280,165,0,445,12,-0.5972168146733252,-0.8532996027915499
48,1553403600,48,24,0,72,12,-0.5972168146733252,-1.346394091073823
48,1553418000,54,227,173,281,12,-0.2928913096998782,-1.0701025413392518
48,1553432400,202,345,143,547,12,-0.3456645186548112,-0.7184587507679793
48,1553446800,248,374,126,622,12,-0.3755693370626066,-0.6193110654565303
48,1553461200,222,247,25,469,12,-0.5532391405442144,-0.8215723434918863
48,1553475600,204,116,0,320,12,-0.5972168146733252,-1.0185457449772983
48,1553490000,18,45,27,63,12,-0.5497209266138855,-1.358291813311197
48,1553504400,164,1728,1564,1892,12,2.154026478843849,1.059589739150673
48,1553518800,296,1417,1121,1713,12,1.3747420932760048,0.8229572635406814
48,1553533200,1070,433,0,1503,12,-0.5972168146733252,0.5453437446686241
48,1553547600,2034,245,0,2279,12,-0.5972168146733252,1.57119179535775
48,1553562000,421,182,0,603,13,-0.5692496372208027,-0.6600299209275599
48,1553576400,36,51,15,87,13,-0.5435875784409026,-1.3302655336321836
48,1553590800,171,1891,1720,2062,13,2.373333102874424,1.2350742630570253
48,1553605200,285,1420,1135,1705,13,1.3725128104583149,0.7713647403137102
48,1553619600,1124,440,0,1564,13,-0.5692496372208027,0.5882189624234931
48,1553634000,2084,220,0,2304,13,-0.5692496372208027,1.5494095697905892
48,1553648400,475,162,0,637,13,-0.5692496372208027,-0.6158671092377204
48,1553662800,30,46,16,76,13,-0.5418767745222425,-1.344553502120073
48,1553677200,191,1771,1580,1962,13,2.1338205542620217,1.1051836404398503
48,1553691600,270,1413,1143,1683,13,1.386199241807595,0.7427888033379316
48,1553706000,1155,519,0,1674,13,-0.5692496372208027,0.7310986473023858
48,1553720400,2172,233,0,2405,13,-0.5692496372208027,1.680599098633936
48,1553734800,761,177,0,938,13,-0.5692496372208027,-0.2248963351600232
48,1553749200,62,59,0,121,13,-0.5692496372208027,-1.286102721942344
48,1553763600,185,1779,1594,1964,13,2.1577718091232616,1.1077814528921937
48,1553778000,373,1365,992,1738,13,1.1278678500899326,0.8142286457773779
48,1553792400,1170,496,0,1666,13,-0.5692496372208027,0.7207073974930118
48,1553806800,2040,235,0,2275,13,-0.5692496372208027,1.5117412892316084
48,1553821200,551,170,0,721,13,-0.5692496372208027,-0.5067589862392933
48,1553835600,55,43,0,98,13,-0.5692496372208027,-1.3159775651442944
48,1553850000,163,1614,1451,1777,13,1.9131268487548796,0.8648859885980762
48,1553864400,316,1213,897,1529,13,0.9653414778172311,0.5427572445074819
48,1553878800,1155,431,0,1586,13,-0.5692496372208027,0.6167948993992717
48,1553893200,1695,220,0,1915,13,-0.5692496372208027,1.044135047809778
48,1553907600,577,129,0,706,13,-0.5692496372208027,-0.5262425796318695
48,1553922000,80,53,0,133,13,-0.5692496372208027,-1.2705158472282831
48,1553936400,102,421,319,523,13,-0.023503187168257833,-0.7639424190213
48,1553950800,271,288,17,559,13,-0.5401659706035825,-0.7171817948791169
48,1553965200,500,273,0,773,13,-0.5692496372208027,-0.4392158624783622
48,1553979600,327,249,0,576,13,-0.5692496372208027,-0.6951003890341972
48,1553994000,368,165,0,533,13,-0.5692496372208027,-0.7509533567595825
48,1554008400,47,37,0,84,13,-0.5692496372208027,-1.3341622523106988
48,1554022800,64,189,125,253,13,-0.3553991473883008,-1.114647100087673
48,1554037200,160,188,28,348,13,-0.5213471274983223,-0.9912510086013565
48,1554051600,307,302,0,609,13,-0.5692496372208027,-0.6522364835705294
48,1554066000,290,156,0,446,13,-0.5692496372208027,-0.8639581984365249
48,1554080400,234,128,0,362,13,-0.5692496372208027,-0.973066321434952
48,1554094800,21,51,30,72,13,-0.5179255196610023,-1.34974912702476
48,1554109200,193,1926,1733,2119,13,2.395573553817004,1.309111917948815
48,1554123600,341,1521,1180,1862,13,1.4494989867980155,0.9752930178226751
48,1554138000,1037,518,0,1555,13,-0.5692496372208027,0.5765288063879475
48,1554152400,1823,242,0,2065,13,-0.5692496372208027,1.2389709817355405
48,1554166800,495,156,0,651,14,-0.566280791609845,-0.6545949416547915
48,1554181200,40,47,7,87,14,-0.5534504469170819,-1.35986397549081
48,1554195600,194,1889,1695,2083,14,2.540495530423514,1.136088137162901
48,1554210000,390,960,570,1350,14,0.4784758476580102,0.2194884885781464
48,1554224400,1328,615,0,1943,14,-0.566280791609845,0.961021355714244
48,1554238800,1956,234,0,2190,14,-0.566280791609845,1.2698891772700889
48,1554253200,446,141,0,587,14,-0.566280791609845,-0.7346254703170347
48,1554267600,31,38,7,69,14,-0.5534504469170819,-1.382372561677066
48,1554282000,202,1701,1499,1903,14,2.181245879026146,0.911002275300342
48,1554296400,383,1601,1218,1984,14,1.6661991849309405,1.0122909131384934
48,1554310800,1172,575,0,1747,14,-0.566280791609845,0.715927861686124
48,1554325200,2030,287,0,2317,14,-0.566280791609845,1.428699757584228
48,1554339600,474,184,0,658,14,-0.566280791609845,-0.6458416025823587
48,1554354000,37,57,20,94,14,-0.5296226639162361,-1.3511106364183771
48,1554368400,208,1741,1533,1949,14,2.2435646961052815,0.9685242177763292
48,1554382800,392,1569,1177,1961,14,1.591050023159042,0.9835299419004998
48,1554397200,1360,493,0,1853,14,-0.566280791609845,0.8484784247829643
48,1554411600,2206,276,0,2482,14,-0.566280791609845,1.6350284642915738
48,1554426000,427,171,0,598,14,-0.566280791609845,-0.7208702232032117
48,1554440400,46,37,0,83,14,-0.566280791609845,-1.3648658835322003
48,1554454800,166,1585,1419,1751,14,2.0346133682517107,0.7209297697275142
48,1554469200,432,769,337,1201,14,0.05140866002746588,0.03316741403636136
48,1554483600,1420,659,0,2079,14,-0.566280791609845,1.131086229121511
48,1554498000,2021,360,0,2381,14,-0.566280791609845,1.508730286246471
48,1554512400,519,176,0,695,14,-0.566280791609845,-0.5995739531994992
48,1554526800,64,31,0,95,14,-0.566280791609845,-1.3498601594080297
48,1554541200,103,406,303,509,14,-0.010910157051669353,-0.8321626771241437
48,1554555600,331,498,167,829,14,-0.26018542536821027,-0.43201003381292746
48,1554570000,475,435,0,910,14,-0.566280791609845,-0.33072139597477584
48,1554584400,406,458,52,864,14,-0.47096965960646175,-0.3882433384507632
48,1554598800,343,264,0,607,14,-0.566280791609845,-0.7096159301100837
48,1554613200,31,36,5,67,14,-0.5571162596864428,-1.384873515697761
48,1554627600,81,257,176,338,14,-0.24368926790608625,-1.045994245893575
48,1554642000,310,386,76,696,14,-0.426979906374131,-0.5983234761891517
48,1554656400,379,412,33,791,14,-0.5057948809153903,-0.47952816020613437
48,1554670800,281,310,29,591,14,-0.5131265064541121,-0.7296235622756445
48,1554685200,241,146,0,387,14,-0.566280791609845,-0.9847208723865448
48,1554699600,19,62,43,81,14,-0.4874658170685858,-1.3673668375528953
48,1554714000,194,1773,1579,1967,14,2.327878389800582,0.9910328039625851
48,1554728400,397,1428,1031,1825,14,1.3234456909956966,0.813465068493233
48,1554742800,1224,549,0,1773,14,-0.566280791609845,0.7484402639551603
48,1554757200,1985,317,0,2302,14,-0.566280791609845,1.4099426024290147
48,1554771600,350,180,0,530,15,-0.5994286566021291,-0.743384438922318
48,1554786000,38,53,15,91,15,-0.5727119920347897,-1.286992049172564
48,1554800400,196,1829,1633,2025,15,2.309125559295545,1.1078533226360365
48,1554814800,432,1494,1062,1926,15,1.2921111947654949,0.9852629959509014
48,1554829200,1358,516,0,1874,15,-0.5994286566021291,0.9208721172880021
48,1554843600,2169,364,0,2533,15,-0.5994286566021291,1.7369026757274373
48,1554858000,456,186,0,642,15,-0.5994286566021291,-0.604696392571458
48,1554872400,36,45,9,81,15,-0.5833986578617254,-1.2993749104538908
48,1554886800,194,1773,1579,1967,15,2.2129455668531235,1.0360327272043413
48,1554901200,324,1455,1131,1779,15,1.4150078517752558,0.8032349351153977
48,1554915600,1198,588,0,1786,15,-0.5994286566021291,0.8119029380123264
48,1554930000,2060,310,0,2370,15,-0.5994286566021291,1.5350620368418106
48,1554944400,469,196,0,665,15,-0.5994286566021291,-0.5762158116244064
48,1554958800,43,53,10,96,15,-0.5816175468905694,-1.2808006185319005
48,1554973200,190,1786,1596,1976,15,2.2432244533627745,1.0471773023575353
48,1554987600,386,1409,1023,1795,15,1.2226478668904126,0.8230475131655205
48,1555002000,1334,458,0,1792,15,-0.5994286566021291,0.8193326547811225
48,1555016400,2011,270,0,2281,15,-0.5994286566021291,1.4248545714380023
48,1555030800,419,182,0,601,15,-0.5994286566021291,-0.6554661238248978
48,1555045200,50,68,18,118,15,-0.5673686591213218,-1.2535583237129815
48,1555059600,187,1862,1675,2049,15,2.383932220084095,1.1375721897112208
48,1555074000,358,1146,788,1504,15,0.8040867886687633,0.462706249878911
48,1555088400,1025,499,0,1524,15,-0.5994286566021291,0.4874719724415646
48,1555102800,1731,269,0,2000,15,-0.5994286566021291,1.0768961694327197
48,1555117200,401,232,0,633,15,-0.5994286566021291,-0.6158409677246521
48,1555131600,47,40,0,87,15,-0.5994286566021291,-1.2919451936850945
48,1555146000,73,359,286,432,15,-0.09003091885152598,-0.8647364794793205
48,1555160400,247,404,157,651,15,-0.3197942341306441,-0.5935518174182639
48,1555174800,352,358,6,710,15,-0.5887419907751933,-0.5204929358584358
48,1555189200,298,355,57,653,15,-0.4979053312462396,-0.5910752451619985
48,1555203600,264,195,0,459,15,-0.5994286566021291,-0.8313027540197382
48,1555218000,42,22,0,64,15,-0.5994286566021291,-1.3204257746321462
48,1555232400,50,218,168,268,15,-0.30020201344792863,-1.0678154044930799
48,1555246800,175,372,197,547,15,-0.24854979528440596,-0.7223335747440625
48,1555261200,233,357,124,590,15,-0.37857089617879064,-0.6690872712343573
48,1555275600,211,263,52,474,15,-0.5068108861020194,-0.812728462097748
48,1555290000,195,137,0,332,15,-0.5994286566021291,-0.9885650922925884
48,1555304400,19,52,33,71,15,-0.5406519945539825,-1.3117577717352176
48,1555318800,193,1605,1412,1798,15,1.915500034670079,0.8267623715499185
48,1555333200,335,1439,1104,1774,15,1.366917855554045,0.7970435044747343
48,1555347600,1039,533,0,1572,15,-0.5994286566021291,0.5469097065919332
48,1555362000,2093,261,0,2354,15,-0.5994286566021291,1.5152494587916878
48,1555376400,376,169,0,545,16,-0.5809145466292825,-0.6569609757546997
48,1555390800,3,5,2,8,16,-0.5767760662699526,-1.3252708330985947
48,1555405200,202,1711,1509,1913,16,2.5415688844851836,1.045549051892318
48,1555419600,346,1452,1106,1798,16,1.7076650920801937,0.9024286913810556
48,1555434000,1081,578,0,1659,16,-0.5809145466292825,0.7294397338935297
48,1555448400,2133,251,0,2384,16,-0.5809145466292825,1.6317202675514886
48,1555462800,441,177,0,618,16,-0.5809145466292825,-0.5661106599518982
48,1555477200,35,48,13,83,16,-0.5540144242936378,-1.2319314675477715
48,1555491600,196,1788,1592,1984,16,2.7133158193973776,1.1339103179470975
48,1555506000,341,1409,1068,1750,16,1.6290339652529242,0.8426914974285287
48,1555520400,1062,568,0,1630,16,-0.5809145466292825,0.6933485125472113
48,1555534800,2078,287,0,2365,16,-0.5809145466292825,1.6080742949452802
48,1555549200,452,179,0,631,16,-0.5809145466292825,-0.5499318365897555
48,1555563600,44,59,15,103,16,-0.5498759439343077,-1.207040970067552
48,1555578000,1158,1751,593,2909,16,0.646144879912055,2.285095826407252
48,1555592400,358,1396,1038,1754,16,1.5669567598629746,0.8476695969245726
48,1555606800,1137,531,0,1668,16,-0.5809145466292825,0.7406404577596285
48,1555621200,2047,258,0,2305,16,-0.5809145466292825,1.5334028025046214
48,1555635600,501,184,0,685,16,-0.5809145466292825,-0.4827274933931628
48,1555650000,48,48,0,96,16,-0.5809145466292825,-1.2157526441856288
48,1555664400,148,1198,1050,1346,16,1.5917876420189545,0.3399034483280936
48,1555678800,358,906,548,1264,16,0.5530290718271306,0.23785240865919344
48,1555693200,1359,420,0,1779,16,-0.5809145466292825,0.878782718774847
48,1555707600,1009,292,0,1301,16,-0.5809145466292825,0.28389982899759963
48,1555722000,352,191,0,543,16,-0.5809145466292825,-0.6594500255027216
48,1555736400,44,36,0,80,16,-0.5809145466292825,-1.2356650421698043
48,1555750800,61,290,229,351,16,-0.10705854548600043,-0.8983988013128293
48,1555765200,200,369,169,569,16,-0.2312129562658997,-0.6270923787784363
48,1555779600,292,330,38,622,16,-0.5022834198020131,-0.5611325604558544
48,1555794000,287,273,0,560,16,-0.5809145466292825,-0.638293102644535
48,1555808400,241,179,0,420,16,-0.5809145466292825,-0.8125265850060719
48,1555822800,33,37,4,70,16,-0.5726375859106226,-1.2481102909099142
48,1555837200,68,220,152,288,16,-0.2663900393202045,-0.976803868375521
48,1555851600,181,316,135,497,16,-0.3015671223745093,-0.7166981697072267
48,1555866000,253,288,35,541,16,-0.5084911403410081,-0.6619390752507436
48,1555880400,191,269,78,460,16,-0.41951381261541354,-0.7627455900456328
48,1555894800,196,108,0,304,16,-0.5809145466292825,-0.9568914703913454
48,1555909200,26,50,24,76,16,-0.5312527823173229,-1.2406431416658483
48,1555923600,174,1612,1438,1786,16,2.3946528317289695,0.8874943928929239
48,1555938000,343,1298,955,1641,16,1.3952098249507807,0.7070382861613321
48,1555952400,1045,466,0,1511,16,-0.5809145466292825,0.545250052539905
48,1555966800,1908,256,0,2164,16,-0.5809145466292825,1.3579247952690736
48,1555981200,397,175,0,572,17,-0.5645400874781131,-0.5662884945153157
48,1555995600,36,49,13,85,17,-0.5432596881043623,-1.1656216128840706
48,1556010000,202,1762,1560,1964,17,1.989107837371986,1.1467950799596471
48,1556024400,380,1303,923,1683,17,0.9463682680581956,0.8009786399973882
48,1556038800,1043,491,0,1534,17,-0.5645400874781131,0.6176097803732722
48,1556053200,2113,238,0,2351,17,-0.5645400874781131,1.6230618495873848
48,1556067600,457,171,0,628,17,-0.5645400874781131,-0.49737133922034593
48,1556082000,28,39,11,67,17,-0.546533595700324,-1.1877735556574538
48,1556096400,202,2500,2298,2702,17,3.1971797402818405,2.055024733668356
48,1556110800,286,1848,1562,2134,17,1.9923817449679477,1.3560078728193767
48,1556125200,1021,520,0,1541,17,-0.5645400874781131,0.6262244247851434
48,1556139600,1996,200,0,2196,17,-0.5645400874781131,1.4323090090388075
48,1556154000,490,176,0,666,17,-0.5645400874781131,-0.45060612669875927
48,1556168400,42,56,14,98,17,-0.5416227343063815,-1.1496229875477384
48,1556182800,205,2402,2197,2607,17,3.0318474066857766,1.9381117023643895
48,1556197200,313,1856,1543,2169,17,1.9612796228063119,1.399081094878733
48,1556211600,1090,569,0,1659,17,-0.5645400874781131,0.771442716299544
48,1556226000,1876,176,0,2052,17,-0.5645400874781131,1.2550934668517426
48,1556240400,471,152,0,623,17,-0.5645400874781131,-0.5035246566573968
48,1556254800,64,47,0,111,17,-0.5645400874781131,-1.1336243622114062
48,1556269200,182,1655,1473,1837,17,1.8466928569476535,0.990500817058555
48,1556283600,431,1260,829,1691,17,0.7924946110479973,0.8108239478966696
48,1556298000,832,414,0,1246,17,-0.5645400874781131,0.2631786959991419
48,1556312400,1605,349,0,1954,17,-0.5645400874781131,1.1344884450855455
48,1556326800,448,208,0,656,17,-0.5645400874781131,-0.46291276157286104
48,1556341200,51,53,2,104,17,-0.5612661798821514,-1.1422390066232773
48,1556355600,99,386,287,485,17,-0.09473434745761411,-0.6733562179200009
48,1556370000,240,469,229,709,17,-0.18967766774050243,-0.3976875967401218
48,1556384400,381,411,30,792,17,-0.5154314735386881,-0.2955425272850773
48,1556398800,340,324,0,664,17,-0.5645400874781131,-0.45306745367357965
48,1556413200,264,287,23,551,17,-0.526890150124554,-0.5921324277509293
48,1556427600,47,38,0,85,17,-0.5645400874781131,-1.1656216128840706
48,1556442000,69,247,178,316,17,-0.2731623114375249,-0.8813383472923203
48,1556456400,230,377,147,607,17,-0.32390787917493075,-0.5232152724559596
48,1556470800,244,413,169,657,17,-0.2878948956193524,-0.46168209808545085
48,1556485200,296,329,33,625,17,-0.5105206121447456,-0.5010633296825764
48,1556499600,238,142,0,380,17,-0.5645400874781131,-0.8025758840980692
48,1556514000,25,46,21,71,17,-0.5301640577205157,-1.182850901707813
48,1556523006,59,686,627,745,17,0.46182994385586906,-0.3533837111933555
48,1556523265,6,29,23,35,17,-0.526890150124554,-1.2271547872545794
48,1556524652,26,209,183,235,17,-0.26497754244762073,-0.9810220897725445
48,1556524725,3,13,10,16,17,-0.5481705494983048,-1.2505373935153727
48,1556526423,48,354,306,402,17,-0.06363222529597828,-0.7755012873750453
48,1556528400,87,558,471,645,17,0.20646515137085913,-0.47645005993437295
48,1556542800,316,1363,1047,1679,17,1.149350539007819,0.7960559860477474
48,1556557200,1047,517,0,1564,17,-0.5645400874781131,0.6545296849955774
48,1556571600,2108,210,0,2318,17,-0.5645400874781131,1.582449954502849
48,1556586000,413,180,0,593,18,-0.5940364933385817,-0.6786360929011968
48,1556600400,35,33,0,68,18,-0.5940364933385817,-1.340259024699021
48,1556614800,180,1952,1772,2132,18,2.419019594730021,1.260864272883282
48,1556629200,294,1467,1173,1761,18,1.4004978132666501,0.7933174010794863
48,1556643600,1098,510,0,1608,18,-0.5940364933385817,0.6005015752412632
48,1556658000,2180,237,0,2417,18,-0.5940364933385817,1.6200310072878152
48,1556672400,487,168,0,655,18,-0.5940364933385817,-0.6005015752412632
48,1556686800,45,52,7,97,18,-0.582133901568559,-1.3037122341806648
48,1556701200,194,1851,1657,2045,18,2.2234770156510764,1.151223901328214
48,1556715600,290,1491,1201,1781,18,1.4481081803467408,0.8185220841955939
48,1556730000,1095,540,0,1635,18,-0.5940364933385817,0.6345278974480085
48,1556744400,2205,240,0,2445,18,-0.5940364933385817,1.6553175636503659
48,1556758800,506,221,0,727,18,-0.5940364933385817,-0.509764716023276
48,1556773200,38,51,13,89,18,-0.5719316800513967,-1.313794107427108
48,1556787600,186,1812,1626,1998,18,2.1707655378124047,1.0919928960053613
48,1556802000,349,1386,1037,1735,18,1.1692474588776378,0.7605513130285464
48,1556816400,1183,523,0,1706,18,-0.5940364933385817,0.7240045225101904
48,1556830800,2056,281,0,2337,18,-0.5940364933385817,1.5192122748233847
48,1556845200,503,221,0,724,18,-0.5940364933385817,-0.5135454184906921
48,1556859600,44,60,16,104,18,-0.5668305692928155,-1.2948905950900274
48,1556874000,172,1650,1478,1822,18,1.9191107403890677,0.8701916845836144
48,1556888400,324,1304,980,1628,18,1.0723263544645958,0.6257062583573708
48,1556902800,1213,502,0,1715,18,-0.5940364933385817,0.7353466299124388
48,1556917200,1653,315,0,1968,18,-0.5940364933385817,1.0541858713311998
48,1556931600,447,233,0,680,18,-0.5940364933385817,-0.5689957213461287
48,1556946000,64,41,0,105,18,-0.5940364933385817,-1.293630360934222
48,1556960400,72,374,302,446,18,-0.08052467697474534,-0.8638905138045876
48,1556974800,251,399,148,650,18,-0.34238169591524464,-0.6068027460202902
48,1556989200,330,371,41,701,18,-0.5243213129713059,-0.5425308040742158
48,1557003600,350,322,0,672,18,-0.5940364933385817,-0.5790775945925718
48,1557018000,257,263,6,520,18,-0.5838342718214193,-0.7706331862749894
48,1557032400,37,38,1,75,18,-0.5923361230857213,-1.3314373856083832
48,1557046800,57,238,181,295,18,-0.28626947757085197,-1.0541858713311998
48,1557061200,217,380,163,597,18,-0.3168761421223389,-0.6735951562779753
48,1557075600,246,348,102,594,18,-0.42059872754682237,-0.6773758587453914
48,1557090000,207,254,47,461,18,-0.5141190914541436,-0.8449870014675068
48,1557104400,170,150,0,320,18,-0.5940364933385817,-1.0226800174360653
48,1557118800,26,37,11,63,18,-0.5753324205571174,-1.346560195478048
48,1557133200,196,1885,1689,2081,18,2.277888863742609,1.1965923309372077
48,1557147600,287,1309,1022,1596,18,1.143741905084732,0.5853787653715987
48,1557162000,1118,439,0,1557,18,-0.5940364933385817,0.5362296332951889
48,1557176400,2086,234,0,2320,18,-0.5940364933385817,1.4977882941746934
48,1557190800,480,142,0,622,19,-0.6047816763537145,-0.5851748658781991
48,1557205200,41,41,0,82,19,-0.6047816763537145,-1.2802583440197786
48,1557219600,180,1853,1673,2033,19,2.47229800015649,1.2310525186732244
48,1557234000,309,1378,1069,1687,19,1.3613857917810186,0.7856842160121382
48,1557248400,1397,423,0,1820,19,-0.6047816763537145,0.9568807022951569
48,1557262800,2046,254,0,2300,19,-0.6047816763537145,1.5747326828654498
48,1557277200,480,208,0,688,19,-0.6047816763537145,-0.5002202185497838
48,1557291600,40,54,14,94,19,-0.5790320556297798,-1.2648120445055213
48,1557306000,225,1862,1637,2087,19,2.4060846897235146,1.3005608664873822
48,1557320400,313,1399,1086,1712,19,1.3926531883743678,0.817864006666841
48,1557334800,1095,480,0,1575,19,-0.6047816763537145,0.6415187538790699
48,1557349200,2068,217,0,2285,19,-0.6047816763537145,1.555424808472628
48,1557363600,497,216,0,713,19,-0.6047816763537145,-0.4680404278950811
48,1557378000,39,56,17,95,19,-0.5735142797603652,-1.2635248528793332
48,1557392400,201,1812,1611,2013,19,2.3582639655219215,1.2053086861494622
48,1557406800,312,1333,1021,1645,19,1.273101377870385,0.7316221677122375
48,1557421200,1150,577,0,1727,19,-0.6047816763537145,0.8371718810596626
48,1557435600,2097,274,0,2371,19,-0.6047816763537145,1.6661232883248056
48,1557450000,495,218,0,713,19,-0.6047816763537145,-0.4680404278950811
48,1557464400,62,54,0,116,19,-0.6047816763537145,-1.236493828729383
48,1557478800,172,1618,1446,1790,19,2.0547862927041187,0.9182649535095135
48,1557493200,333,1310,977,1643,19,1.1921739984523043,0.7290477844598614
48,1557507600,1161,448,0,1609,19,-0.6047816763537145,0.6852832691694656
48,1557522000,1772,277,0,2049,19,-0.6047816763537145,1.2516475846922341
48,1557536400,473,260,0,733,19,-0.6047816763537145,-0.44229659537131893
48,1557550800,62,54,0,116,19,-0.6047816763537145,-1.236493828729383
48,1557565200,73,393,320,466,19,-0.016218916949491367,-0.7859767595635443
48,1557579600,283,430,147,713,19,-0.3344106587523995,-0.4680404278950811
48,1557594000,393,324,0,717,19,-0.6047816763537145,-0.46289166139032867
48,1557608400,322,279,0,601,19,-0.6047816763537145,-0.6122058900281494
48,1557622800,252,296,44,548,19,-0.5238542969356338,-0.6804270462161193
48,1557637200,34,38,4,72,19,-0.5974246418611617,-1.2931302602816597
48,1557651600,44,200,156,244,19,-0.3178573311441557,-1.0717333005773049
48,1557666000,167,322,155,489,19,-0.3196965897672939,-0.7563713521612178
48,1557680400,204,313,109,517,19,-0.404302486431651,-0.7203299866279507
48,1557694800,209,305,96,514,19,-0.42821284853244757,-0.7241915615065151
48,1557709200,188,131,0,319,19,-0.6047816763537145,-0.9751939286131965
48,1557723600,22,54,32,76,19,-0.5459254004132922,-1.2879814937769074
48,1557736081,122,1295,1173,1417,19,1.552668688587391,0.43814247694134845
48,1557736162,5,23,18,28,19,-0.5716750211372269,-1.3497666918339366
48,1557738000,81,510,429,591,19,0.18426027297257214,-0.6250778062900305
48,1557752400,322,1556,1234,1878,19,1.664863464598821,1.0315378166140672
48,1557766800,1102,457,0,1559,19,-0.6047816763537145,0.6209236878600601
48,1557781200,2074,230,0,2304,19,-0.6047816763537145,1.5798814493702023
48,1557795600,344,160,0,504,20,-0.5862695108525847,-0.6148347103610575
48,1557810000,8,13,5,21,20,-0.5760586606244704,-1.2267735257071675
48,1557824400,209,1869,1660,2078,20,2.8037327648813486,1.379350994307218
48,1557838800,384,1453,1069,1837,20,1.5968102679182434,1.0740150636686825
48,1557853200,1179,511,0,1690,20,-0.5862695108525847,0.8877728155198665
48,1557867600,2106,317,0,2423,20,-0.5862695108525847,1.8164501481258677
48,1557882000,459,203,0,662,20,-0.5862695108525847,-0.41465596745280625
48,1557896400,32,44,12,76,20,-0.5617634703051104,-1.1570910519099913
48,1557909322,132,1361,1229,1493,20,1.9235574752178999,0.6381828639190722
48,1557909403,5,26,21,31,20,-0.5433839398945048,-1.2141039850167716
48,1557910800,77,417,340,494,20,0.10806830465918481,-0.6275042510514531
48,1557925200,332,1317,985,1649,20,1.425267984085924,0.8358276986892443
48,1557939600,1429,465,0,1894,20,-0.5862695108525847,1.1462314456039377
48,1557954000,2396,248,0,2644,20,-0.5862695108525847,2.0964469973836115
48,1557968400,613,204,0,817,20,-0.5862695108525847,-0.21827808675167368
48,1557982800,43,54,11,97,20,-0.5638056403507333,-1.1304850164601605
48,1557995280,168,1325,1157,1493,20,1.7765212319330546,0.6381828639190722
48,1557995360,7,12,5,19,20,-0.5760586606244704,-1.2293074338452465
48,1557997200,92,532,440,624,20,0.31228530922146996,-0.4628002220763097
48,1558008774,225,1309,1084,1534,20,1.6274428186025862,0.6901279807496944
48,1558011600,105,151,46,256,20,-0.4923296887539335,-0.9290393194828697
48,1558026000,1140,503,0,1643,20,-0.5862695108525847,0.828225974275007
48,1558040400,2062,293,0,2355,20,-0.5862695108525847,1.7302972714311773
48,1558054800,507,231,0,738,20,-0.5862695108525847,-0.3183674582057993
48,1558069200,57,105,48,162,20,-0.4882453486626878,-1.0481330019725887
48,1558083441,180,1595,1415,1775,20,2.30340110370375,0.9954639113882295
48,1558083521,4,22,18,26,20,-0.5495104500313733,-1.2204387553619696
48,1558083600,6,36,30,42,20,-0.5250044094838991,-1.2001674902573365
48,1558098000,389,1278,889,1667,20,1.2292196597061302,0.8586328719319565
48,1558112400,1148,482,0,1630,20,-0.5862695108525847,0.8117555713774927
48,1558126800,1558,316,0,1874,20,-0.5862695108525847,1.1208923642231465
48,1558141200,489,271,0,760,20,-0.5862695108525847,-0.2904944686869289
48,1558155600,63,31,0,94,20,-0.5862695108525847,-1.1342858786672791
48,1558170000,99,359,260,458,20,-0.055305298990643306,-0.6731145975368775
48,1558184400,293,384,91,677,20,-0.4004320367009052,-0.3956516564172128
48,1558198800,378,435,57,813,20,-0.4698658182520822,-0.22334590302783194
48,1558213200,313,367,54,680,20,-0.4759923283889507,-0.39185079421009406
48,1558227600,262,280,18,542,20,-0.5495104500313733,-0.566690455737554
48,1558242000,42,37,0,79,20,-0.5862695108525847,-1.1532901897028727
48,1558256400,63,238,175,301,20,-0.22888975286858568,-0.8720263863760892
48,1558270800,234,301,67,535,20,-0.44944411779585364,-0.575559134220831
48,1558285200,258,323,65,581,20,-0.45352845788709933,-0.517279247045011
48,1558299600,235,360,125,595,20,-0.33099825514972825,-0.4995418900784571
48,1558314000,230,153,0,383,20,-0.5862695108525847,-0.7681361527148448
48,1558328400,19,49,30,68,20,-0.5250044094838991,-1.1672266844623078
48,1558342800,191,1754,1563,1945,20,2.6056422704559323,1.2108461031249556
48,1558357200,296,1394,1098,1690,20,1.6560331992413062,0.8877728155198665
48,1558371600,1110,503,0,1613,20,-0.5862695108525847,0.7902173522038201
48,1558386000,2110,303,0,2413,20,-0.5862695108525847,1.803780607435472
48,1558400400,431,184,0,615,21,-0.5547916493102553,-0.4271544532891851
48,1558414800,39,52,13,91,21,-0.5279097498265225,-1.1440326797439422
48,1558428551,160,1618,1458,1778,21,2.4601167697114725,1.1639321447392164
48,1558428631,3,24,21,27,21,-0.5113670424519177,-1.231590325723149
48,1558429200,24,166,142,190,21,-0.2611585934110198,-1.0085919461198563
48,1558443600,329,1495,1166,1824,21,1.8563079505383968,1.2268642027867713
48,1558458000,1132,505,0,1637,21,-0.5547916493102553,0.971031705941276
48,1558472400,2074,273,0,2347,21,-0.5547916493102553,1.9423743410231031
48,1558486800,495,237,0,732,21,-0.5547916493102553,-0.26708813173344736
48,1558501200,40,40,0,80,21,-0.5547916493102553,-1.1590816501466183
48,1558515600,200,1742,1542,1942,21,2.633815197144823,1.3882986125609342
48,1558530000,308,1474,1166,1782,21,1.8563079505383968,1.1694044976129168
48,1558544400,1082,575,0,1657,21,-0.5547916493102553,0.9983934703097782
48,1558558800,2066,260,0,2326,21,-0.5547916493102553,1.9136444884361759
48,1558573200,481,270,0,751,21,-0.5547916493102553,-0.24109445558337034
48,1558587600,40,53,13,93,21,-0.5279097498265225,-1.1412965033070919
48,1558602000,186,1732,1546,1918,21,2.6420865508321256,1.3554644953187316
48,1558616400,372,1509,1137,1881,21,1.7963406363054544,1.3048452312370025
48,1558630800,1149,530,0,1679,21,-0.5547916493102553,1.0284914111151306
48,1558645200,2009,239,0,2248,21,-0.5547916493102553,1.8069336073990174
48,1558659600,515,202,0,717,21,-0.5547916493102553,-0.28760945500982404
48,1558674000,67,51,0,118,21,-0.5547916493102553,-1.1070942978464642
48,1558688400,152,1460,1308,1612,21,2.1499410064376323,0.9368295004806483
48,1558702800,356,1111,755,1467,21,1.0064263591680742,0.7384567088090075
48,1558717200,1377,471,0,1848,21,-0.5547916493102553,1.259698320028974
48,1558731600,1041,340,0,1381,21,-0.5547916493102553,0.6208011220244481
48,1558746000,427,255,0,682,21,-0.5547916493102553,-0.33549254265470285
48,1558760400,49,51,2,100,21,-0.5506559724666041,-1.131719885778116
48,1558774800,92,362,270,454,21,0.003524724582657244,-0.6474166564556276
48,1558789200,204,404,200,608,21,-0.1412239649451349,-0.43673107081816087
48,1558803600,325,359,34,684,21,-0.48448514296818485,-0.3327563662178526
48,1558818000,281,333,52,614,21,-0.447264051375324,-0.4285225415076102
48,1558832400,241,237,0,478,21,-0.5547916493102553,-0.614582539213425
48,1558846800,36,21,0,57,21,-0.5547916493102553,-1.1905476791703957
48,1558861200,70,216,146,286,21,-0.2528872397237174,-0.8772554771510459
48,1558875600,244,346,102,590,21,-0.3438721302840439,-0.46135665874981285
48,1558890000,241,319,78,560,21,-0.39350025240785835,-0.502399305302566
48,1558904400,219,318,99,537,21,-0.3500756455495207,-0.5338653343263436
48,1558918800,194,172,0,366,21,-0.5547916493102553,-0.7678084196770372
48,1558933200,19,26,7,45,21,-0.5403167803574761,-1.2069647377914972
48,1558947600,62,272,210,334,21,-0.12054558072687888,-0.8115872426666406
48,1558962000,196,356,160,552,21,-0.22393750181815897,-0.513344011049967
48,1558976400,248,339,91,587,21,-0.36661835292412553,-0.46546092340508816
48,1558990800,218,305,87,523,21,-0.37488970661142795,-0.5530185693842952
48,1559005200,233,160,0,393,22,-0.5991345001772135,-0.8719012264397425
48,1559019600,22,45,23,67,22,-0.5559028342820734,-1.3001784400570178
48,1559034000,199,1861,1662,2060,22,2.524823270158563,1.3180929916584094
48,1559048400,330,1335,1005,1665,22,1.289901335675648,0.7991681469380915
48,1559062800,1070,434,0,1504,22,-0.5991345001772135,0.587657007697658
48,1559077200,2081,219,0,2300,22,-0.5991345001772135,1.6333890998429064
48,1559091600,401,213,0,614,22,-0.5991345001772135,-0.5815660601531849
48,1559106000,39,52,13,91,22,-0.5746992107582213,-1.268648829238568
48,1559120400,192,1804,1612,1996,22,2.430841387777824,1.2340140294758768
48,1559134800,327,1491,1164,1818,22,1.5887637216463992,1.0001694159057082
48,1559149200,1139,483,0,1622,22,-0.5991345001772135,0.7426775942217024
48,1559163600,2093,281,0,2374,22,-0.5991345001772135,1.7306053998664597
48,1559178000,450,210,0,660,22,-0.5991345001772135,-0.5211343060844897
48,1559192400,46,51,5,97,22,-0.5897363119391396,-1.2607664265339555
48,1559206800,200,1846,1646,2046,22,2.4947490677967266,1.2997007186809804
48,1559221200,305,1470,1165,1775,22,1.590643359294014,0.9436788631893193
48,1559235600,1175,516,0,1691,22,-0.5991345001772135,0.8333252253247453
48,1559250000,2100,275,0,2375,22,-0.5991345001772135,1.7319191336505617
48,1559264400,469,217,0,686,22,-0.5991345001772135,-0.48697722769783586
48,1559278800,58,48,0,106,22,-0.5991345001772135,-1.248942822477037
48,1559293200,171,1684,1513,1855,22,2.24475726066396,1.048777565917485
48,1559307600,340,1202,862,1542,22,1.0211131520667334,0.6375788914935367
48,1559322000,1204,501,0,1705,22,-0.5991345001772135,0.8517174983021742
48,1559336400,1500,307,0,1807,22,-0.5991345001772135,0.9857183442805855
48,1559350800,494,278,0,772,22,-0.5991345001772135,-0.3739961222650578
48,1559365200,66,49,0,115,22,-0.5991345001772135,-1.2371192184201183
48,1559379600,87,352,265,439,22,-0.10103052355929483,-0.8114694723710474
48,1559394000,223,384,161,607,22,-0.2965128389112327,-0.5907621966418994
48,1559408400,369,364,0,733,22,-0.5991345001772135,-0.42523173984503854
48,1559422800,296,332,36,628,22,-0.5314675448630811,-0.563173787175756
48,1559437200,266,278,12,544,22,-0.5765788484058361,-0.6735274250403299
48,1559451600,48,36,0,84,22,-0.5991345001772135,-1.2778449657272826
48,1559466000,62,237,175,299,22,-0.2701979118446257,-0.9953922021453373
48,1559480400,215,362,147,577,22,-0.32282776597783974,-0.6301742101649616
48,1559494800,298,350,52,648,22,-0.5013933425012446,-0.5368991114937145
48,1559509200,233,298,65,531,22,-0.4769580530822523,-0.6906059642336568
48,1559523600,223,159,0,382,22,-0.5991345001772135,-0.8863522980648654
48,1559538000,23,50,27,73,22,-0.5483842836916143,-1.2922960373524053
48,1559548637,64,910,846,974,22,0.9910389497048967,-0.10862189787643949
48,1559548717,2,7,5,9,22,-0.5897363119391396,-1.3763749995349377
48,1559552400,115,859,744,974,22,0.7993159096481884,-0.10862189787643949
48,1559566800,296,1116,820,1412,22,0.9421683708669122,0.4667934995602675
48,1559581200,1048,527,0,1575,22,-0.5991345001772135,0.6809321063689051
48,1559595600,1972,297,0,2269,22,-0.5991345001772135,1.592663352535742
48,1559610000,425,157,0,582,23,-0.5962694465202731,-0.6803748513458395
48,1559624400,40,37,0,77,23,-0.5962694465202731,-1.3588304506427487
48,1559638800,181,1807,1626,1988,23,2.4484765563033015,1.2085530152114958
48,1559653200,305,1260,955,1565,23,1.1920038823213714,0.6402624835231936
48,1559667600,1060,493,0,1553,23,-0.5962694465202731,0.624140766312178
48,1559682000,2056,266,0,2322,23,-0.5962694465202731,1.6572741442514318
48,1559696400,451,249,0,700,23,-0.5962694465202731,-0.5218446321041855
48,1559710800,43,55,12,98,23,-0.5737989963149331,-1.3306174455234714
48,1559725200,204,1676,1472,1880,23,2.1601057786681044,1.0634575603123548
48,1559739600,337,1263,926,1600,23,1.137700294325133,0.6872841587219893
48,1559754000,1084,482,0,1566,23,-0.5962694465202731,0.641605959957445
48,1559768400,1826,279,0,2105,23,-0.5962694465202731,1.3657397580188986
48,1559782800,470,220,0,690,23,-0.5962694465202731,-0.5352793964466985
48,1559797200,40,55,15,95,23,-0.5681813837635981,-1.3346478748262252
48,1559811600,171,1787,1616,1958,23,2.429751181132185,1.1682487221839566
48,1559826000,386,1393,1007,1779,23,1.2893758332111782,0.927766440452973
48,1559840400,1103,510,0,1613,23,-0.5962694465202731,0.7047493523672563
48,1559854800,1903,264,0,2167,23,-0.5962694465202731,1.4490352969424796
48,1559869200,536,215,0,751,23,-0.5962694465202731,-0.4533273339573689
48,1559883600,64,47,0,111,23,-0.5962694465202731,-1.3131522518782044
48,1559898000,199,1453,1254,1652,23,1.7518925999377606,0.7571449333030572
48,1559912400,332,1113,781,1445,23,0.8661823543439409,0.479045311413037
48,1559926800,1381,400,0,1781,23,-0.5962694465202731,0.9304533933214756
48,1559941200,1523,279,0,1802,23,-0.5962694465202731,0.958666398440753
48,1559955600,418,296,0,714,23,-0.5962694465202731,-0.5030359620246672
48,1559970000,68,49,0,117,23,-0.5962694465202731,-1.3050913932726964
48,1559984400,93,376,283,469,23,-0.06634132917767062,-0.832187688416237
48,1559998800,202,425,223,627,23,-0.1786935802043708,-0.6199184118045308
48,1560013200,340,363,23,703,23,-0.5532010836267047,-0.5178142028014315
48,1560027600,317,255,0,572,23,-0.5962694465202731,-0.6938096156883525
48,1560042000,246,297,51,543,23,-0.500770033147578,-0.7327704322816404
48,1560056400,33,40,7,73,23,-0.5831616839004915,-1.364204356379754
48,1560070800,67,231,164,298,23,-0.28917329371395933,-1.0619221586732102
48,1560085200,216,337,121,553,23,-0.36969240694976113,-0.7193356679391274
48,1560099600,253,332,79,585,23,-0.44833898266845124,-0.6763444220430855
48,1560114000,220,306,86,526,23,-0.43523122004866954,-0.7556095316639126
48,1560128400,182,158,0,340,23,-0.5962694465202731,-1.0054961484346554
48,1560142800,21,51,30,72,23,-0.5400933210069231,-1.3655478328140052
48,1560157200,190,1800,1610,1990,23,2.418515956029515,1.2112399680799983
48,1560171600,325,1358,1033,1683,23,1.3380618086560816,0.7987927027648477
48,1560186000,1093,477,0,1570,23,-0.5962694465202731,0.6469798656944502
48,1560200400,2127,272,0,2399,23,-0.5962694465202731,1.7607218296887823
48,1560214800,422,133,0,555,24,-0.6870722356313227,-1.067113375423401
48,1560229200,40,50,10,90,24,-0.6713452602806773,-1.6980529923624823
48,1560243600,180,1912,1732,2092,24,2.0368398951004676,1.018379508953734
48,1560258000,273,1326,1053,1599,24,0.9689782687916423,0.34944782905918115
48,1560272400,1059,455,0,1514,24,-0.6870722356313227,0.23411478080149967
48,1560286800,2086,225,0,2311,24,-0.6870722356313227,1.315531715641172
48,1560301200,486,153,0,639,24,-0.6870722356313227,-0.9531371865569864
48,1560315600,34,42,8,76,24,-0.6744906553508063,-1.717049023840218
48,1560330000,186,1612,1426,1798,24,1.5555944493707172,0.6194628479212826
48,1560344400,331,1278,947,1609,24,0.8022723300748006,0.36301642297184955
48,1560358800,1130,460,0,1590,24,-0.6870722356313227,0.3372360945377796
48,1560373200,1964,234,0,2198,24,-0.6870722356313227,1.162206604428019
48,1560387600,503,179,0,682,24,-0.6870722356313227,-0.8947922327325122
48,1560402000,44,61,17,105,24,-0.6603363775352254,-1.6777001014934796
48,1560416400,212,1796,1584,2008,24,1.8040806599109152,0.9044033200873192
48,1560430800,318,1669,1351,1987,24,1.4376421342408765,0.8759092728707155
48,1560445200,1110,493,0,1603,24,-0.6870722356313227,0.3548752666242485
48,1560459600,1921,267,0,2188,24,-0.6870722356313227,1.1486380105153506
48,1560474000,481,221,0,702,24,-0.6870722356313227,-0.8676550449071754
48,1560488400,56,54,0,110,24,-0.6870722356313227,-1.6709158045371453
48,1560502800,171,1607,1436,1778,24,1.5713214247213627,0.5923256600959458
48,1560517200,342,1263,921,1605,24,0.7613821941631225,0.3575889854067822
48,1560531600,1171,334,0,1505,24,-0.6870722356313227,0.2219030462800981
48,1560546000,1609,242,0,1851,24,-0.6870722356313227,0.6913763956584251
48,1561165200,7162,188,0,7350,25,-0.47877082112308417,3.8373044255694313
48,1561179600,66,34,0,100,25,-0.47877082112308417,-0.6290550779697301
48,1561194000,85,389,304,474,25,0.28614419586538786,-0.3986525325457789
48,1561208400,240,384,144,624,25,-0.11644265518117637,-0.30624509454152044
48,1561222800,372,354,0,726,25,-0.47877082112308417,-0.24340803669862462
48,1561237200,295,262,0,557,25,-0.47877082112308417,-0.3475204168500892
48,1561251600,280,239,0,519,25,-0.47877082112308417,-0.3709303011445014
48,1561266000,59,35,0,94,25,-0.47877082112308417,-0.6327513754899005
48,1561280400,67,210,143,277,25,-0.1189588230002174,-0.5200143011247051
48,1561294800,224,339,115,563,25,-0.18941152193336613,-0.3438241193299189
48,1561309200,284,335,51,619,25,-0.35044626235199183,-0.3093253424749957
48,1561323600,272,284,12,556,25,-0.4485768072945918,-0.3481364664367843
48,1561338000,198,299,101,497,25,-0.22463787139994051,-0.3844833920517926
48,1561352400,30,50,20,80,25,-0.42844746474226364,-0.6413760697036313
48,1561366800,173,1687,1514,1860,25,3.3307072569050296,0.45519219461356974
48,1561381200,304,1325,1021,1629,25,2.0902365221178036,0.3128847400870116
48,1561395600,1075,471,0,1546,25,-0.47877082112308417,0.2617526243913219
48,1561410000,1855,254,0,2109,25,-0.47877082112308417,0.6085885417006389
48,1561424400,487,154,0,641,26,-0.5928415888608944,-0.6424743695336348
48,1561438800,44,48,4,92,26,-0.5857854509275873,-1.3604588610136208
48,1561453200,194,1872,1678,2066,26,2.3672082741614506,1.2211465782969297
48,1561467600,296,1504,1208,1800,26,1.5381120669978616,0.8732706680352245
48,1561482000,1118,515,0,1633,26,-0.5928415888608944,0.6548673709912214
48,1561496400,2482,177,0,2659,26,-0.5928415888608944,1.996674453429228
48,1561510800,495,169,0,664,26,-0.5928415888608944,-0.6123948735335626
48,1561525200,29,48,19,77,26,-0.5593249336776855,-1.3800759236223636
48,1561539600,184,1843,1659,2027,26,2.333691618978242,1.1701422155141985
48,1561554000,311,1381,1070,1692,26,1.2946753082987652,0.7320278172522764
48,1561568400,1119,443,0,1562,26,-0.5928415888608944,0.5620132746431722
48,1561582800,2077,234,0,2311,26,-0.5928415888608944,1.5415586009063953
48,1561597200,543,202,0,745,26,-0.5928415888608944,-0.5064627354463516
48,1561611600,53,52,0,105,26,-0.5928415888608944,-1.3434574067527103
48,1561626000,184,1761,1577,1945,26,2.1890407913454455,1.0629022732530713
48,1561640400,320,1395,1075,1715,26,1.3034954807153993,0.7621073132523486
48,1561654800,1117,545,0,1662,26,-0.5928415888608944,0.6927936920347908
48,1561669200,2176,226,0,2402,26,-0.5928415888608944,1.6605687807327683
48,1561683600,552,179,0,731,26,-0.5928415888608944,-0.5247719938811781
48,1561698000,75,60,0,135,26,-0.5928415888608944,-1.3042232815352248
48,1561712400,155,1540,1385,1695,26,1.8503461705467028,0.7359512297740249
48,1561726800,331,1226,895,1557,26,0.9859692737165779,0.5554742537735913
48,1561741200,1314,409,0,1723,26,-0.5928415888608944,0.7725697466436782
48,1561755600,1460,292,0,1752,26,-0.5928415888608944,0.8104960676872475
48,1561770000,517,284,0,801,26,-0.5928415888608944,-0.4332257017070451
48,1561784400,69,42,0,111,26,-0.5928415888608944,-1.3356105817092132
48,1561798800,81,384,303,465,26,-0.05833914041287864,-0.8726479041428835
48,1561813200,218,433,215,651,26,-0.21357417494563571,-0.629396327794473
48,1561827600,396,388,0,784,26,-0.5928415888608944,-0.45545837266362027
48,1561842000,310,341,31,651,26,-0.5381565198777641,-0.629396327794473
48,1561856400,277,286,9,563,26,-0.5769652785109534,-0.7444830950990974
48,1561870800,49,44,0,93,26,-0.5928415888608944,-1.3591510568397047
48,1561885200,58,250,192,308,26,-0.25414696806215176,-1.0779731594477246
48,1561899600,261,335,74,596,26,-0.4623030370947124,-0.7013255573598632
48,1561914000,301,351,50,652,26,-0.5046398646945552,-0.6280885236205568
48,1561928400,276,308,32,584,26,-0.5363924853944373,-0.7170192074468574
48,1561942800,234,246,12,480,26,-0.571673175060973,-0.8530308415341408
48,1561957200,27,60,33,87,26,-0.5346284509111106,-1.3669978818832018
48,1561971600,169,1745,1576,1914,26,2.1872767568621185,1.0223603438616695
48,1561986000,298,1316,1018,1614,26,1.2029455151657724,0.6300190916868139
48,1562000400,1111,487,0,1598,26,-0.5928415888608944,0.6090942249041549
48,1562014800,1983,229,0,2212,26,-0.5928415888608944,1.4120859876886929
48,1562029200,476,165,0,641,27,-0.508691826183381,-0.17584208035545193
48,1562043600,57,52,0,109,27,-0.508691826183381,-0.9796034955239457
48,1562058000,171,1755,1584,1926,27,3.3141804415402154,1.7655741198165675
48,1562072400,320,1382,1062,1702,27,2.05437026240403,1.4271482607982546
48,1562086800,1041,504,0,1545,27,-0.508691826183381,1.1899479935398833
48,1562101200,2092,195,0,2287,27,-0.508691826183381,2.3109836515380455
48,1562115600,457,234,0,691,27,-0.508691826183381,-0.1003005939674356
48,1562130000,54,51,0,105,27,-0.508691826183381,-0.9856468144349869
48,1562144400,140,1624,1484,1764,27,3.072837495345544,1.520819703919395
48,1562158800,314,1233,919,1547,27,1.7092498493456498,1.192969652995404
48,1562173200,1510,426,0,1936,27,-0.508691826183381,1.7806824170941709
48,1562187600,1287,223,0,1510,27,-0.508691826183381,1.1370689530682718
48,1562202000,411,203,0,614,27,-0.508691826183381,-0.21663448300498075
48,1562216400,43,41,0,84,27,-0.508691826183381,-1.0173742387179538
48,1562230268,70,234,164,304,27,-0.1128893944241198,-0.684991698610682
48,1562230348,1,0,0,1,27,-0.508691826183381,-1.142773106122061
48,1562230800,7,24,17,31,27,-0.4676635253302869,-1.0974482142892512
48,1562245200,189,275,86,464,27,-0.30113689245596353,-0.4432589421690297
48,1562259600,286,284,0,570,27,-0.508691826183381,-0.2831109910264351
48,1562274000,286,256,0,542,27,-0.508691826183381,-0.3254142234037243
48,1562288400,206,229,23,435,27,-0.4531829485586066,-0.4870730042740792
48,1562302800,30,50,20,80,27,-0.46042323694444676,-1.0234175576289952
48,1562315630,81,756,675,837,27,1.1203730606306515,0.12028054628557208
48,1562315710,2,15,13,17,27,-0.4773172431780737,-1.1185998304778957
48,1562315791,1,12,11,13,27,-0.4821441021019672,-1.124643149388937
48,1562317200,20,206,186,226,27,-0.059793946261292065,-0.8028364173759874
48,1562331600,350,825,475,1175,27,0.6376871682413086,0.6309409942685624
48,1562346000,1033,417,0,1450,27,-0.508691826183381,1.0464191694026523
48,1562360400,1062,211,0,1273,27,-0.508691826183381,0.7790023075890745
48,1562374800,477,248,0,725,27,-0.508691826183381,-0.048932383223584494
48,1562389200,52,37,0,89,27,-0.508691826183381,-1.0098200900791523
48,1562403600,65,307,242,372,27,0.07535810360772396,-0.5822552771229798
48,1562418000,188,326,138,514,27,-0.1756385604347344,-0.3677174557810134
48,1562432400,303,361,58,664,27,-0.3687129173904716,-0.14109299661696442
48,1562446800,304,269,0,573,27,-0.508691826183381,-0.27857850184315414
48,1562461200,262,225,0,487,27,-0.508691826183381,-0.4085098584305422
48,1562475600,41,24,0,65,27,-0.508691826183381,-1.0460800035454
48,1562490000,55,216,161,271,27,-0.12012968280995993,-0.7348490796267727
48,1562504400,219,296,77,515,27,-0.322857757613484,-0.36620662605325305
48,1562518800,236,327,91,563,27,-0.28906974514622996,-0.2936867991207574
48,1562533200,253,247,0,500,27,-0.508691826183381,-0.388869071969658
48,1562547600,205,151,0,356,27,-0.508691826183381,-0.606428552767145
48,1562562000,20,43,23,63,27,-0.4531829485586066,-1.0491016630009207
48,1562574701,122,1314,1192,1436,27,2.368116092457103,1.0252675532140076
48,1562574781,3,16,13,19,27,-0.4773172431780737,-1.115578171022375
48,1562576400,85,499,414,584,27,0.49046797106255896,-0.2619593748377905
48,1562590800,263,1463,1200,1726,27,2.3874235281526768,1.4634081742645024
48,1562605200,1026,447,0,1473,27,-0.508691826183381,1.0811682531411397
48,1562619600,2017,221,0,2238,27,-0.508691826183381,2.2369529948777895
48,1562634000,475,130,0,605,28,-0.5719808071542967,-0.5920411113187481
48,1562648400,31,41,10,72,28,-0.55488006956186,-1.2552628998378446
48,1562662800,179,1923,1744,2102,28,2.410387828966659,1.2707037618765376
48,1562677200,282,1423,1141,1705,28,1.3792133521427277,0.7767092965067791
48,1562691600,1120,415,0,1535,28,-0.5719808071542967,0.5651751425701067
48,1562706000,2109,232,0,2341,28,-0.5719808071542967,1.5680958959404476
48,1562720400,485,209,0,694,28,-0.5719808071542967,-0.48129676014013734
48,1562734800,40,37,0,77,28,-0.5719808071542967,-1.2490413070750013
48,1562749200,183,1847,1664,2030,28,2.2735819282271654,1.181112826091594
48,1562763600,282,1578,1296,1860,28,1.6442747848254962,0.9695786721549216
48,1562778000,1129,481,0,1610,28,-0.5719808071542967,0.6584990340127563
48,1562792400,2059,253,0,2312,28,-0.5719808071542967,1.5320106579159565
48,1562806800,528,195,0,723,28,-0.5719808071542967,-0.44521152211564613
48,1562821200,47,48,1,95,28,-0.570270733395053,-1.2266435731287653
48,1562835600,176,1882,1706,2058,28,2.3454050261153996,1.2159537455635165
48,1562850000,283,1485,1202,1768,28,1.4835278514565913,0.8551013653186047
48,1562864400,1194,537,0,1731,28,-0.5719808071542967,0.8090615788735643
48,1562878800,2041,283,0,2324,28,-0.5719808071542967,1.5469424805467804
48,1562893200,458,199,0,657,28,-0.5719808071542967,-0.5273365465851778
48,1562907600,56,50,0,106,28,-0.5719808071542967,-1.2129560690505101
48,1562922000,156,1686,1530,1842,28,2.0444320444885142,0.9471809382086857
48,1562936400,344,1364,1020,1708,28,1.172294427274244,0.780442252164485
48,1562950800,1348,426,0,1774,28,-0.5719808071542967,0.8625672766340167
48,1562965200,1513,341,0,1854,28,-0.5719808071542967,0.9621127608395096
48,1562979600,531,195,0,726,28,-0.5719808071542967,-0.44147856645794015
48,1562994000,55,28,0,83,28,-0.5719808071542967,-1.2415753957595892
48,1563008400,71,324,253,395,28,-0.13933214606564884,-0.853348007358167
48,1563022800,223,403,180,626,28,-0.2641675304904365,-0.5659104217148063
48,1563037200,366,337,0,703,28,-0.5719808071542967,-0.47009789316701933
48,1563051600,387,292,0,679,28,-0.5719808071542967,-0.49996153842866725
48,1563066000,300,189,0,489,28,-0.5719808071542967,-0.7363820634167129
48,1563080400,49,34,0,83,28,-0.5719808071542967,-1.2415753957595892
48,1563094800,70,193,123,263,28,-0.3616417347673256,-1.0175980562972302
48,1563109200,182,310,128,492,28,-0.35309136597110724,-0.7326491077590068
48,1563123600,264,288,24,552,28,-0.5309390369324486,-0.6579899946048872
48,1563138000,269,277,8,546,28,-0.5583002170803473,-0.6654559059202991
48,1563152400,247,152,0,399,28,-0.5719808071542967,-0.8483707331478924
48,1563166800,30,39,9,69,28,-0.5565901433211037,-1.2589958554955505
48,1563180721,224,1674,1450,1898,28,1.9076261437490207,1.0168627771525307
48,1563180802,3,31,28,34,28,-0.5240987418954739,-1.3025470048354537
48,1563181200,23,129,106,152,28,-0.3907129886744679,-1.1557174156323518
48,1563195600,321,1415,1094,1736,28,1.2988398854582752,0.8152831716364076
48,1563210000,1105,440,0,1545,28,-0.5719808071542967,0.5776183280957933
48,1563224400,2254,248,0,2502,28,-0.5719808071542967,1.768431182904002
48,1563238800,408,157,0,565,29,-0.5465526614589954,-0.4605290881013034
48,1563253200,2,1,0,3,29,-0.5465526614589954,-1.175370717689931
48,1563267600,173,1199,1026,1372,29,1.498939053073462,0.565942789261726
48,1563282000,379,1472,1093,1851,29,1.6325140480770437,1.1752117226655565
48,1563296400,1202,413,0,1615,29,-0.5465526614589954,0.8750291166461327
48,1563310800,2184,272,0,2456,29,-0.5465526614589954,1.9447476406390791
48,1563325200,397,171,0,568,29,-0.5465526614589954,-0.4567132075163107
48,1563339600,1,0,0,1,29,-0.5465526614589954,-1.1779146380799261
48,1563352757,143,1514,1371,1657,29,2.1867505945098147,0.9284514448360301
48,1563352838,5,23,18,28,29,-0.5106668419057944,-1.1435717128149923
48,1563352918,5,21,16,26,29,-0.5146541551894834,-1.1461156332049873
48,1563354000,44,343,299,387,29,0.04955067445251023,-0.6869380028108688
48,1563368400,275,1252,977,1527,29,1.4012498776230815,0.7630966194863475
48,1563382800,1050,261,0,1311,29,-0.5465526614589954,0.488353217366875
48,1563397200,2134,294,0,2428,29,-0.5465526614589954,1.9091327551791475
48,1563411600,387,188,0,575,29,-0.5465526614589954,-0.4478094861513278
48,1563426000,1,2,1,3,29,-0.5445590048171509,-1.175370717689931
48,1563440400,187,2062,1875,2249,29,3.191553541999443,1.6814518802745846
48,1563454800,496,967,471,1463,29,0.39245961684976427,0.6816911670065038
48,1563469200,1110,492,0,1602,29,-0.5465526614589954,0.8584936341111644
48,1563483600,2020,270,0,2290,29,-0.5465526614589954,1.7336022482694844
48,1563498000,432,195,0,627,29,-0.5465526614589954,-0.3816675560114548
48,1563512400,1,1,0,2,29,-0.5465526614589954,-1.1766426778849286
48,1563526249,134,1398,1264,1532,29,1.9734293338324531,0.7694564204613353
48,1563526329,5,24,19,29,29,-0.5086731852639499,-1.1422997526199945
48,1563526411,5,30,25,35,29,-0.49671124541288286,-1.1346679914500093
48,1563526800,16,93,77,109,29,-0.39304110003696885,-1.04054293702019
48,1563541200,309,1291,982,1600,29,1.411218160832304,0.8559497137211693
48,1563555600,1257,478,0,1735,29,-0.5465526614589954,1.0276643400458396
48,1563570000,1389,319,0,1708,29,-0.5465526614589954,0.9933214147809056
48,1563584400,464,215,0,679,29,-0.5465526614589954,-0.3155256258715818
48,1563598800,44,28,0,72,29,-0.5465526614589954,-1.0876054642350996
48,1563613200,71,331,260,402,29,-0.02820193457942529,-0.6678585998859053
48,1563627600,199,418,219,617,29,-0.1099418568950498,-0.39438715796143037
48,1563642000,299,317,18,616,29,-0.5106668419057944,-0.39565911815642796
48,1563656400,299,239,0,538,29,-0.5465526614589954,-0.4948720133662375
48,1563670800,281,191,0,472,29,-0.5465526614589954,-0.5788213862360764
48,1563685200,34,24,0,58,29,-0.5465526614589954,-1.1054129069650653
48,1563699600,67,205,138,272,29,-0.2714280448844543,-0.833213425235588
48,1563714000,199,317,118,516,29,-0.31130117772134436,-0.5228551376561837
48,1563728400,258,282,24,540,29,-0.4987049020547274,-0.49232809297624236
48,1563742800,232,298,66,530,29,-0.41497132309725837,-0.5050476949262179
48,1563757200,198,142,0,340,29,-0.5465526614589954,-0.746720131975754
48,1563771600,26,45,19,71,29,-0.5086731852639499,-1.0888774244300972
48,1563786000,179,1870,1691,2049,29,2.824720719900055,1.427059841275073
48,1563800400,297,1389,1092,1686,29,1.6305203914351991,0.9653382904909593
48,1563814800,1102,484,0,1586,29,-0.5465526614589954,0.8381422709912035
48,1563829200,1786,315,0,2101,29,-0.5465526614589954,1.493201771414946
48,1563843600,356,98,0,454,30,-0.6090977993106569,-0.8353442416316282
48,1563858000,1,1,0,2,30,-0.6090977993106569,-1.4121519775329425
48,1563872400,204,1803,1599,2007,30,2.205779024671252,1.1464752580470021
48,1563886800,268,1579,1311,1847,30,1.6987843246670056,0.9422955285244131
48,1563901200,1102,495,0,1597,30,-0.6090977993106569,0.6232647011453676
48,1563915600,2165,234,0,2399,30,-0.6090977993106569,1.6467155953773454
48,1563930000,406,185,0,591,30,-0.6090977993106569,-0.6605153482279114
48,1563944400,1,1,0,2,30,-0.6090977993106569,-1.4121519775329425
48,1563958800,196,1764,1568,1960,30,2.1512066784902393,1.0864974624997417
48,1563973200,311,1520,1209,1831,30,1.519223701748835,0.9218775555721541
48,1563987600,1113,514,0,1627,30,-0.6090977993106569,0.6615484004308531
48,1564002000,2067,271,0,2338,30,-0.6090977993106569,1.5688720734968584
48,1564016400,436,234,0,670,30,-0.6090977993106569,-0.559701606776133
48,1564030800,12,11,0,23,30,-0.6090977993106569,-1.3853533880331026
48,1564045200,180,1678,1498,1858,30,2.0279788000169847,0.9563328849290911
48,1564059600,317,1446,1129,1763,30,1.3783918406365443,0.8351011705250538
48,1564074000,1087,611,0,1698,30,-0.6090977993106569,0.752153155406502
48,1564088400,1958,392,0,2350,30,-0.6090977993106569,1.5841855532110525
48,1564102800,428,178,0,606,30,-0.6090977993106569,-0.6413734985851686
48,1564117200,2,4,2,6,30,-0.6055770027828496,-1.4070474842948777
48,1564131600,165,1557,1392,1722,30,1.8413765840431997,0.7827801148348903
48,1564146000,303,1339,1036,1642,30,1.2146748020935065,0.6806902500735957
48,1564160400,1246,475,0,1721,30,-0.6090977993106569,0.7815039915253742
48,1564174800,1462,325,0,1787,30,-0.6090977993106569,0.8657281299534422
48,1564189200,478,306,0,784,30,-0.6090977993106569,-0.41422354949128826
48,1564203600,50,40,0,90,30,-0.6090977993106569,-1.2998531262955184
48,1564218000,76,388,312,464,30,-0.05985354097272351,-0.8225830085364665
48,1564232400,207,414,207,621,30,-0.24469535868260495,-0.6222316489424259
48,1564246800,309,359,50,668,30,-0.5210778861154752,-0.5622538533951653
48,1564261200,350,332,0,682,30,-0.6090977993106569,-0.5443881270619388
48,1564275600,297,304,7,601,30,-0.5967750114633315,-0.6477541151327495
48,1564290000,46,28,0,74,30,-0.6090977993106569,-1.3202710992477773
48,1564304400,62,257,195,319,30,-0.2658201378494485,-1.0076208884163127
48,1564318800,225,359,134,584,30,-0.37320443194757014,-0.6694482113945246
48,1564333200,252,367,115,619,30,-0.40665199896173915,-0.6247838955614582
48,1564347600,247,357,110,604,30,-0.4154539902812573,-0.643925745204201
48,1564362000,224,166,0,390,30,-0.6090977993106569,-0.9170161334406639
48,1564376400,30,51,21,81,30,-0.5721294357686806,-1.311338236081164
48,1564390800,169,1765,1596,1934,30,2.200497829879541,1.053318256452321
48,1564405200,297,1338,1041,1635,30,1.2234767934130246,0.6717573869069825
48,1564419600,1046,527,0,1573,30,-0.6090977993106569,0.5926377417169792
48,1564434000,2052,285,0,2337,30,-0.6090977993106569,1.5675959501873422
48,1564448400,454,192,0,646,31,-0.6762569162075008,-0.8119864935114556
48,1564462800,38,49,11,87,31,-0.6584442915956621,-1.5211207139594483
48,1564476005,130,1506,1376,1636,31,1.551940489782511,0.44390416524259235
48,1564476085,5,21,16,26,31,-0.6503476440448263,-1.5985038757614654
48,1564477200,53,366,313,419,31,-0.16940677952517985,-1.0999533415287979
48,1564491600,298,1587,1289,1885,31,1.411058822397968,0.7597796945655801
48,1564506000,1176,576,0,1752,31,-0.6762569162075008,0.5910590303087232
48,1564520400,2064,258,0,2322,31,-0.6762569162075008,1.3141475914095386
48,1564534800,494,168,0,662,31,-0.6762569162075008,-0.7916892707437134
48,1564549200,36,51,15,87,31,-0.6519669735549934,-1.5211207139594483
48,1564563600,189,1930,1741,2119,31,2.142995760993524,1.0566265775438097
48,1564578000,307,1397,1090,1704,31,1.0888122498747033,0.5301673620054966
48,1564592400,1158,557,0,1715,31,-0.6762569162075008,0.5441217026583194
48,1564606800,2128,296,0,2424,31,-0.6762569162075008,1.4435423865538952
48,1564621200,505,179,0,684,31,-0.6762569162075008,-0.7637805894380678
48,1564635600,45,57,12,102,31,-0.6568249620854949,-1.50209206761469
48,1564650000,173,1786,1613,1959,31,1.9357215836921278,0.8536543498663878
48,1564664400,328,1407,1079,1735,31,1.0709996252628646,0.5694932311179972
48,1564678800,1101,530,0,1631,31,-0.6762569162075008,0.43756128312767295
48,1564693200,2020,271,0,2291,31,-0.6762569162075008,1.2748217222970382
48,1564707600,498,180,0,678,31,-0.6762569162075008,-0.7713920479759712
48,1564722000,54,57,3,111,31,-0.6713989276769994,-1.490674879807835
48,1564736400,160,1598,1438,1758,31,1.652338919412875,0.5986704888466265
48,1564750800,300,1162,862,1462,31,0.719605121556591,0.22317186764339605
48,1564765200,1320,450,0,1770,31,-0.6762569162075008,0.6138934059224332
48,1564779600,1466,307,0,1773,31,-0.6762569162075008,0.6176991351913849
48,1565398800,6381,212,0,6593,32,-0.5197664545740499,3.80290545958742
48,1565413200,53,43,0,96,32,-0.5197664545740499,-0.6807580334754937
48,1565427600,83,386,303,469,32,0.2590264693948699,-0.42334592282250516
48,1565442000,215,385,170,600,32,-0.08281992957498599,-0.3329411332902223
48,1565456400,351,433,82,784,32,-0.3090040131039132,-0.2059603602067105
48,1565470800,356,317,0,673,32,-0.5197664545740499,-0.2825628917951334
48,1565485200,283,310,27,593,32,-0.45036906530949267,-0.3377719235705733
48,1565499600,40,33,0,73,32,-0.5197664545740499,-0.6966306301109327
48,1565514000,72,237,165,309,32,-0.0956712979573114,-0.533763986373385
48,1565528400,236,406,170,642,32,-0.08281992957498599,-0.3039563916081163
48,1565542800,273,368,95,641,32,-0.27559045530986714,-0.30464650450530933
48,1565557200,290,365,75,655,32,-0.3269959288391688,-0.29498492394460735
48,1565571600,234,177,0,411,32,-0.5197664545740499,-0.46337247085969907
48,1565586000,33,69,36,102,32,-0.42723660222130694,-0.6766173560923358
48,1565600400,155,1629,1474,1784,32,3.2688169445354807,0.4841525369862884
48,1565614800,284,1327,1043,1611,32,2.1610289899790307,0.3647630057718996
48,1565629200,971,475,0,1446,32,-0.5197664545740499,0.2508943777350548
48,1565643600,1679,323,0,2002,32,-0.5197664545740499,0.6345971485743622
48,1565658000,437,157,0,594,33,-0.55304473785183,-0.47471168443576994
48,1565672400,43,53,10,96,33,-0.5357954589347226,-1.0612588011452786
48,1565686800,168,1870,1702,2038,33,2.382782533839854,1.2260393929307574
48,1565701200,305,1650,1345,1955,33,1.7669832764991187,1.1282815401458393
48,1565715600,1076,523,0,1599,33,-0.55304473785183,0.7089827980804073
48,1565730000,2027,293,0,2320,33,-0.55304473785183,1.5581805313084311
48,1565744400,528,136,0,664,33,-0.55304473785183,-0.3922653025689715
48,1565758800,40,55,15,95,33,-0.5271708194761688,-1.0624366066005186
48,1565773200,195,1820,1625,2015,33,2.2499630861781266,1.198949867460238
48,1565787600,303,1595,1292,1898,33,1.6755620982384496,1.0611466291971605
48,1565802000,1200,493,0,1693,33,-0.55304473785183,0.8196965108729652
48,1565816400,1949,272,0,2221,33,-0.55304473785183,1.4415777912396732
48,1565830800,510,165,0,675,33,-0.55304473785183,-0.37930944256133176
48,1565845200,39,55,16,94,33,-0.5254458915844581,-1.0636144120557587
48,1565859600,187,1657,1470,1844,33,1.9825992629629616,0.9975451346142018
48,1565874000,330,1466,1136,1796,33,1.4064733471315736,0.9410104727626829
48,1565888400,1129,606,0,1735,33,-0.55304473785183,0.8691643399930443
48,1565902800,1920,292,0,2212,33,-0.55304473785183,1.4309775421425135
48,1565917200,499,137,0,636,33,-0.55304473785183,-0.42524385531569087
48,1565931600,60,49,0,109,33,-0.55304473785183,-1.045947330227159
48,1565946000,145,1501,1356,1646,33,1.7859574833079368,0.7643396544766863
48,1565960400,351,1154,803,1505,33,0.8320723591918964,0.5982690852878495
48,1565974800,1185,490,0,1675,33,-0.55304473785183,0.7984960126786457
48,1565989200,1362,289,0,1651,33,-0.55304473785183,0.7702286817528862
48,1566003600,477,180,0,657,33,-0.55304473785183,-0.40050994075565133
48,1566018000,51,22,0,73,33,-0.55304473785183,-1.088348326615798
48,1566032400,66,113,47,179,33,-0.47197312694142507,-0.9635009483603606
48,1566046800,12,16,4,28,33,-0.546145026284987,-1.1413495721015972
48,1566061200,0,1,1,1,33,-0.5513198099601192,-1.1731503193930766
48,1566075600,7,5,0,12,33,-0.55304473785183,-1.1601944593854367
48,1566090000,3,7,4,10,33,-0.546145026284987,-1.1625500702959166
48,1566104400,3,8,5,11,33,-0.5444200983932762,-1.1613722648406768
48,1566118800,3,21,18,24,33,-0.5219960358010366,-1.146060793922557
48,1566133200,62,49,0,111,33,-0.55304473785183,-1.043591719316679
48,1566147600,108,101,0,209,33,-0.55304473785183,-0.9281667847031613
48,1566162000,141,176,35,317,33,-0.492672261641954,-0.8009637955372436
48,1566176400,124,114,0,238,33,-0.55304473785183,-0.8940104265012019
48,1566190800,17,39,22,56,33,-0.5150963242341936,-1.1083710193548777
48,1566205200,159,1756,1597,1915,33,2.2016651052102256,1.0811693219362402
48,1566219600,298,1261,963,1559,33,1.1080608218656152,0.6618705798708082
48,1566234000,1020,476,0,1496,33,-0.55304473785183,0.5876688361906897
48,1566248400,1949,265,0,2214,33,-0.55304473785183,1.4333331530529934
48,1566262800,368,141,0,509,34,-0.5760796503907597,-0.7236048184757913
48,1566277200,3,7,4,10,34,-0.568528044486761,-1.389129450310418
48,1566291600,164,1529,1365,1693,34,2.0009058643488045,0.8555157508472504
48,1566306000,300,1497,1197,1797,34,1.6837384163808582,0.9942222873418419
48,1566320400,1069,488,0,1557,34,-0.5760796503907597,0.6741302800466308
48,1566334800,2035,330,0,2365,34,-0.5760796503907597,1.7517733712738417
48,1566349200,428,228,0,656,34,-0.5760796503907597,-0.5275484640074745
48,1566363600,42,60,18,102,34,-0.5420974238227655,-1.266427514180587
48,1566378000,176,1871,1695,2047,34,2.623913351428699,1.3276514616076869
48,1566392400,325,1486,1161,1811,34,1.6157739632448695,1.0128943211007293
48,1566406800,1138,495,0,1633,34,-0.5760796503907597,0.7754927490234477
48,1566421200,1935,280,0,2215,34,-0.5760796503907597,1.5517158667143347
48,1566435600,477,195,0,672,34,-0.5760796503907597,-0.5062089968544604
48,1566450000,38,48,10,86,34,-0.5572006356307629,-1.287766981333601
48,1566464400,191,1761,1570,1952,34,2.387925666928739,1.2009483753866659
48,1566478800,262,1531,1269,1793,34,1.819667322652835,0.9888874205535884
48,1566493200,1064,524,0,1588,34,-0.5760796503907597,0.7154754976555955
48,1566507600,1965,321,0,2286,34,-0.5760796503907597,1.6464097522058347
48,1566522000,437,243,0,680,34,-0.5760796503907597,-0.4955392632779534
48,1566536400,52,51,0,103,34,-0.5760796503907597,-1.2650937974835235
48,1566550800,175,1561,1386,1736,34,2.040551795344798,0.9128655688209757
48,1566565200,324,1198,874,1522,34,1.0739462396329613,0.6274501956494124
48,1566579600,1199,481,0,1680,34,-0.5760796503907597,0.8381774337854264
48,1566594000,1381,366,0,1747,34,-0.5760796503907597,0.9275364524886729
48,1566608400,440,218,0,658,34,-0.5760796503907597,-0.5248810306133478
48,1566622800,54,21,0,75,34,-0.5760796503907597,-1.3024378650012982
48,1566637200,79,311,232,390,34,-0.13808650795883384,-0.8823171054263336
48,1566651600,241,342,101,583,34,-0.385401601314792,-0.6249097828931012
48,1566666000,334,325,0,659,34,-0.5760796503907597,-0.5235473139162844
48,1566680400,323,281,0,604,34,-0.5760796503907597,-0.5969017322547703
48,1566694800,266,220,0,486,34,-0.5760796503907597,-0.7542803025082491
48,1566709200,39,28,0,67,34,-0.5760796503907597,-1.3131075985778051
48,1566723600,65,212,147,277,34,-0.29855813341880666,-1.0330270921944955
48,1566738000,230,334,104,564,34,-0.37973789688679294,-0.6502504001373054
48,1566752400,216,296,80,512,34,-0.4250475323107853,-0.7196036683846012
48,1566766800,255,231,0,486,34,-0.5760796503907597,-0.7542803025082491
48,1566781200,198,135,0,333,34,-0.5760796503907597,-0.9583389571589462
48,1566795600,17,40,23,57,34,-0.532657916442767,-1.326444765548439
48,1566810000,167,776,609,943,34,0.5736523484930458,-0.14477177195028448
48,1566824400,287,1258,971,1545,34,1.2570726828049303,0.6581256796818702
48,1566838800,1006,490,0,1496,34,-0.5760796503907597,0.5927735615257645
48,1566853200,1825,365,0,2190,34,-0.5760796503907597,1.5183729492877502
48,1566867600,425,263,0,688,35,-0.5119213950400892,-0.40313100441928984
48,1566882000,37,39,2,76,35,-0.5091328990162666,-1.1361068364623985
48,1566896400,188,2494,2306,2682,35,2.7032145204273066,1.9850288143616883
48,1566910800,287,1777,1490,2064,35,1.5655081427077078,1.2448669447495295
48,1566925200,1032,457,0,1489,35,-0.5119213950400892,0.5562050110488965
48,1566939600,1933,277,0,2210,35,-0.5119213950400892,1.4197271922630816
48,1566954000,414,284,0,698,35,-0.5119213950400892,-0.3911542751375397
48,1566968400,42,63,21,105,35,-0.4826421867899524,-1.101374321545323
48,1566982800,195,2337,2142,2532,35,2.474557846473858,1.8053778751354363
48,1566997200,314,1583,1269,1897,35,1.2573793320753164,1.0448555657443022
48,1567011600,1057,488,0,1545,35,-0.5119213950400892,0.6232746950266973
48,1567026000,1940,203,0,2143,35,-0.5119213950400892,1.3394831060753558
48,1567040400,458,228,0,686,35,-0.5119213950400892,-0.4055263502756399
48,1567054800,40,63,23,103,35,-0.4798536907661299,-1.103769667401673
48,1567069200,192,2527,2335,2719,35,2.7436477127727334,2.029342712704164
48,1567083600,302,1998,1696,2300,35,1.85272323316143,1.5275177557988329
48,1567098000,1043,476,0,1519,35,-0.5119213950400892,0.5921351988941469
48,1567112400,1834,157,0,1991,35,-0.5119213950400892,1.1574368209927537
48,1567126800,490,277,0,767,35,-0.5119213950400892,-0.3085148430934637
48,1567141200,41,46,5,87,35,-0.5049501549805328,-1.1229324342524734
48,1567155600,138,2072,1934,2210,35,2.1845542599963133,1.4197271922630816
48,1567170000,355,1489,1134,1844,35,1.0691558504672944,0.9813789005510265
48,1567184400,1242,516,0,1758,35,-0.5119213950400892,0.8783790287279752
48,1567198800,968,275,0,1243,35,-0.5119213950400892,0.261577470717843
48,1567213200,428,230,0,658,35,-0.5119213950400892,-0.43906119226454027
48,1567227600,45,37,0,82,35,-0.5119213950400892,-1.1289207988933485
48,1567242000,65,310,245,375,35,-0.17033063212182722,-0.7780026309380693
48,1567256400,243,360,117,603,35,-0.3487943776464702,-0.504933203314166
48,1567270800,293,298,5,591,35,-0.5049501549805328,-0.5193052784522663
48,1567285200,276,333,57,609,35,-0.43244925836114656,-0.49774716574511596
48,1567299600,282,262,0,544,35,-0.5119213950400892,-0.5755959060764919
48,1567314000,33,39,6,72,35,-0.5035559069686215,-1.1408975281750986
48,1567328400,48,208,160,256,35,-0.28884171313428547,-0.920525709390896
48,1567342800,241,276,35,517,35,-0.4631227146231946,-0.6079330751372173
48,1567357200,223,263,40,486,35,-0.45615147456363825,-0.6450609359106427
48,1567371600,262,253,0,515,35,-0.5119213950400892,-0.6103284209935673
48,1567386000,212,223,11,435,35,-0.49658466690906516,-0.7061422552475685
48,1567400400,26,33,7,59,35,-0.5021616589567103,-1.1564672762413737
48,1567414800,51,273,222,324,35,-0.20239833639578653,-0.839083950274995
48,1567429200,183,326,143,509,35,-0.3125439293367771,-0.6175144585626174
48,1567443600,254,270,16,524,35,-0.48961342684950876,-0.5995493646399922
48,1567458000,267,251,0,518,35,-0.5119213950400892,-0.6067354022090423
48,1567472400,214,173,0,387,36,-0.6012085207201646,-0.9648848216586637
48,1567486800,18,36,18,54,36,-0.5770963911888943,-1.3500786081437375
48,1567501200,172,2531,2359,2703,36,2.558820010627977,1.7141206122735606
48,1567515600,239,1990,1751,2229,36,1.7443658575717371,1.1658267540335456
48,1567530000,909,444,0,1353,36,-0.6012085207201646,0.1525241805773158
48,1567544400,1870,173,0,2043,36,-0.6012085207201646,0.9506734678887298
48,1567558800,443,177,0,620,36,-0.6012085207201646,-0.6953648449288675
48,1567573200,37,48,11,85,36,-0.586473330451055,-1.3142197271196014
48,1567587600,196,2663,2467,2859,36,2.7034927878155988,1.8945717554917934
48,1567602000,278,2050,1772,2328,36,1.772496675358219,1.2803438256912703
48,1567616400,1058,548,0,1606,36,-0.6012085207201646,0.4451789192581676
48,1567630800,2073,289,0,2362,36,-0.6012085207201646,1.3196729210080647
48,1567645200,477,205,0,682,36,-0.6012085207201646,-0.6236470828805954
48,1567659600,53,116,63,169,36,-0.5168160673607187,-1.2170537269251684
48,1567674000,200,2035,1835,2235,36,1.856889128717665,1.1727671826188624
48,1567688400,314,1605,1291,1919,36,1.128166991772608,0.8072379437921858
48,1567702800,1114,553,0,1667,36,-0.6012085207201646,0.5157399432088868
48,1567717200,2097,307,0,2404,36,-0.6012085207201646,1.3682559211052812
48,1567731600,474,245,0,719,36,-0.6012085207201646,-0.5808477732711429
48,1567746000,51,54,3,105,36,-0.5971898324649529,-1.291084965168546
48,1567760400,164,1887,1723,2051,36,1.7068581005230945,0.959927372669152
48,1567774800,365,1514,1149,1879,36,0.9379490810259205,0.7609684198900749
48,1567789200,1190,523,0,1713,36,-0.6012085207201646,0.5689498956963144
48,1567803600,1828,319,0,2147,36,-0.6012085207201646,1.0709742300342182
48,1567818000,477,352,0,829,36,-0.6012085207201646,-0.4536065825403377
48,1567832400,59,27,0,86,36,-0.6012085207201646,-1.3130629890220487
48,1567846800,70,427,357,497,36,-0.12298461834997107,-0.8376436309278587
48,1567861200,233,491,258,724,36,-0.2556013307719575,-0.575064082783379
48,1567875600,352,480,128,832,36,-0.42974448849779834,-0.4501363682476794
48,1567890000,372,458,86,830,36,-0.48600612407076227,-0.45244984444278497
48,1567904400,291,264,0,555,36,-0.6012085207201646,-0.7705528212697977
48,1567918800,43,39,0,82,36,-0.6012085207201646,-1.3176899414122598
48,1567933200,67,262,195,329,36,-0.33999378413140346,-1.0319756313167248
48,1567947600,250,417,167,667,36,-0.3775015411800461,-0.6409981543438871
48,1567962000,258,415,157,673,36,-0.3908971686974184,-0.6340577257585704
48,1567976400,250,358,108,608,36,-0.45653574353254306,-0.7092457020995008
48,1567990800,223,257,34,480,36,-0.5556633871610985,-0.8573081785862559
48,1568005200,26,40,14,66,36,-0.5824546421958433,-1.3361977509731042
48,1568019600,184,1904,1720,2088,36,1.7028394122678827,1.0027266822786045
48,1568034000,307,1491,1184,1798,36,0.9848337773367237,0.6672726339883002
48,1568048400,1102,475,0,1577,36,-0.6012085207201646,0.41163351442913715
48,1568062800,2013,235,0,2248,36,-0.6012085207201646,1.1878047778870484
48,1568077200,440,154,0,594,37,-0.602836373290533,-0.7447371212104806
48,1568091600,38,40,2,78,37,-0.5997494277067482,-1.3728971154065392
48,1568106000,185,2102,1917,2287,37,2.3560009687671344,1.3162606892041075
48,1568120400,266,1540,1274,1806,37,1.3635479635803425,0.7307084465523551
48,1568134800,1135,520,0,1655,37,-0.602836373290533,0.5468864327469193
48,1568149200,2215,289,0,2504,37,-0.602836373290533,1.5804287487788067
48,1568163600,485,195,0,680,37,-0.602836373290533,-0.6400437888444708
48,1568178000,46,58,12,104,37,-0.5843146997878246,-1.3412456428307689
48,1568192400,177,2042,1865,2219,37,2.2757403835887313,1.2334799147751696
48,1568206800,343,1651,1308,1994,37,1.416026038504683,0.9595729405617719
48,1568221200,1079,562,0,1641,37,-0.602836373290533,0.5298433321291968
48,1568235600,2154,263,0,2417,37,-0.602836373290533,1.4745180520829595
48,1568250000,494,172,0,666,37,-0.602836373290533,-0.6570868894621933
48,1568264400,52,53,1,105,37,-0.6012929004986406,-1.3400282785009316
48,1568278800,180,1884,1704,2064,37,2.0272412640940605,1.0447884436503845
48,1568293200,310,1634,1324,1944,37,1.4407216031749608,0.8987047240699058
48,1568307600,1283,512,0,1795,37,-0.602836373290533,0.7173174389241446
48,1568322000,2133,306,0,2439,37,-0.602836373290533,1.5013000673393806
48,1568336400,525,213,0,738,37,-0.602836373290533,-0.5694366577139061
48,1568350800,59,59,0,118,37,-0.602836373290533,-1.3242025422130463
48,1568365200,167,1765,1598,1932,37,1.8636331481534696,0.8840963521118578
48,1568379600,288,1443,1155,1731,37,1.1798747013451507,0.6394061218145559
48,1568394000,1183,550,0,1733,37,-0.602836373290533,0.6418408504742306
48,1568408400,1769,327,0,2096,37,-0.602836373290533,1.0837441022051788
48,1568422800,518,288,0,806,37,-0.602836373290533,-0.48665588328496806
48,1568437200,73,27,0,100,37,-0.602836373290533,-1.3461151001501181
48,1568451600,86,402,316,488,37,-0.11509897105254505,-0.8737777401732368
48,1568466000,234,482,248,716,37,-0.220055120901226,-0.5962186729703272
48,1568480400,390,465,75,855,37,-0.4870759138986055,-0.42700503112293925
48,1568494800,424,346,0,770,37,-0.602836373290533,-0.5304809991591117
48,1568509200,317,302,0,619,37,-0.602836373290533,-0.7143030129645475
48,1568523600,66,37,0,103,37,-0.602836373290533,-1.3424630071606063
48,1568538000,65,257,192,322,37,-0.30648959724719854,-1.0758602189262325
48,1568552400,204,445,241,649,37,-0.23085943044447257,-0.6777820830694278
48,1568566800,294,353,59,647,37,-0.5117714785688834,-0.6802168117291024
48,1568581200,307,344,37,651,37,-0.5457278799905154,-0.6753473544097531
48,1568595600,265,202,0,467,37,-0.602836373290533,-0.8993423910998206
48,1568610000,18,55,37,73,37,-0.5457278799905154,-1.378983937055726
48,1568624400,175,1939,1764,2114,37,2.1198496316076025,1.1056566601422506
48,1568638800,280,1555,1275,1835,37,1.3650914363722348,0.7660120121176375
48,1568653200,1071,537,0,1608,37,-0.602836373290533,0.4896703092445651
48,1568667600,2233,246,0,2479,37,-0.602836373290533,1.5499946405328735
48,1568682000,393,148,0,541,38,-0.6108923544223073,-0.8123070284080747
48,1568696400,1,1,0,2,38,-0.6108923544223073,-1.4154032374239152
48,1568710800,172,1885,1713,2057,38,1.6583797093564678,0.8839709917552173
48,1568725200,290,1610,1320,1900,38,1.1377586229203565,0.7083010384797312
48,1568739600,1136,527,0,1663,38,-0.6108923544223073,0.4431177332167364
48,1568754000,2162,260,0,2422,38,-0.6108923544223073,1.2923756601982264
48,1568768400,493,160,0,653,38,-0.6108923544223073,-0.6869883356255623
48,1568782800,43,41,0,84,38,-0.6108923544223073,-1.3236520516367187
48,1568797200,195,2353,2158,2548,38,2.247887046415169,1.4333591895785527
48,1568811600,262,2147,1885,2409,38,1.8862342306465725,1.277829740500256
48,1568826000,1139,560,0,1699,38,-0.6108923544223073,0.4833987416111154
48,1568840400,2169,293,0,2462,38,-0.6108923544223073,1.3371323361919807
48,1568854800,510,216,0,726,38,-0.6108923544223073,-0.6053074019369605
48,1568869200,49,49,0,98,38,-0.6108923544223073,-1.3079872150389047
48,1568883600,198,2349,2151,2547,38,2.2386138972928973,1.4322402726787087
48,1568898000,292,2037,1745,2329,38,1.7007712482011383,1.1883163885127472
48,1568912400,1190,570,0,1760,38,-0.6108923544223073,0.5516526725015909
48,1568926800,2172,296,0,2468,38,-0.6108923544223073,1.3438458375910438
48,1568941200,505,208,0,713,38,-0.6108923544223073,-0.6198533216349307
48,1568955600,52,53,1,105,38,-0.6095676188334113,-1.3001547967399976
48,1568970000,173,1899,1726,2072,38,1.6756012720121152,0.9007547452528752
48,1568984400,302,1551,1249,1853,38,1.0437023961087435,0.6557119441870699
48,1568998800,1154,554,0,1708,38,-0.6108923544223073,0.49346899370971015
48,1569013200,1650,356,0,2006,38,-0.6108923544223073,0.8269062298631805
48,1569027600,537,189,0,726,38,-0.6108923544223073,-0.6053074019369605
48,1569042000,74,40,0,114,38,-0.6108923544223073,-1.2900845446414029
48,1569056400,80,490,410,570,38,-0.06775076297496471,-0.7798584383126027
48,1569070800,208,550,342,758,38,-0.15783278301988982,-0.569502061141957
48,1569085200,355,483,128,838,38,-0.4413261990436247,-0.47998870915444813
48,1569099600,393,368,0,761,38,-0.6108923544223073,-0.5661453104424254
48,1569114000,345,200,0,545,38,-0.6108923544223073,-0.8078313608086992
48,1569128400,44,41,0,85,38,-0.6108923544223073,-1.3225331347368747
48,1569142800,56,322,266,378,38,-0.2585126877759826,-0.9946904830826239
48,1569157200,212,469,257,681,38,-0.27043530807604615,-0.6556586624299342
48,1569171600,285,407,122,692,38,-0.4492746125770004,-0.6433505765316517
48,1569186000,312,347,35,659,38,-0.5645266088109487,-0.6802748342264991
48,1569200400,283,143,0,426,38,-0.6108923544223073,-0.9409824718901185
48,1569214800,25,62,37,87,38,-0.5618771376331568,-1.3202953009371872
48,1569229200,195,2144,1949,2339,38,1.9710173083359137,1.199505557511186
48,1569243600,277,2151,1874,2428,38,1.871662139168717,1.2990891615972895
48,1569258000,1193,539,0,1732,38,-0.6108923544223073,0.5203229993059628
48,1569272400,2339,230,0,2569,38,-0.6108923544223073,1.4568564444752736
48,1569286800,566,179,0,745,39,-0.6124906359219784,-0.6135958662669253
48,1569301200,46,59,13,105,39,-0.5943786402973359,-1.3460199030916045
48,1569315600,234,2170,1936,2404,39,2.084803481717098,1.2849845666895476
48,1569330000,362,1718,1356,2080,39,1.2767298307715071,0.9141948980470538
48,1569344400,1182,595,0,1777,39,-0.6124906359219784,0.5674378931128699
48,1569358800,2291,313,0,2604,39,-0.6124906359219784,1.5138670781972599
48,1569373200,573,211,0,784,39,-0.6124906359219784,-0.5689637765229214
48,1569387600,50,68,18,118,39,-0.5874124881340118,-1.3311425398436032
48,1569402000,190,2055,1865,2245,39,1.9858841209978966,1.1030229700409164
48,1569416400,342,2092,1750,2434,39,1.825662621241443,1.3193169434157044
48,1569430800,1203,588,0,1791,39,-0.6124906359219784,0.5834596689184096
48,1569445200,2226,308,0,2534,39,-0.6124906359219784,1.4337581991695605
48,1569459600,594,193,0,787,39,-0.6124906359219784,-0.5655305388503057
48,1569474000,53,66,13,119,39,-0.5943786402973359,-1.3299981272860646
48,1569488400,194,2016,1822,2210,39,1.9259752123933096,1.0629685305270669
48,1569502800,408,1806,1398,2214,39,1.3352455089434292,1.067546180757221
48,1569517200,1248,595,0,1843,39,-0.6124906359219784,0.6429691219104149
48,1569531600,2245,281,0,2526,39,-0.6124906359219784,1.424602898709252
48,1569546000,571,206,0,777,39,-0.6124906359219784,-0.5769746644256913
48,1569560400,60,58,0,118,39,-0.6124906359219784,-1.3311425398436032
48,1569574800,171,2162,1991,2333,39,2.1614311555136627,1.2037312751043099
48,1569589200,357,1758,1401,2115,39,1.3394252002414238,0.9542493375609035
48,1569603600,1258,558,0,1816,39,-0.6124906359219784,0.6120699828568736
48,1569618000,1742,278,0,2020,39,-0.6124906359219784,0.8455301445947402
48,1569632400,513,242,0,755,39,-0.6124906359219784,-0.6021517406915396
48,1569646800,71,58,0,129,39,-0.6124906359219784,-1.318554001710679
48,1569661200,68,506,438,574,39,-0.002255706414790611,-0.8092904136060193
48,1569675600,209,569,360,778,39,-0.11092768016264598,-0.5758302518681527
48,1569690000,432,461,29,893,39,-0.5720869533746988,-0.44422280775121825
48,1569704400,411,336,0,747,39,-0.6124906359219784,-0.6113070411518482
48,1569718800,296,251,0,547,39,-0.6124906359219784,-0.8401895526595604
48,1569733200,54,43,0,97,39,-0.6124906359219784,-1.355175203551913
48,1569747600,67,246,179,313,39,-0.363102388474977,-1.1079820911235836
48,1569762000,243,447,204,690,39,-0.3282716276583567,-0.6765385569315462
48,1569776400,270,375,105,645,39,-0.46620144049217316,-0.7280371220207814
48,1569790800,277,376,99,653,39,-0.474560823088162,-0.7188818215604729
48,1569805200,247,187,0,434,39,-0.6124906359219784,-0.9695081716614178
48,1569819600,20,45,25,65,39,-0.5776598751053581,-1.3917964053931469
48,1569834000,135,1953,1818,2088,39,1.9204022906626503,0.9233501985073623
48,1569848400,283,1927,1644,2210,39,1.677980195378973,1.0629685305270669
48,1569862800,1092,428,0,1520,39,-0.6124906359219784,0.2733238658254596
48,1569877200,1924,248,0,2172,39,-0.6124906359219784,1.0194808533406015
48,1569891600,436,163,0,599,40,-0.6090776997914326,-0.7301958852272805
48,1569906000,45,47,2,92,40,-0.6060008097997029,-1.341294422408137
48,1569920400,178,1809,1631,1987,40,1.900126088464083,0.9427918260291863
48,1569934800,300,1547,1247,1847,40,1.3093632100519934,0.774046667833289
48,1569949200,994,571,0,1565,40,-0.6090776997914326,0.43414570632441035
48,1569963600,2107,308,0,2415,40,-0.6090776997914326,1.458669881085215
48,1569978000,467,172,0,639,40,-0.6090776997914326,-0.6819829828855956
48,1569992400,48,48,0,96,40,-0.6090776997914326,-1.3364731321739685
48,1570006800,192,2058,1866,2250,40,2.261660662492315,1.2597916589257647
48,1570021200,289,1684,1395,1973,40,1.5370530694399862,0.9259173102095966
48,1570035600,1165,559,0,1724,40,-0.6090776997914326,0.6257919931326079
48,1570050000,2208,308,0,2516,40,-0.6090776997914326,1.5804074594979693
48,1570064400,488,182,0,670,40,-0.6090776997914326,-0.6446179835707898
48,1570078800,58,56,0,114,40,-0.6090776997914326,-1.3147773261202103
48,1570093200,220,1890,1670,2110,40,1.9601254433028108,1.0910465007298673
48,1570107600,302,1937,1635,2239,40,1.9062798684475422,1.2465331107818012
48,1570122000,1129,537,0,1666,40,-0.6090776997914326,0.5558832847371648
48,1570136400,2186,306,0,2492,40,-0.6090776997914326,1.5514797180929585
48,1570150800,488,226,0,714,40,-0.6090776997914326,-0.5915837909949363
48,1570165200,48,58,10,106,40,-0.5936932498327844,-1.3244199065885471
48,1570179600,183,1854,1671,2037,40,1.9616638882986757,1.0030579539562925
48,1570194000,326,1617,1291,1943,40,1.3770547898700454,0.8897576334533329
48,1570208400,1145,532,0,1677,40,-0.6090776997914326,0.5691418328811282
48,1570222800,1733,328,0,2061,40,-0.6090776997914326,1.0319856953613034
48,1570237200,492,193,0,685,40,-0.6090776997914326,-0.6265381451926579
48,1570251600,76,41,0,117,40,-0.6090776997914326,-1.3111613584445838
48,1570266000,101,428,327,529,40,-0.10600618614363762,-0.8145684643252291
48,1570280400,264,432,168,696,40,-0.35061894048614345,-0.6132795970486945
48,1570294800,393,490,97,883,40,-0.45984853519254537,-0.3878842786013176
48,1570309200,358,407,49,765,40,-0.5336938949940566,-0.530112340509288
48,1570323600,327,205,0,532,40,-0.6090776997914326,-0.8109524966496028
48,1570338000,47,37,0,84,40,-0.6090776997914326,-1.3509370028764738
48,1570352400,69,256,187,325,40,-0.3213884855647119,-1.0604542662678222
48,1570366800,239,397,158,636,40,-0.3660033904447916,-0.6855989505612219
48,1570381200,291,445,154,736,40,-0.37215717042825086,-0.5650666947070097
48,1570395600,300,351,51,651,40,-0.5306170050023269,-0.6675191121830901
48,1570410000,212,162,0,374,40,-0.6090776997914326,-1.001393460899258
48,1570424400,24,59,35,83,40,-0.555232124936164,-1.352142325435016
48,1570438800,174,1863,1689,2037,40,1.9893558982242423,1.0030579539562925
48,1570453200,279,1574,1295,1853,40,1.3832085698535046,0.7812786031845418
48,1570467600,1129,509,0,1638,40,-0.6090776997914326,0.5221342530979853
48,1570482000,2178,268,0,2446,40,-0.6090776997914326,1.4960348804000208
48,1570496400,398,196,0,594,41,-0.5681946518060054,-0.6488646959744692
48,1570510800,46,67,21,113,41,-0.5334385880780841,-1.2669505403764034
48,1570525200,204,1621,1417,1825,41,1.7770121245018247,0.9329724650624981
48,1570539600,57,50,0,107,41,-0.5681946518060054,-1.2746605509094837
48,1570554000,1230,480,0,1710,41,-0.5681946518060054,0.7851972631784597
48,1570568400,2024,269,0,2293,41,-0.5681946518060054,1.5343532866427587
48,1570582800,470,172,0,642,41,-0.5681946518060054,-0.587184611709827
48,1570597200,36,37,1,73,41,-0.5665396011522947,-1.3183506105969387
48,1570611600,153,1875,1722,2028,41,2.2818025738835384,1.1938278214317137
48,1570626000,309,1394,1085,1703,41,1.2275353074699267,0.7762022508898662
48,1570640400,1040,509,0,1549,41,-0.5681946518060054,0.578311980540806
48,1570654800,1991,299,0,2290,41,-0.5681946518060054,1.5304982813762185
48,1570669200,467,166,0,633,41,-0.5681946518060054,-0.5987496275094474
48,1570683600,41,64,23,105,41,-0.5301284867706629,-1.2772305544205105
48,1570698000,177,1934,1757,2111,41,2.339729346763407,1.300482967139324
48,1570712400,296,1616,1320,1912,41,1.6164722110919025,1.0447676177921619
48,1570726800,1131,628,0,1759,41,-0.5681946518060054,0.8481623491986152
48,1570741200,2199,310,0,2509,41,-0.5681946518060054,1.811913665833648
48,1570755600,527,203,0,730,41,-0.5681946518060054,-0.47410445722464983
48,1570770000,66,54,0,120,41,-0.5681946518060054,-1.2579555280878099
48,1570784400,180,1755,1575,1935,41,2.0385101277880895,1.0743226581689695
48,1570798800,346,1564,1218,1910,41,1.447657044413428,1.042197614281135
48,1570813200,1194,591,0,1785,41,-0.5681946518060054,0.881572394841963
48,1570827600,1715,281,0,1996,41,-0.5681946518060054,1.1527077652552857
48,1570842000,519,223,0,742,41,-0.5681946518060054,-0.4586844361584893
48,1570856400,67,40,0,107,41,-0.5681946518060054,-1.2746605509094837
48,1570870800,84,345,261,429,41,-0.1362264311875553,-0.8608899856341763
48,1570885200,243,408,165,651,41,-0.29511129394376684,-0.5756195959102066
48,1570899600,389,408,19,797,41,-0.5367486893855051,-0.3880093396052536
48,1570914000,370,330,0,700,41,-0.5681946518060054,-0.5126545098900511
48,1570928400,273,399,126,672,41,-0.35965826943847773,-0.5486345590444257
48,1570942800,40,36,0,76,41,-0.5681946518060054,-1.3144956053303984
48,1570957200,64,225,161,289,41,-0.301731496558609,-1.040790231406049
48,1570971600,224,348,124,572,41,-0.3629683707458988,-0.6771347345957635
48,1570986000,315,343,28,658,41,-0.5218532335021103,-0.5666245836216129
48,1571000400,274,324,50,598,41,-0.4854421191204785,-0.6437246889524156
48,1571014800,211,322,111,533,41,-0.38448402924413577,-0.7272498030607851
48,1571029200,30,50,20,80,41,-0.5350936387317946,-1.309355598308345
48,1571043600,132,1764,1632,1896,41,2.13284801504959,1.024207589703948
48,1571058000,228,1811,1583,2039,41,2.0517505330177737,1.2079628407423608
48,1571072400,891,467,0,1358,41,-0.5681946518060054,0.332876645237751
48,1571086800,1249,278,0,1527,41,-0.5681946518060054,0.5500419419195117
48,1571101200,323,148,0,471,42,-0.6088702783666338,-0.880376517311083
48,1571115600,0,1,1,1,42,-0.6075355243767909,-1.3955431874871895
48,1571130000,188,2007,1819,2195,42,1.8190472291574584,1.0092986728668059
48,1571144400,286,1596,1310,1882,42,1.1396574483274624,0.6662195925154838
48,1571158800,1179,509,0,1688,42,-0.6088702783666338,0.45357632865555897
48,1571173200,2175,323,0,2498,42,-0.6088702783666338,1.3414167602356575
48,1571187600,502,209,0,711,42,-0.6088702783666338,-0.6173126857317945
48,1571202000,37,42,5,79,42,-0.6021965084174197,-1.3100474422239208
48,1571216400,202,2114,1912,2316,42,1.943179350212841,1.1419266879546972
48,1571230800,339,1635,1296,1974,42,1.1209708924696629,0.7670607279542111
48,1571245200,1298,511,0,1809,42,-0.6088702783666338,0.5862043437434502
48,1571259600,2278,282,0,2560,42,-0.6088702783666338,1.4093749167269738
48,1571274000,457,232,0,689,42,-0.6088702783666338,-0.6414268702932293
48,1571288400,44,58,14,102,42,-0.5901837225088343,-1.284837158364239
48,1571302800,227,2361,2134,2588,42,2.239494735957947,1.4400656970778907
48,1571317200,291,2181,1890,2472,42,1.9138147624362989,1.3129181784812347
48,1571331600,1241,583,0,1824,42,-0.6088702783666338,0.6026458332171557
48,1571346000,2227,281,0,2508,42,-0.6088702783666338,1.3523777532181278
48,1571360400,541,216,0,757,42,-0.6088702783666338,-0.5668921180124309
48,1571374800,54,54,0,108,42,-0.6088702783666338,-1.278260562574757
48,1571389200,198,2343,2145,2541,42,2.2541770298462183,1.38854903006028
48,1571403600,305,2229,1924,2534,42,1.9591963980909548,1.3808763349725508
48,1571418000,1237,493,0,1730,42,-0.6088702783666338,0.49961249918193446
48,1571432400,1831,338,0,2169,42,-0.6088702783666338,0.980800091112383
48,1571446800,533,237,0,770,42,-0.6088702783666338,-0.5526428271352195
48,1571461200,73,48,0,121,42,-0.6088702783666338,-1.2640112716975453
48,1571475600,104,433,329,537,42,-0.1697362157083455,-0.8080339636267787
48,1571490000,260,497,237,757,42,-0.2925335827738851,-0.5668921180124309
48,1571504400,355,475,120,830,42,-0.4486997995854952,-0.48687686924039736
48,1571518800,366,394,28,760,42,-0.5714971666510348,-0.5636038201176898
48,1571533200,332,193,0,525,42,-0.6088702783666338,-0.8211871552057431
48,1571547600,50,43,0,93,42,-0.6088702783666338,-1.2947020520484624
48,1571562000,64,272,208,336,42,-0.3312414484793269,-1.0283499225744328
48,1571576400,213,441,228,654,42,-0.3045463686824705,-0.6797903457318756
48,1571590800,280,449,169,729,42,-0.38329685408319697,-0.5975828983633479
48,1571605200,218,345,127,563,42,-0.43935652165659544,-0.7795353818723558
48,1571619600,225,126,0,351,42,-0.6088702783666338,-1.0119084331007273
48,1571634000,18,62,44,80,42,-0.5501411028135497,-1.3089513429256738
48,1571648400,206,1922,1716,2128,42,1.681567568203648,0.9358600198842545
48,1571662800,285,1788,1503,2073,42,1.397264968367127,0.8755745584806676
48,1571677200,1117,420,0,1537,42,-0.6088702783666338,0.28806533462025663
48,1571691600,2172,294,0,2466,42,-0.6088702783666338,1.3063415826917524
48,1571706000,451,171,0,622,43,-0.6123419202434994,-0.6872786012542117
48,1571720400,50,60,10,110,43,-0.596811509222831,-1.2988248850863202
48,1571734800,193,2044,1851,2237,43,2.2623371596822333,1.2417199307552713
48,1571749200,334,1625,1291,1959,43,1.3926341425247994,0.9096694094558062
48,1571763600,1134,513,0,1647,43,-0.6123419202434994,0.5370083927456151
48,1571778000,2233,303,0,2536,43,-0.6123419202434994,1.598853405102538
48,1571792400,423,237,0,660,43,-0.6123419202434994,-0.6418904005010474
48,1571806800,53,51,0,104,43,-0.6123419202434994,-1.3059914430999777
48,1571821200,197,1944,1747,2141,43,2.1008208850672814,1.127055002536751
48,1571835600,297,1712,1415,2009,43,1.5852112391810884,0.9693907262362855
48,1571850000,1128,584,0,1712,43,-0.6123419202434994,0.6146461045602382
48,1571864400,2174,302,0,2476,43,-0.6123419202434994,1.5271878249659627
48,1571878800,549,166,0,715,43,-0.6123419202434994,-0.5761969520425201
48,1571893200,53,55,2,108,43,-0.6092358380393658,-1.3012137377575395
48,1571907600,190,1963,1773,2153,43,2.1411999537210193,1.1413881185640662
48,1571922000,300,1563,1263,1863,43,1.3491489916669277,0.7950044812372858
48,1571936400,1185,540,0,1725,43,-0.6123419202434994,0.6301736469231628
48,1571950800,2123,302,0,2425,43,-0.6123419202434994,1.4662720818498738
48,1571965200,499,232,0,731,43,-0.6123419202434994,-0.5570861306727667
48,1571979600,75,52,0,127,43,-0.6123419202434994,-1.2785196373809573
48,1571994000,203,1820,1617,2023,43,1.8989255417985913,0.9861126949348198
48,1572008400,351,1546,1195,1897,43,1.2435421967263822,0.8356149766480118
48,1572022800,1216,552,0,1768,43,-0.6123419202434994,0.6815339793543751
48,1572037200,1737,289,0,2026,43,-0.6123419202434994,0.9896959739416485
48,1572051600,480,203,0,683,43,-0.6123419202434994,-0.6144185947820269
48,1572066000,67,82,15,149,43,-0.5890463037124968,-1.2522422579975463
48,1572080400,83,418,335,501,43,-0.09207315105110588,-0.8318041878629717
48,1572094800,223,469,246,692,43,-0.2302938091350552,-0.6036687577615406
48,1572109200,334,452,118,786,43,-0.42908307019961156,-0.49139268221423943
48,1572123600,350,391,41,741,43,-0.5486672350587587,-0.5451418673166708
48,1572138000,298,187,0,485,43,-0.6123419202434994,-0.8509150092327251
48,1572152400,42,31,0,73,43,-0.6123419202434994,-1.3430186595038751
48,1572166800,50,231,181,281,43,-0.33124148076940024,-1.0945779816970809
48,1572181200,164,400,236,564,43,-0.24582422015572367,-0.7565553287195678
48,1572195600,235,374,139,609,43,-0.39646920705620775,-0.7028061436171363
48,1572210000,245,260,15,505,43,-0.5890463037124968,-0.8270264825205333
48,1572224400,214,140,0,354,43,-0.6123419202434994,-1.0073848591975811
48,1572238800,20,57,37,77,43,-0.5548793994670261,-1.3382409541614366
48,1572253200,193,1951,1758,2144,43,2.1179043371900166,1.1306382815435798
48,1572267600,290,1565,1275,1855,43,1.36778548489173,0.7854490705524091
48,1572282000,1082,541,0,1623,43,-0.6123419202434994,0.5083421606909849
48,1572296400,2125,270,0,2395,43,-0.6123419202434994,1.4304392917815862
48,1572310800,453,180,0,633,44,-0.6126602091536387,-0.684564006103218
48,1572325200,53,60,7,113,44,-0.6019558589134789,-1.294978324206116
48,1572339600,209,2018,1809,2227,44,2.1536497314819565,1.186590653619896
48,1572354000,292,1655,1363,1947,44,1.4716297018946292,0.8579060207952587
48,1572368400,1136,537,0,1673,44,-0.6126602091536387,0.5362646301025779
48,1572382800,2237,279,0,2516,44,-0.6126602091536387,1.525840149642468
48,1572397200,464,172,0,636,44,-0.6126602091536387,-0.6810423850372397
48,1572411601,49,64,15,113,44,-0.5897223157818676,-1.294978324206116
48,1572426000,202,2057,1855,2259,44,2.2239926044887213,1.2241546116569975
48,1572440400,282,1729,1447,2011,44,1.6000819047765473,0.9330339368694615
48,1572454800,1191,534,0,1725,44,-0.6126602091536387,0.5973060619128676
48,1572469200,2190,302,0,2492,44,-0.6126602091536387,1.497667181114642
48,1572483600,518,180,0,698,44,-0.6126602091536387,-0.6082622163403557
48,1572498000,44,68,24,112,44,-0.575959579758805,-1.2961521978947754
48,1572512400,200,2026,1826,2226,44,2.1796460106366307,1.1854167799312365
48,1572526800,331,1810,1479,2141,44,1.6490160773029923,1.085637516395186
48,1572541200,1324,495,0,1819,44,-0.6126602091536387,0.707650188646853
48,1572555600,1931,260,0,2191,44,-0.6126602091536387,1.144331200828157
48,1572570000,443,236,0,679,44,-0.6126602091536387,-0.6305658164248847
48,1572584400,52,64,12,116,44,-0.5943098944562218,-1.2914567031401376
48,1572598800,170,1755,1585,1925,44,1.8111105237968415,0.8320807996447515
48,1572613200,324,1422,1098,1746,44,1.0663935856600062,0.6219574093747154
48,1572627600,1126,594,0,1720,44,-0.6126602091536387,0.5914366934695705
48,1572642000,1728,375,0,2103,44,-0.6126602091536387,1.041030316226128
48,1572656400,486,221,0,707,44,-0.6126602091536387,-0.597697353142421
48,1572670800,68,55,0,123,44,-0.6126602091536387,-1.2832395873195217
48,1572685200,72,577,505,649,44,0.1595822010293218,-0.6657820270846673
48,1572699600,271,445,174,716,44,-0.34658064604109395,-0.5871324899444862
48,1572714000,400,486,86,886,44,-0.48114962048881776,-0.38757396287238494
48,1572728400,378,400,22,778,44,-0.5790179655417078,-0.5143523212476022
48,1572742800,283,254,0,537,44,-0.6126602091536387,-0.7972558802145222
48,1572753600,59,53,0,112,44,-0.6126602091536387,-1.2961521978947754
48,1572768000,44,173,129,217,44,-0.41539432615640726,-1.1728954605855364
48,1572782400,195,432,237,627,44,-0.2502414938796553,-0.6916072482351745
48,1572796800,260,467,207,727,44,-0.2961172806231975,-0.5742198793692326
48,1572811200,300,483,183,783,44,-0.3328179100180313,-0.5084829528043051
48,1572825600,267,193,0,460,44,-0.6126602091536387,-0.8876441542412975
48,1572840000,50,29,0,79,44,-0.6126602091536387,-1.3348900296205362
48,1572854400,95,960,865,1055,44,0.7100916419518284,-0.18918930948894314
48,1572868800,345,2244,1899,2589,44,2.2912770917125833,1.6115329289146056
48,1572883200,682,660,0,1342,44,-0.6126602091536387,0.14771243915631013
48,1572897600,2608,263,0,2871,44,-0.6126602091536387,1.942565309116562
48,1572912000,567,246,0,813,45,-0.5736348878789562,-0.3794512244420645
48,1572926400,124,39,0,163,45,-0.5736348878789562,-1.152223953070812
48,1572940800,77,1030,953,1107,45,1.0445418703311433,-0.029920174877677234
48,1572955200,285,2192,1907,2477,45,2.6644166104491234,1.5988469608475289
48,1572969600,656,654,0,1310,45,-0.5736348878789562,0.21142269267868544
48,1572984000,2535,245,0,2780,45,-0.5736348878789562,1.959077940500622
48,1572998400,597,244,0,841,45,-0.5736348878789562,-0.34616255305498
48,1573012800,128,39,0,167,45,-0.5736348878789562,-1.1474684285869428
48,1573027200,86,1061,975,1147,45,1.081897472304514,0.017635069961014917
48,1573041600,301,2294,1993,2595,45,2.8104430545268446,1.7391349331216708
48,1573056000,635,648,13,1283,45,-0.55156112307651,0.17932290241256824
48,1573070400,2459,237,0,2696,45,-0.5736348878789562,1.8592119263393685
48,1573084800,599,255,0,854,45,-0.5736348878789562,-0.3307070984824051
48,1573099200,147,31,0,178,45,-0.5736348878789562,-1.1343907362563024
48,1573113600,97,1040,943,1137,45,1.0275620512523385,0.005746258751341878
48,1573128000,324,1852,1528,2176,45,2.0208814673624205,1.2409937434363705
48,1573142400,662,663,1,1325,45,-0.5719369059710757,0.229255909493195
48,1573156800,2479,269,0,2748,45,-0.5736348878789562,1.9210337446296681
48,1573171200,614,295,0,909,45,-0.5736348878789562,-0.26531863682920337
48,1573185600,124,33,0,157,45,-0.5736348878789562,-1.1593572397966159
48,1573200000,94,908,814,1002,45,0.8085223851357562,-0.15475269257924412
48,1573214400,301,1912,1611,2213,45,2.1618139657165005,1.2849823449121607
48,1573228800,800,568,0,1368,45,-0.5736348878789562,0.28037779769478904
48,1573243200,2186,308,0,2494,45,-0.5736348878789562,1.619057939903973
48,1573257600,573,296,0,869,45,-0.5736348878789562,-0.31287388166789554
48,1573272000,153,56,0,209,45,-0.5736348878789562,-1.097535421506316
48,1573286400,52,262,210,314,45,-0.21705868722405494,-0.9727029038047491
48,1573300800,198,477,279,675,45,-0.09989793558030166,-0.5435168191355525
48,1573315200,335,388,53,723,45,-0.48364184676129063,-0.48645052532912186
48,1573329600,385,370,0,755,45,-0.5736348878789562,-0.44840632945816816
48,1573344000,296,288,0,584,45,-0.5736348878789562,-0.6517050011435771
48,1573358400,87,64,0,151,45,-0.5736348878789562,-1.1664905265224197
48,1573372800,48,149,101,197,45,-0.40213871518302746,-1.1118019949579236
48,1573387200,172,414,242,586,45,-0.16272326617187952,-0.6493272389016425
48,1573401600,229,361,132,590,45,-0.34950127603873254,-0.6445717144177733
48,1573416000,306,343,37,649,45,-0.5108095572873783,-0.5744277282807023
48,1573430400,251,194,0,445,45,-0.5736348878789562,-0.8169594769580323
48,1573444800,36,39,3,75,45,-0.5685409421553147,-1.2568454917159346
48,1573459200,71,831,760,902,45,0.7168313621102103,-0.2736408046759745
48,1573473600,308,1927,1619,2235,45,2.1753978209795446,1.3111377295734414
48,1573488000,594,609,15,1203,45,-0.5481651592607489,0.08421241273518393
48,1573502400,2144,305,0,2449,45,-0.5736348878789562,1.5655582894604443
48,1573516800,522,207,0,729,46,-0.5755134623422697,-0.5028673650457537
48,1573531200,118,36,0,154,46,-0.5755134623422697,-1.140661959124581
48,1573545600,98,976,878,1074,46,0.7359829186572074,-0.12019060859845732
48,1573560000,339,2294,1955,2633,46,2.34473189626135,1.6090646473474415
48,1573574400,685,650,0,1335,46,-0.5755134623422697,0.16931267671384517
48,1573588800,2391,217,0,2608,46,-0.5755134623422697,1.5813344476048838
48,1573603200,517,243,0,760,46,-0.5755134623422697,-0.4684819173649821
48,1573617600,89,45,0,134,46,-0.5755134623422697,-1.1628461189186272
48,1573632000,101,936,835,1037,46,0.6717524580843401,-0.16123130421744272
48,1573646400,328,2258,1930,2586,46,2.3073886052306127,1.556931871831433
48,1573660800,638,535,0,1173,46,-0.5755134623422697,-0.010379017617928778
48,1573675200,2109,224,0,2333,46,-0.5755134623422697,1.276302250436749
48,1573689600,624,256,0,880,46,-0.5755134623422697,-0.33537695860070516
48,1573704000,136,31,0,167,46,-0.5755134623422697,-1.126242255258451
48,1573718400,88,1089,1001,1177,46,0.9197119105284327,-0.005942185659119545
48,1573732800,344,2448,2104,2792,46,2.567297910804541,1.7854287177101085
48,1573747200,692,700,8,1392,46,-0.563563609212434,0.23253753212687675
48,1573761600,2458,363,0,2821,46,-0.5755134623422697,1.8175957494114754
48,1573776000,625,332,0,957,46,-0.5755134623422697,-0.24996794339362738
48,1573790400,128,35,0,163,46,-0.5755134623422697,-1.1306790872172603
48,1573804800,111,953,842,1064,46,0.6822085795729464,-0.1312826884954804
48,1573819200,319,2163,1844,2482,46,2.1789276840848784,1.4415742409023928
48,1573833600,781,584,0,1365,46,-0.5755134623422697,0.20258891640491444
48,1573848000,2125,343,0,2468,46,-0.5755134623422697,1.4260453290465607
48,1573862400,570,280,0,850,46,-0.5755134623422697,-0.3686531982917744
48,1573876800,161,54,0,215,46,-0.5755134623422697,-1.0730002717527403
48,1573891200,45,280,235,325,46,-0.22448652665334362,-0.9509873928854863
48,1573905600,214,527,313,741,46,-0.10797545863744475,-0.489556869169326
48,1573920000,315,465,150,780,46,-0.3514537161578488,-0.446297757570936
48,1573934400,387,439,52,826,46,-0.49783941699833717,-0.39527419004462977
48,1573948800,304,257,0,561,46,-0.5755134623422697,-0.6892143073157415
48,1573963200,78,59,0,137,46,-0.5755134623422697,-1.1595184949495203
48,1573977600,39,158,119,197,46,-0.39775939703596247,-1.0929660155673817
48,1573992000,179,413,234,592,46,-0.2259802582945731,-0.65482885963497
48,1574006400,280,391,111,671,46,-0.40970925016579823,-0.5672014284484876
48,1574020800,237,409,172,646,46,-0.31859162005080044,-0.5949316281910453
48,1574035200,248,226,0,474,46,-0.5755134623422697,-0.7857154024198424
48,1574049600,44,31,0,75,46,-0.5755134623422697,-1.2282893903110634
48,1574064000,69,1083,1014,1152,46,0.9391304218644159,-0.03367238540167725
48,1574078400,311,2586,2275,2897,46,2.822726021454781,1.901895556628851
48,1574092800,624,734,110,1358,46,-0.41120298180702775,0.19482446047699828
48,1574107200,2554,324,0,2878,46,-0.5755134623422697,1.880820604824507
48,1574121600,473,257,0,730,47,-0.5937171636448968,-0.5367166476853548
48,1574136000,8,11,3,19,47,-0.5894141229420348,-1.3033960321952838
48,1574150400,111,1234,1123,1345,47,1.0170544061264695,0.12644484524517455
48,1574164800,307,2458,2151,2765,47,2.4915630203072032,1.657646991523795
48,1574179200,653,740,87,1393,47,-0.4689289832618969,0.17820379103487438
48,1574193600,2638,255,0,2893,47,-0.5937171636448968,1.7956708469629945
48,1574208000,582,253,0,835,47,-0.5937171636448968,-0.42349395377038634
48,1574222400,118,32,0,150,47,-0.5937171636448968,-1.162137242644228
48,1574236800,99,1199,1100,1298,47,0.9840644274045268,0.07576421082609344
48,1574251200,351,2402,2051,2753,47,2.348128330211801,1.6447072550763702
48,1574265600,687,681,0,1368,47,-0.5937171636448968,0.15124600676940572
48,1574280000,2594,316,0,2910,47,-0.5937171636448968,1.8140021402635134
48,1574294400,635,272,0,907,47,-0.5937171636448968,-0.34585553508583655
48,1574308800,135,34,0,169,47,-0.5937171636448968,-1.1416493266024716
48,1574323200,89,1184,1095,1273,47,0.9768926928997568,0.04880642656062477
48,1574337600,318,2464,2146,2782,47,2.4843912858024333,1.6759782848243137
48,1574352000,678,671,0,1349,47,-0.5937171636448968,0.13075809072764952
48,1574366400,2497,313,0,2810,47,-0.5937171636448968,1.7061710032016386
48,1574380800,673,302,0,975,47,-0.5937171636448968,-0.2725303618837618
48,1574395200,147,52,0,199,47,-0.5937171636448968,-1.1092999854839094
48,1574409600,85,1002,917,1087,47,0.721578944529941,-0.15175948837446215
48,1574424000,320,2249,1929,2569,47,2.1731380082954104,1.4462979628825205
48,1574438400,773,632,0,1405,47,-0.5937171636448968,0.19114352748229935
48,1574452800,2080,349,0,2429,47,-0.5937171636448968,1.295334370995896
48,1574467200,572,306,0,878,47,-0.5937171636448968,-0.3771265648337802
48,1574481600,151,61,0,212,47,-0.5937171636448968,-1.0952819376658656
48,1574496000,48,298,250,346,47,-0.23513043840639142,-0.9507882140029535
48,1574510400,203,553,350,756,47,-0.09169574831098926,-0.5086805520492673
48,1574524800,314,451,137,765,47,-0.3972116382141958,-0.4989757497136986
48,1574539200,426,442,16,868,47,-0.5707676132296324,-0.3879096785399677
48,1574553600,304,246,0,550,47,-0.5937171636448968,-0.7308126943967291
48,1574568000,74,62,0,136,47,-0.5937171636448968,-1.1772336018328904
48,1574582400,34,199,165,233,47,-0.3570499249874832,-1.072637398882872
48,1574596800,146,515,369,661,47,-0.06444315719286285,-0.6111201322580483
48,1574611200,238,449,211,687,47,-0.29106996754359826,-0.5830840366219608
48,1574625600,269,423,154,692,47,-0.3728277408979775,-0.5776924797688672
48,1574640000,247,195,0,442,47,-0.5937171636448968,-0.8472703224235538
48,1574654400,42,39,0,81,47,-0.5937171636448968,-1.2365407272169215
48,1574668800,84,1104,1020,1188,47,0.8693166753282051,-0.04285003994196871
48,1574683200,300,2411,2111,2711,47,2.4341891442690424,1.5994181775103826
48,1574697600,660,650,0,1310,47,-0.5937171636448968,0.0887039472735184
48,1574712000,2335,301,0,2636,47,-0.5937171636448968,1.5185448247139768
48,1574726400,574,240,0,814,48,-0.46912722662092365,0.0764079950531227
48,1574740800,119,35,0,154,48,-0.46912722662092365,-0.7228484664082214
48,1574755200,73,1067,994,1140,48,1.4133336977322404,0.47119224722948355
48,1574769600,337,2342,2005,2679,48,3.327989627833899,2.3349129960007087
48,1574784000,713,692,0,1405,48,-0.46912722662092365,0.792105826452599
48,1574798400,2476,241,0,2717,48,-0.46912722662092365,2.380930792266665
48,1574812800,637,243,0,880,48,-0.46912722662092365,0.1563336411992571
48,1574827200,128,34,0,162,48,-0.46912722662092365,-0.7131605092995991
48,1574841600,62,944,882,1006,48,1.2012254245656866,0.30891896566005916
48,1574856000,277,1808,1531,2085,48,2.4303171146111633,1.6155821806854989
48,1574870400,1172,511,0,1683,48,-0.46912722662092365,1.1287623359772256
48,1574884800,1272,327,0,1599,48,-0.46912722662092365,1.027038786336691
48,1574899200,473,279,0,752,48,-0.46912722662092365,0.0013263274612994626
48,1574913600,112,45,0,157,48,-0.46912722662092365,-0.719215482492488
48,1574928000,58,253,195,311,48,-0.09983157244701318,-0.5327223081515077
48,1574942400,165,288,123,453,48,-0.23618689091122627,-0.360761069473461
48,1574956800,230,313,83,543,48,-0.3119398456135669,-0.2517715520014595
48,1574971200,197,237,40,434,48,-0.39337427191858304,-0.38376996760643906
48,1574985600,167,215,48,382,48,-0.37822368097811493,-0.4467416888124843
48,1575000000,40,38,0,78,48,-0.46912722662092365,-0.8148840589401337
48,1575014400,31,502,471,533,48,0.42286381499913706,-0.26388149838723746
48,1575028800,157,1095,938,1252,48,1.3072795611489636,0.6068236467501965
48,1575043200,414,490,76,904,48,-0.3251966126864765,0.18539751252512415
48,1575057600,676,352,0,1028,48,-0.46912722662092365,0.33556084770877065
48,1575072000,353,190,0,543,48,-0.46912722662092365,-0.2517715520014595
48,1575086400,31,15,0,46,48,-0.46912722662092365,-0.8536358873746231
48,1575100800,8,7,0,15,48,-0.46912722662092365,-0.8911767211705348
48,1575115200,3,12,9,15,48,-0.452082811812897,-0.8911767211705348
48,1575129600,1,4,3,5,48,-0.4634457550182481,-0.9032866675563127
48,1575144000,1,6,5,7,48,-0.45965810728313106,-0.9008646782791572
48,1575158400,0,0,0,0,48,-0.46912722662092365,-0.9093416407492017
48,1575172800,0,0,0,0,48,-0.46912722662092365,-0.9093416407492017
48,1575187200,0,1,1,1,48,-0.4672334027533651,-0.9081306461106239
48,1575201600,7,5,0,12,48,-0.46912722662092365,-0.8948097050862681
48,1575216000,6,2,0,8,48,-0.46912722662092365,-0.8996536836405793
48,1575230400,1,3,2,4,48,-0.4653395788858066,-0.9044976621948905
48,1575244800,0,2,2,2,48,-0.4653395788858066,-0.9069196514720461
48,1575259200,4,8,4,12,48,-0.4615519311506896,-0.8948097050862681
48,1575273600,84,1075,991,1159,48,1.407652226129565,0.4942011453624616
48,1575288000,299,2300,2001,2599,48,3.3204143323636655,2.238033424914485
48,1575302400,770,590,0,1360,48,-0.46912722662092365,0.7376110677165982
48,1575316800,2289,310,0,2599,48,-0.46912722662092365,2.238033424914485
48,1575331200,506,205,0,711,49,-0.5699771021546396,-0.5385021886271065
48,1575345600,92,36,0,128,49,-0.5699771021546396,-1.1569134347917875
48,1575360000,100,994,894,1094,49,0.7311841473408863,-0.13223888282766771
48,1575374400,335,2536,2201,2871,49,2.633441141849446,1.7526955673175093
48,1575388800,636,695,59,1331,49,-0.48410628143849194,0.1191564265051443
48,1575403200,2647,293,0,2940,49,-0.5699771021546396,1.8258866067435178
48,1575417600,584,293,0,877,49,-0.5699771021546396,-0.3624193981239555
48,1575432000,125,28,0,153,49,-0.5699771021546396,-1.1303949422461324
48,1575446400,85,1089,1004,1174,49,0.8912822876591278,-0.04737970668157084
48,1575460800,336,2383,2047,2719,49,2.409303745403908,1.5914631326399251
48,1575475200,712,699,0,1411,49,-0.5699771021546396,0.2040156026512412
48,1575489600,2709,274,0,2983,49,-0.5699771021546396,1.871498413922045
48,1575504000,673,284,0,957,49,-0.5699771021546396,-0.2775602219778586
48,1575518400,149,42,0,191,49,-0.5699771021546396,-1.0900868335767362
48,1575532800,75,1066,991,1141,49,0.8723615983487901,-0.0823841168418358
48,1575547200,340,2454,2114,2794,49,2.5068180672341094,1.6710186102768911
48,1575561600,709,699,0,1408,49,-0.5699771021546396,0.20083338354576255
48,1575576000,2435,299,0,2734,49,-0.5699771021546396,1.6073742281673185
48,1575590400,674,312,0,986,49,-0.5699771021546396,-0.24679877062489852
48,1575604800,146,32,0,178,49,-0.5699771021546396,-1.103876449700477
48,1575619200,77,945,868,1022,49,0.6933427687202111,-0.20861214135915493
48,1575633600,332,2252,1920,2584,49,2.224463165218302,1.4482632728933866
48,1575648000,734,619,0,1353,49,-0.5699771021546396,0.14249269994532093
48,1575662400,2047,375,0,2422,49,-0.5699771021546396,1.2764234411975406
48,1575676800,586,275,0,861,49,-0.5699771021546396,-0.3793912333531749
48,1575691200,158,60,0,218,49,-0.5699771021546396,-1.0614468616274286
48,1575705600,63,283,220,346,49,-0.24978082151815675,-0.9256721797936736
48,1575720000,207,477,270,684,49,-0.1770089395553197,-0.5671421605764142
48,1575734400,328,463,135,791,49,-0.3734930208549797,-0.4536430124810097
48,1575748800,369,475,106,844,49,-0.41570071239342515,-0.39742380828422047
48,1575763200,329,289,0,618,49,-0.5699771021546396,-0.6371509808969442
48,1575777600,75,66,0,141,49,-0.5699771021546396,-1.1431238186680468
48,1575792000,33,187,154,220,49,-0.3458397057091016,-1.0593253822237763
48,1575806400,170,450,280,620,49,-0.1624545631627523,-0.6350295014932917
48,1575820800,260,397,137,657,49,-0.3705821455764662,-0.595782132525722
48,1575835200,285,370,85,655,49,-0.4462649028178167,-0.5979036119293744
48,1575849600,229,176,0,405,49,-0.5699771021546396,-0.8630885373859272
48,1575864000,42,41,0,83,49,-0.5699771021546396,-1.204646721373967
48,1575878400,78,835,757,913,49,0.5317891907627129,-0.3242327688582119
48,1575892800,316,2479,2163,2795,49,2.57813451155769,1.6720793499787172
48,1575907200,666,709,43,1375,49,-0.5073932836665997,0.16582897338549757
48,1575921600,2499,297,0,2796,49,-0.5699771021546396,1.6731400896805435
48,1575936000,540,239,0,779,50,-0.5680953246565951,-0.4880329732493556
48,1575950400,108,22,0,130,50,-0.5680953246565951,-1.146783234952383
48,1575964800,91,1276,1185,1367,50,0.9357664012174933,0.10880085399468148
48,1575979200,337,3612,3275,3949,50,3.5881469979068137,2.7295915715866945
48,1575993600,640,711,71,1351,50,-0.4779905292666708,0.09256047774314306
48,1576008000,2599,238,0,2837,50,-0.5680953246565951,1.6008854221047741
48,1576022400,607,237,0,844,50,-0.5680953246565951,-0.4220564447274808
48,1576036800,133,48,0,181,50,-0.5680953246565951,-1.0950170356506042
48,1576051200,81,1119,1038,1200,50,0.7492114023115938,-0.06070807313075082
48,1576065600,378,2635,2257,3013,50,2.296221903442829,1.7795295608716968
48,1576080000,680,675,0,1355,50,-0.5680953246565951,0.09662057180602766
48,1576094400,2484,249,0,2733,50,-0.5680953246565951,1.4953229764697744
48,1576108800,670,315,0,985,50,-0.5680953246565951,-0.2789381290107984
48,1576123200,123,20,0,143,50,-0.5680953246565951,-1.133587929248008
48,1576137600,88,1103,1015,1191,50,0.7200225249317592,-0.06984328477224118
48,1576152000,351,2519,2168,2870,50,2.183273638799121,1.634381198123572
48,1576166400,660,780,120,1440,50,-0.41580552963137096,0.18289757064232554
48,1576180800,2466,256,0,2722,50,-0.5680953246565951,1.4841577177968417
48,1576195200,678,279,0,957,50,-0.5680953246565951,-0.30735878745099066
48,1576209600,174,47,0,221,50,-0.5680953246565951,-1.054416095021758
48,1576224000,80,1006,926,1086,50,0.6070742602880512,-0.17642075392296208
48,1576238400,295,2249,1954,2544,50,1.911690171004138,1.3034835319984768
48,1576252800,769,681,0,1450,50,-0.5680953246565951,0.19304780579953706
48,1576267200,1941,429,0,2370,50,-0.5680953246565951,1.1268694402629964
48,1576281600,527,292,0,819,50,-0.5680953246565951,-0.4474320326205095
48,1576296000,137,95,0,232,50,-0.5680953246565951,-1.0432508363488255
48,1576310400,47,288,241,335,50,-0.2622466529809366,-0.9387034142295468
48,1576324800,165,555,390,720,50,-0.07315349082461663,-0.5479193606769035
48,1576339200,348,462,114,810,50,-0.42342001938263213,-0.4565672442619999
48,1576353600,380,466,86,846,50,-0.4589543048885178,-0.42002639769603844
48,1576368000,282,308,26,590,50,-0.5350992024011298,-0.6798724177206532
48,1576382400,75,78,3,153,50,-0.5642880797809645,-1.1234376940907964
48,1576396800,33,162,129,195,50,-0.40438379500447913,-1.080806706430508
48,1576411200,177,466,289,643,50,-0.20133073497084694,-0.6260761713874322
48,1576425600,250,441,191,691,50,-0.32570073424144663,-0.5773550426328169
48,1576440000,286,398,112,684,50,-0.4259581826330526,-0.584460207242865
48,1576454400,240,247,7,487,50,-0.5592117532801236,-0.7844198398399318
48,1576468800,45,57,12,102,50,-0.5528663451540726,-1.1752038933925752
48,1576483200,77,1059,982,1136,50,0.6781428312998226,-0.12566957813690452
48,1576497600,336,2436,2100,2772,50,2.0969760882848276,1.5349088935828994
48,1576512000,624,734,110,1358,50,-0.42849634588347296,0.09966564235319111
48,1576526400,2305,316,0,2621,50,-0.5680953246565951,1.3816403427090054
48,1576540800,498,278,0,776,51,-0.5823875940296571,-0.3854094071531697
48,1576555200,23,11,0,34,51,-0.5823875940296571,-1.2541905112776817
48,1576569600,83,1080,997,1163,51,1.044815856453953,0.06771496925678465
48,1576584000,357,2419,2062,2776,51,2.783002089919394,1.9563186363091265
48,1576598400,680,676,0,1356,51,-0.5823875940296571,0.2936917254508962
48,1576612800,2300,330,0,2630,51,-0.5823875940296571,1.785372489136379
48,1576627200,558,334,0,892,51,-0.5823875940296571,-0.2495891806323565
48,1576641600,29,14,0,43,51,-0.5823875940296571,-1.2436527350821012
48,1576656000,94,976,882,1070,51,0.8571243852346799,-0.04117538476421213
48,1576670400,347,2389,2042,2736,51,2.7503600949247375,1.9094840754398805
48,1576684800,695,794,99,1489,51,-0.42080971880610907,0.44941664034113893
48,1576699200,2443,300,0,2743,51,-0.5823875940296571,1.9176801235919987
48,1576713600,615,297,0,912,51,-0.5823875940296571,-0.22617190019773353
48,1576728000,3,3,0,6,51,-0.5823875940296571,-1.2869747038861536
48,1576742400,72,1000,928,1072,51,0.9322009737223892,-0.038833656720749836
48,1576756800,326,2065,1739,2391,51,2.255833870755697,1.5055359879426344
48,1576771200,683,697,14,1380,51,-0.5595381975333977,0.32179246197244377
48,1576785600,2300,174,0,2474,51,-0.5823875940296571,1.60271770174632
48,1576800000,709,257,0,966,51,-0.5823875940296571,-0.16294524302425153
48,1576814400,14,3,0,17,51,-0.5823875940296571,-1.274095199647111
48,1576828800,64,920,856,984,51,0.8146897917416268,-0.14186969063309088
48,1576843200,243,2062,1819,2305,51,2.3864018507343214,1.4048416820737557
48,1576857600,738,546,0,1284,51,-0.5823875940296571,0.20938951588625357
48,1576872000,2104,309,0,2413,51,-0.5823875940296571,1.5312949964207199
48,1576886400,536,231,0,767,51,-0.5823875940296571,-0.39594718334875
48,1576900800,113,50,0,163,51,-0.5823875940296571,-1.1031490524743635
48,1576915200,44,254,210,298,51,-0.23964664658576731,-0.9450824095406585
48,1576929600,186,459,273,645,51,-0.1368243623526004,-0.53879259399995
48,1576944000,268,398,130,666,51,-0.37021462656439197,-0.514204449543596
48,1576958400,339,402,63,741,51,-0.47956530979649015,-0.42638964791375983
48,1576972800,276,231,0,507,51,-0.5823875940296571,-0.7003718289988485
48,1576987200,73,55,0,128,51,-0.5823875940296571,-1.1441292932349536
48,1577001600,29,146,117,175,51,-0.3914319233109185,-1.0890986842135897
48,1577016000,159,401,242,560,51,-0.18741945459431747,-0.6383160358470976
48,1577030400,216,361,145,577,51,-0.34573313031839986,-0.6184113474776681
48,1577044800,256,342,86,598,51,-0.44202701555263557,-0.5938232030213141
48,1577059200,224,168,0,392,51,-0.5823875940296571,-0.8350211914979305
48,1577073600,41,26,0,67,51,-0.5823875940296571,-1.2155519985605536
48,1577088000,59,932,873,991,51,0.8424354874870846,-0.13367364248097283
48,1577102400,304,1712,1408,2016,51,1.7156088535941372,1.066461979793454
48,1577116800,666,668,2,1334,51,-0.5791233945301915,0.26793271697281096
48,1577131200,1573,307,0,1880,51,-0.5823875940296571,0.9072244728380179
48,1577145600,448,201,0,649,52,-0.5911913765334783,-0.21720605125759596
48,1577160000,2,2,0,4,52,-0.5911913765334783,-1.3424904131945388
48,1577174400,59,692,633,751,52,0.9134793207854364,-0.039254105648963124
48,1577188800,288,1421,1133,1709,52,2.1020027783833153,1.6320984815380002
48,1577203200,924,456,0,1380,52,-0.5911913765334783,1.0581162256042727
48,1577217600,703,288,0,991,52,-0.5911913765334783,0.37945635460664356
48,1577232000,284,135,0,419,52,-0.5911913765334783,-0.6184702423358857
48,1577246400,38,39,1,77,52,-0.5888143296182825,-1.2151326482001252
48,1577260800,26,129,103,155,52,-0.3463555442683152,-1.079051748617053
48,1577275200,139,193,54,332,52,-0.46283084311290734,-0.770252784178543
48,1577289600,175,244,69,419,52,-0.427175139384971,-0.6184702423358857
48,1577304000,162,215,53,377,52,-0.46520789002810314,-0.6917445728806169
48,1577318400,150,167,17,317,52,-0.5507815789751505,-0.7964221879445185
48,1577332800,17,40,23,57,52,-0.5365192974839759,-1.2500251865547591
48,1577347200,54,747,693,801,52,1.0561021356971818,0.04797724023762159
48,1577361600,239,1366,1127,1605,52,2.0877404968921405,1.4506572820939039
48,1577376000,527,554,27,1081,52,-0.5270111098231929,0.5364727772024961
48,1577390400,1140,365,0,1505,52,-0.5911913765334783,1.2761945903207346
48,1577404800,387,210,0,597,52,-0.5911913765334783,-0.30792665097964406
48,1577419200,3,5,2,8,52,-0.5864372827030868,-1.335511905523612
48,1577433600,49,745,696,794,52,1.063233276442769,0.03576485181349973
48,1577448000,245,1583,1338,1828,52,2.5892973959984458,1.8397090847480717
48,1577462400,591,578,0,1169,52,-0.5911913765334783,0.6899999459628852
48,1577476800,1199,340,0,1539,52,-0.5911913765334783,1.335511905523612
