remote_unit_id,time_stamp,entries,exits,num_people_exited,sum_exit_entry,week_num,z_score_num_people_exited,z_score_sum_exit_entry
51,1546311600,142,100,0,242,1,-0.42548658768696856,-0.8711466447295271
51,1546326000,47,39,0,86,1,-0.42548658768696856,-1.0579308850681572
51,1546340400,81,240,159,321,1,-0.12758352283337493,-0.7765571896862464
51,1546354800,207,469,262,676,1,0.06539770785794671,-0.35150330942846614
51,1546369200,458,448,0,906,1,-0.42548658768696856,-0.07611628841638317
51,1546383600,259,170,0,429,1,-0.42548658768696856,-0.647245023297964
51,1546398000,108,40,0,148,1,-0.42548658768696856,-0.9836961228822915
51,1546412400,61,225,164,286,1,-0.11821550192602923,-0.8184639102750416
51,1546426800,330,2182,1852,2512,1,3.0444283563938828,1.8468035191723355
51,1546441200,586,693,107,1279,1,-0.22501094026977034,0.3704896195727775
51,1546455600,1525,633,0,2158,1,-0.42548658768696856,1.422946973788521
51,1546470000,602,240,0,842,1,-0.42548658768696856,-0.15274572035018016
51,1546484400,164,47,0,211,1,-0.42548658768696856,-0.90826402582246
51,1546498800,64,245,181,309,1,-0.08636423084105381,-0.7909252081738334
51,1546513200,403,2211,1808,2614,1,2.9619897724092406,1.9689316763168245
51,1546527600,624,758,134,1382,1,-0.1744236273701035,0.49381511159123204
51,1546542000,1641,699,0,2340,1,-0.42548658768696856,1.6408619208502562
51,1546556400,705,206,0,911,1,-0.42548658768696856,-0.07012961404655528
51,1546570800,185,64,0,249,1,-0.42548658768696856,-0.862765300611768
51,1546585200,59,237,178,296,1,-0.09198504338546123,-0.8064905615353859
51,1546599600,381,2171,1790,2552,1,2.928264897142796,1.8946969141309586
51,1546614000,711,752,41,1463,1,-0.34866881624673374,0.5907992363824439
51,1546628400,1570,656,0,2226,1,-0.42548658768696856,1.5043657452181802
51,1546642800,657,218,0,875,1,-0.42548658768696856,-0.11323366950931608
51,1546657200,207,64,0,271,1,-0.42548658768696856,-0.8364239333845254
51,1546671600,45,71,26,116,1,-0.3767728789687708,-1.02201083884919
51,1546686000,152,420,268,572,1,0.07663933294676156,-0.4760261363208863
51,1546700400,398,476,78,874,1,-0.27934546153237544,-0.11443100438328167
51,1546714800,648,407,0,1055,1,-0.42548658768696856,0.10228660780448799
51,1546729200,402,180,0,582,1,-0.42548658768696856,-0.4640527875812305
51,1546743600,169,52,0,221,1,-0.42548658768696856,-0.8962906770828042
51,1546758000,34,35,1,69,1,-0.4236129835054994,-1.078285577925572
51,1546772400,117,236,119,353,1,-0.2025276900921406,-0.7382424737193479
51,1546786800,352,497,145,849,1,-0.15381398137394292,-0.14436437623242113
51,1546801200,574,381,0,955,1,-0.42548658768696856,-0.017446879592069833
51,1546815600,336,142,0,478,1,-0.42548658768696856,-0.5885756144736506
51,1546830000,103,34,0,137,1,-0.42548658768696856,-0.9968668064959127
51,1546844400,63,249,186,312,1,-0.07699620993370809,-0.7873332035519366
51,1546858800,387,2351,1964,2738,1,3.2542720247184267,2.117401200688556
51,1546873200,688,763,75,1451,1,-0.2849662740767829,0.576431217894857
51,1546887600,1665,695,0,2360,1,-0.42548658768696856,1.6648086183295676
51,1546902000,1220,796,0,2016,1,-0.42548658768696856,1.2529254216854087
51,1546916400,151,31,0,182,2,-0.460441048279289,-0.9937203650258706
51,1546930800,61,251,190,312,2,-0.14385311399799255,-0.8508820553499128
51,1546945200,414,2350,1936,2764,2,2.7654233768185525,1.8432682163843046
51,1546959600,691,780,89,1471,2,-0.31214459485278695,0.4225764132226638
51,1546974000,1646,677,0,2323,2,-0.460441048279289,1.358716719714325
51,1546988400,681,236,0,917,2,-0.460441048279289,-0.18613453724257126
51,1547002800,130,30,0,160,2,-0.460441048279289,-1.0178930020479557
51,1547017200,69,292,223,361,2,-0.08886678857018844,-0.7970430001643596
51,1547031600,397,2368,1971,2765,2,2.8237422068177387,1.844366972612581
51,1547046000,656,864,208,1520,2,-0.11386057285555395,0.4764154684082171
51,1547060400,1716,717,0,2433,2,-0.460441048279289,1.4795799048247507
51,1547074800,730,238,0,968,2,-0.460441048279289,-0.1300979696004648
51,1547089200,186,35,0,221,2,-0.460441048279289,-0.9508688721230832
51,1547103600,57,240,183,297,2,-0.1555168799978298,-0.8673633987740618
51,1547118000,426,2361,1935,2787,2,2.7637571245328614,1.8685396096346663
51,1547132400,615,960,345,1575,2,0.11441599028411768,0.5368470609634299
51,1547146800,1614,760,0,2374,2,-0.460441048279289,1.4147532873564315
51,1547161200,716,245,0,961,2,-0.460441048279289,-0.13778926319840096
51,1547175600,175,39,0,214,2,-0.460441048279289,-0.9585601657210194
51,1547190000,61,249,188,310,2,-0.14718561856937462,-0.853079567806466
51,1547204400,421,2186,1765,2607,2,2.4804942359653857,1.6707634885448788
51,1547218800,738,837,99,1575,2,-0.2954820719958766,0.5368470609634299
51,1547233200,1633,724,0,2357,2,-0.460441048279289,1.3960744314757294
51,1547247600,647,196,0,843,2,-0.460441048279289,-0.2674424981350395
51,1547262000,198,49,0,247,2,-0.460441048279289,-0.9223012101878917
51,1547276400,42,55,13,97,2,-0.43877976856530554,-1.0871146444293813
51,1547290800,153,286,133,439,2,-0.23882949428238148,-0.7113400143587849
51,1547305200,414,383,0,797,2,-0.460441048279289,-0.317985284635763
51,1547319600,717,397,0,1114,2,-0.460441048279289,0.03032043972791847
51,1547334000,416,168,0,584,2,-0.460441048279289,-0.5520203612586783
51,1547348400,161,57,0,218,2,-0.460441048279289,-0.954165140807913
51,1547362800,29,32,3,61,2,-0.4554422914222159,-1.1266698686473389
51,1547377200,105,207,102,312,2,-0.29048331513880354,-0.8508820553499128
51,1547391600,302,369,67,671,2,-0.34880214513798974,-0.45642856939861426
51,1547406000,529,315,0,844,2,-0.460441048279289,-0.2663437419067629
51,1547420400,289,140,0,429,2,-0.460441048279289,-0.7223275766415509
51,1547434800,109,40,0,149,2,-0.460441048279289,-1.0299793205589982
51,1547449200,49,234,185,283,2,-0.15218437542644772,-0.8827459859699341
51,1547463600,393,2244,1851,2637,2,2.623791932534815,1.7037261753931767
51,1547478000,615,735,120,1350,2,-0.26049077399636494,0.2896269096011955
51,1547492400,1605,628,0,2233,2,-0.460441048279289,1.2598286591694312
51,1547506800,663,204,0,867,2,-0.460441048279289,-0.24107234865640115
51,1547521200,174,33,0,207,3,-0.43720032198093217,-0.844464007279234
51,1547535600,62,244,182,306,3,-0.07558636392399021,-0.7235590247914566
51,1547541679,90,257,167,347,3,-0.10538971211549641,-0.6734872643672256
51,1547550000,422,2344,1922,2766,3,3.38160202629073,2.2807466006624044
51,1547564400,676,778,102,1454,3,-0.23453755427868997,0.6784502670870118
51,1547578800,1677,695,0,2372,3,-0.43720032198093217,1.799569195610038
51,1547593200,691,235,0,926,3,-0.43720032198093217,0.033623693818866054
51,1547607600,161,34,0,195,3,-0.43720032198093217,-0.8591191566716918
51,1547622000,58,244,186,302,3,-0.06763880440625522,-0.7284440745889426
51,1547633579,179,545,366,724,3,0.29000137389181924,-0.21307132095417458
51,1547636400,441,2328,1887,2769,3,3.3120608805105487,2.2844103880105187
51,1547650800,691,780,89,1471,3,-0.26036712271132867,0.6992117287263271
51,1547665200,1685,726,0,2411,3,-0.43720032198093217,1.8471984311355258
51,1547679600,747,241,0,988,3,-0.43720032198093217,0.10934196567989832
51,1547694000,164,36,0,200,3,-0.43720032198093217,-0.8530128444248344
51,1547708400,63,225,162,288,3,-0.11532416151266515,-0.7455417488801435
51,1547715263,106,284,178,390,3,-0.0835339234417252,-0.6209729790442516
51,1547722800,430,2130,1700,2560,3,2.940512473056438,2.0291665360918776
51,1547737200,681,782,101,1463,3,-0.23652444415812374,0.6894416291313552
51,1547751600,1640,672,0,2312,3,-0.43720032198093217,1.7262934486477486
51,1547766000,720,243,0,963,3,-0.43720032198093217,0.07881040444561112
51,1547780400,180,45,0,225,3,-0.43720032198093217,-0.8224812831905471
51,1547794800,59,220,161,279,3,-0.1173110513920989,-0.7565331109244868
51,1547797744,45,77,32,122,3,-0.3736198458390523,-0.9482713154758105
51,1547809200,377,2186,1809,2563,3,3.1570834699147166,2.0328303234399923
51,1547823600,709,744,35,1453,3,-0.36765917620075106,0.6772290046376404
51,1547838000,1479,611,0,2090,3,-0.43720032198093217,1.4551731848872782
51,1547852400,612,227,0,839,3,-0.43720032198093217,-0.07262613927645342
51,1547866800,208,59,0,267,3,-0.43720032198093217,-0.7711882603169447
51,1547881200,47,44,0,91,3,-0.43720032198093217,-0.9861304514063266
51,1547895600,145,390,245,535,3,0.04958769848033586,-0.44388992388538584
51,1547910000,426,466,40,892,3,-0.3577247268035823,-0.007899229459764547
51,1547924400,599,383,0,982,3,-0.43720032198093217,0.10201439098366939
51,1547938800,308,155,0,463,3,-0.43720032198093217,-0.531820820240133
51,1547953200,129,58,0,187,3,-0.43720032198093217,-0.8688892562666638
51,1547967600,32,27,0,59,3,-0.43720032198093217,-1.0252108497862142
51,1547982000,111,200,89,311,3,-0.26036712271132867,-0.7174527125445992
51,1547996400,280,337,57,617,3,-0.3239475988532086,-0.34374640303692383
51,1548010800,430,302,0,732,3,-0.43720032198093217,-0.20330122135920267
51,1548025200,235,124,0,359,3,-0.43720032198093217,-0.6588321149747678
51,1548039600,89,27,0,116,3,-0.43720032198093217,-0.9555988901720394
51,1548054000,39,125,86,164,3,-0.26632779234962994,-0.896978292602208
51,1548068400,185,754,569,939,3,0.69334001941687,0.049500105660695404
51,1548073751,39,120,81,159,3,-0.27626224174679864,-0.9030846048490654
51,1548082800,382,478,96,860,3,-0.24645889355529246,-0.04697962783965217
51,1548097200,724,338,0,1062,3,-0.43720032198093217,0.19971538693338844
51,1548111600,347,101,0,448,3,-0.43720032198093217,-0.5501397569807053
51,1548126000,105,22,0,127,4,-0.4474326264674604,-1.0671897716818968
51,1548140400,62,231,169,293,4,-0.16860235582074978,-0.8796217801480108
51,1548154800,391,2442,2051,2833,4,2.936477936233152,1.9903944758524117
51,1548169200,622,719,97,1341,4,-0.2873939504157981,0.30454240736712407
51,1548183600,1527,615,0,2142,4,-0.4474326264674604,1.2096144629011156
51,1548198000,700,226,0,926,4,-0.4474326264674604,-0.16437757146759063
51,1548212400,175,30,0,205,4,-0.4474326264674604,-0.9790554142141673
51,1548226800,56,223,167,279,4,-0.17190212233727892,-0.8954407673858085
51,1548241200,418,2277,1859,2695,4,2.6197003506463563,1.834464458794121
51,1548255600,660,804,144,1464,4,-0.2098494372773638,0.4435235095277745
51,1548270000,1620,699,0,2319,4,-0.4474326264674604,1.409611658693271
51,1548284400,754,258,0,1012,4,-0.4474326264674604,-0.06720379272111963
51,1548298800,182,31,0,213,4,-0.4474326264674604,-0.9700159929354257
51,1548313200,65,245,180,310,4,-0.15045363997983963,-0.8604130099306853
51,1548327600,415,2347,1932,2762,4,2.7401418284996693,1.910169612003581
51,1548342000,585,721,136,1306,4,-0.22304850334348028,0.26499493927263007
51,1548356400,1491,658,0,2149,4,-0.4474326264674604,1.2175239565200144
51,1548370800,702,358,0,1060,4,-0.4474326264674604,-0.012967265048670703
51,1548385200,176,54,0,230,4,-0.4474326264674604,-0.9508072227181001
51,1548399600,57,236,179,293,4,-0.1521035232381042,-0.8796217801480108
51,1548414000,387,2215,1828,2602,4,2.568553969640155,1.7293811864287512
51,1548428400,715,768,53,1483,4,-0.35998881377943875,0.4649921350647855
51,1548442800,1576,701,0,2277,4,-0.4474326264674604,1.3621546969798781
51,1548457200,702,264,0,966,4,-0.4474326264674604,-0.11918046507388319
51,1548471600,184,59,0,243,4,-0.4474326264674604,-0.9361181631401452
51,1548486000,42,69,27,111,4,-0.4028857784943173,-1.0852686142393797
51,1548500400,184,359,175,543,4,-0.15870305627116243,-0.5971398651873394
51,1548514800,438,479,41,917,4,-0.37978741287861345,-0.1745469204061748
51,1548529200,602,426,0,1028,4,-0.4474326264674604,-0.04912495016363665
51,1548543600,367,207,0,574,4,-0.4474326264674604,-0.5621121077322161
51,1548558000,155,64,0,219,4,-0.4474326264674604,-0.9632364269763697
51,1548572400,31,30,0,61,4,-0.4474326264674604,-1.141764997231514
51,1548586800,123,212,89,335,4,-0.30059301648191455,-0.8321648184346181
51,1548601200,333,417,84,750,4,-0.30884243277323736,-0.3632448395999034
51,1548615600,545,316,0,861,4,-0.4474326264674604,-0.2378228693573652
51,1548630000,298,141,0,439,4,-0.4474326264674604,-0.7146523418109787
51,1548644400,110,30,0,140,4,-0.4474326264674604,-1.0525007121039418
51,1548658800,57,265,208,322,4,-0.10425690874843196,-0.846853878012573
51,1548673200,399,2272,1873,2671,4,2.6427987162620603,1.8073461949578966
51,1548687600,623,721,98,1344,4,-0.28574406715753353,0.30793219034665215
51,1548702000,1603,707,0,2310,4,-0.4474326264674604,1.3994423097546869
51,1548716400,645,202,0,847,4,-0.4474326264674604,-0.2536418565951628
51,1548730800,167,38,0,205,5,-0.4595159684966777,-1.0015844227158466
51,1548745200,84,240,156,324,5,-0.2041730267962085,-0.8662490812701789
51,1548759600,430,2399,1969,2829,5,2.7633702636073214,1.9826167197499682
51,1548774000,626,779,153,1405,5,-0.20908346798275598,0.36314170950937363
51,1548788400,1597,676,0,2273,5,-0.4595159684966777,1.3502936118189495
51,1548802800,682,252,0,934,5,-0.4595159684966777,-0.1725132973890253
51,1548817200,168,31,0,199,5,-0.4595159684966777,-1.0084080533769726
51,1548831600,58,275,217,333,5,-0.10432738933640966,-0.8560136352784897
51,1548846000,414,2375,1961,2789,5,2.750275753776528,1.937125848675794
51,1548860400,629,772,143,1401,5,-0.2254516052712476,0.3585926224019562
51,1548874800,1528,603,0,2131,5,-0.4595159684966777,1.1888010195056318
51,1548889200,562,213,0,775,5,-0.4595159684966777,-0.353339509908867
51,1548903600,152,37,0,189,5,-0.4595159684966777,-1.0197807711455162
51,1548918000,84,241,157,325,5,-0.20253621306735933,-0.8651118094933246
51,1548932400,397,2337,1940,2734,5,2.7159026654706957,1.874575900948805
51,1548946800,604,705,101,1309,5,-0.2941977818829124,0.253963618931356
51,1548961200,1426,663,0,2089,5,-0.4595159684966777,1.141035604877749
51,1548975600,626,231,0,857,5,-0.4595159684966777,-0.26008322420681024
51,1548990000,138,32,0,170,5,-0.4595159684966777,-1.0413889349057488
51,1549004400,207,254,47,461,5,-0.3825857232407671,-0.7104428478411329
51,1549018800,408,2304,1896,2712,5,2.6438828614013326,1.8495559218580093
51,1549033200,700,818,118,1518,5,-0.26637194849247664,0.4916534202939152
51,1549047600,1510,790,0,2300,5,-0.4595159684966777,1.3809999497940169
51,1549062000,605,230,0,835,5,-0.4595159684966777,-0.28510320329760597
51,1549076400,180,56,0,236,5,-0.4595159684966777,-0.9663289976333617
51,1549090800,53,57,4,110,5,-0.45296871358128105,-1.1096252415170098
51,1549105200,148,426,278,574,5,-0.004481751876610804,-0.5819311370565914
51,1549119600,437,631,194,1068,5,-0.14197410509994035,-0.02011887929054238
51,1549134000,637,520,0,1157,5,-0.4595159684966777,0.08109830884949477
51,1549148400,382,204,0,586,5,-0.4595159684966777,-0.5682838757343391
51,1549162800,146,81,0,227,5,-0.4595159684966777,-0.9765644436250508
51,1549177200,65,29,0,94,5,-0.4595159684966777,-1.1278215899466795
51,1549191600,119,241,122,360,5,-0.25982469357708,-0.8253072973034222
51,1549206000,333,527,194,860,5,-0.14197410509994035,-0.25667140887624723
51,1549220400,548,483,0,1031,5,-0.4595159684966777,-0.062197935034153336
51,1549234800,315,125,0,440,5,-0.4595159684966777,-0.7343255551550742
51,1549249200,128,77,0,205,5,-0.4595159684966777,-1.0015844227158466
51,1549263600,102,241,139,343,5,-0.23199886018664423,-0.8446409175099462
51,1549278000,388,2269,1881,2657,5,2.619330655468595,1.78700597413102
51,1549292400,617,738,121,1355,5,-0.26146150730592915,0.3062781206666561
51,1549306800,1516,750,0,2266,5,-0.4595159684966777,1.3423327093809692
51,1549321200,682,251,0,933,5,-0.4595159684966777,-0.17365056916587965
51,1549335600,181,40,0,221,6,-0.4718791758661863,-0.9824786918479879
51,1549350000,83,232,149,315,6,-0.21169079260472984,-0.875574588575691
51,1549353762,81,165,84,246,6,-0.32519579201409005,-0.9540467494883345
51,1549364400,315,672,357,987,6,0.15152520550522275,-0.11132397794820678
51,1549368716,477,2464,1987,2941,6,2.9978813445399473,2.1109166368823056
51,1549378800,495,542,47,1037,6,-0.3898063301394181,-0.054460093228899914
51,1549393200,1546,760,0,2306,6,-0.4718791758661863,1.3887453009471082
51,1549407600,756,277,0,1033,6,-0.4718791758661863,-0.059009204006444466
51,1549422000,190,33,0,223,6,-0.4718791758661863,-0.9802041364592157
51,1549436400,84,243,159,327,6,-0.19422848500328982,-0.8619272562430573
51,1549450800,406,2335,1929,2741,6,2.8965999604515953,1.8834610980050779
51,1549465200,672,760,88,1432,6,-0.318210868973514,0.3947645960536243
51,1549479600,1668,765,0,2433,6,-0.4718791758661863,1.5331795681341476
51,1549494000,730,256,0,986,6,-0.4718791758661863,-0.11246125564259292
51,1549508400,180,26,0,206,6,-0.4718791758661863,-0.99953785726378
51,1549522800,68,245,177,313,6,-0.16279633132069776,-0.8778491439644632
51,1549537200,413,2330,1917,2743,6,2.875645191329867,1.8857356533938503
51,1549551600,725,846,121,1571,6,-0.2605852538887619,0.5528461955732974
51,1549566000,1605,754,0,2359,6,-0.4718791758661863,1.4490210187495736
51,1549580400,731,272,0,1003,6,-0.4718791758661863,-0.09312753483802858
51,1549594800,201,47,0,248,6,-0.4718791758661863,-0.9517721940995622
51,1549609200,77,251,174,328,6,-0.16803502360112976,-0.8607899785486712
51,1549623600,409,2020,1611,2429,6,2.3412985787258025,1.5286304573566032
51,1549638000,679,802,123,1481,6,-0.25709279236847393,0.450491203078545
51,1549652400,1619,724,0,2343,6,-0.4718791758661863,1.4308245756393954
51,1549666800,668,265,0,933,6,-0.4718791758661863,-0.1727369734450582
51,1549681200,201,92,0,293,6,-0.4718791758661863,-0.900594697852186
51,1549695600,44,54,10,98,6,-0.45441686826474625,-1.1223638482574827
51,1549710000,165,441,276,606,6,0.010080513933558527,-0.544626779509325
51,1549724400,464,664,200,1128,6,-0.1226330238373857,0.04903217696023857
51,1549738800,682,554,0,1236,6,-0.4718791758661863,0.1718581679539414
51,1549753200,359,269,0,628,6,-0.4718791758661863,-0.51960667023283
51,1549767600,174,56,0,230,6,-0.4718791758661863,-0.9722431925985127
51,1549782000,31,29,0,60,6,-0.4718791758661863,-1.165580400644156
51,1549796400,103,302,199,405,6,-0.1243792545975297,-0.7732195960809386
51,1549810800,352,541,189,893,6,-0.14184156219896973,-0.2182280812205037
51,1549825200,497,460,0,957,6,-0.4718791758661863,-0.1454423087797909
51,1549839600,276,137,0,413,6,-0.4718791758661863,-0.7641213745258495
51,1549854000,124,29,0,153,6,-0.4718791758661863,-1.0598135750662452
51,1549868400,59,236,177,295,6,-0.16279633132069776,-0.8983201424634137
51,1549882800,413,2196,1783,2609,6,2.641650269470571,1.7333404423461078
51,1549897200,609,742,133,1351,6,-0.23963048476703389,0.30264510280834717
51,1549911600,1628,665,0,2293,6,-0.4718791758661863,1.3739606909200885
51,1549926000,690,212,0,902,6,-0.4718791758661863,-0.20799258197102843
51,1549940400,175,31,0,206,7,-0.3800122028004496,-0.7401464358461857
51,1549954800,65,259,194,324,7,0.0369428147210767,-0.5979601108643996
51,1549969200,363,2207,1844,2570,7,3.5832097163216874,2.108399939212647
51,1549983600,571,653,82,1224,7,-0.20377348405423745,0.4865118593356636
51,1549998000,1586,604,0,2190,7,-0.3800122028004496,1.6505117740170647
51,1550012400,629,215,0,844,7,-0.3800122028004496,0.028623694140081368
51,1550026800,147,29,0,176,7,-0.3800122028004496,-0.7762955015195211
51,1550039246,52,47,0,99,7,-0.3800122028004496,-0.8690781034144154
51,1550041200,55,248,193,303,7,0.03479356205343997,-0.6232644568357344
51,1550055600,542,2218,1676,2760,7,3.222135268158716,2.337344021810438
51,1550070000,721,803,82,1524,7,-0.20377348405423745,0.848002516069018
51,1550084400,1578,763,0,2341,7,-0.3800122028004496,1.8324620712395197
51,1550098800,727,249,0,976,7,-0.3800122028004496,0.18767958310275729
51,1550113200,186,36,0,222,7,-0.3800122028004496,-0.72086693415374
51,1550127600,73,241,168,314,7,-0.018937754637478373,-0.610009799422178
51,1550142000,431,2320,1889,2751,7,3.6799260863653402,2.3264993021084375
51,1550156400,681,885,204,1566,7,0.05843534139744404,0.8986112080116876
51,1550169410,673,723,50,1396,7,-0.2725495694186129,0.6937665025294534
51,1550169491,7,4,0,11,7,-0.3800122028004496,-0.9751153627228659
51,1550169572,5,8,3,13,7,-0.3735644447975394,-0.9727054250113103
51,1550169652,6,7,1,13,7,-0.3778629501328129,-0.9727054250113103
51,1550169733,5,2,0,7,7,-0.3800122028004496,-0.9799352381459774
51,1550169813,8,9,1,17,7,-0.3778629501328129,-0.9678855495881988
51,1550169894,6,5,0,11,7,-0.3800122028004496,-0.9751153627228659
51,1550169975,3,6,3,9,7,-0.3735644447975394,-0.9775253004344217
51,1550170056,2,1,0,3,7,-0.3800122028004496,-0.9847551135690887
51,1550170136,3,3,0,6,7,-0.3800122028004496,-0.9811402070017552
51,1550170800,1759,644,0,2403,7,-0.3800122028004496,1.9071701402977463
51,1550185200,667,303,0,970,7,-0.3800122028004496,0.1804497699680902
51,1550199600,206,61,0,267,7,-0.3800122028004496,-0.6666433356437369
51,1550214000,62,246,184,308,7,0.015450288044709364,-0.6172396125568451
51,1550228400,390,2081,1691,2471,7,3.254374058173267,1.98910802249064
51,1550242800,770,781,11,1551,7,-0.35637042345644554,0.8805366751750199
51,1550257200,1487,703,0,2190,7,-0.3800122028004496,1.6505117740170647
51,1550271600,614,231,0,845,7,-0.3800122028004496,0.029828662995859217
51,1550286000,221,53,0,274,7,-0.3800122028004496,-0.658208553653292
51,1550300400,49,46,0,95,7,-0.3800122028004496,-0.8738979788375267
51,1550314800,181,408,227,589,7,0.1078681527530889,-0.27864336408326984
51,1550329200,444,524,80,968,7,-0.20807198938951094,0.17803983225653452
51,1550343600,677,493,0,1170,7,-0.3800122028004496,0.4214435411236598
51,1550358000,363,204,0,567,7,-0.3800122028004496,-0.3051526789103825
51,1550372400,150,172,22,322,7,-0.33272864411244146,-0.6003700485759552
51,1550386800,34,26,0,60,7,-0.3800122028004496,-0.9160718887897514
51,1550401200,119,221,102,340,7,-0.16078843070150278,-0.578680609171954
51,1550415600,338,441,103,779,7,-0.15863917803386604,-0.049699281485478745
51,1550430000,492,418,0,910,7,-0.3800122028004496,0.10815163862141933
51,1550444400,271,155,0,426,7,-0.3800122028004496,-0.47505328757505905
51,1550458800,104,38,0,142,7,-0.3800122028004496,-0.8172644426159679
51,1550473200,53,73,20,126,7,-0.33702714944771495,-0.8365439443084135
51,1550487600,191,652,461,843,7,0.6107932769800846,0.02741872528430352
51,1550502000,511,591,80,1102,7,-0.20807198938951094,0.3395056589307661
51,1550516400,853,441,0,1294,7,-0.3800122028004496,0.5708596792401129
51,1550530800,436,149,0,585,7,-0.3800122028004496,-0.28346323950638125
51,1550545200,144,24,0,168,8,-0.5277661852824245,-1.1668846635608991
51,1550559600,56,258,202,314,8,-0.20899818675638168,-1.0059928147396056
51,1550574000,402,2231,1829,2633,8,2.3585044548370417,1.5495427840040903
51,1550588400,640,762,122,1402,8,-0.3352429386478838,0.19298205866838972
51,1550602800,1546,712,0,2258,8,-0.5277661852824245,1.1362931723055625
51,1550617200,717,248,0,965,8,-0.5277661852824245,-0.28859148883096136
51,1550631600,171,29,0,200,8,-0.5277661852824245,-1.131620696695958
51,1550644143,45,46,1,91,8,-0.5261881258837806,-1.2517385838296635
51,1550646000,49,270,221,319,8,-0.17901505818214994,-1.0004828199169586
51,1550660400,445,2125,1680,2570,8,2.123373604439119,1.4801168492387378
51,1550674800,629,798,169,1427,8,-0.2610741469116263,0.2205320327816249
51,1550689200,1468,612,0,2080,8,-0.5277661852824245,0.940137356619328
51,1550703600,627,220,0,847,8,-0.5277661852824245,-0.41862736664543143
51,1550718000,167,33,0,200,8,-0.5277661852824245,-1.131620696695958
51,1550732400,75,236,161,311,8,-0.2736986221007765,-1.0092988116331938
51,1550746800,380,2230,1850,2610,8,2.3916437022085613,1.524196807819914
51,1550761200,658,811,153,1469,8,-0.2863230972899267,0.26681598929186
51,1550775600,1565,702,0,2267,8,-0.5277661852824245,1.1462111629863272
51,1550790000,761,270,0,1031,8,-0.5277661852824245,-0.21585955717202046
51,1550804400,201,46,0,247,8,-0.5277661852824245,-1.0798267453630759
51,1550818800,65,208,143,273,8,-0.3021036912763645,-1.0511747722853113
51,1550833200,385,2127,1742,2512,8,2.221213287155033,1.416200909296032
51,1550847600,620,708,88,1328,8,-0.38889695820177217,0.11143413529321357
51,1550862000,1536,690,0,2226,8,-0.5277661852824245,1.1010292054406214
51,1550876400,685,239,0,924,8,-0.5277661852824245,-0.33377344637666706
51,1551495600,9554,9254,0,18808,9,-0.3790516927827334,4.077822828524738
51,1551510000,39,64,25,103,9,-0.31270658902846266,-0.3950951324982105
51,1551524400,150,388,238,538,9,0.25255369495792385,-0.29107378456744426
51,1551538800,434,505,71,939,9,-0.19063159812060454,-0.19518284084276086
51,1551553200,634,432,0,1066,9,-0.3790516927827334,-0.1648133898376866
51,1551567600,417,209,0,626,9,-0.3790516927827334,-0.270030385445818
51,1551582000,196,70,0,266,9,-0.3790516927827334,-0.35611701821610725
51,1551596400,34,26,0,60,9,-0.3790516927827334,-0.4053777025235506
51,1551610800,110,250,140,360,9,-0.007519111758817373,-0.33363884188164283
51,1551625200,317,427,110,744,9,-0.08713323626394223,-0.2418131002600009
51,1551639600,497,374,0,871,9,-0.3790516927827334,-0.21144364925492662
51,1551654000,224,115,0,339,9,-0.3790516927827334,-0.33866056212657636
51,1551668400,101,25,0,126,9,-0.3790516927827334,-0.3895951531823309
51,1551682800,52,181,129,233,9,-0.036710957410696486,-0.3640082928867171
51,1551697200,351,2017,1666,2368,9,4.042186021401867,0.14653326534819308
51,1551711600,519,711,192,1230,9,0.1304787040500657,-0.12559614602011035
51,1551726000,1433,620,0,2053,9,-0.3790516927827334,0.07120746167418994
51,1551740400,641,223,0,864,9,-0.3790516927827334,-0.2131175560032378
51,1551754800,166,24,0,190,10,-0.45105128560422814,-1.0281843585601393
51,1551769200,68,279,211,347,10,-0.06789685986167336,-0.8502888979631171
51,1551783600,418,2352,1934,2770,10,3.060894967410468,1.8951932741807362
51,1551798000,566,809,243,1375,10,-0.009788131786973112,0.31452978671037907
51,1551812400,1606,699,0,2305,10,-0.45105128560422814,1.3683054450239505
51,1551826800,751,260,0,1011,10,-0.45105128560422814,-0.09791573976934138
51,1551841200,199,30,0,229,10,-0.45105128560422814,-0.9839937664373122
51,1551855600,72,263,191,335,10,-0.10421481490836101,-0.8638860032316793
51,1551870000,431,2058,1627,2489,10,2.5034143574438126,1.5767943924752377
51,1551884400,743,546,0,1289,10,-0.45105128560422814,0.21708386561901655
51,1551898800,1760,1055,0,2815,10,-0.45105128560422814,1.9461824189378445
51,1551913200,711,257,0,968,10,-0.45105128560422814,-0.14663870031502266
51,1551927600,197,26,0,223,10,-0.45105128560422814,-0.9907923190715934
51,1551942000,83,213,130,296,10,-0.2149845778007584,-0.9080765953545066
51,1551956400,432,1943,1511,2375,10,2.292770218173024,1.4476218924238968
51,1551970800,705,578,0,1283,10,-0.45105128560422814,0.21028531298473543
51,1551985200,1594,714,0,2308,10,-0.45105128560422814,1.3717047213410911
51,1551999600,815,272,0,1087,10,-0.45105128560422814,-0.01180073973511404
51,1552014000,213,38,0,251,10,-0.45105128560422814,-0.9590657401116148
51,1552028400,78,230,152,308,10,-0.17503482724940195,-0.8944794900859443
51,1552042800,419,2104,1685,2523,10,2.6087364270792066,1.6153195240694973
51,1552057200,770,715,0,1485,10,-0.45105128560422814,0.439169918338866
51,1552071600,1650,694,0,2344,10,-0.45105128560422814,1.4124960371467776
51,1552086000,657,229,0,886,10,-0.45105128560422814,-0.2395522529835311
51,1552100400,213,73,0,286,10,-0.45105128560422814,-0.9194075164116418
51,1552114800,48,57,9,105,10,-0.4347082058332187,-1.1244971875457883
51,1552129200,157,382,225,539,10,-0.042474291328992005,-0.6327352136661217
51,1552143600,471,466,0,937,10,-0.45105128560422814,-0.1817645555921417
51,1552158000,764,480,0,1244,10,-0.45105128560422814,0.16609472086190824
51,1552172400,390,204,0,594,10,-0.45105128560422814,-0.5704151478518783
51,1552190400,174,97,0,271,10,-0.45105128560422814,-0.9364038979973445
51,1552204800,49,57,8,106,10,-0.4365241035855531,-1.123364095440075
51,1552219200,159,186,27,345,10,-0.4020220462911998,-0.8525550821745441
51,1552233600,386,293,0,679,10,-0.45105128560422814,-0.4741023188662293
51,1552248000,432,314,0,746,10,-0.45105128560422814,-0.39818514778342357
51,1552262400,253,126,0,379,10,-0.45105128560422814,-0.8140299505802846
51,1552276800,64,25,0,89,10,-0.45105128560422814,-1.1426266612372047
51,1552291200,141,651,510,792,10,0.4750565680863071,-0.34606291092060176
51,1552305600,409,2130,1721,2539,10,2.6741087461632445,1.6334489977609137
51,1552320000,816,657,0,1473,10,-0.45105128560422814,0.4255728130703038
51,1552334400,1696,682,0,2378,10,-0.45105128560422814,1.4510211687410373
51,1552348800,471,145,0,616,11,-0.5061179776747584,-0.5448808332955513
51,1552363200,86,23,0,109,11,-0.5061179776747584,-1.1532545787053006
51,1552377600,134,724,590,858,11,0.6552958985485394,-0.2544933650723573
51,1552392000,481,2210,1729,2691,11,2.897415229088092,1.945011714485967
51,1552406400,886,787,0,1673,11,-0.5061179776747584,0.7234644308032753
51,1552420800,1683,686,0,2369,11,-0.5061179776747584,1.5586283889989074
51,1552435200,582,143,0,725,11,-0.5061179776747584,-0.4140864777735342
51,1552449600,85,22,0,107,11,-0.5061179776747584,-1.1556544751368973
51,1552464000,139,740,601,879,11,0.6769493775967703,-0.22929445254059255
51,1552464364,10,28,18,38,11,-0.47068501195947143,-1.2384509020269814
51,1552477803,366,600,234,966,11,-0.04548942337602678,-0.12489895776613853
51,1552478400,435,2110,1675,2545,11,2.791116331942231,1.7698192749794122
51,1552486005,169,149,0,318,11,-0.5061179776747584,-0.9024654016034512
51,1552492800,865,734,0,1599,11,-0.5061179776747584,0.6346682628341994
51,1552507200,1630,713,0,2343,11,-0.5061179776747584,1.527429735388151
51,1552521600,545,151,0,696,11,-0.5061179776747584,-0.4488849760316855
51,1552536000,167,64,0,231,11,-0.5061179776747584,-1.0068608963779053
51,1552550400,219,683,464,902,11,0.40726513854153,-0.20169564357723116
51,1552551999,60,123,63,183,11,-0.38210259767125376,-1.0644584107362247
51,1552564800,428,2062,1634,2490,11,2.710407910035188,1.7038221231105044
51,1552579200,900,776,0,1676,11,-0.5061179776747584,0.7270642754506702
51,1552593600,1632,689,0,2321,11,-0.5061179776747584,1.501030874640588
51,1552608000,553,194,0,747,11,-0.5061179776747584,-0.3876876170259711
51,1552622400,93,34,0,127,11,-0.5061179776747584,-1.1316555108209307
51,1552636800,134,667,533,801,11,0.543091507116797,-0.3228904133728617
51,1552651200,439,1980,1541,2419,11,2.527337587172872,1.6186257997888236
51,1552665600,956,763,0,1719,11,-0.5061179776747584,0.778662048729998
51,1552680000,1566,664,0,2230,11,-0.5061179776747584,1.3918355870029406
51,1552694400,476,208,0,684,11,-0.5061179776747584,-0.4632843546212654
51,1552708800,137,44,0,181,11,-0.5061179776747584,-1.0668583071678215
51,1552723200,94,131,37,225,11,-0.43328354814889064,-1.0140605856726952
51,1552737600,227,556,329,783,11,0.14151789567687711,-0.3444894812572315
51,1552752000,578,741,163,1319,11,-0.18525278814188126,0.29868276241066916
51,1552766400,698,396,0,1094,11,-0.5061179776747584,0.028694413856046704
51,1552780800,359,205,0,564,11,-0.5061179776747584,-0.6072781405170641
51,1552795200,100,42,0,142,11,-0.5061179776747584,-1.113656287583956
51,1552809600,75,69,0,144,11,-0.5061179776747584,-1.1112563911523594
51,1552824000,189,373,184,562,11,-0.14391432814071303,-0.6096780369486606
51,1552838400,443,465,22,908,11,-0.4628110195782965,-0.1944959542824412
51,1552852800,463,316,0,779,11,-0.5061179776747584,-0.34928927412042476
51,1552867200,264,124,0,388,11,-0.5061179776747584,-0.8184690264975687
51,1552881600,67,19,0,86,11,-0.5061179776747584,-1.180853387668662
51,1552896000,165,616,451,781,11,0.3816746633027116,-0.3468893776888281
51,1552910400,417,1976,1559,2393,11,2.562770552888159,1.5874271461780671
51,1552924800,878,693,0,1571,11,-0.5061179776747584,0.6010697127918464
51,1552939200,1583,659,0,2242,11,-0.5061179776747584,1.4062349655925206
51,1552953600,522,153,0,675,12,-0.5065300705579349,-0.5303772069765424
51,1552968000,98,26,0,124,12,-0.5065300705579349,-1.2126198458220403
51,1552982400,176,650,474,826,12,0.41931477726843314,-0.3434105309952899
51,1552996800,412,2015,1603,2427,12,2.624544383167103,1.6389315103688515
51,1553011200,877,777,0,1654,12,-0.5065300705579349,0.6818107121336976
51,1553025600,1558,730,0,2288,12,-0.5065300705579349,1.4668231132735263
51,1553040000,556,189,0,745,12,-0.5065300705579349,-0.4437039134752996
51,1553054400,113,20,0,133,12,-0.5065300705579349,-1.2014761366575948
51,1553068800,199,633,434,832,12,0.34118441036325436,-0.33598139155232626
51,1553083200,428,2055,1627,2483,12,2.6714226033102104,1.7082701451698459
51,1553097600,899,689,0,1588,12,-0.5065300705579349,0.6000901782610972
51,1553112000,1654,648,0,2302,12,-0.5065300705579349,1.4841577719737749
51,1553126400,551,185,0,736,12,-0.5065300705579349,-0.4548476226397451
51,1553140800,116,45,0,161,12,-0.5065300705579349,-1.1668068192570975
51,1553155200,183,623,440,806,12,0.3529039653990312,-0.3681743291385022
51,1553169600,418,2051,1633,2469,12,2.683142158345987,1.6909354864695971
51,1553184000,870,748,0,1618,12,-0.5065300705579349,0.6372358754759155
51,1553198400,1571,629,0,2200,12,-0.5065300705579349,1.3578624014433924
51,1553212800,560,180,0,740,12,-0.5065300705579349,-0.44989486301110265
51,1553227200,112,37,0,149,12,-0.5065300705579349,-1.181665098143025
51,1553241600,164,640,476,804,12,0.42322129561369204,-0.37065070895282337
51,1553242593,18,29,11,47,12,-0.48504421965901073,-1.3079604686734074
51,1553256000,380,2021,1641,2401,12,2.6987682317270227,1.6067385727826755
51,1553270400,936,744,0,1680,12,-0.5065300705579349,0.7140036497198736
51,1553284800,1400,657,0,2057,12,-0.5065300705579349,1.1808012447194247
51,1553299200,554,185,0,739,12,-0.5065300705579349,-0.4511330529182632
51,1553313600,137,52,0,189,12,-0.5065300705579349,-1.1321375018566004
51,1553328000,108,144,36,252,12,-0.43621274034327406,-1.0541315377054818
51,1553342400,235,547,312,782,12,0.10288679130245924,-0.3978908869103569
51,1553356800,605,712,107,1317,12,-0.2975313390865818,0.26454071342057106
51,1553371200,751,506,0,1257,12,-0.5065300705579349,0.19024931899093428
51,1553385600,352,249,0,601,12,-0.5065300705579349,-0.6220032601064278
51,1553400000,106,43,0,149,12,-0.5065300705579349,-1.181665098143025
51,1553414400,74,63,0,137,12,-0.5065300705579349,-1.1965233770289523
51,1553428800,156,369,213,525,12,-0.09048586678785814,-0.7161056930506344
51,1553443200,437,539,102,976,12,-0.3072976349497291,-0.15768204492119797
51,1553457600,604,442,0,1046,12,-0.5065300705579349,-0.07100875141995505
51,1553472000,270,171,0,441,12,-0.5065300705579349,-0.8201136452521259
51,1553486400,61,31,0,92,12,-0.5065300705579349,-1.2522419228511799
51,1553500800,127,647,520,774,12,0.5091646992093887,-0.4077964061676418
51,1553515200,405,1927,1522,2332,12,2.4663303901841163,1.5213034691885932
51,1553529600,892,722,0,1614,12,-0.5065300705579349,0.6322831158472731
51,1553544000,1598,678,0,2276,12,-0.5065300705579349,1.4519648343875988
51,1553558400,476,169,0,645,13,-0.5263551239128883,-0.5472180783122361
51,1553572800,103,21,0,124,13,-0.5263551239128883,-1.1937713834987993
51,1553587200,130,644,514,774,13,0.5485994979413542,-0.3871309835539508
51,1553601600,400,1926,1526,2326,13,2.665047119179668,1.5388780944682106
51,1553616000,935,739,0,1674,13,-0.5263551239128883,0.7297557240619933
51,1553630400,1723,714,0,2437,13,-0.5263551239128883,1.676627455074177
51,1553644800,650,179,0,829,13,-0.5263551239128883,-0.31887679586630974
51,1553659200,114,28,0,142,13,-0.5263551239128883,-1.1714336493464805
51,1553673600,140,547,407,687,13,0.32482489767208583,-0.49509669862349204
51,1553688000,391,1707,1316,2098,13,2.225863324258674,1.2559334618721714
51,1553702400,808,578,0,1386,13,-0.5263551239128883,0.37235197762489125
51,1553716800,1617,637,0,2254,13,-0.5263551239128883,1.449527157858935
51,1553731200,538,182,0,720,13,-0.5263551239128883,-0.45414418601090745
51,1553745600,109,26,0,135,13,-0.5263551239128883,-1.1801205459612711
51,1553760000,145,643,498,788,13,0.5151378754711832,-0.36975719032436943
51,1553774400,509,2089,1580,2598,13,2.777980095016495,1.8764260772143626
51,1553788800,892,724,0,1616,13,-0.5263551239128883,0.6577785806822992
51,1553803200,1601,653,0,2254,13,-0.5263551239128883,1.449527157858935
51,1553817600,601,200,0,801,13,-0.5263551239128883,-0.35362438232547244
51,1553832000,115,32,0,147,13,-0.5263551239128883,-1.1652287231930585
51,1553846400,131,629,498,760,13,0.5151378754711832,-0.40450477678353214
51,1553852930,234,474,240,708,13,-0.024430786860323704,-0.46903600877912005
51,1553857304,103,177,74,280,13,-0.37159511998834754,-1.0001776875120356
51,1553860800,502,2088,1586,2590,13,2.790528203442809,1.8664981953688875
51,1553875200,945,814,0,1759,13,-0.5263551239128883,0.8352394686701659
51,1553889600,1602,611,0,2213,13,-0.5263551239128883,1.3986467634008755
51,1553904000,540,196,0,736,13,-0.5263551239128883,-0.43428842231995735
51,1553918400,124,45,0,169,13,-0.5263551239128883,-1.1379270481180022
51,1553932800,75,143,68,218,13,-0.38414322841466164,-1.0771187718144675
51,1553947200,265,578,313,843,13,0.12823786565983136,-0.3015030026367284
51,1553961600,566,690,124,1256,13,-0.26702754976906323,0.21102389763592153
51,1553976000,654,525,0,1179,13,-0.5263551239128883,0.11546803487322407
51,1553990400,361,242,0,603,13,-0.5263551239128883,-0.5993394580009802
51,1554004800,104,57,0,161,13,-0.5263551239128883,-1.1478549299634773
51,1554019200,53,66,13,119,13,-0.49916755565587434,-1.1999763096522214
51,1554033600,176,334,158,510,13,-0.19592160201994993,-0.7147510844546278
51,1554048000,397,507,110,904,13,-0.29630646943046285,-0.2258029035649811
51,1554062400,490,372,0,862,13,-0.5263551239128883,-0.27792428325372515
51,1554076800,247,158,0,405,13,-0.5263551239128883,-0.8450545336764879
51,1554091200,63,13,0,76,13,-0.5263551239128883,-1.2533386745716497
51,1554105600,144,653,509,797,13,0.5381427409194257,-0.35858832324821
51,1554120000,452,1992,1540,2444,13,2.6943260388410675,1.6853143516889677
51,1554134400,855,685,0,1540,13,-0.5263551239128883,0.5634637031502862
51,1554148800,1582,633,0,2215,13,-0.5263551239128883,1.4011287338622442
51,1554163200,499,163,0,662,14,-0.5327013066428963,-0.6021165135732354
51,1554177600,98,18,0,116,14,-0.5327013066428963,-1.2586585652712732
51,1554192000,152,685,533,837,14,0.48915400188391417,-0.39168636879822316
51,1554206400,465,2134,1669,2599,14,2.6670670046727634,1.7270445745936132
51,1554220800,882,736,0,1618,14,-0.5327013066428963,0.5474333058834023
51,1554235200,1682,772,0,2454,14,-0.5327013066428963,1.5526881689228889
51,1554249600,544,184,0,728,14,-0.5327013066428963,-0.5227542875438022
51,1554264000,110,22,0,132,14,-0.5327013066428963,-1.2394192377489863
51,1554278400,150,664,514,814,14,0.452727640041495,-0.4193429021115105
51,1554292800,455,2103,1648,2558,14,2.626806288952195,1.6777437978177532
51,1554307200,968,827,0,1795,14,-0.5327013066428963,0.7602683665987003
51,1554321600,1656,715,0,2371,14,-0.5327013066428963,1.452884157401026
51,1554336000,548,197,0,745,14,-0.5327013066428963,-0.5023125020513725
51,1554350400,120,22,0,142,14,-0.5327013066428963,-1.227394658047557
51,1554364800,140,705,565,845,14,0.5505036639343043,-0.3820667050370798
51,1554379200,469,2087,1618,2556,14,2.569290980779954,1.6753388818774673
51,1554393600,878,825,0,1703,14,-0.5327013066428963,0.6496422333455512
51,1554408000,1613,715,0,2328,14,-0.5327013066428963,1.4011784646848802
51,1554422400,641,199,0,840,14,-0.5327013066428963,-0.3880789948877944
51,1554436800,114,26,0,140,14,-0.5327013066428963,-1.229799573987843
51,1554451200,144,637,493,781,14,0.41246692432092646,-0.4590240151262271
51,1554465600,413,1963,1550,2376,14,2.438922948922875,1.4588964472517405
51,1554480000,986,748,0,1734,14,-0.5327013066428963,0.6869184304199818
51,1554494400,1560,614,0,2174,14,-0.5327013066428963,1.2159999372828694
51,1554508800,470,217,0,687,14,-0.5327013066428963,-0.5720550643196621
51,1554523200,130,43,0,173,14,-0.5327013066428963,-1.1901184609731263
51,1554537600,104,137,33,241,14,-0.4694344676534315,-1.1083513190034073
51,1554552000,256,668,412,924,14,0.2571755922558765,-0.2870725253957886
51,1554566400,541,730,189,1271,14,-0.17035486515777967,0.1301803902438069
51,1554580800,668,588,0,1256,14,-0.5327013066428963,0.11214352069166299
51,1554595200,423,212,0,635,14,-0.5327013066428963,-0.6345828787670943
51,1554609600,87,64,0,151,14,-0.5327013066428963,-1.2165725363162707
51,1554624000,165,121,0,286,14,-0.5327013066428963,-1.0542407103469758
51,1554638400,195,378,183,573,14,-0.18185792679222781,-0.7091352729159558
51,1554652800,421,585,164,1006,14,-0.21828428863464694,-0.1884709718440686
51,1554667200,577,388,0,965,14,-0.5327013066428963,-0.2377717486199286
51,1554681600,299,164,0,463,14,-0.5327013066428963,-0.8414056496316776
51,1554696000,56,28,0,84,14,-0.5327013066428963,-1.2971372203158469
51,1554710400,148,665,517,813,14,0.4584791708587191,-0.42054536008165344
51,1554724800,428,2010,1582,2438,14,2.500272610973265,1.533448841400602
51,1554739200,856,656,0,1512,14,-0.5327013066428963,0.41997276104825215
51,1554753600,1651,658,0,2309,14,-0.5327013066428963,1.3783317632521646
51,1554768000,515,150,0,665,15,-0.5284595399563504,-0.5308973613277072
51,1554782400,102,23,0,125,15,-0.5284595399563504,-1.1618978935000372
51,1554796800,167,531,364,698,15,0.1873402834526481,-0.49233621769495367
51,1554811200,408,2048,1640,2456,15,2.6965726314468297,1.5619210703771873
51,1554825600,854,716,0,1570,15,-0.5284595399563504,0.526612789812957
51,1554840000,1648,674,0,2322,15,-0.5284595399563504,1.4053394568381277
51,1554854400,552,187,0,739,15,-0.5284595399563504,-0.4444269180300175
51,1554868800,102,17,0,119,15,-0.5284595399563504,-1.1689090105241742
51,1554883200,153,683,530,836,15,0.5137764666556529,-0.33108052613980266
51,1554887422,185,362,177,547,15,-0.18039204340856815,-0.6687826628024015
51,1554894669,157,297,140,454,15,-0.25315191556827404,-0.777454976676525
51,1554897600,493,2109,1616,2602,15,2.649377038694588,1.732524917964521
51,1554912000,1054,764,0,1818,15,-0.5284595399563504,0.8164056268106197
51,1554926400,2140,700,0,2840,15,-0.5284595399563504,2.010632559921955
51,1554940800,569,181,0,750,15,-0.5284595399563504,-0.43157320348576633
51,1554955200,92,21,0,113,15,-0.5284595399563504,-1.175920127548311
51,1554969600,141,688,547,829,15,0.5472066781884908,-0.3392601626679625
51,1554984000,459,2083,1624,2542,15,2.6651089029453354,1.6624137477231509
51,1554998400,890,762,0,1652,15,-0.5284595399563504,0.6224313891428293
51,1555012800,1656,677,0,2333,15,-0.5284595399563504,1.4181931713823788
51,1555027200,544,205,0,749,15,-0.5284595399563504,-0.4327417229897892
51,1555041600,108,21,0,129,15,-0.5284595399563504,-1.1572238154839458
51,1555056000,137,612,475,749,15,0.4056198999317658,-0.4327417229897892
51,1555059705,166,297,131,463,15,-0.2708502628503647,-0.7669383011403195
51,1555070400,454,2070,1616,2524,15,2.649377038694588,1.6413803966507399
51,1555084800,858,811,0,1669,15,-0.5284595399563504,0.6422962207112175
51,1555099200,1575,661,0,2236,15,-0.5284595399563504,1.3048467794921639
51,1555113600,471,192,0,663,15,-0.5284595399563504,-0.5332344003357529
51,1555128000,109,38,0,147,15,-0.5284595399563504,-1.1361904644115348
51,1555142400,73,140,67,213,15,-0.39670517685634243,-1.0590681771460277
51,1555156800,243,621,378,864,15,0.21487104589145575,-0.29836198002716335
51,1555171200,618,840,222,1458,15,-0.09190030699811504,0.39573860536239963
51,1555185600,724,538,0,1262,15,-0.5284595399563504,0.1667087825739243
51,1555200000,381,201,0,582,15,-0.5284595399563504,-0.6278844801616024
51,1555214400,106,48,0,154,15,-0.5284595399563504,-1.128010827883375
51,1555228800,61,75,14,136,15,-0.5009287775175427,-1.149044178955786
51,1555243200,197,420,223,617,15,-0.08993382396677163,-0.5869862975208032
51,1555257600,452,621,169,1073,15,-0.19612390765931537,-0.054141403686391185
51,1555272000,556,434,0,990,15,-0.5284595399563504,-0.15112852252028636
51,1555286400,266,132,0,398,15,-0.5284595399563504,-0.8428920689018037
51,1555300800,58,23,0,81,15,-0.5284595399563504,-1.213312751677042
51,1555315200,117,596,479,713,15,0.4134858320571394,-0.4748084251346112
51,1555329600,473,2154,1681,2627,15,2.777198435731909,1.7617379055650917
51,1555344000,817,732,0,1549,15,-0.5284595399563504,0.5020738802284774
51,1555358400,1579,735,0,2314,15,-0.5284595399563504,1.395991300805945
51,1555372800,512,156,0,668,16,-0.49553236848208376,-0.4806127507228386
51,1555387200,114,22,0,136,16,-0.49553236848208376,-1.129405120354974
51,1555401600,162,681,519,843,16,0.5879880014820512,-0.2671942080806888
51,1555416000,469,2181,1712,2650,16,3.0786234569102073,1.936504686515681
51,1555430400,893,846,0,1739,16,-0.49553236848208376,0.8255087302471183
51,1555444800,1663,845,0,2508,16,-0.49553236848208376,1.7633307833431937
51,1555459200,580,203,0,783,16,-0.49553236848208376,-0.34036627984371154
51,1555473600,103,19,0,122,16,-0.49553236848208376,-1.146478603766346
51,1555488000,170,792,622,962,16,0.8030219092013304,-0.1220695990840269
51,1555502400,430,2007,1577,2437,16,2.7967828982490164,1.67674383175695
51,1555516800,813,771,0,1584,16,-0.49553236848208376,0.6364808781926428
51,1555531200,1866,781,0,2647,16,-0.49553236848208376,1.93284608292753
51,1555545600,589,216,0,805,16,-0.49553236848208376,-0.31353652019726985
51,1555560000,111,26,0,137,16,-0.49553236848208376,-1.1281855858255903
51,1555574400,146,646,500,792,16,0.5483215524852909,-0.3293904690792581
51,1555588800,465,2071,1606,2536,16,2.857326425665124,1.7974777501659378
51,1555603200,927,813,0,1740,16,-0.49553236848208376,0.8267282647765021
51,1555617600,1632,774,0,2406,16,-0.49553236848208376,1.638938261346055
51,1555632000,559,186,0,745,16,-0.49553236848208376,-0.38670859196029267
51,1555646400,115,32,0,147,16,-0.49553236848208376,-1.1159902405317532
51,1555660800,105,357,252,462,16,0.030570007685473112,-0.7318368637758835
51,1555675200,376,1219,843,1595,16,1.26440534226891,0.6498957580158636
51,1555689600,854,765,0,1619,16,-0.49553236848208376,0.6791645867210727
51,1555704000,1006,534,0,1540,16,-0.49553236848208376,0.5828213588997594
51,1555718400,442,171,0,613,16,-0.49553236848208376,-0.5476871498389428
51,1555732800,98,35,0,133,16,-0.49553236848208376,-1.1330637239431252
51,1555747200,46,114,68,160,16,-0.35356823523052083,-1.100136291649765
51,1555761600,205,410,205,615,16,-0.06755226088546012,-0.5452480807801754
51,1555776000,486,470,0,956,16,-0.49553236848208376,-0.12938680626032917
51,1555790400,582,375,0,957,16,-0.49553236848208376,-0.12816727173094547
51,1555804800,315,165,0,480,16,-0.49553236848208376,-0.7098852422469767
51,1555819200,92,35,0,127,16,-0.49553236848208376,-1.1403809311194275
51,1555833600,49,62,13,111,16,-0.46839216653693205,-1.159893483589567
51,1555848000,174,302,128,476,16,-0.22830576471443584,-0.7147633803645115
51,1555862400,395,422,27,817,16,-0.43916425674984555,-0.2989021058446653
51,1555876800,450,283,0,733,16,-0.49553236848208376,-0.4013430063128972
51,1555891200,244,135,0,379,16,-0.49553236848208376,-0.8330582297147318
51,1555905600,34,18,0,52,16,-0.49553236848208376,-1.231846020823206
51,1555920000,94,562,468,656,16,0.481514901543379,-0.49524716507544314
51,1555934400,379,1808,1429,2187,16,2.487802137642673,1.3718601994110218
51,1555948800,759,671,0,1430,16,-0.49553236848208376,0.4486725606675509
51,1555963200,1492,631,0,2123,16,-0.49553236848208376,1.2938099895304642
51,1555977600,496,149,0,645,17,-0.5136621592779027,-0.5129965884820517
51,1555992000,90,22,0,112,17,-0.5136621592779027,-1.1839261029433699
51,1556006400,107,582,475,689,17,0.516435985371205,-0.4576102871006295
51,1556020800,415,1948,1533,2363,17,2.810844063347534,1.6495867245471125
51,1556035200,812,830,18,1642,17,-0.4746268611648839,0.7420066496378999
51,1556049600,1578,746,0,2324,17,-0.5136621592779027,1.600494321049943
51,1556064000,502,187,0,689,17,-0.5136621592779027,-0.4576102871006295
51,1556078400,100,18,0,118,17,-0.5136621592779027,-1.1763734254822666
51,1556091024,72,314,242,386,17,0.011145737574905884,-0.8390204988863319
51,1556092800,117,272,155,389,17,-0.17752486997135175,-0.8352441601557804
51,1556107200,424,1899,1475,2323,17,2.6850636583166954,1.5992355414730925
51,1556121600,785,757,0,1542,17,-0.5136621592779027,0.6161286919528496
51,1556136000,1603,774,0,2377,17,-0.5136621592779027,1.6672096386230195
51,1556150400,575,182,0,757,17,-0.5136621592779027,-0.3720132758747953
51,1556164800,98,30,0,128,17,-0.5136621592779027,-1.1637856297137616
51,1556179200,123,584,461,707,17,0.48607519794996823,-0.43495225471732046
51,1556193600,415,1883,1468,2298,17,2.6698832646060766,1.56776605205183
51,1556208000,840,807,0,1647,17,-0.5136621592779027,0.7483005475221524
51,1556222400,1566,684,0,2250,17,-0.5136621592779027,1.5073446323630058
51,1556236800,502,203,0,705,17,-0.5136621592779027,-0.43746981387102146
51,1556251200,120,30,0,150,17,-0.5136621592779027,-1.1360924790230507
51,1556265600,106,550,444,656,17,0.44920852750989493,-0.4991500131366961
51,1556280000,437,1748,1311,2185,17,2.329408719953635,1.425523959867723
51,1556294400,836,747,0,1583,17,-0.5136621592779027,0.6677386546037202
51,1556308800,1402,603,0,2005,17,-0.5136621592779027,1.1989436360346324
51,1556323200,494,171,0,665,17,-0.5136621592779027,-0.4878209969450416
51,1556337600,138,35,0,173,17,-0.5136621592779027,-1.107140548755489
51,1556352000,75,134,59,209,17,-0.3857131265741188,-1.0618244839888709
51,1556366400,235,477,242,712,17,0.011145737574905884,-0.42865835683306797
51,1556380800,562,672,110,1234,17,-0.2751131152538988,0.22842458228289464
51,1556395200,639,477,0,1116,17,-0.5136621592779027,0.07988859221453529
51,1556409600,356,188,0,544,17,-0.5136621592779027,-0.6401333257439524
51,1556424000,89,41,0,130,17,-0.5136621592779027,-1.1612680705600607
51,1556438400,67,69,2,136,17,-0.5093249039320118,-1.1537153930989577
51,1556452800,169,313,144,482,17,-0.20137977437375215,-0.7181776595086836
51,1556467200,424,503,79,927,17,-0.342340573115209,-0.1580207478102098
51,1556481600,517,319,0,836,17,-0.5136621592779027,-0.2725696893036056
51,1556496000,245,121,0,366,17,-0.5136621592779027,-0.864196090423342
51,1556510400,58,36,0,94,17,-0.5136621592779027,-1.2065841353266789
51,1556524800,132,667,535,799,17,0.6465536457479345,-0.3191445336470742
51,1556539200,421,1853,1432,2274,17,2.5918126683800393,1.5375553422074177
51,1556553600,860,819,0,1679,17,-0.5136621592779027,0.7885814939813685
51,1556568000,1578,635,0,2213,17,-0.5136621592779027,1.4607697880195372
51,1556582400,485,202,0,687,18,-0.5205202251316345,-0.4902724039720946
51,1556596800,129,32,0,161,18,-0.5205202251316345,-1.1408953694268056
51,1556611200,140,707,567,847,18,0.6099697702182408,-0.292364277598038
51,1556625600,419,2123,1704,2542,18,2.876931189464816,1.804224936177124
51,1556640000,866,695,0,1561,18,-0.5205202251316345,0.5908007363461896
51,1556654400,1617,726,0,2343,18,-0.5205202251316345,1.558076703999391
51,1556668800,477,230,0,707,18,-0.5205202251316345,-0.46553388817533753
51,1556683200,114,34,0,148,18,-0.5205202251316345,-1.1569754046946978
51,1556697600,136,695,559,831,18,0.5940192940933748,-0.3121550902354437
51,1556712000,401,2067,1666,2468,18,2.8011664278717032,1.712692427729123
51,1556726400,888,776,0,1664,18,-0.5205202251316345,0.7182040926994885
51,1556740800,1389,707,0,2096,18,-0.5205202251316345,1.2525560339094413
51,1556755200,461,432,0,893,18,-0.5205202251316345,-0.23546569126549674
51,1556769600,91,50,0,141,18,-0.5205202251316345,-1.1656338852235628
51,1556784000,140,680,540,820,18,0.5561369132968181,-0.32576127392366006
51,1556798400,472,2250,1778,2722,18,3.0244730936198265,2.026871578347938
51,1556812800,886,752,0,1638,18,-0.5205202251316345,0.6860440221637043
51,1556827200,1457,714,0,2171,18,-0.5205202251316345,1.3453254681472804
51,1556841600,415,281,0,696,18,-0.5205202251316345,-0.47914007186355395
51,1556856000,76,30,0,106,18,-0.5205202251316345,-1.2089262878678877
51,1556870400,133,615,482,748,18,0.44049596139153996,-0.41481993079198554
51,1556878225,262,550,288,812,18,0.053696915363540265,-0.3356566802423629
51,1556883635,93,181,88,274,18,-0.3450649877581089,-1.0011227551751283
51,1556884800,436,1583,1147,2019,18,1.7663792892710235,1.1573127480919265
51,1556899200,953,768,0,1721,18,-0.5205202251316345,0.7887088627202461
51,1556913600,1564,589,0,2153,18,-0.5205202251316345,1.323060803930199
51,1556928000,424,201,0,625,18,-0.5205202251316345,-0.5669618029420416
51,1556942400,132,68,0,200,18,-0.5205202251316345,-1.0926552636231293
51,1556956800,75,135,60,210,18,-0.4008916541951398,-1.0802860057247508
51,1556971200,218,473,255,691,18,-0.012098798651531845,-0.4853247008127432
51,1556985600,565,621,56,1186,18,-0.4088668922575727,0.12695356515699438
51,1557000000,618,462,0,1080,18,-0.5205202251316345,-0.0041605685658181076
51,1557014400,403,489,86,892,18,-0.34905260678932537,-0.2367026170553346
51,1557028800,98,57,0,155,18,-0.5205202251316345,-1.1483169241658329
51,1557043200,52,69,17,121,18,-0.4866254633662943,-1.1903724010203198
51,1557057600,144,317,173,461,18,-0.175591178931408,-0.7698176324754495
51,1557072000,450,443,0,893,18,-0.5205202251316345,-0.23546569126549674
51,1557086400,418,263,0,681,18,-0.5205202251316345,-0.4976939587111217
51,1557100800,174,110,0,284,18,-0.5205202251316345,-0.9887534972767497
51,1557115200,28,22,0,50,18,-0.5205202251316345,-1.2781941320988075
51,1557129600,125,630,505,755,18,0.4863535802505296,-0.40616145026312056
51,1557144000,424,1940,1516,2364,18,2.502095000530466,1.584052145585986
51,1557158400,888,755,0,1643,18,-0.5205202251316345,0.6922286511128936
51,1557172800,1598,810,0,2408,18,-0.5205202251316345,1.6384768803388516
51,1557187200,569,161,0,730,19,-0.536933528228183,-0.437744277786962
51,1557201600,113,40,0,153,19,-0.536933528228183,-1.1593969871671823
51,1557216000,154,779,625,933,19,0.7502515622438292,-0.18385259667052406
51,1557226997,180,681,501,861,19,0.4948740402941819,-0.2739028481009848
51,1557230400,409,1938,1529,2347,19,2.6120360771025473,1.5846342855888025
51,1557244800,883,748,0,1631,19,-0.536933528228183,0.6891345630303316
51,1557259200,1637,644,0,2281,19,-0.536933528228183,1.5020882217775469
51,1557273600,616,183,0,799,19,-0.536933528228183,-0.3514461201661038
51,1557288000,124,39,0,163,19,-0.536933528228183,-1.1468900078018405
51,1557302400,152,673,521,825,19,0.5360639631892863,-0.3189279738162152
51,1557306575,83,257,174,340,19,-0.1785811990407748,-0.9255164730352912
51,1557316800,436,2008,1572,2444,19,2.7005944113270215,1.7059519854326177
51,1557331200,905,731,0,1636,19,-0.536933528228183,0.6953880527130025
51,1557345600,1700,712,0,2412,19,-0.536933528228183,1.665929651463524
51,1557360000,766,180,0,946,19,-0.536933528228183,-0.16759352349557974
51,1557374400,131,38,0,169,19,-0.536933528228183,-1.1393858201826355
51,1557388800,147,669,522,816,19,0.5381234593340415,-0.33018425524502276
51,1557403200,445,2063,1618,2508,19,2.7953312339857614,1.7859966533708052
51,1557417600,915,722,0,1637,19,-0.536933528228183,0.6966387506495367
51,1557432000,1723,699,0,2422,19,-0.536933528228183,1.6784366308288658
51,1557446400,705,207,0,912,19,-0.536933528228183,-0.21011725333774178
51,1557460800,131,40,0,171,19,-0.536933528228183,-1.136884424309567
51,1557475200,156,661,505,817,19,0.5031120248732028,-0.3289335573084886
51,1557489600,467,1843,1376,2310,19,2.2969331669549984,1.538358461937038
51,1557504000,936,656,0,1592,19,-0.536933528228183,0.6403573435054988
51,1557518400,1453,677,0,2130,19,-0.536933528228183,1.313232833360886
51,1557532800,666,202,0,868,19,-0.536933528228183,-0.2651479625452456
51,1557547200,153,53,0,206,19,-0.536933528228183,-1.0931099965308708
51,1557561600,83,186,103,269,19,-0.32480542531839535,-1.0143160265292177
51,1557576000,237,527,290,764,19,0.06032035375083065,-0.3952205479448
51,1557590400,570,509,0,1079,19,-0.536933528228183,-0.0012506979365341773
51,1557604800,669,355,0,1024,19,-0.536933528228183,-0.07003908444591392
51,1557619200,425,193,0,618,19,-0.536933528228183,-0.5778224466787899
51,1557633600,88,69,0,157,19,-0.536933528228183,-1.1543941954210455
51,1557648000,52,88,36,140,19,-0.46279166701699503,-1.1756560603421267
51,1557662400,151,301,150,452,19,-0.22800910651490006,-0.7854383041434633
51,1557676800,323,370,47,693,19,-0.44013720942468765,-0.4840201014387266
51,1557691200,407,262,0,669,19,-0.536933528228183,-0.5140368519155468
51,1557705600,238,118,0,356,19,-0.536933528228183,-0.9055053060507443
51,1557720000,62,33,0,95,19,-0.536933528228183,-1.2319374674861645
51,1557734400,134,695,561,829,19,0.618443808979495,-0.31392518207007847
51,1557736255,74,114,40,188,19,-0.45455368243797417,-1.115622559388486
51,1557748800,427,1989,1562,2416,19,2.6799994498794693,1.6709324432096608
51,1557763200,827,670,0,1497,19,-0.536933528228183,0.521541039534752
51,1557777600,1616,679,0,2295,19,-0.536933528228183,1.5195979928890253
51,1557792000,457,163,0,620,20,-0.4982714683513744,-0.513565967374376
51,1557806400,85,21,0,106,20,-0.4982714683513744,-1.0922332249325033
51,1557820800,152,674,522,826,20,0.5800966702744212,-0.281648739637072
51,1557835200,383,1927,1544,2310,20,2.691384481913431,1.3890559494996226
51,1557849600,891,757,0,1648,20,-0.4982714683513744,0.6437685477418789
51,1557864000,1557,1005,0,2562,20,-0.4982714683513744,1.6727605193530237
51,1557878400,543,190,0,733,20,-0.4982714683513744,-0.38634923565439855
51,1557892800,95,16,0,111,20,-0.4982714683513744,-1.0866041660068406
51,1557907200,148,651,503,799,20,0.5408457226999192,-0.31204565783565064
51,1557921600,445,2097,1652,2542,20,2.9144951312842853,1.6502442836503728
51,1557936000,878,817,0,1695,20,-0.4982714683513744,0.6966817016431084
51,1557950400,1553,1035,0,2588,20,-0.4982714683513744,1.7020316257664698
51,1557964800,544,223,0,767,20,-0.4982714683513744,-0.3480716349598921
51,1557979200,113,27,0,140,20,-0.4982714683513744,-1.0539556242379968
51,1557993600,153,662,509,815,20,0.5532407587760777,-0.29403266927352995
51,1558008000,433,2072,1639,2505,20,2.887639219785942,1.6085892476004686
51,1558022400,840,782,0,1622,20,-0.4982714683513744,0.6144974413284328
51,1558036800,1542,1053,0,2595,20,-0.4982714683513744,1.7099123082623977
51,1558051200,570,206,0,776,20,-0.4982714683513744,-0.33793932889369915
51,1558065600,123,30,0,153,20,-0.4982714683513744,-1.0393200710312738
51,1558080000,135,620,485,755,20,0.5036606144714434,-0.3615813763814826
51,1558094400,481,1887,1406,2368,20,2.406298652161784,1.4543530330373102
51,1558108800,907,868,0,1775,20,-0.4982714683513744,0.7867466444537119
51,1558123200,1538,995,0,2533,20,-0.4982714683513744,1.64011197758418
51,1558137600,465,236,0,701,20,-0.4982714683513744,-0.42237521277863993
51,1558152000,121,60,0,181,20,-0.4982714683513744,-1.0077973410475627
51,1558166400,97,132,35,229,20,-0.4259670912404494,-0.9537583753612005
51,1558180800,290,562,272,852,20,0.06363683376781414,-0.25237763322362583
51,1558195200,624,755,131,1379,20,-0.22764651402191227,0.34092517754122464
51,1558209600,658,635,0,1293,20,-0.4982714683513744,0.24410536401982588
51,1558224000,369,268,0,637,20,-0.4982714683513744,-0.4944271670271227
51,1558238400,97,56,0,153,20,-0.4982714683513744,-1.0393200710312738
51,1558252800,66,79,13,145,20,-0.4714155568530308,-1.0483265653123341
51,1558267200,193,406,213,599,20,-0.05824768764774514,-0.5372080148621594
51,1558281600,471,631,160,1102,20,-0.16773717298714585,0.029075313059510048
51,1558296000,600,504,0,1104,20,-0.4982714683513744,0.031326936629775134
51,1558310400,286,201,0,487,20,-0.4982714683513744,-0.6632989347970043
51,1558324800,52,29,0,81,20,-0.4982714683513744,-1.120378519560817
51,1558339200,118,631,513,749,20,0.5615041161601835,-0.36833624709227786
51,1558353600,436,1930,1494,2366,20,2.58809251461211,1.452101409467045
51,1558353680,1,0,0,1,20,-0.4982714683513744,-1.2104434623714204
51,1558353748,4,1,0,5,20,-0.4982714683513744,-1.2059402152308902
51,1558353832,4,3,0,7,20,-0.4982714683513744,-1.2036885916606253
51,1558353922,5,9,4,14,20,-0.4900081109672687,-1.1958079091646974
51,1558368000,860,654,0,1514,20,-0.4982714683513744,0.492909768534118
51,1558382400,1616,945,0,2561,20,-0.4982714683513744,1.6716347075678912
51,1558396800,545,201,0,746,21,-0.4577024758752366,-0.2844910718814899
51,1558411200,133,30,0,163,21,-0.4577024758752366,-1.0287935850308398
51,1558425600,147,616,469,763,21,0.6107644567530649,-0.26278756806752945
51,1558440000,432,2058,1626,2490,21,3.2466199813819454,1.9420330840918651
51,1558454400,899,814,0,1713,21,-0.4577024758752366,0.9500552921243784
51,1558468800,1593,905,0,2498,21,-0.4577024758752366,1.952246497651376
51,1558483200,635,200,0,835,21,-0.4577024758752366,-0.17086684603193225
51,1558497600,106,25,0,131,21,-0.4577024758752366,-1.069647239268883
51,1558512000,128,618,490,746,21,0.6586062597065709,-0.2844910718814899
51,1558526400,470,2007,1537,2477,21,3.0438618641028006,1.9254362870576602
51,1558540800,946,800,0,1746,21,-0.4577024758752366,0.9921856230573605
51,1558555200,1594,747,0,2341,21,-0.4577024758752366,1.7518082565459765
51,1558569600,590,206,0,796,21,-0.4577024758752366,-0.2206572371345474
51,1558584000,104,20,0,124,21,-0.4577024758752366,-1.0785839761334548
51,1558597053,100,415,315,515,21,0.259924568427354,-0.5794033884123644
51,1558598400,131,282,151,413,21,-0.11369713082859795,-0.7096244112961271
51,1558612800,461,2038,1577,2499,21,3.1349891078237646,1.9535231743463148
51,1558627200,965,764,0,1729,21,-0.4577024758752366,0.9704821192434001
51,1558641600,1559,737,0,2296,21,-0.4577024758752366,1.6943578052737283
51,1558656000,576,185,0,761,21,-0.4577024758752366,-0.2653409214574072
51,1558670400,121,20,0,141,21,-0.4577024758752366,-1.0568804723194944
51,1558684800,141,536,395,677,21,0.44217905586928175,-0.3725817638322706
51,1558699200,447,1739,1292,2186,21,2.485707496311897,1.5539233688304548
51,1558713600,1035,762,0,1797,21,-0.4577024758752366,1.057296134499242
51,1558728000,1193,548,0,1741,21,-0.4577024758752366,0.9858022395826662
51,1558742400,485,174,0,659,21,-0.4577024758752366,-0.3955619443411699
51,1558756800,86,33,0,119,21,-0.4577024758752366,-1.0849673596081493
51,1558771200,81,134,53,215,21,-0.3369588779449595,-0.9624063968940195
51,1558785600,196,428,232,624,21,0.07083553770635392,-0.44024562866402966
51,1558800000,487,531,44,1018,21,-0.35746250778217636,0.06276498914187739
51,1558814400,541,399,0,940,21,-0.4577024758752366,-0.03681579306335295
51,1558828800,340,172,0,512,21,-0.4577024758752366,-0.5832334184971809
51,1558843200,103,33,0,136,21,-0.4577024758752366,-1.0632638557941887
51,1558857600,62,80,18,142,21,-0.41669521620080285,-1.0556037956245556
51,1558872000,154,313,159,467,21,-0.09547168208440517,-0.6406838697694293
51,1558886400,364,440,76,804,21,-0.28456071280540524,-0.2104438235750366
51,1558900800,443,359,0,802,21,-0.4577024758752366,-0.2129971769649143
51,1558915200,234,150,0,384,21,-0.4577024758752366,-0.7466480354493538
51,1558929600,62,33,0,95,21,-0.4577024758752366,-1.1156076002866815
51,1558944000,56,91,35,147,21,-0.37796613761939324,-1.0492204121498614
51,1558958400,191,361,170,552,21,-0.0704116900611401,-0.5321663506996269
51,1558972800,461,459,0,920,21,-0.4577024758752366,-0.062349326962129956
51,1558987200,481,319,0,800,21,-0.4577024758752366,-0.21555053035479202
51,1559001600,291,130,0,421,22,-0.5257600140907894,-0.815053866768662
51,1559016000,58,24,0,82,22,-0.5257600140907894,-1.2366916589807104
51,1559030400,125,660,535,785,22,0.5794722355696128,-0.3623218420925982
51,1559044800,364,1841,1477,2205,22,2.5255073368408256,1.4038305618634748
51,1559059200,783,673,0,1456,22,-0.5257600140907894,0.47224735724157435
51,1559073600,1479,697,0,2176,22,-0.5257600140907894,1.367761252205217
51,1559088000,485,144,0,629,22,-0.5257600140907894,-0.5563498526680541
51,1559102400,101,16,0,117,22,-0.5257600140907894,-1.1931597335310888
51,1559116800,130,640,510,770,22,0.5278258687630519,-0.38097838157100744
51,1559131200,453,2064,1611,2517,22,2.802331862923992,1.7918865830143866
51,1559145600,896,730,0,1626,22,-0.5257600140907894,0.6836881379968789
51,1559160000,1623,727,0,2350,22,-0.5257600140907894,1.584177110154764
51,1559174400,495,150,0,645,22,-0.5257600140907894,-0.5364495438910842
51,1559188800,115,24,0,139,22,-0.5257600140907894,-1.1657968089627553
51,1559203200,140,627,487,767,22,0.48031121130101595,-0.38470968946668926
51,1559217600,423,1994,1571,2417,22,2.7196976760334945,1.6675096531583251
51,1559232000,873,796,0,1669,22,-0.5257600140907894,0.7371702178349853
51,1559246400,1626,710,0,2336,22,-0.5257600140907894,1.5667643399749154
51,1559260800,533,175,0,708,22,-0.5257600140907894,-0.45809207808176555
51,1559275200,114,23,0,137,22,-0.5257600140907894,-1.1682843475598765
51,1559289600,137,583,446,720,22,0.3956111697382561,-0.44316684649903815
51,1559304000,455,1830,1375,2285,22,2.3147901602700576,1.503332105748324
51,1559318400,955,791,0,1746,22,-0.5257600140907894,0.8329404538241526
51,1559332800,1538,639,0,2177,22,-0.5257600140907894,1.3690050215037777
51,1559347200,495,194,0,689,22,-0.5257600140907894,-0.48172369475441723
51,1559361600,157,42,0,199,22,-0.5257600140907894,-1.0911706510491184
51,1559376000,73,106,33,179,22,-0.45758680990612915,-1.1160460370203307
51,1559390400,222,459,237,681,22,-0.0361524567645926,-0.49167384914290213
51,1559404800,511,625,114,1136,22,-0.29025258145287197,0.0742411817021776
51,1559419200,597,384,0,981,22,-0.5257600140907894,-0.1185430595747177
51,1559433600,398,199,0,597,22,-0.5257600140907894,-0.5961504702219937
51,1559448000,86,50,0,136,22,-0.5257600140907894,-1.1695281168584373
51,1559462400,55,68,13,123,22,-0.49890390335137785,-1.1856971177397253
51,1559476800,154,386,232,540,22,-0.046481730125904765,-0.6670453202399488
51,1559491200,447,571,124,1018,22,-0.2695940347302477,-0.07252359552797495
51,1559505600,528,319,0,847,22,-0.5257600140907894,-0.2852081455818401
51,1559520000,237,141,0,378,22,-0.5257600140907894,-0.8685359466067685
51,1559534400,45,39,0,84,22,-0.5257600140907894,-1.2342041203835892
51,1559548800,141,627,486,768,22,0.4782453566287535,-0.38346592016812864
51,1559563200,414,1852,1438,2266,22,2.444939004622591,1.4797004890756724
51,1559577600,800,736,0,1536,22,-0.5257600140907894,0.5717489011264235
51,1559592000,1526,641,0,2167,22,-0.5257600140907894,1.3565673285181714
51,1559606400,576,169,0,745,23,-0.5139131628361187,-0.4540007443351039
51,1559620800,119,18,0,137,23,-0.5139131628361187,-1.2017666761811574
51,1559635200,125,649,524,774,23,0.49872905112191684,-0.4183342771911309
51,1559649600,455,2045,1590,2500,23,2.558798898601432,1.7044354569639486
51,1559664000,836,846,10,1682,23,-0.49458792974531646,0.6983951078684358
51,1559678400,1655,769,0,2424,23,-0.5139131628361187,1.6109647154831919
51,1559692800,574,184,0,758,23,-0.5139131628361187,-0.438012328029185
51,1559707200,98,21,0,119,23,-0.5139131628361187,-1.2239044833739683
51,1559721600,149,640,491,789,23,0.4349557819222696,-0.39988610453045526
51,1559736000,422,2035,1613,2457,23,2.6032469347102767,1.6515506953366783
51,1559750400,894,822,0,1716,23,-0.5139131628361187,0.7402109658993007
51,1559764800,1587,684,0,2271,23,-0.5139131628361187,1.4227933543443
51,1559779200,558,183,0,741,23,-0.5139131628361187,-0.4589202570446174
51,1559793600,112,25,0,137,23,-0.5139131628361187,-1.2017666761811574
51,1559808000,141,597,456,738,23,0.36731746610446186,-0.46260989157675253
51,1559822400,400,2139,1739,2539,23,2.8467448716543844,1.7524007058817053
51,1559836800,850,796,0,1646,23,-0.5139131628361187,0.6541194934828143
51,1559851200,1626,658,0,2284,23,-0.5139131628361187,1.438781770650219
51,1559865600,613,187,0,800,23,-0.5139131628361187,-0.3863574445792931
51,1559880000,113,22,0,135,23,-0.5139131628361187,-1.2042264325359142
51,1559894400,153,700,547,853,23,0.543177087230762,-0.32117390117823913
51,1559908800,450,1923,1473,2373,23,2.332693671439046,1.5482409284368948
51,1559923200,968,713,0,1681,23,-0.5139131628361187,0.6971652296910574
51,1559937600,1501,589,0,2090,23,-0.5139131628361187,1.2001854042388138
51,1559952000,516,188,0,704,23,-0.5139131628361187,-0.5044257496076173
51,1559966400,131,50,0,181,23,-0.5139131628361187,-1.1476520363765088
51,1559980800,63,128,65,191,23,-0.38829914774590435,-1.135353254602725
51,1559995200,225,436,211,661,23,-0.10615074462019214,-0.5573105112348876
51,1560009600,542,535,0,1077,23,-0.5139131628361187,-0.04568118944548255
51,1560024000,694,391,0,1085,23,-0.5139131628361187,-0.035842164026455535
51,1560038400,355,207,0,562,23,-0.5139131628361187,-0.679068450795347
51,1560052800,82,40,0,122,23,-0.5139131628361187,-1.2202148488418332
51,1560067200,61,75,14,136,23,-0.48685783650899556,-1.2029965543585357
51,1560081600,155,416,261,571,23,-0.009524579166181118,-0.6679995471989416
51,1560096000,468,533,65,1001,23,-0.38829914774590435,-0.13915193092623923
51,1560110400,543,347,0,890,23,-0.5139131628361187,-0.27566840861523917
51,1560124800,290,138,0,428,23,-0.5139131628361187,-0.8438721265640495
51,1560139200,51,27,0,78,23,-0.5139131628361187,-1.2743294886464818
51,1560153600,130,674,544,804,23,0.5373795173035213,-0.3814379318697796
51,1560168000,394,1960,1566,2354,23,2.5124183391835064,1.5248732430667056
51,1560182400,788,671,0,1459,23,-0.5139131628361187,0.42413227431305767
51,1560196800,1499,602,0,2101,23,-0.5139131628361187,1.213714064189976
51,1560211200,482,151,0,633,24,-0.6043991757596338,-0.8426080756316701
51,1560225600,98,27,0,125,24,-0.6043991757596338,-1.4345457107858803
51,1560240000,129,702,573,831,24,0.379583003125945,-0.6118922257093597
51,1560254400,461,2028,1567,2489,24,2.086525910302673,1.3200617094986733
51,1560268800,931,787,0,1718,24,-0.6043991757596338,0.4216681726799801
51,1560283200,1736,707,0,2443,24,-0.6043991757596338,1.2664610574965205
51,1560297600,595,181,0,776,24,-0.6043991757596338,-0.6759799617988903
51,1560312000,120,40,0,160,24,-0.6043991757596338,-1.3937626060016337
51,1560326400,138,680,542,818,24,0.3263483651757653,-0.6270402360577942
51,1560340800,487,2133,1646,2620,24,2.222188374756357,1.4727070445482828
51,1560355200,852,801,0,1653,24,-0.6043991757596338,0.3459281209378075
51,1560369600,1637,727,0,2364,24,-0.6043991757596338,1.1744077638406492
51,1560384000,589,228,0,817,24,-0.6043991757596338,-0.6282054676230584
51,1560398400,108,25,0,133,24,-0.6043991757596338,-1.4252238582637669
51,1560412800,121,688,567,809,24,0.369279524813007,-0.637527320145172
51,1560427200,415,2167,1752,2582,24,2.4042164916182616,1.4284282450682435
51,1560441600,822,782,0,1604,24,-0.6043991757596338,0.288831774239862
51,1560456000,1504,688,0,2192,24,-0.6043991757596338,0.9739879346152079
51,1560470400,540,195,0,735,24,-0.6043991757596338,-0.7237544559747223
51,1560484800,134,35,0,169,24,-0.6043991757596338,-1.3832755219142558
51,1560499200,123,627,504,750,24,0.261093002527158,-0.7062759824957594
51,1560513600,477,1773,1296,2250,24,1.6211521398349737,1.0415713654005312
51,1560528000,1003,834,0,1837,24,-0.6043991757596338,0.5603307289464191
51,1560542400,1451,588,0,2039,24,-0.6043991757596338,0.7957075051297863
51,1561161600,9244,9615,371,18859,25,0.6019455586539331,4.072973888879741
51,1561176000,111,47,0,158,25,-0.4136664779026524,-0.3800475718639707
51,1561190400,54,88,34,142,25,-0.32059152037455557,-0.3838574399657781
51,1561204800,212,347,135,559,25,-0.04410414654109162,-0.28456275256242386
51,1561219200,454,431,0,885,25,-0.4136664779026524,-0.20693668998809894
51,1561233600,632,382,0,1014,25,-0.4136664779026524,-0.17621962841727712
51,1561248000,343,163,0,506,25,-0.4136664779026524,-0.2971829406496607
51,1561262400,98,33,0,131,25,-0.4136664779026524,-0.3864767242857706
51,1561276800,52,47,0,99,25,-0.4136664779026524,-0.39409646048938535
51,1561291200,149,211,62,360,25,-0.24394155535141707,-0.33194798707865286
51,1561305600,357,388,31,745,25,-0.32880401662703473,-0.2402730358789133
51,1561320000,496,297,0,793,25,-0.4136664779026524,-0.22884343157349124
51,1561334400,264,152,0,416,25,-0.4136664779026524,-0.3186134487223271
51,1561348800,66,21,0,87,25,-0.4136664779026524,-0.39695386156574086
51,1561363200,112,669,557,781,25,1.111120326307639,-0.23170083264984676
51,1561377600,401,1931,1530,2332,25,3.7747066108617027,0.13761825646910392
51,1561392000,754,699,0,1453,25,-0.4136664779026524,-0.07168637237393775
51,1561406400,1608,645,0,2253,25,-0.4136664779026524,0.11880703271643009
51,1561420800,562,152,0,714,26,-0.5140752629638426,-0.4677005285638261
51,1561435200,117,12,0,129,26,-0.5140752629638426,-1.1971281016762552
51,1561449600,125,681,556,806,26,0.5837469172585309,-0.35298713245041846
51,1561464000,406,2156,1750,2562,26,2.9413003042828367,1.836542471627232
51,1561478400,772,713,0,1485,26,-0.5140752629638426,0.49364760625614457
51,1561492800,1670,637,0,2307,26,-0.5140752629638426,1.5185868628346346
51,1561507200,559,194,0,753,26,-0.5140752629638426,-0.4190720236896642
51,1561521600,105,29,0,134,26,-0.5140752629638426,-1.1908936779744395
51,1561536000,117,663,546,780,26,0.5640019140171213,-0.38540613569985976
51,1561550400,473,2031,1558,2504,26,2.5621962420477726,1.7642231566861706
51,1561564800,800,729,0,1529,26,-0.5140752629638426,0.5485105348321221
51,1561579200,1668,663,0,2331,26,-0.5140752629638426,1.5485120966033497
51,1561593600,578,196,0,774,26,-0.5140752629638426,-0.3928874441420385
51,1561608000,97,19,0,116,26,-0.5140752629638426,-1.2133376033009757
51,1561622400,123,619,496,742,26,0.46527689781007336,-0.4327877558336585
51,1561636800,426,1976,1550,2402,26,2.5464002394546448,1.6370409131691317
51,1561651200,794,808,14,1602,26,-0.48643225842586924,0.6395331208786303
51,1561665600,1602,721,0,2323,26,-0.5140752629638426,1.5385370186804448
51,1561680000,590,199,0,789,26,-0.5140752629638426,-0.3741841730365916
51,1561694400,121,26,0,147,26,-0.5140752629638426,-1.174684176349719
51,1561708800,112,583,471,695,26,0.41591438970654937,-0.4913913386307255
51,1561723200,391,1860,1469,2251,26,2.386465713199227,1.4487613173742995
51,1561737600,960,732,0,1692,26,-0.5140752629638426,0.7517527475113117
51,1561752000,1505,574,0,2079,26,-0.5140752629638426,1.2342971420318418
51,1561766400,517,220,0,737,26,-0.5140752629638426,-0.4390221795354742
51,1561780800,129,46,0,175,26,-0.5140752629638426,-1.1397714036195514
51,1561795200,88,135,47,223,26,-0.42127374772921755,-1.0799209360821214
51,1561809600,210,508,298,718,26,0.07432583363016332,-0.4627129896023736
51,1561824000,524,509,0,1033,26,-0.5140752629638426,-0.0699442963879887
51,1561838400,583,381,0,964,26,-0.5140752629638426,-0.15597934347304443
51,1561852800,378,205,0,583,26,-0.5140752629638426,-0.6310424295513957
51,1561867200,84,45,0,129,26,-0.5140752629638426,-1.1971281016762552
51,1561881600,47,69,22,116,26,-0.47063625583274155,-1.2133376033009757
51,1561896000,182,329,147,511,26,-0.2238237153151216,-0.7208181308575408
51,1561910400,383,475,92,858,26,-0.33242123314287436,-0.28814912595153586
51,1561924800,466,441,0,907,26,-0.5140752629638426,-0.22705177367374266
51,1561939200,252,210,0,462,26,-0.5140752629638426,-0.781915483135334
51,1561953600,64,29,0,93,26,-0.5140752629638426,-1.2420159523293277
51,1561968000,112,556,444,668,26,0.3626028809547434,-0.5250572266205299
51,1561982400,413,1888,1475,2301,26,2.3983127151440726,1.5111055543924559
51,1561996800,746,730,0,1476,26,-0.5140752629638426,0.48242564359287643
51,1562011200,1540,602,0,2142,26,-0.5140752629638426,1.3128508806747188
51,1562025600,532,154,0,686,27,-0.49124796099000706,-0.20496374774904277
51,1562040000,113,20,0,133,27,-0.49124796099000706,-1.0112980905509354
51,1562054400,114,662,548,776,27,0.9639081612939058,-0.07373392703987396
51,1562068800,417,1927,1510,2344,27,3.5183975584419427,2.2125811715376447
51,1562083200,865,755,0,1620,27,-0.49124796099000706,1.1569101693883312
51,1562097600,1584,632,0,2216,27,-0.49124796099000706,2.025943204306827
51,1562112000,520,159,0,679,27,-0.49124796099000706,-0.2151705115819781
51,1562126400,104,23,0,127,27,-0.49124796099000706,-1.02004674526488
51,1562140800,106,567,461,673,27,0.7328888499094159,-0.2239191662959227
51,1562155200,401,1751,1350,2152,27,3.0935344570451795,1.9326242206914177
51,1562169600,984,623,0,1607,27,-0.49124796099000706,1.1379547508414514
51,1562184000,1308,475,0,1783,27,-0.49124796099000706,1.394581955783826
51,1562198400,452,151,0,603,27,-0.49124796099000706,-0.3259868046252762
51,1562212800,88,24,0,112,27,-0.49124796099000706,-1.0419183820497415
51,1562227200,67,98,31,165,27,-0.40893073509438427,-0.964638598743231
51,1562230306,15,26,11,41,27,-0.4620386227689796,-1.145444129498086
51,1562230386,0,1,1,1,27,-0.4885925666062773,-1.2037684942577165
51,1562241600,158,432,274,590,27,0.23633010015194936,-0.34494222317215617
51,1562256000,366,436,70,802,27,-0.3053703541289233,-0.035823089946114085
51,1562270400,416,321,0,737,27,-0.49124796099000706,-0.13060018268051377
51,1562284800,251,445,194,696,27,0.02389854945356791,-0.1903826565591351
51,1562299200,57,74,17,131,27,-0.446106256466601,-1.014214308788917
51,1562313600,87,379,292,466,27,0.2841271990590852,-0.5257477539270109
51,1562328000,302,1017,715,1319,27,1.407359023376777,0.7180193245721112
51,1562342400,650,538,0,1188,27,-0.49124796099000706,0.527007029984321
51,1562356800,998,444,0,1442,27,-0.49124796099000706,0.8973667462079752
51,1562371200,425,190,0,615,27,-0.49124796099000706,-0.30848949519738705
51,1562385600,88,37,0,125,27,-0.49124796099000706,-1.0229629635028616
51,1562400000,70,122,52,192,27,-0.3531674530360591,-0.9252696525304804
51,1562414400,183,333,150,516,27,-0.09293880343054188,-0.4528422979774727
51,1562428800,431,452,21,883,27,-0.43548467893168197,0.08228374869213784
51,1562443200,542,282,0,824,27,-0.49124796099000706,-0.003744689328317266
51,1562457600,276,150,0,426,27,-0.49124796099000706,-0.5840721186866416
51,1562472000,67,32,0,99,27,-0.49124796099000706,-1.0608738005966214
51,1562486400,60,85,25,145,27,-0.42486310139676287,-0.9938007811230464
51,1562500800,129,314,185,443,27,0.0,-0.5592842636637986
51,1562515200,350,433,83,783,27,-0.27085022714043633,-0.0635271632069386
51,1562529600,539,308,0,847,27,-0.49124796099000706,0.029791820408470317
51,1562544000,276,146,0,422,27,-0.49124796099000706,-0.5899045551626045
51,1562558400,63,14,0,77,27,-0.49124796099000706,-1.0929522012144184
51,1562572800,116,647,531,763,27,0.9187664567704997,-0.0926893455867539
51,1562587200,455,1879,1424,2334,27,3.2900336414411826,2.198000080347737
51,1562601600,712,907,195,1619,27,0.02655394383729768,1.1554520602693406
51,1562616000,1583,584,0,2167,27,-0.49124796099000706,1.9544958574762792
51,1562630400,507,175,0,682,28,-0.5215264545243267,-0.5343052082296199
51,1562644800,94,20,0,114,28,-0.5215264545243267,-1.2633783105304728
51,1562659200,133,680,547,813,28,0.5973033863797615,-0.36615630611445843
51,1562673600,407,1966,1559,2373,28,2.6672408616904333,1.6362275664019685
51,1562688000,808,673,0,1481,28,-0.5215264545243267,0.4912747367323193
51,1562702400,1611,646,0,2257,28,-0.5215264545243267,1.487332355368696
51,1562716800,564,175,0,739,28,-0.5215264545243267,-0.4611411821184428
51,1562731200,122,20,0,142,28,-0.5215264545243267,-1.2274380871776138
51,1562745600,138,654,516,792,28,0.533896210752656,-0.39311147362910265
51,1562760000,411,1943,1532,2354,28,2.612015257111987,1.611839557698243
51,1562774400,851,759,0,1610,28,-0.5215264545243267,0.6568564800365623
51,1562788800,1638,630,0,2268,28,-0.5215264545243267,1.5014517288287477
51,1562803200,603,187,0,790,28,-0.5215264545243267,-0.39567863244002116
51,1562817600,106,22,0,128,28,-0.5215264545243267,-1.2454081988540433
51,1562832000,134,606,472,740,28,0.4438989292174094,-0.45985760271298354
51,1562846400,426,2004,1578,2430,28,2.7061033241715626,1.7093915925131458
51,1562860800,873,775,0,1648,28,-0.5215264545243267,0.7056324974440137
51,1562875200,1566,657,0,2223,28,-0.5215264545243267,1.4436906555830813
51,1562889600,517,143,0,660,28,-0.5215264545243267,-0.5625439551497234
51,1562904000,106,15,0,121,28,-0.5215264545243267,-1.254393254692258
51,1562918400,137,571,434,708,28,0.366174004255151,-0.5009321436876795
51,1562932800,466,1812,1346,2278,28,2.2315722033493532,1.5142875228833401
51,1562947200,965,701,0,1666,28,-0.5215264545243267,0.7287369267422802
51,1562961600,1429,543,0,1972,28,-0.5215264545243267,1.1215122248128102
51,1562976000,539,225,0,764,28,-0.5215264545243267,-0.4290516969819616
51,1562990400,146,73,0,219,28,-0.5215264545243267,-1.128602472957252
51,1563004800,86,166,80,252,28,-0.3578950335511511,-1.0862443525770966
51,1563019200,256,495,239,751,28,-0.032677584366964545,-0.44573822925293183
51,1563033600,554,606,52,1160,28,-0.41516603089176257,0.07924574757990065
51,1563048000,644,483,0,1127,28,-0.5215264545243267,0.03688762719974546
51,1563062400,529,387,0,916,28,-0.5215264545243267,-0.23394762735215588
51,1563076800,112,61,0,173,28,-0.5215264545243267,-1.1876471256083772
51,1563091200,60,59,0,119,28,-0.5215264545243267,-1.2569604135031767
51,1563105600,168,356,188,524,28,-0.136992615237364,-0.7371107542921811
51,1563120000,418,553,135,971,28,-0.24539843163209285,-0.16335076005189725
51,1563134400,503,364,0,867,28,-0.5215264545243267,-0.296843018219659
51,1563148800,270,148,0,418,28,-0.5215264545243267,-0.8731701712708615
51,1563163200,68,17,0,85,28,-0.5215264545243267,-1.300602113288791
51,1563177600,111,611,500,722,28,0.501169926558021,-0.48296203201125004
51,1563192000,412,1943,1531,2355,28,2.609969864349822,1.613123137103702
51,1563206400,841,708,0,1549,28,-0.5215264545243267,0.5785581363035481
51,1563220800,1544,622,0,2166,28,-0.5215264545243267,1.3705266294719043
51,1563235200,482,166,0,648,29,-0.50074351797797,-0.49663123247039015
51,1563249600,108,17,0,125,29,-0.50074351797797,-1.1508102248132923
51,1563264000,130,661,531,791,29,0.5876016122824987,-0.3177639362848548
51,1563278400,432,2133,1701,2565,29,2.985650204381837,1.9011911926182203
51,1563292336,858,755,0,1613,29,-0.50074351797797,0.7104103117187122
51,1563292800,412,486,74,898,29,-0.3490720685631401,-0.1839261692089647
51,1563307200,1684,605,0,2289,29,-0.50074351797797,1.5559648027776065
51,1563321600,577,170,0,747,29,-0.50074351797797,-0.3728000274188657
51,1563336000,112,21,0,133,29,-0.50074351797797,-1.1408036627889266
51,1563350400,138,644,506,782,29,0.5363612577504616,-0.32902131856226613
51,1563364800,461,1993,1532,2454,29,2.639265407745266,1.7623501445301475
51,1563379200,880,830,0,1710,29,-0.50074351797797,0.8317398762641453
51,1563393600,1640,692,0,2332,29,-0.50074351797797,1.6097500736585717
51,1563408000,494,183,0,677,29,-0.50074351797797,-0.46035744513206484
51,1563422400,93,16,0,109,29,-0.50074351797797,-1.1708233488620234
51,1563436800,119,637,518,756,29,0.5609566279258394,-0.36154264514145434
51,1563451200,416,2009,1593,2425,29,2.7642918728034362,1.726076357191822
51,1563465600,815,941,126,1756,29,-0.24249213113650286,0.8892776079042475
51,1563480000,1478,655,0,2133,29,-0.50074351797797,1.3608368433024771
51,1563494400,969,703,0,1672,29,-0.50074351797797,0.7842087066484086
51,1563508800,122,32,0,154,29,-0.50074351797797,-1.114536437474967
51,1563522060,93,423,330,516,29,0.1756291618449202,-0.6617395058724228
51,1563523200,105,262,157,367,29,-0.1789540915167768,-0.8481117235762324
51,1563537600,414,1894,1480,2308,29,2.5326854703186283,1.579730387585475
51,1563552000,947,714,0,1661,29,-0.50074351797797,0.7704496838649059
51,1563566400,1296,625,0,1921,29,-0.50074351797797,1.0956629496567882
51,1563580800,451,206,0,657,29,-0.50074351797797,-0.48537385019297885
51,1563595200,120,48,0,168,29,-0.50074351797797,-1.0970249539323271
51,1563609600,105,115,10,220,29,-0.48024737616515517,-1.0319823007739506
51,1563617975,85,116,31,201,29,-0.43720547835824397,-1.055747885581819
51,1563624000,203,381,178,584,29,-0.1359121937098656,-0.576683728665315
51,1563638400,436,447,11,883,29,-0.4781977619838737,-0.20268847300465023
51,1563652800,478,340,0,818,29,-0.50074351797797,-0.2839917894526208
51,1563667200,493,325,0,818,29,-0.50074351797797,-0.2839917894526208
51,1563681600,89,30,0,119,29,-0.50074351797797,-1.1583151463315664
51,1563696000,63,61,0,124,29,-0.50074351797797,-1.152061045066338
51,1563710400,138,327,189,465,29,-0.11336643771576926,-0.7255313387777537
51,1563724800,324,431,107,755,29,-0.2814348005808511,-0.3627934653945001
51,1563739200,402,366,0,768,29,-0.50074351797797,-0.34653280210490595
51,1563753600,238,135,0,373,29,-0.50074351797797,-0.8406068020579582
51,1563768000,49,21,0,70,29,-0.50074351797797,-1.219605338730806
51,1563782400,119,557,438,676,29,0.3969874934233206,-0.4616082653851105
51,1563796800,372,1854,1482,2226,29,2.5367846986811915,1.4771631268357275
51,1563811200,784,688,0,1472,29,-0.50074351797797,0.5340446560392682
51,1563825600,1514,574,0,2088,29,-0.50074351797797,1.3045499319154206
51,1563840000,434,172,0,606,30,-0.519024888329029,-0.6193414853616894
51,1563854400,92,19,0,111,30,-0.519024888329029,-1.261990191723714
51,1563868800,116,622,506,738,30,0.5234396166108184,-0.4479684969984829
51,1563883200,425,1921,1496,2346,30,2.5630440827974765,1.6396660885169423
51,1563897600,793,706,0,1499,30,-0.519024888329029,0.5400227465197003
51,1563912000,1575,644,0,2219,30,-0.519024888329029,1.4747845012280996
51,1563926400,573,198,0,771,30,-0.519024888329029,-0.40512524990768123
51,1563940800,139,42,0,181,30,-0.519024888329029,-1.1711105766826195
51,1563955200,124,678,554,802,30,0.6223295301228987,-0.36487856324662515
51,1563969600,451,2035,1584,2486,30,2.744342257569624,1.821425318599131
51,1563984000,859,757,0,1616,30,-0.519024888329029,0.6919215316598152
51,1563998400,1602,691,0,2293,30,-0.519024888329029,1.570857237128685
51,1564012800,621,237,0,858,30,-0.519024888329029,-0.2921748712137497
51,1564027200,133,43,0,176,30,-0.519024888329029,-1.1776019777569835
51,1564041600,117,633,516,750,30,0.544041681925835,-0.4323891344200096
51,1564056000,423,2014,1591,2437,30,2.7587637032901355,1.757809588070365
51,1564070400,888,717,0,1605,30,-0.519024888329029,0.6776404492962146
51,1564084800,1519,677,0,2196,30,-0.519024888329029,1.4449240562860257
51,1564099200,607,187,0,794,30,-0.519024888329029,-0.3752648049656074
51,1564113600,129,30,0,159,30,-0.519024888329029,-1.1996727414098207
51,1564128000,122,580,458,702,30,0.424549703098738,-0.49470658473390283
51,1564142400,389,1674,1285,2063,30,2.128340504650623,1.2722527877079464
51,1564156800,915,648,0,1563,30,-0.519024888329029,0.623112680271558
51,1564171200,1385,507,0,1892,30,-0.519024888329029,1.0502468709647015
51,1564185600,521,240,0,761,30,-0.519024888329029,-0.418108052056409
51,1564200000,136,61,0,197,30,-0.519024888329029,-1.1503380932446552
51,1564214400,94,124,30,218,30,-0.4572186923839788,-1.1230742087323269
51,1564228800,240,469,229,709,30,-0.04723759261514552,-0.48561862322979343
51,1564243200,526,538,12,1064,30,-0.49430240995100894,-0.02472914694995764
51,1564257600,577,452,0,1029,30,-0.519024888329029,-0.07016895447050484
51,1564272000,376,240,0,616,30,-0.519024888329029,-0.6063586832129617
51,1564286400,112,51,0,163,30,-0.519024888329029,-1.1944796205503296
51,1564300800,59,65,6,124,30,-0.5066636491400189,-1.2451125489303678
51,1564315200,174,348,174,522,30,-0.16054895184773763,-0.7283970234110027
51,1564329600,402,521,119,923,30,-0.27386031108032977,-0.20778665724701917
51,1564344000,509,397,0,906,30,-0.519024888329029,-0.2298574208998564
51,1564358400,302,168,0,470,30,-0.519024888329029,-0.7959075945843871
51,1564372800,74,24,0,98,30,-0.519024888329029,-1.27886783451706
51,1564387200,113,648,535,761,30,0.5831856060243669,-0.418108052056409
51,1564401600,435,1921,1486,2356,30,2.54244201748246,1.65264889066567
51,1564416000,780,750,0,1530,30,-0.519024888329029,0.5802694331807564
51,1564430400,1563,615,0,2178,30,-0.519024888329029,1.4215550124183158
51,1564444800,482,199,0,681,31,-0.5983556507352699,-0.760084218817959
51,1564459200,106,29,0,135,31,-0.5983556507352699,-1.3864295592399523
51,1564473600,131,661,530,792,31,0.3194164314247002,-0.6327502759849164
51,1564488000,436,1987,1551,2423,31,2.087426423661171,1.2382556768141144
51,1564502400,782,812,30,1594,31,-0.5464062875941395,0.28726613979976956
51,1564516800,1993,975,0,2968,31,-0.5983556507352699,1.8634538645979721
51,1564531200,618,171,0,789,31,-0.5983556507352699,-0.6361917338993229
51,1564545600,119,50,0,169,31,-0.5983556507352699,-1.3474263695433446
51,1564560000,114,612,498,726,31,0.2640037774074945,-0.7084623501018606
51,1564574400,414,2060,1646,2474,31,2.2519327402747504,1.296760461359026
51,1564588800,880,756,0,1636,31,-0.5983556507352699,0.33544655060146134
51,1564603200,1556,697,0,2253,31,-0.5983556507352699,1.0432397283310764
51,1564617600,530,177,0,707,31,-0.5983556507352699,-0.7302582502264355
51,1564632000,134,42,0,176,31,-0.5983556507352699,-1.3393963010763958
51,1564646400,125,615,490,740,31,0.25015061390319304,-0.6924022131679634
51,1564660800,393,2043,1650,2436,31,2.258859322026901,1.2531686611098762
51,1564675200,885,728,0,1613,31,-0.5983556507352699,0.3090620399243444
51,1564689600,1617,670,0,2287,31,-0.5983556507352699,1.082242918027684
51,1564704000,570,218,0,788,31,-0.5983556507352699,-0.6373388865374585
51,1564718400,122,46,0,168,31,-0.5983556507352699,-1.34857352218148
51,1564732800,107,576,469,683,31,0.2137860597044018,-0.7577899135416879
51,1564747200,405,1834,1429,2239,31,1.876165680220574,1.027179591397179
51,1564761600,931,724,0,1655,31,-0.5983556507352699,0.35724245072603616
51,1564776000,1449,665,0,2114,31,-0.5983556507352699,0.8837855116302392
51,1565395200,9678,9162,0,18840,32,-0.40818226416603764,4.078651906874695
51,1565409600,157,50,0,207,32,-0.40818226416603764,-0.3803224879149521
51,1565424000,86,138,52,224,32,-0.24865884067567803,-0.37625429896462614
51,1565438400,216,466,250,682,32,0.35875727184530665,-0.2666525025381968
51,1565452800,522,558,36,1080,32,-0.2977429709804041,-0.17140902005409436
51,1565467200,586,388,0,974,32,-0.40818226416603764,-0.19677537468553874
51,1565481600,341,215,0,556,32,-0.40818226416603764,-0.29680496181708343
51,1565496000,111,46,0,157,32,-0.40818226416603764,-0.39228774953355794
51,1565510400,61,76,15,137,32,-0.362165892005357,-0.3970738541810003
51,1565524800,168,313,145,481,32,0.03664266672054205,-0.31475285424499216
51,1565539200,445,470,25,915,32,-0.33148831056490324,-0.2108943833954936
51,1565553600,511,399,0,910,32,-0.40818226416603764,-0.21209090955735418
51,1565568000,319,187,0,506,32,-0.40818226416603764,-0.3087702234356893
51,1565582400,68,23,0,91,32,-0.40818226416603764,-0.40808189487011765
51,1565596800,117,611,494,728,32,1.1072902589923788,-0.2556444618490794
51,1565611200,378,1756,1378,2134,32,3.8191884583284916,0.08081869486611645
51,1565625600,792,680,0,1472,32,-0.40818226416603764,-0.07760136896422469
51,1565640000,1616,623,0,2239,32,-0.40818226416603764,0.1059457442651887
51,1565654400,534,161,0,695,33,-0.5225352231777979,-0.4994926052767185
51,1565668800,106,21,0,127,33,-0.5225352231777979,-1.2301705296991736
51,1565683200,145,645,500,790,33,0.5010878819279628,-0.37728414960746987
51,1565697600,429,1975,1546,2404,33,2.6425074178092145,1.698973191973239
51,1565712000,794,694,0,1488,33,-0.5225352231777979,0.5206263983623782
51,1565726400,1633,780,0,2413,33,-0.5225352231777979,1.7105508351419045
51,1565740800,504,188,0,692,33,-0.5225352231777979,-0.5033518196662737
51,1565755200,138,19,0,157,33,-0.5225352231777979,-1.1915783858036215
51,1565769600,149,592,443,741,33,0.3843948479459061,-0.4403179846368718
51,1565784000,447,1943,1496,2390,33,2.5401451072986383,1.6809635248219812
51,1565798400,804,746,0,1550,33,-0.5225352231777979,0.6003834957465194
51,1565812800,1548,628,0,2176,33,-0.5225352231777979,1.4056728983670421
51,1565827200,565,205,0,770,33,-0.5225352231777979,-0.403012245537838
51,1565841600,121,25,0,146,33,-0.5225352231777979,-1.205728838565324
51,1565856000,143,709,566,852,33,0.6362061318019232,-0.2975270522233286
51,1565870400,410,2045,1635,2455,33,2.82471233051804,1.7645798365956777
51,1565884800,802,830,28,1632,33,-0.4652123292918752,0.7058686890610288
51,1565899200,1527,686,0,2213,33,-0.5225352231777979,1.4532698758382232
51,1565913600,566,244,0,810,33,-0.5225352231777979,-0.3515560536771017
51,1565928000,125,31,0,156,33,-0.5225352231777979,-1.19286479060014
51,1565942400,112,547,435,659,33,0.368016878264214,-0.5458031779513811
51,1565956800,385,1678,1293,2063,33,2.1245541266256995,1.2603091563604623
51,1565971200,880,798,0,1678,33,-0.5225352231777979,0.7650433097008755
51,1565985600,1347,613,0,1960,33,-0.5225352231777979,1.1278094623190662
51,1566000000,531,221,0,752,33,-0.5225352231777979,-0.4261675318751693
51,1566014400,135,49,0,184,33,-0.5225352231777979,-1.1568454562976245
51,1566028800,69,172,103,241,33,-0.31166886352601114,-1.0835203828960753
51,1566043200,231,509,278,740,33,0.0465992232610051,-0.4416043894333902
51,1566057600,505,556,51,1061,33,-0.41812566645701027,-0.028668449750981557
51,1566072000,631,449,0,1080,33,-0.5225352231777979,-0.0042267586171318245
51,1566086400,379,205,0,584,33,-0.5225352231777979,-0.6422835376902617
51,1566100800,103,48,0,151,33,-0.5225352231777979,-1.1992968145827319
51,1566115200,64,100,36,164,33,-0.4488343596101831,-1.1825735522279925
51,1566129600,216,349,133,565,33,-0.2502514772196655,-0.6667252288241114
51,1566144000,385,445,60,830,33,-0.39970045056510656,-0.32582795774673357
51,1566158400,451,367,0,818,33,-0.5225352231777979,-0.34126481530495445
51,1566172800,270,157,0,427,33,-0.5225352231777979,-0.8442490907436515
51,1566187200,63,19,0,82,33,-0.5225352231777979,-1.2880587455425019
51,1566201600,109,681,572,790,33,0.6484896090631924,-0.37728414960746987
51,1566216000,438,1983,1545,2421,33,2.6404601715990026,1.720842073514052
51,1566230400,766,727,0,1493,33,-0.5225352231777979,0.5270584223449702
51,1566244800,1427,671,0,2098,33,-0.5225352231777979,1.3053333242386065
51,1566259200,486,144,0,630,34,-0.513167831303253,-0.5505985088745962
51,1566273600,117,35,0,152,34,-0.513167831303253,-1.1795138288658569
51,1566288000,159,703,544,862,34,0.648514385046368,-0.2453509058662856
51,1566302400,437,2062,1625,2499,34,2.956930700991111,1.908486706739768
51,1566316800,769,773,4,1542,34,-0.5046260503006823,0.6493403443304868
51,1566331200,1606,656,0,2262,34,-0.513167831303253,1.5966604915976574
51,1566345600,533,163,0,696,34,-0.513167831303253,-0.4637608287084389
51,1566360000,118,26,0,144,34,-0.513167831303253,-1.1900396082799365
51,1566374400,135,672,537,807,34,0.6335662682918692,-0.3177156393380834
51,1566388800,447,1881,1434,2328,34,2.5490606581183584,1.6834981717638149
51,1566403200,833,742,0,1575,34,-0.513167831303253,0.6927591844135654
51,1566417600,1548,626,0,2174,34,-0.513167831303253,1.480876918042781
51,1566432000,513,165,0,678,34,-0.513167831303253,-0.4874438323901181
51,1566446400,111,24,0,135,34,-0.513167831303253,-1.201881110120776
51,1566460800,129,645,516,774,34,0.5887219180283729,-0.36113447942116206
51,1566475200,442,1956,1514,2398,34,2.7198962781697733,1.775598741637012
51,1566489600,754,711,0,1465,34,-0.513167831303253,0.5480297174699699
51,1566504000,1485,635,0,2120,34,-0.513167831303253,1.4098279069977433
51,1566518400,501,186,0,687,34,-0.513167831303253,-0.47560233054927853
51,1566532800,111,29,0,140,34,-0.513167831303253,-1.1953024979869762
51,1566547200,108,615,507,723,34,0.5695029107725887,-0.42823632318592
51,1566561600,448,1850,1402,2298,34,2.4807264100977924,1.644026498961016
51,1566576000,857,716,0,1573,34,-0.513167831303253,0.6901277395600455
51,1566590400,1306,566,0,1872,34,-0.513167831303253,1.0835287451612734
51,1566604800,505,164,0,669,34,-0.513167831303253,-0.4992853342309578
51,1566619200,126,37,0,163,34,-0.513167831303253,-1.1650408821714973
51,1566633600,74,189,115,263,34,-0.2675916274793442,-1.0334686394955013
51,1566648000,243,477,234,720,34,-0.013473642652864536,-0.43218349046619986
51,1566662400,506,550,44,1056,34,-0.41920824027497483,0.009899244925146504
51,1566676800,619,436,0,1055,34,-0.513167831303253,0.008583522498386544
51,1566691200,373,222,0,595,34,-0.513167831303253,-0.5966487938111947
51,1566705600,89,57,0,146,34,-0.513167831303253,-1.1874081634264166
51,1566720000,48,103,55,151,34,-0.39571834251790533,-1.1808295512926168
51,1566734400,205,246,41,451,34,-0.4256145760269029,-0.786112823264629
51,1566748800,395,394,0,789,34,-0.513167831303253,-0.34139864301976264
51,1566763200,512,324,0,836,34,-0.513167831303253,-0.2795596889620446
51,1566777600,304,146,0,450,34,-0.513167831303253,-0.7874285456913889
51,1566792000,76,15,0,91,34,-0.513167831303253,-1.2597728968982143
51,1566806400,129,476,347,605,34,0.22783167066975896,-0.5834915695435952
51,1566820800,421,1595,1174,2016,34,1.99384489295126,1.2729927746147076
51,1566835200,751,645,0,1396,34,-0.513167831303253,0.4572448700235327
51,1566849600,1443,607,0,2050,34,-0.513167831303253,1.3177273371245461
51,1566864000,486,157,0,643,35,-0.39821071191128404,-0.0925840122663725
51,1566878400,108,31,0,139,35,-0.39821071191128404,-0.7835987726389753
51,1566892800,147,673,526,820,35,0.9882661078737018,0.15009379048352967
51,1566907200,479,2096,1617,2575,35,3.8640193595570094,2.5563059024952715
51,1566921600,802,717,0,1519,35,-0.39821071191128404,1.1084654521907704
51,1566936000,1508,637,0,2145,35,-0.39821071191128404,1.9667496585265825
51,1566950400,564,197,0,761,35,-0.39821071191128404,0.0692011895668956
51,1566964800,118,35,0,153,35,-0.39821071191128404,-0.7644039181841807
51,1566979200,132,610,478,742,35,0.8617435083495967,0.04315102994967447
51,1566993600,434,1903,1469,2337,35,3.473908011024352,2.2299933767637645
51,1567008000,842,703,0,1545,35,-0.39821071191128404,1.1441130390353886
51,1567022400,1485,611,0,2096,35,-0.39821071191128404,1.8995676679348017
51,1567036800,511,233,0,744,35,-0.39821071191128404,0.04589315201464511
51,1567051200,119,27,0,146,35,-0.39821071191128404,-0.774001345411578
51,1567065600,123,610,487,733,35,0.8854664957603664,0.030811480657306562
51,1567080000,423,1933,1510,2356,35,3.5819793981178583,2.2560435363809854
51,1567094400,819,711,0,1530,35,-0.39821071191128404,1.123547123548109
51,1567108800,1468,629,0,2097,35,-0.39821071191128404,1.900938728967287
51,1567123200,560,190,0,750,35,-0.39821071191128404,0.05411951820955705
51,1567137600,135,42,0,177,35,-0.39821071191128404,-0.7314984534045329
51,1567152000,100,435,335,535,35,0.48481159726736667,-0.24065860377478737
51,1567166400,366,1449,1083,1815,35,2.4564554398513394,1.5142995178064258
51,1567180800,1023,586,0,1609,35,-0.39821071191128404,1.2318609451144493
51,1567195200,1189,427,0,1616,35,-0.39821071191128404,1.2414583723418466
51,1567209600,446,173,0,619,35,-0.39821071191128404,-0.12548947704602023
51,1567224000,122,56,0,178,35,-0.39821071191128404,-0.7301273923720476
51,1567238400,66,118,52,184,35,-0.26114456242683676,-0.7219010261771357
51,1567252800,244,406,162,650,35,0.02880306148257094,-0.08298658503897524
51,1567267200,430,495,65,925,35,-0.22687802505572494,0.29405519889448856
51,1567281600,532,349,0,881,35,-0.39821071191128404,0.23372851346513435
51,1567296000,329,150,0,479,35,-0.39821071191128404,-0.31743802159396545
51,1567310400,96,43,0,139,35,-0.39821071191128404,-0.7835987726389753
51,1567324800,52,73,21,125,35,-0.342857074619488,-0.8027936270937698
51,1567339200,174,307,133,481,35,-0.047637675729909276,-0.3146958995289948
51,1567353600,416,483,67,899,35,-0.2216062500755539,0.2584076120498702
51,1567368000,485,365,0,850,35,-0.39821071191128404,0.19122562145808933
51,1567382400,266,156,0,422,35,-0.39821071191128404,-0.3955885004456289
51,1567396800,84,38,0,122,35,-0.39821071191128404,-0.8069068101912257
51,1567411200,49,87,38,136,35,-0.2980469872880341,-0.7877119557364312
51,1567425001,166,317,151,483,35,-0.00019170090836983183,-0.31195377746402414
51,1567425081,2,0,0,2,35,-0.39821071191128404,-0.9714341340894644
51,1567425161,1,9,8,10,35,-0.37712361199059985,-0.9604656458295818
51,1567425242,1,2,1,3,35,-0.3955748244211985,-0.9700630730569791
51,1567425322,1,0,0,1,35,-0.39821071191128404,-0.9728051951219497
51,1567425403,4,0,0,4,35,-0.39821071191128404,-0.9686920120244938
51,1567425483,2,2,0,4,35,-0.39821071191128404,-0.9686920120244938
51,1567425564,3,1,0,4,35,-0.39821071191128404,-0.9686920120244938
51,1567425600,165,270,105,435,35,-0.12144252545230397,-0.37776470702331966
51,1567425644,0,0,0,0,35,-0.39821071191128404,-0.9741762561544351
51,1567425726,4,5,1,9,35,-0.3955748244211985,-0.9618367068620672
51,1567425807,3,1,0,4,35,-0.39821071191128404,-0.9686920120244938
51,1567425888,2,0,0,2,35,-0.39821071191128404,-0.9714341340894644
51,1567425968,2,0,0,2,35,-0.39821071191128404,-0.9714341340894644
51,1567440000,393,277,0,670,35,-0.39821071191128404,-0.055565364389268776
51,1567454400,514,259,0,773,35,-0.39821071191128404,0.08565392195671948
51,1567468800,296,139,0,435,36,-0.5084882952498894,-0.8124571695723257
51,1567483200,52,20,0,72,36,-0.5084882952498894,-1.2719394014626617
51,1567497600,126,584,458,710,36,0.4655488335518306,-0.46436456965540457
51,1567512000,404,1852,1448,2256,36,2.571000269171269,1.4925487375139053
51,1567526400,783,658,0,1441,36,-0.5084882952498894,0.4609288504873933
51,1567540800,1477,646,0,2123,36,-0.5084882952498894,1.324198498281358
51,1567555200,495,143,0,638,36,-0.5084882952498894,-0.5555015412700166
51,1567569600,114,35,0,149,36,-0.5084882952498894,-1.174473473485924
51,1567584000,154,665,511,819,36,0.578264920509235,-0.3263933209610612
51,1567598400,448,1905,1457,2353,36,2.5901407367678093,1.6153304909391466
51,1567612800,862,785,0,1647,36,-0.5084882952498894,0.7216818526069779
51,1567627200,1900,608,0,2508,36,-0.5084882952498894,1.8115281381650477
51,1567641600,559,172,0,731,36,-0.5084882952498894,-0.437782952934476
51,1567656000,117,36,0,153,36,-0.5084882952498894,-1.169410308396223
51,1567670400,149,632,483,781,36,0.518716799097776,-0.37449338931321763
51,1567684800,432,2012,1580,2444,36,2.8517271272538607,1.730517496729837
51,1567699200,892,695,0,1587,36,-0.5084882952498894,0.6457343762614678
51,1567713600,1554,621,0,2175,36,-0.5084882952498894,1.3900196444474666
51,1567728000,556,177,0,733,36,-0.5084882952498894,-0.4352513703896257
51,1567742400,131,38,0,169,36,-0.5084882952498894,-1.1491576480374204
51,1567756800,151,697,546,848,36,0.6527000722735585,-0.28968537406073136
51,1567771200,427,1861,1434,2288,36,2.5412262084655395,1.5330540582315106
51,1567785600,1013,770,0,1783,36,-0.5084882952498894,0.8938294656568008
51,1567800000,1520,578,0,2098,36,-0.5084882952498894,1.2925537164707288
51,1567814400,458,216,0,674,36,-0.5084882952498894,-0.5099330554627106
51,1567828800,134,39,0,173,36,-0.5084882952498894,-1.1440944829477198
51,1567843200,71,132,61,203,36,-0.37875845931778257,-1.1061207447749648
51,1567857600,229,445,216,674,36,-0.049117072932921016,-0.5099330554627106
51,1567872000,626,593,0,1219,36,-0.5084882952498894,0.179923188009006
51,1567886400,667,435,0,1102,36,-0.5084882952498894,0.03182560913526133
51,1567900800,367,222,0,589,36,-0.5084882952498894,-0.6175253136188499
51,1567915200,100,38,0,138,36,-0.5084882952498894,-1.1883971774826008
51,1567929600,63,87,24,150,36,-0.4574470483257818,-1.1732076822134987
51,1567944000,192,317,125,509,36,-0.2426484675201623,-0.7187886154128633
51,1567958400,444,453,9,897,36,-0.48934782765334905,-0.22766160171189812
51,1567972800,535,340,0,875,36,-0.5084882952498894,-0.2555090097052518
51,1567987200,271,137,0,408,36,-0.5084882952498894,-0.8466335339278053
51,1568001600,66,16,0,82,36,-0.5084882952498894,-1.25928148873841
51,1568016000,155,543,388,698,36,0.3166785300231834,-0.4795540649245066
51,1568030400,441,1743,1302,2184,36,2.260499350382948,1.401411765899293
51,1568044800,881,660,0,1541,36,-0.5084882952498894,0.5875079777299101
51,1568059200,1575,596,0,2171,36,-0.5084882952498894,1.384956479357766
51,1568073600,580,144,0,724,37,-0.5016444356058943,-0.4775056865373947
51,1568088000,113,17,0,130,37,-0.5016444356058943,-1.2084427259124668
51,1568102400,139,597,458,736,37,0.40955786499042146,-0.4627392817015347
51,1568116800,458,1772,1314,2230,37,2.1125909857555882,1.3756781203630404
51,1568131200,901,599,0,1500,37,-0.5016444356058943,0.47738849284822127
51,1568145600,1584,703,0,2287,37,-0.5016444356058943,1.4458185433333757
51,1568160000,554,181,0,735,37,-0.5016444356058943,-0.46396981543785637
51,1568174400,119,25,0,144,37,-0.5016444356058943,-1.1912152536039633
51,1568188800,170,664,494,834,37,0.4811807532469004,-0.342146975542011
51,1568203200,446,1979,1533,2425,37,2.5482968893158353,1.615632198945766
51,1568217600,832,693,0,1525,37,-0.5016444356058943,0.508151836256263
51,1568232000,1701,635,0,2336,37,-0.5016444356058943,1.5061146964131376
51,1568246400,528,187,0,715,37,-0.5016444356058943,-0.4885804901642898
51,1568260800,111,20,0,131,37,-0.5016444356058943,-1.2072121921761452
51,1568275200,139,644,505,783,37,0.5030655246586023,-0.4049041960944162
51,1568289600,438,2198,1760,2636,37,2.999918990266411,1.8752748173096385
51,1568304000,1014,724,0,1738,37,-0.5016444356058943,0.7702555220927788
51,1568318400,1671,661,0,2332,37,-0.5016444356058943,1.5011925614678507
51,1568332800,565,251,0,816,37,-0.5016444356058943,-0.36429658279580107
51,1568347200,125,28,0,153,37,-0.5016444356058943,-1.1801404499770685
51,1568361600,143,640,497,783,37,0.48714932726827365,-0.4049041960944162
51,1568376000,469,1983,1514,2452,37,2.510495920513805,1.6488566098264512
51,1568390400,948,743,0,1691,37,-0.5016444356058943,0.7124204364856602
51,1568404800,1504,577,0,2081,37,-0.5016444356058943,1.1923285936511117
51,1568419200,530,243,0,773,37,-0.5016444356058943,-0.4172095334576329
51,1568433600,147,35,0,182,37,-0.5016444356058943,-1.14445497162374
51,1568448000,82,107,25,189,37,-0.4519063187611173,-1.1358412354694882
51,1568462400,247,464,217,711,37,-0.06991758139322947,-0.49350262510957643
51,1568476800,524,510,0,1034,37,-0.5016444356058943,-0.096040228277677
51,1568491200,656,336,0,992,37,-0.5016444356058943,-0.14772264520318715
51,1568505600,364,200,0,564,37,-0.5016444356058943,-0.674391084348862
51,1568520000,129,37,0,166,37,-0.5016444356058943,-1.1641435114048866
51,1568534400,59,69,10,128,37,-0.48174918886798357,-1.2109037933851101
51,1568548800,176,306,130,482,37,-0.24300622801305366,-0.7752948507272389
51,1568563200,489,463,0,952,37,-0.5016444356058943,-0.19694399465605394
51,1568577600,575,321,0,896,37,-0.5016444356058943,-0.2658538838900675
51,1568592000,285,151,0,436,37,-0.5016444356058943,-0.8318994025980357
51,1568606400,70,16,0,86,37,-0.5016444356058943,-1.2625862103106202
51,1568620800,146,703,557,849,37,0.6065208076957387,-0.32368896949718595
51,1568635200,414,1990,1576,2404,37,2.6338464502888517,1.589790990483011
51,1568649600,916,774,0,1690,37,-0.5016444356058943,0.7111899027493386
51,1568664000,1664,591,0,2255,37,-0.5016444356058943,1.4064414637710823
51,1568678400,510,139,0,649,38,-0.5170949954151466,-0.5958514538324458
51,1568692800,110,15,0,125,38,-0.5170949954151466,-1.218672579263197
51,1568707200,161,663,502,824,38,0.5177821648442696,-0.38784821537751935
51,1568721600,464,2068,1604,2532,38,2.789564297525299,1.6422633919425627
51,1568736000,963,700,0,1663,38,-0.5170949954151466,0.6093787392720994
51,1568750400,1684,733,0,2417,38,-0.5170949954151466,1.5055755495293253
51,1568764800,548,159,0,707,38,-0.5170949954151466,-0.526913237658813
51,1568779200,117,29,0,146,38,-0.5170949954151466,-1.1937121906486057
51,1568793600,155,632,477,787,38,0.46624445766003575,-0.4318260429365609
51,1568808000,443,1898,1455,2341,38,2.4823995627072653,1.4152427145431858
51,1568822400,938,670,0,1608,38,-0.5170949954151466,0.544006292900551
51,1568836800,1772,704,0,2476,38,-0.5170949954151466,1.5757023556369862
51,1568851200,554,167,0,721,38,-0.5170949954151466,-0.5102729785824189
51,1568865600,131,26,0,157,38,-0.5170949954151466,-1.1806377013742961
51,1568880000,149,586,437,735,38,0.38378412616526153,-0.4936327195060248
51,1568894400,468,2024,1556,2492,38,2.69061189973157,1.5947197945814366
51,1568908800,936,767,0,1703,38,-0.5170949954151466,0.6569223366332254
51,1568923200,1605,684,0,2289,38,-0.5170949954151466,1.353436037973722
51,1568937600,595,185,0,780,38,-0.5170949954151466,-0.44014617247475796
51,1568952000,127,33,0,160,38,-0.5170949954151466,-1.1770719315722116
51,1568966400,165,628,463,793,38,0.43738334163686476,-0.424694503332392
51,1568980800,498,1853,1355,2351,38,2.2762487339703297,1.4271286138834673
51,1568995200,1042,913,0,1955,38,-0.5170949954151466,0.9564470000083195
51,1569009600,1603,678,0,2281,38,-0.5170949954151466,1.3439273185014966
51,1569024000,570,236,0,806,38,-0.5170949954151466,-0.40924283419002605
51,1569038400,151,57,0,208,38,-0.5170949954151466,-1.1200196147388604
51,1569052800,71,113,42,184,38,-0.43051164734563363,-1.148545773155536
51,1569067200,230,508,278,738,38,0.056004308473534124,-0.4900669497039403
51,1569081600,582,591,9,1173,38,-0.49854142082882236,0.026969671598305375
51,1569096000,606,508,0,1114,38,-0.5170949954151466,-0.04315713450935554
51,1569110400,343,237,0,580,38,-0.5170949954151466,-0.6778641592803882
51,1569124800,127,45,0,172,38,-0.5170949954151466,-1.1628088523638738
51,1569139200,56,73,17,129,38,-0.4820493545298675,-1.2139182195270843
51,1569153600,215,387,172,602,38,-0.1625155699876175,-0.6517151807317688
51,1569168000,410,555,145,965,38,-0.2181762937465901,-0.22025703467955005
51,1569182400,513,382,0,895,38,-0.5170949954151466,-0.3034583300615206
51,1569196800,334,160,0,494,38,-0.5170949954151466,-0.7800828936068092
51,1569211200,71,24,0,95,38,-0.5170949954151466,-1.2543302772840415
51,1569225600,147,650,503,797,38,0.5198436731316389,-0.4199401435962794
51,1569240000,471,1991,1520,2462,38,2.6163976013862733,1.5590620965605921
51,1569254400,925,721,0,1646,38,-0.5170949954151466,0.5891727103936208
51,1569268800,1760,801,0,2561,38,-0.5170949954151466,1.676732500029379
51,1569283200,578,213,0,791,39,-0.4916728637971311,-0.4112128884987314
51,1569297600,121,28,0,149,39,-0.4916728637971311,-1.1558699956498255
51,1569312000,163,691,528,854,39,0.5290477341775158,-0.33813906022689505
51,1569326400,550,2122,1572,2672,39,2.5472907347182954,1.7705628413318104
51,1569340800,964,837,0,1801,39,-0.4916728637971311,0.7602881679227717
51,1569355200,1704,701,0,2405,39,-0.4916728637971311,1.4608689977035518
51,1569369600,641,195,0,836,39,-0.4916728637971311,-0.35901729687599115
51,1569384000,114,21,0,135,39,-0.4916728637971311,-1.1721086241546779
51,1569398400,157,712,555,869,39,0.5812436738466739,-0.32074052968598166
51,1569412800,509,2095,1586,2604,39,2.574355296028229,1.6916895028796697
51,1569427200,961,765,0,1726,39,-0.4916728637971311,0.6732955152182046
51,1569441600,1809,822,0,2631,39,-0.4916728637971311,1.7230068578533138
51,1569456000,655,214,0,869,39,-0.4916728637971311,-0.32074052968598166
51,1569470400,117,29,0,146,39,-0.4916728637971311,-1.159349701758008
51,1569484800,163,641,478,804,39,0.43238858664203794,-0.3961341620299398
51,1569499200,500,2398,1898,2898,39,3.1775083766496115,2.0327007014815726
51,1569513600,1013,830,0,1843,39,-0.4916728637971311,0.8090040534373292
51,1569528000,1658,735,0,2393,39,-0.4916728637971311,1.446950173270821
51,1569542400,640,201,0,841,39,-0.4916728637971311,-0.3532177866956867
51,1569556800,127,26,0,153,39,-0.4916728637971311,-1.1512303875055818
51,1569571200,145,611,466,756,39,0.40919039123352324,-0.4518094597608627
51,1569585600,496,1984,1488,2480,39,2.3849033668586923,1.5478616504081188
51,1569600000,987,721,0,1708,39,-0.4916728637971311,0.6524172785691085
51,1569614400,1587,650,0,2237,39,-0.4916728637971311,1.2660054556453215
51,1569628800,575,216,0,791,39,-0.4916728637971311,-0.4112128884987314
51,1569643200,119,48,0,167,39,-0.4916728637971311,-1.1349917590007292
51,1569657600,87,98,11,185,39,-0.47040785133932594,-1.1141135223516332
51,1569672000,243,365,122,608,39,-0.25582454381056496,-0.623474961097875
51,1569686400,560,459,0,1019,39,-0.4916728637971311,-0.14675522427684753
51,1569700800,681,357,0,1038,39,-0.4916728637971311,-0.12471708559169055
51,1569715200,389,139,0,528,39,-0.4916728637971311,-0.7162671239827466
51,1569729600,92,39,0,131,39,-0.4916728637971311,-1.1767482322989216
51,1569744000,84,53,0,137,39,-0.4916728637971311,-1.1697888200825561
51,1569758400,160,258,98,418,39,-0.30222093462759436,-0.8438563479494449
51,1569772800,399,412,13,811,39,-0.46654148543790686,-0.3880148477775135
51,1569787200,543,304,0,847,39,-0.4916728637971311,-0.34625837447932134
51,1569801600,324,155,0,479,39,-0.4916728637971311,-0.7731023237497304
51,1569816000,70,21,0,91,39,-0.4916728637971311,-1.2231443137413573
51,1569830400,107,621,514,728,39,0.501983172867582,-0.4842867167705677
51,1569844800,383,1736,1353,2119,39,2.123923668512902,1.1291370153901361
51,1569859200,791,607,0,1398,39,-0.4916728637971311,0.29284764739023134
51,1569873600,1468,548,0,2016,39,-0.4916728637971311,1.009667105675864
51,1569888000,498,149,0,647,40,-0.53345726634049,-0.6354549868026861
51,1569902400,112,17,0,129,40,-0.53345726634049,-1.2538276974919216
51,1569916800,124,632,508,756,40,0.43004431959370915,-0.5053340882213604
51,1569931200,421,1880,1459,2301,40,2.233764808222495,1.3390401164405483
51,1569945600,913,712,0,1625,40,-0.53345726634049,0.5320517912939785
51,1569960000,1530,632,0,2162,40,-0.53345726634049,1.1731061265065643
51,1569974400,543,176,0,719,40,-0.53345726634049,-0.5495035675563058
51,1569988800,111,15,0,126,40,-0.53345726634049,-1.2574090066271872
51,1570003200,153,655,502,808,40,0.4186643796023603,-0.4432580632100858
51,1570017600,478,2214,1736,2692,40,2.759138704489765,1.805804073736863
51,1570032000,934,721,0,1655,40,-0.53345726634049,0.5678648826466369
51,1570046400,1694,672,0,2366,40,-0.53345726634049,1.4166351477046415
51,1570060800,599,173,0,772,40,-0.53345726634049,-0.48623377283327596
51,1570075200,101,20,0,121,40,-0.53345726634049,-1.2633778551859638
51,1570089600,131,640,509,771,40,0.4319409762589339,-0.48742754254503123
51,1570104000,493,2227,1734,2720,40,2.7553453911593153,1.839229625666011
51,1570118400,942,755,0,1697,40,-0.53345726634049,0.6180032105403588
51,1570132800,1687,732,0,2419,40,-0.53345726634049,1.4799049424276713
51,1570147200,597,181,0,778,40,-0.53345726634049,-0.47907115456274424
51,1570161600,111,51,0,162,40,-0.53345726634049,-1.2144332970039973
51,1570176000,173,616,443,789,40,0.30676163635409703,-0.4659396877334362
51,1570190400,438,2030,1592,2468,40,2.4860201446973935,1.53839965830368
51,1570204800,988,781,0,1769,40,-0.53345726634049,0.703954629786739
51,1570219200,1644,679,0,2323,40,-0.53345726634049,1.3653030500991645
51,1570233600,504,190,0,694,40,-0.53345726634049,-0.5793478103501879
51,1570248000,154,56,0,210,40,-0.53345726634049,-1.1571323508397438
51,1570262400,83,171,88,254,40,-0.3665514798007074,-1.1046064835225113
51,1570276800,239,643,404,882,40,0.23279202641032978,-0.35491910454019504
51,1570291200,631,826,195,1457,40,-0.1636092166216537,0.33149847971909135
51,1570305600,805,615,0,1420,40,-0.53345726634049,0.287329000384146
51,1570320000,413,270,0,683,40,-0.53345726634049,-0.5924792771794959
51,1570334400,124,62,0,186,40,-0.53345726634049,-1.1857828239218704
51,1570348800,69,92,23,161,40,-0.4898341630403195,-1.2156270667157525
51,1570363200,183,441,258,624,40,-0.04411984671249121,-0.6629116901730575
51,1570377600,480,662,182,1142,40,-0.18826575326957612,-0.04453897948382207
51,1570392000,649,504,0,1153,40,-0.53345726634049,-0.03140751265451398
51,1570406400,323,185,0,508,40,-0.53345726634049,-0.8013889767366701
51,1570420800,72,37,0,109,40,-0.53345726634049,-1.2777030917270271
51,1570435200,165,679,514,844,40,0.44142425958505793,-0.40028235358689573
51,1570449600,425,2091,1666,2516,40,2.626372737924029,1.5957006044679336
51,1570464000,898,693,0,1591,40,-0.53345726634049,0.491463621094299
51,1570478400,1644,678,0,2322,40,-0.53345726634049,1.3641092803874093
51,1570492800,659,254,0,913,41,-0.5482927693033028,-0.3113780074670708
51,1570507200,132,60,0,192,41,-0.5482927693033028,-1.263721086157894
51,1570521600,145,673,528,818,41,0.519311098645599,-0.43686010521412794
51,1570536000,438,1894,1456,2332,41,2.395705775646699,1.5629282736179195
51,1570550400,945,757,0,1702,41,-0.5482927693033028,0.730783835926909
51,1570564800,1604,570,0,2174,41,-0.5482927693033028,1.3542317321017614
51,1570579200,634,266,0,900,41,-0.5482927693033028,-0.32854924189561546
51,1570593600,176,117,0,293,41,-0.5482927693033028,-1.13031380328997
51,1570608000,116,625,509,741,41,0.48089353521561956,-0.5385666475985847
51,1570622400,404,1915,1511,2319,41,2.506914511891376,1.545757039189375
51,1570636800,805,683,0,1488,41,-0.5482927693033028,0.4481188999493277
51,1570651200,1500,525,0,2025,41,-0.5482927693033028,1.1574229682669033
51,1570665600,553,292,0,845,41,-0.5482927693033028,-0.4011967721702275
51,1570680000,168,93,0,261,41,-0.5482927693033028,-1.172581457267926
51,1570694400,136,642,506,778,41,0.47482760414772807,-0.4896946726865731
51,1570708800,445,2135,1690,2580,41,2.868848398942235,1.8905025919470793
51,1570723200,923,808,0,1731,41,-0.5482927693033028,0.7690888973444318
51,1570737600,1697,682,0,2379,41,-0.5482927693033028,1.6250088903980426
51,1570752000,868,296,0,1164,41,-0.5482927693033028,0.020158903422522283
51,1570766400,246,184,0,430,41,-0.5482927693033028,-0.9493554096968455
51,1570780800,138,631,493,769,41,0.4485419028535316,-0.5015824503678732
51,1570795200,461,2057,1596,2518,41,2.6787825588149685,1.8086090123647893
51,1570809600,1063,786,0,1849,41,-0.5482927693033028,0.9249508713881448
51,1570824000,1534,612,0,2146,41,-0.5482927693033028,1.3172475348710497
51,1570838400,530,254,0,784,41,-0.5482927693033028,-0.48176948756570626
51,1570852800,137,41,0,178,41,-0.5482927693033028,-1.2822131847732496
51,1570867200,65,118,53,183,41,-0.4411279871038865,-1.275608863839194
51,1570881600,227,620,393,847,41,0.24634420059048204,-0.3985550437966052
51,1570896000,537,729,192,1266,41,-0.16007318095824763,0.15488705047725732
51,1570910400,685,558,0,1243,41,-0.5482927693033028,0.12450717418060138
51,1570924800,402,227,0,629,41,-0.5482927693033028,-0.6865034365214311
51,1570939200,115,62,0,177,41,-0.5482927693033028,-1.2835340489600608
51,1570953600,58,71,13,129,41,-0.5220070680091063,-1.346935529926995
51,1570968000,153,463,310,616,41,0.07852010771215089,-0.7036746709499757
51,1570982400,410,724,314,1134,41,0.08660801580267287,-0.01946702218181155
51,1570996800,576,419,0,995,41,-0.5482927693033028,-0.2030671441485583
51,1571011200,302,191,0,493,41,-0.5482927693033028,-0.8661409659277445
51,1571025600,78,19,0,97,41,-0.5482927693033028,-1.389203183904951
51,1571040000,96,527,431,623,41,0.32317932745044087,-0.6944286216422979
51,1571054400,349,1743,1394,2092,41,2.2703432002436084,1.2459208687832488
51,1571068800,773,742,0,1515,41,-0.5482927693033028,0.48378223299322815
51,1571083200,1367,532,0,1899,41,-0.5482927693033028,0.9909940807287012
51,1571097600,459,153,0,612,42,-0.5113218835613711,-0.6742580766278469
51,1571112000,106,18,0,124,42,-0.5113218835613711,-1.2430358491332734
51,1571126400,135,591,456,726,42,0.3541519753840446,-0.5413878592802677
51,1571140800,413,2060,1647,2473,42,2.6146330411822687,1.4947899451602655
51,1571155200,1043,745,0,1788,42,-0.5113218835613711,0.6964031128524434
51,1571169600,1678,647,0,2325,42,-0.5113218835613711,1.322291768252882
51,1571184000,627,222,0,849,42,-0.5113218835613711,-0.39802788793156385
51,1571198400,124,35,0,159,42,-0.5113218835613711,-1.202242361351122
51,1571212800,140,596,456,736,42,0.3541519753840446,-0.5297325770567959
51,1571227200,453,2209,1756,2662,42,2.8215116609740454,1.7150747791838836
51,1571241600,934,775,0,1709,42,-0.5113218835613711,0.6043263832870157
51,1571256000,1697,666,0,2363,42,-0.5113218835613711,1.3665818407020751
51,1571270400,585,176,0,761,42,-0.5113218835613711,-0.5005943714981161
51,1571284800,127,23,0,150,42,-0.5113218835613711,-1.2127321153522466
51,1571299200,160,658,498,818,42,0.4338666729184908,-0.4341592628243266
51,1571313600,478,2212,1734,2690,42,2.779756343217907,1.7477095694096048
51,1571328000,1115,800,0,1915,42,-0.5113218835613711,0.8444251970905359
51,1571342400,1835,730,0,2565,42,-0.5113218835613711,1.6020185416162065
51,1571356800,669,246,0,915,42,-0.5113218835613711,-0.32110302525664963
51,1571371200,143,49,0,192,42,-0.5113218835613711,-1.1637799300136649
51,1571385600,151,641,490,792,42,0.4186829210071677,-0.46446299660535345
51,1571400000,476,2020,1544,2496,42,2.4191422353239838,1.5215970942742507
51,1571414400,1105,898,0,2003,42,-0.5113218835613711,0.9469916806570883
51,1571428800,1793,610,0,2403,42,-0.5113218835613711,1.4132029695959625
51,1571443200,552,230,0,782,42,-0.5113218835613711,-0.4761182788288253
51,1571457600,150,43,0,193,42,-0.5113218835613711,-1.1626144017913176
51,1571472000,90,111,21,201,42,-0.471464534794148,-1.15329017601254
51,1571486400,264,624,360,888,42,0.1719469524481676,-0.35257228726002365
51,1571500800,635,778,143,1413,42,-0.23991231814647102,0.25933002947224876
51,1571515200,776,604,0,1380,42,-0.5113218835613711,0.22086759813479165
51,1571529600,419,187,0,606,42,-0.5113218835613711,-0.68125124596193
51,1571544000,133,57,0,190,42,-0.5113218835613711,-1.1661109864583592
51,1571558400,65,86,21,151,42,-0.471464534794148,-1.2115665871298993
51,1571572800,194,398,204,592,42,-0.1241362098226325,-0.6975686410747906
51,1571587200,511,503,0,1014,42,-0.5113218835613711,-0.20571573124427825
51,1571601600,520,366,0,886,42,-0.5113218835613711,-0.354903343704718
51,1571616000,289,142,0,431,42,-0.5113218835613711,-0.8852186848726874
51,1571630400,81,16,0,97,42,-0.5113218835613711,-1.2745051111366474
51,1571644800,152,668,516,820,42,0.4680301147189677,-0.43182820637963226
51,1571659200,405,1874,1469,2279,42,2.27679456115533,1.2686774700249115
51,1571673600,866,736,0,1602,42,-0.5113218835613711,0.47961486349586685
51,1571688000,1596,654,0,2250,42,-0.5113218835613711,1.234877151576843
51,1571702400,570,232,0,802,43,-0.5282804909876772,-0.463638154020486
51,1571716800,122,32,0,154,43,-0.5282804909876772,-1.2465615268455497
51,1571731200,152,619,467,771,43,0.3764338677159201,-0.501092821547611
51,1571745600,475,2006,1531,2481,43,2.4377102652761504,1.5649549678518624
51,1571760000,927,740,0,1667,43,-0.5282804909876772,0.5814678914944522
51,1571774400,1669,662,0,2331,43,-0.5282804909876772,1.3837227056238384
51,1571788800,545,240,0,785,43,-0.5282804909876772,-0.4841778104063288
51,1571803200,103,38,0,141,43,-0.5282804909876772,-1.2622683229053118
51,1571817600,152,658,506,810,43,0.45198817176183076,-0.45397243336832477
51,1571832000,479,2156,1677,2635,43,2.7205545829864826,1.751020090405967
51,1571846400,886,798,0,1684,43,-0.5282804909876772,0.602007547880295
51,1571860800,1665,690,0,2355,43,-0.5282804909876772,1.4127198675803223
51,1571875200,619,236,0,855,43,-0.5282804909876772,-0.3996027546999176
51,1571889600,129,30,0,159,43,-0.5282804909876772,-1.2405204514379489
51,1571904000,151,669,518,820,43,0.4752356499298033,-0.4418902825531232
51,1571918400,450,2249,1799,2699,43,2.95690394436087,1.8283458556232572
51,1571932800,881,867,0,1748,43,-0.5282804909876772,0.6793333130975852
51,1571947200,1771,746,0,2517,43,-0.5282804909876772,1.6084507107865882
51,1571961600,637,252,0,889,43,-0.5282804909876772,-0.35852344192823216
51,1571976000,142,34,0,176,43,-0.5282804909876772,-1.2199807950521062
51,1571990400,141,619,478,760,43,0.39774405603656154,-0.5143831874443328
51,1572004800,448,1733,1285,2181,43,1.9611369628327138,1.2024904433958143
51,1572019200,1005,838,0,1843,43,-0.5282804909876772,0.7941137458420003
51,1572033600,1567,640,0,2207,43,-0.5282804909876772,1.2339040355153386
51,1572048000,602,256,0,858,43,-0.5282804909876772,-0.3959781094553571
51,1572062400,163,75,0,238,43,-0.5282804909876772,-1.1450714599978562
51,1572076800,99,187,88,286,43,-0.3577989844225453,-1.0870771360848885
51,1572091200,276,695,419,971,43,0.28344395504403,-0.259449805243579
51,1572105600,612,785,173,1397,43,-0.19312934739940665,0.2552498194840091
51,1572120000,789,542,0,1331,43,-0.5282804909876772,0.17550762410367854
51,1572134400,440,263,0,703,43,-0.5282804909876772,-0.5832514470909819
51,1572148800,128,77,0,205,43,-0.5282804909876772,-1.1849425576880215
51,1572163200,75,98,23,173,43,-0.4837228244990632,-1.2236054402966665
51,1572177600,177,416,239,593,43,-0.06526821747555779,-0.7161551060581994
51,1572192000,352,474,122,826,43,-0.2919311296132899,-0.4346409920640022
51,1572206400,586,369,0,955,43,-0.5282804909876772,-0.2787812465479016
51,1572220800,323,183,0,506,43,-0.5282804909876772,-0.8212698181504534
51,1572235200,85,23,0,108,43,-0.5282804909876772,-1.302139420595477
51,1572249600,141,593,452,734,43,0.3473745200059544,-0.545796779563857
51,1572264000,404,2080,1676,2484,43,2.7186172931391517,1.568579613096423
51,1572278400,977,716,0,1693,43,-0.5282804909876772,0.6128814836139764
51,1572292800,1622,648,0,2270,43,-0.5282804909876772,1.3100215856511086
51,1572307200,546,165,0,711,44,-0.5063769821079035,-0.5114402086279776
51,1572321600,105,16,0,121,44,-0.5063769821079035,-1.2454215130661612
51,1572336000,166,620,454,786,44,0.4866906199525206,-0.4181375004366831
51,1572350400,436,2086,1650,2522,44,3.10278941304562,1.7415091851644806
51,1572364800,972,775,0,1747,44,-0.5063769821079035,0.7773812005211039
51,1572379200,1660,776,0,2436,44,-0.5063769821079035,1.6345220797717963
51,1572393600,568,205,0,773,44,-0.5063769821079035,-0.43430996985650744
51,1572408000,106,21,0,127,44,-0.5063769821079035,-1.2379572964108576
51,1572422400,166,641,475,807,44,0.5326254649817472,-0.3920127421431206
51,1572436800,467,1887,1420,2354,44,2.5996934912969474,1.532511118815981
51,1572451200,966,705,0,1671,44,-0.5063769821079035,0.6828344562205922
51,1572465600,1659,673,0,2332,44,-0.5063769821079035,1.5051423244132012
51,1572480000,612,193,0,805,44,-0.5063769821079035,-0.39450081436155515
51,1572494400,112,22,0,134,44,-0.5063769821079035,-1.2292490436463368
51,1572508800,155,556,401,711,44,0.3707598205930438,-0.5114402086279776
51,1572510947,98,161,63,259,44,-0.36857244702022346,-1.0737445299941792
51,1572523200,459,1736,1277,2195,44,2.2868990703836416,1.3347093774504366
51,1572537600,870,764,0,1634,44,-0.5063769821079035,0.6368051201795536
51,1572552000,1531,552,0,2083,44,-0.5063769821079035,1.1953773332181035
51,1572566400,499,247,0,746,44,-0.5063769821079035,-0.4678989448053735
51,1572580800,136,51,0,187,44,-0.5063769821079035,-1.163315129857822
51,1572595200,154,574,420,728,44,0.4123199184766298,-0.4902915947712842
51,1572609600,436,1813,1377,2249,44,2.5056364276656735,1.4018873273481687
51,1572624000,936,811,0,1747,44,-0.5063769821079035,0.7773812005211039
51,1572638400,1592,628,0,2220,44,-0.5063769821079035,1.365810280180868
51,1572652800,583,212,0,795,44,-0.5063769821079035,-0.40694117545372777
51,1572667200,144,49,0,193,44,-0.5063769821079035,-1.1558509132025183
51,1572681600,89,137,48,226,44,-0.4013830506125282,-1.114797721598349
51,1572696000,268,567,299,835,44,0.14764771616537142,-0.3571797310850373
51,1572710400,634,690,56,1324,44,-0.3838840620299657,0.2511539263222029
51,1572724800,770,444,0,1214,44,-0.5063769821079035,0.11430995430830429
51,1572739200,391,196,0,587,44,-0.5063769821079035,-0.6657006861709178
51,1572750000,137,53,0,190,44,-0.5063769821079035,-1.1595830215301701
51,1572764400,40,48,8,88,44,-0.48887799352534095,-1.2864747046703306
51,1572778800,224,375,151,599,44,-0.17608357261203555,-0.6507722528603107
51,1572793200,765,1153,388,1918,44,0.34232396414637967,0.9901113751972554
51,1572807600,796,489,0,1285,44,-0.5063769821079035,0.20263651806272975
51,1572822000,338,141,0,479,44,-0.5063769821079035,-0.800056585966382
51,1572836400,135,36,0,171,44,-0.5063769821079035,-1.1832197076052982
51,1572850800,68,208,140,276,44,-0.20014468191305904,-1.0525959161374858
51,1572865200,405,1896,1491,2301,44,2.7549970149671896,1.4665772050274661
51,1572879600,705,773,68,1478,44,-0.3576355791561219,0.442735487141661
51,1572894000,1698,677,0,2375,44,-0.5063769821079035,1.5586358771095434
51,1572908400,704,250,0,954,44,-0.5063769821079035,-0.20913943408818336
51,1572922800,190,36,0,226,45,-0.46759271722925067,-1.1012328897114503
51,1572937200,58,220,162,278,45,-0.13570237213976377,-1.0372182871954192
51,1572951600,401,1961,1560,2362,45,2.7283883836324754,1.5282900136393691
51,1572966000,714,584,0,1298,45,-0.46759271722925067,0.2184527621575002
51,1572980400,1670,725,0,2395,45,-0.46759271722925067,1.5689146652360813
51,1572994800,731,247,0,978,45,-0.46759271722925067,-0.1754832533257686
51,1573009200,284,97,0,381,45,-0.46759271722925067,-0.910420132211742
51,1573023600,73,209,136,282,45,-0.18896872382079252,-1.0322940870018784
51,1573038000,411,1857,1446,2268,45,2.494835918569503,1.412571309091159
51,1573052400,801,728,0,1529,45,-0.46759271722925067,0.5028253233344849
51,1573066800,1710,746,0,2456,45,-0.46759271722925067,1.6440087181875793
51,1573081200,839,324,0,1163,45,-0.46759271722925067,0.05226100562549617
51,1573095600,240,49,0,289,45,-0.46759271722925067,-1.0236767366631818
51,1573110000,76,210,134,286,45,-0.19306613548856397,-1.0273698868083374
51,1573124400,413,1874,1461,2287,45,2.525566506077789,1.4359612600104779
51,1573138800,757,690,0,1447,45,-0.46759271722925067,0.40187921936689724
51,1573153200,1873,675,0,2548,45,-0.46759271722925067,1.7572653226390191
51,1573167600,787,263,0,1050,45,-0.46759271722925067,-0.08684764984203314
51,1573182000,252,53,0,305,45,-0.46759271722925067,-1.0039799358890185
51,1573196400,77,171,94,248,45,-0.27501436884399283,-1.0741497886469755
51,1573210800,420,1971,1551,2391,45,2.7099500311275038,1.5639904650425402
51,1573225200,836,645,0,1481,45,-0.46759271722925067,0.4437349210119946
51,1573239600,1608,687,0,2295,45,-0.46759271722925067,1.4458096603975596
51,1573254000,648,276,0,924,45,-0.46759271722925067,-0.24195995593857023
51,1573268400,248,112,0,360,45,-0.46759271722925067,-0.9362721832278316
51,1573282800,41,80,39,121,45,-0.3876931897077075,-1.2304931447918979
51,1573297200,193,537,344,730,45,0.2371620896274376,-0.480783665325302
51,1573311600,497,770,273,1267,45,0.09170397542155134,0.18029021065755854
51,1573326000,778,655,0,1433,45,-0.46759271722925067,0.3846445186895042
51,1573340400,453,286,0,739,45,-0.46759271722925067,-0.46970421488983505
51,1573354800,208,137,0,345,45,-0.46759271722925067,-0.9547379339536097
51,1573369200,39,52,13,91,45,-0.4409595413887363,-1.2674246462434544
51,1573383600,146,358,212,504,45,-0.03326708044547767,-0.7590009762603606
51,1573398000,390,669,279,1059,45,0.10399621042486568,-0.0757681994065662
51,1573412400,638,523,0,1161,45,-0.46759271722925067,0.049798905528725734
51,1573426800,346,229,0,575,45,-0.46759271722925067,-0.6715964228250103
51,1573441200,147,39,0,186,45,-0.46759271722925067,-1.150474891646859
51,1573455600,62,200,138,262,45,-0.18487131215302108,-1.0569150879695826
51,1573470000,349,1996,1647,2345,45,2.906625791180533,1.5073621628168203
51,1573484400,712,809,97,1521,45,-0.26886825134233566,0.49297692294740314
51,1573498800,1605,670,0,2275,45,-0.46759271722925067,1.4211886594298553
51,1573513200,669,253,0,922,45,-0.46759271722925067,-0.24442205603534067
51,1573527600,239,34,0,273,46,-0.4603142188769716,-1.0020389730334638
51,1573542000,76,240,164,316,46,-0.18325796702809125,-0.9522763152304474
51,1573556400,434,2302,1868,2736,46,2.695424064377349,1.8483197750788398
51,1573570800,753,843,90,1596,46,-0.3082711538379519,0.5290307077430599
51,1573585200,1616,710,0,2326,46,-0.4603142188769716,1.3738386192826384
51,1573599600,738,249,0,987,46,-0.4603142188769716,-0.17574739928105415
51,1573614000,217,44,0,261,46,-0.4603142188769716,-1.0159262263738404
51,1573628400,79,307,228,386,46,-0.07513845411145498,-0.8712673374115838
51,1573642800,396,2410,2014,2806,46,2.942071703218425,1.9293287528977037
51,1573657200,678,884,206,1562,46,-0.11230453667654869,0.4896834899453261
51,1573671600,1684,746,0,2430,46,-0.4603142188769716,1.494194814899236
51,1573686000,758,305,0,1063,46,-0.4603142188769716,-0.08779479479200214
51,1573700400,244,42,0,286,46,-0.4603142188769716,-0.9869944485813891
51,1573714800,93,208,115,301,46,-0.2660369691048909,-0.9696353819059182
51,1573729200,414,2328,1914,2742,46,2.7731349642861813,1.8552634017490282
51,1573743600,744,1082,338,1826,46,0.11069195871401356,0.795203063433612
51,1573758000,1735,771,0,2506,46,-0.4603142188769716,1.5821474193882878
51,1573772400,781,295,0,1076,46,-0.4603142188769716,-0.07275027033992747
51,1573786800,244,52,0,296,46,-0.4603142188769716,-0.9754217374644085
51,1573801200,81,194,113,275,46,-0.26941570388353575,-0.9997244308100676
51,1573815600,363,2222,1859,2585,46,2.680219757873447,1.673571837212434
51,1573830000,851,896,45,1747,46,-0.3842926863574618,0.7037786456094658
51,1573836875,231,237,6,468,46,-0.45017801454103695,-0.7763711062523434
51,1573836963,700,362,0,1062,46,-0.4603142188769716,-0.0889520659037002
51,1573844400,952,580,0,1532,46,-0.4603142188769716,0.45496535659438453
51,1573858800,734,276,0,1010,46,-0.4603142188769716,-0.14913016371199894
51,1573873200,293,126,0,419,46,-0.4603142188769716,-0.833077390725548
51,1573887600,55,55,0,110,46,-0.4603142188769716,-1.1906741642402463
51,1573902000,208,519,311,727,46,0.06507903920230765,-0.47663788832254783
51,1573916400,496,691,195,1187,46,-0.13088757795909556,0.05570682305855638
51,1573930800,807,549,0,1356,46,-0.4603142188769716,0.2512856409355273
51,1573945200,428,279,0,707,46,-0.4603142188769716,-0.4997833105565089
51,1573959600,192,86,0,278,46,-0.4603142188769716,-0.9962526174749734
51,1573974000,33,53,20,86,46,-0.4265268710905228,-1.2184486709209996
51,1573988400,120,281,161,401,46,-0.18832606919605854,-0.853908270736113
51,1574002800,399,639,240,1038,46,-0.05486604543958569,-0.11672657258445346
51,1574017200,644,432,0,1076,46,-0.4603142188769716,-0.07275027033992747
51,1574031600,295,174,0,469,46,-0.4603142188769716,-0.7752138351406453
51,1574046000,122,31,0,153,46,-0.4603142188769716,-1.14091150643723
51,1574060400,61,226,165,287,46,-0.18156859963876879,-0.985837177469691
51,1574074800,391,2261,1870,2652,46,2.698802799155994,1.7511090016962034
51,1574089200,663,730,67,1393,46,-0.34712660379236804,0.2941046720683552
51,1574103600,1671,675,0,2346,46,-0.4603142188769716,1.3969840415165993
51,1574118000,728,243,0,971,46,-0.4603142188769716,-0.19426373706822297
51,1574132400,222,38,0,260,47,-0.4529065219028179,-1.0462017662520589
51,1574146800,65,241,176,306,47,-0.15334630269150523,-0.9947858674832611
51,1574161200,434,2359,1925,2793,47,2.823533375720914,1.7850258768210876
51,1574175600,775,912,137,1687,47,-0.219726123994012,0.5488088325104283
51,1574190000,1749,775,0,2524,47,-0.4529065219028179,1.4843546427165963
51,1574204400,817,270,0,1087,47,-0.4529065219028179,-0.12183332534345558
51,1574218800,262,38,0,300,47,-0.4529065219028179,-1.0014922890617999
51,1574233200,65,257,192,322,47,-0.12611355549047681,-0.9769020766071576
51,1574247600,432,2237,1805,2669,47,2.619287771713201,1.646426497531285
51,1574262000,748,892,144,1640,47,-0.20781179709356207,0.4962751968118741
51,1574276400,1781,688,0,2469,47,-0.4529065219028179,1.4228791115799904
51,1574290800,799,250,0,1049,47,-0.4529065219028179,-0.16430732867420156
51,1574305200,242,50,0,292,47,-0.4529065219028179,-1.0104341844998517
51,1574319600,71,252,181,323,47,-0.14483606919118386,-0.9757843396774011
51,1574334000,434,2410,1976,2844,47,2.910337757424192,1.8420304602386677
51,1574348400,668,861,193,1529,47,-0.12441150879041254,0.37220639760890556
51,1574362800,1762,740,0,2502,47,-0.4529065219028179,1.459764430261954
51,1574377200,855,317,0,1172,47,-0.4529065219028179,-0.026825686314155356
51,1574391600,282,71,0,353,47,-0.4529065219028179,-0.9422522317847069
51,1574406000,76,233,157,309,47,-0.18568518999272648,-0.9914326566939917
51,1574420400,407,2154,1747,2561,47,2.520569063109473,1.5257109091175858
51,1574434800,867,829,0,1696,47,-0.4529065219028179,0.5588684648782366
51,1574449200,1665,670,0,2335,47,-0.4529065219028179,1.2731023629926228
51,1574463600,783,277,0,1060,47,-0.4529065219028179,-0.15201222244688034
51,1574478000,277,109,0,386,47,-0.4529065219028179,-0.9053669131027432
51,1574492400,82,74,0,156,47,-0.4529065219028179,-1.162446406946732
51,1574506800,219,572,353,791,47,0.14791596321987166,-0.4526834565513716
51,1574521200,602,656,54,1258,47,-0.36099600009934696,0.06929968964490134
51,1574535600,812,560,0,1372,47,-0.4529065219028179,0.19672169963713926
51,1574550000,503,285,0,788,47,-0.4529065219028179,-0.456036667340641
51,1574564400,239,99,0,338,47,-0.4529065219028179,-0.959018285731054
51,1574578800,58,53,0,111,47,-0.4529065219028179,-1.2127445687857734
51,1574593200,145,270,125,415,47,-0.24015068439478332,-0.8729525421398056
51,1574607600,375,463,88,838,47,-0.30312641229716153,-0.40014982085281736
51,1574622000,605,409,0,1014,47,-0.4529065219028179,-0.2034281212156781
51,1574636400,381,207,0,588,47,-0.4529065219028179,-0.6795840532919357
51,1574650800,135,33,0,168,47,-0.4529065219028179,-1.1490335637896545
51,1574665200,86,226,140,312,47,-0.21461998389381917,-0.9880794459047223
51,1574679600,419,2202,1783,2621,47,2.581842744311787,1.5927751249029742
51,1574694000,744,737,0,1481,47,-0.4529065219028179,0.31855502498059485
51,1574708400,1763,712,0,2475,47,-0.4529065219028179,1.4295855331585292
51,1574722800,804,234,0,1038,47,-0.4529065219028179,-0.17660243490152275
51,1574737200,220,28,0,248,48,-0.40065906886181646,-0.861027672342313
51,1574751600,86,229,143,315,48,-0.07124656132121826,-0.7714188898440228
51,1574766000,445,2194,1749,2639,48,3.628309292596269,2.3368021627832376
51,1574780400,798,949,151,1747,48,-0.05281788957069528,1.1438016554925678
51,1574794800,1660,696,0,2356,48,-0.40065906886181646,1.958305365066579
51,1574809200,841,256,0,1097,48,-0.40065906886181646,0.27446272080766276
51,1574823600,264,56,0,320,48,-0.40065906886181646,-0.7647316672695236
51,1574838000,76,206,130,282,48,-0.1011931529158181,-0.815554558835718
51,1574852400,410,1906,1496,2316,48,3.04550254848598,1.9048075844705847
51,1574866800,975,686,0,1661,48,-0.40065906886181646,1.0287814272111804
51,1574881200,1524,566,0,2090,48,-0.40065906886181646,1.6025451241032178
51,1574895600,568,246,0,814,48,-0.40065906886181646,-0.10403407690899584
51,1574910000,196,48,0,244,48,-0.40065906886181646,-0.8663774504019125
51,1574924400,34,34,0,68,48,-0.40065906886181646,-1.1017676850242868
51,1574938800,124,350,226,474,48,0.11995090809045761,-0.5587652119749461
51,1574953200,324,320,0,644,48,-0.40065906886181646,-0.33139964444197095
51,1574967600,289,250,0,539,48,-0.40065906886181646,-0.4718313185064556
51,1574982000,207,129,0,336,48,-0.40065906886181646,-0.7433325550311259
51,1574996400,92,47,0,139,48,-0.40065906886181646,-1.006809124466397
51,1575010800,35,131,96,166,48,-0.17951500785554073,-0.970698122564101
51,1575025200,207,872,665,1079,48,1.1312242704004059,0.2503887195394654
51,1575039600,577,689,112,1266,48,-0.14265766435449478,0.500490843825738
51,1575054000,1001,521,0,1522,48,-0.40065906886181646,0.8428766396401006
51,1575068400,535,195,0,730,48,-0.40065906886181646,-0.21637941616058354
51,1575082800,179,70,0,249,48,-0.40065906886181646,-0.8596902278274132
51,1575097200,41,51,10,92,48,-0.3776232291736627,-1.0696690166666902
51,1575111600,158,340,182,498,48,0.018593213462581245,-0.5266665436173497
51,1575126000,441,600,159,1041,48,-0.03438921782017231,0.19956582797327097
51,1575140400,731,507,0,1238,48,-0.40065906886181646,0.4630423974085422
51,1575154800,483,284,0,767,48,-0.40065906886181646,-0.16689396910928897
51,1575169200,230,74,0,304,48,-0.40065906886181646,-0.7861307795079212
51,1575183600,42,49,7,91,48,-0.38453398108010883,-1.0710064611815902
51,1575198000,138,228,90,366,48,-0.19333651166843296,-0.7032092195841303
51,1575212400,309,437,128,746,48,-0.10580032085344884,-0.19498030392218588
51,1575226800,481,380,0,861,48,-0.40065906886181646,-0.0411741847087027
51,1575241200,294,187,0,481,48,-0.40065906886181646,-0.5494031003706471
51,1575255600,130,28,0,158,48,-0.40065906886181646,-0.9813976786832999
51,1575270000,69,241,172,310,48,-0.004442626225572475,-0.7781061124185221
51,1575284400,414,2203,1789,2617,48,3.720452651348884,2.3073783834554407
51,1575298800,738,708,0,1446,48,-0.40065906886181646,0.7412308565077117
51,1575313200,1554,586,0,2140,48,-0.40065906886181646,1.6694173498482103
51,1575327600,744,214,0,958,48,-0.40065906886181646,0.0885579332365831
51,1575342000,223,23,0,246,49,-0.44685719411027996,-1.0246396967985008
51,1575356400,77,252,175,329,49,-0.15335973529210273,-0.9357560695016616
51,1575370800,422,2468,2046,2890,49,2.984547381558238,1.8067857317899623
51,1575385200,788,797,9,1585,49,-0.43176303908534513,0.4092780977854448
51,1575399600,1640,719,0,2359,49,-0.44685719411027996,1.2381446945053656
51,1575414000,798,266,0,1064,49,-0.44685719411027996,-0.1486540687404966
51,1575428400,225,40,0,265,49,-0.44685719411027996,-1.0042928423570556
51,1575442800,85,254,169,339,49,-0.16342250530872596,-0.9250471987430063
51,1575457200,417,2326,1909,2743,49,2.7547807995120075,1.6493653316377292
51,1575471600,795,972,177,1767,49,-0.150005478619895,0.6041795455929714
51,1575486000,1700,809,0,2509,49,-0.44685719411027996,1.398777755885195
51,1575500400,889,330,0,1219,49,-0.44685719411027996,0.017333428018660637
51,1575514800,212,56,0,268,49,-0.44685719411027996,-1.001080181129459
51,1575529200,80,228,148,308,49,-0.19864220036690722,-0.9582446980948378
51,1575543600,461,2414,1953,2875,49,2.828574446300578,1.7907224256519794
51,1575558000,1007,809,0,1816,49,-0.44685719411027996,0.6566530123103824
51,1575572400,2179,740,0,2919,49,-0.44685719411027996,1.8378414569900627
51,1575586800,1142,297,0,1439,49,-0.44685719411027996,0.25292858470907736
51,1575601200,330,61,0,391,49,-0.44685719411027996,-0.8693610707979987
51,1575615600,84,254,170,338,49,-0.1617453769726221,-0.9261180858188719
51,1575630000,481,2332,1851,2813,49,2.657507356017983,1.7243274269483164
51,1575644400,805,859,54,1664,49,-0.356292263960671,0.4938781767788218
51,1575658800,1648,727,0,2375,49,-0.44685719411027996,1.255278887719214
51,1575673200,741,302,0,1043,49,-0.44685719411027996,-0.17114269733367277
51,1575687600,287,96,0,383,49,-0.44685719411027996,-0.877928167404923
51,1575702000,40,75,35,115,49,-0.38815770234664454,-1.164925903736885
51,1575716400,197,537,340,734,49,0.12336644016503581,-0.5020468037761218
51,1575730800,524,755,231,1279,49,-0.05944054847028602,0.08158665257059247
51,1575745200,813,668,0,1481,49,-0.44685719411027996,0.2979058418954297
51,1575759600,507,265,0,772,49,-0.44685719411027996,-0.46135309489323156
51,1575774000,219,98,0,317,49,-0.44685719411027996,-0.948606714412048
51,1575788400,32,35,3,67,49,-0.4418258091019684,-1.2163284833784307
51,1575802800,147,269,122,416,49,-0.24224753710560784,-0.8425888939013605
51,1575817200,372,483,111,855,49,-0.26069594880275043,-0.3724694675963925
51,1575831600,636,458,0,1094,49,-0.44685719411027996,-0.1165274564645307
51,1575846000,361,219,0,580,49,-0.44685719411027996,-0.6669634134594135
51,1575860400,165,38,0,203,49,-0.44685719411027996,-1.0706878410607186
51,1575874800,68,232,164,300,49,-0.17180814698924532,-0.966811794701762
51,1575876600,45,91,46,136,49,-0.369709290649502,-1.142437275143709
51,1575889200,410,2112,1702,2522,49,2.4076152339385066,1.412699287871447
51,1575903600,686,728,42,1414,49,-0.37641780399391744,0.22615640781243912
51,1575918000,1696,791,0,2487,49,-0.44685719411027996,1.3752182402161535
51,1575932400,760,242,0,1002,49,-0.44685719411027996,-0.2150490674441595
51,1575946800,247,32,0,279,50,-0.4713584184585574,-1.0049053345786632
51,1575961200,61,199,138,260,50,-0.24382503015291915,-1.0255047452235238
51,1575975600,418,2283,1865,2701,50,2.603639909005322,1.6209774328872348
51,1575990000,817,855,38,1672,50,-0.4087042970410628,0.5053567195418966
51,1576004400,1677,828,0,2505,50,-0.4713584184585574,1.4084782493928847
51,1576018800,757,285,0,1042,50,-0.4713584184585574,-0.17767637026137162
51,1576033200,216,41,0,257,50,-0.4713584184585574,-1.0287572837463963
51,1576047600,55,216,161,271,50,-0.20590279876864612,-1.013578770639657
51,1576062000,426,2421,1995,2847,50,2.8179829559599088,1.7792676410003732
51,1576076400,742,895,153,1637,50,-0.2190931401196976,0.4674104367750484
51,1576090800,1620,763,0,2383,50,-0.4713584184585574,1.276208349462728
51,1576105200,824,312,0,1136,50,-0.4713584184585574,-0.0757634965446935
51,1576119600,241,45,0,286,50,-0.4713584184585574,-0.9973160780252935
51,1576134000,57,246,189,303,50,-0.1597366040399659,-0.9788850263956815
51,1576148400,411,2466,2055,2877,50,2.916910516092795,1.8117930262291002
51,1576162800,739,980,241,1719,50,-0.07399938525813118,0.5563131564002357
51,1576177200,1825,861,0,2686,50,-0.4713584184585574,1.6047147402728714
51,1576191600,826,326,0,1152,50,-0.4713584184585574,-0.05841662442270573
51,1576206000,214,65,0,279,50,-0.4713584184585574,-1.0049053345786632
51,1576220400,66,237,171,303,50,-0.18941487207983174,-0.9788850263956815
51,1576234800,361,2249,1888,2610,50,2.641562140389595,1.5223170976934295
51,1576249200,725,897,172,1622,50,-0.1877660794109503,0.45114774416068487
51,1576263600,1653,933,0,2586,50,-0.4713584184585574,1.4962967895104478
51,1576278000,696,294,0,990,50,-0.4713584184585574,-0.23405370465783187
51,1576292400,238,87,0,325,50,-0.4713584184585574,-0.9550330772279484
51,1576306800,44,58,14,102,50,-0.4482753210942173,-1.196805107428153
51,1576321200,196,488,292,684,50,0.01008904085482208,-0.5658126339908479
51,1576335600,597,740,143,1337,50,-0.23558106680851196,0.14215658448777782
51,1576350000,757,579,0,1336,50,-0.4713584184585574,0.14107240498015358
51,1576364400,450,298,0,748,50,-0.4713584184585574,-0.4964251455028968
51,1576378800,230,115,0,345,50,-0.4713584184585574,-0.9333494870754637
51,1576393200,38,44,6,82,50,-0.46146566244526876,-1.2184886975806375
51,1576407600,128,338,210,466,50,-0.12511195799345573,-0.8021637666529312
51,1576422000,420,589,169,1009,50,-0.19271245741759463,-0.2134542940129714
51,1576436400,668,521,0,1189,50,-0.4713584184585574,-0.018301982640609022
51,1576450800,353,192,0,545,50,-0.4713584184585574,-0.7165135855506166
51,1576465200,143,40,0,183,50,-0.4713584184585574,-1.1089865673105899
51,1576479600,67,244,177,311,50,-0.1795221160665431,-0.9702115903346876
51,1576494000,435,2219,1784,2654,50,2.470087702825926,1.5700209960288958
51,1576508400,677,823,146,1500,50,-0.23063468880186766,0.3188778442305282
51,1576522800,1699,722,0,2421,50,-0.4713584184585574,1.3174071707524488
51,1576537200,749,258,0,1007,50,-0.4713584184585574,-0.21562265302821987
51,1576551600,222,34,0,256,51,-0.46916899502610365,-1.014431906311983
51,1576566000,78,258,180,336,51,-0.14096342434068274,-0.9215777272445248
51,1576580400,405,2414,2009,2819,51,3.1939698466795106,1.9603838555617157
51,1576594800,714,858,144,1572,51,-0.2066045384777669,0.5130193393477077
51,1576609200,1586,722,0,2308,51,-0.46916899502610365,1.3672777867683252
51,1576623600,757,276,0,1033,51,-0.46916899502610365,-0.11258569211929333
51,1576638000,218,42,0,260,51,-0.46916899502610365,-1.0097891973586102
51,1576652400,70,248,178,318,51,-0.14461015290385407,-0.9424699175347029
51,1576666800,392,2273,1881,2665,51,2.9605792186365445,1.7816395608568583
51,1576681200,769,988,219,1757,51,-0.06985221735884153,0.7277446284412054
51,1576695600,1656,853,0,2509,51,-0.46916899502610365,1.6005739116753144
51,1576710000,817,295,0,1112,51,-0.46916899502610365,-0.020892190290178143
51,1576724400,216,48,0,264,51,-0.46916899502610365,-1.0051464884052372
51,1576738800,64,225,161,289,51,-0.1756073456908105,-0.9761295574466565
51,1576753200,374,2181,1807,2555,51,2.825650261799205,1.653965064639103
51,1576767600,764,935,171,1699,51,-0.15737370287495378,0.660425348617298
51,1576782000,1656,755,0,2411,51,-0.46916899502610365,1.4868275423176778
51,1576796400,789,280,0,1069,51,-0.46916899502610365,-0.07080131153893704
51,1576810800,213,44,0,257,51,-0.46916899502610365,-1.0132712290736399
51,1576825200,60,216,156,276,51,-0.18472416709873885,-0.9912183615451186
51,1576839600,419,2109,1690,2528,51,2.6123166408536815,1.6226267792038358
51,1576854000,821,964,143,1785,51,-0.20842790275935258,0.7602435911148158
51,1576868400,1564,705,0,2269,51,-0.46916899502610365,1.3220113744729391
51,1576882800,636,297,0,933,51,-0.46916899502610365,-0.22865341595361635
51,1576897200,226,64,0,290,51,-0.46916899502610365,-0.9749688802083133
51,1576911600,42,69,27,111,51,-0.4199381594232905,-1.1827301058717516
51,1576926000,204,433,229,637,51,-0.051618574542984824,-0.5722138785032125
51,1576940400,449,615,166,1064,51,-0.16649052428288214,-0.07660469773065319
51,1576954800,734,517,0,1251,51,-0.46916899502610365,0.14044194583953085
51,1576969200,470,190,0,660,51,-0.46916899502610365,-0.5455183020213181
51,1576983600,188,54,0,242,51,-0.46916899502610365,-1.0306813876487884
51,1576998000,34,37,3,71,51,-0.46369890218134663,-1.2291571954054807
51,1577012400,113,262,149,375,51,-0.19748771706983856,-0.8763113149491388
51,1577026800,352,573,221,925,51,-0.06620548879567019,-0.2379388338603622
51,1577041200,663,432,0,1095,51,-0.46916899502610365,-0.040623703342013054
51,1577055600,423,182,0,605,51,-0.46916899502610365,-0.6093555501301958
51,1577070000,152,30,0,182,51,-0.46916899502610365,-1.1003220219493821
51,1577084400,56,181,125,237,51,-0.24124845982789467,-1.0364847738405045
51,1577098800,319,1467,1148,1786,51,1.6240532002342474,0.761404268353159
51,1577113200,762,751,0,1513,51,-0.46916899502610365,0.44453938228545714
51,1577127600,1532,714,0,2246,51,-0.46916899502610365,1.2953157979910448
51,1577142000,676,214,0,890,51,-0.46916899502610365,-0.2785625372023752
51,1577156400,211,37,0,248,52,-0.4414498107538641,-0.8523686959207718
51,1577170800,61,154,93,215,52,-0.17001290232338898,-0.8995966242242034
51,1577185200,293,1030,737,1323,52,1.7096147216467827,0.6861168472970756
51,1577199600,793,535,0,1328,52,-0.4414498107538641,0.6932725940097167
51,1577214000,1049,387,0,1436,52,-0.4414498107538641,0.8478367230027656
51,1577228400,376,109,0,485,52,-0.4414498107538641,-0.5131863017415812
51,1577242800,117,28,0,145,52,-0.4414498107538641,-0.9997770782011794
51,1577257200,21,23,2,44,52,-0.43561245788439146,-1.1443231617965308
51,1577271600,64,143,79,207,52,-0.21087437240969706,-0.9110458189644293
51,1577286000,152,305,153,457,52,0.0051076837607885095,-0.5532584833323717
51,1577300400,264,276,12,540,52,-0.40642569353702857,-0.4344730879025286
51,1577314800,189,128,0,317,52,-0.4414498107538641,-0.7536193912863239
51,1577329200,82,20,0,102,52,-0.4414498107538641,-1.0613164999298934
51,1577343600,38,170,132,208,52,-0.05618452136867361,-0.909614669621901
51,1577358000,219,1161,942,1380,52,2.3079433907677225,0.7676923598211848
51,1577372400,582,572,0,1154,52,-0.4414498107538641,0.44425260840980474
51,1577386800,1147,590,0,1737,52,-0.4414498107538641,1.278612675103763
51,1577401200,616,263,0,879,52,-0.4414498107538641,0.05068653921454143
51,1577415600,238,46,0,284,52,-0.4414498107538641,-0.8008473195897555
51,1577430000,68,174,106,242,52,-0.13207010867181718,-0.8609555919759412
51,1577444400,352,1719,1367,2071,52,3.548380875530646,1.7566165555081916
51,1577458800,918,925,7,1843,52,-0.42101907571071,1.4303145054117552
51,1577473200,1645,797,0,2442,52,-0.4414498107538641,2.287572961586165
51,1577487600,902,257,0,1159,52,-0.4414498107538641,0.45140835512244587
